name,realm,rating,cls,spec,play,win,lose
Phearbunny,bleeding-hollow,1595,deathknight,blood,129,68,61
Kayn,malganis,1434,deathknight,blood,47,20,27
Pagumon,moon-guard,1421,deathknight,blood,126,65,61
Warlôck,chogall,1399,deathknight,blood,36,19,17
Réndwarchièf,garrosh,1227,deathknight,blood,51,23,28
Nbayoungboy,kiljaeden,1099,deathknight,blood,51,21,30
Corndead,area-52,1045,deathknight,blood,30,11,19
Insonne,dalaran,1003,deathknight,blood,36,18,18
Tragül,sargeras,987,deathknight,blood,48,21,27
Bloodbukkaky,bleeding-hollow,946,deathknight,blood,61,16,45
Tiumau,goldrinn,912,deathknight,blood,80,35,45
Cerbeefquake,wyrmrest-accord,888,deathknight,blood,36,10,26
Where,chogall,863,deathknight,blood,18,9,9
Valind,eredar,854,deathknight,blood,18,9,9
Kult,azralon,841,deathknight,blood,12,9,3
Yafa,bonechewer,779,deathknight,blood,42,16,26
Jakeboyswag,shandris,767,deathknight,blood,24,8,16
He,echo-isles,668,deathknight,blood,12,7,5
Graventhel,tichondrius,667,deathknight,blood,24,7,17
Eremeir,moon-guard,576,deathknight,blood,12,6,6
Blasphemus,malganis,575,deathknight,blood,12,6,6
Kaîne,dalaran,480,deathknight,blood,12,5,7
Belfknightt,area-52,479,deathknight,blood,15,5,10
Humber,area-52,384,deathknight,blood,6,4,2
Lildeathdude,anvilmar,384,deathknight,blood,6,4,2
Tristam,area-52,384,deathknight,blood,6,4,2
Gerrog,zuljin,384,deathknight,blood,12,4,8
Pride,ragnaros,384,deathknight,blood,12,4,8
Cleofas,tichondrius,382,deathknight,blood,6,4,2
Mïïkes,area-52,288,deathknight,blood,6,3,3
ßläzë,baelgun,288,deathknight,blood,15,4,11
Kimbøslîce,area-52,288,deathknight,blood,12,3,9
Kaloesh,drenden,288,deathknight,blood,12,3,9
Aborblood,hyjal,286,deathknight,blood,12,3,9
Neroxzdvm,area-52,192,deathknight,blood,6,2,4
Igiveherp,zuljin,192,deathknight,blood,6,2,4
Baracka,sargeras,192,deathknight,blood,6,2,4
Sharnathos,stormrage,192,deathknight,blood,6,2,4
Theronranger,kelthuzad,192,deathknight,blood,6,2,4
Sorvett,azralon,192,deathknight,blood,12,2,10
Eteson,tichondrius,191,deathknight,blood,6,2,4
Unhølydøøm,misha,191,deathknight,blood,12,2,10
Cosmiclord,sargeras,191,deathknight,blood,18,2,16
Gnargnarr,firetree,96,deathknight,blood,6,1,5
Wowattorney,tichondrius,96,deathknight,blood,6,1,5
Killteam,tichondrius,96,deathknight,blood,6,1,5
Boneherr,sargeras,96,deathknight,blood,6,1,5
Ðrift,azralon,96,deathknight,blood,6,1,5
Determinate,deathwing,96,deathknight,blood,6,1,5
Kanghouly,moon-guard,96,deathknight,blood,6,1,5
Lunatick,darkspear,96,deathknight,blood,6,1,5
Plagueghoul,wyrmrest-accord,96,deathknight,blood,6,1,5
Cozzasad,barthilas,96,deathknight,blood,6,1,5
Zerhistran,proudmoore,64,deathknight,blood,4,1,3
Hulmorr,bleeding-hollow,64,deathknight,blood,4,1,3
Partywaffles,illidan,2179,deathknight,unholy,288,149,139
Pwaff,illidan,2167,deathknight,unholy,119,61,58
Graphics,moon-guard,2143,deathknight,unholy,592,299,293
Veilsidé,kelthuzad,2122,deathknight,unholy,456,235,221
Thorediks,stormrage,2106,deathknight,unholy,144,72,72
Neroxz,area-52,2105,deathknight,unholy,83,43,40
Hsivonarap,zuljin,2104,deathknight,unholy,163,87,76
Níngjìng,tichondrius,2074,deathknight,unholy,84,43,41
Toxicwaste,malganis,2052,deathknight,unholy,118,61,57
Pookr,area-52,2048,deathknight,unholy,257,127,130
Búddy,zuljin,2022,deathknight,unholy,100,49,51
Ningjinglol,tichondrius,2015,deathknight,unholy,119,65,54
Flarkness,area-52,2010,deathknight,unholy,78,37,41
Juelzjerk,tichondrius,1987,deathknight,unholy,265,139,126
Dahnga,frostmourne,1986,deathknight,unholy,78,49,29
Andeadx,tichondrius,1984,deathknight,unholy,60,30,30
Achílles,sargeras,1979,deathknight,unholy,175,85,90
Serwestley,stormrage,1976,deathknight,unholy,173,89,84
Scriptløl,sargeras,1975,deathknight,unholy,138,66,72
Skideroth,kelthuzad,1967,deathknight,unholy,96,48,48
Harókz,azralon,1965,deathknight,unholy,149,79,70
Flizzycash,malganis,1962,deathknight,unholy,74,37,37
Darkcata,tichondrius,1962,deathknight,unholy,66,28,38
Vuittons,area-52,1951,deathknight,unholy,345,172,173
Gutterboy,malganis,1948,deathknight,unholy,99,44,55
Ravindrannor,saurfang,1934,deathknight,unholy,83,40,43
Nixonxx,tichondrius,1933,deathknight,unholy,126,78,48
Supblood,tichondrius,1933,deathknight,unholy,78,41,37
Attack,grizzly-hills,1932,deathknight,unholy,78,37,41
Veilsidé,illidan,1930,deathknight,unholy,71,38,33
Renaming,area-52,1928,deathknight,unholy,105,52,53
Hrsb,tichondrius,1927,deathknight,unholy,142,81,61
Ceomdae,tichondrius,1927,deathknight,unholy,72,34,38
Ilceses,area-52,1925,deathknight,unholy,78,37,41
Roidboy,illidan,1921,deathknight,unholy,181,89,92
Darkdj,kelthuzad,1917,deathknight,unholy,223,109,114
Lagérthâ,ragnaros,1916,deathknight,unholy,78,40,38
Mårlbørø,tichondrius,1915,deathknight,unholy,41,21,20
Geomdae,tichondrius,1915,deathknight,unholy,77,34,43
Éternalnight,tichondrius,1913,deathknight,unholy,76,32,44
Zynyzter,malganis,1912,deathknight,unholy,72,41,31
Barakhenaku,illidan,1911,deathknight,unholy,63,33,30
Killinois,tichondrius,1910,deathknight,unholy,47,21,26
Pradas,area-52,1906,deathknight,unholy,315,159,156
Wowattorney,tichondrius,1905,deathknight,unholy,100,45,55
Bbidd,tichondrius,1898,deathknight,unholy,66,40,26
Barelyviable,tichondrius,1898,deathknight,unholy,72,32,40
Evilduck,ragnaros,1894,deathknight,unholy,96,55,41
Skippee,tichondrius,1890,deathknight,unholy,69,36,33
Cardii,area-52,1890,deathknight,unholy,165,84,81
Sadboy,grizzly-hills,1890,deathknight,unholy,71,32,39
Plagueflavor,tichondrius,1889,deathknight,unholy,408,206,202
Steamerboy,stormrage,1887,deathknight,unholy,60,28,32
Keetor,tichondrius,1883,deathknight,unholy,54,35,19
Malhandir,bleeding-hollow,1880,deathknight,unholy,41,23,18
Spaidzz,malganis,1880,deathknight,unholy,279,138,141
Xebane,frostmourne,1877,deathknight,unholy,530,275,255
Pettyk,tichondrius,1877,deathknight,unholy,65,30,35
Dkya,tichondrius,1872,deathknight,unholy,424,213,211
Bukum,zuljin,1870,deathknight,unholy,137,60,77
Catarïa,tichondrius,1869,deathknight,unholy,90,44,46
Iato,sargeras,1868,deathknight,unholy,60,39,21
Bloodbruh,blackrock,1863,deathknight,unholy,90,49,41
Goonaa,tichondrius,1861,deathknight,unholy,66,33,33
Volyant,frostmourne,1861,deathknight,unholy,66,33,33
Cavaliers,ragnaros,1860,deathknight,unholy,72,35,37
Lattè,area-52,1859,deathknight,unholy,55,30,25
Chimps,illidan,1858,deathknight,unholy,58,32,26
Starshopping,proudmoore,1854,deathknight,unholy,117,59,58
Claudio,tichondrius,1853,deathknight,unholy,93,37,56
Brutos,thrall,1851,deathknight,unholy,104,56,48
Divinium,bleeding-hollow,1851,deathknight,unholy,66,31,35
Tduggylolz,tichondrius,1851,deathknight,unholy,60,26,34
Morbiddesire,stormrage,1849,deathknight,unholy,87,49,38
Thotiannaqt,area-52,1847,deathknight,unholy,124,61,63
Cloüd,wyrmrest-accord,1847,deathknight,unholy,86,39,47
Deuter,quelthalas,1845,deathknight,unholy,315,168,147
Keomdae,tichondrius,1844,deathknight,unholy,65,32,33
Tokyotimxx,malganis,1842,deathknight,unholy,48,30,18
Bicepsüal,zuljin,1840,deathknight,unholy,36,28,8
Nevermore,hyjal,1840,deathknight,unholy,125,67,58
Ddibb,tichondrius,1840,deathknight,unholy,81,41,40
Bruceleedk,tichondrius,1839,deathknight,unholy,100,51,49
Warrcc,steamwheedle-cartel,1839,deathknight,unholy,54,26,28
Alistra,frostmourne,1839,deathknight,unholy,80,38,42
Siêgfriëd,ragnaros,1839,deathknight,unholy,72,33,39
Blackfyré,sargeras,1837,deathknight,unholy,62,32,30
Aidsbenedict,malganis,1837,deathknight,unholy,126,59,67
Aerd,sargeras,1835,deathknight,unholy,481,242,239
Vigarst,azralon,1835,deathknight,unholy,60,30,30
Haldevarik,doomhammer,1834,deathknight,unholy,78,43,35
Vaizard,malganis,1832,deathknight,unholy,42,26,16
Dazarune,burning-blade,1832,deathknight,unholy,46,25,21
Aurious,lightnings-blade,1830,deathknight,unholy,84,47,37
Kortingert,nagrand,1830,deathknight,unholy,59,33,26
Nürgle,black-dragonflight,1829,deathknight,unholy,328,166,162
Anatøly,ragnaros,1827,deathknight,unholy,42,21,21
Dominos,tichondrius,1826,deathknight,unholy,66,33,33
Sagadk,hyjal,1825,deathknight,unholy,160,79,81
Orphanmakerx,area-52,1822,deathknight,unholy,134,65,69
Áethros,malganis,1821,deathknight,unholy,108,52,56
Goldênboy,blades-edge,1820,deathknight,unholy,66,42,24
Kilohotel,stormrage,1820,deathknight,unholy,48,26,22
Einherjiar,tichondrius,1820,deathknight,unholy,48,25,23
Lolcàtxo,tichondrius,1820,deathknight,unholy,53,24,29
Kciktep,tichondrius,1819,deathknight,unholy,36,19,17
Datnai,barthilas,1819,deathknight,unholy,54,25,29
Standalizer,gilneas,1818,deathknight,unholy,90,52,38
Altareon,ragnaros,1818,deathknight,unholy,174,91,83
Poesoul,tichondrius,1818,deathknight,unholy,332,167,165
Infectik,tichondrius,1817,deathknight,unholy,71,41,30
Carryme,quelthalas,1817,deathknight,unholy,169,86,83
Sussybakadk,sargeras,1817,deathknight,unholy,70,34,36
Dkcane,kelthuzad,1816,deathknight,unholy,80,44,36
Õdin,area-52,1815,deathknight,unholy,203,103,100
Muspel,sargeras,1811,deathknight,unholy,65,32,33
Fatzilla,tichondrius,1811,deathknight,unholy,66,26,40
Exaar,tichondrius,1809,deathknight,unholy,93,43,50
Dreadfang,the-venture-co,1808,deathknight,unholy,30,19,11
Floreon,tichondrius,1808,deathknight,unholy,65,34,31
Dreadrend,sargeras,1807,deathknight,unholy,96,52,44
Brocigar,tichondrius,1806,deathknight,unholy,94,48,46
Necrôtic,area-52,1806,deathknight,unholy,76,35,41
Darkathås,tichondrius,1805,deathknight,unholy,48,25,23
Twindleroot,aggramar,1804,deathknight,unholy,77,45,32
Mûs,tichondrius,1804,deathknight,unholy,66,36,30
Asukka,tichondrius,1804,deathknight,unholy,78,32,46
Lighostx,tichondrius,1803,deathknight,unholy,229,111,118
Kaeligh,ragnaros,1803,deathknight,unholy,66,29,37
Didri,quelthalas,1803,deathknight,unholy,90,39,51
Ziskon,illidan,1802,deathknight,unholy,100,53,47
Dtcfasd,tichondrius,1801,deathknight,unholy,32,20,12
Drauguss,azralon,1801,deathknight,unholy,160,78,82
Brß,tichondrius,1800,deathknight,unholy,84,46,38
Azre,tichondrius,1800,deathknight,unholy,160,74,86
Xiaodabaolol,tichondrius,1800,deathknight,unholy,96,44,52
Avengering,tichondrius,1794,deathknight,unholy,75,40,35
Milleh,bleeding-hollow,1793,deathknight,unholy,102,45,57
Muspellheim,azralon,1791,deathknight,unholy,54,29,25
Arthez,frostmourne,1791,deathknight,unholy,91,46,45
Demonboyjr,tichondrius,1790,deathknight,unholy,135,63,72
Stankybreath,bleeding-hollow,1786,deathknight,unholy,82,40,42
Sinell,kargath,1781,deathknight,unholy,276,144,132
Zìlêán,tichondrius,1779,deathknight,unholy,118,60,58
Chillbaynê,the-scryers,1777,deathknight,unholy,131,67,64
Hhasaki,area-52,1776,deathknight,unholy,228,121,107
Annoyed,wyrmrest-accord,1776,deathknight,unholy,160,82,78
Slîckhuman,spinebreaker,1776,deathknight,unholy,114,52,62
Grimiz,tichondrius,1774,deathknight,unholy,145,71,74
Longlnus,malganis,1769,deathknight,unholy,85,37,48
Zerochillz,sargeras,1767,deathknight,unholy,41,24,17
Apøçálýpsé,firetree,1765,deathknight,unholy,97,50,47
Zìlêáns,tichondrius,1761,deathknight,unholy,96,57,39
Bloodgorged,frostmane,1761,deathknight,unholy,108,49,59
Skppee,tichondrius,1759,deathknight,unholy,44,23,21
Infection,steamwheedle-cartel,1759,deathknight,unholy,48,24,24
Ålastor,stormrage,1754,deathknight,unholy,63,35,28
Soulhand,tichondrius,1754,deathknight,unholy,110,57,53
Nabbiby,tichondrius,1753,deathknight,unholy,90,41,49
Cesaroo,aegwynn,1751,deathknight,unholy,136,67,69
Wolfsnight,frostmourne,1751,deathknight,unholy,72,27,45
Linyive,malganis,1750,deathknight,unholy,54,30,24
Boofcigars,stormrage,1749,deathknight,unholy,94,55,39
Billieeilish,sargeras,1749,deathknight,unholy,140,76,64
Anhedonía,illidan,1747,deathknight,unholy,180,93,87
Goonà,tichondrius,1744,deathknight,unholy,81,35,46
Jakeboyswag,shandris,1742,deathknight,unholy,161,79,82
Xibbas,illidan,1741,deathknight,unholy,48,27,21
Dill,madoran,1740,deathknight,unholy,60,24,36
Frozenkappa,hyjal,1737,deathknight,unholy,35,21,14
Jacklinn,ysondre,1737,deathknight,unholy,108,64,44
Nh,malganis,1737,deathknight,unholy,54,28,26
Greenduck,malganis,1736,deathknight,unholy,42,21,21
Hanung,tichondrius,1736,deathknight,unholy,47,21,26
Teksurugi,korgath,1734,deathknight,unholy,60,32,28
Howdoulose,illidan,1732,deathknight,unholy,54,25,29
Zerøimperial,quelthalas,1723,deathknight,unholy,245,125,120
Earthican,bleeding-hollow,1719,deathknight,unholy,62,34,28
Arroyo,borean-tundra,1719,deathknight,unholy,132,68,64
Zerhistran,proudmoore,1718,deathknight,unholy,266,138,128
Richiex,tichondrius,1718,deathknight,unholy,54,22,32
Vleryan,ragnaros,1717,deathknight,unholy,56,28,28
Deadsamurai,illidan,1716,deathknight,unholy,111,56,55
Noik,azralon,1716,deathknight,unholy,94,46,48
Properterps,bonechewer,1714,deathknight,unholy,140,78,62
Darktone,tichondrius,1714,deathknight,unholy,41,21,20
Vad,skullcrusher,1714,deathknight,unholy,64,26,38
Brandonsdk,tichondrius,1713,deathknight,unholy,191,92,99
Lazarise,area-52,1713,deathknight,unholy,71,34,37
Boneherr,sargeras,1712,deathknight,unholy,82,52,30
Azhid,tichondrius,1712,deathknight,unholy,178,90,88
Ðomìnus,moon-guard,1711,deathknight,unholy,257,137,120
Cliffdk,kelthuzad,1709,deathknight,unholy,87,33,54
Irreversible,zuljin,1706,deathknight,unholy,149,71,78
Kinkysgnome,tichondrius,1706,deathknight,unholy,137,64,73
Sithdog,blackrock,1706,deathknight,unholy,108,46,62
Goonazz,tichondrius,1705,deathknight,unholy,72,50,22
Loongdk,kiljaeden,1705,deathknight,unholy,279,142,137
Doombeast,area-52,1705,deathknight,unholy,132,61,71
Blacklabel,andorhal,1703,deathknight,unholy,90,41,49
Muscleface,moon-guard,1701,deathknight,unholy,80,45,35
Bagul,azralon,1701,deathknight,unholy,51,25,26
Koda,thrall,1701,deathknight,unholy,77,36,41
Justafkdk,gorefiend,1700,deathknight,unholy,84,43,41
Xarielle,tichondrius,1698,deathknight,unholy,66,32,34
Puppykisses,perenolde,1695,deathknight,unholy,155,75,80
Moonjae,illidan,1693,deathknight,unholy,35,20,15
Justtaki,zuljin,1693,deathknight,unholy,54,23,31
Bigdekay,illidan,1687,deathknight,unholy,30,18,12
Khaíne,wyrmrest-accord,1687,deathknight,unholy,264,136,128
Dunduner,tichondrius,1687,deathknight,unholy,258,129,129
Ligmagooch,tichondrius,1686,deathknight,unholy,136,71,65
Lichanis,bonechewer,1686,deathknight,unholy,126,65,61
Merados,quelthalas,1685,deathknight,unholy,90,37,53
Ayooplaguez,guldan,1684,deathknight,unholy,48,24,24
Clearlol,bleeding-hollow,1684,deathknight,unholy,48,23,25
Beby,wyrmrest-accord,1683,deathknight,unholy,56,23,33
Tkyo,tichondrius,1682,deathknight,unholy,102,46,56
Søldier,proudmoore,1681,deathknight,unholy,48,29,19
Libitina,tichondrius,1681,deathknight,unholy,42,24,18
Megatroun,stormreaver,1681,deathknight,unholy,48,27,21
Bellum,moon-guard,1681,deathknight,unholy,129,72,57
Emopalli,tichondrius,1681,deathknight,unholy,223,116,107
Fakiez,kelthuzad,1679,deathknight,unholy,68,30,38
Kwolve,proudmoore,1678,deathknight,unholy,249,126,123
Dâki,blades-edge,1675,deathknight,unholy,114,63,51
Giveretms,azralon,1672,deathknight,unholy,42,19,23
Killìan,kelthuzad,1671,deathknight,unholy,118,58,60
Byres,kelthuzad,1669,deathknight,unholy,90,48,42
Cantmove,area-52,1669,deathknight,unholy,50,22,28
Aundethell,moon-guard,1669,deathknight,unholy,87,34,53
Malhandir,azgalor,1668,deathknight,unholy,54,20,34
Spacealien,malganis,1667,deathknight,unholy,60,32,28
Slty,tichondrius,1664,deathknight,unholy,42,18,24
Ludgan,stormrage,1663,deathknight,unholy,198,95,103
Lichtborne,illidan,1662,deathknight,unholy,73,33,40
Nevmic,emerald-dream,1661,deathknight,unholy,184,88,96
Bannedforevr,dalaran,1661,deathknight,unholy,69,29,40
Krargosh,quelthalas,1660,deathknight,unholy,185,96,89
Apoz,tichondrius,1659,deathknight,unholy,42,22,20
Mephostophel,sargeras,1659,deathknight,unholy,210,108,102
Ståtìc,tichondrius,1659,deathknight,unholy,84,43,41
Imadkloldie,frostmourne,1659,deathknight,unholy,90,46,44
Bopalop,malganis,1657,deathknight,unholy,69,28,41
Kakarotó,azralon,1656,deathknight,unholy,65,37,28
Cammy,frostmourne,1655,deathknight,unholy,41,23,18
Mikoaa,bladefist,1655,deathknight,unholy,48,20,28
Kjarnda,malganis,1653,deathknight,unholy,48,21,27
Skynyght,area-52,1652,deathknight,unholy,42,26,16
Landez,ragnaros,1652,deathknight,unholy,81,45,36
Pooseunpoose,velen,1652,deathknight,unholy,86,41,45
Jeremiahe,hyjal,1650,deathknight,unholy,90,49,41
Ullísés,ragnaros,1650,deathknight,unholy,81,37,44
Sonoftwodads,thrall,1650,deathknight,unholy,52,22,30
Wheatasil,garona,1648,deathknight,unholy,91,48,43
Bedstains,thunderlord,1648,deathknight,unholy,179,90,89
Hatrèd,quelthalas,1648,deathknight,unholy,117,56,61
Onefire,illidan,1646,deathknight,unholy,94,45,49
Fasterjake,sargeras,1645,deathknight,unholy,152,81,71
Tråuma,uther,1645,deathknight,unholy,48,25,23
Galarick,area-52,1643,deathknight,unholy,41,22,19
Beanboyx,tichondrius,1642,deathknight,unholy,34,18,16
Boofcigars,sargeras,1642,deathknight,unholy,52,27,25
Kurnoth,barthilas,1641,deathknight,unholy,110,53,57
Tailm,ragnaros,1639,deathknight,unholy,36,20,16
Malsedius,kelthuzad,1639,deathknight,unholy,134,61,73
Dkdanim,tichondrius,1637,deathknight,unholy,130,71,59
Xhoul,sargeras,1636,deathknight,unholy,255,136,119
Dóm,proudmoore,1635,deathknight,unholy,138,69,69
Puppykiss,perenolde,1635,deathknight,unholy,62,25,37
Virulous,zuljin,1634,deathknight,unholy,47,26,21
Lùcius,garrosh,1634,deathknight,unholy,166,88,78
Rycerzfrost,ragnaros,1634,deathknight,unholy,113,59,54
Unholykevin,sargeras,1633,deathknight,unholy,48,23,25
Alexeous,wyrmrest-accord,1632,deathknight,unholy,250,136,114
Azibar,moon-guard,1632,deathknight,unholy,47,24,23
Raps,frostmourne,1632,deathknight,unholy,56,23,33
Reizu,ragnaros,1631,deathknight,unholy,45,27,18
Azynks,azralon,1631,deathknight,unholy,135,62,73
Kangadeath,frostmourne,1630,deathknight,unholy,154,77,77
Kenishii,kiljaeden,1629,deathknight,unholy,68,40,28
Aldebamuu,ragnaros,1628,deathknight,unholy,185,96,89
Wisdôm,frostmourne,1628,deathknight,unholy,81,42,39
Rxzo,frostmourne,1628,deathknight,unholy,69,27,42
Asastac,tichondrius,1627,deathknight,unholy,42,24,18
Elyxoxo,tichondrius,1627,deathknight,unholy,84,44,40
Littlekims,emerald-dream,1627,deathknight,unholy,60,31,29
Wastethis,sargeras,1626,deathknight,unholy,71,40,31
Drpepp,bleeding-hollow,1626,deathknight,unholy,173,94,79
Paratekdk,thrall,1625,deathknight,unholy,71,39,32
Neaz,moon-guard,1624,deathknight,unholy,96,49,47
Bladê,tichondrius,1624,deathknight,unholy,61,26,35
Chachio,kiljaeden,1623,deathknight,unholy,36,20,16
Idodamn,tichondrius,1622,deathknight,unholy,120,63,57
Auniel,gorefiend,1622,deathknight,unholy,54,22,32
Komplex,kelthuzad,1621,deathknight,unholy,88,45,43
Asterend,proudmoore,1621,deathknight,unholy,52,23,29
Xraduky,dawnbringer,1620,deathknight,unholy,38,26,12
Yikk,illidan,1620,deathknight,unholy,66,33,33
Kallgìn,emerald-dream,1620,deathknight,unholy,71,33,38
Arcticc,area-52,1620,deathknight,unholy,54,24,30
Jacklynn,ragnaros,1619,deathknight,unholy,42,27,15
Struggler,velen,1619,deathknight,unholy,60,34,26
Annerito,area-52,1619,deathknight,unholy,47,19,28
Reapsouls,stormrage,1617,deathknight,unholy,42,30,12
Jongro,tichondrius,1617,deathknight,unholy,104,58,46
Shadow,ragnaros,1616,deathknight,unholy,79,43,36
Kel,stormreaver,1616,deathknight,unholy,53,20,33
Søad,quelthalas,1615,deathknight,unholy,135,72,63
Yamanji,wyrmrest-accord,1614,deathknight,unholy,116,64,52
Nøsfferatus,azralon,1613,deathknight,unholy,77,41,36
Kterrorblade,sargeras,1613,deathknight,unholy,180,92,88
Raíndrop,tichondrius,1612,deathknight,unholy,162,87,75
Shakefknzula,tichondrius,1612,deathknight,unholy,104,51,53
Rezøk,ragnaros,1612,deathknight,unholy,54,20,34
Ðogmá,vashj,1610,deathknight,unholy,35,22,13
Lichkong,dalaran,1609,deathknight,unholy,76,43,33
Lagmasterx,sargeras,1609,deathknight,unholy,42,20,22
Ousted,daggerspine,1608,deathknight,unholy,36,20,16
Drneroxz,area-52,1608,deathknight,unholy,41,17,24
Deathscyythe,illidan,1607,deathknight,unholy,42,23,19
Lemuriön,nemesis,1607,deathknight,unholy,43,20,23
Clapt,kelthuzad,1606,deathknight,unholy,36,18,18
Zign,malganis,1606,deathknight,unholy,66,30,36
Ultimatdeath,jubeithos,1606,deathknight,unholy,66,30,36
Kkoduck,tichondrius,1605,deathknight,unholy,62,41,21
Ædolph,barthilas,1605,deathknight,unholy,30,17,13
Ãstaroth,stormrage,1605,deathknight,unholy,48,22,26
Notorious,garrosh,1605,deathknight,unholy,42,18,24
Boofcigars,kelthuzad,1604,deathknight,unholy,77,41,36
Kalgor,illidan,1604,deathknight,unholy,144,76,68
Nekrosys,eitrigg,1604,deathknight,unholy,64,26,38
Wednesdæ,moon-guard,1603,deathknight,unholy,54,28,26
Kranaz,frostmourne,1603,deathknight,unholy,36,17,19
Neroxzdvm,area-52,1603,deathknight,unholy,42,19,23
Voncleaver,tichondrius,1603,deathknight,unholy,70,23,47
Gargoylepowa,nemesis,1602,deathknight,unholy,42,20,22
Nofoamlattes,thrall,1602,deathknight,unholy,42,19,23
Zedsdead,mannoroth,1601,deathknight,unholy,54,29,25
Originalcimm,stormrage,1601,deathknight,unholy,66,28,38
Promotheseis,sargeras,1600,deathknight,unholy,66,41,25
Daoniancc,tichondrius,1599,deathknight,unholy,467,234,233
Giznator,malganis,1598,deathknight,unholy,108,50,58
Joeyxdk,tichondrius,1597,deathknight,unholy,53,29,24
Berodox,malganis,1595,deathknight,unholy,96,42,54
Falkorn,korgath,1593,deathknight,unholy,117,54,63
Boneyards,bleeding-hollow,1592,deathknight,unholy,144,61,83
Darione,twisting-nether,1591,deathknight,unholy,102,42,60
Ulísés,ragnaros,1591,deathknight,unholy,58,20,38
Zukcho,tichondrius,1590,deathknight,unholy,72,32,40
Gripyourhoe,tichondrius,1589,deathknight,unholy,48,28,20
Trumps,stormrage,1588,deathknight,unholy,72,37,35
Shezoe,drakkari,1588,deathknight,unholy,82,42,40
Eyir,thaurissan,1588,deathknight,unholy,104,50,54
Morrticia,malganis,1587,deathknight,unholy,61,38,23
Grimnuts,thrall,1587,deathknight,unholy,125,66,59
Orcsexual,azralon,1587,deathknight,unholy,60,29,31
Kellydean,moon-guard,1584,deathknight,unholy,171,89,82
Fuzzknight,ravenholdt,1584,deathknight,unholy,66,33,33
Onlyfunss,moon-guard,1584,deathknight,unholy,119,58,61
Raahjx,sargeras,1582,deathknight,unholy,36,20,16
Orkky,jubeithos,1582,deathknight,unholy,192,95,97
Regiknight,stormrage,1580,deathknight,unholy,251,140,111
Níce,tichondrius,1578,deathknight,unholy,78,30,48
Dreadcowpie,dalaran,1577,deathknight,unholy,43,28,15
Mortarion,icecrown,1577,deathknight,unholy,214,108,106
Daethiel,demon-soul,1574,deathknight,unholy,77,36,41
Kaaizer,azralon,1572,deathknight,unholy,120,68,52
Fydedk,stormrage,1572,deathknight,unholy,96,47,49
Rongkhun,proudmoore,1569,deathknight,unholy,54,18,36
Allianknight,windrunner,1567,deathknight,unholy,66,33,33
Ilikelydead,tichondrius,1567,deathknight,unholy,155,75,80
Yubell,barthilas,1563,deathknight,unholy,430,213,217
Althamon,tanaris,1562,deathknight,unholy,144,68,76
Stangz,bonechewer,1557,deathknight,unholy,78,37,41
Bulí,barthilas,1557,deathknight,unholy,65,27,38
Sevexi,moon-guard,1556,deathknight,unholy,36,23,13
Agohnim,moon-guard,1555,deathknight,unholy,79,41,38
Toophus,sargeras,1553,deathknight,unholy,92,44,48
Icytoast,tichondrius,1553,deathknight,unholy,42,19,23
Pue,hyjal,1553,deathknight,unholy,42,18,24
Aryêl,ragnaros,1552,deathknight,unholy,36,18,18
Gottajuice,moonrunner,1551,deathknight,unholy,81,45,36
Siphilusxo,dalaran,1551,deathknight,unholy,36,20,16
Tenóry,nemesis,1551,deathknight,unholy,126,64,62
Tuicca,frostmane,1551,deathknight,unholy,97,43,54
Buttrfingrz,cenarius,1550,deathknight,unholy,96,46,50
Blackary,emerald-dream,1549,deathknight,unholy,100,59,41
Obedient,firetree,1549,deathknight,unholy,138,79,59
Kuwarerubana,proudmoore,1549,deathknight,unholy,74,41,33
Burbash,moon-guard,1548,deathknight,unholy,217,110,107
Quiet,darkspear,1545,deathknight,unholy,72,34,38
Vexxan,thrall,1544,deathknight,unholy,88,42,46
Unholyreap,arthas,1541,deathknight,unholy,60,39,21
Poefather,tichondrius,1541,deathknight,unholy,42,25,17
Läskö,area-52,1541,deathknight,unholy,73,42,31
Zzdk,thrall,1541,deathknight,unholy,57,27,30
Nalz,drakkari,1539,deathknight,unholy,208,101,107
Rixin,agamaggan,1538,deathknight,unholy,66,28,38
Banjingquan,tichondrius,1536,deathknight,unholy,124,68,56
Ellipsoro,onyxia,1536,deathknight,unholy,84,37,47
Garht,azralon,1533,deathknight,unholy,40,22,18
Huuzzha,tichondrius,1533,deathknight,unholy,166,84,82
Krätos,zuljin,1533,deathknight,unholy,60,29,31
Urp,aggramar,1533,deathknight,unholy,57,24,33
Arktoz,tichondrius,1531,deathknight,unholy,30,16,14
Annubarak,malganis,1531,deathknight,unholy,42,19,23
Feej,malganis,1530,deathknight,unholy,60,32,28
Eldavò,quelthalas,1530,deathknight,unholy,78,39,39
Ermanotruta,azralon,1530,deathknight,unholy,136,59,77
Kindaholy,malganis,1528,deathknight,unholy,23,17,6
Subparatbest,chogall,1528,deathknight,unholy,36,18,18
Takeurcheeks,tichondrius,1528,deathknight,unholy,127,59,68
Biefeile,tichondrius,1527,deathknight,unholy,70,33,37
Jaxxftw,azralon,1526,deathknight,unholy,117,64,53
Deezwaz,draka,1526,deathknight,unholy,46,25,21
Thenin,crushridge,1525,deathknight,unholy,84,49,35
Alophedes,frostmourne,1525,deathknight,unholy,36,21,15
Menethiljr,boulderfist,1525,deathknight,unholy,77,38,39
Hooker,dragonmaw,1524,deathknight,unholy,67,39,28
Hwml,barthilas,1524,deathknight,unholy,189,92,97
Mehithee,kiljaeden,1524,deathknight,unholy,169,75,94
Arc,maiev,1524,deathknight,unholy,99,41,58
Deathboost,stormrage,1524,deathknight,unholy,60,22,38
Rk,blackhand,1523,deathknight,unholy,133,78,55
Deathbloss,illidan,1523,deathknight,unholy,32,17,15
Zifandel,tichondrius,1523,deathknight,unholy,42,19,23
Hatreon,sargeras,1522,deathknight,unholy,60,39,21
Tigs,proudmoore,1522,deathknight,unholy,126,65,61
Drfauci,boulderfist,1521,deathknight,unholy,42,20,22
Degrease,bonechewer,1520,deathknight,unholy,109,53,56
Hooterzqt,tichondrius,1518,deathknight,unholy,106,47,59
Typhøn,illidan,1517,deathknight,unholy,187,94,93
Happynaru,tichondrius,1516,deathknight,unholy,120,62,58
Deathzpeckt,tichondrius,1513,deathknight,unholy,36,17,19
Saltank,frostmourne,1512,deathknight,unholy,24,16,8
Evilbot,tichondrius,1510,deathknight,unholy,66,41,25
Nightskull,malganis,1510,deathknight,unholy,84,45,39
Devillele,proudmoore,1509,deathknight,unholy,78,36,42
Witdk,illidan,1508,deathknight,unholy,127,61,66
Akilol,tichondrius,1508,deathknight,unholy,54,24,30
Tragdore,thrall,1507,deathknight,unholy,49,21,28
Unfórgíven,arthas,1507,deathknight,unholy,54,19,35
Fugs,ghostlands,1506,deathknight,unholy,114,62,52
Sandrexx,tichondrius,1506,deathknight,unholy,46,22,24
Dexarax,norgannon,1505,deathknight,unholy,87,49,38
Frostbite,the-venture-co,1505,deathknight,unholy,90,48,42
Coldsleeps,saurfang,1503,deathknight,unholy,30,16,14
Dmtdeaths,kelthuzad,1500,deathknight,unholy,48,26,22
Sevendeadly,frostmourne,1500,deathknight,unholy,57,29,28
Deathwavez,cenarius,1500,deathknight,unholy,59,28,31
Revvun,tichondrius,1499,deathknight,unholy,36,17,19
Asthenophoba,bloodscalp,1498,deathknight,unholy,54,32,22
Abroham,arthas,1498,deathknight,unholy,59,30,29
Deadkaiser,ragnaros,1497,deathknight,unholy,50,24,26
Stoicïsm,tichondrius,1496,deathknight,unholy,114,63,51
Lickblood,sargeras,1496,deathknight,unholy,37,20,17
Scythê,barthilas,1496,deathknight,unholy,76,35,41
Nappão,azralon,1496,deathknight,unholy,127,56,71
Naxn,tichondrius,1495,deathknight,unholy,54,25,29
Artous,stormrage,1495,deathknight,unholy,69,26,43
Nymppho,kelthuzad,1492,deathknight,unholy,417,196,221
Zaxrree,malganis,1491,deathknight,unholy,72,42,30
Ghoulslasher,bleeding-hollow,1490,deathknight,unholy,62,28,34
Kcorides,tichondrius,1488,deathknight,unholy,49,28,21
Laxatives,tichondrius,1488,deathknight,unholy,45,19,26
Monstrosìty,bleeding-hollow,1486,deathknight,unholy,24,16,8
Lazenca,malganis,1485,deathknight,unholy,44,30,14
Takeoverr,ragnaros,1485,deathknight,unholy,96,55,41
Catena,blood-furnace,1485,deathknight,unholy,108,49,59
Desen,arthas,1485,deathknight,unholy,44,18,26
Gripd,area-52,1484,deathknight,unholy,78,37,41
Apocxo,lightnings-blade,1483,deathknight,unholy,166,81,85
Saighast,illidan,1482,deathknight,unholy,78,42,36
Unholyfish,malganis,1482,deathknight,unholy,145,75,70
Rhaeisxalnym,sargeras,1482,deathknight,unholy,196,97,99
Telrenaur,proudmoore,1482,deathknight,unholy,84,40,44
Axeldrion,tichondrius,1480,deathknight,unholy,82,36,46
Deadspellz,bleeding-hollow,1479,deathknight,unholy,58,17,41
Brounlyii,drakkari,1478,deathknight,unholy,54,35,19
Gilden,malfurion,1476,deathknight,unholy,134,65,69
Nialich,kelthuzad,1476,deathknight,unholy,41,16,25
Ganancïa,nemesis,1475,deathknight,unholy,93,51,42
Dialysis,emerald-dream,1473,deathknight,unholy,143,69,74
Asheravon,moon-guard,1470,deathknight,unholy,420,203,217
Grayfoxx,twisting-nether,1469,deathknight,unholy,41,18,23
Sniperlord,uldaman,1468,deathknight,unholy,132,74,58
Reinhartlol,sargeras,1468,deathknight,unholy,99,49,50
Xlive,tichondrius,1466,deathknight,unholy,42,17,25
Deathpool,shadowmoon,1466,deathknight,unholy,60,24,36
Böffa,dalaran,1465,deathknight,unholy,59,21,38
Libramontes,ragnaros,1464,deathknight,unholy,59,31,28
Rognarash,emerald-dream,1464,deathknight,unholy,48,25,23
Dkfenix,ragnaros,1462,deathknight,unholy,142,69,73
Garù,ragnaros,1461,deathknight,unholy,104,54,50
Fallen,nazjatar,1460,deathknight,unholy,36,23,13
Darthsydius,azralon,1460,deathknight,unholy,51,26,25
Rhors,nemesis,1459,deathknight,unholy,88,43,45
Grizzdk,blackrock,1457,deathknight,unholy,36,18,18
Rhaenyrà,tichondrius,1456,deathknight,unholy,49,32,17
Friezen,illidan,1452,deathknight,unholy,37,17,20
Dlaron,ragnaros,1451,deathknight,unholy,100,49,51
Frosstbeach,hyjal,1451,deathknight,unholy,84,40,44
Darkwraith,illidan,1451,deathknight,unholy,36,16,20
Ams,moon-guard,1450,deathknight,unholy,66,35,31
Balboskina,shattered-hand,1448,deathknight,unholy,93,48,45
Wittlewanka,zuljin,1448,deathknight,unholy,170,75,95
Howlex,barthilas,1448,deathknight,unholy,60,26,34
Càsshêrn,lightbringer,1447,deathknight,unholy,26,17,9
Janco,runetotem,1445,deathknight,unholy,36,21,15
Viràlyourz,bleeding-hollow,1444,deathknight,unholy,78,44,34
Chainsawmàn,tichondrius,1444,deathknight,unholy,173,89,84
Chocodilez,tichondrius,1444,deathknight,unholy,40,17,23
Kiritoo,draktharon,1442,deathknight,unholy,42,19,23
Grimmdreamer,stormrage,1442,deathknight,unholy,106,45,61
Terracundo,quelthalas,1441,deathknight,unholy,78,48,30
Risottonero,kelthuzad,1441,deathknight,unholy,245,124,121
Tracyminaj,tichondrius,1441,deathknight,unholy,90,42,48
Yareyare,tichondrius,1440,deathknight,unholy,61,33,28
Gerometal,ragnaros,1440,deathknight,unholy,42,18,24
Breadtruck,area-52,1440,deathknight,unholy,75,31,44
Arkhän,ragnaros,1439,deathknight,unholy,80,33,47
Amatox,moon-guard,1438,deathknight,unholy,24,15,9
Felerin,kiljaeden,1438,deathknight,unholy,36,22,14
Corrpsse,tichondrius,1438,deathknight,unholy,157,81,76
Papalich,stormrage,1438,deathknight,unholy,210,99,111
Redbr,tichondrius,1437,deathknight,unholy,78,37,41
Flavorchops,kelthuzad,1437,deathknight,unholy,48,16,32
Genjírou,frostwolf,1436,deathknight,unholy,316,156,160
Arthyius,kiljaeden,1436,deathknight,unholy,70,29,41
Holsey,moon-guard,1434,deathknight,unholy,120,61,59
Zetarexia,area-52,1433,deathknight,unholy,85,43,42
Paíín,illidan,1433,deathknight,unholy,78,39,39
Tonylin,tichondrius,1433,deathknight,unholy,44,19,25
Demonnation,illidan,1433,deathknight,unholy,144,60,84
Exin,cenarion-circle,1432,deathknight,unholy,24,15,9
Simplemuggle,draktharon,1432,deathknight,unholy,41,19,22
Mordumi,stormrage,1431,deathknight,unholy,67,28,39
Binicius,tichondrius,1430,deathknight,unholy,30,17,13
Unrealzrotz,tichondrius,1429,deathknight,unholy,82,51,31
Brisblade,shattered-hand,1429,deathknight,unholy,71,36,35
Zuckdk,illidan,1429,deathknight,unholy,40,18,22
Kryptikkyt,blackrock,1428,deathknight,unholy,36,15,21
Krixia,ragnaros,1426,deathknight,unholy,58,30,28
Coffeebagel,bleeding-hollow,1426,deathknight,unholy,149,65,84
Ðaz,zuljin,1424,deathknight,unholy,54,30,24
Wryu,malganis,1424,deathknight,unholy,65,35,30
Anexdk,korgath,1423,deathknight,unholy,24,15,9
Jarah,destromath,1422,deathknight,unholy,54,25,29
Vynox,frostmourne,1421,deathknight,unholy,127,55,72
Urieen,gorefiend,1420,deathknight,unholy,100,51,49
Sannistus,ysera,1420,deathknight,unholy,97,43,54
Svar,frostmourne,1418,deathknight,unholy,36,21,15
Necrósy,azralon,1418,deathknight,unholy,60,29,31
Fellenn,stormrage,1417,deathknight,unholy,144,78,66
Pmpfrmdwntwn,stormrage,1417,deathknight,unholy,67,28,39
Deathofchaos,smolderthorn,1417,deathknight,unholy,65,25,40
Seranta,wyrmrest-accord,1417,deathknight,unholy,54,19,35
Asana,illidan,1416,deathknight,unholy,71,33,38
Bloodramen,dalaran,1415,deathknight,unholy,397,202,195
Fanggrief,proudmoore,1414,deathknight,unholy,127,60,67
Bojaçk,stormrage,1413,deathknight,unholy,30,17,13
Knownkilla,hyjal,1413,deathknight,unholy,83,47,36
Dûsk,thunderlord,1409,deathknight,unholy,89,39,50
Câpîrota,nemesis,1408,deathknight,unholy,64,29,35
Menethïl,quelthalas,1408,deathknight,unholy,42,16,26
Rimothedk,illidan,1407,deathknight,unholy,36,17,19
Coldrhelx,quelthalas,1407,deathknight,unholy,122,55,67
Nokenoke,illidan,1406,deathknight,unholy,281,138,143
Mords,area-52,1406,deathknight,unholy,36,16,20
Nytrø,illidan,1405,deathknight,unholy,84,41,43
Dezmond,quelthalas,1404,deathknight,unholy,48,21,27
Beeftip,area-52,1403,deathknight,unholy,221,108,113
Hipower,moon-guard,1402,deathknight,unholy,156,81,75
Seiyokú,ragnaros,1401,deathknight,unholy,239,120,119
Yadaddy,hydraxis,1400,deathknight,unholy,42,23,19
Fruitvender,kelthuzad,1400,deathknight,unholy,36,15,21
Cadavr,tichondrius,1399,deathknight,unholy,18,15,3
Rottenwiener,sargeras,1399,deathknight,unholy,65,40,25
Ventuss,bleeding-hollow,1399,deathknight,unholy,60,31,29
Gankstagrip,anvilmar,1399,deathknight,unholy,114,55,59
Wndypefrcorn,sargeras,1397,deathknight,unholy,77,44,33
Unknowndk,kul-tiras,1397,deathknight,unholy,76,35,41
Plagueghoul,wyrmrest-accord,1396,deathknight,unholy,234,119,115
Madmaxxy,barthilas,1394,deathknight,unholy,242,122,120
Cswildwind,aerie-peak,1394,deathknight,unholy,60,29,31
Attackondude,illidan,1393,deathknight,unholy,66,40,26
Fadedlight,zuljin,1392,deathknight,unholy,130,64,66
Paulpatine,tichondrius,1391,deathknight,unholy,66,25,41
Draenor,shadowmoon,1389,deathknight,unholy,24,15,9
Poonen,area-52,1388,deathknight,unholy,29,15,14
Luckyson,tichondrius,1387,deathknight,unholy,52,26,26
Xènia,exodar,1387,deathknight,unholy,34,16,18
Wrothgarr,stormreaver,1386,deathknight,unholy,54,30,24
Vamplyz,kelthuzad,1385,deathknight,unholy,80,40,40
Dazerl,stormrage,1385,deathknight,unholy,138,68,70
Any,the-venture-co,1383,deathknight,unholy,63,27,36
Egirlgripper,area-52,1382,deathknight,unholy,30,15,15
Gêralt,darkspear,1379,deathknight,unholy,42,19,23
Dkani,nemesis,1378,deathknight,unholy,107,56,51
Silanvia,wyrmrest-accord,1377,deathknight,unholy,66,30,36
Sílthree,barthilas,1377,deathknight,unholy,70,31,39
Effendi,tichondrius,1376,deathknight,unholy,27,17,10
Rihàn,drakkari,1376,deathknight,unholy,54,26,28
Mèrc,ragnaros,1376,deathknight,unholy,89,38,51
Sparklekitty,illidan,1374,deathknight,unholy,24,16,8
Greeasy,bleeding-hollow,1374,deathknight,unholy,41,23,18
Bmminitian,illidan,1374,deathknight,unholy,36,16,20
Tragül,sargeras,1373,deathknight,unholy,30,17,13
Midway,drakkari,1372,deathknight,unholy,48,27,21
Àrchøn,kelthuzad,1371,deathknight,unholy,42,21,21
Afterdeath,frostmourne,1371,deathknight,unholy,54,26,28
Pacedd,silvermoon,1370,deathknight,unholy,30,15,15
Zuly,moon-guard,1369,deathknight,unholy,119,57,62
Nawis,quelthalas,1367,deathknight,unholy,59,26,33
Hornpipe,borean-tundra,1366,deathknight,unholy,143,68,75
Allhejluya,illidan,1365,deathknight,unholy,217,107,110
Zeban,area-52,1364,deathknight,unholy,84,40,44
Warstompgød,tichondrius,1364,deathknight,unholy,36,16,20
Mëgazørd,azralon,1362,deathknight,unholy,90,49,41
Salahzar,stormrage,1362,deathknight,unholy,48,21,27
Waremoto,ragnaros,1361,deathknight,unholy,81,47,34
Demona,ragnaros,1361,deathknight,unholy,82,35,47
Sgtdead,thrall,1360,deathknight,unholy,115,60,55
Cimitiere,stormrage,1360,deathknight,unholy,49,19,30
Sammåel,malganis,1359,deathknight,unholy,42,20,22
Awzy,azralon,1358,deathknight,unholy,48,26,22
Lücìfër,illidan,1358,deathknight,unholy,59,26,33
Coolk,tichondrius,1357,deathknight,unholy,120,63,57
Anonymousix,kelthuzad,1355,deathknight,unholy,47,23,24
Hydree,bleeding-hollow,1355,deathknight,unholy,72,32,40
Voldrezhul,area-52,1353,deathknight,unholy,66,36,30
Dravoc,kelthuzad,1353,deathknight,unholy,108,47,61
Earador,dalaran,1352,deathknight,unholy,91,44,47
Keralius,stormrage,1352,deathknight,unholy,50,17,33
Shargan,illidan,1350,deathknight,unholy,60,34,26
Humber,area-52,1350,deathknight,unholy,107,56,51
Killos,proudmoore,1350,deathknight,unholy,36,16,20
Dredrikbane,moon-guard,1349,deathknight,unholy,41,22,19
Bumbleton,blackrock,1349,deathknight,unholy,45,24,21
Släke,azralon,1349,deathknight,unholy,190,90,100
Seíver,ragnaros,1346,deathknight,unholy,29,15,14
Atrahazis,quelthalas,1343,deathknight,unholy,29,19,10
Flo,ghostlands,1343,deathknight,unholy,51,28,23
Dethcro,shandris,1343,deathknight,unholy,93,47,46
Deathwardenn,ghostlands,1343,deathknight,unholy,36,17,19
Zevrynn,barthilas,1342,deathknight,unholy,42,22,20
Hyondeath,tichondrius,1342,deathknight,unholy,42,20,22
Tiansama,ragnaros,1342,deathknight,unholy,47,21,26
Feorlar,dalaran,1342,deathknight,unholy,48,21,27
Shadowsdk,tichondrius,1342,deathknight,unholy,36,14,22
Darktonelol,tichondrius,1342,deathknight,unholy,36,14,22
Rizzchimp,tichondrius,1338,deathknight,unholy,18,14,4
Golurun,tichondrius,1338,deathknight,unholy,31,19,12
Tötenkaiser,quelthalas,1337,deathknight,unholy,30,14,16
Bébøp,malganis,1337,deathknight,unholy,71,29,42
Trüppen,area-52,1336,deathknight,unholy,97,58,39
Ksoldier,illidan,1336,deathknight,unholy,42,20,22
Deephideblue,proudmoore,1336,deathknight,unholy,91,36,55
Oomak,bonechewer,1336,deathknight,unholy,36,14,22
Starms,ragnaros,1335,deathknight,unholy,89,37,52
Darkunral,stormrage,1335,deathknight,unholy,92,38,54
Ântipaladin,arthas,1335,deathknight,unholy,46,19,27
Bhyrnam,ragnaros,1335,deathknight,unholy,42,14,28
Fiddleop,thrall,1333,deathknight,unholy,24,14,10
Deathsatan,barthilas,1333,deathknight,unholy,110,56,54
Aradorn,azralon,1333,deathknight,unholy,209,96,113
Shhnitzle,stormrage,1333,deathknight,unholy,66,26,40
Scorpíøn,azralon,1332,deathknight,unholy,30,18,12
Negril,tichondrius,1332,deathknight,unholy,78,38,40
Gromhal,azralon,1331,deathknight,unholy,24,14,10
Erodin,moon-guard,1330,deathknight,unholy,30,14,16
Zxy,hyjal,1327,deathknight,unholy,23,17,6
Ez,moknathal,1327,deathknight,unholy,23,15,8
Vynkys,shadow-council,1327,deathknight,unholy,59,33,26
Volcolm,kelthuzad,1327,deathknight,unholy,60,28,32
Frostbytez,barthilas,1327,deathknight,unholy,41,18,23
Rekbari,sargeras,1325,deathknight,unholy,24,15,9
Sacksqueezer,moon-guard,1325,deathknight,unholy,44,26,18
Mizzri,frostmourne,1324,deathknight,unholy,24,14,10
Unholychillz,ghostlands,1324,deathknight,unholy,44,20,24
Sabotdk,tichondrius,1322,deathknight,unholy,48,27,21
Kordrâk,quelthalas,1322,deathknight,unholy,47,23,24
Esquinência,azralon,1322,deathknight,unholy,36,17,19
Tronnie,kelthuzad,1322,deathknight,unholy,110,51,59
Vazarus,darrowmere,1322,deathknight,unholy,139,63,76
Asylïthcc,sargeras,1321,deathknight,unholy,60,34,26
Darknessice,tichondrius,1320,deathknight,unholy,78,40,38
Iamthedanger,aerie-peak,1316,deathknight,unholy,30,14,16
Belegos,quelthalas,1315,deathknight,unholy,104,48,56
Ifsor,akama,1313,deathknight,unholy,30,14,16
Thaladius,emerald-dream,1312,deathknight,unholy,59,31,28
Maligned,uldum,1312,deathknight,unholy,49,18,31
Sheipadinho,nemesis,1310,deathknight,unholy,63,41,22
Frðst,executus,1310,deathknight,unholy,24,14,10
Aretos,dreadmaul,1308,deathknight,unholy,56,27,29
Chad,ysondre,1306,deathknight,unholy,36,14,22
Pugnation,uther,1305,deathknight,unholy,42,27,15
Zaluster,malganis,1305,deathknight,unholy,284,143,141
Arcainian,tichondrius,1305,deathknight,unholy,195,89,106
Fzero,frostmourne,1304,deathknight,unholy,107,40,67
Gwiffhm,tichondrius,1304,deathknight,unholy,40,14,26
Elvacci,dreadmaul,1301,deathknight,unholy,42,18,24
Xijiñpiñg,hyjal,1298,deathknight,unholy,42,21,21
Killerundead,area-52,1298,deathknight,unholy,40,17,23
Shélly,ragnaros,1297,deathknight,unholy,107,51,56
Vaske,azjolnerub,1295,deathknight,unholy,139,69,70
Honustustere,stormrage,1294,deathknight,unholy,41,16,25
Putrefactive,frostmourne,1293,deathknight,unholy,206,99,107
Unholycube,zuljin,1290,deathknight,unholy,35,14,21
Darkàn,lightnings-blade,1289,deathknight,unholy,71,34,37
Cripticknigt,spinebreaker,1289,deathknight,unholy,48,22,26
Kangsewooks,tichondrius,1287,deathknight,unholy,53,22,31
Deliriioh,ragnaros,1286,deathknight,unholy,252,129,123
Lockstocked,dathremar,1285,deathknight,unholy,48,26,22
Bloodserfer,sargeras,1285,deathknight,unholy,66,31,35
Unhøøly,nemesis,1282,deathknight,unholy,96,50,46
Mainxx,stormrage,1282,deathknight,unholy,29,14,15
Gatrars,sargeras,1281,deathknight,unholy,144,71,73
Kentolos,proudmoore,1276,deathknight,unholy,36,25,11
Isaarid,proudmoore,1275,deathknight,unholy,34,20,14
Harlthas,ragnaros,1274,deathknight,unholy,30,17,13
Ometecuhtli,kelthuzad,1273,deathknight,unholy,60,35,25
Ñovacaine,moon-guard,1269,deathknight,unholy,89,41,48
Tëte,quelthalas,1269,deathknight,unholy,35,14,21
Atheion,the-underbog,1267,deathknight,unholy,42,16,26
Exur,stormrage,1261,deathknight,unholy,57,22,35
Shargan,tichondrius,1260,deathknight,unholy,150,76,74
Nukydoe,azralon,1260,deathknight,unholy,42,19,23
Maiatsu,illidan,1256,deathknight,unholy,26,14,12
Abruptdk,bonechewer,1254,deathknight,unholy,61,29,32
Leiry,darkspear,1253,deathknight,unholy,32,20,12
Bnasty,arthas,1253,deathknight,unholy,28,15,13
Ahrímán,illidan,1253,deathknight,unholy,217,102,115
Xtador,quelthalas,1252,deathknight,unholy,29,15,14
Unleud,tichondrius,1251,deathknight,unholy,72,39,33
Daixks,proudmoore,1251,deathknight,unholy,48,25,23
Ownaron,moon-guard,1249,deathknight,unholy,51,27,24
Resumen,steamwheedle-cartel,1249,deathknight,unholy,32,15,17
Ekirei,daggerspine,1248,deathknight,unholy,23,14,9
Shxtlørdx,stormrage,1247,deathknight,unholy,24,13,11
Mesx,illidan,1247,deathknight,unholy,24,13,11
Clowngodx,illidan,1247,deathknight,unholy,24,13,11
Masochrist,baelgun,1247,deathknight,unholy,57,28,29
Artyboy,icecrown,1247,deathknight,unholy,30,13,17
Poubelle,malganis,1247,deathknight,unholy,36,13,23
Buldrokastee,tichondrius,1247,deathknight,unholy,36,13,23
Hotdk,thrall,1247,deathknight,unholy,36,13,23
Bloodyloco,malganis,1246,deathknight,unholy,64,32,32
Lr,hyjal,1246,deathknight,unholy,36,17,19
Metinchaff,shadowmoon,1245,deathknight,unholy,18,13,5
Solø,proudmoore,1245,deathknight,unholy,24,13,11
Hanmayuziro,tichondrius,1244,deathknight,unholy,29,14,15
Bloodbukkaky,bleeding-hollow,1244,deathknight,unholy,60,28,32
Aisö,bleeding-hollow,1244,deathknight,unholy,36,13,23
Mopglad,tichondrius,1242,deathknight,unholy,24,13,11
Lovedaddy,frostmourne,1242,deathknight,unholy,30,13,17
Bubblesdk,whisperwind,1242,deathknight,unholy,66,27,39
Maalevolent,thunderlord,1242,deathknight,unholy,37,14,23
Youngmoneyyd,illidan,1241,deathknight,unholy,18,13,5
Hobdk,malganis,1241,deathknight,unholy,39,15,24
Deathstrikex,tichondrius,1240,deathknight,unholy,24,13,11
Kûri,runetotem,1240,deathknight,unholy,30,13,17
Mightyfails,frostmourne,1239,deathknight,unholy,30,13,17
Frostyclaws,blackrock,1237,deathknight,unholy,24,13,11
Kasteny,frostmourne,1237,deathknight,unholy,30,13,17
Lebrônjames,tichondrius,1236,deathknight,unholy,24,13,11
Dkjs,anetheron,1236,deathknight,unholy,48,20,28
Neipum,stormrage,1234,deathknight,unholy,18,13,5
Vynlerran,skullcrusher,1234,deathknight,unholy,24,13,11
Rarum,bleeding-hollow,1233,deathknight,unholy,24,13,11
Pántera,darkspear,1233,deathknight,unholy,30,16,14
Grimmosh,daggerspine,1233,deathknight,unholy,43,20,23
Treikorh,quelthalas,1230,deathknight,unholy,150,67,83
Deathdra,illidan,1229,deathknight,unholy,24,16,8
Syringe,bloodhoof,1229,deathknight,unholy,30,13,17
Koltíra,azralon,1228,deathknight,unholy,66,30,36
Jayzhou,proudmoore,1227,deathknight,unholy,24,13,11
Soulhuntress,doomhammer,1227,deathknight,unholy,114,58,56
Unhølydøøm,misha,1226,deathknight,unholy,78,39,39
Digitalsammy,area-52,1226,deathknight,unholy,100,41,59
Acerbus,mannoroth,1225,deathknight,unholy,29,13,16
Sokthr,proudmoore,1224,deathknight,unholy,38,17,21
Potatobob,dalaran,1222,deathknight,unholy,30,13,17
Mëlødy,quelthalas,1221,deathknight,unholy,24,13,11
Möchi,ragnaros,1221,deathknight,unholy,87,43,44
Deadlungs,area-52,1221,deathknight,unholy,32,13,19
Justus,thrall,1220,deathknight,unholy,30,13,17
Volardan,trollbane,1214,deathknight,unholy,36,22,14
Cizzorz,tichondrius,1214,deathknight,unholy,29,13,16
Hellzkknight,tichondrius,1213,deathknight,unholy,43,20,23
Niennahh,sargeras,1213,deathknight,unholy,47,21,26
Kromgarath,stormrage,1211,deathknight,unholy,78,34,44
Mazey,moon-guard,1209,deathknight,unholy,199,98,101
Nevarro,lightbringer,1209,deathknight,unholy,234,114,120
Heärt,bleeding-hollow,1208,deathknight,unholy,86,40,46
Lieyanyanwan,tichondrius,1208,deathknight,unholy,66,28,38
Agrip,proudmoore,1204,deathknight,unholy,52,21,31
Enjal,stormrage,1203,deathknight,unholy,77,33,44
Deathafter,tichondrius,1202,deathknight,unholy,63,28,35
Yosemithe,quelthalas,1201,deathknight,unholy,24,13,11
Dalrin,emerald-dream,1201,deathknight,unholy,36,13,23
Hellrusher,magtheridon,1196,deathknight,unholy,51,19,32
Lorð,malganis,1195,deathknight,unholy,48,24,24
Gothywaifu,thunderhorn,1194,deathknight,unholy,39,18,21
Déká,tichondrius,1191,deathknight,unholy,70,31,39
Dkzote,quelthalas,1187,deathknight,unholy,66,23,43
Darktrinnity,nemesis,1186,deathknight,unholy,113,59,54
Magipierrot,ragnaros,1185,deathknight,unholy,114,55,59
Leviiathan,tichondrius,1185,deathknight,unholy,30,14,16
Toroandmoi,area-52,1184,deathknight,unholy,36,16,20
Edhral,ragnaros,1184,deathknight,unholy,36,16,20
Lunaxx,ragnaros,1183,deathknight,unholy,30,14,16
Sne,dragonmaw,1180,deathknight,unholy,30,17,13
Noahmelo,nemesis,1180,deathknight,unholy,28,15,13
Coffïnfeeder,dalaran,1178,deathknight,unholy,78,31,47
Darthblade,darkspear,1177,deathknight,unholy,66,43,23
Umbranox,arthas,1176,deathknight,unholy,84,34,50
Deadwait,rivendare,1175,deathknight,unholy,22,13,9
Exequias,zuljin,1175,deathknight,unholy,54,31,23
Tugs,nathrezim,1174,deathknight,unholy,60,27,33
Jhiv,tichondrius,1172,deathknight,unholy,28,14,14
Blightrish,icecrown,1172,deathknight,unholy,66,32,34
Furcht,gundrak,1171,deathknight,unholy,26,13,13
Vapelounge,darkspear,1160,deathknight,unholy,75,34,41
Jinus,earthen-ring,1159,deathknight,unholy,42,22,20
Omegaseven,gorgonnash,1159,deathknight,unholy,268,137,131
Moxtexd,drakkari,1156,deathknight,unholy,99,57,42
Croaker,gurubashi,1152,deathknight,unholy,63,36,27
Oql,tichondrius,1152,deathknight,unholy,24,12,12
Diviniumx,bleeding-hollow,1152,deathknight,unholy,27,13,14
Akmy,illidan,1151,deathknight,unholy,24,12,12
Xariuz,quelthalas,1151,deathknight,unholy,30,12,18
Méthmonster,stormrage,1150,deathknight,unholy,39,23,16
Zeenki,ragnaros,1150,deathknight,unholy,24,12,12
Balakk,tichondrius,1150,deathknight,unholy,34,15,19
Kehin,azralon,1150,deathknight,unholy,90,39,51
Nihlan,sargeras,1150,deathknight,unholy,30,12,18
Vesel,tichondrius,1149,deathknight,unholy,36,12,24
Bazzingaxd,hyjal,1148,deathknight,unholy,54,34,20
Migwel,emerald-dream,1147,deathknight,unholy,24,12,12
Aquafina,nemesis,1147,deathknight,unholy,36,14,22
Cheliä,quelthalas,1147,deathknight,unholy,45,17,28
Vaseline,zangarmarsh,1146,deathknight,unholy,113,58,55
Oldskul,sargeras,1146,deathknight,unholy,34,17,17
Dkbunny,thaurissan,1146,deathknight,unholy,24,12,12
Chalamander,tichondrius,1146,deathknight,unholy,24,12,12
Stemen,quelthalas,1145,deathknight,unholy,30,13,17
Aydic,emerald-dream,1145,deathknight,unholy,30,13,17
Nwnqt,frostmourne,1145,deathknight,unholy,33,13,20
Dravix,azshara,1143,deathknight,unholy,18,12,6
Zaelize,sargeras,1143,deathknight,unholy,72,36,36
Trentus,illidan,1142,deathknight,unholy,72,36,36
Muffinstomp,eredar,1141,deathknight,unholy,94,47,47
Skeleton,lightnings-blade,1141,deathknight,unholy,33,13,20
Wacktony,illidan,1139,deathknight,unholy,24,12,12
Skellig,wyrmrest-accord,1137,deathknight,unholy,60,24,36
Deadlyforce,sargeras,1136,deathknight,unholy,18,12,6
Araris,stormrage,1135,deathknight,unholy,36,12,24
Velyssiah,stormrage,1134,deathknight,unholy,30,12,18
Tasila,tichondrius,1132,deathknight,unholy,22,13,9
Shinici,kelthuzad,1132,deathknight,unholy,24,12,12
Vërmilliøn,ragnaros,1128,deathknight,unholy,30,13,17
Deathsmog,quelthalas,1127,deathknight,unholy,37,22,15
Nicrack,malganis,1127,deathknight,unholy,30,15,15
Jukpark,tichondrius,1124,deathknight,unholy,111,60,51
Mordekaiseer,azralon,1123,deathknight,unholy,178,91,87
Vampirecarti,tichondrius,1122,deathknight,unholy,38,18,20
Carecaa,azralon,1119,deathknight,unholy,44,19,25
Frostcleave,emerald-dream,1115,deathknight,unholy,24,16,8
Druncker,blackrock,1114,deathknight,unholy,53,20,33
Mordeo,bleeding-hollow,1114,deathknight,unholy,34,12,22
Zathog,lightbringer,1113,deathknight,unholy,48,16,32
Zeeroo,moon-guard,1112,deathknight,unholy,60,28,32
Festers,burning-legion,1112,deathknight,unholy,38,14,24
Rulotauro,blackrock,1111,deathknight,unholy,46,19,27
Froznorbs,tichondrius,1109,deathknight,unholy,32,15,17
Imlagging,dalaran,1102,deathknight,unholy,23,12,11
Morghulas,moon-guard,1098,deathknight,unholy,30,12,18
Zebirock,stormrage,1098,deathknight,unholy,54,19,35
Maripaula,ragnaros,1097,deathknight,unholy,35,14,21
Maggotmulch,zuljin,1097,deathknight,unholy,48,13,35
Scaista,tichondrius,1095,deathknight,unholy,24,13,11
Plaza,thorium-brotherhood,1093,deathknight,unholy,30,16,14
Alphabro,zuluhed,1093,deathknight,unholy,63,33,30
Drowhd,stormrage,1091,deathknight,unholy,123,60,63
Polydeuces,queldorei,1091,deathknight,unholy,66,26,40
Hentaideath,kiljaeden,1088,deathknight,unholy,42,19,23
Fuzzyrump,eitrigg,1086,deathknight,unholy,48,27,21
Zebastion,amanthul,1086,deathknight,unholy,54,22,32
Plaguebreak,darrowmere,1085,deathknight,unholy,132,72,60
Kanthrix,illidan,1084,deathknight,unholy,32,12,20
Kayzark,tichondrius,1083,deathknight,unholy,114,61,53
Emotionaldam,area-52,1081,deathknight,unholy,36,14,22
Lòthlòria,mannoroth,1080,deathknight,unholy,67,26,41
Zillachilla,azshara,1079,deathknight,unholy,21,13,8
Mandrágor,quelthalas,1076,deathknight,unholy,64,25,39
Logann,azralon,1075,deathknight,unholy,46,20,26
Frostkane,stormrage,1071,deathknight,unholy,36,17,19
Kramy,barthilas,1068,deathknight,unholy,20,12,8
Dankbro,tichondrius,1067,deathknight,unholy,48,18,30
Deathnorris,zuljin,1063,deathknight,unholy,176,88,88
Arthasnet,quelthalas,1060,deathknight,unholy,52,21,31
Henritoxic,azralon,1059,deathknight,unholy,26,17,9
Azgaroth,dathremar,1059,deathknight,unholy,55,25,30
Ragsec,bleeding-hollow,1056,deathknight,unholy,18,11,7
Hozzar,barthilas,1056,deathknight,unholy,18,11,7
Mossó,tichondrius,1056,deathknight,unholy,18,11,7
Sickly,arthas,1056,deathknight,unholy,24,11,13
Cptsäveähöe,tichondrius,1056,deathknight,unholy,30,11,19
Dreâmer,tichondrius,1056,deathknight,unholy,30,11,19
Sleezyfbaby,sargeras,1055,deathknight,unholy,18,11,7
Troyy,sargeras,1055,deathknight,unholy,30,11,19
Rytex,moon-guard,1055,deathknight,unholy,30,11,19
Immadkx,area-52,1055,deathknight,unholy,36,11,25
Eightamdk,tichondrius,1054,deathknight,unholy,30,11,19
Ceedog,crushridge,1054,deathknight,unholy,36,11,25
Sommeliergg,stormrage,1053,deathknight,unholy,18,11,7
Xaldalas,kelthuzad,1053,deathknight,unholy,24,11,13
Boomxic,shuhalo,1053,deathknight,unholy,38,13,25
Azombie,burning-blade,1052,deathknight,unholy,28,12,16
Arthureon,kelthuzad,1052,deathknight,unholy,60,25,35
Nubsz,zuljin,1052,deathknight,unholy,30,11,19
Tummystix,arthas,1052,deathknight,unholy,34,12,22
Polpop,zuljin,1051,deathknight,unholy,18,11,7
Grtmisdirect,illidan,1051,deathknight,unholy,45,16,29
Acidirin,tichondrius,1049,deathknight,unholy,18,11,7
Drgorignakk,tichondrius,1049,deathknight,unholy,18,11,7
Xány,ragnaros,1049,deathknight,unholy,27,12,15
Runicblade,jaedenar,1048,deathknight,unholy,18,11,7
Kidek,proudmoore,1048,deathknight,unholy,24,11,13
Raull,ragnaros,1048,deathknight,unholy,30,11,19
Rulord,wyrmrest-accord,1047,deathknight,unholy,24,11,13
Almostdead,proudmoore,1047,deathknight,unholy,24,11,13
Darthkeefers,zuljin,1047,deathknight,unholy,30,11,19
Horîzon,sargeras,1047,deathknight,unholy,30,11,19
Kreandria,dalaran,1045,deathknight,unholy,57,15,42
Bànished,moon-guard,1044,deathknight,unholy,19,11,8
Umbrha,quelthalas,1044,deathknight,unholy,24,11,13
Orphnoch,illidan,1043,deathknight,unholy,30,11,19
Alayka,stormrage,1040,deathknight,unholy,25,11,14
Shadowghast,saurfang,1038,deathknight,unholy,18,11,7
Mercysparx,thrall,1033,deathknight,unholy,132,61,71
Lazta,azralon,1030,deathknight,unholy,52,23,29
Deathcometh,tichondrius,1027,deathknight,unholy,30,11,19
Olblueyes,hyjal,1027,deathknight,unholy,30,11,19
Jman,kaelthas,1026,deathknight,unholy,63,31,32
Hitsüyi,quelthalas,1022,deathknight,unholy,23,13,10
Mmrhostage,kelthuzad,1015,deathknight,unholy,35,15,20
Hansmclroy,trollbane,1012,deathknight,unholy,41,23,18
Bloopdabloop,sargeras,1012,deathknight,unholy,85,46,39
Aborter,arthas,1009,deathknight,unholy,30,13,17
Modok,malganis,1006,deathknight,unholy,17,11,6
Argar,crushridge,1000,deathknight,unholy,42,22,20
Mëllowhypë,sargeras,1000,deathknight,unholy,44,17,27
Janoh,the-scryers,999,deathknight,unholy,41,17,24
Sherank,akama,998,deathknight,unholy,24,11,13
Galaxrz,bonechewer,990,deathknight,unholy,36,14,22
Raizzhít,ragnaros,989,deathknight,unholy,22,11,11
Latroz,gundrak,986,deathknight,unholy,178,75,103
Thedarksoul,agamaggan,986,deathknight,unholy,92,36,56
Dàndàn,lightbringer,983,deathknight,unholy,30,12,18
Tandarilada,shadowmoon,981,deathknight,unholy,66,32,34
Jonnii,area-52,976,deathknight,unholy,26,12,14
Shadowzombie,lethon,975,deathknight,unholy,28,11,17
Cishei,quelthalas,970,deathknight,unholy,39,23,16
Fendos,turalyon,963,deathknight,unholy,24,14,10
Bernaldino,illidan,960,deathknight,unholy,12,10,2
Wölf,durotan,960,deathknight,unholy,12,10,2
Xhín,bleeding-hollow,960,deathknight,unholy,18,10,8
Ragrek,bleeding-hollow,960,deathknight,unholy,24,10,14
Rängi,caelestrasz,960,deathknight,unholy,78,26,52
Eks,barthilas,959,deathknight,unholy,12,10,2
Awshuks,illidan,959,deathknight,unholy,18,10,8
Turbokitten,tichondrius,959,deathknight,unholy,18,10,8
Gurnok,barthilas,959,deathknight,unholy,18,10,8
Saco,malganis,959,deathknight,unholy,18,10,8
Emarose,illidan,959,deathknight,unholy,24,10,14
Distorted,emerald-dream,959,deathknight,unholy,24,10,14
Ohia,baelgun,959,deathknight,unholy,30,10,20
Galaxyboom,tichondrius,958,deathknight,unholy,12,10,2
Khørne,area-52,958,deathknight,unholy,18,10,8
Ghouldruis,barthilas,958,deathknight,unholy,18,10,8
Loomoros,sargeras,958,deathknight,unholy,36,10,26
Polepounder,malganis,957,deathknight,unholy,12,10,2
Iðûnn,barthilas,957,deathknight,unholy,18,10,8
Aldoraenna,illidan,957,deathknight,unholy,24,10,14
Biukanon,ragnaros,956,deathknight,unholy,24,10,14
Dendra,barthilas,956,deathknight,unholy,27,11,16
Gobaiakun,proudmoore,955,deathknight,unholy,18,10,8
Bigdollars,eredar,954,deathknight,unholy,18,10,8
Noolore,firetree,952,deathknight,unholy,12,10,2
Sylneria,elune,952,deathknight,unholy,24,10,14
Bahtman,hakkar,948,deathknight,unholy,42,22,20
Kalëndar,drakkari,948,deathknight,unholy,61,31,30
Thaylenaar,eredar,947,deathknight,unholy,18,10,8
Ghorzul,thrall,945,deathknight,unholy,24,10,14
Morhtzen,moon-guard,944,deathknight,unholy,13,10,3
Sübzerö,quelthalas,940,deathknight,unholy,48,14,34
Delamuerte,ragnaros,935,deathknight,unholy,42,18,24
Draxsos,quelthalas,931,deathknight,unholy,54,25,29
Soulfarm,tichondrius,929,deathknight,unholy,42,22,20
Athropos,sargeras,926,deathknight,unholy,20,11,9
Jaydkx,tichondrius,906,deathknight,unholy,28,11,17
Reighart,kiljaeden,894,deathknight,unholy,20,10,10
Dragoroth,zuluhed,893,deathknight,unholy,31,15,16
Maverax,executus,893,deathknight,unholy,43,19,24
Wuhán,proudmoore,886,deathknight,unholy,41,12,29
Carmii,wyrmrest-accord,879,deathknight,unholy,25,10,15
Zareon,zuluhed,876,deathknight,unholy,24,12,12
Dandandor,muradin,876,deathknight,unholy,38,17,21
Gerrog,zuljin,873,deathknight,unholy,44,11,33
Nerfdklul,illidan,864,deathknight,unholy,12,9,3
Céle,area-52,864,deathknight,unholy,18,9,9
Zakka,korgath,864,deathknight,unholy,18,9,9
Utthrity,ysera,864,deathknight,unholy,18,9,9
Rockadeath,sargeras,864,deathknight,unholy,18,9,9
Agrithomqt,frostmourne,864,deathknight,unholy,18,9,9
Jbot,dunemaul,864,deathknight,unholy,18,9,9
Skullash,stormrage,864,deathknight,unholy,18,9,9
Dicromick,illidan,864,deathknight,unholy,21,10,11
Methyldk,frostmourne,864,deathknight,unholy,21,10,11
Meisterdeath,stormrage,864,deathknight,unholy,24,9,15
Shinukishin,stormrage,864,deathknight,unholy,24,9,15
Fortissax,area-52,864,deathknight,unholy,30,9,21
Sçythe,hyjal,863,deathknight,unholy,12,9,3
Brookmath,illidan,863,deathknight,unholy,12,9,3
Spurzilla,emerald-dream,863,deathknight,unholy,18,9,9
Azzandraza,wyrmrest-accord,863,deathknight,unholy,18,9,9
Valandiel,jubeithos,863,deathknight,unholy,18,9,9
Anaksunamooñ,sargeras,863,deathknight,unholy,24,9,15
Sbplaysdk,akama,863,deathknight,unholy,30,9,21
Tharegorn,azralon,862,deathknight,unholy,18,9,9
Cowthàs,emerald-dream,862,deathknight,unholy,22,10,12
Gröxxigor,azralon,862,deathknight,unholy,24,9,15
Testitickler,gurubashi,861,deathknight,unholy,18,9,9
Monglord,arthas,861,deathknight,unholy,18,9,9
Runeswanson,area-52,861,deathknight,unholy,18,9,9
Cosanostrá,malganis,860,deathknight,unholy,12,9,3
Rinthosaka,ragnaros,860,deathknight,unholy,18,9,9
Smerknight,proudmoore,860,deathknight,unholy,30,9,21
Ðerion,stormrage,859,deathknight,unholy,18,9,9
Sidbane,kalecgos,859,deathknight,unholy,19,9,10
Kaórii,stormrage,858,deathknight,unholy,30,9,21
Deäthcrüsh,tichondrius,856,deathknight,unholy,12,9,3
Tinytanx,aerie-peak,856,deathknight,unholy,30,9,21
Revendra,emerald-dream,852,deathknight,unholy,20,10,10
Ulyssess,jubeithos,851,deathknight,unholy,76,35,41
Pwnface,aerie-peak,851,deathknight,unholy,25,9,16
Ulerin,illidan,850,deathknight,unholy,18,9,9
Grimmtidings,dentarg,845,deathknight,unholy,65,28,37
Destruktion,uldaman,838,deathknight,unholy,12,9,3
Kowell,drakkari,831,deathknight,unholy,50,17,33
Handler,nemesis,830,deathknight,unholy,20,10,10
Vynjonc,drenden,822,deathknight,unholy,36,15,21
Cryodemic,illidan,816,deathknight,unholy,21,9,12
Alderma,zuljin,814,deathknight,unholy,29,10,19
Ghostdeath,blackhand,809,deathknight,unholy,21,9,12
Soulkiti,blackwater-raiders,800,deathknight,unholy,22,9,13
Stygiansiix,draenor,791,deathknight,unholy,42,17,25
Vitad,tichondrius,768,deathknight,unholy,12,8,4
Imrealgày,zuljin,768,deathknight,unholy,12,8,4
Liqùid,moon-guard,768,deathknight,unholy,12,8,4
Poderrosodk,azralon,768,deathknight,unholy,12,8,4
Ghostriderr,tichondrius,768,deathknight,unholy,12,8,4
Jamjae,tichondrius,768,deathknight,unholy,12,8,4
Maltendis,malganis,768,deathknight,unholy,18,8,10
Slissy,hyjal,768,deathknight,unholy,18,8,10
Tomei,stormreaver,768,deathknight,unholy,18,8,10
Piratehookah,sargeras,768,deathknight,unholy,18,8,10
Toxicbooger,thrall,768,deathknight,unholy,18,8,10
Schreit,zuljin,768,deathknight,unholy,18,8,10
Sweatynation,tichondrius,768,deathknight,unholy,18,8,10
Sinnan,turalyon,768,deathknight,unholy,18,8,10
Thraximundar,stormrage,768,deathknight,unholy,24,8,16
Øzzy,tichondrius,768,deathknight,unholy,24,8,16
Novädk,ragnaros,768,deathknight,unholy,24,8,16
Darik,the-venture-co,767,deathknight,unholy,12,8,4
Deathsloot,sargeras,767,deathknight,unholy,12,8,4
Akrylo,ragnaros,767,deathknight,unholy,12,8,4
Ørcrist,area-52,767,deathknight,unholy,12,8,4
Trydeath,azralon,767,deathknight,unholy,13,8,5
Gorillagrip,sargeras,767,deathknight,unholy,18,8,10
Apocalipsis,bleeding-hollow,767,deathknight,unholy,18,8,10
Nattór,dalaran,767,deathknight,unholy,18,8,10
Fluffymoo,frostmourne,767,deathknight,unholy,18,8,10
Skorge,arthas,767,deathknight,unholy,18,8,10
Deathlyvoid,sargeras,767,deathknight,unholy,18,8,10
Traitre,onyxia,767,deathknight,unholy,18,8,10
Hædës,area-52,767,deathknight,unholy,18,8,10
Bloodygrip,bleeding-hollow,767,deathknight,unholy,18,8,10
Sujudk,emerald-dream,767,deathknight,unholy,18,8,10
Skulm,emerald-dream,767,deathknight,unholy,20,8,12
Sicklecell,laughing-skull,767,deathknight,unholy,24,8,16
Sahaile,moon-guard,767,deathknight,unholy,30,8,22
Ðrëssa,azralon,766,deathknight,unholy,12,8,4
Raynorr,dawnbringer,766,deathknight,unholy,12,8,4
Redcancer,tichondrius,766,deathknight,unholy,12,8,4
Hellhämmer,ragnaros,766,deathknight,unholy,18,8,10
Archaná,stormrage,766,deathknight,unholy,18,8,10
Deatheey,area-52,766,deathknight,unholy,18,8,10
Katakuri,azralon,766,deathknight,unholy,18,8,10
Riparonii,illidan,766,deathknight,unholy,21,8,13
Ltoblivious,thrall,766,deathknight,unholy,24,8,16
Hildolfr,shattered-hand,765,deathknight,unholy,18,8,10
Bloodydebt,malganis,765,deathknight,unholy,18,8,10
Blackùla,tichondrius,765,deathknight,unholy,24,8,16
Wickedknîght,kelthuzad,765,deathknight,unholy,24,8,16
Abadena,illidan,765,deathknight,unholy,27,8,19
Demher,ragnaros,762,deathknight,unholy,18,8,10
Primoverdino,azralon,762,deathknight,unholy,18,8,10
Hordbadia,garrosh,761,deathknight,unholy,18,8,10
Spotsdk,hyjal,761,deathknight,unholy,18,8,10
Jessefur,undermine,761,deathknight,unholy,18,8,10
Iamlrr,maelstrom,761,deathknight,unholy,24,8,16
Jojomcdeath,senjin,760,deathknight,unholy,18,8,10
Liltinktink,stormreaver,760,deathknight,unholy,18,8,10
Kaciann,dalaran,758,deathknight,unholy,12,8,4
Lepanda,skywall,758,deathknight,unholy,18,8,10
Rinngar,quelthalas,751,deathknight,unholy,14,8,6
Flexyoo,kelthuzad,751,deathknight,unholy,17,8,9
Silvorus,moon-guard,735,deathknight,unholy,17,8,9
Starset,burning-legion,728,deathknight,unholy,24,9,15
Hadianton,stormrage,718,deathknight,unholy,21,9,12
Droko,thunderlord,714,deathknight,unholy,27,9,18
Rennoc,emerald-dream,704,deathknight,unholy,16,8,8
Somethingdum,sargeras,703,deathknight,unholy,16,8,8
Yafa,bonechewer,698,deathknight,unholy,57,15,42
Liverkick,zuljin,672,deathknight,unholy,12,7,5
Bukumo,zuljin,672,deathknight,unholy,12,7,5
Pharyngitis,emerald-dream,672,deathknight,unholy,12,7,5
Donrhythmic,ysera,672,deathknight,unholy,12,7,5
Mcdeathturds,tichondrius,672,deathknight,unholy,12,7,5
Bkb,sargeras,672,deathknight,unholy,12,7,5
Beforelunch,tichondrius,672,deathknight,unholy,12,7,5
Plag,bleeding-hollow,672,deathknight,unholy,12,7,5
Penguinlolx,sargeras,672,deathknight,unholy,12,7,5
Jbert,sargeras,672,deathknight,unholy,12,7,5
Ripcrawford,proudmoore,672,deathknight,unholy,12,7,5
Cgg,tichondrius,672,deathknight,unholy,12,7,5
Karthayne,area-52,672,deathknight,unholy,12,7,5
Deathfab,tichondrius,672,deathknight,unholy,14,7,7
Inemia,wyrmrest-accord,672,deathknight,unholy,16,7,9
Ahirek,quelthalas,672,deathknight,unholy,20,8,12
Cali,bladefist,672,deathknight,unholy,18,7,11
Worgenracist,tichondrius,672,deathknight,unholy,18,7,11
Bryku,tichondrius,672,deathknight,unholy,18,7,11
Dxssxe,tichondrius,672,deathknight,unholy,18,7,11
Ebolaxd,area-52,672,deathknight,unholy,18,7,11
Notiniquity,tichondrius,672,deathknight,unholy,18,7,11
Mmaximus,darkspear,672,deathknight,unholy,18,7,11
Bellybuster,malganis,672,deathknight,unholy,18,7,11
Umbramane,tichondrius,672,deathknight,unholy,18,7,11
Dreadwraith,malganis,672,deathknight,unholy,18,7,11
Deathup,sargeras,672,deathknight,unholy,18,7,11
Zenan,area-52,672,deathknight,unholy,24,7,17
Zoomoth,illidan,672,deathknight,unholy,24,7,17
Chibalaloca,quelthalas,672,deathknight,unholy,24,7,17
Xenocrates,illidan,672,deathknight,unholy,24,7,17
Tailzy,proudmoore,671,deathknight,unholy,12,7,5
Dustknight,sargeras,671,deathknight,unholy,12,7,5
Zzed,azralon,671,deathknight,unholy,12,7,5
Fallenelfie,frostmourne,671,deathknight,unholy,12,7,5
Samsoníte,illidan,671,deathknight,unholy,12,7,5
Fligdeath,llane,671,deathknight,unholy,12,7,5
Buhc,tichondrius,671,deathknight,unholy,12,7,5
Gâbriel,cairne,671,deathknight,unholy,12,7,5
Tiller,mannoroth,671,deathknight,unholy,12,7,5
Woahwtf,area-52,671,deathknight,unholy,18,7,11
Annuvyz,darkspear,671,deathknight,unholy,18,7,11
Mfknight,archimonde,671,deathknight,unholy,18,7,11
Nolderosdk,nemesis,671,deathknight,unholy,18,7,11
Noitrox,azralon,671,deathknight,unholy,18,7,11
Demonstalker,boulderfist,671,deathknight,unholy,24,7,17
Kralos,khadgar,670,deathknight,unholy,12,7,5
Arokh,sargeras,670,deathknight,unholy,12,7,5
Onslàught,sargeras,670,deathknight,unholy,12,7,5
Emberwarden,stormrage,670,deathknight,unholy,18,7,11
Adralin,sargeras,670,deathknight,unholy,18,7,11
Étérnaldeath,ragnaros,670,deathknight,unholy,18,7,11
Irokthefrost,frostmourne,669,deathknight,unholy,12,7,5
Kìrìtó,malygos,669,deathknight,unholy,18,7,11
Cowmedian,norgannon,669,deathknight,unholy,24,7,17
Boneguard,stormrage,668,deathknight,unholy,18,7,11
Zëb,sargeras,665,deathknight,unholy,12,7,5
Zàkgor,moon-guard,665,deathknight,unholy,12,7,5
Thepanzer,elune,665,deathknight,unholy,12,7,5
Runíc,demon-soul,664,deathknight,unholy,18,7,11
Heldwynd,bonechewer,664,deathknight,unholy,24,7,17
Garshna,ragnaros,658,deathknight,unholy,12,7,5
Mortorum,skullcrusher,655,deathknight,unholy,15,9,6
Dreekon,bleeding-hollow,647,deathknight,unholy,30,15,15
Papparoach,ysera,641,deathknight,unholy,24,7,17
Dbg,frostmane,639,deathknight,unholy,11,7,4
Alzenth,quelthalas,639,deathknight,unholy,16,7,9
Hardtoplaydk,chogall,639,deathknight,unholy,17,7,10
Stëroids,shuhalo,624,deathknight,unholy,15,8,7
Bonalumë,azralon,620,deathknight,unholy,17,7,10
Bingoez,frostmourne,607,deathknight,unholy,11,7,4
Plutonyus,stonemaul,607,deathknight,unholy,16,7,9
Bosleigor,elune,592,deathknight,unholy,19,7,12
Veryslow,area-52,590,deathknight,unholy,13,8,5
Arcänn,drenden,576,deathknight,unholy,6,6,0
Válak,stormrage,576,deathknight,unholy,12,6,6
Ridesatenspd,caelestrasz,576,deathknight,unholy,12,6,6
Frøstfinger,azralon,576,deathknight,unholy,12,6,6
Jonahdk,sargeras,576,deathknight,unholy,12,6,6
Palliote,frostmane,576,deathknight,unholy,12,6,6
Càvic,malganis,576,deathknight,unholy,12,6,6
Ralphpootawn,illidan,576,deathknight,unholy,12,6,6
Zyzz,frostmourne,576,deathknight,unholy,12,6,6
Chubingus,the-venture-co,576,deathknight,unholy,12,6,6
Delwrath,proudmoore,576,deathknight,unholy,12,6,6
Lèßrøñjämés,zuljin,576,deathknight,unholy,12,6,6
Lilwayne,archimonde,576,deathknight,unholy,12,6,6
Demonicrunes,windrunner,576,deathknight,unholy,12,6,6
Xhan,tichondrius,576,deathknight,unholy,12,6,6
Mts,thunderhorn,576,deathknight,unholy,12,6,6
Svlla,doomhammer,576,deathknight,unholy,12,6,6
Remõrse,moon-guard,576,deathknight,unholy,12,6,6
Sanezarro,bleeding-hollow,576,deathknight,unholy,12,6,6
Chainsharder,stormrage,576,deathknight,unholy,12,6,6
Tyrsfaith,tichondrius,576,deathknight,unholy,12,6,6
Pepecoomer,frostmourne,576,deathknight,unholy,12,6,6
Raaizz,ragnaros,576,deathknight,unholy,12,6,6
Hickish,tichondrius,576,deathknight,unholy,12,6,6
Bossdk,tichondrius,576,deathknight,unholy,12,6,6
Surkk,tichondrius,576,deathknight,unholy,12,6,6
Nøzawkolypse,area-52,576,deathknight,unholy,12,6,6
Salusx,area-52,576,deathknight,unholy,12,6,6
Bøoth,area-52,576,deathknight,unholy,12,6,6
Doomdk,azralon,576,deathknight,unholy,15,7,8
Joystickwrld,silvermoon,576,deathknight,unholy,18,6,12
Clubman,tichondrius,576,deathknight,unholy,18,6,12
Icycrazy,azralon,576,deathknight,unholy,18,6,12
Bøngripx,tichondrius,576,deathknight,unholy,18,6,12
Nethaar,tichondrius,576,deathknight,unholy,18,6,12
Testamentxx,thunderlord,576,deathknight,unholy,18,6,12
Cirillan,bleeding-hollow,576,deathknight,unholy,18,6,12
Lainmortal,ragnaros,576,deathknight,unholy,18,6,12
Kobrex,kelthuzad,576,deathknight,unholy,18,6,12
Laeroth,zuluhed,576,deathknight,unholy,18,6,12
Boltman,malganis,576,deathknight,unholy,18,6,12
Conquest,drenden,576,deathknight,unholy,24,6,18
Baldlord,tichondrius,576,deathknight,unholy,24,6,18
Granknight,azralon,576,deathknight,unholy,24,6,18
Monesy,tichondrius,576,deathknight,unholy,24,6,18
Abombinator,stormrage,575,deathknight,unholy,6,6,0
Peteargryphn,illidan,575,deathknight,unholy,12,6,6
Christophe,skullcrusher,575,deathknight,unholy,12,6,6
Galthro,tichondrius,575,deathknight,unholy,12,6,6
Isaiahstolt,area-52,575,deathknight,unholy,12,6,6
Iceclaw,bleeding-hollow,575,deathknight,unholy,12,6,6
Agamoth,ragnaros,575,deathknight,unholy,12,6,6
Sephirott,boulderfist,575,deathknight,unholy,12,6,6
Åkatsukii,uther,575,deathknight,unholy,12,6,6
Reapar,amanthul,575,deathknight,unholy,13,6,7
Corpsepetal,muradin,575,deathknight,unholy,18,6,12
Römulus,area-52,575,deathknight,unholy,18,6,12
Vicentão,tichondrius,574,deathknight,unholy,12,6,6
Robacalzónes,ragnaros,574,deathknight,unholy,12,6,6
Fraänrisco,ragnaros,574,deathknight,unholy,18,6,12
Coldmilk,wyrmrest-accord,574,deathknight,unholy,24,6,18
Baracka,sargeras,573,deathknight,unholy,30,6,24
Juggérnaút,bonechewer,572,deathknight,unholy,12,6,6
Tormentsoul,ragnaros,572,deathknight,unholy,12,6,6
Waterboy,malganis,566,deathknight,unholy,12,6,6
Lowan,stormrage,566,deathknight,unholy,12,6,6
Syzurp,barthilas,558,deathknight,unholy,13,7,6
Lenos,tichondrius,543,deathknight,unholy,17,6,11
Caohiyan,tichondrius,542,deathknight,unholy,11,6,5
Bulfstone,quelthalas,541,deathknight,unholy,11,6,5
Herstôry,kelthuzad,527,deathknight,unholy,11,6,5
Gkdm,tichondrius,522,deathknight,unholy,21,8,13
Chës,tichondrius,522,deathknight,unholy,22,7,15
Rid,boulderfist,510,deathknight,unholy,10,6,4
Abømination,zuljin,510,deathknight,unholy,20,6,14
Bawlsauce,area-52,496,deathknight,unholy,13,6,7
Beedamoniv,tichondrius,495,deathknight,unholy,17,7,10
Wâggies,moon-guard,480,deathknight,unholy,6,5,1
Devilwarship,daggerspine,480,deathknight,unholy,6,5,1
Depthknight,barthilas,480,deathknight,unholy,6,5,1
Lastboyscout,silvermoon,480,deathknight,unholy,6,5,1
Rahdigga,bloodscalp,480,deathknight,unholy,6,5,1
Superzach,muradin,480,deathknight,unholy,6,5,1
Andariel,ragnaros,480,deathknight,unholy,6,5,1
Qberks,elune,480,deathknight,unholy,12,5,7
Darkfög,sargeras,480,deathknight,unholy,12,5,7
Andem,elune,480,deathknight,unholy,12,5,7
Drakkala,silvermoon,480,deathknight,unholy,12,5,7
Valadie,bleeding-hollow,480,deathknight,unholy,12,5,7
Hemorrhoids,blackrock,480,deathknight,unholy,12,5,7
Defaultz,turalyon,480,deathknight,unholy,12,5,7
Cammykickbot,frostmourne,480,deathknight,unholy,12,5,7
Initiative,moon-guard,480,deathknight,unholy,12,5,7
Lilpootie,tichondrius,480,deathknight,unholy,12,5,7
Laboön,stormrage,480,deathknight,unholy,12,5,7
Süzuki,tichondrius,480,deathknight,unholy,12,5,7
Diviniums,bleeding-hollow,480,deathknight,unholy,12,5,7
Scursy,tichondrius,480,deathknight,unholy,12,5,7
Infestation,muradin,480,deathknight,unholy,12,5,7
Gneanderthal,bloodscalp,480,deathknight,unholy,12,5,7
Ghrat,bleeding-hollow,480,deathknight,unholy,12,5,7
Yeahgood,frostmourne,480,deathknight,unholy,12,5,7
Clovermoon,tichondrius,480,deathknight,unholy,12,5,7
Gatitos,ragnaros,480,deathknight,unholy,12,5,7
Geth,sargeras,480,deathknight,unholy,12,5,7
Lîch,azralon,480,deathknight,unholy,12,5,7
Sindragosa,dragonmaw,480,deathknight,unholy,12,5,7
Feki,frostmourne,480,deathknight,unholy,12,5,7
Rayzuul,queldorei,480,deathknight,unholy,12,5,7
Vläad,ragnaros,480,deathknight,unholy,12,5,7
Römney,stormrage,480,deathknight,unholy,12,5,7
Wapman,bloodhoof,480,deathknight,unholy,12,5,7
Zacharya,nemesis,480,deathknight,unholy,12,5,7
Defekaite,kiljaeden,480,deathknight,unholy,12,5,7
Bot,icecrown,480,deathknight,unholy,12,5,7
Darkmancers,tichondrius,480,deathknight,unholy,12,5,7
Gusabio,drakkari,480,deathknight,unholy,12,5,7
Serathai,tichondrius,480,deathknight,unholy,12,5,7
Deadntaxes,thunderlord,480,deathknight,unholy,12,5,7
Blitzcreig,sargeras,480,deathknight,unholy,12,5,7
Deathpair,bleeding-hollow,480,deathknight,unholy,12,5,7
Skotch,lightninghoof,480,deathknight,unholy,12,5,7
Zaratose,area-52,480,deathknight,unholy,12,5,7
Birnolan,proudmoore,480,deathknight,unholy,12,5,7
Coachclaudio,tichondrius,480,deathknight,unholy,12,5,7
Swänsz,stormrage,480,deathknight,unholy,12,5,7
Cosmicrune,turalyon,480,deathknight,unholy,12,5,7
Pathæs,bleeding-hollow,480,deathknight,unholy,12,5,7
Paozao,tichondrius,480,deathknight,unholy,12,5,7
Aoshië,area-52,480,deathknight,unholy,12,5,7
Krumpous,tichondrius,480,deathknight,unholy,12,5,7
Nordiin,stormrage,480,deathknight,unholy,12,5,7
Dkinaboxx,hyjal,480,deathknight,unholy,18,5,13
Sylèss,tichondrius,480,deathknight,unholy,18,5,13
Gazco,frostmourne,480,deathknight,unholy,18,5,13
Deathgimbo,hellscream,480,deathknight,unholy,18,5,13
Maskofwintrs,zuljin,480,deathknight,unholy,18,5,13
Chainsadeath,stormrage,480,deathknight,unholy,18,5,13
Kárd,tichondrius,480,deathknight,unholy,18,5,13
Nurglet,proudmoore,480,deathknight,unholy,18,5,13
Dementrius,zuljin,480,deathknight,unholy,25,5,20
Ahwooh,kelthuzad,479,deathknight,unholy,6,5,1
Wolfsdeath,shattered-hand,479,deathknight,unholy,6,5,1
Valkzy,malganis,479,deathknight,unholy,6,5,1
Extremepvp,aegwynn,479,deathknight,unholy,6,5,1
Mefistô,quelthalas,479,deathknight,unholy,10,6,4
Nekrofeelyak,kelthuzad,479,deathknight,unholy,12,5,7
Joelfromuber,stormrage,479,deathknight,unholy,12,5,7
Lubmuscle,illidan,479,deathknight,unholy,12,5,7
Borgin,emerald-dream,479,deathknight,unholy,12,5,7
Amaethyst,kelthuzad,479,deathknight,unholy,12,5,7
Deathfearsme,kiljaeden,479,deathknight,unholy,12,5,7
Itired,tichondrius,479,deathknight,unholy,12,5,7
Augsburg,kiljaeden,479,deathknight,unholy,12,5,7
Dijkstrap,tichondrius,479,deathknight,unholy,12,5,7
Lharze,quelthalas,479,deathknight,unholy,12,5,7
Xadrisill,winterhoof,479,deathknight,unholy,12,5,7
Vorlakesh,boulderfist,479,deathknight,unholy,12,5,7
Caqw,akama,479,deathknight,unholy,14,5,9
Malthis,antonidas,479,deathknight,unholy,18,5,13
Dewwey,sargeras,479,deathknight,unholy,22,6,16
Futurism,shadowmoon,478,deathknight,unholy,6,5,1
Drdeathz,sargeras,476,deathknight,unholy,12,5,7
Zedknight,emerald-dream,476,deathknight,unholy,21,6,15
Headbustr,sargeras,473,deathknight,unholy,12,5,7
Ghoulorama,illidan,471,deathknight,unholy,18,5,13
Megatrôn,malganis,463,deathknight,unholy,17,5,12
Uglybowiie,ragnaros,463,deathknight,unholy,17,5,12
Fishtouching,illidan,463,deathknight,unholy,17,5,12
Tyrondious,tichondrius,462,deathknight,unholy,17,5,12
Prettyliched,area-52,447,deathknight,unholy,11,5,6
Iloveenzley,tichondrius,447,deathknight,unholy,11,5,6
Faelmo,malganis,447,deathknight,unholy,11,5,6
Fearfull,hyjal,447,deathknight,unholy,16,5,11
Sorry,ysera,432,deathknight,unholy,9,6,3
Zytira,wyrmrest-accord,431,deathknight,unholy,11,5,6
Furiel,mugthol,430,deathknight,unholy,9,6,3
Spôôn,aggramar,430,deathknight,unholy,11,5,6
Ðecaying,area-52,426,deathknight,unholy,12,6,6
Icecreamlife,chogall,426,deathknight,unholy,21,6,15
Slapbag,kelthuzad,425,deathknight,unholy,15,6,9
Dtrayn,tichondrius,416,deathknight,unholy,10,5,5
Higeki,area-52,415,deathknight,unholy,8,5,3
Testifier,illidan,415,deathknight,unholy,8,5,3
Shiminy,chogall,415,deathknight,unholy,10,5,5
Frostology,echo-isles,399,deathknight,unholy,5,5,0
Zèro,moonrunner,384,deathknight,unholy,6,4,2
Tibocourtois,tichondrius,384,deathknight,unholy,6,4,2
Beetroots,area-52,384,deathknight,unholy,6,4,2
Ragnarøs,stormrage,384,deathknight,unholy,6,4,2
Koreandk,tichondrius,384,deathknight,unholy,6,4,2
Nbahooper,area-52,384,deathknight,unholy,6,4,2
Tinytimzy,perenolde,384,deathknight,unholy,6,4,2
Janaru,bloodscalp,384,deathknight,unholy,6,4,2
Chooksknight,tichondrius,384,deathknight,unholy,6,4,2
Ðrift,azralon,384,deathknight,unholy,6,4,2
Futruth,khaz-modan,384,deathknight,unholy,6,4,2
Hiki,ragnaros,384,deathknight,unholy,6,4,2
Zeathial,moon-guard,384,deathknight,unholy,6,4,2
Lxsol,illidan,384,deathknight,unholy,6,4,2
Beerknight,frostmourne,384,deathknight,unholy,6,4,2
Whaleofwales,ysondre,384,deathknight,unholy,6,4,2
Mistmoorex,stormscale,384,deathknight,unholy,6,4,2
Easyunholy,tichondrius,384,deathknight,unholy,6,4,2
Vampygeizt,zuljin,384,deathknight,unholy,6,4,2
Koév,ragnaros,384,deathknight,unholy,6,4,2
Hlw,tichondrius,384,deathknight,unholy,6,4,2
Chillbruh,garrosh,384,deathknight,unholy,6,4,2
Darkswar,barthilas,384,deathknight,unholy,6,4,2
Keator,tichondrius,384,deathknight,unholy,6,4,2
Lucaa,icecrown,384,deathknight,unholy,6,4,2
Murphu,stormrage,384,deathknight,unholy,6,4,2
Peacebringer,frostmourne,384,deathknight,unholy,6,4,2
Pleasecakes,blood-furnace,384,deathknight,unholy,9,5,4
Wankekong,zuljin,384,deathknight,unholy,12,4,8
Capergrip,tichondrius,384,deathknight,unholy,12,4,8
Deathhimself,moonrunner,384,deathknight,unholy,12,4,8
Lìlith,dreadmaul,384,deathknight,unholy,12,4,8
Cäin,dreadmaul,384,deathknight,unholy,12,4,8
Cald,bonechewer,384,deathknight,unholy,12,4,8
Yeetmaster,area-52,384,deathknight,unholy,12,4,8
Wúhan,moon-guard,384,deathknight,unholy,12,4,8
Saberest,tichondrius,384,deathknight,unholy,12,4,8
Daellius,ragnaros,384,deathknight,unholy,12,4,8
Pharoahx,gurubashi,384,deathknight,unholy,12,4,8
Froztknight,anubarak,384,deathknight,unholy,12,4,8
Hounura,dathremar,384,deathknight,unholy,12,4,8
Coronä,malfurion,384,deathknight,unholy,12,4,8
Dkekk,illidan,384,deathknight,unholy,12,4,8
Cokedrip,bleeding-hollow,384,deathknight,unholy,12,4,8
Sandooñ,tichondrius,384,deathknight,unholy,12,4,8
Shehanshah,area-52,384,deathknight,unholy,12,4,8
Assidik,dathremar,384,deathknight,unholy,12,4,8
Raakaa,ghostlands,384,deathknight,unholy,12,4,8
Plaguetongue,magtheridon,384,deathknight,unholy,12,4,8
Reizü,ragnaros,384,deathknight,unholy,12,4,8
Dalka,laughing-skull,384,deathknight,unholy,12,4,8
Grýmm,bonechewer,384,deathknight,unholy,12,4,8
Ändead,tichondrius,384,deathknight,unholy,12,4,8
Bealzabub,sargeras,384,deathknight,unholy,12,4,8
Mardrank,stormrage,384,deathknight,unholy,12,4,8
Hikikomori,hydraxis,384,deathknight,unholy,12,4,8
Çorn,sargeras,384,deathknight,unholy,12,4,8
Noiksnow,azralon,384,deathknight,unholy,12,4,8
Danteloki,proudmoore,384,deathknight,unholy,12,4,8
Boogers,cenarion-circle,384,deathknight,unholy,12,4,8
Tirdinn,madoran,384,deathknight,unholy,12,4,8
Threehunned,frostmourne,384,deathknight,unholy,12,4,8
Ambagrips,frostmourne,384,deathknight,unholy,12,4,8
Mournehowl,stormrage,384,deathknight,unholy,12,4,8
Azryull,perenolde,384,deathknight,unholy,12,4,8
Tyrien,frostmane,384,deathknight,unholy,12,4,8
Atumor,frostmourne,384,deathknight,unholy,18,4,14
Golgothic,sargeras,384,deathknight,unholy,18,4,14
Avengis,bleeding-hollow,384,deathknight,unholy,18,4,14
Drzièglér,tichondrius,384,deathknight,unholy,18,4,14
Bjorstad,moon-guard,384,deathknight,unholy,18,4,14
Lho,caelestrasz,384,deathknight,unholy,18,4,14
Wkxx,tichondrius,384,deathknight,unholy,18,4,14
Bultek,sargeras,384,deathknight,unholy,18,4,14
Sofz,tichondrius,384,deathknight,unholy,18,4,14
Turbotoxic,illidan,383,deathknight,unholy,6,4,2
Deathbring,turalyon,383,deathknight,unholy,6,4,2
Flazzul,kiljaeden,383,deathknight,unholy,6,4,2
Maligolde,nemesis,383,deathknight,unholy,12,4,8
Optics,bleeding-hollow,383,deathknight,unholy,12,4,8
Plaguedoctor,moon-guard,383,deathknight,unholy,12,4,8
Superjessdk,area-52,383,deathknight,unholy,12,4,8
Ziona,archimonde,383,deathknight,unholy,18,4,14
Urineman,tichondrius,382,deathknight,unholy,6,4,2
Jinxtar,wyrmrest-accord,382,deathknight,unholy,6,4,2
Hobyrt,bleeding-hollow,382,deathknight,unholy,6,4,2
Eyedeas,emerald-dream,382,deathknight,unholy,12,4,8
Brantodne,galakrond,379,deathknight,unholy,12,4,8
Atakan,burning-blade,367,deathknight,unholy,11,4,7
Dêåthknight,tichondrius,351,deathknight,unholy,8,5,3
Whosdead,area-52,351,deathknight,unholy,11,4,7
Azupo,aerie-peak,351,deathknight,unholy,14,5,9
Zuum,kelthuzad,351,deathknight,unholy,17,4,13
Zygon,thrall,336,deathknight,unholy,9,4,5
Rompeimën,ragnaros,330,deathknight,unholy,17,7,10
Ekaj,azuremyst,319,deathknight,unholy,5,4,1
Rodeon,azgalor,291,deathknight,unholy,13,5,8
Anderius,tichondrius,288,deathknight,unholy,6,3,3
Nifftybear,tichondrius,288,deathknight,unholy,6,3,3
Northwing,sargeras,288,deathknight,unholy,6,3,3
Turtoise,tichondrius,288,deathknight,unholy,6,3,3
Jerkin,area-52,288,deathknight,unholy,6,3,3
Vinaroth,kiljaeden,288,deathknight,unholy,6,3,3
Smokeyjoe,aegwynn,288,deathknight,unholy,6,3,3
Frostdest,kiljaeden,288,deathknight,unholy,6,3,3
Mindflayers,area-52,288,deathknight,unholy,6,3,3
Katnajs,zuljin,288,deathknight,unholy,6,3,3
Kälämity,stormrage,288,deathknight,unholy,6,3,3
Kossero,thunderlord,288,deathknight,unholy,6,3,3
Ariacy,sargeras,288,deathknight,unholy,6,3,3
Almatafh,azralon,288,deathknight,unholy,6,3,3
Outbrèak,sargeras,288,deathknight,unholy,6,3,3
Necrotictko,tichondrius,288,deathknight,unholy,6,3,3
Icefrost,ghostlands,288,deathknight,unholy,6,3,3
Matea,ragnaros,288,deathknight,unholy,6,3,3
Marash,moon-guard,288,deathknight,unholy,6,3,3
Forgos,ragnaros,288,deathknight,unholy,6,3,3
Greizul,area-52,288,deathknight,unholy,6,3,3
Disritmia,stormrage,288,deathknight,unholy,6,3,3
Viscerus,stormrage,288,deathknight,unholy,6,3,3
Vcadk,ragnaros,288,deathknight,unholy,6,3,3
Trant,tichondrius,288,deathknight,unholy,6,3,3
Petkick,tichondrius,288,deathknight,unholy,6,3,3
Dizzyswiftz,tichondrius,288,deathknight,unholy,6,3,3
Tradestrok,ragnaros,288,deathknight,unholy,6,3,3
Barricus,stonemaul,288,deathknight,unholy,6,3,3
Alivaron,lothar,288,deathknight,unholy,6,3,3
Shookdnation,suramar,288,deathknight,unholy,6,3,3
Martinnash,emerald-dream,288,deathknight,unholy,6,3,3
Graciemacie,area-52,288,deathknight,unholy,6,3,3
Vexmaw,twisting-nether,288,deathknight,unholy,6,3,3
Adavynn,darkspear,288,deathknight,unholy,6,3,3
Nalec,tichondrius,288,deathknight,unholy,6,3,3
Jorich,ragnaros,288,deathknight,unholy,6,3,3
Malairia,area-52,288,deathknight,unholy,6,3,3
Lafourche,sargeras,288,deathknight,unholy,6,3,3
Mendoh,tichondrius,288,deathknight,unholy,6,3,3
Ego,blackrock,288,deathknight,unholy,6,3,3
Rentt,malganis,288,deathknight,unholy,6,3,3
Wakkaflaca,bleeding-hollow,288,deathknight,unholy,6,3,3
Redrox,tichondrius,288,deathknight,unholy,6,3,3
Mýrrh,wyrmrest-accord,288,deathknight,unholy,6,3,3
Mawvac,quelthalas,288,deathknight,unholy,6,3,3
Xathrrid,stormrage,288,deathknight,unholy,6,3,3
Legendåryx,sargeras,288,deathknight,unholy,6,3,3
Llok,area-52,288,deathknight,unholy,6,3,3
Inscipid,frostmourne,288,deathknight,unholy,6,3,3
Graket,vashj,288,deathknight,unholy,6,3,3
Shiggylich,dalaran,288,deathknight,unholy,6,3,3
Chrønnøz,nemesis,288,deathknight,unholy,6,3,3
Ödens,dalaran,288,deathknight,unholy,6,3,3
Leinandk,illidan,288,deathknight,unholy,6,3,3
Drippedout,illidan,288,deathknight,unholy,6,3,3
Cycho,thaurissan,288,deathknight,unholy,6,3,3
Frenzza,frostmourne,288,deathknight,unholy,6,3,3
Pizy,frostmourne,288,deathknight,unholy,6,3,3
Mikeoxmaul,frostmourne,288,deathknight,unholy,6,3,3
Zarataylor,frostmourne,288,deathknight,unholy,6,3,3
Plaguewar,thrall,288,deathknight,unholy,6,3,3
Micteca,moonrunner,288,deathknight,unholy,7,3,4
Oroborus,korgath,288,deathknight,unholy,8,3,5
Erintodd,azshara,288,deathknight,unholy,9,3,6
Chosenrune,stormrage,288,deathknight,unholy,12,3,9
Garonse,wyrmrest-accord,288,deathknight,unholy,12,3,9
Lolgriped,tichondrius,288,deathknight,unholy,12,3,9
Chosenhero,stormrage,288,deathknight,unholy,12,3,9
Torsophuk,stormrage,288,deathknight,unholy,12,3,9
Bloodemperor,malfurion,288,deathknight,unholy,12,3,9
Socalaj,malorne,288,deathknight,unholy,12,3,9
Zerky,stormrage,288,deathknight,unholy,12,3,9
Monöri,ragnaros,288,deathknight,unholy,12,3,9
Danlorinis,moon-guard,288,deathknight,unholy,12,3,9
Gersinhu,azralon,288,deathknight,unholy,12,3,9
Rottenqunt,tichondrius,288,deathknight,unholy,12,3,9
Hynzst,barthilas,288,deathknight,unholy,12,3,9
Spaxz,illidan,288,deathknight,unholy,12,3,9
Supermane,jubeithos,288,deathknight,unholy,12,3,9
Mongomongo,malganis,288,deathknight,unholy,12,3,9
Shmoe,auchindoun,288,deathknight,unholy,12,3,9
Uncoachablex,illidan,288,deathknight,unholy,12,3,9
Gazgol,tichondrius,288,deathknight,unholy,12,3,9
Shmeckla,tichondrius,288,deathknight,unholy,12,3,9
Kaspbrak,destromath,288,deathknight,unholy,12,3,9
Morbo,proudmoore,288,deathknight,unholy,12,3,9
Belfknightt,area-52,288,deathknight,unholy,12,3,9
Inigomontana,moon-guard,288,deathknight,unholy,12,3,9
Techneeq,tichondrius,288,deathknight,unholy,12,3,9
Fokit,barthilas,288,deathknight,unholy,12,3,9
Lsdee,maiev,288,deathknight,unholy,12,3,9
Gigabone,tichondrius,288,deathknight,unholy,12,3,9
Coffeemilk,kiljaeden,288,deathknight,unholy,13,3,10
Dixqt,deathwing,288,deathknight,unholy,18,3,15
Deathsent,malganis,288,deathknight,unholy,18,3,15
Angerforge,illidan,288,deathknight,unholy,18,3,15
Malovv,nemesis,287,deathknight,unholy,6,3,3
Deadmedic,quelthalas,287,deathknight,unholy,6,3,3
Livor,ragnaros,287,deathknight,unholy,6,3,3
Chanskey,stormrage,287,deathknight,unholy,9,3,6
Kreachuer,lightbringer,287,deathknight,unholy,12,3,9
Morthul,tol-barad,287,deathknight,unholy,12,3,9
Soulgrinder,earthen-ring,286,deathknight,unholy,6,3,3
Orthason,moon-guard,286,deathknight,unholy,6,3,3
Trukutruu,drakkari,286,deathknight,unholy,6,3,3
Copy,suramar,271,deathknight,unholy,11,3,8
Explorer,kelthuzad,256,deathknight,unholy,10,3,7
Milkdrugs,daggerspine,256,deathknight,unholy,10,3,7
Guffles,tichondrius,256,deathknight,unholy,16,3,13
Baskel,frostmane,255,deathknight,unholy,11,3,8
Deathrowe,blackhand,240,deathknight,unholy,9,3,6
Leoprime,area-52,239,deathknight,unholy,5,3,2
Dairboi,sargeras,239,deathknight,unholy,5,3,2
Originalsin,tichondrius,239,deathknight,unholy,11,3,8
Elrog,nemesis,234,deathknight,unholy,13,4,9
Tinylich,arthas,234,deathknight,unholy,16,4,12
Ðëthbringër,jubeithos,223,deathknight,unholy,14,3,11
Crypton,tichondrius,208,deathknight,unholy,13,3,10
Gankhiss,emerald-dream,201,deathknight,unholy,11,4,7
Charabone,ragnaros,192,deathknight,unholy,4,3,1
Chunkdk,stormrage,192,deathknight,unholy,4,3,1
Tèrok,stormrage,192,deathknight,unholy,6,2,4
Válhállá,ragnaros,192,deathknight,unholy,6,2,4
Dkgrrick,bleeding-hollow,192,deathknight,unholy,6,2,4
Teedk,drakthul,192,deathknight,unholy,6,2,4
Gooré,ragnaros,192,deathknight,unholy,6,2,4
Cailras,argent-dawn,192,deathknight,unholy,6,2,4
Nightdaddyy,laughing-skull,192,deathknight,unholy,6,2,4
Ghaliö,sargeras,192,deathknight,unholy,6,2,4
Ahmisu,tichondrius,192,deathknight,unholy,6,2,4
Weedseagull,dragonmaw,192,deathknight,unholy,6,2,4
Mistake,ragnaros,192,deathknight,unholy,6,2,4
Afkftwok,illidan,192,deathknight,unholy,6,2,4
Questíonable,arthas,192,deathknight,unholy,6,2,4
Tanskeey,sargeras,192,deathknight,unholy,6,2,4
Dkb,drakthul,192,deathknight,unholy,6,2,4
Gurin,sargeras,192,deathknight,unholy,6,2,4
Pandauh,proudmoore,192,deathknight,unholy,6,2,4
Blooddisease,frostmourne,192,deathknight,unholy,6,2,4
Tbop,ragnaros,192,deathknight,unholy,6,2,4
Onsslaught,sargeras,192,deathknight,unholy,6,2,4
Fatmamma,ragnaros,192,deathknight,unholy,6,2,4
Bealzabubb,sargeras,192,deathknight,unholy,6,2,4
Ovishi,ragnaros,192,deathknight,unholy,6,2,4
Orbo,elune,192,deathknight,unholy,6,2,4
Mesx,tichondrius,192,deathknight,unholy,6,2,4
Hurstules,barthilas,192,deathknight,unholy,6,2,4
Bogoraptor,emerald-dream,192,deathknight,unholy,6,2,4
Balstan,tichondrius,192,deathknight,unholy,6,2,4
Izanagidk,nemesis,192,deathknight,unholy,6,2,4
Mkownz,tichondrius,192,deathknight,unholy,6,2,4
Kmardk,area-52,192,deathknight,unholy,6,2,4
Wheybolic,quelthalas,192,deathknight,unholy,6,2,4
Mythandour,shandris,192,deathknight,unholy,6,2,4
Benweth,dalaran,192,deathknight,unholy,6,2,4
Jelcox,quelthalas,192,deathknight,unholy,6,2,4
Junepí,stormrage,192,deathknight,unholy,6,2,4
Rakelan,area-52,192,deathknight,unholy,6,2,4
Corscadden,zuljin,192,deathknight,unholy,6,2,4
Fizzease,illidan,192,deathknight,unholy,6,2,4
Zilli,blackrock,192,deathknight,unholy,6,2,4
Daddyspankme,frostmane,192,deathknight,unholy,6,2,4
Lokzw,azralon,192,deathknight,unholy,6,2,4
Dkdkdkdkdk,chromaggus,192,deathknight,unholy,6,2,4
Disturbedtwo,azralon,192,deathknight,unholy,6,2,4
Supfam,tichondrius,192,deathknight,unholy,6,2,4
Chandsformer,tichondrius,192,deathknight,unholy,6,2,4
Havasu,proudmoore,192,deathknight,unholy,6,2,4
Eastcoast,azuremyst,192,deathknight,unholy,6,2,4
Twocolors,gilneas,192,deathknight,unholy,6,2,4
Hastë,proudmoore,192,deathknight,unholy,6,2,4
Grimreminder,zuljin,192,deathknight,unholy,6,2,4
Mako,garithos,192,deathknight,unholy,6,2,4
Bbeanie,tichondrius,192,deathknight,unholy,6,2,4
Moonkhink,stormrage,192,deathknight,unholy,6,2,4
Astaxstaria,bladefist,192,deathknight,unholy,6,2,4
Dhaarok,malganis,192,deathknight,unholy,6,2,4
Kranaz,barthilas,192,deathknight,unholy,6,2,4
Lunatick,darkspear,192,deathknight,unholy,6,2,4
Orcazmic,area-52,192,deathknight,unholy,6,2,4
Menalise,moon-guard,192,deathknight,unholy,6,2,4
Merewen,lightnings-blade,192,deathknight,unholy,6,2,4
Deathscythè,barthilas,192,deathknight,unholy,6,2,4
Classtrial,kelthuzad,192,deathknight,unholy,6,2,4
Sieg,goldrinn,192,deathknight,unholy,6,2,4
Tristam,area-52,192,deathknight,unholy,6,2,4
Saraphdk,area-52,192,deathknight,unholy,6,2,4
Darthnite,darkspear,192,deathknight,unholy,6,2,4
Semisoftbody,malganis,192,deathknight,unholy,6,2,4
Otr,wyrmrest-accord,192,deathknight,unholy,6,2,4
Kniightdkk,kelthuzad,192,deathknight,unholy,6,2,4
Vlladimir,kelthuzad,192,deathknight,unholy,6,2,4
Ðreak,azralon,192,deathknight,unholy,12,2,10
Murumuru,bleeding-hollow,192,deathknight,unholy,12,2,10
Zerodk,kelthuzad,192,deathknight,unholy,12,2,10
Víní,azralon,192,deathknight,unholy,12,2,10
Giraldus,stormrage,192,deathknight,unholy,12,2,10
Rinzlerx,illidan,192,deathknight,unholy,12,2,10
Kookx,tichondrius,192,deathknight,unholy,12,2,10
Corzmaen,illidan,192,deathknight,unholy,12,2,10
Mystery,wyrmrest-accord,192,deathknight,unholy,12,2,10
Rykard,hyjal,192,deathknight,unholy,12,2,10
Astrødk,tichondrius,192,deathknight,unholy,12,2,10
Chachea,kiljaeden,192,deathknight,unholy,12,2,10
Ovulating,malganis,192,deathknight,unholy,12,2,10
Nightrose,skullcrusher,192,deathknight,unholy,12,2,10
Maliceborn,stormrage,192,deathknight,unholy,12,2,10
Kzen,skullcrusher,192,deathknight,unholy,12,2,10
Ðìvíne,illidan,192,deathknight,unholy,12,2,10
Tacofoxlol,tichondrius,192,deathknight,unholy,12,2,10
Cow,sargeras,192,deathknight,unholy,12,2,10
Stteve,proudmoore,192,deathknight,unholy,12,2,10
Ìnsanity,barthilas,192,deathknight,unholy,12,2,10
Geliòn,quelthalas,192,deathknight,unholy,12,2,10
Taelse,medivh,192,deathknight,unholy,12,2,10
Katiaany,quelthalas,192,deathknight,unholy,18,2,16
Calabrass,mannoroth,192,deathknight,unholy,18,2,16
Dxn,nemesis,192,deathknight,unholy,18,2,16
Malkiss,kirin-tor,191,deathknight,unholy,6,2,4
Mormonpest,illidan,191,deathknight,unholy,6,2,4
Larrisey,illidan,191,deathknight,unholy,6,2,4
Kaýlea,azralon,191,deathknight,unholy,6,2,4
Amopeitos,stormrage,159,deathknight,unholy,8,3,5
Glacíuss,ragnaros,138,deathknight,unholy,9,4,5
Larímar,tichondrius,138,deathknight,unholy,9,3,6
Undêrtaker,sargeras,138,deathknight,unholy,9,3,6
Patchi,area-52,138,deathknight,unholy,14,4,10
Deadge,blackrock,128,deathknight,unholy,4,2,2
Caotix,bleeding-hollow,96,deathknight,unholy,3,2,1
Uniön,sargeras,96,deathknight,unholy,3,2,1
Overpony,area-52,96,deathknight,unholy,3,2,1
Mtridew,moon-guard,96,deathknight,unholy,6,1,5
Requísition,barthilas,96,deathknight,unholy,6,1,5
Stormsick,ragnaros,96,deathknight,unholy,6,1,5
Tìtø,ragnaros,96,deathknight,unholy,6,1,5
Report,dathremar,96,deathknight,unholy,6,1,5
Ziedrich,sargeras,96,deathknight,unholy,6,1,5
Apeirøn,quelthalas,96,deathknight,unholy,6,1,5
Gnargnarr,firetree,96,deathknight,unholy,6,1,5
Alexanderz,quelthalas,96,deathknight,unholy,6,1,5
Dheyqu,quelthalas,96,deathknight,unholy,6,1,5
Dekadart,quelthalas,96,deathknight,unholy,6,1,5
Dknightor,dalaran,96,deathknight,unholy,6,1,5
Neofrank,drakkari,96,deathknight,unholy,6,1,5
Vicedro,arthas,96,deathknight,unholy,6,1,5
ßlazedkush,kelthuzad,96,deathknight,unholy,6,1,5
Goldpowerz,kelthuzad,96,deathknight,unholy,6,1,5
Drip,whisperwind,96,deathknight,unholy,6,1,5
Snipestrike,area-52,96,deathknight,unholy,6,1,5
Zalåel,area-52,96,deathknight,unholy,6,1,5
Ahizen,illidan,96,deathknight,unholy,6,1,5
Jokenpi,illidan,96,deathknight,unholy,6,1,5
Sandolorian,area-52,96,deathknight,unholy,6,1,5
Dethklòk,area-52,96,deathknight,unholy,6,1,5
Lichhbanne,doomhammer,96,deathknight,unholy,6,1,5
Sever,demon-soul,96,deathknight,unholy,6,1,5
Rgn,deathwing,96,deathknight,unholy,6,1,5
Clave,bleeding-hollow,96,deathknight,unholy,6,1,5
Bulltille,azralon,96,deathknight,unholy,6,1,5
Ishamaael,tichondrius,96,deathknight,unholy,6,1,5
ßornkilla,tichondrius,96,deathknight,unholy,6,1,5
Argy,zuljin,96,deathknight,unholy,6,1,5
Otarin,tichondrius,96,deathknight,unholy,6,1,5
Barrodir,tichondrius,96,deathknight,unholy,6,1,5
Heavic,skywall,96,deathknight,unholy,6,1,5
Fantabanana,azralon,96,deathknight,unholy,6,1,5
Percy,thaurissan,96,deathknight,unholy,6,1,5
Zenin,emerald-dream,96,deathknight,unholy,6,1,5
Hunwild,emerald-dream,96,deathknight,unholy,6,1,5
Amö,emerald-dream,96,deathknight,unholy,6,1,5
Grimorra,bleeding-hollow,96,deathknight,unholy,6,1,5
Sharnathos,stormrage,96,deathknight,unholy,6,1,5
Bealzabbub,sargeras,96,deathknight,unholy,6,1,5
Lazynome,azshara,96,deathknight,unholy,6,1,5
Moldremover,frostmourne,96,deathknight,unholy,6,1,5
Veslemes,tichondrius,96,deathknight,unholy,6,1,5
Abake,illidan,96,deathknight,unholy,6,1,5
Vicesquad,tichondrius,96,deathknight,unholy,6,1,5
Papileche,tichondrius,96,deathknight,unholy,6,1,5
Original,muradin,96,deathknight,unholy,6,1,5
Paleopath,stormrage,96,deathknight,unholy,6,1,5
Krw,stormrage,96,deathknight,unholy,6,1,5
Zanáken,stormrage,96,deathknight,unholy,6,1,5
Terrethess,illidan,96,deathknight,unholy,6,1,5
Warraxe,draka,96,deathknight,unholy,6,1,5
Axiom,nemesis,96,deathknight,unholy,6,1,5
Iluvbooty,blackrock,96,deathknight,unholy,6,1,5
Andivh,hydraxis,96,deathknight,unholy,6,1,5
Nachohands,laughing-skull,96,deathknight,unholy,6,1,5
Alayssia,darkspear,96,deathknight,unholy,6,1,5
Rotfang,elune,96,deathknight,unholy,6,1,5
Karmakulaz,wildhammer,96,deathknight,unholy,6,1,5
Hushima,lightbringer,96,deathknight,unholy,6,1,5
Râzôr,korgath,96,deathknight,unholy,6,1,5
Loiseth,stormrage,96,deathknight,unholy,6,1,5
Dakiroenus,thrall,96,deathknight,unholy,6,1,5
Distrolldk,zuljin,96,deathknight,unholy,6,1,5
Tarone,zuljin,96,deathknight,unholy,6,1,5
Dontbanmepls,zuljin,96,deathknight,unholy,6,1,5
Gorgongosh,zuljin,96,deathknight,unholy,6,1,5
Killa,maiev,96,deathknight,unholy,6,1,5
Istery,thrall,96,deathknight,unholy,6,1,5
Bein,frostmourne,96,deathknight,unholy,6,1,5
Raicoron,zuljin,96,deathknight,unholy,6,1,5
Apocalypsis,uldum,96,deathknight,unholy,6,1,5
Plaguedoctor,thrall,96,deathknight,unholy,6,1,5
Perculës,sargeras,96,deathknight,unholy,7,1,6
Aqs,sargeras,96,deathknight,unholy,9,1,8
Vinsval,tichondrius,96,deathknight,unholy,12,1,11
Yorishomi,sargeras,96,deathknight,unholy,12,1,11
Blowout,barthilas,96,deathknight,unholy,12,1,11
Skadattle,emerald-dream,96,deathknight,unholy,12,1,11
Dípero,azralon,96,deathknight,unholy,12,1,11
Xeroxoxo,khadgar,96,deathknight,unholy,12,1,11
Klàssy,stormrage,96,deathknight,unholy,12,1,11
Darnkiller,kelthuzad,96,deathknight,unholy,18,1,17
Funerall,azralon,95,deathknight,unholy,12,1,11
Asfaq,frostmourne,63,deathknight,unholy,2,2,0
Deanz,stormrage,63,deathknight,unholy,2,2,0
Weebfiend,moon-guard,63,deathknight,unholy,8,2,6
Ayçe,proudmoore,58,deathknight,unholy,10,3,7
Spleem,stormrage,48,deathknight,unholy,3,1,2
Meenotaurenk,azralon,47,deathknight,unholy,3,1,2
Lördd,moon-guard,42,deathknight,unholy,11,3,8
Harrypottr,darrowmere,42,deathknight,unholy,8,2,6
Ryannë,azshara,42,deathknight,unholy,12,2,10
Panddemonio,gallywix,31,deathknight,unholy,2,1,1
Barcadia,burning-legion,16,deathknight,unholy,1,1,0
Doomstrike,azuremyst,16,deathknight,unholy,1,1,0
Pookr,area-52,2236,deathknight,frost,361,184,177
Yoinkzz,illidan,2177,deathknight,frost,137,70,67
Duranteh,illidan,2091,deathknight,frost,84,44,40
Grippygarý,illidan,2031,deathknight,frost,72,40,32
Axiomqt,tichondrius,2003,deathknight,frost,147,78,69
Venvicta,tichondrius,1972,deathknight,frost,56,40,16
Thânätos,nemesis,1956,deathknight,frost,114,58,56
Xelonith,sargeras,1954,deathknight,frost,66,33,33
Runtasticxz,tichondrius,1949,deathknight,frost,83,40,43
Plaw,kiljaeden,1945,deathknight,frost,47,26,21
Gkdm,tichondrius,1938,deathknight,frost,84,40,44
Ksmc,tichondrius,1935,deathknight,frost,126,65,61
Brutos,thrall,1890,deathknight,frost,59,32,27
Sylèss,tichondrius,1873,deathknight,frost,156,79,77
Mikepinkdk,illidan,1864,deathknight,frost,141,79,62
Dtcfasd,tichondrius,1846,deathknight,frost,128,74,54
Saco,malganis,1845,deathknight,frost,110,62,48
Gkdl,tichondrius,1845,deathknight,frost,42,21,21
Fastapii,tichondrius,1838,deathknight,frost,47,27,20
Gladiaturd,hellscream,1836,deathknight,frost,130,67,63
Scareth,proudmoore,1823,deathknight,frost,46,27,19
Iccyhottie,stormrage,1823,deathknight,frost,322,170,152
Crink,sargeras,1817,deathknight,frost,83,42,41
Deaddubya,illidan,1815,deathknight,frost,63,40,23
Gràkk,illidan,1810,deathknight,frost,78,44,34
Onsllaught,stormrage,1804,deathknight,frost,54,30,24
Dunduner,tichondrius,1803,deathknight,frost,36,23,13
Raiekko,dalaran,1797,deathknight,frost,92,42,50
Bellum,moon-guard,1765,deathknight,frost,89,43,46
Chillbaynê,the-scryers,1754,deathknight,frost,36,22,14
Unhappyvelic,tichondrius,1751,deathknight,frost,63,32,31
Mikeycal,stormrage,1749,deathknight,frost,113,54,59
Menalise,moon-guard,1744,deathknight,frost,48,27,21
Fastapi,tichondrius,1739,deathknight,frost,120,56,64
Sober,destromath,1738,deathknight,frost,155,79,76
Chillpills,stormrage,1717,deathknight,frost,48,22,26
Dkyeico,ragnaros,1706,deathknight,frost,114,54,60
Devcoil,sargeras,1706,deathknight,frost,54,22,32
Bikfrostyboi,barthilas,1702,deathknight,frost,66,40,26
Kryptikkyt,blackrock,1694,deathknight,frost,24,18,6
Bellybuster,malganis,1687,deathknight,frost,78,37,41
Deathboost,stormrage,1686,deathknight,frost,131,62,69
Whytedk,illidan,1685,deathknight,frost,48,21,27
Frosthana,illidan,1671,deathknight,frost,120,58,62
Jykupajr,proudmoore,1669,deathknight,frost,66,29,37
Remanent,tichondrius,1664,deathknight,frost,77,39,38
Onsslaught,sargeras,1658,deathknight,frost,48,18,30
Skullash,stormrage,1648,deathknight,frost,66,38,28
Børeas,quelthalas,1645,deathknight,frost,96,43,53
Azhid,tichondrius,1644,deathknight,frost,40,24,16
Beliath,crushridge,1633,deathknight,frost,41,18,23
Tzepesci,hyjal,1626,deathknight,frost,58,26,32
Worgenracist,tichondrius,1625,deathknight,frost,77,35,42
Percy,thaurissan,1624,deathknight,frost,277,135,142
Deadspellz,bleeding-hollow,1623,deathknight,frost,84,40,44
Sinizster,kelthuzad,1615,deathknight,frost,31,18,13
Ebolaxd,area-52,1614,deathknight,frost,42,21,21
Rekktless,aerie-peak,1613,deathknight,frost,78,40,38
Legendåryx,sargeras,1609,deathknight,frost,42,28,14
Darkwraith,illidan,1606,deathknight,frost,84,45,39
Toxismall,zuljin,1605,deathknight,frost,36,19,17
Vãl,sargeras,1601,deathknight,frost,302,152,150
Hazerlazer,arthas,1601,deathknight,frost,53,21,32
Blooddisease,frostmourne,1600,deathknight,frost,59,30,29
Fußuky,quelthalas,1569,deathknight,frost,91,46,45
Dromidon,darkspear,1561,deathknight,frost,83,44,39
Imfrozone,stormrage,1546,deathknight,frost,77,38,39
Zenin,emerald-dream,1543,deathknight,frost,62,31,31
Rembrandtdk,gorefiend,1531,deathknight,frost,155,82,73
Grakth,quelthalas,1527,deathknight,frost,66,37,29
Gordiie,stormrage,1519,deathknight,frost,122,65,57
Uzgard,zuljin,1517,deathknight,frost,77,44,33
Iskandàr,ragnaros,1517,deathknight,frost,44,21,23
Xhín,bleeding-hollow,1506,deathknight,frost,30,16,14
Iriwa,tichondrius,1498,deathknight,frost,42,16,26
Zemzil,tichondrius,1496,deathknight,frost,86,38,48
Report,dathremar,1494,deathknight,frost,75,38,37
Iceice,emerald-dream,1488,deathknight,frost,156,81,75
Theronranger,kelthuzad,1484,deathknight,frost,96,50,46
Shubertx,tichondrius,1478,deathknight,frost,71,36,35
Abrahams,tichondrius,1476,deathknight,frost,132,66,66
Freshzzk,azralon,1472,deathknight,frost,163,86,77
Deathzpeckt,tichondrius,1469,deathknight,frost,114,52,62
Trødz,tichondrius,1468,deathknight,frost,87,42,45
Lho,caelestrasz,1465,deathknight,frost,107,54,53
Gripnpull,tichondrius,1462,deathknight,frost,42,23,19
Algeross,dalaran,1457,deathknight,frost,166,78,88
Corrpsse,tichondrius,1453,deathknight,frost,221,113,108
Shobiz,barthilas,1453,deathknight,frost,48,21,27
Bâttalion,illidan,1453,deathknight,frost,48,20,28
Dekanok,korgath,1452,deathknight,frost,30,16,14
Khorvusfel,frostmourne,1452,deathknight,frost,49,23,26
Icewalløw,darkspear,1452,deathknight,frost,48,22,26
Sécret,tichondrius,1451,deathknight,frost,50,30,20
Khaíne,wyrmrest-accord,1450,deathknight,frost,75,36,39
Tekc,nemesis,1442,deathknight,frost,218,112,106
Jazh,tichondrius,1441,deathknight,frost,59,23,36
Tangarang,dalaran,1440,deathknight,frost,98,47,51
Zerhistran,proudmoore,1439,deathknight,frost,45,20,25
Umbramane,tichondrius,1438,deathknight,frost,45,22,23
Lókhä,thrall,1433,deathknight,frost,70,36,34
Laylowk,frostmourne,1430,deathknight,frost,38,20,18
Vust,malganis,1428,deathknight,frost,60,31,29
Frostunholy,tichondrius,1427,deathknight,frost,36,18,18
Kekkijutsu,bleeding-hollow,1424,deathknight,frost,42,23,19
Kodokuna,bleeding-hollow,1424,deathknight,frost,30,15,15
Vuldy,blackhand,1417,deathknight,frost,57,30,27
Ðerion,stormrage,1414,deathknight,frost,146,65,81
Amarlana,mannoroth,1412,deathknight,frost,24,15,9
Tåx,tanaris,1412,deathknight,frost,51,30,21
Sandooñ,tichondrius,1412,deathknight,frost,156,79,77
Enobrah,proudmoore,1409,deathknight,frost,72,33,39
Bossk,emerald-dream,1403,deathknight,frost,42,18,24
Emanuels,quelthalas,1401,deathknight,frost,131,64,67
Stormitt,illidan,1397,deathknight,frost,54,20,34
Bridenbrad,quelthalas,1393,deathknight,frost,60,36,24
Eldavò,quelthalas,1393,deathknight,frost,60,25,35
Dkbunny,thaurissan,1388,deathknight,frost,42,15,27
Ron,spirestone,1387,deathknight,frost,46,26,20
Biggil,tichondrius,1386,deathknight,frost,35,21,14
Clongeus,tichondrius,1374,deathknight,frost,54,25,29
Satalas,tichondrius,1373,deathknight,frost,88,41,47
Biotics,barthilas,1363,deathknight,frost,30,18,12
Nevermor,malganis,1362,deathknight,frost,104,53,51
Unholycube,zuljin,1361,deathknight,frost,60,23,37
Rylas,destromath,1360,deathknight,frost,177,88,89
Gwab,stormrage,1354,deathknight,frost,48,20,28
Lichborn,azralon,1352,deathknight,frost,77,35,42
Eloton,daggerspine,1350,deathknight,frost,35,18,17
Clapdat,malganis,1346,deathknight,frost,126,63,63
Kruspy,area-52,1345,deathknight,frost,59,31,28
Flúrrý,area-52,1342,deathknight,frost,18,14,4
Dreekon,bleeding-hollow,1341,deathknight,frost,34,19,15
Ariacy,sargeras,1341,deathknight,frost,30,14,16
Flavorchops,kelthuzad,1340,deathknight,frost,42,23,19
Jimmyjohnson,illidan,1339,deathknight,frost,170,87,83
Friggintough,tichondrius,1337,deathknight,frost,86,43,43
Dairboi,sargeras,1337,deathknight,frost,30,14,16
Alzenth,quelthalas,1332,deathknight,frost,45,27,18
Ellipsoro,onyxia,1332,deathknight,frost,84,37,47
Bizdale,frostmourne,1330,deathknight,frost,24,14,10
Sinyay,tichondrius,1328,deathknight,frost,106,60,46
Panthir,darkspear,1325,deathknight,frost,60,25,35
Ruggair,proudmoore,1320,deathknight,frost,30,14,16
Dontbanmepls,zuljin,1318,deathknight,frost,30,14,16
Janzano,deathwing,1314,deathknight,frost,38,20,18
Demønnation,illidan,1312,deathknight,frost,44,21,23
Biglimb,area-52,1308,deathknight,frost,33,15,18
Yödä,barthilas,1308,deathknight,frost,48,20,28
Ðëthbringër,jubeithos,1306,deathknight,frost,42,17,25
Alexeous,wyrmrest-accord,1304,deathknight,frost,127,57,70
Ântipaladin,arthas,1299,deathknight,frost,48,24,24
Nefarion,nathrezim,1298,deathknight,frost,47,18,29
Garryxz,quelthalas,1293,deathknight,frost,34,15,19
Darketvam,illidan,1290,deathknight,frost,58,35,23
Darkreígn,tichondrius,1286,deathknight,frost,101,52,49
Spoon,sargeras,1282,deathknight,frost,118,60,58
Sporkdk,illidan,1277,deathknight,frost,53,20,33
Kelistros,moon-guard,1276,deathknight,frost,57,23,34
Khalid,azgalor,1275,deathknight,frost,65,25,40
Abake,illidan,1267,deathknight,frost,62,30,32
Alexanderz,quelthalas,1264,deathknight,frost,36,15,21
Flins,nemesis,1262,deathknight,frost,572,287,285
Jackofblades,veknilash,1261,deathknight,frost,119,61,58
Himanshu,emerald-dream,1261,deathknight,frost,81,37,44
Barrodir,tichondrius,1251,deathknight,frost,111,57,54
Verhangnis,azjolnerub,1250,deathknight,frost,55,28,27
Blaid,nemesis,1245,deathknight,frost,48,29,19
Thetalis,moon-guard,1245,deathknight,frost,122,61,61
Mexe,ragnaros,1242,deathknight,frost,56,28,28
Thetissuebox,emerald-dream,1238,deathknight,frost,24,13,11
Rayden,frostmourne,1235,deathknight,frost,24,13,11
Surcäfauces,ragnaros,1234,deathknight,frost,27,14,13
Zivz,borean-tundra,1233,deathknight,frost,18,13,5
Bbeanie,tichondrius,1228,deathknight,frost,27,14,13
Enjal,stormrage,1222,deathknight,frost,80,37,43
Seeyoudiebr,gallywix,1221,deathknight,frost,48,21,27
Darkdeviliv,darkspear,1214,deathknight,frost,59,29,30
Soulfang,nemesis,1205,deathknight,frost,102,51,51
Zeró,wyrmrest-accord,1205,deathknight,frost,76,33,43
Dyingwolf,ragnaros,1202,deathknight,frost,33,18,15
Dekafinator,frostmourne,1197,deathknight,frost,42,24,18
Parksy,kelthuzad,1189,deathknight,frost,74,35,39
Ryudeus,lothar,1187,deathknight,frost,35,14,21
Zefdk,illidan,1186,deathknight,frost,48,27,21
Lospollos,tichondrius,1181,deathknight,frost,60,23,37
Dkapocalypse,azralon,1181,deathknight,frost,60,21,39
Nocreed,illidan,1175,deathknight,frost,54,18,36
Metaphysicsx,amanthul,1172,deathknight,frost,98,53,45
Moonnwater,frostmourne,1169,deathknight,frost,126,67,59
Zarathraz,ragnaros,1168,deathknight,frost,40,18,22
Renathâ,ragnaros,1167,deathknight,frost,42,15,27
Jordankg,tanaris,1165,deathknight,frost,41,16,25
Sephirott,boulderfist,1162,deathknight,frost,62,35,27
Lîch,azralon,1159,deathknight,frost,123,55,68
Darkdevilvii,tichondrius,1157,deathknight,frost,120,63,57
Jyantdeck,area-52,1156,deathknight,frost,37,22,15
Estali,kelthuzad,1152,deathknight,frost,134,59,75
Tìtø,ragnaros,1151,deathknight,frost,24,12,12
Mörrigham,stormrage,1150,deathknight,frost,24,12,12
Lxsol,illidan,1149,deathknight,frost,18,12,6
Garbage,sargeras,1146,deathknight,frost,24,12,12
Tambaknight,nemesis,1146,deathknight,frost,44,15,29
Laumuelden,ragnaros,1143,deathknight,frost,48,17,31
Janco,runetotem,1141,deathknight,frost,24,12,12
Carecaa,azralon,1136,deathknight,frost,60,25,35
Laboön,stormrage,1136,deathknight,frost,30,12,18
Bluex,silvermoon,1135,deathknight,frost,30,12,18
Hiki,ragnaros,1134,deathknight,frost,30,12,18
Griswold,windrunner,1132,deathknight,frost,50,28,22
Darfik,sargeras,1127,deathknight,frost,138,72,66
Tarknok,moon-guard,1123,deathknight,frost,24,12,12
Achilleo,quelthalas,1115,deathknight,frost,24,12,12
Rohdey,madoran,1114,deathknight,frost,129,54,75
Pembadk,tichondrius,1110,deathknight,frost,33,14,19
Panddemonio,gallywix,1109,deathknight,frost,72,30,42
Mawvac,quelthalas,1106,deathknight,frost,90,43,47
Deathscyythe,illidan,1098,deathknight,frost,29,12,17
Ixiefin,sargeras,1096,deathknight,frost,48,30,18
Jawyn,area-52,1096,deathknight,frost,30,12,18
Brumaks,quelthalas,1092,deathknight,frost,27,13,14
Ârtas,uldum,1090,deathknight,frost,39,16,23
Dantte,stormscale,1080,deathknight,frost,59,31,28
Úndead,barthilas,1064,deathknight,frost,29,17,12
Wap,bloodhoof,1056,deathknight,frost,18,11,7
Zephyx,lightbringer,1056,deathknight,frost,18,11,7
Vigasick,azralon,1056,deathknight,frost,24,11,13
Wãrson,bleeding-hollow,1056,deathknight,frost,36,16,20
Puppykisses,perenolde,1055,deathknight,frost,24,11,13
Getmad,anvilmar,1054,deathknight,frost,35,14,21
Cesarz,tichondrius,1053,deathknight,frost,24,11,13
Beanboyx,tichondrius,1053,deathknight,frost,24,11,13
Dknightkofwa,tichondrius,1052,deathknight,frost,22,12,10
Jhonnsnow,frostmourne,1051,deathknight,frost,24,11,13
Baaileyy,illidan,1050,deathknight,frost,18,11,7
Nalz,drakkari,1050,deathknight,frost,30,11,19
Dregdar,emerald-dream,1049,deathknight,frost,18,11,7
Eliagianluca,caelestrasz,1048,deathknight,frost,82,39,43
Nagaizao,nemesis,1047,deathknight,frost,30,14,16
Tightann,stormrage,1047,deathknight,frost,24,11,13
Malovv,nemesis,1042,deathknight,frost,18,12,6
Kace,amanthul,1042,deathknight,frost,93,44,49
Jasmíne,vashj,1041,deathknight,frost,18,11,7
Ztrain,proudmoore,1034,deathknight,frost,25,12,13
Freemoney,wyrmrest-accord,1034,deathknight,frost,24,11,13
Sllice,aegwynn,1034,deathknight,frost,30,11,19
Dkptador,azralon,1029,deathknight,frost,222,104,118
Raegywn,blood-furnace,1022,deathknight,frost,29,11,18
Janoh,the-scryers,1021,deathknight,frost,44,19,25
Dèadpool,blackhand,1011,deathknight,frost,24,15,9
Ciputra,blood-furnace,1009,deathknight,frost,71,38,33
Roarbane,muradin,1004,deathknight,frost,72,37,35
Sandolorian,area-52,996,deathknight,frost,30,14,16
Icedmilk,zuluhed,994,deathknight,frost,43,22,21
ßlazedkush,kelthuzad,989,deathknight,frost,36,18,18
Thebigknight,deathwing,983,deathknight,frost,34,18,16
Tarone,zuljin,981,deathknight,frost,27,14,13
Vorlakesh,boulderfist,979,deathknight,frost,22,11,11
Sakaarr,bleeding-hollow,975,deathknight,frost,60,27,33
Vanyor,wyrmrest-accord,972,deathknight,frost,80,29,51
Skittsdk,thrall,966,deathknight,frost,24,12,12
Válhállá,ragnaros,964,deathknight,frost,29,11,18
Denale,darkspear,959,deathknight,frost,24,10,14
Riseup,area-52,959,deathknight,frost,24,10,14
Tokyotimxx,malganis,958,deathknight,frost,18,10,8
Frosqt,queldorei,957,deathknight,frost,12,10,2
Toothstick,stormrage,957,deathknight,frost,18,10,8
Fokit,barthilas,957,deathknight,frost,78,40,38
Serwestley,stormrage,956,deathknight,frost,18,10,8
Necrósy,azralon,955,deathknight,frost,18,10,8
Ryugetzu,drakkari,955,deathknight,frost,72,23,49
Axylus,kelthuzad,953,deathknight,frost,18,10,8
Bullbanger,runetotem,953,deathknight,frost,42,22,20
Dragoz,fizzcrank,950,deathknight,frost,18,10,8
Flûffÿ,thrall,945,deathknight,frost,24,10,14
Whoopsies,sargeras,942,deathknight,frost,84,35,49
Larrisey,illidan,940,deathknight,frost,33,18,15
Kraige,tichondrius,933,deathknight,frost,30,10,20
Aztecka,illidan,915,deathknight,frost,36,18,18
Grimmr,tichondrius,912,deathknight,frost,23,10,13
Ðreak,azralon,907,deathknight,frost,23,10,13
Kallugrax,kelthuzad,885,deathknight,frost,42,16,26
Pizzathehutt,nordrassil,868,deathknight,frost,30,10,20
Wahpow,frostwolf,864,deathknight,frost,12,9,3
Lokitabeso,ragnaros,864,deathknight,frost,12,9,3
Tofurious,barthilas,864,deathknight,frost,18,9,9
Lazenca,malganis,863,deathknight,frost,18,9,9
Zarakas,sargeras,863,deathknight,frost,24,9,15
Helcurt,hyjal,863,deathknight,frost,24,9,15
Thesseo,quelthalas,862,deathknight,frost,18,9,9
Chicnchsteak,tichondrius,862,deathknight,frost,30,9,21
Urieen,gorefiend,861,deathknight,frost,18,9,9
Loverianed,aerie-peak,859,deathknight,frost,207,93,114
Gypo,scilla,858,deathknight,frost,18,9,9
Siouxsiie,nemesis,857,deathknight,frost,18,9,9
Helguarde,dragonblight,853,deathknight,frost,30,13,17
Rensven,frostmourne,846,deathknight,frost,18,9,9
Frrost,earthen-ring,845,deathknight,frost,25,10,15
Wartodeath,illidan,843,deathknight,frost,18,9,9
Krowl,nagrand,834,deathknight,frost,18,9,9
Jessaminne,nordrassil,833,deathknight,frost,36,9,27
Frostyclaws,blackrock,829,deathknight,frost,23,9,14
Uncfester,onyxia,823,deathknight,frost,18,9,9
Madorderog,stormrage,823,deathknight,frost,46,20,26
Varrine,hyjal,821,deathknight,frost,54,25,29
Neowolf,azgalor,818,deathknight,frost,71,23,48
Neofrank,drakkari,802,deathknight,frost,60,16,44
Lindrayëda,moon-guard,798,deathknight,frost,19,10,9
Hoebliterate,proudmoore,798,deathknight,frost,20,9,11
Xslaught,maiev,798,deathknight,frost,28,10,18
Incanis,moon-guard,782,deathknight,frost,25,9,16
Lokitaßesos,ragnaros,768,deathknight,frost,12,8,4
Skidmarks,whisperwind,768,deathknight,frost,12,8,4
Havince,drenden,768,deathknight,frost,12,8,4
Lokítabesos,ragnaros,768,deathknight,frost,12,8,4
Sathanazz,ragnaros,767,deathknight,frost,12,8,4
Soulbone,wyrmrest-accord,767,deathknight,frost,18,8,10
Satisie,eitrigg,767,deathknight,frost,18,8,10
Acg,tichondrius,766,deathknight,frost,12,8,4
Kerigann,moon-guard,766,deathknight,frost,12,8,4
Artourias,wyrmrest-accord,766,deathknight,frost,12,8,4
Deadbeards,zuluhed,766,deathknight,frost,18,8,10
Shioms,quelthalas,766,deathknight,frost,35,13,22
Volithras,wyrmrest-accord,766,deathknight,frost,24,8,16
Deweybrown,smolderthorn,765,deathknight,frost,12,8,4
Dhrogar,moon-guard,762,deathknight,frost,12,8,4
Amauqsun,bleeding-hollow,762,deathknight,frost,18,8,10
Frostbytez,barthilas,761,deathknight,frost,16,9,7
Zarolden,tichondrius,759,deathknight,frost,24,8,16
Ryannë,azshara,759,deathknight,frost,37,8,29
Twicecursed,kelthuzad,758,deathknight,frost,18,8,10
Fexon,queldorei,758,deathknight,frost,33,10,23
Killa,maiev,745,deathknight,frost,18,8,10
Hansmclroy,trollbane,738,deathknight,frost,24,8,16
Monglord,arthas,733,deathknight,frost,27,9,18
Cowmedian,norgannon,730,deathknight,frost,28,8,20
Lafourche,sargeras,718,deathknight,frost,17,8,9
Xangrim,emerald-dream,704,deathknight,frost,16,8,8
Howlgore,burning-legion,702,deathknight,frost,20,8,12
Russkivolk,frostmourne,688,deathknight,frost,19,8,11
Dumbledore,deathwing,672,deathknight,frost,12,7,5
Bigfatdkk,illidan,672,deathknight,frost,12,7,5
Insanity,boulderfist,672,deathknight,frost,12,7,5
Reighart,kiljaeden,672,deathknight,frost,12,7,5
Zorkîn,spirestone,672,deathknight,frost,12,7,5
Frøzèñintïmê,tichondrius,672,deathknight,frost,12,7,5
Happynaru,tichondrius,672,deathknight,frost,12,7,5
Footodor,bleeding-hollow,672,deathknight,frost,12,7,5
Anexdk,korgath,672,deathknight,frost,18,7,11
Deathrey,kargath,672,deathknight,frost,18,7,11
Bersolgens,illidan,671,deathknight,frost,12,7,5
Kipchipperly,kelthuzad,671,deathknight,frost,12,7,5
Khutuzun,tichondrius,671,deathknight,frost,18,7,11
Mordekeiser,wyrmrest-accord,671,deathknight,frost,18,7,11
Pandauh,proudmoore,671,deathknight,frost,18,7,11
Unintended,barthilas,671,deathknight,frost,24,7,17
Zulomón,area-52,670,deathknight,frost,18,7,11
Thwap,sargeras,670,deathknight,frost,18,7,11
Fåîrÿdûst,skullcrusher,670,deathknight,frost,20,7,13
Elwoodblooz,stormrage,669,deathknight,frost,15,8,7
Diseez,illidan,669,deathknight,frost,18,7,11
Winterstone,moon-guard,669,deathknight,frost,18,7,11
Rottenqunt,tichondrius,668,deathknight,frost,12,7,5
Helvegum,tichondrius,668,deathknight,frost,12,7,5
Caravante,azralon,668,deathknight,frost,18,7,11
Cryptgore,moon-guard,665,deathknight,frost,18,7,11
Sgtdead,thrall,654,deathknight,frost,14,8,6
Oilasslover,illidan,646,deathknight,frost,21,9,12
Vayk,bleeding-hollow,639,deathknight,frost,16,7,9
Iiedown,stormrage,623,deathknight,frost,11,7,4
Infadelias,stormrage,623,deathknight,frost,17,7,10
Cozzasad,barthilas,607,deathknight,frost,14,7,7
Dreadmoore,wyrmrest-accord,607,deathknight,frost,16,7,9
Kaeligh,ragnaros,576,deathknight,frost,6,6,0
Inarius,caelestrasz,576,deathknight,frost,12,6,6
Qvox,area-52,576,deathknight,frost,12,6,6
Sparklekitty,illidan,576,deathknight,frost,12,6,6
Dreadlight,moon-guard,576,deathknight,frost,12,6,6
Darkxavros,stormrage,576,deathknight,frost,12,6,6
Piratehookah,sargeras,576,deathknight,frost,12,6,6
Billclintonn,sargeras,576,deathknight,frost,12,6,6
Aldrey,bonechewer,576,deathknight,frost,12,6,6
Ironslaught,moon-guard,576,deathknight,frost,12,6,6
Riglros,tichondrius,576,deathknight,frost,12,6,6
Hunrune,emerald-dream,576,deathknight,frost,12,6,6
Otarin,tichondrius,576,deathknight,frost,12,6,6
Rotfang,proudmoore,576,deathknight,frost,12,6,6
Dementrius,zuljin,576,deathknight,frost,12,6,6
Rennoc,emerald-dream,576,deathknight,frost,12,6,6
Chilivibes,boulderfist,576,deathknight,frost,18,6,12
Crimsondk,stormrage,576,deathknight,frost,18,6,12
Whosurbobby,area-52,576,deathknight,frost,18,6,12
Xhoul,sargeras,576,deathknight,frost,18,6,12
Arnagal,drakkari,576,deathknight,frost,18,6,12
Neaz,moon-guard,576,deathknight,frost,18,6,12
Astanddra,wyrmrest-accord,575,deathknight,frost,12,6,6
Kaelhc,illidan,575,deathknight,frost,12,6,6
Zamerz,malganis,575,deathknight,frost,12,6,6
Tooe,darrowmere,575,deathknight,frost,12,6,6
Davenn,stormrage,575,deathknight,frost,12,6,6
Getdiseases,illidan,575,deathknight,frost,18,6,12
Kóssak,black-dragonflight,575,deathknight,frost,18,6,12
Nezareth,sargeras,574,deathknight,frost,12,6,6
Bootyclapztv,tichondrius,574,deathknight,frost,12,6,6
Bloodbanne,darkspear,573,deathknight,frost,12,6,6
Ikaris,wildhammer,569,deathknight,frost,12,6,6
Cailras,argent-dawn,566,deathknight,frost,12,6,6
Ergoth,darkspear,564,deathknight,frost,30,6,24
Busynas,thrall,559,deathknight,frost,11,6,5
Werebuddy,lightnings-blade,528,deathknight,frost,15,6,9
Styxîa,sargeras,527,deathknight,frost,11,6,5
Rakutengirls,tichondrius,527,deathknight,frost,11,6,5
Bigdkk,thaurissan,516,deathknight,frost,29,10,19
Kookx,tichondrius,489,deathknight,frost,13,6,7
Necrôtic,area-52,480,deathknight,frost,6,5,1
Dænish,sargeras,480,deathknight,frost,6,5,1
Lokitaßeso,ragnaros,480,deathknight,frost,6,5,1
Vett,antonidas,480,deathknight,frost,6,5,1
ßlacklìsted,kelthuzad,480,deathknight,frost,12,5,7
Withered,area-52,480,deathknight,frost,12,5,7
Sidbane,kalecgos,480,deathknight,frost,12,5,7
Stevegates,tichondrius,480,deathknight,frost,12,5,7
Sithdog,blackrock,480,deathknight,frost,12,5,7
Flashofdark,proudmoore,480,deathknight,frost,12,5,7
Dooros,wyrmrest-accord,480,deathknight,frost,12,5,7
Subparatbest,chogall,480,deathknight,frost,12,5,7
Frozenhawk,lothar,480,deathknight,frost,12,5,7
Skyfalls,bleeding-hollow,480,deathknight,frost,12,5,7
Felasrianth,dathremar,480,deathknight,frost,12,5,7
Koda,thrall,480,deathknight,frost,12,5,7
Rumblepuppy,hyjal,480,deathknight,frost,12,5,7
Sinistarz,illidan,480,deathknight,frost,12,5,7
Martinnash,emerald-dream,480,deathknight,frost,12,5,7
Redbr,tichondrius,480,deathknight,frost,12,5,7
Darknessice,tichondrius,480,deathknight,frost,12,5,7
Hyondeath,tichondrius,480,deathknight,frost,12,5,7
Frostpanda,dalaran,480,deathknight,frost,12,5,7
Frozobagins,tichondrius,480,deathknight,frost,12,5,7
Froxe,sargeras,480,deathknight,frost,12,5,7
Slangnbang,tichondrius,480,deathknight,frost,16,5,11
Drzièglér,tichondrius,480,deathknight,frost,18,5,13
Saighast,illidan,480,deathknight,frost,18,5,13
Defeze,tichondrius,480,deathknight,frost,18,5,13
Bulltille,azralon,479,deathknight,frost,6,5,1
Moovement,illidan,479,deathknight,frost,6,5,1
Bëlzëbü,stormrage,479,deathknight,frost,6,5,1
Nalec,tichondrius,479,deathknight,frost,12,5,7
Aradorn,azralon,479,deathknight,frost,18,5,13
Sokthr,proudmoore,479,deathknight,frost,18,5,13
Kalahari,perenolde,479,deathknight,frost,30,5,25
Venimuos,bleeding-hollow,478,deathknight,frost,15,5,10
Adjudicated,darkspear,477,deathknight,frost,12,5,7
Ðecimate,muradin,476,deathknight,frost,12,5,7
Rogoroth,stormrage,475,deathknight,frost,12,5,7
Blueboots,emerald-dream,447,deathknight,frost,11,5,6
Greeasy,bleeding-hollow,446,deathknight,frost,17,5,12
Stëroids,shuhalo,426,deathknight,frost,15,7,8
Bluemanikin,area-52,416,deathknight,frost,10,5,5
Drizzth,ragnaros,413,deathknight,frost,8,5,3
Dìs,frostmourne,399,deathknight,frost,5,5,0
Unwantedgrab,sargeras,398,deathknight,frost,10,5,5
Gurrikhog,proudmoore,384,deathknight,frost,6,4,2
Bigdooks,area-52,384,deathknight,frost,6,4,2
Chachio,kiljaeden,384,deathknight,frost,6,4,2
Tontan,cairne,384,deathknight,frost,6,4,2
Kobrex,kelthuzad,384,deathknight,frost,6,4,2
Tanjus,kelthuzad,384,deathknight,frost,6,4,2
Well,archimonde,384,deathknight,frost,6,4,2
Teakillah,zuljin,384,deathknight,frost,6,4,2
Sera,blackrock,384,deathknight,frost,6,4,2
Nabreus,ragnaros,384,deathknight,frost,6,4,2
Aldebamuu,ragnaros,384,deathknight,frost,6,4,2
Anatøly,ragnaros,384,deathknight,frost,6,4,2
Orbo,elune,384,deathknight,frost,6,4,2
Ärlo,frostmourne,384,deathknight,frost,6,4,2
Khazgrim,chogall,384,deathknight,frost,6,4,2
Sauranak,bleeding-hollow,384,deathknight,frost,6,4,2
Xnightmàre,wildhammer,384,deathknight,frost,6,4,2
Deathguru,tichondrius,384,deathknight,frost,6,4,2
Laxatives,tichondrius,384,deathknight,frost,6,4,2
Primillion,tichondrius,384,deathknight,frost,6,4,2
Nerfdklul,illidan,384,deathknight,frost,6,4,2
Almostdead,proudmoore,384,deathknight,frost,12,4,8
Hooterzqt,tichondrius,384,deathknight,frost,12,4,8
Exiledknight,area-52,384,deathknight,frost,12,4,8
Deathrowe,blackhand,384,deathknight,frost,12,4,8
Thikness,tichondrius,384,deathknight,frost,12,4,8
Maxymillion,thrall,384,deathknight,frost,12,4,8
Zaddix,whisperwind,384,deathknight,frost,12,4,8
Shmacmiller,stormrage,384,deathknight,frost,12,4,8
Lichhbanne,doomhammer,384,deathknight,frost,12,4,8
Pyradine,amanthul,384,deathknight,frost,12,4,8
Silanvia,wyrmrest-accord,384,deathknight,frost,12,4,8
Astroroth,garrosh,384,deathknight,frost,12,4,8
Ðaz,zuljin,384,deathknight,frost,18,4,14
Gerardkyx,drakkari,384,deathknight,frost,19,4,15
Shinici,kelthuzad,383,deathknight,frost,9,5,4
Adoran,turalyon,383,deathknight,frost,12,4,8
Vithael,stormrage,383,deathknight,frost,12,4,8
Sorvett,azralon,383,deathknight,frost,18,4,14
Bloodmourne,barthilas,383,deathknight,frost,18,4,14
Sindragos,stormrage,382,deathknight,frost,12,4,8
Sübzerö,quelthalas,381,deathknight,frost,12,4,8
Deathvortex,nemesis,379,deathknight,frost,12,4,8
Sayga,ragnaros,360,deathknight,frost,23,8,15
Lokitakisses,ragnaros,351,deathknight,frost,11,4,7
Eltillible,ragnaros,336,deathknight,frost,15,4,11
Dkya,tichondrius,330,deathknight,frost,16,5,11
Xaldeth,moon-guard,319,deathknight,frost,14,4,10
Bunghoolio,nerzhul,315,deathknight,frost,16,4,12
Zygon,thrall,288,deathknight,frost,6,3,3
Cgg,tichondrius,288,deathknight,frost,6,3,3
Frostybones,guldan,288,deathknight,frost,6,3,3
Jughéad,thrall,288,deathknight,frost,6,3,3
Gunga,skullcrusher,288,deathknight,frost,6,3,3
Avantee,moon-guard,288,deathknight,frost,6,3,3
Mesx,tichondrius,288,deathknight,frost,6,3,3
Ghouldruis,barthilas,288,deathknight,frost,6,3,3
Dreadwheel,frostmourne,288,deathknight,frost,6,3,3
Egirlgripper,area-52,288,deathknight,frost,6,3,3
Noobender,burning-blade,288,deathknight,frost,6,3,3
Malthis,antonidas,288,deathknight,frost,6,3,3
Saraphdk,area-52,288,deathknight,frost,6,3,3
Clizforden,kelthuzad,288,deathknight,frost,6,3,3
Yamanji,wyrmrest-accord,288,deathknight,frost,6,3,3
Millariel,stormrage,288,deathknight,frost,6,3,3
Iröñ,baelgun,288,deathknight,frost,6,3,3
Störmrünner,kelthuzad,288,deathknight,frost,6,3,3
Deathgripx,area-52,288,deathknight,frost,6,3,3
Drpepp,bleeding-hollow,288,deathknight,frost,6,3,3
Alujin,arthas,288,deathknight,frost,6,3,3
Atheion,the-underbog,288,deathknight,frost,6,3,3
Mormegìl,fizzcrank,288,deathknight,frost,6,3,3
Standalizer,gilneas,288,deathknight,frost,6,3,3
Aquafina,nemesis,288,deathknight,frost,6,3,3
Supermane,jubeithos,288,deathknight,frost,6,3,3
Brojah,bonechewer,288,deathknight,frost,6,3,3
Plaugedone,lightbringer,288,deathknight,frost,6,3,3
Tyrulris,kelthuzad,288,deathknight,frost,6,3,3
Darthnite,darkspear,288,deathknight,frost,6,3,3
Sorenbjerg,zuljin,288,deathknight,frost,6,3,3
Trant,tichondrius,288,deathknight,frost,6,3,3
Víní,azralon,288,deathknight,frost,6,3,3
Doomdk,azralon,288,deathknight,frost,6,3,3
Kalevesicant,nesingwary,288,deathknight,frost,6,3,3
Zügzug,chogall,288,deathknight,frost,6,3,3
Démise,malganis,288,deathknight,frost,6,3,3
Dalka,laughing-skull,288,deathknight,frost,6,3,3
Gorsz,tichondrius,288,deathknight,frost,6,3,3
Yungdooks,area-52,288,deathknight,frost,6,3,3
Darkrise,laughing-skull,288,deathknight,frost,6,3,3
Étérnaldeath,ragnaros,288,deathknight,frost,6,3,3
Fatzilla,tichondrius,288,deathknight,frost,9,4,5
Fearfull,hyjal,288,deathknight,frost,10,4,6
Lòthlòria,mannoroth,288,deathknight,frost,12,3,9
Freyjani,moon-guard,288,deathknight,frost,12,3,9
Flarkness,area-52,288,deathknight,frost,12,3,9
Paíín,illidan,288,deathknight,frost,12,3,9
Toxicant,zuljin,288,deathknight,frost,12,3,9
Binkiess,korgath,288,deathknight,frost,12,3,9
Dkpeter,quelthalas,288,deathknight,frost,12,3,9
Janus,illidan,288,deathknight,frost,12,3,9
Nenó,illidan,288,deathknight,frost,12,3,9
Ironmikebysn,bronzebeard,288,deathknight,frost,12,3,9
Kendøll,sargeras,288,deathknight,frost,12,3,9
Biukanon,ragnaros,288,deathknight,frost,12,3,9
Moyjô,aggramar,288,deathknight,frost,15,3,12
Letum,lightbringer,287,deathknight,frost,6,3,3
Sinfulvoid,darkspear,287,deathknight,frost,6,3,3
Páthøgen,ravencrest,287,deathknight,frost,12,3,9
Dragoroth,zuluhed,286,deathknight,frost,6,3,3
Gnomey,area-52,255,deathknight,frost,8,4,4
Crukashongal,zuljin,240,deathknight,frost,9,4,5
Icycrazy,azralon,239,deathknight,frost,5,3,2
Hamze,stormrage,239,deathknight,frost,5,3,2
Onìì,aegwynn,234,deathknight,frost,10,5,5
Noplug,area-52,234,deathknight,frost,15,4,11
Bbcobliterat,proudmoore,234,deathknight,frost,22,4,18
Slyphan,area-52,192,deathknight,frost,4,3,1
Drknights,lightninghoof,192,deathknight,frost,9,3,6
Unholyreap,arthas,192,deathknight,frost,6,2,4
Yourunigrip,tichondrius,192,deathknight,frost,6,2,4
Fraýja,tichondrius,192,deathknight,frost,6,2,4
Rotfang,elune,192,deathknight,frost,6,2,4
Bigdragøn,tichondrius,192,deathknight,frost,6,2,4
Martufe,sargeras,192,deathknight,frost,6,2,4
Liche,wildhammer,192,deathknight,frost,6,2,4
Lichkong,dalaran,192,deathknight,frost,6,2,4
Noik,azralon,192,deathknight,frost,6,2,4
Dahaaka,malganis,192,deathknight,frost,6,2,4
Rulord,wyrmrest-accord,192,deathknight,frost,6,2,4
Greatiskoffe,dalaran,192,deathknight,frost,6,2,4
Khaarnís,moon-guard,192,deathknight,frost,6,2,4
Soutennizase,azralon,192,deathknight,frost,6,2,4
Ndz,quelthalas,192,deathknight,frost,6,2,4
Wheybolic,quelthalas,192,deathknight,frost,6,2,4
Pofokut,bleeding-hollow,192,deathknight,frost,6,2,4
Dkswaag,malganis,192,deathknight,frost,6,2,4
Bonusman,sargeras,192,deathknight,frost,6,2,4
Madslayer,tichondrius,192,deathknight,frost,6,2,4
Xorov,illidan,192,deathknight,frost,6,2,4
Deadlyforce,sargeras,192,deathknight,frost,6,2,4
Oreodeath,sargeras,192,deathknight,frost,6,2,4
Dego,tichondrius,192,deathknight,frost,6,2,4
Frosteezy,bleeding-hollow,192,deathknight,frost,6,2,4
Envisage,kelthuzad,192,deathknight,frost,6,2,4
Kreyun,bleeding-hollow,192,deathknight,frost,6,2,4
Jiza,frostmourne,192,deathknight,frost,6,2,4
Alderollar,stormrage,192,deathknight,frost,6,2,4
Edek,frostmourne,192,deathknight,frost,6,2,4
Blightedxmox,aegwynn,192,deathknight,frost,6,2,4
Chrønnøz,nemesis,192,deathknight,frost,6,2,4
Bànished,moon-guard,192,deathknight,frost,6,2,4
Frozenjuice,sargeras,192,deathknight,frost,6,2,4
Oldskul,sargeras,192,deathknight,frost,6,2,4
Hadeon,boulderfist,192,deathknight,frost,6,2,4
Darthchadmé,frostmourne,192,deathknight,frost,6,2,4
Nethaar,tichondrius,192,deathknight,frost,6,2,4
Darkríver,zuljin,192,deathknight,frost,6,2,4
Demise,stormrage,192,deathknight,frost,6,2,4
Khørne,area-52,192,deathknight,frost,6,2,4
Sayâ,frostmane,192,deathknight,frost,6,2,4
Deathbringèr,tichondrius,192,deathknight,frost,6,2,4
Synth,shattered-hand,192,deathknight,frost,6,2,4
Superlast,blackrock,192,deathknight,frost,6,2,4
Ningjinglol,tichondrius,192,deathknight,frost,6,2,4
Azibar,moon-guard,192,deathknight,frost,6,2,4
Nebuchadnezz,darkspear,192,deathknight,frost,6,2,4
Loiseth,stormrage,192,deathknight,frost,6,2,4
Darkunral,stormrage,192,deathknight,frost,6,2,4
Zëb,sargeras,192,deathknight,frost,6,2,4
Crakdos,illidan,192,deathknight,frost,6,2,4
Hiverssalt,stormrage,192,deathknight,frost,6,2,4
Arthureon,kelthuzad,192,deathknight,frost,6,2,4
Lazynome,azshara,192,deathknight,frost,6,2,4
Hunwild,emerald-dream,192,deathknight,frost,6,2,4
Spaidzz,malganis,192,deathknight,frost,9,2,7
Melyrc,quelthalas,192,deathknight,frost,12,2,10
Lillylilly,bleeding-hollow,192,deathknight,frost,12,2,10
Selasia,malygos,192,deathknight,frost,12,2,10
Icecreamlife,chogall,192,deathknight,frost,12,2,10
Záiiko,quelthalas,192,deathknight,frost,12,2,10
Shadar,muradin,192,deathknight,frost,12,2,10
Evangelina,antonidas,192,deathknight,frost,12,2,10
Serberiss,barthilas,192,deathknight,frost,12,2,10
Ocriterate,stormrage,192,deathknight,frost,12,2,10
Appledog,ragnaros,192,deathknight,frost,12,2,10
Xepherto,ragnaros,191,deathknight,frost,6,2,4
Autolysis,sargeras,191,deathknight,frost,6,2,4
Gorerotted,frostwolf,191,deathknight,frost,6,2,4
Shyonn,drakkari,191,deathknight,frost,6,2,4
Deathmike,bonechewer,191,deathknight,frost,6,2,4
Ulyssess,jubeithos,191,deathknight,frost,6,2,4
Edhral,ragnaros,191,deathknight,frost,6,2,4
Akmy,illidan,175,deathknight,frost,11,2,9
Sleezyfbaby,sargeras,159,deathknight,frost,5,2,3
Nickolas,dalvengyr,159,deathknight,frost,5,2,3
Sathoran,firetree,159,deathknight,frost,8,3,5
Orphanmakerx,area-52,144,deathknight,frost,3,3,0
Telrenaur,proudmoore,96,deathknight,frost,3,2,1
Takeoverr,ragnaros,96,deathknight,frost,3,2,1
Vojac,moon-guard,96,deathknight,frost,3,2,1
Philyaliora,moon-guard,96,deathknight,frost,11,2,9
Einherjiar,tichondrius,96,deathknight,frost,6,1,5
Kireek,stormrage,96,deathknight,frost,6,1,5
Mako,garithos,96,deathknight,frost,6,1,5
Ricedisease,emerald-dream,96,deathknight,frost,6,1,5
Gooré,ragnaros,96,deathknight,frost,6,1,5
Kakaih,azralon,96,deathknight,frost,6,1,5
Icejagan,stormrage,96,deathknight,frost,6,1,5
Xakri,kelthuzad,96,deathknight,frost,6,1,5
Siphilusxo,dalaran,96,deathknight,frost,6,1,5
Azynks,azralon,96,deathknight,frost,6,1,5
Lücìfër,illidan,96,deathknight,frost,6,1,5
Meisterdeath,stormrage,96,deathknight,frost,6,1,5
Denkot,stormrage,96,deathknight,frost,6,1,5
Hadianton,stormrage,96,deathknight,frost,6,1,5
Krargosh,quelthalas,96,deathknight,frost,6,1,5
Bubblesdk,whisperwind,96,deathknight,frost,6,1,5
Teksurugi,korgath,96,deathknight,frost,6,1,5
Puppykiss,perenolde,96,deathknight,frost,6,1,5
Flade,area-52,96,deathknight,frost,6,1,5
Grimmosh,daggerspine,96,deathknight,frost,6,1,5
Sofz,tichondrius,96,deathknight,frost,6,1,5
Dotted,tichondrius,96,deathknight,frost,6,1,5
Gnawkick,tichondrius,96,deathknight,frost,6,1,5
Cruzx,tichondrius,96,deathknight,frost,6,1,5
Ophin,silver-hand,96,deathknight,frost,6,1,5
Varraeda,stonemaul,96,deathknight,frost,6,1,5
Necrotic,greymane,96,deathknight,frost,6,1,5
Druath,proudmoore,96,deathknight,frost,6,1,5
Anhedonía,illidan,96,deathknight,frost,6,1,5
Davyjonescx,moon-guard,96,deathknight,frost,6,1,5
Vrolock,quelthalas,96,deathknight,frost,6,1,5
Inertìa,malganis,96,deathknight,frost,6,1,5
Mikoaa,bladefist,96,deathknight,frost,6,1,5
Cellebrok,bleeding-hollow,96,deathknight,frost,6,1,5
Owenjak,moon-guard,96,deathknight,frost,6,1,5
Koltíra,azralon,96,deathknight,frost,6,1,5
Guffles,tichondrius,96,deathknight,frost,6,1,5
Lohruken,rexxar,96,deathknight,frost,6,1,5
Crichtön,proudmoore,96,deathknight,frost,6,1,5
Grimorra,bleeding-hollow,96,deathknight,frost,6,1,5
Grayfoxx,twisting-nether,96,deathknight,frost,6,1,5
Renzian,tichondrius,96,deathknight,frost,6,1,5
Reapar,amanthul,96,deathknight,frost,6,1,5
Bingoez,frostmourne,96,deathknight,frost,6,1,5
Undêrtaker,sargeras,96,deathknight,frost,6,1,5
Mephostophel,sargeras,96,deathknight,frost,6,1,5
Heboriç,stormrage,96,deathknight,frost,6,1,5
Barricus,stonemaul,96,deathknight,frost,6,1,5
Ann,spirestone,96,deathknight,frost,6,1,5
Sindragosa,dragonmaw,96,deathknight,frost,6,1,5
Littlenisman,ragnaros,96,deathknight,frost,12,1,11
Nirkanna,akama,96,deathknight,frost,12,1,11
Skadattle,emerald-dream,96,deathknight,frost,12,1,11
Xninjakiller,korgath,95,deathknight,frost,12,1,11
Teedk,drakthul,79,deathknight,frost,5,1,4
Magipierrot,ragnaros,64,deathknight,frost,4,1,3
Agasuko,ghostlands,48,deathknight,frost,3,1,2
Frøstbeard,hyjal,42,deathknight,frost,9,2,7
Kënblock,tichondrius,42,deathknight,frost,14,2,12
Twindleroot,aggramar,31,deathknight,frost,2,1,1
Schwaffles,stormrage,31,deathknight,frost,2,1,1
Tampwon,barthilas,16,deathknight,frost,2,2,0
Sharnathos,stormrage,16,deathknight,frost,1,1,0
Jerric,skullcrusher,16,deathknight,frost,7,1,6
Mvqdh,illidan,2360,demonhunter,havoc,125,75,50
Exzyo,area-52,2283,demonhunter,havoc,66,40,26
Brbpetmycat,zuljin,2191,demonhunter,havoc,129,67,62
Ehtend,malganis,2176,demonhunter,havoc,372,187,185
Seorae,tichondrius,2158,demonhunter,havoc,102,53,49
Lemilion,wyrmrest-accord,2142,demonhunter,havoc,83,42,41
Lifting,illidan,2141,demonhunter,havoc,144,76,68
Yaboiswift,stormrage,2136,demonhunter,havoc,66,36,30
Xiaosu,tichondrius,2130,demonhunter,havoc,951,472,479
Sadgirlx,area-52,2114,demonhunter,havoc,96,48,48
Zetara,malganis,2112,demonhunter,havoc,137,78,59
Ehtend,sargeras,2106,demonhunter,havoc,78,42,36
Insomniaq,sargeras,2102,demonhunter,havoc,115,62,53
Kohî,sargeras,2102,demonhunter,havoc,79,39,40
Calpoot,stormscale,2101,demonhunter,havoc,106,59,47
Demoncouch,malganis,2100,demonhunter,havoc,114,57,57
Dhcn,tichondrius,2092,demonhunter,havoc,70,38,32
Taegos,tichondrius,2084,demonhunter,havoc,676,334,342
Reps,hydraxis,2071,demonhunter,havoc,144,81,63
Lighost,tichondrius,2069,demonhunter,havoc,405,202,203
Medrathis,wyrmrest-accord,2057,demonhunter,havoc,66,35,31
Solit,illidan,2055,demonhunter,havoc,84,42,42
Fellhamer,malganis,2054,demonhunter,havoc,123,69,54
Ktsoulhunter,azralon,2050,demonhunter,havoc,198,115,83
Nézuko,eldrethalas,2045,demonhunter,havoc,129,68,61
Felz,illidan,2028,demonhunter,havoc,125,65,60
Sleepyjoeb,illidan,2007,demonhunter,havoc,92,51,41
Nasadh,tichondrius,2004,demonhunter,havoc,126,68,58
Badhábits,sargeras,2002,demonhunter,havoc,90,50,40
Sypï,malganis,2001,demonhunter,havoc,90,50,40
Tendiës,tichondrius,2000,demonhunter,havoc,116,53,63
Ordorll,area-52,1998,demonhunter,havoc,114,59,55
Lademon,tichondrius,1997,demonhunter,havoc,84,46,38
Bløødyrøse,illidan,1978,demonhunter,havoc,66,40,26
Xxann,tichondrius,1977,demonhunter,havoc,67,33,34
Felluser,sargeras,1974,demonhunter,havoc,65,42,23
Calmbefore,tichondrius,1973,demonhunter,havoc,59,46,13
Mvqqdh,tichondrius,1971,demonhunter,havoc,54,29,25
Dwilk,sargeras,1969,demonhunter,havoc,192,96,96
Bippy,durotan,1965,demonhunter,havoc,173,90,83
Xtickles,frostmourne,1964,demonhunter,havoc,166,84,82
Jinmorì,area-52,1955,demonhunter,havoc,147,76,71
Ìke,quelthalas,1953,demonhunter,havoc,211,108,103
Mamazboy,area-52,1940,demonhunter,havoc,52,26,26
Erasér,area-52,1939,demonhunter,havoc,140,74,66
Andthrx,area-52,1937,demonhunter,havoc,338,174,164
Boonchu,frostmourne,1935,demonhunter,havoc,92,48,44
Glaivezx,stormreaver,1935,demonhunter,havoc,182,89,93
Xcf,area-52,1926,demonhunter,havoc,60,28,32
Tømåtøgøðx,sargeras,1924,demonhunter,havoc,186,97,89
Chirøn,darkspear,1924,demonhunter,havoc,78,38,40
Animepfp,shadowsong,1922,demonhunter,havoc,66,36,30
Hatréd,quelthalas,1918,demonhunter,havoc,60,33,27
Cyrøcryphä,quelthalas,1917,demonhunter,havoc,203,98,105
Gjoat,tichondrius,1917,demonhunter,havoc,101,48,53
Leesu,tichondrius,1915,demonhunter,havoc,116,64,52
Soliit,illidan,1915,demonhunter,havoc,66,35,31
Winsforgold,area-52,1911,demonhunter,havoc,98,54,44
Rlycoolclass,zuljin,1910,demonhunter,havoc,71,33,38
Blasphemus,illidan,1908,demonhunter,havoc,63,34,29
Oddblindguy,area-52,1904,demonhunter,havoc,78,46,32
Jøsem,ragnaros,1902,demonhunter,havoc,100,50,50
Askvivian,sargeras,1900,demonhunter,havoc,127,76,51
Terrorsong,tichondrius,1898,demonhunter,havoc,83,48,35
Wowcoldcold,barthilas,1898,demonhunter,havoc,71,36,35
Griphunt,tichondrius,1894,demonhunter,havoc,240,126,114
Nephxz,tichondrius,1893,demonhunter,havoc,66,35,31
Boos,moon-guard,1893,demonhunter,havoc,172,84,88
Cerebro,stormrage,1890,demonhunter,havoc,54,31,23
Zoenin,illidan,1889,demonhunter,havoc,209,105,104
Raiinier,sargeras,1887,demonhunter,havoc,84,53,31
ßöb,aggramar,1887,demonhunter,havoc,176,89,87
Xch,aegwynn,1885,demonhunter,havoc,214,111,103
Dangerspud,frostmourne,1885,demonhunter,havoc,102,48,54
Ubetterun,azralon,1884,demonhunter,havoc,250,133,117
Stellitas,ragnaros,1881,demonhunter,havoc,72,38,34
Jelleh,frostmourne,1880,demonhunter,havoc,59,33,26
Dayvenie,area-52,1879,demonhunter,havoc,125,70,55
Rosinanta,malygos,1878,demonhunter,havoc,110,60,50
Pythongodx,azralon,1878,demonhunter,havoc,226,120,106
Okuzén,tichondrius,1876,demonhunter,havoc,73,48,25
Soyboycuck,emerald-dream,1874,demonhunter,havoc,54,28,26
Bigbadmad,stormrage,1874,demonhunter,havoc,263,133,130
Busting,tichondrius,1872,demonhunter,havoc,48,24,24
Aryapudding,tichondrius,1871,demonhunter,havoc,69,34,35
Cromega,malganis,1871,demonhunter,havoc,120,55,65
Felswamp,zuljin,1870,demonhunter,havoc,150,79,71
Nåxah,bleeding-hollow,1869,demonhunter,havoc,78,38,40
Furious,tichondrius,1868,demonhunter,havoc,60,31,29
Chainsawz,zuljin,1868,demonhunter,havoc,86,41,45
Amorielel,tichondrius,1866,demonhunter,havoc,63,29,34
Asdazanis,nemesis,1865,demonhunter,havoc,92,47,45
Ouru,area-52,1865,demonhunter,havoc,132,65,67
Airmax,tichondrius,1864,demonhunter,havoc,84,44,40
Doejah,stormrage,1864,demonhunter,havoc,92,46,46
Leothero,area-52,1863,demonhunter,havoc,54,28,26
Baikudyn,darkspear,1859,demonhunter,havoc,54,34,20
Dewkee,ghostlands,1859,demonhunter,havoc,48,28,20
Dyllen,tichondrius,1859,demonhunter,havoc,247,136,111
Lamorty,tichondrius,1859,demonhunter,havoc,156,76,80
Mèw,bleeding-hollow,1857,demonhunter,havoc,119,62,57
Anihilum,zuljin,1854,demonhunter,havoc,129,78,51
Loadingdh,tichondrius,1854,demonhunter,havoc,47,20,27
Nb,silvermoon,1853,demonhunter,havoc,59,32,27
Ragiidh,tichondrius,1853,demonhunter,havoc,57,27,30
Ystkz,tichondrius,1852,demonhunter,havoc,213,110,103
Basedmf,emerald-dream,1852,demonhunter,havoc,95,47,48
Mizaru,moon-guard,1849,demonhunter,havoc,35,24,11
Hueylucifer,ravencrest,1849,demonhunter,havoc,61,31,30
Flykzuwu,azralon,1848,demonhunter,havoc,89,53,36
Hasbeen,tichondrius,1848,demonhunter,havoc,51,28,23
Írís,blackrock,1847,demonhunter,havoc,130,79,51
Daía,ragnaros,1846,demonhunter,havoc,59,31,28
Ripidan,stormrage,1846,demonhunter,havoc,48,23,25
Ibdl,tichondrius,1843,demonhunter,havoc,52,28,24
Eibizoudh,sargeras,1843,demonhunter,havoc,43,21,22
Chirõn,moonrunner,1843,demonhunter,havoc,48,21,27
Rufio,nesingwary,1842,demonhunter,havoc,60,27,33
Bllackclover,zuljin,1841,demonhunter,havoc,68,39,29
Sacredtree,tichondrius,1839,demonhunter,havoc,116,65,51
Tiristra,cenarion-circle,1839,demonhunter,havoc,65,35,30
Fenomeno,tichondrius,1836,demonhunter,havoc,70,37,33
Ökìtycoón,proudmoore,1833,demonhunter,havoc,78,45,33
Evaxaxx,tichondrius,1833,demonhunter,havoc,72,32,40
Akurawrath,area-52,1830,demonhunter,havoc,120,84,36
Giselah,malganis,1830,demonhunter,havoc,71,33,38
Bitcoingodx,tichondrius,1829,demonhunter,havoc,162,90,72
Vanarion,area-52,1827,demonhunter,havoc,108,48,60
Frostchaos,ragnaros,1826,demonhunter,havoc,78,39,39
Devotio,emerald-dream,1825,demonhunter,havoc,102,60,42
Migey,thrall,1825,demonhunter,havoc,112,65,47
Madepp,tichondrius,1825,demonhunter,havoc,60,30,30
Beerdash,area-52,1825,demonhunter,havoc,66,28,38
Ninetalesx,sargeras,1823,demonhunter,havoc,81,48,33
Darkrai,area-52,1823,demonhunter,havoc,132,73,59
Promitto,tichondrius,1823,demonhunter,havoc,107,51,56
Nolabb,tichondrius,1822,demonhunter,havoc,128,72,56
Ùnlucky,tichondrius,1821,demonhunter,havoc,45,31,14
Junma,tichondrius,1820,demonhunter,havoc,114,60,54
Karonisam,dalaran,1820,demonhunter,havoc,61,32,29
Dannyolo,hyjal,1820,demonhunter,havoc,78,32,46
Axalark,nemesis,1819,demonhunter,havoc,108,56,52
Thundiir,area-52,1818,demonhunter,havoc,119,63,56
Drachyn,darkspear,1818,demonhunter,havoc,107,52,55
Failtimeboat,terenas,1817,demonhunter,havoc,60,34,26
Garbage,illidan,1816,demonhunter,havoc,102,53,49
Helenquinn,kelthuzad,1815,demonhunter,havoc,72,46,26
Mirriana,thunderlord,1815,demonhunter,havoc,98,52,46
Brotherz,tichondrius,1815,demonhunter,havoc,113,56,57
Glaivediggar,barthilas,1814,demonhunter,havoc,231,117,114
Skyez,moon-guard,1814,demonhunter,havoc,115,54,61
Boatsnhoze,tichondrius,1814,demonhunter,havoc,68,30,38
Dêspacito,tichondrius,1814,demonhunter,havoc,59,25,34
Ferano,frostmourne,1813,demonhunter,havoc,283,145,138
Kázeshini,frostmourne,1813,demonhunter,havoc,143,71,72
Praxx,veknilash,1813,demonhunter,havoc,66,31,35
Jfangio,moon-guard,1812,demonhunter,havoc,54,30,24
Gènji,tichondrius,1812,demonhunter,havoc,62,34,28
Coa,nazjatar,1812,demonhunter,havoc,100,54,46
Mamadorx,azralon,1812,demonhunter,havoc,47,25,22
Eldiablaso,malganis,1812,demonhunter,havoc,36,19,17
Lucifèr,uther,1812,demonhunter,havoc,59,28,31
Vowz,sargeras,1811,demonhunter,havoc,66,34,32
Tyskeram,bleeding-hollow,1810,demonhunter,havoc,81,47,34
Fruitbatx,tichondrius,1810,demonhunter,havoc,159,79,80
Ragiixoxo,tichondrius,1809,demonhunter,havoc,30,19,11
Telarius,emerald-dream,1809,demonhunter,havoc,87,50,37
Gødzîllå,moon-guard,1809,demonhunter,havoc,42,19,23
Gameoverz,tichondrius,1808,demonhunter,havoc,45,23,22
Feldarath,sargeras,1807,demonhunter,havoc,139,79,60
Syrio,frostmourne,1807,demonhunter,havoc,290,156,134
Landorus,barthilas,1806,demonhunter,havoc,155,83,72
Devirador,ragnaros,1806,demonhunter,havoc,163,83,80
Smqkepvrpp,zuljin,1804,demonhunter,havoc,64,41,23
Fellenkellar,stormrage,1804,demonhunter,havoc,144,80,64
Xylëm,tichondrius,1804,demonhunter,havoc,107,51,56
Shadë,stormrage,1802,demonhunter,havoc,60,31,29
Plumkin,kiljaeden,1801,demonhunter,havoc,60,35,25
Raenorion,kelthuzad,1801,demonhunter,havoc,102,57,45
Dhkyun,tichondrius,1801,demonhunter,havoc,54,29,25
Wompo,wyrmrest-accord,1801,demonhunter,havoc,36,19,17
Theprodigy,malganis,1801,demonhunter,havoc,189,97,92
Icecokelime,black-dragonflight,1800,demonhunter,havoc,38,20,18
Potspoon,tichondrius,1800,demonhunter,havoc,210,106,104
Tendies,tichondrius,1800,demonhunter,havoc,60,28,32
Chulakels,tichondrius,1796,demonhunter,havoc,87,50,37
Hogmandh,illidan,1794,demonhunter,havoc,54,27,27
Dewk,ghostlands,1794,demonhunter,havoc,81,39,42
Deathbladezx,tichondrius,1794,demonhunter,havoc,53,24,29
Maverzz,area-52,1793,demonhunter,havoc,101,49,52
Gtåte,azjolnerub,1793,demonhunter,havoc,78,31,47
Henry,tichondrius,1792,demonhunter,havoc,269,153,116
Nuktukdh,moon-guard,1791,demonhunter,havoc,68,30,38
Juiced,thunderhorn,1790,demonhunter,havoc,137,71,66
Sáìto,arthas,1788,demonhunter,havoc,53,34,19
Ahsref,stormrage,1787,demonhunter,havoc,84,43,41
Nadlli,bleeding-hollow,1784,demonhunter,havoc,253,130,123
Joshallen,malganis,1783,demonhunter,havoc,210,105,105
Hoochee,lightnings-blade,1781,demonhunter,havoc,91,50,41
Divide,tichondrius,1773,demonhunter,havoc,154,80,74
Ilìdarì,zuljin,1772,demonhunter,havoc,51,27,24
Càrnagex,tichondrius,1772,demonhunter,havoc,345,169,176
Demonsob,illidan,1772,demonhunter,havoc,59,22,37
Raylêy,tichondrius,1771,demonhunter,havoc,48,25,23
Cöcainë,stormrage,1769,demonhunter,havoc,54,36,18
Ídunno,kiljaeden,1769,demonhunter,havoc,66,35,31
Vynthar,wyrmrest-accord,1769,demonhunter,havoc,290,149,141
Ntts,tichondrius,1769,demonhunter,havoc,125,61,64
Monfel,dalaran,1768,demonhunter,havoc,114,67,47
Zatharas,stormrage,1768,demonhunter,havoc,134,67,67
Mevadow,bleeding-hollow,1768,demonhunter,havoc,126,57,69
Antamoris,sargeras,1766,demonhunter,havoc,76,38,38
Deviljane,illidan,1765,demonhunter,havoc,36,22,14
Bbteaa,frostmourne,1765,demonhunter,havoc,206,107,99
Busta,dethecus,1765,demonhunter,havoc,71,34,37
Dawgzo,thunderhorn,1764,demonhunter,havoc,132,73,59
Hoguriders,tichondrius,1763,demonhunter,havoc,42,22,20
Blode,tichondrius,1763,demonhunter,havoc,255,128,127
Isev,illidan,1761,demonhunter,havoc,54,27,27
Sucio,khaz-modan,1760,demonhunter,havoc,54,26,28
Tylersdh,illidan,1759,demonhunter,havoc,157,90,67
Neverblurx,kirin-tor,1758,demonhunter,havoc,48,24,24
Biognosis,ragnaros,1756,demonhunter,havoc,114,56,58
Bloodgash,tichondrius,1755,demonhunter,havoc,50,24,26
Baka,grizzly-hills,1754,demonhunter,havoc,54,23,31
Niuzimeile,illidan,1753,demonhunter,havoc,155,70,85
Saaldh,zuljin,1753,demonhunter,havoc,71,30,41
Nismoos,daggerspine,1752,demonhunter,havoc,126,69,57
Xøtourlife,malganis,1751,demonhunter,havoc,76,38,38
Gubydal,frostmourne,1750,demonhunter,havoc,53,29,24
Zikzlol,tichondrius,1750,demonhunter,havoc,62,31,31
Fasnk,tichondrius,1747,demonhunter,havoc,60,29,31
Noobstaa,area-52,1745,demonhunter,havoc,48,34,14
Decoherence,sargeras,1745,demonhunter,havoc,54,33,21
Stellartv,tichondrius,1745,demonhunter,havoc,186,93,93
Johnconnor,tichondrius,1745,demonhunter,havoc,59,23,36
Tenthslayer,frostmourne,1744,demonhunter,havoc,56,34,22
Deathlex,sargeras,1744,demonhunter,havoc,102,55,47
Brackmagik,barthilas,1743,demonhunter,havoc,54,33,21
Azrethec,wyrmrest-accord,1743,demonhunter,havoc,132,70,62
Jambie,fenris,1743,demonhunter,havoc,78,40,38
Remuko,tichondrius,1741,demonhunter,havoc,36,19,17
Deathsweep,tichondrius,1741,demonhunter,havoc,65,33,32
Lilise,kiljaeden,1740,demonhunter,havoc,131,65,66
Toteschatte,quelthalas,1739,demonhunter,havoc,96,49,47
Progenji,azralon,1738,demonhunter,havoc,60,35,25
Takagi,kirin-tor,1738,demonhunter,havoc,239,126,113
Tundies,tichondrius,1738,demonhunter,havoc,48,25,23
Donaldjr,area-52,1736,demonhunter,havoc,93,57,36
Ðavid,firetree,1736,demonhunter,havoc,120,60,60
Sikarnix,stormrage,1736,demonhunter,havoc,108,52,56
Rennae,zuljin,1736,demonhunter,havoc,59,28,31
Yaety,tichondrius,1735,demonhunter,havoc,82,50,32
Wherwelandin,zuljin,1734,demonhunter,havoc,51,24,27
Cromosh,quelthalas,1733,demonhunter,havoc,90,38,52
Nips,lightnings-blade,1731,demonhunter,havoc,78,47,31
Scylus,tichondrius,1731,demonhunter,havoc,132,75,57
Felnipz,tichondrius,1729,demonhunter,havoc,67,39,28
Harríson,tichondrius,1728,demonhunter,havoc,132,65,67
Beyondjerky,malganis,1726,demonhunter,havoc,52,27,25
Dãnishroll,illidan,1726,demonhunter,havoc,126,60,66
Serb,chogall,1724,demonhunter,havoc,92,47,45
Icantseelol,sargeras,1722,demonhunter,havoc,128,68,60
Jaypx,illidan,1722,demonhunter,havoc,55,19,36
Malthazaan,stormrage,1721,demonhunter,havoc,44,27,17
Croches,tichondrius,1721,demonhunter,havoc,36,18,18
Ðrogö,emerald-dream,1719,demonhunter,havoc,42,24,18
Fardyhole,illidan,1719,demonhunter,havoc,36,18,18
Cynthadra,frostmourne,1718,demonhunter,havoc,24,18,6
Zenage,area-52,1718,demonhunter,havoc,48,30,18
Pokemibut,frostmourne,1718,demonhunter,havoc,107,51,56
Crittic,thrall,1717,demonhunter,havoc,106,48,58
Xeylin,sargeras,1715,demonhunter,havoc,83,48,35
Zcarfacee,frostmourne,1715,demonhunter,havoc,32,18,14
Irisand,ragnaros,1714,demonhunter,havoc,83,40,43
Doeja,illidan,1713,demonhunter,havoc,30,18,12
Bloodhunter,exodar,1713,demonhunter,havoc,115,66,49
Thehonor,tichondrius,1713,demonhunter,havoc,65,36,29
Noopstop,tichondrius,1712,demonhunter,havoc,30,18,12
Azexion,malganis,1712,demonhunter,havoc,150,77,73
Sätän,malganis,1710,demonhunter,havoc,48,30,18
Lazydeamon,frostmourne,1710,demonhunter,havoc,89,39,50
Jellehx,frostmourne,1709,demonhunter,havoc,31,21,10
Rekttx,area-52,1709,demonhunter,havoc,82,46,36
Aetheris,bleeding-hollow,1709,demonhunter,havoc,90,40,50
Hydrocodeine,moon-guard,1708,demonhunter,havoc,48,24,24
Sheldoncoop,emerald-dream,1706,demonhunter,havoc,36,18,18
Rôsè,tichondrius,1705,demonhunter,havoc,90,50,40
Danloesh,silver-hand,1705,demonhunter,havoc,54,30,24
Raahjxz,sargeras,1705,demonhunter,havoc,120,66,54
Namaga,illidan,1704,demonhunter,havoc,66,45,21
Firstsol,stormrage,1704,demonhunter,havoc,78,44,34
Ethingy,emerald-dream,1702,demonhunter,havoc,42,25,17
Wildh,stormrage,1702,demonhunter,havoc,78,41,37
Demonleap,proudmoore,1701,demonhunter,havoc,48,29,19
Felgobbler,zuljin,1701,demonhunter,havoc,72,38,34
Gamernation,area-52,1701,demonhunter,havoc,93,47,46
Ethhunter,proudmoore,1700,demonhunter,havoc,78,39,39
Nopohunter,burning-blade,1699,demonhunter,havoc,47,31,16
Stochastic,ragnaros,1699,demonhunter,havoc,115,63,52
Lazygågå,zuljin,1697,demonhunter,havoc,40,22,18
Vendeem,moonrunner,1697,demonhunter,havoc,110,59,51
Mewmewkitty,tichondrius,1697,demonhunter,havoc,40,21,19
Chinadh,tichondrius,1696,demonhunter,havoc,41,23,18
Diequickly,tichondrius,1696,demonhunter,havoc,94,45,49
Chiesa,sargeras,1695,demonhunter,havoc,34,27,7
Fametrap,tichondrius,1695,demonhunter,havoc,30,18,12
Purplekuush,bleeding-hollow,1695,demonhunter,havoc,90,45,45
Gockgock,kelthuzad,1694,demonhunter,havoc,30,18,12
Dhwhat,stormrage,1692,demonhunter,havoc,139,75,64
Munyanyô,moon-guard,1691,demonhunter,havoc,41,26,15
Speedh,area-52,1691,demonhunter,havoc,36,18,18
Superlative,area-52,1690,demonhunter,havoc,36,23,13
Deaforalive,malganis,1690,demonhunter,havoc,96,54,42
Randomdh,zuljin,1690,demonhunter,havoc,49,27,22
Qixoni,emerald-dream,1690,demonhunter,havoc,78,34,44
Idontfaced,area-52,1689,demonhunter,havoc,52,32,20
Sarÿnrae,malganis,1687,demonhunter,havoc,48,29,19
Obsidians,korgath,1687,demonhunter,havoc,161,86,75
Hoonjojjyana,tichondrius,1685,demonhunter,havoc,64,28,36
Bigtitiemilk,tichondrius,1684,demonhunter,havoc,52,31,21
Blúr,tichondrius,1683,demonhunter,havoc,41,23,18
Larandaa,sargeras,1683,demonhunter,havoc,127,65,62
Dadoftheyear,destromath,1682,demonhunter,havoc,84,50,34
Sicknizzle,area-52,1682,demonhunter,havoc,132,68,64
Chäos,proudmoore,1680,demonhunter,havoc,225,112,113
Ihuntmufasa,tichondrius,1679,demonhunter,havoc,48,28,20
Ironsightsdh,dalaran,1677,demonhunter,havoc,95,51,44
Demabrak,azralon,1677,demonhunter,havoc,53,25,28
Icrazedcruxl,gnomeregan,1676,demonhunter,havoc,54,27,27
Wickbeams,barthilas,1676,demonhunter,havoc,77,37,40
Buddyyguy,illidan,1675,demonhunter,havoc,102,45,57
Atomicsorrow,tichondrius,1674,demonhunter,havoc,80,37,43
Jaauk,ragnaros,1674,demonhunter,havoc,70,32,38
Folkmagic,proudmoore,1673,demonhunter,havoc,30,18,12
Needlepoint,illidan,1671,demonhunter,havoc,119,66,53
Tichóndrius,tichondrius,1671,demonhunter,havoc,225,119,106
Dingowango,illidan,1671,demonhunter,havoc,78,39,39
Felontis,sargeras,1671,demonhunter,havoc,60,28,32
Alast,emerald-dream,1670,demonhunter,havoc,66,35,31
Remh,bleeding-hollow,1670,demonhunter,havoc,320,161,159
Thrania,lothar,1669,demonhunter,havoc,40,20,20
Imaginedmg,illidan,1668,demonhunter,havoc,60,28,32
Gamgeum,tichondrius,1667,demonhunter,havoc,36,23,13
Vândel,kelthuzad,1667,demonhunter,havoc,129,63,66
Sadpepe,bleeding-hollow,1666,demonhunter,havoc,60,29,31
Xxân,tichondrius,1665,demonhunter,havoc,36,22,14
Zzoecita,drakkari,1665,demonhunter,havoc,72,36,36
Ravana,khaz-modan,1664,demonhunter,havoc,112,60,52
Hëll,spirestone,1663,demonhunter,havoc,42,25,17
Hisso,nordrassil,1663,demonhunter,havoc,84,46,38
Taylordem,tichondrius,1662,demonhunter,havoc,42,23,19
Boagz,area-52,1660,demonhunter,havoc,84,48,36
Taatted,emerald-dream,1660,demonhunter,havoc,72,38,34
Allidox,tichondrius,1660,demonhunter,havoc,54,26,28
Kioka,khaz-modan,1659,demonhunter,havoc,34,20,14
Churchpls,stormrage,1659,demonhunter,havoc,58,23,35
Cheezitzz,tichondrius,1659,demonhunter,havoc,75,27,48
Dragonÿx,ragnaros,1658,demonhunter,havoc,157,83,74
Achemedåche,dalaran,1657,demonhunter,havoc,33,22,11
Huzhan,illidan,1657,demonhunter,havoc,65,43,22
Joric,dalaran,1657,demonhunter,havoc,66,40,26
Azinoht,ragnaros,1657,demonhunter,havoc,246,120,126
Cezkia,hyjal,1656,demonhunter,havoc,102,52,50
Iluvboóty,blackrock,1656,demonhunter,havoc,72,35,37
Torments,area-52,1655,demonhunter,havoc,66,37,29
Getpoodon,sargeras,1655,demonhunter,havoc,36,18,18
Kìed,kiljaeden,1655,demonhunter,havoc,60,29,31
Babahorns,dalaran,1655,demonhunter,havoc,72,32,40
Hehehaha,wyrmrest-accord,1654,demonhunter,havoc,42,26,16
Entropics,tichondrius,1653,demonhunter,havoc,47,32,15
Whysoospicy,wyrmrest-accord,1653,demonhunter,havoc,48,29,19
Demoncastx,tichondrius,1653,demonhunter,havoc,111,62,49
Doomtower,tichondrius,1652,demonhunter,havoc,194,101,93
Hundredeye,malganis,1652,demonhunter,havoc,76,35,41
Ðaredevil,azralon,1650,demonhunter,havoc,36,22,14
Chîsäki,quelthalas,1649,demonhunter,havoc,75,40,35
Shadöw,emerald-dream,1649,demonhunter,havoc,45,22,23
Asheng,cairne,1649,demonhunter,havoc,69,31,38
Helltaker,blood-furnace,1646,demonhunter,havoc,30,18,12
Ossivil,ragnaros,1646,demonhunter,havoc,180,89,91
Shyisback,area-52,1645,demonhunter,havoc,138,77,61
Mdhunter,tichondrius,1644,demonhunter,havoc,100,54,46
Sìlençe,illidan,1643,demonhunter,havoc,35,22,13
Valerrias,area-52,1643,demonhunter,havoc,42,21,21
Prophetpoz,tichondrius,1643,demonhunter,havoc,78,38,40
Skyfly,stormscale,1643,demonhunter,havoc,84,40,44
Junmà,tichondrius,1642,demonhunter,havoc,72,42,30
Rune,dathremar,1642,demonhunter,havoc,48,23,25
Jpdh,frostmourne,1641,demonhunter,havoc,80,44,36
Imlikethat,gorefiend,1639,demonhunter,havoc,42,23,19
Unkiteable,malganis,1639,demonhunter,havoc,41,20,21
Snózberry,illidan,1639,demonhunter,havoc,81,37,44
Dhfaceguy,agamaggan,1638,demonhunter,havoc,74,44,30
Xenore,emerald-dream,1638,demonhunter,havoc,71,31,40
Vegêta,malganis,1637,demonhunter,havoc,84,50,34
Viio,proudmoore,1637,demonhunter,havoc,36,21,15
Nooksuh,bleeding-hollow,1636,demonhunter,havoc,41,20,21
Fingersdh,malganis,1635,demonhunter,havoc,105,50,55
Blurblurblur,frostmourne,1635,demonhunter,havoc,60,25,35
Synthwäve,area-52,1634,demonhunter,havoc,36,23,13
Cálýpsó,tichondrius,1634,demonhunter,havoc,81,38,43
Tubaki,tichondrius,1634,demonhunter,havoc,47,21,26
Killuaqt,frostmourne,1633,demonhunter,havoc,53,28,25
Luthianna,amanthul,1632,demonhunter,havoc,40,24,16
Bremdh,thrall,1632,demonhunter,havoc,44,25,19
Accidcleaves,sargeras,1632,demonhunter,havoc,60,32,28
Seraphïel,khaz-modan,1631,demonhunter,havoc,36,23,13
Crankbaz,malganis,1631,demonhunter,havoc,30,19,11
Xanthalos,wyrmrest-accord,1630,demonhunter,havoc,173,83,90
Trindh,thrall,1629,demonhunter,havoc,56,36,20
Mvpdh,area-52,1629,demonhunter,havoc,274,133,141
Benová,tichondrius,1629,demonhunter,havoc,55,23,32
Iliillii,emerald-dream,1629,demonhunter,havoc,75,31,44
Powertaco,tichondrius,1628,demonhunter,havoc,211,115,96
Anathørn,ragnaros,1628,demonhunter,havoc,77,41,36
Nrpx,stormrage,1628,demonhunter,havoc,46,23,23
Trilidan,proudmoore,1627,demonhunter,havoc,37,21,16
Luribel,tichondrius,1627,demonhunter,havoc,110,59,51
Stefdh,tichondrius,1627,demonhunter,havoc,51,23,28
Thelor,frostmourne,1626,demonhunter,havoc,48,28,20
Coaa,dalaran,1626,demonhunter,havoc,71,36,35
Nåx,bleeding-hollow,1624,demonhunter,havoc,36,21,15
Xaneuma,nemesis,1624,demonhunter,havoc,49,27,22
Çhan,tichondrius,1624,demonhunter,havoc,380,191,189
Gymnast,thaurissan,1624,demonhunter,havoc,54,23,31
Cuper,tichondrius,1623,demonhunter,havoc,78,44,34
Perspirant,malganis,1623,demonhunter,havoc,41,23,18
Sivà,tichondrius,1622,demonhunter,havoc,69,35,34
Zeroheaven,stormrage,1621,demonhunter,havoc,48,19,29
Mustardtigër,bleeding-hollow,1620,demonhunter,havoc,35,21,14
Amanthx,tichondrius,1620,demonhunter,havoc,54,27,27
Kryuwu,stormrage,1620,demonhunter,havoc,67,32,35
Kolthis,tichondrius,1619,demonhunter,havoc,39,18,21
Apõz,tichondrius,1618,demonhunter,havoc,36,20,16
Zarnix,area-52,1618,demonhunter,havoc,51,23,28
Ohanadh,ragnaros,1618,demonhunter,havoc,48,19,29
Zachfortnite,emerald-dream,1616,demonhunter,havoc,30,19,11
Flirtyscythe,illidan,1616,demonhunter,havoc,75,36,39
Draenkz,ragnaros,1616,demonhunter,havoc,58,19,39
Balancedtoon,tichondrius,1615,demonhunter,havoc,130,67,63
Glaivia,bleeding-hollow,1615,demonhunter,havoc,36,17,19
Eraticdh,illidan,1615,demonhunter,havoc,55,23,32
Cococat,tichondrius,1615,demonhunter,havoc,80,30,50
Velana,tichondrius,1614,demonhunter,havoc,30,21,9
Mavrush,malganis,1614,demonhunter,havoc,63,36,27
Ptsdh,bloodhoof,1614,demonhunter,havoc,78,43,35
Fleetop,tichondrius,1613,demonhunter,havoc,90,51,39
Taszyn,blackrock,1613,demonhunter,havoc,92,51,41
Karmakula,tichondrius,1613,demonhunter,havoc,77,39,38
Nichousha,tichondrius,1613,demonhunter,havoc,48,22,26
Neodin,tichondrius,1612,demonhunter,havoc,61,35,26
Immortalsinz,dalaran,1611,demonhunter,havoc,125,49,76
Ossariss,moon-guard,1610,demonhunter,havoc,30,17,13
Mazakein,tichondrius,1610,demonhunter,havoc,66,37,29
Nistrin,area-52,1609,demonhunter,havoc,72,40,32
Tychondrius,earthen-ring,1609,demonhunter,havoc,214,113,101
Diablitaa,sargeras,1609,demonhunter,havoc,36,17,19
Crixxus,zuljin,1609,demonhunter,havoc,48,20,28
Rytesx,moon-guard,1608,demonhunter,havoc,81,58,23
Haades,proudmoore,1608,demonhunter,havoc,106,60,46
Borekkarxqt,emerald-dream,1608,demonhunter,havoc,36,20,16
Feníxx,ragnaros,1608,demonhunter,havoc,88,45,43
Omygaud,tichondrius,1607,demonhunter,havoc,60,38,22
Turecdh,illidan,1607,demonhunter,havoc,56,19,37
Fiveiq,malganis,1606,demonhunter,havoc,33,21,12
Abigëil,quelthalas,1606,demonhunter,havoc,68,37,31
Sheepone,tichondrius,1605,demonhunter,havoc,54,35,19
Dhyzz,proudmoore,1605,demonhunter,havoc,49,28,21
Bigflopper,malganis,1604,demonhunter,havoc,102,55,47
Pragma,thrall,1604,demonhunter,havoc,231,124,107
Daymanhunter,bleeding-hollow,1603,demonhunter,havoc,103,53,50
Kaedri,burning-blade,1603,demonhunter,havoc,141,68,73
Magenie,korgath,1602,demonhunter,havoc,47,30,17
Shale,gilneas,1602,demonhunter,havoc,70,35,35
Ariodh,area-52,1602,demonhunter,havoc,36,17,19
Smilingbomb,tichondrius,1601,demonhunter,havoc,48,22,26
Sävage,zuljin,1599,demonhunter,havoc,37,22,15
Gesture,malganis,1599,demonhunter,havoc,166,91,75
Sikäria,malganis,1597,demonhunter,havoc,60,36,24
Surå,tichondrius,1596,demonhunter,havoc,156,76,80
Arête,malganis,1595,demonhunter,havoc,67,31,36
Darkrasta,ragnaros,1594,demonhunter,havoc,108,50,58
Sarynrae,malganis,1594,demonhunter,havoc,62,27,35
Netherbane,azgalor,1592,demonhunter,havoc,96,44,52
Italoo,ragnaros,1591,demonhunter,havoc,60,34,26
Warlasher,zuljin,1590,demonhunter,havoc,276,141,135
Demonhunter,kirin-tor,1590,demonhunter,havoc,126,63,63
Nándÿ,tichondrius,1589,demonhunter,havoc,67,36,31
Malefisentt,firetree,1589,demonhunter,havoc,45,22,23
Nightwisty,azralon,1588,demonhunter,havoc,42,21,21
Shadowmoonz,frostmourne,1588,demonhunter,havoc,59,28,31
Jk,dreadmaul,1587,demonhunter,havoc,105,57,48
Dridri,quelthalas,1587,demonhunter,havoc,95,51,44
Watsinthebox,thrall,1586,demonhunter,havoc,30,20,10
Vapegodxqt,aegwynn,1586,demonhunter,havoc,56,26,30
Littlewolfie,illidan,1585,demonhunter,havoc,60,31,29
Gumeasy,tichondrius,1584,demonhunter,havoc,70,31,39
Kelmar,stormreaver,1583,demonhunter,havoc,44,19,25
Ruffolina,azralon,1582,demonhunter,havoc,204,105,99
Yiptaw,area-52,1582,demonhunter,havoc,73,37,36
Bobbyhill,nordrassil,1582,demonhunter,havoc,95,41,54
Supadupä,stormrage,1580,demonhunter,havoc,30,17,13
Kaelclaira,dalvengyr,1580,demonhunter,havoc,60,29,31
Khaito,illidan,1580,demonhunter,havoc,59,26,33
Jaybeezy,balnazzar,1580,demonhunter,havoc,42,18,24
Phaintx,tichondrius,1579,demonhunter,havoc,60,29,31
Yuppx,tichondrius,1578,demonhunter,havoc,48,29,19
Derperhunter,kiljaeden,1578,demonhunter,havoc,150,81,69
Tywín,illidan,1577,demonhunter,havoc,51,26,25
Dealer,frostmourne,1577,demonhunter,havoc,167,80,87
Cots,stormrage,1574,demonhunter,havoc,195,104,91
Thêdràïñgáñg,jubeithos,1574,demonhunter,havoc,36,18,18
Reito,ragnaros,1572,demonhunter,havoc,59,31,28
Diiecrux,bleeding-hollow,1571,demonhunter,havoc,36,20,16
Beniesdh,frostmourne,1570,demonhunter,havoc,42,22,20
Nuredmyy,illidan,1568,demonhunter,havoc,60,34,26
Steeler,shandris,1567,demonhunter,havoc,90,45,45
Redkin,moon-guard,1566,demonhunter,havoc,92,51,41
Fourbuttonsx,sargeras,1566,demonhunter,havoc,51,26,25
Chabashira,tichondrius,1566,demonhunter,havoc,49,23,26
Glaivez,korgath,1565,demonhunter,havoc,30,17,13
Radamanthysi,azralon,1564,demonhunter,havoc,102,64,38
Darknezzl,ragnaros,1564,demonhunter,havoc,152,75,77
Énchantress,thrall,1564,demonhunter,havoc,60,29,31
Kaelthys,nordrassil,1563,demonhunter,havoc,111,60,51
Nocturnale,ragnaros,1563,demonhunter,havoc,112,56,56
Somethingstu,sargeras,1562,demonhunter,havoc,40,24,16
Wormli,moon-guard,1562,demonhunter,havoc,88,51,37
Stacheaction,sargeras,1562,demonhunter,havoc,66,34,32
Dantesabyss,proudmoore,1561,demonhunter,havoc,137,67,70
Wsickformula,gilneas,1560,demonhunter,havoc,133,72,61
Nomfries,malganis,1560,demonhunter,havoc,52,27,25
Chingiz,dunemaul,1560,demonhunter,havoc,118,57,61
Imwhack,frostmane,1559,demonhunter,havoc,73,39,34
Mcspicyy,tichondrius,1559,demonhunter,havoc,53,27,26
Mood,stonemaul,1558,demonhunter,havoc,84,47,37
Dankhuntér,zuljin,1558,demonhunter,havoc,54,20,34
Ðemonix,tichondrius,1556,demonhunter,havoc,89,37,52
Dirtylatin,ragnaros,1554,demonhunter,havoc,66,38,28
Beastbringer,proudmoore,1554,demonhunter,havoc,183,103,80
Gorillidan,kelthuzad,1553,demonhunter,havoc,30,18,12
Jcosta,tichondrius,1553,demonhunter,havoc,127,56,71
Slashdh,stormrage,1552,demonhunter,havoc,60,33,27
Corngodx,sargeras,1550,demonhunter,havoc,108,52,56
Blackmvp,tichondrius,1547,demonhunter,havoc,36,23,13
Kuramou,area-52,1547,demonhunter,havoc,36,22,14
Sineex,illidan,1547,demonhunter,havoc,42,24,18
Bromosapien,tichondrius,1547,demonhunter,havoc,39,19,20
Poogzzig,tichondrius,1547,demonhunter,havoc,138,66,72
Joegamer,illidan,1544,demonhunter,havoc,84,43,41
Baalböski,tichondrius,1544,demonhunter,havoc,106,49,57
Gittgudd,area-52,1541,demonhunter,havoc,111,59,52
Scoplyn,malfurion,1541,demonhunter,havoc,84,42,42
Billmcawsom,proudmoore,1540,demonhunter,havoc,111,52,59
Batorr,sargeras,1540,demonhunter,havoc,48,18,30
Kssmee,korgath,1539,demonhunter,havoc,126,65,61
Cäldo,tichondrius,1537,demonhunter,havoc,36,21,15
Demonfarter,tichondrius,1537,demonhunter,havoc,149,74,75
Jaysavage,eitrigg,1536,demonhunter,havoc,113,59,54
Wikkidd,thrall,1535,demonhunter,havoc,53,24,29
Furiel,quelthalas,1534,demonhunter,havoc,44,26,18
Knshy,azralon,1533,demonhunter,havoc,121,60,61
Kenmu,ragnaros,1533,demonhunter,havoc,103,45,58
Doxdevil,tichondrius,1533,demonhunter,havoc,57,19,38
Minar,tichondrius,1532,demonhunter,havoc,158,78,80
Demontrue,tichondrius,1531,demonhunter,havoc,98,52,46
Karmadh,malganis,1531,demonhunter,havoc,60,30,30
Cavell,tichondrius,1529,demonhunter,havoc,30,16,14
Llörne,moon-guard,1529,demonhunter,havoc,47,25,22
Rôrônôâzôrô,stormrage,1529,demonhunter,havoc,59,30,29
Àku,area-52,1529,demonhunter,havoc,36,17,19
Subieshift,sargeras,1529,demonhunter,havoc,43,20,23
Papaelf,thunderlord,1528,demonhunter,havoc,48,33,15
Shadevon,wyrmrest-accord,1528,demonhunter,havoc,40,24,16
Alwaysin,zuljin,1528,demonhunter,havoc,66,36,30
Coohiyan,tichondrius,1527,demonhunter,havoc,49,30,19
Spasmodiic,illidan,1527,demonhunter,havoc,57,31,26
Souliz,tichondrius,1526,demonhunter,havoc,101,49,52
Crayoz,tichondrius,1525,demonhunter,havoc,137,76,61
Pubelice,draenor,1525,demonhunter,havoc,74,40,34
Emopidgeon,dalaran,1525,demonhunter,havoc,30,16,14
Falachio,tichondrius,1525,demonhunter,havoc,201,106,95
Antaris,stonemaul,1525,demonhunter,havoc,54,27,27
Mattdizzle,illidan,1524,demonhunter,havoc,24,17,7
Mooneh,emerald-dream,1524,demonhunter,havoc,65,35,30
Velravyn,moon-guard,1524,demonhunter,havoc,156,78,78
Gaìjîn,barthilas,1523,demonhunter,havoc,168,91,77
Ilydos,emerald-dream,1523,demonhunter,havoc,118,61,57
Luminesce,tichondrius,1523,demonhunter,havoc,36,16,20
Raith,khazgoroth,1522,demonhunter,havoc,67,39,28
Demonthorne,illidan,1522,demonhunter,havoc,30,16,14
Sendronash,thrall,1522,demonhunter,havoc,54,21,33
Papazaraki,tichondrius,1521,demonhunter,havoc,42,23,19
Bjj,bonechewer,1520,demonhunter,havoc,124,72,52
Nuggetx,lightnings-blade,1519,demonhunter,havoc,64,32,32
Noztak,area-52,1519,demonhunter,havoc,48,16,32
Zeane,tichondrius,1518,demonhunter,havoc,75,38,37
Tosilia,tichondrius,1517,demonhunter,havoc,32,18,14
Gazza,eldrethalas,1517,demonhunter,havoc,54,30,24
Rêliç,sargeras,1516,demonhunter,havoc,30,18,12
Nightcore,lightnings-blade,1516,demonhunter,havoc,74,40,34
Dèmonhuntèr,tichondrius,1516,demonhunter,havoc,211,107,104
Narandra,malganis,1516,demonhunter,havoc,60,23,37
Kimjonguun,tichondrius,1515,demonhunter,havoc,37,26,11
Doublepenn,tichondrius,1515,demonhunter,havoc,52,27,25
Checkmate,bleeding-hollow,1515,demonhunter,havoc,42,18,24
Eyecandyxo,grizzly-hills,1514,demonhunter,havoc,79,43,36
Nowaifai,tichondrius,1514,demonhunter,havoc,66,34,32
Loreney,quelthalas,1514,demonhunter,havoc,164,81,83
Hròðvitnir,quelthalas,1513,demonhunter,havoc,106,64,42
Mileze,area-52,1513,demonhunter,havoc,96,39,57
Deadpixellz,illidan,1511,demonhunter,havoc,76,39,37
Órph,sargeras,1509,demonhunter,havoc,54,30,24
Ezoen,mannoroth,1509,demonhunter,havoc,46,18,28
Demodorn,frostmane,1507,demonhunter,havoc,72,40,32
Chkclapper,kelthuzad,1505,demonhunter,havoc,42,22,20
Dammitbôbby,tichondrius,1505,demonhunter,havoc,127,66,61
Xday,tichondrius,1505,demonhunter,havoc,350,173,177
Luana,stormscale,1504,demonhunter,havoc,36,18,18
Dirtbag,tichondrius,1503,demonhunter,havoc,30,16,14
Vareon,nesingwary,1502,demonhunter,havoc,29,21,8
Jhinskui,drakkari,1501,demonhunter,havoc,125,60,65
Kakster,tichondrius,1500,demonhunter,havoc,84,49,35
Macacøbrr,azralon,1498,demonhunter,havoc,76,37,39
Bitskii,kelthuzad,1498,demonhunter,havoc,63,25,38
Bogdan,azjolnerub,1497,demonhunter,havoc,84,43,41
Jàkê,area-52,1496,demonhunter,havoc,36,16,20
Alli,bleeding-hollow,1494,demonhunter,havoc,69,39,30
Ralløszek,illidan,1494,demonhunter,havoc,48,26,22
Træt,emerald-dream,1494,demonhunter,havoc,83,42,41
Thgyjufdgh,smolderthorn,1493,demonhunter,havoc,109,55,54
Hemmerdainz,kelthuzad,1492,demonhunter,havoc,66,30,36
Talyethsam,shadowsong,1491,demonhunter,havoc,56,29,27
Emeress,illidan,1491,demonhunter,havoc,73,34,39
Scriptyscrip,dark-iron,1491,demonhunter,havoc,192,86,106
Eugenyackle,bleeding-hollow,1490,demonhunter,havoc,101,58,43
Zigzagrat,sargeras,1490,demonhunter,havoc,89,44,45
Croisoi,ragnaros,1490,demonhunter,havoc,78,38,40
Khanlu,bleeding-hollow,1488,demonhunter,havoc,53,26,27
Hellmetal,quelthalas,1488,demonhunter,havoc,36,17,19
Dashxo,tichondrius,1487,demonhunter,havoc,36,17,19
Dmonslayer,daggerspine,1487,demonhunter,havoc,60,23,37
Nekrosdaeva,zuljin,1486,demonhunter,havoc,115,62,53
Orgasmia,tichondrius,1486,demonhunter,havoc,106,32,74
Bofxo,sargeras,1485,demonhunter,havoc,65,32,33
Vilal,dalaran,1484,demonhunter,havoc,51,34,17
Varthalos,thrall,1484,demonhunter,havoc,151,85,66
Knuckifubuck,frostwolf,1484,demonhunter,havoc,160,83,77
Brútalgore,area-52,1484,demonhunter,havoc,254,128,126
Miroir,silvermoon,1483,demonhunter,havoc,202,105,97
Mintjoa,tichondrius,1483,demonhunter,havoc,36,18,18
Râkê,malganis,1483,demonhunter,havoc,42,20,22
Antistar,emerald-dream,1483,demonhunter,havoc,62,22,40
Huntoneshot,bleeding-hollow,1482,demonhunter,havoc,73,39,34
Ranir,doomhammer,1482,demonhunter,havoc,110,54,56
Sammyvicious,tichondrius,1481,demonhunter,havoc,34,22,12
Loadedtruck,frostmourne,1481,demonhunter,havoc,89,53,36
Businessmaam,malganis,1481,demonhunter,havoc,42,22,20
Halleblurry,dalaran,1481,demonhunter,havoc,66,34,32
Häruun,quelthalas,1480,demonhunter,havoc,53,29,24
Falaisper,tichondrius,1479,demonhunter,havoc,54,32,22
Xiaochicken,tichondrius,1478,demonhunter,havoc,91,48,43
Wowomg,tichondrius,1477,demonhunter,havoc,36,20,16
Elillidan,emerald-dream,1477,demonhunter,havoc,42,22,20
Yukisyn,proudmoore,1475,demonhunter,havoc,132,74,58
Nupx,frostmourne,1474,demonhunter,havoc,45,25,20
Hàuntress,saurfang,1474,demonhunter,havoc,121,66,55
Sëlene,antonidas,1472,demonhunter,havoc,107,53,54
Missjotab,tichondrius,1472,demonhunter,havoc,42,19,23
Intensè,proudmoore,1471,demonhunter,havoc,77,38,39
Khaodemus,kaelthas,1469,demonhunter,havoc,24,17,7
Kegu,stormrage,1469,demonhunter,havoc,54,20,34
Greent,stormrage,1468,demonhunter,havoc,60,39,21
Elidani,area-52,1468,demonhunter,havoc,78,38,40
Thegudgud,stormrage,1468,demonhunter,havoc,66,32,34
Gomesdhunter,azralon,1466,demonhunter,havoc,88,47,41
Layli,azralon,1464,demonhunter,havoc,58,37,21
Zunfooki,stormrage,1464,demonhunter,havoc,30,17,13
Ïtzpåpåløtl,tichondrius,1464,demonhunter,havoc,77,38,39
Yqpro,tichondrius,1463,demonhunter,havoc,143,71,72
Derelikte,shadowmoon,1462,demonhunter,havoc,34,20,14
Nepzz,stormrage,1461,demonhunter,havoc,78,44,34
Eery,tichondrius,1461,demonhunter,havoc,71,35,36
Doomtots,kelthuzad,1460,demonhunter,havoc,30,17,13
Flyudzhin,azgalor,1460,demonhunter,havoc,153,71,82
Mamif,korgath,1460,demonhunter,havoc,68,31,37
Sternhunt,khadgar,1460,demonhunter,havoc,84,38,46
Cocomeld,tichondrius,1459,demonhunter,havoc,30,16,14
Hellnkeller,tichondrius,1459,demonhunter,havoc,36,16,20
Rem,stormrage,1458,demonhunter,havoc,93,53,40
Savetar,thrall,1458,demonhunter,havoc,30,17,13
Exequion,ragnaros,1458,demonhunter,havoc,206,111,95
Demonfused,illidan,1457,demonhunter,havoc,84,43,41
Felseal,frostmourne,1456,demonhunter,havoc,53,34,19
Cascadingeye,emerald-dream,1456,demonhunter,havoc,54,32,22
Telmordrin,azralon,1456,demonhunter,havoc,92,48,44
Enfirok,duskwood,1456,demonhunter,havoc,342,173,169
Îllîdàn,tichondrius,1455,demonhunter,havoc,99,48,51
Illusiondh,tichondrius,1454,demonhunter,havoc,145,83,62
Jiujitsuu,bleeding-hollow,1454,demonhunter,havoc,49,21,28
Røllnautløw,aegwynn,1453,demonhunter,havoc,44,27,17
Vellestia,argent-dawn,1453,demonhunter,havoc,81,36,45
Draagee,lothar,1452,demonhunter,havoc,55,26,29
Metabeam,tichondrius,1451,demonhunter,havoc,54,34,20
Durello,stormrage,1451,demonhunter,havoc,110,61,49
Devilkon,tichondrius,1451,demonhunter,havoc,42,22,20
Xillidan,area-52,1450,demonhunter,havoc,112,70,42
Ehrapist,kelthuzad,1450,demonhunter,havoc,36,19,17
Ylydary,ragnaros,1450,demonhunter,havoc,176,92,84
Xionas,moon-guard,1447,demonhunter,havoc,261,128,133
Swarlee,kiljaeden,1446,demonhunter,havoc,95,54,41
Eazyrat,stormrage,1445,demonhunter,havoc,54,35,19
Bucx,barthilas,1445,demonhunter,havoc,60,36,24
Wokeaf,malganis,1445,demonhunter,havoc,41,16,25
Krelious,barthilas,1444,demonhunter,havoc,61,33,28
Pressinghunt,tichondrius,1444,demonhunter,havoc,35,16,19
Ðarkone,ragnaros,1443,demonhunter,havoc,54,22,32
Netherbird,malganis,1442,demonhunter,havoc,24,16,8
Esomet,stormrage,1442,demonhunter,havoc,81,50,31
Faphunter,illidan,1441,demonhunter,havoc,87,50,37
Gwendanzig,zangarmarsh,1440,demonhunter,havoc,72,37,35
Sourlime,stormrage,1440,demonhunter,havoc,41,18,23
Zerotwox,thrall,1440,demonhunter,havoc,60,23,37
Sätyr,bleeding-hollow,1439,demonhunter,havoc,66,24,42
Catastrophis,tichondrius,1438,demonhunter,havoc,68,37,31
Molchamp,kelthuzad,1438,demonhunter,havoc,60,27,33
Feelmybush,barthilas,1438,demonhunter,havoc,78,32,46
Sorrybadgas,illidan,1438,demonhunter,havoc,48,18,30
Lravanal,quelthalas,1437,demonhunter,havoc,30,20,10
Rhadê,ragnaros,1437,demonhunter,havoc,36,18,18
Jotalejandro,quelthalas,1436,demonhunter,havoc,101,52,49
ßlurr,moon-guard,1435,demonhunter,havoc,114,63,51
Genruis,area-52,1435,demonhunter,havoc,73,37,36
Ocão,azralon,1435,demonhunter,havoc,54,26,28
Doomsday,kargath,1434,demonhunter,havoc,18,15,3
Beastsburdun,zuljin,1433,demonhunter,havoc,24,15,9
Backtolumby,bleeding-hollow,1433,demonhunter,havoc,65,36,29
Gogungho,tichondrius,1433,demonhunter,havoc,30,15,15
Hollowxo,tichondrius,1432,demonhunter,havoc,30,15,15
Zergedh,kiljaeden,1432,demonhunter,havoc,41,18,23
Zztzz,illidan,1431,demonhunter,havoc,30,15,15
Kyuno,eitrigg,1431,demonhunter,havoc,60,28,32
Behemod,thrall,1431,demonhunter,havoc,42,16,26
Tyredris,kelthuzad,1430,demonhunter,havoc,68,35,33
Sapsalgae,tichondrius,1430,demonhunter,havoc,64,29,35
Nightcráwler,malganis,1429,demonhunter,havoc,30,15,15
Unjusthunt,magtheridon,1429,demonhunter,havoc,30,15,15
Egirlhunter,echo-isles,1429,demonhunter,havoc,30,15,15
Krythix,kelthuzad,1429,demonhunter,havoc,36,15,21
Trillidan,mugthol,1429,demonhunter,havoc,36,15,21
Chimpers,illidan,1429,demonhunter,havoc,42,15,27
Gravebirth,tichondrius,1428,demonhunter,havoc,49,27,22
Erandrida,frostmourne,1428,demonhunter,havoc,69,31,38
Iim,tichondrius,1428,demonhunter,havoc,87,35,52
Mysteryastor,tichondrius,1427,demonhunter,havoc,92,44,48
Franklinmvdh,stormrage,1426,demonhunter,havoc,24,15,9
Chînchîn,kelthuzad,1426,demonhunter,havoc,37,19,18
Stalkdemon,azralon,1426,demonhunter,havoc,30,15,15
Demonaco,tichondrius,1426,demonhunter,havoc,52,19,33
Overtakeyou,azralon,1425,demonhunter,havoc,24,15,9
Torophz,azralon,1425,demonhunter,havoc,48,21,27
Goldsgym,boulderfist,1424,demonhunter,havoc,28,17,11
Tøwers,aegwynn,1424,demonhunter,havoc,134,68,66
Sciatic,area-52,1424,demonhunter,havoc,74,35,39
Wangasaurus,emerald-dream,1424,demonhunter,havoc,60,28,32
Postodesaúde,azralon,1424,demonhunter,havoc,36,15,21
Nightshadeia,tichondrius,1423,demonhunter,havoc,36,15,21
Sashasilver,frostmourne,1422,demonhunter,havoc,51,23,28
Thebojanglz,frostmourne,1421,demonhunter,havoc,25,16,9
Naelaksa,tichondrius,1421,demonhunter,havoc,48,20,28
Devastation,tichondrius,1420,demonhunter,havoc,72,34,38
Odio,chromaggus,1420,demonhunter,havoc,33,15,18
Pigmah,malganis,1420,demonhunter,havoc,40,17,23
Creamboi,stormrage,1419,demonhunter,havoc,34,19,15
Valka,emerald-dream,1419,demonhunter,havoc,141,74,67
Adhdh,haomarush,1418,demonhunter,havoc,24,15,9
Viismoke,thaurissan,1418,demonhunter,havoc,48,28,20
Crtiicosdh,madoran,1418,demonhunter,havoc,36,17,19
Mybus,tichondrius,1417,demonhunter,havoc,99,46,53
Bezmon,silvermoon,1416,demonhunter,havoc,30,19,11
Xibir,amanthul,1416,demonhunter,havoc,42,20,22
Bijix,area-52,1415,demonhunter,havoc,57,37,20
Dejay,thunderhorn,1415,demonhunter,havoc,66,40,26
Krizo,frostmourne,1415,demonhunter,havoc,49,26,23
Inntty,barthilas,1415,demonhunter,havoc,260,136,124
Mjin,tichondrius,1415,demonhunter,havoc,54,25,29
Ikilldemonz,thrall,1415,demonhunter,havoc,42,19,23
Nicodine,tichondrius,1414,demonhunter,havoc,69,36,33
Necrødh,tichondrius,1413,demonhunter,havoc,51,31,20
Christensen,illidan,1413,demonhunter,havoc,114,66,48
Moredread,sargeras,1413,demonhunter,havoc,54,28,26
Siksix,bleeding-hollow,1413,demonhunter,havoc,66,34,32
Tickelfist,zuljin,1413,demonhunter,havoc,115,59,56
Allyrian,sargeras,1412,demonhunter,havoc,180,95,85
Kalmor,barthilas,1412,demonhunter,havoc,87,44,43
Cheriste,malganis,1412,demonhunter,havoc,38,16,22
Grizzop,sargeras,1411,demonhunter,havoc,120,59,61
Mavèrick,thrall,1411,demonhunter,havoc,63,29,34
Oxyoxy,illidan,1410,demonhunter,havoc,37,23,14
Vyndrestan,dalaran,1410,demonhunter,havoc,30,15,15
Mördredd,quelthalas,1410,demonhunter,havoc,52,23,29
Colinn,illidan,1409,demonhunter,havoc,42,25,17
Cybertrax,tichondrius,1408,demonhunter,havoc,24,15,9
Vipperis,stormrage,1408,demonhunter,havoc,34,17,17
Absinith,jubeithos,1407,demonhunter,havoc,60,35,25
Tharzadan,quelthalas,1407,demonhunter,havoc,83,43,40
Salomesalvi,proudmoore,1405,demonhunter,havoc,36,24,12
Gigavlad,area-52,1405,demonhunter,havoc,36,16,20
Grumblepuppy,hyjal,1404,demonhunter,havoc,41,18,23
Narchis,malganis,1403,demonhunter,havoc,30,17,13
Duhan,tichondrius,1403,demonhunter,havoc,292,152,140
Zackfair,burning-legion,1403,demonhunter,havoc,123,60,63
Madblader,tichondrius,1402,demonhunter,havoc,88,42,46
Skace,jubeithos,1401,demonhunter,havoc,138,74,64
Yodiegang,nazgrel,1400,demonhunter,havoc,24,15,9
Demonicfish,malganis,1400,demonhunter,havoc,72,40,32
Noxon,stormrage,1400,demonhunter,havoc,98,50,48
Gohamx,illidan,1400,demonhunter,havoc,116,55,61
Diëgo,gallywix,1399,demonhunter,havoc,24,16,8
Plasticbagel,frostmourne,1397,demonhunter,havoc,48,25,23
Shasha,tichondrius,1395,demonhunter,havoc,24,15,9
Creãtuss,area-52,1395,demonhunter,havoc,79,39,40
Phoébé,drakkari,1394,demonhunter,havoc,36,19,17
Cherlas,blood-furnace,1393,demonhunter,havoc,99,52,47
Sekiro,illidan,1391,demonhunter,havoc,41,22,19
Hoein,eldrethalas,1390,demonhunter,havoc,137,76,61
Hugehogger,boulderfist,1390,demonhunter,havoc,30,15,15
Callux,black-dragonflight,1390,demonhunter,havoc,42,17,25
Ghótam,quelthalas,1389,demonhunter,havoc,54,29,25
Yåkuza,daggerspine,1389,demonhunter,havoc,175,83,92
Rorac,ragnaros,1388,demonhunter,havoc,47,21,26
Maisus,illidan,1388,demonhunter,havoc,36,16,20
Roesh,amanthul,1388,demonhunter,havoc,39,15,24
Broneill,blood-furnace,1387,demonhunter,havoc,144,68,76
Thunderray,ragnaros,1386,demonhunter,havoc,42,25,17
Adycatt,illidan,1386,demonhunter,havoc,36,18,18
Kúrama,tichondrius,1385,demonhunter,havoc,78,46,32
Chungîe,frostmourne,1385,demonhunter,havoc,86,42,44
Snaped,tichondrius,1384,demonhunter,havoc,42,28,14
Çummins,malganis,1384,demonhunter,havoc,90,54,36
Jackk,nordrassil,1384,demonhunter,havoc,41,21,20
Shallah,barthilas,1384,demonhunter,havoc,36,18,18
Thèflurry,tichondrius,1384,demonhunter,havoc,35,15,20
Lostsoulzz,tichondrius,1383,demonhunter,havoc,45,28,17
Vegan,magtheridon,1382,demonhunter,havoc,48,29,19
Telrindyl,moon-guard,1380,demonhunter,havoc,132,75,57
Stavroseus,area-52,1380,demonhunter,havoc,42,23,19
Kyndlia,wyrmrest-accord,1380,demonhunter,havoc,37,15,22
Onií,bleeding-hollow,1379,demonhunter,havoc,35,17,18
Hornedelf,frostmourne,1377,demonhunter,havoc,53,29,24
Ralrdh,ragnaros,1377,demonhunter,havoc,122,63,59
Xonu,sargeras,1377,demonhunter,havoc,36,17,19
Rawdogginit,stormscale,1376,demonhunter,havoc,24,15,9
Anatema,illidan,1376,demonhunter,havoc,120,60,60
Violegrace,area-52,1376,demonhunter,havoc,106,51,55
Sourbooger,illidan,1376,demonhunter,havoc,43,19,24
Blomi,stormrage,1376,demonhunter,havoc,48,21,27
Villumninati,tichondrius,1375,demonhunter,havoc,48,27,21
Omgshesocute,hyjal,1375,demonhunter,havoc,36,18,18
Nisea,malganis,1374,demonhunter,havoc,48,21,27
Vlääd,ragnaros,1373,demonhunter,havoc,210,100,110
Catharsis,onyxia,1373,demonhunter,havoc,71,30,41
Kellox,ragnaros,1372,demonhunter,havoc,36,15,21
Petty,moon-guard,1371,demonhunter,havoc,54,31,23
Fugabag,thrall,1371,demonhunter,havoc,58,28,30
Aiapaec,wyrmrest-accord,1369,demonhunter,havoc,193,94,99
Kazdh,sargeras,1367,demonhunter,havoc,66,34,32
Sloôtybag,tichondrius,1367,demonhunter,havoc,54,25,29
Thêpunisher,ragnaros,1366,demonhunter,havoc,148,75,73
Midewdh,proudmoore,1366,demonhunter,havoc,36,17,19
Chaz,blood-furnace,1366,demonhunter,havoc,36,16,20
Jellous,rivendare,1366,demonhunter,havoc,42,17,25
Andein,dalaran,1364,demonhunter,havoc,42,23,19
Moylecrumbs,stormrage,1364,demonhunter,havoc,108,51,57
Khatary,ragnaros,1364,demonhunter,havoc,36,16,20
Ashtyr,emerald-dream,1362,demonhunter,havoc,40,23,17
Methany,saurfang,1362,demonhunter,havoc,105,48,57
Intensìve,illidan,1362,demonhunter,havoc,171,78,93
Ronkasprince,thunderlord,1361,demonhunter,havoc,92,41,51
Vespherie,moon-guard,1359,demonhunter,havoc,113,64,49
Rânkle,darkspear,1358,demonhunter,havoc,52,28,24
Felbreak,stormrage,1358,demonhunter,havoc,72,35,37
Yedeme,tichondrius,1357,demonhunter,havoc,130,61,69
Freyvin,emerald-dream,1357,demonhunter,havoc,106,48,58
Foxdie,bonechewer,1356,demonhunter,havoc,131,64,67
Muerdun,tichondrius,1355,demonhunter,havoc,42,23,19
Halftruth,stormrage,1354,demonhunter,havoc,58,30,28
Gosrend,durotan,1354,demonhunter,havoc,61,24,37
Adryr,eredar,1353,demonhunter,havoc,58,35,23
Lonelydusk,zangarmarsh,1353,demonhunter,havoc,64,30,34
Metagoblin,tichondrius,1352,demonhunter,havoc,30,15,15
Ziyàl,vashj,1351,demonhunter,havoc,48,23,25
Blinddh,bleeding-hollow,1351,demonhunter,havoc,44,21,23
Throniren,stormrage,1350,demonhunter,havoc,36,17,19
Xlash,malganis,1350,demonhunter,havoc,33,15,18
Kaelidan,kelthuzad,1349,demonhunter,havoc,117,62,55
Schrute,bonechewer,1349,demonhunter,havoc,48,25,23
Bodemön,stormrage,1346,demonhunter,havoc,36,18,18
Imrealgez,wyrmrest-accord,1345,demonhunter,havoc,30,16,14
Ergzydh,frostmourne,1345,demonhunter,havoc,78,33,45
Láskó,area-52,1344,demonhunter,havoc,33,21,12
Hawkowicz,tichondrius,1344,demonhunter,havoc,223,113,110
Soupwoup,moon-guard,1344,demonhunter,havoc,75,36,39
Chupillidan,tichondrius,1344,demonhunter,havoc,36,16,20
Thegoph,bleeding-hollow,1343,demonhunter,havoc,30,14,16
Hellrazer,azgalor,1343,demonhunter,havoc,39,17,22
Kokushiibo,frostwolf,1342,demonhunter,havoc,24,14,10
Heptabase,tichondrius,1342,demonhunter,havoc,31,16,15
Riskerdog,tichondrius,1342,demonhunter,havoc,30,14,16
Theflurry,tichondrius,1342,demonhunter,havoc,36,14,22
Beerbreak,area-52,1342,demonhunter,havoc,42,14,28
Tyrelara,durotan,1341,demonhunter,havoc,29,16,13
Chromatïc,jubeithos,1341,demonhunter,havoc,102,46,56
Momysimpypoo,tichondrius,1340,demonhunter,havoc,24,18,6
Øñî,moon-guard,1340,demonhunter,havoc,24,15,9
Çópê,sargeras,1340,demonhunter,havoc,24,14,10
Jarlzdort,zuljin,1340,demonhunter,havoc,52,23,29
Projectalice,malganis,1340,demonhunter,havoc,42,14,28
Demondubya,illidan,1339,demonhunter,havoc,28,15,13
Refractx,illidan,1338,demonhunter,havoc,135,69,66
Kellytgt,perenolde,1338,demonhunter,havoc,90,46,44
Misakidh,sargeras,1338,demonhunter,havoc,30,14,16
Paypaldh,malganis,1338,demonhunter,havoc,30,14,16
Illidice,tichondrius,1337,demonhunter,havoc,48,24,24
Allenqt,azralon,1336,demonhunter,havoc,74,37,37
Yaakee,tichondrius,1335,demonhunter,havoc,60,34,26
Mudßutt,malganis,1335,demonhunter,havoc,36,14,22
Darthrobio,tichondrius,1334,demonhunter,havoc,23,15,8
Dakro,blackrock,1334,demonhunter,havoc,28,17,11
Qualitycaulk,tichondrius,1334,demonhunter,havoc,24,14,10
Ixix,proudmoore,1334,demonhunter,havoc,87,48,39
Felhunt,ragnaros,1333,demonhunter,havoc,36,15,21
Nubishe,jubeithos,1332,demonhunter,havoc,110,51,59
Evros,tichondrius,1331,demonhunter,havoc,170,93,77
Melantharia,wyrmrest-accord,1331,demonhunter,havoc,30,14,16
Ottie,kelthuzad,1330,demonhunter,havoc,18,14,4
Mybraintiny,illidan,1330,demonhunter,havoc,27,15,12
Majnun,moon-guard,1330,demonhunter,havoc,65,30,35
Hellrunner,magtheridon,1329,demonhunter,havoc,72,38,34
Celestiel,cenarion-circle,1327,demonhunter,havoc,66,34,32
Véñom,area-52,1327,demonhunter,havoc,84,28,56
Elevateztko,stormrage,1326,demonhunter,havoc,36,16,20
Creamin,thrall,1323,demonhunter,havoc,24,15,9
Verméil,tichondrius,1323,demonhunter,havoc,36,17,19
Felbottom,tichondrius,1322,demonhunter,havoc,55,37,18
Moorzans,malganis,1322,demonhunter,havoc,35,21,14
Akiirus,azralon,1322,demonhunter,havoc,30,15,15
Zévron,area-52,1322,demonhunter,havoc,54,26,28
Chaosfienddh,bleeding-hollow,1322,demonhunter,havoc,36,14,22
Hyjixer,stormrage,1321,demonhunter,havoc,36,14,22
Kitnix,proudmoore,1319,demonhunter,havoc,49,24,25
Aleira,frostwolf,1318,demonhunter,havoc,64,35,29
Artemisleto,tichondrius,1318,demonhunter,havoc,72,35,37
Pupupoo,tichondrius,1317,demonhunter,havoc,102,53,49
Pilyn,ragnaros,1317,demonhunter,havoc,152,78,74
Litzilla,thrall,1315,demonhunter,havoc,42,20,22
Sillyslayadk,moon-guard,1314,demonhunter,havoc,162,89,73
Szyvrax,moon-guard,1314,demonhunter,havoc,30,14,16
Crypsys,illidan,1314,demonhunter,havoc,42,18,24
Sicklyslick,frostmourne,1313,demonhunter,havoc,25,15,10
Drschna,emerald-dream,1313,demonhunter,havoc,42,20,22
Saelila,emerald-dream,1312,demonhunter,havoc,42,21,21
Valdiran,duskwood,1312,demonhunter,havoc,71,30,41
Ogmon,tichondrius,1310,demonhunter,havoc,30,16,14
Cresslina,tichondrius,1310,demonhunter,havoc,108,51,57
Nurzal,malganis,1310,demonhunter,havoc,30,14,16
Smokahontas,eredar,1309,demonhunter,havoc,24,14,10
Mázoku,shuhalo,1309,demonhunter,havoc,41,20,21
Ravack,stormrage,1309,demonhunter,havoc,29,14,15
Jibaiye,tichondrius,1309,demonhunter,havoc,30,14,16
Noctemdh,tichondrius,1309,demonhunter,havoc,69,29,40
Lucipur,thrall,1309,demonhunter,havoc,36,15,21
Darthmah,illidan,1308,demonhunter,havoc,47,28,19
Fiebzz,queldorei,1308,demonhunter,havoc,26,15,11
Cholula,korgath,1308,demonhunter,havoc,36,17,19
Taters,gorefiend,1307,demonhunter,havoc,36,19,17
Dömönic,illidan,1306,demonhunter,havoc,30,18,12
Malviciouss,tichondrius,1306,demonhunter,havoc,96,45,51
Vizionz,emerald-dream,1305,demonhunter,havoc,88,46,42
Tekkamanevil,tichondrius,1304,demonhunter,havoc,270,134,136
Rosamune,kelthuzad,1304,demonhunter,havoc,47,18,29
Devilspawnss,barthilas,1302,demonhunter,havoc,52,23,29
Belial,haomarush,1299,demonhunter,havoc,54,28,26
Litan,ragnaros,1298,demonhunter,havoc,30,16,14
Bobgoulantt,tichondrius,1298,demonhunter,havoc,167,87,80
Thechaz,bleeding-hollow,1297,demonhunter,havoc,60,37,23
Mursiless,drenden,1296,demonhunter,havoc,30,17,13
Airaxx,moon-guard,1294,demonhunter,havoc,39,20,19
Deemoogorgon,goldrinn,1293,demonhunter,havoc,24,14,10
Kêrbydh,frostmourne,1293,demonhunter,havoc,48,27,21
Rizzaarrdd,tichondrius,1292,demonhunter,havoc,142,73,69
Silvs,illidan,1291,demonhunter,havoc,244,131,113
Mortiria,dalaran,1291,demonhunter,havoc,109,52,57
Ozaiï,tichondrius,1291,demonhunter,havoc,52,18,34
Szei,tichondrius,1289,demonhunter,havoc,27,16,11
Lixthing,ragnaros,1288,demonhunter,havoc,74,48,26
Rustyanchor,malganis,1287,demonhunter,havoc,46,24,22
Chungg,laughing-skull,1287,demonhunter,havoc,30,15,15
Kereses,bonechewer,1286,demonhunter,havoc,75,41,34
Revean,darkspear,1286,demonhunter,havoc,144,77,67
Amdusias,darkspear,1285,demonhunter,havoc,55,26,29
Scanktilly,tichondrius,1284,demonhunter,havoc,52,31,21
Siicknote,frostmourne,1284,demonhunter,havoc,29,14,15
Vwap,tichondrius,1284,demonhunter,havoc,29,14,15
Jámès,area-52,1281,demonhunter,havoc,30,14,16
Fiziokratdh,ghostlands,1281,demonhunter,havoc,71,33,38
Facerollfel,tichondrius,1280,demonhunter,havoc,30,14,16
Rauwèrs,azralon,1279,demonhunter,havoc,95,52,43
Cleår,kelthuzad,1276,demonhunter,havoc,26,15,11
Falaszun,aegwynn,1275,demonhunter,havoc,32,16,16
Gilberte,stormrage,1275,demonhunter,havoc,42,14,28
Sylenah,hyjal,1273,demonhunter,havoc,30,14,16
Soulsteall,tichondrius,1271,demonhunter,havoc,48,28,20
Angelawhite,illidan,1271,demonhunter,havoc,54,27,27
Nolights,area-52,1271,demonhunter,havoc,102,41,61
Llrebelionll,stormrage,1269,demonhunter,havoc,30,20,10
Báléríón,area-52,1269,demonhunter,havoc,89,46,43
Whataboutbob,korgath,1268,demonhunter,havoc,36,14,22
Alganoth,malfurion,1267,demonhunter,havoc,112,54,58
Dakkemon,zuljin,1267,demonhunter,havoc,62,24,38
Kêydën,ragnaros,1265,demonhunter,havoc,52,33,19
Strickdaddy,hyjal,1265,demonhunter,havoc,90,43,47
Revvup,tichondrius,1265,demonhunter,havoc,87,40,47
Falsewave,sargeras,1264,demonhunter,havoc,72,42,30
Yønkou,stormrage,1264,demonhunter,havoc,143,70,73
Glayve,emerald-dream,1263,demonhunter,havoc,145,75,70
Killmongeer,tichondrius,1262,demonhunter,havoc,39,20,19
Skilla,frostmourne,1262,demonhunter,havoc,91,45,46
Wíkkihx,emerald-dream,1262,demonhunter,havoc,67,30,37
Howller,azralon,1261,demonhunter,havoc,39,18,21
Alaron,wildhammer,1258,demonhunter,havoc,134,70,64
Rewyle,magtheridon,1258,demonhunter,havoc,47,16,31
Eullz,skullcrusher,1257,demonhunter,havoc,31,14,17
Softkyll,area-52,1256,demonhunter,havoc,486,244,242
Rolecheck,tichondrius,1256,demonhunter,havoc,58,29,29
Xà,sargeras,1256,demonhunter,havoc,36,14,22
Scarshine,frostmourne,1254,demonhunter,havoc,200,95,105
Draxíus,tichondrius,1252,demonhunter,havoc,31,15,16
Margerie,bleeding-hollow,1249,demonhunter,havoc,110,54,56
Mårth,caelestrasz,1248,demonhunter,havoc,48,25,23
Roughins,chogall,1248,demonhunter,havoc,79,41,38
Aeonys,stormrage,1248,demonhunter,havoc,78,40,38
Schishkabob,archimonde,1248,demonhunter,havoc,30,15,15
Twodxoxo,kelthuzad,1248,demonhunter,havoc,30,14,16
Ilovenina,sargeras,1247,demonhunter,havoc,24,13,11
Vaxs,moon-guard,1247,demonhunter,havoc,118,63,55
Slayup,area-52,1246,demonhunter,havoc,18,13,5
Inkubuz,sargeras,1246,demonhunter,havoc,160,78,82
Thickgary,illidan,1245,demonhunter,havoc,18,13,5
Imjustbad,malganis,1245,demonhunter,havoc,98,58,40
Kalikanzar,sargeras,1245,demonhunter,havoc,24,13,11
Finnanutt,tichondrius,1245,demonhunter,havoc,32,15,17
Juantty,area-52,1245,demonhunter,havoc,33,15,18
Demonlord,shattered-hand,1245,demonhunter,havoc,61,27,34
Rykidh,tichondrius,1245,demonhunter,havoc,30,13,17
Äòégämîñg,stormrage,1245,demonhunter,havoc,36,13,23
Shar,jaedenar,1244,demonhunter,havoc,58,35,23
Alizqt,ragnaros,1244,demonhunter,havoc,24,13,11
Íllidan,stormrage,1244,demonhunter,havoc,36,13,23
Baejuhyun,kiljaeden,1243,demonhunter,havoc,24,16,8
Furíøus,tichondrius,1242,demonhunter,havoc,18,13,5
Kushidari,tichondrius,1242,demonhunter,havoc,179,94,85
Rza,dreadmaul,1242,demonhunter,havoc,34,16,18
Tomhenk,blackrock,1242,demonhunter,havoc,30,13,17
Decoi,tichondrius,1241,demonhunter,havoc,24,13,11
Kimochinchin,ragnaros,1241,demonhunter,havoc,24,13,11
Dlone,sargeras,1241,demonhunter,havoc,48,22,26
Iyren,sargeras,1240,demonhunter,havoc,18,13,5
Tydriedian,dalaran,1239,demonhunter,havoc,18,13,5
Hongnara,tichondrius,1239,demonhunter,havoc,65,30,35
Harû,tichondrius,1239,demonhunter,havoc,30,13,17
Jiawen,barthilas,1238,demonhunter,havoc,24,13,11
Ritz,moon-guard,1237,demonhunter,havoc,30,13,17
Moranah,tichondrius,1236,demonhunter,havoc,24,13,11
Zétta,area-52,1236,demonhunter,havoc,24,13,11
Onewhoknox,mannoroth,1236,demonhunter,havoc,204,100,104
Itachiix,sargeras,1234,demonhunter,havoc,48,27,21
Maddummy,tichondrius,1234,demonhunter,havoc,30,13,17
Xein,khazgoroth,1234,demonhunter,havoc,93,40,53
Blckreaper,area-52,1233,demonhunter,havoc,48,24,24
Tattedandfab,stormrage,1233,demonhunter,havoc,108,46,62
Aflex,zuljin,1232,demonhunter,havoc,35,19,16
Giantryhard,tichondrius,1231,demonhunter,havoc,30,13,17
Dhrongor,drakkari,1230,demonhunter,havoc,24,13,11
Chris,dreadmaul,1230,demonhunter,havoc,24,13,11
Friel,magtheridon,1230,demonhunter,havoc,24,13,11
Syrena,mugthol,1230,demonhunter,havoc,36,18,18
Narene,mannoroth,1230,demonhunter,havoc,51,22,29
Asmoday,warsong,1229,demonhunter,havoc,149,82,67
Pokoloko,twisting-nether,1229,demonhunter,havoc,73,30,43
Erazuz,stormrage,1228,demonhunter,havoc,54,22,32
Felraven,scarlet-crusade,1227,demonhunter,havoc,39,19,20
Felshiv,azralon,1226,demonhunter,havoc,54,23,31
Superbug,quelthalas,1224,demonhunter,havoc,78,38,40
Veladoria,malorne,1222,demonhunter,havoc,48,23,25
Elenamarth,kiljaeden,1222,demonhunter,havoc,84,40,44
Bogged,emerald-dream,1222,demonhunter,havoc,33,14,19
Tezrian,earthen-ring,1221,demonhunter,havoc,24,13,11
Sorrenta,ragnaros,1221,demonhunter,havoc,27,14,13
Kälec,drakkari,1221,demonhunter,havoc,36,18,18
Bushwacker,azralon,1221,demonhunter,havoc,38,16,22
Onlypain,korgath,1221,demonhunter,havoc,56,23,33
Jagidan,area-52,1220,demonhunter,havoc,31,13,18
Pariah,saurfang,1220,demonhunter,havoc,53,20,33
Lovekills,tichondrius,1219,demonhunter,havoc,31,17,14
Raradane,illidan,1218,demonhunter,havoc,24,15,9
Shandras,dathremar,1218,demonhunter,havoc,24,13,11
Lachesix,tichondrius,1217,demonhunter,havoc,30,13,17
Devwillhuntu,barthilas,1216,demonhunter,havoc,80,42,38
Pradaboi,tichondrius,1216,demonhunter,havoc,60,28,32
Axyy,area-52,1215,demonhunter,havoc,24,14,10
Keelin,ragnaros,1212,demonhunter,havoc,28,13,15
Demonbane,moon-guard,1208,demonhunter,havoc,84,41,43
Spamsamich,stormscale,1207,demonhunter,havoc,101,56,45
Furxi,illidan,1206,demonhunter,havoc,69,31,38
Itsskaa,illidan,1206,demonhunter,havoc,42,15,27
Zématador,azralon,1205,demonhunter,havoc,112,57,55
Polunochnaya,area-52,1205,demonhunter,havoc,52,21,31
Vognum,quelthalas,1204,demonhunter,havoc,27,14,13
Demonkratoz,ragnaros,1203,demonhunter,havoc,61,24,37
Dhunterkofwa,tichondrius,1201,demonhunter,havoc,41,14,27
Hellspawnn,malganis,1200,demonhunter,havoc,50,27,23
Zetsuwaffles,area-52,1198,demonhunter,havoc,29,13,16
Diversityabc,bleeding-hollow,1198,demonhunter,havoc,125,54,71
Thelada,illidan,1197,demonhunter,havoc,53,26,27
Etherëäl,stormrage,1194,demonhunter,havoc,53,32,21
Bastaghor,stormrage,1194,demonhunter,havoc,42,19,23
Këÿz,earthen-ring,1194,demonhunter,havoc,30,13,17
Faalleen,quelthalas,1190,demonhunter,havoc,33,21,12
Felvanora,amanthul,1190,demonhunter,havoc,24,14,10
Attritionx,sargeras,1188,demonhunter,havoc,35,20,15
Spicywings,arthas,1187,demonhunter,havoc,108,50,58
Waxy,emerald-dream,1187,demonhunter,havoc,57,26,31
Hævenlysinz,tichondrius,1186,demonhunter,havoc,42,15,27
Brunoqt,azralon,1185,demonhunter,havoc,29,13,16
Cyberpsycho,illidan,1184,demonhunter,havoc,30,14,16
Diizy,illidan,1184,demonhunter,havoc,30,14,16
Miltonpickle,tichondrius,1184,demonhunter,havoc,72,31,41
Sleepyjobe,sargeras,1183,demonhunter,havoc,16,13,3
Stroonster,aegwynn,1176,demonhunter,havoc,30,18,12
Aliniron,illidan,1174,demonhunter,havoc,38,22,16
Mitsûri,quelthalas,1173,demonhunter,havoc,57,27,30
Aroncruel,area-52,1172,demonhunter,havoc,77,41,36
Breezoo,tichondrius,1171,demonhunter,havoc,30,20,10
Djkelly,tichondrius,1171,demonhunter,havoc,38,13,25
Buzzmezaddy,bleeding-hollow,1170,demonhunter,havoc,63,28,35
Daiks,proudmoore,1166,demonhunter,havoc,66,31,35
Atsudadh,illidan,1166,demonhunter,havoc,36,13,23
Gouge,hakkar,1165,demonhunter,havoc,67,36,31
Xxsozin,skullcrusher,1164,demonhunter,havoc,39,17,22
Jënesis,illidan,1162,demonhunter,havoc,116,58,58
Sucubus,eredar,1161,demonhunter,havoc,48,26,22
Bzrp,stormrage,1161,demonhunter,havoc,46,24,22
Aethrys,amanthul,1161,demonhunter,havoc,58,28,30
Neecro,frostmourne,1161,demonhunter,havoc,103,47,56
Jerrickah,skullcrusher,1161,demonhunter,havoc,38,17,21
Lloxly,skullcrusher,1161,demonhunter,havoc,42,18,24
Zoruv,quelthalas,1160,demonhunter,havoc,27,14,13
Illadra,fizzcrank,1160,demonhunter,havoc,41,21,20
Diddlemethis,nagrand,1159,demonhunter,havoc,30,15,15
Thedaz,frostmourne,1158,demonhunter,havoc,143,66,77
Hiddenblade,coilfang,1158,demonhunter,havoc,67,29,38
Larayedia,illidan,1156,demonhunter,havoc,24,17,7
Suhui,sargeras,1154,demonhunter,havoc,35,13,22
Dennfear,skullcrusher,1153,demonhunter,havoc,42,25,17
Xragii,kelthuzad,1152,demonhunter,havoc,24,12,12
Adhdhdh,bloodhoof,1151,demonhunter,havoc,30,12,18
Insomdh,sargeras,1150,demonhunter,havoc,18,12,6
Ahgony,shadow-council,1150,demonhunter,havoc,24,12,12
Rruaast,bonechewer,1150,demonhunter,havoc,24,12,12
Pollux,area-52,1150,demonhunter,havoc,39,13,26
Openhard,stormrage,1148,demonhunter,havoc,24,12,12
Everdh,barthilas,1148,demonhunter,havoc,30,12,18
Blakhaurt,tichondrius,1148,demonhunter,havoc,36,12,24
Fahrenhype,shattered-halls,1147,demonhunter,havoc,30,16,14
Vàin,ragnaros,1147,demonhunter,havoc,24,12,12
Worldahmelee,illidan,1147,demonhunter,havoc,24,12,12
Proserpinâ,bleeding-hollow,1147,demonhunter,havoc,88,39,49
Lovedem,area-52,1147,demonhunter,havoc,90,36,54
Demónio,tichondrius,1146,demonhunter,havoc,18,12,6
Qvibes,tichondrius,1146,demonhunter,havoc,24,12,12
Weedeaterr,arthas,1146,demonhunter,havoc,54,18,36
Aeezus,tichondrius,1145,demonhunter,havoc,30,12,18
Koodachicken,kul-tiras,1144,demonhunter,havoc,24,12,12
Orsova,area-52,1144,demonhunter,havoc,24,12,12
Cursesoul,area-52,1143,demonhunter,havoc,78,38,40
Valàk,bleeding-hollow,1142,demonhunter,havoc,24,12,12
Skinnrd,malganis,1142,demonhunter,havoc,24,12,12
Vandeste,tichondrius,1142,demonhunter,havoc,30,12,18
Kagraxxis,stormrage,1141,demonhunter,havoc,21,13,8
Intrusive,kelthuzad,1141,demonhunter,havoc,24,12,12
Swoffordsr,tichondrius,1141,demonhunter,havoc,48,23,25
Magoroth,ragnaros,1139,demonhunter,havoc,30,20,10
Timeryus,ragnaros,1139,demonhunter,havoc,41,21,20
Irezumi,icecrown,1139,demonhunter,havoc,24,12,12
Skógarmaðr,garrosh,1138,demonhunter,havoc,51,28,23
Lingnafoxy,tichondrius,1137,demonhunter,havoc,39,16,23
Vivas,tichondrius,1136,demonhunter,havoc,24,12,12
Lucati,nemesis,1136,demonhunter,havoc,27,13,14
Endyr,area-52,1136,demonhunter,havoc,25,12,13
Ovèrrated,area-52,1134,demonhunter,havoc,90,40,50
Tayel,emerald-dream,1133,demonhunter,havoc,34,19,15
Keigna,tichondrius,1132,demonhunter,havoc,18,12,6
Pvpchump,malygos,1131,demonhunter,havoc,66,35,31
Ãstoreth,quelthalas,1130,demonhunter,havoc,18,12,6
Dandreb,draenor,1130,demonhunter,havoc,29,15,14
Roosterhead,azjolnerub,1130,demonhunter,havoc,29,14,15
Fingerjamsx,area-52,1129,demonhunter,havoc,61,28,33
Sharinne,frostmourne,1129,demonhunter,havoc,36,16,20
Leonardol,quelthalas,1127,demonhunter,havoc,27,15,12
Jennesis,tichondrius,1126,demonhunter,havoc,78,36,42
Keeblerself,tichondrius,1125,demonhunter,havoc,56,34,22
Blazed,thrall,1125,demonhunter,havoc,187,91,96
Ibeatrix,malorne,1124,demonhunter,havoc,24,18,6
Cantc,moon-guard,1124,demonhunter,havoc,24,12,12
Dirtyvitus,gorefiend,1123,demonhunter,havoc,42,29,13
Wabussy,drenden,1122,demonhunter,havoc,48,22,26
Flyingsky,tichondrius,1121,demonhunter,havoc,24,14,10
Elfofura,azralon,1121,demonhunter,havoc,82,33,49
Apaantuh,sargeras,1120,demonhunter,havoc,36,22,14
Flarian,skullcrusher,1120,demonhunter,havoc,24,12,12
Painkiiller,kelthuzad,1119,demonhunter,havoc,76,40,36
Zizi,ghostlands,1117,demonhunter,havoc,62,33,29
Tyindorin,gurubashi,1114,demonhunter,havoc,36,18,18
Overwatch,gundrak,1112,demonhunter,havoc,27,15,12
Ënky,ragnaros,1112,demonhunter,havoc,60,24,36
Maelstro,bladefist,1110,demonhunter,havoc,52,31,21
Devc,stormrage,1109,demonhunter,havoc,36,19,17
Demonslaier,dragonblight,1109,demonhunter,havoc,38,20,18
Spicyblades,stormrage,1107,demonhunter,havoc,65,32,33
Kratox,senjin,1106,demonhunter,havoc,30,16,14
Twistéd,gorefiend,1104,demonhunter,havoc,54,26,28
Atrgrunt,ragnaros,1098,demonhunter,havoc,36,14,22
Dameon,wildhammer,1097,demonhunter,havoc,102,53,49
Foodtruck,hellscream,1095,demonhunter,havoc,23,13,10
Ryutt,illidan,1092,demonhunter,havoc,38,21,17
Nemoj,hellscream,1091,demonhunter,havoc,36,21,15
Medusarri,frostmourne,1091,demonhunter,havoc,77,36,41
Feltini,whisperwind,1085,demonhunter,havoc,23,12,11
Lilliåna,kiljaeden,1085,demonhunter,havoc,56,24,32
Blacktocki,barthilas,1083,demonhunter,havoc,28,14,14
Moxí,ragnaros,1082,demonhunter,havoc,36,19,17
Kwoop,tichondrius,1082,demonhunter,havoc,30,12,18
Ceried,moon-guard,1080,demonhunter,havoc,49,28,21
Nixsa,area-52,1079,demonhunter,havoc,88,39,49
Dyingslow,stormrage,1077,demonhunter,havoc,126,51,75
Bhuppz,frostmourne,1076,demonhunter,havoc,22,12,10
Kazadin,azralon,1072,demonhunter,havoc,76,33,43
Crustorbust,tichondrius,1071,demonhunter,havoc,40,24,16
Katchem,barthilas,1071,demonhunter,havoc,26,12,14
Gravelot,quelthalas,1066,demonhunter,havoc,71,31,40
Syrine,veknilash,1059,demonhunter,havoc,72,41,31
Syldaeya,silvermoon,1057,demonhunter,havoc,34,20,14
Shakah,dragonmaw,1056,demonhunter,havoc,18,11,7
Zuppashi,area-52,1056,demonhunter,havoc,24,11,13
Xdrenzy,destromath,1055,demonhunter,havoc,18,11,7
Fireredir,moon-guard,1055,demonhunter,havoc,18,11,7
Fëlla,tanaris,1055,demonhunter,havoc,18,11,7
Feliodas,tichondrius,1055,demonhunter,havoc,24,11,13
Thumôss,malganis,1054,demonhunter,havoc,18,11,7
Dabsfordayz,zuluhed,1054,demonhunter,havoc,18,11,7
Koverage,frostmourne,1054,demonhunter,havoc,18,11,7
Ariaxy,sargeras,1054,demonhunter,havoc,18,11,7
Bümb,moon-guard,1054,demonhunter,havoc,24,11,13
Suyu,ragnaros,1054,demonhunter,havoc,50,21,29
Hávok,sargeras,1054,demonhunter,havoc,31,11,20
Agsakim,tichondrius,1053,demonhunter,havoc,18,11,7
Chaosdmg,lightbringer,1053,demonhunter,havoc,24,11,13
Xavid,bleeding-hollow,1053,demonhunter,havoc,24,11,13
Cedicdh,illidan,1053,demonhunter,havoc,24,11,13
Thedee,emerald-dream,1053,demonhunter,havoc,30,11,19
Emodan,moon-guard,1053,demonhunter,havoc,30,11,19
Shinitakunai,area-52,1052,demonhunter,havoc,30,11,19
Photuris,moon-guard,1051,demonhunter,havoc,24,11,13
Messenoire,area-52,1051,demonhunter,havoc,26,11,15
Midnightlord,tichondrius,1050,demonhunter,havoc,36,24,12
Loathy,tichondrius,1050,demonhunter,havoc,18,11,7
Oddlysimple,korgath,1050,demonhunter,havoc,24,11,13
Ønsen,tichondrius,1049,demonhunter,havoc,29,11,18
Abrams,tichondrius,1048,demonhunter,havoc,24,11,13
Vuse,moon-guard,1048,demonhunter,havoc,24,11,13
Covoth,bleeding-hollow,1048,demonhunter,havoc,27,12,15
Faster,tichondrius,1048,demonhunter,havoc,30,11,19
Brokendh,ragnaros,1048,demonhunter,havoc,30,11,19
Legäult,bleeding-hollow,1047,demonhunter,havoc,33,17,16
Madatya,black-dragonflight,1047,demonhunter,havoc,24,11,13
Cðnstantine,barthilas,1047,demonhunter,havoc,24,11,13
Lory,eldrethalas,1046,demonhunter,havoc,92,43,49
Sektõr,dalaran,1046,demonhunter,havoc,24,11,13
Moondh,area-52,1046,demonhunter,havoc,52,18,34
Venomis,stormrage,1045,demonhunter,havoc,30,13,17
Xanthee,drakkari,1043,demonhunter,havoc,87,44,43
Hqq,illidan,1043,demonhunter,havoc,24,11,13
Axitria,ragnaros,1042,demonhunter,havoc,48,25,23
Darkglaive,ragnaros,1042,demonhunter,havoc,24,11,13
Misfortune,bloodscalp,1042,demonhunter,havoc,72,32,40
Rickinmorty,lightnings-blade,1041,demonhunter,havoc,19,11,8
Fellight,bonechewer,1041,demonhunter,havoc,71,40,31
Cuint,barthilas,1041,demonhunter,havoc,48,26,22
Creaminbeavr,twisting-nether,1040,demonhunter,havoc,22,12,10
Misriah,sargeras,1039,demonhunter,havoc,30,11,19
Äshês,blackhand,1038,demonhunter,havoc,26,13,13
Fafix,ragnaros,1038,demonhunter,havoc,24,11,13
Aedice,gurubashi,1038,demonhunter,havoc,24,11,13
Aphy,thunderhorn,1038,demonhunter,havoc,24,11,13
Alphmega,malganis,1037,demonhunter,havoc,24,11,13
Memoryleaky,proudmoore,1036,demonhunter,havoc,17,12,5
Trituone,ragnaros,1036,demonhunter,havoc,115,54,61
Gurthbrookz,tichondrius,1036,demonhunter,havoc,24,11,13
Lillidum,azralon,1035,demonhunter,havoc,107,59,48
Successful,area-52,1034,demonhunter,havoc,108,40,68
Darkweast,dalaran,1030,demonhunter,havoc,26,12,14
Felbòy,korgath,1029,demonhunter,havoc,24,11,13
Ðemascus,tichondrius,1028,demonhunter,havoc,30,11,19
Dämonjäger,dragonmaw,1027,demonhunter,havoc,21,14,7
Demonbanter,emerald-dream,1024,demonhunter,havoc,30,15,15
Yamato,elune,1022,demonhunter,havoc,51,18,33
Doomhead,burning-legion,1016,demonhunter,havoc,33,21,12
Yogo,tichondrius,1015,demonhunter,havoc,28,11,17
Veridax,quelthalas,1014,demonhunter,havoc,18,11,7
Lanistus,bloodhoof,1014,demonhunter,havoc,24,11,13
Portgaes,ragnaros,1014,demonhunter,havoc,65,19,46
Pupariuh,illidan,1013,demonhunter,havoc,47,19,28
Menadori,madoran,1012,demonhunter,havoc,24,13,11
Blops,emerald-dream,1012,demonhunter,havoc,119,62,57
Maydemon,ragnaros,1011,demonhunter,havoc,36,12,24
Pegásus,kiljaeden,1010,demonhunter,havoc,16,11,5
Ozark,barthilas,1008,demonhunter,havoc,59,35,24
Zumaldita,quelthalas,1008,demonhunter,havoc,24,14,10
Chronicsmoke,blood-furnace,1008,demonhunter,havoc,36,16,20
Catfood,icecrown,1008,demonhunter,havoc,27,11,16
Rhaast,executus,1006,demonhunter,havoc,103,46,57
Seamenhunter,garrosh,1004,demonhunter,havoc,24,12,12
Highpower,area-52,1002,demonhunter,havoc,32,13,19
Clairconctla,spirestone,1001,demonhunter,havoc,87,40,47
Frenchtoast,bonechewer,995,demonhunter,havoc,36,12,24
Funspunk,nagrand,995,demonhunter,havoc,42,11,31
Clorhídrico,quelthalas,991,demonhunter,havoc,116,58,58
Fov,crushridge,991,demonhunter,havoc,26,11,15
Servilletas,spirestone,989,demonhunter,havoc,17,11,6
Kreel,ghostlands,988,demonhunter,havoc,30,16,14
Nécô,tichondrius,987,demonhunter,havoc,26,11,15
Lüky,malganis,986,demonhunter,havoc,22,11,11
Quinny,runetotem,986,demonhunter,havoc,27,13,14
Heallscrean,drakkari,985,demonhunter,havoc,27,12,15
Ghostzface,sargeras,980,demonhunter,havoc,87,42,45
Dbljump,kiljaeden,979,demonhunter,havoc,32,11,21
Andarïel,bleeding-hollow,977,demonhunter,havoc,25,12,13
Eikichi,bleeding-hollow,976,demonhunter,havoc,60,28,32
Purpsquirter,stormscale,974,demonhunter,havoc,39,20,19
Rrochy,tichondrius,971,demonhunter,havoc,44,20,24
Grûnt,sargeras,966,demonhunter,havoc,42,16,26
Cercius,dalaran,966,demonhunter,havoc,36,11,25
Swansong,norgannon,964,demonhunter,havoc,66,32,34
Bukwheat,thunderhorn,962,demonhunter,havoc,108,53,55
Hypetraindh,kelthuzad,960,demonhunter,havoc,12,10,2
Doomanone,sargeras,960,demonhunter,havoc,18,10,8
Revzxy,dalaran,960,demonhunter,havoc,18,10,8
Stets,emerald-dream,960,demonhunter,havoc,18,10,8
Lancee,zuljin,960,demonhunter,havoc,24,10,14
Icanmove,area-52,960,demonhunter,havoc,24,10,14
Igotdc,tichondrius,960,demonhunter,havoc,25,10,15
Lakedemon,sargeras,959,demonhunter,havoc,18,10,8
Sourapple,barthilas,959,demonhunter,havoc,18,10,8
Theownz,stormrage,959,demonhunter,havoc,18,10,8
Zyer,mannoroth,959,demonhunter,havoc,18,10,8
Myelvénlady,shattered-hand,959,demonhunter,havoc,18,10,8
Lawimmortal,tichondrius,959,demonhunter,havoc,24,10,14
Dhuck,nemesis,959,demonhunter,havoc,27,11,16
Cyånan,bleeding-hollow,958,demonhunter,havoc,23,14,9
Planeinsky,malganis,958,demonhunter,havoc,18,10,8
Danyohl,kelthuzad,958,demonhunter,havoc,18,10,8
Bronaanas,tichondrius,958,demonhunter,havoc,18,10,8
Veilmaya,arthas,958,demonhunter,havoc,24,10,14
Numrasiel,drakkari,958,demonhunter,havoc,24,10,14
Randôm,kelthuzad,957,demonhunter,havoc,21,11,10
Sanllish,illidan,957,demonhunter,havoc,31,13,18
Vishì,thrall,957,demonhunter,havoc,30,10,20
Finelsite,area-52,956,demonhunter,havoc,18,10,8
Feldumper,illidan,956,demonhunter,havoc,24,10,14
Gozer,korialstrasz,956,demonhunter,havoc,48,18,30
Tangoh,burning-legion,955,demonhunter,havoc,18,10,8
Furfur,undermine,955,demonhunter,havoc,22,10,12
Winlegend,gallywix,955,demonhunter,havoc,40,15,25
Onigirix,area-52,953,demonhunter,havoc,27,11,16
Larnol,moon-guard,952,demonhunter,havoc,18,10,8
Nerco,bleeding-hollow,952,demonhunter,havoc,24,10,14
Rèlentless,moon-guard,951,demonhunter,havoc,24,10,14
Mvrda,area-52,951,demonhunter,havoc,30,10,20
Unóhana,drakkari,950,demonhunter,havoc,24,10,14
Shwagxnugz,area-52,949,demonhunter,havoc,18,10,8
Letzgobrandn,silvermoon,948,demonhunter,havoc,18,10,8
Insañitý,bleeding-hollow,948,demonhunter,havoc,18,10,8
Halfprepared,kelthuzad,946,demonhunter,havoc,30,10,20
Deepde,tichondrius,945,demonhunter,havoc,24,10,14
Demonizhe,thrall,944,demonhunter,havoc,43,22,21
Rissélys,thrall,942,demonhunter,havoc,36,20,16
Ethelric,frostmourne,935,demonhunter,havoc,101,37,64
Riicardo,ragnaros,932,demonhunter,havoc,52,26,26
Deegsdh,sargeras,932,demonhunter,havoc,27,10,17
Çherrii,moon-guard,930,demonhunter,havoc,52,28,24
Íko,tichondrius,929,demonhunter,havoc,108,50,58
Tättø,area-52,926,demonhunter,havoc,20,11,9
Demonshep,proudmoore,925,demonhunter,havoc,22,10,12
Allukya,azralon,924,demonhunter,havoc,17,10,7
Akalitethi,moon-guard,924,demonhunter,havoc,94,33,61
Ottonashii,ragnaros,922,demonhunter,havoc,110,47,63
Roderika,amanthul,921,demonhunter,havoc,24,13,11
Lanathir,kirin-tor,919,demonhunter,havoc,30,11,19
Aleymar,tichondrius,918,demonhunter,havoc,36,18,18
Whitexheart,illidan,912,demonhunter,havoc,30,15,15
Romïna,quelthalas,910,demonhunter,havoc,50,24,26
Kslicedevil,dalaran,909,demonhunter,havoc,72,31,41
Mindburn,shadowmoon,902,demonhunter,havoc,62,32,30
Sitarok,drakkari,899,demonhunter,havoc,28,11,17
Uneasydh,tichondrius,895,demonhunter,havoc,32,10,22
Shawnchad,blood-furnace,891,demonhunter,havoc,199,98,101
Ilitía,area-52,887,demonhunter,havoc,21,12,9
Tygerion,emerald-dream,885,demonhunter,havoc,22,10,12
Creta,frostmourne,882,demonhunter,havoc,24,13,11
Vladdtepes,cairne,881,demonhunter,havoc,144,72,72
Ripchimmii,illidan,880,demonhunter,havoc,25,10,15
Annabow,moon-guard,874,demonhunter,havoc,174,86,88
Lrianna,senjin,870,demonhunter,havoc,23,10,13
Faarkyou,barthilas,868,demonhunter,havoc,26,10,16
Pennyx,barthilas,864,demonhunter,havoc,12,9,3
Ravevê,area-52,864,demonhunter,havoc,12,9,3
Banaphel,hellscream,864,demonhunter,havoc,12,9,3
Plsbegood,area-52,864,demonhunter,havoc,12,9,3
Dzdh,stormrage,864,demonhunter,havoc,18,9,9
Bammski,tichondrius,864,demonhunter,havoc,18,9,9
Emicruz,quelthalas,864,demonhunter,havoc,18,9,9
Dontplanahea,tichondrius,864,demonhunter,havoc,18,9,9
Feldhjumps,zuljin,864,demonhunter,havoc,18,9,9
Tarro,whisperwind,864,demonhunter,havoc,18,9,9
Seya,tichondrius,864,demonhunter,havoc,18,9,9
Vandämn,barthilas,864,demonhunter,havoc,18,9,9
Slapxy,kelthuzad,864,demonhunter,havoc,18,9,9
Artee,illidan,864,demonhunter,havoc,22,10,12
Kronicz,frostmourne,864,demonhunter,havoc,24,9,15
Noobender,malganis,864,demonhunter,havoc,30,9,21
Mcgurty,illidan,864,demonhunter,havoc,30,9,21
Rothdh,tichondrius,863,demonhunter,havoc,15,10,5
Soñic,frostmourne,863,demonhunter,havoc,18,9,9
Hunttblacke,ragnaros,863,demonhunter,havoc,18,9,9
Llivid,area-52,863,demonhunter,havoc,18,9,9
Mondwin,kelthuzad,863,demonhunter,havoc,18,9,9
Orosz,bleeding-hollow,863,demonhunter,havoc,18,9,9
Shaydh,frostmourne,863,demonhunter,havoc,18,9,9
Dogcleave,area-52,863,demonhunter,havoc,18,9,9
Lördvïngadør,azralon,863,demonhunter,havoc,18,9,9
Sero,malganis,863,demonhunter,havoc,24,9,15
Tòrment,moon-guard,863,demonhunter,havoc,24,9,15
Phillswift,tichondrius,863,demonhunter,havoc,24,9,15
Dàrk,zuljin,863,demonhunter,havoc,35,11,24
Dragynfíst,malganis,863,demonhunter,havoc,30,9,21
Keepr,tichondrius,862,demonhunter,havoc,12,9,3
Trenbolognie,illidan,862,demonhunter,havoc,18,9,9
Rizzle,malganis,862,demonhunter,havoc,18,9,9
Cesilette,frostmourne,862,demonhunter,havoc,18,9,9
Dishdash,agamaggan,862,demonhunter,havoc,18,9,9
Deathschosen,malganis,862,demonhunter,havoc,18,9,9
Vida,winterhoof,862,demonhunter,havoc,18,9,9
Demonfuji,proudmoore,862,demonhunter,havoc,18,9,9
Xengful,barthilas,862,demonhunter,havoc,18,9,9
Kickabout,deathwing,862,demonhunter,havoc,24,9,15
Valeriya,frostmourne,862,demonhunter,havoc,24,9,15
Justinbaeber,barthilas,861,demonhunter,havoc,18,9,9
Kruptikos,tichondrius,861,demonhunter,havoc,24,9,15
Psicxs,ragnaros,861,demonhunter,havoc,24,9,15
Frostidan,sargeras,861,demonhunter,havoc,24,9,15
Felle,burning-blade,860,demonhunter,havoc,12,9,3
Hellboss,dalaran,860,demonhunter,havoc,12,9,3
Zirrey,stormrage,860,demonhunter,havoc,18,9,9
Nezukoz,area-52,859,demonhunter,havoc,30,14,16
Bigbubbaa,azgalor,859,demonhunter,havoc,24,9,15
Icanseeyou,aerie-peak,859,demonhunter,havoc,30,9,21
Bazér,frostmourne,858,demonhunter,havoc,24,9,15
Andyhunter,emerald-dream,854,demonhunter,havoc,120,58,62
Trystenn,nagrand,854,demonhunter,havoc,30,9,21
Callmerebel,dragonblight,853,demonhunter,havoc,74,32,42
Dartanyn,tichondrius,853,demonhunter,havoc,24,9,15
Drackista,stormrage,852,demonhunter,havoc,18,9,9
Deathslice,azgalor,851,demonhunter,havoc,18,9,9
Dynastyblade,area-52,850,demonhunter,havoc,18,9,9
Anaríel,quelthalas,850,demonhunter,havoc,60,25,35
Mayaia,sargeras,849,demonhunter,havoc,50,30,20
Tdmturbo,zuluhed,849,demonhunter,havoc,18,9,9
Jakodh,sargeras,848,demonhunter,havoc,18,9,9
Kellndore,emerald-dream,848,demonhunter,havoc,54,26,28
Zilham,tichondrius,847,demonhunter,havoc,25,9,16
Aussiepleb,nagrand,846,demonhunter,havoc,87,37,50
Demonci,stormrage,845,demonhunter,havoc,32,16,16
Nasolar,illidan,845,demonhunter,havoc,23,10,13
Kyndris,ghostlands,843,demonhunter,havoc,17,9,8
Dalmandra,arthas,841,demonhunter,havoc,17,9,8
Gretadumberg,area-52,841,demonhunter,havoc,18,9,9
Mikiller,thrall,838,demonhunter,havoc,148,71,77
Abusedchild,dalaran,837,demonhunter,havoc,36,16,20
Ripperxx,zuljin,837,demonhunter,havoc,60,26,34
Funky,draenor,832,demonhunter,havoc,36,18,18
Fckyouscott,illidan,830,demonhunter,havoc,14,10,4
Hentaidemon,kiljaeden,830,demonhunter,havoc,64,30,34
Rojoria,tichondrius,830,demonhunter,havoc,23,9,14
Amneshia,ragnaros,828,demonhunter,havoc,18,9,9
Wut,nemesis,819,demonhunter,havoc,107,51,56
Xàsthur,darkspear,818,demonhunter,havoc,24,9,15
Negraxo,ragnaros,818,demonhunter,havoc,29,9,20
Myname,aggramar,818,demonhunter,havoc,62,15,47
Troigh,thunderlord,817,demonhunter,havoc,92,42,50
Unjust,darkspear,815,demonhunter,havoc,21,9,12
Cassiedemonh,tichondrius,815,demonhunter,havoc,27,10,17
Healinfubar,stormrage,814,demonhunter,havoc,15,10,5
Valeriann,thunderlord,802,demonhunter,havoc,28,13,15
Grolschen,proudmoore,799,demonhunter,havoc,66,26,40
Progetto,frostmourne,798,demonhunter,havoc,23,9,14
Sarconys,thrall,797,demonhunter,havoc,20,9,11
Elurandre,moon-guard,794,demonhunter,havoc,28,11,17
Illistorm,zuljin,782,demonhunter,havoc,11,9,2
Msbadass,demon-soul,773,demonhunter,havoc,25,9,16
Neshaan,stormreaver,770,demonhunter,havoc,48,24,24
Liarsenics,tichondrius,768,demonhunter,havoc,12,8,4
Deuzz,arthas,768,demonhunter,havoc,12,8,4
Odemy,area-52,768,demonhunter,havoc,12,8,4
Mesidan,illidan,768,demonhunter,havoc,12,8,4
Kalachiquez,sargeras,768,demonhunter,havoc,12,8,4
Thugonomicz,tichondrius,768,demonhunter,havoc,12,8,4
Whudaz,tichondrius,768,demonhunter,havoc,12,8,4
Humanitydh,sargeras,768,demonhunter,havoc,12,8,4
Dulcibella,tichondrius,768,demonhunter,havoc,12,8,4
Surkkdh,tichondrius,768,demonhunter,havoc,12,8,4
Lxg,kelthuzad,768,demonhunter,havoc,12,8,4
Squaller,tichondrius,768,demonhunter,havoc,12,8,4
Ðamageinc,emerald-dream,768,demonhunter,havoc,12,8,4
Cegocruel,sargeras,768,demonhunter,havoc,13,8,5
Pub,the-scryers,768,demonhunter,havoc,15,9,6
Spinnaz,sargeras,768,demonhunter,havoc,15,8,7
Fingól,ragnaros,768,demonhunter,havoc,18,8,10
Bättousai,kiljaeden,768,demonhunter,havoc,18,8,10
Demontoid,azgalor,768,demonhunter,havoc,18,8,10
Smokepurppx,zuljin,768,demonhunter,havoc,18,8,10
Obîtox,illidan,768,demonhunter,havoc,18,8,10
Densewench,stormrage,768,demonhunter,havoc,18,8,10
Devssimpspec,sargeras,768,demonhunter,havoc,18,8,10
Gilarian,stormrage,768,demonhunter,havoc,18,8,10
Xorothia,moon-guard,768,demonhunter,havoc,24,8,16
Fuujiin,tol-barad,768,demonhunter,havoc,24,8,16
Bdwxxnmm,tichondrius,768,demonhunter,havoc,24,8,16
Doomantwo,sargeras,768,demonhunter,havoc,24,8,16
Nocthdh,tichondrius,768,demonhunter,havoc,24,8,16
Khelt,dalaran,768,demonhunter,havoc,24,8,16
Diemonic,drakkari,767,demonhunter,havoc,12,8,4
Blackblades,blackhand,767,demonhunter,havoc,12,8,4
Badwurd,sargeras,767,demonhunter,havoc,12,8,4
Zaelos,tichondrius,767,demonhunter,havoc,12,8,4
Hellrazer,area-52,767,demonhunter,havoc,12,8,4
Dylle,tichondrius,767,demonhunter,havoc,12,8,4
Keylath,quelthalas,767,demonhunter,havoc,12,8,4
Myspyhu,malganis,767,demonhunter,havoc,12,8,4
Demonhuntard,azgalor,767,demonhunter,havoc,12,8,4
Bigmith,gilneas,767,demonhunter,havoc,12,8,4
Tevodh,malganis,767,demonhunter,havoc,12,8,4
Khàøs,stormrage,767,demonhunter,havoc,12,8,4
Prazethesun,emerald-dream,767,demonhunter,havoc,12,8,4
Lethalblows,darkspear,767,demonhunter,havoc,15,9,6
Linedori,destromath,767,demonhunter,havoc,16,9,7
Demonqt,blackrock,767,demonhunter,havoc,18,8,10
Acclimate,aggramar,767,demonhunter,havoc,18,8,10
Nutzarebig,sargeras,767,demonhunter,havoc,18,8,10
Devî,ragnaros,767,demonhunter,havoc,18,8,10
Eithelyrana,moon-guard,767,demonhunter,havoc,18,8,10
Tyindron,exodar,767,demonhunter,havoc,18,8,10
Tußlur,kelthuzad,767,demonhunter,havoc,18,8,10
ßonècrushèr,tichondrius,767,demonhunter,havoc,18,8,10
Xenosa,kiljaeden,767,demonhunter,havoc,18,8,10
Kaeldh,illidan,767,demonhunter,havoc,18,8,10
Blurnomnom,bleeding-hollow,767,demonhunter,havoc,18,8,10
Zradda,zuljin,767,demonhunter,havoc,24,8,16
Ragastan,queldorei,767,demonhunter,havoc,24,8,16
Wólff,azralon,766,demonhunter,havoc,12,8,4
Thunderrbolt,illidan,766,demonhunter,havoc,12,8,4
Hyperaids,sargeras,766,demonhunter,havoc,18,8,10
Bluefalchon,sargeras,766,demonhunter,havoc,18,8,10
Ezuna,proudmoore,766,demonhunter,havoc,18,8,10
Touchofchaos,dragonblight,766,demonhunter,havoc,18,8,10
Thalkituun,sargeras,766,demonhunter,havoc,18,8,10
Accipiter,ragnaros,766,demonhunter,havoc,24,8,16
Shadowdark,aggramar,766,demonhunter,havoc,24,8,16
Causinghavoc,dalaran,766,demonhunter,havoc,24,8,16
Lil,anubarak,765,demonhunter,havoc,12,8,4
Bholez,illidan,765,demonhunter,havoc,18,8,10
Sinhful,darkspear,765,demonhunter,havoc,18,8,10
Detrox,ragnaros,765,demonhunter,havoc,20,8,12
Lû,arthas,765,demonhunter,havoc,24,8,16
Uchulu,quelthalas,765,demonhunter,havoc,24,8,16
Santaclaus,mugthol,765,demonhunter,havoc,24,8,16
Weetbreadsux,illidan,765,demonhunter,havoc,24,8,16
Cantreborn,destromath,764,demonhunter,havoc,18,8,10
Mëñâçë,tichondrius,764,demonhunter,havoc,19,8,11
Genobreaker,drenden,763,demonhunter,havoc,18,8,10
Gentlesoap,blackrock,762,demonhunter,havoc,18,8,10
Sodiaksd,quelthalas,762,demonhunter,havoc,18,8,10
Raja,anvilmar,761,demonhunter,havoc,18,8,10
Felbarrah,barthilas,761,demonhunter,havoc,18,8,10
Idemonl,barthilas,761,demonhunter,havoc,24,8,16
Wargeneral,illidan,760,demonhunter,havoc,18,8,10
Toxicimpulse,aegwynn,760,demonhunter,havoc,18,8,10
Akumahanta,aegwynn,759,demonhunter,havoc,12,8,4
Illhuntya,bonechewer,758,demonhunter,havoc,18,8,10
Teethdaggers,wyrmrest-accord,756,demonhunter,havoc,12,8,4
Eksorcism,muradin,755,demonhunter,havoc,12,8,4
Edged,warsong,754,demonhunter,havoc,18,8,10
Covidneitor,drakkari,752,demonhunter,havoc,24,8,16
Bckzy,malygos,751,demonhunter,havoc,18,8,10
Sammblorqt,illidan,751,demonhunter,havoc,36,8,28
Worcraf,ragnaros,743,demonhunter,havoc,96,37,59
Leg,scilla,736,demonhunter,havoc,22,8,14
Elena,the-underbog,735,demonhunter,havoc,16,8,8
Ryoga,malganis,734,demonhunter,havoc,15,9,6
Wuya,thrall,734,demonhunter,havoc,22,8,14
Hiresol,emerald-dream,719,demonhunter,havoc,11,8,3
Revzdh,illidan,719,demonhunter,havoc,17,8,9
Ulfhednarxz,illidan,715,demonhunter,havoc,27,8,19
Gulios,azralon,714,demonhunter,havoc,26,9,17
Sephmilli,azralon,713,demonhunter,havoc,27,9,18
Rivent,dethecus,702,demonhunter,havoc,26,8,18
Ryemortis,malganis,698,demonhunter,havoc,26,8,18
Pristager,tichondrius,672,demonhunter,havoc,10,8,2
Nichidah,illidan,672,demonhunter,havoc,12,7,5
Darthwhorë,frostmane,672,demonhunter,havoc,12,7,5
Zibbz,illidan,672,demonhunter,havoc,12,7,5
Azkriel,fizzcrank,672,demonhunter,havoc,12,7,5
Warassassin,stormrage,672,demonhunter,havoc,12,7,5
Evelynee,illidan,672,demonhunter,havoc,12,7,5
Verå,tichondrius,672,demonhunter,havoc,12,7,5
Dimônio,stormrage,672,demonhunter,havoc,12,7,5
Slaarky,malganis,672,demonhunter,havoc,12,7,5
Stalaias,madoran,672,demonhunter,havoc,12,7,5
Deeploss,malganis,672,demonhunter,havoc,12,7,5
Felscream,kelthuzad,672,demonhunter,havoc,12,7,5
Levail,wyrmrest-accord,672,demonhunter,havoc,12,7,5
Zanoxis,tichondrius,672,demonhunter,havoc,12,7,5
Dæl,quelthalas,672,demonhunter,havoc,12,7,5
Xenious,terokkar,672,demonhunter,havoc,12,7,5
Tenth,draka,672,demonhunter,havoc,12,7,5
Smallsuper,azralon,672,demonhunter,havoc,12,7,5
Subsfordubs,illidan,672,demonhunter,havoc,12,7,5
Endofdaysx,tichondrius,672,demonhunter,havoc,12,7,5
Uncledonnie,tanaris,672,demonhunter,havoc,12,7,5
Bq,feathermoon,672,demonhunter,havoc,12,7,5
Çreme,tichondrius,672,demonhunter,havoc,12,7,5
Solbiz,tichondrius,672,demonhunter,havoc,12,7,5
Reddh,bleeding-hollow,672,demonhunter,havoc,12,7,5
Vichopan,tichondrius,672,demonhunter,havoc,12,7,5
Havocupx,tichondrius,672,demonhunter,havoc,12,7,5
Dryback,illidan,672,demonhunter,havoc,12,7,5
Flamehunter,durotan,672,demonhunter,havoc,13,7,6
Darkterrôr,sargeras,672,demonhunter,havoc,15,8,7
Muerto,suramar,672,demonhunter,havoc,18,7,11
Blanky,shadowmoon,672,demonhunter,havoc,18,7,11
Elchapotko,tichondrius,672,demonhunter,havoc,18,7,11
Dgj,kelthuzad,672,demonhunter,havoc,18,7,11
Chamuki,greymane,672,demonhunter,havoc,18,7,11
Inva,stormrage,672,demonhunter,havoc,18,7,11
Demonchild,azralon,672,demonhunter,havoc,18,7,11
Pantyogurt,frostmourne,672,demonhunter,havoc,18,7,11
Moistybreeze,frostmourne,672,demonhunter,havoc,18,7,11
Vorlimornd,illidan,672,demonhunter,havoc,18,7,11
Foxfighter,thrall,672,demonhunter,havoc,18,7,11
Touchmeweird,area-52,672,demonhunter,havoc,18,7,11
Frøstdh,area-52,672,demonhunter,havoc,18,7,11
Louferrigno,zuljin,672,demonhunter,havoc,18,7,11
Boonchux,frostmourne,672,demonhunter,havoc,18,7,11
Machx,illidan,672,demonhunter,havoc,18,7,11
Horrorvacui,stormrage,672,demonhunter,havoc,18,7,11
Faceurdemons,frostmourne,672,demonhunter,havoc,18,7,11
Dumbledor,stonemaul,672,demonhunter,havoc,18,7,11
Zózo,bleeding-hollow,672,demonhunter,havoc,18,7,11
Yasuo,moon-guard,672,demonhunter,havoc,18,7,11
Dartro,tichondrius,672,demonhunter,havoc,20,7,13
Zarosong,illidan,672,demonhunter,havoc,24,7,17
Suzuha,illidan,672,demonhunter,havoc,24,7,17
Roughcut,blackrock,672,demonhunter,havoc,24,7,17
Thesituatíon,sargeras,672,demonhunter,havoc,30,7,23
Ellguindh,malganis,672,demonhunter,havoc,30,7,23
Logixdh,tichondrius,672,demonhunter,havoc,30,7,23
Jeeprcreeprs,sargeras,671,demonhunter,havoc,12,7,5
Jolty,stormrage,671,demonhunter,havoc,12,7,5
Dhameer,tichondrius,671,demonhunter,havoc,12,7,5
Ivalerà,thrall,671,demonhunter,havoc,12,7,5
Casperr,frostmourne,671,demonhunter,havoc,12,7,5
Zarroe,stormrage,671,demonhunter,havoc,12,7,5
Stormville,illidan,671,demonhunter,havoc,12,7,5
Mavrii,executus,671,demonhunter,havoc,12,7,5
Seabisciut,silvermoon,671,demonhunter,havoc,12,7,5
Warvlye,ragnaros,671,demonhunter,havoc,12,7,5
Wheytoohigh,area-52,671,demonhunter,havoc,12,7,5
Relaxnerdss,bleeding-hollow,671,demonhunter,havoc,12,7,5
Wìtchblades,tichondrius,671,demonhunter,havoc,12,7,5
Illifujitora,wyrmrest-accord,671,demonhunter,havoc,12,7,5
Wìnchester,durotan,671,demonhunter,havoc,12,7,5
Isabellaluna,illidan,671,demonhunter,havoc,12,7,5
Alycina,wyrmrest-accord,671,demonhunter,havoc,12,7,5
Starianor,proudmoore,671,demonhunter,havoc,16,9,7
Hyphonìc,area-52,671,demonhunter,havoc,18,7,11
Baalzadreth,bleeding-hollow,671,demonhunter,havoc,18,7,11
Untouchèd,bleeding-hollow,671,demonhunter,havoc,18,7,11
Älönë,thrall,671,demonhunter,havoc,18,7,11
Meatslayer,sargeras,671,demonhunter,havoc,18,7,11
Nicòrobin,dalaran,671,demonhunter,havoc,18,7,11
Haax,azralon,671,demonhunter,havoc,18,7,11
Sreedhar,stormrage,671,demonhunter,havoc,18,7,11
Asamir,ragnaros,671,demonhunter,havoc,19,7,12
Veryaverage,kelthuzad,671,demonhunter,havoc,24,7,17
Renshear,cenarius,670,demonhunter,havoc,12,7,5
Vyndra,crushridge,670,demonhunter,havoc,12,7,5
Mattdaemun,korgath,670,demonhunter,havoc,18,7,11
Zanaiahs,sargeras,670,demonhunter,havoc,21,7,14
Warglaîve,illidan,670,demonhunter,havoc,24,7,17
Kylíejennêr,gilneas,669,demonhunter,havoc,12,7,5
Fferchu,ragnaros,669,demonhunter,havoc,12,7,5
Dàwñ,doomhammer,669,demonhunter,havoc,12,7,5
Claudija,frostmourne,669,demonhunter,havoc,12,7,5
Epicfc,bleeding-hollow,669,demonhunter,havoc,15,8,7
Stepbroseph,kiljaeden,669,demonhunter,havoc,15,8,7
Denjii,malganis,669,demonhunter,havoc,24,7,17
Spikehed,area-52,669,demonhunter,havoc,24,7,17
Exalted,jubeithos,668,demonhunter,havoc,12,7,5
Irìs,blood-furnace,668,demonhunter,havoc,24,7,17
Ariluci,destromath,667,demonhunter,havoc,12,7,5
Bgeames,area-52,667,demonhunter,havoc,12,7,5
Snòòp,uldaman,667,demonhunter,havoc,12,7,5
Pimm,kelthuzad,667,demonhunter,havoc,12,7,5
Haterad,bonechewer,667,demonhunter,havoc,24,7,17
Endoshiva,icecrown,666,demonhunter,havoc,18,7,11
Onoky,cairne,666,demonhunter,havoc,18,7,11
Rahgoul,garrosh,666,demonhunter,havoc,18,7,11
Genifer,norgannon,665,demonhunter,havoc,12,7,5
Qtee,cairne,664,demonhunter,havoc,18,7,11
Turbochadbro,spirestone,663,demonhunter,havoc,15,8,7
Chohpz,silvermoon,662,demonhunter,havoc,19,8,11
Rhydonx,korgath,662,demonhunter,havoc,18,7,11
Eckerstrom,tichondrius,659,demonhunter,havoc,12,7,5
Supremetaco,stormrage,659,demonhunter,havoc,12,7,5
Malrax,drakkari,658,demonhunter,havoc,18,7,11
Luzev,thrall,657,demonhunter,havoc,12,7,5
Veierax,azralon,656,demonhunter,havoc,18,7,11
Nomakk,greymane,653,demonhunter,havoc,18,7,11
Lëif,stormrage,652,demonhunter,havoc,18,7,11
Forzaken,darkspear,647,demonhunter,havoc,18,7,11
Gwîlym,area-52,644,demonhunter,havoc,14,9,5
Darkrais,sargeras,635,demonhunter,havoc,17,7,10
Bliqué,emerald-dream,633,demonhunter,havoc,17,7,10
Agnikai,kelthuzad,624,demonhunter,havoc,21,7,14
Gebblemon,aerie-peak,623,demonhunter,havoc,17,7,10
Hidan,velen,621,demonhunter,havoc,14,8,6
Triplex,moknathal,620,demonhunter,havoc,24,7,17
Mqvdh,area-52,618,demonhunter,havoc,39,8,31
Dearborn,frostmourne,617,demonhunter,havoc,23,8,15
Galaxezz,bonechewer,612,demonhunter,havoc,15,8,7
Flîck,tichondrius,608,demonhunter,havoc,10,7,3
Soure,azralon,607,demonhunter,havoc,20,7,13
Wualicho,ragnaros,603,demonhunter,havoc,24,8,16
Demonicway,stormrage,592,demonhunter,havoc,16,7,9
Runecaster,anvilmar,587,demonhunter,havoc,11,7,4
Ghostatlas,tichondrius,576,demonhunter,havoc,6,6,0
Semteks,sargeras,576,demonhunter,havoc,6,6,0
Evelynxc,stormrage,576,demonhunter,havoc,6,6,0
Solriel,malganis,576,demonhunter,havoc,12,6,6
Audara,sargeras,576,demonhunter,havoc,12,6,6
Venmora,argent-dawn,576,demonhunter,havoc,12,6,6
Aertillian,ragnaros,576,demonhunter,havoc,12,6,6
Ponytabish,aggramar,576,demonhunter,havoc,12,6,6
Evelynvc,illidan,576,demonhunter,havoc,12,6,6
Carlosjr,stormrage,576,demonhunter,havoc,12,6,6
Morgoph,burning-legion,576,demonhunter,havoc,12,6,6
Merzinator,korgath,576,demonhunter,havoc,12,6,6
Hirumë,quelthalas,576,demonhunter,havoc,12,6,6
Ânubîs,quelthalas,576,demonhunter,havoc,12,6,6
Whatdagoof,tichondrius,576,demonhunter,havoc,12,6,6
Lettüceprey,sargeras,576,demonhunter,havoc,12,6,6
Cassadega,sargeras,576,demonhunter,havoc,12,6,6
Gommademon,illidan,576,demonhunter,havoc,12,6,6
Soloqisthefu,blackrock,576,demonhunter,havoc,12,6,6
Demonzunter,tichondrius,576,demonhunter,havoc,12,6,6
Trampstampz,darkspear,576,demonhunter,havoc,12,6,6
Thunderlor,malganis,576,demonhunter,havoc,12,6,6
Weskerz,illidan,576,demonhunter,havoc,12,6,6
Siqx,arthas,576,demonhunter,havoc,12,6,6
Abadina,illidan,576,demonhunter,havoc,12,6,6
Fanc,sargeras,576,demonhunter,havoc,12,6,6
Twotrucks,kelthuzad,576,demonhunter,havoc,12,6,6
Kürosh,kalecgos,576,demonhunter,havoc,12,6,6
Felraiser,stormrage,576,demonhunter,havoc,12,6,6
Tink,kilrogg,576,demonhunter,havoc,12,6,6
Chicletim,azralon,576,demonhunter,havoc,12,6,6
Discos,frostmourne,576,demonhunter,havoc,12,6,6
Niteclawla,illidan,576,demonhunter,havoc,12,6,6
Oyakai,tichondrius,576,demonhunter,havoc,12,6,6
Bomp,illidan,576,demonhunter,havoc,12,6,6
Rugpuller,tichondrius,576,demonhunter,havoc,12,6,6
Beugripperxo,frostmourne,576,demonhunter,havoc,12,6,6
Daggertooth,tichondrius,576,demonhunter,havoc,12,6,6
Jackieburton,stormrage,576,demonhunter,havoc,12,6,6
Slapxy,illidan,576,demonhunter,havoc,12,6,6
Daliandh,sargeras,576,demonhunter,havoc,12,6,6
Shinigameez,proudmoore,576,demonhunter,havoc,12,6,6
Reenah,exodar,576,demonhunter,havoc,12,6,6
Basdminority,bleeding-hollow,576,demonhunter,havoc,12,6,6
Yikari,stormrage,576,demonhunter,havoc,12,6,6
Gameoverdh,tichondrius,576,demonhunter,havoc,12,6,6
Minhzie,moon-guard,576,demonhunter,havoc,12,6,6
Ceridas,moon-guard,576,demonhunter,havoc,12,6,6
Manmilker,bleeding-hollow,576,demonhunter,havoc,12,6,6
Dmgdaddy,darrowmere,576,demonhunter,havoc,12,6,6
Pabloh,trollbane,576,demonhunter,havoc,12,6,6
Tomglaiven,hyjal,576,demonhunter,havoc,12,6,6
Soupstoohot,tichondrius,576,demonhunter,havoc,12,6,6
Metakigai,ghostlands,576,demonhunter,havoc,12,6,6
Grümb,earthen-ring,576,demonhunter,havoc,12,6,6
Zelay,zuljin,576,demonhunter,havoc,12,6,6
Maofengou,tichondrius,576,demonhunter,havoc,12,6,6
Bossdh,zuljin,576,demonhunter,havoc,12,6,6
Teleai,kaelthas,576,demonhunter,havoc,12,6,6
Aslowbust,tichondrius,576,demonhunter,havoc,12,6,6
Ahsoka,arygos,576,demonhunter,havoc,15,7,8
Obakehunts,tichondrius,576,demonhunter,havoc,18,6,12
Sailtheskys,tichondrius,576,demonhunter,havoc,18,6,12
Kungfudh,illidan,576,demonhunter,havoc,18,6,12
Leeröy,area-52,576,demonhunter,havoc,18,6,12
Kelan,borean-tundra,576,demonhunter,havoc,18,6,12
Zümanity,zangarmarsh,576,demonhunter,havoc,18,6,12
Demondurk,illidan,576,demonhunter,havoc,18,6,12
Kyndrellesa,illidan,576,demonhunter,havoc,18,6,12
Gayrio,sargeras,576,demonhunter,havoc,18,6,12
Kålî,kiljaeden,576,demonhunter,havoc,18,6,12
Abscarnage,ragnaros,576,demonhunter,havoc,18,6,12
Vyrai,lightbringer,576,demonhunter,havoc,18,6,12
Pikächú,stormrage,576,demonhunter,havoc,18,6,12
Mavrel,moon-guard,576,demonhunter,havoc,18,6,12
Tresbotones,kelthuzad,576,demonhunter,havoc,18,6,12
Illadòng,bonechewer,576,demonhunter,havoc,18,6,12
Cidolem,area-52,576,demonhunter,havoc,24,6,18
Xyntel,tichondrius,576,demonhunter,havoc,24,6,18
Hottacos,stormrage,575,demonhunter,havoc,12,6,6
Eyesyk,bonechewer,575,demonhunter,havoc,12,6,6
Alexprou,area-52,575,demonhunter,havoc,12,6,6
Hootyeahbou,shattered-hand,575,demonhunter,havoc,12,6,6
Smoothtaco,azshara,575,demonhunter,havoc,12,6,6
Liquidblaze,elune,575,demonhunter,havoc,12,6,6
Katsubaby,azralon,575,demonhunter,havoc,12,6,6
Tugï,tichondrius,575,demonhunter,havoc,12,6,6
Lysol,darrowmere,575,demonhunter,havoc,12,6,6
Whezka,ragnaros,575,demonhunter,havoc,18,6,12
Ýizl,ragnaros,575,demonhunter,havoc,18,6,12
Kassadinn,black-dragonflight,575,demonhunter,havoc,18,6,12
Jalet,azralon,575,demonhunter,havoc,18,6,12
Ítachí,eredar,575,demonhunter,havoc,18,6,12
ßatmañ,barthilas,575,demonhunter,havoc,18,6,12
Salveya,stormrage,575,demonhunter,havoc,20,6,14
Haikal,proudmoore,574,demonhunter,havoc,12,6,6
Touched,guldan,574,demonhunter,havoc,12,6,6
Solorialorth,shadowsong,574,demonhunter,havoc,12,6,6
Casualdemon,emerald-dream,574,demonhunter,havoc,12,6,6
Trekt,blades-edge,574,demonhunter,havoc,18,6,12
Ðruh,kelthuzad,574,demonhunter,havoc,18,6,12
Kunitsuna,thunderlord,574,demonhunter,havoc,18,6,12
Ignaz,illidan,574,demonhunter,havoc,24,6,18
Firesworn,zuljin,573,demonhunter,havoc,12,6,6
Kimchiman,tichondrius,573,demonhunter,havoc,16,7,9
Adayinthelif,proudmoore,573,demonhunter,havoc,18,6,12
Slaytan,darkspear,573,demonhunter,havoc,18,6,12
Snazzyy,kelthuzad,572,demonhunter,havoc,18,6,12
Eggandpotato,saurfang,571,demonhunter,havoc,12,6,6
Darckside,sargeras,571,demonhunter,havoc,12,6,6
Halaena,moon-guard,571,demonhunter,havoc,24,6,18
Leonardovg,quelthalas,571,demonhunter,havoc,36,6,30
Rampyr,terokkar,569,demonhunter,havoc,12,6,6
Thjoannys,illidan,567,demonhunter,havoc,12,6,6
Rarespawnjon,tichondrius,567,demonhunter,havoc,18,6,12
Samirr,proudmoore,567,demonhunter,havoc,19,6,13
Elpis,tanaris,565,demonhunter,havoc,14,6,8
Byzzel,barthilas,559,demonhunter,havoc,17,6,11
Ziyutomioka,moon-guard,544,demonhunter,havoc,16,6,10
Oilhead,frostmourne,543,demonhunter,havoc,11,6,5
Thendoral,ragnaros,543,demonhunter,havoc,22,6,16
Liptint,area-52,543,demonhunter,havoc,26,7,19
Felmilk,demon-soul,541,demonhunter,havoc,16,6,10
Junsa,darkspear,527,demonhunter,havoc,11,6,5
Felfright,sargeras,527,demonhunter,havoc,11,6,5
Pumppimp,stormrage,527,demonhunter,havoc,11,6,5
Itsplague,tichondrius,527,demonhunter,havoc,17,6,11
Shizune,boulderfist,525,demonhunter,havoc,11,6,5
Fifteentolyf,illidan,520,demonhunter,havoc,11,6,5
Wickedlurker,sargeras,519,demonhunter,havoc,17,9,8
Xytonic,bleeding-hollow,511,demonhunter,havoc,11,6,5
Cloudzzy,illidan,511,demonhunter,havoc,14,6,8
Isedelica,area-52,510,demonhunter,havoc,11,6,5
Vessarin,madoran,510,demonhunter,havoc,20,6,14
Kyndh,illidan,480,demonhunter,havoc,6,5,1
Dornerasio,malganis,480,demonhunter,havoc,6,5,1
Damador,malganis,480,demonhunter,havoc,6,5,1
Lurx,saurfang,480,demonhunter,havoc,6,5,1
Remix,draka,480,demonhunter,havoc,6,5,1
Plecoptera,wyrmrest-accord,480,demonhunter,havoc,6,5,1
Synzdh,frostmourne,480,demonhunter,havoc,6,5,1
Ljevilin,gilneas,480,demonhunter,havoc,6,5,1
Lumh,quelthalas,480,demonhunter,havoc,6,5,1
Twobuttonszz,tichondrius,480,demonhunter,havoc,6,5,1
Wizdûm,frostmourne,480,demonhunter,havoc,6,5,1
Tîtø,quelthalas,480,demonhunter,havoc,6,5,1
Lecherro,silvermoon,480,demonhunter,havoc,6,5,1
Harryunztein,ragnaros,480,demonhunter,havoc,6,5,1
Pumpñdump,echo-isles,480,demonhunter,havoc,6,5,1
Ryntx,moon-guard,480,demonhunter,havoc,6,5,1
Twistedways,tichondrius,480,demonhunter,havoc,6,5,1
Chaosblood,sargeras,480,demonhunter,havoc,6,5,1
Dryxe,moon-guard,480,demonhunter,havoc,6,5,1
Milfhuñter,sargeras,480,demonhunter,havoc,6,5,1
Med,wyrmrest-accord,480,demonhunter,havoc,6,5,1
Boreath,stormrage,480,demonhunter,havoc,6,5,1
Stunnashades,hellscream,480,demonhunter,havoc,6,5,1
Mysticglaive,sargeras,480,demonhunter,havoc,6,5,1
Nazeiro,shadowsong,480,demonhunter,havoc,12,5,7
Ahurock,ragnaros,480,demonhunter,havoc,12,5,7
Tyrele,drakkari,480,demonhunter,havoc,12,5,7
Azuki,lightbringer,480,demonhunter,havoc,12,5,7
Illadorable,muradin,480,demonhunter,havoc,12,5,7
Cabedh,tichondrius,480,demonhunter,havoc,12,5,7
Wartornx,tichondrius,480,demonhunter,havoc,12,5,7
Zelfyrã,malganis,480,demonhunter,havoc,12,5,7
Zlr,bleeding-hollow,480,demonhunter,havoc,12,5,7
Goodrink,tichondrius,480,demonhunter,havoc,12,5,7
Alksndr,sargeras,480,demonhunter,havoc,12,5,7
Clutch,spirestone,480,demonhunter,havoc,12,5,7
Hyptonique,queldorei,480,demonhunter,havoc,12,5,7
Chandrian,gorefiend,480,demonhunter,havoc,12,5,7
Axldh,tichondrius,480,demonhunter,havoc,12,5,7
Wwdh,stormrage,480,demonhunter,havoc,12,5,7
Drathothian,moon-guard,480,demonhunter,havoc,12,5,7
Besoween,tichondrius,480,demonhunter,havoc,12,5,7
Onbloodfam,kelthuzad,480,demonhunter,havoc,12,5,7
Dheria,barthilas,480,demonhunter,havoc,12,5,7
Muffjuice,emerald-dream,480,demonhunter,havoc,12,5,7
Bátmañ,stormrage,480,demonhunter,havoc,12,5,7
Dimestyle,illidan,480,demonhunter,havoc,12,5,7
Ayohsee,azjolnerub,480,demonhunter,havoc,12,5,7
Dhworm,azralon,480,demonhunter,havoc,12,5,7
Lìttlê,runetotem,480,demonhunter,havoc,12,5,7
Mingaming,tichondrius,480,demonhunter,havoc,12,5,7
Latchdh,malganis,480,demonhunter,havoc,12,5,7
Sitchenn,stormrage,480,demonhunter,havoc,12,5,7
Slumberz,tichondrius,480,demonhunter,havoc,12,5,7
Doomanthree,sargeras,480,demonhunter,havoc,12,5,7
Fabbris,stormrage,480,demonhunter,havoc,12,5,7
Izruul,tichondrius,480,demonhunter,havoc,12,5,7
Foozelol,thrall,480,demonhunter,havoc,12,5,7
Greengodess,tichondrius,480,demonhunter,havoc,12,5,7
Hippygamer,frostmourne,480,demonhunter,havoc,12,5,7
Domeemommy,moon-guard,480,demonhunter,havoc,12,5,7
Finagel,destromath,480,demonhunter,havoc,12,5,7
Xiaodudh,tichondrius,480,demonhunter,havoc,12,5,7
Quayqu,cenarius,480,demonhunter,havoc,12,5,7
Alkain,ragnaros,480,demonhunter,havoc,12,5,7
Feka,darkspear,480,demonhunter,havoc,12,5,7
Rizalo,frostmane,480,demonhunter,havoc,12,5,7
Extínctíon,moon-guard,480,demonhunter,havoc,12,5,7
Räzzül,azralon,480,demonhunter,havoc,12,5,7
Laillwina,amanthul,480,demonhunter,havoc,12,5,7
Billmurray,skullcrusher,480,demonhunter,havoc,12,5,7
Illidam,arthas,480,demonhunter,havoc,12,5,7
Delaían,drakkari,480,demonhunter,havoc,12,5,7
Theenemesis,wildhammer,480,demonhunter,havoc,12,5,7
Viewer,frostmourne,480,demonhunter,havoc,12,5,7
Køugami,azralon,480,demonhunter,havoc,12,5,7
Cosbied,area-52,480,demonhunter,havoc,12,5,7
Chewyd,illidan,480,demonhunter,havoc,12,5,7
Sailtheskies,tichondrius,480,demonhunter,havoc,12,5,7
Harahmbae,moon-guard,480,demonhunter,havoc,12,5,7
Jarenjackson,area-52,480,demonhunter,havoc,12,5,7
Cupernacus,tichondrius,480,demonhunter,havoc,12,5,7
Bellysniffer,illidan,480,demonhunter,havoc,12,5,7
Anthvedroth,area-52,480,demonhunter,havoc,12,5,7
Efficacious,zuljin,480,demonhunter,havoc,15,6,9
Neverblur,azralon,480,demonhunter,havoc,16,6,10
Keairà,bleeding-hollow,480,demonhunter,havoc,14,5,9
Imissgushing,area-52,480,demonhunter,havoc,18,5,13
Inssurgent,nagrand,480,demonhunter,havoc,18,5,13
Thedh,ragnaros,480,demonhunter,havoc,18,5,13
Resumption,malganis,480,demonhunter,havoc,18,5,13
Eyebeamtowin,stormrage,480,demonhunter,havoc,18,5,13
Barael,tichondrius,480,demonhunter,havoc,18,5,13
Robvyn,tichondrius,480,demonhunter,havoc,18,5,13
Dracxus,sargeras,480,demonhunter,havoc,18,5,13
Dèvistate,kelthuzad,480,demonhunter,havoc,18,5,13
Soulrending,stormrage,480,demonhunter,havoc,18,5,13
Roozi,tichondrius,480,demonhunter,havoc,24,5,19
Pwnagextreme,area-52,479,demonhunter,havoc,6,5,1
Jizzidan,blackhand,479,demonhunter,havoc,6,5,1
ßoobiemiles,area-52,479,demonhunter,havoc,12,5,7
Desphiction,frostmourne,479,demonhunter,havoc,12,5,7
Horndawgg,zuljin,479,demonhunter,havoc,12,5,7
Raziel,khazgoroth,479,demonhunter,havoc,12,5,7
Terruz,arathor,479,demonhunter,havoc,12,5,7
Pocahotnes,stormrage,479,demonhunter,havoc,12,5,7
Denathrion,moon-guard,479,demonhunter,havoc,12,5,7
Fliar,black-dragonflight,479,demonhunter,havoc,12,5,7
Epicfront,darkspear,479,demonhunter,havoc,12,5,7
Vázz,quelthalas,479,demonhunter,havoc,12,5,7
Shazun,ragnaros,479,demonhunter,havoc,12,5,7
Ezymode,stormrage,479,demonhunter,havoc,12,5,7
Belilia,barthilas,479,demonhunter,havoc,12,5,7
Elfdiablo,bonechewer,479,demonhunter,havoc,12,5,7
Felyouup,malygos,479,demonhunter,havoc,21,6,15
Illidunk,tichondrius,479,demonhunter,havoc,18,5,13
Kattsparrow,stormrage,479,demonhunter,havoc,18,5,13
Bonebtwo,area-52,479,demonhunter,havoc,18,5,13
Kraezyrite,kelthuzad,479,demonhunter,havoc,18,5,13
Demonlee,jubeithos,479,demonhunter,havoc,18,5,13
Dling,kiljaeden,479,demonhunter,havoc,24,5,19
Deamanjoe,borean-tundra,478,demonhunter,havoc,12,5,7
Kritik,goldrinn,478,demonhunter,havoc,12,5,7
Cheernobyl,emerald-dream,478,demonhunter,havoc,18,5,13
Seshirio,tichondrius,475,demonhunter,havoc,12,5,7
Skydemond,tichondrius,475,demonhunter,havoc,18,5,13
Rouzk,ragnaros,474,demonhunter,havoc,12,5,7
Mentoes,tichondrius,473,demonhunter,havoc,12,5,7
Liriadim,quelthalas,447,demonhunter,havoc,11,5,6
Raum,elune,443,demonhunter,havoc,8,6,2
Bituhvic,stormrage,431,demonhunter,havoc,11,5,6
Verdantveins,frostmourne,431,demonhunter,havoc,24,7,17
Annxyìng,tichondrius,426,demonhunter,havoc,14,6,8
Zurg,wyrmrest-accord,425,demonhunter,havoc,19,6,13
Masonliam,kaelthas,419,demonhunter,havoc,26,6,20
Wheredyougo,proudmoore,416,demonhunter,havoc,10,5,5
Bladezues,tichondrius,415,demonhunter,havoc,14,5,9
Blinddude,sargeras,415,demonhunter,havoc,14,5,9
Teenis,malygos,412,demonhunter,havoc,14,5,9
Phaeton,zuluhed,408,demonhunter,havoc,16,5,11
Florks,area-52,400,demonhunter,havoc,7,5,2
Kâirn,area-52,384,demonhunter,havoc,6,4,2
Cwrld,area-52,384,demonhunter,havoc,6,4,2
Genji,baelgun,384,demonhunter,havoc,6,4,2
Latah,zuljin,384,demonhunter,havoc,6,4,2
Tiriøsh,area-52,384,demonhunter,havoc,6,4,2
Nihilist,kaelthas,384,demonhunter,havoc,6,4,2
Kottàs,area-52,384,demonhunter,havoc,6,4,2
Fellsoulz,area-52,384,demonhunter,havoc,6,4,2
Jizzy,shadowmoon,384,demonhunter,havoc,6,4,2
Nänimo,area-52,384,demonhunter,havoc,6,4,2
Vynrage,trollbane,384,demonhunter,havoc,6,4,2
Rykudh,azuremyst,384,demonhunter,havoc,6,4,2
Trilldh,illidan,384,demonhunter,havoc,6,4,2
Fishslildh,area-52,384,demonhunter,havoc,6,4,2
Solre,area-52,384,demonhunter,havoc,6,4,2
Darkrëaper,azralon,384,demonhunter,havoc,6,4,2
Darkah,icecrown,384,demonhunter,havoc,6,4,2
Nèzúko,stormrage,384,demonhunter,havoc,6,4,2
Elfro,kelthuzad,384,demonhunter,havoc,6,4,2
Doras,kelthuzad,384,demonhunter,havoc,6,4,2
Abakkio,kelthuzad,384,demonhunter,havoc,6,4,2
Jinsha,emerald-dream,384,demonhunter,havoc,6,4,2
Tristanzx,sargeras,384,demonhunter,havoc,6,4,2
Chaosthéory,kelthuzad,384,demonhunter,havoc,6,4,2
Tragedydh,sargeras,384,demonhunter,havoc,6,4,2
Wogarg,sargeras,384,demonhunter,havoc,6,4,2
Hordesback,illidan,384,demonhunter,havoc,6,4,2
Yolandei,malganis,384,demonhunter,havoc,6,4,2
Anathørn,quelthalas,384,demonhunter,havoc,6,4,2
Eisenhõwer,burning-blade,384,demonhunter,havoc,6,4,2
Déörwine,quelthalas,384,demonhunter,havoc,6,4,2
Parabolicc,illidan,384,demonhunter,havoc,6,4,2
Lucaria,sargeras,384,demonhunter,havoc,6,4,2
Domoredamage,sargeras,384,demonhunter,havoc,6,4,2
Ultear,the-venture-co,384,demonhunter,havoc,6,4,2
Krament,ragnaros,384,demonhunter,havoc,6,4,2
Khaosx,ragnaros,384,demonhunter,havoc,6,4,2
Kormraven,moon-guard,384,demonhunter,havoc,6,4,2
Slyblitz,bleeding-hollow,384,demonhunter,havoc,6,4,2
Galgy,ragnaros,384,demonhunter,havoc,6,4,2
Bananabrain,mannoroth,384,demonhunter,havoc,6,4,2
Deezhuntz,anvilmar,384,demonhunter,havoc,6,4,2
Doomkaiser,aerie-peak,384,demonhunter,havoc,6,4,2
Veðrfølnir,area-52,384,demonhunter,havoc,6,4,2
Bopersdh,drakkari,384,demonhunter,havoc,6,4,2
Bigdingding,area-52,384,demonhunter,havoc,6,4,2
Monteego,stormrage,384,demonhunter,havoc,6,4,2
Yågåmist,dalaran,384,demonhunter,havoc,6,4,2
Cyphre,tichondrius,384,demonhunter,havoc,6,4,2
Kasseater,stormrage,384,demonhunter,havoc,6,4,2
Eyu,hyjal,384,demonhunter,havoc,6,4,2
Fluoroh,frostmourne,384,demonhunter,havoc,6,4,2
Kdemonhunter,tichondrius,384,demonhunter,havoc,6,4,2
Ineptbb,frostmourne,384,demonhunter,havoc,6,4,2
Buenobunny,tichondrius,384,demonhunter,havoc,6,4,2
Rynus,tichondrius,384,demonhunter,havoc,6,4,2
Verasu,kiljaeden,384,demonhunter,havoc,6,4,2
Uncleruckus,bloodscalp,384,demonhunter,havoc,6,4,2
Uhugo,kiljaeden,384,demonhunter,havoc,6,4,2
Heygriffin,proudmoore,384,demonhunter,havoc,6,4,2
Skeethunter,tichondrius,384,demonhunter,havoc,6,4,2
Abduragozik,stormrage,384,demonhunter,havoc,6,4,2
Dooskie,tichondrius,384,demonhunter,havoc,6,4,2
Warglaives,dreadmaul,384,demonhunter,havoc,6,4,2
Felstaggitha,frostmourne,384,demonhunter,havoc,6,4,2
Dareassassin,tichondrius,384,demonhunter,havoc,6,4,2
Jersey,proudmoore,384,demonhunter,havoc,6,4,2
Rembestgirl,rivendare,384,demonhunter,havoc,6,4,2
Illidaço,nemesis,384,demonhunter,havoc,10,5,5
Saféspace,tichondrius,384,demonhunter,havoc,15,5,10
Drîp,moon-guard,384,demonhunter,havoc,12,4,8
Separate,stormrage,384,demonhunter,havoc,12,4,8
Bazul,tichondrius,384,demonhunter,havoc,12,4,8
Overcrisis,quelthalas,384,demonhunter,havoc,12,4,8
Zzatmikaze,area-52,384,demonhunter,havoc,12,4,8
Kelprii,emerald-dream,384,demonhunter,havoc,12,4,8
Dystopik,area-52,384,demonhunter,havoc,12,4,8
Lìnc,sargeras,384,demonhunter,havoc,12,4,8
Dhsoop,tichondrius,384,demonhunter,havoc,12,4,8
Adhdh,bloodhoof,384,demonhunter,havoc,12,4,8
Zoomie,durotan,384,demonhunter,havoc,12,4,8
Temporarý,bleeding-hollow,384,demonhunter,havoc,12,4,8
Vallar,bleeding-hollow,384,demonhunter,havoc,12,4,8
Sathsong,tichondrius,384,demonhunter,havoc,12,4,8
Arthoridan,proudmoore,384,demonhunter,havoc,12,4,8
Thetim,kelthuzad,384,demonhunter,havoc,12,4,8
Namthar,quelthalas,384,demonhunter,havoc,12,4,8
Xilanthrus,moon-guard,384,demonhunter,havoc,12,4,8
Fraxxured,proudmoore,384,demonhunter,havoc,12,4,8
Ahernn,tichondrius,384,demonhunter,havoc,12,4,8
Hadgart,ragnaros,384,demonhunter,havoc,12,4,8
Dhtimes,ragnaros,384,demonhunter,havoc,12,4,8
Dhibjorf,destromath,384,demonhunter,havoc,12,4,8
Blackclóver,drakkari,384,demonhunter,havoc,12,4,8
Dripht,stormrage,384,demonhunter,havoc,12,4,8
Noliaclap,sargeras,384,demonhunter,havoc,12,4,8
Bleaster,malganis,384,demonhunter,havoc,12,4,8
Butterfinger,greymane,384,demonhunter,havoc,12,4,8
Fenthras,thrall,384,demonhunter,havoc,12,4,8
Rolphi,illidan,384,demonhunter,havoc,12,4,8
Mikemyoffice,illidan,384,demonhunter,havoc,12,4,8
Sawsin,illidan,384,demonhunter,havoc,12,4,8
Blade,khadgar,384,demonhunter,havoc,12,4,8
Mommafingers,illidan,384,demonhunter,havoc,12,4,8
Courtesyrss,nemesis,384,demonhunter,havoc,12,4,8
Contactfront,whisperwind,384,demonhunter,havoc,12,4,8
Anomander,khazgoroth,384,demonhunter,havoc,12,4,8
Reapersauce,illidan,384,demonhunter,havoc,12,4,8
Tindoll,dalaran,384,demonhunter,havoc,12,4,8
Dkdakìng,thrall,384,demonhunter,havoc,12,4,8
Alphatoo,area-52,384,demonhunter,havoc,15,4,11
Noyan,tichondrius,384,demonhunter,havoc,17,4,13
Felsa,wyrmrest-accord,384,demonhunter,havoc,18,4,14
Ravesx,illidan,384,demonhunter,havoc,18,4,14
Zephim,area-52,384,demonhunter,havoc,18,4,14
Ôdh,area-52,384,demonhunter,havoc,18,4,14
Roodblurz,zuljin,384,demonhunter,havoc,18,4,14
Inflightjazz,area-52,383,demonhunter,havoc,6,4,2
Syngoth,wyrmrest-accord,383,demonhunter,havoc,6,4,2
Handael,illidan,383,demonhunter,havoc,6,4,2
Severon,stormrage,383,demonhunter,havoc,6,4,2
Demondrëad,lightbringer,383,demonhunter,havoc,9,5,4
Celestialpug,dalaran,383,demonhunter,havoc,10,5,5
Vellinaris,zuljin,383,demonhunter,havoc,12,4,8
Ayestar,tichondrius,383,demonhunter,havoc,12,4,8
Draktyl,bronzebeard,383,demonhunter,havoc,12,4,8
Flearemedy,moon-guard,383,demonhunter,havoc,12,4,8
Ahzalor,azralon,383,demonhunter,havoc,12,4,8
Righton,black-dragonflight,383,demonhunter,havoc,12,4,8
Moongaria,greymane,383,demonhunter,havoc,12,4,8
Døffy,area-52,383,demonhunter,havoc,12,4,8
Felieda,malfurion,383,demonhunter,havoc,12,4,8
Themurderer,area-52,383,demonhunter,havoc,12,4,8
Dreâd,illidan,383,demonhunter,havoc,18,4,14
Denel,laughing-skull,383,demonhunter,havoc,18,4,14
Woowho,dalaran,382,demonhunter,havoc,6,4,2
Raptoxx,area-52,382,demonhunter,havoc,6,4,2
Nixxie,azgalor,382,demonhunter,havoc,6,4,2
Xiin,cenarion-circle,382,demonhunter,havoc,12,4,8
Saladuoduo,illidan,382,demonhunter,havoc,12,4,8
Anguloke,wyrmrest-accord,381,demonhunter,havoc,10,5,5
Killercooter,area-52,381,demonhunter,havoc,12,4,8
Agramun,ragnaros,381,demonhunter,havoc,12,4,8
Yesnah,emerald-dream,378,demonhunter,havoc,13,4,9
Lúcy,malganis,367,demonhunter,havoc,11,4,7
Demoniò,area-52,352,demonhunter,havoc,10,5,5
Mauê,archimonde,351,demonhunter,havoc,8,5,3
Viølance,area-52,351,demonhunter,havoc,8,5,3
Selenerose,stormrage,351,demonhunter,havoc,8,5,3
Findoratoqc,darrowmere,351,demonhunter,havoc,11,4,7
Xiruu,area-52,336,demonhunter,havoc,15,5,10
Deadlysin,dragonmaw,336,demonhunter,havoc,15,4,11
Lehvi,kiljaeden,335,demonhunter,havoc,11,4,7
Cherrycrüsh,sargeras,335,demonhunter,havoc,11,4,7
Chad,anvilmar,330,demonhunter,havoc,12,5,7
Waos,maelstrom,330,demonhunter,havoc,16,5,11
Criyn,kelthuzad,330,demonhunter,havoc,17,5,12
Ivexia,blackrock,320,demonhunter,havoc,10,4,6
Acelolzz,illidan,320,demonhunter,havoc,10,4,6
Rákdos,illidan,319,demonhunter,havoc,8,4,4
Gibbz,wyrmrest-accord,304,demonhunter,havoc,11,5,6
Demonhide,malganis,288,demonhunter,havoc,7,4,3
Zeppelìn,stormrage,288,demonhunter,havoc,6,3,3
Lyrndrial,wildhammer,288,demonhunter,havoc,6,3,3
Miraill,goldrinn,288,demonhunter,havoc,6,3,3
Answersz,moon-guard,288,demonhunter,havoc,6,3,3
Youngillidan,draka,288,demonhunter,havoc,6,3,3
Zalenn,whisperwind,288,demonhunter,havoc,6,3,3
Glaived,moon-guard,288,demonhunter,havoc,6,3,3
Dettlaff,sentinels,288,demonhunter,havoc,6,3,3
Unforgiving,the-forgotten-coast,288,demonhunter,havoc,6,3,3
Careestal,stormrage,288,demonhunter,havoc,6,3,3
Slodeath,zuljin,288,demonhunter,havoc,6,3,3
Yunjiia,stormrage,288,demonhunter,havoc,6,3,3
Smokepurppy,zuljin,288,demonhunter,havoc,6,3,3
Singueta,stormrage,288,demonhunter,havoc,6,3,3
Shacco,bleeding-hollow,288,demonhunter,havoc,6,3,3
Spanksmcgooy,bleeding-hollow,288,demonhunter,havoc,6,3,3
Baalial,eldrethalas,288,demonhunter,havoc,6,3,3
Teachamp,thrall,288,demonhunter,havoc,6,3,3
Kamakhasi,bleeding-hollow,288,demonhunter,havoc,6,3,3
Nen,illidan,288,demonhunter,havoc,6,3,3
Quiksilverv,khazgoroth,288,demonhunter,havoc,6,3,3
Âsmodeus,laughing-skull,288,demonhunter,havoc,6,3,3
Meliodàs,ragnaros,288,demonhunter,havoc,6,3,3
Dabsvs,ragnaros,288,demonhunter,havoc,6,3,3
Arlequhin,ragnaros,288,demonhunter,havoc,6,3,3
Velerolas,area-52,288,demonhunter,havoc,6,3,3
Onedigitiq,thrall,288,demonhunter,havoc,6,3,3
Inphamy,chogall,288,demonhunter,havoc,6,3,3
Grevdawg,barthilas,288,demonhunter,havoc,6,3,3
Demønical,dalaran,288,demonhunter,havoc,6,3,3
Bkeight,dalaran,288,demonhunter,havoc,6,3,3
Shamock,aggramar,288,demonhunter,havoc,6,3,3
Teufelhundn,tichondrius,288,demonhunter,havoc,6,3,3
Gilidar,terenas,288,demonhunter,havoc,6,3,3
Rachiel,tichondrius,288,demonhunter,havoc,6,3,3
Mèrlyn,sargeras,288,demonhunter,havoc,6,3,3
Krendron,malganis,288,demonhunter,havoc,6,3,3
Knivesdh,area-52,288,demonhunter,havoc,6,3,3
Walluped,malganis,288,demonhunter,havoc,6,3,3
Darkstein,nathrezim,288,demonhunter,havoc,6,3,3
Blingtrön,malganis,288,demonhunter,havoc,6,3,3
Imissher,dalaran,288,demonhunter,havoc,6,3,3
Celestez,kelthuzad,288,demonhunter,havoc,6,3,3
Oberyn,sargeras,288,demonhunter,havoc,6,3,3
Darkrushour,tichondrius,288,demonhunter,havoc,6,3,3
Zaveen,kelthuzad,288,demonhunter,havoc,6,3,3
Kawaiiakitty,tichondrius,288,demonhunter,havoc,6,3,3
Treyydh,illidan,288,demonhunter,havoc,6,3,3
Noóve,area-52,288,demonhunter,havoc,6,3,3
Songtwo,frostmourne,288,demonhunter,havoc,6,3,3
Suddensky,sargeras,288,demonhunter,havoc,6,3,3
ßeelzëbub,icecrown,288,demonhunter,havoc,6,3,3
Sxzure,frostmourne,288,demonhunter,havoc,6,3,3
Treeüs,sargeras,288,demonhunter,havoc,6,3,3
Arnethiel,terenas,288,demonhunter,havoc,6,3,3
Tõji,illidan,288,demonhunter,havoc,6,3,3
Gnatman,skywall,288,demonhunter,havoc,6,3,3
Sofedon,kargath,288,demonhunter,havoc,6,3,3
Talsaris,drakthul,288,demonhunter,havoc,6,3,3
Neutrophilia,area-52,288,demonhunter,havoc,6,3,3
Elgreezy,sargeras,288,demonhunter,havoc,6,3,3
Rhynóe,illidan,288,demonhunter,havoc,6,3,3
Danthedh,illidan,288,demonhunter,havoc,6,3,3
Riodh,area-52,288,demonhunter,havoc,6,3,3
Yongfeel,tichondrius,288,demonhunter,havoc,6,3,3
Azerit,tichondrius,288,demonhunter,havoc,6,3,3
Felform,area-52,288,demonhunter,havoc,6,3,3
Illipo,illidan,288,demonhunter,havoc,6,3,3
Brattysis,tichondrius,288,demonhunter,havoc,6,3,3
Fracxures,area-52,288,demonhunter,havoc,6,3,3
Cäncèr,area-52,288,demonhunter,havoc,6,3,3
Safiyya,proudmoore,288,demonhunter,havoc,6,3,3
Racktor,tichondrius,288,demonhunter,havoc,6,3,3
Asukaxox,illidan,288,demonhunter,havoc,6,3,3
Wingsofhavoc,darkspear,288,demonhunter,havoc,6,3,3
Luckydeath,burning-legion,288,demonhunter,havoc,6,3,3
Rartchaser,moon-guard,288,demonhunter,havoc,6,3,3
Sinstained,korgath,288,demonhunter,havoc,6,3,3
Xetta,burning-legion,288,demonhunter,havoc,6,3,3
Oõp,deathwing,288,demonhunter,havoc,6,3,3
Totheglaive,sargeras,288,demonhunter,havoc,6,3,3
Ledge,azuremyst,288,demonhunter,havoc,6,3,3
Walk,kul-tiras,288,demonhunter,havoc,6,3,3
Zïlly,blackrock,288,demonhunter,havoc,6,3,3
Gonpanchirow,moon-guard,288,demonhunter,havoc,6,3,3
Eeresh,argent-dawn,288,demonhunter,havoc,11,4,7
Hisokafreecs,azralon,288,demonhunter,havoc,10,3,7
Inpain,ysera,288,demonhunter,havoc,14,4,10
Katsuucurry,tichondrius,288,demonhunter,havoc,12,3,9
Daso,the-forgotten-coast,288,demonhunter,havoc,12,3,9
Félmoose,moon-guard,288,demonhunter,havoc,12,3,9
Demonichoov,thrall,288,demonhunter,havoc,12,3,9
Çløûdïx,tichondrius,288,demonhunter,havoc,12,3,9
Nayton,frostmourne,288,demonhunter,havoc,12,3,9
Wotlkdh,area-52,288,demonhunter,havoc,12,3,9
Atriax,kelthuzad,288,demonhunter,havoc,12,3,9
Mirante,illidan,288,demonhunter,havoc,12,3,9
Justinthomas,khaz-modan,288,demonhunter,havoc,12,3,9
Albinohobo,emerald-dream,288,demonhunter,havoc,12,3,9
Rasgon,azralon,288,demonhunter,havoc,12,3,9
Elflerri,area-52,288,demonhunter,havoc,12,3,9
Dmfeetpics,dalaran,288,demonhunter,havoc,12,3,9
Felfloozy,illidan,288,demonhunter,havoc,12,3,9
Azziria,aerie-peak,288,demonhunter,havoc,12,3,9
Tentacruelzz,area-52,288,demonhunter,havoc,12,3,9
Nightsatan,stormrage,288,demonhunter,havoc,12,3,9
Dhneedsbuff,tichondrius,288,demonhunter,havoc,12,3,9
Occula,moon-guard,288,demonhunter,havoc,12,3,9
Thalnoes,proudmoore,288,demonhunter,havoc,12,3,9
Kraky,nemesis,288,demonhunter,havoc,12,3,9
Klàus,quelthalas,288,demonhunter,havoc,12,3,9
Shadynãsty,drakthul,288,demonhunter,havoc,12,3,9
Denadiirx,area-52,288,demonhunter,havoc,12,3,9
Zudo,amanthul,288,demonhunter,havoc,12,3,9
Shidz,frostmourne,288,demonhunter,havoc,12,3,9
Reflexin,tichondrius,288,demonhunter,havoc,12,3,9
Missbhavin,kelthuzad,288,demonhunter,havoc,12,3,9
Carrîôn,tichondrius,288,demonhunter,havoc,12,3,9
Skrimpi,dalaran,288,demonhunter,havoc,12,3,9
Dirtyd,dragonmaw,288,demonhunter,havoc,12,3,9
Namiisann,terenas,288,demonhunter,havoc,12,3,9
Aventear,wyrmrest-accord,288,demonhunter,havoc,12,3,9
Jxda,tichondrius,288,demonhunter,havoc,15,3,12
Roat,malganis,288,demonhunter,havoc,18,3,15
Hpmaxin,tichondrius,288,demonhunter,havoc,18,3,15
Valerethis,steamwheedle-cartel,288,demonhunter,havoc,18,3,15
Vellassa,stormscale,288,demonhunter,havoc,18,3,15
Lavantora,tichondrius,288,demonhunter,havoc,23,3,20
Demonslayyer,saurfang,288,demonhunter,havoc,24,3,21
Haydet,stormrage,287,demonhunter,havoc,6,3,3
Devilina,khadgar,287,demonhunter,havoc,6,3,3
Holescrewer,tichondrius,287,demonhunter,havoc,6,3,3
Illa,dunemaul,287,demonhunter,havoc,6,3,3
Slixxk,sargeras,287,demonhunter,havoc,9,4,5
Villoria,kul-tiras,287,demonhunter,havoc,12,3,9
Ipoopzonu,tichondrius,286,demonhunter,havoc,6,3,3
Lsnusnul,illidan,286,demonhunter,havoc,6,3,3
Psythe,undermine,286,demonhunter,havoc,12,3,9
Daddysplints,sargeras,286,demonhunter,havoc,18,3,15
Dannaris,maelstrom,285,demonhunter,havoc,12,3,9
Pekkora,illidan,284,demonhunter,havoc,12,3,9
Cbt,grizzly-hills,256,demonhunter,havoc,10,3,7
Nikator,emerald-dream,255,demonhunter,havoc,11,3,8
Elrr,drakkari,255,demonhunter,havoc,11,3,8
Vickyvette,illidan,239,demonhunter,havoc,5,3,2
Thenydiel,ragnaros,239,demonhunter,havoc,5,3,2
Hoppygofast,darkspear,239,demonhunter,havoc,5,3,2
Azàzel,quelthalas,239,demonhunter,havoc,5,3,2
Divinehorse,tichondrius,234,demonhunter,havoc,10,5,5
Kryzthed,drakkari,233,demonhunter,havoc,13,4,9
Cobra,quelthalas,208,demonhunter,havoc,7,3,4
Onihunter,zangarmarsh,208,demonhunter,havoc,7,3,4
Critxclutch,tichondrius,192,demonhunter,havoc,4,3,1
Syrendris,moon-guard,192,demonhunter,havoc,8,3,5
Zanecksbinge,skullcrusher,192,demonhunter,havoc,8,3,5
Thedhdream,frostmourne,192,demonhunter,havoc,9,3,6
Gopump,area-52,192,demonhunter,havoc,6,2,4
Badalandabad,nemesis,192,demonhunter,havoc,6,2,4
Rkakda,thunderlord,192,demonhunter,havoc,6,2,4
Imagoon,sargeras,192,demonhunter,havoc,6,2,4
Badservice,frostwolf,192,demonhunter,havoc,6,2,4
Yhell,darkspear,192,demonhunter,havoc,6,2,4
Swagidan,khaz-modan,192,demonhunter,havoc,6,2,4
Slaymore,sargeras,192,demonhunter,havoc,6,2,4
Dirtydone,area-52,192,demonhunter,havoc,6,2,4
Diskiller,sargeras,192,demonhunter,havoc,6,2,4
Buhnana,stormscale,192,demonhunter,havoc,6,2,4
Carlibeth,illidan,192,demonhunter,havoc,6,2,4
Skybri,azjolnerub,192,demonhunter,havoc,6,2,4
Sparklepunch,stormrage,192,demonhunter,havoc,6,2,4
Elaurenne,sargeras,192,demonhunter,havoc,6,2,4
Jadyne,frostmourne,192,demonhunter,havoc,6,2,4
Cryolite,sargeras,192,demonhunter,havoc,6,2,4
Zusi,frostmane,192,demonhunter,havoc,6,2,4
Cursedemon,vashj,192,demonhunter,havoc,6,2,4
Vyrthur,area-52,192,demonhunter,havoc,6,2,4
Zarraessa,trollbane,192,demonhunter,havoc,6,2,4
Kuristominen,area-52,192,demonhunter,havoc,6,2,4
Phosistkar,jubeithos,192,demonhunter,havoc,6,2,4
Serberius,stormrage,192,demonhunter,havoc,6,2,4
Imleu,stormrage,192,demonhunter,havoc,6,2,4
Vulgøre,illidan,192,demonhunter,havoc,6,2,4
Exhawkdh,tichondrius,192,demonhunter,havoc,6,2,4
Brokendh,frostmourne,192,demonhunter,havoc,6,2,4
Moxy,kaelthas,192,demonhunter,havoc,6,2,4
Ambitiòn,moon-guard,192,demonhunter,havoc,6,2,4
Gogiban,tichondrius,192,demonhunter,havoc,6,2,4
Rykko,borean-tundra,192,demonhunter,havoc,6,2,4
Hoagiedevil,moon-guard,192,demonhunter,havoc,6,2,4
Hellishunter,illidan,192,demonhunter,havoc,6,2,4
Gyutaro,frostmourne,192,demonhunter,havoc,6,2,4
Devilweef,whisperwind,192,demonhunter,havoc,6,2,4
Skol,andorhal,192,demonhunter,havoc,6,2,4
Kzdh,illidan,192,demonhunter,havoc,6,2,4
String,tanaris,192,demonhunter,havoc,6,2,4
Dhishard,vashj,192,demonhunter,havoc,6,2,4
Wïldside,tichondrius,192,demonhunter,havoc,6,2,4
Mäläk,zuluhed,192,demonhunter,havoc,6,2,4
Twinbladezz,suramar,192,demonhunter,havoc,6,2,4
Azshada,shadowmoon,192,demonhunter,havoc,6,2,4
Riot,nazgrel,192,demonhunter,havoc,6,2,4
Bark,dalvengyr,192,demonhunter,havoc,6,2,4
Sarallesta,tichondrius,192,demonhunter,havoc,6,2,4
Shankszs,sargeras,192,demonhunter,havoc,6,2,4
Throwglaive,moon-guard,192,demonhunter,havoc,6,2,4
Iando,lightnings-blade,192,demonhunter,havoc,6,2,4
Iøst,stormrage,192,demonhunter,havoc,6,2,4
Grádiabhal,frostwolf,192,demonhunter,havoc,6,2,4
Grfauxrush,sargeras,192,demonhunter,havoc,6,2,4
Fillmikehunt,kelthuzad,192,demonhunter,havoc,6,2,4
Lookatdishoe,tichondrius,192,demonhunter,havoc,6,2,4
Sendingit,vashj,192,demonhunter,havoc,6,2,4
Gouache,frostmourne,192,demonhunter,havoc,6,2,4
Cordianx,area-52,192,demonhunter,havoc,6,2,4
Tommytèo,frostmourne,192,demonhunter,havoc,6,2,4
Heriser,azralon,192,demonhunter,havoc,6,2,4
Showaitie,thrall,192,demonhunter,havoc,6,2,4
Cocopapa,tichondrius,192,demonhunter,havoc,6,2,4
Mybulma,bleeding-hollow,192,demonhunter,havoc,6,2,4
Koogleblitz,sargeras,192,demonhunter,havoc,6,2,4
Lilyanie,stormrage,192,demonhunter,havoc,6,2,4
Xanthrodril,illidan,192,demonhunter,havoc,6,2,4
Gildarts,illidan,192,demonhunter,havoc,6,2,4
Frøppy,illidan,192,demonhunter,havoc,6,2,4
Sargery,sargeras,192,demonhunter,havoc,6,2,4
Lillidanss,the-forgotten-coast,192,demonhunter,havoc,6,2,4
Kayanson,azralon,192,demonhunter,havoc,6,2,4
Øxxy,azralon,192,demonhunter,havoc,6,2,4
Gertrudz,azralon,192,demonhunter,havoc,6,2,4
Krador,wyrmrest-accord,192,demonhunter,havoc,6,2,4
Illidanmello,proudmoore,192,demonhunter,havoc,6,2,4
Zach,muradin,192,demonhunter,havoc,6,2,4
Zeldris,duskwood,192,demonhunter,havoc,6,2,4
Naresaris,proudmoore,192,demonhunter,havoc,6,2,4
Daabsdh,thrall,192,demonhunter,havoc,6,2,4
Clîzzy,tichondrius,192,demonhunter,havoc,6,2,4
Ramrodd,nazgrel,192,demonhunter,havoc,6,2,4
Demonwaffle,draka,192,demonhunter,havoc,6,2,4
Glaíve,anvilmar,192,demonhunter,havoc,6,2,4
Liwx,stormrage,192,demonhunter,havoc,6,2,4
Falan,drakthul,192,demonhunter,havoc,6,2,4
Metha,kiljaeden,192,demonhunter,havoc,6,2,4
Jammistraza,skywall,192,demonhunter,havoc,6,2,4
Aleta,firetree,192,demonhunter,havoc,6,2,4
Akunda,the-venture-co,192,demonhunter,havoc,6,2,4
Cirillas,illidan,192,demonhunter,havoc,6,2,4
Throtegoat,illidan,192,demonhunter,havoc,6,2,4
Trackamp,emerald-dream,192,demonhunter,havoc,6,2,4
Davedh,emerald-dream,192,demonhunter,havoc,6,2,4
Arkynth,dalaran,192,demonhunter,havoc,6,2,4
Jozeez,emerald-dream,192,demonhunter,havoc,6,2,4
Berquondh,tichondrius,192,demonhunter,havoc,6,2,4
Rôxàná,stormrage,192,demonhunter,havoc,6,2,4
Illdaira,windrunner,192,demonhunter,havoc,6,2,4
Sarithos,frostmourne,192,demonhunter,havoc,6,2,4
Hornët,tichondrius,192,demonhunter,havoc,6,2,4
Annmílls,quelthalas,192,demonhunter,havoc,6,2,4
Xannaa,illidan,192,demonhunter,havoc,6,2,4
Ratcnt,barthilas,192,demonhunter,havoc,6,2,4
Sodí,moon-guard,192,demonhunter,havoc,6,2,4
Ausä,ragnaros,192,demonhunter,havoc,6,2,4
Wreckforce,blades-edge,192,demonhunter,havoc,6,2,4
Renatha,ragnaros,192,demonhunter,havoc,6,2,4
Lilvetis,thrall,192,demonhunter,havoc,6,2,4
Nhoxell,ragnaros,192,demonhunter,havoc,6,2,4
Fenrirsend,proudmoore,192,demonhunter,havoc,6,2,4
Downbadsimp,tichondrius,192,demonhunter,havoc,6,2,4
Kraazi,thrall,192,demonhunter,havoc,6,2,4
Texts,norgannon,192,demonhunter,havoc,6,2,4
Frino,steamwheedle-cartel,192,demonhunter,havoc,6,2,4
Illimare,tichondrius,192,demonhunter,havoc,6,2,4
Demoverdugo,ragnaros,192,demonhunter,havoc,6,2,4
Celadel,saurfang,192,demonhunter,havoc,6,2,4
Kezzaku,frostmourne,192,demonhunter,havoc,6,2,4
Kiau,chogall,192,demonhunter,havoc,6,2,4
Lustsama,ragnaros,192,demonhunter,havoc,6,2,4
Blynx,destromath,192,demonhunter,havoc,6,2,4
Varaedra,stormreaver,192,demonhunter,havoc,6,2,4
Impaledurgf,tichondrius,192,demonhunter,havoc,6,2,4
Narilna,stormrage,192,demonhunter,havoc,6,2,4
Angelbreat,tichondrius,192,demonhunter,havoc,6,2,4
Zaddii,tichondrius,192,demonhunter,havoc,6,2,4
Daracu,aerie-peak,192,demonhunter,havoc,6,2,4
Stimming,wyrmrest-accord,192,demonhunter,havoc,6,2,4
Zethh,drakkari,192,demonhunter,havoc,6,2,4
Renoshan,wyrmrest-accord,192,demonhunter,havoc,6,2,4
Freddiedread,bladefist,192,demonhunter,havoc,6,2,4
Arandë,earthen-ring,192,demonhunter,havoc,6,2,4
Himawariuzu,hyjal,192,demonhunter,havoc,6,2,4
Ragath,bonechewer,192,demonhunter,havoc,6,2,4
Zarraedra,khazgoroth,192,demonhunter,havoc,6,2,4
Lvqp,barthilas,192,demonhunter,havoc,6,2,4
Qlmm,stormrage,192,demonhunter,havoc,7,2,5
Politic,area-52,192,demonhunter,havoc,11,2,9
Smokinops,stormrage,192,demonhunter,havoc,12,2,10
Hollownight,area-52,192,demonhunter,havoc,12,2,10
Chell,stormscale,192,demonhunter,havoc,12,2,10
Catastroz,ragnaros,192,demonhunter,havoc,12,2,10
Boofdh,illidan,192,demonhunter,havoc,12,2,10
Gyop,azralon,192,demonhunter,havoc,12,2,10
Ticó,stormrage,192,demonhunter,havoc,12,2,10
Garfizzle,grizzly-hills,192,demonhunter,havoc,12,2,10
Kushz,dalaran,192,demonhunter,havoc,12,2,10
Talias,whisperwind,192,demonhunter,havoc,12,2,10
Lauriale,moon-guard,192,demonhunter,havoc,12,2,10
Righetto,barthilas,192,demonhunter,havoc,12,2,10
Daeth,skullcrusher,192,demonhunter,havoc,12,2,10
Âduka,illidan,192,demonhunter,havoc,12,2,10
Beastforlife,sargeras,192,demonhunter,havoc,12,2,10
Boredape,windrunner,192,demonhunter,havoc,12,2,10
Cola,illidan,192,demonhunter,havoc,12,2,10
Kyska,tichondrius,192,demonhunter,havoc,12,2,10
Spacéphoenix,stormrage,192,demonhunter,havoc,12,2,10
Reikune,tichondrius,192,demonhunter,havoc,12,2,10
Kergerak,tichondrius,192,demonhunter,havoc,12,2,10
Ashlanna,tichondrius,192,demonhunter,havoc,12,2,10
Tempésts,tichondrius,192,demonhunter,havoc,12,2,10
Asharian,wyrmrest-accord,192,demonhunter,havoc,12,2,10
Rustiin,barthilas,191,demonhunter,havoc,6,2,4
Jojomojo,proudmoore,191,demonhunter,havoc,6,2,4
Pholly,altar-of-storms,191,demonhunter,havoc,6,2,4
Tarasam,burning-blade,191,demonhunter,havoc,12,2,10
Feilixx,moon-guard,190,demonhunter,havoc,12,2,10
Djmachine,kelthuzad,159,demonhunter,havoc,5,2,3
Ferunye,stormrage,159,demonhunter,havoc,5,2,3
Ladaris,shadow-council,159,demonhunter,havoc,5,2,3
Theweektwo,drakkari,159,demonhunter,havoc,11,2,9
Raycharlés,sargeras,138,demonhunter,havoc,6,3,3
Sleephoe,proudmoore,138,demonhunter,havoc,11,4,7
Refused,nesingwary,138,demonhunter,havoc,11,4,7
Criolex,stormrage,138,demonhunter,havoc,9,3,6
Demï,moon-guard,138,demonhunter,havoc,14,3,11
Shanjara,sargeras,138,demonhunter,havoc,15,3,12
Xeil,zuljin,128,demonhunter,havoc,4,2,2
Cocolicious,area-52,128,demonhunter,havoc,4,2,2
Bottleofbirb,tichondrius,127,demonhunter,havoc,8,2,6
Xwingpilot,arthas,127,demonhunter,havoc,8,2,6
Kümï,quelthalas,96,demonhunter,havoc,3,2,1
Icewings,tichondrius,96,demonhunter,havoc,3,2,1
Blaamy,magtheridon,96,demonhunter,havoc,3,2,1
Litball,stormrage,96,demonhunter,havoc,3,2,1
Doggybone,thunderlord,96,demonhunter,havoc,16,3,13
Xänäx,azralon,96,demonhunter,havoc,6,1,5
Demønvil,onyxia,96,demonhunter,havoc,6,1,5
Safikins,tichondrius,96,demonhunter,havoc,6,1,5
Felblood,saurfang,96,demonhunter,havoc,6,1,5
Mythundorn,burning-blade,96,demonhunter,havoc,6,1,5
Lostpvp,blackrock,96,demonhunter,havoc,6,1,5
Arkfall,proudmoore,96,demonhunter,havoc,6,1,5
Lokydh,tichondrius,96,demonhunter,havoc,6,1,5
Felkyrie,velen,96,demonhunter,havoc,6,1,5
Theysuffer,scilla,96,demonhunter,havoc,6,1,5
Flyhacks,tichondrius,96,demonhunter,havoc,6,1,5
Varanidae,kelthuzad,96,demonhunter,havoc,6,1,5
Bensonlove,tichondrius,96,demonhunter,havoc,6,1,5
Jekyldh,tichondrius,96,demonhunter,havoc,6,1,5
Sado,proudmoore,96,demonhunter,havoc,6,1,5
Sixxofnine,malganis,96,demonhunter,havoc,6,1,5
Demonski,area-52,96,demonhunter,havoc,6,1,5
Vidêl,stormrage,96,demonhunter,havoc,6,1,5
Glaivee,dalaran,96,demonhunter,havoc,6,1,5
Scarolol,malganis,96,demonhunter,havoc,6,1,5
Painqtxo,area-52,96,demonhunter,havoc,6,1,5
Phosphora,dalaran,96,demonhunter,havoc,6,1,5
Kurotoo,ragnaros,96,demonhunter,havoc,6,1,5
Akammy,proudmoore,96,demonhunter,havoc,6,1,5
Solcon,exodar,96,demonhunter,havoc,6,1,5
Anabolicbro,tichondrius,96,demonhunter,havoc,6,1,5
Asada,blackwing-lair,96,demonhunter,havoc,6,1,5
Nomedi,aggramar,96,demonhunter,havoc,6,1,5
Fonteh,quelthalas,96,demonhunter,havoc,6,1,5
Thatdhunter,moon-guard,96,demonhunter,havoc,6,1,5
Gil,moonrunner,96,demonhunter,havoc,6,1,5
Thêworld,azralon,96,demonhunter,havoc,6,1,5
Terpenese,chogall,96,demonhunter,havoc,6,1,5
Jerry,emerald-dream,96,demonhunter,havoc,6,1,5
Chakan,burning-legion,96,demonhunter,havoc,6,1,5
Illìdän,thunderhorn,96,demonhunter,havoc,6,1,5
Demontime,the-forgotten-coast,96,demonhunter,havoc,6,1,5
Cheesygarlic,dalaran,96,demonhunter,havoc,6,1,5
Constantwood,sargeras,96,demonhunter,havoc,6,1,5
Treblig,nerzhul,96,demonhunter,havoc,6,1,5
Bazbeaüx,moon-guard,96,demonhunter,havoc,6,1,5
Vëngêåncé,tichondrius,96,demonhunter,havoc,6,1,5
Zaythan,quelthalas,96,demonhunter,havoc,6,1,5
Skylinetime,sargeras,96,demonhunter,havoc,6,1,5
Reezi,sargeras,96,demonhunter,havoc,6,1,5
Bigpencil,frostmourne,96,demonhunter,havoc,6,1,5
Vaestl,zuljin,96,demonhunter,havoc,6,1,5
Glimpsê,tichondrius,96,demonhunter,havoc,6,1,5
Exterminyors,ragnaros,96,demonhunter,havoc,6,1,5
Áréz,frostmourne,96,demonhunter,havoc,6,1,5
Aithusadh,barthilas,96,demonhunter,havoc,6,1,5
Chris,nordrassil,96,demonhunter,havoc,6,1,5
Brgkuma,sargeras,96,demonhunter,havoc,6,1,5
Wubloadz,bleeding-hollow,96,demonhunter,havoc,6,1,5
Memslaw,tichondrius,96,demonhunter,havoc,6,1,5
Budsturga,arthas,96,demonhunter,havoc,6,1,5
Hausecat,aegwynn,96,demonhunter,havoc,6,1,5
Islandboii,frostmourne,96,demonhunter,havoc,6,1,5
Pighe,tichondrius,96,demonhunter,havoc,6,1,5
Musewine,tichondrius,96,demonhunter,havoc,6,1,5
Mazïkeen,uther,96,demonhunter,havoc,6,1,5
Ærès,ysondre,96,demonhunter,havoc,6,1,5
Marxefel,ragnaros,96,demonhunter,havoc,6,1,5
Siegfridemon,ragnaros,96,demonhunter,havoc,6,1,5
Slycerr,illidan,96,demonhunter,havoc,6,1,5
Ðemonhunterx,frostmourne,96,demonhunter,havoc,6,1,5
Rhyàno,proudmoore,96,demonhunter,havoc,6,1,5
Esøteric,area-52,96,demonhunter,havoc,6,1,5
Demonleàf,area-52,96,demonhunter,havoc,6,1,5
Emokillaz,thrall,96,demonhunter,havoc,6,1,5
Eldominio,area-52,96,demonhunter,havoc,7,1,6
Lantherin,sargeras,96,demonhunter,havoc,11,1,10
Moonsocks,proudmoore,96,demonhunter,havoc,12,1,11
Gnocchis,thrall,96,demonhunter,havoc,12,1,11
Ichigoo,arthas,96,demonhunter,havoc,12,1,11
Pursephone,bonechewer,96,demonhunter,havoc,12,1,11
Billygoat,bloodscalp,95,demonhunter,havoc,6,1,5
Aríes,dreadmaul,94,demonhunter,havoc,4,3,1
Unprepáred,steamwheedle-cartel,79,demonhunter,havoc,5,1,4
Arlén,frostmourne,79,demonhunter,havoc,5,1,4
Miskiiv,malganis,79,demonhunter,havoc,5,1,4
Fellchapo,illidan,79,demonhunter,havoc,5,1,4
Demonbluntzz,tichondrius,79,demonhunter,havoc,11,1,10
Mcthiccyy,moon-guard,64,demonhunter,havoc,4,1,3
Blackpøwér,sargeras,64,demonhunter,havoc,5,1,4
Raptorjèsus,azjolnerub,48,demonhunter,havoc,3,1,2
Jizzidari,frostmourne,48,demonhunter,havoc,3,1,2
Lifefery,quelthalas,48,demonhunter,havoc,3,1,2
Quoates,dalaran,48,demonhunter,havoc,3,1,2
Celilis,cenarius,48,demonhunter,havoc,3,1,2
Aryía,stormrage,48,demonhunter,havoc,3,1,2
Xaryic,stormrage,42,demonhunter,havoc,16,5,11
Jamerino,frostmourne,42,demonhunter,havoc,7,2,5
Mythadal,sargeras,42,demonhunter,havoc,9,2,7
Kersplack,tichondrius,42,demonhunter,havoc,14,3,11
Mavlck,azralon,42,demonhunter,havoc,16,2,14
Wrathbringer,frostmourne,31,demonhunter,havoc,2,1,1
Bladeset,moonrunner,31,demonhunter,havoc,2,1,1
Waltzy,dathremar,31,demonhunter,havoc,2,1,1
Pooterjuice,shadowmoon,31,demonhunter,havoc,2,1,1
Shortxfuse,illidan,31,demonhunter,havoc,2,1,1
Lathazar,darkspear,16,demonhunter,havoc,1,1,0
Iwasright,stonemaul,1458,demonhunter,vengeance,90,43,47
Slippedinfel,tichondrius,1335,demonhunter,vengeance,47,22,25
Methany,saurfang,1077,demonhunter,vengeance,28,14,14
Jersey,proudmoore,953,demonhunter,vengeance,61,29,32
Agricornia,tichondrius,847,demonhunter,vengeance,30,13,17
Nights,greymane,566,demonhunter,vengeance,12,6,6
Kysaerix,stormrage,479,demonhunter,vengeance,18,5,13
Narilis,illidan,384,demonhunter,vengeance,6,4,2
Annabow,moon-guard,301,demonhunter,vengeance,7,4,3
Irisand,ragnaros,288,demonhunter,vengeance,6,3,3
Sinfulpariah,bladefist,288,demonhunter,vengeance,6,3,3
Ferano,frostmourne,288,demonhunter,vengeance,6,3,3
Çherrii,moon-guard,286,demonhunter,vengeance,6,3,3
Gentlesoap,blackrock,255,demonhunter,vengeance,17,3,14
Tilltheend,illidan,239,demonhunter,vengeance,5,3,2
Asderel,zuljin,192,demonhunter,vengeance,6,2,4
Morgonas,wildhammer,192,demonhunter,vengeance,12,2,10
Meliødaz,ragnaros,192,demonhunter,vengeance,12,2,10
Shiningvenus,stormrage,192,demonhunter,vengeance,12,2,10
Dameon,wildhammer,191,demonhunter,vengeance,6,2,4
Foodtruck,hellscream,96,demonhunter,vengeance,6,1,5
Nubishe,jubeithos,96,demonhunter,vengeance,6,1,5
Daymanhunter,bleeding-hollow,96,demonhunter,vengeance,6,1,5
Mooneh,emerald-dream,96,demonhunter,vengeance,6,1,5
Øtakemaru,illidan,96,demonhunter,vengeance,6,1,5
Aleymar,tichondrius,96,demonhunter,vengeance,6,1,5
Supersaiyan,sargeras,64,demonhunter,vengeance,4,1,3
Dannypimp,tichondrius,2327,druid,restoration,95,66,29
Grovetenderx,tichondrius,2327,druid,restoration,135,90,45
Dannycarry,tichondrius,2308,druid,restoration,122,76,46
Kobaishome,tichondrius,2214,druid,restoration,184,109,75
Linful,tichondrius,2213,druid,restoration,257,134,123
Flóp,dalaran,2212,druid,restoration,126,70,56
Garbagedruid,scilla,2198,druid,restoration,277,144,133
Renner,zuljin,2192,druid,restoration,109,57,52
Hlchs,tichondrius,2176,druid,restoration,90,53,37
Angrygochux,tichondrius,2170,druid,restoration,154,84,70
Omkin,tichondrius,2166,druid,restoration,144,76,68
Andrwceo,stormrage,2139,druid,restoration,84,51,33
Couragé,ragnaros,2137,druid,restoration,153,78,75
Bemelerberg,sargeras,2117,druid,restoration,113,60,53
Bestrun,tichondrius,2116,druid,restoration,108,58,50
Nersepha,gurubashi,2107,druid,restoration,108,52,56
Vers,dathremar,2102,druid,restoration,144,75,69
Softpawz,kelthuzad,2085,druid,restoration,187,93,94
Lvse,tichondrius,2081,druid,restoration,132,82,50
Socialyst,area-52,2056,druid,restoration,100,56,44
Iån,dalaran,2055,druid,restoration,47,28,19
Commercii,tichondrius,2043,druid,restoration,72,42,30
Bigtimers,illidan,2039,druid,restoration,93,50,43
Nikdruidne,tichondrius,2039,druid,restoration,119,56,63
Liangpibro,illidan,2027,druid,restoration,150,84,66
Shaylyne,moonrunner,2026,druid,restoration,69,41,28
Gotheelsx,illidan,2020,druid,restoration,208,103,105
Racialmotive,illidan,2017,druid,restoration,134,76,58
Evolved,darkspear,2016,druid,restoration,83,44,39
Bigmoran,tichondrius,2013,druid,restoration,84,42,42
Hchls,tichondrius,2010,druid,restoration,200,103,97
Creamyfresh,tichondrius,2007,druid,restoration,111,57,54
Vesoween,tichondrius,2006,druid,restoration,139,87,52
Wëndell,tichondrius,2005,druid,restoration,84,43,41
Guqingshuang,tichondrius,2004,druid,restoration,109,62,47
Leafynymph,tichondrius,1998,druid,restoration,61,39,22
Szwlol,tichondrius,1986,druid,restoration,441,229,212
Druuná,kiljaeden,1982,druid,restoration,209,105,104
Sadbull,tichondrius,1981,druid,restoration,66,36,30
Bigdockepoch,sargeras,1976,druid,restoration,71,44,27
Lenya,bleeding-hollow,1975,druid,restoration,93,52,41
Rbavny,tichondrius,1972,druid,restoration,50,29,21
Davidqx,zuljin,1971,druid,restoration,151,84,67
Gotheels,illidan,1967,druid,restoration,47,32,15
Xgodhands,sargeras,1963,druid,restoration,54,31,23
Disembles,illidan,1963,druid,restoration,96,51,45
Brenden,area-52,1958,druid,restoration,150,76,74
Mengniulol,tichondrius,1954,druid,restoration,203,111,92
Pornkkimi,tichondrius,1952,druid,restoration,48,29,19
Rorae,tichondrius,1950,druid,restoration,190,94,96
Psam,emerald-dream,1948,druid,restoration,95,54,41
Commerci,tichondrius,1944,druid,restoration,53,29,24
Flowen,spinebreaker,1940,druid,restoration,78,39,39
Bobd,proudmoore,1937,druid,restoration,66,35,31
Floofi,kelthuzad,1935,druid,restoration,68,39,29
Treenleaves,stormrage,1934,druid,restoration,764,397,367
Currants,lightbringer,1934,druid,restoration,197,98,99
Shiftýx,tichondrius,1930,druid,restoration,107,55,52
Hxm,tichondrius,1927,druid,restoration,41,22,19
Lotiononmyd,illidan,1927,druid,restoration,331,176,155
Spiritot,tichondrius,1925,druid,restoration,77,37,40
Taiwanzz,tichondrius,1922,druid,restoration,91,43,48
Leafowl,tichondrius,1915,druid,restoration,105,60,45
Rindy,rexxar,1915,druid,restoration,168,89,79
Loudswords,barthilas,1910,druid,restoration,159,81,78
Taaienberg,sargeras,1907,druid,restoration,126,60,66
Germlol,sargeras,1902,druid,restoration,57,35,22
Tizzyy,eredar,1896,druid,restoration,90,48,42
Corbind,arthas,1896,druid,restoration,352,185,167
Larissaelar,tichondrius,1895,druid,restoration,24,20,4
Aljalladtv,bleeding-hollow,1894,druid,restoration,36,24,12
Ymy,tichondrius,1892,druid,restoration,60,30,30
Pvpgold,illidan,1888,druid,restoration,95,54,41
Dancesdru,area-52,1888,druid,restoration,36,20,16
Saxhouse,illidan,1885,druid,restoration,120,62,58
Darkenëd,dalaran,1880,druid,restoration,68,41,27
Nìghtshift,moon-guard,1879,druid,restoration,125,63,62
Ziegey,tichondrius,1877,druid,restoration,78,45,33
Sanitizer,tichondrius,1875,druid,restoration,90,47,43
Eddí,illidan,1872,druid,restoration,64,32,32
Bashthecat,tichondrius,1871,druid,restoration,59,39,20
Drøgbä,tichondrius,1870,druid,restoration,30,20,10
Xijinfing,tichondrius,1870,druid,restoration,42,25,17
Sùlyvahn,tichondrius,1868,druid,restoration,75,37,38
Ksz,stormrage,1867,druid,restoration,42,25,17
Holydruid,tichondrius,1867,druid,restoration,83,43,40
Udoyu,barthilas,1865,druid,restoration,84,39,45
Represent,tichondrius,1864,druid,restoration,48,26,22
Légz,area-52,1851,druid,restoration,247,133,114
Bexdru,area-52,1850,druid,restoration,284,151,133
Qdeb,akama,1844,druid,restoration,48,27,21
Rèmix,bleeding-hollow,1842,druid,restoration,54,27,27
Esque,stormrage,1842,druid,restoration,48,24,24
Tokesh,malganis,1840,druid,restoration,72,33,39
Fattdiabetic,tichondrius,1839,druid,restoration,54,32,22
Washedgodx,mugthol,1839,druid,restoration,59,34,25
Penguindruid,area-52,1839,druid,restoration,48,27,21
Clameo,barthilas,1839,druid,restoration,102,48,54
Wìms,malganis,1838,druid,restoration,78,39,39
Janzak,thrall,1837,druid,restoration,48,28,20
Maen,kelthuzad,1837,druid,restoration,88,43,45
Gluesmoka,icecrown,1836,druid,restoration,54,31,23
Scätmän,ragnaros,1835,druid,restoration,54,35,19
Plorenz,zuljin,1834,druid,restoration,149,78,71
Reehz,stormrage,1834,druid,restoration,53,25,28
Anaps,frostmourne,1832,druid,restoration,210,115,95
Soreze,kelthuzad,1831,druid,restoration,56,35,21
Moldragon,crushridge,1831,druid,restoration,54,28,26
Gsex,nemesis,1829,druid,restoration,76,42,34
Bodytwisting,tichondrius,1828,druid,restoration,48,29,19
Sanlunainiu,tichondrius,1827,druid,restoration,185,87,98
Rerolldr,firetree,1826,druid,restoration,42,24,18
Rapttors,zuljin,1826,druid,restoration,72,30,42
Heymeow,tichondrius,1825,druid,restoration,60,24,36
Facegotrake,stormrage,1823,druid,restoration,144,83,61
Naturae,spirestone,1823,druid,restoration,200,112,88
Wuxidixi,tichondrius,1822,druid,restoration,58,35,23
Kellogs,malganis,1820,druid,restoration,107,51,56
Brendenjr,area-52,1819,druid,restoration,45,32,13
Kruisberg,sargeras,1819,druid,restoration,35,22,13
Levican,tichondrius,1819,druid,restoration,198,102,96
Jegara,auchindoun,1817,druid,restoration,179,96,83
Resto,crushridge,1816,druid,restoration,86,44,42
Badtree,tichondrius,1815,druid,restoration,132,76,56
Oinkme,kiljaeden,1815,druid,restoration,96,45,51
Sakpase,area-52,1813,druid,restoration,66,38,28
Jbdontplay,sargeras,1812,druid,restoration,59,37,22
Hideurkidz,tichondrius,1812,druid,restoration,75,44,31
Tunnaris,ragnaros,1811,druid,restoration,71,33,38
Kenái,nemesis,1810,druid,restoration,30,19,11
Cuzzidr,tichondrius,1809,druid,restoration,30,19,11
Corcovado,bleeding-hollow,1809,druid,restoration,66,31,35
Yggdrasil,ravencrest,1805,druid,restoration,65,31,34
Airmeodaddy,barthilas,1804,druid,restoration,137,72,65
Caipirinha,tichondrius,1804,druid,restoration,59,31,28
Poliage,moon-guard,1804,druid,restoration,303,159,144
Kayorva,gurubashi,1804,druid,restoration,47,24,23
Hoeba,tichondrius,1803,druid,restoration,48,26,22
Thasta,blackrock,1802,druid,restoration,199,108,91
Dmxx,kiljaeden,1801,druid,restoration,45,27,18
Playstyle,stormrage,1801,druid,restoration,49,25,24
Fruitberry,malganis,1801,druid,restoration,53,24,29
Nayko,sargeras,1801,druid,restoration,72,30,42
Ivý,shadowsong,1800,druid,restoration,41,28,13
Mengyu,tichondrius,1800,druid,restoration,64,41,23
Kobrah,twisting-nether,1800,druid,restoration,36,20,16
Drudma,shadowmoon,1800,druid,restoration,179,97,82
Boonsogan,tichondrius,1799,druid,restoration,66,34,32
Boomsläng,ghostlands,1794,druid,restoration,67,32,35
Mimidelol,tichondrius,1792,druid,restoration,78,40,38
Lucked,tichondrius,1789,druid,restoration,65,43,22
Mvp,altar-of-storms,1787,druid,restoration,30,19,11
Ekr,tichondrius,1779,druid,restoration,54,29,25
Kwd,stormrage,1778,druid,restoration,146,86,60
Sooey,wyrmrest-accord,1774,druid,restoration,124,75,49
Pineappledûe,tichondrius,1774,druid,restoration,64,33,31
Blueclàssxx,akama,1771,druid,restoration,70,49,21
Aryawilliams,area-52,1767,druid,restoration,131,64,67
Zyhsul,emerald-dream,1764,druid,restoration,209,112,97
Èmax,barthilas,1763,druid,restoration,55,36,19
Gankstanerdz,tichondrius,1762,druid,restoration,220,107,113
Tweeguy,malganis,1761,druid,restoration,84,36,48
Dsheeps,tichondrius,1760,druid,restoration,48,27,21
Ellystarry,stormrage,1758,druid,restoration,90,46,44
Gloomster,tichondrius,1756,druid,restoration,64,37,27
Faramar,sargeras,1754,druid,restoration,76,43,33
Rdruid,zuluhed,1752,druid,restoration,46,32,14
Flowdruid,tichondrius,1751,druid,restoration,51,26,25
Kaperij,sargeras,1744,druid,restoration,42,24,18
Dexlol,area-52,1738,druid,restoration,24,22,2
Surefacts,dathremar,1738,druid,restoration,40,21,19
Branchmanagr,dark-iron,1736,druid,restoration,54,23,31
Convokíng,kelthuzad,1729,druid,restoration,59,25,34
Shapelist,frostmourne,1727,druid,restoration,40,25,15
Hotgoal,frostmourne,1722,druid,restoration,75,41,34
Jathel,area-52,1721,druid,restoration,48,25,23
Kimdeokbae,tichondrius,1720,druid,restoration,53,34,19
Dirtdog,uther,1719,druid,restoration,53,25,28
Reizzy,sargeras,1719,druid,restoration,84,38,46
Teslabeam,illidan,1719,druid,restoration,65,25,40
Huaxià,tichondrius,1717,druid,restoration,221,120,101
Druinin,archimonde,1716,druid,restoration,150,76,74
Lovenug,shadowsong,1715,druid,restoration,179,98,81
Druidstin,tichondrius,1712,druid,restoration,192,102,90
Pizzatimex,zuluhed,1709,druid,restoration,132,67,65
Binionsolboy,illidan,1707,druid,restoration,54,30,24
Drjelly,tichondrius,1707,druid,restoration,76,32,44
Enrÿu,nemesis,1706,druid,restoration,54,25,29
Geddoff,stormrage,1706,druid,restoration,189,87,102
Yungdoinkski,icecrown,1704,druid,restoration,28,19,9
Treeofangels,nathrezim,1702,druid,restoration,42,24,18
Hoonjojjyanx,tichondrius,1701,druid,restoration,30,18,12
Suekeys,frostmourne,1699,druid,restoration,48,25,23
Moomooheal,moon-guard,1696,druid,restoration,269,142,127
Minisavage,proudmoore,1694,druid,restoration,66,32,34
Gsëx,nemesis,1694,druid,restoration,71,34,37
Stupidtree,antonidas,1693,druid,restoration,47,28,19
Chimnie,malganis,1686,druid,restoration,96,54,42
Bramii,illidan,1686,druid,restoration,69,35,34
Poscow,tichondrius,1685,druid,restoration,92,52,40
Pigheaddru,tichondrius,1685,druid,restoration,70,33,37
Ayalia,saurfang,1684,druid,restoration,48,25,23
Arwëna,tichondrius,1683,druid,restoration,92,55,37
Jdown,dalaran,1683,druid,restoration,100,51,49
Polyester,frostmourne,1679,druid,restoration,60,28,32
Chevy,onyxia,1677,druid,restoration,100,43,57
Dabloleu,illidan,1675,druid,restoration,24,19,5
Treebag,frostmane,1675,druid,restoration,225,117,108
Sanninx,barthilas,1673,druid,restoration,70,40,30
Poscod,tichondrius,1673,druid,restoration,179,93,86
Hxa,emerald-dream,1672,druid,restoration,70,34,36
Remus,hydraxis,1672,druid,restoration,66,31,35
Klamediya,illidan,1671,druid,restoration,71,29,42
Afkhottedyou,suramar,1667,druid,restoration,46,24,22
Lobsterdruid,area-52,1666,druid,restoration,42,24,18
Héisénbérg,sargeras,1666,druid,restoration,228,113,115
Standee,sargeras,1665,druid,restoration,177,102,75
Insuranceguy,nagrand,1663,druid,restoration,72,42,30
Legitonedge,zuljin,1662,druid,restoration,55,30,25
Aiyouyou,tichondrius,1659,druid,restoration,261,145,116
Hoebaz,tichondrius,1659,druid,restoration,36,20,16
Thundercast,quelthalas,1658,druid,restoration,194,95,99
Venomgtz,laughing-skull,1657,druid,restoration,278,153,125
Zoteqt,kelthuzad,1657,druid,restoration,48,25,23
Lubbeck,stormrage,1653,druid,restoration,157,87,70
Widescreen,burning-blade,1652,druid,restoration,504,263,241
Quasiderp,illidan,1651,druid,restoration,42,21,21
Quss,tichondrius,1650,druid,restoration,37,23,14
Roen,tichondrius,1650,druid,restoration,64,32,32
Montage,illidan,1650,druid,restoration,54,26,28
Notpodruida,tichondrius,1649,druid,restoration,48,28,20
Naturetazerr,sargeras,1648,druid,restoration,78,46,32
Hravan,dentarg,1648,druid,restoration,96,54,42
Sarrati,emerald-dream,1647,druid,restoration,194,105,89
Defteras,illidan,1647,druid,restoration,42,21,21
Erral,malganis,1646,druid,restoration,69,34,35
Ooh,stormreaver,1645,druid,restoration,54,31,23
Mattiu,area-52,1645,druid,restoration,54,21,33
Animalge,sargeras,1643,druid,restoration,60,25,35
Dendrix,area-52,1641,druid,restoration,90,46,44
Muhu,frostmourne,1640,druid,restoration,114,63,51
Cienza,proudmoore,1640,druid,restoration,318,161,157
Tayriel,area-52,1640,druid,restoration,57,26,31
Sosaformx,stormrage,1639,druid,restoration,47,21,26
Morphiq,tichondrius,1637,druid,restoration,165,89,76
Gìtgoodtrash,frostmourne,1637,druid,restoration,88,46,42
Pkgdbts,tichondrius,1637,druid,restoration,47,22,25
Breaksilence,tichondrius,1636,druid,restoration,59,36,23
Birdfromtree,dalaran,1636,druid,restoration,48,26,22
Pootyleaf,daggerspine,1636,druid,restoration,60,28,32
Lifeboomer,ragnaros,1634,druid,restoration,85,51,34
Toastsdruid,tichondrius,1633,druid,restoration,36,24,12
Psyqobloom,dalaran,1632,druid,restoration,170,95,75
Pekazay,illidan,1632,druid,restoration,79,41,38
Durintor,nemesis,1630,druid,restoration,135,72,63
Pawsbutton,stormrage,1629,druid,restoration,30,20,10
Luckyslot,frostmourne,1629,druid,restoration,78,41,37
Cheddy,tichondrius,1628,druid,restoration,77,43,34
Rawbacon,blackrock,1628,druid,restoration,62,24,38
Addiedru,zuljin,1627,druid,restoration,69,32,37
Kamisamalee,tichondrius,1626,druid,restoration,41,25,16
Viscentdd,illidan,1626,druid,restoration,36,17,19
Sixthsex,tichondrius,1625,druid,restoration,123,64,59
Woshiyigede,frostmourne,1625,druid,restoration,212,104,108
Meniscus,arthas,1625,druid,restoration,77,37,40
Elfjane,tichondrius,1624,druid,restoration,30,17,13
Acdru,tichondrius,1624,druid,restoration,89,43,46
Admoney,sargeras,1624,druid,restoration,36,17,19
Wolfis,malganis,1622,druid,restoration,36,20,16
Meowmixx,frostmane,1621,druid,restoration,113,53,60
Cybeé,sargeras,1621,druid,restoration,48,19,29
Dbk,suramar,1620,druid,restoration,176,104,72
Zhn,sargeras,1619,druid,restoration,53,34,19
Maviç,hyjal,1619,druid,restoration,513,273,240
Boomtastik,frostmourne,1619,druid,restoration,126,57,69
Suublime,ragnaros,1618,druid,restoration,72,34,38
Fresh,earthen-ring,1617,druid,restoration,30,17,13
Asmitar,illidan,1616,druid,restoration,36,22,14
Soheezy,illidan,1615,druid,restoration,204,114,90
Images,kilrogg,1614,druid,restoration,99,58,41
Gødriç,tichondrius,1614,druid,restoration,221,112,109
Elyl,tichondrius,1614,druid,restoration,48,23,25
Tondrai,malganis,1613,druid,restoration,160,81,79
Injections,kelthuzad,1613,druid,restoration,60,23,37
Gulperberg,sargeras,1612,druid,restoration,30,25,5
Drainean,sargeras,1611,druid,restoration,30,17,13
Pilcosbie,stormrage,1610,druid,restoration,77,43,34
Zulas,thrall,1609,druid,restoration,37,24,13
Hideurchickn,tichondrius,1609,druid,restoration,36,23,13
Fórmérfáttý,kelthuzad,1609,druid,restoration,30,18,12
Qidzerker,arathor,1609,druid,restoration,143,74,69
Maplêleaf,moon-guard,1608,druid,restoration,426,224,202
Douwantoplay,tichondrius,1607,druid,restoration,60,32,28
Fhiziod,kelthuzad,1606,druid,restoration,74,44,30
Jathy,area-52,1606,druid,restoration,51,21,30
Laser,bonechewer,1605,druid,restoration,54,38,16
Kurrious,frostmourne,1605,druid,restoration,40,18,22
Uniquesia,tichondrius,1605,druid,restoration,47,19,28
Riiccflaiir,stormrage,1604,druid,restoration,108,59,49
Tigerpaw,eonar,1601,druid,restoration,95,41,54
Hehaw,kelthuzad,1600,druid,restoration,152,87,65
Manycyclones,zuluhed,1598,druid,restoration,60,32,28
Relbedo,sargeras,1597,druid,restoration,266,138,128
ßigfoot,darkspear,1596,druid,restoration,30,21,9
Kaleaky,thrall,1595,druid,restoration,99,53,46
Ghostmonkey,hakkar,1594,druid,restoration,47,19,28
Elven,frostmourne,1594,druid,restoration,54,20,34
Kznels,tichondrius,1592,druid,restoration,43,27,16
Lauramavra,azralon,1590,druid,restoration,346,186,160
Swiftydel,frostmourne,1589,druid,restoration,203,110,93
Terkpla,ragnaros,1589,druid,restoration,146,77,69
Imroot,tichondrius,1588,druid,restoration,54,32,22
Zrobloom,stormrage,1587,druid,restoration,99,38,61
Tippsyy,frostmane,1586,druid,restoration,214,101,113
Calmd,sargeras,1585,druid,restoration,30,21,9
Spikeleaf,tichondrius,1585,druid,restoration,33,18,15
Moonpaws,frostmourne,1584,druid,restoration,42,26,16
Dumberdruid,frostmourne,1584,druid,restoration,42,24,18
Hayase,tichondrius,1583,druid,restoration,57,35,22
Shinjis,tichondrius,1582,druid,restoration,108,51,57
Chutney,windrunner,1581,druid,restoration,46,21,25
Shapedance,sargeras,1578,druid,restoration,165,83,82
Zukrath,shadow-council,1578,druid,restoration,48,19,29
Icehulk,kelthuzad,1577,druid,restoration,61,27,34
Armorkits,area-52,1575,druid,restoration,33,17,16
Gonimydear,proudmoore,1575,druid,restoration,222,112,110
Opiumheals,sargeras,1574,druid,restoration,107,58,49
Ðruìd,gnomeregan,1574,druid,restoration,36,19,17
Møøncry,ragnaros,1571,druid,restoration,154,73,81
Nerfthedruid,blackrock,1570,druid,restoration,42,28,14
Fanboy,magtheridon,1570,druid,restoration,30,18,12
Gunnymad,tichondrius,1570,druid,restoration,53,31,22
Krevy,nazgrel,1568,druid,restoration,144,66,78
Duragx,bleeding-hollow,1567,druid,restoration,100,62,38
Manzar,illidan,1566,druid,restoration,42,22,20
Yavannita,quelthalas,1565,druid,restoration,122,67,55
Roachsan,tichondrius,1565,druid,restoration,133,71,62
Shìfty,emerald-dream,1565,druid,restoration,68,34,34
Oneinchclaw,malganis,1563,druid,restoration,272,146,126
Næturesbliss,barthilas,1562,druid,restoration,66,39,27
Zyzzema,frostmourne,1559,druid,restoration,174,82,92
Ojotasesina,ragnaros,1557,druid,restoration,48,22,26
Junjunxi,tichondrius,1555,druid,restoration,110,66,44
Veejae,stormreaver,1553,druid,restoration,58,23,35
Aberdare,tichondrius,1552,druid,restoration,147,82,65
Rowlex,moon-guard,1552,druid,restoration,60,33,27
Seamandeman,sargeras,1549,druid,restoration,132,72,60
Overthink,daggerspine,1549,druid,restoration,48,25,23
Ebyx,frostmourne,1548,druid,restoration,206,113,93
Druidnim,tichondrius,1546,druid,restoration,96,52,44
Druxe,zuljin,1546,druid,restoration,121,56,65
Leleoceo,azralon,1545,druid,restoration,36,21,15
Rasgabuxoh,azralon,1545,druid,restoration,41,21,20
Gizho,sargeras,1545,druid,restoration,46,22,24
Bedlam,zuljin,1544,druid,restoration,60,25,35
Moonyy,emerald-dream,1542,druid,restoration,42,20,22
Ojdidnt,bleeding-hollow,1541,druid,restoration,48,20,28
Varmint,bleeding-hollow,1539,druid,restoration,136,77,59
Bruitzya,barthilas,1537,druid,restoration,45,30,15
Dolwizz,tichondrius,1537,druid,restoration,422,214,208
Frydaze,tichondrius,1535,druid,restoration,54,26,28
Evokade,dalaran,1534,druid,restoration,42,28,14
Áçxpërt,jubeithos,1534,druid,restoration,60,34,26
Ppbtw,illidan,1534,druid,restoration,30,16,14
Foxwit,jubeithos,1534,druid,restoration,132,64,68
Jrën,tichondrius,1533,druid,restoration,24,16,8
Nikotser,dreadmaul,1531,druid,restoration,39,18,21
Utterhots,bleeding-hollow,1530,druid,restoration,174,98,76
Naturist,kelthuzad,1529,druid,restoration,131,55,76
Bridgerén,tichondrius,1529,druid,restoration,48,20,28
Ourse,frostmourne,1528,druid,restoration,35,23,12
Creamjr,tichondrius,1528,druid,restoration,30,16,14
Xhoz,tichondrius,1528,druid,restoration,351,187,164
Hdruid,tichondrius,1528,druid,restoration,211,110,101
Peakedinwod,sargeras,1527,druid,restoration,54,21,33
Spurzky,emerald-dream,1526,druid,restoration,46,26,20
Gypsysoul,barthilas,1526,druid,restoration,35,18,17
Magicrock,moon-guard,1525,druid,restoration,150,87,63
Meruemoo,tichondrius,1524,druid,restoration,420,211,209
Lolomas,proudmoore,1524,druid,restoration,54,26,28
Mortqt,tichondrius,1524,druid,restoration,96,44,52
Vinnydruid,tichondrius,1523,druid,restoration,55,24,31
Madowl,tichondrius,1522,druid,restoration,48,22,26
Catahmine,thrall,1521,druid,restoration,36,18,18
Unis,tichondrius,1521,druid,restoration,79,38,41
Baduret,dalaran,1519,druid,restoration,67,40,27
Knottywood,muradin,1519,druid,restoration,89,47,42
Pancitas,quelthalas,1519,druid,restoration,186,98,88
Busanmilk,tichondrius,1519,druid,restoration,78,41,37
Buffdisc,darkspear,1518,druid,restoration,18,16,2
Furrytorpedo,tichondrius,1518,druid,restoration,54,30,24
Bfaboomy,stormrage,1517,druid,restoration,30,16,14
Treesh,kelthuzad,1517,druid,restoration,56,21,35
Cndistance,tichondrius,1509,druid,restoration,89,45,44
Methyld,frostmourne,1508,druid,restoration,96,36,60
Cokernut,tichondrius,1507,druid,restoration,30,16,14
Zblmystic,tichondrius,1505,druid,restoration,88,47,41
Aristeus,kelthuzad,1504,druid,restoration,293,159,134
Cheeseface,bleeding-hollow,1504,druid,restoration,30,16,14
Silentbeer,frostmourne,1500,druid,restoration,357,181,176
Sombér,eitrigg,1497,druid,restoration,114,43,71
Qkdru,nemesis,1497,druid,restoration,54,17,37
Pëndulum,illidan,1496,druid,restoration,114,53,61
Anthracnose,zuljin,1496,druid,restoration,66,30,36
Mxlasthope,stormrage,1495,druid,restoration,47,26,21
Redo,zuluhed,1494,druid,restoration,57,30,27
Akeven,illidan,1491,druid,restoration,68,31,37
Opim,sargeras,1490,druid,restoration,48,19,29
Steeples,illidan,1489,druid,restoration,54,22,32
Rizzit,wyrmrest-accord,1486,druid,restoration,395,206,189
Lusam,korialstrasz,1485,druid,restoration,70,40,30
Greylyth,moon-guard,1485,druid,restoration,72,37,35
Rlzdruid,tichondrius,1485,druid,restoration,94,43,51
Rhorr,frostmourne,1484,druid,restoration,36,17,19
Clubroot,sargeras,1483,druid,restoration,78,38,40
Lilbigcow,gnomeregan,1482,druid,restoration,204,89,115
Iâmkyle,darkspear,1481,druid,restoration,30,19,11
Hotemz,dragonmaw,1481,druid,restoration,78,43,35
Faelonk,frostmourne,1481,druid,restoration,54,26,28
Stonemonkey,sargeras,1480,druid,restoration,85,38,47
Julx,nordrassil,1479,druid,restoration,42,29,13
Counsyl,silvermoon,1478,druid,restoration,30,18,12
Zxxzy,tichondrius,1477,druid,restoration,44,19,25
Zoeishyper,sargeras,1477,druid,restoration,47,18,29
Gizho,dark-iron,1476,druid,restoration,33,19,14
Berzz,frostmourne,1476,druid,restoration,259,127,132
Selling,moon-guard,1476,druid,restoration,60,27,33
Growl,jubeithos,1476,druid,restoration,48,19,29
Grimo,illidan,1474,druid,restoration,50,31,19
Sowo,sargeras,1474,druid,restoration,42,20,22
Lutein,tichondrius,1474,druid,restoration,77,31,46
Saego,draktharon,1472,druid,restoration,78,45,33
Cloneandbone,nerzhul,1471,druid,restoration,36,17,19
Staraborn,stormrage,1470,druid,restoration,543,286,257
Bobx,kelthuzad,1470,druid,restoration,82,35,47
Hashdxm,tichondrius,1469,druid,restoration,32,16,16
Redpigo,tichondrius,1469,druid,restoration,42,19,23
Percocetxo,malganis,1469,druid,restoration,72,27,45
Haymade,sargeras,1465,druid,restoration,100,49,51
Daltius,illidan,1465,druid,restoration,72,28,44
Toslick,kelthuzad,1464,druid,restoration,249,137,112
Purpleleaves,stormrage,1464,druid,restoration,297,146,151
Dkfm,thrall,1463,druid,restoration,623,315,308
Cakeinalake,bleeding-hollow,1462,druid,restoration,30,16,14
Tandrood,tichondrius,1462,druid,restoration,54,24,30
Goosebümps,stormrage,1462,druid,restoration,66,27,39
Dengdengya,illidan,1460,druid,restoration,30,20,10
Unpeelable,stormrage,1460,druid,restoration,24,16,8
Uniquexia,tichondrius,1460,druid,restoration,78,23,55
Gokki,zuljin,1459,druid,restoration,40,25,15
Tumultz,frostmourne,1459,druid,restoration,48,25,23
Elliar,akama,1459,druid,restoration,78,38,40
Léaf,velen,1457,druid,restoration,74,40,34
Carcitox,ragnaros,1456,druid,restoration,54,22,32
Fukwitmefamo,kelthuzad,1455,druid,restoration,64,36,28
Lothail,windrunner,1454,druid,restoration,30,19,11
Tickman,altar-of-storms,1454,druid,restoration,54,27,27
Shiftydon,borean-tundra,1453,druid,restoration,45,21,24
Hansman,illidan,1452,druid,restoration,48,29,19
Chaníng,frostmourne,1452,druid,restoration,36,18,18
Naturamuta,alleria,1448,druid,restoration,55,32,23
Barecow,tichondrius,1446,druid,restoration,134,70,64
Sanitaizr,arthas,1446,druid,restoration,66,29,37
Zaelos,proudmoore,1446,druid,restoration,114,50,64
Erogan,eitrigg,1445,druid,restoration,60,26,34
Rahaab,sargeras,1445,druid,restoration,74,31,43
Lorca,stormrage,1444,druid,restoration,72,45,27
Empcassi,wyrmrest-accord,1444,druid,restoration,149,85,64
Lunkz,tichondrius,1442,druid,restoration,421,217,204
Rikishi,executus,1441,druid,restoration,52,27,25
Bitsandbobs,tichondrius,1440,druid,restoration,131,54,77
Volktots,bleeding-hollow,1439,druid,restoration,114,61,53
Hotwolf,tichondrius,1438,druid,restoration,48,26,22
Jijunss,tichondrius,1437,druid,restoration,53,33,20
Twertx,tichondrius,1437,druid,restoration,139,60,79
Rougaroux,andorhal,1434,druid,restoration,168,75,93
Ddi,frostmourne,1433,druid,restoration,24,15,9
Calimei,bladefist,1433,druid,restoration,36,15,21
Jonnygg,illidan,1433,druid,restoration,36,15,21
Vuru,azralon,1432,druid,restoration,72,33,39
Edraen,zuljin,1431,druid,restoration,155,79,76
Cutely,tichondrius,1430,druid,restoration,183,91,92
Treelomilo,stormrage,1429,druid,restoration,91,52,39
Errane,eonar,1429,druid,restoration,201,110,91
Prevail,nazgrel,1429,druid,restoration,145,77,68
Vakimumu,anubarak,1429,druid,restoration,96,46,50
Dypx,tichondrius,1428,druid,restoration,214,103,111
Thornblade,stormrage,1427,druid,restoration,30,15,15
Strokingmyd,illidan,1427,druid,restoration,63,31,32
Spoogel,area-52,1426,druid,restoration,37,17,20
Nodab,tichondrius,1426,druid,restoration,36,15,21
Hyne,emerald-dream,1425,druid,restoration,114,62,52
Bruujz,moon-guard,1424,druid,restoration,54,33,21
Ulfaar,frostmourne,1423,druid,restoration,60,40,20
Blinxxy,bleeding-hollow,1423,druid,restoration,42,21,21
Nestaballo,illidan,1422,druid,restoration,136,74,62
Pÿe,bleeding-hollow,1422,druid,restoration,66,30,36
Anotherstar,frostmourne,1421,druid,restoration,228,114,114
Fastcat,moon-guard,1418,druid,restoration,76,30,46
Kinatsu,tichondrius,1417,druid,restoration,40,17,23
Çuradora,tichondrius,1416,druid,restoration,41,24,17
Kronik,jubeithos,1416,druid,restoration,165,72,93
Spuncone,frostmourne,1415,druid,restoration,48,25,23
Fryy,balnazzar,1414,druid,restoration,65,33,32
Komaner,frostmourne,1414,druid,restoration,48,21,27
Kaerrort,sargeras,1412,druid,restoration,26,15,11
Hibernate,illidan,1411,druid,restoration,30,15,15
Simina,kargath,1410,druid,restoration,70,35,35
Verkara,stormrage,1410,druid,restoration,94,42,52
Approx,tichondrius,1409,druid,restoration,145,68,77
Ozanji,wyrmrest-accord,1406,druid,restoration,30,17,13
Clarice,shattered-halls,1406,druid,restoration,108,51,57
Sharkhotzlol,frostmourne,1405,druid,restoration,60,21,39
Cenarius,frostmourne,1402,druid,restoration,60,29,31
Twentyfour,laughing-skull,1402,druid,restoration,72,30,42
Gôdôfwow,tichondrius,1402,druid,restoration,77,31,46
Ñazary,thrall,1401,druid,restoration,47,30,17
Classydruid,spinebreaker,1401,druid,restoration,333,166,167
Santiagowski,ragnaros,1400,druid,restoration,64,34,30
Boomfire,thaurissan,1399,druid,restoration,36,27,9
Wackyoff,malganis,1399,druid,restoration,30,21,9
Ursiiday,sargeras,1399,druid,restoration,90,32,58
Onblue,tichondrius,1398,druid,restoration,61,35,26
Gladelf,sargeras,1398,druid,restoration,318,162,156
Ÿozsh,azralon,1397,druid,restoration,88,50,38
Pouncing,sargeras,1397,druid,restoration,56,29,27
Lorern,eldrethalas,1397,druid,restoration,84,42,42
Bobobear,proudmoore,1397,druid,restoration,66,28,38
Cyclone,mugthol,1396,druid,restoration,24,19,5
Horymory,darkspear,1396,druid,restoration,246,126,120
Tigd,alleria,1396,druid,restoration,30,15,15
Bigrich,malorne,1394,druid,restoration,54,28,26
Shirô,bleeding-hollow,1394,druid,restoration,139,70,69
Murkeÿ,frostmourne,1391,druid,restoration,24,15,9
Ophiophagus,nemesis,1391,druid,restoration,36,22,14
Arkenix,velen,1391,druid,restoration,60,28,32
Jimjab,stormreaver,1390,druid,restoration,78,46,32
Donnà,tichondrius,1390,druid,restoration,63,33,30
Milksupply,area-52,1390,druid,restoration,29,15,14
Meepø,mugthol,1390,druid,restoration,121,62,59
Eviltwín,frostmourne,1390,druid,restoration,63,32,31
Weedmunchies,kelthuzad,1388,druid,restoration,60,27,33
Lexut,ragnaros,1388,druid,restoration,36,16,20
Acexten,tichondrius,1387,druid,restoration,54,32,22
Drchronic,boulderfist,1387,druid,restoration,59,32,27
Taufik,azralon,1387,druid,restoration,54,24,30
Slev,frostmourne,1386,druid,restoration,48,24,24
Fatherbanger,blackrock,1385,druid,restoration,60,30,30
Pumma,darkspear,1385,druid,restoration,34,17,17
Kroshape,stormrage,1385,druid,restoration,49,22,27
Cinderellax,illidan,1384,druid,restoration,42,25,17
Darimmx,mannoroth,1384,druid,restoration,134,68,66
Nanniel,tichondrius,1383,druid,restoration,60,27,33
Mkat,illidan,1383,druid,restoration,48,19,29
Haful,emerald-dream,1382,druid,restoration,45,23,22
Icastsmells,tichondrius,1381,druid,restoration,57,36,21
Sheeyts,tichondrius,1381,druid,restoration,31,16,15
Bobochi,tichondrius,1381,druid,restoration,42,21,21
Mudpi,illidan,1377,druid,restoration,77,39,38
Shifftycent,trollbane,1376,druid,restoration,84,42,42
Lostnsauce,tichondrius,1375,druid,restoration,72,30,42
Nasue,ragnaros,1375,druid,restoration,84,32,52
Maaui,sargeras,1374,druid,restoration,48,24,24
Mcy,nerzhul,1374,druid,restoration,37,16,21
Kymopexy,sargeras,1371,druid,restoration,47,17,30
Brandonxerox,tichondrius,1370,druid,restoration,51,25,26
Eraticdruid,illidan,1370,druid,restoration,66,27,39
Azshunara,moon-guard,1369,druid,restoration,84,43,41
Biggucci,stonemaul,1366,druid,restoration,48,25,23
Farmageddon,thunderhorn,1365,druid,restoration,58,33,25
Kupos,lightbringer,1364,druid,restoration,75,37,38
Poutyface,sargeras,1364,druid,restoration,152,67,85
Treynî,tichondrius,1363,druid,restoration,36,18,18
Rawrl,illidan,1363,druid,restoration,36,16,20
Spicyx,moon-guard,1362,druid,restoration,30,15,15
Daku,moknathal,1362,druid,restoration,64,31,33
Vallk,area-52,1362,druid,restoration,46,15,31
Twistay,tichondrius,1361,druid,restoration,40,25,15
Sorrinn,tichondrius,1361,druid,restoration,36,17,19
Naseebo,frostmourne,1361,druid,restoration,79,34,45
Skêet,tichondrius,1359,druid,restoration,61,34,27
Bloodshadez,tichondrius,1358,druid,restoration,38,20,18
Thõrr,tichondrius,1357,druid,restoration,99,49,50
Mandingodam,auchindoun,1357,druid,restoration,78,36,42
Starmist,malganis,1356,druid,restoration,36,18,18
Kergai,emerald-dream,1355,druid,restoration,102,53,49
Wythrim,quelthalas,1354,druid,restoration,36,19,17
Muatigorn,blackrock,1354,druid,restoration,50,25,25
Duckyy,garithos,1354,druid,restoration,60,24,36
Veganaa,azralon,1353,druid,restoration,55,32,23
Madsewerslvt,stormrage,1352,druid,restoration,227,116,111
Dummedruid,illidan,1351,druid,restoration,66,25,41
Oobuck,kilrogg,1350,druid,restoration,123,63,60
Kevarcen,dalaran,1350,druid,restoration,161,79,82
Jessbearly,kiljaeden,1349,druid,restoration,48,24,24
Heniuhojia,tichondrius,1348,druid,restoration,24,15,9
Benjixx,proudmoore,1348,druid,restoration,108,51,57
Malfurionis,tichondrius,1347,druid,restoration,42,17,25
Branu,hyjal,1347,druid,restoration,42,15,27
Corkybucek,frostmourne,1346,druid,restoration,56,32,24
Izzabelle,deathwing,1344,druid,restoration,31,17,14
Joya,stormrage,1344,druid,restoration,45,24,21
Phåtkid,darkspear,1344,druid,restoration,66,34,32
Amanthw,tichondrius,1344,druid,restoration,77,34,43
Delody,tichondrius,1343,druid,restoration,38,23,15
Puzzlebox,illidan,1343,druid,restoration,24,14,10
Kimnim,tichondrius,1343,druid,restoration,108,57,51
Penumbria,proudmoore,1341,druid,restoration,83,26,57
Sinapticc,proudmoore,1340,druid,restoration,54,34,20
Cantmeldthis,zuljin,1340,druid,restoration,30,14,16
Bearthisnut,bonechewer,1340,druid,restoration,36,15,21
Bleedhoof,frostmourne,1340,druid,restoration,48,19,29
Darksteak,tichondrius,1339,druid,restoration,226,120,106
Redness,daggerspine,1339,druid,restoration,37,19,18
Lazza,blackhand,1339,druid,restoration,34,17,17
Cuddles,moon-guard,1339,druid,restoration,173,84,89
Groschats,area-52,1339,druid,restoration,42,14,28
Ripberg,chogall,1338,druid,restoration,30,14,16
Cznfik,area-52,1338,druid,restoration,78,32,46
Doglightning,illidan,1336,druid,restoration,25,15,10
Momorabbitd,tichondrius,1336,druid,restoration,36,14,22
Vecuronium,tichondrius,1335,druid,restoration,30,14,16
Cshafty,illidan,1332,druid,restoration,89,49,40
Tofumation,gorgonnash,1332,druid,restoration,49,25,24
Anchunlol,tichondrius,1332,druid,restoration,36,18,18
Awkwarder,emerald-dream,1330,druid,restoration,31,16,15
Kritscawk,sargeras,1329,druid,restoration,60,33,27
Shallowcat,tichondrius,1329,druid,restoration,105,49,56
Rígo,frostmourne,1328,druid,restoration,39,21,18
Feralscar,elune,1327,druid,restoration,30,14,16
Hynz,barthilas,1327,druid,restoration,36,15,21
Tallenzz,lightninghoof,1326,druid,restoration,132,73,59
Reyvin,illidan,1326,druid,restoration,97,42,55
Dokasaurus,lightbringer,1325,druid,restoration,36,17,19
Blizted,tichondrius,1325,druid,restoration,30,14,16
Dgdruid,tichondrius,1323,druid,restoration,66,34,32
Mask,gundrak,1322,druid,restoration,24,15,9
Tyler,emerald-dream,1322,druid,restoration,84,28,56
Hippystick,tichondrius,1321,druid,restoration,52,24,28
Káát,moon-guard,1321,druid,restoration,75,33,42
Socktad,illidan,1321,druid,restoration,48,14,34
Puntcounder,sargeras,1320,druid,restoration,40,21,19
Nxghtfall,tichondrius,1319,druid,restoration,122,65,57
Carlo,blackrock,1319,druid,restoration,115,61,54
Whispurrz,tichondrius,1319,druid,restoration,452,233,219
Undaunted,bloodhoof,1319,druid,restoration,30,14,16
Youngteezy,barthilas,1319,druid,restoration,142,53,89
Menace,rexxar,1317,druid,restoration,69,41,28
Okiesmokied,tichondrius,1317,druid,restoration,42,20,22
Veganz,moon-guard,1315,druid,restoration,254,130,124
Iloveweed,tichondrius,1315,druid,restoration,30,14,16
Zelyvia,moon-guard,1313,druid,restoration,24,14,10
Freehealjob,lightnings-blade,1313,druid,restoration,30,14,16
Kzinti,zuluhed,1312,druid,restoration,30,14,16
Bodyluvlee,zuljin,1311,druid,restoration,125,66,59
Drudax,kelthuzad,1311,druid,restoration,42,21,21
Petmydeadcow,illidan,1311,druid,restoration,163,80,83
Trippyheals,korgath,1310,druid,restoration,45,24,21
Silit,tichondrius,1307,druid,restoration,129,65,64
Gruulnir,antonidas,1307,druid,restoration,48,19,29
Bcktobasics,emerald-dream,1307,druid,restoration,36,14,22
Ghirox,stormrage,1306,druid,restoration,54,26,28
Noctorius,ragnaros,1306,druid,restoration,36,14,22
Minokawa,kargath,1305,druid,restoration,50,26,24
Gaawdx,illidan,1303,druid,restoration,54,25,29
Renlion,malganis,1303,druid,restoration,53,17,36
Bukbukboom,thunderlord,1302,druid,restoration,53,22,31
Alteraim,thrall,1302,druid,restoration,59,23,36
Bigherbo,zuljin,1300,druid,restoration,199,104,95
Needabandaid,arthas,1300,druid,restoration,54,26,28
Shroomdealer,kelthuzad,1300,druid,restoration,42,17,25
Skymund,tichondrius,1299,druid,restoration,62,34,28
Yoshí,emerald-dream,1299,druid,restoration,51,22,29
Willowwind,bonechewer,1299,druid,restoration,48,16,32
Nytecrawler,bonechewer,1298,druid,restoration,36,23,13
Kittyboiz,illidan,1298,druid,restoration,72,37,35
Lahsa,tichondrius,1298,druid,restoration,91,46,45
Caustìk,malganis,1297,druid,restoration,76,41,35
Haohomie,tichondrius,1297,druid,restoration,59,31,28
Rooroo,ragnaros,1296,druid,restoration,28,15,13
Kuwä,proudmoore,1296,druid,restoration,303,150,153
Girthture,tichondrius,1296,druid,restoration,154,73,81
Pronewb,frostmourne,1295,druid,restoration,24,18,6
Entydruid,khazgoroth,1295,druid,restoration,34,19,15
Plagiarist,stormrage,1295,druid,restoration,44,20,24
Ohhshiift,tichondrius,1295,druid,restoration,33,14,19
Diglit,malganis,1295,druid,restoration,76,32,44
Sarojna,malganis,1294,druid,restoration,21,16,5
Tarzzan,drakkari,1294,druid,restoration,48,33,15
Dankmids,hyjal,1294,druid,restoration,30,19,11
Simperella,dalaran,1294,druid,restoration,36,15,21
Vondutch,tichondrius,1294,druid,restoration,84,32,52
Bovindickus,tichondrius,1293,druid,restoration,114,53,61
Catatonik,emerald-dream,1293,druid,restoration,42,18,24
Baerin,bleeding-hollow,1292,druid,restoration,47,29,18
Romcom,demon-soul,1292,druid,restoration,60,35,25
Pherakik,lightnings-blade,1292,druid,restoration,114,61,53
Jungleakso,tichondrius,1291,druid,restoration,42,18,24
Haneulso,tichondrius,1290,druid,restoration,55,30,25
Sloptoucher,barthilas,1289,druid,restoration,35,17,18
Flexxfurion,thrall,1288,druid,restoration,48,24,24
Kismet,andorhal,1287,druid,restoration,24,14,10
Raghid,kelthuzad,1287,druid,restoration,60,32,28
Lighthoof,mannoroth,1285,druid,restoration,42,22,20
Airmíd,illidan,1285,druid,restoration,102,40,62
Apoxi,arygos,1284,druid,restoration,42,24,18
Bosscjp,tichondrius,1282,druid,restoration,93,47,46
Eliaris,rivendare,1282,druid,restoration,30,15,15
Ravendar,moon-guard,1282,druid,restoration,89,39,50
Turftiger,stormrage,1281,druid,restoration,48,23,25
Däll,tichondrius,1280,druid,restoration,48,20,28
Chyx,stormreaver,1280,druid,restoration,56,23,33
Nogàrd,arygos,1279,druid,restoration,23,14,9
Birdie,dalvengyr,1279,druid,restoration,37,20,17
Breezeys,tichondrius,1279,druid,restoration,47,21,26
Dunedaddy,silvermoon,1278,druid,restoration,93,47,46
Zambyr,azralon,1278,druid,restoration,66,28,38
Elendriss,quelthalas,1277,druid,restoration,85,42,43
Odcerberus,azralon,1275,druid,restoration,42,21,21
Slév,frostmourne,1275,druid,restoration,53,26,27
Chowyunfats,proudmoore,1274,druid,restoration,419,216,203
Jabawockdeez,area-52,1273,druid,restoration,83,51,32
Feraldudu,illidan,1273,druid,restoration,169,84,85
Suye,tichondrius,1273,druid,restoration,72,35,37
Juuru,stormreaver,1272,druid,restoration,36,27,9
Tenhoteta,goldrinn,1272,druid,restoration,48,22,26
Jruids,stormrage,1272,druid,restoration,54,23,31
Hellahots,spinebreaker,1271,druid,restoration,29,18,11
Drazibaz,thrall,1271,druid,restoration,42,24,18
Bandruid,tichondrius,1271,druid,restoration,28,14,14
Sxlanderx,malganis,1271,druid,restoration,118,58,60
Longisland,quelthalas,1271,druid,restoration,114,56,58
Lopper,hyjal,1269,druid,restoration,36,20,16
Tuskdaddie,sargeras,1268,druid,restoration,48,29,19
Ephemere,emerald-dream,1268,druid,restoration,40,20,20
Judar,barthilas,1268,druid,restoration,30,14,16
Lynncheeks,spirestone,1267,druid,restoration,77,44,33
Carlosd,tichondrius,1267,druid,restoration,72,41,31
Beefyhealz,emerald-dream,1267,druid,restoration,127,71,56
Figsurine,sargeras,1266,druid,restoration,48,26,22
Aaughh,sargeras,1266,druid,restoration,94,43,51
Adaralia,tichondrius,1265,druid,restoration,70,28,42
Cleptoresto,dalaran,1265,druid,restoration,46,16,30
Amandi,magtheridon,1264,druid,restoration,72,35,37
Iambeefy,hyjal,1263,druid,restoration,233,116,117
Elgatomarica,ragnaros,1262,druid,restoration,65,35,30
Foxbear,garona,1260,druid,restoration,89,55,34
Asaphelps,stormrage,1260,druid,restoration,28,14,14
Ceejaé,tichondrius,1259,druid,restoration,70,36,34
Junglefists,frostmourne,1259,druid,restoration,197,98,99
Vexcey,sargeras,1258,druid,restoration,29,16,13
Boomchí,tichondrius,1258,druid,restoration,36,15,21
Lindi,kelthuzad,1257,druid,restoration,78,42,36
Travys,sargeras,1256,druid,restoration,48,23,25
Crackheads,tichondrius,1255,druid,restoration,91,45,46
Vernaar,laughing-skull,1254,druid,restoration,25,14,11
Greenvibes,drakkari,1254,druid,restoration,219,109,110
Healingcute,tichondrius,1254,druid,restoration,187,93,94
Skotty,hyjal,1253,druid,restoration,66,30,36
Rockmeifucan,greymane,1253,druid,restoration,78,33,45
Katherine,moon-guard,1251,druid,restoration,132,62,70
Yakuho,proudmoore,1250,druid,restoration,32,20,12
Jacknit,illidan,1250,druid,restoration,28,15,13
Velauris,sargeras,1250,druid,restoration,69,32,37
Skitzo,akama,1248,druid,restoration,18,13,5
Panorämix,nemesis,1248,druid,restoration,36,22,14
Saelyle,illidan,1248,druid,restoration,53,28,25
Joopsy,tichondrius,1248,druid,restoration,316,161,155
Rwi,tichondrius,1248,druid,restoration,140,63,77
Nogardfan,tichondrius,1247,druid,restoration,24,13,11
Ninzor,tichondrius,1247,druid,restoration,30,13,17
Cøkelol,zuljin,1246,druid,restoration,52,29,23
Jonoa,nagrand,1246,druid,restoration,51,23,28
Sodury,tichondrius,1244,druid,restoration,226,127,99
Jnzid,area-52,1244,druid,restoration,29,13,16
Hgoo,tichondrius,1244,druid,restoration,30,13,17
Bunrack,nerzhul,1243,druid,restoration,57,30,27
Wp,proudmoore,1243,druid,restoration,92,47,45
Morphios,barthilas,1243,druid,restoration,100,47,53
Krözjk,quelthalas,1243,druid,restoration,63,29,34
Perilous,malygos,1242,druid,restoration,24,13,11
Valeñtine,dalaran,1241,druid,restoration,110,57,53
Kasannaommi,sargeras,1241,druid,restoration,96,49,47
Astralyte,kiljaeden,1240,druid,restoration,48,28,20
Joink,sargeras,1240,druid,restoration,42,21,21
Speaks,moon-guard,1240,druid,restoration,137,65,72
Sneakysoren,kelthuzad,1240,druid,restoration,53,24,29
Kendoboos,moon-guard,1240,druid,restoration,72,32,40
Cuccii,sargeras,1240,druid,restoration,30,13,17
Kustumsdog,tichondrius,1239,druid,restoration,24,13,11
Bluwhale,tichondrius,1239,druid,restoration,30,13,17
Feldstarx,stormrage,1238,druid,restoration,24,13,11
Larc,frostwolf,1238,druid,restoration,76,39,37
Magzally,stormrage,1238,druid,restoration,30,13,17
Tardcakes,tichondrius,1238,druid,restoration,116,50,66
Pollished,kelthuzad,1237,druid,restoration,115,63,52
Kyndel,kiljaeden,1237,druid,restoration,44,22,22
Amatxu,ragnaros,1237,druid,restoration,129,64,65
Nanate,sargeras,1237,druid,restoration,65,32,33
Etaurne,drakkari,1236,druid,restoration,24,13,11
Glenglooie,tichondrius,1235,druid,restoration,73,29,44
Erykk,dalaran,1234,druid,restoration,24,14,10
Lissette,thrall,1234,druid,restoration,24,13,11
Feutrine,zuljin,1234,druid,restoration,63,30,33
Dolanaar,stormrage,1233,druid,restoration,185,95,90
Svarne,kiljaeden,1232,druid,restoration,59,29,30
Controlyolo,stormrage,1232,druid,restoration,115,51,64
Twigleg,eonar,1232,druid,restoration,60,20,40
Catterpiller,daggerspine,1231,druid,restoration,18,13,5
Isiliar,nerzhul,1231,druid,restoration,71,36,35
Shekelsnätch,area-52,1231,druid,restoration,42,21,21
Yaato,illidan,1231,druid,restoration,108,51,57
Groõt,barthilas,1231,druid,restoration,189,87,102
Delicioso,wyrmrest-accord,1230,druid,restoration,121,71,50
Mhdd,tichondrius,1230,druid,restoration,54,25,29
Kerrzo,frostmourne,1230,druid,restoration,48,22,26
Galadrielcn,tichondrius,1230,druid,restoration,66,26,40
Jentzull,tichondrius,1228,druid,restoration,18,13,5
Fioryxd,bleeding-hollow,1228,druid,restoration,62,29,33
Earwën,ragnaros,1228,druid,restoration,72,32,40
Bhagwan,area-52,1227,druid,restoration,48,18,30
Imakitty,aerie-peak,1226,druid,restoration,121,62,59
Afonso,frostmourne,1226,druid,restoration,62,30,32
Carneluna,area-52,1226,druid,restoration,66,31,35
Druidlstrudl,moon-guard,1226,druid,restoration,87,34,53
Xay,runetotem,1225,druid,restoration,36,20,16
Wildwhisper,moon-guard,1225,druid,restoration,96,50,46
Tìssuebox,malganis,1225,druid,restoration,81,36,45
Smilax,eonar,1225,druid,restoration,98,42,56
Bumî,zuljin,1223,druid,restoration,30,13,17
Wizdùm,frostmourne,1223,druid,restoration,37,13,24
Yellowstone,drakthul,1222,druid,restoration,42,23,19
Purrfact,frostmourne,1222,druid,restoration,30,13,17
Torofarmeon,quelthalas,1221,druid,restoration,57,32,25
Anothersalad,stormrage,1221,druid,restoration,66,32,34
Elvishchamp,mugthol,1221,druid,restoration,47,19,28
Hotkage,tichondrius,1220,druid,restoration,54,27,27
Druidkingdk,stormrage,1218,druid,restoration,29,18,11
Ännä,moon-guard,1217,druid,restoration,30,13,17
Lünaä,quelthalas,1216,druid,restoration,83,49,34
Jimmycooks,tichondrius,1216,druid,restoration,24,14,10
Beladrexx,stormrage,1216,druid,restoration,66,27,39
Nahualis,tichondrius,1216,druid,restoration,42,15,27
Kipsi,frostmourne,1215,druid,restoration,23,18,5
Malice,undermine,1215,druid,restoration,54,24,30
Layala,sargeras,1214,druid,restoration,102,51,51
Greemer,sargeras,1213,druid,restoration,39,18,21
Clawriander,barthilas,1212,druid,restoration,162,82,80
Bunnyes,tichondrius,1212,druid,restoration,59,29,30
Ananan,burning-blade,1212,druid,restoration,155,73,82
Gryel,area-52,1211,druid,restoration,235,122,113
Nohkotana,illidan,1211,druid,restoration,52,26,26
Dalrei,jubeithos,1211,druid,restoration,30,13,17
Tworax,frostmourne,1210,druid,restoration,36,14,22
Gossìpgoat,frostmourne,1209,druid,restoration,86,42,44
Pyrogenics,whisperwind,1209,druid,restoration,42,20,22
Trolbearpig,malganis,1208,druid,restoration,24,13,11
Hpcorrection,bleeding-hollow,1208,druid,restoration,48,23,25
Beleraine,moon-guard,1208,druid,restoration,40,17,23
Zoeyx,tichondrius,1207,druid,restoration,61,36,25
Prudence,azralon,1205,druid,restoration,54,28,26
Feykurds,sargeras,1205,druid,restoration,60,21,39
Bearuffinz,malganis,1204,druid,restoration,100,48,52
Astrosapien,moon-guard,1203,druid,restoration,72,35,37
Blürry,area-52,1203,druid,restoration,42,13,29
Meôwmix,stormrage,1202,druid,restoration,24,13,11
Bearlielegal,stormrage,1202,druid,restoration,48,24,24
Imrac,boulderfist,1202,druid,restoration,48,17,31
Driftwood,bonechewer,1201,druid,restoration,64,27,37
Torilisather,ragnaros,1201,druid,restoration,60,18,42
Razakka,stormrage,1201,druid,restoration,47,13,34
Bikacat,kelthuzad,1200,druid,restoration,24,13,11
Mf,stormscale,1200,druid,restoration,52,25,27
Seizuressld,stormrage,1198,druid,restoration,106,57,49
Dankcentral,frostwolf,1198,druid,restoration,112,60,52
Dimzim,lightbringer,1198,druid,restoration,66,31,35
Concordya,tichondrius,1197,druid,restoration,78,40,38
Feanah,tichondrius,1197,druid,restoration,32,14,18
Yourka,uther,1195,druid,restoration,80,46,34
Nugren,thrall,1195,druid,restoration,50,22,28
Ruskii,executus,1193,druid,restoration,54,23,31
Sweetcorn,malganis,1192,druid,restoration,40,16,24
Erû,ragnaros,1191,druid,restoration,28,15,13
Cheddastov,illidan,1189,druid,restoration,27,14,13
Thericebags,illidan,1189,druid,restoration,309,152,157
Kastro,frostwolf,1188,druid,restoration,228,119,109
Knowgo,tichondrius,1188,druid,restoration,54,28,26
Kaylabooz,tichondrius,1188,druid,restoration,30,15,15
Benngotit,magtheridon,1187,druid,restoration,33,13,20
Ihideuseek,bloodscalp,1187,druid,restoration,54,17,37
Quan,illidan,1186,druid,restoration,72,36,36
Alewild,quelthalas,1185,druid,restoration,54,26,28
Ragotø,azralon,1185,druid,restoration,103,45,58
Dainehoof,area-52,1185,druid,restoration,66,28,38
Muukair,ragnaros,1184,druid,restoration,77,37,40
Defku,quelthalas,1184,druid,restoration,72,32,40
Pawpurrazzi,moon-guard,1183,druid,restoration,17,13,4
Smhyle,frostmourne,1183,druid,restoration,61,33,28
Irushbots,tichondrius,1183,druid,restoration,36,15,21
Hadoriss,kelthuzad,1183,druid,restoration,54,21,33
Frames,area-52,1181,druid,restoration,246,122,124
Gorillagloo,area-52,1181,druid,restoration,109,51,58
Worgbearpig,destromath,1180,druid,restoration,32,14,18
Mcriblet,illidan,1177,druid,restoration,64,30,34
Drexsabex,tichondrius,1176,druid,restoration,42,25,17
Santicow,ragnaros,1176,druid,restoration,26,14,12
Asclepïus,tichondrius,1175,druid,restoration,29,14,15
Proness,garithos,1175,druid,restoration,53,20,33
Filthyclaws,stormrage,1174,druid,restoration,76,26,50
Deximus,wyrmrest-accord,1173,druid,restoration,24,13,11
Alastras,tichondrius,1173,druid,restoration,36,18,18
Hruke,illidan,1173,druid,restoration,42,17,25
Kybecruz,stormrage,1172,druid,restoration,168,75,93
Schlotzsky,skullcrusher,1171,druid,restoration,69,37,32
Psycloned,magtheridon,1171,druid,restoration,34,13,21
Curze,maiev,1170,druid,restoration,42,18,24
Dchizzle,tichondrius,1169,druid,restoration,51,24,27
Kiraval,stormrage,1167,druid,restoration,90,42,48
Chixao,tichondrius,1166,druid,restoration,23,13,10
Aramá,drakkari,1166,druid,restoration,43,21,22
Dergmoo,moon-guard,1166,druid,restoration,66,27,39
Fortnitburgr,tichondrius,1165,druid,restoration,24,13,11
Matpd,norgannon,1165,druid,restoration,124,61,63
Catlypso,tichondrius,1164,druid,restoration,102,60,42
Kitiano,thunderlord,1164,druid,restoration,76,31,45
Yanga,malfurion,1163,druid,restoration,48,27,21
Aterra,ragnaros,1163,druid,restoration,168,80,88
Deamondruidz,kaelthas,1163,druid,restoration,101,40,61
Beecammy,frostmourne,1162,druid,restoration,66,37,29
Höneyfang,moon-guard,1161,druid,restoration,101,56,45
Cocomint,wyrmrest-accord,1161,druid,restoration,33,16,17
Müfasä,azralon,1160,druid,restoration,66,33,33
Sarangzzang,tichondrius,1159,druid,restoration,37,22,15
Pachacamac,dragonmaw,1159,druid,restoration,36,21,15
Bäñgarang,tichondrius,1159,druid,restoration,78,41,37
Lenori,vashj,1159,druid,restoration,48,24,24
Fermata,aegwynn,1158,druid,restoration,56,30,26
Crunchyleafs,thrall,1157,druid,restoration,29,21,8
Sharialawl,stormreaver,1154,druid,restoration,30,13,17
Lawlz,aegwynn,1152,druid,restoration,161,91,70
Pekingcuckoo,illidan,1152,druid,restoration,24,12,12
Feroce,executus,1152,druid,restoration,24,12,12
Hoedrufroza,tichondrius,1152,druid,restoration,24,12,12
Doah,kelthuzad,1152,druid,restoration,24,12,12
Rekelberg,sargeras,1151,druid,restoration,18,12,6
Clydruid,blackrock,1151,druid,restoration,18,12,6
Gentlesoapp,blackrock,1151,druid,restoration,54,30,24
Antinous,tichondrius,1151,druid,restoration,156,80,76
Adarindre,aerie-peak,1151,druid,restoration,132,64,68
Sangsan,tichondrius,1151,druid,restoration,137,58,79
Blackmoomba,kiljaeden,1150,druid,restoration,16,13,3
Tiggor,ghostlands,1150,druid,restoration,18,12,6
Iheartpvp,tichondrius,1150,druid,restoration,63,30,33
Shanê,proudmoore,1150,druid,restoration,85,36,49
Panacaea,windrunner,1149,druid,restoration,54,29,25
Javoh,drakkari,1149,druid,restoration,43,23,20
Kvacco,kiljaeden,1149,druid,restoration,30,14,16
Mommymilkers,jubeithos,1149,druid,restoration,54,14,40
Æpex,lightnings-blade,1148,druid,restoration,36,19,17
Cipozento,azralon,1148,druid,restoration,115,56,59
Patada,sargeras,1148,druid,restoration,30,12,18
Dampchamp,illidan,1148,druid,restoration,36,12,24
Idoldeoz,quelthalas,1147,druid,restoration,36,18,18
Kassyx,illidan,1147,druid,restoration,36,12,24
Waxedchest,emerald-dream,1146,druid,restoration,24,12,12
Brotø,nemesis,1146,druid,restoration,116,56,60
Mainera,sargeras,1146,druid,restoration,32,15,17
Fatshift,chogall,1145,druid,restoration,122,62,60
Sêxcavator,thrall,1145,druid,restoration,24,12,12
Skibbidy,boulderfist,1145,druid,restoration,33,14,19
Hugharection,illidan,1144,druid,restoration,18,12,6
Lewïs,stormrage,1143,druid,restoration,150,81,69
Restorass,tichondrius,1143,druid,restoration,54,23,31
Volgoro,thrall,1142,druid,restoration,102,49,53
Ulfaren,frostmourne,1141,druid,restoration,54,27,27
Älef,ragnaros,1140,druid,restoration,60,26,34
Tyrs,aggramar,1140,druid,restoration,35,15,20
Alphalemon,ragnaros,1139,druid,restoration,69,33,36
Pawsh,tichondrius,1138,druid,restoration,18,12,6
Wildbite,tichondrius,1138,druid,restoration,20,13,7
Sinseir,stormscale,1138,druid,restoration,123,54,69
Crapster,boulderfist,1137,druid,restoration,24,12,12
Cear,proudmoore,1137,druid,restoration,45,16,29
Miyeonly,dalaran,1137,druid,restoration,36,12,24
Chocotoqtt,azralon,1136,druid,restoration,30,12,18
Tîgerlily,proudmoore,1136,druid,restoration,74,24,50
Tyrantha,emerald-dream,1135,druid,restoration,85,40,45
Glenkair,lightnings-blade,1134,druid,restoration,36,17,19
Kagoz,darkspear,1134,druid,restoration,30,12,18
Uttress,kalecgos,1132,druid,restoration,30,14,16
Onlypaws,azjolnerub,1132,druid,restoration,42,17,25
Duedad,gurubashi,1131,druid,restoration,104,57,47
Omelet,tichondrius,1131,druid,restoration,24,12,12
Quarantinia,arathor,1130,druid,restoration,103,59,44
Louisvuittón,area-52,1130,druid,restoration,24,13,11
Ayadel,moon-guard,1130,druid,restoration,160,77,83
Lizzelune,drakkari,1130,druid,restoration,130,61,69
Mithaelar,moon-guard,1130,druid,restoration,36,13,23
Vlayn,ragnaros,1129,druid,restoration,29,12,17
Ctarla,tichondrius,1128,druid,restoration,24,12,12
Guislstwo,azralon,1128,druid,restoration,88,38,50
Tensuen,boulderfist,1128,druid,restoration,51,21,30
Duxz,tichondrius,1127,druid,restoration,23,13,10
Ateoate,stormscale,1127,druid,restoration,51,24,27
Soxyeon,tichondrius,1127,druid,restoration,53,23,30
Sneakydikns,tichondrius,1127,druid,restoration,36,12,24
Bussincheeks,tichondrius,1124,druid,restoration,24,14,10
Yorch,stormrage,1124,druid,restoration,90,46,44
Meonk,frostmourne,1124,druid,restoration,57,27,30
Bubbashift,garona,1124,druid,restoration,60,25,35
Delícíous,darkspear,1123,druid,restoration,55,24,31
Buffalobillz,lethon,1122,druid,restoration,76,45,31
Würzel,nemesis,1122,druid,restoration,93,45,48
Julyto,ragnaros,1120,druid,restoration,24,12,12
Edbtw,azralon,1118,druid,restoration,140,65,75
Ahlekleklekk,azralon,1117,druid,restoration,29,18,11
Aokseer,azralon,1117,druid,restoration,52,31,21
Fergsy,frostmourne,1117,druid,restoration,88,40,48
Itzreallyhim,kiljaeden,1117,druid,restoration,45,20,25
Kandyshop,gorefiend,1116,druid,restoration,30,22,8
Kittne,hellscream,1116,druid,restoration,60,32,28
Traplordbill,sargeras,1116,druid,restoration,30,14,16
Zhinger,tichondrius,1116,druid,restoration,33,14,19
Feralgodx,sargeras,1114,druid,restoration,23,12,11
Badferal,blackhand,1113,druid,restoration,55,25,30
Queiq,malganis,1112,druid,restoration,18,12,6
Blitzÿ,lothar,1111,druid,restoration,33,19,14
Jethelium,illidan,1111,druid,restoration,216,118,98
Burdup,tichondrius,1110,druid,restoration,101,53,48
Whìtewölf,emerald-dream,1110,druid,restoration,30,12,18
Kuaite,azralon,1110,druid,restoration,72,25,47
Jeppcat,tichondrius,1110,druid,restoration,38,13,25
Goodhealer,akama,1109,druid,restoration,84,50,34
Löthnälar,ragnaros,1109,druid,restoration,48,24,24
Tricknicgg,illidan,1108,druid,restoration,41,15,26
Terokky,azralon,1107,druid,restoration,24,12,12
Chocoo,thaurissan,1106,druid,restoration,26,13,13
Elylaylalar,moon-guard,1106,druid,restoration,80,35,45
Maddoxi,stormrage,1106,druid,restoration,30,12,18
Apox,zuljin,1105,druid,restoration,34,13,21
Furfu,illidan,1104,druid,restoration,74,33,41
Feaveldin,moon-guard,1102,druid,restoration,24,12,12
Vantorsydmel,proudmoore,1102,druid,restoration,76,37,39
Tuurban,stormrage,1102,druid,restoration,35,14,21
Thicclesbean,tichondrius,1100,druid,restoration,136,67,69
Carekoala,wyrmrest-accord,1098,druid,restoration,59,30,29
Idracnine,sargeras,1098,druid,restoration,26,13,13
Ishiftalot,bleeding-hollow,1097,druid,restoration,52,33,19
Cannabull,echo-isles,1097,druid,restoration,33,17,16
Dobidas,tichondrius,1097,druid,restoration,131,66,65
Naturemagic,malganis,1096,druid,restoration,63,32,31
Sassyfeline,tichondrius,1096,druid,restoration,42,12,30
Battiatus,malganis,1093,druid,restoration,42,19,23
Seremap,frostmourne,1092,druid,restoration,110,62,48
Jimooin,tichondrius,1092,druid,restoration,42,19,23
Vivinara,moon-guard,1092,druid,restoration,68,17,51
Katdog,warsong,1091,druid,restoration,43,27,16
Barugaf,drakkari,1090,druid,restoration,49,28,21
Macdonah,tichondrius,1090,druid,restoration,78,43,35
Devilsparda,frostmane,1090,druid,restoration,60,25,35
Keëf,malganis,1089,druid,restoration,18,12,6
Adind,tanaris,1088,druid,restoration,72,36,36
Hðthead,area-52,1086,druid,restoration,66,31,35
Notcovet,illidan,1085,druid,restoration,44,22,22
Saltyzz,tichondrius,1084,druid,restoration,54,25,29
Rockcow,tichondrius,1084,druid,restoration,78,33,45
Berchwunden,ragnaros,1083,druid,restoration,58,27,31
Feckzd,blackhand,1082,druid,restoration,26,13,13
Furon,thunderlord,1080,druid,restoration,44,21,23
Kittzey,stormrage,1077,druid,restoration,28,14,14
Melbian,tichondrius,1075,druid,restoration,195,96,99
Cratose,runetotem,1075,druid,restoration,71,33,38
Sharinna,andorhal,1075,druid,restoration,68,25,43
Mydira,stormrage,1071,druid,restoration,54,30,24
Samerax,vashj,1070,druid,restoration,107,45,62
Augus,hyjal,1070,druid,restoration,45,18,27
Slleep,tichondrius,1069,druid,restoration,54,28,26
Gimborion,stormrage,1066,druid,restoration,48,23,25
Nöches,quelthalas,1065,druid,restoration,32,12,20
Quaileggs,illidan,1064,druid,restoration,36,12,24
Aarandiel,borean-tundra,1063,druid,restoration,30,17,13
Shroomkin,area-52,1063,druid,restoration,69,35,34
Hallowbranch,moon-guard,1062,druid,restoration,44,17,27
Anïtra,illidan,1061,druid,restoration,119,43,76
Kitnip,proudmoore,1060,druid,restoration,30,19,11
Rëroll,zuljin,1059,druid,restoration,17,12,5
Spasmm,tichondrius,1059,druid,restoration,18,12,6
Sbc,anvilmar,1059,druid,restoration,66,24,42
Linbiba,area-52,1057,druid,restoration,24,13,11
Shadøwshifta,kelthuzad,1057,druid,restoration,31,12,19
Samuelceo,area-52,1056,druid,restoration,12,11,1
Fracxx,area-52,1056,druid,restoration,18,11,7
Chinadruids,tichondrius,1056,druid,restoration,18,11,7
Razberriesz,stormrage,1056,druid,restoration,24,11,13
Whhm,burning-blade,1056,druid,restoration,24,11,13
Slurpi,barthilas,1056,druid,restoration,30,11,19
Jockrock,thunderhorn,1055,druid,restoration,25,13,12
Apple,saurfang,1055,druid,restoration,24,11,13
Mumblesd,emerald-dream,1055,druid,restoration,24,11,13
Lindsanr,illidan,1055,druid,restoration,36,11,25
Qkskill,nemesis,1055,druid,restoration,42,11,31
Krobz,bleeding-hollow,1054,druid,restoration,18,11,7
Ordono,emerald-dream,1054,druid,restoration,18,11,7
Anaho,korgath,1053,druid,restoration,18,11,7
Mollytonasty,demon-soul,1053,druid,restoration,24,11,13
Maeo,drenden,1052,druid,restoration,18,11,7
Onlyforms,illidan,1052,druid,restoration,24,11,13
Willdathrill,stormrage,1052,druid,restoration,107,41,66
Deja,frostmourne,1052,druid,restoration,30,11,19
Marminalade,stormrage,1051,druid,restoration,18,11,7
Nastynancy,frostmourne,1051,druid,restoration,21,12,9
Ticelli,aerie-peak,1051,druid,restoration,30,14,16
Solisuu,frostmane,1051,druid,restoration,30,11,19
Cres,moon-guard,1051,druid,restoration,42,11,31
Tigranesia,proudmoore,1050,druid,restoration,18,11,7
Agranock,nazgrel,1050,druid,restoration,131,65,66
Skojin,bleeding-hollow,1050,druid,restoration,24,11,13
Djdontlose,stormrage,1050,druid,restoration,24,11,13
Phxburn,illidan,1050,druid,restoration,30,11,19
Acerolita,azralon,1050,druid,restoration,30,11,19
Catinthebox,illidan,1048,druid,restoration,18,11,7
Vengaul,amanthul,1048,druid,restoration,36,18,18
Jaxoa,zuljin,1048,druid,restoration,30,11,19
Dinglebops,stormrage,1047,druid,restoration,28,15,13
Cenarïus,stormrage,1047,druid,restoration,98,43,55
Edorant,illidan,1047,druid,restoration,30,11,19
Yimii,stormrage,1046,druid,restoration,18,11,7
Scoobyshiftz,frostmourne,1046,druid,restoration,46,28,18
Zzizi,tichondrius,1046,druid,restoration,29,13,16
Zoll,kelthuzad,1046,druid,restoration,66,26,40
Bekroh,crushridge,1045,druid,restoration,18,11,7
Anasia,barthilas,1045,druid,restoration,99,51,48
Battlecát,stormscale,1045,druid,restoration,24,11,13
Lifebloomlol,area-52,1045,druid,restoration,30,11,19
Zadayos,aerie-peak,1044,druid,restoration,30,16,14
Azyx,stormrage,1044,druid,restoration,159,73,86
Duducows,tichondrius,1044,druid,restoration,59,23,36
Druilicious,ghostlands,1043,druid,restoration,55,27,28
Capizzi,illidan,1043,druid,restoration,28,12,16
Careless,destromath,1043,druid,restoration,78,33,45
Libel,korgath,1042,druid,restoration,18,11,7
Realhötgirl,moon-guard,1042,druid,restoration,18,11,7
Gairen,the-venture-co,1042,druid,restoration,20,12,8
Herecomesthe,sargeras,1042,druid,restoration,24,11,13
Dzone,tichondrius,1040,druid,restoration,19,11,8
Solá,skywall,1040,druid,restoration,42,23,19
Ahrily,kelthuzad,1040,druid,restoration,75,33,42
Rlie,quelthalas,1040,druid,restoration,42,11,31
Chopleaf,khadgar,1039,druid,restoration,180,92,88
Kanabat,drenden,1039,druid,restoration,24,11,13
Jabina,detheroc,1038,druid,restoration,60,17,43
Leoha,stormrage,1037,druid,restoration,24,15,9
Malthen,quelthalas,1037,druid,restoration,33,17,16
Iiliith,moon-guard,1037,druid,restoration,24,11,13
Taydruid,stormrage,1037,druid,restoration,54,24,30
Stupidranga,barthilas,1037,druid,restoration,60,19,41
Lenowell,frostmourne,1037,druid,restoration,62,14,48
Kourne,aegwynn,1036,druid,restoration,57,28,29
Slee,eredar,1035,druid,restoration,18,11,7
Erourk,azralon,1035,druid,restoration,24,12,12
Creasir,tichondrius,1035,druid,restoration,35,12,23
Toxicshift,malganis,1033,druid,restoration,39,13,26
Tyrannicool,proudmoore,1033,druid,restoration,40,12,28
Beefcurtâins,aggramar,1032,druid,restoration,18,11,7
Bankinbäbe,illidan,1031,druid,restoration,98,53,45
Israh,malygos,1031,druid,restoration,32,17,15
Lilbabymint,dalaran,1031,druid,restoration,24,11,13
Rudekiller,balnazzar,1030,druid,restoration,72,32,40
Boofndergz,area-52,1027,druid,restoration,24,15,9
Mayarí,sargeras,1027,druid,restoration,50,15,35
Dehla,goldrinn,1026,druid,restoration,87,37,50
Chloroforms,khazgoroth,1025,druid,restoration,76,44,32
Sonrius,proudmoore,1024,druid,restoration,76,38,38
Janaki,malygos,1024,druid,restoration,30,13,17
Imcop,tichondrius,1020,druid,restoration,18,11,7
Troply,ragnaros,1020,druid,restoration,20,12,8
Xarressian,moon-guard,1019,druid,restoration,24,11,13
Lutzenberger,nemesis,1019,druid,restoration,83,36,47
Dorzaku,ragnaros,1018,druid,restoration,126,64,62
Skaidi,quelthalas,1015,druid,restoration,54,28,26
Pmsprone,tichondrius,1012,druid,restoration,84,40,44
Milkmoneymeo,illidan,1011,druid,restoration,29,11,18
Drudith,demon-soul,1010,druid,restoration,46,27,19
Drucaicer,quelthalas,1010,druid,restoration,101,56,45
Ganizote,ragnaros,1010,druid,restoration,72,27,45
Uwakka,hyjal,1009,druid,restoration,20,12,8
Sunneater,azuremyst,1009,druid,restoration,37,18,19
Rivetrix,azralon,1007,druid,restoration,103,49,54
Agnala,drakkari,1007,druid,restoration,99,35,64
Keladria,bleeding-hollow,1002,druid,restoration,102,55,47
Guron,aegwynn,1001,druid,restoration,57,30,27
Yeahhots,frostmourne,1000,druid,restoration,15,12,3
Dhannar,proudmoore,999,druid,restoration,18,13,5
Habit,dragonmaw,998,druid,restoration,27,12,15
Sorio,area-52,997,druid,restoration,70,26,44
Phyllostomus,quelthalas,996,druid,restoration,36,15,21
Smorak,area-52,994,druid,restoration,14,12,2
Alfurr,tichondrius,994,druid,restoration,85,43,42
Vdubz,blackrock,993,druid,restoration,96,49,47
Owl,frostwolf,990,druid,restoration,24,13,11
Hewozuoai,area-52,990,druid,restoration,35,11,24
Astharon,drakkari,989,druid,restoration,56,31,25
Marrana,altar-of-storms,989,druid,restoration,24,13,11
Dots,moon-guard,989,druid,restoration,36,12,24
Bonemaul,bonechewer,988,druid,restoration,61,30,31
Cpttspitty,kelthuzad,988,druid,restoration,36,14,22
Minnysoda,area-52,987,druid,restoration,30,14,16
Canche,arthas,986,druid,restoration,34,19,15
Chenxguang,tichondrius,986,druid,restoration,86,45,41
Montileven,moon-guard,985,druid,restoration,20,14,6
Feralgød,tichondrius,985,druid,restoration,30,11,19
Cleserio,tichondrius,982,druid,restoration,30,18,12
Cowchicken,zuljin,982,druid,restoration,34,11,23
Cloudbreaker,duskwood,980,druid,restoration,22,13,9
Funnydruid,frostmourne,980,druid,restoration,49,21,28
Azshaela,dalaran,979,druid,restoration,36,22,14
Kataless,sargeras,979,druid,restoration,150,75,75
Bigjunk,boulderfist,979,druid,restoration,36,14,22
Nerfmesoon,sargeras,978,druid,restoration,22,11,11
Dwalk,moknathal,977,druid,restoration,109,53,56
Diaks,proudmoore,973,druid,restoration,40,24,16
Polymorphos,mugthol,973,druid,restoration,42,18,24
Locopewpew,malganis,969,druid,restoration,79,29,50
Seceru,proudmoore,968,druid,restoration,58,31,27
Boomshorts,blackrock,968,druid,restoration,29,14,15
Fionnbharr,ragnaros,968,druid,restoration,104,48,56
Elanni,illidan,968,druid,restoration,112,46,66
Tailwind,caelestrasz,967,druid,restoration,87,39,48
Sunyatsen,quelthalas,967,druid,restoration,70,31,39
Tiufill,nemesis,965,druid,restoration,36,19,17
Cowtox,moon-guard,963,druid,restoration,260,122,138
Wiggle,stormscale,962,druid,restoration,44,21,23
Vulgär,kiljaeden,961,druid,restoration,52,21,31
Salzadruid,aggramar,960,druid,restoration,12,10,2
Baruc,illidan,960,druid,restoration,12,10,2
Solushun,sargeras,960,druid,restoration,12,10,2
Kurohîme,illidan,960,druid,restoration,18,10,8
Myovo,tichondrius,960,druid,restoration,18,10,8
Aphroditezs,tichondrius,960,druid,restoration,18,10,8
Jiywa,lightbringer,960,druid,restoration,18,10,8
Moolan,bleeding-hollow,960,druid,restoration,58,28,30
Cakedx,tichondrius,960,druid,restoration,24,10,14
Nhin,ghostlands,960,druid,restoration,24,10,14
Smeekq,tichondrius,960,druid,restoration,24,10,14
Suekey,frostmourne,960,druid,restoration,24,10,14
Sadcookie,stormrage,959,druid,restoration,12,10,2
Xiaoyi,tichondrius,959,druid,restoration,12,10,2
Slambeezy,emerald-dream,959,druid,restoration,18,10,8
Garbagebutt,burning-legion,959,druid,restoration,18,10,8
Eldertroll,boulderfist,959,druid,restoration,18,10,8
Tumblr,terenas,959,druid,restoration,18,10,8
Beôrn,mugthol,959,druid,restoration,67,36,31
Oblackbetty,illidan,959,druid,restoration,39,18,21
Matinee,tichondrius,959,druid,restoration,24,10,14
Streetsharx,tichondrius,958,druid,restoration,12,10,2
Uggadruid,malganis,958,druid,restoration,18,10,8
Someshta,sargeras,958,druid,restoration,18,10,8
Tlanquility,tichondrius,958,druid,restoration,18,10,8
Nachopuppet,kelthuzad,958,druid,restoration,51,21,30
Shrooming,frostmourne,958,druid,restoration,30,10,20
Tayokou,zuljin,957,druid,restoration,12,10,2
Oswalphis,moon-guard,957,druid,restoration,18,11,7
Dreamgaze,zuljin,957,druid,restoration,18,10,8
Iheartmushu,mannoroth,957,druid,restoration,91,47,44
Cadekey,illidan,957,druid,restoration,48,16,32
Ñoobdruid,tichondrius,956,druid,restoration,18,10,8
Cranbérry,sargeras,956,druid,restoration,18,10,8
Bblloodd,magtheridon,956,druid,restoration,48,20,28
Vêzpêr,kelthuzad,956,druid,restoration,24,10,14
Kuijia,kiljaeden,955,druid,restoration,30,17,13
Uttress,tichondrius,953,druid,restoration,18,10,8
Science,arthas,953,druid,restoration,30,10,20
Wildartform,malganis,952,druid,restoration,23,12,11
Dietmilk,sargeras,952,druid,restoration,24,11,13
Bainnê,ragnaros,952,druid,restoration,48,11,37
Erisya,moon-guard,951,druid,restoration,18,10,8
Wintarz,sargeras,951,druid,restoration,30,10,20
Honeymead,wyrmrest-accord,950,druid,restoration,65,36,29
Arïanny,sargeras,949,druid,restoration,18,10,8
Nightwater,stormrage,949,druid,restoration,21,10,11
Rhatir,stormrage,949,druid,restoration,138,61,77
Noonoo,frostwolf,949,druid,restoration,24,10,14
Vollzar,sargeras,949,druid,restoration,92,29,63
Immabot,tichondrius,949,druid,restoration,36,10,26
Eredorn,darkspear,948,druid,restoration,33,24,9
Chupaone,dalaran,946,druid,restoration,114,50,64
Moobees,arthas,946,druid,restoration,30,10,20
Moosicbear,tichondrius,945,druid,restoration,74,18,56
Slothform,barthilas,944,druid,restoration,18,10,8
Oldcktwist,garrosh,944,druid,restoration,24,12,12
Judwen,grizzly-hills,944,druid,restoration,154,72,82
Xiaoddi,tichondrius,943,druid,restoration,17,10,7
Ryx,llane,943,druid,restoration,24,10,14
Fatjoints,tichondrius,943,druid,restoration,60,21,39
Maxobviously,stormrage,942,druid,restoration,18,10,8
Sliickrick,frostmourne,942,druid,restoration,36,12,24
Kg,cenarion-circle,941,druid,restoration,28,13,15
Jofli,thrall,941,druid,restoration,30,10,20
Shiftaholic,azgalor,940,druid,restoration,33,17,16
Breakthemm,bonechewer,940,druid,restoration,133,65,68
Draycø,tichondrius,940,druid,restoration,24,11,13
Modiboom,arthas,940,druid,restoration,60,22,38
Madmandan,moon-guard,939,druid,restoration,80,33,47
Ilikecake,bloodscalp,938,druid,restoration,66,32,34
Nightseekers,grizzly-hills,937,druid,restoration,58,27,31
Vacote,aggramar,936,druid,restoration,125,52,73
Deumm,ragnaros,935,druid,restoration,37,19,18
Leify,area-52,935,druid,restoration,54,26,28
Browolf,emerald-dream,934,druid,restoration,48,21,27
Katochi,area-52,931,druid,restoration,68,31,37
Baha,azralon,929,druid,restoration,30,12,18
Krossus,drakkari,928,druid,restoration,66,24,42
Blooddude,saurfang,927,druid,restoration,30,11,19
Killari,malganis,926,druid,restoration,30,15,15
Bomme,zuljin,926,druid,restoration,94,44,50
Treewik,emerald-dream,925,druid,restoration,113,60,53
Movom,tichondrius,925,druid,restoration,23,10,13
Goenytz,quelthalas,925,druid,restoration,62,20,42
Blackdawgg,frostmourne,924,druid,restoration,71,26,45
Dyfurion,stormrage,922,druid,restoration,18,10,8
Mielo,illidan,922,druid,restoration,146,67,79
Bindudream,frostmane,920,druid,restoration,78,36,42
Redharp,proudmoore,920,druid,restoration,93,42,51
Sylavien,alterac-mountains,918,druid,restoration,32,17,15
Jennafix,dathremar,918,druid,restoration,72,35,37
Jonculler,korgath,917,druid,restoration,114,54,60
Marakar,nazjatar,917,druid,restoration,48,13,35
Fingulfin,drenden,916,druid,restoration,18,12,6
Kkrunkk,khadgar,916,druid,restoration,36,17,19
Fovoss,dalaran,914,druid,restoration,36,18,18
Lazypandas,silvermoon,914,druid,restoration,41,17,24
Gouzz,frostmourne,912,druid,restoration,23,10,13
Hornmenow,frostmourne,912,druid,restoration,44,11,33
Rdruidchump,the-forgotten-coast,910,druid,restoration,21,11,10
Pathostos,dalaran,908,druid,restoration,132,55,77
Aquesadilla,tichondrius,907,druid,restoration,108,36,72
Gromdruid,azralon,905,druid,restoration,66,33,33
Irumble,silver-hand,900,druid,restoration,59,30,29
Bethemarble,sargeras,900,druid,restoration,47,20,27
Dragondruid,dawnbringer,900,druid,restoration,65,26,39
Irishdoom,tichondrius,899,druid,restoration,20,11,9
Illur,ragnaros,899,druid,restoration,46,16,30
Lirranya,wyrmrest-accord,898,druid,restoration,42,18,24
Tomjoad,whisperwind,898,druid,restoration,54,20,34
Xzerhos,area-52,897,druid,restoration,156,71,85
Elauria,stormreaver,896,druid,restoration,78,39,39
Merawr,area-52,896,druid,restoration,22,10,12
Theboyz,zuljin,895,druid,restoration,36,15,21
Fongoons,kelthuzad,894,druid,restoration,65,28,37
Emiyababmura,tichondrius,893,druid,restoration,21,10,11
Royjr,emerald-dream,892,druid,restoration,50,27,23
Lâvazza,tichondrius,890,druid,restoration,28,10,18
Givemejuice,tichondrius,888,druid,restoration,23,10,13
Inblooms,blackhand,888,druid,restoration,60,25,35
Kawanishi,stormrage,884,druid,restoration,24,12,12
Treeoleo,stormrage,884,druid,restoration,36,16,20
Uwupollo,ragnaros,884,druid,restoration,108,46,62
Kittyz,wyrmrest-accord,881,druid,restoration,36,18,18
Midníght,drakkari,880,druid,restoration,34,18,16
Bunrÿl,thorium-brotherhood,874,druid,restoration,54,24,30
Delanor,cenarius,874,druid,restoration,30,13,17
Dashíng,proudmoore,872,druid,restoration,88,42,46
Theboy,dalaran,869,druid,restoration,48,15,33
Toonah,area-52,864,druid,restoration,12,9,3
Justforgame,sargeras,864,druid,restoration,12,9,3
Duo,demon-soul,864,druid,restoration,12,9,3
Restokinaja,dreadmaul,864,druid,restoration,12,9,3
Aiteezy,illidan,864,druid,restoration,12,9,3
Bopplejr,tichondrius,864,druid,restoration,12,9,3
Shwayshift,bleeding-hollow,864,druid,restoration,18,9,9
Hellshifterr,tichondrius,864,druid,restoration,18,9,9
Ppb,illidan,864,druid,restoration,18,9,9
Ppbdru,tichondrius,864,druid,restoration,18,9,9
Mmrborrower,icecrown,864,druid,restoration,18,9,9
Bigblackcroc,kiljaeden,864,druid,restoration,18,9,9
Rukins,frostmourne,864,druid,restoration,18,9,9
Lackzx,malganis,864,druid,restoration,24,9,15
Persille,proudmoore,864,druid,restoration,24,9,15
Naturenugget,tichondrius,863,druid,restoration,12,9,3
Rejuvenation,kaelthas,863,druid,restoration,12,9,3
Ilovejuli,illidan,863,druid,restoration,12,9,3
Nyxlawl,azralon,863,druid,restoration,18,9,9
Reconus,frostmourne,863,druid,restoration,18,9,9
Canek,ghostlands,863,druid,restoration,18,9,9
Tranqz,moon-guard,863,druid,restoration,18,9,9
Dumpesito,frostmourne,863,druid,restoration,18,9,9
Krunks,frostmourne,863,druid,restoration,18,9,9
Tricklein,tichondrius,863,druid,restoration,18,9,9
Mørphëüs,tichondrius,863,druid,restoration,18,9,9
Canitöuchit,tichondrius,863,druid,restoration,24,9,15
Washeddruid,area-52,863,druid,restoration,24,9,15
Mossin,sargeras,863,druid,restoration,24,9,15
Guss,mannoroth,863,druid,restoration,24,9,15
Tugginudders,illidan,863,druid,restoration,30,9,21
Shuffleqlol,stormrage,862,druid,restoration,12,9,3
Elmez,thrall,862,druid,restoration,18,9,9
Truidy,proudmoore,862,druid,restoration,18,9,9
Phylex,frostmourne,862,druid,restoration,18,9,9
Moolord,eonar,862,druid,restoration,18,9,9
Pawpa,daggerspine,862,druid,restoration,18,9,9
Duderdude,tichondrius,862,druid,restoration,53,25,28
Imlordgumper,illidan,862,druid,restoration,24,9,15
Shiftycent,tichondrius,862,druid,restoration,24,9,15
Hýovan,stormrage,862,druid,restoration,24,9,15
Zackfromwow,illidan,862,druid,restoration,30,9,21
Seyvyurtoo,black-dragonflight,861,druid,restoration,12,9,3
Treetalker,drenden,861,druid,restoration,36,18,18
Alindrä,moon-guard,861,druid,restoration,18,9,9
Monkeyxo,kelthuzad,861,druid,restoration,18,9,9
Lonewolfdrd,illidan,861,druid,restoration,24,11,13
Alsei,quelthalas,861,druid,restoration,40,18,22
Loganski,korialstrasz,860,druid,restoration,36,14,22
Topzet,azralon,860,druid,restoration,30,9,21
Stetile,azralon,859,druid,restoration,18,9,9
Papichulo,hydraxis,859,druid,restoration,72,33,39
Reliclol,firetree,859,druid,restoration,24,9,15
Certzu,moon-guard,859,druid,restoration,38,12,26
Flatnose,agamaggan,858,druid,restoration,18,9,9
Vacablancá,tichondrius,858,druid,restoration,46,19,27
Ilikan,ragnaros,857,druid,restoration,12,9,3
Bbkingschair,tichondrius,856,druid,restoration,12,9,3
Wondla,ysera,856,druid,restoration,18,9,9
Snoowman,lightbringer,856,druid,restoration,25,10,15
Hedwíg,ragnaros,856,druid,restoration,36,9,27
Amazingtom,magtheridon,855,druid,restoration,160,77,83
Thorfir,gorefiend,854,druid,restoration,24,10,14
Faroo,azralon,854,druid,restoration,24,9,15
Zwind,nerzhul,853,druid,restoration,22,10,12
Di,nemesis,853,druid,restoration,24,9,15
Ddizz,cairne,850,druid,restoration,24,9,15
Veyx,malganis,850,druid,restoration,30,9,21
Encosan,azralon,848,druid,restoration,30,9,21
Kanadae,thrall,846,druid,restoration,24,9,15
Bobruid,nagrand,845,druid,restoration,25,13,12
Keyli,frostwolf,845,druid,restoration,18,9,9
Salty,stormscale,845,druid,restoration,24,9,15
Érois,azralon,844,druid,restoration,18,9,9
Ahylen,quelthalas,839,druid,restoration,58,22,36
Kenzié,doomhammer,838,druid,restoration,66,29,37
Fronkysilva,illidan,838,druid,restoration,48,19,29
Twoworldz,tichondrius,836,druid,restoration,24,10,14
Rhondarootsy,zuljin,829,druid,restoration,24,10,14
Menapaws,arygos,828,druid,restoration,15,9,6
Bullshifftt,kelthuzad,828,druid,restoration,18,9,9
Bubcutie,burning-legion,827,druid,restoration,17,9,8
Flayde,barthilas,827,druid,restoration,24,9,15
Shalandrea,sargeras,824,druid,restoration,60,22,38
Javersx,quelthalas,824,druid,restoration,26,9,17
Trôll,mannoroth,818,druid,restoration,26,10,16
Bigox,area-52,815,druid,restoration,168,66,102
Morpheous,emerald-dream,815,druid,restoration,49,12,37
Hentaiboom,kiljaeden,810,druid,restoration,49,18,31
Dubya,illidan,809,druid,restoration,27,10,17
Ráinbow,quelthalas,808,druid,restoration,17,9,8
Onyayo,barthilas,807,druid,restoration,42,18,24
Atim,moon-guard,804,druid,restoration,96,28,68
Lêsly,thrall,800,druid,restoration,36,9,27
Restogodx,alexstrasza,799,druid,restoration,16,9,7
Vulkur,illidan,799,druid,restoration,38,9,29
Treesonn,kelthuzad,792,druid,restoration,24,11,13
Cenariun,stormrage,790,druid,restoration,30,9,21
Ånxiety,skullcrusher,788,druid,restoration,48,17,31
Inbreds,jubeithos,787,druid,restoration,23,9,14
Tftworldcham,blackrock,783,druid,restoration,11,9,2
Xxuan,tichondrius,780,druid,restoration,83,25,58
Salpicow,nagrand,778,druid,restoration,29,11,18
Babuina,nemesis,771,druid,restoration,36,13,23
Chinadruides,tichondrius,768,druid,restoration,12,8,4
Podruidafury,tichondrius,768,druid,restoration,12,8,4
Ppm,illidan,768,druid,restoration,12,8,4
Mmkbro,tichondrius,768,druid,restoration,12,8,4
Cntomy,tichondrius,768,druid,restoration,12,8,4
Leilani,eredar,768,druid,restoration,12,8,4
Solipsism,barthilas,768,druid,restoration,12,8,4
Polarïs,malganis,768,druid,restoration,12,8,4
Bobxd,kelthuzad,768,druid,restoration,12,8,4
Albafic,illidan,768,druid,restoration,12,8,4
Xiaootong,tichondrius,768,druid,restoration,12,8,4
Lindsay,moonrunner,768,druid,restoration,18,8,10
Mkong,tichondrius,768,druid,restoration,18,8,10
Somsom,frostmourne,768,druid,restoration,18,8,10
Taledra,stormrage,768,druid,restoration,18,8,10
Nemoo,tichondrius,768,druid,restoration,18,8,10
Leomerchan,stormrage,768,druid,restoration,18,8,10
Restobaby,tichondrius,768,druid,restoration,18,8,10
Xingyejingmi,tichondrius,768,druid,restoration,18,8,10
Flyshles,frostmourne,768,druid,restoration,18,8,10
Pigdd,tichondrius,768,druid,restoration,24,8,16
Înfamous,thrall,767,druid,restoration,12,8,4
Alend,alexstrasza,767,druid,restoration,12,8,4
Koratan,frostmourne,767,druid,restoration,12,8,4
Bringo,executus,767,druid,restoration,21,10,11
Kaboomy,moon-guard,767,druid,restoration,18,8,10
Chitykitty,khadgar,767,druid,restoration,18,8,10
Junglez,shadowmoon,767,druid,restoration,18,8,10
Thetakeout,tichondrius,767,druid,restoration,18,8,10
Awguseon,proudmoore,767,druid,restoration,18,8,10
Maolfurion,stormrage,767,druid,restoration,18,8,10
Grubbs,terenas,767,druid,restoration,18,8,10
Purpyo,bleeding-hollow,766,druid,restoration,12,8,4
Hughcockman,tichondrius,766,druid,restoration,12,8,4
Ortalen,spirestone,766,druid,restoration,12,8,4
Wildsïde,tichondrius,766,druid,restoration,18,8,10
Kyrieirving,illidan,766,druid,restoration,24,8,16
Bumbleebee,azralon,766,druid,restoration,24,8,16
Wiskees,sargeras,766,druid,restoration,24,8,16
Lookhowirun,emerald-dream,766,druid,restoration,24,8,16
Kellykapore,area-52,766,druid,restoration,81,20,61
Dassiaran,sargeras,765,druid,restoration,12,8,4
Imnotinhuman,tichondrius,765,druid,restoration,12,8,4
Dmanrepus,sargeras,765,druid,restoration,12,8,4
Giuseppee,hyjal,765,druid,restoration,12,8,4
Sÿd,sargeras,765,druid,restoration,12,8,4
Phlexii,jubeithos,765,druid,restoration,18,8,10
Guybranch,illidan,765,druid,restoration,24,8,16
Softgrizzly,auchindoun,765,druid,restoration,24,8,16
Tigresa,perenolde,764,druid,restoration,12,8,4
Leatherpig,proudmoore,764,druid,restoration,18,8,10
Jammi,skywall,764,druid,restoration,18,8,10
Aurajin,spinebreaker,764,druid,restoration,24,8,16
Irontree,dunemaul,764,druid,restoration,30,8,22
Polánd,area-52,763,druid,restoration,12,8,4
Zaknáfein,moon-guard,763,druid,restoration,24,8,16
Murrmerly,moon-guard,762,druid,restoration,12,8,4
Studioghibli,bleeding-hollow,762,druid,restoration,12,8,4
Atalìa,moon-guard,762,druid,restoration,18,8,10
Delladdiozz,tichondrius,762,druid,restoration,18,8,10
Vaetoren,vashj,762,druid,restoration,18,8,10
Çura,tichondrius,761,druid,restoration,37,20,17
Hajjima,blackrock,761,druid,restoration,18,8,10
Markóla,stormrage,761,druid,restoration,18,8,10
Tristanne,proudmoore,760,druid,restoration,12,8,4
Wortsnom,tol-barad,760,druid,restoration,12,8,4
Cosmes,suramar,759,druid,restoration,12,8,4
Ayakuya,veknilash,757,druid,restoration,12,8,4
Stelarra,kiljaeden,757,druid,restoration,12,8,4
Rairven,stormrage,757,druid,restoration,42,8,34
Manlymanman,shandris,753,druid,restoration,18,8,10
Breakertime,illidan,753,druid,restoration,18,8,10
Scheppke,bleeding-hollow,753,druid,restoration,18,8,10
Hydruidponic,aegwynn,752,druid,restoration,27,9,18
Blazedorange,tichondrius,751,druid,restoration,17,8,9
Stamynn,kelthuzad,750,druid,restoration,558,194,364
Justinadr,tichondrius,749,druid,restoration,12,8,4
Friarpuck,nerzhul,747,druid,restoration,12,8,4
Dytriax,ragnaros,746,druid,restoration,18,8,10
Druidkofwa,tichondrius,745,druid,restoration,17,8,9
Nodeathz,sargeras,743,druid,restoration,27,10,17
Nattog,area-52,736,druid,restoration,52,12,40
Ekj,tichondrius,735,druid,restoration,14,9,5
Akanx,tichondrius,735,druid,restoration,16,9,7
Kadry,ragnaros,733,druid,restoration,18,8,10
Garritass,moon-guard,732,druid,restoration,53,10,43
Ossiany,stormrage,730,druid,restoration,16,9,7
Aludra,tol-barad,725,druid,restoration,30,10,20
Kataoka,azralon,721,druid,restoration,23,11,12
Basulto,tichondrius,718,druid,restoration,23,8,15
Xîstance,barthilas,717,druid,restoration,23,8,15
Felinedreams,sargeras,714,druid,restoration,14,9,5
Goodspeed,thrall,713,druid,restoration,95,28,67
Tañya,ragnaros,712,druid,restoration,40,10,30
Starkraven,firetree,711,druid,restoration,31,11,20
Djimbo,kelthuzad,709,druid,restoration,33,9,24
Whiskeyblues,ursin,706,druid,restoration,24,8,16
Finntann,moon-guard,704,druid,restoration,24,8,16
Drexldrood,cenarius,697,druid,restoration,15,9,6
Zephiee,kelthuzad,692,druid,restoration,23,8,15
Druidsz,stormrage,688,druid,restoration,13,8,5
Finkledurp,dalaran,687,druid,restoration,19,8,11
Solbinn,nordrassil,683,druid,restoration,78,21,57
Teamwork,moon-guard,681,druid,restoration,20,10,10
Importedalc,zuljin,678,druid,restoration,36,8,28
Mymatejames,tichondrius,672,druid,restoration,12,7,5
Cyrea,dalaran,672,druid,restoration,12,7,5
Toketree,sargeras,672,druid,restoration,12,7,5
Sensations,moon-guard,672,druid,restoration,12,7,5
Restokinaka,dreadmaul,672,druid,restoration,12,7,5
Motate,malganis,672,druid,restoration,12,7,5
Cøsmiccow,illidan,672,druid,restoration,12,7,5
Cameltail,kelthuzad,672,druid,restoration,12,7,5
Carntko,sargeras,672,druid,restoration,12,7,5
Ishtarí,tichondrius,672,druid,restoration,12,7,5
Crusch,shattered-halls,672,druid,restoration,12,7,5
Dno,demon-soul,672,druid,restoration,12,7,5
Blacksimbá,area-52,672,druid,restoration,12,7,5
Tmdogwater,sargeras,672,druid,restoration,12,7,5
Fujimufu,bleeding-hollow,672,druid,restoration,12,7,5
Hmoobforshoz,wildhammer,672,druid,restoration,12,7,5
Imaoo,illidan,672,druid,restoration,12,7,5
Scuzzin,zuljin,672,druid,restoration,12,7,5
Jurof,malganis,672,druid,restoration,12,7,5
Esqueue,stormrage,672,druid,restoration,12,7,5
Plantbased,arthas,672,druid,restoration,18,7,11
Greentoë,sargeras,672,druid,restoration,18,7,11
Restokina,dreadmaul,672,druid,restoration,18,7,11
Liloudadru,tichondrius,672,druid,restoration,18,7,11
Dotsbots,barthilas,672,druid,restoration,18,7,11
Mastahskills,illidan,672,druid,restoration,24,7,17
Wùúkìí,bleeding-hollow,672,druid,restoration,24,7,17
Nokentil,stormrage,671,druid,restoration,12,7,5
Sroyalbeast,sargeras,671,druid,restoration,12,7,5
Lolth,turalyon,671,druid,restoration,12,7,5
Gemroc,kelthuzad,671,druid,restoration,12,7,5
Drop,shadow-council,671,druid,restoration,12,7,5
Cinnaboom,stormrage,671,druid,restoration,12,7,5
Cryel,sargeras,671,druid,restoration,12,7,5
Zthatchx,shadowmoon,671,druid,restoration,12,7,5
Jillferal,proudmoore,671,druid,restoration,12,7,5
Vadeyr,illidan,671,druid,restoration,12,7,5
Finn,spinebreaker,671,druid,restoration,18,7,11
Phéônix,zuljin,671,druid,restoration,18,7,11
Kollective,sargeras,671,druid,restoration,18,7,11
Wildarumqt,tichondrius,671,druid,restoration,18,7,11
Beelzehog,whisperwind,671,druid,restoration,18,7,11
Lilgee,kelthuzad,671,druid,restoration,18,7,11
Treebearman,thrall,671,druid,restoration,24,7,17
Scäpeqoat,sargeras,670,druid,restoration,12,7,5
Dionysus,mannoroth,670,druid,restoration,12,7,5
Queiq,kelthuzad,670,druid,restoration,12,7,5
Greenbones,frostmane,670,druid,restoration,12,7,5
Wreckked,sargeras,670,druid,restoration,18,7,11
Gepardéx,ragnaros,670,druid,restoration,24,7,17
Frave,dentarg,670,druid,restoration,24,7,17
Hotpocketz,kiljaeden,670,druid,restoration,28,8,20
Martymoo,bleeding-hollow,670,druid,restoration,30,7,23
Dipset,khadgar,670,druid,restoration,30,7,23
Nayelina,stormrage,669,druid,restoration,12,7,5
Fandren,ravencrest,669,druid,restoration,12,7,5
Dylonomancer,tichondrius,669,druid,restoration,12,7,5
Razorclaws,stormscale,669,druid,restoration,18,7,11
Spaceships,stormrage,669,druid,restoration,18,7,11
Briallyn,tichondrius,669,druid,restoration,18,7,11
Niensi,wyrmrest-accord,669,druid,restoration,18,7,11
Maggiee,arthas,669,druid,restoration,24,7,17
Bloomcrue,moon-guard,668,druid,restoration,12,7,5
Mtndewzerø,tichondrius,668,druid,restoration,12,7,5
Migdrail,nemesis,668,druid,restoration,18,7,11
Shiftyy,nordrassil,668,druid,restoration,19,7,12
Esyiix,tichondrius,668,druid,restoration,24,7,17
Mukay,stormrage,668,druid,restoration,24,7,17
Bulltdiffrnt,illidan,668,druid,restoration,30,7,23
Mïms,area-52,667,druid,restoration,12,7,5
Gigagato,area-52,667,druid,restoration,18,7,11
Transpecies,kelthuzad,666,druid,restoration,12,7,5
Kobudo,frostwolf,666,druid,restoration,12,7,5
Morpheûs,bleeding-hollow,666,druid,restoration,24,7,17
Darkstarfalz,bleeding-hollow,665,druid,restoration,12,7,5
Megumixd,illidan,665,druid,restoration,12,7,5
Phanah,the-forgotten-coast,665,druid,restoration,12,7,5
Swagbabe,sargeras,665,druid,restoration,18,7,11
Lacarne,tichondrius,665,druid,restoration,30,7,23
Anakum,azshara,664,druid,restoration,16,8,8
Happylilmoo,kiljaeden,664,druid,restoration,24,7,17
Somars,cenarius,663,druid,restoration,12,7,5
Madambuku,thrall,663,druid,restoration,12,7,5
Shilpá,stormrage,662,druid,restoration,18,7,11
Donutjelly,moknathal,661,druid,restoration,12,7,5
Xkcc,perenolde,660,druid,restoration,18,7,11
Snarl,blades-edge,657,druid,restoration,12,7,5
Goochies,aerie-peak,655,druid,restoration,17,7,10
Ikova,frostmourne,650,druid,restoration,18,7,11
Bjorangedru,tichondrius,643,druid,restoration,18,7,11
Adanos,moon-guard,642,druid,restoration,42,7,35
Gotdruid,sargeras,639,druid,restoration,14,8,6
Riddickd,malfurion,639,druid,restoration,14,8,6
Warmkitteh,kiljaeden,639,druid,restoration,17,7,10
Drstudmaster,skullcrusher,639,druid,restoration,20,8,12
Breathe,ysera,639,druid,restoration,28,7,21
Guerrillera,khadgar,630,druid,restoration,159,64,95
Perems,bleeding-hollow,629,druid,restoration,24,7,17
Guavajuice,stormrage,624,druid,restoration,19,8,11
Wolfelord,sargeras,624,druid,restoration,21,7,14
Qij,eonar,622,druid,restoration,17,7,10
Geranium,guldan,616,druid,restoration,28,8,20
Midoriiro,dentarg,612,druid,restoration,25,8,17
Nnujabes,dalaran,607,druid,restoration,16,7,9
Milkz,zuljin,607,druid,restoration,26,7,19
Masan,burning-blade,576,druid,restoration,6,6,0
Pacetwo,area-52,576,druid,restoration,6,6,0
Blackjackz,tichondrius,576,druid,restoration,6,6,0
Häng,tichondrius,576,druid,restoration,12,6,6
Dirtydrood,mugthol,576,druid,restoration,12,6,6
Baobeyingz,tichondrius,576,druid,restoration,12,6,6
Forèst,sargeras,576,druid,restoration,12,6,6
Mynameisfish,tichondrius,576,druid,restoration,12,6,6
Nomilk,illidan,576,druid,restoration,12,6,6
Solushunx,sargeras,576,druid,restoration,12,6,6
Maèstus,thrall,576,druid,restoration,12,6,6
Chinadruidss,tichondrius,576,druid,restoration,12,6,6
Zux,drakkari,576,druid,restoration,12,6,6
Torbock,zuljin,576,druid,restoration,12,6,6
Brëed,tichondrius,576,druid,restoration,12,6,6
Naturenugget,sargeras,576,druid,restoration,12,6,6
Gemo,tichondrius,576,druid,restoration,12,6,6
Afkifuthrow,ysera,576,druid,restoration,12,6,6
Larryjones,alleria,576,druid,restoration,12,6,6
Ioldeity,tichondrius,576,druid,restoration,12,6,6
Bobblespook,stormrage,576,druid,restoration,12,6,6
Daddypompum,tichondrius,576,druid,restoration,12,6,6
Hecaf,drakkari,576,druid,restoration,12,6,6
Barqskin,malganis,576,druid,restoration,12,6,6
Connection,emerald-dream,576,druid,restoration,12,6,6
Fwaffle,bleeding-hollow,576,druid,restoration,12,6,6
Juicecarton,thrall,576,druid,restoration,12,6,6
Sawajirii,tichondrius,576,druid,restoration,12,6,6
Realá,kelthuzad,576,druid,restoration,12,6,6
Floray,tichondrius,576,druid,restoration,12,6,6
Apriix,saurfang,576,druid,restoration,12,6,6
Krisdu,kelthuzad,576,druid,restoration,12,6,6
Bearys,area-52,576,druid,restoration,12,6,6
Restokin,dreadmaul,576,druid,restoration,15,7,8
Zerocoolx,illidan,576,druid,restoration,21,7,14
Bøo,frostmourne,576,druid,restoration,18,6,12
Axtin,stormreaver,576,druid,restoration,18,6,12
Arútam,ragnaros,576,druid,restoration,18,6,12
Fidelo,tichondrius,576,druid,restoration,18,6,12
Sajia,illidan,576,druid,restoration,18,6,12
Mâckdâddy,kul-tiras,576,druid,restoration,18,6,12
Ephemêral,stormrage,576,druid,restoration,18,6,12
Fixn,tichondrius,576,druid,restoration,18,6,12
Hawtyforever,tichondrius,576,druid,restoration,18,6,12
Sneakiez,tichondrius,576,druid,restoration,18,6,12
Bigclapz,stormrage,576,druid,restoration,18,6,12
Batlex,thrall,576,druid,restoration,18,6,12
Drwasabi,tichondrius,576,druid,restoration,18,6,12
Nyxlie,stormrage,576,druid,restoration,18,6,12
Nerglet,aerie-peak,576,druid,restoration,24,6,18
Fyrleaf,lightnings-blade,576,druid,restoration,24,6,18
Shinoßi,area-52,576,druid,restoration,24,6,18
Hottietottie,laughing-skull,576,druid,restoration,24,6,18
Gønkh,quelthalas,575,druid,restoration,6,6,0
Shadahline,tichondrius,575,druid,restoration,6,6,0
Nrp,stormrage,575,druid,restoration,12,6,6
Anuufal,fizzcrank,575,druid,restoration,12,6,6
Metaindexqt,quelthalas,575,druid,restoration,12,6,6
Nightnes,sargeras,575,druid,restoration,12,6,6
Clawandørder,tichondrius,575,druid,restoration,12,6,6
Kokushe,burning-legion,575,druid,restoration,12,6,6
Pazlife,arthas,575,druid,restoration,12,6,6
Bamfferal,tichondrius,575,druid,restoration,12,6,6
Arjác,jubeithos,575,druid,restoration,12,6,6
Kangaroots,frostmourne,575,druid,restoration,12,6,6
Weltherion,guldan,575,druid,restoration,12,6,6
Ulfvur,nagrand,575,druid,restoration,12,6,6
Keläia,quelthalas,575,druid,restoration,12,6,6
Seralyo,quelthalas,575,druid,restoration,12,6,6
Thetbones,tichondrius,575,druid,restoration,12,6,6
Flôkey,tichondrius,575,druid,restoration,12,6,6
Lorandros,saurfang,575,druid,restoration,12,6,6
Miraval,area-52,575,druid,restoration,12,6,6
Gosch,stormrage,575,druid,restoration,12,6,6
Illegalsaur,area-52,575,druid,restoration,12,6,6
Skweeks,eredar,575,druid,restoration,13,6,7
Skullchief,barthilas,575,druid,restoration,16,7,9
Mysteec,bleeding-hollow,575,druid,restoration,17,6,11
Kittysnuggle,emerald-dream,575,druid,restoration,18,6,12
Aligantor,thrall,575,druid,restoration,18,6,12
Sleepypaws,silvermoon,575,druid,restoration,18,6,12
Dýreðaguð,gurubashi,575,druid,restoration,18,6,12
Silasel,sargeras,575,druid,restoration,24,6,18
Soulshift,sargeras,575,druid,restoration,24,6,18
Tarvosx,thrall,575,druid,restoration,24,6,18
Lymii,sargeras,575,druid,restoration,24,6,18
Elpako,ragnaros,574,druid,restoration,6,6,0
Dibinha,azralon,574,druid,restoration,12,6,6
Enkcredible,tichondrius,574,druid,restoration,12,6,6
Tynsley,malganis,574,druid,restoration,12,6,6
Troky,drakkari,574,druid,restoration,12,6,6
Throatslash,thrall,574,druid,restoration,12,6,6
Carther,korgath,574,druid,restoration,12,6,6
Aranuir,emerald-dream,574,druid,restoration,18,6,12
Skishy,tichondrius,574,druid,restoration,18,6,12
Brisketmre,dalaran,574,druid,restoration,36,6,30
Kallinia,tichondrius,573,druid,restoration,6,6,0
Pëps,emerald-dream,573,druid,restoration,12,6,6
Glandalf,illidan,573,druid,restoration,18,6,12
Quagsire,moon-guard,573,druid,restoration,18,6,12
Rocotheshaft,skullcrusher,573,druid,restoration,24,6,18
Nightshiver,bleeding-hollow,572,druid,restoration,12,6,6
Juucifer,thrall,572,druid,restoration,12,6,6
Modification,eonar,572,druid,restoration,12,6,6
Vacagalo,azralon,572,druid,restoration,12,6,6
Guusx,bonechewer,572,druid,restoration,18,6,12
Kupaloidzki,proudmoore,571,druid,restoration,12,6,6
Marisska,stormrage,571,druid,restoration,12,6,6
Budsmoke,stormrage,571,druid,restoration,18,6,12
Mîløh,area-52,570,druid,restoration,12,6,6
Zenoltt,doomhammer,570,druid,restoration,24,6,18
Healbott,lightnings-blade,569,druid,restoration,12,6,6
Nordway,alexstrasza,569,druid,restoration,12,6,6
Otixx,wyrmrest-accord,568,druid,restoration,18,6,12
Naachocheeze,tichondrius,566,druid,restoration,12,6,6
Huriel,blackrock,561,druid,restoration,18,6,12
Lililililil,stormrage,552,druid,restoration,36,6,30
Istishiã,tichondrius,543,druid,restoration,14,7,7
Enyu,sargeras,542,druid,restoration,23,6,17
Cudbacrakhed,tichondrius,541,druid,restoration,20,7,13
Pahandan,bonechewer,528,druid,restoration,15,7,8
Leafs,tichondrius,528,druid,restoration,21,6,15
Isalien,kelthuzad,521,druid,restoration,21,7,14
Arthemisgodx,azralon,520,druid,restoration,17,10,7
Azakai,sargeras,512,druid,restoration,16,6,10
Rakins,arthas,496,druid,restoration,13,6,7
Slapnutz,frostwolf,494,druid,restoration,7,6,1
Windù,azralon,488,druid,restoration,16,9,7
Beares,korgath,480,druid,restoration,6,5,1
Genghisßong,mannoroth,480,druid,restoration,6,5,1
Naakx,tichondrius,480,druid,restoration,6,5,1
Jaspen,bleeding-hollow,480,druid,restoration,6,5,1
Flatdaddy,doomhammer,480,druid,restoration,6,5,1
Diggsterz,area-52,480,druid,restoration,6,5,1
Roraex,tichondrius,480,druid,restoration,6,5,1
Treehealage,sargeras,480,druid,restoration,6,5,1
Sevend,tichondrius,480,druid,restoration,6,5,1
Dëmoníc,ragnaros,480,druid,restoration,6,5,1
Caring,malganis,480,druid,restoration,6,5,1
Kascatm,area-52,480,druid,restoration,6,5,1
Feorb,sargeras,480,druid,restoration,12,5,7
Ashstarfall,barthilas,480,druid,restoration,12,5,7
Randoms,perenolde,480,druid,restoration,12,5,7
Blàtté,zuljin,480,druid,restoration,12,5,7
Memoryleaks,proudmoore,480,druid,restoration,12,5,7
Brocolli,sargeras,480,druid,restoration,12,5,7
Mclarenz,frostmourne,480,druid,restoration,12,5,7
Noah,altar-of-storms,480,druid,restoration,12,5,7
Stormjammer,proudmoore,480,druid,restoration,12,5,7
Reniggen,sargeras,480,druid,restoration,12,5,7
Crayolaa,barthilas,480,druid,restoration,12,5,7
Jaydog,emerald-dream,480,druid,restoration,12,5,7
Stamookee,area-52,480,druid,restoration,12,5,7
Skogsbruk,stormrage,480,druid,restoration,12,5,7
Lukass,tichondrius,480,druid,restoration,12,5,7
Vêrâ,stormrage,480,druid,restoration,12,5,7
Shartah,zuljin,480,druid,restoration,12,5,7
Angryalyu,tichondrius,480,druid,restoration,12,5,7
Maedrek,tichondrius,480,druid,restoration,12,5,7
Zemul,ragnaros,480,druid,restoration,12,5,7
Afrogx,dalaran,480,druid,restoration,12,5,7
Hatergodx,ravencrest,480,druid,restoration,12,5,7
Yevenbother,tichondrius,480,druid,restoration,12,5,7
Maxspeed,tichondrius,480,druid,restoration,12,5,7
Greeneguy,thrall,480,druid,restoration,12,5,7
Moonfannia,malganis,480,druid,restoration,12,5,7
Tydruid,illidan,480,druid,restoration,12,5,7
Hotgoose,malganis,480,druid,restoration,12,5,7
Fastyhands,illidan,480,druid,restoration,12,5,7
Furrari,baelgun,480,druid,restoration,12,5,7
Loveflowers,nemesis,480,druid,restoration,12,5,7
Stårrysky,illidan,480,druid,restoration,12,5,7
Buckmoon,area-52,480,druid,restoration,12,5,7
Hudada,emerald-dream,480,druid,restoration,12,5,7
Tygraz,alleria,480,druid,restoration,12,5,7
Duckbillby,bleeding-hollow,480,druid,restoration,14,5,9
Wallower,malganis,480,druid,restoration,18,5,13
Guacisextraa,thrall,480,druid,restoration,18,5,13
Jungledíff,ragnaros,480,druid,restoration,18,5,13
You,draka,480,druid,restoration,18,5,13
Fauxsho,bleeding-hollow,480,druid,restoration,18,5,13
Treezy,dalaran,480,druid,restoration,24,5,19
Brostoevski,khadgar,480,druid,restoration,24,5,19
Spacaa,kelthuzad,480,druid,restoration,24,5,19
Faeruh,dalaran,479,druid,restoration,6,5,1
Guárdían,frostmourne,479,druid,restoration,6,5,1
Epe,bleeding-hollow,479,druid,restoration,6,5,1
Redfang,jaedenar,479,druid,restoration,12,5,7
Jamona,cenarius,479,druid,restoration,12,5,7
Sønèca,azralon,479,druid,restoration,12,5,7
Tallais,barthilas,479,druid,restoration,12,5,7
Forest,frostmourne,479,druid,restoration,12,5,7
Murkkd,tichondrius,479,druid,restoration,12,5,7
Mvqxd,tichondrius,479,druid,restoration,12,5,7
Mînîboss,ragnaros,479,druid,restoration,12,5,7
Tempesd,stormrage,479,druid,restoration,12,5,7
Pingú,tichondrius,479,druid,restoration,14,5,9
Komoocha,area-52,479,druid,restoration,18,5,13
Indicah,barthilas,479,druid,restoration,18,5,13
Olegoatjames,darkspear,478,druid,restoration,13,6,7
Beienus,ragnaros,478,druid,restoration,12,5,7
Fastafboy,stormrage,478,druid,restoration,12,5,7
Treemendous,tichondrius,478,druid,restoration,12,5,7
Mikewazowsky,stormrage,478,druid,restoration,12,5,7
Natruid,sargeras,478,druid,restoration,12,5,7
Jíbóia,azralon,478,druid,restoration,12,5,7
Bloodyhoofs,malganis,478,druid,restoration,12,5,7
Rònaldò,drakthul,478,druid,restoration,12,5,7
Furacked,sargeras,478,druid,restoration,18,5,13
Ohfudge,frostwolf,478,druid,restoration,18,5,13
Qanz,quelthalas,477,druid,restoration,12,5,7
Khatzen,nemesis,477,druid,restoration,12,5,7
Fiddy,kelthuzad,477,druid,restoration,12,5,7
Beanslice,nazgrel,477,druid,restoration,18,5,13
Byahh,shuhalo,477,druid,restoration,18,5,13
Wraiven,elune,477,druid,restoration,18,5,13
Swiftstrider,frostmourne,476,druid,restoration,10,6,4
Béren,alterac-mountains,476,druid,restoration,12,5,7
Phlap,zuljin,476,druid,restoration,12,5,7
Kaldrago,detheroc,476,druid,restoration,12,5,7
Muphausa,area-52,475,druid,restoration,12,5,7
Apocalyptoe,proudmoore,474,druid,restoration,12,5,7
Finubar,emerald-dream,472,druid,restoration,12,5,7
Vuthryx,tichondrius,472,druid,restoration,18,5,13
Curador,aegwynn,471,druid,restoration,18,5,13
Maerk,aerie-peak,469,druid,restoration,18,5,13
Policë,skullcrusher,469,druid,restoration,18,5,13
Udroth,kelthuzad,468,druid,restoration,17,5,12
Furrycon,ysera,468,druid,restoration,24,5,19
Metaldruid,tichondrius,463,druid,restoration,11,5,6
Offthemeters,mannoroth,462,druid,restoration,38,8,30
Sleepyheals,tichondrius,461,druid,restoration,31,9,22
Psyz,moon-guard,447,druid,restoration,14,5,9
Fuzzie,icecrown,447,druid,restoration,16,5,11
Chopotron,ragnaros,447,druid,restoration,16,5,11
Bigelbows,area-52,432,druid,restoration,15,6,9
Nexophobia,proudmoore,431,druid,restoration,11,5,6
Pulsarpete,frostmourne,431,druid,restoration,29,5,24
Smeekqtwo,tichondrius,426,druid,restoration,12,6,6
Sïmba,andorhal,426,druid,restoration,15,6,9
Ctoph,illidan,426,druid,restoration,19,6,13
Gankstababy,tichondrius,426,druid,restoration,20,6,14
Indicahigh,moon-guard,424,druid,restoration,16,7,9
Persiancoco,area-52,422,druid,restoration,14,6,8
Cloneftw,tol-barad,416,druid,restoration,10,5,5
Oongadunga,tichondrius,415,druid,restoration,14,5,9
Luluid,tichondrius,399,druid,restoration,5,5,0
Koan,proudmoore,384,druid,restoration,6,4,2
Bambi,bleeding-hollow,384,druid,restoration,6,4,2
Dpumba,azralon,384,druid,restoration,6,4,2
Ckàíne,stormrage,384,druid,restoration,6,4,2
Lylek,azshara,384,druid,restoration,6,4,2
Treanton,aerie-peak,384,druid,restoration,6,4,2
Pehkx,hyjal,384,druid,restoration,6,4,2
Lushÿ,tichondrius,384,druid,restoration,6,4,2
Hottie,kelthuzad,384,druid,restoration,6,4,2
Zoddyboy,tichondrius,384,druid,restoration,6,4,2
Music,magtheridon,384,druid,restoration,6,4,2
Kiter,illidan,384,druid,restoration,6,4,2
Euwin,stormrage,384,druid,restoration,6,4,2
Outcastmango,thrall,384,druid,restoration,6,4,2
Galadrien,kelthuzad,384,druid,restoration,6,4,2
Bosque,kelthuzad,384,druid,restoration,6,4,2
Johnnybigg,barthilas,384,druid,restoration,6,4,2
Nøbuchi,kelthuzad,384,druid,restoration,6,4,2
Relikd,dawnbringer,384,druid,restoration,6,4,2
Starshípx,tichondrius,384,druid,restoration,6,4,2
Deegawn,proudmoore,384,druid,restoration,6,4,2
Clarityx,illidan,384,druid,restoration,6,4,2
Êhurricane,dalaran,384,druid,restoration,6,4,2
Drágster,nemesis,384,druid,restoration,6,4,2
Shiftedonyou,blackrock,384,druid,restoration,6,4,2
Amtwoux,area-52,384,druid,restoration,6,4,2
Volayer,frostmourne,384,druid,restoration,6,4,2
Nbendtner,tichondrius,384,druid,restoration,6,4,2
Zbh,tichondrius,384,druid,restoration,6,4,2
Nèffex,sargeras,384,druid,restoration,6,4,2
Faash,illidan,384,druid,restoration,6,4,2
Bigjuicebox,tichondrius,384,druid,restoration,6,4,2
Kushkilla,malganis,384,druid,restoration,6,4,2
Mingfar,tichondrius,384,druid,restoration,6,4,2
Peazoepico,tichondrius,384,druid,restoration,6,4,2
Doomky,area-52,384,druid,restoration,6,4,2
Gilysel,tichondrius,384,druid,restoration,6,4,2
Baridalarrus,dalaran,384,druid,restoration,15,5,10
Stephonxd,area-52,384,druid,restoration,12,4,8
Ellowei,earthen-ring,384,druid,restoration,12,4,8
Stamaximdru,lightbringer,384,druid,restoration,12,4,8
Bopple,tichondrius,384,druid,restoration,12,4,8
Lillenan,illidan,384,druid,restoration,12,4,8
Ohioman,bleeding-hollow,384,druid,restoration,12,4,8
Chickenwings,ragnaros,384,druid,restoration,12,4,8
Spazer,darkspear,384,druid,restoration,12,4,8
Odenmu,ragnaros,384,druid,restoration,12,4,8
Taysfriend,tichondrius,384,druid,restoration,12,4,8
Allevii,sargeras,384,druid,restoration,12,4,8
Narlie,malfurion,384,druid,restoration,12,4,8
Bwaccowi,sargeras,384,druid,restoration,12,4,8
Shadru,bleeding-hollow,384,druid,restoration,12,4,8
Guurgul,bleeding-hollow,384,druid,restoration,12,4,8
Angercow,nordrassil,384,druid,restoration,12,4,8
Mamazbear,area-52,384,druid,restoration,12,4,8
Nocup,illidan,384,druid,restoration,12,4,8
Mastabtw,illidan,384,druid,restoration,12,4,8
Ônlyyou,burning-legion,384,druid,restoration,12,4,8
Bumbally,illidan,384,druid,restoration,12,4,8
Bigshred,tichondrius,384,druid,restoration,12,4,8
Gathmog,boulderfist,384,druid,restoration,12,4,8
Rydërr,area-52,384,druid,restoration,12,4,8
Ursu,nemesis,384,druid,restoration,12,4,8
Synthesïs,malganis,384,druid,restoration,12,4,8
Tmkakao,tichondrius,384,druid,restoration,12,4,8
Mmbessa,tichondrius,384,druid,restoration,12,4,8
Saltkin,frostmourne,384,druid,restoration,12,4,8
Ebrìthil,hyjal,384,druid,restoration,12,4,8
Karlmalone,thunderlord,384,druid,restoration,12,4,8
Nazo,moonrunner,384,druid,restoration,12,4,8
Moosesolini,chogall,384,druid,restoration,12,4,8
Marisco,malganis,384,druid,restoration,12,4,8
Mittns,arthas,384,druid,restoration,12,4,8
Py,stormscale,384,druid,restoration,12,4,8
Brittanychan,sargeras,384,druid,restoration,12,4,8
Fartsicle,lightnings-blade,384,druid,restoration,12,4,8
Mé,arthas,384,druid,restoration,12,4,8
Hotrecki,kelthuzad,384,druid,restoration,12,4,8
Thebutterboy,stormrage,384,druid,restoration,12,4,8
Catcat,dalaran,384,druid,restoration,12,4,8
Faélar,moon-guard,384,druid,restoration,12,4,8
Metaphysìcs,kelthuzad,384,druid,restoration,12,4,8
Flompstomper,skullcrusher,384,druid,restoration,12,4,8
Tommyjimmy,andorhal,384,druid,restoration,12,4,8
Hippyprotein,tichondrius,384,druid,restoration,13,4,9
Harøs,stormrage,384,druid,restoration,13,4,9
Read,eredar,384,druid,restoration,21,5,16
Maviuss,barthilas,384,druid,restoration,17,4,13
Swagglefrag,zuljin,384,druid,restoration,18,4,14
Atagoo,tichondrius,384,druid,restoration,18,4,14
Ternkote,tichondrius,384,druid,restoration,21,4,17
Seazyn,malganis,383,druid,restoration,6,4,2
Mörphïoùs,kelthuzad,383,druid,restoration,6,4,2
Calleguard,terenas,383,druid,restoration,6,4,2
Hainz,auchindoun,383,druid,restoration,6,4,2
Bryle,kiljaeden,383,druid,restoration,6,4,2
Vanfalor,stormrage,383,druid,restoration,9,5,4
Linklan,bleeding-hollow,383,druid,restoration,12,4,8
Nightflow,emerald-dream,383,druid,restoration,12,4,8
Jonnyutaa,emerald-dream,383,druid,restoration,12,4,8
Kurnon,shattered-hand,383,druid,restoration,12,4,8
Hazbekbek,area-52,383,druid,restoration,12,4,8
Dadboody,sargeras,383,druid,restoration,12,4,8
Pahrump,stormrage,383,druid,restoration,12,4,8
Posmard,ragnaros,383,druid,restoration,12,4,8
Zelara,kilrogg,383,druid,restoration,12,4,8
Moonshire,boulderfist,383,druid,restoration,12,4,8
Chuckzilla,korgath,383,druid,restoration,12,4,8
Norco,dentarg,383,druid,restoration,12,4,8
Ssuka,tichondrius,383,druid,restoration,12,4,8
Brazzar,kiljaeden,383,druid,restoration,12,4,8
Lulerz,cenarius,383,druid,restoration,18,4,14
Rikey,thaurissan,383,druid,restoration,18,4,14
Morphiius,archimonde,383,druid,restoration,18,4,14
Hagenws,azralon,382,druid,restoration,12,4,8
Gardeni,emerald-dream,382,druid,restoration,12,4,8
Infestador,tichondrius,382,druid,restoration,12,4,8
Guojue,tichondrius,382,druid,restoration,12,4,8
Alcoolânio,stormrage,382,druid,restoration,12,4,8
Puzzlè,thrall,382,druid,restoration,12,4,8
Ceria,hellscream,381,druid,restoration,12,4,8
Maldrake,quelthalas,381,druid,restoration,12,4,8
Rádágast,nemesis,381,druid,restoration,12,4,8
Meowsz,malganis,381,druid,restoration,12,4,8
Bigbadcow,sargeras,380,druid,restoration,12,4,8
Äbÿss,tichondrius,380,druid,restoration,18,4,14
Metamooseowl,crushridge,379,druid,restoration,12,4,8
Yassi,earthen-ring,379,druid,restoration,12,4,8
Nüg,frostmourne,379,druid,restoration,14,4,10
Thalanji,azralon,379,druid,restoration,35,4,31
Mxlasthope,azralon,351,druid,restoration,11,4,7
Sertroz,sargeras,351,druid,restoration,11,4,7
Mimics,zuljin,336,druid,restoration,15,4,11
Sndru,illidan,330,druid,restoration,12,5,7
Bottles,quelthalas,330,druid,restoration,15,6,9
Vìdá,tichondrius,330,druid,restoration,14,5,9
Harûko,moon-guard,330,druid,restoration,31,5,26
Greythan,madoran,325,druid,restoration,42,5,37
Alleae,stormrage,319,druid,restoration,5,4,1
Fatloser,hyjal,319,druid,restoration,11,5,6
Skke,barthilas,318,druid,restoration,8,4,4
Semangarbage,tichondrius,307,druid,restoration,18,10,8
Neferpitou,fenris,303,druid,restoration,12,4,8
Ugress,whisperwind,302,druid,restoration,13,4,9
Bin,moon-guard,288,druid,restoration,6,3,3
Muffiñ,moon-guard,288,druid,restoration,6,3,3
Paps,laughing-skull,288,druid,restoration,6,3,3
Asian,moon-guard,288,druid,restoration,6,3,3
Thenog,arthas,288,druid,restoration,6,3,3
Tronita,frostwolf,288,druid,restoration,6,3,3
Spinach,moon-guard,288,druid,restoration,6,3,3
Drmf,frostmourne,288,druid,restoration,6,3,3
Reptile,terenas,288,druid,restoration,6,3,3
Origiinate,black-dragonflight,288,druid,restoration,6,3,3
Idolizeme,skullcrusher,288,druid,restoration,6,3,3
Lahgit,frostmourne,288,druid,restoration,6,3,3
Cutefeetz,moon-guard,288,druid,restoration,6,3,3
Partylord,malganis,288,druid,restoration,6,3,3
Xro,frostmourne,288,druid,restoration,6,3,3
Azaran,bleeding-hollow,288,druid,restoration,6,3,3
Eryon,nemesis,288,druid,restoration,6,3,3
Nightz,icecrown,288,druid,restoration,6,3,3
Wâggles,moon-guard,288,druid,restoration,6,3,3
Sonicphantom,kelthuzad,288,druid,restoration,6,3,3
Obsesséd,aggramar,288,druid,restoration,6,3,3
Isunami,emerald-dream,288,druid,restoration,6,3,3
Stephenfurry,tichondrius,288,druid,restoration,6,3,3
Catdruid,the-forgotten-coast,288,druid,restoration,6,3,3
Aidoh,kelthuzad,288,druid,restoration,6,3,3
Moex,illidan,288,druid,restoration,6,3,3
Zaddy,spinebreaker,288,druid,restoration,6,3,3
Istayfrawsty,darkspear,288,druid,restoration,6,3,3
Yllercia,quelthalas,288,druid,restoration,6,3,3
Drunner,lothar,288,druid,restoration,6,3,3
Buffjungle,tichondrius,288,druid,restoration,6,3,3
Tziv,area-52,288,druid,restoration,6,3,3
Druidma,aegwynn,288,druid,restoration,6,3,3
Antonniel,azralon,288,druid,restoration,6,3,3
Menapaws,muradin,288,druid,restoration,6,3,3
Xötic,stormrage,288,druid,restoration,6,3,3
Fungamezx,bleeding-hollow,288,druid,restoration,6,3,3
Anthria,illidan,288,druid,restoration,6,3,3
Bunnykiss,tichondrius,288,druid,restoration,6,3,3
Owaru,stormrage,288,druid,restoration,6,3,3
Lotsoflovexo,illidan,288,druid,restoration,6,3,3
Ðeepsixx,burning-legion,288,druid,restoration,6,3,3
Halfsquat,the-underbog,288,druid,restoration,6,3,3
Afterlîfe,sargeras,288,druid,restoration,6,3,3
Erwelz,quelthalas,288,druid,restoration,6,3,3
Bearforcetwo,lightbringer,288,druid,restoration,6,3,3
Chúcknoúrish,agamaggan,288,druid,restoration,6,3,3
Animesubs,dalaran,288,druid,restoration,6,3,3
Meowmeowbean,darkspear,288,druid,restoration,6,3,3
Ømí,quelthalas,288,druid,restoration,6,3,3
Hotmuztard,sargeras,288,druid,restoration,6,3,3
Nokash,tichondrius,288,druid,restoration,6,3,3
Helvetiòs,sargeras,288,druid,restoration,6,3,3
Creamsoda,frostmane,288,druid,restoration,6,3,3
Lemonnz,illidan,288,druid,restoration,6,3,3
Aldirion,zuljin,288,druid,restoration,6,3,3
Kcazz,thorium-brotherhood,288,druid,restoration,6,3,3
Vadroid,dalaran,288,druid,restoration,6,3,3
Invite,hellscream,288,druid,restoration,6,3,3
Ateup,dawnbringer,288,druid,restoration,6,3,3
Mädnhairy,zuljin,288,druid,restoration,6,3,3
Mythicdruid,ragnaros,288,druid,restoration,6,3,3
Sevensword,tichondrius,288,druid,restoration,6,3,3
Junglefevers,tichondrius,288,druid,restoration,6,3,3
Geno,cenarius,288,druid,restoration,6,3,3
Juícebox,tichondrius,288,druid,restoration,6,3,3
Càlthar,sargeras,288,druid,restoration,6,3,3
Seekamp,khazgoroth,288,druid,restoration,6,3,3
Ayra,sargeras,288,druid,restoration,6,3,3
Lünäriä,stormrage,288,druid,restoration,6,3,3
Bibliopole,tichondrius,288,druid,restoration,6,3,3
Tarlis,khazgoroth,288,druid,restoration,6,3,3
Panterarosa,ragnaros,288,druid,restoration,6,3,3
Wolfbeasts,greymane,288,druid,restoration,6,3,3
Teancookies,tichondrius,288,druid,restoration,6,3,3
Demitassie,wyrmrest-accord,288,druid,restoration,8,3,5
Overgrowth,zuljin,288,druid,restoration,9,3,6
Madtreé,bleeding-hollow,288,druid,restoration,12,3,9
Monicaduan,frostmourne,288,druid,restoration,12,3,9
Solushuffle,sargeras,288,druid,restoration,12,3,9
Bewear,zangarmarsh,288,druid,restoration,12,3,9
Deyz,ysera,288,druid,restoration,12,3,9
Concerneddog,malganis,288,druid,restoration,12,3,9
Lðhnar,malganis,288,druid,restoration,12,3,9
Theblind,korgath,288,druid,restoration,12,3,9
Krispies,eredar,288,druid,restoration,12,3,9
Biggié,bleeding-hollow,288,druid,restoration,12,3,9
Ttaure,ragnaros,288,druid,restoration,12,3,9
Noradn,malganis,288,druid,restoration,12,3,9
Zsi,frostmourne,288,druid,restoration,12,3,9
Blacksimba,area-52,288,druid,restoration,12,3,9
Quadrivium,stormrage,288,druid,restoration,12,3,9
Møth,anvilmar,288,druid,restoration,12,3,9
Soloqmenace,malganis,288,druid,restoration,12,3,9
Garrodan,aerie-peak,288,druid,restoration,12,3,9
Kanokoho,wyrmrest-accord,288,druid,restoration,12,3,9
Nuantar,nemesis,288,druid,restoration,12,3,9
Druidranda,sargeras,288,druid,restoration,12,3,9
Samsaralol,tichondrius,288,druid,restoration,12,3,9
Azngødz,tichondrius,288,druid,restoration,12,3,9
Nesterin,arathor,288,druid,restoration,12,3,9
Oflodor,azralon,288,druid,restoration,12,3,9
Snugglin,kelthuzad,288,druid,restoration,12,3,9
Anthren,garona,288,druid,restoration,12,3,9
Otckillaa,boulderfist,288,druid,restoration,12,3,9
Qdrui,tichondrius,288,druid,restoration,12,3,9
Raptormotoo,lothar,288,druid,restoration,12,3,9
Bigsave,bladefist,288,druid,restoration,12,3,9
Endworldx,tichondrius,288,druid,restoration,12,3,9
Borbys,sargeras,288,druid,restoration,12,3,9
Bearlínwall,sargeras,288,druid,restoration,12,3,9
Pusswhisperr,bleeding-hollow,288,druid,restoration,12,3,9
Wwkd,illidan,288,druid,restoration,12,3,9
Theømega,stormrage,288,druid,restoration,12,3,9
Soloqleaver,tichondrius,288,druid,restoration,18,3,15
Thundyrcat,tichondrius,288,druid,restoration,18,3,15
Friendly,wyrmrest-accord,288,druid,restoration,18,3,15
Giddeonv,draenor,288,druid,restoration,18,3,15
Reenzy,azralon,288,druid,restoration,18,3,15
Killvious,kelthuzad,288,druid,restoration,24,3,21
Sefestria,senjin,287,druid,restoration,6,3,3
Jinglebells,kiljaeden,287,druid,restoration,6,3,3
Moonfires,senjin,287,druid,restoration,6,3,3
Divitiacus,kiljaeden,287,druid,restoration,6,3,3
Glowstixz,tichondrius,287,druid,restoration,6,3,3
Udala,durotan,287,druid,restoration,6,3,3
Harderplease,emerald-dream,287,druid,restoration,6,3,3
Hamfetameme,gundrak,287,druid,restoration,6,3,3
Joxor,nordrassil,287,druid,restoration,6,3,3
Temujin,shadow-council,287,druid,restoration,6,3,3
Iamanoob,sargeras,287,druid,restoration,10,4,6
Druishcat,dark-iron,287,druid,restoration,12,3,9
Itzcuintle,bronzebeard,287,druid,restoration,12,3,9
Megara,dalaran,287,druid,restoration,12,3,9
Boldogs,proudmoore,287,druid,restoration,12,3,9
Atillah,stormscale,287,druid,restoration,12,3,9
Cieran,senjin,287,druid,restoration,18,3,15
Bullshiftter,ursin,286,druid,restoration,6,3,3
Goingwild,frostmourne,286,druid,restoration,6,3,3
Dcdc,malganis,286,druid,restoration,6,3,3
Andraste,queldorei,286,druid,restoration,12,3,9
Cryptalas,tichondrius,286,druid,restoration,12,3,9
Taiyla,stormrage,286,druid,restoration,12,3,9
Fortunecat,illidan,286,druid,restoration,12,3,9
Moonbootz,proudmoore,285,druid,restoration,12,3,9
Twoinpink,frostmourne,285,druid,restoration,12,3,9
Sabari,area-52,285,druid,restoration,24,3,21
Trollsmind,tichondrius,271,druid,restoration,17,3,14
Brbcatsonfir,malganis,270,druid,restoration,28,4,24
Gloomy,andorhal,256,druid,restoration,10,3,7
Anastasyiar,illidan,256,druid,restoration,10,3,7
Mahjongg,stormrage,255,druid,restoration,14,4,10
Thrunirn,dalaran,254,druid,restoration,11,3,8
Stive,nemesis,234,druid,restoration,6,4,2
Yoona,kiljaeden,234,druid,restoration,7,4,3
Restyblazed,sargeras,234,druid,restoration,8,4,4
Donaldsr,area-52,234,druid,restoration,9,4,5
Ilmoonz,frostmane,234,druid,restoration,15,4,11
Stormwood,moonrunner,234,druid,restoration,21,4,17
Stèvén,tichondrius,233,druid,restoration,13,4,9
Aegys,medivh,224,druid,restoration,11,3,8
Gavdru,tichondrius,223,druid,restoration,8,3,5
Sliggo,bleeding-hollow,223,druid,restoration,8,3,5
Biig,stormreaver,214,druid,restoration,16,9,7
Chickenboss,ragnaros,192,druid,restoration,4,3,1
Hotshrillz,illidan,192,druid,restoration,4,3,1
Faentz,stormrage,192,druid,restoration,9,3,6
Cultnelf,illidan,192,druid,restoration,6,2,4
Akinetic,illidan,192,druid,restoration,6,2,4
Batshi,gorefiend,192,druid,restoration,6,2,4
Shiftzy,thrall,192,druid,restoration,6,2,4
Chasmata,malganis,192,druid,restoration,6,2,4
Hawtzi,stormrage,192,druid,restoration,6,2,4
Drulícinha,azralon,192,druid,restoration,6,2,4
Gorfrog,tichondrius,192,druid,restoration,6,2,4
Noonwalk,illidan,192,druid,restoration,6,2,4
Boundless,skullcrusher,192,druid,restoration,6,2,4
Laesh,nemesis,192,druid,restoration,6,2,4
Ularmdrd,stormrage,192,druid,restoration,6,2,4
Ambassador,kelthuzad,192,druid,restoration,6,2,4
Megasteak,lightninghoof,192,druid,restoration,6,2,4
Spongedaddy,tichondrius,192,druid,restoration,6,2,4
Maltaa,kelthuzad,192,druid,restoration,6,2,4
Naturestouch,tichondrius,192,druid,restoration,6,2,4
Vaelstrasz,skullcrusher,192,druid,restoration,6,2,4
Tadoo,tichondrius,192,druid,restoration,6,2,4
Kornaz,guldan,192,druid,restoration,6,2,4
Kaisuckslol,stormrage,192,druid,restoration,6,2,4
Hatricio,ragnaros,192,druid,restoration,6,2,4
Hchhi,ragnaros,192,druid,restoration,6,2,4
Jxp,tichondrius,192,druid,restoration,6,2,4
Lilcocoxoxo,shadowmoon,192,druid,restoration,6,2,4
Tagliatélle,emerald-dream,192,druid,restoration,6,2,4
Pincho,hyjal,192,druid,restoration,6,2,4
Katesw,tichondrius,192,druid,restoration,6,2,4
Obliv,wildhammer,192,druid,restoration,6,2,4
Gêrm,stormrage,192,druid,restoration,6,2,4
Jackdr,tichondrius,192,druid,restoration,6,2,4
Hyperdryve,bonechewer,192,druid,restoration,6,2,4
Camthedruid,khadgar,192,druid,restoration,6,2,4
Droody,earthen-ring,192,druid,restoration,6,2,4
Barkcheeks,area-52,192,druid,restoration,6,2,4
Sooil,tichondrius,192,druid,restoration,6,2,4
Terminatore,kelthuzad,192,druid,restoration,6,2,4
Ghostti,stormrage,192,druid,restoration,6,2,4
Clonkzy,area-52,192,druid,restoration,6,2,4
Feeoria,lothar,192,druid,restoration,6,2,4
Niquil,hyjal,192,druid,restoration,6,2,4
Bomp,malganis,192,druid,restoration,6,2,4
Kassius,alleria,192,druid,restoration,6,2,4
Aewsome,quelthalas,192,druid,restoration,6,2,4
Zaddychulo,area-52,192,druid,restoration,6,2,4
Runarok,ragnaros,192,druid,restoration,6,2,4
Levincy,thrall,192,druid,restoration,6,2,4
Runningback,emerald-dream,192,druid,restoration,6,2,4
Dustdruid,hakkar,192,druid,restoration,6,2,4
Malashir,illidan,192,druid,restoration,6,2,4
Whiplash,deathwing,192,druid,restoration,6,2,4
Tdøubleu,tichondrius,192,druid,restoration,6,2,4
Darinnia,lothar,192,druid,restoration,6,2,4
Stratego,drenden,192,druid,restoration,6,2,4
Loved,stormrage,192,druid,restoration,6,2,4
Sandiegoo,destromath,192,druid,restoration,6,2,4
Leafthief,whisperwind,192,druid,restoration,6,2,4
Wras,emerald-dream,192,druid,restoration,6,2,4
Owlgz,barthilas,192,druid,restoration,6,2,4
Tropikana,burning-legion,192,druid,restoration,6,2,4
Cushionmaker,tichondrius,192,druid,restoration,6,2,4
Hotsoncrak,tichondrius,192,druid,restoration,6,2,4
Murpheey,sargeras,192,druid,restoration,6,2,4
Netflixnphil,sargeras,192,druid,restoration,6,2,4
Rustedroots,khaz-modan,192,druid,restoration,6,2,4
Five,the-underbog,192,druid,restoration,6,2,4
Druiddou,tichondrius,192,druid,restoration,6,2,4
Geycat,tichondrius,192,druid,restoration,6,2,4
Crazywoodowl,tichondrius,192,druid,restoration,6,2,4
Zils,bleeding-hollow,192,druid,restoration,6,2,4
Bullbuddy,wyrmrest-accord,192,druid,restoration,6,2,4
Rubato,dathremar,192,druid,restoration,6,2,4
Sidechonies,tichondrius,192,druid,restoration,6,2,4
Freemac,tichondrius,192,druid,restoration,6,2,4
Twinkielol,kiljaeden,192,druid,restoration,6,2,4
Bigtonkatruk,tichondrius,192,druid,restoration,6,2,4
Destaliyas,sargeras,192,druid,restoration,6,2,4
Koalla,frostmourne,192,druid,restoration,6,2,4
Sôlemn,barthilas,192,druid,restoration,6,2,4
Mcbeef,tichondrius,192,druid,restoration,6,2,4
Gretatunberg,skywall,192,druid,restoration,6,2,4
Kagekuma,bleeding-hollow,192,druid,restoration,6,2,4
Relxlol,tichondrius,192,druid,restoration,6,2,4
Ånðrømæðå,sargeras,192,druid,restoration,6,2,4
Bluemarsh,agamaggan,192,druid,restoration,6,2,4
Cheesetouchy,illidan,192,druid,restoration,6,2,4
Hipityhopity,bleeding-hollow,192,druid,restoration,6,2,4
Firefireahh,sargeras,192,druid,restoration,6,2,4
Violyte,tichondrius,192,druid,restoration,6,2,4
Tatahe,zuljin,192,druid,restoration,6,2,4
Epicbehr,kiljaeden,192,druid,restoration,6,2,4
Nacur,bleeding-hollow,192,druid,restoration,6,2,4
Hotsx,frostmourne,192,druid,restoration,9,2,7
Nakedllove,sargeras,192,druid,restoration,11,2,9
Pinchncheeks,bleeding-hollow,192,druid,restoration,12,2,10
Moggwasi,tichondrius,192,druid,restoration,12,2,10
Rootslayer,tichondrius,192,druid,restoration,12,2,10
Xaric,area-52,192,druid,restoration,12,2,10
Aelvalus,goldrinn,192,druid,restoration,12,2,10
Trèè,frostmane,192,druid,restoration,12,2,10
Wonderhood,quelthalas,192,druid,restoration,12,2,10
Fribbleog,korgath,192,druid,restoration,12,2,10
Daesdaddy,sargeras,192,druid,restoration,12,2,10
Jayto,frostmourne,192,druid,restoration,12,2,10
Actioncat,emerald-dream,192,druid,restoration,12,2,10
Crunchieroll,illidan,192,druid,restoration,12,2,10
Fjv,laughing-skull,192,druid,restoration,12,2,10
Chaarm,proudmoore,192,druid,restoration,12,2,10
Moocka,ragnaros,192,druid,restoration,12,2,10
Bristaice,tichondrius,192,druid,restoration,12,2,10
Gradiluth,proudmoore,192,druid,restoration,12,2,10
Moonkay,tichondrius,192,druid,restoration,12,2,10
Sírius,stormrage,192,druid,restoration,12,2,10
Bboikha,quelthalas,192,druid,restoration,12,2,10
Gahr,wyrmrest-accord,192,druid,restoration,12,2,10
Crazystorm,ragnaros,192,druid,restoration,12,2,10
Dráz,stormrage,192,druid,restoration,12,2,10
Bennedïct,tichondrius,192,druid,restoration,12,2,10
Bossdru,sargeras,192,druid,restoration,12,2,10
Krucífy,dark-iron,192,druid,restoration,12,2,10
Glockenstien,proudmoore,192,druid,restoration,12,2,10
Goorybud,tichondrius,192,druid,restoration,12,2,10
Lunmoon,thrall,192,druid,restoration,12,2,10
Kymolyia,sargeras,192,druid,restoration,12,2,10
Urhero,sargeras,192,druid,restoration,12,2,10
Cpksdru,tichondrius,192,druid,restoration,12,2,10
Grullandur,hakkar,192,druid,restoration,12,2,10
Aelena,whisperwind,192,druid,restoration,12,2,10
Jaaodalari,azralon,192,druid,restoration,12,2,10
Dodozhou,illidan,192,druid,restoration,12,2,10
Pawswap,tichondrius,192,druid,restoration,13,2,11
Çarpentree,sargeras,192,druid,restoration,18,2,16
Clonemunster,frostmourne,192,druid,restoration,18,2,16
Brutalhealz,aegwynn,192,druid,restoration,18,2,16
Devilzown,fenris,192,druid,restoration,18,2,16
Iyrnae,zuljin,192,druid,restoration,18,2,16
Kirato,ragnaros,192,druid,restoration,18,2,16
Naxanax,stormrage,191,druid,restoration,6,2,4
Samesaras,darkspear,191,druid,restoration,6,2,4
Zebb,veknilash,191,druid,restoration,6,2,4
Moonkinx,frostwolf,191,druid,restoration,6,2,4
Relativo,dalaran,191,druid,restoration,6,2,4
Flusky,moon-guard,191,druid,restoration,6,2,4
Calliecat,moon-guard,191,druid,restoration,12,2,10
Grimshifta,kelthuzad,191,druid,restoration,12,2,10
Daweed,zuluhed,191,druid,restoration,12,2,10
Ellarrya,moon-guard,191,druid,restoration,12,2,10
Masilan,kelthuzad,191,druid,restoration,12,2,10
Denyou,aggramar,191,druid,restoration,12,2,10
Voodooshiftz,emerald-dream,191,druid,restoration,12,2,10
Wantto,moknathal,190,druid,restoration,12,2,10
Dreamwalk,stormrage,175,druid,restoration,17,3,14
Budhuka,nazjatar,175,druid,restoration,17,2,15
Vozx,area-52,159,druid,restoration,5,2,3
Sypìí,stormrage,159,druid,restoration,5,2,3
Ykr,sargeras,159,druid,restoration,5,2,3
Irl,frostmane,159,druid,restoration,8,3,5
Pvptactician,tichondrius,159,druid,restoration,11,4,7
Acidmoon,tichondrius,159,druid,restoration,14,3,11
Frenzymoon,zuljin,144,druid,restoration,3,3,0
Teddybëar,illidan,138,druid,restoration,9,3,6
Pokieoaks,zuljin,138,druid,restoration,10,3,7
Mojoforweeks,bleeding-hollow,138,druid,restoration,12,3,9
Galind,rexxar,128,druid,restoration,4,2,2
Alshari,proudmoore,128,druid,restoration,10,2,8
Crunkk,thunderlord,127,druid,restoration,14,2,12
Hille,sargeras,127,druid,restoration,14,2,12
Dotdmage,tichondrius,105,druid,restoration,15,3,12
Jruicy,frostmourne,96,druid,restoration,19,5,14
Forestmaster,area-52,96,druid,restoration,8,2,6
Kekepop,emerald-dream,96,druid,restoration,6,1,5
Logyoh,tichondrius,96,druid,restoration,6,1,5
Hòler,sargeras,96,druid,restoration,6,1,5
Vikkileaks,aegwynn,96,druid,restoration,6,1,5
Dsoul,tichondrius,96,druid,restoration,6,1,5
Nutless,illidan,96,druid,restoration,6,1,5
Orakuru,barthilas,96,druid,restoration,6,1,5
Natürëblÿät,illidan,96,druid,restoration,6,1,5
Beldiin,khazgoroth,96,druid,restoration,6,1,5
Slickshifter,sargeras,96,druid,restoration,6,1,5
Diligent,dathremar,96,druid,restoration,6,1,5
Opconvoke,illidan,96,druid,restoration,6,1,5
Feralgo,tichondrius,96,druid,restoration,6,1,5
Eldenis,drakkari,96,druid,restoration,6,1,5
Kendra,barthilas,96,druid,restoration,6,1,5
Rezl,sargeras,96,druid,restoration,6,1,5
Shiftingtaco,tichondrius,96,druid,restoration,6,1,5
Uzheals,zuljin,96,druid,restoration,6,1,5
Whitehaze,proudmoore,96,druid,restoration,6,1,5
Tyrander,tichondrius,96,druid,restoration,6,1,5
Sinistuhd,tichondrius,96,druid,restoration,6,1,5
Moonshocka,tichondrius,96,druid,restoration,6,1,5
Róce,stormrage,96,druid,restoration,6,1,5
Khenes,ragnaros,96,druid,restoration,6,1,5
Rakroz,emerald-dream,96,druid,restoration,6,1,5
Berserkr,lethon,96,druid,restoration,6,1,5
Cbreezyy,tichondrius,96,druid,restoration,6,1,5
Remorphose,tichondrius,96,druid,restoration,6,1,5
Ryhighd,sargeras,96,druid,restoration,6,1,5
Chomperz,tichondrius,96,druid,restoration,6,1,5
Botdruid,hyjal,96,druid,restoration,6,1,5
Irh,emerald-dream,96,druid,restoration,6,1,5
Suncintus,aggramar,96,druid,restoration,6,1,5
Peterdeleter,emerald-dream,96,druid,restoration,6,1,5
Rokvaahn,illidan,96,druid,restoration,6,1,5
Zeelán,emerald-dream,96,druid,restoration,6,1,5
Smitebacklol,tichondrius,96,druid,restoration,6,1,5
Gúdru,zuljin,96,druid,restoration,6,1,5
Djsummer,tichondrius,96,druid,restoration,6,1,5
Soñics,tichondrius,96,druid,restoration,6,1,5
Ayla,gorefiend,96,druid,restoration,6,1,5
Tirazul,area-52,96,druid,restoration,6,1,5
Commandozero,tichondrius,96,druid,restoration,6,1,5
Grímmjów,frostmourne,96,druid,restoration,6,1,5
Kurzul,area-52,96,druid,restoration,6,1,5
Moonkingx,ragnaros,96,druid,restoration,6,1,5
Theßanished,hellscream,96,druid,restoration,6,1,5
Moonfart,zuljin,96,druid,restoration,6,1,5
Moocowbear,illidan,96,druid,restoration,6,1,5
Sheeftah,illidan,96,druid,restoration,6,1,5
Baconsniper,illidan,96,druid,restoration,6,1,5
Alagorn,zangarmarsh,96,druid,restoration,6,1,5
Katastrophý,tichondrius,96,druid,restoration,6,1,5
Hammyaki,area-52,96,druid,restoration,6,1,5
Popsiclex,frostmourne,96,druid,restoration,6,1,5
Macfluff,emerald-dream,96,druid,restoration,6,1,5
Aimafengari,emerald-dream,96,druid,restoration,6,1,5
Skéla,emerald-dream,96,druid,restoration,6,1,5
Killerskullw,darkspear,96,druid,restoration,6,1,5
Raìñ,tichondrius,96,druid,restoration,6,1,5
Thiccybear,darkspear,96,druid,restoration,6,1,5
Cäirnëhöfblö,quelthalas,96,druid,restoration,6,1,5
Fusions,sargeras,96,druid,restoration,6,1,5
Nìck,the-scryers,96,druid,restoration,6,1,5
Animalstylee,tichondrius,96,druid,restoration,6,1,5
Robomexi,tichondrius,96,druid,restoration,6,1,5
Samully,area-52,96,druid,restoration,6,1,5
Bùgga,malfurion,96,druid,restoration,6,1,5
Kazamura,tichondrius,96,druid,restoration,6,1,5
Leoho,tichondrius,96,druid,restoration,6,1,5
Bërzerk,dalvengyr,96,druid,restoration,6,1,5
Scorpitary,ysera,96,druid,restoration,6,1,5
Lokobah,wyrmrest-accord,96,druid,restoration,6,1,5
Arienne,kelthuzad,96,druid,restoration,6,1,5
Malamew,antonidas,96,druid,restoration,6,1,5
Sily,frostmourne,96,druid,restoration,6,1,5
Wotermelon,moon-guard,96,druid,restoration,6,1,5
Framess,area-52,96,druid,restoration,6,1,5
Whizkas,quelthalas,96,druid,restoration,6,1,5
Arthridas,wyrmrest-accord,96,druid,restoration,6,1,5
Caminanube,quelthalas,96,druid,restoration,6,1,5
Ðjx,stormrage,96,druid,restoration,6,1,5
Barrahjr,frostmourne,96,druid,restoration,6,1,5
Kalmoe,kiljaeden,96,druid,restoration,6,1,5
Hurbd,frostmourne,96,druid,restoration,6,1,5
Treerex,area-52,96,druid,restoration,6,1,5
Alajandro,malganis,96,druid,restoration,6,1,5
Rastakant,malganis,96,druid,restoration,6,1,5
Cyios,moon-guard,96,druid,restoration,6,1,5
Fadingfast,frostmourne,96,druid,restoration,6,1,5
Kzdubya,stormrage,96,druid,restoration,6,1,5
Dedderita,bloodhoof,96,druid,restoration,6,1,5
Zabartak,lightnings-blade,96,druid,restoration,6,1,5
Dllz,drakthul,96,druid,restoration,6,1,5
Spatulas,malganis,96,druid,restoration,6,1,5
Juves,frostmourne,96,druid,restoration,6,1,5
Zorp,bleeding-hollow,96,druid,restoration,6,1,5
Kitcat,magtheridon,96,druid,restoration,6,1,5
Chuie,moon-guard,96,druid,restoration,6,1,5
Nuruu,frostmourne,96,druid,restoration,6,1,5
Cowboyydan,malganis,96,druid,restoration,6,1,5
Boomtre,malganis,96,druid,restoration,6,1,5
Nitemanee,moon-guard,96,druid,restoration,6,1,5
Nyanncat,frostmourne,96,druid,restoration,7,1,6
Lirilith,shadowsong,96,druid,restoration,16,2,14
Ikita,illidan,96,druid,restoration,8,1,7
Taztoc,stormrage,96,druid,restoration,11,1,10
Shebleeder,aegwynn,96,druid,restoration,11,1,10
Foracus,sargeras,96,druid,restoration,11,1,10
Adaeloth,hyjal,96,druid,restoration,12,1,11
Florella,misha,96,druid,restoration,12,1,11
Rebornwhisp,moon-guard,96,druid,restoration,12,1,11
Kaeliah,stormrage,96,druid,restoration,12,1,11
Durkanis,maelstrom,96,druid,restoration,12,1,11
Daxximus,area-52,96,druid,restoration,12,1,11
Framling,sargeras,96,druid,restoration,12,1,11
Whiteglade,moon-guard,96,druid,restoration,12,1,11
Idontmoo,area-52,96,druid,restoration,12,1,11
Bethorâ,suramar,96,druid,restoration,12,1,11
Moonessence,fenris,96,druid,restoration,12,1,11
Darezz,frostmourne,96,druid,restoration,12,1,11
Sinigang,duskwood,96,druid,restoration,12,1,11
Morezby,frostmourne,96,druid,restoration,12,1,11
Vanarus,khaz-modan,96,druid,restoration,12,1,11
Kityboom,bleeding-hollow,96,druid,restoration,12,1,11
Flörence,drakkari,96,druid,restoration,12,1,11
Kopidruid,barthilas,96,druid,restoration,12,1,11
Theserbian,mugthol,96,druid,restoration,12,1,11
Carboz,jubeithos,96,druid,restoration,12,1,11
Mofoogoo,laughing-skull,96,druid,restoration,13,1,12
Thorsèn,sargeras,96,druid,restoration,15,1,14
Títanía,stormrage,96,druid,restoration,24,1,23
Grakzul,blood-furnace,95,druid,restoration,9,2,7
Herbalife,stormrage,95,druid,restoration,6,1,5
Bbabbi,tichondrius,89,druid,restoration,5,3,2
Pawblems,sargeras,79,druid,restoration,5,1,4
Miviaris,alleria,79,druid,restoration,5,1,4
Eliteshift,frostmourne,64,druid,restoration,4,1,3
Pownage,kelthuzad,64,druid,restoration,16,1,15
Bòmi,tichondrius,63,druid,restoration,2,2,0
Nightwinter,area-52,42,druid,restoration,10,2,8
Dankymoo,thunderlord,31,druid,restoration,2,1,1
Valrathsx,arthas,31,druid,restoration,2,1,1
Suwonhealer,tichondrius,31,druid,restoration,8,1,7
Landro,tichondrius,1373,druid,guardian,107,51,56
Rudar,sargeras,1337,druid,guardian,30,14,16
Kobebeef,malganis,1203,druid,guardian,30,13,17
Ntseebxoxoxg,gurubashi,1160,druid,guardian,84,40,44
Ashamang,emerald-dream,1135,druid,guardian,30,16,14
Haalls,gallywix,1110,druid,guardian,54,16,38
Yurius,kiljaeden,1107,druid,guardian,36,21,15
Ürsus,quelthalas,1106,druid,guardian,72,32,40
Theme,frostwolf,1089,druid,guardian,48,18,30
Crashägásm,proudmoore,1062,druid,guardian,30,15,15
Firash,frostmourne,1040,druid,guardian,33,19,14
Gojen,stonemaul,963,druid,guardian,55,14,41
Kesagake,feathermoon,921,druid,guardian,18,10,8
Nerfmesoon,sargeras,920,druid,guardian,22,10,12
Muphasax,ragnaros,865,druid,guardian,104,41,63
Aìón,emerald-dream,864,druid,guardian,34,16,18
Maraliss,shadowsong,863,druid,guardian,30,14,16
Caliwagon,dalaran,861,druid,guardian,37,16,21
Mordu,rivendare,838,druid,guardian,25,9,16
Giddeonv,draenor,833,druid,guardian,18,9,9
Strivinz,kelthuzad,811,druid,guardian,26,10,16
Gums,lightbringer,800,druid,guardian,95,30,65
Manasmi,frostmourne,795,druid,guardian,90,38,52
Inxert,tichondrius,792,druid,guardian,16,9,7
Gifteddream,zuljin,759,druid,guardian,24,9,15
Ishiftalot,bleeding-hollow,758,druid,guardian,21,9,12
Dalidielor,dalaran,671,druid,guardian,18,7,11
Koan,proudmoore,671,druid,guardian,24,7,17
Jacinty,saurfang,670,druid,guardian,18,7,11
Multivar,burning-legion,669,druid,guardian,12,7,5
Penjamiin,tichondrius,660,druid,guardian,18,7,11
Agmukar,wyrmrest-accord,659,druid,guardian,12,7,5
Lycanthus,thrall,575,druid,guardian,12,6,6
Moistism,khazgoroth,575,druid,guardian,24,6,18
Rektx,area-52,574,druid,guardian,12,6,6
Bjørnen,thrall,570,druid,guardian,12,6,6
Sloom,zuljin,480,druid,guardian,12,5,7
Agaxaido,azgalor,480,druid,guardian,12,5,7
Ferio,moon-guard,480,druid,guardian,24,5,19
Chärmin,area-52,479,druid,guardian,12,5,7
Zhangfei,barthilas,479,druid,guardian,12,5,7
Balanah,quelthalas,472,druid,guardian,15,6,9
Maen,kelthuzad,384,druid,guardian,6,4,2
Tommygomy,illidan,384,druid,guardian,6,4,2
Bigxworm,gurubashi,384,druid,guardian,12,4,8
Krylax,sargeras,384,druid,guardian,12,4,8
Bleedhoof,frostmourne,384,druid,guardian,12,4,8
Druidd,moonrunner,384,druid,guardian,12,4,8
Wraithman,madoran,383,druid,guardian,6,4,2
Vennfox,illidan,383,druid,guardian,12,4,8
Tankbareass,aerie-peak,382,druid,guardian,18,4,14
Cléa,illidan,381,druid,guardian,12,4,8
Weedmans,turalyon,288,druid,guardian,6,3,3
Peteybears,stormrage,288,druid,guardian,6,3,3
Jumånjï,tichondrius,288,druid,guardian,6,3,3
Zultuot,azralon,288,druid,guardian,6,3,3
Jüggernäut,area-52,288,druid,guardian,12,3,9
Woozydruid,anetheron,288,druid,guardian,12,3,9
Cayinna,altar-of-storms,288,druid,guardian,12,3,9
Deutschland,whisperwind,288,druid,guardian,12,3,9
Manwool,illidan,288,druid,guardian,12,3,9
Read,boulderfist,288,druid,guardian,12,3,9
Israh,malygos,287,druid,guardian,12,3,9
Mavren,uldaman,286,druid,guardian,6,3,3
Jussgrimm,kiljaeden,271,druid,guardian,11,3,8
Classykitty,tichondrius,192,druid,guardian,4,3,1
Drürsidae,malganis,192,druid,guardian,6,2,4
Skrimshaw,burning-legion,192,druid,guardian,6,2,4
Fluff,gurubashi,192,druid,guardian,6,2,4
Athious,moon-guard,192,druid,guardian,6,2,4
Battlecát,stormscale,192,druid,guardian,6,2,4
Mommyh,duskwood,192,druid,guardian,6,2,4
Spacex,amanthul,192,druid,guardian,6,2,4
Lilgushy,area-52,192,druid,guardian,6,2,4
Avbox,proudmoore,192,druid,guardian,6,2,4
Bimbobear,moon-guard,192,druid,guardian,6,2,4
Widedually,aegwynn,191,druid,guardian,6,2,4
Eithelsa,frostmourne,191,druid,guardian,6,2,4
Altabarda,quelthalas,191,druid,guardian,12,2,10
Meliódás,area-52,191,druid,guardian,18,2,16
Extail,ragnaros,191,druid,guardian,18,2,16
Gornish,azralon,190,druid,guardian,12,2,10
Moonshocka,tichondrius,96,druid,guardian,6,1,5
Weezydende,area-52,96,druid,guardian,6,1,5
Wintarz,sargeras,96,druid,guardian,6,1,5
Cawkaw,frostwolf,96,druid,guardian,6,1,5
Drur,zuljin,96,druid,guardian,6,1,5
Sixfeetunder,shattered-halls,96,druid,guardian,6,1,5
Enrÿu,nemesis,96,druid,guardian,6,1,5
Malvolo,eredar,96,druid,guardian,6,1,5
Juicecarton,thrall,96,druid,guardian,6,1,5
Aurno,queldorei,96,druid,guardian,6,1,5
Funkbear,black-dragonflight,96,druid,guardian,6,1,5
Vindecca,kelthuzad,96,druid,guardian,6,1,5
Finntann,moon-guard,96,druid,guardian,6,1,5
Flenser,frostmane,96,druid,guardian,6,1,5
Kushtiger,ragnaros,96,druid,guardian,6,1,5
Divax,proudmoore,96,druid,guardian,12,1,11
Varcoe,stormrage,96,druid,guardian,12,1,11
Abuz,azralon,96,druid,guardian,12,1,11
Kylysea,dalaran,96,druid,guardian,12,1,11
Chathos,emerald-dream,96,druid,guardian,12,1,11
Vineclaw,emerald-dream,96,druid,guardian,12,1,11
Fulmerethine,emerald-dream,96,druid,guardian,12,1,11
Woowis,stormrage,96,druid,guardian,12,1,11
Lakroz,zuljin,95,druid,guardian,6,1,5
Cheyvá,proudmoore,79,druid,guardian,5,1,4
Sitruk,uldum,63,druid,guardian,10,1,9
Ogdaugh,nagrand,48,druid,guardian,3,1,2
Floppa,whisperwind,2243,druid,feral,102,56,46
Auntsusie,stormrage,2237,druid,feral,125,78,47
Bawbe,lightbringer,2227,druid,feral,125,68,57
Marvin,stormreaver,2201,druid,feral,94,49,45
Loser,stormrage,2190,druid,feral,93,49,44
Bassy,whisperwind,2185,druid,feral,106,55,51
Jaguar,whisperwind,2183,druid,feral,117,62,55
Nyç,sargeras,2139,druid,feral,216,116,100
Kynvi,moon-guard,2133,druid,feral,78,41,37
Crunchyroll,sargeras,2126,druid,feral,168,91,77
Iinkinbio,alleria,2124,druid,feral,84,50,34
Duzis,tichondrius,2122,druid,feral,188,102,86
Porkonmyfork,frostmourne,2111,druid,feral,88,48,40
Yüxy,sargeras,2105,druid,feral,186,93,93
Formrage,jubeithos,2095,druid,feral,230,120,110
Evildooer,stormrage,2088,druid,feral,108,51,57
Angryalyu,tichondrius,2073,druid,feral,240,117,123
Trìckyz,tichondrius,2068,druid,feral,284,148,136
Linkinbiox,alleria,2063,druid,feral,78,42,36
Boomboombom,tichondrius,2054,druid,feral,119,72,47
Henikbite,zuljin,2020,druid,feral,131,68,63
Calikonger,spirestone,2000,druid,feral,66,34,32
Amellies,quelthalas,1999,druid,feral,274,143,131
Cliodhna,kelthuzad,1972,druid,feral,126,66,60
Beomjun,tichondrius,1970,druid,feral,128,69,59
Boomboomboom,misha,1969,druid,feral,355,178,177
Floorz,firetree,1969,druid,feral,54,27,27
Babekisser,stormrage,1961,druid,feral,130,69,61
Vinjo,ragnaros,1955,druid,feral,90,42,48
Pdfilewatch,stormrage,1943,druid,feral,42,30,12
Feeg,sargeras,1937,druid,feral,65,33,32
Fuujinn,korgath,1932,druid,feral,66,38,28
Cracked,vashj,1925,druid,feral,111,68,43
Floorz,bleeding-hollow,1923,druid,feral,117,55,62
Abstractf,sargeras,1916,druid,feral,92,51,41
Rwhatkr,tichondrius,1916,druid,feral,53,24,29
Chowxx,tichondrius,1910,druid,feral,96,45,51
Skrambles,mugthol,1906,druid,feral,75,36,39
Samuel,ravencrest,1897,druid,feral,60,33,27
Ryecoke,stormrage,1894,druid,feral,66,36,30
Ripbot,sargeras,1894,druid,feral,59,31,28
Duhfective,proudmoore,1887,druid,feral,65,33,32
Soaring,moon-guard,1883,druid,feral,57,31,26
Suedle,kelthuzad,1883,druid,feral,53,27,26
Yukjr,stormrage,1882,druid,feral,155,77,78
Cntomy,tichondrius,1874,druid,feral,66,34,32
Mocfernando,sargeras,1873,druid,feral,60,31,29
Nèffex,sargeras,1869,druid,feral,96,51,45
Vebee,frostmourne,1864,druid,feral,95,53,42
Hypérion,dalaran,1863,druid,feral,101,46,55
Astrozxy,sargeras,1860,druid,feral,42,23,19
Zuljor,sargeras,1849,druid,feral,65,40,25
Ivangamaz,area-52,1847,druid,feral,53,30,23
Feorb,sargeras,1846,druid,feral,72,31,41
Meldzetzan,tichondrius,1845,druid,feral,49,30,19
Fappywapple,kiljaeden,1845,druid,feral,161,78,83
Sammy,scilla,1842,druid,feral,84,40,44
Lesliewj,proudmoore,1841,druid,feral,71,38,33
Tyxi,bleeding-hollow,1839,druid,feral,46,31,15
Hriiya,tichondrius,1838,druid,feral,101,46,55
Darmari,quelthalas,1833,druid,feral,71,30,41
Alleae,stormrage,1831,druid,feral,78,39,39
Yayue,tichondrius,1830,druid,feral,72,37,35
Bpdferal,stormrage,1828,druid,feral,180,99,81
Unfriendly,bleeding-hollow,1826,druid,feral,227,126,101
Russiaguy,area-52,1826,druid,feral,271,141,130
Kittendev,tichondrius,1825,druid,feral,84,37,47
Feignxd,emerald-dream,1823,druid,feral,60,43,17
Brawleyx,tichondrius,1822,druid,feral,118,60,58
Tenavï,stormrage,1821,druid,feral,66,32,34
Chrye,tichondrius,1820,druid,feral,69,35,34
Sporadiclive,sargeras,1819,druid,feral,60,29,31
Catzetzan,tichondrius,1813,druid,feral,42,23,19
Kakaroot,tichondrius,1813,druid,feral,153,78,75
Grizzlepaw,tichondrius,1812,druid,feral,222,124,98
Hugecat,tichondrius,1812,druid,feral,60,26,34
Wildfire,nesingwary,1811,druid,feral,140,77,63
Stellar,steamwheedle-cartel,1811,druid,feral,138,66,72
Brewdock,boulderfist,1809,druid,feral,117,58,59
Tyx,bleeding-hollow,1796,druid,feral,110,51,59
Flayx,frostmourne,1795,druid,feral,60,28,32
Ërebüs,emerald-dream,1791,druid,feral,77,33,44
Wowgamer,sargeras,1789,druid,feral,54,34,20
Lemön,frostmourne,1788,druid,feral,90,45,45
Loserceo,stormrage,1785,druid,feral,42,25,17
Killuf,quelthalas,1784,druid,feral,101,39,62
Kolbie,emerald-dream,1781,druid,feral,206,111,95
Durwyn,sargeras,1773,druid,feral,350,176,174
Kakagroot,tichondrius,1769,druid,feral,54,30,24
Save,aerie-peak,1769,druid,feral,54,27,27
Raincloud,mannoroth,1768,druid,feral,61,37,24
Fangry,queldorei,1768,druid,feral,112,61,51
Sappora,illidan,1768,druid,feral,190,96,94
Addymeow,drenden,1767,druid,feral,60,35,25
Porkloafed,illidan,1765,druid,feral,207,108,99
Icespicè,tichondrius,1765,druid,feral,120,56,64
Yoruìchí,tichondrius,1759,druid,feral,36,23,13
Notapn,tichondrius,1756,druid,feral,137,69,68
Fliip,barthilas,1755,druid,feral,59,30,29
Idiotferal,tortheldrin,1754,druid,feral,59,37,22
Mhdd,tichondrius,1754,druid,feral,72,39,33
Kobez,bleeding-hollow,1748,druid,feral,84,46,38
Atrumn,emerald-dream,1743,druid,feral,132,64,68
Tabbsy,frostmourne,1741,druid,feral,90,37,53
Proudfurryxo,dragonmaw,1735,druid,feral,56,29,27
Stêff,zuljin,1731,druid,feral,150,79,71
Gaday,malganis,1731,druid,feral,120,58,62
Erykk,dalaran,1727,druid,feral,72,34,38
Tompunch,tichondrius,1725,druid,feral,134,67,67
Bhen,tichondrius,1724,druid,feral,54,26,28
Akamu,nemesis,1724,druid,feral,78,31,47
Extic,sargeras,1721,druid,feral,84,47,37
Nitetree,thrall,1719,druid,feral,96,50,46
Jihadibleeds,stormrage,1717,druid,feral,65,46,19
Retzerbil,sargeras,1716,druid,feral,24,18,6
Zenlonn,emerald-dream,1715,druid,feral,56,28,28
Plux,illidan,1714,druid,feral,186,102,84
Thycamore,cenarius,1708,druid,feral,60,23,37
Xyphor,bladefist,1706,druid,feral,48,26,22
Féralis,sargeras,1705,druid,feral,38,21,17
Ferar,frostmourne,1704,druid,feral,125,63,62
Zyhsul,emerald-dream,1702,druid,feral,54,26,28
Nicó,darkspear,1701,druid,feral,135,65,70
Europecat,stormrage,1698,druid,feral,36,20,16
Swindlestan,zuljin,1698,druid,feral,147,79,68
Dewfuss,tichondrius,1697,druid,feral,60,35,25
Yavà,tichondrius,1697,druid,feral,90,51,39
Djdontlose,stormrage,1695,druid,feral,133,71,62
Fuqet,kelthuzad,1694,druid,feral,198,97,101
Cjæ,bleeding-hollow,1693,druid,feral,40,26,14
Amishal,stormrage,1691,druid,feral,90,43,47
Turow,firetree,1690,druid,feral,53,25,28
Ocêanus,sargeras,1689,druid,feral,31,27,4
Rotclaws,stormrage,1688,druid,feral,63,33,30
Bobochan,tichondrius,1688,druid,feral,48,18,30
Yukjr,tichondrius,1686,druid,feral,48,20,28
Flowkie,illidan,1684,druid,feral,140,70,70
Akanx,tichondrius,1677,druid,feral,36,21,15
Conker,frostmourne,1677,druid,feral,252,129,123
Bearoids,daggerspine,1676,druid,feral,66,40,26
Nrp,stormrage,1676,druid,feral,132,56,76
Oroskii,bleeding-hollow,1671,druid,feral,71,35,36
Bearlylegalz,kelthuzad,1671,druid,feral,48,23,25
Jpegcollectr,tichondrius,1670,druid,feral,94,38,56
Redhotbean,tichondrius,1665,druid,feral,40,23,17
Yavann,tichondrius,1663,druid,feral,124,68,56
Gabdruid,kiljaeden,1661,druid,feral,66,33,33
Feraly,malganis,1659,druid,feral,48,25,23
Elgatomarica,ragnaros,1655,druid,feral,96,51,45
Chasertv,tichondrius,1650,druid,feral,36,19,17
Milkmoneymeo,illidan,1650,druid,feral,42,20,22
Zlegacy,anvilmar,1650,druid,feral,54,21,33
Rokaizu,dalaran,1649,druid,feral,65,30,35
Lakunahof,ragnaros,1647,druid,feral,57,29,28
Kyoski,moon-guard,1645,druid,feral,34,19,15
Zirrie,stormrage,1643,druid,feral,74,40,34
Phøënîx,tichondrius,1643,druid,feral,42,18,24
Bigbite,tichondrius,1642,druid,feral,66,37,29
Jizzie,tichondrius,1640,druid,feral,120,71,49
Nuadris,azralon,1638,druid,feral,173,87,86
Snowfaerie,moon-guard,1634,druid,feral,482,260,222
Koochii,tichondrius,1633,druid,feral,57,31,26
Ging,azralon,1630,druid,feral,30,17,13
Ohaa,sargeras,1628,druid,feral,18,17,1
Foxmeowz,blackwater-raiders,1627,druid,feral,36,20,16
Jiffynuts,proudmoore,1627,druid,feral,36,18,18
Yobibit,terenas,1627,druid,feral,78,38,40
Shiftage,frostmane,1627,druid,feral,57,22,35
Weedsmuggler,burning-legion,1626,druid,feral,284,149,135
Beastbaby,eldrethalas,1626,druid,feral,51,21,30
Uag,emerald-dream,1625,druid,feral,30,17,13
Prille,tichondrius,1624,druid,feral,45,23,22
Susruth,area-52,1619,druid,feral,42,18,24
Off,ravencrest,1618,druid,feral,177,88,89
Enya,stormreaver,1618,druid,feral,66,31,35
Hiddenfur,ragnaros,1617,druid,feral,36,19,17
Lycanthrøpe,moon-guard,1617,druid,feral,128,57,71
Poosnickety,kelthuzad,1617,druid,feral,49,21,28
Faelonk,frostmourne,1615,druid,feral,150,79,71
Wøs,area-52,1615,druid,feral,98,50,48
Csinii,bleeding-hollow,1615,druid,feral,72,30,42
Anxietyburns,stormrage,1612,druid,feral,93,52,41
Clutchtime,sentinels,1610,druid,feral,46,21,25
Xanybarz,stormrage,1608,druid,feral,131,65,66
Ulcera,nemesis,1607,druid,feral,60,39,21
Chococrispis,quelthalas,1606,druid,feral,48,21,27
Batterydruid,silvermoon,1605,druid,feral,36,20,16
Lunacore,illidan,1605,druid,feral,97,50,47
Darkombra,frostmourne,1604,druid,feral,106,55,51
Fyrkax,sargeras,1603,druid,feral,30,19,11
Hapgood,archimonde,1602,druid,feral,42,17,25
Kittycudi,hyjal,1601,druid,feral,28,18,10
Zwaski,thrall,1601,druid,feral,162,78,84
Oldtomcat,moon-guard,1601,druid,feral,96,45,51
Blrr,sargeras,1601,druid,feral,138,62,76
Nobruh,sargeras,1600,druid,feral,150,73,77
Feralgo,tichondrius,1600,druid,feral,36,17,19
Tysandra,sargeras,1600,druid,feral,42,17,25
Irontree,dunemaul,1598,druid,feral,48,23,25
Unfunnyferal,kelthuzad,1596,druid,feral,42,19,23
Dahmu,malygos,1595,druid,feral,225,117,108
Blêêd,stormscale,1590,druid,feral,61,40,21
Mxdi,tichondrius,1588,druid,feral,48,26,22
Rank,nerzhul,1588,druid,feral,126,59,67
Poppynoff,barthilas,1587,druid,feral,71,29,42
Slanue,tichondrius,1585,druid,feral,76,33,43
Ursarius,skullcrusher,1584,druid,feral,89,43,46
Aquahektik,malganis,1584,druid,feral,72,28,44
Sheeyts,tichondrius,1582,druid,feral,119,65,54
Duckystryker,tichondrius,1582,druid,feral,66,31,35
Shreds,kirin-tor,1581,druid,feral,55,19,36
Bobmarli,kiljaeden,1580,druid,feral,36,18,18
Meanbear,stormrage,1577,druid,feral,54,27,27
Jaspurr,illidan,1574,druid,feral,60,33,27
Jeppcat,tichondrius,1572,druid,feral,30,17,13
Skyde,sargeras,1571,druid,feral,93,42,51
Dustin,moon-guard,1569,druid,feral,151,76,75
Nikola,dreadmaul,1566,druid,feral,63,30,33
Prêdator,ragnaros,1562,druid,feral,173,93,80
Luvgames,area-52,1561,druid,feral,113,56,57
Melez,kelthuzad,1556,druid,feral,253,130,123
Kibbens,area-52,1556,druid,feral,208,101,107
Kyrô,sargeras,1555,druid,feral,60,26,34
Kdrumania,tichondrius,1552,druid,feral,269,140,129
Kwilli,tichondrius,1550,druid,feral,114,58,56
Bitenscratch,tichondrius,1548,druid,feral,42,17,25
Goldferal,illidan,1545,druid,feral,48,31,17
Yuandi,tichondrius,1545,druid,feral,60,36,24
Prowli,tichondrius,1545,druid,feral,197,105,92
Darkosdruid,tichondrius,1544,druid,feral,60,32,28
Kaisuckslol,stormrage,1543,druid,feral,150,76,74
Franksuba,windrunner,1541,druid,feral,126,61,65
Rahxay,quelthalas,1539,druid,feral,71,32,39
Jonio,tichondrius,1539,druid,feral,71,30,41
Lïberty,ragnaros,1537,druid,feral,36,23,13
Swolareclips,eitrigg,1536,druid,feral,197,97,100
Delorík,illidan,1534,druid,feral,66,32,34
Dimsump,zuljin,1534,druid,feral,68,24,44
Wildwhisper,moon-guard,1533,druid,feral,90,42,48
Waggs,illidan,1532,druid,feral,36,16,20
Theømega,stormrage,1530,druid,feral,59,31,28
Cawkaw,frostwolf,1528,druid,feral,122,62,60
Welshblack,tichondrius,1528,druid,feral,40,18,22
Féràlgøðx,sargeras,1526,druid,feral,24,16,8
Galind,rexxar,1524,druid,feral,40,26,14
Senex,stormrage,1518,druid,feral,100,60,40
Dobromar,quelthalas,1517,druid,feral,64,34,30
Sïmba,andorhal,1516,druid,feral,119,49,70
Gnairda,sargeras,1514,druid,feral,246,131,115
Sugarbawls,area-52,1514,druid,feral,108,52,56
Pretzle,kelthuzad,1514,druid,feral,95,37,58
Cätwälk,gnomeregan,1511,druid,feral,36,16,20
Csagan,spirestone,1506,druid,feral,78,41,37
Gregondor,skullcrusher,1506,druid,feral,48,24,24
Awarz,drakkari,1505,druid,feral,48,23,25
Shmayba,malganis,1504,druid,feral,30,16,14
Lucky,destromath,1504,druid,feral,204,94,110
Toysruskyd,sargeras,1503,druid,feral,48,21,27
Vintera,sargeras,1502,druid,feral,184,105,79
Koducck,tichondrius,1502,druid,feral,60,32,28
Kushtiger,ragnaros,1502,druid,feral,105,53,52
Whitetigeris,tichondrius,1501,druid,feral,36,20,16
Barnedruid,stormreaver,1500,druid,feral,36,18,18
Hööper,illidan,1500,druid,feral,96,43,53
Fastcat,moon-guard,1499,druid,feral,106,56,50
Tree,lothar,1497,druid,feral,48,29,19
Houseboat,hellscream,1495,druid,feral,78,29,49
Jurasico,ragnaros,1494,druid,feral,378,191,187
Luluid,tichondrius,1494,druid,feral,95,45,50
Ozex,crushridge,1490,druid,feral,88,39,49
Mordrynn,veknilash,1487,druid,feral,110,66,44
Nightshift,dalvengyr,1487,druid,feral,48,25,23
Azakana,sargeras,1484,druid,feral,29,17,12
Fendiy,barthilas,1484,druid,feral,108,56,52
Hoppus,icecrown,1484,druid,feral,111,50,61
Flufball,whisperwind,1480,druid,feral,66,35,31
Käïïjü,tichondrius,1479,druid,feral,106,45,61
Revcow,malganis,1477,druid,feral,48,24,24
Sharknado,haomarush,1477,druid,feral,53,22,31
Dillywadz,tichondrius,1476,druid,feral,235,111,124
Lunarboy,tichondrius,1472,druid,feral,67,31,36
Haneulso,tichondrius,1467,druid,feral,96,51,45
Chitára,ragnaros,1466,druid,feral,198,104,94
Andaror,azralon,1464,druid,feral,42,20,22
Duuj,illidan,1462,druid,feral,30,22,8
Shiftalk,nerzhul,1461,druid,feral,107,52,55
Zivak,azshara,1460,druid,feral,66,32,34
Hoffhoff,area-52,1458,druid,feral,36,22,14
Badferal,blackhand,1455,druid,feral,78,38,40
Erwelz,quelthalas,1455,druid,feral,41,19,22
Bullcritzz,saurfang,1453,druid,feral,118,66,52
Freinnar,kiljaeden,1453,druid,feral,84,40,44
Dababÿ,frostmourne,1451,druid,feral,59,31,28
Catahmine,thrall,1450,druid,feral,44,20,24
Azuredreams,bleeding-hollow,1449,druid,feral,68,34,34
Bossdru,sargeras,1447,druid,feral,53,31,22
Amanardra,wyrmrest-accord,1445,druid,feral,42,23,19
Kongquest,emerald-dream,1445,druid,feral,71,28,43
Chomperz,tichondrius,1442,druid,feral,85,45,40
Wuby,tichondrius,1441,druid,feral,78,38,40
Scratchh,darkspear,1438,druid,feral,135,68,67
Aldr,tichondrius,1438,druid,feral,62,29,33
Malu,muradin,1436,druid,feral,88,51,37
Jayp,thrall,1436,druid,feral,67,28,39
Doblun,nemesis,1436,druid,feral,60,20,40
Surmise,tichondrius,1435,druid,feral,130,74,56
Shiftex,arthas,1434,druid,feral,144,72,72
Mysubrogue,veknilash,1432,druid,feral,24,15,9
Feond,illidan,1430,druid,feral,94,49,45
Moonraker,caelestrasz,1427,druid,feral,83,44,39
Zulas,thrall,1426,druid,feral,53,21,32
Amdruid,bloodhoof,1425,druid,feral,32,17,15
Nomnomnomn,chogall,1424,druid,feral,34,19,15
Makonis,tichondrius,1424,druid,feral,36,20,16
Hellodan,proudmoore,1422,druid,feral,96,41,55
Getahfix,frostmourne,1422,druid,feral,72,29,43
Kaissara,nemesis,1420,druid,feral,32,17,15
Oobuck,kilrogg,1415,druid,feral,54,29,25
Gairen,the-venture-co,1413,druid,feral,48,25,23
Neetform,zuljin,1413,druid,feral,65,30,35
Chambz,tichondrius,1412,druid,feral,163,85,78
Traxxo,tichondrius,1412,druid,feral,66,29,37
Silvshifter,frostmourne,1410,druid,feral,47,32,15
Muwudred,stormrage,1410,druid,feral,36,15,21
Clarice,shattered-halls,1409,druid,feral,24,15,9
Eletto,stormrage,1409,druid,feral,54,26,28
Oreganic,barthilas,1408,druid,feral,99,49,50
Vakimumu,anubarak,1407,druid,feral,68,33,35
Ikkarus,nemesis,1405,druid,feral,150,75,75
Pibily,sargeras,1405,druid,feral,54,17,37
Soupyhooves,dalaran,1404,druid,feral,36,17,19
Classydruid,spinebreaker,1404,druid,feral,102,47,55
Shïfty,tichondrius,1403,druid,feral,30,16,14
Gotroadrash,azuremyst,1402,druid,feral,47,29,18
Bênî,emerald-dream,1402,druid,feral,128,61,67
Frostyshakes,stormrage,1401,druid,feral,182,91,91
Flowke,illidan,1401,druid,feral,32,16,16
Bloodynine,cairne,1401,druid,feral,36,16,20
Boofings,sargeras,1400,druid,feral,34,19,15
Zuga,the-venture-co,1399,druid,feral,84,46,38
Ðárk,ragnaros,1399,druid,feral,29,15,14
Gonjatusk,ravencrest,1397,druid,feral,54,30,24
Sweetxtooth,area-52,1397,druid,feral,92,48,44
Clawin,frostmourne,1395,druid,feral,24,15,9
Vaniedron,zuljin,1395,druid,feral,152,64,88
Fugekî,zuljin,1393,druid,feral,125,66,59
Chin,ysera,1391,druid,feral,23,15,8
Ytgamezoned,darkspear,1390,druid,feral,30,16,14
Oneinchclaw,malganis,1389,druid,feral,84,41,43
Niwßor,azralon,1388,druid,feral,133,67,66
Naturestouch,tichondrius,1388,druid,feral,36,15,21
Darkasto,nemesis,1381,druid,feral,56,24,32
Hroney,area-52,1379,druid,feral,54,22,32
Tommyjimmy,andorhal,1378,druid,feral,66,33,33
Azrethyu,emerald-dream,1377,druid,feral,207,91,116
Craak,tichondrius,1376,druid,feral,41,19,22
Carboz,jubeithos,1375,druid,feral,54,26,28
Sloom,zuljin,1370,druid,feral,155,74,81
Malfurionsto,moon-guard,1369,druid,feral,148,64,84
Raynark,azralon,1367,druid,feral,54,23,31
Herbx,sargeras,1366,druid,feral,60,30,30
Reversflash,emerald-dream,1363,druid,feral,48,22,26
Boll,akama,1361,druid,feral,34,15,19
Treespec,stormrage,1359,druid,feral,46,24,22
Dätto,thrall,1357,druid,feral,71,37,34
Roots,anubarak,1357,druid,feral,116,59,57
Hjerim,quelthalas,1356,druid,feral,62,29,33
Treeweed,tichondrius,1355,druid,feral,87,44,43
Psychofeör,quelthalas,1355,druid,feral,136,66,70
Iamnature,dalaran,1355,druid,feral,67,30,37
Fennel,korgath,1354,druid,feral,61,28,33
Kotau,azralon,1353,druid,feral,96,61,35
Fugg,frostmourne,1350,druid,feral,84,34,50
Barbary,tichondrius,1347,druid,feral,42,21,21
Datkittydoe,kiljaeden,1346,druid,feral,61,30,31
Servax,illidan,1344,druid,feral,47,24,23
Zazieraiel,moon-guard,1344,druid,feral,177,83,94
Darkdragoonz,barthilas,1344,druid,feral,43,20,23
Glenn,norgannon,1343,druid,feral,24,14,10
Taiga,moon-guard,1343,druid,feral,24,14,10
Azoth,hyjal,1342,druid,feral,24,14,10
Druidydruid,blackrock,1342,druid,feral,52,24,28
Threeo,burning-blade,1341,druid,feral,28,18,10
Muidruid,thrall,1341,druid,feral,36,17,19
Smeow,zuljin,1339,druid,feral,39,16,23
Ceo,blackwater-raiders,1338,druid,feral,62,35,27
Melonhole,darkspear,1338,druid,feral,30,14,16
Samirgodx,tichondrius,1337,druid,feral,36,16,20
Riemannzeta,azgalor,1336,druid,feral,66,35,31
Swornenemy,mugthol,1336,druid,feral,87,45,42
Torilisather,ragnaros,1336,druid,feral,32,16,16
Funkattack,tichondrius,1336,druid,feral,30,14,16
Beargodx,stormrage,1335,druid,feral,102,56,46
Facegotrake,stormrage,1333,druid,feral,24,14,10
Midnightmeat,tichondrius,1331,druid,feral,94,49,45
Nearkoo,tichondrius,1330,druid,feral,30,14,16
Khyzan,illidan,1329,druid,feral,82,43,39
Kiwidru,frostmourne,1329,druid,feral,30,14,16
Griefs,emerald-dream,1327,druid,feral,30,14,16
Freddiemerk,moon-guard,1326,druid,feral,36,21,15
Blut,stormrage,1326,druid,feral,300,142,158
Marathel,wyrmrest-accord,1325,druid,feral,30,14,16
Bloodriot,wyrmrest-accord,1323,druid,feral,93,44,49
Miviaris,alleria,1323,druid,feral,30,14,16
Bukybuky,tichondrius,1322,druid,feral,111,54,57
Bullboy,frostmourne,1320,druid,feral,30,17,13
Bleedz,mugthol,1319,druid,feral,36,18,18
Tardcakes,tichondrius,1318,druid,feral,92,44,48
Bigthirty,area-52,1315,druid,feral,36,20,16
Cheshiire,moon-guard,1313,druid,feral,191,91,100
Ninefeet,argent-dawn,1311,druid,feral,96,49,47
Drbraino,sargeras,1311,druid,feral,42,19,23
Jasminonmars,zuluhed,1305,druid,feral,65,36,29
Asteriel,stormrage,1305,druid,feral,52,25,27
Infected,jubeithos,1305,druid,feral,46,18,28
Furryboyxd,saurfang,1303,druid,feral,63,30,33
Hoofin,blackwing-lair,1303,druid,feral,96,39,57
Nyanncat,frostmourne,1302,druid,feral,30,14,16
Nojiling,quelthalas,1301,druid,feral,55,24,31
Bearlielegal,stormrage,1298,druid,feral,24,14,10
Dorio,quelthalas,1298,druid,feral,54,28,26
Duckieheit,sargeras,1298,druid,feral,52,24,28
Sahksi,lothar,1297,druid,feral,60,30,30
Mbarakaja,malganis,1297,druid,feral,155,73,82
Hektuk,barthilas,1296,druid,feral,46,27,19
Anessan,silvermoon,1296,druid,feral,44,23,21
Percefhone,azralon,1296,druid,feral,122,56,66
Gapingloli,tichondrius,1295,druid,feral,51,25,26
Beygatti,sargeras,1295,druid,feral,85,40,45
Riseagainst,ragnaros,1294,druid,feral,52,30,22
Queiq,malganis,1292,druid,feral,30,15,15
Ribushe,stormrage,1292,druid,feral,90,40,50
Panyot,kiljaeden,1291,druid,feral,66,33,33
Wabbehkus,barthilas,1291,druid,feral,138,56,82
Hermbott,proudmoore,1288,druid,feral,78,41,37
Senorcholo,malganis,1287,druid,feral,84,40,44
Pachacamac,dragonmaw,1285,druid,feral,48,21,27
Zelyvia,moon-guard,1283,druid,feral,48,23,25
Canlexd,moon-guard,1283,druid,feral,121,54,67
Orthognathic,emerald-dream,1282,druid,feral,87,52,35
Erahar,illidan,1281,druid,feral,46,24,22
Khaoticklaw,stormrage,1280,druid,feral,46,23,23
Ðreadfang,tichondrius,1278,druid,feral,71,39,32
Moonbow,frostmourne,1276,druid,feral,30,15,15
Bearjoo,kelthuzad,1276,druid,feral,75,35,40
Oldclive,frostmourne,1272,druid,feral,50,26,24
Tenedoors,ragnaros,1272,druid,feral,126,51,75
Mariko,area-52,1271,druid,feral,95,45,50
Nahtex,tichondrius,1270,druid,feral,42,19,23
Kilohanno,alexstrasza,1270,druid,feral,54,22,32
Súse,sargeras,1269,druid,feral,71,35,36
Styli,tichondrius,1265,druid,feral,130,67,63
Mooseknuccle,tichondrius,1262,druid,feral,43,21,22
Zderhs,blackrock,1262,druid,feral,47,20,27
Feanah,tichondrius,1259,druid,feral,66,29,37
Rekrasaur,emerald-dream,1259,druid,feral,40,14,26
Behrhart,stormrage,1258,druid,feral,28,19,9
Jpnerazim,quelthalas,1258,druid,feral,28,14,14
Kleanxx,tichondrius,1256,druid,feral,344,172,172
Freeonlyfns,stormrage,1255,druid,feral,38,16,22
Kittyboiz,illidan,1252,druid,feral,89,43,46
Wwf,thrall,1252,druid,feral,202,95,107
Hashmall,ragnaros,1251,druid,feral,42,14,28
Midnitex,illidan,1249,druid,feral,49,23,26
Dkkng,dalaran,1247,druid,feral,58,31,27
Isalien,stormrage,1247,druid,feral,86,43,43
Malthen,quelthalas,1247,druid,feral,84,39,45
Zurker,mannoroth,1246,druid,feral,109,54,55
Aahx,thrall,1245,druid,feral,129,69,60
Gorim,area-52,1245,druid,feral,72,34,38
Selendis,tichondrius,1245,druid,feral,30,13,17
Enchiladacat,stormrage,1243,druid,feral,24,13,11
Kellydacat,azuremyst,1241,druid,feral,24,13,11
Kals,burning-blade,1240,druid,feral,30,13,17
Pfheral,area-52,1240,druid,feral,30,13,17
Kittysnuggle,emerald-dream,1239,druid,feral,27,14,13
Cwonzocat,moon-guard,1238,druid,feral,28,16,12
Ourse,aegwynn,1234,druid,feral,89,52,37
Stríðsmaður,area-52,1234,druid,feral,90,43,47
Glockitty,tichondrius,1234,druid,feral,114,53,61
Pixyls,bleeding-hollow,1233,druid,feral,29,15,14
Critthisbruh,stormrage,1232,druid,feral,75,44,31
Hobbles,emerald-dream,1232,druid,feral,42,18,24
Munchausens,dalaran,1232,druid,feral,54,19,35
Zascat,malganis,1231,druid,feral,50,18,32
Aleksandér,ragnaros,1230,druid,feral,36,15,21
Matpd,norgannon,1228,druid,feral,66,28,38
Corv,drenden,1226,druid,feral,22,14,8
Zelazia,area-52,1226,druid,feral,60,32,28
Pawsom,bleeding-hollow,1226,druid,feral,27,13,14
Bâgheera,sargeras,1225,druid,feral,67,28,39
Xanbàr,hyjal,1222,druid,feral,35,22,13
Twistach,quelthalas,1222,druid,feral,24,13,11
Zolíath,tichondrius,1221,druid,feral,36,13,23
Swappy,korgath,1220,druid,feral,69,31,38
Moonshady,zuljin,1220,druid,feral,31,13,18
Udderchaos,dark-iron,1218,druid,feral,30,13,17
Berd,whisperwind,1216,druid,feral,52,26,26
Bigmolii,quelthalas,1215,druid,feral,134,55,79
Maimsy,blackhand,1211,druid,feral,44,23,21
Hctibrehtom,illidan,1210,druid,feral,30,23,7
Pusswhisperr,bleeding-hollow,1210,druid,feral,42,15,27
Curainfeliz,nemesis,1209,druid,feral,24,15,9
Khione,dreadmaul,1202,druid,feral,80,45,35
Xdkittyrawr,tichondrius,1202,druid,feral,111,56,55
Raebies,dalaran,1196,druid,feral,123,61,62
Spinach,moon-guard,1195,druid,feral,33,13,20
Dròódles,barthilas,1194,druid,feral,36,18,18
Ðrengr,quelthalas,1193,druid,feral,36,20,16
Treepiss,tichondrius,1190,druid,feral,48,23,25
Sosd,kelthuzad,1189,druid,feral,32,17,15
Destrez,ragnaros,1188,druid,feral,27,13,14
Leight,whisperwind,1187,druid,feral,54,31,23
Hótlife,fizzcrank,1187,druid,feral,36,16,20
Hadox,azralon,1186,druid,feral,187,87,100
Aligantor,thrall,1185,druid,feral,29,16,13
Kyrona,frostmourne,1183,druid,feral,78,43,35
Buhooki,tichondrius,1183,druid,feral,212,109,103
Vineclaw,emerald-dream,1179,druid,feral,48,21,27
Ursuur,drakkari,1178,druid,feral,86,38,48
Empathz,emerald-dream,1173,druid,feral,35,13,22
Ramshackle,ursin,1169,druid,feral,23,13,10
Dehltax,stormrage,1169,druid,feral,54,29,25
Cooln,bleeding-hollow,1168,druid,feral,30,19,11
Pzykosis,quelthalas,1168,druid,feral,42,17,25
Saelyle,illidan,1166,druid,feral,130,58,72
Giatafix,whisperwind,1160,druid,feral,42,16,26
Irontauren,drakkari,1155,druid,feral,42,15,27
Kistormx,tichondrius,1152,druid,feral,18,12,6
Efflence,tichondrius,1151,druid,feral,24,12,12
Sooey,wyrmrest-accord,1151,druid,feral,24,12,12
Manbeartree,malganis,1150,druid,feral,36,12,24
Sansao,sargeras,1149,druid,feral,48,23,25
Férállgødx,area-52,1148,druid,feral,24,12,12
Yukcyducky,tichondrius,1148,druid,feral,114,48,66
Anaru,sisters-of-elune,1147,druid,feral,30,12,18
Concordya,tichondrius,1146,druid,feral,30,13,17
Werebruin,bleeding-hollow,1145,druid,feral,79,40,39
Hupod,proudmoore,1145,druid,feral,88,42,46
Anastasyiar,illidan,1142,druid,feral,30,12,18
Ÿùp,tichondrius,1141,druid,feral,18,12,6
Scorn,spirestone,1140,druid,feral,31,12,19
Fbombzz,kalecgos,1139,druid,feral,58,35,23
Daniin,azralon,1137,druid,feral,78,36,42
Bufusala,illidan,1135,druid,feral,18,12,6
Reallysauce,zuljin,1135,druid,feral,60,35,25
Cyder,thrall,1135,druid,feral,40,23,17
Chernobiel,stormrage,1135,druid,feral,86,31,55
Skufty,illidan,1134,druid,feral,174,78,96
Deadlykept,ragnaros,1132,druid,feral,97,48,49
Ferallash,sargeras,1131,druid,feral,30,12,18
Chëësëbürgër,illidan,1130,druid,feral,109,51,58
Manlymanman,shandris,1130,druid,feral,30,12,18
Ruhgen,deathwing,1129,druid,feral,32,13,19
Berall,bleeding-hollow,1128,druid,feral,18,12,6
Scruffywolf,tichondrius,1126,druid,feral,167,72,95
Doubledówn,sargeras,1123,druid,feral,285,145,140
Twigz,illidan,1122,druid,feral,172,88,84
Elunaya,illidan,1122,druid,feral,36,15,21
Tonoshapepai,azralon,1122,druid,feral,36,13,23
Ðementia,stormrage,1120,druid,feral,132,72,60
Aladelryth,malfurion,1118,druid,feral,30,12,18
Shahahrazad,queldorei,1118,druid,feral,36,12,24
Strikinina,azralon,1117,druid,feral,79,36,43
Snugglin,kelthuzad,1116,druid,feral,48,22,26
Eyzie,stormrage,1115,druid,feral,36,13,23
Nätural,bloodhoof,1113,druid,feral,23,12,11
Mojofoshobro,moonrunner,1106,druid,feral,100,46,54
Skrillin,thrall,1105,druid,feral,65,35,30
Greemer,sargeras,1104,druid,feral,42,17,25
Afrogx,dalaran,1103,druid,feral,30,14,16
Yobolsun,sargeras,1103,druid,feral,48,21,27
Ganodo,malganis,1101,druid,feral,48,21,27
Borybuilder,azralon,1096,druid,feral,64,26,38
Ishiftalot,bleeding-hollow,1096,druid,feral,69,27,42
Tastelikecat,kelthuzad,1093,druid,feral,45,17,28
Druski,lightbringer,1089,druid,feral,23,14,9
Kragma,zuluhed,1085,druid,feral,24,13,11
Daisyôreo,tichondrius,1080,druid,feral,76,38,38
Bernoboy,kelthuzad,1079,druid,feral,30,16,14
Druidsling,mugthol,1079,druid,feral,82,36,46
Momoxchan,quelthalas,1078,druid,feral,28,12,16
Gorlammi,illidan,1076,druid,feral,35,13,22
Looquitaa,ragnaros,1074,druid,feral,144,66,78
Trevvor,thrall,1070,druid,feral,36,12,24
Kaya,hyjal,1069,druid,feral,72,22,50
Anarad,dalaran,1068,druid,feral,48,25,23
Pokémon,grizzly-hills,1064,druid,feral,33,15,18
Seraphim,lightnings-blade,1061,druid,feral,78,40,38
Aeonás,tichondrius,1060,druid,feral,41,20,21
Damnimal,caelestrasz,1058,druid,feral,22,13,9
Drdanknugs,laughing-skull,1057,druid,feral,54,16,38
Switchform,kiljaeden,1056,druid,feral,18,11,7
Birdy,proudmoore,1056,druid,feral,18,11,7
Hatergodx,ravencrest,1056,druid,feral,24,11,13
Dangersweg,frostmourne,1056,druid,feral,30,11,19
Orekinya,area-52,1055,druid,feral,24,11,13
Zoeishyper,sargeras,1055,druid,feral,24,11,13
Dawsonxo,proudmoore,1055,druid,feral,24,11,13
Kellydabear,azuremyst,1054,druid,feral,24,11,13
Bearlyviable,stormrage,1054,druid,feral,33,12,21
Germainee,shandris,1054,druid,feral,36,11,25
Zadayos,aerie-peak,1053,druid,feral,33,12,21
Téddybéar,smolderthorn,1052,druid,feral,69,40,29
Myeow,illidan,1052,druid,feral,24,11,13
Klypz,tichondrius,1049,druid,feral,18,11,7
Nyla,nemesis,1048,druid,feral,12,11,1
Vykarux,suramar,1048,druid,feral,24,11,13
Yám,tichondrius,1048,druid,feral,30,11,19
Fieryferal,kargath,1046,druid,feral,42,12,30
Moozdormu,stormrage,1042,druid,feral,32,13,19
Zxtreme,tichondrius,1042,druid,feral,30,11,19
Bananawaffle,proudmoore,1042,druid,feral,30,11,19
Ardelix,emerald-dream,1040,druid,feral,21,12,9
Jabiso,smolderthorn,1035,druid,feral,85,44,41
Oxvxo,senjin,1033,druid,feral,42,25,17
Dalinaìr,moon-guard,1033,druid,feral,24,13,11
Liktak,perenolde,1031,druid,feral,32,12,20
Meowzedon,sargeras,1029,druid,feral,24,11,13
Kayday,bloodscalp,1027,druid,feral,18,11,7
Greasemonkey,trollbane,1024,druid,feral,28,18,10
Cadburycop,malganis,1023,druid,feral,39,13,26
Screwdrivers,moon-guard,1022,druid,feral,29,11,18
Sisilo,bonechewer,1019,druid,feral,118,54,64
Lyndonww,frostmourne,1016,druid,feral,32,13,19
Voju,wildhammer,1011,druid,feral,83,29,54
Yokimo,amanthul,1011,druid,feral,36,12,24
Bifë,ragnaros,1010,druid,feral,48,14,34
Masilan,kelthuzad,1008,druid,feral,30,13,17
Khiefceef,sargeras,1006,druid,feral,29,11,18
Alagorn,zangarmarsh,1005,druid,feral,96,40,56
Gece,dalaran,1005,druid,feral,41,17,24
Teddybear,medivh,1004,druid,feral,154,69,85
Superwrath,khaz-modan,1000,druid,feral,23,11,12
Ethernal,burning-blade,999,druid,feral,36,13,23
Brurion,dalaran,998,druid,feral,48,22,26
Ruzkit,illidan,996,druid,feral,30,14,16
Wildbeasts,proudmoore,989,druid,feral,285,142,143
Tt,akama,989,druid,feral,26,11,15
Pearci,shattered-hand,988,druid,feral,30,13,17
Lelobull,ragnaros,987,druid,feral,60,23,37
Ediiann,cenarius,986,druid,feral,24,11,13
Framko,quelthalas,981,druid,feral,94,31,63
Tolldruid,chogall,977,druid,feral,36,18,18
Mavren,uldaman,969,druid,feral,36,16,20
Semveta,alleria,960,druid,feral,12,10,2
Sweetpurple,elune,960,druid,feral,18,10,8
Buffjungle,tichondrius,960,druid,feral,26,10,16
Meowned,stormrage,959,druid,feral,18,10,8
Juiceonlips,sargeras,959,druid,feral,18,10,8
Yaboidakota,stormrage,959,druid,feral,24,10,14
Venomsecho,vashj,959,druid,feral,24,10,14
Bèástly,kiljaeden,959,druid,feral,24,10,14
Kekepop,emerald-dream,959,druid,feral,24,10,14
Whittlekitty,anetheron,959,druid,feral,30,10,20
Noet,ragnaros,957,druid,feral,18,10,8
Rairven,stormrage,957,druid,feral,18,10,8
Pavel,aerie-peak,957,druid,feral,59,18,41
Predatõr,malorne,956,druid,feral,35,17,18
Shiftingdean,sargeras,956,druid,feral,30,10,20
Hoargar,senjin,955,druid,feral,18,12,6
Høruss,azralon,955,druid,feral,27,11,16
Pàntera,tichondrius,955,druid,feral,36,10,26
Yesqt,dalaran,954,druid,feral,18,10,8
Yseraspawn,kelthuzad,954,druid,feral,30,10,20
Stalfrus,area-52,952,druid,feral,12,10,2
Syänn,thrall,950,druid,feral,60,30,30
Thegrefgx,ragnaros,949,druid,feral,18,10,8
Xform,jubeithos,946,druid,feral,18,10,8
Bullshiftin,area-52,945,druid,feral,18,10,8
Nokther,muradin,941,druid,feral,48,13,35
Grassfed,laughing-skull,940,druid,feral,30,10,20
Gotbleedz,illidan,939,druid,feral,36,11,25
Darkemberrs,stormrage,939,druid,feral,48,11,37
Feraluwu,illidan,938,druid,feral,18,10,8
Lusk,blades-edge,937,druid,feral,70,32,38
Garuharken,skullcrusher,934,druid,feral,48,15,33
Dinnerbone,echo-isles,926,druid,feral,24,10,14
Arntu,malganis,924,druid,feral,17,10,7
Soldadito,zuljin,924,druid,feral,27,12,15
Ekkoh,sargeras,921,druid,feral,29,10,19
Eglania,stormrage,920,druid,feral,42,22,20
Lacrarola,nemesis,916,druid,feral,17,10,7
Kurodash,tichondrius,915,druid,feral,30,13,17
Odesellena,moon-guard,910,druid,feral,60,29,31
Àspên,moon-guard,908,druid,feral,42,20,22
Dârkfang,moon-guard,905,druid,feral,71,34,37
Sjana,bleeding-hollow,904,druid,feral,54,27,27
Muggsy,scilla,893,druid,feral,14,10,4
Pawprika,tichondrius,893,druid,feral,111,47,64
Chiknsketti,bleeding-hollow,892,druid,feral,26,10,16
Koag,dalaran,891,druid,feral,29,13,16
Disdeus,bleeding-hollow,887,druid,feral,37,11,26
Rum,the-venture-co,885,druid,feral,42,18,24
Vácagada,ragnaros,885,druid,feral,30,10,20
Flenser,frostmane,882,druid,feral,40,18,22
Nelferan,aegwynn,881,druid,feral,37,17,20
Bigherbo,zuljin,872,druid,feral,26,11,15
Nuruu,frostmourne,871,druid,feral,26,11,15
Wuarlo,moon-guard,865,druid,feral,109,52,57
Scuffedx,tichondrius,864,druid,feral,18,9,9
Jaegerbombx,sargeras,864,druid,feral,18,9,9
Thaddeusx,illidan,864,druid,feral,22,10,12
Snowlion,the-forgotten-coast,864,druid,feral,36,14,22
Faithxo,stormrage,864,druid,feral,24,9,15
Féèd,stormrage,863,druid,feral,18,9,9
Parallax,shadowsong,863,druid,feral,18,9,9
Zoehange,frostmourne,863,druid,feral,18,9,9
Tostaø,ragnaros,863,druid,feral,18,9,9
Gz,icecrown,863,druid,feral,18,9,9
Thaherb,korgath,863,druid,feral,24,9,15
Abene,tichondrius,863,druid,feral,24,9,15
Lunchßox,emerald-dream,862,druid,feral,12,9,3
Purplecat,frostmourne,862,druid,feral,12,9,3
Morphes,suramar,862,druid,feral,18,9,9
Jentzull,tichondrius,862,druid,feral,18,9,9
Hotsoncrak,tichondrius,862,druid,feral,24,9,15
Orizane,moon-guard,862,druid,feral,24,9,15
Fullmoon,greymane,862,druid,feral,28,10,18
Mogleyz,stormreaver,862,druid,feral,26,9,17
Izaràk,frostmourne,861,druid,feral,30,9,21
Catten,barthilas,860,druid,feral,12,9,3
Hallthrok,stormrage,860,druid,feral,18,9,9
Drywatter,tichondrius,859,druid,feral,18,9,9
Àaron,thrall,859,druid,feral,18,9,9
Shiftyounot,shattered-hand,859,druid,feral,30,9,21
Jonoa,nagrand,858,druid,feral,24,9,15
Peppapig,mugthol,858,druid,feral,24,9,15
Tyriall,darkspear,858,druid,feral,24,9,15
Eclipse,tichondrius,857,druid,feral,96,36,60
Moobees,arthas,856,druid,feral,24,9,15
Wokoom,windrunner,855,druid,feral,60,23,37
Bigravioli,ragnaros,854,druid,feral,24,9,15
Kilr,bleeding-hollow,851,druid,feral,12,9,3
Zauska,cenarion-circle,851,druid,feral,30,9,21
Drulicious,tichondrius,849,druid,feral,27,13,14
Vämps,area-52,845,druid,feral,36,16,20
Mooncatbear,malganis,831,druid,feral,22,9,13
Fogboom,area-52,830,druid,feral,20,10,10
Slymar,darkspear,828,druid,feral,18,9,9
Dreamfyre,kiljaeden,828,druid,feral,29,9,20
Shartasm,anetheron,822,druid,feral,30,12,18
Tatiannaa,stormreaver,815,druid,feral,15,10,5
Pergutory,frostmourne,814,druid,feral,21,9,12
Bigdeeza,frostmourne,813,druid,feral,31,13,18
Importedalc,zuljin,813,druid,feral,35,11,24
Feorelm,proudmoore,810,druid,feral,17,9,8
Nephdruid,stormrage,804,druid,feral,30,9,21
Ðjangø,goldrinn,801,druid,feral,17,9,8
Kittyperry,kelthuzad,800,druid,feral,28,9,19
Kuzigothigh,thunderhorn,795,druid,feral,53,27,26
Capson,darkspear,786,druid,feral,54,20,34
Weezydende,area-52,779,druid,feral,65,21,44
Maaryjo,quelthalas,776,druid,feral,20,9,11
Niocin,daggerspine,771,druid,feral,30,10,20
Kattles,frostmourne,768,druid,feral,12,8,4
Anìmorph,sargeras,768,druid,feral,12,8,4
Cfab,tichondrius,768,druid,feral,12,8,4
Ollyy,thrall,768,druid,feral,12,8,4
Sweetnippies,elune,768,druid,feral,12,8,4
Axtin,stormreaver,768,druid,feral,12,8,4
Jason,vashj,768,druid,feral,12,8,4
Owd,tichondrius,768,druid,feral,18,8,10
Salemgomeow,sargeras,768,druid,feral,18,8,10
Sknrd,stormrage,768,druid,feral,18,8,10
Sylvaster,stormrage,768,druid,feral,24,8,16
Saltydru,illidan,768,druid,feral,24,8,16
Gouzz,frostmourne,768,druid,feral,24,8,16
Güar,area-52,767,druid,feral,12,8,4
Nahelae,tichondrius,767,druid,feral,12,8,4
Ostley,moon-guard,767,druid,feral,12,8,4
Pokeyouryolk,sargeras,767,druid,feral,12,8,4
Softshirtxo,ragnaros,767,druid,feral,18,8,10
Lazypaw,malganis,767,druid,feral,18,8,10
Supadupatuba,frostmourne,767,druid,feral,18,8,10
Mythienair,stormrage,767,druid,feral,18,8,10
Kìttykat,stormrage,767,druid,feral,18,8,10
Meõw,tichondrius,766,druid,feral,18,8,10
Angulus,darkspear,766,druid,feral,18,8,10
Jumpjumpcat,tichondrius,766,druid,feral,21,9,12
Grumalzi,moon-guard,766,druid,feral,24,8,16
Notoriouzßig,sargeras,765,druid,feral,18,8,10
Deaddpool,ragnaros,764,druid,feral,12,8,4
Pawblems,sargeras,764,druid,feral,18,8,10
Zimah,illidan,764,druid,feral,18,8,10
Davinchii,drakkari,764,druid,feral,18,8,10
Raknary,kelthuzad,764,druid,feral,30,8,22
Solstice,frostmourne,763,druid,feral,24,8,16
Bebechat,area-52,762,druid,feral,12,8,4
Goorybud,tichondrius,762,druid,feral,12,8,4
Feralicious,hyjal,760,druid,feral,12,8,4
Isleyy,tichondrius,760,druid,feral,18,8,10
Gamble,the-underbog,760,druid,feral,24,8,16
Zzkitty,stormreaver,759,druid,feral,24,8,16
Mychi,ragnaros,748,druid,feral,20,9,11
Nodraent,quelthalas,741,druid,feral,18,8,10
Injail,tichondrius,736,druid,feral,22,8,14
Kurimarlac,stormrage,718,druid,feral,23,8,15
Ashmila,ragnaros,716,druid,feral,17,8,9
Notinsanity,proudmoore,714,druid,feral,20,9,11
Chucknöürish,dalaran,712,druid,feral,29,9,20
Ramso,skullcrusher,711,druid,feral,17,8,9
Élyrias,bleeding-hollow,708,druid,feral,21,9,12
Mazoak,sargeras,703,druid,feral,28,8,20
Qtfurrylol,zuljin,703,druid,feral,37,9,28
Byson,bleeding-hollow,702,druid,feral,17,8,9
Amoru,moon-guard,699,druid,feral,16,8,8
Fanaror,frostmourne,694,druid,feral,88,41,47
Psynix,zuljin,688,druid,feral,19,8,11
Earlgrayl,kelthuzad,686,druid,feral,19,8,11
Shakedru,stormrage,684,druid,feral,19,8,11
Elyveen,proudmoore,672,druid,feral,12,7,5
Catculator,tichondrius,672,druid,feral,12,7,5
Extacy,ragnaros,672,druid,feral,12,7,5
Primalxd,area-52,672,druid,feral,12,7,5
Dangerclaws,area-52,672,druid,feral,12,7,5
Ripguts,bleeding-hollow,672,druid,feral,12,7,5
Zðzð,zuljin,672,druid,feral,12,7,5
Isô,sargeras,672,druid,feral,12,7,5
Shalaz,magtheridon,672,druid,feral,12,7,5
Austínd,sargeras,672,druid,feral,12,7,5
Tnvï,stormrage,672,druid,feral,12,7,5
Krobz,bleeding-hollow,672,druid,feral,12,7,5
Hypê,tichondrius,672,druid,feral,12,7,5
Druidman,mugthol,672,druid,feral,18,7,11
Meowny,area-52,672,druid,feral,18,7,11
Islayne,moon-guard,672,druid,feral,18,7,11
Lemonnz,illidan,672,druid,feral,18,7,11
Mommyshårk,tichondrius,672,druid,feral,18,7,11
Dailydruid,illidan,672,druid,feral,18,7,11
Psyraxus,moon-guard,672,druid,feral,18,7,11
Ronin,arthas,672,druid,feral,18,7,11
Bënzy,frostmourne,672,druid,feral,18,7,11
Muffbfloppn,zuljin,672,druid,feral,18,7,11
Caelüm,area-52,672,druid,feral,24,7,17
Sneekykitty,malygos,671,druid,feral,12,7,5
Happyhotter,proudmoore,671,druid,feral,12,7,5
Raeize,stormrage,671,druid,feral,12,7,5
Zalmo,area-52,671,druid,feral,15,8,7
Fürïous,tichondrius,671,druid,feral,15,8,7
Ruckiz,stormrage,671,druid,feral,18,7,11
Zallo,korgath,671,druid,feral,18,7,11
Bearmuda,trollbane,671,druid,feral,18,7,11
Corym,frostmourne,671,druid,feral,18,7,11
Ännä,moon-guard,671,druid,feral,18,7,11
Imnotinhuman,tichondrius,671,druid,feral,18,7,11
Crendorides,bleeding-hollow,671,druid,feral,24,7,17
Wingus,smolderthorn,670,druid,feral,12,7,5
Chaace,proudmoore,670,druid,feral,12,7,5
Omgapuddycat,stormrage,670,druid,feral,18,7,11
Moçamba,azralon,670,druid,feral,24,7,17
Bocát,stormrage,669,druid,feral,12,7,5
Redness,daggerspine,669,druid,feral,18,7,11
Nanassa,spinebreaker,669,druid,feral,18,7,11
Ewok,vashj,669,druid,feral,24,7,17
Mawnster,drenden,668,druid,feral,15,8,7
Zeldriss,arthas,668,druid,feral,19,7,12
Igneël,ragnaros,668,druid,feral,24,7,17
Jordiët,dalaran,667,druid,feral,12,7,5
Bàkari,stormrage,666,druid,feral,12,7,5
Tynyhands,tichondrius,666,druid,feral,17,7,10
Lotuslove,emerald-dream,663,druid,feral,12,7,5
Healorhell,azralon,660,druid,feral,40,7,33
Rhaines,moon-guard,656,druid,feral,24,7,17
Pleomorpher,quelthalas,648,druid,feral,18,7,11
Hyperlite,bonechewer,643,druid,feral,18,7,11
Chadwickx,illidan,639,druid,feral,11,7,4
Jeanz,bonechewer,632,druid,feral,19,9,10
Meowzetzan,tichondrius,623,druid,feral,11,7,4
Slapymilf,dentarg,623,druid,feral,11,7,4
Shyn,goldrinn,623,druid,feral,21,7,14
Puzzykat,uldum,621,druid,feral,27,7,20
Gutzzu,area-52,619,druid,feral,15,7,8
Swippxx,tichondrius,617,druid,feral,21,8,13
Weedleaf,wyrmrest-accord,610,druid,feral,20,8,12
Bigfloofy,frostmourne,606,druid,feral,11,7,4
Beaker,uldum,605,druid,feral,11,7,4
Dogscratch,dalaran,604,druid,feral,14,7,7
Kovux,illidan,576,druid,feral,6,6,0
Parabear,area-52,576,druid,feral,12,6,6
Lilrichdps,sargeras,576,druid,feral,12,6,6
Drogs,moon-guard,576,druid,feral,12,6,6
Trottystwin,emerald-dream,576,druid,feral,12,6,6
Daniverse,sargeras,576,druid,feral,12,6,6
Wilddeity,tichondrius,576,druid,feral,12,6,6
Grimtreeper,illidan,576,druid,feral,12,6,6
Negatòry,tichondrius,576,druid,feral,12,6,6
Spaléxgu,azralon,576,druid,feral,12,6,6
Rezin,barthilas,576,druid,feral,12,6,6
Alyxsandr,dalaran,576,druid,feral,12,6,6
Honoriodruid,nemesis,576,druid,feral,12,6,6
Hotmomlover,malganis,576,druid,feral,12,6,6
Bootayclappa,sargeras,576,druid,feral,12,6,6
Hybridxo,kelthuzad,576,druid,feral,12,6,6
Cíphenz,illidan,576,druid,feral,12,6,6
Tailzy,tichondrius,576,druid,feral,12,6,6
Ogversaucey,skullcrusher,576,druid,feral,12,6,6
Bables,tichondrius,576,druid,feral,12,6,6
Thontt,sargeras,576,druid,feral,12,6,6
Nelfwaifú,area-52,576,druid,feral,12,6,6
Kurokyy,frostmourne,576,druid,feral,12,6,6
Jinhova,stormrage,576,druid,feral,15,6,9
Emotionally,illidan,576,druid,feral,18,6,12
Rebrrth,antonidas,576,druid,feral,18,6,12
Haohomie,tichondrius,576,druid,feral,18,6,12
Night,jaedenar,576,druid,feral,18,6,12
Mameseph,lightnings-blade,576,druid,feral,18,6,12
Kobebeef,malganis,576,druid,feral,24,6,18
Clamchaddy,tichondrius,576,druid,feral,24,6,18
Zazishi,zuljin,575,druid,feral,6,6,0
Omnilul,zuljin,575,druid,feral,12,6,6
Eliteshift,frostmourne,575,druid,feral,12,6,6
Druishcat,dark-iron,575,druid,feral,12,6,6
Wulfjack,emerald-dream,575,druid,feral,12,6,6
Chupaone,dalaran,575,druid,feral,12,6,6
Fireeloot,tichondrius,575,druid,feral,12,6,6
Allenjunior,ragnaros,575,druid,feral,12,6,6
Austîn,moon-guard,575,druid,feral,12,6,6
Bästakatten,tichondrius,575,druid,feral,15,7,8
Paintmile,thunderlord,575,druid,feral,18,6,12
Gush,echo-isles,575,druid,feral,18,6,12
Strixferal,zuljin,575,druid,feral,18,6,12
Thorñ,cenarius,575,druid,feral,18,6,12
Ursoc,muradin,575,druid,feral,18,6,12
Volbourn,amanthul,575,druid,feral,24,6,18
Blackmoose,lethon,574,druid,feral,12,6,6
Beelzehog,whisperwind,574,druid,feral,12,6,6
Drailyo,ravenholdt,574,druid,feral,18,6,12
Swánn,firetree,574,druid,feral,18,6,12
Droodkat,feathermoon,574,druid,feral,30,6,24
Imass,draka,573,druid,feral,18,6,12
Nikozho,sargeras,573,druid,feral,18,6,12
Udala,durotan,572,druid,feral,14,6,8
Meemow,frostmourne,572,druid,feral,18,6,12
Drewiid,stormrage,571,druid,feral,18,6,12
Expells,nemesis,569,druid,feral,18,6,12
Rawrii,nemesis,567,druid,feral,12,6,6
Trussmii,tichondrius,565,druid,feral,31,6,25
Ssimbaa,area-52,563,druid,feral,18,6,12
Oxentoes,sargeras,559,druid,feral,17,7,10
Dullbozer,thrall,543,druid,feral,11,6,5
Druidcyber,stormrage,543,druid,feral,16,6,10
Lémons,tichondrius,542,druid,feral,17,6,11
Wtfimacat,area-52,527,druid,feral,11,6,5
Maplesyrup,moonrunner,527,druid,feral,17,6,11
Fernés,proudmoore,526,druid,feral,11,6,5
Wierdosaur,azralon,524,druid,feral,15,6,9
Ripx,khadgar,522,druid,feral,16,7,9
Kajla,sargeras,521,druid,feral,22,7,15
Veloon,laughing-skull,513,druid,feral,26,8,18
Shadalor,frostmourne,512,druid,feral,16,6,10
Ashvir,wyrmrest-accord,511,druid,feral,11,6,5
Cokanebear,garrosh,511,druid,feral,14,6,8
Kilbys,nemesis,510,druid,feral,8,6,2
Ymirgore,zuljin,510,druid,feral,20,6,14
Iamatomic,illidan,509,druid,feral,20,6,14
Worgbearpig,destromath,496,druid,feral,13,6,7
Kasnar,ragnaros,496,druid,feral,13,6,7
Dës,sargeras,480,druid,feral,6,5,1
Idiotdruid,ragnaros,480,druid,feral,6,5,1
Nbnbnb,proudmoore,480,druid,feral,6,5,1
Hermes,moon-guard,480,druid,feral,6,5,1
Flompstomper,skullcrusher,480,druid,feral,6,5,1
Gloomcat,illidan,480,druid,feral,6,5,1
Wallabare,proudmoore,480,druid,feral,6,5,1
Bleèd,stormrage,480,druid,feral,6,5,1
Exxh,tichondrius,480,druid,feral,6,5,1
Creamybutter,illidan,480,druid,feral,6,5,1
Chrøniç,illidan,480,druid,feral,6,5,1
Zululu,dalaran,480,druid,feral,12,5,7
Samuraicat,frostmourne,480,druid,feral,12,5,7
Meowf,tichondrius,480,druid,feral,12,5,7
Ragingcloner,tichondrius,480,druid,feral,12,5,7
Cenarius,frostmourne,480,druid,feral,12,5,7
Sunmoons,hydraxis,480,druid,feral,12,5,7
Choolah,area-52,480,druid,feral,12,5,7
Lurky,dalvengyr,480,druid,feral,12,5,7
Karizikat,tichondrius,480,druid,feral,12,5,7
Breaderbear,emerald-dream,480,druid,feral,12,5,7
Gunnymad,tichondrius,480,druid,feral,12,5,7
Lilrichdmg,sargeras,480,druid,feral,12,5,7
Honeybeam,moon-guard,480,druid,feral,12,5,7
Cudlybear,bleeding-hollow,480,druid,feral,12,5,7
Amadri,malganis,480,druid,feral,12,5,7
Marshanlynch,korgath,480,druid,feral,12,5,7
Vico,azralon,480,druid,feral,12,5,7
Feralhearted,kelthuzad,480,druid,feral,12,5,7
Shiftdeznutz,tichondrius,480,druid,feral,12,5,7
Frenzyirl,darkspear,480,druid,feral,12,5,7
Duckseasonn,sargeras,480,druid,feral,12,5,7
Ezconvoke,sargeras,480,druid,feral,12,5,7
Loamie,proudmoore,480,druid,feral,12,5,7
Zeratull,cenarius,480,druid,feral,12,5,7
Frizzle,onyxia,480,druid,feral,12,5,7
Topangâ,lightninghoof,480,druid,feral,12,5,7
Wurow,firetree,480,druid,feral,12,5,7
Bloodyugly,area-52,480,druid,feral,12,5,7
Veryhighrn,area-52,480,druid,feral,12,5,7
Fredolay,tichondrius,480,druid,feral,13,5,8
Lycanjungle,azralon,480,druid,feral,18,5,13
Atreis,malganis,480,druid,feral,18,5,13
Funfunfrank,aegwynn,480,druid,feral,18,5,13
Maplêleaf,moon-guard,480,druid,feral,18,5,13
Oneninesix,frostmourne,480,druid,feral,18,5,13
Purrcat,tichondrius,480,druid,feral,18,5,13
Jaydaprophet,azshara,480,druid,feral,18,5,13
Bere,kul-tiras,480,druid,feral,18,5,13
Animalcade,area-52,479,druid,feral,12,5,7
Harrystun,hyjal,479,druid,feral,12,5,7
Tootiebootie,bleeding-hollow,479,druid,feral,12,5,7
Omnisyst,burning-blade,479,druid,feral,12,5,7
Calani,lightnings-blade,479,druid,feral,12,5,7
Balthøs,moon-guard,479,druid,feral,12,5,7
Elsancho,stormreaver,479,druid,feral,12,5,7
Nisheon,wyrmrest-accord,479,druid,feral,12,5,7
Hawthòrn,bloodscalp,479,druid,feral,12,5,7
Icecrackin,bloodscalp,479,druid,feral,12,5,7
Ysemia,drakkari,479,druid,feral,14,5,9
Donkeepunch,archimonde,479,druid,feral,18,5,13
Bigoldbear,moon-guard,479,druid,feral,24,5,19
Ráhilk,quelthalas,479,druid,feral,24,5,19
Madador,bleeding-hollow,478,druid,feral,12,5,7
Ccb,chogall,478,druid,feral,18,5,13
Feralhearted,tichondrius,463,druid,feral,17,5,12
Gefetnix,cenarion-circle,461,druid,feral,30,5,25
Fusions,sargeras,447,druid,feral,11,5,6
Kogti,malganis,446,druid,feral,10,6,4
Moonrg,stormrage,431,druid,feral,11,5,6
Moocka,ragnaros,431,druid,feral,15,5,10
Bjohns,bleeding-hollow,426,druid,feral,21,6,15
Ninelivez,gorgonnash,426,druid,feral,22,6,16
Yunekai,stormrage,415,druid,feral,11,5,6
Vaelthunis,sargeras,400,druid,feral,13,5,8
Beastkong,dalaran,384,druid,feral,6,4,2
Kaldiel,ysera,384,druid,feral,6,4,2
Metrobloomin,bloodscalp,384,druid,feral,6,4,2
Vecuronium,tichondrius,384,druid,feral,6,4,2
Acés,shattered-halls,384,druid,feral,6,4,2
Drinkmymoon,darkspear,384,druid,feral,6,4,2
Steamerboi,stormrage,384,druid,feral,6,4,2
Srwow,elune,384,druid,feral,6,4,2
Coolguyzack,stormscale,384,druid,feral,6,4,2
Olhosdlua,azralon,384,druid,feral,6,4,2
Zflop,azralon,384,druid,feral,6,4,2
Zoomchicken,stormrage,384,druid,feral,6,4,2
Robomexi,tichondrius,384,druid,feral,6,4,2
Slackoth,dalaran,384,druid,feral,6,4,2
Softkity,area-52,384,druid,feral,6,4,2
Ñòpé,tichondrius,384,druid,feral,6,4,2
Cloneyourmom,sargeras,384,druid,feral,6,4,2
Metamorfis,malorne,384,druid,feral,6,4,2
Nâturê,dalaran,384,druid,feral,6,4,2
Bearcathawk,sargeras,384,druid,feral,6,4,2
Pressuretd,frostmourne,384,druid,feral,6,4,2
Woshiyigede,frostmourne,384,druid,feral,6,4,2
Âzn,tichondrius,384,druid,feral,6,4,2
Curet,lightbringer,384,druid,feral,6,4,2
Lharast,stormrage,384,druid,feral,6,4,2
Moondex,maelstrom,384,druid,feral,6,4,2
Menapaws,muradin,384,druid,feral,6,4,2
Furrari,frostmourne,384,druid,feral,6,4,2
Xrw,kelthuzad,384,druid,feral,6,4,2
Torofarmeon,quelthalas,384,druid,feral,6,4,2
Feltcute,burning-legion,384,druid,feral,6,4,2
Titiica,azralon,384,druid,feral,6,4,2
Rouxel,emerald-dream,384,druid,feral,6,4,2
Toiiz,malganis,384,druid,feral,9,4,5
Genuine,guldan,384,druid,feral,11,4,7
Sample,dark-iron,384,druid,feral,12,4,8
Dragnformplz,magtheridon,384,druid,feral,12,4,8
Weeñor,tichondrius,384,druid,feral,12,4,8
Kokujin,proudmoore,384,druid,feral,12,4,8
Sweatyclaws,bleeding-hollow,384,druid,feral,12,4,8
Binjuicex,frostmourne,384,druid,feral,12,4,8
Toetoetoete,darrowmere,384,druid,feral,12,4,8
Onewitnature,nordrassil,384,druid,feral,12,4,8
Bomani,ragnaros,384,druid,feral,12,4,8
Acdru,tichondrius,384,druid,feral,12,4,8
Timthecatman,frostmourne,384,druid,feral,12,4,8
Actioncat,emerald-dream,384,druid,feral,12,4,8
Yakir,kiljaeden,384,druid,feral,12,4,8
Quiziato,burning-legion,384,druid,feral,12,4,8
Freshzk,azralon,384,druid,feral,12,4,8
Kollective,sargeras,384,druid,feral,12,4,8
Riec,kiljaeden,384,druid,feral,12,4,8
Sellîas,senjin,384,druid,feral,12,4,8
Rêàgøñ,tichondrius,384,druid,feral,12,4,8
Plantdaddy,bladefist,384,druid,feral,12,4,8
Windded,area-52,384,druid,feral,12,4,8
Iamfynch,sargeras,384,druid,feral,12,4,8
Elmachina,tichondrius,384,druid,feral,12,4,8
Feralgød,tichondrius,384,druid,feral,12,4,8
Müfasä,azralon,384,druid,feral,12,4,8
Moohok,bleeding-hollow,384,druid,feral,12,4,8
Hellabanx,tichondrius,384,druid,feral,12,4,8
Bolthor,wyrmrest-accord,384,druid,feral,12,4,8
Carnumoose,zuljin,384,druid,feral,12,4,8
Gernichora,barthilas,384,druid,feral,12,4,8
Gatona,stormrage,384,druid,feral,12,4,8
Thalvannas,nazjatar,384,druid,feral,12,4,8
Nickarc,illidan,384,druid,feral,12,4,8
Anzoô,illidan,384,druid,feral,12,4,8
Heìrophant,trollbane,384,druid,feral,12,4,8
Alaillais,moon-guard,384,druid,feral,12,4,8
Yakuho,proudmoore,384,druid,feral,12,4,8
Völlmond,illidan,384,druid,feral,12,4,8
Anniehall,stormrage,384,druid,feral,12,4,8
Auxl,tichondrius,384,druid,feral,12,4,8
Lòckers,frostmourne,384,druid,feral,12,4,8
Puiltraxs,ragnaros,384,druid,feral,16,5,11
Ferril,drenden,384,druid,feral,13,4,9
Naastir,medivh,384,druid,feral,14,4,10
Pereréka,azralon,384,druid,feral,14,4,10
Riverthorne,moon-guard,384,druid,feral,18,4,14
Colinferal,thrall,384,druid,feral,18,4,14
Carlosd,tichondrius,384,druid,feral,18,4,14
Pollykush,sargeras,384,druid,feral,18,4,14
Bronaarr,nordrassil,384,druid,feral,18,4,14
Apothe,emerald-dream,384,druid,feral,18,4,14
Startalons,area-52,384,druid,feral,18,4,14
Solumterra,moon-guard,384,druid,feral,18,4,14
Nxndruid,tichondrius,384,druid,feral,18,4,14
Shoboski,quelthalas,383,druid,feral,12,4,8
Mfgs,kelthuzad,383,druid,feral,12,4,8
Bramth,quelthalas,383,druid,feral,12,4,8
Pröfëct,ragnaros,383,druid,feral,12,4,8
Jamesbailey,sargeras,383,druid,feral,12,4,8
Ruwkia,stormrage,383,druid,feral,12,4,8
Porrosman,quelthalas,383,druid,feral,12,4,8
Trickybianca,aerie-peak,383,druid,feral,24,4,20
Mogli,perenolde,383,druid,feral,30,4,26
Pochaso,cenarius,382,druid,feral,6,4,2
Kaidenn,spirestone,382,druid,feral,6,4,2
Díc,drakkari,382,druid,feral,12,4,8
Ladernai,nemesis,380,druid,feral,18,4,14
Quaektem,bloodhoof,379,druid,feral,12,4,8
Zyila,garithos,367,druid,feral,11,4,7
Eightyhd,ravencrest,351,druid,feral,11,4,7
Rainbowsix,sargeras,347,druid,feral,11,4,7
Yerdnax,ragnaros,335,druid,feral,11,4,7
Yizhiyuren,aegwynn,330,druid,feral,15,6,9
Defku,quelthalas,330,druid,feral,28,6,22
Bowbaggins,bleeding-hollow,318,druid,feral,10,4,6
Natureswang,bleeding-hollow,288,druid,feral,6,3,3
Krishcat,azshara,288,druid,feral,6,3,3
Purrfact,frostmourne,288,druid,feral,6,3,3
Riddickd,malfurion,288,druid,feral,6,3,3
Silit,tichondrius,288,druid,feral,6,3,3
Floridaman,moonrunner,288,druid,feral,6,3,3
Kíttypunch,bleeding-hollow,288,druid,feral,6,3,3
Frrest,proudmoore,288,druid,feral,6,3,3
Tasselhoof,hyjal,288,druid,feral,6,3,3
Sarenko,jubeithos,288,druid,feral,6,3,3
Erbirus,proudmoore,288,druid,feral,6,3,3
Steakjr,senjin,288,druid,feral,6,3,3
Svarun,jubeithos,288,druid,feral,6,3,3
Jabek,duskwood,288,druid,feral,6,3,3
Nichodameus,firetree,288,druid,feral,6,3,3
Ahhpalu,tichondrius,288,druid,feral,6,3,3
Pabag,chogall,288,druid,feral,6,3,3
Heretoleaf,tichondrius,288,druid,feral,6,3,3
Hitchslaps,tichondrius,288,druid,feral,6,3,3
Biggpharma,sargeras,288,druid,feral,6,3,3
Bigskeeve,sargeras,288,druid,feral,6,3,3
Hyldru,stormrage,288,druid,feral,6,3,3
Espoir,azuremyst,288,druid,feral,6,3,3
Injeckx,tichondrius,288,druid,feral,6,3,3
Gâlaxy,sargeras,288,druid,feral,6,3,3
Woodlly,stormrage,288,druid,feral,6,3,3
Calph,kelthuzad,288,druid,feral,6,3,3
Feronnia,sargeras,288,druid,feral,6,3,3
Fancyprance,dalaran,288,druid,feral,6,3,3
Tokyocat,sargeras,288,druid,feral,6,3,3
Mcnerd,sargeras,288,druid,feral,6,3,3
Frestydrul,stormrage,288,druid,feral,6,3,3
Elythria,hellscream,288,druid,feral,6,3,3
Ñazary,thrall,288,druid,feral,6,3,3
Chopleaf,khadgar,288,druid,feral,6,3,3
Enti,sargeras,288,druid,feral,6,3,3
Opconvoke,illidan,288,druid,feral,6,3,3
Dairycream,skullcrusher,288,druid,feral,6,3,3
Sapplox,sargeras,288,druid,feral,6,3,3
Feraljake,tichondrius,288,druid,feral,6,3,3
Nahualis,tichondrius,288,druid,feral,6,3,3
Shredupboo,illidan,288,druid,feral,6,3,3
Øvernight,azralon,288,druid,feral,6,3,3
Ysero,area-52,288,druid,feral,6,3,3
Bubbleshiftz,area-52,288,druid,feral,6,3,3
Dramon,tichondrius,288,druid,feral,6,3,3
Datlogan,tichondrius,288,druid,feral,6,3,3
Grrayfox,azralon,288,druid,feral,6,3,3
Mãsk,stormrage,288,druid,feral,6,3,3
Knauxk,black-dragonflight,288,druid,feral,6,3,3
Askmeaboutmy,shattered-halls,288,druid,feral,6,3,3
Cwísp,dalaran,288,druid,feral,6,3,3
Jungledíff,ragnaros,288,druid,feral,6,3,3
Kardien,quelthalas,288,druid,feral,6,3,3
Arienne,kelthuzad,288,druid,feral,6,3,3
Bleedinzqt,illidan,288,druid,feral,6,3,3
Jeperty,tichondrius,288,druid,feral,6,3,3
Balnara,cenarius,288,druid,feral,6,3,3
Rígél,ragnaros,288,druid,feral,6,3,3
Tigriss,malganis,288,druid,feral,6,3,3
Celetra,kiljaeden,288,druid,feral,6,3,3
Robbas,stormrage,288,druid,feral,6,3,3
Itaiipava,azralon,288,druid,feral,6,3,3
Lahgit,frostmourne,288,druid,feral,6,3,3
Pansensual,archimonde,288,druid,feral,6,3,3
Donutdruid,illidan,288,druid,feral,6,3,3
Owlcapwn,stormreaver,288,druid,feral,6,3,3
Taurenasarus,area-52,288,druid,feral,6,3,3
Katatafish,azralon,288,druid,feral,6,3,3
Insatiablé,azralon,288,druid,feral,6,3,3
Thecolortwoo,tichondrius,288,druid,feral,6,3,3
Posmard,ragnaros,288,druid,feral,6,3,3
Rootchan,azralon,288,druid,feral,6,3,3
Octeviia,illidan,288,druid,feral,6,3,3
Cläwwz,tichondrius,288,druid,feral,9,4,5
Benaveth,moon-guard,288,druid,feral,9,4,5
Barnabie,black-dragonflight,288,druid,feral,10,4,6
Nighetager,uther,288,druid,feral,12,3,9
Treezymeezy,proudmoore,288,druid,feral,12,3,9
Näna,dalaran,288,druid,feral,12,3,9
Sabastian,malfurion,288,druid,feral,12,3,9
Lovemakitty,sargeras,288,druid,feral,12,3,9
Xanjo,kiljaeden,288,druid,feral,12,3,9
Zetlolc,tichondrius,288,druid,feral,12,3,9
Flushi,nagrand,288,druid,feral,12,3,9
Vivinara,moon-guard,288,druid,feral,12,3,9
Rivetrix,azralon,288,druid,feral,12,3,9
Snoww,moonrunner,288,druid,feral,12,3,9
Treeguard,emerald-dream,288,druid,feral,12,3,9
Hídde,quelthalas,288,druid,feral,12,3,9
Zyrhek,quelthalas,288,druid,feral,12,3,9
Zaknáfein,moon-guard,288,druid,feral,12,3,9
Uniquex,zuljin,288,druid,feral,12,3,9
Lilnippy,stormscale,288,druid,feral,12,3,9
Krawnk,zuljin,288,druid,feral,12,3,9
Oo,grizzly-hills,288,druid,feral,12,3,9
Madbuffs,nemesis,288,druid,feral,12,3,9
Sosorry,blackhand,288,druid,feral,12,3,9
Pawpaw,terenas,288,druid,feral,12,3,9
Tchallå,tichondrius,288,druid,feral,12,3,9
Cattdog,tichondrius,288,druid,feral,12,3,9
Vorare,tichondrius,288,druid,feral,12,3,9
Catorcow,aegwynn,288,druid,feral,13,3,10
Naebliss,arygos,288,druid,feral,18,3,15
Mákeitnasty,tichondrius,288,druid,feral,18,3,15
Sylvanthorn,moon-guard,288,druid,feral,18,3,15
Denaye,tichondrius,288,druid,feral,18,3,15
Neksir,ragnaros,288,druid,feral,18,3,15
Èlunë,andorhal,288,druid,feral,18,3,15
Iamthewambo,bloodhoof,288,druid,feral,30,3,27
Extremeshift,dalaran,287,druid,feral,8,4,4
Keepitrawr,tichondrius,287,druid,feral,6,3,3
Twoworldz,tichondrius,287,druid,feral,6,3,3
Zalledori,thrall,287,druid,feral,12,3,9
Nast,dreadmaul,287,druid,feral,12,3,9
Absoles,agamaggan,287,druid,feral,12,3,9
Spartanlxl,zuljin,287,druid,feral,12,3,9
Schwiftea,skullcrusher,287,druid,feral,12,3,9
Wardruidkvn,stormreaver,285,druid,feral,12,3,9
Psychosis,kul-tiras,285,druid,feral,12,3,9
Mightymërlin,stormrage,255,druid,feral,11,3,8
Punderful,stormrage,254,druid,feral,10,4,6
Trippykitty,tichondrius,240,druid,feral,9,3,6
Taydollasign,blackrock,239,druid,feral,5,3,2
Yámï,stormrage,239,druid,feral,5,3,2
Orakuru,barthilas,239,druid,feral,11,3,8
Centimoose,area-52,234,druid,feral,7,4,3
Pél,tichondrius,223,druid,feral,14,3,11
Worldly,medivh,223,druid,feral,14,3,11
Moistcream,tichondrius,208,druid,feral,7,3,4
Feraldudu,illidan,192,druid,feral,4,3,1
Robbieshift,emerald-dream,192,druid,feral,6,2,4
Katskratch,sargeras,192,druid,feral,6,2,4
Theliverklng,sargeras,192,druid,feral,6,2,4
Apocalyptoe,proudmoore,192,druid,feral,6,2,4
Athious,moon-guard,192,druid,feral,6,2,4
Tigerbalm,tichondrius,192,druid,feral,6,2,4
Ðjango,goldrinn,192,druid,feral,6,2,4
Nurturing,wyrmrest-accord,192,druid,feral,6,2,4
Hännibal,hydraxis,192,druid,feral,6,2,4
Numbkin,stormrage,192,druid,feral,6,2,4
Dankbite,doomhammer,192,druid,feral,6,2,4
Slimh,stormrage,192,druid,feral,6,2,4
Mahadevi,moonrunner,192,druid,feral,6,2,4
Dreadonly,tichondrius,192,druid,feral,6,2,4
Tedrithal,moon-guard,192,druid,feral,6,2,4
Perlek,bleeding-hollow,192,druid,feral,6,2,4
Grimfang,shadowmoon,192,druid,feral,6,2,4
Therooster,whisperwind,192,druid,feral,6,2,4
Estuvez,twisting-nether,192,druid,feral,6,2,4
Anudi,whisperwind,192,druid,feral,6,2,4
Basichoe,bleeding-hollow,192,druid,feral,6,2,4
Karpin,area-52,192,druid,feral,6,2,4
Uphine,area-52,192,druid,feral,6,2,4
Fødaødruida,azralon,192,druid,feral,6,2,4
Bullbuddy,wyrmrest-accord,192,druid,feral,6,2,4
Snupy,area-52,192,druid,feral,6,2,4
Pecopeco,sargeras,192,druid,feral,6,2,4
Buyadoge,area-52,192,druid,feral,6,2,4
Wreckked,sargeras,192,druid,feral,6,2,4
Taztoc,stormrage,192,druid,feral,6,2,4
Milezy,area-52,192,druid,feral,6,2,4
ßleepßloop,tichondrius,192,druid,feral,6,2,4
Nakte,area-52,192,druid,feral,6,2,4
Laymonath,elune,192,druid,feral,6,2,4
Pwoons,tichondrius,192,druid,feral,6,2,4
Rockbrávo,stormrage,192,druid,feral,6,2,4
Xyhal,draka,192,druid,feral,6,2,4
Zevar,bleeding-hollow,192,druid,feral,6,2,4
Fulmerethine,emerald-dream,192,druid,feral,6,2,4
Lavanca,azralon,192,druid,feral,6,2,4
Shinoßi,area-52,192,druid,feral,6,2,4
Kittycatman,tichondrius,192,druid,feral,6,2,4
Illr,laughing-skull,192,druid,feral,6,2,4
Rizzit,wyrmrest-accord,192,druid,feral,6,2,4
Keithmoonkin,area-52,192,druid,feral,6,2,4
Kumataku,emerald-dream,192,druid,feral,6,2,4
Psycloned,magtheridon,192,druid,feral,6,2,4
Yépp,sargeras,192,druid,feral,6,2,4
Evolute,sargeras,192,druid,feral,6,2,4
Timdillon,emerald-dream,192,druid,feral,6,2,4
Vctrphs,nemesis,192,druid,feral,6,2,4
Aurajin,spinebreaker,192,druid,feral,6,2,4
Thalerosa,tichondrius,192,druid,feral,6,2,4
Akelily,tichondrius,192,druid,feral,6,2,4
Aethorax,hyjal,192,druid,feral,6,2,4
Lóríen,thrall,192,druid,feral,6,2,4
Touchmyroot,frostmourne,192,druid,feral,6,2,4
Apace,stonemaul,192,druid,feral,6,2,4
Lilstuped,tichondrius,192,druid,feral,6,2,4
Loadie,frostmourne,192,druid,feral,6,2,4
Prosperz,dalaran,192,druid,feral,6,2,4
Tilly,malorne,192,druid,feral,6,2,4
Metaldruid,tichondrius,192,druid,feral,6,2,4
Teancookies,tichondrius,192,druid,feral,6,2,4
Astralbeast,frostmourne,192,druid,feral,6,2,4
Tauretari,tichondrius,192,druid,feral,6,2,4
Nyanyahoshi,proudmoore,192,druid,feral,6,2,4
Evantheomni,tichondrius,192,druid,feral,6,2,4
Klawzy,thrall,192,druid,feral,6,2,4
Centari,tichondrius,192,druid,feral,6,2,4
Varietypack,antonidas,192,druid,feral,6,2,4
Selfplay,barthilas,192,druid,feral,6,2,4
Barrah,barthilas,192,druid,feral,6,2,4
Kurakai,runetotem,192,druid,feral,6,2,4
Kanadae,thrall,192,druid,feral,6,2,4
Hehaw,kelthuzad,192,druid,feral,6,2,4
Asmondruud,tichondrius,192,druid,feral,6,2,4
Kikothecat,burning-blade,192,druid,feral,6,2,4
Theliono,lightnings-blade,192,druid,feral,6,2,4
Eliaris,rivendare,192,druid,feral,6,2,4
Augus,hyjal,192,druid,feral,6,2,4
Meaningfully,kelthuzad,192,druid,feral,6,2,4
Catmóm,tichondrius,192,druid,feral,6,2,4
Manwool,illidan,192,druid,feral,6,2,4
Bdsurges,illidan,192,druid,feral,6,2,4
Samsaralol,tichondrius,192,druid,feral,6,2,4
Driftwood,bonechewer,192,druid,feral,6,2,4
Unclebolty,frostmourne,192,druid,feral,6,2,4
Meatspecial,malganis,192,druid,feral,6,2,4
Bigxworm,gurubashi,192,druid,feral,6,2,4
Haegur,tichondrius,192,druid,feral,6,2,4
Geno,cenarius,192,druid,feral,6,2,4
Sadsex,illidan,192,druid,feral,6,2,4
Deigons,quelthalas,192,druid,feral,6,2,4
Stolenrims,tichondrius,192,druid,feral,6,2,4
Pusscat,illidan,192,druid,feral,6,2,4
Majdomoterry,proudmoore,192,druid,feral,6,2,4
Rigotakz,illidan,192,druid,feral,6,2,4
Handolar,quelthalas,192,druid,feral,6,2,4
Nabious,malganis,192,druid,feral,6,2,4
Ikova,frostmourne,192,druid,feral,6,2,4
Kai,spirestone,192,druid,feral,6,2,4
Malamew,antonidas,192,druid,feral,8,2,6
Restyblazed,sargeras,192,druid,feral,9,2,7
Decapin,bonechewer,192,druid,feral,11,2,9
Samully,area-52,192,druid,feral,12,2,10
Faroo,azralon,192,druid,feral,12,2,10
Pawz,windrunner,192,druid,feral,12,2,10
Sâvâge,thrall,192,druid,feral,12,2,10
Àcid,stormreaver,192,druid,feral,12,2,10
Acórn,frostmourne,192,druid,feral,12,2,10
Chaurli,hyjal,192,druid,feral,12,2,10
Shadedmika,zuljin,192,druid,feral,12,2,10
Ciggy,maiev,192,druid,feral,12,2,10
Happyc,bleeding-hollow,192,druid,feral,12,2,10
Envasions,emerald-dream,192,druid,feral,12,2,10
Noktua,moon-guard,192,druid,feral,12,2,10
Seyala,moon-guard,192,druid,feral,12,2,10
Meudayr,crushridge,192,druid,feral,12,2,10
Guy,drakthul,192,druid,feral,12,2,10
Moosesolini,chogall,192,druid,feral,12,2,10
Carboz,barthilas,192,druid,feral,12,2,10
Drabo,boulderfist,192,druid,feral,12,2,10
Kangyoku,aegwynn,192,druid,feral,12,2,10
Codieneme,blades-edge,192,druid,feral,12,2,10
Sever,ysera,192,druid,feral,12,2,10
Nerfdemo,kiljaeden,192,druid,feral,12,2,10
Feathersnow,moon-guard,192,druid,feral,12,2,10
Merxxotass,area-52,192,druid,feral,13,2,11
Rorhenn,moon-guard,192,druid,feral,18,2,16
Boomanon,illidan,191,druid,feral,6,2,4
Liightbite,illidan,191,druid,feral,12,2,10
Maxsonmaximo,sargeras,191,druid,feral,12,2,10
Baanell,kiljaeden,191,druid,feral,12,2,10
Blackcatvibe,sargeras,191,druid,feral,12,2,10
Scaryy,kelthuzad,160,druid,feral,16,2,14
Jdoozie,bleeding-hollow,159,druid,feral,5,2,3
Kipsmiffly,darkspear,128,druid,feral,4,2,2
Moonxmox,aegwynn,128,druid,feral,4,2,2
Änimorph,emerald-dream,127,druid,feral,4,2,2
Dobrman,sargeras,127,druid,feral,8,2,6
Feles,darkspear,96,druid,feral,3,2,1
Raigor,azralon,96,druid,feral,6,1,5
Sharialawl,stormreaver,96,druid,feral,6,1,5
Shinova,darkspear,96,druid,feral,6,1,5
Eurth,lightbringer,96,druid,feral,6,1,5
Arôn,stormreaver,96,druid,feral,6,1,5
Tuskdaddie,sargeras,96,druid,feral,6,1,5
Édzar,area-52,96,druid,feral,6,1,5
Lulerz,cenarius,96,druid,feral,6,1,5
Ticømia,stormrage,96,druid,feral,6,1,5
Benjaferal,malganis,96,druid,feral,6,1,5
Hairykin,blades-edge,96,druid,feral,6,1,5
Daesperien,tichondrius,96,druid,feral,6,1,5
Laynahri,moon-guard,96,druid,feral,6,1,5
Harlisu,stormrage,96,druid,feral,6,1,5
Kelylea,the-underbog,96,druid,feral,6,1,5
Alope,blades-edge,96,druid,feral,6,1,5
Droody,earthen-ring,96,druid,feral,6,1,5
Aigo,azralon,96,druid,feral,6,1,5
Swippy,blackhand,96,druid,feral,6,1,5
Dotsgallore,garrosh,96,druid,feral,6,1,5
Bootzs,kelthuzad,96,druid,feral,6,1,5
Morizo,proudmoore,96,druid,feral,6,1,5
Nyatarii,hakkar,96,druid,feral,6,1,5
Terminated,tichondrius,96,druid,feral,6,1,5
Ashmíla,ragnaros,96,druid,feral,6,1,5
Garcia,feathermoon,96,druid,feral,6,1,5
Gamerdaddydd,tichondrius,96,druid,feral,6,1,5
Wodbisxpac,sargeras,96,druid,feral,6,1,5
Crowaar,moon-guard,96,druid,feral,6,1,5
Hasemilë,dalaran,96,druid,feral,6,1,5
Gretatunberg,skywall,96,druid,feral,6,1,5
Azreklol,sargeras,96,druid,feral,6,1,5
Ärianagrande,stormrage,96,druid,feral,6,1,5
Thonarian,vashj,96,druid,feral,6,1,5
Snowmar,sargeras,96,druid,feral,6,1,5
Chumdrumrum,malganis,96,druid,feral,6,1,5
Whiplash,deathwing,96,druid,feral,6,1,5
Adasdas,stormrage,96,druid,feral,6,1,5
Furrycon,ysera,96,druid,feral,6,1,5
Fable,caelestrasz,96,druid,feral,6,1,5
Shanê,proudmoore,96,druid,feral,6,1,5
Satanstoe,illidan,96,druid,feral,6,1,5
Battledruid,nagrand,96,druid,feral,6,1,5
Wreckingcrew,emerald-dream,96,druid,feral,6,1,5
Ilikedôggy,saurfang,96,druid,feral,6,1,5
Remeta,tichondrius,96,druid,feral,6,1,5
Kaldelar,emerald-dream,96,druid,feral,6,1,5
Shisha,mannoroth,96,druid,feral,6,1,5
Spacex,amanthul,96,druid,feral,6,1,5
Feralhefty,stormrage,96,druid,feral,6,1,5
Malfuriongrl,khazgoroth,96,druid,feral,6,1,5
Yungle,tichondrius,96,druid,feral,6,1,5
Fortunecat,illidan,96,druid,feral,6,1,5
Noemofu,barthilas,96,druid,feral,6,1,5
Ausbie,garona,96,druid,feral,6,1,5
Furricane,ysondre,96,druid,feral,6,1,5
Dééz,illidan,96,druid,feral,6,1,5
Vernaar,laughing-skull,96,druid,feral,6,1,5
Hynz,barthilas,96,druid,feral,6,1,5
Healthy,auchindoun,96,druid,feral,6,1,5
Thebigcat,deathwing,96,druid,feral,6,1,5
Doomkin,demon-soul,96,druid,feral,6,1,5
Yarmel,kaelthas,96,druid,feral,6,1,5
Ban,chogall,96,druid,feral,6,1,5
Crazypaddy,dark-iron,96,druid,feral,6,1,5
Ottoro,azralon,96,druid,feral,6,1,5
Ojira,moon-guard,96,druid,feral,6,1,5
Sweetiefoxx,tichondrius,96,druid,feral,6,1,5
Sangsan,tichondrius,96,druid,feral,6,1,5
Polyproof,emerald-dream,96,druid,feral,6,1,5
Valdr,stormrage,96,druid,feral,6,1,5
Jawsbee,emerald-dream,96,druid,feral,6,1,5
Gúdru,zuljin,96,druid,feral,6,1,5
Slep,tichondrius,96,druid,feral,6,1,5
Boundless,skullcrusher,96,druid,feral,6,1,5
Symbiøsis,zuljin,96,druid,feral,6,1,5
Asaptom,frostmourne,96,druid,feral,6,1,5
Kagran,haomarush,96,druid,feral,6,1,5
Nezrael,frostwolf,96,druid,feral,6,1,5
Scizor,lightninghoof,96,druid,feral,6,1,5
Droupy,proudmoore,96,druid,feral,6,1,5
Scarymon,tichondrius,96,druid,feral,6,1,5
Ahnsuk,bleeding-hollow,96,druid,feral,6,1,5
Lakroz,zuljin,96,druid,feral,6,1,5
Deelark,skywall,96,druid,feral,6,1,5
Yeyee,darkspear,96,druid,feral,6,1,5
Ballinthree,illidan,96,druid,feral,6,1,5
Kî,thunderlord,96,druid,feral,6,1,5
Ghostboy,zuljin,96,druid,feral,6,1,5
Mootality,area-52,96,druid,feral,6,1,5
Avorah,tichondrius,96,druid,feral,6,1,5
Tartin,dragonmaw,96,druid,feral,6,1,5
Purpyo,bleeding-hollow,96,druid,feral,6,1,5
Shlümp,tichondrius,96,druid,feral,6,1,5
Jijunss,tichondrius,96,druid,feral,6,1,5
Fuzzwuzzyqt,tichondrius,96,druid,feral,6,1,5
Hadzumi,quelthalas,96,druid,feral,6,1,5
Frëýá,bleeding-hollow,96,druid,feral,6,1,5
Ragiix,tichondrius,96,druid,feral,6,1,5
Captclaws,tichondrius,96,druid,feral,6,1,5
Amarôk,bleeding-hollow,96,druid,feral,6,1,5
Jonneto,azralon,96,druid,feral,6,1,5
Naztekk,dalaran,96,druid,feral,6,1,5
Shortskate,area-52,96,druid,feral,6,1,5
Lithrian,stormrage,96,druid,feral,6,1,5
Samedo,sargeras,96,druid,feral,6,1,5
Glorp,blackwater-raiders,96,druid,feral,6,1,5
Spunj,frostmourne,96,druid,feral,6,1,5
Byefren,darkspear,96,druid,feral,7,1,6
Kâtniss,quelthalas,96,druid,feral,8,1,7
Lonewolfdrd,illidan,96,druid,feral,12,1,11
Backlazsh,illidan,96,druid,feral,12,1,11
Shawdoostorm,nemesis,96,druid,feral,12,1,11
Owlcapwn,tichondrius,96,druid,feral,12,1,11
Roldanspet,sargeras,96,druid,feral,12,1,11
Versipex,emerald-dream,96,druid,feral,12,1,11
Habras,alterac-mountains,96,druid,feral,12,1,11
Ballsnack,zuljin,96,druid,feral,12,1,11
Grovestalker,nemesis,96,druid,feral,12,1,11
Wonderclam,sargeras,96,druid,feral,18,1,17
Trisgold,azralon,96,druid,feral,18,1,17
Kaightough,azgalor,95,druid,feral,6,1,5
Furiøsä,quelthalas,95,druid,feral,6,1,5
Skwidrific,crushridge,95,druid,feral,12,1,11
Gordisimo,sargeras,79,druid,feral,5,1,4
Gitsnshigles,frostmourne,79,druid,feral,5,1,4
Ebrìthil,hyjal,58,druid,feral,10,3,7
Chubakea,kiljaeden,48,druid,feral,3,1,2
Relidra,dathremar,48,druid,feral,3,1,2
Qouro,area-52,42,druid,feral,6,2,4
Shiftwork,korgath,42,druid,feral,10,2,8
Enderhero,illidan,42,druid,feral,14,2,12
Aloranis,moon-guard,42,druid,feral,16,2,14
Ânhur,tichondrius,42,druid,feral,17,2,15
Wodferalz,proudmoore,31,druid,feral,2,1,1
Wägÿü,tichondrius,31,druid,feral,2,1,1
Mooncow,dalaran,31,druid,feral,2,1,1
Xijînping,tichondrius,2337,druid,balance,133,79,54
Supatease,tichondrius,2327,druid,balance,201,112,89
Laryfsherman,tichondrius,2324,druid,balance,83,54,29
Owl,shadowsong,2322,druid,balance,126,74,52
Aqulaíssaela,sargeras,2317,druid,balance,124,71,53
Hessenmèow,tichondrius,2305,druid,balance,126,72,54
Solareclipse,tichondrius,2293,druid,balance,107,61,46
Cti,tichondrius,2291,druid,balance,71,48,23
Starfail,illidan,2286,druid,balance,102,56,46
Peterßigßeam,malganis,2285,druid,balance,135,75,60
Jbz,balnazzar,2269,druid,balance,201,128,73
Trusyrusty,stormrage,2256,druid,balance,229,127,102
Gritzxv,stormrage,2249,druid,balance,159,90,69
Sonicphantom,kelthuzad,2242,druid,balance,239,137,102
Fredagn,illidan,2232,druid,balance,138,79,59
Soggykfc,illidan,2228,druid,balance,232,128,104
Balancex,tichondrius,2223,druid,balance,190,99,91
Gugukuaipao,tichondrius,2214,druid,balance,161,87,74
Gspx,dalaran,2214,druid,balance,102,52,50
Catworm,sargeras,2211,druid,balance,130,80,50
Flapz,illidan,2210,druid,balance,119,61,58
Pushpop,frostmourne,2202,druid,balance,113,70,43
Nbadizzyboy,illidan,2196,druid,balance,65,50,15
Theforeigner,arathor,2194,druid,balance,59,46,13
Jssy,tichondrius,2185,druid,balance,79,48,31
Flowerboï,azralon,2180,druid,balance,96,69,27
Babekisser,stormrage,2169,druid,balance,323,183,140
Tanerno,illidan,2164,druid,balance,247,133,114
Bobthehefty,area-52,2161,druid,balance,94,52,42
Mittns,arthas,2156,druid,balance,108,68,40
Brose,malganis,2151,druid,balance,84,52,32
Thugrose,blackrock,2147,druid,balance,114,58,56
Jimmypop,malganis,2143,druid,balance,241,134,107
Jaydog,emerald-dream,2141,druid,balance,54,41,13
Impëria,quelthalas,2137,druid,balance,89,58,31
Altoberano,azralon,2136,druid,balance,95,53,42
Mewfasa,duskwood,2135,druid,balance,147,94,53
Houli,tichondrius,2134,druid,balance,96,50,46
Ratspot,stormrage,2133,druid,balance,66,43,23
Napes,tichondrius,2133,druid,balance,84,45,39
Smëagol,zuljin,2133,druid,balance,114,59,55
Tygraz,alleria,2130,druid,balance,149,91,58
Zeromoon,frostmourne,2130,druid,balance,95,48,47
Legionsucks,tanaris,2129,druid,balance,210,111,99
Celtaberano,illidan,2128,druid,balance,144,86,58
Instar,tichondrius,2127,druid,balance,60,37,23
Elythria,hellscream,2125,druid,balance,48,42,6
Firefirelol,proudmoore,2125,druid,balance,131,65,66
Pisces,emerald-dream,2123,druid,balance,128,75,53
Murkeÿ,frostmourne,2122,druid,balance,156,78,78
Bigdiablo,frostmourne,2119,druid,balance,309,165,144
Yepz,tichondrius,2118,druid,balance,156,89,67
Ztraws,tichondrius,2117,druid,balance,172,104,68
Lazershartz,cenarion-circle,2116,druid,balance,108,59,49
Riskies,tichondrius,2116,druid,balance,252,133,119
Girthybeam,sargeras,2113,druid,balance,86,48,38
Fergh,tichondrius,2112,druid,balance,113,60,53
Houlix,stormrage,2112,druid,balance,437,219,218
Vertderferk,tichondrius,2110,druid,balance,98,58,40
Spamclonewin,tichondrius,2107,druid,balance,177,106,71
Ertuzi,tichondrius,2106,druid,balance,225,126,99
Fhormations,area-52,2105,druid,balance,173,99,74
Boyoboy,thrall,2102,druid,balance,54,37,17
Xantastic,area-52,2102,druid,balance,144,72,72
Omends,thrall,2101,druid,balance,158,87,71
Packinmeat,tichondrius,2100,druid,balance,102,59,43
Wnxmomthicc,tichondrius,2094,druid,balance,54,35,19
Jaseyxxl,area-52,2093,druid,balance,87,58,29
Sqwippyd,tichondrius,2087,druid,balance,86,53,33
Hayase,tichondrius,2084,druid,balance,156,89,67
Tranquilo,stormrage,2074,druid,balance,126,73,53
Feralgo,tichondrius,2071,druid,balance,93,59,34
Hogd,illidan,2071,druid,balance,93,58,35
Kidcudi,dentarg,2069,druid,balance,281,141,140
Mortqt,tichondrius,2068,druid,balance,78,44,34
Bkqtpie,tichondrius,2067,druid,balance,172,89,83
Treirus,sargeras,2064,druid,balance,142,96,46
Egomonster,tichondrius,2062,druid,balance,48,36,12
Notes,sargeras,2062,druid,balance,158,76,82
Sebastian,tichondrius,2057,druid,balance,95,58,37
Boomkek,wyrmrest-accord,2056,druid,balance,80,50,30
Boomçhicken,tichondrius,2056,druid,balance,112,58,54
Hxzard,dalaran,2045,druid,balance,199,112,87
Dipii,proudmoore,2041,druid,balance,42,32,10
John,azralon,2040,druid,balance,168,84,84
Dízzen,bleeding-hollow,2032,druid,balance,126,72,54
Vengexd,sargeras,2031,druid,balance,55,38,17
Suen,tichondrius,2030,druid,balance,92,56,36
Kaid,malganis,2028,druid,balance,114,64,50
Lazersnewch,kelthuzad,2027,druid,balance,84,50,34
Soulz,quelthalas,2026,druid,balance,96,53,43
Shifterx,illidan,2024,druid,balance,52,32,20
Panansy,stormrage,2024,druid,balance,342,181,161
Megadruidx,stormrage,2022,druid,balance,81,55,26
Lgpepperoni,tichondrius,2020,druid,balance,54,47,7
Ballinthree,illidan,2019,druid,balance,66,49,17
Fracxx,area-52,2019,druid,balance,36,24,12
Etherêal,stormrage,2019,druid,balance,144,84,60
Soar,destromath,2017,druid,balance,219,129,90
Clonekunts,tichondrius,2013,druid,balance,166,90,76
Bigmanpaul,cairne,2011,druid,balance,152,88,64
Nokomanida,zuljin,2011,druid,balance,97,55,42
Compléx,tichondrius,2011,druid,balance,90,47,43
Lazygaga,zuljin,2004,druid,balance,182,95,87
Geezbutt,tichondrius,2003,druid,balance,308,161,147
Drwasabi,tichondrius,2003,druid,balance,180,94,86
Tòmathy,tichondrius,2002,druid,balance,101,55,46
Snöwghost,aerie-peak,2000,druid,balance,233,121,112
Bables,tichondrius,1998,druid,balance,96,61,35
Akuladonfana,tichondrius,1996,druid,balance,30,26,4
Yevenbother,tichondrius,1995,druid,balance,66,40,26
Catculator,tichondrius,1989,druid,balance,130,80,50
Zneb,darkspear,1987,druid,balance,36,29,7
Fifty,ragnaros,1987,druid,balance,162,96,66
Giantpanther,tichondrius,1987,druid,balance,138,81,57
Pønchø,quelthalas,1984,druid,balance,134,73,61
Pigdd,tichondrius,1982,druid,balance,52,33,19
Byk,tichondrius,1982,druid,balance,144,81,63
Komaner,frostmourne,1982,druid,balance,84,43,41
Cultnelf,illidan,1976,druid,balance,131,69,62
Blazeikin,tichondrius,1970,druid,balance,107,61,46
Rudar,sargeras,1967,druid,balance,43,29,14
Mcv,tichondrius,1967,druid,balance,96,55,41
Beamed,thrall,1966,druid,balance,48,35,13
Vengex,sargeras,1965,druid,balance,60,38,22
Dilondru,area-52,1965,druid,balance,147,87,60
Raïsin,moon-guard,1963,druid,balance,57,33,24
Pipiwiwi,stormrage,1962,druid,balance,252,140,112
Trollololkin,bleeding-hollow,1961,druid,balance,107,71,36
Alpine,eldrethalas,1960,druid,balance,72,50,22
Locose,black-dragonflight,1957,druid,balance,90,53,37
Foekinghobo,sargeras,1953,druid,balance,209,114,95
Biophilic,moon-guard,1952,druid,balance,266,132,134
Youngtree,tichondrius,1951,druid,balance,69,36,33
Ezgamed,tichondrius,1950,druid,balance,69,46,23
Daspdruid,nagrand,1945,druid,balance,314,160,154
Uhnoheals,tichondrius,1944,druid,balance,104,58,46
Vernaar,laughing-skull,1942,druid,balance,162,88,74
Rarelinedru,malganis,1940,druid,balance,63,42,21
Basedcatx,tichondrius,1940,druid,balance,82,52,30
Murruk,darkspear,1936,druid,balance,159,86,73
Sweatypapa,tichondrius,1935,druid,balance,145,96,49
Komacine,emerald-dream,1931,druid,balance,541,290,251
Surfingbird,tichondrius,1930,druid,balance,310,184,126
Deloria,nemesis,1929,druid,balance,54,32,22
Asenna,moon-guard,1928,druid,balance,59,31,28
Dorizio,illidan,1923,druid,balance,112,65,47
Ericzzdd,tichondrius,1922,druid,balance,77,55,22
Omnigrind,frostmourne,1922,druid,balance,42,25,17
Lovemakitty,sargeras,1922,druid,balance,78,46,32
Rank,nerzhul,1921,druid,balance,90,54,36
Gèb,dalaran,1921,druid,balance,212,122,90
Davo,tichondrius,1920,druid,balance,148,91,57
Rìniroo,area-52,1920,druid,balance,66,40,26
Çoach,tichondrius,1918,druid,balance,128,70,58
Mõoõoõoõoõoõ,tichondrius,1917,druid,balance,93,47,46
Mooseknukel,zuljin,1915,druid,balance,126,71,55
Thundoon,tichondrius,1913,druid,balance,42,27,15
Cousa,zuljin,1912,druid,balance,242,132,110
Treeheehee,frostmourne,1911,druid,balance,81,60,21
Oungan,illidan,1911,druid,balance,164,94,70
Acdru,tichondrius,1911,druid,balance,67,37,30
Johnnybeach,tichondrius,1909,druid,balance,67,44,23
Lavlol,frostmourne,1909,druid,balance,567,289,278
Starsucceed,illidan,1908,druid,balance,54,30,24
Burninmoon,tichondrius,1907,druid,balance,158,84,74
Beefnudlsoup,tichondrius,1906,druid,balance,66,39,27
Rizzit,wyrmrest-accord,1906,druid,balance,64,36,28
Threk,spirestone,1905,druid,balance,207,116,91
Wereocelot,firetree,1904,druid,balance,249,136,113
Animatronixz,area-52,1903,druid,balance,84,46,38
Zoteqt,kelthuzad,1903,druid,balance,289,154,135
Bloomqt,tichondrius,1902,druid,balance,236,135,101
Form,bleeding-hollow,1899,druid,balance,108,66,42
Knotgiver,moon-guard,1899,druid,balance,52,31,21
Lakermagik,moknathal,1899,druid,balance,61,36,25
Equinøxx,malganis,1899,druid,balance,59,34,25
Sarvi,zuljin,1895,druid,balance,39,26,13
Oakwalker,moon-guard,1895,druid,balance,120,64,56
Harukai,azralon,1894,druid,balance,138,82,56
Halrath,sargeras,1891,druid,balance,36,20,16
Mkong,tichondrius,1891,druid,balance,59,25,34
Animlcracker,emerald-dream,1889,druid,balance,132,83,49
Dreveron,bleeding-hollow,1888,druid,balance,78,40,38
Starbränd,azralon,1887,druid,balance,108,65,43
Binkin,tichondrius,1886,druid,balance,30,24,6
Judar,barthilas,1885,druid,balance,77,39,38
Druidstin,tichondrius,1883,druid,balance,66,33,33
Sharialawl,stormreaver,1881,druid,balance,54,37,17
Hefkerd,tichondrius,1881,druid,balance,30,20,10
Doomty,tichondrius,1881,druid,balance,114,64,50
Ethan,the-venture-co,1879,druid,balance,39,26,13
Jojo,ysera,1879,druid,balance,148,81,67
Clonemunster,frostmourne,1877,druid,balance,90,52,38
Jayelljaÿ,thrall,1874,druid,balance,141,83,58
Çørrúptíøñzx,tichondrius,1873,druid,balance,42,31,11
Purkins,barthilas,1873,druid,balance,59,34,25
Astraldank,tichondrius,1873,druid,balance,169,92,77
Sommerrays,kelthuzad,1873,druid,balance,114,61,53
Toolboy,tichondrius,1872,druid,balance,102,54,48
Rikishi,executus,1872,druid,balance,75,39,36
Psychotycxd,tichondrius,1870,druid,balance,126,69,57
Owlyfans,frostmourne,1869,druid,balance,60,39,21
Crusch,shattered-halls,1869,druid,balance,36,23,13
Fgsb,sargeras,1868,druid,balance,42,30,12
Ràjeesh,frostmourne,1867,druid,balance,46,31,15
Moonkay,tichondrius,1866,druid,balance,72,43,29
Möshinòõb,proudmoore,1865,druid,balance,58,40,18
Mverstapp,moon-guard,1864,druid,balance,60,32,28
Bukkwild,stormrage,1863,druid,balance,84,60,24
Jakob,arygos,1863,druid,balance,186,102,84
Wecksolol,sargeras,1863,druid,balance,368,186,182
Vuru,azralon,1862,druid,balance,47,32,15
Ilovediego,stormrage,1862,druid,balance,48,30,18
Exxh,tichondrius,1861,druid,balance,64,45,19
Djayolo,illidan,1861,druid,balance,66,46,20
Nåpes,frostmourne,1861,druid,balance,62,31,31
Cattdog,tichondrius,1860,druid,balance,100,66,34
Chanimal,tichondrius,1860,druid,balance,90,58,32
Whoopz,blackrock,1860,druid,balance,73,36,37
Handhandb,tichondrius,1859,druid,balance,132,75,57
Fidgy,tichondrius,1858,druid,balance,36,29,7
Poliage,moon-guard,1858,druid,balance,155,89,66
Elyveen,proudmoore,1856,druid,balance,122,83,39
Tratean,tichondrius,1856,druid,balance,107,63,44
Sadboy,moon-guard,1856,druid,balance,197,105,92
Convokeopp,tichondrius,1856,druid,balance,149,78,71
Lilbeam,sargeras,1855,druid,balance,42,27,15
Pizzaparties,tichondrius,1850,druid,balance,83,57,26
Starfallz,illidan,1850,druid,balance,42,23,19
Dooruid,tichondrius,1849,druid,balance,101,56,45
Kyura,sargeras,1848,druid,balance,160,82,78
Trapkin,tichondrius,1847,druid,balance,221,136,85
Swaggu,kelthuzad,1847,druid,balance,72,44,28
Deenut,sargeras,1847,druid,balance,72,43,29
Kydro,sargeras,1847,druid,balance,92,51,41
Irooftrellen,chogall,1847,druid,balance,107,59,48
Lothail,windrunner,1846,druid,balance,107,60,47
Toughshift,zuljin,1846,druid,balance,120,52,68
Lindsanr,illidan,1845,druid,balance,95,55,40
Idolizeme,skullcrusher,1845,druid,balance,59,30,29
Bunnykiss,tichondrius,1843,druid,balance,128,66,62
Druidk,tichondrius,1843,druid,balance,144,74,70
Thatboiscrew,tichondrius,1840,druid,balance,122,84,38
Fätål,ysera,1839,druid,balance,96,62,34
Ghostisghost,sargeras,1839,druid,balance,95,57,38
Seyala,moon-guard,1839,druid,balance,181,103,78
Lazerbeamz,tichondrius,1837,druid,balance,126,69,57
Sorh,stormrage,1835,druid,balance,78,46,32
Proudmom,barthilas,1835,druid,balance,60,31,29
Hennydru,dalaran,1834,druid,balance,53,34,19
Chal,illidan,1834,druid,balance,65,39,26
Elunegoddess,tichondrius,1834,druid,balance,46,27,19
Piment,tichondrius,1834,druid,balance,79,45,34
Bolthor,wyrmrest-accord,1834,druid,balance,138,77,61
Daifuku,illidan,1834,druid,balance,78,43,35
Formhub,malganis,1834,druid,balance,84,42,42
Moonflora,stormrage,1833,druid,balance,129,73,56
Sawsaw,bleeding-hollow,1832,druid,balance,74,42,32
Lekick,tichondrius,1832,druid,balance,81,45,36
Jaxer,illidan,1831,druid,balance,163,97,66
Ilovediegoxo,kelthuzad,1830,druid,balance,48,32,16
Laser,bonechewer,1830,druid,balance,54,32,22
Fleasy,wyrmrest-accord,1830,druid,balance,105,62,43
Itachi,dragonmaw,1830,druid,balance,83,48,35
Dontnerfmore,queldorei,1829,druid,balance,66,31,35
Moozzash,azralon,1828,druid,balance,54,32,22
Chernovax,kelthuzad,1828,druid,balance,87,47,40
Evsn,tichondrius,1826,druid,balance,36,28,8
Binjuicex,frostmourne,1826,druid,balance,63,41,22
Goochies,aerie-peak,1826,druid,balance,59,35,24
Bcup,sargeras,1826,druid,balance,54,32,22
Honeybeam,moon-guard,1826,druid,balance,110,60,50
Sappyroots,area-52,1826,druid,balance,60,32,28
Ebrìthil,hyjal,1823,druid,balance,96,50,46
Lunalai,bloodhoof,1820,druid,balance,96,55,41
Metroboomy,magtheridon,1820,druid,balance,104,59,45
Mastabtw,illidan,1820,druid,balance,54,30,24
Arenamasterx,stormscale,1820,druid,balance,48,25,23
Catpoop,frostmourne,1819,druid,balance,54,37,17
Realistik,kelthuzad,1819,druid,balance,96,62,34
Thrage,sargeras,1819,druid,balance,66,40,26
Ailari,moon-guard,1819,druid,balance,97,57,40
Resorange,malganis,1818,druid,balance,48,29,19
Johnieboy,azralon,1818,druid,balance,85,48,37
Sueycide,tichondrius,1818,druid,balance,89,43,46
Dorlingus,tichondrius,1817,druid,balance,48,29,19
Partylord,malganis,1817,druid,balance,156,87,69
Xenny,chogall,1815,druid,balance,48,34,14
Haohomie,tichondrius,1815,druid,balance,96,61,35
Stepbro,malorne,1815,druid,balance,252,144,108
Bentøbøx,barthilas,1815,druid,balance,59,31,28
Aethisra,moon-guard,1814,druid,balance,215,123,92
Kogas,hyjal,1812,druid,balance,56,37,19
Staystrongox,tichondrius,1812,druid,balance,82,51,31
Jokerdks,tichondrius,1812,druid,balance,80,49,31
Keylae,sargeras,1812,druid,balance,86,46,40
Moongodx,stormrage,1811,druid,balance,36,26,10
Kamero,tichondrius,1811,druid,balance,63,39,24
Souress,shadowsong,1811,druid,balance,66,40,26
Boomfold,tichondrius,1811,druid,balance,66,33,33
Likorit,azralon,1809,druid,balance,36,25,11
Zeromeme,frostmourne,1809,druid,balance,33,21,12
Tôpdadwôrld,sargeras,1809,druid,balance,30,19,11
Kzinti,zuluhed,1809,druid,balance,113,60,53
Starlyxo,malganis,1808,druid,balance,86,57,29
Smeow,zuljin,1808,druid,balance,146,82,64
Wiredxd,illidan,1807,druid,balance,44,28,16
Pào,tichondrius,1807,druid,balance,57,35,22
Boomsquanch,emerald-dream,1807,druid,balance,84,47,37
Seilah,lightbringer,1807,druid,balance,54,30,24
Dustydrx,area-52,1806,druid,balance,56,34,22
Ðraoï,stormrage,1805,druid,balance,48,29,19
Bathrobe,bloodscalp,1805,druid,balance,54,28,26
Wòót,stormreaver,1804,druid,balance,108,73,35
Anchunlol,tichondrius,1804,druid,balance,48,28,20
Smeepy,bleeding-hollow,1804,druid,balance,66,36,30
Xannê,tichondrius,1804,druid,balance,62,32,30
Kûramä,dalaran,1803,druid,balance,42,24,18
Malfuria,tichondrius,1802,druid,balance,53,32,21
Mythleaf,ragnaros,1802,druid,balance,120,70,50
Drcuy,ragnaros,1802,druid,balance,109,61,48
Enøsh,tichondrius,1802,druid,balance,114,58,56
Nickyü,ragnaros,1802,druid,balance,132,67,65
Felny,malganis,1802,druid,balance,54,26,28
Ayla,gorefiend,1801,druid,balance,53,34,19
Bearyhalls,frostmourne,1801,druid,balance,45,26,19
Buffjungle,tichondrius,1801,druid,balance,36,20,16
Gordzak,illidan,1801,druid,balance,212,113,99
Herpadruid,illidan,1801,druid,balance,206,96,110
Hateshinai,sargeras,1800,druid,balance,36,24,12
Treelah,tichondrius,1800,druid,balance,48,29,19
Starboy,garona,1800,druid,balance,54,32,22
Krahz,lightnings-blade,1800,druid,balance,415,219,196
Sahksi,lothar,1798,druid,balance,104,57,47
Swergz,tichondrius,1797,druid,balance,24,19,5
Brodda,sargeras,1797,druid,balance,269,146,123
Stinkÿ,bleeding-hollow,1796,druid,balance,69,48,21
Donutdruid,illidan,1796,druid,balance,94,56,38
Nxf,sargeras,1795,druid,balance,71,40,31
Boosted,bloodscalp,1792,druid,balance,48,33,15
Pils,nemesis,1790,druid,balance,189,113,76
Hypefull,tichondrius,1790,druid,balance,54,26,28
Kellydacat,azuremyst,1789,druid,balance,24,19,5
Fungamezx,bleeding-hollow,1788,druid,balance,78,51,27
Striix,ragnaros,1788,druid,balance,48,23,25
Nophysique,zuljin,1786,druid,balance,142,80,62
Zalothianx,thrall,1784,druid,balance,58,36,22
Brainlessqt,tichondrius,1783,druid,balance,40,28,12
Bearyhallsjr,sargeras,1783,druid,balance,36,24,12
Oobuck,kilrogg,1782,druid,balance,105,61,44
Destromz,zuljin,1780,druid,balance,36,24,12
Nasuu,bleeding-hollow,1780,druid,balance,143,85,58
Hydrahl,thrall,1780,druid,balance,90,50,40
Convoken,tichondrius,1779,druid,balance,72,43,29
Teeball,tichondrius,1779,druid,balance,53,20,33
Gatorskin,sargeras,1775,druid,balance,46,29,17
Featherfeets,tichondrius,1774,druid,balance,36,22,14
Orollå,tichondrius,1771,druid,balance,50,29,21
Davione,tichondrius,1767,druid,balance,76,43,33
Lilkitty,tichondrius,1764,druid,balance,148,81,67
Tyapet,area-52,1763,druid,balance,190,107,83
Moanabluray,area-52,1763,druid,balance,185,84,101
Myex,illidan,1760,druid,balance,72,47,25
Melloj,kelthuzad,1759,druid,balance,78,45,33
Sweatydruidx,tichondrius,1759,druid,balance,60,32,28
Dorobloom,sargeras,1758,druid,balance,114,72,42
Starsiee,drakkari,1758,druid,balance,107,55,52
Coompie,frostmourne,1757,druid,balance,36,27,9
Krispz,area-52,1757,druid,balance,95,49,46
Daddyshift,proudmoore,1756,druid,balance,74,42,32
Clarice,shattered-halls,1756,druid,balance,147,81,66
Rikezz,black-dragonflight,1755,druid,balance,97,64,33
Awguseon,proudmoore,1755,druid,balance,66,43,23
Boomybro,thrall,1755,druid,balance,152,90,62
Ternkote,tichondrius,1755,druid,balance,48,28,20
Fancynut,kiljaeden,1755,druid,balance,92,50,42
Cocainebeär,tichondrius,1755,druid,balance,77,39,38
Cynhawts,emerald-dream,1754,druid,balance,46,27,19
Angryjo,tichondrius,1753,druid,balance,124,71,53
Gorgoncity,illidan,1753,druid,balance,34,19,15
Dextructive,tichondrius,1752,druid,balance,166,82,84
Fal,bloodscalp,1751,druid,balance,94,51,43
Boattastic,terenas,1751,druid,balance,114,60,54
Chernlyssayo,stormrage,1750,druid,balance,80,48,32
Swayjizz,tichondrius,1750,druid,balance,114,64,50
Twinscroll,tichondrius,1748,druid,balance,226,133,93
Elliar,akama,1748,druid,balance,123,68,55
ßleepßloop,tichondrius,1745,druid,balance,45,29,16
Mûû,tichondrius,1743,druid,balance,116,69,47
Bunnyes,tichondrius,1743,druid,balance,60,30,30
Kahpooya,tichondrius,1742,druid,balance,46,32,14
Weckxa,sargeras,1742,druid,balance,302,154,148
Niroxic,frostmourne,1740,druid,balance,78,47,31
Aralix,zuljin,1739,druid,balance,202,112,90
Animaldoctor,illidan,1737,druid,balance,69,48,21
Bumbleebee,azralon,1736,druid,balance,52,33,19
Taylorshift,misha,1735,druid,balance,39,33,6
Justsidious,sargeras,1735,druid,balance,36,27,9
Kydralola,ragnaros,1735,druid,balance,36,21,15
Glazinator,sargeras,1735,druid,balance,269,133,136
Druidwhat,stormrage,1734,druid,balance,153,81,72
Starz,arthas,1733,druid,balance,50,33,17
Verslinker,stormrage,1733,druid,balance,54,33,21
Kdrumania,tichondrius,1732,druid,balance,84,49,35
Mädnhairy,zuljin,1731,druid,balance,51,32,19
Prowlâr,jubeithos,1731,druid,balance,72,40,32
Yggdrasil,ravencrest,1731,druid,balance,72,39,33
Jillferal,proudmoore,1730,druid,balance,126,75,51
Glickbear,illidan,1730,druid,balance,72,40,32
Nyloke,kelthuzad,1729,druid,balance,66,44,22
Choosegoose,area-52,1729,druid,balance,44,29,15
Meowkit,blackrock,1729,druid,balance,64,40,24
Abomasnow,turalyon,1729,druid,balance,78,46,32
Scene,frostmourne,1729,druid,balance,71,40,31
Chococrispis,quelthalas,1728,druid,balance,48,29,19
Irl,frostmane,1728,druid,balance,47,28,19
Ottovonbird,tichondrius,1728,druid,balance,66,30,36
Tenhoteta,goldrinn,1727,druid,balance,81,46,35
Cobal,goldrinn,1727,druid,balance,419,216,203
Schlaankeyy,stormrage,1726,druid,balance,57,28,29
Chikinwing,illidan,1725,druid,balance,143,80,63
Pannaxx,tichondrius,1723,druid,balance,36,24,12
Chøpstixs,bleeding-hollow,1723,druid,balance,66,40,26
Buckwhêât,illidan,1723,druid,balance,121,60,61
Brokenomega,area-52,1722,druid,balance,148,88,60
Naakx,tichondrius,1722,druid,balance,52,30,22
Haymade,sargeras,1722,druid,balance,186,106,80
Flappyjacks,elune,1721,druid,balance,66,37,29
Olongjonsson,wyrmrest-accord,1721,druid,balance,60,28,32
Deviperdruid,frostmourne,1720,druid,balance,63,40,23
Flapperz,sargeras,1720,druid,balance,104,54,50
Wallower,malganis,1720,druid,balance,60,28,32
Trapdoorboom,illidan,1719,druid,balance,171,88,83
Ðøomkinz,azjolnerub,1718,druid,balance,64,43,21
Lewïs,stormrage,1717,druid,balance,143,79,64
Sym,zuljin,1716,druid,balance,30,19,11
Cirranis,moon-guard,1714,druid,balance,171,96,75
Cjæ,bleeding-hollow,1713,druid,balance,24,18,6
Treeshift,tichondrius,1713,druid,balance,77,47,30
Dànkness,frostwolf,1713,druid,balance,53,29,24
Zils,bleeding-hollow,1713,druid,balance,55,29,26
Dupaface,stormrage,1712,druid,balance,53,25,28
Filthyclaws,stormrage,1712,druid,balance,66,30,36
Halenson,illidan,1711,druid,balance,94,50,44
Lupintk,tichondrius,1710,druid,balance,151,88,63
Yazmawma,tichondrius,1710,druid,balance,84,47,37
Faerie,kaelthas,1708,druid,balance,82,44,38
Slickitty,kelthuzad,1707,druid,balance,30,18,12
Ghaal,tichondrius,1707,druid,balance,132,78,54
Foxhoundlol,tichondrius,1707,druid,balance,123,70,53
Thetruetrue,sargeras,1707,druid,balance,189,102,87
Rayzer,bleeding-hollow,1706,druid,balance,135,76,59
Waiv,area-52,1706,druid,balance,48,25,23
Chengxiaopao,tichondrius,1705,druid,balance,50,32,18
Boiledfrogs,zuljin,1705,druid,balance,36,22,14
Redhotbean,tichondrius,1704,druid,balance,155,85,70
Delorík,illidan,1704,druid,balance,180,98,82
Cringetbh,zuljin,1703,druid,balance,72,45,27
Maligoz,nemesis,1703,druid,balance,95,49,46
Rerob,aerie-peak,1702,druid,balance,50,26,24
Velyring,moon-guard,1701,druid,balance,102,60,42
Líu,area-52,1701,druid,balance,126,73,53
Jemima,auchindoun,1701,druid,balance,148,85,63
Doomdawn,sargeras,1701,druid,balance,123,65,58
Yoona,kiljaeden,1701,druid,balance,83,43,40
Moolord,eonar,1700,druid,balance,136,77,59
Torrox,tichondrius,1700,druid,balance,274,149,125
Chayten,bleeding-hollow,1699,druid,balance,42,21,21
Themustafa,tichondrius,1698,druid,balance,48,31,17
Kletys,azralon,1698,druid,balance,125,67,58
Muunragery,illidan,1698,druid,balance,48,25,23
Neurotoxins,tichondrius,1697,druid,balance,36,25,11
Softkiller,chogall,1697,druid,balance,78,48,30
Tunaren,wyrmrest-accord,1696,druid,balance,42,21,21
Sigure,zuljin,1695,druid,balance,50,34,16
Treetard,altar-of-storms,1695,druid,balance,108,60,48
Drugdoer,tichondrius,1695,druid,balance,133,73,60
Raquelitá,ragnaros,1694,druid,balance,28,19,9
Roar,moon-guard,1694,druid,balance,80,49,31
Løk,sargeras,1694,druid,balance,30,18,12
Cyclone,darkspear,1693,druid,balance,48,21,27
Magicgunner,tichondrius,1692,druid,balance,24,18,6
Seyon,tichondrius,1692,druid,balance,80,41,39
Sibby,barthilas,1691,druid,balance,90,48,42
Gallianö,frostmourne,1691,druid,balance,110,58,52
Meatbender,frostmourne,1691,druid,balance,110,55,55
Boomybalboa,stormrage,1690,druid,balance,29,19,10
Jalapenoz,wyrmrest-accord,1690,druid,balance,42,20,22
Kekepop,emerald-dream,1689,druid,balance,42,30,12
Islayne,moon-guard,1689,druid,balance,60,41,19
Xenöchrist,ragnaros,1689,druid,balance,190,112,78
Moonrg,stormrage,1689,druid,balance,72,38,34
Ssantirap,quelthalas,1689,druid,balance,42,18,24
Realmehji,wyrmrest-accord,1688,druid,balance,42,30,12
Reàsons,stormrage,1688,druid,balance,126,62,64
Bubalolz,quelthalas,1688,druid,balance,245,120,125
Givemethatcr,tichondrius,1687,druid,balance,30,21,9
Aule,frostmourne,1687,druid,balance,36,18,18
Purrfessorx,proudmoore,1686,druid,balance,24,18,6
Whodoüvoodoo,tichondrius,1686,druid,balance,30,21,9
Stellar,steamwheedle-cartel,1686,druid,balance,42,25,17
Spinach,moon-guard,1686,druid,balance,104,53,51
Ripkinztko,stormrage,1685,druid,balance,24,19,5
Azakai,sargeras,1685,druid,balance,30,20,10
Hoodjah,tichondrius,1685,druid,balance,42,26,16
Wasabilol,tichondrius,1685,druid,balance,195,107,88
Targareyen,sargeras,1685,druid,balance,65,34,31
Padavore,wyrmrest-accord,1684,druid,balance,145,86,59
Contrololol,hyjal,1684,druid,balance,138,74,64
Gwiffurry,tichondrius,1683,druid,balance,54,32,22
Taurenasarus,area-52,1683,druid,balance,51,30,21
Rumorxo,illidan,1683,druid,balance,36,21,15
Nurtures,sargeras,1683,druid,balance,63,35,28
Thottiie,hyjal,1683,druid,balance,90,46,44
Suist,moonrunner,1682,druid,balance,51,26,25
Stinky,bleeding-hollow,1682,druid,balance,66,33,33
Roofty,illidan,1681,druid,balance,34,22,12
Midoo,proudmoore,1681,druid,balance,78,44,34
Cheezaygx,arthas,1680,druid,balance,30,18,12
Blamkin,tichondrius,1680,druid,balance,60,34,26
Dárách,malganis,1680,druid,balance,147,82,65
Beamrooster,silvermoon,1679,druid,balance,62,39,23
Druentia,tichondrius,1678,druid,balance,68,39,29
Koratan,frostmourne,1678,druid,balance,65,33,32
Clawyou,illidan,1677,druid,balance,30,21,9
Ruthlessbro,sargeras,1677,druid,balance,85,45,40
Bigboomy,sargeras,1676,druid,balance,42,27,15
Ironsightsdr,dalaran,1676,druid,balance,63,36,27
Johnnydrip,malganis,1676,druid,balance,42,22,20
Alastras,tichondrius,1676,druid,balance,61,30,31
Chickenwings,ragnaros,1675,druid,balance,48,29,19
Cröòk,malganis,1675,druid,balance,48,24,24
Ànìmàl,stormrage,1674,druid,balance,36,27,9
Shibbith,nordrassil,1674,druid,balance,42,24,18
Cócorosie,tichondrius,1673,druid,balance,42,31,11
Withwind,dalaran,1673,druid,balance,48,23,25
Pennytrate,barthilas,1672,druid,balance,110,60,50
Blightcubzy,proudmoore,1671,druid,balance,74,40,34
Frostig,tichondrius,1670,druid,balance,36,22,14
Hagatta,stormrage,1670,druid,balance,204,109,95
Lostnsauce,tichondrius,1669,druid,balance,60,43,17
Rizzdja,frostmourne,1668,druid,balance,54,36,18
Halensen,illidan,1668,druid,balance,47,23,24
Smokeytheelf,illidan,1667,druid,balance,83,54,29
Supafat,thrall,1667,druid,balance,37,23,14
Galind,rexxar,1667,druid,balance,64,38,26
Mofan,tichondrius,1666,druid,balance,48,27,21
Yipëë,moon-guard,1666,druid,balance,64,34,30
Aesthetical,frostmourne,1665,druid,balance,68,41,27
Dbanned,nemesis,1665,druid,balance,183,99,84
Partybeast,malganis,1664,druid,balance,74,55,19
Zetii,emerald-dream,1663,druid,balance,114,67,47
Muwudred,stormrage,1663,druid,balance,72,41,31
Gumbawl,sargeras,1662,druid,balance,36,22,14
Fondra,sargeras,1662,druid,balance,73,44,29
Byte,ragnaros,1662,druid,balance,35,18,17
Marutot,tichondrius,1660,druid,balance,42,30,12
Guarbird,tichondrius,1660,druid,balance,27,19,8
Cthulhuqt,kelthuzad,1660,druid,balance,36,25,11
Gokki,zuljin,1660,druid,balance,77,53,24
Mastahskills,illidan,1660,druid,balance,40,26,14
Babybite,frostmourne,1660,druid,balance,42,22,20
Wakeenfiendx,sargeras,1659,druid,balance,36,23,13
Drakeowl,area-52,1659,druid,balance,49,28,21
Spacedruidx,illidan,1659,druid,balance,91,49,42
Maxspeed,tichondrius,1657,druid,balance,30,20,10
Foafoa,illidan,1657,druid,balance,31,19,12
Boomchí,tichondrius,1657,druid,balance,60,33,27
Droodaphobé,sargeras,1657,druid,balance,65,35,30
Verbz,arthas,1656,druid,balance,54,26,28
Scurse,tichondrius,1655,druid,balance,153,79,74
Rennar,stormrage,1654,druid,balance,29,18,11
Nicenature,gilneas,1654,druid,balance,70,41,29
Moohok,bleeding-hollow,1654,druid,balance,65,36,29
Entakkt,cenarius,1653,druid,balance,36,28,8
Zùnma,tichondrius,1653,druid,balance,48,30,18
Saltydru,illidan,1653,druid,balance,56,34,22
Bearyhalls,sargeras,1653,druid,balance,30,18,12
Ahrily,kelthuzad,1653,druid,balance,94,50,44
Aull,kelthuzad,1653,druid,balance,36,19,17
Vergota,emerald-dream,1652,druid,balance,73,50,23
Loudpax,zuljin,1652,druid,balance,53,36,17
Renithen,trollbane,1652,druid,balance,42,28,14
Înfamous,thrall,1652,druid,balance,36,24,12
Cyclíze,sargeras,1652,druid,balance,78,44,34
Frames,area-52,1652,druid,balance,101,49,52
Ashstarfall,barthilas,1651,druid,balance,36,26,10
Readt,malganis,1651,druid,balance,210,111,99
Druizzy,illidan,1651,druid,balance,60,26,34
Loraxx,bleeding-hollow,1650,druid,balance,36,23,13
Leeteracola,malganis,1650,druid,balance,68,38,30
Coldkill,burning-legion,1650,druid,balance,36,20,16
Lyshani,thrall,1650,druid,balance,118,64,54
Khryllx,tichondrius,1649,druid,balance,42,27,15
Moonsliced,kiljaeden,1649,druid,balance,66,40,26
Ereshkïgal,stormrage,1649,druid,balance,107,64,43
Kickconvoke,sargeras,1649,druid,balance,72,43,29
Phurr,area-52,1649,druid,balance,75,39,36
Cattpiss,tichondrius,1647,druid,balance,24,19,5
Nokitty,tichondrius,1647,druid,balance,48,37,11
Epicworld,stormrage,1647,druid,balance,156,92,64
Theboomkin,kelthuzad,1647,druid,balance,42,24,18
Drmf,frostmourne,1647,druid,balance,54,30,24
Dôcteurowl,zuljin,1647,druid,balance,155,75,80
Gwub,illidan,1646,druid,balance,29,23,6
Bbkingschair,tichondrius,1646,druid,balance,30,21,9
Tankzsz,malganis,1646,druid,balance,36,19,17
Korbö,zuljin,1645,druid,balance,48,27,21
Offthezaza,tichondrius,1644,druid,balance,94,53,41
Pankecito,ragnaros,1644,druid,balance,64,36,28
Chaossdruid,bleeding-hollow,1644,druid,balance,195,108,87
Cokanebear,garrosh,1643,druid,balance,28,19,9
Josepha,tichondrius,1643,druid,balance,30,20,10
Wizdùm,frostmourne,1643,druid,balance,53,34,19
Buckbumble,frostmourne,1643,druid,balance,72,45,27
Convokeula,tichondrius,1643,druid,balance,132,76,56
Segamain,shuhalo,1643,druid,balance,87,45,42
Rezlur,tichondrius,1643,druid,balance,47,24,23
Junaleska,lightbringer,1642,druid,balance,31,23,8
Darach,boulderfist,1642,druid,balance,36,26,10
Masan,burning-blade,1642,druid,balance,36,23,13
Desiration,area-52,1642,druid,balance,33,20,13
Hootiepie,hyjal,1642,druid,balance,42,24,18
Boomchickens,area-52,1642,druid,balance,60,33,27
Protagonist,zuluhed,1642,druid,balance,97,50,47
Knoxdog,illidan,1641,druid,balance,63,38,25
Dcountts,area-52,1640,druid,balance,44,28,16
Wildslash,proudmoore,1640,druid,balance,87,44,43
Wondercat,illidan,1639,druid,balance,36,22,14
Infam,sargeras,1639,druid,balance,42,24,18
Canek,ghostlands,1638,druid,balance,137,78,59
Snugglin,kelthuzad,1638,druid,balance,72,37,35
Kïx,illidan,1636,druid,balance,38,23,15
Comidru,tichondrius,1636,druid,balance,96,45,51
Tummycummy,thrall,1635,druid,balance,36,24,12
Xanybarz,stormrage,1635,druid,balance,60,37,23
Dudur,zuljin,1635,druid,balance,143,76,67
Thamoonsbak,aggramar,1635,druid,balance,35,18,17
Ehleven,tichondrius,1634,druid,balance,48,29,19
Sodapooping,azjolnerub,1634,druid,balance,192,108,84
Dharmatra,quelthalas,1634,druid,balance,101,56,45
Hairykin,blades-edge,1633,druid,balance,56,36,20
Dustin,moon-guard,1632,druid,balance,52,28,24
Maviç,hyjal,1632,druid,balance,159,85,74
Mayanardz,bleeding-hollow,1631,druid,balance,24,17,7
Killiamp,tichondrius,1630,druid,balance,47,29,18
Zhinger,tichondrius,1630,druid,balance,103,57,46
Tinkeress,stormrage,1630,druid,balance,187,102,85
Skeevz,darkspear,1630,druid,balance,74,38,36
Wildbloom,draenor,1629,druid,balance,221,119,102
Relaeh,andorhal,1629,druid,balance,36,19,17
Boxtops,bleeding-hollow,1628,druid,balance,60,40,20
Neytîrî,tichondrius,1628,druid,balance,149,82,67
Jimrobloxttv,emerald-dream,1627,druid,balance,36,24,12
Bäñgarang,tichondrius,1627,druid,balance,135,77,58
Oppose,akama,1627,druid,balance,65,37,28
Aethertide,stormrage,1627,druid,balance,53,26,27
Kitem,tichondrius,1627,druid,balance,36,17,19
Dreamwalker,bleeding-hollow,1626,druid,balance,24,17,7
ßigfoot,darkspear,1626,druid,balance,30,21,9
Ripdimebag,frostmourne,1626,druid,balance,58,37,21
Restorationz,tichondrius,1626,druid,balance,131,77,54
Feaveldin,moon-guard,1626,druid,balance,42,23,19
Schwenkyytv,sargeras,1626,druid,balance,95,50,45
Scrubrat,moon-guard,1625,druid,balance,52,40,12
Jgb,dalaran,1625,druid,balance,36,20,16
Ablackdruid,moon-guard,1624,druid,balance,35,21,14
Cabek,malganis,1624,druid,balance,102,57,45
Moonra,malganis,1623,druid,balance,66,38,28
Soonntkgo,ragnaros,1623,druid,balance,56,29,27
Bhboom,tichondrius,1623,druid,balance,54,23,31
Eseldra,area-52,1622,druid,balance,58,34,24
Galadon,tichondrius,1622,druid,balance,65,36,29
Nbnbnb,proudmoore,1621,druid,balance,39,21,18
Boompoizan,tichondrius,1621,druid,balance,201,106,95
Còyot,stormrage,1621,druid,balance,66,34,32
Finkledurp,dalaran,1621,druid,balance,47,24,23
Verelyris,nordrassil,1620,druid,balance,24,18,6
Lowkie,llane,1620,druid,balance,81,44,37
Yorch,stormrage,1620,druid,balance,131,67,64
Muffbfloppn,zuljin,1619,druid,balance,36,22,14
Taszy,blackrock,1619,druid,balance,58,34,24
Charmandxr,hyjal,1619,druid,balance,83,44,39
Kelagoat,kiljaeden,1619,druid,balance,82,40,42
Gatø,area-52,1619,druid,balance,90,42,48
Tahunne,tichondrius,1618,druid,balance,148,89,59
Woog,moon-guard,1618,druid,balance,138,78,60
Bambooty,veknilash,1617,druid,balance,84,43,41
Drufasa,tichondrius,1617,druid,balance,70,34,36
Daddyfresh,ursin,1616,druid,balance,90,55,35
Rokk,baelgun,1616,druid,balance,140,81,59
Foxwit,jubeithos,1616,druid,balance,40,22,18
Héisénbérg,sargeras,1615,druid,balance,60,33,27
Fastlife,drakkari,1615,druid,balance,66,35,31
Harryhotter,blackrock,1615,druid,balance,139,69,70
Furryswipe,proudmoore,1614,druid,balance,56,33,23
Polánd,area-52,1614,druid,balance,75,43,32
Caboom,frostmourne,1614,druid,balance,36,19,17
Dolwizz,tichondrius,1614,druid,balance,66,29,37
Yosuzume,thrall,1613,druid,balance,54,33,21
Seyedo,sargeras,1613,druid,balance,77,45,32
Forest,frostmourne,1613,druid,balance,46,25,21
Iambeefy,hyjal,1613,druid,balance,90,47,43
Kuaite,azralon,1613,druid,balance,88,44,44
Schneidèr,quelthalas,1613,druid,balance,42,20,22
Ihavehothots,kiljaeden,1612,druid,balance,44,32,12
Duglas,illidan,1612,druid,balance,91,55,36
Auras,kelthuzad,1612,druid,balance,126,76,50
Grapeful,frostmourne,1612,druid,balance,72,39,33
Stargrazing,tichondrius,1612,druid,balance,42,21,21
Ellguin,malganis,1611,druid,balance,60,44,16
Âzn,tichondrius,1611,druid,balance,160,95,65
Eatmorchiken,boulderfist,1611,druid,balance,37,21,16
Twcrazyk,tichondrius,1611,druid,balance,79,38,41
Bocephus,dark-iron,1610,druid,balance,66,41,25
Laradea,argent-dawn,1609,druid,balance,38,27,11
Pänzerkin,sargeras,1609,druid,balance,30,21,9
Alaillais,moon-guard,1609,druid,balance,48,28,20
Shafted,kelthuzad,1609,druid,balance,36,21,15
Sxc,frostmourne,1609,druid,balance,52,27,25
Sunmoonkong,area-52,1608,druid,balance,76,44,32
Herbzlova,lightnings-blade,1608,druid,balance,156,84,72
Kittyboy,emerald-dream,1607,druid,balance,30,21,9
Kittiepurry,blackrock,1607,druid,balance,112,63,49
Reenzy,azralon,1607,druid,balance,202,109,93
Swiftydel,frostmourne,1607,druid,balance,54,29,25
Boys,bleeding-hollow,1606,druid,balance,42,24,18
Rígél,ragnaros,1606,druid,balance,243,132,111
Boome,blackrock,1606,druid,balance,272,141,131
Signifies,tichondrius,1605,druid,balance,29,20,9
Rootyou,frostmourne,1605,druid,balance,42,25,17
Braviel,stormrage,1605,druid,balance,54,32,22
Huggerino,stormrage,1605,druid,balance,88,52,36
Baboongodx,frostmourne,1605,druid,balance,35,18,17
Lumipawz,frostmourne,1604,druid,balance,49,35,14
Rongrong,kargath,1604,druid,balance,30,17,13
Columpio,area-52,1604,druid,balance,48,26,22
Nehrudruid,area-52,1603,druid,balance,24,17,7
Jentlegiant,tichondrius,1602,druid,balance,36,21,15
Bearserk,rexxar,1602,druid,balance,126,66,60
Nuubmurph,stormrage,1601,druid,balance,45,29,16
Fìlø,bleeding-hollow,1601,druid,balance,270,149,121
Ataraxie,illidan,1600,druid,balance,103,58,45
Mengniulol,tichondrius,1599,druid,balance,30,17,13
Sadsex,illidan,1598,druid,balance,107,63,44
Dirtmaggot,barthilas,1597,druid,balance,31,21,10
Inuyasha,sargeras,1597,druid,balance,59,34,25
Jxrx,malganis,1597,druid,balance,42,24,18
Syclonez,stormrage,1597,druid,balance,72,38,34
Jacusias,stormrage,1597,druid,balance,199,105,94
Doomkiñ,darkspear,1597,druid,balance,47,22,25
Secodegatø,ragnaros,1596,druid,balance,36,22,14
Wp,proudmoore,1595,druid,balance,76,48,28
Gossìpgoat,frostmourne,1595,druid,balance,68,39,29
Wattami,area-52,1595,druid,balance,36,20,16
Odirtytshirt,malganis,1595,druid,balance,55,27,28
Skurts,tichondrius,1594,druid,balance,39,25,14
Blackjésüs,kelthuzad,1594,druid,balance,153,86,67
Gladdz,tichondrius,1594,druid,balance,89,47,42
Deed,korialstrasz,1594,druid,balance,63,30,33
Stärscrëäm,darkspear,1593,druid,balance,42,29,13
Drakemaster,aggramar,1593,druid,balance,30,20,10
Bigmilky,bloodhoof,1593,druid,balance,71,37,34
Faelonk,frostmourne,1592,druid,balance,30,23,7
Kittycleave,tichondrius,1591,druid,balance,30,20,10
Scoon,aegwynn,1591,druid,balance,118,61,57
Drognan,sargeras,1591,druid,balance,82,41,41
Quefemme,kelthuzad,1590,druid,balance,41,23,18
Atagoo,tichondrius,1590,druid,balance,204,107,97
Beyondbeef,sargeras,1589,druid,balance,88,55,33
Abn,sargeras,1588,druid,balance,36,22,14
Nodeathz,sargeras,1588,druid,balance,34,20,14
Swampduck,saurfang,1587,druid,balance,71,41,30
Skirts,area-52,1587,druid,balance,65,37,28
Zorn,lightnings-blade,1587,druid,balance,77,43,34
Ligerbomb,bleeding-hollow,1586,druid,balance,30,17,13
Flowérz,illidan,1586,druid,balance,48,27,21
Watchugonndo,tichondrius,1585,druid,balance,24,17,7
Surgingnews,sargeras,1585,druid,balance,78,40,38
Milkman,mannoroth,1585,druid,balance,48,22,26
Zesto,nazjatar,1584,druid,balance,36,24,12
Quelarre,velen,1583,druid,balance,112,60,52
Bigherbo,zuljin,1582,druid,balance,116,62,54
Fatsquid,tichondrius,1581,druid,balance,66,40,26
Chedisdru,mugthol,1580,druid,balance,48,28,20
Shîfty,ysondre,1580,druid,balance,65,35,30
Trippyshift,hyjal,1580,druid,balance,60,30,30
Jeanz,bonechewer,1579,druid,balance,36,22,14
Greenseed,nagrand,1578,druid,balance,82,50,32
Boõsty,bleeding-hollow,1578,druid,balance,64,33,31
Astrals,runetotem,1577,druid,balance,39,21,18
Starcastic,tichondrius,1577,druid,balance,138,73,65
Tereeke,moon-guard,1577,druid,balance,94,48,46
Bippygucci,tichondrius,1576,druid,balance,66,34,32
Awazing,illidan,1576,druid,balance,65,30,35
Faroo,azralon,1575,druid,balance,63,40,23
Druiddruid,daggerspine,1575,druid,balance,71,42,29
Swappy,korgath,1575,druid,balance,156,84,72
Cfp,tichondrius,1575,druid,balance,108,55,53
Gaawdx,illidan,1575,druid,balance,166,83,83
Yehaw,bloodhoof,1574,druid,balance,68,41,27
Cottonpaw,sargeras,1574,druid,balance,359,195,164
Showmanship,tichondrius,1574,druid,balance,164,85,79
Galadriowl,dalaran,1574,druid,balance,48,22,26
Lesbianitax,stormrage,1573,druid,balance,30,19,11
Sombrien,stormrage,1573,druid,balance,90,46,44
Djsummer,tichondrius,1573,druid,balance,137,70,67
Diligent,dathremar,1572,druid,balance,42,23,19
Nodadpullout,tichondrius,1572,druid,balance,51,25,26
Midnitetoker,hyjal,1572,druid,balance,60,29,31
Zodovia,illidan,1572,druid,balance,66,30,36
Beretta,rexxar,1571,druid,balance,90,51,39
Metal,jaedenar,1571,druid,balance,73,39,34
Balanci,stormrage,1571,druid,balance,112,58,54
Bugbugz,tichondrius,1570,druid,balance,36,18,18
Donresantis,stormreaver,1569,druid,balance,102,53,49
Erutan,malganis,1569,druid,balance,42,20,22
Renamebdsm,cenarius,1567,druid,balance,36,19,17
Jruids,stormrage,1566,druid,balance,102,60,42
Yoglosmas,tichondrius,1566,druid,balance,101,56,45
Draide,dragonblight,1566,druid,balance,55,27,28
Rabbithomas,malygos,1565,druid,balance,30,18,12
Groggs,frostwolf,1564,druid,balance,39,20,19
Swoopy,stormrage,1563,druid,balance,79,44,35
Poshspise,nathrezim,1563,druid,balance,48,24,24
Slumpxaddy,illidan,1562,druid,balance,35,21,14
Xiaoshuaigê,illidan,1562,druid,balance,30,18,12
Boomfire,thaurissan,1562,druid,balance,75,39,36
Soupbeandru,zuljin,1561,druid,balance,60,33,27
Raddosaurus,area-52,1560,druid,balance,101,52,49
Corki,vashj,1559,druid,balance,48,29,19
Kitinglol,alexstrasza,1559,druid,balance,86,44,42
Ocâ,cenarius,1558,druid,balance,60,36,24
Arnlu,malganis,1558,druid,balance,51,28,23
Indicamicah,tichondrius,1558,druid,balance,66,36,30
Quaras,frostmourne,1558,druid,balance,291,153,138
Ånðrømæðå,sargeras,1558,druid,balance,72,37,35
Ghostowl,thrall,1557,druid,balance,83,52,31
Kïte,drakkari,1556,druid,balance,43,22,21
Dabomb,malorne,1555,druid,balance,65,40,25
Pirira,quelthalas,1555,druid,balance,57,33,24
Blitzkreigtv,area-52,1555,druid,balance,63,34,29
Lunarbalance,veknilash,1555,druid,balance,175,86,89
Drunknoodles,stormrage,1554,druid,balance,47,28,19
Hasteley,khadgar,1554,druid,balance,71,34,37
Slowbleeds,blood-furnace,1553,druid,balance,30,18,12
Empriona,wildhammer,1553,druid,balance,31,18,13
Thumpb,bronzebeard,1553,druid,balance,36,20,16
Thespían,tichondrius,1553,druid,balance,369,193,176
Drdrulittle,darkspear,1553,druid,balance,78,40,38
Rashmi,kiljaeden,1552,druid,balance,42,22,20
Meowmixx,frostmane,1551,druid,balance,95,50,45
Afpak,sargeras,1550,druid,balance,78,42,36
Druidlolwtf,area-52,1550,druid,balance,120,59,61
November,wyrmrest-accord,1549,druid,balance,140,77,63
Swiftroots,tichondrius,1548,druid,balance,38,21,17
Uckin,bleeding-hollow,1548,druid,balance,36,19,17
Hefe,terenas,1547,druid,balance,42,23,19
Tickler,durotan,1546,druid,balance,43,22,21
Lharast,stormrage,1545,druid,balance,34,20,14
Hitchslaps,tichondrius,1545,druid,balance,48,28,20
Altius,drakkari,1545,druid,balance,42,22,20
Cyeq,blackrock,1545,druid,balance,353,184,169
Maplêleaf,moon-guard,1545,druid,balance,229,116,113
Azurehoof,earthen-ring,1543,druid,balance,33,20,13
Venkin,gnomeregan,1543,druid,balance,112,54,58
Hayop,illidan,1543,druid,balance,60,28,32
Sjchicken,tichondrius,1542,druid,balance,42,23,19
Taekdonuttv,tichondrius,1541,druid,balance,41,30,11
Zukru,malganis,1541,druid,balance,60,38,22
Almarasta,azralon,1541,druid,balance,118,67,51
Hoagiecannon,moon-guard,1541,druid,balance,167,89,78
Genghisz,area-52,1540,druid,balance,138,73,65
Espoir,azuremyst,1539,druid,balance,30,19,11
Eyzie,stormrage,1539,druid,balance,106,55,51
Myeow,illidan,1539,druid,balance,104,51,53
Qs,rivendare,1539,druid,balance,89,39,50
Mommybod,stormrage,1538,druid,balance,84,53,31
Shiftybuga,frostmourne,1538,druid,balance,69,43,26
Rðsë,tichondrius,1538,druid,balance,66,33,33
Clonexlt,wyrmrest-accord,1537,druid,balance,89,51,38
Droodad,mannoroth,1537,druid,balance,42,17,25
Hikoro,sargeras,1536,druid,balance,126,74,52
Ïny,emerald-dream,1536,druid,balance,40,21,19
Buffboomy,malganis,1535,druid,balance,24,16,8
Maimz,tichondrius,1535,druid,balance,157,89,68
Tanawak,tichondrius,1535,druid,balance,65,29,36
Bullquenepas,dalaran,1534,druid,balance,34,19,15
Slowreverb,silver-hand,1534,druid,balance,30,16,14
Clense,tichondrius,1533,druid,balance,73,44,29
Kittygoboom,kiljaeden,1533,druid,balance,129,61,68
Fironous,nerzhul,1532,druid,balance,36,20,16
Cenariun,stormrage,1532,druid,balance,90,45,45
Scarymon,tichondrius,1531,druid,balance,105,60,45
Slipprypickl,archimonde,1531,druid,balance,42,21,21
Xiaodlol,tichondrius,1529,druid,balance,28,17,11
Basulto,tichondrius,1529,druid,balance,132,72,60
Céléstial,azralon,1529,druid,balance,36,19,17
Kg,cenarion-circle,1528,druid,balance,162,93,69
Enlil,the-underbog,1528,druid,balance,66,36,30
Brockolini,tichondrius,1528,druid,balance,82,44,38
Dobrman,sargeras,1528,druid,balance,88,44,44
Nevershiftx,kirin-tor,1526,druid,balance,24,16,8
Enrÿu,nemesis,1526,druid,balance,69,40,29
Ehloheim,stormrage,1526,druid,balance,30,16,14
Gloomcat,illidan,1526,druid,balance,71,37,34
Theshy,tanaris,1525,druid,balance,18,16,2
Jesterdru,area-52,1525,druid,balance,23,17,6
Catahoula,lothar,1525,druid,balance,42,25,17
Envasions,emerald-dream,1525,druid,balance,54,32,22
Shebleeder,aegwynn,1525,druid,balance,60,34,26
Naurrog,tichondrius,1524,druid,balance,144,84,60
Swooped,emerald-dream,1524,druid,balance,65,35,30
Saltbae,velen,1524,druid,balance,43,19,24
Rouse,tichondrius,1523,druid,balance,78,51,27
Formmaster,malganis,1523,druid,balance,94,50,44
Rootchan,azralon,1522,druid,balance,67,43,24
Hyperdryve,bonechewer,1522,druid,balance,66,38,28
Slottpocket,malganis,1522,druid,balance,30,17,13
Paddywhacked,tichondrius,1521,druid,balance,42,28,14
Skrimshaw,burning-legion,1520,druid,balance,107,58,49
Montrá,stormrage,1520,druid,balance,137,64,73
Adaptivv,sargeras,1518,druid,balance,30,21,9
Børing,sargeras,1517,druid,balance,81,44,37
Oatmeals,fizzcrank,1517,druid,balance,30,16,14
Musha,tichondrius,1517,druid,balance,57,30,27
Skyde,sargeras,1517,druid,balance,36,17,19
Faruu,tichondrius,1516,druid,balance,24,16,8
Thorothir,ragnaros,1516,druid,balance,140,77,63
Groovyroom,tichondrius,1516,druid,balance,42,23,19
Liñk,sargeras,1516,druid,balance,47,24,23
Nerzert,sargeras,1516,druid,balance,102,50,52
Bruddahderpp,tichondrius,1515,druid,balance,54,36,18
Antiherø,sargeras,1515,druid,balance,24,16,8
Yaboydave,stonemaul,1515,druid,balance,99,49,50
Lumala,drakkari,1514,druid,balance,48,27,21
Pëps,emerald-dream,1514,druid,balance,48,27,21
Ganjácookies,stormrage,1513,druid,balance,40,26,14
Piping,thunderlord,1513,druid,balance,30,17,13
Druidmf,sargeras,1512,druid,balance,36,23,13
Starsurgê,tichondrius,1512,druid,balance,78,46,32
Mk,caelestrasz,1511,druid,balance,30,17,13
Petitjeremy,zuljin,1511,druid,balance,54,26,28
Watchmecap,silvermoon,1510,druid,balance,36,25,11
Luke,ghostlands,1510,druid,balance,24,16,8
Darkombra,frostmourne,1510,druid,balance,66,30,36
Stepdru,sargeras,1509,druid,balance,49,30,19
Notadopted,sargeras,1509,druid,balance,36,19,17
Hudalu,wyrmrest-accord,1508,druid,balance,42,22,20
Goonrip,frostmourne,1507,druid,balance,36,21,15
Hyzah,tichondrius,1505,druid,balance,30,16,14
Serega,skywall,1504,druid,balance,36,22,14
Vyrrath,stormrage,1504,druid,balance,32,19,13
Repanda,proudmoore,1502,druid,balance,219,112,107
Petruccius,nordrassil,1502,druid,balance,301,148,153
Koluna,stormrage,1501,druid,balance,54,31,23
Druuyid,jubeithos,1501,druid,balance,132,73,59
Stennz,tichondrius,1500,druid,balance,24,16,8
Kelrelyrare,kiljaeden,1500,druid,balance,36,18,18
Nephdruid,stormrage,1499,druid,balance,98,57,41
Starsurgeon,thrall,1499,druid,balance,173,90,83
Thatscute,moon-guard,1499,druid,balance,368,190,178
Kazamura,tichondrius,1499,druid,balance,88,38,50
Zèrkz,tichondrius,1497,druid,balance,206,113,93
Sítkä,ragnaros,1497,druid,balance,87,46,41
Ðjx,stormrage,1496,druid,balance,43,33,10
Tak,garrosh,1496,druid,balance,36,17,19
Høt,thunderhorn,1495,druid,balance,34,21,13
Fatcowthank,tichondrius,1495,druid,balance,82,36,46
Nokash,tichondrius,1495,druid,balance,61,26,35
Jâykeup,lightbringer,1494,druid,balance,156,86,70
Meowfacebby,stormrage,1494,druid,balance,41,21,20
Yoloboomkin,tichondrius,1494,druid,balance,52,26,26
Gudkittykat,aggramar,1494,druid,balance,42,21,21
Polvinhoo,azralon,1493,druid,balance,103,53,50
Unclenya,barthilas,1492,druid,balance,102,47,55
Shumarina,mannoroth,1491,druid,balance,60,31,29
Wildsïde,tichondrius,1490,druid,balance,48,28,20
Burninmôön,tichondrius,1489,druid,balance,47,16,31
Oo,grizzly-hills,1487,druid,balance,37,24,13
Deathkahn,lightninghoof,1487,druid,balance,90,49,41
Cdroo,burning-blade,1486,druid,balance,24,16,8
Lightconvoke,norgannon,1485,druid,balance,50,27,23
Arescarriess,shuhalo,1485,druid,balance,71,37,34
Guitarsolos,nagrand,1485,druid,balance,54,27,27
Ularda,bleeding-hollow,1484,druid,balance,54,33,21
Milksquirts,thrall,1484,druid,balance,201,106,95
Umadornahh,malganis,1484,druid,balance,54,28,26
Grapejuice,bleeding-hollow,1483,druid,balance,94,51,43
Airinsurgent,stormrage,1483,druid,balance,86,43,43
Owlgz,barthilas,1482,druid,balance,36,18,18
Dreamkin,tichondrius,1481,druid,balance,84,43,41
Alfurr,tichondrius,1480,druid,balance,65,40,25
Museafour,tichondrius,1479,druid,balance,53,32,21
Stormmantlé,moon-guard,1479,druid,balance,53,28,25
Boostgu,illidan,1478,druid,balance,41,24,17
Zettka,tichondrius,1478,druid,balance,61,33,28
Tone,illidan,1478,druid,balance,96,49,47
Fahnir,ragnaros,1477,druid,balance,72,40,32
Rakex,tichondrius,1477,druid,balance,104,50,54
Ryügähidëki,tichondrius,1476,druid,balance,61,32,29
Seneshy,azralon,1475,druid,balance,48,34,14
Hootz,kelthuzad,1475,druid,balance,28,19,9
Jawnfurry,tichondrius,1475,druid,balance,60,29,31
Saturday,frostmourne,1474,druid,balance,49,31,18
Kuwä,proudmoore,1474,druid,balance,72,36,36
Sneakichode,tichondrius,1472,druid,balance,62,37,25
Dontfloodit,tichondrius,1470,druid,balance,168,82,86
Druiddreams,frostmourne,1469,druid,balance,42,30,12
Starfallin,aerie-peak,1469,druid,balance,33,18,15
Charnlok,thunderlord,1468,druid,balance,47,31,16
Suncintus,aggramar,1468,druid,balance,60,27,33
Alliess,aerie-peak,1467,druid,balance,159,81,78
Grandsoleil,tichondrius,1466,druid,balance,36,17,19
Brettdadad,shandris,1465,druid,balance,36,23,13
Feralownage,malorne,1465,druid,balance,42,25,17
Lavanis,stormrage,1465,druid,balance,235,121,114
Zuice,thrall,1465,druid,balance,103,52,51
Snw,sargeras,1465,druid,balance,60,27,33
Atherra,sargeras,1464,druid,balance,157,92,65
Chikntenderz,illidan,1464,druid,balance,44,24,20
Famóus,stormrage,1463,druid,balance,28,17,11
Notsofat,deathwing,1463,druid,balance,33,17,16
Harlisu,stormrage,1462,druid,balance,85,47,38
Windstag,korgath,1461,druid,balance,52,24,28
Tryrah,shattered-hand,1461,druid,balance,42,19,23
Rajionu,kiljaeden,1460,druid,balance,30,20,10
Wïldmain,area-52,1459,druid,balance,32,20,12
Walkdown,turalyon,1459,druid,balance,53,26,27
Kyndel,kiljaeden,1459,druid,balance,54,26,28
Nightshàdowz,barthilas,1458,druid,balance,48,27,21
Völsüng,tichondrius,1458,druid,balance,156,81,75
Pawpurrazzi,darkspear,1458,druid,balance,123,61,62
Spicychicken,lightninghoof,1458,druid,balance,55,25,30
Shiftyn,proudmoore,1457,druid,balance,30,22,8
Formgodx,malganis,1457,druid,balance,40,16,24
Lãzy,tichondrius,1456,druid,balance,96,53,43
Jubeam,area-52,1456,druid,balance,36,19,17
Ghoouul,tichondrius,1455,druid,balance,65,32,33
Muagor,tichondrius,1454,druid,balance,36,18,18
Aranuir,emerald-dream,1452,druid,balance,35,20,15
Atmospherè,tichondrius,1452,druid,balance,108,57,51
Queiq,kelthuzad,1452,druid,balance,42,22,20
Shiftybiznes,black-dragonflight,1451,druid,balance,28,17,11
Thunderhox,tichondrius,1451,druid,balance,67,36,31
Jaduss,thrall,1451,druid,balance,56,29,27
Deathprofit,thrall,1451,druid,balance,42,18,24
Jeezelouise,kelthuzad,1450,druid,balance,38,26,12
Ayelune,stormrage,1450,druid,balance,54,30,24
Kröng,quelthalas,1450,druid,balance,75,41,34
Velaana,tichondrius,1450,druid,balance,139,66,73
Cerest,kaelthas,1448,druid,balance,34,21,13
Moonowl,crushridge,1448,druid,balance,66,39,27
Juicywap,proudmoore,1448,druid,balance,47,26,21
Druidlow,azralon,1448,druid,balance,79,41,38
Whiteseal,frostmourne,1447,druid,balance,49,31,18
Rocee,illidan,1447,druid,balance,115,66,49
Birdmandaddy,bleeding-hollow,1447,druid,balance,30,16,14
Fripp,stormrage,1446,druid,balance,54,28,26
Sileda,nemesis,1445,druid,balance,25,18,7
Isomer,kilrogg,1445,druid,balance,30,18,12
Rdruidchump,the-forgotten-coast,1445,druid,balance,32,19,13
Syntheris,kaelthas,1445,druid,balance,87,51,36
Bighomïe,emerald-dream,1445,druid,balance,48,27,21
Luthienne,draktharon,1444,druid,balance,48,24,24
Beastsworn,alexstrasza,1443,druid,balance,54,21,33
Clawandørder,tichondrius,1442,druid,balance,26,16,10
Lepolle,ragnaros,1441,druid,balance,31,21,10
Swagdaddyjr,area-52,1440,druid,balance,54,28,26
Alwind,alleria,1440,druid,balance,143,71,72
Rogsdruid,sargeras,1440,druid,balance,88,37,51
Nicotinefien,sargeras,1439,druid,balance,24,15,9
Martians,laughing-skull,1439,druid,balance,24,15,9
Gummoo,tichondrius,1438,druid,balance,60,38,22
Markers,gorefiend,1438,druid,balance,24,15,9
Armorkits,area-52,1438,druid,balance,24,15,9
Finntröll,area-52,1438,druid,balance,76,41,35
Hllw,tichondrius,1438,druid,balance,30,15,15
Satanstoe,illidan,1438,druid,balance,48,22,26
Ylanglang,sargeras,1437,druid,balance,18,15,3
Elvishrage,zuljin,1437,druid,balance,18,15,3
Metal,kiljaeden,1436,druid,balance,24,15,9
Wombatform,malganis,1436,druid,balance,24,15,9
Softdog,stormrage,1436,druid,balance,70,38,32
Timdillon,emerald-dream,1436,druid,balance,36,19,17
Roundtummy,area-52,1436,druid,balance,120,60,60
Reconus,frostmourne,1435,druid,balance,24,15,9
Øutcast,malganis,1435,druid,balance,137,72,65
Chonkykitty,frostmourne,1434,druid,balance,36,23,13
Zgg,ragnaros,1434,druid,balance,96,43,53
Kimgurdian,tichondrius,1434,druid,balance,36,16,20
Squidwonk,sargeras,1433,druid,balance,48,23,25
Buyadoge,area-52,1433,druid,balance,46,21,25
Arealdruid,moon-guard,1433,druid,balance,42,18,24
Kallabaluwa,azralon,1433,druid,balance,59,25,34
Qelthalas,sargeras,1432,druid,balance,282,147,135
Kittycatman,tichondrius,1432,druid,balance,30,15,15
Falkond,tichondrius,1431,druid,balance,41,20,21
Shapedance,sargeras,1431,druid,balance,35,16,19
Skêet,tichondrius,1430,druid,balance,117,55,62
Yorkville,sargeras,1430,druid,balance,169,79,90
Catatonik,emerald-dream,1430,druid,balance,36,15,21
Nøêl,quelthalas,1429,druid,balance,30,16,14
Drubuzz,tichondrius,1429,druid,balance,188,98,90
Bâzinga,bleeding-hollow,1428,druid,balance,59,33,26
Ghostxkillaz,antonidas,1428,druid,balance,43,22,21
Indoee,mannoroth,1428,druid,balance,192,95,97
Kawshuhn,bleeding-hollow,1427,druid,balance,133,73,60
Brawndiboom,stormrage,1427,druid,balance,133,68,65
Gënderdruid,tichondrius,1426,druid,balance,18,15,3
Jáguar,frostmourne,1426,druid,balance,100,57,43
Livilla,sargeras,1425,druid,balance,53,29,24
Yaboidakota,stormrage,1425,druid,balance,177,92,85
Spawnolyonce,gorefiend,1425,druid,balance,65,33,32
Siberian,lightnings-blade,1425,druid,balance,103,52,51
Therooster,whisperwind,1425,druid,balance,53,22,31
Stormrrage,demon-soul,1424,druid,balance,57,34,23
Spicydurid,tichondrius,1424,druid,balance,38,18,20
Ono,daggerspine,1423,druid,balance,24,15,9
Sammio,emerald-dream,1423,druid,balance,110,57,53
Amarexf,stormrage,1422,druid,balance,36,18,18
Corym,frostmourne,1421,druid,balance,41,25,16
Meatcat,sargeras,1421,druid,balance,30,16,14
Blàtté,zuljin,1419,druid,balance,18,15,3
Feralchild,emerald-dream,1419,druid,balance,114,65,49
Dmtdruid,tichondrius,1419,druid,balance,77,37,40
Ralphrawr,barthilas,1419,druid,balance,36,15,21
Hornny,shattered-hand,1418,druid,balance,24,15,9
Solarcannon,shuhalo,1418,druid,balance,195,105,90
Mainera,sargeras,1417,druid,balance,25,15,10
Lokdu,area-52,1417,druid,balance,48,26,22
Oakmont,darkspear,1417,druid,balance,42,20,22
Alucardxd,ragnaros,1417,druid,balance,71,33,38
Chakrabeam,kelthuzad,1417,druid,balance,48,22,26
Miviaris,alleria,1417,druid,balance,62,26,36
Axiomisop,tichondrius,1416,druid,balance,59,35,24
Crocface,tichondrius,1415,druid,balance,66,38,28
Styless,azjolnerub,1415,druid,balance,78,43,35
Bâgheera,sargeras,1413,druid,balance,30,20,10
Balverixqt,tichondrius,1413,druid,balance,42,20,22
Swapclone,sargeras,1413,druid,balance,60,20,40
Highbye,area-52,1412,druid,balance,39,23,16
Bluechew,bleeding-hollow,1412,druid,balance,32,18,14
Nothanxx,dalaran,1411,druid,balance,30,15,15
Jainzar,dreadmaul,1411,druid,balance,63,30,33
Seannybhoy,emerald-dream,1411,druid,balance,63,27,36
Shorthorn,mannoroth,1410,druid,balance,109,67,42
Wiiee,darkspear,1410,druid,balance,80,48,32
Dalsardirn,sargeras,1410,druid,balance,30,17,13
Coorvinus,stormrage,1409,druid,balance,36,18,18
Sallyshifts,area-52,1409,druid,balance,140,68,72
Illilydan,tichondrius,1408,druid,balance,178,90,88
Abzuri,kiljaeden,1408,druid,balance,36,17,19
Boombot,proudmoore,1407,druid,balance,32,17,15
Moonfart,zuljin,1407,druid,balance,179,91,88
Pavati,bleeding-hollow,1407,druid,balance,61,31,30
Dovaahkhiin,tichondrius,1406,druid,balance,48,24,24
Jshwills,sargeras,1405,druid,balance,24,15,9
Trollsmind,tichondrius,1405,druid,balance,96,52,44
Chillaxin,gundrak,1404,druid,balance,27,16,11
Lucidkiaru,moon-guard,1404,druid,balance,73,40,33
Mythelian,icecrown,1403,druid,balance,72,42,30
Vicorin,illidan,1402,druid,balance,30,17,13
Alshari,proudmoore,1402,druid,balance,72,39,33
Sakurao,tichondrius,1402,druid,balance,132,61,71
Healthycow,illidan,1402,druid,balance,41,17,24
Knoxella,moon-guard,1400,druid,balance,181,95,86
Moorgasmic,tichondrius,1400,druid,balance,51,23,28
Dtefy,ragnaros,1399,druid,balance,18,15,3
Cudbacrakhed,tichondrius,1399,druid,balance,48,27,21
Iluvbae,bleeding-hollow,1399,druid,balance,88,48,40
Nefnef,malganis,1399,druid,balance,36,17,19
Envoy,sargeras,1398,druid,balance,78,41,37
Forestface,dragonmaw,1398,druid,balance,48,25,23
Monsin,illidan,1398,druid,balance,190,95,95
Nightstalkr,kelthuzad,1397,druid,balance,210,110,100
Gullmock,quelthalas,1397,druid,balance,90,40,50
Maulinyou,whisperwind,1396,druid,balance,66,37,29
Justinheras,area-52,1396,druid,balance,112,61,51
Ulcera,nemesis,1396,druid,balance,33,17,16
Mèowcenaary,chogall,1395,druid,balance,72,40,32
Aeldryth,sargeras,1395,druid,balance,30,15,15
Audacities,bloodhoof,1394,druid,balance,76,41,35
Déi,malganis,1393,druid,balance,24,15,9
Haneulso,tichondrius,1393,druid,balance,267,138,129
Yseraspawn,kelthuzad,1392,druid,balance,42,21,21
Trickatreyy,kelthuzad,1392,druid,balance,43,21,22
Skum,bloodscalp,1392,druid,balance,104,42,62
Instanodle,proudmoore,1391,druid,balance,42,21,21
Apex,terenas,1391,druid,balance,69,32,37
Goldzin,stormrage,1388,druid,balance,33,18,15
Fluff,gurubashi,1388,druid,balance,30,15,15
Narthurs,ragnaros,1386,druid,balance,78,37,41
Raximus,moon-guard,1385,druid,balance,164,82,82
Grymdruid,wyrmrest-accord,1384,druid,balance,24,17,7
Amv,tichondrius,1384,druid,balance,42,21,21
Duakx,malganis,1384,druid,balance,41,19,22
Lønewolf,sargeras,1383,druid,balance,101,54,47
Bigbeugs,frostmourne,1382,druid,balance,36,19,17
Flatnose,agamaggan,1382,druid,balance,42,21,21
Campdoctor,azralon,1380,druid,balance,32,18,14
Capybara,nerzhul,1380,druid,balance,29,15,14
Atsiri,tichondrius,1380,druid,balance,41,20,21
Sugarflower,tichondrius,1380,druid,balance,42,20,22
Notwhaaz,area-52,1379,druid,balance,84,33,51
Jiya,zuljin,1379,druid,balance,54,21,33
Itchyrat,moon-guard,1378,druid,balance,42,23,19
Nanashi,tichondrius,1378,druid,balance,30,15,15
Mommyx,stormrage,1378,druid,balance,78,37,41
Roshaka,shadowmoon,1378,druid,balance,36,17,19
Slyfoxx,stonemaul,1375,druid,balance,104,58,46
Huskars,tichondrius,1375,druid,balance,48,26,22
Mørphea,darkspear,1374,druid,balance,36,15,21
Barrahjr,frostmourne,1373,druid,balance,63,34,29
Wìtchdoctor,barthilas,1373,druid,balance,62,31,31
Furocious,shadowsong,1372,druid,balance,24,15,9
Starsaber,dalaran,1372,druid,balance,42,24,18
Hosehead,malganis,1372,druid,balance,146,80,66
Daddymaple,tichondrius,1371,druid,balance,70,32,38
Xevão,nemesis,1370,druid,balance,120,57,63
Lydariel,tichondrius,1369,druid,balance,100,63,37
Alecxeon,tichondrius,1369,druid,balance,78,41,37
Marakar,nazjatar,1369,druid,balance,47,23,24
Pneumashift,tichondrius,1367,druid,balance,24,18,6
Asteriel,stormrage,1367,druid,balance,60,27,33
Binnchook,barthilas,1366,druid,balance,31,19,12
Prebark,sargeras,1366,druid,balance,27,16,11
Shadowformer,kelthuzad,1366,druid,balance,27,16,11
Skagakr,moon-guard,1366,druid,balance,131,65,66
Chupappi,tichondrius,1366,druid,balance,48,21,27
Orkinetvx,frostmourne,1365,druid,balance,109,65,44
Stormaggedon,dalvengyr,1365,druid,balance,84,44,40
Barekat,emerald-dream,1364,druid,balance,52,31,21
Driftwood,bonechewer,1364,druid,balance,71,39,32
Cien,thrall,1364,druid,balance,177,90,87
Regnier,burning-blade,1364,druid,balance,133,65,68
Awkwarder,emerald-dream,1364,druid,balance,219,106,113
Throatjelly,blackrock,1363,druid,balance,48,26,22
Leonardsby,tichondrius,1363,druid,balance,67,33,34
Gønkh,quelthalas,1362,druid,balance,81,39,42
Dkat,malganis,1359,druid,balance,114,60,54
Lùna,barthilas,1358,druid,balance,48,24,24
Nuppxx,frostmourne,1356,druid,balance,30,20,10
Katobe,tichondrius,1355,druid,balance,36,19,17
Graffsworth,emerald-dream,1355,druid,balance,158,80,78
Ðementia,stormrage,1355,druid,balance,54,24,30
Giantmoobies,zuluhed,1354,druid,balance,36,17,19
Jynxy,sargeras,1353,druid,balance,47,23,24
Sofereir,frostmourne,1353,druid,balance,167,81,86
Snailbeam,shattered-hand,1353,druid,balance,54,21,33
Mercz,illidan,1352,druid,balance,58,37,21
Crazystorm,ragnaros,1352,druid,balance,78,48,30
Stärfäll,frostmourne,1351,druid,balance,24,17,7
Aozeh,kiljaeden,1351,druid,balance,30,18,12
Slimeyjoe,moon-guard,1351,druid,balance,90,51,39
Nebulose,moon-guard,1351,druid,balance,71,29,42
Tahnu,deathwing,1350,druid,balance,23,15,8
Clawriander,barthilas,1350,druid,balance,119,54,65
Azshunara,moon-guard,1349,druid,balance,29,15,14
Spudpatikins,barthilas,1349,druid,balance,57,28,29
Jonoa,nagrand,1348,druid,balance,120,67,53
Slingin,illidan,1348,druid,balance,66,32,34
Rezstars,tichondrius,1347,druid,balance,92,52,40
Ironbark,azuremyst,1344,druid,balance,33,15,18
Dekmdrui,quelthalas,1343,druid,balance,21,16,5
Flapping,illidan,1343,druid,balance,24,14,10
Krazykritz,illidan,1343,druid,balance,39,19,20
Beamerboy,bleeding-hollow,1342,druid,balance,24,14,10
Gitsnshigles,frostmourne,1342,druid,balance,49,25,24
Ascension,emerald-dream,1341,druid,balance,48,27,21
Shemeus,malganis,1341,druid,balance,60,29,31
Xoicowboy,tichondrius,1340,druid,balance,18,14,4
Starfallgg,sargeras,1340,druid,balance,18,14,4
Hollyberry,hyjal,1340,druid,balance,58,31,27
Dráz,stormrage,1340,druid,balance,30,16,14
Datdruidrod,illidan,1340,druid,balance,114,60,54
Kuroshizen,tichondrius,1340,druid,balance,126,59,67
Pissoutside,frostmourne,1339,druid,balance,59,29,30
Tanguanota,quelthalas,1339,druid,balance,114,55,59
Purv,tichondrius,1339,druid,balance,48,22,26
Mctree,cenarius,1338,druid,balance,186,102,84
Dahts,destromath,1337,druid,balance,78,44,34
Volatus,emerald-dream,1337,druid,balance,29,16,13
Squidrific,tichondrius,1336,druid,balance,101,59,42
Volddy,tichondrius,1336,druid,balance,125,71,54
Expatcow,tichondrius,1335,druid,balance,24,14,10
Runhe,zuljin,1335,druid,balance,58,33,25
Drewpg,zuljin,1335,druid,balance,42,21,21
Mntra,emerald-dream,1334,druid,balance,24,14,10
Vicvc,tichondrius,1334,druid,balance,107,59,48
Panqwa,thrall,1334,druid,balance,63,31,32
Egotistic,tichondrius,1333,druid,balance,24,14,10
Imnotinhuman,tichondrius,1333,druid,balance,41,22,19
Droody,earthen-ring,1333,druid,balance,40,20,20
Yungterp,zuljin,1332,druid,balance,18,14,4
Calfurion,stormscale,1331,druid,balance,18,14,4
Deths,frostmourne,1331,druid,balance,36,22,14
Hautheurel,illidan,1330,druid,balance,18,14,4
Feroz,frostmourne,1330,druid,balance,34,20,14
Medibull,tichondrius,1330,druid,balance,24,14,10
Immortalwild,tichondrius,1330,druid,balance,215,112,103
Koreanboom,tichondrius,1329,druid,balance,24,14,10
Salvattor,stormrage,1327,druid,balance,44,30,14
Pepperpawz,emerald-dream,1327,druid,balance,24,14,10
Prismo,ravencrest,1326,druid,balance,66,33,33
Teladrizzle,dalaran,1326,druid,balance,35,16,19
Redwallon,emerald-dream,1325,druid,balance,24,15,9
Shiffterzz,tichondrius,1325,druid,balance,42,25,17
Pecopeco,sargeras,1325,druid,balance,30,14,16
Boomkinks,moon-guard,1324,druid,balance,42,15,27
Ungreed,tichondrius,1322,druid,balance,81,42,39
Haxzr,sargeras,1321,druid,balance,60,35,25
Koducck,tichondrius,1321,druid,balance,24,14,10
Doomstar,malganis,1319,druid,balance,72,38,34
Winekoolers,malganis,1317,druid,balance,54,27,27
Georgcycloni,zuljin,1316,druid,balance,29,16,13
Limikeen,bleeding-hollow,1316,druid,balance,42,18,24
Talinel,illidan,1315,druid,balance,36,14,22
Saeval,korgath,1314,druid,balance,93,47,46
Lavenderowl,arthas,1313,druid,balance,66,36,30
Flôkey,tichondrius,1313,druid,balance,54,27,27
Ðeepsixx,burning-legion,1313,druid,balance,46,23,23
Rosalba,zuljin,1312,druid,balance,57,33,24
Dèrpin,thrall,1312,druid,balance,51,18,33
Réko,sargeras,1311,druid,balance,46,26,20
Evilakali,tichondrius,1311,druid,balance,49,27,22
Ernest,goldrinn,1311,druid,balance,70,34,36
Theirs,tichondrius,1310,druid,balance,176,97,79
Draden,moknathal,1309,druid,balance,56,29,27
Firesun,quelthalas,1308,druid,balance,53,32,21
Hamïlton,ragnaros,1308,druid,balance,109,52,57
Côheed,bleeding-hollow,1308,druid,balance,60,22,38
Kangaroots,frostmourne,1306,druid,balance,22,14,8
Deegawn,proudmoore,1306,druid,balance,36,15,21
Msparker,illidan,1306,druid,balance,66,22,44
Fugginskoden,twisting-nether,1305,druid,balance,23,14,9
Aolus,kaelthas,1305,druid,balance,91,46,45
Feathergun,ragnaros,1304,druid,balance,24,15,9
Vallk,area-52,1304,druid,balance,26,15,11
Deez,korgath,1304,druid,balance,56,23,33
Bdsurges,illidan,1303,druid,balance,21,15,6
Thiccyiff,frostmourne,1303,druid,balance,60,34,26
Treemendous,nemesis,1303,druid,balance,30,14,16
Damallis,anubarak,1302,druid,balance,45,26,19
Nucleardruid,khadgar,1302,druid,balance,36,17,19
Hypernovax,tichondrius,1302,druid,balance,172,80,92
Exillïs,frostmourne,1301,druid,balance,73,38,35
Cleppy,korgath,1300,druid,balance,42,21,21
Iceingdeath,dalaran,1300,druid,balance,36,18,18
Mofoogoo,laughing-skull,1299,druid,balance,48,18,30
Noteff,illidan,1298,druid,balance,42,24,18
Hanekura,moon-guard,1298,druid,balance,30,16,14
Treezús,thrall,1298,druid,balance,88,44,44
Justwade,tichondrius,1298,druid,balance,42,21,21
Alagoano,azralon,1297,druid,balance,98,62,36
Nolifer,sargeras,1297,druid,balance,44,27,17
Smitenkiten,baelgun,1295,druid,balance,52,23,29
Morphkow,sargeras,1294,druid,balance,81,45,36
Cloyer,stormrage,1293,druid,balance,39,18,21
Undeadshammy,tichondrius,1293,druid,balance,34,15,19
Lükê,tichondrius,1292,druid,balance,39,14,25
Vaalser,frostmourne,1291,druid,balance,100,48,52
Yoshinorii,tichondrius,1291,druid,balance,66,30,36
Thickmoo,tichondrius,1289,druid,balance,99,46,53
Druidma,aegwynn,1288,druid,balance,32,19,13
Slep,tichondrius,1288,druid,balance,37,16,21
Uuli,area-52,1287,druid,balance,24,16,8
Torhok,azralon,1287,druid,balance,36,20,16
Raknary,kelthuzad,1287,druid,balance,48,23,25
Minusdruid,dalaran,1286,druid,balance,117,57,60
Fourthkind,illidan,1285,druid,balance,30,18,12
Kittydiddle,stormrage,1285,druid,balance,52,28,24
Odweaven,thunderlord,1285,druid,balance,82,39,43
Thecovid,illidan,1284,druid,balance,179,90,89
Amanara,echo-isles,1284,druid,balance,137,65,72
Upps,kelthuzad,1283,druid,balance,24,16,8
Rahkaaga,kiljaeden,1283,druid,balance,57,36,21
Gepardéx,ragnaros,1283,druid,balance,284,137,147
Xodz,sargeras,1282,druid,balance,42,21,21
Schnitter,thrall,1281,druid,balance,35,15,20
Shivlary,stormrage,1280,druid,balance,75,44,31
Beastmanqq,kiljaeden,1280,druid,balance,28,15,13
Barrah,barthilas,1280,druid,balance,70,34,36
Starswrath,moon-guard,1280,druid,balance,33,15,18
Kasparhauser,illidan,1280,druid,balance,36,14,22
Druidoy,tichondrius,1279,druid,balance,36,21,15
Nimfaa,nemesis,1279,druid,balance,36,21,15
Bwokhanji,proudmoore,1279,druid,balance,54,30,24
Beal,azgalor,1279,druid,balance,93,41,52
Bayaba,tichondrius,1278,druid,balance,36,21,15
Rigotakz,illidan,1277,druid,balance,57,28,29
Árès,frostmourne,1276,druid,balance,94,48,46
Sergat,stormreaver,1276,druid,balance,66,33,33
Jinglebells,kiljaeden,1275,druid,balance,54,30,24
Basilix,moon-guard,1275,druid,balance,79,40,39
Torrwin,area-52,1275,druid,balance,88,42,46
Bignosecow,illidan,1275,druid,balance,49,19,30
Floote,thrall,1274,druid,balance,85,40,45
Hanaak,illidan,1273,druid,balance,23,14,9
Zeanasfaratu,spinebreaker,1273,druid,balance,51,22,29
Softshirtxo,ragnaros,1271,druid,balance,24,14,10
Snowfaerie,moon-guard,1270,druid,balance,63,27,36
Jashyd,tichondrius,1269,druid,balance,33,22,11
Mukay,stormrage,1269,druid,balance,52,20,32
Pooöòôp,kiljaeden,1268,druid,balance,47,27,20
Solaress,moon-guard,1268,druid,balance,48,23,25
Kujo,bloodhoof,1268,druid,balance,60,23,37
Durdern,barthilas,1267,druid,balance,105,60,45
Pandajerk,tichondrius,1266,druid,balance,94,53,41
Töm,durotan,1266,druid,balance,96,35,61
Scoobyshiftz,frostmourne,1265,druid,balance,47,26,21
Breynna,draenor,1265,druid,balance,79,42,37
Shuxz,sargeras,1264,druid,balance,66,36,30
Dampnr,tichondrius,1264,druid,balance,52,26,26
Lavanca,azralon,1262,druid,balance,36,16,20
Gilgorash,kiljaeden,1262,druid,balance,42,16,26
Kattel,blackrock,1260,druid,balance,198,103,95
Bouffecul,zuljin,1259,druid,balance,66,32,34
Meekgrylls,frostmourne,1259,druid,balance,70,32,38
Meatbalmagus,stormrage,1258,druid,balance,21,14,7
Muscelmilk,tichondrius,1258,druid,balance,51,25,26
Hugedumbcow,area-52,1257,druid,balance,65,37,28
Sunboy,tichondrius,1254,druid,balance,97,49,48
Furu,bonechewer,1254,druid,balance,78,36,42
Bozart,stormrage,1252,druid,balance,32,15,17
Pãl,quelthalas,1251,druid,balance,42,24,18
Quincunx,tichondrius,1249,druid,balance,222,117,105
Zyyh,proudmoore,1248,druid,balance,21,15,6
Råstafart,tichondrius,1248,druid,balance,53,26,27
Marcee,frostmourne,1248,druid,balance,32,15,17
Acidmoon,tichondrius,1248,druid,balance,58,26,32
Ephemêral,stormrage,1247,druid,balance,18,13,5
Sunneater,azuremyst,1247,druid,balance,67,38,29
Ginunaga,tichondrius,1247,druid,balance,24,13,11
Hugodruid,frostmourne,1247,druid,balance,24,13,11
Chodkiewicz,echo-isles,1247,druid,balance,36,18,18
Galeshift,stormrage,1246,druid,balance,18,13,5
Jaegerbombx,sargeras,1246,druid,balance,18,13,5
Lawlz,aegwynn,1246,druid,balance,51,28,23
Daspd,tichondrius,1246,druid,balance,24,13,11
Dirtdog,uther,1246,druid,balance,24,13,11
Veganmom,zuluhed,1246,druid,balance,24,13,11
Rslm,tichondrius,1246,druid,balance,43,21,22
Gerrt,bleeding-hollow,1245,druid,balance,24,13,11
Mufaasa,boulderfist,1245,druid,balance,146,76,70
Hucklebeary,terokkar,1245,druid,balance,50,23,27
Skaie,ragnaros,1244,druid,balance,24,13,11
Lunapuma,stonemaul,1243,druid,balance,24,15,9
Floridajoe,blackrock,1243,druid,balance,106,60,46
Overfunk,ragnaros,1243,druid,balance,90,44,46
Asmodium,frostmourne,1243,druid,balance,63,26,37
Oldcreg,emerald-dream,1242,druid,balance,18,13,5
Royalflush,stormrage,1242,druid,balance,24,13,11
Moistcream,tichondrius,1242,druid,balance,28,15,13
Redrocket,eldrethalas,1242,druid,balance,35,15,20
Avishominem,magtheridon,1241,druid,balance,24,13,11
Critthisbruh,stormrage,1240,druid,balance,85,46,39
Pigmanbear,kelthuzad,1240,druid,balance,42,18,24
Xornhxb,tichondrius,1238,druid,balance,18,13,5
Erealana,tichondrius,1238,druid,balance,24,13,11
Girthygramps,sargeras,1238,druid,balance,24,13,11
Argento,frostmourne,1238,druid,balance,24,13,11
Guojue,tichondrius,1237,druid,balance,46,25,21
Hootie,arygos,1235,druid,balance,51,21,30
Pártyx,tichondrius,1234,druid,balance,18,13,5
Astrixx,frostmourne,1233,druid,balance,18,13,5
Lindzy,moon-guard,1231,druid,balance,101,55,46
Dibinha,azralon,1231,druid,balance,36,15,21
Dweralin,nemesis,1230,druid,balance,52,20,32
Twanheal,kiljaeden,1228,druid,balance,36,21,15
Jucleiton,azralon,1227,druid,balance,18,13,5
Kudro,garithos,1227,druid,balance,102,48,54
Elatheris,stormrage,1226,druid,balance,59,31,28
Fatjona,illidan,1226,druid,balance,48,19,29
Vorare,tichondrius,1225,druid,balance,26,14,12
Zentabra,proudmoore,1225,druid,balance,42,18,24
Isleyy,tichondrius,1223,druid,balance,24,13,11
Ssïp,tichondrius,1223,druid,balance,31,14,17
Bluethebull,lothar,1222,druid,balance,51,17,34
Partydip,stormrage,1221,druid,balance,30,13,17
Mulgorer,tichondrius,1221,druid,balance,30,13,17
Apoc,bleeding-hollow,1220,druid,balance,18,13,5
Levincy,thrall,1220,druid,balance,75,42,33
Xoth,executus,1220,druid,balance,30,15,15
Imshiftastic,area-52,1220,druid,balance,124,60,64
Mooing,azralon,1219,druid,balance,28,19,9
Pokémon,grizzly-hills,1218,druid,balance,24,13,11
Hawkk,azralon,1218,druid,balance,96,44,52
Maular,jubeithos,1218,druid,balance,53,21,32
Strallà,illidan,1217,druid,balance,96,49,47
Andrés,azralon,1217,druid,balance,48,24,24
Runestar,malganis,1217,druid,balance,37,16,21
Mutlèy,gundrak,1215,druid,balance,18,13,5
Hâke,quelthalas,1215,druid,balance,24,13,11
Vuginas,bleeding-hollow,1215,druid,balance,62,33,29
Monicaduan,frostmourne,1215,druid,balance,55,27,28
Worldbullguy,area-52,1215,druid,balance,36,16,20
Wongelvis,zuljin,1213,druid,balance,20,14,6
Judgedruid,scilla,1213,druid,balance,36,22,14
Cimanin,malganis,1213,druid,balance,24,13,11
Goodhealer,akama,1213,druid,balance,30,13,17
Sodapoopins,stormrage,1213,druid,balance,72,28,44
Oâk,farstriders,1211,druid,balance,30,16,14
Kyabe,ragnaros,1208,druid,balance,103,43,60
Vyntrix,kelthuzad,1205,druid,balance,26,14,12
Goofyfoot,wyrmrest-accord,1204,druid,balance,130,65,65
Annef,tichondrius,1204,druid,balance,62,27,35
Lazerchicken,boulderfist,1204,druid,balance,30,13,17
Chillcat,illidan,1203,druid,balance,36,22,14
Grgcostanza,bleeding-hollow,1203,druid,balance,38,20,18
Bobedroods,bonechewer,1203,druid,balance,31,16,15
Tankbareass,aerie-peak,1203,druid,balance,42,16,26
Huoxiaoying,tichondrius,1202,druid,balance,36,21,15
Pleasepime,stormrage,1202,druid,balance,84,35,49
Bobtail,moon-guard,1201,druid,balance,19,15,4
Eldenis,drakkari,1201,druid,balance,154,75,79
Drßoom,stormrage,1201,druid,balance,89,38,51
Thehooligan,stormrage,1200,druid,balance,75,41,34
Eintier,tichondrius,1200,druid,balance,35,19,16
Sekzor,darkspear,1199,druid,balance,24,13,11
Palermo,aerie-peak,1199,druid,balance,30,15,15
Rabbismang,area-52,1194,druid,balance,48,15,33
Shiftzy,thrall,1193,druid,balance,22,14,8
Tabbo,uther,1193,druid,balance,42,22,20
Édzar,area-52,1193,druid,balance,129,62,67
Tmoby,emerald-dream,1190,druid,balance,30,14,16
Crashägásm,proudmoore,1190,druid,balance,67,30,37
Dumdumdugan,korgath,1189,druid,balance,179,89,90
Trythis,tichondrius,1189,druid,balance,73,35,38
Jal,khazgoroth,1188,druid,balance,38,16,22
Smashthatbox,illidan,1187,druid,balance,68,32,36
Maxable,alleria,1184,druid,balance,27,14,13
Lunarstone,tichondrius,1182,druid,balance,23,13,10
Rastafan,proudmoore,1182,druid,balance,37,19,18
Bigboðm,tichondrius,1181,druid,balance,54,25,29
Zelyvia,moon-guard,1181,druid,balance,31,14,17
Stetile,azralon,1180,druid,balance,28,13,15
Xvenusaur,bleeding-hollow,1179,druid,balance,24,16,8
Stringbeáns,tanaris,1179,druid,balance,42,21,21
Zzizi,tichondrius,1178,druid,balance,21,14,7
Muhana,runetotem,1178,druid,balance,30,15,15
Stupidranga,barthilas,1177,druid,balance,90,43,47
Thorsèn,sargeras,1175,druid,balance,48,25,23
Zazacat,moon-guard,1173,druid,balance,29,13,16
Ganh,demon-soul,1172,druid,balance,30,18,12
Icancarryyou,darkspear,1171,druid,balance,25,14,11
Nobullshift,icecrown,1171,druid,balance,50,27,23
Aberdare,tichondrius,1169,druid,balance,29,13,16
Sÿd,sargeras,1169,druid,balance,30,13,17
Coggtron,uther,1166,druid,balance,30,20,10
Blackmoons,thunderlord,1166,druid,balance,42,15,27
Dirtydot,ragnaros,1164,druid,balance,24,14,10
Redbbull,tichondrius,1164,druid,balance,79,43,36
Sberry,illidan,1162,druid,balance,48,17,31
Ryxu,emerald-dream,1161,druid,balance,26,15,11
Simeron,silvermoon,1161,druid,balance,29,13,16
Fifthelement,tichondrius,1160,druid,balance,21,17,4
Chillygraves,stormrage,1160,druid,balance,54,18,36
Psnárf,area-52,1159,druid,balance,24,14,10
Mihnt,sargeras,1158,druid,balance,40,14,26
Manglehornn,dalaran,1157,druid,balance,32,16,16
Mambuz,tichondrius,1156,druid,balance,72,38,34
Naturlig,area-52,1156,druid,balance,36,19,17
Lacroix,wildhammer,1154,druid,balance,36,24,12
Dojacow,mannoroth,1154,druid,balance,34,16,18
Sefestria,senjin,1153,druid,balance,36,13,23
Nardwaur,tichondrius,1152,druid,balance,12,12,0
Metik,frostmourne,1152,druid,balance,18,12,6
Manofhisword,malganis,1151,druid,balance,18,12,6
Katbriel,zuljin,1151,druid,balance,18,12,6
Ballnout,zuljin,1151,druid,balance,18,12,6
Carntko,sargeras,1151,druid,balance,18,12,6
Rougaroux,andorhal,1151,druid,balance,18,12,6
Kìttenuwu,sargeras,1151,druid,balance,18,12,6
Shaney,zuljin,1151,druid,balance,18,12,6
Hream,echo-isles,1151,druid,balance,24,12,12
Zelø,zuljin,1151,druid,balance,24,12,12
Scraww,tichondrius,1151,druid,balance,29,14,15
Suurik,blackhand,1151,druid,balance,28,13,15
Prøspect,moon-guard,1150,druid,balance,18,12,6
Mcy,nerzhul,1150,druid,balance,24,12,12
Buckeye,tichondrius,1150,druid,balance,24,12,12
Borrdru,arthas,1150,druid,balance,24,12,12
Jaspen,bleeding-hollow,1149,druid,balance,18,12,6
Gazwazluz,lothar,1149,druid,balance,63,36,27
Qtkinzz,illidan,1149,druid,balance,24,12,12
Numbkin,stormrage,1149,druid,balance,30,12,18
Maserati,emerald-dream,1148,druid,balance,18,12,6
Ogdöstitz,area-52,1148,druid,balance,20,12,8
Uggadruid,malganis,1148,druid,balance,24,12,12
Silent,trollbane,1148,druid,balance,26,12,14
Hàchi,malganis,1147,druid,balance,18,12,6
Minxminx,moon-guard,1147,druid,balance,58,20,38
Jocek,stormrage,1146,druid,balance,18,12,6
Exxosd,tichondrius,1146,druid,balance,18,12,6
Coppersnout,moon-guard,1146,druid,balance,66,37,29
Havôç,tichondrius,1145,druid,balance,90,31,59
Thullian,stormrage,1144,druid,balance,25,13,12
Roots,boulderfist,1144,druid,balance,30,13,17
Gravshift,zuljin,1143,druid,balance,18,12,6
Ulfaar,frostmourne,1143,druid,balance,21,13,8
Koehwa,illidan,1143,druid,balance,30,12,18
Thasta,blackrock,1142,druid,balance,18,12,6
Sìrfüzzy,proudmoore,1142,druid,balance,24,12,12
Druisole,zuljin,1141,druid,balance,97,42,55
Aton,frostwolf,1140,druid,balance,27,15,12
Alphakatt,area-52,1140,druid,balance,102,46,56
Radagaste,stormrage,1139,druid,balance,24,12,12
Leetpete,eitrigg,1138,druid,balance,24,12,12
Jawsbar,tichondrius,1138,druid,balance,30,12,18
Jackalman,tanaris,1137,druid,balance,107,56,51
Jacinty,saurfang,1137,druid,balance,24,12,12
Darkdragoonz,barthilas,1137,druid,balance,72,32,40
Boogietease,frostmourne,1136,druid,balance,18,12,6
Kuthian,moon-guard,1135,druid,balance,42,19,23
Furrycringe,stormrage,1135,druid,balance,30,12,18
Durbinpoison,malganis,1135,druid,balance,36,12,24
Hootyhoot,illidan,1133,druid,balance,18,12,6
Zoomchicken,stormrage,1132,druid,balance,18,12,6
Siöux,kelthuzad,1132,druid,balance,24,12,12
Thebass,spinebreaker,1129,druid,balance,24,12,12
Treeteej,kelthuzad,1128,druid,balance,36,16,20
Tiju,wyrmrest-accord,1128,druid,balance,36,12,24
Jüjú,tichondrius,1127,druid,balance,24,12,12
Abzyplasm,sargeras,1124,druid,balance,30,16,14
Iamatomic,illidan,1123,druid,balance,149,73,76
Sochin,nemesis,1117,druid,balance,92,50,42
Tsup,sargeras,1115,druid,balance,23,12,11
ßullx,quelthalas,1115,druid,balance,84,36,48
Toofast,lightninghoof,1114,druid,balance,18,12,6
Nozgöth,quelthalas,1114,druid,balance,174,90,84
Klyadedfogud,trollbane,1113,druid,balance,71,39,32
Seytu,sargeras,1112,druid,balance,26,13,13
Luipu,elune,1112,druid,balance,30,13,17
Druihd,stormrage,1111,druid,balance,53,31,22
Ilgalsard,frostmourne,1109,druid,balance,36,16,20
Møønscar,tichondrius,1108,druid,balance,76,33,43
Dodid,laughing-skull,1105,druid,balance,66,32,34
Alaskanimal,illidan,1102,druid,balance,40,20,20
Dennyyd,illidan,1101,druid,balance,42,26,16
Ûñø,frostmourne,1101,druid,balance,42,24,18
Yokimo,amanthul,1095,druid,balance,36,20,16
Kniitvekitta,jubeithos,1093,druid,balance,108,55,53
Zebyn,tichondrius,1091,druid,balance,27,13,14
Bvó,stormrage,1090,druid,balance,29,12,17
Asharä,mannoroth,1081,druid,balance,20,12,8
Treelouco,tol-barad,1081,druid,balance,36,17,19
Iloveweed,tichondrius,1079,druid,balance,23,12,11
Wyldthangz,stormrage,1077,druid,balance,26,12,14
Pilaufakka,zuljin,1074,druid,balance,36,19,17
Bluechicken,sargeras,1065,druid,balance,30,17,13
Macpoulet,aggramar,1062,druid,balance,22,12,10
Bulldog,runetotem,1057,druid,balance,18,12,6
Razzldazzle,thrall,1057,druid,balance,19,12,7
Baaksau,illidan,1057,druid,balance,30,12,18
Drdoomerkin,area-52,1056,druid,balance,12,11,1
Roccko,illidan,1056,druid,balance,18,11,7
Arwëna,tichondrius,1055,druid,balance,12,11,1
Slys,frostmourne,1055,druid,balance,18,11,7
Docleave,tichondrius,1055,druid,balance,18,11,7
Smwise,tichondrius,1055,druid,balance,18,11,7
Juìcedbro,illidan,1055,druid,balance,18,11,7
Boomiè,tichondrius,1055,druid,balance,24,11,13
Cumvokinlol,sargeras,1054,druid,balance,18,11,7
Shînx,malganis,1054,druid,balance,18,11,7
Buffclyde,blackrock,1054,druid,balance,18,11,7
Ryannshiftz,proudmoore,1054,druid,balance,18,11,7
Atreis,malganis,1054,druid,balance,18,11,7
Johnnybigg,barthilas,1053,druid,balance,18,11,7
Blassen,sargeras,1053,druid,balance,18,11,7
Cabjr,tol-barad,1053,druid,balance,18,11,7
Køzi,tichondrius,1053,druid,balance,18,11,7
Ephwürd,malganis,1052,druid,balance,24,11,13
Wizgarkin,area-52,1051,druid,balance,18,11,7
Milkshift,demon-soul,1051,druid,balance,24,11,13
Fjblol,sargeras,1051,druid,balance,24,11,13
Samsshifter,tichondrius,1050,druid,balance,24,11,13
Àbyss,moon-guard,1049,druid,balance,18,11,7
Fedidão,azralon,1049,druid,balance,24,11,13
Ramannoodlr,tichondrius,1049,druid,balance,24,11,13
Trashytrash,bleeding-hollow,1049,druid,balance,30,11,19
Merquiades,drakkari,1048,druid,balance,18,11,7
Zhuaraksha,kelthuzad,1048,druid,balance,24,11,13
Shavedtaco,azshara,1047,druid,balance,12,11,1
Wídëwínkër,thrall,1047,druid,balance,18,11,7
Chikenflu,tichondrius,1047,druid,balance,22,11,11
Mäya,jubeithos,1047,druid,balance,24,11,13
Karpin,area-52,1046,druid,balance,18,11,7
Vèrsusapp,thrall,1046,druid,balance,24,11,13
Catrene,mannoroth,1045,druid,balance,45,28,17
Blckyoungsta,illidan,1045,druid,balance,42,23,19
Miggzii,draka,1045,druid,balance,57,24,33
Onidudu,frostmourne,1044,druid,balance,18,11,7
Coochi,sargeras,1044,druid,balance,18,11,7
Elpako,ragnaros,1043,druid,balance,72,26,46
Deelark,skywall,1042,druid,balance,24,11,13
Boatox,jubeithos,1038,druid,balance,59,23,36
Jherrak,area-52,1035,druid,balance,18,11,7
Bearhug,dragonmaw,1034,druid,balance,18,11,7
Coqeh,frostwolf,1034,druid,balance,30,16,14
Mindsvoices,frostmourne,1033,druid,balance,36,11,25
Superhorsey,aggramar,1031,druid,balance,36,19,17
Schmeatbawls,illidan,1031,druid,balance,23,11,12
Balantina,tichondrius,1029,druid,balance,36,15,21
Malamew,antonidas,1027,druid,balance,30,17,13
Reeiyna,gallywix,1026,druid,balance,60,35,25
Tuggmyudder,area-52,1026,druid,balance,43,21,22
Qfidy,sargeras,1026,druid,balance,25,11,14
Foxxyroxxy,malganis,1023,druid,balance,17,11,6
Riprip,tichondrius,1021,druid,balance,33,14,19
Joshuah,stormrage,1019,druid,balance,96,38,58
Azevedoo,nemesis,1018,druid,balance,61,24,37
Dotdotclone,tichondrius,1016,druid,balance,22,11,11
Tarukke,azralon,1016,druid,balance,26,12,14
Shalkam,stormrage,1013,druid,balance,30,12,18
Elsombrak,onyxia,1012,druid,balance,36,17,19
Bloomsong,emerald-dream,1012,druid,balance,30,13,17
Circadion,illidan,1012,druid,balance,65,23,42
Araminka,drakkari,1011,druid,balance,12,11,1
Nîghtcráwlér,tichondrius,1010,druid,balance,59,33,26
Ilovebutter,illidan,1007,druid,balance,15,12,3
Thèbearjèw,tichondrius,1004,druid,balance,67,28,39
ßrian,stormscale,1002,druid,balance,24,11,13
Owlbearthing,sargeras,1002,druid,balance,108,42,66
Plopperoo,caelestrasz,1002,druid,balance,50,16,34
Imhealer,drakkari,1000,druid,balance,23,13,10
Santogrial,blood-furnace,1000,druid,balance,68,38,30
Athious,moon-guard,1000,druid,balance,59,31,28
Killmonga,jubeithos,1000,druid,balance,30,11,19
Bethemarble,sargeras,998,druid,balance,75,28,47
Naturae,spirestone,990,druid,balance,14,11,3
Gavalle,khaz-modan,990,druid,balance,175,89,86
Caminanube,quelthalas,989,druid,balance,30,13,17
Rakelan,tichondrius,988,druid,balance,164,86,78
Smallrichard,bleeding-hollow,986,druid,balance,27,11,16
Amigomel,emerald-dream,985,druid,balance,23,11,12
Indy,rivendare,980,druid,balance,22,11,11
Spazz,firetree,975,druid,balance,17,11,6
Amandi,magtheridon,974,druid,balance,28,11,17
Cowel,tichondrius,969,druid,balance,25,11,14
Warberton,moon-guard,966,druid,balance,31,14,17
Bulldohz,tichondrius,965,druid,balance,36,16,20
Fäncy,sargeras,960,druid,balance,12,10,2
Killy,nazjatar,960,druid,balance,12,10,2
Soahclleh,sargeras,960,druid,balance,12,10,2
Kunigami,malganis,960,druid,balance,12,10,2
Jubi,bleeding-hollow,960,druid,balance,12,10,2
Roben,tichondrius,960,druid,balance,18,10,8
Enrofloxacin,tichondrius,960,druid,balance,18,10,8
Sÿndru,illidan,960,druid,balance,18,10,8
Alcorria,area-52,960,druid,balance,18,10,8
Mythrestor,saurfang,960,druid,balance,24,10,14
Bfaboomy,stormrage,960,druid,balance,24,10,14
Animatronz,area-52,959,druid,balance,12,10,2
Rahwan,bleeding-hollow,959,druid,balance,12,10,2
Nerglet,aerie-peak,959,druid,balance,12,10,2
Neophobia,stormrage,959,druid,balance,12,10,2
Credd,zuljin,959,druid,balance,18,10,8
Toro,gorefiend,959,druid,balance,18,10,8
Jaz,jubeithos,959,druid,balance,18,10,8
Icefang,tichondrius,959,druid,balance,18,10,8
Kohru,moon-guard,959,druid,balance,18,10,8
Fixxitfelix,sargeras,959,druid,balance,18,10,8
Sàbrè,darkspear,959,druid,balance,18,10,8
Nutbutterpie,stormrage,959,druid,balance,18,10,8
Sill,illidan,959,druid,balance,18,10,8
Furor,eonar,959,druid,balance,24,10,14
Dotdmage,tichondrius,959,druid,balance,24,10,14
Harambetwo,quelthalas,959,druid,balance,24,10,14
Biggieclawz,tichondrius,958,druid,balance,12,10,2
Immortalowl,illidan,958,druid,balance,18,10,8
Psilo,kelthuzad,958,druid,balance,18,10,8
Zmk,barthilas,958,druid,balance,18,10,8
Swiftboom,stormrage,958,druid,balance,18,10,8
Dasbeerboot,tichondrius,958,druid,balance,18,10,8
Tensuen,boulderfist,958,druid,balance,22,10,12
Datlogan,tichondrius,958,druid,balance,24,10,14
Tanakoi,zuljin,958,druid,balance,24,10,14
Kushidabs,tichondrius,958,druid,balance,34,11,23
Messyboom,illidan,957,druid,balance,12,10,2
Smokeheaters,dalaran,957,druid,balance,18,10,8
Fugg,frostmourne,957,druid,balance,18,10,8
Nøzopium,kelthuzad,956,druid,balance,18,10,8
Vapeculture,lightbringer,956,druid,balance,120,62,58
Winmax,tichondrius,956,druid,balance,24,10,14
Fixn,tichondrius,955,druid,balance,18,10,8
Ellysian,malganis,955,druid,balance,24,10,14
Vashida,stormrage,955,druid,balance,24,10,14
Antagonist,burning-blade,954,druid,balance,18,10,8
Maldobear,stormrage,954,druid,balance,24,10,14
Barkcheeks,area-52,954,druid,balance,24,10,14
Ahruan,stormrage,954,druid,balance,24,10,14
Ridicules,cenarius,953,druid,balance,18,10,8
Ardelorfin,kargath,953,druid,balance,18,10,8
Dethkight,area-52,953,druid,balance,22,11,11
Artemisdru,frostmourne,952,druid,balance,12,10,2
Crunkk,thunderlord,952,druid,balance,18,10,8
Diarmaron,area-52,952,druid,balance,24,10,14
Hadoriss,kelthuzad,952,druid,balance,24,10,14
Barecowbear,bleeding-hollow,951,druid,balance,24,10,14
Ohzú,ragnaros,950,druid,balance,18,10,8
Psycloned,undermine,950,druid,balance,24,10,14
Falaan,frostmourne,949,druid,balance,24,10,14
Sennur,kelthuzad,944,druid,balance,30,14,16
Nyxlie,stormrage,943,druid,balance,19,11,8
Flapjack,malganis,943,druid,balance,24,10,14
Skiouros,emerald-dream,943,druid,balance,36,10,26
Boomtre,malganis,942,druid,balance,17,10,7
Rúdo,quelthalas,942,druid,balance,18,10,8
Appitrap,emerald-dream,942,druid,balance,55,18,37
Gidam,moon-guard,941,druid,balance,18,10,8
Soulhealer,quelthalas,940,druid,balance,18,10,8
Haallanna,thunderlord,940,druid,balance,40,21,19
Psychoboomi,bleeding-hollow,927,druid,balance,24,13,11
Chrisclones,stormrage,925,druid,balance,29,10,19
Jokey,quelthalas,920,druid,balance,24,14,10
Bellä,nazjatar,920,druid,balance,48,14,34
Beleraine,moon-guard,915,druid,balance,23,10,13
Sever,ysera,914,druid,balance,42,17,25
Kuramaa,alexstrasza,912,druid,balance,18,12,6
Ðarkscar,laughing-skull,910,druid,balance,56,20,36
Fancyprance,dalaran,910,druid,balance,29,10,19
Cast,moon-guard,908,druid,balance,17,10,7
Meliódás,area-52,907,druid,balance,251,111,140
Aroxus,tichondrius,903,druid,balance,23,10,13
Tinyypuppyy,sargeras,903,druid,balance,36,12,24
Naebliss,arygos,901,druid,balance,30,10,20
Stretchhxd,tichondrius,900,druid,balance,21,10,11
Batzul,tichondrius,896,druid,balance,21,11,10
Wtfiisthis,tichondrius,894,druid,balance,16,10,6
Wantto,moknathal,894,druid,balance,54,26,28
Juicedkin,tichondrius,891,druid,balance,20,10,10
Weezydende,area-52,887,druid,balance,116,47,69
Dedgame,malfurion,879,druid,balance,17,10,7
Nalarin,kaelthas,878,druid,balance,72,35,37
Taurenosorus,illidan,876,druid,balance,100,49,51
Pixelface,frostmourne,866,druid,balance,21,11,10
Meiling,spirestone,866,druid,balance,36,17,19
Toastsdruid,tichondrius,864,druid,balance,12,9,3
Hännibal,hydraxis,864,druid,balance,12,9,3
Tinwhiskerz,bleeding-hollow,864,druid,balance,12,9,3
Rasmootìn,tichondrius,864,druid,balance,12,9,3
Ory,illidan,864,druid,balance,12,9,3
Simperella,dalaran,864,druid,balance,12,9,3
Maen,kelthuzad,864,druid,balance,12,9,3
Hëllchaos,sargeras,864,druid,balance,12,9,3
Standee,sargeras,864,druid,balance,18,9,9
Lunartiç,kelthuzad,864,druid,balance,18,9,9
Bigbootyßutt,area-52,864,druid,balance,18,9,9
Mvpps,thrall,864,druid,balance,18,9,9
Gôdôfwow,tichondrius,864,druid,balance,18,9,9
Zydea,stormrage,864,druid,balance,18,9,9
Dabshifter,tichondrius,863,druid,balance,12,9,3
Cerberus,tanaris,863,druid,balance,12,9,3
Booteusmaxms,frostwolf,863,druid,balance,12,9,3
Flappyboí,proudmoore,863,druid,balance,15,10,5
Amookelia,tichondrius,863,druid,balance,18,9,9
Cösmic,anetheron,863,druid,balance,18,9,9
Môônkîn,chogall,863,druid,balance,18,9,9
Wyldfire,azjolnerub,863,druid,balance,18,9,9
Bearlylegál,sargeras,863,druid,balance,18,9,9
Skydín,stormrage,863,druid,balance,18,9,9
Starkraven,firetree,863,druid,balance,18,9,9
Supriix,moon-guard,863,druid,balance,18,9,9
Doots,aegwynn,863,druid,balance,18,9,9
Jinsha,winterhoof,863,druid,balance,18,9,9
Furrysacks,sargeras,863,druid,balance,18,9,9
Velaar,arthas,863,druid,balance,18,9,9
Bullcritzz,saurfang,863,druid,balance,18,9,9
Môistman,tichondrius,863,druid,balance,18,9,9
Lolimatree,proudmoore,863,druid,balance,18,9,9
Bekbek,blackrock,863,druid,balance,24,9,15
Doomky,area-52,863,druid,balance,24,9,15
Mesiaus,stormrage,862,druid,balance,12,9,3
Oreoshift,illidan,862,druid,balance,12,9,3
Epitwo,aggramar,862,druid,balance,12,9,3
Orsu,duskwood,862,druid,balance,12,9,3
Rootslayer,tichondrius,862,druid,balance,12,9,3
Zugdruid,tichondrius,862,druid,balance,13,9,4
Elydaria,destromath,862,druid,balance,24,12,12
Drulicious,tichondrius,862,druid,balance,18,9,9
Felløwship,nemesis,862,druid,balance,18,9,9
Shack,alterac-mountains,862,druid,balance,18,9,9
Furrmissile,area-52,862,druid,balance,18,9,9
Tigermoves,perenolde,862,druid,balance,18,9,9
Hallthrok,stormrage,862,druid,balance,18,9,9
Tugboat,saurfang,862,druid,balance,18,9,9
Newclear,tichondrius,861,druid,balance,12,9,3
Tinkker,zuljin,861,druid,balance,12,9,3
Actiad,stormrage,861,druid,balance,16,10,6
Starslicer,vashj,861,druid,balance,18,9,9
Goldentaint,tichondrius,861,druid,balance,24,9,15
Davymangravy,dalaran,861,druid,balance,24,9,15
Morphlöl,frostmourne,860,druid,balance,12,9,3
Blizdontcuur,area-52,860,druid,balance,12,9,3
Runarok,ragnaros,860,druid,balance,18,9,9
Sanleba,tichondrius,860,druid,balance,18,9,9
Soviclol,malganis,859,druid,balance,18,9,9
Einraedon,dalaran,859,druid,balance,24,9,15
Bestik,quelthalas,859,druid,balance,24,9,15
Moringo,azralon,858,druid,balance,12,9,3
Dabzndots,tichondrius,858,druid,balance,14,9,5
Pawz,windrunner,858,druid,balance,24,9,15
Fuzzybear,nemesis,858,druid,balance,30,9,21
Tìtanx,bleeding-hollow,857,druid,balance,12,9,3
Krustyora,khazgoroth,857,druid,balance,24,12,12
Kamionero,drakkari,856,druid,balance,12,9,3
Dizzyshiftz,dalaran,852,druid,balance,30,9,21
Sleek,illidan,850,druid,balance,24,9,15
Bitechew,frostmourne,847,druid,balance,15,10,5
Everglim,azralon,847,druid,balance,24,9,15
Hpcorrection,bleeding-hollow,847,druid,balance,30,9,21
Speedynut,area-52,843,druid,balance,15,10,5
Dèmønblâckev,malganis,842,druid,balance,24,11,13
Tyrana,bloodscalp,833,druid,balance,18,9,9
Dso,tichondrius,831,druid,balance,16,9,7
Starsfall,tichondrius,831,druid,balance,16,9,7
Ryandruid,tichondrius,830,druid,balance,17,9,8
Nokther,muradin,830,druid,balance,28,9,19
Dankasauras,tichondrius,830,druid,balance,42,13,29
Melizaa,stormrage,828,druid,balance,16,9,7
Mythianan,aggramar,807,druid,balance,28,12,16
Chicknfingaz,tichondrius,802,druid,balance,16,10,6
Jieter,malganis,799,druid,balance,14,9,5
Astroshift,emerald-dream,784,druid,balance,20,9,11
Äbÿss,tichondrius,782,druid,balance,13,9,4
Chocomilkx,korgath,776,druid,balance,32,9,23
Flamejacker,tichondrius,775,druid,balance,14,11,3
Notports,tichondrius,768,druid,balance,12,8,4
Ayyva,proudmoore,768,druid,balance,12,8,4
Juhji,dalaran,768,druid,balance,12,8,4
Domord,stormrage,768,druid,balance,12,8,4
ßiußiußiu,sargeras,768,druid,balance,12,8,4
Duckdie,moon-guard,768,druid,balance,12,8,4
Elyiaida,emerald-dream,768,druid,balance,12,8,4
Zxve,stormrage,768,druid,balance,12,8,4
Evileyesqc,stormrage,768,druid,balance,12,8,4
Skylined,sargeras,768,druid,balance,12,8,4
Astralboom,stormrage,768,druid,balance,12,8,4
Ryanspeed,mugthol,768,druid,balance,12,8,4
Treesrlegal,area-52,768,druid,balance,12,8,4
Meesterwolf,tichondrius,768,druid,balance,12,8,4
Crazystarz,frostmourne,768,druid,balance,12,8,4
Bewtee,tichondrius,768,druid,balance,12,8,4
Nothecia,sargeras,768,druid,balance,12,8,4
Mikelovin,nemesis,768,druid,balance,12,8,4
Wizkd,tichondrius,768,druid,balance,12,8,4
Abelladañger,area-52,768,druid,balance,12,8,4
Mådge,frostmourne,768,druid,balance,12,8,4
Hootforce,spirestone,768,druid,balance,12,8,4
Guidoanchovz,thrall,768,druid,balance,12,8,4
Shiftytom,spirestone,768,druid,balance,12,8,4
Cabrøn,illidan,768,druid,balance,12,8,4
Emaris,malganis,768,druid,balance,12,8,4
Germainee,shandris,768,druid,balance,12,8,4
Laserxo,tichondrius,768,druid,balance,12,8,4
Moonlitgrove,silvermoon,768,druid,balance,12,8,4
Thallid,hydraxis,768,druid,balance,12,8,4
Gameisass,illidan,768,druid,balance,12,8,4
Jisoojwa,frostmourne,768,druid,balance,12,8,4
Yøpìèrre,zuljin,768,druid,balance,12,8,4
Catmoomoo,tichondrius,768,druid,balance,12,8,4
Guuh,tichondrius,768,druid,balance,12,8,4
Oopygoopy,bleeding-hollow,768,druid,balance,12,8,4
Nyzear,bleeding-hollow,768,druid,balance,12,8,4
Aenari,anvilmar,768,druid,balance,12,8,4
Moistism,tichondrius,768,druid,balance,12,8,4
Sñìp,zuljin,768,druid,balance,12,8,4
Aconcat,bleeding-hollow,768,druid,balance,12,8,4
Shardzz,illidan,768,druid,balance,15,9,6
Artanial,illidan,768,druid,balance,18,8,10
Lutze,frostmourne,768,druid,balance,18,8,10
Onsen,tichondrius,768,druid,balance,18,8,10
Chickenbeam,tichondrius,768,druid,balance,23,8,15
Drop,shadow-council,767,druid,balance,10,9,1
Bearmäntle,ragnaros,767,druid,balance,12,8,4
Starbender,arygos,767,druid,balance,12,8,4
Rektx,area-52,767,druid,balance,12,8,4
Arellea,uther,767,druid,balance,12,8,4
Eøle,stormrage,767,druid,balance,12,8,4
Scudbomb,kelthuzad,767,druid,balance,12,8,4
Kimimàrø,illidan,767,druid,balance,12,8,4
Berllina,azralon,767,druid,balance,12,8,4
Jyuaiai,tichondrius,767,druid,balance,12,8,4
Arntu,malganis,767,druid,balance,12,8,4
Harddeenball,area-52,767,druid,balance,15,9,6
Ebonclaw,malganis,767,druid,balance,18,8,10
Bashnerds,illidan,767,druid,balance,18,8,10
Whiteglade,moon-guard,767,druid,balance,18,8,10
Ruckiz,stormrage,767,druid,balance,18,8,10
Tomletrain,zuljin,767,druid,balance,18,8,10
Vakimumu,anubarak,767,druid,balance,18,8,10
Cloninglol,darkspear,767,druid,balance,18,8,10
Forsake,sargeras,767,druid,balance,18,8,10
Sôhâj,area-52,767,druid,balance,18,8,10
Khristine,spinebreaker,767,druid,balance,24,8,16
Volgoro,thrall,766,druid,balance,12,8,4
Cuppnoodles,illidan,766,druid,balance,12,8,4
Joiczar,maelstrom,766,druid,balance,12,8,4
Mornis,zuljin,766,druid,balance,12,8,4
Kastro,frostwolf,766,druid,balance,18,8,10
Equilibrio,nagrand,766,druid,balance,18,8,10
Nxghtfall,tichondrius,766,druid,balance,18,8,10
Toxyflex,tichondrius,766,druid,balance,18,8,10
Florella,misha,766,druid,balance,21,9,12
Jashrus,korgath,765,druid,balance,12,8,4
Whitekongg,blackhand,765,druid,balance,15,9,6
Tegrizelle,cenarion-circle,765,druid,balance,18,8,10
Motörcharge,bleeding-hollow,764,druid,balance,12,8,4
Kelylea,the-underbog,764,druid,balance,18,8,10
Crépes,bleeding-hollow,764,druid,balance,18,8,10
Architech,bleeding-hollow,764,druid,balance,24,8,16
Wabbehkus,barthilas,764,druid,balance,26,8,18
Eiel,undermine,763,druid,balance,12,8,4
Chewychips,malganis,763,druid,balance,12,8,4
Thonyg,sargeras,763,druid,balance,18,8,10
Anttfj,mannoroth,763,druid,balance,18,8,10
Readox,sargeras,763,druid,balance,24,8,16
Herbirove,frostmourne,762,druid,balance,12,8,4
Skke,barthilas,762,druid,balance,18,8,10
Astromyles,tichondrius,762,druid,balance,25,8,17
Rejufang,sargeras,760,druid,balance,12,8,4
Freyaborn,sargeras,760,druid,balance,17,9,8
Jtogethendr,area-52,759,druid,balance,12,8,4
Mantis,the-underbog,758,druid,balance,18,8,10
Boneheir,proudmoore,757,druid,balance,21,9,12
Aessinawisp,frostmourne,753,druid,balance,18,8,10
Seethert,quelthalas,751,druid,balance,12,8,4
Outclone,tichondrius,734,druid,balance,10,9,1
Shyn,goldrinn,734,druid,balance,20,9,11
Outandy,quelthalas,727,druid,balance,17,8,9
Áspect,stormreaver,719,druid,balance,11,8,3
Adasdas,stormrage,718,druid,balance,15,8,7
Krooksy,tichondrius,714,druid,balance,20,9,11
Stenebria,zuljin,711,druid,balance,27,9,18
Druz,spirestone,703,druid,balance,11,8,3
Daegon,frostmourne,703,druid,balance,16,8,8
Gemineye,stormrage,703,druid,balance,17,8,9
Gulrahf,wyrmrest-accord,703,druid,balance,21,8,13
Pherakik,lightnings-blade,702,druid,balance,20,8,12
Jukebóx,stormrage,701,druid,balance,20,8,12
Mooncry,wyrmrest-accord,700,druid,balance,26,9,17
Shiftness,nordrassil,679,druid,balance,11,8,3
Akiiragata,azralon,672,druid,balance,12,7,5
Xioqt,chogall,672,druid,balance,12,7,5
Elithyra,area-52,672,druid,balance,12,7,5
Slickthick,sargeras,672,druid,balance,12,7,5
Wildllama,moon-guard,672,druid,balance,12,7,5
Saltkin,frostmourne,672,druid,balance,12,7,5
Malafaïa,nemesis,672,druid,balance,12,7,5
Taysfriend,tichondrius,672,druid,balance,12,7,5
Tïgerpawz,stormrage,672,druid,balance,12,7,5
Pantec,eredar,672,druid,balance,12,7,5
Rykudruid,azuremyst,672,druid,balance,12,7,5
Beörne,sargeras,672,druid,balance,12,7,5
Selvius,area-52,672,druid,balance,12,7,5
Donaldsr,area-52,672,druid,balance,12,7,5
Heykitty,area-52,672,druid,balance,12,7,5
Ooh,stormreaver,672,druid,balance,12,7,5
Bronnasaurus,tichondrius,672,druid,balance,12,7,5
Eizruk,tichondrius,672,druid,balance,12,7,5
Suedou,moon-guard,672,druid,balance,12,7,5
Redscyclone,dalaran,672,druid,balance,12,7,5
Zoonkin,tichondrius,672,druid,balance,12,7,5
Alteraim,thrall,672,druid,balance,12,7,5
Peterdeleter,emerald-dream,672,druid,balance,12,7,5
Mar,misha,672,druid,balance,12,7,5
Rhyndris,dalaran,672,druid,balance,12,7,5
Covidcarrier,thrall,672,druid,balance,12,7,5
Yeyee,darkspear,672,druid,balance,12,7,5
Straitbeast,tichondrius,672,druid,balance,12,7,5
Delayedxd,bleeding-hollow,672,druid,balance,12,7,5
Boomypower,dalaran,672,druid,balance,12,7,5
Thriaror,proudmoore,672,druid,balance,12,7,5
Belrin,garona,672,druid,balance,12,7,5
Dsavart,stormrage,672,druid,balance,12,7,5
Moonkiin,sargeras,672,druid,balance,12,7,5
Wascar,sargeras,672,druid,balance,12,7,5
Jiywa,lightbringer,672,druid,balance,12,7,5
Omegablasted,tichondrius,672,druid,balance,12,7,5
Jecci,tichondrius,672,druid,balance,12,7,5
Riptin,kelthuzad,672,druid,balance,12,7,5
Stacker,malganis,672,druid,balance,12,7,5
Floofi,kelthuzad,672,druid,balance,12,7,5
Mythienair,stormrage,672,druid,balance,15,8,7
Lalalu,frostmourne,672,druid,balance,15,8,7
Amundruid,area-52,672,druid,balance,18,7,11
Bêêfpattyx,darkspear,672,druid,balance,18,7,11
Slaÿr,malganis,672,druid,balance,18,7,11
Arawn,jubeithos,672,druid,balance,18,7,11
Sunspot,tichondrius,672,druid,balance,18,7,11
Raves,illidan,672,druid,balance,18,7,11
Necromos,argent-dawn,672,druid,balance,18,7,11
Purrfessor,proudmoore,672,druid,balance,18,7,11
Avbox,proudmoore,672,druid,balance,18,7,11
Peteybears,stormrage,672,druid,balance,18,7,11
Kassadega,sargeras,672,druid,balance,18,7,11
Shrubzilla,area-52,672,druid,balance,24,7,17
Pawpa,daggerspine,671,druid,balance,12,7,5
Trìckyz,tichondrius,671,druid,balance,12,7,5
Cashgame,malganis,671,druid,balance,12,7,5
Stickyleavz,sargeras,671,druid,balance,12,7,5
Jazzmaster,barthilas,671,druid,balance,12,7,5
Longstory,bonechewer,671,druid,balance,12,7,5
Sneeks,ragnaros,671,druid,balance,12,7,5
Tubemagnet,tichondrius,671,druid,balance,12,7,5
Dgas,tichondrius,671,druid,balance,12,7,5
Pergutory,frostmourne,671,druid,balance,12,7,5
Ayari,sargeras,671,druid,balance,12,7,5
Bambam,frostwolf,671,druid,balance,12,7,5
Dobidas,tichondrius,671,druid,balance,12,7,5
Bambozled,sargeras,671,druid,balance,12,7,5
Douwantoplay,tichondrius,671,druid,balance,12,7,5
Ripx,khadgar,671,druid,balance,12,7,5
Ømí,quelthalas,671,druid,balance,13,7,6
Catalytic,frostmourne,671,druid,balance,15,8,7
Völltzx,azralon,671,druid,balance,14,7,7
Ankole,ravencrest,671,druid,balance,18,7,11
Ichangeabull,bleeding-hollow,671,druid,balance,18,7,11
Devilkei,tichondrius,671,druid,balance,18,7,11
Vibechicken,emerald-dream,671,druid,balance,18,7,11
Sinistuhd,tichondrius,671,druid,balance,18,7,11
Trenboloone,area-52,671,druid,balance,18,7,11
Starsurged,moon-guard,671,druid,balance,18,7,11
Lutein,tichondrius,671,druid,balance,18,7,11
Mirudru,stormrage,671,druid,balance,18,7,11
Dashio,lightnings-blade,671,druid,balance,18,7,11
Ioncannon,darrowmere,671,druid,balance,18,7,11
Dirtytiger,sargeras,671,druid,balance,18,7,11
Budtender,moon-guard,670,druid,balance,12,7,5
Saltyzz,tichondrius,670,druid,balance,12,7,5
Traxxo,tichondrius,670,druid,balance,12,7,5
Chukksz,nerzhul,670,druid,balance,12,7,5
Brodinmmx,bleeding-hollow,670,druid,balance,18,7,11
Teziq,sargeras,670,druid,balance,18,7,11
Kragma,zuluhed,670,druid,balance,18,7,11
Bruddanature,dawnbringer,670,druid,balance,24,7,17
Aviendiana,thrall,669,druid,balance,12,7,5
Eurotrance,frostmourne,669,druid,balance,12,7,5
Katdog,warsong,669,druid,balance,24,7,17
Onecalf,tichondrius,668,druid,balance,12,7,5
Donokokiya,destromath,668,druid,balance,12,7,5
Wresty,frostmourne,667,druid,balance,12,7,5
Tïcks,illidan,666,druid,balance,18,7,11
Krunge,frostwolf,665,druid,balance,12,7,5
Beammz,stormrage,664,druid,balance,15,8,7
Pao,nordrassil,664,druid,balance,18,7,11
Kångåwalafox,sargeras,663,druid,balance,12,7,5
Nazrelar,ragnaros,663,druid,balance,26,10,16
Hellyunm,azralon,662,druid,balance,18,7,11
Druaids,kargath,658,druid,balance,12,7,5
Edrielin,quelthalas,657,druid,balance,12,7,5
Bigolehoe,tichondrius,654,druid,balance,17,7,10
Veraciouss,sargeras,652,druid,balance,18,10,8
Chikojuan,tichondrius,639,druid,balance,11,7,4
Dsoul,tichondrius,639,druid,balance,17,7,10
Spacéchicken,stormrage,638,druid,balance,10,8,2
Hancalimon,nemesis,634,druid,balance,26,8,18
Tumblr,terenas,624,druid,balance,9,7,2
Stive,nemesis,623,druid,balance,9,7,2
Neurologist,tichondrius,623,druid,balance,11,7,4
Aexs,kelthuzad,622,druid,balance,17,7,10
Gutanamo,stormrage,620,druid,balance,14,8,6
Chankletta,quelthalas,618,druid,balance,18,8,10
Tugond,tichondrius,617,druid,balance,28,8,20
Lawnkin,dalaran,608,druid,balance,16,7,9
Feldstarx,stormrage,607,druid,balance,14,7,7
Murkdruid,frostmourne,607,druid,balance,14,7,7
Bleedsxd,tichondrius,606,druid,balance,14,7,7
Instinctuals,sargeras,606,druid,balance,14,7,7
Hirtenweg,stormrage,605,druid,balance,20,7,13
Lunnæ,ragnaros,595,druid,balance,14,7,7
Legitonedge,zuljin,576,druid,balance,6,6,0
Starship,frostmourne,576,druid,balance,6,6,0
Trynayeet,area-52,576,druid,balance,6,6,0
Claws,elune,576,druid,balance,6,6,0
Canfinich,illidan,576,druid,balance,6,6,0
Khayman,sargeras,576,druid,balance,6,6,0
Möòse,tichondrius,576,druid,balance,6,6,0
Starsùrge,moon-guard,576,druid,balance,6,6,0
Storiann,frostmourne,576,druid,balance,6,6,0
Prev,arathor,576,druid,balance,6,6,0
Chickenboss,ragnaros,576,druid,balance,6,6,0
Cowchicken,zuljin,576,druid,balance,12,6,6
Highbridz,bleeding-hollow,576,druid,balance,12,6,6
Slütcakes,tichondrius,576,druid,balance,12,6,6
Formz,nagrand,576,druid,balance,12,6,6
Beomjun,tichondrius,576,druid,balance,12,6,6
Jonnytsunami,the-forgotten-coast,576,druid,balance,12,6,6
Tewdee,magtheridon,576,druid,balance,12,6,6
Brocooli,tichondrius,576,druid,balance,12,6,6
Zaaduu,tichondrius,576,druid,balance,12,6,6
Haffö,gundrak,576,druid,balance,12,6,6
Brewtherbear,kelthuzad,576,druid,balance,12,6,6
Jamuestus,illidan,576,druid,balance,12,6,6
Chickenaeg,stormrage,576,druid,balance,12,6,6
Ggae,tichondrius,576,druid,balance,12,6,6
Jacknit,illidan,576,druid,balance,12,6,6
Hellabandzup,drakthul,576,druid,balance,12,6,6
Hellfireclaw,tichondrius,576,druid,balance,12,6,6
Cukld,tichondrius,576,druid,balance,12,6,6
Scykin,stormrage,576,druid,balance,12,6,6
Sorrytofaded,tichondrius,576,druid,balance,12,6,6
Ularmdrd,stormrage,576,druid,balance,12,6,6
Maidah,malganis,576,druid,balance,12,6,6
Moonkid,barthilas,576,druid,balance,12,6,6
Treehard,malganis,576,druid,balance,12,6,6
Iefts,stormrage,576,druid,balance,12,6,6
Grayfan,malganis,576,druid,balance,12,6,6
Gigathicc,malganis,576,druid,balance,12,6,6
Banumm,sargeras,576,druid,balance,12,6,6
Nýla,stormrage,576,druid,balance,12,6,6
Celetra,kiljaeden,576,druid,balance,12,6,6
Cheddastov,illidan,576,druid,balance,12,6,6
Jmackd,frostmourne,576,druid,balance,12,6,6
Nbendtner,tichondrius,576,druid,balance,12,6,6
Dazedru,stormrage,576,druid,balance,12,6,6
Polyproof,emerald-dream,576,druid,balance,12,6,6
Bar,stormrage,576,druid,balance,12,6,6
Dalaverrunis,tichondrius,576,druid,balance,12,6,6
Oscillater,illidan,576,druid,balance,12,6,6
Cantheal,frostmourne,576,druid,balance,12,6,6
Duckyy,garithos,576,druid,balance,12,6,6
Tylërðûrðên,sargeras,576,druid,balance,12,6,6
Loadstar,burning-blade,576,druid,balance,12,6,6
Còry,kiljaeden,576,druid,balance,12,6,6
Pincho,hyjal,576,druid,balance,12,6,6
Cronosphere,stormrage,576,druid,balance,12,6,6
Exiledruid,area-52,576,druid,balance,12,6,6
Shwìftmend,area-52,576,druid,balance,12,6,6
Nerfdemo,kiljaeden,576,druid,balance,12,6,6
Natureww,sargeras,576,druid,balance,12,6,6
Nature,haomarush,576,druid,balance,12,6,6
Gâlaxy,sargeras,576,druid,balance,12,6,6
Krunks,frostmourne,576,druid,balance,12,6,6
Jonnygg,illidan,576,druid,balance,12,6,6
Juqzy,area-52,576,druid,balance,12,6,6
Silynce,tichondrius,576,druid,balance,12,6,6
Runforest,tichondrius,576,druid,balance,12,6,6
Nidalie,frostmourne,576,druid,balance,12,6,6
Bamfferal,tichondrius,576,druid,balance,12,6,6
Sandriuzs,nemesis,576,druid,balance,12,6,6
Notpodruida,tichondrius,576,druid,balance,13,6,7
Faletra,eitrigg,576,druid,balance,18,6,12
Gåiâ,malganis,576,druid,balance,18,6,12
Sooey,wyrmrest-accord,576,druid,balance,18,6,12
Drphilsmith,moon-guard,576,druid,balance,18,6,12
Mesteno,proudmoore,576,druid,balance,18,6,12
Longnus,stormrage,576,druid,balance,18,6,12
Sample,dark-iron,576,druid,balance,18,6,12
Akthos,stormrage,575,druid,balance,12,6,6
Turnpike,exodar,575,druid,balance,12,6,6
Emolia,amanthul,575,druid,balance,12,6,6
Zieda,sisters-of-elune,575,druid,balance,12,6,6
Beamin,thunderlord,575,druid,balance,12,6,6
Targeted,sargeras,575,druid,balance,12,6,6
Hildisvini,sargeras,575,druid,balance,12,6,6
Tariksha,sargeras,575,druid,balance,12,6,6
Miçangak,azralon,575,druid,balance,12,6,6
Ebichu,fenris,575,druid,balance,12,6,6
Guybranch,illidan,575,druid,balance,12,6,6
Saltycats,jaedenar,575,druid,balance,12,6,6
Shroudyroudy,dalaran,575,druid,balance,12,6,6
Bäldark,illidan,575,druid,balance,15,6,9
Guusx,bonechewer,575,druid,balance,18,6,12
Sokodruid,tichondrius,575,druid,balance,18,6,12
Nomnomurface,tichondrius,575,druid,balance,18,6,12
Samelthios,proudmoore,575,druid,balance,20,6,14
Painsbrook,thrall,574,druid,balance,12,6,6
Dradugun,hyjal,574,druid,balance,12,6,6
Idontknowbro,bonechewer,574,druid,balance,12,6,6
Mirialia,alexstrasza,574,druid,balance,12,6,6
Quagsire,moon-guard,574,druid,balance,18,6,12
Xinnii,illidan,573,druid,balance,18,7,11
Guston,lightbringer,570,druid,balance,12,6,6
Funnypiggy,borean-tundra,570,druid,balance,12,6,6
Proñgs,tichondrius,566,druid,balance,12,6,6
Wassupfoo,area-52,559,druid,balance,11,6,5
Jokeclass,darkspear,544,druid,balance,10,6,4
Matock,malganis,543,druid,balance,11,6,5
Casaran,anetheron,543,druid,balance,11,6,5
Hchhi,ragnaros,543,druid,balance,14,7,7
Boufa,dentarg,527,druid,balance,9,7,2
Tzboo,stormrage,527,druid,balance,15,6,9
Dendríta,ragnaros,526,druid,balance,17,6,11
Guron,aegwynn,526,druid,balance,27,6,21
Yukcyducky,tichondrius,512,druid,balance,10,6,4
Velais,exodar,512,druid,balance,22,6,16
Istayfrawsty,darkspear,511,druid,balance,14,6,8
Thebruiser,baelgun,511,druid,balance,20,6,14
Tulkan,kelthuzad,508,druid,balance,15,7,8
Bruchko,illidan,496,druid,balance,7,6,1
Eranelle,moon-guard,496,druid,balance,13,6,7
Hooffy,emerald-dream,480,druid,balance,6,5,1
Rippeddrood,malganis,480,druid,balance,6,5,1
Drdoomkin,area-52,480,druid,balance,6,5,1
Iconicxz,malganis,480,druid,balance,6,5,1
Megåtron,kelthuzad,480,druid,balance,6,5,1
Biggié,bleeding-hollow,480,druid,balance,6,5,1
Fattdiabetic,tichondrius,480,druid,balance,6,5,1
Alindrä,moon-guard,480,druid,balance,6,5,1
Rowdie,area-52,480,druid,balance,6,5,1
Guår,tichondrius,480,druid,balance,6,5,1
Smitebacklol,tichondrius,480,druid,balance,6,5,1
Yokux,thunderlord,480,druid,balance,6,5,1
Darktransfo,dentarg,480,druid,balance,6,5,1
Canola,tichondrius,480,druid,balance,6,5,1
Marshanlynch,korgath,480,druid,balance,6,5,1
Steezydru,tichondrius,480,druid,balance,6,5,1
Yurself,feathermoon,480,druid,balance,6,5,1
Skymund,tichondrius,480,druid,balance,6,5,1
Canuatemyrat,tichondrius,480,druid,balance,6,5,1
Aoewynn,nerzhul,480,druid,balance,6,5,1
Solju,farstriders,480,druid,balance,6,5,1
Inheat,tichondrius,480,druid,balance,6,5,1
Ragiix,tichondrius,480,druid,balance,6,5,1
Nephsis,kelthuzad,480,druid,balance,6,5,1
Rastakant,malganis,480,druid,balance,6,5,1
Toadie,zuljin,480,druid,balance,6,5,1
Coramoor,mannoroth,480,druid,balance,6,5,1
Daroot,spinebreaker,480,druid,balance,6,5,1
Beamlord,frostmourne,480,druid,balance,6,5,1
Psychosocîal,kiljaeden,480,druid,balance,6,5,1
Mithroi,tichondrius,480,druid,balance,6,5,1
Sixxlul,malganis,480,druid,balance,6,5,1
Dojacat,tichondrius,480,druid,balance,6,5,1
Horizøns,gorefiend,480,druid,balance,6,5,1
ßælot,quelthalas,480,druid,balance,6,5,1
Curze,maiev,480,druid,balance,6,5,1
Beestwithin,illidan,480,druid,balance,6,5,1
Joink,sargeras,480,druid,balance,7,5,2
Bearlylegalz,kelthuzad,480,druid,balance,11,7,4
Atrocitÿ,tichondrius,480,druid,balance,11,5,6
Kumataku,emerald-dream,480,druid,balance,12,5,7
Redness,daggerspine,480,druid,balance,12,5,7
Trippykitty,tichondrius,480,druid,balance,12,5,7
Paintlicker,emerald-dream,480,druid,balance,12,5,7
Harshphone,area-52,480,druid,balance,12,5,7
Drufasä,sargeras,480,druid,balance,12,5,7
Fullyshiftz,frostmourne,480,druid,balance,12,5,7
Smoogzbigd,tichondrius,480,druid,balance,12,5,7
Ayadel,moon-guard,480,druid,balance,12,5,7
Akay,bonechewer,480,druid,balance,12,5,7
Hooloo,blades-edge,480,druid,balance,12,5,7
Gorillavoke,tichondrius,480,druid,balance,12,5,7
Cynderellaa,proudmoore,480,druid,balance,12,5,7
Salanzô,bleeding-hollow,480,druid,balance,12,5,7
Bemelerberg,sargeras,480,druid,balance,12,5,7
Beastin,queldorei,480,druid,balance,12,5,7
Öomkinn,sargeras,480,druid,balance,12,5,7
Cooln,bleeding-hollow,480,druid,balance,12,5,7
Sharkfighter,sargeras,480,druid,balance,12,5,7
Milkmoneymeo,illidan,480,druid,balance,12,5,7
Ripter,moon-guard,480,druid,balance,12,5,7
Nöches,quelthalas,480,druid,balance,12,5,7
Stratego,drenden,480,druid,balance,12,5,7
Rokdx,barthilas,480,druid,balance,12,5,7
Bigtammy,moon-guard,480,druid,balance,12,5,7
Lickmypaws,sargeras,480,druid,balance,12,5,7
Deergut,illidan,480,druid,balance,12,5,7
Sodacream,illidan,480,druid,balance,12,5,7
Celestialife,frostmourne,480,druid,balance,12,5,7
Voelcan,tichondrius,480,druid,balance,12,5,7
Ragerag,trollbane,480,druid,balance,12,5,7
Jujubeartank,darkspear,480,druid,balance,12,5,7
Mikoxarekt,area-52,480,druid,balance,12,5,7
Saucyy,malganis,480,druid,balance,12,5,7
Shuba,ragnaros,480,druid,balance,12,5,7
Helpmeimbad,stormrage,480,druid,balance,12,5,7
Cassatopia,zuljin,480,druid,balance,12,5,7
Fakechower,stormreaver,480,druid,balance,12,5,7
Matinee,tichondrius,480,druid,balance,12,5,7
Lissànà,nesingwary,480,druid,balance,12,5,7
Clubs,sargeras,480,druid,balance,12,5,7
Bënzy,frostmourne,480,druid,balance,12,5,7
Zuga,the-venture-co,480,druid,balance,12,5,7
Clutchtime,sentinels,480,druid,balance,12,5,7
Pcpolicebro,spirestone,480,druid,balance,12,5,7
Lapensee,proudmoore,480,druid,balance,12,5,7
Havócdh,tichondrius,480,druid,balance,12,5,7
Toptrolls,illidan,480,druid,balance,12,5,7
Bigdaddyferg,illidan,480,druid,balance,12,5,7
Zimah,illidan,480,druid,balance,12,5,7
Sschakall,tol-barad,480,druid,balance,12,5,7
Bubblybear,winterhoof,480,druid,balance,12,5,7
Bearwithit,sargeras,480,druid,balance,12,5,7
Stumphugger,tichondrius,480,druid,balance,12,5,7
Intrinsiic,area-52,480,druid,balance,12,5,7
Sweetcat,malganis,480,druid,balance,12,5,7
Pumpkill,sargeras,480,druid,balance,12,5,7
Kushkilla,malganis,480,druid,balance,12,5,7
Phatpat,illidan,480,druid,balance,12,5,7
Meathook,kiljaeden,480,druid,balance,12,5,7
Ornaaga,blackrock,480,druid,balance,13,5,8
Coomlauncher,area-52,480,druid,balance,16,6,10
Nexophobia,proudmoore,480,druid,balance,18,5,13
Laycan,azralon,480,druid,balance,18,5,13
Fevo,dreadmaul,480,druid,balance,18,5,13
Verdagris,skullcrusher,480,druid,balance,18,5,13
Tuppyboom,barthilas,480,druid,balance,24,5,19
Syllphrena,area-52,479,druid,balance,6,5,1
Smhyle,frostmourne,479,druid,balance,12,5,7
Ohfudge,frostwolf,479,druid,balance,12,5,7
Hoarseqock,area-52,479,druid,balance,12,5,7
Bóñés,malganis,479,druid,balance,12,5,7
Kenblôck,tichondrius,479,druid,balance,12,5,7
Angelbigbutt,borean-tundra,479,druid,balance,12,5,7
Cdrü,illidan,479,druid,balance,13,5,8
Loggoruk,illidan,479,druid,balance,18,5,13
Hornmenow,frostmourne,479,druid,balance,18,5,13
Morphntime,blackrock,479,druid,balance,18,5,13
Killersilent,quelthalas,479,druid,balance,24,5,19
Edinhalfhorn,bonechewer,479,druid,balance,24,5,19
Sludgischonk,stormrage,478,druid,balance,13,6,7
Nahlem,greymane,478,druid,balance,12,5,7
Kirones,stormrage,478,druid,balance,12,5,7
Cyios,moon-guard,477,druid,balance,12,5,7
Wardruidkvn,stormreaver,474,druid,balance,35,5,30
Twrixi,caelestrasz,463,druid,balance,17,5,12
Artimedian,kiljaeden,447,druid,balance,11,5,6
Bearcathawk,sargeras,447,druid,balance,11,5,6
Sylthren,muradin,447,druid,balance,11,5,6
Kyuub,barthilas,446,druid,balance,11,5,6
Thunderwolf,malganis,432,druid,balance,9,6,3
Féralis,sargeras,431,druid,balance,11,5,6
Thõrr,tichondrius,431,druid,balance,11,5,6
Cbreezyy,tichondrius,431,druid,balance,11,5,6
Yuhcy,malganis,426,druid,balance,10,6,4
Shuja,wyrmrest-accord,426,druid,balance,15,6,9
Policë,skullcrusher,425,druid,balance,14,6,8
Theriomorph,barthilas,424,druid,balance,28,6,22
Feond,illidan,416,druid,balance,10,5,5
Geronimoon,illidan,414,druid,balance,22,5,17
Biig,stormreaver,411,druid,balance,20,13,7
Gigajuiced,proudmoore,400,druid,balance,7,5,2
Aeo,frostmourne,400,druid,balance,13,5,8
Altha,proudmoore,400,druid,balance,13,5,8
Guárdían,frostmourne,398,druid,balance,10,5,5
Æpex,zuljin,394,druid,balance,16,6,10
Kiwidru,frostmourne,384,druid,balance,6,4,2
Mmbessa,tichondrius,384,druid,balance,6,4,2
Söökie,tichondrius,384,druid,balance,6,4,2
Soothe,barthilas,384,druid,balance,6,4,2
Duo,demon-soul,384,druid,balance,6,4,2
Remorphose,tichondrius,384,druid,balance,6,4,2
Nightshift,dalvengyr,384,druid,balance,6,4,2
Kkamagwi,illidan,384,druid,balance,6,4,2
Tchalla,detheroc,384,druid,balance,6,4,2
Bäyter,tichondrius,384,druid,balance,6,4,2
Manbeartree,malganis,384,druid,balance,6,4,2
Sabretoóth,malganis,384,druid,balance,6,4,2
Critkatbear,detheroc,384,druid,balance,6,4,2
Blams,stormrage,384,druid,balance,6,4,2
Cujjoh,tichondrius,384,druid,balance,6,4,2
Stormbeef,tichondrius,384,druid,balance,6,4,2
Böostedx,tichondrius,384,druid,balance,6,4,2
Maxryan,emerald-dream,384,druid,balance,6,4,2
Leafmealone,chogall,384,druid,balance,6,4,2
Fugekî,zuljin,384,druid,balance,6,4,2
Hyne,emerald-dream,384,druid,balance,6,4,2
Spèèdy,illidan,384,druid,balance,6,4,2
Luvgames,area-52,384,druid,balance,6,4,2
Boomkinbob,malganis,384,druid,balance,6,4,2
Selfplay,barthilas,384,druid,balance,6,4,2
Vadant,sargeras,384,druid,balance,6,4,2
Nahelae,tichondrius,384,druid,balance,6,4,2
Zeløth,tichondrius,384,druid,balance,6,4,2
Goncko,ragnaros,384,druid,balance,6,4,2
Seekamp,khazgoroth,384,druid,balance,6,4,2
Sily,frostmourne,384,druid,balance,6,4,2
Berntaikwa,tichondrius,384,druid,balance,6,4,2
Küb,sargeras,384,druid,balance,6,4,2
Tinishaker,ragnaros,384,druid,balance,6,4,2
Harute,aggramar,384,druid,balance,6,4,2
Lâvazza,tichondrius,384,druid,balance,6,4,2
Drmnheal,frostmourne,384,druid,balance,6,4,2
Sethfurian,magtheridon,384,druid,balance,6,4,2
Qyuka,area-52,384,druid,balance,6,4,2
Kiddohhz,tichondrius,384,druid,balance,6,4,2
Monogreen,burning-blade,384,druid,balance,6,4,2
Imaoo,illidan,384,druid,balance,6,4,2
Beastboyy,tichondrius,384,druid,balance,6,4,2
Fusions,sargeras,384,druid,balance,6,4,2
Ravenwick,kelthuzad,384,druid,balance,6,4,2
Saiyancat,tichondrius,384,druid,balance,6,4,2
Ellynshift,nemesis,384,druid,balance,6,4,2
Somarythe,moon-guard,384,druid,balance,6,4,2
Morganz,azralon,384,druid,balance,6,4,2
Nicklul,llane,384,druid,balance,6,4,2
Rahzoo,tichondrius,384,druid,balance,6,4,2
Kornobluss,azralon,384,druid,balance,6,4,2
Splintered,kelthuzad,384,druid,balance,6,4,2
Silvshifter,frostmourne,384,druid,balance,6,4,2
Bäldir,dalaran,384,druid,balance,6,4,2
Socknsandals,tichondrius,384,druid,balance,6,4,2
Jherdugo,durotan,384,druid,balance,6,4,2
Trogshift,blackrock,384,druid,balance,6,4,2
Lyingcat,mannoroth,384,druid,balance,6,4,2
Hbf,tichondrius,384,druid,balance,6,4,2
Ðrood,bleeding-hollow,384,druid,balance,6,4,2
Biggucci,stonemaul,384,druid,balance,6,4,2
Câlypsô,dalaran,384,druid,balance,6,4,2
Orgnalf,area-52,384,druid,balance,6,4,2
Medsurgdruid,emerald-dream,384,druid,balance,6,4,2
Whitehaze,proudmoore,384,druid,balance,6,4,2
Lukass,tichondrius,384,druid,balance,6,4,2
Vanillaricee,illidan,384,druid,balance,6,4,2
Tankyguy,ragnaros,384,druid,balance,6,4,2
Leefman,tichondrius,384,druid,balance,6,4,2
Dokasaurus,lightbringer,384,druid,balance,6,4,2
Twostars,thrall,384,druid,balance,6,4,2
Mcdizzil,bloodscalp,384,druid,balance,6,4,2
Shinazugawa,maiev,384,druid,balance,6,4,2
Anamoorphicc,kelthuzad,384,druid,balance,6,4,2
Herb,zangarmarsh,384,druid,balance,6,4,2
Bludehuestew,proudmoore,384,druid,balance,6,4,2
Fuzzytaco,stormrage,384,druid,balance,6,4,2
Brx,eredar,384,druid,balance,6,4,2
Yoshí,emerald-dream,384,druid,balance,6,4,2
Drenten,stormrage,384,druid,balance,6,4,2
Elonmuskirl,illidan,384,druid,balance,6,4,2
Lunchßox,emerald-dream,384,druid,balance,6,4,2
Zigzäg,thrall,384,druid,balance,6,4,2
Tarisant,tichondrius,384,druid,balance,6,4,2
Korlstone,zuljin,384,druid,balance,6,4,2
Spaceland,emerald-dream,384,druid,balance,6,4,2
Stonefruit,mannoroth,384,druid,balance,6,4,2
Pacmaynè,illidan,384,druid,balance,9,5,4
Balancz,thrall,384,druid,balance,10,5,5
Erwelz,quelthalas,384,druid,balance,10,5,5
Shinoßi,area-52,384,druid,balance,12,4,8
Ammarik,area-52,384,druid,balance,12,4,8
Omnipaw,kelthuzad,384,druid,balance,12,4,8
Zenowl,turalyon,384,druid,balance,12,4,8
Skylightt,illidan,384,druid,balance,12,4,8
Blipshift,tichondrius,384,druid,balance,12,4,8
Amaryllis,the-underbog,384,druid,balance,12,4,8
Lifeforcer,barthilas,384,druid,balance,12,4,8
Ferar,frostmourne,384,druid,balance,12,4,8
Veyrønn,stormrage,384,druid,balance,12,4,8
Wintarz,sargeras,384,druid,balance,12,4,8
Tasselhoof,hyjal,384,druid,balance,12,4,8
Donti,laughing-skull,384,druid,balance,12,4,8
Christree,frostmourne,384,druid,balance,12,4,8
Jakermans,area-52,384,druid,balance,12,4,8
Kerrzo,frostmourne,384,druid,balance,12,4,8
Bowlpacka,malganis,384,druid,balance,12,4,8
Simo,kaelthas,384,druid,balance,12,4,8
Drguillotine,azralon,384,druid,balance,12,4,8
Menlove,area-52,384,druid,balance,12,4,8
Darkangle,ysera,384,druid,balance,12,4,8
Bigsmurph,illidan,384,druid,balance,12,4,8
Shanadris,stormrage,384,druid,balance,12,4,8
Alexserina,dalaran,384,druid,balance,12,4,8
Stormclaw,elune,384,druid,balance,12,4,8
Lilrichdps,sargeras,384,druid,balance,12,4,8
Soreze,kelthuzad,384,druid,balance,12,4,8
Astería,sentinels,384,druid,balance,12,4,8
Greemer,sargeras,384,druid,balance,12,4,8
Cathelyana,tichondrius,384,druid,balance,16,5,11
Spatulas,malganis,384,druid,balance,18,4,14
Xisloko,azralon,383,druid,balance,6,4,2
Samesaras,darkspear,383,druid,balance,6,4,2
Kukulkann,tichondrius,383,druid,balance,6,4,2
Kornaz,guldan,383,druid,balance,6,4,2
Thiccybear,darkspear,383,druid,balance,6,4,2
Chatdôux,zuljin,383,druid,balance,6,4,2
Astrowalkerx,tichondrius,383,druid,balance,6,4,2
Papitank,drakkari,383,druid,balance,6,4,2
Balthøs,moon-guard,383,druid,balance,6,4,2
Scienttific,malganis,383,druid,balance,12,4,8
Ranchdußois,illidan,383,druid,balance,12,4,8
Bomme,zuljin,383,druid,balance,13,4,9
Earendiill,azralon,383,druid,balance,18,4,14
Lesliechao,tichondrius,383,druid,balance,18,4,14
Nukaboom,elune,382,druid,balance,6,4,2
Boomanon,illidan,382,druid,balance,6,4,2
Ravii,nemesis,382,druid,balance,12,4,8
Korduroi,malygos,380,druid,balance,12,4,8
Crotchlicker,bloodscalp,352,druid,balance,10,4,6
Müfasä,azralon,351,druid,balance,11,4,7
Stealthhero,lightbringer,351,druid,balance,11,4,7
Moonkingx,ragnaros,351,druid,balance,11,4,7
Cortado,thrall,351,druid,balance,14,5,9
Rahdek,azgalor,330,druid,balance,7,5,2
Kimnim,tichondrius,330,druid,balance,9,6,3
Ihjx,sargeras,330,druid,balance,11,6,5
Yangrou,tichondrius,330,druid,balance,11,5,6
Telvannì,sargeras,330,druid,balance,12,5,7
Brio,kul-tiras,319,druid,balance,5,4,1
Raquelíta,stormrage,319,druid,balance,5,4,1
Tehnklox,malorne,319,druid,balance,5,4,1
Relbedo,sargeras,304,druid,balance,7,4,3
Riddickd,malfurion,288,druid,balance,11,6,5
Nidalie,zuljin,288,druid,balance,6,3,3
Bearys,area-52,288,druid,balance,6,3,3
Jxred,illidan,288,druid,balance,6,3,3
Catsama,area-52,288,druid,balance,6,3,3
Sylvanna,tichondrius,288,druid,balance,6,3,3
Wortsnom,tol-barad,288,druid,balance,6,3,3
Silkyroad,tichondrius,288,druid,balance,6,3,3
Nerfthedruid,blackrock,288,druid,balance,6,3,3
Vykarux,suramar,288,druid,balance,6,3,3
Feathermane,area-52,288,druid,balance,6,3,3
Gúùnchi,tichondrius,288,druid,balance,6,3,3
Hallwanted,area-52,288,druid,balance,6,3,3
Cutely,tichondrius,288,druid,balance,6,3,3
Druidnim,tichondrius,288,druid,balance,6,3,3
Teribad,area-52,288,druid,balance,6,3,3
Iploopedyogf,bleeding-hollow,288,druid,balance,6,3,3
Jpylm,ysera,288,druid,balance,6,3,3
Jadedx,thrall,288,druid,balance,6,3,3
Drure,kelthuzad,288,druid,balance,6,3,3
Ghostboy,zuljin,288,druid,balance,6,3,3
Meatmeester,tichondrius,288,druid,balance,6,3,3
Ÿùp,tichondrius,288,druid,balance,6,3,3
Profesigh,tichondrius,288,druid,balance,6,3,3
Jabawockdeez,area-52,288,druid,balance,6,3,3
Superwrath,khaz-modan,288,druid,balance,6,3,3
Brenden,area-52,288,druid,balance,6,3,3
Mayet,area-52,288,druid,balance,6,3,3
Loren,gorefiend,288,druid,balance,6,3,3
Wravyn,malganis,288,druid,balance,6,3,3
Fauck,illidan,288,druid,balance,6,3,3
Haaha,area-52,288,druid,balance,6,3,3
Treebag,frostmane,288,druid,balance,6,3,3
Firefireyoy,tichondrius,288,druid,balance,6,3,3
Laazz,area-52,288,druid,balance,6,3,3
Bleedum,guldan,288,druid,balance,6,3,3
Cbark,ravencrest,288,druid,balance,6,3,3
Jerm,coilfang,288,druid,balance,6,3,3
Druishcat,dark-iron,288,druid,balance,6,3,3
Bridgerén,tichondrius,288,druid,balance,6,3,3
Tokyotimxoxx,area-52,288,druid,balance,6,3,3
Itchyfurball,sargeras,288,druid,balance,6,3,3
Kavy,tichondrius,288,druid,balance,6,3,3
Kurodash,tichondrius,288,druid,balance,6,3,3
Papacard,stormrage,288,druid,balance,6,3,3
Akiza,sargeras,288,druid,balance,6,3,3
Levelboostx,tichondrius,288,druid,balance,6,3,3
Däll,tichondrius,288,druid,balance,6,3,3
Sylvannlee,stormrage,288,druid,balance,6,3,3
Azoth,hyjal,288,druid,balance,6,3,3
Draügus,azralon,288,druid,balance,6,3,3
Leafthief,whisperwind,288,druid,balance,6,3,3
Shaftomatic,tichondrius,288,druid,balance,6,3,3
Alleae,stormrage,288,druid,balance,6,3,3
Delrin,garona,288,druid,balance,6,3,3
Xiaoguai,tichondrius,288,druid,balance,6,3,3
Jeppcat,tichondrius,288,druid,balance,6,3,3
Beefyhealz,emerald-dream,288,druid,balance,6,3,3
Ménd,thrall,288,druid,balance,6,3,3
Bhíkkhu,stormrage,288,druid,balance,6,3,3
Endingitall,illidan,288,druid,balance,6,3,3
Sypìí,stormrage,288,druid,balance,6,3,3
Woopsie,malfurion,288,druid,balance,6,3,3
Kî,thunderlord,288,druid,balance,6,3,3
Lelantas,stormrage,288,druid,balance,6,3,3
Icastsmells,tichondrius,288,druid,balance,6,3,3
Kaldelar,emerald-dream,288,druid,balance,6,3,3
Noheárt,kelthuzad,288,druid,balance,6,3,3
Taztoc,stormrage,288,druid,balance,6,3,3
Sïgbjörn,ragnaros,288,druid,balance,6,3,3
Jarrebear,boulderfist,288,druid,balance,6,3,3
Senpaisteve,proudmoore,288,druid,balance,6,3,3
Meruemoo,tichondrius,288,druid,balance,6,3,3
Luuxia,tichondrius,288,druid,balance,6,3,3
Wuckfød,tichondrius,288,druid,balance,6,3,3
Sowo,sargeras,288,druid,balance,6,3,3
Teddybëar,illidan,288,druid,balance,6,3,3
Spooser,proudmoore,288,druid,balance,6,3,3
Sodah,tichondrius,288,druid,balance,6,3,3
Psycloned,magtheridon,288,druid,balance,6,3,3
Voodoopipe,tichondrius,288,druid,balance,6,3,3
Pokemint,tichondrius,288,druid,balance,6,3,3
Shalaz,magtheridon,288,druid,balance,6,3,3
Eightozpatty,tichondrius,288,druid,balance,6,3,3
Rammbone,bladefist,288,druid,balance,6,3,3
Dauncy,sargeras,288,druid,balance,6,3,3
Tsochickenn,bleeding-hollow,288,druid,balance,6,3,3
Kalalana,illidan,288,druid,balance,6,3,3
Sáwá,frostmourne,288,druid,balance,6,3,3
Besto,moon-guard,288,druid,balance,6,3,3
Yëeëeëeëehaw,illidan,288,druid,balance,6,3,3
Venturi,blackwater-raiders,288,druid,balance,6,3,3
Phlexii,jubeithos,288,druid,balance,6,3,3
Revitalize,shadowsong,288,druid,balance,6,3,3
Deimos,jubeithos,288,druid,balance,6,3,3
Jammi,skywall,288,druid,balance,6,3,3
Rychicken,frostmourne,288,druid,balance,6,3,3
Çãñçèr,frostmourne,288,druid,balance,6,3,3
Duuj,illidan,288,druid,balance,6,3,3
Ohsnapz,silvermoon,288,druid,balance,6,3,3
Jayroneowo,frostmourne,288,druid,balance,6,3,3
Kardak,frostwolf,288,druid,balance,6,3,3
Dreugh,illidan,288,druid,balance,6,3,3
Rhorr,frostmourne,288,druid,balance,6,3,3
Bresmeato,barthilas,288,druid,balance,6,3,3
Fengfeidruid,illidan,288,druid,balance,6,3,3
Ashclaw,akama,288,druid,balance,6,3,3
Krittykitkat,chogall,288,druid,balance,9,4,5
Padfot,tichondrius,288,druid,balance,9,4,5
Vawdka,proudmoore,288,druid,balance,9,4,5
Bigswaag,malganis,288,druid,balance,7,3,4
Wreckingcrew,emerald-dream,288,druid,balance,8,3,5
Xail,hyjal,288,druid,balance,8,3,5
Retsarehard,illidan,288,druid,balance,8,3,5
Davelombardo,tichondrius,288,druid,balance,12,3,9
Alalletsa,destromath,288,druid,balance,12,3,9
Apple,saurfang,288,druid,balance,12,3,9
Nintrus,nazjatar,288,druid,balance,12,3,9
Tsaß,bleeding-hollow,288,druid,balance,12,3,9
Hottiecake,bronzebeard,288,druid,balance,12,3,9
Moonfirebeam,illidan,288,druid,balance,12,3,9
Livelucky,tichondrius,288,druid,balance,12,3,9
Evarene,vashj,288,druid,balance,12,3,9
Cêania,moon-guard,288,druid,balance,12,3,9
Nightnes,sargeras,288,druid,balance,12,3,9
Boomybum,bleeding-hollow,288,druid,balance,12,3,9
Feyrein,moon-guard,288,druid,balance,12,3,9
Uezzon,tol-barad,288,druid,balance,12,3,9
Machinex,illidan,288,druid,balance,12,3,9
Teyollocuani,sargeras,288,druid,balance,12,3,9
Kittystarz,tichondrius,288,druid,balance,12,3,9
Koan,proudmoore,288,druid,balance,12,3,9
Meowzedon,sargeras,288,druid,balance,12,3,9
Kitsurumi,ragnaros,288,druid,balance,12,3,9
Plye,korgath,288,druid,balance,12,3,9
Xalstarrot,sargeras,288,druid,balance,12,3,9
Scythé,stormrage,288,druid,balance,12,3,9
Drchronic,boulderfist,288,druid,balance,12,3,9
Loathe,korialstrasz,288,druid,balance,12,3,9
Tretzyqt,tichondrius,288,druid,balance,18,3,15
Shiftage,frostmane,288,druid,balance,18,3,15
Johnee,barthilas,287,druid,balance,6,3,3
Wweegyy,tichondrius,287,druid,balance,6,3,3
Dainerysz,proudmoore,286,druid,balance,6,3,3
Clownprince,barthilas,256,druid,balance,10,3,7
Daltius,illidan,256,druid,balance,10,3,7
Vollzar,sargeras,255,druid,balance,11,3,8
Cryptø,azralon,240,druid,balance,7,4,3
Trahfnahrumn,moon-guard,240,druid,balance,9,3,6
Verielda,skullcrusher,239,druid,balance,5,3,2
Bigtoeess,tichondrius,239,druid,balance,5,3,2
Wintrader,zuljin,239,druid,balance,5,3,2
Oddclaw,stormrage,239,druid,balance,5,3,2
Dipdodge,illidan,224,druid,balance,10,3,7
Mkat,illidan,223,druid,balance,8,3,5
Mclarenz,frostmourne,223,druid,balance,8,3,5
Variandruid,kelthuzad,223,druid,balance,8,3,5
Nobodycow,tichondrius,223,druid,balance,9,3,6
Eden,thrall,223,druid,balance,14,3,11
Jazzman,jubeithos,223,druid,balance,14,3,11
Ðaegon,area-52,192,druid,balance,4,3,1
Flummoz,frostmourne,192,druid,balance,4,3,1
Niwßor,azralon,192,druid,balance,10,4,6
Aquaarius,nemesis,192,druid,balance,6,2,4
Zinaar,dalaran,192,druid,balance,6,2,4
Markóla,stormrage,192,druid,balance,6,2,4
Ophiophagus,nemesis,192,druid,balance,6,2,4
Jackdru,illidan,192,druid,balance,6,2,4
Littleowl,nemesis,192,druid,balance,6,2,4
Katherine,moon-guard,192,druid,balance,6,2,4
Maélstrom,goldrinn,192,druid,balance,6,2,4
Bobobear,proudmoore,192,druid,balance,6,2,4
Neytirí,stormrage,192,druid,balance,6,2,4
Alagorn,zangarmarsh,192,druid,balance,6,2,4
Phatê,nerzhul,192,druid,balance,6,2,4
Absentteeth,stormrage,192,druid,balance,6,2,4
Skig,stormreaver,192,druid,balance,6,2,4
Dartius,proudmoore,192,druid,balance,6,2,4
Chèétøhz,moon-guard,192,druid,balance,6,2,4
Hawtzi,stormrage,192,druid,balance,6,2,4
Astroprof,bloodscalp,192,druid,balance,6,2,4
Flaxy,illidan,192,druid,balance,6,2,4
Hasemilë,dalaran,192,druid,balance,6,2,4
Stones,lightbringer,192,druid,balance,6,2,4
Drule,illidan,192,druid,balance,6,2,4
Switchup,gorefiend,192,druid,balance,6,2,4
Hellabanx,tichondrius,192,druid,balance,6,2,4
Octacer,malfurion,192,druid,balance,6,2,4
Crycloné,stormrage,192,druid,balance,6,2,4
Hoptimus,zuljin,192,druid,balance,6,2,4
Wokker,mannoroth,192,druid,balance,6,2,4
Potus,illidan,192,druid,balance,6,2,4
Centauri,shandris,192,druid,balance,6,2,4
Malcavelli,tichondrius,192,druid,balance,6,2,4
Linful,tichondrius,192,druid,balance,6,2,4
Neferpitou,fenris,192,druid,balance,6,2,4
Pepee,tichondrius,192,druid,balance,6,2,4
Tp,dragonblight,192,druid,balance,6,2,4
Milkz,zuljin,192,druid,balance,6,2,4
Norzbek,silvermoon,192,druid,balance,6,2,4
Spicyorange,dalaran,192,druid,balance,6,2,4
Meowed,sargeras,192,druid,balance,6,2,4
Outofreach,tichondrius,192,druid,balance,6,2,4
Fidelo,tichondrius,192,druid,balance,6,2,4
Mythicdruid,ragnaros,192,druid,balance,6,2,4
Arienne,kelthuzad,192,druid,balance,6,2,4
Roodbòy,zuljin,192,druid,balance,6,2,4
Speaks,moon-guard,192,druid,balance,6,2,4
Satyrø,frostmourne,192,druid,balance,6,2,4
Shredstitute,tichondrius,192,druid,balance,6,2,4
Moonhorn,kelthuzad,192,druid,balance,6,2,4
Baankai,frostmourne,192,druid,balance,6,2,4
Mosdu,tichondrius,192,druid,balance,6,2,4
Glynistann,bladefist,192,druid,balance,6,2,4
Guap,bleeding-hollow,192,druid,balance,6,2,4
Sydneey,kelthuzad,192,druid,balance,6,2,4
Pawswap,tichondrius,192,druid,balance,6,2,4
Tansdruid,area-52,192,druid,balance,6,2,4
Zigh,azralon,192,druid,balance,6,2,4
Injeckx,tichondrius,192,druid,balance,6,2,4
Psspsspss,kelthuzad,192,druid,balance,6,2,4
Silvërludê,sargeras,192,druid,balance,6,2,4
Saìyori,area-52,192,druid,balance,6,2,4
Hawgs,bleeding-hollow,192,druid,balance,6,2,4
Laymonath,elune,192,druid,balance,6,2,4
Artaniss,tichondrius,192,druid,balance,6,2,4
Lilherb,azralon,192,druid,balance,6,2,4
Xay,runetotem,192,druid,balance,6,2,4
Pleomorpher,quelthalas,192,druid,balance,6,2,4
Bullwïnkle,uther,192,druid,balance,6,2,4
Berster,area-52,192,druid,balance,6,2,4
Joobastank,arthas,192,druid,balance,6,2,4
Criturpantz,garrosh,192,druid,balance,6,2,4
Lilgushy,area-52,192,druid,balance,6,2,4
Srbestias,quelthalas,192,druid,balance,6,2,4
Mòónwhisper,moon-guard,192,druid,balance,6,2,4
Fishnut,stormscale,192,druid,balance,6,2,4
Linbiba,area-52,192,druid,balance,6,2,4
Loodichriss,area-52,192,druid,balance,6,2,4
Deadpoóll,area-52,192,druid,balance,6,2,4
Malffurryan,draktharon,192,druid,balance,6,2,4
Bosscjp,tichondrius,192,druid,balance,6,2,4
Flarkage,area-52,192,druid,balance,6,2,4
Adonalsium,area-52,192,druid,balance,6,2,4
Hzu,kelthuzad,192,druid,balance,6,2,4
Bubblebraìn,area-52,192,druid,balance,6,2,4
Vosegus,emerald-dream,192,druid,balance,6,2,4
Totorostard,tichondrius,192,druid,balance,6,2,4
Wtfhommie,madoran,192,druid,balance,6,2,4
Hagenws,azralon,192,druid,balance,6,2,4
Empowers,garrosh,192,druid,balance,6,2,4
Slavenhausen,azralon,192,druid,balance,6,2,4
Naturan,drakkari,192,druid,balance,6,2,4
Xeroe,frostmourne,192,druid,balance,6,2,4
Lutêr,malganis,192,druid,balance,6,2,4
Isunami,emerald-dream,192,druid,balance,6,2,4
Patiencé,moon-guard,192,druid,balance,6,2,4
Explicít,sargeras,192,druid,balance,6,2,4
Boomtastik,frostmourne,192,druid,balance,6,2,4
Aprendíz,azralon,192,druid,balance,6,2,4
Enyu,sargeras,192,druid,balance,6,2,4
Treezyn,sargeras,192,druid,balance,6,2,4
Lappz,malganis,192,druid,balance,6,2,4
Feorb,sargeras,192,druid,balance,6,2,4
Sloppysheila,sargeras,192,druid,balance,6,2,4
Jitlit,malganis,192,druid,balance,6,2,4
Glowstixz,tichondrius,192,druid,balance,6,2,4
Mäûled,fizzcrank,192,druid,balance,6,2,4
Blackchina,tichondrius,192,druid,balance,6,2,4
Kångåwålafox,sargeras,192,druid,balance,8,2,6
Panchuwuanky,sargeras,192,druid,balance,8,2,6
Alluminax,sargeras,192,druid,balance,12,2,10
Unhappystill,tichondrius,192,druid,balance,12,2,10
Rakuath,zuljin,192,druid,balance,12,2,10
Sinseir,stormscale,192,druid,balance,12,2,10
Visûcius,moon-guard,192,druid,balance,12,2,10
Thundyrcat,tichondrius,192,druid,balance,12,2,10
Gholdris,moon-guard,192,druid,balance,12,2,10
Skaidi,quelthalas,192,druid,balance,12,2,10
Papaland,tichondrius,192,druid,balance,12,2,10
Papiçhoc,quelthalas,192,druid,balance,12,2,10
Trisinz,perenolde,192,druid,balance,12,2,10
Murrmerly,moon-guard,192,druid,balance,12,2,10
Daydaygo,illidan,192,druid,balance,12,2,10
Pusscat,illidan,192,druid,balance,18,2,16
Stage,garithos,191,druid,balance,6,2,4
Blueboom,area-52,191,druid,balance,6,2,4
Xavieen,frostmourne,191,druid,balance,6,2,4
Thicchicken,emerald-dream,191,druid,balance,12,2,10
Formality,kalecgos,159,druid,balance,5,2,3
Glockenstien,proudmoore,159,druid,balance,5,2,3
Irontree,dunemaul,159,druid,balance,5,2,3
Xylemcow,malganis,159,druid,balance,5,2,3
Mayarí,sargeras,159,druid,balance,16,3,13
Ishalu,tichondrius,138,druid,balance,6,3,3
Meianoitchê,azralon,138,druid,balance,29,7,22
Wiseoldman,jubeithos,136,druid,balance,8,3,5
Nightruffles,moon-guard,128,druid,balance,4,2,2
Drulixs,durotan,128,druid,balance,4,2,2
Wutangclones,tichondrius,128,druid,balance,4,2,2
Highs,sargeras,112,druid,balance,7,2,5
Bethorâ,suramar,112,druid,balance,7,2,5
Stradamus,sargeras,96,druid,balance,3,2,1
Yøpièrre,bleeding-hollow,96,druid,balance,3,2,1
Moosesolini,chogall,96,druid,balance,3,2,1
Boomkint,wyrmrest-accord,96,druid,balance,3,2,1
Capgodz,stormrage,96,druid,balance,6,1,5
Kirrel,frostmourne,96,druid,balance,6,1,5
Øvernight,azralon,96,druid,balance,6,1,5
Travys,sargeras,96,druid,balance,6,1,5
Bpdferal,stormrage,96,druid,balance,6,1,5
Coomer,korgath,96,druid,balance,6,1,5
Chulogringo,tichondrius,96,druid,balance,6,1,5
Bullkkake,tichondrius,96,druid,balance,6,1,5
Sinapticc,proudmoore,96,druid,balance,6,1,5
Thissaene,sargeras,96,druid,balance,6,1,5
Rennan,cenarius,96,druid,balance,6,1,5
Shmooglite,emerald-dream,96,druid,balance,6,1,5
Caponetonejr,steamwheedle-cartel,96,druid,balance,6,1,5
Aldakray,sargeras,96,druid,balance,6,1,5
Watchlady,thunderhorn,96,druid,balance,6,1,5
Anímorph,sargeras,96,druid,balance,6,1,5
Selling,moon-guard,96,druid,balance,6,1,5
Omegabeast,frostmourne,96,druid,balance,6,1,5
Ggumy,tichondrius,96,druid,balance,6,1,5
Invisakitty,demon-soul,96,druid,balance,6,1,5
Hurloon,demon-soul,96,druid,balance,6,1,5
Furryluvr,tichondrius,96,druid,balance,6,1,5
Bearcat,thrall,96,druid,balance,6,1,5
Bigsquirtz,sargeras,96,druid,balance,6,1,5
Jorkalak,zuljin,96,druid,balance,6,1,5
Klint,darkspear,96,druid,balance,6,1,5
Kipsmiffly,darkspear,96,druid,balance,6,1,5
Shind,lightbringer,96,druid,balance,6,1,5
Twentypeice,tichondrius,96,druid,balance,6,1,5
Pepesílvia,area-52,96,druid,balance,6,1,5
Gaìjin,barthilas,96,druid,balance,6,1,5
Bernwolf,moon-guard,96,druid,balance,6,1,5
Aeoc,barthilas,96,druid,balance,6,1,5
Fergsy,frostmourne,96,druid,balance,6,1,5
Lymeena,sargeras,96,druid,balance,6,1,5
Faldrynn,sargeras,96,druid,balance,6,1,5
Feralmain,illidan,96,druid,balance,6,1,5
Stalfrus,area-52,96,druid,balance,6,1,5
Brucey,khadgar,96,druid,balance,6,1,5
Keithmoonkin,area-52,96,druid,balance,6,1,5
Scatpanties,moon-guard,96,druid,balance,6,1,5
Havocblaze,nazjatar,96,druid,balance,6,1,5
Interfury,magtheridon,96,druid,balance,6,1,5
Abellia,moon-guard,96,druid,balance,6,1,5
Yám,tichondrius,96,druid,balance,6,1,5
Spunj,frostmourne,96,druid,balance,6,1,5
Florgsgorgan,sargeras,96,druid,balance,6,1,5
Breedable,elune,96,druid,balance,6,1,5
Notdev,grizzly-hills,96,druid,balance,6,1,5
Ewok,vashj,96,druid,balance,6,1,5
Sneakydikns,tichondrius,96,druid,balance,6,1,5
Elivacheth,zuljin,96,druid,balance,6,1,5
Validruid,area-52,96,druid,balance,6,1,5
Edorant,illidan,96,druid,balance,6,1,5
Fioryxd,bleeding-hollow,96,druid,balance,6,1,5
Drilnos,hyjal,96,druid,balance,6,1,5
Sundae,khazgoroth,96,druid,balance,6,1,5
Treepaw,hyjal,96,druid,balance,6,1,5
Zazinium,illidan,96,druid,balance,6,1,5
Scarn,nathrezim,96,druid,balance,6,1,5
Earthstalker,crushridge,96,druid,balance,6,1,5
Slackoth,dalaran,96,druid,balance,6,1,5
Ultracatx,tichondrius,96,druid,balance,6,1,5
Zippycat,kelthuzad,96,druid,balance,6,1,5
Disobey,wyrmrest-accord,96,druid,balance,6,1,5
Jonculler,korgath,96,druid,balance,6,1,5
Aelena,whisperwind,96,druid,balance,6,1,5
Melez,kelthuzad,96,druid,balance,6,1,5
Oldcktwist,garrosh,96,druid,balance,6,1,5
Innergeex,aegwynn,96,druid,balance,6,1,5
Torpina,malganis,96,druid,balance,6,1,5
Oyweklefga,kelthuzad,96,druid,balance,6,1,5
Zackfromwow,illidan,96,druid,balance,6,1,5
Chalupà,illidan,96,druid,balance,6,1,5
Shifterjr,illidan,96,druid,balance,6,1,5
Youlived,aegwynn,96,druid,balance,6,1,5
Boomhówer,illidan,96,druid,balance,6,1,5
Diezi,smolderthorn,96,druid,balance,6,1,5
Moocka,ragnaros,96,druid,balance,6,1,5
Stinkycrotch,malganis,96,druid,balance,6,1,5
Kirato,ragnaros,96,druid,balance,6,1,5
Sheeftah,illidan,96,druid,balance,6,1,5
Encosan,azralon,96,druid,balance,7,1,6
Puiltraxs,ragnaros,96,druid,balance,9,1,8
Simbaa,blades-edge,96,druid,balance,10,1,9
Kodrän,stormrage,96,druid,balance,12,1,11
Kängawalafox,frostmourne,96,druid,balance,12,1,11
Arcticpine,amanthul,96,druid,balance,12,1,11
Ravendawnn,tichondrius,96,druid,balance,12,1,11
Grimmb,emerald-dream,96,druid,balance,12,1,11
Seremap,frostmourne,96,druid,balance,16,1,15
Ranokaliki,tichondrius,89,druid,balance,10,3,7
Gorfrog,tichondrius,84,druid,balance,13,6,7
Drewcarriesu,arthas,79,druid,balance,5,2,3
Raahmirtah,illidan,79,druid,balance,5,1,4
Manalune,firetree,79,druid,balance,5,1,4
Hydraulick,tichondrius,79,druid,balance,5,1,4
Zephiee,kelthuzad,79,druid,balance,5,1,4
Lutzenberger,nemesis,79,druid,balance,5,1,4
Foggie,spirestone,79,druid,balance,5,1,4
Doingo,destromath,79,druid,balance,11,1,10
Xforcerage,zuljin,64,druid,balance,4,1,3
Morpheûs,bleeding-hollow,64,druid,balance,4,1,3
Hughhefferr,illidan,63,druid,balance,2,2,0
Fyrleaf,lightnings-blade,48,druid,balance,3,1,2
Vleib,ragnaros,31,druid,balance,2,1,1
Ohbawaswoomp,frostmourne,31,druid,balance,2,1,1
Tsubakihara,azralon,16,druid,balance,1,1,0
Garbagevoker,scilla,2242,evoker,preservation,192,99,93
Sleepiiheadx,stormrage,2197,evoker,preservation,174,102,72
Dracob,sargeras,2180,evoker,preservation,252,140,112
Dreamfuego,tichondrius,2142,evoker,preservation,121,62,59
Sleepiihead,stormrage,2130,evoker,preservation,96,50,46
Meraxes,moonrunner,2124,evoker,preservation,131,64,67
Dragocula,tichondrius,2106,evoker,preservation,109,55,54
Sheepstealer,shuhalo,2104,evoker,preservation,133,69,64
Mkabaka,tichondrius,2100,evoker,preservation,225,123,102
Dracobys,area-52,2063,evoker,preservation,76,43,33
Jakedrake,stormrage,2062,evoker,preservation,235,117,118
Advancedonly,tichondrius,2022,evoker,preservation,68,36,32
Versezz,tichondrius,2012,evoker,preservation,78,46,32
Idk,proudmoore,2004,evoker,preservation,66,34,32
Goatkiller,lightbringer,2000,evoker,preservation,72,34,38
Kallie,whisperwind,1994,evoker,preservation,704,354,350
Eskrizzle,thrall,1986,evoker,preservation,102,50,52
Walf,stormrage,1983,evoker,preservation,409,211,198
Jdbthyr,malganis,1974,evoker,preservation,300,145,155
Didy,tichondrius,1973,evoker,preservation,388,195,193
Lucardeht,illidan,1970,evoker,preservation,92,46,46
Drupy,tichondrius,1964,evoker,preservation,90,49,41
Ravebae,frostmourne,1960,evoker,preservation,98,53,45
Draggin,barthilas,1953,evoker,preservation,60,31,29
Ellafortnite,emerald-dream,1942,evoker,preservation,61,33,28
Storeypagoda,tichondrius,1940,evoker,preservation,181,91,90
Echowrath,tichondrius,1931,evoker,preservation,78,37,41
Eyjes,stormrage,1921,evoker,preservation,276,142,134
Fatsu,executus,1919,evoker,preservation,72,33,39
Idrinkurine,tichondrius,1918,evoker,preservation,88,45,43
Philmcracken,proudmoore,1917,evoker,preservation,46,31,15
Dragonkok,stormrage,1917,evoker,preservation,60,32,28
Sloane,dunemaul,1916,evoker,preservation,57,33,24
Zarref,sargeras,1916,evoker,preservation,72,33,39
Dweamfuego,sargeras,1914,evoker,preservation,59,37,22
Healpumper,kelthuzad,1905,evoker,preservation,88,48,40
Furegos,zuljin,1903,evoker,preservation,66,30,36
Kiry,emerald-dream,1902,evoker,preservation,126,59,67
Soô,tichondrius,1900,evoker,preservation,36,20,16
Ojigi,sargeras,1899,evoker,preservation,93,38,55
Dracthyrfang,elune,1895,evoker,preservation,250,122,128
Thnake,zuljin,1889,evoker,preservation,96,53,43
Kycaka,area-52,1874,evoker,preservation,76,33,43
Benym,tichondrius,1873,evoker,preservation,60,32,28
Lieferant,area-52,1867,evoker,preservation,48,25,23
Draconian,frostmourne,1866,evoker,preservation,76,36,40
Bimbus,illidan,1857,evoker,preservation,165,89,76
Dragongunz,illidan,1853,evoker,preservation,48,21,27
Selkisaurus,area-52,1852,evoker,preservation,114,53,61
Cenchii,proudmoore,1851,evoker,preservation,60,30,30
Flybro,malganis,1846,evoker,preservation,36,23,13
Evokethisdik,tichondrius,1844,evoker,preservation,61,32,29
Ancalagðn,quelthalas,1841,evoker,preservation,131,64,67
Patzdormu,area-52,1839,evoker,preservation,109,51,58
Dunkinonem,black-dragonflight,1838,evoker,preservation,1101,554,547
Joc,khazgoroth,1835,evoker,preservation,149,81,68
Ancalagøn,ragnaros,1833,evoker,preservation,70,35,35
Áäøxgød,ravencrest,1830,evoker,preservation,269,132,137
Hlaargh,illidan,1829,evoker,preservation,84,44,40
Iba,tichondrius,1828,evoker,preservation,96,54,42
Dracadukez,illidan,1828,evoker,preservation,150,66,84
Ghîdøråh,moon-guard,1827,evoker,preservation,168,71,97
Usedbandage,sargeras,1824,evoker,preservation,283,151,132
Enderal,stormrage,1820,evoker,preservation,60,27,33
Yoyke,tichondrius,1816,evoker,preservation,108,53,55
Flamedramon,bleeding-hollow,1814,evoker,preservation,497,249,248
Usedaspirin,sargeras,1813,evoker,preservation,42,24,18
Lodedragon,tichondrius,1813,evoker,preservation,179,88,91
Zeldormu,malganis,1813,evoker,preservation,54,26,28
Mikoriivoker,tichondrius,1813,evoker,preservation,60,25,35
Mngxaltx,ragnaros,1810,evoker,preservation,96,42,54
Dragonclause,stormrage,1809,evoker,preservation,72,32,40
Aymadragon,sargeras,1807,evoker,preservation,68,38,30
Mcdonovan,stormrage,1805,evoker,preservation,81,36,45
Neskor,moon-guard,1804,evoker,preservation,119,66,53
Chañïng,frostmourne,1804,evoker,preservation,72,34,38
Hamine,tichondrius,1804,evoker,preservation,141,66,75
Dragboy,stormrage,1802,evoker,preservation,199,112,87
Velstrasza,stormrage,1802,evoker,preservation,54,29,25
Dragonchip,bleeding-hollow,1801,evoker,preservation,101,46,55
Obama,dragonmaw,1801,evoker,preservation,78,33,45
Novustrasza,lightbringer,1800,evoker,preservation,66,43,23
Petezra,ragnaros,1800,evoker,preservation,70,33,37
Allevesh,shadow-council,1798,evoker,preservation,52,28,24
Livesey,thunderhorn,1792,evoker,preservation,102,59,43
Basedfurry,dalaran,1786,evoker,preservation,48,25,23
Drerick,illidan,1772,evoker,preservation,104,53,51
Voíd,sargeras,1771,evoker,preservation,81,44,37
Driceses,area-52,1766,evoker,preservation,101,56,45
Révoked,magtheridon,1765,evoker,preservation,375,206,169
Dragontrees,illidan,1765,evoker,preservation,54,28,26
Skyheal,ragnaros,1752,evoker,preservation,114,61,53
Elimi,tichondrius,1748,evoker,preservation,36,22,14
Mikoribreath,moknathal,1748,evoker,preservation,40,23,17
Berquone,tichondrius,1747,evoker,preservation,72,31,41
Starkiller,stormrage,1745,evoker,preservation,60,37,23
Moralies,area-52,1743,evoker,preservation,72,36,36
Junkstam,malganis,1741,evoker,preservation,157,81,76
Lodekiim,malganis,1741,evoker,preservation,132,59,73
Schmitty,hellscream,1738,evoker,preservation,106,53,53
Phooby,sargeras,1736,evoker,preservation,72,37,35
Venitsu,malganis,1735,evoker,preservation,42,20,22
Rosestrasza,silvermoon,1734,evoker,preservation,138,66,72
Twizzthyr,bleeding-hollow,1732,evoker,preservation,192,98,94
Pootylizard,daggerspine,1731,evoker,preservation,68,28,40
Imugee,sargeras,1730,evoker,preservation,90,53,37
Stønemonkey,sargeras,1730,evoker,preservation,147,73,74
Basherm,moon-guard,1729,evoker,preservation,108,54,54
Thugzillah,tichondrius,1728,evoker,preservation,103,68,35
Miradrake,icecrown,1728,evoker,preservation,42,21,21
Deathdrake,jubeithos,1728,evoker,preservation,251,125,126
Aetherz,illidan,1724,evoker,preservation,48,20,28
Dirtydragon,uther,1724,evoker,preservation,54,22,32
Kainalaz,moon-guard,1715,evoker,preservation,55,28,27
Vulkerr,stormrage,1714,evoker,preservation,270,144,126
Sandragon,ragnaros,1713,evoker,preservation,93,44,49
Yrenlef,laughing-skull,1711,evoker,preservation,78,43,35
Benbm,proudmoore,1703,evoker,preservation,36,18,18
Chronoloop,tichondrius,1699,evoker,preservation,32,21,11
Siire,tichondrius,1697,evoker,preservation,36,19,17
Drepz,dalaran,1696,evoker,preservation,117,79,38
Suffler,warsong,1694,evoker,preservation,333,180,153
Whelp,shadow-council,1689,evoker,preservation,30,18,12
Baldpython,area-52,1687,evoker,preservation,38,23,15
Mirandaxo,tichondrius,1684,evoker,preservation,161,73,88
Ruffee,frostmourne,1680,evoker,preservation,36,23,13
Soukizilla,sargeras,1679,evoker,preservation,58,31,27
Yukiormi,sargeras,1677,evoker,preservation,36,18,18
Halcyonxz,tichondrius,1677,evoker,preservation,48,23,25
Dragisha,gnomeregan,1674,evoker,preservation,222,125,97
Seviant,tichondrius,1671,evoker,preservation,48,20,28
Wimsx,malganis,1670,evoker,preservation,149,75,74
Ugg,stormrage,1664,evoker,preservation,342,154,188
Dupastrasza,illidan,1664,evoker,preservation,60,25,35
Gharkul,frostmourne,1663,evoker,preservation,48,25,23
Got,burning-blade,1660,evoker,preservation,62,33,29
Tallcanman,kelthuzad,1660,evoker,preservation,42,20,22
Stinkler,stormscale,1659,evoker,preservation,126,63,63
Chessyk,ragnaros,1658,evoker,preservation,65,42,23
Cannotjump,tichondrius,1653,evoker,preservation,60,27,33
Snuggleboo,malganis,1651,evoker,preservation,45,33,12
Spyrotime,tichondrius,1651,evoker,preservation,57,23,34
Handeezol,malganis,1649,evoker,preservation,151,89,62
Flyboy,malganis,1649,evoker,preservation,42,23,19
Fxii,tichondrius,1649,evoker,preservation,204,110,94
Neocellx,frostwolf,1648,evoker,preservation,159,78,81
Redseal,tichondrius,1648,evoker,preservation,116,55,61
Vulpyre,ragnaros,1648,evoker,preservation,66,25,41
Domavem,tichondrius,1642,evoker,preservation,66,28,38
Dragonman,twisting-nether,1640,evoker,preservation,71,39,32
Raundur,ragnaros,1638,evoker,preservation,42,23,19
Cycircle,proudmoore,1637,evoker,preservation,41,23,18
Cokobra,haomarush,1636,evoker,preservation,36,21,15
Unclelroh,kelthuzad,1636,evoker,preservation,36,18,18
Modenzu,malganis,1635,evoker,preservation,90,45,45
Sanninv,barthilas,1635,evoker,preservation,75,35,40
Christína,tichondrius,1634,evoker,preservation,93,62,31
Trákanon,mugthol,1634,evoker,preservation,67,37,30
Ðrac,bleeding-hollow,1633,evoker,preservation,53,30,23
Iamthêt,sargeras,1630,evoker,preservation,42,20,22
Dripdrop,stormscale,1629,evoker,preservation,100,52,48
Tinine,frostmourne,1627,evoker,preservation,204,103,101
Zullavoker,bleeding-hollow,1625,evoker,preservation,42,29,13
Wingsoflyfe,frostmourne,1625,evoker,preservation,48,20,28
Yop,proudmoore,1624,evoker,preservation,108,45,63
Briggsybear,malganis,1622,evoker,preservation,82,48,34
Dragondikz,tichondrius,1622,evoker,preservation,48,25,23
Congodragon,frostmourne,1620,evoker,preservation,54,31,23
Dgevoker,tichondrius,1620,evoker,preservation,47,19,28
Buttcrease,emerald-dream,1619,evoker,preservation,69,38,31
Raptormoto,lothar,1619,evoker,preservation,44,19,25
Lucidreamx,tichondrius,1618,evoker,preservation,73,39,34
Jacm,fizzcrank,1616,evoker,preservation,141,73,68
Grunkthyr,moon-guard,1614,evoker,preservation,53,28,25
Leonilxd,tichondrius,1614,evoker,preservation,237,121,116
Trembulos,malganis,1613,evoker,preservation,96,51,45
Egglayer,tichondrius,1611,evoker,preservation,196,91,105
Bigdwagon,stormrage,1608,evoker,preservation,36,17,19
Triarcs,sargeras,1606,evoker,preservation,40,21,19
Yessirs,shadow-council,1604,evoker,preservation,28,19,9
Emperör,quelthalas,1604,evoker,preservation,109,58,51
Nyzara,emerald-dream,1603,evoker,preservation,269,135,134
Deadlybx,bleeding-hollow,1603,evoker,preservation,70,32,38
Redeyesblm,sargeras,1602,evoker,preservation,55,25,30
Fláppÿbírd,bleeding-hollow,1601,evoker,preservation,30,19,11
Layugos,azralon,1601,evoker,preservation,35,20,15
Judra,barthilas,1601,evoker,preservation,128,63,65
Provokker,drakkari,1600,evoker,preservation,30,21,9
Purrlynn,tichondrius,1600,evoker,preservation,72,42,30
Jnitoscaly,tichondrius,1598,evoker,preservation,30,20,10
Daegonz,lightbringer,1597,evoker,preservation,134,63,71
Nakyp,dalaran,1596,evoker,preservation,54,27,27
Kwebab,tichondrius,1595,evoker,preservation,48,19,29
Prettycooll,dathremar,1594,evoker,preservation,42,21,21
Whethersmell,tichondrius,1593,evoker,preservation,242,115,127
Azarke,rivendare,1588,evoker,preservation,60,31,29
Stinkybussy,mannoroth,1587,evoker,preservation,113,64,49
Dwagndeez,tichondrius,1587,evoker,preservation,78,33,45
Adragon,garithos,1585,evoker,preservation,77,30,47
Quickshootin,tichondrius,1584,evoker,preservation,414,206,208
Thinprivlege,area-52,1583,evoker,preservation,60,26,34
Sheepdoll,icecrown,1581,evoker,preservation,49,20,29
Unidragon,malganis,1581,evoker,preservation,54,22,32
Evokesyn,stormrage,1580,evoker,preservation,105,55,50
Xboy,tichondrius,1579,evoker,preservation,90,44,46
Whelpling,cenarion-circle,1577,evoker,preservation,30,23,7
Goldizard,quelthalas,1576,evoker,preservation,48,20,28
Sineexe,illidan,1570,evoker,preservation,104,63,41
Elcigala,ragnaros,1568,evoker,preservation,379,194,185
Alitasbbq,malganis,1565,evoker,preservation,54,22,32
Hotblower,tichondrius,1565,evoker,preservation,61,22,39
Valarakuu,illidan,1564,evoker,preservation,36,20,16
Bynaero,area-52,1563,evoker,preservation,57,25,32
Linkinloatr,tichondrius,1563,evoker,preservation,54,23,31
Kratheu,azralon,1562,evoker,preservation,59,32,27
Møritz,stormrage,1562,evoker,preservation,86,40,46
Dmt,ravencrest,1559,evoker,preservation,30,18,12
Mjlf,sargeras,1557,evoker,preservation,46,21,25
Bigbaojian,tichondrius,1555,evoker,preservation,71,34,37
Vhaegart,area-52,1553,evoker,preservation,147,69,78
Dougreen,azralon,1552,evoker,preservation,44,18,26
Seeyn,tichondrius,1551,evoker,preservation,89,35,54
Dracore,firetree,1549,evoker,preservation,215,112,103
Ralzital,auchindoun,1549,evoker,preservation,80,38,42
Oogiewoogie,doomhammer,1544,evoker,preservation,29,20,9
Asschaps,area-52,1544,evoker,preservation,78,42,36
Djvoker,zuljin,1544,evoker,preservation,78,41,37
Drakjar,nemesis,1541,evoker,preservation,98,46,52
Tonysaur,lethon,1537,evoker,preservation,30,19,11
Unknowndrago,kul-tiras,1537,evoker,preservation,48,27,21
Splendadaddy,kiljaeden,1537,evoker,preservation,54,27,27
Kwitty,illidan,1535,evoker,preservation,48,27,21
Syraxiez,sargeras,1534,evoker,preservation,24,16,8
Corncrake,sargeras,1532,evoker,preservation,56,26,30
Fuzzievoker,tichondrius,1530,evoker,preservation,42,19,23
Jlucks,wyrmrest-accord,1529,evoker,preservation,172,94,78
Arnoeryan,ragnaros,1526,evoker,preservation,60,33,27
Dylôn,tichondrius,1525,evoker,preservation,104,56,48
Velocîraptor,bleeding-hollow,1524,evoker,preservation,92,53,39
Qiblii,moon-guard,1524,evoker,preservation,72,38,34
Dragocser,drakkari,1523,evoker,preservation,54,27,27
Ineptqt,frostmourne,1522,evoker,preservation,48,26,22
Vokr,area-52,1521,evoker,preservation,344,170,174
Nulldd,tichondrius,1521,evoker,preservation,59,21,38
Gobananas,sargeras,1520,evoker,preservation,29,17,12
Enalen,azjolnerub,1519,evoker,preservation,185,99,86
Zenot,malganis,1518,evoker,preservation,82,49,33
Jimmydragon,blackhand,1518,evoker,preservation,108,47,61
Puffdad,kiljaeden,1516,evoker,preservation,34,21,13
Dragonsteppz,aegwynn,1512,evoker,preservation,30,16,14
Hepzibah,kelthuzad,1512,evoker,preservation,101,49,52
Mfka,dalaran,1512,evoker,preservation,83,39,44
Earthshatter,lightbringer,1510,evoker,preservation,166,91,75
Nuubvoker,stormrage,1508,evoker,preservation,50,24,26
Dragdezenutz,bleeding-hollow,1508,evoker,preservation,112,45,67
Sekidrac,ragnaros,1507,evoker,preservation,48,23,25
Veraxsys,wyrmrest-accord,1507,evoker,preservation,73,26,47
Ajiz,mannoroth,1505,evoker,preservation,54,27,27
Hakyou,tichondrius,1504,evoker,preservation,119,54,65
Dröhkar,ragnaros,1504,evoker,preservation,48,20,28
Spyrox,zuluhed,1503,evoker,preservation,60,33,27
Shruikan,lightnings-blade,1503,evoker,preservation,60,25,35
Meepslol,kiljaeden,1502,evoker,preservation,42,18,24
Rõen,tichondrius,1501,evoker,preservation,36,16,20
Binidragon,tichondrius,1499,evoker,preservation,24,16,8
Ffaarrvv,illidan,1498,evoker,preservation,126,70,56
Youngyongdie,tichondrius,1497,evoker,preservation,70,33,37
Stableboy,bleeding-hollow,1496,evoker,preservation,60,32,28
Zakaraki,bloodscalp,1494,evoker,preservation,201,110,91
Slimez,malganis,1494,evoker,preservation,236,111,125
Masondragon,darkspear,1492,evoker,preservation,36,16,20
Transmogplz,tichondrius,1492,evoker,preservation,72,29,43
Thevochr,area-52,1491,evoker,preservation,48,29,19
Kaidagos,tichondrius,1491,evoker,preservation,60,32,28
Fkndragon,proudmoore,1491,evoker,preservation,48,16,32
Weeners,area-52,1490,evoker,preservation,84,46,38
Runawayslave,frostmane,1489,evoker,preservation,239,114,125
Dragoncods,velen,1488,evoker,preservation,48,26,22
Vormontis,azralon,1488,evoker,preservation,170,83,87
Buttfinger,bladefist,1488,evoker,preservation,86,39,47
Virtualcrush,sisters-of-elune,1486,evoker,preservation,94,49,45
Nfts,darkspear,1486,evoker,preservation,40,18,22
Skrimbles,tichondrius,1486,evoker,preservation,54,24,30
Waggon,moon-guard,1484,evoker,preservation,88,45,43
Mako,uther,1483,evoker,preservation,78,47,31
Longaot,tichondrius,1483,evoker,preservation,130,73,57
Necrathma,tichondrius,1483,evoker,preservation,186,94,92
Darchomp,illidan,1478,evoker,preservation,42,17,25
Pauly,suramar,1476,evoker,preservation,118,60,58
Yotus,illidan,1474,evoker,preservation,60,35,25
Vyndormu,moon-guard,1473,evoker,preservation,79,41,38
Ninereeds,malganis,1473,evoker,preservation,185,89,96
Evoskunk,kelthuzad,1472,evoker,preservation,54,28,26
Uzuhl,zuljin,1471,evoker,preservation,113,56,57
Diavai,area-52,1471,evoker,preservation,93,41,52
Bucket,wyrmrest-accord,1469,evoker,preservation,78,34,44
Slizards,area-52,1469,evoker,preservation,130,55,75
Venjolly,wyrmrest-accord,1468,evoker,preservation,90,47,43
Eyolker,kelthuzad,1467,evoker,preservation,94,47,47
Monavoker,bleeding-hollow,1466,evoker,preservation,36,20,16
Ponnukii,tichondrius,1466,evoker,preservation,184,93,91
Madegood,tichondrius,1465,evoker,preservation,72,32,40
Setalet,zuljin,1465,evoker,preservation,47,19,28
Weagle,zuljin,1465,evoker,preservation,45,18,27
Norvoker,area-52,1463,evoker,preservation,93,49,44
Cyndragosa,dalvengyr,1462,evoker,preservation,161,73,88
Macismighty,emerald-dream,1460,evoker,preservation,119,65,54
Slèv,frostmourne,1459,evoker,preservation,48,19,29
Uneedawhip,zuljin,1457,evoker,preservation,36,19,17
Ycnpass,tichondrius,1456,evoker,preservation,158,89,69
Cringilisk,kelthuzad,1454,evoker,preservation,126,82,44
Sía,drakkari,1451,evoker,preservation,97,56,41
Miliolievo,azralon,1449,evoker,preservation,367,187,180
Suedeshoes,bleeding-hollow,1448,evoker,preservation,162,88,74
Nyxtari,ragnaros,1447,evoker,preservation,108,57,51
Annum,moon-guard,1447,evoker,preservation,72,30,42
Squarter,kiljaeden,1445,evoker,preservation,66,37,29
Nazzadormu,tichondrius,1445,evoker,preservation,70,30,40
Voithyr,moon-guard,1443,evoker,preservation,298,140,158
Hageiz,tichondrius,1441,evoker,preservation,60,27,33
Karuikei,proudmoore,1440,evoker,preservation,105,60,45
Laggathaa,emerald-dream,1440,evoker,preservation,68,33,35
Ttvfòxyllamà,tichondrius,1439,evoker,preservation,30,15,15
Datinysmaug,stormrage,1438,evoker,preservation,83,37,46
Gloamdream,cenarius,1437,evoker,preservation,428,225,203
Xaxas,boulderfist,1437,evoker,preservation,36,16,20
Jácorex,proudmoore,1436,evoker,preservation,104,47,57
Darthjarjar,bloodscalp,1435,evoker,preservation,441,223,218
Gannsito,emerald-dream,1434,evoker,preservation,42,24,18
Dragonmyass,tichondrius,1434,evoker,preservation,43,17,26
Flowsmoke,tichondrius,1433,evoker,preservation,107,58,49
Slither,terenas,1432,evoker,preservation,212,111,101
Biggestbroie,frostmourne,1431,evoker,preservation,30,15,15
Dragonkink,sargeras,1429,evoker,preservation,61,32,29
Macdrag,malganis,1428,evoker,preservation,30,17,13
Flappytin,zuljin,1428,evoker,preservation,59,31,28
Kymoxien,sargeras,1427,evoker,preservation,30,16,14
Flyingmooie,frostmourne,1427,evoker,preservation,36,15,21
Beautylily,tichondrius,1426,evoker,preservation,329,178,151
Eldenkingy,sargeras,1426,evoker,preservation,102,46,56
Sovietønion,tichondrius,1425,evoker,preservation,89,41,48
Bryagh,executus,1424,evoker,preservation,77,43,34
Nandrolona,sargeras,1423,evoker,preservation,30,15,15
Spyrodadrago,malganis,1423,evoker,preservation,113,50,63
Nandrolona,malganis,1422,evoker,preservation,30,15,15
Drustkin,illidan,1422,evoker,preservation,83,37,46
Epsilon,laughing-skull,1419,evoker,preservation,24,15,9
Nøzmosis,area-52,1419,evoker,preservation,218,117,101
Fusrodude,shuhalo,1417,evoker,preservation,110,59,51
Evokeo,area-52,1417,evoker,preservation,30,15,15
Nazatra,wyrmrest-accord,1417,evoker,preservation,125,60,65
Zaedor,stormrage,1416,evoker,preservation,40,26,14
Cjin,tichondrius,1415,evoker,preservation,54,28,26
Smurgma,frostmane,1415,evoker,preservation,30,15,15
Lizzardload,stormreaver,1415,evoker,preservation,96,43,53
Chambea,kelthuzad,1414,evoker,preservation,121,64,57
Kcwt,illidan,1411,evoker,preservation,113,55,58
Delivv,hyjal,1410,evoker,preservation,120,61,59
Tørched,icecrown,1409,evoker,preservation,30,17,13
Dractheese,tichondrius,1409,evoker,preservation,60,19,41
Kjerne,stormrage,1408,evoker,preservation,93,48,45
Ultis,tichondrius,1406,evoker,preservation,511,264,247
Kigglypuff,illidan,1406,evoker,preservation,36,15,21
Deshandrov,bleeding-hollow,1404,evoker,preservation,36,23,13
Cyntheticdr,malganis,1404,evoker,preservation,54,30,24
Roogye,illidan,1403,evoker,preservation,96,49,47
Masquemeto,illidan,1402,evoker,preservation,55,28,27
Kozaraler,stormrage,1402,evoker,preservation,114,58,56
Courtvoke,turalyon,1402,evoker,preservation,233,117,116
Kaldobar,stormrage,1401,evoker,preservation,24,15,9
Neffiie,dalaran,1400,evoker,preservation,142,71,71
Whitesnow,korgath,1400,evoker,preservation,36,18,18
Coldspawn,nerzhul,1400,evoker,preservation,30,15,15
Erotheryx,gorgonnash,1399,evoker,preservation,95,51,44
Cynderrellaa,proudmoore,1399,evoker,preservation,182,92,90
Enazen,kiljaeden,1398,evoker,preservation,107,54,53
Agony,emerald-dream,1398,evoker,preservation,375,188,187
Aomend,stormrage,1398,evoker,preservation,42,17,25
Garchamp,area-52,1396,evoker,preservation,54,22,32
Dunkelzahn,gorgonnash,1395,evoker,preservation,60,32,28
Spyro,ravencrest,1395,evoker,preservation,42,22,20
Santokki,tichondrius,1395,evoker,preservation,206,102,104
Linguistic,tichondrius,1394,evoker,preservation,80,35,45
Naykir,khazgoroth,1392,evoker,preservation,72,41,31
Bendover,proudmoore,1389,evoker,preservation,48,24,24
Jmir,tichondrius,1389,evoker,preservation,59,24,35
Cosmodrake,daggerspine,1387,evoker,preservation,84,40,44
Lalargata,azralon,1387,evoker,preservation,89,41,48
Zka,nemesis,1382,evoker,preservation,64,31,33
Vxfire,sargeras,1382,evoker,preservation,36,17,19
Gogmagog,korgath,1381,evoker,preservation,95,43,52
Jamörant,tichondrius,1378,evoker,preservation,24,15,9
Tazarke,dawnbringer,1375,evoker,preservation,60,35,25
Tigthyr,alleria,1375,evoker,preservation,30,15,15
Csodragon,sargeras,1374,evoker,preservation,48,25,23
Giratina,area-52,1374,evoker,preservation,138,64,74
Kalikani,moon-guard,1373,evoker,preservation,123,59,64
Aspects,dreadmaul,1372,evoker,preservation,37,17,20
Dragonpel,azralon,1371,evoker,preservation,124,62,62
Primshin,illidan,1370,evoker,preservation,129,65,64
Greenscales,frostmourne,1370,evoker,preservation,111,47,64
Healmeta,sargeras,1369,evoker,preservation,308,154,154
Apollygos,malganis,1369,evoker,preservation,96,48,48
Vodkasauce,tichondrius,1369,evoker,preservation,30,15,15
Derazar,malganis,1369,evoker,preservation,300,133,167
Drakkar,elune,1367,evoker,preservation,66,20,46
Tzindelor,illidan,1364,evoker,preservation,60,27,33
Growthyy,malganis,1363,evoker,preservation,66,37,29
Glizzurd,proudmoore,1363,evoker,preservation,309,154,155
Caredormu,frostmourne,1363,evoker,preservation,87,39,48
Solong,sargeras,1360,evoker,preservation,79,46,33
Jinuva,tichondrius,1360,evoker,preservation,46,25,21
Otsira,frostmourne,1359,evoker,preservation,60,37,23
Friedwings,wyrmrest-accord,1359,evoker,preservation,27,16,11
Sadeyes,dalaran,1359,evoker,preservation,190,104,86
Velaryonhero,arthas,1358,evoker,preservation,104,56,48
Wtsgoldpst,tichondrius,1357,evoker,preservation,32,18,14
Lilithlittle,daggerspine,1357,evoker,preservation,377,190,187
Kikokosta,tichondrius,1356,evoker,preservation,311,156,155
Matchamjölk,tichondrius,1356,evoker,preservation,59,28,31
Misico,illidan,1355,evoker,preservation,78,46,32
Thepplschamp,bloodhoof,1354,evoker,preservation,48,23,25
Kannakamui,malganis,1354,evoker,preservation,54,25,29
Bomber,frostwolf,1351,evoker,preservation,34,16,18
Quesodillas,stormreaver,1349,evoker,preservation,84,36,48
Mittnz,arthas,1348,evoker,preservation,36,20,16
Tigdragon,proudmoore,1348,evoker,preservation,36,16,20
Velzelya,zuljin,1348,evoker,preservation,82,36,46
Biagi,proudmoore,1347,evoker,preservation,28,17,11
Garboker,area-52,1346,evoker,preservation,158,75,83
Salusx,proudmoore,1345,evoker,preservation,42,18,24
Sabledraco,stormrage,1344,evoker,preservation,18,14,4
Caphe,nerzhul,1344,evoker,preservation,84,39,45
Kîñggïgàçhäð,stormrage,1343,evoker,preservation,24,14,10
Feijiwang,aegwynn,1342,evoker,preservation,69,41,28
Mordrakhuul,chogall,1342,evoker,preservation,84,35,49
Grousegamer,barthilas,1342,evoker,preservation,101,41,60
Kalsit,emerald-dream,1341,evoker,preservation,64,30,34
Originull,tichondrius,1340,evoker,preservation,24,14,10
Dracniel,illidan,1340,evoker,preservation,81,45,36
Kei,frostmourne,1339,evoker,preservation,24,15,9
Frëëbîë,area-52,1339,evoker,preservation,93,48,45
Zmaj,jubeithos,1338,evoker,preservation,105,60,45
Actïoncat,emerald-dream,1338,evoker,preservation,69,26,43
Whirlydirly,malganis,1337,evoker,preservation,24,14,10
Fionyan,proudmoore,1337,evoker,preservation,36,14,22
Gumbåll,bleeding-hollow,1335,evoker,preservation,192,93,99
Forsakentime,sargeras,1333,evoker,preservation,60,32,28
Hotdawgin,korgath,1333,evoker,preservation,178,85,93
Draghyon,tichondrius,1333,evoker,preservation,79,29,50
Chunkè,moon-guard,1332,evoker,preservation,69,29,40
Panicnodisco,zuljin,1331,evoker,preservation,24,14,10
Sylf,kiljaeden,1331,evoker,preservation,225,121,104
Nitalzith,area-52,1331,evoker,preservation,54,27,27
Léthée,zuljin,1331,evoker,preservation,30,14,16
Kephii,eonar,1330,evoker,preservation,75,35,40
Paladinex,tichondrius,1329,evoker,preservation,53,32,21
Mäverick,kelthuzad,1327,evoker,preservation,35,23,12
Faffytwo,illidan,1327,evoker,preservation,30,14,16
Radragão,azralon,1326,evoker,preservation,48,28,20
Sighevoker,thrall,1325,evoker,preservation,30,14,16
Lifewing,bleeding-hollow,1324,evoker,preservation,73,27,46
Eraticevo,illidan,1323,evoker,preservation,30,15,15
Gavstarz,frostmourne,1322,evoker,preservation,90,40,50
Chinadragon,balnazzar,1321,evoker,preservation,24,14,10
Dendywings,zuljin,1321,evoker,preservation,30,14,16
Ráigon,ragnaros,1321,evoker,preservation,151,66,85
Elurb,illidan,1320,evoker,preservation,84,39,45
Nuunos,tichondrius,1319,evoker,preservation,59,26,33
Cadwaladr,frostmourne,1317,evoker,preservation,24,14,10
Dawitchvoker,illidan,1317,evoker,preservation,615,310,305
Kakanjutan,azralon,1314,evoker,preservation,28,16,12
Deepbreather,sargeras,1313,evoker,preservation,70,37,33
Errier,tichondrius,1311,evoker,preservation,63,29,34
Mikorivoker,illidan,1310,evoker,preservation,23,14,9
Inkdsy,detheroc,1310,evoker,preservation,30,16,14
Jazzdragon,tichondrius,1310,evoker,preservation,51,24,27
Verk,deathwing,1308,evoker,preservation,168,89,79
Benjaminamin,stormrage,1307,evoker,preservation,36,23,13
Whinks,zangarmarsh,1307,evoker,preservation,35,18,17
Saviorkai,barthilas,1306,evoker,preservation,22,15,7
Charbothyr,gorgonnash,1304,evoker,preservation,73,35,38
Aeonwish,stormrage,1303,evoker,preservation,30,14,16
Wangasaur,emerald-dream,1302,evoker,preservation,55,26,29
Fuoco,kiljaeden,1299,evoker,preservation,62,31,31
Hamanv,tichondrius,1299,evoker,preservation,60,29,31
Vgt,nemesis,1299,evoker,preservation,207,99,108
Icthelestron,black-dragonflight,1297,evoker,preservation,44,30,14
Galakraas,proudmoore,1296,evoker,preservation,48,29,19
Thereptile,frostmourne,1295,evoker,preservation,96,44,52
Cronós,tichondrius,1295,evoker,preservation,102,45,57
Kraiz,frostmourne,1295,evoker,preservation,60,26,34
Thicscales,tichondrius,1295,evoker,preservation,87,37,50
Dracndanuts,draenor,1294,evoker,preservation,123,53,70
Straxolotl,frostmourne,1293,evoker,preservation,81,33,48
Crayonshinch,tichondrius,1291,evoker,preservation,30,15,15
Boseijwho,emerald-dream,1289,evoker,preservation,78,40,38
Hydrrax,dalaran,1288,evoker,preservation,255,126,129
Moiraine,frostwolf,1288,evoker,preservation,48,17,31
Gotbreath,dalaran,1287,evoker,preservation,90,46,44
Firebreather,quelthalas,1286,evoker,preservation,42,22,20
Rynntynn,blood-furnace,1286,evoker,preservation,30,15,15
Nitalash,moon-guard,1286,evoker,preservation,29,14,15
Darkscalyboi,dalaran,1280,evoker,preservation,82,41,41
Sensandors,tichondrius,1280,evoker,preservation,68,27,41
Dragûn,stormrage,1279,evoker,preservation,30,16,14
Shellessturt,kelthuzad,1278,evoker,preservation,27,14,13
Tagritash,kelthuzad,1278,evoker,preservation,36,18,18
Nutsdragon,tichondrius,1277,evoker,preservation,24,14,10
Rayquazä,kelthuzad,1277,evoker,preservation,26,14,12
Allaston,tichondrius,1276,evoker,preservation,69,41,28
Scalethorne,illidan,1274,evoker,preservation,42,19,23
Drgndeeznüts,tichondrius,1272,evoker,preservation,64,30,34
Kuratz,barthilas,1271,evoker,preservation,74,24,50
Shinryuu,warsong,1270,evoker,preservation,42,23,19
Dragonfruits,lightbringer,1268,evoker,preservation,90,46,44
Selfhealzer,korgath,1268,evoker,preservation,92,43,49
Akavoker,sargeras,1267,evoker,preservation,62,21,41
Bassblasterr,dalaran,1265,evoker,preservation,24,14,10
Lickndragons,sargeras,1265,evoker,preservation,36,14,22
Raykwaza,tichondrius,1261,evoker,preservation,54,27,27
Shudo,moon-guard,1257,evoker,preservation,143,72,71
Mmrglmrglmr,stormrage,1256,evoker,preservation,23,16,7
Ayavi,illidan,1255,evoker,preservation,40,23,17
Skailyx,zuljin,1254,evoker,preservation,30,14,16
Brantley,stormscale,1253,evoker,preservation,92,44,48
Zendrov,skywall,1253,evoker,preservation,96,45,51
Xhamon,quelthalas,1251,evoker,preservation,98,49,49
Nicegirl,stormrage,1251,evoker,preservation,42,21,21
Anthyrsia,zuljin,1251,evoker,preservation,64,26,38
Terpsy,area-52,1250,evoker,preservation,23,16,7
Xazxander,tichondrius,1249,evoker,preservation,78,37,41
Stadman,illidan,1248,evoker,preservation,24,13,11
Shook,baelgun,1248,evoker,preservation,214,110,104
Lilacstrasza,moon-guard,1248,evoker,preservation,164,78,86
Aoibae,frostmourne,1248,evoker,preservation,126,57,69
Altevoker,frostmourne,1247,evoker,preservation,107,57,50
Dreamvisage,silvermoon,1247,evoker,preservation,44,20,24
Wyldefire,senjin,1246,evoker,preservation,100,50,50
Wethotgarbee,tichondrius,1245,evoker,preservation,44,23,21
Justbreathez,tichondrius,1245,evoker,preservation,35,13,22
Xerroh,area-52,1243,evoker,preservation,149,78,71
Rustty,bleeding-hollow,1242,evoker,preservation,89,37,52
Dansauce,sargeras,1241,evoker,preservation,56,30,26
Mãttyy,malganis,1241,evoker,preservation,48,25,23
Goonwing,frostmourne,1241,evoker,preservation,30,15,15
Wildcard,shattered-hand,1241,evoker,preservation,35,16,19
Zandragosa,dalaran,1240,evoker,preservation,24,13,11
Endroz,tichondrius,1240,evoker,preservation,48,24,24
Smaaugg,area-52,1239,evoker,preservation,30,19,11
Riz,blackhand,1239,evoker,preservation,114,56,58
Tailup,sargeras,1237,evoker,preservation,48,15,33
Nerfmeplsaoa,area-52,1236,evoker,preservation,24,13,11
Zerath,frostmane,1236,evoker,preservation,30,13,17
Lavagurl,stormscale,1235,evoker,preservation,30,13,17
Hlf,tichondrius,1233,evoker,preservation,54,32,22
Tinyvoker,area-52,1232,evoker,preservation,72,26,46
Irezfortips,tichondrius,1231,evoker,preservation,18,13,5
Astoragosa,moon-guard,1231,evoker,preservation,61,38,23
Verosria,area-52,1230,evoker,preservation,24,13,11
Mythsvoker,barthilas,1229,evoker,preservation,61,33,28
Zippityzoom,barthilas,1229,evoker,preservation,59,30,29
Onornun,magtheridon,1229,evoker,preservation,66,32,34
Brovoker,darkspear,1229,evoker,preservation,42,17,25
Feelzz,illidan,1228,evoker,preservation,55,26,29
Mastadragndz,illidan,1228,evoker,preservation,42,13,29
Distortion,drakthul,1226,evoker,preservation,141,77,64
Lévocatrice,hakkar,1225,evoker,preservation,64,31,33
Abelldragon,tichondrius,1224,evoker,preservation,34,17,17
Lebronjmz,kiljaeden,1224,evoker,preservation,127,58,69
Mëleys,ragnaros,1224,evoker,preservation,53,24,29
Bigdrag,blackhand,1223,evoker,preservation,112,61,51
Rá,drenden,1223,evoker,preservation,30,15,15
Scalesona,black-dragonflight,1222,evoker,preservation,31,14,17
Barneydragon,stormrage,1220,evoker,preservation,24,14,10
Ghidorah,sentinels,1220,evoker,preservation,89,48,41
Everglow,the-forgotten-coast,1220,evoker,preservation,102,52,50
Milfwizard,tichondrius,1219,evoker,preservation,24,13,11
Hvybreething,stormrage,1219,evoker,preservation,46,17,29
Kaidough,tichondrius,1217,evoker,preservation,24,13,11
Lamentation,area-52,1217,evoker,preservation,152,78,74
Prøøf,kelthuzad,1217,evoker,preservation,61,27,34
Dkvastate,tichondrius,1216,evoker,preservation,118,58,60
Meiron,azralon,1214,evoker,preservation,122,53,69
Amniotic,hyjal,1212,evoker,preservation,54,31,23
Naszeebo,frostmourne,1212,evoker,preservation,54,24,30
Istaybrutal,malganis,1210,evoker,preservation,24,13,11
Zindrozarath,area-52,1210,evoker,preservation,161,81,80
Deezdragon,stormrage,1209,evoker,preservation,47,24,23
Sanaz,stormreaver,1208,evoker,preservation,54,28,26
Lunelumi,sargeras,1208,evoker,preservation,30,15,15
Balèrion,illidan,1207,evoker,preservation,60,33,27
Gdragons,tichondrius,1207,evoker,preservation,31,17,14
Gadiel,draka,1207,evoker,preservation,50,25,25
Weirdclassx,tichondrius,1207,evoker,preservation,47,23,24
Buttstough,aerie-peak,1206,evoker,preservation,47,23,24
Frozanat,kelthuzad,1205,evoker,preservation,75,34,41
Döublepenn,tichondrius,1204,evoker,preservation,90,46,44
Thendroz,aerie-peak,1201,evoker,preservation,101,55,46
Dmuzh,drakkari,1201,evoker,preservation,577,307,270
Dìnosaur,illidan,1201,evoker,preservation,42,21,21
Nêwt,darkspear,1201,evoker,preservation,238,115,123
Assassasin,bonechewer,1200,evoker,preservation,60,27,33
Partysnaxx,thrall,1199,evoker,preservation,72,35,37
Justbreathe,sargeras,1198,evoker,preservation,23,13,10
Çhara,illidan,1198,evoker,preservation,126,65,61
Rayvoker,elune,1198,evoker,preservation,54,27,27
Lazioo,frostmourne,1196,evoker,preservation,22,14,8
Draxyrawr,area-52,1196,evoker,preservation,47,26,21
Glamorousbra,tichondrius,1196,evoker,preservation,38,19,19
Maldormu,stormrage,1196,evoker,preservation,37,16,21
Xenomo,akama,1195,evoker,preservation,49,28,21
Karganos,darkspear,1195,evoker,preservation,48,27,21
Trrxx,tichondrius,1193,evoker,preservation,30,14,16
Shênlong,sargeras,1193,evoker,preservation,54,22,32
Crowqt,frostmourne,1190,evoker,preservation,95,34,61
Daikis,proudmoore,1188,evoker,preservation,54,30,24
Kyrusic,tichondrius,1188,evoker,preservation,39,18,21
Brôcôlînî,zuljin,1187,evoker,preservation,43,29,14
Deathgos,stormscale,1187,evoker,preservation,53,26,27
Zackxo,moon-guard,1185,evoker,preservation,52,32,20
Shandormu,kaelthas,1185,evoker,preservation,30,15,15
Shockragosa,chogall,1184,evoker,preservation,42,13,29
Zerev,moon-guard,1180,evoker,preservation,62,23,39
Hakuroyime,ragnaros,1179,evoker,preservation,36,21,15
Puffthemagic,lightnings-blade,1179,evoker,preservation,33,14,19
Deralan,khaz-modan,1179,evoker,preservation,108,40,68
Jambiisauce,fenris,1178,evoker,preservation,74,27,47
Nogard,dalaran,1177,evoker,preservation,24,14,10
Yozhz,ragnaros,1177,evoker,preservation,53,25,28
Dragonsama,area-52,1177,evoker,preservation,52,20,32
Antirrhinum,zuljin,1176,evoker,preservation,120,64,56
Zinderal,thunderlord,1174,evoker,preservation,66,32,34
Mungwings,area-52,1172,evoker,preservation,55,26,29
Drokula,darkspear,1171,evoker,preservation,36,16,20
Scalyhoe,alterac-mountains,1171,evoker,preservation,36,13,23
Djdavi,azralon,1170,evoker,preservation,138,80,58
Bootymágic,tichondrius,1170,evoker,preservation,59,31,28
Chue,quelthalas,1170,evoker,preservation,29,13,16
Proevoker,illidan,1170,evoker,preservation,51,22,29
Razerazenoth,tichondrius,1169,evoker,preservation,36,19,17
Qiuhan,tichondrius,1168,evoker,preservation,92,48,44
Hollowscale,emerald-dream,1168,evoker,preservation,177,87,90
Enzi,vashj,1167,evoker,preservation,47,21,26
Treadcinder,tichondrius,1167,evoker,preservation,42,18,24
Kaguax,tichondrius,1167,evoker,preservation,84,32,52
Worldx,illidan,1166,evoker,preservation,24,13,11
Evokas,tichondrius,1166,evoker,preservation,270,134,136
Ilithiphobia,ghostlands,1166,evoker,preservation,44,19,25
Mazalagon,trollbane,1165,evoker,preservation,29,15,14
Zascar,stormrage,1164,evoker,preservation,42,23,19
Tmpbibby,tichondrius,1162,evoker,preservation,30,16,14
Draginnuts,illidan,1162,evoker,preservation,53,25,28
Fibonac,frostmourne,1159,evoker,preservation,90,50,40
Dandera,stormrage,1159,evoker,preservation,136,64,72
Repairraptor,area-52,1159,evoker,preservation,81,37,44
Lyingdragon,tichondrius,1157,evoker,preservation,107,49,58
Vermitor,sargeras,1155,evoker,preservation,24,13,11
Cantbanmebb,mannoroth,1154,evoker,preservation,37,21,16
Skithyrix,bleeding-hollow,1153,evoker,preservation,68,32,36
Dzdv,stormrage,1151,evoker,preservation,18,12,6
Doogiehowser,azshara,1151,evoker,preservation,210,97,113
Cruv,boulderfist,1151,evoker,preservation,30,12,18
Crsevencr,tichondrius,1150,evoker,preservation,18,12,6
Kaddyragon,mannoroth,1150,evoker,preservation,18,12,6
Ahuramazdra,stormrage,1150,evoker,preservation,18,12,6
Kilawatt,barthilas,1150,evoker,preservation,23,15,8
Mysticenergy,tichondrius,1150,evoker,preservation,60,28,32
Yaaty,tichondrius,1150,evoker,preservation,30,12,18
Riizo,malganis,1149,evoker,preservation,98,57,41
Smokeflare,frostmane,1149,evoker,preservation,24,12,12
Cycircle,tichondrius,1149,evoker,preservation,24,12,12
Drakepaul,bleeding-hollow,1148,evoker,preservation,28,13,15
Emozoomer,malganis,1148,evoker,preservation,66,25,41
Héllfire,ghostlands,1147,evoker,preservation,54,25,29
Derkscale,stormrage,1146,evoker,preservation,36,17,19
Smnsevoker,emerald-dream,1145,evoker,preservation,24,12,12
Sandrozeria,wyrmrest-accord,1143,evoker,preservation,36,20,16
Readwise,tichondrius,1143,evoker,preservation,26,12,14
Xmystique,area-52,1143,evoker,preservation,44,19,25
Badbill,moon-guard,1142,evoker,preservation,18,12,6
Satratren,moon-guard,1142,evoker,preservation,30,12,18
Ashandshadow,area-52,1141,evoker,preservation,80,37,43
Dragonspire,burning-legion,1141,evoker,preservation,60,24,36
Careflight,barthilas,1140,evoker,preservation,72,40,32
Detreshan,stormreaver,1138,evoker,preservation,224,117,107
Salamandra,malganis,1138,evoker,preservation,55,27,28
Drozul,stormrage,1138,evoker,preservation,72,30,42
Allaker,kargath,1138,evoker,preservation,46,19,27
Arcanasz,thrall,1137,evoker,preservation,24,12,12
Drektar,the-scryers,1136,evoker,preservation,42,18,24
Lahfly,tichondrius,1135,evoker,preservation,60,38,22
Undeniable,zuljin,1135,evoker,preservation,78,30,48
Tryhard,wyrmrest-accord,1134,evoker,preservation,96,43,53
Draczod,proudmoore,1134,evoker,preservation,71,29,42
Waveydavey,illidan,1133,evoker,preservation,30,13,17
Vermax,akama,1133,evoker,preservation,45,17,28
Dirtydraco,nerzhul,1132,evoker,preservation,24,12,12
Rorie,farstriders,1131,evoker,preservation,30,14,16
Blay,elune,1130,evoker,preservation,42,18,24
Shenlong,malganis,1128,evoker,preservation,189,92,97
Mesamune,bonechewer,1126,evoker,preservation,175,86,89
Takasaki,dalaran,1126,evoker,preservation,36,13,23
Visserion,sargeras,1124,evoker,preservation,37,16,21
Aspecto,area-52,1124,evoker,preservation,123,53,70
Eiselhuus,moon-guard,1123,evoker,preservation,71,32,39
Pramhedax,tichondrius,1123,evoker,preservation,30,12,18
Saphfire,burning-legion,1122,evoker,preservation,24,16,8
Bahamut,magtheridon,1122,evoker,preservation,95,41,54
Dzracona,gorefiend,1120,evoker,preservation,26,13,13
Cootietooter,icecrown,1120,evoker,preservation,36,16,20
Drathron,tichondrius,1118,evoker,preservation,28,13,15
Amnemís,tichondrius,1116,evoker,preservation,51,27,24
Kersava,frostmourne,1115,evoker,preservation,53,27,26
Xiwinnie,illidan,1114,evoker,preservation,48,18,30
Lervish,durotan,1112,evoker,preservation,27,20,7
Darksmoke,spirestone,1112,evoker,preservation,24,12,12
Atpsuspect,nerzhul,1112,evoker,preservation,24,12,12
Zindrozath,thrall,1112,evoker,preservation,24,12,12
Spitdafire,tichondrius,1112,evoker,preservation,67,28,39
Selden,boulderfist,1112,evoker,preservation,40,16,24
Tëssarion,quelthalas,1110,evoker,preservation,38,16,22
Idingosa,moon-guard,1109,evoker,preservation,28,12,16
Orïon,azralon,1108,evoker,preservation,68,31,37
Thegrinchh,malganis,1107,evoker,preservation,99,48,51
Lhz,frostmourne,1107,evoker,preservation,36,14,22
Potfase,tichondrius,1106,evoker,preservation,66,28,38
Unscaleable,illidan,1105,evoker,preservation,111,60,51
Shworm,bleeding-hollow,1104,evoker,preservation,36,19,17
Evohrker,area-52,1103,evoker,preservation,60,30,30
Dragonwench,sargeras,1101,evoker,preservation,22,13,9
Dragndeez,garrosh,1101,evoker,preservation,55,15,40
Geico,spinebreaker,1100,evoker,preservation,15,13,2
Ysondrius,durotan,1100,evoker,preservation,106,50,56
Lendren,sargeras,1100,evoker,preservation,45,13,32
Garrgle,sargeras,1099,evoker,preservation,30,14,16
Saintpablox,illidan,1097,evoker,preservation,40,13,27
Krossbones,cenarion-circle,1096,evoker,preservation,80,47,33
Sorcerous,arthas,1096,evoker,preservation,54,22,32
Linabeauty,ragnaros,1094,evoker,preservation,30,12,18
Djornmustman,sargeras,1094,evoker,preservation,42,12,30
Vyraethel,wyrmrest-accord,1093,evoker,preservation,51,27,24
Bayvoker,area-52,1093,evoker,preservation,56,29,27
Helixor,anvilmar,1091,evoker,preservation,90,44,46
Abigaile,illidan,1088,evoker,preservation,24,17,7
Droggerdrago,stormreaver,1088,evoker,preservation,58,31,27
Seiros,garrosh,1088,evoker,preservation,50,21,29
Lickyertits,tichondrius,1088,evoker,preservation,40,16,24
Niraz,dalaran,1085,evoker,preservation,24,12,12
Aceu,bloodhoof,1084,evoker,preservation,30,17,13
Emyhr,sargeras,1084,evoker,preservation,24,13,11
Zitasanazen,tichondrius,1083,evoker,preservation,428,215,213
Setash,hyjal,1081,evoker,preservation,24,12,12
Clubmetro,boulderfist,1081,evoker,preservation,39,18,21
Curamil,azralon,1081,evoker,preservation,64,24,40
Dragoreo,illidan,1078,evoker,preservation,47,20,27
Cindermint,mugthol,1078,evoker,preservation,55,23,32
Rah,gurubashi,1076,evoker,preservation,53,30,23
Bronzus,ragnaros,1076,evoker,preservation,73,29,44
Lilithà,kelthuzad,1075,evoker,preservation,30,20,10
Toothless,garithos,1075,evoker,preservation,78,43,35
Stankywing,thrall,1075,evoker,preservation,34,17,17
Karrykx,tichondrius,1074,evoker,preservation,36,12,24
Deàthwing,proudmoore,1074,evoker,preservation,53,16,37
Bobstrasz,tichondrius,1073,evoker,preservation,36,12,24
Rubellite,azralon,1072,evoker,preservation,75,37,38
Bumbledragn,moon-guard,1071,evoker,preservation,37,23,14
Dragown,sargeras,1071,evoker,preservation,46,22,24
Maxyz,khadgar,1071,evoker,preservation,42,13,29
Lunearia,stormrage,1067,evoker,preservation,24,12,12
Draganoche,zuljin,1066,evoker,preservation,30,14,16
Kharizard,moon-guard,1065,evoker,preservation,33,12,21
Worldsdragon,area-52,1064,evoker,preservation,24,16,8
Acidbreath,tichondrius,1064,evoker,preservation,30,15,15
Shyyvana,malganis,1062,evoker,preservation,18,12,6
Drizzydrag,jubeithos,1062,evoker,preservation,42,16,26
Sacrementus,tichondrius,1062,evoker,preservation,66,24,42
Echoker,destromath,1061,evoker,preservation,81,43,38
Lightbeing,nazjatar,1060,evoker,preservation,54,35,19
Fenalysten,cenarius,1060,evoker,preservation,113,49,64
Wtfhappen,tichondrius,1055,evoker,preservation,24,11,13
Messyvok,illidan,1055,evoker,preservation,26,11,15
Blockaayy,kiljaeden,1054,evoker,preservation,41,18,23
Pnse,perenolde,1054,evoker,preservation,30,11,19
Dragonfroot,darkspear,1052,evoker,preservation,24,11,13
Fenroth,kelthuzad,1052,evoker,preservation,24,11,13
Bookwyrm,khadgar,1052,evoker,preservation,24,11,13
Slippee,mugthol,1051,evoker,preservation,12,11,1
Alzuresh,illidan,1051,evoker,preservation,30,11,19
Razzell,barthilas,1050,evoker,preservation,24,13,11
Simmnyxia,area-52,1050,evoker,preservation,24,11,13
Swanzea,sargeras,1049,evoker,preservation,18,11,7
Puraimaru,sargeras,1049,evoker,preservation,30,11,19
Mikkaelin,ragnaros,1047,evoker,preservation,91,42,49
Chewykek,area-52,1047,evoker,preservation,24,11,13
Sodtaoe,ursin,1047,evoker,preservation,35,11,24
Gemish,lethon,1046,evoker,preservation,50,21,29
Dràgo,emerald-dream,1045,evoker,preservation,42,23,19
Sheshumaru,ragnaros,1045,evoker,preservation,52,21,31
Psykx,frostmourne,1044,evoker,preservation,30,11,19
Drittles,illidan,1043,evoker,preservation,62,28,34
Azhdaha,kelthuzad,1043,evoker,preservation,36,11,25
Prevoker,kirin-tor,1042,evoker,preservation,54,28,26
Bizzstrasza,shadowsong,1042,evoker,preservation,112,54,58
Drimare,quelthalas,1042,evoker,preservation,54,18,36
Woozul,malganis,1042,evoker,preservation,36,11,25
Uniqqe,tichondrius,1041,evoker,preservation,18,11,7
Bobbydracthy,illidan,1041,evoker,preservation,24,11,13
Jorlozthyr,ragnaros,1039,evoker,preservation,36,12,24
Charadrius,zuljin,1038,evoker,preservation,41,23,18
Strawdormu,ragnaros,1037,evoker,preservation,18,11,7
Beerdragon,ragnaros,1036,evoker,preservation,69,39,30
Myxter,tichondrius,1035,evoker,preservation,49,25,24
Cripcuhz,tichondrius,1035,evoker,preservation,72,36,36
Namor,ragnaros,1035,evoker,preservation,58,28,30
Carloxd,tichondrius,1035,evoker,preservation,34,12,22
Boomlvx,frostmourne,1034,evoker,preservation,24,11,13
Blankebr,gallywix,1032,evoker,preservation,36,24,12
Shenrøn,altar-of-storms,1030,evoker,preservation,56,29,27
Skkuld,stormrage,1029,evoker,preservation,30,11,19
Cinderoz,moon-guard,1026,evoker,preservation,19,13,6
Degghurtni,area-52,1026,evoker,preservation,18,11,7
Mokkdala,blackrock,1026,evoker,preservation,40,12,28
Solryp,terokkar,1025,evoker,preservation,245,120,125
Draisin,zuljin,1025,evoker,preservation,30,14,16
Evoke,boulderfist,1025,evoker,preservation,28,12,16
Sophdrac,illidan,1024,evoker,preservation,43,25,18
Gidury,tichondrius,1024,evoker,preservation,138,73,65
Karmakulax,wildhammer,1024,evoker,preservation,31,12,19
Trillis,eldrethalas,1023,evoker,preservation,36,23,13
Draconys,shattered-hand,1020,evoker,preservation,42,23,19
Ownlyfans,silvermoon,1018,evoker,preservation,24,12,12
Cunk,illidan,1018,evoker,preservation,24,11,13
Prahvlord,shuhalo,1018,evoker,preservation,60,26,34
Dhrathir,moon-guard,1017,evoker,preservation,30,19,11
Turukmakto,illidan,1017,evoker,preservation,29,14,15
Tarnuss,skullcrusher,1017,evoker,preservation,42,14,28
Bitkoinz,tichondrius,1016,evoker,preservation,30,11,19
Lechonlechon,tichondrius,1015,evoker,preservation,24,13,11
Mightywings,skywall,1011,evoker,preservation,138,70,68
Ohffs,malganis,1011,evoker,preservation,30,14,16
Richviewrd,illidan,1010,evoker,preservation,42,22,20
Kivoke,proudmoore,1010,evoker,preservation,48,22,26
Mustafa,ragnaros,1010,evoker,preservation,30,12,18
Kaikisen,malganis,1009,evoker,preservation,61,21,40
Esq,sargeras,1007,evoker,preservation,17,11,6
Kathendrov,sargeras,1006,evoker,preservation,237,112,125
Crumbflaps,kelthuzad,1006,evoker,preservation,54,22,32
Dragonarchy,draenor,1003,evoker,preservation,78,37,41
Lawroadt,tichondrius,1001,evoker,preservation,103,53,50
Straightman,stormrage,1001,evoker,preservation,80,40,40
Feevie,stormrage,1000,evoker,preservation,26,13,13
Rainwalkers,illidan,1000,evoker,preservation,30,14,16
Cambodian,whisperwind,1000,evoker,preservation,24,11,13
Wheyvern,malganis,1000,evoker,preservation,93,41,52
Smögg,quelthalas,1000,evoker,preservation,54,23,31
Dracomedicus,frostmourne,1000,evoker,preservation,98,37,61
Brahown,altar-of-storms,998,evoker,preservation,36,11,25
Dracoly,medivh,997,evoker,preservation,63,30,33
Sïgrìd,tichondrius,991,evoker,preservation,51,32,19
Gemis,anvilmar,991,evoker,preservation,55,25,30
Falsedaze,sargeras,990,evoker,preservation,45,21,24
Ozmayzin,proudmoore,990,evoker,preservation,69,30,39
Hover,vashj,989,evoker,preservation,27,13,14
Vandinus,stormrage,988,evoker,preservation,68,31,37
Sanashalan,moon-guard,988,evoker,preservation,35,12,23
Items,frostmourne,987,evoker,preservation,22,11,11
Vyreth,sargeras,987,evoker,preservation,81,38,43
Adessa,lothar,985,evoker,preservation,66,25,41
Arazerazer,thrall,984,evoker,preservation,66,23,43
Fránky,ragnaros,983,evoker,preservation,95,41,54
Smaugett,zuljin,979,evoker,preservation,44,23,21
Interracial,stormscale,965,evoker,preservation,34,17,17
Tragoul,dragonblight,964,evoker,preservation,24,14,10
Caucasian,aegwynn,964,evoker,preservation,90,35,55
Milkspurt,tichondrius,962,evoker,preservation,52,23,29
Hwansu,tichondrius,960,evoker,preservation,18,10,8
Rubyzz,illidan,960,evoker,preservation,18,10,8
Vroomby,sargeras,960,evoker,preservation,18,10,8
Babylons,area-52,960,evoker,preservation,24,10,14
Uncleìroh,tichondrius,960,evoker,preservation,24,10,14
Imwoker,illidan,960,evoker,preservation,24,10,14
Wamajam,area-52,960,evoker,preservation,24,10,14
Gaslightqt,tichondrius,960,evoker,preservation,25,10,15
Spyroguts,thrall,960,evoker,preservation,30,10,20
Flyingkush,illidan,959,evoker,preservation,12,10,2
Abevv,bonechewer,959,evoker,preservation,18,10,8
Dragoontekka,tichondrius,959,evoker,preservation,18,10,8
Myspycanfly,malganis,958,evoker,preservation,12,10,2
Truffleßutta,tichondrius,958,evoker,preservation,18,10,8
Slrepeat,frostmourne,958,evoker,preservation,18,10,8
Kaelestian,ragnaros,958,evoker,preservation,48,25,23
Dragonsand,area-52,958,evoker,preservation,62,30,32
Toastsevoker,tichondrius,958,evoker,preservation,24,10,14
Drakthussey,illidan,957,evoker,preservation,18,10,8
Wickedwings,tichondrius,957,evoker,preservation,24,10,14
Dokthyr,lightbringer,956,evoker,preservation,12,10,2
Thiccprotein,tichondrius,956,evoker,preservation,18,10,8
Dracalis,thrall,956,evoker,preservation,110,60,50
Goonguy,gnomeregan,955,evoker,preservation,12,10,2
Holdherhorn,area-52,955,evoker,preservation,18,10,8
Dragy,bonechewer,954,evoker,preservation,24,10,14
Cvoker,illidan,954,evoker,preservation,24,10,14
Flaemer,thaurissan,953,evoker,preservation,18,10,8
Forlornomens,area-52,953,evoker,preservation,18,10,8
Soziin,skullcrusher,953,evoker,preservation,18,10,8
Hoverharder,stormrage,953,evoker,preservation,18,10,8
Grievaxion,ragnaros,953,evoker,preservation,24,10,14
Dragonblazer,illidan,952,evoker,preservation,18,10,8
Ayoitspav,malganis,952,evoker,preservation,25,11,14
Rewind,draka,952,evoker,preservation,24,10,14
Rubyskye,tichondrius,950,evoker,preservation,18,10,8
Bvo,stormrage,948,evoker,preservation,12,10,2
Surasi,frostmourne,948,evoker,preservation,18,10,8
Frozonic,tichondrius,948,evoker,preservation,36,17,19
Pinkponies,area-52,945,evoker,preservation,28,17,11
Rzdrag,nemesis,943,evoker,preservation,136,47,89
Dracthyrius,thunderlord,941,evoker,preservation,18,12,6
Dandroz,hyjal,938,evoker,preservation,24,10,14
Azuril,wyrmrest-accord,935,evoker,preservation,102,36,66
Sochen,kelthuzad,934,evoker,preservation,115,58,57
Cinderelluh,area-52,934,evoker,preservation,98,34,64
Faethana,thrall,929,evoker,preservation,23,11,12
Boomon,blades-edge,928,evoker,preservation,62,27,35
Kerlaan,illidan,927,evoker,preservation,24,12,12
Furygos,stormrage,927,evoker,preservation,23,10,13
Rilex,kelthuzad,927,evoker,preservation,30,11,19
Cindrozaraz,stormreaver,925,evoker,preservation,66,35,31
Dragonbro,spirestone,923,evoker,preservation,18,10,8
Drakesennin,frostmane,923,evoker,preservation,31,17,14
Balmoze,tichondrius,920,evoker,preservation,87,44,43
Saintetoile,tichondrius,916,evoker,preservation,72,36,36
Tribunalis,stormrage,915,evoker,preservation,18,11,7
Scourgewing,wyrmrest-accord,915,evoker,preservation,40,14,26
Lagartixa,kirin-tor,913,evoker,preservation,36,14,22
Venlormi,moon-guard,910,evoker,preservation,82,35,47
Lisatallie,moon-guard,904,evoker,preservation,24,11,13
Badvoker,area-52,902,evoker,preservation,71,26,45
Cransvoker,illidan,902,evoker,preservation,30,10,20
Leralera,moon-guard,898,evoker,preservation,30,13,17
Bandel,tichondrius,896,evoker,preservation,22,12,10
Spliffdragon,sargeras,895,evoker,preservation,95,42,53
Proust,grizzly-hills,894,evoker,preservation,32,11,21
Zeldaryel,azralon,891,evoker,preservation,36,18,18
Medrathion,wyrmrest-accord,887,evoker,preservation,23,10,13
Mugenyan,ragnaros,879,evoker,preservation,41,21,20
Pypokay,nemesis,877,evoker,preservation,48,17,31
Tugmapvpean,kelthuzad,876,evoker,preservation,25,10,15
Arazarion,mugthol,875,evoker,preservation,42,19,23
Madzul,emerald-dream,871,evoker,preservation,19,10,9
Willowflight,illidan,867,evoker,preservation,50,23,27
Viserion,wildhammer,865,evoker,preservation,44,10,34
Mewoker,sargeras,864,evoker,preservation,12,9,3
Toonahzy,area-52,864,evoker,preservation,12,9,3
Newclassop,emerald-dream,864,evoker,preservation,18,9,9
Calvoker,moon-guard,864,evoker,preservation,18,9,9
Spaceox,tichondrius,864,evoker,preservation,18,9,9
Hdyl,tichondrius,864,evoker,preservation,30,9,21
Lizardfaith,tichondrius,863,evoker,preservation,12,9,3
Tonymanitoba,whisperwind,863,evoker,preservation,18,9,9
Wonderk,frostmourne,863,evoker,preservation,18,9,9
Tadhg,mugthol,863,evoker,preservation,30,12,18
Azngodz,tichondrius,863,evoker,preservation,24,9,15
Soyum,sargeras,863,evoker,preservation,24,9,15
Velocivraull,malganis,862,evoker,preservation,12,9,3
Xerithious,bleeding-hollow,862,evoker,preservation,18,9,9
Jesstrasza,quelthalas,862,evoker,preservation,96,42,54
Evvookkeerr,tichondrius,861,evoker,preservation,18,9,9
Gravityblast,tichondrius,861,evoker,preservation,24,9,15
Chewydragoon,kelthuzad,860,evoker,preservation,12,9,3
Binxyboy,garrosh,860,evoker,preservation,16,10,6
Lamdyn,wyrmrest-accord,860,evoker,preservation,18,9,9
Velzirion,proudmoore,860,evoker,preservation,18,9,9
Enkvoker,tichondrius,859,evoker,preservation,18,9,9
Arûmat,tichondrius,859,evoker,preservation,30,9,21
Dracauzrys,gorefiend,857,evoker,preservation,12,9,3
Kaeszandrus,azralon,857,evoker,preservation,66,29,37
Corun,zuljin,856,evoker,preservation,12,9,3
Aethrys,zuljin,856,evoker,preservation,12,9,3
Wrathics,emerald-dream,856,evoker,preservation,18,9,9
Salakhar,drakkari,856,evoker,preservation,18,9,9
Tekath,altar-of-storms,855,evoker,preservation,18,9,9
Bjason,tichondrius,855,evoker,preservation,18,9,9
Prozach,shadowmoon,854,evoker,preservation,18,9,9
Moxa,doomhammer,854,evoker,preservation,122,57,65
Dragonballer,trollbane,853,evoker,preservation,24,9,15
Tazalth,uther,851,evoker,preservation,24,9,15
Moiraine,kargath,850,evoker,preservation,24,9,15
Yoríchi,proudmoore,849,evoker,preservation,16,10,6
Tooby,velen,849,evoker,preservation,27,11,16
Risumon,uldum,844,evoker,preservation,238,101,137
Slyfur,burning-legion,843,evoker,preservation,24,11,13
Drákô,ragnaros,841,evoker,preservation,30,9,21
Azuragon,illidan,837,evoker,preservation,115,48,67
Aurastella,frostwolf,837,evoker,preservation,24,9,15
Drewskie,malganis,831,evoker,preservation,112,45,67
Chenrong,sargeras,831,evoker,preservation,24,9,15
Decyrion,bleeding-hollow,830,evoker,preservation,29,9,20
Luxdraco,stormrage,827,evoker,preservation,22,9,13
Falastrasza,dalaran,821,evoker,preservation,23,9,14
Yaaj,black-dragonflight,808,evoker,preservation,23,10,13
Lishalthen,frostmourne,804,evoker,preservation,26,13,13
Drabbot,thunderlord,803,evoker,preservation,20,10,10
Exilence,alleria,801,evoker,preservation,77,25,52
Darkspyro,area-52,799,evoker,preservation,11,9,2
Dreezoo,tichondrius,799,evoker,preservation,79,38,41
Icallthecops,tichondrius,798,evoker,preservation,16,9,7
Drackaras,stormrage,798,evoker,preservation,26,10,16
Rockzocain,area-52,798,evoker,preservation,24,9,15
Itsac,daggerspine,792,evoker,preservation,30,13,17
Zaldraka,cairne,790,evoker,preservation,36,15,21
Hentaizilla,kiljaeden,788,evoker,preservation,67,23,44
Razen,silvermoon,773,evoker,preservation,33,13,20
Rvrbzv,stormrage,768,evoker,preservation,12,8,4
Hasstle,tichondrius,768,evoker,preservation,12,8,4
Ðçßñÿåæéîùøð,tichondrius,768,evoker,preservation,12,8,4
Evokeondeez,stormrage,768,evoker,preservation,12,8,4
Æsshayád,area-52,768,evoker,preservation,12,8,4
Dracostayout,sargeras,768,evoker,preservation,12,8,4
Unclefarmer,illidan,768,evoker,preservation,18,8,10
Imcaprise,tichondrius,768,evoker,preservation,18,8,10
Treysongz,area-52,768,evoker,preservation,18,8,10
Airschlong,tichondrius,768,evoker,preservation,18,8,10
Ryóng,tichondrius,768,evoker,preservation,18,8,10
Walloper,malganis,767,evoker,preservation,12,8,4
Icecoldrink,suramar,767,evoker,preservation,12,8,4
Fluffelss,moon-guard,767,evoker,preservation,12,8,4
Dendedewd,sargeras,767,evoker,preservation,12,8,4
Baradad,frostmourne,767,evoker,preservation,12,8,4
Nwatz,kelthuzad,767,evoker,preservation,12,8,4
Shrimpshumai,malganis,767,evoker,preservation,18,8,10
Liltj,tichondrius,767,evoker,preservation,18,8,10
Ève,area-52,767,evoker,preservation,18,8,10
Innervoker,tichondrius,767,evoker,preservation,18,8,10
Dracritzzx,ragnaros,767,evoker,preservation,18,8,10
Xiaolongmei,frostmourne,767,evoker,preservation,18,8,10
Dracthott,thrall,767,evoker,preservation,18,8,10
Nowon,tichondrius,767,evoker,preservation,24,8,16
Iamg,stormscale,767,evoker,preservation,24,8,16
Devilmanguy,bonechewer,767,evoker,preservation,24,8,16
Galfiore,malganis,767,evoker,preservation,30,8,22
Dracarus,crushridge,767,evoker,preservation,30,8,22
Talzindera,sargeras,766,evoker,preservation,18,8,10
Heidibibe,tichondrius,766,evoker,preservation,18,8,10
Sunfyrion,sargeras,766,evoker,preservation,24,8,16
Paradïsso,tichondrius,765,evoker,preservation,12,8,4
Rathaloez,tichondrius,765,evoker,preservation,44,22,22
Carrnedge,area-52,765,evoker,preservation,30,8,22
Selocky,bleeding-hollow,764,evoker,preservation,18,8,10
Snitx,stormrage,764,evoker,preservation,24,8,16
Neewhad,malganis,764,evoker,preservation,24,8,16
Wrathiøn,sargeras,763,evoker,preservation,24,8,16
Pandavoke,kelthuzad,763,evoker,preservation,24,8,16
Kyloflight,thrall,763,evoker,preservation,30,8,22
Matsutake,kelthuzad,762,evoker,preservation,18,8,10
Vaeghar,anvilmar,762,evoker,preservation,21,8,13
Jubey,tichondrius,762,evoker,preservation,23,8,15
Alevoker,ragnaros,762,evoker,preservation,36,8,28
Dandroz,kelthuzad,761,evoker,preservation,18,8,10
Vermax,spirestone,759,evoker,preservation,18,8,10
Draehgor,hyjal,758,evoker,preservation,18,8,10
Gamesruined,area-52,753,evoker,preservation,19,8,11
Drevoker,lightbringer,748,evoker,preservation,18,8,10
Criteria,burning-legion,748,evoker,preservation,18,8,10
Madvillin,stormrage,747,evoker,preservation,12,8,4
Chaosrebørn,bleeding-hollow,746,evoker,preservation,36,8,28
Shintrax,ragnaros,744,evoker,preservation,73,35,38
Durtyvoker,illidan,735,evoker,preservation,22,8,14
Mincko,area-52,735,evoker,preservation,23,8,15
Butta,darkspear,734,evoker,preservation,17,8,9
Enuzan,dalaran,734,evoker,preservation,32,8,24
Polland,area-52,731,evoker,preservation,17,8,9
Enoch,chogall,727,evoker,preservation,27,10,17
Tamagotchî,quelthalas,719,evoker,preservation,22,8,14
Tailia,sargeras,718,evoker,preservation,23,8,15
Geicovoker,tichondrius,714,evoker,preservation,28,9,19
Scaleyboy,tichondrius,713,evoker,preservation,21,10,11
Shardsnorta,chogall,708,evoker,preservation,17,8,9
Lunadragon,spinebreaker,704,evoker,preservation,16,8,8
Murozond,burning-blade,703,evoker,preservation,20,8,12
Kleptomancy,moon-guard,702,evoker,preservation,11,8,3
Kalswyrm,burning-blade,702,evoker,preservation,20,8,12
Hugedrago,frostmane,699,evoker,preservation,17,8,9
Letharrian,sargeras,698,evoker,preservation,12,10,2
Drakthuul,icecrown,696,evoker,preservation,103,44,59
Jsb,moon-guard,696,evoker,preservation,54,10,44
Drâçø,sargeras,688,evoker,preservation,13,8,5
Orame,dalaran,685,evoker,preservation,25,8,17
Dragonknght,tichondrius,680,evoker,preservation,49,22,27
Trishulaice,illidan,672,evoker,preservation,12,7,5
Clm,staghelm,672,evoker,preservation,12,7,5
Vroomby,area-52,672,evoker,preservation,12,7,5
Nythendrah,emerald-dream,672,evoker,preservation,12,7,5
Lilrandal,emerald-dream,672,evoker,preservation,12,7,5
Azurgos,proudmoore,672,evoker,preservation,12,7,5
Crivoker,quelthalas,672,evoker,preservation,12,7,5
Vrondiss,trollbane,672,evoker,preservation,12,7,5
Iantern,dalaran,672,evoker,preservation,12,7,5
Ayanokojí,stormrage,672,evoker,preservation,12,7,5
Dragondubya,illidan,672,evoker,preservation,12,7,5
Suekeysaurus,frostmourne,672,evoker,preservation,12,7,5
Goursaud,malganis,672,evoker,preservation,12,7,5
Vekke,illidan,672,evoker,preservation,12,7,5
Hypetwo,bleeding-hollow,672,evoker,preservation,12,7,5
Alithrya,illidan,672,evoker,preservation,12,7,5
Beatxqt,area-52,672,evoker,preservation,12,7,5
Evoketage,malganis,672,evoker,preservation,18,7,11
Burninator,black-dragonflight,672,evoker,preservation,18,7,11
Orncen,emerald-dream,672,evoker,preservation,18,7,11
Draikia,zuljin,672,evoker,preservation,18,7,11
Golden,area-52,672,evoker,preservation,18,7,11
Roastdrake,tichondrius,672,evoker,preservation,18,7,11
Draislyn,cenarion-circle,672,evoker,preservation,18,7,11
Kontaz,icecrown,672,evoker,preservation,24,7,17
Zalpx,sargeras,672,evoker,preservation,24,7,17
Hammylee,firetree,672,evoker,preservation,30,7,23
Ketasdragon,frostmourne,671,evoker,preservation,10,8,2
Ndr,proudmoore,671,evoker,preservation,12,7,5
Reskue,burning-legion,671,evoker,preservation,12,7,5
Tyrøs,illidan,671,evoker,preservation,12,7,5
Vaxilia,sargeras,671,evoker,preservation,12,7,5
Flapthewap,illidan,671,evoker,preservation,12,7,5
Doramifa,tichondrius,671,evoker,preservation,12,7,5
Squablebox,kul-tiras,671,evoker,preservation,12,7,5
Vertorgon,proudmoore,671,evoker,preservation,12,7,5
Emopidgey,dalaran,671,evoker,preservation,12,7,5
Spicypnuts,zuljin,671,evoker,preservation,12,7,5
Toppedyouoff,thrall,671,evoker,preservation,15,7,8
Nunez,frostmourne,671,evoker,preservation,18,7,11
Longxx,dalaran,671,evoker,preservation,18,7,11
Trogdør,illidan,671,evoker,preservation,18,7,11
Jormagsundr,tichondrius,671,evoker,preservation,18,7,11
Likelybaked,kiljaeden,671,evoker,preservation,18,7,11
Jigsz,illidan,671,evoker,preservation,18,7,11
Lampizard,bonechewer,671,evoker,preservation,24,7,17
Bookkoo,burning-legion,671,evoker,preservation,24,7,17
Drøgon,sargeras,671,evoker,preservation,24,7,17
Trensetra,sargeras,671,evoker,preservation,24,7,17
Nienze,wyrmrest-accord,670,evoker,preservation,12,7,5
Mad,aerie-peak,670,evoker,preservation,19,9,10
Zumanitÿ,zangarmarsh,670,evoker,preservation,18,7,11
Koopa,malygos,670,evoker,preservation,24,7,17
Dshiznit,sargeras,670,evoker,preservation,24,7,17
Deezyroller,sargeras,669,evoker,preservation,12,7,5
Dragondewd,area-52,669,evoker,preservation,12,7,5
Auradraca,queldorei,669,evoker,preservation,13,7,6
Azaralzind,bleeding-hollow,669,evoker,preservation,15,8,7
Chickchauker,tichondrius,669,evoker,preservation,18,7,11
Retcondragon,sargeras,669,evoker,preservation,18,7,11
Rhaènyra,sargeras,669,evoker,preservation,18,7,11
Yzirgos,malorne,669,evoker,preservation,36,7,29
Shartzypoo,thrall,668,evoker,preservation,24,7,17
Alexstrazaa,hyjal,667,evoker,preservation,12,7,5
Xdragon,lightbringer,667,evoker,preservation,18,7,11
Azulnova,tichondrius,665,evoker,preservation,18,7,11
Erso,hellscream,664,evoker,preservation,12,7,5
Heleucadio,tichondrius,659,evoker,preservation,12,7,5
Biggslegion,ysera,659,evoker,preservation,12,7,5
Mulutlaser,frostmourne,659,evoker,preservation,18,7,11
Astaro,area-52,656,evoker,preservation,30,7,23
Densgone,aggramar,654,evoker,preservation,18,7,11
Yiptondabs,emerald-dream,650,evoker,preservation,29,7,22
Thenasath,sargeras,640,evoker,preservation,17,7,10
Wizkmushu,tichondrius,639,evoker,preservation,14,8,6
Ramas,burning-blade,638,evoker,preservation,32,8,24
Elderdragon,nerzhul,629,evoker,preservation,16,8,8
Kixxely,sargeras,623,evoker,preservation,12,8,4
Kirasa,moon-guard,623,evoker,preservation,17,7,10
Psyydragon,azralon,621,evoker,preservation,21,8,13
Rápturé,tichondrius,618,evoker,preservation,22,10,12
Tsuruda,illidan,618,evoker,preservation,21,8,13
Gaserick,quelthalas,618,evoker,preservation,29,8,21
Hutáo,tichondrius,607,evoker,preservation,26,7,19
Theory,icecrown,606,evoker,preservation,17,7,10
Saxthyr,stormreaver,592,evoker,preservation,13,7,6
Ambadragon,frostmourne,591,evoker,preservation,11,7,4
Mouthgorawr,tichondrius,590,evoker,preservation,20,7,13
Cheesedragon,tichondrius,576,evoker,preservation,6,6,0
Tatsurai,tichondrius,576,evoker,preservation,10,7,3
Dragqueenx,hyjal,576,evoker,preservation,12,6,6
Ozvoker,area-52,576,evoker,preservation,12,6,6
Mushuffle,malygos,576,evoker,preservation,12,6,6
Dragondznuts,archimonde,576,evoker,preservation,12,6,6
Thefish,tichondrius,576,evoker,preservation,12,6,6
Teëst,malganis,576,evoker,preservation,12,6,6
Dchappelle,sargeras,576,evoker,preservation,12,6,6
Melvoker,tichondrius,576,evoker,preservation,12,6,6
Theyevokbuda,kelthuzad,576,evoker,preservation,12,6,6
Kwaz,kelthuzad,576,evoker,preservation,12,6,6
Jëthrø,illidan,576,evoker,preservation,12,6,6
Exrtj,stormrage,576,evoker,preservation,12,6,6
Ccguzzlerx,tichondrius,576,evoker,preservation,12,6,6
Localfemboy,area-52,576,evoker,preservation,12,6,6
Thalzudormu,bleeding-hollow,576,evoker,preservation,12,6,6
Daylenx,thrall,576,evoker,preservation,12,6,6
Bad,nerzhul,576,evoker,preservation,12,6,6
Thegoone,bleeding-hollow,576,evoker,preservation,12,6,6
Jugemjugempe,icecrown,576,evoker,preservation,12,6,6
Diregon,kelthuzad,576,evoker,preservation,12,6,6
Deecarys,illidan,576,evoker,preservation,12,6,6
Oldgeorge,tichondrius,576,evoker,preservation,12,6,6
Anachronormu,mannoroth,576,evoker,preservation,12,6,6
Teddydarg,tichondrius,576,evoker,preservation,14,6,8
Murphymonsta,stormscale,576,evoker,preservation,18,6,12
Westyvoker,arthas,576,evoker,preservation,18,6,12
Holyshiip,tichondrius,576,evoker,preservation,18,6,12
Phanthyr,tichondrius,576,evoker,preservation,18,6,12
Dragonk,dragonblight,576,evoker,preservation,18,6,12
Ablunxs,drakkari,576,evoker,preservation,18,6,12
Hicane,tichondrius,576,evoker,preservation,18,6,12
Alerale,thunderlord,576,evoker,preservation,18,6,12
Deyuu,barthilas,576,evoker,preservation,28,7,21
Drageyman,tichondrius,576,evoker,preservation,28,7,21
Ryloun,sargeras,576,evoker,preservation,24,6,18
Jumpmaster,black-dragonflight,576,evoker,preservation,24,6,18
Exurion,quelthalas,575,evoker,preservation,6,6,0
Toodllesz,stormrage,575,evoker,preservation,6,6,0
Valeshkanyel,ragnaros,575,evoker,preservation,12,6,6
Picklevoke,frostmourne,575,evoker,preservation,12,6,6
Nâpâlm,aggramar,575,evoker,preservation,12,6,6
Balerion,chromaggus,575,evoker,preservation,12,6,6
Ygnizem,ysera,575,evoker,preservation,12,6,6
Valadrakth,tichondrius,575,evoker,preservation,12,6,6
Tokeandvoke,haomarush,575,evoker,preservation,12,6,6
Flameschosen,malganis,575,evoker,preservation,12,6,6
Yapartna,frostmane,575,evoker,preservation,12,6,6
Dragonpaws,illidan,575,evoker,preservation,12,6,6
Magnito,thorium-brotherhood,575,evoker,preservation,12,6,6
Bhfflove,area-52,575,evoker,preservation,12,6,6
Quetzaluma,tichondrius,575,evoker,preservation,14,6,8
Tanninim,sargeras,575,evoker,preservation,18,6,12
Dragonberry,tichondrius,575,evoker,preservation,18,6,12
Naùghtygames,area-52,575,evoker,preservation,18,6,12
Drakistraz,draenor,575,evoker,preservation,18,6,12
Sgtskip,blackrock,575,evoker,preservation,24,6,18
Ðrízzy,area-52,575,evoker,preservation,24,6,18
Amun,frostwolf,574,evoker,preservation,12,6,6
Evalker,tichondrius,574,evoker,preservation,12,6,6
Dènali,black-dragonflight,574,evoker,preservation,18,6,12
Cinderazerat,moon-guard,574,evoker,preservation,18,6,12
Zarceous,area-52,574,evoker,preservation,18,6,12
Azalana,thrall,574,evoker,preservation,24,6,18
Windchaser,kelthuzad,574,evoker,preservation,24,6,18
Ozsandlbs,tichondrius,573,evoker,preservation,12,6,6
Moraise,bonechewer,573,evoker,preservation,12,6,6
Siquitraki,illidan,573,evoker,preservation,18,6,12
Genderbenda,uldum,573,evoker,preservation,18,6,12
Aethyrious,moon-guard,573,evoker,preservation,18,6,12
Zulidar,silvermoon,572,evoker,preservation,12,6,6
Acyclic,frostmourne,572,evoker,preservation,12,6,6
Bilbodragons,stormreaver,571,evoker,preservation,18,6,12
Shuyiro,ragnaros,571,evoker,preservation,24,6,18
Banevoker,tichondrius,570,evoker,preservation,17,7,10
Rhaeynes,moon-guard,568,evoker,preservation,12,6,6
Preservant,stormrage,567,evoker,preservation,12,6,6
Ankhalagor,ragnaros,567,evoker,preservation,12,6,6
Wilbog,moon-guard,550,evoker,preservation,49,10,39
Dragussy,illidan,548,evoker,preservation,28,10,18
Hecklinheals,hyjal,544,evoker,preservation,13,7,6
Fckheals,bonechewer,543,evoker,preservation,10,6,4
Hexavalent,tichondrius,542,evoker,preservation,11,6,5
Galrend,firetree,542,evoker,preservation,17,6,11
Freeblaze,blackhand,540,evoker,preservation,17,6,11
Dabdrake,illidan,539,evoker,preservation,14,7,7
Arazen,frostmourne,539,evoker,preservation,23,6,17
Fieros,area-52,527,evoker,preservation,13,6,7
Imperialist,proudmoore,522,evoker,preservation,29,7,22
Shenlòng,drakkari,521,evoker,preservation,15,7,8
Dragonbush,sargeras,519,evoker,preservation,22,7,15
Dragginhealz,stormrage,512,evoker,preservation,131,59,72
Supernovax,illidan,512,evoker,preservation,16,6,10
Demõn,whisperwind,511,evoker,preservation,10,6,4
Imaginedrgn,tichondrius,511,evoker,preservation,11,6,5
Nwo,shattered-hand,494,evoker,preservation,11,6,5
Brindletail,proudmoore,494,evoker,preservation,19,6,13
Arzaria,stormrage,480,evoker,preservation,6,5,1
Finnahorns,sargeras,480,evoker,preservation,6,5,1
Purpleskale,doomhammer,480,evoker,preservation,6,5,1
Timaeuz,malganis,480,evoker,preservation,6,5,1
Fatalion,thrall,480,evoker,preservation,6,5,1
Deathwingjr,illidan,480,evoker,preservation,6,5,1
Ðeathðragon,sargeras,480,evoker,preservation,6,5,1
Vizora,moon-guard,480,evoker,preservation,10,6,4
Chronocolter,thunderhorn,480,evoker,preservation,12,5,7
Cirroaltos,aerie-peak,480,evoker,preservation,12,5,7
Hornychunga,burning-legion,480,evoker,preservation,12,5,7
Draktharl,tichondrius,480,evoker,preservation,12,5,7
Transitory,bleeding-hollow,480,evoker,preservation,12,5,7
Shazdrag,stormrage,480,evoker,preservation,12,5,7
Thedajjal,tichondrius,480,evoker,preservation,12,5,7
Oldmandrake,mannoroth,480,evoker,preservation,12,5,7
Evizzar,zuljin,480,evoker,preservation,12,5,7
Pyraxes,thunderhorn,480,evoker,preservation,12,5,7
Cutewing,tichondrius,480,evoker,preservation,12,5,7
Supernamv,sargeras,480,evoker,preservation,12,5,7
Sathendroz,tichondrius,480,evoker,preservation,12,5,7
Mailescort,magtheridon,480,evoker,preservation,12,5,7
Killaseabee,lightnings-blade,480,evoker,preservation,12,5,7
Jejep,sargeras,480,evoker,preservation,12,5,7
Zealantis,area-52,480,evoker,preservation,12,5,7
Fazedd,tichondrius,480,evoker,preservation,12,5,7
Kayvoke,stormrage,480,evoker,preservation,12,5,7
Ezarra,tichondrius,480,evoker,preservation,12,5,7
Berylhwit,emerald-dream,480,evoker,preservation,12,5,7
Wydbro,kiljaeden,480,evoker,preservation,12,5,7
Pinkoi,antonidas,480,evoker,preservation,12,5,7
Dragndznuhts,tichondrius,480,evoker,preservation,15,6,9
Minzur,illidan,480,evoker,preservation,21,6,15
Gdragon,sargeras,480,evoker,preservation,18,5,13
Donresantis,tichondrius,480,evoker,preservation,18,5,13
Backuphealer,bleeding-hollow,480,evoker,preservation,18,5,13
Olindoe,tichondrius,480,evoker,preservation,18,5,13
Ytsan,wyrmrest-accord,480,evoker,preservation,18,5,13
Nazanoth,windrunner,480,evoker,preservation,18,5,13
Dragonthese,cenarius,480,evoker,preservation,19,5,14
Selenian,area-52,480,evoker,preservation,24,5,19
Bronyflexy,sargeras,480,evoker,preservation,24,5,19
Lazzarross,area-52,479,evoker,preservation,12,5,7
Dragonsoup,frostmourne,479,evoker,preservation,12,5,7
Dracdeez,dreadmaul,479,evoker,preservation,12,5,7
Rrathion,frostmourne,479,evoker,preservation,12,5,7
Álln,sargeras,479,evoker,preservation,12,5,7
Flaplordx,frostmourne,479,evoker,preservation,12,5,7
Wrathykos,thrall,479,evoker,preservation,12,5,7
Flappeebird,area-52,479,evoker,preservation,12,5,7
Rezpmpdragon,tichondrius,479,evoker,preservation,12,5,7
Kratostrasz,moon-guard,479,evoker,preservation,12,5,7
Yadirstraza,quelthalas,479,evoker,preservation,12,5,7
Scardrakk,doomhammer,479,evoker,preservation,18,5,13
Lizardtrash,ragnaros,478,evoker,preservation,12,5,7
Melbu,thunderlord,478,evoker,preservation,12,5,7
Dragonsand,stormrage,478,evoker,preservation,12,5,7
Flymuch,illidan,478,evoker,preservation,18,5,13
Oasisrose,andorhal,478,evoker,preservation,24,5,19
Wetsponge,kelthuzad,477,evoker,preservation,12,5,7
Livemaximii,moon-guard,477,evoker,preservation,12,5,7
Korvold,zuluhed,477,evoker,preservation,12,5,7
Scaryðragon,akama,477,evoker,preservation,12,5,7
Tazeneth,sargeras,476,evoker,preservation,12,5,7
Dracorblaq,bleeding-hollow,476,evoker,preservation,12,5,7
Naxarick,ragnaros,472,evoker,preservation,12,5,7
Ruination,lightnings-blade,463,evoker,preservation,17,5,12
Amoraz,tichondrius,460,evoker,preservation,23,5,18
Digna,thrall,448,evoker,preservation,16,5,11
Jcii,tichondrius,447,evoker,preservation,11,5,6
Easyevoker,tichondrius,447,evoker,preservation,11,5,6
Drakonyx,mugthol,439,evoker,preservation,17,5,12
Meilokkttv,sargeras,432,evoker,preservation,13,5,8
Temporal,mannoroth,431,evoker,preservation,9,6,3
Drippydragon,stormrage,424,evoker,preservation,16,6,10
Tealik,frostmourne,416,evoker,preservation,16,5,11
Swagondragon,illidan,412,evoker,preservation,10,5,5
Monzydrake,emerald-dream,408,evoker,preservation,20,5,15
Dracmorz,nemesis,384,evoker,preservation,6,4,2
Atraxian,tichondrius,384,evoker,preservation,6,4,2
Murloc,shadowsong,384,evoker,preservation,6,4,2
Dyvyne,demon-soul,384,evoker,preservation,6,4,2
Babydragon,ragnaros,384,evoker,preservation,6,4,2
Chainchomp,suramar,384,evoker,preservation,6,4,2
Docevoker,tichondrius,384,evoker,preservation,6,4,2
Velahesa,sargeras,384,evoker,preservation,6,4,2
Ilovegingers,tichondrius,384,evoker,preservation,6,4,2
Rapiddvoker,zuljin,384,evoker,preservation,6,4,2
Syneestra,nemesis,384,evoker,preservation,6,4,2
Tygor,arthas,384,evoker,preservation,6,4,2
Blackdragôn,stormrage,384,evoker,preservation,6,4,2
Râïn,tichondrius,384,evoker,preservation,6,4,2
Ctlajumma,frostmourne,384,evoker,preservation,6,4,2
Suzusaza,malganis,384,evoker,preservation,6,4,2
Soupywings,illidan,384,evoker,preservation,6,4,2
Odmehbb,tichondrius,384,evoker,preservation,6,4,2
Blazedvoke,tichondrius,384,evoker,preservation,6,4,2
Taegon,area-52,384,evoker,preservation,6,4,2
Mtndewboy,illidan,384,evoker,preservation,6,4,2
Mvpjs,medivh,384,evoker,preservation,8,4,4
Bryágh,wyrmrest-accord,384,evoker,preservation,12,4,8
Dragonslut,kiljaeden,384,evoker,preservation,12,4,8
Razenset,draktharon,384,evoker,preservation,12,4,8
Dragwyn,senjin,384,evoker,preservation,12,4,8
Kèl,stormrage,384,evoker,preservation,12,4,8
Vanyalus,uldum,384,evoker,preservation,12,4,8
Rawrexp,emerald-dream,384,evoker,preservation,12,4,8
Zandet,thunderlord,384,evoker,preservation,12,4,8
Dragrenghost,illidan,384,evoker,preservation,12,4,8
Kalessin,whisperwind,384,evoker,preservation,12,4,8
Flipturn,illidan,384,evoker,preservation,12,4,8
Jep,emerald-dream,384,evoker,preservation,12,4,8
Khalio,hyjal,384,evoker,preservation,12,4,8
Blazedvoker,tichondrius,384,evoker,preservation,12,4,8
Larryboy,kelthuzad,384,evoker,preservation,12,4,8
Mignificent,sargeras,384,evoker,preservation,12,4,8
Raphdragon,stormrage,384,evoker,preservation,12,4,8
Dracynmana,perenolde,384,evoker,preservation,12,4,8
Pensini,illidan,384,evoker,preservation,12,4,8
Fronkeyxl,stormrage,384,evoker,preservation,12,4,8
Imadargin,malganis,384,evoker,preservation,12,4,8
Boppled,tichondrius,384,evoker,preservation,12,4,8
Shoestrings,tichondrius,384,evoker,preservation,12,4,8
Slaymedaddy,proudmoore,384,evoker,preservation,12,4,8
Livebate,tichondrius,384,evoker,preservation,12,4,8
Crumbsock,thrall,384,evoker,preservation,12,4,8
Drawong,zuljin,384,evoker,preservation,12,4,8
Samostrasza,illidan,384,evoker,preservation,12,4,8
Gójira,jubeithos,384,evoker,preservation,12,4,8
Myjewelshurt,stormrage,384,evoker,preservation,12,4,8
Dragginnutsz,tichondrius,384,evoker,preservation,12,4,8
Thaone,area-52,384,evoker,preservation,12,4,8
Williamjong,tichondrius,384,evoker,preservation,12,4,8
Dragondoh,frostmourne,384,evoker,preservation,12,4,8
Oatmealneil,bleeding-hollow,384,evoker,preservation,16,4,12
Oldui,frostmourne,384,evoker,preservation,18,4,14
Pbaxo,tichondrius,384,evoker,preservation,18,4,14
Upsdriver,dentarg,384,evoker,preservation,18,4,14
Tidehunter,chogall,384,evoker,preservation,18,4,14
Epicdragon,sargeras,384,evoker,preservation,18,4,14
Clawbear,kiljaeden,384,evoker,preservation,18,4,14
Alysraa,moon-guard,384,evoker,preservation,24,4,20
Cerémony,zuljin,383,evoker,preservation,6,4,2
Tihkal,spinebreaker,383,evoker,preservation,12,4,8
Razhion,arathor,383,evoker,preservation,12,4,8
Kildormu,tichondrius,383,evoker,preservation,12,4,8
Quesovoke,eldrethalas,383,evoker,preservation,12,4,8
Dombi,moon-guard,383,evoker,preservation,12,4,8
Sylvee,bleeding-hollow,383,evoker,preservation,13,4,9
Kyldarr,garithos,382,evoker,preservation,6,4,2
Uwuspit,tichondrius,382,evoker,preservation,12,4,8
Enlighteni,area-52,382,evoker,preservation,12,4,8
Bigtoots,illidan,382,evoker,preservation,12,4,8
Stroker,boulderfist,381,evoker,preservation,12,4,8
Extremess,quelthalas,380,evoker,preservation,12,4,8
Danatreseth,moon-guard,380,evoker,preservation,12,4,8
Galaxiz,bonechewer,377,evoker,preservation,18,4,14
Ragendragon,hellscream,377,evoker,preservation,18,4,14
Daddyrp,tichondrius,372,evoker,preservation,26,9,17
Nyxstrasza,moknathal,366,evoker,preservation,11,4,7
Snailor,eldrethalas,351,evoker,preservation,10,4,6
Devokerkofwa,tichondrius,351,evoker,preservation,11,4,7
Pyrodextrin,wyrmrest-accord,351,evoker,preservation,11,4,7
Elfdatv,tichondrius,351,evoker,preservation,11,4,7
Claudiad,ragnaros,347,evoker,preservation,33,4,29
Draxitar,blackrock,346,evoker,preservation,16,4,12
Zathasar,tichondrius,333,evoker,preservation,28,4,24
Corlys,thunderhorn,330,evoker,preservation,17,5,12
Zaraller,tichondrius,329,evoker,preservation,9,5,4
Homiedraconi,nordrassil,329,evoker,preservation,12,5,7
Jolynne,illidan,320,evoker,preservation,14,4,10
Vlysage,dark-iron,319,evoker,preservation,5,4,1
Ccms,area-52,319,evoker,preservation,5,4,1
Lantur,perenolde,319,evoker,preservation,16,4,12
Mordrake,tichondrius,318,evoker,preservation,25,4,21
Polyrhythmic,ysera,304,evoker,preservation,7,4,3
Jokko,moon-guard,288,evoker,preservation,6,3,3
Dragonwagon,kelthuzad,288,evoker,preservation,6,3,3
Greenskale,zuljin,288,evoker,preservation,6,3,3
Bjarne,hyjal,288,evoker,preservation,6,3,3
Zipzopitty,kelthuzad,288,evoker,preservation,6,3,3
Sigmanuz,tichondrius,288,evoker,preservation,6,3,3
Zenazen,sargeras,288,evoker,preservation,6,3,3
Setren,antonidas,288,evoker,preservation,6,3,3
Drakush,tichondrius,288,evoker,preservation,6,3,3
Redhorn,frostmourne,288,evoker,preservation,6,3,3
Lìthium,frostmourne,288,evoker,preservation,6,3,3
Thayvoker,bleeding-hollow,288,evoker,preservation,6,3,3
Gvoker,nemesis,288,evoker,preservation,6,3,3
Powerfulman,drakthul,288,evoker,preservation,6,3,3
Cônflicted,emerald-dream,288,evoker,preservation,6,3,3
Dracoon,madoran,288,evoker,preservation,6,3,3
Jakburnon,stormrage,288,evoker,preservation,6,3,3
Skarsx,frostmourne,288,evoker,preservation,6,3,3
Bigtitsdrag,illidan,288,evoker,preservation,6,3,3
Vygrax,nerzhul,288,evoker,preservation,6,3,3
Binder,frostmane,288,evoker,preservation,6,3,3
Raxdragon,sargeras,288,evoker,preservation,6,3,3
Kñuj,illidan,288,evoker,preservation,6,3,3
Thendetra,mannoroth,288,evoker,preservation,6,3,3
Lirøu,azralon,288,evoker,preservation,6,3,3
Razdargon,kiljaeden,288,evoker,preservation,6,3,3
Swagdriver,moon-guard,288,evoker,preservation,6,3,3
Chawp,tichondrius,288,evoker,preservation,6,3,3
Javoc,drakkari,288,evoker,preservation,6,3,3
Spyrä,moon-guard,288,evoker,preservation,6,3,3
Dalechance,tichondrius,288,evoker,preservation,6,3,3
Crackcook,frostmourne,288,evoker,preservation,6,3,3
Knowragretz,tichondrius,288,evoker,preservation,6,3,3
Dragonleaves,sargeras,288,evoker,preservation,6,3,3
Tournament,hakkar,288,evoker,preservation,6,3,3
Simplerules,zuljin,288,evoker,preservation,6,3,3
Predacious,draktharon,288,evoker,preservation,6,3,3
Shalanoth,proudmoore,288,evoker,preservation,6,3,3
Johnevoker,malganis,288,evoker,preservation,6,3,3
Shalestrasz,proudmoore,288,evoker,preservation,6,3,3
Dimpulse,zuljin,288,evoker,preservation,6,3,3
Zonnith,zuljin,288,evoker,preservation,6,3,3
Draseew,drakkari,288,evoker,preservation,6,3,3
Kheeleesi,illidan,288,evoker,preservation,6,3,3
Drogôn,cairne,288,evoker,preservation,6,3,3
Petzarr,barthilas,288,evoker,preservation,6,3,3
Flexlong,tichondrius,288,evoker,preservation,6,3,3
Hopefire,zuljin,288,evoker,preservation,6,3,3
Geck,barthilas,288,evoker,preservation,6,3,3
Beelzeyob,illidan,288,evoker,preservation,6,3,3
Vokefuu,illidan,288,evoker,preservation,6,3,3
Æg,zuljin,288,evoker,preservation,6,3,3
Rangä,caelestrasz,288,evoker,preservation,6,3,3
Flapandclap,nerzhul,288,evoker,preservation,6,3,3
Kreutzhauser,tichondrius,288,evoker,preservation,6,3,3
Dragonboots,area-52,288,evoker,preservation,6,3,3
Iggyytv,area-52,288,evoker,preservation,6,3,3
Shenròn,kelthuzad,288,evoker,preservation,9,4,5
Sÿpro,illidan,288,evoker,preservation,9,4,5
Phosphothel,moon-guard,288,evoker,preservation,12,3,9
Discodiner,tichondrius,288,evoker,preservation,12,3,9
Snáckbóx,alexstrasza,288,evoker,preservation,12,3,9
Arrogon,gorefiend,288,evoker,preservation,12,3,9
Vandornomu,illidan,288,evoker,preservation,12,3,9
Hel,stormrage,288,evoker,preservation,12,3,9
Fugginuhh,proudmoore,288,evoker,preservation,12,3,9
Stormdagger,proudmoore,288,evoker,preservation,12,3,9
Memnochd,emerald-dream,288,evoker,preservation,12,3,9
Teldormu,drenden,288,evoker,preservation,12,3,9
Dragonbabu,area-52,288,evoker,preservation,12,3,9
Ahahaa,frostmourne,288,evoker,preservation,12,3,9
Tefari,dalaran,288,evoker,preservation,12,3,9
Specscaly,hyjal,288,evoker,preservation,12,3,9
Explosives,blades-edge,288,evoker,preservation,12,3,9
Jammstraza,skywall,288,evoker,preservation,12,3,9
Ryuzaki,zuluhed,288,evoker,preservation,12,3,9
Reflexd,malganis,288,evoker,preservation,12,3,9
Scyyterr,azralon,288,evoker,preservation,12,3,9
Ayooflightz,guldan,288,evoker,preservation,12,3,9
Dwacawys,zuljin,288,evoker,preservation,12,3,9
Drazongas,cenarius,288,evoker,preservation,12,3,9
Tyrannicull,sargeras,288,evoker,preservation,12,3,9
Cøømbuya,sargeras,288,evoker,preservation,12,3,9
Discussion,area-52,288,evoker,preservation,12,3,9
Raegon,wyrmrest-accord,288,evoker,preservation,12,3,9
Dumpeyz,malganis,288,evoker,preservation,12,3,9
Arkaan,malganis,288,evoker,preservation,18,3,15
Poatis,illidan,288,evoker,preservation,18,3,15
Teenisenvy,laughing-skull,288,evoker,preservation,18,3,15
Wapowthion,blades-edge,288,evoker,preservation,18,3,15
Rogir,zuljin,288,evoker,preservation,18,3,15
Tessaryonn,ragnaros,288,evoker,preservation,19,3,16
Rizzanomics,zuljin,287,evoker,preservation,8,4,4
Chimerazc,tichondrius,287,evoker,preservation,6,3,3
Retroo,dark-iron,287,evoker,preservation,6,3,3
Blueeyeswhit,nagrand,287,evoker,preservation,6,3,3
Arcaenae,moon-guard,287,evoker,preservation,6,3,3
Deralizrd,tichondrius,287,evoker,preservation,6,3,3
Drakier,kelthuzad,287,evoker,preservation,6,3,3
Notvez,bleeding-hollow,287,evoker,preservation,6,3,3
Supereragon,area-52,287,evoker,preservation,6,3,3
Killerdragon,darkspear,287,evoker,preservation,6,3,3
Tazen,bleeding-hollow,287,evoker,preservation,12,3,9
Draktarion,ragnaros,287,evoker,preservation,12,3,9
Meekness,misha,287,evoker,preservation,12,3,9
Kalestrasza,nathrezim,287,evoker,preservation,13,3,10
Toothlesz,draka,287,evoker,preservation,18,3,15
Kalistro,quelthalas,286,evoker,preservation,6,3,3
Cyndera,windrunner,286,evoker,preservation,6,3,3
Dractherion,kiljaeden,285,evoker,preservation,18,3,15
Sodre,illidan,285,evoker,preservation,24,3,21
Gibvoke,icecrown,271,evoker,preservation,11,3,8
Blargan,area-52,271,evoker,preservation,17,3,14
Uskrait,tichondrius,255,evoker,preservation,14,4,10
Stíckyj,tichondrius,255,evoker,preservation,11,3,8
Caldragon,aerie-peak,255,evoker,preservation,11,3,8
Slashprovoke,frostmourne,239,evoker,preservation,5,3,2
Setrazen,illidan,234,evoker,preservation,9,4,5
Yujirohanma,frostmourne,234,evoker,preservation,12,4,8
Zymx,moon-guard,234,evoker,preservation,14,4,10
Saenys,ragnaros,234,evoker,preservation,16,4,12
Avastra,blackrock,233,evoker,preservation,9,5,4
Winghoof,kiljaeden,224,evoker,preservation,16,3,13
Chicknwingz,stormreaver,223,evoker,preservation,8,3,5
Baexstrasza,tichondrius,223,evoker,preservation,10,3,7
Zenetar,area-52,223,evoker,preservation,26,3,23
Arcrelion,thrall,192,evoker,preservation,6,2,4
Kaaer,emerald-dream,192,evoker,preservation,6,2,4
Wse,illidan,192,evoker,preservation,6,2,4
Baðìka,area-52,192,evoker,preservation,6,2,4
Ashgaar,sargeras,192,evoker,preservation,6,2,4
Evokeyabtch,malganis,192,evoker,preservation,6,2,4
Kalrid,sargeras,192,evoker,preservation,6,2,4
Nil,malganis,192,evoker,preservation,6,2,4
Lëåf,area-52,192,evoker,preservation,6,2,4
Stickvoker,sargeras,192,evoker,preservation,6,2,4
Lexazule,bleeding-hollow,192,evoker,preservation,6,2,4
Dscim,zuljin,192,evoker,preservation,6,2,4
Ignicion,quelthalas,192,evoker,preservation,6,2,4
Custipiu,azralon,192,evoker,preservation,6,2,4
Dwagonwage,zuljin,192,evoker,preservation,6,2,4
Drugdoer,illidan,192,evoker,preservation,6,2,4
Hochelaga,arthas,192,evoker,preservation,6,2,4
Flappyboy,bleeding-hollow,192,evoker,preservation,6,2,4
Zindrath,emerald-dream,192,evoker,preservation,6,2,4
Racovoker,zuljin,192,evoker,preservation,6,2,4
Aldruín,illidan,192,evoker,preservation,6,2,4
Wonyoungx,frostmourne,192,evoker,preservation,6,2,4
Jessefurr,undermine,192,evoker,preservation,6,2,4
Nite,lothar,192,evoker,preservation,6,2,4
Doomroo,malganis,192,evoker,preservation,6,2,4
Drapary,dathremar,192,evoker,preservation,6,2,4
Jevon,zuljin,192,evoker,preservation,6,2,4
Devokèr,tichondrius,192,evoker,preservation,6,2,4
Ewoked,tichondrius,192,evoker,preservation,6,2,4
Mestrewëll,stormrage,192,evoker,preservation,6,2,4
Johka,tichondrius,192,evoker,preservation,6,2,4
Conorvokes,tichondrius,192,evoker,preservation,6,2,4
Sneekysnekz,tichondrius,192,evoker,preservation,6,2,4
Åñçhör,stormrage,192,evoker,preservation,6,2,4
Alexevoker,tichondrius,192,evoker,preservation,6,2,4
Nonjer,tichondrius,192,evoker,preservation,6,2,4
Echosapián,stormrage,192,evoker,preservation,6,2,4
Froky,stormrage,192,evoker,preservation,6,2,4
Ardu,frostmourne,192,evoker,preservation,6,2,4
Raelennis,ragnaros,192,evoker,preservation,6,2,4
Exiztx,tichondrius,192,evoker,preservation,6,2,4
Roukaevo,tichondrius,192,evoker,preservation,6,2,4
Sketchybum,tichondrius,192,evoker,preservation,6,2,4
Daemon,terokkar,192,evoker,preservation,6,2,4
Invdkill,azralon,192,evoker,preservation,6,2,4
Drakhaz,azralon,192,evoker,preservation,6,2,4
Syfen,burning-blade,192,evoker,preservation,6,2,4
Blazor,sisters-of-elune,192,evoker,preservation,6,2,4
Bloodydragon,firetree,192,evoker,preservation,6,2,4
Topg,boulderfist,192,evoker,preservation,6,2,4
Tóòthless,senjin,192,evoker,preservation,6,2,4
Evokesaint,wyrmrest-accord,192,evoker,preservation,6,2,4
Preserveluke,moon-guard,192,evoker,preservation,6,2,4
Todorokî,frostmourne,192,evoker,preservation,6,2,4
Melchior,suramar,192,evoker,preservation,6,2,4
Scalie,draktharon,192,evoker,preservation,6,2,4
Shellybelly,shadowmoon,192,evoker,preservation,12,2,10
Kakäshï,tichondrius,192,evoker,preservation,12,2,10
Archoni,kelthuzad,192,evoker,preservation,12,2,10
Tightp,malganis,192,evoker,preservation,12,2,10
Contractor,emerald-dream,192,evoker,preservation,12,2,10
Luxxa,bloodhoof,192,evoker,preservation,12,2,10
Ceraxxes,tichondrius,192,evoker,preservation,12,2,10
Timecøp,zuljin,192,evoker,preservation,12,2,10
Olawd,azshara,192,evoker,preservation,12,2,10
Toyatoki,stormrage,192,evoker,preservation,12,2,10
Drakthyrmonk,hyjal,192,evoker,preservation,12,2,10
Moop,spinebreaker,192,evoker,preservation,12,2,10
Olesmokey,tichondrius,192,evoker,preservation,12,2,10
Raphd,sargeras,192,evoker,preservation,12,2,10
Huanglong,sargeras,192,evoker,preservation,12,2,10
Nøøvè,area-52,192,evoker,preservation,12,2,10
Drachenatem,skywall,192,evoker,preservation,15,2,13
Shoryuki,ragnaros,192,evoker,preservation,18,2,16
Dadydafather,sargeras,192,evoker,preservation,24,2,22
Spyrð,emerald-dream,191,evoker,preservation,6,2,4
Lacost,area-52,191,evoker,preservation,6,2,4
Valethal,ragnaros,191,evoker,preservation,6,2,4
Shtableboy,illidan,191,evoker,preservation,12,2,10
Shadowyasuke,area-52,191,evoker,preservation,12,2,10
Khaosius,moon-guard,191,evoker,preservation,18,2,16
Annazara,stormrage,186,evoker,preservation,14,4,10
Evooern,frostmourne,175,evoker,preservation,11,2,9
Solekstraza,stormrage,160,evoker,preservation,10,3,7
Pandasmoketv,proudmoore,159,evoker,preservation,5,2,3
Gigaiguana,quelthalas,159,evoker,preservation,8,3,5
Jetthryx,emerald-dream,159,evoker,preservation,11,2,9
Shíkyo,stormrage,138,evoker,preservation,20,3,17
Draacussy,tichondrius,112,evoker,preservation,7,2,5
Clapzyrbgs,stormrage,105,evoker,preservation,13,3,10
Dragoondeez,bleeding-hollow,96,evoker,preservation,3,2,1
Hutterbut,malganis,96,evoker,preservation,3,2,1
Ohmylanta,stormrage,96,evoker,preservation,6,1,5
Banjee,hellscream,96,evoker,preservation,6,1,5
Keedrori,thrall,96,evoker,preservation,6,1,5
Hausebat,moon-guard,96,evoker,preservation,6,1,5
Daddymike,thrall,96,evoker,preservation,6,1,5
Saînt,thrall,96,evoker,preservation,6,1,5
Gamerwords,barthilas,96,evoker,preservation,6,1,5
Henryvoker,moknathal,96,evoker,preservation,6,1,5
Tobee,stormrage,96,evoker,preservation,6,1,5
Talleraz,zuljin,96,evoker,preservation,6,1,5
Daymanx,zuljin,96,evoker,preservation,6,1,5
Patrdorasz,zuljin,96,evoker,preservation,6,1,5
Nivekk,zuljin,96,evoker,preservation,6,1,5
Simarity,thrall,96,evoker,preservation,6,1,5
Dragnips,bleeding-hollow,96,evoker,preservation,6,1,5
Chrisbenoitx,illidan,96,evoker,preservation,6,1,5
Eralfa,sargeras,96,evoker,preservation,6,1,5
Omars,sargeras,96,evoker,preservation,6,1,5
Deviantart,emerald-dream,96,evoker,preservation,6,1,5
Dragostephen,nazjatar,96,evoker,preservation,6,1,5
Rdrako,emerald-dream,96,evoker,preservation,6,1,5
Minikoaall,illidan,96,evoker,preservation,6,1,5
Ðrogõ,ragnaros,96,evoker,preservation,6,1,5
Varandir,frostmane,96,evoker,preservation,6,1,5
Atreign,blackwing-lair,96,evoker,preservation,6,1,5
Tasdarallar,frostmourne,96,evoker,preservation,6,1,5
Justyn,dathremar,96,evoker,preservation,6,1,5
Ashafi,area-52,96,evoker,preservation,6,1,5
Catvoker,area-52,96,evoker,preservation,6,1,5
Kazerica,illidan,96,evoker,preservation,6,1,5
Mookthyr,area-52,96,evoker,preservation,6,1,5
Ripdumpster,bonechewer,96,evoker,preservation,6,1,5
Evezra,illidan,96,evoker,preservation,6,1,5
Neroker,malganis,96,evoker,preservation,6,1,5
Caelïn,malganis,96,evoker,preservation,6,1,5
Beanflickher,tichondrius,96,evoker,preservation,6,1,5
Brokenscale,malganis,96,evoker,preservation,6,1,5
Aflyguy,malganis,96,evoker,preservation,6,1,5
Pyrepeanut,tichondrius,96,evoker,preservation,6,1,5
Sobuker,wyrmrest-accord,96,evoker,preservation,6,1,5
Ðräco,quelthalas,96,evoker,preservation,6,1,5
Etereosthel,ragnaros,96,evoker,preservation,6,1,5
Acvoker,tichondrius,96,evoker,preservation,6,1,5
Xampusaurio,ragnaros,96,evoker,preservation,6,1,5
Hardstuckirl,tichondrius,96,evoker,preservation,6,1,5
Ambium,dunemaul,96,evoker,preservation,6,1,5
Azgrodragon,stonemaul,96,evoker,preservation,6,1,5
Tyson,frostmane,96,evoker,preservation,6,1,5
Rojothyr,tichondrius,96,evoker,preservation,6,1,5
Spyroh,crushridge,96,evoker,preservation,6,1,5
Rekkcah,bloodscalp,96,evoker,preservation,6,1,5
Azurflame,tichondrius,96,evoker,preservation,6,1,5
Daraz,tichondrius,96,evoker,preservation,6,1,5
Nändy,tichondrius,96,evoker,preservation,6,1,5
Khaosdragona,proudmoore,96,evoker,preservation,6,1,5
Vvhip,tichondrius,96,evoker,preservation,6,1,5
Dakotakek,illidan,96,evoker,preservation,12,1,11
Draghone,illidan,96,evoker,preservation,12,1,11
Rhale,whisperwind,96,evoker,preservation,12,1,11
Jeeyell,malganis,96,evoker,preservation,12,1,11
Sashvoker,illidan,96,evoker,preservation,12,1,11
Morkite,moon-guard,96,evoker,preservation,12,1,11
Khorvin,proudmoore,96,evoker,preservation,12,1,11
Seamanstorm,area-52,96,evoker,preservation,12,1,11
Shimshine,destromath,96,evoker,preservation,12,1,11
Alkden,azralon,96,evoker,preservation,12,1,11
Nelphemuer,wyrmrest-accord,96,evoker,preservation,12,1,11
Derath,maelstrom,96,evoker,preservation,12,1,11
Eragon,feathermoon,96,evoker,preservation,12,1,11
Kâïn,tichondrius,95,evoker,preservation,24,1,23
Dragontamz,the-forgotten-coast,89,evoker,preservation,8,3,5
Blowmiê,area-52,79,evoker,preservation,5,1,4
Beeguy,blackhand,48,evoker,preservation,3,1,2
Dragcules,thrall,42,evoker,preservation,11,2,9
Zagze,stormrage,42,evoker,preservation,15,2,13
Tenyeen,moonrunner,31,evoker,preservation,2,1,1
Luøzheng,drakkari,16,evoker,preservation,1,1,0
Sëverus,moon-guard,9,evoker,preservation,8,5,3
Thiqc,zuluhed,9,evoker,preservation,9,3,6
Chun,malganis,2300,evoker,devastation,90,52,38
Caedalade,tichondrius,2252,evoker,devastation,129,76,53
Nikthevoker,tichondrius,2207,evoker,devastation,176,96,80
Ocdgamer,malganis,2171,evoker,devastation,143,73,70
Nikthevoker,area-52,2160,evoker,devastation,255,130,125
Crappysmellz,tichondrius,2157,evoker,devastation,85,48,37
Evokemedaddy,bleeding-hollow,2145,evoker,devastation,197,107,90
Whilefalse,stormrage,2125,evoker,devastation,95,48,47
Artemad,moon-guard,2122,evoker,devastation,168,96,72
Lizzimcguire,zuljin,2118,evoker,devastation,90,60,30
Caedalade,proudmoore,2117,evoker,devastation,550,275,275
Eastwubz,norgannon,2099,evoker,devastation,268,142,126
Shamblewing,arthas,2094,evoker,devastation,95,47,48
Jwoker,malganis,2074,evoker,devastation,83,46,37
Dametra,proudmoore,2054,evoker,devastation,156,85,71
Kinndyvoker,sargeras,2048,evoker,devastation,77,38,39
Frequevoker,tichondrius,2020,evoker,devastation,65,30,35
Somyr,area-52,2010,evoker,devastation,198,103,95
Breathalizer,sargeras,2008,evoker,devastation,162,87,75
Juicyjom,staghelm,1984,evoker,devastation,78,42,36
Azradormu,zuljin,1968,evoker,devastation,288,143,145
Saryuja,thunderhorn,1958,evoker,devastation,82,52,30
Trogdør,illidan,1952,evoker,devastation,218,111,107
Pykan,skullcrusher,1950,evoker,devastation,65,34,31
Katadrak,area-52,1945,evoker,devastation,60,34,26
Dracob,sargeras,1938,evoker,devastation,44,31,13
Hutaothighs,illidan,1937,evoker,devastation,130,67,63
Geicovoker,tichondrius,1931,evoker,devastation,70,37,33
Fizzlevoker,malganis,1928,evoker,devastation,77,40,37
Drogu,kelthuzad,1928,evoker,devastation,174,89,85
Dzrn,moon-guard,1922,evoker,devastation,144,72,72
Mtndewboy,illidan,1915,evoker,devastation,138,75,63
Wazgon,emerald-dream,1915,evoker,devastation,272,132,140
Arzaria,stormrage,1908,evoker,devastation,170,94,76
Rothvoker,tichondrius,1906,evoker,devastation,156,81,75
Venarys,dalaran,1903,evoker,devastation,54,36,18
Peef,tichondrius,1902,evoker,devastation,48,27,21
Rõÿ,area-52,1901,evoker,devastation,54,31,23
Ayavi,illidan,1890,evoker,devastation,96,61,35
Draxarys,area-52,1887,evoker,devastation,310,159,151
Quadude,illidan,1886,evoker,devastation,221,109,112
Gôdzevoker,area-52,1879,evoker,devastation,129,73,56
Seldantria,dalaran,1875,evoker,devastation,71,36,35
Puf,magtheridon,1872,evoker,devastation,516,272,244
Azazél,borean-tundra,1868,evoker,devastation,257,136,121
Gwaelii,tichondrius,1865,evoker,devastation,117,70,47
Laneva,moon-guard,1863,evoker,devastation,134,90,44
Krashbandico,zangarmarsh,1863,evoker,devastation,61,30,31
Thrawn,arygos,1855,evoker,devastation,59,37,22
Bigdrag,blackhand,1854,evoker,devastation,275,141,134
Strepo,proudmoore,1851,evoker,devastation,66,34,32
Royquaza,illidan,1850,evoker,devastation,60,33,27
Coltist,elune,1848,evoker,devastation,42,29,13
Rescued,wyrmrest-accord,1848,evoker,devastation,54,31,23
Tatsurai,tichondrius,1845,evoker,devastation,43,24,19
Fores,tichondrius,1845,evoker,devastation,127,65,62
Eshen,ragnaros,1843,evoker,devastation,298,158,140
Yrue,moon-guard,1843,evoker,devastation,72,37,35
Plep,wyrmrest-accord,1836,evoker,devastation,51,30,21
Zoomi,whisperwind,1830,evoker,devastation,41,23,18
Raxdragon,sargeras,1826,evoker,devastation,36,22,14
Meltharian,frostmourne,1826,evoker,devastation,162,84,78
Dracthael,stormrage,1825,evoker,devastation,134,76,58
Srb,chogall,1824,evoker,devastation,113,63,50
Drakori,azralon,1823,evoker,devastation,115,67,48
Krúnsh,ragnaros,1823,evoker,devastation,191,104,87
Dobbieslide,barthilas,1822,evoker,devastation,30,21,9
Beatdownbill,sargeras,1820,evoker,devastation,200,104,96
Mushugon,wyrmrest-accord,1819,evoker,devastation,71,44,27
Kozmoker,gnomeregan,1819,evoker,devastation,42,24,18
Komodolong,tichondrius,1819,evoker,devastation,53,26,27
Azvanced,sargeras,1818,evoker,devastation,48,31,17
Kyloflight,thrall,1817,evoker,devastation,50,33,17
Æthyr,anubarak,1816,evoker,devastation,54,33,21
Wheezee,emerald-dream,1815,evoker,devastation,81,41,40
Dracaryz,blackhand,1814,evoker,devastation,60,35,25
Gridskully,quelthalas,1814,evoker,devastation,81,38,43
Konne,tichondrius,1813,evoker,devastation,48,30,18
Courtvoke,turalyon,1813,evoker,devastation,94,57,37
Teriarch,stormrage,1813,evoker,devastation,39,23,16
Caelïn,malganis,1812,evoker,devastation,244,133,111
Milkymike,uldum,1811,evoker,devastation,72,44,28
Gojirastraza,stormrage,1810,evoker,devastation,53,32,21
Taylordra,tichondrius,1810,evoker,devastation,63,33,30
Bhanethyr,illidan,1810,evoker,devastation,66,28,38
Yakkin,kelthuzad,1809,evoker,devastation,122,72,50
Nørbert,frostmourne,1808,evoker,devastation,66,36,30
Ragedizzle,twisting-nether,1808,evoker,devastation,91,49,42
Mil,lightnings-blade,1808,evoker,devastation,69,37,32
Koalaman,area-52,1807,evoker,devastation,384,193,191
Blackdragôn,stormrage,1806,evoker,devastation,67,36,31
Dilon,area-52,1804,evoker,devastation,84,49,35
Tazriak,tichondrius,1803,evoker,devastation,83,52,31
Thordak,drakkari,1801,evoker,devastation,72,40,32
Fractalz,alterac-mountains,1800,evoker,devastation,169,92,77
Draxarys,tichondrius,1795,evoker,devastation,438,215,223
Izzythelizzy,tichondrius,1792,evoker,devastation,212,116,96
Evokes,moon-guard,1790,evoker,devastation,92,46,46
Bugberry,illidan,1784,evoker,devastation,102,51,51
Swolegarian,emerald-dream,1783,evoker,devastation,119,64,55
Derite,bonechewer,1781,evoker,devastation,46,34,12
Airgordan,area-52,1781,evoker,devastation,107,50,57
Cowboyydann,malganis,1777,evoker,devastation,35,22,13
Ilovepolpot,tichondrius,1776,evoker,devastation,36,24,12
Mcglizzy,stormrage,1766,evoker,devastation,179,96,83
Dragnmÿballs,blackrock,1756,evoker,devastation,66,44,22
Dracomalfoyy,caelestrasz,1756,evoker,devastation,45,27,18
Dragonborn,malganis,1756,evoker,devastation,51,30,21
Zlyrax,moon-guard,1756,evoker,devastation,65,33,32
Draislyn,cenarion-circle,1755,evoker,devastation,72,44,28
Vhagarius,tichondrius,1746,evoker,devastation,118,61,57
Emiriss,thrall,1744,evoker,devastation,88,45,43
Emperör,quelthalas,1741,evoker,devastation,36,21,15
Drgua,tichondrius,1740,evoker,devastation,99,49,50
Blowmiê,area-52,1738,evoker,devastation,176,94,82
Theredmenace,barthilas,1734,evoker,devastation,41,26,15
Stickvoker,sargeras,1733,evoker,devastation,66,40,26
Golden,area-52,1733,evoker,devastation,46,24,22
Zenithria,thrall,1732,evoker,devastation,196,104,92
Obsidianimp,sargeras,1732,evoker,devastation,66,28,38
Flippyflappy,zuljin,1731,evoker,devastation,51,31,20
Juicylizard,stormrage,1730,evoker,devastation,266,135,131
Ethalem,thrall,1727,evoker,devastation,371,195,176
Zenasatral,sargeras,1726,evoker,devastation,37,27,10
Mmrglmrglmr,stormrage,1723,evoker,devastation,125,71,54
Tagzy,tichondrius,1722,evoker,devastation,135,80,55
Axiomoixa,tichondrius,1722,evoker,devastation,42,23,19
Alekoslol,area-52,1722,evoker,devastation,64,35,29
Anachronormu,mannoroth,1721,evoker,devastation,155,78,77
Nazaral,mannoroth,1718,evoker,devastation,126,67,59
Vizora,moon-guard,1714,evoker,devastation,218,116,102
Nunez,frostmourne,1713,evoker,devastation,41,22,19
Arkeryte,moon-guard,1713,evoker,devastation,184,95,89
Hlnv,aegwynn,1712,evoker,devastation,124,70,54
Betasoldier,kelthuzad,1710,evoker,devastation,107,62,45
Iamluck,kiljaeden,1701,evoker,devastation,58,30,28
Devokerx,emerald-dream,1700,evoker,devastation,48,26,22
Millagosa,stormrage,1700,evoker,devastation,120,62,58
Xxkimura,tichondrius,1698,evoker,devastation,376,190,186
Jase,gilneas,1691,evoker,devastation,74,45,29
Flapples,stormrage,1690,evoker,devastation,126,66,60
Nändy,tichondrius,1689,evoker,devastation,48,28,20
Spyrodadrago,malganis,1689,evoker,devastation,93,51,42
Oldxdrake,sargeras,1689,evoker,devastation,156,77,79
Puffthemagic,lightnings-blade,1687,evoker,devastation,53,27,26
Qbgosa,malganis,1686,evoker,devastation,48,27,21
Whinks,zangarmarsh,1685,evoker,devastation,48,26,22
Cløud,hellscream,1684,evoker,devastation,24,18,6
Schmitty,hellscream,1684,evoker,devastation,30,20,10
Evokez,barthilas,1682,evoker,devastation,64,41,23
Tjofscales,stormrage,1682,evoker,devastation,54,23,31
Djvoker,zuljin,1681,evoker,devastation,62,32,30
Skazz,emerald-dream,1680,evoker,devastation,36,23,13
Darkwingz,icecrown,1680,evoker,devastation,44,25,19
Kaldesun,ragnaros,1680,evoker,devastation,54,28,26
Recursion,dragonmaw,1679,evoker,devastation,78,45,33
Xhamon,quelthalas,1679,evoker,devastation,288,143,145
Dovàhkin,moon-guard,1678,evoker,devastation,100,53,47
Catvoker,area-52,1678,evoker,devastation,114,58,56
Kazooie,zuljin,1678,evoker,devastation,48,22,26
Lardicønn,thrall,1677,evoker,devastation,32,19,13
Hochenblume,proudmoore,1677,evoker,devastation,89,48,41
Ðeepßreath,sargeras,1676,evoker,devastation,84,43,41
Mcflý,sargeras,1675,evoker,devastation,95,60,35
Drøgon,sargeras,1674,evoker,devastation,59,29,30
Lukamagik,boulderfist,1673,evoker,devastation,42,22,20
Balrôg,malganis,1672,evoker,devastation,104,50,54
Rengöku,skullcrusher,1671,evoker,devastation,72,39,33
Garlicbreth,stormrage,1671,evoker,devastation,76,40,36
Bucket,wyrmrest-accord,1665,evoker,devastation,48,24,24
Shalander,proudmoore,1664,evoker,devastation,159,87,72
Haramcad,tichondrius,1659,evoker,devastation,209,111,98
Ackreshanaz,nagrand,1659,evoker,devastation,48,22,26
Scaleychad,zuljin,1656,evoker,devastation,65,31,34
Whethersmell,tichondrius,1655,evoker,devastation,93,55,38
Rá,drenden,1655,evoker,devastation,102,43,59
Bumbaclot,illidan,1653,evoker,devastation,43,24,19
Breathkillsu,emerald-dream,1653,evoker,devastation,90,45,45
Mlboa,frostmourne,1653,evoker,devastation,100,49,51
Mindme,tichondrius,1652,evoker,devastation,53,30,23
Dooklord,shuhalo,1652,evoker,devastation,186,86,100
Richflex,boulderfist,1651,evoker,devastation,56,26,30
Wingdeadly,tichondrius,1650,evoker,devastation,66,35,31
Raller,malganis,1649,evoker,devastation,30,18,12
Nykhel,tichondrius,1648,evoker,devastation,42,21,21
Rhÿu,quelthalas,1647,evoker,devastation,149,82,67
Kinto,stormrage,1647,evoker,devastation,54,24,30
Koralia,moon-guard,1647,evoker,devastation,42,18,24
Deralan,khaz-modan,1645,evoker,devastation,36,20,16
Zindraco,thrall,1645,evoker,devastation,48,23,25
Psynister,illidan,1644,evoker,devastation,168,76,92
Hmong,proudmoore,1643,evoker,devastation,48,20,28
Erizcdraa,tichondrius,1642,evoker,devastation,46,26,20
Ruination,lightnings-blade,1641,evoker,devastation,54,31,23
Gangbânk,tichondrius,1640,evoker,devastation,107,55,52
Soory,coilfang,1639,evoker,devastation,82,46,36
Quadarius,tichondrius,1635,evoker,devastation,150,85,65
Topg,boulderfist,1633,evoker,devastation,68,42,26
Dractheseus,tichondrius,1633,evoker,devastation,42,23,19
Zeranthal,moon-guard,1632,evoker,devastation,32,21,11
Cmiygl,proudmoore,1632,evoker,devastation,42,24,18
Likelydevo,tichondrius,1631,evoker,devastation,36,26,10
Averithel,moon-guard,1630,evoker,devastation,35,23,12
Basiliskgodx,tichondrius,1629,evoker,devastation,48,26,22
Baigels,thrall,1628,evoker,devastation,72,39,33
Burnyxia,zuljin,1628,evoker,devastation,48,23,25
Drayongari,tichondrius,1627,evoker,devastation,82,45,37
Rizzanomics,zuljin,1626,evoker,devastation,76,32,44
Ycnpass,tichondrius,1625,evoker,devastation,155,78,77
Shoestrings,tichondrius,1625,evoker,devastation,138,64,74
Cottoncandy,stormrage,1623,evoker,devastation,201,99,102
Sofyon,dalaran,1621,evoker,devastation,64,31,33
Naverdr,tichondrius,1619,evoker,devastation,54,30,24
Sethelys,tichondrius,1619,evoker,devastation,50,27,23
Bombs,shattered-hand,1618,evoker,devastation,168,88,80
Madjeckyl,dalaran,1617,evoker,devastation,60,27,33
Kozukimomo,area-52,1616,evoker,devastation,125,63,62
Aentharion,argent-dawn,1616,evoker,devastation,59,29,30
Eshaybruh,barthilas,1615,evoker,devastation,46,26,20
Toastragosa,cenarius,1615,evoker,devastation,175,86,89
Lïzzy,tichondrius,1614,evoker,devastation,34,23,11
Lizardik,lightnings-blade,1614,evoker,devastation,44,26,18
Eternabeam,gilneas,1614,evoker,devastation,89,45,44
Smoochies,emerald-dream,1614,evoker,devastation,72,36,36
Zyzzy,icecrown,1613,evoker,devastation,80,48,32
Embarasi,moon-guard,1613,evoker,devastation,60,36,24
Endoveire,tichondrius,1613,evoker,devastation,54,23,31
Superscales,zuljin,1612,evoker,devastation,37,22,15
Âvalon,zuljin,1611,evoker,devastation,24,17,7
Jòrmungandr,moon-guard,1611,evoker,devastation,86,39,47
Zhannecgos,moon-guard,1611,evoker,devastation,46,20,26
Bréáth,tichondrius,1608,evoker,devastation,48,33,15
Youdig,nazjatar,1608,evoker,devastation,42,24,18
Lorb,icecrown,1608,evoker,devastation,179,98,81
Onysable,stormrage,1608,evoker,devastation,42,21,21
Akajills,tichondrius,1607,evoker,devastation,124,70,54
Xplode,area-52,1605,evoker,devastation,206,108,98
Quickshootin,tichondrius,1605,evoker,devastation,89,40,49
Grapthar,korgath,1604,evoker,devastation,147,82,65
Wangfly,area-52,1604,evoker,devastation,48,24,24
Voithyr,moon-guard,1603,evoker,devastation,158,85,73
Dubskis,area-52,1603,evoker,devastation,122,63,59
Jereico,stonemaul,1603,evoker,devastation,78,39,39
Bently,bloodhoof,1603,evoker,devastation,48,21,27
Marccuss,bleeding-hollow,1601,evoker,devastation,24,17,7
Børedom,burning-legion,1601,evoker,devastation,54,36,18
Ryuback,sargeras,1601,evoker,devastation,42,26,16
Spicyrooster,area-52,1601,evoker,devastation,44,24,20
Pewnee,eonar,1599,evoker,devastation,119,58,61
Tealetaz,area-52,1597,evoker,devastation,76,49,27
Talent,deathwing,1597,evoker,devastation,30,17,13
Galakrønd,illidan,1597,evoker,devastation,193,101,92
Razistzegrlz,illidan,1597,evoker,devastation,54,22,32
Potfase,tichondrius,1596,evoker,devastation,50,23,27
Kozara,trollbane,1595,evoker,devastation,41,21,20
Climax,stormrage,1595,evoker,devastation,49,23,26
Imugee,sargeras,1594,evoker,devastation,66,33,33
Mfquietus,illidan,1591,evoker,devastation,88,49,39
Errier,tichondrius,1591,evoker,devastation,53,28,25
Batwig,tichondrius,1590,evoker,devastation,71,39,32
Drussyboy,illidan,1589,evoker,devastation,106,58,48
Eszel,thunderlord,1588,evoker,devastation,237,122,115
Djvokey,area-52,1587,evoker,devastation,54,28,26
Dragonhyde,stormrage,1586,evoker,devastation,66,44,22
Rotscale,proudmoore,1585,evoker,devastation,48,25,23
Devilmanguy,bonechewer,1585,evoker,devastation,102,51,51
Terraxkhan,quelthalas,1585,evoker,devastation,66,29,37
Mayhemvoker,rexxar,1584,evoker,devastation,60,35,25
Epollyon,sargeras,1582,evoker,devastation,48,26,22
Flysokan,tichondrius,1582,evoker,devastation,63,32,31
Taeloc,frostmourne,1582,evoker,devastation,48,22,26
Algonir,wyrmrest-accord,1581,evoker,devastation,30,17,13
Pewpowdragon,malganis,1581,evoker,devastation,46,26,20
Narissian,wyrmrest-accord,1581,evoker,devastation,137,75,62
Nethenezoth,auchindoun,1580,evoker,devastation,54,26,28
Zona,moon-guard,1579,evoker,devastation,83,40,43
Daesired,moon-guard,1573,evoker,devastation,72,37,35
Envisioned,kelthuzad,1572,evoker,devastation,36,19,17
Hemipenes,tichondrius,1571,evoker,devastation,35,21,14
Dragontales,stormrage,1571,evoker,devastation,137,74,63
Ævoker,tichondrius,1569,evoker,devastation,111,54,57
Swøøpe,stormrage,1565,evoker,devastation,51,28,23
Kalisee,skullcrusher,1565,evoker,devastation,109,58,51
Hoodwings,stormrage,1561,evoker,devastation,91,53,38
Rðsè,tichondrius,1558,evoker,devastation,204,97,107
Trákanon,mugthol,1557,evoker,devastation,93,49,44
Anthyrsia,zuljin,1554,evoker,devastation,66,29,37
Rinstraza,thrall,1552,evoker,devastation,173,86,87
Dunkinonem,black-dragonflight,1551,evoker,devastation,48,30,18
Kazuresh,shuhalo,1551,evoker,devastation,72,37,35
Devdjinn,tichondrius,1547,evoker,devastation,336,175,161
Jarzilla,illidan,1544,evoker,devastation,36,21,15
Sintholo,sargeras,1544,evoker,devastation,104,52,52
Agheel,firetree,1543,evoker,devastation,44,23,21
Aarax,tichondrius,1542,evoker,devastation,95,47,48
Fairstrider,tichondrius,1542,evoker,devastation,78,36,42
Shortdargon,zuljin,1541,evoker,devastation,54,25,29
Hotdragon,zuljin,1540,evoker,devastation,95,52,43
Breezemordus,zuljin,1540,evoker,devastation,45,24,21
Rangel,tol-barad,1540,evoker,devastation,112,57,55
Growthyy,malganis,1539,evoker,devastation,30,18,12
Evòker,tichondrius,1539,evoker,devastation,90,43,47
Jurokiel,sargeras,1538,evoker,devastation,245,132,113
Dragonkings,tichondrius,1538,evoker,devastation,189,88,101
Weeners,area-52,1535,evoker,devastation,54,31,23
Ragnagos,area-52,1535,evoker,devastation,72,36,36
Dillss,tichondrius,1534,evoker,devastation,108,57,51
Deathwingtwo,sargeras,1533,evoker,devastation,61,34,27
Drachenatem,skywall,1530,evoker,devastation,48,27,21
Hydrogenbomb,sargeras,1530,evoker,devastation,86,47,39
Nxnevo,tichondrius,1529,evoker,devastation,36,19,17
You,deathwing,1528,evoker,devastation,42,24,18
Linguistic,tichondrius,1527,evoker,devastation,78,39,39
Zandrov,greymane,1526,evoker,devastation,51,29,22
Frequentlee,illidan,1526,evoker,devastation,30,16,14
Bryiona,proudmoore,1525,evoker,devastation,127,62,65
Bellerion,proudmoore,1524,evoker,devastation,60,31,29
Abaddragon,dalaran,1522,evoker,devastation,77,35,42
Dracfire,saurfang,1520,evoker,devastation,72,36,36
Zerket,ragnaros,1518,evoker,devastation,30,16,14
Kylidon,garrosh,1516,evoker,devastation,83,44,39
Curtis,shadowmoon,1515,evoker,devastation,142,78,64
Deewey,sargeras,1514,evoker,devastation,74,43,31
Daydrac,thrall,1514,evoker,devastation,66,33,33
Wonyoungx,frostmourne,1514,evoker,devastation,163,75,88
Olesmokey,tichondrius,1513,evoker,devastation,86,45,41
Mustardtiger,malorne,1512,evoker,devastation,103,56,47
Galrend,firetree,1511,evoker,devastation,84,44,40
Meleyx,saurfang,1510,evoker,devastation,102,51,51
Polyrhythmic,ysera,1510,evoker,devastation,79,38,41
Zlandicaar,area-52,1507,evoker,devastation,122,66,56
Meepslol,kiljaeden,1506,evoker,devastation,27,17,10
Drflame,quelthalas,1505,evoker,devastation,53,32,21
Xhaal,tichondrius,1504,evoker,devastation,186,89,97
Demidas,emerald-dream,1503,evoker,devastation,36,24,12
Tinine,frostmourne,1503,evoker,devastation,60,33,27
Drakoris,malganis,1503,evoker,devastation,233,125,108
Zartolas,moon-guard,1503,evoker,devastation,153,75,78
Mythsvoker,barthilas,1503,evoker,devastation,37,18,19
Atreign,blackwing-lair,1499,evoker,devastation,55,22,33
Valentis,bleeding-hollow,1498,evoker,devastation,108,60,48
Tezzyl,kiljaeden,1498,evoker,devastation,30,16,14
Vikings,madoran,1497,evoker,devastation,41,19,22
Chànge,lothar,1496,evoker,devastation,77,38,39
Slyinx,area-52,1496,evoker,devastation,54,24,30
Famousdr,stormrage,1495,evoker,devastation,50,26,24
Koopa,malygos,1493,evoker,devastation,60,27,33
Zervis,arthas,1492,evoker,devastation,88,39,49
Dwagonwage,zuljin,1491,evoker,devastation,108,46,62
Ùwüdragon,tichondrius,1490,evoker,devastation,118,71,47
Evoqz,stormrage,1490,evoker,devastation,60,35,25
Bloodwings,tichondrius,1490,evoker,devastation,66,34,32
Jgdragon,sargeras,1489,evoker,devastation,36,18,18
Dimatis,ragnaros,1488,evoker,devastation,42,17,25
Drêki,bleeding-hollow,1487,evoker,devastation,162,80,82
Serthius,darkspear,1486,evoker,devastation,36,23,13
Kjerne,stormrage,1486,evoker,devastation,59,37,22
Xaeradroz,area-52,1486,evoker,devastation,78,41,37
Valkhar,illidan,1484,evoker,devastation,48,25,23
Acoldwall,illidan,1482,evoker,devastation,36,24,12
Jiminsgf,tichondrius,1482,evoker,devastation,62,38,24
Dracky,deathwing,1482,evoker,devastation,35,21,14
Desiinger,tichondrius,1482,evoker,devastation,69,38,31
Riz,blackhand,1480,evoker,devastation,62,37,25
Qfyre,frostmourne,1480,evoker,devastation,57,34,23
Puffthemagiq,mugthol,1479,evoker,devastation,72,40,32
Encouraçado,stormrage,1477,evoker,devastation,71,37,34
Steveaoker,frostmourne,1476,evoker,devastation,34,18,16
Jowtzprev,ragnaros,1476,evoker,devastation,72,38,34
Dragonvore,moon-guard,1475,evoker,devastation,23,17,6
Elurb,illidan,1475,evoker,devastation,50,30,20
Lexgrossman,kelthuzad,1472,evoker,devastation,140,75,65
Friedsalmon,azshara,1467,evoker,devastation,76,39,37
Tabebuya,illidan,1466,evoker,devastation,81,35,46
Dreamtalons,area-52,1465,evoker,devastation,54,31,23
Altri,lightnings-blade,1463,evoker,devastation,36,21,15
Nishalethen,moon-guard,1463,evoker,devastation,104,48,56
Evokÿ,stormrage,1459,evoker,devastation,24,16,8
Dekux,elune,1459,evoker,devastation,36,16,20
Netreset,illidan,1459,evoker,devastation,55,24,31
Karox,moon-guard,1458,evoker,devastation,205,99,106
Ashenoth,antonidas,1457,evoker,devastation,72,42,30
Talanoth,skullcrusher,1456,evoker,devastation,67,40,27
Domavem,tichondrius,1454,evoker,devastation,42,20,22
Nið,moon-guard,1454,evoker,devastation,34,16,18
Totýs,quelthalas,1451,evoker,devastation,77,33,44
Unseenzblack,tichondrius,1450,evoker,devastation,35,21,14
Dragontrees,illidan,1450,evoker,devastation,36,19,17
Amlug,illidan,1450,evoker,devastation,88,38,50
Ýüp,tichondrius,1448,evoker,devastation,34,21,13
Phlegython,eredar,1448,evoker,devastation,48,23,25
Trazana,wyrmrest-accord,1447,evoker,devastation,46,27,19
Bumbledragn,moon-guard,1447,evoker,devastation,144,74,70
Midi,boulderfist,1446,evoker,devastation,42,21,21
Lilfootmommy,emerald-dream,1446,evoker,devastation,36,16,20
Bryágh,wyrmrest-accord,1445,evoker,devastation,183,92,91
Koralia,wyrmrest-accord,1440,evoker,devastation,35,16,19
Cindiql,stormrage,1439,evoker,devastation,30,20,10
Veserion,azralon,1439,evoker,devastation,96,54,42
Salakhar,drakkari,1438,evoker,devastation,38,24,14
Tyrvin,kiljaeden,1438,evoker,devastation,177,90,87
Kheeleesi,illidan,1438,evoker,devastation,113,55,58
Monkeydrake,tichondrius,1438,evoker,devastation,78,34,44
Ilovequiet,proudmoore,1437,evoker,devastation,48,22,26
Chinesedragn,tichondrius,1436,evoker,devastation,100,51,49
Aoxila,proudmoore,1436,evoker,devastation,297,145,152
Zalzin,agamaggan,1435,evoker,devastation,92,48,44
Vexosza,moon-guard,1434,evoker,devastation,30,16,14
Erling,duskwood,1432,evoker,devastation,108,56,52
Takhysis,frostmourne,1431,evoker,devastation,60,34,26
Joopydrake,tichondrius,1431,evoker,devastation,30,15,15
Êsh,lightbringer,1431,evoker,devastation,46,21,25
Dracthyrius,thunderlord,1430,evoker,devastation,30,16,14
Valthenax,frostmourne,1430,evoker,devastation,94,39,55
Brounno,area-52,1429,evoker,devastation,76,49,27
Draginnutz,dunemaul,1429,evoker,devastation,66,36,30
Erokx,kelthuzad,1428,evoker,devastation,30,15,15
Brendormu,moon-guard,1428,evoker,devastation,39,15,24
Neith,aerie-peak,1426,evoker,devastation,53,21,32
Nezaral,frostmourne,1424,evoker,devastation,24,15,9
Dylawn,illidan,1424,evoker,devastation,54,31,23
Tïtäm,area-52,1424,evoker,devastation,38,19,19
Dragonbic,illidan,1423,evoker,devastation,36,16,20
Nessumsar,azralon,1422,evoker,devastation,38,18,20
Nazanazar,wyrmrest-accord,1419,evoker,devastation,188,99,89
Yujirohanma,frostmourne,1418,evoker,devastation,71,36,35
Brokenscales,nerzhul,1417,evoker,devastation,32,20,12
Ezarke,madoran,1417,evoker,devastation,65,33,32
Juooun,tichondrius,1417,evoker,devastation,93,41,52
Dafiya,thrall,1416,evoker,devastation,40,21,19
Toxicspyro,frostmourne,1414,evoker,devastation,118,58,60
Solidusz,thrall,1413,evoker,devastation,30,15,15
Dragoness,azralon,1412,evoker,devastation,142,67,75
Dragondis,thrall,1412,evoker,devastation,64,30,34
Dovå,moon-guard,1409,evoker,devastation,38,21,17
Puffsmoke,korgath,1407,evoker,devastation,36,21,15
Setash,kiljaeden,1407,evoker,devastation,72,39,33
Adraell,illidan,1406,evoker,devastation,73,36,37
Wackthyr,frostmourne,1405,evoker,devastation,46,26,20
Thechadwasgr,bleeding-hollow,1403,evoker,devastation,62,31,31
Sizzlebird,darkspear,1403,evoker,devastation,150,74,76
Dragoom,saurfang,1402,evoker,devastation,36,20,16
Sylnathaire,wyrmrest-accord,1402,evoker,devastation,166,84,82
Firkrag,bleeding-hollow,1402,evoker,devastation,60,28,32
Tinà,tichondrius,1401,evoker,devastation,54,31,23
Favoredson,area-52,1401,evoker,devastation,60,31,29
Spicy,mannoroth,1400,evoker,devastation,40,22,18
Valkalas,moon-guard,1400,evoker,devastation,63,30,33
Tasoly,stormrage,1400,evoker,devastation,71,29,42
Smacktoch,sargeras,1397,evoker,devastation,66,33,33
Leapofagony,zuljin,1397,evoker,devastation,51,22,29
Drozul,stormrage,1395,evoker,devastation,48,17,31
Rodgoesinya,blackrock,1392,evoker,devastation,54,30,24
Blittlle,bleeding-hollow,1391,evoker,devastation,66,39,27
Aelvina,moon-guard,1391,evoker,devastation,94,50,44
Narthraxion,destromath,1390,evoker,devastation,177,93,84
Prevocker,sargeras,1387,evoker,devastation,85,37,48
Zendrov,skywall,1386,evoker,devastation,79,41,38
Riizo,malganis,1385,evoker,devastation,30,16,14
Raygos,nemesis,1381,evoker,devastation,122,59,63
Dailon,stormreaver,1381,evoker,devastation,123,59,64
Howtew,jubeithos,1377,evoker,devastation,72,37,35
Madashy,durotan,1377,evoker,devastation,71,34,37
Tiamaat,black-dragonflight,1375,evoker,devastation,43,19,24
Devonstation,zuljin,1372,evoker,devastation,48,25,23
Zeetash,illidan,1372,evoker,devastation,102,42,60
Malygoz,frostmourne,1370,evoker,devastation,60,24,36
Monyz,emerald-dream,1369,evoker,devastation,86,53,33
Kosstro,thunderlord,1366,evoker,devastation,58,35,23
Gutterskank,illidan,1362,evoker,devastation,35,22,13
Evokedx,area-52,1361,evoker,devastation,42,21,21
Senven,blackhand,1361,evoker,devastation,72,35,37
Sidrasza,norgannon,1360,evoker,devastation,73,40,33
Cròk,quelthalas,1360,evoker,devastation,33,15,18
Evosham,thunderlord,1357,evoker,devastation,26,16,10
Thendroz,moon-guard,1357,evoker,devastation,30,18,12
Trenash,illidan,1357,evoker,devastation,94,40,54
Dracthyrwa,azralon,1356,evoker,devastation,34,19,15
Cmdragonbalz,sargeras,1353,evoker,devastation,169,82,87
Kêristrasza,wyrmrest-accord,1352,evoker,devastation,72,36,36
Zayllaerth,illidan,1351,evoker,devastation,122,62,60
Hugehorns,jubeithos,1349,evoker,devastation,24,15,9
Nuttutted,emerald-dream,1346,evoker,devastation,35,16,19
Dragginballz,twisting-nether,1345,evoker,devastation,42,23,19
Ironscale,dalaran,1344,evoker,devastation,36,19,17
Aydetal,eonar,1343,evoker,devastation,42,20,22
Puffthemagik,doomhammer,1342,evoker,devastation,232,110,122
Grendalevo,tichondrius,1341,evoker,devastation,69,34,35
Kazrekan,moon-guard,1339,evoker,devastation,30,14,16
Evokinator,zuljin,1338,evoker,devastation,48,26,22
Yuukee,thrall,1338,evoker,devastation,43,23,20
Valyrik,illidan,1336,evoker,devastation,143,70,73
Pisslizard,stormrage,1331,evoker,devastation,40,19,21
Rial,frostmourne,1331,evoker,devastation,30,14,16
Gypgo,ragnaros,1330,evoker,devastation,24,14,10
Dragocser,drakkari,1327,evoker,devastation,24,14,10
Dragonair,spinebreaker,1327,evoker,devastation,39,22,17
Doomn,moon-guard,1327,evoker,devastation,54,27,27
Vaelikai,korgath,1326,evoker,devastation,18,14,4
Pågemaster,moon-guard,1325,evoker,devastation,26,15,11
Zlolykcir,malganis,1324,evoker,devastation,95,52,43
Derazar,malganis,1323,evoker,devastation,42,25,17
Dîego,azralon,1321,evoker,devastation,58,33,25
Grievaxion,ragnaros,1319,evoker,devastation,24,15,9
Emikothyr,thrall,1319,evoker,devastation,74,41,33
Filthywings,stormrage,1318,evoker,devastation,30,14,16
Ggcthulhu,area-52,1316,evoker,devastation,24,14,10
Dragneel,wyrmrest-accord,1316,evoker,devastation,62,25,37
Drahconne,illidan,1312,evoker,devastation,76,40,36
Skooby,drenden,1312,evoker,devastation,42,22,20
Brunswichk,azralon,1311,evoker,devastation,111,58,53
Benares,zuljin,1311,evoker,devastation,96,47,49
Vokeero,ysera,1310,evoker,devastation,78,40,38
Notvez,bleeding-hollow,1310,evoker,devastation,61,27,34
Sía,drakkari,1306,evoker,devastation,24,14,10
Galakraas,proudmoore,1306,evoker,devastation,93,46,47
Satanasx,illidan,1305,evoker,devastation,84,38,46
Klownfiesta,thrall,1301,evoker,devastation,163,87,76
Fáffy,kelthuzad,1301,evoker,devastation,48,20,28
Skykeeper,quelthalas,1300,evoker,devastation,130,67,63
Alligatorz,sargeras,1300,evoker,devastation,54,27,27
Drogan,demon-soul,1299,evoker,devastation,104,59,45
Taamyr,wyrmrest-accord,1298,evoker,devastation,258,136,122
Midnights,scarlet-crusade,1296,evoker,devastation,89,52,37
Zippityzoom,barthilas,1296,evoker,devastation,174,88,86
Vahaerys,stormrage,1296,evoker,devastation,48,21,27
Deyuu,barthilas,1296,evoker,devastation,36,14,22
Evokjoe,tortheldrin,1295,evoker,devastation,70,35,35
Slitherin,dalaran,1294,evoker,devastation,60,28,32
Paycussy,sargeras,1292,evoker,devastation,30,21,9
Grem,muradin,1292,evoker,devastation,37,24,13
Panicnodisco,zuljin,1292,evoker,devastation,23,14,9
Darazen,scarlet-crusade,1292,evoker,devastation,37,18,19
Dracthul,tichondrius,1289,evoker,devastation,125,67,58
Tekath,altar-of-storms,1288,evoker,devastation,79,36,43
Shënrøn,tichondrius,1287,evoker,devastation,24,14,10
Nathenezital,frostmourne,1284,evoker,devastation,51,28,23
Wrecketz,tichondrius,1284,evoker,devastation,100,53,47
Bvo,stormrage,1283,evoker,devastation,149,75,74
Skymagician,frostmourne,1282,evoker,devastation,34,14,20
Layothyr,stormrage,1281,evoker,devastation,30,18,12
Aktas,illidan,1280,evoker,devastation,40,19,21
Vlåd,tichondrius,1279,evoker,devastation,42,19,23
Itwasntthis,tichondrius,1278,evoker,devastation,135,68,67
Sylverion,thrall,1278,evoker,devastation,76,38,38
Redeyés,area-52,1277,evoker,devastation,36,25,11
Chimo,laughing-skull,1277,evoker,devastation,57,28,29
Dinnkyion,dalaran,1277,evoker,devastation,30,14,16
Asham,azralon,1276,evoker,devastation,93,55,38
Cheaterz,area-52,1274,evoker,devastation,54,33,21
Koriaz,ragnaros,1274,evoker,devastation,23,14,9
Emsli,moon-guard,1273,evoker,devastation,34,20,14
Dimpulse,zuljin,1265,evoker,devastation,30,17,13
Tralanoth,destromath,1264,evoker,devastation,36,18,18
Dvrk,frostmourne,1264,evoker,devastation,77,36,41
Targaryenz,malganis,1263,evoker,devastation,66,32,34
Døvahkiin,sargeras,1260,evoker,devastation,29,14,15
Skizle,destromath,1259,evoker,devastation,35,16,19
Skykeeper,dalaran,1257,evoker,devastation,36,19,17
Ripdumpster,bonechewer,1257,evoker,devastation,38,16,22
Drahkoo,azralon,1255,evoker,devastation,33,16,17
Nephrites,area-52,1252,evoker,devastation,34,15,19
Nathx,drakkari,1251,evoker,devastation,48,31,17
Crogosa,quelthalas,1251,evoker,devastation,36,14,22
Atpsuspect,nerzhul,1250,evoker,devastation,48,23,25
Tessedract,bleeding-hollow,1248,evoker,devastation,28,21,7
Atrocion,wyrmrest-accord,1248,evoker,devastation,111,60,51
Ezgamedeez,tichondrius,1247,evoker,devastation,24,13,11
Marknormand,area-52,1246,evoker,devastation,24,13,11
Shanegillis,emerald-dream,1244,evoker,devastation,18,13,5
Navaji,tichondrius,1244,evoker,devastation,68,33,35
Tylexstranza,malganis,1243,evoker,devastation,26,14,12
Sindraxx,stormrage,1242,evoker,devastation,57,30,27
Seranis,sargeras,1242,evoker,devastation,36,13,23
Azorian,vashj,1236,evoker,devastation,36,21,15
Raikori,ragnaros,1235,evoker,devastation,24,13,11
Longxx,dalaran,1235,evoker,devastation,24,13,11
Xm,emerald-dream,1235,evoker,devastation,31,14,17
Billynobob,tichondrius,1235,evoker,devastation,30,13,17
Gooliath,madoran,1234,evoker,devastation,23,13,10
Bigbadfred,tichondrius,1234,evoker,devastation,24,13,11
Obeahfire,tichondrius,1234,evoker,devastation,76,28,48
Raghnard,illidan,1233,evoker,devastation,157,78,79
Vysenía,moon-guard,1231,evoker,devastation,24,13,11
Loginplease,frostmourne,1231,evoker,devastation,104,50,54
Rezoth,malganis,1231,evoker,devastation,30,13,17
Dkvastate,tichondrius,1229,evoker,devastation,36,26,10
Riyad,emerald-dream,1229,evoker,devastation,58,28,30
Subject,kelthuzad,1228,evoker,devastation,30,13,17
Huanglong,sargeras,1227,evoker,devastation,36,20,16
Cinderelluh,area-52,1227,evoker,devastation,72,29,43
Snowdragon,azralon,1226,evoker,devastation,53,28,25
Granolajin,ragnaros,1226,evoker,devastation,54,24,30
Dingermun,bleeding-hollow,1225,evoker,devastation,20,15,5
Momonosuke,fizzcrank,1225,evoker,devastation,36,20,16
Muppetgronk,frostmourne,1218,evoker,devastation,66,26,40
Tealandrov,zuljin,1218,evoker,devastation,68,26,42
Dracopium,tichondrius,1217,evoker,devastation,102,59,43
Kèrby,frostmourne,1213,evoker,devastation,30,15,15
Durijus,tichondrius,1213,evoker,devastation,41,18,23
Gôdswrath,tichondrius,1213,evoker,devastation,30,13,17
Jugzxs,frostmourne,1213,evoker,devastation,36,14,22
Draconicus,bonechewer,1210,evoker,devastation,218,107,111
Loganvkr,illidan,1210,evoker,devastation,66,32,34
Craterearth,moon-guard,1209,evoker,devastation,144,63,81
Midyr,nemesis,1207,evoker,devastation,57,34,23
Acnøløgia,azralon,1207,evoker,devastation,54,27,27
Byäkuyá,azralon,1202,evoker,devastation,196,104,92
Dragoceleste,ragnaros,1201,evoker,devastation,63,33,30
Ezath,zuljin,1200,evoker,devastation,86,48,38
Vahvan,sargeras,1197,evoker,devastation,54,21,33
Acnølogia,stormrage,1196,evoker,devastation,24,13,11
Clarkeboi,barthilas,1196,evoker,devastation,52,27,25
Yiserion,sargeras,1194,evoker,devastation,243,125,118
Velzirion,proudmoore,1193,evoker,devastation,24,13,11
Ejokerxx,tichondrius,1193,evoker,devastation,42,22,20
Valakaztower,area-52,1193,evoker,devastation,41,20,21
Spyrofnir,stormrage,1193,evoker,devastation,30,13,17
Dragkon,azuremyst,1193,evoker,devastation,66,28,38
Culture,khazgoroth,1191,evoker,devastation,21,13,8
Zorashal,kiljaeden,1190,evoker,devastation,64,34,30
Tattleslug,illidan,1186,evoker,devastation,42,20,22
Paean,moon-guard,1183,evoker,devastation,32,18,14
Jabbawockeëz,drakkari,1182,evoker,devastation,107,57,50
Evooern,frostmourne,1181,evoker,devastation,84,39,45
Uhlive,area-52,1180,evoker,devastation,48,16,32
Xampusaurio,ragnaros,1178,evoker,devastation,24,13,11
Kaikisen,malganis,1178,evoker,devastation,41,19,22
Vaayu,moon-guard,1176,evoker,devastation,24,13,11
Dethendrov,moon-guard,1168,evoker,devastation,54,29,25
Skeedaddle,zuljin,1167,evoker,devastation,115,60,55
Stretonaught,dalaran,1166,evoker,devastation,63,31,32
Teritwo,stormrage,1166,evoker,devastation,28,13,15
Thalyxia,azralon,1166,evoker,devastation,36,16,20
Dragonpete,whisperwind,1161,evoker,devastation,48,23,25
Dreampunk,tichondrius,1160,evoker,devastation,25,13,12
Drakhaz,azralon,1156,evoker,devastation,22,13,9
Bhalaria,ragnaros,1156,evoker,devastation,87,35,52
Visron,stormrage,1153,evoker,devastation,65,41,24
Trenot,draenor,1152,evoker,devastation,64,30,34
Tërminus,quelthalas,1151,evoker,devastation,18,12,6
Shwaydbz,zuljin,1151,evoker,devastation,24,12,12
Fortwonty,thrall,1150,evoker,devastation,30,18,12
Drsgme,dentarg,1150,evoker,devastation,24,12,12
Ammar,drakkari,1150,evoker,devastation,44,18,26
Skylizard,illidan,1147,evoker,devastation,24,12,12
Historius,proudmoore,1146,evoker,devastation,36,15,21
Movoker,tichondrius,1134,evoker,devastation,21,13,8
Dragonbranch,area-52,1133,evoker,devastation,24,12,12
Trrxx,tichondrius,1132,evoker,devastation,74,30,44
Aratre,daggerspine,1129,evoker,devastation,210,108,102
Lorathyr,lothar,1128,evoker,devastation,24,12,12
Enuzan,dalaran,1128,evoker,devastation,89,41,48
Duamutef,wyrmrest-accord,1127,evoker,devastation,28,16,12
Archion,azgalor,1127,evoker,devastation,35,13,22
Deàthwing,proudmoore,1126,evoker,devastation,250,115,135
Milkylizard,sargeras,1122,evoker,devastation,48,18,30
Daikon,kaelthas,1117,evoker,devastation,29,13,16
Pyrepapi,thrall,1115,evoker,devastation,32,13,19
Thenderazen,sargeras,1113,evoker,devastation,208,112,96
Scotcheroo,turalyon,1108,evoker,devastation,22,14,8
Drakonyx,mugthol,1107,evoker,devastation,56,22,34
Zitasanazen,tichondrius,1107,evoker,devastation,64,25,39
Bazelgos,moon-guard,1105,evoker,devastation,42,13,29
Drögón,stormrage,1100,evoker,devastation,42,27,15
Crymor,lethon,1099,evoker,devastation,30,16,14
Danzick,sargeras,1098,evoker,devastation,36,19,17
Madelines,tichondrius,1097,evoker,devastation,24,13,11
Cunk,illidan,1085,evoker,devastation,41,28,13
Razorwing,azgalor,1084,evoker,devastation,36,20,16
Rayomcquen,garrosh,1080,evoker,devastation,29,16,13
Bagelsaurus,tichondrius,1078,evoker,devastation,33,15,18
Blazor,sisters-of-elune,1076,evoker,devastation,35,14,21
Gamerwords,barthilas,1071,evoker,devastation,36,15,21
Flygor,quelthalas,1069,evoker,devastation,84,34,50
Dracnovae,emerald-dream,1064,evoker,devastation,116,55,61
Ðarkwyrm,laughing-skull,1062,evoker,devastation,42,22,20
Toyatoki,stormrage,1058,evoker,devastation,64,31,33
Tikkaratika,nemesis,1057,evoker,devastation,36,13,23
Dhcb,tichondrius,1056,evoker,devastation,24,11,13
Devokèr,tichondrius,1056,evoker,devastation,24,11,13
Bähamut,proudmoore,1056,evoker,devastation,53,21,32
Talzindera,sargeras,1055,evoker,devastation,21,12,9
Jwas,tichondrius,1055,evoker,devastation,24,11,13
Hydroponicsz,bloodscalp,1055,evoker,devastation,24,11,13
Kiry,emerald-dream,1055,evoker,devastation,24,11,13
Lilmailmân,tichondrius,1054,evoker,devastation,18,11,7
Kubus,emerald-dream,1054,evoker,devastation,18,11,7
Tepaku,thrall,1054,evoker,devastation,18,11,7
Yousurper,thunderlord,1054,evoker,devastation,27,14,13
Dragonfarts,frostmourne,1050,evoker,devastation,33,12,21
Eìdolon,sargeras,1049,evoker,devastation,18,11,7
Dragostephen,nazjatar,1049,evoker,devastation,24,11,13
Dragndesnuts,scilla,1048,evoker,devastation,42,12,30
Janacovstra,moon-guard,1047,evoker,devastation,18,11,7
Dragonballer,trollbane,1046,evoker,devastation,24,11,13
Naji,azralon,1046,evoker,devastation,30,11,19
Zirath,emerald-dream,1045,evoker,devastation,24,11,13
Sübjugador,azralon,1042,evoker,devastation,30,20,10
Lostplanet,drakkari,1042,evoker,devastation,59,22,37
Dracthylian,ragnaros,1039,evoker,devastation,18,11,7
Fpbafome,azralon,1038,evoker,devastation,42,13,29
Aaztra,whisperwind,1037,evoker,devastation,18,11,7
Bhristopher,wildhammer,1035,evoker,devastation,12,11,1
Deepdweller,wyrmrest-accord,1035,evoker,devastation,89,42,47
Koderalth,azralon,1033,evoker,devastation,24,11,13
Leralan,illidan,1032,evoker,devastation,25,13,12
Scalesun,azralon,1030,evoker,devastation,24,11,13
Byssrak,borean-tundra,1029,evoker,devastation,18,11,7
Warhammerxx,tichondrius,1027,evoker,devastation,84,33,51
Azuria,lothar,1021,evoker,devastation,18,11,7
Murtharion,stormrage,1017,evoker,devastation,42,11,31
Evilsquirel,area-52,1015,evoker,devastation,18,11,7
Ambrosîa,area-52,1012,evoker,devastation,37,13,24
Kaidô,illidan,1008,evoker,devastation,16,12,4
Dracothyst,tichondrius,1007,evoker,devastation,29,15,14
Jgxv,dalaran,1007,evoker,devastation,23,11,12
Dragonbreaf,emerald-dream,1004,evoker,devastation,17,11,6
Mewclaw,tol-barad,1003,evoker,devastation,24,15,9
Draehgor,hyjal,999,evoker,devastation,23,11,12
Drapybaras,bleeding-hollow,995,evoker,devastation,78,39,39
Stolesom,emerald-dream,994,evoker,devastation,65,32,33
Azulagos,sargeras,992,evoker,devastation,28,17,11
Sixjobs,area-52,990,evoker,devastation,29,11,18
Neofarian,lightbringer,986,evoker,devastation,20,11,9
Dragongrim,silvermoon,986,evoker,devastation,30,14,16
Zovaan,emerald-dream,983,evoker,devastation,23,11,12
Popgoesurmom,tichondrius,981,evoker,devastation,24,13,11
Saraphrodite,hakkar,978,evoker,devastation,60,28,32
Maximiliam,ragnaros,971,evoker,devastation,85,45,40
Alnuin,stormrage,964,evoker,devastation,131,55,76
Miradrake,icecrown,960,evoker,devastation,12,10,2
Iantern,dalaran,960,evoker,devastation,18,10,8
Rizzlordx,bleeding-hollow,960,evoker,devastation,24,10,14
Drakedrift,malganis,959,evoker,devastation,12,10,2
Nasdanot,zuljin,959,evoker,devastation,18,10,8
Hausebat,moon-guard,959,evoker,devastation,18,10,8
Xeerus,stormreaver,959,evoker,devastation,18,10,8
Chime,dalaran,959,evoker,devastation,18,10,8
Moreleth,stormrage,959,evoker,devastation,18,10,8
Runescape,altar-of-storms,959,evoker,devastation,24,10,14
Grafixx,sargeras,958,evoker,devastation,15,11,4
Judra,barthilas,958,evoker,devastation,18,10,8
Ryhu,sargeras,958,evoker,devastation,18,10,8
Vokezuì,sargeras,958,evoker,devastation,30,10,20
Jormungandre,wyrmrest-accord,957,evoker,devastation,18,10,8
Galaxiz,bonechewer,957,evoker,devastation,24,12,12
Novi,kaelthas,956,evoker,devastation,18,10,8
Oatmealneil,bleeding-hollow,955,evoker,devastation,24,10,14
Sinepbreath,bleeding-hollow,954,evoker,devastation,18,10,8
Finvoker,kalecgos,953,evoker,devastation,18,10,8
Brothererik,hydraxis,953,evoker,devastation,24,10,14
Liekki,illidan,953,evoker,devastation,24,10,14
Ecksdoom,sargeras,952,evoker,devastation,18,10,8
Wizadsa,amanthul,951,evoker,devastation,12,10,2
Nathrach,wyrmrest-accord,949,evoker,devastation,20,13,7
Fìg,wyrmrest-accord,948,evoker,devastation,18,10,8
Jorlozthyr,ragnaros,948,evoker,devastation,24,10,14
Aegontargary,azralon,945,evoker,devastation,27,11,16
Prolyfe,blood-furnace,942,evoker,devastation,15,11,4
Slimyreptile,sargeras,942,evoker,devastation,105,42,63
Konarth,moon-guard,939,evoker,devastation,24,12,12
Toephotos,tichondrius,937,evoker,devastation,23,10,13
Escanorr,ghostlands,936,evoker,devastation,20,11,9
Ciana,black-dragonflight,936,evoker,devastation,50,26,24
Báalboski,tichondrius,935,evoker,devastation,18,10,8
Littleripper,tichondrius,935,evoker,devastation,30,16,14
Hicane,tichondrius,935,evoker,devastation,29,10,19
Ryùtt,illidan,933,evoker,devastation,18,10,8
Talegos,ragnaros,928,evoker,devastation,77,30,47
Fatevoker,deathwing,926,evoker,devastation,29,10,19
Herikas,tichondrius,925,evoker,devastation,104,50,54
Battledragon,illidan,918,evoker,devastation,18,10,8
Fukhur,ragnaros,917,evoker,devastation,24,11,13
Galgaldr,tichondrius,914,evoker,devastation,30,12,18
Setasdan,illidan,909,evoker,devastation,26,13,13
Phatë,nerzhul,905,evoker,devastation,23,10,13
Ezdrake,drakkari,900,evoker,devastation,36,11,25
Stormstryke,queldorei,900,evoker,devastation,59,18,41
Arath,zangarmarsh,898,evoker,devastation,42,22,20
Alextroxo,stormrage,888,evoker,devastation,17,10,7
Evokatoke,proudmoore,874,evoker,devastation,49,18,31
Tireoz,frostmourne,866,evoker,devastation,48,12,36
Áspect,aegwynn,864,evoker,devastation,12,9,3
Gobananas,sargeras,864,evoker,devastation,12,9,3
Kiserys,suramar,864,evoker,devastation,12,9,3
Orncen,emerald-dream,864,evoker,devastation,16,10,6
Todorøki,hyjal,864,evoker,devastation,18,9,9
Brakkarion,wyrmrest-accord,864,evoker,devastation,18,9,9
Creachy,kiljaeden,864,evoker,devastation,18,9,9
Thnake,zuljin,864,evoker,devastation,18,9,9
Weedi,tichondrius,863,evoker,devastation,12,9,3
Velstrana,moon-guard,863,evoker,devastation,12,9,3
Misik,frostwolf,863,evoker,devastation,18,9,9
Wse,illidan,863,evoker,devastation,18,9,9
Siatrend,moon-guard,863,evoker,devastation,18,9,9
Dragbod,korgath,863,evoker,devastation,18,9,9
Nelthendros,moon-guard,863,evoker,devastation,18,9,9
Naraxus,thrall,863,evoker,devastation,18,9,9
Missjenny,korgath,863,evoker,devastation,18,9,9
Thyatera,ragnaros,863,evoker,devastation,18,9,9
Dragonsteppz,aegwynn,863,evoker,devastation,18,9,9
Dâpper,queldorei,863,evoker,devastation,18,9,9
Drazgarth,azshara,863,evoker,devastation,18,9,9
Emopidgey,dalaran,863,evoker,devastation,24,9,15
Gharscales,tichondrius,863,evoker,devastation,24,9,15
Serathrine,smolderthorn,862,evoker,devastation,18,9,9
Ezindrozar,tichondrius,862,evoker,devastation,18,9,9
Alsilitroisa,tichondrius,862,evoker,devastation,18,9,9
Müshü,icecrown,862,evoker,devastation,24,9,15
Disugaiza,tichondrius,861,evoker,devastation,12,9,3
Teanie,tichondrius,861,evoker,devastation,18,9,9
Nasath,arthas,861,evoker,devastation,18,9,9
Karaxes,gorefiend,861,evoker,devastation,24,9,15
Krokuzan,ragnaros,860,evoker,devastation,18,9,9
Garchamp,area-52,860,evoker,devastation,21,10,11
Doombreath,ragnaros,859,evoker,devastation,18,9,9
Keedrori,thrall,859,evoker,devastation,19,9,10
Aoibae,frostmourne,859,evoker,devastation,24,9,15
Makiabelico,terenas,859,evoker,devastation,98,31,67
Himän,tichondrius,858,evoker,devastation,20,9,11
Dedderion,zuljin,857,evoker,devastation,18,9,9
Furyíon,stormrage,855,evoker,devastation,12,9,3
Slev,blades-edge,854,evoker,devastation,12,9,3
Edivian,ragnaros,849,evoker,devastation,19,10,9
Dragopnik,tichondrius,848,evoker,devastation,24,12,12
Heluxue,tichondrius,847,evoker,devastation,18,9,9
Azafs,azralon,847,evoker,devastation,26,10,16
Sindell,the-underbog,846,evoker,devastation,62,25,37
Stylez,anetheron,844,evoker,devastation,48,22,26
Darlión,ragnaros,843,evoker,devastation,59,27,32
Rasec,moon-guard,843,evoker,devastation,20,9,11
Rikfreedom,ragnaros,836,evoker,devastation,42,19,23
Embeka,illidan,828,evoker,devastation,78,34,44
Nyranblood,zuljin,825,evoker,devastation,62,27,35
Oracle,duskwood,810,evoker,devastation,21,10,11
Jenovi,tichondrius,768,evoker,devastation,12,8,4
Cheeriosvokr,tichondrius,768,evoker,devastation,12,8,4
Inumizu,dentarg,768,evoker,devastation,12,8,4
Saînt,thrall,768,evoker,devastation,12,8,4
Latria,malganis,768,evoker,devastation,12,8,4
Rawrrxd,blackrock,768,evoker,devastation,12,8,4
Toastsevoker,tichondrius,768,evoker,devastation,15,9,6
Saintpablox,illidan,768,evoker,devastation,18,8,10
Crosis,azralon,768,evoker,devastation,18,8,10
Angelicism,area-52,768,evoker,devastation,18,8,10
Ragtharion,tichondrius,768,evoker,devastation,24,8,16
Copevoker,black-dragonflight,767,evoker,devastation,12,8,4
Aurinax,proudmoore,767,evoker,devastation,12,8,4
Evokemon,hyjal,767,evoker,devastation,12,8,4
Vermax,akama,767,evoker,devastation,18,8,10
Scalendar,frostmourne,767,evoker,devastation,18,8,10
Syvernius,khazgoroth,767,evoker,devastation,24,8,16
Rïvé,tichondrius,767,evoker,devastation,24,8,16
Arokh,frostmourne,767,evoker,devastation,30,8,22
Naykir,khazgoroth,766,evoker,devastation,12,8,4
Ghostfable,emerald-dream,766,evoker,devastation,18,8,10
Dawitchvoker,illidan,766,evoker,devastation,18,8,10
Glideoure,stonemaul,766,evoker,devastation,24,8,16
Dragxs,ragnaros,765,evoker,devastation,12,8,4
Skrillerv,frostmourne,765,evoker,devastation,18,8,10
Infinitejchh,thrall,765,evoker,devastation,24,8,16
Quêtzal,akama,764,evoker,devastation,12,8,4
Gyirzkaag,illidan,764,evoker,devastation,18,8,10
Cursak,ragnaros,763,evoker,devastation,16,9,7
Zeldir,ragnaros,762,evoker,devastation,12,8,4
Davidfesago,quelthalas,762,evoker,devastation,18,8,10
Visheira,bleeding-hollow,762,evoker,devastation,18,8,10
Zenithgar,aerie-peak,761,evoker,devastation,12,8,4
Seletgos,quelthalas,761,evoker,devastation,24,8,16
Roksanda,azralon,761,evoker,devastation,24,8,16
Detraa,illidan,754,evoker,devastation,12,8,4
Pouncer,proudmoore,754,evoker,devastation,48,18,30
Fafnirr,draenor,753,evoker,devastation,32,8,24
Daigrefn,echo-isles,751,evoker,devastation,18,8,10
Bàkèd,illidan,750,evoker,devastation,23,8,15
Reptyle,emerald-dream,743,evoker,devastation,24,8,16
Liefarion,barthilas,734,evoker,devastation,22,8,14
Onornun,magtheridon,718,evoker,devastation,17,8,9
Freyess,malganis,717,evoker,devastation,15,8,7
Lamperr,illidan,709,evoker,devastation,86,22,64
Ryü,silver-hand,704,evoker,devastation,16,8,8
Cerisoromis,stormrage,702,evoker,devastation,19,9,10
Zhyrouvion,stormrage,699,evoker,devastation,17,8,9
Torakk,ravencrest,687,evoker,devastation,13,8,5
Quifoö,whisperwind,672,evoker,devastation,12,7,5
Demõn,whisperwind,672,evoker,devastation,12,7,5
Spryo,illidan,672,evoker,devastation,12,7,5
Lacadabeef,tichondrius,672,evoker,devastation,12,7,5
Ráigon,ragnaros,672,evoker,devastation,12,7,5
Vokr,area-52,672,evoker,devastation,12,7,5
Dinohgos,area-52,672,evoker,devastation,12,7,5
Emberlyn,sargeras,672,evoker,devastation,12,7,5
Evook,tichondrius,672,evoker,devastation,12,7,5
Hoverhenry,illidan,672,evoker,devastation,12,7,5
Dudeofdragon,illidan,672,evoker,devastation,12,7,5
Chewbigred,vashj,672,evoker,devastation,12,7,5
Dragzun,tichondrius,672,evoker,devastation,12,7,5
Nysian,wyrmrest-accord,672,evoker,devastation,12,7,5
Niratreno,tichondrius,672,evoker,devastation,12,7,5
Rearcalzone,illidan,672,evoker,devastation,12,7,5
Spikeyboi,eonar,672,evoker,devastation,12,7,5
Dragonherb,zuljin,672,evoker,devastation,12,7,5
Lizardgodtko,tichondrius,672,evoker,devastation,12,7,5
Écaille,dalaran,672,evoker,devastation,15,8,7
Deathstaind,tichondrius,672,evoker,devastation,16,8,8
Deezdragon,stormrage,672,evoker,devastation,18,7,11
Sådge,frostmourne,672,evoker,devastation,18,7,11
Ashuraflame,frostwolf,672,evoker,devastation,18,7,11
Dragonstonks,moon-guard,672,evoker,devastation,18,7,11
Dragonshani,thrall,672,evoker,devastation,18,7,11
Shambly,kelthuzad,672,evoker,devastation,18,7,11
Dragonballzx,kelthuzad,672,evoker,devastation,24,7,17
Boseijwho,emerald-dream,671,evoker,devastation,12,7,5
Xeretas,bleeding-hollow,671,evoker,devastation,12,7,5
Vyrathysra,moon-guard,671,evoker,devastation,12,7,5
Archalygos,moon-guard,671,evoker,devastation,12,7,5
Glaurungr,ragnaros,671,evoker,devastation,12,7,5
Wekinball,tichondrius,671,evoker,devastation,12,7,5
Breakerofsky,sargeras,671,evoker,devastation,12,7,5
Whiegrath,azralon,671,evoker,devastation,12,7,5
Saristrasza,moon-guard,671,evoker,devastation,18,7,11
Kluath,daggerspine,671,evoker,devastation,18,7,11
Ackrenoth,emerald-dream,671,evoker,devastation,18,7,11
Zogdagron,demon-soul,671,evoker,devastation,18,7,11
Daethwang,moon-guard,671,evoker,devastation,18,7,11
Shenroda,tichondrius,671,evoker,devastation,18,7,11
Lazarust,tichondrius,671,evoker,devastation,18,7,11
Drageyman,tichondrius,671,evoker,devastation,24,7,17
Chryphord,emerald-dream,670,evoker,devastation,12,7,5
Gulvoke,shattered-hand,670,evoker,devastation,12,7,5
Beastlysoul,tichondrius,670,evoker,devastation,12,7,5
Setchagos,emerald-dream,670,evoker,devastation,12,7,5
Draecion,tichondrius,670,evoker,devastation,18,7,11
Nikeze,kiljaeden,670,evoker,devastation,18,7,11
Pläid,azuremyst,668,evoker,devastation,12,7,5
Mmanigoldo,quelthalas,667,evoker,devastation,18,7,11
Sleepeasy,blackrock,667,evoker,devastation,18,7,11
Dracmalefic,area-52,667,evoker,devastation,18,7,11
Kodeserath,hakkar,666,evoker,devastation,24,7,17
Lightaurae,thunderlord,666,evoker,devastation,36,8,28
Henscale,malganis,639,evoker,devastation,11,7,4
Krefugee,tichondrius,637,evoker,devastation,17,7,10
Tiyeal,thrall,621,evoker,devastation,17,7,10
Medusaan,tichondrius,592,evoker,devastation,13,7,6
Dazei,quelthalas,588,evoker,devastation,23,8,15
Fuecoco,proudmoore,576,evoker,devastation,6,6,0
Yellowker,thrall,576,evoker,devastation,6,6,0
Zérai,quelthalas,576,evoker,devastation,6,6,0
Jácorex,proudmoore,576,evoker,devastation,12,6,6
Nemenyah,emerald-dream,576,evoker,devastation,12,6,6
Borpia,malganis,576,evoker,devastation,12,6,6
Dragordito,drakkari,576,evoker,devastation,12,6,6
Wingjob,tichondrius,576,evoker,devastation,12,6,6
Actïoncat,emerald-dream,576,evoker,devastation,12,6,6
Dragonage,stormrage,576,evoker,devastation,12,6,6
Pÿthön,sargeras,576,evoker,devastation,12,6,6
Chadizard,tichondrius,576,evoker,devastation,12,6,6
Zorlstisza,moon-guard,576,evoker,devastation,12,6,6
Blaxasaurus,stormscale,576,evoker,devastation,12,6,6
Sathregos,emerald-dream,576,evoker,devastation,12,6,6
Volksdragen,sargeras,576,evoker,devastation,12,6,6
Uncleìroh,tichondrius,576,evoker,devastation,12,6,6
Papadigi,tichondrius,576,evoker,devastation,12,6,6
Comepancito,quelthalas,576,evoker,devastation,12,6,6
Bruceleezard,sargeras,576,evoker,devastation,12,6,6
Joyburn,tichondrius,576,evoker,devastation,12,6,6
Shanaynayae,area-52,576,evoker,devastation,12,6,6
Iamtrash,daggerspine,576,evoker,devastation,12,6,6
Alucardragon,turalyon,576,evoker,devastation,12,6,6
Shrikethyr,chogall,576,evoker,devastation,12,6,6
Glizard,firetree,576,evoker,devastation,12,6,6
Dragønbørne,blackrock,576,evoker,devastation,12,6,6
Dukä,dalaran,576,evoker,devastation,15,7,8
Jarregos,dalaran,576,evoker,devastation,13,6,7
Amplicon,stormrage,576,evoker,devastation,18,6,12
Deneryus,illidan,576,evoker,devastation,18,6,12
Chaosrebørn,bleeding-hollow,576,evoker,devastation,18,6,12
Royagon,draktharon,576,evoker,devastation,18,6,12
Bigdvoker,jubeithos,576,evoker,devastation,18,6,12
Saxthyr,stormreaver,576,evoker,devastation,24,6,18
Drãco,area-52,575,evoker,devastation,12,6,6
Avastri,moon-guard,575,evoker,devastation,12,6,6
Wizzkii,wyrmrest-accord,575,evoker,devastation,12,6,6
Lòrdope,illidan,575,evoker,devastation,12,6,6
Sevariel,frostmane,575,evoker,devastation,12,6,6
Swagondragon,illidan,575,evoker,devastation,12,6,6
Dumbodragon,bleeding-hollow,575,evoker,devastation,12,6,6
Rykuvokr,azuremyst,575,evoker,devastation,12,6,6
Cøømbuya,sargeras,575,evoker,devastation,12,6,6
Avithori,borean-tundra,575,evoker,devastation,12,6,6
Kazecgos,zuljin,575,evoker,devastation,12,6,6
Amaryliss,kelthuzad,575,evoker,devastation,12,6,6
Vrtra,lightbringer,575,evoker,devastation,12,6,6
Taxfraudchad,sargeras,575,evoker,devastation,13,6,7
Alragos,ragnaros,575,evoker,devastation,18,6,12
Hopefire,zuljin,575,evoker,devastation,18,6,12
Lindrak,azralon,575,evoker,devastation,18,6,12
Natsirt,malorne,575,evoker,devastation,18,6,12
Saphirå,kelthuzad,575,evoker,devastation,24,6,18
Baeltas,blackrock,574,evoker,devastation,12,6,6
Vermáx,caelestrasz,574,evoker,devastation,12,6,6
Carloxd,tichondrius,574,evoker,devastation,24,6,18
Syndue,malganis,573,evoker,devastation,12,6,6
Silvèrr,tichondrius,573,evoker,devastation,12,6,6
Deathb,chromaggus,573,evoker,devastation,12,6,6
Noodleslut,stormrage,573,evoker,devastation,12,6,6
Azuril,wyrmrest-accord,572,evoker,devastation,12,6,6
Abodie,dalaran,572,evoker,devastation,18,6,12
Enazen,icecrown,568,evoker,devastation,12,6,6
Pzyko,ragnaros,551,evoker,devastation,17,6,11
Zindrozarath,area-52,544,evoker,devastation,10,6,4
Vyserion,turalyon,543,evoker,devastation,8,7,1
Boadie,kilrogg,542,evoker,devastation,24,7,17
Vaegahr,tichondrius,540,evoker,devastation,10,7,3
Adorablexo,stormrage,527,evoker,devastation,11,6,5
Kodeser,alleria,522,evoker,devastation,15,6,9
Arnoeryan,ragnaros,512,evoker,devastation,16,6,10
Carrnedge,area-52,511,evoker,devastation,11,6,5
Eleechee,magtheridon,510,evoker,devastation,10,6,4
Kharibdis,kul-tiras,480,evoker,devastation,6,5,1
Khalt,quelthalas,480,evoker,devastation,6,5,1
Kensar,drakkari,480,evoker,devastation,6,5,1
Vellony,kelthuzad,480,evoker,devastation,6,5,1
Wrathics,emerald-dream,480,evoker,devastation,6,5,1
Elf,malganis,480,evoker,devastation,6,5,1
Faahrad,azralon,480,evoker,devastation,12,5,7
Rebuk,area-52,480,evoker,devastation,12,5,7
Demikass,azralon,480,evoker,devastation,12,5,7
Lillbigd,bleeding-hollow,480,evoker,devastation,12,5,7
Dratonos,stormrage,480,evoker,devastation,12,5,7
Toenailstew,zuljin,480,evoker,devastation,12,5,7
Blastouise,thunderlord,480,evoker,devastation,12,5,7
Hellasketchy,sargeras,480,evoker,devastation,12,5,7
Vallath,zuljin,480,evoker,devastation,12,5,7
Neelymyhoe,tichondrius,480,evoker,devastation,12,5,7
Ayooflightz,guldan,480,evoker,devastation,12,5,7
Draeconik,moon-guard,480,evoker,devastation,12,5,7
Ventiev,tichondrius,480,evoker,devastation,12,5,7
Darkscale,haomarush,480,evoker,devastation,12,5,7
Moltqt,tichondrius,480,evoker,devastation,12,5,7
Daraz,tichondrius,480,evoker,devastation,12,5,7
Saìntgeorge,sargeras,480,evoker,devastation,12,5,7
Eyedxl,magtheridon,480,evoker,devastation,12,5,7
Crankxz,malganis,480,evoker,devastation,12,5,7
Trillvoker,illidan,480,evoker,devastation,12,5,7
Asatrat,greymane,480,evoker,devastation,12,5,7
Nuppsy,frostmourne,480,evoker,devastation,12,5,7
Galakrond,black-dragonflight,480,evoker,devastation,12,5,7
Purplerocket,illidan,480,evoker,devastation,12,5,7
Stælthßømbèr,baelgun,480,evoker,devastation,12,5,7
Ackresh,executus,480,evoker,devastation,12,5,7
Jevoker,area-52,480,evoker,devastation,12,5,7
Westavia,laughing-skull,480,evoker,devastation,12,5,7
Nyldra,area-52,480,evoker,devastation,14,5,9
Abath,quelthalas,480,evoker,devastation,14,5,9
Velahesa,sargeras,480,evoker,devastation,24,5,19
Dracoi,illidan,479,evoker,devastation,12,5,7
Müshu,duskwood,479,evoker,devastation,12,5,7
Azatresera,moon-guard,479,evoker,devastation,12,5,7
Lightbeing,nazjatar,479,evoker,devastation,12,5,7
Mattykanish,illidan,479,evoker,devastation,12,5,7
Zerodorez,zuljin,479,evoker,devastation,12,5,7
Windylyrics,drakkari,479,evoker,devastation,18,5,13
Niratrenn,area-52,478,evoker,devastation,12,5,7
Mitzvah,barthilas,478,evoker,devastation,18,5,13
Dracosofi,quelthalas,478,evoker,devastation,18,5,13
Nazervis,silver-hand,478,evoker,devastation,18,5,13
Sandrov,kaelthas,477,evoker,devastation,12,5,7
Althenot,emerald-dream,477,evoker,devastation,12,5,7
Broconian,zuljin,477,evoker,devastation,18,5,13
Surezilla,malganis,477,evoker,devastation,24,5,19
Sammalone,burning-blade,474,evoker,devastation,12,5,7
Odorf,duskwood,474,evoker,devastation,12,5,7
Shennron,darkspear,447,evoker,devastation,11,5,6
Canonevoker,ragnaros,446,evoker,devastation,10,6,4
Zzae,tichondrius,432,evoker,devastation,15,5,10
Bowsette,area-52,431,evoker,devastation,11,5,6
Xfemboyqt,area-52,426,evoker,devastation,19,7,12
Lifcleal,moon-guard,415,evoker,devastation,14,5,9
Dragonchip,bleeding-hollow,384,evoker,devastation,6,4,2
Extradry,frostmourne,384,evoker,devastation,6,4,2
Mushú,archimonde,384,evoker,devastation,6,4,2
Shenròn,kelthuzad,384,evoker,devastation,6,4,2
Rapiddvoker,zuljin,384,evoker,devastation,6,4,2
Seaserpent,kelthuzad,384,evoker,devastation,6,4,2
Bmbo,illidan,384,evoker,devastation,6,4,2
Deathraux,tichondrius,384,evoker,devastation,6,4,2
Walmartshoes,tichondrius,384,evoker,devastation,6,4,2
Atraxian,tichondrius,384,evoker,devastation,6,4,2
Draisin,zuljin,384,evoker,devastation,6,4,2
Korvold,zuluhed,384,evoker,devastation,6,4,2
Bodytypetwo,area-52,384,evoker,devastation,6,4,2
Drogôn,malganis,384,evoker,devastation,6,4,2
Jammstraza,skywall,384,evoker,devastation,6,4,2
Daemon,detheroc,384,evoker,devastation,6,4,2
Dragonaria,illidan,384,evoker,devastation,6,4,2
Awexstwaza,bleeding-hollow,384,evoker,devastation,6,4,2
Khaleeseeh,stormrage,384,evoker,devastation,6,4,2
Biscotti,illidan,384,evoker,devastation,6,4,2
Vuldon,area-52,384,evoker,devastation,6,4,2
Docevoker,tichondrius,384,evoker,devastation,6,4,2
Femboi,wyrmrest-accord,384,evoker,devastation,6,4,2
Gerz,area-52,384,evoker,devastation,6,4,2
Spyro,ravencrest,384,evoker,devastation,6,4,2
Machaflux,winterhoof,384,evoker,devastation,6,4,2
Kèl,stormrage,384,evoker,devastation,6,4,2
Kaidoxuchihv,ragnaros,384,evoker,devastation,6,4,2
Opsmybad,ragnaros,384,evoker,devastation,6,4,2
Foxstrazagos,hellscream,384,evoker,devastation,6,4,2
Zerosdream,thrall,384,evoker,devastation,6,4,2
Solazari,tichondrius,384,evoker,devastation,6,4,2
Kusarí,moon-guard,384,evoker,devastation,6,4,2
Evokaters,area-52,384,evoker,devastation,6,4,2
Dragonsbgay,stormrage,384,evoker,devastation,6,4,2
Lfg,shadow-council,384,evoker,devastation,6,4,2
Testzvoker,dalaran,384,evoker,devastation,6,4,2
Silumgarr,thrall,384,evoker,devastation,9,5,4
Shenrõn,malganis,384,evoker,devastation,15,5,10
Lamdyn,wyrmrest-accord,384,evoker,devastation,12,4,8
Smackthyr,thrall,384,evoker,devastation,12,4,8
Dracconic,sargeras,384,evoker,devastation,12,4,8
Kendrac,wyrmrest-accord,384,evoker,devastation,12,4,8
Butta,darkspear,384,evoker,devastation,12,4,8
Blay,elune,384,evoker,devastation,12,4,8
Baddrakthyr,moon-guard,384,evoker,devastation,12,4,8
Magnito,thorium-brotherhood,384,evoker,devastation,12,4,8
Kcwt,illidan,384,evoker,devastation,12,4,8
Kaaer,emerald-dream,384,evoker,devastation,12,4,8
Trazer,malfurion,384,evoker,devastation,12,4,8
Nitalzith,area-52,384,evoker,devastation,12,4,8
Bootybee,area-52,384,evoker,devastation,12,4,8
Usulamili,stormrage,384,evoker,devastation,12,4,8
Arkevo,tichondrius,384,evoker,devastation,12,4,8
Genderboy,tichondrius,384,evoker,devastation,12,4,8
Idiotlizard,stormrage,384,evoker,devastation,12,4,8
Devåståtion,tichondrius,384,evoker,devastation,12,4,8
Bigsquirt,proudmoore,384,evoker,devastation,12,4,8
Nosrej,hyjal,384,evoker,devastation,12,4,8
Kurulol,ragnaros,384,evoker,devastation,12,4,8
Munichho,spirestone,384,evoker,devastation,18,4,14
Cuarta,drakkari,384,evoker,devastation,18,4,14
Dadydafather,sargeras,384,evoker,devastation,30,4,26
Dragonboi,dathremar,383,evoker,devastation,6,4,2
Rysonda,tichondrius,383,evoker,devastation,6,4,2
Porchoy,area-52,383,evoker,devastation,6,4,2
Dinossauro,stormrage,383,evoker,devastation,6,4,2
Deralizrd,tichondrius,383,evoker,devastation,6,4,2
Axlo,azgalor,383,evoker,devastation,12,4,8
Jabberwockie,zuljin,383,evoker,devastation,12,4,8
Shenrøn,altar-of-storms,383,evoker,devastation,12,4,8
Wheyvern,malganis,383,evoker,devastation,12,4,8
Gorby,tichondrius,383,evoker,devastation,12,4,8
Gunship,moon-guard,383,evoker,devastation,12,4,8
Odaa,moon-guard,383,evoker,devastation,12,4,8
Zaland,whisperwind,383,evoker,devastation,12,4,8
Mynameisjohn,hakkar,382,evoker,devastation,6,4,2
Äpollo,frostmourne,382,evoker,devastation,12,4,8
Zaldraka,cairne,381,evoker,devastation,10,4,6
Dracalis,thrall,381,evoker,devastation,12,4,8
Forte,terokkar,381,evoker,devastation,18,4,14
Fearmybreath,stormrage,370,evoker,devastation,22,7,15
Elfdatv,tichondrius,367,evoker,devastation,11,4,7
Goongdi,tichondrius,351,evoker,devastation,11,4,7
Vermicri,zuljin,351,evoker,devastation,11,4,7
Serazenoth,area-52,336,evoker,devastation,9,4,5
Mesamune,bonechewer,336,evoker,devastation,9,4,5
Acindor,stormrage,335,evoker,devastation,11,4,7
Ackrs,tichondrius,335,evoker,devastation,11,4,7
Heizdrag,area-52,335,evoker,devastation,17,4,13
Nardleberry,wyrmrest-accord,330,evoker,devastation,15,5,10
Draygaar,stormrage,330,evoker,devastation,15,5,10
Unclelroh,kelthuzad,319,evoker,devastation,5,4,1
Soupywings,illidan,288,evoker,devastation,6,3,3
Cowardlysavi,illidan,288,evoker,devastation,6,3,3
Varandir,frostmane,288,evoker,devastation,6,3,3
Draggoh,bleeding-hollow,288,evoker,devastation,6,3,3
Lëåf,area-52,288,evoker,devastation,6,3,3
Shenronda,moon-guard,288,evoker,devastation,6,3,3
Holdherhorn,area-52,288,evoker,devastation,6,3,3
Spyro,nazgrel,288,evoker,devastation,6,3,3
Devastateme,frostmourne,288,evoker,devastation,6,3,3
Avasd,area-52,288,evoker,devastation,6,3,3
Ancalgon,bloodscalp,288,evoker,devastation,6,3,3
Ecoera,tichondrius,288,evoker,devastation,6,3,3
Nøzmosis,area-52,288,evoker,devastation,6,3,3
Blackrend,illidan,288,evoker,devastation,6,3,3
Wickedwings,tichondrius,288,evoker,devastation,6,3,3
Stewvoker,wyrmrest-accord,288,evoker,devastation,6,3,3
Zindrath,emerald-dream,288,evoker,devastation,6,3,3
Damo,skullcrusher,288,evoker,devastation,6,3,3
Baarss,tichondrius,288,evoker,devastation,6,3,3
Larythelzrd,tichondrius,288,evoker,devastation,6,3,3
Yeda,barthilas,288,evoker,devastation,6,3,3
Magicev,tichondrius,288,evoker,devastation,6,3,3
Derkscale,stormrage,288,evoker,devastation,6,3,3
Sensandors,tichondrius,288,evoker,devastation,6,3,3
Caredormu,frostmourne,288,evoker,devastation,6,3,3
Duckxo,kelthuzad,288,evoker,devastation,6,3,3
Aomend,stormrage,288,evoker,devastation,6,3,3
Baddrake,moon-guard,288,evoker,devastation,6,3,3
Kettor,kelthuzad,288,evoker,devastation,6,3,3
Patrdorasz,zuljin,288,evoker,devastation,6,3,3
Sardonyx,dragonmaw,288,evoker,devastation,6,3,3
Skeye,malganis,288,evoker,devastation,6,3,3
Âréz,frostmourne,288,evoker,devastation,6,3,3
Nonjer,tichondrius,288,evoker,devastation,6,3,3
Dreamfyrexi,thrall,288,evoker,devastation,6,3,3
Drackthyria,quelthalas,288,evoker,devastation,6,3,3
Drakistraz,draenor,288,evoker,devastation,6,3,3
Dragmihi,quelthalas,288,evoker,devastation,6,3,3
Theomarz,nagrand,288,evoker,devastation,6,3,3
Unisex,ragnaros,288,evoker,devastation,6,3,3
Zarazerath,tichondrius,288,evoker,devastation,6,3,3
Straykitty,moon-guard,288,evoker,devastation,6,3,3
Burningwoe,tichondrius,288,evoker,devastation,6,3,3
Magnifíco,ragnaros,288,evoker,devastation,6,3,3
Hausebat,aegwynn,288,evoker,devastation,6,3,3
Jakarn,moon-guard,288,evoker,devastation,6,3,3
Kulrainor,drakkari,288,evoker,devastation,6,3,3
Drugdoer,illidan,288,evoker,devastation,6,3,3
Sovant,sargeras,288,evoker,devastation,6,3,3
Cindermint,mugthol,288,evoker,devastation,6,3,3
Brôcôlînî,zuljin,288,evoker,devastation,6,3,3
Dragonpel,azralon,288,evoker,devastation,6,3,3
Falsedaze,sargeras,288,evoker,devastation,6,3,3
Raelstra,sargeras,288,evoker,devastation,6,3,3
Scyyterr,azralon,288,evoker,devastation,6,3,3
Koyra,illidan,288,evoker,devastation,6,3,3
Kazekgos,sargeras,288,evoker,devastation,6,3,3
Draggindees,sargeras,288,evoker,devastation,6,3,3
Drwayne,azralon,288,evoker,devastation,6,3,3
Ceraxes,stormscale,288,evoker,devastation,6,3,3
Lazioo,frostmourne,288,evoker,devastation,6,3,3
Kaeszandrus,azralon,288,evoker,devastation,6,3,3
Yousmokemids,frostwolf,288,evoker,devastation,6,3,3
Vaeghar,anvilmar,288,evoker,devastation,6,3,3
Gavstarz,frostmourne,288,evoker,devastation,9,4,5
Drakthaer,tichondrius,288,evoker,devastation,7,3,4
Skydragonlol,tichondrius,288,evoker,devastation,7,3,4
Taegon,area-52,288,evoker,devastation,10,4,6
Viverion,dalaran,288,evoker,devastation,10,4,6
Vandinus,stormrage,288,evoker,devastation,8,3,5
Berylhwit,emerald-dream,288,evoker,devastation,11,3,8
Healmeta,sargeras,288,evoker,devastation,12,3,9
Inferna,ysera,288,evoker,devastation,12,3,9
Spyspyro,emerald-dream,288,evoker,devastation,12,3,9
Eggvoker,area-52,288,evoker,devastation,12,3,9
Marâjade,proudmoore,288,evoker,devastation,12,3,9
Zafirina,proudmoore,288,evoker,devastation,12,3,9
Mâne,ragnaros,288,evoker,devastation,12,3,9
Freddragon,illidan,288,evoker,devastation,12,3,9
Bjarne,hyjal,288,evoker,devastation,12,3,9
Chriszilla,tichondrius,288,evoker,devastation,12,3,9
Praac,illidan,288,evoker,devastation,12,3,9
Talonsong,wyrmrest-accord,288,evoker,devastation,12,3,9
Draconis,onyxia,288,evoker,devastation,12,3,9
Enserio,stormrage,288,evoker,devastation,12,3,9
Lizardlee,stormrage,288,evoker,devastation,12,3,9
Karmísh,quelthalas,288,evoker,devastation,12,3,9
Akatosh,bloodhoof,288,evoker,devastation,12,3,9
Zeralzin,aerie-peak,287,evoker,devastation,6,3,3
Zatrazenot,area-52,287,evoker,devastation,6,3,3
Baddragon,llane,287,evoker,devastation,12,3,9
Shaletresh,thrall,287,evoker,devastation,12,3,9
Doubledeuce,gorefiend,287,evoker,devastation,12,3,9
Myvrth,windrunner,287,evoker,devastation,12,3,9
Brontez,malganis,286,evoker,devastation,6,3,3
Kilnarx,uldaman,286,evoker,devastation,6,3,3
Eyjes,stormrage,256,evoker,devastation,4,4,0
Ghorin,akama,240,evoker,devastation,9,3,6
Tußizard,kelthuzad,239,evoker,devastation,5,3,2
Draconiss,bonechewer,239,evoker,devastation,5,3,2
Nebulae,proudmoore,239,evoker,devastation,11,3,8
Evoque,sargeras,239,evoker,devastation,15,3,12
Reombarth,nemesis,234,evoker,devastation,12,6,6
Spectaclaw,crushridge,223,evoker,devastation,8,3,5
Ormagöden,ravencrest,208,evoker,devastation,13,3,10
Nichlaus,zuljin,192,evoker,devastation,6,2,4
Parachutes,kelthuzad,192,evoker,devastation,6,2,4
Frozanat,kelthuzad,192,evoker,devastation,6,2,4
Xazxander,tichondrius,192,evoker,devastation,6,2,4
Aralzit,tichondrius,192,evoker,devastation,6,2,4
Moorozond,zuljin,192,evoker,devastation,6,2,4
Mikaeza,tichondrius,192,evoker,devastation,6,2,4
Theyevokbuda,kelthuzad,192,evoker,devastation,6,2,4
Dragonsand,area-52,192,evoker,devastation,6,2,4
Selocky,bleeding-hollow,192,evoker,devastation,6,2,4
Gaiyo,sargeras,192,evoker,devastation,6,2,4
Álln,sargeras,192,evoker,devastation,6,2,4
Acade,tichondrius,192,evoker,devastation,6,2,4
Smugpepe,malganis,192,evoker,devastation,6,2,4
Vapegodx,proudmoore,192,evoker,devastation,6,2,4
Pyrepeanut,tichondrius,192,evoker,devastation,6,2,4
Weirdclassx,tichondrius,192,evoker,devastation,6,2,4
Draketyr,area-52,192,evoker,devastation,6,2,4
Vermithõr,ragnaros,192,evoker,devastation,6,2,4
Tasdaral,tichondrius,192,evoker,devastation,6,2,4
Shädòwçäsper,kilrogg,192,evoker,devastation,6,2,4
Ryüh,azralon,192,evoker,devastation,6,2,4
Lanati,veknilash,192,evoker,devastation,6,2,4
Critqueenx,destromath,192,evoker,devastation,6,2,4
Dracorblaq,bleeding-hollow,192,evoker,devastation,6,2,4
Olawd,azshara,192,evoker,devastation,6,2,4
Desdinova,tortheldrin,192,evoker,devastation,6,2,4
Magikarpchan,ragnaros,192,evoker,devastation,6,2,4
Hoodoo,dark-iron,192,evoker,devastation,6,2,4
Daebruk,ragnaros,192,evoker,devastation,6,2,4
Dokthyr,lightbringer,192,evoker,devastation,6,2,4
Umbrathel,tichondrius,192,evoker,devastation,6,2,4
Zuberion,wyrmrest-accord,192,evoker,devastation,6,2,4
Grawlix,stormreaver,192,evoker,devastation,6,2,4
Daemon,terokkar,192,evoker,devastation,6,2,4
Wydbro,kiljaeden,192,evoker,devastation,6,2,4
Kazervish,wyrmrest-accord,192,evoker,devastation,6,2,4
Paindragon,tol-barad,192,evoker,devastation,6,2,4
Doldorrii,terenas,192,evoker,devastation,6,2,4
Iragorn,nemesis,192,evoker,devastation,6,2,4
Swamper,emerald-dream,192,evoker,devastation,6,2,4
Nyaraoorun,uther,192,evoker,devastation,6,2,4
Goreriders,area-52,192,evoker,devastation,6,2,4
Yalena,illidan,192,evoker,devastation,6,2,4
Chapdragless,illidan,192,evoker,devastation,6,2,4
Nitalash,moon-guard,192,evoker,devastation,6,2,4
Zackxo,moon-guard,192,evoker,devastation,6,2,4
Analogies,stormrage,192,evoker,devastation,6,2,4
Guavomango,moon-guard,192,evoker,devastation,6,2,4
Ralzital,auchindoun,192,evoker,devastation,6,2,4
Setaler,bonechewer,192,evoker,devastation,6,2,4
Noxidian,moon-guard,192,evoker,devastation,6,2,4
Horusnight,drakkari,192,evoker,devastation,6,2,4
Dragboy,stormrage,192,evoker,devastation,6,2,4
Racovoker,zuljin,192,evoker,devastation,6,2,4
Siatren,shadowmoon,192,evoker,devastation,6,2,4
Dixb,illidan,192,evoker,devastation,6,2,4
Dragkweened,illidan,192,evoker,devastation,6,2,4
Dragondubya,illidan,192,evoker,devastation,6,2,4
Kímbah,emerald-dream,192,evoker,devastation,6,2,4
Ilithiphobia,ghostlands,192,evoker,devastation,6,2,4
Zattanik,ragnaros,192,evoker,devastation,6,2,4
Slydawg,amanthul,192,evoker,devastation,6,2,4
Joesount,frostmourne,192,evoker,devastation,6,2,4
Pocketgiga,stormrage,192,evoker,devastation,6,2,4
Rozdormu,frostmourne,192,evoker,devastation,6,2,4
Galakrona,frostmourne,192,evoker,devastation,6,2,4
Hiroshim,stormrage,192,evoker,devastation,6,2,4
Draguhne,stormrage,192,evoker,devastation,6,2,4
Puffed,frostmourne,192,evoker,devastation,6,2,4
Cyromancerr,illidan,192,evoker,devastation,8,2,6
Drewdragon,zuljin,192,evoker,devastation,12,2,10
Villaindraq,stormrage,192,evoker,devastation,12,2,10
Erathiss,wyrmrest-accord,192,evoker,devastation,12,2,10
Bitormu,scilla,192,evoker,devastation,12,2,10
Valkarie,arygos,192,evoker,devastation,12,2,10
Dragonbornhd,tichondrius,192,evoker,devastation,12,2,10
Kuthar,barthilas,192,evoker,devastation,12,2,10
Blueblack,proudmoore,192,evoker,devastation,12,2,10
Niraller,tichondrius,192,evoker,devastation,12,2,10
Chillistraza,tichondrius,192,evoker,devastation,12,2,10
Detralan,draka,192,evoker,devastation,12,2,10
Sørrøw,blades-edge,192,evoker,devastation,18,2,16
Shenlongg,sargeras,191,evoker,devastation,6,2,4
Grigori,vashj,191,evoker,devastation,12,2,10
Exiztx,tichondrius,160,evoker,devastation,10,2,8
Enoth,aerie-peak,159,evoker,devastation,5,2,3
Tevvez,moon-guard,159,evoker,devastation,5,2,3
Alkden,azralon,159,evoker,devastation,8,3,5
Skaylee,illidan,144,evoker,devastation,9,2,7
Deshalth,dalaran,138,evoker,devastation,11,5,6
Platypus,tichondrius,138,evoker,devastation,11,4,7
Deathflamee,emerald-dream,138,evoker,devastation,12,3,9
Booniejimbob,illidan,128,evoker,devastation,4,2,2
Shunkagosa,frostmourne,128,evoker,devastation,4,2,2
Vïtmercon,frostmourne,128,evoker,devastation,4,2,2
Vormontis,azralon,112,evoker,devastation,7,2,5
Tugmapvpean,kelthuzad,96,evoker,devastation,3,2,1
Warchad,stormrage,96,evoker,devastation,6,1,5
Sigroux,area-52,96,evoker,devastation,6,1,5
Chocamocos,area-52,96,evoker,devastation,6,1,5
Cindrozaraz,stormreaver,96,evoker,devastation,6,1,5
Ghidorah,sentinels,96,evoker,devastation,6,1,5
Lucià,thrall,96,evoker,devastation,6,1,5
Celestras,illidan,96,evoker,devastation,6,1,5
Ocd,stormrage,96,evoker,devastation,6,1,5
Zealagon,ragnaros,96,evoker,devastation,6,1,5
Rutheal,amanthul,96,evoker,devastation,6,1,5
Ryuukishi,amanthul,96,evoker,devastation,6,1,5
Luceryz,drakkari,96,evoker,devastation,6,1,5
Charrio,illidan,96,evoker,devastation,6,1,5
Myjewelshurt,stormrage,96,evoker,devastation,6,1,5
Stankybreff,area-52,96,evoker,devastation,6,1,5
Wetbreath,sargeras,96,evoker,devastation,6,1,5
Proust,grizzly-hills,96,evoker,devastation,6,1,5
Ojigi,sargeras,96,evoker,devastation,6,1,5
Ackonstraza,frostmourne,96,evoker,devastation,6,1,5
Demobreath,sargeras,96,evoker,devastation,6,1,5
Demonmommy,caelestrasz,96,evoker,devastation,6,1,5
Ghonir,emerald-dream,96,evoker,devastation,6,1,5
Scrier,frostmourne,96,evoker,devastation,6,1,5
Trogs,emerald-dream,96,evoker,devastation,6,1,5
Netrazei,the-scryers,96,evoker,devastation,6,1,5
Ðrac,bleeding-hollow,96,evoker,devastation,6,1,5
Drakkar,elune,96,evoker,devastation,6,1,5
Skithyrix,bleeding-hollow,96,evoker,devastation,6,1,5
Bløssom,malganis,96,evoker,devastation,6,1,5
Krenth,malganis,96,evoker,devastation,6,1,5
Jormongand,garrosh,96,evoker,devastation,6,1,5
Modenzu,malganis,96,evoker,devastation,6,1,5
Zinderaz,runetotem,96,evoker,devastation,6,1,5
Handb,tichondrius,96,evoker,devastation,6,1,5
Dripps,bleeding-hollow,96,evoker,devastation,6,1,5
Shintrax,ragnaros,96,evoker,devastation,6,1,5
Kazadon,icecrown,96,evoker,devastation,6,1,5
Fígment,tichondrius,96,evoker,devastation,6,1,5
Repd,sargeras,96,evoker,devastation,6,1,5
Puffthejoint,proudmoore,96,evoker,devastation,6,1,5
Happyevoker,tichondrius,96,evoker,devastation,6,1,5
Jsb,moon-guard,96,evoker,devastation,6,1,5
Selfhealzer,korgath,96,evoker,devastation,6,1,5
Batterypowa,frostmourne,96,evoker,devastation,6,1,5
Ipunchdarts,frostmourne,96,evoker,devastation,6,1,5
Dracynmana,perenolde,96,evoker,devastation,6,1,5
Rojothyr,tichondrius,96,evoker,devastation,6,1,5
Sneekysnekz,tichondrius,96,evoker,devastation,6,1,5
Asui,senjin,96,evoker,devastation,6,1,5
Icedmochaa,thrall,96,evoker,devastation,12,1,11
Ysondrius,durotan,96,evoker,devastation,12,1,11
Colloc,tichondrius,96,evoker,devastation,12,1,11
Carnosaur,lightbringer,96,evoker,devastation,12,1,11
Donormi,moon-guard,96,evoker,devastation,12,1,11
Rathend,lothar,96,evoker,devastation,12,1,11
Bigwurrm,illidan,96,evoker,devastation,18,1,17
Líghtníng,tichondrius,95,evoker,devastation,7,1,6
Coped,stormrage,79,evoker,devastation,5,1,4
Nwo,shattered-hand,64,evoker,devastation,4,1,3
Starkiller,stormrage,64,evoker,devastation,4,1,3
Nyxtari,ragnaros,48,evoker,devastation,3,1,2
Bribbs,frostmourne,42,evoker,devastation,7,2,5
Charlestrasz,hyjal,42,evoker,devastation,11,3,8
Ytq,tichondrius,42,evoker,devastation,10,2,8
Remisha,emerald-dream,2258,hunter,marksmanship,135,74,61
Dobarantu,tichondrius,2127,hunter,marksmanship,229,119,110
Darkshady,tichondrius,2108,hunter,marksmanship,84,44,40
Chadsmanship,kelthuzad,2103,hunter,marksmanship,98,47,51
Dolcece,tichondrius,2010,hunter,marksmanship,84,41,43
Preze,moon-guard,1961,hunter,marksmanship,87,52,35
Taumelz,sargeras,1959,hunter,marksmanship,72,32,40
Imvalence,area-52,1956,hunter,marksmanship,193,92,101
Abolick,area-52,1953,hunter,marksmanship,141,71,70
Bosshunter,tichondrius,1910,hunter,marksmanship,122,65,57
Milahwa,frostmourne,1909,hunter,marksmanship,90,44,46
Babyhydra,frostmourne,1906,hunter,marksmanship,71,35,36
Fuknhunter,kiljaeden,1905,hunter,marksmanship,110,56,54
Rendel,drakkari,1896,hunter,marksmanship,278,136,142
Rakan,spinebreaker,1884,hunter,marksmanship,54,33,21
Bøl,ragnaros,1882,hunter,marksmanship,30,20,10
Kristemis,thrall,1878,hunter,marksmanship,75,41,34
Êvæ,frostmourne,1875,hunter,marksmanship,90,44,46
Milae,frostmourne,1870,hunter,marksmanship,96,48,48
Drupert,tichondrius,1869,hunter,marksmanship,36,20,16
Banshee,frostmourne,1866,hunter,marksmanship,52,29,23
Mhd,stormrage,1863,hunter,marksmanship,77,36,41
Hrafn,illidan,1859,hunter,marksmanship,60,31,29
Wmsgs,tichondrius,1857,hunter,marksmanship,271,137,134
Hokutoxx,tichondrius,1855,hunter,marksmanship,68,30,38
Photos,moon-guard,1851,hunter,marksmanship,83,54,29
Squawkers,sargeras,1848,hunter,marksmanship,78,43,35
Astolenis,quelthalas,1847,hunter,marksmanship,60,29,31
Blackjesu,blackrock,1841,hunter,marksmanship,78,35,43
Blickys,area-52,1838,hunter,marksmanship,54,22,32
Moonwind,tichondrius,1836,hunter,marksmanship,65,31,34
Renaître,tichondrius,1834,hunter,marksmanship,192,92,100
Takeiya,zuljin,1830,hunter,marksmanship,65,33,32
Hâwkêyê,thrall,1827,hunter,marksmanship,48,22,26
Dynith,sargeras,1825,hunter,marksmanship,75,39,36
Tandope,sargeras,1823,hunter,marksmanship,47,20,27
Ingrutamig,tichondrius,1817,hunter,marksmanship,72,34,38
Iconvoked,sargeras,1816,hunter,marksmanship,214,110,104
Colada,malganis,1813,hunter,marksmanship,72,34,38
Zumago,tichondrius,1808,hunter,marksmanship,117,60,57
Nishinos,tichondrius,1808,hunter,marksmanship,231,112,119
Supersaiyan,antonidas,1806,hunter,marksmanship,66,31,35
Tánsøxøxø,tichondrius,1805,hunter,marksmanship,60,30,30
Ladderpolice,tichondrius,1803,hunter,marksmanship,167,90,77
Czeroenjoyer,malganis,1803,hunter,marksmanship,66,33,33
Lely,tichondrius,1800,hunter,marksmanship,72,38,34
Trapordíe,tichondrius,1800,hunter,marksmanship,42,21,21
Alyywn,tichondrius,1795,hunter,marksmanship,197,99,98
Tren,blackrock,1788,hunter,marksmanship,53,28,25
Drasen,deathwing,1778,hunter,marksmanship,48,27,21
Kensho,illidan,1777,hunter,marksmanship,101,54,47
Shatterwax,area-52,1777,hunter,marksmanship,54,26,28
Globalcake,illidan,1773,hunter,marksmanship,226,112,114
Slantedshot,coilfang,1770,hunter,marksmanship,138,66,72
Brewster,burning-legion,1769,hunter,marksmanship,72,39,33
Jamesmcgill,tichondrius,1768,hunter,marksmanship,53,22,31
Khasu,ragnaros,1767,hunter,marksmanship,42,21,21
Hagadinn,frostmourne,1765,hunter,marksmanship,48,21,27
Notnick,tichondrius,1747,hunter,marksmanship,84,37,47
Sungold,dathremar,1743,hunter,marksmanship,26,21,5
Aymas,sargeras,1740,hunter,marksmanship,143,77,66
Hokutox,tichondrius,1739,hunter,marksmanship,85,35,50
Overgnome,ragnaros,1736,hunter,marksmanship,66,32,34
Valdra,aegwynn,1730,hunter,marksmanship,90,50,40
Nes,azuremyst,1730,hunter,marksmanship,54,30,24
Trapstar,aggramar,1729,hunter,marksmanship,80,46,34
Landon,lightnings-blade,1727,hunter,marksmanship,90,47,43
Ðurostar,area-52,1726,hunter,marksmanship,42,22,20
Bootywhop,dalaran,1724,hunter,marksmanship,60,28,32
Gohan,jubeithos,1720,hunter,marksmanship,51,28,23
Tracershot,malganis,1718,hunter,marksmanship,38,19,19
Mapp,tichondrius,1717,hunter,marksmanship,36,21,15
Primalus,tichondrius,1717,hunter,marksmanship,36,18,18
Kkoduckk,tichondrius,1715,hunter,marksmanship,30,19,11
Comebacks,ragnaros,1714,hunter,marksmanship,95,46,49
Markymarc,tichondrius,1714,hunter,marksmanship,59,24,35
Dudemanyeah,skullcrusher,1714,hunter,marksmanship,72,28,44
Undeadroach,tichondrius,1713,hunter,marksmanship,185,88,97
Nãmki,tichondrius,1710,hunter,marksmanship,48,32,16
Blaðe,kelthuzad,1710,hunter,marksmanship,224,107,117
Onemoreshot,bleeding-hollow,1709,hunter,marksmanship,248,124,124
Undien,area-52,1708,hunter,marksmanship,99,52,47
Quickitty,proudmoore,1703,hunter,marksmanship,148,73,75
Sharpknife,dreadmaul,1700,hunter,marksmanship,66,31,35
Durbìn,sargeras,1700,hunter,marksmanship,47,22,25
Heädshöt,malorne,1699,hunter,marksmanship,78,38,40
Bwaa,illidan,1697,hunter,marksmanship,161,86,75
Khasü,quelthalas,1691,hunter,marksmanship,53,33,20
Deutêr,quelthalas,1678,hunter,marksmanship,90,43,47
Killatrap,malganis,1677,hunter,marksmanship,42,23,19
Dracõ,proudmoore,1674,hunter,marksmanship,128,67,61
Boquiinha,stormrage,1674,hunter,marksmanship,183,89,94
Ekzoo,tichondrius,1672,hunter,marksmanship,34,21,13
Biubiubiubiu,proudmoore,1672,hunter,marksmanship,99,59,40
Spunky,zuluhed,1670,hunter,marksmanship,60,32,28
Petattack,barthilas,1668,hunter,marksmanship,42,20,22
Keenz,frostmourne,1666,hunter,marksmanship,48,22,26
Beldhur,archimonde,1666,hunter,marksmanship,59,26,33
Tassili,illidan,1666,hunter,marksmanship,60,23,37
Vitekz,illidan,1665,hunter,marksmanship,36,25,11
Unravel,tichondrius,1663,hunter,marksmanship,129,76,53
Maximos,lightnings-blade,1660,hunter,marksmanship,156,76,80
Bertimus,sargeras,1659,hunter,marksmanship,120,60,60
Onemøreshot,bleeding-hollow,1658,hunter,marksmanship,161,84,77
Doves,wyrmrest-accord,1657,hunter,marksmanship,72,40,32
Candytoxic,quelthalas,1657,hunter,marksmanship,72,37,35
Huntkiller,tichondrius,1651,hunter,marksmanship,40,29,11
Wìkkihx,emerald-dream,1651,hunter,marksmanship,137,74,63
Gotchã,area-52,1650,hunter,marksmanship,42,27,15
Stormjin,arthas,1647,hunter,marksmanship,66,33,33
Freshko,kiljaeden,1641,hunter,marksmanship,48,31,17
Headshoot,tichondrius,1641,hunter,marksmanship,83,45,38
Misakilr,sargeras,1640,hunter,marksmanship,54,30,24
Latesummer,tichondrius,1639,hunter,marksmanship,60,32,28
Barelyknower,area-52,1639,hunter,marksmanship,96,47,49
Learn,sargeras,1638,hunter,marksmanship,72,40,32
Wildder,area-52,1637,hunter,marksmanship,62,35,27
Surprisemfkr,emerald-dream,1635,hunter,marksmanship,78,39,39
Papiskrill,staghelm,1634,hunter,marksmanship,142,71,71
Venerer,tichondrius,1634,hunter,marksmanship,66,33,33
Freezetrap,proudmoore,1632,hunter,marksmanship,39,24,15
Drivebymac,tichondrius,1630,hunter,marksmanship,114,58,56
Orber,stormrage,1628,hunter,marksmanship,44,23,21
Hanabanana,wyrmrest-accord,1627,hunter,marksmanship,30,17,13
Rednivrap,kelthuzad,1627,hunter,marksmanship,40,20,20
Blungo,azralon,1627,hunter,marksmanship,142,69,73
Elfymcelf,arthas,1626,hunter,marksmanship,108,55,53
ßoo,darkspear,1625,hunter,marksmanship,72,43,29
Bowreckage,malganis,1625,hunter,marksmanship,241,130,111
Arjunå,sargeras,1621,hunter,marksmanship,101,56,45
Hhappy,tichondrius,1621,hunter,marksmanship,100,44,56
Deliond,moon-guard,1620,hunter,marksmanship,252,132,120
Xcw,stormrage,1619,hunter,marksmanship,60,28,32
Zakiro,illidan,1618,hunter,marksmanship,30,20,10
Alansho,tichondrius,1618,hunter,marksmanship,53,20,33
Tânsøxøxø,tichondrius,1617,hunter,marksmanship,30,17,13
Timmee,bleeding-hollow,1617,hunter,marksmanship,46,26,20
Johaylon,sargeras,1616,hunter,marksmanship,42,19,23
Dezertpower,sargeras,1613,hunter,marksmanship,36,20,16
Hideonpet,barthilas,1613,hunter,marksmanship,95,48,47
Darance,sargeras,1612,hunter,marksmanship,40,22,18
Shotashot,area-52,1612,hunter,marksmanship,36,17,19
Toxarch,aggramar,1610,hunter,marksmanship,72,31,41
Angelickon,tichondrius,1609,hunter,marksmanship,92,49,43
Arrowslol,stormrage,1608,hunter,marksmanship,60,32,28
Artois,tichondrius,1608,hunter,marksmanship,64,34,30
Wockqt,kiljaeden,1608,hunter,marksmanship,73,36,37
Aueria,kiljaeden,1608,hunter,marksmanship,78,33,45
Vivaswan,tichondrius,1607,hunter,marksmanship,66,28,38
Shotsphodays,sargeras,1606,hunter,marksmanship,108,58,50
Kìllshot,madoran,1606,hunter,marksmanship,48,22,26
Aqurandris,moon-guard,1605,hunter,marksmanship,78,49,29
Simbagrove,dalaran,1605,hunter,marksmanship,42,19,23
Evaelfi,illidan,1605,hunter,marksmanship,40,17,23
Hyyz,proudmoore,1604,hunter,marksmanship,36,22,14
Lilbang,thrall,1604,hunter,marksmanship,129,64,65
Tommychong,shandris,1604,hunter,marksmanship,112,55,57
Zombified,moon-guard,1602,hunter,marksmanship,77,46,31
Ggtooeasy,thrall,1601,hunter,marksmanship,66,35,31
Eratichunt,illidan,1601,hunter,marksmanship,46,18,28
Neverhunter,azralon,1599,hunter,marksmanship,53,27,26
Kript,dragonmaw,1597,hunter,marksmanship,83,44,39
Deadshöt,bleeding-hollow,1597,hunter,marksmanship,59,26,33
Demolitions,kelthuzad,1597,hunter,marksmanship,53,18,35
Bigpie,daggerspine,1594,hunter,marksmanship,64,38,26
Fatehunter,bleeding-hollow,1594,hunter,marksmanship,103,49,54
Gor,hyjal,1594,hunter,marksmanship,53,25,28
Shootipie,hyjal,1593,hunter,marksmanship,28,20,8
Taylormadae,frostmourne,1591,hunter,marksmanship,84,45,39
Yønkøu,azralon,1591,hunter,marksmanship,86,38,48
Roidbum,barthilas,1587,hunter,marksmanship,52,20,32
Jímmycorn,sargeras,1586,hunter,marksmanship,47,32,15
Hunterlist,frostmourne,1586,hunter,marksmanship,89,36,53
Snìpershot,sargeras,1585,hunter,marksmanship,67,35,32
Lilbebe,illidan,1580,hunter,marksmanship,54,31,23
Junglejam,elune,1580,hunter,marksmanship,93,44,49
Mambothehunt,stormrage,1579,hunter,marksmanship,66,36,30
Thebweh,ragnaros,1578,hunter,marksmanship,53,24,29
Dienasty,zuljin,1577,hunter,marksmanship,36,23,13
Saltard,frostmourne,1576,hunter,marksmanship,42,21,21
Itsgma,shandris,1575,hunter,marksmanship,48,26,22
Flämma,azralon,1573,hunter,marksmanship,90,40,50
Stfd,illidan,1572,hunter,marksmanship,51,31,20
Huntonthic,korgath,1571,hunter,marksmanship,68,34,34
Hmh,burning-legion,1570,hunter,marksmanship,275,138,137
Stimpblimp,jubeithos,1563,hunter,marksmanship,48,19,29
Ssdslol,bleeding-hollow,1562,hunter,marksmanship,175,101,74
Renzô,sargeras,1559,hunter,marksmanship,133,76,57
Crounzz,sargeras,1558,hunter,marksmanship,51,23,28
Shawtytraps,tichondrius,1558,hunter,marksmanship,239,103,136
Mù,frostmourne,1556,hunter,marksmanship,66,36,30
Rampagez,tichondrius,1555,hunter,marksmanship,36,19,17
Saloran,akama,1553,hunter,marksmanship,108,60,48
Tyrmaakk,emerald-dream,1552,hunter,marksmanship,58,30,28
Bacchantress,tichondrius,1550,hunter,marksmanship,48,24,24
Zasnar,malganis,1548,hunter,marksmanship,90,47,43
Mukbangbj,terenas,1546,hunter,marksmanship,76,40,36
Sagadegêmeos,stormrage,1545,hunter,marksmanship,118,50,68
Luchadoris,malganis,1544,hunter,marksmanship,72,36,36
Kimghak,tichondrius,1544,hunter,marksmanship,67,30,37
Rubinaldo,azralon,1543,hunter,marksmanship,36,18,18
Gnomorecum,kiljaeden,1539,hunter,marksmanship,117,68,49
Skybourne,nemesis,1538,hunter,marksmanship,180,100,80
Tråppin,sargeras,1538,hunter,marksmanship,104,55,49
Gvjellybeans,tichondrius,1535,hunter,marksmanship,24,16,8
Koridelse,nemesis,1535,hunter,marksmanship,42,22,20
Jubiscleudo,azralon,1535,hunter,marksmanship,139,63,76
Huntncheekz,kelthuzad,1534,hunter,marksmanship,76,38,38
Hogshanks,moon-guard,1534,hunter,marksmanship,36,18,18
Metalgear,icecrown,1533,hunter,marksmanship,66,34,32
Hitts,barthilas,1532,hunter,marksmanship,59,30,29
Ryukuzen,tichondrius,1532,hunter,marksmanship,54,22,32
Topshotx,tichondrius,1530,hunter,marksmanship,66,36,30
Smokabombom,eredar,1530,hunter,marksmanship,34,18,16
Zugbrained,illidan,1529,hunter,marksmanship,48,26,22
Hämhunter,stormrage,1528,hunter,marksmanship,75,44,31
Swayshunt,area-52,1525,hunter,marksmanship,52,26,26
Dummorogh,stormrage,1522,hunter,marksmanship,126,58,68
Guacmec,tichondrius,1521,hunter,marksmanship,48,28,20
Waqz,tichondrius,1521,hunter,marksmanship,66,34,32
Richmond,lightnings-blade,1521,hunter,marksmanship,72,33,39
Amyrkvothe,ragnaros,1520,hunter,marksmanship,90,41,49
Easynightjr,bleeding-hollow,1519,hunter,marksmanship,249,126,123
Lsily,tichondrius,1519,hunter,marksmanship,36,16,20
Seyu,tichondrius,1519,hunter,marksmanship,42,16,26
Maia,frostwolf,1518,hunter,marksmanship,66,30,36
Bowflexen,illidan,1518,hunter,marksmanship,42,19,23
Dykbuht,area-52,1517,hunter,marksmanship,60,31,29
Tharlor,aegwynn,1516,hunter,marksmanship,36,16,20
Balaria,tichondrius,1515,hunter,marksmanship,35,19,16
Insanedabz,tichondrius,1515,hunter,marksmanship,72,35,37
Dsnowy,emerald-dream,1515,hunter,marksmanship,36,17,19
Feov,tichondrius,1514,hunter,marksmanship,42,23,19
Zgabriel,azralon,1514,hunter,marksmanship,65,35,30
Legeye,malganis,1514,hunter,marksmanship,54,26,28
Tropic,proudmoore,1514,hunter,marksmanship,125,50,75
Gnometoprace,illidan,1511,hunter,marksmanship,60,20,40
Trippyhunter,akama,1509,hunter,marksmanship,30,18,12
Swagprince,skullcrusher,1509,hunter,marksmanship,64,36,28
Plopslopper,frostmourne,1508,hunter,marksmanship,60,31,29
Cyrsmen,ragnaros,1505,hunter,marksmanship,105,51,54
Lostfaith,tichondrius,1504,hunter,marksmanship,66,36,30
Rïve,tichondrius,1504,hunter,marksmanship,36,17,19
Hoboh,illidan,1503,hunter,marksmanship,129,67,62
Marshen,zuljin,1503,hunter,marksmanship,36,17,19
Odin,goldrinn,1500,hunter,marksmanship,253,121,132
Pobby,frostmourne,1498,hunter,marksmanship,30,23,7
Booyakah,hyjal,1496,hunter,marksmanship,42,23,19
Papacohen,stormrage,1495,hunter,marksmanship,45,22,23
Lildex,demon-soul,1494,hunter,marksmanship,30,18,12
Föcker,emerald-dream,1492,hunter,marksmanship,25,19,6
Grànd,tortheldrin,1491,hunter,marksmanship,47,24,23
Esler,quelthalas,1490,hunter,marksmanship,54,28,26
Larree,kelthuzad,1489,hunter,marksmanship,30,21,9
Lîvy,aerie-peak,1489,hunter,marksmanship,124,63,61
Grimcask,ragnaros,1488,hunter,marksmanship,45,23,22
Gstring,kelthuzad,1486,hunter,marksmanship,249,124,125
Ocromiun,illidan,1486,hunter,marksmanship,81,30,51
Yozsh,azralon,1485,hunter,marksmanship,47,32,15
Barrohunt,tichondrius,1485,hunter,marksmanship,81,47,34
Ilina,malorne,1485,hunter,marksmanship,36,20,16
Jenniekim,mugthol,1484,hunter,marksmanship,49,34,15
Ohifren,proudmoore,1479,hunter,marksmanship,30,16,14
Islachan,ragnaros,1479,hunter,marksmanship,36,16,20
Rudekeef,illidan,1478,hunter,marksmanship,36,17,19
Metalstorm,draenor,1476,hunter,marksmanship,41,19,22
Artemyzz,tichondrius,1476,hunter,marksmanship,60,26,34
Bodaki,proudmoore,1473,hunter,marksmanship,42,20,22
Scourgesurge,kiljaeden,1470,hunter,marksmanship,42,21,21
Cloudzbow,moon-guard,1470,hunter,marksmanship,40,18,22
Finaqua,sargeras,1469,hunter,marksmanship,56,24,32
Shadowhokage,zuljin,1468,hunter,marksmanship,67,36,31
Dharo,illidan,1466,hunter,marksmanship,27,17,10
Rapidfire,perenolde,1466,hunter,marksmanship,103,55,48
Killshøtß,tichondrius,1466,hunter,marksmanship,54,25,29
Huntkillerx,illidan,1466,hunter,marksmanship,48,19,29
Lowlore,moon-guard,1463,hunter,marksmanship,96,52,44
Automatic,illidan,1463,hunter,marksmanship,81,40,41
Kekkww,hyjal,1463,hunter,marksmanship,66,32,34
Cheetah,tichondrius,1463,hunter,marksmanship,36,16,20
Zeenuts,sargeras,1461,hunter,marksmanship,47,24,23
Imineore,stormrage,1459,hunter,marksmanship,276,142,134
Shootybooty,arygos,1459,hunter,marksmanship,66,25,41
Bomomatic,zuljin,1457,hunter,marksmanship,42,24,18
Benme,illidan,1456,hunter,marksmanship,369,180,189
Ibonon,frostmourne,1456,hunter,marksmanship,66,31,35
Tòxophilite,tichondrius,1456,hunter,marksmanship,74,28,46
Nelosi,shadowmoon,1455,hunter,marksmanship,54,25,29
Rockenrique,nemesis,1453,hunter,marksmanship,72,34,38
Sleepyjoee,dalaran,1451,hunter,marksmanship,66,38,28
Pkn,chogall,1450,hunter,marksmanship,60,27,33
Mehontar,area-52,1448,hunter,marksmanship,60,27,33
Grands,tortheldrin,1447,hunter,marksmanship,60,26,34
Solomine,jubeithos,1446,hunter,marksmanship,82,44,38
Ud,eldrethalas,1445,hunter,marksmanship,30,20,10
Tóri,emerald-dream,1445,hunter,marksmanship,47,25,22
Caylix,sargeras,1445,hunter,marksmanship,72,38,34
Somethinggo,tichondrius,1445,hunter,marksmanship,178,85,93
Boomphaque,ravencrest,1442,hunter,marksmanship,138,65,73
Hemathios,drakkari,1442,hunter,marksmanship,50,21,29
Rumzi,thrall,1441,hunter,marksmanship,102,57,45
Stupidgodx,tichondrius,1441,hunter,marksmanship,68,35,33
Backpedalftw,darrowmere,1440,hunter,marksmanship,42,16,26
Hawkeyë,ragnaros,1439,hunter,marksmanship,30,18,12
Insulin,moonrunner,1439,hunter,marksmanship,56,28,28
Katebishop,nemesis,1438,hunter,marksmanship,28,18,10
Jotosalsa,blackrock,1438,hunter,marksmanship,60,30,30
Klitz,lightninghoof,1436,hunter,marksmanship,40,23,17
Gretress,azralon,1436,hunter,marksmanship,96,41,55
Malkuri,medivh,1436,hunter,marksmanship,41,17,24
Acelol,proudmoore,1434,hunter,marksmanship,245,130,115
Pokcmvmxckm,senjin,1433,hunter,marksmanship,66,35,31
Boradin,lightbringer,1432,hunter,marksmanship,95,57,38
Allondra,proudmoore,1432,hunter,marksmanship,30,17,13
Baixiaochu,area-52,1432,hunter,marksmanship,166,78,88
Crazyeasy,azshara,1431,hunter,marksmanship,30,15,15
Lewanker,zuljin,1429,hunter,marksmanship,42,23,19
Joshmckin,area-52,1427,hunter,marksmanship,134,63,71
Déadshot,thaurissan,1426,hunter,marksmanship,68,30,38
Valimhir,tichondrius,1426,hunter,marksmanship,75,33,42
Inktray,durotan,1426,hunter,marksmanship,36,15,21
Hötdôg,kiljaeden,1425,hunter,marksmanship,66,31,35
Highershot,azralon,1424,hunter,marksmanship,30,17,13
Vonkrieg,tichondrius,1424,hunter,marksmanship,42,15,27
Tup,guldan,1423,hunter,marksmanship,87,44,43
Infinitý,zuljin,1421,hunter,marksmanship,77,34,43
Rorijii,tichondrius,1421,hunter,marksmanship,54,23,31
Leucis,cenarius,1420,hunter,marksmanship,18,15,3
Lokuhzmarcus,goldrinn,1419,hunter,marksmanship,84,45,39
Picapaul,stormrage,1418,hunter,marksmanship,89,47,42
Longshánks,stormrage,1416,hunter,marksmanship,30,15,15
Kronicbeast,bleeding-hollow,1416,hunter,marksmanship,134,62,72
Boombob,sargeras,1415,hunter,marksmanship,59,27,32
Dsizzle,tichondrius,1415,hunter,marksmanship,56,23,33
Shøtii,tichondrius,1414,hunter,marksmanship,40,21,19
Dathunterr,azralon,1414,hunter,marksmanship,113,56,57
Péppérmínt,korgath,1413,hunter,marksmanship,68,35,33
Malcab,tichondrius,1412,hunter,marksmanship,30,19,11
Brapdaddy,lightbringer,1412,hunter,marksmanship,48,21,27
Elendïr,tichondrius,1411,hunter,marksmanship,60,33,27
Soljer,kiljaeden,1411,hunter,marksmanship,90,40,50
Pwnagraphic,barthilas,1411,hunter,marksmanship,102,44,58
Berkhof,tichondrius,1410,hunter,marksmanship,74,34,40
Botoshooter,dragonmaw,1409,hunter,marksmanship,24,16,8
Klannis,quelthalas,1409,hunter,marksmanship,42,19,23
Adive,drakkari,1409,hunter,marksmanship,118,53,65
Microshotz,windrunner,1408,hunter,marksmanship,36,24,12
Javoj,drakkari,1405,hunter,marksmanship,30,15,15
Voidmarksman,whisperwind,1404,hunter,marksmanship,49,30,19
Lederniertra,gorefiend,1404,hunter,marksmanship,302,152,150
Madsniper,thunderlord,1403,hunter,marksmanship,90,46,44
Dandogg,tichondrius,1403,hunter,marksmanship,48,24,24
Tkrenshaw,proudmoore,1402,hunter,marksmanship,29,15,14
Windrein,ysondre,1402,hunter,marksmanship,63,26,37
Ravenblood,lothar,1400,hunter,marksmanship,30,16,14
Vibøra,stormrage,1400,hunter,marksmanship,150,68,82
Pâl,quelthalas,1399,hunter,marksmanship,78,36,42
Mizhu,ragnaros,1397,hunter,marksmanship,136,73,63
Kusz,bleeding-hollow,1397,hunter,marksmanship,113,51,62
Hunsak,ragnaros,1396,hunter,marksmanship,36,24,12
Huntnmaster,thrall,1396,hunter,marksmanship,36,17,19
Cu,frostmourne,1395,hunter,marksmanship,50,30,20
Ðaybreâker,tichondrius,1394,hunter,marksmanship,97,50,47
Ashx,khazgoroth,1392,hunter,marksmanship,30,15,15
Chîll,frostmourne,1392,hunter,marksmanship,74,35,39
Häydn,emerald-dream,1390,hunter,marksmanship,58,31,27
Ladright,altar-of-storms,1390,hunter,marksmanship,78,39,39
Thickychan,illidan,1389,hunter,marksmanship,78,40,38
Littledougie,boulderfist,1388,hunter,marksmanship,90,47,43
Iililillilii,tichondrius,1388,hunter,marksmanship,40,18,22
ßeãst,bladefist,1387,hunter,marksmanship,24,16,8
Staticarrow,norgannon,1387,hunter,marksmanship,132,64,68
Siebee,tichondrius,1387,hunter,marksmanship,71,32,39
Bigolhippy,frostmourne,1386,hunter,marksmanship,42,23,19
Lookøut,moon-guard,1385,hunter,marksmanship,104,48,56
Slayou,uldum,1383,hunter,marksmanship,75,40,35
Fuzzypjs,stormrage,1382,hunter,marksmanship,39,17,22
Cullowhee,proudmoore,1382,hunter,marksmanship,41,17,24
Zensuox,barthilas,1381,hunter,marksmanship,30,15,15
Gq,garona,1381,hunter,marksmanship,119,53,66
Dnicee,stormrage,1380,hunter,marksmanship,42,30,12
Madbéê,tichondrius,1380,hunter,marksmanship,27,15,12
Grayføxx,twisting-nether,1379,hunter,marksmanship,95,49,46
Mariaassjx,ragnaros,1379,hunter,marksmanship,114,51,63
Dreygar,dawnbringer,1379,hunter,marksmanship,36,15,21
Gorîlla,sargeras,1375,hunter,marksmanship,132,65,67
Spacelandz,emerald-dream,1374,hunter,marksmanship,30,19,11
Dominate,frostmourne,1374,hunter,marksmanship,54,26,28
Precísion,malganis,1372,hunter,marksmanship,35,18,17
Rawrzy,sargeras,1372,hunter,marksmanship,35,15,20
Itryharder,stormrage,1371,hunter,marksmanship,48,30,18
Xcisiion,nagrand,1370,hunter,marksmanship,191,94,97
Desolater,bleeding-hollow,1370,hunter,marksmanship,66,22,44
Jerybery,gundrak,1368,hunter,marksmanship,59,33,26
Cholohippie,blackrock,1368,hunter,marksmanship,106,54,52
Malebolick,ragnaros,1367,hunter,marksmanship,65,27,38
Toniic,moon-guard,1366,hunter,marksmanship,66,40,26
Murderville,illidan,1366,hunter,marksmanship,54,27,27
Leshwi,ragnaros,1364,hunter,marksmanship,82,41,41
Chï,zuljin,1364,hunter,marksmanship,180,88,92
Drjingajanga,zuluhed,1364,hunter,marksmanship,51,23,28
Lixniqua,tichondrius,1364,hunter,marksmanship,87,39,48
Chokemescara,stormrage,1364,hunter,marksmanship,36,16,20
Worewolf,lightninghoof,1363,hunter,marksmanship,50,22,28
Vipermaster,azralon,1362,hunter,marksmanship,60,35,25
Amonerhunter,bleeding-hollow,1362,hunter,marksmanship,54,23,31
Skelyeelegno,perenolde,1361,hunter,marksmanship,30,17,13
Lotatinyfish,malganis,1360,hunter,marksmanship,54,32,22
Doug,illidan,1360,hunter,marksmanship,52,28,24
Glittergun,sargeras,1360,hunter,marksmanship,41,19,22
Dexteros,ragnaros,1359,hunter,marksmanship,83,42,41
Trapshawty,darkspear,1359,hunter,marksmanship,54,19,35
Bowinc,greymane,1357,hunter,marksmanship,24,15,9
Vergillx,ragnaros,1357,hunter,marksmanship,95,54,41
Loyalrely,tichondrius,1357,hunter,marksmanship,40,22,18
Onlyphanz,darkspear,1357,hunter,marksmanship,32,15,17
Boggartt,ragnaros,1357,hunter,marksmanship,60,27,33
Pleyadez,drakkari,1356,hunter,marksmanship,42,24,18
Picaubica,kiljaeden,1356,hunter,marksmanship,81,38,43
Sï,anubarak,1354,hunter,marksmanship,48,19,29
Húntingarrow,area-52,1353,hunter,marksmanship,95,47,48
Aimz,zuluhed,1353,hunter,marksmanship,79,30,49
Blackhuntr,garona,1351,hunter,marksmanship,349,179,170
Huuntard,proudmoore,1351,hunter,marksmanship,47,19,28
Watchmanjoe,grizzly-hills,1350,hunter,marksmanship,54,30,24
Kolosaltraps,tichondrius,1349,hunter,marksmanship,33,16,17
Gothew,turalyon,1347,hunter,marksmanship,272,140,132
Tømalúca,azralon,1345,hunter,marksmanship,63,33,30
Kyukon,illidan,1345,hunter,marksmanship,36,18,18
Jeezyxxii,shadowmoon,1345,hunter,marksmanship,118,54,64
Snipeudead,sargeras,1345,hunter,marksmanship,36,15,21
Ÿöskë,tichondrius,1343,hunter,marksmanship,24,14,10
Hurstt,kelthuzad,1341,hunter,marksmanship,56,27,29
Fartingshot,proudmoore,1339,hunter,marksmanship,89,41,48
Ethne,garithos,1337,hunter,marksmanship,30,15,15
Braxigarr,area-52,1337,hunter,marksmanship,241,116,125
Wìllòw,khazgoroth,1337,hunter,marksmanship,48,18,30
Unclepez,barthilas,1336,hunter,marksmanship,18,14,4
Orgpopeyes,illidan,1336,hunter,marksmanship,24,14,10
Lttletrax,tichondrius,1336,hunter,marksmanship,30,14,16
Lánárhóádés,tichondrius,1336,hunter,marksmanship,36,16,20
Dvei,silvermoon,1336,hunter,marksmanship,57,25,32
Targetreaper,proudmoore,1335,hunter,marksmanship,108,55,53
Cablok,moon-guard,1335,hunter,marksmanship,30,14,16
Mèseeks,bleeding-hollow,1334,hunter,marksmanship,96,49,47
Cashhapp,zuljin,1332,hunter,marksmanship,219,109,110
Snewboy,malganis,1331,hunter,marksmanship,30,16,14
Thaden,akama,1331,hunter,marksmanship,83,43,40
Moktarg,archimonde,1331,hunter,marksmanship,101,47,54
Llachiip,zuljin,1330,hunter,marksmanship,57,29,28
Bungee,dentarg,1330,hunter,marksmanship,36,17,19
Booffmeister,area-52,1329,hunter,marksmanship,30,14,16
Kìkìjiki,emerald-dream,1328,hunter,marksmanship,41,23,18
Sindain,bloodscalp,1327,hunter,marksmanship,36,20,16
Explosief,area-52,1327,hunter,marksmanship,71,36,35
Tonnyfab,ragnaros,1326,hunter,marksmanship,34,19,15
Keedub,stormrage,1326,hunter,marksmanship,49,20,29
Leeshaarrow,moon-guard,1325,hunter,marksmanship,66,33,33
Uwuessy,illidan,1325,hunter,marksmanship,72,32,40
Shotpig,proudmoore,1325,hunter,marksmanship,36,14,22
Bojob,azgalor,1324,hunter,marksmanship,69,37,32
Gniw,tichondrius,1324,hunter,marksmanship,39,16,23
Softhunter,tichondrius,1324,hunter,marksmanship,36,14,22
Murza,korgath,1323,hunter,marksmanship,24,15,9
Milktoker,tichondrius,1323,hunter,marksmanship,48,25,23
Xhartanis,magtheridon,1323,hunter,marksmanship,63,31,32
Spanerd,moon-guard,1323,hunter,marksmanship,48,21,27
Brienz,tichondrius,1322,hunter,marksmanship,24,14,10
Purpurkle,area-52,1322,hunter,marksmanship,60,31,29
Dougv,stormrage,1322,hunter,marksmanship,30,14,16
Slanderous,korgath,1322,hunter,marksmanship,36,15,21
Kä,blackhand,1321,hunter,marksmanship,66,28,38
Ärtémisa,quelthalas,1320,hunter,marksmanship,41,22,19
Tristiae,stormrage,1319,hunter,marksmanship,67,36,31
Swolfp,tichondrius,1319,hunter,marksmanship,58,23,35
Stupid,arthas,1319,hunter,marksmanship,44,17,27
Juicyjams,moon-guard,1318,hunter,marksmanship,47,25,22
Smoothbrain,khadgar,1318,hunter,marksmanship,70,28,42
Nemmises,proudmoore,1317,hunter,marksmanship,42,19,23
Dogezandalar,illidan,1317,hunter,marksmanship,40,18,22
Condorexe,illidan,1317,hunter,marksmanship,113,49,64
Chuvug,quelthalas,1315,hunter,marksmanship,30,14,16
Typh,saurfang,1314,hunter,marksmanship,47,24,23
Tenlbbow,illidan,1314,hunter,marksmanship,78,38,40
Ricas,malganis,1314,hunter,marksmanship,116,53,63
Kazug,destromath,1314,hunter,marksmanship,41,17,24
Zaheerz,sargeras,1312,hunter,marksmanship,36,16,20
Miscreant,kelthuzad,1312,hunter,marksmanship,44,18,26
Lukhas,moon-guard,1311,hunter,marksmanship,72,28,44
Nirika,moon-guard,1310,hunter,marksmanship,123,55,68
Revo,darkspear,1310,hunter,marksmanship,42,15,27
Skullcracker,azralon,1309,hunter,marksmanship,42,16,26
Kyler,draka,1307,hunter,marksmanship,48,19,29
Thirià,garona,1306,hunter,marksmanship,18,14,4
Phojuansixx,ghostlands,1305,hunter,marksmanship,62,32,30
Wolverhino,thrall,1304,hunter,marksmanship,48,21,27
Flacidhunter,kelthuzad,1303,hunter,marksmanship,72,41,31
Akomata,emerald-dream,1303,hunter,marksmanship,42,21,21
Cocobread,stormreaver,1303,hunter,marksmanship,48,21,27
Balun,sargeras,1303,hunter,marksmanship,66,28,38
Oattes,daggerspine,1303,hunter,marksmanship,34,14,20
Celph,moon-guard,1299,hunter,marksmanship,48,20,28
Gunther,korgath,1296,hunter,marksmanship,30,14,16
Jux,shadowmoon,1295,hunter,marksmanship,35,14,21
Ahegoface,frostmourne,1295,hunter,marksmanship,66,24,42
Mensrea,illidan,1294,hunter,marksmanship,53,33,20
Ongorn,lightninghoof,1294,hunter,marksmanship,112,56,56
Hukkx,kalecgos,1294,hunter,marksmanship,56,24,32
Audioannie,thrall,1294,hunter,marksmanship,48,20,28
Urtthel,stormrage,1293,hunter,marksmanship,28,17,11
Arrowhoe,spinebreaker,1293,hunter,marksmanship,33,17,16
Cobrag,tichondrius,1291,hunter,marksmanship,30,16,14
Mwprimus,darkspear,1290,hunter,marksmanship,56,26,30
Rocroc,gurubashi,1289,hunter,marksmanship,96,48,48
Tinsho,drakkari,1289,hunter,marksmanship,39,18,21
Zulorion,the-forgotten-coast,1288,hunter,marksmanship,30,14,16
Glediator,tichondrius,1288,hunter,marksmanship,112,51,61
Onehunnid,frostmourne,1287,hunter,marksmanship,36,20,16
Eilleath,zuljin,1286,hunter,marksmanship,30,18,12
Duruainn,zuljin,1286,hunter,marksmanship,88,42,46
Ticey,frostmourne,1286,hunter,marksmanship,57,23,34
Kalibah,azralon,1285,hunter,marksmanship,81,30,51
Spiketurtle,queldorei,1284,hunter,marksmanship,58,30,28
Juhyeon,tichondrius,1284,hunter,marksmanship,46,17,29
Moüserat,moon-guard,1283,hunter,marksmanship,156,81,75
Goldenblade,shadowmoon,1283,hunter,marksmanship,33,14,19
Ghudi,moon-guard,1282,hunter,marksmanship,93,46,47
Gromtheponch,area-52,1280,hunter,marksmanship,43,22,21
Loth,illidan,1279,hunter,marksmanship,34,19,15
Jamzlol,frostmourne,1276,hunter,marksmanship,44,26,18
Lightweight,kelthuzad,1276,hunter,marksmanship,71,35,36
Tîpz,stormrage,1275,hunter,marksmanship,29,17,12
Clutchxx,tichondrius,1275,hunter,marksmanship,24,14,10
Uc,khadgar,1275,hunter,marksmanship,30,14,16
Døubletap,gundrak,1275,hunter,marksmanship,58,23,35
Sniperarmy,dalaran,1274,hunter,marksmanship,103,52,51
Darylovejr,destromath,1274,hunter,marksmanship,38,16,22
Shooterzz,illidan,1273,hunter,marksmanship,39,22,17
Ragnarlobkk,ragnaros,1272,hunter,marksmanship,149,76,73
Nights,nemesis,1271,hunter,marksmanship,24,15,9
Escolhido,azralon,1271,hunter,marksmanship,107,54,53
Brokenstars,illidan,1271,hunter,marksmanship,148,74,74
Igopew,firetree,1268,hunter,marksmanship,48,23,25
Verdao,stormrage,1267,hunter,marksmanship,60,23,37
Dragg,tanaris,1266,hunter,marksmanship,32,16,16
Azaz,khaz-modan,1266,hunter,marksmanship,71,31,40
Xephert,ragnaros,1265,hunter,marksmanship,54,25,29
Birgite,stormrage,1265,hunter,marksmanship,54,21,33
Týrak,illidan,1262,hunter,marksmanship,30,18,12
Netorip,azralon,1262,hunter,marksmanship,50,24,26
Cloudbuck,aegwynn,1262,hunter,marksmanship,58,22,36
Abloodelf,zuljin,1260,hunter,marksmanship,42,17,25
Sóny,area-52,1258,hunter,marksmanship,32,18,14
Stoopkid,dunemaul,1255,hunter,marksmanship,32,15,17
Seyd,barthilas,1255,hunter,marksmanship,68,31,37
Shuweet,moon-guard,1252,hunter,marksmanship,91,40,51
Infamousorc,chogall,1251,hunter,marksmanship,82,36,46
Rattrap,proudmoore,1250,hunter,marksmanship,41,18,23
Apaweclover,stormrage,1248,hunter,marksmanship,313,154,159
Ecbomb,tichondrius,1247,hunter,marksmanship,18,13,5
Mochigelato,kelthuzad,1247,hunter,marksmanship,30,13,17
Ëzy,frostmourne,1246,hunter,marksmanship,66,36,30
Lunastrasza,moon-guard,1245,hunter,marksmanship,30,22,8
Zota,frostmourne,1245,hunter,marksmanship,24,13,11
Albe,azralon,1245,hunter,marksmanship,105,50,55
Soul,sargeras,1244,hunter,marksmanship,30,13,17
Diisdik,tichondrius,1244,hunter,marksmanship,69,28,41
Hoeswannafuk,stormrage,1243,hunter,marksmanship,24,13,11
Shooked,area-52,1242,hunter,marksmanship,24,13,11
Dest,azralon,1241,hunter,marksmanship,58,24,34
Trikshot,magtheridon,1240,hunter,marksmanship,90,46,44
Lavaun,eredar,1239,hunter,marksmanship,48,25,23
Lafleche,kiljaeden,1239,hunter,marksmanship,29,15,14
Critaclyzm,moon-guard,1238,hunter,marksmanship,49,22,27
Lathrop,runetotem,1237,hunter,marksmanship,35,17,18
Kritsu,tichondrius,1236,hunter,marksmanship,59,30,29
Sootgarbage,sargeras,1235,hunter,marksmanship,18,13,5
Pokeyourbutt,hydraxis,1235,hunter,marksmanship,24,13,11
Zock,lothar,1235,hunter,marksmanship,187,92,95
Tonichype,tichondrius,1235,hunter,marksmanship,30,13,17
Wincolt,stormrage,1235,hunter,marksmanship,30,13,17
Killz,skullcrusher,1234,hunter,marksmanship,50,24,26
Loathin,stormrage,1233,hunter,marksmanship,30,22,8
Lolknocked,alexstrasza,1233,hunter,marksmanship,27,14,13
Falconex,azralon,1233,hunter,marksmanship,30,13,17
Snaafu,duskwood,1231,hunter,marksmanship,64,27,37
Krattøs,bleeding-hollow,1231,hunter,marksmanship,51,21,30
Graid,azralon,1230,hunter,marksmanship,30,13,17
Oopsurtrappd,darkspear,1229,hunter,marksmanship,35,19,16
Snipezone,kelthuzad,1228,hunter,marksmanship,30,13,17
Chikkynuggy,destromath,1228,hunter,marksmanship,33,14,19
Mathund,gurubashi,1227,hunter,marksmanship,227,112,115
Mlzj,tichondrius,1225,hunter,marksmanship,24,13,11
Blimpbooty,stormrage,1225,hunter,marksmanship,30,13,17
Searobot,kelthuzad,1224,hunter,marksmanship,24,13,11
Prozerpine,tichondrius,1222,hunter,marksmanship,42,17,25
Huntmeplz,proudmoore,1221,hunter,marksmanship,30,14,16
Jumaanji,gurubashi,1216,hunter,marksmanship,94,43,51
Exotichunter,the-underbog,1216,hunter,marksmanship,30,13,17
Sukr,korgath,1215,hunter,marksmanship,98,37,61
Bärney,frostmourne,1214,hunter,marksmanship,24,13,11
Sparemeok,illidan,1214,hunter,marksmanship,24,13,11
Give,draktharon,1214,hunter,marksmanship,33,14,19
Puresport,hyjal,1212,hunter,marksmanship,24,13,11
Hyü,hyjal,1211,hunter,marksmanship,30,13,17
Hunimi,elune,1210,hunter,marksmanship,50,20,30
Äce,khazgoroth,1208,hunter,marksmanship,30,13,17
Idiiot,sargeras,1206,hunter,marksmanship,89,42,47
Toowizeë,barthilas,1206,hunter,marksmanship,83,32,51
Udietofast,illidan,1205,hunter,marksmanship,178,85,93
Pikochon,illidan,1205,hunter,marksmanship,101,45,56
Seenobody,stormrage,1204,hunter,marksmanship,124,62,62
Ripmytoast,chogall,1203,hunter,marksmanship,251,130,121
Valieev,black-dragonflight,1202,hunter,marksmanship,48,29,19
Augus,eredar,1202,hunter,marksmanship,41,15,26
Arzant,quelthalas,1201,hunter,marksmanship,18,13,5
Kalgorn,emerald-dream,1200,hunter,marksmanship,30,13,17
Squarë,ragnaros,1200,hunter,marksmanship,35,13,22
Bowdown,moon-guard,1198,hunter,marksmanship,102,52,50
Aquastasia,aegwynn,1198,hunter,marksmanship,92,44,48
Bowtech,kelthuzad,1198,hunter,marksmanship,37,17,20
Wârhunt,frostmourne,1197,hunter,marksmanship,48,22,26
Lostkníght,ragnaros,1196,hunter,marksmanship,48,17,31
Cliverth,frostmourne,1195,hunter,marksmanship,62,32,30
Vinranya,sargeras,1194,hunter,marksmanship,75,34,41
Tiofil,goldrinn,1192,hunter,marksmanship,78,42,36
Rekshot,amanthul,1190,hunter,marksmanship,168,78,90
Kayzia,lightninghoof,1190,hunter,marksmanship,29,13,16
Ownyoufast,darkspear,1188,hunter,marksmanship,60,21,39
Forthethrill,area-52,1187,hunter,marksmanship,45,24,21
Spyhunter,malganis,1186,hunter,marksmanship,140,62,78
Chetta,ragnaros,1183,hunter,marksmanship,77,33,44
Martlz,tichondrius,1181,hunter,marksmanship,44,22,22
Yaboismokey,aerie-peak,1181,hunter,marksmanship,53,24,29
Gramaverde,kelthuzad,1181,hunter,marksmanship,42,16,26
Patmypet,terenas,1180,hunter,marksmanship,36,17,19
Fova,wyrmrest-accord,1179,hunter,marksmanship,19,14,5
Greyk,moon-guard,1179,hunter,marksmanship,23,13,10
Chïnchïlla,zuljin,1176,hunter,marksmanship,27,14,13
Zepphyr,azralon,1173,hunter,marksmanship,21,14,7
Ilovehippos,laughing-skull,1173,hunter,marksmanship,181,84,97
Taynen,azralon,1173,hunter,marksmanship,29,13,16
Tweak,ysera,1172,hunter,marksmanship,24,13,11
Aftërlyfe,tichondrius,1170,hunter,marksmanship,29,14,15
Silverweaver,illidan,1170,hunter,marksmanship,54,26,28
Coolwhip,demon-soul,1170,hunter,marksmanship,55,25,30
Ramdy,quelthalas,1169,hunter,marksmanship,66,30,36
Huntnfizzle,dethecus,1168,hunter,marksmanship,24,15,9
Foxhe,hyjal,1167,hunter,marksmanship,54,29,25
Mezmore,thrall,1167,hunter,marksmanship,54,24,30
Jordanhunter,frostmourne,1167,hunter,marksmanship,35,14,21
Papiquezo,nagrand,1165,hunter,marksmanship,27,14,13
Wøllver,azralon,1164,hunter,marksmanship,26,14,12
Volga,haomarush,1164,hunter,marksmanship,79,38,41
Niteynite,duskwood,1163,hunter,marksmanship,24,13,11
Myrfes,ragnaros,1163,hunter,marksmanship,83,33,50
Redskul,azralon,1162,hunter,marksmanship,42,24,18
Mídnîght,azralon,1161,hunter,marksmanship,39,14,25
Peña,trollbane,1160,hunter,marksmanship,51,17,34
Raneldar,proudmoore,1159,hunter,marksmanship,185,81,104
Ues,shuhalo,1158,hunter,marksmanship,25,14,11
Chainmaster,misha,1158,hunter,marksmanship,153,74,79
Mikeangel,hydraxis,1158,hunter,marksmanship,33,13,20
Moonet,amanthul,1157,hunter,marksmanship,49,24,25
Whatsleft,area-52,1155,hunter,marksmanship,34,17,17
Enuk,nagrand,1155,hunter,marksmanship,109,51,58
Oqqo,tichondrius,1155,hunter,marksmanship,79,36,43
Deathhshott,area-52,1154,hunter,marksmanship,61,29,32
Calî,stormscale,1154,hunter,marksmanship,42,18,24
Richihunt,ragnaros,1154,hunter,marksmanship,71,29,42
Rhaygon,arthas,1154,hunter,marksmanship,57,20,37
Deadlyattack,barthilas,1153,hunter,marksmanship,36,17,19
Huntdawgg,illidan,1153,hunter,marksmanship,57,16,41
Huataran,stormrage,1151,hunter,marksmanship,18,12,6
Negãn,tichondrius,1151,hunter,marksmanship,24,12,12
Mondlicht,tichondrius,1151,hunter,marksmanship,36,12,24
Cannondale,tichondrius,1150,hunter,marksmanship,18,12,6
Krissiz,drakkari,1150,hunter,marksmanship,18,12,6
Sunnimuffens,deathwing,1150,hunter,marksmanship,53,25,28
Tetz,kelthuzad,1150,hunter,marksmanship,36,12,24
Summerrain,illidan,1149,hunter,marksmanship,18,12,6
Zuuvuya,nemesis,1149,hunter,marksmanship,56,20,36
Zøkøtrøkø,ragnaros,1146,hunter,marksmanship,83,39,44
Bullseated,nemesis,1145,hunter,marksmanship,24,12,12
Sugarboyy,darkspear,1145,hunter,marksmanship,39,19,20
Amsalja,tichondrius,1144,hunter,marksmanship,74,35,39
Zenwrath,illidan,1144,hunter,marksmanship,44,19,25
Guttrax,emerald-dream,1143,hunter,marksmanship,52,33,19
Lilnatty,area-52,1143,hunter,marksmanship,33,13,20
Inability,emerald-dream,1142,hunter,marksmanship,30,12,18
Kimbaa,tichondrius,1142,hunter,marksmanship,30,12,18
Ellishunter,frostmourne,1142,hunter,marksmanship,82,31,51
Doubletappz,stormreaver,1141,hunter,marksmanship,48,19,29
Zachhunter,frostmourne,1141,hunter,marksmanship,54,20,34
Òriòn,tichondrius,1141,hunter,marksmanship,36,12,24
Shukucingjr,illidan,1140,hunter,marksmanship,69,42,27
Drillklinton,tichondrius,1140,hunter,marksmanship,83,35,48
Academic,kelthuzad,1139,hunter,marksmanship,30,12,18
Zarely,frostmourne,1138,hunter,marksmanship,53,28,25
Diacachimbaa,ragnaros,1138,hunter,marksmanship,27,13,14
Guarambare,ragnaros,1138,hunter,marksmanship,87,37,50
Thyraza,proudmoore,1137,hunter,marksmanship,48,25,23
Trìggered,dark-iron,1136,hunter,marksmanship,60,31,29
Thundershots,tichondrius,1136,hunter,marksmanship,86,38,48
Drewshot,sargeras,1134,hunter,marksmanship,18,12,6
Tazmaniak,gorefiend,1134,hunter,marksmanship,30,14,16
Vhan,azralon,1133,hunter,marksmanship,44,19,25
Gunshow,wyrmrest-accord,1131,hunter,marksmanship,30,12,18
Blowedazchit,bonechewer,1130,hunter,marksmanship,42,15,27
Jarloo,madoran,1129,hunter,marksmanship,35,19,16
Bumpf,malganis,1129,hunter,marksmanship,30,14,16
Táká,quelthalas,1129,hunter,marksmanship,30,13,17
Yadír,quelthalas,1128,hunter,marksmanship,156,76,80
Systane,mugthol,1127,hunter,marksmanship,18,12,6
Minzuki,drakkari,1127,hunter,marksmanship,30,13,17
Ashaelyn,wyrmrest-accord,1127,hunter,marksmanship,62,26,36
Clockwörk,sargeras,1125,hunter,marksmanship,21,13,8
Queldana,drakkari,1124,hunter,marksmanship,30,12,18
Amanazàra,tichondrius,1123,hunter,marksmanship,84,41,43
Kanaká,moon-guard,1122,hunter,marksmanship,43,24,19
Skarioth,azralon,1119,hunter,marksmanship,24,13,11
Emeri,winterhoof,1119,hunter,marksmanship,60,31,29
Buckethole,doomhammer,1119,hunter,marksmanship,66,30,36
Starkmeister,stormrage,1118,hunter,marksmanship,30,12,18
Torvauk,bleeding-hollow,1116,hunter,marksmanship,30,12,18
Minihunter,onyxia,1114,hunter,marksmanship,59,30,29
Dyson,nordrassil,1114,hunter,marksmanship,60,29,31
Wixyy,aegwynn,1114,hunter,marksmanship,58,23,35
Onekz,ragnaros,1113,hunter,marksmanship,66,24,42
Mayhunter,ragnaros,1112,hunter,marksmanship,50,20,30
Ningiiwose,garona,1112,hunter,marksmanship,30,12,18
Grimbleneep,emerald-dream,1111,hunter,marksmanship,40,16,24
Chaðs,amanthul,1109,hunter,marksmanship,74,36,38
Tanephar,proudmoore,1107,hunter,marksmanship,42,18,24
Halibut,quelthalas,1106,hunter,marksmanship,47,25,22
Rykár,kiljaeden,1106,hunter,marksmanship,24,12,12
Vngadr,stormrage,1106,hunter,marksmanship,68,30,38
Clemenlemon,illidan,1105,hunter,marksmanship,42,20,22
Racooning,proudmoore,1104,hunter,marksmanship,35,12,23
Daytrade,stormrage,1101,hunter,marksmanship,64,33,31
Bentrick,altar-of-storms,1097,hunter,marksmanship,33,18,15
Killincrew,scilla,1093,hunter,marksmanship,56,26,30
Vendortrash,aggramar,1092,hunter,marksmanship,30,15,15
Veranir,nemesis,1091,hunter,marksmanship,98,49,49
Malo,dragonmaw,1090,hunter,marksmanship,30,16,14
Delukzin,azralon,1089,hunter,marksmanship,56,23,33
Drippingcum,jubeithos,1089,hunter,marksmanship,54,17,37
Bluecoral,frostmourne,1088,hunter,marksmanship,129,56,73
Angelacross,azralon,1087,hunter,marksmanship,60,29,31
Deathwynd,malfurion,1085,hunter,marksmanship,24,13,11
Porkerr,black-dragonflight,1084,hunter,marksmanship,71,38,33
Wwing,frostwolf,1083,hunter,marksmanship,435,216,219
Dragonlandy,stormrage,1083,hunter,marksmanship,30,13,17
Maxwel,sargeras,1082,hunter,marksmanship,175,86,89
Lezzbow,tichondrius,1081,hunter,marksmanship,61,32,29
Roseandra,stormrage,1081,hunter,marksmanship,47,19,28
Bemaa,frostmourne,1079,hunter,marksmanship,48,23,25
Fian,lightnings-blade,1079,hunter,marksmanship,28,12,16
Ligmubhole,queldorei,1077,hunter,marksmanship,50,24,26
Remak,barthilas,1075,hunter,marksmanship,39,17,22
Gundolf,kargath,1075,hunter,marksmanship,30,12,18
Cßo,tichondrius,1073,hunter,marksmanship,96,43,53
Linedalina,wyrmrest-accord,1073,hunter,marksmanship,42,18,24
Pewpow,barthilas,1072,hunter,marksmanship,60,28,32
ßonßon,stormrage,1070,hunter,marksmanship,34,17,17
Towness,kelthuzad,1070,hunter,marksmanship,53,26,27
Mynnokyr,gallywix,1070,hunter,marksmanship,59,28,31
Floozyfairy,daggerspine,1070,hunter,marksmanship,98,45,53
Aïmïng,tichondrius,1070,hunter,marksmanship,51,18,33
Ðeathßyarrøw,bloodscalp,1067,hunter,marksmanship,28,13,15
Returners,emerald-dream,1066,hunter,marksmanship,66,35,31
Brody,eitrigg,1066,hunter,marksmanship,28,13,15
Kánnah,ragnaros,1065,hunter,marksmanship,210,106,104
Ryhew,emerald-dream,1063,hunter,marksmanship,42,16,26
Talonwind,tanaris,1062,hunter,marksmanship,47,26,21
Thoopered,korgath,1062,hunter,marksmanship,65,33,32
Baldor,stormrage,1062,hunter,marksmanship,72,31,41
Obsol,hyjal,1062,hunter,marksmanship,37,12,25
Arïya,azralon,1061,hunter,marksmanship,24,13,11
Piloks,gallywix,1058,hunter,marksmanship,50,24,26
Imperatrix,emerald-dream,1058,hunter,marksmanship,72,25,47
Repotro,drakkari,1057,hunter,marksmanship,63,23,40
Runsfromcops,sargeras,1056,hunter,marksmanship,18,11,7
Ssds,sargeras,1056,hunter,marksmanship,18,11,7
Lexodream,bleeding-hollow,1056,hunter,marksmanship,18,11,7
Benryats,area-52,1056,hunter,marksmanship,60,23,37
Ryutiz,fizzcrank,1056,hunter,marksmanship,30,11,19
Galfhord,ragnaros,1056,hunter,marksmanship,54,17,37
Shayelin,frostmourne,1055,hunter,marksmanship,18,11,7
Thornshadow,steamwheedle-cartel,1055,hunter,marksmanship,24,12,12
Scareder,malganis,1055,hunter,marksmanship,30,11,19
Redzic,tichondrius,1054,hunter,marksmanship,18,11,7
Bringthewar,undermine,1054,hunter,marksmanship,30,15,15
Enty,khazgoroth,1053,hunter,marksmanship,18,11,7
Ezx,moon-guard,1053,hunter,marksmanship,18,11,7
Samloomis,ursin,1053,hunter,marksmanship,30,11,19
Kazzanval,sargeras,1052,hunter,marksmanship,30,15,15
Guntrïx,stormrage,1052,hunter,marksmanship,36,11,25
Callenna,zuljin,1051,hunter,marksmanship,18,11,7
Koonorc,dalaran,1050,hunter,marksmanship,72,36,36
Iiwii,burning-legion,1050,hunter,marksmanship,25,12,13
Vigero,proudmoore,1050,hunter,marksmanship,24,11,13
Westbrooke,illidan,1050,hunter,marksmanship,30,12,18
Kynigi,bleeding-hollow,1049,hunter,marksmanship,24,11,13
Mensita,quelthalas,1049,hunter,marksmanship,30,11,19
Ohimissyou,emerald-dream,1049,hunter,marksmanship,30,11,19
Huntercry,ragnaros,1048,hunter,marksmanship,30,20,10
Murderone,undermine,1048,hunter,marksmanship,24,11,13
Fjdominador,azralon,1048,hunter,marksmanship,24,11,13
Aoolfs,stormrage,1048,hunter,marksmanship,114,51,63
Sunyourmom,proudmoore,1047,hunter,marksmanship,18,11,7
Vansatih,azralon,1047,hunter,marksmanship,66,27,39
Secure,doomhammer,1046,hunter,marksmanship,96,46,50
Jakal,blackwater-raiders,1046,hunter,marksmanship,24,11,13
Löbo,quelthalas,1046,hunter,marksmanship,27,12,15
Lowk,stonemaul,1045,hunter,marksmanship,36,21,15
Fëanora,quelthalas,1044,hunter,marksmanship,24,11,13
Bluejay,agamaggan,1043,hunter,marksmanship,30,11,19
Derenit,ragnaros,1042,hunter,marksmanship,94,41,53
Djpwnz,bladefist,1041,hunter,marksmanship,114,50,64
Lyssavirhus,azralon,1040,hunter,marksmanship,24,12,12
Wolfyyxx,stormrage,1040,hunter,marksmanship,24,11,13
Corruptid,moon-guard,1039,hunter,marksmanship,18,11,7
Ansone,nazjatar,1039,hunter,marksmanship,24,11,13
Tazent,moon-guard,1039,hunter,marksmanship,24,11,13
Deadalot,dalaran,1038,hunter,marksmanship,18,11,7
Jahir,tichondrius,1038,hunter,marksmanship,36,11,25
Alindra,zuluhed,1036,hunter,marksmanship,120,51,69
Sartros,drakkari,1034,hunter,marksmanship,19,13,6
Ackzar,ragnaros,1034,hunter,marksmanship,208,102,106
Rottinghood,hyjal,1032,hunter,marksmanship,23,12,11
Ramblin,ragnaros,1032,hunter,marksmanship,36,16,20
Silenciozzo,azralon,1026,hunter,marksmanship,42,17,25
Gorilla,thaurissan,1025,hunter,marksmanship,70,37,33
Scottcrume,area-52,1024,hunter,marksmanship,85,41,44
Soulbutter,malganis,1023,hunter,marksmanship,18,11,7
Broking,azralon,1017,hunter,marksmanship,69,31,38
Nachtcloverr,stormrage,1016,hunter,marksmanship,87,42,45
Xshadowdemon,korgath,1014,hunter,marksmanship,30,20,10
Ritler,frostmourne,1014,hunter,marksmanship,28,14,14
Kødran,stormrage,1013,hunter,marksmanship,54,26,28
Kalinor,cenarius,1012,hunter,marksmanship,72,34,38
Cruelhuntres,tichondrius,1011,hunter,marksmanship,77,30,47
Deepcarver,tichondrius,1011,hunter,marksmanship,30,11,19
Jzander,ragnaros,1010,hunter,marksmanship,20,13,7
Katnie,azralon,1009,hunter,marksmanship,94,47,47
Killerxzxz,stormrage,1007,hunter,marksmanship,24,13,11
Desolateone,nazgrel,1006,hunter,marksmanship,62,34,28
Madogite,azralon,1006,hunter,marksmanship,126,66,60
Survivor,dentarg,1006,hunter,marksmanship,24,11,13
Adbéélitø,ragnaros,1005,hunter,marksmanship,114,59,55
Thunter,kiljaeden,1005,hunter,marksmanship,38,19,19
Yoimiya,thunderlord,1005,hunter,marksmanship,71,31,40
Brenri,boulderfist,1003,hunter,marksmanship,30,15,15
Zengrin,quelthalas,1003,hunter,marksmanship,23,11,12
Triggaplease,jubeithos,1000,hunter,marksmanship,104,56,48
Shotdown,suramar,1000,hunter,marksmanship,27,11,16
Lìght,dreadmaul,997,hunter,marksmanship,32,15,17
Blaptz,wyrmrest-accord,997,hunter,marksmanship,42,19,23
Sitaelh,quelthalas,994,hunter,marksmanship,48,23,25
Balgair,hakkar,991,hunter,marksmanship,52,27,25
Andalora,malganis,990,hunter,marksmanship,17,11,6
Zettl,eredar,988,hunter,marksmanship,184,89,95
Nelay,ragnaros,988,hunter,marksmanship,23,11,12
Scubby,anetheron,988,hunter,marksmanship,28,12,16
Fourtwents,stormrage,986,hunter,marksmanship,31,11,20
Brainzz,emerald-dream,984,hunter,marksmanship,52,30,22
Xaveco,gallywix,982,hunter,marksmanship,70,29,41
Àbyss,shandris,982,hunter,marksmanship,48,18,30
Kuramax,senjin,979,hunter,marksmanship,115,52,63
Sufferiñg,doomhammer,978,hunter,marksmanship,20,12,8
Damnnicebutt,borean-tundra,977,hunter,marksmanship,32,15,17
Tungles,tichondrius,977,hunter,marksmanship,41,15,26
Galaxxis,bonechewer,974,hunter,marksmanship,51,26,25
Recebaa,barthilas,971,hunter,marksmanship,32,14,18
Salsa,hakkar,971,hunter,marksmanship,137,53,84
Àlëxx,aegwynn,969,hunter,marksmanship,70,26,44
Tiidkloul,illidan,968,hunter,marksmanship,18,12,6
Sumom,darrowmere,968,hunter,marksmanship,242,114,128
Reanivan,kiljaeden,968,hunter,marksmanship,66,24,42
Silhouettes,barthilas,967,hunter,marksmanship,57,27,30
Dmasterbiter,zuljin,966,hunter,marksmanship,31,11,20
Scoundrella,sargeras,963,hunter,marksmanship,78,37,41
Øparin,azralon,961,hunter,marksmanship,40,23,17
Adjusted,frostmourne,960,hunter,marksmanship,12,10,2
Goonsh,tichondrius,960,hunter,marksmanship,18,10,8
Bowmon,bleeding-hollow,960,hunter,marksmanship,18,10,8
Nainit,sargeras,960,hunter,marksmanship,18,10,8
Kagaramar,hellscream,960,hunter,marksmanship,21,11,10
Sylvaa,tichondrius,960,hunter,marksmanship,30,10,20
Throre,bleeding-hollow,959,hunter,marksmanship,18,10,8
Nelandris,tichondrius,959,hunter,marksmanship,72,28,44
Hunghang,frostmourne,959,hunter,marksmanship,30,10,20
Ñðñdêsçrípt,frostmourne,959,hunter,marksmanship,30,10,20
Cyboreg,stormrage,958,hunter,marksmanship,18,10,8
Humiliation,mugthol,958,hunter,marksmanship,18,10,8
Austelos,moon-guard,958,hunter,marksmanship,18,10,8
Shotfromhell,sargeras,958,hunter,marksmanship,27,10,17
Bigkolache,zuljin,958,hunter,marksmanship,30,10,20
Chasseür,quelthalas,957,hunter,marksmanship,18,10,8
Arraza,ragnaros,957,hunter,marksmanship,18,10,8
Lanarhoades,firetree,957,hunter,marksmanship,18,10,8
Htcrazykofwa,tichondrius,957,hunter,marksmanship,24,10,14
Thunderox,tichondrius,957,hunter,marksmanship,36,11,25
Starsworn,moon-guard,956,hunter,marksmanship,18,10,8
Zhions,ragnaros,956,hunter,marksmanship,18,10,8
Blamethenaga,sargeras,956,hunter,marksmanship,18,10,8
Aewyn,malganis,956,hunter,marksmanship,24,10,14
Hawkeyees,ragnaros,956,hunter,marksmanship,24,10,14
Arcticwôlf,ragnaros,956,hunter,marksmanship,30,10,20
Vatits,dalaran,955,hunter,marksmanship,18,10,8
Goatshots,lightninghoof,955,hunter,marksmanship,24,10,14
Jxoxex,wildhammer,955,hunter,marksmanship,30,12,18
Heavyduty,proudmoore,955,hunter,marksmanship,33,11,22
Ocui,ragnaros,954,hunter,marksmanship,18,10,8
Daymanaahh,malfurion,954,hunter,marksmanship,24,10,14
Póra,stormrage,954,hunter,marksmanship,42,17,25
Twist,burning-legion,953,hunter,marksmanship,12,10,2
Damadar,tichondrius,953,hunter,marksmanship,24,10,14
Valane,ragnaros,953,hunter,marksmanship,30,10,20
Mailmann,skywall,952,hunter,marksmanship,30,17,13
Getnukedbud,emerald-dream,952,hunter,marksmanship,18,10,8
Ragar,korialstrasz,952,hunter,marksmanship,24,10,14
Hishamo,aggramar,951,hunter,marksmanship,12,10,2
Kidofdeath,borean-tundra,947,hunter,marksmanship,18,10,8
Vanhe,quelthalas,947,hunter,marksmanship,18,10,8
Momomomo,draka,947,hunter,marksmanship,24,10,14
Globlauncher,tichondrius,946,hunter,marksmanship,18,10,8
Wolftracer,sargeras,944,hunter,marksmanship,24,10,14
Alorick,ragnaros,944,hunter,marksmanship,30,10,20
Mirãbel,drakkari,944,hunter,marksmanship,48,14,34
Lauannÿ,gallywix,943,hunter,marksmanship,159,75,84
Herroo,thrall,938,hunter,marksmanship,36,10,26
Pollyren,illidan,936,hunter,marksmanship,18,10,8
Lazygnome,azshara,934,hunter,marksmanship,23,11,12
Skatenos,tortheldrin,932,hunter,marksmanship,24,12,12
Caraméla,stormrage,927,hunter,marksmanship,22,10,12
Zandrá,drakkari,925,hunter,marksmanship,18,10,8
Brenogam,azralon,922,hunter,marksmanship,64,32,32
Torturekilla,bleeding-hollow,922,hunter,marksmanship,75,34,41
Wael,perenolde,920,hunter,marksmanship,29,10,19
Vaerromar,thunderlord,918,hunter,marksmanship,24,13,11
Yamanashi,black-dragonflight,914,hunter,marksmanship,120,59,61
Konar,nemesis,910,hunter,marksmanship,127,54,73
Zmugetsu,bleeding-hollow,909,hunter,marksmanship,18,10,8
Styles,thaurissan,907,hunter,marksmanship,54,22,32
Szone,tichondrius,907,hunter,marksmanship,33,10,23
Blaws,tichondrius,906,hunter,marksmanship,27,10,17
Heapstack,stormrage,905,hunter,marksmanship,48,20,28
Onehitrip,illidan,904,hunter,marksmanship,90,38,52
Dartháne,moon-guard,904,hunter,marksmanship,45,17,28
Flechá,illidan,900,hunter,marksmanship,17,10,7
Franzkafka,azralon,899,hunter,marksmanship,84,39,45
Huntercotoco,azralon,896,hunter,marksmanship,48,25,23
Lilstinstin,tichondrius,895,hunter,marksmanship,17,10,7
Bont,jubeithos,893,hunter,marksmanship,17,10,7
Braddocky,azralon,889,hunter,marksmanship,21,11,10
Fourkayiv,azgalor,889,hunter,marksmanship,41,18,23
Alleessa,goldrinn,883,hunter,marksmanship,54,21,33
Viciosa,bleeding-hollow,882,hunter,marksmanship,78,40,38
Jetlinx,thrall,881,hunter,marksmanship,21,12,9
Nightwatch,kelthuzad,877,hunter,marksmanship,18,10,8
Zelanst,illidan,875,hunter,marksmanship,21,11,10
Karazuba,ragnaros,875,hunter,marksmanship,160,65,95
Ontarget,cairne,872,hunter,marksmanship,96,42,54
Arshuntica,blackrock,870,hunter,marksmanship,66,32,34
Thaendra,moon-guard,865,hunter,marksmanship,23,11,12
Zulla,bleeding-hollow,864,hunter,marksmanship,12,9,3
Qthunterr,dalaran,864,hunter,marksmanship,12,9,3
Decohunter,tichondrius,864,hunter,marksmanship,18,9,9
Rangêr,frostmourne,864,hunter,marksmanship,18,9,9
Ashx,nemesis,864,hunter,marksmanship,18,9,9
Deletedyou,tichondrius,864,hunter,marksmanship,18,9,9
Singletap,barthilas,864,hunter,marksmanship,24,9,15
Xonios,frostwolf,864,hunter,marksmanship,24,9,15
Trapkeithx,frostmourne,864,hunter,marksmanship,24,9,15
Thunderdave,hakkar,864,hunter,marksmanship,24,9,15
Drãgenox,quelthalas,864,hunter,marksmanship,24,9,15
Najmoira,area-52,864,hunter,marksmanship,30,9,21
Rambot,bleeding-hollow,863,hunter,marksmanship,12,9,3
Boxpatrol,ravencrest,863,hunter,marksmanship,18,9,9
Torrthack,area-52,863,hunter,marksmanship,18,9,9
Dôntlosmebro,stormrage,863,hunter,marksmanship,18,9,9
Telånnas,illidan,863,hunter,marksmanship,18,9,9
Ultrasj,malfurion,863,hunter,marksmanship,18,9,9
Mattdeezy,frostmane,863,hunter,marksmanship,18,9,9
Mickyluvin,emerald-dream,863,hunter,marksmanship,18,9,9
Hyrus,shadowmoon,863,hunter,marksmanship,18,9,9
Dayanier,ragnaros,863,hunter,marksmanship,18,9,9
Apochuntz,greymane,863,hunter,marksmanship,42,19,23
Nosmoke,kargath,863,hunter,marksmanship,24,9,15
Ojmo,arthas,863,hunter,marksmanship,24,9,15
Lökeii,area-52,863,hunter,marksmanship,24,9,15
Gotskill,lethon,863,hunter,marksmanship,36,9,27
Airpodpro,emerald-dream,862,hunter,marksmanship,12,9,3
Fangs,arthas,862,hunter,marksmanship,12,9,3
Bigvudu,illidan,862,hunter,marksmanship,18,9,9
Syrach,area-52,862,hunter,marksmanship,18,9,9
Insgesicht,proudmoore,862,hunter,marksmanship,24,9,15
Varrinda,wyrmrest-accord,862,hunter,marksmanship,24,9,15
Diertz,area-52,862,hunter,marksmanship,24,9,15
Onslaughtxq,tichondrius,861,hunter,marksmanship,18,9,9
Feltz,moon-guard,861,hunter,marksmanship,18,9,9
Jagwaar,malganis,861,hunter,marksmanship,24,9,15
Zarkul,tichondrius,861,hunter,marksmanship,24,9,15
Snipastyle,twisting-nether,861,hunter,marksmanship,30,9,21
Thehunturd,dalaran,860,hunter,marksmanship,18,9,9
Illt,blackrock,860,hunter,marksmanship,18,9,9
Muckenfoose,frostmourne,860,hunter,marksmanship,18,9,9
Twistedtawl,area-52,860,hunter,marksmanship,18,9,9
Skedd,wyrmrest-accord,860,hunter,marksmanship,18,9,9
Junka,bleeding-hollow,860,hunter,marksmanship,18,9,9
Tekkerz,tichondrius,860,hunter,marksmanship,19,9,10
Jackrandall,frostmourne,860,hunter,marksmanship,24,9,15
Kaeuljua,tichondrius,860,hunter,marksmanship,24,9,15
Kluetus,sargeras,859,hunter,marksmanship,12,9,3
Smokezy,barthilas,859,hunter,marksmanship,18,9,9
Coldhunger,uldum,857,hunter,marksmanship,12,9,3
Raxa,shuhalo,857,hunter,marksmanship,18,9,9
Ëz,ragnaros,857,hunter,marksmanship,18,9,9
Banhunter,tichondrius,857,hunter,marksmanship,18,9,9
Lahyanhou,azjolnerub,857,hunter,marksmanship,24,9,15
Lws,ragnaros,856,hunter,marksmanship,12,9,3
Hobbës,kelthuzad,856,hunter,marksmanship,18,9,9
Lameshot,dalaran,856,hunter,marksmanship,24,9,15
Skillkiting,area-52,856,hunter,marksmanship,30,9,21
Panborikat,thaurissan,855,hunter,marksmanship,36,16,20
Murozz,malganis,855,hunter,marksmanship,43,19,24
Motommotto,deathwing,854,hunter,marksmanship,42,19,23
Azx,tichondrius,851,hunter,marksmanship,18,9,9
Avindal,greymane,850,hunter,marksmanship,18,9,9
Necroshotz,kul-tiras,849,hunter,marksmanship,30,9,21
Jvmr,azralon,847,hunter,marksmanship,93,44,49
Cazadorelite,tichondrius,845,hunter,marksmanship,79,24,55
Fermra,dunemaul,845,hunter,marksmanship,30,9,21
Aksalaz,area-52,842,hunter,marksmanship,23,9,14
Axtlas,moonrunner,841,hunter,marksmanship,22,11,11
Roboputa,quelthalas,841,hunter,marksmanship,24,9,15
Zievieda,hellscream,840,hunter,marksmanship,35,15,20
Ramblinon,bloodhoof,840,hunter,marksmanship,30,11,19
Skyloss,illidan,839,hunter,marksmanship,72,27,45
Oorudun,hellscream,838,hunter,marksmanship,59,26,33
Euphylesz,garrosh,836,hunter,marksmanship,22,9,13
Aeclpysis,dark-iron,831,hunter,marksmanship,24,11,13
Vaelanor,destromath,831,hunter,marksmanship,24,11,13
Cio,fizzcrank,831,hunter,marksmanship,24,9,15
Mawlotov,barthilas,829,hunter,marksmanship,35,9,26
Fleshfair,kiljaeden,828,hunter,marksmanship,81,33,48
Baruz,tichondrius,827,hunter,marksmanship,28,9,19
Dairoxd,drakkari,825,hunter,marksmanship,59,25,34
Erudraugdin,quelthalas,825,hunter,marksmanship,30,11,19
Muggzzy,malygos,824,hunter,marksmanship,18,9,9
Deejwithabow,frostmourne,815,hunter,marksmanship,18,9,9
Déadlyshot,tichondrius,814,hunter,marksmanship,89,39,50
Belieli,ragnaros,814,hunter,marksmanship,28,9,19
Mohz,kiljaeden,814,hunter,marksmanship,29,9,20
Atraksis,thrall,813,hunter,marksmanship,17,9,8
Remixjy,burning-blade,810,hunter,marksmanship,22,10,12
Iamtotoro,area-52,809,hunter,marksmanship,28,9,19
Snäpträp,stormrage,807,hunter,marksmanship,15,9,6
Hoarf,nemesis,799,hunter,marksmanship,14,9,5
Ifeignalot,stormscale,799,hunter,marksmanship,16,9,7
Ciils,sargeras,798,hunter,marksmanship,22,9,13
Qúin,frostmourne,797,hunter,marksmanship,29,10,19
Wij,turalyon,789,hunter,marksmanship,42,15,27
Krossx,thrall,781,hunter,marksmanship,18,9,9
Getkited,tichondrius,773,hunter,marksmanship,22,10,12
Ganeva,sargeras,769,hunter,marksmanship,75,28,47
Tamsynn,stormreaver,769,hunter,marksmanship,54,15,39
Chickenzzack,tichondrius,768,hunter,marksmanship,12,8,4
Äpos,tichondrius,768,hunter,marksmanship,12,8,4
Entrapment,stormrage,768,hunter,marksmanship,12,8,4
Ragshunt,stormrage,768,hunter,marksmanship,12,8,4
Achillez,bleeding-hollow,768,hunter,marksmanship,18,8,10
Songhammer,tichondrius,768,hunter,marksmanship,18,8,10
Gorthmog,daggerspine,768,hunter,marksmanship,24,8,16
Woeisyou,stormrage,768,hunter,marksmanship,24,8,16
Civvo,dalaran,768,hunter,marksmanship,24,8,16
Bonquiesha,area-52,768,hunter,marksmanship,24,8,16
Regretful,kelthuzad,768,hunter,marksmanship,25,8,17
Cimotsw,stormrage,767,hunter,marksmanship,12,8,4
Fhodhaz,nemesis,767,hunter,marksmanship,12,8,4
Connovar,nemesis,767,hunter,marksmanship,12,8,4
Harlory,moon-guard,767,hunter,marksmanship,12,8,4
Thrandrial,smolderthorn,767,hunter,marksmanship,12,8,4
Hunterll,tichondrius,767,hunter,marksmanship,12,8,4
Côckblocked,tichondrius,767,hunter,marksmanship,12,8,4
Suyesh,tichondrius,767,hunter,marksmanship,12,8,4
Wolfmilkers,illidan,767,hunter,marksmanship,12,8,4
Melkmane,emerald-dream,767,hunter,marksmanship,12,8,4
Spiderham,tichondrius,767,hunter,marksmanship,12,8,4
Handlez,gundrak,767,hunter,marksmanship,12,8,4
Arttemiss,zangarmarsh,767,hunter,marksmanship,12,8,4
Wike,hyjal,767,hunter,marksmanship,15,9,6
Clo,illidan,767,hunter,marksmanship,18,8,10
Smokabonbon,eredar,767,hunter,marksmanship,18,8,10
Rumnaheim,nemesis,767,hunter,marksmanship,18,8,10
Chouriça,stormrage,767,hunter,marksmanship,18,8,10
Xtina,drakkari,767,hunter,marksmanship,18,8,10
Vileplumè,stormrage,767,hunter,marksmanship,18,8,10
Therana,duskwood,767,hunter,marksmanship,18,8,10
Ravanskull,burning-blade,767,hunter,marksmanship,18,8,10
Thejessiah,tichondrius,767,hunter,marksmanship,18,8,10
Cufless,proudmoore,767,hunter,marksmanship,18,8,10
Rickshaw,frostmourne,767,hunter,marksmanship,18,8,10
Runethkape,kelthuzad,767,hunter,marksmanship,18,8,10
Brac,tichondrius,767,hunter,marksmanship,18,8,10
Yory,tol-barad,767,hunter,marksmanship,18,8,10
Mhortaì,stormrage,767,hunter,marksmanship,21,9,12
Rizzbow,dalvengyr,767,hunter,marksmanship,24,8,16
Clawdio,ragnaros,767,hunter,marksmanship,24,8,16
Tarah,lightbringer,767,hunter,marksmanship,24,8,16
Mööky,frostmourne,766,hunter,marksmanship,12,8,4
Saltz,tichondrius,766,hunter,marksmanship,12,8,4
Årcter,alexstrasza,766,hunter,marksmanship,18,8,10
Blackbrute,nathrezim,766,hunter,marksmanship,18,8,10
Raiku,aggramar,766,hunter,marksmanship,18,8,10
Deathspot,thrall,766,hunter,marksmanship,18,8,10
Grimdrakk,zuljin,766,hunter,marksmanship,18,8,10
Zèd,azralon,766,hunter,marksmanship,18,8,10
Noeffort,frostmourne,766,hunter,marksmanship,18,8,10
Zindula,malganis,766,hunter,marksmanship,19,8,11
Kaelhim,warsong,766,hunter,marksmanship,24,8,16
Valro,hyjal,766,hunter,marksmanship,24,8,16
Tonyhunter,nemesis,766,hunter,marksmanship,24,8,16
Basticus,blackwater-raiders,765,hunter,marksmanship,12,8,4
ßiognosis,ragnaros,765,hunter,marksmanship,18,8,10
Brosk,drakthul,765,hunter,marksmanship,18,8,10
Mfjl,tichondrius,765,hunter,marksmanship,18,8,10
Lìlleth,thrall,765,hunter,marksmanship,18,8,10
Dhar,eldrethalas,765,hunter,marksmanship,21,9,12
Evilslaug,tichondrius,765,hunter,marksmanship,20,8,12
Youngpo,thunderlord,765,hunter,marksmanship,24,8,16
Kòng,quelthalas,765,hunter,marksmanship,24,8,16
Ididntdoit,blackhand,765,hunter,marksmanship,24,8,16
Daahm,malganis,765,hunter,marksmanship,25,8,17
Myciri,proudmoore,764,hunter,marksmanship,18,8,10
Bionix,sargeras,764,hunter,marksmanship,18,8,10
Bunnystrap,stormrage,763,hunter,marksmanship,18,8,10
Sinsix,akama,763,hunter,marksmanship,18,8,10
Kluako,stormreaver,762,hunter,marksmanship,12,8,4
Comtambisuon,frostmourne,762,hunter,marksmanship,12,8,4
Thisguÿ,arthas,762,hunter,marksmanship,18,8,10
Sorid,medivh,761,hunter,marksmanship,12,8,4
Emptypokcets,shattered-hand,761,hunter,marksmanship,24,8,16
Enonoa,thunderlord,760,hunter,marksmanship,12,8,4
Huntingyou,destromath,760,hunter,marksmanship,18,8,10
Krane,alleria,760,hunter,marksmanship,18,8,10
Äzrael,elune,759,hunter,marksmanship,41,13,28
Arbeis,area-52,758,hunter,marksmanship,78,24,54
Porta,zuljin,757,hunter,marksmanship,16,9,7
Staudt,emerald-dream,757,hunter,marksmanship,18,8,10
Ronkasbottom,thunderlord,755,hunter,marksmanship,18,8,10
Niceshotboi,azgalor,751,hunter,marksmanship,24,8,16
Lynnì,khadgar,750,hunter,marksmanship,18,8,10
Darkmaximus,echo-isles,750,hunter,marksmanship,24,8,16
Mackin,maelstrom,740,hunter,marksmanship,24,8,16
Lennfear,frostmourne,739,hunter,marksmanship,24,8,16
Stephkurryz,tichondrius,735,hunter,marksmanship,20,9,11
Elchavo,malganis,733,hunter,marksmanship,17,8,9
Archemp,stormrage,729,hunter,marksmanship,27,8,19
Rödrigö,azralon,726,hunter,marksmanship,34,16,18
Chicatatuada,ragnaros,720,hunter,marksmanship,15,9,6
Setepalms,azralon,718,hunter,marksmanship,17,8,9
Mayohater,sargeras,714,hunter,marksmanship,33,9,24
Oohuntsoo,emerald-dream,711,hunter,marksmanship,25,10,15
Almighty,trollbane,708,hunter,marksmanship,61,17,44
Huntersuck,burning-blade,703,hunter,marksmanship,11,8,3
Dainsleif,perenolde,703,hunter,marksmanship,16,8,8
Kushminion,zuljin,702,hunter,marksmanship,20,10,10
Dasvydanya,illidan,702,hunter,marksmanship,19,9,10
Glokrag,ysera,702,hunter,marksmanship,20,8,12
Sylanthia,sargeras,701,hunter,marksmanship,14,8,6
Noscoped,wildhammer,700,hunter,marksmanship,34,8,26
Fizzleshot,malganis,699,hunter,marksmanship,18,8,10
Swm,nazjatar,697,hunter,marksmanship,16,8,8
Dagre,the-forgotten-coast,675,hunter,marksmanship,31,8,23
Felkrozzul,kalecgos,672,hunter,marksmanship,9,8,1
Kookh,area-52,672,hunter,marksmanship,12,7,5
Keboks,alleria,672,hunter,marksmanship,12,7,5
Titzyø,area-52,672,hunter,marksmanship,12,7,5
Mms,frostmourne,672,hunter,marksmanship,12,7,5
Luoshi,proudmoore,672,hunter,marksmanship,12,7,5
Vixaria,illidan,672,hunter,marksmanship,12,7,5
Relapse,dreadmaul,672,hunter,marksmanship,12,7,5
Winotah,barthilas,672,hunter,marksmanship,12,7,5
Mörgoth,quelthalas,672,hunter,marksmanship,12,7,5
Ehnub,stormrage,672,hunter,marksmanship,12,7,5
Goosejuicer,emerald-dream,672,hunter,marksmanship,12,7,5
Kaznik,ragnaros,672,hunter,marksmanship,12,7,5
Raktama,proudmoore,672,hunter,marksmanship,12,7,5
Bárd,tichondrius,672,hunter,marksmanship,12,7,5
Kaptincrunch,skywall,672,hunter,marksmanship,12,7,5
Shotmaster,tichondrius,672,hunter,marksmanship,12,7,5
Mochaxd,stormrage,672,hunter,marksmanship,14,7,7
Segfault,korgath,672,hunter,marksmanship,16,7,9
Womdalekk,azralon,672,hunter,marksmanship,18,7,11
Ping,tol-barad,672,hunter,marksmanship,18,7,11
Glockin,zuljin,672,hunter,marksmanship,18,7,11
Jimryl,illidan,672,hunter,marksmanship,18,7,11
Lexandra,quelthalas,672,hunter,marksmanship,18,7,11
Chocoshots,burning-blade,672,hunter,marksmanship,18,7,11
Trapshootjk,area-52,672,hunter,marksmanship,18,7,11
Tirrill,malganis,672,hunter,marksmanship,18,7,11
Xohzabu,wyrmrest-accord,672,hunter,marksmanship,18,7,11
Trappah,stormrage,672,hunter,marksmanship,18,7,11
Phatshiet,anvilmar,672,hunter,marksmanship,18,7,11
Bombanodos,kelthuzad,672,hunter,marksmanship,18,7,11
Topgronk,tichondrius,672,hunter,marksmanship,18,7,11
Darkasacin,wyrmrest-accord,672,hunter,marksmanship,18,7,11
Focusfire,khazgoroth,672,hunter,marksmanship,18,7,11
Bigzane,darkspear,672,hunter,marksmanship,24,7,17
Datbigbowdoe,illidan,672,hunter,marksmanship,24,7,17
Cerébro,illidan,672,hunter,marksmanship,30,7,23
Geraldson,proudmoore,671,hunter,marksmanship,12,7,5
Kneecrippler,proudmoore,671,hunter,marksmanship,12,7,5
Eatmybow,nemesis,671,hunter,marksmanship,12,7,5
Raposo,nemesis,671,hunter,marksmanship,12,7,5
Shootbert,malganis,671,hunter,marksmanship,12,7,5
Neoxbow,wyrmrest-accord,671,hunter,marksmanship,12,7,5
Xhare,stormrage,671,hunter,marksmanship,12,7,5
Wasteyou,tichondrius,671,hunter,marksmanship,12,7,5
Foxyevermew,tichondrius,671,hunter,marksmanship,12,7,5
Zelonas,emerald-dream,671,hunter,marksmanship,12,7,5
Halford,tol-barad,671,hunter,marksmanship,12,7,5
Hannover,ragnaros,671,hunter,marksmanship,12,7,5
Jaganshot,tol-barad,671,hunter,marksmanship,12,7,5
Sylvãnâs,tichondrius,671,hunter,marksmanship,12,7,5
Texploto,area-52,671,hunter,marksmanship,12,7,5
Xurul,bleeding-hollow,671,hunter,marksmanship,12,7,5
Navagee,tichondrius,671,hunter,marksmanship,18,7,11
Bstic,quelthalas,671,hunter,marksmanship,18,7,11
Lyricly,lightbringer,671,hunter,marksmanship,18,7,11
Atallstalker,sargeras,671,hunter,marksmanship,18,7,11
Sáns,sargeras,671,hunter,marksmanship,18,7,11
Bowsbéforhos,stormrage,671,hunter,marksmanship,18,7,11
Stingyshot,thrall,671,hunter,marksmanship,18,7,11
Bacin,tichondrius,671,hunter,marksmanship,18,7,11
Schbaltz,tichondrius,671,hunter,marksmanship,18,7,11
Kalizra,quelthalas,671,hunter,marksmanship,18,7,11
Feignmilf,tichondrius,671,hunter,marksmanship,18,7,11
Zhetsu,cenarius,671,hunter,marksmanship,18,7,11
Thekilla,ragnaros,671,hunter,marksmanship,18,7,11
Furrhunter,tichondrius,671,hunter,marksmanship,18,7,11
Toesgoes,thrall,671,hunter,marksmanship,18,7,11
Såvagehunter,malganis,671,hunter,marksmanship,18,7,11
Prpl,sargeras,671,hunter,marksmanship,27,8,19
Temara,icecrown,671,hunter,marksmanship,24,7,17
Joogeenda,kaelthas,670,hunter,marksmanship,12,7,5
Untermench,tichondrius,670,hunter,marksmanship,12,7,5
Kìngjaybroni,sargeras,670,hunter,marksmanship,12,7,5
Cócaine,tichondrius,670,hunter,marksmanship,19,8,11
Gagau,stormrage,670,hunter,marksmanship,18,7,11
Ownshot,kiljaeden,670,hunter,marksmanship,18,7,11
Flitscher,stonemaul,670,hunter,marksmanship,18,7,11
Nellond,malganis,670,hunter,marksmanship,18,7,11
Gemky,ragnaros,670,hunter,marksmanship,25,8,17
Jstorm,illidan,670,hunter,marksmanship,24,7,17
Bartolomeu,kirin-tor,669,hunter,marksmanship,12,7,5
Deathbyebow,maiev,669,hunter,marksmanship,12,7,5
Johnwayne,alterac-mountains,669,hunter,marksmanship,22,8,14
Kreaytion,sargeras,669,hunter,marksmanship,24,7,17
Pucky,quelthalas,669,hunter,marksmanship,30,7,23
Lionnheart,wyrmrest-accord,668,hunter,marksmanship,12,7,5
Lilzoomer,barthilas,668,hunter,marksmanship,12,7,5
Kaws,korgath,667,hunter,marksmanship,12,7,5
Mulnaaj,zuljin,666,hunter,marksmanship,24,7,17
Mahty,stormrage,665,hunter,marksmanship,12,7,5
Blåckhat,frostmourne,665,hunter,marksmanship,36,7,29
Bowzo,emerald-dream,663,hunter,marksmanship,18,7,11
Steelfeather,hellscream,662,hunter,marksmanship,12,7,5
Lulaladraun,azralon,662,hunter,marksmanship,24,7,17
Twofeathers,wyrmrest-accord,659,hunter,marksmanship,18,7,11
Fearsabyss,stormrage,655,hunter,marksmanship,18,7,11
Trionias,malfurion,654,hunter,marksmanship,17,7,10
Cassîdy,quelthalas,651,hunter,marksmanship,24,7,17
Righthole,area-52,640,hunter,marksmanship,22,7,15
Fayd,frostwolf,623,hunter,marksmanship,15,7,8
Grukar,tichondrius,623,hunter,marksmanship,17,7,10
Aboy,frostmourne,623,hunter,marksmanship,37,9,28
Soulchaos,illidan,622,hunter,marksmanship,17,7,10
Muerteaterry,ragnaros,618,hunter,marksmanship,18,8,10
Mesiauzx,stormrage,618,hunter,marksmanship,22,9,13
Tinylegzz,illidan,617,hunter,marksmanship,26,8,18
Trochillidae,dragonmaw,616,hunter,marksmanship,22,8,14
Maveraxx,executus,616,hunter,marksmanship,21,7,14
Ròllinafatty,dark-iron,607,hunter,marksmanship,14,7,7
Pogcheddar,tichondrius,607,hunter,marksmanship,20,7,13
Jonsnow,lightnings-blade,594,hunter,marksmanship,27,9,18
Dahunterguy,illidan,592,hunter,marksmanship,13,7,6
Dufflebagmån,tichondrius,576,hunter,marksmanship,6,6,0
Warskullz,barthilas,576,hunter,marksmanship,6,6,0
Dranel,nordrassil,576,hunter,marksmanship,12,6,6
Cù,frostmourne,576,hunter,marksmanship,12,6,6
Knerf,silvermoon,576,hunter,marksmanship,12,6,6
Cubecrawler,skullcrusher,576,hunter,marksmanship,12,6,6
Elmozz,thrall,576,hunter,marksmanship,12,6,6
Pulso,illidan,576,hunter,marksmanship,12,6,6
Pandaslayr,garrosh,576,hunter,marksmanship,12,6,6
Ishootpeople,illidan,576,hunter,marksmanship,12,6,6
Juwannaaim,lethon,576,hunter,marksmanship,12,6,6
Hyjix,stormrage,576,hunter,marksmanship,12,6,6
Viralshot,tichondrius,576,hunter,marksmanship,12,6,6
Illine,azralon,576,hunter,marksmanship,12,6,6
Laurenx,illidan,576,hunter,marksmanship,12,6,6
Bayum,emerald-dream,576,hunter,marksmanship,12,6,6
Birbwatcher,moon-guard,576,hunter,marksmanship,12,6,6
Xernen,thrall,576,hunter,marksmanship,12,6,6
Zaamsa,ragnaros,576,hunter,marksmanship,12,6,6
Gritzix,frostmourne,576,hunter,marksmanship,12,6,6
Vårelse,sargeras,576,hunter,marksmanship,12,6,6
Skum,tichondrius,576,hunter,marksmanship,12,6,6
Rabity,thrall,576,hunter,marksmanship,12,6,6
Vicecheney,illidan,576,hunter,marksmanship,12,6,6
Talanar,ragnaros,576,hunter,marksmanship,12,6,6
Donotrunaway,ragnaros,576,hunter,marksmanship,12,6,6
Mdizzly,zuljin,576,hunter,marksmanship,12,6,6
Aurzwraek,proudmoore,576,hunter,marksmanship,12,6,6
Trapwiz,firetree,576,hunter,marksmanship,12,6,6
Gugubird,proudmoore,576,hunter,marksmanship,12,6,6
Jpynovisa,moon-guard,576,hunter,marksmanship,12,6,6
Arenthius,lothar,576,hunter,marksmanship,12,6,6
Ysoseriusg,area-52,576,hunter,marksmanship,12,6,6
Küngen,zuljin,576,hunter,marksmanship,12,6,6
Jimbeampeach,illidan,576,hunter,marksmanship,12,6,6
Klepa,illidan,576,hunter,marksmanship,12,6,6
Rockehm,frostmourne,576,hunter,marksmanship,12,6,6
Kungabunga,illidan,576,hunter,marksmanship,12,6,6
Kyudo,moon-guard,576,hunter,marksmanship,12,6,6
Raenllin,moon-guard,576,hunter,marksmanship,12,6,6
Rhunakk,emerald-dream,576,hunter,marksmanship,12,6,6
Aoti,nerzhul,576,hunter,marksmanship,12,6,6
Groomme,area-52,576,hunter,marksmanship,12,6,6
Warblez,spinebreaker,576,hunter,marksmanship,12,6,6
Soxstayon,tichondrius,576,hunter,marksmanship,12,6,6
Silizir,emerald-dream,576,hunter,marksmanship,12,6,6
Nerfmeplezz,area-52,576,hunter,marksmanship,12,6,6
Êlautismo,wyrmrest-accord,576,hunter,marksmanship,12,6,6
Nightgecko,elune,576,hunter,marksmanship,12,6,6
Tokez,moon-guard,576,hunter,marksmanship,14,6,8
Mojopojo,tichondrius,576,hunter,marksmanship,18,7,11
Lightbullet,kelthuzad,576,hunter,marksmanship,18,6,12
Cortavento,azralon,576,hunter,marksmanship,18,6,12
Nastynadia,frostmourne,576,hunter,marksmanship,18,6,12
Aaggros,sargeras,576,hunter,marksmanship,18,6,12
Shcrimps,proudmoore,576,hunter,marksmanship,18,6,12
Aviarina,barthilas,576,hunter,marksmanship,18,6,12
Velinieron,norgannon,576,hunter,marksmanship,20,6,14
Keelif,arthas,576,hunter,marksmanship,24,6,18
Jônathan,tichondrius,576,hunter,marksmanship,24,6,18
Vanir,stormscale,576,hunter,marksmanship,24,6,18
Chapushoot,ragnaros,575,hunter,marksmanship,12,6,6
Sylvaethas,lightninghoof,575,hunter,marksmanship,12,6,6
Kazes,stormrage,575,hunter,marksmanship,12,6,6
Alinûs,stormrage,575,hunter,marksmanship,12,6,6
Starsabov,emerald-dream,575,hunter,marksmanship,12,6,6
Silentzkill,tichondrius,575,hunter,marksmanship,12,6,6
Dirtbagchaz,illidan,575,hunter,marksmanship,12,6,6
Daggétt,zuljin,575,hunter,marksmanship,12,6,6
Taphh,moon-guard,575,hunter,marksmanship,12,6,6
Tajo,sargeras,575,hunter,marksmanship,12,6,6
Tkurt,laughing-skull,575,hunter,marksmanship,12,6,6
Moyria,quelthalas,575,hunter,marksmanship,12,6,6
Gresga,dalaran,575,hunter,marksmanship,12,6,6
Àshborn,stormrage,575,hunter,marksmanship,12,6,6
Onlyfeìgns,frostmourne,575,hunter,marksmanship,12,6,6
Aragörnn,azralon,575,hunter,marksmanship,12,6,6
Projectilez,sargeras,575,hunter,marksmanship,12,6,6
Chipsncheese,korgath,575,hunter,marksmanship,12,6,6
Littlespike,queldorei,575,hunter,marksmanship,12,6,6
Pumpum,malganis,575,hunter,marksmanship,12,6,6
Cerrundan,icecrown,575,hunter,marksmanship,12,6,6
Badharexx,perenolde,575,hunter,marksmanship,12,6,6
Gorbash,goldrinn,575,hunter,marksmanship,13,6,7
Smashfacehnt,tichondrius,575,hunter,marksmanship,18,6,12
Lagginwaggin,azgalor,575,hunter,marksmanship,18,6,12
Arbclimbs,frostmane,575,hunter,marksmanship,18,6,12
Zugineer,tichondrius,575,hunter,marksmanship,18,6,12
Duaalipaa,malganis,575,hunter,marksmanship,24,6,18
Zeddunn,stormrage,574,hunter,marksmanship,12,6,6
Marcusrarnis,zuljin,574,hunter,marksmanship,12,6,6
Wïndrunnêr,sargeras,574,hunter,marksmanship,12,6,6
Longshott,azralon,574,hunter,marksmanship,12,6,6
Hildihunt,stormrage,574,hunter,marksmanship,12,6,6
Folgadoo,azralon,574,hunter,marksmanship,18,6,12
Brotag,aggramar,574,hunter,marksmanship,18,6,12
Bunb,area-52,574,hunter,marksmanship,24,6,18
Bigmommah,durotan,574,hunter,marksmanship,24,6,18
Louter,drakkari,573,hunter,marksmanship,12,6,6
Pilk,daggerspine,573,hunter,marksmanship,18,6,12
Zérõ,area-52,572,hunter,marksmanship,18,6,12
Hunternao,nemesis,572,hunter,marksmanship,24,6,18
Kahunå,area-52,571,hunter,marksmanship,12,6,6
Jogoran,thunderlord,571,hunter,marksmanship,12,6,6
Strelyatil,trollbane,571,hunter,marksmanship,18,6,12
Mambahh,dalaran,571,hunter,marksmanship,18,6,12
Drâgônâr,stormrage,570,hunter,marksmanship,18,6,12
Slayemz,barthilas,570,hunter,marksmanship,18,6,12
Liedaria,zangarmarsh,566,hunter,marksmanship,18,6,12
Beastmodeqt,blood-furnace,566,hunter,marksmanship,18,6,12
Ikkare,dalaran,565,hunter,marksmanship,12,6,6
Weirdjeff,alexstrasza,565,hunter,marksmanship,12,6,6
Nickhell,azralon,565,hunter,marksmanship,12,6,6
Purplebeaver,gorgonnash,565,hunter,marksmanship,18,6,12
Neef,mannoroth,564,hunter,marksmanship,24,6,18
Pilhul,illidan,564,hunter,marksmanship,30,6,24
Chaarlee,senjin,559,hunter,marksmanship,18,6,12
Ratspit,chogall,557,hunter,marksmanship,17,6,11
Iapsux,bleeding-hollow,543,hunter,marksmanship,10,7,3
Shímmér,barthilas,543,hunter,marksmanship,11,6,5
Cloveth,wyrmrest-accord,543,hunter,marksmanship,11,6,5
Gymli,destromath,543,hunter,marksmanship,11,6,5
Amorial,barthilas,542,hunter,marksmanship,17,6,11
Päinal,area-52,528,hunter,marksmanship,9,6,3
Jaydemo,thunderhorn,527,hunter,marksmanship,17,6,11
Déadshøt,blackhand,527,hunter,marksmanship,17,6,11
Jgodsslayer,tichondrius,526,hunter,marksmanship,23,6,17
Xtremesnipez,frostmourne,522,hunter,marksmanship,15,9,6
Ayrelial,tichondrius,522,hunter,marksmanship,13,7,6
Kenichyi,drakkari,522,hunter,marksmanship,22,7,15
Cplski,kelthuzad,511,hunter,marksmanship,16,6,10
Stepbroski,moon-guard,510,hunter,marksmanship,14,6,8
Linszsz,nemesis,496,hunter,marksmanship,13,6,7
Haemøphilus,area-52,489,hunter,marksmanship,19,7,12
Kimchishotxo,tichondrius,480,hunter,marksmanship,6,5,1
Xavenwn,wyrmrest-accord,480,hunter,marksmanship,6,5,1
Bendotexe,stormrage,480,hunter,marksmanship,6,5,1
Zmghost,nathrezim,480,hunter,marksmanship,6,5,1
Martminas,stormrage,480,hunter,marksmanship,6,5,1
Shootandloot,zuljin,480,hunter,marksmanship,6,5,1
Johhnweed,ragnaros,480,hunter,marksmanship,6,5,1
Taije,arthas,480,hunter,marksmanship,6,5,1
Ratpanda,tichondrius,480,hunter,marksmanship,6,5,1
Ragejones,tichondrius,480,hunter,marksmanship,6,5,1
Arimkal,area-52,480,hunter,marksmanship,6,5,1
Drup,dalaran,480,hunter,marksmanship,6,5,1
Raevon,kelthuzad,480,hunter,marksmanship,9,6,3
Idtrapthat,nordrassil,480,hunter,marksmanship,9,5,4
Lorgor,eonar,480,hunter,marksmanship,12,5,7
Bowtech,malygos,480,hunter,marksmanship,12,5,7
Connora,stormrage,480,hunter,marksmanship,12,5,7
Josyv,quelthalas,480,hunter,marksmanship,12,5,7
Lianm,stormrage,480,hunter,marksmanship,12,5,7
Ophois,lightbringer,480,hunter,marksmanship,12,5,7
Bowjoby,kelthuzad,480,hunter,marksmanship,12,5,7
Orì,stormrage,480,hunter,marksmanship,12,5,7
Davidbowey,bonechewer,480,hunter,marksmanship,12,5,7
Snoplow,illidan,480,hunter,marksmanship,12,5,7
Hunt,the-underbog,480,hunter,marksmanship,12,5,7
Boomheadshot,blood-furnace,480,hunter,marksmanship,12,5,7
Teaks,aggramar,480,hunter,marksmanship,12,5,7
Yonzo,area-52,480,hunter,marksmanship,12,5,7
Vashra,stormrage,480,hunter,marksmanship,12,5,7
Huerfyta,quelthalas,480,hunter,marksmanship,12,5,7
Scruffiebear,deathwing,480,hunter,marksmanship,12,5,7
Partÿ,tichondrius,480,hunter,marksmanship,12,5,7
Eldotbrod,quelthalas,480,hunter,marksmanship,12,5,7
Soloshuffle,kelthuzad,480,hunter,marksmanship,12,5,7
Xxunderoath,frostwolf,480,hunter,marksmanship,12,5,7
Slobon,tichondrius,480,hunter,marksmanship,12,5,7
Germerican,illidan,480,hunter,marksmanship,12,5,7
Qqshot,emerald-dream,480,hunter,marksmanship,12,5,7
Trænquility,tichondrius,480,hunter,marksmanship,12,5,7
Íkíte,zuljin,480,hunter,marksmanship,12,5,7
Kankuro,proudmoore,480,hunter,marksmanship,12,5,7
Lagshots,kelthuzad,480,hunter,marksmanship,12,5,7
Duckpow,frostmourne,480,hunter,marksmanship,12,5,7
Ellissniper,frostmourne,480,hunter,marksmanship,12,5,7
Yukily,sargeras,480,hunter,marksmanship,12,5,7
Aloa,nagrand,480,hunter,marksmanship,12,5,7
Thewïld,tichondrius,480,hunter,marksmanship,12,5,7
Hitstickk,tichondrius,480,hunter,marksmanship,12,5,7
Zünma,tichondrius,480,hunter,marksmanship,12,5,7
Xísa,proudmoore,480,hunter,marksmanship,12,5,7
Volarsomar,shattered-hand,480,hunter,marksmanship,12,5,7
Omniquiver,sargeras,480,hunter,marksmanship,12,5,7
Jaywuz,tichondrius,480,hunter,marksmanship,12,5,7
Cotoyo,sargeras,480,hunter,marksmanship,12,5,7
Faldran,earthen-ring,480,hunter,marksmanship,12,5,7
Splosiv,stormrage,480,hunter,marksmanship,12,5,7
Snipedown,bonechewer,480,hunter,marksmanship,12,5,7
Baehydra,frostmourne,480,hunter,marksmanship,12,5,7
Lilbowbigdam,emerald-dream,480,hunter,marksmanship,12,5,7
Bullzeyê,kelthuzad,480,hunter,marksmanship,12,5,7
Raeyy,area-52,480,hunter,marksmanship,12,5,7
Reys,bonechewer,480,hunter,marksmanship,15,6,9
Meldrissa,wyrmrest-accord,480,hunter,marksmanship,18,5,13
Eurekasl,ragnaros,480,hunter,marksmanship,18,5,13
Shootybootìe,tichondrius,480,hunter,marksmanship,18,5,13
Absinther,emerald-dream,480,hunter,marksmanship,18,5,13
Msghunter,sargeras,480,hunter,marksmanship,18,5,13
Kattarry,moon-guard,480,hunter,marksmanship,18,5,13
Gyrobandit,korialstrasz,480,hunter,marksmanship,18,5,13
Ikiteforfood,zuljin,480,hunter,marksmanship,18,5,13
Runimurder,zuljin,479,hunter,marksmanship,6,5,1
Hoechunk,bonechewer,479,hunter,marksmanship,6,5,1
Ritrune,anvilmar,479,hunter,marksmanship,6,5,1
Ohhsnaapp,blood-furnace,479,hunter,marksmanship,12,5,7
Karimysac,aggramar,479,hunter,marksmanship,12,5,7
Peitowyn,illidan,479,hunter,marksmanship,12,5,7
Jazeath,tichondrius,479,hunter,marksmanship,12,5,7
Qte,cairne,479,hunter,marksmanship,12,5,7
Alluminant,gilneas,479,hunter,marksmanship,12,5,7
Dversive,nagrand,479,hunter,marksmanship,12,5,7
Globalhunter,emerald-dream,479,hunter,marksmanship,12,5,7
Pathius,uldaman,479,hunter,marksmanship,12,5,7
Zaghoward,fenris,479,hunter,marksmanship,12,5,7
Voujin,ragnaros,479,hunter,marksmanship,12,5,7
Hyora,tichondrius,479,hunter,marksmanship,12,5,7
Keyva,moon-guard,479,hunter,marksmanship,12,5,7
Kogger,frostmourne,479,hunter,marksmanship,12,5,7
Goldensour,malganis,479,hunter,marksmanship,12,5,7
Rykbad,area-52,479,hunter,marksmanship,12,5,7
Hunchback,emerald-dream,479,hunter,marksmanship,12,5,7
Blackbandit,kiljaeden,479,hunter,marksmanship,12,5,7
Blurrí,area-52,479,hunter,marksmanship,12,5,7
Diur,ragnaros,479,hunter,marksmanship,15,5,10
Kiteftw,tichondrius,479,hunter,marksmanship,21,6,15
Johar,nerzhul,479,hunter,marksmanship,18,5,13
Enzym,archimonde,479,hunter,marksmanship,18,5,13
Logonman,rexxar,479,hunter,marksmanship,18,5,13
Strixx,emerald-dream,479,hunter,marksmanship,18,5,13
Skillvanas,stormrage,479,hunter,marksmanship,18,5,13
Dirtman,laughing-skull,479,hunter,marksmanship,30,5,25
Drakkoniss,spinebreaker,478,hunter,marksmanship,12,5,7
Cocobage,destromath,478,hunter,marksmanship,12,5,7
Ozzoty,tol-barad,478,hunter,marksmanship,12,5,7
Ensnare,wyrmrest-accord,478,hunter,marksmanship,12,5,7
Tularac,sentinels,477,hunter,marksmanship,12,5,7
Nobelscarlet,wildhammer,477,hunter,marksmanship,12,5,7
Nulliuss,khadgar,477,hunter,marksmanship,18,5,13
Puttry,stormrage,476,hunter,marksmanship,12,5,7
Ocelotv,stormrage,476,hunter,marksmanship,12,5,7
Akbu,azralon,476,hunter,marksmanship,12,5,7
Àrsha,gallywix,475,hunter,marksmanship,12,5,7
Nubberton,sargeras,473,hunter,marksmanship,16,8,8
Lanney,firetree,473,hunter,marksmanship,12,5,7
Hartman,frostwolf,473,hunter,marksmanship,18,5,13
Mazkeen,bonechewer,472,hunter,marksmanship,12,5,7
Butimbutters,bleeding-hollow,467,hunter,marksmanship,23,8,15
Nixous,azralon,460,hunter,marksmanship,17,5,12
Raun,anvilmar,453,hunter,marksmanship,17,5,12
Againzt,tichondrius,447,hunter,marksmanship,12,6,6
Stroodleboy,korgath,447,hunter,marksmanship,11,5,6
Diavál,area-52,447,hunter,marksmanship,11,5,6
Ryonel,moon-guard,447,hunter,marksmanship,17,5,12
Dahunterr,zuljin,446,hunter,marksmanship,11,5,6
Kyriàn,lightnings-blade,445,hunter,marksmanship,11,5,6
Mukeru,stormrage,432,hunter,marksmanship,9,5,4
Jud,thunderlord,432,hunter,marksmanship,21,5,16
Yukiqtpie,barthilas,431,hunter,marksmanship,11,5,6
Irontoast,kelthuzad,431,hunter,marksmanship,11,5,6
Wook,hyjal,431,hunter,marksmanship,11,5,6
Noriee,destromath,431,hunter,marksmanship,15,5,10
Gilonate,tichondrius,431,hunter,marksmanship,17,5,12
Ozarks,kiljaeden,426,hunter,marksmanship,17,6,11
Yarthax,illidan,416,hunter,marksmanship,10,5,5
Shablagoosh,zuljin,416,hunter,marksmanship,16,5,11
Folf,turalyon,384,hunter,marksmanship,6,4,2
Zendarae,tichondrius,384,hunter,marksmanship,6,4,2
Goonlmao,hyjal,384,hunter,marksmanship,6,4,2
Messengers,illidan,384,hunter,marksmanship,6,4,2
Cucumber,shuhalo,384,hunter,marksmanship,6,4,2
Swish,burning-legion,384,hunter,marksmanship,6,4,2
Yamamasofat,proudmoore,384,hunter,marksmanship,6,4,2
Venj,proudmoore,384,hunter,marksmanship,6,4,2
Archetype,bladefist,384,hunter,marksmanship,6,4,2
Swoljashotxp,area-52,384,hunter,marksmanship,6,4,2
Hèro,barthilas,384,hunter,marksmanship,6,4,2
Infatuatedx,moon-guard,384,hunter,marksmanship,6,4,2
Zenkhi,quelthalas,384,hunter,marksmanship,6,4,2
Wellerman,firetree,384,hunter,marksmanship,6,4,2
Zurim,azralon,384,hunter,marksmanship,6,4,2
Subdue,tichondrius,384,hunter,marksmanship,6,4,2
Jannz,gilneas,384,hunter,marksmanship,6,4,2
Saewyne,illidan,384,hunter,marksmanship,6,4,2
Orclore,proudmoore,384,hunter,marksmanship,6,4,2
Shootyzenth,kiljaeden,384,hunter,marksmanship,6,4,2
Tdarknet,quelthalas,384,hunter,marksmanship,6,4,2
Demölishar,proudmoore,384,hunter,marksmanship,6,4,2
Hannispian,tichondrius,384,hunter,marksmanship,6,4,2
Hitemup,bleeding-hollow,384,hunter,marksmanship,6,4,2
Llhopital,ragnaros,384,hunter,marksmanship,6,4,2
Morky,wyrmrest-accord,384,hunter,marksmanship,6,4,2
Beatnass,cairne,384,hunter,marksmanship,6,4,2
Frîck,bleeding-hollow,384,hunter,marksmanship,6,4,2
Huumpoutine,burning-blade,384,hunter,marksmanship,6,4,2
Anecko,zuljin,384,hunter,marksmanship,6,4,2
Emilysamuels,tichondrius,384,hunter,marksmanship,6,4,2
Arteene,illidan,384,hunter,marksmanship,6,4,2
Croift,stormrage,384,hunter,marksmanship,6,4,2
Jojojobo,tichondrius,384,hunter,marksmanship,6,4,2
Nyxus,tichondrius,384,hunter,marksmanship,6,4,2
Déwi,tichondrius,384,hunter,marksmanship,6,4,2
Lenacraft,frostmourne,384,hunter,marksmanship,6,4,2
Puffcopeak,illidan,384,hunter,marksmanship,6,4,2
Oromís,dalaran,384,hunter,marksmanship,6,4,2
Junmuxiao,ragnaros,384,hunter,marksmanship,6,4,2
Rektarrow,area-52,384,hunter,marksmanship,6,4,2
Silvertokay,ragnaros,384,hunter,marksmanship,6,4,2
Sylos,moon-guard,384,hunter,marksmanship,6,4,2
Cashisabeast,zuljin,384,hunter,marksmanship,6,4,2
Nenenhunt,ragnaros,384,hunter,marksmanship,6,4,2
Gogey,area-52,384,hunter,marksmanship,6,4,2
Cainus,zuljin,384,hunter,marksmanship,6,4,2
Elmerfuddx,terokkar,384,hunter,marksmanship,6,4,2
Gunstorms,dalaran,384,hunter,marksmanship,6,4,2
Valtolimor,moon-guard,384,hunter,marksmanship,6,4,2
Aimbôt,frostmourne,384,hunter,marksmanship,6,4,2
Cornstalk,area-52,384,hunter,marksmanship,6,4,2
Maidán,azralon,384,hunter,marksmanship,6,4,2
Malthiz,antonidas,384,hunter,marksmanship,8,4,4
Baydog,moon-guard,384,hunter,marksmanship,11,4,7
Razer,anvilmar,384,hunter,marksmanship,15,5,10
Bunryl,thorium-brotherhood,384,hunter,marksmanship,12,4,8
Aaron,jubeithos,384,hunter,marksmanship,12,4,8
Jaidev,nemesis,384,hunter,marksmanship,12,4,8
Karev,area-52,384,hunter,marksmanship,12,4,8
Bacigalupo,medivh,384,hunter,marksmanship,12,4,8
Kanati,dunemaul,384,hunter,marksmanship,12,4,8
Sabo,nemesis,384,hunter,marksmanship,12,4,8
Specops,illidan,384,hunter,marksmanship,12,4,8
Clait,frostmourne,384,hunter,marksmanship,12,4,8
Whatalexa,tichondrius,384,hunter,marksmanship,12,4,8
Sogeki,kelthuzad,384,hunter,marksmanship,12,4,8
Mckillahoe,malganis,384,hunter,marksmanship,12,4,8
Hordworld,tichondrius,384,hunter,marksmanship,12,4,8
Sylvanâs,bleeding-hollow,384,hunter,marksmanship,12,4,8
Lithality,tichondrius,384,hunter,marksmanship,12,4,8
Tsubakï,ragnaros,384,hunter,marksmanship,12,4,8
Revö,area-52,384,hunter,marksmanship,12,4,8
Lilbic,bleeding-hollow,384,hunter,marksmanship,12,4,8
Gotrap,saurfang,384,hunter,marksmanship,12,4,8
Crackshotzz,illidan,384,hunter,marksmanship,12,4,8
Enchantras,jaedenar,384,hunter,marksmanship,12,4,8
Braindeadorc,illidan,384,hunter,marksmanship,12,4,8
Sucontheze,kelthuzad,384,hunter,marksmanship,12,4,8
Samsin,sargeras,384,hunter,marksmanship,12,4,8
Limpnoodle,nerzhul,384,hunter,marksmanship,12,4,8
Bleedwolf,tichondrius,384,hunter,marksmanship,12,4,8
Xeriife,stormrage,384,hunter,marksmanship,12,4,8
Protrapz,sargeras,384,hunter,marksmanship,12,4,8
Joton,tichondrius,384,hunter,marksmanship,12,4,8
Hywhan,stormrage,384,hunter,marksmanship,12,4,8
Karizzev,sargeras,384,hunter,marksmanship,12,4,8
Hunterjahvek,area-52,384,hunter,marksmanship,12,4,8
Ðao,nazjatar,384,hunter,marksmanship,12,4,8
Robobop,stormrage,384,hunter,marksmanship,12,4,8
Beefcow,barthilas,384,hunter,marksmanship,12,4,8
Ganzilla,aerie-peak,384,hunter,marksmanship,12,4,8
Percision,bonechewer,384,hunter,marksmanship,12,4,8
Ezpzx,sargeras,384,hunter,marksmanship,12,4,8
Resonatorrob,illidan,384,hunter,marksmanship,12,4,8
Bigclamz,dragonmaw,384,hunter,marksmanship,12,4,8
Adepia,hellscream,384,hunter,marksmanship,12,4,8
Ðïanä,azralon,384,hunter,marksmanship,12,4,8
Zipzyup,tichondrius,384,hunter,marksmanship,12,4,8
Booshwookie,frostmourne,384,hunter,marksmanship,12,4,8
Dropflag,stormrage,384,hunter,marksmanship,12,4,8
Taurenseason,sargeras,384,hunter,marksmanship,12,4,8
Crimsonmm,ragnaros,384,hunter,marksmanship,12,4,8
Vélos,illidan,384,hunter,marksmanship,12,4,8
Altte,proudmoore,384,hunter,marksmanship,12,4,8
Gstygodx,frostmourne,384,hunter,marksmanship,12,4,8
Missnevamiss,skullcrusher,384,hunter,marksmanship,12,4,8
Frankyy,frostmourne,384,hunter,marksmanship,12,4,8
Mabaku,tichondrius,384,hunter,marksmanship,12,4,8
Hwslol,tichondrius,384,hunter,marksmanship,12,4,8
Kumari,lothar,384,hunter,marksmanship,12,4,8
Saralli,thrall,384,hunter,marksmanship,12,4,8
Junglar,eitrigg,384,hunter,marksmanship,12,4,8
Artemisagro,greymane,384,hunter,marksmanship,12,4,8
Vion,mannoroth,384,hunter,marksmanship,12,4,8
Shottz,blackhand,384,hunter,marksmanship,12,4,8
Patroclo,azralon,384,hunter,marksmanship,12,4,8
Emérr,drakkari,384,hunter,marksmanship,12,4,8
Peashooter,sargeras,384,hunter,marksmanship,19,4,15
Dathronin,chogall,383,hunter,marksmanship,6,4,2
Kajol,bleeding-hollow,383,hunter,marksmanship,6,4,2
Essya,frostmourne,383,hunter,marksmanship,6,4,2
Balanguxa,azralon,383,hunter,marksmanship,6,4,2
Flax,terenas,383,hunter,marksmanship,6,4,2
Meriah,bleeding-hollow,383,hunter,marksmanship,6,4,2
Rplover,malganis,383,hunter,marksmanship,9,5,4
Lanamatt,azralon,383,hunter,marksmanship,12,4,8
Minibrö,tichondrius,383,hunter,marksmanship,12,4,8
Cornbreadfed,gorgonnash,383,hunter,marksmanship,12,4,8
Shootymcshot,vashj,383,hunter,marksmanship,12,4,8
Juanita,laughing-skull,383,hunter,marksmanship,12,4,8
Ytsejammer,eonar,383,hunter,marksmanship,12,4,8
Shootingjaem,tichondrius,383,hunter,marksmanship,12,4,8
Aridan,area-52,383,hunter,marksmanship,12,4,8
Cptspaulding,magtheridon,383,hunter,marksmanship,12,4,8
Nevon,azralon,383,hunter,marksmanship,18,4,14
Rzan,fenris,382,hunter,marksmanship,6,4,2
Eaudelune,vashj,382,hunter,marksmanship,12,4,8
Lovek,ragnaros,382,hunter,marksmanship,12,4,8
Blindshotz,moon-guard,381,hunter,marksmanship,12,4,8
Goofyfingers,illidan,380,hunter,marksmanship,18,4,14
Venessie,moon-guard,379,hunter,marksmanship,12,4,8
Cns,tichondrius,371,hunter,marksmanship,23,7,16
Dashing,magtheridon,367,hunter,marksmanship,17,4,13
Arighthunt,frostmourne,367,hunter,marksmanship,17,4,13
Hyesik,tichondrius,362,hunter,marksmanship,21,7,14
Outranged,moon-guard,351,hunter,marksmanship,8,5,3
Pérséús,ragnaros,351,hunter,marksmanship,12,5,7
Bloodarrow,tichondrius,351,hunter,marksmanship,11,4,7
Tarkovs,area-52,351,hunter,marksmanship,11,4,7
Traitorously,daggerspine,351,hunter,marksmanship,14,5,9
Socrato,tichondrius,350,hunter,marksmanship,7,5,2
Rnger,aerie-peak,350,hunter,marksmanship,12,5,7
Tafer,quelthalas,336,hunter,marksmanship,9,4,5
Trappxy,sargeras,336,hunter,marksmanship,9,4,5
Smokiiganja,proudmoore,335,hunter,marksmanship,11,4,7
Brorc,kul-tiras,335,hunter,marksmanship,11,4,7
Zucarita,tichondrius,330,hunter,marksmanship,9,5,4
Iol,blades-edge,330,hunter,marksmanship,14,5,9
Huntersaul,dalvengyr,330,hunter,marksmanship,17,5,12
Nubcaks,nerzhul,330,hunter,marksmanship,21,5,16
Lovedietdew,borean-tundra,329,hunter,marksmanship,21,5,16
Misogynistaf,tichondrius,319,hunter,marksmanship,5,4,1
Stupïd,tichondrius,319,hunter,marksmanship,5,4,1
Aimian,frostmourne,319,hunter,marksmanship,8,4,4
Streetcrime,stormrage,304,hunter,marksmanship,7,4,3
Mtuanwm,tichondrius,288,hunter,marksmanship,6,3,3
Stupedhunter,tichondrius,288,hunter,marksmanship,6,3,3
Candîce,moon-guard,288,hunter,marksmanship,6,3,3
Physical,destromath,288,hunter,marksmanship,6,3,3
Niche,jaedenar,288,hunter,marksmanship,6,3,3
Kargathx,ragnaros,288,hunter,marksmanship,6,3,3
Krelas,eldrethalas,288,hunter,marksmanship,6,3,3
Tichong,tichondrius,288,hunter,marksmanship,6,3,3
Jackohun,quelthalas,288,hunter,marksmanship,6,3,3
Perfectcrit,area-52,288,hunter,marksmanship,6,3,3
Eforas,ragnaros,288,hunter,marksmanship,6,3,3
Brumbuh,tichondrius,288,hunter,marksmanship,6,3,3
Antily,kelthuzad,288,hunter,marksmanship,6,3,3
Zeonas,tichondrius,288,hunter,marksmanship,6,3,3
Chootembro,thunderlord,288,hunter,marksmanship,6,3,3
Glazing,zuljin,288,hunter,marksmanship,6,3,3
Gorhound,tichondrius,288,hunter,marksmanship,6,3,3
Gaazul,destromath,288,hunter,marksmanship,6,3,3
Weerou,arthas,288,hunter,marksmanship,6,3,3
Arröws,area-52,288,hunter,marksmanship,6,3,3
Rivs,detheroc,288,hunter,marksmanship,6,3,3
Azairxd,tichondrius,288,hunter,marksmanship,6,3,3
Laer,archimonde,288,hunter,marksmanship,6,3,3
Iresa,bleeding-hollow,288,hunter,marksmanship,6,3,3
Somethinglit,sargeras,288,hunter,marksmanship,6,3,3
Amazoness,tichondrius,288,hunter,marksmanship,6,3,3
Guncontrol,malganis,288,hunter,marksmanship,6,3,3
Rhovanni,ragnaros,288,hunter,marksmanship,6,3,3
Tmtrap,tichondrius,288,hunter,marksmanship,6,3,3
Sosaho,sargeras,288,hunter,marksmanship,6,3,3
Ashleyrj,nazjatar,288,hunter,marksmanship,6,3,3
Blakespace,area-52,288,hunter,marksmanship,6,3,3
Waldrom,arathor,288,hunter,marksmanship,6,3,3
Boonë,tichondrius,288,hunter,marksmanship,6,3,3
Kansolly,tichondrius,288,hunter,marksmanship,6,3,3
Saphling,emerald-dream,288,hunter,marksmanship,6,3,3
Zestia,tichondrius,288,hunter,marksmanship,6,3,3
Zym,the-forgotten-coast,288,hunter,marksmanship,6,3,3
Limpingspoon,kelthuzad,288,hunter,marksmanship,6,3,3
Ðarsathius,kelthuzad,288,hunter,marksmanship,6,3,3
Rukojop,undermine,288,hunter,marksmanship,6,3,3
Casadora,dark-iron,288,hunter,marksmanship,6,3,3
Cáelum,area-52,288,hunter,marksmanship,6,3,3
Yoske,tichondrius,288,hunter,marksmanship,6,3,3
Buzzkiller,sargeras,288,hunter,marksmanship,6,3,3
Bernelli,kelthuzad,288,hunter,marksmanship,6,3,3
Deepbowjob,sargeras,288,hunter,marksmanship,6,3,3
Hanccok,tichondrius,288,hunter,marksmanship,6,3,3
Exabyssus,bleeding-hollow,288,hunter,marksmanship,6,3,3
Garden,kelthuzad,288,hunter,marksmanship,6,3,3
Chimpx,moon-guard,288,hunter,marksmanship,6,3,3
Alliestrasza,azralon,288,hunter,marksmanship,6,3,3
Stewe,area-52,288,hunter,marksmanship,6,3,3
Giotash,quelthalas,288,hunter,marksmanship,6,3,3
Zzackchicken,tichondrius,288,hunter,marksmanship,6,3,3
Auset,aegwynn,288,hunter,marksmanship,6,3,3
Plastera,zuljin,288,hunter,marksmanship,6,3,3
Armeniapower,area-52,288,hunter,marksmanship,6,3,3
Tìnker,stormrage,288,hunter,marksmanship,6,3,3
Twoshotts,tichondrius,288,hunter,marksmanship,6,3,3
Xmanish,chogall,288,hunter,marksmanship,6,3,3
Innerhunt,aegwynn,288,hunter,marksmanship,6,3,3
Silvershot,emerald-dream,288,hunter,marksmanship,6,3,3
Maxifier,tichondrius,288,hunter,marksmanship,6,3,3
Lilskill,lightnings-blade,288,hunter,marksmanship,6,3,3
Dasdasdds,zuljin,288,hunter,marksmanship,6,3,3
Mackspowers,area-52,288,hunter,marksmanship,6,3,3
Strudelshot,tichondrius,288,hunter,marksmanship,6,3,3
Rockendude,sargeras,288,hunter,marksmanship,6,3,3
Kaitoo,tichondrius,288,hunter,marksmanship,6,3,3
Wonshawt,tichondrius,288,hunter,marksmanship,6,3,3
Odratnuh,bleeding-hollow,288,hunter,marksmanship,6,3,3
Kallindo,sargeras,288,hunter,marksmanship,6,3,3
Vinksy,sargeras,288,hunter,marksmanship,6,3,3
Halosucks,sargeras,288,hunter,marksmanship,6,3,3
Yeaheh,area-52,288,hunter,marksmanship,6,3,3
Baalboski,tichondrius,288,hunter,marksmanship,6,3,3
Muffhuntér,blackrock,288,hunter,marksmanship,6,3,3
Neewie,barthilas,288,hunter,marksmanship,6,3,3
Deathshoôt,suramar,288,hunter,marksmanship,6,3,3
Cloakedninja,illidan,288,hunter,marksmanship,6,3,3
Yammies,nerzhul,288,hunter,marksmanship,6,3,3
Bloodyman,korgath,288,hunter,marksmanship,6,3,3
Canadïan,stormrage,288,hunter,marksmanship,6,3,3
Inked,frostmourne,288,hunter,marksmanship,6,3,3
Madjango,illidan,288,hunter,marksmanship,6,3,3
Kumàr,illidan,288,hunter,marksmanship,6,3,3
Kormas,illidan,288,hunter,marksmanship,6,3,3
Mangosteen,illidan,288,hunter,marksmanship,6,3,3
Munger,dathremar,288,hunter,marksmanship,6,3,3
Ropivacaine,illidan,288,hunter,marksmanship,6,3,3
Adowsol,kiljaeden,288,hunter,marksmanship,6,3,3
Baoßun,thrall,288,hunter,marksmanship,6,3,3
Pupus,moon-guard,288,hunter,marksmanship,6,3,3
Iannieht,illidan,288,hunter,marksmanship,6,3,3
Petmychode,illidan,288,hunter,marksmanship,6,3,3
Carot,dalaran,288,hunter,marksmanship,6,3,3
Battleon,dalaran,288,hunter,marksmanship,6,3,3
Tzoop,tichondrius,288,hunter,marksmanship,6,3,3
Dansfarm,tichondrius,288,hunter,marksmanship,6,3,3
Tugh,maiev,288,hunter,marksmanship,6,3,3
Quondo,boulderfist,288,hunter,marksmanship,6,3,3
Maximuhm,vashj,288,hunter,marksmanship,6,3,3
Keliara,dunemaul,288,hunter,marksmanship,6,3,3
Barrit,windrunner,288,hunter,marksmanship,6,3,3
Fruitenveg,frostmourne,288,hunter,marksmanship,6,3,3
Murrunu,windrunner,288,hunter,marksmanship,6,3,3
Playnogames,moon-guard,288,hunter,marksmanship,6,3,3
Sabanna,proudmoore,288,hunter,marksmanship,6,3,3
Ämêthyst,illidan,288,hunter,marksmanship,6,3,3
Wingclippin,stormrage,288,hunter,marksmanship,6,3,3
Mikey,exodar,288,hunter,marksmanship,6,3,3
Mmx,whisperwind,288,hunter,marksmanship,6,3,3
Wallace,goldrinn,288,hunter,marksmanship,6,3,3
Thugbeast,tichondrius,288,hunter,marksmanship,6,3,3
Traphouse,blackrock,288,hunter,marksmanship,6,3,3
Orchood,proudmoore,288,hunter,marksmanship,6,3,3
Weegnomie,wyrmrest-accord,288,hunter,marksmanship,6,3,3
Kong,tichondrius,288,hunter,marksmanship,6,3,3
Darforner,shandris,288,hunter,marksmanship,6,3,3
Airchick,frostmourne,288,hunter,marksmanship,6,3,3
Sereom,frostmourne,288,hunter,marksmanship,6,3,3
Luckynoodlle,frostmourne,288,hunter,marksmanship,6,3,3
Triggamikê,tichondrius,288,hunter,marksmanship,6,3,3
Internade,frostmourne,288,hunter,marksmanship,6,3,3
Royshot,stormrage,288,hunter,marksmanship,7,3,4
Konungr,zuljin,288,hunter,marksmanship,11,3,8
Snigskytte,dreadmaul,288,hunter,marksmanship,11,3,8
Bensonlmn,tichondrius,288,hunter,marksmanship,15,4,11
Blaisian,frostmourne,288,hunter,marksmanship,12,3,9
Angelicarrow,area-52,288,hunter,marksmanship,12,3,9
Drysst,tichondrius,288,hunter,marksmanship,12,3,9
Getgaped,bronzebeard,288,hunter,marksmanship,12,3,9
Aerefix,frostmourne,288,hunter,marksmanship,12,3,9
Davidböwie,stormreaver,288,hunter,marksmanship,12,3,9
Salvatiel,stormrage,288,hunter,marksmanship,12,3,9
Heloran,maelstrom,288,hunter,marksmanship,12,3,9
Zeedii,dalaran,288,hunter,marksmanship,12,3,9
Tastysauce,wyrmrest-accord,288,hunter,marksmanship,12,3,9
Ttvdjdòxx,moknathal,288,hunter,marksmanship,12,3,9
Skywrecker,bleeding-hollow,288,hunter,marksmanship,12,3,9
Wadadly,malganis,288,hunter,marksmanship,12,3,9
Kårdashian,illidan,288,hunter,marksmanship,12,3,9
Sukiru,ragnaros,288,hunter,marksmanship,12,3,9
Sparkco,area-52,288,hunter,marksmanship,12,3,9
Sliperysaly,tichondrius,288,hunter,marksmanship,12,3,9
Quackattack,arthas,288,hunter,marksmanship,12,3,9
Lesley,illidan,288,hunter,marksmanship,12,3,9
Stinkyfob,barthilas,288,hunter,marksmanship,12,3,9
Feignqt,illidan,288,hunter,marksmanship,12,3,9
Xsparkys,kargath,288,hunter,marksmanship,12,3,9
Sásori,area-52,288,hunter,marksmanship,12,3,9
Uro,illidan,288,hunter,marksmanship,12,3,9
Ouchiies,barthilas,288,hunter,marksmanship,12,3,9
Tmd,thrall,288,hunter,marksmanship,12,3,9
Surfbum,lightbringer,288,hunter,marksmanship,12,3,9
Hefty,azuremyst,288,hunter,marksmanship,12,3,9
Alyzza,sargeras,288,hunter,marksmanship,12,3,9
Oua,queldorei,288,hunter,marksmanship,12,3,9
Beastcraft,emerald-dream,288,hunter,marksmanship,12,3,9
Exiun,sargeras,288,hunter,marksmanship,12,3,9
Boltflux,nemesis,288,hunter,marksmanship,12,3,9
Blarck,shattered-halls,288,hunter,marksmanship,12,3,9
Gustavitch,executus,288,hunter,marksmanship,12,3,9
Cazadak,ragnaros,288,hunter,marksmanship,12,3,9
Princssdaizy,zuljin,288,hunter,marksmanship,12,3,9
Hatara,quelthalas,288,hunter,marksmanship,12,3,9
Lumbygoblin,illidan,288,hunter,marksmanship,13,3,10
Zarknoth,cenarius,288,hunter,marksmanship,18,3,15
Shifted,quelthalas,288,hunter,marksmanship,18,3,15
Nalarien,moon-guard,287,hunter,marksmanship,6,3,3
Yydso,illidan,287,hunter,marksmanship,6,3,3
Jitazz,azgalor,287,hunter,marksmanship,6,3,3
Downtimes,illidan,287,hunter,marksmanship,6,3,3
Multicereal,quelthalas,287,hunter,marksmanship,6,3,3
Lapelada,ragnaros,287,hunter,marksmanship,6,3,3
Braindeadly,malganis,287,hunter,marksmanship,6,3,3
Ghazzghkuull,ragnaros,287,hunter,marksmanship,6,3,3
Saixx,thunderlord,287,hunter,marksmanship,6,3,3
Bumbow,tichondrius,287,hunter,marksmanship,12,3,9
Allready,stormrage,287,hunter,marksmanship,12,3,9
Divinee,undermine,287,hunter,marksmanship,12,3,9
Arawnz,emerald-dream,287,hunter,marksmanship,12,3,9
Darthwillie,cenarius,287,hunter,marksmanship,12,3,9
Tarbabies,mannoroth,287,hunter,marksmanship,12,3,9
Josthar,thrall,287,hunter,marksmanship,24,3,21
Lorelåii,tichondrius,286,hunter,marksmanship,6,3,3
Irishnia,bleeding-hollow,286,hunter,marksmanship,6,3,3
Bloodofcaos,area-52,285,hunter,marksmanship,18,3,15
Mythman,area-52,255,hunter,marksmanship,14,4,10
Tanneritez,bleeding-hollow,240,hunter,marksmanship,17,3,14
Evilmoe,zuluhed,239,hunter,marksmanship,5,3,2
Morbow,proudmoore,239,hunter,marksmanship,5,3,2
Glôck,dalaran,239,hunter,marksmanship,11,3,8
Wildspirits,frostmourne,239,hunter,marksmanship,11,3,8
Knowtraps,area-52,234,hunter,marksmanship,7,4,3
Druskritag,moon-guard,234,hunter,marksmanship,10,4,6
Demongirl,arathor,231,hunter,marksmanship,25,4,21
Downworlder,darkspear,223,hunter,marksmanship,8,3,5
Andrømeda,frostmourne,208,hunter,marksmanship,7,3,4
Doop,azuremyst,207,hunter,marksmanship,7,3,4
Lamb,undermine,202,hunter,marksmanship,11,4,7
Farverr,area-52,192,hunter,marksmanship,4,3,1
Nughunter,area-52,192,hunter,marksmanship,6,2,4
Actimetohunt,gundrak,192,hunter,marksmanship,6,2,4
Okcupid,proudmoore,192,hunter,marksmanship,6,2,4
Àngèl,malganis,192,hunter,marksmanship,6,2,4
Holytrap,destromath,192,hunter,marksmanship,6,2,4
Devised,proudmoore,192,hunter,marksmanship,6,2,4
Pumpydumpy,malganis,192,hunter,marksmanship,6,2,4
Thiccshawts,moon-guard,192,hunter,marksmanship,6,2,4
Aridias,mannoroth,192,hunter,marksmanship,6,2,4
Rolandschitt,area-52,192,hunter,marksmanship,6,2,4
Angrypepe,bleeding-hollow,192,hunter,marksmanship,6,2,4
Mordriva,azjolnerub,192,hunter,marksmanship,6,2,4
Biqtime,area-52,192,hunter,marksmanship,6,2,4
Xuxoo,nemesis,192,hunter,marksmanship,6,2,4
Gokissmywolf,moknathal,192,hunter,marksmanship,6,2,4
Magvez,tichondrius,192,hunter,marksmanship,6,2,4
Inurah,malganis,192,hunter,marksmanship,6,2,4
Anilora,wyrmrest-accord,192,hunter,marksmanship,6,2,4
Erebor,malganis,192,hunter,marksmanship,6,2,4
Dreezzy,bleeding-hollow,192,hunter,marksmanship,6,2,4
Haki,gallywix,192,hunter,marksmanship,6,2,4
Théw,tichondrius,192,hunter,marksmanship,6,2,4
Fizzleegear,area-52,192,hunter,marksmanship,6,2,4
Arroz,blackwing-lair,192,hunter,marksmanship,6,2,4
Kanta,bleeding-hollow,192,hunter,marksmanship,6,2,4
Ilîiìîìiilil,bleeding-hollow,192,hunter,marksmanship,6,2,4
Gytaepung,tichondrius,192,hunter,marksmanship,6,2,4
Blury,tichondrius,192,hunter,marksmanship,6,2,4
Namøscä,nemesis,192,hunter,marksmanship,6,2,4
Stitsh,sargeras,192,hunter,marksmanship,6,2,4
Mtq,thrall,192,hunter,marksmanship,6,2,4
Molty,wyrmrest-accord,192,hunter,marksmanship,6,2,4
Aleriastraza,korialstrasz,192,hunter,marksmanship,6,2,4
Valcyoneus,dragonmaw,192,hunter,marksmanship,6,2,4
Firskin,frostmourne,192,hunter,marksmanship,6,2,4
Pichsolika,frostmourne,192,hunter,marksmanship,6,2,4
Rëxx,moon-guard,192,hunter,marksmanship,6,2,4
Happyhunting,sargeras,192,hunter,marksmanship,6,2,4
Tuanorz,proudmoore,192,hunter,marksmanship,6,2,4
Angelfern,sargeras,192,hunter,marksmanship,6,2,4
Gadorim,kelthuzad,192,hunter,marksmanship,6,2,4
Gopikachu,black-dragonflight,192,hunter,marksmanship,6,2,4
Alssong,tichondrius,192,hunter,marksmanship,6,2,4
Hideontrap,malganis,192,hunter,marksmanship,6,2,4
Kahtniss,quelthalas,192,hunter,marksmanship,6,2,4
Tewthless,moon-guard,192,hunter,marksmanship,6,2,4
Lukara,darkspear,192,hunter,marksmanship,6,2,4
Foffy,darkspear,192,hunter,marksmanship,6,2,4
Chumptard,area-52,192,hunter,marksmanship,6,2,4
Vitae,shattered-halls,192,hunter,marksmanship,6,2,4
Latherel,bleeding-hollow,192,hunter,marksmanship,6,2,4
Cazaaires,quelthalas,192,hunter,marksmanship,6,2,4
Leaf,chromaggus,192,hunter,marksmanship,6,2,4
Warsh,anubarak,192,hunter,marksmanship,6,2,4
Voodoohunter,blood-furnace,192,hunter,marksmanship,6,2,4
Shellby,malganis,192,hunter,marksmanship,6,2,4
Justhunter,moknathal,192,hunter,marksmanship,6,2,4
Johnbow,azuremyst,192,hunter,marksmanship,6,2,4
Áppóló,spinebreaker,192,hunter,marksmanship,6,2,4
Peppancini,wyrmrest-accord,192,hunter,marksmanship,6,2,4
Erelenn,tichondrius,192,hunter,marksmanship,6,2,4
Cuchulláin,area-52,192,hunter,marksmanship,6,2,4
Shoccka,thrall,192,hunter,marksmanship,6,2,4
Zackmorris,kelthuzad,192,hunter,marksmanship,6,2,4
Léfty,nagrand,192,hunter,marksmanship,6,2,4
Bowzørx,tichondrius,192,hunter,marksmanship,6,2,4
Geeshot,area-52,192,hunter,marksmanship,6,2,4
Sleazyrider,azuremyst,192,hunter,marksmanship,6,2,4
Yembohi,queldorei,192,hunter,marksmanship,6,2,4
Desdee,icecrown,192,hunter,marksmanship,6,2,4
Nord,draka,192,hunter,marksmanship,6,2,4
Bendoon,sargeras,192,hunter,marksmanship,6,2,4
Cefla,illidan,192,hunter,marksmanship,6,2,4
Lemmiewînkzz,sargeras,192,hunter,marksmanship,6,2,4
Huntugz,frostmourne,192,hunter,marksmanship,6,2,4
Thugio,sargeras,192,hunter,marksmanship,6,2,4
Bloodrainia,ravencrest,192,hunter,marksmanship,6,2,4
Petmydog,aegwynn,192,hunter,marksmanship,6,2,4
Whitemàne,dalaran,192,hunter,marksmanship,6,2,4
Ctrlaltdel,gundrak,192,hunter,marksmanship,6,2,4
Ezari,zuljin,192,hunter,marksmanship,6,2,4
Toross,stormscale,192,hunter,marksmanship,6,2,4
Penelòpe,wyrmrest-accord,192,hunter,marksmanship,6,2,4
Bôdon,illidan,192,hunter,marksmanship,6,2,4
Zhona,moon-guard,192,hunter,marksmanship,6,2,4
Regerts,sargeras,192,hunter,marksmanship,6,2,4
Fkurrules,frostmourne,192,hunter,marksmanship,6,2,4
Huntgar,earthen-ring,192,hunter,marksmanship,6,2,4
Ïkite,zuljin,192,hunter,marksmanship,6,2,4
Ramchi,burning-blade,192,hunter,marksmanship,6,2,4
Sobala,azralon,192,hunter,marksmanship,6,2,4
Ayrana,tichondrius,192,hunter,marksmanship,6,2,4
Genom,tichondrius,192,hunter,marksmanship,6,2,4
Bvø,stormrage,192,hunter,marksmanship,6,2,4
Commonbuck,area-52,192,hunter,marksmanship,6,2,4
Huntbodom,drakkari,192,hunter,marksmanship,6,2,4
Skolzero,azralon,192,hunter,marksmanship,6,2,4
Illweedx,kiljaeden,192,hunter,marksmanship,6,2,4
Knator,area-52,192,hunter,marksmanship,6,2,4
Arantir,drakkari,192,hunter,marksmanship,6,2,4
Terapista,area-52,192,hunter,marksmanship,6,2,4
Jathriel,zuljin,192,hunter,marksmanship,6,2,4
Arbos,ragnaros,192,hunter,marksmanship,6,2,4
Tus,tichondrius,192,hunter,marksmanship,6,2,4
Thiccita,tichondrius,192,hunter,marksmanship,6,2,4
Jebote,frostmourne,192,hunter,marksmanship,6,2,4
Sergunter,area-52,192,hunter,marksmanship,6,2,4
Gangstashot,burning-legion,192,hunter,marksmanship,6,2,4
Valdevenator,illidan,192,hunter,marksmanship,6,2,4
Wartoz,dragonblight,192,hunter,marksmanship,6,2,4
Basicskills,illidan,192,hunter,marksmanship,6,2,4
Doopers,kiljaeden,192,hunter,marksmanship,6,2,4
Dikbender,tichondrius,192,hunter,marksmanship,6,2,4
Defacegg,illidan,192,hunter,marksmanship,6,2,4
Stormwardenx,turalyon,192,hunter,marksmanship,6,2,4
Bigolekack,tichondrius,192,hunter,marksmanship,6,2,4
Crownchild,illidan,192,hunter,marksmanship,6,2,4
Krazysniper,tichondrius,192,hunter,marksmanship,6,2,4
Noisetrader,illidan,192,hunter,marksmanship,6,2,4
Isitrng,aggramar,192,hunter,marksmanship,6,2,4
Beasting,moon-guard,192,hunter,marksmanship,6,2,4
Yortrox,ragnaros,192,hunter,marksmanship,6,2,4
Jaigo,stormrage,192,hunter,marksmanship,6,2,4
Muscletooth,moon-guard,192,hunter,marksmanship,6,2,4
Fleshfeast,tichondrius,192,hunter,marksmanship,6,2,4
Ðevil,ragnaros,192,hunter,marksmanship,6,2,4
Hfn,stormrage,192,hunter,marksmanship,6,2,4
Saveawp,stormrage,192,hunter,marksmanship,6,2,4
Durotar,malfurion,192,hunter,marksmanship,6,2,4
Symz,ragnaros,192,hunter,marksmanship,6,2,4
Orkemon,emerald-dream,192,hunter,marksmanship,6,2,4
Amptx,tichondrius,192,hunter,marksmanship,6,2,4
Geldyn,stormreaver,192,hunter,marksmanship,6,2,4
Valeriian,frostmourne,192,hunter,marksmanship,6,2,4
Lulafourdedo,stormrage,192,hunter,marksmanship,6,2,4
Vzeroo,emerald-dream,192,hunter,marksmanship,6,2,4
Ire,kelthuzad,192,hunter,marksmanship,6,2,4
Hárd,illidan,192,hunter,marksmanship,6,2,4
Tyraelias,kaelthas,192,hunter,marksmanship,6,2,4
Vyergulf,dragonmaw,192,hunter,marksmanship,6,2,4
Camorcaist,stormrage,192,hunter,marksmanship,6,2,4
Hynatä,ragnaros,192,hunter,marksmanship,6,2,4
Lycanthropei,illidan,192,hunter,marksmanship,6,2,4
Kïwwï,tichondrius,192,hunter,marksmanship,6,2,4
Córnell,tichondrius,192,hunter,marksmanship,6,2,4
Zeaks,emerald-dream,192,hunter,marksmanship,6,2,4
Noz,terenas,192,hunter,marksmanship,6,2,4
Percival,firetree,192,hunter,marksmanship,6,2,4
Ðecarlis,azralon,192,hunter,marksmanship,6,2,4
Seenindeaf,area-52,192,hunter,marksmanship,6,2,4
Nixuis,stormrage,192,hunter,marksmanship,6,2,4
Aimi,twisting-nether,192,hunter,marksmanship,6,2,4
Redrangerzz,daggerspine,192,hunter,marksmanship,10,3,7
Ishootz,area-52,192,hunter,marksmanship,7,2,5
Brindlë,kelthuzad,192,hunter,marksmanship,11,3,8
Kîra,stormrage,192,hunter,marksmanship,16,3,13
Dojaqat,frostmourne,192,hunter,marksmanship,12,2,10
Larts,fenris,192,hunter,marksmanship,12,2,10
Warpedshots,malganis,192,hunter,marksmanship,12,2,10
Xulag,tichondrius,192,hunter,marksmanship,12,2,10
Drathuss,lightbringer,192,hunter,marksmanship,12,2,10
Sharpzy,jubeithos,192,hunter,marksmanship,12,2,10
Zumythriel,stormrage,192,hunter,marksmanship,12,2,10
Seekem,destromath,192,hunter,marksmanship,12,2,10
Jahvekhunter,area-52,192,hunter,marksmanship,12,2,10
Sukmedik,barthilas,192,hunter,marksmanship,12,2,10
Hunterish,area-52,192,hunter,marksmanship,12,2,10
Gunnpowder,malganis,192,hunter,marksmanship,12,2,10
Findbind,altar-of-storms,192,hunter,marksmanship,12,2,10
Hatros,stormrage,192,hunter,marksmanship,12,2,10
Savageshot,daggerspine,192,hunter,marksmanship,12,2,10
Littleagu,proudmoore,192,hunter,marksmanship,12,2,10
Jmonger,runetotem,192,hunter,marksmanship,12,2,10
Killdred,bonechewer,192,hunter,marksmanship,12,2,10
Luffzy,barthilas,192,hunter,marksmanship,12,2,10
Otirrub,deathwing,192,hunter,marksmanship,12,2,10
Sevitham,dalaran,192,hunter,marksmanship,12,2,10
Eaglesx,skullcrusher,192,hunter,marksmanship,12,2,10
Shafttrapper,queldorei,192,hunter,marksmanship,12,2,10
Luvtits,bonechewer,192,hunter,marksmanship,12,2,10
Rondlor,azralon,192,hunter,marksmanship,12,2,10
Warrioress,illidan,192,hunter,marksmanship,12,2,10
Stïinck,azralon,192,hunter,marksmanship,12,2,10
Sinhunter,hakkar,192,hunter,marksmanship,18,2,16
Chinchompas,bleeding-hollow,192,hunter,marksmanship,18,2,16
Griffox,frostwolf,191,hunter,marksmanship,4,3,1
Luzdivina,agamaggan,191,hunter,marksmanship,6,2,4
Rorrnus,blackwing-lair,191,hunter,marksmanship,6,2,4
Cøpycat,dreadmaul,191,hunter,marksmanship,6,2,4
Wörg,elune,191,hunter,marksmanship,6,2,4
Airshots,bleeding-hollow,191,hunter,marksmanship,6,2,4
Donchy,proudmoore,191,hunter,marksmanship,6,2,4
Wastetext,tichondrius,191,hunter,marksmanship,6,2,4
Sylviannas,frostmourne,191,hunter,marksmanship,6,2,4
Dorg,azjolnerub,191,hunter,marksmanship,6,2,4
Hellcry,khadgar,191,hunter,marksmanship,12,2,10
Actaeom,area-52,191,hunter,marksmanship,12,2,10
Ragehunter,scilla,191,hunter,marksmanship,12,2,10
Coçador,stormrage,159,hunter,marksmanship,5,2,3
Thesloott,azshara,159,hunter,marksmanship,5,2,3
Mhyalî,moon-guard,159,hunter,marksmanship,5,2,3
Hunntard,veknilash,159,hunter,marksmanship,5,2,3
Dropitëns,nemesis,159,hunter,marksmanship,5,2,3
Clintbartun,shadowsong,159,hunter,marksmanship,5,2,3
Gonnujo,ragnaros,159,hunter,marksmanship,5,2,3
Fadek,mannoroth,159,hunter,marksmanship,11,2,9
Racoon,spinebreaker,138,hunter,marksmanship,10,4,6
Wannakill,stormrage,138,hunter,marksmanship,8,3,5
Dusle,azralon,138,hunter,marksmanship,8,3,5
Darthski,drenden,138,hunter,marksmanship,12,4,8
Pvrisxoxo,frostmourne,138,hunter,marksmanship,9,3,6
Xpyroshot,area-52,138,hunter,marksmanship,13,4,9
Zarrockk,emerald-dream,138,hunter,marksmanship,10,3,7
Gilton,blackrock,138,hunter,marksmanship,11,3,8
Winstônwolf,spinebreaker,138,hunter,marksmanship,19,4,15
Thindraa,dalaran,138,hunter,marksmanship,21,4,17
Plsnobanmee,frostmourne,137,hunter,marksmanship,9,5,4
Mookvader,illidan,128,hunter,marksmanship,4,2,2
Clütch,darkspear,128,hunter,marksmanship,4,2,2
Jjackchicken,tichondrius,128,hunter,marksmanship,4,2,2
Zenîth,caelestrasz,127,hunter,marksmanship,8,2,6
Lúthiel,azralon,127,hunter,marksmanship,8,2,6
Shootr,darkspear,96,hunter,marksmanship,3,2,1
Shiros,ragnaros,96,hunter,marksmanship,3,2,1
Ïmprîsôñ,dalaran,96,hunter,marksmanship,3,2,1
Cesz,ragnaros,96,hunter,marksmanship,3,2,1
Legoretzlas,durotan,96,hunter,marksmanship,6,1,5
Luthairian,sargeras,96,hunter,marksmanship,6,1,5
Lailyann,sargeras,96,hunter,marksmanship,6,1,5
Kritlongshot,darkspear,96,hunter,marksmanship,6,1,5
Darkarcher,hyjal,96,hunter,marksmanship,6,1,5
Ashner,illidan,96,hunter,marksmanship,6,1,5
Darksidios,quelthalas,96,hunter,marksmanship,6,1,5
Quepop,demon-soul,96,hunter,marksmanship,6,1,5
Exitwoundz,hyjal,96,hunter,marksmanship,6,1,5
Boongtokes,illidan,96,hunter,marksmanship,6,1,5
Clydebarro,sargeras,96,hunter,marksmanship,6,1,5
Delanson,barthilas,96,hunter,marksmanship,6,1,5
Consanguin,sargeras,96,hunter,marksmanship,6,1,5
Hunterkilled,quelthalas,96,hunter,marksmanship,6,1,5
Saxyhunter,moon-guard,96,hunter,marksmanship,6,1,5
Smackadoodlé,illidan,96,hunter,marksmanship,6,1,5
Arin,suramar,96,hunter,marksmanship,6,1,5
Hovahdo,proudmoore,96,hunter,marksmanship,6,1,5
Romro,norgannon,96,hunter,marksmanship,6,1,5
Gabitoqt,gallywix,96,hunter,marksmanship,6,1,5
Dalzar,darkspear,96,hunter,marksmanship,6,1,5
Vortex,arthas,96,hunter,marksmanship,6,1,5
Faceshots,tichondrius,96,hunter,marksmanship,6,1,5
Zral,dragonmaw,96,hunter,marksmanship,6,1,5
Insönnia,azralon,96,hunter,marksmanship,6,1,5
Poizon,gorefiend,96,hunter,marksmanship,6,1,5
Zirstorm,altar-of-storms,96,hunter,marksmanship,6,1,5
Hopsmatei,azralon,96,hunter,marksmanship,6,1,5
Garkia,hyjal,96,hunter,marksmanship,6,1,5
Saeculorum,azralon,96,hunter,marksmanship,6,1,5
Citizen,dragonmaw,96,hunter,marksmanship,6,1,5
Brutalhit,bonechewer,96,hunter,marksmanship,6,1,5
Woodywoods,blades-edge,96,hunter,marksmanship,6,1,5
Ruhak,windrunner,96,hunter,marksmanship,6,1,5
Teddyboy,proudmoore,96,hunter,marksmanship,6,1,5
Jerisil,draka,96,hunter,marksmanship,6,1,5
Gunwalk,azjolnerub,96,hunter,marksmanship,6,1,5
Rämbow,frostmourne,96,hunter,marksmanship,6,1,5
Cowboytroy,exodar,96,hunter,marksmanship,6,1,5
Buffcow,frostmourne,96,hunter,marksmanship,6,1,5
Elknut,sargeras,96,hunter,marksmanship,6,1,5
Nodar,quelthalas,96,hunter,marksmanship,6,1,5
Genug,tichondrius,96,hunter,marksmanship,6,1,5
Qua,perenolde,96,hunter,marksmanship,6,1,5
Desarus,archimonde,96,hunter,marksmanship,6,1,5
Slimshadie,kiljaeden,96,hunter,marksmanship,6,1,5
Yandralen,kiljaeden,96,hunter,marksmanship,6,1,5
Narukín,tichondrius,96,hunter,marksmanship,6,1,5
Wellfaír,area-52,96,hunter,marksmanship,6,1,5
Anndaria,tichondrius,96,hunter,marksmanship,6,1,5
Jumeog,stormscale,96,hunter,marksmanship,6,1,5
Bamtokki,tichondrius,96,hunter,marksmanship,6,1,5
Architect,bleeding-hollow,96,hunter,marksmanship,6,1,5
Puppyghoul,malganis,96,hunter,marksmanship,6,1,5
Traxêx,nemesis,96,hunter,marksmanship,6,1,5
Pinheira,nemesis,96,hunter,marksmanship,6,1,5
Glockrivers,sargeras,96,hunter,marksmanship,6,1,5
Fingamyquill,tichondrius,96,hunter,marksmanship,6,1,5
Wolfmastera,zuljin,96,hunter,marksmanship,6,1,5
Arrowenn,zuljin,96,hunter,marksmanship,6,1,5
Øriiøn,ragnaros,96,hunter,marksmanship,6,1,5
Ikiteforgold,zuljin,96,hunter,marksmanship,6,1,5
Barginmeal,undermine,96,hunter,marksmanship,6,1,5
Konflako,quelthalas,96,hunter,marksmanship,6,1,5
Ragerab,trollbane,96,hunter,marksmanship,6,1,5
Fawn,moon-guard,96,hunter,marksmanship,6,1,5
Shootdogg,mannoroth,96,hunter,marksmanship,6,1,5
Evemae,sargeras,96,hunter,marksmanship,6,1,5
Blloodhunter,madoran,96,hunter,marksmanship,6,1,5
Sarutovy,kelthuzad,96,hunter,marksmanship,6,1,5
Nikolov,proudmoore,96,hunter,marksmanship,6,1,5
Ellesia,saurfang,96,hunter,marksmanship,6,1,5
Coppersnout,wyrmrest-accord,96,hunter,marksmanship,6,1,5
Dragov,frostmourne,96,hunter,marksmanship,6,1,5
Hyena,kelthuzad,96,hunter,marksmanship,6,1,5
Fritzy,nazjatar,96,hunter,marksmanship,6,1,5
Levette,wyrmrest-accord,96,hunter,marksmanship,6,1,5
Ethùg,area-52,96,hunter,marksmanship,6,1,5
Ruvathir,wyrmrest-accord,96,hunter,marksmanship,6,1,5
Redic,area-52,96,hunter,marksmanship,6,1,5
Clacktar,wyrmrest-accord,96,hunter,marksmanship,6,1,5
Eternalhunt,ragnaros,96,hunter,marksmanship,6,1,5
Bowbaggins,stormrage,96,hunter,marksmanship,6,1,5
Huntbooty,mannoroth,96,hunter,marksmanship,6,1,5
Autaila,thunderlord,96,hunter,marksmanship,6,1,5
Seizedhunt,frostmourne,96,hunter,marksmanship,6,1,5
Brändöncody,stormrage,96,hunter,marksmanship,6,1,5
Kkurama,area-52,96,hunter,marksmanship,6,1,5
Nightfall,azshara,96,hunter,marksmanship,6,1,5
Shootermgavn,frostmourne,96,hunter,marksmanship,6,1,5
Maquire,tichondrius,96,hunter,marksmanship,6,1,5
Lèkïnhø,azralon,96,hunter,marksmanship,6,1,5
Samanta,blood-furnace,96,hunter,marksmanship,6,1,5
Minnervva,malganis,96,hunter,marksmanship,6,1,5
Dogtagluke,stormrage,96,hunter,marksmanship,6,1,5
Kiatus,nesingwary,96,hunter,marksmanship,6,1,5
Vladik,stormrage,96,hunter,marksmanship,6,1,5
Lemmetrap,illidan,96,hunter,marksmanship,6,1,5
Emrisa,burning-legion,96,hunter,marksmanship,6,1,5
Weecog,arygos,96,hunter,marksmanship,6,1,5
Kyxn,area-52,96,hunter,marksmanship,6,1,5
Panchovill,ragnaros,96,hunter,marksmanship,6,1,5
Staytrill,tichondrius,96,hunter,marksmanship,6,1,5
Solderboi,tichondrius,96,hunter,marksmanship,6,1,5
Terezhunt,tichondrius,96,hunter,marksmanship,6,1,5
Vilguz,illidan,96,hunter,marksmanship,6,1,5
Allerios,alleria,96,hunter,marksmanship,6,1,5
Siimmplicitz,area-52,96,hunter,marksmanship,6,1,5
Shortbow,nordrassil,96,hunter,marksmanship,6,1,5
Wínchester,stormrage,96,hunter,marksmanship,6,1,5
Biehuixin,tichondrius,96,hunter,marksmanship,6,1,5
Bigsexi,kiljaeden,96,hunter,marksmanship,6,1,5
Crazyshot,drakkari,96,hunter,marksmanship,6,1,5
Elaestel,moon-guard,96,hunter,marksmanship,6,1,5
Rensv,frostmourne,96,hunter,marksmanship,6,1,5
Teexas,frostwolf,96,hunter,marksmanship,6,1,5
Razengan,jubeithos,96,hunter,marksmanship,6,1,5
Slaughterr,kelthuzad,96,hunter,marksmanship,6,1,5
Nickaz,frostmourne,96,hunter,marksmanship,8,1,7
Böwjöbs,drakthul,96,hunter,marksmanship,9,1,8
Kofan,darkspear,96,hunter,marksmanship,12,1,11
Xalmoinmybow,illidan,96,hunter,marksmanship,12,1,11
Tarapandas,kilrogg,96,hunter,marksmanship,12,1,11
Missedshot,frostmourne,96,hunter,marksmanship,12,1,11
Windbreaker,aggramar,96,hunter,marksmanship,12,1,11
Anysia,amanthul,96,hunter,marksmanship,12,1,11
Laudion,quelthalas,96,hunter,marksmanship,12,1,11
Jacobsladder,illidan,96,hunter,marksmanship,12,1,11
Lawyernickk,thrall,96,hunter,marksmanship,12,1,11
Bophadeaz,sargeras,96,hunter,marksmanship,12,1,11
Hawneyduo,skullcrusher,96,hunter,marksmanship,12,1,11
Elvkalla,aegwynn,96,hunter,marksmanship,12,1,11
Elanor,feathermoon,96,hunter,marksmanship,18,1,17
Strixis,blood-furnace,95,hunter,marksmanship,6,1,5
Astorf,drakkari,95,hunter,marksmanship,6,1,5
Bownappetite,bleeding-hollow,79,hunter,marksmanship,5,1,4
Setbackhunt,illidan,79,hunter,marksmanship,5,1,4
Shagward,stormrage,79,hunter,marksmanship,5,1,4
Raymose,tichondrius,64,hunter,marksmanship,4,1,3
Coffetaum,illidan,64,hunter,marksmanship,4,1,3
Creatuuree,zuljin,64,hunter,marksmanship,4,1,3
Huntsmate,tichondrius,64,hunter,marksmanship,4,1,3
Nyloc,dalvengyr,64,hunter,marksmanship,4,1,3
Boyarsky,area-52,48,hunter,marksmanship,3,1,2
Killarth,quelthalas,48,hunter,marksmanship,3,1,2
Slurpdurp,the-underbog,48,hunter,marksmanship,3,1,2
Døctørmälitø,tichondrius,42,hunter,marksmanship,9,2,7
Ahncheolsoo,tichondrius,42,hunter,marksmanship,11,2,9
Musaa,tichondrius,31,hunter,marksmanship,2,1,1
Dapoosyx,tichondrius,31,hunter,marksmanship,2,1,1
Phíl,queldorei,31,hunter,marksmanship,2,1,1
Haamsuplo,tichondrius,31,hunter,marksmanship,2,1,1
Bonquiesha,area-52,2236,hunter,survival,85,57,28
Suntail,dalaran,2234,hunter,survival,124,66,58
Cndavyjones,akama,2223,hunter,survival,180,93,87
Saiiph,bleeding-hollow,2169,hunter,survival,144,74,70
Artêêzy,illidan,2168,hunter,survival,53,40,13
Cëb,stormrage,2157,hunter,survival,168,84,84
Disciple,darkspear,2152,hunter,survival,74,43,31
Skàdii,tichondrius,2142,hunter,survival,174,105,69
Kansolly,tichondrius,2133,hunter,survival,183,97,86
Buffmm,kelthuzad,2130,hunter,survival,90,46,44
Hotmuscleman,tichondrius,2127,hunter,survival,74,45,29
Capncams,emerald-dream,2120,hunter,survival,130,68,62
Missedmytrap,draenor,2119,hunter,survival,83,49,34
Covlol,illidan,2119,hunter,survival,70,38,32
Briggsx,sargeras,2105,hunter,survival,96,50,46
Cadencex,stormrage,2101,hunter,survival,141,71,70
Malukaca,azralon,2100,hunter,survival,185,92,93
Aimbotmir,zuljin,2083,hunter,survival,86,40,46
Gloomy,dark-iron,2082,hunter,survival,66,48,18
Boogiemas,akama,2082,hunter,survival,72,45,27
Pathofsexile,tichondrius,2082,hunter,survival,358,190,168
Ikiteforfood,zuljin,2069,hunter,survival,56,32,24
Legoelass,emerald-dream,2068,hunter,survival,197,109,88
Pridefulz,stormrage,2062,hunter,survival,170,85,85
Ferex,tichondrius,2051,hunter,survival,87,49,38
Xyzv,tichondrius,2050,hunter,survival,93,50,43
Seanh,stormrage,2035,hunter,survival,66,48,18
Dyucol,tichondrius,2029,hunter,survival,292,160,132
Töxic,dalaran,2015,hunter,survival,91,52,39
Djtraphouse,stormrage,2014,hunter,survival,150,76,74
Dirtysoap,sargeras,2013,hunter,survival,84,43,41
Finito,bladefist,2009,hunter,survival,340,175,165
Garfieldbb,tichondrius,2003,hunter,survival,144,70,74
Ungrella,malganis,2001,hunter,survival,81,44,37
Wmsgs,tichondrius,1998,hunter,survival,201,99,102
Endsnear,stormrage,1997,hunter,survival,178,89,89
Survchris,bleeding-hollow,1996,hunter,survival,105,56,49
Dijhoni,moon-guard,1996,hunter,survival,137,72,65
Gabiña,tichondrius,1996,hunter,survival,453,232,221
Feignqt,illidan,1992,hunter,survival,66,35,31
Noimnotokay,tichondrius,1992,hunter,survival,113,57,56
Maxiam,frostmourne,1989,hunter,survival,71,37,34
Nearly,wyrmrest-accord,1987,hunter,survival,79,40,39
Queríde,emerald-dream,1982,hunter,survival,71,50,21
Veyronnx,stormrage,1981,hunter,survival,126,71,55
Ynoit,sargeras,1974,hunter,survival,100,53,47
Budika,ragnaros,1973,hunter,survival,42,30,12
Bicmex,sargeras,1970,hunter,survival,42,29,13
Yná,nemesis,1966,hunter,survival,70,42,28
Effyh,emerald-dream,1965,hunter,survival,218,115,103
Galavant,frostmourne,1960,hunter,survival,98,52,46
Koupon,tichondrius,1958,hunter,survival,178,89,89
Cadenxr,bleeding-hollow,1953,hunter,survival,65,42,23
Aurelx,tichondrius,1950,hunter,survival,48,32,16
Hamslapper,shattered-hand,1946,hunter,survival,141,68,73
Pylorih,area-52,1941,hunter,survival,65,45,20
Otii,tichondrius,1940,hunter,survival,208,102,106
Sikhunt,frostmourne,1939,hunter,survival,60,35,25
Robotwo,illidan,1937,hunter,survival,54,36,18
Mambothehunt,stormrage,1936,hunter,survival,211,109,102
Trevyx,aegwynn,1934,hunter,survival,202,115,87
Møéÿsgïrîxø,tichondrius,1932,hunter,survival,37,23,14
Truckrsaurus,tichondrius,1931,hunter,survival,122,67,55
Pinêapplê,bleeding-hollow,1930,hunter,survival,71,38,33
Neverturtlex,tichondrius,1929,hunter,survival,42,24,18
Destrumz,zuljin,1927,hunter,survival,72,35,37
Rojpube,frostmourne,1919,hunter,survival,59,32,27
Drasen,deathwing,1918,hunter,survival,66,33,33
Dwx,bleeding-hollow,1915,hunter,survival,84,44,40
Fictìon,kelthuzad,1909,hunter,survival,64,34,30
Queride,area-52,1909,hunter,survival,96,43,53
Redhøød,moon-guard,1906,hunter,survival,75,39,36
Pokìmane,tichondrius,1904,hunter,survival,110,66,44
Runecrossbow,barthilas,1904,hunter,survival,215,107,108
Petrà,tichondrius,1901,hunter,survival,63,30,33
Ingridaniela,aegwynn,1900,hunter,survival,48,35,13
Moroally,sargeras,1900,hunter,survival,48,30,18
Ssds,sargeras,1900,hunter,survival,48,29,19
Leonilc,tichondrius,1898,hunter,survival,84,37,47
Chimeralol,area-52,1897,hunter,survival,144,89,55
Huntersmark,sargeras,1897,hunter,survival,390,205,185
Foxyhood,ragnaros,1897,hunter,survival,155,81,74
Kzmo,gnomeregan,1896,hunter,survival,35,25,10
Hwslol,tichondrius,1892,hunter,survival,202,105,97
Stinkyfob,barthilas,1888,hunter,survival,117,63,54
Lèkïnhø,azralon,1888,hunter,survival,102,49,53
Notnunca,tichondrius,1881,hunter,survival,84,43,41
Henhøuse,illidan,1879,hunter,survival,72,36,36
Shootin,frostmourne,1875,hunter,survival,78,45,33
Bergy,thrall,1873,hunter,survival,54,30,24
Nishinos,tichondrius,1868,hunter,survival,297,152,145
Jalinhabbei,azralon,1862,hunter,survival,53,28,25
Dirtysoap,tichondrius,1861,hunter,survival,63,31,32
Exhausted,blackrock,1858,hunter,survival,116,52,64
Fizzleegear,area-52,1856,hunter,survival,249,123,126
Lawyerpbj,tichondrius,1851,hunter,survival,48,24,24
Hibyexo,illidan,1849,hunter,survival,48,32,16
Buffnac,tichondrius,1848,hunter,survival,60,29,31
Glockin,zuljin,1847,hunter,survival,54,28,26
Kelarcia,moon-guard,1846,hunter,survival,65,29,36
Neonjz,ragnaros,1843,hunter,survival,126,61,65
Anisphia,tichondrius,1842,hunter,survival,340,176,164
Douggigadome,illidan,1838,hunter,survival,48,26,22
Raef,azralon,1838,hunter,survival,72,38,34
Lovethabeans,zangarmarsh,1836,hunter,survival,130,80,50
Foxwalk,nemesis,1834,hunter,survival,70,33,37
Mørødox,sargeras,1832,hunter,survival,30,23,7
Focús,laughing-skull,1828,hunter,survival,108,55,53
Gvoo,tichondrius,1827,hunter,survival,48,33,15
Goonsh,tichondrius,1826,hunter,survival,48,32,16
Mlemily,stormrage,1826,hunter,survival,47,31,16
Unicom,malganis,1826,hunter,survival,36,22,14
Kubu,emerald-dream,1826,hunter,survival,181,100,81
Éshen,illidan,1826,hunter,survival,101,53,48
Aaggros,sargeras,1825,hunter,survival,42,20,22
Bjornwald,thrall,1824,hunter,survival,410,214,196
Tyjes,stormrage,1823,hunter,survival,87,46,41
Angrybow,ragnaros,1821,hunter,survival,36,25,11
Misogynistaf,tichondrius,1821,hunter,survival,40,22,18
Warhog,wyrmrest-accord,1820,hunter,survival,127,74,53
Thoromel,wyrmrest-accord,1820,hunter,survival,66,33,33
Toozz,frostmourne,1819,hunter,survival,42,26,16
Carnidon,area-52,1818,hunter,survival,247,125,122
Kimchishotxo,tichondrius,1817,hunter,survival,47,25,22
Alphaqt,dethecus,1816,hunter,survival,48,27,21
Savagerko,illidan,1816,hunter,survival,75,42,33
Kisuke,khaz-modan,1815,hunter,survival,54,34,20
Hawkem,illidan,1815,hunter,survival,48,28,20
Arcobaleno,tichondrius,1814,hunter,survival,72,35,37
Crypy,illidan,1813,hunter,survival,63,35,28
Terapista,area-52,1813,hunter,survival,90,45,45
Leaku,illidan,1810,hunter,survival,64,41,23
Axezul,tichondrius,1810,hunter,survival,90,52,38
Joón,moon-guard,1808,hunter,survival,43,26,17
Jagaerz,emerald-dream,1808,hunter,survival,42,23,19
Frêäkk,ragnaros,1807,hunter,survival,57,32,25
Krømatik,tichondrius,1807,hunter,survival,42,23,19
Adjusted,frostmourne,1802,hunter,survival,36,21,15
Trapstar,aggramar,1802,hunter,survival,69,40,29
Yip,moon-guard,1802,hunter,survival,71,34,37
Ratonh,ragnaros,1801,hunter,survival,156,88,68
Saltstream,tichondrius,1801,hunter,survival,132,60,72
Huntmon,nemesis,1800,hunter,survival,48,31,17
Yiyixx,tichondrius,1798,hunter,survival,36,19,17
Sartel,tichondrius,1794,hunter,survival,244,123,121
Xtralitê,tichondrius,1791,hunter,survival,83,58,25
Caiodluffy,malganis,1791,hunter,survival,78,41,37
Emart,bloodhoof,1790,hunter,survival,75,33,42
Wvwvwvwvwvww,stormrage,1789,hunter,survival,48,27,21
Lenacraft,frostmourne,1789,hunter,survival,66,36,30
Sylvanne,sargeras,1789,hunter,survival,63,32,31
Ordius,azralon,1788,hunter,survival,75,38,37
Concur,frostmourne,1785,hunter,survival,144,74,70
Kensho,illidan,1784,hunter,survival,85,39,46
Pivott,wyrmrest-accord,1782,hunter,survival,328,176,152
Percival,firetree,1782,hunter,survival,54,27,27
Trappah,stormrage,1780,hunter,survival,48,30,18
Chiline,frostmourne,1778,hunter,survival,60,29,31
Yolloswag,tichondrius,1776,hunter,survival,230,126,104
Plainrain,tichondrius,1773,hunter,survival,83,50,33
Sniffler,barthilas,1772,hunter,survival,42,19,23
Trapgodxo,moon-guard,1768,hunter,survival,39,26,13
Acres,emerald-dream,1765,hunter,survival,66,32,34
Pathed,azralon,1761,hunter,survival,54,31,23
Woriath,quelthalas,1761,hunter,survival,96,50,46
Tøkÿöghøül,agamaggan,1757,hunter,survival,42,26,16
Irishredd,undermine,1756,hunter,survival,38,24,14
Trapula,tichondrius,1756,hunter,survival,90,47,43
Poston,ragnaros,1754,hunter,survival,183,93,90
Sensator,barthilas,1753,hunter,survival,58,33,25
Vlf,tichondrius,1753,hunter,survival,60,30,30
Eref,sargeras,1753,hunter,survival,48,21,27
Rûff,azralon,1751,hunter,survival,84,47,37
Jîñßæçhïñæ,sargeras,1745,hunter,survival,72,30,42
Vigon,stormrage,1743,hunter,survival,171,93,78
Dazarrow,burning-blade,1741,hunter,survival,69,31,38
Bbaronsamedi,darkspear,1738,hunter,survival,57,30,27
Austelos,moon-guard,1736,hunter,survival,41,24,17
Knewbee,emerald-dream,1736,hunter,survival,93,51,42
Maran,chogall,1735,hunter,survival,42,28,14
Fancyxo,frostmourne,1735,hunter,survival,36,19,17
Inktray,durotan,1730,hunter,survival,36,23,13
Sobit,tichondrius,1728,hunter,survival,48,25,23
Peppancini,wyrmrest-accord,1725,hunter,survival,53,34,19
Huntardzz,area-52,1721,hunter,survival,62,48,14
Jetskixoxo,sargeras,1720,hunter,survival,30,18,12
Svhunt,frostmourne,1719,hunter,survival,49,25,24
Darkshady,tichondrius,1718,hunter,survival,30,18,12
Krouno,ragnaros,1716,hunter,survival,78,42,36
Buttercocoa,kelthuzad,1712,hunter,survival,36,18,18
Kaldrool,frostmourne,1712,hunter,survival,58,27,31
Køjo,emerald-dream,1711,hunter,survival,88,54,34
Stevemonday,stormrage,1711,hunter,survival,96,53,43
Blackdevil,magtheridon,1711,hunter,survival,67,35,32
Yeahimsad,tichondrius,1709,hunter,survival,24,18,6
Viólenc,tichondrius,1708,hunter,survival,54,29,25
Róckzero,quelthalas,1708,hunter,survival,211,105,106
Názzul,area-52,1705,hunter,survival,30,18,12
Henroyer,quelthalas,1705,hunter,survival,54,32,22
Violenc,tichondrius,1704,hunter,survival,42,22,20
Moartraps,zuljin,1703,hunter,survival,48,30,18
Partz,darkspear,1702,hunter,survival,56,35,21
Javlinz,thrall,1701,hunter,survival,44,20,24
Samcro,rivendare,1700,hunter,survival,65,33,32
Iol,blades-edge,1699,hunter,survival,134,68,66
Toxarch,aggramar,1698,hunter,survival,48,26,22
Spinze,stormrage,1697,hunter,survival,35,23,12
Iyne,stormrage,1693,hunter,survival,42,28,14
Ælij,tichondrius,1692,hunter,survival,42,26,16
Sharkzooka,illidan,1692,hunter,survival,59,22,37
Gnarwallz,stormrage,1691,hunter,survival,60,32,28
Táká,quelthalas,1689,hunter,survival,60,38,22
Noxtis,kiljaeden,1689,hunter,survival,36,18,18
Arrów,duskwood,1688,hunter,survival,36,18,18
Jerusa,illidan,1686,hunter,survival,37,24,13
Scytsbow,illidan,1684,hunter,survival,66,34,32
Budgetben,stormrage,1682,hunter,survival,33,19,14
Blåker,bleeding-hollow,1682,hunter,survival,96,49,47
Saelym,arthas,1682,hunter,survival,54,23,31
Lovevv,frostmourne,1679,hunter,survival,30,20,10
Nussyo,tichondrius,1679,hunter,survival,60,29,31
Twodoobies,ghostlands,1678,hunter,survival,48,27,21
Grandpopjim,illidan,1678,hunter,survival,36,20,16
Mxabyycc,tichondrius,1675,hunter,survival,66,38,28
Mckennagrace,tichondrius,1672,hunter,survival,66,39,27
Wingclippin,stormrage,1672,hunter,survival,42,23,19
Envoltorio,ragnaros,1672,hunter,survival,78,40,38
Shablagoosh,zuljin,1672,hunter,survival,45,23,22
Huntardadoo,nemesis,1671,hunter,survival,57,25,32
Arsk,ragnaros,1670,hunter,survival,45,19,26
Asarden,jubeithos,1667,hunter,survival,102,57,45
Sclum,tichondrius,1666,hunter,survival,41,26,15
Interleukin,frostwolf,1664,hunter,survival,244,132,112
Fälke,stormrage,1662,hunter,survival,54,30,24
Orgpopeyes,illidan,1662,hunter,survival,84,44,40
Fleche,aggramar,1658,hunter,survival,30,20,10
Diebleeding,ragnaros,1656,hunter,survival,35,18,17
Limpingspoon,kelthuzad,1654,hunter,survival,172,95,77
Downer,antonidas,1653,hunter,survival,95,51,44
Ganemdar,sargeras,1653,hunter,survival,57,22,35
Bolognã,tichondrius,1651,hunter,survival,51,25,26
Prêd,malganis,1648,hunter,survival,40,24,16
Ajacs,zuljin,1647,hunter,survival,35,24,11
Undien,area-52,1647,hunter,survival,60,35,25
Ryukotsu,tichondrius,1647,hunter,survival,85,39,46
Survïvalïst,bleeding-hollow,1643,hunter,survival,35,21,14
Krøww,azralon,1642,hunter,survival,39,22,17
Rvn,kelthuzad,1641,hunter,survival,36,20,16
Lahinch,darkspear,1641,hunter,survival,57,29,28
Ripsurvival,area-52,1640,hunter,survival,76,45,31
Bendotexe,stormrage,1638,hunter,survival,36,21,15
Zêrø,moon-guard,1635,hunter,survival,52,29,23
Yandralen,kiljaeden,1634,hunter,survival,95,59,36
Covloltrap,illidan,1633,hunter,survival,24,21,3
Vinnieone,kiljaeden,1633,hunter,survival,36,26,10
Vhelkan,senjin,1632,hunter,survival,42,26,16
Gigabigly,wyrmrest-accord,1630,hunter,survival,24,17,7
Ÿöskë,tichondrius,1629,hunter,survival,30,17,13
Rezkiin,tichondrius,1629,hunter,survival,42,23,19
Nandorius,proudmoore,1628,hunter,survival,90,45,45
Puffcopeak,illidan,1627,hunter,survival,78,46,32
Nimeer,tichondrius,1627,hunter,survival,91,49,42
Schurk,illidan,1627,hunter,survival,156,83,73
Soyos,sargeras,1627,hunter,survival,185,96,89
Nightarrows,area-52,1626,hunter,survival,41,24,17
Drifting,bleeding-hollow,1626,hunter,survival,77,45,32
Hazzeth,thrall,1625,hunter,survival,30,19,11
Kukulkan,haomarush,1625,hunter,survival,150,81,69
Reeiko,ragnaros,1624,hunter,survival,66,36,30
Kaitoo,tichondrius,1624,hunter,survival,89,47,42
Bigbillx,tichondrius,1623,hunter,survival,30,17,13
Shakeasaurus,sargeras,1622,hunter,survival,42,20,22
Gufanyaun,tichondrius,1621,hunter,survival,24,17,7
Piñg,tichondrius,1621,hunter,survival,30,18,12
Viòlenc,tichondrius,1621,hunter,survival,41,24,17
Altarare,ragnaros,1621,hunter,survival,332,168,164
Wingclipt,stormrage,1619,hunter,survival,41,17,24
Clawdio,ragnaros,1618,hunter,survival,126,65,61
Shinhyez,tichondrius,1618,hunter,survival,42,21,21
Scythedom,tichondrius,1616,hunter,survival,30,17,13
Awârz,drakkari,1615,hunter,survival,44,27,17
Ryohlin,sargeras,1615,hunter,survival,99,57,42
Venoc,bleeding-hollow,1615,hunter,survival,48,24,24
Zanira,stormrage,1614,hunter,survival,60,35,25
Cuddlestomp,magtheridon,1614,hunter,survival,46,24,22
Violénc,tichondrius,1612,hunter,survival,52,23,29
Shtealo,ragnaros,1611,hunter,survival,104,59,45
Titanaxis,tichondrius,1608,hunter,survival,346,178,168
Scourgesurge,kiljaeden,1607,hunter,survival,60,39,21
Vindication,ysera,1607,hunter,survival,61,34,27
Fabfilter,tichondrius,1606,hunter,survival,52,28,24
Voodoohunter,blood-furnace,1603,hunter,survival,60,34,26
Nicochan,senjin,1603,hunter,survival,76,34,42
Cybella,darkspear,1602,hunter,survival,77,39,38
Adobo,garona,1600,hunter,survival,30,21,9
Zakorai,thrall,1600,hunter,survival,146,85,61
Imapacifist,barthilas,1600,hunter,survival,69,37,32
Huntranger,malganis,1599,hunter,survival,83,45,38
Emostrings,tichondrius,1598,hunter,survival,34,20,14
Apokryph,stormrage,1595,hunter,survival,94,65,29
Xebbec,sargeras,1595,hunter,survival,92,50,42
Mckim,tichondrius,1595,hunter,survival,47,23,24
Braindeadorc,illidan,1593,hunter,survival,66,40,26
Huntingjutsu,kelthuzad,1593,hunter,survival,131,73,58
Hillside,frostmourne,1590,hunter,survival,62,39,23
Giraffetrap,zuljin,1588,hunter,survival,24,17,7
Keelif,arthas,1588,hunter,survival,29,17,12
Stylebende,tichondrius,1588,hunter,survival,42,22,20
Noxickk,sargeras,1587,hunter,survival,30,19,11
Clampula,sargeras,1586,hunter,survival,36,20,16
Fuzzypjs,stormrage,1585,hunter,survival,65,43,22
Squeakerx,sargeras,1585,hunter,survival,29,19,10
Mmx,whisperwind,1585,hunter,survival,103,57,46
Liekis,darkspear,1585,hunter,survival,66,27,39
Swordshot,moon-guard,1584,hunter,survival,139,69,70
Wildoldman,stormrage,1583,hunter,survival,24,17,7
Jésús,dalaran,1581,hunter,survival,33,17,16
Dju,stormrage,1580,hunter,survival,78,33,45
Xtina,drakkari,1577,hunter,survival,71,40,31
Helïos,drakkari,1577,hunter,survival,84,45,39
Randël,nemesis,1576,hunter,survival,77,43,34
Darkvicious,area-52,1574,hunter,survival,65,35,30
Lëvix,illidan,1572,hunter,survival,42,25,17
Faniquitinha,stormrage,1571,hunter,survival,31,21,10
Nigthunt,quelthalas,1571,hunter,survival,119,66,53
Snowynightt,proudmoore,1570,hunter,survival,230,111,119
Legalt,tichondrius,1569,hunter,survival,86,46,40
Triplethreat,bleeding-hollow,1569,hunter,survival,104,55,49
Freebeë,area-52,1568,hunter,survival,48,26,22
Fkurrules,frostmourne,1568,hunter,survival,115,61,54
Ickstab,illidan,1566,hunter,survival,30,18,12
Drezzial,illidan,1566,hunter,survival,57,29,28
Stepzback,malganis,1560,hunter,survival,36,19,17
Mfjl,tichondrius,1559,hunter,survival,104,56,48
Bambii,fizzcrank,1557,hunter,survival,103,55,48
Réxon,quelthalas,1555,hunter,survival,117,53,64
Lfg,bleeding-hollow,1553,hunter,survival,53,31,22
Uhm,laughing-skull,1553,hunter,survival,118,63,55
Tharoks,tichondrius,1553,hunter,survival,72,38,34
Kimbaa,tichondrius,1553,hunter,survival,83,41,42
Arazian,stormrage,1550,hunter,survival,58,31,27
Hildebald,moon-guard,1549,hunter,survival,64,37,27
Tumerok,barthilas,1549,hunter,survival,36,17,19
Rhyzen,drenden,1546,hunter,survival,41,23,18
Kalhistra,stormrage,1545,hunter,survival,36,23,13
Demtings,dark-iron,1545,hunter,survival,50,21,29
Aheefeog,proudmoore,1543,hunter,survival,42,24,18
Dephobius,azralon,1540,hunter,survival,71,37,34
Bigiesmalls,moon-guard,1539,hunter,survival,96,48,48
Trapdaddyx,thrall,1534,hunter,survival,24,16,8
Ajira,stormrage,1534,hunter,survival,69,38,31
Aeht,illidan,1534,hunter,survival,71,32,39
Søapbubble,tichondrius,1533,hunter,survival,65,38,27
Killshøtß,tichondrius,1532,hunter,survival,114,54,60
Kuzar,thrall,1530,hunter,survival,30,16,14
Jarhar,nesingwary,1529,hunter,survival,132,66,66
Hollymarie,nazjatar,1528,hunter,survival,29,22,7
Viiu,sargeras,1528,hunter,survival,24,16,8
Åî,tichondrius,1528,hunter,survival,80,45,35
Fancyox,frostmourne,1527,hunter,survival,24,16,8
Arrowmatic,frostmourne,1527,hunter,survival,24,16,8
Seanpennis,barthilas,1527,hunter,survival,30,16,14
Exh,tichondrius,1527,hunter,survival,107,52,55
Civvo,dalaran,1525,hunter,survival,122,65,57
Berenal,moon-guard,1525,hunter,survival,162,77,85
Pedropete,barthilas,1525,hunter,survival,72,28,44
Sativ,moknathal,1524,hunter,survival,54,27,27
Offensive,dragonmaw,1523,hunter,survival,61,34,27
Opsi,ragnaros,1522,hunter,survival,82,39,43
Dorkins,azralon,1521,hunter,survival,75,35,40
Equilibrium,tol-barad,1520,hunter,survival,216,110,106
Firskin,frostmourne,1520,hunter,survival,34,17,17
Meowtard,kaelthas,1520,hunter,survival,66,31,35
That,tichondrius,1518,hunter,survival,81,40,41
Trumpmerica,illidan,1518,hunter,survival,64,24,40
Ifoxs,bleeding-hollow,1517,hunter,survival,30,16,14
Brewster,burning-legion,1517,hunter,survival,30,16,14
Ronnïn,proudmoore,1517,hunter,survival,42,21,21
Vilguz,illidan,1516,hunter,survival,119,62,57
Prv,stormrage,1514,hunter,survival,42,25,17
Ceejaee,tichondrius,1511,hunter,survival,66,31,35
Mateko,amanthul,1510,hunter,survival,74,35,39
Woeisyou,stormrage,1509,hunter,survival,78,39,39
Anêmos,ragnaros,1508,hunter,survival,30,16,14
Dirtypolee,bleeding-hollow,1508,hunter,survival,141,71,70
Xenonviper,bleeding-hollow,1508,hunter,survival,138,68,70
Jaggeroi,thrall,1508,hunter,survival,40,17,23
Grizzlydeath,stormrage,1505,hunter,survival,84,51,33
Kekkww,hyjal,1504,hunter,survival,64,30,34
Jubulba,frostwolf,1502,hunter,survival,24,16,8
Alpacxpress,stormrage,1500,hunter,survival,73,36,37
Met,dentarg,1497,hunter,survival,68,33,35
Pfizershot,tichondrius,1496,hunter,survival,54,28,26
Fâmôûs,tichondrius,1495,hunter,survival,36,19,17
Dooper,malfurion,1494,hunter,survival,129,61,68
Gilæd,kelthuzad,1493,hunter,survival,41,21,20
Spromix,ragnaros,1490,hunter,survival,45,24,21
Dogwoöd,emerald-dream,1488,hunter,survival,30,16,14
Otternaught,tichondrius,1486,hunter,survival,42,28,14
Contrack,zuljin,1486,hunter,survival,31,17,14
Evilfury,tichondrius,1486,hunter,survival,294,148,146
Trap,vashj,1485,hunter,survival,42,23,19
Liñcoln,sargeras,1485,hunter,survival,39,20,19
Carnosynn,sargeras,1484,hunter,survival,30,19,11
Kurnos,hyjal,1484,hunter,survival,64,36,28
Spitballa,emerald-dream,1484,hunter,survival,58,27,31
Kyoü,drakkari,1483,hunter,survival,82,51,31
Ropivacaine,illidan,1479,hunter,survival,36,17,19
Fangtreason,sargeras,1478,hunter,survival,42,22,20
Shooting,sargeras,1478,hunter,survival,129,65,64
Elmoon,zuljin,1478,hunter,survival,42,21,21
Rooman,ragnaros,1477,hunter,survival,48,24,24
Huntasaurus,saurfang,1477,hunter,survival,89,41,48
Seratoninx,malganis,1475,hunter,survival,35,18,17
Lyler,tichondrius,1474,hunter,survival,63,33,30
Kaiholeo,tichondrius,1473,hunter,survival,36,21,15
Holbrook,greymane,1469,hunter,survival,95,49,46
Rúdrá,area-52,1468,hunter,survival,145,76,69
Eliandriss,quelthalas,1468,hunter,survival,70,33,37
Fallacies,moon-guard,1466,hunter,survival,247,128,119
Buggyhuntz,stormrage,1466,hunter,survival,74,38,36
Daxar,ragnaros,1465,hunter,survival,48,22,26
Wharble,illidan,1464,hunter,survival,72,37,35
Dotaace,emerald-dream,1464,hunter,survival,61,30,31
Volkr,bleeding-hollow,1460,hunter,survival,108,55,53
Alby,deathwing,1459,hunter,survival,67,33,34
Kaawhii,stormrage,1457,hunter,survival,24,18,6
Vanthel,ragnaros,1456,hunter,survival,99,53,46
Huntardxo,moon-guard,1456,hunter,survival,75,37,38
Luangg,tichondrius,1456,hunter,survival,44,18,26
Darkarrow,hyjal,1455,hunter,survival,73,41,32
Hrywnn,azralon,1455,hunter,survival,252,130,122
Lilgayjared,kelthuzad,1454,hunter,survival,128,68,60
Skyland,tichondrius,1454,hunter,survival,138,65,73
Shadeckz,stormrage,1451,hunter,survival,80,36,44
Darkèlfo,azralon,1444,hunter,survival,91,51,40
Swinky,tichondrius,1443,hunter,survival,28,17,11
Kenjipoo,tichondrius,1443,hunter,survival,66,30,36
Aniraza,ragnaros,1439,hunter,survival,39,22,17
Mayamia,ragnaros,1439,hunter,survival,90,43,47
Tejodite,thrall,1438,hunter,survival,48,24,24
Gunicks,illidan,1438,hunter,survival,30,15,15
Rimjobranger,bleeding-hollow,1433,hunter,survival,48,23,25
Elccid,tichondrius,1432,hunter,survival,24,15,9
Vhan,azralon,1426,hunter,survival,172,93,79
Drunknachos,bleeding-hollow,1426,hunter,survival,30,15,15
Ivansotes,quelthalas,1426,hunter,survival,45,22,23
Dversive,nagrand,1423,hunter,survival,39,19,20
Crongar,magtheridon,1423,hunter,survival,48,22,26
Henesis,sargeras,1421,hunter,survival,54,28,26
Anaebody,stormrage,1420,hunter,survival,24,16,8
Rirand,dalaran,1419,hunter,survival,71,36,35
Wrathofexwif,proudmoore,1418,hunter,survival,60,36,24
Platonium,stormrage,1418,hunter,survival,50,29,21
Soulwarden,haomarush,1417,hunter,survival,36,17,19
Petmychode,illidan,1414,hunter,survival,24,15,9
Slimshadie,kiljaeden,1414,hunter,survival,30,15,15
Sarvaxagar,tichondrius,1414,hunter,survival,30,15,15
Krimzus,hyjal,1414,hunter,survival,71,35,36
Moistbooger,emerald-dream,1411,hunter,survival,42,26,16
Snoopinator,malganis,1411,hunter,survival,54,23,31
Arcos,emerald-dream,1409,hunter,survival,30,19,11
Shytshot,dalaran,1407,hunter,survival,109,54,55
Hankjr,thunderlord,1406,hunter,survival,185,103,82
Weedhoof,barthilas,1406,hunter,survival,66,36,30
Soukken,ragnaros,1406,hunter,survival,42,20,22
Jawbreakër,tichondrius,1405,hunter,survival,56,27,29
Nippoc,aerie-peak,1404,hunter,survival,24,17,7
Ogamì,aegwynn,1404,hunter,survival,46,28,18
Gadorim,kelthuzad,1404,hunter,survival,193,91,102
Viró,sargeras,1401,hunter,survival,39,21,18
Htniss,tichondrius,1401,hunter,survival,60,28,32
Sukr,korgath,1400,hunter,survival,154,75,79
Sufutih,proudmoore,1400,hunter,survival,95,45,50
Pablita,drakkari,1399,hunter,survival,30,19,11
Animityx,illidan,1398,hunter,survival,57,29,28
Axxax,azralon,1396,hunter,survival,30,16,14
Pdg,ragnaros,1394,hunter,survival,78,42,36
Gildthorn,frostmourne,1394,hunter,survival,60,31,29
Xuxoo,nemesis,1391,hunter,survival,36,19,17
Rayuwa,azralon,1391,hunter,survival,157,77,80
Mopgodxqt,nemesis,1390,hunter,survival,57,33,24
Junglepaw,moon-guard,1389,hunter,survival,84,42,42
Ophois,lightbringer,1389,hunter,survival,114,50,64
Azx,tichondrius,1389,hunter,survival,60,25,35
Gichiwalrus,emerald-dream,1387,hunter,survival,108,59,49
Zänich,tichondrius,1387,hunter,survival,36,18,18
Dudemanyeah,black-dragonflight,1386,hunter,survival,148,70,78
Kukulkán,muradin,1385,hunter,survival,40,18,22
Sliturthroat,barthilas,1385,hunter,survival,57,25,32
Mookvader,illidan,1382,hunter,survival,48,23,25
Bowjoby,kelthuzad,1382,hunter,survival,40,18,22
Tuohnosaj,sargeras,1381,hunter,survival,162,76,86
Haemøphilus,area-52,1380,hunter,survival,45,22,23
Toross,stormscale,1379,hunter,survival,73,29,44
Casadega,sargeras,1377,hunter,survival,34,20,14
Ryonel,moon-guard,1375,hunter,survival,197,98,99
Core,gorefiend,1373,hunter,survival,69,30,39
Thalrae,quelthalas,1371,hunter,survival,130,65,65
Stoleurgurl,sargeras,1370,hunter,survival,60,27,33
Figurinet,sargeras,1369,hunter,survival,30,19,11
Killconfirm,sargeras,1369,hunter,survival,59,24,35
Hunterdemond,ragnaros,1368,hunter,survival,119,57,62
Pokeahuntasz,frostmourne,1367,hunter,survival,42,24,18
Navagee,tichondrius,1367,hunter,survival,59,31,28
Wìllòw,khazgoroth,1365,hunter,survival,80,40,40
Dreebizz,gorefiend,1365,hunter,survival,134,66,68
Kula,haomarush,1362,hunter,survival,67,30,37
Hawkethorn,moon-guard,1361,hunter,survival,98,44,54
Wetpeach,frostmourne,1357,hunter,survival,58,29,29
Audiofly,tichondrius,1356,hunter,survival,135,71,64
Gunka,illidan,1349,hunter,survival,35,17,18
Xfo,bleeding-hollow,1346,hunter,survival,42,25,17
Joeexotíc,moknathal,1344,hunter,survival,30,16,14
Sarqis,lightbringer,1344,hunter,survival,36,17,19
Lamerpvp,tichondrius,1343,hunter,survival,18,14,4
Zizzo,eonar,1343,hunter,survival,60,29,31
Vogtfog,tichondrius,1343,hunter,survival,36,17,19
Raiku,aggramar,1342,hunter,survival,54,23,31
ßløømtøðèáth,shadow-council,1341,hunter,survival,24,14,10
Adroi,tichondrius,1341,hunter,survival,36,14,22
Fìebs,queldorei,1340,hunter,survival,59,27,32
Champjones,senjin,1339,hunter,survival,24,14,10
Jollycraze,spirestone,1337,hunter,survival,18,14,4
Ariran,illidan,1336,hunter,survival,42,20,22
Crissy,crushridge,1335,hunter,survival,58,31,27
Riivali,quelthalas,1335,hunter,survival,102,50,52
Jyñ,malganis,1335,hunter,survival,36,15,21
Sniperælite,korgath,1335,hunter,survival,36,14,22
Åpe,illidan,1334,hunter,survival,24,14,10
Quepop,demon-soul,1334,hunter,survival,72,37,35
Clinteastwoo,ragnaros,1334,hunter,survival,30,14,16
Exxonerous,sargeras,1333,hunter,survival,108,52,56
Noguns,tichondrius,1333,hunter,survival,30,14,16
Mihall,tichondrius,1332,hunter,survival,24,14,10
Bowzørx,tichondrius,1331,hunter,survival,30,14,16
Lavo,borean-tundra,1328,hunter,survival,48,19,29
Madhuntter,azralon,1323,hunter,survival,30,14,16
Myrfes,ragnaros,1320,hunter,survival,66,28,38
Bubblesh,whisperwind,1317,hunter,survival,60,33,27
Taiberianrex,khazgoroth,1317,hunter,survival,96,51,45
Cocobread,stormreaver,1315,hunter,survival,102,43,59
Chiad,kargath,1313,hunter,survival,42,25,17
Luckboy,tichondrius,1313,hunter,survival,207,102,105
Bigsexi,kiljaeden,1312,hunter,survival,79,35,44
Éygon,sargeras,1311,hunter,survival,39,17,22
Mypeach,frostmourne,1310,hunter,survival,66,33,33
Rogaldornn,thrall,1307,hunter,survival,53,26,27
Kelx,azralon,1306,hunter,survival,102,48,54
Draban,stormrage,1305,hunter,survival,30,14,16
Dakti,tichondrius,1305,hunter,survival,96,41,55
Lorethor,kaelthas,1305,hunter,survival,42,17,25
Yesthyra,sargeras,1301,hunter,survival,30,14,16
Inheart,khazgoroth,1299,hunter,survival,96,42,54
Yory,tol-barad,1296,hunter,survival,36,16,20
Bredys,quelthalas,1295,hunter,survival,42,15,27
Rykbad,area-52,1293,hunter,survival,55,31,24
Xitara,stormrage,1293,hunter,survival,32,16,16
Cvelian,tichondrius,1293,hunter,survival,60,23,37
Bangerzx,stormrage,1289,hunter,survival,50,27,23
Xochiquetzal,jubeithos,1288,hunter,survival,24,18,6
Bleedwish,tichondrius,1288,hunter,survival,23,14,9
Hovahdo,proudmoore,1287,hunter,survival,35,14,21
Cuervostreet,ragnaros,1284,hunter,survival,130,62,68
Extremis,emerald-dream,1281,hunter,survival,148,71,77
Lashga,wyrmrest-accord,1279,hunter,survival,45,17,28
Zorht,ragnaros,1277,hunter,survival,236,117,119
Vongard,wyrmrest-accord,1277,hunter,survival,52,24,28
Ashtron,trollbane,1274,hunter,survival,36,15,21
Gxswow,tichondrius,1268,hunter,survival,66,30,36
Laurett,ragnaros,1253,hunter,survival,39,19,20
Boomadiseone,malganis,1247,hunter,survival,18,13,5
Honorola,twisting-nether,1247,hunter,survival,18,13,5
Duckpow,frostmourne,1247,hunter,survival,60,24,36
Akigga,arthas,1246,hunter,survival,42,24,18
Nanotorque,moon-guard,1242,hunter,survival,102,52,50
Bicflop,azralon,1241,hunter,survival,18,13,5
Ganderion,sargeras,1240,hunter,survival,27,14,13
Ghuntcassh,quelthalas,1239,hunter,survival,48,26,22
Nowê,azralon,1239,hunter,survival,36,15,21
Ariädne,sargeras,1239,hunter,survival,72,27,45
Deerhunt,black-dragonflight,1235,hunter,survival,24,13,11
Najmoira,area-52,1234,hunter,survival,30,15,15
Obsididan,aerie-peak,1234,hunter,survival,30,14,16
Mameikilled,saurfang,1233,hunter,survival,18,13,5
Jaykwan,boulderfist,1233,hunter,survival,35,14,21
Turquesaa,wyrmrest-accord,1232,hunter,survival,36,18,18
Sealteamrick,frostmourne,1231,hunter,survival,30,15,15
Natsai,illidan,1227,hunter,survival,78,36,42
Malikyr,moon-guard,1225,hunter,survival,46,18,28
Littlechooch,illidan,1222,hunter,survival,24,13,11
Nucleosome,stormrage,1219,hunter,survival,24,13,11
Cufless,proudmoore,1204,hunter,survival,36,13,23
Arkeryn,azralon,1203,hunter,survival,18,13,5
Firesail,kelthuzad,1199,hunter,survival,79,36,43
Zerkie,area-52,1191,hunter,survival,46,16,30
Rensv,frostmourne,1190,hunter,survival,56,30,26
Rairin,tichondrius,1190,hunter,survival,47,20,27
Pastelitoz,tichondrius,1190,hunter,survival,67,26,41
Tinsho,drakkari,1187,hunter,survival,72,35,37
Superiorkill,arathor,1177,hunter,survival,37,15,22
Grayrat,trollbane,1176,hunter,survival,36,17,19
Villainshunt,stormrage,1170,hunter,survival,41,17,24
Allahakbar,ragnaros,1169,hunter,survival,36,15,21
Gruì,malganis,1168,hunter,survival,26,13,13
Félíx,ragnaros,1168,hunter,survival,56,25,31
Joskyia,drenden,1167,hunter,survival,42,23,19
Travail,illidan,1163,hunter,survival,24,17,7
Banai,the-underbog,1163,hunter,survival,79,32,47
Trapordie,stormrage,1162,hunter,survival,30,13,17
Daymanaahh,malfurion,1159,hunter,survival,56,24,32
Eforas,ragnaros,1155,hunter,survival,30,13,17
Mokuraak,emerald-dream,1154,hunter,survival,42,20,22
Yøske,tichondrius,1152,hunter,survival,18,12,6
Covlolzz,illidan,1152,hunter,survival,30,12,18
Çrowe,tichondrius,1151,hunter,survival,18,12,6
Musculate,firetree,1151,hunter,survival,24,12,12
Broskina,stormrage,1150,hunter,survival,24,12,12
Crimsoncoast,tichondrius,1149,hunter,survival,18,12,6
Barnbougle,sargeras,1149,hunter,survival,24,12,12
Ðfac,moon-guard,1149,hunter,survival,24,12,12
Quietqt,ragnaros,1148,hunter,survival,24,12,12
Imbrokenlol,kiljaeden,1148,hunter,survival,30,12,18
Uzixo,tichondrius,1147,hunter,survival,24,12,12
Gorgrokk,area-52,1147,hunter,survival,24,12,12
Expskippy,darkspear,1146,hunter,survival,55,34,21
Arigon,frostmane,1144,hunter,survival,24,12,12
Oattes,daggerspine,1144,hunter,survival,30,12,18
Phasm,ravencrest,1141,hunter,survival,36,18,18
Leftty,illidan,1140,hunter,survival,30,12,18
Lovoo,sargeras,1138,hunter,survival,18,12,6
Chopsley,feathermoon,1136,hunter,survival,71,30,41
Rokimi,muradin,1129,hunter,survival,24,12,12
Ligerjin,ragnaros,1122,hunter,survival,30,12,18
Laralodge,stormrage,1121,hunter,survival,90,37,53
Eastera,tichondrius,1119,hunter,survival,68,30,38
Skriill,tichondrius,1119,hunter,survival,78,32,46
Rayhuntard,tichondrius,1115,hunter,survival,23,12,11
Emiri,dalaran,1112,hunter,survival,78,31,47
Abdias,ragnaros,1104,hunter,survival,84,35,49
Chicall,kalecgos,1096,hunter,survival,31,13,18
Vansatih,azralon,1085,hunter,survival,223,120,103
Kaïmsael,kelthuzad,1081,hunter,survival,185,99,86
Acidhunt,tichondrius,1080,hunter,survival,34,12,22
Drtapdatass,mannoroth,1074,hunter,survival,36,13,23
Lesseneth,aegwynn,1072,hunter,survival,48,20,28
Zhafiro,drakkari,1069,hunter,survival,54,30,24
Eskii,moon-guard,1059,hunter,survival,54,28,26
Kalgorn,emerald-dream,1059,hunter,survival,34,16,18
Summerdope,aggramar,1056,hunter,survival,18,11,7
Cptx,kelthuzad,1056,hunter,survival,18,11,7
Anooß,tichondrius,1056,hunter,survival,21,12,9
Hunterguyy,tichondrius,1055,hunter,survival,18,11,7
Nevertraps,frostmourne,1055,hunter,survival,18,11,7
Ïkite,zuljin,1055,hunter,survival,18,11,7
Áíkó,sargeras,1055,hunter,survival,18,11,7
Maxlol,stormrage,1055,hunter,survival,24,11,13
Huntzee,area-52,1054,hunter,survival,18,11,7
Plsbepatient,wyrmrest-accord,1054,hunter,survival,18,11,7
Sagadegêmeos,stormrage,1053,hunter,survival,18,11,7
Reignwolf,nemesis,1053,hunter,survival,18,11,7
Jaw,hakkar,1053,hunter,survival,18,11,7
Nautílus,ragnaros,1053,hunter,survival,24,11,13
Madival,ragnaros,1053,hunter,survival,24,11,13
Thoriden,amanthul,1051,hunter,survival,54,14,40
Wartoz,dragonblight,1042,hunter,survival,116,63,53
Eithelleta,frostmourne,1039,hunter,survival,116,49,67
Pêtophile,kiljaeden,1037,hunter,survival,54,24,30
Panm,runetotem,1034,hunter,survival,27,12,15
Vizkha,azralon,1033,hunter,survival,24,12,12
Triggers,ghostlands,1033,hunter,survival,30,11,19
Allzia,illidan,1025,hunter,survival,34,12,22
Tyrokk,barthilas,1023,hunter,survival,30,11,19
Gryffindor,chromaggus,1019,hunter,survival,36,11,25
Fisthammer,frostmane,1018,hunter,survival,30,16,14
Wkx,tichondrius,1017,hunter,survival,26,12,14
Loochlin,sargeras,1014,hunter,survival,33,11,22
Rukkora,deathwing,1009,hunter,survival,66,30,36
Shaslyka,tichondrius,1001,hunter,survival,23,11,12
Arrebol,tichondrius,991,hunter,survival,22,11,11
Mimimoumou,tichondrius,989,hunter,survival,22,11,11
Lucarcher,stormrage,988,hunter,survival,17,11,6
Thrandrial,smolderthorn,985,hunter,survival,20,11,9
Arucedd,frostmourne,977,hunter,survival,111,58,53
Hellrayserr,azralon,970,hunter,survival,24,11,13
Tmzsteezy,tichondrius,960,hunter,survival,12,10,2
Kiteforterps,zuljin,960,hunter,survival,12,10,2
Virindi,barthilas,960,hunter,survival,12,10,2
Sbgrv,dalaran,960,hunter,survival,18,10,8
Corpo,area-52,960,hunter,survival,24,10,14
Zipzyo,tichondrius,960,hunter,survival,24,10,14
Mythfive,stormrage,960,hunter,survival,24,10,14
Snipin,ragnaros,960,hunter,survival,30,10,20
Kêdokî,sargeras,959,hunter,survival,12,10,2
Reeload,tichondrius,959,hunter,survival,18,10,8
Zizilio,kelthuzad,959,hunter,survival,18,10,8
Egurl,firetree,959,hunter,survival,18,10,8
Tyleraq,area-52,959,hunter,survival,18,10,8
Rickybobby,warsong,959,hunter,survival,18,10,8
Narakara,stormreaver,959,hunter,survival,21,11,10
Araqíel,aegwynn,959,hunter,survival,24,10,14
Slomp,bleeding-hollow,959,hunter,survival,24,10,14
Kimchimaster,tichondrius,958,hunter,survival,26,10,16
Fanikita,azralon,957,hunter,survival,15,11,4
Wouow,tichondrius,957,hunter,survival,18,10,8
Rockehm,frostmourne,957,hunter,survival,18,10,8
Deejwithabow,frostmourne,957,hunter,survival,18,10,8
Genesiz,sargeras,957,hunter,survival,24,10,14
Daréz,blackrock,956,hunter,survival,16,11,5
Lixniqua,tichondrius,955,hunter,survival,24,10,14
Shamewizard,barthilas,955,hunter,survival,24,10,14
Vietnrg,doomhammer,954,hunter,survival,24,10,14
Jerza,emerald-dream,953,hunter,survival,18,10,8
Aristæos,kelthuzad,953,hunter,survival,18,10,8
Calÿpsø,quelthalas,943,hunter,survival,14,12,2
Syvarris,medivh,943,hunter,survival,17,10,7
Imraghorn,sargeras,943,hunter,survival,23,10,13
Amarox,zuljin,938,hunter,survival,23,11,12
Gairkill,area-52,927,hunter,survival,104,53,51
Khaoskills,thunderlord,926,hunter,survival,49,26,23
Sitalces,ragnaros,924,hunter,survival,78,40,38
Gelter,stormrage,924,hunter,survival,23,10,13
Raylinlinez,bleeding-hollow,920,hunter,survival,23,12,11
Gunudown,haomarush,894,hunter,survival,17,10,7
Crapshot,daggerspine,885,hunter,survival,33,10,23
Tempistworg,greymane,882,hunter,survival,118,56,62
Turkshot,area-52,875,hunter,survival,25,10,15
Jäger,zuljin,864,hunter,survival,12,9,3
Tigglyjits,tichondrius,864,hunter,survival,12,9,3
Weedzy,tichondrius,864,hunter,survival,12,9,3
Jaywaz,tichondrius,864,hunter,survival,12,9,3
Nashi,burning-blade,864,hunter,survival,18,9,9
Alansho,tichondrius,864,hunter,survival,18,9,9
Megaspeed,arthas,864,hunter,survival,18,9,9
Eain,wyrmrest-accord,864,hunter,survival,18,9,9
Magvez,tichondrius,864,hunter,survival,18,9,9
Desari,thunderhorn,864,hunter,survival,18,9,9
Scottmeyers,proudmoore,864,hunter,survival,24,9,15
Zumythriel,stormrage,863,hunter,survival,12,9,3
Daspx,nagrand,863,hunter,survival,18,9,9
Riram,stormrage,863,hunter,survival,18,9,9
Negligent,sargeras,863,hunter,survival,18,9,9
Serpantsting,moon-guard,863,hunter,survival,18,9,9
Hunterluan,nemesis,863,hunter,survival,18,9,9
Landscape,kiljaeden,863,hunter,survival,24,9,15
Keenai,moon-guard,862,hunter,survival,12,9,3
Chootyboi,bronzebeard,862,hunter,survival,18,9,9
Lasagnadaddy,maiev,862,hunter,survival,18,9,9
Vulkru,azralon,862,hunter,survival,18,9,9
Iambobby,area-52,861,hunter,survival,18,9,9
Nøzhaha,area-52,861,hunter,survival,18,9,9
Packlead,sargeras,861,hunter,survival,18,9,9
Zotahunterx,ragnaros,859,hunter,survival,24,9,15
Blizhunt,thunderlord,859,hunter,survival,24,9,15
Kerion,emerald-dream,859,hunter,survival,24,9,15
Mabaku,tichondrius,858,hunter,survival,12,9,3
Týrak,illidan,856,hunter,survival,18,9,9
Gorilla,thaurissan,856,hunter,survival,24,9,15
Drunkbunny,tichondrius,855,hunter,survival,30,14,16
Wolfsorgorr,area-52,854,hunter,survival,24,9,15
Prettysure,nesingwary,851,hunter,survival,25,12,13
Lisbboax,stormrage,844,hunter,survival,27,11,16
Shukucingjr,illidan,842,hunter,survival,18,9,9
Blaymorrd,senjin,839,hunter,survival,18,9,9
Mcilreavey,kelthuzad,836,hunter,survival,23,9,14
Defiance,rexxar,831,hunter,survival,16,9,7
Trapful,illidan,815,hunter,survival,17,9,8
Clanqk,destromath,815,hunter,survival,19,10,9
Segulah,dalaran,812,hunter,survival,21,9,12
Yourgfiswarm,kelthuzad,811,hunter,survival,17,9,8
Somethinglit,sargeras,798,hunter,survival,20,9,11
Ærês,ysondre,796,hunter,survival,20,9,11
Jsquared,sargeras,782,hunter,survival,11,9,2
Árröw,arygos,768,hunter,survival,12,8,4
Buffmarks,moon-guard,768,hunter,survival,12,8,4
Volbz,barthilas,768,hunter,survival,12,8,4
Torolol,tichondrius,768,hunter,survival,12,8,4
Gondolin,andorhal,768,hunter,survival,12,8,4
Kanta,bleeding-hollow,768,hunter,survival,12,8,4
Shootypie,hyjal,768,hunter,survival,12,8,4
Ehz,tichondrius,768,hunter,survival,12,8,4
Iizerd,illidan,768,hunter,survival,12,8,4
Banshers,stormrage,768,hunter,survival,12,8,4
Fiftyyddash,tichondrius,768,hunter,survival,12,8,4
Fineye,illidan,768,hunter,survival,14,8,6
Trellium,area-52,768,hunter,survival,18,8,10
Goromi,tichondrius,768,hunter,survival,18,8,10
Diddycombe,stormrage,768,hunter,survival,18,8,10
Michaeljfox,area-52,768,hunter,survival,18,8,10
Embaçado,bleeding-hollow,768,hunter,survival,18,8,10
Drupert,tichondrius,768,hunter,survival,18,8,10
Igotloud,illidan,768,hunter,survival,18,8,10
Kimssis,tichondrius,768,hunter,survival,18,8,10
Droj,stormrage,768,hunter,survival,18,8,10
Nervousness,draka,767,hunter,survival,12,8,4
Hanabî,jubeithos,767,hunter,survival,12,8,4
Booshwookie,frostmourne,767,hunter,survival,18,8,10
Deifyz,stormrage,767,hunter,survival,18,8,10
Bruzit,tol-barad,767,hunter,survival,18,8,10
Zouzu,area-52,767,hunter,survival,18,8,10
Korasaya,area-52,767,hunter,survival,18,8,10
Brissy,sargeras,767,hunter,survival,18,8,10
Trixster,lethon,767,hunter,survival,18,8,10
Rummaker,mugthol,767,hunter,survival,18,8,10
Wakkå,mugthol,767,hunter,survival,21,9,12
Soberish,bleeding-hollow,767,hunter,survival,24,8,16
Mmchode,zuljin,767,hunter,survival,24,8,16
Zyzzmirin,illidan,767,hunter,survival,24,8,16
Bowowner,aggramar,767,hunter,survival,30,8,22
Chokemescara,stormrage,767,hunter,survival,30,8,22
Kraslin,bleeding-hollow,766,hunter,survival,12,8,4
Greyh,madoran,766,hunter,survival,12,8,4
Hunfor,anubarak,766,hunter,survival,18,8,10
Cynya,wyrmrest-accord,766,hunter,survival,18,8,10
Lohse,emerald-dream,765,hunter,survival,18,8,10
Jathriel,zuljin,765,hunter,survival,18,8,10
Sterge,maiev,764,hunter,survival,18,8,10
Ghannha,wyrmrest-accord,764,hunter,survival,18,8,10
Runecbow,eonar,764,hunter,survival,24,8,16
Haumer,wyrmrest-accord,763,hunter,survival,12,8,4
Dgs,nemesis,763,hunter,survival,18,8,10
Alfaan,moon-guard,763,hunter,survival,18,8,10
Gluegobbler,spinebreaker,763,hunter,survival,24,8,16
Querosushi,ragnaros,760,hunter,survival,18,8,10
Kaelgrog,kiljaeden,754,hunter,survival,24,8,16
Iraxium,illidan,735,hunter,survival,14,9,5
Gaahl,aggramar,735,hunter,survival,14,9,5
Thesniperx,sargeras,719,hunter,survival,21,8,13
Thrakgor,wyrmrest-accord,713,hunter,survival,23,10,13
Dangerrangér,area-52,688,hunter,survival,13,8,5
Kanekki,ragnaros,688,hunter,survival,13,8,5
Voltter,illidan,672,hunter,survival,12,7,5
Vânillaice,stormrage,672,hunter,survival,12,7,5
Jamesön,sargeras,672,hunter,survival,12,7,5
Aurelqt,tichondrius,672,hunter,survival,12,7,5
Equalizér,sargeras,672,hunter,survival,12,7,5
Tsuka,eldrethalas,672,hunter,survival,12,7,5
Huntbay,destromath,672,hunter,survival,12,7,5
Bacchantress,tichondrius,672,hunter,survival,12,7,5
Gotrap,saurfang,672,hunter,survival,12,7,5
Joree,medivh,672,hunter,survival,12,7,5
Ozzsimp,stormrage,672,hunter,survival,12,7,5
Onécare,bleeding-hollow,672,hunter,survival,12,7,5
Aquafino,chogall,672,hunter,survival,12,7,5
Endxworld,tichondrius,672,hunter,survival,12,7,5
Fannypacks,dragonmaw,672,hunter,survival,12,7,5
Yoppa,zuljin,672,hunter,survival,12,7,5
Oronir,frostmourne,672,hunter,survival,12,7,5
Antø,tichondrius,672,hunter,survival,12,7,5
Trapirl,tichondrius,672,hunter,survival,12,7,5
Dumshot,zuljin,672,hunter,survival,12,7,5
Vegâ,ursin,672,hunter,survival,12,7,5
Arraza,ragnaros,672,hunter,survival,12,7,5
Pfheign,area-52,672,hunter,survival,12,7,5
Glediator,tichondrius,672,hunter,survival,12,7,5
Mattyhuntz,tichondrius,672,hunter,survival,12,7,5
Ayjay,zuljin,672,hunter,survival,12,7,5
Bombbot,zuljin,672,hunter,survival,18,7,11
Meowimadog,spinebreaker,672,hunter,survival,18,7,11
Freshko,kiljaeden,672,hunter,survival,18,7,11
Hironna,proudmoore,672,hunter,survival,18,7,11
Porrainga,auchindoun,672,hunter,survival,18,7,11
Trenbolone,frostmourne,672,hunter,survival,18,7,11
Suyesh,tichondrius,671,hunter,survival,12,7,5
Jigua,stormrage,671,hunter,survival,12,7,5
Ziaxel,bleeding-hollow,671,hunter,survival,12,7,5
Mav,dragonmaw,671,hunter,survival,12,7,5
Genocell,thunderlord,671,hunter,survival,12,7,5
Pulso,illidan,671,hunter,survival,12,7,5
Zackèse,area-52,671,hunter,survival,18,7,11
Gaezangsu,tichondrius,671,hunter,survival,24,7,17
Killswitches,dragonmaw,670,hunter,survival,12,7,5
Hatespark,bonechewer,667,hunter,survival,12,7,5
Mórrígán,kelthuzad,659,hunter,survival,12,7,5
Illustrus,bleeding-hollow,639,hunter,survival,11,7,4
Dabaosplash,tichondrius,639,hunter,survival,14,8,6
Catboikilla,altar-of-storms,639,hunter,survival,17,7,10
Cagooggo,moon-guard,638,hunter,survival,16,7,9
Rotthem,ragnaros,638,hunter,survival,20,8,12
Trappin,malganis,623,hunter,survival,11,7,4
Böuntyhuntêr,area-52,623,hunter,survival,17,7,10
Lartrius,bleeding-hollow,621,hunter,survival,15,8,7
Hawqeye,zuljin,617,hunter,survival,13,8,5
Tagsy,quelthalas,613,hunter,survival,31,10,21
Calsu,kiljaeden,608,hunter,survival,10,7,3
Primez,sargeras,607,hunter,survival,11,7,4
Odynsraven,stormrage,605,hunter,survival,11,7,4
Drees,nerzhul,576,hunter,survival,6,6,0
Garkia,hyjal,576,hunter,survival,6,6,0
Jåden,kelthuzad,576,hunter,survival,6,6,0
Ðevil,ragnaros,576,hunter,survival,6,6,0
Ssdslol,bleeding-hollow,576,hunter,survival,10,7,3
Ivanjackenov,illidan,576,hunter,survival,10,7,3
Architect,bleeding-hollow,576,hunter,survival,12,6,6
Traponomics,stormrage,576,hunter,survival,12,6,6
Nedad,tichondrius,576,hunter,survival,12,6,6
Lormax,zuljin,576,hunter,survival,12,6,6
Pridefulzjr,stormrage,576,hunter,survival,12,6,6
Zugfeito,nemesis,576,hunter,survival,12,6,6
Tazsic,mannoroth,576,hunter,survival,12,6,6
Fíction,kelthuzad,576,hunter,survival,12,6,6
Wezkerh,ragnaros,576,hunter,survival,12,6,6
Mctrapturds,tichondrius,576,hunter,survival,12,6,6
Cherrypye,frostmourne,576,hunter,survival,12,6,6
Lefuza,malganis,576,hunter,survival,12,6,6
Walterwhite,trollbane,576,hunter,survival,12,6,6
Nijicon,frostmourne,576,hunter,survival,12,6,6
Amhavgun,tichondrius,576,hunter,survival,12,6,6
Sinrax,stormrage,576,hunter,survival,12,6,6
Tenzën,drakkari,576,hunter,survival,12,6,6
Yoske,tichondrius,576,hunter,survival,12,6,6
Cosmodome,daggerspine,576,hunter,survival,12,6,6
Zerark,kelthuzad,576,hunter,survival,13,6,7
Dikqt,quelthalas,576,hunter,survival,17,6,11
Goonlmao,hyjal,576,hunter,survival,18,6,12
Chetvi,uldum,576,hunter,survival,18,6,12
Kowabungy,tichondrius,576,hunter,survival,18,6,12
Pilesofpoop,sargeras,576,hunter,survival,18,6,12
Raaph,zuljin,576,hunter,survival,18,6,12
Bherskrograx,burning-legion,575,hunter,survival,12,6,6
Xeiana,proudmoore,575,hunter,survival,12,6,6
Bôwbafett,sargeras,575,hunter,survival,12,6,6
Zepplin,medivh,575,hunter,survival,12,6,6
Dfnhdft,stormrage,575,hunter,survival,12,6,6
Bearbarryls,azralon,575,hunter,survival,18,6,12
Vortann,proudmoore,575,hunter,survival,18,6,12
Golorn,malganis,575,hunter,survival,18,6,12
Tekkerz,tichondrius,575,hunter,survival,19,6,13
Dartoo,ragnaros,575,hunter,survival,24,6,18
Howk,stormrage,574,hunter,survival,18,6,12
Berzxd,stormrage,573,hunter,survival,12,6,6
Bushytails,illidan,573,hunter,survival,18,6,12
Dräkö,tichondrius,527,hunter,survival,15,7,8
Ceezrh,sargeras,527,hunter,survival,15,7,8
Kovoth,darkspear,526,hunter,survival,15,6,9
Greyhollow,sargeras,522,hunter,survival,17,8,9
Showtheio,azralon,522,hunter,survival,16,7,9
Lawafla,area-52,521,hunter,survival,14,7,7
Raeshots,area-52,518,hunter,survival,21,8,13
Veragin,tichondrius,512,hunter,survival,10,6,4
Pxry,drenden,511,hunter,survival,11,6,5
Therealpafo,tichondrius,507,hunter,survival,20,6,14
Xeminis,area-52,496,hunter,survival,13,6,7
Notzindalari,frostmourne,494,hunter,survival,22,6,16
Jonah,sargeras,480,hunter,survival,6,5,1
Heretotrap,tichondrius,480,hunter,survival,6,5,1
Wwangman,tichondrius,480,hunter,survival,6,5,1
Klancy,bleeding-hollow,480,hunter,survival,6,5,1
Taumelz,sargeras,480,hunter,survival,6,5,1
Minnsc,tichondrius,480,hunter,survival,6,5,1
Poorapple,tichondrius,480,hunter,survival,6,5,1
Grimbrew,garona,480,hunter,survival,6,5,1
Nearsight,proudmoore,480,hunter,survival,6,5,1
Antoriel,ragnaros,480,hunter,survival,6,5,1
Lilqueezy,area-52,480,hunter,survival,6,5,1
Narukín,tichondrius,480,hunter,survival,6,5,1
Booffmeister,area-52,480,hunter,survival,6,5,1
Yná,azralon,480,hunter,survival,6,5,1
Selenis,khadgar,480,hunter,survival,6,5,1
Itryharder,stormrage,480,hunter,survival,6,5,1
Ewife,illidan,480,hunter,survival,6,5,1
Toyshoota,stormrage,480,hunter,survival,9,6,3
Alaurys,moon-guard,480,hunter,survival,12,5,7
Bundablasta,frostmourne,480,hunter,survival,12,5,7
Calidian,moon-guard,480,hunter,survival,12,5,7
Bastÿ,area-52,480,hunter,survival,12,5,7
Downrange,stonemaul,480,hunter,survival,12,5,7
Smudge,frostmourne,480,hunter,survival,12,5,7
Mìtáng,moon-guard,480,hunter,survival,12,5,7
Jumpkick,azralon,480,hunter,survival,12,5,7
Moomo,frostmourne,480,hunter,survival,12,5,7
Tezlekhan,haomarush,480,hunter,survival,12,5,7
Tiztang,darkspear,480,hunter,survival,12,5,7
Úllr,wyrmrest-accord,480,hunter,survival,12,5,7
Veluci,tichondrius,480,hunter,survival,12,5,7
Xoxono,frostmourne,480,hunter,survival,12,5,7
Flanzo,illidan,480,hunter,survival,12,5,7
Thiccita,tichondrius,480,hunter,survival,12,5,7
Draevinz,stormrage,480,hunter,survival,12,5,7
Luckione,destromath,480,hunter,survival,12,5,7
Cefirhok,ragnaros,480,hunter,survival,12,5,7
Giorvannar,ragnaros,480,hunter,survival,12,5,7
Drysst,tichondrius,480,hunter,survival,12,5,7
Minxed,sargeras,480,hunter,survival,12,5,7
Caliente,tichondrius,480,hunter,survival,15,6,9
Shootnoscore,vashj,480,hunter,survival,15,6,9
Ärtémisa,quelthalas,480,hunter,survival,18,5,13
Lxke,tichondrius,480,hunter,survival,18,5,13
Mcgoob,tichondrius,479,hunter,survival,12,5,7
Belvhar,skullcrusher,479,hunter,survival,12,5,7
Mirdous,moon-guard,479,hunter,survival,12,5,7
Calvarîam,korgath,479,hunter,survival,18,5,13
Tyritth,azralon,478,hunter,survival,12,5,7
Légölás,tichondrius,463,hunter,survival,17,5,12
Crumpit,moon-guard,426,hunter,survival,22,6,16
Aiyanafox,moon-guard,422,hunter,survival,25,6,19
Hakaisurv,azralon,416,hunter,survival,10,5,5
Flowolf,tichondrius,416,hunter,survival,10,5,5
Cinnybunz,malganis,415,hunter,survival,16,6,10
Rinehart,dalaran,415,hunter,survival,14,5,9
Ratherbully,tichondrius,384,hunter,survival,6,4,2
Ssobit,tichondrius,384,hunter,survival,6,4,2
Elcap,tichondrius,384,hunter,survival,6,4,2
Chîll,frostmourne,384,hunter,survival,6,4,2
Pumpkinovo,tichondrius,384,hunter,survival,6,4,2
Boomseed,nagrand,384,hunter,survival,6,4,2
Ikitefordmt,zuljin,384,hunter,survival,6,4,2
Pouncedgg,sargeras,384,hunter,survival,6,4,2
Thalyxion,moon-guard,384,hunter,survival,6,4,2
Gaymonbarnet,sargeras,384,hunter,survival,6,4,2
Shøøter,bonechewer,384,hunter,survival,6,4,2
Beyco,darrowmere,384,hunter,survival,6,4,2
Thefanbus,tichondrius,384,hunter,survival,6,4,2
Litchi,illidan,384,hunter,survival,6,4,2
Hunterlolxd,altar-of-storms,384,hunter,survival,6,4,2
Promii,barthilas,384,hunter,survival,6,4,2
Bendoon,sargeras,384,hunter,survival,6,4,2
Chasseür,quelthalas,384,hunter,survival,6,4,2
Surprisemfkr,emerald-dream,384,hunter,survival,6,4,2
Wilmaßallfit,malganis,384,hunter,survival,6,4,2
Siëgward,quelthalas,384,hunter,survival,6,4,2
Rankonee,area-52,384,hunter,survival,6,4,2
Booshed,illidan,384,hunter,survival,6,4,2
Malkuri,medivh,384,hunter,survival,6,4,2
Swagprince,skullcrusher,384,hunter,survival,6,4,2
Nastoid,area-52,384,hunter,survival,6,4,2
Alexxspewpew,ragnaros,384,hunter,survival,6,4,2
Pwn,korgath,384,hunter,survival,6,4,2
Triggahh,thrall,384,hunter,survival,6,4,2
Kargathx,ragnaros,384,hunter,survival,6,4,2
Wapnonymous,mugthol,384,hunter,survival,6,4,2
Junglefever,skywall,384,hunter,survival,6,4,2
Kapukapu,illidan,384,hunter,survival,6,4,2
Æßç,ragnaros,384,hunter,survival,6,4,2
Petstun,moon-guard,384,hunter,survival,6,4,2
Failtrap,ragnaros,384,hunter,survival,6,4,2
Swagbx,illidan,384,hunter,survival,6,4,2
Bigpets,azralon,384,hunter,survival,6,4,2
Underrtakerr,shattered-hand,384,hunter,survival,6,4,2
Virgim,kelthuzad,384,hunter,survival,6,4,2
Ehhee,twisting-nether,384,hunter,survival,6,4,2
Scrubmastery,emerald-dream,384,hunter,survival,6,4,2
Ofthedeath,ragnaros,384,hunter,survival,6,4,2
Khels,stormreaver,384,hunter,survival,6,4,2
Ethxx,emerald-dream,384,hunter,survival,6,4,2
Hyena,kelthuzad,384,hunter,survival,9,5,4
Keenz,frostmourne,384,hunter,survival,12,4,8
Camfeed,illidan,384,hunter,survival,12,4,8
Troglav,drakkari,384,hunter,survival,12,4,8
Zurzas,tichondrius,384,hunter,survival,12,4,8
Bloodarrow,tichondrius,384,hunter,survival,12,4,8
Kissmylin,tichondrius,384,hunter,survival,12,4,8
Blackjesu,blackrock,384,hunter,survival,12,4,8
Fâpple,stormrage,384,hunter,survival,12,4,8
Ganash,gallywix,384,hunter,survival,12,4,8
Wolfsok,norgannon,384,hunter,survival,12,4,8
Playnogames,moon-guard,384,hunter,survival,12,4,8
Oatmeallover,stormrage,384,hunter,survival,12,4,8
Newcomb,tichondrius,384,hunter,survival,12,4,8
Hoto,moon-guard,384,hunter,survival,12,4,8
Biscuitbread,azuremyst,384,hunter,survival,12,4,8
Àngèl,malganis,384,hunter,survival,12,4,8
Sybernetik,tichondrius,384,hunter,survival,12,4,8
Cakeislife,kelthuzad,384,hunter,survival,18,4,14
Splewsh,area-52,383,hunter,survival,12,4,8
Tydee,nagrand,383,hunter,survival,18,4,14
Bâïr,frostmourne,351,hunter,survival,8,5,3
Soggun,quelthalas,319,hunter,survival,5,4,1
Adamariss,stormrage,319,hunter,survival,16,4,12
Skolfongoun,malfurion,318,hunter,survival,14,4,10
Illshot,tichondrius,304,hunter,survival,13,4,9
Ünitedi,nemesis,288,hunter,survival,6,3,3
Fjdominador,azralon,288,hunter,survival,6,3,3
Furipoon,stormrage,288,hunter,survival,6,3,3
Loogan,sargeras,288,hunter,survival,6,3,3
Nitroguy,moknathal,288,hunter,survival,6,3,3
Vladik,stormrage,288,hunter,survival,6,3,3
Badseedz,kargath,288,hunter,survival,6,3,3
Vaz,haomarush,288,hunter,survival,6,3,3
Hohohohahah,gallywix,288,hunter,survival,6,3,3
Fearna,destromath,288,hunter,survival,6,3,3
Lowlore,moon-guard,288,hunter,survival,6,3,3
Goodtimez,sargeras,288,hunter,survival,6,3,3
Samsin,sargeras,288,hunter,survival,6,3,3
Adonai,stormrage,288,hunter,survival,6,3,3
Makeastinky,malfurion,288,hunter,survival,6,3,3
Soul,sargeras,288,hunter,survival,6,3,3
Tawok,moon-guard,288,hunter,survival,6,3,3
Zà,sargeras,288,hunter,survival,6,3,3
Notidealx,kelthuzad,288,hunter,survival,6,3,3
Snipes,exodar,288,hunter,survival,6,3,3
Wooftoof,frostmourne,288,hunter,survival,6,3,3
Seiber,quelthalas,288,hunter,survival,6,3,3
Spårrow,alleria,288,hunter,survival,6,3,3
Hendlie,frostmourne,288,hunter,survival,6,3,3
Mistrj,frostmourne,288,hunter,survival,6,3,3
Hazzersk,ragnaros,288,hunter,survival,6,3,3
Trailed,dalaran,288,hunter,survival,6,3,3
Damicle,earthen-ring,288,hunter,survival,6,3,3
Petkd,frostmourne,288,hunter,survival,6,3,3
Whitemàne,dalaran,288,hunter,survival,6,3,3
Rustyspork,muradin,288,hunter,survival,6,3,3
Drivebymac,tichondrius,288,hunter,survival,6,3,3
Hackerman,tichondrius,288,hunter,survival,6,3,3
Trinhhunter,thrall,288,hunter,survival,6,3,3
Epochal,illidan,288,hunter,survival,6,3,3
Cantantie,tichondrius,288,hunter,survival,6,3,3
Imisstraplol,tichondrius,288,hunter,survival,6,3,3
Reic,kiljaeden,288,hunter,survival,6,3,3
Pvx,darkspear,288,hunter,survival,6,3,3
Duune,wyrmrest-accord,288,hunter,survival,6,3,3
Guncontrol,malganis,288,hunter,survival,6,3,3
Trapmasterx,tichondrius,288,hunter,survival,6,3,3
Slowdamage,ragnaros,288,hunter,survival,6,3,3
Dirtymongrel,barthilas,288,hunter,survival,6,3,3
Mooguapo,kiljaeden,288,hunter,survival,6,3,3
Slaughterr,kelthuzad,288,hunter,survival,6,3,3
Pistolon,quelthalas,288,hunter,survival,6,3,3
Slowhunterr,tichondrius,288,hunter,survival,6,3,3
Ripsnàrl,frostmourne,288,hunter,survival,6,3,3
Griefs,malganis,288,hunter,survival,6,3,3
Happyvelic,tichondrius,288,hunter,survival,6,3,3
Lemmetrap,illidan,288,hunter,survival,6,3,3
Shootdogg,mannoroth,288,hunter,survival,6,3,3
Pewpewboi,malganis,288,hunter,survival,6,3,3
Ajo,malganis,288,hunter,survival,6,3,3
Bakalan,dalaran,288,hunter,survival,16,4,12
Kharñe,tichondrius,288,hunter,survival,12,3,9
Pinktrexx,darkspear,288,hunter,survival,12,3,9
Koukin,kiljaeden,288,hunter,survival,12,3,9
Kalibah,azralon,288,hunter,survival,12,3,9
Wakõz,arthas,288,hunter,survival,12,3,9
Youlooknice,wyrmrest-accord,288,hunter,survival,12,3,9
Hawkéns,moon-guard,288,hunter,survival,12,3,9
Chaps,malygos,288,hunter,survival,12,3,9
Bamtokki,tichondrius,288,hunter,survival,12,3,9
Pooshot,kelthuzad,288,hunter,survival,12,3,9
Gutshott,tichondrius,288,hunter,survival,12,3,9
Wildhùnt,tichondrius,288,hunter,survival,12,3,9
Krispyflayz,sargeras,288,hunter,survival,12,3,9
Sratenuz,stormrage,287,hunter,survival,6,3,3
Waylòn,moon-guard,287,hunter,survival,12,3,9
Ynoit,illidan,271,hunter,survival,11,3,8
Mokaonly,wildhammer,256,hunter,survival,8,4,4
Crèpes,bleeding-hollow,239,hunter,survival,5,3,2
Frostwulff,tichondrius,239,hunter,survival,5,3,2
Yogurtti,zuljin,239,hunter,survival,5,3,2
Stupidgodx,tichondrius,234,hunter,survival,12,4,8
Harosh,azralon,234,hunter,survival,16,4,12
Onehitrip,illidan,233,hunter,survival,8,4,4
Moscato,cenarion-circle,232,hunter,survival,14,4,10
Inume,ragnaros,224,hunter,survival,10,3,7
Cumman,sargeras,208,hunter,survival,7,3,4
Rifomen,illidan,192,hunter,survival,9,3,6
Comebacks,ragnaros,192,hunter,survival,6,2,4
Sebastian,blackhand,192,hunter,survival,6,2,4
Achilles,twisting-nether,192,hunter,survival,6,2,4
Finol,azralon,192,hunter,survival,6,2,4
Kharvaash,onyxia,192,hunter,survival,6,2,4
Gswag,malganis,192,hunter,survival,6,2,4
Urtitaz,shadowmoon,192,hunter,survival,6,2,4
Nahzah,stormrage,192,hunter,survival,6,2,4
Mustymuffler,malganis,192,hunter,survival,6,2,4
Mukbangbj,terenas,192,hunter,survival,6,2,4
Aludren,quelthalas,192,hunter,survival,6,2,4
Ishotmydog,malganis,192,hunter,survival,6,2,4
Pint,madoran,192,hunter,survival,6,2,4
Femboyfatale,stormrage,192,hunter,survival,6,2,4
Shaftgravy,area-52,192,hunter,survival,6,2,4
Rainzs,stormrage,192,hunter,survival,6,2,4
Cameløt,ragnaros,192,hunter,survival,6,2,4
Gugucachorro,azralon,192,hunter,survival,6,2,4
Slipox,sargeras,192,hunter,survival,6,2,4
Viio,sargeras,192,hunter,survival,6,2,4
Cio,fizzcrank,192,hunter,survival,6,2,4
Eclipsie,aerie-peak,192,hunter,survival,6,2,4
Heãdhunter,area-52,192,hunter,survival,6,2,4
Spizsnipes,malganis,192,hunter,survival,6,2,4
Cuckw,nemesis,192,hunter,survival,6,2,4
Kravern,ragnaros,192,hunter,survival,6,2,4
Traptations,sargeras,192,hunter,survival,6,2,4
Cernos,malganis,192,hunter,survival,6,2,4
Mussky,wyrmrest-accord,192,hunter,survival,6,2,4
Giovasper,sargeras,192,hunter,survival,6,2,4
Shïndow,ragnaros,192,hunter,survival,6,2,4
Razzldazzlbb,thrall,192,hunter,survival,6,2,4
Zellor,wyrmrest-accord,192,hunter,survival,6,2,4
Bboo,bonechewer,192,hunter,survival,6,2,4
Zèd,azralon,192,hunter,survival,6,2,4
Gomrog,gurubashi,192,hunter,survival,6,2,4
Théw,tichondrius,192,hunter,survival,6,2,4
Thazen,sargeras,192,hunter,survival,6,2,4
Gaim,dalaran,192,hunter,survival,6,2,4
Sunchea,arygos,192,hunter,survival,6,2,4
Araghrn,draktharon,192,hunter,survival,6,2,4
Harposmash,trollbane,192,hunter,survival,6,2,4
Tréèstump,tichondrius,192,hunter,survival,6,2,4
Woobinman,tichondrius,192,hunter,survival,6,2,4
Nesoo,destromath,192,hunter,survival,6,2,4
Rimbar,ysera,192,hunter,survival,6,2,4
Dikkins,windrunner,192,hunter,survival,6,2,4
Trígger,azshara,192,hunter,survival,6,2,4
Durko,frostmourne,192,hunter,survival,6,2,4
Eekbarbadrkl,frostmourne,192,hunter,survival,6,2,4
ßn,zuljin,192,hunter,survival,6,2,4
Nelandris,tichondrius,192,hunter,survival,6,2,4
Toruhagakure,tichondrius,192,hunter,survival,6,2,4
Machunt,lightbringer,192,hunter,survival,6,2,4
Qua,perenolde,192,hunter,survival,6,2,4
Côckblocked,tichondrius,192,hunter,survival,6,2,4
Dobuu,tichondrius,192,hunter,survival,6,2,4
Ulrulk,tichondrius,192,hunter,survival,6,2,4
Sharpster,zuljin,192,hunter,survival,6,2,4
Myladyy,zuljin,192,hunter,survival,6,2,4
Jellyleg,bleeding-hollow,192,hunter,survival,6,2,4
Pedropete,frostmourne,192,hunter,survival,6,2,4
Gobygobbs,magtheridon,192,hunter,survival,6,2,4
Lenyuecf,proudmoore,192,hunter,survival,6,2,4
Quiveringboy,chogall,192,hunter,survival,6,2,4
Gaea,korgath,192,hunter,survival,6,2,4
Zirstorm,altar-of-storms,192,hunter,survival,6,2,4
Zhona,moon-guard,192,hunter,survival,12,2,10
Skrìms,tichondrius,192,hunter,survival,12,2,10
Raythør,area-52,192,hunter,survival,12,2,10
Linova,stormrage,192,hunter,survival,12,2,10
Zbg,jubeithos,192,hunter,survival,12,2,10
Yukisong,bleeding-hollow,192,hunter,survival,12,2,10
Nwah,stormrage,159,hunter,survival,5,2,3
Twom,area-52,138,hunter,survival,8,3,5
Xradû,dawnbringer,138,hunter,survival,9,3,6
Ohnahra,kiljaeden,138,hunter,survival,9,3,6
Morganson,moon-guard,138,hunter,survival,22,4,18
Nákiri,spinebreaker,128,hunter,survival,4,2,2
Coçador,stormrage,128,hunter,survival,4,2,2
Bránn,quelthalas,128,hunter,survival,4,2,2
Destinations,bleeding-hollow,127,hunter,survival,14,2,12
Whitecake,area-52,96,hunter,survival,3,2,1
Fenrock,cenarius,96,hunter,survival,3,2,1
Berkhof,tichondrius,96,hunter,survival,6,1,5
Explodez,illidan,96,hunter,survival,6,1,5
Terrabytés,kelthuzad,96,hunter,survival,6,1,5
Elpidere,tichondrius,96,hunter,survival,6,1,5
Agrahunter,barthilas,96,hunter,survival,6,1,5
Kölhberg,azralon,96,hunter,survival,6,1,5
Sobala,azralon,96,hunter,survival,6,1,5
Taofang,emerald-dream,96,hunter,survival,6,1,5
Elroyjetson,arthas,96,hunter,survival,6,1,5
Killerxzxz,stormrage,96,hunter,survival,6,1,5
Survbot,malganis,96,hunter,survival,6,1,5
Alorick,ragnaros,96,hunter,survival,6,1,5
Shottz,aerie-peak,96,hunter,survival,6,1,5
Madbéê,tichondrius,96,hunter,survival,6,1,5
Ergen,zuluhed,96,hunter,survival,6,1,5
Kcool,area-52,96,hunter,survival,6,1,5
Saewyne,illidan,96,hunter,survival,6,1,5
Joexotiq,stormrage,96,hunter,survival,6,1,5
Kdik,azralon,96,hunter,survival,6,1,5
Critz,undermine,96,hunter,survival,6,1,5
Jîlt,aerie-peak,96,hunter,survival,6,1,5
Dusle,azralon,96,hunter,survival,6,1,5
Symz,ragnaros,96,hunter,survival,6,1,5
Nevertraps,tichondrius,96,hunter,survival,6,1,5
Legosshi,darrowmere,96,hunter,survival,6,1,5
Gilv,frostmourne,96,hunter,survival,6,1,5
Skybourne,nemesis,96,hunter,survival,6,1,5
Fearlesarrow,suramar,96,hunter,survival,6,1,5
Lance,darrowmere,96,hunter,survival,6,1,5
Floorislava,durotan,96,hunter,survival,6,1,5
Nesinwary,ysera,96,hunter,survival,6,1,5
Alsol,drakkari,96,hunter,survival,6,1,5
Esser,mannoroth,96,hunter,survival,6,1,5
Shuweet,moon-guard,96,hunter,survival,6,1,5
Elaiaa,quelthalas,96,hunter,survival,6,1,5
Mybest,stormrage,96,hunter,survival,6,1,5
Feorbxl,proudmoore,96,hunter,survival,6,1,5
Weegnomie,wyrmrest-accord,96,hunter,survival,6,1,5
Ezpzx,sargeras,96,hunter,survival,6,1,5
Lammy,bleeding-hollow,96,hunter,survival,6,1,5
Tazul,malganis,96,hunter,survival,6,1,5
Morghalar,barthilas,96,hunter,survival,12,1,11
Purpmang,bleeding-hollow,96,hunter,survival,12,1,11
Montakka,illidan,79,hunter,survival,5,1,4
Vortex,arthas,63,hunter,survival,2,2,0
Tiagorufneck,ragnaros,48,hunter,survival,3,1,2
Äzrael,elune,41,hunter,survival,6,2,4
Tayeal,thrall,31,hunter,survival,2,1,1
Sniperfx,lightbringer,16,hunter,survival,1,1,0
Longshánks,stormrage,16,hunter,survival,1,1,0
Hurrican,kaelthas,16,hunter,survival,1,1,0
Saiiph,bleeding-hollow,2274,hunter,beastmastery,136,76,60
Sphericsnow,shuhalo,2210,hunter,beastmastery,95,51,44
Ucl,tichondrius,2175,hunter,beastmastery,120,62,58
Axlee,tichondrius,2166,hunter,beastmastery,404,208,196
Studiosx,tichondrius,2158,hunter,beastmastery,112,58,54
Missedmytrap,agamaggan,2149,hunter,beastmastery,80,46,34
Zujo,emerald-dream,2135,hunter,beastmastery,179,92,87
Wmsgs,tichondrius,2116,hunter,beastmastery,129,64,65
Traptations,sargeras,2114,hunter,beastmastery,90,43,47
Warpath,ursin,2113,hunter,beastmastery,144,79,65
Pikabow,tichondrius,2113,hunter,beastmastery,93,47,46
Pãrzival,tichondrius,2100,hunter,beastmastery,66,35,31
Eref,sargeras,2080,hunter,beastmastery,84,44,40
Outz,anvilmar,2080,hunter,beastmastery,448,228,220
Maiyev,quelthalas,2074,hunter,beastmastery,95,52,43
Fish,darkspear,2070,hunter,beastmastery,90,45,45
Graar,tichondrius,2069,hunter,beastmastery,72,36,36
Hfn,stormrage,2058,hunter,beastmastery,70,37,33
Zeddead,magtheridon,2043,hunter,beastmastery,250,132,118
Manyu,tichondrius,2035,hunter,beastmastery,69,34,35
Sphericsnow,sargeras,2034,hunter,beastmastery,122,58,64
Orber,stormrage,2026,hunter,beastmastery,302,159,143
Øverdose,ragnaros,2012,hunter,beastmastery,107,51,56
Antø,tichondrius,2005,hunter,beastmastery,183,90,93
Sarutobi,black-dragonflight,1996,hunter,beastmastery,132,62,70
Reachme,moon-guard,1995,hunter,beastmastery,78,38,40
Pokìmane,tichondrius,1993,hunter,beastmastery,266,141,125
Cannondale,tichondrius,1993,hunter,beastmastery,42,21,21
Hazzersk,ragnaros,1992,hunter,beastmastery,173,83,90
Perawantua,frostmourne,1987,hunter,beastmastery,103,55,48
Squawkers,sargeras,1966,hunter,beastmastery,59,37,22
Diegoshotz,zuljin,1964,hunter,beastmastery,82,39,43
Trappxy,sargeras,1963,hunter,beastmastery,138,72,66
Huntmon,nemesis,1960,hunter,beastmastery,89,42,47
Auwstin,tichondrius,1949,hunter,beastmastery,67,38,29
Beastmunster,frostmourne,1949,hunter,beastmastery,102,48,54
Notvn,illidan,1948,hunter,beastmastery,65,34,31
Arcobaleno,tichondrius,1947,hunter,beastmastery,107,53,54
Twopumphunt,tichondrius,1943,hunter,beastmastery,42,28,14
Rëxx,moon-guard,1933,hunter,beastmastery,139,83,56
Blackathena,tichondrius,1933,hunter,beastmastery,162,83,79
Jalinhabbei,azralon,1930,hunter,beastmastery,45,26,19
Trapful,illidan,1927,hunter,beastmastery,113,55,58
Vëëv,proudmoore,1926,hunter,beastmastery,107,55,52
Nishinos,tichondrius,1925,hunter,beastmastery,221,113,108
Headshotzplz,tichondrius,1924,hunter,beastmastery,71,39,32
Trapandclap,tichondrius,1922,hunter,beastmastery,131,62,69
Audeline,tichondrius,1921,hunter,beastmastery,93,48,45
Lenacraft,frostmourne,1917,hunter,beastmastery,66,41,25
Sxra,area-52,1915,hunter,beastmastery,88,49,39
Ashenga,cairne,1915,hunter,beastmastery,284,149,135
Wodhunterxdd,sargeras,1915,hunter,beastmastery,70,34,36
Kytan,shadowmoon,1914,hunter,beastmastery,216,110,106
Zugbrained,illidan,1910,hunter,beastmastery,274,143,131
Nerfthepet,blackrock,1908,hunter,beastmastery,99,61,38
Nflmaster,malganis,1908,hunter,beastmastery,120,63,57
Genom,tichondrius,1907,hunter,beastmastery,474,237,237
Cashisabeast,zuljin,1906,hunter,beastmastery,58,32,26
Benay,emerald-dream,1904,hunter,beastmastery,84,49,35
Taterballs,illidan,1898,hunter,beastmastery,96,50,46
Junglefever,skywall,1893,hunter,beastmastery,64,34,30
Veevx,proudmoore,1890,hunter,beastmastery,77,50,27
Hogx,sargeras,1890,hunter,beastmastery,78,34,44
Waneallahx,tichondrius,1887,hunter,beastmastery,54,32,22
Nyxus,tichondrius,1887,hunter,beastmastery,125,63,62
Lamerpvp,tichondrius,1885,hunter,beastmastery,50,31,19
Sobewan,staghelm,1881,hunter,beastmastery,115,56,59
Kyló,sargeras,1880,hunter,beastmastery,117,59,58
Carlitocool,tichondrius,1877,hunter,beastmastery,36,28,8
Mugiwara,frostwolf,1877,hunter,beastmastery,42,25,17
Arsk,ragnaros,1874,hunter,beastmastery,160,80,80
Bogen,nemesis,1872,hunter,beastmastery,106,57,49
Argryta,azralon,1872,hunter,beastmastery,47,22,25
Illweedx,kiljaeden,1869,hunter,beastmastery,212,106,106
Lilstinstin,tichondrius,1867,hunter,beastmastery,42,23,19
Dekestei,bleeding-hollow,1867,hunter,beastmastery,65,27,38
Kenshaunter,azralon,1864,hunter,beastmastery,71,31,40
Taxest,illidan,1860,hunter,beastmastery,53,26,27
Flitt,zuljin,1857,hunter,beastmastery,42,21,21
Lkw,tichondrius,1855,hunter,beastmastery,98,47,51
Gumbro,malganis,1854,hunter,beastmastery,144,86,58
Wickyz,malganis,1854,hunter,beastmastery,48,27,21
Faniquitinha,stormrage,1854,hunter,beastmastery,54,25,29
Urukah,gallywix,1853,hunter,beastmastery,58,29,29
Ñotorious,frostmane,1852,hunter,beastmastery,53,27,26
Lrnb,tichondrius,1851,hunter,beastmastery,74,42,32
Yucca,drenden,1851,hunter,beastmastery,48,25,23
Logjohn,frostmourne,1851,hunter,beastmastery,46,22,24
Koridelse,nemesis,1850,hunter,beastmastery,138,68,70
Køk,agamaggan,1850,hunter,beastmastery,47,20,27
Ecl,azralon,1849,hunter,beastmastery,110,66,44
Infinit,onyxia,1848,hunter,beastmastery,112,54,58
Nollzey,frostmourne,1847,hunter,beastmastery,45,22,23
Dayquillx,illidan,1847,hunter,beastmastery,54,25,29
Tânsøxøxø,tichondrius,1847,hunter,beastmastery,54,22,32
Bolanite,illidan,1846,hunter,beastmastery,48,27,21
Jokerlord,illidan,1845,hunter,beastmastery,30,20,10
Nalasdottirh,moon-guard,1845,hunter,beastmastery,84,51,33
Karumä,thrall,1845,hunter,beastmastery,66,31,35
Monffbe,tichondrius,1845,hunter,beastmastery,72,29,43
Inktray,durotan,1844,hunter,beastmastery,37,22,15
Wilmaßallfit,malganis,1844,hunter,beastmastery,71,31,40
Ðeatheater,tichondrius,1843,hunter,beastmastery,41,21,20
Soccratees,shattered-hand,1842,hunter,beastmastery,59,36,23
Sinvat,tichondrius,1842,hunter,beastmastery,42,25,17
Aqq,moon-guard,1842,hunter,beastmastery,98,58,40
Petmanx,tichondrius,1841,hunter,beastmastery,253,137,116
Soulr,tichondrius,1838,hunter,beastmastery,82,46,36
Lenalena,tichondrius,1836,hunter,beastmastery,107,58,49
Massacration,area-52,1836,hunter,beastmastery,69,34,35
Bowrockobama,illidan,1835,hunter,beastmastery,93,49,44
Ârtæmïs,stormrage,1835,hunter,beastmastery,48,24,24
Mørodox,sargeras,1834,hunter,beastmastery,54,24,30
Mvpwonder,frostmourne,1833,hunter,beastmastery,78,40,38
Alaurys,moon-guard,1831,hunter,beastmastery,55,29,26
Smokabombom,eredar,1830,hunter,beastmastery,72,55,17
Absinther,emerald-dream,1829,hunter,beastmastery,66,41,25
Dju,stormrage,1828,hunter,beastmastery,95,51,44
Genug,tichondrius,1828,hunter,beastmastery,72,36,36
Oromia,proudmoore,1828,hunter,beastmastery,60,29,31
Vox,tichondrius,1827,hunter,beastmastery,46,30,16
Tyleraq,area-52,1827,hunter,beastmastery,41,24,17
Ciany,elune,1826,hunter,beastmastery,125,66,59
Negãn,tichondrius,1826,hunter,beastmastery,80,41,39
Flanzo,illidan,1825,hunter,beastmastery,59,32,27
Sniperælite,korgath,1824,hunter,beastmastery,55,32,23
Songhammer,tichondrius,1824,hunter,beastmastery,112,62,50
Madbéê,tichondrius,1824,hunter,beastmastery,47,24,23
Xionos,wyrmrest-accord,1823,hunter,beastmastery,215,116,99
Asynic,blades-edge,1823,hunter,beastmastery,131,70,61
Jeffersan,illidan,1823,hunter,beastmastery,149,72,77
Killaseason,akama,1823,hunter,beastmastery,66,30,36
Tangoda,tichondrius,1822,hunter,beastmastery,42,23,19
Trap,demon-soul,1822,hunter,beastmastery,54,28,26
Zefbaby,quelthalas,1822,hunter,beastmastery,66,31,35
Tyreu,tichondrius,1820,hunter,beastmastery,59,30,29
Grimrokk,malganis,1819,hunter,beastmastery,78,40,38
Phayzd,sargeras,1818,hunter,beastmastery,66,34,32
Scuffedshots,tichondrius,1817,hunter,beastmastery,74,43,31
Doves,wyrmrest-accord,1817,hunter,beastmastery,58,31,27
Hollymarie,nazjatar,1816,hunter,beastmastery,60,36,24
Starkhaven,firetree,1816,hunter,beastmastery,122,68,54
Jawnhunter,tichondrius,1816,hunter,beastmastery,48,23,25
Çute,moon-guard,1815,hunter,beastmastery,60,39,21
Chrisp,bloodhoof,1815,hunter,beastmastery,66,32,34
Hyjax,darkspear,1814,hunter,beastmastery,73,42,31
Kybelís,dalaran,1814,hunter,beastmastery,205,110,95
Gennaro,ragnaros,1814,hunter,beastmastery,36,19,17
Quietqt,ragnaros,1814,hunter,beastmastery,123,64,59
Goonsh,tichondrius,1813,hunter,beastmastery,40,25,15
Asukaw,barthilas,1813,hunter,beastmastery,57,28,29
Wodhunterxdd,tichondrius,1811,hunter,beastmastery,32,23,9
Hogd,sargeras,1810,hunter,beastmastery,54,26,28
Bertimus,sargeras,1809,hunter,beastmastery,158,81,77
Robinhooz,illidan,1807,hunter,beastmastery,187,102,85
Facerolled,area-52,1805,hunter,beastmastery,123,74,49
Easonl,tichondrius,1805,hunter,beastmastery,212,98,114
Lilprimary,tichondrius,1804,hunter,beastmastery,72,33,39
Shot,shuhalo,1802,hunter,beastmastery,30,24,6
Kabalaku,moon-guard,1802,hunter,beastmastery,130,72,58
Warcher,azralon,1802,hunter,beastmastery,60,32,28
Kushaddict,lightnings-blade,1802,hunter,beastmastery,253,125,128
Nelay,ragnaros,1801,hunter,beastmastery,142,75,67
Hg,illidan,1800,hunter,beastmastery,38,25,13
Kangarookyle,illidan,1800,hunter,beastmastery,96,58,38
Shafttrapper,queldorei,1800,hunter,beastmastery,119,64,55
Funkyjunk,arthas,1800,hunter,beastmastery,72,35,37
Shootnskoot,icecrown,1798,hunter,beastmastery,42,27,15
Zå,dalaran,1798,hunter,beastmastery,99,52,47
Zumago,tichondrius,1796,hunter,beastmastery,124,56,68
Playnogames,moon-guard,1795,hunter,beastmastery,60,26,34
Bustyredhead,kelthuzad,1794,hunter,beastmastery,113,51,62
Austelos,moon-guard,1793,hunter,beastmastery,95,52,43
Ellzuk,tichondrius,1790,hunter,beastmastery,54,32,22
Cuchulláin,area-52,1787,hunter,beastmastery,138,73,65
Drektorath,bleeding-hollow,1785,hunter,beastmastery,72,36,36
Sñïpêr,tichondrius,1784,hunter,beastmastery,53,29,24
Survchris,bleeding-hollow,1784,hunter,beastmastery,100,45,55
Pathofsexile,tichondrius,1783,hunter,beastmastery,93,43,50
Mythxplosive,ragnaros,1780,hunter,beastmastery,97,43,54
Hunterphil,hyjal,1777,hunter,beastmastery,66,39,27
Mckim,tichondrius,1775,hunter,beastmastery,48,28,20
Comebacks,ragnaros,1775,hunter,beastmastery,77,42,35
Huntard,stormrage,1775,hunter,beastmastery,115,57,58
Saintpablo,mannoroth,1774,hunter,beastmastery,147,78,69
Tyrokk,barthilas,1774,hunter,beastmastery,84,42,42
Livelovelaff,tichondrius,1773,hunter,beastmastery,54,28,26
Skysmile,tichondrius,1773,hunter,beastmastery,66,34,32
Clowntown,illidan,1772,hunter,beastmastery,48,24,24
Savagerko,illidan,1770,hunter,beastmastery,63,29,34
Trapordíe,tichondrius,1768,hunter,beastmastery,54,31,23
Rcman,tichondrius,1766,hunter,beastmastery,72,54,18
Mukbangbj,terenas,1766,hunter,beastmastery,144,79,65
Tytonic,bleeding-hollow,1765,hunter,beastmastery,66,34,32
Bowzørx,tichondrius,1763,hunter,beastmastery,42,25,17
Perffect,sargeras,1763,hunter,beastmastery,57,24,33
Nutellacrepe,kelthuzad,1761,hunter,beastmastery,242,119,123
Tracershot,malganis,1759,hunter,beastmastery,113,64,49
Skywvlker,illidan,1758,hunter,beastmastery,105,48,57
Goongarg,frostmourne,1753,hunter,beastmastery,60,30,30
Survivalists,kelthuzad,1752,hunter,beastmastery,36,24,12
Datbigbowdoe,illidan,1752,hunter,beastmastery,36,23,13
Mhters,tichondrius,1752,hunter,beastmastery,48,26,22
Esstark,bleeding-hollow,1752,hunter,beastmastery,78,31,47
Cresselia,drakkari,1751,hunter,beastmastery,73,41,32
Tembaktytyd,barthilas,1751,hunter,beastmastery,49,24,25
Aiollus,stormreaver,1749,hunter,beastmastery,42,22,20
Twixzorz,boulderfist,1748,hunter,beastmastery,78,38,40
Airpodpro,emerald-dream,1747,hunter,beastmastery,36,21,15
Trickshotss,illidan,1744,hunter,beastmastery,178,104,74
Xgoh,sargeras,1744,hunter,beastmastery,66,29,37
Xonios,frostwolf,1743,hunter,beastmastery,125,64,61
Thebush,dragonmaw,1742,hunter,beastmastery,114,67,47
Mhter,tichondrius,1738,hunter,beastmastery,113,51,62
Sensator,barthilas,1737,hunter,beastmastery,78,42,36
Vonkrieg,tichondrius,1736,hunter,beastmastery,53,30,23
Deathtomyfoe,sargeras,1735,hunter,beastmastery,54,21,33
Swang,kiljaeden,1734,hunter,beastmastery,91,42,49
Mikey,exodar,1732,hunter,beastmastery,228,126,102
Åspect,aegwynn,1732,hunter,beastmastery,53,28,25
Dahmer,greymane,1732,hunter,beastmastery,62,29,33
Foxqt,emerald-dream,1731,hunter,beastmastery,56,28,28
Fxsb,tichondrius,1730,hunter,beastmastery,254,122,132
Kidao,emerald-dream,1729,hunter,beastmastery,54,30,24
Smullik,wyrmrest-accord,1728,hunter,beastmastery,125,59,66
Bazanguita,tichondrius,1727,hunter,beastmastery,53,29,24
Buliss,wyrmrest-accord,1725,hunter,beastmastery,45,22,23
Turtlegirl,tichondrius,1725,hunter,beastmastery,94,41,53
Dragonspider,zuljin,1724,hunter,beastmastery,30,21,9
Krunkz,frostmourne,1724,hunter,beastmastery,53,33,20
Ðfac,moon-guard,1724,hunter,beastmastery,84,42,42
Thamie,tichondrius,1723,hunter,beastmastery,44,25,19
Reparcero,quelthalas,1723,hunter,beastmastery,42,20,22
Sissleto,tichondrius,1718,hunter,beastmastery,441,221,220
Edarkness,gurubashi,1718,hunter,beastmastery,194,91,103
Kensho,illidan,1718,hunter,beastmastery,219,102,117
Mmeep,illidan,1717,hunter,beastmastery,127,67,60
Kenpachie,jubeithos,1716,hunter,beastmastery,35,23,12
Lucki,blades-edge,1716,hunter,beastmastery,72,40,32
Kenji,sargeras,1716,hunter,beastmastery,80,40,40
Bootydoo,illidan,1715,hunter,beastmastery,133,68,65
Acres,emerald-dream,1714,hunter,beastmastery,27,19,8
Cachín,ragnaros,1714,hunter,beastmastery,65,34,31
Warrccjr,steamwheedle-cartel,1714,hunter,beastmastery,47,21,26
Fanikita,azralon,1712,hunter,beastmastery,75,31,44
Kok,azjolnerub,1712,hunter,beastmastery,54,22,32
Laoai,tichondrius,1711,hunter,beastmastery,37,23,14
Revalay,emerald-dream,1711,hunter,beastmastery,54,32,22
Ipickmynose,tichondrius,1711,hunter,beastmastery,89,51,38
Squeekin,sargeras,1709,hunter,beastmastery,33,26,7
Wordd,area-52,1709,hunter,beastmastery,36,20,16
Dualp,tichondrius,1708,hunter,beastmastery,30,18,12
Artames,tichondrius,1707,hunter,beastmastery,57,23,34
Shablagoosh,zuljin,1706,hunter,beastmastery,37,25,12
Sbplayshunt,akama,1706,hunter,beastmastery,48,19,29
Xorian,frostmourne,1705,hunter,beastmastery,36,18,18
Kango,azgalor,1705,hunter,beastmastery,54,19,35
Hxnry,barthilas,1704,hunter,beastmastery,54,29,25
Puffcopeak,illidan,1702,hunter,beastmastery,90,50,40
Liennä,stormrage,1702,hunter,beastmastery,54,26,28
Sosaho,sargeras,1702,hunter,beastmastery,49,23,26
Snowmnz,tichondrius,1701,hunter,beastmastery,53,30,23
Shadowfangs,tichondrius,1700,hunter,beastmastery,101,49,52
Melov,frostmourne,1700,hunter,beastmastery,76,35,41
Wodunaz,stormrage,1699,hunter,beastmastery,85,52,33
Fatalshots,bonechewer,1699,hunter,beastmastery,42,24,18
Pepepls,proudmoore,1699,hunter,beastmastery,72,38,34
Pkkfantasy,archimonde,1699,hunter,beastmastery,111,58,53
Jímmycorn,sargeras,1698,hunter,beastmastery,66,40,26
Buzzkilla,mannoroth,1698,hunter,beastmastery,48,28,20
Getrekt,azralon,1698,hunter,beastmastery,91,48,43
Geeshot,area-52,1698,hunter,beastmastery,66,27,39
Lexandr,tichondrius,1697,hunter,beastmastery,144,81,63
Casperonni,illidan,1697,hunter,beastmastery,162,87,75
Dj,arygos,1696,hunter,beastmastery,72,38,34
Barosan,illidan,1696,hunter,beastmastery,36,18,18
Missedtrap,tichondrius,1695,hunter,beastmastery,72,39,33
Lfghunter,frostmourne,1695,hunter,beastmastery,50,25,25
Bowreckage,malganis,1695,hunter,beastmastery,251,121,130
Lissavi,tichondrius,1694,hunter,beastmastery,54,31,23
Mojopojo,tichondrius,1694,hunter,beastmastery,61,35,26
Cocoapuffs,cenarius,1694,hunter,beastmastery,42,20,22
Huntinpuss,tichondrius,1694,hunter,beastmastery,50,23,27
Jfkd,sargeras,1694,hunter,beastmastery,52,21,31
Syldris,proudmoore,1693,hunter,beastmastery,42,27,15
Tuân,azgalor,1693,hunter,beastmastery,42,24,18
Urukkz,goldrinn,1693,hunter,beastmastery,60,25,35
Jboogie,malganis,1692,hunter,beastmastery,46,21,25
Nobito,quelthalas,1691,hunter,beastmastery,153,82,71
Flor,boulderfist,1688,hunter,beastmastery,56,28,28
Whoshotu,tichondrius,1687,hunter,beastmastery,65,34,31
Jellyleg,bleeding-hollow,1686,hunter,beastmastery,42,23,19
Fabbs,frostmourne,1686,hunter,beastmastery,52,26,26
Liillilliil,tichondrius,1686,hunter,beastmastery,46,22,24
Edelyysa,arthas,1682,hunter,beastmastery,192,94,98
Kaboomza,tichondrius,1681,hunter,beastmastery,96,55,41
Kapukapu,illidan,1679,hunter,beastmastery,30,18,12
Darylovejr,destromath,1679,hunter,beastmastery,36,19,17
Showtheio,azralon,1679,hunter,beastmastery,93,48,45
Phatshiet,anvilmar,1679,hunter,beastmastery,80,41,39
Silverbite,garona,1678,hunter,beastmastery,92,51,41
Shootiepie,hyjal,1677,hunter,beastmastery,30,19,11
Barbed,blackrock,1677,hunter,beastmastery,61,27,34
Lark,emerald-dream,1676,hunter,beastmastery,45,22,23
Mukeru,stormrage,1675,hunter,beastmastery,48,29,19
Saiiphz,bleeding-hollow,1675,hunter,beastmastery,40,22,18
Urzoth,tichondrius,1673,hunter,beastmastery,72,45,27
Sniper,area-52,1673,hunter,beastmastery,260,127,133
Scythedom,tichondrius,1673,hunter,beastmastery,48,23,25
Spizsnipes,malganis,1672,hunter,beastmastery,66,30,36
Killshøtß,tichondrius,1672,hunter,beastmastery,71,32,39
Gabulmenina,nemesis,1671,hunter,beastmastery,48,23,25
Reay,frostmourne,1670,hunter,beastmastery,72,38,34
Chouriça,stormrage,1668,hunter,beastmastery,30,22,8
Deutêr,quelthalas,1668,hunter,beastmastery,50,23,27
Dirtymongrel,barthilas,1667,hunter,beastmastery,120,60,60
Koalahunter,area-52,1667,hunter,beastmastery,76,31,45
Sonichunterr,illidan,1666,hunter,beastmastery,118,69,49
Montakka,illidan,1666,hunter,beastmastery,66,36,30
Pineapplees,tichondrius,1664,hunter,beastmastery,90,44,46
Hokutoxx,tichondrius,1663,hunter,beastmastery,61,25,36
Asurvivor,suramar,1662,hunter,beastmastery,250,130,120
Illsugoi,frostwolf,1662,hunter,beastmastery,158,78,80
Yughii,stormrage,1662,hunter,beastmastery,42,20,22
Somethinggo,tichondrius,1662,hunter,beastmastery,265,125,140
Pinêapplê,bleeding-hollow,1661,hunter,beastmastery,36,23,13
Shootsb,tichondrius,1661,hunter,beastmastery,124,58,66
Bicas,emerald-dream,1660,hunter,beastmastery,84,42,42
Raymose,tichondrius,1659,hunter,beastmastery,89,41,48
Hughneutron,kirin-tor,1658,hunter,beastmastery,331,186,145
Dpdóugh,illidan,1658,hunter,beastmastery,112,59,53
Stel,tichondrius,1655,hunter,beastmastery,63,38,25
Gufanyaun,tichondrius,1654,hunter,beastmastery,34,18,16
Crounzz,sargeras,1654,hunter,beastmastery,72,28,44
Muffkick,illidan,1653,hunter,beastmastery,44,24,20
Kopula,illidan,1653,hunter,beastmastery,67,35,32
Fockewulf,dragonmaw,1653,hunter,beastmastery,137,60,77
Rndx,sargeras,1653,hunter,beastmastery,46,20,26
Sylviai,hyjal,1652,hunter,beastmastery,77,40,37
Sindragostra,tichondrius,1652,hunter,beastmastery,135,70,65
Daskreg,uther,1652,hunter,beastmastery,41,20,21
Kwinoah,zuljin,1651,hunter,beastmastery,198,96,102
Teddybowschi,sargeras,1650,hunter,beastmastery,35,18,17
Ryûkø,quelthalas,1650,hunter,beastmastery,96,45,51
Odb,kelthuzad,1650,hunter,beastmastery,48,20,28
Greyhunts,tichondrius,1649,hunter,beastmastery,48,23,25
Montano,area-52,1648,hunter,beastmastery,38,25,13
Grimbrew,garona,1648,hunter,beastmastery,47,26,21
Ñðñdêsçrípt,frostmourne,1648,hunter,beastmastery,109,59,50
Cw,gorefiend,1647,hunter,beastmastery,48,25,23
Wildlifezoo,tichondrius,1647,hunter,beastmastery,42,18,24
Kite,dathremar,1646,hunter,beastmastery,36,21,15
Razor,destromath,1646,hunter,beastmastery,135,65,70
Zemphoths,eredar,1645,hunter,beastmastery,93,41,52
Mauklindaufe,fenris,1644,hunter,beastmastery,85,43,42
Tus,tichondrius,1644,hunter,beastmastery,60,23,37
Mlemily,stormrage,1643,hunter,beastmastery,63,36,27
Stonehard,mugthol,1643,hunter,beastmastery,54,23,31
Unloaded,illidan,1642,hunter,beastmastery,63,39,24
Kaizong,hyjal,1642,hunter,beastmastery,47,25,22
Fernn,illidan,1642,hunter,beastmastery,246,119,127
Horcnbeans,bleeding-hollow,1640,hunter,beastmastery,274,138,136
Kaelhim,warsong,1638,hunter,beastmastery,28,20,8
Legacyhunter,nazgrel,1638,hunter,beastmastery,36,19,17
Icecaffemoca,tichondrius,1638,hunter,beastmastery,72,32,40
Publicpooper,tichondrius,1637,hunter,beastmastery,36,21,15
Mournebow,tichondrius,1637,hunter,beastmastery,309,167,142
Energiser,stormrage,1637,hunter,beastmastery,58,29,29
Scattertrap,ragnaros,1636,hunter,beastmastery,36,22,14
Mcclintock,executus,1636,hunter,beastmastery,41,21,20
Drakarth,khazgoroth,1635,hunter,beastmastery,47,22,25
Terminatôr,malganis,1634,hunter,beastmastery,66,31,35
Kahll,azralon,1634,hunter,beastmastery,54,24,30
Beastkets,area-52,1632,hunter,beastmastery,60,31,29
Airhunt,thrall,1632,hunter,beastmastery,42,19,23
Damadar,tichondrius,1632,hunter,beastmastery,42,19,23
Liadrelle,proudmoore,1632,hunter,beastmastery,63,27,36
Thtswap,moon-guard,1630,hunter,beastmastery,66,38,28
Hongnael,tichondrius,1629,hunter,beastmastery,66,36,30
Onemoreshot,bleeding-hollow,1629,hunter,beastmastery,137,71,66
Axxll,tichondrius,1629,hunter,beastmastery,55,25,30
Raven,sargeras,1629,hunter,beastmastery,94,41,53
Vurlo,tichondrius,1628,hunter,beastmastery,54,30,24
Lustblitz,illidan,1627,hunter,beastmastery,30,17,13
Suetyic,tichondrius,1626,hunter,beastmastery,42,22,20
Layloww,thrall,1626,hunter,beastmastery,36,18,18
Angrypepe,bleeding-hollow,1626,hunter,beastmastery,48,23,25
Beastkets,proudmoore,1626,hunter,beastmastery,55,22,33
Liarael,illidan,1625,hunter,beastmastery,166,76,90
Eastwood,tichondrius,1625,hunter,beastmastery,119,54,65
Zakalla,malganis,1622,hunter,beastmastery,62,33,29
Assbow,kiljaeden,1622,hunter,beastmastery,161,76,85
Mojopotato,stormrage,1622,hunter,beastmastery,83,39,44
Plastera,zuljin,1620,hunter,beastmastery,58,25,33
Brokiînn,aegwynn,1619,hunter,beastmastery,129,67,62
Rürü,illidan,1618,hunter,beastmastery,40,21,19
Lasix,burning-blade,1618,hunter,beastmastery,143,72,71
Reallybroke,stormrage,1617,hunter,beastmastery,56,32,24
Darkoshuntar,tichondrius,1617,hunter,beastmastery,30,17,13
Camhaanes,area-52,1617,hunter,beastmastery,179,96,83
Oblivîon,illidan,1616,hunter,beastmastery,59,38,21
Telånnas,illidan,1616,hunter,beastmastery,42,21,21
Jinchuriki,shadow-council,1616,hunter,beastmastery,71,32,39
Skytrooper,boulderfist,1616,hunter,beastmastery,59,26,33
Nooche,bleeding-hollow,1615,hunter,beastmastery,36,22,14
Thejw,firetree,1614,hunter,beastmastery,30,17,13
Myladyy,zuljin,1614,hunter,beastmastery,89,43,46
Legoflaiz,drakkari,1614,hunter,beastmastery,48,23,25
Pillarington,tichondrius,1613,hunter,beastmastery,52,32,20
Kript,dragonmaw,1613,hunter,beastmastery,431,213,218
Ahuamax,tichondrius,1611,hunter,beastmastery,94,55,39
Grannygatya,tichondrius,1610,hunter,beastmastery,42,24,18
Despise,frostmourne,1610,hunter,beastmastery,42,23,19
Vanasir,moon-guard,1610,hunter,beastmastery,47,24,23
Mambothehunt,stormrage,1610,hunter,beastmastery,89,42,47
Teneightt,tichondrius,1609,hunter,beastmastery,110,55,55
Lilskill,lightnings-blade,1609,hunter,beastmastery,54,26,28
Andalora,malganis,1609,hunter,beastmastery,75,33,42
Statistic,black-dragonflight,1608,hunter,beastmastery,59,30,29
Njörðr,eldrethalas,1608,hunter,beastmastery,65,32,33
Spídër,maiev,1608,hunter,beastmastery,80,37,43
Ullr,gurubashi,1608,hunter,beastmastery,112,49,63
Recklaw,frostmourne,1607,hunter,beastmastery,36,21,15
Reeload,tichondrius,1607,hunter,beastmastery,30,17,13
Parnicyon,frostmourne,1607,hunter,beastmastery,209,109,100
Focusfire,khazgoroth,1607,hunter,beastmastery,66,32,34
Mordriva,azjolnerub,1607,hunter,beastmastery,53,25,28
Shootnoscore,vashj,1606,hunter,beastmastery,83,46,37
Elad,tichondrius,1606,hunter,beastmastery,114,61,53
Mistachów,malganis,1606,hunter,beastmastery,47,22,25
Nodougaelark,dalaran,1606,hunter,beastmastery,48,20,28
Légölás,tichondrius,1603,hunter,beastmastery,84,47,37
Coopshot,darkspear,1603,hunter,beastmastery,75,40,35
Jillypoo,azralon,1602,hunter,beastmastery,30,21,9
Jackcoügh,frostmourne,1602,hunter,beastmastery,49,21,28
Bettallana,tichondrius,1601,hunter,beastmastery,30,17,13
Jeonghun,tichondrius,1601,hunter,beastmastery,38,21,17
Axis,mugthol,1601,hunter,beastmastery,85,45,40
Aazua,frostmourne,1601,hunter,beastmastery,45,22,23
Snewfly,tichondrius,1600,hunter,beastmastery,54,36,18
Putos,zuljin,1600,hunter,beastmastery,48,27,21
Hillside,frostmourne,1600,hunter,beastmastery,98,50,48
Gonnujo,ragnaros,1600,hunter,beastmastery,72,29,43
Bloodymalik,tichondrius,1600,hunter,beastmastery,50,19,31
Whitecake,area-52,1598,hunter,beastmastery,46,27,19
Harag,bleeding-hollow,1598,hunter,beastmastery,51,21,30
Stfd,illidan,1596,hunter,beastmastery,48,21,27
Khels,stormreaver,1594,hunter,beastmastery,46,24,22
Wøden,draka,1594,hunter,beastmastery,108,55,53
Brorc,kul-tiras,1593,hunter,beastmastery,42,24,18
Metrallon,black-dragonflight,1593,hunter,beastmastery,59,31,28
Shyck,ragnaros,1591,hunter,beastmastery,71,35,36
Consanguin,sargeras,1590,hunter,beastmastery,42,24,18
Grindal,drakkari,1590,hunter,beastmastery,54,25,29
Merkidy,illidan,1588,hunter,beastmastery,35,20,15
Svsnipe,tichondrius,1587,hunter,beastmastery,67,36,31
Killwill,illidan,1587,hunter,beastmastery,54,28,26
Torolol,tichondrius,1587,hunter,beastmastery,168,86,82
Hofftimus,tichondrius,1585,hunter,beastmastery,82,53,29
Sashagreen,frostmourne,1585,hunter,beastmastery,83,43,40
Toxarch,aggramar,1585,hunter,beastmastery,78,39,39
Apøllö,kilrogg,1585,hunter,beastmastery,298,140,158
Haamsuplo,tichondrius,1584,hunter,beastmastery,30,17,13
Sasorï,nemesis,1584,hunter,beastmastery,48,24,24
Biehuixin,tichondrius,1583,hunter,beastmastery,92,45,47
Mavrik,sargeras,1582,hunter,beastmastery,41,21,20
Hunterbloo,sargeras,1581,hunter,beastmastery,41,20,21
Kniightjayyx,kelthuzad,1581,hunter,beastmastery,114,51,63
Despairius,moon-guard,1580,hunter,beastmastery,62,35,27
Hovahdo,proudmoore,1579,hunter,beastmastery,41,22,19
Zyzzmirin,illidan,1577,hunter,beastmastery,78,35,43
Thezeus,barthilas,1577,hunter,beastmastery,95,41,54
Overshot,tichondrius,1577,hunter,beastmastery,72,31,41
Emmihunt,tichondrius,1577,hunter,beastmastery,42,18,24
Häm,dalaran,1576,hunter,beastmastery,169,89,80
Stimpblimp,jubeithos,1576,hunter,beastmastery,40,19,21
Aredbull,jubeithos,1576,hunter,beastmastery,48,22,26
Squishasf,tichondrius,1575,hunter,beastmastery,30,18,12
Baozilieren,tichondrius,1575,hunter,beastmastery,48,24,24
Willdey,frostmourne,1574,hunter,beastmastery,48,18,30
Morbow,proudmoore,1573,hunter,beastmastery,88,48,40
Pumpydumpy,malganis,1572,hunter,beastmastery,36,24,12
Squeeb,frostmourne,1572,hunter,beastmastery,62,30,32
Pàstor,azralon,1571,hunter,beastmastery,42,21,21
Zennifi,bleeding-hollow,1570,hunter,beastmastery,97,49,48
Snipin,ragnaros,1570,hunter,beastmastery,48,18,30
Phindo,agamaggan,1569,hunter,beastmastery,36,20,16
Robnhunt,tichondrius,1568,hunter,beastmastery,36,18,18
Zakrogg,tichondrius,1568,hunter,beastmastery,113,55,58
Skeetslinger,illidan,1568,hunter,beastmastery,45,18,27
Petkd,frostmourne,1566,hunter,beastmastery,48,27,21
Grumnz,thrall,1564,hunter,beastmastery,54,28,26
Elieliloa,quelthalas,1564,hunter,beastmastery,104,51,53
Uzpak,tichondrius,1561,hunter,beastmastery,77,44,33
Mortalz,barthilas,1560,hunter,beastmastery,250,125,125
Jugi,wyrmrest-accord,1556,hunter,beastmastery,87,47,40
Lindsang,illidan,1556,hunter,beastmastery,66,35,31
Lemmetrap,illidan,1554,hunter,beastmastery,41,22,19
Jangle,mannoroth,1552,hunter,beastmastery,100,58,42
Keboks,alleria,1551,hunter,beastmastery,33,18,15
Regivaness,nemesis,1551,hunter,beastmastery,90,48,42
Khaydarin,sargeras,1551,hunter,beastmastery,48,21,27
Cummis,skullcrusher,1549,hunter,beastmastery,30,19,11
Partz,darkspear,1549,hunter,beastmastery,36,20,16
Tagsy,quelthalas,1548,hunter,beastmastery,36,21,15
Hazzeth,thrall,1547,hunter,beastmastery,36,25,11
Readtitle,malganis,1546,hunter,beastmastery,60,35,25
Reloadz,shattered-hand,1546,hunter,beastmastery,72,38,34
Dorkins,azralon,1545,hunter,beastmastery,56,32,24
Souperman,malganis,1545,hunter,beastmastery,42,19,23
Cinnybunz,malganis,1543,hunter,beastmastery,31,18,13
Ungoliánt,cairne,1543,hunter,beastmastery,72,37,35
Terpa,nemesis,1542,hunter,beastmastery,208,104,104
Outfazed,tichondrius,1541,hunter,beastmastery,105,57,48
Exitwoundz,hyjal,1541,hunter,beastmastery,89,45,44
Dôntlosmebro,stormrage,1540,hunter,beastmastery,66,37,29
Mfjl,tichondrius,1540,hunter,beastmastery,105,52,53
Varka,area-52,1539,hunter,beastmastery,48,26,22
Internade,frostmourne,1539,hunter,beastmastery,72,35,37
Szone,tichondrius,1538,hunter,beastmastery,184,93,91
Laurenx,illidan,1537,hunter,beastmastery,33,20,13
Kaliaraan,bleeding-hollow,1537,hunter,beastmastery,130,68,62
Somethinglit,sargeras,1537,hunter,beastmastery,75,38,37
Runforthehil,barthilas,1537,hunter,beastmastery,60,30,30
Pobby,frostmourne,1536,hunter,beastmastery,31,24,7
Monatre,fizzcrank,1536,hunter,beastmastery,87,37,50
Velhokoira,illidan,1534,hunter,beastmastery,60,35,25
Sanchode,tichondrius,1534,hunter,beastmastery,78,36,42
Sniffler,barthilas,1532,hunter,beastmastery,36,16,20
Hog,darkspear,1530,hunter,beastmastery,30,16,14
Cyrsmen,ragnaros,1529,hunter,beastmastery,234,116,118
Sillyvannas,thrall,1529,hunter,beastmastery,68,32,36
Teaks,aggramar,1527,hunter,beastmastery,30,16,14
Breezekeeper,area-52,1527,hunter,beastmastery,78,40,38
Airlol,tichondrius,1527,hunter,beastmastery,36,16,20
Shadowtensai,stormrage,1527,hunter,beastmastery,84,37,47
Robitur,sargeras,1526,hunter,beastmastery,36,17,19
Ddänz,kiljaeden,1524,hunter,beastmastery,101,41,60
Broydiesnipe,illidan,1523,hunter,beastmastery,24,16,8
Dooper,malfurion,1523,hunter,beastmastery,42,20,22
Happyvelic,tichondrius,1522,hunter,beastmastery,36,16,20
Santiiadonai,quelthalas,1520,hunter,beastmastery,30,17,13
Lele,stormrage,1519,hunter,beastmastery,114,60,54
Bonnèy,zuljin,1518,hunter,beastmastery,49,32,17
Toozz,frostmourne,1517,hunter,beastmastery,42,16,26
Clinteastwoo,ragnaros,1517,hunter,beastmastery,48,16,32
Sereom,frostmourne,1516,hunter,beastmastery,201,109,92
Tageh,malganis,1516,hunter,beastmastery,97,48,49
Gernon,frostmourne,1516,hunter,beastmastery,75,37,38
Balldik,bleeding-hollow,1515,hunter,beastmastery,102,50,52
Blanar,quelthalas,1515,hunter,beastmastery,60,23,37
Cyboreg,stormrage,1514,hunter,beastmastery,70,41,29
Hynathios,azralon,1514,hunter,beastmastery,59,28,31
Yugno,wildhammer,1513,hunter,beastmastery,42,22,20
Whatfoxsay,tichondrius,1513,hunter,beastmastery,54,26,28
Deirrë,saurfang,1512,hunter,beastmastery,197,105,92
Yager,kalecgos,1512,hunter,beastmastery,52,26,26
Askelon,firetree,1511,hunter,beastmastery,45,22,23
Gamestopceo,tichondrius,1511,hunter,beastmastery,84,41,43
Tosila,tichondrius,1511,hunter,beastmastery,36,16,20
Shøz,wyrmrest-accord,1508,hunter,beastmastery,42,22,20
Qlbl,tichondrius,1508,hunter,beastmastery,57,27,30
Datadyne,stormrage,1507,hunter,beastmastery,18,16,2
Diavál,area-52,1507,hunter,beastmastery,46,26,20
Bubbzar,frostmourne,1507,hunter,beastmastery,60,30,30
Chizhi,tichondrius,1506,hunter,beastmastery,126,64,62
Hohohohahah,gallywix,1506,hunter,beastmastery,42,18,24
Volbz,barthilas,1505,hunter,beastmastery,36,16,20
Showmakerc,proudmoore,1505,hunter,beastmastery,141,62,79
Buggyhuntz,stormrage,1504,hunter,beastmastery,67,38,29
Pankyrangs,kelthuzad,1504,hunter,beastmastery,54,27,27
Cullowhee,proudmoore,1504,hunter,beastmastery,57,27,30
Emilysamuels,tichondrius,1503,hunter,beastmastery,24,16,8
Chowyunfatss,proudmoore,1503,hunter,beastmastery,136,66,70
Tinyted,nathrezim,1502,hunter,beastmastery,101,49,52
Fkkroglash,barthilas,1501,hunter,beastmastery,42,23,19
Rektarrow,area-52,1501,hunter,beastmastery,77,36,41
Drunkhunter,malygos,1500,hunter,beastmastery,36,19,17
Chrest,sargeras,1500,hunter,beastmastery,76,39,37
Tsuro,area-52,1499,hunter,beastmastery,83,41,42
Irøneye,sargeras,1499,hunter,beastmastery,55,20,35
Sambucca,daggerspine,1498,hunter,beastmastery,120,52,68
Xcisiion,nagrand,1497,hunter,beastmastery,112,53,59
Folf,turalyon,1497,hunter,beastmastery,78,34,44
Yeaheh,area-52,1496,hunter,beastmastery,36,20,16
Beasting,moon-guard,1496,hunter,beastmastery,66,31,35
Sartel,tichondrius,1495,hunter,beastmastery,30,17,13
Bronke,azralon,1495,hunter,beastmastery,108,52,56
Ramchi,burning-blade,1494,hunter,beastmastery,61,33,28
Xuorias,area-52,1494,hunter,beastmastery,47,24,23
Thiccphat,sargeras,1493,hunter,beastmastery,40,23,17
Cryfu,kelthuzad,1493,hunter,beastmastery,30,17,13
Zaetor,ragnaros,1493,hunter,beastmastery,119,65,54
Punjisticks,tichondrius,1492,hunter,beastmastery,110,53,57
Phiyuh,stormrage,1491,hunter,beastmastery,90,46,44
Finalshot,barthilas,1491,hunter,beastmastery,39,18,21
Pavlovik,ragnaros,1491,hunter,beastmastery,60,25,35
Anastasia,gorgonnash,1490,hunter,beastmastery,66,36,30
Borudin,stormrage,1490,hunter,beastmastery,233,113,120
Smoothbrainz,blackrock,1490,hunter,beastmastery,48,22,26
Limcross,drakkari,1489,hunter,beastmastery,56,28,28
Gaktog,area-52,1489,hunter,beastmastery,51,25,26
Setepalms,azralon,1489,hunter,beastmastery,38,18,20
Wredd,nemesis,1488,hunter,beastmastery,35,20,15
Shockwave,velen,1488,hunter,beastmastery,293,150,143
Zünma,tichondrius,1488,hunter,beastmastery,60,30,30
Angdre,tichondrius,1488,hunter,beastmastery,71,35,36
Jacss,azralon,1487,hunter,beastmastery,36,20,16
Scirfreez,ragnaros,1487,hunter,beastmastery,66,30,36
Shedowhunter,azralon,1486,hunter,beastmastery,42,26,16
Bigolekack,tichondrius,1486,hunter,beastmastery,66,32,34
Droneshot,tichondrius,1485,hunter,beastmastery,54,35,19
Yandralen,kiljaeden,1485,hunter,beastmastery,129,66,63
Laras,blades-edge,1484,hunter,beastmastery,36,22,14
Nitroxl,illidan,1484,hunter,beastmastery,120,60,60
Turbows,proudmoore,1484,hunter,beastmastery,54,26,28
Drig,korgath,1483,hunter,beastmastery,71,35,36
Cerébro,illidan,1483,hunter,beastmastery,90,35,55
Barainto,tichondrius,1482,hunter,beastmastery,30,16,14
Gandson,fizzcrank,1482,hunter,beastmastery,71,36,35
Midgetsniper,thrall,1481,hunter,beastmastery,32,17,15
Amazoness,tichondrius,1481,hunter,beastmastery,78,41,37
Selhort,quelthalas,1481,hunter,beastmastery,84,36,48
Rengarok,emerald-dream,1480,hunter,beastmastery,44,23,21
Grànd,tortheldrin,1480,hunter,beastmastery,66,33,33
Triggamikê,tichondrius,1479,hunter,beastmastery,32,18,14
Hyena,kelthuzad,1479,hunter,beastmastery,42,21,21
Junmuxiao,ragnaros,1478,hunter,beastmastery,124,61,63
Scourgesurge,kiljaeden,1478,hunter,beastmastery,145,71,74
Josyv,quelthalas,1477,hunter,beastmastery,36,21,15
Accuzationzx,tichondrius,1477,hunter,beastmastery,47,25,22
Zansnipes,dalaran,1476,hunter,beastmastery,30,18,12
Pingaamarela,nemesis,1476,hunter,beastmastery,232,122,110
Garzb,area-52,1476,hunter,beastmastery,42,22,20
Phatniss,tichondrius,1476,hunter,beastmastery,42,16,26
Loktarnum,illidan,1474,hunter,beastmastery,64,29,35
Gorgoon,sargeras,1470,hunter,beastmastery,72,37,35
Virolac,tichondrius,1469,hunter,beastmastery,32,16,16
Unrealpewpew,lightbringer,1469,hunter,beastmastery,178,86,92
Probo,aegwynn,1468,hunter,beastmastery,30,17,13
Fistbirtdor,illidan,1468,hunter,beastmastery,64,30,34
Caetomon,kiljaeden,1467,hunter,beastmastery,29,18,11
Kleankilla,malganis,1466,hunter,beastmastery,62,35,27
Lunarlunar,khadgar,1466,hunter,beastmastery,56,24,32
Tacos,kelthuzad,1465,hunter,beastmastery,36,22,14
Léfty,burning-blade,1465,hunter,beastmastery,90,42,48
Sootgarbage,sargeras,1464,hunter,beastmastery,72,42,30
Kerandas,stormrage,1463,hunter,beastmastery,35,19,16
Chîll,frostmourne,1463,hunter,beastmastery,36,19,17
Kupla,mugthol,1463,hunter,beastmastery,36,17,19
Shangowar,darrowmere,1462,hunter,beastmastery,30,17,13
Spicycheezit,malganis,1462,hunter,beastmastery,54,28,26
Xpyro,azralon,1462,hunter,beastmastery,72,36,36
Fifie,azgalor,1460,hunter,beastmastery,77,39,38
Dreygar,dawnbringer,1460,hunter,beastmastery,218,106,112
ßoness,area-52,1460,hunter,beastmastery,92,38,54
Jaysuper,zuljin,1460,hunter,beastmastery,84,34,50
Danncer,alexstrasza,1459,hunter,beastmastery,102,56,46
Bootylickin,tichondrius,1459,hunter,beastmastery,36,17,19
Pheijaumn,azralon,1458,hunter,beastmastery,55,32,23
Mms,frostmourne,1458,hunter,beastmastery,84,43,41
Ehnó,illidan,1458,hunter,beastmastery,39,19,20
Javoz,drakkari,1457,hunter,beastmastery,59,28,31
Mikly,ragnaros,1457,hunter,beastmastery,44,18,26
Wolfarms,area-52,1455,hunter,beastmastery,93,45,48
Puppe,sargeras,1452,hunter,beastmastery,61,31,30
Computer,darkspear,1452,hunter,beastmastery,48,24,24
Sax,stormreaver,1452,hunter,beastmastery,36,16,20
Freebeë,area-52,1451,hunter,beastmastery,109,58,51
Fusbowdah,bleeding-hollow,1451,hunter,beastmastery,64,29,35
Bepee,auchindoun,1449,hunter,beastmastery,145,82,63
Spitballa,emerald-dream,1448,hunter,beastmastery,66,30,36
Stalkstride,destromath,1447,hunter,beastmastery,78,36,42
Paganfinn,tichondrius,1446,hunter,beastmastery,114,55,59
Narus,whisperwind,1444,hunter,beastmastery,132,74,58
Kouandjio,area-52,1444,hunter,beastmastery,36,18,18
Sabanna,proudmoore,1442,hunter,beastmastery,36,20,16
Zanahoria,stormscale,1442,hunter,beastmastery,43,19,24
Daarrk,thrall,1441,hunter,beastmastery,82,39,43
Cophunter,tichondrius,1441,hunter,beastmastery,66,31,35
Vanero,eonar,1441,hunter,beastmastery,119,52,67
Aguntur,ragnaros,1440,hunter,beastmastery,141,79,62
Spunky,zuluhed,1440,hunter,beastmastery,29,16,13
Cigâro,thrall,1440,hunter,beastmastery,229,117,112
Tahksick,tichondrius,1440,hunter,beastmastery,41,16,25
Dontmissz,tichondrius,1439,hunter,beastmastery,59,32,27
Kârân,tichondrius,1439,hunter,beastmastery,115,58,57
Lashga,wyrmrest-accord,1439,hunter,beastmastery,47,22,25
Yná,azralon,1438,hunter,beastmastery,24,15,9
Feignmilf,tichondrius,1438,hunter,beastmastery,87,51,36
Bigclamz,dragonmaw,1437,hunter,beastmastery,45,25,20
Zephanno,sargeras,1437,hunter,beastmastery,42,17,25
Bliv,tichondrius,1436,hunter,beastmastery,18,15,3
Aristæos,kelthuzad,1436,hunter,beastmastery,77,40,37
Sungoro,tichondrius,1436,hunter,beastmastery,96,44,52
Sarahbeara,moonrunner,1435,hunter,beastmastery,24,15,9
Alexxspewpew,ragnaros,1434,hunter,beastmastery,29,15,14
Dlabio,emerald-dream,1434,hunter,beastmastery,114,57,57
Peiching,proudmoore,1434,hunter,beastmastery,54,26,28
Kleivar,alleria,1432,hunter,beastmastery,36,17,19
Seatback,arathor,1432,hunter,beastmastery,80,35,45
Kkoner,illidan,1431,hunter,beastmastery,24,15,9
Munyshotz,tichondrius,1431,hunter,beastmastery,128,72,56
Thoridhal,quelthalas,1431,hunter,beastmastery,84,41,43
Seljzs,zuljin,1430,hunter,beastmastery,24,15,9
Chouklak,zuljin,1429,hunter,beastmastery,30,15,15
Prierhunt,frostmourne,1429,hunter,beastmastery,36,15,21
Zarova,moon-guard,1428,hunter,beastmastery,24,15,9
Lilbic,bleeding-hollow,1427,hunter,beastmastery,33,22,11
Iyne,stormrage,1427,hunter,beastmastery,36,15,21
Yaisk,tichondrius,1426,hunter,beastmastery,74,38,36
Entrapment,emerald-dream,1426,hunter,beastmastery,47,22,25
Revbubs,darkspear,1425,hunter,beastmastery,77,40,37
Snapyaf,area-52,1424,hunter,beastmastery,39,17,22
Kellsier,nordrassil,1422,hunter,beastmastery,30,15,15
Jesselos,stormrage,1422,hunter,beastmastery,60,29,31
Twatshót,burning-legion,1422,hunter,beastmastery,51,20,31
Keknine,gnomeregan,1421,hunter,beastmastery,92,44,48
Xuv,illidan,1421,hunter,beastmastery,52,23,29
Boomseed,nagrand,1420,hunter,beastmastery,34,16,18
Nephewblasty,nagrand,1419,hunter,beastmastery,42,23,19
Redwolf,moon-guard,1419,hunter,beastmastery,80,42,38
Mackabeagden,illidan,1418,hunter,beastmastery,40,17,23
Strikerfirst,area-52,1417,hunter,beastmastery,45,27,18
Araghrn,draktharon,1417,hunter,beastmastery,111,54,57
Rawspits,kiljaeden,1417,hunter,beastmastery,47,17,30
Celarla,tichondrius,1416,hunter,beastmastery,27,16,11
Gannidema,illidan,1416,hunter,beastmastery,30,17,13
Sülivan,zuljin,1416,hunter,beastmastery,103,55,48
Gravshot,zuljin,1416,hunter,beastmastery,36,18,18
Belime,korgath,1415,hunter,beastmastery,96,53,43
Chaw,nathrezim,1415,hunter,beastmastery,251,125,126
Legolasbow,tichondrius,1414,hunter,beastmastery,58,30,28
Akoshi,illidan,1414,hunter,beastmastery,42,18,24
Clütch,darkspear,1413,hunter,beastmastery,36,15,21
Existential,moon-guard,1412,hunter,beastmastery,59,27,32
Laudion,quelthalas,1410,hunter,beastmastery,30,20,10
Sylpheous,bleeding-hollow,1410,hunter,beastmastery,54,18,36
Zombified,moon-guard,1409,hunter,beastmastery,50,23,27
Hercules,draktharon,1409,hunter,beastmastery,44,20,24
Hobbléfoot,proudmoore,1409,hunter,beastmastery,36,15,21
Meowimadog,spinebreaker,1408,hunter,beastmastery,66,39,27
Hobbingtons,thunderlord,1406,hunter,beastmastery,54,24,30
Nalsa,tichondrius,1406,hunter,beastmastery,36,16,20
Nubberton,sargeras,1406,hunter,beastmastery,36,15,21
Sioul,bleeding-hollow,1403,hunter,beastmastery,30,15,15
Nimbioth,proudmoore,1402,hunter,beastmastery,36,16,20
Ruffini,tichondrius,1402,hunter,beastmastery,60,26,34
Sliturthroat,barthilas,1402,hunter,beastmastery,50,20,30
Shrapnelx,ragnaros,1402,hunter,beastmastery,47,16,31
Lastanar,amanthul,1401,hunter,beastmastery,141,76,65
Rocchettâ,kirin-tor,1399,hunter,beastmastery,58,31,27
Floopze,burning-legion,1399,hunter,beastmastery,30,16,14
Overshot,barthilas,1397,hunter,beastmastery,24,16,8
Therooth,bleeding-hollow,1397,hunter,beastmastery,59,35,24
Eggbertx,frostmourne,1396,hunter,beastmastery,36,19,17
Jyttrg,tichondrius,1396,hunter,beastmastery,65,34,31
Boomsprocket,khazgoroth,1395,hunter,beastmastery,51,31,20
Shootaids,illidan,1394,hunter,beastmastery,71,43,28
Luoca,shuhalo,1394,hunter,beastmastery,36,18,18
Spèedbump,stormrage,1394,hunter,beastmastery,81,40,41
Fruitenveg,frostmourne,1393,hunter,beastmastery,48,24,24
Huntncheekz,kelthuzad,1393,hunter,beastmastery,30,15,15
Morganson,moon-guard,1393,hunter,beastmastery,267,130,137
Oceandoom,tichondrius,1392,hunter,beastmastery,182,94,88
Timmee,bleeding-hollow,1392,hunter,beastmastery,36,15,21
Fuzzypjs,stormrage,1390,hunter,beastmastery,42,24,18
Óriion,zuljin,1390,hunter,beastmastery,48,24,24
Sleepywrld,area-52,1390,hunter,beastmastery,47,23,24
Recha,emerald-dream,1388,hunter,beastmastery,42,21,21
Eldlichi,proudmoore,1388,hunter,beastmastery,111,51,60
Scruffiebear,deathwing,1385,hunter,beastmastery,24,15,9
Fleetfox,tichondrius,1385,hunter,beastmastery,115,57,58
Rycksanches,quelthalas,1385,hunter,beastmastery,103,49,54
Tentoontrey,emerald-dream,1384,hunter,beastmastery,66,32,34
Limpnoodle,nerzhul,1384,hunter,beastmastery,230,111,119
Wrècked,kiljaeden,1384,hunter,beastmastery,77,35,42
Alwaysblazed,hyjal,1383,hunter,beastmastery,36,17,19
Critterz,gorgonnash,1383,hunter,beastmastery,77,33,44
Tatab,tichondrius,1381,hunter,beastmastery,60,31,29
Tearsofnoobs,tichondrius,1381,hunter,beastmastery,33,16,17
Viperstng,area-52,1380,hunter,beastmastery,70,40,30
Velkhan,sargeras,1379,hunter,beastmastery,36,16,20
Taelen,aegwynn,1376,hunter,beastmastery,104,52,52
Sharpster,zuljin,1376,hunter,beastmastery,91,43,48
Onihanzo,thrall,1376,hunter,beastmastery,43,18,25
Killshotqq,tichondrius,1375,hunter,beastmastery,40,18,22
Pokérap,dalaran,1375,hunter,beastmastery,48,21,27
Mopgodxqt,nemesis,1375,hunter,beastmastery,54,21,33
Gejagt,sargeras,1373,hunter,beastmastery,43,23,20
Tearsofrogue,tichondrius,1373,hunter,beastmastery,30,16,14
Lilpoots,warsong,1373,hunter,beastmastery,71,33,38
Chrise,darkspear,1371,hunter,beastmastery,24,18,6
Snypêr,tichondrius,1371,hunter,beastmastery,54,22,32
Elyssandrá,thrall,1370,hunter,beastmastery,155,75,80
Luckshot,destromath,1370,hunter,beastmastery,66,29,37
Thralzun,dunemaul,1369,hunter,beastmastery,49,24,25
Ziêg,eonar,1369,hunter,beastmastery,36,16,20
Phaction,tichondrius,1369,hunter,beastmastery,60,26,34
Aggargh,baelgun,1368,hunter,beastmastery,90,47,43
Voodoohunter,blood-furnace,1366,hunter,beastmastery,47,25,22
Kinete,proudmoore,1366,hunter,beastmastery,37,18,19
Bubbz,bloodscalp,1365,hunter,beastmastery,132,70,62
Handicrap,tichondrius,1364,hunter,beastmastery,56,30,26
Femonemos,nemesis,1364,hunter,beastmastery,61,32,29
Terrygross,sargeras,1364,hunter,beastmastery,36,15,21
Yembohi,queldorei,1363,hunter,beastmastery,24,15,9
Kronas,laughing-skull,1363,hunter,beastmastery,123,62,61
Salvatiel,stormrage,1363,hunter,beastmastery,60,30,30
Boward,illidan,1362,hunter,beastmastery,67,36,31
Blackspit,ragnaros,1362,hunter,beastmastery,65,34,31
Blockeyhunt,tichondrius,1362,hunter,beastmastery,65,32,33
Jjack,muradin,1362,hunter,beastmastery,102,49,53
Ogkhalifa,tichondrius,1362,hunter,beastmastery,59,26,33
Moistlegs,proudmoore,1360,hunter,beastmastery,36,16,20
Wook,hyjal,1359,hunter,beastmastery,35,17,18
Ryukuzen,tichondrius,1359,hunter,beastmastery,35,15,20
Jahir,tichondrius,1358,hunter,beastmastery,54,28,26
Dabondweebs,dalaran,1357,hunter,beastmastery,65,32,33
Bagodonuts,malganis,1357,hunter,beastmastery,53,26,27
Shlandy,frostmourne,1356,hunter,beastmastery,32,18,14
Genx,frostmane,1356,hunter,beastmastery,101,49,52
Jijiyoyo,tichondrius,1354,hunter,beastmastery,76,32,44
Saintshaka,drakkari,1353,hunter,beastmastery,23,15,8
Tokendaily,sargeras,1353,hunter,beastmastery,72,40,32
Conizle,sargeras,1353,hunter,beastmastery,36,17,19
Fintlok,saurfang,1352,hunter,beastmastery,42,20,22
Dinaoce,frostmourne,1348,hunter,beastmastery,206,108,98
Radat,stormscale,1347,hunter,beastmastery,72,43,29
Cinamong,blackrock,1347,hunter,beastmastery,30,15,15
Vaettai,barthilas,1347,hunter,beastmastery,133,65,68
Jîa,tichondrius,1347,hunter,beastmastery,40,18,22
Tmac,winterhoof,1345,hunter,beastmastery,190,102,88
Earlzmoade,bleeding-hollow,1345,hunter,beastmastery,90,41,49
Tiraa,kelthuzad,1344,hunter,beastmastery,78,37,41
Djfortnité,tichondrius,1343,hunter,beastmastery,24,14,10
Kamikazey,tichondrius,1343,hunter,beastmastery,42,22,20
Iar,tichondrius,1342,hunter,beastmastery,42,27,15
Trianthel,azralon,1342,hunter,beastmastery,42,24,18
Pressbro,tichondrius,1342,hunter,beastmastery,30,14,16
Lilien,khazgoroth,1341,hunter,beastmastery,36,21,15
Bingdat,area-52,1341,hunter,beastmastery,88,45,43
Runecrossbow,barthilas,1341,hunter,beastmastery,30,14,16
Choclit,scilla,1341,hunter,beastmastery,42,14,28
Oatmeallover,stormrage,1339,hunter,beastmastery,30,14,16
Cantcatchtin,tichondrius,1339,hunter,beastmastery,30,14,16
Clydebarro,sargeras,1339,hunter,beastmastery,30,14,16
Euclase,bleeding-hollow,1338,hunter,beastmastery,46,23,23
Oppshot,kul-tiras,1338,hunter,beastmastery,31,15,16
Pvrisxoxo,frostmourne,1337,hunter,beastmastery,31,15,16
Bro,malorne,1337,hunter,beastmastery,96,45,51
Misakilr,illidan,1337,hunter,beastmastery,31,14,17
Ordius,azralon,1337,hunter,beastmastery,36,14,22
Crownchild,illidan,1336,hunter,beastmastery,24,14,10
Soulreaperts,ragnaros,1336,hunter,beastmastery,46,24,22
Skulgor,zuljin,1336,hunter,beastmastery,72,37,35
Azx,tichondrius,1336,hunter,beastmastery,42,19,23
Roostersauce,durotan,1335,hunter,beastmastery,42,21,21
ßaeløn,malganis,1334,hunter,beastmastery,21,16,5
Neymoxi,icecrown,1334,hunter,beastmastery,102,58,44
Oblíviion,stormrage,1334,hunter,beastmastery,98,50,48
Selljzs,zuljin,1333,hunter,beastmastery,24,14,10
Hukkx,kalecgos,1332,hunter,beastmastery,36,22,14
Hendó,korgath,1332,hunter,beastmastery,24,14,10
Daken,ysera,1330,hunter,beastmastery,24,14,10
Bulleitrye,illidan,1330,hunter,beastmastery,94,46,48
Luprikus,maelstrom,1328,hunter,beastmastery,29,14,15
Stonëdpimp,moon-guard,1328,hunter,beastmastery,48,23,25
Alligatorz,firetree,1327,hunter,beastmastery,24,14,10
Babyshawrk,tichondrius,1327,hunter,beastmastery,24,14,10
Calypso,chromaggus,1326,hunter,beastmastery,42,21,21
Kälec,quelthalas,1326,hunter,beastmastery,72,35,37
Frostyarrow,moon-guard,1325,hunter,beastmastery,55,28,27
Jetzy,illidan,1324,hunter,beastmastery,95,46,49
Hitts,kelthuzad,1323,hunter,beastmastery,31,17,14
Skippyh,zuluhed,1323,hunter,beastmastery,30,14,16
Darthski,drenden,1323,hunter,beastmastery,74,33,41
Bowna,stormscale,1323,hunter,beastmastery,54,20,34
Fusionrpg,quelthalas,1320,hunter,beastmastery,30,17,13
Jesticles,zuljin,1320,hunter,beastmastery,60,30,30
Katsumito,sargeras,1320,hunter,beastmastery,36,18,18
Sáns,sargeras,1320,hunter,beastmastery,30,14,16
ßutter,thunderlord,1320,hunter,beastmastery,201,93,108
Burtone,aegwynn,1320,hunter,beastmastery,46,21,25
Gïzmo,malganis,1319,hunter,beastmastery,66,34,32
Cottonshots,dalaran,1318,hunter,beastmastery,119,55,64
Doug,illidan,1317,hunter,beastmastery,30,14,16
Hugehuntard,frostmane,1315,hunter,beastmastery,117,50,67
Shaximus,illidan,1314,hunter,beastmastery,62,35,27
Xeminis,area-52,1314,hunter,beastmastery,30,14,16
Devised,proudmoore,1311,hunter,beastmastery,47,22,25
Hoboh,illidan,1310,hunter,beastmastery,66,32,34
Purpmang,bleeding-hollow,1310,hunter,beastmastery,54,22,32
Huntmeplz,proudmoore,1309,hunter,beastmastery,35,17,18
Ellarise,stormrage,1308,hunter,beastmastery,36,22,14
Varthurg,ragnaros,1308,hunter,beastmastery,30,15,15
Fames,shuhalo,1308,hunter,beastmastery,73,30,43
Cowahunt,illidan,1307,hunter,beastmastery,30,15,15
Pooterdrip,shadowmoon,1307,hunter,beastmastery,30,14,16
Dsnowy,emerald-dream,1307,hunter,beastmastery,40,18,22
Hunterjim,tichondrius,1306,hunter,beastmastery,38,19,19
Kolyanis,stormrage,1303,hunter,beastmastery,202,97,105
Bacatran,darkspear,1301,hunter,beastmastery,58,32,26
Sunchea,arygos,1300,hunter,beastmastery,30,14,16
Snoozee,emerald-dream,1300,hunter,beastmastery,57,22,35
Finol,azralon,1299,hunter,beastmastery,20,15,5
Eglon,bleeding-hollow,1299,hunter,beastmastery,24,16,8
Mvpbunny,tichondrius,1298,hunter,beastmastery,99,54,45
Villain,arthas,1298,hunter,beastmastery,48,22,26
Zzsocrateszz,dragonmaw,1295,hunter,beastmastery,128,64,64
Dayneryz,quelthalas,1295,hunter,beastmastery,117,58,59
Abloodelf,zuljin,1295,hunter,beastmastery,36,17,19
Dabznblunts,twisting-nether,1295,hunter,beastmastery,42,18,24
Jacobsladder,illidan,1293,hunter,beastmastery,113,51,62
Youngteflon,bonechewer,1293,hunter,beastmastery,36,16,20
Xxty,stormrage,1292,hunter,beastmastery,30,15,15
Artemisa,warsong,1291,hunter,beastmastery,84,34,50
Huukend,azjolnerub,1290,hunter,beastmastery,60,30,30
Darksector,nemesis,1290,hunter,beastmastery,41,14,27
Wogolas,barthilas,1288,hunter,beastmastery,30,16,14
Thiccshawts,moon-guard,1285,hunter,beastmastery,30,18,12
Shorÿuken,tichondrius,1285,hunter,beastmastery,45,15,30
Rachetbutt,tichondrius,1283,hunter,beastmastery,29,14,15
Exotichunter,the-underbog,1282,hunter,beastmastery,82,36,46
Lizymcguire,malganis,1281,hunter,beastmastery,54,28,26
Peppiee,tichondrius,1279,hunter,beastmastery,23,14,9
Karev,area-52,1278,hunter,beastmastery,54,26,28
Bowflëx,zuljin,1278,hunter,beastmastery,54,26,28
Tupirani,azralon,1275,hunter,beastmastery,22,14,8
Tergls,illidan,1274,hunter,beastmastery,103,46,57
Argent,altar-of-storms,1273,hunter,beastmastery,48,24,24
Haiume,nemesis,1273,hunter,beastmastery,42,17,25
Highdroe,tichondrius,1272,hunter,beastmastery,102,54,48
Scaredcrow,azshara,1272,hunter,beastmastery,40,14,26
Snipershot,blackrock,1271,hunter,beastmastery,42,19,23
Itsdoom,sargeras,1270,hunter,beastmastery,66,40,26
Ascer,gurubashi,1270,hunter,beastmastery,110,55,55
Timogen,illidan,1269,hunter,beastmastery,42,20,22
Glediator,tichondrius,1269,hunter,beastmastery,45,21,24
Tigerswood,sargeras,1268,hunter,beastmastery,30,16,14
Henski,wyrmrest-accord,1268,hunter,beastmastery,48,23,25
Rnger,aerie-peak,1267,hunter,beastmastery,61,28,33
Piu,illidan,1267,hunter,beastmastery,66,30,36
Starsworn,moon-guard,1266,hunter,beastmastery,78,38,40
Gigawrench,darkspear,1265,hunter,beastmastery,24,16,8
Airtight,area-52,1265,hunter,beastmastery,65,29,36
Vruul,sargeras,1264,hunter,beastmastery,103,47,56
Wârhunt,frostmourne,1263,hunter,beastmastery,90,48,42
Böuntyhuntêr,area-52,1263,hunter,beastmastery,72,35,37
Sagittarion,malfurion,1260,hunter,beastmastery,31,18,13
Saltz,tichondrius,1259,hunter,beastmastery,27,15,12
Iffy,dentarg,1258,hunter,beastmastery,42,25,17
Bobbysmurica,cenarion-circle,1257,hunter,beastmastery,66,30,36
Socrato,tichondrius,1252,hunter,beastmastery,43,21,22
Dunkam,quelthalas,1252,hunter,beastmastery,90,43,47
Drimhuzzah,velen,1251,hunter,beastmastery,32,18,14
Chrønic,khadgar,1251,hunter,beastmastery,36,19,17
Wulfgeng,azgalor,1251,hunter,beastmastery,184,89,95
Vesity,tichondrius,1250,hunter,beastmastery,93,44,49
Petmayo,tichondrius,1249,hunter,beastmastery,50,24,26
Firesail,kelthuzad,1249,hunter,beastmastery,38,17,21
Bluebow,tichondrius,1248,hunter,beastmastery,150,71,79
Vayesa,stormscale,1248,hunter,beastmastery,51,21,30
Jawnhunterii,tichondrius,1247,hunter,beastmastery,24,13,11
Ztyer,stormrage,1247,hunter,beastmastery,24,13,11
Wastdpenguin,area-52,1247,hunter,beastmastery,30,13,17
Frankabingle,area-52,1247,hunter,beastmastery,30,13,17
Slowhunterr,tichondrius,1247,hunter,beastmastery,36,13,23
Refinedx,sargeras,1246,hunter,beastmastery,18,13,5
Iizerd,illidan,1246,hunter,beastmastery,18,13,5
Trapinc,sargeras,1246,hunter,beastmastery,24,13,11
Sotsöl,ragnaros,1246,hunter,beastmastery,24,13,11
Thiccit,illidan,1246,hunter,beastmastery,54,26,28
Norcklow,ragnaros,1246,hunter,beastmastery,84,39,45
Fallenfates,stormrage,1246,hunter,beastmastery,108,49,59
Séptimo,illidan,1246,hunter,beastmastery,30,13,17
Blury,tichondrius,1244,hunter,beastmastery,85,44,41
Shotmieye,thunderhorn,1244,hunter,beastmastery,60,30,30
Maquire,tichondrius,1244,hunter,beastmastery,36,17,19
Digitizoid,tichondrius,1244,hunter,beastmastery,30,13,17
Craftarrow,tichondrius,1243,hunter,beastmastery,41,21,20
Guapshot,stormreaver,1242,hunter,beastmastery,41,16,25
Heparinqt,area-52,1242,hunter,beastmastery,36,13,23
Bighuntz,bleeding-hollow,1241,hunter,beastmastery,36,13,23
Entillyrian,caelestrasz,1240,hunter,beastmastery,29,16,13
Kalhistra,stormrage,1240,hunter,beastmastery,24,13,11
Gunbladez,burning-blade,1240,hunter,beastmastery,27,13,14
Houdan,frostmourne,1240,hunter,beastmastery,28,13,15
Wadadly,malganis,1239,hunter,beastmastery,144,69,75
Winchestyr,lightbringer,1239,hunter,beastmastery,36,17,19
Balsagoth,azralon,1239,hunter,beastmastery,54,24,30
Ioioi,tichondrius,1238,hunter,beastmastery,34,16,18
Orcbeast,illidan,1237,hunter,beastmastery,80,32,48
Nogaro,nemesis,1235,hunter,beastmastery,42,20,22
Yesterday,draka,1234,hunter,beastmastery,30,13,17
Honeygold,tichondrius,1233,hunter,beastmastery,51,19,32
Peterming,tichondrius,1232,hunter,beastmastery,153,68,85
Rbtz,illidan,1231,hunter,beastmastery,17,13,4
Xtop,draktharon,1231,hunter,beastmastery,23,15,8
Tanarin,bleeding-hollow,1230,hunter,beastmastery,30,13,17
Wishon,proudmoore,1229,hunter,beastmastery,34,18,16
Leannon,stormrage,1228,hunter,beastmastery,52,28,24
Chickenadobo,maelstrom,1227,hunter,beastmastery,48,30,18
Zugkhan,azralon,1227,hunter,beastmastery,29,18,11
Cubixer,zuljin,1227,hunter,beastmastery,28,14,14
Skywrecker,bleeding-hollow,1226,hunter,beastmastery,24,13,11
Élmérfudd,tichondrius,1226,hunter,beastmastery,42,19,23
Smallsouljah,demon-soul,1226,hunter,beastmastery,39,17,22
Behavior,nemesis,1225,hunter,beastmastery,24,13,11
Deepcarver,tichondrius,1225,hunter,beastmastery,59,23,36
Brandough,detheroc,1223,hunter,beastmastery,33,19,14
Urimiel,daggerspine,1223,hunter,beastmastery,36,16,20
Chuphunts,tichondrius,1222,hunter,beastmastery,18,14,4
Foffy,darkspear,1222,hunter,beastmastery,54,30,24
Mithrandiel,blood-furnace,1221,hunter,beastmastery,97,49,48
Bromance,kaelthas,1221,hunter,beastmastery,36,18,18
Shekiro,illidan,1221,hunter,beastmastery,67,29,38
Danion,aerie-peak,1221,hunter,beastmastery,76,32,44
Trionias,malfurion,1220,hunter,beastmastery,60,21,39
Crumpit,moon-guard,1220,hunter,beastmastery,51,17,34
Grands,tortheldrin,1219,hunter,beastmastery,29,14,15
Havymetal,andorhal,1219,hunter,beastmastery,48,20,28
Backa,jubeithos,1218,hunter,beastmastery,32,14,18
Machiko,gorefiend,1218,hunter,beastmastery,30,13,17
Anaiset,hyjal,1217,hunter,beastmastery,24,13,11
Mazziy,zangarmarsh,1217,hunter,beastmastery,36,15,21
Mitulla,wyrmrest-accord,1215,hunter,beastmastery,92,42,50
Hartman,frostwolf,1215,hunter,beastmastery,36,14,22
Xxo,frostmourne,1215,hunter,beastmastery,34,13,21
Traxêx,nemesis,1214,hunter,beastmastery,48,22,26
Loathin,stormrage,1213,hunter,beastmastery,33,21,12
Wingclipped,kelthuzad,1213,hunter,beastmastery,22,14,8
Míbu,lightbringer,1212,hunter,beastmastery,24,13,11
Capnjack,hyjal,1212,hunter,beastmastery,69,25,44
Frxyza,stormrage,1211,hunter,beastmastery,24,13,11
Cotó,stormrage,1211,hunter,beastmastery,30,13,17
Soulshots,malganis,1211,hunter,beastmastery,42,13,29
Trapz,hellscream,1210,hunter,beastmastery,150,72,78
Nøtsurê,llane,1210,hunter,beastmastery,90,33,57
Trikshot,magtheridon,1209,hunter,beastmastery,26,14,12
Brendie,thrall,1208,hunter,beastmastery,423,211,212
Zullypewpew,stormrage,1207,hunter,beastmastery,28,19,9
Alexbm,amanthul,1207,hunter,beastmastery,51,28,23
Hairyhype,malganis,1207,hunter,beastmastery,48,22,26
Rogshunt,sargeras,1207,hunter,beastmastery,29,13,16
Omegalulzxd,kelthuzad,1206,hunter,beastmastery,111,49,62
Ydaine,alexstrasza,1206,hunter,beastmastery,75,33,42
Kronc,dethecus,1205,hunter,beastmastery,45,16,29
Yousokook,frostmourne,1204,hunter,beastmastery,42,17,25
Desydn,draenor,1203,hunter,beastmastery,185,93,92
Ryøkø,nemesis,1202,hunter,beastmastery,23,14,9
Slutnamedjim,zuljin,1202,hunter,beastmastery,161,81,80
Zhanzu,quelthalas,1202,hunter,beastmastery,36,16,20
Valintine,the-scryers,1201,hunter,beastmastery,26,15,11
Momodasi,illidan,1201,hunter,beastmastery,27,14,13
Nebulahaze,stormrage,1201,hunter,beastmastery,68,33,35
Owoonisan,illidan,1201,hunter,beastmastery,34,16,18
Grimhuntz,frostmourne,1201,hunter,beastmastery,30,13,17
Trono,korgath,1201,hunter,beastmastery,48,20,28
Toontot,sargeras,1199,hunter,beastmastery,84,40,44
Xarmozao,nemesis,1199,hunter,beastmastery,69,27,42
Speshylponi,smolderthorn,1198,hunter,beastmastery,54,25,29
Shmurda,duskwood,1198,hunter,beastmastery,130,59,71
Warwonka,magtheridon,1198,hunter,beastmastery,56,25,31
Zalyssavara,aerie-peak,1198,hunter,beastmastery,33,14,19
Rosebullets,bleeding-hollow,1193,hunter,beastmastery,23,13,10
Alaranel,kiljaeden,1190,hunter,beastmastery,68,29,39
Sylriynn,moon-guard,1189,hunter,beastmastery,65,30,35
Vord,frostmourne,1189,hunter,beastmastery,30,13,17
Jônathan,tichondrius,1188,hunter,beastmastery,45,25,20
Chetta,ragnaros,1187,hunter,beastmastery,66,28,38
Aztrappin,illidan,1185,hunter,beastmastery,77,31,46
Týrak,illidan,1184,hunter,beastmastery,41,22,19
Rypunzul,proudmoore,1183,hunter,beastmastery,42,19,23
Nj,kiljaeden,1183,hunter,beastmastery,30,13,17
Kaxer,illidan,1182,hunter,beastmastery,65,33,32
Nightfal,emerald-dream,1180,hunter,beastmastery,93,41,52
Shneedle,illidan,1180,hunter,beastmastery,54,22,32
Thetrickyone,area-52,1180,hunter,beastmastery,52,20,32
Deadlyarrows,ragnaros,1179,hunter,beastmastery,108,44,64
Ownyoufast,darkspear,1179,hunter,beastmastery,60,23,37
Poonbaddy,kiljaeden,1179,hunter,beastmastery,35,13,22
Fixnoone,moon-guard,1176,hunter,beastmastery,38,18,20
Alitharia,nerzhul,1176,hunter,beastmastery,230,102,128
Vegamax,illidan,1173,hunter,beastmastery,36,22,14
Warsh,anubarak,1173,hunter,beastmastery,34,19,15
Therealgam,the-underbog,1173,hunter,beastmastery,36,18,18
Huñté,stormrage,1172,hunter,beastmastery,30,13,17
Riukyv,ragnaros,1171,hunter,beastmastery,42,13,29
Trailbreaker,trollbane,1169,hunter,beastmastery,93,50,43
Riivali,quelthalas,1169,hunter,beastmastery,87,40,47
Theblurd,kiljaeden,1169,hunter,beastmastery,29,13,16
Reic,kiljaeden,1166,hunter,beastmastery,25,14,11
Pigmaster,tichondrius,1166,hunter,beastmastery,26,13,13
Kathoey,wyrmrest-accord,1166,hunter,beastmastery,65,26,39
Elfinballz,khadgar,1164,hunter,beastmastery,36,18,18
Pikochon,illidan,1164,hunter,beastmastery,51,22,29
Dracð,malganis,1162,hunter,beastmastery,70,37,33
Ijii,tichondrius,1161,hunter,beastmastery,32,15,17
Eightbeers,bleeding-hollow,1161,hunter,beastmastery,110,51,59
Minkô,tichondrius,1159,hunter,beastmastery,30,13,17
Genjiutsu,zuljin,1158,hunter,beastmastery,29,15,14
Jezoo,frostmourne,1158,hunter,beastmastery,44,18,26
Totorostarh,tichondrius,1158,hunter,beastmastery,33,13,20
Dadhatesme,stormrage,1157,hunter,beastmastery,33,13,20
Macabre,scilla,1156,hunter,beastmastery,30,13,17
Arnoldpalmer,stormscale,1155,hunter,beastmastery,30,13,17
Malvnfresh,tichondrius,1152,hunter,beastmastery,24,12,12
Splosiv,stormrage,1152,hunter,beastmastery,24,12,12
Shinhyez,tichondrius,1152,hunter,beastmastery,24,12,12
Tyrec,proudmoore,1152,hunter,beastmastery,30,12,18
Lhax,stormrage,1152,hunter,beastmastery,48,19,29
Huntsey,frostmourne,1151,hunter,beastmastery,18,12,6
Rthr,kiljaeden,1151,hunter,beastmastery,18,12,6
Survenant,zuljin,1151,hunter,beastmastery,24,12,12
Heädshöt,malorne,1151,hunter,beastmastery,24,12,12
Awps,sargeras,1150,hunter,beastmastery,18,12,6
Foh,kelthuzad,1150,hunter,beastmastery,23,13,10
Shrian,illidan,1150,hunter,beastmastery,25,12,13
Kroozeh,illidan,1149,hunter,beastmastery,24,12,12
Ddukgue,tichondrius,1149,hunter,beastmastery,30,12,18
Moapax,azralon,1148,hunter,beastmastery,71,40,31
Berreydingle,norgannon,1148,hunter,beastmastery,24,12,12
Funnk,tichondrius,1148,hunter,beastmastery,24,12,12
Elfo,kelthuzad,1147,hunter,beastmastery,18,12,6
Çhïlly,frostmourne,1147,hunter,beastmastery,24,12,12
Tethro,zuljin,1147,hunter,beastmastery,24,12,12
Brickgrimes,illidan,1147,hunter,beastmastery,25,12,13
Mangosteen,illidan,1147,hunter,beastmastery,33,13,20
Geregaux,sargeras,1146,hunter,beastmastery,24,12,12
Slap,shattered-hand,1145,hunter,beastmastery,24,12,12
Blungo,azralon,1144,hunter,beastmastery,18,12,6
Ragnarlobkk,ragnaros,1144,hunter,beastmastery,148,71,77
Kharthorin,moon-guard,1142,hunter,beastmastery,48,19,29
Àltëzzá,malganis,1139,hunter,beastmastery,30,18,12
Vladik,stormrage,1139,hunter,beastmastery,31,13,18
Gratmuk,ragnaros,1139,hunter,beastmastery,30,12,18
Hatteras,drakthul,1139,hunter,beastmastery,50,16,34
Baddop,quelthalas,1138,hunter,beastmastery,24,15,9
Dyz,ragnaros,1137,hunter,beastmastery,28,13,15
Daréz,blackrock,1136,hunter,beastmastery,31,14,17
Jaboe,thrall,1135,hunter,beastmastery,24,12,12
Strongene,aegwynn,1135,hunter,beastmastery,24,12,12
Ukamau,ragnaros,1134,hunter,beastmastery,36,21,15
Håwkeye,hyjal,1132,hunter,beastmastery,163,85,78
Blackhunter,lothar,1131,hunter,beastmastery,102,49,53
Blimpbooty,stormrage,1130,hunter,beastmastery,41,20,21
Frenzyfire,whisperwind,1130,hunter,beastmastery,93,41,52
Abundalacaca,sargeras,1130,hunter,beastmastery,36,13,23
Revö,area-52,1129,hunter,beastmastery,30,12,18
Juicedhunter,tichondrius,1128,hunter,beastmastery,24,12,12
Baconzola,dalaran,1127,hunter,beastmastery,18,12,6
Camperbill,borean-tundra,1127,hunter,beastmastery,25,14,11
Neverhunter,azralon,1127,hunter,beastmastery,30,13,17
Lieolaste,area-52,1126,hunter,beastmastery,35,17,18
Drexzo,tichondrius,1125,hunter,beastmastery,24,12,12
Blasphemiaql,quelthalas,1123,hunter,beastmastery,24,13,11
Traps,deathwing,1123,hunter,beastmastery,30,12,18
Qpoc,tichondrius,1120,hunter,beastmastery,44,20,24
Bagofsnit,frostmourne,1119,hunter,beastmastery,36,12,24
Skpro,tichondrius,1118,hunter,beastmastery,42,13,29
Mauiies,sargeras,1115,hunter,beastmastery,29,12,17
Rhonishot,tichondrius,1115,hunter,beastmastery,61,24,37
Eyeofkiller,azralon,1113,hunter,beastmastery,30,17,13
Brokenstars,illidan,1108,hunter,beastmastery,146,70,76
Slipperyqt,frostmourne,1108,hunter,beastmastery,64,20,44
Arucedd,frostmourne,1102,hunter,beastmastery,86,37,49
Berelai,area-52,1102,hunter,beastmastery,30,12,18
Topshunter,sargeras,1100,hunter,beastmastery,93,49,44
Falsifier,ragnaros,1100,hunter,beastmastery,27,12,15
Sclum,tichondrius,1099,hunter,beastmastery,23,12,11
Skillvanas,stormrage,1099,hunter,beastmastery,30,13,17
Artilleria,quelthalas,1098,hunter,beastmastery,140,64,76
Nakyash,ragnaros,1097,hunter,beastmastery,24,13,11
Massivattack,skullcrusher,1096,hunter,beastmastery,30,12,18
Myrfes,ragnaros,1096,hunter,beastmastery,68,27,41
Viserysll,azralon,1093,hunter,beastmastery,40,17,23
Fwun,nerzhul,1090,hunter,beastmastery,24,16,8
Funwell,dalaran,1090,hunter,beastmastery,29,14,15
Fhodhaz,nemesis,1087,hunter,beastmastery,23,12,11
Morenarösa,nemesis,1085,hunter,beastmastery,120,57,63
Cloxygen,moon-guard,1082,hunter,beastmastery,31,14,17
Òrìòn,tichondrius,1077,hunter,beastmastery,54,20,34
Buyaga,stormreaver,1073,hunter,beastmastery,72,37,35
Brendenhunt,area-52,1071,hunter,beastmastery,17,12,5
Autismo,garithos,1071,hunter,beastmastery,59,18,41
Jagër,dalaran,1068,hunter,beastmastery,31,18,13
Jayken,gnomeregan,1067,hunter,beastmastery,28,12,16
Frenchhtoast,sargeras,1066,hunter,beastmastery,30,16,14
Mouthymerc,zuljin,1063,hunter,beastmastery,35,12,23
Killerronald,ragnaros,1061,hunter,beastmastery,66,29,37
Prêd,malganis,1056,hunter,beastmastery,27,12,15
Unicom,malganis,1056,hunter,beastmastery,30,11,19
Latrampoza,quelthalas,1055,hunter,beastmastery,18,11,7
Ryutiz,fizzcrank,1055,hunter,beastmastery,18,11,7
Tashio,aerie-peak,1055,hunter,beastmastery,24,11,13
Undeadroach,tichondrius,1055,hunter,beastmastery,24,11,13
Zertkal,undermine,1055,hunter,beastmastery,24,11,13
Puns,stormreaver,1054,hunter,beastmastery,18,11,7
Ispamtraps,emerald-dream,1054,hunter,beastmastery,18,11,7
Vexxør,bleeding-hollow,1054,hunter,beastmastery,42,21,21
Kelgar,the-scryers,1054,hunter,beastmastery,30,14,16
Zinelun,quelthalas,1054,hunter,beastmastery,24,11,13
Velaknahtou,illidan,1053,hunter,beastmastery,24,11,13
Moralidawn,illidan,1053,hunter,beastmastery,24,11,13
Bigkolache,zuljin,1053,hunter,beastmastery,24,11,13
Hitx,tichondrius,1052,hunter,beastmastery,18,11,7
Sagadegêmeos,stormrage,1052,hunter,beastmastery,30,11,19
Ezari,zuljin,1051,hunter,beastmastery,27,12,15
Mav,dragonmaw,1051,hunter,beastmastery,26,11,15
Booffmeister,area-52,1050,hunter,beastmastery,24,11,13
Gølin,aerie-peak,1049,hunter,beastmastery,30,11,19
Memënto,barthilas,1049,hunter,beastmastery,30,11,19
Freeside,emerald-dream,1048,hunter,beastmastery,18,11,7
Oldmatador,azralon,1048,hunter,beastmastery,107,52,55
Thoraky,stormrage,1048,hunter,beastmastery,24,11,13
Eithelleta,frostmourne,1048,hunter,beastmastery,54,20,34
ßaelon,malganis,1047,hunter,beastmastery,12,11,1
Wolftracer,sargeras,1047,hunter,beastmastery,18,12,6
Flacidpasta,sargeras,1047,hunter,beastmastery,18,11,7
Kynagidas,korgath,1047,hunter,beastmastery,24,11,13
Pewpew,gallywix,1047,hunter,beastmastery,47,19,28
Thunderbúll,tichondrius,1047,hunter,beastmastery,30,11,19
Cilnolm,moon-guard,1045,hunter,beastmastery,24,11,13
Hunturr,thrall,1044,hunter,beastmastery,29,12,17
Strelyatil,trollbane,1043,hunter,beastmastery,61,31,30
Braii,blood-furnace,1042,hunter,beastmastery,48,21,27
Londen,tichondrius,1041,hunter,beastmastery,49,23,26
Zooker,tichondrius,1039,hunter,beastmastery,29,11,18
Cocstrong,darrowmere,1038,hunter,beastmastery,102,53,49
Frenzygirl,azralon,1036,hunter,beastmastery,18,11,7
Harÿn,nemesis,1036,hunter,beastmastery,24,11,13
Nioloari,tichondrius,1036,hunter,beastmastery,31,14,17
Cuddle,arathor,1036,hunter,beastmastery,29,12,17
Euamomilfs,azralon,1035,hunter,beastmastery,24,12,12
More,khadgar,1035,hunter,beastmastery,30,11,19
Vicluvv,stormrage,1034,hunter,beastmastery,23,11,12
Noahxkhalel,azralon,1030,hunter,beastmastery,35,12,23
Skarioth,azralon,1029,hunter,beastmastery,24,11,13
Arrowae,sargeras,1028,hunter,beastmastery,152,74,78
Huntercry,ragnaros,1026,hunter,beastmastery,18,11,7
Rotokrim,emerald-dream,1026,hunter,beastmastery,220,109,111
Blankshot,doomhammer,1021,hunter,beastmastery,131,63,68
Bolbathefett,shadowsong,1020,hunter,beastmastery,30,11,19
Taedulos,azralon,1019,hunter,beastmastery,36,19,17
Hetaya,haomarush,1019,hunter,beastmastery,137,60,77
Elisen,frostmourne,1016,hunter,beastmastery,48,15,33
Dakirell,drakkari,1014,hunter,beastmastery,30,12,18
Jareeth,bleeding-hollow,1012,hunter,beastmastery,20,12,8
Caytano,quelthalas,1010,hunter,beastmastery,30,17,13
Grøøves,dalaran,1010,hunter,beastmastery,29,13,16
Barberreggie,barthilas,1009,hunter,beastmastery,110,43,67
Dragonman,grizzly-hills,1009,hunter,beastmastery,72,26,46
Wildfirefly,whisperwind,1008,hunter,beastmastery,118,53,65
Slêv,frostmourne,1006,hunter,beastmastery,22,11,11
Namikawa,stormrage,1005,hunter,beastmastery,24,11,13
Rairin,tichondrius,1004,hunter,beastmastery,65,33,32
Çhexmix,kiljaeden,1003,hunter,beastmastery,21,11,10
Eddyholiday,tichondrius,1001,hunter,beastmastery,26,13,13
Leandrox,quelthalas,1001,hunter,beastmastery,23,11,12
Catharsis,quelthalas,1001,hunter,beastmastery,24,11,13
Shikago,wyrmrest-accord,1001,hunter,beastmastery,37,12,25
Thuperduper,tichondrius,999,hunter,beastmastery,18,12,6
Falesta,sargeras,999,hunter,beastmastery,28,12,16
Oldmanmacd,tichondrius,998,hunter,beastmastery,37,16,21
Barabulk,wyrmrest-accord,996,hunter,beastmastery,29,14,15
Flexxbow,thrall,994,hunter,beastmastery,23,13,10
Robobrain,area-52,993,hunter,beastmastery,23,11,12
Lunachyara,quelthalas,991,hunter,beastmastery,26,11,15
Johnwïck,moon-guard,991,hunter,beastmastery,60,20,40
Trassic,emerald-dream,990,hunter,beastmastery,23,11,12
Wrekkthal,illidan,989,hunter,beastmastery,47,18,29
Fiury,hyjal,985,hunter,beastmastery,59,30,29
Speirs,tichondrius,983,hunter,beastmastery,71,32,39
Ruthgarth,akama,983,hunter,beastmastery,30,13,17
Puhpsy,azralon,981,hunter,beastmastery,72,37,35
Faldran,earthen-ring,977,hunter,beastmastery,112,46,66
Terusa,ragnaros,977,hunter,beastmastery,36,11,25
Dd,frostmourne,973,hunter,beastmastery,19,11,8
Nyer,nemesis,969,hunter,beastmastery,30,11,19
Gammaraven,dalaran,968,hunter,beastmastery,19,11,8
Erik,nemesis,968,hunter,beastmastery,182,86,96
Shelbyy,tichondrius,964,hunter,beastmastery,64,31,33
Ahhpash,tichondrius,960,hunter,beastmastery,16,11,5
Spekgäwd,emerald-dream,960,hunter,beastmastery,18,10,8
Xbee,shattered-halls,960,hunter,beastmastery,18,10,8
Worsthunt,tichondrius,960,hunter,beastmastery,18,10,8
Gööber,hyjal,960,hunter,beastmastery,18,10,8
Zarnick,frostwolf,960,hunter,beastmastery,18,10,8
Csantana,sargeras,960,hunter,beastmastery,18,10,8
Sniperfx,lightbringer,960,hunter,beastmastery,18,10,8
Pumplum,kiljaeden,960,hunter,beastmastery,18,10,8
Oidhunter,barthilas,960,hunter,beastmastery,18,10,8
Wovow,tichondrius,960,hunter,beastmastery,18,10,8
Focús,laughing-skull,960,hunter,beastmastery,24,10,14
Fishxxo,frostmourne,960,hunter,beastmastery,24,10,14
Justforfunxx,tichondrius,960,hunter,beastmastery,30,10,20
Themotu,frostmourne,959,hunter,beastmastery,16,11,5
Arrowsgobrr,norgannon,959,hunter,beastmastery,18,10,8
Citygirl,emerald-dream,959,hunter,beastmastery,18,10,8
Marir,vashj,959,hunter,beastmastery,18,10,8
Ahncheolsoo,tichondrius,959,hunter,beastmastery,18,10,8
Tmnarcanttv,tichondrius,959,hunter,beastmastery,18,10,8
Evolushun,kiljaeden,959,hunter,beastmastery,21,11,10
Robingear,baelgun,959,hunter,beastmastery,289,140,149
Orgpopeyes,illidan,959,hunter,beastmastery,24,10,14
Yangthekhunt,tichondrius,959,hunter,beastmastery,24,10,14
Huntfaceguy,agamaggan,959,hunter,beastmastery,24,10,14
Bigpie,daggerspine,959,hunter,beastmastery,24,10,14
Vigon,stormrage,959,hunter,beastmastery,24,10,14
Øutpläyed,quelthalas,959,hunter,beastmastery,24,10,14
Leyliann,quelthalas,959,hunter,beastmastery,27,11,16
Kimbaa,tichondrius,959,hunter,beastmastery,30,10,20
Yolloswag,tichondrius,959,hunter,beastmastery,36,10,26
Motegi,illidan,959,hunter,beastmastery,36,10,26
Bunsglazing,illidan,958,hunter,beastmastery,18,10,8
Komayam,malganis,958,hunter,beastmastery,18,10,8
Quickfyre,stormrage,958,hunter,beastmastery,18,10,8
Aquabat,wildhammer,958,hunter,beastmastery,18,10,8
Khattab,tichondrius,958,hunter,beastmastery,24,10,14
Tazer,area-52,958,hunter,beastmastery,24,10,14
Marexx,tichondrius,958,hunter,beastmastery,24,10,14
Chunco,ragnaros,958,hunter,beastmastery,24,10,14
Pafäcïle,tichondrius,958,hunter,beastmastery,24,10,14
Rostter,azralon,958,hunter,beastmastery,24,10,14
Wabí,tichondrius,957,hunter,beastmastery,18,10,8
Xua,frostmourne,957,hunter,beastmastery,18,10,8
Imthaböss,nazjatar,957,hunter,beastmastery,23,10,13
Amarush,illidan,957,hunter,beastmastery,24,10,14
Teaa,dalaran,957,hunter,beastmastery,24,10,14
Littledougie,boulderfist,957,hunter,beastmastery,30,10,20
Kaiholeo,tichondrius,957,hunter,beastmastery,30,10,20
Acturius,jubeithos,956,hunter,beastmastery,33,11,22
Hollee,turalyon,955,hunter,beastmastery,18,10,8
Chimpx,moon-guard,955,hunter,beastmastery,24,10,14
Bowjobe,tichondrius,955,hunter,beastmastery,24,10,14
Murdaugh,icecrown,954,hunter,beastmastery,18,10,8
Hötdôg,kiljaeden,954,hunter,beastmastery,18,10,8
Trim,tichondrius,954,hunter,beastmastery,18,10,8
Coppersnout,wyrmrest-accord,954,hunter,beastmastery,24,10,14
Rezkiin,tichondrius,953,hunter,beastmastery,18,10,8
Kidstylenol,aggramar,953,hunter,beastmastery,24,10,14
Phife,emerald-dream,953,hunter,beastmastery,24,10,14
Jendell,area-52,952,hunter,beastmastery,18,10,8
Huntertimes,ragnaros,951,hunter,beastmastery,12,10,2
Steelaeon,moon-guard,951,hunter,beastmastery,24,10,14
Shoya,nerzhul,950,hunter,beastmastery,18,10,8
Malcab,tichondrius,950,hunter,beastmastery,18,10,8
Atheranni,azralon,950,hunter,beastmastery,24,10,14
Easypoacher,tichondrius,948,hunter,beastmastery,18,10,8
Flacidhunter,kelthuzad,948,hunter,beastmastery,24,10,14
Bittitan,frostmourne,947,hunter,beastmastery,18,10,8
Leaii,thrall,944,hunter,beastmastery,43,24,19
Malthiz,antonidas,944,hunter,beastmastery,42,20,22
Oddangel,azuremyst,944,hunter,beastmastery,24,10,14
Noitrag,azralon,937,hunter,beastmastery,17,10,7
Arthex,exodar,934,hunter,beastmastery,48,22,26
Linszsz,nemesis,930,hunter,beastmastery,29,12,17
Gnomisaurus,scarlet-crusade,930,hunter,beastmastery,38,15,23
Salurian,destromath,930,hunter,beastmastery,40,15,25
Shootyurshot,stormrage,927,hunter,beastmastery,20,11,9
Cabel,ragnaros,922,hunter,beastmastery,29,10,19
Ashantii,hakkar,919,hunter,beastmastery,24,10,14
Kenhay,wyrmrest-accord,916,hunter,beastmastery,24,10,14
Maveraxx,executus,916,hunter,beastmastery,42,15,27
Crimsoncoast,tichondrius,910,hunter,beastmastery,17,10,7
Actehón,ragnaros,909,hunter,beastmastery,36,18,18
Beolwolf,darkspear,907,hunter,beastmastery,17,10,7
Coyner,tichondrius,907,hunter,beastmastery,21,10,11
Wael,perenolde,905,hunter,beastmastery,17,10,7
Glizzys,cairne,904,hunter,beastmastery,29,12,17
Sumom,darrowmere,903,hunter,beastmastery,50,19,31
Cernos,malganis,902,hunter,beastmastery,23,10,13
Raikuu,skullcrusher,901,hunter,beastmastery,112,54,58
Soljer,kiljaeden,900,hunter,beastmastery,35,11,24
Rikitiki,bleeding-hollow,892,hunter,beastmastery,24,10,14
Vastiks,dalaran,891,hunter,beastmastery,38,12,26
Ketulirantle,azralon,891,hunter,beastmastery,52,13,39
Boww,sargeras,890,hunter,beastmastery,20,10,10
Rachael,veknilash,890,hunter,beastmastery,20,10,10
Ovî,area-52,889,hunter,beastmastery,17,10,7
Killmachine,sargeras,886,hunter,beastmastery,22,10,12
Erovianoria,silver-hand,885,hunter,beastmastery,69,32,37
Hunbatz,dalaran,866,hunter,beastmastery,49,23,26
Zoëx,amanthul,865,hunter,beastmastery,48,10,38
Naestrá,bleeding-hollow,864,hunter,beastmastery,12,9,3
Bmobepip,malganis,864,hunter,beastmastery,12,9,3
Petattack,barthilas,864,hunter,beastmastery,12,9,3
Lilperc,zuljin,864,hunter,beastmastery,12,9,3
Lubze,bleeding-hollow,864,hunter,beastmastery,12,9,3
Huntations,sargeras,864,hunter,beastmastery,12,9,3
Reilerhunt,stormrage,864,hunter,beastmastery,12,9,3
Phoktard,dark-iron,864,hunter,beastmastery,12,9,3
Slipox,sargeras,864,hunter,beastmastery,12,9,3
Elaisse,uther,864,hunter,beastmastery,12,9,3
Phetch,bleeding-hollow,864,hunter,beastmastery,12,9,3
Bmhuntlol,illidan,864,hunter,beastmastery,12,9,3
Fereni,emerald-dream,864,hunter,beastmastery,16,10,6
Skyfel,aggramar,864,hunter,beastmastery,18,9,9
Lilsynchfyb,sargeras,864,hunter,beastmastery,18,9,9
Hagadinn,frostmourne,864,hunter,beastmastery,18,9,9
Alenkras,stormrage,864,hunter,beastmastery,18,9,9
Xbloody,tichondrius,864,hunter,beastmastery,18,9,9
Actioh,stormrage,864,hunter,beastmastery,18,9,9
Elenin,tichondrius,864,hunter,beastmastery,18,9,9
Yatyegatchun,illidan,864,hunter,beastmastery,18,9,9
Zizilio,kelthuzad,864,hunter,beastmastery,18,9,9
Partytrap,burning-blade,864,hunter,beastmastery,18,9,9
Déwi,tichondrius,864,hunter,beastmastery,18,9,9
Tharisen,nemesis,864,hunter,beastmastery,24,9,15
Arteene,illidan,864,hunter,beastmastery,24,9,15
Kaitoo,tichondrius,864,hunter,beastmastery,24,9,15
Dirtyytroll,area-52,864,hunter,beastmastery,24,9,15
Balrröt,malganis,864,hunter,beastmastery,24,9,15
Scurvypete,perenolde,864,hunter,beastmastery,24,9,15
Katiepie,frostmourne,864,hunter,beastmastery,30,9,21
Noisetrader,illidan,863,hunter,beastmastery,12,9,3
Saynice,warsong,863,hunter,beastmastery,12,9,3
Twoshotzz,darkspear,863,hunter,beastmastery,15,10,5
Viral,grizzly-hills,863,hunter,beastmastery,18,9,9
Wellerman,firetree,863,hunter,beastmastery,18,9,9
Jockitch,wildhammer,863,hunter,beastmastery,18,9,9
Petizoql,ragnaros,863,hunter,beastmastery,18,9,9
Nikronos,quelthalas,863,hunter,beastmastery,18,9,9
Luçkyan,tichondrius,863,hunter,beastmastery,18,9,9
Drivebyjuju,dentarg,863,hunter,beastmastery,18,9,9
Snowjin,stormrage,863,hunter,beastmastery,18,9,9
Babakatya,illidan,863,hunter,beastmastery,18,9,9
Shiddyhunta,emerald-dream,863,hunter,beastmastery,18,9,9
Drezzial,illidan,863,hunter,beastmastery,18,9,9
Xernen,thrall,863,hunter,beastmastery,18,9,9
Beabalm,dalaran,863,hunter,beastmastery,18,9,9
Berkhof,tichondrius,863,hunter,beastmastery,18,9,9
Dbrickashaw,proudmoore,863,hunter,beastmastery,18,9,9
Burguir,ragnaros,863,hunter,beastmastery,18,9,9
Jamzlol,frostmourne,863,hunter,beastmastery,18,9,9
Oztroza,grizzly-hills,863,hunter,beastmastery,18,9,9
Junglepaw,moon-guard,863,hunter,beastmastery,24,9,15
Aethernovae,area-52,863,hunter,beastmastery,24,9,15
Tarah,lightbringer,863,hunter,beastmastery,24,9,15
Ljai,gilneas,863,hunter,beastmastery,30,9,21
Bleedwish,tichondrius,863,hunter,beastmastery,31,9,22
Seáhawk,kiljaeden,862,hunter,beastmastery,12,9,3
Loriandel,proudmoore,862,hunter,beastmastery,14,9,5
Bloodstark,dreadmaul,862,hunter,beastmastery,18,9,9
Kyoü,drakkari,862,hunter,beastmastery,18,9,9
Qúin,frostmourne,862,hunter,beastmastery,18,9,9
Toross,stormscale,862,hunter,beastmastery,18,9,9
Eatmybow,nemesis,862,hunter,beastmastery,22,10,12
Hawkeye,boulderfist,862,hunter,beastmastery,24,9,15
Korasaurus,tichondrius,861,hunter,beastmastery,12,9,3
Arrowbadoors,azralon,861,hunter,beastmastery,18,9,9
Hygogg,area-52,861,hunter,beastmastery,24,9,15
Loranoh,illidan,861,hunter,beastmastery,24,9,15
Hrodvitnir,quelthalas,861,hunter,beastmastery,24,9,15
Alikay,ragnaros,861,hunter,beastmastery,24,9,15
Trápngap,barthilas,861,hunter,beastmastery,24,9,15
Ogbrooks,tichondrius,861,hunter,beastmastery,24,9,15
Zpax,area-52,860,hunter,beastmastery,19,11,8
Forsaken,bleeding-hollow,860,hunter,beastmastery,18,9,9
Shdwhntrclub,wyrmrest-accord,860,hunter,beastmastery,24,9,15
Byrdh,zuljin,860,hunter,beastmastery,27,10,17
Goinghuntin,frostmourne,859,hunter,beastmastery,18,9,9
Recoyl,proudmoore,859,hunter,beastmastery,18,9,9
Zylen,tichondrius,859,hunter,beastmastery,24,9,15
Auset,aegwynn,859,hunter,beastmastery,24,9,15
Rayman,thunderhorn,858,hunter,beastmastery,12,9,3
Xeriife,stormrage,858,hunter,beastmastery,19,9,10
Ventura,emerald-dream,857,hunter,beastmastery,18,9,9
Nikå,ragnaros,857,hunter,beastmastery,24,9,15
Kalekros,tichondrius,856,hunter,beastmastery,30,9,21
Galerius,illidan,855,hunter,beastmastery,36,9,27
Shiztec,malganis,854,hunter,beastmastery,24,9,15
Lanadari,trollbane,853,hunter,beastmastery,12,9,3
Bluehead,emerald-dream,852,hunter,beastmastery,38,18,20
ßloodmain,tichondrius,852,hunter,beastmastery,24,9,15
Antihero,norgannon,851,hunter,beastmastery,22,12,10
Hunterdps,gurubashi,851,hunter,beastmastery,18,9,9
Deuzebuk,azralon,851,hunter,beastmastery,36,14,22
Survivor,dentarg,851,hunter,beastmastery,24,9,15
Rinasonline,sargeras,851,hunter,beastmastery,24,9,15
Doombug,lethon,846,hunter,beastmastery,18,9,9
Vannaria,destromath,844,hunter,beastmastery,12,9,3
Eggsquatch,emerald-dream,844,hunter,beastmastery,12,9,3
Dikkins,windrunner,844,hunter,beastmastery,17,9,8
Skullgrain,eitrigg,844,hunter,beastmastery,23,9,14
Alby,daggerspine,843,hunter,beastmastery,23,9,14
Anya,proudmoore,840,hunter,beastmastery,53,24,29
Larthas,greymane,835,hunter,beastmastery,18,9,9
Seenobody,stormrage,834,hunter,beastmastery,41,9,32
Hikkupz,tichondrius,831,hunter,beastmastery,23,9,14
Moash,spinebreaker,830,hunter,beastmastery,17,9,8
Flamenco,arthas,830,hunter,beastmastery,17,9,8
Acotas,blades-edge,828,hunter,beastmastery,36,16,20
Coletrickle,chogall,822,hunter,beastmastery,32,10,22
Xhítt,sargeras,815,hunter,beastmastery,23,9,14
Vyalaris,emerald-dream,813,hunter,beastmastery,21,9,12
Popshotz,khazgoroth,812,hunter,beastmastery,17,9,8
Pureguava,gorefiend,810,hunter,beastmastery,30,10,20
Árescarries,shuhalo,809,hunter,beastmastery,27,9,18
Gilonate,tichondrius,805,hunter,beastmastery,48,10,38
Bagurgur,tichondrius,799,hunter,beastmastery,16,9,7
Jonyvi,stormrage,798,hunter,beastmastery,19,10,9
Lûrtz,aegwynn,798,hunter,beastmastery,23,9,14
Elftigy,dentarg,796,hunter,beastmastery,40,15,25
Quigfoot,area-52,794,hunter,beastmastery,100,38,62
Derimahunter,malganis,786,hunter,beastmastery,36,9,27
Malgar,zuljin,778,hunter,beastmastery,28,9,19
Feralhuntard,muradin,774,hunter,beastmastery,30,9,21
Follard,stormrage,768,hunter,beastmastery,12,8,4
Zute,sargeras,768,hunter,beastmastery,12,8,4
Kolotak,kelthuzad,768,hunter,beastmastery,12,8,4
Paraxh,tichondrius,768,hunter,beastmastery,12,8,4
Deinaito,bleeding-hollow,768,hunter,beastmastery,12,8,4
Disper,hyjal,768,hunter,beastmastery,12,8,4
Jsrhuntz,sargeras,768,hunter,beastmastery,12,8,4
Ogstrutt,zuljin,768,hunter,beastmastery,12,8,4
Flub,shadow-council,768,hunter,beastmastery,12,8,4
Anisphia,tichondrius,768,hunter,beastmastery,12,8,4
Meshunt,tichondrius,768,hunter,beastmastery,12,8,4
Chippendales,illidan,768,hunter,beastmastery,12,8,4
Priapismxh,stormrage,768,hunter,beastmastery,12,8,4
Bowbaggins,stormrage,768,hunter,beastmastery,12,8,4
Skankhuntx,kelthuzad,768,hunter,beastmastery,12,8,4
Valtierd,illidan,768,hunter,beastmastery,12,8,4
Torghast,demon-soul,768,hunter,beastmastery,12,8,4
Bluez,tichondrius,768,hunter,beastmastery,12,8,4
Drunkus,sargeras,768,hunter,beastmastery,12,8,4
Yonzo,area-52,768,hunter,beastmastery,18,8,10
Homilbab,tichondrius,768,hunter,beastmastery,18,8,10
Teammatescba,tichondrius,768,hunter,beastmastery,18,8,10
Oblitus,zuljin,768,hunter,beastmastery,18,8,10
Golgy,thrall,768,hunter,beastmastery,18,8,10
Arrebol,tichondrius,768,hunter,beastmastery,18,8,10
Wolfzburg,moon-guard,768,hunter,beastmastery,18,8,10
Newcomb,sargeras,768,hunter,beastmastery,18,8,10
Oblio,silvermoon,768,hunter,beastmastery,18,8,10
Gotrap,saurfang,768,hunter,beastmastery,18,8,10
Rethum,tichondrius,768,hunter,beastmastery,18,8,10
Tigglyjits,tichondrius,768,hunter,beastmastery,18,8,10
Seeq,illidan,768,hunter,beastmastery,18,8,10
Cubbab,tichondrius,768,hunter,beastmastery,18,8,10
Aimbotmir,zuljin,768,hunter,beastmastery,18,8,10
Wildlifejr,tichondrius,768,hunter,beastmastery,18,8,10
Mastasnipa,illidan,768,hunter,beastmastery,18,8,10
Seongnam,tichondrius,768,hunter,beastmastery,18,8,10
Katherìnelol,tichondrius,768,hunter,beastmastery,21,9,12
Graartwo,tichondrius,768,hunter,beastmastery,20,8,12
Aamoody,bloodhoof,768,hunter,beastmastery,24,8,16
Peregrin,burning-legion,768,hunter,beastmastery,24,8,16
Cufless,proudmoore,768,hunter,beastmastery,24,8,16
Kolosaltraps,tichondrius,768,hunter,beastmastery,24,8,16
Hackerman,tichondrius,767,hunter,beastmastery,12,8,4
Qetzalcoatl,ragnaros,767,hunter,beastmastery,12,8,4
Torva,firetree,767,hunter,beastmastery,12,8,4
Remièl,frostmourne,767,hunter,beastmastery,12,8,4
Keldrek,wyrmrest-accord,767,hunter,beastmastery,12,8,4
Cxnt,saurfang,767,hunter,beastmastery,15,9,6
Gerathorn,sargeras,767,hunter,beastmastery,18,8,10
Covfefeqt,illidan,767,hunter,beastmastery,18,8,10
Thehunturd,dalaran,767,hunter,beastmastery,18,8,10
Quepop,demon-soul,767,hunter,beastmastery,18,8,10
Hizyzshotz,illidan,767,hunter,beastmastery,18,8,10
Picapaul,stormrage,767,hunter,beastmastery,18,8,10
Trapgodtina,bleeding-hollow,767,hunter,beastmastery,18,8,10
Vindication,ysera,767,hunter,beastmastery,18,8,10
Packauwu,blackrock,767,hunter,beastmastery,18,8,10
Flîp,daggerspine,767,hunter,beastmastery,18,8,10
Bowjingles,blackrock,767,hunter,beastmastery,18,8,10
Iamreek,sargeras,767,hunter,beastmastery,18,8,10
Raphgun,stormrage,767,hunter,beastmastery,18,8,10
Snipingmilfs,zuluhed,766,hunter,beastmastery,12,8,4
Babayagga,emerald-dream,766,hunter,beastmastery,12,8,4
Tirocertobr,azralon,766,hunter,beastmastery,18,8,10
Föcker,emerald-dream,766,hunter,beastmastery,18,8,10
Ghostone,sargeras,766,hunter,beastmastery,18,8,10
Killshotting,blackrock,766,hunter,beastmastery,18,8,10
Coatl,archimonde,766,hunter,beastmastery,18,8,10
Hideontrap,malganis,766,hunter,beastmastery,18,8,10
Satours,quelthalas,766,hunter,beastmastery,18,8,10
Thirtyeight,blades-edge,766,hunter,beastmastery,18,8,10
Ropz,eonar,766,hunter,beastmastery,26,9,17
Thugio,sargeras,766,hunter,beastmastery,24,8,16
Calbone,stormrage,765,hunter,beastmastery,12,8,4
Ivix,sargeras,765,hunter,beastmastery,12,8,4
Brenoob,azralon,765,hunter,beastmastery,18,8,10
Queldana,drakkari,765,hunter,beastmastery,18,8,10
Cae,hellscream,765,hunter,beastmastery,24,8,16
Hunt,akama,765,hunter,beastmastery,24,8,16
Franzosisch,stormrage,764,hunter,beastmastery,12,8,4
Ashevan,stormrage,763,hunter,beastmastery,18,8,10
Årya,rexxar,763,hunter,beastmastery,18,8,10
Dodirty,laughing-skull,763,hunter,beastmastery,24,8,16
Jayker,illidan,762,hunter,beastmastery,12,8,4
Shamtus,bladefist,762,hunter,beastmastery,12,8,4
Tookoid,sargeras,762,hunter,beastmastery,12,8,4
Halberick,quelthalas,762,hunter,beastmastery,12,8,4
Liightnight,illidan,762,hunter,beastmastery,12,8,4
Stillkrow,sargeras,762,hunter,beastmastery,18,8,10
Kluetus,sargeras,762,hunter,beastmastery,18,8,10
Mygun,deathwing,762,hunter,beastmastery,24,8,16
Nutshot,alterac-mountains,762,hunter,beastmastery,24,8,16
Riverjumper,ghostlands,761,hunter,beastmastery,12,8,4
Riccolonamek,veknilash,761,hunter,beastmastery,12,8,4
Haeqn,illidan,761,hunter,beastmastery,12,8,4
Galadrieel,magtheridon,761,hunter,beastmastery,28,9,19
Derringer,the-scryers,760,hunter,beastmastery,18,8,10
Bakharnabi,azralon,760,hunter,beastmastery,18,8,10
Wannakill,stormrage,760,hunter,beastmastery,24,8,16
Fiddich,shattered-hand,759,hunter,beastmastery,18,8,10
Ophiela,shuhalo,759,hunter,beastmastery,36,8,28
Eeremm,drakkari,758,hunter,beastmastery,12,8,4
Drpenatrator,barthilas,755,hunter,beastmastery,18,8,10
Bblsallday,illidan,754,hunter,beastmastery,12,8,4
Androki,stormrage,752,hunter,beastmastery,12,8,4
Krispyflayz,sargeras,751,hunter,beastmastery,17,8,9
Thor,barthilas,751,hunter,beastmastery,18,8,10
Raevenah,dalaran,747,hunter,beastmastery,12,8,4
Luxyminx,moon-guard,747,hunter,beastmastery,23,8,15
Relaxnerd,antonidas,735,hunter,beastmastery,17,8,9
Vansongwrong,tichondrius,735,hunter,beastmastery,17,8,9
Tekkys,barthilas,734,hunter,beastmastery,17,8,9
Hawkkeye,thunderlord,734,hunter,beastmastery,23,8,15
Vendortrash,aggramar,733,hunter,beastmastery,17,8,9
Wkg,azgalor,728,hunter,beastmastery,41,19,22
Kathelvia,area-52,727,hunter,beastmastery,26,9,17
Mehtcurious,ragnaros,725,hunter,beastmastery,24,8,16
Eksd,sargeras,719,hunter,beastmastery,11,8,3
Timberex,drenden,715,hunter,beastmastery,15,8,7
Kysii,burning-blade,714,hunter,beastmastery,21,8,13
Makao,stormrage,713,hunter,beastmastery,28,9,19
Oromme,ragnaros,710,hunter,beastmastery,26,9,17
Kargathx,ragnaros,706,hunter,beastmastery,27,12,15
Popster,cenarius,704,hunter,beastmastery,22,8,14
Jjaro,area-52,703,hunter,beastmastery,10,8,2
Petpenguin,kelthuzad,703,hunter,beastmastery,11,8,3
Yozomoto,nordrassil,703,hunter,beastmastery,14,8,6
Dathronin,chogall,702,hunter,beastmastery,14,8,6
Qua,perenolde,702,hunter,beastmastery,17,8,9
Tozier,destromath,700,hunter,beastmastery,22,8,14
Mexishots,tichondrius,688,hunter,beastmastery,13,8,5
Varya,barthilas,672,hunter,beastmastery,12,7,5
Ajukeo,tichondrius,672,hunter,beastmastery,12,7,5
Interer,proudmoore,672,hunter,beastmastery,12,7,5
Downor,malganis,672,hunter,beastmastery,12,7,5
Cumman,sargeras,672,hunter,beastmastery,12,7,5
Handla,zuljin,672,hunter,beastmastery,12,7,5
Slimezy,tichondrius,672,hunter,beastmastery,12,7,5
Newcomb,tichondrius,672,hunter,beastmastery,12,7,5
Drwíggles,smolderthorn,672,hunter,beastmastery,12,7,5
Rhienne,tanaris,672,hunter,beastmastery,12,7,5
Ojsimp,illidan,672,hunter,beastmastery,12,7,5
Xerosa,emerald-dream,672,hunter,beastmastery,12,7,5
Slowtogo,moon-guard,672,hunter,beastmastery,12,7,5
Kuzar,thrall,672,hunter,beastmastery,12,7,5
Gyrobandit,korialstrasz,672,hunter,beastmastery,12,7,5
Mehontar,area-52,672,hunter,beastmastery,12,7,5
Jsr,tichondrius,672,hunter,beastmastery,12,7,5
Dadedehuyeah,illidan,672,hunter,beastmastery,12,7,5
Calsu,kiljaeden,672,hunter,beastmastery,12,7,5
Wrâge,senjin,672,hunter,beastmastery,12,7,5
Redpvp,illidan,672,hunter,beastmastery,12,7,5
Jibalynne,laughing-skull,672,hunter,beastmastery,12,7,5
Pmø,sargeras,672,hunter,beastmastery,12,7,5
Mylaqt,malganis,672,hunter,beastmastery,12,7,5
Alfentanil,thrall,672,hunter,beastmastery,12,7,5
Akirarika,wyrmrest-accord,672,hunter,beastmastery,12,7,5
Rexzoolza,tichondrius,672,hunter,beastmastery,12,7,5
Litchi,illidan,672,hunter,beastmastery,12,7,5
Sakedji,area-52,672,hunter,beastmastery,12,7,5
Küky,ragnaros,672,hunter,beastmastery,12,7,5
Gun,shadowsong,672,hunter,beastmastery,12,7,5
Handmemygun,aggramar,672,hunter,beastmastery,12,7,5
Buffhunt,tichondrius,672,hunter,beastmastery,12,7,5
Suliaodai,tichondrius,672,hunter,beastmastery,12,7,5
Hollowhunt,sentinels,672,hunter,beastmastery,12,7,5
Sloxx,tichondrius,672,hunter,beastmastery,12,7,5
Tusxx,tichondrius,672,hunter,beastmastery,12,7,5
Yolotraps,thrall,672,hunter,beastmastery,12,7,5
Gøldfish,wyrmrest-accord,672,hunter,beastmastery,12,7,5
Kaikunoshiri,tichondrius,672,hunter,beastmastery,12,7,5
Gentledream,dalaran,672,hunter,beastmastery,12,7,5
Hunatar,stormrage,672,hunter,beastmastery,12,7,5
Drãgenox,quelthalas,672,hunter,beastmastery,12,7,5
Jxbupx,tichondrius,672,hunter,beastmastery,12,7,5
Shaytime,proudmoore,672,hunter,beastmastery,16,8,8
Szeh,tichondrius,672,hunter,beastmastery,14,7,7
Digsites,emerald-dream,672,hunter,beastmastery,18,7,11
Sensitivthug,sargeras,672,hunter,beastmastery,18,7,11
Msghunter,sargeras,672,hunter,beastmastery,18,7,11
Greenmamba,thrall,672,hunter,beastmastery,18,7,11
Nashi,burning-blade,672,hunter,beastmastery,18,7,11
Antares,dalaran,672,hunter,beastmastery,18,7,11
Hoodster,illidan,672,hunter,beastmastery,18,7,11
Hyperíon,draenor,672,hunter,beastmastery,18,7,11
Dopeykingdom,illidan,672,hunter,beastmastery,18,7,11
Berrydanish,tichondrius,672,hunter,beastmastery,18,7,11
Joerogan,hydraxis,672,hunter,beastmastery,18,7,11
Ðevil,ragnaros,672,hunter,beastmastery,18,7,11
Dreagneal,ragnaros,672,hunter,beastmastery,18,7,11
Chernovax,altar-of-storms,672,hunter,beastmastery,18,7,11
Ziraiel,tichondrius,672,hunter,beastmastery,18,7,11
Jaykos,thaurissan,672,hunter,beastmastery,18,7,11
Mostmanly,tichondrius,672,hunter,beastmastery,18,7,11
Sèasons,tichondrius,672,hunter,beastmastery,21,7,14
Titanaxis,tichondrius,672,hunter,beastmastery,24,7,17
Trycaza,ragnaros,672,hunter,beastmastery,24,7,17
Desoh,kelthuzad,672,hunter,beastmastery,24,7,17
Sunsinfour,proudmoore,672,hunter,beastmastery,24,7,17
Lavo,borean-tundra,671,hunter,beastmastery,12,7,5
Kupupor,area-52,671,hunter,beastmastery,12,7,5
Spunkked,tichondrius,671,hunter,beastmastery,12,7,5
Gytaepung,tichondrius,671,hunter,beastmastery,12,7,5
Scrubmastery,emerald-dream,671,hunter,beastmastery,12,7,5
Ezpk,aegwynn,671,hunter,beastmastery,12,7,5
Ragerab,trollbane,671,hunter,beastmastery,12,7,5
Redzic,tichondrius,671,hunter,beastmastery,12,7,5
Mannypew,kelthuzad,671,hunter,beastmastery,12,7,5
Youlooknice,wyrmrest-accord,671,hunter,beastmastery,12,7,5
Exploits,stormrage,671,hunter,beastmastery,12,7,5
Terezhunt,tichondrius,671,hunter,beastmastery,12,7,5
Anniefuchsia,stormrage,671,hunter,beastmastery,12,7,5
Tremobbin,kelthuzad,671,hunter,beastmastery,12,7,5
Winzip,whisperwind,671,hunter,beastmastery,12,7,5
Thanthion,spirestone,671,hunter,beastmastery,12,7,5
Melinda,kilrogg,671,hunter,beastmastery,12,7,5
Vanquisher,trollbane,671,hunter,beastmastery,12,7,5
Beardedeagle,tichondrius,671,hunter,beastmastery,15,8,7
Nerfmytraps,frostmourne,671,hunter,beastmastery,16,8,8
Heylenny,area-52,671,hunter,beastmastery,18,7,11
Genowin,sargeras,671,hunter,beastmastery,18,7,11
Zernagul,proudmoore,671,hunter,beastmastery,18,7,11
Mooséhunt,wyrmrest-accord,671,hunter,beastmastery,18,7,11
Jagare,tichondrius,671,hunter,beastmastery,18,7,11
Threethirty,thrall,671,hunter,beastmastery,18,7,11
Dontkillpet,shandris,671,hunter,beastmastery,18,7,11
Valdevenator,illidan,671,hunter,beastmastery,18,7,11
Amortiz,illidan,671,hunter,beastmastery,18,7,11
Ratfood,tichondrius,671,hunter,beastmastery,23,7,16
Enigmer,area-52,670,hunter,beastmastery,12,7,5
Madness,zuljin,670,hunter,beastmastery,12,7,5
Topgun,laughing-skull,670,hunter,beastmastery,12,7,5
Yanzz,spinebreaker,670,hunter,beastmastery,12,7,5
Sergejeremy,sargeras,670,hunter,beastmastery,18,7,11
Fawn,moon-guard,670,hunter,beastmastery,18,7,11
Spaeth,borean-tundra,670,hunter,beastmastery,24,7,17
Vicarnam,uldum,669,hunter,beastmastery,12,7,5
Neurosurgery,azralon,669,hunter,beastmastery,18,7,11
Fynnigan,shandris,669,hunter,beastmastery,18,7,11
Oneshotman,hydraxis,668,hunter,beastmastery,12,7,5
Bosslord,wyrmrest-accord,667,hunter,beastmastery,12,7,5
Arielma,illidan,667,hunter,beastmastery,30,7,23
Olelf,chogall,666,hunter,beastmastery,12,7,5
Badboyzcry,deathwing,666,hunter,beastmastery,12,7,5
Strafenshoot,darkspear,666,hunter,beastmastery,12,7,5
Archicur,darkspear,665,hunter,beastmastery,24,7,17
Beatnyou,tichondrius,664,hunter,beastmastery,18,7,11
Eastera,tichondrius,663,hunter,beastmastery,27,8,19
Isagypsy,ragnaros,662,hunter,beastmastery,18,7,11
Cbramatacera,drakkari,661,hunter,beastmastery,12,7,5
Theprovider,burning-blade,659,hunter,beastmastery,12,7,5
Benryats,area-52,657,hunter,beastmastery,21,8,13
Baelien,tichondrius,657,hunter,beastmastery,22,8,14
Legendhunter,quelthalas,655,hunter,beastmastery,12,8,4
Lyduc,barthilas,655,hunter,beastmastery,17,7,10
Longwen,frostwolf,655,hunter,beastmastery,18,7,11
Wuzi,echo-isles,653,hunter,beastmastery,18,7,11
Jashak,windrunner,625,hunter,beastmastery,22,10,12
Ashx,nemesis,623,hunter,beastmastery,17,7,10
Lelreisw,goldrinn,622,hunter,beastmastery,21,7,14
Ôhunter,sentinels,618,hunter,beastmastery,17,8,9
Tjota,azralon,618,hunter,beastmastery,43,8,35
Àléç,mannoroth,610,hunter,beastmastery,18,8,10
Chopt,runetotem,607,hunter,beastmastery,11,7,4
Tribë,emerald-dream,607,hunter,beastmastery,11,7,4
Booticheekz,tichondrius,607,hunter,beastmastery,11,7,4
Supdawg,aggramar,607,hunter,beastmastery,17,7,10
Shootdogg,mannoroth,607,hunter,beastmastery,20,7,13
Missionfiggs,malganis,607,hunter,beastmastery,20,7,13
Lulafourdedo,stormrage,606,hunter,beastmastery,9,7,2
Drisilla,stormrage,606,hunter,beastmastery,11,7,4
Kaiso,chogall,606,hunter,beastmastery,20,7,13
Shanghunt,cenarius,604,hunter,beastmastery,14,7,7
Jímmy,garona,591,hunter,beastmastery,19,7,12
Oshosiwar,ragnaros,588,hunter,beastmastery,21,7,14
Píps,maelstrom,576,hunter,beastmastery,6,6,0
Artemiszina,sargeras,576,hunter,beastmastery,6,6,0
Mavmavmavmav,illidan,576,hunter,beastmastery,6,6,0
Igotapvpness,tichondrius,576,hunter,beastmastery,6,6,0
Rekkis,area-52,576,hunter,beastmastery,6,6,0
Gassmask,area-52,576,hunter,beastmastery,6,6,0
Bussyeatr,daggerspine,576,hunter,beastmastery,12,6,6
Rockoutt,emerald-dream,576,hunter,beastmastery,12,6,6
Xaraya,kiljaeden,576,hunter,beastmastery,12,6,6
Balboa,tortheldrin,576,hunter,beastmastery,12,6,6
Daylilycoast,emerald-dream,576,hunter,beastmastery,12,6,6
Boybawang,area-52,576,hunter,beastmastery,12,6,6
Jonah,sargeras,576,hunter,beastmastery,12,6,6
Evilblammo,thorium-brotherhood,576,hunter,beastmastery,12,6,6
Harmfulwang,emerald-dream,576,hunter,beastmastery,12,6,6
Raerdun,bonechewer,576,hunter,beastmastery,12,6,6
Spottedoger,burning-legion,576,hunter,beastmastery,12,6,6
Nytefell,skullcrusher,576,hunter,beastmastery,12,6,6
Darksniper,proudmoore,576,hunter,beastmastery,12,6,6
Pfheign,area-52,576,hunter,beastmastery,12,6,6
Clawdio,ragnaros,576,hunter,beastmastery,12,6,6
Khanittus,area-52,576,hunter,beastmastery,12,6,6
Mcfibers,malganis,576,hunter,beastmastery,12,6,6
Kånade,ragnaros,576,hunter,beastmastery,12,6,6
Aduurant,quelthalas,576,hunter,beastmastery,12,6,6
Peacemaker,dunemaul,576,hunter,beastmastery,12,6,6
Deidada,ragnaros,576,hunter,beastmastery,12,6,6
Hunterpk,lightbringer,576,hunter,beastmastery,12,6,6
Raadun,terokkar,576,hunter,beastmastery,12,6,6
Schvitz,darkspear,576,hunter,beastmastery,12,6,6
Zookeepah,tichondrius,576,hunter,beastmastery,12,6,6
Yoske,tichondrius,576,hunter,beastmastery,12,6,6
Orqism,tichondrius,576,hunter,beastmastery,12,6,6
Supernamh,sargeras,576,hunter,beastmastery,12,6,6
Sumpunter,barthilas,576,hunter,beastmastery,12,6,6
Wapnonymous,mugthol,576,hunter,beastmastery,12,6,6
Nampa,stormrage,576,hunter,beastmastery,12,6,6
Retaâáàäãart,tichondrius,576,hunter,beastmastery,12,6,6
Thugbus,frostmourne,576,hunter,beastmastery,12,6,6
Spookytrap,tichondrius,576,hunter,beastmastery,12,6,6
Meluremster,tichondrius,576,hunter,beastmastery,12,6,6
Éshen,illidan,576,hunter,beastmastery,12,6,6
Wopper,moon-guard,576,hunter,beastmastery,12,6,6
Toniic,moon-guard,576,hunter,beastmastery,12,6,6
Leadblaster,gorefiend,576,hunter,beastmastery,12,6,6
Taurask,tichondrius,576,hunter,beastmastery,12,6,6
Markieemark,tichondrius,576,hunter,beastmastery,12,6,6
Kaptincrunch,skywall,576,hunter,beastmastery,12,6,6
Itch,moon-guard,576,hunter,beastmastery,12,6,6
Gilv,frostmourne,576,hunter,beastmastery,12,6,6
Drdill,gorefiend,576,hunter,beastmastery,12,6,6
Hurato,stormrage,576,hunter,beastmastery,12,6,6
Zigum,dalaran,576,hunter,beastmastery,12,6,6
Alochol,vashj,576,hunter,beastmastery,12,6,6
Invisabootz,hyjal,576,hunter,beastmastery,12,6,6
Bosshunter,tichondrius,576,hunter,beastmastery,12,6,6
Himmihyme,illidan,576,hunter,beastmastery,12,6,6
Chriscal,zuljin,576,hunter,beastmastery,12,6,6
Fma,stormrage,576,hunter,beastmastery,12,6,6
Jwzz,tichondrius,576,hunter,beastmastery,12,6,6
Drivebytko,illidan,576,hunter,beastmastery,12,6,6
Wongy,tichondrius,576,hunter,beastmastery,12,6,6
Zeedii,dalaran,576,hunter,beastmastery,12,6,6
Noblesaïnt,tichondrius,576,hunter,beastmastery,12,6,6
Makag,illidan,576,hunter,beastmastery,12,6,6
Percival,firetree,576,hunter,beastmastery,15,7,8
Rhovanni,ragnaros,576,hunter,beastmastery,15,7,8
Xavenwn,wyrmrest-accord,576,hunter,beastmastery,16,6,10
Virgim,kelthuzad,576,hunter,beastmastery,18,6,12
Larrydog,fizzcrank,576,hunter,beastmastery,18,6,12
Mylfhunter,azralon,576,hunter,beastmastery,18,6,12
Kurmojo,hyjal,576,hunter,beastmastery,18,6,12
Whaling,tichondrius,576,hunter,beastmastery,18,6,12
Seyu,tichondrius,576,hunter,beastmastery,18,6,12
Dynith,sargeras,576,hunter,beastmastery,18,6,12
Mørødox,sargeras,576,hunter,beastmastery,18,6,12
Møoo,ragnaros,576,hunter,beastmastery,18,6,12
Kanta,bleeding-hollow,576,hunter,beastmastery,18,6,12
Pieman,azuremyst,576,hunter,beastmastery,18,6,12
Thorssman,illidan,576,hunter,beastmastery,18,6,12
Arraza,ragnaros,576,hunter,beastmastery,22,7,15
Ærês,ysondre,576,hunter,beastmastery,20,6,14
Cuarentatres,azralon,576,hunter,beastmastery,24,6,18
Beastbaal,sargeras,576,hunter,beastmastery,24,6,18
Asuryakha,darkspear,575,hunter,beastmastery,12,6,6
Ontop,draka,575,hunter,beastmastery,12,6,6
Yobby,area-52,575,hunter,beastmastery,12,6,6
Aoife,zuljin,575,hunter,beastmastery,12,6,6
Qwzh,quelthalas,575,hunter,beastmastery,12,6,6
Sesilee,proudmoore,575,hunter,beastmastery,12,6,6
Longshott,azralon,575,hunter,beastmastery,12,6,6
Rankhor,darkspear,575,hunter,beastmastery,12,6,6
Tibineids,stormrage,575,hunter,beastmastery,12,6,6
Vipermaster,azralon,575,hunter,beastmastery,12,6,6
Fireshots,tichondrius,575,hunter,beastmastery,12,6,6
Horsegirl,chogall,575,hunter,beastmastery,12,6,6
Fulca,area-52,575,hunter,beastmastery,12,6,6
Eastwake,stormrage,575,hunter,beastmastery,12,6,6
Britannian,moon-guard,575,hunter,beastmastery,12,6,6
Mindbreaker,illidan,575,hunter,beastmastery,12,6,6
Gwarnar,stormrage,575,hunter,beastmastery,12,6,6
Wdb,tichondrius,575,hunter,beastmastery,12,6,6
Chinoiti,bleeding-hollow,575,hunter,beastmastery,12,6,6
Orangegummy,frostmourne,575,hunter,beastmastery,15,7,8
Softhunter,tichondrius,575,hunter,beastmastery,18,6,12
Iboofprofen,illidan,575,hunter,beastmastery,18,6,12
Boradin,lightbringer,575,hunter,beastmastery,18,6,12
Camorcaist,stormrage,575,hunter,beastmastery,18,6,12
Tanrith,dark-iron,575,hunter,beastmastery,18,6,12
Aliciaomg,andorhal,575,hunter,beastmastery,18,6,12
Logandawgfan,thunderlord,575,hunter,beastmastery,18,6,12
Mingsomnia,kiljaeden,575,hunter,beastmastery,24,6,18
Goraku,dalaran,575,hunter,beastmastery,24,6,18
Nekrongar,agamaggan,574,hunter,beastmastery,12,6,6
Kalibah,azralon,574,hunter,beastmastery,18,6,12
Arcticuz,aegwynn,574,hunter,beastmastery,18,6,12
Sapphie,frostmourne,574,hunter,beastmastery,24,6,18
Kresnik,azralon,574,hunter,beastmastery,24,6,18
Roseandra,stormrage,574,hunter,beastmastery,24,6,18
Flooring,illidan,573,hunter,beastmastery,12,6,6
Lazygnome,azshara,573,hunter,beastmastery,18,6,12
Pewpewd,tichondrius,572,hunter,beastmastery,12,6,6
Dethh,dunemaul,572,hunter,beastmastery,12,6,6
Cousinlarry,kaelthas,571,hunter,beastmastery,12,6,6
Høød,greymane,571,hunter,beastmastery,12,6,6
Katmang,frostmourne,571,hunter,beastmastery,18,6,12
Lanamatt,azralon,569,hunter,beastmastery,12,6,6
Mondlicht,tichondrius,559,hunter,beastmastery,17,6,11
Parâsite,kelthuzad,559,hunter,beastmastery,23,6,17
Gerpshot,darrowmere,557,hunter,beastmastery,18,7,11
Ullria,frostmourne,544,hunter,beastmastery,16,6,10
Onearmsteve,tichondrius,543,hunter,beastmastery,11,6,5
Boopuh,illidan,543,hunter,beastmastery,14,7,7
Habanero,anetheron,543,hunter,beastmastery,14,7,7
Tezlekhan,haomarush,543,hunter,beastmastery,17,6,11
Heavyduty,proudmoore,528,hunter,beastmastery,21,6,15
Trycen,bleeding-hollow,527,hunter,beastmastery,11,6,5
Pikepounder,tichondrius,527,hunter,beastmastery,15,6,9
Memorypet,proudmoore,527,hunter,beastmastery,15,6,9
Yatolo,barthilas,526,hunter,beastmastery,15,6,9
Porkrager,doomhammer,522,hunter,beastmastery,14,7,7
Iililillilii,tichondrius,522,hunter,beastmastery,20,7,13
Mïsërý,tichondrius,522,hunter,beastmastery,21,7,14
Beastcraft,emerald-dream,521,hunter,beastmastery,21,7,14
Bugsßunny,sargeras,521,hunter,beastmastery,22,7,15
Ataxyus,area-52,512,hunter,beastmastery,10,6,4
Bowjobs,stormscale,511,hunter,beastmastery,14,6,8
Punkrockguy,illidan,511,hunter,beastmastery,20,6,14
Aluminumfoil,kelthuzad,510,hunter,beastmastery,11,6,5
Zock,lothar,494,hunter,beastmastery,19,6,13
Tukki,quelthalas,480,hunter,beastmastery,6,5,1
Silentbeast,bleeding-hollow,480,hunter,beastmastery,6,5,1
Traptrinket,sargeras,480,hunter,beastmastery,6,5,1
Kkoduckk,tichondrius,480,hunter,beastmastery,6,5,1
Megahuntard,bleeding-hollow,480,hunter,beastmastery,6,5,1
Cyrads,darkspear,480,hunter,beastmastery,6,5,1
Chimeralol,area-52,480,hunter,beastmastery,6,5,1
Glacierr,emerald-dream,480,hunter,beastmastery,6,5,1
Victorcrumb,tichondrius,480,hunter,beastmastery,6,5,1
Arleesta,thrall,480,hunter,beastmastery,6,5,1
Nokda,tichondrius,480,hunter,beastmastery,6,5,1
Luys,illidan,480,hunter,beastmastery,6,5,1
Moistbooger,emerald-dream,480,hunter,beastmastery,6,5,1
Pwn,korgath,480,hunter,beastmastery,6,5,1
Tèrrabite,sargeras,480,hunter,beastmastery,6,5,1
Brokensnipez,area-52,480,hunter,beastmastery,6,5,1
Vynloresh,thrall,480,hunter,beastmastery,6,5,1
Linkolnn,sargeras,480,hunter,beastmastery,6,5,1
Nsjp,darkspear,480,hunter,beastmastery,6,5,1
Oeoeoeoeoeoe,alterac-mountains,480,hunter,beastmastery,6,5,1
Sinon,stormrage,480,hunter,beastmastery,6,5,1
Yajr,black-dragonflight,480,hunter,beastmastery,6,5,1
Perrmabanned,tichondrius,480,hunter,beastmastery,6,5,1
Arthäsxd,azralon,480,hunter,beastmastery,6,5,1
Rataataa,tichondrius,480,hunter,beastmastery,6,5,1
Cojáx,dalaran,480,hunter,beastmastery,6,5,1
Acidhunt,tichondrius,480,hunter,beastmastery,6,5,1
Dankshunt,arthas,480,hunter,beastmastery,6,5,1
Añtø,tichondrius,480,hunter,beastmastery,6,5,1
Goodwillhunt,tichondrius,480,hunter,beastmastery,6,5,1
Devilborne,tichondrius,480,hunter,beastmastery,6,5,1
Jjackchicken,tichondrius,480,hunter,beastmastery,6,5,1
Plsnobanmee,frostmourne,480,hunter,beastmastery,6,5,1
Airoh,gorefiend,480,hunter,beastmastery,10,6,4
Exabyssus,bleeding-hollow,480,hunter,beastmastery,12,5,7
Atirofofo,azralon,480,hunter,beastmastery,12,5,7
Bowzza,area-52,480,hunter,beastmastery,12,5,7
Vanpeltz,illidan,480,hunter,beastmastery,12,5,7
Feladorn,silver-hand,480,hunter,beastmastery,12,5,7
Smexyhunter,moon-guard,480,hunter,beastmastery,12,5,7
Skitso,illidan,480,hunter,beastmastery,12,5,7
Gorillafart,spirestone,480,hunter,beastmastery,12,5,7
Tureckk,illidan,480,hunter,beastmastery,12,5,7
Deklin,malganis,480,hunter,beastmastery,12,5,7
Ghostdâwg,stormrage,480,hunter,beastmastery,12,5,7
Kaloh,daggerspine,480,hunter,beastmastery,12,5,7
Affections,darkspear,480,hunter,beastmastery,12,5,7
Imperatrix,emerald-dream,480,hunter,beastmastery,12,5,7
Taphh,moon-guard,480,hunter,beastmastery,12,5,7
Fallacies,moon-guard,480,hunter,beastmastery,12,5,7
Michaeljfox,area-52,480,hunter,beastmastery,12,5,7
Langs,bronzebeard,480,hunter,beastmastery,12,5,7
Taskete,ragnaros,480,hunter,beastmastery,12,5,7
Alssong,tichondrius,480,hunter,beastmastery,12,5,7
Hitcompleted,moon-guard,480,hunter,beastmastery,12,5,7
Grizmin,sargeras,480,hunter,beastmastery,12,5,7
Valeous,azjolnerub,480,hunter,beastmastery,12,5,7
Powerstrokes,sargeras,480,hunter,beastmastery,12,5,7
Tonysting,sargeras,480,hunter,beastmastery,12,5,7
Wønky,stormrage,480,hunter,beastmastery,12,5,7
Pannds,proudmoore,480,hunter,beastmastery,12,5,7
Chipsncheese,korgath,480,hunter,beastmastery,12,5,7
Kansolly,tichondrius,480,hunter,beastmastery,12,5,7
Yørch,stormrage,480,hunter,beastmastery,12,5,7
Hendlie,frostmourne,480,hunter,beastmastery,12,5,7
Yosra,frostmourne,480,hunter,beastmastery,12,5,7
Powdersoak,area-52,480,hunter,beastmastery,12,5,7
Silveraero,ghostlands,480,hunter,beastmastery,12,5,7
Banai,the-underbog,480,hunter,beastmastery,12,5,7
Hèro,barthilas,480,hunter,beastmastery,12,5,7
Harosh,azralon,480,hunter,beastmastery,12,5,7
Squiik,wildhammer,480,hunter,beastmastery,12,5,7
Twoshotz,stormrage,480,hunter,beastmastery,12,5,7
Estrijeen,barthilas,480,hunter,beastmastery,12,5,7
Tarkovs,area-52,480,hunter,beastmastery,12,5,7
Mcbacon,illidan,480,hunter,beastmastery,12,5,7
Ariais,zangarmarsh,480,hunter,beastmastery,12,5,7
Àthenaa,malygos,480,hunter,beastmastery,12,5,7
Skillhunter,tichondrius,480,hunter,beastmastery,12,5,7
Deddita,zuljin,480,hunter,beastmastery,12,5,7
Åî,tichondrius,480,hunter,beastmastery,12,5,7
Atlacatl,tichondrius,480,hunter,beastmastery,12,5,7
Chenghiskhan,tichondrius,480,hunter,beastmastery,12,5,7
Ferex,tichondrius,480,hunter,beastmastery,12,5,7
Sunflwerdawn,emerald-dream,480,hunter,beastmastery,12,5,7
Tetzuo,illidan,480,hunter,beastmastery,12,5,7
Hellbow,ragnaros,480,hunter,beastmastery,12,5,7
Stayinsight,area-52,480,hunter,beastmastery,12,5,7
Xavííer,tichondrius,480,hunter,beastmastery,12,5,7
Feltz,moon-guard,480,hunter,beastmastery,12,5,7
Kekneex,zuljin,480,hunter,beastmastery,12,5,7
Ravell,arygos,480,hunter,beastmastery,12,5,7
Drakku,zuljin,480,hunter,beastmastery,12,5,7
Satàn,thrall,480,hunter,beastmastery,12,5,7
Ayepapi,darkspear,480,hunter,beastmastery,12,5,7
ßoo,darkspear,480,hunter,beastmastery,12,5,7
Chutput,dalaran,480,hunter,beastmastery,15,6,9
Llachiip,zuljin,480,hunter,beastmastery,16,6,10
Bøl,ragnaros,480,hunter,beastmastery,16,5,11
Murk,spirestone,480,hunter,beastmastery,18,5,13
Amoreiene,stormrage,480,hunter,beastmastery,18,5,13
Blockbusters,sargeras,480,hunter,beastmastery,18,5,13
Semiautmatic,thrall,480,hunter,beastmastery,18,5,13
Snoogen,illidan,480,hunter,beastmastery,18,5,13
Chetxs,bleeding-hollow,480,hunter,beastmastery,18,5,13
Panzerfäust,zuljin,480,hunter,beastmastery,18,5,13
Bithiáh,quelthalas,480,hunter,beastmastery,18,5,13
Segulah,dalaran,479,hunter,beastmastery,6,5,1
Sizzimus,area-52,479,hunter,beastmastery,6,5,1
Mafghine,malganis,479,hunter,beastmastery,6,5,1
Capyou,lightninghoof,479,hunter,beastmastery,12,5,7
Pickshot,boulderfist,479,hunter,beastmastery,12,5,7
Holyhunnter,proudmoore,479,hunter,beastmastery,12,5,7
Livershot,zuljin,479,hunter,beastmastery,12,5,7
Deadlyattack,barthilas,479,hunter,beastmastery,12,5,7
Mecatrón,quelthalas,479,hunter,beastmastery,12,5,7
Kairoke,azralon,479,hunter,beastmastery,12,5,7
Apolex,velen,479,hunter,beastmastery,12,5,7
Equipmunk,arthas,479,hunter,beastmastery,12,5,7
Chosan,sargeras,479,hunter,beastmastery,12,5,7
Volján,quelthalas,479,hunter,beastmastery,12,5,7
Celdiirn,dragonmaw,479,hunter,beastmastery,12,5,7
Dwarfpecker,hydraxis,479,hunter,beastmastery,12,5,7
Simoro,malganis,479,hunter,beastmastery,14,5,9
Trushôtz,tichondrius,479,hunter,beastmastery,17,5,12
Boomup,tichondrius,479,hunter,beastmastery,21,6,15
Cortavento,azralon,479,hunter,beastmastery,18,5,13
Smider,magtheridon,479,hunter,beastmastery,18,5,13
Starkmeister,stormrage,479,hunter,beastmastery,18,5,13
Morngrimm,area-52,479,hunter,beastmastery,18,5,13
Bernice,darrowmere,478,hunter,beastmastery,12,5,7
Waagg,ragnaros,478,hunter,beastmastery,12,5,7
Zarrockk,emerald-dream,478,hunter,beastmastery,12,5,7
Fiznits,nerzhul,478,hunter,beastmastery,18,5,13
Titchi,azralon,478,hunter,beastmastery,18,5,13
Funpickle,area-52,477,hunter,beastmastery,12,5,7
Haltheron,azshara,477,hunter,beastmastery,12,5,7
Slowbear,kiljaeden,477,hunter,beastmastery,12,5,7
Syphiel,moon-guard,476,hunter,beastmastery,12,5,7
Braindeadly,malganis,476,hunter,beastmastery,12,5,7
Ogma,mugthol,475,hunter,beastmastery,12,5,7
Laer,frostmourne,475,hunter,beastmastery,31,5,26
Ledrip,sargeras,463,hunter,beastmastery,11,5,6
Redrum,turalyon,448,hunter,beastmastery,10,5,5
Revenantz,stormrage,447,hunter,beastmastery,11,5,6
Gunther,korgath,447,hunter,beastmastery,11,5,6
Degenape,bleeding-hollow,447,hunter,beastmastery,11,5,6
Travisshot,tichondrius,447,hunter,beastmastery,11,5,6
Verzatyle,frostwolf,447,hunter,beastmastery,11,5,6
Stonebreed,whisperwind,447,hunter,beastmastery,11,5,6
Grudqt,blackrock,447,hunter,beastmastery,15,6,9
Vuur,korialstrasz,447,hunter,beastmastery,19,6,13
Vínçent,blood-furnace,447,hunter,beastmastery,23,5,18
Ryanshootsu,tichondrius,431,hunter,beastmastery,11,5,6
Rástakhan,ragnaros,431,hunter,beastmastery,11,5,6
Hum,tichondrius,426,hunter,beastmastery,15,7,8
Hazzlôk,cairne,426,hunter,beastmastery,20,7,13
Ripmytoast,chogall,424,hunter,beastmastery,16,7,9
Natiry,nemesis,415,hunter,beastmastery,8,5,3
Verse,aggramar,415,hunter,beastmastery,12,6,6
Resonators,tichondrius,400,hunter,beastmastery,13,5,8
Samualadams,altar-of-storms,399,hunter,beastmastery,5,5,0
Valeine,barthilas,384,hunter,beastmastery,6,4,2
Drinktodrown,moon-guard,384,hunter,beastmastery,6,4,2
Infatuatedx,moon-guard,384,hunter,beastmastery,6,4,2
Hyyz,proudmoore,384,hunter,beastmastery,6,4,2
Skongs,tichondrius,384,hunter,beastmastery,6,4,2
Relinna,lightbringer,384,hunter,beastmastery,6,4,2
Kong,tichondrius,384,hunter,beastmastery,6,4,2
Chichi,korgath,384,hunter,beastmastery,6,4,2
Skytah,darkspear,384,hunter,beastmastery,6,4,2
Rainshadow,alterac-mountains,384,hunter,beastmastery,6,4,2
Chaucyy,magtheridon,384,hunter,beastmastery,6,4,2
Fizzpow,blackrock,384,hunter,beastmastery,6,4,2
Ithanna,quelthalas,384,hunter,beastmastery,6,4,2
Skað,lightbringer,384,hunter,beastmastery,6,4,2
Bufluu,bleeding-hollow,384,hunter,beastmastery,6,4,2
Lowlore,moon-guard,384,hunter,beastmastery,6,4,2
Silvershot,emerald-dream,384,hunter,beastmastery,6,4,2
Jerso,zuljin,384,hunter,beastmastery,6,4,2
Elmerfudge,tichondrius,384,hunter,beastmastery,6,4,2
Markymarc,tichondrius,384,hunter,beastmastery,6,4,2
Moktarg,archimonde,384,hunter,beastmastery,6,4,2
Sôuleater,moon-guard,384,hunter,beastmastery,6,4,2
Statîcx,thrall,384,hunter,beastmastery,6,4,2
Naxhunter,stormrage,384,hunter,beastmastery,6,4,2
Tezcâtlipocâ,sargeras,384,hunter,beastmastery,6,4,2
Thickgirl,kiljaeden,384,hunter,beastmastery,6,4,2
Dexh,frostmourne,384,hunter,beastmastery,6,4,2
Bênton,tichondrius,384,hunter,beastmastery,6,4,2
Sindshai,onyxia,384,hunter,beastmastery,6,4,2
Zubo,tichondrius,384,hunter,beastmastery,6,4,2
Chokemescara,stormrage,384,hunter,beastmastery,6,4,2
Dcousins,tichondrius,384,hunter,beastmastery,6,4,2
Trapstar,aggramar,384,hunter,beastmastery,6,4,2
Hunterquim,stormrage,384,hunter,beastmastery,6,4,2
Hunterbausch,thrall,384,hunter,beastmastery,6,4,2
Zzackchicken,tichondrius,384,hunter,beastmastery,6,4,2
Chikkynuggy,destromath,384,hunter,beastmastery,6,4,2
Shotgunpain,nazjatar,384,hunter,beastmastery,6,4,2
Edub,tichondrius,384,hunter,beastmastery,6,4,2
Jerusa,illidan,384,hunter,beastmastery,6,4,2
Shiki,icecrown,384,hunter,beastmastery,6,4,2
Scytsbow,illidan,384,hunter,beastmastery,6,4,2
Realtrapper,thrall,384,hunter,beastmastery,6,4,2
Eazyaimz,thrall,384,hunter,beastmastery,6,4,2
Lèkïnhø,azralon,384,hunter,beastmastery,6,4,2
Bodangel,galakrond,384,hunter,beastmastery,6,4,2
Coçador,stormrage,384,hunter,beastmastery,6,4,2
Pewpew,stormreaver,384,hunter,beastmastery,6,4,2
Explodez,illidan,384,hunter,beastmastery,6,4,2
Stallwart,bronzebeard,384,hunter,beastmastery,6,4,2
Bowfox,area-52,384,hunter,beastmastery,6,4,2
Cowboyhood,tanaris,384,hunter,beastmastery,6,4,2
Deshiie,proudmoore,384,hunter,beastmastery,6,4,2
Tìrra,stormrage,384,hunter,beastmastery,6,4,2
Mälädÿ,nemesis,384,hunter,beastmastery,6,4,2
Damatic,area-52,384,hunter,beastmastery,6,4,2
Krazykilla,spirestone,384,hunter,beastmastery,6,4,2
Bootytraps,proudmoore,384,hunter,beastmastery,6,4,2
Anteróz,tichondrius,384,hunter,beastmastery,9,4,5
Kharvaash,onyxia,384,hunter,beastmastery,12,4,8
Audiofly,tichondrius,384,hunter,beastmastery,12,4,8
Dpschump,dragonmaw,384,hunter,beastmastery,12,4,8
Lookoutt,tichondrius,384,hunter,beastmastery,12,4,8
Dangerclam,barthilas,384,hunter,beastmastery,12,4,8
Miansi,tichondrius,384,hunter,beastmastery,12,4,8
Arcuz,quelthalas,384,hunter,beastmastery,12,4,8
Saharä,illidan,384,hunter,beastmastery,12,4,8
Graatata,shandris,384,hunter,beastmastery,12,4,8
Vencc,tichondrius,384,hunter,beastmastery,12,4,8
Elywen,alexstrasza,384,hunter,beastmastery,12,4,8
Twopawshunta,tichondrius,384,hunter,beastmastery,12,4,8
Alkynabm,kelthuzad,384,hunter,beastmastery,12,4,8
Dubbledee,malganis,384,hunter,beastmastery,12,4,8
Coggter,uther,384,hunter,beastmastery,12,4,8
Cluhaywood,zuljin,384,hunter,beastmastery,12,4,8
Inetpub,stormrage,384,hunter,beastmastery,12,4,8
Shaevie,lothar,384,hunter,beastmastery,12,4,8
Accessdraven,tichondrius,384,hunter,beastmastery,12,4,8
Dampteeth,sargeras,384,hunter,beastmastery,12,4,8
Sydina,malganis,384,hunter,beastmastery,12,4,8
Coolbeanz,boulderfist,384,hunter,beastmastery,12,4,8
Pirateninja,illidan,384,hunter,beastmastery,12,4,8
Bowsauce,khadgar,384,hunter,beastmastery,12,4,8
Gandury,tichondrius,384,hunter,beastmastery,12,4,8
Deahtgab,ragnaros,384,hunter,beastmastery,12,4,8
Zeront,garona,384,hunter,beastmastery,12,4,8
Throwadox,malganis,384,hunter,beastmastery,12,4,8
Czeroenjoyer,malganis,384,hunter,beastmastery,12,4,8
Bangerzx,stormrage,384,hunter,beastmastery,12,4,8
Rhyzen,drenden,384,hunter,beastmastery,12,4,8
Bówjòb,nordrassil,384,hunter,beastmastery,12,4,8
Vandescar,illidan,384,hunter,beastmastery,12,4,8
Bvø,stormrage,384,hunter,beastmastery,12,4,8
Moùrningwood,stormrage,384,hunter,beastmastery,12,4,8
Skycaptaín,lightbringer,384,hunter,beastmastery,12,4,8
Deatharrow,azuremyst,384,hunter,beastmastery,12,4,8
Gaydin,zuljin,384,hunter,beastmastery,12,4,8
Noxura,illidan,384,hunter,beastmastery,12,4,8
Valrosan,stormrage,384,hunter,beastmastery,12,4,8
Seanpaì,tichondrius,384,hunter,beastmastery,12,4,8
Withoutraps,quelthalas,384,hunter,beastmastery,12,4,8
Calev,frostmourne,384,hunter,beastmastery,12,4,8
Devastavi,proudmoore,384,hunter,beastmastery,12,4,8
Fáelin,proudmoore,384,hunter,beastmastery,12,4,8
Grimshot,boulderfist,384,hunter,beastmastery,12,4,8
Zøro,malganis,384,hunter,beastmastery,12,4,8
Rektage,jubeithos,384,hunter,beastmastery,12,4,8
Cndavyjones,akama,384,hunter,beastmastery,12,4,8
Zothus,azralon,384,hunter,beastmastery,12,4,8
Knarlin,uldum,384,hunter,beastmastery,12,4,8
Mídnîght,azralon,384,hunter,beastmastery,12,4,8
Calvarîam,korgath,384,hunter,beastmastery,12,4,8
Ælij,tichondrius,384,hunter,beastmastery,12,4,8
Kok,andorhal,384,hunter,beastmastery,12,4,8
Grumaku,area-52,384,hunter,beastmastery,12,4,8
Päinal,area-52,384,hunter,beastmastery,12,4,8
Shatterwax,area-52,384,hunter,beastmastery,12,4,8
Quintonius,stormrage,384,hunter,beastmastery,12,4,8
Killatrap,malganis,384,hunter,beastmastery,12,4,8
Largetender,illidan,384,hunter,beastmastery,12,4,8
Fydehunt,stormrage,384,hunter,beastmastery,14,4,10
Meetdmonster,illidan,384,hunter,beastmastery,18,4,14
Atheos,gallywix,384,hunter,beastmastery,18,4,14
Gugubird,proudmoore,384,hunter,beastmastery,18,4,14
Petkink,stormrage,384,hunter,beastmastery,18,4,14
Löö,arthas,384,hunter,beastmastery,23,4,19
Gichiwalrus,emerald-dream,383,hunter,beastmastery,6,4,2
Volga,haomarush,383,hunter,beastmastery,6,4,2
Bboo,bonechewer,383,hunter,beastmastery,6,4,2
Ganaja,laughing-skull,383,hunter,beastmastery,6,4,2
Lyssavirhus,azralon,383,hunter,beastmastery,8,4,4
Lamper,emerald-dream,383,hunter,beastmastery,12,4,8
Purna,moon-guard,383,hunter,beastmastery,12,4,8
Tarakii,moon-guard,383,hunter,beastmastery,12,4,8
Gals,saurfang,383,hunter,beastmastery,12,4,8
Böwjøb,illidan,383,hunter,beastmastery,12,4,8
Mortia,thunderlord,383,hunter,beastmastery,12,4,8
Paulayork,drakthul,383,hunter,beastmastery,12,4,8
Patcherson,kargath,383,hunter,beastmastery,12,4,8
Defacecilth,dalaran,383,hunter,beastmastery,12,4,8
Foakus,zuljin,383,hunter,beastmastery,13,4,9
Etb,bleeding-hollow,382,hunter,beastmastery,12,4,8
Mórrígán,kelthuzad,381,hunter,beastmastery,18,4,14
Ssobit,tichondrius,367,hunter,beastmastery,11,4,7
Ire,kelthuzad,367,hunter,beastmastery,11,4,7
Sylaris,arathor,366,hunter,beastmastery,11,4,7
Ðaybreâker,tichondrius,351,hunter,beastmastery,8,5,3
Kemper,dragonmaw,351,hunter,beastmastery,11,4,7
Clinkz,chogall,351,hunter,beastmastery,11,4,7
Swagprince,skullcrusher,335,hunter,beastmastery,11,4,7
Sadarrow,frostmourne,334,hunter,beastmastery,11,4,7
Pichsolika,frostmourne,330,hunter,beastmastery,13,5,8
Djcummyfeet,stormrage,330,hunter,beastmastery,29,7,22
Drakarÿs,drakkari,326,hunter,beastmastery,18,5,13
Maku,burning-legion,319,hunter,beastmastery,5,4,1
Khillin,destromath,319,hunter,beastmastery,8,4,4
Huntli,elune,304,hunter,beastmastery,7,4,3
Chadbowsman,tichondrius,288,hunter,beastmastery,6,3,3
Tinychase,stormrage,288,hunter,beastmastery,6,3,3
Karnnagexxl,cenarion-circle,288,hunter,beastmastery,6,3,3
Nexxa,muradin,288,hunter,beastmastery,6,3,3
Nastynadia,frostmourne,288,hunter,beastmastery,6,3,3
Soberish,bleeding-hollow,288,hunter,beastmastery,6,3,3
Cablok,moon-guard,288,hunter,beastmastery,6,3,3
Firskin,frostmourne,288,hunter,beastmastery,6,3,3
Coachs,tichondrius,288,hunter,beastmastery,6,3,3
Çrimson,frostmourne,288,hunter,beastmastery,6,3,3
Aldurion,wyrmrest-accord,288,hunter,beastmastery,6,3,3
Guacmec,tichondrius,288,hunter,beastmastery,6,3,3
Saucypapi,kiljaeden,288,hunter,beastmastery,6,3,3
Schumann,ursin,288,hunter,beastmastery,6,3,3
Mulnaaj,zuljin,288,hunter,beastmastery,6,3,3
Mhd,stormrage,288,hunter,beastmastery,6,3,3
Jpynovisa,moon-guard,288,hunter,beastmastery,6,3,3
Fakerz,stormrage,288,hunter,beastmastery,6,3,3
Zeroday,emerald-dream,288,hunter,beastmastery,6,3,3
Onahai,tichondrius,288,hunter,beastmastery,6,3,3
Cefla,illidan,288,hunter,beastmastery,6,3,3
Tuanorz,proudmoore,288,hunter,beastmastery,6,3,3
Barrohunt,tichondrius,288,hunter,beastmastery,6,3,3
Siimmplicitz,area-52,288,hunter,beastmastery,6,3,3
Añto,tichondrius,288,hunter,beastmastery,6,3,3
Prasanna,kelthuzad,288,hunter,beastmastery,6,3,3
Lyler,tichondrius,288,hunter,beastmastery,6,3,3
Comtambisuon,frostmourne,288,hunter,beastmastery,6,3,3
Kalgorn,emerald-dream,288,hunter,beastmastery,6,3,3
Beastmodex,quelthalas,288,hunter,beastmastery,6,3,3
Ogkataro,tichondrius,288,hunter,beastmastery,6,3,3
Shoottokill,frostmourne,288,hunter,beastmastery,6,3,3
Blastinnagas,tichondrius,288,hunter,beastmastery,6,3,3
Raainha,stormrage,288,hunter,beastmastery,6,3,3
Nyloc,dalvengyr,288,hunter,beastmastery,6,3,3
Trickshot,hakkar,288,hunter,beastmastery,6,3,3
Ironova,illidan,288,hunter,beastmastery,6,3,3
Verdao,stormrage,288,hunter,beastmastery,6,3,3
Grayføxx,twisting-nether,288,hunter,beastmastery,6,3,3
Skulltøn,area-52,288,hunter,beastmastery,6,3,3
Shallaiya,stormrage,288,hunter,beastmastery,6,3,3
Adapted,proudmoore,288,hunter,beastmastery,6,3,3
Bowflex,stormrage,288,hunter,beastmastery,6,3,3
Nothìng,tichondrius,288,hunter,beastmastery,6,3,3
Arrazyne,jubeithos,288,hunter,beastmastery,6,3,3
Voltter,illidan,288,hunter,beastmastery,6,3,3
Mynds,stormrage,288,hunter,beastmastery,6,3,3
Nopez,tichondrius,288,hunter,beastmastery,6,3,3
Miraclez,nerzhul,288,hunter,beastmastery,6,3,3
Tulipbee,moon-guard,288,hunter,beastmastery,6,3,3
Toxicbowjobs,tichondrius,288,hunter,beastmastery,6,3,3
Andrømeda,frostmourne,288,hunter,beastmastery,6,3,3
Illine,azralon,288,hunter,beastmastery,6,3,3
Hordworld,tichondrius,288,hunter,beastmastery,6,3,3
Redthedeer,warsong,288,hunter,beastmastery,6,3,3
Rexczar,shattered-hand,288,hunter,beastmastery,6,3,3
Shikay,frostmourne,288,hunter,beastmastery,6,3,3
Dranel,nordrassil,288,hunter,beastmastery,6,3,3
Doubletappz,stormreaver,288,hunter,beastmastery,6,3,3
Enonoa,thunderlord,288,hunter,beastmastery,6,3,3
Derppasaurus,tichondrius,288,hunter,beastmastery,6,3,3
Trixex,darkspear,288,hunter,beastmastery,6,3,3
Rakhesh,quelthalas,288,hunter,beastmastery,6,3,3
Gudlukk,stormrage,288,hunter,beastmastery,6,3,3
Makeastinky,malfurion,288,hunter,beastmastery,6,3,3
Vikshen,illidan,288,hunter,beastmastery,6,3,3
Skarsnick,draenor,288,hunter,beastmastery,6,3,3
Vivaswan,tichondrius,288,hunter,beastmastery,6,3,3
Norgalys,proudmoore,288,hunter,beastmastery,6,3,3
Iosaon,tichondrius,288,hunter,beastmastery,6,3,3
Arrowenn,zuljin,288,hunter,beastmastery,6,3,3
Longbeau,gnomeregan,288,hunter,beastmastery,6,3,3
Yoyoletsgo,malganis,288,hunter,beastmastery,6,3,3
Refused,magtheridon,288,hunter,beastmastery,6,3,3
Talksic,bladefist,288,hunter,beastmastery,6,3,3
Sparemeok,illidan,288,hunter,beastmastery,6,3,3
Sidca,nazjatar,288,hunter,beastmastery,6,3,3
Abend,darkspear,288,hunter,beastmastery,6,3,3
Crinkx,arthas,288,hunter,beastmastery,6,3,3
Shootin,frostmourne,288,hunter,beastmastery,6,3,3
Pewpewbang,muradin,288,hunter,beastmastery,6,3,3
Elroyjetson,arthas,288,hunter,beastmastery,6,3,3
Hunterspirit,azralon,288,hunter,beastmastery,6,3,3
Kahoykeso,frostmourne,288,hunter,beastmastery,6,3,3
Ryko,firetree,288,hunter,beastmastery,6,3,3
Nightstålkër,moon-guard,288,hunter,beastmastery,6,3,3
Kookh,area-52,288,hunter,beastmastery,6,3,3
Scolhunter,scarlet-crusade,288,hunter,beastmastery,6,3,3
Shallwe,frostmourne,288,hunter,beastmastery,6,3,3
Archetype,bladefist,288,hunter,beastmastery,6,3,3
Papagoofy,zuljin,288,hunter,beastmastery,6,3,3
Noscoped,barthilas,288,hunter,beastmastery,6,3,3
Hahahahahaha,frostmourne,288,hunter,beastmastery,6,3,3
Venj,proudmoore,288,hunter,beastmastery,6,3,3
Díllý,area-52,288,hunter,beastmastery,6,3,3
Noz,terenas,288,hunter,beastmastery,6,3,3
Nandaax,nemesis,288,hunter,beastmastery,6,3,3
Wiittig,hyjal,288,hunter,beastmastery,6,3,3
Iol,blades-edge,288,hunter,beastmastery,6,3,3
Bmsurvmm,tichondrius,288,hunter,beastmastery,6,3,3
Viavii,barthilas,288,hunter,beastmastery,6,3,3
Gupples,frostwolf,288,hunter,beastmastery,6,3,3
Lelantos,stonemaul,288,hunter,beastmastery,6,3,3
Emart,bloodhoof,288,hunter,beastmastery,6,3,3
Moyria,quelthalas,288,hunter,beastmastery,6,3,3
Ballistik,area-52,288,hunter,beastmastery,6,3,3
Billcsbyswtr,sargeras,288,hunter,beastmastery,6,3,3
Grimpossible,sargeras,288,hunter,beastmastery,6,3,3
Trailed,dalaran,288,hunter,beastmastery,6,3,3
Yunggrávy,sargeras,288,hunter,beastmastery,6,3,3
Wanshöt,tichondrius,288,hunter,beastmastery,6,3,3
Realzanderr,antonidas,288,hunter,beastmastery,6,3,3
Ocxhunter,nemesis,288,hunter,beastmastery,6,3,3
Djpopshot,thrall,288,hunter,beastmastery,6,3,3
Hannes,boulderfist,288,hunter,beastmastery,6,3,3
Wrectitralph,sargeras,288,hunter,beastmastery,6,3,3
Vinksy,sargeras,288,hunter,beastmastery,6,3,3
Rolandschitt,area-52,288,hunter,beastmastery,6,3,3
Anatric,illidan,288,hunter,beastmastery,6,3,3
Naksha,area-52,288,hunter,beastmastery,6,3,3
Sibbleiv,boulderfist,288,hunter,beastmastery,6,3,3
Ow,shadow-council,288,hunter,beastmastery,6,3,3
Heãdhunter,area-52,288,hunter,beastmastery,6,3,3
Legendshot,area-52,288,hunter,beastmastery,6,3,3
Braxigarr,area-52,288,hunter,beastmastery,6,3,3
Herroo,thrall,288,hunter,beastmastery,6,3,3
Moroallytwo,sargeras,288,hunter,beastmastery,6,3,3
Georgigeo,turalyon,288,hunter,beastmastery,6,3,3
Jungling,kelthuzad,288,hunter,beastmastery,6,3,3
Iceposeidon,area-52,288,hunter,beastmastery,6,3,3
Gnurfgun,proudmoore,288,hunter,beastmastery,6,3,3
Mogradme,shadowsong,288,hunter,beastmastery,6,3,3
Limpingspoon,kelthuzad,288,hunter,beastmastery,6,3,3
Terrabytés,kelthuzad,288,hunter,beastmastery,6,3,3
Cloudbuck,aegwynn,288,hunter,beastmastery,7,3,4
Zbhunter,tichondrius,288,hunter,beastmastery,10,4,6
Omenevil,stormrage,288,hunter,beastmastery,8,3,5
Reecerkoz,nagrand,288,hunter,beastmastery,12,3,9
Nephyxo,kiljaeden,288,hunter,beastmastery,12,3,9
Bullseyë,area-52,288,hunter,beastmastery,12,3,9
Xhitara,stormrage,288,hunter,beastmastery,12,3,9
Brewster,burning-legion,288,hunter,beastmastery,12,3,9
Fosberry,sargeras,288,hunter,beastmastery,12,3,9
Rooman,ragnaros,288,hunter,beastmastery,12,3,9
Ryanderanged,wyrmrest-accord,288,hunter,beastmastery,12,3,9
Zaydenm,sargeras,288,hunter,beastmastery,12,3,9
Neríne,drakkari,288,hunter,beastmastery,12,3,9
Delanooch,rexxar,288,hunter,beastmastery,12,3,9
Wargodthor,blades-edge,288,hunter,beastmastery,12,3,9
Dieplox,thunderhorn,288,hunter,beastmastery,12,3,9
Perfectcrit,area-52,288,hunter,beastmastery,12,3,9
Ruckq,stormrage,288,hunter,beastmastery,12,3,9
Icculus,norgannon,288,hunter,beastmastery,12,3,9
Rizzshot,sargeras,288,hunter,beastmastery,12,3,9
Jgalth,chogall,288,hunter,beastmastery,12,3,9
Dsizzle,tichondrius,288,hunter,beastmastery,12,3,9
Natnat,sargeras,288,hunter,beastmastery,12,3,9
Spurtzki,emerald-dream,288,hunter,beastmastery,12,3,9
Legacee,shattered-hand,288,hunter,beastmastery,12,3,9
Dragon,stormscale,288,hunter,beastmastery,12,3,9
Ratbasterrd,darkspear,288,hunter,beastmastery,12,3,9
Alutio,frostmourne,288,hunter,beastmastery,12,3,9
Prowd,staghelm,288,hunter,beastmastery,12,3,9
Thiande,zuljin,288,hunter,beastmastery,12,3,9
Grlzzlyadams,norgannon,288,hunter,beastmastery,12,3,9
Rsttlegore,stormscale,288,hunter,beastmastery,12,3,9
Leggodex,caelestrasz,288,hunter,beastmastery,12,3,9
Worewolf,lightninghoof,288,hunter,beastmastery,12,3,9
Gunwalk,azjolnerub,288,hunter,beastmastery,12,3,9
Rice,veknilash,288,hunter,beastmastery,12,3,9
Warhog,wyrmrest-accord,288,hunter,beastmastery,12,3,9
Zhona,moon-guard,288,hunter,beastmastery,12,3,9
Mahdy,ragnaros,288,hunter,beastmastery,12,3,9
Inume,ragnaros,288,hunter,beastmastery,12,3,9
Wave,kelthuzad,288,hunter,beastmastery,12,3,9
Simyra,moon-guard,288,hunter,beastmastery,12,3,9
Pewpowbang,illidan,288,hunter,beastmastery,12,3,9
Inurah,malganis,288,hunter,beastmastery,12,3,9
Boyarsky,area-52,288,hunter,beastmastery,12,3,9
Yazonics,stormrage,288,hunter,beastmastery,18,3,15
Yiyixx,tichondrius,288,hunter,beastmastery,18,3,15
Rhaygon,arthas,288,hunter,beastmastery,18,3,15
Bëcäüsë,proudmoore,288,hunter,beastmastery,18,3,15
Fiercetamer,azuremyst,288,hunter,beastmastery,18,3,15
Mphunter,azralon,288,hunter,beastmastery,24,3,21
Xeneize,anubarak,287,hunter,beastmastery,6,3,3
Asylum,kul-tiras,287,hunter,beastmastery,6,3,3
Euroniimus,ragnaros,287,hunter,beastmastery,6,3,3
Covidcovid,destromath,287,hunter,beastmastery,6,3,3
Ledan,lightnings-blade,287,hunter,beastmastery,6,3,3
Dagganet,thrall,287,hunter,beastmastery,6,3,3
Luzyfer,quelthalas,287,hunter,beastmastery,6,3,3
Qwazy,zuljin,287,hunter,beastmastery,6,3,3
Elravagerr,medivh,287,hunter,beastmastery,12,3,9
Arin,suramar,287,hunter,beastmastery,12,3,9
Snaken,the-forgotten-coast,287,hunter,beastmastery,12,3,9
Broseth,saurfang,287,hunter,beastmastery,12,3,9
Drwu,stormrage,287,hunter,beastmastery,12,3,9
Xereck,emerald-dream,287,hunter,beastmastery,12,3,9
Khaldru,drakkari,286,hunter,beastmastery,6,3,3
Morasongg,area-52,286,hunter,beastmastery,12,3,9
Darkally,blades-edge,285,hunter,beastmastery,18,3,15
Starkills,galakrond,256,hunter,beastmastery,10,3,7
Smokiiganja,proudmoore,256,hunter,beastmastery,10,3,7
Bulszeye,azgalor,255,hunter,beastmastery,8,4,4
Pokeyourbutt,hydraxis,240,hunter,beastmastery,15,3,12
Berris,nazgrel,239,hunter,beastmastery,5,3,2
Barrit,windrunner,239,hunter,beastmastery,5,3,2
Diisdik,tichondrius,239,hunter,beastmastery,5,3,2
Reyxhunter,area-52,239,hunter,beastmastery,5,3,2
Vicecheney,illidan,239,hunter,beastmastery,5,3,2
Léfty,nagrand,239,hunter,beastmastery,11,3,8
Kîsmet,area-52,234,hunter,beastmastery,8,4,4
Feralcat,nazjatar,208,hunter,beastmastery,13,3,10
Fistbèk,bleeding-hollow,201,hunter,beastmastery,17,5,12
Diacachimbaa,ragnaros,192,hunter,beastmastery,6,2,4
Rämbow,frostmourne,192,hunter,beastmastery,6,2,4
Presleyjane,tichondrius,192,hunter,beastmastery,6,2,4
Ellishunter,frostmourne,192,hunter,beastmastery,6,2,4
Greyk,moon-guard,192,hunter,beastmastery,6,2,4
Vyndiln,tichondrius,192,hunter,beastmastery,6,2,4
Camfeed,illidan,192,hunter,beastmastery,6,2,4
Autoshotxprt,frostmourne,192,hunter,beastmastery,6,2,4
Averely,skywall,192,hunter,beastmastery,6,2,4
Titzyø,area-52,192,hunter,beastmastery,6,2,4
Hüh,area-52,192,hunter,beastmastery,6,2,4
Harrowin,area-52,192,hunter,beastmastery,6,2,4
Art,guldan,192,hunter,beastmastery,6,2,4
Aeht,illidan,192,hunter,beastmastery,6,2,4
Sebastian,blackhand,192,hunter,beastmastery,6,2,4
Ussy,area-52,192,hunter,beastmastery,6,2,4
Gohan,jubeithos,192,hunter,beastmastery,6,2,4
Blakespace,area-52,192,hunter,beastmastery,6,2,4
Bluntcrushed,area-52,192,hunter,beastmastery,6,2,4
Tordeck,frostmourne,192,hunter,beastmastery,6,2,4
Krissiz,drakkari,192,hunter,beastmastery,6,2,4
Blickymon,wyrmrest-accord,192,hunter,beastmastery,6,2,4
Sesami,tichondrius,192,hunter,beastmastery,6,2,4
Survbot,malganis,192,hunter,beastmastery,6,2,4
Endymîon,moknathal,192,hunter,beastmastery,6,2,4
Magvez,tichondrius,192,hunter,beastmastery,6,2,4
Søapbubble,tichondrius,192,hunter,beastmastery,6,2,4
Viracha,stormrage,192,hunter,beastmastery,6,2,4
Dnicee,stormrage,192,hunter,beastmastery,6,2,4
Nahzah,stormrage,192,hunter,beastmastery,6,2,4
Etarie,malganis,192,hunter,beastmastery,6,2,4
Klepty,stormrage,192,hunter,beastmastery,6,2,4
Ramboman,stormrage,192,hunter,beastmastery,6,2,4
Slobon,tichondrius,192,hunter,beastmastery,6,2,4
Wayer,tichondrius,192,hunter,beastmastery,6,2,4
Johnnybee,demon-soul,192,hunter,beastmastery,6,2,4
Wooftoof,frostmourne,192,hunter,beastmastery,6,2,4
Checkhunter,frostwolf,192,hunter,beastmastery,6,2,4
Dreadrahl,deathwing,192,hunter,beastmastery,6,2,4
Purpreynolds,tichondrius,192,hunter,beastmastery,6,2,4
Catsualtaco,deathwing,192,hunter,beastmastery,6,2,4
Ruluu,tichondrius,192,hunter,beastmastery,6,2,4
Sylvãnâs,tichondrius,192,hunter,beastmastery,6,2,4
Elivivia,tichondrius,192,hunter,beastmastery,6,2,4
Bambii,fizzcrank,192,hunter,beastmastery,6,2,4
Farva,tanaris,192,hunter,beastmastery,6,2,4
Skolzero,azralon,192,hunter,beastmastery,6,2,4
Clait,frostmourne,192,hunter,beastmastery,6,2,4
Nevon,azralon,192,hunter,beastmastery,6,2,4
Powerful,aerie-peak,192,hunter,beastmastery,6,2,4
Luminai,thrall,192,hunter,beastmastery,6,2,4
Kudzue,illidan,192,hunter,beastmastery,6,2,4
Greasyboi,tichondrius,192,hunter,beastmastery,6,2,4
Jackrandall,frostmourne,192,hunter,beastmastery,6,2,4
Fjdominador,azralon,192,hunter,beastmastery,6,2,4
Fova,wyrmrest-accord,192,hunter,beastmastery,6,2,4
Menaceqq,stormrage,192,hunter,beastmastery,6,2,4
Hitstickk,tichondrius,192,hunter,beastmastery,6,2,4
Shådé,stormrage,192,hunter,beastmastery,6,2,4
Chømp,tichondrius,192,hunter,beastmastery,6,2,4
Sogékíng,illidan,192,hunter,beastmastery,6,2,4
Csadark,nemesis,192,hunter,beastmastery,6,2,4
Cazadak,ragnaros,192,hunter,beastmastery,6,2,4
Aesennia,wyrmrest-accord,192,hunter,beastmastery,6,2,4
Saveawp,stormrage,192,hunter,beastmastery,6,2,4
Royshot,stormrage,192,hunter,beastmastery,6,2,4
Resonatorrob,illidan,192,hunter,beastmastery,6,2,4
Quinnshot,tichondrius,192,hunter,beastmastery,6,2,4
Illrannevian,garrosh,192,hunter,beastmastery,6,2,4
Chaseurnoir,exodar,192,hunter,beastmastery,6,2,4
Munrrack,ragnaros,192,hunter,beastmastery,6,2,4
Islapuwitaro,azjolnerub,192,hunter,beastmastery,6,2,4
Hunterdemond,ragnaros,192,hunter,beastmastery,6,2,4
Fäkêrøgüê,area-52,192,hunter,beastmastery,6,2,4
Yggdrisli,moon-guard,192,hunter,beastmastery,6,2,4
Sativ,moknathal,192,hunter,beastmastery,6,2,4
Goodideaa,tichondrius,192,hunter,beastmastery,6,2,4
Lilaeth,khadgar,192,hunter,beastmastery,6,2,4
Skillkitingu,area-52,192,hunter,beastmastery,6,2,4
Drixxt,mannoroth,192,hunter,beastmastery,6,2,4
Monstroow,nemesis,192,hunter,beastmastery,6,2,4
Antwonziezz,tichondrius,192,hunter,beastmastery,6,2,4
Hìrcine,nesingwary,192,hunter,beastmastery,6,2,4
Sahjana,lothar,192,hunter,beastmastery,6,2,4
Kzxh,illidan,192,hunter,beastmastery,6,2,4
Barrelsofrum,illidan,192,hunter,beastmastery,6,2,4
Halaruka,area-52,192,hunter,beastmastery,6,2,4
Singer,lothar,192,hunter,beastmastery,6,2,4
Nanotorque,moon-guard,192,hunter,beastmastery,6,2,4
Estilingada,azralon,192,hunter,beastmastery,6,2,4
Totolol,trollbane,192,hunter,beastmastery,6,2,4
Hedshot,kelthuzad,192,hunter,beastmastery,6,2,4
Zellor,wyrmrest-accord,192,hunter,beastmastery,6,2,4
Boquiinha,stormrage,192,hunter,beastmastery,6,2,4
Twocranes,tichondrius,192,hunter,beastmastery,6,2,4
Elvkalla,aegwynn,192,hunter,beastmastery,6,2,4
Shootermgavn,frostmourne,192,hunter,beastmastery,6,2,4
Cuervostreet,ragnaros,192,hunter,beastmastery,6,2,4
Ikiteforfood,zuljin,192,hunter,beastmastery,6,2,4
Frìtz,barthilas,192,hunter,beastmastery,6,2,4
Warplaquee,zuljin,192,hunter,beastmastery,6,2,4
Varianhunter,kelthuzad,192,hunter,beastmastery,6,2,4
Hectorbuñue,quelthalas,192,hunter,beastmastery,6,2,4
Revengexyz,zuljin,192,hunter,beastmastery,6,2,4
Falarah,proudmoore,192,hunter,beastmastery,6,2,4
Jojojobo,tichondrius,192,hunter,beastmastery,6,2,4
Onlyflans,emerald-dream,192,hunter,beastmastery,6,2,4
Lockdowwnn,kelthuzad,192,hunter,beastmastery,6,2,4
Nubcaks,nerzhul,192,hunter,beastmastery,6,2,4
Iskra,onyxia,192,hunter,beastmastery,6,2,4
Noskillz,garona,192,hunter,beastmastery,6,2,4
Orkemon,emerald-dream,192,hunter,beastmastery,6,2,4
Jämmëdclïp,emerald-dream,192,hunter,beastmastery,6,2,4
Monffbc,tichondrius,192,hunter,beastmastery,6,2,4
Dradran,kelthuzad,192,hunter,beastmastery,6,2,4
Wîck,frostmourne,192,hunter,beastmastery,6,2,4
Budget,emerald-dream,192,hunter,beastmastery,6,2,4
Fancyxo,frostmourne,192,hunter,beastmastery,6,2,4
Verzoz,illidan,192,hunter,beastmastery,6,2,4
Nfo,lightbringer,192,hunter,beastmastery,6,2,4
Juicyfruit,bleeding-hollow,192,hunter,beastmastery,6,2,4
Mjhun,korgath,192,hunter,beastmastery,6,2,4
Solderboi,tichondrius,192,hunter,beastmastery,6,2,4
Slanderous,korgath,192,hunter,beastmastery,6,2,4
Iapsux,bleeding-hollow,192,hunter,beastmastery,6,2,4
Momtoy,illidan,192,hunter,beastmastery,6,2,4
Krattøs,bleeding-hollow,192,hunter,beastmastery,6,2,4
Swettx,bleeding-hollow,192,hunter,beastmastery,6,2,4
Mennis,archimonde,192,hunter,beastmastery,6,2,4
Garble,darkspear,192,hunter,beastmastery,6,2,4
Nenenhunt,ragnaros,192,hunter,beastmastery,6,2,4
Luiiguii,quelthalas,192,hunter,beastmastery,6,2,4
Tichong,tichondrius,192,hunter,beastmastery,6,2,4
Xeneye,tichondrius,192,hunter,beastmastery,6,2,4
Plumbuss,tichondrius,192,hunter,beastmastery,6,2,4
Strepmutan,hakkar,192,hunter,beastmastery,6,2,4
Moonraven,laughing-skull,192,hunter,beastmastery,6,2,4
Castíèl,thrall,192,hunter,beastmastery,6,2,4
Huntwhor,bladefist,192,hunter,beastmastery,6,2,4
Crawl,auchindoun,192,hunter,beastmastery,6,2,4
Expskippy,darkspear,192,hunter,beastmastery,6,2,4
Romro,norgannon,192,hunter,beastmastery,6,2,4
Elmozz,thrall,192,hunter,beastmastery,6,2,4
Honeyhunt,thrall,192,hunter,beastmastery,6,2,4
Flawwless,eredar,192,hunter,beastmastery,6,2,4
Taintz,altar-of-storms,192,hunter,beastmastery,6,2,4
Neverwipes,frostmourne,192,hunter,beastmastery,6,2,4
Rúdrá,area-52,192,hunter,beastmastery,6,2,4
Vvs,arthas,192,hunter,beastmastery,6,2,4
Akigga,arthas,192,hunter,beastmastery,6,2,4
Petmeat,malganis,192,hunter,beastmastery,6,2,4
Shootr,darkspear,192,hunter,beastmastery,6,2,4
Spoojshot,frostmourne,192,hunter,beastmastery,6,2,4
Dreiya,quelthalas,192,hunter,beastmastery,6,2,4
Letsmakebaby,sargeras,192,hunter,beastmastery,6,2,4
Nïblit,sargeras,192,hunter,beastmastery,6,2,4
Glockrivers,sargeras,192,hunter,beastmastery,6,2,4
Equalizér,sargeras,192,hunter,beastmastery,6,2,4
Zeenuts,sargeras,192,hunter,beastmastery,6,2,4
Sukr,korgath,192,hunter,beastmastery,6,2,4
Baalboski,tichondrius,192,hunter,beastmastery,6,2,4
Aaggros,sargeras,192,hunter,beastmastery,6,2,4
Ivanjackenov,illidan,192,hunter,beastmastery,6,2,4
Thazen,sargeras,192,hunter,beastmastery,6,2,4
Izanägi,sargeras,192,hunter,beastmastery,6,2,4
Bombashotz,sargeras,192,hunter,beastmastery,6,2,4
Obsol,hyjal,192,hunter,beastmastery,6,2,4
Öops,hyjal,192,hunter,beastmastery,6,2,4
Hunata,crushridge,192,hunter,beastmastery,6,2,4
Ganderion,sargeras,192,hunter,beastmastery,6,2,4
Zarknoth,cenarius,192,hunter,beastmastery,6,2,4
Notoffended,sargeras,192,hunter,beastmastery,6,2,4
Jbahh,hyjal,192,hunter,beastmastery,6,2,4
Madsniper,thunderlord,192,hunter,beastmastery,6,2,4
Precizionlol,area-52,192,hunter,beastmastery,6,2,4
Tukargoon,blackrock,192,hunter,beastmastery,6,2,4
Mojito,frostmourne,192,hunter,beastmastery,6,2,4
Gruì,malganis,192,hunter,beastmastery,6,2,4
Zoopdapoop,dalaran,192,hunter,beastmastery,6,2,4
Critaclyzm,moon-guard,192,hunter,beastmastery,6,2,4
Caligar,tichondrius,192,hunter,beastmastery,6,2,4
Jagwaar,malganis,192,hunter,beastmastery,6,2,4
Pudgihunt,proudmoore,192,hunter,beastmastery,6,2,4
Kekorator,illidan,192,hunter,beastmastery,11,3,8
Defacegg,illidan,192,hunter,beastmastery,12,3,9
Seratoninx,malganis,192,hunter,beastmastery,9,2,7
Minax,twisting-nether,192,hunter,beastmastery,9,2,7
Ulrulk,tichondrius,192,hunter,beastmastery,12,2,10
Miannmar,proudmoore,192,hunter,beastmastery,12,2,10
Richihunt,ragnaros,192,hunter,beastmastery,12,2,10
Hughboner,illidan,192,hunter,beastmastery,12,2,10
Ariens,icecrown,192,hunter,beastmastery,12,2,10
Bjj,eonar,192,hunter,beastmastery,12,2,10
Arrowzpeckt,tichondrius,192,hunter,beastmastery,12,2,10
Ãmi,moon-guard,192,hunter,beastmastery,12,2,10
Alexañdra,proudmoore,192,hunter,beastmastery,12,2,10
Aeriladin,moon-guard,192,hunter,beastmastery,12,2,10
Gunnpowder,malganis,192,hunter,beastmastery,12,2,10
Khabul,area-52,192,hunter,beastmastery,12,2,10
Thundis,hellscream,192,hunter,beastmastery,12,2,10
Carloslaun,drakkari,192,hunter,beastmastery,12,2,10
Thyladaern,kiljaeden,192,hunter,beastmastery,12,2,10
Tánsøxøxø,tichondrius,192,hunter,beastmastery,12,2,10
Floozy,frostmane,192,hunter,beastmastery,12,2,10
Impërïum,zuljin,192,hunter,beastmastery,12,2,10
Ahmunra,zuljin,192,hunter,beastmastery,12,2,10
Pakale,amanthul,192,hunter,beastmastery,12,2,10
Sojun,jaedenar,192,hunter,beastmastery,14,2,12
Tuvasa,blood-furnace,191,hunter,beastmastery,6,2,4
Ninoryzen,illidan,191,hunter,beastmastery,6,2,4
Kolarius,emerald-dream,191,hunter,beastmastery,6,2,4
Aiilton,gallywix,191,hunter,beastmastery,6,2,4
Turdferguson,blades-edge,191,hunter,beastmastery,6,2,4
Ylexziel,moon-guard,191,hunter,beastmastery,6,2,4
Stoneforged,ragnaros,191,hunter,beastmastery,6,2,4
Recebaa,barthilas,191,hunter,beastmastery,6,2,4
Enrage,queldorei,191,hunter,beastmastery,12,2,10
Kangarang,khazgoroth,191,hunter,beastmastery,12,2,10
Sarishion,kiljaeden,160,hunter,beastmastery,16,2,14
Maximum,tichondrius,159,hunter,beastmastery,5,2,3
Stèlla,frostmourne,159,hunter,beastmastery,5,2,3
Skrìms,tichondrius,159,hunter,beastmastery,5,2,3
Helikaon,deathwing,159,hunter,beastmastery,5,2,3
Extremis,emerald-dream,159,hunter,beastmastery,5,2,3
Zeppelin,stormreaver,159,hunter,beastmastery,5,2,3
Flarkarino,area-52,159,hunter,beastmastery,5,2,3
Twentyyfour,akama,144,hunter,beastmastery,3,3,0
Piess,thrall,144,hunter,beastmastery,9,2,7
Luckione,destromath,144,hunter,beastmastery,9,2,7
Bigun,emerald-dream,138,hunter,beastmastery,16,5,11
Bountybud,kiljaeden,138,hunter,beastmastery,10,3,7
Nixuis,stormrage,138,hunter,beastmastery,13,3,10
Flyimir,nemesis,128,hunter,beastmastery,4,2,2
Piñg,tichondrius,128,hunter,beastmastery,4,2,2
Beastmastr,garrosh,128,hunter,beastmastery,4,2,2
Arrawn,illidan,128,hunter,beastmastery,4,2,2
Josharoni,sargeras,127,hunter,beastmastery,8,2,6
Laviè,tichondrius,112,hunter,beastmastery,4,3,1
Dakøta,wyrmrest-accord,96,hunter,beastmastery,3,2,1
Jumjaw,thrall,96,hunter,beastmastery,3,2,1
Datzaza,illidan,96,hunter,beastmastery,6,1,5
Rorijii,tichondrius,96,hunter,beastmastery,6,1,5
Hkjb,tichondrius,96,hunter,beastmastery,6,1,5
Naariko,aggramar,96,hunter,beastmastery,6,1,5
Beefcow,barthilas,96,hunter,beastmastery,6,1,5
Tekitaz,illidan,96,hunter,beastmastery,6,1,5
Robinth,moon-guard,96,hunter,beastmastery,6,1,5
Darkhunterr,tichondrius,96,hunter,beastmastery,6,1,5
Deletedyou,tichondrius,96,hunter,beastmastery,6,1,5
Slimetime,tichondrius,96,hunter,beastmastery,6,1,5
Shoccka,thrall,96,hunter,beastmastery,6,1,5
Remak,barthilas,96,hunter,beastmastery,6,1,5
Derekscrow,tichondrius,96,hunter,beastmastery,6,1,5
Trolljinyou,thrall,96,hunter,beastmastery,6,1,5
Huntardness,moon-guard,96,hunter,beastmastery,6,1,5
Ochunter,hyjal,96,hunter,beastmastery,6,1,5
Teddyboy,proudmoore,96,hunter,beastmastery,6,1,5
Espaada,tichondrius,96,hunter,beastmastery,6,1,5
Robious,tichondrius,96,hunter,beastmastery,6,1,5
Jarless,hydraxis,96,hunter,beastmastery,6,1,5
Allgasnocap,kelthuzad,96,hunter,beastmastery,6,1,5
Appä,lightnings-blade,96,hunter,beastmastery,6,1,5
Singletap,barthilas,96,hunter,beastmastery,6,1,5
Tiirra,sargeras,96,hunter,beastmastery,6,1,5
Jootuber,barthilas,96,hunter,beastmastery,6,1,5
Simonskinny,eredar,96,hunter,beastmastery,6,1,5
Mtuanwm,tichondrius,96,hunter,beastmastery,6,1,5
Opsi,ragnaros,96,hunter,beastmastery,6,1,5
Scatter,ragnaros,96,hunter,beastmastery,6,1,5
Cuckw,nemesis,96,hunter,beastmastery,6,1,5
Uncann,boulderfist,96,hunter,beastmastery,6,1,5
Azzreall,silvermoon,96,hunter,beastmastery,6,1,5
Muttonhoney,shadowsong,96,hunter,beastmastery,6,1,5
Hieke,nemesis,96,hunter,beastmastery,6,1,5
Nearsightedd,area-52,96,hunter,beastmastery,6,1,5
Bosshunt,whisperwind,96,hunter,beastmastery,6,1,5
Brhumaverde,sargeras,96,hunter,beastmastery,6,1,5
Varag,amanthul,96,hunter,beastmastery,6,1,5
Tybierious,illidan,96,hunter,beastmastery,6,1,5
Henhøuse,illidan,96,hunter,beastmastery,6,1,5
Rexxiga,kiljaeden,96,hunter,beastmastery,6,1,5
Penelòpe,wyrmrest-accord,96,hunter,beastmastery,6,1,5
Pampas,darkspear,96,hunter,beastmastery,6,1,5
Slideby,tichondrius,96,hunter,beastmastery,6,1,5
Ikorab,sargeras,96,hunter,beastmastery,6,1,5
Ocelotv,stormrage,96,hunter,beastmastery,6,1,5
Arthanyz,quelthalas,96,hunter,beastmastery,6,1,5
Taurenseason,sargeras,96,hunter,beastmastery,6,1,5
Sõulhunter,frostmourne,96,hunter,beastmastery,6,1,5
Matahunt,blackwing-lair,96,hunter,beastmastery,6,1,5
Warpedshots,malganis,96,hunter,beastmastery,6,1,5
Taumelz,sargeras,96,hunter,beastmastery,6,1,5
Brody,eitrigg,96,hunter,beastmastery,6,1,5
Relume,agamaggan,96,hunter,beastmastery,6,1,5
Blåckhat,frostmourne,96,hunter,beastmastery,6,1,5
Nachtcloverr,stormrage,96,hunter,beastmastery,6,1,5
Ownshot,kiljaeden,96,hunter,beastmastery,6,1,5
Jiawoweixin,illidan,96,hunter,beastmastery,6,1,5
Xclaw,llane,96,hunter,beastmastery,6,1,5
Predatðr,frostmourne,96,hunter,beastmastery,6,1,5
Yarcanine,stormrage,96,hunter,beastmastery,6,1,5
Shadeckz,stormrage,96,hunter,beastmastery,6,1,5
Carot,dalaran,96,hunter,beastmastery,6,1,5
Båttousai,kiljaeden,96,hunter,beastmastery,6,1,5
Marksmanpain,malganis,96,hunter,beastmastery,6,1,5
Bellaphonte,stormrage,96,hunter,beastmastery,6,1,5
Oldmandave,stormrage,96,hunter,beastmastery,6,1,5
Gabanlicius,azralon,96,hunter,beastmastery,6,1,5
Fredericks,stormrage,96,hunter,beastmastery,6,1,5
Ballinpotato,tichondrius,96,hunter,beastmastery,6,1,5
Dusle,azralon,96,hunter,beastmastery,6,1,5
Pupus,moon-guard,96,hunter,beastmastery,6,1,5
Cocobread,stormreaver,96,hunter,beastmastery,6,1,5
Justin,agamaggan,96,hunter,beastmastery,6,1,5
Pantro,malganis,96,hunter,beastmastery,6,1,5
Sobala,azralon,96,hunter,beastmastery,6,1,5
Ahegaox,illidan,96,hunter,beastmastery,6,1,5
Fourkayiv,azgalor,96,hunter,beastmastery,6,1,5
Muckenfoose,frostmourne,96,hunter,beastmastery,6,1,5
Gulan,draka,96,hunter,beastmastery,6,1,5
Laer,archimonde,96,hunter,beastmastery,6,1,5
Wixyy,aegwynn,96,hunter,beastmastery,6,1,5
Sóggybóxers,tichondrius,96,hunter,beastmastery,6,1,5
Physical,destromath,96,hunter,beastmastery,6,1,5
Zzin,azralon,96,hunter,beastmastery,6,1,5
Boido,ghostlands,96,hunter,beastmastery,6,1,5
Xcopel,azralon,96,hunter,beastmastery,6,1,5
Birggitte,the-venture-co,96,hunter,beastmastery,6,1,5
Globlauncher,tichondrius,96,hunter,beastmastery,6,1,5
Bertiebott,zuljin,96,hunter,beastmastery,6,1,5
Wamion,zuljin,96,hunter,beastmastery,6,1,5
Locket,maelstrom,96,hunter,beastmastery,6,1,5
Cynasia,maelstrom,96,hunter,beastmastery,6,1,5
Analtraps,tichondrius,96,hunter,beastmastery,6,1,5
Panm,runetotem,96,hunter,beastmastery,6,1,5
Dasdasdds,zuljin,96,hunter,beastmastery,6,1,5
Jägermeistër,twisting-nether,96,hunter,beastmastery,6,1,5
Fadingtrapz,jubeithos,96,hunter,beastmastery,6,1,5
Alsomike,tichondrius,96,hunter,beastmastery,6,1,5
Brokenfoot,bonechewer,96,hunter,beastmastery,6,1,5
Trapocalypse,blackrock,96,hunter,beastmastery,6,1,5
Ophois,lightbringer,96,hunter,beastmastery,6,1,5
Ilîiìîìiilil,bleeding-hollow,96,hunter,beastmastery,6,1,5
Ferrettss,bleeding-hollow,96,hunter,beastmastery,6,1,5
Nyjahhuston,tichondrius,96,hunter,beastmastery,6,1,5
Jabbar,bleeding-hollow,96,hunter,beastmastery,6,1,5
Grullandàr,hakkar,96,hunter,beastmastery,6,1,5
Odratnuh,bleeding-hollow,96,hunter,beastmastery,6,1,5
Bendotexe,stormrage,96,hunter,beastmastery,7,1,6
Colchagua,quelthalas,96,hunter,beastmastery,8,1,7
Kazooi,stormrage,96,hunter,beastmastery,10,1,9
Nakar,darkspear,96,hunter,beastmastery,10,1,9
Caletten,destromath,96,hunter,beastmastery,12,1,11
Bee,shattered-halls,96,hunter,beastmastery,12,1,11
Feignharder,stormrage,96,hunter,beastmastery,12,1,11
Lorishblood,blackrock,96,hunter,beastmastery,12,1,11
Tinsho,drakkari,96,hunter,beastmastery,12,1,11
Rekows,stormrage,96,hunter,beastmastery,12,1,11
Baehydra,frostmourne,96,hunter,beastmastery,12,1,11
Tstormzz,stormrage,96,hunter,beastmastery,12,1,11
Twistedx,tichondrius,96,hunter,beastmastery,12,1,11
Ñordombra,quelthalas,96,hunter,beastmastery,12,1,11
Blackstaur,illidan,96,hunter,beastmastery,12,1,11
Mckillahoe,malganis,96,hunter,beastmastery,12,1,11
Ferdphin,dalaran,96,hunter,beastmastery,12,1,11
Tydee,nagrand,96,hunter,beastmastery,12,1,11
Divineseraph,dentarg,96,hunter,beastmastery,12,1,11
Sylvanãs,ragnaros,96,hunter,beastmastery,12,1,11
Kornatoma,bleeding-hollow,95,hunter,beastmastery,6,1,5
Newdanni,barthilas,95,hunter,beastmastery,18,1,17
Dógs,illidan,79,hunter,beastmastery,5,1,4
Moonlitleaf,daggerspine,79,hunter,beastmastery,5,1,4
Ericcartman,drakthul,79,hunter,beastmastery,5,1,4
Mörgoth,quelthalas,79,hunter,beastmastery,5,1,4
Kölhberg,azralon,64,hunter,beastmastery,10,1,9
Temara,icecrown,48,hunter,beastmastery,3,1,2
Wonshawt,tichondrius,48,hunter,beastmastery,3,1,2
Aceventurapð,area-52,48,hunter,beastmastery,3,1,2
Dwrhunt,ragnaros,48,hunter,beastmastery,3,1,2
Yory,tol-barad,48,hunter,beastmastery,3,1,2
Nufak,ragnaros,48,hunter,beastmastery,3,1,2
Yadír,quelthalas,48,hunter,beastmastery,4,1,3
Jumeog,stormscale,42,hunter,beastmastery,7,2,5
Bowjoblul,stormrage,42,hunter,beastmastery,9,2,7
Voladren,moon-guard,31,hunter,beastmastery,2,1,1
Alsol,drakkari,31,hunter,beastmastery,2,1,1
Timesteal,tichondrius,31,hunter,beastmastery,2,1,1
Gasslight,area-52,31,hunter,beastmastery,2,1,1
Dalis,frostmourne,31,hunter,beastmastery,2,1,1
Dirkberkeley,moon-guard,16,hunter,beastmastery,1,1,0
Dherrik,thrall,16,hunter,beastmastery,1,1,0
Junglejape,tichondrius,2361,mage,arcane,96,63,33
Cvark,sargeras,2307,mage,arcane,100,59,41
Juicemage,tichondrius,2250,mage,arcane,171,92,79
Numbing,sargeras,2233,mage,arcane,100,54,46
Oneschool,sargeras,2169,mage,arcane,92,49,43
Venruki,tichondrius,2138,mage,arcane,90,50,40
Ktp,tichondrius,2126,mage,arcane,119,68,51
Starxen,tichondrius,2042,mage,arcane,73,44,29
Arcanemagek,tichondrius,1907,mage,arcane,48,32,16
Whiterice,zuljin,1879,mage,arcane,50,31,19
Bíscuít,illidan,1872,mage,arcane,181,97,84
Birdfather,tichondrius,1861,mage,arcane,48,33,15
Sourx,doomhammer,1857,mage,arcane,66,39,27
Elfmage,tichondrius,1855,mage,arcane,36,25,11
Rof,sargeras,1855,mage,arcane,48,30,18
Hocusjokus,frostmourne,1851,mage,arcane,47,31,16
Snortmeth,area-52,1841,mage,arcane,90,58,32
Delibro,tichondrius,1834,mage,arcane,94,52,42
Spellstéal,tichondrius,1828,mage,arcane,41,25,16
Melkdud,wyrmrest-accord,1816,mage,arcane,42,25,17
Windwìtch,quelthalas,1813,mage,arcane,66,35,31
Unguided,moon-guard,1810,mage,arcane,72,43,29
Vampìrelolz,tichondrius,1809,mage,arcane,48,26,22
Ilovejwoanna,kiljaeden,1796,mage,arcane,122,68,54
Ezchallenger,undermine,1782,mage,arcane,102,47,55
Sestren,zuljin,1774,mage,arcane,115,57,58
Edgkey,illidan,1771,mage,arcane,103,54,49
Magnesiium,illidan,1769,mage,arcane,66,39,27
Mokelovin,sargeras,1763,mage,arcane,65,33,32
Maegwynah,jaedenar,1753,mage,arcane,58,31,27
Dawitchery,illidan,1753,mage,arcane,58,26,32
Bambambilly,kelthuzad,1749,mage,arcane,162,81,81
Buyßitcoin,sargeras,1746,mage,arcane,36,20,16
Shawarms,tichondrius,1746,mage,arcane,48,25,23
Arçanemage,tichondrius,1745,mage,arcane,42,20,22
Rhythmdog,tichondrius,1738,mage,arcane,87,45,42
Tbkz,amanthul,1734,mage,arcane,60,28,32
Spart,runetotem,1731,mage,arcane,56,24,32
Hallat,archimonde,1723,mage,arcane,455,224,231
Bananappeal,kelthuzad,1717,mage,arcane,52,26,26
Lmaginedying,illidan,1715,mage,arcane,30,24,6
Zps,illidan,1706,mage,arcane,72,40,32
Shwaysted,burning-blade,1706,mage,arcane,78,42,36
Badboykilla,dentarg,1704,mage,arcane,39,33,6
Esien,tichondrius,1704,mage,arcane,156,74,82
Mageboy,bonechewer,1699,mage,arcane,67,33,34
Aosin,wyrmrest-accord,1684,mage,arcane,48,31,17
Zhanna,nazjatar,1684,mage,arcane,161,85,76
Frostituty,kiljaeden,1677,mage,arcane,47,25,22
Clutchy,gorefiend,1672,mage,arcane,42,29,13
Höövalt,illidan,1655,mage,arcane,60,35,25
Felsparkles,area-52,1654,mage,arcane,71,41,30
Arianark,sargeras,1654,mage,arcane,141,79,62
Hööva,illidan,1654,mage,arcane,36,20,16
Exterminatüs,tichondrius,1653,mage,arcane,87,44,43
Nyj,tichondrius,1643,mage,arcane,83,44,39
Mairgik,proudmoore,1629,mage,arcane,42,21,21
Spellsteål,malganis,1627,mage,arcane,53,31,22
Sazza,tichondrius,1623,mage,arcane,36,21,15
Magecombe,thrall,1617,mage,arcane,30,17,13
Dbox,stormscale,1615,mage,arcane,93,53,40
Dmgperseç,tichondrius,1612,mage,arcane,30,20,10
Zerathremar,proudmoore,1612,mage,arcane,42,25,17
Proximalol,tichondrius,1610,mage,arcane,36,20,16
Snoogma,illidan,1609,mage,arcane,42,20,22
Ject,ragnaros,1606,mage,arcane,155,84,71
Höövaltx,illidan,1606,mage,arcane,60,30,30
Wïzarduous,mannoroth,1605,mage,arcane,60,33,27
Primearcanis,tol-barad,1601,mage,arcane,48,22,26
Failedwizard,frostmourne,1600,mage,arcane,58,25,33
Sky,lightnings-blade,1598,mage,arcane,143,76,67
Spitemage,tichondrius,1574,mage,arcane,138,64,74
Waisted,kelthuzad,1573,mage,arcane,45,25,20
Balencii,kiljaeden,1573,mage,arcane,60,33,27
Xialing,tichondrius,1570,mage,arcane,63,32,31
Beerbelly,tichondrius,1556,mage,arcane,125,71,54
Tbh,malganis,1555,mage,arcane,62,29,33
Étel,nemesis,1554,mage,arcane,45,20,25
Clernlol,emerald-dream,1548,mage,arcane,60,27,33
Nightsaber,blackrock,1531,mage,arcane,24,16,8
Enthy,frostmourne,1529,mage,arcane,36,18,18
Prosperoh,burning-legion,1526,mage,arcane,48,25,23
Agoniey,illidan,1525,mage,arcane,138,69,69
Vênsêr,emerald-dream,1523,mage,arcane,36,17,19
Alode,moon-guard,1513,mage,arcane,65,38,27
Cyphen,proudmoore,1500,mage,arcane,30,16,14
Perrc,area-52,1488,mage,arcane,180,89,91
Hustle,frostmourne,1483,mage,arcane,108,56,52
Mävra,emerald-dream,1482,mage,arcane,30,18,12
Alùcârd,tichondrius,1479,mage,arcane,65,33,32
Lucidaze,daggerspine,1476,mage,arcane,333,165,168
Hennimage,sargeras,1468,mage,arcane,241,132,109
Missile,frostmourne,1454,mage,arcane,36,17,19
Hoçuspoçus,moon-guard,1452,mage,arcane,107,52,55
Lünå,onyxia,1444,mage,arcane,72,44,28
Swàn,stormrage,1444,mage,arcane,42,23,19
Ligmmah,stormrage,1440,mage,arcane,69,39,30
Wretchy,ragnaros,1439,mage,arcane,73,38,35
Chezzmasterx,misha,1437,mage,arcane,124,67,57
Caseyjelly,tichondrius,1436,mage,arcane,36,20,16
Bighot,tichondrius,1428,mage,arcane,84,50,34
Nazneen,elune,1426,mage,arcane,104,62,42
Parapio,tichondrius,1426,mage,arcane,38,20,18
Pufs,stormrage,1422,mage,arcane,47,24,23
Maplemage,akama,1416,mage,arcane,195,100,95
Söngs,goldrinn,1409,mage,arcane,30,18,12
Sáron,quelthalas,1400,mage,arcane,100,51,49
Eviltricks,tichondrius,1398,mage,arcane,24,17,7
Allýria,stormrage,1395,mage,arcane,42,18,24
Frozonnee,aggramar,1379,mage,arcane,24,15,9
Wizzyx,illidan,1373,mage,arcane,40,21,19
Castarcane,nordrassil,1370,mage,arcane,36,17,19
Kickpollyplx,lothar,1368,mage,arcane,71,45,26
Avandal,proudmoore,1362,mage,arcane,71,29,42
Raazzamage,moon-guard,1360,mage,arcane,81,44,37
Astrojrue,sargeras,1353,mage,arcane,41,21,20
Thewizârd,stormrage,1350,mage,arcane,358,188,170
Melkra,tichondrius,1348,mage,arcane,66,36,30
Somariais,illidan,1348,mage,arcane,190,93,97
Xtymhxy,tichondrius,1343,mage,arcane,18,14,4
Valériemeow,tichondrius,1343,mage,arcane,30,14,16
Levalol,aggramar,1340,mage,arcane,34,15,19
Szrp,stormrage,1336,mage,arcane,57,27,30
Blaxmagic,stormrage,1333,mage,arcane,78,34,44
Måndias,tichondrius,1328,mage,arcane,34,18,16
Themagicman,whisperwind,1324,mage,arcane,42,17,25
Toknsmoke,tichondrius,1319,mage,arcane,65,29,36
Orderlight,alexstrasza,1318,mage,arcane,65,29,36
Zayth,silvermoon,1315,mage,arcane,45,24,21
Arcanochillz,ghostlands,1315,mage,arcane,50,20,30
Gusmaged,stormrage,1313,mage,arcane,22,15,7
Tessar,moon-guard,1313,mage,arcane,126,62,64
Coôler,illidan,1313,mage,arcane,39,16,23
Zukoprince,azralon,1312,mage,arcane,24,14,10
Linkolni,azralon,1312,mage,arcane,111,59,52
Instincts,uldum,1309,mage,arcane,29,14,15
Ruzam,area-52,1303,mage,arcane,186,91,95
Zulugara,barthilas,1303,mage,arcane,51,24,27
Strêss,kelthuzad,1302,mage,arcane,158,79,79
Véyda,emerald-dream,1300,mage,arcane,60,30,30
Airbnb,area-52,1299,mage,arcane,46,26,20
Wasami,tichondrius,1293,mage,arcane,64,31,33
Garrieto,sargeras,1285,mage,arcane,36,19,17
Chelseâ,emerald-dream,1281,mage,arcane,59,28,31
Xplozion,lightninghoof,1276,mage,arcane,31,16,15
Valrendor,nazjatar,1270,mage,arcane,102,56,46
Yonzho,area-52,1269,mage,arcane,32,17,15
Fruitdealerr,tichondrius,1266,mage,arcane,54,29,25
Kirayu,gilneas,1261,mage,arcane,22,14,8
Jedamere,proudmoore,1260,mage,arcane,48,23,25
Fearhades,drakkari,1256,mage,arcane,42,24,18
Celciius,stormrage,1255,mage,arcane,155,72,83
Draell,drakkari,1251,mage,arcane,72,37,35
Sorankim,tichondrius,1248,mage,arcane,24,13,11
Gessin,area-52,1245,mage,arcane,100,50,50
Velvetlurker,sargeras,1243,mage,arcane,36,13,23
Gin,nemesis,1238,mage,arcane,60,28,32
Unlike,sargeras,1235,mage,arcane,71,29,42
Gryd,area-52,1233,mage,arcane,136,72,64
Edisia,moon-guard,1231,mage,arcane,24,13,11
Greenwise,illidan,1231,mage,arcane,90,48,42
Magicos,frostmourne,1229,mage,arcane,24,13,11
Myrondor,tichondrius,1227,mage,arcane,24,13,11
Nedrin,nemesis,1216,mage,arcane,96,46,50
Kevymarts,tichondrius,1210,mage,arcane,36,14,22
Antifreezex,tichondrius,1207,mage,arcane,118,62,56
Softbody,barthilas,1196,mage,arcane,125,60,65
Skywalkerino,azralon,1194,mage,arcane,151,76,75
Dereliction,nagrand,1185,mage,arcane,102,52,50
Afasge,illidan,1184,mage,arcane,41,19,22
Nunezz,mannoroth,1179,mage,arcane,60,32,28
Nekrobear,nemesis,1179,mage,arcane,42,20,22
Freehoñgkong,tichondrius,1177,mage,arcane,42,20,22
Privilege,dragonmaw,1174,mage,arcane,41,20,21
Sceledrus,quelthalas,1158,mage,arcane,44,22,22
Oharvestero,illidan,1158,mage,arcane,67,29,38
Numaïr,kiljaeden,1156,mage,arcane,36,17,19
Frozorfs,tichondrius,1141,mage,arcane,36,14,22
Glacialfcial,frostmourne,1140,mage,arcane,36,19,17
Christensen,stormrage,1139,mage,arcane,30,15,15
Funnyfrankie,tichondrius,1137,mage,arcane,165,76,89
Simongof,tichondrius,1136,mage,arcane,57,22,35
Buffmages,malfurion,1135,mage,arcane,18,12,6
Firehawk,azralon,1133,mage,arcane,24,15,9
Billzeye,dalaran,1128,mage,arcane,24,12,12
Mastablastar,windrunner,1122,mage,arcane,33,15,18
Saladguy,thrall,1122,mage,arcane,47,21,26
Kyrumage,illidan,1112,mage,arcane,82,43,39
Kohvera,frostmourne,1112,mage,arcane,38,14,24
Badwoman,tichondrius,1111,mage,arcane,36,13,23
Randalf,dragonmaw,1102,mage,arcane,42,25,17
Kaiokenxten,bleeding-hollow,1102,mage,arcane,29,12,17
Cokézero,frostmourne,1098,mage,arcane,67,32,35
Oyagi,moon-guard,1097,mage,arcane,89,42,47
Overratedxd,moon-guard,1092,mage,arcane,26,13,13
Klausgc,sargeras,1084,mage,arcane,20,12,8
Xakura,dragonmaw,1084,mage,arcane,29,14,15
Chëryl,proudmoore,1061,mage,arcane,240,111,129
Flaux,sargeras,1055,mage,arcane,18,11,7
Tommagic,tichondrius,1055,mage,arcane,30,11,19
Glaciated,the-forgotten-coast,1053,mage,arcane,24,11,13
Smoks,stormrage,1052,mage,arcane,85,37,48
Shmage,dragonmaw,1050,mage,arcane,24,11,13
Lacouet,lightnings-blade,1050,mage,arcane,48,14,34
Zerosaspect,thrall,1047,mage,arcane,22,12,10
Eruilúvatar,nerzhul,1046,mage,arcane,42,26,16
Baskal,area-52,1046,mage,arcane,34,12,22
Oogleymoogly,zuljin,1040,mage,arcane,24,11,13
Cassanara,moon-guard,1032,mage,arcane,36,13,23
Thetodd,emerald-dream,1017,mage,arcane,24,16,8
Kittikk,tichondrius,1005,mage,arcane,119,53,66
Raeign,frostmourne,1001,mage,arcane,208,102,106
Döömsage,hydraxis,999,mage,arcane,23,11,12
Knotyouagain,emerald-dream,996,mage,arcane,54,31,23
Casarenarrus,staghelm,985,mage,arcane,24,13,11
Scône,sargeras,985,mage,arcane,28,11,17
Tsarevich,fizzcrank,975,mage,arcane,86,38,48
Mixler,feathermoon,970,mage,arcane,65,32,33
Cubanarox,gallywix,969,mage,arcane,46,18,28
Lightsoran,tichondrius,960,mage,arcane,24,10,14
Jazzgroyper,sargeras,960,mage,arcane,24,10,14
Gachaguy,bleeding-hollow,960,mage,arcane,30,10,20
Icydubya,illidan,958,mage,arcane,12,10,2
Tuggernaug,malganis,958,mage,arcane,18,10,8
Haze,hyjal,955,mage,arcane,18,10,8
Firèballin,tichondrius,955,mage,arcane,24,10,14
Tagere,moon-guard,954,mage,arcane,24,10,14
Wizfajita,malganis,951,mage,arcane,24,10,14
Xariean,azuremyst,948,mage,arcane,24,10,14
Sksteve,rexxar,948,mage,arcane,30,10,20
Wøogles,sargeras,946,mage,arcane,24,10,14
Harmful,frostmourne,944,mage,arcane,21,10,11
Morkleen,korgath,943,mage,arcane,30,10,20
Shadows,exodar,934,mage,arcane,24,10,14
Akagamix,sargeras,924,mage,arcane,36,17,19
Suicune,area-52,922,mage,arcane,28,10,18
Dietdeww,borean-tundra,913,mage,arcane,18,10,8
Arcalìte,illidan,894,mage,arcane,17,11,6
Prosperoo,aerie-peak,874,mage,arcane,48,25,23
Søkø,tichondrius,868,mage,arcane,30,11,19
Viôlentj,area-52,863,mage,arcane,12,9,3
Pandazed,proudmoore,863,mage,arcane,18,9,9
Harshx,bleeding-hollow,863,mage,arcane,18,9,9
Olympicz,kelthuzad,863,mage,arcane,18,9,9
Eimm,stormrage,862,mage,arcane,30,9,21
Veryfast,icecrown,859,mage,arcane,18,9,9
Moond,drakkari,858,mage,arcane,18,9,9
Nachtt,sargeras,857,mage,arcane,18,9,9
Mageyoulooks,kelthuzad,856,mage,arcane,24,9,15
Mahe,andorhal,850,mage,arcane,86,32,54
Magicå,area-52,845,mage,arcane,12,9,3
Xunalatu,frostmourne,845,mage,arcane,18,9,9
Dchee,nerzhul,841,mage,arcane,18,9,9
Waef,quelthalas,838,mage,arcane,18,9,9
Instataterz,eonar,833,mage,arcane,29,9,20
Sherian,queldorei,832,mage,arcane,18,9,9
Ìgnìtìöñ,whisperwind,832,mage,arcane,24,9,15
Jackson,altar-of-storms,809,mage,arcane,60,17,43
Fredcouples,tichondrius,803,mage,arcane,19,10,9
Khierlana,hellscream,802,mage,arcane,226,102,124
Stockinglids,windrunner,800,mage,arcane,17,9,8
Pez,frostmourne,799,mage,arcane,17,9,8
Unmix,tichondrius,794,mage,arcane,20,9,11
Cinnamon,boulderfist,768,mage,arcane,12,8,4
Leakyboots,illidan,768,mage,arcane,12,8,4
Lewpithy,area-52,768,mage,arcane,12,8,4
Jööz,deathwing,768,mage,arcane,18,8,10
Eludin,aegwynn,768,mage,arcane,18,8,10
Hynzie,barthilas,768,mage,arcane,18,8,10
Rebornganegg,tichondrius,768,mage,arcane,18,8,10
Crøwgawd,tichondrius,767,mage,arcane,12,8,4
Watchmepog,tichondrius,767,mage,arcane,12,8,4
Azeroth,boulderfist,767,mage,arcane,13,8,5
Fakebusiness,area-52,767,mage,arcane,18,8,10
Arcanatos,emerald-dream,767,mage,arcane,18,8,10
Fasttwitch,kiljaeden,767,mage,arcane,24,8,16
Delana,darkspear,766,mage,arcane,24,8,16
Boredmoomoo,thunderlord,765,mage,arcane,12,8,4
Gimani,tichondrius,765,mage,arcane,18,8,10
Archtype,azralon,764,mage,arcane,24,8,16
Iseltwald,proudmoore,761,mage,arcane,12,8,4
Arcanin,thunderlord,742,mage,arcane,24,8,16
Aycc,tichondrius,735,mage,arcane,17,8,9
Ebah,tichondrius,734,mage,arcane,20,9,11
Littlefun,tichondrius,728,mage,arcane,13,10,3
Perkaset,turalyon,703,mage,arcane,17,8,9
Noescaping,illidan,687,mage,arcane,19,8,11
Drainbamage,coilfang,674,mage,arcane,166,46,120
Vixen,boulderfist,672,mage,arcane,12,7,5
Umpire,boulderfist,672,mage,arcane,12,7,5
Pizzaslimé,tichondrius,672,mage,arcane,12,7,5
Bigmunkee,the-venture-co,672,mage,arcane,12,7,5
Lavaera,illidan,672,mage,arcane,12,7,5
Feorbxx,proudmoore,672,mage,arcane,12,7,5
Zakume,stormrage,672,mage,arcane,12,7,5
Poggywoggy,frostmourne,672,mage,arcane,12,7,5
Murr,boulderfist,671,mage,arcane,12,7,5
Mershon,tichondrius,671,mage,arcane,12,7,5
Zezima,spirestone,671,mage,arcane,12,7,5
Onibeef,duskwood,671,mage,arcane,15,8,7
Magekofwa,tichondrius,671,mage,arcane,18,7,11
Ankidar,quelthalas,671,mage,arcane,18,7,11
Omnislasher,terenas,671,mage,arcane,24,7,17
Elegantbroth,illidan,670,mage,arcane,12,7,5
Austere,boulderfist,670,mage,arcane,12,7,5
Warthormage,stormrage,670,mage,arcane,12,7,5
Derkrìeger,turalyon,670,mage,arcane,18,7,11
Pyroflakes,darkspear,669,mage,arcane,12,7,5
Zimzum,bladefist,666,mage,arcane,12,7,5
Brazcane,skullcrusher,655,mage,arcane,17,7,10
Karamzov,zuljin,652,mage,arcane,24,7,17
Culours,stormrage,616,mage,arcane,17,7,10
Uhh,blackrock,607,mage,arcane,14,7,7
Ærtai,black-dragonflight,592,mage,arcane,13,7,6
Moogician,aerie-peak,592,mage,arcane,13,7,6
Asalumm,quelthalas,589,mage,arcane,19,8,11
Astroner,frostmourne,576,mage,arcane,12,6,6
Aeghis,stormrage,576,mage,arcane,12,6,6
Slowmobius,tichondrius,576,mage,arcane,12,6,6
Muffhugga,dalaran,576,mage,arcane,12,6,6
Icecreamboy,tichondrius,576,mage,arcane,12,6,6
Biscobush,turalyon,576,mage,arcane,15,7,8
Fuchsia,boulderfist,576,mage,arcane,18,6,12
Krazsus,tichondrius,576,mage,arcane,18,6,12
Nazmagus,hydraxis,576,mage,arcane,18,6,12
Cicciozi,sargeras,576,mage,arcane,24,6,18
Snâred,aggramar,575,mage,arcane,6,6,0
Ettore,aerie-peak,575,mage,arcane,12,6,6
Kârén,aggramar,575,mage,arcane,12,6,6
Furrblock,tichondrius,575,mage,arcane,18,6,12
Ispell,tichondrius,573,mage,arcane,24,6,18
Enfuegoe,tichondrius,571,mage,arcane,12,6,6
Francious,echo-isles,566,mage,arcane,12,6,6
Belven,proudmoore,559,mage,arcane,17,6,11
Vires,kelthuzad,543,mage,arcane,11,6,5
Skillsbro,arthas,480,mage,arcane,6,5,1
Tibbit,kelthuzad,480,mage,arcane,6,5,1
Enveas,illidan,480,mage,arcane,6,5,1
Zeró,frostmourne,480,mage,arcane,6,5,1
Fatso,boulderfist,480,mage,arcane,12,5,7
Maxtorgar,quelthalas,480,mage,arcane,12,5,7
Hvnlyfathr,stormrage,480,mage,arcane,12,5,7
Sumu,stormrage,480,mage,arcane,12,5,7
Arcp,illidan,480,mage,arcane,12,5,7
Rebdoomer,skullcrusher,480,mage,arcane,12,5,7
Lúpìn,zuljin,480,mage,arcane,12,5,7
Diamondx,ragnaros,480,mage,arcane,12,5,7
Markage,stormrage,480,mage,arcane,12,5,7
Wauzcrol,quelthalas,480,mage,arcane,12,5,7
Decamus,queldorei,480,mage,arcane,12,5,7
Dagreatone,malganis,480,mage,arcane,12,5,7
Lorlene,frostmourne,480,mage,arcane,12,5,7
Hansol,farstriders,480,mage,arcane,12,5,7
Shäräpova,zuljin,480,mage,arcane,12,5,7
Inmylife,tichondrius,480,mage,arcane,15,6,9
Hogdog,illidan,480,mage,arcane,18,5,13
Surik,moon-guard,480,mage,arcane,18,5,13
Astosv,stormrage,480,mage,arcane,18,5,13
Corsten,aerie-peak,479,mage,arcane,12,5,7
Sweetypie,fenris,479,mage,arcane,12,5,7
Mandrakë,nemesis,478,mage,arcane,12,5,7
Shocknawes,illidan,478,mage,arcane,15,5,10
Humpadumplin,wyrmrest-accord,478,mage,arcane,24,5,19
Merlon,dalaran,476,mage,arcane,12,5,7
Combusty,sargeras,447,mage,arcane,14,6,8
Squishymage,moon-guard,446,mage,arcane,17,5,12
Tubby,boulderfist,431,mage,arcane,11,5,6
Larouse,quelthalas,415,mage,arcane,8,5,3
Hasteboy,kelthuzad,384,mage,arcane,6,4,2
Myzzl,kelthuzad,384,mage,arcane,6,4,2
Chilléd,tichondrius,384,mage,arcane,6,4,2
Rositajonez,terenas,384,mage,arcane,6,4,2
Berrur,azralon,384,mage,arcane,6,4,2
Skoals,thrall,384,mage,arcane,6,4,2
Convector,tichondrius,384,mage,arcane,6,4,2
Gandwàrf,moon-guard,384,mage,arcane,6,4,2
Cømbust,frostmourne,384,mage,arcane,6,4,2
Kynjji,azshara,384,mage,arcane,6,4,2
Wanming,tichondrius,384,mage,arcane,6,4,2
Imbusting,kiljaeden,384,mage,arcane,6,4,2
Meroki,anetheron,384,mage,arcane,6,4,2
Riddickl,malfurion,384,mage,arcane,6,4,2
Gelokay,tichondrius,384,mage,arcane,6,4,2
Dogmagetw,tichondrius,384,mage,arcane,6,4,2
Turtles,the-venture-co,384,mage,arcane,12,4,8
Biotic,kiljaeden,384,mage,arcane,12,4,8
Bigbuttangel,borean-tundra,384,mage,arcane,12,4,8
Khaldyn,tichondrius,384,mage,arcane,12,4,8
Hogslop,saurfang,384,mage,arcane,12,4,8
Nesomage,destromath,384,mage,arcane,12,4,8
Forestella,tichondrius,384,mage,arcane,12,4,8
Scxut,tichondrius,384,mage,arcane,12,4,8
Muskinite,maiev,384,mage,arcane,12,4,8
Yellowfevrz,thrall,384,mage,arcane,12,4,8
Jordèb,sargeras,384,mage,arcane,12,4,8
Pwnstarx,proudmoore,384,mage,arcane,12,4,8
Granmago,azralon,384,mage,arcane,12,4,8
Sukaretto,illidan,384,mage,arcane,12,4,8
Gobbstoppers,dalaran,384,mage,arcane,12,4,8
Frostecho,moon-guard,384,mage,arcane,12,4,8
Raxxor,muradin,383,mage,arcane,6,4,2
Seaon,malganis,383,mage,arcane,6,4,2
Skoffla,executus,383,mage,arcane,6,4,2
Hànk,tichondrius,383,mage,arcane,6,4,2
Sènding,sargeras,383,mage,arcane,18,4,14
Preckwinkle,moon-guard,382,mage,arcane,12,4,8
Keepinitnoob,tichondrius,351,mage,arcane,8,5,3
Triuneward,tichondrius,351,mage,arcane,8,5,3
Grarg,stormrage,301,mage,arcane,13,4,9
Yaya,kargath,288,mage,arcane,6,3,3
Zerodium,sargeras,288,mage,arcane,6,3,3
Bobbyyx,sargeras,288,mage,arcane,6,3,3
Annalee,ragnaros,288,mage,arcane,6,3,3
Watchmesleep,tichondrius,288,mage,arcane,6,3,3
Natzue,sargeras,288,mage,arcane,6,3,3
Jizzlez,tichondrius,288,mage,arcane,6,3,3
Koro,tichondrius,288,mage,arcane,6,3,3
Adrazell,sargeras,288,mage,arcane,6,3,3
Smallbrainz,emerald-dream,288,mage,arcane,6,3,3
Fennix,ragnaros,288,mage,arcane,6,3,3
Ksauce,twisting-nether,288,mage,arcane,6,3,3
Braelind,sargeras,288,mage,arcane,6,3,3
Smãlls,sargeras,288,mage,arcane,6,3,3
Xythros,stormrage,288,mage,arcane,6,3,3
Xzude,korgath,288,mage,arcane,6,3,3
Kogin,thrall,288,mage,arcane,6,3,3
Jarvase,mugthol,288,mage,arcane,6,3,3
Wellbeam,nemesis,288,mage,arcane,6,3,3
Xoxmage,frostmourne,288,mage,arcane,6,3,3
Rotaco,illidan,288,mage,arcane,6,3,3
Madpoondog,frostmourne,288,mage,arcane,6,3,3
Weewhimsy,wyrmrest-accord,288,mage,arcane,6,3,3
Neverbroke,illidan,288,mage,arcane,6,3,3
Kasius,kelthuzad,288,mage,arcane,6,3,3
Crøwgxd,tichondrius,288,mage,arcane,6,3,3
Lambsalsa,tichondrius,288,mage,arcane,6,3,3
Kev,sentinels,288,mage,arcane,6,3,3
Unknownblast,kul-tiras,288,mage,arcane,6,3,3
Freshtowels,thrall,288,mage,arcane,6,3,3
Arkanons,azralon,288,mage,arcane,12,5,7
Skittels,azshara,288,mage,arcane,12,3,9
Akunimon,ragnaros,288,mage,arcane,12,3,9
Heflash,azralon,288,mage,arcane,12,3,9
Elux,whisperwind,288,mage,arcane,12,3,9
Matmagic,drakkari,288,mage,arcane,13,3,10
Compactor,emerald-dream,288,mage,arcane,18,3,15
Calcaster,aegwynn,287,mage,arcane,6,3,3
Abrhamblinkn,tichondrius,287,mage,arcane,6,3,3
Kryptekk,area-52,287,mage,arcane,6,3,3
Hýdro,ghostlands,287,mage,arcane,11,3,8
Shinneex,ragnaros,287,mage,arcane,12,3,9
Ottsca,emerald-dream,286,mage,arcane,6,3,3
Sausage,boulderfist,276,mage,arcane,16,6,10
Etyx,tichondrius,239,mage,arcane,5,3,2
Ichor,blackhand,233,mage,arcane,17,5,12
Pay,nordrassil,223,mage,arcane,9,3,6
Røcco,azralon,192,mage,arcane,4,3,1
Uchihá,azgalor,192,mage,arcane,6,2,4
Vensyr,stormrage,192,mage,arcane,6,2,4
Thistle,boulderfist,192,mage,arcane,6,2,4
Sheepshot,dentarg,192,mage,arcane,6,2,4
Shareholder,stormrage,192,mage,arcane,6,2,4
Polymedaddi,tichondrius,192,mage,arcane,6,2,4
Aenomaus,stormrage,192,mage,arcane,6,2,4
Morganä,silver-hand,192,mage,arcane,6,2,4
Sðsa,stormrage,192,mage,arcane,6,2,4
Blastgodx,stormrage,192,mage,arcane,6,2,4
Xpez,stormrage,192,mage,arcane,6,2,4
Emden,khadgar,192,mage,arcane,6,2,4
Blinkmind,stormrage,192,mage,arcane,6,2,4
Shimmerpoly,sargeras,192,mage,arcane,6,2,4
Xoese,illidan,192,mage,arcane,6,2,4
Vengx,tichondrius,192,mage,arcane,6,2,4
Wayferz,illidan,192,mage,arcane,6,2,4
Pullmefingy,illidan,192,mage,arcane,6,2,4
Maguín,tichondrius,192,mage,arcane,6,2,4
Tarmiel,quelthalas,192,mage,arcane,6,2,4
Opiumlord,tichondrius,192,mage,arcane,6,2,4
Powerfulguy,frostmourne,192,mage,arcane,6,2,4
Icebish,skullcrusher,192,mage,arcane,6,2,4
Loa,hydraxis,192,mage,arcane,6,2,4
Mymaage,andorhal,192,mage,arcane,6,2,4
Alìv,tichondrius,192,mage,arcane,6,2,4
Lilfruitsnac,illidan,192,mage,arcane,6,2,4
Chinkins,illidan,192,mage,arcane,6,2,4
Suppawog,frostmourne,192,mage,arcane,6,2,4
Fakelovè,area-52,192,mage,arcane,6,2,4
Crinkit,frostmourne,192,mage,arcane,6,2,4
Duffs,hyjal,192,mage,arcane,6,2,4
Umber,dreadmaul,192,mage,arcane,6,2,4
Caimil,echo-isles,192,mage,arcane,6,2,4
Bustercraft,kelthuzad,192,mage,arcane,6,2,4
Xannymancan,tichondrius,192,mage,arcane,6,2,4
Ferdabombs,tichondrius,192,mage,arcane,6,2,4
Vonfrmdao,illidan,192,mage,arcane,6,2,4
Burna,amanthul,192,mage,arcane,6,2,4
Highafrn,area-52,192,mage,arcane,6,2,4
Mcshwackin,area-52,192,mage,arcane,12,2,10
Amoredis,the-venture-co,192,mage,arcane,12,2,10
Rahahm,altar-of-storms,192,mage,arcane,12,2,10
Gatka,quelthalas,192,mage,arcane,12,2,10
Barbarabush,hellscream,192,mage,arcane,12,2,10
Lifeinaday,proudmoore,191,mage,arcane,6,2,4
Darznath,drakkari,191,mage,arcane,6,2,4
Nevswrld,stormrage,191,mage,arcane,24,2,22
Guaranaecox,goldrinn,159,mage,arcane,8,3,5
Vengefuly,tichondrius,138,mage,arcane,6,3,3
Milfmaster,aerie-peak,138,mage,arcane,8,3,5
Frostybihh,bonechewer,138,mage,arcane,15,3,12
Respektwaman,tichondrius,128,mage,arcane,4,2,2
Sos,kelthuzad,128,mage,arcane,4,2,2
Pyropie,frostmourne,96,mage,arcane,3,2,1
Purpledrank,nagrand,96,mage,arcane,9,2,7
Genozyde,elune,96,mage,arcane,6,1,5
Helloimazu,gilneas,96,mage,arcane,6,1,5
Shahryar,chogall,96,mage,arcane,6,1,5
Drookzz,illidan,96,mage,arcane,6,1,5
Priyel,hyjal,96,mage,arcane,6,1,5
Pecs,kiljaeden,96,mage,arcane,6,1,5
Smôl,emerald-dream,96,mage,arcane,6,1,5
Telkham,tichondrius,96,mage,arcane,6,1,5
Noyade,illidan,96,mage,arcane,6,1,5
Mageki,ragnaros,96,mage,arcane,6,1,5
Nazztwren,bleeding-hollow,96,mage,arcane,6,1,5
Xlordpagan,sargeras,96,mage,arcane,6,1,5
Hhavok,scarlet-crusade,96,mage,arcane,6,1,5
Burrbon,area-52,96,mage,arcane,6,1,5
Trippy,senjin,96,mage,arcane,6,1,5
Stëpsister,illidan,96,mage,arcane,6,1,5
Sabrita,proudmoore,96,mage,arcane,6,1,5
Singheart,tichondrius,96,mage,arcane,6,1,5
Freez,garona,96,mage,arcane,6,1,5
Harquillen,dathremar,96,mage,arcane,6,1,5
Needmyvape,moon-guard,96,mage,arcane,6,1,5
Imdepressed,malorne,96,mage,arcane,6,1,5
Vanillã,sargeras,96,mage,arcane,6,1,5
Flomin,tichondrius,96,mage,arcane,6,1,5
Elemenopi,thrall,96,mage,arcane,6,1,5
Copperfield,dreadmaul,96,mage,arcane,6,1,5
Quinnfreeze,boulderfist,96,mage,arcane,6,1,5
Magicious,tichondrius,96,mage,arcane,6,1,5
Magiddo,skullcrusher,96,mage,arcane,6,1,5
Pollybot,tichondrius,96,mage,arcane,6,1,5
Sula,muradin,96,mage,arcane,6,1,5
Gôøglëlòl,nemesis,96,mage,arcane,6,1,5
Darthez,darkspear,96,mage,arcane,6,1,5
Ignit,stormrage,96,mage,arcane,6,1,5
Bungholiojr,malganis,96,mage,arcane,6,1,5
Octané,illidan,96,mage,arcane,6,1,5
Coldrin,tichondrius,96,mage,arcane,6,1,5
Illúmi,moon-guard,96,mage,arcane,6,1,5
Nday,tichondrius,96,mage,arcane,11,1,10
Nikittomage,echo-isles,96,mage,arcane,12,1,11
Greaterbust,tichondrius,96,mage,arcane,12,1,11
Tovenaars,moon-guard,96,mage,arcane,12,1,11
Sahaquiel,tichondrius,96,mage,arcane,12,1,11
Kralien,dalaran,95,mage,arcane,6,1,5
Poofnpass,malorne,95,mage,arcane,6,1,5
Scribe,anvilmar,79,mage,arcane,5,1,4
Pyroeuphoria,dark-iron,79,mage,arcane,5,1,4
Frostmaul,dreadmaul,79,mage,arcane,11,1,10
Mokelovinwtf,tichondrius,48,mage,arcane,3,1,2
Mkownzz,tichondrius,16,mage,arcane,1,1,0
Hansol,farstriders,2341,mage,fire,144,79,65
Johnpopi,malganis,2318,mage,fire,78,55,23
Vcamus,tichondrius,2311,mage,fire,208,115,93
Ranj,tichondrius,2283,mage,fire,157,84,73
Sol,shandris,2263,mage,fire,114,60,54
Setback,illidan,2177,mage,fire,156,80,76
Aeghis,stormrage,2176,mage,fire,72,39,33
Glacier,firetree,2165,mage,fire,68,47,21
Fixrexbaxlls,tichondrius,2155,mage,fire,149,90,59
Bigfirebat,tichondrius,2145,mage,fire,245,129,116
Kasperkar,illidan,2143,mage,fire,352,184,168
Valériemeow,tichondrius,2124,mage,fire,121,61,60
Easyfreeze,sargeras,2121,mage,fire,84,47,37
Epod,illidan,2121,mage,fire,179,96,83
Poundcakezx,tichondrius,2115,mage,fire,72,43,29
Rebornganegg,tichondrius,2113,mage,fire,65,52,13
Talibandzx,sargeras,2112,mage,fire,231,116,115
Horoba,sargeras,2107,mage,fire,305,154,151
Aangx,stormrage,2102,mage,fire,58,37,21
Setbackx,illidan,2100,mage,fire,120,59,61
Sorankim,tichondrius,2093,mage,fire,84,43,41
Taylorlol,tichondrius,2090,mage,fire,153,76,77
Numbing,sargeras,2087,mage,fire,66,45,21
Vcamusorz,tichondrius,2085,mage,fire,230,123,107
Benisp,stormrage,2070,mage,fire,98,56,42
Asetback,illidan,2067,mage,fire,247,123,124
Undeadmerlin,zuljin,2053,mage,fire,96,51,45
Kyphosis,illidan,2039,mage,fire,173,97,76
Opisop,kelthuzad,2037,mage,fire,78,43,35
Buyßitcoin,sargeras,2036,mage,fire,107,56,51
Háté,ragnaros,2029,mage,fire,282,141,141
Udmx,zuljin,2018,mage,fire,97,59,38
Adjudicatory,tichondrius,2003,mage,fire,69,34,35
Lightsoran,tichondrius,1989,mage,fire,48,30,18
Vampìrelolz,tichondrius,1989,mage,fire,59,33,26
Snaregodx,area-52,1979,mage,fire,84,48,36
Icetomeetyu,bleeding-hollow,1976,mage,fire,255,132,123
Gohonn,emerald-dream,1975,mage,fire,227,124,103
Ròÿ,area-52,1973,mage,fire,114,61,53
Chez,tichondrius,1965,mage,fire,30,24,6
Purpscurp,illidan,1956,mage,fire,201,111,90
Ksmackm,illidan,1953,mage,fire,76,43,33
Getmaged,bleeding-hollow,1943,mage,fire,64,40,24
Xiaoxiaochu,tichondrius,1939,mage,fire,211,121,90
Lmaginedying,illidan,1922,mage,fire,54,33,21
Elysõna,area-52,1921,mage,fire,267,153,114
Starxen,tichondrius,1915,mage,fire,54,31,23
Käxs,ragnaros,1911,mage,fire,60,31,29
Vazlgs,tichondrius,1898,mage,fire,96,54,42
Degen,laughing-skull,1897,mage,fire,58,39,19
Proximalol,tichondrius,1894,mage,fire,65,43,22
Peachygamer,stormscale,1893,mage,fire,204,101,103
Zokorzik,area-52,1889,mage,fire,41,27,14
Kraxos,stormrage,1886,mage,fire,114,68,46
Volkazar,sargeras,1883,mage,fire,57,27,30
Fullsénd,tichondrius,1882,mage,fire,66,34,32
Myzzl,kelthuzad,1875,mage,fire,105,51,54
Juniel,bleeding-hollow,1874,mage,fire,41,27,14
Rmxd,malganis,1870,mage,fire,102,54,48
Nightsaber,blackrock,1869,mage,fire,42,26,16
Kjuuler,moon-guard,1867,mage,fire,42,24,18
Yaya,kargath,1857,mage,fire,126,65,61
Bigpøppapump,tichondrius,1854,mage,fire,66,38,28
Dáddyshark,sargeras,1852,mage,fire,227,109,118
Yorgøs,ragnaros,1851,mage,fire,96,53,43
Sunskim,tichondrius,1851,mage,fire,76,37,39
Julzx,hyjal,1848,mage,fire,42,27,15
Elfmage,tichondrius,1847,mage,fire,54,31,23
Cryogeniks,illidan,1843,mage,fire,60,32,28
Rockoe,tichondrius,1842,mage,fire,116,72,44
Highms,stormrage,1839,mage,fire,78,44,34
Notini,azralon,1839,mage,fire,209,103,106
Tainx,frostmourne,1834,mage,fire,42,29,13
Wanming,tichondrius,1831,mage,fire,84,47,37
Pinkmagetko,tichondrius,1830,mage,fire,48,26,22
Varroc,quelthalas,1830,mage,fire,317,161,156
Frøsty,lightbringer,1829,mage,fire,60,34,26
Leakyboots,illidan,1828,mage,fire,66,32,34
Mângo,frostmourne,1826,mage,fire,36,26,10
Csx,turalyon,1826,mage,fire,132,73,59
Cinnablast,darkspear,1824,mage,fire,26,20,6
Fwooshinator,malganis,1823,mage,fire,71,56,15
Avicci,shattered-halls,1822,mage,fire,54,29,25
Dagreatone,malganis,1822,mage,fire,64,31,33
Dmgdaddy,zuljin,1822,mage,fire,42,20,22
Såni,tichondrius,1819,mage,fire,67,39,28
Squidio,stormrage,1819,mage,fire,96,54,42
Cuymagíco,ragnaros,1818,mage,fire,42,26,16
Téhflip,tichondrius,1818,mage,fire,60,37,23
Likebutter,tichondrius,1816,mage,fire,54,33,21
Freaknastyxo,stormrage,1816,mage,fire,78,46,32
Mana,shuhalo,1815,mage,fire,63,44,19
Ject,ragnaros,1813,mage,fire,76,56,20
Kindle,malorne,1812,mage,fire,134,75,59
Enthy,frostmourne,1811,mage,fire,115,64,51
Neät,frostmourne,1810,mage,fire,55,33,22
Xoese,illidan,1810,mage,fire,198,103,95
Ogfresh,area-52,1808,mage,fire,100,63,37
Blinkaway,ragnaros,1807,mage,fire,90,51,39
Wiredcc,illidan,1805,mage,fire,30,20,10
Itrinketair,area-52,1805,mage,fire,80,41,39
Uhh,blackrock,1804,mage,fire,61,33,28
Juju,tichondrius,1796,mage,fire,75,44,31
Gôøglëlòl,nemesis,1795,mage,fire,146,83,63
Almondcocoa,tichondrius,1792,mage,fire,60,30,30
Emvepee,sargeras,1791,mage,fire,42,25,17
Zoryack,azralon,1789,mage,fire,228,116,112
Charkoalzz,moon-guard,1788,mage,fire,116,57,59
Arrcadia,darkspear,1786,mage,fire,110,63,47
Hööva,illidan,1784,mage,fire,161,94,67
Blak,bleeding-hollow,1782,mage,fire,90,50,40
Bigdjohnson,dalaran,1779,mage,fire,139,77,62
Blockjkdead,frostmourne,1776,mage,fire,50,33,17
Daddymayhem,proudmoore,1775,mage,fire,150,76,74
Wotl,tichondrius,1774,mage,fire,265,142,123
Snoogma,illidan,1772,mage,fire,41,30,11
Thxo,hyjal,1772,mage,fire,135,70,65
Itshug,area-52,1766,mage,fire,97,53,44
Lavarain,illidan,1758,mage,fire,51,30,21
Fmpenjoyerx,illidan,1757,mage,fire,36,24,12
Sifr,tichondrius,1757,mage,fire,38,25,13
Styler,tichondrius,1756,mage,fire,32,22,10
Nbapinktrex,darkspear,1751,mage,fire,36,22,14
Sorcerous,bloodhoof,1751,mage,fire,215,117,98
Delibro,tichondrius,1746,mage,fire,24,20,4
Banquetmeal,emerald-dream,1744,mage,fire,54,35,19
Nickioxox,tichondrius,1738,mage,fire,48,31,17
Deepgodsz,azralon,1738,mage,fire,51,28,23
Hwii,tichondrius,1737,mage,fire,124,79,45
Maegwynah,jaedenar,1736,mage,fire,42,29,13
Creaystar,area-52,1735,mage,fire,391,197,194
Gelußabadook,kelthuzad,1733,mage,fire,36,24,12
Dexpy,tichondrius,1732,mage,fire,43,26,17
Farragan,ragnaros,1732,mage,fire,48,21,27
Affewxd,lothar,1730,mage,fire,205,113,92
Murcury,tichondrius,1730,mage,fire,345,182,163
Dbox,stormscale,1726,mage,fire,42,26,16
Muztaccio,tichondrius,1726,mage,fire,107,59,48
Salvick,emerald-dream,1723,mage,fire,97,51,46
Hotrunner,sargeras,1721,mage,fire,41,22,19
Stergenutfr,tichondrius,1720,mage,fire,42,27,15
Wretchy,ragnaros,1717,mage,fire,60,37,23
Xs,stormrage,1715,mage,fire,184,106,78
Xythros,stormrage,1711,mage,fire,30,18,12
Alenikus,blackhand,1711,mage,fire,203,104,99
Ufree,tichondrius,1709,mage,fire,59,33,26
Wkndxo,emerald-dream,1707,mage,fire,36,24,12
Lolololololo,kelthuzad,1706,mage,fire,264,140,124
Xialing,tichondrius,1705,mage,fire,48,28,20
Wizarts,ragnaros,1705,mage,fire,84,37,47
Iblïs,kelthuzad,1702,mage,fire,30,22,8
Papita,mugthol,1699,mage,fire,35,19,16
Gôdzcombust,area-52,1698,mage,fire,52,29,23
Jazzgroyper,sargeras,1697,mage,fire,42,24,18
Dropdeadlol,bonechewer,1696,mage,fire,132,74,58
Eludin,aegwynn,1693,mage,fire,29,19,10
Hadlly,tichondrius,1693,mage,fire,35,20,15
Younghehe,tichondrius,1692,mage,fire,148,77,71
Myrondor,tichondrius,1691,mage,fire,106,60,46
Rizke,tichondrius,1688,mage,fire,36,22,14
Benjamming,ragnaros,1687,mage,fire,48,30,18
Rnjin,tichondrius,1684,mage,fire,36,24,12
Kazimìr,tichondrius,1683,mage,fire,30,18,12
Chumpp,tichondrius,1677,mage,fire,42,27,15
Minverces,tichondrius,1677,mage,fire,72,45,27
Linkolni,azralon,1676,mage,fire,95,52,43
Bighot,tichondrius,1673,mage,fire,90,53,37
Englavian,frostmane,1673,mage,fire,72,35,37
Darmora,kelthuzad,1673,mage,fire,115,55,60
Strdelmaker,tichondrius,1672,mage,fire,24,19,5
Ligmmah,stormrage,1670,mage,fire,78,45,33
Firewreckage,malganis,1668,mage,fire,138,70,68
Ööf,emerald-dream,1667,mage,fire,78,36,42
Asap,frostmourne,1666,mage,fire,48,26,22
Oi,frostwolf,1664,mage,fire,87,55,32
Frostymart,arthas,1663,mage,fire,36,23,13
Rizzlerx,stormrage,1663,mage,fire,41,24,17
Versacejay,sargeras,1661,mage,fire,36,21,15
Neverbløck,illidan,1661,mage,fire,42,24,18
Hideongp,barthilas,1657,mage,fire,49,22,27
Dojacute,frostmourne,1656,mage,fire,35,22,13
Coolhandz,tichondrius,1656,mage,fire,77,45,32
Albbano,tichondrius,1655,mage,fire,36,24,12
Yeetcannøn,illidan,1653,mage,fire,66,37,29
Magibe,thrall,1652,mage,fire,36,24,12
Squantanimo,shadowmoon,1652,mage,fire,141,74,67
Globglob,tichondrius,1651,mage,fire,40,26,14
Amge,uldum,1651,mage,fire,32,18,14
Kushjointz,tichondrius,1650,mage,fire,94,56,38
Lycheeoolong,frostmourne,1649,mage,fire,38,22,16
Maplemage,akama,1649,mage,fire,189,109,80
Mokelovinwtf,tichondrius,1647,mage,fire,26,23,3
Bhabynahnah,tichondrius,1646,mage,fire,37,26,11
Convector,tichondrius,1646,mage,fire,58,36,22
Akephálos,drakkari,1643,mage,fire,35,21,14
Nazmagus,hydraxis,1642,mage,fire,137,79,58
Swaglo,illidan,1642,mage,fire,52,27,25
Pootysmooch,sargeras,1639,mage,fire,54,33,21
Sahlokinn,stormrage,1636,mage,fire,54,28,26
Jenezis,area-52,1636,mage,fire,59,28,31
Chionê,velen,1634,mage,fire,30,18,12
Fantabulous,korgath,1633,mage,fire,42,26,16
Merlu,silver-hand,1632,mage,fire,36,23,13
Zoobiz,tichondrius,1632,mage,fire,45,26,19
Vênsêr,emerald-dream,1631,mage,fire,42,24,18
Garbagemage,barthilas,1631,mage,fire,96,52,44
Pyrod,tichondrius,1630,mage,fire,88,46,42
Mxdeez,tichondrius,1628,mage,fire,94,58,36
Hugostiglets,dreadmaul,1628,mage,fire,66,40,26
Ârcano,ragnaros,1628,mage,fire,53,29,24
Orionmage,frostmourne,1628,mage,fire,99,52,47
Mudohir,stormrage,1627,mage,fire,58,29,29
Sky,lightnings-blade,1625,mage,fire,63,35,28
Littlejay,kelthuzad,1625,mage,fire,36,20,16
Jardz,area-52,1625,mage,fire,48,25,23
Kraftfull,azralon,1624,mage,fire,69,35,34
Sikeyzlol,bleeding-hollow,1623,mage,fire,30,17,13
Dârkus,sargeras,1623,mage,fire,152,80,72
Tweydey,tichondrius,1621,mage,fire,30,17,13
Yugedamn,nazjatar,1620,mage,fire,84,55,29
Kevymarts,tichondrius,1618,mage,fire,78,48,30
Plainblaine,illidan,1618,mage,fire,48,29,19
Sandylove,zuljin,1617,mage,fire,48,21,27
Corinthiax,wyrmrest-accord,1616,mage,fire,87,46,41
Audacy,sargeras,1615,mage,fire,173,89,84
Willzada,azralon,1614,mage,fire,93,49,44
Chickenspank,stormrage,1613,mage,fire,54,32,22
Worldonfire,ragnaros,1613,mage,fire,225,118,107
Formi,frostmourne,1611,mage,fire,88,41,47
Kawailenard,tichondrius,1610,mage,fire,30,22,8
Anuub,kelthuzad,1610,mage,fire,66,39,27
Chainpoly,area-52,1609,mage,fire,61,37,24
Marxeflamer,ragnaros,1609,mage,fire,50,26,24
Gigatuts,stormrage,1609,mage,fire,79,40,39
Toroy,wyrmrest-accord,1608,mage,fire,36,21,15
Vengefuly,tichondrius,1608,mage,fire,62,36,26
Hpthewizard,deathwing,1608,mage,fire,107,62,45
Crazytime,tichondrius,1608,mage,fire,72,41,31
Sheepxyz,thrall,1607,mage,fire,141,74,67
Sïthfù,tichondrius,1605,mage,fire,54,33,21
Magekylex,proudmoore,1604,mage,fire,176,99,77
Zarkanis,tichondrius,1604,mage,fire,49,25,24
Trippy,senjin,1604,mage,fire,84,41,43
Lantx,tichondrius,1603,mage,fire,30,24,6
Poonfarmer,zangarmarsh,1603,mage,fire,48,28,20
Domotricks,illidan,1603,mage,fire,90,48,42
Choccookies,illidan,1603,mage,fire,38,19,19
Fookz,malganis,1602,mage,fire,90,50,40
Omagawd,tichondrius,1602,mage,fire,39,20,19
Torched,stormreaver,1602,mage,fire,140,70,70
Mushys,stormrage,1601,mage,fire,35,22,13
Grynthwzrd,stormrage,1601,mage,fire,60,37,23
Hunchojack,tichondrius,1599,mage,fire,30,17,13
Bibi,ragnaros,1599,mage,fire,43,23,20
Kaylemage,tichondrius,1596,mage,fire,48,26,22
Sakurai,tichondrius,1593,mage,fire,48,28,20
Ross,deathwing,1593,mage,fire,35,18,17
Syntacks,lightnings-blade,1592,mage,fire,132,76,56
Tuniepop,sargeras,1592,mage,fire,94,45,49
Original,ysera,1590,mage,fire,36,20,16
Velvetlurker,tichondrius,1588,mage,fire,30,17,13
Xuxä,stormrage,1585,mage,fire,37,22,15
Cinns,moon-guard,1585,mage,fire,41,22,19
Kev,sentinels,1584,mage,fire,150,80,70
Coôler,illidan,1583,mage,fire,199,104,95
Pecs,kiljaeden,1583,mage,fire,42,19,23
Pzaz,moon-guard,1582,mage,fire,50,30,20
Biscobush,turalyon,1580,mage,fire,48,28,20
Pwnbolt,sargeras,1579,mage,fire,32,17,15
Engage,garrosh,1578,mage,fire,48,29,19
Wqnmlgbdy,tichondrius,1575,mage,fire,36,19,17
Marfaz,ravencrest,1567,mage,fire,144,72,72
Ingrumatig,tichondrius,1563,mage,fire,90,49,41
Agoniey,illidan,1562,mage,fire,92,51,41
Djpolymorph,stormrage,1560,mage,fire,108,60,48
Marrioo,tichondrius,1558,mage,fire,73,38,35
Erozbulls,ragnaros,1557,mage,fire,76,36,40
Sabrita,proudmoore,1552,mage,fire,78,38,40
Needloog,sargeras,1551,mage,fire,35,22,13
Wickymorph,barthilas,1549,mage,fire,53,25,28
Majjix,illidan,1547,mage,fire,36,22,14
Trolson,sargeras,1546,mage,fire,54,26,28
Mageonthc,korgath,1544,mage,fire,119,64,55
Cam,kul-tiras,1542,mage,fire,78,45,33
Jonboym,illidan,1539,mage,fire,42,25,17
Diewnuts,zuljin,1539,mage,fire,126,68,58
Frogbum,fizzcrank,1536,mage,fire,58,35,23
Imannoyingha,darkspear,1536,mage,fire,89,47,42
Themilkmaid,stormrage,1535,mage,fire,48,31,17
Chapelrat,sargeras,1531,mage,fire,30,16,14
Polypolypoly,kiljaeden,1531,mage,fire,93,49,44
Ultrá,stormscale,1529,mage,fire,90,52,38
Bajaoreily,zangarmarsh,1528,mage,fire,42,19,23
Ålmøst,tichondrius,1527,mage,fire,83,50,33
Koroshimasu,tichondrius,1522,mage,fire,30,19,11
Stickylol,tichondrius,1522,mage,fire,30,16,14
Dreadparadox,bleeding-hollow,1521,mage,fire,76,37,39
Iceward,frostmourne,1521,mage,fire,84,37,47
Coneofkony,bleeding-hollow,1519,mage,fire,42,27,15
Gadgítte,moon-guard,1519,mage,fire,42,24,18
Sparklepoof,tichondrius,1519,mage,fire,47,26,21
Wordd,malganis,1519,mage,fire,90,43,47
Teetems,sargeras,1516,mage,fire,146,74,72
Squishymage,frostmourne,1515,mage,fire,37,19,18
Toastedoats,hyjal,1514,mage,fire,109,59,50
Absentbrain,stormrage,1514,mage,fire,42,21,21
Hüz,frostmourne,1513,mage,fire,24,16,8
Fredcouples,tichondrius,1513,mage,fire,42,25,17
Pollocabron,bleeding-hollow,1512,mage,fire,30,16,14
Lilbabyx,stormrage,1512,mage,fire,134,69,65
Yooyar,barthilas,1512,mage,fire,251,125,126
Eazzybaby,eredar,1510,mage,fire,769,395,374
Øzmage,area-52,1509,mage,fire,33,21,12
Singheart,tichondrius,1509,mage,fire,186,94,92
Zënith,quelthalas,1506,mage,fire,24,16,8
Balmunc,proudmoore,1505,mage,fire,24,16,8
Blinkmind,stormrage,1501,mage,fire,30,16,14
Firèballin,tichondrius,1498,mage,fire,37,22,15
Mariomario,tichondrius,1498,mage,fire,120,66,54
Shimmerpoly,sargeras,1497,mage,fire,36,16,20
Allhitz,ragnaros,1496,mage,fire,42,28,14
Pòlly,illidan,1495,mage,fire,42,25,17
Ferdabombs,tichondrius,1493,mage,fire,154,84,70
Gimilzor,arthas,1492,mage,fire,177,96,81
Maxtorgar,quelthalas,1492,mage,fire,30,16,14
Sorgannon,malganis,1491,mage,fire,130,70,60
Crnomage,area-52,1490,mage,fire,35,18,17
Stooki,tichondrius,1490,mage,fire,36,16,20
Dårks,area-52,1486,mage,fire,42,21,21
Smallbrainz,emerald-dream,1485,mage,fire,84,47,37
Ritamaga,stormrage,1484,mage,fire,36,24,12
Fifthelëment,emerald-dream,1484,mage,fire,137,73,64
Waffles,ravencrest,1482,mage,fire,128,68,60
Mager,dentarg,1479,mage,fire,68,42,26
Morbøl,tichondrius,1478,mage,fire,82,50,32
Fruitdealerr,tichondrius,1478,mage,fire,108,54,54
Ruzam,area-52,1477,mage,fire,90,46,44
Pyroshima,barthilas,1477,mage,fire,137,67,70
Hannahaa,area-52,1475,mage,fire,65,37,28
Xanthan,runetotem,1475,mage,fire,78,42,36
Unknownblast,kul-tiras,1473,mage,fire,37,18,19
Vamplol,tichondrius,1471,mage,fire,29,16,13
Siayo,stormscale,1471,mage,fire,51,18,33
Jööz,deathwing,1470,mage,fire,81,40,41
Anàrchy,emerald-dream,1469,mage,fire,51,29,22
Connorq,stormrage,1467,mage,fire,62,35,27
Ghostofkiev,area-52,1461,mage,fire,41,30,11
Frostpimp,anubarak,1460,mage,fire,60,22,38
Jojomage,thrall,1456,mage,fire,155,79,76
Magicmaghar,area-52,1456,mage,fire,78,38,40
Coldcaster,mugthol,1455,mage,fire,92,53,39
Aerligar,area-52,1455,mage,fire,36,20,16
Sydrol,area-52,1455,mage,fire,183,96,87
Minerves,tichondrius,1455,mage,fire,40,18,22
Snanth,black-dragonflight,1453,mage,fire,81,46,35
Coltrip,azralon,1450,mage,fire,113,56,57
Bettybonk,cenarius,1449,mage,fire,42,20,22
Jundead,dalaran,1445,mage,fire,85,50,35
Gasolína,stormrage,1436,mage,fire,84,48,36
Flavaflame,mugthol,1433,mage,fire,48,29,19
Grandpapi,arthas,1433,mage,fire,35,20,15
Etyx,tichondrius,1431,mage,fire,66,30,36
Juul,emerald-dream,1430,mage,fire,156,75,81
Jjijuns,tichondrius,1428,mage,fire,98,51,47
Grymorum,ragnaros,1428,mage,fire,48,20,28
Kryptekk,area-52,1426,mage,fire,60,31,29
Skryte,mannoroth,1426,mage,fire,100,49,51
Hoçuspoçus,moon-guard,1426,mage,fire,95,44,51
Streetember,nemesis,1424,mage,fire,84,36,48
Cubanmage,drakkari,1423,mage,fire,30,19,11
Polymedaddi,tichondrius,1423,mage,fire,110,47,63
Elwyn,dunemaul,1415,mage,fire,66,34,32
Toaststrudel,tichondrius,1413,mage,fire,106,52,54
Iampainn,kiljaeden,1412,mage,fire,24,15,9
Skoffla,executus,1411,mage,fire,48,25,23
Trevihl,malganis,1409,mage,fire,60,34,26
Lilmj,kelthuzad,1407,mage,fire,64,31,33
Zstyle,frostmourne,1406,mage,fire,113,62,51
Snuurf,ragnaros,1406,mage,fire,66,34,32
Aulle,whisperwind,1405,mage,fire,24,15,9
Jizzlez,tichondrius,1405,mage,fire,53,26,27
Hogslop,saurfang,1405,mage,fire,35,15,20
Flame,arthas,1404,mage,fire,90,48,42
Jnxzx,sargeras,1403,mage,fire,30,20,10
Nerfdestro,illidan,1403,mage,fire,30,16,14
Faetalm,tichondrius,1402,mage,fire,144,67,77
Mayumî,moon-guard,1401,mage,fire,34,18,16
Quikcast,archimonde,1401,mage,fire,36,15,21
Whiteyx,saurfang,1399,mage,fire,52,29,23
Cumbus,stormrage,1399,mage,fire,48,15,33
Discoinferno,kelthuzad,1398,mage,fire,29,16,13
Cokézero,frostmourne,1397,mage,fire,60,32,28
Eekzlol,illidan,1396,mage,fire,41,19,22
Isendra,bleeding-hollow,1391,mage,fire,47,23,24
Gødvana,frostmourne,1390,mage,fire,63,36,27
Purpledrank,nagrand,1389,mage,fire,97,45,52
Slicktrik,area-52,1387,mage,fire,29,15,14
Leaso,tichondrius,1384,mage,fire,45,22,23
Marajaade,tichondrius,1384,mage,fire,107,51,56
Tamarolfrost,illidan,1382,mage,fire,55,29,26
Wïzarduous,mannoroth,1380,mage,fire,78,41,37
Shírley,tichondrius,1379,mage,fire,48,24,24
Dearasian,ragnaros,1377,mage,fire,77,42,35
Magiaguarra,ragnaros,1377,mage,fire,60,29,31
Magiebaby,bleeding-hollow,1376,mage,fire,30,16,14
Aliive,tichondrius,1375,mage,fire,30,16,14
Mirimida,ragnaros,1375,mage,fire,293,151,142
Hempy,mannoroth,1374,mage,fire,67,31,36
Eatnu,tichondrius,1374,mage,fire,36,16,20
Aarne,thrall,1373,mage,fire,58,27,31
Högnues,tichondrius,1371,mage,fire,30,15,15
Wzrdxz,tichondrius,1370,mage,fire,36,17,19
Nukeit,azgalor,1366,mage,fire,54,28,26
Melkra,tichondrius,1366,mage,fire,76,38,38
Garungar,antonidas,1361,mage,fire,24,15,9
Babysharky,uther,1360,mage,fire,58,25,33
Frðstítutè,tichondrius,1357,mage,fire,30,16,14
Beerandmagic,zuljin,1354,mage,fire,60,24,36
Gribbets,stormrage,1353,mage,fire,39,22,17
Rhykx,malganis,1353,mage,fire,29,15,14
Licklix,tichondrius,1350,mage,fire,76,45,31
Baelthezer,moon-guard,1350,mage,fire,46,27,19
Alàh,stormscale,1349,mage,fire,46,23,23
Wakkaflame,stormrage,1348,mage,fire,78,33,45
Nevercs,malganis,1346,mage,fire,30,18,12
Prinseza,quelthalas,1345,mage,fire,55,27,28
Badaszbich,tichondrius,1344,mage,fire,36,20,16
Realzedx,sargeras,1341,mage,fire,18,14,4
Magecombe,thrall,1341,mage,fire,18,14,4
Raisonmage,tichondrius,1341,mage,fire,96,44,52
Keepv,tichondrius,1340,mage,fire,24,14,10
Codeine,darkspear,1339,mage,fire,29,18,11
Putridìty,thrall,1339,mage,fire,42,26,16
Subscribe,malganis,1336,mage,fire,48,22,26
Zerathremar,proudmoore,1335,mage,fire,27,15,12
Búrsting,kelthuzad,1334,mage,fire,31,16,15
Bis,aggramar,1333,mage,fire,24,14,10
Sahala,frostmourne,1333,mage,fire,60,25,35
Wíntersun,frostmourne,1329,mage,fire,42,29,13
Tmharp,tichondrius,1328,mage,fire,38,22,16
Alzagen,ragnaros,1326,mage,fire,92,47,45
Chudini,ragnaros,1324,mage,fire,28,15,13
Saggytits,blackrock,1323,mage,fire,37,18,19
Archtype,azralon,1321,mage,fire,24,17,7
Coldrin,tichondrius,1320,mage,fire,58,27,31
Mageyoulooks,kelthuzad,1316,mage,fire,54,25,29
Daggoe,nazjatar,1315,mage,fire,51,29,22
Magination,frostmourne,1313,mage,fire,48,22,26
Carnelius,bleeding-hollow,1312,mage,fire,83,42,41
Mageyoulooks,shattered-hand,1311,mage,fire,42,21,21
Quizzard,blackrock,1310,mage,fire,28,15,13
Highafrn,area-52,1309,mage,fire,58,35,23
Snoü,proudmoore,1309,mage,fire,42,14,28
Xunalatu,frostmourne,1304,mage,fire,42,23,19
Cymbalta,azralon,1303,mage,fire,65,40,25
Gö,tichondrius,1302,mage,fire,36,15,21
Supermajor,frostmourne,1301,mage,fire,49,24,25
Christjan,tichondrius,1295,mage,fire,305,157,148
Helpmestpbro,sargeras,1295,mage,fire,36,14,22
Itension,tichondrius,1293,mage,fire,84,48,36
Midewmage,proudmoore,1292,mage,fire,77,32,45
Rudeswizard,area-52,1291,mage,fire,73,32,41
Arcánè,velen,1288,mage,fire,28,15,13
Hanxiaowu,tichondrius,1287,mage,fire,26,18,8
Degenhours,illidan,1285,mage,fire,36,17,19
Tigang,frostmourne,1282,mage,fire,105,54,51
Hypernova,vashj,1277,mage,fire,41,19,22
Raynark,nemesis,1276,mage,fire,36,20,16
Adrazell,sargeras,1275,mage,fire,48,22,26
Vecina,tichondrius,1271,mage,fire,26,14,12
Vecna,tichondrius,1269,mage,fire,30,18,12
Helcarwen,area-52,1261,mage,fire,60,30,30
Psycles,dragonmaw,1261,mage,fire,66,28,38
Adronicus,tichondrius,1260,mage,fire,72,36,36
Zulugara,barthilas,1258,mage,fire,36,19,17
Dicmojo,area-52,1255,mage,fire,24,16,8
Sasghengis,frostmourne,1255,mage,fire,108,62,46
Absolutepowa,bleeding-hollow,1255,mage,fire,26,14,12
Abzy,sargeras,1254,mage,fire,84,41,43
Reddfire,proudmoore,1253,mage,fire,42,15,27
Lorlene,frostmourne,1252,mage,fire,54,27,27
Kronicblast,bleeding-hollow,1251,mage,fire,87,38,49
Pyroflinger,stormrage,1250,mage,fire,174,81,93
Mordonius,azralon,1249,mage,fire,31,14,17
Skywalkerino,azralon,1248,mage,fire,42,27,15
Christensen,stormrage,1248,mage,fire,36,20,16
Glaucus,illidan,1247,mage,fire,18,13,5
Gominsi,tichondrius,1247,mage,fire,18,13,5
Vedo,tichondrius,1247,mage,fire,18,13,5
Demik,exodar,1247,mage,fire,42,20,22
Gelokay,tichondrius,1245,mage,fire,18,13,5
Novice,barthilas,1242,mage,fire,53,29,24
Bheezemm,area-52,1242,mage,fire,24,13,11
Hittheshower,tichondrius,1241,mage,fire,24,13,11
Tribes,dalaran,1240,mage,fire,24,13,11
Gualter,nemesis,1239,mage,fire,36,15,21
Zaleaqt,icecrown,1236,mage,fire,24,13,11
Blinksz,korgath,1235,mage,fire,30,13,17
Politeness,tichondrius,1233,mage,fire,24,13,11
Mongomike,stormrage,1233,mage,fire,69,30,39
Dragonie,nordrassil,1232,mage,fire,57,29,28
Joobi,sargeras,1232,mage,fire,36,13,23
Slumpgodd,frostmourne,1230,mage,fire,30,13,17
Bigmêan,boulderfist,1226,mage,fire,30,13,17
Nevernüde,sargeras,1225,mage,fire,24,13,11
Smigui,azralon,1225,mage,fire,221,104,117
Drippymack,sargeras,1222,mage,fire,34,20,14
Spellbrker,stormrage,1221,mage,fire,42,18,24
Zinnos,tichondrius,1218,mage,fire,30,13,17
Vanairel,emerald-dream,1216,mage,fire,30,18,12
Abrhamblinkn,tichondrius,1215,mage,fire,51,27,24
Genthruz,ragnaros,1215,mage,fire,48,22,26
Burist,illidan,1214,mage,fire,50,26,24
Fíery,blades-edge,1211,mage,fire,90,42,48
Halfsquad,malfurion,1208,mage,fire,24,13,11
Feogato,proudmoore,1206,mage,fire,90,43,47
Pyrotactics,sargeras,1205,mage,fire,46,17,29
Icepond,proudmoore,1204,mage,fire,24,14,10
Hànk,tichondrius,1200,mage,fire,52,24,28
Mageolisious,kelthuzad,1197,mage,fire,52,24,28
Letitgoo,azralon,1196,mage,fire,67,30,37
Icewrld,nemesis,1193,mage,fire,32,14,18
Dorkski,bleeding-hollow,1191,mage,fire,205,96,109
Hositonet,malganis,1188,mage,fire,78,40,38
Whilly,nagrand,1188,mage,fire,63,26,37
Eanur,azralon,1188,mage,fire,55,22,33
Jellycheese,frostmourne,1188,mage,fire,36,14,22
Sorrenton,sargeras,1186,mage,fire,41,23,18
Esfire,frostmourne,1185,mage,fire,48,23,25
Clapsyou,illidan,1182,mage,fire,36,14,22
Vamkari,ragnaros,1178,mage,fire,42,23,19
Zonmague,drakkari,1177,mage,fire,36,17,19
Xgrave,sargeras,1171,mage,fire,33,14,19
Othokk,tichondrius,1170,mage,fire,48,21,27
Certifried,emerald-dream,1169,mage,fire,26,13,13
Zancro,ragnaros,1160,mage,fire,48,19,29
Iguanodon,proudmoore,1159,mage,fire,56,29,27
Freez,garona,1158,mage,fire,33,14,19
Gradmage,proudmoore,1156,mage,fire,50,20,30
Maxvila,kelthuzad,1152,mage,fire,18,12,6
Technique,tichondrius,1151,mage,fire,18,12,6
Kazmir,area-52,1151,mage,fire,21,13,8
Mágos,stormrage,1150,mage,fire,18,12,6
Erlendr,moon-guard,1150,mage,fire,88,47,41
Bøfa,tichondrius,1149,mage,fire,18,12,6
Famouz,area-52,1148,mage,fire,28,12,16
Phantose,sargeras,1147,mage,fire,40,14,26
Pyrepad,moon-guard,1145,mage,fire,45,23,22
Fleët,tichondrius,1139,mage,fire,18,12,6
Darkisfrosty,tichondrius,1139,mage,fire,32,12,20
Incidium,darkspear,1138,mage,fire,24,12,12
Zafel,tichondrius,1138,mage,fire,24,12,12
Tonydippin,illidan,1137,mage,fire,30,12,18
Nachtt,sargeras,1136,mage,fire,24,12,12
Usirfail,bleeding-hollow,1133,mage,fire,30,12,18
Gnarwallx,stormrage,1132,mage,fire,30,12,18
Burstyboi,frostmourne,1131,mage,fire,31,19,12
Frogpapi,illidan,1131,mage,fire,76,38,38
Alondrah,nazjatar,1130,mage,fire,36,14,22
Brutalatops,terenas,1129,mage,fire,18,12,6
Pyromidget,khazgoroth,1125,mage,fire,30,17,13
Xzilence,aerie-peak,1118,mage,fire,30,12,18
Keionti,dalaran,1115,mage,fire,28,14,14
Sánzunokawa,quelthalas,1109,mage,fire,27,16,11
Tráshmage,zuljin,1108,mage,fire,23,12,11
Aphazia,kiljaeden,1104,mage,fire,54,28,26
Boptimus,moonrunner,1103,mage,fire,30,17,13
Noescaping,illidan,1102,mage,fire,24,12,12
Marrika,amanthul,1102,mage,fire,36,15,21
Priyel,hyjal,1101,mage,fire,36,17,19
Saladguy,thrall,1101,mage,fire,48,17,31
Wawakun,ragnaros,1098,mage,fire,42,19,23
Rhythmdog,tichondrius,1097,mage,fire,19,14,5
Guccilaflur,proudmoore,1097,mage,fire,51,22,29
Gempette,tichondrius,1095,mage,fire,23,12,11
Wazzerd,moon-guard,1093,mage,fire,27,12,15
Enchantress,wyrmrest-accord,1092,mage,fire,23,12,11
Coldblooded,zuljin,1090,mage,fire,88,40,48
Kazare,quelthalas,1089,mage,fire,75,35,40
Mithroyy,tichondrius,1087,mage,fire,16,12,4
Baduf,azralon,1087,mage,fire,29,13,16
Noyade,illidan,1074,mage,fire,36,15,21
Senegau,azralon,1073,mage,fire,83,45,38
Cána,stormrage,1073,mage,fire,86,39,47
Pyromaster,emerald-dream,1071,mage,fire,30,13,17
Pikoda,azralon,1066,mage,fire,28,12,16
Hýdro,ghostlands,1063,mage,fire,84,47,37
Exiledmage,area-52,1056,mage,fire,12,11,1
Moogician,aerie-peak,1055,mage,fire,18,11,7
Fuegomage,tichondrius,1055,mage,fire,18,11,7
Flaux,sargeras,1055,mage,fire,18,11,7
Icyfate,stormrage,1055,mage,fire,18,11,7
Nerothoz,azralon,1055,mage,fire,30,11,19
Porthúb,illidan,1054,mage,fire,18,11,7
Piratecaster,kargath,1054,mage,fire,18,11,7
Melkdud,wyrmrest-accord,1054,mage,fire,18,11,7
Mageboy,bonechewer,1054,mage,fire,18,11,7
Whyze,malganis,1054,mage,fire,18,11,7
Alorae,wyrmrest-accord,1054,mage,fire,18,11,7
Skw,sargeras,1053,mage,fire,18,11,7
Toteypotter,frostmourne,1053,mage,fire,24,11,13
Chanko,bleeding-hollow,1052,mage,fire,24,11,13
Muhfin,tichondrius,1051,mage,fire,24,11,13
Orianne,windrunner,1050,mage,fire,31,21,10
Zobbzz,frostmourne,1050,mage,fire,30,17,13
Radakos,emerald-dream,1050,mage,fire,24,11,13
Kiz,zuljin,1050,mage,fire,24,11,13
Zaxrie,malganis,1049,mage,fire,18,11,7
Magalí,nemesis,1049,mage,fire,78,33,45
Harlloo,the-underbog,1049,mage,fire,30,11,19
Notafiremage,skullcrusher,1046,mage,fire,18,11,7
Pyroeuphoria,dark-iron,1044,mage,fire,32,13,19
Xenagozs,antonidas,1042,mage,fire,24,11,13
Scmage,exodar,1040,mage,fire,30,11,19
Béssie,area-52,1038,mage,fire,104,55,49
Savanali,kelthuzad,1036,mage,fire,17,11,6
Riencë,tol-barad,1036,mage,fire,30,11,19
Vaxís,proudmoore,1032,mage,fire,18,11,7
Trollsita,thrall,1028,mage,fire,24,12,12
Zniper,emerald-dream,1027,mage,fire,78,40,38
Guccii,bleeding-hollow,1022,mage,fire,30,12,18
Søkø,tichondrius,1021,mage,fire,38,18,20
Suhzero,skullcrusher,1020,mage,fire,30,16,14
Asönia,illidan,1020,mage,fire,30,11,19
Suicune,area-52,1019,mage,fire,23,11,12
Coldarei,nagrand,1010,mage,fire,39,19,20
Frozun,sargeras,998,mage,fire,22,12,10
Theodosa,frostmourne,988,mage,fire,18,11,7
Ispell,tichondrius,983,mage,fire,115,49,66
Øgum,goldrinn,975,mage,fire,26,12,14
Shashyta,drakkari,974,mage,fire,66,18,48
Hotjazzfarts,sargeras,971,mage,fire,67,37,30
Endmepls,ysera,965,mage,fire,96,40,56
Loopsyliu,stormrage,960,mage,fire,12,10,2
Deathlist,frostmourne,960,mage,fire,12,10,2
Cruelhabbits,tichondrius,960,mage,fire,12,10,2
Refreshments,bleeding-hollow,960,mage,fire,18,10,8
Aeg,stormrage,960,mage,fire,18,10,8
Tupactopus,tichondrius,960,mage,fire,18,10,8
Pollybot,tichondrius,959,mage,fire,12,10,2
Drookzz,illidan,959,mage,fire,12,10,2
Vîgïl,feathermoon,959,mage,fire,18,10,8
Arcturuss,sargeras,959,mage,fire,18,10,8
Rendézvous,tichondrius,959,mage,fire,18,10,8
Mokelovin,sargeras,959,mage,fire,18,10,8
Astanadora,tichondrius,959,mage,fire,18,10,8
Thalanar,barthilas,959,mage,fire,18,10,8
Zakume,stormrage,958,mage,fire,18,10,8
Ohnostepbro,malfurion,958,mage,fire,18,10,8
Pendrake,sargeras,958,mage,fire,18,10,8
Pantsbeard,illidan,958,mage,fire,18,10,8
Flamiohotman,illidan,958,mage,fire,19,10,9
Büki,kelthuzad,957,mage,fire,18,10,8
Preceptør,azralon,957,mage,fire,24,10,14
Osh,malorne,957,mage,fire,24,10,14
Alunarassra,tichondrius,956,mage,fire,24,10,14
Wolfgangs,thrall,955,mage,fire,18,10,8
Zäriks,kelthuzad,954,mage,fire,24,10,14
Ripburn,stormrage,953,mage,fire,47,20,27
Scrúmp,tichondrius,953,mage,fire,24,10,14
Kabbalx,stormrage,952,mage,fire,18,10,8
Zukoprince,azralon,950,mage,fire,12,10,2
Grisherina,quelthalas,949,mage,fire,30,10,20
Brànd,antonidas,947,mage,fire,18,11,7
Abstractgoat,tichondrius,946,mage,fire,30,15,15
Astroblasty,tichondrius,946,mage,fire,30,10,20
Ashex,moon-guard,938,mage,fire,30,11,19
Rammers,coilfang,935,mage,fire,12,10,2
Zendrix,bonechewer,933,mage,fire,36,13,23
Trepid,illidan,931,mage,fire,30,13,17
Xxnova,moon-guard,927,mage,fire,30,11,19
Swiftyniifty,area-52,926,mage,fire,54,15,39
Ops,frostmourne,913,mage,fire,202,102,100
Dìus,malganis,909,mage,fire,29,10,19
Alywgard,sargeras,894,mage,fire,22,10,12
Beji,frostmourne,894,mage,fire,38,17,21
Vakina,tichondrius,892,mage,fire,33,11,22
Tungstentoes,shuhalo,890,mage,fire,22,13,9
Alaramaria,sargeras,886,mage,fire,18,10,8
Palruki,tichondrius,880,mage,fire,26,11,15
Jaywazz,tichondrius,879,mage,fire,13,10,3
Jaysaucetv,tichondrius,878,mage,fire,19,10,9
Bloomper,stormrage,877,mage,fire,68,20,48
Nakana,area-52,875,mage,fire,52,25,27
Strêss,kelthuzad,870,mage,fire,22,12,10
Itizar,frostmourne,864,mage,fire,12,9,3
Rubybest,tichondrius,864,mage,fire,12,9,3
Edgkey,illidan,864,mage,fire,12,9,3
Playsfrost,skullcrusher,864,mage,fire,12,9,3
Alcapwn,kelthuzad,864,mage,fire,12,9,3
Amage,drakthul,864,mage,fire,18,9,9
Ñïz,bleeding-hollow,864,mage,fire,18,9,9
Bmd,thrall,863,mage,fire,12,9,3
Trés,ragnaros,863,mage,fire,12,9,3
Fullsheep,emerald-dream,863,mage,fire,12,9,3
Triuneward,tichondrius,863,mage,fire,18,9,9
Urbadxd,llane,863,mage,fire,18,9,9
Sos,kelthuzad,863,mage,fire,18,9,9
Dabsx,moon-guard,863,mage,fire,18,9,9
Gtown,kelthuzad,863,mage,fire,18,9,9
Ddouble,tichondrius,863,mage,fire,18,9,9
Wienerjeff,area-52,863,mage,fire,18,9,9
Renoria,norgannon,863,mage,fire,18,9,9
Octané,illidan,863,mage,fire,18,9,9
Kryomaniac,frostmourne,863,mage,fire,18,9,9
Avócadó,malganis,863,mage,fire,24,9,15
Fròzen,moon-guard,862,mage,fire,12,9,3
Kawner,crushridge,862,mage,fire,18,9,9
Desfunz,mugthol,862,mage,fire,18,9,9
Hiona,illidan,862,mage,fire,24,9,15
Atsumori,thrall,861,mage,fire,24,9,15
Garion,moon-guard,860,mage,fire,20,9,11
Muffhugga,dalaran,860,mage,fire,24,9,15
Magja,bloodhoof,859,mage,fire,18,9,9
Skynhet,ragnaros,859,mage,fire,24,9,15
Product,mugthol,858,mage,fire,18,9,9
Gadalka,frostmourne,857,mage,fire,18,9,9
Calínico,quelthalas,857,mage,fire,30,9,21
Drewzz,tichondrius,856,mage,fire,14,9,5
Bàttlemage,nagrand,855,mage,fire,88,44,44
Wetworx,illidan,855,mage,fire,18,9,9
Dreaming,draktharon,855,mage,fire,18,9,9
Dánó,lightbringer,843,mage,fire,62,26,36
Umber,dreadmaul,829,mage,fire,17,9,8
Rageymagey,azshara,816,mage,fire,36,9,27
Assani,ragnaros,815,mage,fire,11,9,2
Sossmage,jaedenar,815,mage,fire,15,9,6
Ljaie,lightbringer,813,mage,fire,19,9,10
Neroclover,ysera,810,mage,fire,36,9,27
Pyrlos,terokkar,808,mage,fire,30,12,18
Yeweiliang,tichondrius,800,mage,fire,16,9,7
Jerrycurls,illidan,799,mage,fire,14,9,5
Xinsol,illidan,799,mage,fire,14,9,5
Arcanemain,kargath,799,mage,fire,42,18,24
Drewann,draenor,799,mage,fire,22,9,13
Dandrix,sargeras,768,mage,fire,12,8,4
Voljezus,jubeithos,768,mage,fire,12,8,4
Kyliec,tichondrius,768,mage,fire,12,8,4
Pherixsw,stormrage,768,mage,fire,12,8,4
Déathmask,drakkari,768,mage,fire,12,8,4
Delibros,tichondrius,768,mage,fire,12,8,4
Ferchu,emerald-dream,768,mage,fire,18,8,10
Sunstry,tichondrius,768,mage,fire,18,8,10
Castana,tichondrius,768,mage,fire,18,8,10
Criptonx,tichondrius,768,mage,fire,18,8,10
Hexed,kiljaeden,767,mage,fire,12,8,4
Fuhbar,stormreaver,767,mage,fire,12,8,4
Zajebisty,aegwynn,767,mage,fire,12,8,4
Fireland,ragnaros,767,mage,fire,12,8,4
Magedango,bleeding-hollow,767,mage,fire,12,8,4
Svenny,tichondrius,767,mage,fire,12,8,4
Magichammer,arthas,767,mage,fire,12,8,4
Klavin,bleeding-hollow,767,mage,fire,13,8,5
Rhoadies,malfurion,767,mage,fire,18,8,10
Herzthroh,stormrage,767,mage,fire,18,8,10
Shmoked,kelthuzad,767,mage,fire,18,8,10
Snowday,nerzhul,767,mage,fire,18,8,10
Laradria,kiljaeden,767,mage,fire,18,8,10
Earff,kiljaeden,767,mage,fire,18,8,10
Preplex,thrall,767,mage,fire,18,8,10
Johntar,bloodscalp,767,mage,fire,18,8,10
Mastacombust,illidan,767,mage,fire,18,8,10
Mccorkle,azshara,767,mage,fire,21,9,12
Masulí,hellscream,767,mage,fire,19,8,11
Wayferz,illidan,767,mage,fire,24,8,16
Toelicka,frostmourne,766,mage,fire,12,8,4
Ashenlad,moon-guard,766,mage,fire,18,8,10
Playdohsx,frostmourne,766,mage,fire,18,8,10
Numz,sargeras,766,mage,fire,18,8,10
Havôc,malorne,766,mage,fire,18,8,10
Tarmiel,quelthalas,765,mage,fire,24,8,16
Magicmaster,quelthalas,765,mage,fire,24,8,16
Yusen,tichondrius,764,mage,fire,18,8,10
Wetguuch,area-52,763,mage,fire,18,8,10
Bennyhana,frostwolf,761,mage,fire,12,8,4
Dayv,azshara,760,mage,fire,30,8,22
Ärià,sargeras,757,mage,fire,18,8,10
Kibazn,sisters-of-elune,745,mage,fire,23,8,15
Yasmani,drakkari,738,mage,fire,28,11,17
Chiatsup,tichondrius,720,mage,fire,15,9,6
Eromir,dawnbringer,704,mage,fire,16,8,8
Umbriël,quelthalas,703,mage,fire,11,8,3
Felsparkles,area-52,703,mage,fire,17,8,9
Flippendicus,stormrage,697,mage,fire,36,9,27
Chukii,darkspear,686,mage,fire,13,8,5
Shmagee,azralon,684,mage,fire,13,8,5
Wînx,barthilas,672,mage,fire,12,7,5
Tbh,malganis,672,mage,fire,12,7,5
Frankkie,mugthol,672,mage,fire,12,7,5
Warpfactor,malganis,672,mage,fire,12,7,5
Shaytime,tichondrius,672,mage,fire,12,7,5
Gromora,bleeding-hollow,672,mage,fire,12,7,5
Coldkite,tichondrius,672,mage,fire,12,7,5
Osirax,frostmane,672,mage,fire,12,7,5
Bootyslayerx,illidan,672,mage,fire,12,7,5
Silimage,area-52,672,mage,fire,12,7,5
Koadic,zuljin,672,mage,fire,12,7,5
Belven,proudmoore,672,mage,fire,12,7,5
Mârdûk,sargeras,672,mage,fire,12,7,5
Nattylites,emerald-dream,672,mage,fire,12,7,5
Youezdawg,tichondrius,672,mage,fire,12,7,5
Onlyfansgeno,sargeras,672,mage,fire,12,7,5
Tuggernaug,malganis,672,mage,fire,12,7,5
Sogood,tanaris,672,mage,fire,18,7,11
Strumms,tichondrius,672,mage,fire,18,7,11
Bic,darrowmere,672,mage,fire,18,7,11
Marther,whisperwind,672,mage,fire,18,7,11
Pòpsmóke,tichondrius,672,mage,fire,18,7,11
Vastlord,stormrage,672,mage,fire,18,7,11
Rennifer,malganis,672,mage,fire,21,8,13
Lucidaze,daggerspine,671,mage,fire,12,7,5
Roseofsharon,tichondrius,671,mage,fire,12,7,5
Blastfire,stormrage,671,mage,fire,12,7,5
Mymrmage,mannoroth,671,mage,fire,12,7,5
Keileon,tichondrius,671,mage,fire,12,7,5
Yòkai,tichondrius,671,mage,fire,12,7,5
Ásune,moon-guard,671,mage,fire,12,7,5
Milambehr,elune,671,mage,fire,12,7,5
Ejzok,dreadmaul,671,mage,fire,18,7,11
Rieltar,barthilas,671,mage,fire,18,7,11
Maressara,sargeras,671,mage,fire,18,7,11
Defaultx,turalyon,671,mage,fire,18,7,11
Xroz,barthilas,671,mage,fire,24,7,17
Fanshen,tichondrius,670,mage,fire,17,7,10
Ddeuuk,tichondrius,670,mage,fire,18,7,11
Tmo,mannoroth,670,mage,fire,24,7,17
Chale,tichondrius,668,mage,fire,24,7,17
Baelzharon,hellscream,667,mage,fire,18,7,11
Berrur,azralon,663,mage,fire,18,7,11
Vonfrmdao,illidan,624,mage,fire,15,8,7
Feenìx,tichondrius,618,mage,fire,12,8,4
Isoicast,moon-guard,609,mage,fire,25,11,14
Aofa,sargeras,607,mage,fire,11,7,4
Smalldog,malganis,607,mage,fire,11,7,4
Littlemunkee,the-venture-co,607,mage,fire,16,7,9
Slipqt,tichondrius,607,mage,fire,22,7,15
Chumleyson,eonar,606,mage,fire,14,7,7
Mômö,argent-dawn,606,mage,fire,22,7,15
Chrisxo,azuremyst,576,mage,fire,6,6,0
Mzr,proudmoore,576,mage,fire,6,6,0
Gnitraf,malganis,576,mage,fire,12,6,6
Stratokvn,ragnaros,576,mage,fire,12,6,6
Zenzoh,azuremyst,576,mage,fire,12,6,6
Magicmichel,malganis,576,mage,fire,12,6,6
Plutón,tichondrius,576,mage,fire,12,6,6
Magnificaxd,area-52,576,mage,fire,12,6,6
Polyenjoyerx,ysera,576,mage,fire,12,6,6
Yupmage,tichondrius,576,mage,fire,12,6,6
Themageguy,eitrigg,576,mage,fire,12,6,6
Orangemilk,hyjal,576,mage,fire,12,6,6
Magicmidget,malganis,576,mage,fire,12,6,6
Cuterthanyou,sargeras,576,mage,fire,12,6,6
Frostboy,borean-tundra,576,mage,fire,12,6,6
Sourpatchkds,emerald-dream,576,mage,fire,12,6,6
Rbn,tichondrius,576,mage,fire,12,6,6
Catchmage,bleeding-hollow,576,mage,fire,12,6,6
Jajaragnaros,bleeding-hollow,576,mage,fire,12,6,6
Wakamage,area-52,576,mage,fire,12,6,6
Myfamilygpie,nazgrel,576,mage,fire,12,6,6
Crøwgxd,tichondrius,576,mage,fire,12,6,6
Emìlia,malygos,576,mage,fire,12,6,6
Ghili,tichondrius,576,mage,fire,12,6,6
Kylar,icecrown,576,mage,fire,12,6,6
Vyzo,stormrage,576,mage,fire,12,6,6
Kennyb,illidan,576,mage,fire,12,6,6
Tearsfórgód,kelthuzad,576,mage,fire,12,6,6
Yourefat,emerald-dream,576,mage,fire,14,6,8
Lambsalsa,tichondrius,576,mage,fire,18,6,12
Inflow,barthilas,576,mage,fire,18,6,12
Stimml,blood-furnace,576,mage,fire,18,6,12
Abruaa,area-52,576,mage,fire,18,6,12
Shivamode,thrall,576,mage,fire,18,6,12
Udó,proudmoore,576,mage,fire,18,6,12
Choccoeu,illidan,576,mage,fire,20,6,14
Mkownzz,tichondrius,575,mage,fire,6,6,0
Insightæ,frostmourne,575,mage,fire,10,7,3
Tigerzinho,stormrage,575,mage,fire,12,6,6
Ellywizzle,tichondrius,575,mage,fire,12,6,6
Minuswizard,dalaran,575,mage,fire,12,6,6
Gittigittigo,tichondrius,575,mage,fire,12,6,6
Faxandu,tichondrius,575,mage,fire,18,6,12
Teemage,drakthul,575,mage,fire,18,6,12
Pugsmugg,icecrown,575,mage,fire,18,6,12
Eraticmage,illidan,575,mage,fire,24,6,18
Spellpowa,khaz-modan,574,mage,fire,12,6,6
Pellemus,malganis,574,mage,fire,12,6,6
Ghostblaze,blackhand,573,mage,fire,18,6,12
Reini,agamaggan,573,mage,fire,18,6,12
Calcaster,aegwynn,573,mage,fire,19,6,13
Xannymancan,tichondrius,573,mage,fire,30,6,24
Dedlyspells,dalaran,572,mage,fire,12,6,6
Navira,feathermoon,572,mage,fire,12,6,6
Itslilme,gurubashi,567,mage,fire,12,6,6
Jarvase,mugthol,558,mage,fire,11,6,5
Shotö,skullcrusher,558,mage,fire,23,6,17
Ordroth,borean-tundra,544,mage,fire,16,6,10
Thragè,sargeras,543,mage,fire,11,6,5
Magicke,azgalor,542,mage,fire,22,6,16
Danmar,durotan,527,mage,fire,11,6,5
Turtles,the-venture-co,527,mage,fire,11,6,5
Nuzzle,boulderfist,521,mage,fire,15,7,8
Ghostrr,tichondrius,511,mage,fire,8,6,2
Yamitenshi,dalaran,511,mage,fire,20,6,14
Stinkywinky,cairne,480,mage,fire,6,5,1
Zirkur,mannoroth,480,mage,fire,6,5,1
Slavic,sargeras,480,mage,fire,6,5,1
Dmgperseç,tichondrius,480,mage,fire,6,5,1
Aimeim,tichondrius,480,mage,fire,6,5,1
Bandmaid,emerald-dream,480,mage,fire,6,5,1
Shaabby,shadowmoon,480,mage,fire,6,5,1
Rooturus,caelestrasz,480,mage,fire,6,5,1
Aycc,tichondrius,480,mage,fire,6,5,1
Jonasbollack,illidan,480,mage,fire,6,5,1
Zaiyge,bleeding-hollow,480,mage,fire,6,5,1
Porthub,boulderfist,480,mage,fire,6,5,1
Tjofmajik,stormrage,480,mage,fire,6,5,1
Freezze,malganis,480,mage,fire,6,5,1
Frosttwoop,moon-guard,480,mage,fire,6,5,1
Maxmie,sargeras,480,mage,fire,6,5,1
Emetselchm,tichondrius,480,mage,fire,6,5,1
Hocusjokus,frostmourne,480,mage,fire,6,5,1
Badwoman,tichondrius,480,mage,fire,6,5,1
Frostynips,argent-dawn,480,mage,fire,6,5,1
Diminisher,agamaggan,480,mage,fire,9,5,4
Dbsheep,kul-tiras,480,mage,fire,12,5,7
Diamondx,ragnaros,480,mage,fire,12,5,7
Rmpisgay,tichondrius,480,mage,fire,12,5,7
Honeydutchss,black-dragonflight,480,mage,fire,12,5,7
Warmweather,nagrand,480,mage,fire,12,5,7
Valodrin,tichondrius,480,mage,fire,12,5,7
Skillcap,nagrand,480,mage,fire,12,5,7
Hvnlyfathr,stormrage,480,mage,fire,12,5,7
Arishasis,tichondrius,480,mage,fire,12,5,7
Mtphranklin,barthilas,480,mage,fire,12,5,7
Weedzerd,illidan,480,mage,fire,12,5,7
Truewinter,tichondrius,480,mage,fire,12,5,7
Numaïr,kiljaeden,480,mage,fire,12,5,7
Chadicewayne,tichondrius,480,mage,fire,12,5,7
Entomas,quelthalas,480,mage,fire,12,5,7
Skylinem,sargeras,480,mage,fire,12,5,7
Dawonie,frostmourne,480,mage,fire,12,5,7
Imhotboi,illidan,480,mage,fire,12,5,7
Espyy,area-52,480,mage,fire,12,5,7
Bxgs,tichondrius,480,mage,fire,12,5,7
Icestory,tichondrius,480,mage,fire,12,5,7
Cnumlab,proudmoore,480,mage,fire,12,5,7
Baida,kelthuzad,480,mage,fire,12,5,7
Covín,malganis,480,mage,fire,12,5,7
Jikario,zuljin,480,mage,fire,12,5,7
Kevdra,kelthuzad,480,mage,fire,12,5,7
Magicalbuns,illidan,480,mage,fire,12,5,7
Rippedkuntx,frostmourne,480,mage,fire,12,5,7
ßutteryßoner,area-52,480,mage,fire,12,5,7
Kqlyy,tichondrius,480,mage,fire,12,5,7
Softbody,barthilas,480,mage,fire,12,5,7
Kyriê,darkspear,480,mage,fire,12,5,7
Zerosaspect,thrall,480,mage,fire,12,5,7
Aumar,shandris,480,mage,fire,12,5,7
Animatronic,moon-guard,480,mage,fire,15,6,9
Aapple,tichondrius,480,mage,fire,17,5,12
Jeffreezy,tichondrius,480,mage,fire,18,5,13
Tunax,tichondrius,480,mage,fire,18,5,13
Médüsa,moon-guard,480,mage,fire,18,5,13
Morôdin,area-52,480,mage,fire,18,5,13
Waef,quelthalas,479,mage,fire,6,5,1
Mateusff,stormrage,479,mage,fire,11,5,6
Shadowgalaxy,arthas,479,mage,fire,12,5,7
Mescudi,bonechewer,479,mage,fire,12,5,7
Finanahs,sargeras,479,mage,fire,12,5,7
Chuky,terokkar,479,mage,fire,12,5,7
Linric,illidan,479,mage,fire,12,5,7
Jaçkjaçk,moon-guard,479,mage,fire,18,5,13
Apolarus,bonechewer,478,mage,fire,12,5,7
Infusion,ysondre,477,mage,fire,12,5,7
Gwenage,tichondrius,472,mage,fire,12,5,7
Mageymeows,dalaran,468,mage,fire,18,5,13
Prepcook,dalaran,447,mage,fire,11,5,6
Khaziiong,scilla,447,mage,fire,11,5,6
Roastbeefxd,tichondrius,447,mage,fire,11,5,6
Normethy,illidan,447,mage,fire,11,5,6
Jazen,quelthalas,432,mage,fire,15,6,9
Myelvenlady,proudmoore,431,mage,fire,11,5,6
Jayt,aggramar,415,mage,fire,20,5,15
Molassess,illidan,400,mage,fire,13,5,8
Linkston,area-52,384,mage,fire,6,4,2
Fròzt,ragnaros,384,mage,fire,6,4,2
Azrick,illidan,384,mage,fire,6,4,2
Izado,barthilas,384,mage,fire,6,4,2
Mithràndìr,tichondrius,384,mage,fire,6,4,2
Purpmanikin,area-52,384,mage,fire,6,4,2
Pyröz,kelthuzad,384,mage,fire,6,4,2
Bonyobo,stormrage,384,mage,fire,6,4,2
Mysticlotus,doomhammer,384,mage,fire,6,4,2
Crøwgawd,tichondrius,384,mage,fire,6,4,2
Xàr,ragnaros,384,mage,fire,6,4,2
Brbsheepingx,illidan,384,mage,fire,6,4,2
Haze,hyjal,384,mage,fire,6,4,2
Tutoro,emerald-dream,384,mage,fire,6,4,2
Terarosa,tichondrius,384,mage,fire,6,4,2
Darealtruth,stormrage,384,mage,fire,6,4,2
Clownspocket,tichondrius,384,mage,fire,6,4,2
Messiahbb,tichondrius,384,mage,fire,6,4,2
Gíldrin,proudmoore,384,mage,fire,6,4,2
Macadelic,kelthuzad,384,mage,fire,6,4,2
Tafa,stormrage,384,mage,fire,6,4,2
Texie,tichondrius,384,mage,fire,6,4,2
Mestraux,barthilas,384,mage,fire,6,4,2
Drdocx,frostmourne,384,mage,fire,6,4,2
Vermiculus,area-52,384,mage,fire,6,4,2
Frozonnee,aggramar,384,mage,fire,6,4,2
Dersão,azralon,384,mage,fire,6,4,2
Floatyz,tichondrius,384,mage,fire,6,4,2
Cømbust,frostmourne,384,mage,fire,6,4,2
Telios,azralon,384,mage,fire,6,4,2
Tåstydonut,bleeding-hollow,384,mage,fire,6,4,2
Playtimex,proudmoore,384,mage,fire,6,4,2
Animatronic,nordrassil,384,mage,fire,6,4,2
Enveas,illidan,384,mage,fire,6,4,2
Portapoly,tichondrius,384,mage,fire,6,4,2
Aqcamus,illidan,384,mage,fire,6,4,2
Adelein,earthen-ring,384,mage,fire,6,4,2
Cbm,dalaran,384,mage,fire,6,4,2
Extremeways,tichondrius,384,mage,fire,6,4,2
Fïtz,quelthalas,384,mage,fire,6,4,2
Sheepard,sargeras,384,mage,fire,6,4,2
Warmingtide,kelthuzad,384,mage,fire,6,4,2
Fattie,deathwing,384,mage,fire,6,4,2
Aldruhn,sargeras,384,mage,fire,6,4,2
Zolix,malganis,384,mage,fire,6,4,2
Dytonie,moon-guard,384,mage,fire,9,4,5
Crabenjoyer,frostmourne,384,mage,fire,12,4,8
Missingxx,silvermoon,384,mage,fire,12,4,8
Nairmage,tichondrius,384,mage,fire,12,4,8
Cacaushow,stormrage,384,mage,fire,12,4,8
Aquralina,moon-guard,384,mage,fire,12,4,8
Koulder,zuljin,384,mage,fire,12,4,8
Galsola,bronzebeard,384,mage,fire,12,4,8
Kinrow,stormrage,384,mage,fire,12,4,8
Magicshroomy,frostmourne,384,mage,fire,12,4,8
Moghedi,emerald-dream,384,mage,fire,12,4,8
Puvö,tichondrius,384,mage,fire,12,4,8
Hèrò,barthilas,384,mage,fire,12,4,8
Thiio,tichondrius,384,mage,fire,12,4,8
Droppinbombs,draka,384,mage,fire,12,4,8
Dasanimomo,sargeras,384,mage,fire,12,4,8
Araski,malganis,384,mage,fire,12,4,8
Remana,anvilmar,384,mage,fire,12,4,8
Pigdancel,tichondrius,384,mage,fire,12,4,8
Dohnutt,tichondrius,384,mage,fire,12,4,8
Percivaltp,scarlet-crusade,384,mage,fire,12,4,8
Arcaninez,bleeding-hollow,384,mage,fire,12,4,8
Taurencé,tichondrius,384,mage,fire,12,4,8
Fierronegro,illidan,384,mage,fire,12,4,8
Spookydookie,dark-iron,384,mage,fire,12,4,8
Arialla,mannoroth,384,mage,fire,12,4,8
Tìnkerspell,stormrage,384,mage,fire,12,4,8
Cristábel,stormrage,384,mage,fire,12,4,8
Annhubis,quelthalas,384,mage,fire,12,4,8
Uchihá,azgalor,384,mage,fire,12,4,8
Uwuwhatnow,tichondrius,384,mage,fire,12,4,8
Bojackal,illidan,384,mage,fire,12,4,8
Sarahbeth,khadgar,384,mage,fire,12,4,8
Paires,azralon,383,mage,fire,6,4,2
Neferpitøu,tichondrius,383,mage,fire,6,4,2
Chuggin,emerald-dream,383,mage,fire,15,5,10
Hockisonz,moon-guard,383,mage,fire,12,4,8
Hyndoriann,azgalor,383,mage,fire,12,4,8
Soulwiper,illidan,383,mage,fire,17,5,12
Îùx,stormrage,383,mage,fire,18,4,14
Caldian,wyrmrest-accord,383,mage,fire,18,4,14
Smoney,icecrown,383,mage,fire,18,4,14
Ssmurfett,dalaran,382,mage,fire,12,4,8
Canible,kalecgos,382,mage,fire,12,4,8
Kopke,ragnaros,381,mage,fire,13,4,9
Hypnòs,kelthuzad,367,mage,fire,9,6,3
Hollfz,nemesis,367,mage,fire,11,4,7
Vixm,stormrage,352,mage,fire,10,5,5
Wabï,tichondrius,330,mage,fire,15,5,10
Kelvii,tichondrius,330,mage,fire,15,5,10
Eriktherod,maelstrom,319,mage,fire,8,4,4
Arlise,aegwynn,319,mage,fire,11,4,7
Clausolas,ragnaros,319,mage,fire,17,6,11
Elemenopi,thrall,304,mage,fire,14,4,10
Kayenri,area-52,288,mage,fire,6,3,3
Zhanna,nazjatar,288,mage,fire,6,3,3
Bhalec,kelthuzad,288,mage,fire,6,3,3
Billionnaire,tichondrius,288,mage,fire,6,3,3
Bungholiojr,malganis,288,mage,fire,6,3,3
Tiktokbaddie,sargeras,288,mage,fire,6,3,3
Hasteboy,kelthuzad,288,mage,fire,6,3,3
Slapmesilly,destromath,288,mage,fire,6,3,3
Supadoop,malganis,288,mage,fire,6,3,3
Mindthegap,tichondrius,288,mage,fire,6,3,3
Buffmages,malfurion,288,mage,fire,6,3,3
Taevy,tichondrius,288,mage,fire,6,3,3
Combustya,khazgoroth,288,mage,fire,6,3,3
Esien,tichondrius,288,mage,fire,6,3,3
Affinitty,zuljin,288,mage,fire,6,3,3
Azuriex,tichondrius,288,mage,fire,6,3,3
Oogleymoogly,zuljin,288,mage,fire,6,3,3
Xtymhxy,tichondrius,288,mage,fire,6,3,3
Mugiara,azralon,288,mage,fire,6,3,3
Ikiteforkay,zuljin,288,mage,fire,6,3,3
Rof,sargeras,288,mage,fire,6,3,3
Mntaindew,bleeding-hollow,288,mage,fire,6,3,3
Sðsa,stormrage,288,mage,fire,6,3,3
Dontbeshy,bleeding-hollow,288,mage,fire,6,3,3
Ave,anetheron,288,mage,fire,6,3,3
Deathfinger,kul-tiras,288,mage,fire,6,3,3
Jurgers,tichondrius,288,mage,fire,6,3,3
Lunatti,frostmourne,288,mage,fire,6,3,3
Síra,firetree,288,mage,fire,6,3,3
Blinkinghobo,sargeras,288,mage,fire,6,3,3
Gåndalf,ragnaros,288,mage,fire,6,3,3
Kassmage,skullcrusher,288,mage,fire,6,3,3
Papadolo,tichondrius,288,mage,fire,6,3,3
Pigasus,emerald-dream,288,mage,fire,6,3,3
Slinkyslink,area-52,288,mage,fire,6,3,3
Dexd,laughing-skull,288,mage,fire,6,3,3
Thecorruptor,malorne,288,mage,fire,6,3,3
Luketko,bleeding-hollow,288,mage,fire,6,3,3
Deadsayru,drakkari,288,mage,fire,6,3,3
Ludakritz,sargeras,288,mage,fire,6,3,3
Botoslàp,dragonmaw,288,mage,fire,6,3,3
Craigsdad,tichondrius,288,mage,fire,6,3,3
Sølár,ragnaros,288,mage,fire,6,3,3
Bombr,sargeras,288,mage,fire,6,3,3
Annalee,ragnaros,288,mage,fire,6,3,3
Angryßirdz,kelthuzad,288,mage,fire,6,3,3
Kizran,frostmourne,288,mage,fire,6,3,3
Sahir,thaurissan,288,mage,fire,6,3,3
Zuhbo,moon-guard,288,mage,fire,6,3,3
Vyninovan,aggramar,288,mage,fire,6,3,3
Rhunón,dalaran,288,mage,fire,6,3,3
Pollylol,proudmoore,288,mage,fire,6,3,3
Criticalmage,agamaggan,288,mage,fire,6,3,3
Frostkage,tichondrius,288,mage,fire,6,3,3
Timme,ravencrest,288,mage,fire,6,3,3
Rích,tichondrius,288,mage,fire,6,3,3
Zazä,blackrock,288,mage,fire,6,3,3
Oharvestero,illidan,288,mage,fire,6,3,3
Timetravelér,ragnaros,288,mage,fire,6,3,3
Kandyperreo,ragnaros,288,mage,fire,6,3,3
Elyvee,tichondrius,288,mage,fire,6,3,3
Silverzaive,silvermoon,288,mage,fire,6,3,3
Kalligas,tichondrius,288,mage,fire,6,3,3
Okatbest,emerald-dream,288,mage,fire,6,3,3
Lampert,tichondrius,288,mage,fire,6,3,3
Factszxy,area-52,288,mage,fire,6,3,3
Polyburst,darkspear,288,mage,fire,6,3,3
Ancientmagik,area-52,288,mage,fire,6,3,3
Bergan,sargeras,288,mage,fire,6,3,3
Bandmage,exodar,288,mage,fire,6,3,3
Chilléd,tichondrius,288,mage,fire,6,3,3
Kassekx,area-52,288,mage,fire,6,3,3
Neverblockx,kirin-tor,288,mage,fire,6,3,3
Limeade,ursin,288,mage,fire,6,3,3
Sikamikanico,kiljaeden,288,mage,fire,6,3,3
Gandrich,drakkari,288,mage,fire,6,3,3
Kuther,draenor,288,mage,fire,6,3,3
Boorster,illidan,288,mage,fire,6,3,3
Svips,illidan,288,mage,fire,6,3,3
Jimmyhendrix,wildhammer,288,mage,fire,6,3,3
Brazcane,skullcrusher,288,mage,fire,6,3,3
Låvazza,tichondrius,288,mage,fire,9,3,6
Rikko,gundrak,288,mage,fire,15,4,11
Spindarella,dreadmaul,288,mage,fire,12,3,9
Falkyrieh,tichondrius,288,mage,fire,12,3,9
Trízín,frostmourne,288,mage,fire,12,3,9
Turbogeo,shuhalo,288,mage,fire,12,3,9
Ogpdk,sargeras,288,mage,fire,12,3,9
Fatalexo,tichondrius,288,mage,fire,12,3,9
Magichands,darkspear,288,mage,fire,12,3,9
Orkinekek,frostmourne,288,mage,fire,12,3,9
Safety,stormreaver,288,mage,fire,12,3,9
Zogo,bleeding-hollow,288,mage,fire,12,3,9
Pyroflakes,darkspear,288,mage,fire,12,3,9
Danggurl,tichondrius,288,mage,fire,12,3,9
Funkeoto,thrall,288,mage,fire,12,3,9
Tandallyn,silvermoon,288,mage,fire,12,3,9
Nilla,hyjal,288,mage,fire,12,3,9
Voidray,queldorei,288,mage,fire,12,3,9
Houndoôm,hyjal,288,mage,fire,12,3,9
Twizz,haomarush,288,mage,fire,12,3,9
Mendittorosa,tichondrius,288,mage,fire,12,3,9
Chelseâ,emerald-dream,288,mage,fire,18,3,15
Gnomegeddons,dalaran,288,mage,fire,24,3,21
Shutouchi,frostwolf,287,mage,fire,6,3,3
Frostyii,stonemaul,287,mage,fire,6,3,3
Seaon,malganis,287,mage,fire,6,3,3
Harlen,quelthalas,287,mage,fire,6,3,3
Nushala,stonemaul,287,mage,fire,11,3,8
Zipacna,antonidas,286,mage,fire,12,3,9
Kittikk,tichondrius,284,mage,fire,18,3,15
Coldnuke,stormrage,271,mage,fire,11,3,8
Nesomage,destromath,256,mage,fire,10,3,7
Nephalem,moknathal,240,mage,fire,9,3,6
Qohoo,frostmourne,239,mage,fire,5,3,2
Ktp,tichondrius,239,mage,fire,5,3,2
Orderlight,alexstrasza,239,mage,fire,5,3,2
Fizario,barthilas,239,mage,fire,5,3,2
Genozyde,elune,239,mage,fire,5,3,2
Hermanmiller,tichondrius,239,mage,fire,5,3,2
Xiangfe,emerald-dream,239,mage,fire,5,3,2
Somethinglos,sargeras,234,mage,fire,10,5,5
Cottonmage,malganis,234,mage,fire,9,4,5
Flomin,tichondrius,234,mage,fire,16,6,10
Djp,tichondrius,234,mage,fire,18,4,14
Danorius,laughing-skull,224,mage,fire,10,3,7
Magicdro,scilla,224,mage,fire,10,3,7
Mcdfries,tichondrius,208,mage,fire,7,3,4
Coldgirl,malganis,192,mage,fire,11,4,7
Bôôm,arthas,192,mage,fire,9,3,6
Randommagi,area-52,192,mage,fire,6,2,4
Yonzho,area-52,192,mage,fire,6,2,4
Giovannie,zuluhed,192,mage,fire,6,2,4
Chrismsprsnt,tichondrius,192,mage,fire,6,2,4
Avandal,proudmoore,192,mage,fire,6,2,4
Namechanged,malganis,192,mage,fire,6,2,4
Sachetti,thrall,192,mage,fire,6,2,4
Natzue,sargeras,192,mage,fire,6,2,4
Notria,illidan,192,mage,fire,6,2,4
Twizzlerz,executus,192,mage,fire,6,2,4
Catgirly,zuljin,192,mage,fire,6,2,4
Naimi,malganis,192,mage,fire,6,2,4
Burrbon,area-52,192,mage,fire,6,2,4
Privilege,dragonmaw,192,mage,fire,6,2,4
Maddoggs,tichondrius,192,mage,fire,6,2,4
Tessar,moon-guard,192,mage,fire,6,2,4
Ignitex,bleeding-hollow,192,mage,fire,6,2,4
Ðfuego,azralon,192,mage,fire,6,2,4
Drakcarrus,balnazzar,192,mage,fire,6,2,4
Fazzlee,nathrezim,192,mage,fire,6,2,4
Tannbone,illidan,192,mage,fire,6,2,4
Shäräpova,zuljin,192,mage,fire,6,2,4
Elmozezos,thrall,192,mage,fire,6,2,4
Keii,bleeding-hollow,192,mage,fire,6,2,4
Copperfield,dreadmaul,192,mage,fire,6,2,4
Magifish,malganis,192,mage,fire,6,2,4
Cradic,tichondrius,192,mage,fire,6,2,4
Parruka,warsong,192,mage,fire,6,2,4
Pipeguzzler,zuljin,192,mage,fire,6,2,4
Muskinite,maiev,192,mage,fire,6,2,4
Kymowiz,sargeras,192,mage,fire,6,2,4
Dubyaj,tichondrius,192,mage,fire,6,2,4
Herpsgungetu,maiev,192,mage,fire,6,2,4
Fasttwitch,kiljaeden,192,mage,fire,6,2,4
Fruza,emerald-dream,192,mage,fire,6,2,4
Trebbiano,illidan,192,mage,fire,6,2,4
Wauzcrol,quelthalas,192,mage,fire,6,2,4
Likelyhard,tichondrius,192,mage,fire,6,2,4
Missile,frostmourne,192,mage,fire,6,2,4
Hellfireice,kiljaeden,192,mage,fire,6,2,4
Khelzter,area-52,192,mage,fire,6,2,4
Killemz,dragonmaw,192,mage,fire,6,2,4
Magiken,emerald-dream,192,mage,fire,6,2,4
Nøzotica,kelthuzad,192,mage,fire,6,2,4
Jinglehz,frostmourne,192,mage,fire,6,2,4
Gryd,area-52,192,mage,fire,6,2,4
Kissradiox,tichondrius,192,mage,fire,6,2,4
Xbreezy,frostmourne,192,mage,fire,6,2,4
Zerii,aggramar,192,mage,fire,6,2,4
Gotya,tichondrius,192,mage,fire,6,2,4
Peptobismo,shuhalo,192,mage,fire,6,2,4
Powerfulguy,frostmourne,192,mage,fire,6,2,4
Forestella,tichondrius,192,mage,fire,6,2,4
Telkham,tichondrius,192,mage,fire,6,2,4
Kaboodlz,stormrage,192,mage,fire,6,2,4
Shardgodx,kelthuzad,192,mage,fire,6,2,4
Hallat,archimonde,192,mage,fire,6,2,4
Thedodgex,sargeras,192,mage,fire,6,2,4
Quickwizard,tichondrius,192,mage,fire,6,2,4
Lilmager,tichondrius,192,mage,fire,6,2,4
Starguy,terenas,192,mage,fire,6,2,4
Clickhard,suramar,192,mage,fire,6,2,4
Ÿenizä,illidan,192,mage,fire,6,2,4
Mävra,emerald-dream,192,mage,fire,6,2,4
Gizrisa,moon-guard,192,mage,fire,6,2,4
Lavaera,illidan,192,mage,fire,6,2,4
Josephaqil,tichondrius,192,mage,fire,6,2,4
Swàn,stormrage,192,mage,fire,6,2,4
Ayev,tichondrius,192,mage,fire,6,2,4
Xoxu,frostmourne,192,mage,fire,6,2,4
Laf,frostmourne,192,mage,fire,6,2,4
Firedupqt,darkspear,192,mage,fire,6,2,4
Arcranium,icecrown,192,mage,fire,6,2,4
Elhechizero,quelthalas,192,mage,fire,6,2,4
Roggitman,emerald-dream,192,mage,fire,6,2,4
Aquafiona,garona,192,mage,fire,6,2,4
Onehitter,tichondrius,192,mage,fire,6,2,4
Gunzz,aegwynn,192,mage,fire,6,2,4
Friézá,stormrage,192,mage,fire,6,2,4
Kyns,sargeras,192,mage,fire,6,2,4
Faeylyn,stormrage,192,mage,fire,6,2,4
Iludron,aegwynn,192,mage,fire,6,2,4
Dustychill,illidan,192,mage,fire,6,2,4
Nerff,sargeras,192,mage,fire,6,2,4
Magiër,tichondrius,192,mage,fire,6,2,4
Harmful,frostmourne,192,mage,fire,6,2,4
Shesy,sargeras,192,mage,fire,6,2,4
Dîarrhea,sargeras,192,mage,fire,6,2,4
Castbars,sargeras,192,mage,fire,6,2,4
Cambustion,frostmourne,192,mage,fire,6,2,4
Zuqo,sargeras,192,mage,fire,6,2,4
Massivepoo,barthilas,192,mage,fire,6,2,4
Alïce,kelthuzad,192,mage,fire,6,2,4
Magicmom,wyrmrest-accord,192,mage,fire,6,2,4
Foreignname,sargeras,192,mage,fire,6,2,4
Chillstep,dark-iron,192,mage,fire,6,2,4
Erîol,ragnaros,192,mage,fire,6,2,4
Stegulator,kelthuzad,192,mage,fire,6,2,4
Juicemage,tichondrius,192,mage,fire,6,2,4
Briklyx,zuljin,192,mage,fire,6,2,4
Arianark,sargeras,192,mage,fire,6,2,4
Variex,tichondrius,192,mage,fire,6,2,4
Burna,amanthul,192,mage,fire,6,2,4
Karameltart,barthilas,192,mage,fire,6,2,4
Abrácadaver,frostwolf,192,mage,fire,10,3,7
Sweezie,emerald-dream,192,mage,fire,8,2,6
Arnx,tichondrius,192,mage,fire,11,2,9
Sceledrus,quelthalas,192,mage,fire,11,2,9
Granmago,azralon,192,mage,fire,12,2,10
Odaravla,proudmoore,192,mage,fire,12,2,10
Firehawk,azralon,192,mage,fire,12,2,10
Saydar,stormrage,192,mage,fire,12,2,10
Friedtuna,daggerspine,192,mage,fire,12,2,10
Molinoren,quelthalas,192,mage,fire,12,2,10
Driel,illidan,192,mage,fire,12,2,10
Greidenn,sargeras,192,mage,fire,12,2,10
Lauroca,azralon,192,mage,fire,12,2,10
Ëfc,nemesis,192,mage,fire,12,2,10
Skatas,barthilas,192,mage,fire,12,2,10
Frostyhonk,silvermoon,191,mage,fire,6,2,4
Prosperoo,aerie-peak,191,mage,fire,12,2,10
Magemajor,uldum,191,mage,fire,12,2,10
Madalon,nemesis,160,mage,fire,10,2,8
Kindlin,frostmourne,159,mage,fire,5,2,3
Razaklov,tichondrius,159,mage,fire,5,2,3
Zezima,spirestone,159,mage,fire,5,2,3
Icebish,skullcrusher,144,mage,fire,9,3,6
Fingerblaste,malganis,138,mage,fire,16,3,13
Brandonlol,area-52,128,mage,fire,4,2,2
Dwayniewayni,tichondrius,128,mage,fire,4,2,2
Ratfather,the-forgotten-coast,128,mage,fire,4,2,2
Badboykilla,dentarg,128,mage,fire,4,2,2
Heinnekeinn,tichondrius,128,mage,fire,5,2,3
Supremeboxer,tichondrius,127,mage,fire,8,2,6
Neltar,dalaran,112,mage,fire,7,2,5
Rossanopolis,tichondrius,105,mage,fire,21,3,18
Magetherian,frostmourne,96,mage,fire,3,2,1
Haliax,bronzebeard,96,mage,fire,3,2,1
Litiria,burning-blade,96,mage,fire,6,1,5
Trojay,malganis,96,mage,fire,6,1,5
Omorto,illidan,96,mage,fire,6,1,5
Diabølcangel,malganis,96,mage,fire,6,1,5
Arkuran,proudmoore,96,mage,fire,6,1,5
Prosperoh,burning-legion,96,mage,fire,6,1,5
Blàzèd,proudmoore,96,mage,fire,6,1,5
Merreda,sargeras,96,mage,fire,6,1,5
Muted,frostmourne,96,mage,fire,6,1,5
Rolypolyman,tichondrius,96,mage,fire,6,1,5
Brayni,wyrmrest-accord,96,mage,fire,6,1,5
Nomidian,area-52,96,mage,fire,6,1,5
Clutchy,gorefiend,96,mage,fire,6,1,5
Tisao,bronzebeard,96,mage,fire,6,1,5
Auraelius,tichondrius,96,mage,fire,6,1,5
Sheepshot,dentarg,96,mage,fire,6,1,5
Firemids,thrall,96,mage,fire,6,1,5
Memnor,amanthul,96,mage,fire,6,1,5
Vorkalth,tichondrius,96,mage,fire,6,1,5
Undeadmager,nerzhul,96,mage,fire,6,1,5
Carlosxd,tichondrius,96,mage,fire,6,1,5
Morganä,silver-hand,96,mage,fire,6,1,5
Miapolyafoo,stormrage,96,mage,fire,6,1,5
Phrana,tichondrius,96,mage,fire,6,1,5
Purpkush,zuljin,96,mage,fire,6,1,5
Flit,skullcrusher,96,mage,fire,6,1,5
Jarethleon,ragnaros,96,mage,fire,6,1,5
Omgitzshowy,sargeras,96,mage,fire,6,1,5
Bbaxter,stormrage,96,mage,fire,6,1,5
Jazco,tichondrius,96,mage,fire,6,1,5
Aimedint,sargeras,96,mage,fire,6,1,5
Bdmxd,stormrage,96,mage,fire,6,1,5
Ignit,stormrage,96,mage,fire,6,1,5
Lv,stormscale,96,mage,fire,6,1,5
Gnomoguapo,altar-of-storms,96,mage,fire,6,1,5
Pyrophobia,mannoroth,96,mage,fire,6,1,5
Magicmooman,thunderlord,96,mage,fire,6,1,5
Dâzk,sargeras,96,mage,fire,6,1,5
Tabuta,ravenholdt,96,mage,fire,6,1,5
Clickersz,sargeras,96,mage,fire,6,1,5
Dildope,frostmourne,96,mage,fire,6,1,5
Firehazard,tichondrius,96,mage,fire,6,1,5
Lolwuddupdoh,bleeding-hollow,96,mage,fire,6,1,5
Oogabooga,lethon,96,mage,fire,6,1,5
Sîmply,zuljin,96,mage,fire,6,1,5
Nazztwren,bleeding-hollow,96,mage,fire,6,1,5
Sny,bleeding-hollow,96,mage,fire,6,1,5
Gurion,bleeding-hollow,96,mage,fire,6,1,5
Iamsol,area-52,96,mage,fire,6,1,5
Édika,area-52,96,mage,fire,6,1,5
Majhk,sargeras,96,mage,fire,6,1,5
Pyromaniac,stormscale,96,mage,fire,6,1,5
Fireblast,stormscale,96,mage,fire,6,1,5
Daltene,zuljin,96,mage,fire,7,1,6
Somnuss,barthilas,96,mage,fire,7,1,6
Zuroz,dathremar,96,mage,fire,12,1,11
Dezax,malfurion,96,mage,fire,12,1,11
Duhquarius,warsong,96,mage,fire,12,1,11
Allesanda,sargeras,96,mage,fire,12,1,11
Urtbre,illidan,96,mage,fire,12,1,11
Shtsammich,tichondrius,96,mage,fire,12,1,11
Mideon,whisperwind,95,mage,fire,6,1,5
Doomguyx,korgath,95,mage,fire,14,1,13
Jaked,frostmourne,79,mage,fire,5,1,4
Noquemacuuh,ragnaros,79,mage,fire,5,1,4
Simongof,tichondrius,79,mage,fire,5,1,4
Skerei,azralon,48,mage,fire,3,1,2
Redeyez,arthas,48,mage,fire,9,1,8
Icybanter,emerald-dream,42,mage,fire,8,2,6
Yellowfevrz,thrall,42,mage,fire,11,2,9
Eastex,blackhand,31,mage,fire,2,1,1
Beardsy,zuluhed,31,mage,fire,2,1,1
Juicemage,tichondrius,2329,mage,frost,186,103,83
Juicechanel,tichondrius,2249,mage,frost,88,49,39
Maxvila,kelthuzad,2189,mage,frost,96,50,46
Hogdog,illidan,2176,mage,frost,96,52,44
Birdfather,tichondrius,2167,mage,frost,59,45,14
Fromcanadaqc,stormrage,2153,mage,frost,89,48,41
Stonedmonkeý,tichondrius,2103,mage,frost,161,81,80
Tbe,guldan,2057,mage,frost,120,63,57
Pigdancel,tichondrius,2042,mage,frost,72,41,31
Zlint,quelthalas,2032,mage,frost,121,63,58
Frostitutex,illidan,2031,mage,frost,97,54,43
Douyuweifa,tichondrius,2018,mage,frost,131,67,64
Ghostrr,tichondrius,2014,mage,frost,196,102,94
Cremgotrockd,blackrock,2001,mage,frost,125,66,59
Pigdancell,tichondrius,1999,mage,frost,71,35,36
Easyfreeze,sargeras,1996,mage,frost,48,27,21
Cunzhang,tichondrius,1989,mage,frost,78,39,39
Bamx,stormrage,1987,mage,frost,90,51,39
Stefanfs,tichondrius,1981,mage,frost,72,40,32
Lawuera,quelthalas,1974,mage,frost,112,55,57
Smuky,stormrage,1970,mage,frost,202,101,101
Backjing,tichondrius,1969,mage,frost,87,42,45
Faynet,dalaran,1966,mage,frost,184,100,84
Zerodium,sargeras,1966,mage,frost,155,81,74
Feener,stormreaver,1955,mage,frost,123,63,60
Kassmage,skullcrusher,1942,mage,frost,186,91,95
Hogmantwo,illidan,1940,mage,frost,110,57,53
Valériemeow,tichondrius,1940,mage,frost,201,98,103
Factszxy,area-52,1929,mage,frost,71,46,25
Stöpwatch,hyjal,1922,mage,frost,126,75,51
Elkiador,area-52,1909,mage,frost,30,21,9
Joe,llane,1906,mage,frost,225,113,112
Lantx,tichondrius,1905,mage,frost,189,102,87
Politeness,tichondrius,1904,mage,frost,48,23,25
Grumpyòlfart,tichondrius,1898,mage,frost,132,67,65
Vazlgs,tichondrius,1896,mage,frost,82,47,35
Miilky,tichondrius,1893,mage,frost,66,33,33
Flaux,sargeras,1892,mage,frost,88,50,38
Ams,aerie-peak,1890,mage,frost,60,33,27
Snaregodx,area-52,1885,mage,frost,59,31,28
Styler,tichondrius,1870,mage,frost,104,59,45
Gelokay,tichondrius,1866,mage,frost,48,28,20
Chrisxo,azuremyst,1866,mage,frost,48,27,21
Manather,emerald-dream,1864,mage,frost,30,20,10
Messiaah,tichondrius,1862,mage,frost,42,20,22
Dace,tichondrius,1859,mage,frost,59,32,27
Theydeadx,illidan,1858,mage,frost,47,31,16
Corgim,thrall,1857,mage,frost,65,33,32
Fròzt,ragnaros,1854,mage,frost,96,43,53
Mcdfries,tichondrius,1853,mage,frost,60,32,28
Sorankim,tichondrius,1853,mage,frost,55,28,27
Hunchojack,tichondrius,1852,mage,frost,66,27,39
Instincts,uldum,1850,mage,frost,48,29,19
Xanthilia,chogall,1849,mage,frost,96,49,47
Chunzhangfs,tichondrius,1843,mage,frost,46,23,23
Hideongp,barthilas,1842,mage,frost,108,54,54
Maegwynah,stormrage,1841,mage,frost,122,59,63
Yeweiliang,tichondrius,1835,mage,frost,726,369,357
Aapple,tichondrius,1834,mage,frost,72,39,33
Tris,malganis,1833,mage,frost,69,36,33
Evilnuts,quelthalas,1832,mage,frost,61,34,27
Dahp,thrall,1831,mage,frost,47,23,24
Tupactopus,tichondrius,1831,mage,frost,66,32,34
Micfiyah,thrall,1827,mage,frost,66,41,25
Vague,tichondrius,1824,mage,frost,80,42,38
Yellowfevrz,thrall,1823,mage,frost,48,21,27
Fgnb,sargeras,1822,mage,frost,111,65,46
Illumià,illidan,1821,mage,frost,44,29,15
Animatronic,moon-guard,1820,mage,frost,345,180,165
Srinshi,sargeras,1820,mage,frost,160,80,80
Miketao,tichondrius,1820,mage,frost,67,31,36
Headbake,malganis,1820,mage,frost,66,30,36
Chez,tichondrius,1818,mage,frost,30,19,11
Cømbust,frostmourne,1816,mage,frost,72,50,22
Dexd,laughing-skull,1814,mage,frost,156,89,67
Theetwotime,area-52,1814,mage,frost,148,77,71
Quippy,kiljaeden,1813,mage,frost,309,156,153
Lambsalsa,tichondrius,1813,mage,frost,78,37,41
Leakyboots,illidan,1812,mage,frost,47,25,22
Ribot,sargeras,1812,mage,frost,60,28,32
Swagbased,tichondrius,1807,mage,frost,60,29,31
Koozay,kelthuzad,1805,mage,frost,65,38,27
Kazimìr,tichondrius,1802,mage,frost,36,24,12
Tjofmajik,stormrage,1802,mage,frost,60,31,29
Sheepard,sargeras,1800,mage,frost,48,29,19
Ligmmah,stormrage,1792,mage,frost,110,61,49
Dtbmar,misha,1791,mage,frost,106,50,56
Maebalim,tichondrius,1790,mage,frost,76,39,37
Evilear,andorhal,1790,mage,frost,78,38,40
Koro,tichondrius,1784,mage,frost,133,68,65
Drewdy,stormreaver,1783,mage,frost,30,19,11
Rhythmdog,tichondrius,1782,mage,frost,97,44,53
Zssy,tichondrius,1780,mage,frost,83,55,28
Endymiòn,tichondrius,1780,mage,frost,48,24,24
Sheepgodx,malganis,1779,mage,frost,35,20,15
Kleinz,quelthalas,1776,mage,frost,91,54,37
Bambambilly,kelthuzad,1774,mage,frost,141,73,68
Golfirl,doomhammer,1774,mage,frost,54,24,30
Téfy,ragnaros,1773,mage,frost,65,38,27
Kabrax,nerzhul,1772,mage,frost,66,32,34
Atra,spinebreaker,1768,mage,frost,78,39,39
Tatertots,bladefist,1768,mage,frost,89,42,47
Riddickl,malfurion,1766,mage,frost,108,54,54
Sestren,zuljin,1766,mage,frost,54,25,29
Kissradiox,tichondrius,1763,mage,frost,138,65,73
Dorsia,jaedenar,1761,mage,frost,88,55,33
Dbdeeznuts,tichondrius,1760,mage,frost,107,65,42
Glaciated,the-forgotten-coast,1757,mage,frost,104,55,49
Gôøglëlòl,nemesis,1755,mage,frost,271,139,132
Chinye,tichondrius,1748,mage,frost,80,40,40
Pétêr,frostmourne,1748,mage,frost,54,24,30
Frikabust,stormrage,1747,mage,frost,65,39,26
Kazmir,area-52,1745,mage,frost,47,19,28
Mokelovin,sargeras,1744,mage,frost,47,30,17
Lemmiwïnks,area-52,1744,mage,frost,44,27,17
Traelol,blades-edge,1742,mage,frost,120,62,58
Zaddyx,whisperwind,1739,mage,frost,99,54,45
Tofusmell,illidan,1735,mage,frost,54,31,23
Bravden,area-52,1735,mage,frost,72,40,32
Moyuu,proudmoore,1735,mage,frost,421,218,203
Jerawokee,undermine,1734,mage,frost,103,48,55
Kymowiz,sargeras,1731,mage,frost,54,26,28
Pivnert,boulderfist,1730,mage,frost,48,26,22
Umber,dreadmaul,1730,mage,frost,294,153,141
Ingcho,tichondrius,1730,mage,frost,78,35,43
Vampìrelolz,tichondrius,1725,mage,frost,30,18,12
Pitball,area-52,1725,mage,frost,161,81,80
Blinkbow,tichondrius,1724,mage,frost,161,80,81
Deverror,frostmourne,1720,mage,frost,329,166,163
Stealing,barthilas,1720,mage,frost,95,47,48
Covil,tichondrius,1717,mage,frost,128,62,66
Gnitraf,malganis,1714,mage,frost,182,97,85
Sifr,tichondrius,1713,mage,frost,36,18,18
Horrendum,azralon,1709,mage,frost,48,29,19
Frøstdrægöñ,illidan,1705,mage,frost,24,18,6
Valtessa,stormrage,1704,mage,frost,72,38,34
Luckysir,illidan,1704,mage,frost,42,21,21
Xialing,tichondrius,1704,mage,frost,53,26,27
Lorlene,frostmourne,1704,mage,frost,217,106,111
Rizke,tichondrius,1701,mage,frost,35,18,17
Castana,tichondrius,1698,mage,frost,122,56,66
Arcayne,tichondrius,1696,mage,frost,145,80,65
Zezima,spirestone,1688,mage,frost,48,29,19
Nerfdestro,illidan,1685,mage,frost,319,172,147
Pichorrá,quelthalas,1683,mage,frost,86,49,37
Persia,illidan,1683,mage,frost,53,24,29
Blinkmind,stormrage,1682,mage,frost,54,26,28
Sabrita,proudmoore,1680,mage,frost,98,50,48
Nukedat,proudmoore,1679,mage,frost,36,23,13
Isellstuff,thrall,1679,mage,frost,138,69,69
Deallus,tichondrius,1679,mage,frost,112,56,56
Comaner,frostmourne,1677,mage,frost,45,27,18
Laserface,bleeding-hollow,1677,mage,frost,119,61,58
Cayoux,darkspear,1676,mage,frost,30,18,12
Hanxiaowu,tichondrius,1674,mage,frost,64,40,24
Luxør,aegwynn,1674,mage,frost,36,22,14
Frizbee,sargeras,1674,mage,frost,55,29,26
Alurion,moon-guard,1673,mage,frost,32,21,11
Factsx,area-52,1669,mage,frost,42,22,20
Bic,darrowmere,1669,mage,frost,51,21,30
Bmuafgfe,tichondrius,1668,mage,frost,36,22,14
Tommagic,tichondrius,1666,mage,frost,40,23,17
Soulberg,emerald-dream,1664,mage,frost,136,70,66
Polyenjoyerx,ysera,1659,mage,frost,118,60,58
Jaked,frostmourne,1658,mage,frost,86,41,45
Minverces,tichondrius,1653,mage,frost,40,23,17
Rbn,tichondrius,1653,mage,frost,75,36,39
Entm,burning-blade,1651,mage,frost,42,22,20
Kassody,kelthuzad,1650,mage,frost,36,22,14
Hüz,frostmourne,1648,mage,frost,62,41,21
Jtizzlè,tichondrius,1647,mage,frost,71,38,33
Babyspise,nathrezim,1646,mage,frost,42,24,18
Zorexx,area-52,1643,mage,frost,61,30,31
Juniel,bleeding-hollow,1643,mage,frost,46,22,24
Orderlight,alexstrasza,1641,mage,frost,176,87,89
Preceptør,azralon,1640,mage,frost,67,37,30
Venachi,emerald-dream,1638,mage,frost,152,86,66
Praestigium,barthilas,1638,mage,frost,104,56,48
Qcomberoo,frostmane,1637,mage,frost,45,22,23
Charmed,black-dragonflight,1635,mage,frost,86,45,41
Gûmbÿ,illidan,1634,mage,frost,48,34,14
Triuneward,tichondrius,1634,mage,frost,48,23,25
Hotrunner,sargeras,1633,mage,frost,215,111,104
Mayumî,moon-guard,1633,mage,frost,48,24,24
Vileice,tichondrius,1632,mage,frost,30,18,12
Stimml,blood-furnace,1630,mage,frost,90,49,41
Xuxä,stormrage,1630,mage,frost,80,39,41
Xtymhxy,tichondrius,1629,mage,frost,36,17,19
Scarablast,bleeding-hollow,1628,mage,frost,73,35,38
Snipymagus,shattered-hand,1627,mage,frost,37,21,16
Magecombe,thrall,1626,mage,frost,67,33,34
Nasgeth,darkspear,1625,mage,frost,30,18,12
Elyandria,proudmoore,1625,mage,frost,42,23,19
Erykk,mugthol,1622,mage,frost,63,22,41
Kouks,tichondrius,1621,mage,frost,35,21,14
Dve,frostmourne,1621,mage,frost,90,53,37
Harmõny,tichondrius,1621,mage,frost,31,18,13
Mashii,kiljaeden,1620,mage,frost,36,17,19
Neverblockx,kirin-tor,1618,mage,frost,30,17,13
Aycc,tichondrius,1616,mage,frost,64,33,31
Savanali,kelthuzad,1616,mage,frost,87,44,43
Gwyn,nemesis,1614,mage,frost,54,29,25
Rrite,tichondrius,1612,mage,frost,71,38,33
Boejanglz,frostmourne,1610,mage,frost,52,26,26
Fakebusiness,area-52,1609,mage,frost,216,115,101
Choxiy,illidan,1609,mage,frost,58,26,32
Whosdismage,illidan,1608,mage,frost,36,22,14
Därkmägician,tichondrius,1606,mage,frost,91,55,36
Swaxi,illidan,1606,mage,frost,42,22,20
Baemers,tichondrius,1605,mage,frost,114,62,52
Tonystonerz,lightnings-blade,1605,mage,frost,108,58,50
Terarosa,tichondrius,1605,mage,frost,66,34,32
Maxtorgar,quelthalas,1605,mage,frost,54,21,33
Yourefat,emerald-dream,1604,mage,frost,125,78,47
Låvazza,tichondrius,1604,mage,frost,36,18,18
Sheepu,bladefist,1603,mage,frost,112,64,48
Yulian,tichondrius,1602,mage,frost,151,86,65
Arrokoth,malganis,1602,mage,frost,30,17,13
Snoogensftw,tichondrius,1602,mage,frost,36,17,19
Qsc,barthilas,1600,mage,frost,340,172,168
Sheepshot,dentarg,1599,mage,frost,54,25,29
Ruzam,area-52,1597,mage,frost,149,83,66
Perrc,area-52,1597,mage,frost,263,126,137
Arcánè,velen,1596,mage,frost,35,20,15
Seeu,tichondrius,1594,mage,frost,213,95,118
Frostpimp,anubarak,1594,mage,frost,62,27,35
Flâvor,illidan,1593,mage,frost,54,29,25
Icestory,tichondrius,1592,mage,frost,167,74,93
Littlejay,kelthuzad,1591,mage,frost,42,19,23
Mmine,tichondrius,1590,mage,frost,36,17,19
Jeffreezy,tichondrius,1588,mage,frost,42,22,20
Marrioo,tichondrius,1588,mage,frost,90,39,51
Garbagemage,barthilas,1585,mage,frost,72,35,37
Tibbit,kelthuzad,1583,mage,frost,30,19,11
Mageonthcc,korgath,1583,mage,frost,98,49,49
Lilpolyx,illidan,1582,mage,frost,40,21,19
Fawcett,khazgoroth,1582,mage,frost,192,96,96
Enflame,tichondrius,1581,mage,frost,67,42,25
Baleiabranca,stormrage,1580,mage,frost,195,91,104
Lilkyrie,senjin,1578,mage,frost,104,54,50
Thatlejund,tichondrius,1576,mage,frost,103,53,50
Megladon,tichondrius,1575,mage,frost,89,55,34
Icyspring,tichondrius,1574,mage,frost,30,18,12
Agoniey,illidan,1574,mage,frost,84,39,45
Trippy,senjin,1574,mage,frost,44,20,24
Ðontßlink,illidan,1572,mage,frost,30,17,13
Alùcârd,tichondrius,1572,mage,frost,64,34,30
Aosin,wyrmrest-accord,1572,mage,frost,42,21,21
Marisadaze,tichondrius,1572,mage,frost,91,41,50
Zinnos,tichondrius,1569,mage,frost,339,164,175
Piecez,illidan,1568,mage,frost,36,20,16
Crithappy,baelgun,1568,mage,frost,48,26,22
Ehcos,stormrage,1568,mage,frost,182,90,92
Nickioxox,tichondrius,1567,mage,frost,41,17,24
Burrstful,destromath,1561,mage,frost,65,29,36
Balencii,kiljaeden,1557,mage,frost,54,34,20
Affewxd,lothar,1557,mage,frost,126,65,61
Squidio,stormrage,1556,mage,frost,136,73,63
Trebbiano,illidan,1554,mage,frost,234,122,112
Houndoôm,hyjal,1554,mage,frost,97,50,47
Fracxure,area-52,1554,mage,frost,47,21,26
Deathrøll,moon-guard,1552,mage,frost,84,48,36
Jayma,moon-guard,1548,mage,frost,41,21,20
Kabonkle,drakthul,1545,mage,frost,68,32,36
Mkudos,ragnaros,1543,mage,frost,131,69,62
Mcshwackin,area-52,1541,mage,frost,41,21,20
Janchi,moon-guard,1541,mage,frost,184,85,99
Trolson,sargeras,1541,mage,frost,108,48,60
Hambürglar,garrosh,1540,mage,frost,72,37,35
Cinns,moon-guard,1539,mage,frost,60,31,29
Syntacks,lightnings-blade,1539,mage,frost,360,178,182
Corruptionz,nemesis,1537,mage,frost,102,54,48
Erîol,ragnaros,1537,mage,frost,245,125,120
Daydreamz,lightnings-blade,1535,mage,frost,77,32,45
Omgmage,tichondrius,1534,mage,frost,24,20,4
Froshar,ragnaros,1534,mage,frost,80,40,40
Kyphosis,illidan,1533,mage,frost,31,16,15
Chrislongtv,tichondrius,1533,mage,frost,678,339,339
Biglance,frostmourne,1533,mage,frost,36,17,19
Playsfrost,skullcrusher,1532,mage,frost,112,66,46
Frostqt,area-52,1532,mage,frost,144,77,67
Yorgøs,ragnaros,1530,mage,frost,30,16,14
Song,sargeras,1529,mage,frost,110,57,53
Genswift,thrall,1529,mage,frost,91,44,47
Mcfry,illidan,1528,mage,frost,70,40,30
Chrismsprsnt,tichondrius,1528,mage,frost,180,91,89
Tessar,moon-guard,1528,mage,frost,202,102,100
Pëpz,emerald-dream,1527,mage,frost,42,17,25
Gardes,tichondrius,1526,mage,frost,60,24,36
Warmweather,nagrand,1525,mage,frost,102,50,52
Wïzarduous,mannoroth,1521,mage,frost,30,16,14
Jikario,zuljin,1520,mage,frost,48,26,22
Slipqt,tichondrius,1519,mage,frost,77,38,39
Magetherian,frostmourne,1517,mage,frost,165,82,83
Omnislasher,terenas,1517,mage,frost,149,71,78
Maauie,sargeras,1516,mage,frost,39,20,19
Floofies,moon-guard,1516,mage,frost,133,65,68
Couto,tichondrius,1516,mage,frost,95,43,52
Ankidar,quelthalas,1515,mage,frost,42,22,20
Betrian,quelthalas,1515,mage,frost,112,54,58
Snôz,illidan,1513,mage,frost,78,34,44
Fireguard,azralon,1512,mage,frost,91,49,42
Bemaster,area-52,1512,mage,frost,122,64,58
Frussy,blood-furnace,1511,mage,frost,128,68,60
Nairmage,tichondrius,1510,mage,frost,44,22,22
Unseën,area-52,1508,mage,frost,36,18,18
Meer,stonemaul,1507,mage,frost,96,58,38
Axecap,tichondrius,1507,mage,frost,108,54,54
Aramire,drakkari,1507,mage,frost,75,35,40
Bigdjohnson,dalaran,1505,mage,frost,36,20,16
Suicune,area-52,1505,mage,frost,89,41,48
Tuçhi,tichondrius,1501,mage,frost,48,27,21
Khadberry,aerie-peak,1501,mage,frost,71,34,37
Dillor,tichondrius,1498,mage,frost,225,113,112
Renoria,norgannon,1498,mage,frost,78,33,45
Peakd,bleeding-hollow,1497,mage,frost,42,18,24
Maagin,zuljin,1496,mage,frost,187,98,89
Vendizzle,malganis,1496,mage,frost,137,68,69
Matchstickk,tichondrius,1494,mage,frost,39,20,19
Wíntersun,frostmourne,1494,mage,frost,393,201,192
Vornz,sargeras,1493,mage,frost,102,51,51
Zirkur,mannoroth,1493,mage,frost,80,40,40
Osnapmage,malganis,1492,mage,frost,306,153,153
Soukidiot,sargeras,1492,mage,frost,48,22,26
Galacticslug,tichondrius,1491,mage,frost,60,33,27
Burritsacold,bleeding-hollow,1491,mage,frost,54,26,28
Dazby,tichondrius,1490,mage,frost,68,32,36
Datazonfire,illidan,1488,mage,frost,36,22,14
Aluce,frostmourne,1488,mage,frost,36,19,17
Spurski,emerald-dream,1487,mage,frost,27,17,10
Drdocx,frostmourne,1487,mage,frost,42,20,22
Leghacy,korgath,1486,mage,frost,60,31,29
Supergun,tichondrius,1485,mage,frost,45,21,24
Icegiants,tichondrius,1484,mage,frost,65,35,30
Léstat,quelthalas,1483,mage,frost,78,42,36
Arcaneshally,area-52,1483,mage,frost,60,29,31
Fizario,barthilas,1483,mage,frost,118,56,62
Bibi,ragnaros,1481,mage,frost,105,47,58
Pibb,rivendare,1480,mage,frost,48,25,23
Aloredron,illidan,1479,mage,frost,77,40,37
Odaravla,proudmoore,1479,mage,frost,355,178,177
Magneto,blood-furnace,1479,mage,frost,36,17,19
Pocsermage,drakkari,1479,mage,frost,64,26,38
Cubanmage,drakkari,1477,mage,frost,42,19,23
Guyza,frostmourne,1475,mage,frost,197,95,102
Fbd,bloodscalp,1473,mage,frost,30,16,14
Canva,barthilas,1472,mage,frost,75,44,31
Toaststrudel,tichondrius,1472,mage,frost,111,52,59
Snowmassive,illidan,1471,mage,frost,42,20,22
Scrúmp,tichondrius,1470,mage,frost,80,41,39
Vecna,tichondrius,1468,mage,frost,119,57,62
Dearasian,ragnaros,1467,mage,frost,30,17,13
Ddeuuk,tichondrius,1466,mage,frost,84,41,43
Fròzen,moon-guard,1466,mage,frost,80,39,41
Cyberstar,proudmoore,1464,mage,frost,83,48,35
Osh,malorne,1464,mage,frost,56,27,29
Pizzatest,area-52,1464,mage,frost,70,30,40
Enterthevoid,proudmoore,1463,mage,frost,36,21,15
Tynka,drakkari,1463,mage,frost,30,16,14
Revised,sargeras,1462,mage,frost,94,52,42
Kaïdis,nemesis,1461,mage,frost,42,16,26
Zeshilol,stormrage,1460,mage,frost,51,21,30
Ghostofkiev,area-52,1458,mage,frost,48,26,22
Drfrostie,anvilmar,1457,mage,frost,68,35,33
Clm,lightnings-blade,1457,mage,frost,180,92,88
Clownspocket,tichondrius,1454,mage,frost,132,75,57
Tylers,moon-guard,1453,mage,frost,56,30,26
Üman,bleeding-hollow,1451,mage,frost,30,17,13
Coôler,illidan,1451,mage,frost,160,90,70
Kfortyone,kiljaeden,1450,mage,frost,30,16,14
Noescaping,illidan,1449,mage,frost,71,32,39
Hermanmiller,tichondrius,1448,mage,frost,160,82,78
Frøzzen,quelthalas,1448,mage,frost,183,90,93
Tamarolfrost,illidan,1448,mage,frost,42,20,22
Myxzz,barthilas,1447,mage,frost,380,192,188
Minerves,tichondrius,1446,mage,frost,42,20,22
Wolfgangvn,stormrage,1446,mage,frost,59,26,33
Roseofsharon,tichondrius,1446,mage,frost,42,18,24
Creatïne,stormrage,1444,mage,frost,259,132,127
Ado,zuluhed,1444,mage,frost,120,61,59
Shatturd,sargeras,1444,mage,frost,141,66,75
Skywalkerino,azralon,1443,mage,frost,47,24,23
Bettybonk,cenarius,1441,mage,frost,59,26,33
Kylar,icecrown,1440,mage,frost,72,34,38
Pvpbilly,tichondrius,1439,mage,frost,24,15,9
Sáron,quelthalas,1436,mage,frost,75,38,37
Forged,tichondrius,1436,mage,frost,60,25,35
Nicemangoes,proudmoore,1435,mage,frost,36,19,17
Slymage,illidan,1435,mage,frost,47,24,23
Kygores,tichondrius,1435,mage,frost,30,15,15
Siayo,stormscale,1433,mage,frost,46,24,22
Cumbustyomom,illidan,1433,mage,frost,30,15,15
Getsheepedon,boulderfist,1433,mage,frost,54,22,32
Sesshomaru,emerald-dream,1433,mage,frost,51,18,33
Elegantbroth,illidan,1431,mage,frost,39,20,19
Crøwgxd,tichondrius,1428,mage,frost,24,15,9
Arcaninez,bleeding-hollow,1426,mage,frost,30,18,12
Tifrodo,azralon,1425,mage,frost,82,44,38
Arckayne,zuljin,1425,mage,frost,106,44,62
Wienerjeff,area-52,1423,mage,frost,63,37,26
Kyll,moon-guard,1421,mage,frost,53,28,25
Raisonmage,tichondrius,1421,mage,frost,54,28,26
Magicbunny,andorhal,1420,mage,frost,295,151,144
Ciaooh,tichondrius,1420,mage,frost,123,59,64
Gralnur,kelthuzad,1419,mage,frost,50,27,23
Azhim,tichondrius,1419,mage,frost,74,36,38
Vocaris,stormrage,1418,mage,frost,44,27,17
Fruitdealerr,tichondrius,1418,mage,frost,30,15,15
Kahili,stormrage,1418,mage,frost,89,42,47
Bruxelejolie,twisting-nether,1417,mage,frost,48,25,23
Mclanda,frostmourne,1417,mage,frost,122,59,63
Danbì,ragnaros,1417,mage,frost,36,15,21
Abzy,sargeras,1415,mage,frost,30,17,13
Tossdztosdoz,tichondrius,1414,mage,frost,30,15,15
Biofreze,malganis,1414,mage,frost,60,26,34
Kitenic,proudmoore,1412,mage,frost,71,37,34
Solusek,garona,1406,mage,frost,24,15,9
Nate,black-dragonflight,1404,mage,frost,128,65,63
Gunzup,lightnings-blade,1403,mage,frost,30,15,15
Nargine,tichondrius,1403,mage,frost,30,15,15
Koulder,zuljin,1400,mage,frost,62,35,27
Mâsterkush,tichondrius,1399,mage,frost,58,31,27
Paü,illidan,1399,mage,frost,161,73,88
Archewing,azjolnerub,1399,mage,frost,42,16,26
Respectx,nemesis,1398,mage,frost,82,36,46
Rossanopolis,tichondrius,1397,mage,frost,59,30,29
Teetems,sargeras,1397,mage,frost,30,15,15
Mageosaurusx,tichondrius,1397,mage,frost,74,30,44
Azmage,vashj,1396,mage,frost,36,22,14
Nereidan,drakkari,1395,mage,frost,98,44,54
Starscreamm,ragnaros,1394,mage,frost,40,23,17
Asparagoose,stormrage,1392,mage,frost,53,26,27
Crymachine,garrosh,1391,mage,frost,33,17,16
Lachawr,stormrage,1390,mage,frost,244,123,121
Chadyus,illidan,1390,mage,frost,42,17,25
Fíebs,queldorei,1389,mage,frost,70,42,28
Throatdemon,hakkar,1389,mage,frost,65,33,32
Zzyuh,proudmoore,1389,mage,frost,52,25,27
Emetah,ysera,1388,mage,frost,99,43,56
Maguín,tichondrius,1384,mage,frost,30,15,15
Eraticmage,illidan,1380,mage,frost,30,16,14
Ultrá,stormscale,1379,mage,frost,33,16,17
Hugostiglets,dreadmaul,1379,mage,frost,158,74,84
Mëlkart,ragnaros,1377,mage,frost,72,36,36
Xar,guldan,1377,mage,frost,62,31,31
Zoidy,bleeding-hollow,1377,mage,frost,35,15,20
Lightsoran,tichondrius,1375,mage,frost,17,15,2
Snowypumpkin,emerald-dream,1373,mage,frost,36,17,19
Cheesebuns,proudmoore,1373,mage,frost,74,32,42
Wojnova,zuljin,1372,mage,frost,24,15,9
Rích,tichondrius,1372,mage,frost,180,85,95
Hhappier,tichondrius,1371,mage,frost,65,32,33
Deadsayru,drakkari,1371,mage,frost,64,30,34
Tagere,moon-guard,1370,mage,frost,80,38,42
Nhinsanity,ghostlands,1369,mage,frost,27,17,10
Marfaz,ravencrest,1369,mage,frost,26,15,11
Priyel,hyjal,1367,mage,frost,143,67,76
Linhny,tichondrius,1366,mage,frost,186,95,91
Dinklord,azuremyst,1365,mage,frost,36,19,17
Optic,chogall,1365,mage,frost,37,18,19
Kevymarts,tichondrius,1358,mage,frost,54,31,23
Gazzuu,ragnaros,1358,mage,frost,48,23,25
Starkp,ragnaros,1357,mage,frost,177,86,91
Puvö,tichondrius,1356,mage,frost,80,39,41
Frostitutå,eonar,1356,mage,frost,148,72,76
Arcranium,icecrown,1356,mage,frost,66,30,36
Magicmooman,thunderlord,1355,mage,frost,103,50,53
Tentaçao,stormrage,1352,mage,frost,68,34,34
Milambehr,elune,1349,mage,frost,65,34,31
Gualter,nemesis,1347,mage,frost,159,86,73
Radiku,blood-furnace,1347,mage,frost,31,16,15
Thatotherguy,lightnings-blade,1347,mage,frost,34,17,17
Kh,stormrage,1347,mage,frost,105,52,53
Gasolína,stormrage,1346,mage,frost,106,48,58
Freez,garona,1346,mage,frost,40,18,22
Phergo,ragnaros,1346,mage,frost,55,22,33
Anarista,wyrmrest-accord,1345,mage,frost,24,15,9
Aqcamus,illidan,1344,mage,frost,23,15,8
Kandyperreo,ragnaros,1343,mage,frost,85,41,44
Cryogeniks,illidan,1343,mage,frost,30,14,16
Fromcanada,eitrigg,1343,mage,frost,30,14,16
Truemagician,tichondrius,1342,mage,frost,18,14,4
Harrypothead,senjin,1342,mage,frost,41,26,15
Mageyoulooks,kelthuzad,1340,mage,frost,36,17,19
Hirune,ragnaros,1340,mage,frost,76,29,47
Pateyz,malganis,1338,mage,frost,24,14,10
Iceward,frostmourne,1337,mage,frost,30,14,16
Krabby,malganis,1337,mage,frost,66,26,40
Shäräpova,zuljin,1336,mage,frost,42,24,18
Luckysix,illidan,1336,mage,frost,36,14,22
Safu,bleeding-hollow,1335,mage,frost,120,63,57
Aherom,ragnaros,1334,mage,frost,81,45,36
Hammed,dalaran,1334,mage,frost,68,32,36
Tyning,blood-furnace,1333,mage,frost,84,43,41
Menacë,tichondrius,1333,mage,frost,120,61,59
Missingxx,silvermoon,1331,mage,frost,66,35,31
Safety,stormreaver,1330,mage,frost,146,77,69
Frostítute,alterac-mountains,1330,mage,frost,78,38,40
Bound,emerald-dream,1329,mage,frost,29,15,14
Novalocked,tichondrius,1329,mage,frost,66,28,38
Shimmerpoly,sargeras,1329,mage,frost,36,14,22
Cädemäddox,stormrage,1328,mage,frost,24,14,10
Juul,emerald-dream,1328,mage,frost,237,109,128
Vallet,ragnaros,1327,mage,frost,24,18,6
Genton,gorgonnash,1327,mage,frost,59,25,34
Epifeni,blackrock,1326,mage,frost,73,31,42
Eriktherod,maelstrom,1321,mage,frost,36,15,21
Walrusxo,kelthuzad,1320,mage,frost,36,14,22
Tarmiel,quelthalas,1319,mage,frost,54,28,26
Iladiin,malganis,1319,mage,frost,76,37,39
Nynalith,area-52,1316,mage,frost,48,26,22
Polymurph,terenas,1316,mage,frost,36,15,21
Skillcap,nagrand,1315,mage,frost,30,16,14
Aarne,thrall,1315,mage,frost,36,16,20
Numz,sargeras,1312,mage,frost,160,75,85
Cambustion,frostmourne,1311,mage,frost,42,16,26
Ragemage,borean-tundra,1311,mage,frost,59,20,39
Burist,illidan,1310,mage,frost,30,16,14
Plunks,bleeding-hollow,1310,mage,frost,80,30,50
Mntaindew,bleeding-hollow,1309,mage,frost,35,14,21
Whyammage,dalaran,1306,mage,frost,83,50,33
Vorass,kelthuzad,1305,mage,frost,48,21,27
Kryliak,ragnaros,1304,mage,frost,66,37,29
Xárdas,quelthalas,1302,mage,frost,107,56,51
Soia,ragnaros,1302,mage,frost,143,72,71
Rahzac,dalaran,1302,mage,frost,62,29,33
Haruká,ragnaros,1300,mage,frost,45,15,30
Jugobomb,madoran,1298,mage,frost,64,34,30
Jorzan,kelthuzad,1298,mage,frost,30,15,15
Vyninovan,aggramar,1295,mage,frost,47,22,25
Numaïr,kiljaeden,1292,mage,frost,92,43,49
Annalee,ragnaros,1292,mage,frost,30,14,16
Remana,anvilmar,1291,mage,frost,30,15,15
Drewzz,tichondrius,1287,mage,frost,52,28,24
Andorlin,barthilas,1287,mage,frost,59,27,32
Rastafarix,ragnaros,1285,mage,frost,47,21,26
Guji,area-52,1284,mage,frost,61,30,31
Médüsa,moon-guard,1284,mage,frost,36,16,20
Dohnutt,tichondrius,1281,mage,frost,53,25,28
Alìv,tichondrius,1281,mage,frost,202,92,110
Samaë,zuljin,1279,mage,frost,54,22,32
Ràmdas,hyjal,1278,mage,frost,60,30,30
Derpmanjr,area-52,1277,mage,frost,60,39,21
Thergon,kul-tiras,1277,mage,frost,44,22,22
Skynhet,ragnaros,1277,mage,frost,36,16,20
Wizno,darkspear,1276,mage,frost,24,14,10
Showtíme,spirestone,1273,mage,frost,24,16,8
Abracadaver,greymane,1273,mage,frost,70,38,32
Discoinferno,kelthuzad,1273,mage,frost,45,22,23
Maac,nemesis,1273,mage,frost,61,29,32
Somethinglos,sargeras,1273,mage,frost,106,47,59
Kromeus,illidan,1271,mage,frost,54,27,27
Unleáshed,moonrunner,1270,mage,frost,174,87,87
Quietusllil,gurubashi,1269,mage,frost,102,60,42
Luckysi,illidan,1268,mage,frost,38,15,23
Corucia,echo-isles,1266,mage,frost,303,152,151
Vengefuly,tichondrius,1264,mage,frost,34,17,17
Iceehott,kargath,1263,mage,frost,85,46,39
Bossmage,tichondrius,1263,mage,frost,37,15,22
Rizzbliz,sargeras,1260,mage,frost,30,16,14
Satív,moknathal,1258,mage,frost,42,25,17
Affinitty,zuljin,1258,mage,frost,66,32,34
Wowenjoyer,area-52,1257,mage,frost,115,57,58
Zedroçk,shadowmoon,1256,mage,frost,42,17,25
Paidemago,azralon,1255,mage,frost,83,47,36
Sîmply,zuljin,1255,mage,frost,76,29,47
Eskimoan,frostmourne,1255,mage,frost,48,16,32
Degenhours,illidan,1253,mage,frost,51,25,26
Svenny,tichondrius,1251,mage,frost,31,14,17
Bubbleblower,hakkar,1249,mage,frost,42,24,18
Ignit,stormrage,1248,mage,frost,56,26,30
Selless,zuljin,1247,mage,frost,78,37,41
Wanming,tichondrius,1247,mage,frost,30,13,17
Åquå,area-52,1246,mage,frost,51,28,23
Hýdramist,sargeras,1246,mage,frost,24,13,11
Tyrecgosa,tichondrius,1244,mage,frost,126,65,61
Peetufo,whisperwind,1244,mage,frost,53,23,30
Mângo,frostmourne,1243,mage,frost,24,13,11
Lucyphilis,stormrage,1243,mage,frost,86,43,43
Cheapsects,drakthul,1243,mage,frost,62,31,31
Finnese,medivh,1240,mage,frost,24,14,10
Dearyuanmage,tichondrius,1240,mage,frost,24,13,11
Vênsêr,emerald-dream,1240,mage,frost,30,13,17
Mageyoulooks,shattered-hand,1239,mage,frost,54,26,28
Merkkinz,thrall,1239,mage,frost,65,31,34
Lildabpen,tichondrius,1236,mage,frost,130,62,68
Agniih,azralon,1236,mage,frost,78,37,41
Gsr,nerzhul,1236,mage,frost,79,36,43
ßlitzkreig,area-52,1235,mage,frost,24,18,6
Hykkup,frostmourne,1232,mage,frost,24,13,11
Phoenixic,frostmourne,1232,mage,frost,191,84,107
Magifish,malganis,1231,mage,frost,62,35,27
Rankryman,quelthalas,1231,mage,frost,58,29,29
Magicginger,barthilas,1231,mage,frost,52,23,29
Gadogear,draka,1231,mage,frost,36,13,23
Auralyn,wyrmrest-accord,1230,mage,frost,31,13,18
Frostzadan,quelthalas,1228,mage,frost,56,23,33
Acarilla,stormrage,1227,mage,frost,72,30,42
Rekonx,tichondrius,1226,mage,frost,160,80,80
Valtaira,wyrmrest-accord,1225,mage,frost,208,108,100
Skizzlés,bleeding-hollow,1222,mage,frost,24,13,11
Jobar,malganis,1221,mage,frost,24,13,11
Makén,illidan,1220,mage,frost,60,38,22
Defarefa,frostmourne,1220,mage,frost,218,107,111
Jagmag,area-52,1219,mage,frost,18,14,4
Jejihev,drakkari,1219,mage,frost,35,17,18
Calcaster,aegwynn,1218,mage,frost,36,16,20
Juxmcmage,kiljaeden,1218,mage,frost,101,42,59
Trincando,azralon,1217,mage,frost,50,19,31
Athenaswrath,sargeras,1214,mage,frost,24,13,11
Feogato,proudmoore,1214,mage,frost,165,80,85
Dukky,sargeras,1213,mage,frost,24,13,11
Icelordd,ragnaros,1211,mage,frost,42,21,21
Fabled,stonemaul,1209,mage,frost,36,14,22
Djp,tichondrius,1206,mage,frost,43,25,18
Azzurn,doomhammer,1205,mage,frost,42,25,17
Sturmrevenge,lightnings-blade,1204,mage,frost,215,109,106
Gunzz,aegwynn,1202,mage,frost,48,21,27
Copperfield,dreadmaul,1201,mage,frost,163,75,88
Dumblexgamer,ragnaros,1199,mage,frost,96,42,54
Phantombila,azralon,1199,mage,frost,63,23,40
Maigoddess,proudmoore,1198,mage,frost,77,33,44
Saski,nathrezim,1196,mage,frost,30,16,14
Brobo,chogall,1194,mage,frost,26,14,12
Palruki,tichondrius,1193,mage,frost,60,22,38
Cavit,wyrmrest-accord,1192,mage,frost,78,38,40
Valrendor,nazjatar,1191,mage,frost,79,36,43
Dooie,sargeras,1189,mage,frost,52,31,21
Gromora,bleeding-hollow,1188,mage,frost,23,13,10
Plainblaine,illidan,1186,mage,frost,123,59,64
Icybanter,emerald-dream,1186,mage,frost,59,24,35
Crizzpy,tichondrius,1184,mage,frost,89,44,45
Canassa,azralon,1183,mage,frost,131,66,65
Kevdra,kelthuzad,1183,mage,frost,91,40,51
Twinklestars,sargeras,1179,mage,frost,72,40,32
Featherboo,stormrage,1178,mage,frost,41,19,22
Highafrn,area-52,1177,mage,frost,48,21,27
Icebboxx,tichondrius,1176,mage,frost,36,21,15
Daddyplease,bleeding-hollow,1176,mage,frost,54,26,28
Hotpeachpie,zuljin,1176,mage,frost,103,49,54
Evaporada,illidan,1176,mage,frost,45,20,25
Iacceptvenmo,tichondrius,1174,mage,frost,28,14,14
Surrsly,tortheldrin,1173,mage,frost,24,14,10
Gatka,quelthalas,1173,mage,frost,352,171,181
Corrmic,winterhoof,1171,mage,frost,96,49,47
Layolis,area-52,1171,mage,frost,98,49,49
Perfectpink,bleeding-hollow,1171,mage,frost,42,21,21
Khaldyn,tichondrius,1171,mage,frost,137,68,69
Skywarp,blackhand,1171,mage,frost,31,13,18
Pendrake,sargeras,1170,mage,frost,34,13,21
Darkrukia,tichondrius,1168,mage,frost,63,32,31
Cocmagic,kelthuzad,1167,mage,frost,33,15,18
Aquariusmoon,bonechewer,1166,mage,frost,60,31,29
Samuoa,tichondrius,1166,mage,frost,53,25,28
Kelvii,tichondrius,1164,mage,frost,33,16,17
Akhilá,stormrage,1163,mage,frost,35,15,20
Yamitenshi,dalaran,1162,mage,frost,68,24,44
Sahir,thaurissan,1160,mage,frost,90,42,48
Cuoreforte,moon-guard,1160,mage,frost,36,15,21
Ejzok,dreadmaul,1159,mage,frost,261,116,145
Spellblunder,barthilas,1159,mage,frost,36,16,20
Soya,sargeras,1159,mage,frost,41,18,23
Memnor,amanthul,1158,mage,frost,36,19,17
Devlux,area-52,1158,mage,frost,104,50,54
Naar,ghostlands,1156,mage,frost,42,20,22
Floopse,agamaggan,1153,mage,frost,18,13,5
Akagamix,sargeras,1153,mage,frost,59,24,35
Bçøløñápûðgé,illidan,1152,mage,frost,18,12,6
Zlint,ragnaros,1151,mage,frost,24,12,12
Damage,skullcrusher,1150,mage,frost,31,13,18
Zacx,area-52,1150,mage,frost,30,12,18
Cransmage,illidan,1149,mage,frost,36,16,20
Magewara,area-52,1147,mage,frost,18,12,6
Versacejay,sargeras,1147,mage,frost,24,12,12
Chade,dunemaul,1147,mage,frost,60,25,35
Deadmarley,blackhand,1146,mage,frost,48,26,22
Froznpizza,zuljin,1146,mage,frost,24,12,12
Pyroshima,barthilas,1145,mage,frost,40,13,27
Thaldarian,emerald-dream,1144,mage,frost,49,21,28
Yungice,hyjal,1144,mage,frost,36,14,22
Danorius,laughing-skull,1143,mage,frost,24,12,12
Frenk,moon-guard,1143,mage,frost,42,15,27
Diixynormus,illidan,1142,mage,frost,36,20,16
Vasthrash,bleeding-hollow,1142,mage,frost,78,33,45
Unlike,sargeras,1139,mage,frost,24,12,12
Tsuchek,tichondrius,1139,mage,frost,24,12,12
Hiiamtay,azralon,1138,mage,frost,26,14,12
Boldwarp,dalaran,1138,mage,frost,29,14,15
Osda,azralon,1137,mage,frost,42,23,19
Hotfixes,barthilas,1136,mage,frost,44,23,21
Smáckington,tichondrius,1136,mage,frost,168,82,86
Alatria,frostmourne,1132,mage,frost,96,39,57
Rkbj,korgath,1125,mage,frost,48,18,30
Fatum,ragnaros,1124,mage,frost,32,14,18
Elwyn,dunemaul,1123,mage,frost,27,13,14
Nazneen,elune,1122,mage,frost,73,31,42
Coldfrønt,moon-guard,1120,mage,frost,48,21,27
Cìfel,quelthalas,1117,mage,frost,35,19,16
Dannyyoo,blackrock,1116,mage,frost,23,12,11
Giovannie,zuluhed,1116,mage,frost,78,35,43
Bellåtrîx,quelthalas,1115,mage,frost,18,12,6
Who,emerald-dream,1113,mage,frost,58,27,31
Sølem,frostmourne,1112,mage,frost,42,16,26
Levitaine,bleeding-hollow,1110,mage,frost,38,19,19
Ibalyn,khazgoroth,1109,mage,frost,101,49,52
Letitgoo,azralon,1109,mage,frost,70,32,38
Castingmommy,moon-guard,1108,mage,frost,73,37,36
Granmago,azralon,1106,mage,frost,30,12,18
Brashen,stormrage,1103,mage,frost,69,37,32
Skdonkay,nerzhul,1102,mage,frost,89,45,44
Devoh,dunemaul,1100,mage,frost,26,12,14
Hollerin,whisperwind,1098,mage,frost,18,12,6
Magedango,bleeding-hollow,1095,mage,frost,35,14,21
Moonfhang,azralon,1092,mage,frost,331,158,173
Mërlîn,barthilas,1092,mage,frost,30,13,17
Esun,moon-guard,1088,mage,frost,36,17,19
Drumzter,ragnaros,1085,mage,frost,41,21,20
Ralzarek,zuluhed,1085,mage,frost,30,15,15
Finanahs,sargeras,1084,mage,frost,43,28,15
Gradivous,emerald-dream,1084,mage,frost,133,63,70
Raxxor,muradin,1084,mage,frost,52,21,31
Mageboy,bonechewer,1082,mage,frost,35,12,23
Helcarwen,area-52,1081,mage,frost,31,13,18
Xoxmage,frostmourne,1080,mage,frost,72,39,33
Wickednoob,malganis,1080,mage,frost,132,62,70
Blancnoir,tichondrius,1080,mage,frost,51,22,29
Gelile,tichondrius,1077,mage,frost,77,36,41
Dairian,whisperwind,1076,mage,frost,30,12,18
Kaël,area-52,1074,mage,frost,24,12,12
Huaerfei,thunderlord,1072,mage,frost,23,12,11
Mageeoh,bleeding-hollow,1072,mage,frost,47,15,32
Worknlurk,malganis,1071,mage,frost,30,16,14
Leets,mugthol,1070,mage,frost,18,12,6
Gryd,area-52,1070,mage,frost,88,43,45
Travarra,terenas,1069,mage,frost,60,19,41
Zould,alleria,1068,mage,frost,78,36,42
Mageolisious,kelthuzad,1063,mage,frost,30,12,18
Evieril,tichondrius,1058,mage,frost,24,14,10
Angerfrost,khazgoroth,1058,mage,frost,102,55,47
Justmoss,sargeras,1056,mage,frost,18,11,7
Dealzy,malganis,1056,mage,frost,18,11,7
Saydar,stormrage,1056,mage,frost,36,11,25
Redhell,dalaran,1055,mage,frost,18,11,7
Decady,stormrage,1055,mage,frost,18,11,7
Furisheep,stormrage,1055,mage,frost,18,11,7
Magekingz,shattered-halls,1055,mage,frost,60,29,31
Doubledown,kiljaeden,1053,mage,frost,18,11,7
Xannymancan,tichondrius,1052,mage,frost,60,23,37
Coldshouldér,nerzhul,1051,mage,frost,24,11,13
Linsz,nemesis,1051,mage,frost,24,11,13
Zuqo,sargeras,1050,mage,frost,18,11,7
Mirmaduck,wyrmrest-accord,1049,mage,frost,18,11,7
Vonfrmdao,illidan,1049,mage,frost,24,11,13
Klinkr,illidan,1049,mage,frost,30,11,19
Ggtoasted,thrall,1048,mage,frost,18,11,7
Moistcream,bloodscalp,1047,mage,frost,22,12,10
Zehlks,garrosh,1047,mage,frost,30,13,17
Astería,ragnaros,1047,mage,frost,32,11,21
Hasty,emerald-dream,1047,mage,frost,35,12,23
Zibbo,ragnaros,1046,mage,frost,18,11,7
Wawakun,ragnaros,1045,mage,frost,17,12,5
Cäelüm,area-52,1045,mage,frost,30,11,19
Kickpollyplx,lothar,1044,mage,frost,18,11,7
Dimmershnitz,draka,1044,mage,frost,18,11,7
Mindthegap,tichondrius,1044,mage,frost,57,30,27
Keahiláni,area-52,1043,mage,frost,27,13,14
Zaxrie,malganis,1043,mage,frost,24,11,13
Magicke,azgalor,1042,mage,frost,23,14,9
Evierix,illidan,1042,mage,frost,132,61,71
Drbloodmuscl,black-dragonflight,1042,mage,frost,46,21,25
Ispell,tichondrius,1040,mage,frost,30,20,10
Limeade,ursin,1038,mage,frost,24,11,13
Arkoz,tichondrius,1035,mage,frost,24,14,10
Starguy,laughing-skull,1034,mage,frost,37,14,23
Trentos,illidan,1033,mage,frost,54,29,25
Pugsmugg,icecrown,1032,mage,frost,49,13,36
Littlebeth,azjolnerub,1029,mage,frost,133,65,68
Sluagh,terenas,1028,mage,frost,64,30,34
Aurumpaleas,moon-guard,1028,mage,frost,30,14,16
Niscra,nemesis,1026,mage,frost,40,12,28
Mugiara,azralon,1025,mage,frost,27,12,15
Sciona,suramar,1025,mage,frost,141,62,79
Sigurð,khazgoroth,1025,mage,frost,42,18,24
Nksbluedeath,area-52,1023,mage,frost,24,11,13
Brokser,quelthalas,1023,mage,frost,24,11,13
Ceadruk,darkspear,1022,mage,frost,36,16,20
Frigginbeast,shattered-halls,1021,mage,frost,25,11,14
Codexzero,bleeding-hollow,1017,mage,frost,66,29,37
Merlinaa,ragnaros,1015,mage,frost,34,15,19
Trollsita,thrall,1013,mage,frost,18,11,7
Briélla,area-52,1013,mage,frost,87,42,45
Landard,exodar,1012,mage,frost,48,28,20
Voidera,wyrmrest-accord,1012,mage,frost,36,11,25
Sènding,sargeras,1010,mage,frost,42,11,31
Rizzbot,sargeras,1005,mage,frost,75,27,48
Pizzle,perenolde,1004,mage,frost,58,27,31
Neacel,tichondrius,1004,mage,frost,24,11,13
Stankfreezer,thrall,1002,mage,frost,17,11,6
Oopsyourapig,darkspear,1002,mage,frost,66,26,40
Ìgnìtìöñ,whisperwind,1001,mage,frost,27,11,16
Czq,tichondrius,1000,mage,frost,18,12,6
Twirkin,proudmoore,996,mage,frost,83,38,45
Jaymage,agamaggan,994,mage,frost,37,13,24
Vaius,proudmoore,993,mage,frost,32,17,15
Kannim,sargeras,992,mage,frost,66,27,39
Megapasta,illidan,989,mage,frost,23,11,12
Duwapkaine,sargeras,989,mage,frost,36,11,25
Mystics,dawnbringer,986,mage,frost,189,85,104
Jayfunk,sargeras,984,mage,frost,23,11,12
Bòóyah,muradin,980,mage,frost,40,21,19
Grudel,archimonde,979,mage,frost,41,21,20
Khrixa,illidan,978,mage,frost,126,59,67
Hugadoug,zuljin,977,mage,frost,42,13,29
Bigpinkies,korgath,976,mage,frost,42,16,26
Vynruki,area-52,974,mage,frost,48,23,25
Topsmagey,sargeras,973,mage,frost,54,13,41
Dejavuh,dalaran,972,mage,frost,54,25,29
Hhavok,scarlet-crusade,971,mage,frost,60,14,46
Rephlex,tichondrius,970,mage,frost,19,11,8
Crankweigth,rivendare,968,mage,frost,90,43,47
Dánó,lightbringer,968,mage,frost,48,20,28
Dieselonfire,the-venture-co,967,mage,frost,56,29,27
Cawyro,caelestrasz,963,mage,frost,83,41,42
Édika,area-52,963,mage,frost,30,11,19
Torthie,burning-blade,960,mage,frost,12,10,2
Bigsplosions,kiljaeden,960,mage,frost,15,11,4
Tainx,frostmourne,960,mage,frost,18,10,8
Hadlly,tichondrius,960,mage,frost,18,10,8
Thefridge,shadowmoon,960,mage,frost,18,10,8
Sylendron,area-52,959,mage,frost,18,10,8
Arillius,malganis,959,mage,frost,18,10,8
Ntys,frostmourne,959,mage,frost,18,10,8
Legendkiller,bleeding-hollow,959,mage,frost,18,10,8
Boogley,bloodhoof,959,mage,frost,21,11,10
Finnancy,stormrage,959,mage,frost,24,10,14
Vivàs,dalaran,958,mage,frost,18,10,8
Bigmêan,boulderfist,958,mage,frost,18,10,8
Zstyle,frostmourne,958,mage,frost,22,11,11
Fineous,kalecgos,958,mage,frost,24,10,14
Twiztidwitch,burning-legion,958,mage,frost,30,10,20
Zunyu,tichondrius,957,mage,frost,18,10,8
Hylord,tichondrius,957,mage,frost,18,10,8
Perkaset,turalyon,957,mage,frost,24,10,14
Ehduh,onyxia,956,mage,frost,24,12,12
Shephard,nemesis,956,mage,frost,24,10,14
Ranidos,area-52,955,mage,frost,18,10,8
Finnapoly,area-52,955,mage,frost,21,11,10
Westii,illidan,955,mage,frost,30,10,20
Nethros,stormrage,954,mage,frost,15,11,4
Trízín,frostmourne,954,mage,frost,18,10,8
Itension,tichondrius,952,mage,frost,18,10,8
Nnenna,bonechewer,952,mage,frost,18,10,8
Raáiden,stormrage,952,mage,frost,60,25,35
Unmix,tichondrius,952,mage,frost,24,10,14
Imoen,zangarmarsh,951,mage,frost,48,21,27
Stinker,nazjatar,951,mage,frost,24,10,14
Superoirity,trollbane,950,mage,frost,79,38,41
Keelaron,proudmoore,949,mage,frost,24,10,14
Lacewings,stormrage,949,mage,frost,24,10,14
Rasmin,greymane,948,mage,frost,40,22,18
Marschubas,drakthul,948,mage,frost,125,59,66
Shírley,tichondrius,948,mage,frost,30,10,20
Redeyez,arthas,947,mage,frost,137,65,72
Putosucio,nordrassil,947,mage,frost,24,10,14
Misfyre,malganis,946,mage,frost,28,11,17
Mideon,whisperwind,943,mage,frost,73,36,37
Syndra,korialstrasz,942,mage,frost,30,10,20
Onlyfansme,dalaran,939,mage,frost,18,10,8
Dambea,tichondrius,938,mage,frost,23,11,12
Prometheus,crushridge,937,mage,frost,64,31,33
Loa,hydraxis,937,mage,frost,24,10,14
Spellsurg,malganis,937,mage,frost,29,10,19
Bôsco,bleeding-hollow,936,mage,frost,20,11,9
Diegoneally,bleeding-hollow,936,mage,frost,63,26,37
Slot,kirin-tor,932,mage,frost,30,10,20
Maldine,tol-barad,926,mage,frost,18,10,8
Ärià,sargeras,926,mage,frost,18,10,8
Trollings,azralon,925,mage,frost,63,30,33
Crimpster,illidan,923,mage,frost,36,10,26
Fireace,emerald-dream,922,mage,frost,17,10,7
Drpeppor,blades-edge,922,mage,frost,18,10,8
Fireblast,stormscale,922,mage,frost,41,16,25
Scár,blackrock,921,mage,frost,32,16,16
Nezarrek,sargeras,912,mage,frost,59,34,25
Shaynna,tichondrius,911,mage,frost,21,10,11
Mongera,bonechewer,909,mage,frost,56,28,28
Moesel,emerald-dream,908,mage,frost,15,11,4
Leocius,daggerspine,906,mage,frost,23,10,13
Gtown,kelthuzad,905,mage,frost,29,11,18
Iceqube,drenden,903,mage,frost,14,11,3
Coldrin,tichondrius,901,mage,frost,30,12,18
Iesca,ragnaros,899,mage,frost,41,16,25
Bootnet,drakkari,895,mage,frost,84,25,59
Lillbean,thunderlord,894,mage,frost,25,11,14
Ratrider,dreadmaul,892,mage,frost,26,13,13
Brynach,trollbane,892,mage,frost,72,34,38
Deadlysok,barthilas,878,mage,frost,18,10,8
Halleph,nemesis,878,mage,frost,63,18,45
Tristania,archimonde,872,mage,frost,119,59,60
Ihaveadream,proudmoore,864,mage,frost,12,9,3
Blurrs,illidan,864,mage,frost,12,9,3
Benzos,eitrigg,864,mage,frost,12,9,3
Nalabb,illidan,864,mage,frost,12,9,3
Variex,tichondrius,864,mage,frost,12,9,3
Kaylemage,tichondrius,864,mage,frost,12,9,3
Isömetrics,tichondrius,864,mage,frost,18,9,9
Weathersmell,tichondrius,864,mage,frost,18,9,9
Hyoonsfeet,stormrage,864,mage,frost,18,9,9
Ariezx,kelthuzad,864,mage,frost,18,9,9
Bluedustfart,illidan,864,mage,frost,24,9,15
Talibandzx,sargeras,864,mage,frost,24,9,15
Skoals,thrall,864,mage,frost,29,10,19
Jottami,azralon,863,mage,frost,18,9,9
Lastiari,wyrmrest-accord,863,mage,frost,18,9,9
Blinkbotx,proudmoore,863,mage,frost,18,9,9
Juanmánce,quelthalas,863,mage,frost,20,9,11
Benjamming,ragnaros,863,mage,frost,24,9,15
Blinkharder,stormrage,863,mage,frost,24,9,15
Wolfsmind,frostmourne,863,mage,frost,30,9,21
Cryyo,queldorei,862,mage,frost,18,9,9
Åøe,tichondrius,862,mage,frost,18,9,9
Razkall,shattered-hand,862,mage,frost,18,9,9
Galiax,illidan,862,mage,frost,18,9,9
Faire,stonemaul,862,mage,frost,18,9,9
Boredomkïlls,burning-legion,862,mage,frost,18,9,9
Jodebabss,dalaran,862,mage,frost,18,9,9
Youngwiz,arthas,862,mage,frost,18,9,9
Neomage,elune,862,mage,frost,22,9,13
Kevinfan,area-52,862,mage,frost,24,9,15
Tunax,tichondrius,862,mage,frost,24,9,15
Corinthiax,wyrmrest-accord,862,mage,frost,24,9,15
Converseqt,stormrage,862,mage,frost,30,9,21
Shenme,moon-guard,861,mage,frost,20,9,11
Numb,trollbane,861,mage,frost,24,9,15
Fruza,emerald-dream,860,mage,frost,16,10,6
Pantsbeard,illidan,859,mage,frost,30,9,21
Billionnaire,tichondrius,858,mage,frost,12,9,3
Oogabooga,lethon,858,mage,frost,18,9,9
Frðstítutè,tichondrius,858,mage,frost,24,9,15
Cùrtiñ,tichondrius,858,mage,frost,30,9,21
Telios,azralon,857,mage,frost,16,10,6
Plasmah,saurfang,856,mage,frost,18,9,9
Sparklmotion,cenarius,856,mage,frost,24,9,15
Smoney,icecrown,855,mage,frost,18,9,9
Icetooseeyou,barthilas,853,mage,frost,18,9,9
Ellywizzle,tichondrius,853,mage,frost,18,9,9
Hýdro,ghostlands,853,mage,frost,24,9,15
Kaboozles,area-52,853,mage,frost,24,9,15
Naoz,ragnaros,851,mage,frost,18,9,9
Maplemage,akama,851,mage,frost,18,9,9
Babbushka,thrall,850,mage,frost,24,9,15
Zabaione,stormrage,847,mage,frost,28,10,18
Eisson,hyjal,846,mage,frost,23,9,14
Avers,frostwolf,844,mage,frost,24,9,15
Hékate,moon-guard,843,mage,frost,78,22,56
Bandagris,garrosh,840,mage,frost,21,10,11
Jarethleon,ragnaros,837,mage,frost,21,11,10
Âürõrâ,firetree,834,mage,frost,24,9,15
Taylorrain,arthas,830,mage,frost,60,25,35
Rathrizar,emerald-dream,829,mage,frost,48,21,27
Craftin,sargeras,827,mage,frost,18,9,9
Luxfumante,azralon,825,mage,frost,42,19,23
Itoncruxy,tichondrius,825,mage,frost,69,30,39
Blync,emerald-dream,821,mage,frost,18,9,9
Summey,tichondrius,815,mage,frost,29,9,20
Oharvestero,illidan,805,mage,frost,29,10,19
Airgumbo,illidan,796,mage,frost,14,9,5
Zionist,earthen-ring,796,mage,frost,14,9,5
Lünâliä,bleeding-hollow,796,mage,frost,20,10,10
Critique,malorne,792,mage,frost,75,36,39
Powder,lightninghoof,783,mage,frost,24,12,12
Assasix,tichondrius,772,mage,frost,42,13,29
Homodilf,blackrock,771,mage,frost,30,11,19
Brandonlol,area-52,768,mage,frost,12,8,4
Pipendselloy,boulderfist,768,mage,frost,12,8,4
Nefm,frostmourne,768,mage,frost,12,8,4
Edm,proudmoore,768,mage,frost,12,8,4
Wizarts,ragnaros,768,mage,frost,12,8,4
Pandazed,stormscale,768,mage,frost,12,8,4
Blaster,burning-blade,768,mage,frost,12,8,4
Eyesofrage,tichondrius,768,mage,frost,12,8,4
Wiztopher,frostmourne,768,mage,frost,12,8,4
Frightmare,sargeras,768,mage,frost,12,8,4
Krayguen,drakkari,768,mage,frost,15,9,6
Stinkyblinky,bleeding-hollow,768,mage,frost,18,8,10
Mcdude,kiljaeden,768,mage,frost,18,8,10
Dead,nemesis,768,mage,frost,18,8,10
Lycheeoolong,frostmourne,768,mage,frost,18,8,10
Blinkinghobo,sargeras,768,mage,frost,18,8,10
Yeetcannøn,illidan,768,mage,frost,18,8,10
Georgian,malfurion,768,mage,frost,18,8,10
Jooblee,illidan,768,mage,frost,18,8,10
Magibe,thrall,768,mage,frost,18,8,10
Magnificaxd,area-52,768,mage,frost,24,8,16
Mokelovinwtf,tichondrius,767,mage,frost,12,8,4
Magicmaster,quelthalas,767,mage,frost,12,8,4
Combusty,sargeras,767,mage,frost,12,8,4
Mempool,darkspear,767,mage,frost,12,8,4
Nôtôrious,thrall,767,mage,frost,12,8,4
Vonte,elune,767,mage,frost,12,8,4
Crvarla,tichondrius,767,mage,frost,12,8,4
Léras,stormrage,767,mage,frost,12,8,4
Frosttwoop,moon-guard,767,mage,frost,12,8,4
Seeumaybe,proudmoore,767,mage,frost,12,8,4
Songnineone,tichondrius,767,mage,frost,12,8,4
Qtqq,malganis,767,mage,frost,18,8,10
Staytrill,stormreaver,767,mage,frost,18,8,10
Keiiox,ragnaros,767,mage,frost,18,8,10
Centrika,emerald-dream,767,mage,frost,18,8,10
Vamplol,tichondrius,767,mage,frost,18,8,10
Wickymorph,barthilas,767,mage,frost,18,8,10
Badboykilla,dentarg,767,mage,frost,21,9,12
Failzy,darkspear,767,mage,frost,24,8,16
Teloiv,malganis,766,mage,frost,12,8,4
Mägï,tichondrius,766,mage,frost,12,8,4
Barcilas,proudmoore,766,mage,frost,24,8,16
Moonpie,frostmane,765,mage,frost,12,8,4
Moonwater,vashj,765,mage,frost,18,8,10
Emelian,barthilas,765,mage,frost,24,8,16
Rmprmp,tichondrius,764,mage,frost,18,8,10
Snowjôb,illidan,764,mage,frost,24,8,16
Marvelcuck,sargeras,763,mage,frost,12,8,4
Ashklabam,azralon,761,mage,frost,12,8,4
Diabølcangel,malganis,759,mage,frost,18,8,10
Subshero,sargeras,757,mage,frost,12,8,4
Ràisens,stormscale,755,mage,frost,12,8,4
Scmage,exodar,755,mage,frost,18,8,10
Queimabixo,azralon,755,mage,frost,18,8,10
Icepickk,blackwater-raiders,752,mage,frost,12,8,4
Hoecakez,tichondrius,749,mage,frost,17,9,8
Artruis,detheroc,748,mage,frost,12,8,4
Meliam,tichondrius,741,mage,frost,35,8,27
Bandmaid,emerald-dream,736,mage,frost,16,9,7
Cowwboydan,malganis,735,mage,frost,14,9,5
Phalkore,dalaran,735,mage,frost,16,8,8
Omegablink,sargeras,734,mage,frost,17,8,9
Silverstrza,gnomeregan,726,mage,frost,18,8,10
Heca,tichondrius,719,mage,frost,11,8,3
Rositajonez,terenas,714,mage,frost,17,9,8
Triambukh,grizzly-hills,712,mage,frost,25,10,15
Scarlin,proudmoore,703,mage,frost,11,8,3
Vasq,area-52,690,mage,frost,26,8,18
Mushys,stormrage,672,mage,frost,12,7,5
Emvepee,sargeras,672,mage,frost,12,7,5
Myfamilygpie,nazgrel,672,mage,frost,12,7,5
Kogin,thrall,672,mage,frost,12,7,5
Venruki,tichondrius,672,mage,frost,12,7,5
Kahve,dalaran,672,mage,frost,12,7,5
Elfvis,deathwing,672,mage,frost,12,7,5
Playtimex,proudmoore,672,mage,frost,12,7,5
Crnomage,area-52,672,mage,frost,12,7,5
Kujousara,stormrage,672,mage,frost,12,7,5
Legelance,malganis,672,mage,frost,12,7,5
Fakewizard,frostmane,672,mage,frost,12,7,5
Neovim,stormrage,672,mage,frost,12,7,5
Reptär,demon-soul,672,mage,frost,12,7,5
Proximalol,tichondrius,672,mage,frost,12,7,5
Lessthnthree,frostmourne,672,mage,frost,12,7,5
Bigchilly,malganis,672,mage,frost,12,7,5
Toteypotter,frostmourne,672,mage,frost,12,7,5
Xàr,ragnaros,672,mage,frost,18,7,11
Arynnwyll,chogall,672,mage,frost,18,7,11
Riverb,bleeding-hollow,672,mage,frost,18,7,11
Lillb,bleeding-hollow,672,mage,frost,18,7,11
Kbola,tichondrius,672,mage,frost,18,7,11
Licklix,tichondrius,672,mage,frost,18,7,11
Privilege,burning-legion,672,mage,frost,18,7,11
Parapio,tichondrius,672,mage,frost,24,7,17
Fortemage,tichondrius,672,mage,frost,24,7,17
Nihilitý,malganis,671,mage,frost,12,7,5
Hermiønie,quelthalas,671,mage,frost,12,7,5
Snoogma,illidan,671,mage,frost,12,7,5
Khaziiong,scilla,671,mage,frost,12,7,5
Pimbidingi,quelthalas,671,mage,frost,12,7,5
Malafar,kilrogg,671,mage,frost,12,7,5
Rekys,black-dragonflight,671,mage,frost,12,7,5
Blinksz,korgath,671,mage,frost,12,7,5
Tokiaro,tortheldrin,671,mage,frost,12,7,5
Arittamordio,sargeras,671,mage,frost,15,8,7
Msspelld,turalyon,671,mage,frost,14,7,7
Tendies,blackwater-raiders,671,mage,frost,18,7,11
Kasparhausar,garithos,671,mage,frost,18,7,11
Elemenopi,thrall,671,mage,frost,18,7,11
Arendelle,kiljaeden,671,mage,frost,18,7,11
Nickygift,tichondrius,671,mage,frost,18,7,11
Shãy,area-52,671,mage,frost,18,7,11
Kidfurry,wyrmrest-accord,670,mage,frost,12,7,5
Aulie,burning-blade,670,mage,frost,12,7,5
Tchass,skullcrusher,670,mage,frost,12,7,5
Ranje,kiljaeden,670,mage,frost,12,7,5
Syura,ragnaros,670,mage,frost,18,7,11
Xenagozs,antonidas,670,mage,frost,21,7,14
Scorgasm,thrall,669,mage,frost,12,7,5
Criticalness,illidan,669,mage,frost,12,7,5
Banída,stormrage,669,mage,frost,12,7,5
Zalatirix,bleeding-hollow,669,mage,frost,12,7,5
Havôc,malorne,669,mage,frost,12,7,5
Shinneex,ragnaros,669,mage,frost,18,7,11
Dchee,nerzhul,669,mage,frost,18,7,11
Myle,magtheridon,668,mage,frost,18,7,11
Xarmog,tichondrius,668,mage,frost,24,7,17
Nohealani,dragonmaw,667,mage,frost,15,8,7
Aumar,shandris,665,mage,frost,9,8,1
Nnexus,azralon,665,mage,frost,18,7,11
Tigoditties,emerald-dream,662,mage,frost,12,7,5
Magemochi,dalaran,658,mage,frost,12,7,5
Winstonchill,zuljin,640,mage,frost,16,7,9
Slaash,barthilas,639,mage,frost,14,8,6
Grausum,tichondrius,638,mage,frost,16,7,9
Magusia,emerald-dream,638,mage,frost,23,7,16
Leeandroo,quelthalas,623,mage,frost,17,7,10
Ghostblaze,blackhand,621,mage,frost,15,8,7
Krip,boulderfist,608,mage,frost,16,7,9
Ghili,tichondrius,607,mage,frost,11,7,4
Ghrámz,stormrage,607,mage,frost,16,7,9
Ineedashave,shandris,606,mage,frost,20,7,13
Parruka,warsong,605,mage,frost,26,7,19
Piixxiie,sargeras,601,mage,frost,14,7,7
Emìlia,malygos,576,mage,frost,6,6,0
Rosò,tichondrius,576,mage,frost,6,6,0
Sipher,boulderfist,576,mage,frost,6,6,0
Illblink,lightninghoof,576,mage,frost,12,6,6
Vritus,emerald-dream,576,mage,frost,12,6,6
Médith,ragnaros,576,mage,frost,12,6,6
Ingrumatig,tichondrius,576,mage,frost,12,6,6
Quinnc,tichondrius,576,mage,frost,12,6,6
Alludèd,illidan,576,mage,frost,12,6,6
Vixsiona,illidan,576,mage,frost,12,6,6
Saymenre,tichondrius,576,mage,frost,12,6,6
Lemonicee,sargeras,576,mage,frost,12,6,6
Celia,area-52,576,mage,frost,12,6,6
Angelsarebad,illidan,576,mage,frost,12,6,6
Prexcity,guldan,576,mage,frost,12,6,6
Röcçö,tichondrius,576,mage,frost,12,6,6
Wetsocks,alexstrasza,576,mage,frost,12,6,6
Vamage,goldrinn,576,mage,frost,12,6,6
Mägë,kirin-tor,576,mage,frost,12,6,6
Manadart,quelthalas,576,mage,frost,12,6,6
Dezz,gilneas,576,mage,frost,12,6,6
Pollylol,proudmoore,576,mage,frost,12,6,6
Phuzadd,tichondrius,576,mage,frost,12,6,6
Johncxvii,sargeras,576,mage,frost,12,6,6
Gnomoguapo,altar-of-storms,576,mage,frost,12,6,6
Magemagick,mannoroth,576,mage,frost,12,6,6
Slicktrik,area-52,576,mage,frost,12,6,6
Lunchfirst,tichondrius,576,mage,frost,12,6,6
Moogician,aerie-peak,576,mage,frost,12,6,6
Krazemagi,stormrage,576,mage,frost,18,6,12
Fatalexo,tichondrius,576,mage,frost,18,6,12
Magidius,stormrage,576,mage,frost,18,6,12
Bustercraft,kelthuzad,576,mage,frost,18,6,12
Fromcanada,tichondrius,576,mage,frost,18,6,12
Avavava,thaurissan,576,mage,frost,18,6,12
Wqnmlgbdy,tichondrius,576,mage,frost,24,6,18
Polymorphlol,queldorei,576,mage,frost,24,6,18
Féind,tichondrius,575,mage,frost,6,6,0
Thiz,kalecgos,575,mage,frost,12,6,6
Lisaerys,dalaran,575,mage,frost,12,6,6
Baultery,moon-guard,575,mage,frost,12,6,6
Bloodpumper,thrall,575,mage,frost,12,6,6
Tundraga,malganis,575,mage,frost,12,6,6
Casual,arthas,575,mage,frost,12,6,6
Cosï,ragnaros,575,mage,frost,12,6,6
Bootygoats,emerald-dream,575,mage,frost,12,6,6
Rieltar,barthilas,575,mage,frost,18,6,12
Heksyllia,wyrmrest-accord,575,mage,frost,18,6,12
Lucidgaze,bonechewer,575,mage,frost,18,6,12
Snowyj,khaz-modan,575,mage,frost,19,6,13
Nimingcn,tichondrius,575,mage,frost,24,6,18
Millions,jubeithos,575,mage,frost,24,6,18
Aggrodite,drenden,574,mage,frost,12,6,6
Irrandina,moon-guard,574,mage,frost,12,6,6
Kalzak,hyjal,574,mage,frost,12,6,6
Bartholomew,lothar,574,mage,frost,18,6,12
Tonepedo,zuljin,574,mage,frost,18,6,12
Harmful,frostmourne,574,mage,frost,18,6,12
Lincepotter,quelthalas,574,mage,frost,18,6,12
Srloko,azralon,574,mage,frost,24,6,18
Josemayer,nemesis,573,mage,frost,12,6,6
Sohotritenow,malganis,573,mage,frost,18,6,12
Litiria,burning-blade,573,mage,frost,18,6,12
Sodrezinn,illidan,571,mage,frost,12,6,6
Monstermage,madoran,571,mage,frost,18,6,12
Frostitutex,malfurion,571,mage,frost,18,6,12
Eatmyfritter,stonemaul,570,mage,frost,12,6,6
Pyromaster,emerald-dream,569,mage,frost,12,6,6
Freyia,mugthol,569,mage,frost,18,6,12
Killerflaco,drakkari,566,mage,frost,30,6,24
Coldbrute,blood-furnace,559,mage,frost,18,6,12
Casualboy,skullcrusher,527,mage,frost,11,6,5
Noyade,illidan,527,mage,frost,15,6,9
Ozwauld,emerald-dream,526,mage,frost,11,6,5
Pyromager,thrall,526,mage,frost,11,6,5
Jooss,quelthalas,521,mage,frost,18,7,11
Pidge,aggramar,519,mage,frost,22,6,16
Tatersmaccs,sargeras,517,mage,frost,20,7,13
Emieralol,tichondrius,512,mage,frost,10,6,4
Ereblink,proudmoore,511,mage,frost,11,6,5
Frostytoez,firetree,511,mage,frost,14,6,8
Korisaurus,tichondrius,496,mage,frost,13,6,7
Magerat,icecrown,480,mage,frost,6,5,1
Dasanimomo,sargeras,480,mage,frost,6,5,1
Hansol,farstriders,480,mage,frost,6,5,1
Elwynnforest,sargeras,480,mage,frost,6,5,1
Melkdud,wyrmrest-accord,480,mage,frost,6,5,1
Buffmages,malfurion,480,mage,frost,6,5,1
Fromcanadaqc,zuljin,480,mage,frost,6,5,1
Fatamericanx,area-52,480,mage,frost,6,5,1
Flavaflame,mugthol,480,mage,frost,6,5,1
Pkf,tichondrius,480,mage,frost,6,5,1
Roggitman,emerald-dream,480,mage,frost,6,5,1
Veritas,wildhammer,480,mage,frost,10,6,4
Jarvase,mugthol,480,mage,frost,10,6,4
Borntomage,sargeras,480,mage,frost,10,6,4
Pyrod,tichondrius,480,mage,frost,12,5,7
Zime,moon-guard,480,mage,frost,12,5,7
Lewpithy,area-52,480,mage,frost,12,5,7
Legendary,deathwing,480,mage,frost,12,5,7
Icetomeetyu,bleeding-hollow,480,mage,frost,12,5,7
Combustya,khazgoroth,480,mage,frost,12,5,7
Emppty,tichondrius,480,mage,frost,12,5,7
Tëy,zuljin,480,mage,frost,12,5,7
Adronicus,tichondrius,480,mage,frost,12,5,7
Foodfish,bleeding-hollow,480,mage,frost,12,5,7
Doodledew,bleeding-hollow,480,mage,frost,12,5,7
Iceyhott,bloodhoof,480,mage,frost,12,5,7
Hustle,frostmourne,480,mage,frost,12,5,7
Vires,kelthuzad,480,mage,frost,12,5,7
Maelista,tichondrius,480,mage,frost,12,5,7
Botoslàp,dragonmaw,480,mage,frost,12,5,7
Qordix,tichondrius,480,mage,frost,12,5,7
Siobhána,moon-guard,480,mage,frost,12,5,7
Starguy,terenas,480,mage,frost,12,5,7
Nunezz,mannoroth,480,mage,frost,12,5,7
Armaluna,tichondrius,480,mage,frost,12,5,7
Gadwick,alexstrasza,480,mage,frost,12,5,7
Harlloo,the-underbog,480,mage,frost,12,5,7
Triknology,dalaran,480,mage,frost,12,5,7
Frostyßamf,kiljaeden,480,mage,frost,12,5,7
Freezerburnz,illidan,480,mage,frost,12,5,7
Niccha,cenarion-circle,480,mage,frost,12,5,7
Kayenri,area-52,480,mage,frost,12,5,7
Asönia,illidan,480,mage,frost,13,5,8
Artty,velen,480,mage,frost,18,5,13
Coolbuts,area-52,480,mage,frost,18,5,13
Bibidi,emerald-dream,480,mage,frost,18,5,13
Badiatorr,alterac-mountains,480,mage,frost,18,5,13
Dreddpool,barthilas,480,mage,frost,18,5,13
Icebish,skullcrusher,480,mage,frost,18,5,13
Kutulu,aerie-peak,480,mage,frost,18,5,13
Macendra,illidan,480,mage,frost,18,5,13
Excentral,tichondrius,480,mage,frost,18,5,13
Mikwam,proudmoore,479,mage,frost,6,5,1
Gheãn,azralon,479,mage,frost,6,5,1
Raynark,nemesis,479,mage,frost,12,5,7
Dwazam,lothar,479,mage,frost,12,5,7
Kpoppin,stormrage,479,mage,frost,12,5,7
Paintsicle,thunderlord,479,mage,frost,12,5,7
Grimreefer,trollbane,479,mage,frost,12,5,7
Excelcion,bloodscalp,479,mage,frost,12,5,7
Cezax,frostmourne,479,mage,frost,12,5,7
Frostburned,thrall,479,mage,frost,12,5,7
Odinzz,azralon,479,mage,frost,12,5,7
Icesickle,barthilas,479,mage,frost,12,5,7
Phazora,suramar,479,mage,frost,12,5,7
Inumano,laughing-skull,479,mage,frost,13,5,8
Tofublock,barthilas,479,mage,frost,18,5,13
Asthar,ursin,479,mage,frost,24,5,19
Friedtuna,daggerspine,479,mage,frost,24,5,19
Suprido,illidan,478,mage,frost,15,6,9
Magodelphi,azralon,477,mage,frost,6,5,1
Tandallyn,silvermoon,477,mage,frost,6,5,1
Rawrxd,kiljaeden,477,mage,frost,12,5,7
Magotom,ragnaros,476,mage,frost,12,5,7
Locasta,kirin-tor,476,mage,frost,12,5,7
Colddevil,hyjal,476,mage,frost,19,5,14
Spazzticblur,frostwolf,473,mage,frost,12,5,7
Claddagh,kelthuzad,473,mage,frost,12,5,7
Boxslinger,illidan,462,mage,frost,23,5,18
Polyblart,hyjal,446,mage,frost,10,6,4
Barkäi,ragnaros,432,mage,frost,15,5,10
Cerisium,kiljaeden,431,mage,frost,11,5,6
Aggrosheep,tichondrius,416,mage,frost,10,5,5
Itrinketair,area-52,415,mage,frost,11,5,6
Quinnfreeze,boulderfist,414,mage,frost,11,5,6
Pew,dathremar,399,mage,frost,7,5,2
Julzx,hyjal,384,mage,frost,6,4,2
Çhíllßrõ,tichondrius,384,mage,frost,6,4,2
Orissan,stormrage,384,mage,frost,6,4,2
Xiaoxiaochu,tichondrius,384,mage,frost,6,4,2
Polymedaddi,tichondrius,384,mage,frost,6,4,2
Jamesper,tichondrius,384,mage,frost,6,4,2
Naoya,bleeding-hollow,384,mage,frost,6,4,2
Pzaz,moon-guard,384,mage,frost,6,4,2
Belven,proudmoore,384,mage,frost,6,4,2
Fromcanadaqc,tichondrius,384,mage,frost,6,4,2
Sydne,ysera,384,mage,frost,6,4,2
Myrondor,tichondrius,384,mage,frost,6,4,2
Drmarauder,cenarius,384,mage,frost,6,4,2
Respektwaman,tichondrius,384,mage,frost,6,4,2
Zokorzik,area-52,384,mage,frost,6,4,2
Digitalhoax,area-52,384,mage,frost,6,4,2
Diamondx,ragnaros,384,mage,frost,6,4,2
Turbobones,tichondrius,384,mage,frost,6,4,2
Talikuta,thrall,384,mage,frost,6,4,2
Hocusjokus,frostmourne,384,mage,frost,6,4,2
Dashdoor,stormrage,384,mage,frost,6,4,2
Udmx,zuljin,384,mage,frost,6,4,2
Cewchí,tichondrius,384,mage,frost,6,4,2
Meendy,tichondrius,384,mage,frost,6,4,2
Lohkey,darkspear,384,mage,frost,6,4,2
Frostkage,tichondrius,384,mage,frost,6,4,2
Azraël,zuljin,384,mage,frost,6,4,2
Zgodspeedz,stormrage,384,mage,frost,6,4,2
Arkane,barthilas,384,mage,frost,6,4,2
Kälis,zuljin,384,mage,frost,6,4,2
Gai,lightnings-blade,384,mage,frost,6,4,2
Frostymilk,tichondrius,384,mage,frost,6,4,2
Derrek,icecrown,384,mage,frost,6,4,2
Zolix,malganis,384,mage,frost,6,4,2
Ranj,tichondrius,384,mage,frost,6,4,2
Pingafire,tichondrius,384,mage,frost,6,4,2
Lampert,tichondrius,384,mage,frost,6,4,2
Mèduså,tichondrius,384,mage,frost,6,4,2
Neverbroke,illidan,384,mage,frost,6,4,2
Frobo,mannoroth,384,mage,frost,6,4,2
Voiddude,proudmoore,384,mage,frost,6,4,2
Frostedtips,hakkar,384,mage,frost,6,4,2
Expozed,icecrown,384,mage,frost,6,4,2
Vixm,stormrage,384,mage,frost,6,4,2
Poonfarmer,zangarmarsh,384,mage,frost,6,4,2
Schwab,warsong,384,mage,frost,6,4,2
Ratfather,the-forgotten-coast,384,mage,frost,6,4,2
Astrømagè,tichondrius,384,mage,frost,12,5,7
Sealedfate,executus,384,mage,frost,11,4,7
Shahnazz,darkspear,384,mage,frost,14,5,9
Stefan,malganis,384,mage,frost,12,4,8
Coldcaster,mugthol,384,mage,frost,12,4,8
Yeuxbleus,tichondrius,384,mage,frost,12,4,8
Oneminute,tichondrius,384,mage,frost,12,4,8
Wuzzo,tichondrius,384,mage,frost,12,4,8
Cradic,tichondrius,384,mage,frost,12,4,8
Gemaicy,sargeras,384,mage,frost,12,4,8
Hemm,nemesis,384,mage,frost,12,4,8
Nexttmage,area-52,384,mage,frost,12,4,8
Caseyjelly,tichondrius,384,mage,frost,12,4,8
Themageguy,eitrigg,384,mage,frost,12,4,8
Darthez,darkspear,384,mage,frost,12,4,8
Smeigol,sargeras,384,mage,frost,12,4,8
Badaszbich,tichondrius,384,mage,frost,12,4,8
Slurpey,moon-guard,384,mage,frost,12,4,8
Silentsoul,argent-dawn,384,mage,frost,12,4,8
Splocke,azralon,384,mage,frost,12,4,8
Yippmagus,area-52,384,mage,frost,12,4,8
Horizons,moon-guard,384,mage,frost,12,4,8
Cuthhere,malganis,384,mage,frost,12,4,8
Erlendr,moon-guard,384,mage,frost,12,4,8
Novokaine,area-52,384,mage,frost,12,4,8
Dallamar,frostwolf,384,mage,frost,12,4,8
Fishfood,bleeding-hollow,384,mage,frost,12,4,8
Natashaeb,wyrmrest-accord,384,mage,frost,12,4,8
Arcanatos,emerald-dream,384,mage,frost,12,4,8
Frostongue,azralon,384,mage,frost,12,4,8
Percivaltp,scarlet-crusade,384,mage,frost,12,4,8
Timêrmórk,kalecgos,384,mage,frost,12,4,8
Grawmp,thunderlord,384,mage,frost,12,4,8
Îùx,stormrage,384,mage,frost,12,4,8
Meduka,proudmoore,384,mage,frost,12,4,8
Aangx,stormrage,384,mage,frost,12,4,8
Fantabulous,korgath,384,mage,frost,14,4,10
Snanth,black-dragonflight,384,mage,frost,18,4,14
Fullmetal,jaedenar,384,mage,frost,18,4,14
Rolypolyman,tichondrius,384,mage,frost,24,4,20
Elconfi,ragnaros,383,mage,frost,6,4,2
Softbody,barthilas,383,mage,frost,6,4,2
Robinesque,moon-guard,383,mage,frost,12,4,8
Skazzbomb,nerzhul,383,mage,frost,12,4,8
Undersky,tichondrius,383,mage,frost,12,4,8
Cynafox,moon-guard,383,mage,frost,12,4,8
Abstractgoat,tichondrius,383,mage,frost,12,4,8
Xzude,korgath,383,mage,frost,12,4,8
Preckwinkle,moon-guard,383,mage,frost,14,4,10
Kuni,ghostlands,382,mage,frost,12,4,8
Brezman,tichondrius,382,mage,frost,12,4,8
Georgez,ragnaros,382,mage,frost,20,4,16
Zoninsasseo,tichondrius,381,mage,frost,12,4,8
Eirwan,illidan,379,mage,frost,12,4,8
Ject,ragnaros,367,mage,frost,17,4,13
Alfaflux,nemesis,366,mage,frost,17,4,13
Eanur,azralon,352,mage,frost,16,4,12
Lirahmi,quelthalas,351,mage,frost,17,4,13
Freezeup,area-52,349,mage,frost,14,7,7
Titsncoke,proudmoore,336,mage,frost,9,4,5
Jizzlez,tichondrius,335,mage,frost,11,4,7
Alladen,anubarak,332,mage,frost,9,5,4
Sheephappens,nemesis,330,mage,frost,8,5,3
Devkek,area-52,330,mage,frost,22,7,15
Icëblöck,ysera,329,mage,frost,6,5,1
Lezafort,area-52,320,mage,frost,16,4,12
Crøwgawd,tichondrius,304,mage,frost,7,4,3
Thxo,hyjal,288,mage,frost,6,3,3
Tasarion,mannoroth,288,mage,frost,6,3,3
Standbyme,bleeding-hollow,288,mage,frost,6,3,3
Pyroseraph,bleeding-hollow,288,mage,frost,6,3,3
Cinnablast,darkspear,288,mage,frost,6,3,3
Dragonie,nordrassil,288,mage,frost,6,3,3
Betaduck,bleeding-hollow,288,mage,frost,6,3,3
Coneofkony,bleeding-hollow,288,mage,frost,6,3,3
Aurumium,illidan,288,mage,frost,6,3,3
Honchó,velen,288,mage,frost,6,3,3
Floppcity,bleeding-hollow,288,mage,frost,6,3,3
Blâzer,nazjatar,288,mage,frost,6,3,3
Wabï,tichondrius,288,mage,frost,6,3,3
Gobstpper,nagrand,288,mage,frost,6,3,3
Tessarìon,tichondrius,288,mage,frost,6,3,3
Weewhimsy,wyrmrest-accord,288,mage,frost,6,3,3
Schishmage,archimonde,288,mage,frost,6,3,3
Dylantroll,tichondrius,288,mage,frost,6,3,3
Felsparkles,area-52,288,mage,frost,6,3,3
Clerene,area-52,288,mage,frost,6,3,3
Níro,zuljin,288,mage,frost,6,3,3
Frostytits,spirestone,288,mage,frost,6,3,3
Kryptekk,area-52,288,mage,frost,6,3,3
Dcup,quelthalas,288,mage,frost,6,3,3
Äntistar,emerald-dream,288,mage,frost,6,3,3
Índís,ragnaros,288,mage,frost,6,3,3
Packaged,emerald-dream,288,mage,frost,6,3,3
Simpleorz,tichondrius,288,mage,frost,6,3,3
Cbm,dalaran,288,mage,frost,6,3,3
Zukoprince,azralon,288,mage,frost,6,3,3
Murderlin,tichondrius,288,mage,frost,6,3,3
Dotznsheep,zuljin,288,mage,frost,6,3,3
Morti,sargeras,288,mage,frost,6,3,3
Personah,darkspear,288,mage,frost,6,3,3
Klødy,sargeras,288,mage,frost,6,3,3
Peptobismo,shuhalo,288,mage,frost,6,3,3
Undeadmerlin,zuljin,288,mage,frost,6,3,3
Chriglol,black-dragonflight,288,mage,frost,6,3,3
Diminisher,agamaggan,288,mage,frost,6,3,3
Frostwizard,area-52,288,mage,frost,6,3,3
Captncold,area-52,288,mage,frost,6,3,3
Nalla,nerzhul,288,mage,frost,6,3,3
Freezypeazy,bleeding-hollow,288,mage,frost,6,3,3
Kqlyy,tichondrius,288,mage,frost,6,3,3
Coldkite,tichondrius,288,mage,frost,6,3,3
Whatthesheep,sargeras,288,mage,frost,6,3,3
Abruaa,area-52,288,mage,frost,6,3,3
Benisp,stormrage,288,mage,frost,6,3,3
Orangemilk,hyjal,288,mage,frost,6,3,3
Fredcouples,tichondrius,288,mage,frost,6,3,3
Cruxx,ragnaros,288,mage,frost,6,3,3
Icecreamboy,tichondrius,288,mage,frost,6,3,3
Vértigô,illidan,288,mage,frost,6,3,3
Krililin,stormrage,288,mage,frost,6,3,3
Gpie,jubeithos,288,mage,frost,6,3,3
Bønemage,azralon,288,mage,frost,6,3,3
Midmage,tichondrius,288,mage,frost,6,3,3
Lilsake,sargeras,288,mage,frost,6,3,3
Dersão,azralon,288,mage,frost,6,3,3
Dubyaj,tichondrius,288,mage,frost,6,3,3
Isuikido,nemesis,288,mage,frost,6,3,3
Mäz,malorne,288,mage,frost,6,3,3
Dìus,malganis,288,mage,frost,6,3,3
Urbadxd,llane,288,mage,frost,6,3,3
Jaklinburton,stormrage,288,mage,frost,6,3,3
Hadesmage,illidan,288,mage,frost,6,3,3
Oomoo,malganis,288,mage,frost,6,3,3
Hiona,illidan,288,mage,frost,6,3,3
Illúmi,moon-guard,288,mage,frost,6,3,3
Címegripe,stormrage,288,mage,frost,6,3,3
Omorto,illidan,288,mage,frost,6,3,3
Natallyn,stormrage,288,mage,frost,6,3,3
Baybespice,malganis,288,mage,frost,6,3,3
Murcury,tichondrius,288,mage,frost,6,3,3
Gadalka,frostmourne,288,mage,frost,6,3,3
Wasc,kelthuzad,288,mage,frost,6,3,3
Blastoize,tichondrius,288,mage,frost,6,3,3
Nofoodforu,thrall,288,mage,frost,6,3,3
Killemz,dragonmaw,288,mage,frost,6,3,3
Whøîsýoû,kelthuzad,288,mage,frost,6,3,3
Shiryu,thrall,288,mage,frost,6,3,3
Magicianqt,tichondrius,288,mage,frost,6,3,3
Convector,tichondrius,288,mage,frost,6,3,3
Partygawd,frostmane,288,mage,frost,6,3,3
Feldt,korgath,288,mage,frost,6,3,3
Toastmg,tichondrius,288,mage,frost,6,3,3
Atwyxn,illidan,288,mage,frost,6,3,3
Faeylyn,stormrage,288,mage,frost,9,4,5
Etyx,tichondrius,288,mage,frost,10,4,6
Grynthwzrd,stormrage,288,mage,frost,12,3,9
Albbano,tichondrius,288,mage,frost,12,3,9
Littleguzto,garrosh,288,mage,frost,12,3,9
Worldonfire,ragnaros,288,mage,frost,12,3,9
Trozkov,dalaran,288,mage,frost,12,3,9
Draell,drakkari,288,mage,frost,12,3,9
Vyyp,echo-isles,288,mage,frost,12,3,9
Castermuffin,stormrage,288,mage,frost,12,3,9
Rmprmprmp,tichondrius,288,mage,frost,12,3,9
Fingeredx,zuljin,288,mage,frost,12,3,9
Maagão,azralon,288,mage,frost,12,3,9
Hqscoltt,azralon,288,mage,frost,12,3,9
Anuub,kelthuzad,288,mage,frost,12,3,9
Frstysnogirl,silvermoon,288,mage,frost,12,3,9
Technique,tichondrius,288,mage,frost,12,3,9
Nøzotica,kelthuzad,288,mage,frost,12,3,9
Momilk,blood-furnace,288,mage,frost,12,3,9
Steefers,arygos,288,mage,frost,12,3,9
Levalol,aggramar,288,mage,frost,12,3,9
Radakos,emerald-dream,288,mage,frost,12,3,9
Argyron,fizzcrank,288,mage,frost,12,3,9
Houdiinii,illidan,288,mage,frost,12,3,9
Elaro,moon-guard,288,mage,frost,12,3,9
Chukii,darkspear,288,mage,frost,12,3,9
Aderia,gorefiend,288,mage,frost,12,3,9
Gattmage,illidan,288,mage,frost,12,3,9
Ezchallenger,undermine,288,mage,frost,12,3,9
Damagicman,sargeras,288,mage,frost,12,3,9
Sukaretto,illidan,288,mage,frost,12,3,9
Stormfrieza,tichondrius,288,mage,frost,12,3,9
Hozlu,kiljaeden,288,mage,frost,12,3,9
Bootyclapper,shadowmoon,288,mage,frost,12,3,9
Linadeslayer,chogall,288,mage,frost,12,3,9
Jimmygibbler,illidan,288,mage,frost,12,3,9
Frostcakes,quelthalas,288,mage,frost,12,3,9
Rabeiro,tichondrius,288,mage,frost,12,3,9
Exonerate,mannoroth,288,mage,frost,18,3,15
Tracemaker,emerald-dream,288,mage,frost,18,3,15
Clausolas,ragnaros,287,mage,frost,6,3,3
Pyroflakes,darkspear,287,mage,frost,6,3,3
Applemage,ragnaros,287,mage,frost,6,3,3
Daimadoshi,sargeras,287,mage,frost,6,3,3
Gufi,drakkari,287,mage,frost,6,3,3
Shimotama,malganis,287,mage,frost,6,3,3
Icehero,tichondrius,287,mage,frost,6,3,3
Cölossus,gorefiend,287,mage,frost,6,3,3
Shadomijin,bronzebeard,286,mage,frost,6,3,3
Chuekona,ragnaros,256,mage,frost,10,3,7
Taevy,tichondrius,256,mage,frost,10,3,7
Drewann,draenor,239,mage,frost,5,3,2
Arielak,kelthuzad,239,mage,frost,5,3,2
Magemoney,area-52,239,mage,frost,5,3,2
Unydae,frostmourne,239,mage,frost,5,3,2
Synëx,illidan,239,mage,frost,5,3,2
Cheyz,onyxia,239,mage,frost,5,3,2
Korishi,malfurion,239,mage,frost,11,3,8
Kizran,frostmourne,239,mage,frost,11,3,8
Itsoveryo,jubeithos,239,mage,frost,11,3,8
Skerei,azralon,234,mage,frost,19,4,15
Brôcolîni,zuljin,233,mage,frost,11,4,7
Kajiuro,bleeding-hollow,224,mage,frost,10,3,7
Kinrow,stormrage,223,mage,frost,14,3,11
Ophian,shattered-hand,222,mage,frost,8,3,5
Thebraveonee,frostmourne,220,mage,frost,14,3,11
Onioneyes,area-52,192,mage,frost,4,3,1
Rayricefan,blood-furnace,192,mage,frost,4,3,1
Ryusuke,thrall,192,mage,frost,6,2,4
Halimage,zuljin,192,mage,frost,6,2,4
Viccluvin,stormrage,192,mage,frost,6,2,4
Cottonmage,malganis,192,mage,frost,6,2,4
Magickus,korgath,192,mage,frost,6,2,4
Xü,stormrage,192,mage,frost,6,2,4
Shivamode,thrall,192,mage,frost,6,2,4
Myzzl,kelthuzad,192,mage,frost,6,2,4
Icechew,area-52,192,mage,frost,6,2,4
Mager,dentarg,192,mage,frost,6,2,4
Jainamommy,emerald-dream,192,mage,frost,6,2,4
Urmagesty,daggerspine,192,mage,frost,6,2,4
Muskybiggie,bleeding-hollow,192,mage,frost,6,2,4
Purkinji,bleeding-hollow,192,mage,frost,6,2,4
Blînxx,bleeding-hollow,192,mage,frost,6,2,4
Kammany,thrall,192,mage,frost,6,2,4
Fleët,tichondrius,192,mage,frost,6,2,4
Ess,tichondrius,192,mage,frost,6,2,4
Stìnkfîst,tichondrius,192,mage,frost,6,2,4
Faxandu,tichondrius,192,mage,frost,6,2,4
Bluishhue,thrall,192,mage,frost,6,2,4
Goondalf,malganis,192,mage,frost,6,2,4
Getmaged,bleeding-hollow,192,mage,frost,6,2,4
Cantblocklul,baelgun,192,mage,frost,6,2,4
Rapidmage,malganis,192,mage,frost,6,2,4
Firehawk,azralon,192,mage,frost,6,2,4
Duhquarius,warsong,192,mage,frost,6,2,4
Magika,area-52,192,mage,frost,6,2,4
Vailor,whisperwind,192,mage,frost,6,2,4
Strêss,kelthuzad,192,mage,frost,6,2,4
Anyahs,tichondrius,192,mage,frost,6,2,4
Weedzird,thrall,192,mage,frost,6,2,4
Indignatio,arthas,192,mage,frost,6,2,4
Gusmaged,stormrage,192,mage,frost,6,2,4
Arkuran,proudmoore,192,mage,frost,6,2,4
Magichammer,arthas,192,mage,frost,6,2,4
Elfoe,sargeras,192,mage,frost,6,2,4
Chelseâ,emerald-dream,192,mage,frost,6,2,4
Sophrates,burning-blade,192,mage,frost,6,2,4
Chale,tichondrius,192,mage,frost,6,2,4
Portapoly,tichondrius,192,mage,frost,6,2,4
Rhoody,kelthuzad,192,mage,frost,6,2,4
Roarly,stonemaul,192,mage,frost,6,2,4
Makius,area-52,192,mage,frost,6,2,4
Audacy,sargeras,192,mage,frost,6,2,4
Thebrain,twisting-nether,192,mage,frost,6,2,4
Vortex,fenris,192,mage,frost,6,2,4
Uhh,blackrock,192,mage,frost,6,2,4
Lilbabyx,stormrage,192,mage,frost,6,2,4
Earff,kiljaeden,192,mage,frost,6,2,4
Airsickjet,kiljaeden,192,mage,frost,6,2,4
Sahaquiel,tichondrius,192,mage,frost,6,2,4
Snortmeth,area-52,192,mage,frost,6,2,4
Decamus,queldorei,192,mage,frost,6,2,4
Røcco,azralon,192,mage,frost,6,2,4
Nachtt,sargeras,192,mage,frost,6,2,4
Johalenneron,area-52,192,mage,frost,6,2,4
Hawx,stormrage,192,mage,frost,6,2,4
Iguanodon,proudmoore,192,mage,frost,6,2,4
Gradmage,proudmoore,192,mage,frost,6,2,4
Tzifardem,azshara,192,mage,frost,6,2,4
Khaosflare,stormrage,192,mage,frost,6,2,4
Pyröz,kelthuzad,192,mage,frost,6,2,4
Vallfire,malganis,192,mage,frost,6,2,4
Sparqablink,tichondrius,192,mage,frost,6,2,4
Sourx,doomhammer,192,mage,frost,6,2,4
Undeadmager,nerzhul,192,mage,frost,6,2,4
Arçanemage,tichondrius,192,mage,frost,6,2,4
Wyss,azralon,192,mage,frost,6,2,4
Rubybest,tichondrius,192,mage,frost,6,2,4
Sahlokinn,stormrage,192,mage,frost,6,2,4
Herzthroh,stormrage,192,mage,frost,6,2,4
Korky,dalvengyr,192,mage,frost,6,2,4
Toastsmage,tichondrius,192,mage,frost,6,2,4
Avicci,shattered-halls,192,mage,frost,6,2,4
Crazytime,tichondrius,192,mage,frost,6,2,4
Ayci,velen,192,mage,frost,6,2,4
Aeroclouda,stormrage,192,mage,frost,6,2,4
Magegpt,illidan,192,mage,frost,6,2,4
Afknz,frostmourne,192,mage,frost,6,2,4
Mageethot,moon-guard,192,mage,frost,6,2,4
Chronica,gundrak,192,mage,frost,6,2,4
Kzm,illidan,192,mage,frost,6,2,4
Qqubit,jubeithos,192,mage,frost,6,2,4
Smók,ragnaros,192,mage,frost,6,2,4
Brapture,dalaran,192,mage,frost,6,2,4
Gattî,tichondrius,192,mage,frost,6,2,4
Choctøp,frostmourne,192,mage,frost,6,2,4
Seinon,frostmourne,192,mage,frost,6,2,4
Daxiongmiao,frostmourne,192,mage,frost,6,2,4
Hyper,nagrand,192,mage,frost,6,2,4
Elfmage,tichondrius,192,mage,frost,6,2,4
Elhechizero,quelthalas,192,mage,frost,6,2,4
Massivepoo,barthilas,192,mage,frost,6,2,4
Whiteyx,saurfang,192,mage,frost,6,2,4
Kârén,aggramar,192,mage,frost,6,2,4
Fïtz,quelthalas,192,mage,frost,6,2,4
Jurgers,tichondrius,192,mage,frost,6,2,4
Bertburaat,barthilas,192,mage,frost,6,2,4
Tanedos,tichondrius,192,mage,frost,6,2,4
Echoz,frostmourne,192,mage,frost,6,2,4
Karameltart,barthilas,192,mage,frost,6,2,4
Elvin,frostmourne,192,mage,frost,6,2,4
Diveana,quelthalas,192,mage,frost,6,2,4
Biillionaire,frostmourne,192,mage,frost,6,2,4
Magiaguarra,ragnaros,192,mage,frost,6,2,4
Quesomancer,illidan,192,mage,frost,6,2,4
Raidem,dalaran,192,mage,frost,6,2,4
Biscobush,turalyon,192,mage,frost,10,3,7
Clickhard,suramar,192,mage,frost,9,2,7
Nayfrost,emerald-dream,192,mage,frost,10,2,8
Hositonet,malganis,192,mage,frost,12,2,10
Molassess,illidan,192,mage,frost,12,2,10
Zerg,fenris,192,mage,frost,12,2,10
Alode,moon-guard,192,mage,frost,12,2,10
Lemmepoly,illidan,192,mage,frost,12,2,10
Ironwolft,tichondrius,192,mage,frost,12,2,10
Mônstâ,thrall,192,mage,frost,12,2,10
Adxion,quelthalas,192,mage,frost,12,2,10
Eretik,ragnaros,192,mage,frost,12,2,10
Mendittorosa,tichondrius,192,mage,frost,12,2,10
Èvilmage,blackrock,192,mage,frost,12,2,10
Camstein,area-52,192,mage,frost,12,2,10
Dylanpickles,darkspear,192,mage,frost,12,2,10
Dashonthany,arthas,192,mage,frost,12,2,10
Rán,spirestone,192,mage,frost,12,2,10
Zyzzmirin,barthilas,192,mage,frost,12,2,10
Shwack,boulderfist,192,mage,frost,12,2,10
Joare,area-52,192,mage,frost,12,2,10
Twizz,haomarush,192,mage,frost,12,2,10
Pândàfæçé,ghostlands,191,mage,frost,4,3,1
Kahldyn,stormrage,191,mage,frost,4,3,1
Stillborn,lethon,191,mage,frost,6,2,4
Impersonator,silvermoon,191,mage,frost,6,2,4
Hense,stormrage,191,mage,frost,6,2,4
Bittérs,tichondrius,191,mage,frost,6,2,4
Renthalar,area-52,191,mage,frost,18,2,16
Cheapped,emerald-dream,175,mage,frost,6,3,3
Blakus,tichondrius,159,mage,frost,6,3,3
Wizzyx,illidan,159,mage,frost,5,2,3
Frosteddiks,shattered-halls,159,mage,frost,5,2,3
Csx,turalyon,144,mage,frost,3,3,0
Erudit,tichondrius,144,mage,frost,15,2,13
Shardgodx,kelthuzad,138,mage,frost,8,4,4
Idamnedu,crushridge,128,mage,frost,4,2,2
Máximus,illidan,128,mage,frost,4,2,2
Firèballin,tichondrius,128,mage,frost,4,2,2
Goingmassive,frostmourne,127,mage,frost,4,2,2
Proviet,frostmourne,127,mage,frost,8,2,6
Thôrsena,sargeras,96,mage,frost,3,2,1
Sillycole,emerald-dream,96,mage,frost,3,2,1
Oab,proudmoore,96,mage,frost,6,1,5
Gíldrin,proudmoore,96,mage,frost,6,1,5
Hopewingss,drakkari,96,mage,frost,6,1,5
Gnòmêrcy,kelthuzad,96,mage,frost,6,1,5
Absentbrain,stormrage,96,mage,frost,6,1,5
Ëfc,nemesis,96,mage,frost,6,1,5
Coolhandz,tichondrius,96,mage,frost,6,1,5
Loopsyliu,stormrage,96,mage,frost,6,1,5
Freezy,ghostlands,96,mage,frost,6,1,5
Professor,khadgar,96,mage,frost,6,1,5
Mazark,ghostlands,96,mage,frost,6,1,5
Freezze,malganis,96,mage,frost,6,1,5
Scarrgon,wyrmrest-accord,96,mage,frost,6,1,5
Beerandmagic,zuljin,96,mage,frost,6,1,5
Ichirou,stormrage,96,mage,frost,6,1,5
Thewizârd,stormrage,96,mage,frost,6,1,5
Magicdro,scilla,96,mage,frost,6,1,5
Sky,lightnings-blade,96,mage,frost,6,1,5
Majx,eldrethalas,96,mage,frost,6,1,5
Oring,tichondrius,96,mage,frost,6,1,5
Neverworks,tichondrius,96,mage,frost,6,1,5
Aghnez,illidan,96,mage,frost,6,1,5
Soulbite,barthilas,96,mage,frost,6,1,5
Thiccness,hydraxis,96,mage,frost,6,1,5
Michaelbust,tichondrius,96,mage,frost,6,1,5
Kattyy,drakkari,96,mage,frost,6,1,5
Truewinter,tichondrius,96,mage,frost,6,1,5
Zuhbo,moon-guard,96,mage,frost,6,1,5
Muskinite,maiev,96,mage,frost,6,1,5
Naviator,tichondrius,96,mage,frost,6,1,5
Tmi,darkspear,96,mage,frost,6,1,5
Bramicaye,illidan,96,mage,frost,6,1,5
Aerodynamiq,area-52,96,mage,frost,6,1,5
Doodleydoo,dragonmaw,96,mage,frost,6,1,5
Hruine,chogall,96,mage,frost,6,1,5
Dathoe,laughing-skull,96,mage,frost,6,1,5
Toat,dalaran,96,mage,frost,6,1,5
Mastacombust,illidan,96,mage,frost,6,1,5
Yeonmok,tichondrius,96,mage,frost,6,1,5
Fookz,malganis,96,mage,frost,6,1,5
Ogfresh,area-52,96,mage,frost,6,1,5
Magicmom,wyrmrest-accord,96,mage,frost,6,1,5
Pblastdatass,stormrage,96,mage,frost,6,1,5
Trevihl,malganis,96,mage,frost,6,1,5
Cafemagia,stormrage,96,mage,frost,6,1,5
Daltene,zuljin,96,mage,frost,6,1,5
Grandpapi,arthas,96,mage,frost,6,1,5
Ñõxx,sargeras,96,mage,frost,6,1,5
Pyrofrost,stonemaul,96,mage,frost,6,1,5
Ârcano,ragnaros,96,mage,frost,6,1,5
Spik,sargeras,96,mage,frost,6,1,5
Pikoda,azralon,96,mage,frost,6,1,5
Quickwizard,tichondrius,96,mage,frost,6,1,5
Furrblock,tichondrius,96,mage,frost,6,1,5
Futuristax,azralon,96,mage,frost,6,1,5
Heztus,area-52,96,mage,frost,6,1,5
Fadedfire,area-52,96,mage,frost,6,1,5
Ricter,hyjal,96,mage,frost,6,1,5
Daêgon,area-52,96,mage,frost,6,1,5
Arkangreen,ragnaros,96,mage,frost,6,1,5
Åpollous,frostmourne,96,mage,frost,6,1,5
Gohonn,emerald-dream,96,mage,frost,6,1,5
Frawzt,staghelm,96,mage,frost,6,1,5
Geekm,frostmourne,96,mage,frost,6,1,5
Twizzlerz,executus,96,mage,frost,6,1,5
Estymage,tichondrius,96,mage,frost,6,1,5
Kylelol,emerald-dream,96,mage,frost,6,1,5
Adrazell,sargeras,96,mage,frost,6,1,5
Themose,sargeras,96,mage,frost,6,1,5
Kaoz,emerald-dream,96,mage,frost,6,1,5
Damadness,kiljaeden,96,mage,frost,6,1,5
Braelynn,frostwolf,96,mage,frost,6,1,5
Jayaßallard,emerald-dream,96,mage,frost,6,1,5
Pirne,executus,96,mage,frost,6,1,5
Mïzzfreeze,haomarush,96,mage,frost,6,1,5
Vensyr,stormrage,96,mage,frost,12,1,11
Carmile,azralon,96,mage,frost,12,1,11
Pyrophobia,mannoroth,96,mage,frost,12,1,11
Zei,bleeding-hollow,96,mage,frost,12,1,11
Urtbre,illidan,96,mage,frost,12,1,11
Jmanpk,stormrage,96,mage,frost,12,1,11
Shizdain,zuljin,96,mage,frost,12,1,11
Ldc,kelthuzad,96,mage,frost,12,1,11
Bøndu,zuljin,96,mage,frost,12,1,11
Taladas,suramar,96,mage,frost,12,1,11
Tema,daggerspine,96,mage,frost,12,1,11
Voxbluvine,hakkar,96,mage,frost,18,1,17
Icemaker,destromath,95,mage,frost,18,1,17
Ventiarcana,area-52,79,mage,frost,5,1,4
Notria,illidan,79,mage,frost,5,1,4
Buckybever,illidan,79,mage,frost,11,1,10
Frostybihh,bonechewer,64,mage,frost,4,1,3
Tharaja,quelthalas,63,mage,frost,2,2,0
Unclekyle,skullcrusher,48,mage,frost,3,1,2
Lv,stormscale,48,mage,frost,9,1,8
Jiblemynippl,illidan,42,mage,frost,7,2,5
Kushjointz,tichondrius,42,mage,frost,11,3,8
ßlínkÿ,tichondrius,42,mage,frost,13,3,10
Fizzlepops,kiljaeden,31,mage,frost,2,1,1
Shiniceman,skywall,31,mage,frost,2,1,1
Bmõ,stormrage,31,mage,frost,2,1,1
Mysticallx,sargeras,2314,monk,mistweaver,90,59,31
Dãnwun,tichondrius,2284,monk,mistweaver,102,63,39
Sharkpiggie,illidan,2283,monk,mistweaver,102,66,36
Akkiraa,sargeras,2283,monk,mistweaver,95,60,35
Sharkpiglet,illidan,2282,monk,mistweaver,237,150,87
Dannycarey,tichondrius,2278,monk,mistweaver,78,55,23
Garbagemonk,scilla,2277,monk,mistweaver,191,120,71
Woezx,stormreaver,2264,monk,mistweaver,68,47,21
Réðçräñé,sargeras,2263,monk,mistweaver,78,52,26
Linlol,tichondrius,2257,monk,mistweaver,478,278,200
Dowsk,tichondrius,2247,monk,mistweaver,118,74,44
Meepmonk,tichondrius,2246,monk,mistweaver,120,73,47
Mãsterpõ,tichondrius,2238,monk,mistweaver,325,177,148
Akkiira,sargeras,2229,monk,mistweaver,114,64,50
Raddxd,illidan,2227,monk,mistweaver,95,64,31
Weavied,sargeras,2215,monk,mistweaver,156,84,72
Stinkycok,tichondrius,2214,monk,mistweaver,84,54,30
Canghaimonk,tichondrius,2201,monk,mistweaver,269,140,129
Canghaigg,tichondrius,2194,monk,mistweaver,156,100,56
Jep,tichondrius,2190,monk,mistweaver,144,91,53
Vaen,kelthuzad,2173,monk,mistweaver,102,61,41
Ðrägønéyèz,malygos,2168,monk,mistweaver,211,119,92
Oliveirarr,tichondrius,2168,monk,mistweaver,258,139,119
Cool,crushridge,2167,monk,mistweaver,126,75,51
Parodies,illidan,2162,monk,mistweaver,109,57,52
Idiotgriefer,tichondrius,2161,monk,mistweaver,112,61,51
Sloppyroppy,tichondrius,2154,monk,mistweaver,113,66,47
Cuteballs,tichondrius,2153,monk,mistweaver,105,62,43
Flarks,area-52,2151,monk,mistweaver,155,80,75
Pragma,kiljaeden,2148,monk,mistweaver,90,55,35
Wolf,shattered-hand,2145,monk,mistweaver,65,39,26
Secdog,tichondrius,2145,monk,mistweaver,90,46,44
Moonym,frostmourne,2144,monk,mistweaver,80,48,32
Hernameplz,proudmoore,2144,monk,mistweaver,171,92,79
Griefgodx,tichondrius,2143,monk,mistweaver,116,67,49
Zenjj,thorium-brotherhood,2142,monk,mistweaver,291,163,128
Dro,khadgar,2141,monk,mistweaver,66,39,27
Vramonk,area-52,2141,monk,mistweaver,115,64,51
Furiousfrank,stormrage,2140,monk,mistweaver,114,70,44
Moremoretea,tichondrius,2140,monk,mistweaver,87,53,34
Illify,tichondrius,2138,monk,mistweaver,78,56,22
Purgenm,tichondrius,2137,monk,mistweaver,120,66,54
Quitw,tichondrius,2136,monk,mistweaver,91,50,41
Nohandslost,blackrock,2136,monk,mistweaver,240,122,118
Crunchyrollx,tichondrius,2135,monk,mistweaver,66,49,17
Xeus,darkspear,2133,monk,mistweaver,60,38,22
Jetnoob,sargeras,2132,monk,mistweaver,132,72,60
Woggitie,jubeithos,2129,monk,mistweaver,68,45,23
Igriefidiots,tichondrius,2129,monk,mistweaver,71,40,31
Ringofpeace,sargeras,2128,monk,mistweaver,60,40,20
Wheatsli,malganis,2126,monk,mistweaver,138,81,57
Proghouse,illidan,2126,monk,mistweaver,114,61,53
Timermørk,kalecgos,2122,monk,mistweaver,139,86,53
Slunka,tichondrius,2121,monk,mistweaver,72,42,30
Yogapantsx,nerzhul,2117,monk,mistweaver,86,47,39
Mcoos,tichondrius,2116,monk,mistweaver,270,162,108
Kicub,emerald-dream,2115,monk,mistweaver,84,44,40
Oblivæon,tichondrius,2114,monk,mistweaver,78,47,31
Itzokinlol,malganis,2113,monk,mistweaver,114,70,44
Firewatches,emerald-dream,2113,monk,mistweaver,72,42,30
Nilox,sargeras,2113,monk,mistweaver,299,163,136
Tekuto,tichondrius,2112,monk,mistweaver,174,109,65
Moldboy,area-52,2112,monk,mistweaver,75,45,30
Fúrùkáùntà,sargeras,2111,monk,mistweaver,62,41,21
Ccain,stormrage,2111,monk,mistweaver,145,78,67
Melonmuncher,duskwood,2109,monk,mistweaver,147,85,62
Pandacottoca,azralon,2107,monk,mistweaver,132,88,44
Gsdfjskpx,sargeras,2107,monk,mistweaver,306,165,141
Kris,llane,2105,monk,mistweaver,122,72,50
Praggers,proudmoore,2105,monk,mistweaver,198,104,94
Gameníne,tichondrius,2103,monk,mistweaver,72,42,30
Esqu,sargeras,2102,monk,mistweaver,66,42,24
Benneroy,moon-guard,2102,monk,mistweaver,54,34,20
Millé,frostmourne,2102,monk,mistweaver,84,52,32
Brewtankx,tichondrius,2102,monk,mistweaver,101,62,39
Waggìes,moon-guard,2101,monk,mistweaver,83,50,33
Nakedidiot,kelthuzad,2101,monk,mistweaver,144,86,58
Shadmw,barthilas,2100,monk,mistweaver,72,50,22
Pandacottoco,azralon,2100,monk,mistweaver,126,71,55
Heywhatsup,emerald-dream,2097,monk,mistweaver,102,50,52
Natalié,caelestrasz,2093,monk,mistweaver,143,83,60
Nezly,sargeras,2092,monk,mistweaver,185,92,93
Originull,darkspear,2086,monk,mistweaver,131,72,59
Nfm,cairne,2085,monk,mistweaver,227,127,100
Elvenmonk,frostmane,2080,monk,mistweaver,72,44,28
Hydroz,dethecus,2080,monk,mistweaver,101,56,45
Vaemonka,stormrage,2077,monk,mistweaver,231,133,98
Postmark,tichondrius,2075,monk,mistweaver,101,58,43
Taichí,tichondrius,2073,monk,mistweaver,291,149,142
Gogumamonk,tichondrius,2071,monk,mistweaver,132,66,66
Lodbork,tichondrius,2064,monk,mistweaver,256,141,115
Actualcrime,tichondrius,2059,monk,mistweaver,66,38,28
Meepmonk,kilrogg,2059,monk,mistweaver,57,32,25
Sqmw,tichondrius,2057,monk,mistweaver,72,42,30
Friendshipx,emerald-dream,2055,monk,mistweaver,54,39,15
Yangroumo,tichondrius,2055,monk,mistweaver,155,89,66
Glqjkglbfgdl,zuljin,2053,monk,mistweaver,156,86,70
Emoeres,kelthuzad,2051,monk,mistweaver,134,65,69
Breadweaver,malganis,2051,monk,mistweaver,108,52,56
Strugglebus,sargeras,2049,monk,mistweaver,60,39,21
Wagfu,moon-guard,2045,monk,mistweaver,70,40,30
Zuhak,tichondrius,2043,monk,mistweaver,96,54,42
Ezqueue,area-52,2042,monk,mistweaver,42,31,11
Thèwy,tichondrius,2041,monk,mistweaver,71,45,26
Zhoku,tichondrius,2040,monk,mistweaver,70,42,28
Tyliyah,tichondrius,2039,monk,mistweaver,59,40,19
Babyfaceqt,skullcrusher,2036,monk,mistweaver,267,141,126
Oldmanswirl,mugthol,2035,monk,mistweaver,120,67,53
Venfuki,tichondrius,2033,monk,mistweaver,84,48,36
Neuron,spirestone,2033,monk,mistweaver,56,30,26
Àvríam,stormrage,2032,monk,mistweaver,175,84,91
Fizzlefarmer,moon-guard,2031,monk,mistweaver,89,54,35
Brazfu,skullcrusher,2031,monk,mistweaver,153,89,64
Xdfu,stormrage,2025,monk,mistweaver,137,84,53
Qtmonk,emerald-dream,2023,monk,mistweaver,189,111,78
Triixxy,thrall,2018,monk,mistweaver,101,64,37
Vinnyd,tichondrius,2017,monk,mistweaver,63,40,23
Boogstyle,malganis,2014,monk,mistweaver,151,83,68
Morzmyth,nemesis,2014,monk,mistweaver,286,144,142
Bhoredom,kiljaeden,2012,monk,mistweaver,164,90,74
Drdabz,illidan,2012,monk,mistweaver,90,46,44
Danarolls,spirestone,2012,monk,mistweaver,125,63,62
Punchgodx,greymane,2010,monk,mistweaver,78,46,32
Huaren,tichondrius,2007,monk,mistweaver,173,94,79
Sypìì,stormrage,2007,monk,mistweaver,144,77,67
Bungfist,stormrage,2006,monk,mistweaver,41,29,12
Jakethegreat,moknathal,2004,monk,mistweaver,217,124,93
Voidstate,stormrage,2002,monk,mistweaver,137,74,63
Assez,tichondrius,2002,monk,mistweaver,91,48,43
Heha,tichondrius,2000,monk,mistweaver,412,210,202
Aviee,illidan,2000,monk,mistweaver,210,105,105
Taeeun,tichondrius,1994,monk,mistweaver,57,38,19
Tyrfan,sargeras,1994,monk,mistweaver,154,84,70
Chimme,skywall,1992,monk,mistweaver,132,76,56
Thet,sargeras,1989,monk,mistweaver,177,90,87
Wingchungus,sargeras,1987,monk,mistweaver,42,30,12
Leetcoder,tichondrius,1987,monk,mistweaver,225,134,91
Nerf,malganis,1986,monk,mistweaver,47,31,16
Lépøissøn,tichondrius,1986,monk,mistweaver,91,53,38
Brewsome,bloodhoof,1986,monk,mistweaver,94,52,42
Yepcocc,lightbringer,1985,monk,mistweaver,59,36,23
Jiwå,terenas,1985,monk,mistweaver,648,328,320
Nesoween,tichondrius,1979,monk,mistweaver,110,65,45
Nuriva,tichondrius,1977,monk,mistweaver,88,62,26
Kaylux,stormrage,1974,monk,mistweaver,60,36,24
Ilovefrogs,stormrage,1974,monk,mistweaver,90,46,44
Martiálfarts,malganis,1973,monk,mistweaver,42,30,12
Itsbald,bleeding-hollow,1969,monk,mistweaver,200,112,88
Liltuna,icecrown,1968,monk,mistweaver,42,26,16
Xzeer,illidan,1966,monk,mistweaver,65,44,21
Kristië,stormrage,1963,monk,mistweaver,54,37,17
Qup,lightbringer,1963,monk,mistweaver,132,88,44
Hawainpunch,stormscale,1961,monk,mistweaver,90,53,37
Zaqqari,wyrmrest-accord,1961,monk,mistweaver,138,72,66
Mxf,tichondrius,1960,monk,mistweaver,60,37,23
Yasysy,tichondrius,1960,monk,mistweaver,72,41,31
Crypomunkz,malganis,1960,monk,mistweaver,102,54,48
Suamw,tichondrius,1956,monk,mistweaver,138,68,70
Swurvex,bleeding-hollow,1956,monk,mistweaver,108,52,56
Paperfist,stormrage,1955,monk,mistweaver,138,95,43
Speedcapped,area-52,1954,monk,mistweaver,138,67,71
Hafezassad,illidan,1954,monk,mistweaver,48,23,25
Cangry,area-52,1950,monk,mistweaver,77,41,36
Zamist,sargeras,1949,monk,mistweaver,84,52,32
Lexxbtw,thrall,1947,monk,mistweaver,238,131,107
Ekn,tichondrius,1945,monk,mistweaver,66,45,21
Chadweave,moon-guard,1945,monk,mistweaver,520,272,248
Xcrispy,scilla,1944,monk,mistweaver,79,48,31
Gabîmaru,area-52,1944,monk,mistweaver,192,114,78
Baychiz,sargeras,1940,monk,mistweaver,84,46,38
Wetchickennz,tichondrius,1940,monk,mistweaver,184,100,84
Shùù,tichondrius,1938,monk,mistweaver,71,43,28
Discurzed,barthilas,1938,monk,mistweaver,199,114,85
Orbgodx,darkspear,1938,monk,mistweaver,78,42,36
Akiramenaide,tichondrius,1936,monk,mistweaver,64,44,20
Físterxd,bleeding-hollow,1934,monk,mistweaver,336,179,157
Ilovekok,sargeras,1933,monk,mistweaver,84,64,20
Beez,balnazzar,1931,monk,mistweaver,69,35,34
Zeçe,tichondrius,1930,monk,mistweaver,42,26,16
Stepfistz,aegwynn,1930,monk,mistweaver,154,90,64
Rokkon,sargeras,1930,monk,mistweaver,130,71,59
Tonyboloney,tichondrius,1928,monk,mistweaver,48,30,18
Mixon,archimonde,1927,monk,mistweaver,36,25,11
Strongmandan,twisting-nether,1926,monk,mistweaver,72,36,36
Oppsimop,frostmourne,1924,monk,mistweaver,146,83,63
Brews,black-dragonflight,1924,monk,mistweaver,121,65,56
Imdabes,velen,1923,monk,mistweaver,72,39,33
Vethosis,illidan,1921,monk,mistweaver,43,27,16
Briàr,area-52,1921,monk,mistweaver,66,36,30
Ònó,quelthalas,1919,monk,mistweaver,67,39,28
Xitearith,ragnaros,1919,monk,mistweaver,71,41,30
Vongg,tichondrius,1919,monk,mistweaver,84,44,40
Abellmonk,tichondrius,1918,monk,mistweaver,209,120,89
Evilfantum,illidan,1917,monk,mistweaver,72,51,21
Decompress,illidan,1916,monk,mistweaver,111,67,44
Soprà,zuljin,1914,monk,mistweaver,63,39,24
Sillyguy,stormrage,1913,monk,mistweaver,119,76,43
Carzzy,sargeras,1913,monk,mistweaver,124,66,58
Kansú,ragnaros,1913,monk,mistweaver,100,53,47
Confa,ragnaros,1913,monk,mistweaver,286,144,142
Jtea,malganis,1910,monk,mistweaver,35,26,9
Zlatan,thaurissan,1910,monk,mistweaver,72,37,35
Spook,kalecgos,1909,monk,mistweaver,91,58,33
Youngsìnatra,muradin,1909,monk,mistweaver,54,32,22
Michæ,ragnaros,1909,monk,mistweaver,285,156,129
Loudpäck,dalaran,1907,monk,mistweaver,89,61,28
Drracaryss,sargeras,1907,monk,mistweaver,317,172,145
Shlunks,illidan,1906,monk,mistweaver,327,183,144
Ephéyxq,area-52,1905,monk,mistweaver,42,25,17
Basedbuck,dalaran,1904,monk,mistweaver,36,23,13
Keshir,sargeras,1903,monk,mistweaver,111,71,40
Aegea,illidan,1901,monk,mistweaver,67,37,30
Canadá,bleeding-hollow,1896,monk,mistweaver,60,41,19
Elcidx,tichondrius,1896,monk,mistweaver,36,24,12
Jojostar,shadowsong,1896,monk,mistweaver,62,39,23
Mekawa,gurubashi,1895,monk,mistweaver,46,31,15
Wrxx,kelthuzad,1895,monk,mistweaver,358,177,181
Worldhopperx,area-52,1894,monk,mistweaver,89,57,32
Milkshayx,kiljaeden,1894,monk,mistweaver,60,35,25
Dampdampdamp,tichondrius,1893,monk,mistweaver,30,25,5
Sniffinsteak,laughing-skull,1892,monk,mistweaver,42,33,9
Taelinn,moonrunner,1892,monk,mistweaver,72,35,37
Stonemists,ragnaros,1891,monk,mistweaver,107,64,43
Ileffsinll,illidan,1890,monk,mistweaver,155,88,67
Alphamist,thrall,1887,monk,mistweaver,48,28,20
Zengriff,ysondre,1885,monk,mistweaver,72,44,28
Ahlam,tichondrius,1885,monk,mistweaver,170,91,79
Mavvi,tichondrius,1884,monk,mistweaver,200,106,94
Flavier,illidan,1883,monk,mistweaver,60,33,27
Timbomist,kelthuzad,1883,monk,mistweaver,103,56,47
Antriai,icecrown,1883,monk,mistweaver,132,62,70
Monktease,tichondrius,1882,monk,mistweaver,120,62,58
Poppinbrews,thrall,1880,monk,mistweaver,46,27,19
Ándi,barthilas,1880,monk,mistweaver,59,32,27
Dwánesan,tichondrius,1879,monk,mistweaver,84,51,33
Yobeel,tichondrius,1879,monk,mistweaver,66,27,39
Toyotasupra,emerald-dream,1878,monk,mistweaver,78,48,30
Pandatrainer,drakkari,1878,monk,mistweaver,72,44,28
Fenriranger,tichondrius,1878,monk,mistweaver,172,105,67
Dancah,eitrigg,1877,monk,mistweaver,47,23,24
Toozmania,stormrage,1876,monk,mistweaver,52,31,21
Vernki,laughing-skull,1875,monk,mistweaver,95,59,36
Hinåta,thrall,1874,monk,mistweaver,46,29,17
Youstop,stormrage,1874,monk,mistweaver,158,91,67
Sifu,bleeding-hollow,1873,monk,mistweaver,59,36,23
Mixflo,bleeding-hollow,1873,monk,mistweaver,45,24,21
Spicyx,kiljaeden,1871,monk,mistweaver,30,24,6
Robocto,area-52,1869,monk,mistweaver,102,61,41
Takugava,illidan,1868,monk,mistweaver,126,82,44
Tokol,tichondrius,1866,monk,mistweaver,173,93,80
Dalillama,stormreaver,1865,monk,mistweaver,48,31,17
Poscom,tichondrius,1865,monk,mistweaver,179,113,66
Lmhs,tichondrius,1865,monk,mistweaver,120,63,57
Logtich,moon-guard,1864,monk,mistweaver,78,42,36
Gabaan,azralon,1864,monk,mistweaver,156,79,77
Gtmdyjs,illidan,1863,monk,mistweaver,35,24,11
Elesm,area-52,1863,monk,mistweaver,144,67,77
Hdyww,tichondrius,1862,monk,mistweaver,84,50,34
Rokk,rivendare,1862,monk,mistweaver,102,60,42
Bengotitboi,magtheridon,1862,monk,mistweaver,58,32,26
Kelstrike,sargeras,1861,monk,mistweaver,54,34,20
Xhangtu,thrall,1861,monk,mistweaver,195,121,74
Pinkfairy,wyrmrest-accord,1860,monk,mistweaver,36,24,12
Papermade,barthilas,1860,monk,mistweaver,48,26,22
Watersheep,darkspear,1860,monk,mistweaver,78,40,38
Liteup,smolderthorn,1859,monk,mistweaver,599,300,299
Xinergy,illidan,1858,monk,mistweaver,109,71,38
Cmonktwo,turalyon,1858,monk,mistweaver,54,31,23
Dreadgladgum,tichondrius,1858,monk,mistweaver,54,27,27
Sevenmonk,tichondrius,1857,monk,mistweaver,54,36,18
Jaja,kiljaeden,1857,monk,mistweaver,60,34,26
Wpola,tichondrius,1856,monk,mistweaver,48,31,17
Earlyybiirdd,sargeras,1856,monk,mistweaver,54,34,20
Cmonk,turalyon,1856,monk,mistweaver,40,24,16
Piilsburry,sargeras,1855,monk,mistweaver,48,26,22
Søpra,zuljin,1853,monk,mistweaver,144,83,61
Shad,frostmourne,1853,monk,mistweaver,102,58,44
Beejae,tichondrius,1853,monk,mistweaver,37,20,17
Zdeg,tichondrius,1852,monk,mistweaver,51,28,23
Senseipwnda,stormrage,1851,monk,mistweaver,83,49,34
Fluval,moon-guard,1850,monk,mistweaver,71,47,24
Bearmode,wyrmrest-accord,1850,monk,mistweaver,36,23,13
Zilph,malganis,1849,monk,mistweaver,72,40,32
Damogen,spinebreaker,1849,monk,mistweaver,54,28,26
Centalink,barthilas,1848,monk,mistweaver,110,73,37
Zipmw,tichondrius,1848,monk,mistweaver,66,36,30
Rhorkfist,frostmourne,1847,monk,mistweaver,85,51,34
Grif,nazjatar,1847,monk,mistweaver,231,114,117
Proxy,ragnaros,1846,monk,mistweaver,46,31,15
Wizlee,tichondrius,1845,monk,mistweaver,60,34,26
Zukki,zuljin,1845,monk,mistweaver,226,119,107
Mð,vashj,1845,monk,mistweaver,253,132,121
Cenfu,malganis,1845,monk,mistweaver,78,34,44
Fîstweave,emerald-dream,1844,monk,mistweaver,77,45,32
Noremaç,frostmourne,1844,monk,mistweaver,48,28,20
Snuggubae,moon-guard,1844,monk,mistweaver,204,111,93
Shiinobi,area-52,1844,monk,mistweaver,152,81,71
Yujiro,draktharon,1843,monk,mistweaver,36,23,13
Crabfest,zuljin,1843,monk,mistweaver,60,35,25
Kriticalkush,kelthuzad,1843,monk,mistweaver,59,34,25
Djkungfu,thrall,1842,monk,mistweaver,216,126,90
Wombglazer,dalaran,1841,monk,mistweaver,34,26,8
Planetariumz,bleeding-hollow,1841,monk,mistweaver,449,245,204
Misthealz,black-dragonflight,1840,monk,mistweaver,142,89,53
Okchat,emerald-dream,1840,monk,mistweaver,246,139,107
Cööked,illidan,1840,monk,mistweaver,81,44,37
Intra,exodar,1840,monk,mistweaver,180,96,84
Ropturttlê,tichondrius,1839,monk,mistweaver,53,34,19
Bouncymoo,frostmourne,1839,monk,mistweaver,47,27,20
Fingies,whisperwind,1838,monk,mistweaver,60,36,24
Hugdealer,warsong,1838,monk,mistweaver,86,51,35
Caffeinated,barthilas,1838,monk,mistweaver,274,135,139
Nabunaga,illidan,1837,monk,mistweaver,42,34,8
Boofen,stormrage,1836,monk,mistweaver,30,22,8
Irraeine,malganis,1836,monk,mistweaver,48,31,17
Itspoils,illidan,1835,monk,mistweaver,73,53,20
Veejaex,stormreaver,1835,monk,mistweaver,39,27,12
Mistqt,illidan,1835,monk,mistweaver,83,49,34
Zarenki,tichondrius,1835,monk,mistweaver,73,33,40
Supbro,hyjal,1834,monk,mistweaver,36,23,13
Monjimen,ragnaros,1834,monk,mistweaver,408,216,192
Powert,bleeding-hollow,1834,monk,mistweaver,48,25,23
Blackoutmonk,stormreaver,1833,monk,mistweaver,131,80,51
Harkwind,azralon,1833,monk,mistweaver,187,108,79
Guarantee,tichondrius,1832,monk,mistweaver,182,102,80
Cmonkey,turalyon,1831,monk,mistweaver,48,31,17
Zor,stormscale,1831,monk,mistweaver,78,44,34
Jiskweaver,sargeras,1831,monk,mistweaver,43,24,19
Ichiros,cenarion-circle,1830,monk,mistweaver,390,219,171
Chonmist,darkspear,1829,monk,mistweaver,92,60,32
Chignar,dathremar,1829,monk,mistweaver,42,27,15
Zenox,rexxar,1829,monk,mistweaver,114,65,49
Drunkenfist,chogall,1829,monk,mistweaver,71,32,39
Ricearolli,area-52,1828,monk,mistweaver,48,35,13
Roypoker,illidan,1828,monk,mistweaver,54,39,15
Turbokíll,proudmoore,1828,monk,mistweaver,54,30,24
Baoma,tichondrius,1827,monk,mistweaver,95,55,40
Monklike,illidan,1827,monk,mistweaver,60,30,30
Macrobrewski,tichondrius,1825,monk,mistweaver,41,32,9
Mackiechan,kelthuzad,1825,monk,mistweaver,164,92,72
Phunkymonkey,mannoroth,1825,monk,mistweaver,102,56,46
Jackouse,frostmourne,1824,monk,mistweaver,56,34,22
Bradyfour,moon-guard,1824,monk,mistweaver,212,121,91
Onepunçhman,stormreaver,1824,monk,mistweaver,250,141,109
Threefanandy,kelthuzad,1823,monk,mistweaver,48,28,20
Patfu,area-52,1823,monk,mistweaver,57,32,25
Moushindeiru,sargeras,1822,monk,mistweaver,84,60,24
Zenchi,kelthuzad,1821,monk,mistweaver,36,26,10
Vynchi,area-52,1821,monk,mistweaver,97,67,30
Cyrøwø,ragnaros,1821,monk,mistweaver,78,50,28
Exmist,tichondrius,1821,monk,mistweaver,107,64,43
Tazi,chromaggus,1821,monk,mistweaver,84,50,34
Gellindra,malganis,1820,monk,mistweaver,42,32,10
Voltio,frostmane,1820,monk,mistweaver,103,68,35
Karatechawp,bleeding-hollow,1820,monk,mistweaver,88,57,31
Chaddington,malorne,1820,monk,mistweaver,48,30,18
Miley,lethon,1820,monk,mistweaver,39,24,15
Cromulent,saurfang,1820,monk,mistweaver,140,74,66
Barelroll,proudmoore,1819,monk,mistweaver,122,83,39
Monknutt,tichondrius,1819,monk,mistweaver,56,32,24
Wootzhu,zuljin,1819,monk,mistweaver,128,66,62
Fatnugly,sargeras,1818,monk,mistweaver,62,39,23
Peege,kelthuzad,1818,monk,mistweaver,249,153,96
Udderpunch,barthilas,1818,monk,mistweaver,95,58,37
Knuqz,stormrage,1818,monk,mistweaver,48,25,23
Diggster,area-52,1818,monk,mistweaver,51,23,28
Malibrew,proudmoore,1817,monk,mistweaver,42,29,13
Deathsteel,emerald-dream,1817,monk,mistweaver,41,25,16
Fistinator,blackrock,1817,monk,mistweaver,120,71,49
Toxicbeans,tichondrius,1817,monk,mistweaver,100,58,42
Rektral,ragnaros,1817,monk,mistweaver,127,73,54
Bubblepony,illidan,1817,monk,mistweaver,313,164,149
Dgmonk,tichondrius,1816,monk,mistweaver,42,30,12
Metakillër,ragnaros,1816,monk,mistweaver,142,84,58
Chaihard,sargeras,1816,monk,mistweaver,45,25,20
Exuperjun,emerald-dream,1816,monk,mistweaver,57,31,26
Chiang,chogall,1815,monk,mistweaver,91,66,25
Raígon,ragnaros,1815,monk,mistweaver,76,47,29
Rizzdriver,moon-guard,1815,monk,mistweaver,102,63,39
Xhilong,quelthalas,1815,monk,mistweaver,48,28,20
Twoshero,tichondrius,1815,monk,mistweaver,52,30,22
Wigglygiggly,mannoroth,1815,monk,mistweaver,137,76,61
Jutsu,moon-guard,1814,monk,mistweaver,54,33,21
Chessyx,ragnaros,1814,monk,mistweaver,54,30,24
Integrity,durotan,1814,monk,mistweaver,274,148,126
Toastsmonk,tichondrius,1813,monk,mistweaver,56,36,20
Mikamonk,illidan,1813,monk,mistweaver,104,64,40
Krömbopulos,magtheridon,1812,monk,mistweaver,59,41,18
Hyori,saurfang,1812,monk,mistweaver,54,29,25
Soö,tichondrius,1812,monk,mistweaver,66,34,32
Epî,tichondrius,1812,monk,mistweaver,384,191,193
Calvana,tichondrius,1812,monk,mistweaver,195,94,101
Pp,icecrown,1811,monk,mistweaver,61,50,11
Battlecruise,tichondrius,1811,monk,mistweaver,36,24,12
Gnappyy,tichondrius,1811,monk,mistweaver,41,25,16
Mistpump,tichondrius,1811,monk,mistweaver,48,26,22
Qarmax,azralon,1809,monk,mistweaver,65,35,30
Ensaymada,frostmourne,1809,monk,mistweaver,191,99,92
Izolatedrin,tichondrius,1808,monk,mistweaver,29,22,7
Vybe,frostmourne,1808,monk,mistweaver,129,85,44
Bebuu,proudmoore,1808,monk,mistweaver,95,62,33
Phattea,thrall,1808,monk,mistweaver,48,31,17
Enfold,stormrage,1808,monk,mistweaver,48,26,22
Yokuu,thunderlord,1808,monk,mistweaver,54,29,25
Khylu,kelthuzad,1807,monk,mistweaver,24,19,5
Abeldra,moon-guard,1807,monk,mistweaver,82,42,40
Sayflight,tichondrius,1807,monk,mistweaver,72,31,41
Itdreams,illidan,1806,monk,mistweaver,42,25,17
Taekwonscro,proudmoore,1806,monk,mistweaver,60,33,27
Timed,shuhalo,1806,monk,mistweaver,49,26,23
Astrino,zuljin,1805,monk,mistweaver,42,29,13
Chimaekrush,tichondrius,1805,monk,mistweaver,36,24,12
Crispeel,tichondrius,1805,monk,mistweaver,54,33,21
Cystweaver,dalaran,1805,monk,mistweaver,119,72,47
Ninetrigrams,illidan,1804,monk,mistweaver,86,53,33
Kynalla,thunderlord,1804,monk,mistweaver,42,24,18
Proventos,azralon,1804,monk,mistweaver,483,256,227
Imdabes,destromath,1804,monk,mistweaver,87,38,49
Vrieden,illidan,1804,monk,mistweaver,99,42,57
Pai,sargeras,1803,monk,mistweaver,48,30,18
Bickli,tichondrius,1803,monk,mistweaver,57,32,25
Cherep,kiljaeden,1803,monk,mistweaver,171,94,77
Spacebar,ysondre,1803,monk,mistweaver,72,39,33
Celerein,illidan,1803,monk,mistweaver,118,61,57
Zundor,ghostlands,1802,monk,mistweaver,32,25,7
Nefazzto,ragnaros,1802,monk,mistweaver,30,19,11
Zenno,darkspear,1802,monk,mistweaver,51,31,20
Kungfoocious,tichondrius,1802,monk,mistweaver,57,33,24
Zeroskil,thrall,1802,monk,mistweaver,66,38,28
Sengesen,sargeras,1802,monk,mistweaver,52,29,23
ßullsack,barthilas,1802,monk,mistweaver,108,57,51
Séthrogèn,tichondrius,1801,monk,mistweaver,47,30,17
Mistweave,aerie-peak,1801,monk,mistweaver,54,34,20
Vanmonk,eonar,1801,monk,mistweaver,54,33,21
Velzarria,zuljin,1801,monk,mistweaver,102,55,47
Squalicorax,area-52,1801,monk,mistweaver,47,24,23
Jiucho,dalaran,1800,monk,mistweaver,35,23,12
Frogsarecool,stormrage,1800,monk,mistweaver,165,101,64
Haren,gundrak,1799,monk,mistweaver,30,19,11
Tiptea,stormrage,1799,monk,mistweaver,42,23,19
Femalejam,darkspear,1798,monk,mistweaver,66,40,26
Toonington,sargeras,1797,monk,mistweaver,57,39,18
Gentleuncle,tichondrius,1797,monk,mistweaver,167,91,76
Swoleypoley,tichondrius,1794,monk,mistweaver,54,29,25
Senritsuh,drakkari,1793,monk,mistweaver,42,25,17
Goldenfoot,tichondrius,1793,monk,mistweaver,246,130,116
Jayvex,illidan,1793,monk,mistweaver,111,58,53
Dasubb,crushridge,1791,monk,mistweaver,47,27,20
Mistohh,kiljaeden,1790,monk,mistweaver,48,31,17
Badnboojie,malganis,1790,monk,mistweaver,126,67,59
Fistër,area-52,1790,monk,mistweaver,173,90,83
Unclety,tichondrius,1789,monk,mistweaver,48,30,18
Pichau,zuljin,1788,monk,mistweaver,69,43,26
Valhira,kiljaeden,1787,monk,mistweaver,78,45,33
Solusek,korgath,1785,monk,mistweaver,84,57,27
Ojarax,bleeding-hollow,1784,monk,mistweaver,84,45,39
Kyókó,quelthalas,1784,monk,mistweaver,65,34,31
Rexfiend,tichondrius,1782,monk,mistweaver,24,19,5
Garg,malganis,1782,monk,mistweaver,41,28,13
Vitcheztein,ragnaros,1782,monk,mistweaver,41,27,14
Carlyjepsen,shadowmoon,1782,monk,mistweaver,157,86,71
Triarcs,area-52,1781,monk,mistweaver,36,24,12
Onecoolmonk,tichondrius,1781,monk,mistweaver,74,47,27
Dræmwalker,malygos,1781,monk,mistweaver,735,367,368
Jiraiýa,stormrage,1780,monk,mistweaver,124,82,42
Coomweaver,stormrage,1778,monk,mistweaver,42,22,20
Ttvchickchau,tichondrius,1777,monk,mistweaver,137,80,57
Drkeen,frostmourne,1776,monk,mistweaver,85,44,41
Velenious,tichondrius,1775,monk,mistweaver,137,84,53
Baldbutcute,darkspear,1774,monk,mistweaver,39,26,13
Lgee,kelthuzad,1774,monk,mistweaver,30,19,11
Khungfeu,area-52,1774,monk,mistweaver,60,35,25
Copula,illidan,1774,monk,mistweaver,346,175,171
Iovegõd,tichondrius,1773,monk,mistweaver,205,119,86
Smallboots,area-52,1771,monk,mistweaver,42,30,12
Mariabaraks,darkspear,1768,monk,mistweaver,132,75,57
Trackstarx,area-52,1767,monk,mistweaver,30,25,5
Daito,jubeithos,1767,monk,mistweaver,110,62,48
Jaige,illidan,1766,monk,mistweaver,36,23,13
Zuhakmw,tichondrius,1765,monk,mistweaver,154,70,84
Iknwmyname,proudmoore,1764,monk,mistweaver,29,23,6
Roogymw,emerald-dream,1764,monk,mistweaver,94,54,40
Tenoseven,area-52,1763,monk,mistweaver,33,25,8
Iightning,dentarg,1762,monk,mistweaver,66,40,26
Aiswalle,illidan,1762,monk,mistweaver,45,26,19
Bouncycheeks,frostmourne,1762,monk,mistweaver,102,57,45
Starçandy,tichondrius,1760,monk,mistweaver,162,86,76
Sourcandyx,area-52,1760,monk,mistweaver,45,23,22
Swuseng,tichondrius,1758,monk,mistweaver,94,55,39
Lickthefist,sargeras,1757,monk,mistweaver,54,37,17
Udmonk,tichondrius,1757,monk,mistweaver,40,25,15
Zoltwo,sargeras,1757,monk,mistweaver,136,82,54
Whatdaheal,darkspear,1756,monk,mistweaver,72,31,41
Hepp,stormrage,1755,monk,mistweaver,72,43,29
Inalambrico,quelthalas,1755,monk,mistweaver,66,37,29
Yoshinator,area-52,1755,monk,mistweaver,107,59,48
Monkeymonk,eonar,1755,monk,mistweaver,36,19,17
Rîce,burning-blade,1754,monk,mistweaver,42,29,13
Sevymonk,stormrage,1753,monk,mistweaver,164,85,79
Grabbitz,kelthuzad,1751,monk,mistweaver,42,27,15
Brewy,bloodhoof,1750,monk,mistweaver,48,34,14
Bromonster,zuljin,1749,monk,mistweaver,42,22,20
Ahlanna,malganis,1748,monk,mistweaver,29,19,10
Danceofchiji,tichondrius,1748,monk,mistweaver,42,25,17
Monkeyhealz,tichondrius,1748,monk,mistweaver,185,105,80
Callmekoldi,dalaran,1748,monk,mistweaver,93,52,41
Meâghân,bladefist,1747,monk,mistweaver,39,23,16
Gamesuxlol,the-underbog,1747,monk,mistweaver,96,55,41
Ðescubra,stormrage,1747,monk,mistweaver,86,49,37
Smoovhoov,kiljaeden,1747,monk,mistweaver,48,27,21
Suppfastlol,nemesis,1747,monk,mistweaver,168,91,77
Onlyfansx,ragnaros,1747,monk,mistweaver,268,143,125
Santiaguiño,ragnaros,1747,monk,mistweaver,141,69,72
Azurro,jubeithos,1746,monk,mistweaver,54,36,18
Molochko,area-52,1746,monk,mistweaver,50,33,17
Tippity,stormrage,1746,monk,mistweaver,37,24,13
Boomtac,moon-guard,1746,monk,mistweaver,104,60,44
Gramazen,tichondrius,1746,monk,mistweaver,72,39,33
Motogp,tichondrius,1746,monk,mistweaver,200,100,100
Mêlon,tichondrius,1745,monk,mistweaver,30,22,8
Chérudim,malganis,1744,monk,mistweaver,36,22,14
Grublord,stormrage,1744,monk,mistweaver,53,27,26
Hedgefrogs,stormrage,1743,monk,mistweaver,48,26,22
Mistpowaz,stormrage,1742,monk,mistweaver,143,84,59
Hansul,tichondrius,1742,monk,mistweaver,165,80,85
Baittor,proudmoore,1741,monk,mistweaver,62,39,23
Julipz,tichondrius,1741,monk,mistweaver,53,32,21
Cardrik,thrall,1740,monk,mistweaver,208,101,107
Tyforprecog,kelthuzad,1739,monk,mistweaver,54,33,21
Bobbytheorc,tichondrius,1738,monk,mistweaver,35,21,14
Fonnf,nemesis,1738,monk,mistweaver,56,30,26
Mistastep,tichondrius,1737,monk,mistweaver,204,109,95
Beerflow,stormrage,1736,monk,mistweaver,123,62,61
Bubear,stormreaver,1735,monk,mistweaver,36,23,13
Monke,onyxia,1735,monk,mistweaver,69,40,29
Seokdenam,tichondrius,1734,monk,mistweaver,111,64,47
Phlexz,jubeithos,1733,monk,mistweaver,36,26,10
Gomon,terenas,1733,monk,mistweaver,59,37,22
Sleeks,bonechewer,1733,monk,mistweaver,114,64,50
Fox,azshara,1732,monk,mistweaver,42,25,17
Cloq,kelthuzad,1732,monk,mistweaver,125,65,60
Lasagnacàt,moon-guard,1731,monk,mistweaver,180,105,75
Saitamâ,tichondrius,1731,monk,mistweaver,42,23,19
Zenblazer,illidan,1731,monk,mistweaver,43,22,21
Originalmonk,tichondrius,1730,monk,mistweaver,46,36,10
Gummycat,bonechewer,1729,monk,mistweaver,204,107,97
Brucechez,tichondrius,1729,monk,mistweaver,59,28,31
Dozy,stormrage,1726,monk,mistweaver,36,24,12
Aramonk,tichondrius,1726,monk,mistweaver,185,105,80
Dowzk,tichondrius,1726,monk,mistweaver,42,23,19
Sodamint,sargeras,1726,monk,mistweaver,184,97,87
Dirtyde,sargeras,1726,monk,mistweaver,211,107,104
Fistofchanny,tichondrius,1725,monk,mistweaver,104,57,47
Titti,korgath,1724,monk,mistweaver,46,25,21
Cymonka,sargeras,1724,monk,mistweaver,60,29,31
Lýøp,illidan,1723,monk,mistweaver,58,36,22
Canadien,silver-hand,1723,monk,mistweaver,30,18,12
Steelcase,frostmourne,1722,monk,mistweaver,47,26,21
Adop,dark-iron,1722,monk,mistweaver,316,170,146
Luvdeluxe,skullcrusher,1722,monk,mistweaver,132,71,61
Chikid,barthilas,1721,monk,mistweaver,86,52,34
Sixsticks,tichondrius,1721,monk,mistweaver,100,56,44
Xblingtron,malganis,1721,monk,mistweaver,65,27,38
Feel,frostmourne,1720,monk,mistweaver,30,22,8
Kiso,sargeras,1720,monk,mistweaver,35,19,16
Mexii,hellscream,1719,monk,mistweaver,316,155,161
Feihung,executus,1718,monk,mistweaver,61,38,23
Nevershower,malganis,1717,monk,mistweaver,36,26,10
Shandilla,proudmoore,1717,monk,mistweaver,42,25,17
Kawali,thrall,1717,monk,mistweaver,144,77,67
Sixesm,dalaran,1717,monk,mistweaver,48,25,23
Joonbug,moonrunner,1715,monk,mistweaver,89,50,39
Jedub,tichondrius,1714,monk,mistweaver,112,70,42
Botweaver,proudmoore,1714,monk,mistweaver,86,49,37
Djuice,tichondrius,1713,monk,mistweaver,60,32,28
Xtramist,tichondrius,1713,monk,mistweaver,48,24,24
Ïtächï,illidan,1713,monk,mistweaver,72,32,40
Alexìn,sargeras,1712,monk,mistweaver,79,50,29
Nevercranex,kirin-tor,1711,monk,mistweaver,78,43,35
Buhmonk,thrall,1710,monk,mistweaver,60,34,26
Ellesig,ragnaros,1710,monk,mistweaver,268,137,131
Zuen,ragnaros,1710,monk,mistweaver,230,117,113
Dryungpwnz,zuljin,1709,monk,mistweaver,278,156,122
Alinejat,auchindoun,1709,monk,mistweaver,36,20,16
Gauche,arygos,1709,monk,mistweaver,168,88,80
Trezzic,aegwynn,1709,monk,mistweaver,49,25,24
Anandamayi,emerald-dream,1708,monk,mistweaver,54,29,25
Betasquadxd,bleeding-hollow,1707,monk,mistweaver,43,25,18
Gundamfish,tichondrius,1707,monk,mistweaver,42,22,20
Wdsprdpanic,tichondrius,1707,monk,mistweaver,48,21,27
Doomstroller,aegwynn,1706,monk,mistweaver,225,116,109
Zugroi,frostmourne,1705,monk,mistweaver,84,58,26
Floka,bleeding-hollow,1705,monk,mistweaver,48,27,21
Monkyou,area-52,1705,monk,mistweaver,72,35,37
Røllitup,illidan,1704,monk,mistweaver,54,34,20
Yamatoqt,frostmourne,1704,monk,mistweaver,60,35,25
Omihli,sargeras,1704,monk,mistweaver,48,28,20
Whaes,thrall,1704,monk,mistweaver,36,21,15
Bloodyxmonk,firetree,1704,monk,mistweaver,55,31,24
Spot,kelthuzad,1704,monk,mistweaver,48,24,24
Sponsored,lothar,1703,monk,mistweaver,78,55,23
Alekso,malganis,1702,monk,mistweaver,30,18,12
Manggi,tichondrius,1702,monk,mistweaver,169,98,71
Koalàfoofoo,shadow-council,1701,monk,mistweaver,30,18,12
Jïngwei,proudmoore,1701,monk,mistweaver,60,34,26
Sparksgamer,ragnaros,1701,monk,mistweaver,36,18,18
Badonkadonk,kiljaeden,1701,monk,mistweaver,66,27,39
Prala,malganis,1700,monk,mistweaver,71,41,30
Todnerey,sargeras,1698,monk,mistweaver,83,56,27
Moonhealsyou,moon-guard,1698,monk,mistweaver,112,70,42
Yeji,altar-of-storms,1698,monk,mistweaver,157,76,81
Mvqws,tichondrius,1697,monk,mistweaver,50,33,17
Bootÿmagic,tichondrius,1697,monk,mistweaver,219,126,93
Monkgodx,tichondrius,1697,monk,mistweaver,54,30,24
Mopowa,illidan,1694,monk,mistweaver,30,19,11
Janeil,wyrmrest-accord,1694,monk,mistweaver,380,202,178
Zawlp,sargeras,1693,monk,mistweaver,62,37,25
Dupaweaver,stormrage,1693,monk,mistweaver,70,33,37
Vïolët,moon-guard,1692,monk,mistweaver,237,137,100
Florla,illidan,1692,monk,mistweaver,46,24,22
Suhjoon,bleeding-hollow,1692,monk,mistweaver,193,89,104
Swolington,proudmoore,1691,monk,mistweaver,47,32,15
Ropgobbler,muradin,1691,monk,mistweaver,36,22,14
Linsey,frostmourne,1691,monk,mistweaver,36,20,16
Jiubak,dalaran,1691,monk,mistweaver,48,26,22
Teewin,area-52,1690,monk,mistweaver,89,61,28
Jinker,malganis,1690,monk,mistweaver,53,33,20
Healmart,bloodhoof,1690,monk,mistweaver,30,18,12
Vamplyyz,kelthuzad,1690,monk,mistweaver,90,43,47
Askê,icecrown,1689,monk,mistweaver,24,18,6
Victuskk,tichondrius,1689,monk,mistweaver,85,53,32
Mukboo,tichondrius,1689,monk,mistweaver,48,21,27
Lu,nesingwary,1688,monk,mistweaver,42,25,17
Brosiedon,sargeras,1688,monk,mistweaver,208,105,103
Manicata,tichondrius,1687,monk,mistweaver,231,133,98
Igaku,windrunner,1687,monk,mistweaver,66,37,29
Cohenn,tichondrius,1686,monk,mistweaver,24,18,6
Skjol,sargeras,1686,monk,mistweaver,30,21,9
Spencere,hyjal,1686,monk,mistweaver,84,44,40
Spinharder,stormrage,1686,monk,mistweaver,131,67,64
Lazeekick,sargeras,1686,monk,mistweaver,60,29,31
Alternatives,sargeras,1684,monk,mistweaver,24,18,6
Tazermw,sargeras,1684,monk,mistweaver,68,41,27
Hogarg,emerald-dream,1684,monk,mistweaver,36,21,15
Kênpächi,rexxar,1684,monk,mistweaver,105,52,53
Versachi,stormreaver,1683,monk,mistweaver,111,62,49
Footloverx,area-52,1682,monk,mistweaver,79,53,26
Mwgodqtxtko,nazjatar,1682,monk,mistweaver,72,44,28
Aráshicage,malganis,1681,monk,mistweaver,48,29,19
Aenian,ragnaros,1681,monk,mistweaver,106,56,50
Yuløn,illidan,1680,monk,mistweaver,44,32,12
Chopschtichs,kiljaeden,1680,monk,mistweaver,75,47,28
Fisetèrr,kelthuzad,1680,monk,mistweaver,59,35,24
Hoofweaver,proudmoore,1680,monk,mistweaver,60,25,35
Dwãrf,tichondrius,1678,monk,mistweaver,36,25,11
Nugskis,dalaran,1678,monk,mistweaver,298,153,145
Sebsws,proudmoore,1677,monk,mistweaver,106,65,41
Gujunpyó,sargeras,1677,monk,mistweaver,111,64,47
Avm,azralon,1677,monk,mistweaver,66,36,30
Lovehate,zuljin,1676,monk,mistweaver,93,45,48
Phyte,kelthuzad,1676,monk,mistweaver,54,25,29
Neverfakex,sargeras,1675,monk,mistweaver,66,42,24
Maicuta,thrall,1675,monk,mistweaver,42,26,16
Alekun,quelthalas,1675,monk,mistweaver,201,104,97
Sickdrip,magtheridon,1674,monk,mistweaver,42,23,19
Drunkentoker,illidan,1673,monk,mistweaver,48,26,22
Cbrewfeaver,malganis,1673,monk,mistweaver,58,31,27
Augustinê,tichondrius,1672,monk,mistweaver,46,28,18
Dragonwhirl,stormrage,1672,monk,mistweaver,101,59,42
Tirionx,area-52,1672,monk,mistweaver,235,133,102
Fwisty,illidan,1671,monk,mistweaver,36,27,9
Tezcatyo,malganis,1671,monk,mistweaver,54,32,22
Stonymcblaze,malganis,1671,monk,mistweaver,48,28,20
Atruefister,tichondrius,1671,monk,mistweaver,334,186,148
Ghðst,ragnaros,1670,monk,mistweaver,48,29,19
Winfred,bleeding-hollow,1670,monk,mistweaver,90,54,36
Bananaboy,tichondrius,1670,monk,mistweaver,59,35,24
Fisticufs,bleeding-hollow,1670,monk,mistweaver,42,23,19
Tweiliax,tichondrius,1670,monk,mistweaver,57,31,26
Quitschi,tichondrius,1669,monk,mistweaver,42,26,16
Yaloon,stormrage,1669,monk,mistweaver,30,18,12
Yulfee,kelthuzad,1669,monk,mistweaver,39,22,17
Liké,tichondrius,1668,monk,mistweaver,66,39,27
Phtarded,stormreaver,1668,monk,mistweaver,200,100,100
Roloyolo,illidan,1668,monk,mistweaver,70,28,42
Çät,frostmourne,1667,monk,mistweaver,122,76,46
Noneedlokita,illidan,1666,monk,mistweaver,42,26,16
Swiixm,frostmourne,1666,monk,mistweaver,82,49,33
Nahr,tichondrius,1666,monk,mistweaver,39,22,17
Valian,tichondrius,1666,monk,mistweaver,66,36,30
Cpr,blackrock,1665,monk,mistweaver,72,46,26
Mememories,tichondrius,1665,monk,mistweaver,74,46,28
Yuï,bleeding-hollow,1664,monk,mistweaver,42,24,18
Thraging,sargeras,1664,monk,mistweaver,71,37,34
Monkydoo,blackhand,1663,monk,mistweaver,100,57,43
Eppsmonk,tichondrius,1662,monk,mistweaver,39,24,15
Blasê,frostmourne,1662,monk,mistweaver,36,22,14
Crypslegacy,tichondrius,1662,monk,mistweaver,208,108,100
Èmacs,barthilas,1661,monk,mistweaver,35,24,11
Kendro,trollbane,1661,monk,mistweaver,125,73,52
Coldridge,bleeding-hollow,1661,monk,mistweaver,42,20,22
Jeskâi,tichondrius,1660,monk,mistweaver,45,26,19
Nicotinetap,tichondrius,1660,monk,mistweaver,42,24,18
Mlngo,illidan,1660,monk,mistweaver,42,22,20
Rectus,proudmoore,1659,monk,mistweaver,30,22,8
Pichiquechi,frostmourne,1659,monk,mistweaver,48,31,17
Qxt,tichondrius,1659,monk,mistweaver,98,53,45
Gooncave,stormrage,1659,monk,mistweaver,110,56,54
Fistwrapped,illidan,1658,monk,mistweaver,42,27,15
Cheetosnmilk,malganis,1658,monk,mistweaver,35,20,15
Serikko,frostmourne,1657,monk,mistweaver,44,26,18
Zachxd,onyxia,1657,monk,mistweaver,96,54,42
Cranekicks,moon-guard,1657,monk,mistweaver,275,152,123
Ramisan,barthilas,1656,monk,mistweaver,83,49,34
Nekzí,sargeras,1655,monk,mistweaver,36,25,11
Greenrice,thrall,1655,monk,mistweaver,52,33,19
Bakanani,magtheridon,1655,monk,mistweaver,49,26,23
Alocxo,drakkari,1654,monk,mistweaver,34,24,10
Catchdismist,tichondrius,1654,monk,mistweaver,115,73,42
Taekwondope,antonidas,1654,monk,mistweaver,43,27,16
Raymond,malganis,1654,monk,mistweaver,111,64,47
Trojanz,malganis,1654,monk,mistweaver,36,20,16
Ajizzaÿ,saurfang,1654,monk,mistweaver,108,52,56
Raonoc,area-52,1654,monk,mistweaver,42,18,24
Repbrew,sargeras,1653,monk,mistweaver,63,33,30
Groundways,sargeras,1653,monk,mistweaver,65,31,34
Spaazz,tichondrius,1652,monk,mistweaver,131,81,50
Sushî,eonar,1651,monk,mistweaver,59,40,19
Gnetic,nemesis,1651,monk,mistweaver,92,51,41
Nezukó,malganis,1651,monk,mistweaver,43,23,20
Tonytornado,proudmoore,1651,monk,mistweaver,84,40,44
Delassian,moon-guard,1650,monk,mistweaver,55,27,28
Pissweever,barthilas,1649,monk,mistweaver,30,21,9
Rexzilla,tichondrius,1648,monk,mistweaver,36,25,11
Búhda,tichondrius,1648,monk,mistweaver,36,20,16
Ccop,kelthuzad,1647,monk,mistweaver,36,25,11
Notblakexo,tichondrius,1647,monk,mistweaver,35,19,16
Atsugin,khazgoroth,1646,monk,mistweaver,54,22,32
Starryysky,illidan,1645,monk,mistweaver,54,36,18
Ashamah,bleeding-hollow,1644,monk,mistweaver,30,22,8
Miillkz,zuljin,1644,monk,mistweaver,47,25,22
Josciel,ragnaros,1644,monk,mistweaver,664,339,325
Ragemore,emerald-dream,1643,monk,mistweaver,37,23,14
Ahnlev,ragnaros,1643,monk,mistweaver,116,66,50
Mistweaverxo,malganis,1643,monk,mistweaver,128,70,58
Ææøææôææôææô,illidan,1642,monk,mistweaver,138,88,50
Kungpaofish,tichondrius,1642,monk,mistweaver,36,21,15
Liaoran,stormrage,1641,monk,mistweaver,28,18,10
Swiftm,thrall,1641,monk,mistweaver,321,179,142
Korata,frostwolf,1641,monk,mistweaver,54,29,25
Sudury,tichondrius,1640,monk,mistweaver,137,79,58
Senseii,dathremar,1639,monk,mistweaver,66,43,23
Oblivion,wildhammer,1639,monk,mistweaver,67,40,27
Brewjitsu,tichondrius,1639,monk,mistweaver,42,23,19
Cisneros,doomhammer,1639,monk,mistweaver,326,176,150
Pandareng,tichondrius,1638,monk,mistweaver,32,20,12
Rañga,caelestrasz,1638,monk,mistweaver,83,48,35
Rakia,moon-guard,1638,monk,mistweaver,261,133,128
Monkzilla,tichondrius,1637,monk,mistweaver,30,20,10
Grizzm,sargeras,1637,monk,mistweaver,78,48,30
Slothman,nagrand,1637,monk,mistweaver,174,99,75
Cuckoon,malganis,1637,monk,mistweaver,60,33,27
Damndaniel,hyjal,1637,monk,mistweaver,238,118,120
Nxghtmarezz,tichondrius,1636,monk,mistweaver,66,47,19
Rockcalm,malganis,1636,monk,mistweaver,86,48,38
Qords,tichondrius,1635,monk,mistweaver,154,81,73
Lartridia,malganis,1633,monk,mistweaver,69,39,30
Revivalol,dragonmaw,1633,monk,mistweaver,83,44,39
Tiduskies,crushridge,1633,monk,mistweaver,72,37,35
Minaffection,tichondrius,1632,monk,mistweaver,36,19,17
Misswalk,ragnaros,1632,monk,mistweaver,45,20,25
Coralys,sargeras,1631,monk,mistweaver,88,61,27
Manchu,stormrage,1631,monk,mistweaver,42,27,15
Chongal,whisperwind,1631,monk,mistweaver,42,24,18
Bossmonk,tichondrius,1631,monk,mistweaver,140,78,62
Místme,tichondrius,1629,monk,mistweaver,78,41,37
Tuesdây,wyrmrest-accord,1628,monk,mistweaver,30,20,10
Tahs,azralon,1628,monk,mistweaver,62,41,21
Cungflu,crushridge,1628,monk,mistweaver,129,62,67
Wordword,tichondrius,1627,monk,mistweaver,30,17,13
Samzo,barthilas,1627,monk,mistweaver,81,43,38
Mfmiscreant,illidan,1627,monk,mistweaver,57,25,32
Avãrîce,stormrage,1626,monk,mistweaver,24,17,7
Cryptmist,frostmourne,1626,monk,mistweaver,48,32,16
Valelarus,doomhammer,1626,monk,mistweaver,42,24,18
Zxenn,tichondrius,1626,monk,mistweaver,30,17,13
Pandaiax,area-52,1626,monk,mistweaver,203,102,101
Barnåcle,darkspear,1625,monk,mistweaver,72,49,23
Drama,tichondrius,1625,monk,mistweaver,56,36,20
Balduglybaby,tichondrius,1625,monk,mistweaver,36,22,14
Jugies,emerald-dream,1625,monk,mistweaver,99,60,39
Qoong,tichondrius,1625,monk,mistweaver,70,42,28
Wittymonk,illidan,1625,monk,mistweaver,99,57,42
Bodhisattvax,bleeding-hollow,1625,monk,mistweaver,42,24,18
Donnieyen,area-52,1625,monk,mistweaver,102,51,51
Flakkon,hyjal,1625,monk,mistweaver,66,31,35
Crentist,mannoroth,1624,monk,mistweaver,40,31,9
Innerchii,tichondrius,1624,monk,mistweaver,24,17,7
Mmrmonkey,tichondrius,1624,monk,mistweaver,30,17,13
Onegai,illidan,1624,monk,mistweaver,48,22,26
Theymistbuda,kelthuzad,1623,monk,mistweaver,42,32,10
Pappaya,tichondrius,1623,monk,mistweaver,42,29,13
Röshi,kelthuzad,1623,monk,mistweaver,54,35,19
Zhíu,ragnaros,1623,monk,mistweaver,54,33,21
Liteup,korgath,1623,monk,mistweaver,102,62,40
Kaelastra,stormrage,1623,monk,mistweaver,184,105,79
Ywingtsuan,frostmourne,1622,monk,mistweaver,41,21,20
Diobrando,illidan,1621,monk,mistweaver,63,40,23
Jagichan,area-52,1621,monk,mistweaver,60,38,22
Ninakittenx,staghelm,1621,monk,mistweaver,90,51,39
Muzzye,frostmourne,1621,monk,mistweaver,358,198,160
Braindi,arathor,1621,monk,mistweaver,78,43,35
Pumakicks,tichondrius,1621,monk,mistweaver,88,48,40
Napzzxo,sargeras,1620,monk,mistweaver,60,37,23
Intertwine,frostmourne,1619,monk,mistweaver,30,17,13
Mis,tichondrius,1619,monk,mistweaver,42,22,20
Avz,azralon,1618,monk,mistweaver,30,21,9
Djux,zuljin,1618,monk,mistweaver,36,21,15
Renae,malganis,1618,monk,mistweaver,48,24,24
Turbofist,bleeding-hollow,1618,monk,mistweaver,77,37,40
Toysruskidx,sargeras,1617,monk,mistweaver,76,43,33
Épik,moknathal,1617,monk,mistweaver,42,21,21
Stormpounder,proudmoore,1616,monk,mistweaver,66,43,23
Locusta,tichondrius,1616,monk,mistweaver,30,19,11
Drinkkin,bleeding-hollow,1616,monk,mistweaver,114,68,46
Immamonkey,tichondrius,1616,monk,mistweaver,200,114,86
Wokoon,kelthuzad,1615,monk,mistweaver,27,21,6
Vayce,barthilas,1615,monk,mistweaver,45,25,20
Caibiws,tichondrius,1615,monk,mistweaver,68,35,33
Bréwmaster,stormrage,1615,monk,mistweaver,36,17,19
Ggjudo,sargeras,1614,monk,mistweaver,58,34,24
Kungfuturdle,tichondrius,1614,monk,mistweaver,101,58,43
Craziediemon,malganis,1614,monk,mistweaver,115,60,55
Xtacie,sargeras,1614,monk,mistweaver,66,30,36
Keiirah,zuluhed,1614,monk,mistweaver,60,24,36
Pacee,deathwing,1613,monk,mistweaver,24,17,7
Greenvan,tichondrius,1613,monk,mistweaver,24,17,7
Keeanuweaves,tichondrius,1613,monk,mistweaver,43,30,13
Sììre,tichondrius,1613,monk,mistweaver,51,35,16
Kûshi,stormrage,1613,monk,mistweaver,35,23,12
Gotmonk,aggramar,1613,monk,mistweaver,62,40,22
Whoonmonk,tichondrius,1613,monk,mistweaver,66,41,25
Somebodym,illidan,1613,monk,mistweaver,36,22,14
React,frostwolf,1613,monk,mistweaver,36,22,14
Merkey,tichondrius,1613,monk,mistweaver,78,42,36
Monkgyfatso,tichondrius,1612,monk,mistweaver,27,23,4
Otzyy,turalyon,1612,monk,mistweaver,34,22,12
Tharja,bonechewer,1612,monk,mistweaver,56,34,22
Musedz,barthilas,1612,monk,mistweaver,60,23,37
Fidgetspinna,zuljin,1611,monk,mistweaver,122,66,56
Prisonike,area-52,1610,monk,mistweaver,60,36,24
Caverus,jubeithos,1610,monk,mistweaver,224,131,93
Pingpang,stormreaver,1610,monk,mistweaver,81,46,35
Mydadishere,tichondrius,1609,monk,mistweaver,18,17,1
Tarkir,quelthalas,1609,monk,mistweaver,95,58,37
Lilsloptop,moon-guard,1609,monk,mistweaver,185,107,78
Hîbîscus,illidan,1609,monk,mistweaver,32,17,15
Lazura,tichondrius,1609,monk,mistweaver,65,33,32
Cdeez,malganis,1608,monk,mistweaver,76,56,20
Misooyom,moon-guard,1608,monk,mistweaver,66,40,26
Grandsonweez,thrall,1608,monk,mistweaver,95,49,46
Bigthing,burning-blade,1608,monk,mistweaver,42,21,21
Miniswag,arthas,1608,monk,mistweaver,72,31,41
Mîstchievous,sargeras,1607,monk,mistweaver,28,21,7
Jadestørmz,illidan,1607,monk,mistweaver,30,20,10
Azahri,sargeras,1607,monk,mistweaver,46,29,17
Monkwalker,tichondrius,1607,monk,mistweaver,90,46,44
Fistergand,frostwolf,1606,monk,mistweaver,49,35,14
Xwârz,drakkari,1606,monk,mistweaver,44,28,16
Tubby,eredar,1606,monk,mistweaver,36,22,14
Mýthik,hyjal,1606,monk,mistweaver,66,37,29
Gooseoba,tichondrius,1605,monk,mistweaver,24,18,6
Conormonk,tichondrius,1605,monk,mistweaver,48,35,13
Jackphan,azralon,1605,monk,mistweaver,152,86,66
Tamingpanda,wildhammer,1605,monk,mistweaver,60,33,27
Sóntix,sargeras,1605,monk,mistweaver,83,42,41
Morhe,the-forgotten-coast,1603,monk,mistweaver,54,38,16
Dlysezzic,tichondrius,1603,monk,mistweaver,116,62,54
Syro,spinebreaker,1603,monk,mistweaver,36,19,17
Ludan,eredar,1603,monk,mistweaver,360,188,172
Greenstar,bleeding-hollow,1603,monk,mistweaver,310,156,154
Kharazim,skullcrusher,1603,monk,mistweaver,120,52,68
Goochtickles,bleeding-hollow,1602,monk,mistweaver,128,79,49
Gess,stormscale,1602,monk,mistweaver,114,57,57
Mastamonksta,illidan,1602,monk,mistweaver,52,26,26
Docpalpatine,tichondrius,1602,monk,mistweaver,36,17,19
Xuenws,tichondrius,1602,monk,mistweaver,84,36,48
Bussyweaver,sargeras,1601,monk,mistweaver,147,90,57
Bowstâff,lightbringer,1601,monk,mistweaver,36,22,14
Toastage,tichondrius,1601,monk,mistweaver,62,36,26
Ösîrîs,stormrage,1600,monk,mistweaver,54,35,19
Tonyrelish,sargeras,1600,monk,mistweaver,70,44,26
Bachalsimple,proudmoore,1600,monk,mistweaver,119,71,48
Benedïct,korgath,1600,monk,mistweaver,30,17,13
Hunkymonky,thrall,1600,monk,mistweaver,105,59,46
Slashsmack,caelestrasz,1600,monk,mistweaver,92,49,43
Mistysweep,sargeras,1600,monk,mistweaver,85,45,40
Spirits,dreadmaul,1600,monk,mistweaver,36,19,17
Furyjames,quelthalas,1600,monk,mistweaver,115,52,63
Shâdòw,ragnaros,1599,monk,mistweaver,38,23,15
Peachtea,burning-legion,1599,monk,mistweaver,63,29,34
Masamunes,thrall,1598,monk,mistweaver,56,40,16
Yunmen,blades-edge,1598,monk,mistweaver,122,65,57
Buffmonkdmg,tichondrius,1597,monk,mistweaver,96,52,44
Snoozzy,kelthuzad,1596,monk,mistweaver,42,21,21
Havasupai,turalyon,1595,monk,mistweaver,24,17,7
Lightskinmon,area-52,1595,monk,mistweaver,42,23,19
Kungfused,frostmourne,1595,monk,mistweaver,66,36,30
Oldfashheals,tichondrius,1594,monk,mistweaver,66,34,32
Aerius,area-52,1593,monk,mistweaver,60,35,25
Flagreturned,illidan,1593,monk,mistweaver,36,19,17
Chavbrew,stormrage,1592,monk,mistweaver,85,46,39
Mistyfisty,laughing-skull,1590,monk,mistweaver,32,20,12
Onees,tichondrius,1590,monk,mistweaver,99,49,50
Mizzycash,malganis,1589,monk,mistweaver,77,43,34
Anagark,barthilas,1588,monk,mistweaver,45,34,11
Suntzulml,quelthalas,1588,monk,mistweaver,257,132,125
Paralee,tichondrius,1587,monk,mistweaver,54,35,19
Jamerino,jubeithos,1587,monk,mistweaver,244,139,105
Songwei,barthilas,1587,monk,mistweaver,89,50,39
Nukeproof,stormreaver,1587,monk,mistweaver,43,23,20
Anxin,tichondrius,1587,monk,mistweaver,100,47,53
Neonep,stormrage,1586,monk,mistweaver,130,72,58
Moppz,illidan,1585,monk,mistweaver,29,19,10
Rehder,barthilas,1585,monk,mistweaver,30,17,13
Brewmanchew,frostmourne,1585,monk,mistweaver,205,113,92
Ataxic,illidan,1584,monk,mistweaver,52,27,25
Jeongkwon,tichondrius,1583,monk,mistweaver,36,19,17
Zeroxe,area-52,1581,monk,mistweaver,54,36,18
Emporertrump,bleeding-hollow,1581,monk,mistweaver,319,165,154
Scrotburg,thrall,1579,monk,mistweaver,36,19,17
Kymoshenz,sargeras,1578,monk,mistweaver,30,20,10
Ricklee,ysera,1577,monk,mistweaver,33,23,10
Waataafaak,malganis,1576,monk,mistweaver,93,47,46
Jurassaf,illidan,1575,monk,mistweaver,36,23,13
Lozza,jubeithos,1574,monk,mistweaver,54,32,22
Imnumberone,alterac-mountains,1574,monk,mistweaver,30,17,13
Tamonger,stormrage,1574,monk,mistweaver,224,119,105
Wildfists,tichondrius,1574,monk,mistweaver,738,370,368
Hazelbazel,bleeding-hollow,1573,monk,mistweaver,66,42,24
Juchiyosamu,illidan,1573,monk,mistweaver,33,19,14
Bigpøppa,tichondrius,1573,monk,mistweaver,60,33,27
Chevvyy,azshara,1573,monk,mistweaver,36,18,18
Beboté,quelthalas,1573,monk,mistweaver,205,97,108
Cannenmonk,sargeras,1572,monk,mistweaver,48,32,16
Ðìé,tichondrius,1570,monk,mistweaver,42,26,16
Vohdka,malganis,1569,monk,mistweaver,148,86,62
Ckqt,stormrage,1569,monk,mistweaver,41,23,18
Healzpapi,tichondrius,1569,monk,mistweaver,274,146,128
Bergoth,bleeding-hollow,1569,monk,mistweaver,36,19,17
Rattpig,sargeras,1569,monk,mistweaver,150,77,73
Voltekkor,tichondrius,1568,monk,mistweaver,50,27,23
Treessome,tichondrius,1567,monk,mistweaver,29,20,9
Rileyreidfan,azjolnerub,1566,monk,mistweaver,54,33,21
Zeelos,kelthuzad,1565,monk,mistweaver,36,24,12
Gsv,sargeras,1565,monk,mistweaver,180,98,82
Creamchop,stormreaver,1565,monk,mistweaver,59,32,27
Ghorb,boulderfist,1564,monk,mistweaver,105,58,47
Bebess,moon-guard,1564,monk,mistweaver,51,28,23
Eatmykïtty,dalaran,1563,monk,mistweaver,36,23,13
Lenakai,malganis,1563,monk,mistweaver,53,26,27
Zkingmonk,stormrage,1563,monk,mistweaver,48,20,28
Hatsu,madoran,1562,monk,mistweaver,155,79,76
Muzzen,fizzcrank,1562,monk,mistweaver,40,20,20
Shenzuu,daggerspine,1561,monk,mistweaver,132,76,56
Fistuhcuffs,sargeras,1561,monk,mistweaver,87,49,38
Wide,scarlet-crusade,1560,monk,mistweaver,30,17,13
Inebriated,auchindoun,1559,monk,mistweaver,39,22,17
Maripaulita,ragnaros,1559,monk,mistweaver,42,21,21
Rosellina,kelthuzad,1558,monk,mistweaver,97,56,41
Xentra,stormrage,1557,monk,mistweaver,23,17,6
Buoymoose,bleeding-hollow,1557,monk,mistweaver,53,35,18
Slipperybobs,tichondrius,1557,monk,mistweaver,101,61,40
Jhaded,tichondrius,1557,monk,mistweaver,48,26,22
Bunnygal,thaurissan,1557,monk,mistweaver,143,73,70
Jerumay,tichondrius,1556,monk,mistweaver,93,52,41
Ekèl,tichondrius,1556,monk,mistweaver,155,83,72
Gomey,bleeding-hollow,1555,monk,mistweaver,62,38,24
Ermac,kiljaeden,1555,monk,mistweaver,71,41,30
Chiban,misha,1554,monk,mistweaver,82,45,37
Justsidiousm,sargeras,1553,monk,mistweaver,42,31,11
Psypalm,zuljin,1553,monk,mistweaver,30,19,11
Lonebamboo,tichondrius,1553,monk,mistweaver,56,28,28
Nelly,grizzly-hills,1552,monk,mistweaver,36,17,19
Genjen,bleeding-hollow,1551,monk,mistweaver,57,28,29
Nailtech,tichondrius,1550,monk,mistweaver,66,37,29
Sabersatin,sargeras,1550,monk,mistweaver,42,21,21
Keileas,moon-guard,1550,monk,mistweaver,142,67,75
Statue,cenarius,1549,monk,mistweaver,29,17,12
Hitaru,azralon,1549,monk,mistweaver,94,52,42
Xenitate,bleeding-hollow,1548,monk,mistweaver,48,26,22
Greenpigo,tichondrius,1547,monk,mistweaver,30,25,5
Purmbanned,tichondrius,1547,monk,mistweaver,36,28,8
Throws,stormrage,1547,monk,mistweaver,35,20,15
Frenchfries,dragonmaw,1547,monk,mistweaver,72,34,38
Santhz,ragnaros,1546,monk,mistweaver,30,19,11
Lekrosa,thrall,1546,monk,mistweaver,84,47,37
Kwoon,hyjal,1544,monk,mistweaver,64,34,30
Krob,bleeding-hollow,1544,monk,mistweaver,33,17,16
Lariv,bleeding-hollow,1543,monk,mistweaver,73,39,34
Rènh,ragnaros,1543,monk,mistweaver,41,20,21
Haiyà,malganis,1542,monk,mistweaver,30,17,13
Monkatron,arthas,1542,monk,mistweaver,36,20,16
Mymissteak,darkspear,1541,monk,mistweaver,145,83,62
Omii,darkspear,1540,monk,mistweaver,34,17,17
Notfw,tichondrius,1540,monk,mistweaver,64,27,37
Lørðjimmy,sargeras,1539,monk,mistweaver,42,29,13
Prf,ragnaros,1538,monk,mistweaver,94,56,38
Tirêd,sargeras,1538,monk,mistweaver,131,72,59
Oochi,illidan,1537,monk,mistweaver,72,34,38
Scrapfu,proudmoore,1536,monk,mistweaver,83,44,39
Romdansik,tichondrius,1536,monk,mistweaver,171,90,81
Shaweaver,caelestrasz,1536,monk,mistweaver,72,31,41
Nelda,gorgonnash,1535,monk,mistweaver,133,78,55
Babychi,frostmourne,1535,monk,mistweaver,91,49,42
Fissg,frostmourne,1535,monk,mistweaver,48,25,23
Squaanched,emerald-dream,1535,monk,mistweaver,48,17,31
Soothinn,tichondrius,1534,monk,mistweaver,96,59,37
Trilltwo,illidan,1534,monk,mistweaver,30,16,14
Forgèt,kelthuzad,1534,monk,mistweaver,30,16,14
Kariwanji,tichondrius,1533,monk,mistweaver,353,183,170
Sshri,illidan,1533,monk,mistweaver,294,145,149
Austinm,tichondrius,1532,monk,mistweaver,24,16,8
Zenspice,stormrage,1532,monk,mistweaver,51,27,24
Marsha,tichondrius,1532,monk,mistweaver,83,37,46
Agilities,sargeras,1531,monk,mistweaver,24,16,8
Fehthermane,area-52,1531,monk,mistweaver,82,51,31
Sihgriid,tichondrius,1531,monk,mistweaver,80,48,32
Russtie,sargeras,1531,monk,mistweaver,42,20,22
Zhuangnimane,tichondrius,1530,monk,mistweaver,65,38,27
Jlowbob,tichondrius,1530,monk,mistweaver,96,51,45
Kungfused,antonidas,1529,monk,mistweaver,30,16,14
Âfrika,ysondre,1528,monk,mistweaver,100,49,51
Carzo,area-52,1527,monk,mistweaver,38,23,15
Bastilaqt,korgath,1526,monk,mistweaver,247,132,115
Imsouglyman,tichondrius,1525,monk,mistweaver,88,54,34
Rockemsockem,gorefiend,1524,monk,mistweaver,72,41,31
Bobbybiz,bleeding-hollow,1524,monk,mistweaver,158,86,72
Gngrbeardman,tichondrius,1524,monk,mistweaver,45,24,21
Hwsko,tichondrius,1523,monk,mistweaver,35,21,14
Peezadelo,azralon,1523,monk,mistweaver,45,25,20
Ufs,illidan,1522,monk,mistweaver,24,16,8
Jitsu,frostmane,1521,monk,mistweaver,105,64,41
Diagrams,tichondrius,1520,monk,mistweaver,29,19,10
Lenee,frostmourne,1520,monk,mistweaver,51,33,18
Kiqz,stormrage,1519,monk,mistweaver,30,16,14
Greenbrews,area-52,1519,monk,mistweaver,329,170,159
Banterx,sargeras,1519,monk,mistweaver,97,47,50
Yurm,moon-guard,1518,monk,mistweaver,54,38,16
Brewswayne,argent-dawn,1518,monk,mistweaver,36,23,13
Missweaver,sargeras,1518,monk,mistweaver,90,46,44
Aledal,agamaggan,1517,monk,mistweaver,66,41,25
Pydelo,tichondrius,1516,monk,mistweaver,42,23,19
Ophibrew,zuljin,1516,monk,mistweaver,30,16,14
Voodubrew,area-52,1514,monk,mistweaver,48,24,24
Zerker,nagrand,1514,monk,mistweaver,73,34,39
Sorowblade,lothar,1512,monk,mistweaver,56,35,21
Mcfisted,area-52,1512,monk,mistweaver,87,47,40
Boneykicks,tichondrius,1511,monk,mistweaver,60,28,32
Ric,gundrak,1509,monk,mistweaver,121,73,48
Bøkky,frostmourne,1509,monk,mistweaver,144,85,59
Jèricho,thrall,1509,monk,mistweaver,108,61,47
Aristea,emerald-dream,1509,monk,mistweaver,30,16,14
Monkash,sargeras,1509,monk,mistweaver,36,19,17
Presas,nemesis,1509,monk,mistweaver,110,58,52
Monkë,frostmourne,1508,monk,mistweaver,78,34,44
Zettelkasten,tichondrius,1508,monk,mistweaver,42,18,24
Oakleet,bleeding-hollow,1507,monk,mistweaver,48,27,21
Xyamïxo,tichondrius,1507,monk,mistweaver,200,110,90
Brewtalìty,tichondrius,1507,monk,mistweaver,84,45,39
Tipcat,wyrmrest-accord,1507,monk,mistweaver,36,18,18
Chìforce,sargeras,1507,monk,mistweaver,53,23,30
Alianli,tichondrius,1507,monk,mistweaver,113,40,73
Limi,malganis,1506,monk,mistweaver,66,46,20
Vardeh,stormscale,1505,monk,mistweaver,165,95,70
Dextr,arthas,1503,monk,mistweaver,87,50,37
Buymymixtape,ursin,1503,monk,mistweaver,30,16,14
Monkybidness,tichondrius,1503,monk,mistweaver,63,31,32
Honjada,tichondrius,1501,monk,mistweaver,42,32,10
Jeolmyung,tichondrius,1501,monk,mistweaver,51,24,27
Rômmul,azralon,1500,monk,mistweaver,135,77,58
Evilbit,boulderfist,1500,monk,mistweaver,36,20,16
Iluvthugnmcz,sargeras,1500,monk,mistweaver,136,73,63
Grimaku,tichondrius,1500,monk,mistweaver,51,23,28
Dareelyst,arygos,1500,monk,mistweaver,42,17,25
Göat,emerald-dream,1499,monk,mistweaver,87,45,42
Ghim,frostmourne,1499,monk,mistweaver,114,50,64
Fistnanweavn,dawnbringer,1498,monk,mistweaver,174,84,90
Äncient,quelthalas,1497,monk,mistweaver,142,82,60
Tinypunch,emerald-dream,1496,monk,mistweaver,72,34,38
Brokenfeels,azralon,1493,monk,mistweaver,48,24,24
Hiiyaa,tichondrius,1493,monk,mistweaver,134,66,68
Hoggs,sargeras,1492,monk,mistweaver,181,105,76
Seung,duskwood,1492,monk,mistweaver,255,121,134
Xtrememisty,frostmourne,1491,monk,mistweaver,72,40,32
Fistea,frostmourne,1491,monk,mistweaver,57,28,29
Caellum,quelthalas,1490,monk,mistweaver,41,27,14
Smoothkitty,stormrage,1489,monk,mistweaver,51,40,11
Carnâge,bleeding-hollow,1489,monk,mistweaver,63,33,30
Themonkfunk,bleeding-hollow,1487,monk,mistweaver,46,29,17
Xomonik,borean-tundra,1487,monk,mistweaver,84,48,36
Americå,zuljin,1486,monk,mistweaver,99,62,37
Bauindar,illidan,1486,monk,mistweaver,36,17,19
Saeloon,frostmourne,1486,monk,mistweaver,77,36,41
Zen,tichondrius,1485,monk,mistweaver,49,26,23
Buddhabud,sargeras,1485,monk,mistweaver,54,28,26
Grandpå,tichondrius,1484,monk,mistweaver,42,23,19
Thors,gorgonnash,1483,monk,mistweaver,90,53,37
Proctology,tichondrius,1482,monk,mistweaver,52,32,20
Frothy,bleeding-hollow,1482,monk,mistweaver,42,24,18
Pimpolhona,nemesis,1482,monk,mistweaver,168,86,82
Drfoochi,tichondrius,1482,monk,mistweaver,72,35,37
Kharazina,azralon,1481,monk,mistweaver,36,21,15
Bruceki,bleeding-hollow,1481,monk,mistweaver,87,44,43
Obàma,tichondrius,1481,monk,mistweaver,60,28,32
Hakunapotata,demon-soul,1480,monk,mistweaver,30,17,13
Närza,kelthuzad,1480,monk,mistweaver,60,32,28
Hymasterlol,tichondrius,1480,monk,mistweaver,62,30,32
Ÿipman,frostmourne,1480,monk,mistweaver,66,31,35
Themys,zuljin,1479,monk,mistweaver,54,33,21
Cousycous,garithos,1478,monk,mistweaver,36,23,13
Clipping,tichondrius,1478,monk,mistweaver,54,32,22
Xaurian,firetree,1478,monk,mistweaver,109,64,45
Taigared,ragnaros,1478,monk,mistweaver,45,17,28
Talented,azuremyst,1477,monk,mistweaver,63,41,22
Reque,illidan,1477,monk,mistweaver,408,217,191
Ungankable,sargeras,1477,monk,mistweaver,303,156,147
Meldrop,tichondrius,1477,monk,mistweaver,36,16,20
Monkpowaz,stormrage,1476,monk,mistweaver,42,26,16
Mythm,frostmourne,1476,monk,mistweaver,42,24,18
Sob,frostmourne,1476,monk,mistweaver,183,103,80
Ebrew,frostmourne,1476,monk,mistweaver,134,74,60
Aokuâng,malganis,1475,monk,mistweaver,130,74,56
Mungka,tichondrius,1475,monk,mistweaver,106,55,51
Popchi,stormrage,1475,monk,mistweaver,48,18,30
Bruceteå,area-52,1473,monk,mistweaver,29,19,10
Mòñk,shattered-halls,1473,monk,mistweaver,42,26,16
Orgrrim,area-52,1473,monk,mistweaver,36,22,14
Cooltran,tichondrius,1471,monk,mistweaver,59,35,24
Mcfluffey,area-52,1471,monk,mistweaver,98,58,40
Willowa,frostmourne,1470,monk,mistweaver,50,30,20
Sinistuhm,tichondrius,1470,monk,mistweaver,65,38,27
Punch,lothar,1470,monk,mistweaver,63,34,29
Damemasduro,ragnaros,1470,monk,mistweaver,674,335,339
Fisthealz,area-52,1469,monk,mistweaver,30,22,8
Zenquadz,elune,1468,monk,mistweaver,96,64,32
Phoenixspark,gnomeregan,1468,monk,mistweaver,80,51,29
Glad,stormscale,1468,monk,mistweaver,395,207,188
Kirshta,kelthuzad,1466,monk,mistweaver,44,32,12
Caliroll,gorefiend,1466,monk,mistweaver,82,38,44
Wohrfnok,illidan,1465,monk,mistweaver,48,28,20
Pcyesh,nemesis,1465,monk,mistweaver,110,57,53
Dovhug,draenor,1465,monk,mistweaver,66,30,36
Jinjunxi,tichondrius,1463,monk,mistweaver,144,78,66
Dharma,khaz-modan,1463,monk,mistweaver,154,79,75
Mustaf,stormrage,1462,monk,mistweaver,132,67,65
Chelada,sargeras,1462,monk,mistweaver,60,26,34
Iamamonk,kelthuzad,1461,monk,mistweaver,50,32,18
Axellrod,tichondrius,1461,monk,mistweaver,89,50,39
Docwang,malganis,1460,monk,mistweaver,60,39,21
Topnotch,malganis,1460,monk,mistweaver,66,38,28
Odindad,tichondrius,1460,monk,mistweaver,108,57,51
Himah,area-52,1460,monk,mistweaver,36,16,20
Gnomepuncher,dalaran,1459,monk,mistweaver,48,25,23
Shoumi,turalyon,1458,monk,mistweaver,36,22,14
Warzsong,azralon,1458,monk,mistweaver,75,42,33
Kazov,proudmoore,1458,monk,mistweaver,178,92,86
Dwrfu,ragnaros,1457,monk,mistweaver,42,31,11
Tayytay,kiljaeden,1457,monk,mistweaver,82,47,35
Phatcheeks,aegwynn,1457,monk,mistweaver,117,66,51
Bobthedrag,illidan,1457,monk,mistweaver,167,85,82
Taipanni,sargeras,1457,monk,mistweaver,46,19,27
Chuks,nerzhul,1456,monk,mistweaver,230,127,103
Guïnness,tichondrius,1455,monk,mistweaver,30,18,12
Donchi,sargeras,1453,monk,mistweaver,58,27,31
Saulgóòdman,tichondrius,1453,monk,mistweaver,42,18,24
Fairyeflora,wyrmrest-accord,1452,monk,mistweaver,48,31,17
Rôbo,emerald-dream,1452,monk,mistweaver,29,16,13
Baee,cairne,1451,monk,mistweaver,43,17,26
Pomonk,nazjatar,1450,monk,mistweaver,69,45,24
Leemîn,tichondrius,1450,monk,mistweaver,48,31,17
Märthä,azralon,1450,monk,mistweaver,167,86,81
Sisfist,blackhand,1449,monk,mistweaver,36,18,18
Tinze,bonechewer,1448,monk,mistweaver,93,57,36
Sohéi,proudmoore,1448,monk,mistweaver,65,34,31
Swiftyboi,tichondrius,1448,monk,mistweaver,215,106,109
Fister,garithos,1447,monk,mistweaver,100,58,42
Benex,tichondrius,1447,monk,mistweaver,59,32,27
Crunchyhippy,hyjal,1446,monk,mistweaver,42,26,16
Musachi,barthilas,1446,monk,mistweaver,108,47,61
Xiang,dreadmaul,1445,monk,mistweaver,66,40,26
Monkeybooze,sargeras,1445,monk,mistweaver,68,40,28
Lidela,sargeras,1445,monk,mistweaver,52,27,25
Fudoki,area-52,1444,monk,mistweaver,186,96,90
Nyght,moon-guard,1444,monk,mistweaver,120,54,66
Fattyboy,area-52,1443,monk,mistweaver,130,76,54
Abdoolah,illidan,1443,monk,mistweaver,164,83,81
Darkjab,tichondrius,1442,monk,mistweaver,48,22,26
Jackâl,malganis,1441,monk,mistweaver,37,22,15
Meshugah,quelthalas,1441,monk,mistweaver,124,59,65
Qtlolpraxhz,quelthalas,1440,monk,mistweaver,66,39,27
Mingchen,tichondrius,1440,monk,mistweaver,84,46,38
Chérudim,illidan,1439,monk,mistweaver,18,15,3
Aleuzraz,illidan,1439,monk,mistweaver,24,15,9
Dbmmonk,malganis,1438,monk,mistweaver,18,15,3
Horndog,skullcrusher,1438,monk,mistweaver,18,15,3
Zzizzi,tichondrius,1438,monk,mistweaver,24,15,9
Zonianman,tichondrius,1438,monk,mistweaver,125,69,56
Bigs,duskwood,1438,monk,mistweaver,35,15,20
Freeoni,sargeras,1436,monk,mistweaver,43,28,15
Mauvem,tichondrius,1436,monk,mistweaver,27,16,11
Snoodle,korgath,1436,monk,mistweaver,204,105,99
Dblfistez,stormreaver,1436,monk,mistweaver,58,28,30
Gnet,azralon,1435,monk,mistweaver,18,15,3
Iilgayrob,stormrage,1435,monk,mistweaver,24,15,9
Rawmonk,blackrock,1435,monk,mistweaver,24,15,9
Shyntä,dalaran,1435,monk,mistweaver,84,48,36
Bakus,tichondrius,1435,monk,mistweaver,47,26,21
Outhume,eredar,1435,monk,mistweaver,30,15,15
Ticmonk,frostmourne,1434,monk,mistweaver,24,15,9
Restaurantzs,tichondrius,1434,monk,mistweaver,64,39,25
Dhomonk,rexxar,1434,monk,mistweaver,29,17,12
Sobuu,wyrmrest-accord,1433,monk,mistweaver,42,31,11
Fartknocker,magtheridon,1433,monk,mistweaver,30,15,15
Softer,frostmane,1432,monk,mistweaver,24,15,9
Zønnis,zuljin,1432,monk,mistweaver,38,21,17
Gotosleepkid,dalaran,1432,monk,mistweaver,50,25,25
Bingqilinn,sargeras,1431,monk,mistweaver,30,15,15
Oopsmonk,arthas,1430,monk,mistweaver,18,15,3
Midewmonk,proudmoore,1429,monk,mistweaver,58,24,34
Mistymarc,zuljin,1428,monk,mistweaver,24,15,9
Blpkosher,tichondrius,1428,monk,mistweaver,24,15,9
Fuqame,kiljaeden,1428,monk,mistweaver,42,19,23
Poundmedaddi,tichondrius,1427,monk,mistweaver,139,84,55
Tyrannus,chogall,1427,monk,mistweaver,48,26,22
Flicksx,arthas,1426,monk,mistweaver,24,15,9
Vorikson,stormrage,1426,monk,mistweaver,228,108,120
Jooshy,tichondrius,1426,monk,mistweaver,83,39,44
Jmonks,stormrage,1426,monk,mistweaver,102,46,56
Fistlord,zuljin,1425,monk,mistweaver,32,18,14
Bbyyoda,illidan,1425,monk,mistweaver,132,70,62
Tenshu,runetotem,1425,monk,mistweaver,93,48,45
Pøkemonk,malganis,1424,monk,mistweaver,24,15,9
Goocn,tichondrius,1424,monk,mistweaver,66,35,31
Deadmw,thrall,1423,monk,mistweaver,24,17,7
Tamagotchi,emerald-dream,1423,monk,mistweaver,54,31,23
Misturi,moon-guard,1423,monk,mistweaver,29,16,13
Sunbrewer,bonechewer,1422,monk,mistweaver,24,15,9
Friskyfister,tichondrius,1422,monk,mistweaver,30,15,15
Pagtuk,daggerspine,1422,monk,mistweaver,69,30,39
Brüce,ragnaros,1421,monk,mistweaver,57,33,24
Brewball,illidan,1421,monk,mistweaver,56,30,26
Jasonmonk,sargeras,1420,monk,mistweaver,31,19,12
Tuss,tichondrius,1420,monk,mistweaver,93,37,56
Taijutzu,darkspear,1419,monk,mistweaver,24,15,9
Xxgonchi,quelthalas,1419,monk,mistweaver,169,93,76
Míyãgí,tichondrius,1419,monk,mistweaver,72,38,34
Nornangus,sargeras,1419,monk,mistweaver,65,34,31
Telospateo,ragnaros,1418,monk,mistweaver,90,48,42
Pandemikmonk,turalyon,1418,monk,mistweaver,84,43,41
Mightbweavin,bleeding-hollow,1418,monk,mistweaver,132,61,71
Yuumeì,senjin,1417,monk,mistweaver,30,15,15
Dumbmonk,frostmourne,1416,monk,mistweaver,18,15,3
Comonk,area-52,1416,monk,mistweaver,24,15,9
Bullët,tichondrius,1416,monk,mistweaver,180,99,81
Metapôd,tichondrius,1416,monk,mistweaver,93,48,45
Kymist,stormrage,1415,monk,mistweaver,194,102,92
Hadryan,proudmoore,1414,monk,mistweaver,190,96,94
Srshy,drakkari,1414,monk,mistweaver,72,30,42
Kemmy,ravencrest,1413,monk,mistweaver,49,27,22
Tjab,kiljaeden,1413,monk,mistweaver,30,15,15
Markofzugzug,tichondrius,1413,monk,mistweaver,36,15,21
Beefdadyfist,tichondrius,1412,monk,mistweaver,72,41,31
Keekirx,tichondrius,1412,monk,mistweaver,34,18,16
Lanifer,area-52,1411,monk,mistweaver,47,28,19
Xuxin,medivh,1411,monk,mistweaver,33,18,15
Ralphiex,tichondrius,1411,monk,mistweaver,101,53,48
Harryrichard,sargeras,1410,monk,mistweaver,47,29,18
Xenzas,chogall,1410,monk,mistweaver,29,17,12
Paradissô,tichondrius,1410,monk,mistweaver,36,16,20
Caradlevinge,ragnaros,1410,monk,mistweaver,84,34,50
Lizavet,stormrage,1409,monk,mistweaver,106,74,32
Beverage,frostmourne,1409,monk,mistweaver,35,24,11
Tanskee,sargeras,1409,monk,mistweaver,71,42,29
ßrewslèè,tichondrius,1409,monk,mistweaver,175,93,82
Noodalie,moon-guard,1408,monk,mistweaver,30,22,8
Hungfuu,tichondrius,1407,monk,mistweaver,18,15,3
Knucklebadge,tichondrius,1407,monk,mistweaver,47,30,17
Shandaspanda,rivendare,1407,monk,mistweaver,84,42,42
Vegoku,moon-guard,1406,monk,mistweaver,137,72,65
Bozzychi,illidan,1406,monk,mistweaver,162,76,86
Bbunglee,tichondrius,1405,monk,mistweaver,72,42,30
Smungus,bloodscalp,1405,monk,mistweaver,62,34,28
Lindraice,illidan,1405,monk,mistweaver,30,15,15
Troutline,bonechewer,1404,monk,mistweaver,142,83,59
Edbtz,illidan,1403,monk,mistweaver,30,21,9
Puoll,gallywix,1403,monk,mistweaver,157,82,75
Gitwwrekd,area-52,1402,monk,mistweaver,24,16,8
Vvsm,tichondrius,1402,monk,mistweaver,30,15,15
Sonicenergy,tichondrius,1402,monk,mistweaver,57,27,30
Zuchi,frostmourne,1401,monk,mistweaver,36,23,13
Zarma,stormrage,1401,monk,mistweaver,88,48,40
Lunarc,mannoroth,1401,monk,mistweaver,93,50,43
Güwop,tichondrius,1400,monk,mistweaver,105,55,50
Mongénoio,nemesis,1400,monk,mistweaver,32,16,16
Blackmist,khazgoroth,1399,monk,mistweaver,24,16,8
Awwchi,tichondrius,1399,monk,mistweaver,78,41,37
Dåßz,illidan,1399,monk,mistweaver,55,24,31
Carlosm,tichondrius,1398,monk,mistweaver,30,19,11
Waxxi,barthilas,1398,monk,mistweaver,219,117,102
Alfonzó,tichondrius,1398,monk,mistweaver,30,15,15
Soothem,tichondrius,1396,monk,mistweaver,313,171,142
Cthulumonk,lightnings-blade,1395,monk,mistweaver,42,18,24
Zammymonk,area-52,1393,monk,mistweaver,18,15,3
Dedracula,quelthalas,1393,monk,mistweaver,53,37,16
Jabtrak,kargath,1392,monk,mistweaver,24,16,8
Brewamp,zuljin,1392,monk,mistweaver,59,30,29
Htm,barthilas,1392,monk,mistweaver,41,16,25
Gèrthisha,thunderlord,1391,monk,mistweaver,34,21,13
Feynzen,frostmourne,1389,monk,mistweaver,31,20,11
Kylièjenner,gilneas,1389,monk,mistweaver,76,43,33
Twirl,mugthol,1389,monk,mistweaver,42,18,24
Hyugga,azralon,1388,monk,mistweaver,71,42,29
Gazzoxsan,chogall,1387,monk,mistweaver,80,41,39
Beätfeet,tichondrius,1386,monk,mistweaver,48,29,19
Moonkers,tichondrius,1386,monk,mistweaver,36,20,16
Verelaana,moon-guard,1386,monk,mistweaver,41,21,20
Vum,quelthalas,1385,monk,mistweaver,21,16,5
Trüa,stormrage,1385,monk,mistweaver,45,29,16
Monktor,dalaran,1385,monk,mistweaver,84,42,42
Shaolinmists,malganis,1384,monk,mistweaver,30,24,6
Bârcõdë,tichondrius,1384,monk,mistweaver,36,23,13
Redweave,moon-guard,1383,monk,mistweaver,36,17,19
Ferrarí,quelthalas,1382,monk,mistweaver,305,162,143
Flixz,stormrage,1382,monk,mistweaver,48,25,23
Indigojo,silver-hand,1382,monk,mistweaver,71,29,42
Riokhan,ragnaros,1381,monk,mistweaver,54,31,23
Valiantroar,shandris,1381,monk,mistweaver,38,16,22
Hummerkungfu,azralon,1380,monk,mistweaver,79,40,39
Pandamanapua,dragonmaw,1379,monk,mistweaver,44,17,27
Akván,ragnaros,1378,monk,mistweaver,85,43,42
Fistful,destromath,1377,monk,mistweaver,30,20,10
Åvå,emerald-dream,1376,monk,mistweaver,121,55,66
Pablojám,ragnaros,1375,monk,mistweaver,42,23,19
Quinoo,emerald-dream,1375,monk,mistweaver,75,33,42
Azzazel,nerzhul,1375,monk,mistweaver,48,17,31
Afabled,drakkari,1373,monk,mistweaver,48,26,22
Ozen,burning-blade,1373,monk,mistweaver,74,38,36
Trapeez,kelthuzad,1372,monk,mistweaver,30,21,9
Hybrid,draenor,1371,monk,mistweaver,36,21,15
Rhynoo,lothar,1371,monk,mistweaver,96,51,45
Miretunie,arathor,1370,monk,mistweaver,143,83,60
Kaølin,azralon,1369,monk,mistweaver,24,16,8
Thyfist,frostmourne,1369,monk,mistweaver,28,16,12
Vonn,drakkari,1368,monk,mistweaver,83,42,41
Bamboozile,arthas,1368,monk,mistweaver,30,15,15
Mintÿ,wyrmrest-accord,1366,monk,mistweaver,48,24,24
Eqoy,moon-guard,1365,monk,mistweaver,48,24,24
Salindrena,thrall,1364,monk,mistweaver,48,30,18
Tianji,malganis,1363,monk,mistweaver,42,26,16
Tert,aerie-peak,1363,monk,mistweaver,146,83,63
Nîxs,frostmourne,1363,monk,mistweaver,38,17,21
Bibibi,moon-guard,1362,monk,mistweaver,30,15,15
Mistcrab,tichondrius,1361,monk,mistweaver,89,51,38
Pepperoncini,korgath,1361,monk,mistweaver,93,43,50
Orbí,tichondrius,1360,monk,mistweaver,156,97,59
Nuubchi,stormrage,1360,monk,mistweaver,37,22,15
Rxtea,darkspear,1360,monk,mistweaver,31,17,14
Snuzzao,darkspear,1359,monk,mistweaver,44,22,22
Decha,skywall,1358,monk,mistweaver,24,15,9
Trixië,vashj,1358,monk,mistweaver,29,15,14
Pandalee,skullcrusher,1357,monk,mistweaver,60,37,23
Razod,stormrage,1357,monk,mistweaver,295,157,138
Tobyblack,illidan,1357,monk,mistweaver,123,60,63
Gerranni,wyrmrest-accord,1356,monk,mistweaver,30,21,9
Chainwax,korgath,1355,monk,mistweaver,80,43,37
Baroon,chogall,1355,monk,mistweaver,99,42,57
Clyteai,arthas,1354,monk,mistweaver,63,32,31
Kreacher,ravencrest,1353,monk,mistweaver,107,61,46
Sodosopaw,area-52,1352,monk,mistweaver,88,43,45
Binghe,illidan,1351,monk,mistweaver,99,53,46
Beerheals,kelthuzad,1350,monk,mistweaver,37,19,18
Karaka,ysera,1349,monk,mistweaver,28,19,9
Rollypunch,illidan,1349,monk,mistweaver,74,42,32
Siddlez,frostmourne,1348,monk,mistweaver,65,45,20
Monkol,nemesis,1348,monk,mistweaver,36,20,16
Zeiana,proudmoore,1348,monk,mistweaver,44,24,20
Showshoway,tichondrius,1348,monk,mistweaver,295,137,158
Puffpuffp,nazgrel,1346,monk,mistweaver,54,32,22
Moltenbeard,trollbane,1346,monk,mistweaver,117,68,49
Giatzo,barthilas,1346,monk,mistweaver,99,51,48
Crankxx,malganis,1345,monk,mistweaver,27,16,11
Hensing,malganis,1344,monk,mistweaver,24,14,10
Wnbafanx,silver-hand,1344,monk,mistweaver,24,14,10
Onegai,tichondrius,1343,monk,mistweaver,18,14,4
Hydrig,ragnaros,1343,monk,mistweaver,18,14,4
Itsnoozes,illidan,1343,monk,mistweaver,18,14,4
Siserfister,sargeras,1343,monk,mistweaver,24,14,10
Onlyhands,whisperwind,1343,monk,mistweaver,71,39,32
Sethroguen,kelthuzad,1342,monk,mistweaver,40,25,15
Akumeidakai,stormrage,1342,monk,mistweaver,42,26,16
Cnww,tichondrius,1342,monk,mistweaver,24,14,10
Jonnymon,sargeras,1341,monk,mistweaver,18,14,4
Vulbeast,dalaran,1341,monk,mistweaver,18,14,4
Lustymonk,kelthuzad,1341,monk,mistweaver,18,14,4
Jmanownz,stormrage,1341,monk,mistweaver,18,14,4
Cilantrõ,malorne,1341,monk,mistweaver,30,21,9
Astridia,darkspear,1341,monk,mistweaver,24,14,10
Daneil,illidan,1340,monk,mistweaver,18,14,4
Evyllyn,bleeding-hollow,1340,monk,mistweaver,18,14,4
Ninjachavez,tichondrius,1340,monk,mistweaver,24,14,10
Anthuri,frostmourne,1339,monk,mistweaver,95,62,33
Pisswalker,area-52,1338,monk,mistweaver,18,14,4
Catmonk,the-forgotten-coast,1338,monk,mistweaver,24,14,10
Kungfuchious,dalaran,1338,monk,mistweaver,31,18,13
Iloki,shuhalo,1338,monk,mistweaver,93,48,45
Lõgan,azralon,1338,monk,mistweaver,69,34,35
Allegedheals,tichondrius,1338,monk,mistweaver,84,38,46
Inkar,tichondrius,1338,monk,mistweaver,36,14,22
Ðamntaiyo,sargeras,1336,monk,mistweaver,35,19,16
Ryantiger,tichondrius,1336,monk,mistweaver,30,14,16
Stendari,moon-guard,1336,monk,mistweaver,42,17,25
Alshee,nagrand,1335,monk,mistweaver,24,14,10
Ludafist,whisperwind,1335,monk,mistweaver,144,79,65
Karynia,illidan,1335,monk,mistweaver,110,56,54
Bresmeatfore,barthilas,1335,monk,mistweaver,77,38,39
Iielia,wyrmrest-accord,1335,monk,mistweaver,35,16,19
Streetjezus,bloodhoof,1335,monk,mistweaver,64,28,36
Brotherdad,moon-guard,1334,monk,mistweaver,24,14,10
Chañi,ragnaros,1333,monk,mistweaver,59,33,26
Momochi,malygos,1333,monk,mistweaver,36,20,16
Ninjatoots,aerie-peak,1333,monk,mistweaver,118,64,54
Naxanax,area-52,1332,monk,mistweaver,66,33,33
Jellobag,frostmane,1331,monk,mistweaver,24,14,10
Yoshimiitsu,bleeding-hollow,1330,monk,mistweaver,24,14,10
Snmonk,illidan,1330,monk,mistweaver,24,14,10
Keyszz,tichondrius,1330,monk,mistweaver,224,103,121
Asliam,undermine,1327,monk,mistweaver,42,27,15
Omegasix,nazjatar,1327,monk,mistweaver,30,18,12
Honorviejos,illidan,1327,monk,mistweaver,46,27,19
Hotpotatoee,aerie-peak,1327,monk,mistweaver,374,190,184
Selfhealings,korgath,1327,monk,mistweaver,88,41,47
Xiaoemo,tichondrius,1326,monk,mistweaver,36,25,11
Neww,tichondrius,1325,monk,mistweaver,58,25,33
Tenzing,azgalor,1324,monk,mistweaver,24,14,10
Khamze,ragnaros,1323,monk,mistweaver,24,14,10
Daddyrugburn,area-52,1323,monk,mistweaver,89,44,45
Turkspin,smolderthorn,1322,monk,mistweaver,33,24,9
Nerfmonk,spirestone,1322,monk,mistweaver,24,14,10
Precóggodx,tichondrius,1322,monk,mistweaver,24,14,10
Jeffdagnome,moon-guard,1320,monk,mistweaver,96,48,48
Zeevaliara,caelestrasz,1320,monk,mistweaver,30,15,15
Psyx,frostmourne,1319,monk,mistweaver,24,14,10
Monkeynut,whisperwind,1319,monk,mistweaver,149,79,70
Johnkreese,andorhal,1319,monk,mistweaver,31,15,16
Psykhed,emerald-dream,1319,monk,mistweaver,78,33,45
Nazvik,quelthalas,1318,monk,mistweaver,24,14,10
Shon,frostmourne,1316,monk,mistweaver,24,14,10
Monkqi,lightbringer,1315,monk,mistweaver,60,37,23
Albusventos,azralon,1315,monk,mistweaver,35,21,14
Lovechabill,darkspear,1315,monk,mistweaver,60,32,28
Smackdat,azjolnerub,1315,monk,mistweaver,58,29,29
Kungfumika,ragnaros,1314,monk,mistweaver,48,23,25
Kungupanda,nesingwary,1313,monk,mistweaver,41,17,24
Harmoñize,moon-guard,1311,monk,mistweaver,30,14,16
Breezymist,doomhammer,1311,monk,mistweaver,30,14,16
Vraxion,aggramar,1311,monk,mistweaver,150,65,85
Evllx,tichondrius,1310,monk,mistweaver,18,14,4
Dashenna,illidan,1310,monk,mistweaver,84,32,52
Bonquavius,thrall,1309,monk,mistweaver,26,16,10
Metalmønk,nerzhul,1309,monk,mistweaver,73,41,32
Touchkarma,stormrage,1309,monk,mistweaver,138,74,64
Ojiin,wyrmrest-accord,1309,monk,mistweaver,307,155,152
Tàekwondo,drakkari,1308,monk,mistweaver,30,15,15
Odogin,tichondrius,1307,monk,mistweaver,65,41,24
Sangthos,darkspear,1307,monk,mistweaver,265,117,148
Guleum,tichondrius,1307,monk,mistweaver,47,18,29
Rylens,draka,1306,monk,mistweaver,64,35,29
Sweatweaver,frostmourne,1306,monk,mistweaver,94,43,51
Daslow,quelthalas,1306,monk,mistweaver,101,45,56
Punchberry,illidan,1305,monk,mistweaver,30,18,12
Polofasho,illidan,1305,monk,mistweaver,47,28,19
Mango,spirestone,1305,monk,mistweaver,42,24,18
Hafu,wildhammer,1305,monk,mistweaver,54,29,25
Shizunô,stormrage,1305,monk,mistweaver,36,17,19
Illushadio,moon-guard,1304,monk,mistweaver,36,19,17
Compacier,illidan,1303,monk,mistweaver,73,38,35
Niéh,frostmourne,1302,monk,mistweaver,46,24,22
Fânnybâws,stormrage,1302,monk,mistweaver,36,18,18
Hirahxx,frostmourne,1301,monk,mistweaver,27,16,11
Melrose,kiljaeden,1301,monk,mistweaver,24,14,10
Bháv,tichondrius,1301,monk,mistweaver,36,18,18
Biggddaddy,thaurissan,1300,monk,mistweaver,48,33,15
Bluemyselph,tichondrius,1300,monk,mistweaver,40,21,19
Endér,tichondrius,1300,monk,mistweaver,160,82,78
Kickbone,tichondrius,1300,monk,mistweaver,66,33,33
Raidenmnx,tichondrius,1300,monk,mistweaver,96,47,49
Twinktoez,bleeding-hollow,1299,monk,mistweaver,26,15,11
Likkleyute,akama,1298,monk,mistweaver,85,47,38
Mystafista,tichondrius,1298,monk,mistweaver,44,18,26
Szuka,tichondrius,1297,monk,mistweaver,36,20,16
Kung,tichondrius,1297,monk,mistweaver,30,14,16
Gnomshini,proudmoore,1296,monk,mistweaver,30,14,16
Lawroadp,tichondrius,1295,monk,mistweaver,57,33,24
Purging,draka,1294,monk,mistweaver,104,71,33
Rapope,quelthalas,1294,monk,mistweaver,65,32,33
Velikins,doomhammer,1293,monk,mistweaver,85,51,34
Chaotics,bleeding-hollow,1293,monk,mistweaver,104,59,45
Troutz,sargeras,1293,monk,mistweaver,42,23,19
Gguldduk,tichondrius,1292,monk,mistweaver,40,26,14
Ymiron,smolderthorn,1292,monk,mistweaver,42,15,27
Thunderfitz,tichondrius,1290,monk,mistweaver,42,15,27
Galiplays,zangarmarsh,1289,monk,mistweaver,71,37,34
Hellcow,frostmourne,1289,monk,mistweaver,84,42,42
Speedymonk,malfurion,1289,monk,mistweaver,60,25,35
Drexlla,barthilas,1288,monk,mistweaver,68,41,27
Zarakna,sargeras,1288,monk,mistweaver,210,112,98
Onekickman,dalaran,1287,monk,mistweaver,78,44,34
Gallorex,frostmourne,1286,monk,mistweaver,42,24,18
Enfoque,quelthalas,1285,monk,mistweaver,101,58,43
Healyboi,bronzebeard,1283,monk,mistweaver,58,25,33
Safiel,proudmoore,1283,monk,mistweaver,121,52,69
Boozebear,spirestone,1282,monk,mistweaver,136,68,68
Kìmjungheal,tichondrius,1281,monk,mistweaver,41,21,20
Chnzhs,tichondrius,1281,monk,mistweaver,58,18,40
Holdmychi,stormrage,1279,monk,mistweaver,55,29,26
Zenmasta,exodar,1279,monk,mistweaver,60,29,31
Afw,moon-guard,1278,monk,mistweaver,61,34,27
Byakugan,moon-guard,1277,monk,mistweaver,41,23,18
Börg,bleeding-hollow,1277,monk,mistweaver,38,19,19
Mënace,skullcrusher,1276,monk,mistweaver,105,64,41
Thirteendads,turalyon,1276,monk,mistweaver,148,71,77
Fludz,burning-blade,1276,monk,mistweaver,66,28,38
Orthôdox,tichondrius,1276,monk,mistweaver,50,21,29
Jigong,bleeding-hollow,1275,monk,mistweaver,42,23,19
Touzin,bleeding-hollow,1275,monk,mistweaver,52,27,25
Poppyharlow,saurfang,1274,monk,mistweaver,36,25,11
Noctes,thunderlord,1274,monk,mistweaver,66,42,24
Finnamist,tichondrius,1274,monk,mistweaver,30,18,12
Mortimir,echo-isles,1274,monk,mistweaver,65,33,32
Monknificent,medivh,1274,monk,mistweaver,96,46,50
Tigraxus,proudmoore,1274,monk,mistweaver,43,19,24
Blorkk,area-52,1273,monk,mistweaver,30,21,9
Puya,nemesis,1273,monk,mistweaver,48,25,23
Evilstep,tichondrius,1272,monk,mistweaver,131,68,63
Zxychi,hyjal,1271,monk,mistweaver,23,14,9
Rustedbarrel,azjolnerub,1271,monk,mistweaver,46,23,23
Senseißones,area-52,1271,monk,mistweaver,41,14,27
Ratioed,moon-guard,1270,monk,mistweaver,65,45,20
Blackthorne,illidan,1267,monk,mistweaver,36,19,17
Makimä,stormrage,1267,monk,mistweaver,80,41,39
Fìst,hyjal,1266,monk,mistweaver,24,14,10
Madnox,sargeras,1266,monk,mistweaver,66,36,30
Xulieng,tichondrius,1266,monk,mistweaver,506,258,248
Dragonwarior,zuluhed,1261,monk,mistweaver,26,15,11
Valdosta,bloodscalp,1261,monk,mistweaver,83,47,36
Tusil,tichondrius,1261,monk,mistweaver,42,16,26
Perzevel,azshara,1260,monk,mistweaver,36,21,15
Valapan,tichondrius,1260,monk,mistweaver,98,50,48
Wmo,tichondrius,1258,monk,mistweaver,23,15,8
Monkêy,ghostlands,1258,monk,mistweaver,91,44,47
Teil,illidan,1257,monk,mistweaver,48,25,23
Pépto,bleeding-hollow,1257,monk,mistweaver,70,35,35
Xeg,whisperwind,1256,monk,mistweaver,30,15,15
Hongmeï,illidan,1254,monk,mistweaver,48,25,23
Lelomonk,ragnaros,1254,monk,mistweaver,133,69,64
Liamaz,amanthul,1254,monk,mistweaver,30,14,16
Hungrydevil,tichondrius,1253,monk,mistweaver,30,15,15
Aylama,sargeras,1253,monk,mistweaver,42,16,26
Buudhist,dalaran,1252,monk,mistweaver,30,14,16
Kayzen,barthilas,1251,monk,mistweaver,54,33,21
Sayd,misha,1251,monk,mistweaver,30,17,13
Tankozorr,zuljin,1251,monk,mistweaver,84,38,46
Omimonk,sargeras,1251,monk,mistweaver,56,24,32
Donnieyen,aerie-peak,1250,monk,mistweaver,19,14,5
Maiitoguy,illidan,1250,monk,mistweaver,48,24,24
Zsalcior,jaedenar,1249,monk,mistweaver,81,49,32
Drizzywow,arathor,1248,monk,mistweaver,18,13,5
Sjw,icecrown,1248,monk,mistweaver,20,13,7
Shefcurry,boulderfist,1248,monk,mistweaver,24,13,11
Hps,thrall,1248,monk,mistweaver,47,24,23
Mwomegalul,sargeras,1248,monk,mistweaver,30,13,17
Haruko,baelgun,1248,monk,mistweaver,64,24,40
Annisokay,bleeding-hollow,1247,monk,mistweaver,18,13,5
Brackrotus,malganis,1247,monk,mistweaver,18,13,5
Beefyteet,tichondrius,1247,monk,mistweaver,18,13,5
Lynio,area-52,1247,monk,mistweaver,24,13,11
Demisodax,tichondrius,1247,monk,mistweaver,24,13,11
Gothamonk,tichondrius,1247,monk,mistweaver,24,13,11
Grefg,whisperwind,1247,monk,mistweaver,84,45,39
Steadfastsr,black-dragonflight,1246,monk,mistweaver,18,13,5
Fheng,emerald-dream,1246,monk,mistweaver,24,13,11
Gottí,sargeras,1246,monk,mistweaver,24,13,11
Shinobui,jubeithos,1246,monk,mistweaver,30,16,14
Cowsgonuts,gorefiend,1246,monk,mistweaver,30,13,17
Hîddëncløùdx,tichondrius,1245,monk,mistweaver,18,13,5
Èxpèrtisè,jubeithos,1245,monk,mistweaver,20,13,7
Jighte,illidan,1245,monk,mistweaver,60,36,24
Nawzhy,emerald-dream,1245,monk,mistweaver,24,13,11
Enkcredulous,tichondrius,1245,monk,mistweaver,24,13,11
Azulinfinito,quelthalas,1245,monk,mistweaver,47,25,22
Sainlaurent,tichondrius,1244,monk,mistweaver,18,13,5
Drunkgiraffe,zuljin,1244,monk,mistweaver,18,13,5
Ironfistorm,stormrage,1244,monk,mistweaver,36,24,12
Monktyson,barthilas,1244,monk,mistweaver,72,44,28
Shilakamesn,tichondrius,1244,monk,mistweaver,24,13,11
Shadowbringr,proudmoore,1244,monk,mistweaver,24,13,11
Theweekend,tichondrius,1244,monk,mistweaver,80,32,48
Dangerkage,stormrage,1243,monk,mistweaver,87,35,52
Ammonk,bloodhoof,1242,monk,mistweaver,18,13,5
Callibella,amanthul,1242,monk,mistweaver,41,18,23
Brochadchó,stormrage,1242,monk,mistweaver,30,13,17
Imafqnbaby,tichondrius,1242,monk,mistweaver,30,13,17
Cosetteb,proudmoore,1241,monk,mistweaver,72,38,34
Miyung,quelthalas,1240,monk,mistweaver,30,13,17
Mïstyfïsty,moon-guard,1239,monk,mistweaver,18,13,5
Növa,alterac-mountains,1239,monk,mistweaver,18,13,5
Elmozosz,thrall,1239,monk,mistweaver,24,13,11
Noogiie,barthilas,1238,monk,mistweaver,22,14,8
Dirtyshef,deathwing,1237,monk,mistweaver,138,64,74
Madkickzack,blades-edge,1237,monk,mistweaver,30,13,17
Oyyo,tichondrius,1237,monk,mistweaver,95,35,60
Mirokushan,skywall,1236,monk,mistweaver,138,75,63
Lolkungfu,spirestone,1234,monk,mistweaver,24,13,11
Notastreamer,frostmourne,1234,monk,mistweaver,24,13,11
Monxellius,moon-guard,1234,monk,mistweaver,129,64,65
Marimonkori,stormscale,1234,monk,mistweaver,117,58,59
Deftones,tichondrius,1234,monk,mistweaver,30,13,17
Vchii,tichondrius,1234,monk,mistweaver,30,13,17
Midfrie,ghostlands,1233,monk,mistweaver,24,15,9
Knaveus,frostmourne,1233,monk,mistweaver,54,30,24
Critôris,tichondrius,1233,monk,mistweaver,24,13,11
Lothnälar,ragnaros,1231,monk,mistweaver,36,26,10
Azizyzz,barthilas,1231,monk,mistweaver,42,20,22
Dumplinz,tichondrius,1230,monk,mistweaver,17,14,3
Rolybones,boulderfist,1229,monk,mistweaver,25,13,12
Zignzag,stormscale,1228,monk,mistweaver,48,18,30
Ryukenshin,proudmoore,1227,monk,mistweaver,24,13,11
Ciru,zangarmarsh,1227,monk,mistweaver,108,56,52
Darkheälzz,sargeras,1227,monk,mistweaver,148,73,75
Fkedyourwife,dalaran,1227,monk,mistweaver,30,13,17
Wraithfire,uldum,1226,monk,mistweaver,71,37,34
Kekekeke,dreadmaul,1225,monk,mistweaver,24,13,11
Shinarri,thrall,1224,monk,mistweaver,155,82,73
Darrhon,illidan,1224,monk,mistweaver,150,77,73
Petsëmatary,bleeding-hollow,1224,monk,mistweaver,41,16,25
Modelman,area-52,1222,monk,mistweaver,62,32,30
Cheesemónk,tichondrius,1222,monk,mistweaver,30,13,17
Habuba,eredar,1221,monk,mistweaver,18,13,5
Ninjahogan,azgalor,1221,monk,mistweaver,32,15,17
Twistedchi,stormrage,1220,monk,mistweaver,24,13,11
Cammy,aerie-peak,1219,monk,mistweaver,32,20,12
Pixelface,barthilas,1218,monk,mistweaver,18,13,5
Monkgins,area-52,1218,monk,mistweaver,24,13,11
Hashìba,kiljaeden,1217,monk,mistweaver,18,13,5
Twïst,tichondrius,1216,monk,mistweaver,24,13,11
Ggumn,tichondrius,1215,monk,mistweaver,90,48,42
Treysongz,illidan,1215,monk,mistweaver,29,13,16
Pòrts,tichondrius,1215,monk,mistweaver,48,16,32
Obstetrics,archimonde,1212,monk,mistweaver,24,13,11
Deepchi,tichondrius,1212,monk,mistweaver,30,13,17
Monkism,warsong,1210,monk,mistweaver,30,21,9
Ambuinc,burning-blade,1209,monk,mistweaver,24,16,8
Aeress,kelthuzad,1208,monk,mistweaver,30,13,17
Stephani,turalyon,1207,monk,mistweaver,43,22,21
Lotusdream,argent-dawn,1206,monk,mistweaver,125,65,60
Kreezoo,tichondrius,1206,monk,mistweaver,75,38,37
Chunkynorris,stormscale,1206,monk,mistweaver,38,18,20
Raptortaco,thrall,1206,monk,mistweaver,44,20,24
Dower,archimonde,1205,monk,mistweaver,22,14,8
Evílryü,quelthalas,1204,monk,mistweaver,46,26,20
Joeyfists,frostwolf,1204,monk,mistweaver,62,31,31
Xstepfister,tichondrius,1204,monk,mistweaver,86,40,46
Pompoe,kelthuzad,1204,monk,mistweaver,63,27,36
Foomanshoes,shandris,1204,monk,mistweaver,52,14,38
Tsyatvo,illidan,1202,monk,mistweaver,36,22,14
Organiccs,tichondrius,1202,monk,mistweaver,108,52,56
Biggoosie,korgath,1201,monk,mistweaver,87,52,35
Dokfu,tichondrius,1201,monk,mistweaver,207,113,94
Elcidw,tichondrius,1200,monk,mistweaver,21,14,7
Amuy,uther,1200,monk,mistweaver,24,13,11
Monkisses,bonechewer,1200,monk,mistweaver,125,62,63
Menadraene,wyrmrest-accord,1198,monk,mistweaver,26,14,12
Çlac,illidan,1198,monk,mistweaver,26,14,12
Kodrik,tichondrius,1198,monk,mistweaver,96,48,48
Walmartguard,arthas,1196,monk,mistweaver,58,29,29
Michaeljordn,destromath,1196,monk,mistweaver,53,20,33
Kungfutofu,sentinels,1192,monk,mistweaver,27,15,12
Titofresh,quelthalas,1191,monk,mistweaver,33,15,18
Shwankeesha,thrall,1191,monk,mistweaver,34,15,19
Coachtyler,illidan,1189,monk,mistweaver,18,14,4
Raphzen,stormrage,1189,monk,mistweaver,33,17,16
Soapy,moon-guard,1188,monk,mistweaver,35,16,19
Littlegeorge,moon-guard,1187,monk,mistweaver,36,24,12
Smokee,blackhand,1187,monk,mistweaver,30,15,15
Kowpowmoomoo,uther,1187,monk,mistweaver,30,15,15
Kafuru,quelthalas,1185,monk,mistweaver,28,16,12
Soderbergh,ysera,1185,monk,mistweaver,36,13,23
Teddybéar,illidan,1183,monk,mistweaver,20,13,7
Bogez,area-52,1183,monk,mistweaver,27,13,14
Reinah,malganis,1183,monk,mistweaver,48,18,30
Mão,stormrage,1181,monk,mistweaver,42,27,15
Velleicelara,tichondrius,1179,monk,mistweaver,21,14,7
Tenptonefotm,bleeding-hollow,1179,monk,mistweaver,24,14,10
Marnartou,zuljin,1177,monk,mistweaver,67,42,25
Kromkwando,burning-blade,1177,monk,mistweaver,42,13,29
Iseeyouqt,tichondrius,1176,monk,mistweaver,20,13,7
Monkoala,illidan,1176,monk,mistweaver,42,21,21
Zefta,moon-guard,1176,monk,mistweaver,67,29,38
Absolutvodca,nemesis,1175,monk,mistweaver,36,15,21
Taichichuan,tichondrius,1174,monk,mistweaver,89,44,45
Yinlong,illidan,1171,monk,mistweaver,22,13,9
Orenj,boulderfist,1171,monk,mistweaver,48,24,24
Hammonk,deathwing,1170,monk,mistweaver,42,24,18
Hamandchi,sargeras,1169,monk,mistweaver,23,16,7
Kushmintz,whisperwind,1169,monk,mistweaver,30,14,16
Lumïnous,moon-guard,1167,monk,mistweaver,36,17,19
Hie,laughing-skull,1166,monk,mistweaver,90,38,52
Miraculer,drakkari,1163,monk,mistweaver,28,14,14
Sedition,emerald-dream,1163,monk,mistweaver,347,172,175
Chèmosh,fenris,1162,monk,mistweaver,29,13,16
Maqaveli,sargeras,1160,monk,mistweaver,42,22,20
Kexti,wyrmrest-accord,1159,monk,mistweaver,57,25,32
Madmint,illidan,1159,monk,mistweaver,60,26,34
Stevejabz,malganis,1156,monk,mistweaver,30,13,17
Gobfu,emerald-dream,1154,monk,mistweaver,112,50,62
Magmuruk,garrosh,1152,monk,mistweaver,18,12,6
Envymonk,tichondrius,1152,monk,mistweaver,18,12,6
Taintickler,stormrage,1152,monk,mistweaver,79,43,36
Qimeng,sargeras,1152,monk,mistweaver,30,12,18
Tubescreamer,barthilas,1151,monk,mistweaver,18,12,6
Mundane,sargeras,1151,monk,mistweaver,18,12,6
Sâx,stormreaver,1151,monk,mistweaver,18,12,6
Danceschi,area-52,1151,monk,mistweaver,24,12,12
Billycobham,tichondrius,1151,monk,mistweaver,24,12,12
Affrika,ragnaros,1151,monk,mistweaver,53,25,28
Møzy,darkspear,1150,monk,mistweaver,18,12,6
Ragepalm,aegwynn,1150,monk,mistweaver,42,22,20
Monkybizniss,skywall,1150,monk,mistweaver,24,12,12
Habaneroz,wyrmrest-accord,1150,monk,mistweaver,24,12,12
Faccemelter,illidan,1150,monk,mistweaver,30,12,18
Benday,ragnaros,1150,monk,mistweaver,36,12,24
Dreamfist,emerald-dream,1149,monk,mistweaver,24,12,12
Lushona,ragnaros,1148,monk,mistweaver,54,38,16
Strixx,silvermoon,1148,monk,mistweaver,30,21,9
Onlythumbs,area-52,1148,monk,mistweaver,18,12,6
Shmello,akama,1147,monk,mistweaver,48,32,16
Zallie,frostmourne,1147,monk,mistweaver,18,12,6
Doicare,tichondrius,1147,monk,mistweaver,58,35,23
Smashgordon,burning-legion,1147,monk,mistweaver,30,12,18
Dewtime,area-52,1146,monk,mistweaver,18,12,6
Rizchi,tichondrius,1146,monk,mistweaver,18,12,6
Hapgido,deathwing,1146,monk,mistweaver,74,40,34
Serpp,kelthuzad,1146,monk,mistweaver,24,12,12
Bopmykarma,kelthuzad,1146,monk,mistweaver,25,12,13
Kaniou,proudmoore,1146,monk,mistweaver,29,13,16
Azenia,barthilas,1146,monk,mistweaver,30,12,18
Kelpri,sentinels,1145,monk,mistweaver,18,12,6
Melocotonn,goldrinn,1145,monk,mistweaver,66,36,30
Monkaveli,ursin,1145,monk,mistweaver,78,37,41
Monkgov,illidan,1144,monk,mistweaver,24,12,12
Ügway,azralon,1144,monk,mistweaver,60,24,36
Miçrosoft,area-52,1143,monk,mistweaver,145,74,71
Onemonkk,tichondrius,1141,monk,mistweaver,132,72,60
Uwufistgodx,tichondrius,1141,monk,mistweaver,30,12,18
Chilliweaver,frostmourne,1141,monk,mistweaver,36,12,24
Dreadknotz,hyjal,1139,monk,mistweaver,51,25,26
Calmemaybe,darkspear,1138,monk,mistweaver,18,12,6
Lilbee,azjolnerub,1138,monk,mistweaver,29,17,12
Tetsuo,altar-of-storms,1137,monk,mistweaver,18,12,6
Çuß,kelthuzad,1137,monk,mistweaver,30,12,18
Chitacos,trollbane,1136,monk,mistweaver,34,14,20
Khadfu,sargeras,1136,monk,mistweaver,30,12,18
Tzidkiyahu,barthilas,1135,monk,mistweaver,23,14,9
Sipu,wyrmrest-accord,1135,monk,mistweaver,59,35,24
Paraíba,azralon,1135,monk,mistweaver,35,12,23
Probs,sargeras,1134,monk,mistweaver,29,12,17
Wangba,tichondrius,1132,monk,mistweaver,24,12,12
Hastle,windrunner,1131,monk,mistweaver,106,57,49
Herbivorous,sargeras,1131,monk,mistweaver,24,12,12
Ariss,ragnaros,1131,monk,mistweaver,24,12,12
Skonk,shattered-hand,1129,monk,mistweaver,18,12,6
Chicheez,sargeras,1129,monk,mistweaver,22,13,9
Boostmonk,terenas,1129,monk,mistweaver,108,49,59
Kongpoo,kelthuzad,1127,monk,mistweaver,21,14,7
Ieatshrooms,malfurion,1127,monk,mistweaver,96,38,58
Atiantian,proudmoore,1127,monk,mistweaver,36,12,24
Fitmonje,drakkari,1126,monk,mistweaver,43,22,21
Fistmeister,tichondrius,1125,monk,mistweaver,30,19,11
Crãsh,quelthalas,1125,monk,mistweaver,28,15,13
Ogsimpsonn,tichondrius,1125,monk,mistweaver,25,13,12
Rabico,azralon,1122,monk,mistweaver,30,17,13
Tübes,trollbane,1122,monk,mistweaver,24,12,12
Ursorcen,frostmourne,1122,monk,mistweaver,33,16,17
Rosinhood,illidan,1119,monk,mistweaver,98,51,47
Fluffykitty,deathwing,1119,monk,mistweaver,45,19,26
Whiteknight,tichondrius,1118,monk,mistweaver,14,13,1
Sìrtankallot,stormrage,1114,monk,mistweaver,38,14,24
Sukrit,darkspear,1111,monk,mistweaver,52,24,28
Halfaling,tichondrius,1109,monk,mistweaver,18,12,6
Zoochans,tichondrius,1108,monk,mistweaver,126,71,55
Whitepotato,bleeding-hollow,1108,monk,mistweaver,151,84,67
Shabudinetz,stormrage,1107,monk,mistweaver,18,12,6
Knucklez,frostwolf,1107,monk,mistweaver,96,54,42
Shaolyyn,zuljin,1107,monk,mistweaver,156,82,74
Lolcutie,shandris,1105,monk,mistweaver,37,21,16
Rowbur,thrall,1101,monk,mistweaver,57,36,21
Antimoine,saurfang,1100,monk,mistweaver,72,38,34
Emenboats,zuljin,1096,monk,mistweaver,70,44,26
Cornfist,zuljin,1093,monk,mistweaver,42,21,21
Gentle,cenarius,1093,monk,mistweaver,26,12,14
Shoguns,zuljin,1091,monk,mistweaver,48,24,24
Goodgodsz,tichondrius,1089,monk,mistweaver,24,15,9
Mistabrew,frostmourne,1087,monk,mistweaver,57,28,29
Coachputmein,barthilas,1086,monk,mistweaver,17,12,5
Atsudamonk,illidan,1086,monk,mistweaver,30,20,10
Skydouken,sargeras,1086,monk,mistweaver,22,12,10
Chopy,dragonblight,1086,monk,mistweaver,90,45,45
Focalors,proudmoore,1085,monk,mistweaver,20,12,8
Thatsufour,ragnaros,1084,monk,mistweaver,22,12,10
Ghostmk,nagrand,1084,monk,mistweaver,36,15,21
Bonflur,quelthalas,1083,monk,mistweaver,118,55,63
Vencö,tichondrius,1083,monk,mistweaver,45,12,33
Pwned,ghostlands,1078,monk,mistweaver,63,21,42
Hakushin,ragnaros,1075,monk,mistweaver,42,23,19
Shogundachi,moon-guard,1075,monk,mistweaver,39,21,18
Lzt,ragnaros,1075,monk,mistweaver,34,13,21
Lita,barthilas,1071,monk,mistweaver,17,12,5
Ishtári,tichondrius,1068,monk,mistweaver,25,13,12
Sivedrafely,arthas,1068,monk,mistweaver,53,20,33
Jackburton,deathwing,1066,monk,mistweaver,18,13,5
Shanalot,stormrage,1063,monk,mistweaver,19,12,7
Hache,azjolnerub,1062,monk,mistweaver,86,37,49
Chugs,malorne,1062,monk,mistweaver,57,16,41
Kimonk,proudmoore,1061,monk,mistweaver,42,22,20
Aokuang,malganis,1061,monk,mistweaver,51,15,36
Duelist,the-scryers,1056,monk,mistweaver,12,11,1
Giggacuck,frostmourne,1056,monk,mistweaver,18,11,7
Mistussy,sargeras,1056,monk,mistweaver,18,11,7
Yangzai,tichondrius,1056,monk,mistweaver,18,11,7
Mxxb,illidan,1056,monk,mistweaver,18,11,7
Bruceyou,tichondrius,1056,monk,mistweaver,18,11,7
Solidww,moon-guard,1055,monk,mistweaver,12,11,1
Ryanx,azjolnerub,1055,monk,mistweaver,18,11,7
Undertickle,illidan,1055,monk,mistweaver,18,11,7
Alandis,spinebreaker,1055,monk,mistweaver,18,11,7
Axibar,tichondrius,1055,monk,mistweaver,18,11,7
Iplus,thrall,1055,monk,mistweaver,18,11,7
Fkinbis,area-52,1055,monk,mistweaver,18,11,7
Stephenia,tichondrius,1055,monk,mistweaver,18,11,7
Mtsalt,bleeding-hollow,1055,monk,mistweaver,18,11,7
Lemmetouch,illidan,1055,monk,mistweaver,24,11,13
Silkymoves,tichondrius,1055,monk,mistweaver,24,11,13
Chillionaíre,proudmoore,1055,monk,mistweaver,24,11,13
Brühtus,tichondrius,1054,monk,mistweaver,18,11,7
Børraicho,ragnaros,1054,monk,mistweaver,18,11,7
Phazorr,frostmourne,1054,monk,mistweaver,18,11,7
Lingerer,aerie-peak,1054,monk,mistweaver,18,11,7
Punchopuncho,malganis,1054,monk,mistweaver,24,11,13
Ñightingale,queldorei,1053,monk,mistweaver,18,11,7
Aniwhy,tichondrius,1053,monk,mistweaver,18,11,7
Kamiyah,tichondrius,1053,monk,mistweaver,24,11,13
Arahabaki,wyrmrest-accord,1053,monk,mistweaver,24,11,13
Topanga,azralon,1053,monk,mistweaver,42,12,30
Djslimweaver,stormrage,1052,monk,mistweaver,14,11,3
Wungpo,the-forgotten-coast,1052,monk,mistweaver,18,11,7
Theminivan,sargeras,1052,monk,mistweaver,24,11,13
Karnbroo,frostmourne,1052,monk,mistweaver,24,11,13
Huëyfreeman,stormrage,1052,monk,mistweaver,232,105,127
Kallous,illidan,1051,monk,mistweaver,18,11,7
Steenkk,tichondrius,1051,monk,mistweaver,60,29,31
Superbae,area-52,1051,monk,mistweaver,24,11,13
Fiztingfaded,area-52,1051,monk,mistweaver,36,16,20
Dégg,thrall,1050,monk,mistweaver,18,11,7
Jimmythemist,mugthol,1050,monk,mistweaver,18,11,7
Eldrik,stormrage,1050,monk,mistweaver,18,11,7
Zendemic,thrall,1050,monk,mistweaver,66,37,29
Sevenpunch,area-52,1050,monk,mistweaver,30,11,19
Dellunnax,azralon,1049,monk,mistweaver,18,11,7
Lepasfin,sargeras,1049,monk,mistweaver,59,33,26
Floydmaywu,proudmoore,1048,monk,mistweaver,18,11,7
Lochekx,stonemaul,1048,monk,mistweaver,48,17,31
Ilani,malganis,1047,monk,mistweaver,18,11,7
Monky,black-dragonflight,1047,monk,mistweaver,18,11,7
Lemoine,hakkar,1046,monk,mistweaver,18,11,7
Hinudhera,barthilas,1046,monk,mistweaver,125,61,64
Touchofdell,illidan,1046,monk,mistweaver,24,11,13
Ssamoo,tichondrius,1044,monk,mistweaver,16,12,4
Thïngol,quelthalas,1044,monk,mistweaver,18,11,7
Xbrewtal,tichondrius,1043,monk,mistweaver,128,71,57
Philthyjutsu,moon-guard,1042,monk,mistweaver,12,11,1
Biglinky,sargeras,1042,monk,mistweaver,24,11,13
Tubbytiph,ghostlands,1041,monk,mistweaver,121,47,74
Qeenwah,zuljin,1041,monk,mistweaver,30,11,19
Divaweaver,sargeras,1040,monk,mistweaver,30,11,19
Dragonmonk,grizzly-hills,1040,monk,mistweaver,36,11,25
Patman,nazjatar,1038,monk,mistweaver,18,12,6
Leësin,ragnaros,1037,monk,mistweaver,18,11,7
Drzoid,thrall,1037,monk,mistweaver,84,39,45
Hirav,khazgoroth,1036,monk,mistweaver,27,13,14
Springsummer,tichondrius,1034,monk,mistweaver,29,11,18
Tadaku,dalaran,1033,monk,mistweaver,37,17,20
Medge,kelthuzad,1033,monk,mistweaver,24,11,13
Poem,grizzly-hills,1032,monk,mistweaver,21,12,9
Mahhnaga,tichondrius,1032,monk,mistweaver,101,42,59
Merand,tichondrius,1031,monk,mistweaver,36,20,16
Baiji,gorefiend,1030,monk,mistweaver,12,11,1
Esotericzeo,mugthol,1030,monk,mistweaver,72,35,37
Teancrumpets,wyrmrest-accord,1030,monk,mistweaver,50,20,30
Missdemeanor,boulderfist,1029,monk,mistweaver,30,15,15
Nardugo,windrunner,1029,monk,mistweaver,94,39,55
Ahshurra,blackhand,1029,monk,mistweaver,41,14,27
Joxo,nordrassil,1028,monk,mistweaver,18,13,5
Blazebeast,blackhand,1025,monk,mistweaver,24,13,11
Dalillamas,sargeras,1023,monk,mistweaver,14,12,2
Koyon,sargeras,1023,monk,mistweaver,17,11,6
Schein,sargeras,1023,monk,mistweaver,17,11,6
Venomqt,laughing-skull,1021,monk,mistweaver,17,11,6
Xes,andorhal,1021,monk,mistweaver,79,43,36
Chiapets,kiljaeden,1020,monk,mistweaver,23,11,12
Arktharrs,ragnaros,1019,monk,mistweaver,48,16,32
Grizzchan,sargeras,1017,monk,mistweaver,17,11,6
Ainz,nagrand,1016,monk,mistweaver,30,15,15
Edj,drenden,1012,monk,mistweaver,117,60,57
Rektfu,emerald-dream,1011,monk,mistweaver,51,22,29
Fakelove,kelthuzad,1010,monk,mistweaver,40,12,28
Twizzurp,magtheridon,1007,monk,mistweaver,21,12,9
Cbrewx,tichondrius,1007,monk,mistweaver,23,11,12
Bigjuicers,bleeding-hollow,1006,monk,mistweaver,17,11,6
Domisalamii,sargeras,1006,monk,mistweaver,23,11,12
Saucyfists,silvermoon,1006,monk,mistweaver,27,12,15
Supmybrew,frostmourne,1005,monk,mistweaver,23,11,12
Darksoult,kelthuzad,1005,monk,mistweaver,138,53,85
Kpeste,tichondrius,1002,monk,mistweaver,78,41,37
Yookho,tichondrius,1000,monk,mistweaver,17,12,5
Matchuh,stormrage,1000,monk,mistweaver,61,27,34
Clutchinmist,malganis,1000,monk,mistweaver,40,12,28
Bearchi,sargeras,997,monk,mistweaver,21,12,9
Gòss,azgalor,993,monk,mistweaver,61,25,36
Tisafister,kelthuzad,992,monk,mistweaver,28,12,16
Mcdubbles,korgath,991,monk,mistweaver,82,42,40
Shelßy,azralon,987,monk,mistweaver,20,11,9
Julox,azralon,985,monk,mistweaver,42,24,18
Mintbear,illidan,984,monk,mistweaver,14,11,3
Dornix,illidan,982,monk,mistweaver,30,12,18
Silito,drakkari,981,monk,mistweaver,138,55,83
Telrande,ysondre,980,monk,mistweaver,55,35,20
Monkgringo,azralon,978,monk,mistweaver,76,40,36
Winniethepoo,borean-tundra,975,monk,mistweaver,19,11,8
Kfpanda,hellscream,971,monk,mistweaver,83,38,45
Soulex,blackwater-raiders,970,monk,mistweaver,23,12,11
Deadlyzz,gilneas,970,monk,mistweaver,99,51,48
Djwushu,blackhand,969,monk,mistweaver,26,11,15
Tjitsu,zuljin,966,monk,mistweaver,86,38,48
Toonahroll,area-52,960,monk,mistweaver,12,10,2
Klanianhere,sargeras,960,monk,mistweaver,12,10,2
Mistsoul,stormscale,960,monk,mistweaver,12,10,2
Itwonders,illidan,960,monk,mistweaver,12,10,2
Woes,stormreaver,960,monk,mistweaver,12,10,2
Gangzmm,tichondrius,960,monk,mistweaver,12,10,2
Hype,ursin,960,monk,mistweaver,12,10,2
Greenfriend,illidan,960,monk,mistweaver,18,10,8
Thatfknguy,sargeras,960,monk,mistweaver,18,10,8
Dapperdabz,illidan,960,monk,mistweaver,18,10,8
Impersonal,sargeras,960,monk,mistweaver,18,10,8
Rawmonk,malganis,960,monk,mistweaver,18,10,8
Mywave,bleeding-hollow,960,monk,mistweaver,18,10,8
Chevvy,azshara,960,monk,mistweaver,18,10,8
Barlyfe,tichondrius,960,monk,mistweaver,24,10,14
Suitosky,ragnaros,960,monk,mistweaver,24,10,14
Fistweebin,area-52,960,monk,mistweaver,30,10,20
Drmoist,moon-guard,959,monk,mistweaver,12,10,2
Hanlover,tichondrius,959,monk,mistweaver,12,10,2
Thoryim,tichondrius,959,monk,mistweaver,12,10,2
Nezkabad,frostmourne,959,monk,mistweaver,12,10,2
Sharpstorm,darkspear,959,monk,mistweaver,12,10,2
Diâblomw,barthilas,959,monk,mistweaver,18,10,8
Truefists,stormrage,959,monk,mistweaver,18,10,8
Katorin,tichondrius,959,monk,mistweaver,18,10,8
Chanîng,frostmourne,959,monk,mistweaver,18,10,8
Sylväs,barthilas,959,monk,mistweaver,18,10,8
Chat,perenolde,959,monk,mistweaver,18,10,8
Beaver,zuljin,959,monk,mistweaver,18,10,8
Zenwyatt,area-52,959,monk,mistweaver,18,10,8
Melpaine,frostmourne,959,monk,mistweaver,18,10,8
Kwazinator,area-52,959,monk,mistweaver,18,10,8
Insidedog,frostmourne,959,monk,mistweaver,18,10,8
Monkmarz,malygos,959,monk,mistweaver,23,10,13
Anabolicx,khazgoroth,959,monk,mistweaver,24,10,14
Pumpsx,area-52,959,monk,mistweaver,24,10,14
Argoholic,proudmoore,959,monk,mistweaver,24,10,14
Kåtê,sargeras,958,monk,mistweaver,12,10,2
Ppbnodru,illidan,958,monk,mistweaver,12,10,2
Fïish,stormrage,958,monk,mistweaver,18,10,8
Nientea,wyrmrest-accord,958,monk,mistweaver,18,10,8
Trazmold,emerald-dream,958,monk,mistweaver,18,10,8
Lostinmistz,tichondrius,958,monk,mistweaver,18,10,8
Senfu,laughing-skull,958,monk,mistweaver,18,10,8
Kopiomw,tichondrius,957,monk,mistweaver,12,10,2
Inkers,detheroc,957,monk,mistweaver,18,10,8
Fistfreak,stormrage,957,monk,mistweaver,18,10,8
Tye,doomhammer,957,monk,mistweaver,18,10,8
Veerudu,dalaran,957,monk,mistweaver,30,10,20
Strokahontas,stormreaver,957,monk,mistweaver,42,10,32
Diligentmonk,illidan,955,monk,mistweaver,27,11,16
Bojflow,dalaran,954,monk,mistweaver,18,10,8
Wessex,sargeras,954,monk,mistweaver,18,10,8
Miýagi,sargeras,954,monk,mistweaver,18,10,8
Prodivuss,stormrage,954,monk,mistweaver,24,10,14
Aotd,tichondrius,954,monk,mistweaver,24,10,14
Stellae,emerald-dream,953,monk,mistweaver,22,11,11
Daddbear,kiljaeden,952,monk,mistweaver,18,10,8
Rdmptn,bleeding-hollow,952,monk,mistweaver,24,10,14
Kurtall,area-52,952,monk,mistweaver,24,10,14
Kailzchi,area-52,951,monk,mistweaver,18,10,8
Altf,frostmourne,950,monk,mistweaver,18,10,8
Brewtalitops,illidan,950,monk,mistweaver,18,10,8
Palomagozzu,ragnaros,947,monk,mistweaver,18,10,8
Bomer,moknathal,947,monk,mistweaver,61,33,28
Howu,tichondrius,947,monk,mistweaver,35,12,23
Fruitcakezz,arthas,945,monk,mistweaver,21,12,9
Jæmz,moon-guard,944,monk,mistweaver,36,13,23
Kiyou,drakkari,940,monk,mistweaver,18,10,8
Lañdo,uldaman,940,monk,mistweaver,77,40,37
Sylvanai,moon-guard,937,monk,mistweaver,43,11,32
Nigondatnay,tichondrius,927,monk,mistweaver,16,11,5
Sahalee,sargeras,927,monk,mistweaver,38,18,20
Ultramaga,dentarg,927,monk,mistweaver,28,10,18
Nosweaver,malganis,926,monk,mistweaver,14,11,3
Summersoup,zuljin,926,monk,mistweaver,23,10,13
Eraticmonk,illidan,926,monk,mistweaver,26,11,15
Tcoon,frostmourne,925,monk,mistweaver,26,11,15
Gôrr,tichondrius,924,monk,mistweaver,45,23,22
Elfass,bleeding-hollow,924,monk,mistweaver,23,10,13
Siamack,illidan,920,monk,mistweaver,14,11,3
Fistofnstar,stormrage,918,monk,mistweaver,131,52,79
Kratis,doomhammer,915,monk,mistweaver,71,28,43
Kangeroo,tichondrius,912,monk,mistweaver,21,11,10
Phialah,alexstrasza,911,monk,mistweaver,21,11,10
Berzerk,dalvengyr,911,monk,mistweaver,21,10,11
Sensey,veknilash,910,monk,mistweaver,17,10,7
Ægo,sargeras,906,monk,mistweaver,22,11,11
Dustyweaver,illidan,906,monk,mistweaver,115,47,68
Matsakaicin,azralon,904,monk,mistweaver,28,11,17
Dreamy,mugthol,903,monk,mistweaver,66,28,38
Kungphopan,proudmoore,897,monk,mistweaver,26,11,15
Griddio,wyrmrest-accord,895,monk,mistweaver,14,10,4
Kyndrïa,tichondrius,895,monk,mistweaver,260,122,138
Inbu,tichondrius,893,monk,mistweaver,26,10,16
Boojaa,silvermoon,892,monk,mistweaver,107,45,62
Kimchidelite,gorefiend,890,monk,mistweaver,17,10,7
Stickbundle,illidan,888,monk,mistweaver,15,11,4
Madmoose,smolderthorn,888,monk,mistweaver,78,34,44
Gino,proudmoore,881,monk,mistweaver,226,104,122
Samanosukee,illidan,881,monk,mistweaver,24,10,14
Karkata,sargeras,880,monk,mistweaver,54,21,33
Galyndra,darkspear,877,monk,mistweaver,13,10,3
Fistidmi,area-52,868,monk,mistweaver,33,15,18
Ggonext,wyrmrest-accord,864,monk,mistweaver,12,9,3
Nickimínaj,illidan,864,monk,mistweaver,12,9,3
Franqx,tichondrius,864,monk,mistweaver,12,9,3
Raekwan,area-52,864,monk,mistweaver,12,9,3
Rumor,lethon,864,monk,mistweaver,12,9,3
Zbhm,illidan,864,monk,mistweaver,12,9,3
Jukez,emerald-dream,864,monk,mistweaver,18,9,9
Pantypirate,tichondrius,864,monk,mistweaver,18,9,9
Zõõmz,jaedenar,864,monk,mistweaver,18,9,9
Kármah,emerald-dream,864,monk,mistweaver,18,9,9
Toothpick,blackrock,864,monk,mistweaver,18,9,9
Funkmunk,aegwynn,864,monk,mistweaver,18,9,9
Watty,zuljin,864,monk,mistweaver,18,9,9
Hulkhogan,mugthol,863,monk,mistweaver,14,11,3
Brewtillis,tichondrius,863,monk,mistweaver,12,9,3
Brewley,thrall,863,monk,mistweaver,12,9,3
Vacr,tichondrius,863,monk,mistweaver,12,9,3
Karmajkdead,tichondrius,863,monk,mistweaver,12,9,3
Beastmonk,sargeras,863,monk,mistweaver,12,9,3
Ztalian,moon-guard,863,monk,mistweaver,12,9,3
Ozáí,illidan,863,monk,mistweaver,12,9,3
Kazzichi,area-52,863,monk,mistweaver,12,9,3
Chifang,elune,863,monk,mistweaver,18,9,9
Sumaran,hydraxis,863,monk,mistweaver,18,9,9
Boothchi,kelthuzad,863,monk,mistweaver,18,9,9
Srgtbingo,azgalor,863,monk,mistweaver,18,9,9
Melcor,ragnaros,863,monk,mistweaver,18,9,9
Strummies,tichondrius,863,monk,mistweaver,18,9,9
Galaxygregg,area-52,863,monk,mistweaver,18,9,9
Neverfake,sargeras,863,monk,mistweaver,18,9,9
Seltrum,quelthalas,863,monk,mistweaver,18,9,9
Fìst,zuljin,863,monk,mistweaver,18,9,9
Hêrô,bleeding-hollow,863,monk,mistweaver,18,9,9
Bootytoes,emerald-dream,863,monk,mistweaver,18,9,9
Ninjagordu,nemesis,863,monk,mistweaver,267,115,152
Slickbeef,thrall,863,monk,mistweaver,24,9,15
Icytoned,kelthuzad,863,monk,mistweaver,24,9,15
Zac,veknilash,862,monk,mistweaver,12,9,3
Dirtysmonk,mugthol,862,monk,mistweaver,12,9,3
Ørçhid,ravenholdt,862,monk,mistweaver,12,9,3
Pharmasee,proudmoore,862,monk,mistweaver,12,9,3
Globalmonk,emerald-dream,862,monk,mistweaver,12,9,3
Madrasos,tichondrius,862,monk,mistweaver,18,9,9
Haandz,moon-guard,862,monk,mistweaver,18,9,9
Madussy,zuljin,862,monk,mistweaver,24,9,15
Kromrax,stormrage,862,monk,mistweaver,24,9,15
Lillyanda,lightbringer,861,monk,mistweaver,12,9,3
Justfakeit,area-52,861,monk,mistweaver,18,9,9
Tasslé,illidan,860,monk,mistweaver,18,9,9
Håzê,kul-tiras,860,monk,mistweaver,18,9,9
Brizbain,kiljaeden,859,monk,mistweaver,18,9,9
Yudrin,zuljin,859,monk,mistweaver,24,9,15
Xinchulin,ragnaros,856,monk,mistweaver,18,9,9
Runkfyr,ragnaros,856,monk,mistweaver,36,9,27
Starskreem,tichondrius,855,monk,mistweaver,12,9,3
Winwakamank,sargeras,855,monk,mistweaver,24,9,15
Rauschende,stormscale,854,monk,mistweaver,12,9,3
Gerlokfu,tichondrius,852,monk,mistweaver,12,9,3
Eago,sargeras,852,monk,mistweaver,24,9,15
Zeeboogerton,wildhammer,851,monk,mistweaver,12,9,3
Bullshido,aerie-peak,851,monk,mistweaver,18,9,9
Epptwo,aggramar,851,monk,mistweaver,30,9,21
Rekque,amanthul,850,monk,mistweaver,42,10,32
Gesir,tichondrius,848,monk,mistweaver,21,10,11
Pikafist,tichondrius,844,monk,mistweaver,18,9,9
Kugninja,queldorei,841,monk,mistweaver,18,9,9
Kimchimaj,tichondrius,832,monk,mistweaver,18,9,9
Drizzimonk,thrall,830,monk,mistweaver,23,9,14
Ñoobmonk,tichondrius,829,monk,mistweaver,17,9,8
Seaja,malganis,823,monk,mistweaver,99,26,73
Måz,malorne,822,monk,mistweaver,21,12,9
Wistmeaver,sargeras,815,monk,mistweaver,17,9,8
Eggwoll,velen,814,monk,mistweaver,15,10,5
ßiggiesmallz,barthilas,810,monk,mistweaver,18,10,8
Goodluck,madoran,809,monk,mistweaver,27,10,17
Paniku,sargeras,807,monk,mistweaver,51,17,34
Tokkyo,frostmourne,804,monk,mistweaver,66,15,51
Picoree,frostmourne,799,monk,mistweaver,15,10,5
Rizzyg,tichondrius,798,monk,mistweaver,11,9,2
Lulwport,frostmourne,798,monk,mistweaver,20,9,11
Mastahp,tichondrius,797,monk,mistweaver,22,9,13
Robochöp,emerald-dream,793,monk,mistweaver,20,9,11
Qlispe,bloodscalp,784,monk,mistweaver,76,35,41
Hvckleberry,kiljaeden,783,monk,mistweaver,11,9,2
Kocksnapper,stormreaver,781,monk,mistweaver,133,71,62
Whosaidthat,frostmourne,779,monk,mistweaver,57,21,36
Jisky,bleeding-hollow,768,monk,mistweaver,12,8,4
Snowbunny,llane,768,monk,mistweaver,12,8,4
Zuchi,barthilas,768,monk,mistweaver,12,8,4
Shquiz,sargeras,768,monk,mistweaver,12,8,4
Dontchattome,sargeras,768,monk,mistweaver,12,8,4
Sàìñtàsønìà,kelthuzad,768,monk,mistweaver,12,8,4
Tuladura,tichondrius,768,monk,mistweaver,12,8,4
Leesinga,alexstrasza,768,monk,mistweaver,12,8,4
Ericfu,tichondrius,768,monk,mistweaver,12,8,4
Imamistery,stormreaver,768,monk,mistweaver,12,8,4
Goosebumps,daggerspine,768,monk,mistweaver,12,8,4
Kobuya,tichondrius,768,monk,mistweaver,12,8,4
Picklefartjr,malfurion,768,monk,mistweaver,12,8,4
Scrypter,proudmoore,768,monk,mistweaver,12,8,4
Fangerlia,moon-guard,768,monk,mistweaver,12,8,4
Chipapi,sargeras,768,monk,mistweaver,12,8,4
Bralex,black-dragonflight,768,monk,mistweaver,12,8,4
Smackdownx,tichondrius,768,monk,mistweaver,12,8,4
Prodigious,illidan,768,monk,mistweaver,12,8,4
Omnly,stormrage,768,monk,mistweaver,12,8,4
Kaskã,tichondrius,768,monk,mistweaver,12,8,4
Hironk,proudmoore,768,monk,mistweaver,12,8,4
Serénity,kiljaeden,768,monk,mistweaver,12,8,4
Homomojo,daggerspine,768,monk,mistweaver,12,8,4
Kaystorm,stormrage,768,monk,mistweaver,12,8,4
Vexed,illidan,768,monk,mistweaver,12,8,4
Backup,lothar,768,monk,mistweaver,17,9,8
Rockyßalboa,sargeras,768,monk,mistweaver,18,8,10
Kwatann,bonechewer,768,monk,mistweaver,18,8,10
Jtowne,dalaran,768,monk,mistweaver,18,8,10
Guerrero,tichondrius,768,monk,mistweaver,18,8,10
Backflip,nemesis,768,monk,mistweaver,18,8,10
Wèave,tichondrius,768,monk,mistweaver,18,8,10
Gullystylez,hellscream,768,monk,mistweaver,18,8,10
Torakigai,ghostlands,768,monk,mistweaver,18,8,10
Erwynz,tichondrius,768,monk,mistweaver,24,8,16
Blitzcombo,thrall,767,monk,mistweaver,12,8,4
Pungeebi,tichondrius,767,monk,mistweaver,12,8,4
Brewleeroy,tichondrius,767,monk,mistweaver,12,8,4
Kymosolomk,sargeras,767,monk,mistweaver,12,8,4
Abird,tichondrius,767,monk,mistweaver,12,8,4
Pandicapped,the-underbog,767,monk,mistweaver,12,8,4
Nøzawri,area-52,767,monk,mistweaver,12,8,4
Mightbewôrth,thunderhorn,767,monk,mistweaver,12,8,4
Rilenn,area-52,767,monk,mistweaver,12,8,4
Hiddenvalley,sargeras,767,monk,mistweaver,18,8,10
Palden,blackrock,767,monk,mistweaver,18,8,10
Thehomìe,tichondrius,767,monk,mistweaver,18,8,10
Ocmonk,hyjal,767,monk,mistweaver,18,8,10
Barleygar,tichondrius,767,monk,mistweaver,18,8,10
Chugginchi,illidan,767,monk,mistweaver,18,8,10
Dabnhash,emerald-dream,767,monk,mistweaver,18,8,10
Dùffmán,jubeithos,767,monk,mistweaver,18,8,10
Info,ragnaros,767,monk,mistweaver,18,8,10
Mythsmonkx,barthilas,767,monk,mistweaver,24,8,16
Bloodyhealz,tortheldrin,767,monk,mistweaver,24,8,16
Artomist,stormrage,766,monk,mistweaver,12,8,4
Apexian,kelthuzad,766,monk,mistweaver,12,8,4
Jnziww,area-52,766,monk,mistweaver,12,8,4
Ninfinhas,illidan,766,monk,mistweaver,12,8,4
Nakiki,cenarion-circle,766,monk,mistweaver,12,8,4
Selfiestíck,tichondrius,766,monk,mistweaver,12,8,4
Bambolee,thunderhorn,766,monk,mistweaver,12,8,4
Pripp,blackrock,766,monk,mistweaver,12,8,4
Gguldduck,tichondrius,766,monk,mistweaver,12,8,4
Kennjin,spinebreaker,766,monk,mistweaver,12,8,4
Kuá,tichondrius,766,monk,mistweaver,12,8,4
Malusiftw,tichondrius,766,monk,mistweaver,18,8,10
Wzzi,tichondrius,765,monk,mistweaver,18,8,10
Freimuth,thrall,765,monk,mistweaver,18,8,10
Fist,arygos,765,monk,mistweaver,18,8,10
Slinger,kalecgos,764,monk,mistweaver,16,9,7
Savyi,stormreaver,763,monk,mistweaver,12,8,4
Tigmo,alleria,762,monk,mistweaver,18,8,10
Fufu,terokkar,761,monk,mistweaver,18,8,10
Gengibirra,illidan,761,monk,mistweaver,132,44,88
Jb,burning-blade,758,monk,mistweaver,18,8,10
Angrybrewski,tichondrius,757,monk,mistweaver,18,8,10
Squidbillie,moon-guard,756,monk,mistweaver,18,8,10
Akfourseven,barthilas,751,monk,mistweaver,86,38,48
Skaehs,saurfang,750,monk,mistweaver,30,8,22
Fusionspell,stormrage,747,monk,mistweaver,24,8,16
Prddoss,quelthalas,745,monk,mistweaver,12,8,4
Sätsu,bleeding-hollow,735,monk,mistweaver,17,8,9
Karlrogan,stormrage,734,monk,mistweaver,16,9,7
Áasuna,ragnaros,734,monk,mistweaver,20,9,11
Kryflex,frostmourne,720,monk,mistweaver,15,9,6
Thaliondor,stormrage,720,monk,mistweaver,15,9,6
Bombshellxo,illidan,719,monk,mistweaver,11,8,3
Danwunwolf,tichondrius,714,monk,mistweaver,12,9,3
Whee,wyrmrest-accord,703,monk,mistweaver,11,8,3
Kayten,nemesis,703,monk,mistweaver,11,8,3
Kármâ,darkspear,703,monk,mistweaver,14,8,6
Keloxx,ragnaros,702,monk,mistweaver,16,10,6
Shnoopy,lightbringer,702,monk,mistweaver,14,8,6
Shortbuss,aegwynn,696,monk,mistweaver,14,8,6
Minttea,kiljaeden,690,monk,mistweaver,28,9,19
Hunchojack,undermine,672,monk,mistweaver,10,8,2
Mansosogodx,ragnaros,672,monk,mistweaver,10,8,2
Modelotimex,illidan,672,monk,mistweaver,12,7,5
Saiyañ,proudmoore,672,monk,mistweaver,12,7,5
Laggytoodope,kelthuzad,672,monk,mistweaver,12,7,5
Ashmisty,kelthuzad,672,monk,mistweaver,12,7,5
Rookere,malganis,672,monk,mistweaver,12,7,5
Galeindra,whisperwind,672,monk,mistweaver,12,7,5
Kíd,ysera,672,monk,mistweaver,12,7,5
Zombir,frostmourne,672,monk,mistweaver,12,7,5
Opclassxd,illidan,672,monk,mistweaver,12,7,5
Jasonluv,illidan,672,monk,mistweaver,12,7,5
Dogmonster,stormrage,672,monk,mistweaver,12,7,5
Notrof,korgath,672,monk,mistweaver,12,7,5
Zaçh,frostmane,672,monk,mistweaver,12,7,5
Darong,tichondrius,672,monk,mistweaver,12,7,5
Tooflyfobrew,sargeras,672,monk,mistweaver,12,7,5
Loppjr,tichondrius,672,monk,mistweaver,12,7,5
Strawberriez,kelthuzad,672,monk,mistweaver,12,7,5
Flfltmdal,tichondrius,672,monk,mistweaver,12,7,5
Ikaga,barthilas,672,monk,mistweaver,12,7,5
Choys,tichondrius,672,monk,mistweaver,12,7,5
Sparksito,ragnaros,672,monk,mistweaver,12,7,5
Sweetröll,stormrage,672,monk,mistweaver,12,7,5
Jeremih,arthas,672,monk,mistweaver,12,7,5
Kegwalker,earthen-ring,672,monk,mistweaver,12,7,5
Brimhildaa,tichondrius,672,monk,mistweaver,12,7,5
Moönk,tichondrius,672,monk,mistweaver,12,7,5
Abevx,bonechewer,672,monk,mistweaver,12,7,5
Brantkicks,tichondrius,672,monk,mistweaver,12,7,5
Synpunch,tichondrius,672,monk,mistweaver,12,7,5
Diabittus,thrall,672,monk,mistweaver,12,7,5
Lilpøøter,tichondrius,672,monk,mistweaver,12,7,5
Zbell,sargeras,672,monk,mistweaver,12,7,5
Zhoutai,malganis,672,monk,mistweaver,12,7,5
Grayfanxo,malganis,672,monk,mistweaver,12,7,5
Kyrap,stormscale,672,monk,mistweaver,12,7,5
Polyphia,lothar,672,monk,mistweaver,12,7,5
Vesaves,azralon,672,monk,mistweaver,12,7,5
Arumat,shadow-council,672,monk,mistweaver,12,7,5
Jaxvisto,dalaran,672,monk,mistweaver,12,7,5
Missclickx,azralon,672,monk,mistweaver,12,7,5
Mwr,frostmourne,672,monk,mistweaver,12,7,5
Skipperx,area-52,672,monk,mistweaver,12,7,5
Vasera,moon-guard,672,monk,mistweaver,12,7,5
Såd,zuljin,672,monk,mistweaver,12,7,5
Copamine,dalaran,672,monk,mistweaver,12,7,5
Immersion,the-forgotten-coast,672,monk,mistweaver,12,7,5
Fistay,burning-legion,672,monk,mistweaver,15,8,7
Audrun,frostmourne,672,monk,mistweaver,18,7,11
Thevy,area-52,672,monk,mistweaver,18,7,11
Arrovv,sargeras,672,monk,mistweaver,18,7,11
Matthew,ravencrest,672,monk,mistweaver,18,7,11
Monktu,frostmourne,672,monk,mistweaver,18,7,11
Thutan,tichondrius,672,monk,mistweaver,18,7,11
Catchmemaybe,stormscale,672,monk,mistweaver,24,7,17
Shwrmist,bleeding-hollow,671,monk,mistweaver,12,7,5
Universalize,zuljin,671,monk,mistweaver,12,7,5
Traldri,khazgoroth,671,monk,mistweaver,12,7,5
Niculinha,nemesis,671,monk,mistweaver,12,7,5
Kokochiggy,tichondrius,671,monk,mistweaver,12,7,5
Fatkats,barthilas,671,monk,mistweaver,12,7,5
Delightni,area-52,671,monk,mistweaver,12,7,5
Dude,tichondrius,671,monk,mistweaver,12,7,5
Alisoly,tichondrius,671,monk,mistweaver,12,7,5
Wamii,tichondrius,671,monk,mistweaver,12,7,5
Jbonk,hyjal,671,monk,mistweaver,12,7,5
Hornymonkale,thrall,671,monk,mistweaver,12,7,5
Shórtlived,skullcrusher,671,monk,mistweaver,13,7,6
Sterow,kiljaeden,671,monk,mistweaver,18,7,11
Femifist,lightbringer,671,monk,mistweaver,18,7,11
Bükki,ragnaros,671,monk,mistweaver,18,7,11
Shredmw,tichondrius,671,monk,mistweaver,18,7,11
Teawreckz,jubeithos,671,monk,mistweaver,18,7,11
Crakgirl,malganis,671,monk,mistweaver,18,7,11
Iwonson,mugthol,671,monk,mistweaver,18,7,11
Zarrend,stormrage,671,monk,mistweaver,18,7,11
Deongjeon,tichondrius,671,monk,mistweaver,21,8,13
Táishen,wyrmrest-accord,671,monk,mistweaver,22,8,14
Drizzie,queldorei,671,monk,mistweaver,24,7,17
Thahomie,nordrassil,671,monk,mistweaver,24,7,17
Hawrang,tichondrius,671,monk,mistweaver,24,7,17
Onlyfistss,illidan,670,monk,mistweaver,12,7,5
Jianrèn,wyrmrest-accord,670,monk,mistweaver,12,7,5
Swann,stormreaver,670,monk,mistweaver,12,7,5
Microdose,blackrock,670,monk,mistweaver,18,7,11
Demonfu,stormrage,670,monk,mistweaver,18,7,11
Khaldi,tichondrius,670,monk,mistweaver,19,7,12
Pandaranga,saurfang,670,monk,mistweaver,28,8,20
Unlemike,runetotem,669,monk,mistweaver,12,7,5
Nymchi,stormrage,669,monk,mistweaver,12,7,5
Melyodis,thrall,669,monk,mistweaver,18,7,11
Orurmine,kiljaeden,669,monk,mistweaver,18,7,11
Gímley,bleeding-hollow,667,monk,mistweaver,12,7,5
Balooballs,frostmourne,667,monk,mistweaver,18,7,11
Shihfu,azralon,667,monk,mistweaver,24,7,17
Izgoku,frostmane,667,monk,mistweaver,24,7,17
Wetspaghetti,malganis,661,monk,mistweaver,18,7,11
Munchan,hyjal,654,monk,mistweaver,11,9,2
Yungsun,ragnaros,653,monk,mistweaver,19,8,11
Karu,barthilas,639,monk,mistweaver,18,8,10
Reflexsivex,malganis,638,monk,mistweaver,11,7,4
Tomaz,nazjatar,632,monk,mistweaver,11,7,4
Blessedbalor,tichondrius,624,monk,mistweaver,21,7,14
Jetchi,proudmoore,623,monk,mistweaver,11,7,4
Azz,barthilas,623,monk,mistweaver,11,7,4
Winsmmafight,frostmourne,623,monk,mistweaver,11,7,4
Praydoh,tichondrius,623,monk,mistweaver,11,7,4
Watercowz,tichondrius,618,monk,mistweaver,22,8,14
Aerona,stormreaver,617,monk,mistweaver,12,8,4
Mistyheals,emerald-dream,617,monk,mistweaver,17,10,7
Jayjaybrew,area-52,615,monk,mistweaver,22,8,14
Scips,fizzcrank,614,monk,mistweaver,22,8,14
Happymonk,tichondrius,613,monk,mistweaver,43,8,35
Tsytir,emerald-dream,608,monk,mistweaver,22,7,15
Pandica,kiljaeden,607,monk,mistweaver,11,7,4
Àkkimi,tichondrius,607,monk,mistweaver,11,7,4
Monjepa,illidan,604,monk,mistweaver,20,7,13
Pandamoanda,azgalor,593,monk,mistweaver,16,7,9
Erksauce,kelthuzad,592,monk,mistweaver,13,7,6
Reoc,bleeding-hollow,592,monk,mistweaver,13,7,6
Kryptoniko,illidan,576,monk,mistweaver,6,6,0
Freyeä,malganis,576,monk,mistweaver,6,6,0
Jaghealz,area-52,576,monk,mistweaver,6,6,0
Minivanmom,illidan,576,monk,mistweaver,6,6,0
Raìndropz,tichondrius,576,monk,mistweaver,6,6,0
Jg,staghelm,576,monk,mistweaver,6,6,0
Monkkofwa,tichondrius,576,monk,mistweaver,6,6,0
Munkï,tichondrius,576,monk,mistweaver,6,6,0
Worgendiff,moon-guard,576,monk,mistweaver,6,6,0
Chrîstmas,proudmoore,576,monk,mistweaver,6,6,0
Hoshm,area-52,576,monk,mistweaver,6,6,0
Søck,malfurion,576,monk,mistweaver,6,6,0
Jorts,khazgoroth,576,monk,mistweaver,6,6,0
Kruxx,anvilmar,576,monk,mistweaver,6,6,0
Larkssmw,zuljin,576,monk,mistweaver,6,6,0
Narann,bleeding-hollow,576,monk,mistweaver,6,6,0
Bdâwg,frostmourne,576,monk,mistweaver,6,6,0
Aerlin,tichondrius,576,monk,mistweaver,12,6,6
Frésa,ragnaros,576,monk,mistweaver,12,6,6
Jieterchan,malganis,576,monk,mistweaver,12,6,6
Steyi,nazjatar,576,monk,mistweaver,12,6,6
Underpants,skullcrusher,576,monk,mistweaver,12,6,6
Monkshiit,area-52,576,monk,mistweaver,12,6,6
Dungfish,mugthol,576,monk,mistweaver,12,6,6
Meisterbrew,garona,576,monk,mistweaver,12,6,6
Wuwei,onyxia,576,monk,mistweaver,12,6,6
Shaqkobe,area-52,576,monk,mistweaver,12,6,6
Daarl,burning-blade,576,monk,mistweaver,12,6,6
Lumiän,area-52,576,monk,mistweaver,12,6,6
Imakeplaysyo,illidan,576,monk,mistweaver,12,6,6
Dracc,zuljin,576,monk,mistweaver,12,6,6
Rubntug,zuljin,576,monk,mistweaver,12,6,6
Gravefu,area-52,576,monk,mistweaver,12,6,6
Sekushî,kelthuzad,576,monk,mistweaver,12,6,6
Jbg,staghelm,576,monk,mistweaver,12,6,6
Janim,illidan,576,monk,mistweaver,12,6,6
Até,azralon,576,monk,mistweaver,12,6,6
Emerald,emerald-dream,576,monk,mistweaver,12,6,6
Cerrado,emerald-dream,576,monk,mistweaver,12,6,6
Lackofsleep,tichondrius,576,monk,mistweaver,12,6,6
Zchi,zuljin,576,monk,mistweaver,12,6,6
Mustard,arthas,576,monk,mistweaver,12,6,6
Transcend,nerzhul,576,monk,mistweaver,12,6,6
Lightweaving,norgannon,576,monk,mistweaver,12,6,6
Karrigwyn,tichondrius,576,monk,mistweaver,12,6,6
Boppweave,tichondrius,576,monk,mistweaver,12,6,6
Eightpoint,illidan,576,monk,mistweaver,12,6,6
Kaztíel,ragnaros,576,monk,mistweaver,12,6,6
Mënmä,ragnaros,576,monk,mistweaver,12,6,6
Broyoulined,spirestone,576,monk,mistweaver,12,6,6
Zeshmo,firetree,576,monk,mistweaver,12,6,6
Trins,azjolnerub,576,monk,mistweaver,12,6,6
Rajile,sargeras,576,monk,mistweaver,12,6,6
Tunchii,sargeras,576,monk,mistweaver,12,6,6
Tic,barthilas,576,monk,mistweaver,12,6,6
Magnustavick,bleeding-hollow,576,monk,mistweaver,12,6,6
Flfltmfrl,tichondrius,576,monk,mistweaver,12,6,6
Bamboozïe,arthas,576,monk,mistweaver,12,6,6
Renzin,gilneas,576,monk,mistweaver,12,6,6
Brujitsu,thrall,576,monk,mistweaver,12,6,6
Mesak,ragnaros,576,monk,mistweaver,15,7,8
Ampy,tichondrius,576,monk,mistweaver,18,6,12
Selfîe,ysera,576,monk,mistweaver,18,6,12
Chingwang,frostmourne,576,monk,mistweaver,18,6,12
Mwgapper,sargeras,576,monk,mistweaver,18,6,12
Rollsrice,area-52,576,monk,mistweaver,18,6,12
Rebornmaster,moon-guard,576,monk,mistweaver,18,6,12
Kynyssar,bleeding-hollow,576,monk,mistweaver,18,6,12
Tragictea,zuljin,576,monk,mistweaver,18,6,12
Hugerichard,wyrmrest-accord,576,monk,mistweaver,18,6,12
Simarity,kelthuzad,576,monk,mistweaver,18,6,12
Yangdingtian,sargeras,576,monk,mistweaver,24,6,18
Haraumi,proudmoore,575,monk,mistweaver,6,6,0
Tohkmonk,crushridge,575,monk,mistweaver,6,6,0
Buttfists,stormrage,575,monk,mistweaver,12,6,6
Misha,akama,575,monk,mistweaver,12,6,6
Liucang,archimonde,575,monk,mistweaver,12,6,6
Drafu,stormrage,575,monk,mistweaver,12,6,6
Suwonhwang,tichondrius,575,monk,mistweaver,12,6,6
Clytpuncher,emerald-dream,575,monk,mistweaver,12,6,6
Sknypicho,malganis,575,monk,mistweaver,12,6,6
Zargtruth,proudmoore,575,monk,mistweaver,12,6,6
Soysaucë,malganis,575,monk,mistweaver,12,6,6
Agrïppa,caelestrasz,575,monk,mistweaver,12,6,6
Putisucia,nordrassil,575,monk,mistweaver,12,6,6
Hibìscus,tichondrius,575,monk,mistweaver,12,6,6
Criarla,tichondrius,575,monk,mistweaver,12,6,6
Nf,zuljin,575,monk,mistweaver,12,6,6
Miso,nathrezim,575,monk,mistweaver,12,6,6
Laopow,area-52,575,monk,mistweaver,12,6,6
Almondmïlk,bonechewer,575,monk,mistweaver,12,6,6
Xinn,kiljaeden,575,monk,mistweaver,12,6,6
Myrsken,illidan,575,monk,mistweaver,12,6,6
Itsjohnnylol,azuremyst,575,monk,mistweaver,12,6,6
Glitchi,area-52,575,monk,mistweaver,12,6,6
Ormchi,stormrage,575,monk,mistweaver,13,6,7
Nîkè,area-52,575,monk,mistweaver,18,6,12
Opmother,elune,575,monk,mistweaver,18,6,12
Freepunchz,frostmourne,575,monk,mistweaver,18,6,12
Fortyozkilla,thrall,575,monk,mistweaver,18,6,12
Rocketfist,bleeding-hollow,575,monk,mistweaver,18,6,12
Beatboxblues,skullcrusher,574,monk,mistweaver,12,6,6
Lyántrying,korgath,574,monk,mistweaver,12,6,6
Yanedin,dalaran,574,monk,mistweaver,12,6,6
Dokuho,silvermoon,572,monk,mistweaver,12,6,6
Pradã,tichondrius,572,monk,mistweaver,12,6,6
Gaturis,tichondrius,572,monk,mistweaver,21,7,14
Bógus,tichondrius,571,monk,mistweaver,12,6,6
Paladinei,tichondrius,571,monk,mistweaver,12,6,6
Keekismonk,gorefiend,566,monk,mistweaver,12,6,6
Dejohnette,quelthalas,565,monk,mistweaver,12,6,6
Boofie,perenolde,559,monk,mistweaver,11,6,5
Gyunyumanjuu,proudmoore,559,monk,mistweaver,11,6,5
Longdukdon,illidan,543,monk,mistweaver,11,6,5
Saltyone,firetree,543,monk,mistweaver,14,7,7
Jentmonk,tichondrius,543,monk,mistweaver,16,6,10
Bigolagile,velen,537,monk,mistweaver,22,6,16
Ogmonk,skullcrusher,528,monk,mistweaver,15,7,8
Tøåst,illidan,527,monk,mistweaver,11,6,5
Rakesh,azralon,525,monk,mistweaver,9,7,2
Boorams,tichondrius,522,monk,mistweaver,12,7,5
Dyslexîc,emerald-dream,522,monk,mistweaver,15,8,7
Monkriada,nemesis,520,monk,mistweaver,17,10,7
Räyè,tichondrius,511,monk,mistweaver,8,6,2
Oldmanwalker,mannoroth,511,monk,mistweaver,11,6,5
Myozen,proudmoore,511,monk,mistweaver,11,6,5
Tbrew,area-52,511,monk,mistweaver,14,6,8
Linkvers,tichondrius,510,monk,mistweaver,10,8,2
Sykaria,illidan,496,monk,mistweaver,7,6,1
Figurines,sargeras,496,monk,mistweaver,19,6,13
Roskoh,area-52,493,monk,mistweaver,19,6,13
Pinot,dragonmaw,480,monk,mistweaver,6,5,1
Gauchonatoo,nemesis,480,monk,mistweaver,6,5,1
Pyoapple,tichondrius,480,monk,mistweaver,6,5,1
Rollingkush,illidan,480,monk,mistweaver,6,5,1
Yajirobei,area-52,480,monk,mistweaver,6,5,1
Custerweave,dalaran,480,monk,mistweaver,6,5,1
Kosiris,sargeras,480,monk,mistweaver,6,5,1
Laowaikiller,tichondrius,480,monk,mistweaver,6,5,1
Ninjaheals,spirestone,480,monk,mistweaver,6,5,1
Stepfíster,tichondrius,480,monk,mistweaver,6,5,1
Gothèels,illidan,480,monk,mistweaver,6,5,1
Theodôn,dalaran,480,monk,mistweaver,6,5,1
Yelixing,tichondrius,480,monk,mistweaver,6,5,1
Spicym,proudmoore,480,monk,mistweaver,6,5,1
Satiremaster,frostmourne,480,monk,mistweaver,6,5,1
Pandatong,tichondrius,480,monk,mistweaver,6,5,1
Getswept,area-52,480,monk,mistweaver,6,5,1
Elimweaver,frostmourne,480,monk,mistweaver,6,5,1
Møzy,tichondrius,480,monk,mistweaver,6,5,1
Mistwalk,tichondrius,480,monk,mistweaver,6,5,1
Binimonk,tichondrius,480,monk,mistweaver,6,5,1
Mongénoìo,nemesis,480,monk,mistweaver,6,5,1
Lolaj,thrall,480,monk,mistweaver,6,5,1
Chaboixd,illidan,480,monk,mistweaver,6,5,1
Meepz,arthas,480,monk,mistweaver,6,5,1
Orcboi,darkspear,480,monk,mistweaver,6,5,1
Fehung,moon-guard,480,monk,mistweaver,6,5,1
Khidda,barthilas,480,monk,mistweaver,6,5,1
Alvinete,tichondrius,480,monk,mistweaver,6,5,1
Táffy,moon-guard,480,monk,mistweaver,6,5,1
Monkcn,tichondrius,480,monk,mistweaver,6,5,1
Kayflock,tichondrius,480,monk,mistweaver,6,5,1
Siddharthä,barthilas,480,monk,mistweaver,6,5,1
Genia,ragnaros,480,monk,mistweaver,6,5,1
Grumpî,tichondrius,480,monk,mistweaver,6,5,1
Yuldaddy,tichondrius,480,monk,mistweaver,6,5,1
Touchoftism,proudmoore,480,monk,mistweaver,6,5,1
Donatello,arthas,480,monk,mistweaver,6,5,1
Rivnn,sargeras,480,monk,mistweaver,6,5,1
Ceronash,dalaran,480,monk,mistweaver,6,5,1
Thegreentaco,tichondrius,480,monk,mistweaver,6,5,1
Choibaedal,tichondrius,480,monk,mistweaver,7,5,2
Tigerlust,sargeras,480,monk,mistweaver,12,5,7
Bigolbootay,tichondrius,480,monk,mistweaver,12,5,7
Btipton,tichondrius,480,monk,mistweaver,12,5,7
Monkchin,sargeras,480,monk,mistweaver,12,5,7
Onak,illidan,480,monk,mistweaver,12,5,7
Xavelha,tichondrius,480,monk,mistweaver,12,5,7
Superme,tichondrius,480,monk,mistweaver,12,5,7
Cloudl,silvermoon,480,monk,mistweaver,12,5,7
Linxiss,tichondrius,480,monk,mistweaver,12,5,7
Jumexo,sargeras,480,monk,mistweaver,12,5,7
Monaks,barthilas,480,monk,mistweaver,12,5,7
Kokweaver,sargeras,480,monk,mistweaver,12,5,7
Gostop,barthilas,480,monk,mistweaver,12,5,7
Judo,khadgar,480,monk,mistweaver,12,5,7
Zlatân,sargeras,480,monk,mistweaver,12,5,7
Joggï,stormrage,480,monk,mistweaver,12,5,7
Chronost,sargeras,480,monk,mistweaver,12,5,7
Piece,blackrock,480,monk,mistweaver,12,5,7
Ìsrael,sargeras,480,monk,mistweaver,12,5,7
Brewtari,whisperwind,480,monk,mistweaver,12,5,7
Amybaby,sargeras,480,monk,mistweaver,12,5,7
Kimjongkick,sargeras,480,monk,mistweaver,12,5,7
Birgitta,thunderhorn,480,monk,mistweaver,12,5,7
Ouibaguette,kelthuzad,480,monk,mistweaver,12,5,7
Xiaotaimei,frostmourne,480,monk,mistweaver,12,5,7
Mists,velen,480,monk,mistweaver,12,5,7
Vashnir,lothar,480,monk,mistweaver,12,5,7
Rzeznik,boulderfist,480,monk,mistweaver,12,5,7
Odradek,thunderlord,480,monk,mistweaver,12,5,7
Biggyballs,tichondrius,480,monk,mistweaver,12,5,7
Masonn,kiljaeden,480,monk,mistweaver,12,5,7
Snooky,kiljaeden,480,monk,mistweaver,12,5,7
Gnarmony,malganis,480,monk,mistweaver,12,5,7
Kaiøken,tichondrius,480,monk,mistweaver,12,5,7
Palumorww,deathwing,480,monk,mistweaver,12,5,7
Rïnny,nazgrel,480,monk,mistweaver,12,5,7
Whipllash,tichondrius,480,monk,mistweaver,12,5,7
Crìstiano,malganis,480,monk,mistweaver,12,5,7
Duckpond,nerzhul,480,monk,mistweaver,18,5,13
Théophila,illidan,480,monk,mistweaver,18,5,13
Bruiseu,illidan,480,monk,mistweaver,18,5,13
Sna,dragonmaw,480,monk,mistweaver,18,5,13
Skyrim,tichondrius,480,monk,mistweaver,18,5,13
Blackflag,queldorei,480,monk,mistweaver,18,5,13
Sagapunch,hyjal,480,monk,mistweaver,18,5,13
Porkmist,icecrown,480,monk,mistweaver,18,5,13
Cckknckr,sargeras,480,monk,mistweaver,24,5,19
Màngø,ragnaros,480,monk,mistweaver,24,5,19
Paleira,emerald-dream,479,monk,mistweaver,6,5,1
Badkarmasix,tichondrius,479,monk,mistweaver,6,5,1
Monqq,tichondrius,479,monk,mistweaver,6,5,1
Qi,draktharon,479,monk,mistweaver,12,5,7
Paticus,area-52,479,monk,mistweaver,12,5,7
Tianhu,sargeras,479,monk,mistweaver,12,5,7
Deadlee,stormreaver,479,monk,mistweaver,12,5,7
Wisepaw,tichondrius,479,monk,mistweaver,12,5,7
Bitrau,destromath,479,monk,mistweaver,12,5,7
Chimpo,ragnaros,479,monk,mistweaver,12,5,7
Annara,tichondrius,479,monk,mistweaver,12,5,7
Manxxin,illidan,479,monk,mistweaver,18,5,13
Westchi,arthas,479,monk,mistweaver,18,5,13
Satchelgizmo,tichondrius,479,monk,mistweaver,18,5,13
Ltsneaky,bladefist,479,monk,mistweaver,30,5,25
Cahuun,baelgun,478,monk,mistweaver,12,5,7
Moojìtsu,stormrage,478,monk,mistweaver,12,5,7
Svanasana,area-52,478,monk,mistweaver,12,5,7
Anußisito,stormrage,478,monk,mistweaver,18,5,13
Tutulee,tichondrius,477,monk,mistweaver,6,5,1
Sputnîk,nemesis,468,monk,mistweaver,22,10,12
Drgigglez,tichondrius,463,monk,mistweaver,11,5,6
Majinyooshi,kelthuzad,448,monk,mistweaver,10,5,5
Gòkou,moon-guard,447,monk,mistweaver,8,6,2
Scoopyafupa,illidan,447,monk,mistweaver,8,6,2
Moistspot,frostmourne,447,monk,mistweaver,8,6,2
Bengal,arthas,447,monk,mistweaver,11,5,6
Graoul,thaurissan,447,monk,mistweaver,11,5,6
Hooverphonic,ragnaros,447,monk,mistweaver,11,5,6
Chriscukr,stormreaver,446,monk,mistweaver,11,5,6
Spoilermonk,kelthuzad,430,monk,mistweaver,13,6,7
Indrazzxx,jubeithos,426,monk,mistweaver,11,7,4
Mindengo,sargeras,426,monk,mistweaver,15,7,8
Durath,burning-blade,415,monk,mistweaver,10,5,5
Dankestkhan,korialstrasz,415,monk,mistweaver,11,5,6
Bludyphister,tichondrius,408,monk,mistweaver,21,7,14
Skyflurry,darkspear,384,monk,mistweaver,6,4,2
Lynds,blackrock,384,monk,mistweaver,6,4,2
Mistweaving,darkspear,384,monk,mistweaver,6,4,2
Dakism,sargeras,384,monk,mistweaver,6,4,2
Jâzze,zuljin,384,monk,mistweaver,6,4,2
Denji,staghelm,384,monk,mistweaver,6,4,2
Kruznîk,illidan,384,monk,mistweaver,6,4,2
Justamönk,moon-guard,384,monk,mistweaver,6,4,2
Dandyrz,azralon,384,monk,mistweaver,6,4,2
Brewtea,sargeras,384,monk,mistweaver,6,4,2
Scovillah,emerald-dream,384,monk,mistweaver,6,4,2
Dottings,sargeras,384,monk,mistweaver,6,4,2
Danie,nerzhul,384,monk,mistweaver,6,4,2
Glorioushole,area-52,384,monk,mistweaver,6,4,2
Macnia,frostmourne,384,monk,mistweaver,6,4,2
Saren,nordrassil,384,monk,mistweaver,6,4,2
Orangechróme,area-52,384,monk,mistweaver,6,4,2
Anzulumonk,alexstrasza,384,monk,mistweaver,6,4,2
Shakeweightt,blackrock,384,monk,mistweaver,6,4,2
Nipfuu,maelstrom,384,monk,mistweaver,6,4,2
Notdustin,illidan,384,monk,mistweaver,6,4,2
Sunnfistway,sargeras,384,monk,mistweaver,6,4,2
Lexxiara,dalaran,384,monk,mistweaver,6,4,2
Brucetea,chogall,384,monk,mistweaver,6,4,2
Facepalmx,nemesis,384,monk,mistweaver,6,4,2
Tinyboots,area-52,384,monk,mistweaver,6,4,2
Chopsake,khadgar,384,monk,mistweaver,6,4,2
Keyndanlamor,sargeras,384,monk,mistweaver,6,4,2
Keepcryin,gorefiend,384,monk,mistweaver,6,4,2
Flaste,moon-guard,384,monk,mistweaver,6,4,2
Punteeftw,sargeras,384,monk,mistweaver,6,4,2
Vetism,thrall,384,monk,mistweaver,6,4,2
Padunk,area-52,384,monk,mistweaver,6,4,2
Sleezyinsane,sargeras,384,monk,mistweaver,6,4,2
Levoz,area-52,384,monk,mistweaver,6,4,2
Monkinator,anvilmar,384,monk,mistweaver,6,4,2
Wecksoe,area-52,384,monk,mistweaver,6,4,2
Doodoodookie,thunderhorn,384,monk,mistweaver,6,4,2
Fueld,burning-legion,384,monk,mistweaver,6,4,2
Büddhist,skullcrusher,384,monk,mistweaver,6,4,2
Kàdè,dalaran,384,monk,mistweaver,6,4,2
Groku,burning-blade,384,monk,mistweaver,6,4,2
Fistfyre,kiljaeden,384,monk,mistweaver,6,4,2
Healkinxo,tichondrius,384,monk,mistweaver,6,4,2
Lyla,aegwynn,384,monk,mistweaver,6,4,2
Veylana,tichondrius,384,monk,mistweaver,6,4,2
Beersmonk,tichondrius,384,monk,mistweaver,6,4,2
Phragmites,tichondrius,384,monk,mistweaver,6,4,2
Stevezee,barthilas,384,monk,mistweaver,6,4,2
Yeawe,tichondrius,384,monk,mistweaver,6,4,2
Fudgepopx,tichondrius,384,monk,mistweaver,6,4,2
Põng,tichondrius,384,monk,mistweaver,6,4,2
Chänx,tichondrius,384,monk,mistweaver,6,4,2
Talker,stormrage,384,monk,mistweaver,6,4,2
Zamzae,tichondrius,384,monk,mistweaver,6,4,2
Snoogiee,khazgoroth,384,monk,mistweaver,6,4,2
Rizzjutsu,stormrage,384,monk,mistweaver,6,4,2
Spoderkeeper,tichondrius,384,monk,mistweaver,6,4,2
Delsiya,stormrage,384,monk,mistweaver,6,4,2
Raires,tichondrius,384,monk,mistweaver,6,4,2
Chopana,malganis,384,monk,mistweaver,6,4,2
Howziexd,tichondrius,384,monk,mistweaver,6,4,2
Avendare,tichondrius,384,monk,mistweaver,6,4,2
Sleepyxo,tichondrius,384,monk,mistweaver,6,4,2
Nikitip,tichondrius,384,monk,mistweaver,6,4,2
Loafymonk,stormrage,384,monk,mistweaver,6,4,2
Drchake,quelthalas,384,monk,mistweaver,6,4,2
Tubshark,kelthuzad,384,monk,mistweaver,6,4,2
Plopnspheres,arthas,384,monk,mistweaver,10,4,6
Jincíe,area-52,384,monk,mistweaver,12,4,8
Valkana,kelthuzad,384,monk,mistweaver,12,4,8
Róokie,tichondrius,384,monk,mistweaver,12,4,8
Rìzzo,tichondrius,384,monk,mistweaver,12,4,8
Frankènmonk,illidan,384,monk,mistweaver,12,4,8
Sim,frostmourne,384,monk,mistweaver,12,4,8
Fluffykaboom,destromath,384,monk,mistweaver,12,4,8
Neversweep,tichondrius,384,monk,mistweaver,12,4,8
Pandàmonium,frostmourne,384,monk,mistweaver,12,4,8
Tanipto,tichondrius,384,monk,mistweaver,12,4,8
Pax,boulderfist,384,monk,mistweaver,12,4,8
Monkyo,magtheridon,384,monk,mistweaver,12,4,8
Zënløvë,tichondrius,384,monk,mistweaver,12,4,8
Xanxee,area-52,384,monk,mistweaver,12,4,8
Nicolascåge,destromath,384,monk,mistweaver,12,4,8
Mõnk,illidan,384,monk,mistweaver,12,4,8
Sanosuki,dalaran,384,monk,mistweaver,12,4,8
Macktickle,zuljin,384,monk,mistweaver,12,4,8
Ronash,hydraxis,384,monk,mistweaver,12,4,8
Lazy,shattered-halls,384,monk,mistweaver,12,4,8
Galsello,moon-guard,384,monk,mistweaver,12,4,8
Darkeiji,stormrage,384,monk,mistweaver,12,4,8
Mccoy,quelthalas,384,monk,mistweaver,12,4,8
Greentea,kaelthas,384,monk,mistweaver,12,4,8
Gavzen,tichondrius,384,monk,mistweaver,12,4,8
Mingfei,uther,384,monk,mistweaver,12,4,8
Nutbag,norgannon,384,monk,mistweaver,12,4,8
Yunei,tichondrius,384,monk,mistweaver,12,4,8
Mockz,dentarg,384,monk,mistweaver,12,4,8
Darylphilbin,emerald-dream,384,monk,mistweaver,12,4,8
Hoyocochino,quelthalas,384,monk,mistweaver,12,4,8
Migchi,sargeras,384,monk,mistweaver,12,4,8
Nõõdlebreath,tichondrius,384,monk,mistweaver,12,4,8
Windwalken,sargeras,384,monk,mistweaver,12,4,8
Fistorcstar,daggerspine,384,monk,mistweaver,12,4,8
Jimbojenkins,bleeding-hollow,384,monk,mistweaver,12,4,8
Findorato,windrunner,384,monk,mistweaver,12,4,8
Sprinkli,sargeras,384,monk,mistweaver,12,4,8
Iamapotato,tichondrius,384,monk,mistweaver,18,4,14
Quitweavin,tichondrius,384,monk,mistweaver,36,4,32
Therivermist,tichondrius,383,monk,mistweaver,6,4,2
Zinque,emerald-dream,383,monk,mistweaver,6,4,2
Squishyfaces,wyrmrest-accord,383,monk,mistweaver,6,4,2
Tsukuyômi,thrall,383,monk,mistweaver,6,4,2
Fvl,barthilas,383,monk,mistweaver,12,4,8
Esleif,moonrunner,383,monk,mistweaver,12,4,8
Zyemell,tichondrius,383,monk,mistweaver,12,4,8
Rollbot,kelthuzad,382,monk,mistweaver,6,4,2
Baaron,sargeras,382,monk,mistweaver,12,4,8
Sence,lightnings-blade,382,monk,mistweaver,18,4,14
Kurrama,twisting-nether,381,monk,mistweaver,12,4,8
Jeme,tichondrius,379,monk,mistweaver,12,4,8
Ois,area-52,367,monk,mistweaver,22,8,14
Chickntendys,sargeras,361,monk,mistweaver,21,6,15
Sáble,stormrage,351,monk,mistweaver,11,4,7
Daddywarpig,tichondrius,336,monk,mistweaver,9,4,5
Zhihua,moon-guard,336,monk,mistweaver,21,4,17
Clericninja,illidan,330,monk,mistweaver,9,6,3
Yenizä,illidan,330,monk,mistweaver,15,5,10
Stunnedheals,arthas,330,monk,mistweaver,16,5,11
Xiaovega,dalaran,329,monk,mistweaver,16,5,11
Ereshkigalts,tichondrius,319,monk,mistweaver,5,4,1
Hauntings,hellscream,319,monk,mistweaver,5,4,1
Mikuohashi,amanthul,319,monk,mistweaver,5,4,1
Missfu,tichondrius,319,monk,mistweaver,8,4,4
Webcams,illidan,304,monk,mistweaver,13,4,9
Gândhi,kiljaeden,298,monk,mistweaver,18,6,12
Greenteafrãp,bleeding-hollow,288,monk,mistweaver,6,3,3
Madson,darkspear,288,monk,mistweaver,6,3,3
Onlypands,stormrage,288,monk,mistweaver,6,3,3
Azithromycin,azjolnerub,288,monk,mistweaver,6,3,3
Alicea,gurubashi,288,monk,mistweaver,6,3,3
Tunaroll,tichondrius,288,monk,mistweaver,6,3,3
Bikkz,tichondrius,288,monk,mistweaver,6,3,3
Kotonnoha,quelthalas,288,monk,mistweaver,6,3,3
Cädemaddöx,stormrage,288,monk,mistweaver,6,3,3
Spiritmist,sargeras,288,monk,mistweaver,6,3,3
Swansational,sargeras,288,monk,mistweaver,6,3,3
Szass,barthilas,288,monk,mistweaver,6,3,3
Grababutt,sargeras,288,monk,mistweaver,6,3,3
Dkdakìng,stormrage,288,monk,mistweaver,6,3,3
Hundski,bleeding-hollow,288,monk,mistweaver,6,3,3
Chingu,ragnaros,288,monk,mistweaver,6,3,3
Dublefist,draktharon,288,monk,mistweaver,6,3,3
Darches,quelthalas,288,monk,mistweaver,6,3,3
Grogio,wyrmrest-accord,288,monk,mistweaver,6,3,3
Zóë,korgath,288,monk,mistweaver,6,3,3
Fammi,stormrage,288,monk,mistweaver,6,3,3
Facekandy,tichondrius,288,monk,mistweaver,6,3,3
Notcheez,sargeras,288,monk,mistweaver,6,3,3
Fysicalx,stormrage,288,monk,mistweaver,6,3,3
Teclas,ragnaros,288,monk,mistweaver,6,3,3
Ðreadhot,malganis,288,monk,mistweaver,6,3,3
Stigzz,stormrage,288,monk,mistweaver,6,3,3
Streetcreds,bleeding-hollow,288,monk,mistweaver,6,3,3
Tambher,lightbringer,288,monk,mistweaver,6,3,3
Zamerà,bleeding-hollow,288,monk,mistweaver,6,3,3
Psii,the-venture-co,288,monk,mistweaver,6,3,3
Drockzo,wyrmrest-accord,288,monk,mistweaver,6,3,3
Seii,ravenholdt,288,monk,mistweaver,6,3,3
Macproblem,malganis,288,monk,mistweaver,6,3,3
Quander,tichondrius,288,monk,mistweaver,6,3,3
Quartztiger,sargeras,288,monk,mistweaver,6,3,3
Spacoli,stormrage,288,monk,mistweaver,6,3,3
Vidrus,gorefiend,288,monk,mistweaver,6,3,3
Austaar,frostmourne,288,monk,mistweaver,6,3,3
Jabjabjabjab,korgath,288,monk,mistweaver,6,3,3
Avarrayndrel,thrall,288,monk,mistweaver,6,3,3
Cashina,azralon,288,monk,mistweaver,6,3,3
Xirrion,darkspear,288,monk,mistweaver,6,3,3
Lundch,tichondrius,288,monk,mistweaver,6,3,3
Dedmk,azralon,288,monk,mistweaver,6,3,3
Mystï,silvermoon,288,monk,mistweaver,6,3,3
Nomonko,tichondrius,288,monk,mistweaver,6,3,3
Lemeta,tichondrius,288,monk,mistweaver,6,3,3
Skâ,kiljaeden,288,monk,mistweaver,6,3,3
Leeleeyong,tichondrius,288,monk,mistweaver,6,3,3
Ighostgirls,thrall,288,monk,mistweaver,6,3,3
Maybeyooshi,kelthuzad,288,monk,mistweaver,6,3,3
Arinix,tichondrius,288,monk,mistweaver,6,3,3
Droppinfast,sargeras,288,monk,mistweaver,6,3,3
Foxjade,thrall,288,monk,mistweaver,6,3,3
Omnivò,emerald-dream,288,monk,mistweaver,6,3,3
Chaipie,kelthuzad,288,monk,mistweaver,6,3,3
Jtrâin,frostmourne,288,monk,mistweaver,6,3,3
Baelmao,wyrmrest-accord,288,monk,mistweaver,6,3,3
Jugojuice,stormrage,288,monk,mistweaver,6,3,3
Duckingkarma,tichondrius,288,monk,mistweaver,6,3,3
Chayim,wyrmrest-accord,288,monk,mistweaver,6,3,3
Aphrodîîte,area-52,288,monk,mistweaver,6,3,3
Healsforu,bloodhoof,288,monk,mistweaver,6,3,3
Densíty,kiljaeden,288,monk,mistweaver,6,3,3
Marçi,moon-guard,288,monk,mistweaver,6,3,3
Seshiro,area-52,288,monk,mistweaver,6,3,3
Ase,frostwolf,288,monk,mistweaver,6,3,3
Möösê,moon-guard,288,monk,mistweaver,6,3,3
Lascivîous,wyrmrest-accord,288,monk,mistweaver,6,3,3
Voguex,area-52,288,monk,mistweaver,6,3,3
Dbgzx,illidan,288,monk,mistweaver,6,3,3
Fistin,laughing-skull,288,monk,mistweaver,6,3,3
ßöe,sargeras,288,monk,mistweaver,6,3,3
Kayla,ursin,288,monk,mistweaver,6,3,3
Feelsogöod,tichondrius,288,monk,mistweaver,6,3,3
Imisswodxo,illidan,288,monk,mistweaver,6,3,3
Hotwangs,jubeithos,288,monk,mistweaver,6,3,3
Rasgacrú,stormrage,288,monk,mistweaver,6,3,3
Thiccstroke,illidan,288,monk,mistweaver,6,3,3
Canofwoopas,dalaran,288,monk,mistweaver,6,3,3
Furrykisser,tichondrius,288,monk,mistweaver,6,3,3
Bosschops,illidan,288,monk,mistweaver,6,3,3
Mipkek,saurfang,288,monk,mistweaver,6,3,3
Excitable,moon-guard,288,monk,mistweaver,21,8,13
Kúrios,azralon,288,monk,mistweaver,10,3,7
Fitofryfitof,aegwynn,288,monk,mistweaver,12,3,9
Katalina,alexstrasza,288,monk,mistweaver,12,3,9
Wørm,emerald-dream,288,monk,mistweaver,12,3,9
Mwtouch,nemesis,288,monk,mistweaver,12,3,9
Wizcaulifa,stormrage,288,monk,mistweaver,12,3,9
Gentlefists,sargeras,288,monk,mistweaver,12,3,9
Hixemonk,illidan,288,monk,mistweaver,12,3,9
Øtpp,sargeras,288,monk,mistweaver,12,3,9
Luckystrike,area-52,288,monk,mistweaver,12,3,9
Dreadneck,sargeras,288,monk,mistweaver,12,3,9
Korvishka,malganis,288,monk,mistweaver,12,3,9
Ropanddrop,nerzhul,288,monk,mistweaver,12,3,9
Imakiya,tichondrius,288,monk,mistweaver,17,3,14
Ztzztx,sargeras,287,monk,mistweaver,6,3,3
Alanimistw,khadgar,287,monk,mistweaver,6,3,3
Deyseddia,azgalor,287,monk,mistweaver,6,3,3
Gatsbi,arthas,287,monk,mistweaver,6,3,3
Holandri,moon-guard,287,monk,mistweaver,6,3,3
Iarw,tichondrius,287,monk,mistweaver,6,3,3
Shlumpuh,tichondrius,287,monk,mistweaver,16,4,12
Gällädriel,azralon,287,monk,mistweaver,12,3,9
Uninvited,perenolde,286,monk,mistweaver,6,3,3
Lilpielover,zuljin,286,monk,mistweaver,15,4,11
Klassik,thrall,286,monk,mistweaver,21,4,17
Bellátíx,quelthalas,276,monk,mistweaver,22,10,12
Fingies,garrosh,271,monk,mistweaver,11,3,8
Timjongill,stormrage,271,monk,mistweaver,11,3,8
Condem,malfurion,271,monk,mistweaver,17,3,14
Lildae,burning-legion,256,monk,mistweaver,4,4,0
Gaynpetty,proudmoore,256,monk,mistweaver,4,4,0
Bleht,moon-guard,256,monk,mistweaver,10,4,6
Koragro,tichondrius,239,monk,mistweaver,5,3,2
Fistedorclaw,lothar,234,monk,mistweaver,10,5,5
Mydx,thrall,234,monk,mistweaver,8,4,4
Isit,vashj,234,monk,mistweaver,9,4,5
Zeisei,wyrmrest-accord,234,monk,mistweaver,10,4,6
Mizmonk,agamaggan,234,monk,mistweaver,10,4,6
Kåelarayn,moon-guard,234,monk,mistweaver,13,4,9
Hirado,kelthuzad,234,monk,mistweaver,16,4,12
Friedpanda,kelthuzad,234,monk,mistweaver,16,4,12
Shaotee,tichondrius,208,monk,mistweaver,7,3,4
Fujiô,illidan,192,monk,mistweaver,4,3,1
Furryfisttin,illidan,192,monk,mistweaver,8,3,5
Absurd,mannoroth,192,monk,mistweaver,8,3,5
Gyatso,aegwynn,192,monk,mistweaver,6,2,4
Hitchslapz,tichondrius,192,monk,mistweaver,6,2,4
Bamboøzled,daggerspine,192,monk,mistweaver,6,2,4
Gaudchi,tichondrius,192,monk,mistweaver,6,2,4
Touchbot,tichondrius,192,monk,mistweaver,6,2,4
Loliported,tichondrius,192,monk,mistweaver,6,2,4
Tommywiseau,amanthul,192,monk,mistweaver,6,2,4
Tarae,nagrand,192,monk,mistweaver,6,2,4
Vams,barthilas,192,monk,mistweaver,6,2,4
Mistbeard,aggramar,192,monk,mistweaver,6,2,4
Keltik,stormrage,192,monk,mistweaver,6,2,4
Demödras,stormrage,192,monk,mistweaver,6,2,4
Lilknucks,bonechewer,192,monk,mistweaver,6,2,4
Djbluezx,tichondrius,192,monk,mistweaver,6,2,4
Acena,stormrage,192,monk,mistweaver,6,2,4
Theriní,stormrage,192,monk,mistweaver,6,2,4
Xanzee,area-52,192,monk,mistweaver,6,2,4
Snettalia,quelthalas,192,monk,mistweaver,6,2,4
Broxxenidas,quelthalas,192,monk,mistweaver,6,2,4
Bamboozle,blackrock,192,monk,mistweaver,6,2,4
Quickhands,dalaran,192,monk,mistweaver,6,2,4
Privm,moonrunner,192,monk,mistweaver,6,2,4
Aquamonk,tichondrius,192,monk,mistweaver,6,2,4
Kickflipy,dalaran,192,monk,mistweaver,6,2,4
Torpedo,blackrock,192,monk,mistweaver,6,2,4
Percosex,tichondrius,192,monk,mistweaver,6,2,4
Iililiililil,stormrage,192,monk,mistweaver,6,2,4
Fäded,trollbane,192,monk,mistweaver,6,2,4
Zåz,nazgrel,192,monk,mistweaver,6,2,4
Fïstbeaver,malganis,192,monk,mistweaver,6,2,4
Drfistyfingr,malganis,192,monk,mistweaver,6,2,4
Mâkaveli,gnomeregan,192,monk,mistweaver,6,2,4
Kîkû,moon-guard,192,monk,mistweaver,6,2,4
Lowiebowie,tichondrius,192,monk,mistweaver,6,2,4
Flexmonk,barthilas,192,monk,mistweaver,6,2,4
Udjun,bleeding-hollow,192,monk,mistweaver,6,2,4
Skadouch,wyrmrest-accord,192,monk,mistweaver,6,2,4
Djanira,nemesis,192,monk,mistweaver,6,2,4
Obbmw,moon-guard,192,monk,mistweaver,6,2,4
Krucíal,illidan,192,monk,mistweaver,6,2,4
Selocke,bleeding-hollow,192,monk,mistweaver,6,2,4
Banidiin,moon-guard,192,monk,mistweaver,6,2,4
Zengoku,zuljin,192,monk,mistweaver,6,2,4
Foxmacleod,bleeding-hollow,192,monk,mistweaver,6,2,4
Apparent,lightnings-blade,192,monk,mistweaver,6,2,4
Sebasu,perenolde,192,monk,mistweaver,6,2,4
Primez,frostmourne,192,monk,mistweaver,6,2,4
Jittersx,silvermoon,192,monk,mistweaver,6,2,4
Jaybum,sargeras,192,monk,mistweaver,6,2,4
Omashu,nemesis,192,monk,mistweaver,6,2,4
Quartzmonkey,zuljin,192,monk,mistweaver,6,2,4
Nilonsso,sargeras,192,monk,mistweaver,6,2,4
Ramhemi,kiljaeden,192,monk,mistweaver,6,2,4
Fortnight,emerald-dream,192,monk,mistweaver,6,2,4
Ricecákez,alterac-mountains,192,monk,mistweaver,6,2,4
Motueka,frostmourne,192,monk,mistweaver,6,2,4
Caralia,exodar,192,monk,mistweaver,6,2,4
Bodyshot,area-52,192,monk,mistweaver,6,2,4
Ashenn,area-52,192,monk,mistweaver,6,2,4
Onepunch,exodar,192,monk,mistweaver,7,2,5
Coffeek,area-52,192,monk,mistweaver,8,2,6
Glowsgreenby,area-52,192,monk,mistweaver,8,2,6
Dirtysmile,ragnaros,192,monk,mistweaver,11,2,9
Taymonk,stormrage,192,monk,mistweaver,12,2,10
Göönsqüäd,moon-guard,192,monk,mistweaver,12,2,10
Fuchizaki,ragnaros,192,monk,mistweaver,12,2,10
Salzamonk,aggramar,192,monk,mistweaver,12,2,10
Whynotec,tichondrius,192,monk,mistweaver,12,2,10
Yomamaflo,wildhammer,192,monk,mistweaver,12,2,10
Kick,dragonmaw,192,monk,mistweaver,12,2,10
Monkik,laughing-skull,192,monk,mistweaver,12,2,10
Hunglikejfk,thrall,192,monk,mistweaver,12,2,10
Mung,boulderfist,192,monk,mistweaver,12,2,10
Bubblekit,nerzhul,192,monk,mistweaver,12,2,10
Sanytea,sargeras,192,monk,mistweaver,12,2,10
Missmagda,darkspear,192,monk,mistweaver,12,2,10
Ðetroitsmash,sargeras,192,monk,mistweaver,12,2,10
Chuggernaut,illidan,192,monk,mistweaver,15,2,13
Fatde,daggerspine,192,monk,mistweaver,18,2,16
Farmerstan,sargeras,192,monk,mistweaver,18,2,16
Lazybear,hakkar,191,monk,mistweaver,6,2,4
Senzmist,lightbringer,191,monk,mistweaver,6,2,4
Realisthands,barthilas,191,monk,mistweaver,6,2,4
Melliex,hakkar,191,monk,mistweaver,6,2,4
Honestworkz,area-52,191,monk,mistweaver,6,2,4
Rorik,deathwing,191,monk,mistweaver,12,2,10
Phystweaver,malganis,175,monk,mistweaver,11,2,9
Pathad,stormrage,159,monk,mistweaver,5,2,3
Fistaholic,turalyon,159,monk,mistweaver,5,2,3
Duskier,garithos,144,monk,mistweaver,3,3,0
Miestro,tichondrius,138,monk,mistweaver,6,3,3
Spicybrew,tichondrius,138,monk,mistweaver,7,3,4
Wifflenut,tichondrius,138,monk,mistweaver,11,4,7
Fijiwater,stormrage,138,monk,mistweaver,9,3,6
ßøøstêðçhåñ,illidan,138,monk,mistweaver,9,3,6
Slimweaver,stormrage,138,monk,mistweaver,13,4,9
Vyostao,ragnaros,138,monk,mistweaver,11,3,8
Averagéjoe,tichondrius,127,monk,mistweaver,8,2,6
Mysstickle,icecrown,96,monk,mistweaver,3,2,1
Lyghtweight,stormrage,96,monk,mistweaver,3,2,1
Naveex,bleeding-hollow,96,monk,mistweaver,6,1,5
Charrek,zuljin,96,monk,mistweaver,6,1,5
Sheff,daggerspine,96,monk,mistweaver,6,1,5
Kiawe,zuljin,96,monk,mistweaver,6,1,5
Kenvuki,emerald-dream,96,monk,mistweaver,6,1,5
Sakibombz,sargeras,96,monk,mistweaver,6,1,5
Monkuxe,zuljin,96,monk,mistweaver,6,1,5
Emrose,demon-soul,96,monk,mistweaver,6,1,5
Kaÿñ,area-52,96,monk,mistweaver,6,1,5
Ünarù,area-52,96,monk,mistweaver,6,1,5
Punchlord,saurfang,96,monk,mistweaver,6,1,5
Ezpzmonk,bloodscalp,96,monk,mistweaver,6,1,5
Notthefather,area-52,96,monk,mistweaver,6,1,5
Tofugoku,area-52,96,monk,mistweaver,6,1,5
Bannedbybliz,thrall,96,monk,mistweaver,6,1,5
Danicah,altar-of-storms,96,monk,mistweaver,6,1,5
Melmonk,stormrage,96,monk,mistweaver,6,1,5
Criminall,aegwynn,96,monk,mistweaver,6,1,5
Lomist,nazjatar,96,monk,mistweaver,6,1,5
Daeio,burning-legion,96,monk,mistweaver,6,1,5
Kayakpunch,moon-guard,96,monk,mistweaver,6,1,5
Vesija,sargeras,96,monk,mistweaver,6,1,5
Raylá,kelthuzad,96,monk,mistweaver,6,1,5
Spiffo,tichondrius,96,monk,mistweaver,6,1,5
Fatboyswag,tichondrius,96,monk,mistweaver,6,1,5
Stickyloads,illidan,96,monk,mistweaver,6,1,5
Rockfu,illidan,96,monk,mistweaver,6,1,5
Tzobee,stormrage,96,monk,mistweaver,6,1,5
Zrza,tichondrius,96,monk,mistweaver,6,1,5
Nject,malganis,96,monk,mistweaver,6,1,5
Kalsaa,illidan,96,monk,mistweaver,6,1,5
Samaera,uther,96,monk,mistweaver,6,1,5
Kungfucheeks,illidan,96,monk,mistweaver,6,1,5
Froggie,illidan,96,monk,mistweaver,6,1,5
Huaria,illidan,96,monk,mistweaver,6,1,5
Turkeydinner,frostmourne,96,monk,mistweaver,6,1,5
Limejuulpod,malganis,96,monk,mistweaver,6,1,5
Súprä,stormrage,96,monk,mistweaver,6,1,5
Lainerya,moon-guard,96,monk,mistweaver,6,1,5
Cosome,tichondrius,96,monk,mistweaver,6,1,5
Kimmyfists,tichondrius,96,monk,mistweaver,6,1,5
Tedbondy,moon-guard,96,monk,mistweaver,6,1,5
Oobinkey,tichondrius,96,monk,mistweaver,6,1,5
Jamesboong,illidan,96,monk,mistweaver,6,1,5
Ruion,moon-guard,96,monk,mistweaver,6,1,5
Saisho,dalaran,96,monk,mistweaver,6,1,5
Shrimptown,dalaran,96,monk,mistweaver,6,1,5
Getkicked,moon-guard,96,monk,mistweaver,6,1,5
Dirack,quelthalas,96,monk,mistweaver,6,1,5
Faméd,stormrage,96,monk,mistweaver,8,1,7
Zenmidget,kelthuzad,96,monk,mistweaver,12,1,11
Ghostsofur,tichondrius,96,monk,mistweaver,12,1,11
Eliwenn,ragnaros,96,monk,mistweaver,12,1,11
Selectra,malfurion,95,monk,mistweaver,6,1,5
Fairymonk,frostwolf,79,monk,mistweaver,5,1,4
Clixstermonk,area-52,79,monk,mistweaver,5,1,4
Koharu,proudmoore,79,monk,mistweaver,11,1,10
Thalreyzian,vashj,64,monk,mistweaver,4,1,3
Deethnutth,bleeding-hollow,63,monk,mistweaver,2,2,0
Rockxtv,illidan,63,monk,mistweaver,2,2,0
Fumoo,sargeras,42,monk,mistweaver,10,3,7
Mataleao,emerald-dream,42,monk,mistweaver,10,2,8
Critorgtfo,tanaris,42,monk,mistweaver,10,2,8
Whtnyhuston,sargeras,42,monk,mistweaver,12,2,10
Tacoma,sargeras,42,monk,mistweaver,14,2,12
Ccdog,amanthul,31,monk,mistweaver,2,1,1
Vazana,moon-guard,30,monk,mistweaver,18,7,11
Robbo,tichondrius,1635,monk,brewmaster,84,38,46
Daesun,quelthalas,1497,monk,brewmaster,38,19,19
Worldpvp,nerzhul,1444,monk,brewmaster,62,27,35
Epucphail,kelthuzad,1221,monk,brewmaster,78,33,45
Omgar,frostmourne,1046,monk,brewmaster,44,17,27
Chochas,tichondrius,660,monk,brewmaster,18,7,11
Rín,dalaran,521,monk,brewmaster,19,7,12
Morpheous,whisperwind,383,monk,brewmaster,6,4,2
Doughboy,skullcrusher,383,monk,brewmaster,12,4,8
Akhar,nazgrel,288,monk,brewmaster,6,3,3
Genié,moon-guard,288,monk,brewmaster,6,3,3
Lonebamboo,tichondrius,288,monk,brewmaster,12,3,9
Quaria,moon-guard,288,monk,brewmaster,18,3,15
Daedae,quelthalas,192,monk,brewmaster,8,3,5
Sistuhfista,tichondrius,192,monk,brewmaster,6,2,4
Drunkfight,zuljin,192,monk,brewmaster,18,2,16
Encry,zuljin,191,monk,brewmaster,6,2,4
Ferrarí,quelthalas,79,monk,brewmaster,11,1,10
Neighbors,sargeras,2342,monk,windwalker,265,141,124
Iminglee,area-52,2320,monk,windwalker,142,76,66
Hwoärang,stormrage,2300,monk,windwalker,95,54,41
Primez,frostmourne,2218,monk,windwalker,106,55,51
Edenx,sargeras,2214,monk,windwalker,78,45,33
Keyam,illidan,2208,monk,windwalker,101,54,47
Pacmankr,tichondrius,2204,monk,windwalker,175,93,82
Chyx,tichondrius,2190,monk,windwalker,124,65,59
Riversøng,frostmourne,2158,monk,windwalker,108,59,49
Xyän,bleeding-hollow,2149,monk,windwalker,100,51,49
Sean,nazjatar,2143,monk,windwalker,72,38,34
Judo,agamaggan,2143,monk,windwalker,98,50,48
Senseiww,sargeras,2143,monk,windwalker,126,64,62
Hypnøtìze,frostmourne,2142,monk,windwalker,215,116,99
Rosetune,area-52,2140,monk,windwalker,72,54,18
Kranelo,tichondrius,2140,monk,windwalker,72,43,29
Rytes,moon-guard,2137,monk,windwalker,207,112,95
Catgallery,tichondrius,2129,monk,windwalker,239,123,116
Cmx,sargeras,2125,monk,windwalker,172,88,84
Bigherosixx,tichondrius,2124,monk,windwalker,144,78,66
Wwlékinhø,azralon,2118,monk,windwalker,147,85,62
Flattsww,tichondrius,2111,monk,windwalker,274,140,134
Robbo,tichondrius,2108,monk,windwalker,113,57,56
Larryjonés,area-52,2105,monk,windwalker,215,111,104
Rickybobbyx,vashj,2103,monk,windwalker,131,67,64
Iílílílílílí,area-52,2101,monk,windwalker,84,43,41
Thewy,tichondrius,2101,monk,windwalker,114,57,57
Homun,tichondrius,2100,monk,windwalker,94,46,48
Percentx,tichondrius,2090,monk,windwalker,78,39,39
Stárset,illidan,2076,monk,windwalker,102,56,46
Dalearnhardt,proudmoore,2055,monk,windwalker,71,43,28
Liamllama,barthilas,2036,monk,windwalker,182,95,87
Lodbork,tichondrius,2023,monk,windwalker,495,257,238
Xølik,draenor,2019,monk,windwalker,60,43,17
Mikeyx,area-52,2012,monk,windwalker,54,29,25
Nyofu,moon-guard,2005,monk,windwalker,76,41,35
Fatal,bonechewer,1996,monk,windwalker,220,113,107
Spotifyfan,ysera,1995,monk,windwalker,195,106,89
Chopt,zuljin,1994,monk,windwalker,131,63,68
Droguex,tichondrius,1993,monk,windwalker,379,183,196
Hakri,arthas,1987,monk,windwalker,30,21,9
Xueyu,malganis,1971,monk,windwalker,60,33,27
Cuteirl,tichondrius,1970,monk,windwalker,84,53,31
Gaslighterr,tichondrius,1963,monk,windwalker,135,77,58
Crashandflow,zuljin,1961,monk,windwalker,60,33,27
Helvectius,tichondrius,1961,monk,windwalker,270,133,137
Touchofdeáth,stormrage,1959,monk,windwalker,185,99,86
Bdw,tichondrius,1955,monk,windwalker,142,84,58
Sickbanga,barthilas,1955,monk,windwalker,112,60,52
Madtiger,scilla,1950,monk,windwalker,141,71,70
Omnly,stormrage,1939,monk,windwalker,86,44,42
Wondý,quelthalas,1935,monk,windwalker,178,89,89
Repbrew,sargeras,1933,monk,windwalker,93,46,47
Screwz,tichondrius,1931,monk,windwalker,73,38,35
Baddi,uldum,1931,monk,windwalker,160,82,78
Imasterl,proudmoore,1931,monk,windwalker,93,47,46
Lhiri,moon-guard,1929,monk,windwalker,71,36,35
Fueld,burning-legion,1927,monk,windwalker,474,233,241
Duhäst,sargeras,1924,monk,windwalker,84,50,34
Kimetsu,sargeras,1924,monk,windwalker,124,73,51
Torkscrew,bleeding-hollow,1919,monk,windwalker,42,25,17
Broomooster,bleeding-hollow,1919,monk,windwalker,65,29,36
Threnody,malganis,1917,monk,windwalker,160,79,81
Nelariah,wyrmrest-accord,1914,monk,windwalker,82,39,43
Yuujitsu,sargeras,1912,monk,windwalker,192,101,91
Rockxtv,illidan,1912,monk,windwalker,72,32,40
Choplo,demon-soul,1911,monk,windwalker,78,43,35
Blackpandax,tichondrius,1906,monk,windwalker,185,90,95
Weathermanxv,kelthuzad,1896,monk,windwalker,123,56,67
Inbu,tichondrius,1894,monk,windwalker,177,86,91
Frootsmoothi,thrall,1893,monk,windwalker,112,54,58
Vybïn,tichondrius,1891,monk,windwalker,393,198,195
Maomaogun,tichondrius,1890,monk,windwalker,60,34,26
Xuenfu,tichondrius,1890,monk,windwalker,36,20,16
Snebyos,tichondrius,1883,monk,windwalker,241,133,108
Sunfistway,sargeras,1878,monk,windwalker,86,52,34
Mikephoenix,tichondrius,1875,monk,windwalker,151,78,73
Artam,thrall,1871,monk,windwalker,95,55,40
Hîddènsõündx,tichondrius,1871,monk,windwalker,48,25,23
Dirtypunch,proudmoore,1869,monk,windwalker,78,34,44
Jaxvisto,dalaran,1868,monk,windwalker,101,51,50
Tschi,illidan,1860,monk,windwalker,48,30,18
Ighostgirls,thrall,1860,monk,windwalker,59,29,30
Telospateo,ragnaros,1859,monk,windwalker,61,31,30
Sínsayer,tichondrius,1859,monk,windwalker,195,90,105
Danzr,ragnaros,1858,monk,windwalker,60,32,28
Axtîn,stormreaver,1857,monk,windwalker,40,23,17
Bussÿ,area-52,1857,monk,windwalker,241,120,121
Garypool,emerald-dream,1856,monk,windwalker,33,20,13
Maozhën,tichondrius,1855,monk,windwalker,66,33,33
Zeati,tichondrius,1854,monk,windwalker,54,34,20
Marçi,moon-guard,1854,monk,windwalker,145,69,76
Absurd,mannoroth,1852,monk,windwalker,39,22,17
Takkeya,zuljin,1850,monk,windwalker,60,33,27
Smalltall,area-52,1850,monk,windwalker,61,31,30
Nehji,illidan,1850,monk,windwalker,207,100,107
Smokechief,hyjal,1847,monk,windwalker,78,42,36
Thuyvan,barthilas,1845,monk,windwalker,66,38,28
Guylian,tichondrius,1845,monk,windwalker,58,30,28
Dzq,zuljin,1845,monk,windwalker,140,72,68
Serthean,illidan,1843,monk,windwalker,263,131,132
Züdo,area-52,1841,monk,windwalker,105,55,50
Shisama,area-52,1840,monk,windwalker,68,42,26
Shïvïr,azralon,1840,monk,windwalker,261,130,131
Allmight,wyrmrest-accord,1839,monk,windwalker,105,58,47
Tippytap,bleeding-hollow,1839,monk,windwalker,137,67,70
Bunnygal,thaurissan,1838,monk,windwalker,82,43,39
Napbox,bleeding-hollow,1837,monk,windwalker,152,79,73
Hamyu,illidan,1837,monk,windwalker,66,33,33
Kuranchi,sargeras,1836,monk,windwalker,42,23,19
Kegrolls,proudmoore,1835,monk,windwalker,42,26,16
Karmerr,proudmoore,1835,monk,windwalker,66,35,31
Peachcactus,sargeras,1833,monk,windwalker,42,27,15
Senritsuh,drakkari,1831,monk,windwalker,106,51,55
Jümmy,area-52,1829,monk,windwalker,60,32,28
Shírÿu,azralon,1826,monk,windwalker,119,59,60
Lopez,sargeras,1825,monk,windwalker,54,35,19
Backfliptime,ragnaros,1825,monk,windwalker,46,28,18
Lahri,silvermoon,1824,monk,windwalker,80,48,32
Sckmonk,tichondrius,1824,monk,windwalker,81,34,47
Elfoverde,stormrage,1823,monk,windwalker,68,41,27
Sylash,ragnaros,1821,monk,windwalker,36,21,15
Unhappyclown,tichondrius,1820,monk,windwalker,251,134,117
Sentomaru,bleeding-hollow,1820,monk,windwalker,66,33,33
Daracus,kelthuzad,1819,monk,windwalker,50,35,15
Fínzy,tichondrius,1819,monk,windwalker,307,155,152
Kryptikkyt,gilneas,1815,monk,windwalker,66,35,31
Micai,thrall,1813,monk,windwalker,42,25,17
Fátë,tichondrius,1813,monk,windwalker,168,78,90
Bakha,illidan,1812,monk,windwalker,35,22,13
Doczen,malganis,1812,monk,windwalker,60,29,31
Capiirotta,nemesis,1811,monk,windwalker,174,102,72
Xìðñ,moon-guard,1808,monk,windwalker,102,70,32
Hailan,area-52,1808,monk,windwalker,48,29,19
Madtigon,scilla,1808,monk,windwalker,59,30,29
Heiwei,stormrage,1806,monk,windwalker,36,22,14
Atreia,malganis,1805,monk,windwalker,32,21,11
Turbofist,bleeding-hollow,1803,monk,windwalker,42,25,17
Tyrannus,chogall,1803,monk,windwalker,488,254,234
Khawai,sargeras,1801,monk,windwalker,82,46,36
Accidntprone,zangarmarsh,1801,monk,windwalker,54,28,26
Furiamvp,stormrage,1801,monk,windwalker,54,28,26
Ghooch,illidan,1800,monk,windwalker,66,39,27
Muhli,kiljaeden,1800,monk,windwalker,48,22,26
Boeycalma,illidan,1798,monk,windwalker,66,37,29
Humonkulous,darkspear,1795,monk,windwalker,102,52,50
Brewceo,area-52,1787,monk,windwalker,66,34,32
Alshee,nagrand,1787,monk,windwalker,51,25,26
Xas,sentinels,1785,monk,windwalker,90,45,45
Jamut,stormrage,1785,monk,windwalker,66,28,38
Mitras,dragonblight,1782,monk,windwalker,48,29,19
Dwarfmonk,tichondrius,1782,monk,windwalker,48,22,26
Innerverse,tichondrius,1781,monk,windwalker,53,26,27
Alps,darkspear,1780,monk,windwalker,48,24,24
Wolffangfist,sargeras,1779,monk,windwalker,93,57,36
Atsuyuki,nemesis,1778,monk,windwalker,55,25,30
Zynflex,tichondrius,1776,monk,windwalker,65,30,35
Rockyßalboa,sargeras,1774,monk,windwalker,85,50,35
Zionk,tichondrius,1773,monk,windwalker,139,90,49
Gêrôx,sargeras,1773,monk,windwalker,60,33,27
Ojii,tichondrius,1773,monk,windwalker,112,56,56
Livitsu,aerie-peak,1770,monk,windwalker,36,21,15
Kagebunshin,kelthuzad,1767,monk,windwalker,48,26,22
Orkmonk,tichondrius,1766,monk,windwalker,48,32,16
Lørdjåshïn,azjolnerub,1764,monk,windwalker,48,26,22
Mcoos,tichondrius,1761,monk,windwalker,47,28,19
Tristantwo,sargeras,1761,monk,windwalker,96,47,49
Gigached,zuljin,1759,monk,windwalker,75,35,40
Lidä,tichondrius,1757,monk,windwalker,102,47,55
Akanq,tichondrius,1756,monk,windwalker,63,34,29
Kungfupurk,bleeding-hollow,1753,monk,windwalker,36,22,14
Sistuhfista,tichondrius,1752,monk,windwalker,36,25,11
Monkgyatso,drakthul,1749,monk,windwalker,132,69,63
Phistea,area-52,1749,monk,windwalker,81,40,41
Ludanford,eitrigg,1748,monk,windwalker,66,31,35
Råii,sargeras,1747,monk,windwalker,54,33,21
Hiurge,tichondrius,1747,monk,windwalker,153,71,82
Jåðëðrägøñ,sargeras,1745,monk,windwalker,61,36,25
Bruceteå,area-52,1744,monk,windwalker,36,19,17
Monkatron,arthas,1743,monk,windwalker,149,73,76
Akir,zuljin,1742,monk,windwalker,41,26,15
Wât,bleeding-hollow,1742,monk,windwalker,54,27,27
Jaspier,quelthalas,1741,monk,windwalker,59,32,27
Mhmmzz,sargeras,1741,monk,windwalker,120,60,60
Danimalz,stormrage,1737,monk,windwalker,60,31,29
Pandagirlw,tichondrius,1736,monk,windwalker,90,52,38
Meniscusmonk,emerald-dream,1734,monk,windwalker,71,38,33
Syerzie,dalaran,1732,monk,windwalker,93,42,51
Jasey,area-52,1729,monk,windwalker,29,21,8
Kárma,malganis,1729,monk,windwalker,54,30,24
Jükedx,stormrage,1728,monk,windwalker,97,57,40
Yavaxye,stormrage,1728,monk,windwalker,47,21,26
Iremía,azralon,1727,monk,windwalker,48,26,22
Rigi,stormrage,1726,monk,windwalker,190,93,97
Altaidm,ragnaros,1724,monk,windwalker,61,30,31
Fapmonk,illidan,1723,monk,windwalker,113,70,43
Raphåel,area-52,1722,monk,windwalker,35,18,17
Xanaxåddict,sargeras,1722,monk,windwalker,225,113,112
Boostedww,bloodscalp,1720,monk,windwalker,48,25,23
Squidie,tichondrius,1719,monk,windwalker,66,27,39
Chunlee,tichondrius,1718,monk,windwalker,42,22,20
Vai,korgath,1716,monk,windwalker,106,52,54
Sterow,kiljaeden,1715,monk,windwalker,54,28,26
Xuenws,tichondrius,1714,monk,windwalker,30,19,11
Wørm,emerald-dream,1710,monk,windwalker,42,26,16
Jabman,stormrage,1710,monk,windwalker,69,29,40
Conngaline,stormreaver,1708,monk,windwalker,467,224,243
Tenooki,illidan,1707,monk,windwalker,41,19,22
Setback,tichondrius,1706,monk,windwalker,24,18,6
Ambal,hellscream,1706,monk,windwalker,73,40,33
Jackdaniel,sargeras,1704,monk,windwalker,30,18,12
Hellstabberm,lightbringer,1704,monk,windwalker,54,29,25
Rakije,barthilas,1703,monk,windwalker,72,44,28
Fimeu,kiljaeden,1703,monk,windwalker,64,37,27
Goosyloosy,dathremar,1701,monk,windwalker,42,22,20
Tôpsônworld,tichondrius,1700,monk,windwalker,66,39,27
Öñlýfåñs,tichondrius,1698,monk,windwalker,65,33,32
Gigagirth,emerald-dream,1697,monk,windwalker,42,21,21
Harde,thrall,1696,monk,windwalker,103,55,48
Decompress,illidan,1694,monk,windwalker,42,25,17
Pleasetouch,emerald-dream,1694,monk,windwalker,36,20,16
Excalibrew,malganis,1694,monk,windwalker,84,45,39
Xï,proudmoore,1688,monk,windwalker,86,47,39
Haharetsdead,illidan,1686,monk,windwalker,131,71,60
Shids,barthilas,1686,monk,windwalker,59,28,31
Tragorin,tichondrius,1684,monk,windwalker,66,32,34
Zenluckydo,grizzly-hills,1683,monk,windwalker,113,61,52
Vanmonk,eonar,1681,monk,windwalker,36,18,18
Jatzai,emerald-dream,1680,monk,windwalker,58,27,31
Rïggen,thrall,1676,monk,windwalker,94,54,40
Scaryhours,stormrage,1676,monk,windwalker,75,37,38
Azizyzz,barthilas,1674,monk,windwalker,36,23,13
Zhoku,tichondrius,1674,monk,windwalker,30,19,11
Panduh,moon-guard,1674,monk,windwalker,280,146,134
Jdanîel,ragnaros,1671,monk,windwalker,42,21,21
Zenigma,area-52,1670,monk,windwalker,45,24,21
Dea,thrall,1670,monk,windwalker,84,43,41
Watercowz,tichondrius,1669,monk,windwalker,36,22,14
Rnmedic,stormrage,1669,monk,windwalker,161,75,86
Bigpoppap,tichondrius,1668,monk,windwalker,54,29,25
Hèllòkîttý,illidan,1666,monk,windwalker,30,19,11
Haco,malganis,1666,monk,windwalker,81,41,40
Hæt,stormrage,1665,monk,windwalker,48,23,25
Warblaze,barthilas,1665,monk,windwalker,74,35,39
Judgevr,frostmourne,1665,monk,windwalker,57,26,31
Maunk,illidan,1663,monk,windwalker,84,51,33
Shaszx,zuljin,1661,monk,windwalker,47,25,22
Galaxystrike,illidan,1655,monk,windwalker,60,32,28
Thåi,anubarak,1655,monk,windwalker,66,26,40
Quanyaozu,ragnaros,1654,monk,windwalker,32,19,13
Nightww,area-52,1654,monk,windwalker,66,36,30
Monasticc,undermine,1654,monk,windwalker,36,18,18
Mechamonk,aerie-peak,1654,monk,windwalker,123,52,71
Rubntug,zuljin,1652,monk,windwalker,36,22,14
Fuqmeh,darkspear,1650,monk,windwalker,102,52,50
Whøru,azralon,1648,monk,windwalker,48,19,29
Unlike,tichondrius,1647,monk,windwalker,117,60,57
Dumplíngs,emerald-dream,1647,monk,windwalker,59,27,32
Bearface,blades-edge,1646,monk,windwalker,88,36,52
Mists,velen,1645,monk,windwalker,54,31,23
Oxli,emerald-dream,1645,monk,windwalker,52,29,23
Ipmansensei,tichondrius,1643,monk,windwalker,60,28,32
Naagg,tichondrius,1642,monk,windwalker,48,23,25
Foxchik,zuljin,1641,monk,windwalker,76,42,34
Kickflipy,dalaran,1641,monk,windwalker,48,25,23
Sdns,stormrage,1641,monk,windwalker,54,26,28
Fiddletix,stormrage,1640,monk,windwalker,76,39,37
Corsan,illidan,1639,monk,windwalker,66,43,23
Dïsturbedtko,azralon,1639,monk,windwalker,134,68,66
Pankekz,tichondrius,1639,monk,windwalker,192,97,95
Jnco,thrall,1638,monk,windwalker,39,23,16
Mastâ,kelthuzad,1637,monk,windwalker,134,69,65
Akumà,tichondrius,1636,monk,windwalker,48,19,29
Nagato,nemesis,1633,monk,windwalker,69,43,26
Rozlynnww,tichondrius,1633,monk,windwalker,36,20,16
Shôckley,tichondrius,1629,monk,windwalker,153,84,69
Kitingqt,area-52,1629,monk,windwalker,48,22,26
Kungpóa,sargeras,1628,monk,windwalker,39,23,16
Bamron,fizzcrank,1628,monk,windwalker,158,78,80
Tochtlea,wyrmrest-accord,1628,monk,windwalker,47,22,25
Birgs,sargeras,1627,monk,windwalker,36,17,19
Djjackyd,stormrage,1625,monk,windwalker,30,17,13
Miýagi,sargeras,1625,monk,windwalker,74,40,34
Ddoongmonk,tichondrius,1625,monk,windwalker,48,21,27
Surgarush,moon-guard,1624,monk,windwalker,112,68,44
Plucky,tichondrius,1624,monk,windwalker,37,18,19
Tnsnow,illidan,1623,monk,windwalker,36,21,15
Themanski,area-52,1622,monk,windwalker,52,27,25
Wizcaulifa,stormrage,1620,monk,windwalker,76,43,33
Lavinci,area-52,1620,monk,windwalker,36,17,19
Rajile,sargeras,1619,monk,windwalker,48,24,24
Karelio,wyrmrest-accord,1619,monk,windwalker,48,22,26
Aidenww,illidan,1618,monk,windwalker,24,17,7
Fistyuh,illidan,1618,monk,windwalker,66,38,28
Sonsia,arthas,1618,monk,windwalker,118,67,51
Nuclearpunch,tichondrius,1618,monk,windwalker,84,42,42
Hadoukeñ,thrall,1616,monk,windwalker,41,22,19
Npepper,khadgar,1616,monk,windwalker,130,67,63
Feyalash,stormrage,1616,monk,windwalker,107,50,57
Jbills,muradin,1615,monk,windwalker,71,41,30
Miuss,illidan,1615,monk,windwalker,42,19,23
Euman,sargeras,1613,monk,windwalker,36,21,15
Yacub,tichondrius,1612,monk,windwalker,36,20,16
Xinpa,quelthalas,1612,monk,windwalker,38,19,19
Rennafgc,stormrage,1611,monk,windwalker,48,24,24
Singao,malganis,1611,monk,windwalker,121,59,62
Ascilica,firetree,1610,monk,windwalker,36,23,13
Punchco,senjin,1610,monk,windwalker,42,21,21
Calmpunchman,mannoroth,1610,monk,windwalker,49,22,27
Hím,garrosh,1609,monk,windwalker,87,52,35
Songokusan,thrall,1609,monk,windwalker,36,18,18
Fistnu,aggramar,1608,monk,windwalker,83,49,34
Mattyj,darkspear,1607,monk,windwalker,36,19,17
Yoojimin,kiljaeden,1607,monk,windwalker,36,17,19
Bumbleechi,azralon,1606,monk,windwalker,36,17,19
Toyotatacoma,bleeding-hollow,1605,monk,windwalker,42,27,15
Daeio,burning-legion,1605,monk,windwalker,31,19,12
Izu,senjin,1605,monk,windwalker,36,17,19
Flyingfury,illidan,1604,monk,windwalker,54,25,29
Mannkin,zuluhed,1603,monk,windwalker,50,23,27
Facekandy,tichondrius,1602,monk,windwalker,34,18,16
Vasconha,illidan,1601,monk,windwalker,24,17,7
Hotwatertank,area-52,1601,monk,windwalker,66,36,30
Flattswwjr,tichondrius,1601,monk,windwalker,36,19,17
Pepeloser,illidan,1601,monk,windwalker,48,23,25
Hybrid,stormrage,1600,monk,windwalker,30,20,10
Ronk,the-forgotten-coast,1600,monk,windwalker,30,17,13
Homunculusx,bleeding-hollow,1600,monk,windwalker,42,19,23
Rafên,moon-guard,1600,monk,windwalker,48,19,29
Cpapi,sargeras,1598,monk,windwalker,78,38,40
Windwalker,blackhand,1597,monk,windwalker,35,19,16
Kawasakizph,tichondrius,1595,monk,windwalker,78,42,36
Windmónk,tichondrius,1595,monk,windwalker,180,86,94
Wheresmyjuul,malganis,1594,monk,windwalker,89,41,48
Marcusm,bleeding-hollow,1592,monk,windwalker,33,20,13
Jegann,tichondrius,1591,monk,windwalker,157,79,78
Phistycuffs,bleeding-hollow,1591,monk,windwalker,91,42,49
Fatboí,sargeras,1590,monk,windwalker,57,31,26
Jigong,bleeding-hollow,1590,monk,windwalker,48,25,23
Druta,illidan,1589,monk,windwalker,48,35,13
Ranchy,zuljin,1589,monk,windwalker,183,92,91
Xogum,azralon,1588,monk,windwalker,66,35,31
Mahatmä,dalaran,1587,monk,windwalker,42,18,24
Ehdunno,kelthuzad,1586,monk,windwalker,86,45,41
Kuffy,kelthuzad,1584,monk,windwalker,67,37,30
Peacefulpaco,malganis,1583,monk,windwalker,54,30,24
Reprap,elune,1582,monk,windwalker,58,33,25
Wonderx,darkspear,1579,monk,windwalker,30,20,10
Gøgeta,stormrage,1579,monk,windwalker,173,86,87
Copenfist,black-dragonflight,1578,monk,windwalker,36,21,15
Yogiji,proudmoore,1578,monk,windwalker,48,26,22
Molta,tichondrius,1578,monk,windwalker,42,19,23
Allure,frostmourne,1576,monk,windwalker,68,34,34
Bruhmesoftly,thrall,1575,monk,windwalker,72,39,33
Geekweek,frostmourne,1573,monk,windwalker,54,29,25
Razekahl,wyrmrest-accord,1572,monk,windwalker,58,26,32
Pinot,dragonmaw,1572,monk,windwalker,42,17,25
Bleht,moon-guard,1571,monk,windwalker,84,44,40
Metalmønk,nerzhul,1569,monk,windwalker,60,34,26
Feelsogöod,tichondrius,1568,monk,windwalker,136,76,60
Saucyfists,silvermoon,1568,monk,windwalker,64,32,32
Arunaa,tichondrius,1567,monk,windwalker,30,17,13
Dseebee,thrall,1565,monk,windwalker,30,18,12
Píñg,area-52,1564,monk,windwalker,39,18,21
Ráchez,tichondrius,1559,monk,windwalker,93,54,39
Jerax,thunderlord,1559,monk,windwalker,109,59,50
Drakfu,tichondrius,1558,monk,windwalker,69,39,30
Tifá,tichondrius,1557,monk,windwalker,42,21,21
Udderpunch,barthilas,1556,monk,windwalker,52,23,29
Chongzly,frostmourne,1552,monk,windwalker,90,44,46
Kogoli,frostwolf,1552,monk,windwalker,107,49,58
Allmother,area-52,1552,monk,windwalker,43,19,24
Fistnafurry,tichondrius,1550,monk,windwalker,42,21,21
Yungtoochi,tichondrius,1550,monk,windwalker,84,40,44
Kutz,proudmoore,1547,monk,windwalker,120,61,59
Fornoraisin,thrall,1547,monk,windwalker,60,24,36
Daddyrugburn,area-52,1545,monk,windwalker,190,98,92
Thouther,sargeras,1545,monk,windwalker,42,17,25
Brewbaker,hyjal,1544,monk,windwalker,91,50,41
Chingu,ragnaros,1543,monk,windwalker,123,59,64
Therapeutics,moon-guard,1543,monk,windwalker,102,47,55
Okoh,wyrmrest-accord,1542,monk,windwalker,50,28,22
Xradu,dawnbringer,1540,monk,windwalker,100,56,44
Antiherox,sargeras,1538,monk,windwalker,30,17,13
Meatwrap,mugthol,1537,monk,windwalker,58,28,30
Pånkekz,tichondrius,1536,monk,windwalker,139,73,66
Pokinpooters,stormrage,1536,monk,windwalker,129,65,64
Ökami,tichondrius,1534,monk,windwalker,98,51,47
Hòlygòd,dalaran,1534,monk,windwalker,106,55,51
Paracetamonk,kelthuzad,1534,monk,windwalker,120,56,64
Çraßsßùrgêr,bonechewer,1533,monk,windwalker,24,16,8
Adilm,illidan,1533,monk,windwalker,30,16,14
Veso,tichondrius,1532,monk,windwalker,18,16,2
Gójó,tichondrius,1532,monk,windwalker,59,37,22
Borekkar,emerald-dream,1532,monk,windwalker,52,27,25
Healzpapi,tichondrius,1530,monk,windwalker,120,73,47
Lingerer,aerie-peak,1530,monk,windwalker,135,67,68
Bakedmonk,smolderthorn,1530,monk,windwalker,82,32,50
Tenshu,runetotem,1529,monk,windwalker,54,29,25
Chucksandmk,barthilas,1529,monk,windwalker,80,38,42
Zaabuza,azralon,1528,monk,windwalker,60,39,21
Domiik,ragnaros,1528,monk,windwalker,36,17,19
Zòrrò,area-52,1521,monk,windwalker,24,16,8
Yoshifistsu,malganis,1521,monk,windwalker,54,26,28
Odogin,tichondrius,1520,monk,windwalker,65,42,23
Wind,misha,1520,monk,windwalker,79,50,29
Banyasong,tichondrius,1517,monk,windwalker,124,67,57
Bløødÿ,ragnaros,1516,monk,windwalker,21,17,4
Göllyjee,tichondrius,1515,monk,windwalker,103,45,58
Muritors,ragnaros,1514,monk,windwalker,48,21,27
Swapto,proudmoore,1513,monk,windwalker,30,17,13
Byakugun,wyrmrest-accord,1513,monk,windwalker,191,100,91
Minimonke,moon-guard,1512,monk,windwalker,129,67,62
Alkaholik,stormrage,1512,monk,windwalker,52,24,28
Sockem,arthas,1512,monk,windwalker,36,16,20
Rocketfist,bleeding-hollow,1510,monk,windwalker,114,57,57
Sgarbossa,tortheldrin,1509,monk,windwalker,42,16,26
Arizøna,illidan,1507,monk,windwalker,80,44,36
Hagano,drakkari,1506,monk,windwalker,131,66,65
Rbs,tichondrius,1505,monk,windwalker,234,116,118
Jagichan,area-52,1504,monk,windwalker,52,28,24
Napoleonic,vashj,1502,monk,windwalker,42,25,17
Beverage,frostmourne,1502,monk,windwalker,57,28,29
Varn,frostmourne,1500,monk,windwalker,95,46,49
Yeawe,tichondrius,1499,monk,windwalker,36,19,17
Ugrak,chogall,1498,monk,windwalker,30,17,13
Punchiboi,thrall,1498,monk,windwalker,48,27,21
Captnmurphy,tichondrius,1498,monk,windwalker,29,16,13
Currycooker,tichondrius,1498,monk,windwalker,49,22,27
Xunzao,emerald-dream,1497,monk,windwalker,30,16,14
Deezfist,illidan,1497,monk,windwalker,42,19,23
Tigerstrikes,sargeras,1494,monk,windwalker,30,19,11
Raninn,bleeding-hollow,1494,monk,windwalker,40,19,21
Ashzen,azralon,1494,monk,windwalker,49,20,29
Monkings,tichondrius,1491,monk,windwalker,71,33,38
Raskalnikov,kelthuzad,1491,monk,windwalker,48,22,26
Katsübooy,azralon,1488,monk,windwalker,340,174,166
Simonb,tichondrius,1487,monk,windwalker,54,24,30
Rockemsockem,gorefiend,1485,monk,windwalker,90,48,42
Astteell,proudmoore,1484,monk,windwalker,45,18,27
Kiulang,kelthuzad,1483,monk,windwalker,93,44,49
Yamoshì,stormrage,1482,monk,windwalker,54,30,24
Showshoway,tichondrius,1482,monk,windwalker,210,103,107
Jdkick,sargeras,1482,monk,windwalker,42,16,26
Aubiemonk,malygos,1479,monk,windwalker,30,16,14
Dabzin,stormrage,1479,monk,windwalker,106,55,51
Giatzo,barthilas,1478,monk,windwalker,92,52,40
Omimonk,sargeras,1475,monk,windwalker,43,25,18
Sivedrafely,arthas,1475,monk,windwalker,60,30,30
Stendari,moon-guard,1475,monk,windwalker,48,17,31
Fmbbasedgód,tichondrius,1471,monk,windwalker,53,24,29
Atengie,stormrage,1469,monk,windwalker,36,18,18
Odi,stonemaul,1469,monk,windwalker,124,58,66
Ohgiddyttv,dalaran,1468,monk,windwalker,83,43,40
Funji,skullcrusher,1466,monk,windwalker,74,39,35
ßlesséd,tichondrius,1465,monk,windwalker,85,36,49
Butjaum,stormrage,1464,monk,windwalker,70,34,36
Saiyajinsoul,ragnaros,1460,monk,windwalker,76,39,37
Tyroneßanks,stormrage,1457,monk,windwalker,36,20,16
Mastahp,tichondrius,1457,monk,windwalker,42,23,19
Wenisdeep,frostmourne,1457,monk,windwalker,100,48,52
Grimpossible,malganis,1455,monk,windwalker,94,46,48
Killmachine,farstriders,1453,monk,windwalker,348,173,175
Opmother,elune,1452,monk,windwalker,83,50,33
Senseî,altar-of-storms,1451,monk,windwalker,96,44,52
Callae,dreadmaul,1449,monk,windwalker,66,34,32
Pepepunch,bleeding-hollow,1449,monk,windwalker,66,28,38
Gún,ragnaros,1448,monk,windwalker,111,57,54
Drunkmaster,frostmourne,1447,monk,windwalker,30,17,13
Lickthefist,sargeras,1445,monk,windwalker,24,16,8
Shishosenin,quelthalas,1444,monk,windwalker,262,127,135
Chingwang,frostmourne,1443,monk,windwalker,71,41,30
Wüsok,thrall,1435,monk,windwalker,30,15,15
Aizu,ragnaros,1435,monk,windwalker,30,15,15
Gesir,tichondrius,1434,monk,windwalker,85,39,46
Rocketfrogg,bleeding-hollow,1434,monk,windwalker,36,15,21
Ahrk,emerald-dream,1434,monk,windwalker,78,30,48
Chigang,deathwing,1433,monk,windwalker,67,37,30
Fistys,area-52,1433,monk,windwalker,117,60,57
Soprà,zuljin,1433,monk,windwalker,30,15,15
Bhodie,zuljin,1431,monk,windwalker,86,38,48
Eçua,tichondrius,1429,monk,windwalker,25,15,10
Maziyen,thunderlord,1429,monk,windwalker,42,16,26
Kaize,sargeras,1427,monk,windwalker,24,15,9
Sleýin,tichondrius,1426,monk,windwalker,285,146,139
Norrischucks,sargeras,1425,monk,windwalker,36,25,11
Merçeÿ,tichondrius,1425,monk,windwalker,30,17,13
Igetbar,barthilas,1422,monk,windwalker,22,16,6
Neonette,emerald-dream,1422,monk,windwalker,30,15,15
One,zuluhed,1421,monk,windwalker,30,15,15
Asaltofsorts,tichondrius,1414,monk,windwalker,62,34,28
Alêxander,boulderfist,1413,monk,windwalker,30,15,15
Dazzler,ragnaros,1412,monk,windwalker,89,46,43
Tianhu,sargeras,1411,monk,windwalker,135,73,62
Whizz,frostmane,1408,monk,windwalker,37,17,20
Scabie,illidan,1406,monk,windwalker,62,32,30
Pagtuk,daggerspine,1406,monk,windwalker,36,16,20
Smoothboxing,tichondrius,1405,monk,windwalker,122,68,54
Sarious,lightbringer,1405,monk,windwalker,379,198,181
Chihad,stormrage,1404,monk,windwalker,60,36,24
Æeeæ,hakkar,1403,monk,windwalker,22,18,4
Reeperfist,area-52,1403,monk,windwalker,20,16,4
Sodamint,sargeras,1403,monk,windwalker,44,16,28
Daslow,quelthalas,1402,monk,windwalker,174,89,85
Tassmonk,hyjal,1401,monk,windwalker,48,23,25
Creonus,proudmoore,1400,monk,windwalker,56,24,32
Bradyfour,moon-guard,1399,monk,windwalker,95,49,46
Kómugi,area-52,1398,monk,windwalker,185,92,93
Samaelsin,emerald-dream,1397,monk,windwalker,54,27,27
Rowenoa,tichondrius,1396,monk,windwalker,54,26,28
Fanetö,stormrage,1395,monk,windwalker,66,27,39
Milkychi,frostmourne,1392,monk,windwalker,40,15,25
Goonkeg,frostmourne,1391,monk,windwalker,36,17,19
Skippa,emerald-dream,1390,monk,windwalker,66,35,31
Jimothydab,lightbringer,1390,monk,windwalker,29,15,14
Onepunchman,quelthalas,1389,monk,windwalker,51,19,32
Versuri,azralon,1387,monk,windwalker,117,60,57
Screwballz,blackrock,1386,monk,windwalker,173,83,90
Shlumpuh,tichondrius,1385,monk,windwalker,42,18,24
Chuchinga,tichondrius,1384,monk,windwalker,102,48,54
Trapeez,kelthuzad,1383,monk,windwalker,70,40,30
Kawasakii,tichondrius,1382,monk,windwalker,166,83,83
Niked,tichondrius,1379,monk,windwalker,36,15,21
Nject,malganis,1376,monk,windwalker,131,72,59
Idonthustle,area-52,1376,monk,windwalker,54,24,30
Wartenja,frostmourne,1375,monk,windwalker,114,51,63
Eavale,destromath,1371,monk,windwalker,121,61,60
Qinara,kelthuzad,1366,monk,windwalker,84,38,46
Varekaî,frostmourne,1365,monk,windwalker,62,32,30
Spottedgar,area-52,1365,monk,windwalker,43,22,21
Trapwalker,area-52,1360,monk,windwalker,51,18,33
Headsmasher,wyrmrest-accord,1359,monk,windwalker,113,51,62
Novoctek,quelthalas,1358,monk,windwalker,40,16,24
Arshavin,skullcrusher,1357,monk,windwalker,54,26,28
Resolver,stormscale,1355,monk,windwalker,58,31,27
Xiaowën,nemesis,1354,monk,windwalker,69,36,33
Bigxthaplug,moon-guard,1354,monk,windwalker,42,19,23
Kriticalkush,kelthuzad,1353,monk,windwalker,24,17,7
Grocerymonk,malganis,1353,monk,windwalker,34,15,19
Shocclol,stormrage,1351,monk,windwalker,43,26,17
Tert,aerie-peak,1351,monk,windwalker,60,29,31
Owned,dreadmaul,1349,monk,windwalker,36,23,13
Kungfusacks,sargeras,1346,monk,windwalker,24,16,8
Tacofox,tichondrius,1346,monk,windwalker,137,65,72
Sultanofwind,malganis,1344,monk,windwalker,24,14,10
Saks,ragnaros,1344,monk,windwalker,48,21,27
Vetting,stormrage,1343,monk,windwalker,24,14,10
Zuì,sargeras,1342,monk,windwalker,24,14,10
Bluntdoctor,stormreaver,1342,monk,windwalker,78,30,48
Finesse,frostwolf,1341,monk,windwalker,24,16,8
Dakenprime,tichondrius,1340,monk,windwalker,82,40,42
Dkdakìng,stormrage,1339,monk,windwalker,24,14,10
Kungfüsed,stormrage,1339,monk,windwalker,84,44,40
Tingum,kelthuzad,1337,monk,windwalker,34,15,19
Büster,tichondrius,1334,monk,windwalker,24,14,10
Daewoolanos,dalaran,1334,monk,windwalker,87,36,51
Poem,grizzly-hills,1333,monk,windwalker,18,14,4
Oyyo,tichondrius,1332,monk,windwalker,24,14,10
Siddharthä,barthilas,1332,monk,windwalker,58,33,25
Monkfy,moon-guard,1330,monk,windwalker,23,14,9
Gelgameks,eredar,1329,monk,windwalker,36,14,22
Delorenzi,hellscream,1328,monk,windwalker,30,15,15
Yeji,altar-of-storms,1326,monk,windwalker,24,14,10
Tino,kelthuzad,1325,monk,windwalker,78,42,36
Saltystepbro,illidan,1323,monk,windwalker,24,14,10
Wutangkillaß,kiljaeden,1322,monk,windwalker,54,23,31
Chopsake,khadgar,1318,monk,windwalker,96,53,43
Monksoon,tichondrius,1317,monk,windwalker,24,14,10
Kristiana,aegwynn,1316,monk,windwalker,24,14,10
Astrofu,tichondrius,1316,monk,windwalker,88,36,52
Jajabelugeng,tichondrius,1315,monk,windwalker,24,14,10
Shianjuo,ragnaros,1315,monk,windwalker,48,21,27
Kapoerista,azralon,1314,monk,windwalker,24,14,10
Brewmaker,sargeras,1314,monk,windwalker,81,37,44
Londobell,frostmourne,1311,monk,windwalker,43,23,20
Acharä,tichondrius,1305,monk,windwalker,36,20,16
Madbuffz,nemesis,1304,monk,windwalker,72,32,40
Twïst,tichondrius,1303,monk,windwalker,18,14,4
Owenxdd,stormrage,1299,monk,windwalker,62,33,29
Xøxo,trollbane,1299,monk,windwalker,48,22,26
Weewalker,wyrmrest-accord,1298,monk,windwalker,51,27,24
Legsweeps,tichondrius,1298,monk,windwalker,36,15,21
Razielic,frostmourne,1295,monk,windwalker,84,41,43
Fatuix,sargeras,1295,monk,windwalker,86,36,50
Dodried,ragnaros,1290,monk,windwalker,52,24,28
Yrn,crushridge,1287,monk,windwalker,60,32,28
Zakaza,kelthuzad,1286,monk,windwalker,42,19,23
Marstol,bleeding-hollow,1283,monk,windwalker,83,49,34
Highku,drenden,1282,monk,windwalker,30,17,13
Chaipie,kelthuzad,1278,monk,windwalker,23,14,9
Ghaelessi,senjin,1278,monk,windwalker,83,43,40
Astralsurfer,tichondrius,1276,monk,windwalker,42,22,20
Rufaso,sargeras,1273,monk,windwalker,96,48,48
Jacquelline,moon-guard,1271,monk,windwalker,42,21,21
Hitchslapz,tichondrius,1271,monk,windwalker,30,15,15
Garmakasmonk,skullcrusher,1269,monk,windwalker,46,22,24
Rugalmaster,stormrage,1266,monk,windwalker,24,14,10
Convectuoso,illidan,1264,monk,windwalker,27,15,12
Weezzyboi,tichondrius,1263,monk,windwalker,42,22,20
Natus,greymane,1262,monk,windwalker,36,18,18
Anarska,thrall,1260,monk,windwalker,120,57,63
Kungxxl,kiljaeden,1257,monk,windwalker,131,63,68
Eîr,emerald-dream,1257,monk,windwalker,32,14,18
Murder,magtheridon,1256,monk,windwalker,43,21,22
Renrukie,frostmourne,1256,monk,windwalker,30,14,16
Metios,aggramar,1256,monk,windwalker,70,32,38
Supremekick,frostmourne,1254,monk,windwalker,43,27,16
Pangpoong,tichondrius,1249,monk,windwalker,99,44,55
Leehofook,azshara,1248,monk,windwalker,143,72,71
ßájkà,area-52,1247,monk,windwalker,30,13,17
Baconbiscuit,area-52,1247,monk,windwalker,30,13,17
Prostotak,area-52,1246,monk,windwalker,18,13,5
Pamii,quelthalas,1246,monk,windwalker,36,13,23
Båshkin,terenas,1245,monk,windwalker,42,19,23
Rskmedaddy,tichondrius,1244,monk,windwalker,18,13,5
Hèàvy,stormrage,1244,monk,windwalker,24,13,11
Skymonge,stormrage,1244,monk,windwalker,134,60,74
Amphíon,kelthuzad,1244,monk,windwalker,30,13,17
Bükki,ragnaros,1243,monk,windwalker,18,13,5
Bowlbreak,sargeras,1243,monk,windwalker,36,20,16
Winney,frostmourne,1241,monk,windwalker,21,14,7
Prickhead,sargeras,1241,monk,windwalker,21,14,7
Xinghao,tichondrius,1240,monk,windwalker,30,13,17
Slapcîty,zuljin,1238,monk,windwalker,30,13,17
Honkbazz,illidan,1238,monk,windwalker,30,13,17
Wwmonks,sargeras,1237,monk,windwalker,30,19,11
Tipcat,wyrmrest-accord,1235,monk,windwalker,21,14,7
Blumpfu,thrall,1235,monk,windwalker,24,13,11
Ilvory,tichondrius,1235,monk,windwalker,30,13,17
Felgolos,azralon,1232,monk,windwalker,27,17,10
Zettelkasten,tichondrius,1232,monk,windwalker,72,35,37
Ipnam,kelthuzad,1231,monk,windwalker,22,14,8
Starymww,tichondrius,1230,monk,windwalker,24,13,11
Ruckm,stormrage,1225,monk,windwalker,24,13,11
Daddyoogway,sargeras,1225,monk,windwalker,30,14,16
Gorton,lightbringer,1222,monk,windwalker,30,16,14
Turbodyne,tichondrius,1221,monk,windwalker,30,13,17
Karatay,tichondrius,1218,monk,windwalker,18,13,5
Gentlefists,sargeras,1218,monk,windwalker,30,14,16
Bonflur,quelthalas,1216,monk,windwalker,426,217,209
Rasta,ragnaros,1211,monk,windwalker,30,17,13
Infest,azralon,1207,monk,windwalker,84,43,41
Keys,earthen-ring,1207,monk,windwalker,29,14,15
Ofn,moon-guard,1202,monk,windwalker,96,45,51
Dbrady,thrall,1202,monk,windwalker,36,15,21
Selfless,gilneas,1201,monk,windwalker,24,13,11
Xéia,area-52,1201,monk,windwalker,60,23,37
Obiiwan,tichondrius,1196,monk,windwalker,102,42,60
Threnz,magtheridon,1195,monk,windwalker,36,13,23
Honeyjaem,tichondrius,1193,monk,windwalker,29,14,15
Xxvbamm,thrall,1193,monk,windwalker,29,13,16
Stickyloads,illidan,1190,monk,windwalker,78,35,43
Mcnipple,moonrunner,1189,monk,windwalker,24,14,10
Kïri,wyrmrest-accord,1181,monk,windwalker,27,15,12
Slapstun,barthilas,1176,monk,windwalker,83,31,52
Hinakii,dalaran,1175,monk,windwalker,144,62,82
Sleepÿ,area-52,1171,monk,windwalker,84,34,50
Zenkin,caelestrasz,1169,monk,windwalker,36,19,17
Milktank,medivh,1167,monk,windwalker,69,40,29
Mommysalamii,moon-guard,1167,monk,windwalker,25,13,12
Angerday,illidan,1166,monk,windwalker,36,14,22
Spinning,nagrand,1161,monk,windwalker,36,13,23
Sedition,emerald-dream,1157,monk,windwalker,125,59,66
Kandinarra,jubeithos,1156,monk,windwalker,58,31,27
Sahhalea,sargeras,1153,monk,windwalker,56,25,31
Linkya,daggerspine,1152,monk,windwalker,22,14,8
Xedou,azralon,1151,monk,windwalker,18,12,6
Badvisto,dalaran,1151,monk,windwalker,18,12,6
Rafyww,tichondrius,1151,monk,windwalker,24,12,12
Lalpu,tichondrius,1151,monk,windwalker,30,12,18
Mcbluffin,onyxia,1150,monk,windwalker,18,12,6
Hulkapro,azralon,1150,monk,windwalker,51,30,21
Pikotaro,tichondrius,1150,monk,windwalker,24,12,12
Lexivixi,khazgoroth,1148,monk,windwalker,173,87,86
Bigfel,nazjatar,1148,monk,windwalker,24,12,12
Boxxzer,kelthuzad,1147,monk,windwalker,18,12,6
Lümpz,tichondrius,1147,monk,windwalker,24,12,12
Dobsy,bleeding-hollow,1147,monk,windwalker,24,12,12
Gurda,wyrmrest-accord,1147,monk,windwalker,125,60,65
Tigerwoo,tichondrius,1147,monk,windwalker,30,12,18
Misery,stormscale,1146,monk,windwalker,23,15,8
Ftxyolo,azralon,1146,monk,windwalker,24,12,12
Omashu,nemesis,1145,monk,windwalker,24,12,12
Matins,tichondrius,1144,monk,windwalker,18,12,6
Rodign,hyjal,1144,monk,windwalker,24,12,12
Toughmonk,tichondrius,1143,monk,windwalker,30,12,18
Mechabre,stormrage,1140,monk,windwalker,18,12,6
Acindian,malganis,1140,monk,windwalker,36,18,18
Drektarz,area-52,1137,monk,windwalker,152,74,78
Shinjiki,tichondrius,1134,monk,windwalker,29,12,17
Kfpeeves,sargeras,1133,monk,windwalker,48,24,24
Duwhack,wyrmrest-accord,1133,monk,windwalker,30,12,18
Çhëèch,tichondrius,1133,monk,windwalker,71,27,44
Boldyr,sargeras,1128,monk,windwalker,24,12,12
Iamanangel,illidan,1127,monk,windwalker,30,20,10
Dekù,ragnaros,1125,monk,windwalker,18,12,6
Deadlyfist,stormrage,1123,monk,windwalker,59,26,33
Stigzz,stormrage,1118,monk,windwalker,23,12,11
Abboo,hyjal,1116,monk,windwalker,30,16,14
Broxxenidas,quelthalas,1116,monk,windwalker,23,12,11
Vetism,thrall,1113,monk,windwalker,22,12,10
Imonkalot,destromath,1111,monk,windwalker,55,23,32
Lyfegiver,blackrock,1110,monk,windwalker,20,13,7
Loadedfries,frostmourne,1110,monk,windwalker,24,12,12
Silvopanda,azralon,1108,monk,windwalker,161,79,82
Fitmonje,drakkari,1108,monk,windwalker,28,13,15
Nika,chogall,1105,monk,windwalker,48,19,29
Anavara,drakkari,1104,monk,windwalker,72,34,38
Monkii,bonechewer,1103,monk,windwalker,36,21,15
Scoobfly,illidan,1099,monk,windwalker,23,12,11
Habana,stormreaver,1095,monk,windwalker,60,21,39
Pandalex,draenor,1092,monk,windwalker,54,27,27
Ogre,the-venture-co,1092,monk,windwalker,30,15,15
Jinpo,lightninghoof,1089,monk,windwalker,72,37,35
Spacefolk,quelthalas,1089,monk,windwalker,29,14,15
Moopdahoop,stormrage,1088,monk,windwalker,146,75,71
Merand,tichondrius,1088,monk,windwalker,30,12,18
Hêrsh,frostmourne,1087,monk,windwalker,35,14,21
Vokarhi,whisperwind,1082,monk,windwalker,24,15,9
Lööpér,tichondrius,1081,monk,windwalker,24,13,11
Ojiin,wyrmrest-accord,1079,monk,windwalker,24,13,11
Hellcow,frostmourne,1071,monk,windwalker,22,12,10
Blackychan,scilla,1070,monk,windwalker,54,24,30
Tokyozesty,area-52,1056,monk,windwalker,18,11,7
Rhyskrispiez,sargeras,1056,monk,windwalker,18,11,7
Froshizzle,tichondrius,1056,monk,windwalker,18,11,7
Hate,korialstrasz,1055,monk,windwalker,18,11,7
Whitepandax,tichondrius,1055,monk,windwalker,18,11,7
Abenobashi,malganis,1055,monk,windwalker,18,11,7
Redami,gnomeregan,1055,monk,windwalker,24,11,13
Monkamax,tichondrius,1054,monk,windwalker,18,11,7
Powerfisterr,stormrage,1054,monk,windwalker,18,11,7
Bootowsky,zuljin,1054,monk,windwalker,18,11,7
Bangtanboy,tichondrius,1053,monk,windwalker,18,11,7
Zenpachi,hyjal,1053,monk,windwalker,27,11,16
Wimdrewk,quelthalas,1053,monk,windwalker,39,12,27
Zenkam,ragnaros,1052,monk,windwalker,30,11,19
Hira,zuljin,1052,monk,windwalker,30,11,19
Lotusdream,argent-dawn,1051,monk,windwalker,23,11,12
Suntzuvius,tichondrius,1050,monk,windwalker,24,11,13
Whtnyhuston,sargeras,1049,monk,windwalker,24,11,13
Chowlaos,coilfang,1048,monk,windwalker,18,11,7
Hozoin,tichondrius,1048,monk,windwalker,24,14,10
Mapaly,ragnaros,1048,monk,windwalker,24,11,13
Solafyde,aerie-peak,1046,monk,windwalker,22,12,10
Bingqilinn,sargeras,1045,monk,windwalker,18,11,7
Miyage,emerald-dream,1045,monk,windwalker,54,31,23
Caulífla,barthilas,1045,monk,windwalker,24,11,13
Chaosrose,area-52,1044,monk,windwalker,18,11,7
Aedale,emerald-dream,1044,monk,windwalker,45,23,22
Tremonk,kelthuzad,1043,monk,windwalker,18,11,7
Tsubal,mugthol,1042,monk,windwalker,18,11,7
Nutcrakerz,tichondrius,1038,monk,windwalker,36,22,14
Tobearus,stormscale,1038,monk,windwalker,35,18,17
Jnx,emerald-dream,1038,monk,windwalker,24,11,13
Romeonjuliet,tichondrius,1038,monk,windwalker,24,11,13
Dynamo,blackrock,1036,monk,windwalker,30,11,19
Kungfused,frostmourne,1035,monk,windwalker,30,11,19
Liw,quelthalas,1028,monk,windwalker,39,14,25
Hylithia,proudmoore,1023,monk,windwalker,37,20,17
Steenkk,tichondrius,1023,monk,windwalker,24,11,13
Gnomesweeper,sargeras,1022,monk,windwalker,14,12,2
Jish,bleeding-hollow,1022,monk,windwalker,36,17,19
Stellae,emerald-dream,1021,monk,windwalker,23,11,12
Åsurã,stormrage,1021,monk,windwalker,34,11,23
Averagewang,sargeras,1020,monk,windwalker,61,32,29
Leafondawind,boulderfist,1020,monk,windwalker,29,11,18
Tzidkiyahu,barthilas,1018,monk,windwalker,28,16,12
Sébástián,drakkari,1018,monk,windwalker,82,43,39
Rosarìolover,stormrage,1008,monk,windwalker,36,18,18
Bakicaa,dalaran,1005,monk,windwalker,17,11,6
Natintell,drakkari,999,monk,windwalker,89,41,48
Brewzllee,tichondrius,998,monk,windwalker,78,40,38
Hairybadger,destromath,994,monk,windwalker,40,22,18
Thedeäd,stormrage,993,monk,windwalker,60,24,36
Romeoe,muradin,992,monk,windwalker,30,11,19
Fatde,daggerspine,991,monk,windwalker,47,27,20
Quanon,stormreaver,990,monk,windwalker,42,16,26
Onepunch,exodar,986,monk,windwalker,20,11,9
Traxshin,kelthuzad,982,monk,windwalker,30,12,18
Rollsroycist,trollbane,980,monk,windwalker,85,45,40
Kush,dalvengyr,971,monk,windwalker,39,18,21
Sandii,azralon,963,monk,windwalker,135,68,67
Shadmtwo,tichondrius,960,monk,windwalker,12,10,2
Ðilara,area-52,960,monk,windwalker,12,10,2
Glad,tichondrius,960,monk,windwalker,12,10,2
Aýre,ravencrest,960,monk,windwalker,12,10,2
Fettywhopper,kaelthas,960,monk,windwalker,12,10,2
Afrosamurai,thrall,960,monk,windwalker,18,10,8
Tribunez,stormrage,960,monk,windwalker,18,10,8
Zoomerxd,stormrage,960,monk,windwalker,18,10,8
Dublefist,draktharon,960,monk,windwalker,18,10,8
Gothamonk,tichondrius,960,monk,windwalker,18,10,8
Mynamegeorge,area-52,960,monk,windwalker,58,27,31
Hitt,barthilas,960,monk,windwalker,24,10,14
Kinkykyle,emerald-dream,960,monk,windwalker,24,10,14
Ked,ragnaros,960,monk,windwalker,30,10,20
Tazermw,sargeras,959,monk,windwalker,12,10,2
Goldfornudez,area-52,959,monk,windwalker,18,10,8
Undertickle,illidan,959,monk,windwalker,18,10,8
Iol,whisperwind,959,monk,windwalker,18,10,8
Neejitsu,malganis,959,monk,windwalker,18,10,8
Birean,area-52,959,monk,windwalker,24,10,14
Kalsaa,illidan,959,monk,windwalker,24,10,14
Iraww,thrall,959,monk,windwalker,24,10,14
Apølon,azralon,958,monk,windwalker,18,10,8
Orurmine,kiljaeden,958,monk,windwalker,18,10,8
Zunfu,tichondrius,958,monk,windwalker,18,10,8
Omoplàta,illidan,958,monk,windwalker,18,10,8
Thiccdih,area-52,958,monk,windwalker,24,10,14
Sxywind,azgalor,957,monk,windwalker,18,10,8
Frânkdux,tichondrius,957,monk,windwalker,18,10,8
Mônkdunk,daggerspine,957,monk,windwalker,18,10,8
Mcwallets,moon-guard,957,monk,windwalker,150,70,80
Memonk,ysera,957,monk,windwalker,24,10,14
Avz,azralon,957,monk,windwalker,24,10,14
Vuadeira,azralon,957,monk,windwalker,30,10,20
Skyvaan,barthilas,956,monk,windwalker,18,10,8
Ezpzmonk,bloodscalp,956,monk,windwalker,21,11,10
Dangodxz,quelthalas,955,monk,windwalker,22,11,11
Thalreyzian,vashj,954,monk,windwalker,24,10,14
Oobinkey,tichondrius,954,monk,windwalker,24,10,14
Megatraun,tichondrius,953,monk,windwalker,18,10,8
Alcaquito,goldrinn,950,monk,windwalker,18,10,8
Hehex,bleeding-hollow,943,monk,windwalker,23,10,13
Madmint,illidan,941,monk,windwalker,23,11,12
Ryucko,azralon,933,monk,windwalker,18,10,8
Hyun,stormrage,931,monk,windwalker,18,10,8
Nedpanders,nagrand,930,monk,windwalker,18,11,7
Thäiländiä,bleeding-hollow,928,monk,windwalker,36,20,16
Clytpuncher,emerald-dream,926,monk,windwalker,23,10,13
Bigmoli,quelthalas,925,monk,windwalker,16,11,5
Scarlos,tichondrius,915,monk,windwalker,213,102,111
Poanda,illidan,912,monk,windwalker,25,13,12
Iarw,tichondrius,906,monk,windwalker,24,11,13
Sickl,blood-furnace,895,monk,windwalker,107,45,62
Ipmán,moon-guard,892,monk,windwalker,41,18,23
Veganbacon,mannoroth,875,monk,windwalker,14,10,4
Thekilla,aegwynn,874,monk,windwalker,30,13,17
Gucchimane,illidan,864,monk,windwalker,12,9,3
Wwrizz,frostmane,864,monk,windwalker,12,9,3
Poormanx,illidan,864,monk,windwalker,12,9,3
Choibaedal,tichondrius,864,monk,windwalker,12,9,3
Loenius,wyrmrest-accord,864,monk,windwalker,12,9,3
Hitman,thrall,864,monk,windwalker,18,9,9
Brüce,ragnaros,864,monk,windwalker,18,9,9
Garofalo,tichondrius,864,monk,windwalker,18,9,9
Jaige,illidan,864,monk,windwalker,18,9,9
Chiang,chogall,864,monk,windwalker,24,9,15
Tmjojo,tichondrius,864,monk,windwalker,24,9,15
Arkypoo,drakkari,864,monk,windwalker,24,9,15
Selfîe,ysera,863,monk,windwalker,12,9,3
Danksweaver,malganis,863,monk,windwalker,12,9,3
Aligned,zuljin,863,monk,windwalker,12,9,3
Epî,tichondrius,863,monk,windwalker,18,9,9
Tomatosaucin,area-52,863,monk,windwalker,18,9,9
Röllup,area-52,863,monk,windwalker,18,9,9
Crakgirl,malganis,863,monk,windwalker,18,9,9
Kahpital,azralon,863,monk,windwalker,18,9,9
Helicopter,borean-tundra,863,monk,windwalker,18,9,9
Stepsista,sargeras,863,monk,windwalker,18,9,9
Vandamme,durotan,863,monk,windwalker,18,9,9
Azzmane,bronzebeard,863,monk,windwalker,18,9,9
Inko,ragnaros,863,monk,windwalker,24,9,15
Vova,bleeding-hollow,863,monk,windwalker,27,9,18
Somethingre,sargeras,862,monk,windwalker,12,9,3
Fearrae,sargeras,862,monk,windwalker,12,9,3
Punchkingx,tichondrius,862,monk,windwalker,18,9,9
Kaishya,emerald-dream,861,monk,windwalker,12,9,3
Kentodne,stormrage,861,monk,windwalker,18,9,9
Zackesé,area-52,861,monk,windwalker,30,9,21
Pandagendon,quelthalas,860,monk,windwalker,12,9,3
Arimonk,mannoroth,860,monk,windwalker,18,9,9
Ryútt,illidan,860,monk,windwalker,24,9,15
Xuen,gurubashi,860,monk,windwalker,24,9,15
Anatomyx,kelthuzad,858,monk,windwalker,18,9,9
Kajjou,illidan,858,monk,windwalker,26,9,17
Søuei,skullcrusher,857,monk,windwalker,18,9,9
Acena,stormrage,856,monk,windwalker,24,9,15
Pastarasta,malganis,854,monk,windwalker,18,10,8
Honghong,kargath,846,monk,windwalker,23,10,13
Chugs,malorne,840,monk,windwalker,30,9,21
Agroétudo,azralon,838,monk,windwalker,18,9,9
Deathgoku,norgannon,831,monk,windwalker,23,9,14
Phuumyn,llane,829,monk,windwalker,17,9,8
Knuckbutter,sargeras,824,monk,windwalker,33,11,22
Nobmaster,garrosh,815,monk,windwalker,22,9,13
Lxg,emerald-dream,814,monk,windwalker,23,9,14
Lolqtxd,sargeras,810,monk,windwalker,26,10,16
Plotting,tichondrius,809,monk,windwalker,19,10,9
Cráne,duskwood,797,monk,windwalker,14,9,5
Tulalong,area-52,797,monk,windwalker,20,9,11
Skoi,moon-guard,796,monk,windwalker,14,9,5
Yeonguo,drakthul,795,monk,windwalker,16,9,7
Rykouu,area-52,784,monk,windwalker,19,9,10
Shnooze,barthilas,783,monk,windwalker,146,64,82
Khungfeu,area-52,768,monk,windwalker,12,8,4
Kungpaochicn,tichondrius,768,monk,windwalker,12,8,4
Kkonaman,illidan,768,monk,windwalker,12,8,4
Youngnudy,sargeras,768,monk,windwalker,12,8,4
Weezym,illidan,768,monk,windwalker,12,8,4
Twichyling,tichondrius,768,monk,windwalker,12,8,4
Jamaldamort,sargeras,768,monk,windwalker,12,8,4
Awfulww,tichondrius,768,monk,windwalker,12,8,4
Involve,tichondrius,768,monk,windwalker,12,8,4
Kambrielx,zuljin,768,monk,windwalker,12,8,4
Kfchi,tichondrius,768,monk,windwalker,16,9,7
Richywayne,bleeding-hollow,768,monk,windwalker,18,8,10
Stepfistz,aegwynn,768,monk,windwalker,18,8,10
Fenghou,tichondrius,768,monk,windwalker,18,8,10
Güwop,tichondrius,768,monk,windwalker,18,8,10
Taggz,thunderlord,768,monk,windwalker,18,8,10
Gnomepuncher,dalaran,768,monk,windwalker,18,8,10
Akumuh,area-52,768,monk,windwalker,18,8,10
Slimcognito,zuljin,768,monk,windwalker,18,8,10
Goonsy,tichondrius,768,monk,windwalker,18,8,10
Rerolled,moon-guard,768,monk,windwalker,18,8,10
Skela,emerald-dream,768,monk,windwalker,18,8,10
Ballok,bleeding-hollow,768,monk,windwalker,18,8,10
Leegueen,tichondrius,768,monk,windwalker,18,8,10
Ludenz,emerald-dream,768,monk,windwalker,18,8,10
Röllö,tichondrius,768,monk,windwalker,21,9,12
Glazillin,tichondrius,768,monk,windwalker,20,8,12
Monke,onyxia,768,monk,windwalker,24,8,16
Stevezee,barthilas,768,monk,windwalker,24,8,16
Blackìce,sargeras,768,monk,windwalker,24,8,16
Shinobiww,area-52,768,monk,windwalker,24,8,16
Bvndio,ragnaros,768,monk,windwalker,24,8,16
Raikou,frostmourne,767,monk,windwalker,12,8,4
Falconpaunch,bleeding-hollow,767,monk,windwalker,12,8,4
Tews,quelthalas,767,monk,windwalker,12,8,4
Fumoo,sargeras,767,monk,windwalker,16,9,7
Suspicious,malfurion,767,monk,windwalker,18,8,10
Zukki,zuljin,767,monk,windwalker,18,8,10
Akrethar,medivh,767,monk,windwalker,18,8,10
Biggyballs,tichondrius,767,monk,windwalker,18,8,10
Supernam,sargeras,767,monk,windwalker,18,8,10
Miresa,kelthuzad,767,monk,windwalker,18,8,10
Aydowon,illidan,767,monk,windwalker,18,8,10
Pipochen,ragnaros,767,monk,windwalker,18,8,10
Faashbae,illidan,767,monk,windwalker,18,8,10
Silkzy,frostwolf,767,monk,windwalker,24,8,16
Luckystrike,area-52,767,monk,windwalker,24,8,16
Nf,zuljin,766,monk,windwalker,12,8,4
Yoshimotto,area-52,766,monk,windwalker,12,8,4
Limptriscuít,tichondrius,766,monk,windwalker,12,8,4
Pikx,frostmourne,766,monk,windwalker,18,8,10
Kickkick,burning-blade,766,monk,windwalker,18,8,10
Ragraxx,quelthalas,766,monk,windwalker,18,8,10
Jackboi,the-underbog,765,monk,windwalker,24,8,16
Jãe,stormrage,764,monk,windwalker,24,8,16
Oz,vashj,763,monk,windwalker,12,8,4
Extinctión,stormscale,762,monk,windwalker,12,8,4
Sprinkli,sargeras,761,monk,windwalker,24,8,16
Kilabit,azshara,756,monk,windwalker,44,19,25
Kylièjenner,gilneas,755,monk,windwalker,18,8,10
Firstfire,stormrage,753,monk,windwalker,18,8,10
Wodinswolf,sargeras,749,monk,windwalker,18,8,10
Hontaruk,ragnaros,749,monk,windwalker,29,8,21
Yosisoy,zuljin,747,monk,windwalker,17,8,9
Shinjaru,area-52,735,monk,windwalker,22,8,14
Habanèro,tichondrius,734,monk,windwalker,17,8,9
Sunraa,zuljin,713,monk,windwalker,20,9,11
Kurha,queldorei,690,monk,windwalker,24,8,16
Monkeymonkey,dathremar,687,monk,windwalker,11,8,3
Incaustik,ragnaros,672,monk,windwalker,12,7,5
Strokahontas,stormreaver,672,monk,windwalker,12,7,5
Chipmonk,lightnings-blade,672,monk,windwalker,12,7,5
Ristion,moon-guard,672,monk,windwalker,12,7,5
Shry,kiljaeden,672,monk,windwalker,12,7,5
Dragonwhirl,stormrage,672,monk,windwalker,12,7,5
Kyzen,trollbane,672,monk,windwalker,12,7,5
Vp,bleeding-hollow,672,monk,windwalker,12,7,5
Ázão,stormrage,672,monk,windwalker,12,7,5
Kimmyfists,tichondrius,672,monk,windwalker,12,7,5
Bibis,sargeras,672,monk,windwalker,12,7,5
Monkuban,destromath,672,monk,windwalker,12,7,5
Bramicaye,malganis,672,monk,windwalker,12,7,5
Shäopai,quelthalas,672,monk,windwalker,12,7,5
Harvex,area-52,672,monk,windwalker,12,7,5
Dimmay,destromath,672,monk,windwalker,12,7,5
Ganjäsmoke,skullcrusher,672,monk,windwalker,12,7,5
Goldx,ragnaros,672,monk,windwalker,12,7,5
Lilpøøter,tichondrius,672,monk,windwalker,12,7,5
Jwazz,tichondrius,672,monk,windwalker,12,7,5
Jxyfist,illidan,672,monk,windwalker,12,7,5
Kudrix,frostwolf,672,monk,windwalker,12,7,5
Crittinka,bonechewer,672,monk,windwalker,12,7,5
Peterpunch,illidan,672,monk,windwalker,12,7,5
Touchbot,tichondrius,672,monk,windwalker,12,7,5
Porxhub,tichondrius,672,monk,windwalker,12,7,5
Shiphappens,barthilas,672,monk,windwalker,12,7,5
Tag,tichondrius,672,monk,windwalker,12,7,5
Buffmonkdmg,tichondrius,672,monk,windwalker,15,8,7
Tubshark,kelthuzad,672,monk,windwalker,18,7,11
Pandaforlife,area-52,672,monk,windwalker,18,7,11
Verizani,stormrage,672,monk,windwalker,18,7,11
Tapzm,area-52,672,monk,windwalker,18,7,11
Militantww,tichondrius,672,monk,windwalker,18,7,11
Popchi,stormrage,672,monk,windwalker,18,7,11
Ohtani,frostwolf,672,monk,windwalker,18,7,11
Awcfanboy,bleeding-hollow,672,monk,windwalker,21,8,13
Monkyun,tichondrius,672,monk,windwalker,24,7,17
Døjø,dalaran,671,monk,windwalker,12,7,5
Reckin,frostmourne,671,monk,windwalker,12,7,5
Bauddor,ragnaros,671,monk,windwalker,12,7,5
Drainar,bleeding-hollow,671,monk,windwalker,12,7,5
Mosaden,suramar,671,monk,windwalker,12,7,5
Qebui,darkspear,671,monk,windwalker,12,7,5
Bataan,tichondrius,671,monk,windwalker,12,7,5
Quietbegger,sargeras,671,monk,windwalker,12,7,5
Leozen,skullcrusher,671,monk,windwalker,18,7,11
Santatsu,emerald-dream,671,monk,windwalker,18,7,11
Yuufi,moon-guard,671,monk,windwalker,18,7,11
Iaguinhox,area-52,671,monk,windwalker,18,7,11
Inaruss,ragnaros,671,monk,windwalker,18,7,11
Huángbó,blackhand,670,monk,windwalker,10,8,2
Cryptique,tichondrius,670,monk,windwalker,12,7,5
Astorari,illidan,670,monk,windwalker,12,7,5
Etkai,proudmoore,670,monk,windwalker,12,7,5
Minusmonk,dalaran,670,monk,windwalker,12,7,5
Santiie,drakkari,669,monk,windwalker,18,7,11
Ursuschi,khazgoroth,669,monk,windwalker,24,7,17
Burningfist,stormrage,669,monk,windwalker,24,7,17
Elmanteca,ragnaros,668,monk,windwalker,12,7,5
Kuungfoo,tichondrius,667,monk,windwalker,12,7,5
Liänä,quelthalas,658,monk,windwalker,18,7,11
Léesin,stormrage,655,monk,windwalker,17,7,10
Vascore,frostmourne,655,monk,windwalker,23,7,16
Gaziee,tichondrius,653,monk,windwalker,17,7,10
Titsmagees,frostwolf,639,monk,windwalker,23,7,16
Shadowstripe,the-venture-co,638,monk,windwalker,11,7,4
Mùnkey,nagrand,638,monk,windwalker,17,7,10
Mönk,blood-furnace,637,monk,windwalker,28,7,21
Chillyssa,lightbringer,623,monk,windwalker,11,7,4
Iilmachoggy,stormrage,607,monk,windwalker,11,7,4
Sistafistaa,akama,606,monk,windwalker,14,7,7
Griswolld,ragnaros,576,monk,windwalker,6,6,0
Makgøra,malganis,576,monk,windwalker,6,6,0
Srýbrø,illidan,576,monk,windwalker,6,6,0
Aveium,moon-guard,576,monk,windwalker,6,6,0
Goblinitto,archimonde,576,monk,windwalker,6,6,0
Softpourcorn,tichondrius,576,monk,windwalker,6,6,0
Detoxalt,sargeras,576,monk,windwalker,12,6,6
Xoir,tichondrius,576,monk,windwalker,12,6,6
Orcslam,tichondrius,576,monk,windwalker,12,6,6
Molsonicee,tichondrius,576,monk,windwalker,12,6,6
Xua,sargeras,576,monk,windwalker,12,6,6
Syffer,sargeras,576,monk,windwalker,12,6,6
Läôtzu,fizzcrank,576,monk,windwalker,12,6,6
Gaps,ragnaros,576,monk,windwalker,12,6,6
Bakacia,ragnaros,576,monk,windwalker,12,6,6
Jaykun,ragnaros,576,monk,windwalker,12,6,6
Klutzz,tichondrius,576,monk,windwalker,12,6,6
Silvyrx,boulderfist,576,monk,windwalker,12,6,6
Tinypunch,emerald-dream,576,monk,windwalker,12,6,6
Affected,lightninghoof,576,monk,windwalker,12,6,6
Findorato,windrunner,576,monk,windwalker,12,6,6
Yimmy,zuluhed,576,monk,windwalker,12,6,6
Guuttzz,area-52,576,monk,windwalker,12,6,6
Kaminagi,proudmoore,576,monk,windwalker,12,6,6
Tahs,azralon,576,monk,windwalker,12,6,6
Brewlong,area-52,576,monk,windwalker,12,6,6
Fivebears,blackwing-lair,576,monk,windwalker,12,6,6
Cometx,darkspear,576,monk,windwalker,12,6,6
Creamchop,stormreaver,576,monk,windwalker,12,6,6
Onepunchmän,zuljin,576,monk,windwalker,12,6,6
Dorander,frostmourne,576,monk,windwalker,12,6,6
Growwler,moon-guard,576,monk,windwalker,12,6,6
Funtscat,zuljin,576,monk,windwalker,12,6,6
Bonzibuddy,barthilas,576,monk,windwalker,12,6,6
Dippy,moon-guard,576,monk,windwalker,12,6,6
Varicin,zuljin,576,monk,windwalker,12,6,6
Fúgg,zuljin,576,monk,windwalker,12,6,6
Coldridge,bleeding-hollow,576,monk,windwalker,12,6,6
Jubei,dragonmaw,576,monk,windwalker,12,6,6
Mâkaveli,gnomeregan,576,monk,windwalker,12,6,6
Grandsonweez,thrall,576,monk,windwalker,12,6,6
Forthekicks,tichondrius,576,monk,windwalker,19,8,11
Bollzdepe,wyrmrest-accord,576,monk,windwalker,18,6,12
Káizen,area-52,576,monk,windwalker,18,6,12
Awsmonk,malygos,576,monk,windwalker,18,6,12
Okuraseru,bleeding-hollow,576,monk,windwalker,18,6,12
Fruitpünch,tichondrius,576,monk,windwalker,18,6,12
Kuafu,illidan,576,monk,windwalker,18,6,12
Monjimen,ragnaros,576,monk,windwalker,18,6,12
Tinklejuice,sargeras,576,monk,windwalker,18,6,12
Frimayadri,area-52,575,monk,windwalker,12,6,6
Kalrsk,frostmourne,575,monk,windwalker,12,6,6
Atulzo,emerald-dream,575,monk,windwalker,12,6,6
Tsosai,wyrmrest-accord,575,monk,windwalker,12,6,6
Tayden,korgath,575,monk,windwalker,12,6,6
Yoshimoku,dalaran,575,monk,windwalker,12,6,6
Thevy,area-52,575,monk,windwalker,18,6,12
Qma,shattered-halls,575,monk,windwalker,24,6,18
Zhixx,stormrage,574,monk,windwalker,12,6,6
Kradomjx,nazjatar,574,monk,windwalker,12,6,6
Linwong,garithos,574,monk,windwalker,12,6,6
Dragorovich,aerie-peak,574,monk,windwalker,12,6,6
Goharu,zuljin,574,monk,windwalker,16,7,9
Fistidmi,area-52,573,monk,windwalker,12,6,6
Tøxicø,quelthalas,572,monk,windwalker,16,7,9
Rokkenstone,wyrmrest-accord,527,monk,windwalker,11,6,5
Crayóns,stormreaver,527,monk,windwalker,11,6,5
Wft,frostmourne,527,monk,windwalker,11,6,5
Jowtaro,azralon,522,monk,windwalker,16,7,9
Shindoro,bonechewer,521,monk,windwalker,16,10,6
Mistyfist,bleeding-hollow,521,monk,windwalker,28,7,21
Çruel,dalaran,511,monk,windwalker,14,6,8
Getmistéd,sargeras,480,monk,windwalker,6,5,1
Monkskiiz,tichondrius,480,monk,windwalker,6,5,1
Yenjung,azralon,480,monk,windwalker,6,5,1
Koochies,aegwynn,480,monk,windwalker,6,5,1
Pikadejegue,nemesis,480,monk,windwalker,6,5,1
Iloveabby,sargeras,480,monk,windwalker,6,5,1
Cubs,sargeras,480,monk,windwalker,6,5,1
Varimå,area-52,480,monk,windwalker,6,5,1
Iflykites,zuljin,480,monk,windwalker,6,5,1
Yunei,tichondrius,480,monk,windwalker,6,5,1
Hennyww,dalaran,480,monk,windwalker,6,5,1
Bomba,arthas,480,monk,windwalker,6,5,1
Nitrobrewed,stormrage,480,monk,windwalker,6,5,1
Kuranchi,illidan,480,monk,windwalker,6,5,1
Zegood,tichondrius,480,monk,windwalker,6,5,1
Shevchenkô,quelthalas,480,monk,windwalker,6,5,1
Blazebeast,blackhand,480,monk,windwalker,9,6,3
Haqq,barthilas,480,monk,windwalker,10,6,4
Ýogï,stormrage,480,monk,windwalker,10,6,4
Tyrus,kelthuzad,480,monk,windwalker,9,5,4
Zakuu,blackrock,480,monk,windwalker,12,5,7
Xifang,malganis,480,monk,windwalker,12,5,7
Valdur,sargeras,480,monk,windwalker,12,5,7
Chakrah,laughing-skull,480,monk,windwalker,12,5,7
Zadaa,alleria,480,monk,windwalker,12,5,7
Antril,bleeding-hollow,480,monk,windwalker,12,5,7
Plagai,fizzcrank,480,monk,windwalker,12,5,7
Monkdruffy,tichondrius,480,monk,windwalker,12,5,7
Bokchoii,sargeras,480,monk,windwalker,12,5,7
Mepepegaclap,malganis,480,monk,windwalker,12,5,7
Tripster,wyrmrest-accord,480,monk,windwalker,12,5,7
Ferknights,moon-guard,480,monk,windwalker,12,5,7
Troutz,sargeras,480,monk,windwalker,12,5,7
Zhíu,ragnaros,480,monk,windwalker,12,5,7
Icesmoker,frostmourne,480,monk,windwalker,12,5,7
Browniemix,tichondrius,480,monk,windwalker,12,5,7
Pndmedaddy,tichondrius,480,monk,windwalker,12,5,7
Cannafist,tichondrius,480,monk,windwalker,12,5,7
Abdoolah,illidan,480,monk,windwalker,12,5,7
Lokimana,zuljin,480,monk,windwalker,12,5,7
Transcend,nerzhul,480,monk,windwalker,12,5,7
Nomonko,tichondrius,480,monk,windwalker,12,5,7
Slp,frostmourne,480,monk,windwalker,12,5,7
Chrisdamonk,stormrage,480,monk,windwalker,12,5,7
Pathad,stormrage,480,monk,windwalker,12,5,7
Tenkix,zuljin,480,monk,windwalker,12,5,7
Fistnyou,norgannon,480,monk,windwalker,12,5,7
Saywha,windrunner,480,monk,windwalker,12,5,7
Trunkx,area-52,480,monk,windwalker,12,5,7
Ultraop,emerald-dream,480,monk,windwalker,12,5,7
Xhu,kelthuzad,480,monk,windwalker,12,5,7
Vinndz,azralon,480,monk,windwalker,18,5,13
Ãcé,ragnaros,480,monk,windwalker,18,5,13
Maisoftheart,barthilas,480,monk,windwalker,18,5,13
Smigz,area-52,480,monk,windwalker,18,5,13
Gabaan,azralon,480,monk,windwalker,18,5,13
Bujiburger,frostmourne,480,monk,windwalker,18,5,13
Zmajevratnik,illidan,479,monk,windwalker,6,5,1
Getkicked,moon-guard,479,monk,windwalker,6,5,1
Kiukiukiu,tichondrius,479,monk,windwalker,12,5,7
Shà,kelthuzad,479,monk,windwalker,12,5,7
Brzy,spinebreaker,479,monk,windwalker,12,5,7
Tababtz,illidan,479,monk,windwalker,12,5,7
Breakbonez,dalaran,479,monk,windwalker,24,5,19
Tamonk,veknilash,478,monk,windwalker,6,5,1
Whosaidthat,frostmourne,477,monk,windwalker,6,5,1
Smashdmonk,gnomeregan,476,monk,windwalker,12,5,7
Leisa,jaedenar,463,monk,windwalker,17,5,12
Hogundagrim,frostmourne,448,monk,windwalker,10,5,5
Orcarucas,illidan,447,monk,windwalker,8,6,2
Mcmaplol,tichondrius,447,monk,windwalker,11,5,6
Rampant,anubarak,447,monk,windwalker,14,6,8
Dankestkhan,korialstrasz,447,monk,windwalker,23,5,18
Chisuschrist,hyjal,432,monk,windwalker,15,5,10
Prettyflacko,thrall,416,monk,windwalker,10,5,5
Aethër,quelthalas,416,monk,windwalker,10,5,5
Turboðiesel,malganis,400,monk,windwalker,9,5,4
Evanyfist,proudmoore,384,monk,windwalker,6,4,2
Molific,gurubashi,384,monk,windwalker,6,4,2
Chopana,malganis,384,monk,windwalker,6,4,2
Stevìl,medivh,384,monk,windwalker,6,4,2
Preceptonk,azralon,384,monk,windwalker,6,4,2
Thewyjr,illidan,384,monk,windwalker,6,4,2
Garyblizard,bleeding-hollow,384,monk,windwalker,6,4,2
Orbgodx,darkspear,384,monk,windwalker,6,4,2
Emporertrump,bleeding-hollow,384,monk,windwalker,6,4,2
Cowsgonuts,gorefiend,384,monk,windwalker,6,4,2
Monkespin,stormrage,384,monk,windwalker,6,4,2
Jackphan,azralon,384,monk,windwalker,6,4,2
Satchelgizmo,tichondrius,384,monk,windwalker,6,4,2
Ðøhkø,nemesis,384,monk,windwalker,6,4,2
Torpedo,blackrock,384,monk,windwalker,6,4,2
Milli,twisting-nether,384,monk,windwalker,6,4,2
Diccheez,kelthuzad,384,monk,windwalker,6,4,2
Saucers,bleeding-hollow,384,monk,windwalker,6,4,2
Pàí,tichondrius,384,monk,windwalker,6,4,2
Cowhoe,icecrown,384,monk,windwalker,6,4,2
Castiwhite,quelthalas,384,monk,windwalker,6,4,2
Yomonk,hydraxis,384,monk,windwalker,6,4,2
Krawnick,malganis,384,monk,windwalker,6,4,2
Zenitsu,burning-blade,384,monk,windwalker,6,4,2
Shandaspanda,rivendare,384,monk,windwalker,6,4,2
Ezpumpm,azralon,384,monk,windwalker,6,4,2
Sobuu,wyrmrest-accord,384,monk,windwalker,6,4,2
Burlyluckydo,grizzly-hills,384,monk,windwalker,6,4,2
Gorblox,emerald-dream,384,monk,windwalker,6,4,2
Etrasu,thrall,384,monk,windwalker,6,4,2
Chizhao,tichondrius,384,monk,windwalker,6,4,2
Freetristan,sargeras,384,monk,windwalker,6,4,2
Lowkn,sargeras,384,monk,windwalker,6,4,2
Mankér,ragnaros,384,monk,windwalker,6,4,2
Mabaoguo,aerie-peak,384,monk,windwalker,6,4,2
Donbaltica,ragnaros,384,monk,windwalker,6,4,2
Jeevous,darkspear,384,monk,windwalker,6,4,2
Research,frostmourne,384,monk,windwalker,6,4,2
Hazed,lightbringer,384,monk,windwalker,6,4,2
Gyadarun,mugthol,384,monk,windwalker,6,4,2
Kiggo,bonechewer,384,monk,windwalker,6,4,2
Saitamami,tichondrius,384,monk,windwalker,6,4,2
Ganksyou,sargeras,384,monk,windwalker,6,4,2
Melonmuncher,duskwood,384,monk,windwalker,6,4,2
Thoraki,illidan,384,monk,windwalker,6,4,2
Vernki,laughing-skull,384,monk,windwalker,6,4,2
Paullyfists,garona,384,monk,windwalker,6,4,2
Champoo,executus,384,monk,windwalker,6,4,2
Punchbuggy,frostmourne,384,monk,windwalker,6,4,2
Xulieng,tichondrius,384,monk,windwalker,6,4,2
Trembull,gurubashi,384,monk,windwalker,6,4,2
Missweaver,sargeras,384,monk,windwalker,6,4,2
Korgark,tichondrius,384,monk,windwalker,6,4,2
Ogmonk,skullcrusher,384,monk,windwalker,6,4,2
Sleezyinsane,sargeras,384,monk,windwalker,6,4,2
Liucang,archimonde,384,monk,windwalker,6,4,2
Jbebe,tichondrius,384,monk,windwalker,6,4,2
Crave,tichondrius,384,monk,windwalker,6,4,2
Illiea,cenarius,384,monk,windwalker,6,4,2
Manizzle,illidan,384,monk,windwalker,6,4,2
Slimdim,area-52,384,monk,windwalker,6,4,2
Aedalithe,stormrage,384,monk,windwalker,6,4,2
Kame,moon-guard,384,monk,windwalker,6,4,2
Barleygar,tichondrius,384,monk,windwalker,6,4,2
Fistedby,nesingwary,384,monk,windwalker,6,4,2
Imperio,stormrage,384,monk,windwalker,6,4,2
Delaî,dalaran,384,monk,windwalker,6,4,2
Rubyrosé,proudmoore,384,monk,windwalker,6,4,2
Neaxain,tichondrius,384,monk,windwalker,9,5,4
Serenitys,tanaris,384,monk,windwalker,9,4,5
Rookz,drakthul,384,monk,windwalker,12,4,8
Mysticzen,tichondrius,384,monk,windwalker,12,4,8
Kygol,zuljin,384,monk,windwalker,12,4,8
Téoo,azralon,384,monk,windwalker,12,4,8
Evilstep,tichondrius,384,monk,windwalker,12,4,8
Cudzingtin,dalaran,384,monk,windwalker,12,4,8
Raekwan,area-52,384,monk,windwalker,12,4,8
Gngrbeardman,tichondrius,384,monk,windwalker,12,4,8
Machita,spirestone,384,monk,windwalker,12,4,8
Gai,gorgonnash,384,monk,windwalker,12,4,8
Outpalm,tichondrius,384,monk,windwalker,12,4,8
Tcjwindx,bleeding-hollow,384,monk,windwalker,12,4,8
Forestweaver,area-52,384,monk,windwalker,12,4,8
Xinvictus,frostmourne,384,monk,windwalker,12,4,8
Cranjis,agamaggan,384,monk,windwalker,12,4,8
Sïfu,barthilas,384,monk,windwalker,12,4,8
Fluffykitty,deathwing,384,monk,windwalker,12,4,8
Piece,blackrock,384,monk,windwalker,12,4,8
Solrise,wyrmrest-accord,384,monk,windwalker,12,4,8
Ramisan,barthilas,384,monk,windwalker,12,4,8
Bwan,kelthuzad,384,monk,windwalker,12,4,8
Giorhno,ragnaros,384,monk,windwalker,12,4,8
Talondien,dalaran,384,monk,windwalker,12,4,8
Tesdra,moon-guard,384,monk,windwalker,12,4,8
Tóru,kelthuzad,384,monk,windwalker,12,4,8
Nakwood,proudmoore,384,monk,windwalker,12,4,8
Firepandax,ragnaros,384,monk,windwalker,12,4,8
Gutso,malganis,384,monk,windwalker,12,4,8
Kfp,gorefiend,384,monk,windwalker,12,4,8
Chijinx,area-52,384,monk,windwalker,12,4,8
Jxytwo,arygos,384,monk,windwalker,12,4,8
Ferrarí,quelthalas,384,monk,windwalker,12,4,8
Ruì,malganis,384,monk,windwalker,18,4,14
Jayr,bleeding-hollow,384,monk,windwalker,18,4,14
Fistermus,tichondrius,384,monk,windwalker,36,4,32
Zanmonk,moon-guard,383,monk,windwalker,6,4,2
Viko,llane,382,monk,windwalker,6,4,2
Lilutha,illidan,382,monk,windwalker,12,4,8
Nakuang,tichondrius,339,monk,windwalker,24,7,17
Heavytrain,azralon,330,monk,windwalker,16,6,10
Ariannahxd,malganis,330,monk,windwalker,15,5,10
Jeffspicoli,emerald-dream,319,monk,windwalker,5,4,1
Niçky,tichondrius,288,monk,windwalker,6,3,3
Highaskite,tichondrius,288,monk,windwalker,6,3,3
Mfmiscreant,illidan,288,monk,windwalker,6,3,3
Muffinz,shattered-halls,288,monk,windwalker,6,3,3
Gulmokk,tichondrius,288,monk,windwalker,6,3,3
Goodluck,madoran,288,monk,windwalker,6,3,3
Ironcladfist,proudmoore,288,monk,windwalker,6,3,3
Sýññ,illidan,288,monk,windwalker,6,3,3
Lomist,nazjatar,288,monk,windwalker,6,3,3
Bunnynoodle,gnomeregan,288,monk,windwalker,6,3,3
Nosmonk,aegwynn,288,monk,windwalker,6,3,3
Sugmi,barthilas,288,monk,windwalker,6,3,3
Kúrios,azralon,288,monk,windwalker,6,3,3
Mcfluffey,area-52,288,monk,windwalker,6,3,3
Eggrolla,area-52,288,monk,windwalker,6,3,3
Spaaca,kelthuzad,288,monk,windwalker,6,3,3
Leemîn,tichondrius,288,monk,windwalker,6,3,3
Conterkick,stormrage,288,monk,windwalker,6,3,3
Jatun,kiljaeden,288,monk,windwalker,6,3,3
Vox,windrunner,288,monk,windwalker,6,3,3
Brewtool,tichondrius,288,monk,windwalker,6,3,3
Bromonster,zuljin,288,monk,windwalker,6,3,3
Daspmonk,nagrand,288,monk,windwalker,6,3,3
Hábìtz,area-52,288,monk,windwalker,6,3,3
Bogez,area-52,288,monk,windwalker,6,3,3
Mlngo,illidan,288,monk,windwalker,6,3,3
Ichiros,cenarion-circle,288,monk,windwalker,6,3,3
Dripharder,tichondrius,288,monk,windwalker,6,3,3
Mgzx,kelthuzad,288,monk,windwalker,6,3,3
ßluedream,dalaran,288,monk,windwalker,6,3,3
Gageismonk,mugthol,288,monk,windwalker,6,3,3
Oligast,tichondrius,288,monk,windwalker,6,3,3
Fistsofbeans,area-52,288,monk,windwalker,6,3,3
Sosm,kelthuzad,288,monk,windwalker,6,3,3
Camz,darkspear,288,monk,windwalker,6,3,3
Fysicalx,stormrage,288,monk,windwalker,6,3,3
Raires,tichondrius,288,monk,windwalker,6,3,3
Legolos,runetotem,288,monk,windwalker,6,3,3
Lackofsleep,tichondrius,288,monk,windwalker,6,3,3
Abrahamblue,moon-guard,288,monk,windwalker,6,3,3
Fistay,burning-legion,288,monk,windwalker,6,3,3
Forkknife,moon-guard,288,monk,windwalker,6,3,3
Rolybones,boulderfist,288,monk,windwalker,6,3,3
Frogepoge,area-52,288,monk,windwalker,6,3,3
Thalassassin,bleeding-hollow,288,monk,windwalker,6,3,3
Swurvex,bleeding-hollow,288,monk,windwalker,6,3,3
Worldpvp,nerzhul,288,monk,windwalker,6,3,3
Kallandron,thunderhorn,288,monk,windwalker,6,3,3
Bubblekit,nerzhul,288,monk,windwalker,6,3,3
Powchen,ragnaros,288,monk,windwalker,6,3,3
Carmelfist,kargath,288,monk,windwalker,6,3,3
Wungpow,magtheridon,288,monk,windwalker,6,3,3
Akumuh,tichondrius,288,monk,windwalker,6,3,3
Rumlee,sargeras,288,monk,windwalker,6,3,3
Evilbit,boulderfist,288,monk,windwalker,6,3,3
Triixxy,thrall,288,monk,windwalker,6,3,3
Maserati,azjolnerub,288,monk,windwalker,6,3,3
Zonianman,tichondrius,288,monk,windwalker,6,3,3
Mistérfister,blackrock,288,monk,windwalker,6,3,3
Tonkchi,khaz-modan,288,monk,windwalker,6,3,3
Reflexsivex,malganis,288,monk,windwalker,6,3,3
Monklad,malganis,288,monk,windwalker,6,3,3
Zexana,gorefiend,288,monk,windwalker,6,3,3
Burash,frostwolf,288,monk,windwalker,6,3,3
Slurrpslutt,proudmoore,288,monk,windwalker,6,3,3
Paylong,ragnaros,288,monk,windwalker,6,3,3
Ultracosmic,sargeras,288,monk,windwalker,6,3,3
Hanzøu,ragnaros,288,monk,windwalker,6,3,3
Benjithur,tichondrius,288,monk,windwalker,6,3,3
Ric,gundrak,288,monk,windwalker,6,3,3
Karkata,sargeras,288,monk,windwalker,6,3,3
Tictox,sargeras,288,monk,windwalker,6,3,3
Pusily,tichondrius,288,monk,windwalker,6,3,3
Atezo,tichondrius,288,monk,windwalker,6,3,3
Mgisloth,sargeras,288,monk,windwalker,6,3,3
Chinmusicc,tichondrius,288,monk,windwalker,6,3,3
Catnïpaddïct,sargeras,288,monk,windwalker,6,3,3
Rhonco,quelthalas,288,monk,windwalker,6,3,3
Shogún,frostmourne,288,monk,windwalker,6,3,3
Tigerlust,sargeras,288,monk,windwalker,6,3,3
Momkisserl,sargeras,288,monk,windwalker,6,3,3
Zubon,draenor,288,monk,windwalker,10,3,7
Raviolipolie,sargeras,288,monk,windwalker,12,3,9
Kickxy,sargeras,288,monk,windwalker,12,3,9
Meatcleave,kiljaeden,288,monk,windwalker,12,3,9
Saohta,quelthalas,288,monk,windwalker,12,3,9
Tofugoku,area-52,288,monk,windwalker,12,3,9
Aangg,madoran,288,monk,windwalker,12,3,9
Senseixww,sargeras,288,monk,windwalker,12,3,9
Setzua,cairne,288,monk,windwalker,12,3,9
Almaster,stormrage,288,monk,windwalker,12,3,9
Snorf,lightbringer,288,monk,windwalker,12,3,9
Detox,sargeras,288,monk,windwalker,12,3,9
Shizzyowoxd,bleeding-hollow,288,monk,windwalker,12,3,9
Joreg,moon-guard,288,monk,windwalker,12,3,9
Atarii,emerald-dream,288,monk,windwalker,12,3,9
Wwx,whisperwind,288,monk,windwalker,12,3,9
Donn,illidan,288,monk,windwalker,12,3,9
Kthanïd,ragnaros,288,monk,windwalker,12,3,9
Samanosukee,illidan,288,monk,windwalker,12,3,9
Dragoncubano,tichondrius,288,monk,windwalker,12,3,9
Paramendic,frostwolf,288,monk,windwalker,12,3,9
Messym,illidan,288,monk,windwalker,12,3,9
Keloxx,ragnaros,288,monk,windwalker,12,3,9
Howlit,illidan,288,monk,windwalker,12,3,9
Tenfingers,dalaran,288,monk,windwalker,12,3,9
Natörr,dalaran,288,monk,windwalker,12,3,9
Bvndo,illidan,288,monk,windwalker,12,3,9
Vatita,caelestrasz,288,monk,windwalker,12,3,9
Postmark,tichondrius,288,monk,windwalker,12,3,9
Obozo,frostmourne,288,monk,windwalker,18,3,15
Dmhsaint,sargeras,288,monk,windwalker,18,3,15
Brewmooser,area-52,287,monk,windwalker,6,3,3
Kaila,laughing-skull,287,monk,windwalker,12,3,9
Dafuqk,stormrage,256,monk,windwalker,16,3,13
Rockfu,illidan,239,monk,windwalker,5,3,2
Hellrosennin,area-52,239,monk,windwalker,5,3,2
Mùk,tichondrius,192,monk,windwalker,4,3,1
Klamfu,thrall,192,monk,windwalker,4,3,1
Thöran,ragnaros,192,monk,windwalker,6,2,4
Gracesowner,moon-guard,192,monk,windwalker,6,2,4
Dakunitsu,illidan,192,monk,windwalker,6,2,4
Prf,ragnaros,192,monk,windwalker,6,2,4
Jadiel,quelthalas,192,monk,windwalker,6,2,4
Upcoming,moon-guard,192,monk,windwalker,6,2,4
Rugis,moon-guard,192,monk,windwalker,6,2,4
Defacen,illidan,192,monk,windwalker,6,2,4
Fistpumps,thrall,192,monk,windwalker,6,2,4
Sù,moon-guard,192,monk,windwalker,6,2,4
Dragoro,exodar,192,monk,windwalker,6,2,4
Smungus,bloodscalp,192,monk,windwalker,6,2,4
Fuchizaki,ragnaros,192,monk,windwalker,6,2,4
Tadaku,dalaran,192,monk,windwalker,6,2,4
Metaxzy,sargeras,192,monk,windwalker,6,2,4
Monkbro,altar-of-storms,192,monk,windwalker,6,2,4
Gøldéngødx,tichondrius,192,monk,windwalker,6,2,4
Robocto,area-52,192,monk,windwalker,6,2,4
Omenga,malganis,192,monk,windwalker,6,2,4
Bubblewater,illidan,192,monk,windwalker,6,2,4
Monkash,sargeras,192,monk,windwalker,6,2,4
Kakusanni,nemesis,192,monk,windwalker,6,2,4
Khnum,fizzcrank,192,monk,windwalker,6,2,4
Zengawd,magtheridon,192,monk,windwalker,6,2,4
Heävenly,kelthuzad,192,monk,windwalker,6,2,4
Hydraoxy,moon-guard,192,monk,windwalker,6,2,4
Flicksx,arthas,192,monk,windwalker,6,2,4
Noget,frostmourne,192,monk,windwalker,6,2,4
Brodabren,proudmoore,192,monk,windwalker,6,2,4
Sudoyo,tichondrius,192,monk,windwalker,6,2,4
Taringa,drakkari,192,monk,windwalker,6,2,4
Vulpirino,drakkari,192,monk,windwalker,6,2,4
Lonebamboo,tichondrius,192,monk,windwalker,6,2,4
Mangoxdd,kelthuzad,192,monk,windwalker,6,2,4
Hossdelgadoe,kiljaeden,192,monk,windwalker,6,2,4
Coomerww,kelthuzad,192,monk,windwalker,6,2,4
Bakusao,bleeding-hollow,192,monk,windwalker,6,2,4
Toryfists,sargeras,192,monk,windwalker,6,2,4
Akiiko,draenor,192,monk,windwalker,6,2,4
Halfapizza,sargeras,192,monk,windwalker,6,2,4
Happymonk,tichondrius,192,monk,windwalker,6,2,4
Streetcreds,bleeding-hollow,192,monk,windwalker,6,2,4
Boeingair,kelthuzad,192,monk,windwalker,6,2,4
Sinistuhm,tichondrius,192,monk,windwalker,6,2,4
Xarra,bleeding-hollow,192,monk,windwalker,6,2,4
Takazawas,bonechewer,192,monk,windwalker,6,2,4
Gumrag,illidan,192,monk,windwalker,6,2,4
Sukrit,darkspear,192,monk,windwalker,6,2,4
Archlord,sargeras,192,monk,windwalker,6,2,4
Musclemanx,tichondrius,192,monk,windwalker,6,2,4
Pvptone,bleeding-hollow,192,monk,windwalker,6,2,4
Weendwolker,moon-guard,192,monk,windwalker,6,2,4
Trillek,firetree,192,monk,windwalker,6,2,4
Lìpz,zuljin,192,monk,windwalker,6,2,4
Mtnbrew,sargeras,192,monk,windwalker,6,2,4
Mîghtguy,barthilas,192,monk,windwalker,6,2,4
Kitfisty,kiljaeden,192,monk,windwalker,6,2,4
Bhoredom,kiljaeden,192,monk,windwalker,6,2,4
Mîstchievous,sargeras,192,monk,windwalker,6,2,4
Grëyfox,sargeras,192,monk,windwalker,6,2,4
Toxicaff,dalaran,192,monk,windwalker,6,2,4
Yopper,tichondrius,192,monk,windwalker,6,2,4
Weslolz,kiljaeden,192,monk,windwalker,6,2,4
Spirits,dreadmaul,192,monk,windwalker,6,2,4
Závior,emerald-dream,192,monk,windwalker,6,2,4
Privix,tichondrius,192,monk,windwalker,6,2,4
Deyasth,zuljin,192,monk,windwalker,6,2,4
Ramhemi,kiljaeden,192,monk,windwalker,6,2,4
Brëwslee,twisting-nether,192,monk,windwalker,6,2,4
Jüdo,barthilas,192,monk,windwalker,6,2,4
Hutmok,dalaran,192,monk,windwalker,6,2,4
Strongmandan,twisting-nether,192,monk,windwalker,6,2,4
Meidan,azralon,192,monk,windwalker,6,2,4
Wrynnerverse,tichondrius,192,monk,windwalker,6,2,4
Undmonge,azralon,192,monk,windwalker,6,2,4
Induhca,area-52,192,monk,windwalker,6,2,4
Rouladecave,zuljin,192,monk,windwalker,6,2,4
Hóruus,azralon,192,monk,windwalker,6,2,4
Théwy,tichondrius,192,monk,windwalker,6,2,4
Brokenfeels,azralon,192,monk,windwalker,6,2,4
Xoulee,stormrage,192,monk,windwalker,6,2,4
Ðudü,azralon,192,monk,windwalker,6,2,4
Merrell,area-52,192,monk,windwalker,6,2,4
Imafqnbaby,tichondrius,192,monk,windwalker,6,2,4
Averagéjoe,tichondrius,192,monk,windwalker,6,2,4
Itakebigpoop,dalaran,192,monk,windwalker,6,2,4
Sizerp,stormrage,192,monk,windwalker,6,2,4
Salanzoww,bleeding-hollow,192,monk,windwalker,6,2,4
Möösê,moon-guard,192,monk,windwalker,6,2,4
Furrykisser,tichondrius,192,monk,windwalker,6,2,4
Seshiro,area-52,192,monk,windwalker,6,2,4
Puraimu,sargeras,192,monk,windwalker,6,2,4
Guyfíeri,velen,192,monk,windwalker,8,2,6
Chnko,sargeras,192,monk,windwalker,12,2,10
Motivmonk,uldum,192,monk,windwalker,12,2,10
Pongo,kelthuzad,192,monk,windwalker,12,2,10
Xiashu,moon-guard,192,monk,windwalker,12,2,10
Eliwenn,ragnaros,192,monk,windwalker,12,2,10
Ellicool,frostmourne,192,monk,windwalker,12,2,10
Bruceflea,gurubashi,192,monk,windwalker,18,2,16
Staypuftmm,tichondrius,191,monk,windwalker,6,2,4
Kipao,deathwing,191,monk,windwalker,12,2,10
Punch,agamaggan,175,monk,windwalker,11,2,9
Goku,frostmourne,159,monk,windwalker,5,2,3
Fendi,stormrage,159,monk,windwalker,5,2,3
Wheatsli,malganis,159,monk,windwalker,5,2,3
Lazy,shattered-halls,159,monk,windwalker,5,2,3
Shenlong,jaedenar,159,monk,windwalker,6,2,4
Choyou,bleeding-hollow,138,monk,windwalker,10,4,6
Dinko,area-52,128,monk,windwalker,4,2,2
Heartsies,sargeras,128,monk,windwalker,4,2,2
Jayjaybrew,area-52,96,monk,windwalker,3,2,1
Vanishm,ragnaros,96,monk,windwalker,3,2,1
Monkwayz,emerald-dream,96,monk,windwalker,3,2,1
Jh,korgath,96,monk,windwalker,6,1,5
Jg,staghelm,96,monk,windwalker,6,1,5
Ææøææôææôææô,illidan,96,monk,windwalker,6,1,5
Bastilaqt,korgath,96,monk,windwalker,6,1,5
Murgleh,misha,96,monk,windwalker,6,1,5
Teewin,area-52,96,monk,windwalker,6,1,5
Mooper,madoran,96,monk,windwalker,6,1,5
Srgtbingo,azgalor,96,monk,windwalker,6,1,5
Emßerly,thrall,96,monk,windwalker,6,1,5
Minicoco,barthilas,96,monk,windwalker,6,1,5
Ravenius,moon-guard,96,monk,windwalker,6,1,5
Quartzmonkey,zuljin,96,monk,windwalker,6,1,5
Espanasan,dalaran,96,monk,windwalker,6,1,5
Giriom,thrall,96,monk,windwalker,6,1,5
Pandacottoco,azralon,96,monk,windwalker,6,1,5
Banidiin,moon-guard,96,monk,windwalker,6,1,5
Sanemi,amanthul,96,monk,windwalker,6,1,5
Chipócluda,ragnaros,96,monk,windwalker,6,1,5
Cerocool,hyjal,96,monk,windwalker,6,1,5
Fiztingfaded,area-52,96,monk,windwalker,6,1,5
Tmtricks,tichondrius,96,monk,windwalker,6,1,5
Pwap,moon-guard,96,monk,windwalker,6,1,5
She,thrall,96,monk,windwalker,6,1,5
Blacdaryl,destromath,96,monk,windwalker,6,1,5
Quaria,moon-guard,96,monk,windwalker,6,1,5
Zinque,emerald-dream,96,monk,windwalker,6,1,5
Dasubb,crushridge,96,monk,windwalker,6,1,5
Piccolo,emerald-dream,96,monk,windwalker,6,1,5
Boomboomspin,illidan,96,monk,windwalker,6,1,5
Æsir,moon-guard,96,monk,windwalker,6,1,5
Vanaxi,moon-guard,96,monk,windwalker,6,1,5
Comical,malygos,96,monk,windwalker,6,1,5
Netang,emerald-dream,96,monk,windwalker,6,1,5
Çlôûd,illidan,96,monk,windwalker,6,1,5
Buddaba,tichondrius,96,monk,windwalker,6,1,5
Wâtchmefist,stormrage,96,monk,windwalker,6,1,5
Minimonki,bleeding-hollow,96,monk,windwalker,6,1,5
Pléb,kelthuzad,96,monk,windwalker,6,1,5
Stratachi,malganis,96,monk,windwalker,6,1,5
Imingleejr,illidan,96,monk,windwalker,6,1,5
Yípman,uldum,96,monk,windwalker,6,1,5
Djanira,nemesis,96,monk,windwalker,6,1,5
Ischys,kelthuzad,96,monk,windwalker,6,1,5
Gablle,tol-barad,96,monk,windwalker,6,1,5
Munnk,stormreaver,96,monk,windwalker,6,1,5
Windlordx,illidan,96,monk,windwalker,6,1,5
Lainerya,moon-guard,96,monk,windwalker,6,1,5
Srshy,drakkari,96,monk,windwalker,6,1,5
Cystweaver,dalaran,96,monk,windwalker,6,1,5
Kablam,frostmourne,96,monk,windwalker,6,1,5
Memurk,bleeding-hollow,96,monk,windwalker,6,1,5
Nbatrap,stormrage,96,monk,windwalker,6,1,5
Kåelarayn,moon-guard,96,monk,windwalker,6,1,5
Friëden,quelthalas,96,monk,windwalker,6,1,5
Monkspanka,nemesis,96,monk,windwalker,6,1,5
Rileyreidfan,azjolnerub,96,monk,windwalker,6,1,5
Monkanome,gilneas,96,monk,windwalker,6,1,5
Cloudsinger,hellscream,96,monk,windwalker,6,1,5
Bdsmdaddee,moon-guard,96,monk,windwalker,6,1,5
Furrwalker,tichondrius,96,monk,windwalker,6,1,5
Antimoine,saurfang,96,monk,windwalker,6,1,5
Siserfister,sargeras,96,monk,windwalker,6,1,5
Spicybrew,tichondrius,96,monk,windwalker,6,1,5
Bussyweaver,sargeras,96,monk,windwalker,6,1,5
Saruyo,frostmourne,96,monk,windwalker,12,1,11
Tuskytwofist,kargath,96,monk,windwalker,12,1,11
Cmon,icecrown,96,monk,windwalker,12,1,11
Scips,fizzcrank,96,monk,windwalker,12,1,11
Criminall,aegwynn,64,monk,windwalker,4,1,3
Hít,bonechewer,64,monk,windwalker,4,1,3
Zhatafaq,ragnaros,48,monk,windwalker,3,1,2
Stumpling,earthen-ring,42,monk,windwalker,10,3,7
Alzen,tichondrius,42,monk,windwalker,9,2,7
Kreese,rivendare,42,monk,windwalker,9,2,7
Notamønk,bonechewer,31,monk,windwalker,2,1,1
Cosetteb,proudmoore,31,monk,windwalker,2,1,1
Dûbs,malganis,16,monk,windwalker,1,1,0
Laggyfist,frostmourne,16,monk,windwalker,1,1,0
Rèxpéi,area-52,2157,paladin,holy,84,48,36
Tmborn,tichondrius,2152,paladin,holy,165,86,79
Overwhelm,muradin,2125,paladin,holy,64,39,25
Pattar,area-52,2107,paladin,holy,66,37,29
Dreathhammer,muradin,2107,paladin,holy,107,56,51
Digglesx,area-52,2097,paladin,holy,102,49,53
Sunita,arthas,2080,paladin,holy,207,107,100
Caveyodeler,zuluhed,2048,paladin,holy,77,45,32
Holylolz,ragnaros,2044,paladin,holy,366,180,186
Nickimahoj,tichondrius,2013,paladin,holy,134,72,62
Eskerda,nemesis,2010,paladin,holy,77,38,39
Bubblebuddyx,tichondrius,2010,paladin,holy,136,66,70
Curator,emerald-dream,1994,paladin,holy,86,44,42
Bilmurii,zuljin,1986,paladin,holy,114,60,54
Shxz,illidan,1971,paladin,holy,60,36,24
Airbad,tichondrius,1962,paladin,holy,83,36,47
Saacbot,area-52,1959,paladin,holy,81,34,47
Flashv,barthilas,1958,paladin,holy,74,40,34
Reverbz,malganis,1953,paladin,holy,120,56,64
Badnold,area-52,1952,paladin,holy,55,26,29
Careless,malganis,1933,paladin,holy,78,39,39
Flõw,gnomeregan,1919,paladin,holy,84,52,32
Hamsti,sargeras,1909,paladin,holy,125,63,62
Scamlikely,tichondrius,1905,paladin,holy,139,75,64
Braindeadrsj,anetheron,1903,paladin,holy,209,112,97
Chenzo,exodar,1898,paladin,holy,265,142,123
Eskerda,azralon,1895,paladin,holy,250,118,132
Angrycubanx,black-dragonflight,1887,paladin,holy,50,25,25
Jaywalker,baelgun,1885,paladin,holy,78,45,33
Bubblist,tichondrius,1885,paladin,holy,80,33,47
Baelsimp,illidan,1884,paladin,holy,114,59,55
Duallkore,stormrage,1883,paladin,holy,90,50,40
Hojula,area-52,1870,paladin,holy,34,25,9
Cheerleader,bleeding-hollow,1864,paladin,holy,192,98,94
Chunzhangsqs,tichondrius,1864,paladin,holy,72,36,36
Bravepala,tichondrius,1862,paladin,holy,78,35,43
Pelletbrain,emerald-dream,1861,paladin,holy,325,165,160
Thejustices,tichondrius,1860,paladin,holy,36,22,14
Bombboyoz,area-52,1857,paladin,holy,108,53,55
Sde,kelthuzad,1857,paladin,holy,150,71,79
Scrubbinton,zuljin,1850,paladin,holy,114,58,56
Judgejim,barthilas,1849,paladin,holy,270,132,138
Csupremacy,tichondrius,1848,paladin,holy,111,53,58
Ðáxø,sargeras,1846,paladin,holy,48,25,23
Dýstopia,stormrage,1841,paladin,holy,41,21,20
Thejustice,tichondrius,1840,paladin,holy,168,81,87
Skillenjoyer,tichondrius,1839,paladin,holy,78,49,29
Bobthemad,illidan,1838,paladin,holy,59,33,26
Bushyy,tichondrius,1838,paladin,holy,54,26,28
Ðáx,sargeras,1835,paladin,holy,218,109,109
Nyctemavanna,ragnaros,1827,paladin,holy,138,72,66
Sojupapi,area-52,1827,paladin,holy,245,122,123
Ppgdx,azralon,1826,paladin,holy,78,34,44
Softsister,tichondrius,1825,paladin,holy,96,48,48
Twichy,tichondrius,1822,paladin,holy,48,26,22
Cyphinx,darkspear,1822,paladin,holy,103,48,55
Memnoche,frostmane,1821,paladin,holy,89,53,36
Sacbubldead,area-52,1820,paladin,holy,126,79,47
Perfect,crushridge,1820,paladin,holy,56,28,28
Deadlyassian,sargeras,1819,paladin,holy,100,54,46
Beejae,stormreaver,1818,paladin,holy,83,40,43
Zilea,kiljaeden,1818,paladin,holy,102,44,58
Ilovecanada,sargeras,1817,paladin,holy,58,31,27
Everrlasting,tichondrius,1817,paladin,holy,72,36,36
Esd,kelthuzad,1817,paladin,holy,71,31,40
Fonypally,tichondrius,1815,paladin,holy,332,171,161
Ddeuk,tichondrius,1814,paladin,holy,659,339,320
Waifu,area-52,1813,paladin,holy,36,22,14
Fukndibs,kiljaeden,1811,paladin,holy,172,85,87
Mctacos,proudmoore,1810,paladin,holy,30,23,7
Mercedez,bleeding-hollow,1809,paladin,holy,136,72,64
Bravepl,tichondrius,1808,paladin,holy,73,28,45
Dracfire,zuljin,1807,paladin,holy,45,24,21
Truluck,area-52,1807,paladin,holy,153,77,76
Barcie,lothar,1807,paladin,holy,108,50,58
Dalirah,illidan,1806,paladin,holy,75,46,29
Pallice,queldorei,1806,paladin,holy,156,80,76
Zetsubõ,stormrage,1806,paladin,holy,54,24,30
Insthy,illidan,1804,paladin,holy,185,97,88
Veejayx,tichondrius,1804,paladin,holy,50,25,25
Sd,kelthuzad,1804,paladin,holy,131,62,69
Adrizzyx,barthilas,1803,paladin,holy,48,26,22
Ængelic,barthilas,1803,paladin,holy,202,107,95
Dyppally,moon-guard,1803,paladin,holy,102,51,51
Wtbmana,frostmourne,1801,paladin,holy,72,39,33
Virabelle,gurubashi,1801,paladin,holy,66,33,33
Varies,kelthuzad,1801,paladin,holy,58,28,30
Tylennis,archimonde,1801,paladin,holy,172,82,90
Richpiana,nathrezim,1800,paladin,holy,106,60,46
Kevinthecube,nerzhul,1797,paladin,holy,60,44,16
Hongwoosang,tichondrius,1795,paladin,holy,188,89,99
Chobbler,tichondrius,1788,paladin,holy,66,26,40
Amourranth,stormrage,1785,paladin,holy,52,30,22
Censy,tichondrius,1783,paladin,holy,48,27,21
Colepal,zuljin,1777,paladin,holy,102,44,58
Hats,icecrown,1772,paladin,holy,245,125,120
Heaven,gurubashi,1769,paladin,holy,70,35,35
Taargaryenn,tichondrius,1763,paladin,holy,84,47,37
Hps,argent-dawn,1759,paladin,holy,42,22,20
Chenzio,garona,1743,paladin,holy,75,48,27
Killmoth,illidan,1742,paladin,holy,426,216,210
Uxe,zuljin,1735,paladin,holy,126,58,68
Ihaveajob,zuluhed,1730,paladin,holy,42,23,19
Xciss,kiljaeden,1730,paladin,holy,350,173,177
Defensezone,tichondrius,1729,paladin,holy,98,47,51
Bpalaax,kelthuzad,1728,paladin,holy,93,50,43
Evylinn,burning-legion,1727,paladin,holy,150,83,67
Cewekmbek,barthilas,1727,paladin,holy,48,19,29
Ckaïnë,stormrage,1724,paladin,holy,86,46,40
Peggy,azralon,1724,paladin,holy,51,27,24
Denke,thrall,1721,paladin,holy,48,24,24
Fixyouz,mannoroth,1718,paladin,holy,118,55,63
Holymooie,frostmourne,1711,paladin,holy,60,30,30
Wuhbp,illidan,1704,paladin,holy,106,58,48
Bombboyozjr,area-52,1701,paladin,holy,36,24,12
Cynthianna,tichondrius,1701,paladin,holy,376,188,188
Citylights,tichondrius,1700,paladin,holy,81,44,37
Showtíme,steamwheedle-cartel,1697,paladin,holy,31,19,12
Tiernoo,illidan,1695,paladin,holy,329,165,164
Sologriefer,sargeras,1694,paladin,holy,138,68,70
Beyondsausag,malganis,1693,paladin,holy,185,87,98
Zunit,laughing-skull,1693,paladin,holy,52,24,28
Fortold,bloodhoof,1692,paladin,holy,54,23,31
Denthus,dragonmaw,1691,paladin,holy,53,28,25
Miswalkpally,ragnaros,1691,paladin,holy,58,26,32
Saveursavior,bleeding-hollow,1690,paladin,holy,249,129,120
Sàga,hyjal,1688,paladin,holy,94,50,44
Mattc,tichondrius,1688,paladin,holy,59,25,34
Zpsychotycx,tichondrius,1687,paladin,holy,70,48,22
Zacháry,sargeras,1687,paladin,holy,332,173,159
Rachaelucky,malganis,1681,paladin,holy,36,18,18
Raigha,stormrage,1675,paladin,holy,48,27,21
Tenêbrae,area-52,1674,paladin,holy,52,33,19
Mangoflash,malganis,1673,paladin,holy,66,26,40
Quertz,sargeras,1669,paladin,holy,225,129,96
Mvpj,medivh,1669,paladin,holy,153,78,75
Bpalaayo,kelthuzad,1665,paladin,holy,134,58,76
Imshmackedd,darkspear,1663,paladin,holy,84,35,49
Louisvuttiøn,tichondrius,1662,paladin,holy,70,33,37
Fary,malganis,1661,paladin,holy,36,20,16
Landrysdad,malorne,1660,paladin,holy,54,26,28
Brynnhild,stormrage,1659,paladin,holy,162,83,79
Ivan,tichondrius,1659,paladin,holy,136,62,74
Dgpaladin,tichondrius,1658,paladin,holy,79,44,35
Lesauceboss,tichondrius,1658,paladin,holy,46,22,24
Sacridas,fizzcrank,1657,paladin,holy,36,20,16
Avengom,tichondrius,1656,paladin,holy,375,188,187
Madorian,bleeding-hollow,1655,paladin,holy,101,47,54
Thorfinaa,moon-guard,1653,paladin,holy,71,38,33
Bubbleofil,barthilas,1649,paladin,holy,65,39,26
Prettylightx,kelthuzad,1649,paladin,holy,376,193,183
Leonideez,moon-guard,1648,paladin,holy,93,45,48
Lalatinaford,amanthul,1647,paladin,holy,76,44,32
Paladinaiko,nemesis,1647,paladin,holy,141,71,70
Moonmi,tichondrius,1646,paladin,holy,205,117,88
Kustp,tichondrius,1646,paladin,holy,189,105,84
Mayru,ragnaros,1646,paladin,holy,75,35,40
Boklahoma,stormrage,1643,paladin,holy,36,25,11
Ppgddxx,azralon,1643,paladin,holy,30,18,12
Nerfretpls,area-52,1642,paladin,holy,42,20,22
Solfire,stormreaver,1640,paladin,holy,105,52,53
Dazargeros,moon-guard,1638,paladin,holy,132,66,66
Keyap,illidan,1638,paladin,holy,67,31,36
Gaelinar,tichondrius,1637,paladin,holy,60,29,31
Kencyz,tichondrius,1635,paladin,holy,49,28,21
Oing,tichondrius,1634,paladin,holy,76,45,31
Leonilx,tichondrius,1633,paladin,holy,36,23,13
Enzõ,illidan,1632,paladin,holy,48,26,22
Castleknight,tichondrius,1632,paladin,holy,77,38,39
Rhönin,sargeras,1632,paladin,holy,54,22,32
Rhunon,dalaran,1631,paladin,holy,78,41,37
Shazuwu,illidan,1630,paladin,holy,30,17,13
Gazapal,thrall,1628,paladin,holy,168,95,73
Xinqingle,tichondrius,1628,paladin,holy,495,253,242
Odriew,sargeras,1627,paladin,holy,36,17,19
Center,ragnaros,1627,paladin,holy,41,19,22
Mijikai,proudmoore,1626,paladin,holy,54,23,31
Songminsu,proudmoore,1625,paladin,holy,99,47,52
Deepnasty,galakrond,1624,paladin,holy,215,110,105
Bërzerk,zuluhed,1624,paladin,holy,121,59,62
Piïls,sargeras,1623,paladin,holy,42,20,22
Arcanux,thrall,1623,paladin,holy,48,20,28
Drisx,sargeras,1622,paladin,holy,124,64,60
Bopbotx,area-52,1621,paladin,holy,49,17,32
Stompedlawl,illidan,1620,paladin,holy,42,20,22
Retsincewod,zuluhed,1619,paladin,holy,78,41,37
Ricardão,emerald-dream,1617,paladin,holy,371,186,185
Rhönin,illidan,1616,paladin,holy,42,22,20
Minefujiko,tichondrius,1616,paladin,holy,381,194,187
Trevmagoosey,tichondrius,1616,paladin,holy,56,26,30
Caitthegreat,malorne,1613,paladin,holy,42,23,19
Nelliellx,tichondrius,1613,paladin,holy,48,21,27
Nodenom,blackrock,1612,paladin,holy,30,18,12
Vmxp,barthilas,1611,paladin,holy,94,56,38
Ricopal,frostmourne,1610,paladin,holy,36,17,19
Flow,spinebreaker,1610,paladin,holy,53,23,30
Slexpala,tichondrius,1609,paladin,holy,36,17,19
Jealp,sargeras,1608,paladin,holy,42,26,16
Roundhere,area-52,1608,paladin,holy,30,18,12
Naxzy,quelthalas,1608,paladin,holy,46,27,19
Larryhoova,malganis,1608,paladin,holy,36,20,16
Crâfty,bleeding-hollow,1608,paladin,holy,83,45,38
Dwarrior,quelthalas,1606,paladin,holy,39,18,21
Forsakenlite,sargeras,1606,paladin,holy,90,41,49
Ellyarian,emerald-dream,1604,paladin,holy,72,34,38
Theebus,tichondrius,1603,paladin,holy,76,28,48
Erikx,smolderthorn,1601,paladin,holy,120,66,54
Hoonjojjyanp,tichondrius,1601,paladin,holy,65,31,34
Orphandog,zuljin,1600,paladin,holy,29,21,8
Pseudoret,tichondrius,1600,paladin,holy,24,17,7
Gjoker,azralon,1600,paladin,holy,42,25,17
Roundbutts,stormrage,1600,paladin,holy,56,28,28
Kensyzs,tichondrius,1600,paladin,holy,78,29,49
Jiraya,nemesis,1598,paladin,holy,79,39,40
Taurenheit,area-52,1598,paladin,holy,189,93,96
Asherm,moon-guard,1590,paladin,holy,98,48,50
Runihaveaids,stormrage,1589,paladin,holy,292,150,142
Abellpally,tichondrius,1589,paladin,holy,54,23,31
Ascion,tichondrius,1588,paladin,holy,143,69,74
Chonsic,darkspear,1582,paladin,holy,90,40,50
Stephon,area-52,1582,paladin,holy,114,49,65
Bushÿ,tichondrius,1580,paladin,holy,134,74,60
Baitur,zuljin,1580,paladin,holy,73,37,36
Amiigo,tichondrius,1580,paladin,holy,72,34,38
Bopthebomb,sargeras,1580,paladin,holy,71,33,38
Sevenword,tichondrius,1577,paladin,holy,67,38,29
Technicolour,frostmourne,1576,paladin,holy,46,24,22
Thelac,dalaran,1575,paladin,holy,72,39,33
Zhula,nerzhul,1574,paladin,holy,54,33,21
Santiadin,ragnaros,1574,paladin,holy,32,19,13
Donkeydumper,wyrmrest-accord,1573,paladin,holy,142,83,59
Repèntance,stormrage,1572,paladin,holy,54,30,24
Kaseywyd,bonechewer,1572,paladin,holy,65,35,30
Zergmé,executus,1572,paladin,holy,78,38,40
Hammersdown,stormrage,1571,paladin,holy,98,62,36
Babaganôush,illidan,1571,paladin,holy,35,18,17
Sekitar,ragnaros,1571,paladin,holy,172,87,85
Gospel,duskwood,1570,paladin,holy,119,61,58
Gwok,thrall,1569,paladin,holy,167,89,78
Doktavius,lightbringer,1568,paladin,holy,29,20,9
Dodgeandhoj,nerzhul,1568,paladin,holy,55,28,27
Aluríel,quelthalas,1568,paladin,holy,56,28,28
Friendfriend,proudmoore,1567,paladin,holy,58,22,36
Santiagolol,ragnaros,1567,paladin,holy,53,20,33
Konvi,tichondrius,1566,paladin,holy,183,90,93
Peelmeree,kelthuzad,1565,paladin,holy,36,18,18
Nontheism,malganis,1565,paladin,holy,66,30,36
Hônòr,thrall,1564,paladin,holy,51,29,22
Zoeyxo,tichondrius,1563,paladin,holy,92,47,45
Sprjustice,frostmourne,1562,paladin,holy,36,18,18
Dorski,tichondrius,1559,paladin,holy,29,17,12
Senorbaxter,emerald-dream,1557,paladin,holy,66,27,39
Crüst,proudmoore,1556,paladin,holy,228,118,110
Madsama,quelthalas,1555,paladin,holy,81,42,39
Jezëbel,azralon,1554,paladin,holy,70,40,30
Montageflav,illidan,1554,paladin,holy,56,27,29
Pála,dalaran,1553,paladin,holy,218,105,113
Crabsaladpal,illidan,1550,paladin,holy,112,62,50
Vaerume,sargeras,1550,paladin,holy,129,70,59
Whalesx,thrall,1547,paladin,holy,40,20,20
Sheriff,tanaris,1547,paladin,holy,48,22,26
Brumm,quelthalas,1544,paladin,holy,89,47,42
Zayiro,eonar,1544,paladin,holy,42,20,22
Bushys,tichondrius,1543,paladin,holy,104,48,56
Klam,kelthuzad,1542,paladin,holy,156,76,80
Discordnitro,illidan,1541,paladin,holy,48,26,22
Riptonix,stormrage,1540,paladin,holy,121,66,55
Saibasita,tichondrius,1539,paladin,holy,48,33,15
Slüg,bleeding-hollow,1536,paladin,holy,264,134,130
Graceyrae,tichondrius,1533,paladin,holy,92,55,37
Cynical,dalvengyr,1533,paladin,holy,138,78,60
Holyknight,veknilash,1532,paladin,holy,95,48,47
Avahir,moon-guard,1532,paladin,holy,78,39,39
Molki,tichondrius,1529,paladin,holy,128,71,57
Shagalaga,tichondrius,1529,paladin,holy,184,91,93
Kencyxx,tichondrius,1529,paladin,holy,54,26,28
Gorgona,illidan,1527,paladin,holy,125,61,64
Iamguess,stormscale,1525,paladin,holy,78,36,42
Superzero,area-52,1524,paladin,holy,219,111,108
Kidstable,nathrezim,1523,paladin,holy,70,27,43
Atelva,moon-guard,1522,paladin,holy,111,67,44
Cjqcjq,tichondrius,1522,paladin,holy,94,47,47
Airbusx,tichondrius,1522,paladin,holy,41,20,21
Beyönd,quelthalas,1520,paladin,holy,78,39,39
Dageraad,tichondrius,1519,paladin,holy,30,16,14
Bigoldman,tichondrius,1519,paladin,holy,72,37,35
Handsomedan,twisting-nether,1519,paladin,holy,90,42,48
Jeromee,area-52,1519,paladin,holy,72,32,40
Saintcassi,wyrmrest-accord,1519,paladin,holy,42,17,25
Drägonmynuts,tichondrius,1517,paladin,holy,151,65,86
Sanasana,spirestone,1515,paladin,holy,177,98,79
Obllivionn,wildhammer,1514,paladin,holy,54,23,31
Teenytoots,burning-legion,1512,paladin,holy,135,53,82
Maeyz,sargeras,1511,paladin,holy,126,67,59
Boomda,tichondrius,1511,paladin,holy,256,128,128
Lindsans,illidan,1509,paladin,holy,48,32,16
Luminainre,zuljin,1509,paladin,holy,228,111,117
Bosat,drakkari,1509,paladin,holy,48,19,29
Kdex,tichondrius,1505,paladin,holy,84,37,47
Buqi,barthilas,1505,paladin,holy,69,30,39
Shijielol,tichondrius,1504,paladin,holy,43,22,21
Doofum,stormrage,1503,paladin,holy,131,58,73
Serendipidy,bleeding-hollow,1503,paladin,holy,98,43,55
Wodlim,azralon,1503,paladin,holy,52,22,30
Kyriexo,sargeras,1501,paladin,holy,60,25,35
Ageroÿ,sargeras,1500,paladin,holy,68,34,34
Rodrigo,frostmourne,1499,paladin,holy,81,39,42
Harryhui,tichondrius,1496,paladin,holy,42,23,19
Humañ,tichondrius,1496,paladin,holy,72,37,35
Haitishammer,stormrage,1494,paladin,holy,78,37,41
Lightkillerx,thrall,1494,paladin,holy,84,37,47
Criaharn,turalyon,1491,paladin,holy,211,98,113
Paladanim,tichondrius,1490,paladin,holy,77,23,54
Xanarïs,kiljaeden,1489,paladin,holy,84,41,43
Goldirock,quelthalas,1489,paladin,holy,54,26,28
Jiberish,illidan,1489,paladin,holy,145,69,76
Nickiminhoj,stormrage,1488,paladin,holy,51,29,22
Bubblet,bleeding-hollow,1488,paladin,holy,46,22,24
Xcuse,tichondrius,1487,paladin,holy,144,67,77
Irunnal,kelthuzad,1486,paladin,holy,53,33,20
Neurôtoxins,frostmourne,1485,paladin,holy,119,59,60
Pandahorn,tichondrius,1485,paladin,holy,60,25,35
Condone,earthen-ring,1484,paladin,holy,96,44,52
Yuuichi,moon-guard,1484,paladin,holy,124,53,71
Guerrer,hyjal,1482,paladin,holy,663,332,331
Ooppa,proudmoore,1482,paladin,holy,143,67,76
Vodokus,area-52,1480,paladin,holy,118,54,64
Stophamrtime,barthilas,1479,paladin,holy,72,35,37
Regivan,nemesis,1479,paladin,holy,42,16,26
Aulty,sargeras,1479,paladin,holy,77,28,49
Kusunoki,kelthuzad,1478,paladin,holy,45,24,21
Fredward,bleeding-hollow,1478,paladin,holy,35,18,17
Dewlight,zuljin,1477,paladin,holy,161,77,84
Goldensmile,frostmourne,1476,paladin,holy,54,27,27
Dimix,sargeras,1476,paladin,holy,65,32,33
Ibury,quelthalas,1476,paladin,holy,257,122,135
Zenkk,sargeras,1475,paladin,holy,57,23,34
Caobobby,tichondrius,1474,paladin,holy,57,25,32
Percüles,sargeras,1473,paladin,holy,66,38,28
Boundric,emerald-dream,1473,paladin,holy,66,29,37
Chedis,mugthol,1469,paladin,holy,66,33,33
Judgemode,the-scryers,1468,paladin,holy,96,41,55
Swordstrikes,tichondrius,1467,paladin,holy,53,26,27
Ryhighdi,sargeras,1467,paladin,holy,48,22,26
Droopyz,quelthalas,1467,paladin,holy,78,35,43
Pasda,frostmourne,1467,paladin,holy,77,29,48
Blarr,azshara,1466,paladin,holy,84,34,50
Glørythrives,tichondrius,1465,paladin,holy,57,25,32
Vitabro,bleeding-hollow,1464,paladin,holy,155,81,74
Regivän,azralon,1464,paladin,holy,108,49,59
Traumaboy,terenas,1463,paladin,holy,87,44,43
Rezmefool,tichondrius,1462,paladin,holy,169,84,85
Danpros,azralon,1462,paladin,holy,84,34,50
Hughmyron,stormrage,1461,paladin,holy,40,24,16
Cohesion,draenor,1461,paladin,holy,77,35,42
Daenrahh,azralon,1458,paladin,holy,194,99,95
Wonpai,frostmourne,1457,paladin,holy,57,26,31
Omfgitsyang,tichondrius,1456,paladin,holy,47,27,20
Wonpaiv,frostmourne,1456,paladin,holy,53,21,32
Devöut,aggramar,1455,paladin,holy,199,96,103
Gankstapwn,tichondrius,1455,paladin,holy,59,27,32
Jorik,lightbringer,1454,paladin,holy,48,22,26
Jässy,muradin,1454,paladin,holy,101,46,55
Jdxqt,darkspear,1454,paladin,holy,72,31,41
Fiate,azralon,1452,paladin,holy,48,23,25
Maín,tichondrius,1451,paladin,holy,34,16,18
Handyandy,kelthuzad,1450,paladin,holy,118,61,57
Palladomal,azralon,1450,paladin,holy,96,49,47
Aldrion,stormrage,1449,paladin,holy,118,53,65
Vamplyy,kelthuzad,1447,paladin,holy,42,18,24
Kirilx,vashj,1446,paladin,holy,54,30,24
Kihluxo,frostmourne,1446,paladin,holy,101,56,45
Twìceborn,emerald-dream,1446,paladin,holy,70,34,36
Holyterror,dentarg,1444,paladin,holy,54,29,25
Tigranes,proudmoore,1444,paladin,holy,36,17,19
Celsica,kelthuzad,1443,paladin,holy,153,73,80
Chowdar,proudmoore,1443,paladin,holy,78,36,42
Emojunz,ragnaros,1442,paladin,holy,28,20,8
Holyprotectr,tichondrius,1442,paladin,holy,30,17,13
Penpal,sargeras,1442,paladin,holy,45,18,27
Sadamell,tichondrius,1441,paladin,holy,32,21,11
Cykcp,burning-legion,1441,paladin,holy,72,34,38
Danyuel,zuljin,1441,paladin,holy,86,39,47
Notdjalex,zuljin,1440,paladin,holy,30,19,11
Noback,ragnaros,1438,paladin,holy,78,37,41
Sigmapepe,quelthalas,1436,paladin,holy,96,52,44
Gotomars,tichondrius,1436,paladin,holy,107,53,54
Rg,nerzhul,1436,paladin,holy,261,126,135
Ryhigh,sargeras,1436,paladin,holy,89,38,51
Ocean,sargeras,1436,paladin,holy,36,15,21
Allitharis,tichondrius,1435,paladin,holy,118,61,57
Lightupx,stormrage,1435,paladin,holy,97,43,54
Xuantianchai,tichondrius,1431,paladin,holy,30,15,15
Bakoø,tichondrius,1430,paladin,holy,83,42,41
Kriegmeister,amanthul,1429,paladin,holy,48,24,24
Solarcity,tichondrius,1428,paladin,holy,52,30,22
Lyticmartyr,bleeding-hollow,1427,paladin,holy,48,24,24
Holyhades,auchindoun,1426,paladin,holy,149,81,68
Zakath,the-underbog,1426,paladin,holy,78,33,45
Brioc,tichondrius,1424,paladin,holy,36,22,14
Lothnalar,ragnaros,1424,paladin,holy,54,23,31
Mastadin,illidan,1422,paladin,holy,36,19,17
Lucciuzz,tichondrius,1422,paladin,holy,86,43,43
Splashleyy,bleeding-hollow,1421,paladin,holy,148,69,79
Flareous,moon-guard,1420,paladin,holy,54,24,30
Jpwx,barthilas,1419,paladin,holy,30,15,15
Lhpal,ragnaros,1418,paladin,holy,65,34,31
Mywifeisbad,tichondrius,1417,paladin,holy,48,34,14
Decalli,tichondrius,1417,paladin,holy,69,35,34
Hoopzz,illidan,1417,paladin,holy,87,38,49
Xöchïqüëtzäl,tichondrius,1416,paladin,holy,35,18,17
Loyantal,tichondrius,1416,paladin,holy,42,19,23
Dartpuncher,frostmourne,1414,paladin,holy,120,63,57
Delilahxoxo,mugthol,1414,paladin,holy,69,31,38
Realpalada,tichondrius,1414,paladin,holy,65,25,40
Alessan,nemesis,1413,paladin,holy,31,18,13
Archerxx,ragnaros,1413,paladin,holy,30,15,15
Xuanxingchai,tichondrius,1413,paladin,holy,72,30,42
Unbreakable,antonidas,1412,paladin,holy,51,36,15
Viviana,shadowmoon,1412,paladin,holy,58,27,31
Alphanerd,burning-blade,1410,paladin,holy,73,40,33
Saphri,kiljaeden,1410,paladin,holy,450,228,222
Lliliiliil,illidan,1409,paladin,holy,194,101,93
Quadrifoglio,moon-guard,1409,paladin,holy,205,106,99
Racketyman,illidan,1409,paladin,holy,41,19,22
Arral,malganis,1408,paladin,holy,66,31,35
Vasar,tichondrius,1406,paladin,holy,37,26,11
Maleguz,azralon,1406,paladin,holy,309,159,150
Granitei,quelthalas,1406,paladin,holy,74,37,37
Nume,nesingwary,1404,paladin,holy,102,51,51
Nxkita,sargeras,1403,paladin,holy,54,28,26
Nilin,tichondrius,1403,paladin,holy,66,32,34
Kokomö,kelthuzad,1403,paladin,holy,71,33,38
Nanøha,frostmourne,1402,paladin,holy,88,26,62
Aslanamir,illidan,1400,paladin,holy,78,36,42
Tandury,tichondrius,1399,paladin,holy,114,63,51
Wálker,ragnaros,1399,paladin,holy,98,48,50
Smitty,korgath,1399,paladin,holy,58,27,31
Talantyr,zuljin,1398,paladin,holy,48,23,25
Uprise,chogall,1397,paladin,holy,66,33,33
Anderentonso,tichondrius,1397,paladin,holy,66,30,36
Fabîan,guldan,1395,paladin,holy,42,22,20
Dadcantsac,frostmourne,1395,paladin,holy,87,41,46
Hawtwangs,proudmoore,1394,paladin,holy,102,55,47
Indemnity,wildhammer,1394,paladin,holy,93,49,44
Ashley,sargeras,1394,paladin,holy,47,24,23
Vêgenace,proudmoore,1394,paladin,holy,39,19,20
Krackanut,kelthuzad,1394,paladin,holy,42,19,23
Emrys,frostmourne,1393,paladin,holy,45,28,17
Slygonjinn,area-52,1392,paladin,holy,48,21,27
Chor,tichondrius,1391,paladin,holy,28,18,10
Sapphiros,tichondrius,1388,paladin,holy,68,25,43
Summercarma,area-52,1387,paladin,holy,27,15,12
Liå,frostmourne,1387,paladin,holy,168,85,83
Holyramen,illidan,1384,paladin,holy,267,126,141
Scoopzi,frostmourne,1383,paladin,holy,72,35,37
Samaze,tichondrius,1382,paladin,holy,138,66,72
Rarth,nemesis,1382,paladin,holy,71,27,44
Jaenus,azralon,1380,paladin,holy,84,44,40
Ricemang,kiljaeden,1380,paladin,holy,143,69,74
Trivv,illidan,1379,paladin,holy,96,42,54
Cbm,tichondrius,1378,paladin,holy,35,20,15
Palapoxi,arygos,1377,paladin,holy,77,36,41
Doorii,tichondrius,1377,paladin,holy,47,18,29
Leónrey,stormrage,1376,paladin,holy,92,33,59
Waldir,silver-hand,1374,paladin,holy,114,53,61
Wokeinator,malganis,1373,paladin,holy,321,165,156
Lu,the-venture-co,1371,paladin,holy,34,15,19
Massivesac,frostmourne,1369,paladin,holy,36,22,14
Jimmipepe,quelthalas,1369,paladin,holy,42,24,18
Mânz,zuljin,1369,paladin,holy,60,21,39
Shaidd,bleeding-hollow,1368,paladin,holy,77,34,43
Mellidi,azralon,1367,paladin,holy,42,23,19
Saeranella,moon-guard,1366,paladin,holy,106,44,62
Paladinaa,lothar,1364,paladin,holy,104,41,63
Enuug,malfurion,1362,paladin,holy,108,62,46
Sinay,azshara,1362,paladin,holy,163,88,75
Gorilla,kiljaeden,1362,paladin,holy,65,15,50
Rengen,frostmourne,1360,paladin,holy,42,22,20
Zephyrvalor,sargeras,1360,paladin,holy,48,18,30
Doominusx,tichondrius,1359,paladin,holy,42,24,18
Bebebig,tichondrius,1358,paladin,holy,270,143,127
Röniin,ragnaros,1358,paladin,holy,348,181,167
Rhamadicinu,frostmourne,1357,paladin,holy,193,94,99
Herakleitos,firetree,1356,paladin,holy,99,53,46
Choonsly,tichondrius,1356,paladin,holy,69,36,33
Lightswitchx,stormrage,1355,paladin,holy,42,16,26
Fedpowell,tichondrius,1354,paladin,holy,35,15,20
Catechism,laughing-skull,1353,paladin,holy,50,28,22
Amadeo,hyjal,1353,paladin,holy,101,44,57
Andantìno,tichondrius,1352,paladin,holy,41,19,22
Galabanja,malganis,1350,paladin,holy,42,24,18
Bulgecranker,tichondrius,1350,paladin,holy,36,20,16
Oralen,daggerspine,1350,paladin,holy,66,31,35
Hamen,frostwolf,1349,paladin,holy,41,22,19
Møcha,moon-guard,1347,paladin,holy,50,26,24
Ingrìd,ragnaros,1346,paladin,holy,24,17,7
Monts,azralon,1346,paladin,holy,102,51,51
Flippo,sargeras,1346,paladin,holy,36,17,19
Hruuhwa,wyrmrest-accord,1345,paladin,holy,46,24,22
Piura,stormreaver,1345,paladin,holy,48,23,25
Wiley,dark-iron,1344,paladin,holy,54,31,23
Septicyogurt,tichondrius,1344,paladin,holy,35,15,20
Harke,drakkari,1341,paladin,holy,63,35,28
Berseus,tichondrius,1341,paladin,holy,175,76,99
Fatsoo,sargeras,1340,paladin,holy,67,30,37
Htmlar,tichondrius,1338,paladin,holy,75,41,34
Stormzy,zuljin,1338,paladin,holy,98,46,52
Marretaoloco,stormrage,1338,paladin,holy,59,25,34
Xiaoladin,frostmourne,1337,paladin,holy,25,16,9
Güido,stormrage,1337,paladin,holy,42,23,19
Leonrey,stormrage,1337,paladin,holy,43,21,22
Aiakus,lightbringer,1336,paladin,holy,30,15,15
Ozpal,burning-blade,1335,paladin,holy,53,33,20
Riporeo,rexxar,1334,paladin,holy,42,27,15
Mabia,tichondrius,1334,paladin,holy,257,129,128
Holysplonk,stonemaul,1334,paladin,holy,108,51,57
Ajlol,thrall,1334,paladin,holy,30,14,16
Finerkane,quelthalas,1334,paladin,holy,138,62,76
Tryvor,stormrage,1334,paladin,holy,48,17,31
Emptyjump,eredar,1333,paladin,holy,24,17,7
Zavop,tichondrius,1333,paladin,holy,30,15,15
Palazin,frostmourne,1333,paladin,holy,212,96,116
Therealdeal,sargeras,1332,paladin,holy,77,41,36
Hawianbread,stormrage,1331,paladin,holy,60,33,27
Nepnade,stormrage,1331,paladin,holy,47,25,22
Mcllovin,kiljaeden,1330,paladin,holy,72,34,38
Buri,tichondrius,1330,paladin,holy,42,17,25
Phinnik,tichondrius,1329,paladin,holy,250,125,125
Wrathbourne,sargeras,1328,paladin,holy,42,14,28
Syrenz,khazgoroth,1327,paladin,holy,42,24,18
Ashgrim,kiljaeden,1327,paladin,holy,77,37,40
Palltard,illidan,1325,paladin,holy,71,30,41
Minereth,quelthalas,1324,paladin,holy,65,32,33
Alcaedra,shadowsong,1324,paladin,holy,92,45,47
Jordenz,bonechewer,1324,paladin,holy,30,14,16
Consecrated,daggerspine,1324,paladin,holy,75,30,45
Affrika,ysondre,1323,paladin,holy,128,66,62
Zantdemption,frostmourne,1322,paladin,holy,30,15,15
Wukongsunn,dalaran,1322,paladin,holy,84,41,43
Oîn,area-52,1322,paladin,holy,30,14,16
Lilfingered,malganis,1321,paladin,holy,71,38,33
Bakoo,tichondrius,1321,paladin,holy,84,41,43
Ramphastoz,quelthalas,1321,paladin,holy,72,32,40
Jurjen,quelthalas,1318,paladin,holy,30,14,16
Ùnholypally,jubeithos,1316,paladin,holy,71,42,29
Valandiel,proudmoore,1315,paladin,holy,61,15,46
Marybopins,darkspear,1314,paladin,holy,54,34,20
Liv,lightnings-blade,1314,paladin,holy,54,24,30
Hodl,barthilas,1313,paladin,holy,113,58,55
Odiinn,stormscale,1313,paladin,holy,181,84,97
Clare,burning-blade,1312,paladin,holy,119,55,64
Aberos,stonemaul,1312,paladin,holy,75,26,49
Mawning,kelthuzad,1311,paladin,holy,220,111,109
Ryhighh,sargeras,1311,paladin,holy,93,37,56
Yadiyadiyada,barthilas,1310,paladin,holy,60,34,26
Taiion,proudmoore,1310,paladin,holy,60,30,30
Mianheyo,quelthalas,1309,paladin,holy,71,38,33
Holyredx,bleeding-hollow,1308,paladin,holy,173,94,79
Negodoskate,nemesis,1308,paladin,holy,213,106,107
Nrpzy,stormrage,1307,paladin,holy,131,57,74
Thrandeill,bleeding-hollow,1306,paladin,holy,24,15,9
Kektrixia,tichondrius,1306,paladin,holy,36,19,17
Errant,bonechewer,1305,paladin,holy,53,31,22
Beerüs,crushridge,1303,paladin,holy,66,36,30
Twck,hyjal,1302,paladin,holy,191,92,99
Dreadrot,azralon,1302,paladin,holy,50,24,26
Ironpaladin,sargeras,1302,paladin,holy,110,49,61
Sorkar,tichondrius,1301,paladin,holy,129,66,63
Solanin,frostmourne,1301,paladin,holy,90,45,45
Einjerhar,quelthalas,1300,paladin,holy,48,22,26
Sventyn,frostmourne,1298,paladin,holy,85,47,38
Dóminos,quelthalas,1298,paladin,holy,48,24,24
Galearn,ragnaros,1298,paladin,holy,30,14,16
Quarall,blackhand,1295,paladin,holy,112,58,54
Chånïng,frostmourne,1295,paladin,holy,48,20,28
Vurian,uther,1295,paladin,holy,90,36,54
Beefin,dalaran,1293,paladin,holy,67,37,30
Weenustickle,barthilas,1293,paladin,holy,58,19,39
Dispirit,the-forgotten-coast,1292,paladin,holy,85,53,32
Pradå,tichondrius,1292,paladin,holy,24,14,10
Jacobhowda,tichondrius,1292,paladin,holy,54,25,29
Daphillen,frostmourne,1288,paladin,holy,41,23,18
Botburger,stormrage,1288,paladin,holy,48,21,27
Justeight,stormrage,1287,paladin,holy,78,43,35
Lørdthemar,azralon,1286,paladin,holy,60,26,34
Blessthfall,bleeding-hollow,1286,paladin,holy,51,14,37
Undefeatæd,korgath,1285,paladin,holy,52,29,23
Colbroggins,crushridge,1285,paladin,holy,50,26,24
Supercutee,malganis,1281,paladin,holy,34,14,20
Yogafire,kelthuzad,1279,paladin,holy,60,32,28
Cirillah,quelthalas,1278,paladin,holy,36,17,19
Holywhiteguy,emerald-dream,1277,paladin,holy,46,28,18
Cudiskush,tichondrius,1276,paladin,holy,51,30,21
Dimior,quelthalas,1276,paladin,holy,60,30,30
Darkbringer,frostmourne,1275,paladin,holy,82,42,40
Impaler,gorefiend,1272,paladin,holy,112,46,66
Hulksmash,terenas,1270,paladin,holy,89,38,51
Árrest,tichondrius,1269,paladin,holy,30,16,14
Malakor,thrall,1267,paladin,holy,139,68,71
Merll,ragnaros,1267,paladin,holy,121,58,63
Korvén,area-52,1266,paladin,holy,36,21,15
Andrilsteh,malganis,1265,paladin,holy,52,26,26
Cowladino,tichondrius,1265,paladin,holy,55,27,28
Pallin,sargeras,1264,paladin,holy,90,41,49
Palastik,malganis,1264,paladin,holy,59,24,35
Salivan,darkspear,1263,paladin,holy,33,16,17
Sneakypal,dalaran,1263,paladin,holy,58,22,36
Îcandy,stormrage,1262,paladin,holy,30,17,13
Motoa,stormrage,1262,paladin,holy,36,19,17
Dumpytrucks,sargeras,1262,paladin,holy,48,24,24
Hèró,barthilas,1261,paladin,holy,30,16,14
Coltlocks,sargeras,1261,paladin,holy,54,26,28
Thiccholy,deathwing,1260,paladin,holy,170,93,77
Kromthael,burning-blade,1260,paladin,holy,36,18,18
Klamindor,emerald-dream,1259,paladin,holy,66,30,36
Randuir,proudmoore,1258,paladin,holy,68,38,30
Evanlina,bleeding-hollow,1258,paladin,holy,27,15,12
Lafasíta,ragnaros,1257,paladin,holy,36,19,17
Brenenk,quelthalas,1257,paladin,holy,65,32,33
Imabandagins,bleeding-hollow,1257,paladin,holy,109,52,57
Saxmurderz,tichondrius,1256,paladin,holy,30,18,12
Mörphêus,tichondrius,1255,paladin,holy,101,56,45
Holyslapy,illidan,1255,paladin,holy,77,41,36
Troypolamalu,dark-iron,1255,paladin,holy,30,14,16
Heálbót,tichondrius,1253,paladin,holy,49,27,22
Ckemosabe,emerald-dream,1252,paladin,holy,38,14,24
Deidei,blood-furnace,1251,paladin,holy,29,17,12
Faileeria,malganis,1250,paladin,holy,48,34,14
Ramzäbeoulve,tichondrius,1249,paladin,holy,161,70,91
Whitekao,illidan,1247,paladin,holy,18,13,5
Elutherios,tichondrius,1247,paladin,holy,54,26,28
Hopeyouheal,sargeras,1247,paladin,holy,30,14,16
Galeras,norgannon,1246,paladin,holy,265,124,141
Phpremium,dalaran,1246,paladin,holy,30,13,17
Kenric,quelthalas,1246,paladin,holy,89,38,51
Freyr,deathwing,1245,paladin,holy,44,24,20
Chewiipal,dalaran,1245,paladin,holy,87,47,40
Joshington,stormrage,1245,paladin,holy,53,16,37
Silvermind,tichondrius,1244,paladin,holy,30,17,13
Vidalia,barthilas,1243,paladin,holy,41,20,21
Shámder,quelthalas,1243,paladin,holy,65,28,37
Tropicorn,proudmoore,1241,paladin,holy,84,40,44
Herroprease,frostmane,1241,paladin,holy,30,13,17
Scarlet,skywall,1241,paladin,holy,30,13,17
Deepsearide,illidan,1240,paladin,holy,168,87,81
Drossp,illidan,1239,paladin,holy,24,13,11
Bubblepigo,tichondrius,1237,paladin,holy,69,38,31
Anatnof,malganis,1237,paladin,holy,30,16,14
Kristienna,boulderfist,1236,paladin,holy,35,16,19
Konesky,dalaran,1236,paladin,holy,59,26,33
Hamburgeryu,tichondrius,1236,paladin,holy,42,13,29
Psuito,ragnaros,1234,paladin,holy,66,33,33
Judgynomnom,the-underbog,1234,paladin,holy,36,13,23
Tuor,nerzhul,1233,paladin,holy,18,13,5
Dboly,frostmourne,1233,paladin,holy,120,59,61
Kariack,malganis,1231,paladin,holy,30,15,15
Diebeatus,zuljin,1231,paladin,holy,54,25,29
Holyquadz,elune,1229,paladin,holy,48,24,24
Sinfolly,whisperwind,1229,paladin,holy,121,57,64
Justizz,vashj,1228,paladin,holy,65,35,30
Mobitz,dalvengyr,1228,paladin,holy,36,16,20
Shorthordeon,kelthuzad,1227,paladin,holy,94,52,42
Venictus,frostwolf,1227,paladin,holy,24,13,11
Gareyn,moon-guard,1227,paladin,holy,36,14,22
Mundomaloo,quelthalas,1226,paladin,holy,59,31,28
Crocfacex,tichondrius,1226,paladin,holy,46,18,28
Lovesongs,sargeras,1225,paladin,holy,24,13,11
Jessuss,shandris,1224,paladin,holy,75,34,41
Szsfstnoob,tichondrius,1224,paladin,holy,30,13,17
Babylonfive,zuluhed,1222,paladin,holy,194,90,104
Miniweiner,proudmoore,1222,paladin,holy,30,13,17
Akromma,drakkari,1221,paladin,holy,59,31,28
Aellithiene,tichondrius,1221,paladin,holy,30,13,17
Vithar,bleeding-hollow,1218,paladin,holy,221,106,115
Slippyp,darkspear,1217,paladin,holy,41,20,21
Jaycube,frostmourne,1217,paladin,holy,108,43,65
Myrthedara,kargath,1215,paladin,holy,63,29,34
Saffranzord,azralon,1214,paladin,holy,73,35,38
Bubblebooty,drakthul,1213,paladin,holy,80,50,30
Savagegirlz,tichondrius,1213,paladin,holy,82,35,47
Beefyjones,illidan,1212,paladin,holy,81,41,40
Tizzi,eredar,1210,paladin,holy,23,13,10
Zarrakra,daggerspine,1209,paladin,holy,24,13,11
Swazanaseger,frostmourne,1209,paladin,holy,96,47,49
Zakh,proudmoore,1209,paladin,holy,68,29,39
Capedcrusade,area-52,1208,paladin,holy,24,13,11
Krysalid,stormrage,1208,paladin,holy,52,28,24
Yérn,barthilas,1208,paladin,holy,42,15,27
Sýteck,sargeras,1207,paladin,holy,36,13,23
Ramspartan,drakkari,1206,paladin,holy,136,66,70
Hitsilent,warsong,1205,paladin,holy,24,14,10
Burgalveist,azgalor,1202,paladin,holy,25,15,10
Bárdokø,ragnaros,1202,paladin,holy,138,68,70
Contémpt,kelthuzad,1202,paladin,holy,30,14,16
Oopalaoo,azralon,1202,paladin,holy,54,19,35
Nikopala,tichondrius,1201,paladin,holy,39,20,19
Chopsparks,khadgar,1201,paladin,holy,147,75,72
Holyflux,winterhoof,1200,paladin,holy,18,13,5
Maaxxee,zuljin,1200,paladin,holy,27,13,14
Aoishie,bleeding-hollow,1200,paladin,holy,90,40,50
Hammercy,tichondrius,1199,paladin,holy,127,67,60
Boarfarmer,tichondrius,1199,paladin,holy,87,37,50
Whangsta,tichondrius,1194,paladin,holy,54,23,31
Dreemie,tichondrius,1194,paladin,holy,54,20,34
Toroke,nemesis,1193,paladin,holy,78,43,35
Salipally,dalaran,1192,paladin,holy,115,50,65
Swanp,stormrage,1191,paladin,holy,60,26,34
Encantado,thrall,1190,paladin,holy,43,20,23
Stompcomp,tichondrius,1189,paladin,holy,152,76,76
Oldgrumpster,stormrage,1188,paladin,holy,180,84,96
Kentö,area-52,1187,paladin,holy,42,21,21
Rogrmurtaugh,sargeras,1187,paladin,holy,115,57,58
Pallythre,proudmoore,1187,paladin,holy,54,23,31
Lycheelz,illidan,1184,paladin,holy,66,40,26
Saccerball,tichondrius,1183,paladin,holy,23,13,10
Donoph,blades-edge,1182,paladin,holy,44,20,24
Granklol,tichondrius,1181,paladin,holy,98,41,57
Agert,bloodhoof,1181,paladin,holy,110,39,71
Paladinomoto,sargeras,1180,paladin,holy,46,22,24
Sixtynine,nathrezim,1180,paladin,holy,78,35,43
Prosykt,sargeras,1179,paladin,holy,36,14,22
Usa,dark-iron,1178,paladin,holy,64,30,34
Cheliere,kiljaeden,1178,paladin,holy,66,28,38
Jestiny,amanthul,1174,paladin,holy,128,63,65
Barbaluzz,quelthalas,1174,paladin,holy,257,123,134
Hobbsone,trollbane,1173,paladin,holy,143,55,88
Belmonte,greymane,1172,paladin,holy,24,15,9
Madcandy,illidan,1172,paladin,holy,24,15,9
Mitshuki,ragnaros,1168,paladin,holy,42,19,23
Elizzabeth,skullcrusher,1167,paladin,holy,53,27,26
Goodwood,ghostlands,1167,paladin,holy,116,54,62
Yacè,moon-guard,1167,paladin,holy,39,18,21
Elladan,illidan,1166,paladin,holy,148,54,94
Ëd,moon-guard,1162,paladin,holy,186,95,91
Ihr,kiljaeden,1162,paladin,holy,96,45,51
Mortianna,illidan,1161,paladin,holy,30,15,15
Holodecoy,bleeding-hollow,1161,paladin,holy,60,28,32
Sinara,detheroc,1159,paladin,holy,149,71,78
Bloodyhull,azralon,1157,paladin,holy,24,17,7
Jazzmatic,dalaran,1157,paladin,holy,53,24,29
Chewyjitsu,tichondrius,1154,paladin,holy,81,33,48
Onecmpeter,kelthuzad,1152,paladin,holy,67,38,29
Ballsmcgee,bleeding-hollow,1152,paladin,holy,181,77,104
Ej,ragnaros,1151,paladin,holy,24,12,12
Xotama,moon-guard,1151,paladin,holy,24,12,12
Holycowisroy,illidan,1150,paladin,holy,24,12,12
Picorii,frostmourne,1150,paladin,holy,30,12,18
Bignum,illidan,1150,paladin,holy,36,12,24
Cathode,area-52,1149,paladin,holy,24,15,9
Boxjang,tichondrius,1149,paladin,holy,24,12,12
Milkovir,quelthalas,1149,paladin,holy,48,12,36
Lòuisvuttion,tichondrius,1148,paladin,holy,18,12,6
Centimus,moon-guard,1147,paladin,holy,24,12,12
Bluemitch,malfurion,1147,paladin,holy,48,20,28
Holygutzz,barthilas,1147,paladin,holy,36,12,24
Lindnerxo,malganis,1147,paladin,holy,36,12,24
Daik,proudmoore,1146,paladin,holy,70,37,33
Kamaelyn,proudmoore,1146,paladin,holy,151,74,77
Toesy,area-52,1146,paladin,holy,70,30,40
Psychorino,tichondrius,1145,paladin,holy,43,16,27
Renteria,sargeras,1144,paladin,holy,24,12,12
Votasha,tichondrius,1143,paladin,holy,24,12,12
Spikele,barthilas,1143,paladin,holy,36,17,19
Homiepaldino,nordrassil,1143,paladin,holy,30,12,18
Rett,chogall,1141,paladin,holy,20,14,6
Iramm,gallywix,1141,paladin,holy,18,12,6
Tenlorian,illidan,1139,paladin,holy,18,12,6
Dazztrain,barthilas,1139,paladin,holy,24,12,12
Hulkamaniac,blackhand,1139,paladin,holy,30,13,17
Elogant,mannoroth,1138,paladin,holy,58,33,25
Pallyspaz,bleeding-hollow,1138,paladin,holy,24,12,12
Pemodyne,illidan,1137,paladin,holy,106,40,66
Heniou,tichondrius,1136,paladin,holy,59,26,33
Lanzzelot,goldrinn,1135,paladin,holy,30,12,18
Lightouch,azuremyst,1132,paladin,holy,72,25,47
Exxin,turalyon,1130,paladin,holy,125,57,68
Vänhélsing,tichondrius,1129,paladin,holy,49,20,29
Alarter,azralon,1128,paladin,holy,36,13,23
Clehley,turalyon,1126,paladin,holy,54,24,30
Trycider,lightninghoof,1126,paladin,holy,30,12,18
Rajava,gallywix,1125,paladin,holy,86,46,40
Papaa,nemesis,1124,paladin,holy,229,109,120
Jiaofu,illidan,1123,paladin,holy,24,12,12
Bonz,ragnaros,1121,paladin,holy,24,12,12
Divinetits,sargeras,1121,paladin,holy,84,35,49
Zyrk,nemesis,1120,paladin,holy,24,12,12
Sloppybobby,zuljin,1119,paladin,holy,30,16,14
Dueprøcess,elune,1119,paladin,holy,24,12,12
Ellisar,kiljaeden,1119,paladin,holy,24,12,12
Anea,kelthuzad,1119,paladin,holy,56,27,29
Ziggzag,hyjal,1117,paladin,holy,78,34,44
Bunksta,kelthuzad,1116,paladin,holy,52,25,27
Kipow,proudmoore,1116,paladin,holy,36,16,20
Teloniow,quelthalas,1116,paladin,holy,62,27,35
Thorgard,antonidas,1115,paladin,holy,60,31,29
Lukas,vashj,1113,paladin,holy,241,122,119
Holyhali,zuljin,1111,paladin,holy,80,27,53
Holymorph,tichondrius,1108,paladin,holy,22,13,9
Zowolf,quelthalas,1108,paladin,holy,65,33,32
Acori,azralon,1108,paladin,holy,39,18,21
Paladeena,azshara,1107,paladin,holy,101,59,42
Kigz,illidan,1107,paladin,holy,28,12,16
Bricker,barthilas,1107,paladin,holy,51,18,33
Dawnhammer,mugthol,1106,paladin,holy,82,40,42
Trivana,durotan,1104,paladin,holy,29,16,13
Kelthor,azralon,1104,paladin,holy,36,18,18
Freezion,aegwynn,1104,paladin,holy,33,15,18
Lovehan,tichondrius,1103,paladin,holy,27,12,15
Darillas,tichondrius,1103,paladin,holy,34,12,22
Holysols,zuljin,1102,paladin,holy,24,12,12
Lovinglight,zuljin,1101,paladin,holy,30,17,13
Meatburger,stormrage,1101,paladin,holy,54,20,34
Lavarball,tichondrius,1098,paladin,holy,41,14,27
Tittanfalls,illidan,1097,paladin,holy,72,36,36
Guççi,thunderlord,1096,paladin,holy,44,21,23
Hybbo,runetotem,1095,paladin,holy,30,15,15
Vamir,magtheridon,1093,paladin,holy,48,24,24
Whosharted,area-52,1092,paladin,holy,66,36,30
Buckybarnes,gorefiend,1087,paladin,holy,48,30,18
Unworn,proudmoore,1087,paladin,holy,66,34,32
Palaadiin,sargeras,1086,paladin,holy,84,45,39
Lobõ,ragnaros,1086,paladin,holy,48,18,30
Alipal,area-52,1086,paladin,holy,51,13,38
Liadrin,sentinels,1085,paladin,holy,29,12,17
Scorcholdman,tichondrius,1085,paladin,holy,41,12,29
Fokatayew,korialstrasz,1084,paladin,holy,67,31,36
Kënsi,quelthalas,1083,paladin,holy,236,118,118
Räny,quelthalas,1082,paladin,holy,30,13,17
Paladinkofwa,tichondrius,1082,paladin,holy,39,12,27
Ilillilil,illidan,1081,paladin,holy,30,17,13
Ahundo,stonemaul,1078,paladin,holy,71,39,32
Shocka,norgannon,1078,paladin,holy,90,48,42
Salitheion,queldorei,1076,paladin,holy,66,24,42
Thãnzir,wyrmrest-accord,1076,paladin,holy,63,21,42
Maldobarr,stormrage,1075,paladin,holy,30,12,18
Rykeran,warsong,1074,paladin,holy,120,66,54
Boostsixty,proudmoore,1074,paladin,holy,48,19,29
Marcopolo,azralon,1071,paladin,holy,41,14,27
Vaalbara,fizzcrank,1070,paladin,holy,30,14,16
Pathalerix,eonar,1070,paladin,holy,42,17,25
Raqu,laughing-skull,1068,paladin,holy,81,35,46
Resio,illidan,1068,paladin,holy,36,13,23
Lawroadm,tichondrius,1064,paladin,holy,24,18,6
Constantino,hakkar,1064,paladin,holy,24,13,11
Lightleadsme,sargeras,1064,paladin,holy,434,207,227
Júpiter,kiljaeden,1064,paladin,holy,40,17,23
Va,onyxia,1063,paladin,holy,550,279,271
Ahsys,tichondrius,1063,paladin,holy,59,22,37
Joeboomers,tichondrius,1060,paladin,holy,146,76,70
Moogmodular,malganis,1060,paladin,holy,108,51,57
Bopanut,illidan,1059,paladin,holy,45,25,20
Hivers,stormrage,1059,paladin,holy,54,24,30
Judginator,boulderfist,1059,paladin,holy,56,18,38
Cephadrome,proudmoore,1058,paladin,holy,42,20,22
Mèdic,illidan,1057,paladin,holy,62,34,28
Holyginger,barthilas,1057,paladin,holy,125,49,76
Narcissism,emerald-dream,1056,paladin,holy,18,11,7
Babe,crushridge,1056,paladin,holy,30,11,19
Swellowsx,tichondrius,1055,paladin,holy,18,11,7
Lazio,frostmourne,1055,paladin,holy,24,11,13
Kynndra,azralon,1055,paladin,holy,24,11,13
Lickmysacx,tichondrius,1055,paladin,holy,30,11,19
Rawpaladin,blackrock,1055,paladin,holy,30,11,19
Pality,illidan,1054,paladin,holy,24,11,13
Bloodrefuge,tichondrius,1054,paladin,holy,46,12,34
Èmmà,stormrage,1052,paladin,holy,165,80,85
Eldessia,wyrmrest-accord,1052,paladin,holy,24,11,13
Stingay,nemesis,1052,paladin,holy,24,11,13
Malakk,zuljin,1051,paladin,holy,47,25,22
Jonfox,stormrage,1051,paladin,holy,70,35,35
Runterran,illidan,1051,paladin,holy,24,11,13
Ouken,frostmourne,1051,paladin,holy,145,66,79
Darithos,moon-guard,1049,paladin,holy,30,11,19
Zxylight,hyjal,1048,paladin,holy,18,11,7
Rìan,tichondrius,1048,paladin,holy,24,11,13
Kolmourn,deathwing,1048,paladin,holy,30,11,19
Prh,frostmourne,1047,paladin,holy,72,37,35
Palooma,area-52,1047,paladin,holy,72,29,43
Agravaine,moon-guard,1045,paladin,holy,37,16,21
Tacori,gorefiend,1044,paladin,holy,36,20,16
Potatopasta,area-52,1042,paladin,holy,18,11,7
Tig,alleria,1042,paladin,holy,30,11,19
Nabora,aggramar,1042,paladin,holy,54,16,38
Darkwingdad,illidan,1041,paladin,holy,134,69,65
Holyiseasy,alleria,1039,paladin,holy,35,13,22
Tyriam,stormscale,1038,paladin,holy,18,11,7
Sutadansa,doomhammer,1038,paladin,holy,95,51,44
Kymosolopal,sargeras,1038,paladin,holy,36,11,25
Mcduss,proudmoore,1037,paladin,holy,18,11,7
Overthrrow,kelthuzad,1037,paladin,holy,234,118,116
Xq,aegwynn,1037,paladin,holy,41,18,23
Cloûd,tichondrius,1036,paladin,holy,25,14,11
Paulx,malganis,1034,paladin,holy,93,51,42
Whiteknight,kilrogg,1034,paladin,holy,24,11,13
Pheriox,agamaggan,1032,paladin,holy,24,11,13
Starfaith,illidan,1032,paladin,holy,67,27,40
Ramhammerz,sargeras,1028,paladin,holy,184,88,96
Smalldaddy,lightninghoof,1026,paladin,holy,36,11,25
Palqq,tichondrius,1025,paladin,holy,24,11,13
Klansey,magtheridon,1023,paladin,holy,54,30,24
Allegiance,drenden,1022,paladin,holy,41,23,18
Minouther,area-52,1022,paladin,holy,80,32,48
Tylnish,hyjal,1021,paladin,holy,24,11,13
Voxoen,bleeding-hollow,1021,paladin,holy,24,11,13
Lexdor,quelthalas,1021,paladin,holy,24,11,13
Justmad,illidan,1020,paladin,holy,87,38,49
Balanoriaa,azralon,1020,paladin,holy,68,29,39
Jaok,tichondrius,1018,paladin,holy,54,32,22
Varenka,stormrage,1015,paladin,holy,83,36,47
Nazghoul,detheroc,1014,paladin,holy,35,17,18
Eradrae,mannoroth,1010,paladin,holy,112,52,60
Kithkannon,tichondrius,1007,paladin,holy,51,17,34
Kbot,zuljin,1005,paladin,holy,15,11,4
Tarnak,kelthuzad,1005,paladin,holy,33,11,22
Adventholy,tichondrius,1004,paladin,holy,42,19,23
Raxadin,stormrage,1003,paladin,holy,21,12,9
Etlas,windrunner,1003,paladin,holy,30,11,19
Howlfrost,stormrage,1002,paladin,holy,17,11,6
Laylee,anvilmar,1002,paladin,holy,67,37,30
Ashera,amanthul,1001,paladin,holy,38,17,21
Darteon,moon-guard,1001,paladin,holy,49,17,32
Malthisz,antonidas,1000,paladin,holy,29,13,16
Gigadunker,tichondrius,999,paladin,holy,29,13,16
Iamholyman,dragonmaw,999,paladin,holy,47,21,26
Dbolpala,frostmourne,997,paladin,holy,55,27,28
Ðß,arthas,995,paladin,holy,30,15,15
Westlysñipes,tichondrius,995,paladin,holy,92,44,48
Troxnar,ragnaros,992,paladin,holy,82,45,37
Gillgamesh,sentinels,991,paladin,holy,36,22,14
Raenilil,area-52,991,paladin,holy,65,30,35
Hzo,tichondrius,989,paladin,holy,17,11,6
Colombía,illidan,986,paladin,holy,54,27,27
Cynotik,moon-guard,984,paladin,holy,36,18,18
Sleepadin,shadowsong,980,paladin,holy,48,23,25
Biwi,zuljin,980,paladin,holy,136,54,82
Bubbleosevèn,frostmourne,980,paladin,holy,66,25,41
Jyin,emerald-dream,978,paladin,holy,78,35,43
Luxsit,tichondrius,977,paladin,holy,36,13,23
Zhahira,hakkar,976,paladin,holy,30,12,18
Carneguisada,sargeras,975,paladin,holy,42,20,22
Fantasy,ragnaros,975,paladin,holy,60,22,38
Mcpuffin,aggramar,974,paladin,holy,27,12,15
Imajeala,thrall,973,paladin,holy,76,42,34
Nugsbunne,tichondrius,973,paladin,holy,149,63,86
Stemi,kelthuzad,973,paladin,holy,95,30,65
Huijji,illidan,967,paladin,holy,24,15,9
Speedytrol,malfurion,967,paladin,holy,66,25,41
Photons,emerald-dream,966,paladin,holy,24,13,11
Hurkalzul,azralon,966,paladin,holy,30,12,18
Wrathmatics,arthas,965,paladin,holy,112,51,61
Romeoo,silver-hand,964,paladin,holy,66,26,40
Thoryin,tichondrius,960,paladin,holy,12,10,2
Síríús,malganis,960,paladin,holy,15,11,4
Krritter,illidan,960,paladin,holy,18,10,8
Ezekìël,tichondrius,960,paladin,holy,34,14,20
Arevia,stormrage,959,paladin,holy,18,10,8
Kagranac,moon-guard,959,paladin,holy,24,10,14
Emmipal,tichondrius,959,paladin,holy,24,10,14
Akillavar,garrosh,958,paladin,holy,24,10,14
Mjölk,tichondrius,958,paladin,holy,30,10,20
Bahlakay,sargeras,957,paladin,holy,18,10,8
Vajuicy,dalaran,957,paladin,holy,24,10,14
Paluh,sargeras,956,paladin,holy,24,10,14
Marklite,area-52,955,paladin,holy,24,10,14
Mosso,bleeding-hollow,955,paladin,holy,24,10,14
Powerassasin,tichondrius,954,paladin,holy,18,10,8
Tèhflip,tichondrius,954,paladin,holy,24,10,14
Gompa,bleeding-hollow,953,paladin,holy,18,10,8
Avasti,proudmoore,953,paladin,holy,24,10,14
Dragonchaos,ragnaros,953,paladin,holy,27,11,16
Zafenate,nemesis,952,paladin,holy,24,10,14
Kusotarão,nemesis,952,paladin,holy,24,10,14
Madnhairy,zuljin,952,paladin,holy,24,10,14
Aiyoku,illidan,951,paladin,holy,18,10,8
Chauncyboii,tichondrius,950,paladin,holy,18,10,8
Caike,frostmourne,950,paladin,holy,18,10,8
Palawun,nerzhul,949,paladin,holy,45,11,34
Paladam,burning-blade,948,paladin,holy,24,10,14
Holydood,thunderhorn,947,paladin,holy,18,10,8
Asunä,bloodscalp,947,paladin,holy,37,10,27
Tolliver,area-52,944,paladin,holy,18,11,7
Lazygamerr,sargeras,944,paladin,holy,18,10,8
Lemuzinho,ragnaros,941,paladin,holy,24,10,14
Sweettartts,zuljin,941,paladin,holy,36,10,26
Asclepiius,frostmourne,935,paladin,holy,95,46,49
Doidyph,frostmourne,935,paladin,holy,24,10,14
Divinadin,stormrage,932,paladin,holy,146,75,71
Dissident,stormrage,932,paladin,holy,103,47,56
Cooldbrew,frostmourne,932,paladin,holy,34,11,23
Mikeawk,tichondrius,932,paladin,holy,36,10,26
Saìdelia,moon-guard,929,paladin,holy,71,24,47
Finaldecis,zuljin,929,paladin,holy,42,10,32
Rumanjuman,bronzebeard,925,paladin,holy,18,10,8
Monad,nazjatar,925,paladin,holy,78,38,40
Ljusett,frostmourne,925,paladin,holy,97,43,54
Bangerzzx,sargeras,923,paladin,holy,24,10,14
Swamprat,zuljin,922,paladin,holy,23,10,13
Ivyy,rivendare,922,paladin,holy,28,11,17
Cedinea,wyrmrest-accord,921,paladin,holy,23,14,9
Kaina,wildhammer,921,paladin,holy,115,48,67
Gênji,eldrethalas,921,paladin,holy,83,33,50
Powtilted,thrall,920,paladin,holy,17,10,7
Shanvo,tichondrius,918,paladin,holy,64,35,29
Hentaiangel,kiljaeden,918,paladin,holy,39,19,20
Blackiron,frostmourne,916,paladin,holy,41,14,27
Lysetskriger,azralon,915,paladin,holy,24,12,12
Seonghwa,kelthuzad,914,paladin,holy,110,55,55
Fuzed,frostmourne,913,paladin,holy,165,81,84
Pallyox,hellscream,911,paladin,holy,46,26,20
Ilse,deathwing,911,paladin,holy,27,10,17
Hammerabi,moon-guard,909,paladin,holy,27,14,13
Shâka,stormrage,907,paladin,holy,75,37,38
Athanaiëll,proudmoore,906,paladin,holy,28,12,16
Grumpybubble,sargeras,905,paladin,holy,19,11,8
Acpally,tichondrius,902,paladin,holy,39,11,28
Snnow,stormrage,901,paladin,holy,54,28,26
Lennon,stormrage,900,paladin,holy,122,54,68
Praisin,zuljin,895,paladin,holy,24,12,12
Durendin,bonechewer,894,paladin,holy,14,10,4
Redentor,dalaran,892,paladin,holy,44,24,20
Onno,tichondrius,892,paladin,holy,87,40,47
Mharad,ragnaros,891,paladin,holy,69,28,41
Takodaddy,elune,889,paladin,holy,16,10,6
Hildibrandt,stormrage,886,paladin,holy,20,10,10
Ballingirl,gnomeregan,884,paladin,holy,67,26,41
Callmeweazy,arathor,883,paladin,holy,36,15,21
Erán,quelthalas,881,paladin,holy,258,122,136
Nvgesus,undermine,881,paladin,holy,38,13,25
Letsirk,doomhammer,880,paladin,holy,30,11,19
Ogmav,hyjal,879,paladin,holy,42,18,24
Papakatsu,proudmoore,878,paladin,holy,48,22,26
Jaxal,nordrassil,873,paladin,holy,19,10,9
Sothalas,dalaran,868,paladin,holy,31,16,15
Løl,zuljin,865,paladin,holy,60,25,35
Trâshcårt,sargeras,864,paladin,holy,12,9,3
Sovice,illidan,864,paladin,holy,12,9,3
Mâdâra,stormrage,864,paladin,holy,18,9,9
Deadry,ysera,864,paladin,holy,18,9,9
Zilzag,moon-guard,864,paladin,holy,23,9,14
Diamondwater,tichondrius,864,paladin,holy,24,9,15
Cheers,garona,863,paladin,holy,18,9,9
Auraingraham,stormscale,863,paladin,holy,18,9,9
Lamas,kelthuzad,863,paladin,holy,18,9,9
Hotspitta,darkspear,863,paladin,holy,18,9,9
Proxima,laughing-skull,863,paladin,holy,24,9,15
Uneazyxx,tichondrius,863,paladin,holy,24,9,15
Paintthinner,frostmourne,863,paladin,holy,24,9,15
Roderik,kargath,863,paladin,holy,24,9,15
Onlycams,sargeras,863,paladin,holy,24,9,15
Niense,wyrmrest-accord,862,paladin,holy,12,9,3
Cadap,bleeding-hollow,862,paladin,holy,24,9,15
Ariste,emerald-dream,862,paladin,holy,30,9,21
Msheen,azralon,861,paladin,holy,12,9,3
Selockpal,bleeding-hollow,861,paladin,holy,18,9,9
Gothsick,zuljin,857,paladin,holy,18,9,9
Stricken,kul-tiras,857,paladin,holy,24,9,15
Spamsalot,malganis,857,paladin,holy,24,9,15
Fivestarzx,malganis,854,paladin,holy,18,9,9
Nedorshock,stormrage,853,paladin,holy,24,9,15
Dewagon,area-52,853,paladin,holy,37,10,27
Veronica,sentinels,852,paladin,holy,42,9,33
Vëlar,tichondrius,851,paladin,holy,18,9,9
Mytolo,malganis,851,paladin,holy,24,9,15
Thaedrun,hydraxis,849,paladin,holy,66,30,36
Nualrossan,veknilash,848,paladin,holy,59,23,36
Ðeathspire,tichondrius,846,paladin,holy,18,10,8
Alydralmao,area-52,845,paladin,holy,24,9,15
Maalik,thrall,844,paladin,holy,18,9,9
Ascension,amanthul,844,paladin,holy,203,80,123
Svitanie,bleeding-hollow,841,paladin,holy,111,48,63
Shananakin,azshara,841,paladin,holy,39,16,23
Andormu,wyrmrest-accord,841,paladin,holy,24,9,15
Antivaxer,frostmourne,830,paladin,holy,23,9,14
Snowdawg,blackhand,823,paladin,holy,48,18,30
Bainn,nerzhul,822,paladin,holy,73,31,42
Orleenz,zuljin,822,paladin,holy,41,17,24
Alltoohuman,nagrand,821,paladin,holy,23,9,14
Hehealsyou,alleria,814,paladin,holy,30,12,18
Palaknight,tichondrius,812,paladin,holy,60,21,39
Luminouser,stormrage,810,paladin,holy,21,10,11
Retribution,mannoroth,810,paladin,holy,29,10,19
Êctheliøn,drakkari,807,paladin,holy,18,10,8
Davinity,senjin,799,paladin,holy,23,9,14
Mose,scilla,793,paladin,holy,17,9,8
Cyandra,moon-guard,783,paladin,holy,13,9,4
Holythunderx,tichondrius,782,paladin,holy,25,9,16
Sanastris,zuljin,778,paladin,holy,26,9,17
Guelmin,azralon,777,paladin,holy,25,9,16
Holyfrénzy,thrall,776,paladin,holy,25,9,16
Bigolbittiez,tichondrius,774,paladin,holy,24,11,13
Kritzyx,stormrage,768,paladin,holy,12,8,4
Notalkyna,kelthuzad,768,paladin,holy,12,8,4
Alkyna,kelthuzad,768,paladin,holy,12,8,4
Siebens,illidan,768,paladin,holy,12,8,4
Zero,anetheron,768,paladin,holy,18,8,10
Artús,ragnaros,768,paladin,holy,18,8,10
Loganholy,tichondrius,768,paladin,holy,18,8,10
Saintus,proudmoore,768,paladin,holy,18,8,10
Ahkairee,whisperwind,768,paladin,holy,24,8,16
Voladis,malganis,768,paladin,holy,30,8,22
Gcmd,black-dragonflight,767,paladin,holy,12,8,4
Bestpally,alterac-mountains,767,paladin,holy,12,8,4
Kriegstier,scarlet-crusade,767,paladin,holy,12,8,4
Kaleroenin,cenarius,767,paladin,holy,12,8,4
Paradisso,tichondrius,767,paladin,holy,12,8,4
Linaiah,moon-guard,767,paladin,holy,12,8,4
Ezmødë,kelthuzad,767,paladin,holy,12,8,4
Fupascoopa,illidan,767,paladin,holy,12,8,4
Qadosh,sargeras,767,paladin,holy,12,8,4
Mhera,sargeras,767,paladin,holy,12,8,4
Wonpai,barthilas,767,paladin,holy,18,8,10
Trancelancer,kelthuzad,767,paladin,holy,18,8,10
Blackpiñk,tichondrius,767,paladin,holy,20,8,12
Bopsamdi,barthilas,767,paladin,holy,24,8,16
Marcêl,quelthalas,767,paladin,holy,30,8,22
Cnyrla,tichondrius,766,paladin,holy,12,8,4
Wakethelight,illidan,766,paladin,holy,18,8,10
Wrekster,tichondrius,766,paladin,holy,18,8,10
Banga,farstriders,766,paladin,holy,18,8,10
Holydeath,arthas,766,paladin,holy,30,8,22
Thonar,stormrage,765,paladin,holy,12,8,4
Gromusa,azralon,765,paladin,holy,24,8,16
Lightsòut,frostmourne,765,paladin,holy,24,8,16
Qoop,tichondrius,765,paladin,holy,24,8,16
Revenere,tichondrius,765,paladin,holy,36,8,28
Grumpy,the-forgotten-coast,764,paladin,holy,12,8,4
Instaded,illidan,764,paladin,holy,18,8,10
Plsdontburst,tichondrius,763,paladin,holy,12,8,4
Pambam,thrall,763,paladin,holy,18,9,9
Jereth,kelthuzad,763,paladin,holy,18,8,10
Atair,antonidas,763,paladin,holy,24,8,16
Tennesse,sargeras,763,paladin,holy,24,8,16
Porkwatchy,eonar,762,paladin,holy,24,8,16
Gyle,stormrage,761,paladin,holy,18,8,10
Sixthycent,kiljaeden,760,paladin,holy,18,8,10
Mixtapes,kargath,757,paladin,holy,12,8,4
Blacktemplar,area-52,755,paladin,holy,18,8,10
Crusæder,stormrage,753,paladin,holy,12,8,4
Unsungherø,skywall,752,paladin,holy,12,8,4
Willycrow,nordrassil,740,paladin,holy,18,8,10
Iwaterboy,malganis,732,paladin,holy,33,17,16
Eboi,daggerspine,732,paladin,holy,32,9,23
Granada,kirin-tor,727,paladin,holy,24,8,16
Røusseff,azralon,727,paladin,holy,32,9,23
Mirotchburns,illidan,724,paladin,holy,16,9,7
Mangchì,tichondrius,719,paladin,holy,15,9,6
Kuunn,drakkari,718,paladin,holy,17,8,9
Deathblazer,blades-edge,716,paladin,holy,18,9,9
Mfn,tichondrius,714,paladin,holy,18,9,9
Agato,stormrage,702,paladin,holy,11,8,3
Visanth,bonechewer,677,paladin,holy,24,9,15
Imsuffering,zuljin,672,paladin,holy,12,7,5
Crinject,sargeras,672,paladin,holy,12,7,5
Farvadin,illidan,672,paladin,holy,12,7,5
Gimmethéloot,stormrage,672,paladin,holy,12,7,5
Xiaoholy,barthilas,672,paladin,holy,12,7,5
Pkkcandy,archimonde,672,paladin,holy,12,7,5
Jachunga,bleeding-hollow,672,paladin,holy,12,7,5
Atarrio,illidan,672,paladin,holy,12,7,5
Canny,emerald-dream,672,paladin,holy,12,7,5
Femsquatch,kelthuzad,672,paladin,holy,12,7,5
Mlpx,stormrage,672,paladin,holy,12,7,5
Brogepi,cenarius,672,paladin,holy,12,7,5
Busdid,sargeras,672,paladin,holy,12,7,5
Xgt,illidan,672,paladin,holy,18,7,11
Antigone,tichondrius,672,paladin,holy,18,7,11
Oreki,area-52,672,paladin,holy,18,7,11
Orekilol,stormrage,672,paladin,holy,18,7,11
Apally,drakthul,672,paladin,holy,18,7,11
Ironjudge,hakkar,672,paladin,holy,23,7,16
Yubur,illidan,672,paladin,holy,24,7,17
Sensible,sargeras,672,paladin,holy,24,7,17
Hxnny,turalyon,672,paladin,holy,30,7,23
Boraz,bleeding-hollow,672,paladin,holy,36,7,29
Aràyleus,kelthuzad,671,paladin,holy,12,7,5
Thin,ragnaros,671,paladin,holy,12,7,5
Rahruan,wyrmrest-accord,671,paladin,holy,12,7,5
Lördnextdoor,tichondrius,671,paladin,holy,12,7,5
Grfauxpal,sargeras,671,paladin,holy,12,7,5
Billytwoshoe,laughing-skull,671,paladin,holy,12,7,5
Scatterslol,korgath,671,paladin,holy,12,7,5
Demonsbane,frostmourne,671,paladin,holy,18,7,11
Virkas,area-52,671,paladin,holy,18,7,11
Animal,korialstrasz,671,paladin,holy,18,7,11
Lemmiéwinkzz,sargeras,671,paladin,holy,18,7,11
Albeii,frostmourne,671,paladin,holy,18,7,11
Milonus,frostmourne,671,paladin,holy,18,7,11
Loguto,stormrage,671,paladin,holy,18,7,11
Shoppee,jubeithos,671,paladin,holy,18,7,11
Hugokpz,quelthalas,671,paladin,holy,27,10,17
Éætûgýäëí,area-52,671,paladin,holy,42,8,34
Bjdreams,ragnaros,670,paladin,holy,12,7,5
Bolzar,zuljin,670,paladin,holy,12,7,5
Extee,proudmoore,670,paladin,holy,12,7,5
Bootymägicc,tichondrius,670,paladin,holy,12,7,5
Kalthorne,wyrmrest-accord,670,paladin,holy,12,7,5
Numenor,kiljaeden,670,paladin,holy,18,7,11
Rebelion,nagrand,670,paladin,holy,24,7,17
Drgn,azgalor,670,paladin,holy,30,7,23
Pluto,the-underbog,669,paladin,holy,12,7,5
Balkin,kelthuzad,669,paladin,holy,12,7,5
Stationarity,frostmourne,669,paladin,holy,18,7,11
Jiralla,ragnaros,669,paladin,holy,18,7,11
Solef,stormrage,669,paladin,holy,18,7,11
Kimahri,anvilmar,669,paladin,holy,36,7,29
Petsmacker,dalaran,668,paladin,holy,12,7,5
Deathlowks,area-52,667,paladin,holy,18,7,11
Annii,aegwynn,666,paladin,holy,12,7,5
Vanquishyr,stormrage,666,paladin,holy,30,7,23
Geroden,tichondrius,665,paladin,holy,18,7,11
Lmy,stormrage,665,paladin,holy,18,7,11
Veliona,thaurissan,662,paladin,holy,18,7,11
Nea,argent-dawn,659,paladin,holy,107,34,73
Chaós,queldorei,657,paladin,holy,18,7,11
Gnomesexer,illidan,655,paladin,holy,17,7,10
Ryuzu,arathor,640,paladin,holy,16,8,8
Josabbilra,tichondrius,639,paladin,holy,11,7,4
Mycow,tichondrius,638,paladin,holy,17,7,10
Mikiná,proudmoore,638,paladin,holy,22,7,15
Koraesta,stormrage,632,paladin,holy,17,7,10
Bullivan,sisters-of-elune,630,paladin,holy,29,7,22
Mamothman,barthilas,622,paladin,holy,18,9,9
Valhallaborn,illidan,618,paladin,holy,37,13,24
Usebandage,sargeras,617,paladin,holy,16,9,7
Burgermeat,bleeding-hollow,617,paladin,holy,15,8,7
Goldwing,tichondrius,615,paladin,holy,31,8,23
Jinguard,tichondrius,608,paladin,holy,16,7,9
Mojiberus,wyrmrest-accord,606,paladin,holy,14,7,7
Yês,proudmoore,591,paladin,holy,15,7,8
Turnevil,wyrmrest-accord,591,paladin,holy,19,7,12
Hezorath,kiljaeden,576,paladin,holy,6,6,0
Wonpait,frostmourne,576,paladin,holy,9,7,2
Gbj,staghelm,576,paladin,holy,12,6,6
Compxy,barthilas,576,paladin,holy,12,6,6
Orezmit,area-52,576,paladin,holy,12,6,6
Fadiez,sargeras,576,paladin,holy,12,6,6
Faie,frostmourne,576,paladin,holy,12,6,6
Catharsis,tichondrius,576,paladin,holy,12,6,6
Neeks,zuljin,576,paladin,holy,12,6,6
Doradar,zuljin,576,paladin,holy,12,6,6
Ùthèr,tichondrius,576,paladin,holy,12,6,6
Holydubya,illidan,576,paladin,holy,12,6,6
Holymomia,blackrock,576,paladin,holy,12,6,6
Vsleepeii,illidan,576,paladin,holy,12,6,6
Amadin,winterhoof,576,paladin,holy,12,6,6
Tríno,malganis,576,paladin,holy,12,6,6
Squarehammer,blackrock,576,paladin,holy,12,6,6
Tristx,illidan,576,paladin,holy,12,6,6
Hótlinebling,kelthuzad,576,paladin,holy,12,6,6
Tolentino,elune,576,paladin,holy,12,6,6
Irêsha,quelthalas,576,paladin,holy,12,6,6
Dequincy,tichondrius,576,paladin,holy,12,6,6
Jnzip,area-52,576,paladin,holy,15,7,8
Imsoholy,tichondrius,576,paladin,holy,18,6,12
Marleigh,kelthuzad,576,paladin,holy,18,6,12
Kelosia,bonechewer,576,paladin,holy,18,6,12
Okcheon,tichondrius,576,paladin,holy,18,6,12
Pinkies,frostmourne,576,paladin,holy,18,6,12
Nikxx,tichondrius,576,paladin,holy,18,6,12
Jiråchi,sargeras,576,paladin,holy,18,6,12
Marien,kelthuzad,576,paladin,holy,18,6,12
Lubed,aegwynn,576,paladin,holy,18,6,12
Remibear,tichondrius,576,paladin,holy,18,6,12
Shocksta,dalaran,576,paladin,holy,18,6,12
Ghrumpy,thrall,576,paladin,holy,18,6,12
Willywønka,azgalor,576,paladin,holy,30,6,24
Okx,illidan,575,paladin,holy,6,6,0
Borntocoom,stormrage,575,paladin,holy,12,6,6
Nochance,queldorei,575,paladin,holy,12,6,6
Docternoon,stormrage,575,paladin,holy,12,6,6
Aldrukor,quelthalas,575,paladin,holy,12,6,6
Anderious,moon-guard,575,paladin,holy,12,6,6
Auralyon,tichondrius,575,paladin,holy,12,6,6
Bigpal,area-52,575,paladin,holy,12,6,6
Mendes,stormrage,575,paladin,holy,12,6,6
Roachpally,area-52,575,paladin,holy,12,6,6
Leatherfase,dalaran,575,paladin,holy,12,6,6
Cassiel,barthilas,575,paladin,holy,12,6,6
Nøzawkalypse,kelthuzad,575,paladin,holy,12,6,6
Grombaby,lightnings-blade,575,paladin,holy,12,6,6
Tanktopp,tichondrius,575,paladin,holy,12,6,6
Septimia,illidan,575,paladin,holy,12,6,6
Dashhighborn,sargeras,575,paladin,holy,13,6,7
Yawnbringer,tichondrius,575,paladin,holy,18,6,12
Leonrëy,stormrage,575,paladin,holy,18,6,12
Areura,hellscream,575,paladin,holy,18,6,12
Clonazedin,ragnaros,575,paladin,holy,18,6,12
Hojadin,area-52,575,paladin,holy,18,6,12
Cubic,wyrmrest-accord,575,paladin,holy,24,6,18
Theprimus,darkspear,574,paladin,holy,6,6,0
Rhonielson,tichondrius,574,paladin,holy,12,6,6
Vindication,nazgrel,574,paladin,holy,12,6,6
Pizzaface,stormrage,574,paladin,holy,12,6,6
Litebright,bleeding-hollow,574,paladin,holy,12,6,6
Kilion,illidan,574,paladin,holy,18,6,12
Mileihot,quelthalas,574,paladin,holy,18,6,12
Hamanjenkins,illidan,574,paladin,holy,18,6,12
Ehbowlskesk,zuljin,574,paladin,holy,20,6,14
Joffrenckss,ragnaros,573,paladin,holy,12,6,6
Iluvitar,kiljaeden,573,paladin,holy,18,6,12
Beefstewmre,dalaran,573,paladin,holy,18,6,12
Metalpriest,shattered-halls,573,paladin,holy,24,6,18
Nellie,deathwing,572,paladin,holy,12,6,6
Holymomo,malganis,572,paladin,holy,12,6,6
Tehgodofdmg,tichondrius,572,paladin,holy,18,6,12
Ducii,stormrage,571,paladin,holy,18,6,12
Kratheus,azralon,569,paladin,holy,22,8,14
Maplleafs,kelthuzad,560,paladin,holy,24,6,18
Fleshoflíght,azjolnerub,559,paladin,holy,17,6,11
Glueconsumer,wyrmrest-accord,558,paladin,holy,12,7,5
Fayernaa,proudmoore,557,paladin,holy,10,7,3
Biéyihàn,tichondrius,543,paladin,holy,11,6,5
Redpally,emerald-dream,543,paladin,holy,16,6,10
Gabs,quelthalas,543,paladin,holy,16,6,10
Leggomyagro,fenris,522,paladin,holy,26,7,19
Tyygore,nagrand,521,paladin,holy,19,8,11
Biggestkritz,frostmourne,511,paladin,holy,14,6,8
Pakalun,area-52,510,paladin,holy,20,6,14
Clearcoms,stormrage,496,paladin,holy,13,6,7
Splyts,stormrage,490,paladin,holy,23,7,16
Isecretly,stormrage,480,paladin,holy,6,5,1
Darfnarvis,sargeras,480,paladin,holy,6,5,1
Badboí,azralon,480,paladin,holy,6,5,1
Zanduncy,stormrage,480,paladin,holy,6,5,1
Krspy,area-52,480,paladin,holy,6,5,1
Dlt,frostmourne,480,paladin,holy,6,5,1
Bigboiyahurd,sargeras,480,paladin,holy,6,5,1
Zenastra,moon-guard,480,paladin,holy,6,5,1
Cotopax,sargeras,480,paladin,holy,15,7,8
Inmortall,illidan,480,paladin,holy,12,5,7
Timeparadox,illidan,480,paladin,holy,12,5,7
Mithroe,tichondrius,480,paladin,holy,12,5,7
Vicentê,ragnaros,480,paladin,holy,12,5,7
Gøldenlight,illidan,480,paladin,holy,12,5,7
Cleanprotein,tichondrius,480,paladin,holy,12,5,7
Crimsby,kiljaeden,480,paladin,holy,12,5,7
Subotai,frostmourne,480,paladin,holy,12,5,7
Keodis,suramar,480,paladin,holy,12,5,7
Twoshockz,stormrage,480,paladin,holy,12,5,7
Leddie,stormrage,480,paladin,holy,12,5,7
Fartburger,saurfang,480,paladin,holy,12,5,7
Oxycleän,doomhammer,480,paladin,holy,12,5,7
Ronnierawdog,frostmourne,480,paladin,holy,12,5,7
Deathflamez,illidan,480,paladin,holy,12,5,7
Ocxholly,azralon,480,paladin,holy,12,5,7
Exiledpally,area-52,480,paladin,holy,12,5,7
Gendevo,suramar,480,paladin,holy,12,5,7
Eneraxx,proudmoore,480,paladin,holy,12,5,7
Manye,trollbane,480,paladin,holy,12,5,7
Kongnibbax,spirestone,480,paladin,holy,12,5,7
Beila,illidan,480,paladin,holy,12,5,7
Garethorne,illidan,480,paladin,holy,12,5,7
Wälly,sargeras,480,paladin,holy,12,5,7
Mortolla,duskwood,480,paladin,holy,12,5,7
Kãrmä,area-52,480,paladin,holy,12,5,7
Zhangliyi,tichondrius,480,paladin,holy,12,5,7
Drunknbum,area-52,480,paladin,holy,12,5,7
Mightypally,area-52,480,paladin,holy,12,5,7
Jeryko,gundrak,480,paladin,holy,12,5,7
Scubblez,zuljin,480,paladin,holy,12,5,7
Velline,tichondrius,480,paladin,holy,12,5,7
Bíteme,sargeras,480,paladin,holy,15,6,9
Chimp,kiljaeden,480,paladin,holy,18,5,13
Wêsleypipes,crushridge,480,paladin,holy,18,5,13
Sixty,sargeras,480,paladin,holy,18,5,13
Chrisgrin,malganis,480,paladin,holy,18,5,13
Ashenira,barthilas,480,paladin,holy,18,5,13
Stahz,illidan,480,paladin,holy,18,5,13
Mootumba,boulderfist,480,paladin,holy,24,5,19
Bubbleosèven,tichondrius,479,paladin,holy,6,5,1
Evilpallie,illidan,479,paladin,holy,13,6,7
Joelsama,area-52,479,paladin,holy,12,5,7
Nielec,arygos,479,paladin,holy,12,5,7
Bubbes,nerzhul,479,paladin,holy,12,5,7
Resterx,nerzhul,479,paladin,holy,12,5,7
Mightythorxx,tichondrius,479,paladin,holy,12,5,7
Lachaple,illidan,479,paladin,holy,12,5,7
Tankgreed,quelthalas,479,paladin,holy,12,5,7
Elbarra,ragnaros,479,paladin,holy,12,5,7
Goksuu,ragnaros,479,paladin,holy,12,5,7
Pazztez,arthas,479,paladin,holy,12,5,7
Judgejitsu,black-dragonflight,479,paladin,holy,12,5,7
Loabandit,malorne,479,paladin,holy,12,5,7
Strecka,emerald-dream,479,paladin,holy,12,5,7
Holyshasha,tichondrius,479,paladin,holy,12,5,7
Healadelphia,illidan,479,paladin,holy,18,5,13
Meistyr,thrall,479,paladin,holy,18,5,13
Lighteiron,moonrunner,478,paladin,holy,12,5,7
Boiducéu,azralon,478,paladin,holy,12,5,7
Mfpink,thrall,478,paladin,holy,12,5,7
Ozirus,frostmourne,478,paladin,holy,12,5,7
Yobnai,zuljin,478,paladin,holy,12,5,7
Sihylde,quelthalas,478,paladin,holy,18,5,13
Duecesz,area-52,478,paladin,holy,26,5,21
Goingturbo,wyrmrest-accord,477,paladin,holy,12,5,7
Sovereignt,aggramar,477,paladin,holy,12,5,7
Thaeldan,archimonde,477,paladin,holy,18,5,13
Stilreigning,darkspear,476,paladin,holy,12,5,7
Crazykil,fenris,476,paladin,holy,12,5,7
Helltec,draka,475,paladin,holy,12,5,7
Miros,wyrmrest-accord,473,paladin,holy,12,5,7
Parts,aerie-peak,468,paladin,holy,30,5,25
Synasthesia,zuljin,463,paladin,holy,11,5,6
Toastedheals,stormreaver,463,paladin,holy,17,5,12
Blancaflór,ragnaros,447,paladin,holy,11,5,6
Blassphamy,chogall,447,paladin,holy,14,6,8
Ziggerqt,stormrage,432,paladin,holy,15,5,10
Belfordz,stormrage,430,paladin,holy,15,6,9
Nivie,moon-guard,430,paladin,holy,15,5,10
Banpally,tichondrius,426,paladin,holy,15,7,8
Rashell,garrosh,426,paladin,holy,16,7,9
Mousesack,dragonmaw,426,paladin,holy,16,7,9
Ohthatguy,sargeras,426,paladin,holy,17,7,10
Wëlch,nemesis,425,paladin,holy,22,6,16
Ziti,bonechewer,415,paladin,holy,8,5,3
Sushiopath,area-52,415,paladin,holy,14,5,9
Bøble,thrall,399,paladin,holy,13,5,8
Vgeater,ysera,397,paladin,holy,13,5,8
Theonlyheals,bleeding-hollow,384,paladin,holy,6,4,2
Tyranoss,azralon,384,paladin,holy,6,4,2
Rc,tichondrius,384,paladin,holy,6,4,2
Decree,rexxar,384,paladin,holy,6,4,2
Aswaran,jaedenar,384,paladin,holy,6,4,2
Robötwizard,tichondrius,384,paladin,holy,6,4,2
Icac,stormrage,384,paladin,holy,6,4,2
Tontô,barthilas,384,paladin,holy,6,4,2
Volphorix,illidan,384,paladin,holy,6,4,2
Arleos,mannoroth,384,paladin,holy,6,4,2
Eladore,hakkar,384,paladin,holy,6,4,2
Lightwerk,frostmourne,384,paladin,holy,6,4,2
Nickahunnid,sargeras,384,paladin,holy,6,4,2
Ceeten,tichondrius,384,paladin,holy,6,4,2
Oceania,grizzly-hills,384,paladin,holy,6,4,2
Thesojulord,tichondrius,384,paladin,holy,6,4,2
Ladanthal,barthilas,384,paladin,holy,6,4,2
Anonymvs,eredar,384,paladin,holy,6,4,2
Elim,frostmourne,384,paladin,holy,6,4,2
Miramedic,icecrown,384,paladin,holy,6,4,2
Hogù,tichondrius,384,paladin,holy,6,4,2
Immensepower,tichondrius,384,paladin,holy,6,4,2
Biz,black-dragonflight,384,paladin,holy,6,4,2
Ddarkstarr,area-52,384,paladin,holy,6,4,2
Cenital,quelthalas,384,paladin,holy,6,4,2
Nfl,moon-guard,384,paladin,holy,9,5,4
Dragnix,dalaran,384,paladin,holy,11,4,7
Alicethemad,aerie-peak,384,paladin,holy,12,4,8
Swolsus,illidan,384,paladin,holy,12,4,8
Wangzu,wildhammer,384,paladin,holy,12,4,8
Maicolsalanu,quelthalas,384,paladin,holy,12,4,8
Bigtimepali,tichondrius,384,paladin,holy,12,4,8
Zundralak,korgath,384,paladin,holy,12,4,8
Bighardshock,aggramar,384,paladin,holy,12,4,8
Eull,skullcrusher,384,paladin,holy,12,4,8
Dairycow,stormreaver,384,paladin,holy,12,4,8
Zetka,tichondrius,384,paladin,holy,12,4,8
Gâbríél,maiev,384,paladin,holy,12,4,8
Nikkixo,ysera,384,paladin,holy,12,4,8
Gotredwings,proudmoore,384,paladin,holy,12,4,8
Lánná,tichondrius,384,paladin,holy,12,4,8
Floweezy,thrall,384,paladin,holy,12,4,8
Pladypus,dalaran,384,paladin,holy,12,4,8
Nerfrets,stormrage,384,paladin,holy,12,4,8
Devsrdumb,bonechewer,384,paladin,holy,12,4,8
Gùmbý,illidan,384,paladin,holy,12,4,8
Derbizzle,darkspear,384,paladin,holy,12,4,8
Sacratess,area-52,384,paladin,holy,12,4,8
Mordirhar,tichondrius,384,paladin,holy,12,4,8
Alkina,kelthuzad,384,paladin,holy,12,4,8
Egf,illidan,384,paladin,holy,12,4,8
Purdicks,emerald-dream,384,paladin,holy,12,4,8
Zamn,frostmourne,384,paladin,holy,12,4,8
Lelands,alterac-mountains,384,paladin,holy,12,4,8
Daflash,emerald-dream,384,paladin,holy,12,4,8
Sentence,moon-guard,384,paladin,holy,12,4,8
Tyryan,azralon,384,paladin,holy,12,4,8
Nexandre,ragnaros,384,paladin,holy,22,5,17
Mory,aegwynn,384,paladin,holy,18,4,14
Shatar,zuluhed,384,paladin,holy,18,4,14
Retholyprot,tichondrius,384,paladin,holy,18,4,14
Luminali,frostwolf,384,paladin,holy,18,4,14
Iamurpal,hakkar,384,paladin,holy,18,4,14
Bloodangelz,sargeras,384,paladin,holy,18,4,14
Ardrider,emerald-dream,384,paladin,holy,18,4,14
Riyu,blackrock,384,paladin,holy,18,4,14
Beebopper,illidan,384,paladin,holy,18,4,14
Kaminasol,quelthalas,384,paladin,holy,18,4,14
Justarius,stormrage,384,paladin,holy,18,4,14
Hímüra,nemesis,384,paladin,holy,18,4,14
Ráwpaladin,blackrock,384,paladin,holy,26,5,21
Shockzer,bloodscalp,384,paladin,holy,23,4,19
Õblivion,jubeithos,384,paladin,holy,24,4,20
Tommyjr,nazgrel,383,paladin,holy,6,4,2
Scah,illidan,383,paladin,holy,6,4,2
Sabex,wyrmrest-accord,383,paladin,holy,6,4,2
Thulamon,zuljin,383,paladin,holy,12,4,8
Vorex,ragnaros,383,paladin,holy,12,4,8
Namaru,hellscream,383,paladin,holy,12,4,8
Lunchmoney,aggramar,383,paladin,holy,12,4,8
Rënner,stormrage,383,paladin,holy,12,4,8
Romeh,malganis,383,paladin,holy,12,4,8
Lightbeard,feathermoon,383,paladin,holy,12,4,8
Gokzurah,dragonmaw,383,paladin,holy,18,4,14
Anjøs,azralon,383,paladin,holy,18,4,14
Alyosya,barthilas,383,paladin,holy,24,4,20
Outforblood,stormscale,382,paladin,holy,8,4,4
Quinhella,quelthalas,382,paladin,holy,18,4,14
Densom,aggramar,381,paladin,holy,12,4,8
Rustacian,area-52,380,paladin,holy,12,4,8
Gornack,draka,379,paladin,holy,12,4,8
Palewan,kiljaeden,351,paladin,holy,11,4,7
Aärøn,stormrage,351,paladin,holy,11,4,7
Níkolaev,azralon,351,paladin,holy,11,4,7
Gnomeslapper,frostmourne,351,paladin,holy,11,4,7
Cristineth,tanaris,351,paladin,holy,14,5,9
Elrecka,stormrage,336,paladin,holy,15,4,11
Lafawndah,blackhand,333,paladin,holy,17,4,13
Eijara,shattered-hand,330,paladin,holy,32,5,27
Veeve,emerald-dream,304,paladin,holy,7,4,3
Nulric,moon-guard,304,paladin,holy,13,4,9
Nskkbr,frostmourne,304,paladin,holy,13,4,9
Partyplace,stormrage,288,paladin,holy,6,3,3
Bosto,dunemaul,288,paladin,holy,6,3,3
Therealveal,illidan,288,paladin,holy,6,3,3
Hitlist,frostmourne,288,paladin,holy,6,3,3
Hazkal,sargeras,288,paladin,holy,6,3,3
Wonpæi,frostmourne,288,paladin,holy,6,3,3
Holzinger,quelthalas,288,paladin,holy,6,3,3
Skyyler,archimonde,288,paladin,holy,6,3,3
Wârlord,boulderfist,288,paladin,holy,6,3,3
Marolla,frostmourne,288,paladin,holy,6,3,3
Repgodx,illidan,288,paladin,holy,6,3,3
Vanitasz,bleeding-hollow,288,paladin,holy,6,3,3
Gutzzx,frostmourne,288,paladin,holy,6,3,3
Feelsögood,tichondrius,288,paladin,holy,6,3,3
Holysheesh,cenarion-circle,288,paladin,holy,6,3,3
Aduhrawl,moon-guard,288,paladin,holy,6,3,3
Synergy,draenor,288,paladin,holy,6,3,3
Lànd,tichondrius,288,paladin,holy,6,3,3
Paldeen,sargeras,288,paladin,holy,6,3,3
Demoniret,ragnaros,288,paladin,holy,6,3,3
Leronos,zuljin,288,paladin,holy,6,3,3
Datguysname,illidan,288,paladin,holy,6,3,3
Ressia,ragnaros,288,paladin,holy,6,3,3
Jackywacky,malganis,288,paladin,holy,6,3,3
Odinns,proudmoore,288,paladin,holy,6,3,3
Holyfuzz,aerie-peak,288,paladin,holy,6,3,3
Mindfoolness,sargeras,288,paladin,holy,6,3,3
Brightcore,stormrage,288,paladin,holy,6,3,3
Kshock,proudmoore,288,paladin,holy,6,3,3
Phut,stormrage,288,paladin,holy,6,3,3
Andronik,bleeding-hollow,288,paladin,holy,6,3,3
Neil,kelthuzad,288,paladin,holy,6,3,3
Tpane,kelthuzad,288,paladin,holy,6,3,3
Miggsy,stormrage,288,paladin,holy,6,3,3
Kharissia,proudmoore,288,paladin,holy,6,3,3
Tyriån,lightbringer,288,paladin,holy,6,3,3
Bubblebound,sargeras,288,paladin,holy,6,3,3
Fuchí,tichondrius,288,paladin,holy,6,3,3
Solkad,tichondrius,288,paladin,holy,6,3,3
Finishearlyx,kelthuzad,288,paladin,holy,6,3,3
Shãne,sargeras,288,paladin,holy,6,3,3
Thyedron,azralon,288,paladin,holy,6,3,3
Dayatthespa,stormrage,288,paladin,holy,6,3,3
Brohtato,area-52,288,paladin,holy,6,3,3
Rheepent,hyjal,288,paladin,holy,6,3,3
Laythoz,hyjal,288,paladin,holy,6,3,3
Arena,mannoroth,288,paladin,holy,6,3,3
Soapgirl,area-52,288,paladin,holy,6,3,3
Grimmey,azjolnerub,288,paladin,holy,6,3,3
Nipon,stormrage,288,paladin,holy,6,3,3
Stahlpanzer,area-52,288,paladin,holy,6,3,3
Psalms,lightnings-blade,288,paladin,holy,6,3,3
Antarcticala,frostmourne,288,paladin,holy,6,3,3
Schwârts,blackrock,288,paladin,holy,6,3,3
Stormvikingx,darkspear,288,paladin,holy,6,3,3
Blasen,hellscream,288,paladin,holy,6,3,3
Paen,area-52,288,paladin,holy,6,3,3
Supsupe,tichondrius,288,paladin,holy,6,3,3
Breesh,nerzhul,288,paladin,holy,6,3,3
Urudith,azralon,288,paladin,holy,11,3,8
Dartherion,shandris,288,paladin,holy,12,3,9
Rudez,kiljaeden,288,paladin,holy,12,3,9
Serca,khadgar,288,paladin,holy,12,3,9
Tesstickle,skullcrusher,288,paladin,holy,12,3,9
Buslightyear,azralon,288,paladin,holy,12,3,9
Sanctifyd,kiljaeden,288,paladin,holy,12,3,9
Beeodin,malganis,288,paladin,holy,12,3,9
Paludin,deathwing,288,paladin,holy,12,3,9
Prâytorian,illidan,288,paladin,holy,12,3,9
Haldry,wyrmrest-accord,288,paladin,holy,12,3,9
Thichammer,frostmourne,288,paladin,holy,12,3,9
Imabigkidnow,emerald-dream,288,paladin,holy,12,3,9
Afkyouheal,suramar,288,paladin,holy,12,3,9
Geðff,burning-legion,288,paladin,holy,12,3,9
Teerblood,illidan,288,paladin,holy,12,3,9
Benadiction,wyrmrest-accord,288,paladin,holy,12,3,9
Mevand,windrunner,288,paladin,holy,12,3,9
Coffeeman,barthilas,288,paladin,holy,12,3,9
Yanggongru,sargeras,288,paladin,holy,12,3,9
Deckter,ragnaros,288,paladin,holy,12,3,9
Repths,illidan,288,paladin,holy,12,3,9
Sigfriéd,tichondrius,288,paladin,holy,12,3,9
Barquin,dalaran,288,paladin,holy,12,3,9
Ratface,dathremar,288,paladin,holy,12,3,9
Dráugus,azralon,288,paladin,holy,12,3,9
Æglè,area-52,288,paladin,holy,12,3,9
Refugexd,kelthuzad,288,paladin,holy,12,3,9
Taethelan,malganis,288,paladin,holy,12,3,9
Tolipos,earthen-ring,288,paladin,holy,12,3,9
Kommuna,stormscale,288,paladin,holy,12,3,9
Quits,tichondrius,288,paladin,holy,12,3,9
Revoraal,frostmourne,288,paladin,holy,12,3,9
Drippinheals,eitrigg,288,paladin,holy,12,3,9
Thechoseno,tichondrius,288,paladin,holy,22,4,18
Tooholy,kiljaeden,288,paladin,holy,18,3,15
Mathalt,area-52,288,paladin,holy,18,3,15
Bigboppapump,lightnings-blade,288,paladin,holy,18,3,15
Capsiel,caelestrasz,288,paladin,holy,18,3,15
Flarisic,kelthuzad,288,paladin,holy,18,3,15
Alogagain,frostmourne,288,paladin,holy,18,3,15
Guidö,stormrage,288,paladin,holy,20,3,17
Dekho,quelthalas,287,paladin,holy,6,3,3
Holyslapz,nazjatar,287,paladin,holy,6,3,3
Avantasias,sargeras,287,paladin,holy,12,3,9
Spacebacon,thunderlord,287,paladin,holy,12,3,9
Giscicatrice,firetree,287,paladin,holy,12,3,9
Rost,jaedenar,287,paladin,holy,24,3,21
Kaydenkross,azralon,286,paladin,holy,6,3,3
Moraxeus,gundrak,286,paladin,holy,6,3,3
Schnabdain,exodar,285,paladin,holy,18,3,15
Rangr,akama,284,paladin,holy,18,3,15
Sellathice,khadgar,271,paladin,holy,11,3,8
Malicarion,drakthul,271,paladin,holy,17,3,14
Totalaustin,sargeras,256,paladin,holy,4,4,0
Iradruidz,tichondrius,255,paladin,holy,11,3,8
Purepwnage,wyrmrest-accord,239,paladin,holy,5,3,2
Holywoof,agamaggan,234,paladin,holy,11,5,6
Itheternal,dalaran,234,paladin,holy,9,4,5
Cutebtw,zuljin,234,paladin,holy,18,4,14
Inarit,thrall,232,paladin,holy,22,5,17
Odintrapstar,burning-legion,192,paladin,holy,9,3,6
Drii,moon-guard,192,paladin,holy,6,2,4
Bravomedic,emerald-dream,192,paladin,holy,6,2,4
Razzypal,sargeras,192,paladin,holy,6,2,4
Sainttom,sargeras,192,paladin,holy,6,2,4
Elchupalibre,tichondrius,192,paladin,holy,6,2,4
Iolwhat,sargeras,192,paladin,holy,6,2,4
Papiwhey,zuljin,192,paladin,holy,6,2,4
Tekar,altar-of-storms,192,paladin,holy,6,2,4
Smôres,sargeras,192,paladin,holy,6,2,4
Misakiqs,sargeras,192,paladin,holy,6,2,4
Kimbr,gallywix,192,paladin,holy,6,2,4
Piscacha,ragnaros,192,paladin,holy,6,2,4
Gilazhar,eldrethalas,192,paladin,holy,6,2,4
Belwiin,ragnaros,192,paladin,holy,6,2,4
Trustone,emerald-dream,192,paladin,holy,6,2,4
Patpatterson,mannoroth,192,paladin,holy,6,2,4
Akj,tichondrius,192,paladin,holy,6,2,4
Nachius,ragnaros,192,paladin,holy,6,2,4
Enkcarnated,tichondrius,192,paladin,holy,6,2,4
Antoniano,ragnaros,192,paladin,holy,6,2,4
Veguê,ragnaros,192,paladin,holy,6,2,4
Momhips,bloodscalp,192,paladin,holy,6,2,4
Jastella,illidan,192,paladin,holy,6,2,4
Borngood,tichondrius,192,paladin,holy,6,2,4
Healheal,tichondrius,192,paladin,holy,6,2,4
Stormwinter,azralon,192,paladin,holy,6,2,4
Ágirlzinha,azralon,192,paladin,holy,6,2,4
Câno,quelthalas,192,paladin,holy,6,2,4
Lóli,azralon,192,paladin,holy,6,2,4
Breach,blades-edge,192,paladin,holy,6,2,4
Bakapal,tichondrius,192,paladin,holy,6,2,4
Lazydin,tichondrius,192,paladin,holy,6,2,4
Cathandrix,malganis,192,paladin,holy,6,2,4
Eicke,malganis,192,paladin,holy,6,2,4
Xtabelcnu,illidan,192,paladin,holy,6,2,4
Valemon,malganis,192,paladin,holy,6,2,4
Eckò,malganis,192,paladin,holy,6,2,4
Hitabull,hyjal,192,paladin,holy,6,2,4
Pgpal,kelthuzad,192,paladin,holy,6,2,4
Jabusty,kelthuzad,192,paladin,holy,6,2,4
Pallydeen,illidan,192,paladin,holy,6,2,4
Flexxborn,thrall,192,paladin,holy,6,2,4
Raywhite,kelthuzad,192,paladin,holy,6,2,4
Çhitøge,quelthalas,192,paladin,holy,6,2,4
Sôsaboy,tichondrius,192,paladin,holy,6,2,4
Souljahgirl,demon-soul,192,paladin,holy,6,2,4
Chinaballoon,moonrunner,192,paladin,holy,6,2,4
Tumatauenga,burning-blade,192,paladin,holy,6,2,4
Bubblebuddyy,tichondrius,192,paladin,holy,6,2,4
Turnipfãrmer,tichondrius,192,paladin,holy,6,2,4
Ezlyn,garona,192,paladin,holy,6,2,4
Fanaticiism,ghostlands,192,paladin,holy,6,2,4
Wâr,aegwynn,192,paladin,holy,6,2,4
Ironmanfrank,tichondrius,192,paladin,holy,6,2,4
Raiel,aegwynn,192,paladin,holy,6,2,4
Romaztlan,area-52,192,paladin,holy,6,2,4
Goldieg,tichondrius,192,paladin,holy,6,2,4
Aqbean,area-52,192,paladin,holy,6,2,4
Healnsqueal,stormrage,192,paladin,holy,6,2,4
Svane,thunderlord,192,paladin,holy,6,2,4
Trâgedy,azjolnerub,192,paladin,holy,6,2,4
Xinane,dalaran,192,paladin,holy,6,2,4
Pearlx,ragnaros,192,paladin,holy,6,2,4
Bigdmcgee,frostmourne,192,paladin,holy,6,2,4
Flintstone,barthilas,192,paladin,holy,6,2,4
Saraty,stormrage,192,paladin,holy,6,2,4
Holyqt,thunderlord,192,paladin,holy,6,2,4
Relil,frostmourne,192,paladin,holy,6,2,4
Toonchies,barthilas,192,paladin,holy,6,2,4
Illbubble,duskwood,192,paladin,holy,7,2,5
Naxzero,shadowsong,192,paladin,holy,8,2,6
Minzyy,frostmourne,192,paladin,holy,12,2,10
Gathnannia,stormrage,192,paladin,holy,12,2,10
Carmiínha,azralon,192,paladin,holy,12,2,10
Dwemeor,azuremyst,192,paladin,holy,12,2,10
Streetacus,stormrage,192,paladin,holy,12,2,10
Piupiubiu,stormrage,192,paladin,holy,12,2,10
Einheilagr,stormrage,192,paladin,holy,12,2,10
Giuseppepee,malganis,192,paladin,holy,12,2,10
Trojani,malganis,192,paladin,holy,12,2,10
Ajoladin,illidan,192,paladin,holy,12,2,10
Markyee,kelthuzad,192,paladin,holy,12,2,10
Bohoqt,tichondrius,192,paladin,holy,12,2,10
Leonardò,moon-guard,192,paladin,holy,12,2,10
Spoons,malganis,192,paladin,holy,12,2,10
Märdrius,tichondrius,192,paladin,holy,12,2,10
Cehart,windrunner,192,paladin,holy,12,2,10
Vaylindor,area-52,192,paladin,holy,12,2,10
Gavril,kirin-tor,192,paladin,holy,12,2,10
Murkpal,frostmourne,192,paladin,holy,12,2,10
Bighausse,thrall,192,paladin,holy,12,2,10
Shoresy,terokkar,192,paladin,holy,18,2,16
Levarious,thunderlord,192,paladin,holy,18,2,16
Waifupaladin,azralon,192,paladin,holy,18,2,16
Ronatiú,tichondrius,192,paladin,holy,18,2,16
Krypton,tichondrius,192,paladin,holy,18,2,16
Zingaff,tichondrius,192,paladin,holy,18,2,16
Tetulia,quelthalas,192,paladin,holy,18,2,16
Pyson,khadgar,191,paladin,holy,4,3,1
Oldmanmark,jubeithos,191,paladin,holy,6,2,4
Basedhumpaly,moon-guard,191,paladin,holy,6,2,4
Holygota,nemesis,191,paladin,holy,6,2,4
Manoelgomes,frostmourne,191,paladin,holy,6,2,4
Arobelse,sargeras,191,paladin,holy,12,2,10
Myû,korgath,160,paladin,holy,10,3,7
Itsoverninek,emerald-dream,159,paladin,holy,17,2,15
Hearthledger,ragnaros,144,paladin,holy,3,3,0
Alîcë,wyrmrest-accord,138,paladin,holy,7,3,4
Whitedozer,darkspear,138,paladin,holy,10,4,6
Zela,ghostlands,137,paladin,holy,21,3,18
Hibunny,thaurissan,96,paladin,holy,6,1,5
Kamí,elune,96,paladin,holy,6,1,5
Retattack,area-52,96,paladin,holy,6,1,5
Trixzthot,barthilas,96,paladin,holy,6,1,5
Traditionalp,area-52,96,paladin,holy,6,1,5
Therëv,zuljin,96,paladin,holy,6,1,5
Crosjudge,zuljin,96,paladin,holy,6,1,5
Kwazshock,area-52,96,paladin,holy,6,1,5
Couchz,area-52,96,paladin,holy,6,1,5
Tfcpaladin,the-forgotten-coast,96,paladin,holy,6,1,5
Sherrill,nagrand,96,paladin,holy,6,1,5
Palabora,kelthuzad,96,paladin,holy,6,1,5
Rhinno,lothar,96,paladin,holy,6,1,5
Holybuds,barthilas,96,paladin,holy,6,1,5
Daz,spinebreaker,96,paladin,holy,6,1,5
Lgbtq,trollbane,96,paladin,holy,6,1,5
Thorr,trollbane,96,paladin,holy,6,1,5
Litara,malganis,96,paladin,holy,6,1,5
Deadlyassian,ysera,96,paladin,holy,6,1,5
Qechcan,quelthalas,96,paladin,holy,6,1,5
Parzsival,blood-furnace,96,paladin,holy,6,1,5
Meltedcheese,destromath,96,paladin,holy,6,1,5
Holyvytu,stormrage,96,paladin,holy,6,1,5
Komugì,thrall,96,paladin,holy,6,1,5
Silreck,ragnaros,96,paladin,holy,6,1,5
Vîxey,ragnaros,96,paladin,holy,6,1,5
Oncehumanoid,stormrage,96,paladin,holy,6,1,5
Oofky,ragnaros,96,paladin,holy,6,1,5
Wings,arygos,96,paladin,holy,6,1,5
Pïñgÿåøpälâ,sargeras,96,paladin,holy,6,1,5
Tadme,sargeras,96,paladin,holy,6,1,5
ßls,illidan,96,paladin,holy,6,1,5
Victores,illidan,96,paladin,holy,6,1,5
Ploppers,sargeras,96,paladin,holy,6,1,5
Yikyok,stormrage,96,paladin,holy,6,1,5
Lyguard,frostmourne,96,paladin,holy,6,1,5
Annhette,sargeras,96,paladin,holy,6,1,5
Tradorel,illidan,96,paladin,holy,6,1,5
Dárkness,blades-edge,96,paladin,holy,6,1,5
Elronda,malganis,96,paladin,holy,6,1,5
Jeffylolmar,sargeras,96,paladin,holy,6,1,5
Syrenadrel,hydraxis,96,paladin,holy,6,1,5
Sevina,twisting-nether,96,paladin,holy,6,1,5
Chucknoreis,azralon,96,paladin,holy,6,1,5
Keltheas,rivendare,96,paladin,holy,6,1,5
Bayraa,tichondrius,96,paladin,holy,6,1,5
Hamadam,azralon,96,paladin,holy,6,1,5
Greddlok,rivendare,96,paladin,holy,6,1,5
Tarpeeksi,tichondrius,96,paladin,holy,6,1,5
Shartea,winterhoof,96,paladin,holy,6,1,5
Combidin,garrosh,96,paladin,holy,6,1,5
Owllii,frostwolf,96,paladin,holy,6,1,5
Kurook,moon-guard,96,paladin,holy,6,1,5
Razuel,frostmourne,96,paladin,holy,6,1,5
Luxs,tichondrius,96,paladin,holy,6,1,5
Droppain,tichondrius,96,paladin,holy,6,1,5
Zwilliam,frostmourne,96,paladin,holy,6,1,5
Cremefraichè,tichondrius,96,paladin,holy,6,1,5
Boppal,tichondrius,96,paladin,holy,6,1,5
Arturias,kiljaeden,96,paladin,holy,6,1,5
Makíma,tichondrius,96,paladin,holy,6,1,5
Kaynè,senjin,96,paladin,holy,6,1,5
Pigeon,darkspear,96,paladin,holy,6,1,5
Burgasari,tichondrius,96,paladin,holy,6,1,5
Dougiè,boulderfist,96,paladin,holy,6,1,5
Cathraga,moknathal,96,paladin,holy,6,1,5
Chakris,wyrmrest-accord,96,paladin,holy,6,1,5
Khaosactual,proudmoore,96,paladin,holy,6,1,5
Zoneyy,proudmoore,96,paladin,holy,6,1,5
Mayumei,wyrmrest-accord,96,paladin,holy,6,1,5
Netéro,skywall,96,paladin,holy,6,1,5
Jebpal,tichondrius,96,paladin,holy,9,1,8
Ripadin,dunemaul,96,paladin,holy,11,1,10
Grîshnâkh,ragnaros,96,paladin,holy,11,1,10
Vexe,emerald-dream,96,paladin,holy,12,1,11
Jwilks,black-dragonflight,96,paladin,holy,12,1,11
Soloist,tichondrius,96,paladin,holy,12,1,11
Caityline,azralon,96,paladin,holy,12,1,11
Bahkax,tichondrius,96,paladin,holy,12,1,11
Restarting,tichondrius,96,paladin,holy,12,1,11
Forthestreet,tichondrius,96,paladin,holy,12,1,11
Zentrick,whisperwind,96,paladin,holy,12,1,11
Memenki,azralon,96,paladin,holy,12,1,11
Dapallytroll,area-52,96,paladin,holy,12,1,11
Midnightboto,dragonmaw,96,paladin,holy,12,1,11
Jumahji,illidan,96,paladin,holy,12,1,11
Nickpala,bleeding-hollow,96,paladin,holy,12,1,11
Driuling,frostmourne,96,paladin,holy,12,1,11
Yccorz,frostmourne,96,paladin,holy,12,1,11
Pedin,stormrage,96,paladin,holy,12,1,11
Ordained,moonrunner,96,paladin,holy,12,1,11
Aenwyl,quelthalas,96,paladin,holy,24,1,23
Castïël,area-52,96,paladin,holy,26,1,25
Arlé,stormrage,95,paladin,holy,6,1,5
Ulfhednarx,illidan,95,paladin,holy,12,1,11
Itayia,dalaran,95,paladin,holy,18,1,17
Ååron,thrall,89,paladin,holy,11,3,8
Emilywilis,sargeras,84,paladin,holy,17,5,12
Zaeris,proudmoore,79,paladin,holy,5,1,4
Athenia,moon-guard,63,paladin,holy,6,3,3
Usaýa,moon-guard,48,paladin,holy,3,1,2
Alphonsé,draenor,48,paladin,holy,3,1,2
Jkethuhsnake,ghostlands,48,paladin,holy,21,1,20
Mythpally,barthilas,42,paladin,holy,8,2,6
Alpinestârs,tichondrius,42,paladin,holy,9,2,7
Justinbebr,tichondrius,42,paladin,holy,14,3,11
Beaconlol,proudmoore,42,paladin,holy,10,2,8
Kziwei,stormrage,31,paladin,holy,2,1,1
Shkafell,ragnaros,9,paladin,holy,8,2,6
Oghal,frostmourne,9,paladin,holy,23,3,20
Imitlol,alexstrasza,2260,paladin,retribution,247,128,119
Vânguards,tichondrius,2250,paladin,retribution,111,62,49
Hollyflame,tichondrius,2228,paladin,retribution,293,153,140
Rexpeitaboot,azralon,2188,paladin,retribution,101,53,48
Thulêan,moon-guard,2168,paladin,retribution,239,122,117
Getmeabag,tichondrius,2157,paladin,retribution,102,53,49
Zozo,zuljin,2152,paladin,retribution,95,50,45
Notvelic,tichondrius,2145,paladin,retribution,158,81,77
Lvladen,sargeras,2145,paladin,retribution,108,52,56
Tramatic,sargeras,2143,paladin,retribution,138,71,67
Alicê,moon-guard,2123,paladin,retribution,102,54,48
Venguards,azralon,2120,paladin,retribution,163,85,78
Hamburgeryu,tichondrius,2119,paladin,retribution,100,49,51
Dasp,nagrand,2112,paladin,retribution,84,45,39
Jxke,barthilas,2112,paladin,retribution,83,44,39
Kíngkáísér,azralon,2111,paladin,retribution,55,38,17
Condiments,earthen-ring,2110,paladin,retribution,144,77,67
Coolvelic,tichondrius,2110,paladin,retribution,156,79,77
Angryvelic,tichondrius,2109,paladin,retribution,132,65,67
Attkdmgcurry,illidan,2108,paladin,retribution,95,49,46
Evanguards,tichondrius,2105,paladin,retribution,202,102,100
Ryuseiblade,ragnaros,2102,paladin,retribution,138,69,69
Yuji,darkspear,2102,paladin,retribution,108,54,54
Xalarius,illidan,2101,paladin,retribution,71,36,35
Shôtgun,tichondrius,2101,paladin,retribution,138,69,69
Seantate,stormrage,2100,paladin,retribution,73,44,29
Dayuanzhong,tichondrius,2100,paladin,retribution,123,63,60
Aldda,azralon,2100,paladin,retribution,170,85,85
Caperx,tichondrius,2099,paladin,retribution,102,51,51
Lanteranth,drenden,2096,paladin,retribution,204,102,102
Alpinestârs,tichondrius,2093,paladin,retribution,217,112,105
Vanguards,tichondrius,2081,paladin,retribution,94,52,42
Cherrypally,area-52,2079,paladin,retribution,65,34,31
Palakanda,azralon,2071,paladin,retribution,66,39,27
Xxwitcherxx,stormrage,2066,paladin,retribution,176,99,77
Kishou,stormrage,2063,paladin,retribution,111,58,53
Flavor,cairne,2054,paladin,retribution,96,47,49
Quitzz,tichondrius,2050,paladin,retribution,123,61,62
Iqt,moon-guard,2048,paladin,retribution,166,85,81
Picachü,ragnaros,2048,paladin,retribution,160,79,81
Scathol,tichondrius,2042,paladin,retribution,148,76,72
Xiaoqingye,tichondrius,2034,paladin,retribution,143,74,69
Chetmorton,emerald-dream,2034,paladin,retribution,78,38,40
Simplybést,zuljin,2027,paladin,retribution,216,108,108
Thezenith,tichondrius,2019,paladin,retribution,78,51,27
Pallehx,tichondrius,2019,paladin,retribution,118,57,61
Slíckhuman,spinebreaker,2014,paladin,retribution,108,64,44
Hammrekt,kelthuzad,2014,paladin,retribution,192,96,96
Metallíka,nemesis,2013,paladin,retribution,155,75,80
Furylolz,tichondrius,2009,paladin,retribution,70,35,35
Xexe,stormreaver,2004,paladin,retribution,156,76,80
Swurvezx,bleeding-hollow,2002,paladin,retribution,65,41,24
Shotgunzs,tichondrius,2001,paladin,retribution,72,35,37
Galatus,tichondrius,1999,paladin,retribution,77,39,38
Iäl,tichondrius,1997,paladin,retribution,119,56,63
Thragar,stormrage,1996,paladin,retribution,36,21,15
Voidaz,stormscale,1995,paladin,retribution,90,47,43
Forzanapoli,tichondrius,1995,paladin,retribution,85,39,46
Dankrachet,thrall,1991,paladin,retribution,102,49,53
Ðori,tichondrius,1990,paladin,retribution,100,47,53
Mcconnell,sargeras,1988,paladin,retribution,66,40,26
Omnnii,tichondrius,1986,paladin,retribution,95,52,43
Theblèss,tichondrius,1985,paladin,retribution,133,63,70
Genericuser,sargeras,1984,paladin,retribution,82,44,38
Dreamcastz,tichondrius,1981,paladin,retribution,60,38,22
Mesmi,moon-guard,1981,paladin,retribution,196,108,88
Grifnballs,agamaggan,1977,paladin,retribution,74,39,35
Retrachet,thrall,1974,paladin,retribution,60,34,26
Mashbringer,moon-guard,1974,paladin,retribution,119,61,58
Ashenhallow,alexstrasza,1973,paladin,retribution,42,27,15
Daxxj,akama,1973,paladin,retribution,200,97,103
Møemøeda,illidan,1973,paladin,retribution,60,28,32
Bigdickrick,ragnaros,1972,paladin,retribution,54,32,22
Angelguards,tichondrius,1972,paladin,retribution,72,34,38
Dreamcastx,tichondrius,1971,paladin,retribution,243,120,123
Conndiment,earthen-ring,1968,paladin,retribution,90,45,45
Holychris,shadowmoon,1968,paladin,retribution,162,76,86
Kaharule,akama,1966,paladin,retribution,88,49,39
Ozzium,ragnaros,1965,paladin,retribution,215,109,106
Caveyodeler,zuluhed,1962,paladin,retribution,66,31,35
Koyoikonan,tichondrius,1959,paladin,retribution,54,35,19
Kubota,sargeras,1958,paladin,retribution,60,36,24
Luosiding,tichondrius,1958,paladin,retribution,191,90,101
Zanthus,shadow-council,1955,paladin,retribution,41,23,18
Kurôsh,kalecgos,1955,paladin,retribution,96,52,44
Usdacertifed,lightnings-blade,1955,paladin,retribution,334,174,160
Draenkz,quelthalas,1954,paladin,retribution,57,37,20
Egirlret,tichondrius,1953,paladin,retribution,148,70,78
Aeterias,dalaran,1951,paladin,retribution,278,151,127
Xuantianchai,tichondrius,1944,paladin,retribution,60,36,24
Mikhàël,stormscale,1943,paladin,retribution,102,64,38
Shiryn,illidan,1942,paladin,retribution,79,42,37
Bøgård,sargeras,1941,paladin,retribution,299,151,148
Palabora,kelthuzad,1940,paladin,retribution,65,38,27
Dratzq,ragnaros,1938,paladin,retribution,90,49,41
Insanity,dethecus,1937,paladin,retribution,78,32,46
Attkdamdam,illidan,1935,paladin,retribution,60,30,30
Bartharious,malganis,1935,paladin,retribution,144,68,76
Wasteddwolf,tichondrius,1934,paladin,retribution,195,95,100
Recliner,wyrmrest-accord,1934,paladin,retribution,72,35,37
Ohuo,tichondrius,1933,paladin,retribution,376,197,179
Damionblade,proudmoore,1933,paladin,retribution,319,167,152
Sukilol,tichondrius,1931,paladin,retribution,228,118,110
Mikeqiaodan,tichondrius,1931,paladin,retribution,188,94,94
Thørmento,azralon,1931,paladin,retribution,255,127,128
Nbtv,tichondrius,1931,paladin,retribution,78,36,42
Indivisionxp,tichondrius,1928,paladin,retribution,55,34,21
Lazypally,frostmourne,1928,paladin,retribution,102,52,50
Fossilz,sargeras,1927,paladin,retribution,59,31,28
Animepower,moon-guard,1924,paladin,retribution,186,106,80
Maledraenei,sargeras,1920,paladin,retribution,143,67,76
Dtaitou,tichondrius,1920,paladin,retribution,66,30,36
Slaneesh,ragnaros,1918,paladin,retribution,171,81,90
Alodorx,tichondrius,1916,paladin,retribution,42,29,13
Bluerunebar,illidan,1916,paladin,retribution,66,37,29
Marthellus,quelthalas,1915,paladin,retribution,85,43,42
Galedance,tichondrius,1915,paladin,retribution,64,32,32
Memorisë,ragnaros,1913,paladin,retribution,304,157,147
Monkeypala,dathremar,1911,paladin,retribution,54,30,24
Homelanderp,tichondrius,1911,paladin,retribution,87,45,42
Çestlavie,korgath,1909,paladin,retribution,107,63,44
Mürlin,illidan,1909,paladin,retribution,298,152,146
Goret,tichondrius,1907,paladin,retribution,72,34,38
Smortain,tichondrius,1906,paladin,retribution,101,45,56
Hammrekt,illidan,1905,paladin,retribution,48,25,23
Furgalicious,area-52,1904,paladin,retribution,125,60,65
Bestowed,moon-guard,1903,paladin,retribution,93,46,47
Pantufä,stormrage,1900,paladin,retribution,95,47,48
Clapstick,illidan,1900,paladin,retribution,72,33,39
Cryof,illidan,1899,paladin,retribution,78,34,44
Crazymikey,bleeding-hollow,1897,paladin,retribution,96,39,57
Kíbá,malganis,1896,paladin,retribution,57,31,26
Dadadalala,tichondrius,1895,paladin,retribution,36,20,16
Velstadt,sargeras,1895,paladin,retribution,78,36,42
Zanur,tichondrius,1893,paladin,retribution,220,112,108
Cønk,khadgar,1892,paladin,retribution,170,100,70
Peledin,azralon,1890,paladin,retribution,95,48,47
Galeatus,tichondrius,1890,paladin,retribution,96,40,56
Puredecuy,ragnaros,1889,paladin,retribution,84,42,42
Mwqyyds,tichondrius,1888,paladin,retribution,172,82,90
Dubliner,garona,1888,paladin,retribution,59,27,32
Vendatha,darkspear,1887,paladin,retribution,30,25,5
Panncakeman,tichondrius,1886,paladin,retribution,92,52,40
Hellsingwolf,zuljin,1885,paladin,retribution,30,20,10
Retroreq,tichondrius,1885,paladin,retribution,178,95,83
Ahsilum,frostmourne,1885,paladin,retribution,120,59,61
Pécorino,malganis,1884,paladin,retribution,52,31,21
Mervor,quelthalas,1882,paladin,retribution,77,38,39
Bbtea,frostmourne,1882,paladin,retribution,78,35,43
Palypants,proudmoore,1881,paladin,retribution,43,21,22
Zeldoul,magtheridon,1879,paladin,retribution,71,36,35
Alexjones,stormrage,1878,paladin,retribution,84,46,38
Bignum,illidan,1878,paladin,retribution,42,22,20
Danceholy,tichondrius,1876,paladin,retribution,105,50,55
Roushex,sargeras,1875,paladin,retribution,72,35,37
Matthrian,moon-guard,1875,paladin,retribution,90,38,52
Praysnblaze,zuljin,1873,paladin,retribution,67,32,35
Leonilx,tichondrius,1873,paladin,retribution,54,24,30
Xuanxingchai,tichondrius,1873,paladin,retribution,94,39,55
Rendwårchief,garrosh,1872,paladin,retribution,53,33,20
Sâdê,bleeding-hollow,1872,paladin,retribution,42,23,19
Kamadonezuko,illidan,1872,paladin,retribution,172,85,87
Traize,kelthuzad,1870,paladin,retribution,54,35,19
Traceless,emerald-dream,1870,paladin,retribution,134,82,52
Lejeñd,stormrage,1870,paladin,retribution,71,38,33
Beautiful,proudmoore,1870,paladin,retribution,135,72,63
Fairgame,dathremar,1869,paladin,retribution,60,28,32
Luminant,thunderlord,1867,paladin,retribution,134,68,66
Bisket,illidan,1866,paladin,retribution,89,51,38
Bohring,bleeding-hollow,1865,paladin,retribution,54,29,25
Xilio,tichondrius,1865,paladin,retribution,72,36,36
Profundity,area-52,1864,paladin,retribution,82,45,37
Ponytail,dark-iron,1861,paladin,retribution,92,53,39
Ðepopulâting,moon-guard,1861,paladin,retribution,54,30,24
Juffury,illidan,1861,paladin,retribution,66,32,34
Kraggar,arthas,1860,paladin,retribution,90,50,40
Sweetfish,kiljaeden,1860,paladin,retribution,95,51,44
Talymra,ragnaros,1860,paladin,retribution,72,38,34
Víkk,zuljin,1860,paladin,retribution,182,94,88
Rédbarön,illidan,1860,paladin,retribution,78,36,42
Thebless,tichondrius,1859,paladin,retribution,53,31,22
Teniale,moon-guard,1859,paladin,retribution,54,28,26
Chuoo,proudmoore,1859,paladin,retribution,46,22,24
Htmlar,tichondrius,1858,paladin,retribution,82,39,43
Gobblerr,blackrock,1857,paladin,retribution,108,54,54
Ksvoten,azralon,1856,paladin,retribution,53,31,22
Rikkupìgu,sargeras,1856,paladin,retribution,56,30,26
Saakero,illidan,1855,paladin,retribution,60,32,28
Alecx,tichondrius,1853,paladin,retribution,58,33,25
Subtilizer,tichondrius,1851,paladin,retribution,48,32,16
Foofs,shadowmoon,1851,paladin,retribution,53,26,27
Apollidin,malganis,1851,paladin,retribution,141,66,75
Avenging,wyrmrest-accord,1850,paladin,retribution,68,33,35
Ezas,moon-guard,1849,paladin,retribution,54,32,22
Solanin,frostmourne,1849,paladin,retribution,35,20,15
Hurv,area-52,1849,paladin,retribution,83,45,38
Burnning,tichondrius,1849,paladin,retribution,57,30,27
Yccorz,frostmourne,1849,paladin,retribution,306,152,154
Galess,tichondrius,1848,paladin,retribution,72,31,41
Evangelìne,darkspear,1847,paladin,retribution,74,46,28
Johnmacclane,azralon,1847,paladin,retribution,227,122,105
Moocowd,senjin,1847,paladin,retribution,66,35,31
Miktley,area-52,1847,paladin,retribution,66,32,34
Wantsome,frostmourne,1847,paladin,retribution,67,32,35
Rasler,stormrage,1846,paladin,retribution,267,138,129
Ilyt,illidan,1846,paladin,retribution,54,26,28
Tyrillian,aerie-peak,1846,paladin,retribution,54,24,30
Mcjudgin,kilrogg,1845,paladin,retribution,29,20,9
Marvallous,area-52,1845,paladin,retribution,102,59,43
Retxsilver,thrall,1845,paladin,retribution,136,69,67
Sacredknight,kelthuzad,1845,paladin,retribution,48,23,25
Paladinaa,lothar,1844,paladin,retribution,60,30,30
Mixz,bleeding-hollow,1843,paladin,retribution,60,36,24
Nishru,sargeras,1843,paladin,retribution,60,32,28
Auxilio,arathor,1843,paladin,retribution,60,29,31
Clee,sargeras,1842,paladin,retribution,147,80,67
Popje,zuljin,1841,paladin,retribution,42,23,19
Arquidea,tichondrius,1841,paladin,retribution,132,71,61
Eldenblade,moon-guard,1841,paladin,retribution,84,45,39
Asukaba,sargeras,1841,paladin,retribution,104,47,57
Holywaffle,nemesis,1840,paladin,retribution,187,100,87
Ashkandi,tichondrius,1840,paladin,retribution,137,72,65
Truthkeeper,moon-guard,1840,paladin,retribution,47,23,24
Chuckvandam,illidan,1839,paladin,retribution,54,36,18
Naverpay,tichondrius,1839,paladin,retribution,46,26,20
Roguesmoker,zuljin,1839,paladin,retribution,59,31,28
Immobilized,frostmourne,1839,paladin,retribution,58,29,29
Mvpj,medivh,1839,paladin,retribution,48,23,25
Ilaaria,moon-guard,1838,paladin,retribution,66,44,22
Cordelight,moon-guard,1837,paladin,retribution,95,64,31
Kushsessions,zuljin,1837,paladin,retribution,42,20,22
Vip,frostmourne,1836,paladin,retribution,108,55,53
Paladincane,sargeras,1835,paladin,retribution,185,99,86
Bigdogchief,stormrage,1835,paladin,retribution,54,28,26
Qunima,tichondrius,1835,paladin,retribution,60,30,30
Kangsang,illidan,1835,paladin,retribution,70,33,37
Coldzito,ragnaros,1835,paladin,retribution,48,22,26
Lolcraftv,tichondrius,1834,paladin,retribution,60,30,30
Dkdldkdld,tichondrius,1833,paladin,retribution,36,27,9
Lilglick,illidan,1833,paladin,retribution,36,21,15
Joeschmo,area-52,1833,paladin,retribution,54,31,23
Holyfused,illidan,1833,paladin,retribution,53,28,25
Thaldun,wyrmrest-accord,1833,paladin,retribution,160,84,76
Masqadin,tichondrius,1832,paladin,retribution,36,26,10
Angelicwhim,stormrage,1832,paladin,retribution,54,29,25
Cagowhite,tichondrius,1832,paladin,retribution,78,36,42
Kaitúr,stormrage,1831,paladin,retribution,56,29,27
Ðiviñe,zuluhed,1831,paladin,retribution,233,120,113
ßò,area-52,1830,paladin,retribution,46,31,15
Hge,proudmoore,1830,paladin,retribution,53,32,21
Chainsapally,stormrage,1828,paladin,retribution,54,38,16
Therëv,zuljin,1828,paladin,retribution,119,58,61
Bornterrible,queldorei,1828,paladin,retribution,54,25,29
Taeret,tichondrius,1827,paladin,retribution,36,23,13
Giulio,moon-guard,1827,paladin,retribution,250,144,106
Idenline,moon-guard,1827,paladin,retribution,59,30,29
Bubblemark,tichondrius,1827,paladin,retribution,139,68,71
Notae,icecrown,1826,paladin,retribution,48,26,22
Wolfs,firetree,1826,paladin,retribution,66,29,37
Alxndrr,area-52,1825,paladin,retribution,108,58,50
Leaelda,wyrmrest-accord,1825,paladin,retribution,58,29,29
Kooi,illidan,1825,paladin,retribution,84,37,47
Monchmon,tichondrius,1824,paladin,retribution,47,24,23
Tzakial,area-52,1824,paladin,retribution,72,34,38
Secksorcism,frostwolf,1823,paladin,retribution,125,73,52
Zèrà,thunderhorn,1823,paladin,retribution,54,26,28
Mercuryx,tichondrius,1823,paladin,retribution,66,31,35
Saradomin,kelthuzad,1822,paladin,retribution,129,66,63
Tofuupal,tichondrius,1822,paladin,retribution,120,61,59
Saakadin,illidan,1821,paladin,retribution,48,29,19
Olixx,blackrock,1821,paladin,retribution,54,30,24
Promethèus,jubeithos,1821,paladin,retribution,66,34,32
Malakor,thrall,1820,paladin,retribution,150,79,71
Jonathein,barthilas,1820,paladin,retribution,206,106,100
Kádabrak,tichondrius,1819,paladin,retribution,66,41,25
Draidan,area-52,1819,paladin,retribution,131,81,50
Blackcandle,tichondrius,1819,paladin,retribution,48,29,19
Lecheroø,tichondrius,1819,paladin,retribution,84,50,34
Yorøchi,azralon,1819,paladin,retribution,57,31,26
Backdrop,proudmoore,1819,paladin,retribution,169,91,78
Geöspäwn,tichondrius,1819,paladin,retribution,39,20,19
Pistis,kelthuzad,1819,paladin,retribution,76,37,39
Anbivilent,moon-guard,1819,paladin,retribution,48,23,25
Cardynivans,tichondrius,1819,paladin,retribution,67,25,42
Warstompgg,ragnaros,1818,paladin,retribution,36,25,11
Badbad,icecrown,1818,paladin,retribution,36,20,16
Yérn,barthilas,1818,paladin,retribution,54,28,26
Zett,jubeithos,1818,paladin,retribution,97,45,52
Dorex,moon-guard,1817,paladin,retribution,111,72,39
Dazargeros,moon-guard,1817,paladin,retribution,30,19,11
Nr,blood-furnace,1817,paladin,retribution,54,32,22
Prettycure,illidan,1817,paladin,retribution,54,30,24
Comeuppance,wyrmrest-accord,1817,paladin,retribution,196,106,90
Awbie,moon-guard,1817,paladin,retribution,96,47,49
Dwimberlike,ragnaros,1816,paladin,retribution,56,37,19
Chadsteroid,sargeras,1816,paladin,retribution,48,29,19
Dippedlol,tichondrius,1816,paladin,retribution,84,48,36
Dippedxd,tichondrius,1816,paladin,retribution,90,50,40
Kumdonia,illidan,1816,paladin,retribution,36,19,17
Chuizz,frostmourne,1816,paladin,retribution,92,43,49
Kíngkáiser,azralon,1815,paladin,retribution,46,27,19
Theboxx,frostmourne,1815,paladin,retribution,51,23,28
Loisterly,bladefist,1814,paladin,retribution,128,70,58
Zulmay,malganis,1814,paladin,retribution,156,78,78
Ìshen,illidan,1813,paladin,retribution,54,30,24
Popwings,azralon,1813,paladin,retribution,58,31,27
Wîckèd,tichondrius,1813,paladin,retribution,77,40,37
Dorktanian,stormrage,1813,paladin,retribution,78,40,38
Obsolete,onyxia,1813,paladin,retribution,155,77,78
Heatyr,malganis,1813,paladin,retribution,59,28,31
Lovy,area-52,1813,paladin,retribution,66,30,36
Pallysmack,stormrage,1812,paladin,retribution,48,28,20
Lightslion,stormrage,1812,paladin,retribution,96,53,43
Allohes,area-52,1812,paladin,retribution,52,28,24
Guggle,lothar,1812,paladin,retribution,60,32,28
Divinehammer,proudmoore,1812,paladin,retribution,72,33,39
Incubus,rexxar,1812,paladin,retribution,72,33,39
Stolzy,tichondrius,1812,paladin,retribution,86,39,47
Rethumtv,tichondrius,1812,paladin,retribution,72,30,42
Arkadiano,drakkari,1812,paladin,retribution,78,29,49
Primaryee,tichondrius,1811,paladin,retribution,133,59,74
Holreshee,tichondrius,1810,paladin,retribution,54,31,23
Lilcyans,ragnaros,1810,paladin,retribution,66,34,32
Ienhova,area-52,1810,paladin,retribution,72,36,36
Judgejudyx,sargeras,1809,paladin,retribution,43,28,15
Ladeon,proudmoore,1809,paladin,retribution,72,44,28
Elëssar,ragnaros,1809,paladin,retribution,221,117,104
Selivara,zuljin,1809,paladin,retribution,60,30,30
Jameson,andorhal,1808,paladin,retribution,36,24,12
Fussyotter,stormreaver,1808,paladin,retribution,103,59,44
Lasteroy,nemesis,1808,paladin,retribution,159,89,70
Raxadin,stormrage,1808,paladin,retribution,60,30,30
Màli,akama,1808,paladin,retribution,52,20,32
Stêvêts,tichondrius,1807,paladin,retribution,36,20,16
Downways,sargeras,1807,paladin,retribution,73,39,34
Mikkylol,tichondrius,1807,paladin,retribution,55,29,26
Ratg,frostmourne,1807,paladin,retribution,46,24,22
Andelko,tichondrius,1807,paladin,retribution,46,23,23
Jhasøn,quelthalas,1806,paladin,retribution,60,40,20
Pornenjoyer,dalaran,1806,paladin,retribution,30,19,11
Darcobs,ragnaros,1806,paladin,retribution,184,96,88
Pambeazley,bronzebeard,1806,paladin,retribution,46,23,23
Mortaine,moon-guard,1806,paladin,retribution,204,101,103
Zeyrox,stormrage,1806,paladin,retribution,54,26,28
Pramethious,sargeras,1806,paladin,retribution,78,37,41
Erodan,moon-guard,1806,paladin,retribution,88,38,50
Annihilàtion,frostmourne,1805,paladin,retribution,42,30,12
Ipomaikai,dragonmaw,1805,paladin,retribution,30,19,11
Tævèn,tichondrius,1805,paladin,retribution,48,26,22
Antlkd,quelthalas,1805,paladin,retribution,59,31,28
Koketsu,ragnaros,1805,paladin,retribution,219,109,110
Huuzhaa,tichondrius,1805,paladin,retribution,92,44,48
Ironblade,zuljin,1804,paladin,retribution,54,29,25
Wrathofangus,nesingwary,1804,paladin,retribution,36,19,17
Palli,moon-guard,1804,paladin,retribution,60,31,29
Lawdeedawh,tichondrius,1804,paladin,retribution,54,27,27
Lumbersnack,moon-guard,1804,paladin,retribution,75,36,39
Dréveleth,quelthalas,1804,paladin,retribution,188,88,100
Thantore,scilla,1804,paladin,retribution,76,34,42
Justicejosh,frostmourne,1803,paladin,retribution,42,25,17
Josxth,stormrage,1803,paladin,retribution,72,38,34
Mabia,tichondrius,1803,paladin,retribution,78,40,38
Reypally,dalaran,1803,paladin,retribution,132,66,66
Lucy,sargeras,1803,paladin,retribution,84,38,46
Niubcjq,tichondrius,1803,paladin,retribution,42,19,23
Disappearing,stormrage,1802,paladin,retribution,48,31,17
Candysugar,tichondrius,1802,paladin,retribution,60,36,24
Arkcadius,frostmourne,1802,paladin,retribution,96,52,44
Chestbrah,nemesis,1802,paladin,retribution,102,53,49
Zelowrath,emerald-dream,1801,paladin,retribution,24,19,5
Bakapal,tichondrius,1801,paladin,retribution,144,79,65
Rashbringer,azgalor,1801,paladin,retribution,73,39,34
Tèhflip,tichondrius,1801,paladin,retribution,36,19,17
Gunderbok,emerald-dream,1801,paladin,retribution,63,33,30
Hargol,stormrage,1801,paladin,retribution,126,60,66
Iloveyouxoxo,tichondrius,1800,paladin,retribution,54,29,25
Duhvine,malganis,1800,paladin,retribution,41,22,19
Sôck,zuljin,1800,paladin,retribution,44,22,22
Kalgormoth,ragnaros,1800,paladin,retribution,89,43,46
Lunalunar,quelthalas,1800,paladin,retribution,71,32,39
Ha,bleeding-hollow,1800,paladin,retribution,64,26,38
Määx,bleeding-hollow,1799,paladin,retribution,42,25,17
Tribünal,azralon,1796,paladin,retribution,48,25,23
Buckey,kilrogg,1795,paladin,retribution,87,49,38
Dampenedxd,bleeding-hollow,1795,paladin,retribution,116,55,61
Dúrnir,stormscale,1794,paladin,retribution,30,19,11
Voodoovon,tichondrius,1792,paladin,retribution,131,66,65
Coldzerox,ragnaros,1792,paladin,retribution,173,87,86
ßountystrike,sargeras,1792,paladin,retribution,90,42,48
Gelosagrado,illidan,1792,paladin,retribution,201,91,110
Chadatron,tichondrius,1791,paladin,retribution,42,21,21
Venxpeita,azralon,1790,paladin,retribution,42,30,12
Nërfme,illidan,1790,paladin,retribution,47,27,20
Fuchí,tichondrius,1790,paladin,retribution,248,120,128
Utherparty,frostmourne,1789,paladin,retribution,125,70,55
Nhsvikings,bleeding-hollow,1789,paladin,retribution,106,55,51
Ibullyourmom,tichondrius,1789,paladin,retribution,161,81,80
Mihawk,drenden,1788,paladin,retribution,36,24,12
Cuteluna,tichondrius,1786,paladin,retribution,72,38,34
Djdiogø,azralon,1786,paladin,retribution,116,60,56
Outkas,area-52,1786,paladin,retribution,66,32,34
Ämoureux,bleeding-hollow,1786,paladin,retribution,194,87,107
Youguessedit,stormrage,1785,paladin,retribution,30,19,11
Borntobebad,barthilas,1785,paladin,retribution,60,30,30
Areuss,tichondrius,1783,paladin,retribution,41,22,19
Giørther,ragnaros,1783,paladin,retribution,57,29,28
Retsaíyan,tichondrius,1783,paladin,retribution,66,31,35
Berryblast,shadowmoon,1782,paladin,retribution,54,36,18
Beaconlol,proudmoore,1781,paladin,retribution,113,69,44
Parlore,moon-guard,1781,paladin,retribution,192,98,94
Soverejgn,bleeding-hollow,1781,paladin,retribution,580,284,296
Émiluss,stormrage,1781,paladin,retribution,72,35,37
Moød,ragnaros,1780,paladin,retribution,95,53,42
Whathehell,black-dragonflight,1780,paladin,retribution,228,115,113
Robo,tichondrius,1778,paladin,retribution,30,19,11
Knuckifubuck,illidan,1778,paladin,retribution,42,25,17
Zakladchick,illidan,1778,paladin,retribution,48,26,22
Req,barthilas,1777,paladin,retribution,54,30,24
Litium,frostmourne,1777,paladin,retribution,60,33,27
Poppmybubble,frostmourne,1776,paladin,retribution,53,32,21
Bigboiszn,area-52,1776,paladin,retribution,48,25,23
Apnea,ragnaros,1776,paladin,retribution,197,94,103
Ópsv,quelthalas,1775,paladin,retribution,191,109,82
Hallmark,kelthuzad,1775,paladin,retribution,60,28,32
Toughxguy,sargeras,1772,paladin,retribution,121,60,61
Immensepower,tichondrius,1771,paladin,retribution,42,21,21
Ulcerà,azralon,1771,paladin,retribution,79,36,43
Honeydutchtv,black-dragonflight,1771,paladin,retribution,180,80,100
Filthyape,wyrmrest-accord,1769,paladin,retribution,118,73,45
Blooderty,bleeding-hollow,1769,paladin,retribution,114,68,46
Elcíd,quelthalas,1768,paladin,retribution,165,79,86
Syleith,shadow-council,1768,paladin,retribution,115,54,61
Galeast,tichondrius,1767,paladin,retribution,84,36,48
Rahkinishu,khaz-modan,1766,paladin,retribution,189,109,80
Maverickxz,nemesis,1765,paladin,retribution,71,35,36
Hojdin,tichondrius,1765,paladin,retribution,42,20,22
Xinqingle,tichondrius,1763,paladin,retribution,105,57,48
Lilthroatbby,malganis,1763,paladin,retribution,156,71,85
Luke,frostwolf,1763,paladin,retribution,64,27,37
Frepz,illidan,1762,paladin,retribution,68,38,30
Lirtheil,quelthalas,1761,paladin,retribution,48,27,21
Bravsirrobin,firetree,1760,paladin,retribution,41,20,21
Atair,antonidas,1759,paladin,retribution,57,33,24
Zenek,zuljin,1759,paladin,retribution,41,23,18
Rektwings,area-52,1759,paladin,retribution,72,35,37
Younghova,kelthuzad,1759,paladin,retribution,96,43,53
Fylerz,blackhand,1758,paladin,retribution,108,59,49
Waffletrain,tichondrius,1758,paladin,retribution,82,41,41
Strøngkiing,bleeding-hollow,1758,paladin,retribution,84,38,46
Britanybich,area-52,1757,paladin,retribution,72,36,36
Valytonz,wyrmrest-accord,1757,paladin,retribution,96,42,54
Shawra,moon-guard,1756,paladin,retribution,30,20,10
Danaimei,tichondrius,1755,paladin,retribution,56,31,25
Liadrives,area-52,1754,paladin,retribution,114,66,48
Quinnzel,barthilas,1754,paladin,retribution,74,41,33
Savøx,sargeras,1754,paladin,retribution,243,130,113
Jerichô,destromath,1754,paladin,retribution,83,35,48
Keltar,burning-blade,1753,paladin,retribution,36,22,14
Nume,nesingwary,1753,paladin,retribution,94,42,52
Neonblade,illidan,1752,paladin,retribution,88,42,46
Adamantïum,azralon,1751,paladin,retribution,72,27,45
Sconey,andorhal,1750,paladin,retribution,46,24,22
Lânnâ,tichondrius,1750,paladin,retribution,54,23,31
Imcomingbro,blackrock,1749,paladin,retribution,74,35,39
Blake,frostmourne,1749,paladin,retribution,68,29,39
Genovah,sargeras,1748,paladin,retribution,42,25,17
Siire,darkspear,1748,paladin,retribution,90,51,39
Dreneisha,malganis,1748,paladin,retribution,59,30,29
Dazn,tichondrius,1747,paladin,retribution,90,34,56
Rethir,illidan,1746,paladin,retribution,77,46,31
Whitepally,kiljaeden,1746,paladin,retribution,46,19,27
Rugay,sargeras,1745,paladin,retribution,29,19,10
Umbrasanctus,daggerspine,1744,paladin,retribution,189,103,86
Pérona,tichondrius,1744,paladin,retribution,48,25,23
Thebubbajay,illidan,1743,paladin,retribution,54,31,23
Htnhy,aegwynn,1743,paladin,retribution,60,24,36
Gwff,tichondrius,1741,paladin,retribution,47,23,24
Stax,moon-guard,1739,paladin,retribution,72,28,44
Cexus,tichondrius,1736,paladin,retribution,41,19,22
Nitemareforu,stormreaver,1735,paladin,retribution,90,54,36
Gellehar,barthilas,1735,paladin,retribution,36,19,17
Rengen,frostmourne,1735,paladin,retribution,203,103,100
Sventyn,frostmourne,1735,paladin,retribution,65,28,37
Palimedic,sargeras,1734,paladin,retribution,114,55,59
Oneshotman,stormrage,1733,paladin,retribution,57,28,29
Aiethyria,tichondrius,1732,paladin,retribution,60,34,26
Jereth,kelthuzad,1732,paladin,retribution,107,58,49
Teknik,stormscale,1732,paladin,retribution,209,103,106
Vernon,ragnaros,1732,paladin,retribution,66,30,36
Nutonhands,moon-guard,1731,paladin,retribution,60,38,22
Libertylol,tichondrius,1731,paladin,retribution,58,35,23
Ítsyôúñötmé,tichondrius,1731,paladin,retribution,146,81,65
Orindel,tichondrius,1729,paladin,retribution,29,19,10
Arkantion,whisperwind,1728,paladin,retribution,68,42,26
Diebygcd,tichondrius,1728,paladin,retribution,43,25,18
Xiddin,frostmourne,1728,paladin,retribution,66,33,33
Alduur,aggramar,1727,paladin,retribution,54,32,22
Thrax,spirestone,1727,paladin,retribution,129,59,70
Cristø,stormrage,1727,paladin,retribution,72,30,42
Triginhall,moon-guard,1726,paladin,retribution,101,49,52
Coleta,stormrage,1725,paladin,retribution,42,28,14
Nah,emerald-dream,1725,paladin,retribution,57,30,27
Æpaldin,tichondrius,1725,paladin,retribution,62,28,34
Riseandgrind,tichondrius,1723,paladin,retribution,36,18,18
Marvinceo,stormreaver,1721,paladin,retribution,36,18,18
Actionb,aggramar,1719,paladin,retribution,163,82,81
Bizaro,malganis,1719,paladin,retribution,54,21,33
Toguro,kelthuzad,1718,paladin,retribution,97,55,42
Mønaka,tichondrius,1717,paladin,retribution,66,39,27
Aora,kiljaeden,1717,paladin,retribution,72,30,42
Tearet,tichondrius,1716,paladin,retribution,36,24,12
Trippën,tichondrius,1716,paladin,retribution,366,190,176
Bigdaddypuff,cenarius,1716,paladin,retribution,36,18,18
Bizzaz,moon-guard,1716,paladin,retribution,84,37,47
Éætûgýäëí,area-52,1716,paladin,retribution,42,18,24
Izidar,tichondrius,1715,paladin,retribution,46,32,14
Forthestreet,tichondrius,1715,paladin,retribution,112,62,50
Aegious,darkspear,1714,paladin,retribution,65,32,33
Dmghack,tichondrius,1714,paladin,retribution,54,24,30
Midheaven,moon-guard,1713,paladin,retribution,65,41,24
Pomboxd,stormrage,1713,paladin,retribution,95,50,45
Lundor,ragnaros,1712,paladin,retribution,155,74,81
Mmbakes,shadowsong,1711,paladin,retribution,42,24,18
Lillm,malganis,1711,paladin,retribution,120,62,58
Powermonster,tichondrius,1711,paladin,retribution,59,28,31
Emaus,tichondrius,1711,paladin,retribution,72,28,44
Hamerfall,tichondrius,1709,paladin,retribution,78,38,40
Svinadin,emerald-dream,1708,paladin,retribution,36,21,15
Lánná,tichondrius,1708,paladin,retribution,36,21,15
Luzoscura,quelthalas,1708,paladin,retribution,78,43,35
Handyandy,kelthuzad,1708,paladin,retribution,108,47,61
Watchamebaba,malganis,1708,paladin,retribution,54,21,33
Yezzyll,korgath,1707,paladin,retribution,42,23,19
Hôtt,kul-tiras,1707,paladin,retribution,37,19,18
Dentarg,garrosh,1706,paladin,retribution,144,83,61
Thomãs,moon-guard,1706,paladin,retribution,65,32,33
Happybubbles,tichondrius,1705,paladin,retribution,54,32,22
Bloodrefuge,tichondrius,1705,paladin,retribution,36,19,17
Vanas,stormrage,1705,paladin,retribution,75,35,40
Parkwons,tichondrius,1705,paladin,retribution,123,57,66
Souldrainlol,quelthalas,1704,paladin,retribution,152,85,67
Toofgape,sargeras,1704,paladin,retribution,34,19,15
Oneaßoveall,azralon,1704,paladin,retribution,103,57,46
Glowbulled,area-52,1703,paladin,retribution,60,32,28
Helldevil,zuljin,1703,paladin,retribution,63,31,32
Zensargge,tichondrius,1703,paladin,retribution,108,46,62
Bakafish,tichondrius,1702,paladin,retribution,24,18,6
Raelan,icecrown,1702,paladin,retribution,107,70,37
Gexqt,dalaran,1702,paladin,retribution,33,21,12
Heavenlyfire,zuljin,1702,paladin,retribution,114,62,52
Insideous,kelthuzad,1702,paladin,retribution,98,53,45
Semellem,bloodhoof,1702,paladin,retribution,90,44,46
Notoriouus,bleeding-hollow,1702,paladin,retribution,72,33,39
Talivar,kelthuzad,1701,paladin,retribution,168,93,75
Landeren,khazgoroth,1701,paladin,retribution,96,50,46
Auranove,azralon,1701,paladin,retribution,48,21,27
Xytoken,tichondrius,1700,paladin,retribution,155,84,71
Triston,area-52,1700,paladin,retribution,190,97,93
Pickleret,emerald-dream,1700,paladin,retribution,143,69,74
Aldhebarán,ragnaros,1700,paladin,retribution,48,23,25
Griffïth,thrall,1699,paladin,retribution,36,21,15
Soulyholy,tichondrius,1699,paladin,retribution,48,27,21
Lepirate,emerald-dream,1699,paladin,retribution,36,18,18
Whyta,azralon,1698,paladin,retribution,264,138,126
Angrytitan,tichondrius,1698,paladin,retribution,78,40,38
Pathalerix,eonar,1697,paladin,retribution,62,34,28
Daylin,tichondrius,1697,paladin,retribution,77,40,37
Syreqt,nemesis,1697,paladin,retribution,66,32,34
Feelsögood,tichondrius,1696,paladin,retribution,57,32,25
Lidranas,sargeras,1695,paladin,retribution,69,41,28
Bigdaddysdic,illidan,1695,paladin,retribution,120,59,61
Pheonixpally,azralon,1695,paladin,retribution,114,50,64
Ledster,kelthuzad,1695,paladin,retribution,54,22,32
Axcvnz,draka,1694,paladin,retribution,42,23,19
Palajeans,stormrage,1694,paladin,retribution,69,37,32
Nadinebb,proudmoore,1694,paladin,retribution,54,23,31
Tonimâster,misha,1693,paladin,retribution,59,30,29
Valinorean,nemesis,1693,paladin,retribution,39,19,20
Justnikop,tichondrius,1692,paladin,retribution,115,56,59
Dârkk,tichondrius,1691,paladin,retribution,36,20,16
Clownfister,barthilas,1690,paladin,retribution,54,29,25
Áldin,ragnaros,1690,paladin,retribution,71,37,34
Abegáil,area-52,1690,paladin,retribution,102,47,55
Sathandrä,sargeras,1689,paladin,retribution,79,38,41
Shádøwy,nemesis,1688,paladin,retribution,103,56,47
Titannious,stormrage,1688,paladin,retribution,143,70,73
Scarotv,malganis,1688,paladin,retribution,119,56,63
Swiftskillz,bleeding-hollow,1687,paladin,retribution,177,97,80
Goldnhart,wyrmrest-accord,1687,paladin,retribution,146,74,72
Sukmyret,sargeras,1687,paladin,retribution,67,27,40
Noctisu,tichondrius,1687,paladin,retribution,48,18,30
Bigjiba,proudmoore,1686,paladin,retribution,60,32,28
Vanath,bleeding-hollow,1686,paladin,retribution,60,32,28
Schmïtty,tichondrius,1686,paladin,retribution,54,28,26
Heizero,area-52,1685,paladin,retribution,36,20,16
Arturias,kiljaeden,1685,paladin,retribution,160,87,73
Oathen,proudmoore,1685,paladin,retribution,62,31,31
Roachpally,area-52,1684,paladin,retribution,30,19,11
Damnhammer,tichondrius,1684,paladin,retribution,48,30,18
Wing,frostwolf,1684,paladin,retribution,96,49,47
Jafbe,mugthol,1684,paladin,retribution,41,20,21
Sandokhán,ragnaros,1684,paladin,retribution,85,35,50
Konesky,dalaran,1683,paladin,retribution,57,27,30
Nizzy,caelestrasz,1683,paladin,retribution,42,18,24
Munaru,illidan,1682,paladin,retribution,57,33,24
Hînøkåmí,tichondrius,1681,paladin,retribution,42,24,18
Andrixi,bonechewer,1680,paladin,retribution,30,19,11
Shieldheart,moon-guard,1680,paladin,retribution,48,26,22
Bravepala,tichondrius,1680,paladin,retribution,54,20,34
Sasorï,stormrage,1679,paladin,retribution,96,44,52
Thenextx,illidan,1679,paladin,retribution,84,33,51
Garzzy,tichondrius,1678,paladin,retribution,36,20,16
Allîe,malganis,1678,paladin,retribution,79,43,36
Mílkywayx,stormrage,1678,paladin,retribution,132,68,64
Insîght,frostmourne,1678,paladin,retribution,70,27,43
Rendyrend,frostmourne,1677,paladin,retribution,36,18,18
Litler,tichondrius,1675,paladin,retribution,50,35,15
Claudleon,drakkari,1675,paladin,retribution,53,25,28
Jowliet,stormrage,1675,paladin,retribution,51,22,29
Paladinomg,darkspear,1674,paladin,retribution,172,97,75
Lanach,lightbringer,1674,paladin,retribution,94,49,45
Zoliz,tichondrius,1674,paladin,retribution,96,49,47
Orivia,spirestone,1674,paladin,retribution,66,33,33
Kuico,ragnaros,1674,paladin,retribution,48,24,24
Vapanor,ragnaros,1674,paladin,retribution,77,38,39
Cinacalcet,dalaran,1674,paladin,retribution,45,22,23
Rxes,frostmourne,1674,paladin,retribution,135,65,70
Beardedbrute,korgath,1674,paladin,retribution,54,24,30
Aredel,drakkari,1673,paladin,retribution,59,28,31
Moolishous,frostmourne,1672,paladin,retribution,89,48,41
Torinel,illidan,1672,paladin,retribution,41,21,20
Aoishie,bleeding-hollow,1671,paladin,retribution,146,78,68
Sugnidrom,frostmourne,1671,paladin,retribution,70,36,34
Meleegodx,darkspear,1671,paladin,retribution,48,22,26
Haiden,goldrinn,1671,paladin,retribution,69,31,38
Chriskriego,frostmourne,1671,paladin,retribution,60,24,36
Bubbledober,tichondrius,1670,paladin,retribution,30,20,10
Palejandro,illidan,1670,paladin,retribution,132,68,64
Traditionalp,area-52,1669,paladin,retribution,55,34,21
Damndoi,tichondrius,1669,paladin,retribution,66,39,27
Practícal,moon-guard,1669,paladin,retribution,96,49,47
Pumperjer,tichondrius,1669,paladin,retribution,53,26,27
Boarfarmer,tichondrius,1669,paladin,retribution,48,23,25
Allixis,wyrmrest-accord,1669,paladin,retribution,76,33,43
Daleroth,ragnaros,1668,paladin,retribution,51,29,22
Mesaa,illidan,1668,paladin,retribution,63,35,28
Hupa,crushridge,1668,paladin,retribution,48,24,24
Craq,alexstrasza,1668,paladin,retribution,140,68,72
Weike,barthilas,1668,paladin,retribution,130,60,70
Tæven,tichondrius,1668,paladin,retribution,48,22,26
Alanthor,ragnaros,1667,paladin,retribution,230,115,115
Reckcowning,area-52,1667,paladin,retribution,54,23,31
Runö,frostmourne,1667,paladin,retribution,67,23,44
Theseusz,tichondrius,1666,paladin,retribution,42,30,12
Sniper,uther,1666,paladin,retribution,60,32,28
Christtel,stormrage,1666,paladin,retribution,144,68,76
Shuckles,windrunner,1666,paladin,retribution,67,31,36
Kaupe,barthilas,1666,paladin,retribution,59,26,33
Faladrim,moon-guard,1665,paladin,retribution,229,120,109
Omensageiro,azralon,1665,paladin,retribution,144,62,82
Bübbleqt,exodar,1664,paladin,retribution,30,18,12
Holyroro,area-52,1664,paladin,retribution,56,33,23
Bizarrap,quelthalas,1664,paladin,retribution,67,39,28
Anjurus,moon-guard,1664,paladin,retribution,42,24,18
Perturabeau,bonechewer,1664,paladin,retribution,58,33,25
Capedcrusade,area-52,1663,paladin,retribution,72,45,27
Garlond,moon-guard,1663,paladin,retribution,72,38,34
Stompëd,proudmoore,1663,paladin,retribution,62,29,33
Shakalot,illidan,1663,paladin,retribution,132,61,71
Zadquel,ragnaros,1662,paladin,retribution,142,81,61
Aleríon,ragnaros,1662,paladin,retribution,187,97,90
Derigoth,quelthalas,1662,paladin,retribution,120,61,59
Takinvcards,area-52,1662,paladin,retribution,102,51,51
Finaljustice,sargeras,1661,paladin,retribution,30,19,11
Trullz,illidan,1661,paladin,retribution,106,52,54
Plniss,tichondrius,1661,paladin,retribution,84,40,44
Jianwen,kargath,1661,paladin,retribution,42,20,22
Jucker,tichondrius,1661,paladin,retribution,54,23,31
Unsignedint,hyjal,1660,paladin,retribution,65,40,25
Xenk,moon-guard,1659,paladin,retribution,34,18,16
Crismj,tichondrius,1659,paladin,retribution,84,44,40
Ibustcheeks,sargeras,1659,paladin,retribution,113,59,54
Lalatinx,quelthalas,1659,paladin,retribution,138,69,69
Scrubble,thrall,1659,paladin,retribution,108,52,56
Fatkidslag,sargeras,1659,paladin,retribution,42,19,23
Alyxandr,dalaran,1658,paladin,retribution,48,24,24
Redoubt,archimonde,1658,paladin,retribution,47,23,24
Xygra,stormrage,1658,paladin,retribution,42,19,23
Lokâr,lightbringer,1658,paladin,retribution,100,45,55
Palmangels,bleeding-hollow,1657,paladin,retribution,56,23,33
Lyrz,sargeras,1656,paladin,retribution,118,69,49
Ssjlimit,tichondrius,1656,paladin,retribution,65,31,34
Slashnroses,tichondrius,1656,paladin,retribution,44,19,25
Bubblelol,bloodhoof,1655,paladin,retribution,152,73,79
Hólyélf,illidan,1655,paladin,retribution,118,51,67
Alexese,area-52,1654,paladin,retribution,89,55,34
Ichigò,sargeras,1654,paladin,retribution,121,74,47
Southerly,tichondrius,1654,paladin,retribution,99,51,48
Tiddijustice,garrosh,1653,paladin,retribution,60,36,24
Itzcupcake,illidan,1653,paladin,retribution,120,69,51
Davinshki,stormrage,1653,paladin,retribution,79,44,35
Hozna,andorhal,1652,paladin,retribution,61,36,25
Konsentrate,tichondrius,1652,paladin,retribution,162,82,80
Imnoracist,thrall,1652,paladin,retribution,81,30,51
Ascetic,barthilas,1651,paladin,retribution,312,148,164
Trixtur,tichondrius,1651,paladin,retribution,60,28,32
Sonatas,ursin,1650,paladin,retribution,45,25,20
Moistbible,kelthuzad,1649,paladin,retribution,59,30,29
Tuuro,stormrage,1649,paladin,retribution,366,179,187
Sabotsaint,tichondrius,1649,paladin,retribution,72,29,43
Serås,silvermoon,1648,paladin,retribution,84,52,32
Likzebawlz,tichondrius,1648,paladin,retribution,42,25,17
Plusultra,moon-guard,1648,paladin,retribution,84,48,36
Samgonz,tichondrius,1648,paladin,retribution,93,53,40
Ylilliana,illidan,1648,paladin,retribution,49,22,27
Chrisader,stormrage,1647,paladin,retribution,42,22,20
Holychow,tichondrius,1646,paladin,retribution,66,36,30
Jelial,chogall,1646,paladin,retribution,87,43,44
Nasnyl,stormrage,1646,paladin,retribution,42,20,22
Xerobite,quelthalas,1646,paladin,retribution,70,32,38
Akâme,kelthuzad,1645,paladin,retribution,28,19,9
Holdup,moon-guard,1645,paladin,retribution,83,54,29
Bigolcriddys,barthilas,1645,paladin,retribution,36,21,15
Truesound,malganis,1645,paladin,retribution,36,21,15
Geedee,ysera,1645,paladin,retribution,70,39,31
Oppressive,moon-guard,1645,paladin,retribution,542,268,274
Eneraxx,proudmoore,1645,paladin,retribution,48,20,28
Rhegyna,quelthalas,1644,paladin,retribution,96,52,44
Paradisso,tichondrius,1644,paladin,retribution,52,25,27
Cheesy,frostmourne,1644,paladin,retribution,53,24,29
Därth,azralon,1644,paladin,retribution,46,20,26
Palabeshar,area-52,1644,paladin,retribution,48,18,30
Rexx,frostmourne,1643,paladin,retribution,66,36,30
Luminiscente,ragnaros,1643,paladin,retribution,94,50,44
Seraphini,illidan,1643,paladin,retribution,83,43,40
Blackpie,bleeding-hollow,1643,paladin,retribution,48,23,25
Gabbynator,emerald-dream,1643,paladin,retribution,89,36,53
Jackstank,dragonmaw,1642,paladin,retribution,53,33,20
Razneroka,ragnaros,1642,paladin,retribution,63,36,27
Furdaddylant,drenden,1641,paladin,retribution,30,18,12
Schwârts,blackrock,1641,paladin,retribution,106,59,47
Shova,nemesis,1641,paladin,retribution,60,32,28
Demonissh,area-52,1641,paladin,retribution,57,24,33
Andallar,nordrassil,1640,paladin,retribution,92,56,36
Lleo,nemesis,1640,paladin,retribution,118,54,64
Cripplemakër,stormrage,1639,paladin,retribution,30,20,10
Cøøkïë,frostmourne,1639,paladin,retribution,48,27,21
Auralyon,tichondrius,1639,paladin,retribution,54,22,32
Weskar,garithos,1638,paladin,retribution,154,87,67
Wutefuh,azgalor,1638,paladin,retribution,64,36,28
Lorenzinho,azralon,1638,paladin,retribution,98,55,43
Beefjustice,velen,1638,paladin,retribution,79,43,36
Rhodela,illidan,1638,paladin,retribution,143,77,66
Hellfound,bleeding-hollow,1638,paladin,retribution,47,24,23
Redarted,thrall,1638,paladin,retribution,38,19,19
Ceyh,ragnaros,1638,paladin,retribution,53,25,28
Redemptiøn,nemesis,1638,paladin,retribution,90,41,49
Benoít,zuljin,1637,paladin,retribution,90,51,39
Darguen,ragnaros,1637,paladin,retribution,64,36,28
Brightstar,azjolnerub,1637,paladin,retribution,71,39,32
Dimdabbin,malganis,1637,paladin,retribution,42,22,20
Saccro,area-52,1637,paladin,retribution,114,57,57
Shirael,ragnaros,1637,paladin,retribution,159,78,81
Zero,garona,1637,paladin,retribution,181,87,94
Sourpatchh,stormrage,1637,paladin,retribution,54,24,30
Holycots,stormrage,1637,paladin,retribution,64,24,40
Dogf,tichondrius,1637,paladin,retribution,83,30,53
Jud,frostmourne,1636,paladin,retribution,90,43,47
Elegan,frostmourne,1636,paladin,retribution,90,42,48
Kozk,quelthalas,1635,paladin,retribution,264,145,119
Mazaltoff,proudmoore,1635,paladin,retribution,117,58,59
Xeldar,tichondrius,1635,paladin,retribution,107,53,54
Holybubble,silvermoon,1635,paladin,retribution,42,18,24
Rukkas,sargeras,1635,paladin,retribution,60,24,36
Healsonyou,windrunner,1635,paladin,retribution,48,19,29
Liaadrin,azralon,1634,paladin,retribution,38,20,18
Nattandin,ragnaros,1634,paladin,retribution,42,22,20
Sneeber,stormrage,1634,paladin,retribution,102,53,49
Lightowen,draka,1634,paladin,retribution,46,22,24
Smashpally,sargeras,1634,paladin,retribution,62,27,35
Outstrike,tichondrius,1634,paladin,retribution,42,18,24
Cyanss,ragnaros,1634,paladin,retribution,47,19,28
Bøble,thrall,1634,paladin,retribution,60,23,37
Beardy,emerald-dream,1633,paladin,retribution,60,36,24
Løøsè,frostmourne,1633,paladin,retribution,60,32,28
Palban,tichondrius,1633,paladin,retribution,125,64,61
Daddytoad,tichondrius,1633,paladin,retribution,78,38,40
Rycard,moon-guard,1632,paladin,retribution,48,28,20
Neovincent,aggramar,1632,paladin,retribution,100,56,44
Shiadfang,tichondrius,1632,paladin,retribution,87,47,40
Cillessá,kelthuzad,1632,paladin,retribution,178,93,85
Honeybunza,area-52,1632,paladin,retribution,134,64,70
Ajulgedang,frostmourne,1632,paladin,retribution,120,57,63
Pockopea,arygos,1631,paladin,retribution,106,64,42
Zayblade,dragonblight,1630,paladin,retribution,40,23,17
Whosyadaddy,tichondrius,1630,paladin,retribution,202,99,103
Ethernaly,quelthalas,1630,paladin,retribution,47,23,24
Illustrata,illidan,1629,paladin,retribution,42,24,18
Ulrah,moon-guard,1629,paladin,retribution,120,68,52
Hammrekt,dalaran,1628,paladin,retribution,24,17,7
Âllmíght,quelthalas,1628,paladin,retribution,36,20,16
Intense,moonrunner,1628,paladin,retribution,40,20,20
Iggÿ,illidan,1628,paladin,retribution,82,35,47
Bakednub,malganis,1628,paladin,retribution,41,17,24
Làzårus,area-52,1627,paladin,retribution,56,30,26
Masqadin,stormrage,1627,paladin,retribution,36,17,19
Zazaron,kiljaeden,1627,paladin,retribution,54,24,30
Ziberax,chogall,1626,paladin,retribution,64,40,24
Orestis,stormrage,1626,paladin,retribution,87,50,37
Taîno,thrall,1626,paladin,retribution,190,108,82
Connore,stormrage,1626,paladin,retribution,83,46,37
Gareesa,wyrmrest-accord,1626,paladin,retribution,78,39,39
Loyality,sargeras,1626,paladin,retribution,45,21,24
Gatzu,tichondrius,1626,paladin,retribution,54,24,30
Fluffnac,tichondrius,1625,paladin,retribution,30,17,13
Notbärry,area-52,1625,paladin,retribution,48,27,21
Nuggetpusher,thunderlord,1625,paladin,retribution,102,55,47
Fressbee,nathrezim,1625,paladin,retribution,95,51,44
Ödin,scarlet-crusade,1625,paladin,retribution,60,32,28
Renckay,ragnaros,1625,paladin,retribution,99,52,47
Chajaaro,ragnaros,1625,paladin,retribution,67,33,34
Miniell,tichondrius,1625,paladin,retribution,42,20,22
Utherpendrag,bladefist,1625,paladin,retribution,119,53,66
Goons,frostmourne,1625,paladin,retribution,54,21,33
Solidifyxz,area-52,1624,paladin,retribution,35,20,15
Torvus,bonechewer,1624,paladin,retribution,46,20,26
Techno,tichondrius,1623,paladin,retribution,175,89,86
Valardaharis,thunderlord,1623,paladin,retribution,164,81,83
Joeyrat,area-52,1623,paladin,retribution,42,20,22
Holyflopper,malganis,1623,paladin,retribution,48,21,27
Retrodino,anvilmar,1623,paladin,retribution,48,21,27
Cyrenity,tichondrius,1623,paladin,retribution,59,19,40
Paim,tol-barad,1622,paladin,retribution,55,23,32
Fulgal,jubeithos,1622,paladin,retribution,53,22,31
Pandoro,tichondrius,1621,paladin,retribution,55,33,22
Hikarae,bleeding-hollow,1621,paladin,retribution,42,24,18
Hazexd,illidan,1621,paladin,retribution,36,20,16
Dashhighborn,sargeras,1621,paladin,retribution,71,38,33
ßöbby,sargeras,1621,paladin,retribution,36,19,17
Michaelsmith,frostmourne,1621,paladin,retribution,36,17,19
Lêggy,moon-guard,1621,paladin,retribution,54,23,31
Rùckûs,tichondrius,1621,paladin,retribution,47,19,28
Sozmsjackson,barthilas,1620,paladin,retribution,130,70,60
Nqe,area-52,1620,paladin,retribution,112,60,52
Alpengeist,turalyon,1620,paladin,retribution,81,42,39
Kamí,elune,1620,paladin,retribution,57,22,35
Arahann,bleeding-hollow,1619,paladin,retribution,40,25,15
Merculios,stormrage,1619,paladin,retribution,63,34,29
Tronzyy,trollbane,1619,paladin,retribution,71,32,39
Téchnic,frostmourne,1619,paladin,retribution,48,19,29
Marcêl,quelthalas,1618,paladin,retribution,66,37,29
Mjman,tichondrius,1618,paladin,retribution,46,24,22
Divínos,area-52,1618,paladin,retribution,72,36,36
Zcho,proudmoore,1618,paladin,retribution,69,33,36
Battlepope,thrall,1618,paladin,retribution,99,47,52
Glørious,drakkari,1618,paladin,retribution,90,42,48
Aaralis,ragnaros,1618,paladin,retribution,54,22,32
Sunnix,illidan,1618,paladin,retribution,48,17,31
Holyrump,bleeding-hollow,1617,paladin,retribution,45,28,17
Tribiani,lightbringer,1617,paladin,retribution,48,24,24
Holiness,stormreaver,1617,paladin,retribution,48,18,30
Tìg,proudmoore,1616,paladin,retribution,185,103,82
Überlin,whisperwind,1616,paladin,retribution,42,21,21
Ellyee,jaedenar,1616,paladin,retribution,135,64,71
Bubbleblast,elune,1616,paladin,retribution,36,17,19
Milizi,zuljin,1616,paladin,retribution,96,44,52
Alequin,stormrage,1616,paladin,retribution,54,24,30
Axeliee,kiljaeden,1616,paladin,retribution,54,22,32
Yusha,barthilas,1615,paladin,retribution,59,37,22
Jackedx,sargeras,1615,paladin,retribution,36,21,15
Alekgo,ragnaros,1615,paladin,retribution,36,21,15
Inquisition,moon-guard,1615,paladin,retribution,30,17,13
Sinmca,moon-guard,1615,paladin,retribution,92,51,41
Elizzabeth,skullcrusher,1615,paladin,retribution,48,26,22
Drholypurp,tichondrius,1615,paladin,retribution,59,31,28
Øðyn20F90B,area-52,1615,paladin,retribution,59,30,29
Daweeki,area-52,1614,paladin,retribution,24,19,5
Smïthh,area-52,1614,paladin,retribution,48,26,22
Palieop,aerie-peak,1614,paladin,retribution,94,49,45
Pauliss,sargeras,1614,paladin,retribution,54,21,33
Oldsixqs,illidan,1613,paladin,retribution,50,29,21
Xalø,ragnaros,1613,paladin,retribution,30,17,13
Bramot,moon-guard,1613,paladin,retribution,36,20,16
Navicc,zuljin,1613,paladin,retribution,35,19,16
Xbloodknight,malganis,1613,paladin,retribution,50,27,23
Gattís,stormrage,1613,paladin,retribution,79,42,37
Eurekasret,ragnaros,1613,paladin,retribution,176,91,85
Jessheim,emerald-dream,1613,paladin,retribution,42,18,24
Pallyzo,zuljin,1612,paladin,retribution,36,19,17
Telarøn,stormrage,1612,paladin,retribution,200,101,99
Hristian,tichondrius,1612,paladin,retribution,60,30,30
Kaithen,quelthalas,1612,paladin,retribution,248,123,125
Anafensa,malganis,1612,paladin,retribution,93,42,51
Poisson,wildhammer,1612,paladin,retribution,60,27,33
Jvbai,area-52,1612,paladin,retribution,87,39,48
Míkau,barthilas,1611,paladin,retribution,42,25,17
Mcholy,thrall,1611,paladin,retribution,79,45,34
Devvn,laughing-skull,1611,paladin,retribution,30,17,13
Kevybevy,stormrage,1611,paladin,retribution,150,81,69
Noholy,nemesis,1611,paladin,retribution,73,32,41
Holyshockss,stormrage,1611,paladin,retribution,48,21,27
Mordirhar,tichondrius,1611,paladin,retribution,90,39,51
Oneblood,moonrunner,1610,paladin,retribution,24,17,7
Cålamìty,dalaran,1610,paladin,retribution,42,27,15
Limitier,proudmoore,1610,paladin,retribution,60,36,24
Aiseyqt,frostmourne,1610,paladin,retribution,144,86,58
Tobaz,azralon,1610,paladin,retribution,112,61,51
Coffeepal,tichondrius,1610,paladin,retribution,60,30,30
Reesescupz,kelthuzad,1610,paladin,retribution,145,69,76
Kadabrak,area-52,1610,paladin,retribution,36,17,19
Regivan,nemesis,1609,paladin,retribution,54,21,33
Perzeføne,quelthalas,1608,paladin,retribution,77,44,33
Ragnore,shadow-council,1608,paladin,retribution,57,32,25
Smallhammer,aegwynn,1608,paladin,retribution,162,81,81
Sololeveling,malganis,1608,paladin,retribution,98,48,50
Golden,tichondrius,1608,paladin,retribution,42,20,22
Gimlias,kelthuzad,1608,paladin,retribution,60,27,33
Shïnjïtsu,tichondrius,1607,paladin,retribution,30,20,10
Humbubble,cairne,1607,paladin,retribution,41,22,19
Trolladin,rivendare,1607,paladin,retribution,110,51,59
Wde,zuljin,1607,paladin,retribution,43,18,25
Gimli,mannoroth,1607,paladin,retribution,42,17,25
Abigaile,ragnaros,1606,paladin,retribution,72,38,34
Skilladin,zuljin,1606,paladin,retribution,77,40,37
Aefuezar,earthen-ring,1606,paladin,retribution,56,28,28
Healmeboi,tichondrius,1606,paladin,retribution,86,42,44
Lit,alexstrasza,1606,paladin,retribution,52,22,30
Pçpaladin,stormrage,1605,paladin,retribution,36,21,15
Hakson,stormrage,1605,paladin,retribution,103,56,47
Zarrakra,daggerspine,1605,paladin,retribution,99,52,47
Rethöe,tichondrius,1605,paladin,retribution,42,22,20
Urmumsbeefer,thrall,1605,paladin,retribution,82,42,40
Dïlly,area-52,1605,paladin,retribution,90,46,44
Cobaine,illidan,1605,paladin,retribution,149,75,74
Fuknshané,area-52,1605,paladin,retribution,74,36,38
Ragarèn,emerald-dream,1605,paladin,retribution,42,20,22
Zhaslk,ragnaros,1605,paladin,retribution,48,19,29
Cuchuflaiz,drakkari,1604,paladin,retribution,30,17,13
Virtuosi,area-52,1604,paladin,retribution,42,23,19
Joltie,quelthalas,1604,paladin,retribution,220,119,101
Xeniél,illidan,1604,paladin,retribution,36,19,17
Rycerzforge,ragnaros,1604,paladin,retribution,74,38,36
Radacos,emerald-dream,1604,paladin,retribution,172,86,86
Kurasi,frostmourne,1604,paladin,retribution,83,35,48
Wizdum,frostmourne,1603,paladin,retribution,40,23,17
Cókelol,zuljin,1603,paladin,retribution,94,54,40
Akemih,ragnaros,1603,paladin,retribution,30,17,13
Dazedpal,tichondrius,1603,paladin,retribution,429,223,206
Tanishalfelf,stormrage,1603,paladin,retribution,36,18,18
Ÿøzsh,azralon,1603,paladin,retribution,66,30,36
Lhacius,drakkari,1603,paladin,retribution,40,18,22
Skylinator,bleeding-hollow,1603,paladin,retribution,59,26,33
Uneazyxx,tichondrius,1602,paladin,retribution,48,19,29
Dartpuncher,frostmourne,1601,paladin,retribution,57,34,23
Miguepally,ragnaros,1601,paladin,retribution,99,52,47
Remethea,sargeras,1601,paladin,retribution,245,120,125
Pallydestroy,stormrage,1601,paladin,retribution,48,17,31
Davincintel,tichondrius,1600,paladin,retribution,66,39,27
Aethelwulf,stormrage,1600,paladin,retribution,42,24,18
Yellowmay,sargeras,1600,paladin,retribution,36,20,16
Varekaì,frostmourne,1600,paladin,retribution,153,80,73
Wonpaiv,frostmourne,1599,paladin,retribution,30,17,13
Guerrer,hyjal,1599,paladin,retribution,84,46,38
Inmortall,illidan,1599,paladin,retribution,90,47,43
Unfairness,skullcrusher,1597,paladin,retribution,81,44,37
Nilin,tichondrius,1597,paladin,retribution,78,41,37
Kettlebaby,wildhammer,1596,paladin,retribution,35,26,9
Blitzzed,area-52,1596,paladin,retribution,44,24,20
Stormwinter,azralon,1596,paladin,retribution,54,24,30
Duffnroses,tichondrius,1596,paladin,retribution,66,28,38
Thoreal,thrall,1595,paladin,retribution,120,57,63
Tyirr,kelthuzad,1595,paladin,retribution,138,65,73
Warmpôcket,proudmoore,1595,paladin,retribution,123,56,67
Kendren,ragnaros,1595,paladin,retribution,55,23,32
Fxxku,tichondrius,1595,paladin,retribution,48,20,28
Stônemôuntan,moon-guard,1595,paladin,retribution,102,41,61
Lustros,stormrage,1594,paladin,retribution,134,67,67
Brokeniron,wyrmrest-accord,1594,paladin,retribution,78,39,39
Layonhánd,ragnaros,1593,paladin,retribution,54,25,29
Cowsecration,ragnaros,1590,paladin,retribution,66,37,29
Barcar,area-52,1589,paladin,retribution,39,21,18
Alacrity,shadowsong,1589,paladin,retribution,87,46,41
Fistâcuffs,stormrage,1589,paladin,retribution,65,26,39
Retrolove,illidan,1588,paladin,retribution,50,30,20
Amanzhul,quelthalas,1588,paladin,retribution,133,62,71
Snoogans,korgath,1588,paladin,retribution,48,21,27
Fakesimp,illidan,1587,paladin,retribution,24,17,7
Royalfather,tichondrius,1587,paladin,retribution,52,31,21
Mfgspally,kelthuzad,1587,paladin,retribution,97,55,42
Leona,stormrage,1587,paladin,retribution,58,30,28
Hedilyan,azralon,1587,paladin,retribution,102,51,51
Ilovecl,tichondrius,1586,paladin,retribution,54,32,22
Lawmower,sargeras,1586,paladin,retribution,66,37,29
Solånar,bloodscalp,1586,paladin,retribution,67,26,41
Amgirlinv,malganis,1585,paladin,retribution,50,27,23
Istril,ragnaros,1585,paladin,retribution,392,205,187
Drízzy,ragnaros,1585,paladin,retribution,64,31,33
Sevik,garithos,1584,paladin,retribution,84,42,42
Ënfos,azralon,1584,paladin,retribution,42,20,22
Mardùk,stormrage,1583,paladin,retribution,65,37,28
Taphos,icecrown,1583,paladin,retribution,170,90,80
Lightlana,frostwolf,1583,paladin,retribution,68,34,34
Arlanso,frostmourne,1583,paladin,retribution,46,22,24
Pirofosfato,azralon,1583,paladin,retribution,52,22,30
Stöneblood,moon-guard,1583,paladin,retribution,54,18,36
Wasembroder,ragnaros,1582,paladin,retribution,121,65,56
Dallyon,stormrage,1582,paladin,retribution,42,21,21
Detrimentãl,nagrand,1581,paladin,retribution,93,46,47
Bawek,azralon,1581,paladin,retribution,153,73,80
Procs,hyjal,1579,paladin,retribution,106,68,38
Wokeinator,malganis,1579,paladin,retribution,56,26,30
Leztatium,quelthalas,1576,paladin,retribution,42,21,21
Zandhal,ragnaros,1576,paladin,retribution,36,18,18
Renzo,frostmourne,1575,paladin,retribution,93,43,50
Souyiro,sargeras,1575,paladin,retribution,92,38,54
Landryy,icecrown,1574,paladin,retribution,30,17,13
Uoenò,moon-guard,1574,paladin,retribution,65,34,31
Ruhn,eldrethalas,1574,paladin,retribution,36,18,18
Ratburger,blood-furnace,1572,paladin,retribution,59,34,25
Ereksean,sargeras,1572,paladin,retribution,86,48,38
Sacredstella,illidan,1572,paladin,retribution,171,89,82
Snussp,emerald-dream,1572,paladin,retribution,99,51,48
Plophero,moon-guard,1572,paladin,retribution,60,30,30
Sigmond,azralon,1572,paladin,retribution,98,45,53
Stackmymoney,kelthuzad,1572,paladin,retribution,50,22,28
Randomwalk,illidan,1572,paladin,retribution,48,19,29
Chancellor,azralon,1571,paladin,retribution,288,153,135
Tatakaicjq,tichondrius,1571,paladin,retribution,129,66,63
Borrus,malygos,1571,paladin,retribution,90,46,44
Mormdring,fizzcrank,1571,paladin,retribution,77,35,42
Spala,tichondrius,1571,paladin,retribution,75,32,43
Kdym,azralon,1570,paladin,retribution,30,19,11
Gannecus,bleeding-hollow,1570,paladin,retribution,42,21,21
ßabyshark,tichondrius,1570,paladin,retribution,60,26,34
Lumaros,wyrmrest-accord,1569,paladin,retribution,77,40,37
Tenacer,darkspear,1569,paladin,retribution,105,51,54
Alvick,icecrown,1569,paladin,retribution,45,19,26
Deepsearide,illidan,1568,paladin,retribution,196,102,94
Dgâza,tichondrius,1568,paladin,retribution,108,54,54
Impkpal,tichondrius,1567,paladin,retribution,49,21,28
Luxord,ysera,1566,paladin,retribution,40,21,19
Pinkies,frostmourne,1566,paladin,retribution,126,66,60
Esçanór,darkspear,1566,paladin,retribution,91,45,46
Janokaluo,wyrmrest-accord,1565,paladin,retribution,119,64,55
Howlerhead,illidan,1565,paladin,retribution,36,19,17
Andrilsteh,malganis,1565,paladin,retribution,108,48,60
Gringi,blackrock,1564,paladin,retribution,42,25,17
Naxadin,tichondrius,1564,paladin,retribution,30,17,13
Grîshnâkh,ragnaros,1564,paladin,retribution,151,80,71
Fionno,quelthalas,1564,paladin,retribution,116,58,58
Tantradin,area-52,1564,paladin,retribution,48,20,28
Theretpally,kelthuzad,1563,paladin,retribution,96,52,44
Freddieroach,tichondrius,1563,paladin,retribution,78,37,41
Azaril,jubeithos,1562,paladin,retribution,36,21,15
Lucianz,ragnaros,1562,paladin,retribution,78,37,41
Kawkpaladin,kaelthas,1561,paladin,retribution,66,36,30
Rakzan,nerzhul,1561,paladin,retribution,42,20,22
Õblivion,jubeithos,1561,paladin,retribution,70,33,37
Hunsung,tichondrius,1561,paladin,retribution,72,31,41
Deathodin,tichondrius,1560,paladin,retribution,36,19,17
Baeflux,kelthuzad,1560,paladin,retribution,48,19,29
Imhardirl,area-52,1559,paladin,retribution,35,20,15
Lawbandit,tichondrius,1557,paladin,retribution,34,19,15
Chewyjitsu,tichondrius,1557,paladin,retribution,36,20,16
Luret,tichondrius,1557,paladin,retribution,34,17,17
Tarnyb,illidan,1557,paladin,retribution,68,32,36
Alianór,tichondrius,1557,paladin,retribution,59,21,38
Worder,tichondrius,1556,paladin,retribution,41,29,12
Burstpink,zuljin,1556,paladin,retribution,52,33,19
Lilnattyy,area-52,1556,paladin,retribution,66,36,30
Vêgenace,proudmoore,1556,paladin,retribution,48,24,24
Missusomutch,azralon,1556,paladin,retribution,50,17,33
Releváncé,barthilas,1555,paladin,retribution,90,48,42
Deltronzerø,area-52,1555,paladin,retribution,51,20,31
Grifnshlong,agamaggan,1554,paladin,retribution,33,19,14
Mmrdonator,icecrown,1554,paladin,retribution,36,20,16
Notneo,zuljin,1554,paladin,retribution,71,37,34
Blasstar,quelthalas,1554,paladin,retribution,71,35,36
Ðivinestørm,stormrage,1554,paladin,retribution,43,21,22
Fây,sargeras,1554,paladin,retribution,112,54,58
Yugee,doomhammer,1554,paladin,retribution,66,30,36
Rahmie,kiljaeden,1554,paladin,retribution,102,42,60
Maphisto,stormscale,1553,paladin,retribution,108,70,38
Crybátt,quelthalas,1553,paladin,retribution,68,35,33
Skynn,stormrage,1553,paladin,retribution,54,27,27
Røshea,hydraxis,1553,paladin,retribution,48,24,24
Alexieus,wyrmrest-accord,1553,paladin,retribution,71,32,39
Serinos,zuljin,1553,paladin,retribution,42,18,24
Halrix,stormrage,1552,paladin,retribution,107,56,51
Thastrian,stormreaver,1552,paladin,retribution,60,31,29
Yree,ragnaros,1552,paladin,retribution,78,37,41
Sammyste,elune,1551,paladin,retribution,151,81,70
Beeftink,tichondrius,1551,paladin,retribution,118,58,60
Grãnd,tortheldrin,1551,paladin,retribution,59,28,31
Xdiegox,stormrage,1551,paladin,retribution,42,19,23
Verdicts,moon-guard,1551,paladin,retribution,66,29,37
Lestaroth,goldrinn,1551,paladin,retribution,66,26,40
Albïreo,drakkari,1550,paladin,retribution,60,31,29
Nicret,tichondrius,1549,paladin,retribution,30,24,6
Purejudgemnt,area-52,1549,paladin,retribution,66,36,30
Malacriianza,quelthalas,1549,paladin,retribution,83,43,40
Marehk,thrall,1549,paladin,retribution,77,39,38
Articilia,ragnaros,1549,paladin,retribution,54,27,27
Feannor,drakkari,1549,paladin,retribution,76,37,39
Nidalee,kilrogg,1549,paladin,retribution,66,28,38
Palaxoto,nemesis,1549,paladin,retribution,84,35,49
Ironcoco,ragnaros,1548,paladin,retribution,65,33,32
Caribourider,tichondrius,1548,paladin,retribution,65,29,36
Lìghtning,stormrage,1548,paladin,retribution,60,25,35
Hurtmypp,stormrage,1547,paladin,retribution,60,35,25
Ezcoatl,stormrage,1547,paladin,retribution,102,53,49
Tesak,emerald-dream,1546,paladin,retribution,120,60,60
Greasy,quelthalas,1546,paladin,retribution,55,26,29
Markcrisman,quelthalas,1546,paladin,retribution,77,33,44
Lagwat,sargeras,1545,paladin,retribution,60,37,23
Pocserpala,drakkari,1545,paladin,retribution,54,30,24
Bubblless,thrall,1545,paladin,retribution,65,33,32
Varlip,wyrmrest-accord,1545,paladin,retribution,53,18,35
Tagex,malganis,1544,paladin,retribution,220,106,114
Yiqieyouwei,proudmoore,1544,paladin,retribution,66,31,35
Minereth,quelthalas,1543,paladin,retribution,47,27,20
Trapqueenlol,alterac-mountains,1543,paladin,retribution,126,61,65
Mcbroken,tichondrius,1543,paladin,retribution,51,23,28
Tacohuntter,stormrage,1542,paladin,retribution,42,23,19
Morbop,proudmoore,1542,paladin,retribution,36,18,18
Margit,moon-guard,1541,paladin,retribution,36,22,14
Björñ,moon-guard,1541,paladin,retribution,52,29,23
Wwanntae,tichondrius,1541,paladin,retribution,184,91,93
Ðoflamingo,area-52,1540,paladin,retribution,72,38,34
Athamon,nemesis,1539,paladin,retribution,36,19,17
Lygophobia,frostmourne,1539,paladin,retribution,48,25,23
Excalibur,amanthul,1539,paladin,retribution,43,19,24
Frùglé,sargeras,1538,paladin,retribution,36,20,16
Yamush,silver-hand,1538,paladin,retribution,91,48,43
Temote,anvilmar,1538,paladin,retribution,138,70,68
Celethor,wyrmrest-accord,1537,paladin,retribution,54,30,24
Akabanee,ragnaros,1537,paladin,retribution,53,29,24
Thepinkdept,proudmoore,1537,paladin,retribution,38,20,18
Tatánka,ragnaros,1537,paladin,retribution,72,35,37
Zägä,quelthalas,1537,paladin,retribution,46,21,25
Chiphazard,stormscale,1537,paladin,retribution,64,25,39
Kemono,dathremar,1536,paladin,retribution,115,64,51
Pathed,aerie-peak,1536,paladin,retribution,62,31,31
Rimjobrachel,barthilas,1536,paladin,retribution,107,51,56
Aberpal,illidan,1535,paladin,retribution,41,23,18
Shampin,alexstrasza,1535,paladin,retribution,78,38,40
Astaro,malganis,1535,paladin,retribution,65,28,37
Greciâ,ragnaros,1535,paladin,retribution,42,18,24
Hammrekt,sargeras,1534,paladin,retribution,24,16,8
Vallahad,emerald-dream,1534,paladin,retribution,84,46,38
Zözo,zuljin,1534,paladin,retribution,30,16,14
Obeliskk,frostmourne,1534,paladin,retribution,36,17,19
Álkair,ragnaros,1534,paladin,retribution,83,36,47
Tahonto,malganis,1533,paladin,retribution,24,16,8
Minidin,kiljaeden,1533,paladin,retribution,126,58,68
Yukíteru,illidan,1533,paladin,retribution,117,53,64
Brolando,hyjal,1533,paladin,retribution,42,19,23
Retcuzyaknow,illidan,1533,paladin,retribution,36,16,20
Mixnut,tichondrius,1533,paladin,retribution,95,41,54
Sóapbubble,tichondrius,1532,paladin,retribution,79,37,42
Mordered,proudmoore,1532,paladin,retribution,93,40,53
Héber,nemesis,1532,paladin,retribution,90,38,52
Hatchet,skullcrusher,1532,paladin,retribution,42,17,25
Kattkaffe,tichondrius,1531,paladin,retribution,30,16,14
Rillumas,wyrmrest-accord,1531,paladin,retribution,77,34,43
Worshipmex,tichondrius,1530,paladin,retribution,42,23,19
Darthhelios,illidan,1530,paladin,retribution,42,19,23
Schankyy,stormrage,1529,paladin,retribution,36,19,17
Bladetm,proudmoore,1529,paladin,retribution,189,95,94
Erós,azralon,1529,paladin,retribution,34,17,17
Loocille,frostmourne,1529,paladin,retribution,42,20,22
Atterz,azralon,1529,paladin,retribution,58,27,31
Wackobeef,barthilas,1529,paladin,retribution,36,16,20
Väkariän,quelthalas,1529,paladin,retribution,66,29,37
Midnightboto,dragonmaw,1529,paladin,retribution,54,23,31
Bubbleosevn,dragonmaw,1528,paladin,retribution,55,29,26
Castïël,area-52,1528,paladin,retribution,179,89,90
Ástridr,moon-guard,1528,paladin,retribution,95,43,52
Alínna,ragnaros,1528,paladin,retribution,54,21,33
Ezpzxd,arygos,1527,paladin,retribution,122,61,61
Beshiki,hakkar,1527,paladin,retribution,382,190,192
Hefaista,ragnaros,1527,paladin,retribution,42,16,26
Muffinknight,quelthalas,1526,paladin,retribution,66,44,22
Kissherlin,tichondrius,1526,paladin,retribution,89,47,42
Holyjoint,uther,1526,paladin,retribution,139,62,77
Kenpachí,doomhammer,1525,paladin,retribution,42,30,12
Swiftyflower,dawnbringer,1525,paladin,retribution,24,16,8
Ândy,zuljin,1525,paladin,retribution,24,16,8
Yazuka,wyrmrest-accord,1524,paladin,retribution,100,54,46
Holybirkkal,arthas,1524,paladin,retribution,56,29,27
Shaidd,bleeding-hollow,1524,paladin,retribution,98,49,49
Flykzu,azralon,1524,paladin,retribution,166,76,90
Jager,medivh,1523,paladin,retribution,88,50,38
Jizii,tichondrius,1523,paladin,retribution,78,44,34
Warriorlight,quelthalas,1523,paladin,retribution,42,22,20
Bastiion,stormrage,1523,paladin,retribution,106,50,56
Xandia,aegwynn,1523,paladin,retribution,48,16,32
Ktwocrank,dalaran,1522,paladin,retribution,49,20,29
Todesgott,tichondrius,1521,paladin,retribution,42,25,17
Layoya,aerie-peak,1521,paladin,retribution,52,30,22
Pvrisxx,frostmourne,1521,paladin,retribution,60,31,29
Whackadin,illidan,1521,paladin,retribution,67,32,35
Whitearmor,draenor,1520,paladin,retribution,69,41,28
Zalndraeda,barthilas,1520,paladin,retribution,126,63,63
Chillpal,illidan,1520,paladin,retribution,42,19,23
Bop,azralon,1519,paladin,retribution,24,18,6
Chàrron,garrosh,1519,paladin,retribution,36,21,15
Industry,firetree,1519,paladin,retribution,69,40,29
Moutai,dalaran,1519,paladin,retribution,89,45,44
Aewynn,nemesis,1519,paladin,retribution,36,18,18
Gude,sargeras,1518,paladin,retribution,30,16,14
Onitenshi,stormscale,1518,paladin,retribution,97,50,47
Shartea,winterhoof,1518,paladin,retribution,64,32,32
Grubbyhands,tichondrius,1518,paladin,retribution,42,16,26
Sprinkills,frostmourne,1517,paladin,retribution,112,64,48
Relentless,magtheridon,1517,paladin,retribution,107,54,53
Milkmemamma,nordrassil,1517,paladin,retribution,60,30,30
Arreliya,sargeras,1517,paladin,retribution,100,49,51
Laboøn,stormrage,1516,paladin,retribution,24,16,8
Mhelyssa,goldrinn,1515,paladin,retribution,44,26,18
Mäýhëm,sargeras,1515,paladin,retribution,64,36,28
Sorhihi,illidan,1515,paladin,retribution,36,19,17
Purdicks,emerald-dream,1515,paladin,retribution,170,83,87
Sosalo,sargeras,1515,paladin,retribution,120,56,64
Gronmpa,nemesis,1514,paladin,retribution,41,25,16
Balín,quelthalas,1514,paladin,retribution,55,33,22
Talantyr,zuljin,1514,paladin,retribution,102,51,51
Cloaxy,azgalor,1514,paladin,retribution,211,100,111
Sephiroth,hyjal,1514,paladin,retribution,86,40,46
Audris,chogall,1514,paladin,retribution,77,35,42
Vük,destromath,1513,paladin,retribution,37,23,14
Holyfaxis,rexxar,1513,paladin,retribution,74,42,32
Luminainre,zuljin,1513,paladin,retribution,39,19,20
Haunter,akama,1513,paladin,retribution,60,29,31
Rëtribution,tichondrius,1513,paladin,retribution,80,36,44
Bloodside,sargeras,1512,paladin,retribution,30,19,11
Dzx,nemesis,1512,paladin,retribution,377,194,183
Quadrifoglio,moon-guard,1512,paladin,retribution,144,72,72
Dividin,stormrage,1512,paladin,retribution,53,23,30
Suro,moon-guard,1512,paladin,retribution,44,16,28
Rohrn,firetree,1511,paladin,retribution,85,48,37
Reînhard,drakkari,1511,paladin,retribution,79,38,41
Guluge,sargeras,1510,paladin,retribution,24,16,8
Thazadin,barthilas,1510,paladin,retribution,28,17,11
Blindburn,ragnaros,1510,paladin,retribution,66,36,30
Kmackk,tichondrius,1510,paladin,retribution,36,16,20
Skuxxlord,khazgoroth,1509,paladin,retribution,30,16,14
Protein,magtheridon,1509,paladin,retribution,42,16,26
Tonytoi,aegwynn,1508,paladin,retribution,48,31,17
Misbah,stormrage,1508,paladin,retribution,80,39,41
Jøestar,proudmoore,1508,paladin,retribution,82,39,43
Jèrico,quelthalas,1508,paladin,retribution,62,28,34
Miemiesage,illidan,1508,paladin,retribution,42,16,26
Dachenkov,tichondrius,1507,paladin,retribution,48,26,22
Sowasred,emerald-dream,1507,paladin,retribution,84,45,39
Liquidkoala,lightbringer,1507,paladin,retribution,64,31,33
Ezael,crushridge,1507,paladin,retribution,52,24,28
Preacherfudd,area-52,1506,paladin,retribution,42,21,21
Bojanglz,frostmourne,1504,paladin,retribution,39,21,18
Amialra,moon-guard,1503,paladin,retribution,103,48,55
Holydiver,sargeras,1502,paladin,retribution,176,85,91
Eskannór,quelthalas,1502,paladin,retribution,42,18,24
Alphanerd,burning-blade,1501,paladin,retribution,48,29,19
Notae,alexstrasza,1501,paladin,retribution,35,16,19
Kizaru,shuhalo,1500,paladin,retribution,57,31,26
Phanna,the-forgotten-coast,1500,paladin,retribution,30,16,14
Brohtato,area-52,1500,paladin,retribution,37,17,20
Norlannd,ragnaros,1499,paladin,retribution,30,16,14
Velyssatha,moon-guard,1499,paladin,retribution,100,51,49
Són,ragnaros,1499,paladin,retribution,70,31,39
Malandru,darrowmere,1499,paladin,retribution,117,50,67
Vólko,frostmourne,1498,paladin,retribution,38,22,16
Konthrus,azralon,1498,paladin,retribution,154,88,66
Tinymeatgang,misha,1498,paladin,retribution,47,23,24
Tehgodofdmg,tichondrius,1498,paladin,retribution,36,16,20
Hinataa,illidan,1497,paladin,retribution,81,45,36
Superpaladin,stormrage,1497,paladin,retribution,89,44,45
Snuggymuffin,barthilas,1496,paladin,retribution,46,27,19
Ulrìck,quelthalas,1496,paladin,retribution,92,49,43
Kymmy,ragnaros,1495,paladin,retribution,84,32,52
Hahe,tichondrius,1495,paladin,retribution,60,22,38
Ugotburstt,arthas,1494,paladin,retribution,54,27,27
Oynx,emerald-dream,1494,paladin,retribution,50,23,27
Accépting,sargeras,1494,paladin,retribution,115,52,63
Narsys,tichondrius,1493,paladin,retribution,109,50,59
Bogùs,tichondrius,1493,paladin,retribution,74,33,41
Sanguinata,shadowsong,1492,paladin,retribution,65,40,25
Tlahtoani,illidan,1492,paladin,retribution,28,17,11
Keenos,frostmourne,1492,paladin,retribution,37,17,20
Sofakingloco,thunderlord,1492,paladin,retribution,91,37,54
Leihateh,moon-guard,1491,paladin,retribution,66,35,31
Emmastoned,bleeding-hollow,1491,paladin,retribution,114,58,56
Upaitaon,stormrage,1491,paladin,retribution,64,32,32
Jiasmat,ragnaros,1491,paladin,retribution,40,19,21
Remorâ,blackrock,1491,paladin,retribution,72,32,40
Týrael,uldum,1490,paladin,retribution,60,33,27
Rusinator,bonechewer,1490,paladin,retribution,71,38,33
Cryptdog,illidan,1490,paladin,retribution,117,56,61
Kadbury,icecrown,1490,paladin,retribution,279,130,149
Bigmilkdog,tichondrius,1490,paladin,retribution,59,24,35
Sàgadegemeós,stormrage,1489,paladin,retribution,60,32,28
Nerfmefaster,illidan,1489,paladin,retribution,30,16,14
Mathieü,zuljin,1488,paladin,retribution,36,20,16
Shishoknight,quelthalas,1488,paladin,retribution,73,32,41
Lettuceprey,the-underbog,1487,paladin,retribution,67,38,29
Steelemantle,moon-guard,1487,paladin,retribution,30,16,14
Lumíty,sargeras,1487,paladin,retribution,163,85,78
Poobiotic,frostmourne,1487,paladin,retribution,48,24,24
Fermion,illidan,1487,paladin,retribution,118,58,60
Sweetcandy,sargeras,1487,paladin,retribution,90,44,46
Avvenging,tichondrius,1487,paladin,retribution,36,16,20
Richiggaa,illidan,1486,paladin,retribution,82,48,34
Whets,thrall,1485,paladin,retribution,96,48,48
Pablito,fizzcrank,1485,paladin,retribution,57,27,30
Sancthia,area-52,1485,paladin,retribution,47,22,25
Hdmi,darkspear,1484,paladin,retribution,63,34,29
Fìlìgree,tichondrius,1484,paladin,retribution,123,61,62
Dcountt,area-52,1484,paladin,retribution,47,22,25
Lorienv,sargeras,1484,paladin,retribution,60,27,33
Edjr,stormrage,1483,paladin,retribution,96,56,40
Greasysteve,stormrage,1482,paladin,retribution,60,33,27
Sabêr,ragnaros,1480,paladin,retribution,51,30,21
Ralo,khaz-modan,1480,paladin,retribution,30,16,14
Thalorian,azshara,1480,paladin,retribution,58,29,29
Kookamønga,tichondrius,1480,paladin,retribution,97,46,51
Soterios,daggerspine,1480,paladin,retribution,90,41,49
Saphiraz,wildhammer,1480,paladin,retribution,62,28,34
Forlam,sargeras,1480,paladin,retribution,108,45,63
Shourins,tichondrius,1479,paladin,retribution,48,24,24
Unitiss,velen,1479,paladin,retribution,48,23,25
Shrektacular,malganis,1479,paladin,retribution,66,31,35
Connextion,terenas,1479,paladin,retribution,82,35,47
Imperious,anetheron,1478,paladin,retribution,60,34,26
Vasharien,nerzhul,1478,paladin,retribution,104,51,53
Vaqoh,ragnaros,1478,paladin,retribution,42,17,25
Smashnasty,area-52,1477,paladin,retribution,54,29,25
Buddyolpally,proudmoore,1477,paladin,retribution,48,23,25
Againstfilet,azralon,1477,paladin,retribution,106,43,63
Airz,stormrage,1476,paladin,retribution,30,17,13
Bigpin,shattered-hand,1476,paladin,retribution,53,24,29
Revent,drakkari,1475,paladin,retribution,33,18,15
Äeriah,fizzcrank,1475,paladin,retribution,120,65,55
Troyamat,nemesis,1475,paladin,retribution,77,36,41
Kiritazuma,ravencrest,1475,paladin,retribution,84,39,45
Azoruken,quelthalas,1475,paladin,retribution,71,31,40
Glizzybertz,bleeding-hollow,1474,paladin,retribution,42,25,17
Gigadorff,stormrage,1474,paladin,retribution,74,44,30
Andrevz,ragnaros,1474,paladin,retribution,120,68,52
Regivän,azralon,1474,paladin,retribution,30,17,13
Dankpaladin,frostwolf,1474,paladin,retribution,42,21,21
Sunraiz,tichondrius,1473,paladin,retribution,46,26,20
Níkolaev,azralon,1472,paladin,retribution,33,19,14
Aztraseneco,ragnaros,1472,paladin,retribution,152,84,68
Killmönger,tichondrius,1472,paladin,retribution,101,48,53
Justicierø,aegwynn,1471,paladin,retribution,70,37,33
Ellanaria,thrall,1471,paladin,retribution,117,61,56
Yoboyindahiz,stormrage,1471,paladin,retribution,57,23,34
Rykorth,moon-guard,1470,paladin,retribution,33,20,13
Spruk,greymane,1470,paladin,retribution,89,41,48
Mundomaloo,quelthalas,1470,paladin,retribution,57,25,32
Wickedpälly,kelthuzad,1469,paladin,retribution,54,30,24
Crasíus,quelthalas,1469,paladin,retribution,60,19,41
Tayvar,stormrage,1468,paladin,retribution,32,18,14
Adorhon,staghelm,1468,paladin,retribution,30,16,14
Cowhair,tichondrius,1468,paladin,retribution,47,23,24
Gummybearz,doomhammer,1468,paladin,retribution,60,27,33
Mattilla,tichondrius,1468,paladin,retribution,36,16,20
Polypal,zuljin,1468,paladin,retribution,42,18,24
Petunias,malganis,1468,paladin,retribution,54,21,33
Yawnbringer,tichondrius,1466,paladin,retribution,188,94,94
Bruhstice,area-52,1466,paladin,retribution,48,24,24
Prïmavera,azralon,1466,paladin,retribution,41,20,21
Nerilliah,sargeras,1466,paladin,retribution,45,20,25
Pallyfreddyy,frostmourne,1466,paladin,retribution,42,18,24
Dimmadome,frostmourne,1465,paladin,retribution,78,50,28
Herrit,frostmourne,1465,paladin,retribution,180,101,79
Édzor,area-52,1465,paladin,retribution,48,19,29
Yovan,proudmoore,1464,paladin,retribution,108,57,51
Silvabac,illidan,1464,paladin,retribution,97,51,46
Masemune,bonechewer,1464,paladin,retribution,60,28,32
Toughlife,tichondrius,1464,paladin,retribution,72,28,44
Grünt,ragnaros,1463,paladin,retribution,30,18,12
Nohpalli,kelthuzad,1463,paladin,retribution,79,43,36
Freiermoth,shadowmoon,1463,paladin,retribution,237,120,117
Viclovin,stormrage,1463,paladin,retribution,68,34,34
Bañe,lightbringer,1463,paladin,retribution,81,35,46
Bronytime,illidan,1462,paladin,retribution,29,16,13
Cyniaria,moon-guard,1462,paladin,retribution,126,66,60
Dreyan,wyrmrest-accord,1462,paladin,retribution,47,23,24
Maiheev,moon-guard,1462,paladin,retribution,66,30,36
Tekar,altar-of-storms,1461,paladin,retribution,63,29,34
Crayt,tichondrius,1461,paladin,retribution,97,40,57
Tsunin,area-52,1460,paladin,retribution,106,54,52
Artherion,kelthuzad,1460,paladin,retribution,103,45,58
Konarik,stormrage,1459,paladin,retribution,46,25,21
Lusangri,thrall,1459,paladin,retribution,51,20,31
Athenauwu,illidan,1458,paladin,retribution,40,19,21
Evilmerdoc,kelthuzad,1458,paladin,retribution,96,44,52
Kelthálas,illidan,1458,paladin,retribution,42,18,24
Urpi,drakkari,1457,paladin,retribution,47,27,20
Dannyram,zuljin,1457,paladin,retribution,75,40,35
Bennu,sargeras,1457,paladin,retribution,62,30,32
Ballsmcgee,bleeding-hollow,1457,paladin,retribution,66,26,40
Theholysword,tichondrius,1457,paladin,retribution,41,16,25
Erowyn,tichondrius,1456,paladin,retribution,42,19,23
Vindictacho,tichondrius,1456,paladin,retribution,42,18,24
Yukiikaze,sargeras,1455,paladin,retribution,100,53,47
Savagedemise,barthilas,1455,paladin,retribution,61,32,29
Folgimar,moon-guard,1455,paladin,retribution,72,37,35
Astharor,stormrage,1454,paladin,retribution,70,40,30
Mádz,ragnaros,1454,paladin,retribution,29,16,13
Jorix,stormrage,1454,paladin,retribution,33,17,16
Wesdarian,jaedenar,1454,paladin,retribution,131,62,69
Sovereignt,aggramar,1453,paladin,retribution,157,84,73
Monchy,bleeding-hollow,1453,paladin,retribution,52,27,25
Mysticblade,sargeras,1451,paladin,retribution,60,32,28
Mcgarrett,onyxia,1451,paladin,retribution,34,18,16
Vexxa,nerzhul,1451,paladin,retribution,40,20,20
Cyäbyë,frostmourne,1450,paladin,retribution,30,18,12
Drtom,mannoroth,1450,paladin,retribution,39,21,18
Hammerzite,whisperwind,1450,paladin,retribution,30,16,14
Solandiis,tichondrius,1450,paladin,retribution,67,32,35
Prosykt,sargeras,1450,paladin,retribution,38,16,22
Iliriel,area-52,1450,paladin,retribution,48,17,31
Airplane,malygos,1449,paladin,retribution,24,16,8
Jonfox,stormrage,1449,paladin,retribution,108,54,54
Eustace,thunderhorn,1449,paladin,retribution,106,51,55
Normaldude,sargeras,1449,paladin,retribution,42,20,22
Sconci,whisperwind,1449,paladin,retribution,60,28,32
Avati,sargeras,1448,paladin,retribution,22,16,6
Californía,bleeding-hollow,1448,paladin,retribution,37,23,14
Darkeclipse,area-52,1448,paladin,retribution,30,17,13
Corrán,thrall,1448,paladin,retribution,36,20,16
Lightballz,vashj,1448,paladin,retribution,29,16,13
Charleyy,stormscale,1447,paladin,retribution,98,55,43
Gaismagorm,ragnaros,1447,paladin,retribution,38,20,18
Denhoward,proudmoore,1447,paladin,retribution,63,33,30
Lichkingdenn,stormrage,1446,paladin,retribution,72,33,39
Retrah,azralon,1445,paladin,retribution,47,27,20
Arecht,moon-guard,1445,paladin,retribution,65,35,30
Hamertime,wyrmrest-accord,1445,paladin,retribution,137,68,69
Angriel,azralon,1445,paladin,retribution,83,38,45
Uxd,tichondrius,1444,paladin,retribution,88,42,46
Chippo,aegwynn,1443,paladin,retribution,82,43,39
Piea,tichondrius,1443,paladin,retribution,78,36,42
Iluminadoor,nemesis,1442,paladin,retribution,29,19,10
Ogholyhands,bleeding-hollow,1442,paladin,retribution,71,37,34
Zuthora,alleria,1441,paladin,retribution,82,42,40
Pijbins,moon-guard,1441,paladin,retribution,74,37,37
Clorpi,drakkari,1441,paladin,retribution,42,20,22
Antarcticala,frostmourne,1441,paladin,retribution,54,24,30
Onnakishi,azralon,1441,paladin,retribution,48,20,28
Neutroo,stormrage,1440,paladin,retribution,42,25,17
Inquisídor,nemesis,1440,paladin,retribution,30,17,13
Punative,darkspear,1440,paladin,retribution,71,34,37
Däkh,sargeras,1440,paladin,retribution,37,17,20
Awake,chogall,1439,paladin,retribution,24,15,9
Kkgame,tichondrius,1439,paladin,retribution,37,19,18
Søøka,azralon,1439,paladin,retribution,90,40,50
Amarnath,turalyon,1438,paladin,retribution,45,25,20
Vânguârds,tichondrius,1438,paladin,retribution,30,15,15
Heathen,spirestone,1437,paladin,retribution,33,18,15
Donao,illidan,1437,paladin,retribution,172,89,83
Getdiswork,malygos,1437,paladin,retribution,108,52,56
Dawncröwn,stormrage,1437,paladin,retribution,65,22,43
Cesah,tichondrius,1436,paladin,retribution,24,15,9
Hokkan,quelthalas,1436,paladin,retribution,65,36,29
Exwars,moon-guard,1436,paladin,retribution,56,30,26
Balrok,cenarius,1436,paladin,retribution,195,99,96
Holyskeeter,thunderhorn,1436,paladin,retribution,73,32,41
Kêrmit,zuljin,1435,paladin,retribution,43,26,17
Bilbain,proudmoore,1434,paladin,retribution,225,114,111
Hasmere,tichondrius,1434,paladin,retribution,30,15,15
Mgjun,ragnaros,1433,paladin,retribution,36,18,18
Deafheavens,moon-guard,1433,paladin,retribution,60,28,32
Véxv,emerald-dream,1433,paladin,retribution,185,85,100
Inexcusable,wyrmrest-accord,1432,paladin,retribution,47,25,22
Punjabeast,illidan,1431,paladin,retribution,45,28,17
Acallysta,moon-guard,1431,paladin,retribution,60,29,31
Ájummalukout,tichondrius,1431,paladin,retribution,85,36,49
Lmd,tichondrius,1430,paladin,retribution,66,35,31
Boundric,emerald-dream,1430,paladin,retribution,30,15,15
Levian,spirestone,1430,paladin,retribution,123,61,62
Bapped,dalaran,1430,paladin,retribution,60,26,34
Supercharged,area-52,1429,paladin,retribution,30,15,15
Operise,stormrage,1429,paladin,retribution,72,34,38
Salaminhoo,azralon,1428,paladin,retribution,36,23,13
Uvatah,quelthalas,1428,paladin,retribution,30,19,11
Falaran,azralon,1428,paladin,retribution,62,32,30
Zolktro,stormrage,1428,paladin,retribution,82,42,40
Alexandros,nordrassil,1428,paladin,retribution,30,15,15
Rönän,sargeras,1428,paladin,retribution,38,18,20
Swiftdan,moon-guard,1428,paladin,retribution,60,28,32
Gogofisco,moonrunner,1428,paladin,retribution,66,28,38
Allpower,azralon,1428,paladin,retribution,36,15,21
Indemnity,wildhammer,1428,paladin,retribution,42,16,26
Ginbirdup,kelthuzad,1427,paladin,retribution,35,21,14
Holyfilers,thunderlord,1427,paladin,retribution,42,22,20
Murtag,bloodscalp,1427,paladin,retribution,60,28,32
Cammack,thrall,1427,paladin,retribution,93,39,54
Mechelle,thrall,1426,paladin,retribution,128,71,57
Ignasius,blood-furnace,1426,paladin,retribution,96,45,51
Faowin,sargeras,1426,paladin,retribution,89,40,49
Saven,proudmoore,1426,paladin,retribution,36,15,21
Vaelinarys,ragnaros,1425,paladin,retribution,36,25,11
Onecmpeter,kelthuzad,1425,paladin,retribution,38,23,15
Jxo,tichondrius,1425,paladin,retribution,54,31,23
Mathalt,area-52,1425,paladin,retribution,51,26,25
Blackop,gallywix,1425,paladin,retribution,36,18,18
Floquiinhos,azralon,1425,paladin,retribution,36,15,21
Natsîrt,bleeding-hollow,1424,paladin,retribution,58,30,28
Redspine,azralon,1424,paladin,retribution,42,15,27
Ruinlite,emerald-dream,1423,paladin,retribution,54,35,19
Quotation,silvermoon,1423,paladin,retribution,62,32,30
Arlizu,quelthalas,1423,paladin,retribution,41,21,20
Agamemnom,tichondrius,1423,paladin,retribution,256,124,132
Bebopin,tichondrius,1423,paladin,retribution,81,39,42
Cyreus,emerald-dream,1423,paladin,retribution,81,35,46
Lowkeyy,tichondrius,1422,paladin,retribution,36,22,14
Gànnicus,korgath,1422,paladin,retribution,36,15,21
Dfbattlepass,kelthuzad,1421,paladin,retribution,97,53,44
Urfavxbf,baelgun,1421,paladin,retribution,230,122,108
Aretwin,dalaran,1421,paladin,retribution,84,44,40
Yuliu,magtheridon,1421,paladin,retribution,92,46,46
Eddwardo,emerald-dream,1421,paladin,retribution,78,38,40
Internadi,frostmourne,1421,paladin,retribution,66,32,34
Dragin,azralon,1421,paladin,retribution,87,40,47
Pugnosano,black-dragonflight,1421,paladin,retribution,48,22,26
Simplesam,draenor,1421,paladin,retribution,42,18,24
Pallyseeker,thrall,1420,paladin,retribution,24,15,9
Emethala,windrunner,1420,paladin,retribution,48,26,22
Boozier,ragnaros,1420,paladin,retribution,30,16,14
Yeeter,thrall,1420,paladin,retribution,36,15,21
Tåine,suramar,1420,paladin,retribution,48,16,32
Morneau,malganis,1419,paladin,retribution,327,164,163
Littlebadbad,tichondrius,1418,paladin,retribution,18,15,3
Cuffaladin,fenris,1418,paladin,retribution,54,30,24
Elowod,frostmourne,1418,paladin,retribution,48,24,24
Annhette,sargeras,1418,paladin,retribution,31,15,16
Nocomus,andorhal,1418,paladin,retribution,78,35,43
Lolslikeomg,malganis,1418,paladin,retribution,108,45,63
Glorious,drakkari,1417,paladin,retribution,24,16,8
Kadryck,drakkari,1417,paladin,retribution,24,15,9
Galanblack,dalaran,1417,paladin,retribution,56,31,25
Gokuu,korgath,1417,paladin,retribution,132,64,68
Napstër,ragnaros,1417,paladin,retribution,36,15,21
Refulgent,moon-guard,1416,paladin,retribution,82,50,32
Lyricism,tichondrius,1416,paladin,retribution,49,28,21
Fabolouss,tichondrius,1416,paladin,retribution,150,80,70
Øxøxø,emerald-dream,1416,paladin,retribution,141,75,66
Blulux,ragnaros,1416,paladin,retribution,107,56,51
Wagyou,skywall,1416,paladin,retribution,30,15,15
Deosfires,ragnaros,1416,paladin,retribution,40,17,23
Jaikerino,emerald-dream,1416,paladin,retribution,42,15,27
Sthrealys,quelthalas,1415,paladin,retribution,34,18,16
Hrrothgar,muradin,1415,paladin,retribution,66,34,32
Mitchyc,stormrage,1415,paladin,retribution,96,48,48
Palpinga,kelthuzad,1415,paladin,retribution,116,54,62
Siaaryn,darkspear,1415,paladin,retribution,60,25,35
Minzyy,frostmourne,1414,paladin,retribution,24,15,9
Esixtytwoone,area-52,1414,paladin,retribution,36,22,14
Lornd,quelthalas,1413,paladin,retribution,48,23,25
Hägär,tichondrius,1413,paladin,retribution,67,27,40
Kiboko,tichondrius,1412,paladin,retribution,31,19,12
Bleeked,emerald-dream,1412,paladin,retribution,37,18,19
Rhoche,ysera,1412,paladin,retribution,36,17,19
Jagehbombs,tichondrius,1411,paladin,retribution,60,31,29
Dordrolan,frostmourne,1411,paladin,retribution,36,15,21
Oppression,kul-tiras,1411,paladin,retribution,89,35,54
Yyh,illidan,1410,paladin,retribution,30,15,15
Sote,lightnings-blade,1410,paladin,retribution,51,25,26
Pàladwarf,stormrage,1410,paladin,retribution,99,47,52
Brenaluna,tichondrius,1410,paladin,retribution,66,30,36
Icepondpal,proudmoore,1409,paladin,retribution,71,41,30
Belgrieve,proudmoore,1409,paladin,retribution,54,26,28
Hânszu,ragnaros,1409,paladin,retribution,41,19,22
Ashess,sargeras,1409,paladin,retribution,42,19,23
Philfred,frostmourne,1408,paladin,retribution,37,26,11
Speedophile,kelthuzad,1408,paladin,retribution,24,15,9
Solgrïm,wyrmrest-accord,1408,paladin,retribution,78,39,39
Karelys,area-52,1408,paladin,retribution,44,20,24
Reìarthur,stormrage,1408,paladin,retribution,72,32,40
Modjytech,tichondrius,1408,paladin,retribution,135,58,77
Kulandis,stormrage,1408,paladin,retribution,57,24,33
Milke,chogall,1407,paladin,retribution,36,17,19
Strabic,stormrage,1407,paladin,retribution,69,27,42
Keegân,area-52,1406,paladin,retribution,34,25,9
Tooholy,kiljaeden,1406,paladin,retribution,99,61,38
Avantasias,sargeras,1406,paladin,retribution,113,57,56
Peil,illidan,1406,paladin,retribution,36,15,21
Sophany,shattered-halls,1405,paladin,retribution,40,26,14
Wreckina,tichondrius,1405,paladin,retribution,80,42,38
Szeq,tichondrius,1405,paladin,retribution,32,16,16
Chinsta,zuljin,1404,paladin,retribution,54,33,21
Dimitrony,quelthalas,1404,paladin,retribution,42,24,18
Säj,aggramar,1404,paladin,retribution,77,41,36
Outlivz,hyjal,1404,paladin,retribution,33,17,16
Chandlerrj,area-52,1404,paladin,retribution,42,21,21
Zadragon,sargeras,1404,paladin,retribution,72,35,37
Rasc,barthilas,1404,paladin,retribution,155,74,81
Gstbubble,hyjal,1404,paladin,retribution,36,15,21
Guanglong,malganis,1404,paladin,retribution,56,23,33
Buffalosaucé,illidan,1404,paladin,retribution,44,18,26
Zimzob,stormscale,1403,paladin,retribution,30,15,15
Lebowski,nordrassil,1403,paladin,retribution,78,38,40
Keltec,bonechewer,1403,paladin,retribution,67,28,39
Swietomierz,proudmoore,1403,paladin,retribution,48,20,28
Holyginger,barthilas,1402,paladin,retribution,41,23,18
Bullzor,aerie-peak,1401,paladin,retribution,126,71,55
Oschy,moon-guard,1401,paladin,retribution,101,51,50
Holytémplar,proudmoore,1401,paladin,retribution,54,27,27
Sellenagomez,malganis,1401,paladin,retribution,60,29,31
Jdgmnt,sargeras,1401,paladin,retribution,72,33,39
Shamo,stormreaver,1401,paladin,retribution,48,22,26
Mindfoolness,sargeras,1400,paladin,retribution,98,55,43
Eamon,kelthuzad,1400,paladin,retribution,29,15,14
Dorzwaz,draka,1399,paladin,retribution,30,20,10
Palabing,stormrage,1399,paladin,retribution,24,15,9
Jursch,emerald-dream,1399,paladin,retribution,275,142,133
Buslightyear,azralon,1399,paladin,retribution,60,28,32
Sona,jubeithos,1399,paladin,retribution,48,22,26
Xk,kiljaeden,1399,paladin,retribution,100,43,57
Trg,azralon,1398,paladin,retribution,30,17,13
Holyham,fizzcrank,1398,paladin,retribution,48,27,21
Adrockiller,quelthalas,1398,paladin,retribution,74,38,36
Bosutai,dalaran,1398,paladin,retribution,48,22,26
Tinithis,tichondrius,1397,paladin,retribution,47,28,19
Chuckman,skullcrusher,1397,paladin,retribution,30,16,14
Guji,jubeithos,1397,paladin,retribution,42,21,21
Delanadras,kelthuzad,1396,paladin,retribution,59,26,33
Krypton,tichondrius,1395,paladin,retribution,42,23,19
Biloro,azralon,1394,paladin,retribution,72,40,32
Messeb,veknilash,1393,paladin,retribution,193,103,90
Rafaela,alterac-mountains,1393,paladin,retribution,36,18,18
Belregn,illidan,1393,paladin,retribution,78,36,42
Eutectic,moon-guard,1393,paladin,retribution,54,22,32
Carnagias,bleeding-hollow,1392,paladin,retribution,129,65,64
Andronik,bleeding-hollow,1392,paladin,retribution,39,19,20
Jazztice,mannoroth,1392,paladin,retribution,46,22,24
Scoopzi,frostmourne,1392,paladin,retribution,35,15,20
Nevanethus,frostmourne,1391,paladin,retribution,40,19,21
Judgmentor,malganis,1391,paladin,retribution,82,34,48
Droden,tichondrius,1390,paladin,retribution,55,29,26
Hoodmeatflap,stonemaul,1389,paladin,retribution,36,21,15
Ezekìël,tichondrius,1389,paladin,retribution,53,29,24
Carliitoz,quelthalas,1389,paladin,retribution,144,62,82
Demihoj,illidan,1389,paladin,retribution,48,19,29
Coffiecup,frostmane,1388,paladin,retribution,24,15,9
Olikono,tichondrius,1388,paladin,retribution,36,19,17
Tutankhammer,stormrage,1388,paladin,retribution,112,58,54
Schalpy,illidan,1388,paladin,retribution,60,28,32
Qpal,area-52,1388,paladin,retribution,72,32,40
Miitt,blackrock,1387,paladin,retribution,36,20,16
Slowedreverb,stormrage,1387,paladin,retribution,81,42,39
Granisdh,aegwynn,1387,paladin,retribution,54,27,27
Malthael,nagrand,1387,paladin,retribution,30,15,15
Pallytoot,aerie-peak,1386,paladin,retribution,60,35,25
Alucardlh,ragnaros,1386,paladin,retribution,142,78,64
Valikyr,mugthol,1386,paladin,retribution,36,18,18
Shlaps,crushridge,1386,paladin,retribution,114,56,58
Smitetheweak,rivendare,1385,paladin,retribution,30,17,13
Mareaaturbo,azralon,1384,paladin,retribution,59,34,25
Kaladini,jubeithos,1383,paladin,retribution,28,16,12
Palameme,hyjal,1383,paladin,retribution,30,17,13
Holyshôckz,stormrage,1383,paladin,retribution,104,55,49
Draeneihead,illidan,1383,paladin,retribution,108,53,55
Xalixxa,wyrmrest-accord,1382,paladin,retribution,90,47,43
Psadin,thunderlord,1382,paladin,retribution,72,32,40
Kalboko,twisting-nether,1381,paladin,retribution,51,25,26
Naghret,area-52,1380,paladin,retribution,48,25,23
Puresight,kelthuzad,1380,paladin,retribution,71,35,36
Luðo,moon-guard,1380,paladin,retribution,35,15,20
Saîntpaul,shattered-halls,1380,paladin,retribution,36,15,21
Dresdén,skullcrusher,1379,paladin,retribution,24,17,7
Egufro,frostwolf,1379,paladin,retribution,84,45,39
Gromusa,azralon,1378,paladin,retribution,61,36,25
Aeroßlaze,dragonmaw,1378,paladin,retribution,42,22,20
Auka,zuljin,1378,paladin,retribution,42,21,21
Öpäf,steamwheedle-cartel,1377,paladin,retribution,60,26,34
Jåckél,wyrmrest-accord,1377,paladin,retribution,42,15,27
Malavon,azralon,1376,paladin,retribution,33,20,13
Kaelthasar,azralon,1376,paladin,retribution,30,15,15
Retman,azuremyst,1376,paladin,retribution,95,44,51
Gorostas,kelthuzad,1375,paladin,retribution,34,15,19
Wabukis,illidan,1373,paladin,retribution,26,15,11
Stdee,zuljin,1372,paladin,retribution,63,33,30
Rhodius,dalaran,1372,paladin,retribution,63,32,31
Sakicc,dalaran,1372,paladin,retribution,84,36,48
Kealthamar,wyrmrest-accord,1371,paladin,retribution,76,47,29
Dawsonthebos,grizzly-hills,1370,paladin,retribution,30,16,14
Superzooted,sargeras,1370,paladin,retribution,34,15,19
Hurrîcane,illidan,1370,paladin,retribution,48,15,33
Jdisco,bonechewer,1369,paladin,retribution,37,19,18
Minitas,blackrock,1369,paladin,retribution,42,15,27
Quickthing,dalaran,1368,paladin,retribution,101,59,42
Modafinil,bonechewer,1368,paladin,retribution,67,27,40
Dalgren,quelthalas,1368,paladin,retribution,117,44,73
Fótm,bleeding-hollow,1367,paladin,retribution,96,46,50
Huitz,drakkari,1366,paladin,retribution,102,55,47
Tøpbløke,frostmourne,1366,paladin,retribution,121,60,61
Qurbankabur,barthilas,1366,paladin,retribution,38,18,20
Uholypala,dalaran,1366,paladin,retribution,84,35,49
Tmac,azralon,1365,paladin,retribution,74,37,37
Hurukpaly,azralon,1365,paladin,retribution,52,23,29
Ludvigsen,hakkar,1365,paladin,retribution,40,16,24
Thorviim,azralon,1364,paladin,retribution,88,48,40
Formergf,crushridge,1364,paladin,retribution,90,48,42
Holybalsagna,garrosh,1364,paladin,retribution,102,54,48
Áthz,ragnaros,1363,paladin,retribution,41,21,20
Nest,stormrage,1363,paladin,retribution,30,15,15
Hùck,alexstrasza,1363,paladin,retribution,112,52,60
Lunchhboxx,kelthuzad,1361,paladin,retribution,59,28,31
Covidin,quelthalas,1360,paladin,retribution,99,42,57
Ðetroity,stormrage,1359,paladin,retribution,105,57,48
Pal,blackhand,1359,paladin,retribution,44,23,21
Pvppaulx,moon-guard,1359,paladin,retribution,77,39,38
Dannoruk,ragnaros,1358,paladin,retribution,78,39,39
Mobitz,dalvengyr,1357,paladin,retribution,75,40,35
Lightcast,moon-guard,1357,paladin,retribution,72,34,38
Sevrin,frostmourne,1356,paladin,retribution,28,15,13
Willzaum,azralon,1356,paladin,retribution,60,32,28
Wickedwingz,sargeras,1356,paladin,retribution,30,15,15
Mïkhael,nemesis,1356,paladin,retribution,86,37,49
Pallyhealed,tichondrius,1355,paladin,retribution,40,19,21
Lüuz,area-52,1355,paladin,retribution,60,22,38
Arbarrus,stormrage,1354,paladin,retribution,31,19,12
Retributión,darkspear,1354,paladin,retribution,31,15,16
Utheer,quelthalas,1354,paladin,retribution,32,15,17
Lainn,zuljin,1353,paladin,retribution,126,68,58
Theldart,ragnaros,1353,paladin,retribution,59,30,29
Crematória,azralon,1353,paladin,retribution,30,15,15
Oopalaoo,azralon,1353,paladin,retribution,36,17,19
Adapa,azralon,1353,paladin,retribution,36,16,20
Hrizul,drakthul,1353,paladin,retribution,36,15,21
Dwk,thrall,1353,paladin,retribution,36,15,21
Warspyder,alterac-mountains,1351,paladin,retribution,48,28,20
Melize,area-52,1351,paladin,retribution,142,70,72
Avengercc,tichondrius,1351,paladin,retribution,34,15,19
Duroi,spirestone,1351,paladin,retribution,59,23,36
Mikezheng,tichondrius,1350,paladin,retribution,48,23,25
Thadose,bonechewer,1349,paladin,retribution,245,133,112
Zantdemption,frostmourne,1349,paladin,retribution,29,15,14
Meanlight,zuljin,1348,paladin,retribution,140,77,63
Shecara,malygos,1348,paladin,retribution,105,57,48
Sländers,sargeras,1348,paladin,retribution,107,49,58
Brsjak,frostmourne,1347,paladin,retribution,113,59,54
Retligious,kelthuzad,1346,paladin,retribution,29,18,11
Dwurim,moon-guard,1346,paladin,retribution,48,26,22
Xenagos,akama,1346,paladin,retribution,42,21,21
Ddeadwhisper,executus,1345,paladin,retribution,104,56,48
Fortueni,illidan,1344,paladin,retribution,166,98,68
Lightvader,illidan,1344,paladin,retribution,36,15,21
Bossmin,tichondrius,1343,paladin,retribution,24,14,10
Dyskrazia,thrall,1343,paladin,retribution,32,15,17
Zugzugondeez,illidan,1343,paladin,retribution,30,14,16
Dublek,tichondrius,1342,paladin,retribution,18,14,4
Expiate,tichondrius,1342,paladin,retribution,18,14,4
Oxoslayeroxo,firetree,1342,paladin,retribution,37,18,19
Sweatylight,bleeding-hollow,1341,paladin,retribution,86,45,41
Addisen,malganis,1341,paladin,retribution,30,14,16
Cronodxl,quelthalas,1341,paladin,retribution,36,15,21
Kikazaru,moon-guard,1341,paladin,retribution,36,14,22
Mardrïus,tichondrius,1340,paladin,retribution,18,14,4
Hwanko,tichondrius,1340,paladin,retribution,52,33,19
Retsonictwo,tichondrius,1340,paladin,retribution,30,14,16
Flynnee,illidan,1340,paladin,retribution,50,22,28
Bubblestar,ragnaros,1340,paladin,retribution,56,23,33
Cabacarl,quelthalas,1340,paladin,retribution,102,40,62
Samphlty,azralon,1340,paladin,retribution,36,14,22
Minikalina,ragnaros,1339,paladin,retribution,24,14,10
Pennedurma,akama,1339,paladin,retribution,46,24,22
Passinpeace,tichondrius,1339,paladin,retribution,30,14,16
Hèlfar,wyrmrest-accord,1339,paladin,retribution,30,14,16
Arlleth,area-52,1339,paladin,retribution,48,22,26
Chiraqret,thunderhorn,1338,paladin,retribution,24,16,8
Jâkê,area-52,1338,paladin,retribution,24,14,10
Neró,quelthalas,1338,paladin,retribution,67,31,36
Akiralons,ragnaros,1338,paladin,retribution,36,15,21
Hazmât,illidan,1338,paladin,retribution,106,44,62
Hasla,tichondrius,1338,paladin,retribution,97,39,58
Stoof,arygos,1338,paladin,retribution,36,14,22
Iceburg,shadowmoon,1337,paladin,retribution,30,17,13
Xandish,illidan,1337,paladin,retribution,32,15,17
Eomàr,barthilas,1336,paladin,retribution,30,18,12
Lortrin,quelthalas,1336,paladin,retribution,30,16,14
Ijóss,dreadmaul,1336,paladin,retribution,42,17,25
Nightz,eonar,1336,paladin,retribution,36,14,22
Principe,queldorei,1336,paladin,retribution,42,15,27
Roxiomoxa,ragnaros,1335,paladin,retribution,30,14,16
Albagail,draka,1335,paladin,retribution,58,26,32
Prôphêt,stormrage,1334,paladin,retribution,18,14,4
Minlarkwa,frostmourne,1334,paladin,retribution,36,21,15
Justsmiteit,dalaran,1334,paladin,retribution,30,17,13
Emisoul,sargeras,1334,paladin,retribution,36,14,22
Oioo,proudmoore,1333,paladin,retribution,21,15,6
Hammerina,antonidas,1333,paladin,retribution,44,23,21
Reptila,bonechewer,1333,paladin,retribution,30,14,16
Stealhearsp,tichondrius,1333,paladin,retribution,65,29,36
Palyman,shattered-hand,1332,paladin,retribution,18,14,4
Brucedwal,moon-guard,1332,paladin,retribution,84,45,39
Kentö,area-52,1332,paladin,retribution,30,14,16
Malorian,azgalor,1332,paladin,retribution,48,21,27
Lemonliime,moon-guard,1332,paladin,retribution,45,18,27
Fallóut,proudmoore,1332,paladin,retribution,48,14,34
Trogdorpwn,bonechewer,1331,paladin,retribution,30,17,13
Bonkky,whisperwind,1331,paladin,retribution,30,16,14
Vanthor,emerald-dream,1331,paladin,retribution,45,22,23
Elivathord,trollbane,1330,paladin,retribution,35,20,15
Bootcrusader,thrall,1330,paladin,retribution,27,15,12
Overbet,area-52,1329,paladin,retribution,27,15,12
Bigdoosa,frostmourne,1329,paladin,retribution,40,19,21
Bebedor,azralon,1328,paladin,retribution,33,16,17
Orin,guldan,1328,paladin,retribution,30,14,16
Antonn,stormrage,1328,paladin,retribution,30,14,16
Nerfashen,zuljin,1327,paladin,retribution,24,14,10
Clayban,stormrage,1327,paladin,retribution,42,22,20
Easiestcomp,sargeras,1327,paladin,retribution,39,20,19
Azajudgeman,nemesis,1327,paladin,retribution,33,14,19
Oneminute,nerzhul,1326,paladin,retribution,72,37,35
Levarious,thunderlord,1326,paladin,retribution,132,64,68
Garcinddra,vashj,1326,paladin,retribution,34,16,18
Ennvy,nemesis,1326,paladin,retribution,30,14,16
Zaxxous,hyjal,1326,paladin,retribution,30,14,16
Jugheadqc,mugthol,1325,paladin,retribution,111,57,54
Tittanfalls,illidan,1325,paladin,retribution,40,18,22
Caylorn,illidan,1325,paladin,retribution,54,24,30
Kanyewes,zuluhed,1325,paladin,retribution,89,39,50
Dexko,silvermoon,1324,paladin,retribution,34,24,10
Lomis,azgalor,1324,paladin,retribution,24,15,9
Nerfmehpls,ragnaros,1324,paladin,retribution,138,78,60
Ashric,moon-guard,1324,paladin,retribution,30,14,16
Kiergann,quelthalas,1324,paladin,retribution,71,33,38
Gixpal,skullcrusher,1323,paladin,retribution,59,31,28
Elsinore,senjin,1323,paladin,retribution,41,20,21
Älmïghty,ragnaros,1323,paladin,retribution,30,14,16
Christman,illidan,1323,paladin,retribution,78,33,45
Reinharth,quelthalas,1322,paladin,retribution,24,14,10
Pallynation,korgath,1322,paladin,retribution,60,26,34
Walleis,moon-guard,1322,paladin,retribution,76,32,44
Sprezzatura,illidan,1321,paladin,retribution,30,15,15
Anivan,moon-guard,1321,paladin,retribution,76,32,44
Onemorelight,sargeras,1320,paladin,retribution,60,32,28
Släyèr,tichondrius,1320,paladin,retribution,48,17,31
Irushthots,tichondrius,1319,paladin,retribution,24,14,10
Dekho,quelthalas,1319,paladin,retribution,83,36,47
Treviathon,korgath,1319,paladin,retribution,36,14,22
Serran,durotan,1318,paladin,retribution,54,20,34
Elri,ragnaros,1317,paladin,retribution,54,27,27
Tridon,zuljin,1317,paladin,retribution,44,21,23
Wookpally,area-52,1317,paladin,retribution,41,19,22
Treizen,frostmourne,1317,paladin,retribution,49,20,29
Toyotasupra,azgalor,1316,paladin,retribution,51,31,20
Balango,azralon,1316,paladin,retribution,24,14,10
Hiikari,silver-hand,1316,paladin,retribution,36,18,18
Pallypapa,galakrond,1315,paladin,retribution,35,22,13
Hapii,tichondrius,1315,paladin,retribution,47,18,29
Thoti,tichondrius,1314,paladin,retribution,31,15,16
Killeralan,quelthalas,1314,paladin,retribution,79,36,43
Lostkanvas,azralon,1313,paladin,retribution,46,27,19
Hoelï,stormrage,1313,paladin,retribution,24,14,10
Phokboi,shattered-hand,1313,paladin,retribution,57,31,26
Siberios,stormrage,1313,paladin,retribution,30,14,16
Wésters,quelthalas,1313,paladin,retribution,175,80,95
Arnblass,magtheridon,1313,paladin,retribution,75,34,41
Çløúdéd,area-52,1313,paladin,retribution,36,16,20
Autoattacker,mannoroth,1312,paladin,retribution,24,14,10
Talvyr,icecrown,1312,paladin,retribution,36,18,18
Snowcrow,tichondrius,1312,paladin,retribution,199,95,104
Hays,barthilas,1311,paladin,retribution,18,14,4
Melloow,azralon,1311,paladin,retribution,91,43,48
Ozirus,frostmourne,1311,paladin,retribution,94,40,54
Weenerboy,nerzhul,1310,paladin,retribution,48,28,20
Taurendin,frostmourne,1310,paladin,retribution,24,14,10
Hølyavenger,darkspear,1310,paladin,retribution,24,14,10
Dalance,draka,1309,paladin,retribution,30,14,16
Tieberion,bleeding-hollow,1309,paladin,retribution,36,14,22
Lashlan,barthilas,1308,paladin,retribution,59,33,26
Kalendawn,moon-guard,1308,paladin,retribution,97,52,45
Navex,tichondrius,1308,paladin,retribution,28,15,13
Babyshuangs,illidan,1307,paladin,retribution,30,15,15
Erethonis,bladefist,1307,paladin,retribution,78,36,42
Heraolympian,black-dragonflight,1306,paladin,retribution,69,36,33
Fatuiz,sargeras,1306,paladin,retribution,30,14,16
Unknownplay,tichondrius,1305,paladin,retribution,24,14,10
Bayaz,emerald-dream,1304,paladin,retribution,67,36,31
Holyqunt,dalaran,1304,paladin,retribution,133,70,63
Ane,gorefiend,1304,paladin,retribution,38,18,20
Bahkax,tichondrius,1304,paladin,retribution,69,32,37
Nadrela,burning-blade,1303,paladin,retribution,54,32,22
Gorriuke,wyrmrest-accord,1303,paladin,retribution,58,32,26
Thortanous,icecrown,1303,paladin,retribution,60,27,33
Redyomi,drakkari,1302,paladin,retribution,78,38,40
Canadianeh,malganis,1301,paladin,retribution,103,49,54
Playmaker,mannoroth,1301,paladin,retribution,99,46,53
Wlq,frostmourne,1301,paladin,retribution,91,37,54
Synthetic,moon-guard,1300,paladin,retribution,90,47,43
Hyperforce,area-52,1300,paladin,retribution,68,34,34
Silvversun,moon-guard,1300,paladin,retribution,41,18,23
Vargonha,azralon,1299,paladin,retribution,132,67,65
Ultralord,dragonmaw,1299,paladin,retribution,28,14,14
Sunwrath,quelthalas,1299,paladin,retribution,87,37,50
Ðrâgøønz,ragnaros,1299,paladin,retribution,46,19,27
Eleonorr,proudmoore,1298,paladin,retribution,36,20,16
Mürdøx,illidan,1298,paladin,retribution,27,15,12
Dralkou,kaelthas,1298,paladin,retribution,110,47,63
Tacien,tichondrius,1297,paladin,retribution,120,57,63
Krinkin,illidan,1297,paladin,retribution,42,14,28
Eddardstark,agamaggan,1296,paladin,retribution,92,49,43
Youwillatone,zuljin,1296,paladin,retribution,42,22,20
Saucepally,laughing-skull,1294,paladin,retribution,91,48,43
Sigismud,quelthalas,1294,paladin,retribution,54,24,30
Arkanica,moon-guard,1294,paladin,retribution,59,24,35
Velarelan,moon-guard,1294,paladin,retribution,36,14,22
Paladingirl,darkspear,1292,paladin,retribution,92,50,42
Mendaltv,dalaran,1292,paladin,retribution,36,17,19
Vassen,echo-isles,1291,paladin,retribution,39,19,20
Vosailer,illidan,1290,paladin,retribution,34,16,18
Dewlight,zuljin,1289,paladin,retribution,81,48,33
Casko,wyrmrest-accord,1289,paladin,retribution,36,20,16
Vlandor,area-52,1288,paladin,retribution,47,27,20
Asunima,wyrmrest-accord,1288,paladin,retribution,30,17,13
Sïrenek,tichondrius,1288,paladin,retribution,73,37,36
Elmuchacho,warsong,1288,paladin,retribution,41,20,21
Scubàlicous,magtheridon,1288,paladin,retribution,67,29,38
Guidö,stormrage,1288,paladin,retribution,39,15,24
Critxx,tichondrius,1287,paladin,retribution,89,41,48
Jerratt,thrall,1287,paladin,retribution,90,40,50
Dedsxy,tichondrius,1286,paladin,retribution,30,14,16
Vêndar,ragnaros,1286,paladin,retribution,148,68,80
Broxon,tichondrius,1285,paladin,retribution,64,33,31
Gainen,illidan,1285,paladin,retribution,47,24,23
Dragonbait,khadgar,1285,paladin,retribution,42,21,21
Thót,malganis,1284,paladin,retribution,30,15,15
Verguetas,ragnaros,1283,paladin,retribution,90,40,50
Bulioevn,emerald-dream,1283,paladin,retribution,57,25,32
Chbestafera,nemesis,1282,paladin,retribution,36,22,14
Ceebuck,thrall,1282,paladin,retribution,42,20,22
Retneyspears,darkspear,1280,paladin,retribution,53,25,28
Kellissandra,aerie-peak,1280,paladin,retribution,102,40,62
Brifos,sargeras,1280,paladin,retribution,43,14,29
Bennygee,moonrunner,1279,paladin,retribution,54,25,29
Sycomaniac,illidan,1279,paladin,retribution,40,14,26
Justicefox,thrall,1278,paladin,retribution,24,14,10
Davinchi,laughing-skull,1277,paladin,retribution,53,31,22
Steelbreaker,deathwing,1277,paladin,retribution,59,28,31
Amyrana,medivh,1277,paladin,retribution,36,16,20
Garethorne,illidan,1277,paladin,retribution,44,14,30
Dirkadirkka,stormrage,1276,paladin,retribution,30,16,14
Faaqmee,gorefiend,1275,paladin,retribution,36,20,16
Holiesthoe,mannoroth,1275,paladin,retribution,36,17,19
Yuccalicious,area-52,1275,paladin,retribution,53,23,30
Aellâ,bloodscalp,1274,paladin,retribution,248,129,119
Carolena,thaurissan,1274,paladin,retribution,74,31,43
Dredberserk,stormrage,1273,paladin,retribution,30,16,14
Webothhateme,tichondrius,1272,paladin,retribution,36,20,16
Skylexx,ragnaros,1272,paladin,retribution,66,31,35
Khorgus,gundrak,1271,paladin,retribution,54,27,27
Xoxoxoxoxoxo,aegwynn,1271,paladin,retribution,79,35,44
Såssy,moon-guard,1270,paladin,retribution,72,31,41
Pâpito,drakkari,1270,paladin,retribution,38,16,22
Lecarde,cenarion-circle,1270,paladin,retribution,54,20,34
Albion,sargeras,1270,paladin,retribution,42,14,28
Draygore,tichondrius,1269,paladin,retribution,54,28,26
Dárí,stormrage,1269,paladin,retribution,150,72,78
Thankyouswen,tichondrius,1269,paladin,retribution,70,31,39
Gramaton,malfurion,1268,paladin,retribution,54,25,29
Immunelf,azgalor,1267,paladin,retribution,40,14,26
Brightsaber,tichondrius,1266,paladin,retribution,75,38,37
Giltronix,thrall,1266,paladin,retribution,60,30,30
Palacamâ,quelthalas,1266,paladin,retribution,34,15,19
Ajoladin,illidan,1265,paladin,retribution,126,58,68
Zoobro,tichondrius,1265,paladin,retribution,96,43,53
Areura,hellscream,1264,paladin,retribution,27,19,8
Hydroponicz,tichondrius,1264,paladin,retribution,25,14,11
Bingbingcd,tichondrius,1264,paladin,retribution,54,28,26
Kregar,kelthuzad,1264,paladin,retribution,88,45,43
Hanael,quelthalas,1264,paladin,retribution,63,28,35
Wosy,azralon,1263,paladin,retribution,24,15,9
Quinnl,dreadmaul,1262,paladin,retribution,38,18,20
Calithia,destromath,1262,paladin,retribution,36,17,19
Athenariel,bleeding-hollow,1262,paladin,retribution,55,24,31
Garruckadin,dalaran,1261,paladin,retribution,25,14,11
Sarayan,proudmoore,1261,paladin,retribution,72,32,40
Vtyr,nemesis,1260,paladin,retribution,89,40,49
Revent,stormrage,1260,paladin,retribution,60,24,36
Sahbabii,baelgun,1260,paladin,retribution,35,14,21
Rynis,arthas,1259,paladin,retribution,58,28,30
Spartus,area-52,1258,paladin,retribution,44,25,19
Hivers,stormrage,1258,paladin,retribution,49,23,26
Restitution,area-52,1257,paladin,retribution,35,14,21
Zormzer,saurfang,1256,paladin,retribution,50,23,27
Bigboytime,area-52,1253,paladin,retribution,65,35,30
Belena,jaedenar,1252,paladin,retribution,47,21,26
Paliodin,dalaran,1252,paladin,retribution,48,18,30
Stonekey,warsong,1251,paladin,retribution,30,15,15
Lvlone,sargeras,1250,paladin,retribution,30,17,13
Menaus,duskwood,1250,paladin,retribution,45,23,22
Barbesacrer,zuljin,1249,paladin,retribution,27,15,12
Smorezz,bonechewer,1249,paladin,retribution,108,50,58
Yáhtzee,tichondrius,1248,paladin,retribution,29,14,15
Andrinn,nemesis,1248,paladin,retribution,95,40,55
Theuss,nerzhul,1248,paladin,retribution,65,27,38
Johnp,spirestone,1247,paladin,retribution,18,13,5
Wölfheärt,tichondrius,1247,paladin,retribution,18,13,5
Canadapants,kelthuzad,1247,paladin,retribution,42,24,18
Caution,rexxar,1247,paladin,retribution,24,13,11
Tlawn,tichondrius,1247,paladin,retribution,24,13,11
Daion,quelthalas,1247,paladin,retribution,24,13,11
Billystacks,illidan,1247,paladin,retribution,24,13,11
Thakingyi,tichondrius,1247,paladin,retribution,24,13,11
Venturep,azralon,1247,paladin,retribution,24,13,11
Thin,ragnaros,1247,paladin,retribution,30,14,16
Drriz,stormrage,1247,paladin,retribution,30,13,17
Bdaws,tichondrius,1247,paladin,retribution,30,13,17
Talionz,illidan,1247,paladin,retribution,36,13,23
Doxan,quelthalas,1247,paladin,retribution,36,13,23
Mythbuster,frostwolf,1246,paladin,retribution,24,13,11
Revendreth,caelestrasz,1246,paladin,retribution,48,22,26
Boopif,sargeras,1246,paladin,retribution,30,13,17
Beyönd,quelthalas,1246,paladin,retribution,30,13,17
Makayla,kiljaeden,1246,paladin,retribution,30,13,17
Loudpaq,guldan,1246,paladin,retribution,30,13,17
Zephyrvalor,sargeras,1245,paladin,retribution,54,32,22
Palaðu,azralon,1245,paladin,retribution,36,21,15
Liangguang,tichondrius,1245,paladin,retribution,24,13,11
Leslievernon,ursin,1245,paladin,retribution,24,13,11
Omenpachi,moon-guard,1245,paladin,retribution,38,19,19
Onemassacre,spirestone,1245,paladin,retribution,36,13,23
Kasoon,illidan,1244,paladin,retribution,18,13,5
Xamo,drakkari,1244,paladin,retribution,24,13,11
Happywow,tichondrius,1244,paladin,retribution,77,37,40
Bravomedic,emerald-dream,1244,paladin,retribution,57,27,30
Mákis,ragnaros,1244,paladin,retribution,30,13,17
Aduhrawl,moon-guard,1244,paladin,retribution,38,14,24
Ownedcrazy,stormrage,1244,paladin,retribution,36,13,23
Wryly,mannoroth,1244,paladin,retribution,42,13,29
Jaimi,stormreaver,1243,paladin,retribution,18,13,5
Doktavius,lightbringer,1243,paladin,retribution,24,13,11
Seballedo,drakkari,1243,paladin,retribution,24,13,11
Hjolgrim,sargeras,1243,paladin,retribution,24,13,11
Krixes,firetree,1243,paladin,retribution,30,16,14
Audiemurphy,malganis,1243,paladin,retribution,36,18,18
Wreathy,sargeras,1243,paladin,retribution,30,13,17
Avaheal,dragonmaw,1243,paladin,retribution,41,17,24
Artaxerxes,stormrage,1243,paladin,retribution,50,20,30
Giovannas,tichondrius,1243,paladin,retribution,36,13,23
Deployed,kaelthas,1243,paladin,retribution,36,13,23
Fierfox,moon-guard,1242,paladin,retribution,21,14,7
Rockbell,kiljaeden,1242,paladin,retribution,24,13,11
Tedward,emerald-dream,1242,paladin,retribution,24,13,11
Bebitufiufiu,illidan,1242,paladin,retribution,24,13,11
Vanndetta,thrall,1242,paladin,retribution,53,22,31
Justeight,stormrage,1242,paladin,retribution,33,13,20
Abuenano,ragnaros,1241,paladin,retribution,24,15,9
Ricocheto,ragnaros,1241,paladin,retribution,24,13,11
Glorgrim,emerald-dream,1241,paladin,retribution,24,13,11
Anastos,anvilmar,1241,paladin,retribution,24,13,11
Djangø,azuremyst,1241,paladin,retribution,30,13,17
Aurken,ragnaros,1241,paladin,retribution,30,13,17
Swiftysh,ragnaros,1240,paladin,retribution,27,15,12
Jhaann,tichondrius,1240,paladin,retribution,24,13,11
Amadin,emerald-dream,1240,paladin,retribution,24,13,11
Mavrixz,illidan,1240,paladin,retribution,30,13,17
Safename,area-52,1239,paladin,retribution,24,13,11
Tifalockhart,dathremar,1239,paladin,retribution,24,13,11
Saintpower,stormscale,1239,paladin,retribution,24,13,11
Chillstone,tichondrius,1239,paladin,retribution,36,18,18
Ràmetep,illidan,1238,paladin,retribution,30,13,17
Grimmune,illidan,1238,paladin,retribution,30,13,17
Dontaylor,tichondrius,1238,paladin,retribution,33,14,19
Svane,thunderlord,1237,paladin,retribution,30,13,17
Rigotakp,illidan,1237,paladin,retribution,30,13,17
Ablunedion,illidan,1237,paladin,retribution,41,14,27
Nornix,fenris,1236,paladin,retribution,24,13,11
Careyprice,area-52,1236,paladin,retribution,24,13,11
Perfectgirl,maiev,1236,paladin,retribution,90,42,48
Sialectra,illidan,1236,paladin,retribution,30,13,17
Terrordin,illidan,1236,paladin,retribution,38,13,25
Zir,frostmourne,1235,paladin,retribution,101,55,46
Hanno,azshara,1235,paladin,retribution,30,16,14
Carenye,thunderhorn,1235,paladin,retribution,37,16,21
Soana,alexstrasza,1234,paladin,retribution,89,53,36
Noitra,azralon,1234,paladin,retribution,27,14,13
Balster,moon-guard,1234,paladin,retribution,97,45,52
Malicia,malorne,1234,paladin,retribution,42,19,23
Strattaltork,ragnaros,1234,paladin,retribution,30,13,17
Nikho,thunderlord,1234,paladin,retribution,30,13,17
Noblelight,saurfang,1233,paladin,retribution,29,17,12
Thorsenâ,sargeras,1232,paladin,retribution,39,23,16
Savethejelly,moon-guard,1232,paladin,retribution,30,13,17
Eljefee,emerald-dream,1232,paladin,retribution,41,16,25
Eyecandý,tichondrius,1232,paladin,retribution,36,13,23
Pasterõ,ragnaros,1231,paladin,retribution,28,16,12
Shusekki,drakkari,1231,paladin,retribution,117,58,59
Pìerre,ragnaros,1231,paladin,retribution,140,69,71
Ôdenswrath,stormscale,1231,paladin,retribution,98,45,53
Irand,area-52,1231,paladin,retribution,67,26,41
Darksaint,hellscream,1230,paladin,retribution,24,13,11
Hodne,blackhand,1230,paladin,retribution,67,33,34
Uunjaaku,kiljaeden,1230,paladin,retribution,45,22,23
Pengideath,barthilas,1230,paladin,retribution,36,17,19
Dragomnnm,stormrage,1230,paladin,retribution,34,14,20
Tyelca,zuljin,1229,paladin,retribution,31,14,17
Yoash,quelthalas,1229,paladin,retribution,30,13,17
Soopadupa,trollbane,1228,paladin,retribution,80,44,36
Goodguy,tichondrius,1228,paladin,retribution,28,15,13
Gamber,frostmourne,1228,paladin,retribution,63,30,33
Featscrows,nemesis,1228,paladin,retribution,48,20,28
Veguê,ragnaros,1228,paladin,retribution,36,15,21
Uhklathel,quelthalas,1228,paladin,retribution,63,25,38
Heindallr,nemesis,1227,paladin,retribution,60,28,32
Alberich,tichondrius,1227,paladin,retribution,64,29,35
Forged,steamwheedle-cartel,1227,paladin,retribution,135,56,79
ßlððdyßðnez,malganis,1226,paladin,retribution,42,21,21
Holyshoc,kiljaeden,1225,paladin,retribution,74,37,37
Haawkala,ragnaros,1225,paladin,retribution,30,13,17
Misskilljoy,proudmoore,1225,paladin,retribution,30,13,17
Linias,quelthalas,1224,paladin,retribution,39,22,17
Hellcallerl,quelthalas,1224,paladin,retribution,24,13,11
Trainstorm,emerald-dream,1224,paladin,retribution,60,27,33
Heälmeñow,tichondrius,1224,paladin,retribution,30,13,17
Amarith,queldorei,1224,paladin,retribution,76,31,45
Thanatiel,area-52,1223,paladin,retribution,83,50,33
Skelà,sargeras,1223,paladin,retribution,24,13,11
Krawmwell,lothar,1223,paladin,retribution,120,64,56
Tonnerre,silvermoon,1223,paladin,retribution,72,33,39
Ekyu,sargeras,1222,paladin,retribution,25,15,10
Pappablanco,stormrage,1222,paladin,retribution,24,14,10
Reaslovak,jubeithos,1222,paladin,retribution,24,13,11
Lungjuice,stormrage,1222,paladin,retribution,53,21,32
Unsung,stormreaver,1221,paladin,retribution,71,36,35
Karimpro,emerald-dream,1221,paladin,retribution,50,20,30
Vick,zuljin,1220,paladin,retribution,24,15,9
Holyvitamins,barthilas,1220,paladin,retribution,36,22,14
Areaky,khazgoroth,1220,paladin,retribution,44,25,19
Divinadin,stormrage,1220,paladin,retribution,48,23,25
Imrahilaf,korialstrasz,1220,paladin,retribution,36,13,23
Deftonia,stormrage,1218,paladin,retribution,80,38,42
Uglymugz,area-52,1218,paladin,retribution,37,16,21
Marshman,kelthuzad,1217,paladin,retribution,30,17,13
Redeviliu,tichondrius,1217,paladin,retribution,41,15,26
Botïs,sargeras,1215,paladin,retribution,57,33,24
Souiler,thunderlord,1215,paladin,retribution,31,16,15
Ròwdy,area-52,1214,paladin,retribution,23,13,10
Headsmusha,emerald-dream,1214,paladin,retribution,34,16,18
Holladrik,frostmourne,1214,paladin,retribution,54,21,33
Madalynn,quelthalas,1213,paladin,retribution,60,24,36
Páláx,stormrage,1212,paladin,retribution,57,26,31
Iamurpal,hakkar,1211,paladin,retribution,23,13,10
Gloryana,arthas,1211,paladin,retribution,24,13,11
Àpolo,stormrage,1211,paladin,retribution,30,13,17
Throwable,illidan,1211,paladin,retribution,76,30,46
Imposstopzc,chogall,1210,paladin,retribution,147,71,76
Wrath,frostmourne,1210,paladin,retribution,31,14,17
Moobroken,shadowsong,1210,paladin,retribution,37,14,23
Armstrongz,bleeding-hollow,1210,paladin,retribution,36,13,23
Ghøjan,malganis,1208,paladin,retribution,35,21,14
Xupalaa,azralon,1208,paladin,retribution,50,26,24
Atrayeus,dawnbringer,1208,paladin,retribution,78,33,45
Gwendolyynn,moon-guard,1206,paladin,retribution,40,24,16
Longinus,eredar,1206,paladin,retribution,24,13,11
Noskill,moonrunner,1205,paladin,retribution,54,33,21
Bubbleöseven,agamaggan,1205,paladin,retribution,57,27,30
Skankysocks,tichondrius,1204,paladin,retribution,24,14,10
Hibrael,azralon,1204,paladin,retribution,62,35,27
Wexting,ragnaros,1204,paladin,retribution,47,22,25
Johnyfresh,jubeithos,1204,paladin,retribution,73,34,39
Rohad,thrall,1204,paladin,retribution,32,14,18
Snowcrest,cenarius,1204,paladin,retribution,88,38,50
Yenkmeilleur,zuljin,1202,paladin,retribution,30,17,13
Toogud,moon-guard,1202,paladin,retribution,55,26,29
Hellhawk,hellscream,1202,paladin,retribution,51,24,27
Webby,azjolnerub,1202,paladin,retribution,44,20,24
Rinneblack,ragnaros,1202,paladin,retribution,39,16,23
Winbott,sargeras,1202,paladin,retribution,42,13,29
Stõnêdpimp,agamaggan,1201,paladin,retribution,29,13,16
Fogonaventa,nemesis,1201,paladin,retribution,72,26,46
Pristinne,darkspear,1200,paladin,retribution,88,36,52
Sturka,illidan,1199,paladin,retribution,60,29,31
Oathden,area-52,1198,paladin,retribution,34,18,16
Avelane,caelestrasz,1198,paladin,retribution,94,45,49
Laburrito,darkspear,1198,paladin,retribution,66,30,36
Holyhali,zuljin,1198,paladin,retribution,29,13,16
Finishearlyx,kelthuzad,1198,paladin,retribution,35,13,22
Thørîm,nazjatar,1197,paladin,retribution,42,19,23
Popwingzz,sargeras,1197,paladin,retribution,80,31,49
Ergeboxito,quelthalas,1196,paladin,retribution,36,22,14
Rebukezz,dalaran,1196,paladin,retribution,29,13,16
Pugu,malfurion,1194,paladin,retribution,54,25,29
Lucigiorna,stormrage,1194,paladin,retribution,80,37,43
Urukap,goldrinn,1194,paladin,retribution,29,13,16
Strobeyjr,tichondrius,1194,paladin,retribution,30,13,17
Xanamun,magtheridon,1194,paladin,retribution,30,13,17
Virrata,tichondrius,1193,paladin,retribution,26,14,12
Gilmax,emerald-dream,1193,paladin,retribution,49,26,23
Hoodlumz,kiljaeden,1192,paladin,retribution,24,13,11
Pikatripa,quelthalas,1192,paladin,retribution,38,17,21
Siranvil,silver-hand,1192,paladin,retribution,36,16,20
Noblearthur,feathermoon,1190,paladin,retribution,24,15,9
Unicochori,drakkari,1190,paladin,retribution,35,17,18
Dinpal,tichondrius,1190,paladin,retribution,36,13,23
Evact,moon-guard,1188,paladin,retribution,97,47,50
Morddrohung,hyjal,1186,paladin,retribution,30,20,10
Conámi,ragnaros,1186,paladin,retribution,24,13,11
Reptaur,bleeding-hollow,1185,paladin,retribution,64,31,33
Irantir,drakkari,1185,paladin,retribution,162,75,87
Holydeathx,magtheridon,1183,paladin,retribution,38,15,23
Holycower,tichondrius,1182,paladin,retribution,24,15,9
Eetswaz,frostmourne,1180,paladin,retribution,44,23,21
Reivilly,azralon,1180,paladin,retribution,36,18,18
Dsio,bleeding-hollow,1180,paladin,retribution,34,13,21
Beastyone,tichondrius,1179,paladin,retribution,146,74,72
Iammj,skywall,1178,paladin,retribution,21,14,7
Jerseÿ,sargeras,1176,paladin,retribution,39,18,21
Cederas,sargeras,1175,paladin,retribution,60,30,30
Soledad,tichondrius,1175,paladin,retribution,36,16,20
Basstian,bleeding-hollow,1174,paladin,retribution,100,40,60
Lunchboxpaly,stormrage,1173,paladin,retribution,23,13,10
Sathras,madoran,1172,paladin,retribution,26,13,13
Scudstock,tichondrius,1171,paladin,retribution,77,38,39
Rediems,drakkari,1171,paladin,retribution,48,23,25
Crosshammer,quelthalas,1170,paladin,retribution,42,20,22
Souljahgirl,demon-soul,1168,paladin,retribution,42,18,24
Sandicang,azuremyst,1166,paladin,retribution,84,44,40
Azëitona,azralon,1164,paladin,retribution,72,31,41
Gys,ragnaros,1163,paladin,retribution,88,42,46
Galaxahan,bonechewer,1163,paladin,retribution,89,39,50
Solomonss,frostmourne,1163,paladin,retribution,58,21,37
Suncrashkid,nerzhul,1161,paladin,retribution,181,97,84
Thaly,shadowmoon,1161,paladin,retribution,49,20,29
Lumberjack,bloodhoof,1160,paladin,retribution,58,21,37
Draerys,drakkari,1159,paladin,retribution,36,26,10
Follower,sargeras,1156,paladin,retribution,95,41,54
Thorsmites,sargeras,1156,paladin,retribution,60,23,37
Anbor,azralon,1154,paladin,retribution,28,13,15
Furylolx,tichondrius,1152,paladin,retribution,18,12,6
Greatwyrm,illidan,1152,paladin,retribution,18,12,6
Huavi,tichondrius,1152,paladin,retribution,18,12,6
Critwink,illidan,1152,paladin,retribution,21,12,9
Wonpai,frostmourne,1152,paladin,retribution,24,12,12
Zoroastrø,azralon,1152,paladin,retribution,24,12,12
Pique,malganis,1152,paladin,retribution,24,12,12
Jivvy,eredar,1152,paladin,retribution,30,12,18
Cöjax,dalaran,1151,paladin,retribution,18,12,6
Retwarbye,tichondrius,1151,paladin,retribution,18,12,6
Brotherjon,stormrage,1151,paladin,retribution,18,12,6
Bainn,nerzhul,1151,paladin,retribution,67,41,26
Cutebtw,zuljin,1151,paladin,retribution,22,13,9
Pleasureman,gallywix,1151,paladin,retribution,54,30,24
Talions,illidan,1151,paladin,retribution,24,12,12
Torosagrado,drakkari,1151,paladin,retribution,24,12,12
Retsupreme,tichondrius,1151,paladin,retribution,24,12,12
ßrittany,gnomeregan,1151,paladin,retribution,24,12,12
Füriøsa,quelthalas,1151,paladin,retribution,78,36,42
Fâmed,tichondrius,1151,paladin,retribution,30,12,18
Dragynfist,malganis,1151,paladin,retribution,30,12,18
Softmograne,tichondrius,1151,paladin,retribution,30,12,18
Geospawn,tichondrius,1151,paladin,retribution,30,12,18
Dynamism,frostmourne,1151,paladin,retribution,30,12,18
Goldmembër,malganis,1151,paladin,retribution,36,12,24
Alvinsane,proudmoore,1150,paladin,retribution,24,12,12
Licestr,lightbringer,1150,paladin,retribution,24,12,12
Trinade,stormrage,1150,paladin,retribution,30,12,18
Kelleybelly,black-dragonflight,1150,paladin,retribution,34,13,21
Thirtyfivemm,area-52,1149,paladin,retribution,82,42,40
Vaaga,quelthalas,1149,paladin,retribution,24,12,12
Volcathos,moon-guard,1149,paladin,retribution,24,12,12
Kipow,proudmoore,1149,paladin,retribution,27,13,14
Saffuki,frostmourne,1149,paladin,retribution,30,12,18
Retosterone,stormrage,1149,paladin,retribution,30,12,18
Meditaté,emerald-dream,1148,paladin,retribution,18,12,6
Locustknight,illidan,1148,paladin,retribution,24,12,12
Daukan,quelthalas,1148,paladin,retribution,24,12,12
Bigdpally,frostmourne,1148,paladin,retribution,36,12,24
Warspite,caelestrasz,1147,paladin,retribution,20,14,6
Rickadin,bleeding-hollow,1147,paladin,retribution,22,13,9
Pocacoco,azralon,1147,paladin,retribution,22,13,9
Dontsleep,magtheridon,1147,paladin,retribution,24,12,12
Arkoth,kelthuzad,1147,paladin,retribution,24,12,12
Smudgexy,frostmourne,1147,paladin,retribution,30,12,18
Saifollah,area-52,1147,paladin,retribution,36,12,24
Marhaus,emerald-dream,1146,paladin,retribution,24,12,12
Ireckon,stormrage,1146,paladin,retribution,24,12,12
Mongerr,drakkari,1146,paladin,retribution,24,12,12
Mikehawkhuge,area-52,1146,paladin,retribution,66,29,37
Adathan,ghostlands,1146,paladin,retribution,30,12,18
Gingibeno,tichondrius,1146,paladin,retribution,36,12,24
Jamoorino,frostmourne,1145,paladin,retribution,18,12,6
Cathode,area-52,1145,paladin,retribution,24,12,12
Mateeka,malganis,1145,paladin,retribution,30,12,18
Hailsatans,ragnaros,1145,paladin,retribution,31,12,19
Thadrian,nazgrel,1144,paladin,retribution,24,12,12
Deadpoolman,emerald-dream,1144,paladin,retribution,24,12,12
Bigblackbull,whisperwind,1144,paladin,retribution,24,12,12
Rehtua,bleeding-hollow,1144,paladin,retribution,48,22,26
Ðreschí,ragnaros,1144,paladin,retribution,28,12,16
Riggen,thrall,1144,paladin,retribution,30,12,18
Lightshope,coilfang,1143,paladin,retribution,18,12,6
Elbigboy,tichondrius,1143,paladin,retribution,101,51,50
Joeseph,stormrage,1143,paladin,retribution,30,12,18
Seongje,tichondrius,1143,paladin,retribution,39,13,26
Thal,silvermoon,1142,paladin,retribution,42,21,21
Oniizuna,thrall,1142,paladin,retribution,24,12,12
Chopsparks,khadgar,1142,paladin,retribution,84,33,51
Swiftxheal,stormrage,1141,paladin,retribution,24,12,12
Beachyo,tichondrius,1140,paladin,retribution,18,12,6
Schnabdain,exodar,1140,paladin,retribution,78,41,37
Atreuss,moon-guard,1139,paladin,retribution,60,34,26
Athenax,area-52,1139,paladin,retribution,24,12,12
Àmárìs,tichondrius,1139,paladin,retribution,33,15,18
Rektodin,tichondrius,1139,paladin,retribution,30,12,18
Victidin,quelthalas,1138,paladin,retribution,24,12,12
Gläd,tichondrius,1137,paladin,retribution,18,12,6
Brahion,icecrown,1137,paladin,retribution,62,33,29
Sarkorius,moon-guard,1137,paladin,retribution,24,12,12
Olsen,stormrage,1137,paladin,retribution,24,12,12
Mágna,illidan,1137,paladin,retribution,24,12,12
Gavrill,thrall,1137,paladin,retribution,30,13,17
Narcolepso,azralon,1137,paladin,retribution,30,12,18
Eldirn,bleeding-hollow,1136,paladin,retribution,30,17,13
Drekgor,drakkari,1136,paladin,retribution,42,21,21
Holygerp,darrowmere,1135,paladin,retribution,36,21,15
Soyafed,mugthol,1135,paladin,retribution,58,30,28
Vejita,frostmourne,1135,paladin,retribution,24,12,12
Vynlorderan,area-52,1134,paladin,retribution,24,12,12
Scyni,kelthuzad,1134,paladin,retribution,37,15,22
Ranthoril,hydraxis,1133,paladin,retribution,15,13,2
Zuezz,korialstrasz,1133,paladin,retribution,36,17,19
Vanillur,tichondrius,1133,paladin,retribution,67,31,36
Netguru,ragnaros,1133,paladin,retribution,30,12,18
Camcam,thrall,1132,paladin,retribution,21,13,8
Meltedcheese,destromath,1132,paladin,retribution,30,15,15
Ðß,arthas,1132,paladin,retribution,30,13,17
Jeinova,barthilas,1131,paladin,retribution,129,73,56
Ringout,tichondrius,1131,paladin,retribution,24,12,12
Dynamais,barthilas,1131,paladin,retribution,72,28,44
Nuisances,illidan,1130,paladin,retribution,42,27,15
Joelanson,blood-furnace,1130,paladin,retribution,54,29,25
Jdn,ysera,1130,paladin,retribution,60,29,31
Stépz,frostmourne,1130,paladin,retribution,30,12,18
Holyfunsack,frostmourne,1129,paladin,retribution,30,18,12
Stepurgameup,ghostlands,1128,paladin,retribution,54,29,25
Arun,arthas,1128,paladin,retribution,33,15,18
Ducii,stormrage,1126,paladin,retribution,46,22,24
Goldfînger,zuljin,1126,paladin,retribution,36,14,22
Sparkchaser,proudmoore,1125,paladin,retribution,24,12,12
Newerlight,tichondrius,1124,paladin,retribution,25,13,12
Piojopaladin,quelthalas,1123,paladin,retribution,37,18,19
Palavittar,azralon,1122,paladin,retribution,23,13,10
Aladid,aggramar,1121,paladin,retribution,77,43,34
Darkknes,quelthalas,1121,paladin,retribution,52,26,26
Wilmâ,ragnaros,1121,paladin,retribution,61,24,37
Beskar,shadow-council,1119,paladin,retribution,30,22,8
Cheesetitan,tichondrius,1119,paladin,retribution,91,42,49
Shadowarius,aerie-peak,1118,paladin,retribution,102,48,54
Baloria,stormrage,1117,paladin,retribution,22,12,10
Necrodar,ragnaros,1116,paladin,retribution,26,16,10
Zaklehblue,daggerspine,1116,paladin,retribution,114,51,63
Epòc,frostmourne,1116,paladin,retribution,32,13,19
Deathwyz,thunderlord,1116,paladin,retribution,36,14,22
Xcream,nemesis,1116,paladin,retribution,38,13,25
Statícx,ragnaros,1115,paladin,retribution,133,58,75
Hashmaal,tichondrius,1114,paladin,retribution,60,29,31
Adelsman,quelthalas,1113,paladin,retribution,30,14,16
Barbaluzz,quelthalas,1112,paladin,retribution,64,31,33
Charopiinho,azralon,1111,paladin,retribution,42,15,27
Volorick,dalaran,1109,paladin,retribution,56,24,32
Drágons,stormrage,1109,paladin,retribution,72,30,42
Jinfandi,gurubashi,1108,paladin,retribution,72,33,39
Pardan,tichondrius,1106,paladin,retribution,24,12,12
Greatgirthy,hyjal,1106,paladin,retribution,30,13,17
Haiyaa,frostwolf,1106,paladin,retribution,72,27,45
Brightfire,dawnbringer,1103,paladin,retribution,54,23,31
Gtate,azjolnerub,1102,paladin,retribution,23,12,11
Decareos,tichondrius,1102,paladin,retribution,29,12,17
Valizon,hellscream,1102,paladin,retribution,72,25,47
Perallta,tichondrius,1101,paladin,retribution,27,14,13
Streetsaint,frostmourne,1101,paladin,retribution,78,38,40
Aowynd,tichondrius,1100,paladin,retribution,103,51,52
Jswyrm,quelthalas,1100,paladin,retribution,50,15,35
Diablosgrim,stormrage,1099,paladin,retribution,36,24,12
Pallydin,smolderthorn,1099,paladin,retribution,48,24,24
Rcon,khadgar,1099,paladin,retribution,33,16,17
Gämä,azralon,1099,paladin,retribution,36,16,20
Báro,quelthalas,1098,paladin,retribution,30,20,10
Kaysonso,thunderlord,1098,paladin,retribution,61,22,39
Soukaa,illidan,1097,paladin,retribution,23,12,11
Gorgrand,gorgonnash,1097,paladin,retribution,39,14,25
Savagefck,sargeras,1096,paladin,retribution,35,20,15
Lucifuge,twisting-nether,1095,paladin,retribution,18,12,6
Holyzeen,darkspear,1095,paladin,retribution,34,22,12
Krønos,nordrassil,1095,paladin,retribution,64,29,35
Rétribution,farstriders,1094,paladin,retribution,52,24,28
Riggar,uther,1094,paladin,retribution,77,31,46
Kittylickers,tichondrius,1092,paladin,retribution,108,56,52
Mybadfoo,lethon,1091,paladin,retribution,24,15,9
Hølydiver,rivendare,1091,paladin,retribution,40,18,22
Omenix,laughing-skull,1091,paladin,retribution,29,12,17
Reinhardburm,quelthalas,1090,paladin,retribution,35,12,23
Mcbraín,quelthalas,1089,paladin,retribution,30,12,18
Alairius,tichondrius,1087,paladin,retribution,23,15,8
Killumminati,tichondrius,1087,paladin,retribution,21,13,8
Sanctïon,bleeding-hollow,1085,paladin,retribution,23,12,11
Salvations,queldorei,1085,paladin,retribution,60,30,30
Bubblegums,nagrand,1084,paladin,retribution,69,39,30
Narthres,drakkari,1083,paladin,retribution,34,12,22
Wyon,stormrage,1082,paladin,retribution,23,12,11
Slar,emerald-dream,1082,paladin,retribution,30,13,17
Mandragor,borean-tundra,1080,paladin,retribution,102,52,50
Eliasor,illidan,1077,paladin,retribution,18,13,5
Lízandor,ragnaros,1077,paladin,retribution,17,12,5
Phankro,quelthalas,1077,paladin,retribution,24,13,11
Durothar,dalaran,1077,paladin,retribution,60,30,30
Warswordz,stormrage,1077,paladin,retribution,40,16,24
Clefairy,arathor,1076,paladin,retribution,39,23,16
Caitlyn,nazjatar,1076,paladin,retribution,36,20,16
Missoutale,aerie-peak,1074,paladin,retribution,88,38,50
Jonsnou,tol-barad,1074,paladin,retribution,36,14,22
Zorkus,turalyon,1073,paladin,retribution,42,22,20
Trappadin,sargeras,1073,paladin,retribution,47,22,25
Kaidao,black-dragonflight,1073,paladin,retribution,29,13,16
Romonite,bleeding-hollow,1069,paladin,retribution,35,12,23
Dreadain,gilneas,1068,paladin,retribution,30,12,18
Vengecide,proudmoore,1065,paladin,retribution,42,26,16
Heiinneken,tichondrius,1065,paladin,retribution,20,12,8
Zela,ghostlands,1065,paladin,retribution,29,12,17
Rspect,trollbane,1062,paladin,retribution,17,12,5
Anyatay,ragnaros,1060,paladin,retribution,77,28,49
Andras,emerald-dream,1059,paladin,retribution,22,12,10
Dweezill,daggerspine,1059,paladin,retribution,28,14,14
Lessera,tichondrius,1057,paladin,retribution,26,12,14
Bdssp,stormrage,1056,paladin,retribution,18,11,7
Pals,bronzebeard,1056,paladin,retribution,18,11,7
Mashy,moon-guard,1056,paladin,retribution,24,11,13
Imcjq,tichondrius,1056,paladin,retribution,24,11,13
Tiduz,tichondrius,1056,paladin,retribution,24,11,13
Hardnow,emerald-dream,1056,paladin,retribution,24,11,13
Ålltimer,stormrage,1056,paladin,retribution,24,11,13
Siq,arthas,1056,paladin,retribution,30,11,19
Wogharder,stormrage,1056,paladin,retribution,30,11,19
Ärlex,moon-guard,1055,paladin,retribution,21,12,9
Funk,sargeras,1055,paladin,retribution,24,11,13
Sóláris,moon-guard,1055,paladin,retribution,24,11,13
Ripsader,stormrage,1055,paladin,retribution,24,11,13
Jakkatähn,malganis,1055,paladin,retribution,24,11,13
Thrandeill,bleeding-hollow,1055,paladin,retribution,24,11,13
Koreancannon,tichondrius,1055,paladin,retribution,27,12,15
Pugnacity,stormrage,1055,paladin,retribution,30,11,19
Júdgedredd,illidan,1055,paladin,retribution,36,11,25
Hrota,laughing-skull,1054,paladin,retribution,18,11,7
Ghostdik,ghostlands,1054,paladin,retribution,18,11,7
Noxcy,area-52,1054,paladin,retribution,18,11,7
Grimven,stormrage,1054,paladin,retribution,18,11,7
Telvannî,sargeras,1054,paladin,retribution,24,11,13
Arena,mannoroth,1054,paladin,retribution,24,11,13
Antarez,ragnaros,1054,paladin,retribution,24,11,13
Jeralldo,ragnaros,1054,paladin,retribution,24,11,13
Restarting,tichondrius,1054,paladin,retribution,24,11,13
Protarena,zuljin,1054,paladin,retribution,24,11,13
Alexanderrex,illidan,1054,paladin,retribution,31,12,19
Theehopper,shandris,1054,paladin,retribution,30,11,19
Varaben,sargeras,1054,paladin,retribution,36,11,25
Holyåvenger,thunderhorn,1053,paladin,retribution,18,11,7
Divineknight,moonrunner,1053,paladin,retribution,24,11,13
Proctrlx,tichondrius,1053,paladin,retribution,24,11,13
Yedema,tichondrius,1053,paladin,retribution,24,11,13
Vincible,illidan,1053,paladin,retribution,24,11,13
Dithfeo,tichondrius,1053,paladin,retribution,30,11,19
Zrkoria,ragnaros,1053,paladin,retribution,40,12,28
Invictus,onyxia,1052,paladin,retribution,18,11,7
Vynesonia,emerald-dream,1052,paladin,retribution,21,12,9
Vorne,tortheldrin,1052,paladin,retribution,25,11,14
Supercutee,malganis,1052,paladin,retribution,36,11,25
Iesous,kiljaeden,1051,paladin,retribution,18,11,7
Exulta,illidan,1051,paladin,retribution,60,32,28
Daeriius,moon-guard,1051,paladin,retribution,24,11,13
Dominance,blackrock,1051,paladin,retribution,24,11,13
Holyplaise,tichondrius,1051,paladin,retribution,24,11,13
Sleekz,moon-guard,1051,paladin,retribution,24,11,13
Hermacles,stormrage,1051,paladin,retribution,25,11,14
Caonizumu,area-52,1051,paladin,retribution,30,11,19
Vankaer,uldum,1050,paladin,retribution,18,11,7
Supramario,dragonmaw,1050,paladin,retribution,24,11,13
Kaélthas,eonar,1050,paladin,retribution,24,11,13
Cøkezero,barthilas,1050,paladin,retribution,24,11,13
Pldd,tichondrius,1050,paladin,retribution,106,46,60
Maelificus,aggramar,1050,paladin,retribution,30,11,19
Ardriel,nemesis,1050,paladin,retribution,30,11,19
Freÿdis,tichondrius,1049,paladin,retribution,18,11,7
Dillysdilly,zuljin,1049,paladin,retribution,18,11,7
Ødin,turalyon,1049,paladin,retribution,18,11,7
Tharkeves,cenarius,1049,paladin,retribution,28,13,15
Amlovích,quelthalas,1049,paladin,retribution,24,11,13
Mangguo,tichondrius,1049,paladin,retribution,24,11,13
Wingalings,malganis,1049,paladin,retribution,28,12,16
Morghelm,stormrage,1048,paladin,retribution,12,11,1
Lïgma,dalaran,1048,paladin,retribution,18,11,7
Jajabola,zuljin,1048,paladin,retribution,24,11,13
Teewrecks,frostmourne,1048,paladin,retribution,30,11,19
Dorka,illidan,1048,paladin,retribution,30,11,19
Trodos,quelthalas,1047,paladin,retribution,18,12,6
Everyni,area-52,1047,paladin,retribution,18,11,7
Checkeettpal,sargeras,1047,paladin,retribution,24,11,13
Grim,eonar,1047,paladin,retribution,24,11,13
Pickypally,moon-guard,1046,paladin,retribution,55,30,25
Lunchboxz,nazjatar,1046,paladin,retribution,24,11,13
Aubielynn,malygos,1046,paladin,retribution,24,11,13
Dévour,dalaran,1046,paladin,retribution,30,11,19
Flashbang,nazgrel,1046,paladin,retribution,30,11,19
Doogo,cenarius,1045,paladin,retribution,18,11,7
Chilenoman,ragnaros,1045,paladin,retribution,54,25,29
Kènjii,sargeras,1044,paladin,retribution,40,20,20
Grimhammer,the-scryers,1044,paladin,retribution,75,36,39
Billnighy,alleria,1044,paladin,retribution,84,39,45
Rensvall,frostmourne,1043,paladin,retribution,24,13,11
Sanguiniius,stormrage,1043,paladin,retribution,24,11,13
Berthalas,stormrage,1042,paladin,retribution,18,11,7
Biblestomp,laughing-skull,1042,paladin,retribution,18,11,7
Pallyjs,anetheron,1042,paladin,retribution,18,11,7
Brocolinî,zuljin,1042,paladin,retribution,24,11,13
Serefin,barthilas,1042,paladin,retribution,30,11,19
Gotbrogurt,hyjal,1042,paladin,retribution,39,14,25
Ilumine,mannoroth,1041,paladin,retribution,24,11,13
Pittypally,bleeding-hollow,1038,paladin,retribution,25,11,14
Wasimodo,emerald-dream,1037,paladin,retribution,90,43,47
Mòse,emerald-dream,1037,paladin,retribution,24,11,13
Damorte,ragnaros,1037,paladin,retribution,57,25,32
Kehgs,sargeras,1037,paladin,retribution,78,32,46
Oraborra,area-52,1034,paladin,retribution,108,44,64
Mortika,frostmourne,1033,paladin,retribution,36,17,19
Kryzshine,frostmourne,1030,paladin,retribution,18,11,7
Vanaris,blackrock,1030,paladin,retribution,45,24,21
Vinjonc,drenden,1030,paladin,retribution,66,35,31
Disconnect,azjolnerub,1029,paladin,retribution,36,11,25
Língnafòx,tichondrius,1027,paladin,retribution,20,13,7
Driuling,frostmourne,1027,paladin,retribution,111,46,65
Micurs,hyjal,1027,paladin,retribution,36,11,25
Bradoxx,thorium-brotherhood,1026,paladin,retribution,106,53,53
Leennoox,quelthalas,1025,paladin,retribution,50,24,26
Appolas,shattered-hand,1024,paladin,retribution,24,13,11
Kapaw,windrunner,1023,paladin,retribution,24,12,12
Bullpaladin,barthilas,1023,paladin,retribution,23,11,12
Leyon,alterac-mountains,1022,paladin,retribution,24,12,12
Retartin,kelthuzad,1021,paladin,retribution,26,12,14
Moraxeus,gundrak,1020,paladin,retribution,18,11,7
Theseuus,stormrage,1020,paladin,retribution,60,27,33
Wunderbread,dalaran,1020,paladin,retribution,29,11,18
Xhotbutters,korgath,1019,paladin,retribution,43,22,21
Furnost,drenden,1019,paladin,retribution,23,11,12
Exorcìst,barthilas,1019,paladin,retribution,23,11,12
Millicentt,quelthalas,1017,paladin,retribution,29,13,16
Saamuus,quelthalas,1017,paladin,retribution,77,29,48
Kegmight,emerald-dream,1016,paladin,retribution,107,42,65
Freewilly,illidan,1016,paladin,retribution,29,11,18
Sponce,kirin-tor,1015,paladin,retribution,42,11,31
Sisterbubble,dathremar,1013,paladin,retribution,29,11,18
Dirtfunk,illidan,1011,paladin,retribution,48,18,30
Nejie,nazjatar,1009,paladin,retribution,42,21,21
Tuff,ysera,1008,paladin,retribution,36,21,15
Nikanikanomi,tichondrius,1007,paladin,retribution,35,20,15
Judgingu,proudmoore,1006,paladin,retribution,27,11,16
Pappábear,tichondrius,1005,paladin,retribution,32,17,15
Loween,thunderlord,1005,paladin,retribution,60,25,35
Astralweed,quelthalas,1000,paladin,retribution,97,37,60
Smithulu,kelthuzad,997,paladin,retribution,45,24,21
Retgasm,drakthul,997,paladin,retribution,22,11,11
Tacoroll,tichondrius,997,paladin,retribution,42,12,30
Cuthroat,area-52,996,paladin,retribution,522,259,263
Tyrswrath,sargeras,992,paladin,retribution,36,19,17
Bigsamtp,laughing-skull,992,paladin,retribution,23,11,12
Kokuryuha,quelthalas,990,paladin,retribution,70,36,34
Iralyn,frostmane,989,paladin,retribution,30,13,17
Ssparkk,stormrage,989,paladin,retribution,35,12,23
Veroth,caelestrasz,988,paladin,retribution,26,11,15
Lêe,dalaran,987,paladin,retribution,15,12,3
Amorimbr,area-52,985,paladin,retribution,29,11,18
Playandrunn,illidan,984,paladin,retribution,22,11,11
Willhookah,azralon,982,paladin,retribution,60,26,34
Fenfrineflo,azralon,978,paladin,retribution,48,14,34
Keu,emerald-dream,977,paladin,retribution,75,31,44
Zentrick,whisperwind,976,paladin,retribution,89,42,47
Kpopsicle,frostmourne,974,paladin,retribution,17,11,6
Hammerhitter,lightbringer,972,paladin,retribution,36,14,22
Bigfkndam,dathremar,960,paladin,retribution,12,10,2
Cès,tichondrius,960,paladin,retribution,12,10,2
Bootboi,thrall,960,paladin,retribution,18,10,8
Èmmà,stormrage,960,paladin,retribution,18,10,8
Khanid,emerald-dream,960,paladin,retribution,18,10,8
Hyphenated,frostmourne,960,paladin,retribution,18,10,8
Eloinflated,malganis,960,paladin,retribution,18,10,8
Meridional,tichondrius,960,paladin,retribution,18,10,8
Emiaru,illidan,960,paladin,retribution,22,11,11
Fumaçaa,nemesis,960,paladin,retribution,27,13,14
Bolidan,terokkar,960,paladin,retribution,24,11,13
Gripadin,tichondrius,960,paladin,retribution,24,10,14
Miketavius,moon-guard,960,paladin,retribution,24,10,14
Friendfriend,proudmoore,960,paladin,retribution,24,10,14
Nugnasty,korialstrasz,960,paladin,retribution,24,10,14
Komonai,illidan,960,paladin,retribution,24,10,14
Layson,uldum,960,paladin,retribution,24,10,14
Dillionharpr,quelthalas,960,paladin,retribution,24,10,14
Legèndaïry,tichondrius,960,paladin,retribution,24,10,14
Ohmyglob,bleeding-hollow,960,paladin,retribution,24,10,14
Alodor,dalaran,960,paladin,retribution,24,10,14
Porxhux,tichondrius,960,paladin,retribution,24,10,14
Retgodxo,tichondrius,960,paladin,retribution,25,10,15
Cupcaked,blackrock,960,paladin,retribution,29,10,19
Gompa,bleeding-hollow,960,paladin,retribution,30,10,20
Laurenlight,tichondrius,960,paladin,retribution,36,10,26
Jùnmå,tichondrius,959,paladin,retribution,12,10,2
Kaydenkross,azralon,959,paladin,retribution,18,11,7
Lyghts,darkspear,959,paladin,retribution,18,10,8
Daeyang,tichondrius,959,paladin,retribution,18,10,8
Lawzaddy,tichondrius,959,paladin,retribution,18,10,8
Kayaman,tichondrius,959,paladin,retribution,18,10,8
Lightsheart,lightbringer,959,paladin,retribution,18,10,8
Uprisen,daggerspine,959,paladin,retribution,18,10,8
Astraelon,bleeding-hollow,959,paladin,retribution,18,10,8
Kaetix,frostmourne,959,paladin,retribution,18,10,8
Yugawn,maiev,959,paladin,retribution,18,10,8
Andriaana,moon-guard,959,paladin,retribution,18,10,8
Roddaric,nerzhul,959,paladin,retribution,24,10,14
Bruxx,twisting-nether,959,paladin,retribution,24,10,14
Zetka,tichondrius,959,paladin,retribution,24,10,14
Tazanian,aegwynn,959,paladin,retribution,24,10,14
Déathkiing,area-52,959,paladin,retribution,24,10,14
Onixx,kargath,959,paladin,retribution,30,10,20
Digider,area-52,959,paladin,retribution,36,10,26
Lilsquirt,proudmoore,958,paladin,retribution,29,19,10
Kegman,thrall,958,paladin,retribution,18,10,8
Svenn,eredar,958,paladin,retribution,18,10,8
Bovinestorm,ragnaros,958,paladin,retribution,18,10,8
Zyden,hellscream,958,paladin,retribution,18,10,8
Freslys,zuljin,958,paladin,retribution,24,10,14
Solambul,tichondrius,958,paladin,retribution,24,10,14
Benevolént,area-52,958,paladin,retribution,24,10,14
Holyshifts,exodar,958,paladin,retribution,24,10,14
Korranix,sargeras,958,paladin,retribution,28,11,17
Fokatayew,korialstrasz,958,paladin,retribution,30,10,20
Donmi,dalaran,957,paladin,retribution,15,11,4
Pinladin,sargeras,957,paladin,retribution,16,11,5
Retxmack,lightnings-blade,957,paladin,retribution,24,10,14
Vulkaros,azralon,956,paladin,retribution,12,10,2
Vacoro,tichondrius,956,paladin,retribution,18,10,8
Thüridan,azralon,956,paladin,retribution,21,11,10
Ryumi,lightbringer,956,paladin,retribution,24,10,14
Ollyollyawks,bloodscalp,956,paladin,retribution,30,10,20
Elhoj,illidan,955,paladin,retribution,18,10,8
Lightblade,stormrage,955,paladin,retribution,21,11,10
Runscapemain,feathermoon,955,paladin,retribution,22,11,11
Sonicblazer,darrowmere,955,paladin,retribution,24,10,14
Ailo,nemesis,955,paladin,retribution,24,10,14
Flyinpankake,illidan,955,paladin,retribution,24,10,14
Crtinsideyou,skullcrusher,955,paladin,retribution,27,11,16
Ashbrînger,emerald-dream,955,paladin,retribution,30,10,20
Torujo,drakkari,954,paladin,retribution,18,10,8
Cacaine,goldrinn,954,paladin,retribution,21,11,10
Sòl,stormrage,954,paladin,retribution,24,10,14
Tomcat,bladefist,954,paladin,retribution,24,10,14
Kelenis,bonechewer,954,paladin,retribution,24,10,14
Ranknoob,khazgoroth,954,paladin,retribution,24,10,14
Akolo,kelthuzad,954,paladin,retribution,24,10,14
Didymus,boulderfist,954,paladin,retribution,41,17,24
Llght,hydraxis,952,paladin,retribution,18,10,8
Aura,stormreaver,952,paladin,retribution,18,10,8
Exeneyder,elune,952,paladin,retribution,25,10,15
Housemix,gurubashi,951,paladin,retribution,18,12,6
Deathret,stonemaul,951,paladin,retribution,18,10,8
Giancenna,illidan,950,paladin,retribution,18,10,8
Aewein,ragnaros,950,paladin,retribution,23,10,13
Lionag,ragnaros,950,paladin,retribution,24,10,14
Siton,rexxar,946,paladin,retribution,29,11,18
Terroll,bonechewer,943,paladin,retribution,19,10,9
Taego,tichondrius,943,paladin,retribution,29,10,19
Jonnywick,duskwood,942,paladin,retribution,42,19,23
Lailaa,balnazzar,940,paladin,retribution,32,15,17
Alluxian,zuljin,940,paladin,retribution,30,10,20
Aetol,proudmoore,938,paladin,retribution,30,10,20
Hadrianus,azralon,937,paladin,retribution,48,12,36
Sanctum,barthilas,936,paladin,retribution,153,72,81
Palman,frostmourne,931,paladin,retribution,24,10,14
Bigjwpb,illidan,929,paladin,retribution,273,131,142
Drakthorr,tichondrius,928,paladin,retribution,16,11,5
Nerfret,zuljin,926,paladin,retribution,14,11,3
Celerios,stormreaver,926,paladin,retribution,19,11,8
Luluwu,stormrage,926,paladin,retribution,19,10,9
Biggin,garona,924,paladin,retribution,142,54,88
Bukkning,tichondrius,922,paladin,retribution,58,17,41
Pallyoh,moknathal,921,paladin,retribution,41,23,18
Dubaron,burning-blade,918,paladin,retribution,52,28,24
Diësëlsmoke,bronzebeard,917,paladin,retribution,18,10,8
Slædgæhæmmær,bonechewer,917,paladin,retribution,42,13,29
Brandforge,thunderlord,916,paladin,retribution,18,10,8
Goldranger,hakkar,916,paladin,retribution,42,22,20
Avlystein,wyrmrest-accord,914,paladin,retribution,89,29,60
Alpine,nordrassil,911,paladin,retribution,132,64,68
Taéyeon,quelthalas,911,paladin,retribution,21,10,11
Whisk,tichondrius,911,paladin,retribution,21,10,11
Stinaz,quelthalas,911,paladin,retribution,23,10,13
Fiate,azralon,911,paladin,retribution,29,10,19
Rayrunner,tanaris,908,paladin,retribution,30,10,20
Ridethispony,tichondrius,906,paladin,retribution,55,16,39
Toepuller,doomhammer,905,paladin,retribution,72,35,37
Deltajk,drakkari,901,paladin,retribution,54,26,28
Cantbecosby,scilla,900,paladin,retribution,23,10,13
Kilidin,illidan,899,paladin,retribution,21,10,11
Oogablah,wyrmrest-accord,897,paladin,retribution,18,11,7
Denthor,lightbringer,894,paladin,retribution,20,10,10
Reti,ursin,884,paladin,retribution,217,106,111
Releváncé,frostmourne,879,paladin,retribution,33,10,23
Allandaa,frostmourne,878,paladin,retribution,25,10,15
Ulessys,bleeding-hollow,874,paladin,retribution,61,27,34
Murtsza,ragnaros,874,paladin,retribution,68,24,44
Dragollias,anvilmar,874,paladin,retribution,30,10,20
Juang,arthas,866,paladin,retribution,55,24,31
Dønpingøn,ragnaros,864,paladin,retribution,12,9,3
Palagan,frostmourne,864,paladin,retribution,12,9,3
Chrigpal,tichondrius,864,paladin,retribution,12,9,3
Divenelena,sargeras,864,paladin,retribution,12,9,3
Akumasakana,earthen-ring,864,paladin,retribution,12,9,3
Arimae,turalyon,864,paladin,retribution,12,9,3
Naughtygames,area-52,864,paladin,retribution,12,9,3
Skinnipeen,frostmourne,864,paladin,retribution,12,9,3
Notprot,zuljin,864,paladin,retribution,12,9,3
Xandiê,sargeras,864,paladin,retribution,12,9,3
Arukan,ragnaros,864,paladin,retribution,12,9,3
Sonô,sargeras,864,paladin,retribution,12,9,3
Raggnarokk,kelthuzad,864,paladin,retribution,12,9,3
Swegswog,frostmourne,864,paladin,retribution,12,9,3
Slivkoff,wyrmrest-accord,864,paladin,retribution,12,9,3
Mónstër,ragnaros,864,paladin,retribution,18,9,9
Menjo,malganis,864,paladin,retribution,18,9,9
Nite,thrall,864,paladin,retribution,18,9,9
Rockdeath,sargeras,864,paladin,retribution,18,9,9
Wogyu,area-52,864,paladin,retribution,18,9,9
Keelroi,sargeras,864,paladin,retribution,18,9,9
Beefdaddyx,tichondrius,864,paladin,retribution,18,9,9
Zzerox,ragnaros,864,paladin,retribution,18,9,9
Stamptime,emerald-dream,864,paladin,retribution,18,9,9
Crimsonjudge,sargeras,864,paladin,retribution,18,9,9
Strodvarn,proudmoore,864,paladin,retribution,18,9,9
Bigdixss,tichondrius,864,paladin,retribution,18,9,9
Althsar,thunderlord,864,paladin,retribution,26,11,15
Traevel,moon-guard,864,paladin,retribution,24,9,15
Dentonio,illidan,864,paladin,retribution,24,9,15
Manryux,tichondrius,864,paladin,retribution,24,9,15
Bageru,gnomeregan,864,paladin,retribution,24,9,15
Yowanehaku,illidan,864,paladin,retribution,24,9,15
Hulfsark,stormrage,864,paladin,retribution,24,9,15
Saintgeórge,frostmourne,864,paladin,retribution,25,9,16
Goozlight,area-52,864,paladin,retribution,30,9,21
Goldskìn,sargeras,864,paladin,retribution,30,9,21
Veliona,thaurissan,863,paladin,retribution,12,9,3
Beepsmash,executus,863,paladin,retribution,12,9,3
Pallyofhell,area-52,863,paladin,retribution,12,9,3
Zára,eitrigg,863,paladin,retribution,12,9,3
Lenlaar,shadowsong,863,paladin,retribution,12,9,3
Mightymagnus,silvermoon,863,paladin,retribution,12,9,3
Brøcklesnar,sargeras,863,paladin,retribution,12,9,3
Mightythorxx,tichondrius,863,paladin,retribution,12,9,3
Paredes,demon-soul,863,paladin,retribution,18,9,9
Valandur,kelthuzad,863,paladin,retribution,18,9,9
Relsetta,sargeras,863,paladin,retribution,18,9,9
Wideloadphd,malganis,863,paladin,retribution,18,9,9
Wálker,ragnaros,863,paladin,retribution,18,9,9
Nhanless,tichondrius,863,paladin,retribution,18,9,9
Drinkn,kelthuzad,863,paladin,retribution,18,9,9
Holyweaponz,sargeras,863,paladin,retribution,18,9,9
Dreamlightz,tichondrius,863,paladin,retribution,18,9,9
Ltt,dalaran,863,paladin,retribution,18,9,9
Wimans,quelthalas,863,paladin,retribution,18,9,9
Avacii,illidan,863,paladin,retribution,18,9,9
Loraven,wyrmrest-accord,863,paladin,retribution,18,9,9
Hammertime,boulderfist,863,paladin,retribution,18,9,9
Ironprice,tichondrius,863,paladin,retribution,18,9,9
Bolthore,wyrmrest-accord,863,paladin,retribution,18,9,9
Longtai,proudmoore,863,paladin,retribution,18,9,9
Enril,azgalor,863,paladin,retribution,18,9,9
Holysimp,anetheron,863,paladin,retribution,18,9,9
Escanøor,stormrage,863,paladin,retribution,18,9,9
Semamnohands,illidan,863,paladin,retribution,18,9,9
Ahzalon,azralon,863,paladin,retribution,18,9,9
Crazysyco,tichondrius,863,paladin,retribution,18,9,9
Paliwarrior,illidan,863,paladin,retribution,18,9,9
Cratos,nemesis,863,paladin,retribution,18,9,9
Mohrdeth,bonechewer,863,paladin,retribution,18,9,9
Biggbraiin,drakkari,863,paladin,retribution,22,10,12
Aafushou,proudmoore,863,paladin,retribution,24,9,15
Rivzx,tichondrius,863,paladin,retribution,24,9,15
Trevion,malganis,863,paladin,retribution,24,9,15
Nuuska,dalaran,863,paladin,retribution,24,9,15
Amntir,sargeras,863,paladin,retribution,24,9,15
Galadriele,zuljin,863,paladin,retribution,24,9,15
Abregut,ragnaros,863,paladin,retribution,24,9,15
Stricken,kul-tiras,863,paladin,retribution,24,9,15
Thickdam,korgath,863,paladin,retribution,24,9,15
Delvious,proudmoore,863,paladin,retribution,24,9,15
Zippzyx,tichondrius,863,paladin,retribution,24,9,15
Roländ,thrall,863,paladin,retribution,24,9,15
Tenethor,area-52,863,paladin,retribution,30,9,21
Vooz,emerald-dream,863,paladin,retribution,30,9,21
Deddy,malganis,863,paladin,retribution,30,9,21
Ástedór,ragnaros,862,paladin,retribution,12,9,3
Badboí,azralon,862,paladin,retribution,12,9,3
Keiora,sargeras,862,paladin,retribution,12,9,3
Fante,alleria,862,paladin,retribution,16,10,6
Fallenp,hakkar,862,paladin,retribution,18,9,9
Naritan,greymane,862,paladin,retribution,18,9,9
Mhuzz,nemesis,862,paladin,retribution,18,9,9
Aeoliá,moon-guard,862,paladin,retribution,18,9,9
Illëst,stormrage,862,paladin,retribution,18,9,9
Pinelli,aegwynn,862,paladin,retribution,18,9,9
Surrogat,ragnaros,862,paladin,retribution,18,9,9
Rocknpally,icecrown,862,paladin,retribution,18,9,9
Santamuerte,firetree,862,paladin,retribution,18,9,9
Omegaziion,garrosh,862,paladin,retribution,18,9,9
Xlnc,illidan,862,paladin,retribution,18,9,9
Klaro,frostmourne,862,paladin,retribution,18,9,9
Starski,korgath,862,paladin,retribution,24,9,15
Gerian,altar-of-storms,862,paladin,retribution,24,9,15
Boogerred,korialstrasz,862,paladin,retribution,24,9,15
Aidillon,shadowsong,862,paladin,retribution,24,9,15
Moosgo,emerald-dream,862,paladin,retribution,24,9,15
Stevas,khazgoroth,861,paladin,retribution,12,9,3
Kelimir,dathremar,861,paladin,retribution,12,9,3
Loctár,tichondrius,861,paladin,retribution,18,9,9
Kommuna,stormscale,861,paladin,retribution,18,9,9
Aerandír,stormrage,861,paladin,retribution,18,9,9
Darawin,korgath,861,paladin,retribution,18,9,9
Guttis,nemesis,861,paladin,retribution,18,9,9
Clamhammer,malganis,861,paladin,retribution,18,9,9
Borélock,kelthuzad,861,paladin,retribution,18,9,9
Rennalux,stormrage,861,paladin,retribution,24,9,15
Wolfgrad,stormrage,861,paladin,retribution,24,9,15
Retroactive,thunderlord,861,paladin,retribution,24,9,15
Aduynn,tichondrius,861,paladin,retribution,30,9,21
Deztrom,dalaran,860,paladin,retribution,12,9,3
Rusticles,aerie-peak,860,paladin,retribution,24,9,15
Hólÿ,bleeding-hollow,860,paladin,retribution,24,9,15
Unholypally,suramar,860,paladin,retribution,24,9,15
Majinpal,illidan,860,paladin,retribution,24,9,15
Sunwalker,tichondrius,860,paladin,retribution,29,9,20
Lexdor,quelthalas,860,paladin,retribution,30,9,21
Layonthis,the-venture-co,859,paladin,retribution,18,9,9
Desrexen,malganis,859,paladin,retribution,18,9,9
Kylarha,stormrage,859,paladin,retribution,18,9,9
Khetzi,thunderhorn,859,paladin,retribution,18,9,9
Contritus,kiljaeden,859,paladin,retribution,24,9,15
Atularis,tichondrius,858,paladin,retribution,12,9,3
Derethen,emerald-dream,858,paladin,retribution,18,9,9
Alysca,tichondrius,858,paladin,retribution,18,9,9
Irongiant,grizzly-hills,858,paladin,retribution,18,9,9
Alerz,moon-guard,857,paladin,retribution,15,9,6
Jojoboskies,aegwynn,857,paladin,retribution,18,9,9
Übermane,illidan,857,paladin,retribution,18,9,9
Zeprikito,nemesis,857,paladin,retribution,18,9,9
Nasumi,emerald-dream,856,paladin,retribution,12,9,3
Atilas,ragnaros,856,paladin,retribution,18,9,9
Frostbitee,nerzhul,856,paladin,retribution,18,9,9
Prahv,shuhalo,856,paladin,retribution,24,9,15
Zerolayer,proudmoore,855,paladin,retribution,12,9,3
Maraboujan,nemesis,855,paladin,retribution,18,9,9
Persefaní,moon-guard,855,paladin,retribution,18,9,9
Clariten,ghostlands,855,paladin,retribution,24,9,15
Agonyss,quelthalas,853,paladin,retribution,18,9,9
Slapatoe,tichondrius,853,paladin,retribution,24,9,15
Darqtank,smolderthorn,853,paladin,retribution,24,9,15
Jade,black-dragonflight,853,paladin,retribution,30,9,21
Synnderilla,wyrmrest-accord,851,paladin,retribution,24,9,15
Annashiaa,moon-guard,848,paladin,retribution,18,9,9
Sonecaks,gallywix,847,paladin,retribution,24,9,15
Iceddcoffee,barthilas,847,paladin,retribution,30,9,21
Takz,daggerspine,847,paladin,retribution,32,9,23
Elysés,stormrage,846,paladin,retribution,17,9,8
Nightfallz,farstriders,846,paladin,retribution,23,9,14
Alphönsë,quelthalas,845,paladin,retribution,18,9,9
Morthalos,moon-guard,845,paladin,retribution,23,9,14
Hotdgwatr,bleeding-hollow,843,paladin,retribution,24,10,14
Captdangle,stormrage,834,paladin,retribution,17,10,7
Palgiga,tichondrius,834,paladin,retribution,18,9,9
Palee,garrosh,833,paladin,retribution,44,19,25
Brioc,tichondrius,832,paladin,retribution,22,9,13
Lemuzinho,ragnaros,831,paladin,retribution,14,10,4
Teléza,illidan,831,paladin,retribution,17,9,8
Mehchelol,azgalor,831,paladin,retribution,48,21,27
Lodin,kalecgos,831,paladin,retribution,23,9,14
Vietnomeez,tichondrius,831,paladin,retribution,23,9,14
Bellamor,burning-blade,830,paladin,retribution,17,9,8
Dreek,azralon,827,paladin,retribution,14,10,4
Heneaz,quelthalas,826,paladin,retribution,20,10,10
Elgigante,azshara,817,paladin,retribution,62,29,33
Hallowgrave,moon-guard,815,paladin,retribution,11,9,2
Sinica,barthilas,815,paladin,retribution,17,9,8
ßirdie,ragnaros,814,paladin,retribution,23,9,14
Yulzypal,tichondrius,813,paladin,retribution,17,9,8
Cozzey,amanthul,810,paladin,retribution,17,9,8
Lilbursty,tichondrius,810,paladin,retribution,25,10,15
Naeamen,dragonmaw,808,paladin,retribution,15,10,5
Porterhousee,bleeding-hollow,807,paladin,retribution,23,11,12
Sondaar,madoran,807,paladin,retribution,65,18,47
Tectorr,proudmoore,806,paladin,retribution,90,42,48
Lannislight,wyrmrest-accord,806,paladin,retribution,33,10,23
Angelos,tichondrius,806,paladin,retribution,34,10,24
Azerothmajor,tichondrius,799,paladin,retribution,17,9,8
Lizzyz,illidan,799,paladin,retribution,20,9,11
Witewolf,illidan,798,paladin,retribution,19,10,9
Gryphin,moon-guard,797,paladin,retribution,20,9,11
Lightfdre,rexxar,797,paladin,retribution,33,11,22
Kûrâmâ,ragnaros,796,paladin,retribution,16,9,7
Sevothart,goldrinn,796,paladin,retribution,30,13,17
Kiloalpha,area-52,791,paladin,retribution,22,9,13
Lítebearer,kelthuzad,787,paladin,retribution,17,9,8
Kletüs,quelthalas,784,paladin,retribution,13,9,4
Typhoontravv,thrall,784,paladin,retribution,25,9,16
Wrekkin,stormrage,772,paladin,retribution,37,9,28
Wonpai,barthilas,768,paladin,retribution,12,8,4
Luzmu,azralon,768,paladin,retribution,12,8,4
Twobuttons,draktharon,768,paladin,retribution,12,8,4
Syorì,wyrmrest-accord,768,paladin,retribution,12,8,4
Zelo,emerald-dream,768,paladin,retribution,12,8,4
Soymilkdrnka,sargeras,768,paladin,retribution,12,8,4
Pochanaw,wyrmrest-accord,768,paladin,retribution,12,8,4
Pennywenny,barthilas,768,paladin,retribution,12,8,4
Clamdaddy,tichondrius,768,paladin,retribution,12,8,4
Swellows,tichondrius,768,paladin,retribution,12,8,4
Céllash,tichondrius,768,paladin,retribution,12,8,4
Stlthykilla,cenarion-circle,768,paladin,retribution,12,8,4
Franckz,ragnaros,768,paladin,retribution,12,8,4
Tolliver,area-52,768,paladin,retribution,12,8,4
Arellis,barthilas,768,paladin,retribution,12,8,4
Retpa,tichondrius,768,paladin,retribution,12,8,4
Hypheríon,ragnaros,768,paladin,retribution,12,8,4
Meady,area-52,768,paladin,retribution,12,8,4
Lastjedi,whisperwind,768,paladin,retribution,12,8,4
Mortalbeef,zuljin,768,paladin,retribution,12,8,4
Sebbytheman,tichondrius,768,paladin,retribution,12,8,4
Spellshield,barthilas,768,paladin,retribution,12,8,4
Valoren,spinebreaker,768,paladin,retribution,12,8,4
Eskynor,sargeras,768,paladin,retribution,12,8,4
Lotarow,wyrmrest-accord,768,paladin,retribution,12,8,4
Vàlkyrie,antonidas,768,paladin,retribution,12,8,4
Grimreaperx,azralon,768,paladin,retribution,17,8,9
Roshord,quelthalas,768,paladin,retribution,18,8,10
Lowther,bleeding-hollow,768,paladin,retribution,18,8,10
Ratkiller,barthilas,768,paladin,retribution,18,8,10
Jebpal,tichondrius,768,paladin,retribution,18,8,10
Turaylon,bloodscalp,768,paladin,retribution,18,8,10
Normnom,area-52,768,paladin,retribution,18,8,10
Tekkies,barthilas,768,paladin,retribution,18,8,10
Gersin,azralon,768,paladin,retribution,18,8,10
Ironinya,frostmourne,768,paladin,retribution,18,8,10
Smiteup,sargeras,768,paladin,retribution,18,8,10
Chubbychode,sargeras,768,paladin,retribution,18,8,10
Noansr,proudmoore,768,paladin,retribution,18,8,10
Adrexious,dalaran,768,paladin,retribution,18,8,10
Mizumaru,sargeras,768,paladin,retribution,18,8,10
Maanuel,ragnaros,768,paladin,retribution,18,8,10
Trensei,emerald-dream,768,paladin,retribution,18,8,10
Xoppo,tichondrius,768,paladin,retribution,18,8,10
Tarà,sargeras,768,paladin,retribution,18,8,10
Condexx,quelthalas,768,paladin,retribution,18,8,10
Jachugz,tichondrius,768,paladin,retribution,18,8,10
Potatopasta,area-52,768,paladin,retribution,18,8,10
Maxduo,bleeding-hollow,768,paladin,retribution,18,8,10
Nightreavers,sargeras,768,paladin,retribution,18,8,10
Quiznossubs,kelthuzad,768,paladin,retribution,18,8,10
Vanquishy,burning-legion,768,paladin,retribution,18,8,10
Nozfferatu,drakkari,768,paladin,retribution,18,8,10
Zøzø,zuljin,768,paladin,retribution,18,8,10
Inquísítor,stormrage,768,paladin,retribution,18,8,10
Bubbletaunt,frostmourne,768,paladin,retribution,18,8,10
Trulymental,bleeding-hollow,768,paladin,retribution,19,8,11
Jimxeung,tichondrius,768,paladin,retribution,24,8,16
Marcopolo,azralon,768,paladin,retribution,24,8,16
Fixyouz,mannoroth,768,paladin,retribution,24,8,16
Bergz,agamaggan,768,paladin,retribution,24,8,16
Bubbleblade,burning-blade,768,paladin,retribution,24,8,16
Ifearphil,illidan,768,paladin,retribution,24,8,16
Cnret,tichondrius,768,paladin,retribution,24,8,16
Divineera,frostmourne,768,paladin,retribution,24,8,16
Arminhamer,sargeras,768,paladin,retribution,24,8,16
Isayas,tichondrius,768,paladin,retribution,24,8,16
Forgivers,kiljaeden,768,paladin,retribution,24,8,16
Vibránium,tichondrius,768,paladin,retribution,24,8,16
Shmokay,illidan,768,paladin,retribution,24,8,16
Roundhere,area-52,768,paladin,retribution,30,8,22
Faith,thorium-brotherhood,767,paladin,retribution,12,8,4
Keit,moon-guard,767,paladin,retribution,12,8,4
Rhumil,tichondrius,767,paladin,retribution,12,8,4
Meatyblessin,area-52,767,paladin,retribution,12,8,4
Atheistqtlol,illidan,767,paladin,retribution,12,8,4
Darkestday,hellscream,767,paladin,retribution,12,8,4
Akadios,azralon,767,paladin,retribution,12,8,4
Infamoustool,barthilas,767,paladin,retribution,12,8,4
Snajky,sargeras,767,paladin,retribution,12,8,4
Jarlsirius,tichondrius,767,paladin,retribution,12,8,4
Hqknight,moon-guard,767,paladin,retribution,12,8,4
Greybrox,barthilas,767,paladin,retribution,12,8,4
Dinapal,frostmourne,767,paladin,retribution,12,8,4
Husurdaddy,dalaran,767,paladin,retribution,12,8,4
Acidhammer,kelthuzad,767,paladin,retribution,12,8,4
Cratt,chromaggus,767,paladin,retribution,12,8,4
Awsem,barthilas,767,paladin,retribution,12,8,4
Gospel,duskwood,767,paladin,retribution,12,8,4
Mægenta,tichondrius,767,paladin,retribution,12,8,4
Skoozin,emerald-dream,767,paladin,retribution,12,8,4
Baladine,zuljin,767,paladin,retribution,12,8,4
Holydaddyy,area-52,767,paladin,retribution,12,8,4
Sauceclock,illidan,767,paladin,retribution,12,8,4
Seratonyn,malganis,767,paladin,retribution,18,8,10
Toxanator,frostmourne,767,paladin,retribution,18,8,10
Çubânwrâth,kelthuzad,767,paladin,retribution,18,8,10
Nooplug,illidan,767,paladin,retribution,18,8,10
Holyyness,bleeding-hollow,767,paladin,retribution,18,8,10
Brubb,illidan,767,paladin,retribution,18,8,10
Afterdawn,dreadmaul,767,paladin,retribution,18,8,10
Yurinos,illidan,767,paladin,retribution,18,8,10
Pudgë,bleeding-hollow,767,paladin,retribution,18,8,10
Yehdardi,frostmourne,767,paladin,retribution,18,8,10
Raveen,veknilash,767,paladin,retribution,18,8,10
Angeluquis,quelthalas,767,paladin,retribution,18,8,10
Verbum,malfurion,767,paladin,retribution,18,8,10
Hughkane,tichondrius,767,paladin,retribution,18,8,10
Jeffprobstt,kelthuzad,767,paladin,retribution,18,8,10
Nutsmashèr,illidan,767,paladin,retribution,18,8,10
Yoiro,stormrage,767,paladin,retribution,18,8,10
Janumbers,frostwolf,767,paladin,retribution,18,8,10
Retrimuution,emerald-dream,767,paladin,retribution,18,8,10
Avasti,proudmoore,767,paladin,retribution,18,8,10
Germ,korgath,767,paladin,retribution,18,8,10
Zyras,whisperwind,767,paladin,retribution,18,8,10
Holytrev,tichondrius,767,paladin,retribution,18,8,10
Rodsley,zuljin,767,paladin,retribution,18,8,10
Doobiehigh,proudmoore,767,paladin,retribution,18,8,10
Gåbrîel,emerald-dream,767,paladin,retribution,18,8,10
Jaslexa,illidan,767,paladin,retribution,18,8,10
Mhortái,stormrage,767,paladin,retribution,18,8,10
Blackmuu,malganis,767,paladin,retribution,18,8,10
Ludicrus,tichondrius,767,paladin,retribution,18,8,10
Stroods,stormrage,767,paladin,retribution,18,8,10
Airmight,frostmourne,767,paladin,retribution,18,8,10
Heamis,thunderlord,767,paladin,retribution,18,8,10
Sermon,moon-guard,767,paladin,retribution,18,8,10
Shãnks,illidan,767,paladin,retribution,24,8,16
ßén,bleeding-hollow,767,paladin,retribution,24,8,16
Chriscoz,korgath,767,paladin,retribution,24,8,16
Lightfûry,kelthuzad,767,paladin,retribution,24,8,16
Felwythe,emerald-dream,767,paladin,retribution,24,8,16
Dubledeez,malganis,766,paladin,retribution,12,8,4
Bussyrrhea,kelthuzad,766,paladin,retribution,12,8,4
Deesqueezie,area-52,766,paladin,retribution,12,8,4
Passion,wyrmrest-accord,766,paladin,retribution,12,8,4
Judgementalz,frostwolf,766,paladin,retribution,12,8,4
Mikieal,tichondrius,766,paladin,retribution,12,8,4
Otorten,bladefist,766,paladin,retribution,12,8,4
Arollak,sargeras,766,paladin,retribution,12,8,4
Palapeludo,azralon,766,paladin,retribution,12,8,4
Bübbleboy,malganis,766,paladin,retribution,12,8,4
Masho,skullcrusher,766,paladin,retribution,18,8,10
Pallyalli,burning-blade,766,paladin,retribution,18,8,10
Nussaar,kelthuzad,766,paladin,retribution,18,8,10
Wehrmachtt,emerald-dream,766,paladin,retribution,18,8,10
Gyle,stormrage,766,paladin,retribution,18,8,10
Holyhammered,kelthuzad,765,paladin,retribution,12,8,4
Mothh,terokkar,765,paladin,retribution,12,8,4
Peepilled,uldum,765,paladin,retribution,12,8,4
Gírthbrooks,hyjal,765,paladin,retribution,12,8,4
Nikinaki,stormrage,765,paladin,retribution,12,8,4
Irongrizzle,barthilas,765,paladin,retribution,12,8,4
Kristary,ragnaros,765,paladin,retribution,12,8,4
Barven,proudmoore,765,paladin,retribution,12,8,4
Zuljaboi,thrall,765,paladin,retribution,12,8,4
Sholmaht,frostmourne,765,paladin,retribution,12,8,4
Darktaron,ragnaros,765,paladin,retribution,18,8,10
Lightahean,proudmoore,765,paladin,retribution,24,8,16
Dariänn,azralon,765,paladin,retribution,24,8,16
Butchur,area-52,765,paladin,retribution,30,8,22
Angelz,garrosh,764,paladin,retribution,18,8,10
Freesorrow,area-52,764,paladin,retribution,19,8,11
Giorgyos,ragnaros,764,paladin,retribution,25,8,17
Deathblazer,blades-edge,763,paladin,retribution,18,8,10
Mooroy,moon-guard,763,paladin,retribution,18,8,10
Guccii,quelthalas,763,paladin,retribution,18,8,10
Cowsavior,terenas,763,paladin,retribution,18,8,10
Palade,proudmoore,763,paladin,retribution,18,8,10
Jebadia,proudmoore,762,paladin,retribution,12,8,4
Faerdrik,emerald-dream,762,paladin,retribution,18,8,10
Kallandar,moon-guard,762,paladin,retribution,30,8,22
Exer,ragnaros,762,paladin,retribution,36,8,28
Flisk,garona,761,paladin,retribution,12,8,4
Sîegfried,moon-guard,761,paladin,retribution,24,8,16
Kief,emerald-dream,761,paladin,retribution,30,8,22
Mordrime,moon-guard,760,paladin,retribution,18,8,10
Chombe,tichondrius,758,paladin,retribution,18,8,10
Judgemèntal,illidan,758,paladin,retribution,26,8,18
Tauyoshi,azjolnerub,757,paladin,retribution,18,8,10
Gureisufiru,uther,757,paladin,retribution,24,8,16
Populate,tichondrius,752,paladin,retribution,12,8,4
Jâiná,frostmourne,751,paladin,retribution,23,8,15
Supreme,farstriders,751,paladin,retribution,29,8,21
Cleavix,tichondrius,751,paladin,retribution,35,8,27
Paladocka,stormrage,751,paladin,retribution,36,8,28
Dunecan,tichondrius,750,paladin,retribution,17,8,9
Chaosbubble,burning-legion,750,paladin,retribution,24,8,16
Maelie,shadowmoon,749,paladin,retribution,12,8,4
Feelmenu,deathwing,749,paladin,retribution,23,8,15
Redderick,illidan,749,paladin,retribution,36,8,28
Gemutlich,khazgoroth,748,paladin,retribution,23,8,15
Jorkoh,the-scryers,747,paladin,retribution,29,8,21
Shanuslight,moon-guard,742,paladin,retribution,21,9,12
Yulasa,area-52,735,paladin,retribution,14,9,5
Davethunder,hakkar,735,paladin,retribution,20,9,11
Hekki,ragnaros,735,paladin,retribution,19,8,11
Kumahdori,stormrage,734,paladin,retribution,14,9,5
Swholly,senjin,733,paladin,retribution,21,10,11
Felordron,silvermoon,731,paladin,retribution,22,9,13
Darkpalaa,gallywix,722,paladin,retribution,18,8,10
Bomdia,stormrage,720,paladin,retribution,15,8,7
Kelvor,thaurissan,718,paladin,retribution,11,8,3
Reth,aerie-peak,718,paladin,retribution,17,8,9
Nyms,gallywix,718,paladin,retribution,42,8,34
Bunkalunk,lightbringer,717,paladin,retribution,20,8,12
Newwow,tichondrius,714,paladin,retribution,21,9,12
Andorsi,elune,714,paladin,retribution,21,9,12
Ryanslover,kelthuzad,714,paladin,retribution,23,9,14
Vàrrðw,bleeding-hollow,713,paladin,retribution,21,9,12
Kloud,sargeras,713,paladin,retribution,27,9,18
Pantheeon,altar-of-storms,713,paladin,retribution,30,9,21
Marlynx,tichondrius,712,paladin,retribution,29,11,18
Kaallell,blackhand,710,paladin,retribution,22,9,13
Kalayton,nesingwary,709,paladin,retribution,15,9,6
Andelk,tichondrius,703,paladin,retribution,14,9,5
Holyjoe,area-52,703,paladin,retribution,16,8,8
Chstypuller,tichondrius,703,paladin,retribution,22,8,14
Dwarfineas,dalaran,702,paladin,retribution,11,8,3
Mujika,area-52,702,paladin,retribution,14,8,6
Wadalee,tichondrius,702,paladin,retribution,26,8,18
Kromcrush,azralon,700,paladin,retribution,16,8,8
Akirahikarii,frostwolf,699,paladin,retribution,23,10,13
Ráky,quelthalas,697,paladin,retribution,32,8,24
Bratette,fenris,691,paladin,retribution,68,23,45
Fizzlewig,malganis,688,paladin,retribution,19,8,11
Paullokis,gallywix,686,paladin,retribution,13,8,5
Turtlehoof,thrall,684,paladin,retribution,19,8,11
Sparklepuss,turalyon,676,paladin,retribution,23,8,15
Pallisix,barthilas,672,paladin,retribution,12,7,5
Tmwesker,azralon,672,paladin,retribution,12,7,5
Holycar,illidan,672,paladin,retribution,12,7,5
Vozy,bronzebeard,672,paladin,retribution,12,7,5
Condign,moon-guard,672,paladin,retribution,12,7,5
Aurelea,frostmourne,672,paladin,retribution,12,7,5
Turner,skullcrusher,672,paladin,retribution,12,7,5
Attackonpal,illidan,672,paladin,retribution,12,7,5
Skylightz,area-52,672,paladin,retribution,12,7,5
Supernampal,sargeras,672,paladin,retribution,12,7,5
Shibbx,quelthalas,672,paladin,retribution,12,7,5
Rexinarr,area-52,672,paladin,retribution,12,7,5
Slighted,illidan,672,paladin,retribution,12,7,5
Iloveket,blackrock,672,paladin,retribution,12,7,5
Wèbb,burning-legion,672,paladin,retribution,12,7,5
Nosferätu,illidan,672,paladin,retribution,12,7,5
Boxader,dalaran,672,paladin,retribution,12,7,5
Near,saurfang,672,paladin,retribution,12,7,5
Aurðra,kiljaeden,672,paladin,retribution,12,7,5
Deathbybonk,maiev,672,paladin,retribution,12,7,5
Steezyret,barthilas,672,paladin,retribution,12,7,5
Bighoochie,moon-guard,672,paladin,retribution,12,7,5
Elaire,senjin,672,paladin,retribution,12,7,5
Popwingsz,nemesis,672,paladin,retribution,12,7,5
Eduardoap,azralon,672,paladin,retribution,12,7,5
Threeroses,emerald-dream,672,paladin,retribution,12,7,5
Thephreak,madoran,672,paladin,retribution,12,7,5
Mikâel,cairne,672,paladin,retribution,12,7,5
Taynos,tichondrius,672,paladin,retribution,12,7,5
Balduin,quelthalas,672,paladin,retribution,12,7,5
Mes,dragonmaw,672,paladin,retribution,12,7,5
Bootyfùnk,tichondrius,672,paladin,retribution,12,7,5
Arthos,crushridge,672,paladin,retribution,12,7,5
Montyer,ragnaros,672,paladin,retribution,12,7,5
Griezadin,azgalor,672,paladin,retribution,12,7,5
Rektributíon,area-52,672,paladin,retribution,12,7,5
Nutbro,tichondrius,672,paladin,retribution,12,7,5
Cëlestial,drakkari,672,paladin,retribution,12,7,5
Chäinswellx,area-52,672,paladin,retribution,12,7,5
Paltarrd,bleeding-hollow,672,paladin,retribution,12,7,5
Qsx,bleeding-hollow,672,paladin,retribution,12,7,5
Dörisseline,bleeding-hollow,672,paladin,retribution,12,7,5
Araguaney,bleeding-hollow,672,paladin,retribution,12,7,5
Dabbicus,tichondrius,672,paladin,retribution,12,7,5
Kanaki,gilneas,672,paladin,retribution,12,7,5
Nailuj,moon-guard,672,paladin,retribution,12,7,5
Garthilan,stormrage,672,paladin,retribution,12,7,5
Trejetë,tichondrius,672,paladin,retribution,12,7,5
Montecrîsto,area-52,672,paladin,retribution,12,7,5
Qoop,tichondrius,672,paladin,retribution,12,7,5
Homelord,drakkari,672,paladin,retribution,12,7,5
Shadoweelite,sargeras,672,paladin,retribution,12,7,5
Brookeh,frostmourne,672,paladin,retribution,12,7,5
Uríel,frostmourne,672,paladin,retribution,12,7,5
Alahster,sargeras,672,paladin,retribution,12,7,5
Merkzz,arthas,672,paladin,retribution,12,7,5
Bielin,area-52,672,paladin,retribution,12,7,5
Motivlight,area-52,672,paladin,retribution,12,7,5
Khêll,sargeras,672,paladin,retribution,12,7,5
Irahan,stormrage,672,paladin,retribution,12,7,5
Bubblethis,frostmourne,672,paladin,retribution,12,7,5
Schecterbug,stormrage,672,paladin,retribution,12,7,5
Netflixnfeet,stormreaver,672,paladin,retribution,12,7,5
Eurysthëus,stormrage,672,paladin,retribution,12,7,5
Jellybrah,stormrage,672,paladin,retribution,12,7,5
Noxtrael,frostmourne,672,paladin,retribution,12,7,5
Paladan,tichondrius,672,paladin,retribution,17,7,10
Delightt,sargeras,672,paladin,retribution,18,7,11
Atalzel,kiljaeden,672,paladin,retribution,18,7,11
Bubzfordubz,sargeras,672,paladin,retribution,18,7,11
Cliftôn,illidan,672,paladin,retribution,18,7,11
Roundbutts,stormrage,672,paladin,retribution,18,7,11
Teamamerica,proudmoore,672,paladin,retribution,18,7,11
Cylano,tichondrius,672,paladin,retribution,18,7,11
Eurthswrath,lightbringer,672,paladin,retribution,18,7,11
Ziti,bonechewer,672,paladin,retribution,18,7,11
Hølyshyt,tichondrius,672,paladin,retribution,18,7,11
Knaring,aggramar,672,paladin,retribution,18,7,11
Dýnamo,azralon,672,paladin,retribution,18,7,11
Absolution,gurubashi,672,paladin,retribution,18,7,11
Shoresy,terokkar,672,paladin,retribution,18,7,11
Mayoclinic,frostmane,672,paladin,retribution,18,7,11
Neverwogx,kirin-tor,672,paladin,retribution,18,7,11
Tothegravetv,illidan,672,paladin,retribution,18,7,11
Geospawn,bleeding-hollow,672,paladin,retribution,18,7,11
Zotro,sargeras,672,paladin,retribution,18,7,11
Paintpumper,malganis,672,paladin,retribution,18,7,11
Anjocaído,nemesis,672,paladin,retribution,18,7,11
Lmac,frostmourne,672,paladin,retribution,18,7,11
Vodulight,tichondrius,672,paladin,retribution,18,7,11
Valantor,anvilmar,672,paladin,retribution,18,7,11
Rebelion,nagrand,672,paladin,retribution,18,7,11
Trfreedomz,frostmourne,672,paladin,retribution,18,7,11
Xvetis,thrall,672,paladin,retribution,18,7,11
Gigantidab,tichondrius,672,paladin,retribution,18,7,11
ßraveheart,zuljin,672,paladin,retribution,18,7,11
Samsaratry,proudmoore,672,paladin,retribution,18,7,11
Aledin,frostmourne,672,paladin,retribution,18,7,11
Zugonomics,proudmoore,672,paladin,retribution,18,7,11
Eillonwy,nerzhul,672,paladin,retribution,18,7,11
Strykerrz,tanaris,672,paladin,retribution,18,7,11
Tutle,nathrezim,672,paladin,retribution,18,7,11
Nawwll,stonemaul,672,paladin,retribution,18,7,11
Lakera,proudmoore,672,paladin,retribution,18,7,11
Lowhp,tichondrius,672,paladin,retribution,18,7,11
Càséy,zuljin,672,paladin,retribution,24,7,17
Hayden,stormscale,672,paladin,retribution,24,7,17
Heavener,tichondrius,672,paladin,retribution,24,7,17
Heilige,thrall,672,paladin,retribution,24,7,17
Haimdallr,azralon,672,paladin,retribution,24,7,17
Lìnkzq,frostmourne,672,paladin,retribution,24,7,17
Ganan,frostmane,672,paladin,retribution,24,7,17
Yahjp,khazgoroth,672,paladin,retribution,24,7,17
Kyuubî,bloodhoof,672,paladin,retribution,24,7,17
Prophesied,zuljin,671,paladin,retribution,12,7,5
Joobas,zuljin,671,paladin,retribution,12,7,5
Holypillager,zuljin,671,paladin,retribution,12,7,5
Jåy,nazjatar,671,paladin,retribution,12,7,5
Ðrêâð,kirin-tor,671,paladin,retribution,12,7,5
Holyretribut,tichondrius,671,paladin,retribution,12,7,5
Nyxkithar,nagrand,671,paladin,retribution,12,7,5
Annii,aegwynn,671,paladin,retribution,12,7,5
Smuglý,wyrmrest-accord,671,paladin,retribution,12,7,5
Krossret,thrall,671,paladin,retribution,12,7,5
Ironpaladin,sargeras,671,paladin,retribution,12,7,5
Thorean,sargeras,671,paladin,retribution,12,7,5
Blingster,hellscream,671,paladin,retribution,12,7,5
Tanesdeline,area-52,671,paladin,retribution,12,7,5
Ruca,icecrown,671,paladin,retribution,12,7,5
Liebesleid,quelthalas,671,paladin,retribution,12,7,5
Zerofans,ragnaros,671,paladin,retribution,12,7,5
Guthdrak,azgalor,671,paladin,retribution,12,7,5
Lystia,malfurion,671,paladin,retribution,12,7,5
Kaynè,senjin,671,paladin,retribution,12,7,5
Miangder,tichondrius,671,paladin,retribution,12,7,5
Elemezs,tichondrius,671,paladin,retribution,12,7,5
Shivaku,area-52,671,paladin,retribution,12,7,5
Koohny,stormrage,671,paladin,retribution,12,7,5
Darktank,malganis,671,paladin,retribution,12,7,5
Mimitos,frostmane,671,paladin,retribution,12,7,5
Åphrodite,bleeding-hollow,671,paladin,retribution,12,7,5
Àxçël,hyjal,671,paladin,retribution,12,7,5
Spacebacon,thunderlord,671,paladin,retribution,12,7,5
Xfiles,alterac-mountains,671,paladin,retribution,12,7,5
Shadd,destromath,671,paladin,retribution,12,7,5
Dabnpaladin,thunderlord,671,paladin,retribution,12,7,5
Jaybbers,malganis,671,paladin,retribution,12,7,5
Callmesauced,dalaran,671,paladin,retribution,16,8,8
Auriol,azshara,671,paladin,retribution,14,7,7
Nibuwolfx,daggerspine,671,paladin,retribution,18,7,11
Ottiepal,kelthuzad,671,paladin,retribution,18,7,11
Inareus,agamaggan,671,paladin,retribution,18,7,11
Herimi,drakkari,671,paladin,retribution,18,7,11
Sixty,sargeras,671,paladin,retribution,18,7,11
Golozzakum,tichondrius,671,paladin,retribution,18,7,11
Bettyböp,bleeding-hollow,671,paladin,retribution,18,7,11
Jakkburton,stormrage,671,paladin,retribution,18,7,11
Akoru,quelthalas,671,paladin,retribution,18,7,11
Hinamattsuri,velen,671,paladin,retribution,18,7,11
Valtariel,wyrmrest-accord,671,paladin,retribution,18,7,11
Hisenberg,drakkari,671,paladin,retribution,18,7,11
Kaidoz,aegwynn,671,paladin,retribution,18,7,11
Ibull,stormscale,671,paladin,retribution,18,7,11
Kedubb,stormrage,671,paladin,retribution,18,7,11
Hopebreaker,spinebreaker,671,paladin,retribution,18,7,11
Bahfoi,azralon,671,paladin,retribution,18,7,11
Bubbleôsevèn,stormrage,671,paladin,retribution,18,7,11
Drpawg,tichondrius,671,paladin,retribution,18,7,11
Bluewaves,tichondrius,671,paladin,retribution,18,7,11
Hasbi,area-52,671,paladin,retribution,18,7,11
Basslinee,quelthalas,671,paladin,retribution,18,7,11
Titamn,area-52,671,paladin,retribution,18,7,11
Vaelicus,emerald-dream,671,paladin,retribution,18,7,11
Arhyei,ragnaros,671,paladin,retribution,18,7,11
Littlemoses,exodar,671,paladin,retribution,18,7,11
Blaeng,shandris,671,paladin,retribution,18,7,11
Doraléous,illidan,671,paladin,retribution,24,7,17
Laelias,lightbringer,671,paladin,retribution,24,7,17
Slowmoshend,illidan,671,paladin,retribution,24,7,17
Petsmacker,dalaran,671,paladin,retribution,30,7,23
Blackflare,undermine,670,paladin,retribution,12,7,5
Tomaz,ragnaros,670,paladin,retribution,12,7,5
Itsapoc,sargeras,670,paladin,retribution,12,7,5
Biggwill,proudmoore,670,paladin,retribution,12,7,5
Capsiel,caelestrasz,670,paladin,retribution,12,7,5
Swissalami,proudmoore,670,paladin,retribution,12,7,5
Holychach,tichondrius,670,paladin,retribution,12,7,5
Riek,sargeras,670,paladin,retribution,16,8,8
Augus,arygos,670,paladin,retribution,18,7,11
Zaeris,proudmoore,670,paladin,retribution,18,7,11
Rampetos,mannoroth,670,paladin,retribution,18,7,11
Tpane,kelthuzad,670,paladin,retribution,18,7,11
Delukk,azralon,670,paladin,retribution,18,7,11
Jorgevercilo,azralon,670,paladin,retribution,18,7,11
Grindlimg,dalaran,670,paladin,retribution,18,7,11
Murdameek,area-52,670,paladin,retribution,24,7,17
Denstain,kul-tiras,669,paladin,retribution,18,7,11
Tpaartes,mannoroth,669,paladin,retribution,18,7,11
Salvø,tichondrius,669,paladin,retribution,24,7,17
Praisin,zuljin,668,paladin,retribution,12,7,5
Vooltron,bonechewer,668,paladin,retribution,12,7,5
Velkh,illidan,668,paladin,retribution,18,7,11
Glowstone,emerald-dream,668,paladin,retribution,18,7,11
Tenshí,windrunner,667,paladin,retribution,12,7,5
Tacosmells,thunderlord,667,paladin,retribution,18,7,11
Mandow,tichondrius,667,paladin,retribution,22,8,14
Calmador,proudmoore,666,paladin,retribution,12,7,5
Imsoosmall,sargeras,666,paladin,retribution,12,7,5
Batix,malfurion,666,paladin,retribution,12,7,5
Mereoleona,elune,666,paladin,retribution,18,7,11
Boomeers,emerald-dream,666,paladin,retribution,24,7,17
Adandon,dalaran,665,paladin,retribution,12,7,5
Tëxas,proudmoore,665,paladin,retribution,12,7,5
Kithrin,emerald-dream,664,paladin,retribution,12,7,5
Sushumna,area-52,663,paladin,retribution,12,7,5
Trutax,black-dragonflight,662,paladin,retribution,18,7,11
Arkeon,shadowsong,660,paladin,retribution,29,8,21
Elderbill,emerald-dream,659,paladin,retribution,12,7,5
Olstonie,garrosh,658,paladin,retribution,12,7,5
Nicepally,moon-guard,657,paladin,retribution,18,7,11
Mèdic,illidan,654,paladin,retribution,17,7,10
Palliful,runetotem,651,paladin,retribution,18,7,11
Trippierett,bloodscalp,640,paladin,retribution,28,7,21
Tooperilous,exodar,639,paladin,retribution,16,7,9
Goldclaw,moon-guard,639,paladin,retribution,20,8,12
Zhappira,ragnaros,639,paladin,retribution,23,7,16
Hanicon,dragonmaw,638,paladin,retribution,16,7,9
Unversed,illidan,637,paladin,retribution,18,9,9
Tbirdusa,sargeras,636,paladin,retribution,28,7,21
Fatalpally,antonidas,633,paladin,retribution,17,7,10
Bruujqt,moon-guard,624,paladin,retribution,21,8,13
Táçô,illidan,623,paladin,retribution,11,7,4
Krossfyre,kiljaeden,623,paladin,retribution,17,7,10
Cherix,thrall,623,paladin,retribution,20,7,13
Jortesh,tichondrius,622,paladin,retribution,15,7,8
Alkon,quelthalas,619,paladin,retribution,33,7,26
Grinzin,azralon,618,paladin,retribution,17,9,8
Antoniano,ragnaros,617,paladin,retribution,13,8,5
Saltytaco,gurubashi,608,paladin,retribution,16,7,9
Frêyr,barthilas,608,paladin,retribution,22,7,15
Anarkay,frostmourne,607,paladin,retribution,10,7,3
Kelhell,stormrage,607,paladin,retribution,11,7,4
Orellios,moon-guard,607,paladin,retribution,17,7,10
Tolkki,dalaran,607,paladin,retribution,26,7,19
Captqueso,stormrage,606,paladin,retribution,14,7,7
Hottest,wyrmrest-accord,606,paladin,retribution,28,12,16
Climaximum,gorgonnash,603,paladin,retribution,11,7,4
Sokzsz,barthilas,599,paladin,retribution,15,7,8
Batmanp,quelthalas,592,paladin,retribution,20,7,13
Sixtynine,nathrezim,592,paladin,retribution,31,7,24
Unïk,zuljin,591,paladin,retribution,11,7,4
Warbird,lightnings-blade,591,paladin,retribution,13,7,6
Theomere,sargeras,586,paladin,retribution,27,10,17
Fibonaci,sargeras,576,paladin,retribution,6,6,0
Detruiso,area-52,576,paladin,retribution,6,6,0
Hinnamnor,tichondrius,576,paladin,retribution,6,6,0
Thøradin,moon-guard,576,paladin,retribution,6,6,0
Liht,blood-furnace,576,paladin,retribution,6,6,0
Lucard,drakkari,576,paladin,retribution,6,6,0
Próx,barthilas,576,paladin,retribution,7,6,1
Odegaret,illidan,576,paladin,retribution,10,7,3
Rhoruk,turalyon,576,paladin,retribution,12,6,6
Lóli,azralon,576,paladin,retribution,12,6,6
Nýze,area-52,576,paladin,retribution,12,6,6
Accept,thunderlord,576,paladin,retribution,12,6,6
Bootacious,tichondrius,576,paladin,retribution,12,6,6
Thaléros,tichondrius,576,paladin,retribution,12,6,6
Metlertoledo,mannoroth,576,paladin,retribution,12,6,6
Sparticuss,frostmane,576,paladin,retribution,12,6,6
Legelight,malganis,576,paladin,retribution,12,6,6
Brpistol,azralon,576,paladin,retribution,12,6,6
Sabêr,mannoroth,576,paladin,retribution,12,6,6
Banzz,azralon,576,paladin,retribution,12,6,6
Yungcheezy,illidan,576,paladin,retribution,12,6,6
Pállyho,tichondrius,576,paladin,retribution,12,6,6
Swordpeace,ragnaros,576,paladin,retribution,12,6,6
Healplzz,tichondrius,576,paladin,retribution,12,6,6
Bigkspally,korgath,576,paladin,retribution,12,6,6
Gánico,ragnaros,576,paladin,retribution,12,6,6
Geesworld,nazjatar,576,paladin,retribution,12,6,6
Lebubbles,azuremyst,576,paladin,retribution,12,6,6
Sneely,kelthuzad,576,paladin,retribution,12,6,6
Scoobs,bleeding-hollow,576,paladin,retribution,12,6,6
Hammerd,area-52,576,paladin,retribution,12,6,6
Gàreth,aerie-peak,576,paladin,retribution,12,6,6
Ironaddict,frostmourne,576,paladin,retribution,12,6,6
Jacklo,the-venture-co,576,paladin,retribution,12,6,6
Cybopig,kelthuzad,576,paladin,retribution,12,6,6
Evelimash,bloodhoof,576,paladin,retribution,12,6,6
Andreck,ragnaros,576,paladin,retribution,12,6,6
Mikeyqt,nemesis,576,paladin,retribution,12,6,6
Xavorn,illidan,576,paladin,retribution,12,6,6
Aura,emerald-dream,576,paladin,retribution,12,6,6
Thiccpala,tichondrius,576,paladin,retribution,12,6,6
Cvpal,stormrage,576,paladin,retribution,12,6,6
Soapgirl,area-52,576,paladin,retribution,12,6,6
Retsuxks,twisting-nether,576,paladin,retribution,12,6,6
Breid,sargeras,576,paladin,retribution,12,6,6
Casadorez,tichondrius,576,paladin,retribution,12,6,6
Òp,illidan,576,paladin,retribution,12,6,6
Lyà,area-52,576,paladin,retribution,12,6,6
Holycrusador,bleeding-hollow,576,paladin,retribution,12,6,6
Zeröcoöl,malganis,576,paladin,retribution,12,6,6
Tdm,bleeding-hollow,576,paladin,retribution,12,6,6
Trixzthot,barthilas,576,paladin,retribution,12,6,6
Búbblebath,illidan,576,paladin,retribution,12,6,6
Crânkdât,frostmourne,576,paladin,retribution,12,6,6
Klamindor,emerald-dream,576,paladin,retribution,12,6,6
Mystictoast,area-52,576,paladin,retribution,12,6,6
Lightsbane,azgalor,576,paladin,retribution,12,6,6
Aëriy,moon-guard,576,paladin,retribution,12,6,6
Cause,farstriders,576,paladin,retribution,12,6,6
Piroc,tichondrius,576,paladin,retribution,12,6,6
Dogecoln,bleeding-hollow,576,paladin,retribution,12,6,6
Thuggrnaut,darkspear,576,paladin,retribution,12,6,6
Nragedpal,illidan,576,paladin,retribution,12,6,6
Beato,silvermoon,576,paladin,retribution,12,6,6
Bighusdickus,tichondrius,576,paladin,retribution,12,6,6
Loridaris,illidan,576,paladin,retribution,12,6,6
Bloodyängel,emerald-dream,576,paladin,retribution,12,6,6
Piscacha,ragnaros,576,paladin,retribution,12,6,6
Troegenator,stormrage,576,paladin,retribution,12,6,6
Epicbro,kiljaeden,576,paladin,retribution,12,6,6
Brightness,lightbringer,576,paladin,retribution,12,6,6
Koûtt,ragnaros,576,paladin,retribution,12,6,6
Raywhite,kelthuzad,576,paladin,retribution,12,6,6
Cjq,tichondrius,576,paladin,retribution,12,6,6
Kulikahn,terenas,576,paladin,retribution,12,6,6
Mäx,area-52,576,paladin,retribution,12,6,6
Hydaer,barthilas,576,paladin,retribution,12,6,6
Memepaladin,area-52,576,paladin,retribution,12,6,6
Leonkennedyx,stormrage,576,paladin,retribution,12,6,6
Nyroxz,quelthalas,576,paladin,retribution,12,6,6
Alphali,quelthalas,576,paladin,retribution,12,6,6
Emetselchs,tichondrius,576,paladin,retribution,12,6,6
Çhñkzrèt,illidan,576,paladin,retribution,12,6,6
Palladini,jubeithos,576,paladin,retribution,12,6,6
Everith,bleeding-hollow,576,paladin,retribution,12,6,6
Pokeyabutt,hydraxis,576,paladin,retribution,12,6,6
Arraladin,tichondrius,576,paladin,retribution,12,6,6
Byebyetwinks,khaz-modan,576,paladin,retribution,12,6,6
Glynisir,sargeras,576,paladin,retribution,12,6,6
Zägreus,moon-guard,576,paladin,retribution,12,6,6
Vixybae,illidan,576,paladin,retribution,12,6,6
Insidous,galakrond,576,paladin,retribution,12,6,6
Bigdig,stormrage,576,paladin,retribution,12,6,6
Retboy,archimonde,576,paladin,retribution,12,6,6
Nerfmywings,frostmourne,576,paladin,retribution,12,6,6
Vilert,balnazzar,576,paladin,retribution,12,6,6
Seeys,tichondrius,576,paladin,retribution,12,6,6
Holycrp,proudmoore,576,paladin,retribution,12,6,6
Míguelito,sargeras,576,paladin,retribution,12,6,6
Jabrohnie,sargeras,576,paladin,retribution,12,6,6
Necrøzado,azralon,576,paladin,retribution,12,6,6
Vozy,shandris,576,paladin,retribution,12,6,6
Zuther,spirestone,576,paladin,retribution,12,6,6
Sacerbelator,zuluhed,576,paladin,retribution,12,6,6
Zèró,terokkar,576,paladin,retribution,12,6,6
Enj,stormrage,576,paladin,retribution,12,6,6
Snivasgo,ragnaros,576,paladin,retribution,12,6,6
Cübe,malganis,576,paladin,retribution,12,6,6
Dumbledwarf,hyjal,576,paladin,retribution,12,6,6
Bloodeladin,deathwing,576,paladin,retribution,12,6,6
Beluros,tichondrius,576,paladin,retribution,12,6,6
Zercker,ragnaros,576,paladin,retribution,12,6,6
Skarlagen,moon-guard,576,paladin,retribution,12,6,6
Gambitdin,moon-guard,576,paladin,retribution,12,6,6
Deadlyskills,arathor,576,paladin,retribution,12,6,6
Octaviak,moon-guard,576,paladin,retribution,12,6,6
Bernahl,amanthul,576,paladin,retribution,12,6,6
Mollymatt,drenden,576,paladin,retribution,12,6,6
Heliösdark,quelthalas,576,paladin,retribution,12,6,6
Koyourfamily,proudmoore,576,paladin,retribution,12,6,6
Hæsh,sargeras,576,paladin,retribution,12,6,6
Panicbubblin,stormrage,576,paladin,retribution,12,6,6
Totalaustin,sargeras,576,paladin,retribution,12,6,6
Venter,bleeding-hollow,576,paladin,retribution,12,6,6
Heniou,tichondrius,576,paladin,retribution,15,7,8
Smaugg,boulderfist,576,paladin,retribution,15,7,8
Xanaxlol,sargeras,576,paladin,retribution,16,7,9
Joshington,stormrage,576,paladin,retribution,21,7,14
Supasavage,maiev,576,paladin,retribution,18,6,12
Washavy,drakkari,576,paladin,retribution,18,6,12
Niksilp,malfurion,576,paladin,retribution,18,6,12
Nufi,magtheridon,576,paladin,retribution,18,6,12
Scarllye,illidan,576,paladin,retribution,18,6,12
Simplychi,area-52,576,paladin,retribution,18,6,12
Roamin,aggramar,576,paladin,retribution,18,6,12
Cairdk,ragnaros,576,paladin,retribution,18,6,12
Shaktii,ragnaros,576,paladin,retribution,18,6,12
Kochinodin,ragnaros,576,paladin,retribution,18,6,12
Femaledog,ragnaros,576,paladin,retribution,18,6,12
Gafgarrion,stormrage,576,paladin,retribution,18,6,12
Bovasaur,illidan,576,paladin,retribution,18,6,12
Omniknìght,stormrage,576,paladin,retribution,18,6,12
Kramsìb,ragnaros,576,paladin,retribution,18,6,12
Xpect,spinebreaker,576,paladin,retribution,18,6,12
Revivemeplzs,tichondrius,576,paladin,retribution,18,6,12
Astolfo,tortheldrin,576,paladin,retribution,18,6,12
Coachcarter,nerzhul,576,paladin,retribution,18,6,12
Lxwd,tichondrius,576,paladin,retribution,18,6,12
Hetodo,blood-furnace,576,paladin,retribution,18,6,12
Liandroa,stormrage,576,paladin,retribution,18,6,12
Kitkatkiller,illidan,576,paladin,retribution,18,6,12
Respect,moon-guard,576,paladin,retribution,18,6,12
Kaïty,azralon,576,paladin,retribution,18,6,12
Xkillz,korgath,576,paladin,retribution,18,6,12
Kreigvar,moon-guard,576,paladin,retribution,18,6,12
Líghts,caelestrasz,576,paladin,retribution,18,6,12
Ishuffle,malganis,576,paladin,retribution,18,6,12
Retz,tichondrius,576,paladin,retribution,18,6,12
Actionman,bleeding-hollow,576,paladin,retribution,18,6,12
Kronicle,bleeding-hollow,576,paladin,retribution,18,6,12
Shiftybugar,tichondrius,576,paladin,retribution,18,6,12
Kräthöz,quelthalas,576,paladin,retribution,18,6,12
Typheuz,wyrmrest-accord,576,paladin,retribution,24,6,18
Pusshoof,malganis,576,paladin,retribution,24,6,18
Holyhymen,mannoroth,576,paladin,retribution,24,6,18
Hojpack,tichondrius,576,paladin,retribution,24,6,18
Retski,thrall,576,paladin,retribution,24,6,18
Spoons,malganis,576,paladin,retribution,24,6,18
Exorcìst,tichondrius,576,paladin,retribution,24,6,18
Supermetroid,vashj,576,paladin,retribution,24,6,18
Dragrias,altar-of-storms,575,paladin,retribution,10,7,3
Enpyrian,azralon,575,paladin,retribution,12,6,6
Potiguar,azralon,575,paladin,retribution,12,6,6
Sihylde,quelthalas,575,paladin,retribution,12,6,6
Pugpally,quelthalas,575,paladin,retribution,12,6,6
Knobody,emerald-dream,575,paladin,retribution,12,6,6
Jolandrine,sargeras,575,paladin,retribution,12,6,6
Laluce,malganis,575,paladin,retribution,12,6,6
Butterbeanz,tanaris,575,paladin,retribution,12,6,6
Kelbii,sargeras,575,paladin,retribution,12,6,6
Ekhia,ragnaros,575,paladin,retribution,12,6,6
Fimm,quelthalas,575,paladin,retribution,12,6,6
Jotajotamz,quelthalas,575,paladin,retribution,12,6,6
Killmode,kelthuzad,575,paladin,retribution,12,6,6
Vanmauren,quelthalas,575,paladin,retribution,12,6,6
Toscadin,ragnaros,575,paladin,retribution,12,6,6
Yuzuru,mannoroth,575,paladin,retribution,12,6,6
Ikanacanyon,stormrage,575,paladin,retribution,12,6,6
Uritank,thrall,575,paladin,retribution,12,6,6
Yehovah,frostmourne,575,paladin,retribution,12,6,6
Detk,darrowmere,575,paladin,retribution,12,6,6
Vincentnero,runetotem,575,paladin,retribution,12,6,6
Skullblood,stormrage,575,paladin,retribution,12,6,6
Apollon,zuljin,575,paladin,retribution,12,6,6
Skyangel,illidan,575,paladin,retribution,12,6,6
Rubain,kiljaeden,575,paladin,retribution,12,6,6
Shaggrilla,trollbane,575,paladin,retribution,12,6,6
Jovolur,dalaran,575,paladin,retribution,12,6,6
Riival,stormrage,575,paladin,retribution,12,6,6
Dathroan,wyrmrest-accord,575,paladin,retribution,12,6,6
Blankei,stormrage,575,paladin,retribution,12,6,6
Blëssëd,zuljin,575,paladin,retribution,12,6,6
Chaviel,daggerspine,575,paladin,retribution,12,6,6
Crixius,eredar,575,paladin,retribution,12,6,6
Drágônbôrn,tichondrius,575,paladin,retribution,12,6,6
Warboard,tichondrius,575,paladin,retribution,15,7,8
Rymondo,sargeras,575,paladin,retribution,15,7,8
Helvris,moon-guard,575,paladin,retribution,13,6,7
Trekpii,area-52,575,paladin,retribution,13,6,7
Oceangal,illidan,575,paladin,retribution,18,6,12
Giita,quelthalas,575,paladin,retribution,18,6,12
Cropcircles,whisperwind,575,paladin,retribution,18,6,12
Nashtty,guldan,575,paladin,retribution,18,6,12
Paladatrox,ragnaros,575,paladin,retribution,18,6,12
Palpaladines,quelthalas,575,paladin,retribution,18,6,12
Faffyi,thunderlord,575,paladin,retribution,18,6,12
Goomie,icecrown,575,paladin,retribution,18,6,12
Anoleak,tichondrius,575,paladin,retribution,18,6,12
Haziel,darkspear,575,paladin,retribution,18,6,12
Valdi,stonemaul,575,paladin,retribution,18,6,12
Rheddbull,bonechewer,575,paladin,retribution,18,6,12
Vecknilashx,quelthalas,575,paladin,retribution,24,6,18
Killstien,illidan,575,paladin,retribution,24,6,18
Crithealss,dalaran,574,paladin,retribution,12,6,6
Korann,proudmoore,574,paladin,retribution,12,6,6
Akeero,khaz-modan,574,paladin,retribution,12,6,6
Freiror,azralon,574,paladin,retribution,12,6,6
Clasheoff,mannoroth,574,paladin,retribution,12,6,6
Waycooltwo,darrowmere,574,paladin,retribution,12,6,6
Ihmperiuus,quelthalas,574,paladin,retribution,12,6,6
Runebane,doomhammer,574,paladin,retribution,12,6,6
Belzibuth,zuljin,574,paladin,retribution,12,6,6
Kkrewk,illidan,574,paladin,retribution,12,6,6
Halordriest,tichondrius,574,paladin,retribution,18,6,12
Tamahu,azralon,574,paladin,retribution,18,6,12
Kuoch,shandris,573,paladin,retribution,18,6,12
Shakemup,stormrage,573,paladin,retribution,20,6,14
Callahan,frostwolf,572,paladin,retribution,12,6,6
Thorbrecht,moon-guard,572,paladin,retribution,12,6,6
Chadrickk,tichondrius,572,paladin,retribution,12,6,6
Escanorr,kargath,572,paladin,retribution,18,6,12
Cowna,stormrage,572,paladin,retribution,24,6,18
Kalerien,wildhammer,571,paladin,retribution,12,6,6
Ajaex,area-52,571,paladin,retribution,12,6,6
Lucent,duskwood,571,paladin,retribution,18,6,12
Stainless,magtheridon,571,paladin,retribution,18,6,12
Akirahikarri,frostwolf,571,paladin,retribution,24,6,18
Niáa,quelthalas,570,paladin,retribution,18,6,12
Ginwow,hakkar,570,paladin,retribution,18,6,12
Palâdino,azralon,568,paladin,retribution,21,7,14
Halldhyr,quelthalas,566,paladin,retribution,12,6,6
Epora,hakkar,561,paladin,retribution,42,6,36
Lorawynn,cenarion-circle,557,paladin,retribution,11,6,5
Ssggk,proudmoore,553,paladin,retribution,17,6,11
Lhury,quelthalas,549,paladin,retribution,36,9,27
Litara,malganis,544,paladin,retribution,16,6,10
Whoopsie,dragonmaw,543,paladin,retribution,11,6,5
Tereberos,moon-guard,543,paladin,retribution,11,6,5
Bringbackrmp,tichondrius,543,paladin,retribution,11,6,5
Zyllo,area-52,543,paladin,retribution,14,7,7
Holymanè,tichondrius,543,paladin,retribution,14,7,7
Unhólylight,kiljaeden,543,paladin,retribution,15,7,8
Gloren,garrosh,543,paladin,retribution,17,6,11
Bloodybill,frostmane,543,paladin,retribution,17,6,11
Suslazin,area-52,543,paladin,retribution,20,7,13
Sevrick,dalaran,542,paladin,retribution,11,6,5
Fødãø,azralon,542,paladin,retribution,11,6,5
Taegwyn,thunderlord,542,paladin,retribution,22,6,16
Criskaruz,ragnaros,542,paladin,retribution,23,6,17
Hadagoodlay,zuljin,528,paladin,retribution,15,6,9
Svaanah,moon-guard,527,paladin,retribution,11,6,5
Sucris,kelthuzad,527,paladin,retribution,11,6,5
Luvstopwn,akama,527,paladin,retribution,11,6,5
Tazzul,turalyon,527,paladin,retribution,15,7,8
Vardrik,darkspear,527,paladin,retribution,15,6,9
Yuriie,stormrage,527,paladin,retribution,17,6,11
Radiantheart,norgannon,525,paladin,retribution,11,6,5
Easiestclass,azshara,522,paladin,retribution,17,9,8
Naarumaster,stormrage,522,paladin,retribution,17,8,9
Briaelyne,tichondrius,522,paladin,retribution,25,8,17
Spoelstra,dragonmaw,522,paladin,retribution,35,8,27
Zealotry,tichondrius,520,paladin,retribution,26,7,19
Stârfôx,area-52,512,paladin,retribution,15,6,9
Nathaniel,galakrond,511,paladin,retribution,14,6,8
Vonmagnus,sargeras,511,paladin,retribution,16,6,10
Phelix,lightninghoof,511,paladin,retribution,16,6,10
ßìgdám,bleeding-hollow,511,paladin,retribution,17,6,11
Javiermiléi,quelthalas,511,paladin,retribution,26,6,20
Torrthak,area-52,496,paladin,retribution,13,6,7
Pemodyne,illidan,495,paladin,retribution,13,6,7
Spàrhawke,stormrage,495,paladin,retribution,13,6,7
Fionax,frostmourne,495,paladin,retribution,21,6,15
Senorwang,dalaran,494,paladin,retribution,13,6,7
Ilse,deathwing,480,paladin,retribution,6,5,1
Wabnote,twisting-nether,480,paladin,retribution,6,5,1
Bauschret,thrall,480,paladin,retribution,6,5,1
Rekindle,barthilas,480,paladin,retribution,6,5,1
Bubblybuns,proudmoore,480,paladin,retribution,6,5,1
Corevp,frostmourne,480,paladin,retribution,6,5,1
Tenkäi,quelthalas,480,paladin,retribution,6,5,1
Pickleparker,stormrage,480,paladin,retribution,6,5,1
Gayonhands,proudmoore,480,paladin,retribution,6,5,1
Bwonmin,zuljin,480,paladin,retribution,6,5,1
Rangedmelee,stormrage,480,paladin,retribution,6,5,1
Ensaladatoss,emerald-dream,480,paladin,retribution,6,5,1
Ahart,tichondrius,480,paladin,retribution,6,5,1
Wambo,emerald-dream,480,paladin,retribution,6,5,1
Dragon,uldum,480,paladin,retribution,6,5,1
Dawnhammer,mugthol,480,paladin,retribution,6,5,1
Moozafa,kiljaeden,480,paladin,retribution,6,5,1
Lafasíta,ragnaros,480,paladin,retribution,6,5,1
Mandymuze,illidan,480,paladin,retribution,6,5,1
Einjerhar,quelthalas,480,paladin,retribution,6,5,1
Ganrof,mugthol,480,paladin,retribution,6,5,1
Van,tichondrius,480,paladin,retribution,6,5,1
Pizzapocket,windrunner,480,paladin,retribution,6,5,1
Everwaken,ragnaros,480,paladin,retribution,6,5,1
Fistrozenemy,illidan,480,paladin,retribution,6,5,1
Mythîcxd,tichondrius,480,paladin,retribution,6,5,1
Mìkó,sargeras,480,paladin,retribution,6,5,1
Adrieoss,stormrage,480,paladin,retribution,6,5,1
Pulling,sargeras,480,paladin,retribution,6,5,1
Silviis,stormrage,480,paladin,retribution,6,5,1
Speedlight,ragnaros,480,paladin,retribution,6,5,1
Gramsby,aggramar,480,paladin,retribution,6,5,1
Oldlemon,tichondrius,480,paladin,retribution,6,5,1
Kimitail,tichondrius,480,paladin,retribution,6,5,1
Demetriusxy,tichondrius,480,paladin,retribution,6,5,1
Kongo,darkspear,480,paladin,retribution,6,5,1
Romeh,malganis,480,paladin,retribution,8,5,3
Bootscrapper,sargeras,480,paladin,retribution,11,6,5
Siamac,illidan,480,paladin,retribution,13,7,6
Goodwood,ghostlands,480,paladin,retribution,12,6,6
Undefeatæd,korgath,480,paladin,retribution,12,5,7
Jinuhn,illidan,480,paladin,retribution,12,5,7
Judexd,frostmourne,480,paladin,retribution,12,5,7
Beatman,blades-edge,480,paladin,retribution,12,5,7
Shiningtendi,aerie-peak,480,paladin,retribution,12,5,7
Farmerzonly,tichondrius,480,paladin,retribution,12,5,7
Wahpop,sargeras,480,paladin,retribution,12,5,7
Valkaurus,drakkari,480,paladin,retribution,12,5,7
Rhaegorn,drakkari,480,paladin,retribution,12,5,7
Joonzu,frostmane,480,paladin,retribution,12,5,7
Kirklandbeef,gorefiend,480,paladin,retribution,12,5,7
Pussandboots,cairne,480,paladin,retribution,12,5,7
Hegarth,archimonde,480,paladin,retribution,12,5,7
Tanrid,moon-guard,480,paladin,retribution,12,5,7
Holydawa,zuljin,480,paladin,retribution,12,5,7
Bold,frostmourne,480,paladin,retribution,12,5,7
Methor,thrall,480,paladin,retribution,12,5,7
Sabericdos,proudmoore,480,paladin,retribution,12,5,7
Delaswing,quelthalas,480,paladin,retribution,12,5,7
Gavriel,quelthalas,480,paladin,retribution,12,5,7
Dehya,sargeras,480,paladin,retribution,12,5,7
Lightknight,lothar,480,paladin,retribution,12,5,7
Héathèn,area-52,480,paladin,retribution,12,5,7
Itaghí,sargeras,480,paladin,retribution,12,5,7
Vain,shuhalo,480,paladin,retribution,12,5,7
Cranick,bleeding-hollow,480,paladin,retribution,12,5,7
Shieldgrab,illidan,480,paladin,retribution,12,5,7
Noleyboo,proudmoore,480,paladin,retribution,12,5,7
Emotiza,illidan,480,paladin,retribution,12,5,7
Jaenus,azralon,480,paladin,retribution,12,5,7
Illuminatia,firetree,480,paladin,retribution,12,5,7
Redearth,bleeding-hollow,480,paladin,retribution,12,5,7
Pallypallyy,aerie-peak,480,paladin,retribution,12,5,7
Òtis,illidan,480,paladin,retribution,12,5,7
Nydenn,area-52,480,paladin,retribution,12,5,7
Pirupiru,quelthalas,480,paladin,retribution,12,5,7
Baelmun,thrall,480,paladin,retribution,12,5,7
Bigolhammer,khadgar,480,paladin,retribution,12,5,7
Namiiswan,area-52,480,paladin,retribution,12,5,7
Ravage,lothar,480,paladin,retribution,12,5,7
Cedwarlancy,sargeras,480,paladin,retribution,12,5,7
Trinkhammer,illidan,480,paladin,retribution,12,5,7
Hkingx,frostwolf,480,paladin,retribution,12,5,7
Holyham,bonechewer,480,paladin,retribution,12,5,7
Shinymoo,laughing-skull,480,paladin,retribution,12,5,7
Swoliikus,kelthuzad,480,paladin,retribution,12,5,7
Dipho,illidan,480,paladin,retribution,12,5,7
Luxetveritas,tichondrius,480,paladin,retribution,12,5,7
Mikewazowski,chogall,480,paladin,retribution,12,5,7
Rikku,undermine,480,paladin,retribution,12,5,7
Aaronciy,tichondrius,480,paladin,retribution,12,5,7
Gotenks,trollbane,480,paladin,retribution,12,5,7
Mikeawk,tichondrius,480,paladin,retribution,12,5,7
Aeolus,uldaman,480,paladin,retribution,12,5,7
Varezion,vashj,480,paladin,retribution,12,5,7
Toojazzyleah,proudmoore,480,paladin,retribution,12,5,7
Critadins,thrall,480,paladin,retribution,12,5,7
Caityline,azralon,480,paladin,retribution,12,5,7
Faithkiller,garrosh,480,paladin,retribution,12,5,7
Ankmael,ragnaros,480,paladin,retribution,12,5,7
Isevp,illidan,480,paladin,retribution,12,5,7
Akain,tichondrius,480,paladin,retribution,12,5,7
Nohtu,quelthalas,480,paladin,retribution,12,5,7
Hekcthor,ragnaros,480,paladin,retribution,12,5,7
Níngjìngy,tichondrius,480,paladin,retribution,12,5,7
Wetterguuch,area-52,480,paladin,retribution,12,5,7
Shadòw,emerald-dream,480,paladin,retribution,12,5,7
Thickgirl,bleeding-hollow,480,paladin,retribution,12,5,7
Zulyourmom,tichondrius,480,paladin,retribution,12,5,7
Luminali,frostwolf,480,paladin,retribution,12,5,7
Swishey,tichondrius,480,paladin,retribution,12,5,7
Holytankadin,alleria,480,paladin,retribution,12,5,7
Yoroding,tichondrius,480,paladin,retribution,12,5,7
Röniin,ragnaros,480,paladin,retribution,12,5,7
Jonbonholy,sargeras,480,paladin,retribution,12,5,7
Thrasheric,ragnaros,480,paladin,retribution,12,5,7
Suddify,area-52,480,paladin,retribution,12,5,7
Liadryn,kiljaeden,480,paladin,retribution,12,5,7
Ssawsy,illidan,480,paladin,retribution,12,5,7
Únhøly,aegwynn,480,paladin,retribution,12,5,7
Tisu,kiljaeden,480,paladin,retribution,12,5,7
Saulhudson,bleeding-hollow,480,paladin,retribution,12,5,7
Randvi,sargeras,480,paladin,retribution,12,5,7
Perasticus,garrosh,480,paladin,retribution,12,5,7
Morganlily,moon-guard,480,paladin,retribution,12,5,7
Balmain,moon-guard,480,paladin,retribution,12,5,7
Diplomacy,illidan,480,paladin,retribution,12,5,7
Dimsimbar,frostmourne,480,paladin,retribution,12,5,7
Bigbleuu,kiljaeden,480,paladin,retribution,12,5,7
Hotnchocolat,stormrage,480,paladin,retribution,12,5,7
Minzyp,illidan,480,paladin,retribution,12,5,7
Gotwingz,moon-guard,480,paladin,retribution,12,5,7
Retbad,hyjal,480,paladin,retribution,12,5,7
Callandør,illidan,480,paladin,retribution,12,5,7
Gennara,ragnaros,480,paladin,retribution,12,5,7
Lastal,kiljaeden,480,paladin,retribution,12,5,7
Shinigammi,tichondrius,480,paladin,retribution,12,5,7
Wonas,ragnaros,480,paladin,retribution,12,5,7
Loctherion,ragnaros,480,paladin,retribution,12,5,7
Crucifuk,sargeras,480,paladin,retribution,12,5,7
Xizzor,darkspear,480,paladin,retribution,12,5,7
Theraptos,frostmourne,480,paladin,retribution,12,5,7
Lücid,arthas,480,paladin,retribution,12,5,7
Metalpriest,shattered-halls,480,paladin,retribution,12,5,7
Kuyueh,tichondrius,480,paladin,retribution,12,5,7
Juiol,frostmourne,480,paladin,retribution,12,5,7
Foxesshadow,tichondrius,480,paladin,retribution,12,5,7
Dirtbagg,demon-soul,480,paladin,retribution,12,5,7
Airane,sargeras,480,paladin,retribution,12,5,7
Soncar,dalvengyr,480,paladin,retribution,12,5,7
Chenghisret,tichondrius,480,paladin,retribution,12,5,7
Hurkalzul,azralon,480,paladin,retribution,12,5,7
Banglin,draenor,480,paladin,retribution,12,5,7
Berapal,tichondrius,480,paladin,retribution,12,5,7
Rakkhalar,ragnaros,480,paladin,retribution,12,5,7
Ganster,dreadmaul,480,paladin,retribution,12,5,7
Lumpylot,sargeras,480,paladin,retribution,12,5,7
Líønheart,stormrage,480,paladin,retribution,12,5,7
Silreck,ragnaros,480,paladin,retribution,12,5,7
Fistopain,staghelm,480,paladin,retribution,12,5,7
Nyc,sargeras,480,paladin,retribution,12,5,7
Kaelel,barthilas,480,paladin,retribution,12,5,7
Alexpalad,sargeras,480,paladin,retribution,12,5,7
Kithrah,dathremar,480,paladin,retribution,12,5,7
Daddyspit,arthas,480,paladin,retribution,12,5,7
Shadomourne,arthas,480,paladin,retribution,12,5,7
Xs,nagrand,480,paladin,retribution,12,5,7
Dinobe,arthas,480,paladin,retribution,12,5,7
Heyboboh,sargeras,480,paladin,retribution,12,5,7
Eonos,durotan,480,paladin,retribution,12,5,7
Mickelodeon,sargeras,480,paladin,retribution,12,5,7
Hallastus,stormrage,480,paladin,retribution,12,5,7
Hattie,arthas,480,paladin,retribution,12,5,7
Selentia,shadowmoon,480,paladin,retribution,12,5,7
Merphy,tichondrius,480,paladin,retribution,12,5,7
Jadedx,stormrage,480,paladin,retribution,12,5,7
Meith,ragnaros,480,paladin,retribution,12,5,7
Zhspeilian,tichondrius,480,paladin,retribution,17,7,10
Freerating,moon-guard,480,paladin,retribution,15,6,9
Ckrim,malganis,480,paladin,retribution,16,5,11
Thepeony,tichondrius,480,paladin,retribution,17,5,12
Justtyce,scarlet-crusade,480,paladin,retribution,18,5,13
Razuel,frostmourne,480,paladin,retribution,18,5,13
Papazon,tichondrius,480,paladin,retribution,18,5,13
Seraphim,tichondrius,480,paladin,retribution,18,5,13
Ilsey,ragnaros,480,paladin,retribution,18,5,13
Deecompose,sargeras,480,paladin,retribution,18,5,13
Alibuda,tichondrius,480,paladin,retribution,18,5,13
Zightmare,azralon,480,paladin,retribution,18,5,13
Odiato,stormrage,480,paladin,retribution,18,5,13
Gashlycrumb,tichondrius,480,paladin,retribution,18,5,13
Sleepybiden,darkspear,480,paladin,retribution,18,5,13
Downs,tichondrius,480,paladin,retribution,18,5,13
Theril,kelthuzad,480,paladin,retribution,18,5,13
Furrpally,tichondrius,480,paladin,retribution,18,5,13
Purged,wyrmrest-accord,480,paladin,retribution,18,5,13
Photons,emerald-dream,480,paladin,retribution,18,5,13
Tyronethebbc,tichondrius,480,paladin,retribution,18,5,13
Tikkun,area-52,480,paladin,retribution,18,5,13
Bigboynathan,frostmourne,480,paladin,retribution,18,5,13
Tivorr,proudmoore,480,paladin,retribution,18,5,13
Iridicent,quelthalas,480,paladin,retribution,18,5,13
Ztpz,illidan,480,paladin,retribution,18,5,13
Spótt,stormrage,480,paladin,retribution,18,5,13
Moltensilver,emerald-dream,480,paladin,retribution,18,5,13
Unspankable,burning-legion,480,paladin,retribution,18,5,13
Melgamis,quelthalas,480,paladin,retribution,18,5,13
Spunkbringer,zuljin,480,paladin,retribution,18,5,13
Reehzlol,stormrage,480,paladin,retribution,18,5,13
Harke,drakkari,480,paladin,retribution,18,5,13
Grïmaldus,moon-guard,480,paladin,retribution,19,5,14
Firexfist,gurubashi,480,paladin,retribution,24,5,19
Bullworm,ragnaros,480,paladin,retribution,24,5,19
Azdan,ragnaros,480,paladin,retribution,30,5,25
Reidolitrao,nemesis,479,paladin,retribution,6,5,1
Kremation,zuljin,479,paladin,retribution,6,5,1
Ajaxen,azshara,479,paladin,retribution,6,5,1
Creton,magtheridon,479,paladin,retribution,6,5,1
Palaknight,tichondrius,479,paladin,retribution,6,5,1
Asttryd,barthilas,479,paladin,retribution,12,7,5
Sgtskittles,aggramar,479,paladin,retribution,12,5,7
Zelrich,moon-guard,479,paladin,retribution,12,5,7
Cóg,area-52,479,paladin,retribution,12,5,7
Ðarksealz,laughing-skull,479,paladin,retribution,12,5,7
Inqa,thunderlord,479,paladin,retribution,12,5,7
Khels,gilneas,479,paladin,retribution,12,5,7
Luxuriousman,fizzcrank,479,paladin,retribution,12,5,7
Memoríez,zuljin,479,paladin,retribution,12,5,7
Hulc,ysera,479,paladin,retribution,12,5,7
Murderous,frostmourne,479,paladin,retribution,12,5,7
Reedeemer,bonechewer,479,paladin,retribution,12,5,7
Ashera,amanthul,479,paladin,retribution,12,5,7
Krabbiepatty,wyrmrest-accord,479,paladin,retribution,12,5,7
Noctis,nerzhul,479,paladin,retribution,12,5,7
Chrisqwa,sargeras,479,paladin,retribution,12,5,7
Gruñ,quelthalas,479,paladin,retribution,12,5,7
Orrvar,tichondrius,479,paladin,retribution,12,5,7
Kaylafell,kelthuzad,479,paladin,retribution,12,5,7
Farvadin,illidan,479,paladin,retribution,12,5,7
Minjikim,tichondrius,479,paladin,retribution,12,5,7
Maswell,emerald-dream,479,paladin,retribution,12,5,7
Giricoret,azralon,479,paladin,retribution,12,5,7
Evielia,tichondrius,479,paladin,retribution,12,5,7
Robz,malygos,479,paladin,retribution,12,5,7
Nalahra,moon-guard,479,paladin,retribution,15,6,9
Jankytank,area-52,479,paladin,retribution,17,5,12
Oilme,bleeding-hollow,479,paladin,retribution,18,5,13
Agelikos,moon-guard,479,paladin,retribution,18,5,13
Holyzolt,zuljin,479,paladin,retribution,18,5,13
Griz,magtheridon,479,paladin,retribution,18,5,13
Provail,stormrage,479,paladin,retribution,18,5,13
Kajoruun,bleeding-hollow,479,paladin,retribution,24,5,19
Palypunchh,darrowmere,478,paladin,retribution,12,6,6
Chengduqq,illidan,478,paladin,retribution,12,5,7
Herbzilla,haomarush,478,paladin,retribution,12,5,7
Ashheart,the-venture-co,478,paladin,retribution,12,5,7
Røusseff,azralon,478,paladin,retribution,12,5,7
Lagun,wyrmrest-accord,478,paladin,retribution,12,5,7
Reverend,thunderlord,478,paladin,retribution,12,5,7
Methathrom,azralon,478,paladin,retribution,12,5,7
Impia,tichondrius,478,paladin,retribution,12,5,7
Neipala,ragnaros,478,paladin,retribution,12,5,7
Alvis,kiljaeden,478,paladin,retribution,24,5,19
Vonfraud,lightbringer,478,paladin,retribution,24,5,19
Jammsheed,arthas,477,paladin,retribution,12,5,7
Benzen,bleeding-hollow,477,paladin,retribution,12,5,7
Anard,eredar,477,paladin,retribution,13,5,8
Tatgrim,drakkari,477,paladin,retribution,18,5,13
Kaminasol,quelthalas,477,paladin,retribution,18,5,13
Pedromuulos,misha,477,paladin,retribution,24,5,19
Nastenatren,steamwheedle-cartel,477,paladin,retribution,24,5,19
Solstein,dalaran,474,paladin,retribution,12,5,7
Torms,illidan,463,paladin,retribution,15,7,8
Kforty,kiljaeden,458,paladin,retribution,18,7,11
Thepallyx,silvermoon,448,paladin,retribution,16,5,11
Lamp,lothar,447,paladin,retribution,8,6,2
Remake,stormrage,447,paladin,retribution,8,6,2
Tsubakî,norgannon,447,paladin,retribution,11,5,6
Jireen,tichondrius,447,paladin,retribution,11,5,6
Asarul,ragnaros,447,paladin,retribution,14,6,8
Hoeliekow,dalaran,446,paladin,retribution,18,7,11
Clarïtý,stormrage,446,paladin,retribution,20,6,14
Holythanos,bleeding-hollow,445,paladin,retribution,17,5,12
Árèz,frostmourne,441,paladin,retribution,17,7,10
Darkgoku,malfurion,432,paladin,retribution,9,6,3
Lorgax,alterac-mountains,432,paladin,retribution,15,5,10
Neverforgot,quelthalas,431,paladin,retribution,11,5,6
Threnødy,malganis,431,paladin,retribution,11,5,6
Zzf,turalyon,431,paladin,retribution,11,5,6
Dreadrein,tichondrius,431,paladin,retribution,11,5,6
Anoxis,tichondrius,431,paladin,retribution,11,5,6
Sinsy,moon-guard,431,paladin,retribution,11,5,6
Thomir,tichondrius,431,paladin,retribution,11,5,6
Dolorîo,ragnaros,431,paladin,retribution,11,5,6
Ahzreal,garona,426,paladin,retribution,16,8,8
Hálløwéð,firetree,426,paladin,retribution,14,6,8
Stankylordz,sargeras,426,paladin,retribution,19,8,11
Ashley,sargeras,426,paladin,retribution,15,6,9
Fálko,azralon,426,paladin,retribution,17,6,11
Rashrind,moon-guard,426,paladin,retribution,23,8,15
Sundher,ragnaros,426,paladin,retribution,29,7,22
Kimochiyuh,illidan,425,paladin,retribution,17,7,10
Arkmedys,azralon,425,paladin,retribution,16,6,10
Retoric,maelstrom,425,paladin,retribution,22,6,16
Yemotis,emerald-dream,416,paladin,retribution,10,5,5
Molodino,nemesis,416,paladin,retribution,10,5,5
Ææøææøææøææø,illidan,416,paladin,retribution,10,5,5
Lndrenk,gallywix,416,paladin,retribution,13,5,8
Divinedabs,stormrage,416,paladin,retribution,22,5,17
Stahny,thrall,415,paladin,retribution,10,5,5
Hrödric,stormrage,415,paladin,retribution,11,5,6
Saviorsavior,bleeding-hollow,415,paladin,retribution,11,5,6
Epxilon,ragnaros,415,paladin,retribution,14,5,9
Argonis,shadowsong,415,paladin,retribution,14,5,9
Xyandrena,draka,415,paladin,retribution,14,5,9
Waffulzz,moonrunner,415,paladin,retribution,20,5,15
Rainingrets,tichondrius,404,paladin,retribution,28,10,18
Thechoseno,tichondrius,400,paladin,retribution,13,5,8
Iamriched,illidan,400,paladin,retribution,13,5,8
Sydnneeyy,kelthuzad,399,paladin,retribution,5,5,0
Clenbuterolx,frostmourne,399,paladin,retribution,5,5,0
Anaken,dalaran,399,paladin,retribution,5,5,0
Plottwists,bleeding-hollow,384,paladin,retribution,6,4,2
Debonaire,cenarion-circle,384,paladin,retribution,6,4,2
Holykevobird,maiev,384,paladin,retribution,6,4,2
Ashlín,sargeras,384,paladin,retribution,6,4,2
Pronther,ragnaros,384,paladin,retribution,6,4,2
Tyranoss,azralon,384,paladin,retribution,6,4,2
Bastila,zuljin,384,paladin,retribution,6,4,2
Goontaa,staghelm,384,paladin,retribution,6,4,2
Hugëhammer,emerald-dream,384,paladin,retribution,6,4,2
Gooeylouie,thunderlord,384,paladin,retribution,6,4,2
Vèltro,boulderfist,384,paladin,retribution,6,4,2
Ironpallyx,garrosh,384,paladin,retribution,6,4,2
Darklyght,madoran,384,paladin,retribution,6,4,2
Reclusiarch,tichondrius,384,paladin,retribution,6,4,2
Lalatinaford,amanthul,384,paladin,retribution,6,4,2
Owllii,frostwolf,384,paladin,retribution,6,4,2
Koal,area-52,384,paladin,retribution,6,4,2
Holywingz,moon-guard,384,paladin,retribution,6,4,2
Thottylight,stormrage,384,paladin,retribution,6,4,2
Plateßound,black-dragonflight,384,paladin,retribution,6,4,2
Vihd,illidan,384,paladin,retribution,6,4,2
Babylonfive,zuluhed,384,paladin,retribution,6,4,2
Heyroe,madoran,384,paladin,retribution,6,4,2
Ödïösïtä,area-52,384,paladin,retribution,6,4,2
Temptrez,bleeding-hollow,384,paladin,retribution,6,4,2
Laventus,area-52,384,paladin,retribution,6,4,2
Dazztrain,barthilas,384,paladin,retribution,6,4,2
Ascencer,spirestone,384,paladin,retribution,6,4,2
Ashgrim,kiljaeden,384,paladin,retribution,6,4,2
Rohlin,boulderfist,384,paladin,retribution,6,4,2
Xöchïqüëtzäl,tichondrius,384,paladin,retribution,6,4,2
Flfltmf,tichondrius,384,paladin,retribution,6,4,2
Leroyspankin,gorgonnash,384,paladin,retribution,6,4,2
Impitoyable,illidan,384,paladin,retribution,6,4,2
Canibaluy,ragnaros,384,paladin,retribution,6,4,2
Bubblebùtt,tichondrius,384,paladin,retribution,6,4,2
Leoros,blackrock,384,paladin,retribution,6,4,2
Killdamned,nemesis,384,paladin,retribution,6,4,2
Doç,stormrage,384,paladin,retribution,6,4,2
Stavs,tichondrius,384,paladin,retribution,6,4,2
Annkha,stormrage,384,paladin,retribution,6,4,2
Aohxmathoss,zuljin,384,paladin,retribution,6,4,2
Reckoniing,moon-guard,384,paladin,retribution,6,4,2
Notaefc,icecrown,384,paladin,retribution,6,4,2
Massiveloser,kelthuzad,384,paladin,retribution,6,4,2
Daddyvladdy,illidan,384,paladin,retribution,6,4,2
Shadp,frostmourne,384,paladin,retribution,6,4,2
Brilhosa,azralon,384,paladin,retribution,6,4,2
Farlayne,quelthalas,384,paladin,retribution,6,4,2
Sensatione,tichondrius,384,paladin,retribution,6,4,2
Everret,tichondrius,384,paladin,retribution,6,4,2
Sasukee,quelthalas,384,paladin,retribution,6,4,2
Kajsi,barthilas,384,paladin,retribution,6,4,2
Smunder,wyrmrest-accord,384,paladin,retribution,6,4,2
Raphaelo,tichondrius,384,paladin,retribution,6,4,2
Dräcôniss,area-52,384,paladin,retribution,6,4,2
Truekylos,tichondrius,384,paladin,retribution,6,4,2
Aswaran,jaedenar,384,paladin,retribution,6,4,2
Wyrmblood,moon-guard,384,paladin,retribution,6,4,2
Ziradin,tichondrius,384,paladin,retribution,6,4,2
Trynith,area-52,384,paladin,retribution,6,4,2
Nayters,stormreaver,384,paladin,retribution,6,4,2
Protopally,zuljin,384,paladin,retribution,6,4,2
Maeldart,quelthalas,384,paladin,retribution,6,4,2
Slakyph,zuljin,384,paladin,retribution,6,4,2
Lothremar,stormrage,384,paladin,retribution,6,4,2
Cenital,quelthalas,384,paladin,retribution,6,4,2
Luviah,proudmoore,384,paladin,retribution,6,4,2
Trisøn,area-52,384,paladin,retribution,6,4,2
Taiffan,azralon,384,paladin,retribution,6,4,2
Crewsade,sargeras,384,paladin,retribution,6,4,2
Sentence,moon-guard,384,paladin,retribution,6,4,2
Vxm,illidan,384,paladin,retribution,6,4,2
Mesiaussx,area-52,384,paladin,retribution,6,4,2
Krewe,uldaman,384,paladin,retribution,6,4,2
Legionare,quelthalas,384,paladin,retribution,6,4,2
Gilgamesh,moonrunner,384,paladin,retribution,6,4,2
Hammersdown,stormrage,384,paladin,retribution,6,4,2
Täintcrusher,illidan,384,paladin,retribution,6,4,2
Chunggus,eredar,384,paladin,retribution,6,4,2
Aymer,thrall,384,paladin,retribution,6,4,2
Anstyl,moon-guard,384,paladin,retribution,6,4,2
Redempshun,drenden,384,paladin,retribution,6,4,2
Lilpéep,area-52,384,paladin,retribution,6,4,2
Dartárok,ragnaros,384,paladin,retribution,6,4,2
Salithan,gilneas,384,paladin,retribution,6,4,2
Daylit,area-52,384,paladin,retribution,6,4,2
Kaypross,area-52,384,paladin,retribution,6,4,2
Patrikuu,tichondrius,384,paladin,retribution,6,4,2
Seven,blackwing-lair,384,paladin,retribution,6,4,2
Bmorezaddy,tichondrius,384,paladin,retribution,6,4,2
Inactive,gilneas,384,paladin,retribution,6,4,2
Dyreilas,stormrage,384,paladin,retribution,6,4,2
Ittypally,thrall,384,paladin,retribution,6,4,2
Crocfacex,tichondrius,384,paladin,retribution,6,4,2
Giancarloss,quelthalas,384,paladin,retribution,6,4,2
Anaxxie,azralon,384,paladin,retribution,6,4,2
Drakewood,moon-guard,384,paladin,retribution,6,4,2
Pray,thunderlord,384,paladin,retribution,6,4,2
Couraegus,azgalor,384,paladin,retribution,6,4,2
Heilsleicht,thrall,384,paladin,retribution,6,4,2
Merlinä,illidan,384,paladin,retribution,7,4,3
Silicä,dark-iron,384,paladin,retribution,10,5,5
Bigddady,quelthalas,384,paladin,retribution,8,4,4
Armilus,area-52,384,paladin,retribution,11,5,6
Minaxx,dalaran,384,paladin,retribution,9,4,5
Unluckopal,illidan,384,paladin,retribution,11,4,7
Thõre,frostmourne,384,paladin,retribution,15,5,10
Sigmapepe,quelthalas,384,paladin,retribution,12,4,8
Prettylightx,kelthuzad,384,paladin,retribution,12,4,8
Leail,frostmourne,384,paladin,retribution,12,4,8
Réxul,ragnaros,384,paladin,retribution,12,4,8
Sethy,feathermoon,384,paladin,retribution,12,4,8
Ðorlie,malganis,384,paladin,retribution,12,4,8
Picorii,frostmourne,384,paladin,retribution,12,4,8
Oppaladin,elune,384,paladin,retribution,12,4,8
Tufybighamer,malganis,384,paladin,retribution,12,4,8
Turahk,amanthul,384,paladin,retribution,12,4,8
Tymy,tichondrius,384,paladin,retribution,12,4,8
Kynndra,azralon,384,paladin,retribution,12,4,8
Rightz,muradin,384,paladin,retribution,12,4,8
Roodictz,zuljin,384,paladin,retribution,12,4,8
Boehab,silvermoon,384,paladin,retribution,12,4,8
Joepepperoni,korgath,384,paladin,retribution,12,4,8
Exolust,dalaran,384,paladin,retribution,12,4,8
Evilmoocow,grizzly-hills,384,paladin,retribution,12,4,8
Kyrianjutsu,area-52,384,paladin,retribution,12,4,8
Crystahlmeth,sargeras,384,paladin,retribution,12,4,8
Niolite,ragnaros,384,paladin,retribution,12,4,8
Avataar,blades-edge,384,paladin,retribution,12,4,8
Lokkillos,drakkari,384,paladin,retribution,12,4,8
Varuul,nerzhul,384,paladin,retribution,12,4,8
Bubblendash,stormrage,384,paladin,retribution,12,4,8
Craphtyßop,zuljin,384,paladin,retribution,12,4,8
Bracen,emerald-dream,384,paladin,retribution,12,4,8
Aricen,thunderhorn,384,paladin,retribution,12,4,8
Paldan,illidan,384,paladin,retribution,12,4,8
Jeddmaus,tichondrius,384,paladin,retribution,12,4,8
Crazysyco,proudmoore,384,paladin,retribution,12,4,8
Pogwogs,illidan,384,paladin,retribution,12,4,8
Hølyknìght,tichondrius,384,paladin,retribution,12,4,8
Juliusplzher,area-52,384,paladin,retribution,12,4,8
Botch,drenden,384,paladin,retribution,12,4,8
Senion,velen,384,paladin,retribution,12,4,8
Stöny,illidan,384,paladin,retribution,12,4,8
Msjudged,blackrock,384,paladin,retribution,12,4,8
Treboroyal,area-52,384,paladin,retribution,12,4,8
Mikeelul,tichondrius,384,paladin,retribution,12,4,8
Kegari,tichondrius,384,paladin,retribution,12,4,8
Tyrfall,akama,384,paladin,retribution,12,4,8
Drakensang,tichondrius,384,paladin,retribution,12,4,8
Bangerr,bonechewer,384,paladin,retribution,12,4,8
Kiami,tichondrius,384,paladin,retribution,12,4,8
Grimdel,moon-guard,384,paladin,retribution,12,4,8
Kratosq,tichondrius,384,paladin,retribution,12,4,8
Moshio,nagrand,384,paladin,retribution,12,4,8
Wards,thunderlord,384,paladin,retribution,12,4,8
Kamianna,tichondrius,384,paladin,retribution,12,4,8
Slimxx,burning-blade,384,paladin,retribution,12,4,8
Korijame,area-52,384,paladin,retribution,12,4,8
Zakh,proudmoore,384,paladin,retribution,12,4,8
Lenneth,nordrassil,384,paladin,retribution,12,4,8
Tâbris,tichondrius,384,paladin,retribution,12,4,8
Jimithing,senjin,384,paladin,retribution,12,4,8
Ddawz,proudmoore,384,paladin,retribution,12,4,8
Whoowhat,zuljin,384,paladin,retribution,12,4,8
Simpforomenx,emerald-dream,384,paladin,retribution,12,4,8
Salvatores,ragnaros,384,paladin,retribution,12,4,8
Fengyutongqs,tichondrius,384,paladin,retribution,12,4,8
Sunglow,skywall,384,paladin,retribution,12,4,8
Coltoniac,kaelthas,384,paladin,retribution,12,4,8
Goloh,shadowmoon,384,paladin,retribution,12,4,8
Lightmodel,sargeras,384,paladin,retribution,12,4,8
Baptism,shattered-hand,384,paladin,retribution,12,4,8
Thêirin,lightbringer,384,paladin,retribution,12,4,8
Ippótis,sargeras,384,paladin,retribution,12,4,8
Thejüdge,malfurion,384,paladin,retribution,12,4,8
Liongolden,azralon,384,paladin,retribution,12,4,8
Barrelbeast,proudmoore,384,paladin,retribution,12,4,8
Thaleros,tichondrius,384,paladin,retribution,12,4,8
Greenracer,kiljaeden,384,paladin,retribution,12,4,8
Thorkell,moon-guard,384,paladin,retribution,12,4,8
Andromëdä,hyjal,384,paladin,retribution,12,4,8
Sweettartts,zuljin,384,paladin,retribution,12,4,8
Vhaun,cairne,384,paladin,retribution,12,4,8
Illhaveacoke,moon-guard,384,paladin,retribution,12,4,8
Holywrecked,khazgoroth,384,paladin,retribution,12,4,8
Oroürke,stormrage,384,paladin,retribution,12,4,8
Uver,tichondrius,384,paladin,retribution,12,4,8
Øathßreaker,laughing-skull,384,paladin,retribution,12,4,8
Fiorena,malganis,384,paladin,retribution,12,4,8
Justsaiyen,bleeding-hollow,384,paladin,retribution,12,4,8
Voro,barthilas,384,paladin,retribution,12,4,8
Mirâ,tichondrius,384,paladin,retribution,12,4,8
Holykhan,blades-edge,384,paladin,retribution,12,4,8
Simonis,windrunner,384,paladin,retribution,12,4,8
Tirinor,malganis,384,paladin,retribution,12,4,8
Tëmplar,bleeding-hollow,384,paladin,retribution,12,4,8
Dionysius,silvermoon,384,paladin,retribution,12,4,8
Eettooko,aegwynn,384,paladin,retribution,12,4,8
Nicc,kelthuzad,384,paladin,retribution,12,4,8
Adrn,tichondrius,384,paladin,retribution,12,4,8
Pallyforeva,sargeras,384,paladin,retribution,12,4,8
Retspec,darkspear,384,paladin,retribution,12,4,8
Eddf,ursin,384,paladin,retribution,12,4,8
Glexann,sargeras,384,paladin,retribution,12,4,8
Norider,trollbane,384,paladin,retribution,12,4,8
Dezul,stormscale,384,paladin,retribution,12,4,8
Smöke,frostmourne,384,paladin,retribution,12,4,8
Gerudö,stormrage,384,paladin,retribution,12,4,8
Lépéedophil,zuljin,384,paladin,retribution,12,4,8
Bauldrin,moon-guard,384,paladin,retribution,12,4,8
Icekiss,tichondrius,384,paladin,retribution,12,4,8
Elflicious,illidan,384,paladin,retribution,12,4,8
Kanachi,bleeding-hollow,384,paladin,retribution,12,4,8
Dose,moon-guard,384,paladin,retribution,12,4,8
Smontis,sargeras,384,paladin,retribution,12,4,8
Enriqûe,ragnaros,384,paladin,retribution,12,4,8
Strugglèbus,thrall,384,paladin,retribution,12,4,8
Rouzygoozy,illidan,384,paladin,retribution,12,4,8
Veshral,arthas,384,paladin,retribution,12,4,8
Dohsevèn,tichondrius,384,paladin,retribution,12,4,8
Phattpump,tichondrius,384,paladin,retribution,12,4,8
Zexion,azralon,384,paladin,retribution,12,4,8
Goodgardener,hyjal,384,paladin,retribution,12,4,8
Blargnarg,area-52,384,paladin,retribution,12,4,8
Bubblestuft,illidan,384,paladin,retribution,12,4,8
Strøngwin,bleeding-hollow,384,paladin,retribution,12,4,8
Kurook,moon-guard,384,paladin,retribution,12,4,8
Volphorix,illidan,384,paladin,retribution,12,4,8
Gloryholy,shattered-hand,384,paladin,retribution,12,4,8
Bøzø,stormrage,384,paladin,retribution,12,4,8
Ihitthose,moon-guard,384,paladin,retribution,12,4,8
Remm,emerald-dream,384,paladin,retribution,12,4,8
Catuvalos,kiljaeden,384,paladin,retribution,12,4,8
Givinpowpows,korgath,384,paladin,retribution,12,4,8
Blikzy,caelestrasz,384,paladin,retribution,12,4,8
Taelpalx,stormrage,384,paladin,retribution,12,4,8
Adauto,illidan,384,paladin,retribution,12,4,8
Palinator,bleeding-hollow,384,paladin,retribution,12,4,8
Cafre,illidan,384,paladin,retribution,12,4,8
Acquiesce,bleeding-hollow,384,paladin,retribution,16,5,11
Simple,ghostlands,384,paladin,retribution,22,6,16
Darkkantares,ragnaros,384,paladin,retribution,18,4,14
Deva,tichondrius,384,paladin,retribution,18,4,14
Theadona,runetotem,384,paladin,retribution,18,4,14
Talurius,azralon,384,paladin,retribution,18,4,14
Deathret,tichondrius,384,paladin,retribution,18,4,14
Fragnum,barthilas,384,paladin,retribution,18,4,14
Axiskai,gorgonnash,384,paladin,retribution,18,4,14
Retsáiyan,tichondrius,384,paladin,retribution,18,4,14
Balancelight,azgalor,384,paladin,retribution,18,4,14
Essexqt,blackhand,384,paladin,retribution,18,4,14
Draknals,illidan,384,paladin,retribution,18,4,14
Hondplstaunt,zuljin,384,paladin,retribution,18,4,14
Milfcrusader,tichondrius,384,paladin,retribution,18,4,14
Burom,kelthuzad,384,paladin,retribution,18,4,14
Xinoh,area-52,384,paladin,retribution,18,4,14
Ongang,illidan,384,paladin,retribution,18,4,14
Momhips,bloodscalp,384,paladin,retribution,18,4,14
Nik,the-underbog,384,paladin,retribution,18,4,14
Tacsi,daggerspine,384,paladin,retribution,18,4,14
Malisaa,tichondrius,384,paladin,retribution,18,4,14
Androgeos,hyjal,384,paladin,retribution,18,4,14
Caityaj,illidan,384,paladin,retribution,18,4,14
Powercelest,quelthalas,384,paladin,retribution,18,4,14
Aeltharix,blackwater-raiders,384,paladin,retribution,18,4,14
Ccpx,area-52,384,paladin,retribution,18,4,14
Tylnish,hyjal,384,paladin,retribution,18,4,14
Backfattammy,bleeding-hollow,384,paladin,retribution,24,4,20
Matrium,kiljaeden,384,paladin,retribution,24,4,20
Mhakoi,bleeding-hollow,384,paladin,retribution,24,4,20
Mickmouse,moon-guard,384,paladin,retribution,24,4,20
Iskándar,tichondrius,384,paladin,retribution,24,4,20
Themachon,stormrage,383,paladin,retribution,6,4,2
Memorabilia,quelthalas,383,paladin,retribution,6,4,2
Pajjy,azralon,383,paladin,retribution,6,4,2
Thaerim,ragnaros,383,paladin,retribution,6,4,2
Charmeine,zuljin,383,paladin,retribution,6,4,2
Keepitholy,tichondrius,383,paladin,retribution,6,4,2
Dabsmaster,dalaran,383,paladin,retribution,6,4,2
Balador,uldum,383,paladin,retribution,6,4,2
Sinficha,quelthalas,383,paladin,retribution,6,4,2
Mugann,malganis,383,paladin,retribution,12,4,8
Øexørcistta,nemesis,383,paladin,retribution,12,4,8
Kennysun,azralon,383,paladin,retribution,12,4,8
Holyburger,hakkar,383,paladin,retribution,12,4,8
Amazarak,stormrage,383,paladin,retribution,12,4,8
Zko,frostmourne,383,paladin,retribution,12,4,8
Marijuanza,kalecgos,383,paladin,retribution,12,4,8
Thormonger,dalaran,383,paladin,retribution,20,5,15
Funkknight,sargeras,383,paladin,retribution,18,4,14
Imimmune,garithos,383,paladin,retribution,18,4,14
Balnot,blackrock,383,paladin,retribution,18,4,14
Anahl,icecrown,383,paladin,retribution,18,4,14
Stunnaax,frostmourne,383,paladin,retribution,18,4,14
Dago,azralon,383,paladin,retribution,18,4,14
Ðrekai,moon-guard,383,paladin,retribution,24,4,20
Kenbad,aegwynn,382,paladin,retribution,6,4,2
Ascension,amanthul,382,paladin,retribution,6,4,2
Kungrowl,emerald-dream,382,paladin,retribution,6,4,2
Kroman,quelthalas,382,paladin,retribution,12,4,8
Sundreland,moon-guard,382,paladin,retribution,12,4,8
Zedekia,aerie-peak,382,paladin,retribution,12,4,8
Derpnstein,gorgonnash,382,paladin,retribution,12,4,8
Whosyourdady,azjolnerub,381,paladin,retribution,18,4,14
Amerok,malfurion,378,paladin,retribution,18,4,14
Vegetå,malganis,372,paladin,retribution,37,8,29
Novachrono,bladefist,367,paladin,retribution,9,5,4
Goinglarge,frostmourne,367,paladin,retribution,11,4,7
Barzø,tichondrius,367,paladin,retribution,11,4,7
Crucifine,wyrmrest-accord,367,paladin,retribution,11,4,7
Laydarus,frostmourne,367,paladin,retribution,11,4,7
Bostonbird,sargeras,367,paladin,retribution,17,4,13
Mop,eitrigg,367,paladin,retribution,17,4,13
Ssjgalen,tichondrius,352,paladin,retribution,10,4,6
Nohozano,area-52,352,paladin,retribution,10,4,6
Bibimbop,boulderfist,352,paladin,retribution,13,5,8
Gordonryan,bleeding-hollow,352,paladin,retribution,16,4,12
Seasondbeef,shandris,351,paladin,retribution,11,4,7
Sorgeno,ursin,351,paladin,retribution,11,4,7
Joshius,argent-dawn,351,paladin,retribution,11,4,7
Conquistador,proudmoore,351,paladin,retribution,11,4,7
Páladian,quelthalas,351,paladin,retribution,11,4,7
Sesshomâru,nemesis,351,paladin,retribution,11,4,7
Estarosta,azralon,351,paladin,retribution,17,4,13
Vero,agamaggan,348,paladin,retribution,29,4,25
Titansnake,illidan,336,paladin,retribution,9,4,5
Meduselda,kelthuzad,335,paladin,retribution,9,5,4
Hondacivicsi,mannoroth,335,paladin,retribution,17,4,13
Yellowflash,sentinels,330,paladin,retribution,17,7,10
Polisexüs,azralon,330,paladin,retribution,15,6,9
Returdstrenf,illidan,330,paladin,retribution,20,5,15
Dubbz,silvermoon,320,paladin,retribution,10,4,6
Asolace,dark-iron,320,paladin,retribution,10,4,6
Dleandor,tichondrius,320,paladin,retribution,10,4,6
Ruulight,tichondrius,319,paladin,retribution,5,4,1
Kamadopkgd,tichondrius,319,paladin,retribution,5,4,1
Karig,sargeras,319,paladin,retribution,8,4,4
Holyshasha,tichondrius,319,paladin,retribution,8,4,4
Jadelong,azshara,319,paladin,retribution,8,4,4
Holynaps,malganis,319,paladin,retribution,9,4,5
Kalbuldur,ragnaros,319,paladin,retribution,11,4,7
Darkjewmagic,frostmourne,319,paladin,retribution,14,4,10
Slopzy,sargeras,304,paladin,retribution,7,4,3
Brinxy,ragnaros,304,paladin,retribution,7,4,3
Naizen,tichondrius,304,paladin,retribution,7,4,3
Nekropala,quelthalas,288,paladin,retribution,6,3,3
Xizima,ragnaros,288,paladin,retribution,6,3,3
Pipay,proudmoore,288,paladin,retribution,6,3,3
Apocryphx,stormrage,288,paladin,retribution,6,3,3
Yês,proudmoore,288,paladin,retribution,6,3,3
Efilios,tichondrius,288,paladin,retribution,6,3,3
Itzon,proudmoore,288,paladin,retribution,6,3,3
Purekiller,destromath,288,paladin,retribution,6,3,3
Rhoynar,quelthalas,288,paladin,retribution,6,3,3
Buttflapster,proudmoore,288,paladin,retribution,6,3,3
Lituation,sargeras,288,paladin,retribution,6,3,3
Kôld,tichondrius,288,paladin,retribution,6,3,3
Exaltedthot,zuljin,288,paladin,retribution,6,3,3
Pallynatir,ragnaros,288,paladin,retribution,6,3,3
Jeezo,zuljin,288,paladin,retribution,6,3,3
Flalis,gurubashi,288,paladin,retribution,6,3,3
Vynlen,uldaman,288,paladin,retribution,6,3,3
Zeroret,tichondrius,288,paladin,retribution,6,3,3
Stømpdøwn,tichondrius,288,paladin,retribution,6,3,3
Galjïn,zuljin,288,paladin,retribution,6,3,3
Coldverdict,tichondrius,288,paladin,retribution,6,3,3
Légolas,llane,288,paladin,retribution,6,3,3
Víctor,quelthalas,288,paladin,retribution,6,3,3
Victorria,archimonde,288,paladin,retribution,6,3,3
Mayfirepal,hyjal,288,paladin,retribution,6,3,3
Ýøg,tichondrius,288,paladin,retribution,6,3,3
Leroye,tichondrius,288,paladin,retribution,6,3,3
Lynchmob,tichondrius,288,paladin,retribution,6,3,3
Astasia,laughing-skull,288,paladin,retribution,6,3,3
Ximenita,ragnaros,288,paladin,retribution,6,3,3
Kahleesy,sargeras,288,paladin,retribution,6,3,3
Darthalion,quelthalas,288,paladin,retribution,6,3,3
Danks,arthas,288,paladin,retribution,6,3,3
Judgem,tichondrius,288,paladin,retribution,6,3,3
Ilovedookie,destromath,288,paladin,retribution,6,3,3
Jónò,tichondrius,288,paladin,retribution,6,3,3
Bubblet,bleeding-hollow,288,paladin,retribution,6,3,3
Gorillawings,tichondrius,288,paladin,retribution,6,3,3
Neowolf,ragnaros,288,paladin,retribution,6,3,3
Lightheartx,proudmoore,288,paladin,retribution,6,3,3
Pallyson,thunderhorn,288,paladin,retribution,6,3,3
Lorainn,ragnaros,288,paladin,retribution,6,3,3
Holycenter,stormrage,288,paladin,retribution,6,3,3
Roaren,ragnaros,288,paladin,retribution,6,3,3
Karwryn,magtheridon,288,paladin,retribution,6,3,3
Lovelàce,proudmoore,288,paladin,retribution,6,3,3
Safah,thrall,288,paladin,retribution,6,3,3
Chickenlover,tichondrius,288,paladin,retribution,6,3,3
Baladinn,tichondrius,288,paladin,retribution,6,3,3
Thecrusaders,proudmoore,288,paladin,retribution,6,3,3
Divinebehind,laughing-skull,288,paladin,retribution,6,3,3
Holyterror,dentarg,288,paladin,retribution,6,3,3
Absolvus,emerald-dream,288,paladin,retribution,6,3,3
Bíteme,sargeras,288,paladin,retribution,6,3,3
Mitodin,illidan,288,paladin,retribution,6,3,3
Pvar,stormrage,288,paladin,retribution,6,3,3
Holyrider,stormrage,288,paladin,retribution,6,3,3
Leá,illidan,288,paladin,retribution,6,3,3
Dfz,mannoroth,288,paladin,retribution,6,3,3
Varo,laughing-skull,288,paladin,retribution,6,3,3
Linook,illidan,288,paladin,retribution,6,3,3
Holyoverdose,laughing-skull,288,paladin,retribution,6,3,3
Bigdamham,tichondrius,288,paladin,retribution,6,3,3
Mki,kargath,288,paladin,retribution,6,3,3
Jaktpal,spinebreaker,288,paladin,retribution,6,3,3
Lowbb,sargeras,288,paladin,retribution,6,3,3
Snippdeux,garrosh,288,paladin,retribution,6,3,3
Vanitasz,bleeding-hollow,288,paladin,retribution,6,3,3
Ironboxer,tichondrius,288,paladin,retribution,6,3,3
Rost,jaedenar,288,paladin,retribution,6,3,3
Ápólló,tichondrius,288,paladin,retribution,6,3,3
Kloernstarr,sargeras,288,paladin,retribution,6,3,3
Otame,quelthalas,288,paladin,retribution,6,3,3
Alocr,drakkari,288,paladin,retribution,6,3,3
Jazielh,quelthalas,288,paladin,retribution,6,3,3
Tûrbotax,sargeras,288,paladin,retribution,6,3,3
Divinetits,sargeras,288,paladin,retribution,6,3,3
Executiveceo,tichondrius,288,paladin,retribution,6,3,3
Feikonia,queldorei,288,paladin,retribution,6,3,3
Bivol,whisperwind,288,paladin,retribution,6,3,3
Reiot,sargeras,288,paladin,retribution,6,3,3
Borisdablade,bleeding-hollow,288,paladin,retribution,6,3,3
Shockdoctor,stormrage,288,paladin,retribution,6,3,3
Xbertiize,tichondrius,288,paladin,retribution,6,3,3
Pâllywhacker,bleeding-hollow,288,paladin,retribution,6,3,3
Rétrïbution,stormrage,288,paladin,retribution,6,3,3
Slüg,bleeding-hollow,288,paladin,retribution,6,3,3
Eldanx,stormrage,288,paladin,retribution,6,3,3
Hybrix,tichondrius,288,paladin,retribution,6,3,3
Diior,tichondrius,288,paladin,retribution,6,3,3
Twochains,aegwynn,288,paladin,retribution,6,3,3
Ivonisoul,kaelthas,288,paladin,retribution,6,3,3
Salamislappr,stormrage,288,paladin,retribution,6,3,3
Lasonil,zuljin,288,paladin,retribution,6,3,3
Ataraxy,bleeding-hollow,288,paladin,retribution,6,3,3
Åvacyn,zuljin,288,paladin,retribution,6,3,3
Morlunè,tichondrius,288,paladin,retribution,6,3,3
Scamadin,tichondrius,288,paladin,retribution,6,3,3
Nalenne,alexstrasza,288,paladin,retribution,6,3,3
Nickahunnid,sargeras,288,paladin,retribution,6,3,3
Pahlevahn,stormrage,288,paladin,retribution,6,3,3
Toomuchrac,tichondrius,288,paladin,retribution,6,3,3
Aldars,illidan,288,paladin,retribution,6,3,3
Konyfotm,bleeding-hollow,288,paladin,retribution,6,3,3
Beletharr,bleeding-hollow,288,paladin,retribution,6,3,3
Senisse,illidan,288,paladin,retribution,6,3,3
Vaels,sargeras,288,paladin,retribution,6,3,3
Ulfsark,garrosh,288,paladin,retribution,6,3,3
Chicoweather,sargeras,288,paladin,retribution,6,3,3
Valadinna,tichondrius,288,paladin,retribution,6,3,3
Kyperion,stormrage,288,paladin,retribution,6,3,3
Sadamell,tichondrius,288,paladin,retribution,6,3,3
Mcfleye,malganis,288,paladin,retribution,6,3,3
Shibbz,illidan,288,paladin,retribution,6,3,3
Finnthepally,proudmoore,288,paladin,retribution,6,3,3
Assaultron,dalaran,288,paladin,retribution,6,3,3
Açaelus,wyrmrest-accord,288,paladin,retribution,6,3,3
Brodyb,malganis,288,paladin,retribution,6,3,3
Cocodog,kiljaeden,288,paladin,retribution,6,3,3
Ðova,moon-guard,288,paladin,retribution,6,3,3
Rickybubble,frostmourne,288,paladin,retribution,6,3,3
Miwow,area-52,288,paladin,retribution,6,3,3
Dormånt,area-52,288,paladin,retribution,6,3,3
Zenpally,doomhammer,288,paladin,retribution,6,3,3
Babar,doomhammer,288,paladin,retribution,6,3,3
Syvir,area-52,288,paladin,retribution,6,3,3
Belkram,frostmourne,288,paladin,retribution,6,3,3
Theßest,baelgun,288,paladin,retribution,6,3,3
Holyshrekt,frostmourne,288,paladin,retribution,6,3,3
Makiligos,area-52,288,paladin,retribution,6,3,3
Gapingpooter,shadowmoon,288,paladin,retribution,6,3,3
Marof,spirestone,288,paladin,retribution,6,3,3
Sinhero,area-52,288,paladin,retribution,6,3,3
Capitalgainz,emerald-dream,288,paladin,retribution,6,3,3
Xaospaladin,frostmourne,288,paladin,retribution,6,3,3
Jacobelaylo,moon-guard,288,paladin,retribution,6,3,3
Numela,moon-guard,288,paladin,retribution,6,3,3
Sâbër,moon-guard,288,paladin,retribution,6,3,3
Bigdumpy,thaurissan,288,paladin,retribution,6,3,3
Æglè,area-52,288,paladin,retribution,6,3,3
Ouken,frostmourne,288,paladin,retribution,6,3,3
Pixilade,barthilas,288,paladin,retribution,6,3,3
Brahlix,area-52,288,paladin,retribution,6,3,3
Stepbrodi,moon-guard,288,paladin,retribution,6,3,3
Palazyn,frostmourne,288,paladin,retribution,6,3,3
Gnomishishis,demon-soul,288,paladin,retribution,6,3,3
Flareous,moon-guard,288,paladin,retribution,6,3,3
Bigdmcgee,frostmourne,288,paladin,retribution,6,3,3
Neheemias,area-52,288,paladin,retribution,6,3,3
Lencelia,deathwing,288,paladin,retribution,6,3,3
Supawings,mugthol,288,paladin,retribution,6,3,3
Qbola,area-52,288,paladin,retribution,6,3,3
Dyinglíght,frostmourne,288,paladin,retribution,6,3,3
Hadory,shattered-halls,288,paladin,retribution,6,3,3
Spenny,executus,288,paladin,retribution,6,3,3
Warchaos,skullcrusher,288,paladin,retribution,6,3,3
Reallyfe,skullcrusher,288,paladin,retribution,6,3,3
Torture,skullcrusher,288,paladin,retribution,6,3,3
Ankhz,area-52,288,paladin,retribution,6,3,3
Siyepaladin,illidan,288,paladin,retribution,6,3,3
Haldorino,dragonblight,288,paladin,retribution,6,3,3
Alexrt,frostmourne,288,paladin,retribution,6,3,3
Frawlless,azralon,288,paladin,retribution,6,3,3
Bublez,firetree,288,paladin,retribution,6,3,3
Jestiny,amanthul,288,paladin,retribution,6,3,3
Holytank,korgath,288,paladin,retribution,6,3,3
Teazie,ursin,288,paladin,retribution,6,3,3
Sycoticbunny,icecrown,288,paladin,retribution,6,3,3
Aelael,icecrown,288,paladin,retribution,6,3,3
Kickflipped,dalaran,288,paladin,retribution,6,3,3
Orangepa,dalaran,288,paladin,retribution,6,3,3
Acelaidis,cenarius,288,paladin,retribution,6,3,3
Dráugus,azralon,288,paladin,retribution,6,3,3
Moox,wyrmrest-accord,288,paladin,retribution,6,3,3
Brimmakor,ravenholdt,288,paladin,retribution,6,3,3
Tren,burning-blade,288,paladin,retribution,6,3,3
Halnarran,area-52,288,paladin,retribution,6,3,3
Mvpp,dalaran,288,paladin,retribution,6,3,3
Arngrim,the-venture-co,288,paladin,retribution,6,3,3
Lighttzz,azralon,288,paladin,retribution,6,3,3
Tadaki,dalaran,288,paladin,retribution,6,3,3
Rectaluse,dalaran,288,paladin,retribution,6,3,3
Klam,kelthuzad,288,paladin,retribution,6,3,3
Haarun,blackrock,288,paladin,retribution,6,3,3
Radbout,blackrock,288,paladin,retribution,6,3,3
Gender,kelthuzad,288,paladin,retribution,6,3,3
Zilladin,darkspear,288,paladin,retribution,6,3,3
Nerfretpls,area-52,288,paladin,retribution,6,3,3
Burkpally,azralon,288,paladin,retribution,6,3,3
Clasturt,area-52,288,paladin,retribution,6,3,3
Nickotines,kelthuzad,288,paladin,retribution,6,3,3
Nâtion,cenarius,288,paladin,retribution,6,3,3
Boladosx,azralon,288,paladin,retribution,6,3,3
Aphrrodite,lightbringer,288,paladin,retribution,6,3,3
Obbzz,spirestone,288,paladin,retribution,6,3,3
Dev,frostwolf,288,paladin,retribution,6,3,3
Transwoman,frostmourne,288,paladin,retribution,6,3,3
Tephlon,illidan,288,paladin,retribution,6,3,3
Therocker,darkspear,288,paladin,retribution,6,3,3
Aylaisbigdum,area-52,288,paladin,retribution,6,3,3
Krackanut,kelthuzad,288,paladin,retribution,6,3,3
Daigorro,illidan,288,paladin,retribution,6,3,3
Zugzorr,azralon,288,paladin,retribution,6,3,3
Timu,suramar,288,paladin,retribution,6,3,3
Swordstrikes,tichondrius,288,paladin,retribution,9,4,5
Zaghad,ragnaros,288,paladin,retribution,9,4,5
Mandràke,bleeding-hollow,288,paladin,retribution,7,3,4
Ivanko,dalaran,288,paladin,retribution,7,3,4
Ðarkängel,stormrage,288,paladin,retribution,7,3,4
Retattack,area-52,288,paladin,retribution,10,4,6
Josepala,stormrage,288,paladin,retribution,9,3,6
Kreigan,hellscream,288,paladin,retribution,12,3,9
Aenwyl,quelthalas,288,paladin,retribution,12,3,9
Darkshield,stormrage,288,paladin,retribution,12,3,9
Oralen,daggerspine,288,paladin,retribution,12,3,9
Amega,bleeding-hollow,288,paladin,retribution,12,3,9
Homeboywill,hyjal,288,paladin,retribution,12,3,9
Corni,kiljaeden,288,paladin,retribution,12,3,9
Dalden,trollbane,288,paladin,retribution,12,3,9
Corthic,area-52,288,paladin,retribution,12,3,9
Dexi,lothar,288,paladin,retribution,12,3,9
Påladin,area-52,288,paladin,retribution,12,3,9
Fknnoath,frostmourne,288,paladin,retribution,12,3,9
Mwanmwa,blades-edge,288,paladin,retribution,12,3,9
Theodrei,darrowmere,288,paladin,retribution,12,3,9
Tarpeeksi,tichondrius,288,paladin,retribution,12,3,9
Varthinator,stormrage,288,paladin,retribution,12,3,9
Tíron,dalaran,288,paladin,retribution,12,3,9
Ashy,bonechewer,288,paladin,retribution,12,3,9
Lue,boulderfist,288,paladin,retribution,12,3,9
Ucvnt,illidan,288,paladin,retribution,12,3,9
Tolleytrain,malganis,288,paladin,retribution,12,3,9
Bigjoetheceo,mannoroth,288,paladin,retribution,12,3,9
Thnannan,tichondrius,288,paladin,retribution,12,3,9
Perdiseus,stormrage,288,paladin,retribution,12,3,9
Asukaxt,illidan,288,paladin,retribution,12,3,9
Sac,sargeras,288,paladin,retribution,12,3,9
Säv,tichondrius,288,paladin,retribution,12,3,9
Ogtandoness,azgalor,288,paladin,retribution,12,3,9
Palâdin,zuljin,288,paladin,retribution,12,3,9
Madworld,moon-guard,288,paladin,retribution,12,3,9
Rxxkiee,tichondrius,288,paladin,retribution,12,3,9
Quelite,sargeras,288,paladin,retribution,12,3,9
Geekpala,thrall,288,paladin,retribution,12,3,9
Sessybrexy,bleeding-hollow,288,paladin,retribution,12,3,9
Ashlïe,moon-guard,288,paladin,retribution,12,3,9
Kãrën,emerald-dream,288,paladin,retribution,12,3,9
Cromsecrate,dalaran,288,paladin,retribution,12,3,9
Slantee,illidan,288,paladin,retribution,12,3,9
Bringbakbuff,illidan,288,paladin,retribution,12,3,9
Martin,haomarush,288,paladin,retribution,12,3,9
Eljosco,nordrassil,288,paladin,retribution,12,3,9
Leronos,zuljin,288,paladin,retribution,12,3,9
Aválerion,proudmoore,288,paladin,retribution,12,3,9
Treezey,durotan,288,paladin,retribution,12,3,9
Bulbi,emerald-dream,288,paladin,retribution,12,3,9
Sanction,the-forgotten-coast,288,paladin,retribution,12,3,9
Yeluh,malganis,288,paladin,retribution,12,3,9
Dävis,ragnaros,288,paladin,retribution,12,3,9
Flashstark,area-52,288,paladin,retribution,12,3,9
Energizzed,azralon,288,paladin,retribution,12,3,9
Pallypòwer,garrosh,288,paladin,retribution,12,3,9
Kylerr,maiev,288,paladin,retribution,12,3,9
Dárkness,blades-edge,288,paladin,retribution,12,3,9
Ultrah,area-52,288,paladin,retribution,12,3,9
Meatwrath,sargeras,288,paladin,retribution,12,3,9
Brutaldeath,area-52,288,paladin,retribution,12,3,9
Tharinty,ragnaros,288,paladin,retribution,12,3,9
Elpal,thrall,288,paladin,retribution,12,3,9
Ajara,moon-guard,288,paladin,retribution,12,3,9
Smokeys,sargeras,288,paladin,retribution,12,3,9
Marrike,moon-guard,288,paladin,retribution,12,3,9
Donsagrado,quelthalas,288,paladin,retribution,12,3,9
Hardclimacks,frostmourne,288,paladin,retribution,12,3,9
Thunddarr,stormrage,288,paladin,retribution,12,3,9
Pelegroot,azralon,288,paladin,retribution,12,3,9
Wasabipal,malganis,288,paladin,retribution,12,3,9
Wälly,garona,288,paladin,retribution,12,3,9
Fpaladin,tichondrius,288,paladin,retribution,12,3,9
Yepsqorz,tichondrius,288,paladin,retribution,12,3,9
Merothin,drakkari,288,paladin,retribution,12,3,9
Crusticus,stormrage,288,paladin,retribution,12,3,9
Fhoebia,frostmourne,288,paladin,retribution,12,3,9
Walkerbait,nazgrel,288,paladin,retribution,12,3,9
Bigplucker,kelthuzad,288,paladin,retribution,12,3,9
Asellusarc,kelthuzad,288,paladin,retribution,12,3,9
Vidalia,barthilas,288,paladin,retribution,12,3,9
Kloerny,sargeras,288,paladin,retribution,12,3,9
Vintibusca,azralon,288,paladin,retribution,12,3,9
Johnus,lightbringer,288,paladin,retribution,12,3,9
Trenbolóne,area-52,288,paladin,retribution,12,3,9
Somite,stormrage,288,paladin,retribution,12,3,9
Jontapally,stormrage,288,paladin,retribution,12,3,9
Spiritkeep,veknilash,288,paladin,retribution,12,3,9
Stévén,zuljin,288,paladin,retribution,12,3,9
Benn,eldrethalas,288,paladin,retribution,12,3,9
Tarkovkappa,illidan,288,paladin,retribution,12,3,9
Olorunn,tichondrius,288,paladin,retribution,12,3,9
Sbpluss,illidan,288,paladin,retribution,12,3,9
Vaaleria,dalaran,288,paladin,retribution,12,3,9
Bubblebooty,drakthul,288,paladin,retribution,12,3,9
Koltar,stormrage,288,paladin,retribution,12,3,9
Zwilliam,frostmourne,288,paladin,retribution,12,3,9
Sàber,tichondrius,288,paladin,retribution,12,3,9
Uzbadkhazad,ragnaros,288,paladin,retribution,12,3,9
Calvary,stormscale,288,paladin,retribution,12,3,9
Holydiarrhea,illidan,288,paladin,retribution,12,3,9
Aggromatik,zuljin,288,paladin,retribution,12,3,9
Sivan,crushridge,288,paladin,retribution,12,3,9
Mightbeard,proudmoore,288,paladin,retribution,14,3,11
Holymight,gurubashi,288,paladin,retribution,18,3,15
Rohland,illidan,288,paladin,retribution,18,3,15
Mollybop,stormrage,288,paladin,retribution,18,3,15
Fourchon,tichondrius,288,paladin,retribution,18,3,15
Bellzebut,sargeras,288,paladin,retribution,18,3,15
Zoriå,sargeras,288,paladin,retribution,18,3,15
Pepepally,area-52,288,paladin,retribution,18,3,15
Taredowo,area-52,288,paladin,retribution,18,3,15
Carnefix,wyrmrest-accord,288,paladin,retribution,18,3,15
Voorrkk,kelthuzad,288,paladin,retribution,18,3,15
Whangsta,tichondrius,288,paladin,retribution,24,3,21
Grayhoof,kiljaeden,287,paladin,retribution,6,3,3
Covidxlx,hakkar,287,paladin,retribution,6,3,3
Sweetpally,moonrunner,287,paladin,retribution,6,3,3
Holytrails,sargeras,287,paladin,retribution,6,3,3
Shaggslol,tichondrius,287,paladin,retribution,6,3,3
Matøs,stormrage,287,paladin,retribution,6,3,3
Kimbr,gallywix,287,paladin,retribution,6,3,3
Nøxus,azralon,287,paladin,retribution,6,3,3
Paladinkofwa,tichondrius,287,paladin,retribution,12,4,8
Níka,turalyon,287,paladin,retribution,12,3,9
Laylee,anvilmar,287,paladin,retribution,12,3,9
Divinetank,amanthul,287,paladin,retribution,12,3,9
Reathe,llane,287,paladin,retribution,12,3,9
Mynnorath,emerald-dream,287,paladin,retribution,12,3,9
Berylemonade,the-underbog,286,paladin,retribution,7,3,4
Yakobazee,illidan,286,paladin,retribution,13,4,9
Cruz,silver-hand,286,paladin,retribution,12,3,9
Hukah,darkspear,286,paladin,retribution,18,3,15
Orendis,illidan,283,paladin,retribution,18,3,15
Tyrack,ragnaros,271,paladin,retribution,11,3,8
Milkmi,frostmourne,271,paladin,retribution,11,3,8
Ronatiú,tichondrius,271,paladin,retribution,11,3,8
Ôv,norgannon,256,paladin,retribution,4,4,0
Vaeluria,wyrmrest-accord,256,paladin,retribution,10,3,7
Gabrielú,lightninghoof,256,paladin,retribution,10,3,7
Wingsproc,stormrage,256,paladin,retribution,10,3,7
Logaen,stormrage,256,paladin,retribution,16,3,13
Gusset,tichondrius,255,paladin,retribution,8,4,4
Serazan,moon-guard,255,paladin,retribution,11,3,8
Oates,sargeras,255,paladin,retribution,11,3,8
Sôsaboy,tichondrius,239,paladin,retribution,5,3,2
Helberth,stormrage,239,paladin,retribution,5,3,2
Egu,mugthol,239,paladin,retribution,5,3,2
Wegie,emerald-dream,239,paladin,retribution,5,3,2
Badmix,tichondrius,239,paladin,retribution,5,3,2
Ðablordx,tichondrius,239,paladin,retribution,9,4,5
Palitard,tichondrius,234,paladin,retribution,7,5,2
Carneguisada,sargeras,234,paladin,retribution,10,5,5
Westee,stormrage,234,paladin,retribution,8,4,4
Stinkystan,korgath,234,paladin,retribution,10,4,6
Filoz,ragnaros,234,paladin,retribution,17,5,12
Sølaire,stormrage,234,paladin,retribution,14,4,10
Needbuffs,ysondre,234,paladin,retribution,15,4,11
Matts,sargeras,234,paladin,retribution,15,4,11
Pearlx,ragnaros,234,paladin,retribution,16,4,12
Eldruin,amanthul,234,paladin,retribution,17,4,13
Holyqt,thunderlord,233,paladin,retribution,16,4,12
Píkachü,azralon,224,paladin,retribution,10,3,7
Livalil,chogall,224,paladin,retribution,16,3,13
Darteon,moon-guard,223,paladin,retribution,8,3,5
Tydrialin,tichondrius,223,paladin,retribution,8,3,5
Excalibur,maiev,223,paladin,retribution,8,3,5
Fallan,khaz-modan,223,paladin,retribution,9,3,6
Mayumei,wyrmrest-accord,222,paladin,retribution,8,3,5
Warumbruder,stormrage,208,paladin,retribution,7,3,4
Diotiz,area-52,208,paladin,retribution,11,4,7
Moistsaiyan,blood-furnace,206,paladin,retribution,7,3,4
Undrgrndman,dalaran,192,paladin,retribution,4,3,1
Katonpala,ragnaros,192,paladin,retribution,4,3,1
Powerassasin,tichondrius,192,paladin,retribution,4,3,1
Zlx,emerald-dream,192,paladin,retribution,4,3,1
Digest,sargeras,192,paladin,retribution,4,3,1
Anonymvs,eredar,192,paladin,retribution,9,3,6
Neydisa,sargeras,192,paladin,retribution,6,2,4
Nicerice,dalaran,192,paladin,retribution,6,2,4
Astrøworld,sargeras,192,paladin,retribution,6,2,4
Shanehere,thrall,192,paladin,retribution,6,2,4
Kíllér,illidan,192,paladin,retribution,6,2,4
Runterran,illidan,192,paladin,retribution,6,2,4
Pallylyfe,wyrmrest-accord,192,paladin,retribution,6,2,4
Juanvaldez,muradin,192,paladin,retribution,6,2,4
Ríf,sargeras,192,paladin,retribution,6,2,4
Holycakes,malygos,192,paladin,retribution,6,2,4
Virisanctii,stormrage,192,paladin,retribution,6,2,4
Timelessz,dalaran,192,paladin,retribution,6,2,4
Bharan,dalaran,192,paladin,retribution,6,2,4
Holypoizan,tichondrius,192,paladin,retribution,6,2,4
Yeshayah,dalaran,192,paladin,retribution,6,2,4
Paladam,burning-blade,192,paladin,retribution,6,2,4
Alasper,malganis,192,paladin,retribution,6,2,4
Dakoo,burning-blade,192,paladin,retribution,6,2,4
Avengzeus,tichondrius,192,paladin,retribution,6,2,4
Shaqueefah,illidan,192,paladin,retribution,6,2,4
Oroth,ragnaros,192,paladin,retribution,6,2,4
Xenophanes,dalaran,192,paladin,retribution,6,2,4
Angelscrÿ,stormrage,192,paladin,retribution,6,2,4
Whittia,wyrmrest-accord,192,paladin,retribution,6,2,4
Felkor,caelestrasz,192,paladin,retribution,6,2,4
Barragañ,malganis,192,paladin,retribution,6,2,4
Azúlá,garona,192,paladin,retribution,6,2,4
Gieser,burning-blade,192,paladin,retribution,6,2,4
Mendes,stormrage,192,paladin,retribution,6,2,4
Durotar,ragnaros,192,paladin,retribution,6,2,4
Forprophet,blackrock,192,paladin,retribution,6,2,4
Jazzmatic,dalaran,192,paladin,retribution,6,2,4
Retßull,burning-blade,192,paladin,retribution,6,2,4
Landsharq,tichondrius,192,paladin,retribution,6,2,4
Lokthara,stormrage,192,paladin,retribution,6,2,4
Ret,onyxia,192,paladin,retribution,6,2,4
Tôhru,ragnaros,192,paladin,retribution,6,2,4
Blessinofsac,nagrand,192,paladin,retribution,6,2,4
Rite,azralon,192,paladin,retribution,6,2,4
Adavinn,azjolnerub,192,paladin,retribution,6,2,4
Striðent,saurfang,192,paladin,retribution,6,2,4
Zenarus,stormrage,192,paladin,retribution,6,2,4
Egf,illidan,192,paladin,retribution,6,2,4
Diänë,ragnaros,192,paladin,retribution,6,2,4
Homiepaldino,nordrassil,192,paladin,retribution,6,2,4
Streetacus,stormrage,192,paladin,retribution,6,2,4
Rochet,kiljaeden,192,paladin,retribution,6,2,4
Gredel,sargeras,192,paladin,retribution,6,2,4
Gîmply,proudmoore,192,paladin,retribution,6,2,4
Galdraxis,dalaran,192,paladin,retribution,6,2,4
Holywafu,tichondrius,192,paladin,retribution,6,2,4
Wyot,tichondrius,192,paladin,retribution,6,2,4
Guelmin,azralon,192,paladin,retribution,6,2,4
Tomackin,quelthalas,192,paladin,retribution,6,2,4
Guacamello,emerald-dream,192,paladin,retribution,6,2,4
Tearra,blackrock,192,paladin,retribution,6,2,4
Atan,emerald-dream,192,paladin,retribution,6,2,4
Nefraxis,azralon,192,paladin,retribution,6,2,4
Gowz,stormrage,192,paladin,retribution,6,2,4
Blackbeerd,stormrage,192,paladin,retribution,6,2,4
Kigz,illidan,192,paladin,retribution,6,2,4
Stlgunna,tichondrius,192,paladin,retribution,6,2,4
Johnygoodboi,khazgoroth,192,paladin,retribution,6,2,4
Crânkz,blackrock,192,paladin,retribution,6,2,4
Mashem,stormrage,192,paladin,retribution,6,2,4
Bërzerk,zuluhed,192,paladin,retribution,6,2,4
Ramsés,stormrage,192,paladin,retribution,6,2,4
Liht,khazgoroth,192,paladin,retribution,6,2,4
Alexandros,the-underbog,192,paladin,retribution,6,2,4
Ohthatguy,sargeras,192,paladin,retribution,6,2,4
Dritan,lightbringer,192,paladin,retribution,6,2,4
Gordyn,khazgoroth,192,paladin,retribution,6,2,4
Kanaloä,stormreaver,192,paladin,retribution,6,2,4
Metalsword,tichondrius,192,paladin,retribution,6,2,4
Zeliq,silvermoon,192,paladin,retribution,6,2,4
Outofholy,stormrage,192,paladin,retribution,6,2,4
Issac,tichondrius,192,paladin,retribution,6,2,4
Halot,skullcrusher,192,paladin,retribution,6,2,4
Astherian,stormrage,192,paladin,retribution,6,2,4
Heartsend,nerzhul,192,paladin,retribution,6,2,4
Jaok,tichondrius,192,paladin,retribution,6,2,4
Smitinbadger,the-venture-co,192,paladin,retribution,6,2,4
Fairbairn,tichondrius,192,paladin,retribution,6,2,4
Vindified,tichondrius,192,paladin,retribution,6,2,4
Angeluzlk,quelthalas,192,paladin,retribution,6,2,4
Legionret,thrall,192,paladin,retribution,6,2,4
Yamn,tichondrius,192,paladin,retribution,6,2,4
Greatblade,barthilas,192,paladin,retribution,6,2,4
Gangsta,silvermoon,192,paladin,retribution,6,2,4
Holysmokz,emerald-dream,192,paladin,retribution,6,2,4
Crijr,ragnaros,192,paladin,retribution,6,2,4
Leodin,veknilash,192,paladin,retribution,6,2,4
Palåth,barthilas,192,paladin,retribution,6,2,4
Vengx,sargeras,192,paladin,retribution,6,2,4
Retku,tichondrius,192,paladin,retribution,6,2,4
Athreuz,kelthuzad,192,paladin,retribution,6,2,4
Pincheds,emerald-dream,192,paladin,retribution,6,2,4
Révolution,barthilas,192,paladin,retribution,6,2,4
Toto,sargeras,192,paladin,retribution,6,2,4
Psychlight,quelthalas,192,paladin,retribution,6,2,4
Varianpally,kelthuzad,192,paladin,retribution,6,2,4
Trøn,kalecgos,192,paladin,retribution,6,2,4
Shebas,kilrogg,192,paladin,retribution,6,2,4
Rây,stormrage,192,paladin,retribution,6,2,4
Granada,kirin-tor,192,paladin,retribution,6,2,4
Spyglas,quelthalas,192,paladin,retribution,6,2,4
Holyføx,area-52,192,paladin,retribution,6,2,4
Gëllats,barthilas,192,paladin,retribution,6,2,4
Invïctus,dalaran,192,paladin,retribution,6,2,4
Juggerat,barthilas,192,paladin,retribution,6,2,4
Achalius,queldorei,192,paladin,retribution,6,2,4
Calmpressure,tichondrius,192,paladin,retribution,6,2,4
Lightkillerx,thrall,192,paladin,retribution,6,2,4
Armasexodus,barthilas,192,paladin,retribution,6,2,4
Moohulk,ragnaros,192,paladin,retribution,6,2,4
Itechs,sargeras,192,paladin,retribution,6,2,4
Whataio,tichondrius,192,paladin,retribution,6,2,4
Repèntance,stormrage,192,paladin,retribution,6,2,4
Bradybub,sargeras,192,paladin,retribution,6,2,4
Strîkes,emerald-dream,192,paladin,retribution,6,2,4
Ihoj,illidan,192,paladin,retribution,6,2,4
Aleio,moon-guard,192,paladin,retribution,6,2,4
Buri,tichondrius,192,paladin,retribution,6,2,4
Nikorico,tichondrius,192,paladin,retribution,6,2,4
Mvwvm,tichondrius,192,paladin,retribution,6,2,4
Cowlomus,ragnaros,192,paladin,retribution,6,2,4
Nivie,moon-guard,192,paladin,retribution,6,2,4
Amarexp,stormrage,192,paladin,retribution,6,2,4
Pállymán,proudmoore,192,paladin,retribution,6,2,4
Jarkeion,tichondrius,192,paladin,retribution,6,2,4
Shãne,sargeras,192,paladin,retribution,6,2,4
Sleepynug,proudmoore,192,paladin,retribution,6,2,4
Cloudx,shattered-hand,192,paladin,retribution,6,2,4
Exalter,malganis,192,paladin,retribution,6,2,4
Helioos,stormrage,192,paladin,retribution,6,2,4
Caeson,moon-guard,192,paladin,retribution,6,2,4
Lightninlink,sargeras,192,paladin,retribution,6,2,4
Gasunits,stormrage,192,paladin,retribution,6,2,4
Verzuhazadon,tichondrius,192,paladin,retribution,6,2,4
Ookcoo,tichondrius,192,paladin,retribution,6,2,4
Eregon,sargeras,192,paladin,retribution,6,2,4
Tepsreformed,stormrage,192,paladin,retribution,6,2,4
Retbullvodka,tichondrius,192,paladin,retribution,6,2,4
Cyliex,illidan,192,paladin,retribution,6,2,4
Tyrkisovj,quelthalas,192,paladin,retribution,6,2,4
Kåshmïr,tichondrius,192,paladin,retribution,6,2,4
Axelx,sargeras,192,paladin,retribution,6,2,4
Dynastyhero,area-52,192,paladin,retribution,6,2,4
Cudiskush,tichondrius,192,paladin,retribution,6,2,4
Trê,sargeras,192,paladin,retribution,6,2,4
Quessillo,ragnaros,192,paladin,retribution,6,2,4
Desterro,quelthalas,192,paladin,retribution,6,2,4
Ramises,nemesis,192,paladin,retribution,6,2,4
Mexipaladin,thrall,192,paladin,retribution,6,2,4
Motrîn,sargeras,192,paladin,retribution,6,2,4
Tyberas,wyrmrest-accord,192,paladin,retribution,6,2,4
Thejokermp,kelthuzad,192,paladin,retribution,6,2,4
Brand,emerald-dream,192,paladin,retribution,6,2,4
Kêy,the-venture-co,192,paladin,retribution,6,2,4
Skurps,kelthuzad,192,paladin,retribution,6,2,4
Spanx,blackwing-lair,192,paladin,retribution,6,2,4
Rúdely,tichondrius,192,paladin,retribution,6,2,4
Trivana,durotan,192,paladin,retribution,6,2,4
Dorados,gallywix,192,paladin,retribution,6,2,4
Killmoth,illidan,192,paladin,retribution,6,2,4
Hbatalha,gallywix,192,paladin,retribution,6,2,4
Roseheart,emerald-dream,192,paladin,retribution,6,2,4
Thidiaes,hellscream,192,paladin,retribution,6,2,4
Noscajj,tichondrius,192,paladin,retribution,6,2,4
Roity,proudmoore,192,paladin,retribution,6,2,4
Thorrh,malganis,192,paladin,retribution,6,2,4
Einheit,destromath,192,paladin,retribution,6,2,4
Soundscape,proudmoore,192,paladin,retribution,6,2,4
Twatiegodx,malganis,192,paladin,retribution,6,2,4
Maviskuku,tichondrius,192,paladin,retribution,6,2,4
Adrasil,wyrmrest-accord,192,paladin,retribution,6,2,4
Taddedpally,tichondrius,192,paladin,retribution,6,2,4
Badchicken,ragnaros,192,paladin,retribution,6,2,4
Mosés,area-52,192,paladin,retribution,6,2,4
Schooiez,tichondrius,192,paladin,retribution,6,2,4
Pushabuton,illidan,192,paladin,retribution,6,2,4
Giraffee,kelthuzad,192,paladin,retribution,6,2,4
Ddeuk,tichondrius,192,paladin,retribution,6,2,4
Juiicebox,darrowmere,192,paladin,retribution,6,2,4
Felourian,malganis,192,paladin,retribution,6,2,4
Dexstarr,frostmourne,192,paladin,retribution,6,2,4
Runeßerotha,blood-furnace,192,paladin,retribution,6,2,4
Oxycleän,doomhammer,192,paladin,retribution,6,2,4
Smolbeef,tichondrius,192,paladin,retribution,6,2,4
Retro,magtheridon,192,paladin,retribution,6,2,4
Zafenate,nemesis,192,paladin,retribution,6,2,4
Squishyfishy,ysondre,192,paladin,retribution,6,2,4
Mazexd,illidan,192,paladin,retribution,6,2,4
Daddykronz,magtheridon,192,paladin,retribution,6,2,4
Brizdiz,area-52,192,paladin,retribution,6,2,4
Brucitenjr,illidan,192,paladin,retribution,6,2,4
Reepr,tichondrius,192,paladin,retribution,6,2,4
Æyden,azgalor,192,paladin,retribution,6,2,4
Abivion,stormrage,192,paladin,retribution,6,2,4
Zoeyxo,tichondrius,192,paladin,retribution,6,2,4
Nëø,moon-guard,192,paladin,retribution,6,2,4
Çßitching,baelgun,192,paladin,retribution,6,2,4
Duz,malganis,192,paladin,retribution,6,2,4
Extramustard,frostmourne,192,paladin,retribution,6,2,4
Awarena,area-52,192,paladin,retribution,6,2,4
Prèèd,frostmourne,192,paladin,retribution,6,2,4
Hogù,tichondrius,192,paladin,retribution,6,2,4
Lilpally,frostmourne,192,paladin,retribution,6,2,4
Bigdret,moon-guard,192,paladin,retribution,6,2,4
Kusotarão,nemesis,192,paladin,retribution,6,2,4
Zenix,tanaris,192,paladin,retribution,6,2,4
Ordinary,greymane,192,paladin,retribution,6,2,4
Mindbodysoul,kiljaeden,192,paladin,retribution,6,2,4
Ryuuku,gilneas,192,paladin,retribution,6,2,4
Lawnrunna,thunderlord,192,paladin,retribution,6,2,4
Luke,moon-guard,192,paladin,retribution,6,2,4
Sigurd,khadgar,192,paladin,retribution,6,2,4
Acehoodz,azralon,192,paladin,retribution,6,2,4
Pallycow,kargath,192,paladin,retribution,6,2,4
Lørdthemar,azralon,192,paladin,retribution,6,2,4
Ladner,tichondrius,192,paladin,retribution,6,2,4
Anjøs,azralon,192,paladin,retribution,6,2,4
Retikulous,tichondrius,192,paladin,retribution,6,2,4
Machoo,laughing-skull,192,paladin,retribution,6,2,4
Tormentoxd,azralon,192,paladin,retribution,6,2,4
Piousgecko,illidan,192,paladin,retribution,6,2,4
Madwrath,moon-guard,192,paladin,retribution,6,2,4
Kolten,kelthuzad,192,paladin,retribution,6,2,4
Ghatte,azralon,192,paladin,retribution,6,2,4
Réalg,area-52,192,paladin,retribution,6,2,4
Haznthley,proudmoore,192,paladin,retribution,6,2,4
Theodden,tichondrius,192,paladin,retribution,6,2,4
Frankjenkins,nagrand,192,paladin,retribution,6,2,4
Variexpal,tichondrius,192,paladin,retribution,6,2,4
Eull,skullcrusher,192,paladin,retribution,6,2,4
Moistplop,aegwynn,192,paladin,retribution,6,2,4
Holypumper,moon-guard,192,paladin,retribution,6,2,4
Tuama,frostmourne,192,paladin,retribution,6,2,4
Zarcissa,gorgonnash,192,paladin,retribution,6,2,4
Ohsoclose,bleeding-hollow,192,paladin,retribution,6,2,4
Carmelito,hakkar,192,paladin,retribution,6,2,4
Yoúngdolph,elune,192,paladin,retribution,6,2,4
Lèo,ghostlands,192,paladin,retribution,6,2,4
Darkour,gnomeregan,192,paladin,retribution,6,2,4
Lightgasm,alterac-mountains,192,paladin,retribution,6,2,4
Lazpal,zuljin,192,paladin,retribution,6,2,4
Drintense,area-52,192,paladin,retribution,6,2,4
Citadehl,bleeding-hollow,192,paladin,retribution,6,2,4
Qwickness,garrosh,192,paladin,retribution,6,2,4
Domiet,bleeding-hollow,192,paladin,retribution,6,2,4
Honeydews,zuljin,192,paladin,retribution,6,2,4
Akhahd,aerie-peak,192,paladin,retribution,6,2,4
Astaysia,undermine,192,paladin,retribution,6,2,4
Dayim,moon-guard,192,paladin,retribution,6,2,4
Nestus,shuhalo,192,paladin,retribution,6,2,4
Sqwuril,area-52,192,paladin,retribution,6,2,4
Izaacckk,hakkar,192,paladin,retribution,6,2,4
Twck,hyjal,192,paladin,retribution,6,2,4
Pissdiaper,area-52,192,paladin,retribution,6,2,4
Ilirax,drakkari,192,paladin,retribution,6,2,4
Ðuel,area-52,192,paladin,retribution,6,2,4
Whyurunning,area-52,192,paladin,retribution,6,2,4
Madnhairy,zuljin,192,paladin,retribution,6,2,4
Blastoise,drakkari,192,paladin,retribution,6,2,4
Honeyduw,moon-guard,192,paladin,retribution,6,2,4
Crosjudge,zuljin,192,paladin,retribution,6,2,4
Omegabubble,garrosh,192,paladin,retribution,6,2,4
Disastroùs,frostmourne,192,paladin,retribution,6,2,4
Scrukx,frostmourne,192,paladin,retribution,6,2,4
Rekos,zuljin,192,paladin,retribution,6,2,4
Thaidron,area-52,192,paladin,retribution,6,2,4
Palix,bonechewer,192,paladin,retribution,6,2,4
Mousesack,dragonmaw,192,paladin,retribution,6,2,4
Crnoshock,area-52,192,paladin,retribution,6,2,4
Islain,smolderthorn,192,paladin,retribution,6,2,4
Malakk,zuljin,192,paladin,retribution,6,2,4
Logust,area-52,192,paladin,retribution,6,2,4
Byonsay,zuljin,192,paladin,retribution,6,2,4
Ogretchair,zuljin,192,paladin,retribution,6,2,4
Litjoint,hyjal,192,paladin,retribution,6,2,4
Dimensions,spirestone,192,paladin,retribution,6,2,4
Svensson,drakkari,192,paladin,retribution,6,2,4
Dwarfpaladin,dragonmaw,192,paladin,retribution,6,2,4
Morcant,drakkari,192,paladin,retribution,6,2,4
Hafra,zuljin,192,paladin,retribution,6,2,4
Lumpypotatos,aegwynn,192,paladin,retribution,10,3,7
Pòßà,malganis,192,paladin,retribution,7,2,5
Jessecash,tichondrius,192,paladin,retribution,12,3,9
Murgly,tichondrius,192,paladin,retribution,8,2,6
Misease,illidan,192,paladin,retribution,9,2,7
Raylewis,ghostlands,192,paladin,retribution,9,2,7
Lodiso,silvermoon,192,paladin,retribution,9,2,7
Smirnøv,ragnaros,192,paladin,retribution,9,2,7
Rayli,dalaran,192,paladin,retribution,12,2,10
Tidds,sargeras,192,paladin,retribution,12,2,10
Fazoéli,stormrage,192,paladin,retribution,12,2,10
Ðáddý,zuljin,192,paladin,retribution,12,2,10
Jachug,tichondrius,192,paladin,retribution,12,2,10
Spîke,sargeras,192,paladin,retribution,12,2,10
Krístem,stormrage,192,paladin,retribution,12,2,10
Clrty,area-52,192,paladin,retribution,12,2,10
Kaiyleigh,sargeras,192,paladin,retribution,12,2,10
Vantz,tichondrius,192,paladin,retribution,12,2,10
Yunxia,tichondrius,192,paladin,retribution,12,2,10
Gøllum,barthilas,192,paladin,retribution,12,2,10
Léa,illidan,192,paladin,retribution,12,2,10
Ghratadin,bleeding-hollow,192,paladin,retribution,12,2,10
Tysads,darkspear,192,paladin,retribution,12,2,10
Slithix,stormreaver,192,paladin,retribution,12,2,10
Vamplyy,kelthuzad,192,paladin,retribution,12,2,10
Renorhal,moon-guard,192,paladin,retribution,12,2,10
Dánteé,ragnaros,192,paladin,retribution,12,2,10
Goldfaith,sargeras,192,paladin,retribution,12,2,10
Seltzer,tichondrius,192,paladin,retribution,12,2,10
Phawkes,eredar,192,paladin,retribution,12,2,10
Alyosya,barthilas,192,paladin,retribution,12,2,10
Octí,quelthalas,192,paladin,retribution,12,2,10
Ricopal,frostmourne,192,paladin,retribution,12,2,10
Lamer,proudmoore,192,paladin,retribution,12,2,10
Flexedonyou,sentinels,192,paladin,retribution,12,2,10
Simbelmyne,thrall,192,paladin,retribution,12,2,10
Palädêeznuts,illidan,192,paladin,retribution,12,2,10
Killerspally,area-52,192,paladin,retribution,12,2,10
Sïncere,frostmourne,192,paladin,retribution,12,2,10
Donk,frostmane,192,paladin,retribution,12,2,10
Elarilein,emerald-dream,192,paladin,retribution,12,2,10
Garddar,ragnaros,192,paladin,retribution,12,2,10
Hurlnix,stormscale,192,paladin,retribution,12,2,10
Gilfan,proudmoore,192,paladin,retribution,12,2,10
Grimsfate,emerald-dream,192,paladin,retribution,12,2,10
Thuurolo,moon-guard,192,paladin,retribution,12,2,10
Yawnday,farstriders,192,paladin,retribution,12,2,10
Seratox,illidan,192,paladin,retribution,12,2,10
Calferx,area-52,192,paladin,retribution,12,2,10
Kheltas,area-52,192,paladin,retribution,12,2,10
Terppy,stormrage,192,paladin,retribution,12,2,10
Nygardian,sargeras,192,paladin,retribution,12,2,10
Tîmere,stormrage,192,paladin,retribution,12,2,10
Jarvin,kiljaeden,192,paladin,retribution,12,2,10
Criixx,malganis,192,paladin,retribution,12,2,10
Jbelf,cenarion-circle,192,paladin,retribution,12,2,10
Rîf,malganis,192,paladin,retribution,12,2,10
Zatoci,shadowsong,192,paladin,retribution,17,2,15
Holyelfs,boulderfist,192,paladin,retribution,18,2,16
Leonardogv,quelthalas,192,paladin,retribution,18,2,16
Dorisseline,emerald-dream,192,paladin,retribution,18,2,16
Runandhide,aerie-peak,192,paladin,retribution,18,2,16
ßleider,quelthalas,1906,paladin,protection,55,39,16
Chafqzhang,barthilas,1808,paladin,protection,35,28,7
Sigmapepe,quelthalas,1802,paladin,protection,155,111,44
Ëlmaster,nemesis,1797,paladin,protection,144,92,52
Zhspeilian,tichondrius,1795,paladin,protection,96,58,38
Degenratebri,moon-guard,1774,paladin,protection,99,67,32
Aluvia,malygos,1741,paladin,protection,70,50,20
Höpönpöppö,frostmourne,1729,paladin,protection,48,26,22
Kierolechita,ragnaros,1728,paladin,protection,318,168,150
Crâfty,bleeding-hollow,1717,paladin,protection,113,65,48
Motates,malganis,1706,paladin,protection,93,48,45
Thulêan,moon-guard,1696,paladin,protection,101,50,51
Sutadansa,doomhammer,1696,paladin,protection,194,96,98
Bubblemark,tichondrius,1695,paladin,protection,118,59,59
Protdream,tichondrius,1688,paladin,protection,36,26,10
Wilder,turalyon,1676,paladin,protection,47,27,20
Dankerton,tichondrius,1670,paladin,protection,38,20,18
Jimmipepe,quelthalas,1668,paladin,protection,164,107,57
Zealna,tichondrius,1663,paladin,protection,35,24,11
Eclipsor,bleeding-hollow,1657,paladin,protection,48,30,18
Vondonna,moon-guard,1655,paladin,protection,113,65,48
Wiley,dark-iron,1649,paladin,protection,42,23,19
Lxwd,tichondrius,1634,paladin,protection,161,79,82
Zephyrvalor,sargeras,1628,paladin,protection,170,84,86
Trågédy,zuljin,1608,paladin,protection,30,25,5
Wowmike,sargeras,1608,paladin,protection,180,96,84
Cusino,tichondrius,1604,paladin,protection,74,40,34
Bighardshock,aggramar,1604,paladin,protection,54,28,26
Blackmiya,tichondrius,1599,paladin,protection,85,50,35
Asukaba,sargeras,1597,paladin,protection,24,17,7
Palahogx,sargeras,1589,paladin,protection,48,19,29
Uglyboyryan,sargeras,1587,paladin,protection,108,59,49
Gredo,queldorei,1572,paladin,protection,47,25,22
Sôlux,quelthalas,1571,paladin,protection,92,49,43
Vaalbara,fizzcrank,1562,paladin,protection,36,19,17
Demloc,doomhammer,1558,paladin,protection,72,33,39
Rehtua,bleeding-hollow,1557,paladin,protection,83,35,48
Chozverialyz,ysondre,1552,paladin,protection,80,39,41
Øziris,goldrinn,1552,paladin,protection,108,51,57
Poppadock,veknilash,1514,paladin,protection,191,101,90
Xbloodknight,malganis,1494,paladin,protection,48,16,32
Tooholy,kiljaeden,1486,paladin,protection,41,22,19
Aeythyr,wyrmrest-accord,1483,paladin,protection,97,42,55
Borrus,malygos,1480,paladin,protection,48,28,20
Piojopaladin,quelthalas,1471,paladin,protection,47,26,21
Aopidsfihjov,stormrage,1471,paladin,protection,113,58,55
Zexion,azralon,1450,paladin,protection,45,19,26
Taillien,bonechewer,1444,paladin,protection,88,51,37
Cherubic,sargeras,1444,paladin,protection,78,39,39
Alekvin,moon-guard,1442,paladin,protection,36,19,17
Paldyn,illidan,1435,paladin,protection,24,16,8
Íaan,drakkari,1433,paladin,protection,70,43,27
Whëëls,stormreaver,1411,paladin,protection,41,22,19
Bt,quelthalas,1410,paladin,protection,47,31,16
Terayus,veknilash,1409,paladin,protection,48,27,21
Lorec,zuljin,1395,paladin,protection,54,25,29
Modafinil,bonechewer,1390,paladin,protection,117,53,64
Domocho,azgalor,1387,paladin,protection,47,24,23
Herimi,drakkari,1379,paladin,protection,107,43,64
Goldjade,khazgoroth,1374,paladin,protection,119,49,70
Rakasho,azralon,1370,paladin,protection,60,23,37
Goeun,destromath,1369,paladin,protection,37,16,21
Arcilys,illidan,1366,paladin,protection,154,66,88
Khrome,cenarion-circle,1365,paladin,protection,229,86,143
Blicka,dragonblight,1358,paladin,protection,78,35,43
Lessera,tichondrius,1356,paladin,protection,42,18,24
Jenesis,illidan,1348,paladin,protection,30,20,10
Stormvikingx,darkspear,1336,paladin,protection,24,14,10
Trâgedy,azjolnerub,1331,paladin,protection,30,14,16
Fredward,bleeding-hollow,1329,paladin,protection,30,14,16
Canibaluy,ragnaros,1329,paladin,protection,40,18,22
Ronor,thorium-brotherhood,1323,paladin,protection,48,24,24
Jkethuhsnake,ghostlands,1317,paladin,protection,57,32,25
Almeta,kelthuzad,1316,paladin,protection,48,23,25
Palzor,shadowsong,1312,paladin,protection,42,17,25
Marlynx,tichondrius,1293,paladin,protection,30,15,15
Thorsmites,sargeras,1273,paladin,protection,48,18,30
Poorly,thorium-brotherhood,1266,paladin,protection,48,24,24
Zackthepally,area-52,1244,paladin,protection,30,13,17
Lythos,dathremar,1238,paladin,protection,42,19,23
Dirkdigglerz,bleeding-hollow,1216,paladin,protection,47,17,30
Imthabromb,dragonblight,1203,paladin,protection,59,28,31
Kittié,proudmoore,1163,paladin,protection,44,14,30
Lelythia,bleeding-hollow,1161,paladin,protection,65,25,40
Ratzon,dalaran,1156,paladin,protection,23,14,9
Chanimalf,tichondrius,1118,paladin,protection,18,13,5
Zakh,proudmoore,1053,paladin,protection,18,11,7
Bronislav,draka,1053,paladin,protection,18,11,7
Penitent,barthilas,1052,paladin,protection,18,11,7
Drágons,stormrage,1046,paladin,protection,30,11,19
Holybull,maiev,1039,paladin,protection,24,11,13
Ndnpaly,bonechewer,1017,paladin,protection,24,11,13
Bullivan,sisters-of-elune,963,paladin,protection,40,14,26
Devonius,sargeras,959,paladin,protection,18,10,8
Holyknight,veknilash,959,paladin,protection,26,11,15
Strontimus,moon-guard,958,paladin,protection,12,10,2
Triene,wyrmrest-accord,948,paladin,protection,24,10,14
Danthorin,malfurion,940,paladin,protection,44,10,34
Matadore,arygos,908,paladin,protection,22,11,11
Dyllionaire,thrall,863,paladin,protection,12,9,3
Alexcydragon,quelthalas,863,paladin,protection,18,9,9
Hittit,thrall,859,paladin,protection,30,9,21
Negativeiq,moon-guard,798,paladin,protection,10,10,0
Courageousz,dalaran,768,paladin,protection,18,8,10
Crusâder,area-52,767,paladin,protection,24,8,16
Lothwrynn,senjin,762,paladin,protection,18,8,10
Halnoth,dethecus,702,paladin,protection,11,8,3
Buslightyear,azralon,672,paladin,protection,12,7,5
Kurokodieru,dalaran,672,paladin,protection,18,7,11
Ebull,quelthalas,672,paladin,protection,18,7,11
Valkaire,area-52,671,paladin,protection,12,7,5
Mattis,malganis,671,paladin,protection,12,7,5
Qtipds,moon-guard,671,paladin,protection,18,7,11
Tarnaks,stormrage,671,paladin,protection,18,7,11
Nobleblood,emerald-dream,669,paladin,protection,18,7,11
Sølis,alleria,576,paladin,protection,12,6,6
Holykura,thrall,576,paladin,protection,12,6,6
Santovaca,anubarak,576,paladin,protection,12,6,6
Huwglyndur,trollbane,575,paladin,protection,12,6,6
Cots,azralon,556,paladin,protection,23,6,17
Steverógers,frostmourne,480,paladin,protection,6,5,1
Gotankz,moon-guard,480,paladin,protection,12,5,7
Tankfest,sargeras,480,paladin,protection,12,5,7
Typhoontravv,thrall,480,paladin,protection,12,5,7
Kiehui,lightbringer,480,paladin,protection,12,5,7
Ergeboxito,quelthalas,480,paladin,protection,18,5,13
Lewstelamon,korialstrasz,446,paladin,protection,10,6,4
Thorkell,moon-guard,384,paladin,protection,6,4,2
Ibubblë,wildhammer,384,paladin,protection,6,4,2
Guidö,stormrage,384,paladin,protection,6,4,2
Bullheaded,silvermoon,384,paladin,protection,12,4,8
Ilovéyou,barthilas,384,paladin,protection,12,4,8
Valisari,korialstrasz,384,paladin,protection,12,4,8
Gîmply,proudmoore,384,paladin,protection,12,4,8
Belmorlin,moon-guard,384,paladin,protection,12,4,8
Zaeris,proudmoore,384,paladin,protection,12,4,8
Rikurena,bonechewer,383,paladin,protection,6,4,2
Shrektacular,malganis,351,paladin,protection,11,4,7
Jahirie,aegwynn,351,paladin,protection,17,4,13
Isecretly,stormrage,335,paladin,protection,7,7,0
Thortanous,icecrown,288,paladin,protection,6,3,3
Cheers,garona,288,paladin,protection,6,3,3
Harterin,stormrage,288,paladin,protection,6,3,3
Eliteyahtzee,kelthuzad,288,paladin,protection,12,3,9
Irahan,stormrage,288,paladin,protection,12,3,9
Threesixteen,proudmoore,288,paladin,protection,12,3,9
Kooshh,thunderlord,288,paladin,protection,12,3,9
Urfavxbf,baelgun,288,paladin,protection,13,3,10
Saeranella,moon-guard,240,paladin,protection,9,3,6
Blâckhârt,saurfang,234,paladin,protection,9,4,5
Xinqingle,tichondrius,192,paladin,protection,6,2,4
Stompem,zuljin,192,paladin,protection,6,2,4
Immensepower,tichondrius,192,paladin,protection,6,2,4
Troxnar,ragnaros,192,paladin,protection,6,2,4
Zatheus,area-52,192,paladin,protection,6,2,4
Simpforomenx,emerald-dream,192,paladin,protection,6,2,4
Ascension,amanthul,192,paladin,protection,6,2,4
Òp,illidan,192,paladin,protection,10,3,7
Zifre,ragnaros,192,paladin,protection,12,2,10
Protbeeff,area-52,192,paladin,protection,12,2,10
Consecrated,daggerspine,192,paladin,protection,12,2,10
Dwarvendude,sargeras,159,paladin,protection,11,2,9
Imnotahealer,drakthul,138,paladin,protection,10,3,7
Smökë,area-52,127,paladin,protection,8,2,6
Rethayla,moon-guard,96,paladin,protection,6,1,5
Hammerabi,moon-guard,96,paladin,protection,6,1,5
Airane,sargeras,96,paladin,protection,6,1,5
Siire,darkspear,96,paladin,protection,6,1,5
Thrandaic,frostmourne,96,paladin,protection,6,1,5
Combidin,garrosh,96,paladin,protection,6,1,5
Lasonil,zuljin,96,paladin,protection,6,1,5
Mtanchokeme,stormrage,96,paladin,protection,9,1,8
Chàrron,garrosh,79,paladin,protection,5,1,4
Garbagedisc,scilla,2111,priest,holy,187,90,97
Fluent,emerald-dream,2099,priest,holy,282,143,139
Ishyeboi,stormrage,2097,priest,holy,83,45,38
Yötönyö,sargeras,2082,priest,holy,114,57,57
Pianohouse,illidan,2070,priest,holy,245,132,113
Whitetails,illidan,2049,priest,holy,192,108,84
Ømegagødx,illidan,2046,priest,holy,72,38,34
Bjorke,tichondrius,2028,priest,holy,138,75,63
Meatboxmoldy,blood-furnace,2009,priest,holy,100,58,42
Priestlike,tichondrius,2007,priest,holy,133,70,63
Dogbutt,burning-legion,1996,priest,holy,222,111,111
Pickle,illidan,1974,priest,holy,86,49,37
Gentlewoman,ragnaros,1962,priest,holy,122,71,51
Zxxkawaii,tichondrius,1957,priest,holy,283,153,130
Cindyloux,tichondrius,1953,priest,holy,48,29,19
Sinthe,stormrage,1944,priest,holy,59,33,26
Fusira,gurubashi,1941,priest,holy,48,25,23
Ninbara,tichondrius,1940,priest,holy,144,72,72
Tookiex,stormrage,1936,priest,holy,73,35,38
Mynaevis,malganis,1925,priest,holy,144,79,65
Rustymvpfan,nagrand,1923,priest,holy,186,90,96
Saintjpii,tichondrius,1910,priest,holy,161,96,65
Rustymvp,nagrand,1905,priest,holy,299,144,155
Cokeheals,kelthuzad,1899,priest,holy,60,36,24
Tirrify,frostmourne,1899,priest,holy,54,29,25
Mastuti,azralon,1891,priest,holy,179,92,87
Onemission,whisperwind,1889,priest,holy,72,27,45
Whalexo,kelthuzad,1880,priest,holy,342,169,173
Falsegodx,tichondrius,1872,priest,holy,192,106,86
Cinnalite,darkspear,1870,priest,holy,42,29,13
Dreckie,sargeras,1869,priest,holy,219,114,105
Wisdumos,frostmourne,1863,priest,holy,144,82,62
Zenelu,tichondrius,1862,priest,holy,518,261,257
Zazul,frostmane,1859,priest,holy,125,75,50
Teslashield,bleeding-hollow,1856,priest,holy,54,25,29
Quicklight,sargeras,1854,priest,holy,157,89,68
Pesca,proudmoore,1853,priest,holy,66,34,32
Jüdaspriest,gorefiend,1853,priest,holy,71,27,44
Goodlife,frostmourne,1852,priest,holy,146,77,69
Tookz,stormrage,1851,priest,holy,54,34,20
Dream,kelthuzad,1850,priest,holy,144,76,68
Onikûdaki,sargeras,1850,priest,holy,113,52,61
Nanatoo,sargeras,1849,priest,holy,84,48,36
Pws,azralon,1846,priest,holy,126,66,60
Peat,hyjal,1844,priest,holy,54,27,27
Fanatic,lightbringer,1841,priest,holy,54,31,23
Ioved,sisters-of-elune,1841,priest,holy,261,143,118
Superduperr,illidan,1840,priest,holy,66,33,33
Leoshi,turalyon,1839,priest,holy,202,113,89
Lagemela,quelthalas,1825,priest,holy,101,47,54
Hannavi,illidan,1824,priest,holy,132,87,45
Holypopocat,tichondrius,1824,priest,holy,159,94,65
Cosmicyiff,area-52,1819,priest,holy,178,96,82
Iniquitatem,tichondrius,1817,priest,holy,60,23,37
Tromnasty,area-52,1816,priest,holy,90,53,37
Pmos,sargeras,1816,priest,holy,100,49,51
Lëønë,nemesis,1815,priest,holy,154,95,59
Sweatynick,proudmoore,1813,priest,holy,227,109,118
Immthuggin,tichondrius,1813,priest,holy,120,53,67
Painpaws,moon-guard,1811,priest,holy,103,73,30
Scyner,bleeding-hollow,1811,priest,holy,152,87,65
Dmgisop,illidan,1811,priest,holy,141,80,61
Clarifytwo,arathor,1809,priest,holy,48,29,19
Moldymeatbox,blood-furnace,1809,priest,holy,77,45,32
Appleshampoo,black-dragonflight,1807,priest,holy,54,31,23
Qnzo,tichondrius,1806,priest,holy,60,39,21
Stonemonkeyp,sargeras,1806,priest,holy,320,179,141
Pipelayerx,illidan,1804,priest,holy,50,25,25
Murkd,tichondrius,1804,priest,holy,145,68,77
Citrinesta,illidan,1803,priest,holy,445,241,204
Qnarisha,tichondrius,1803,priest,holy,251,134,117
Soloqqt,tichondrius,1800,priest,holy,54,32,22
Gill,proudmoore,1800,priest,holy,148,78,70
Noniok,blackrock,1798,priest,holy,146,92,54
Lilyxo,bleeding-hollow,1798,priest,holy,90,43,47
Walnut,kelthuzad,1789,priest,holy,244,120,124
Cokeheals,tichondrius,1786,priest,holy,54,28,26
Debussynjoyr,malganis,1785,priest,holy,30,19,11
Snowymooie,frostmourne,1785,priest,holy,65,31,34
Hatxsu,emerald-dream,1784,priest,holy,283,147,136
Moonideli,moon-guard,1783,priest,holy,90,46,44
Snookp,kiljaeden,1781,priest,holy,311,169,142
Turnipp,sargeras,1780,priest,holy,42,19,23
Icychain,area-52,1779,priest,holy,41,23,18
Pigogo,tichondrius,1778,priest,holy,181,100,81
Saetia,drenden,1775,priest,holy,132,77,55
Gerpe,stormrage,1775,priest,holy,195,107,88
Jjmms,akama,1773,priest,holy,373,186,187
Shoepooper,kelthuzad,1766,priest,holy,36,22,14
Vandalia,shadowsong,1762,priest,holy,199,94,105
Illmindofmoo,sargeras,1757,priest,holy,53,24,29
Kottssanius,illidan,1747,priest,holy,62,37,25
Óst,tichondrius,1747,priest,holy,54,23,31
Heavyflo,kelthuzad,1746,priest,holy,114,58,56
Hyouka,area-52,1745,priest,holy,321,166,155
Dntchekpvpme,tichondrius,1743,priest,holy,72,39,33
Iovesosa,kelthuzad,1739,priest,holy,39,22,17
Elbowbeans,tichondrius,1738,priest,holy,178,89,89
Haruspex,azralon,1738,priest,holy,171,81,90
Verymuscular,stormrage,1737,priest,holy,73,37,36
Dadcantdeath,frostmourne,1737,priest,holy,168,84,84
Qtasiangirl,emerald-dream,1735,priest,holy,129,60,69
Wøo,area-52,1730,priest,holy,220,118,102
Endure,moon-guard,1727,priest,holy,72,39,33
Minipriest,sargeras,1726,priest,holy,48,23,25
Blazedpri,tichondrius,1721,priest,holy,30,18,12
Rootandboot,frostmourne,1720,priest,holy,97,47,50
Nildryck,malganis,1720,priest,holy,42,19,23
Fyne,kelthuzad,1716,priest,holy,248,130,118
Cheekypriest,stormrage,1714,priest,holy,66,30,36
ßsimp,darrowmere,1700,priest,holy,196,96,100
Spx,frostmourne,1698,priest,holy,61,38,23
Archbishop,stormscale,1698,priest,holy,226,118,108
Baip,sargeras,1696,priest,holy,42,25,17
Flamboyant,sisters-of-elune,1696,priest,holy,150,75,75
Iluvthgnmicz,sargeras,1690,priest,holy,99,52,47
Sukeena,malganis,1690,priest,holy,205,106,99
Geoffrred,illidan,1686,priest,holy,54,21,33
Candohp,frostmourne,1682,priest,holy,60,31,29
Illooj,eonar,1681,priest,holy,73,41,32
Dinosmeow,sargeras,1681,priest,holy,108,53,55
Bloodlinex,malganis,1678,priest,holy,262,141,121
Soulghast,gorefiend,1676,priest,holy,65,34,31
Xpenance,ragnaros,1675,priest,holy,84,35,49
Packet,zuluhed,1671,priest,holy,48,30,18
Fotmtrash,the-underbog,1671,priest,holy,48,29,19
Myles,alexstrasza,1667,priest,holy,42,24,18
Pancakeboi,tichondrius,1667,priest,holy,224,106,118
Gaudthree,tichondrius,1665,priest,holy,54,28,26
Moosepriestx,sargeras,1660,priest,holy,42,19,23
Cryptron,tichondrius,1660,priest,holy,114,50,64
Lisnup,tichondrius,1659,priest,holy,75,39,36
Anguishment,stormrage,1659,priest,holy,407,209,198
Thisistragic,frostmourne,1657,priest,holy,46,35,11
Kernelious,illidan,1654,priest,holy,54,25,29
Djdazzle,kargath,1652,priest,holy,35,18,17
Lemmiewinkzx,sargeras,1650,priest,holy,60,35,25
Irídium,area-52,1643,priest,holy,48,24,24
Weezyxo,tichondrius,1640,priest,holy,42,23,19
Avis,illidan,1640,priest,holy,200,103,97
Edmen,stormrage,1639,priest,holy,150,81,69
Phatheals,proudmoore,1639,priest,holy,36,19,17
Hpcando,frostmourne,1636,priest,holy,55,33,22
Fhenomenal,tichondrius,1636,priest,holy,48,21,27
Holydome,daggerspine,1634,priest,holy,60,22,38
Lightwell,blackrock,1633,priest,holy,30,18,12
Dfâc,moon-guard,1633,priest,holy,44,23,21
Wankenobi,stormrage,1632,priest,holy,315,157,158
Dypkillet,moon-guard,1632,priest,holy,180,88,92
Tewiyakichkn,tichondrius,1629,priest,holy,30,17,13
Hardiness,tichondrius,1627,priest,holy,66,45,21
Canswersp,sargeras,1627,priest,holy,36,19,17
Jaytee,aggramar,1624,priest,holy,32,19,13
Shwayp,zuljin,1624,priest,holy,30,17,13
Yunwuyue,illidan,1623,priest,holy,72,37,35
Dgpriest,tichondrius,1620,priest,holy,48,23,25
Onion,garona,1619,priest,holy,30,17,13
Mevix,firetree,1618,priest,holy,91,41,50
Yyuan,tichondrius,1618,priest,holy,94,42,52
Santyel,ragnaros,1616,priest,holy,144,72,72
Shïryn,illidan,1615,priest,holy,65,33,32
Pej,emerald-dream,1615,priest,holy,78,34,44
Clarify,arathor,1615,priest,holy,84,35,49
Cûrry,bleeding-hollow,1614,priest,holy,84,52,32
Miserable,emerald-dream,1614,priest,holy,102,56,46
Lickless,illidan,1613,priest,holy,48,23,25
Manbooty,illidan,1611,priest,holy,56,31,25
Bopang,emerald-dream,1610,priest,holy,112,54,58
Oxynor,zuljin,1609,priest,holy,48,21,27
Pootyspanked,daggerspine,1608,priest,holy,154,89,65
Cantheel,stormrage,1608,priest,holy,307,162,145
Krobs,bleeding-hollow,1606,priest,holy,54,25,29
Robdàwg,illidan,1604,priest,holy,31,17,14
Invincible,ragnaros,1601,priest,holy,86,51,35
Ksâh,bleeding-hollow,1600,priest,holy,79,48,31
Jagsp,area-52,1600,priest,holy,87,43,44
Excellency,tichondrius,1598,priest,holy,41,22,19
Madomie,bladefist,1597,priest,holy,36,20,16
Gosilly,tichondrius,1595,priest,holy,61,35,26
Renniel,stormrage,1594,priest,holy,50,29,21
Evilpriest,stormrage,1591,priest,holy,48,24,24
Iaz,darkspear,1591,priest,holy,92,40,52
Washdp,frostmourne,1591,priest,holy,60,26,34
Iaptop,tichondrius,1587,priest,holy,60,33,27
Tylexus,tichondrius,1585,priest,holy,70,30,40
Operandi,sargeras,1583,priest,holy,41,22,19
Rdvark,stormrage,1583,priest,holy,49,24,25
Leonerey,azralon,1583,priest,holy,42,19,23
Atenai,sargeras,1579,priest,holy,54,26,28
Cutiepriest,gnomeregan,1577,priest,holy,206,115,91
Joeschmoe,proudmoore,1577,priest,holy,72,40,32
Node,ysondre,1577,priest,holy,48,25,23
Vatan,dalaran,1574,priest,holy,93,49,44
Bloodyx,bleeding-hollow,1573,priest,holy,30,19,11
Eatsoupbro,tichondrius,1570,priest,holy,53,27,26
Bubbles,drakthul,1570,priest,holy,585,296,289
Padrecarras,ragnaros,1565,priest,holy,60,30,30
Eccentricx,sargeras,1562,priest,holy,34,18,16
ßeautiful,sargeras,1562,priest,holy,42,22,20
Tytusx,stormrage,1559,priest,holy,92,45,47
Alathea,elune,1559,priest,holy,267,127,140
Chavvy,tichondrius,1554,priest,holy,30,17,13
Senzy,tichondrius,1553,priest,holy,36,18,18
Sodezz,stormrage,1552,priest,holy,42,25,17
Exploded,moon-guard,1549,priest,holy,198,101,97
Macko,wyrmrest-accord,1549,priest,holy,87,44,43
Downturn,tichondrius,1544,priest,holy,85,40,45
Swrvlol,emerald-dream,1543,priest,holy,60,41,19
Beli,dunemaul,1542,priest,holy,42,24,18
Praggy,proudmoore,1542,priest,holy,59,27,32
Boundword,emerald-dream,1540,priest,holy,84,45,39
Applepieyum,illidan,1540,priest,holy,155,77,78
Preebs,warsong,1539,priest,holy,48,19,29
Heluupa,illidan,1538,priest,holy,113,71,42
Mavuiss,barthilas,1538,priest,holy,37,18,19
Punkndrublic,sargeras,1537,priest,holy,189,91,98
Tarlex,illidan,1536,priest,holy,118,54,64
Auntbrittany,tichondrius,1534,priest,holy,225,115,110
Natahlia,area-52,1534,priest,holy,36,17,19
Cardinalpéll,frostmourne,1533,priest,holy,110,59,51
Hynzor,barthilas,1533,priest,holy,58,23,35
Vampiric,laughing-skull,1532,priest,holy,104,59,45
Nancynibbler,bleeding-hollow,1531,priest,holy,80,35,45
Soaphia,kelthuzad,1529,priest,holy,232,117,115
Rubymisfit,sargeras,1528,priest,holy,30,16,14
Bibleblak,stormrage,1525,priest,holy,60,30,30
Intrav,malganis,1523,priest,holy,34,17,17
Charbosan,gorgonnash,1522,priest,holy,48,22,26
Healinsucks,proudmoore,1519,priest,holy,52,29,23
Dumbthott,illidan,1516,priest,holy,58,29,29
Ååron,illidan,1515,priest,holy,94,51,43
Ducky,drakthul,1513,priest,holy,66,38,28
Rolence,tichondrius,1513,priest,holy,103,59,44
Miamama,hydraxis,1513,priest,holy,42,17,25
Nielbomb,tichondrius,1512,priest,holy,501,248,253
Giomoreno,tichondrius,1512,priest,holy,42,20,22
Boboxiao,illidan,1512,priest,holy,47,16,31
Purgeoften,sargeras,1511,priest,holy,30,16,14
Heart,misha,1510,priest,holy,30,21,9
Handsumheals,kiljaeden,1509,priest,holy,60,34,26
Conifer,emerald-dream,1507,priest,holy,36,19,17
Justjoekingh,gurubashi,1507,priest,holy,46,24,22
Opeli,stormrage,1507,priest,holy,116,57,59
Tortellino,hyjal,1505,priest,holy,30,19,11
Badgoy,dalaran,1505,priest,holy,62,23,39
Einheit,stormrage,1502,priest,holy,48,28,20
Nerfdisc,azralon,1502,priest,holy,55,28,27
Drelia,jubeithos,1502,priest,holy,77,29,48
Niná,arathor,1501,priest,holy,32,19,13
Cerebrill,bleeding-hollow,1500,priest,holy,129,58,71
Psytrance,proudmoore,1498,priest,holy,72,38,34
Dispassion,stormrage,1498,priest,holy,218,108,110
Xedus,mannoroth,1498,priest,holy,86,41,45
Sanojaz,ragnaros,1497,priest,holy,102,52,50
Symbolofhope,moon-guard,1495,priest,holy,75,36,39
Tazzi,chromaggus,1494,priest,holy,79,35,44
Illyasviel,terenas,1494,priest,holy,109,45,64
Daddyguaga,tichondrius,1493,priest,holy,54,29,25
Neverbeen,tichondrius,1491,priest,holy,36,16,20
Sacrifer,moon-guard,1488,priest,holy,127,63,64
Griddly,alterac-mountains,1488,priest,holy,121,51,70
Hizha,tichondrius,1485,priest,holy,70,43,27
Adrenalinn,illidan,1485,priest,holy,66,38,28
Matthiass,thrall,1485,priest,holy,220,107,113
Kostantina,kelthuzad,1484,priest,holy,42,18,24
Oyy,barthilas,1481,priest,holy,199,99,100
Breathkeeper,proudmoore,1480,priest,holy,54,24,30
Tranquilty,tichondrius,1480,priest,holy,84,36,48
Hamburgle,blackrock,1479,priest,holy,28,17,11
Amayå,kelthuzad,1477,priest,holy,84,37,47
Goyimhealer,area-52,1476,priest,holy,53,23,30
Whitepigogo,tichondrius,1471,priest,holy,47,25,22
Eaten,emerald-dream,1471,priest,holy,91,48,43
Deadpape,tichondrius,1470,priest,holy,48,23,25
Doob,ghostlands,1469,priest,holy,126,68,58
Shieldspamx,tichondrius,1468,priest,holy,38,29,9
Ayanamil,tichondrius,1467,priest,holy,81,59,22
Keicel,zuljin,1466,priest,holy,35,17,18
Meiev,quelthalas,1465,priest,holy,72,41,31
Exol,ragnaros,1465,priest,holy,48,25,23
Berzum,chogall,1463,priest,holy,42,21,21
Soleyxo,frostmourne,1462,priest,holy,102,51,51
Chandracath,draktharon,1461,priest,holy,60,29,31
Artiannaa,bleeding-hollow,1460,priest,holy,81,49,32
Taashigi,frostmourne,1456,priest,holy,112,59,53
Discconnect,dark-iron,1456,priest,holy,41,19,22
Jiñx,destromath,1456,priest,holy,78,33,45
Nopang,tichondrius,1455,priest,holy,45,26,19
Chaas,ragnaros,1455,priest,holy,78,41,37
Fertalize,maiev,1453,priest,holy,59,24,35
Maplesyrupz,moonrunner,1452,priest,holy,40,16,24
Arçhángël,moon-guard,1451,priest,holy,128,68,60
Ðemi,zuljin,1449,priest,holy,81,43,38
Lolcrafthd,ragnaros,1449,priest,holy,84,39,45
Mhp,illidan,1447,priest,holy,65,31,34
Sooyáaa,illidan,1447,priest,holy,288,131,157
Tianqing,tichondrius,1447,priest,holy,81,35,46
Pics,emerald-dream,1446,priest,holy,40,22,18
Qtcookiebunz,proudmoore,1446,priest,holy,42,20,22
Giveheadpats,moon-guard,1445,priest,holy,176,84,92
ßugsy,illidan,1444,priest,holy,114,59,55
Owlchubz,mannoroth,1443,priest,holy,121,57,64
Zallp,sargeras,1440,priest,holy,23,16,7
Pxxie,stormrage,1439,priest,holy,50,28,22
Reverenced,stormrage,1438,priest,holy,138,77,61
Akëla,nemesis,1438,priest,holy,92,51,41
Cuaiminator,ragnaros,1438,priest,holy,77,42,35
Camedy,illidan,1438,priest,holy,191,94,97
Ímhotep,sargeras,1434,priest,holy,24,15,9
Necroplasma,area-52,1433,priest,holy,55,31,24
Maddrox,sargeras,1432,priest,holy,76,42,34
Iggyp,hyjal,1430,priest,holy,217,113,104
Plebiss,burning-blade,1429,priest,holy,423,218,205
Marïmba,azralon,1428,priest,holy,42,20,22
Dylbags,frostmourne,1427,priest,holy,106,49,57
Lavigne,tichondrius,1427,priest,holy,36,15,21
Discospider,sargeras,1426,priest,holy,67,36,31
Wrinkletink,whisperwind,1426,priest,holy,61,30,31
Bradythree,moon-guard,1423,priest,holy,52,32,20
Dapcum,illidan,1422,priest,holy,72,40,32
Esvary,quelthalas,1421,priest,holy,152,84,68
Voïdx,emerald-dream,1420,priest,holy,110,49,61
Suirr,tichondrius,1419,priest,holy,42,20,22
Vìxèn,zuljin,1419,priest,holy,127,57,70
Mizzbehavn,tichondrius,1416,priest,holy,62,32,30
Callus,stormrage,1416,priest,holy,42,18,24
Chervz,chogall,1415,priest,holy,90,37,53
Chadopri,stormrage,1414,priest,holy,114,59,55
Galadrael,quelthalas,1414,priest,holy,88,43,45
Aisperwind,shadowsong,1413,priest,holy,156,78,78
Strivedaily,proudmoore,1412,priest,holy,314,150,164
Tòxìç,stormrage,1411,priest,holy,187,96,91
Kovaxx,frostmourne,1410,priest,holy,165,79,86
Yevøn,ragnaros,1409,priest,holy,36,19,17
Loosejeans,blackrock,1407,priest,holy,45,22,23
Xrafa,azralon,1406,priest,holy,126,64,62
Îcarus,tichondrius,1406,priest,holy,36,17,19
Åutumn,tichondrius,1405,priest,holy,38,25,13
Teddyy,tichondrius,1403,priest,holy,26,16,10
Tonybanderas,shattered-halls,1403,priest,holy,60,29,31
Sacredforce,sargeras,1400,priest,holy,66,21,45
Dawnside,wyrmrest-accord,1397,priest,holy,773,406,367
Ghostiepants,tichondrius,1396,priest,holy,59,30,29
Helgar,frostmourne,1396,priest,holy,54,25,29
Bestgirlna,area-52,1395,priest,holy,150,67,83
Faerielee,thrall,1394,priest,holy,82,41,41
Pettypriest,dalaran,1394,priest,holy,201,95,106
Hypepriest,sargeras,1392,priest,holy,36,21,15
Musashibo,kelthuzad,1391,priest,holy,73,25,48
Soapfan,kelthuzad,1387,priest,holy,195,94,101
Dreäveler,stormrage,1385,priest,holy,27,15,12
Fenty,nemesis,1384,priest,holy,59,33,26
Glaius,kiljaeden,1381,priest,holy,108,52,56
Plod,kelthuzad,1380,priest,holy,42,25,17
Etain,bloodscalp,1380,priest,holy,65,35,30
Akaneo,tichondrius,1380,priest,holy,90,46,44
Mikeyxo,gnomeregan,1379,priest,holy,50,30,20
Mkenze,moon-guard,1379,priest,holy,227,109,118
Rihen,tichondrius,1377,priest,holy,537,264,273
Methodist,proudmoore,1377,priest,holy,90,34,56
Leggoscams,tichondrius,1373,priest,holy,67,33,34
Deathrina,moon-guard,1372,priest,holy,63,39,24
París,mannoroth,1372,priest,holy,38,16,22
Hérò,barthilas,1371,priest,holy,56,32,24
Deathlullaby,malganis,1370,priest,holy,39,22,17
Padreamarol,ragnaros,1369,priest,holy,164,87,77
Famemolol,tichondrius,1367,priest,holy,114,60,54
Ratpriest,chogall,1363,priest,holy,57,25,32
Izoth,tichondrius,1359,priest,holy,73,39,34
Pôê,blood-furnace,1357,priest,holy,42,27,15
Allevia,frostmourne,1356,priest,holy,48,25,23
Xanky,frostmourne,1355,priest,holy,52,30,22
Chemod,quelthalas,1355,priest,holy,47,26,21
Cyelena,quelthalas,1355,priest,holy,72,32,40
Quartzolio,azralon,1353,priest,holy,59,35,24
Muffinecho,sargeras,1353,priest,holy,85,36,49
Bonsana,shadowsong,1350,priest,holy,226,123,103
Xenatic,emerald-dream,1350,priest,holy,150,72,78
Sabene,greymane,1349,priest,holy,120,58,62
Shaldra,bleeding-hollow,1348,priest,holy,109,64,45
Kaelsgf,kaelthas,1348,priest,holy,78,35,43
Czupalla,illidan,1346,priest,holy,42,25,17
Sappes,area-52,1346,priest,holy,54,27,27
Valunardrus,duskwood,1346,priest,holy,36,15,21
Aiwa,winterhoof,1345,priest,holy,122,64,58
Milldogz,korgath,1345,priest,holy,36,17,19
Bigtizzle,illidan,1345,priest,holy,42,18,24
Freshtodeath,malganis,1344,priest,holy,78,44,34
Nylaza,kiljaeden,1342,priest,holy,102,48,54
Aurorias,burning-legion,1340,priest,holy,90,38,52
Andruel,ragnaros,1338,priest,holy,109,56,53
Mímì,wyrmrest-accord,1338,priest,holy,199,102,97
Urdaisyy,kelthuzad,1337,priest,holy,42,15,27
Ænußís,stormrage,1335,priest,holy,84,46,38
Spriest,kul-tiras,1332,priest,holy,74,41,33
Cruxave,aegwynn,1332,priest,holy,135,72,63
Meepsw,stormrage,1331,priest,holy,36,25,11
Preacherr,bonechewer,1331,priest,holy,60,32,28
Pastorb,burning-blade,1331,priest,holy,148,75,73
Trufumthunzi,malganis,1330,priest,holy,26,17,9
Xumer,quelthalas,1329,priest,holy,68,35,33
Merellia,moon-guard,1328,priest,holy,142,70,72
Arterrmis,barthilas,1327,priest,holy,132,67,65
Gracarix,frostmourne,1326,priest,holy,52,30,22
Sugarlorde,destromath,1326,priest,holy,57,28,29
Kaelthos,quelthalas,1324,priest,holy,125,59,66
Holyshytt,tichondrius,1323,priest,holy,59,31,28
Rillding,tichondrius,1323,priest,holy,40,16,24
Xinpingole,azralon,1322,priest,holy,184,91,93
Dispersed,thrall,1319,priest,holy,92,42,50
Priestlie,malganis,1318,priest,holy,98,43,55
Legoland,skullcrusher,1317,priest,holy,69,44,25
Aithren,moon-guard,1317,priest,holy,60,33,27
Yuritzi,duskwood,1316,priest,holy,24,14,10
Potatopriest,frostmourne,1315,priest,holy,24,14,10
Dunanan,moon-guard,1313,priest,holy,50,27,23
Lectra,firetree,1313,priest,holy,40,21,19
Dchi,tichondrius,1311,priest,holy,30,18,12
Kurandies,nemesis,1311,priest,holy,93,45,48
Mercý,zuljin,1309,priest,holy,60,34,26
Klondikebar,whisperwind,1306,priest,holy,66,32,34
Greytness,tichondrius,1305,priest,holy,36,16,20
Xinferesia,sargeras,1305,priest,holy,61,25,36
Jovon,frostmourne,1305,priest,holy,55,21,34
Floquii,area-52,1304,priest,holy,76,34,42
Snuffsnorter,kelthuzad,1304,priest,holy,41,16,25
Cutensoft,moon-guard,1302,priest,holy,60,28,32
Msdash,tichondrius,1300,priest,holy,31,20,11
Yujawang,sargeras,1300,priest,holy,36,17,19
Cristobal,chogall,1299,priest,holy,30,15,15
Duhàst,sargeras,1296,priest,holy,95,43,52
Littlebat,proudmoore,1294,priest,holy,82,41,41
Holyfromrmp,tichondrius,1294,priest,holy,99,44,55
Irar,tichondrius,1293,priest,holy,17,14,3
Bleegs,illidan,1292,priest,holy,35,14,21
Athull,ragnaros,1291,priest,holy,30,16,14
Tiestô,tichondrius,1290,priest,holy,35,14,21
Deemmortii,stormrage,1289,priest,holy,43,18,25
Yepidk,bleeding-hollow,1288,priest,holy,29,14,15
Dagaen,thunderlord,1286,priest,holy,258,131,127
Dioecesis,moon-guard,1285,priest,holy,95,34,61
Dankpope,malganis,1282,priest,holy,44,26,18
Healztonic,dalaran,1281,priest,holy,91,39,52
Amaristinaa,frostmourne,1279,priest,holy,52,24,28
Hycinamun,malganis,1277,priest,holy,37,17,20
Spïcÿ,frostmourne,1276,priest,holy,60,29,31
Ghøstfaces,illidan,1275,priest,holy,24,14,10
Duskherald,zuljin,1274,priest,holy,96,45,51
Visse,auchindoun,1273,priest,holy,42,29,13
Santamuerte,agamaggan,1272,priest,holy,42,22,20
Aladdinlol,tichondrius,1271,priest,holy,33,15,18
Animè,zuluhed,1270,priest,holy,119,65,54
Shadøwreaper,azralon,1270,priest,holy,45,20,25
Holyphodays,sargeras,1270,priest,holy,59,20,39
Lilyanná,tichondrius,1269,priest,holy,72,34,38
Fiction,kelthuzad,1268,priest,holy,30,21,9
Raskreia,dragonmaw,1268,priest,holy,30,14,16
Giusep,tichondrius,1268,priest,holy,54,24,30
Kasiry,ragnaros,1267,priest,holy,114,55,59
Bwaka,dalaran,1266,priest,holy,30,20,10
Tegridyfarm,malganis,1265,priest,holy,35,19,16
Krukam,sargeras,1264,priest,holy,67,31,36
Phearix,zuljin,1264,priest,holy,72,31,41
Jaelesia,wyrmrest-accord,1262,priest,holy,50,29,21
Fanseband,dalaran,1262,priest,holy,47,26,21
Threesclass,tichondrius,1262,priest,holy,29,14,15
Holyb,tichondrius,1262,priest,holy,135,64,71
Mirshadow,tichondrius,1260,priest,holy,54,27,27
Æsir,skullcrusher,1259,priest,holy,48,22,26
Pílí,drakkari,1258,priest,holy,84,43,41
Tranith,jubeithos,1255,priest,holy,72,36,36
Karrera,kelthuzad,1254,priest,holy,122,60,62
Dotsallover,sargeras,1254,priest,holy,56,27,29
Holiermilk,demon-soul,1254,priest,holy,287,133,154
Alrüna,moon-guard,1253,priest,holy,62,30,32
Benjamints,thrall,1252,priest,holy,30,15,15
Etros,wyrmrest-accord,1251,priest,holy,181,86,95
Healfouru,frostmourne,1250,priest,holy,30,15,15
Allaras,eldrethalas,1250,priest,holy,36,17,19
Zallstan,zuljin,1249,priest,holy,30,15,15
Zerolimitzz,arthas,1249,priest,holy,60,29,31
Veni,kiljaeden,1249,priest,holy,35,16,19
Firewatcher,sisters-of-elune,1247,priest,holy,60,33,27
Steve,drakthul,1247,priest,holy,24,13,11
Wabie,illidan,1246,priest,holy,30,13,17
Mêgumin,area-52,1245,priest,holy,36,26,10
Zumnb,quelthalas,1243,priest,holy,134,61,73
Whitewindmil,tichondrius,1242,priest,holy,24,13,11
Priestprease,malganis,1242,priest,holy,50,24,26
Xavios,alexstrasza,1242,priest,holy,58,25,33
Bmouth,tichondrius,1241,priest,holy,24,13,11
Daisie,bleeding-hollow,1240,priest,holy,150,78,72
Manocloth,frostmourne,1239,priest,holy,25,15,10
Fearnfaith,zuljin,1239,priest,holy,36,13,23
Valiann,lightbringer,1238,priest,holy,24,13,11
Xtcbtc,sargeras,1238,priest,holy,30,13,17
Dovoso,kargath,1235,priest,holy,55,23,32
Turkings,proudmoore,1235,priest,holy,36,14,22
Suzzanna,frostmourne,1234,priest,holy,89,51,38
Anathamaz,stormrage,1234,priest,holy,30,13,17
Altera,drakkari,1233,priest,holy,30,13,17
Jiwang,aegwynn,1233,priest,holy,36,15,21
Ukizeal,moknathal,1232,priest,holy,175,85,90
Junatoh,area-52,1231,priest,holy,55,29,26
Blaydun,elune,1231,priest,holy,36,16,20
Hexy,bonechewer,1230,priest,holy,51,27,24
Healgirls,dalaran,1230,priest,holy,59,28,31
Ishtana,bleeding-hollow,1228,priest,holy,74,35,39
Adjectives,nerzhul,1226,priest,holy,42,19,23
Snoorklizzak,malganis,1225,priest,holy,24,13,11
Stayhealed,tichondrius,1225,priest,holy,60,30,30
Celinsa,ragnaros,1223,priest,holy,42,21,21
Qelient,proudmoore,1222,priest,holy,124,64,60
Cusquena,caelestrasz,1222,priest,holy,78,38,40
Xarithea,caelestrasz,1222,priest,holy,41,19,22
Vernis,nazjatar,1222,priest,holy,46,20,26
Tïto,blackrock,1220,priest,holy,50,23,27
Frïsk,illidan,1219,priest,holy,64,30,34
Fairylìght,stormrage,1218,priest,holy,41,19,22
Titô,frostmourne,1215,priest,holy,53,28,25
Destïnÿ,zuljin,1213,priest,holy,51,24,27
Lexiié,area-52,1211,priest,holy,79,41,38
Ísábella,ragnaros,1209,priest,holy,34,16,18
Handgina,frostmourne,1208,priest,holy,29,14,15
Salaknib,frostmourne,1206,priest,holy,40,17,23
Kazehanaa,ragnaros,1205,priest,holy,48,26,22
Dóctóre,thrall,1205,priest,holy,61,24,37
Lndsynbritny,darkspear,1201,priest,holy,36,14,22
Akö,jubeithos,1200,priest,holy,30,14,16
Gahía,ragnaros,1198,priest,holy,36,20,16
Danerÿ,ragnaros,1195,priest,holy,79,38,41
Edessa,lothar,1195,priest,holy,156,69,87
Valkur,aegwynn,1193,priest,holy,254,120,134
Cheereos,stormrage,1192,priest,holy,116,44,72
Theophobe,illidan,1190,priest,holy,85,45,40
Silentprayer,area-52,1184,priest,holy,24,16,8
Floppytatas,illidan,1184,priest,holy,412,208,204
Stennic,emerald-dream,1183,priest,holy,33,17,16
Dolandir,quelthalas,1181,priest,holy,30,18,12
Flemyth,eitrigg,1180,priest,holy,40,16,24
Cléah,sargeras,1178,priest,holy,130,59,71
Boogiedo,area-52,1177,priest,holy,23,13,10
Hälø,moon-guard,1177,priest,holy,51,22,29
Löstský,azralon,1176,priest,holy,61,32,29
Holynug,stormrage,1175,priest,holy,45,21,24
Veane,tichondrius,1169,priest,holy,98,45,53
Héaven,ragnaros,1168,priest,holy,54,20,34
Divona,blackhand,1167,priest,holy,84,35,49
Bismund,chogall,1166,priest,holy,48,24,24
Haushauha,azralon,1164,priest,holy,48,23,25
Darkheals,azralon,1163,priest,holy,58,22,36
Aftercare,moon-guard,1157,priest,holy,72,27,45
Ranøth,deathwing,1155,priest,holy,74,31,43
Veltaxis,moon-guard,1153,priest,holy,233,109,124
Milkgulper,illidan,1152,priest,holy,24,12,12
Conorpriest,tichondrius,1151,priest,holy,24,12,12
Leonihpriest,nemesis,1151,priest,holy,30,12,18
Trompiscola,quelthalas,1151,priest,holy,30,12,18
Arguseonp,proudmoore,1150,priest,holy,24,12,12
Hehehealyou,emerald-dream,1150,priest,holy,24,12,12
Shwøøps,sargeras,1149,priest,holy,30,13,17
Clockwororan,tichondrius,1148,priest,holy,24,12,12
Glöws,area-52,1148,priest,holy,30,12,18
Pikachuwu,moon-guard,1145,priest,holy,29,21,8
Konãn,ragnaros,1145,priest,holy,18,12,6
Ôôöô,sargeras,1145,priest,holy,24,13,11
Gronix,blood-furnace,1144,priest,holy,54,26,28
Urisaegin,senjin,1143,priest,holy,76,32,44
Luxar,aegwynn,1141,priest,holy,18,12,6
Millép,frostmourne,1140,priest,holy,24,12,12
Anemonie,gorefiend,1138,priest,holy,122,52,70
Horimiya,silvermoon,1136,priest,holy,37,21,16
Voidthulhu,stormrage,1134,priest,holy,167,66,101
Akainuu,nazjatar,1130,priest,holy,91,35,56
Lawroadu,tichondrius,1127,priest,holy,18,12,6
Chaynal,proudmoore,1126,priest,holy,24,12,12
Aprocalypse,malganis,1123,priest,holy,42,17,25
Kytiana,blackwing-lair,1122,priest,holy,765,377,388
Sanitater,frostmourne,1120,priest,holy,42,17,25
Dactylion,moon-guard,1119,priest,holy,24,12,12
Delthas,nagrand,1115,priest,holy,302,151,151
Zojhira,khazgoroth,1114,priest,holy,66,32,34
Carray,goldrinn,1113,priest,holy,49,16,33
Fayth,maiev,1111,priest,holy,65,36,29
Atlana,gilneas,1107,priest,holy,24,16,8
Rottigus,skullcrusher,1105,priest,holy,24,12,12
Nowwow,tichondrius,1097,priest,holy,50,23,27
Runalor,zuljin,1094,priest,holy,30,15,15
Healle,proudmoore,1093,priest,holy,29,12,17
Ascian,daggerspine,1091,priest,holy,24,13,11
Fallaner,destromath,1090,priest,holy,107,47,60
Sanaconda,sargeras,1090,priest,holy,36,12,24
Whitelabel,proudmoore,1086,priest,holy,30,12,18
Sôlîånia,alterac-mountains,1081,priest,holy,39,27,12
Pandamila,azralon,1079,priest,holy,27,15,12
Morticiá,blackrock,1078,priest,holy,36,15,21
Jeraphìm,tichondrius,1074,priest,holy,28,17,11
Gewbrr,malganis,1073,priest,holy,24,12,12
Pavle,laughing-skull,1072,priest,holy,36,12,24
Beckzz,illidan,1070,priest,holy,26,17,9
Trupriest,alleria,1069,priest,holy,20,12,8
Whitewalls,moonrunner,1056,priest,holy,18,11,7
Pesian,dalaran,1055,priest,holy,22,12,10
Sorrowful,mannoroth,1055,priest,holy,30,11,19
Iilmama,area-52,1054,priest,holy,18,11,7
Saltypepper,thunderhorn,1052,priest,holy,30,14,16
Amynthel,tichondrius,1052,priest,holy,30,11,19
Karebenniian,area-52,1051,priest,holy,24,11,13
Alicia,nazjatar,1050,priest,holy,24,16,8
Jsky,wyrmrest-accord,1050,priest,holy,21,11,10
Karenpigbear,area-52,1050,priest,holy,243,107,136
Dotdotdead,earthen-ring,1049,priest,holy,18,11,7
Jol,aggramar,1049,priest,holy,30,13,17
Soulhealer,shadowmoon,1048,priest,holy,24,13,11
Webbii,frostmourne,1048,priest,holy,24,11,13
Selket,stormscale,1046,priest,holy,129,55,74
Paradoxbot,kelthuzad,1045,priest,holy,18,11,7
Dylirium,dathremar,1044,priest,holy,18,11,7
Masqdispel,barthilas,1044,priest,holy,89,41,48
Fadedvi,wyrmrest-accord,1042,priest,holy,45,21,24
Aszdriel,azralon,1042,priest,holy,48,22,26
Shadowowns,blackrock,1040,priest,holy,18,11,7
Titoj,tichondrius,1035,priest,holy,38,19,19
Zhideevskiy,trollbane,1033,priest,holy,42,20,22
Scarlèttè,wyrmrest-accord,1032,priest,holy,112,53,59
Lieuwe,kelthuzad,1032,priest,holy,30,12,18
Seventeen,hyjal,1029,priest,holy,30,11,19
Souljourner,stormrage,1026,priest,holy,101,50,51
Celani,gilneas,1026,priest,holy,24,11,13
Ninbará,stormrage,1023,priest,holy,26,12,14
Mailboxxy,kelthuzad,1023,priest,holy,50,18,32
Krishpriest,azshara,1018,priest,holy,24,15,9
Fivestarz,malganis,1014,priest,holy,24,11,13
Smellybox,area-52,1010,priest,holy,31,12,19
Aldryth,lightbringer,1004,priest,holy,24,13,11
Skywritten,area-52,1001,priest,holy,23,11,12
Rienis,sargeras,1001,priest,holy,102,40,62
Maiyennefer,proudmoore,996,priest,holy,36,13,23
Sybenela,proudmoore,994,priest,holy,61,28,33
Powergoods,stormrage,993,priest,holy,23,16,7
Pottime,tichondrius,989,priest,holy,76,33,43
Friarbirkkal,arthas,988,priest,holy,41,25,16
Ráava,spirestone,986,priest,holy,20,11,9
Kälashnikova,ragnaros,986,priest,holy,145,70,75
Yinaiteen,drakkari,985,priest,holy,64,33,31
Zantara,lightbringer,985,priest,holy,36,17,19
Malacanter,stormrage,984,priest,holy,61,21,40
Cultofsins,tichondrius,982,priest,holy,23,11,12
Priesttess,skullcrusher,981,priest,holy,23,11,12
Holyfizzle,dethecus,972,priest,holy,60,33,27
Ragekiller,lothar,964,priest,holy,59,28,31
Nïkkï,sargeras,960,priest,holy,18,10,8
Adephene,illidan,960,priest,holy,18,10,8
Jameswarren,silvermoon,959,priest,holy,11,11,0
Naxray,quelthalas,959,priest,holy,18,10,8
Trezz,hakkar,959,priest,holy,18,10,8
Bunbuns,spirestone,959,priest,holy,18,10,8
Pèrona,tichondrius,959,priest,holy,24,10,14
Trickyhobo,area-52,958,priest,holy,12,10,2
Folate,frostmourne,957,priest,holy,18,10,8
Wockus,dalaran,956,priest,holy,18,10,8
Bugshott,tichondrius,956,priest,holy,32,10,22
Priestybear,illidan,955,priest,holy,18,10,8
Noobepriest,thrall,955,priest,holy,18,10,8
Cappoo,tichondrius,955,priest,holy,36,10,26
Xoraya,proudmoore,954,priest,holy,18,10,8
Bisí,trollbane,954,priest,holy,18,10,8
Meibuff,frostmourne,950,priest,holy,151,69,82
Tmturnt,tichondrius,946,priest,holy,16,10,6
Novous,area-52,944,priest,holy,30,10,20
Artyòm,stormrage,934,priest,holy,367,174,193
Taylorsmites,emerald-dream,931,priest,holy,42,18,24
Dipanddøts,area-52,926,priest,holy,17,10,7
Bienhechora,quelthalas,924,priest,holy,18,10,8
Eredwarraim,akama,920,priest,holy,54,22,32
Zelaya,hellscream,919,priest,holy,45,17,28
Seråphim,sargeras,911,priest,holy,96,48,48
Aliorixa,stormrage,908,priest,holy,26,11,15
Pharmacee,korgath,903,priest,holy,138,52,86
Pibkac,stormrage,895,priest,holy,28,13,15
Rînnî,dalaran,885,priest,holy,40,21,19
Teheleopapi,quelthalas,877,priest,holy,75,19,56
Lohila,kiljaeden,876,priest,holy,33,12,21
Calence,aegwynn,865,priest,holy,40,10,30
Farielle,blackwing-lair,864,priest,holy,18,9,9
Dudebanger,sargeras,864,priest,holy,18,9,9
Bdaddyfresh,tichondrius,863,priest,holy,12,9,3
Lildubs,bloodhoof,863,priest,holy,15,10,5
Xhadow,sargeras,863,priest,holy,18,9,9
Holyxb,bleeding-hollow,863,priest,holy,18,9,9
Yungsherm,tichondrius,863,priest,holy,18,9,9
Haduth,area-52,863,priest,holy,18,9,9
Bootleg,crushridge,863,priest,holy,24,9,15
Moc,jubeithos,863,priest,holy,24,9,15
Epicnoobpwnr,sargeras,863,priest,holy,26,9,17
Staypressed,moon-guard,862,priest,holy,12,9,3
Tassadaraiur,tichondrius,862,priest,holy,18,9,9
Mëïsoön,quelthalas,862,priest,holy,18,9,9
Çummiñs,malganis,862,priest,holy,18,9,9
Leapofdoubt,zuljin,861,priest,holy,12,9,3
Ilurvyou,frostwolf,861,priest,holy,24,9,15
Design,frostmourne,860,priest,holy,14,9,5
Diablomonk,warsong,860,priest,holy,30,9,21
Meowforheals,sargeras,859,priest,holy,18,9,9
Duonaiameng,illidan,859,priest,holy,18,9,9
Svengle,greymane,858,priest,holy,12,9,3
Faedre,smolderthorn,858,priest,holy,18,9,9
Swis,area-52,857,priest,holy,24,9,15
Yrocker,magtheridon,856,priest,holy,12,9,3
Midget,darkspear,855,priest,holy,12,9,3
Dtbündertree,nordrassil,854,priest,holy,12,9,3
Conno,thunderlord,853,priest,holy,72,37,35
Prayboy,aerie-peak,853,priest,holy,30,9,21
Shkeyia,stonemaul,852,priest,holy,30,9,21
Mawspriest,illidan,851,priest,holy,18,9,9
Ruhaani,moon-guard,847,priest,holy,30,9,21
Aeoliana,laughing-skull,831,priest,holy,18,9,9
Psïren,quelthalas,831,priest,holy,28,9,19
Remixcandoit,malganis,827,priest,holy,24,10,14
Grapestcrip,frostmourne,814,priest,holy,16,10,6
Bigmommyxo,whisperwind,811,priest,holy,36,10,26
Holytitanzz,quelthalas,808,priest,holy,25,10,15
Enzö,frostmourne,801,priest,holy,27,11,16
Jaaregis,area-52,799,priest,holy,11,9,2
Híkarí,windrunner,796,priest,holy,14,9,5
Káldorei,proudmoore,784,priest,holy,13,9,4
Gbumy,tichondrius,784,priest,holy,13,9,4
Yikari,sargeras,783,priest,holy,11,9,2
Saceryito,quelthalas,770,priest,holy,13,9,4
Releknosleep,frostwolf,769,priest,holy,20,10,10
Gudóngmáe,tichondrius,768,priest,holy,12,8,4
Powerwordsuc,malganis,768,priest,holy,12,8,4
Turnip,zuljin,768,priest,holy,12,8,4
Sengmin,burning-blade,768,priest,holy,12,8,4
Becrixx,thunderlord,768,priest,holy,18,8,10
Yanyo,skullcrusher,768,priest,holy,18,8,10
Ugotknocked,bleeding-hollow,768,priest,holy,18,8,10
Blessxo,ragnaros,768,priest,holy,18,8,10
Voidzx,tichondrius,768,priest,holy,18,8,10
Khalesî,ragnaros,767,priest,holy,12,8,4
Unhöly,norgannon,767,priest,holy,12,8,4
Superheals,nordrassil,767,priest,holy,12,8,4
Sunwarden,dalaran,767,priest,holy,12,8,4
Pomdom,tichondrius,767,priest,holy,18,8,10
Imnewsorry,illidan,767,priest,holy,18,8,10
Ofmanyfaces,illidan,766,priest,holy,12,8,4
Raphan,stormrage,766,priest,holy,12,8,4
Prayzar,illidan,766,priest,holy,12,8,4
Galedry,ragnaros,766,priest,holy,24,8,16
Zeroo,maiev,765,priest,holy,12,8,4
Velyndra,icecrown,765,priest,holy,18,8,10
Manatea,moon-guard,765,priest,holy,18,8,10
Olivinpain,malganis,765,priest,holy,30,8,22
Lenlune,bloodscalp,763,priest,holy,18,8,10
Laj,proudmoore,763,priest,holy,30,8,22
Papergaruru,illidan,762,priest,holy,30,8,22
Uzakichan,arygos,760,priest,holy,30,8,22
Priestognic,azralon,759,priest,holy,16,9,7
Thelroman,moon-guard,758,priest,holy,109,42,67
Zeruhl,kiljaeden,756,priest,holy,18,8,10
Idontmind,arthas,747,priest,holy,24,8,16
Fäñcÿ,tichondrius,734,priest,holy,17,8,9
Whehaw,kelthuzad,732,priest,holy,23,8,15
Sondrak,doomhammer,726,priest,holy,73,27,46
Rylance,burning-blade,720,priest,holy,21,8,13
Jexso,tichondrius,719,priest,holy,11,8,3
Leist,ragnaros,719,priest,holy,24,9,15
Saintfulsins,sargeras,716,priest,holy,15,8,7
Canibumsmoke,illidan,713,priest,holy,21,9,12
Amunsu,stormrage,711,priest,holy,30,11,19
Messra,dathremar,707,priest,holy,30,8,22
Humz,ragnaros,703,priest,holy,14,8,6
Jâmïè,gurubashi,702,priest,holy,17,8,9
Hasalum,quelthalas,701,priest,holy,37,8,29
Postymalone,azgalor,697,priest,holy,24,8,16
Qiahariya,emerald-dream,672,priest,holy,12,7,5
Chk,moon-guard,672,priest,holy,12,7,5
Pgpriest,kelthuzad,672,priest,holy,12,7,5
Lalaliza,kelthuzad,672,priest,holy,12,7,5
Hermanmiller,frostmourne,672,priest,holy,12,7,5
Pevis,thrall,672,priest,holy,12,7,5
Yungjim,the-forgotten-coast,672,priest,holy,12,7,5
Imagees,stormscale,672,priest,holy,12,7,5
Glizzylizzyx,tichondrius,672,priest,holy,12,7,5
Privx,bleeding-hollow,672,priest,holy,12,7,5
Deevious,barthilas,672,priest,holy,12,7,5
Undevout,tichondrius,672,priest,holy,12,7,5
Shadedlight,dalaran,672,priest,holy,12,7,5
Teiam,skullcrusher,672,priest,holy,12,7,5
Nwok,frostmourne,672,priest,holy,12,7,5
Lyleth,lightnings-blade,672,priest,holy,18,7,11
Selidri,proudmoore,672,priest,holy,18,7,11
Nicksfury,stormrage,672,priest,holy,18,7,11
Milkymana,tichondrius,672,priest,holy,18,7,11
Beliana,boulderfist,672,priest,holy,22,8,14
Celestian,malganis,672,priest,holy,24,7,17
Jordandoesnt,tichondrius,671,priest,holy,12,7,5
Suppòrt,stormrage,671,priest,holy,12,7,5
Deidre,illidan,671,priest,holy,16,8,8
Braevera,wyrmrest-accord,671,priest,holy,18,7,11
Razakam,tichondrius,671,priest,holy,18,7,11
Cataline,emerald-dream,671,priest,holy,18,7,11
Compåctdisc,sargeras,671,priest,holy,21,7,14
Linvial,moon-guard,671,priest,holy,24,7,17
Exlord,illidan,670,priest,holy,12,7,5
Mooneye,emerald-dream,670,priest,holy,12,7,5
Cleos,ragnaros,670,priest,holy,18,7,11
Invisibler,tichondrius,670,priest,holy,18,7,11
Arena,lothar,669,priest,holy,12,7,5
Context,mannoroth,669,priest,holy,12,7,5
Skeyfyr,frostmourne,669,priest,holy,18,7,11
Dëâth,ghostlands,669,priest,holy,21,8,13
Sêtsunà,dalaran,668,priest,holy,48,7,41
Kisstina,tichondrius,667,priest,holy,24,7,17
Vichealer,firetree,660,priest,holy,12,7,5
Shadowchárm,bleeding-hollow,638,priest,holy,17,7,10
Gigizi,frostmourne,636,priest,holy,14,8,6
Kohengadol,sargeras,623,priest,holy,11,7,4
Yidra,illidan,623,priest,holy,17,7,10
ßöp,sargeras,620,priest,holy,11,7,4
Blackprez,dathremar,613,priest,holy,17,7,10
Punishing,illidan,606,priest,holy,16,7,9
Halö,doomhammer,605,priest,holy,26,7,19
Papadarkness,tichondrius,603,priest,holy,14,7,7
Sizuré,frostmourne,591,priest,holy,11,7,4
Hectorz,zuljin,576,priest,holy,6,6,0
Ggwizkaboo,tichondrius,576,priest,holy,6,6,0
Hairypenance,sargeras,576,priest,holy,12,6,6
Unsubbedd,sargeras,576,priest,holy,12,6,6
Archaellia,area-52,576,priest,holy,12,6,6
Jezebëll,nemesis,576,priest,holy,12,6,6
Sìnz,area-52,576,priest,holy,12,6,6
Didntâsk,arthas,576,priest,holy,12,6,6
Kittler,illidan,576,priest,holy,12,6,6
Everest,barthilas,576,priest,holy,12,6,6
Shockterror,area-52,576,priest,holy,12,6,6
Muertabella,kiljaeden,576,priest,holy,12,6,6
Hysteria,dalaran,576,priest,holy,12,6,6
Benedictiion,tichondrius,576,priest,holy,12,6,6
Jafarsp,illidan,576,priest,holy,12,6,6
Meifeilesi,tichondrius,576,priest,holy,12,6,6
Nonbinary,trollbane,576,priest,holy,12,6,6
Reecepack,moon-guard,576,priest,holy,12,6,6
Zraken,emerald-dream,576,priest,holy,12,6,6
Sigx,area-52,576,priest,holy,12,6,6
Egbius,proudmoore,576,priest,holy,12,6,6
Polteageist,frostmourne,576,priest,holy,12,6,6
Calissy,proudmoore,576,priest,holy,12,6,6
Lullabya,tichondrius,576,priest,holy,12,6,6
Telarith,sargeras,576,priest,holy,12,6,6
Skylust,azralon,576,priest,holy,12,6,6
Feverx,tichondrius,576,priest,holy,12,6,6
Sätîvá,tichondrius,576,priest,holy,18,6,12
Xhirra,quelthalas,576,priest,holy,18,6,12
Misatomori,tichondrius,576,priest,holy,18,6,12
Gustáv,sargeras,576,priest,holy,18,6,12
Voidrachet,thrall,576,priest,holy,18,6,12
Estaria,the-forgotten-coast,576,priest,holy,18,6,12
Disperse,vashj,576,priest,holy,18,6,12
Xue,whisperwind,575,priest,holy,12,6,6
Mattkoster,mannoroth,575,priest,holy,12,6,6
Youngwavy,area-52,575,priest,holy,12,6,6
Nevifell,illidan,575,priest,holy,13,6,7
Kephrek,eonar,575,priest,holy,18,6,12
Vøido,whisperwind,575,priest,holy,18,6,12
Därkness,azralon,575,priest,holy,18,6,12
Dundamer,shattered-hand,575,priest,holy,18,6,12
Grindr,ragnaros,575,priest,holy,18,6,12
Syilar,area-52,575,priest,holy,24,6,18
Asatruu,stormrage,575,priest,holy,24,6,18
Sacerdetiza,drakkari,574,priest,holy,12,6,6
Cassíopeía,blackhand,574,priest,holy,12,6,6
Laiya,nathrezim,574,priest,holy,15,6,9
Hottaters,tichondrius,574,priest,holy,24,6,18
Muino,zuljin,573,priest,holy,18,6,12
Altara,malygos,569,priest,holy,12,6,6
Zual,hakkar,569,priest,holy,12,6,6
Sanntana,echo-isles,563,priest,holy,24,6,18
Skalzi,thrall,559,priest,holy,11,6,5
Satíva,dark-iron,543,priest,holy,11,6,5
Mips,saurfang,527,priest,holy,11,6,5
Thünderbird,area-52,526,priest,holy,9,7,2
Albina,kelthuzad,526,priest,holy,11,6,5
Wadewattsz,sargeras,522,priest,holy,14,7,7
Ftheman,tichondrius,521,priest,holy,23,7,16
Klassy,thrall,518,priest,holy,19,8,11
Jesaminealbe,quelthalas,516,priest,holy,21,7,14
Vandamnation,barthilas,511,priest,holy,14,6,8
Matiuca,stormrage,511,priest,holy,20,6,14
Helorren,nagrand,506,priest,holy,20,6,14
Atarri,illidan,496,priest,holy,7,6,1
Yokoshukumeì,aerie-peak,495,priest,holy,14,6,8
Selath,ragnaros,480,priest,holy,6,5,1
Néylo,illidan,480,priest,holy,6,5,1
Kethseth,ragnaros,480,priest,holy,6,5,1
Gurgs,emerald-dream,480,priest,holy,6,5,1
Serana,maelstrom,480,priest,holy,6,5,1
Bigdám,sargeras,480,priest,holy,6,5,1
Geartrixy,darkspear,480,priest,holy,6,5,1
Huxleypoo,boulderfist,480,priest,holy,6,5,1
Canyounaut,kelthuzad,480,priest,holy,6,5,1
Artíst,sargeras,480,priest,holy,6,5,1
Malpraktice,mugthol,480,priest,holy,6,5,1
Rukiyou,frostwolf,480,priest,holy,6,5,1
Klttzz,sargeras,480,priest,holy,6,5,1
Tarwow,alterac-mountains,480,priest,holy,6,5,1
Toje,korgath,480,priest,holy,13,6,7
Nzkbr,frostmourne,480,priest,holy,12,5,7
Capriestsun,hydraxis,480,priest,holy,12,5,7
Gad,moon-guard,480,priest,holy,12,5,7
Darknuz,sargeras,480,priest,holy,12,5,7
Bicardii,area-52,480,priest,holy,12,5,7
Blackoss,sargeras,480,priest,holy,12,5,7
Timbobaloo,thrall,480,priest,holy,12,5,7
Selenitax,sargeras,480,priest,holy,12,5,7
Maelei,ragnaros,480,priest,holy,12,5,7
Írithyll,sargeras,480,priest,holy,12,5,7
Vaibye,dalaran,480,priest,holy,12,5,7
Buttercupx,vashj,480,priest,holy,12,5,7
Shadowblazed,arthas,480,priest,holy,12,5,7
Ameliarys,sargeras,480,priest,holy,12,5,7
Vaíl,wyrmrest-accord,480,priest,holy,12,5,7
Bunnykinz,moon-guard,480,priest,holy,12,5,7
Xeras,ravencrest,480,priest,holy,12,5,7
Secrèt,tichondrius,480,priest,holy,12,5,7
Akeila,stormrage,480,priest,holy,12,5,7
Drkwispers,stormrage,480,priest,holy,12,5,7
Dontgome,proudmoore,480,priest,holy,12,5,7
Meehx,illidan,480,priest,holy,12,5,7
Angelface,darkspear,480,priest,holy,12,5,7
Rysie,winterhoof,480,priest,holy,12,5,7
Cånnibäl,tichondrius,480,priest,holy,12,5,7
Anahka,tichondrius,480,priest,holy,12,5,7
Anomoly,kiljaeden,480,priest,holy,12,5,7
Mindgoblin,terokkar,480,priest,holy,12,5,7
Meif,tichondrius,480,priest,holy,12,5,7
Chûrch,malganis,480,priest,holy,18,5,13
Benance,tichondrius,480,priest,holy,18,5,13
Jichu,blackrock,480,priest,holy,18,5,13
Dankenz,darkspear,480,priest,holy,18,5,13
Holyharlot,sargeras,480,priest,holy,18,5,13
Halfsorrow,tichondrius,480,priest,holy,18,5,13
Gobsend,illidan,480,priest,holy,18,5,13
Whitemagic,frostmourne,479,priest,holy,6,5,1
Freezingmøøn,area-52,479,priest,holy,12,5,7
Pûrplehaze,aegwynn,479,priest,holy,12,5,7
Freshblubear,blood-furnace,479,priest,holy,12,5,7
Threreye,sargeras,479,priest,holy,12,5,7
Miganmarkle,sargeras,479,priest,holy,12,5,7
Dayatthaspa,stormrage,479,priest,holy,12,5,7
Imjheals,frostmourne,479,priest,holy,14,5,9
Pactru,ragnaros,479,priest,holy,18,5,13
Mythica,gurubashi,479,priest,holy,18,5,13
Unni,azralon,479,priest,holy,18,5,13
Galya,nemesis,477,priest,holy,10,6,4
Asuryani,lightbringer,477,priest,holy,12,5,7
Brownsnooter,sargeras,463,priest,holy,17,5,12
Elusha,sargeras,447,priest,holy,8,6,2
Biltpeter,tichondrius,432,priest,holy,9,5,4
Nolar,shadowmoon,415,priest,holy,11,5,6
Fadedyourgo,tichondrius,384,priest,holy,6,4,2
Yav,exodar,384,priest,holy,6,4,2
Ticheals,tichondrius,384,priest,holy,6,4,2
Xusin,tichondrius,384,priest,holy,6,4,2
Hugznkissez,sargeras,384,priest,holy,6,4,2
Nomsayin,stormrage,384,priest,holy,6,4,2
Halfdeath,sargeras,384,priest,holy,6,4,2
Roseri,area-52,384,priest,holy,6,4,2
Faukauf,zuljin,384,priest,holy,6,4,2
Literally,bleeding-hollow,384,priest,holy,6,4,2
Arcmage,malganis,384,priest,holy,6,4,2
Ænìma,tichondrius,384,priest,holy,6,4,2
Khallmir,goldrinn,384,priest,holy,6,4,2
Schátten,spirestone,384,priest,holy,6,4,2
Cityboyy,tichondrius,384,priest,holy,6,4,2
Chanyt,azralon,384,priest,holy,6,4,2
Mcgg,tichondrius,384,priest,holy,6,4,2
Chañing,frostmourne,384,priest,holy,6,4,2
Lilatro,barthilas,384,priest,holy,6,4,2
Qingshuang,tichondrius,384,priest,holy,6,4,2
Dookieate,destromath,384,priest,holy,6,4,2
Samsypriest,frostmourne,384,priest,holy,6,4,2
Patchyemoly,frostmourne,384,priest,holy,6,4,2
Amorous,fizzcrank,384,priest,holy,6,4,2
Iraris,stormrage,384,priest,holy,6,4,2
Unholywood,lightbringer,384,priest,holy,10,5,5
Spags,nagrand,384,priest,holy,12,4,8
Ithardtoheal,sargeras,384,priest,holy,12,4,8
Spshady,aegwynn,384,priest,holy,12,4,8
Yumä,kiljaeden,384,priest,holy,12,4,8
Cheeseycake,illidan,384,priest,holy,12,4,8
Zapix,tichondrius,384,priest,holy,12,4,8
Obscuriôn,moon-guard,384,priest,holy,12,4,8
Rofrofmu,aegwynn,384,priest,holy,12,4,8
Hoglet,moon-guard,384,priest,holy,12,4,8
Frozencherry,elune,384,priest,holy,12,4,8
Darknuzs,sargeras,384,priest,holy,12,4,8
Salyd,onyxia,384,priest,holy,12,4,8
Hazzang,tichondrius,384,priest,holy,12,4,8
Shauyia,uther,384,priest,holy,12,4,8
Carti,bleeding-hollow,384,priest,holy,12,4,8
Hoshx,sargeras,384,priest,holy,12,4,8
Rachelstarrx,hyjal,384,priest,holy,12,4,8
Mellow,tichondrius,384,priest,holy,12,4,8
Stromile,tichondrius,384,priest,holy,12,4,8
Sfr,frostmourne,384,priest,holy,12,4,8
Xhaajyh,area-52,384,priest,holy,12,4,8
Cazuex,ragnaros,384,priest,holy,12,4,8
Kakao,stormreaver,384,priest,holy,12,4,8
Phayzz,area-52,384,priest,holy,12,4,8
Döyöuliftbro,tichondrius,384,priest,holy,12,4,8
Terenor,thrall,384,priest,holy,12,4,8
Râven,proudmoore,384,priest,holy,12,4,8
Karmapi,malganis,384,priest,holy,12,4,8
Depressednun,moon-guard,384,priest,holy,12,4,8
Chambler,aegwynn,384,priest,holy,18,4,14
Aeøns,sargeras,384,priest,holy,18,4,14
Fesix,akama,383,priest,holy,6,4,2
Dyianah,wyrmrest-accord,383,priest,holy,12,4,8
Healia,tichondrius,383,priest,holy,12,4,8
Safia,maiev,382,priest,holy,6,4,2
Toastspriest,tichondrius,367,priest,holy,11,4,7
Stradey,tichondrius,367,priest,holy,11,4,7
Ajonti,emerald-dream,351,priest,holy,11,4,7
Sharkda,frostmourne,350,priest,holy,17,4,13
Gamepastors,illidan,335,priest,holy,11,4,7
Enzö,illidan,327,priest,holy,25,8,17
Rybbukk,wyrmrest-accord,319,priest,holy,11,4,7
Kabutta,stormrage,318,priest,holy,14,4,10
Maedosgf,tichondrius,288,priest,holy,6,3,3
Manadeath,moon-guard,288,priest,holy,6,3,3
Enkcoherent,tichondrius,288,priest,holy,6,3,3
Shredh,tichondrius,288,priest,holy,6,3,3
Barclan,destromath,288,priest,holy,6,3,3
Orderic,ragnaros,288,priest,holy,6,3,3
Calvisper,thunderlord,288,priest,holy,6,3,3
Dividëd,stormrage,288,priest,holy,6,3,3
Mucada,tichondrius,288,priest,holy,6,3,3
Crypthion,emerald-dream,288,priest,holy,6,3,3
Chakota,emerald-dream,288,priest,holy,6,3,3
Elphié,sargeras,288,priest,holy,6,3,3
Kustem,tichondrius,288,priest,holy,6,3,3
Rbmxp,barthilas,288,priest,holy,6,3,3
Pridesp,tichondrius,288,priest,holy,6,3,3
Roseriela,moon-guard,288,priest,holy,6,3,3
Clárity,ragnaros,288,priest,holy,6,3,3
Smiteyducks,stormrage,288,priest,holy,6,3,3
Gypsysun,azralon,288,priest,holy,6,3,3
Palastiel,hyjal,288,priest,holy,6,3,3
Zornor,drakkari,288,priest,holy,6,3,3
Sagapriest,hyjal,288,priest,holy,6,3,3
Tulz,cenarius,288,priest,holy,6,3,3
Wubbi,blackrock,288,priest,holy,6,3,3
Foreva,lightbringer,288,priest,holy,6,3,3
Ärchangél,tichondrius,288,priest,holy,6,3,3
Trying,ysera,288,priest,holy,6,3,3
Ñÿx,arthas,288,priest,holy,6,3,3
Ashwagandha,emerald-dream,288,priest,holy,6,3,3
Alwaystry,tichondrius,288,priest,holy,6,3,3
Greet,hyjal,288,priest,holy,6,3,3
Oohso,chogall,288,priest,holy,6,3,3
Meatguzzler,tichondrius,288,priest,holy,6,3,3
Discountay,burning-legion,288,priest,holy,6,3,3
Darkmoonsun,frostmourne,288,priest,holy,6,3,3
Dunrirck,quelthalas,288,priest,holy,6,3,3
Zombyrot,tichondrius,288,priest,holy,6,3,3
Bagoheals,area-52,288,priest,holy,6,3,3
Sackgrabba,area-52,288,priest,holy,6,3,3
Laurens,fenris,288,priest,holy,6,3,3
Wormface,moon-guard,288,priest,holy,6,3,3
Pristik,malganis,288,priest,holy,6,3,3
Deeznuhh,tichondrius,288,priest,holy,6,3,3
Ykp,sargeras,288,priest,holy,6,3,3
Whitezz,frostmourne,288,priest,holy,6,3,3
Nellyele,zuljin,288,priest,holy,6,3,3
Tseirpyeroc,area-52,288,priest,holy,6,3,3
Stinkiez,area-52,288,priest,holy,6,3,3
Alarin,whisperwind,288,priest,holy,6,3,3
Aardyx,frostmourne,288,priest,holy,6,3,3
Glycol,illidan,288,priest,holy,6,3,3
Plánemo,azralon,288,priest,holy,6,3,3
Zesho,firetree,288,priest,holy,6,3,3
Vynlanesh,illidan,288,priest,holy,6,3,3
Smalltoad,lightnings-blade,288,priest,holy,6,3,3
Lirrilin,dalaran,288,priest,holy,6,3,3
Cessar,proudmoore,288,priest,holy,6,3,3
Franquitó,illidan,288,priest,holy,6,3,3
Life,thrall,288,priest,holy,6,3,3
Healdog,thrall,288,priest,holy,6,3,3
Iamjakehill,area-52,288,priest,holy,9,4,5
Verothius,tichondrius,288,priest,holy,9,4,5
Likelydapper,tichondrius,288,priest,holy,7,3,4
Ssmushi,tichondrius,288,priest,holy,8,3,5
Reilacoste,moon-guard,288,priest,holy,11,4,7
Øliverxp,lightbringer,288,priest,holy,12,3,9
Sarkozzlol,tichondrius,288,priest,holy,12,3,9
Lalight,tichondrius,288,priest,holy,12,3,9
Juniorfloyd,tichondrius,288,priest,holy,12,3,9
Pèngotnerfed,exodar,288,priest,holy,12,3,9
Irilde,proudmoore,288,priest,holy,12,3,9
Murderballad,tichondrius,288,priest,holy,12,3,9
Hòwen,tichondrius,288,priest,holy,12,3,9
Lifesvr,kiljaeden,288,priest,holy,12,3,9
Hubbabubble,wyrmrest-accord,288,priest,holy,12,3,9
Saviorlol,tichondrius,288,priest,holy,12,3,9
Healiûm,bleeding-hollow,288,priest,holy,12,3,9
Zhadowbolts,thrall,288,priest,holy,12,3,9
Trolldaddy,burning-legion,288,priest,holy,12,3,9
Mushtakraken,mugthol,288,priest,holy,12,3,9
Haedn,azralon,288,priest,holy,12,3,9
Jezuz,aerie-peak,288,priest,holy,12,3,9
Smitepie,malganis,288,priest,holy,12,3,9
Holyvulpin,barthilas,288,priest,holy,15,3,12
Vyvanse,azuremyst,288,priest,holy,18,3,15
Pringlés,suramar,288,priest,holy,24,3,21
Avaheal,daggerspine,287,priest,holy,6,3,3
Talinjo,dunemaul,287,priest,holy,6,3,3
Fìngerbanger,lightnings-blade,287,priest,holy,6,3,3
Korhíl,ragnaros,287,priest,holy,6,3,3
Auradaluz,stormrage,287,priest,holy,12,3,9
Kïlljãh,kaelthas,287,priest,holy,12,3,9
Mloki,rivendare,285,priest,holy,12,3,9
Mikeliteo,blades-edge,283,priest,holy,18,3,15
Cinnaminie,tichondrius,239,priest,holy,5,3,2
Terripriest,sargeras,239,priest,holy,5,3,2
Nefastó,ragnaros,239,priest,holy,8,3,5
Titò,tichondrius,239,priest,holy,13,4,9
Gnepe,sargeras,234,priest,holy,7,4,3
Bofin,stormrage,234,priest,holy,16,4,12
Argotron,moon-guard,208,priest,holy,7,3,4
Rootai,quelthalas,192,priest,holy,6,2,4
Aybaby,kiljaeden,192,priest,holy,6,2,4
Nodorme,quelthalas,192,priest,holy,6,2,4
Chernota,kiljaeden,192,priest,holy,6,2,4
Opas,rivendare,192,priest,holy,6,2,4
Mamabless,quelthalas,192,priest,holy,6,2,4
Acevictck,proudmoore,192,priest,holy,6,2,4
Daddyhammer,area-52,192,priest,holy,6,2,4
Igotubrah,malganis,192,priest,holy,6,2,4
Saenax,area-52,192,priest,holy,6,2,4
Aiss,malganis,192,priest,holy,6,2,4
Speyside,medivh,192,priest,holy,6,2,4
Mendx,tichondrius,192,priest,holy,6,2,4
Niftÿ,tichondrius,192,priest,holy,6,2,4
Lilblackguys,stormrage,192,priest,holy,6,2,4
Littlegnome,azralon,192,priest,holy,6,2,4
Starzard,kelthuzad,192,priest,holy,6,2,4
Felmnir,ragnaros,192,priest,holy,6,2,4
Iq,tichondrius,192,priest,holy,6,2,4
Janisce,ragnaros,192,priest,holy,6,2,4
Moardotsa,tichondrius,192,priest,holy,6,2,4
ßræcher,black-dragonflight,192,priest,holy,6,2,4
Jmanhealz,stormrage,192,priest,holy,6,2,4
Shemhazai,ragnaros,192,priest,holy,6,2,4
Wagnerr,jubeithos,192,priest,holy,6,2,4
Krazyapollo,tichondrius,192,priest,holy,6,2,4
Gles,quelthalas,192,priest,holy,6,2,4
Swipathefox,tichondrius,192,priest,holy,6,2,4
Lebwonjamdi,tichondrius,192,priest,holy,6,2,4
Arodar,wyrmrest-accord,192,priest,holy,6,2,4
Wafflers,tichondrius,192,priest,holy,6,2,4
Verboden,kelthuzad,192,priest,holy,6,2,4
Drippyjoones,sargeras,192,priest,holy,6,2,4
Bilbopriest,illidan,192,priest,holy,6,2,4
Sacredlight,malygos,192,priest,holy,6,2,4
Jilt,aerie-peak,192,priest,holy,6,2,4
Kelfax,sargeras,192,priest,holy,6,2,4
Madjak,lightnings-blade,192,priest,holy,6,2,4
Zetk,tichondrius,192,priest,holy,6,2,4
Nikci,tichondrius,192,priest,holy,6,2,4
Hansa,ragnaros,192,priest,holy,6,2,4
Mutedox,frostmourne,192,priest,holy,6,2,4
Plenipotent,moon-guard,192,priest,holy,6,2,4
Aethriem,bleeding-hollow,192,priest,holy,6,2,4
Dëëdëëpants,moon-guard,192,priest,holy,6,2,4
Ôp,sargeras,192,priest,holy,6,2,4
Dorraheals,tichondrius,192,priest,holy,6,2,4
Mizriz,emerald-dream,192,priest,holy,6,2,4
Jonhey,tichondrius,192,priest,holy,6,2,4
Makeshiftz,zuljin,192,priest,holy,6,2,4
Schatzié,malganis,192,priest,holy,6,2,4
Jakemies,arathor,192,priest,holy,6,2,4
Levingstøn,tichondrius,192,priest,holy,6,2,4
Rëy,bleeding-hollow,192,priest,holy,6,2,4
Eblis,the-underbog,192,priest,holy,6,2,4
Sensitive,eitrigg,192,priest,holy,6,2,4
Prescella,sargeras,192,priest,holy,6,2,4
Gusho,frostmourne,192,priest,holy,6,2,4
Cln,bleeding-hollow,192,priest,holy,6,2,4
Mommyafk,moon-guard,192,priest,holy,6,2,4
Xarid,moon-guard,192,priest,holy,6,2,4
Hypodontia,caelestrasz,192,priest,holy,6,2,4
Ogneus,crushridge,192,priest,holy,6,2,4
Belfortx,tichondrius,192,priest,holy,6,2,4
Tuulipp,aegwynn,192,priest,holy,6,2,4
Voltstein,dalaran,192,priest,holy,6,2,4
Mitras,moon-guard,192,priest,holy,6,2,4
Lostnlight,aggramar,192,priest,holy,6,2,4
Skeemask,moon-guard,192,priest,holy,6,2,4
Soulshadøw,misha,192,priest,holy,6,2,4
Velainas,dalaran,192,priest,holy,6,2,4
Inquisitionx,frostmourne,192,priest,holy,6,2,4
Dentwo,aggramar,192,priest,holy,6,2,4
Saintguard,tichondrius,192,priest,holy,11,3,8
Akuvurá,nemesis,192,priest,holy,8,2,6
Langyi,tichondrius,192,priest,holy,10,2,8
Dawnwind,warsong,192,priest,holy,12,2,10
Pinoculus,illidan,192,priest,holy,12,2,10
Cigma,magtheridon,192,priest,holy,12,2,10
Okitoki,tichondrius,192,priest,holy,12,2,10
Fraggydaddy,frostmourne,192,priest,holy,12,2,10
Pandap,dalaran,192,priest,holy,12,2,10
Nevertelsp,malganis,192,priest,holy,12,2,10
Legitgayirl,zuljin,192,priest,holy,12,2,10
Berrymuffin,moon-guard,192,priest,holy,12,2,10
Althir,ragnaros,192,priest,holy,12,2,10
Riot,velen,192,priest,holy,12,2,10
Lunay,tichondrius,192,priest,holy,12,2,10
Xan,emerald-dream,192,priest,holy,12,2,10
Sukaru,khazgoroth,192,priest,holy,12,2,10
Påticus,area-52,192,priest,holy,13,2,11
Gillís,thrall,192,priest,holy,18,2,16
Fórsàken,barthilas,192,priest,holy,18,2,16
Girlpriest,thunderlord,191,priest,holy,6,2,4
Baroux,drakkari,191,priest,holy,6,2,4
Purplepills,skullcrusher,159,priest,holy,5,2,3
Sneaks,frostmourne,159,priest,holy,5,2,3
Identìty,moon-guard,138,priest,holy,8,3,5
Sweetvoyeur,stormrage,138,priest,holy,9,3,6
Pestee,quelthalas,138,priest,holy,9,3,6
Bigvuqoffdam,area-52,138,priest,holy,16,3,13
Pumpss,area-52,138,priest,holy,17,3,14
Denarel,frostmourne,137,priest,holy,17,4,13
Iilmommy,area-52,112,priest,holy,4,3,1
Pasmalade,zuljin,112,priest,holy,7,2,5
Luciellis,sargeras,96,priest,holy,6,1,5
Rakel,nathrezim,96,priest,holy,6,1,5
Lilpaprika,sargeras,96,priest,holy,6,1,5
Bofuri,barthilas,96,priest,holy,6,1,5
Sarïya,moon-guard,96,priest,holy,6,1,5
Alaskaa,moon-guard,96,priest,holy,6,1,5
Sukmysplooge,queldorei,96,priest,holy,6,1,5
Shadyvoodoo,barthilas,96,priest,holy,6,1,5
Criticaal,aegwynn,96,priest,holy,6,1,5
Mepisth,sargeras,96,priest,holy,6,1,5
Burpees,dalaran,96,priest,holy,6,1,5
Chrystella,nagrand,96,priest,holy,6,1,5
Pepske,dalaran,96,priest,holy,6,1,5
Grasy,ragnaros,96,priest,holy,6,1,5
Bloodcure,ysera,96,priest,holy,6,1,5
Tichealstwo,tichondrius,96,priest,holy,6,1,5
Tuuros,wyrmrest-accord,96,priest,holy,6,1,5
Liph,frostmourne,96,priest,holy,6,1,5
Asmødeus,bleeding-hollow,96,priest,holy,6,1,5
Bunked,bleeding-hollow,96,priest,holy,6,1,5
Alvorr,ragnaros,96,priest,holy,6,1,5
Voodooloa,tichondrius,96,priest,holy,6,1,5
Burtier,zuljin,96,priest,holy,6,1,5
Tercken,azralon,96,priest,holy,6,1,5
Kastwalker,earthen-ring,96,priest,holy,6,1,5
Minamy,tichondrius,96,priest,holy,6,1,5
Evicereith,ragnaros,96,priest,holy,6,1,5
Tammyone,emerald-dream,96,priest,holy,6,1,5
Akami,tichondrius,96,priest,holy,6,1,5
Hiroshikun,azshara,96,priest,holy,6,1,5
Angelicduck,illidan,96,priest,holy,6,1,5
Yaz,emerald-dream,96,priest,holy,6,1,5
Dayquills,illidan,96,priest,holy,6,1,5
Janova,tichondrius,96,priest,holy,6,1,5
Marantbourge,frostmourne,96,priest,holy,6,1,5
Thotsteal,lightbringer,96,priest,holy,6,1,5
Novoul,stormrage,96,priest,holy,6,1,5
Faithmelter,stormrage,96,priest,holy,6,1,5
Viehweg,azralon,96,priest,holy,6,1,5
Jadyysz,azralon,96,priest,holy,6,1,5
Missjules,illidan,96,priest,holy,6,1,5
Olassi,stormrage,96,priest,holy,6,1,5
Dietcokee,stormrage,96,priest,holy,6,1,5
Alëssana,illidan,96,priest,holy,6,1,5
Faeriecorn,whisperwind,96,priest,holy,6,1,5
Yungmazikeen,proudmoore,96,priest,holy,6,1,5
Makenaide,nemesis,96,priest,holy,6,1,5
Majjic,proudmoore,96,priest,holy,6,1,5
Thorzan,eredar,96,priest,holy,6,1,5
Lasaldra,quelthalas,96,priest,holy,6,1,5
Kagura,dunemaul,96,priest,holy,6,1,5
Lerien,thrall,96,priest,holy,6,1,5
Deryus,dalaran,96,priest,holy,6,1,5
Scãpeqoat,sargeras,96,priest,holy,6,1,5
Bigboyadam,frostmourne,96,priest,holy,6,1,5
Jjaeminkim,area-52,96,priest,holy,6,1,5
Blax,stormscale,96,priest,holy,6,1,5
Igotdots,scilla,96,priest,holy,6,1,5
Djriest,sargeras,96,priest,holy,12,1,11
Donmartin,tichondrius,96,priest,holy,12,1,11
Acpriest,tichondrius,96,priest,holy,12,1,11
Barryp,wyrmrest-accord,96,priest,holy,12,1,11
Gutrose,area-52,96,priest,holy,12,1,11
Hüde,stormrage,96,priest,holy,12,1,11
Wiralyn,nathrezim,79,priest,holy,11,1,10
Wapriest,blades-edge,64,priest,holy,10,1,9
Neferpitouoo,tichondrius,63,priest,holy,2,2,0
Bns,perenolde,48,priest,holy,3,1,2
Aeroalisson,azralon,42,priest,holy,6,2,4
Damokek,tichondrius,42,priest,holy,11,3,8
Tmyunggravy,sargeras,42,priest,holy,8,2,6
Shazdo,illidan,2300,priest,discipline,84,56,28
Undrcvr,sargeras,2273,priest,discipline,132,73,59
Gentlewoman,ragnaros,2256,priest,discipline,99,59,40
Castsmite,tichondrius,2253,priest,discipline,142,81,61
Natoshi,illidan,2252,priest,discipline,78,52,26
Whammiez,tichondrius,2243,priest,discipline,84,50,34
Strickmaney,nathrezim,2208,priest,discipline,341,183,158
Proxs,sargeras,2184,priest,discipline,258,137,121
Reedyjrrtv,tichondrius,2181,priest,discipline,191,101,90
Klydasoreass,malganis,2176,priest,discipline,89,53,36
Yefri,ravencrest,2153,priest,discipline,342,191,151
Pesian,dalaran,2153,priest,discipline,233,121,112
Cinnamontage,illidan,2142,priest,discipline,114,64,50
Plaedo,stormscale,2140,priest,discipline,76,41,35
Søryn,madoran,2134,priest,discipline,114,60,54
Shikinomi,illidan,2133,priest,discipline,78,46,32
Celestiah,kelthuzad,2128,priest,discipline,78,40,38
Reecepack,moon-guard,2126,priest,discipline,89,49,40
Wcnmb,blackrock,2123,priest,discipline,72,46,26
Devinere,tichondrius,2119,priest,discipline,580,317,263
Baldzx,sargeras,2116,priest,discipline,292,160,132
Idkmyname,proudmoore,2115,priest,discipline,76,40,36
Nusrah,tichondrius,2114,priest,discipline,87,45,42
Twocrshort,area-52,2112,priest,discipline,185,110,75
Èfflux,sargeras,2112,priest,discipline,151,81,70
Frksake,area-52,2111,priest,discipline,192,114,78
Sylvphrena,stormrage,2111,priest,discipline,78,42,36
Kkelly,stormrage,2111,priest,discipline,262,134,128
Lemonmint,tichondrius,2109,priest,discipline,202,104,98
Kovulol,area-52,2107,priest,discipline,126,67,59
Néylo,illidan,2106,priest,discipline,112,56,56
Hairyleg,kelthuzad,2106,priest,discipline,108,51,57
Psyches,dalaran,2106,priest,discipline,109,50,59
Pancakeboi,tichondrius,2105,priest,discipline,137,69,68
Mauvex,stormrage,2104,priest,discipline,673,331,342
Neverbeen,tichondrius,2103,priest,discipline,1230,647,583
Amberturd,cenarius,2103,priest,discipline,102,48,54
Woolp,frostmourne,2102,priest,discipline,100,58,42
Zxxkawaii,tichondrius,2101,priest,discipline,175,92,83
Changwongpk,kelthuzad,2101,priest,discipline,237,124,113
Praemal,tichondrius,2097,priest,discipline,150,73,77
Veivei,tichondrius,2095,priest,discipline,59,38,21
Instoway,illidan,2094,priest,discipline,240,137,103
Cavityx,illidan,2094,priest,discipline,82,45,37
Jiangfeng,tichondrius,2090,priest,discipline,120,59,61
Wheresmyvape,tichondrius,2080,priest,discipline,103,57,46
Cosmicyiff,area-52,2077,priest,discipline,242,131,111
Ante,stonemaul,2075,priest,discipline,108,59,49
Blessxo,ragnaros,2063,priest,discipline,120,59,61
Classmaster,stormrage,2054,priest,discipline,183,100,83
Qipriest,tichondrius,2052,priest,discipline,183,87,96
Solecíto,ragnaros,2050,priest,discipline,272,156,116
Soupbean,zuljin,2046,priest,discipline,90,45,45
Esqueue,illidan,2044,priest,discipline,54,26,28
Veiveilol,tichondrius,2038,priest,discipline,89,42,47
Loopzw,tichondrius,2027,priest,discipline,180,96,84
Clearclouds,tichondrius,2025,priest,discipline,332,176,156
Astroverse,tichondrius,2024,priest,discipline,118,67,51
Supaflute,tichondrius,2023,priest,discipline,167,84,83
Rukiyou,frostwolf,2023,priest,discipline,246,121,125
Bholebender,tichondrius,2023,priest,discipline,107,52,55
Zámmy,area-52,2021,priest,discipline,65,44,21
Invincible,ragnaros,2020,priest,discipline,124,68,56
Montagehey,illidan,2019,priest,discipline,118,67,51
Crutched,blackhand,2015,priest,discipline,138,70,68
Jiangfenglol,tichondrius,2013,priest,discipline,204,100,104
Crutch,blackhand,2012,priest,discipline,156,82,74
Namilol,tichondrius,2011,priest,discipline,78,45,33
Adûnaic,frostmourne,2011,priest,discipline,463,232,231
Azzäm,tichondrius,2010,priest,discipline,99,55,44
Sarkozzlol,tichondrius,2009,priest,discipline,96,52,44
Rmpmeeper,kilrogg,2008,priest,discipline,132,72,60
Sinthe,stormrage,2006,priest,discipline,95,50,45
Fannyny,tichondrius,2004,priest,discipline,238,134,104
Stinkiez,area-52,2004,priest,discipline,365,195,170
Meloxicamm,tichondrius,2003,priest,discipline,269,142,127
Jtheals,illidan,2003,priest,discipline,95,49,46
Reilacoste,moon-guard,2002,priest,discipline,83,41,42
Baddmachine,illidan,2001,priest,discipline,150,85,65
Nucypher,illidan,2000,priest,discipline,216,124,92
Blesstwo,ragnaros,1995,priest,discipline,66,35,31
Néy,illidan,1990,priest,discipline,84,58,26
Boykoz,zuljin,1990,priest,discipline,163,84,79
Syllè,area-52,1988,priest,discipline,78,40,38
Houseaddict,illidan,1986,priest,discipline,139,74,65
Walterwhite,bleeding-hollow,1984,priest,discipline,60,29,31
Jakemies,arathor,1983,priest,discipline,96,52,44
Kayern,kelthuzad,1982,priest,discipline,64,41,23
Haduth,area-52,1979,priest,discipline,426,228,198
Sonicboomsz,azralon,1979,priest,discipline,145,74,71
Dayx,malganis,1976,priest,discipline,114,57,57
Etharass,illidan,1976,priest,discipline,84,36,48
Ogneus,crushridge,1975,priest,discipline,117,53,64
Quaree,stormrage,1973,priest,discipline,954,491,463
Mcgg,tichondrius,1972,priest,discipline,263,134,129
Penanceperry,bleeding-hollow,1972,priest,discipline,334,162,172
Fhenomenal,tichondrius,1972,priest,discipline,126,57,69
Xajen,illidan,1971,priest,discipline,102,46,56
Cklifer,tichondrius,1970,priest,discipline,58,33,25
Artíst,sargeras,1969,priest,discipline,149,81,68
Deathblind,kelthuzad,1968,priest,discipline,101,52,49
Goodlife,frostmourne,1967,priest,discipline,71,34,37
Tonydatiger,the-forgotten-coast,1966,priest,discipline,84,45,39
Robdàwg,illidan,1966,priest,discipline,78,39,39
Muhfinx,tichondrius,1965,priest,discipline,71,41,30
Nerfthedoc,blackrock,1965,priest,discipline,91,51,40
Peruggia,tichondrius,1965,priest,discipline,157,79,78
Hugemilkys,tichondrius,1964,priest,discipline,170,97,73
Poporeborn,tichondrius,1964,priest,discipline,313,154,159
Eluneslight,tichondrius,1963,priest,discipline,120,59,61
Mautmaut,quelthalas,1962,priest,discipline,113,75,38
Evicereith,ragnaros,1962,priest,discipline,66,37,29
Didy,dark-iron,1961,priest,discipline,221,113,108
Aratis,bleeding-hollow,1961,priest,discipline,90,44,46
Reydehaiti,ragnaros,1960,priest,discipline,265,134,131
Sÿnpriest,illidan,1960,priest,discipline,432,210,222
Pølupoker,illidan,1959,priest,discipline,89,41,48
Corvenna,zuljin,1958,priest,discipline,72,41,31
Iilmama,area-52,1958,priest,discipline,123,64,59
Ilovemia,zuljin,1957,priest,discipline,80,46,34
Mimz,trollbane,1956,priest,discipline,214,109,105
Notatk,tichondrius,1956,priest,discipline,263,125,138
Hospetal,tichondrius,1955,priest,discipline,146,74,72
Awàken,sargeras,1952,priest,discipline,57,35,22
Allhubris,stormrage,1951,priest,discipline,54,31,23
Amine,tichondrius,1950,priest,discipline,138,71,67
Fancydisc,barthilas,1946,priest,discipline,84,47,37
Dinar,tichondrius,1945,priest,discipline,65,36,29
Gosharbg,tichondrius,1940,priest,discipline,34,24,10
Kck,sentinels,1940,priest,discipline,125,63,62
Curachon,darkspear,1940,priest,discipline,141,65,76
Drnn,thrall,1939,priest,discipline,210,110,100
Woolly,tichondrius,1938,priest,discipline,72,45,27
Budings,tichondrius,1938,priest,discipline,149,81,68
Markers,spinebreaker,1938,priest,discipline,142,68,74
Sodezz,stormrage,1936,priest,discipline,108,56,52
Anyra,stormrage,1935,priest,discipline,69,37,32
Fracxured,sargeras,1934,priest,discipline,80,37,43
Highskrizzle,thrall,1932,priest,discipline,79,43,36
Fádé,illidan,1932,priest,discipline,97,48,49
Bnn,arathor,1930,priest,discipline,35,26,9
Crabsp,illidan,1930,priest,discipline,210,104,106
Donmartin,tichondrius,1929,priest,discipline,94,50,44
Velftrixi,sargeras,1927,priest,discipline,180,94,86
Presence,blood-furnace,1924,priest,discipline,48,28,20
Epicp,sargeras,1924,priest,discipline,59,32,27
Balsak,zuljin,1924,priest,discipline,152,72,80
Vinnydiesel,tichondrius,1924,priest,discipline,96,44,52
Antts,tichondrius,1922,priest,discipline,60,39,21
Lovelike,tichondrius,1922,priest,discipline,74,41,33
Praeyer,area-52,1920,priest,discipline,428,215,213
Shallwedance,tichondrius,1917,priest,discipline,92,53,39
Fotmvark,stormrage,1916,priest,discipline,78,36,42
Centalinkxo,frostmourne,1915,priest,discipline,96,50,46
Wapriest,blades-edge,1915,priest,discipline,886,442,444
Miamama,hydraxis,1913,priest,discipline,183,96,87
Yeeseafood,tichondrius,1913,priest,discipline,76,34,42
Meemó,area-52,1912,priest,discipline,60,34,26
Anasuzana,stormrage,1911,priest,discipline,66,38,28
Stepxo,sargeras,1911,priest,discipline,255,130,125
Rawze,tichondrius,1911,priest,discipline,93,44,49
Varenon,stormrage,1910,priest,discipline,159,90,69
Tinyheal,sargeras,1910,priest,discipline,202,109,93
Bearfriend,malorne,1910,priest,discipline,58,30,28
Cokeheals,kelthuzad,1906,priest,discipline,66,34,32
Fallspriest,frostmourne,1905,priest,discipline,48,31,17
Frostinal,illidan,1905,priest,discipline,318,166,152
Omhz,tichondrius,1905,priest,discipline,96,49,47
Cosenzza,tichondrius,1905,priest,discipline,78,37,41
Mumrah,antonidas,1904,priest,discipline,178,88,90
Nakedfish,tichondrius,1904,priest,discipline,54,24,30
Troja,malganis,1902,priest,discipline,102,58,44
Darkvss,illidan,1902,priest,discipline,84,44,40
Cremona,tichondrius,1901,priest,discipline,114,55,59
Lidoradra,zuljin,1900,priest,discipline,89,41,48
June,dragonmaw,1899,priest,discipline,72,36,36
Ccgo,tichondrius,1899,priest,discipline,160,79,81
Rubymisfit,sargeras,1899,priest,discipline,102,47,55
Fotmtrash,the-underbog,1897,priest,discipline,48,26,22
Riseandshine,illidan,1896,priest,discipline,54,38,16
Clockwororan,tichondrius,1896,priest,discipline,120,71,49
Testzpriests,dalaran,1896,priest,discipline,60,34,26
Thewaker,tichondrius,1896,priest,discipline,36,20,16
Layons,nemesis,1895,priest,discipline,200,122,78
Hectorz,zuljin,1895,priest,discipline,142,64,78
Amãnita,illidan,1894,priest,discipline,65,29,36
Boriz,frostmourne,1892,priest,discipline,79,44,35
Høwtokill,azralon,1891,priest,discipline,287,133,154
Zerorizz,tichondrius,1890,priest,discipline,42,20,22
Ndzy,malganis,1890,priest,discipline,48,21,27
Aitri,hakkar,1889,priest,discipline,211,102,109
Muffingal,tichondrius,1888,priest,discipline,54,31,23
Tiestô,tichondrius,1887,priest,discipline,54,32,22
Dairy,the-underbog,1887,priest,discipline,73,42,31
Jthealz,tichondrius,1887,priest,discipline,83,38,45
Eudog,zuljin,1886,priest,discipline,24,20,4
Athênå,tichondrius,1886,priest,discipline,192,110,82
Duw,icecrown,1886,priest,discipline,234,117,117
Haunting,nerzhul,1886,priest,discipline,209,103,106
Discopenguin,kelthuzad,1885,priest,discipline,60,34,26
Curney,stormrage,1883,priest,discipline,115,76,39
Usefirstaid,sargeras,1883,priest,discipline,42,26,16
Easywins,sargeras,1883,priest,discipline,42,25,17
Pregnantmale,area-52,1883,priest,discipline,268,140,128
Kfcchicken,proudmoore,1883,priest,discipline,90,43,47
Cupitan,tichondrius,1883,priest,discipline,62,27,35
Abt,proudmoore,1882,priest,discipline,66,31,35
Usedwrap,sargeras,1881,priest,discipline,78,43,35
Dabaojian,tichondrius,1881,priest,discipline,196,103,93
Xtcbtc,sargeras,1881,priest,discipline,111,56,55
Saviorlol,tichondrius,1881,priest,discipline,77,38,39
Throatgoated,moon-guard,1881,priest,discipline,47,21,26
Angelforcez,frostmourne,1881,priest,discipline,68,29,39
Mackulate,tichondrius,1880,priest,discipline,83,44,39
Chee,bleeding-hollow,1879,priest,discipline,78,42,36
Bswagxx,illidan,1878,priest,discipline,42,27,15
Jangbi,tichondrius,1877,priest,discipline,76,33,43
Lalaliza,kelthuzad,1876,priest,discipline,59,29,30
Niniua,tichondrius,1876,priest,discipline,53,26,27
Breakmoon,tichondrius,1876,priest,discipline,78,33,45
Dream,kelthuzad,1875,priest,discipline,76,41,35
Drosslolz,illidan,1874,priest,discipline,54,20,34
Kebab,tichondrius,1873,priest,discipline,42,25,17
Rileymcgerr,tichondrius,1873,priest,discipline,42,24,18
Tarlex,illidan,1873,priest,discipline,192,108,84
Redonkulos,wyrmrest-accord,1873,priest,discipline,210,102,108
Bigbrother,andorhal,1872,priest,discipline,54,31,23
Praitne,tichondrius,1872,priest,discipline,137,67,70
Dellaptop,sargeras,1871,priest,discipline,88,51,37
Marython,tichondrius,1871,priest,discipline,160,85,75
Capcana,tichondrius,1871,priest,discipline,140,74,66
Tmversace,tichondrius,1871,priest,discipline,141,74,67
Leorid,stormrage,1871,priest,discipline,226,108,118
Chiot,tichondrius,1870,priest,discipline,77,59,18
Summersetisl,tichondrius,1870,priest,discipline,90,42,48
Gotdro,kelthuzad,1869,priest,discipline,86,43,43
Renfury,bleeding-hollow,1869,priest,discipline,54,25,29
Snackermz,tichondrius,1869,priest,discipline,238,109,129
Hadoka,ragnaros,1869,priest,discipline,84,38,46
Gices,area-52,1868,priest,discipline,60,36,24
Yobell,tichondrius,1867,priest,discipline,54,32,22
Candyshack,area-52,1867,priest,discipline,117,66,51
Esseks,tichondrius,1866,priest,discipline,143,83,60
Aube,frostmourne,1866,priest,discipline,61,27,34
Dudebanger,sargeras,1865,priest,discipline,42,32,10
Shugelol,tichondrius,1862,priest,discipline,30,21,9
Dannycarrier,tichondrius,1861,priest,discipline,48,27,21
Tormybew,illidan,1861,priest,discipline,53,29,24
Inquisitionx,frostmourne,1861,priest,discipline,379,201,178
Cokeheals,tichondrius,1861,priest,discipline,60,29,31
Thaldrum,tichondrius,1861,priest,discipline,115,51,64
Bamboon,tanaris,1860,priest,discipline,168,90,78
ßeyonder,tichondrius,1860,priest,discipline,247,121,126
Legendary,ragnaros,1860,priest,discipline,90,41,49
Quèénstar,tichondrius,1860,priest,discipline,109,46,63
Bubblekanush,tichondrius,1859,priest,discipline,36,22,14
Frikapp,stormrage,1859,priest,discipline,60,31,29
Thefiveoh,malganis,1858,priest,discipline,62,38,24
Melshiesty,stormrage,1858,priest,discipline,65,32,33
Usebindwound,sargeras,1857,priest,discipline,108,65,43
Bkwhopper,emerald-dream,1857,priest,discipline,339,182,157
Gladexp,tichondrius,1857,priest,discipline,54,24,30
Electricdisc,korgath,1856,priest,discipline,42,23,19
Ravnica,kelthuzad,1856,priest,discipline,82,43,39
Fordranger,frostmourne,1856,priest,discipline,88,43,45
Vànhendrix,tichondrius,1855,priest,discipline,59,32,27
Shadey,onyxia,1855,priest,discipline,54,26,28
Nayzoh,darkspear,1855,priest,discipline,78,37,41
Vidzar,area-52,1854,priest,discipline,42,28,14
Drsquiddy,tichondrius,1854,priest,discipline,47,30,17
Bigmomcook,tichondrius,1854,priest,discipline,386,213,173
Stayspooked,moon-guard,1852,priest,discipline,54,31,23
Yezhua,zuljin,1852,priest,discipline,107,57,50
Tanmo,illidan,1852,priest,discipline,120,63,57
Faeleath,emerald-dream,1852,priest,discipline,86,41,45
Rdson,malganis,1852,priest,discipline,90,41,49
Yaksa,proudmoore,1852,priest,discipline,78,35,43
Likethis,ragnaros,1851,priest,discipline,592,298,294
Binipriest,tichondrius,1850,priest,discipline,85,48,37
Dispassion,dalaran,1850,priest,discipline,70,38,32
Shieldspamx,tichondrius,1850,priest,discipline,89,41,48
Soojwa,frostmourne,1850,priest,discipline,60,26,34
Bmouth,tichondrius,1849,priest,discipline,156,89,67
Whiterhino,spirestone,1849,priest,discipline,67,32,35
Tekneeq,barthilas,1848,priest,discipline,214,115,99
Polarnight,zuljin,1848,priest,discipline,59,29,30
Paidtowin,frostmourne,1848,priest,discipline,68,30,38
Bigshieldlol,illidan,1847,priest,discipline,60,39,21
Chromielol,tichondrius,1847,priest,discipline,54,31,23
Tzïñåçåñ,tichondrius,1847,priest,discipline,54,29,25
Sñ,illidan,1847,priest,discipline,54,29,25
Voidnoodles,area-52,1846,priest,discipline,60,32,28
Ultradumb,ragnaros,1846,priest,discipline,42,21,21
Jmjeezy,tichondrius,1846,priest,discipline,48,22,26
Rylla,illidan,1845,priest,discipline,72,38,34
Leonilcx,tichondrius,1845,priest,discipline,902,456,446
Koalakazamzy,shadow-council,1845,priest,discipline,58,29,29
Pomdom,tichondrius,1844,priest,discipline,102,54,48
Steelcity,tichondrius,1843,priest,discipline,54,28,26
Dacine,illidan,1843,priest,discipline,60,30,30
Xiaoqunzi,tichondrius,1843,priest,discipline,239,115,124
Bubbliez,frostmourne,1843,priest,discipline,59,28,31
Flamboyant,sisters-of-elune,1843,priest,discipline,66,31,35
Buhroketwo,thrall,1842,priest,discipline,96,58,38
Ohsop,chogall,1842,priest,discipline,140,79,61
Shadowcakes,tichondrius,1842,priest,discipline,72,38,34
Zelená,trollbane,1841,priest,discipline,128,77,51
Vampirê,tichondrius,1841,priest,discipline,66,35,31
Smokezter,area-52,1841,priest,discipline,177,85,92
Meoveryou,stormrage,1840,priest,discipline,92,50,42
Temérios,azralon,1840,priest,discipline,96,49,47
Syliva,frostmourne,1840,priest,discipline,65,30,35
Donutpriest,kelthuzad,1839,priest,discipline,78,44,34
Shamáng,tichondrius,1839,priest,discipline,206,102,104
Koalakazamza,shadow-council,1839,priest,discipline,62,28,34
Katalad,wyrmrest-accord,1838,priest,discipline,66,40,26
Furydos,zuljin,1838,priest,discipline,48,26,22
Mancito,mannoroth,1838,priest,discipline,321,165,156
Tistapriest,proudmoore,1837,priest,discipline,70,41,29
Waggers,moon-guard,1837,priest,discipline,42,23,19
Lotion,icecrown,1837,priest,discipline,48,25,23
Thedude,spirestone,1837,priest,discipline,107,53,54
Chk,moon-guard,1837,priest,discipline,148,72,76
Rayllyn,bleeding-hollow,1836,priest,discipline,30,22,8
Miraclesoul,tichondrius,1836,priest,discipline,38,26,12
Celestiah,illidan,1836,priest,discipline,60,30,30
Wpj,barthilas,1836,priest,discipline,93,41,52
Jamino,jubeithos,1835,priest,discipline,111,60,51
Tmeugene,tichondrius,1835,priest,discipline,40,21,19
Ayabae,illidan,1835,priest,discipline,1173,586,587
Kalyndaxo,frostmourne,1835,priest,discipline,156,73,83
Icychain,area-52,1835,priest,discipline,76,34,42
Bugweeb,sargeras,1834,priest,discipline,87,56,31
Twopiece,blackrock,1834,priest,discipline,54,31,23
Rÿzo,tichondrius,1834,priest,discipline,111,63,48
Imissdave,dethecus,1834,priest,discipline,84,45,39
Thottsteal,queldorei,1834,priest,discipline,60,31,29
Rigxy,arthas,1833,priest,discipline,147,92,55
Snakedoc,emerald-dream,1833,priest,discipline,132,74,58
Hairypenance,sargeras,1833,priest,discipline,96,51,45
Bearz,the-underbog,1833,priest,discipline,78,40,38
Ameliarys,sargeras,1833,priest,discipline,103,51,52
Sliktrik,area-52,1833,priest,discipline,71,30,41
Jadon,sargeras,1832,priest,discipline,54,42,12
Sons,zuljin,1832,priest,discipline,54,29,25
Obscure,malygos,1832,priest,discipline,110,54,56
Oloriinn,stormrage,1831,priest,discipline,36,24,12
Mastaspell,illidan,1831,priest,discipline,49,28,21
Shenanigans,illidan,1831,priest,discipline,44,24,20
Antagzy,bleeding-hollow,1830,priest,discipline,108,69,39
Ksâh,bleeding-hollow,1830,priest,discipline,87,55,32
Yotinha,stormrage,1830,priest,discipline,48,28,20
Pzx,zuljin,1830,priest,discipline,54,31,23
Obsolete,area-52,1830,priest,discipline,60,33,27
Abepriest,zuljin,1830,priest,discipline,283,138,145
Strvnge,malganis,1830,priest,discipline,60,28,32
Notkim,zuljin,1829,priest,discipline,169,96,73
Veejae,tichondrius,1829,priest,discipline,54,29,25
Diabloluckie,tichondrius,1829,priest,discipline,155,76,79
Spoõks,darkspear,1829,priest,discipline,147,71,76
Attenea,illidan,1829,priest,discipline,60,24,36
Cpks,tichondrius,1828,priest,discipline,76,48,28
Baphomet,hyjal,1828,priest,discipline,88,53,35
Orderic,ragnaros,1828,priest,discipline,75,44,31
Misatomori,tichondrius,1828,priest,discipline,54,28,26
Falsity,kelthuzad,1828,priest,discipline,84,41,43
Sleetherp,barthilas,1827,priest,discipline,64,37,27
Wübbie,emerald-dream,1827,priest,discipline,108,60,48
Fishondabeat,proudmoore,1827,priest,discipline,42,23,19
Koopy,kiljaeden,1827,priest,discipline,358,190,168
Notsereba,illidan,1827,priest,discipline,54,27,27
Pitayakiller,tichondrius,1827,priest,discipline,125,62,63
Alisas,malganis,1827,priest,discipline,214,98,116
Bohomagz,tichondrius,1826,priest,discipline,42,24,18
Eyolo,tichondrius,1826,priest,discipline,180,87,93
Jiukui,tichondrius,1825,priest,discipline,44,34,10
Bloodyxx,bleeding-hollow,1825,priest,discipline,34,23,11
Illstyles,tichondrius,1825,priest,discipline,48,31,17
Buffle,zuluhed,1825,priest,discipline,66,38,28
Selath,ragnaros,1825,priest,discipline,74,42,32
Yokuz,thunderlord,1825,priest,discipline,48,26,22
Lesx,tichondrius,1825,priest,discipline,156,84,72
Aprîl,quelthalas,1825,priest,discipline,72,37,35
Däzzlë,quelthalas,1825,priest,discipline,72,35,37
Pnsp,perenolde,1824,priest,discipline,42,30,12
Xholyshietz,emerald-dream,1824,priest,discipline,71,48,23
Pervysaged,sargeras,1824,priest,discipline,60,40,20
Mixful,bleeding-hollow,1824,priest,discipline,56,37,19
Archìtects,wyrmrest-accord,1824,priest,discipline,108,68,40
Cya,deathwing,1824,priest,discipline,54,30,24
Cbalnom,tichondrius,1824,priest,discipline,76,41,35
Zygotes,tichondrius,1824,priest,discipline,39,21,18
Aethestan,zuljin,1824,priest,discipline,102,50,52
Dachenchen,tichondrius,1823,priest,discipline,60,43,17
Tuxen,wyrmrest-accord,1823,priest,discipline,48,29,19
Swurvexo,bleeding-hollow,1823,priest,discipline,47,28,19
Xsy,stormrage,1823,priest,discipline,78,45,33
Barthol,malygos,1823,priest,discipline,225,115,110
Sprankels,bleeding-hollow,1823,priest,discipline,108,55,53
Luhkx,stormrage,1823,priest,discipline,54,25,29
Degenerates,blood-furnace,1823,priest,discipline,124,56,68
Alomari,zuljin,1822,priest,discipline,44,29,15
Lands,ragnaros,1822,priest,discipline,120,69,51
Ggwizkaboo,tichondrius,1822,priest,discipline,60,30,30
Zachon,sargeras,1822,priest,discipline,54,27,27
Partypack,stormrage,1821,priest,discipline,55,32,23
Zãrrãlis,arthas,1821,priest,discipline,360,189,171
Rerollpriest,firetree,1821,priest,discipline,53,25,28
Khathor,kargath,1820,priest,discipline,48,30,18
Ultrà,ragnaros,1820,priest,discipline,71,44,27
Wreklol,tichondrius,1820,priest,discipline,60,34,26
Dietcokee,stormrage,1820,priest,discipline,62,31,31
Ujelin,kiljaeden,1820,priest,discipline,48,24,24
Tophr,illidan,1819,priest,discipline,41,24,17
Noted,aegwynn,1819,priest,discipline,224,129,95
Abbyc,frostmourne,1818,priest,discipline,84,45,39
Nanoboost,dark-iron,1818,priest,discipline,843,427,416
Claverr,stormrage,1818,priest,discipline,57,28,29
Novel,moon-guard,1817,priest,discipline,30,24,6
Despairx,tichondrius,1817,priest,discipline,102,66,36
Guerisser,hyjal,1817,priest,discipline,176,104,72
Gaudthree,tichondrius,1817,priest,discipline,46,25,21
Cursèlol,tichondrius,1817,priest,discipline,124,65,59
Exdric,kiljaeden,1817,priest,discipline,108,51,57
Akuzaki,illidan,1817,priest,discipline,54,25,29
Dapp,barthilas,1817,priest,discipline,77,33,44
Cynthus,dalvengyr,1816,priest,discipline,102,60,42
Lichtschreit,zuljin,1816,priest,discipline,41,24,17
Juicyturon,moon-guard,1816,priest,discipline,77,45,32
Stinkypinkÿ,bleeding-hollow,1816,priest,discipline,75,42,33
Zulazane,azralon,1816,priest,discipline,378,207,171
Woodowl,tichondrius,1816,priest,discipline,46,25,21
Kragenn,malganis,1816,priest,discipline,195,103,92
Jackski,nemesis,1816,priest,discipline,48,25,23
Hideonlight,barthilas,1816,priest,discipline,645,332,313
Tiernocookie,illidan,1816,priest,discipline,534,270,264
Mødilon,nemesis,1815,priest,discipline,47,29,18
Rythmzz,kiljaeden,1815,priest,discipline,108,59,49
Winston,tichondrius,1815,priest,discipline,55,28,27
Selenitax,sargeras,1815,priest,discipline,104,52,52
Badnsweaty,sargeras,1815,priest,discipline,76,38,38
Ousïa,quelthalas,1815,priest,discipline,164,81,83
Catfiend,moon-guard,1815,priest,discipline,200,97,103
Mommyafk,moon-guard,1815,priest,discipline,54,25,29
Myeryc,frostmourne,1815,priest,discipline,53,21,32
Diwara,ragnaros,1814,priest,discipline,60,37,23
Fullmetals,azralon,1814,priest,discipline,53,30,23
Zuwukey,kirin-tor,1814,priest,discipline,163,85,78
Healthyadult,zuluhed,1814,priest,discipline,60,30,30
Kostantina,kelthuzad,1814,priest,discipline,196,94,102
Moonstin,bleeding-hollow,1814,priest,discipline,83,38,45
Relicx,firetree,1813,priest,discipline,54,33,21
Youhealme,area-52,1813,priest,discipline,90,54,36
Hoonjojjyang,tichondrius,1813,priest,discipline,66,37,29
Morboo,proudmoore,1813,priest,discipline,78,43,35
Svzy,illidan,1813,priest,discipline,48,26,22
Cardinaldave,frostmourne,1813,priest,discipline,66,34,32
Crypcanheal,sargeras,1813,priest,discipline,551,277,274
Sasha,muradin,1813,priest,discipline,142,70,72
Sixfourtank,tichondrius,1813,priest,discipline,53,26,27
Ahoy,sargeras,1812,priest,discipline,75,46,29
Wîlly,moon-guard,1812,priest,discipline,45,27,18
Abstention,area-52,1812,priest,discipline,66,35,31
Radbutsad,tichondrius,1812,priest,discipline,51,27,24
Livin,kelthuzad,1812,priest,discipline,102,49,53
Iyoui,tichondrius,1811,priest,discipline,42,28,14
Tyrrshadow,skywall,1811,priest,discipline,104,58,46
Tallïa,stormrage,1811,priest,discipline,155,82,73
Louisé,hydraxis,1811,priest,discipline,90,46,44
Cellestine,aggramar,1811,priest,discipline,157,80,77
Leticia,magtheridon,1811,priest,discipline,189,96,93
Discflips,dalaran,1811,priest,discipline,299,150,149
Haruspex,azralon,1811,priest,discipline,175,85,90
Woobgasm,sargeras,1810,priest,discipline,138,82,56
Trengodqt,destromath,1810,priest,discipline,235,129,106
Pawnza,tichondrius,1810,priest,discipline,120,65,55
Ixchelune,kelthuzad,1810,priest,discipline,297,158,139
Hotgirlshiit,dalaran,1810,priest,discipline,424,211,213
Arguseonp,proudmoore,1809,priest,discipline,54,37,17
Ãbelladanger,area-52,1809,priest,discipline,65,43,22
Thepumps,sargeras,1809,priest,discipline,73,43,30
Shadoris,antonidas,1809,priest,discipline,78,45,33
Narakku,sargeras,1809,priest,discipline,113,62,51
Paramour,laughing-skull,1809,priest,discipline,108,59,49
Drée,zuljin,1809,priest,discipline,62,32,30
Jaquels,area-52,1809,priest,discipline,130,65,65
Jaytee,aggramar,1809,priest,discipline,89,44,45
Cearáa,azralon,1809,priest,discipline,65,32,33
Paytin,illidan,1809,priest,discipline,119,57,62
Varbirttok,sargeras,1809,priest,discipline,61,29,32
Nudithree,malganis,1808,priest,discipline,38,26,12
Bingleboi,area-52,1808,priest,discipline,405,224,181
Vbear,dunemaul,1808,priest,discipline,71,39,32
Pkkdestiny,archimonde,1808,priest,discipline,71,37,34
Catbabyorz,tichondrius,1808,priest,discipline,84,41,43
Pns,perenolde,1808,priest,discipline,66,32,34
Exøtic,tichondrius,1807,priest,discipline,60,38,22
Marcìano,bleeding-hollow,1807,priest,discipline,85,49,36
Dopeypriest,area-52,1807,priest,discipline,120,68,52
Ancilx,area-52,1807,priest,discipline,113,60,53
Nomsayin,stormrage,1806,priest,discipline,48,32,16
Ayakashi,frostmourne,1806,priest,discipline,75,46,29
Wormface,moon-guard,1806,priest,discipline,58,35,23
Scrollozaddy,illidan,1806,priest,discipline,331,193,138
Senzy,tichondrius,1806,priest,discipline,150,81,69
Releriel,area-52,1806,priest,discipline,58,31,27
Ðiscipline,kelthuzad,1806,priest,discipline,253,134,119
Inthemix,stormreaver,1806,priest,discipline,376,197,179
Änanti,tichondrius,1806,priest,discipline,190,98,92
Beejaex,stormreaver,1806,priest,discipline,72,36,36
Danceslol,area-52,1806,priest,discipline,59,28,31
Iexii,frostmourne,1806,priest,discipline,60,27,33
Çammy,frostmourne,1805,priest,discipline,42,26,16
Reignen,tichondrius,1805,priest,discipline,189,104,85
Deathwisher,illidan,1805,priest,discipline,251,127,124
Maghobou,tichondrius,1805,priest,discipline,66,30,36
Öxhö,tichondrius,1804,priest,discipline,44,31,13
Lchcl,tichondrius,1804,priest,discipline,36,24,12
Ðsco,tichondrius,1804,priest,discipline,36,24,12
Absorbs,stormrage,1804,priest,discipline,30,19,11
Drtyror,area-52,1804,priest,discipline,209,117,92
Angelumlucis,frostmane,1804,priest,discipline,145,80,65
Syrillia,wildhammer,1804,priest,discipline,142,78,64
Barrenbuffet,zuljin,1804,priest,discipline,278,139,139
Cln,bleeding-hollow,1804,priest,discipline,65,32,33
Taipriest,frostmourne,1804,priest,discipline,222,103,119
Krisup,kelthuzad,1804,priest,discipline,59,27,32
Kelthax,sargeras,1804,priest,discipline,66,27,39
Jinais,zuluhed,1803,priest,discipline,48,33,15
Phillthevoid,sargeras,1803,priest,discipline,45,29,16
Applecare,illidan,1803,priest,discipline,102,60,42
Goldsunx,emerald-dream,1803,priest,discipline,152,85,67
Tjphess,zuljin,1803,priest,discipline,240,130,110
Luciuz,tichondrius,1803,priest,discipline,84,45,39
Sußlime,frostwolf,1803,priest,discipline,90,47,43
Vinvictus,tichondrius,1803,priest,discipline,456,232,224
Criil,area-52,1803,priest,discipline,42,19,23
Manyhot,tichondrius,1802,priest,discipline,51,32,19
Yrñwiotøø,illidan,1802,priest,discipline,54,33,21
Seifong,frostmourne,1802,priest,discipline,125,68,57
Deathallpoly,tichondrius,1802,priest,discipline,431,227,204
Syo,dreadmaul,1802,priest,discipline,219,114,105
Olark,durotan,1802,priest,discipline,541,267,274
Hotpockets,detheroc,1802,priest,discipline,53,25,28
Retardèr,tichondrius,1801,priest,discipline,97,68,29
Reverendtun,area-52,1801,priest,discipline,83,55,28
Merit,emerald-dream,1801,priest,discipline,165,92,73
Sinday,zuljin,1801,priest,discipline,72,38,34
Lípjju,tichondrius,1801,priest,discipline,54,24,30
Razdaz,twisting-nether,1801,priest,discipline,102,42,60
Geekynerd,frostmourne,1800,priest,discipline,151,98,53
Bonigan,sargeras,1800,priest,discipline,215,126,89
Fearmen,tichondrius,1800,priest,discipline,89,50,39
Hallucinogen,kelthuzad,1800,priest,discipline,163,91,72
Holyhõ,stormrage,1800,priest,discipline,60,32,28
Bwgyx,area-52,1800,priest,discipline,42,22,20
Bibleblak,stormrage,1800,priest,discipline,102,53,49
Souvlaki,amanthul,1800,priest,discipline,54,28,26
Alola,illidan,1800,priest,discipline,135,69,66
Shenanígans,malganis,1800,priest,discipline,42,19,23
Bomí,tichondrius,1799,priest,discipline,84,41,43
Epitoh,bleeding-hollow,1799,priest,discipline,96,44,52
Fearinoculúm,bleeding-hollow,1798,priest,discipline,24,19,5
Nickzx,tichondrius,1798,priest,discipline,94,61,33
Kiriko,mannoroth,1798,priest,discipline,36,19,17
Vaaynee,ragnaros,1797,priest,discipline,114,61,53
Secondes,azralon,1797,priest,discipline,36,19,17
Creamedcorn,tichondrius,1797,priest,discipline,46,24,22
Comebaack,stormrage,1797,priest,discipline,98,51,47
Horzp,bleeding-hollow,1797,priest,discipline,72,32,40
Sezyks,stormrage,1795,priest,discipline,65,37,28
Impvp,tichondrius,1795,priest,discipline,89,49,40
Onikûdaki,sargeras,1794,priest,discipline,59,27,32
Joezyxz,tichondrius,1793,priest,discipline,240,123,117
Grimacê,sargeras,1793,priest,discipline,146,71,75
Topbruv,tichondrius,1792,priest,discipline,60,36,24
Wandynha,nemesis,1792,priest,discipline,161,83,78
Leapofdoubt,zuljin,1790,priest,discipline,268,140,128
Sacredmoon,dreadmaul,1789,priest,discipline,56,29,27
Ryno,cenarion-circle,1788,priest,discipline,80,43,37
Isilador,moon-guard,1788,priest,discipline,167,82,85
Litterfeet,moon-guard,1787,priest,discipline,161,82,79
Rèvrin,sargeras,1787,priest,discipline,138,66,72
Euphorz,tichondrius,1786,priest,discipline,36,19,17
Priceléss,tichondrius,1784,priest,discipline,30,22,8
Rlzpriest,tichondrius,1784,priest,discipline,124,65,59
Pride,moon-guard,1784,priest,discipline,148,66,82
Psyjes,stormrage,1783,priest,discipline,134,80,54
Gochuxx,tichondrius,1783,priest,discipline,72,38,34
Nxghtmares,tichondrius,1783,priest,discipline,464,232,232
Grimoz,illidan,1782,priest,discipline,83,39,44
Lumies,tichondrius,1781,priest,discipline,48,21,27
Usedmedkit,sargeras,1780,priest,discipline,47,28,19
Astroluma,illidan,1780,priest,discipline,184,96,88
Philmacrakn,stormrage,1780,priest,discipline,185,92,93
Deadpla,ragnaros,1780,priest,discipline,149,74,75
Kóba,bleeding-hollow,1778,priest,discipline,48,33,15
Høðj,tichondrius,1778,priest,discipline,36,19,17
Wânda,tichondrius,1778,priest,discipline,117,58,59
Meltmeltz,nerzhul,1778,priest,discipline,104,51,53
Sätîvá,tichondrius,1777,priest,discipline,50,28,22
Iamgess,kilrogg,1776,priest,discipline,90,51,39
Khorium,stormrage,1776,priest,discipline,64,29,35
Fleckyy,tichondrius,1776,priest,discipline,42,19,23
Xiaz,lightbringer,1775,priest,discipline,65,27,38
Whalexo,kelthuzad,1774,priest,discipline,155,82,73
Lamont,archimonde,1774,priest,discipline,62,26,36
Tryfekta,frostmourne,1772,priest,discipline,120,63,57
Goneqt,illidan,1772,priest,discipline,114,58,56
Pnub,aggramar,1772,priest,discipline,105,52,53
Séxgodx,tichondrius,1771,priest,discipline,83,41,42
Muffinboy,illidan,1771,priest,discipline,83,32,51
Barley,chogall,1770,priest,discipline,58,30,28
Spliffs,tichondrius,1770,priest,discipline,248,123,125
Afflickzz,kelthuzad,1769,priest,discipline,60,36,24
Hrdz,zuljin,1769,priest,discipline,58,33,25
Deathlullaby,malganis,1769,priest,discipline,72,37,35
Auxp,tichondrius,1769,priest,discipline,59,23,36
Jackski,aerie-peak,1768,priest,discipline,36,24,12
Smitelytius,tichondrius,1768,priest,discipline,36,21,15
Benance,tichondrius,1768,priest,discipline,80,46,34
Kabugi,illidan,1768,priest,discipline,96,52,44
Catbabyeah,tichondrius,1767,priest,discipline,54,42,12
Írithyll,stormrage,1767,priest,discipline,59,33,26
Aarei,stormrage,1767,priest,discipline,54,30,24
Kazgry,illidan,1767,priest,discipline,84,43,41
Plenipotent,moon-guard,1766,priest,discipline,108,60,48
Jnglpriestx,thrall,1765,priest,discipline,33,20,13
Xxqq,illidan,1765,priest,discipline,166,89,77
Badrapture,sargeras,1764,priest,discipline,104,73,31
Cenyo,malganis,1764,priest,discipline,112,64,48
Sebpriest,proudmoore,1764,priest,discipline,42,20,22
Raysx,stormrage,1764,priest,discipline,89,40,49
Rúbybest,tichondrius,1764,priest,discipline,72,30,42
Probs,frostmourne,1763,priest,discipline,161,78,83
Dontlineme,tichondrius,1763,priest,discipline,190,91,99
Surfgang,tichondrius,1763,priest,discipline,83,39,44
Rmxx,illidan,1762,priest,discipline,173,98,75
Darbybean,bleeding-hollow,1762,priest,discipline,54,28,26
Meatguzzler,tichondrius,1761,priest,discipline,85,51,34
Matin,frostmourne,1761,priest,discipline,51,27,24
Dojacatx,frostmourne,1760,priest,discipline,150,78,72
Gibens,tichondrius,1760,priest,discipline,161,83,78
Osis,rivendare,1760,priest,discipline,174,84,90
Interworld,illidan,1758,priest,discipline,104,57,47
Alarin,whisperwind,1757,priest,discipline,78,39,39
Kaddy,mannoroth,1757,priest,discipline,130,60,70
Powerwordwap,malganis,1756,priest,discipline,71,33,38
Kälëy,ragnaros,1755,priest,discipline,322,176,146
Memoria,emerald-dream,1755,priest,discipline,147,71,76
Papabrokuttv,sargeras,1755,priest,discipline,42,19,23
Klitarus,barthilas,1754,priest,discipline,60,28,32
Veiveix,tichondrius,1753,priest,discipline,37,31,6
Memoriesorz,tichondrius,1753,priest,discipline,595,313,282
Rilad,icecrown,1753,priest,discipline,234,120,114
Skunkbishop,sargeras,1753,priest,discipline,243,117,126
Healabrotha,area-52,1752,priest,discipline,268,130,138
Ferguss,ragnaros,1751,priest,discipline,127,66,61
Agnosis,sargeras,1751,priest,discipline,66,30,36
Zins,emerald-dream,1750,priest,discipline,114,54,60
Luwoona,tichondrius,1750,priest,discipline,130,61,69
Aphrodìtë,tichondrius,1749,priest,discipline,245,135,110
Littleshower,illidan,1748,priest,discipline,67,39,28
Gfayde,sargeras,1748,priest,discipline,60,34,26
Bluecho,tichondrius,1748,priest,discipline,89,49,40
Falsegodxd,tichondrius,1748,priest,discipline,60,32,28
Metaverse,lightbringer,1748,priest,discipline,45,24,21
Ukishizumi,tichondrius,1748,priest,discipline,155,81,74
Raizy,stormrage,1748,priest,discipline,53,26,27
Neonpriest,tichondrius,1747,priest,discipline,54,30,24
Fatbellyx,sargeras,1747,priest,discipline,102,50,52
Sobamian,tichondrius,1747,priest,discipline,183,83,100
Compxx,barthilas,1745,priest,discipline,102,56,46
Ninbara,tichondrius,1745,priest,discipline,59,27,32
Dipadre,azralon,1744,priest,discipline,108,73,35
Conezy,frostmourne,1744,priest,discipline,159,88,71
Batiatus,moon-guard,1744,priest,discipline,356,183,173
Bellaelle,stormrage,1744,priest,discipline,81,40,41
Pisshorse,tichondrius,1743,priest,discipline,65,47,18
Miix,proudmoore,1743,priest,discipline,30,20,10
Hamstip,sargeras,1743,priest,discipline,98,58,40
Byck,tichondrius,1743,priest,discipline,60,26,34
Shrimpouh,illidan,1742,priest,discipline,84,49,35
Jexso,tichondrius,1742,priest,discipline,238,118,120
Barbequechip,proudmoore,1742,priest,discipline,66,32,34
Seleniax,sargeras,1742,priest,discipline,47,20,27
Jabberwolky,blackrock,1742,priest,discipline,60,23,37
Zlowbly,ragnaros,1741,priest,discipline,66,38,28
Lexiahp,frostmourne,1741,priest,discipline,211,101,110
Faerline,kelthuzad,1741,priest,discipline,65,30,35
Envio,moon-guard,1740,priest,discipline,60,36,24
Pibkac,stormrage,1740,priest,discipline,81,37,44
Karmapi,malganis,1739,priest,discipline,78,50,28
Cody,magtheridon,1738,priest,discipline,90,59,31
Aloxc,drakkari,1738,priest,discipline,36,19,17
Auntbrittany,tichondrius,1738,priest,discipline,42,21,21
Chaner,scarlet-crusade,1738,priest,discipline,127,61,66
Jimmythedon,mugthol,1738,priest,discipline,82,38,44
Zunitpriest,laughing-skull,1737,priest,discipline,66,35,31
Marejaynez,tichondrius,1737,priest,discipline,289,141,148
Priestass,bleeding-hollow,1736,priest,discipline,266,138,128
Niark,frostmourne,1736,priest,discipline,48,20,28
Purplebeauty,tichondrius,1735,priest,discipline,258,146,112
Maybedead,tichondrius,1734,priest,discipline,42,26,16
Aupascamarad,tichondrius,1734,priest,discipline,35,19,16
Slickwilly,bloodhoof,1734,priest,discipline,402,203,199
Oohso,chogall,1734,priest,discipline,144,67,77
Oghealz,lightnings-blade,1733,priest,discipline,96,43,53
Cazuex,ragnaros,1732,priest,discipline,42,26,16
Larisa,moon-guard,1732,priest,discipline,66,38,28
Verymuscular,stormrage,1732,priest,discipline,66,34,32
Wildsmite,hyjal,1732,priest,discipline,288,137,151
Madmilesstv,zuljin,1732,priest,discipline,93,41,52
Fibbre,tichondrius,1732,priest,discipline,145,63,82
Castsmites,tichondrius,1731,priest,discipline,51,27,24
Phludd,malganis,1731,priest,discipline,154,76,78
Nha,stormrage,1731,priest,discipline,42,20,22
Goatedpriest,kelthuzad,1730,priest,discipline,36,25,11
Saelom,frostmourne,1730,priest,discipline,78,49,29
Johanna,tichondrius,1729,priest,discipline,41,26,15
Dirtydebbie,lightnings-blade,1729,priest,discipline,64,30,34
Bobbyrich,sargeras,1728,priest,discipline,78,43,35
Scab,anetheron,1728,priest,discipline,176,88,88
Dëàthwîsh,tichondrius,1728,priest,discipline,53,26,27
Guiila,azralon,1728,priest,discipline,147,72,75
Suspexyz,stormrage,1727,priest,discipline,77,47,30
Thatruth,duskwood,1727,priest,discipline,48,26,22
Sanddglokta,tichondrius,1727,priest,discipline,344,172,172
Beeffdaddy,tichondrius,1727,priest,discipline,198,98,100
Oogs,tichondrius,1727,priest,discipline,244,108,136
Åpples,tichondrius,1727,priest,discipline,71,31,40
Deeznuhh,tichondrius,1727,priest,discipline,53,21,32
Apoorstudent,tichondrius,1726,priest,discipline,116,72,44
Mxfd,tichondrius,1726,priest,discipline,47,27,20
Dévore,dalaran,1726,priest,discipline,46,25,21
Flagiddyflag,kelthuzad,1726,priest,discipline,48,24,24
Vonpaolo,emerald-dream,1725,priest,discipline,24,20,4
Vtp,frostmourne,1725,priest,discipline,82,49,33
Conifer,emerald-dream,1725,priest,discipline,72,41,31
Barthbelro,kiljaeden,1725,priest,discipline,93,52,41
Holydave,spinebreaker,1725,priest,discipline,71,35,36
Opriest,queldorei,1725,priest,discipline,120,59,61
Jezebëll,nemesis,1724,priest,discipline,192,99,93
Engle,arathor,1724,priest,discipline,108,51,57
Mååxxee,zuljin,1722,priest,discipline,30,18,12
Vegetable,suramar,1722,priest,discipline,36,18,18
Downturn,tichondrius,1722,priest,discipline,54,23,31
Maxla,tichondrius,1721,priest,discipline,188,109,79
Cryptron,tichondrius,1721,priest,discipline,90,47,43
Fhinky,tichondrius,1721,priest,discipline,213,105,108
Clydeington,illidan,1720,priest,discipline,61,36,25
Flamédøtz,ragnaros,1720,priest,discipline,54,30,24
Catbabyslim,tichondrius,1719,priest,discipline,56,30,26
Ooit,tichondrius,1717,priest,discipline,24,22,2
Twistynipple,malganis,1717,priest,discipline,54,32,22
Swaheally,frostmourne,1717,priest,discipline,78,43,35
Zugzugheal,bleeding-hollow,1717,priest,discipline,183,97,86
Septmoon,tichondrius,1717,priest,discipline,66,34,32
Cixelpvp,area-52,1717,priest,discipline,53,27,26
Fyne,kelthuzad,1717,priest,discipline,84,42,42
Wizpell,area-52,1717,priest,discipline,42,18,24
Pissfeet,tichondrius,1716,priest,discipline,30,18,12
Opscurum,bleeding-hollow,1716,priest,discipline,96,56,40
Airelia,sargeras,1716,priest,discipline,66,32,34
Rotbaron,bleeding-hollow,1716,priest,discipline,108,48,60
Whatsadot,tichondrius,1715,priest,discipline,72,51,21
Nydrosia,frostmourne,1715,priest,discipline,32,22,10
Ganapati,the-underbog,1715,priest,discipline,36,18,18
Kavxo,sargeras,1714,priest,discipline,155,83,72
Naelsaze,tichondrius,1713,priest,discipline,28,20,8
Hm,the-scryers,1713,priest,discipline,42,29,13
Jmlz,tichondrius,1713,priest,discipline,45,29,16
Silkydeath,frostmourne,1713,priest,discipline,124,67,57
Mygameslaggy,area-52,1713,priest,discipline,78,33,45
Marminator,stormrage,1713,priest,discipline,66,24,42
Pastapizza,zuljin,1712,priest,discipline,24,22,2
Rachell,emerald-dream,1712,priest,discipline,36,26,10
Twixicecream,sargeras,1712,priest,discipline,35,24,11
Purged,shadowmoon,1712,priest,discipline,433,233,200
Discgoddess,proudmoore,1712,priest,discipline,279,146,133
Bakara,jubeithos,1712,priest,discipline,42,18,24
Ilmx,illidan,1710,priest,discipline,18,18,0
Aetyn,tichondrius,1710,priest,discipline,101,56,45
Trebrooke,sargeras,1710,priest,discipline,161,88,73
Lingdums,tichondrius,1710,priest,discipline,55,30,25
Touchrr,tichondrius,1710,priest,discipline,108,58,50
Demaholy,illidan,1710,priest,discipline,163,82,81
Valothrian,area-52,1710,priest,discipline,172,86,86
Dorgondra,wyrmrest-accord,1709,priest,discipline,48,26,22
Luvenia,sargeras,1709,priest,discipline,292,155,137
Shadzx,andorhal,1709,priest,discipline,71,34,37
Cityboyy,tichondrius,1709,priest,discipline,61,28,33
Longday,kelthuzad,1708,priest,discipline,66,33,33
Pgpriest,kelthuzad,1708,priest,discipline,150,73,77
Andreslol,sargeras,1707,priest,discipline,54,32,22
Caveria,emerald-dream,1707,priest,discipline,283,146,137
Umadcüzubad,azralon,1707,priest,discipline,189,96,93
Indiglo,arthas,1707,priest,discipline,162,80,82
Evilear,tichondrius,1707,priest,discipline,84,38,46
Plumpkinn,kiljaeden,1706,priest,discipline,136,68,68
Asthenia,saurfang,1706,priest,discipline,120,59,61
Floppeh,khazgoroth,1706,priest,discipline,72,35,37
Bfts,illidan,1705,priest,discipline,227,119,108
Momorabbit,tichondrius,1705,priest,discipline,42,21,21
Dippyboi,whisperwind,1705,priest,discipline,102,50,52
Squaanchy,bleeding-hollow,1705,priest,discipline,129,61,68
Highprofile,proudmoore,1705,priest,discipline,42,19,23
Anmu,illidan,1704,priest,discipline,30,19,11
Hottymcdotty,black-dragonflight,1704,priest,discipline,54,31,23
Staars,ragnaros,1704,priest,discipline,66,37,29
Justafkoutpr,gorefiend,1703,priest,discipline,54,36,18
Icesnowli,tichondrius,1703,priest,discipline,66,34,32
Conorpriest,tichondrius,1703,priest,discipline,36,18,18
Slùm,barthilas,1702,priest,discipline,61,37,24
Sùlyvahñ,tichondrius,1702,priest,discipline,30,18,12
Bombdevil,quelthalas,1702,priest,discipline,156,87,69
Dènalí,area-52,1702,priest,discipline,90,49,41
Nightcráwler,illidan,1702,priest,discipline,89,47,42
Sweetnipsbro,tichondrius,1702,priest,discipline,172,85,87
Dimanche,thunderlord,1702,priest,discipline,60,28,32
Shnozberry,tichondrius,1702,priest,discipline,114,46,68
Blasphêmy,malganis,1701,priest,discipline,98,57,41
Icemocha,tichondrius,1701,priest,discipline,66,31,35
Irenesome,tichondrius,1701,priest,discipline,45,21,24
Jemine,tichondrius,1700,priest,discipline,146,79,67
Laggytwodope,tichondrius,1699,priest,discipline,60,39,21
Beowulfy,stormrage,1699,priest,discipline,48,27,21
Meren,kelthuzad,1699,priest,discipline,66,35,31
Leviathanh,tichondrius,1698,priest,discipline,124,80,44
Nexp,tichondrius,1698,priest,discipline,141,90,51
Cruces,malorne,1698,priest,discipline,33,18,15
Mindblasterx,kelthuzad,1698,priest,discipline,701,354,347
Chañing,frostmourne,1698,priest,discipline,114,56,58
Nasser,tichondrius,1698,priest,discipline,42,18,24
Hermanmiller,frostmourne,1697,priest,discipline,54,28,26
Practition,bleeding-hollow,1696,priest,discipline,64,41,23
Duubz,kelthuzad,1696,priest,discipline,114,60,54
Frymii,frostmourne,1696,priest,discipline,48,25,23
Hollowsp,tichondrius,1696,priest,discipline,36,18,18
Skvmbag,tichondrius,1695,priest,discipline,63,39,24
Fádéd,tichondrius,1695,priest,discipline,41,21,20
Scryphe,kelthuzad,1695,priest,discipline,241,120,121
Kaztorz,tichondrius,1695,priest,discipline,40,18,22
Lanäthel,sargeras,1694,priest,discipline,34,22,12
Soùlsista,sargeras,1694,priest,discipline,72,45,27
Mealmassttr,frostmourne,1694,priest,discipline,195,94,101
Howiecakes,bloodhoof,1694,priest,discipline,105,49,56
Skcits,sargeras,1693,priest,discipline,84,52,32
Jennyle,sargeras,1693,priest,discipline,90,50,40
Bloodyx,bleeding-hollow,1693,priest,discipline,274,138,136
Geon,sargeras,1693,priest,discipline,113,56,57
Gothmidget,illidan,1693,priest,discipline,84,38,46
Smyted,tichondrius,1692,priest,discipline,79,43,36
Cyntech,area-52,1691,priest,discipline,53,39,14
Pìuzera,azralon,1691,priest,discipline,101,51,50
Halcyonzx,tichondrius,1691,priest,discipline,36,18,18
Drethor,saurfang,1691,priest,discipline,76,36,40
Choochang,sargeras,1690,priest,discipline,50,37,13
Starpass,illidan,1690,priest,discipline,72,47,25
Pigogo,tichondrius,1690,priest,discipline,45,26,19
Arianagrande,garona,1690,priest,discipline,124,67,57
Amayå,kelthuzad,1690,priest,discipline,108,54,54
Ghøstfaces,illidan,1690,priest,discipline,78,36,42
Haquin,malganis,1690,priest,discipline,48,22,26
Elybele,sargeras,1689,priest,discipline,114,61,53
Toopriestly,deathwing,1689,priest,discipline,112,56,56
Forti,sargeras,1689,priest,discipline,174,82,92
Maatrrixx,drakkari,1689,priest,discipline,66,22,44
Argylemomo,emerald-dream,1688,priest,discipline,202,103,99
Peelforheals,nordrassil,1688,priest,discipline,108,55,53
Hyoeun,dragonmaw,1688,priest,discipline,36,18,18
Chewey,tichondrius,1688,priest,discipline,77,38,39
Nearo,barthilas,1688,priest,discipline,244,119,125
Bublehead,zuljin,1688,priest,discipline,210,98,112
Zrn,bleeding-hollow,1688,priest,discipline,102,47,55
Backhairbb,tichondrius,1688,priest,discipline,54,24,30
Emmarîl,sargeras,1688,priest,discipline,41,18,23
Verboden,kelthuzad,1687,priest,discipline,36,25,11
Murth,laughing-skull,1687,priest,discipline,65,37,28
Khrystalhero,nagrand,1687,priest,discipline,90,50,40
Onineko,bleeding-hollow,1687,priest,discipline,63,35,28
Synsparks,tichondrius,1687,priest,discipline,77,35,42
Klttzz,sargeras,1686,priest,discipline,106,57,49
Lightsight,burning-blade,1686,priest,discipline,48,24,24
Adrio,malorne,1686,priest,discipline,433,214,219
Ritzzx,ragnaros,1686,priest,discipline,137,66,71
Analogxz,nemesis,1686,priest,discipline,204,97,107
Ieveling,skywall,1686,priest,discipline,71,33,38
Andypr,illidan,1686,priest,discipline,66,25,41
Bloodybunnie,tichondrius,1685,priest,discipline,72,44,28
Raxekk,stormrage,1685,priest,discipline,66,36,30
Crysknife,korgath,1685,priest,discipline,53,27,26
Pesca,proudmoore,1685,priest,discipline,149,67,82
Krewesin,ravencrest,1684,priest,discipline,61,32,29
Oopsy,bleeding-hollow,1684,priest,discipline,78,40,38
Salvation,tichondrius,1684,priest,discipline,60,27,33
Turtlez,area-52,1684,priest,discipline,78,35,43
Healthat,tichondrius,1683,priest,discipline,42,25,17
Persimmons,lightbringer,1683,priest,discipline,149,79,70
Alphôn,bleeding-hollow,1683,priest,discipline,42,21,21
Flagiddy,kelthuzad,1683,priest,discipline,75,36,39
Rámmstein,wyrmrest-accord,1682,priest,discipline,126,68,58
Fyshme,frostmourne,1682,priest,discipline,42,22,20
Pvprashida,tichondrius,1682,priest,discipline,466,243,223
Judis,barthilas,1682,priest,discipline,90,46,44
Märzy,thrall,1681,priest,discipline,42,26,16
Plaguebaby,stormrage,1681,priest,discipline,45,23,22
Goatspriesta,kelthuzad,1681,priest,discipline,50,25,25
Serrahs,tichondrius,1681,priest,discipline,59,29,30
Melforn,moon-guard,1681,priest,discipline,59,28,31
Meshuggah,archimonde,1680,priest,discipline,81,41,40
Shrooks,frostmourne,1680,priest,discipline,74,36,38
Xidis,vashj,1680,priest,discipline,77,30,47
Sontïx,sargeras,1679,priest,discipline,55,29,26
Washdp,frostmourne,1679,priest,discipline,47,24,23
Jjmms,akama,1679,priest,discipline,477,230,247
Poosydoodlez,malganis,1679,priest,discipline,105,48,57
Qtasiangirl,emerald-dream,1679,priest,discipline,109,47,62
Gucciflops,tichondrius,1678,priest,discipline,72,42,30
Dotsfortots,malfurion,1678,priest,discipline,47,27,20
Msai,tichondrius,1678,priest,discipline,191,99,92
Mintadnade,nemesis,1678,priest,discipline,239,120,119
Nabukom,destromath,1678,priest,discipline,52,25,27
Dayquills,illidan,1678,priest,discipline,54,23,31
Pocserpriest,drakkari,1677,priest,discipline,62,30,32
Hoglet,moon-guard,1676,priest,discipline,77,48,29
Holyfall,sargeras,1676,priest,discipline,226,119,107
Getgudwtrada,frostmourne,1676,priest,discipline,119,60,59
Sshhaaddooww,tichondrius,1676,priest,discipline,48,24,24
Gurgs,emerald-dream,1676,priest,discipline,38,19,19
Natahlia,area-52,1676,priest,discipline,108,52,56
Knucklesandy,tichondrius,1676,priest,discipline,53,23,30
Likehisname,tichondrius,1676,priest,discipline,84,32,52
Shastyr,tichondrius,1675,priest,discipline,144,79,65
Narodiz,nemesis,1675,priest,discipline,48,26,22
Bonehead,warsong,1675,priest,discipline,48,23,25
Flatlining,illidan,1674,priest,discipline,138,77,61
Megz,zuljin,1674,priest,discipline,58,30,28
Carboload,thrall,1674,priest,discipline,53,26,27
Shadowbuzz,barthilas,1674,priest,discipline,120,58,62
Nancya,stormrage,1673,priest,discipline,87,54,33
Szx,akama,1673,priest,discipline,68,35,33
Wormclergy,tichondrius,1673,priest,discipline,152,70,82
Dakp,sargeras,1673,priest,discipline,48,20,28
Lolcrafthd,ragnaros,1672,priest,discipline,276,146,130
Aco,tichondrius,1672,priest,discipline,150,79,71
Deathtones,barthilas,1672,priest,discipline,191,97,94
Sewerlordx,tichondrius,1671,priest,discipline,33,23,10
Gosarix,tichondrius,1671,priest,discipline,30,20,10
Eetsqt,barthilas,1671,priest,discipline,120,74,46
Räpture,andorhal,1671,priest,discipline,46,28,18
Archecho,area-52,1671,priest,discipline,60,36,24
Discoteqe,korgath,1671,priest,discipline,135,71,64
Vatikn,stormrage,1671,priest,discipline,60,30,30
Maccten,tichondrius,1671,priest,discipline,56,28,28
Holymagetv,tichondrius,1671,priest,discipline,68,29,39
Perothon,garrosh,1670,priest,discipline,155,83,72
Zilah,ravencrest,1670,priest,discipline,138,72,66
Randompreest,stormrage,1670,priest,discipline,48,25,23
Kagemetsu,sargeras,1669,priest,discipline,152,74,78
Boostedpi,tichondrius,1669,priest,discipline,44,21,23
Shieldharder,stormrage,1669,priest,discipline,97,46,51
Highmoon,kelthuzad,1669,priest,discipline,48,22,26
Zaperama,tichondrius,1669,priest,discipline,47,20,27
Hadtogothere,kelthuzad,1668,priest,discipline,325,166,159
Bosspriest,tichondrius,1668,priest,discipline,107,51,56
Dpendant,frostmourne,1668,priest,discipline,149,71,78
Maximiliano,barthilas,1668,priest,discipline,43,19,24
Mcfref,tichondrius,1667,priest,discipline,135,70,65
Healum,nemesis,1667,priest,discipline,151,77,74
Storylord,malganis,1667,priest,discipline,42,20,22
Ataraksija,sargeras,1666,priest,discipline,27,19,8
Sleezi,emerald-dream,1666,priest,discipline,150,87,63
Catmints,illidan,1666,priest,discipline,168,89,79
Heart,misha,1666,priest,discipline,186,94,92
Kastep,tichondrius,1666,priest,discipline,136,67,69
Nelpesh,tichondrius,1666,priest,discipline,60,27,33
Fullfear,lothar,1665,priest,discipline,66,38,28
Góndhi,tichondrius,1664,priest,discipline,42,25,17
Milkkz,zuljin,1664,priest,discipline,78,42,36
Recoverys,illidan,1664,priest,discipline,36,19,17
Jammeslight,quelthalas,1664,priest,discipline,177,93,84
Rima,stormscale,1664,priest,discipline,42,20,22
Nyluh,deathwing,1664,priest,discipline,101,48,53
Rmx,illidan,1664,priest,discipline,64,30,34
Pedobearx,ragnaros,1663,priest,discipline,224,114,110
Odealp,stormscale,1663,priest,discipline,47,22,25
Pleasant,dathremar,1663,priest,discipline,135,60,75
Lostmind,malganis,1663,priest,discipline,53,23,30
Gekko,azgalor,1663,priest,discipline,54,21,33
Shocklol,stormrage,1662,priest,discipline,29,22,7
Niik,tichondrius,1662,priest,discipline,36,25,11
Syrul,tichondrius,1662,priest,discipline,87,50,37
Azurebaba,tichondrius,1662,priest,discipline,187,105,82
Jzd,dreadmaul,1662,priest,discipline,89,49,40
Tecnica,kelthuzad,1662,priest,discipline,268,138,130
Fugazy,barthilas,1661,priest,discipline,44,24,20
Hårper,area-52,1661,priest,discipline,81,41,40
Fisp,moon-guard,1661,priest,discipline,72,33,39
Lunarina,hyjal,1661,priest,discipline,173,79,94
Bvh,kelthuzad,1661,priest,discipline,57,22,35
Prayussy,tichondrius,1660,priest,discipline,177,95,82
Fukneasy,darkspear,1660,priest,discipline,43,23,20
Joeyslaps,frostwolf,1660,priest,discipline,64,34,30
Resisted,gorefiend,1660,priest,discipline,238,120,118
Yotz,destromath,1660,priest,discipline,72,33,39
Sidepiëce,area-52,1660,priest,discipline,52,23,29
Elfgasmic,blackwater-raiders,1659,priest,discipline,36,20,16
Priestreto,zuljin,1659,priest,discipline,137,76,61
Moalboal,tichondrius,1659,priest,discipline,373,190,183
Plztrainme,spinebreaker,1659,priest,discipline,54,27,27
Bigdaddios,dalaran,1659,priest,discipline,81,40,41
Cayleey,stormrage,1659,priest,discipline,90,40,50
Ahealer,alterac-mountains,1659,priest,discipline,54,24,30
Fronkeytko,tichondrius,1658,priest,discipline,36,21,15
Notwrek,tichondrius,1658,priest,discipline,113,65,48
Jaysshadow,illidan,1658,priest,discipline,161,88,73
Randomprist,area-52,1658,priest,discipline,33,18,15
Brickzy,dalaran,1658,priest,discipline,46,25,21
Luciellis,sargeras,1658,priest,discipline,162,83,79
Teddyy,tichondrius,1658,priest,discipline,54,22,32
Jâldabaoth,area-52,1657,priest,discipline,83,52,31
Scruge,frostmourne,1657,priest,discipline,91,54,37
Caveron,tichondrius,1657,priest,discipline,42,23,19
Honeyduutch,black-dragonflight,1657,priest,discipline,186,95,91
Krusheal,tichondrius,1657,priest,discipline,53,27,26
Vandamnation,barthilas,1657,priest,discipline,349,167,182
Holyster,tichondrius,1657,priest,discipline,59,26,33
Pocket,alleria,1656,priest,discipline,36,21,15
Obstetrician,tichondrius,1656,priest,discipline,42,24,18
Uriyel,quelthalas,1656,priest,discipline,167,90,77
Stoneflute,emerald-dream,1656,priest,discipline,279,150,129
Dijkstracted,ragnaros,1656,priest,discipline,229,121,108
Crøws,ragnaros,1656,priest,discipline,312,156,156
Frenezyz,ragnaros,1656,priest,discipline,112,56,56
Sarïya,moon-guard,1656,priest,discipline,143,68,75
Khaoshealer,destromath,1656,priest,discipline,233,104,129
Naranjitá,ragnaros,1655,priest,discipline,72,45,27
Saintpleb,sargeras,1655,priest,discipline,42,23,19
Theravus,moon-guard,1655,priest,discipline,124,67,57
Dances,emerald-dream,1655,priest,discipline,42,22,20
Hungrybone,proudmoore,1655,priest,discipline,1063,535,528
Vcainyfairy,stormrage,1655,priest,discipline,531,267,264
Holyneuro,illidan,1655,priest,discipline,48,24,24
Catonement,moon-guard,1655,priest,discipline,696,337,359
Jönsnow,ghostlands,1654,priest,discipline,96,51,45
Darknuz,sargeras,1654,priest,discipline,53,27,26
Tammyone,emerald-dream,1653,priest,discipline,75,48,27
Perceptions,dalaran,1653,priest,discipline,48,29,19
Kathere,tichondrius,1653,priest,discipline,42,23,19
Shastea,crushridge,1653,priest,discipline,116,60,56
Ucksy,blackrock,1653,priest,discipline,42,20,22
Kelime,azralon,1652,priest,discipline,60,34,26
Glassbirds,stormrage,1652,priest,discipline,48,25,23
Keyoshe,altar-of-storms,1652,priest,discipline,330,171,159
Zaryx,wildhammer,1652,priest,discipline,78,40,38
Airalia,bleeding-hollow,1650,priest,discipline,36,23,13
Sacrify,ragnaros,1650,priest,discipline,243,123,120
Yaz,emerald-dream,1650,priest,discipline,89,42,47
Zyklonova,frostmourne,1649,priest,discipline,54,31,23
Hanley,tichondrius,1649,priest,discipline,85,48,37
Lîk,tichondrius,1649,priest,discipline,243,133,110
Causeoflife,eitrigg,1649,priest,discipline,67,36,31
Larry,tichondrius,1649,priest,discipline,65,31,34
Burkett,sargeras,1649,priest,discipline,42,20,22
Astrøpriest,tichondrius,1649,priest,discipline,87,38,49
Giveheadpats,moon-guard,1648,priest,discipline,289,149,140
Dreamteller,tichondrius,1648,priest,discipline,48,24,24
Papafajita,area-52,1648,priest,discipline,113,53,60
Eazyp,stormrage,1647,priest,discipline,40,22,18
Bigtomwudi,illidan,1647,priest,discipline,82,43,39
Trollpreist,tichondrius,1647,priest,discipline,148,75,73
Whitecaster,tichondrius,1647,priest,discipline,78,39,39
Lòthnalar,ragnaros,1647,priest,discipline,60,29,31
Appleshampoo,black-dragonflight,1647,priest,discipline,52,25,27
Dorazòn,bleeding-hollow,1647,priest,discipline,54,25,29
Hopanda,tichondrius,1646,priest,discipline,131,73,58
Toastspriest,tichondrius,1646,priest,discipline,125,67,58
Maomaoangel,tichondrius,1646,priest,discipline,142,76,66
Saintguard,tichondrius,1646,priest,discipline,270,139,131
Iamjakehill,area-52,1646,priest,discipline,154,79,75
Tastyloads,illidan,1645,priest,discipline,234,121,113
Healbaby,illidan,1645,priest,discipline,424,216,208
Rosaparksxo,sargeras,1645,priest,discipline,70,35,35
Piils,sargeras,1645,priest,discipline,42,21,21
Cavatea,illidan,1645,priest,discipline,42,21,21
Deadpriesst,arthas,1645,priest,discipline,180,85,95
Delai,dalaran,1644,priest,discipline,34,23,11
Primalshadow,kaelthas,1644,priest,discipline,42,23,19
Luhhx,sargeras,1644,priest,discipline,140,76,64
Cozies,stormreaver,1644,priest,discipline,59,32,27
Cptcancer,tichondrius,1644,priest,discipline,54,23,31
Toddmund,tichondrius,1644,priest,discipline,64,25,39
Ssgpak,tichondrius,1643,priest,discipline,77,53,24
Frotters,kiljaeden,1643,priest,discipline,42,23,19
Sagarlor,moon-guard,1643,priest,discipline,61,33,28
Life,amanthul,1642,priest,discipline,145,86,59
Hpalisdawg,malorne,1642,priest,discipline,73,41,32
Holyphodays,sargeras,1642,priest,discipline,199,109,90
Kuell,ragnaros,1642,priest,discipline,53,29,24
Ibubble,chromaggus,1642,priest,discipline,50,24,26
Twêet,frostmourne,1642,priest,discipline,240,112,128
Reiae,malganis,1642,priest,discipline,70,27,43
Hõlyshìt,whisperwind,1641,priest,discipline,42,26,16
Oiled,barthilas,1641,priest,discipline,164,96,68
Mabisyo,wyrmrest-accord,1641,priest,discipline,62,36,26
Machinecoach,stormrage,1641,priest,discipline,36,19,17
Altarboy,agamaggan,1641,priest,discipline,86,42,44
Nancynibbler,bleeding-hollow,1641,priest,discipline,94,42,52
Jiñx,destromath,1640,priest,discipline,284,151,133
Alguîen,ragnaros,1640,priest,discipline,115,61,54
Scpzi,frostmourne,1640,priest,discipline,80,41,39
Anahka,tichondrius,1640,priest,discipline,66,31,35
Canibumsmoke,illidan,1640,priest,discipline,111,52,59
Zymmie,moon-guard,1640,priest,discipline,138,64,74
Imms,tichondrius,1640,priest,discipline,54,23,31
Spx,frostmourne,1639,priest,discipline,102,57,45
Trojanphobia,bleeding-hollow,1639,priest,discipline,78,43,35
Purplepil,sargeras,1639,priest,discipline,36,18,18
Sêlbus,stormrage,1638,priest,discipline,323,169,154
Tooziq,stormrage,1638,priest,discipline,35,18,17
Yungbaker,area-52,1637,priest,discipline,35,20,15
Fenty,nemesis,1637,priest,discipline,149,80,69
Evvylou,stormrage,1637,priest,discipline,42,19,23
Aethriem,bleeding-hollow,1636,priest,discipline,54,33,21
Planchebois,zuljin,1636,priest,discipline,54,31,23
Shesaidthat,stormrage,1636,priest,discipline,298,153,145
Döllyy,illidan,1636,priest,discipline,48,22,26
Nightz,illidan,1635,priest,discipline,48,28,20
Frag,frostmourne,1635,priest,discipline,132,72,60
Mutedox,frostmourne,1635,priest,discipline,47,24,23
Arcosis,turalyon,1635,priest,discipline,54,22,32
Mangolatte,frostmourne,1634,priest,discipline,55,41,14
Thirdplace,tichondrius,1634,priest,discipline,36,24,12
Prïestitute,zuljin,1634,priest,discipline,174,102,72
Benedictiion,tichondrius,1634,priest,discipline,86,38,48
Zëref,azralon,1633,priest,discipline,88,52,36
Tokoyo,sargeras,1633,priest,discipline,232,131,101
Valith,bleeding-hollow,1633,priest,discipline,94,52,42
Roxann,firetree,1633,priest,discipline,126,69,57
Creòle,area-52,1633,priest,discipline,42,23,19
Huxleypoo,boulderfist,1633,priest,discipline,42,22,20
Bacpack,area-52,1633,priest,discipline,177,89,88
Neuterednuts,zuljin,1632,priest,discipline,48,27,21
Psycozis,hyjal,1632,priest,discipline,379,197,182
Magnuscorp,illidan,1632,priest,discipline,48,23,25
Buhroke,thrall,1632,priest,discipline,62,29,33
Soulcleave,dark-iron,1632,priest,discipline,84,38,46
Kayare,area-52,1632,priest,discipline,53,23,30
Lunapea,frostmourne,1631,priest,discipline,36,21,15
Kellogss,magtheridon,1631,priest,discipline,36,21,15
Lyrä,kiljaeden,1631,priest,discipline,157,86,71
Swartzp,tichondrius,1631,priest,discipline,134,71,63
Gutrìck,tichondrius,1631,priest,discipline,54,26,28
Gödtier,frostwolf,1631,priest,discipline,42,18,24
Meip,illidan,1630,priest,discipline,24,17,7
Skadín,stormrage,1630,priest,discipline,155,92,63
Hasby,area-52,1630,priest,discipline,228,123,105
Gamepass,tichondrius,1630,priest,discipline,60,30,30
Flexeggette,illidan,1630,priest,discipline,55,26,29
Asj,illidan,1629,priest,discipline,45,30,15
Valyx,tichondrius,1629,priest,discipline,195,105,90
Haill,quelthalas,1629,priest,discipline,128,65,63
Doíboó,tichondrius,1629,priest,discipline,52,26,26
Bustit,azgalor,1628,priest,discipline,52,28,24
Upwind,tichondrius,1628,priest,discipline,48,25,23
Bhoyka,ragnaros,1628,priest,discipline,57,29,28
Azaradet,ragnaros,1628,priest,discipline,171,86,85
Chookspriest,tichondrius,1628,priest,discipline,179,90,89
Lawbster,jubeithos,1628,priest,discipline,46,23,23
Glöws,area-52,1628,priest,discipline,36,18,18
Çherish,stormrage,1628,priest,discipline,36,17,19
Buffrmppls,ragnaros,1628,priest,discipline,42,18,24
Oesobagi,tichondrius,1627,priest,discipline,113,66,47
Saltlevels,sargeras,1627,priest,discipline,174,94,80
Crionicz,bleeding-hollow,1627,priest,discipline,52,28,24
Sermøn,azuremyst,1627,priest,discipline,566,297,269
Djc,tichondrius,1627,priest,discipline,96,50,46
Ärchangél,tichondrius,1627,priest,discipline,152,79,73
Shutkap,sargeras,1627,priest,discipline,54,27,27
Liteztvp,tichondrius,1627,priest,discipline,254,121,133
Abbyy,barthilas,1627,priest,discipline,77,35,42
Beelzebul,illidan,1627,priest,discipline,87,38,49
Andrew,sargeras,1626,priest,discipline,30,20,10
Chumpster,moon-guard,1626,priest,discipline,109,69,40
Discavow,bleeding-hollow,1626,priest,discipline,51,31,20
Krupticus,tichondrius,1626,priest,discipline,40,24,16
Msisidol,tichondrius,1626,priest,discipline,43,25,18
Valtres,tichondrius,1626,priest,discipline,36,20,16
Brothercarl,stormrage,1626,priest,discipline,95,51,44
Uroka,malganis,1626,priest,discipline,42,19,23
Shadheda,andorhal,1626,priest,discipline,134,60,74
Bòngu,tichondrius,1626,priest,discipline,58,24,34
Mylo,azralon,1625,priest,discipline,48,28,20
Aexdawg,malganis,1625,priest,discipline,144,83,61
Wtfamdoing,quelthalas,1625,priest,discipline,90,51,39
Tcfx,bleeding-hollow,1625,priest,discipline,30,17,13
Zórg,stormrage,1625,priest,discipline,96,53,43
Linarindil,hyjal,1625,priest,discipline,132,66,66
Jâmïè,gurubashi,1624,priest,discipline,58,39,19
Pinchevato,ragnaros,1624,priest,discipline,371,189,182
Zunari,thrall,1624,priest,discipline,54,27,27
Selfless,barthilas,1624,priest,discipline,78,35,43
Ussmissouri,area-52,1624,priest,discipline,141,63,78
Caesus,sargeras,1623,priest,discipline,124,70,54
Buchöna,quelthalas,1623,priest,discipline,125,66,59
Hereges,azralon,1623,priest,discipline,48,24,24
Nutshotxx,skullcrusher,1623,priest,discipline,298,142,156
Abbydaddy,illidan,1623,priest,discipline,69,31,38
Elbeefsteak,ragnaros,1622,priest,discipline,54,32,22
Tricklee,tichondrius,1622,priest,discipline,53,30,23
Vsat,illidan,1622,priest,discipline,54,26,28
Wickedpriest,malganis,1622,priest,discipline,54,25,29
Kujox,tichondrius,1622,priest,discipline,100,46,54
Kûrtt,azralon,1622,priest,discipline,42,19,23
Woodricks,frostmourne,1622,priest,discipline,71,27,44
Spicer,eredar,1621,priest,discipline,41,25,16
Tuniepope,sargeras,1621,priest,discipline,75,45,30
Crazyshadow,proudmoore,1621,priest,discipline,48,27,21
Timbobaloo,thrall,1621,priest,discipline,94,52,42
Deathsmoke,ragnaros,1621,priest,discipline,112,55,57
Haetas,zuljin,1621,priest,discipline,53,23,30
Fialiadia,illidan,1621,priest,discipline,54,20,34
Lukaspriest,proudmoore,1620,priest,discipline,71,46,25
Pigro,area-52,1620,priest,discipline,30,19,11
Darknuzs,sargeras,1620,priest,discipline,42,21,21
Madekasol,tichondrius,1619,priest,discipline,65,41,24
Dfâc,moon-guard,1619,priest,discipline,96,47,49
Physics,frostmane,1619,priest,discipline,44,18,26
Tickleme,zuljin,1618,priest,discipline,30,17,13
Sacredlight,malygos,1618,priest,discipline,135,72,63
Arcalon,thrall,1618,priest,discipline,107,56,51
Nohéalforu,stormrage,1618,priest,discipline,48,25,23
Jmr,onyxia,1617,priest,discipline,24,17,7
Saíth,proudmoore,1617,priest,discipline,30,17,13
Ezelra,frostmourne,1617,priest,discipline,47,25,22
Ingladforx,azralon,1617,priest,discipline,83,41,42
Stickypriest,dreadmaul,1616,priest,discipline,29,25,4
Mingoms,illidan,1616,priest,discipline,80,46,34
Zyonn,chogall,1616,priest,discipline,36,18,18
Guccísandals,emerald-dream,1616,priest,discipline,108,51,57
Victordaddy,illidan,1616,priest,discipline,48,21,27
Ripngor,tichondrius,1616,priest,discipline,46,20,26
Shaddäye,andorhal,1616,priest,discipline,48,20,28
Elliepls,tichondrius,1615,priest,discipline,49,31,18
Apathist,sargeras,1615,priest,discipline,72,45,27
Kraamur,area-52,1615,priest,discipline,96,57,39
Predolph,illidan,1615,priest,discipline,60,34,26
Androalis,thaurissan,1615,priest,discipline,114,62,52
Jîtters,silvermoon,1615,priest,discipline,84,45,39
Flarkyllama,area-52,1615,priest,discipline,48,20,28
Kirigäya,quelthalas,1614,priest,discipline,106,65,41
Illuminare,sargeras,1614,priest,discipline,225,118,107
Saiyana,frostmourne,1614,priest,discipline,214,110,104
Sanitizer,frostmourne,1614,priest,discipline,78,38,40
Galandora,kelthuzad,1614,priest,discipline,48,23,25
Cency,tichondrius,1614,priest,discipline,36,17,19
Iovedoctor,tichondrius,1614,priest,discipline,78,25,53
Sâsh,stormrage,1613,priest,discipline,72,40,32
Discreté,bleeding-hollow,1613,priest,discipline,48,26,22
Deadnyx,tichondrius,1613,priest,discipline,54,29,25
Unholyhand,moon-guard,1613,priest,discipline,233,124,109
Trezz,hakkar,1613,priest,discipline,46,23,23
Aåurøra,stormrage,1613,priest,discipline,46,23,23
ßðßßÿ,area-52,1613,priest,discipline,42,21,21
Crunchywater,stormrage,1613,priest,discipline,54,22,32
Mattgarska,tichondrius,1613,priest,discipline,48,17,31
Alfié,kelthuzad,1612,priest,discipline,48,33,15
Tyszie,sargeras,1612,priest,discipline,66,40,26
Bater,mugthol,1612,priest,discipline,76,45,31
Draxxankou,tanaris,1612,priest,discipline,103,59,44
Itachî,ravencrest,1612,priest,discipline,42,23,19
Kks,tichondrius,1612,priest,discipline,90,46,44
Mellow,tichondrius,1612,priest,discipline,182,91,91
Rafers,tichondrius,1612,priest,discipline,48,20,28
Bigkey,malganis,1611,priest,discipline,36,24,12
Gsek,nemesis,1611,priest,discipline,36,23,13
Jamzae,tichondrius,1611,priest,discipline,36,21,15
Vincejddp,zuljin,1611,priest,discipline,199,105,94
Tonybanderas,shattered-halls,1611,priest,discipline,120,63,57
Zenorik,thrall,1610,priest,discipline,53,33,20
Cinsare,moon-guard,1610,priest,discipline,102,58,44
Kencyx,tichondrius,1610,priest,discipline,36,20,16
Notfandy,tichondrius,1610,priest,discipline,120,65,55
Yidra,illidan,1610,priest,discipline,36,19,17
Blathers,malganis,1610,priest,discipline,98,51,47
Billybobjane,jubeithos,1610,priest,discipline,42,21,21
Pontiffvelen,area-52,1610,priest,discipline,124,54,70
Másterclass,stormrage,1609,priest,discipline,29,22,7
Lightshizzle,illidan,1609,priest,discipline,32,20,12
Notoriousmmä,illidan,1609,priest,discipline,99,59,40
Smashhley,bleeding-hollow,1609,priest,discipline,200,114,86
Inuyasha,stormrage,1609,priest,discipline,30,17,13
Auras,boulderfist,1609,priest,discipline,98,52,46
Vorazzun,quelthalas,1609,priest,discipline,212,110,102
Velandrys,earthen-ring,1609,priest,discipline,92,46,46
Undevout,tichondrius,1609,priest,discipline,42,21,21
Winsforgoldd,area-52,1609,priest,discipline,133,60,73
Gránd,emerald-dream,1609,priest,discipline,54,22,32
Katjaa,quelthalas,1609,priest,discipline,74,27,47
Gsek,azralon,1608,priest,discipline,54,34,20
Alcázardeyo,area-52,1608,priest,discipline,150,84,66
Wrekkit,area-52,1608,priest,discipline,84,42,42
Reginaa,nemesis,1608,priest,discipline,65,30,35
Buttfive,illidan,1608,priest,discipline,58,24,34
Durtybubz,tichondrius,1607,priest,discipline,231,133,98
Lines,sargeras,1607,priest,discipline,88,47,41
Kaeda,drenden,1607,priest,discipline,84,44,40
Hootheals,illidan,1607,priest,discipline,46,24,22
Preeste,stormrage,1607,priest,discipline,44,22,22
Wisher,tichondrius,1607,priest,discipline,242,118,124
Darknus,sargeras,1607,priest,discipline,78,37,41
Powerwordqt,kalecgos,1607,priest,discipline,78,35,43
Knoskeezy,proudmoore,1606,priest,discipline,54,31,23
Teewat,illidan,1606,priest,discipline,42,23,19
Säcrilege,drakkari,1606,priest,discipline,243,130,113
Gurlyounasty,khazgoroth,1606,priest,discipline,127,67,60
Holyclappah,illidan,1606,priest,discipline,382,201,181
Xhadow,sargeras,1606,priest,discipline,161,84,77
Alaran,magtheridon,1606,priest,discipline,149,77,72
Mclyte,whisperwind,1606,priest,discipline,203,103,100
Fõrcedtowipe,tichondrius,1606,priest,discipline,245,124,121
Lovesy,burning-legion,1606,priest,discipline,60,30,30
Abraz,kiljaeden,1606,priest,discipline,42,20,22
Darkispriest,tichondrius,1606,priest,discipline,36,17,19
Yoggismydad,emerald-dream,1605,priest,discipline,185,95,90
Shiromar,tichondrius,1605,priest,discipline,102,51,51
Stepsistér,ragnaros,1605,priest,discipline,72,34,38
Takosoufflé,emerald-dream,1605,priest,discipline,48,22,26
Lolkwtf,sargeras,1605,priest,discipline,49,22,27
Tshik,ragnaros,1605,priest,discipline,104,46,58
Míkò,sargeras,1604,priest,discipline,18,17,1
Healzyea,eonar,1604,priest,discipline,136,73,63
Tanthsondis,illidan,1604,priest,discipline,54,28,26
Staywild,tichondrius,1604,priest,discipline,66,34,32
Tidbitsy,malganis,1604,priest,discipline,108,55,53
Holdentudikz,area-52,1604,priest,discipline,136,68,68
Giblettz,lightbringer,1604,priest,discipline,147,72,75
Renghost,illidan,1604,priest,discipline,42,20,22
ßlackøut,sargeras,1604,priest,discipline,59,28,31
Zerokool,moonrunner,1603,priest,discipline,48,29,19
Giannis,garrosh,1603,priest,discipline,42,23,19
Feymuhsjr,black-dragonflight,1603,priest,discipline,54,29,25
Kripple,tichondrius,1603,priest,discipline,56,30,26
Serakiki,nemesis,1603,priest,discipline,114,59,55
Charbosan,gorgonnash,1603,priest,discipline,764,391,373
Jubinátor,tichondrius,1603,priest,discipline,48,23,25
Tooeasy,vashj,1603,priest,discipline,36,17,19
Xävier,farstriders,1603,priest,discipline,48,22,26
Swagdemøn,kelthuzad,1603,priest,discipline,42,19,23
Mhp,illidan,1603,priest,discipline,57,23,34
Overshields,caelestrasz,1603,priest,discipline,58,23,35
Resortv,illidan,1602,priest,discipline,42,32,10
Shadyhoe,alterac-mountains,1602,priest,discipline,81,47,34
Keaina,malganis,1602,priest,discipline,83,45,38
Lavigne,tichondrius,1602,priest,discipline,36,19,17
Draazja,dalaran,1602,priest,discipline,249,131,118
Gromkekz,area-52,1602,priest,discipline,73,38,35
Ragretsxo,darkspear,1602,priest,discipline,150,75,75
Manstench,tichondrius,1602,priest,discipline,81,40,41
Bennito,moon-guard,1602,priest,discipline,211,96,115
Cindyloux,tichondrius,1602,priest,discipline,42,19,23
Pennumbra,barthilas,1602,priest,discipline,132,57,75
Dazull,bleeding-hollow,1602,priest,discipline,53,22,31
Psyclick,zuljin,1601,priest,discipline,30,21,9
Hiraa,frostmourne,1601,priest,discipline,42,28,14
Invicta,frostwolf,1601,priest,discipline,27,18,9
Cythrinx,bleeding-hollow,1601,priest,discipline,30,19,11
Azaleth,sargeras,1601,priest,discipline,41,24,17
Rexîfy,zuljin,1601,priest,discipline,81,47,34
Nenedada,tichondrius,1601,priest,discipline,105,56,49
Shádowman,thrall,1601,priest,discipline,167,84,83
Bistek,bleeding-hollow,1601,priest,discipline,166,83,83
Brahp,frostmourne,1601,priest,discipline,113,52,61
Donpireso,area-52,1600,priest,discipline,138,84,54
Jhivagosp,tichondrius,1600,priest,discipline,42,23,19
Mepisth,sargeras,1600,priest,discipline,66,36,30
Zarakonna,illidan,1600,priest,discipline,60,32,28
Nijoral,tichondrius,1600,priest,discipline,368,194,174
Smoochinz,sargeras,1600,priest,discipline,52,23,29
Antonietta,drakkari,1599,priest,discipline,36,20,16
Tooze,draka,1599,priest,discipline,90,45,45
Acpriest,tichondrius,1599,priest,discipline,147,72,75
Milesa,korgath,1598,priest,discipline,30,17,13
Gus,the-venture-co,1598,priest,discipline,96,54,42
Zinnar,dalaran,1598,priest,discipline,202,97,105
Bigsmart,tichondrius,1598,priest,discipline,56,25,31
Dupaforted,stormrage,1598,priest,discipline,71,26,45
Valeilah,illidan,1597,priest,discipline,126,80,46
Zackor,maiev,1597,priest,discipline,64,34,30
Mdibaxx,tichondrius,1597,priest,discipline,89,40,49
Spicey,korgath,1596,priest,discipline,68,44,24
Universe,spinebreaker,1596,priest,discipline,82,47,35
Wodturbo,bleeding-hollow,1596,priest,discipline,73,41,32
Yunnan,executus,1596,priest,discipline,167,85,82
Pettypriest,dalaran,1596,priest,discipline,79,39,40
Grizzlysmite,stormrage,1596,priest,discipline,379,185,194
Shathraxi,crushridge,1596,priest,discipline,69,33,36
Ivorytiger,bleeding-hollow,1596,priest,discipline,42,19,23
Takethat,emerald-dream,1595,priest,discipline,90,58,32
Jabreez,illidan,1595,priest,discipline,71,43,28
Zombiz,tichondrius,1595,priest,discipline,83,45,38
Incisions,moon-guard,1595,priest,discipline,120,65,55
Ruffhouz,tichondrius,1595,priest,discipline,269,145,124
Serenewisp,tichondrius,1595,priest,discipline,101,48,53
Derpmodé,staghelm,1595,priest,discipline,78,36,42
Akuhei,illidan,1594,priest,discipline,30,20,10
Tajee,area-52,1594,priest,discipline,454,239,215
Purgen,tichondrius,1594,priest,discipline,88,46,42
Onezor,frostmourne,1594,priest,discipline,78,39,39
Somefire,proudmoore,1594,priest,discipline,262,127,135
Gummachine,tichondrius,1594,priest,discipline,36,17,19
Comana,frostmourne,1594,priest,discipline,53,25,28
Educated,tichondrius,1594,priest,discipline,68,29,39
Datspice,stormrage,1593,priest,discipline,36,21,15
Blacklog,darkspear,1593,priest,discipline,50,25,25
Fila,azralon,1593,priest,discipline,72,34,38
Ariês,tichondrius,1593,priest,discipline,60,22,38
Azurestorm,tichondrius,1592,priest,discipline,87,42,45
Döyöuliftbro,tichondrius,1592,priest,discipline,42,18,24
Vehex,malganis,1591,priest,discipline,30,20,10
Halliburton,illidan,1591,priest,discipline,314,170,144
Astalail,emerald-dream,1591,priest,discipline,40,21,19
Madhairy,ragnaros,1591,priest,discipline,234,121,113
Dellitor,illidan,1591,priest,discipline,65,33,32
Darenlor,tichondrius,1591,priest,discipline,165,82,83
Shunpei,ragnaros,1591,priest,discipline,114,52,62
Meepsw,stormrage,1590,priest,discipline,125,63,62
Aralia,ragnaros,1590,priest,discipline,152,76,76
Isteri,thrall,1590,priest,discipline,52,26,26
Emotionally,sargeras,1589,priest,discipline,30,20,10
Goo,boulderfist,1589,priest,discipline,54,33,21
Luthiene,area-52,1589,priest,discipline,263,141,122
Ooft,tichondrius,1589,priest,discipline,46,23,23
Lilbaldjosh,frostmourne,1589,priest,discipline,120,54,66
Sensitive,eitrigg,1588,priest,discipline,42,27,15
Daleyn,ragnaros,1588,priest,discipline,54,30,24
Rapturebtw,sargeras,1588,priest,discipline,36,18,18
Razledazzled,grizzly-hills,1588,priest,discipline,184,90,94
Raffimilk,tichondrius,1588,priest,discipline,45,22,23
Eggsdenny,illidan,1588,priest,discipline,36,17,19
Voidrachet,thrall,1588,priest,discipline,54,22,32
Bigolbush,moon-guard,1587,priest,discipline,42,25,17
Primael,tichondrius,1587,priest,discipline,40,18,22
Dreaminz,tichondrius,1586,priest,discipline,48,30,18
Hawtzp,stormrage,1586,priest,discipline,113,62,51
Motions,frostmourne,1586,priest,discipline,56,23,33
Medikhurts,bleeding-hollow,1585,priest,discipline,54,31,23
Playsoon,illidan,1585,priest,discipline,130,70,60
Swagraptor,stormreaver,1585,priest,discipline,204,107,97
Blobble,tichondrius,1585,priest,discipline,156,78,78
Hennywhite,sargeras,1585,priest,discipline,142,70,72
Akëla,nemesis,1585,priest,discipline,159,78,81
Tazzi,chromaggus,1584,priest,discipline,157,89,68
Effsinstinks,illidan,1584,priest,discipline,48,27,21
Orzington,laughing-skull,1584,priest,discipline,164,88,76
Smalltoad,lightnings-blade,1584,priest,discipline,58,30,28
Tý,frostmourne,1584,priest,discipline,54,24,30
Skwishee,illidan,1583,priest,discipline,112,60,52
Cigarillõ,thrall,1583,priest,discipline,35,17,18
Punisherror,area-52,1583,priest,discipline,82,36,46
Brezi,azralon,1582,priest,discipline,60,36,24
Psychic,bladefist,1582,priest,discipline,142,80,62
Safetyy,bleeding-hollow,1582,priest,discipline,50,27,23
Packa,khaz-modan,1582,priest,discipline,54,29,25
Croissånt,illidan,1582,priest,discipline,84,45,39
Takomochi,sargeras,1582,priest,discipline,47,23,24
Vanderbeek,frostmourne,1582,priest,discipline,84,39,45
Bisholan,frostwolf,1582,priest,discipline,97,43,54
Ananiel,moon-guard,1581,priest,discipline,60,38,22
Weapestrong,tichondrius,1581,priest,discipline,48,24,24
Kihlupr,frostmourne,1581,priest,discipline,76,35,41
Lovesthebox,frostmourne,1581,priest,discipline,168,76,92
Lonpriest,stormrage,1580,priest,discipline,336,168,168
Crawly,illidan,1580,priest,discipline,217,107,110
Gustavustus,barthilas,1580,priest,discipline,78,37,41
Kepp,korgath,1580,priest,discipline,141,63,78
Dasaq,sargeras,1580,priest,discipline,48,19,29
Mxst,frostmourne,1579,priest,discipline,24,20,4
Cringepriest,area-52,1579,priest,discipline,54,33,21
Jagita,kelthuzad,1579,priest,discipline,37,22,15
Faithmelter,stormrage,1579,priest,discipline,167,89,78
Jacksreturne,kelthuzad,1579,priest,discipline,620,317,303
Manryu,tichondrius,1579,priest,discipline,174,87,87
Csjy,illidan,1579,priest,discipline,78,37,41
Poonanixo,gundrak,1579,priest,discipline,52,24,28
Allysheedy,sargeras,1578,priest,discipline,78,44,34
Carti,bleeding-hollow,1578,priest,discipline,244,135,109
Cezure,stormrage,1578,priest,discipline,368,199,169
Catpictures,stormrage,1578,priest,discipline,60,29,31
Supôrte,nemesis,1577,priest,discipline,124,65,59
Zizziz,tichondrius,1577,priest,discipline,66,33,33
Mindseye,azgalor,1577,priest,discipline,180,78,102
Decastro,silvermoon,1576,priest,discipline,29,18,11
Lolweedbro,illidan,1576,priest,discipline,160,90,70
Someonesxy,aggramar,1576,priest,discipline,52,26,26
Staysmall,stormrage,1576,priest,discipline,42,19,23
Descubra,stormrage,1575,priest,discipline,102,60,42
Blindingstar,area-52,1575,priest,discipline,69,39,30
Ketapriest,frostmourne,1575,priest,discipline,142,67,75
Tokaru,frostmourne,1575,priest,discipline,62,29,33
Angeldawn,stormrage,1575,priest,discipline,64,26,38
Biggunsaint,icecrown,1575,priest,discipline,61,24,37
Mathits,frostmourne,1574,priest,discipline,36,20,16
Whateverbrah,tichondrius,1574,priest,discipline,63,29,34
Jodaa,sargeras,1574,priest,discipline,48,21,27
Fleshsack,area-52,1573,priest,discipline,30,17,13
Slippedadisc,kelthuzad,1573,priest,discipline,138,76,62
Blacklightz,korgath,1573,priest,discipline,133,67,66
Sacrimoney,sargeras,1573,priest,discipline,51,25,26
Skylark,bronzebeard,1573,priest,discipline,60,25,35
Cäpriestsunn,thrall,1572,priest,discipline,36,22,14
Somethingkoo,sargeras,1572,priest,discipline,95,56,39
Powerranger,senjin,1572,priest,discipline,46,26,20
Overpriest,ragnaros,1572,priest,discipline,40,22,18
Leliane,tichondrius,1572,priest,discipline,78,42,36
Jerome,tichondrius,1572,priest,discipline,129,68,61
Seriosity,kelthuzad,1572,priest,discipline,54,23,31
Anastasìá,barthilas,1572,priest,discipline,64,23,41
Archeo,area-52,1572,priest,discipline,60,19,41
Javox,drakkari,1571,priest,discipline,48,31,17
Madpriest,blades-edge,1571,priest,discipline,36,20,16
Bushybush,darkspear,1571,priest,discipline,120,63,57
Crizem,bleeding-hollow,1571,priest,discipline,260,127,133
Kiwioom,frostmourne,1570,priest,discipline,24,17,7
Kencyy,tichondrius,1570,priest,discipline,36,22,14
Suekmydisc,frostmourne,1570,priest,discipline,60,35,25
Cultxo,sargeras,1570,priest,discipline,128,70,58
Sharkbones,tichondrius,1570,priest,discipline,54,28,26
Eccentrixx,mannoroth,1570,priest,discipline,66,33,33
Dics,barthilas,1569,priest,discipline,48,31,17
Soõ,tichondrius,1569,priest,discipline,33,21,12
Lethalrosé,thrall,1569,priest,discipline,84,47,37
Curemeste,illidan,1569,priest,discipline,186,99,87
Hypes,korgath,1569,priest,discipline,169,87,82
Inkders,detheroc,1569,priest,discipline,70,35,35
Ngin,queldorei,1569,priest,discipline,48,24,24
Brxddx,sargeras,1569,priest,discipline,131,65,66
Ol,firetree,1569,priest,discipline,57,28,29
Ünagi,thrall,1569,priest,discipline,104,48,56
Zprist,illidan,1569,priest,discipline,72,29,43
Lelyna,stormrage,1568,priest,discipline,36,24,12
Holécriss,tichondrius,1568,priest,discipline,173,88,85
Lelenia,tichondrius,1568,priest,discipline,136,68,68
Aleana,ragnaros,1568,priest,discipline,60,28,32
Chinstrap,zuljin,1567,priest,discipline,48,33,15
Padrekevedø,azralon,1567,priest,discipline,42,27,15
Highasf,sargeras,1567,priest,discipline,90,52,38
Feymuhs,blackrock,1567,priest,discipline,90,48,42
Wallywanker,illidan,1567,priest,discipline,332,166,166
Itsmurphy,sargeras,1567,priest,discipline,156,72,84
Gospels,tichondrius,1566,priest,discipline,52,37,15
Googolplex,tichondrius,1566,priest,discipline,117,67,50
Lavenderism,moon-guard,1566,priest,discipline,138,73,65
Alex,boulderfist,1566,priest,discipline,207,100,107
Kflexx,hydraxis,1566,priest,discipline,158,64,94
Puttles,tichondrius,1566,priest,discipline,95,38,57
Havocshadows,deathwing,1565,priest,discipline,262,154,108
Marethelia,stonemaul,1565,priest,discipline,90,47,43
Woosanghong,tichondrius,1565,priest,discipline,159,77,82
Idolize,proudmoore,1565,priest,discipline,134,64,70
Epiipen,area-52,1565,priest,discipline,43,20,23
Vern,laughing-skull,1565,priest,discipline,114,47,67
Feivalentine,illidan,1565,priest,discipline,42,17,25
Yugewap,hyjal,1564,priest,discipline,262,144,118
Scarabless,bleeding-hollow,1564,priest,discipline,138,62,76
Twistèr,zuljin,1564,priest,discipline,107,46,61
Ppsp,azralon,1563,priest,discipline,47,27,20
Myles,alexstrasza,1563,priest,discipline,186,93,93
Soyul,tichondrius,1563,priest,discipline,47,19,28
Ricekak,haomarush,1562,priest,discipline,102,59,43
Sportsgloss,tichondrius,1562,priest,discipline,138,77,61
Indigojuly,sargeras,1562,priest,discipline,94,51,43
Samirah,arthas,1562,priest,discipline,96,47,49
Zortkis,garithos,1562,priest,discipline,58,25,33
Rustypinball,bleeding-hollow,1561,priest,discipline,117,66,51
Xillak,ragnaros,1561,priest,discipline,102,52,50
Bérzerk,dalvengyr,1561,priest,discipline,63,31,32
Jylertason,kelthuzad,1561,priest,discipline,58,26,32
Ggsaurusrex,area-52,1561,priest,discipline,96,40,56
Shangdi,tichondrius,1560,priest,discipline,41,25,16
Antifaithx,frostmourne,1560,priest,discipline,36,21,15
Verna,dunemaul,1560,priest,discipline,97,53,44
Holyvoice,wyrmrest-accord,1560,priest,discipline,75,40,35
Pootzy,malganis,1560,priest,discipline,95,42,53
Mosquito,tichondrius,1560,priest,discipline,54,19,35
Kazuret,ragnaros,1559,priest,discipline,295,149,146
Shadlo,chogall,1559,priest,discipline,65,30,35
Moustachío,stormrage,1559,priest,discipline,59,27,32
Melitele,magtheridon,1558,priest,discipline,36,21,15
Vanco,tichondrius,1558,priest,discipline,59,32,27
Twistinfate,hyjal,1558,priest,discipline,167,80,87
Bobelgum,emerald-dream,1557,priest,discipline,42,31,11
Qenq,tichondrius,1557,priest,discipline,30,17,13
Qmabayteckkl,tichondrius,1557,priest,discipline,71,39,32
Dontgome,proudmoore,1557,priest,discipline,42,21,21
Ropriest,frostmourne,1557,priest,discipline,59,29,30
Zelfina,arthas,1557,priest,discipline,42,20,22
Labraidor,tichondrius,1557,priest,discipline,216,100,116
Datdarnbéar,stormrage,1557,priest,discipline,54,25,29
Wonpaipri,frostmourne,1557,priest,discipline,116,52,64
Chocopp,illidan,1557,priest,discipline,78,33,45
Luxah,bloodhoof,1556,priest,discipline,51,31,20
Qoon,tichondrius,1556,priest,discipline,30,17,13
Halö,area-52,1556,priest,discipline,310,155,155
Gabanzyta,azralon,1556,priest,discipline,48,23,25
Vicara,moon-guard,1556,priest,discipline,129,57,72
Playdohxz,frostmourne,1556,priest,discipline,53,19,34
Senpriest,ragnaros,1555,priest,discipline,47,27,20
Inssania,ragnaros,1555,priest,discipline,71,35,36
Tarlonypp,malganis,1555,priest,discipline,45,22,23
Avashar,illidan,1555,priest,discipline,42,20,22
Lydra,ragnaros,1555,priest,discipline,255,121,134
Sinnskløft,tichondrius,1555,priest,discipline,56,23,33
Ringofvalor,lightnings-blade,1554,priest,discipline,208,112,96
Bugsbright,tichondrius,1554,priest,discipline,553,289,264
Josquin,illidan,1554,priest,discipline,120,60,60
Marantbourge,frostmourne,1554,priest,discipline,152,74,78
Cario,emerald-dream,1553,priest,discipline,45,24,21
Vullena,moon-guard,1553,priest,discipline,168,88,80
Shadowgobbo,thrall,1552,priest,discipline,78,38,40
Gilthðniel,quelthalas,1552,priest,discipline,231,111,120
Dreckie,sargeras,1552,priest,discipline,42,18,24
Vhexz,sargeras,1551,priest,discipline,134,84,50
Grannieslove,sargeras,1551,priest,discipline,48,28,20
Magazíne,tichondrius,1551,priest,discipline,42,23,19
Størmy,kiljaeden,1551,priest,discipline,312,161,151
Sorrowful,mannoroth,1550,priest,discipline,30,19,11
Thyrians,ragnaros,1550,priest,discipline,78,47,31
Bonoo,tichondrius,1550,priest,discipline,431,220,211
Rourk,medivh,1550,priest,discipline,200,101,99
Criminalsp,frostmourne,1550,priest,discipline,42,19,23
Unisia,tichondrius,1550,priest,discipline,98,41,57
Rebzyyx,tichondrius,1549,priest,discipline,38,25,13
Yuntingmingo,tichondrius,1549,priest,discipline,30,18,12
Rousesz,ragnaros,1549,priest,discipline,42,23,19
Önagashøw,azralon,1549,priest,discipline,277,140,137
Dædrà,stormrage,1549,priest,discipline,82,41,41
Disperse,vashj,1549,priest,discipline,203,98,105
Ròen,tichondrius,1549,priest,discipline,83,35,48
Imcringing,illidan,1548,priest,discipline,76,46,30
Alarantwo,magtheridon,1548,priest,discipline,34,20,14
Nisagerx,tichondrius,1548,priest,discipline,33,19,14
Voltstein,dalaran,1548,priest,discipline,287,148,139
Sineater,zuljin,1548,priest,discipline,101,52,49
Mudshadow,tichondrius,1548,priest,discipline,138,71,67
Noxientp,bleeding-hollow,1548,priest,discipline,90,46,44
Inerluna,tichondrius,1548,priest,discipline,75,31,44
Besó,proudmoore,1547,priest,discipline,204,113,91
Gankdez,kelthuzad,1547,priest,discipline,142,73,69
Azureslaps,tichondrius,1547,priest,discipline,218,109,109
Sevÿ,malygos,1547,priest,discipline,56,28,28
Famemolol,tichondrius,1547,priest,discipline,515,251,264
Frankoizz,quelthalas,1546,priest,discipline,121,64,57
Whitesharks,tichondrius,1546,priest,discipline,36,19,17
Bonnieron,frostmourne,1546,priest,discipline,107,56,51
Karebenniian,area-52,1546,priest,discipline,123,61,62
Discobish,sargeras,1546,priest,discipline,54,23,31
Kukion,uldum,1546,priest,discipline,66,27,39
Bóì,barthilas,1545,priest,discipline,36,26,10
Jtrxyz,tichondrius,1545,priest,discipline,30,18,12
Meditåtion,tichondrius,1545,priest,discipline,322,166,156
Ems,dawnbringer,1545,priest,discipline,255,126,129
Shadöwtest,quelthalas,1545,priest,discipline,113,49,64
Mse,eonar,1544,priest,discipline,87,48,39
Digop,azralon,1544,priest,discipline,53,25,28
Mïnðtrÿx,darkspear,1544,priest,discipline,48,21,27
Rondrica,stormscale,1543,priest,discipline,54,32,22
Bailez,malganis,1543,priest,discipline,87,49,38
Matics,tichondrius,1543,priest,discipline,62,33,29
Zivn,tichondrius,1543,priest,discipline,1000,517,483
Jazmiine,ragnaros,1543,priest,discipline,106,54,52
Nayng,tichondrius,1543,priest,discipline,223,111,112
Dawnsy,arygos,1543,priest,discipline,56,26,30
Vìní,azralon,1543,priest,discipline,120,55,65
Played,dark-iron,1543,priest,discipline,62,24,38
Happylonely,farstriders,1542,priest,discipline,33,20,13
Littlegiirl,illidan,1542,priest,discipline,42,18,24
Metick,illidan,1542,priest,discipline,48,18,30
Mfynch,sargeras,1541,priest,discipline,114,63,51
Makuwu,area-52,1541,priest,discipline,93,49,44
Healther,firetree,1541,priest,discipline,79,37,42
Slipzie,sargeras,1540,priest,discipline,95,55,40
Klowdz,burning-blade,1540,priest,discipline,346,183,163
Galestick,illidan,1540,priest,discipline,36,18,18
Holyhusky,area-52,1539,priest,discipline,60,38,22
Magicßoy,magtheridon,1539,priest,discipline,412,220,192
Goodvybes,tichondrius,1539,priest,discipline,95,48,47
Oyy,barthilas,1539,priest,discipline,132,61,71
Akayayuelol,tichondrius,1538,priest,discipline,37,28,9
Saentha,sargeras,1538,priest,discipline,80,42,38
Healaryduff,skullcrusher,1538,priest,discipline,63,33,30
Bryelx,ragnaros,1538,priest,discipline,348,176,172
Priestykro,stormrage,1538,priest,discipline,73,32,41
Mutilla,tichondrius,1537,priest,discipline,32,22,10
Shadowdaddy,barthilas,1537,priest,discipline,96,55,41
Shonkee,tichondrius,1537,priest,discipline,63,35,28
Daddydoeet,zuljin,1537,priest,discipline,60,32,28
Yangpriest,malfurion,1537,priest,discipline,51,26,25
Koizs,frostmourne,1537,priest,discipline,93,46,47
Babirygen,khaz-modan,1537,priest,discipline,48,23,25
Lifeswaplol,kelthuzad,1536,priest,discipline,66,36,30
Calientaeggs,drakkari,1536,priest,discipline,382,202,180
Katlø,stormrage,1536,priest,discipline,133,70,63
Valdurai,stormrage,1536,priest,discipline,56,28,28
Psyclicker,zuljin,1536,priest,discipline,47,23,24
Nopang,tichondrius,1536,priest,discipline,200,89,111
Priestsz,stormrage,1535,priest,discipline,169,90,79
Ptam,tichondrius,1535,priest,discipline,40,19,21
Mattkoster,mannoroth,1535,priest,discipline,44,17,27
Djdarkxd,bleeding-hollow,1534,priest,discipline,24,16,8
Nesx,azuremyst,1534,priest,discipline,84,49,35
Hoshx,sargeras,1534,priest,discipline,110,61,49
Shadowglezy,area-52,1534,priest,discipline,113,62,51
Dopeyspriest,area-52,1534,priest,discipline,50,24,26
Maid,demon-soul,1534,priest,discipline,63,28,35
Saviorr,dalaran,1534,priest,discipline,84,37,47
Anastasiá,barthilas,1534,priest,discipline,48,21,27
Asmødeus,bleeding-hollow,1533,priest,discipline,42,24,18
Baìter,zuljin,1533,priest,discipline,89,47,42
Priesmatco,area-52,1533,priest,discipline,81,40,41
Elcidd,tichondrius,1533,priest,discipline,36,16,20
Life,thrall,1532,priest,discipline,179,88,91
Zsofi,rivendare,1532,priest,discipline,116,54,62
Fámóus,stormrage,1532,priest,discipline,118,47,71
Xøspëélls,ragnaros,1531,priest,discipline,42,32,10
Wbu,frostmourne,1531,priest,discipline,28,17,11
Ulilah,barthilas,1531,priest,discipline,42,24,18
Minii,tichondrius,1531,priest,discipline,141,76,65
Pryst,bonechewer,1531,priest,discipline,54,28,26
Bubblebuddí,tichondrius,1531,priest,discipline,74,38,36
Vañity,malganis,1531,priest,discipline,66,33,33
Drupmonst,dalaran,1531,priest,discipline,107,51,56
Nonbinary,trollbane,1531,priest,discipline,60,26,34
Boujeeheals,darkspear,1530,priest,discipline,60,28,32
Jizonya,tichondrius,1530,priest,discipline,48,17,31
Aríola,frostmourne,1529,priest,discipline,69,37,32
Word,korgath,1529,priest,discipline,30,16,14
Rhima,tichondrius,1529,priest,discipline,145,73,72
Siddhar,illidan,1529,priest,discipline,79,37,42
Sennaj,sargeras,1529,priest,discipline,65,24,41
Truce,moon-guard,1528,priest,discipline,77,39,38
Bigwap,illidan,1528,priest,discipline,66,30,36
Epijho,area-52,1527,priest,discipline,42,25,17
Marmintor,stormrage,1527,priest,discipline,30,16,14
Luxury,blackrock,1527,priest,discipline,60,30,30
Sasaberry,frostmourne,1527,priest,discipline,175,86,89
Ankhxiety,area-52,1527,priest,discipline,89,42,47
Ivf,darrowmere,1527,priest,discipline,194,91,103
Chillaxin,dreadmaul,1526,priest,discipline,72,39,33
Fearnought,stormrage,1526,priest,discipline,260,134,126
Spacecowboyz,stormrage,1526,priest,discipline,84,42,42
Notjo,sargeras,1526,priest,discipline,48,23,25
Mastahspell,illidan,1526,priest,discipline,36,16,20
Gonchar,bleeding-hollow,1526,priest,discipline,60,26,34
Dabaksp,area-52,1525,priest,discipline,75,39,36
Voidmutex,emerald-dream,1525,priest,discipline,59,30,29
Ghostchant,thrall,1525,priest,discipline,41,20,21
Jugeumx,proudmoore,1525,priest,discipline,60,24,36
Cexcexyomi,tichondrius,1524,priest,discipline,100,53,47
Thranduil,kiljaeden,1524,priest,discipline,166,87,79
Rómmul,azralon,1524,priest,discipline,71,34,37
Psÿçhë,stormrage,1524,priest,discipline,36,16,20
Shalters,area-52,1523,priest,discipline,78,43,35
Sonofbetch,emerald-dream,1523,priest,discipline,55,30,25
Swiggster,thrall,1523,priest,discipline,84,44,40
Hølycrit,icecrown,1523,priest,discipline,131,66,65
Bloodytears,kiljaeden,1523,priest,discipline,138,65,73
Junethegreat,tichondrius,1523,priest,discipline,42,16,26
Ricopri,frostmourne,1522,priest,discipline,36,23,13
Justashadow,zangarmarsh,1522,priest,discipline,187,101,86
Extel,sargeras,1522,priest,discipline,65,34,31
Niurouchuan,tichondrius,1522,priest,discipline,123,60,63
Arkeyz,quelthalas,1522,priest,discipline,66,31,35
Zenobiai,hyjal,1521,priest,discipline,163,87,76
Peacewrench,moon-guard,1521,priest,discipline,172,86,86
Elysiana,wyrmrest-accord,1521,priest,discipline,66,33,33
Pheener,stormreaver,1521,priest,discipline,198,97,101
Magpul,arthas,1521,priest,discipline,36,16,20
Herder,zuljin,1520,priest,discipline,52,30,22
Angusb,sargeras,1520,priest,discipline,170,85,85
Ezzy,bleeding-hollow,1520,priest,discipline,54,27,27
Oneinurdome,moknathal,1520,priest,discipline,66,31,35
Kuroyanagi,ragnaros,1520,priest,discipline,96,45,51
Vegfem,dalaran,1520,priest,discipline,64,27,37
Intrav,malganis,1519,priest,discipline,29,18,11
Kwitty,tichondrius,1519,priest,discipline,185,102,83
Radackan,quelthalas,1519,priest,discipline,123,64,59
Tyksu,area-52,1519,priest,discipline,228,118,110
Preacharóund,frostmourne,1519,priest,discipline,230,119,111
Hideyason,area-52,1519,priest,discipline,60,31,29
Zllik,illidan,1519,priest,discipline,101,52,49
Manascythe,illidan,1519,priest,discipline,82,42,40
Friendzonefw,illidan,1519,priest,discipline,144,71,73
Blessrish,icecrown,1519,priest,discipline,66,31,35
Teamz,illidan,1519,priest,discipline,48,21,27
Remuni,tichondrius,1518,priest,discipline,36,20,16
Brakála,ragnaros,1518,priest,discipline,80,38,42
Juliusceazer,skywall,1517,priest,discipline,188,111,77
Fallenumbra,area-52,1517,priest,discipline,99,57,42
Juckerr,tichondrius,1517,priest,discipline,257,134,123
Ytrexious,stormreaver,1517,priest,discipline,54,26,28
Joní,malganis,1517,priest,discipline,41,18,23
Melancholies,moon-guard,1517,priest,discipline,43,18,25
Ilickdeadppl,sargeras,1516,priest,discipline,88,50,38
Swapsy,illidan,1516,priest,discipline,53,29,24
Fanatic,nemesis,1516,priest,discipline,560,289,271
Growth,fizzcrank,1516,priest,discipline,113,53,60
Vels,blackrock,1515,priest,discipline,30,18,12
Justanoutlaw,darkspear,1515,priest,discipline,156,86,70
Kuriyasu,emerald-dream,1515,priest,discipline,275,148,127
Dsls,daggerspine,1515,priest,discipline,30,16,14
Jaindoe,illidan,1515,priest,discipline,261,138,123
Vemilli,tichondrius,1515,priest,discipline,130,66,64
Somnix,emerald-dream,1515,priest,discipline,192,96,96
Defilex,tichondrius,1514,priest,discipline,56,39,17
Kelsxö,tichondrius,1514,priest,discipline,41,25,16
Shnítzel,thrall,1514,priest,discipline,168,89,79
Flatëarth,tichondrius,1514,priest,discipline,484,244,240
Vonyka,area-52,1514,priest,discipline,48,23,25
Mettypws,tichondrius,1513,priest,discipline,101,45,56
Artiannaa,bleeding-hollow,1512,priest,discipline,162,93,69
Mombi,bloodhoof,1512,priest,discipline,48,25,23
Gustáv,sargeras,1512,priest,discipline,72,37,35
Ulzaar,nerzhul,1511,priest,discipline,89,37,52
Bloottyy,proudmoore,1511,priest,discipline,66,25,41
Bradythree,moon-guard,1510,priest,discipline,44,23,21
Ajazz,zuljin,1510,priest,discipline,64,32,32
Elfiê,moon-guard,1510,priest,discipline,36,17,19
Calcifer,drakkari,1510,priest,discipline,48,22,26
Zroheals,illidan,1510,priest,discipline,107,48,59
Badhabit,zuluhed,1510,priest,discipline,161,71,90
Huevos,blackwing-lair,1509,priest,discipline,168,91,77
Agraheals,barthilas,1509,priest,discipline,42,22,20
Halfcutt,tichondrius,1509,priest,discipline,138,65,73
Hermeneutic,illidan,1509,priest,discipline,75,33,42
Myds,sargeras,1508,priest,discipline,30,24,6
Unagidrop,malganis,1508,priest,discipline,28,18,10
Xtty,thrall,1508,priest,discipline,55,31,24
Pipete,frostmourne,1508,priest,discipline,192,108,84
Vacyle,azralon,1508,priest,discipline,180,98,82
Aleykz,illidan,1508,priest,discipline,101,54,47
Ballzach,ysera,1508,priest,discipline,197,102,95
Absørptiøn,area-52,1508,priest,discipline,413,209,204
Relaax,illidan,1508,priest,discipline,101,49,52
Mandymuze,barthilas,1508,priest,discipline,77,37,40
Lethø,silvermoon,1508,priest,discipline,36,16,20
Jatral,azralon,1508,priest,discipline,100,42,58
Lildeen,area-52,1507,priest,discipline,44,26,18
Billzerian,nemesis,1507,priest,discipline,141,75,66
Kessavannell,frostwolf,1506,priest,discipline,174,93,81
Ndeezy,malganis,1506,priest,discipline,30,16,14
Rasputîn,tichondrius,1506,priest,discipline,35,18,17
Sadistic,hyjal,1506,priest,discipline,142,72,70
Tomseleck,frostmourne,1506,priest,discipline,53,23,30
Diskope,kelthuzad,1505,priest,discipline,24,16,8
Diableero,barthilas,1505,priest,discipline,118,63,55
Absorbn,barthilas,1505,priest,discipline,30,16,14
Dadcantdeath,frostmourne,1504,priest,discipline,93,51,42
Yaholyfather,aerie-peak,1504,priest,discipline,30,16,14
Amarexlol,stormrage,1504,priest,discipline,66,35,31
Thadino,nagrand,1504,priest,discipline,132,65,67
Hellsembrace,lightbringer,1504,priest,discipline,47,20,27
Santhiel,ragnaros,1504,priest,discipline,60,24,36
Aleistria,emerald-dream,1503,priest,discipline,60,37,23
Saren,dethecus,1503,priest,discipline,92,55,37
Ipód,tichondrius,1503,priest,discipline,133,75,58
Lexaprö,moon-guard,1503,priest,discipline,82,46,36
Høllywood,nazgrel,1503,priest,discipline,82,42,40
Khaoticdark,stormrage,1502,priest,discipline,42,23,19
Sëv,stormrage,1502,priest,discipline,53,22,31
Jamesxupttv,draenor,1501,priest,discipline,88,50,38
Artista,quelthalas,1501,priest,discipline,100,54,46
Brian,lightnings-blade,1501,priest,discipline,64,34,30
Yoozi,sargeras,1501,priest,discipline,126,63,63
Prettyxelinz,barthilas,1501,priest,discipline,50,20,30
Sublîme,sargeras,1500,priest,discipline,129,75,54
Xtri,kelthuzad,1500,priest,discipline,36,19,17
Winss,tichondrius,1500,priest,discipline,244,124,120
Braffuki,frostmourne,1500,priest,discipline,107,54,53
Xîîaotong,tichondrius,1499,priest,discipline,43,27,16
Sibble,boulderfist,1499,priest,discipline,185,91,94
Slumpbusterx,bonechewer,1499,priest,discipline,373,183,190
Erinzdern,quelthalas,1499,priest,discipline,98,47,51
Temnah,sargeras,1499,priest,discipline,56,26,30
Shunio,illidan,1499,priest,discipline,60,25,35
Vexyy,tichondrius,1498,priest,discipline,56,36,20
Thelondon,tichondrius,1498,priest,discipline,45,25,20
Jpray,bleeding-hollow,1498,priest,discipline,121,65,56
Velastirra,saurfang,1498,priest,discipline,560,291,269
Delrey,sargeras,1498,priest,discipline,56,28,28
Fäñcÿ,tichondrius,1498,priest,discipline,43,21,22
Daburnz,bleeding-hollow,1498,priest,discipline,156,76,80
Ketaminè,tichondrius,1497,priest,discipline,66,37,29
Mistàclean,tichondrius,1497,priest,discipline,101,51,50
Yorp,tichondrius,1497,priest,discipline,72,36,36
Wiñtér,tichondrius,1497,priest,discipline,60,29,31
Nelfpriest,khadgar,1497,priest,discipline,101,48,53
Thottee,bleeding-hollow,1497,priest,discipline,120,55,65
Valixia,sargeras,1497,priest,discipline,96,44,52
Venustas,daggerspine,1497,priest,discipline,72,29,43
Athlete,magtheridon,1496,priest,discipline,33,16,17
Kalilol,tichondrius,1496,priest,discipline,145,68,77
Docpriestelf,kelthuzad,1496,priest,discipline,54,23,31
Doutoodou,tichondrius,1495,priest,discipline,94,55,39
Icykal,tichondrius,1495,priest,discipline,36,20,16
Mtito,drakkari,1495,priest,discipline,49,27,22
Billymaays,azgalor,1495,priest,discipline,175,96,79
Penummbra,frostmourne,1495,priest,discipline,30,16,14
Mortteus,agamaggan,1495,priest,discipline,88,44,44
Legó,illidan,1495,priest,discipline,78,38,40
Saelvar,ragnaros,1494,priest,discipline,118,69,49
Lily,blackrock,1494,priest,discipline,48,26,22
Oncemore,khazgoroth,1494,priest,discipline,48,24,24
Inveritu,kiljaeden,1494,priest,discipline,59,28,31
Späcehulk,illidan,1494,priest,discipline,55,22,33
Sgiath,alleria,1493,priest,discipline,42,30,12
Rvxy,tichondrius,1493,priest,discipline,145,82,63
Healthreat,area-52,1493,priest,discipline,76,42,34
Twinkøgøâøàd,azralon,1493,priest,discipline,30,16,14
Weezyxo,tichondrius,1493,priest,discipline,46,19,27
Ðohko,ragnaros,1492,priest,discipline,60,36,24
Phasmaaxd,tichondrius,1492,priest,discipline,95,51,44
Dbod,tichondrius,1492,priest,discipline,251,126,125
Bubblerwrapp,malganis,1492,priest,discipline,36,17,19
Rezee,kelthuzad,1491,priest,discipline,28,17,11
Zachlol,area-52,1491,priest,discipline,120,65,55
Kountchocula,illidan,1491,priest,discipline,60,30,30
Cobjr,frostmourne,1490,priest,discipline,52,29,23
Saintclac,illidan,1489,priest,discipline,64,41,23
Somberr,dalaran,1489,priest,discipline,47,26,21
Renewed,frostmourne,1489,priest,discipline,97,52,45
Sensaye,dalaran,1489,priest,discipline,229,113,116
Amaranth,the-forgotten-coast,1489,priest,discipline,107,52,55
Alelith,quelthalas,1489,priest,discipline,59,27,32
Akåsha,zuljin,1489,priest,discipline,130,59,71
Linkolln,sargeras,1488,priest,discipline,42,28,14
Winnzhor,bonechewer,1488,priest,discipline,124,71,53
Discobluntzz,tichondrius,1488,priest,discipline,60,34,26
Lavazzå,tichondrius,1488,priest,discipline,71,37,34
Kiritomauti,ragnaros,1488,priest,discipline,64,31,33
Ruminationz,stormrage,1488,priest,discipline,286,135,151
Constin,doomhammer,1487,priest,discipline,60,32,28
Watchemeyolo,tichondrius,1487,priest,discipline,66,35,31
Flexxwzkaboo,thrall,1487,priest,discipline,98,51,47
Luxyel,azralon,1487,priest,discipline,149,65,84
Nêcrô,tichondrius,1486,priest,discipline,34,20,14
Windroseh,proudmoore,1486,priest,discipline,60,32,28
Aerdaras,illidan,1485,priest,discipline,80,36,44
Ransomm,tichondrius,1484,priest,discipline,69,41,28
Drully,moon-guard,1484,priest,discipline,172,86,86
Alëssana,illidan,1484,priest,discipline,134,65,69
Chernota,kiljaeden,1484,priest,discipline,108,52,56
Griddly,alterac-mountains,1483,priest,discipline,108,57,51
Kaguyä,ragnaros,1483,priest,discipline,117,58,59
Dingldangle,tichondrius,1483,priest,discipline,144,70,74
Arzaei,quelthalas,1483,priest,discipline,130,61,69
Prff,ragnaros,1483,priest,discipline,42,19,23
Remusha,dalaran,1483,priest,discipline,48,18,30
Minimelo,stormrage,1482,priest,discipline,41,22,19
Trickyhobo,area-52,1482,priest,discipline,151,80,71
Rháényra,tichondrius,1482,priest,discipline,48,25,23
Nottahealer,anvilmar,1482,priest,discipline,42,20,22
Lumia,quelthalas,1482,priest,discipline,45,19,26
Umbrous,ysera,1482,priest,discipline,88,37,51
Zælya,stormrage,1481,priest,discipline,30,18,12
Irritated,vashj,1481,priest,discipline,69,39,30
Opeli,stormrage,1481,priest,discipline,30,16,14
Iinu,tichondrius,1481,priest,discipline,137,72,65
Akovob,tichondrius,1481,priest,discipline,68,35,33
Lellos,tichondrius,1481,priest,discipline,66,32,34
Thiella,azralon,1481,priest,discipline,47,20,27
Antìdote,tichondrius,1480,priest,discipline,61,42,19
Sæýfír,illidan,1480,priest,discipline,80,50,30
Iivelaughluv,kiljaeden,1480,priest,discipline,99,56,43
Sinsuu,tichondrius,1480,priest,discipline,234,126,108
Dontstopxo,lightbringer,1480,priest,discipline,76,37,39
Toxictampax,azjolnerub,1480,priest,discipline,114,55,59
Triangle,draka,1480,priest,discipline,54,21,33
Sstar,area-52,1479,priest,discipline,24,16,8
Ibangedaqt,malganis,1479,priest,discipline,47,25,22
Eridan,moon-guard,1479,priest,discipline,83,44,39
Nvroom,illidan,1479,priest,discipline,55,28,27
Aumsi,illidan,1479,priest,discipline,104,48,56
Zhuyin,illidan,1478,priest,discipline,18,16,2
Bushwaker,darkspear,1478,priest,discipline,95,51,44
Chainsalight,stormrage,1478,priest,discipline,168,88,80
Tygrr,kelthuzad,1478,priest,discipline,36,18,18
Shakky,queldorei,1478,priest,discipline,90,43,47
Nolar,shadowmoon,1478,priest,discipline,126,60,66
Saíth,thrall,1478,priest,discipline,35,16,19
Mørathy,ragnaros,1477,priest,discipline,72,46,26
Jinxaleyster,ragnaros,1477,priest,discipline,173,96,77
Thorzan,eredar,1477,priest,discipline,54,29,25
Chiri,tichondrius,1477,priest,discipline,36,19,17
Paare,stormrage,1477,priest,discipline,184,94,90
Shaylari,kelthuzad,1477,priest,discipline,225,110,115
Jilt,aerie-peak,1476,priest,discipline,114,67,47
Drhutchinson,illidan,1476,priest,discipline,36,21,15
Welovan,sargeras,1476,priest,discipline,122,67,55
Sadnez,illidan,1476,priest,discipline,187,102,85
Zerolyn,tichondrius,1476,priest,discipline,131,70,61
Zenfromwish,frostmourne,1476,priest,discipline,86,43,43
Marcuse,ragnaros,1476,priest,discipline,134,62,72
Mightydrëk,malganis,1475,priest,discipline,29,16,13
Bootycough,malganis,1475,priest,discipline,123,64,59
Daelynne,area-52,1475,priest,discipline,34,17,17
Boundword,emerald-dream,1475,priest,discipline,173,80,93
Bittyheals,illidan,1475,priest,discipline,48,22,26
Pretzah,barthilas,1474,priest,discipline,96,66,30
Elilium,tichondrius,1474,priest,discipline,99,56,43
Phayzz,area-52,1474,priest,discipline,147,78,69
Haizsu,tichondrius,1474,priest,discipline,77,38,39
Dumbboxx,emerald-dream,1474,priest,discipline,72,34,38
Visìons,tichondrius,1474,priest,discipline,66,30,36
Taboogie,tichondrius,1474,priest,discipline,108,45,63
Zarfel,ragnaros,1473,priest,discipline,30,18,12
Alyndral,illidan,1473,priest,discipline,50,29,21
Femìnazzi,ragnaros,1473,priest,discipline,96,53,43
Swagndragon,zuljin,1473,priest,discipline,86,42,44
Spacebeard,tichondrius,1472,priest,discipline,74,39,35
Benin,shattered-hand,1472,priest,discipline,54,28,26
Greymatterx,tichondrius,1472,priest,discipline,72,36,36
Littledog,velen,1472,priest,discipline,136,67,69
Shaytyme,tichondrius,1472,priest,discipline,98,43,55
Talripington,area-52,1471,priest,discipline,41,25,16
Arianthe,darrowmere,1471,priest,discipline,56,26,30
Confesiional,area-52,1471,priest,discipline,71,32,39
Pics,emerald-dream,1471,priest,discipline,60,27,33
Priestmass,dalaran,1471,priest,discipline,40,16,24
Sargasm,darkspear,1470,priest,discipline,27,19,8
Bigtimeplay,tichondrius,1470,priest,discipline,42,25,17
Jasonlol,sargeras,1470,priest,discipline,64,38,26
Gommacura,stormrage,1470,priest,discipline,474,238,236
Merkinhealz,darkspear,1470,priest,discipline,126,63,63
Ÿsk,tichondrius,1470,priest,discipline,310,152,158
Kiddonia,whisperwind,1470,priest,discipline,51,25,26
Compromise,the-scryers,1470,priest,discipline,111,52,59
Suitoo,ragnaros,1470,priest,discipline,78,34,44
Travoidicus,wyrmrest-accord,1469,priest,discipline,109,55,54
Apâthy,area-52,1469,priest,discipline,75,35,40
Melsebek,stormrage,1469,priest,discipline,64,27,37
Nocturnalx,moon-guard,1468,priest,discipline,145,90,55
Brotatochip,andorhal,1468,priest,discipline,55,29,26
Zerola,sargeras,1468,priest,discipline,71,34,37
Pilixil,bleeding-hollow,1468,priest,discipline,90,42,48
Dorashadows,tichondrius,1467,priest,discipline,24,17,7
Joneski,malganis,1467,priest,discipline,30,20,10
Photos,stormrage,1467,priest,discipline,186,105,81
Sandfire,thrall,1467,priest,discipline,30,16,14
Stargoddess,illidan,1467,priest,discipline,168,84,84
Vezaxx,barthilas,1467,priest,discipline,255,127,128
Krymze,tichondrius,1467,priest,discipline,36,16,20
Chirimoyacon,ragnaros,1466,priest,discipline,36,25,11
Saxy,quelthalas,1466,priest,discipline,68,38,30
Sistamaggie,bleeding-hollow,1466,priest,discipline,111,58,53
Clancygilroy,thrall,1466,priest,discipline,108,56,52
Blodwell,illidan,1466,priest,discipline,133,67,66
Skyzaddie,area-52,1466,priest,discipline,91,43,48
Sterycraiied,stormreaver,1465,priest,discipline,122,77,45
Basisc,frostmourne,1465,priest,discipline,219,122,97
Whehaw,kelthuzad,1465,priest,discipline,143,71,72
Kimjongdots,illidan,1465,priest,discipline,118,58,60
Priesteen,tichondrius,1465,priest,discipline,54,25,29
Aizetsu,sargeras,1464,priest,discipline,36,21,15
Irais,ragnaros,1464,priest,discipline,69,35,34
Emytoty,ragnaros,1464,priest,discipline,238,120,118
Tbirdpriest,tichondrius,1463,priest,discipline,58,31,27
Feltsmaces,shadowmoon,1463,priest,discipline,132,57,75
Jubalie,guldan,1462,priest,discipline,69,36,33
Joichua,sargeras,1462,priest,discipline,83,43,40
Gén,arathor,1462,priest,discipline,68,34,34
Oniizanagi,thrall,1462,priest,discipline,42,21,21
Yeyoz,tichondrius,1462,priest,discipline,124,60,64
Tmchicken,tichondrius,1462,priest,discipline,42,20,22
Sâishâ,proudmoore,1462,priest,discipline,200,86,114
Blavkata,area-52,1462,priest,discipline,76,30,46
Tallshiraz,destromath,1461,priest,discipline,76,46,30
Holypuffs,burning-legion,1461,priest,discipline,77,35,42
Peristalsis,nesingwary,1461,priest,discipline,42,19,23
Bloodify,azralon,1461,priest,discipline,121,54,67
Syfy,thrall,1461,priest,discipline,114,48,66
Joktips,proudmoore,1460,priest,discipline,174,94,80
Kristyenna,boulderfist,1459,priest,discipline,54,27,27
Forprophet,proudmoore,1459,priest,discipline,76,35,41
Stynke,bleeding-hollow,1459,priest,discipline,90,31,59
Zaemyn,dalaran,1458,priest,discipline,50,22,28
Kafarmer,frostmourne,1457,priest,discipline,119,68,51
Exgirlfren,tichondrius,1457,priest,discipline,30,16,14
Tiskka,magtheridon,1457,priest,discipline,80,37,43
Faxingberlin,sargeras,1457,priest,discipline,94,41,53
Fleshliight,area-52,1456,priest,discipline,51,31,20
Shykaii,azralon,1456,priest,discipline,108,61,47
Tiannatrump,stormrage,1455,priest,discipline,65,37,28
Sappes,area-52,1455,priest,discipline,200,110,90
Icetraygang,suramar,1455,priest,discipline,491,259,232
Neuro,barthilas,1455,priest,discipline,70,36,34
Rrain,proudmoore,1455,priest,discipline,95,48,47
Sauile,kelthuzad,1454,priest,discipline,192,105,87
Dib,arathor,1454,priest,discipline,60,31,29
Solkadp,tichondrius,1454,priest,discipline,34,16,18
Hysteria,dalaran,1454,priest,discipline,76,35,41
Modotszilla,bleeding-hollow,1454,priest,discipline,36,16,20
Empty,frostmourne,1453,priest,discipline,30,22,8
Bårriër,darkspear,1453,priest,discipline,29,17,12
Grimspriest,moon-guard,1453,priest,discipline,47,23,24
Aubieheal,malygos,1452,priest,discipline,91,50,41
Akash,ragnaros,1452,priest,discipline,71,39,32
Zeusqt,azralon,1452,priest,discipline,182,96,86
Idhealthat,tichondrius,1452,priest,discipline,44,23,21
Jjojae,illidan,1452,priest,discipline,40,20,20
Xarid,moon-guard,1451,priest,discipline,48,31,17
Tonesandi,malganis,1451,priest,discipline,42,27,15
Nek,malganis,1451,priest,discipline,115,67,48
Noblesx,illidan,1451,priest,discipline,54,30,24
Ååron,illidan,1451,priest,discipline,100,53,47
Shiikari,terenas,1451,priest,discipline,42,21,21
Helianna,whisperwind,1451,priest,discipline,247,123,124
Beastpriest,dalvengyr,1451,priest,discipline,47,20,27
Spookynun,moon-guard,1450,priest,discipline,216,122,94
Janna,jubeithos,1450,priest,discipline,48,21,27
Sjah,whisperwind,1450,priest,discipline,83,34,49
Bedläm,kilrogg,1449,priest,discipline,84,44,40
Nerfdisc,azralon,1449,priest,discipline,171,87,84
Helarix,malganis,1449,priest,discipline,276,134,142
Scræm,sargeras,1449,priest,discipline,200,94,106
Eirua,proudmoore,1449,priest,discipline,78,35,43
Spazmode,malganis,1448,priest,discipline,81,43,38
Alexsp,amanthul,1448,priest,discipline,132,70,62
Chaxiubao,stormrage,1447,priest,discipline,29,17,12
Caèlum,area-52,1447,priest,discipline,54,28,26
Velzirya,zuljin,1447,priest,discipline,89,39,50
Newchaos,hakkar,1446,priest,discipline,40,24,16
Nogetget,frostmourne,1446,priest,discipline,54,32,22
Leviosa,bleeding-hollow,1446,priest,discipline,50,29,21
Battlemage,magtheridon,1446,priest,discipline,111,58,53
Mileslol,azgalor,1446,priest,discipline,68,34,34
Supski,destromath,1446,priest,discipline,42,21,21
Esciel,ragnaros,1446,priest,discipline,170,74,96
Krillan,ysera,1445,priest,discipline,120,61,59
Mkowns,tichondrius,1445,priest,discipline,130,65,65
Augustrox,ragnaros,1445,priest,discipline,164,78,86
Biomadd,hellscream,1445,priest,discipline,80,34,46
Aloo,zuljin,1444,priest,discipline,57,37,20
Iavenderism,moon-guard,1444,priest,discipline,60,32,28
What,moon-guard,1444,priest,discipline,150,79,71
Fakechow,nathrezim,1444,priest,discipline,139,71,68
Xeras,misha,1444,priest,discipline,65,29,36
Snoog,tichondrius,1444,priest,discipline,60,20,40
Exanthrope,stormrage,1443,priest,discipline,24,16,8
Knowknows,tichondrius,1443,priest,discipline,59,26,33
Jeresh,sargeras,1443,priest,discipline,65,21,44
Napzz,sargeras,1442,priest,discipline,51,30,21
Triggaz,tichondrius,1442,priest,discipline,174,91,83
Shadowdoc,illidan,1442,priest,discipline,57,29,28
Chervz,chogall,1442,priest,discipline,36,16,20
Bakøo,tichondrius,1441,priest,discipline,67,39,28
Easypriest,tichondrius,1441,priest,discipline,96,50,46
Sreykalip,frostmourne,1441,priest,discipline,48,24,24
Tëmpting,moon-guard,1441,priest,discipline,68,33,35
Voidathon,sargeras,1441,priest,discipline,36,17,19
Shadowblax,thrall,1441,priest,discipline,166,78,88
Yanye,tichondrius,1441,priest,discipline,176,82,94
Exigyo,quelthalas,1440,priest,discipline,57,36,21
Sunenergy,tichondrius,1440,priest,discipline,124,65,59
Punkndrublic,sargeras,1440,priest,discipline,129,66,63
Docmcstufins,darkspear,1440,priest,discipline,65,31,34
Ínfocus,area-52,1440,priest,discipline,138,65,73
Zhatfko,illidan,1440,priest,discipline,78,31,47
Rhayzel,ragnaros,1439,priest,discipline,229,128,101
Peeinbottles,stormrage,1439,priest,discipline,45,25,20
Pissgóblin,stormrage,1439,priest,discipline,30,15,15
Ïndis,ragnaros,1439,priest,discipline,82,36,46
Axelrod,tichondrius,1439,priest,discipline,84,36,48
Scrubx,malganis,1438,priest,discipline,18,15,3
Bohomag,tichondrius,1438,priest,discipline,24,15,9
Roentgen,sargeras,1438,priest,discipline,24,15,9
Zawi,zuljin,1438,priest,discipline,145,76,69
Angelicus,ragnaros,1438,priest,discipline,464,243,221
Silnetlee,tichondrius,1438,priest,discipline,79,40,39
Mäe,nemesis,1438,priest,discipline,77,34,43
Mason,winterhoof,1437,priest,discipline,24,15,9
Tartapelle,zuljin,1437,priest,discipline,102,54,48
Miaria,chogall,1437,priest,discipline,138,69,69
Joesus,kelthuzad,1437,priest,discipline,38,17,21
Melidrisande,wyrmrest-accord,1437,priest,discipline,40,15,25
Arfaxad,quelthalas,1436,priest,discipline,18,15,3
Càptain,moon-guard,1436,priest,discipline,33,19,14
Miketython,chogall,1436,priest,discipline,33,18,15
Syruhl,tichondrius,1436,priest,discipline,35,16,19
Inot,nemesis,1436,priest,discipline,159,72,87
Howdaw,tichondrius,1436,priest,discipline,89,39,50
Hydra,ursin,1436,priest,discipline,99,42,57
Qmine,tichondrius,1436,priest,discipline,36,15,21
Pphill,aegwynn,1436,priest,discipline,54,22,32
Raakun,stormrage,1435,priest,discipline,30,16,14
Sliding,wyrmrest-accord,1435,priest,discipline,30,15,15
Flavorgrave,tichondrius,1435,priest,discipline,34,16,18
Earface,blades-edge,1435,priest,discipline,56,19,37
Addisonraee,tichondrius,1434,priest,discipline,18,15,3
Yea,shadow-council,1434,priest,discipline,33,22,11
Baali,moon-guard,1434,priest,discipline,41,27,14
Evpray,area-52,1434,priest,discipline,54,35,19
Xzliak,area-52,1434,priest,discipline,24,15,9
Hideyourkids,stormreaver,1434,priest,discipline,110,59,51
Mosarra,agamaggan,1434,priest,discipline,30,16,14
Luminous,moon-guard,1434,priest,discipline,137,73,64
Doesine,area-52,1434,priest,discipline,101,53,48
Heelznfeelz,tichondrius,1434,priest,discipline,69,35,34
Eavin,laughing-skull,1434,priest,discipline,544,274,270
Meatboxmoldy,blood-furnace,1434,priest,discipline,30,15,15
Detainedz,malganis,1434,priest,discipline,30,15,15
Randyortonn,tichondrius,1434,priest,discipline,48,23,25
Priestmode,garona,1434,priest,discipline,78,34,44
Snootlel,sargeras,1433,priest,discipline,24,15,9
Fashion,bleeding-hollow,1433,priest,discipline,60,34,26
Vampiric,laughing-skull,1433,priest,discipline,72,37,35
Giomoreno,tichondrius,1433,priest,discipline,30,15,15
Thalyssarah,azralon,1433,priest,discipline,59,28,31
Zaneshy,azralon,1433,priest,discipline,49,19,30
Amorus,illidan,1432,priest,discipline,60,40,20
Wøo,area-52,1432,priest,discipline,113,60,53
Necrodiva,magtheridon,1432,priest,discipline,84,43,41
Rôôk,kiljaeden,1432,priest,discipline,56,26,30
Fathersean,sargeras,1431,priest,discipline,24,15,9
Lullabya,tichondrius,1431,priest,discipline,24,15,9
Youngboys,stormreaver,1431,priest,discipline,102,54,48
Marshpillow,barthilas,1431,priest,discipline,331,161,170
Swu,tichondrius,1431,priest,discipline,44,18,26
Ðiviniti,moon-guard,1430,priest,discipline,82,48,34
Krané,area-52,1430,priest,discipline,87,48,39
Soméone,sargeras,1430,priest,discipline,260,136,124
Davinatrans,azralon,1430,priest,discipline,111,57,54
Zzay,burning-legion,1430,priest,discipline,36,17,19
Wincenn,moon-guard,1429,priest,discipline,24,15,9
Kwaremont,sargeras,1429,priest,discipline,30,15,15
Wale,akama,1429,priest,discipline,89,44,45
Iloveshannon,stormrage,1428,priest,discipline,77,46,31
Zènó,bleeding-hollow,1428,priest,discipline,42,25,17
Payperbuff,tichondrius,1428,priest,discipline,42,25,17
Tainna,quelthalas,1428,priest,discipline,78,44,34
ßlest,stormrage,1428,priest,discipline,174,96,78
Hínáta,kelthuzad,1428,priest,discipline,36,19,17
Elexy,tichondrius,1428,priest,discipline,72,37,35
Yótecuro,quelthalas,1428,priest,discipline,126,60,66
Beefoverload,durotan,1428,priest,discipline,177,83,94
Solestro,malganis,1428,priest,discipline,36,15,21
Floratil,ragnaros,1428,priest,discipline,78,32,46
Fleische,thrall,1427,priest,discipline,48,27,21
Jjløver,tichondrius,1427,priest,discipline,43,23,20
Bakí,hyjal,1427,priest,discipline,32,17,15
Coldphobia,uldum,1427,priest,discipline,263,138,125
Cherryfuzz,sargeras,1427,priest,discipline,89,45,44
Feedya,tichondrius,1427,priest,discipline,577,285,292
Scriptz,frostwolf,1427,priest,discipline,78,38,40
Pumtootoot,tichondrius,1427,priest,discipline,36,15,21
Celeztiah,area-52,1426,priest,discipline,24,15,9
Alphe,sargeras,1426,priest,discipline,42,25,17
Madjak,lightnings-blade,1426,priest,discipline,150,82,68
Popeofdope,queldorei,1426,priest,discipline,86,45,41
Tikel,ragnaros,1426,priest,discipline,117,61,56
Hugépenance,tichondrius,1425,priest,discipline,30,20,10
Voicekal,sargeras,1425,priest,discipline,77,41,36
Camisoda,smolderthorn,1425,priest,discipline,34,17,17
Teeds,stormrage,1425,priest,discipline,69,34,35
Wíckéd,frostmourne,1425,priest,discipline,57,23,34
Smileshadowx,frostmourne,1424,priest,discipline,39,21,18
Sinzex,tichondrius,1424,priest,discipline,90,46,44
Feloxi,lightnings-blade,1424,priest,discipline,148,68,80
Qtgirlsofine,bleeding-hollow,1424,priest,discipline,38,17,21
Aveil,bloodscalp,1423,priest,discipline,58,37,21
Roshik,stormrage,1423,priest,discipline,54,33,21
Nolan,drakkari,1423,priest,discipline,53,30,23
Anthoras,stormrage,1423,priest,discipline,84,47,37
Füuzin,stormrage,1423,priest,discipline,188,98,90
Prayf,area-52,1423,priest,discipline,304,148,156
Kayzen,frostmourne,1423,priest,discipline,48,23,25
Pungentonion,tichondrius,1423,priest,discipline,36,15,21
Zørb,area-52,1422,priest,discipline,54,31,23
Priøst,tichondrius,1422,priest,discipline,75,43,32
Amoureuxz,bleeding-hollow,1422,priest,discipline,35,20,15
Lebanese,frostmourne,1422,priest,discipline,54,30,24
Luanwanx,tichondrius,1422,priest,discipline,115,60,55
Orrphan,kiljaeden,1422,priest,discipline,30,15,15
Ohgiddyy,dalaran,1422,priest,discipline,79,38,41
Lauretânia,nemesis,1422,priest,discipline,203,95,108
Glorpy,proudmoore,1422,priest,discipline,60,27,33
Propagàndhi,daggerspine,1422,priest,discipline,176,77,99
Tyzrapture,illidan,1422,priest,discipline,53,21,32
Bloatie,zuljin,1421,priest,discipline,42,28,14
Kreon,tichondrius,1421,priest,discipline,24,16,8
Sïlvermoon,ravencrest,1421,priest,discipline,61,33,28
Sumrand,frostmourne,1421,priest,discipline,30,16,14
Betterheals,tichondrius,1421,priest,discipline,169,88,81
Izikial,illidan,1421,priest,discipline,54,27,27
Holycast,arygos,1420,priest,discipline,24,15,9
Aesudan,dalaran,1420,priest,discipline,93,52,41
Cheetos,draenor,1420,priest,discipline,65,35,30
Sentactic,illidan,1420,priest,discipline,33,17,16
Inmotion,tichondrius,1420,priest,discipline,30,15,15
Ariste,tichondrius,1420,priest,discipline,30,15,15
Compåctdisc,sargeras,1420,priest,discipline,78,37,41
Lîghtsaber,illidan,1420,priest,discipline,69,30,39
Kaeso,magtheridon,1420,priest,discipline,42,16,26
Malavidax,malganis,1419,priest,discipline,108,45,63
Jbtytime,proudmoore,1419,priest,discipline,42,15,27
Noopnoop,burning-blade,1418,priest,discipline,45,25,20
Dagónet,sargeras,1418,priest,discipline,78,41,37
Shufflnjoyer,sargeras,1418,priest,discipline,114,54,60
Endereth,skullcrusher,1418,priest,discipline,461,218,243
Holyish,proudmoore,1418,priest,discipline,42,19,23
Ammcho,tichondrius,1418,priest,discipline,42,16,26
Mørphina,azralon,1417,priest,discipline,48,30,18
Boycrazy,nerzhul,1417,priest,discipline,24,15,9
Ekros,illidan,1417,priest,discipline,40,23,17
Cléríc,moon-guard,1417,priest,discipline,268,136,132
Rufían,quelthalas,1417,priest,discipline,109,54,55
Puddín,area-52,1417,priest,discipline,96,47,49
Amarøth,illidan,1417,priest,discipline,36,17,19
Nidüz,stormrage,1417,priest,discipline,156,72,84
Nutsin,tichondrius,1417,priest,discipline,36,15,21
Tegridyfarm,malganis,1416,priest,discipline,24,15,9
Zäelly,moon-guard,1416,priest,discipline,198,100,98
Bent,gurubashi,1415,priest,discipline,41,22,19
Ayakoji,proudmoore,1415,priest,discipline,96,48,48
Sungji,tichondrius,1415,priest,discipline,30,15,15
Emmelly,whisperwind,1415,priest,discipline,113,50,63
Dtsgx,tichondrius,1414,priest,discipline,27,16,11
Thoughtcrime,doomhammer,1414,priest,discipline,102,59,43
Kayluhn,area-52,1414,priest,discipline,42,24,18
Muromsnel,proudmoore,1414,priest,discipline,132,65,67
Aubine,sargeras,1414,priest,discipline,41,15,26
Frogfrompad,tichondrius,1413,priest,discipline,95,55,40
Benedictüs,tichondrius,1413,priest,discipline,202,104,98
Nicety,skywall,1413,priest,discipline,68,32,36
Daluu,tichondrius,1413,priest,discipline,51,18,33
Feløre,quelthalas,1412,priest,discipline,51,32,19
Rompenepes,drakkari,1412,priest,discipline,48,27,21
Sýpha,dalaran,1412,priest,discipline,51,25,26
Pain,bloodscalp,1412,priest,discipline,38,18,20
Gwyneth,whisperwind,1412,priest,discipline,122,57,65
Raileight,illidan,1412,priest,discipline,56,25,31
Fatherjerry,kiljaeden,1411,priest,discipline,84,47,37
Hellagud,kargath,1411,priest,discipline,117,65,52
Humpbackz,tichondrius,1411,priest,discipline,58,32,26
Rëckful,area-52,1411,priest,discipline,830,417,413
Sierrastorms,moon-guard,1411,priest,discipline,30,15,15
Snoozemaster,cenarius,1411,priest,discipline,30,15,15
Posabilties,bleeding-hollow,1411,priest,discipline,42,20,22
Buqisama,barthilas,1411,priest,discipline,150,68,82
Karmatron,chogall,1411,priest,discipline,42,17,25
Macnabber,malganis,1410,priest,discipline,42,27,15
Finnabustt,tichondrius,1410,priest,discipline,149,70,79
Glassbones,kelthuzad,1410,priest,discipline,54,22,32
Taiji,whisperwind,1409,priest,discipline,41,31,10
Elsanto,stormrage,1409,priest,discipline,24,15,9
Mëïsoön,quelthalas,1409,priest,discipline,46,26,20
Specialed,wildhammer,1409,priest,discipline,82,43,39
Murdock,the-forgotten-coast,1409,priest,discipline,92,48,44
Draeneidiff,moon-guard,1408,priest,discipline,24,15,9
Chaøz,emerald-dream,1408,priest,discipline,71,44,27
Bandèl,tichondrius,1408,priest,discipline,54,32,22
Oomed,bonechewer,1408,priest,discipline,182,96,86
Mannius,tichondrius,1408,priest,discipline,178,85,93
Midoopriest,proudmoore,1408,priest,discipline,36,15,21
Verchou,shattered-hand,1408,priest,discipline,36,15,21
Fujinpriest,azralon,1408,priest,discipline,45,17,28
Grapeedrank,tichondrius,1407,priest,discipline,51,36,15
Kawin,goldrinn,1407,priest,discipline,101,54,47
Lumentusk,stormscale,1407,priest,discipline,64,31,33
Jaeza,azralon,1407,priest,discipline,93,45,48
Ünarû,illidan,1406,priest,discipline,120,65,55
Norastanne,moon-guard,1406,priest,discipline,65,34,31
Kurobankai,tichondrius,1406,priest,discipline,57,27,30
Unholyshield,frostmourne,1406,priest,discipline,40,18,22
Seáoflions,aggramar,1405,priest,discipline,24,15,9
Dmlx,frostmourne,1405,priest,discipline,156,90,66
Mateekie,malganis,1405,priest,discipline,72,40,32
Mangueroide,quelthalas,1405,priest,discipline,123,63,60
Chimiechurro,proudmoore,1405,priest,discipline,90,45,45
Namecusein,ragnaros,1405,priest,discipline,30,15,15
Akkassha,zuljin,1405,priest,discipline,48,22,26
Tryst,the-underbog,1404,priest,discipline,60,37,23
Chloangel,frostmourne,1404,priest,discipline,70,40,30
Dokthekim,frostmourne,1404,priest,discipline,80,43,37
Kuwapre,proudmoore,1404,priest,discipline,61,32,29
Abbot,zangarmarsh,1404,priest,discipline,269,141,128
Haø,stormrage,1404,priest,discipline,426,217,209
Accismus,khadgar,1404,priest,discipline,121,58,63
Sofluffy,burning-blade,1404,priest,discipline,77,35,42
Rxpriest,the-forgotten-coast,1403,priest,discipline,35,18,17
Idkhowtoheàl,darkspear,1403,priest,discipline,42,20,22
Teeprie,drakthul,1403,priest,discipline,41,18,23
Aybaby,kiljaeden,1402,priest,discipline,36,23,13
Kjpriest,kelthuzad,1402,priest,discipline,54,34,20
Therialjp,ragnaros,1402,priest,discipline,42,25,17
Izanemi,sargeras,1402,priest,discipline,71,39,32
Heladio,ragnaros,1402,priest,discipline,38,17,21
Discalaneous,tichondrius,1402,priest,discipline,45,20,25
Emotionless,bonechewer,1401,priest,discipline,163,90,73
Saegusa,tichondrius,1401,priest,discipline,94,46,48
Stoutqt,arthas,1400,priest,discipline,36,28,8
Bøness,area-52,1400,priest,discipline,187,97,90
Poine,tichondrius,1400,priest,discipline,85,44,41
Gðttlich,stormrage,1400,priest,discipline,56,26,30
Forsakenz,jaedenar,1400,priest,discipline,137,63,74
Stormìst,korgath,1399,priest,discipline,30,18,12
Pyta,frostmourne,1399,priest,discipline,88,46,42
Vøidroid,malganis,1399,priest,discipline,275,140,135
Fairlightpp,zuljin,1399,priest,discipline,101,48,53
Iol,spinebreaker,1399,priest,discipline,35,15,20
Coldvbs,barthilas,1398,priest,discipline,46,26,20
Zmpr,area-52,1397,priest,discipline,44,30,14
Moonarie,draka,1397,priest,discipline,42,25,17
Itsmaám,moon-guard,1397,priest,discipline,77,42,35
Mortaroth,doomhammer,1397,priest,discipline,66,33,33
Namemetwo,malganis,1397,priest,discipline,126,59,67
Holymagic,lightnings-blade,1396,priest,discipline,202,109,93
Undefiled,rexxar,1395,priest,discipline,143,81,62
Rabbix,aggramar,1395,priest,discipline,36,20,16
Noiri,aegwynn,1395,priest,discipline,45,24,21
Jacob,shadowmoon,1395,priest,discipline,171,82,89
Raggasoca,malganis,1395,priest,discipline,103,46,57
Vøíd,sargeras,1394,priest,discipline,41,23,18
Luffzie,barthilas,1394,priest,discipline,162,85,77
Prilance,hyjal,1394,priest,discipline,36,18,18
Laüren,ragnaros,1394,priest,discipline,109,49,60
Moneymurph,blackrock,1394,priest,discipline,50,19,31
Karminha,azralon,1393,priest,discipline,24,17,7
Holyjibs,moon-guard,1393,priest,discipline,61,40,21
Megdelight,deathwing,1393,priest,discipline,36,20,16
Icônz,malganis,1393,priest,discipline,59,31,28
Eatmyfear,quelthalas,1393,priest,discipline,283,140,143
Lilblackguys,stormrage,1393,priest,discipline,120,59,61
Voyou,icecrown,1393,priest,discipline,136,62,74
Bladam,bleeding-hollow,1393,priest,discipline,53,23,30
Oprawinfree,tichondrius,1392,priest,discipline,130,72,58
Smegmancer,korgath,1392,priest,discipline,101,47,54
Steefe,arygos,1392,priest,discipline,50,23,27
Uhatetoseeit,malganis,1392,priest,discipline,42,15,27
Letkidscome,archimonde,1391,priest,discipline,33,18,15
Ggums,tichondrius,1391,priest,discipline,108,54,54
Necroshine,vashj,1391,priest,discipline,63,26,37
Discrepancy,sargeras,1390,priest,discipline,42,26,16
Sleepiest,wyrmrest-accord,1390,priest,discipline,65,33,32
Telrane,aggramar,1390,priest,discipline,36,18,18
Kävanagh,ragnaros,1390,priest,discipline,53,25,28
Mursey,sargeras,1390,priest,discipline,129,60,69
Thoaxx,magtheridon,1390,priest,discipline,93,41,52
Chofis,nathrezim,1389,priest,discipline,36,24,12
Burroviejo,quelthalas,1389,priest,discipline,52,24,28
Vundead,tichondrius,1389,priest,discipline,57,24,33
Triazolam,illidan,1389,priest,discipline,72,29,43
Mpshield,kiljaeden,1388,priest,discipline,59,36,23
Xyló,area-52,1388,priest,discipline,118,65,53
Tyreliy,eitrigg,1388,priest,discipline,204,107,97
Tungus,shadowsong,1388,priest,discipline,103,54,49
Itsme,quelthalas,1388,priest,discipline,113,54,59
Psílocybín,icecrown,1387,priest,discipline,62,35,27
Handyheals,frostmourne,1387,priest,discipline,137,73,64
Theboogieman,magtheridon,1387,priest,discipline,170,90,80
Tluoc,nemesis,1387,priest,discipline,103,53,50
Shelak,frostmourne,1387,priest,discipline,137,69,68
Hesus,deathwing,1387,priest,discipline,40,18,22
Aimeé,chromaggus,1387,priest,discipline,96,40,56
Astraetus,zuljin,1386,priest,discipline,39,23,16
Kobayashy,ragnaros,1386,priest,discipline,60,35,25
Unholywizard,sargeras,1386,priest,discipline,66,37,29
Dlysexic,barthilas,1386,priest,discipline,72,39,33
Fluffsterr,thrall,1386,priest,discipline,82,44,38
Namî,barthilas,1386,priest,discipline,295,158,137
Ripscrew,area-52,1386,priest,discipline,30,16,14
Strawson,quelthalas,1386,priest,discipline,117,56,61
Jugeum,proudmoore,1386,priest,discipline,66,27,39
Looneý,drakkari,1385,priest,discipline,181,102,79
Kevarsin,dalaran,1385,priest,discipline,60,31,29
Kerahk,drakkari,1385,priest,discipline,68,33,35
Kìttý,cenarius,1385,priest,discipline,48,23,25
Bubbahotep,laughing-skull,1385,priest,discipline,58,27,31
Atyourcervix,emerald-dream,1384,priest,discipline,32,20,12
Spacelaces,stormrage,1384,priest,discipline,36,22,14
Mswatermelon,malganis,1384,priest,discipline,46,24,22
Misfyt,emerald-dream,1384,priest,discipline,78,40,38
Kms,sargeras,1383,priest,discipline,74,41,33
Dreadpriate,emerald-dream,1383,priest,discipline,218,106,112
Wholeness,kelthuzad,1383,priest,discipline,48,21,27
Xora,frostmourne,1383,priest,discipline,62,23,39
Ilinwe,stormrage,1383,priest,discipline,65,24,41
Holykushed,tichondrius,1382,priest,discipline,38,19,19
Aurajade,queldorei,1382,priest,discipline,36,18,18
Dessire,ragnaros,1382,priest,discipline,35,17,18
Shrax,emerald-dream,1382,priest,discipline,149,68,81
Sukmysplooge,queldorei,1382,priest,discipline,66,28,38
Èuneekz,thrall,1382,priest,discipline,42,16,26
Sofunchode,illidan,1382,priest,discipline,48,17,31
Xmasmiracle,korgath,1381,priest,discipline,322,174,148
Djefe,tichondrius,1381,priest,discipline,114,56,58
Moresbo,frostmourne,1380,priest,discipline,42,24,18
Nepy,stormrage,1380,priest,discipline,99,51,48
Jinniu,azralon,1380,priest,discipline,42,17,25
Pegwraith,sargeras,1379,priest,discipline,64,36,28
Zjqf,akama,1379,priest,discipline,269,132,137
Gristus,twisting-nether,1378,priest,discipline,47,27,20
Lìlí,tichondrius,1378,priest,discipline,66,34,32
Laopao,proudmoore,1378,priest,discipline,105,54,51
Shadowcrash,zuljin,1378,priest,discipline,36,17,19
Lavvari,durotan,1377,priest,discipline,48,30,18
Doubt,eredar,1377,priest,discipline,34,19,15
Oldris,darkspear,1377,priest,discipline,47,25,22
Goosemongler,bleeding-hollow,1377,priest,discipline,36,18,18
Yeshùa,drakkari,1377,priest,discipline,149,72,77
Nightheals,sargeras,1377,priest,discipline,60,27,33
Yözsh,azralon,1377,priest,discipline,68,27,41
Smallbrains,emerald-dream,1377,priest,discipline,42,16,26
Claireredfld,lightbringer,1376,priest,discipline,30,18,12
Lexinalis,stormrage,1376,priest,discipline,29,17,12
Feorlar,tichondrius,1376,priest,discipline,120,56,64
Sixfiggas,darkspear,1375,priest,discipline,24,17,7
Blakalicious,illidan,1375,priest,discipline,45,27,18
Aldrych,malganis,1375,priest,discipline,61,35,26
Drinkndrive,tichondrius,1375,priest,discipline,57,30,27
Skillfull,chogall,1375,priest,discipline,378,191,187
Piskel,vashj,1375,priest,discipline,66,29,37
Jelzz,area-52,1374,priest,discipline,33,18,15
Guccigriimes,tichondrius,1374,priest,discipline,135,61,74
Heal,boulderfist,1373,priest,discipline,40,21,19
Palpitine,kiljaeden,1373,priest,discipline,67,35,32
Zombieheals,gundrak,1373,priest,discipline,53,27,26
Quinnx,tichondrius,1373,priest,discipline,54,27,27
Mäí,ragnaros,1372,priest,discipline,120,67,53
Malpractíce,zuljin,1372,priest,discipline,149,69,80
Halcyon,eonar,1372,priest,discipline,74,34,40
Mauriel,proudmoore,1372,priest,discipline,42,19,23
Ollarlamente,zuljin,1372,priest,discipline,72,32,40
Avis,illidan,1371,priest,discipline,60,37,23
Zortroz,tichondrius,1371,priest,discipline,28,17,11
Wildmanfrank,tichondrius,1371,priest,discipline,55,33,22
Bluebêrry,drakthul,1371,priest,discipline,67,35,32
Armî,ragnaros,1371,priest,discipline,87,41,46
Karazhan,burning-legion,1371,priest,discipline,44,19,25
Methodist,proudmoore,1371,priest,discipline,94,39,55
Miserable,emerald-dream,1371,priest,discipline,101,40,61
Tatereh,illidan,1370,priest,discipline,64,34,30
Endeshealer,suramar,1370,priest,discipline,66,34,32
Jìtters,silvermoon,1370,priest,discipline,42,19,23
Kyoku,tanaris,1369,priest,discipline,47,27,20
Donzorro,ragnaros,1369,priest,discipline,105,54,51
Onjah,kiljaeden,1369,priest,discipline,60,25,35
Brock,lightbringer,1369,priest,discipline,39,16,23
Jesisapollo,blackrock,1368,priest,discipline,23,15,8
Allivan,frostwolf,1368,priest,discipline,30,19,11
Cylocibin,kiljaeden,1368,priest,discipline,76,48,28
Aipata,stormrage,1368,priest,discipline,104,61,43
Bigfirebet,tichondrius,1368,priest,discipline,31,16,15
Vandaley,tichondrius,1367,priest,discipline,44,28,16
Demimo,frostwolf,1367,priest,discipline,54,32,22
Diabiitus,stormrage,1367,priest,discipline,123,69,54
Ðiplø,tichondrius,1367,priest,discipline,59,32,27
Temkcalb,ragnaros,1367,priest,discipline,102,52,50
Nenemsis,drakkari,1367,priest,discipline,68,34,34
Rhapsodias,area-52,1366,priest,discipline,24,16,8
Lyxx,kelthuzad,1366,priest,discipline,27,17,10
Hödü,tichondrius,1366,priest,discipline,48,26,22
Gimmedomex,tichondrius,1366,priest,discipline,143,77,66
Solsano,stormrage,1365,priest,discipline,76,44,32
Arvida,ragnaros,1365,priest,discipline,78,45,33
Purgingsyns,illidan,1364,priest,discipline,56,34,22
Soaphia,kelthuzad,1364,priest,discipline,184,102,82
Nars,draka,1364,priest,discipline,30,16,14
Míssdank,tichondrius,1364,priest,discipline,42,22,20
Vivián,tichondrius,1364,priest,discipline,133,69,64
Gnralways,andorhal,1364,priest,discipline,99,47,52
Drilbitt,jaedenar,1363,priest,discipline,39,28,11
Kynsias,stormrage,1363,priest,discipline,27,16,11
Curánderá,ragnaros,1363,priest,discipline,81,45,36
Halfyo,dragonmaw,1363,priest,discipline,90,49,41
Rondebarber,thunderlord,1363,priest,discipline,96,51,45
Orìsel,wyrmrest-accord,1363,priest,discipline,177,88,89
Leprêtre,hakkar,1362,priest,discipline,97,51,46
Samloomis,zuluhed,1362,priest,discipline,47,24,23
Andariel,quelthalas,1361,priest,discipline,60,36,24
Sinnertitanz,quelthalas,1361,priest,discipline,90,46,44
Powerwordzz,dragonmaw,1361,priest,discipline,96,48,48
Goseoa,tichondrius,1361,priest,discipline,113,51,62
Lyrynne,emerald-dream,1360,priest,discipline,42,30,12
Rakpriest,nerzhul,1360,priest,discipline,43,29,14
Curasia,drakkari,1360,priest,discipline,57,37,20
Erossenin,proudmoore,1360,priest,discipline,56,28,28
Trummp,tichondrius,1359,priest,discipline,75,40,35
Scortum,goldrinn,1359,priest,discipline,90,45,45
Scrubnubz,barthilas,1359,priest,discipline,42,20,22
Yishaarj,tichondrius,1359,priest,discipline,59,25,34
Crucïfïx,stormrage,1358,priest,discipline,70,41,29
Nexoox,drakkari,1358,priest,discipline,42,23,19
Swagmasta,doomhammer,1358,priest,discipline,30,15,15
Replacednewb,chogall,1357,priest,discipline,57,30,27
Filterz,korgath,1357,priest,discipline,42,22,20
Owwie,nerzhul,1357,priest,discipline,77,39,38
Gamist,area-52,1357,priest,discipline,214,105,109
Eiju,proudmoore,1357,priest,discipline,42,19,23
Bllaazze,frostwolf,1357,priest,discipline,72,29,43
Jeanbi,ragnaros,1356,priest,discipline,66,35,31
Aerdune,dalaran,1356,priest,discipline,68,36,32
Smirkinlive,illidan,1356,priest,discipline,51,27,24
Hunanbeef,kiljaeden,1356,priest,discipline,112,55,57
Matchakatt,tichondrius,1355,priest,discipline,65,41,24
Cyphrus,hyjal,1355,priest,discipline,73,34,39
Nellisei,barthilas,1355,priest,discipline,72,32,40
Maniafa,tichondrius,1354,priest,discipline,36,22,14
Kymmei,warsong,1354,priest,discipline,30,15,15
Cella,frostmourne,1354,priest,discipline,108,52,56
Iovesauce,stormrage,1354,priest,discipline,48,23,25
Bobet,zuljin,1354,priest,discipline,85,30,55
Tarny,tichondrius,1353,priest,discipline,70,43,27
Slewt,aggramar,1353,priest,discipline,151,87,64
Msdash,tichondrius,1353,priest,discipline,42,23,19
Médíc,dalaran,1353,priest,discipline,74,40,34
Renews,azralon,1353,priest,discipline,52,28,24
Rêvelation,trollbane,1353,priest,discipline,159,85,74
Vaticly,hyjal,1353,priest,discipline,132,62,70
Yunganal,sargeras,1352,priest,discipline,42,26,16
Langyi,tichondrius,1352,priest,discipline,78,41,37
Chìbiusa,proudmoore,1352,priest,discipline,106,52,54
Hootin,whisperwind,1351,priest,discipline,62,35,27
Risedead,azralon,1351,priest,discipline,132,70,62
Kivz,stormrage,1351,priest,discipline,176,86,90
Satanshealer,terokkar,1350,priest,discipline,30,15,15
Sílvia,durotan,1350,priest,discipline,96,44,52
Pagän,illidan,1349,priest,discipline,45,25,20
Krindil,korgath,1349,priest,discipline,113,62,51
Starshollow,ragnaros,1349,priest,discipline,141,67,74
Padragon,tichondrius,1349,priest,discipline,36,15,21
Ihealyoudeal,korgath,1348,priest,discipline,48,31,17
Beñzi,sargeras,1348,priest,discipline,26,16,10
Kantareller,tichondrius,1348,priest,discipline,208,114,94
Rickitz,bleeding-hollow,1348,priest,discipline,60,32,28
Toysqt,sargeras,1348,priest,discipline,29,15,14
Yayoo,exodar,1348,priest,discipline,45,23,22
Khaleth,suramar,1348,priest,discipline,108,52,56
Mawlaana,frostmourne,1348,priest,discipline,54,26,28
Howdydoo,azshara,1348,priest,discipline,73,33,40
Skadim,azralon,1348,priest,discipline,156,68,88
Ihealusall,illidan,1348,priest,discipline,85,36,49
Rickjames,laughing-skull,1347,priest,discipline,142,76,66
Selenthea,moon-guard,1347,priest,discipline,112,58,54
Panelopie,maiev,1346,priest,discipline,24,17,7
Trýíing,nemesis,1346,priest,discipline,44,27,17
Rbmxp,barthilas,1346,priest,discipline,27,16,11
Gomer,stormrage,1346,priest,discipline,42,24,18
Weakwind,burning-blade,1346,priest,discipline,59,33,26
Gäindalt,tichondrius,1346,priest,discipline,80,44,36
Giyom,tichondrius,1346,priest,discipline,35,18,17
Elagabal,tichondrius,1346,priest,discipline,164,81,83
Yukih,tichondrius,1346,priest,discipline,70,33,37
Lesplief,bleeding-hollow,1346,priest,discipline,47,20,27
Eblis,the-underbog,1346,priest,discipline,63,26,37
Shortty,arthas,1345,priest,discipline,48,29,19
Gnomelester,kiljaeden,1345,priest,discipline,42,24,18
Kerez,skywall,1345,priest,discipline,69,36,33
Pelagius,suramar,1345,priest,discipline,44,19,25
Athëlstân,quelthalas,1345,priest,discipline,36,15,21
ßræcher,black-dragonflight,1344,priest,discipline,36,24,12
Súlfuro,quelthalas,1344,priest,discipline,163,83,80
Eclìpsè,barthilas,1344,priest,discipline,80,40,40
Eziri,goldrinn,1344,priest,discipline,104,51,53
Hoppus,stormrage,1344,priest,discipline,96,47,49
Lilazngirl,stormrage,1343,priest,discipline,35,22,13
Scaloni,proudmoore,1343,priest,discipline,29,18,11
Textmepls,barthilas,1343,priest,discipline,54,32,22
Kippin,frostmourne,1343,priest,discipline,41,24,17
Swaggie,skullcrusher,1343,priest,discipline,24,14,10
Censyz,tichondrius,1343,priest,discipline,24,14,10
Elciid,tichondrius,1343,priest,discipline,24,14,10
Mthwz,tichondrius,1343,priest,discipline,24,14,10
Neferpitouoo,tichondrius,1343,priest,discipline,184,95,89
Fadewench,sargeras,1343,priest,discipline,41,21,20
Lucsor,malganis,1343,priest,discipline,119,60,59
Mitoloshi,ragnaros,1343,priest,discipline,126,61,65
Marywanna,stormrage,1343,priest,discipline,30,14,16
Iwillrezguys,tichondrius,1343,priest,discipline,36,14,22
Crazykitsune,thaurissan,1342,priest,discipline,42,27,15
Gabrieleron,quelthalas,1342,priest,discipline,77,48,29
Soloqqt,tichondrius,1342,priest,discipline,24,14,10
Annefrank,azjolnerub,1342,priest,discipline,24,14,10
Lawroade,tichondrius,1342,priest,discipline,67,36,31
Jesstor,frostmourne,1342,priest,discipline,28,15,13
Flab,tichondrius,1342,priest,discipline,34,17,17
Scenekîd,moon-guard,1342,priest,discipline,54,26,28
Spursky,emerald-dream,1341,priest,discipline,18,14,4
Runemidgard,illidan,1341,priest,discipline,67,42,25
Redcoolaid,moon-guard,1341,priest,discipline,24,14,10
Carlita,ravenholdt,1341,priest,discipline,24,14,10
Ophailea,thrall,1341,priest,discipline,70,39,31
Phonomena,malganis,1341,priest,discipline,179,93,86
Psyfriend,area-52,1341,priest,discipline,30,14,16
Zoap,stormrage,1341,priest,discipline,60,26,34
Shibatoshi,blackrock,1341,priest,discipline,35,15,20
Teiam,skullcrusher,1340,priest,discipline,24,14,10
Bathenape,bleeding-hollow,1340,priest,discipline,58,32,26
Bionix,stormrage,1340,priest,discipline,72,37,35
Sinaxia,sargeras,1340,priest,discipline,179,87,92
Jangma,tichondrius,1340,priest,discipline,30,14,16
Kinhilo,ragnaros,1340,priest,discipline,96,41,55
Moralism,moon-guard,1339,priest,discipline,99,60,39
Themøn,quelthalas,1339,priest,discipline,73,40,33
Duatneter,quelthalas,1339,priest,discipline,114,58,56
Kibariyb,drakkari,1339,priest,discipline,81,37,44
Göats,emerald-dream,1338,priest,discipline,42,22,20
Kallixprime,ragnaros,1338,priest,discipline,105,54,51
Cathiah,darkspear,1338,priest,discipline,271,139,132
Kasiry,ragnaros,1338,priest,discipline,78,38,40
Inmøthep,ragnaros,1338,priest,discipline,92,38,54
Lildubs,bloodhoof,1337,priest,discipline,18,14,4
Penetron,tichondrius,1337,priest,discipline,233,115,118
Cathêlay,bleeding-hollow,1337,priest,discipline,142,70,72
Ricksanchez,moonrunner,1337,priest,discipline,36,17,19
Monâ,sargeras,1337,priest,discipline,30,14,16
Foxspritques,area-52,1337,priest,discipline,58,16,42
Chaseshadow,kelthuzad,1336,priest,discipline,23,18,5
Grravitas,jubeithos,1336,priest,discipline,18,14,4
Devout,dentarg,1336,priest,discipline,24,14,10
Healrat,thrall,1336,priest,discipline,54,31,23
Metagameswag,tichondrius,1335,priest,discipline,24,14,10
Icyspicy,shadowsong,1335,priest,discipline,91,49,42
Happybloke,moon-guard,1335,priest,discipline,135,71,64
Smittën,barthilas,1335,priest,discipline,109,55,54
Imhðtep,ragnaros,1335,priest,discipline,30,15,15
Crashed,frostmourne,1335,priest,discipline,60,27,33
Shadina,gorefiend,1335,priest,discipline,36,14,22
Spacegrassfx,bleeding-hollow,1334,priest,discipline,36,23,13
Pherïox,drakkari,1334,priest,discipline,36,19,17
Pinkhandcuff,gorefiend,1334,priest,discipline,84,44,40
Talbadontu,thrall,1334,priest,discipline,42,22,20
Vìrus,jubeithos,1334,priest,discipline,58,29,29
Fìngerbanger,lightnings-blade,1334,priest,discipline,231,115,116
Capnjazz,illidan,1334,priest,discipline,54,24,30
Papafuego,stormrage,1333,priest,discipline,18,14,4
Galnaine,emerald-dream,1333,priest,discipline,24,14,10
Pactosombrio,azralon,1333,priest,discipline,146,84,62
Morbidfate,hyjal,1333,priest,discipline,47,25,22
Bubblerenew,altar-of-storms,1333,priest,discipline,30,14,16
Rblood,emerald-dream,1332,priest,discipline,54,33,21
Fatherbrah,kelthuzad,1332,priest,discipline,27,15,12
Devilwithin,moon-guard,1332,priest,discipline,53,29,24
Xyberius,barthilas,1332,priest,discipline,60,28,32
Phenic,aggramar,1332,priest,discipline,41,18,23
Layu,azralon,1332,priest,discipline,36,14,22
Bandaidvibes,tichondrius,1331,priest,discipline,42,26,16
Oouuh,illidan,1331,priest,discipline,24,14,10
Maplesyrupz,moonrunner,1331,priest,discipline,24,14,10
Worstpriest,stormscale,1331,priest,discipline,60,29,31
Noveh,tichondrius,1331,priest,discipline,36,17,19
Brokennurse,area-52,1330,priest,discipline,54,34,20
Katilina,barthilas,1330,priest,discipline,24,14,10
Fatherßrian,draktharon,1330,priest,discipline,88,49,39
Holyfromrmp,tichondrius,1330,priest,discipline,72,35,37
Decline,balnazzar,1330,priest,discipline,30,14,16
Islandpink,malganis,1330,priest,discipline,77,31,46
Bøøblover,tichondrius,1329,priest,discipline,36,27,9
Náay,ragnaros,1329,priest,discipline,47,30,17
Typhia,moon-guard,1329,priest,discipline,36,18,18
Vodhka,arthas,1328,priest,discipline,24,14,10
Themoon,tichondrius,1328,priest,discipline,24,14,10
Médic,guldan,1328,priest,discipline,39,21,18
Arkenes,dalaran,1328,priest,discipline,90,45,45
Zuss,tichondrius,1328,priest,discipline,70,28,42
Zóe,eredar,1327,priest,discipline,70,37,33
Nêrô,dalaran,1327,priest,discipline,66,29,37
Xápah,moon-guard,1326,priest,discipline,18,14,4
Danrien,azralon,1326,priest,discipline,34,20,14
Illen,nemesis,1326,priest,discipline,114,62,52
Honypot,ysondre,1326,priest,discipline,101,53,48
Srwilly,ragnaros,1326,priest,discipline,105,55,50
Huck,khazgoroth,1326,priest,discipline,84,42,42
Healmedaddyy,korgath,1326,priest,discipline,207,99,108
Turrec,illidan,1325,priest,discipline,18,14,4
Durgen,stormreaver,1325,priest,discipline,43,20,23
Zapix,tichondrius,1325,priest,discipline,36,15,21
Lalo,bleeding-hollow,1325,priest,discipline,58,23,35
Blessedelf,tichondrius,1325,priest,discipline,66,26,40
Edmust,black-dragonflight,1324,priest,discipline,24,14,10
Coutúre,illidan,1324,priest,discipline,31,17,14
Kintok,tichondrius,1324,priest,discipline,36,19,17
Kaheen,proudmoore,1324,priest,discipline,32,16,16
Plasmax,ragnaros,1324,priest,discipline,56,19,37
Nécrofear,drakkari,1323,priest,discipline,47,26,21
Eshimä,quelthalas,1323,priest,discipline,195,106,89
Xerzosh,area-52,1323,priest,discipline,154,81,73
Holyninfo,quelthalas,1323,priest,discipline,201,104,97
Jaysontatum,gurubashi,1323,priest,discipline,33,17,16
Zegron,rexxar,1323,priest,discipline,30,14,16
Analiesa,moon-guard,1323,priest,discipline,43,16,27
Kaeshia,proudmoore,1322,priest,discipline,36,21,15
Kaldric,korgath,1322,priest,discipline,24,14,10
Gariell,ragnaros,1322,priest,discipline,24,14,10
Methodist,sargeras,1322,priest,discipline,30,17,13
Instanoodlz,proudmoore,1322,priest,discipline,88,40,48
Dispelbot,kelthuzad,1321,priest,discipline,181,103,78
Eleeira,zuljin,1321,priest,discipline,48,21,27
Prevain,area-52,1320,priest,discipline,41,23,18
Blinxed,tichondrius,1320,priest,discipline,143,69,74
Powerwordshy,area-52,1320,priest,discipline,30,14,16
Meddyglyn,area-52,1319,priest,discipline,36,24,12
Sanarion,area-52,1319,priest,discipline,66,39,27
Volkova,quelthalas,1319,priest,discipline,54,30,24
Nadiaxo,moon-guard,1319,priest,discipline,65,35,30
Nøzmonica,kelthuzad,1319,priest,discipline,32,15,17
Mxrru,stonemaul,1318,priest,discipline,201,103,98
Ohnotready,tichondrius,1318,priest,discipline,55,28,27
Raydz,altar-of-storms,1318,priest,discipline,325,156,169
Neutrino,quelthalas,1317,priest,discipline,29,14,15
Rookieone,thrall,1317,priest,discipline,92,44,48
Sackura,quelthalas,1317,priest,discipline,131,62,69
Köto,dalaran,1316,priest,discipline,83,44,39
Rbgeezus,lightnings-blade,1316,priest,discipline,137,72,65
Sabrino,azralon,1316,priest,discipline,30,14,16
Malevolently,illidan,1316,priest,discipline,137,62,75
Moc,jubeithos,1316,priest,discipline,48,14,34
Iseeyoulookn,stormrage,1315,priest,discipline,47,29,18
Scryden,area-52,1315,priest,discipline,24,14,10
Krukam,sargeras,1315,priest,discipline,90,49,41
Nadjika,moon-guard,1314,priest,discipline,108,58,50
Myspacegirl,tichondrius,1314,priest,discipline,49,25,24
Deadlydocc,illidan,1313,priest,discipline,50,32,18
Blisses,blackrock,1313,priest,discipline,60,35,25
Vahlen,azralon,1313,priest,discipline,35,20,15
Moontearss,tichondrius,1313,priest,discipline,48,25,23
Darkquinn,boulderfist,1312,priest,discipline,284,132,152
Xiöm,quelthalas,1312,priest,discipline,36,16,20
Discgolfsux,sargeras,1312,priest,discipline,68,29,39
Jsuschristix,zuljin,1311,priest,discipline,36,23,13
Pugsmugglerr,icecrown,1311,priest,discipline,103,54,49
Anymoon,tichondrius,1311,priest,discipline,105,55,50
Conney,mugthol,1310,priest,discipline,24,14,10
Samàél,frostmourne,1310,priest,discipline,65,32,33
Slyoda,area-52,1310,priest,discipline,42,19,23
Tûbes,trollbane,1310,priest,discipline,131,55,76
Villageidiot,lightbringer,1310,priest,discipline,40,16,24
Xhaajyh,area-52,1309,priest,discipline,30,18,12
Bloo,draktharon,1309,priest,discipline,71,39,32
Steezyy,black-dragonflight,1309,priest,discipline,197,104,93
Malarkie,sargeras,1309,priest,discipline,30,14,16
Bigskill,proudmoore,1309,priest,discipline,54,23,31
Healmegently,bonechewer,1309,priest,discipline,86,34,52
Kakera,tichondrius,1308,priest,discipline,24,14,10
Booyâh,muradin,1308,priest,discipline,54,27,27
Aeroz,quelthalas,1308,priest,discipline,48,24,24
Doggyy,tichondrius,1308,priest,discipline,184,91,93
Lampfood,alterac-mountains,1308,priest,discipline,51,25,26
Majesticar,moon-guard,1307,priest,discipline,30,20,10
Clickbait,spirestone,1307,priest,discipline,24,14,10
Euphotic,tichondrius,1307,priest,discipline,78,38,40
Tursai,frostmourne,1307,priest,discipline,124,59,65
Jinicuil,quelthalas,1307,priest,discipline,54,25,29
Ålexánder,quelthalas,1307,priest,discipline,66,27,39
Dominie,area-52,1306,priest,discipline,18,14,4
Discbubbles,moonrunner,1306,priest,discipline,30,18,12
Burtrie,stormrage,1306,priest,discipline,48,28,20
Holyshield,jubeithos,1306,priest,discipline,31,17,14
Arodar,wyrmrest-accord,1306,priest,discipline,66,31,35
Dalowks,area-52,1306,priest,discipline,72,33,39
Victrix,tichondrius,1306,priest,discipline,153,66,87
Xedus,mannoroth,1306,priest,discipline,36,15,21
Sarufony,dalaran,1305,priest,discipline,24,16,8
Priestgobrr,emerald-dream,1305,priest,discipline,50,30,20
Mommyshere,vashj,1305,priest,discipline,77,44,33
Ruthlèss,ragnaros,1305,priest,discipline,54,28,26
Filterd,azshara,1305,priest,discipline,30,14,16
Himslashhe,moon-guard,1305,priest,discipline,58,24,34
Exploded,moon-guard,1305,priest,discipline,85,34,51
Juniorfloyd,tichondrius,1304,priest,discipline,24,15,9
Tsukihí,ragnaros,1304,priest,discipline,48,23,25
Nooice,dalaran,1304,priest,discipline,30,14,16
Phrìke,illidan,1304,priest,discipline,30,14,16
Dahrwin,thrall,1303,priest,discipline,42,24,18
Vákc,quelthalas,1303,priest,discipline,57,29,28
Webbii,frostmourne,1303,priest,discipline,103,52,51
Testament,greymane,1303,priest,discipline,182,90,92
ßoogey,tichondrius,1303,priest,discipline,47,22,25
Foremender,illidan,1303,priest,discipline,114,47,67
Nøfaith,area-52,1302,priest,discipline,76,38,38
Darkhel,stormrage,1302,priest,discipline,30,14,16
Healznfeel,tichondrius,1302,priest,discipline,84,38,46
Elrywn,stormrage,1302,priest,discipline,71,31,40
Brosbeforeho,tichondrius,1302,priest,discipline,60,24,36
Poorass,sargeras,1301,priest,discipline,30,19,11
Elixia,maiev,1301,priest,discipline,88,47,41
Aedarelyn,ysera,1301,priest,discipline,42,22,20
Vancake,quelthalas,1301,priest,discipline,269,130,139
Apnslickback,illidan,1301,priest,discipline,92,43,49
Helibix,bleeding-hollow,1301,priest,discipline,162,74,88
Shinomiko,frostmourne,1301,priest,discipline,224,98,126
Evilnyllah,stormrage,1300,priest,discipline,32,20,12
Gurbooz,illidan,1300,priest,discipline,62,35,27
Timeglass,kelthuzad,1300,priest,discipline,61,33,28
Priést,stormrage,1300,priest,discipline,45,19,26
Snowly,moonrunner,1299,priest,discipline,43,24,19
Deckardkane,stormrage,1299,priest,discipline,68,33,35
Darkmolt,vashj,1299,priest,discipline,38,18,20
Trallyn,emerald-dream,1299,priest,discipline,54,18,36
Zil,spinebreaker,1298,priest,discipline,24,16,8
Sofhya,ragnaros,1298,priest,discipline,124,66,58
Sinnon,turalyon,1298,priest,discipline,36,19,17
Feff,shuhalo,1298,priest,discipline,36,15,21
Bandagebabe,sargeras,1298,priest,discipline,36,15,21
Avipriest,area-52,1298,priest,discipline,41,14,27
Holystink,malganis,1297,priest,discipline,24,14,10
Empower,garrosh,1297,priest,discipline,69,39,30
Mechahomo,dalaran,1297,priest,discipline,52,28,24
Ahane,wyrmrest-accord,1297,priest,discipline,66,31,35
Xaerwolaeth,area-52,1297,priest,discipline,76,35,41
Dabbinton,chogall,1296,priest,discipline,52,26,26
Hydramîst,ragnaros,1296,priest,discipline,36,15,21
Pottime,tichondrius,1295,priest,discipline,50,30,20
Kazandraah,quelthalas,1295,priest,discipline,42,24,18
Tumatauengha,burning-blade,1295,priest,discipline,116,57,59
Fenian,frostmourne,1295,priest,discipline,123,60,63
Jeanclaud,sargeras,1295,priest,discipline,35,15,20
Holyxb,bleeding-hollow,1295,priest,discipline,42,14,28
Anastasius,lightbringer,1294,priest,discipline,23,20,3
Vyndïllïn,tichondrius,1294,priest,discipline,23,14,9
Eluko,tichondrius,1294,priest,discipline,39,22,17
Kariell,dalaran,1294,priest,discipline,41,20,21
Valtruth,frostmane,1294,priest,discipline,30,14,16
Canharm,tichondrius,1294,priest,discipline,97,41,56
Travita,quelthalas,1293,priest,discipline,54,29,25
Dadthegreat,bonechewer,1292,priest,discipline,42,25,17
Ryboski,sargeras,1292,priest,discipline,53,30,23
Ðelight,ragnaros,1292,priest,discipline,78,41,37
Gurbooz,tichondrius,1292,priest,discipline,130,65,65
Eiderwood,moon-guard,1292,priest,discipline,36,18,18
Termiina,hyjal,1292,priest,discipline,97,48,49
Usmond,azralon,1292,priest,discipline,48,23,25
Spitefuldirk,dalaran,1291,priest,discipline,24,16,8
Shadowmiilf,illidan,1291,priest,discipline,24,14,10
Zephxd,illidan,1291,priest,discipline,115,58,57
Unfriend,sargeras,1291,priest,discipline,48,22,26
Holyrotape,nemesis,1291,priest,discipline,99,45,54
Aelyn,andorhal,1291,priest,discipline,60,27,33
Rakket,moon-guard,1291,priest,discipline,36,16,20
Soulclap,sargeras,1291,priest,discipline,35,14,21
Lunett,area-52,1291,priest,discipline,52,19,33
Prignues,tichondrius,1290,priest,discipline,42,26,16
Aqurielen,turalyon,1290,priest,discipline,36,22,14
Holymeta,dunemaul,1290,priest,discipline,83,46,37
Avarice,magtheridon,1289,priest,discipline,40,24,16
Cubski,darkspear,1289,priest,discipline,31,15,16
Leejungjae,tichondrius,1289,priest,discipline,63,29,34
Këyglock,kelthuzad,1289,priest,discipline,258,115,143
Kikyo,antonidas,1289,priest,discipline,52,23,29
Ermec,azralon,1289,priest,discipline,51,22,29
Loki,uldaman,1289,priest,discipline,69,27,42
Blaydun,elune,1288,priest,discipline,128,72,56
Jaskil,skywall,1288,priest,discipline,124,65,59
Troublmaker,illidan,1288,priest,discipline,46,24,22
Snowinvan,tichondrius,1288,priest,discipline,167,85,82
Annuli,stormrage,1288,priest,discipline,32,15,17
Bibops,area-52,1288,priest,discipline,37,15,22
Sunael,quelthalas,1287,priest,discipline,107,60,47
Cheereos,stormrage,1287,priest,discipline,123,61,62
Poefosho,stormrage,1287,priest,discipline,307,152,155
Thalladori,area-52,1286,priest,discipline,28,17,11
Kadkne,stormrage,1286,priest,discipline,53,30,23
Fesix,akama,1286,priest,discipline,60,33,27
Kencys,tichondrius,1286,priest,discipline,28,15,13
Iwonthealu,senjin,1286,priest,discipline,30,16,14
Zenthaz,thrall,1286,priest,discipline,122,60,62
Prniss,tichondrius,1286,priest,discipline,104,48,56
Prelate,moon-guard,1286,priest,discipline,36,15,21
Rôxxy,thrall,1285,priest,discipline,48,27,21
Brounly,drakkari,1285,priest,discipline,72,36,36
Killä,area-52,1285,priest,discipline,36,17,19
Boibussy,tichondrius,1285,priest,discipline,36,15,21
Dolm,tichondrius,1284,priest,discipline,250,124,126
Vineller,malganis,1284,priest,discipline,38,15,23
Voidmaker,area-52,1284,priest,discipline,48,17,31
Pêrsephône,tichondrius,1283,priest,discipline,368,180,188
Antxres,sargeras,1283,priest,discipline,29,14,15
Penancepapi,stormrage,1283,priest,discipline,30,14,16
Boojanglez,exodar,1282,priest,discipline,48,25,23
Rotass,hyjal,1282,priest,discipline,106,55,51
Nythrin,llane,1282,priest,discipline,42,19,23
Ragnarøk,warsong,1282,priest,discipline,42,17,25
Presto,kalecgos,1281,priest,discipline,30,22,8
Crackneesha,tichondrius,1281,priest,discipline,30,19,11
Whitezz,frostmourne,1281,priest,discipline,60,34,26
Pahdre,tichondrius,1281,priest,discipline,48,27,21
Dismybracket,tichondrius,1281,priest,discipline,42,20,22
Touchér,whisperwind,1280,priest,discipline,29,14,15
Zórdon,spirestone,1279,priest,discipline,24,18,6
Smíght,thrall,1279,priest,discipline,23,14,9
Dotersacer,quelthalas,1279,priest,discipline,61,33,28
Briefs,stormrage,1278,priest,discipline,21,15,6
Bloodsorrow,ragnaros,1278,priest,discipline,72,39,33
Radgars,frostmourne,1278,priest,discipline,61,31,30
Kakao,stormreaver,1278,priest,discipline,120,51,69
Slimshieldy,illidan,1277,priest,discipline,28,15,13
Såx,stormreaver,1277,priest,discipline,27,14,13
Revreal,thrall,1277,priest,discipline,106,52,54
Vehlind,quelthalas,1277,priest,discipline,136,66,70
Covnite,bloodscalp,1276,priest,discipline,57,30,27
Peavzian,kiljaeden,1276,priest,discipline,76,35,41
Fairylìght,stormrage,1276,priest,discipline,73,27,46
Lowkii,malfurion,1275,priest,discipline,35,17,18
Stusy,tichondrius,1274,priest,discipline,24,16,8
Hymn,zuljin,1274,priest,discipline,67,38,29
Inferis,ragnaros,1274,priest,discipline,411,207,204
Zenjitsu,quelthalas,1274,priest,discipline,36,15,21
Dottinu,area-52,1273,priest,discipline,30,23,7
Gungagingong,queldorei,1273,priest,discipline,84,47,37
Rahmynpriest,tichondrius,1273,priest,discipline,42,22,20
Mellerwine,azralon,1273,priest,discipline,620,317,303
Acenthe,sargeras,1273,priest,discipline,28,14,14
Trienolone,emerald-dream,1272,priest,discipline,24,15,9
Strict,the-forgotten-coast,1272,priest,discipline,29,14,15
Braindrip,thrall,1272,priest,discipline,54,25,29
Rashad,proudmoore,1271,priest,discipline,107,59,48
Toorshul,tichondrius,1271,priest,discipline,65,35,30
Lodekiim,tichondrius,1271,priest,discipline,48,24,24
Kìn,tol-barad,1271,priest,discipline,54,22,32
Markspell,stormrage,1270,priest,discipline,145,77,68
Derlanger,frostmourne,1270,priest,discipline,48,25,23
Foose,suramar,1270,priest,discipline,48,23,25
Marni,akama,1270,priest,discipline,30,14,16
Leya,kiljaeden,1269,priest,discipline,30,22,8
Rachia,barthilas,1269,priest,discipline,130,75,55
Cilpri,emerald-dream,1269,priest,discipline,25,14,11
Twotimechamp,azshara,1269,priest,discipline,50,26,24
Warmth,moon-guard,1269,priest,discipline,129,66,63
Theheal,ragnaros,1269,priest,discipline,63,21,42
Seniro,tichondrius,1268,priest,discipline,54,31,23
Chîna,hyjal,1268,priest,discipline,310,167,143
Forliang,proudmoore,1268,priest,discipline,27,14,13
Dragndatwagn,malganis,1268,priest,discipline,107,55,52
Lätöxïkä,alleria,1268,priest,discipline,65,33,32
Jjayleroux,hyjal,1268,priest,discipline,54,26,28
Lifeswap,area-52,1268,priest,discipline,97,42,55
Armswarriorx,area-52,1268,priest,discipline,33,14,19
Lynnar,stormrage,1267,priest,discipline,109,64,45
Sojumike,proudmoore,1267,priest,discipline,60,31,29
Simphealz,area-52,1267,priest,discipline,69,35,34
Aggravating,mugthol,1267,priest,discipline,176,89,87
Fearufaraway,tichondrius,1267,priest,discipline,48,18,30
Miraz,the-venture-co,1266,priest,discipline,53,29,24
Boocharni,wyrmrest-accord,1266,priest,discipline,92,50,42
Xavaat,nerzhul,1266,priest,discipline,84,38,46
Releknosleep,frostwolf,1266,priest,discipline,31,14,17
Nometh,emerald-dream,1266,priest,discipline,90,38,52
Grudgin,turalyon,1265,priest,discipline,47,27,20
Atemlos,malorne,1265,priest,discipline,42,24,18
Deadlykíss,sargeras,1265,priest,discipline,54,26,28
Docvalentino,malganis,1264,priest,discipline,24,14,10
Karnival,aggramar,1264,priest,discipline,48,23,25
Lanakill,hyjal,1264,priest,discipline,80,38,42
Welorian,mannoroth,1264,priest,discipline,103,48,55
Aerîs,magtheridon,1264,priest,discipline,52,24,28
Jahsheer,kiljaeden,1263,priest,discipline,26,16,10
Kethal,area-52,1263,priest,discipline,37,19,18
Koide,moon-guard,1263,priest,discipline,48,23,25
Butdidüdie,tichondrius,1263,priest,discipline,54,24,30
Sassygayboyx,bleeding-hollow,1263,priest,discipline,39,15,24
Cvstodia,tichondrius,1262,priest,discipline,54,29,25
Reindharth,quelthalas,1262,priest,discipline,90,38,52
Kristt,thrall,1262,priest,discipline,41,16,25
Lightxp,illidan,1262,priest,discipline,66,24,42
Emlix,tichondrius,1262,priest,discipline,42,14,28
Bbm,stormscale,1261,priest,discipline,194,95,99
Roylwcheese,illidan,1261,priest,discipline,48,23,25
Manaburnout,blackhand,1261,priest,discipline,42,17,25
Ghettobarbie,kelthuzad,1260,priest,discipline,36,22,14
Solitaryvoid,moon-guard,1260,priest,discipline,30,18,12
Hawktalonuke,moon-guard,1260,priest,discipline,93,52,41
Masochist,barthilas,1260,priest,discipline,167,92,75
Vanszz,area-52,1260,priest,discipline,54,26,28
Pkriest,illidan,1260,priest,discipline,72,30,42
Dittless,stormrage,1259,priest,discipline,84,44,40
Mchinder,tanaris,1259,priest,discipline,118,61,57
Heniupriest,tichondrius,1259,priest,discipline,48,22,26
Alawn,wyrmrest-accord,1259,priest,discipline,120,52,68
Atelios,azralon,1258,priest,discipline,30,20,10
Quasenada,stormrage,1258,priest,discipline,23,14,9
Kymosolop,sargeras,1258,priest,discipline,25,14,11
Rohee,illidan,1258,priest,discipline,96,51,45
Skall,kirin-tor,1258,priest,discipline,41,21,20
Capricornio,nemesis,1258,priest,discipline,60,30,30
Saadboii,thrall,1257,priest,discipline,61,31,30
Kenzao,nemesis,1257,priest,discipline,64,30,34
Lge,kelthuzad,1257,priest,discipline,31,14,17
Kethseth,ragnaros,1257,priest,discipline,137,61,76
Dartonya,thrall,1257,priest,discipline,36,15,21
Wísh,emerald-dream,1256,priest,discipline,134,75,59
Nìght,trollbane,1256,priest,discipline,102,54,48
Offaxan,frostmourne,1255,priest,discipline,30,22,8
Alarind,kelthuzad,1255,priest,discipline,38,21,17
Blackbubba,tichondrius,1255,priest,discipline,182,92,90
Knifê,moon-guard,1255,priest,discipline,108,54,54
Kauldër,illidan,1255,priest,discipline,58,21,37
Norriam,moon-guard,1254,priest,discipline,41,27,14
Thotznprayrz,bleeding-hollow,1254,priest,discipline,36,23,13
Abhu,quelthalas,1254,priest,discipline,83,46,37
Sureno,muradin,1254,priest,discipline,66,36,30
Chavkoraken,stormrage,1254,priest,discipline,38,15,23
Doubtmyfaith,frostmourne,1253,priest,discipline,48,27,21
Healtomuch,nagrand,1253,priest,discipline,172,86,86
Saviorsélf,tichondrius,1253,priest,discipline,162,76,86
Snevini,azralon,1252,priest,discipline,72,35,37
Kinkykween,tichondrius,1252,priest,discipline,30,14,16
Nightmxs,tichondrius,1252,priest,discipline,54,25,29
Fallenängel,senjin,1251,priest,discipline,53,31,22
Spõt,stormrage,1251,priest,discipline,88,36,52
Eirenth,bleeding-hollow,1250,priest,discipline,70,41,29
Dosarix,sargeras,1250,priest,discipline,40,23,17
Amorathin,darkspear,1250,priest,discipline,78,39,39
Kitenix,proudmoore,1250,priest,discipline,47,23,24
Zumanîty,zangarmarsh,1249,priest,discipline,24,15,9
Zaroki,sargeras,1249,priest,discipline,24,14,10
Goodwin,darkspear,1249,priest,discipline,72,38,34
Eneco,alleria,1249,priest,discipline,315,166,149
Armspriest,stormrage,1249,priest,discipline,71,37,34
Jestiann,aegwynn,1249,priest,discipline,375,189,186
Terenor,thrall,1249,priest,discipline,54,15,39
Tmspongwo,tichondrius,1248,priest,discipline,30,21,9
Stegp,kelthuzad,1248,priest,discipline,24,13,11
Sophistdew,proudmoore,1248,priest,discipline,46,23,23
Morningzz,tichondrius,1248,priest,discipline,193,90,103
Curiosities,kiljaeden,1248,priest,discipline,30,13,17
Holycwap,stormrage,1248,priest,discipline,45,14,31
Yogosun,dalaran,1247,priest,discipline,18,13,5
Iatemykids,tichondrius,1247,priest,discipline,24,13,11
Nißirøux,sargeras,1247,priest,discipline,24,13,11
Sussywussy,stormrage,1247,priest,discipline,24,13,11
Thokrül,lightbringer,1247,priest,discipline,51,27,24
Lvcia,thrall,1247,priest,discipline,70,35,35
Pianohouse,illidan,1247,priest,discipline,30,13,17
Redkiwi,illidan,1247,priest,discipline,30,13,17
Calamithus,illidan,1247,priest,discipline,30,13,17
Pce,korialstrasz,1247,priest,discipline,34,13,21
Holyycrit,kelthuzad,1246,priest,discipline,70,38,32
Azari,illidan,1246,priest,discipline,24,13,11
Dí,illidan,1246,priest,discipline,24,13,11
Picurry,frostmourne,1246,priest,discipline,24,13,11
Peacetreaty,bleeding-hollow,1246,priest,discipline,24,13,11
Karaasbull,tichondrius,1246,priest,discipline,58,30,28
Spellpower,azralon,1246,priest,discipline,59,30,29
Psychiatrist,darkspear,1246,priest,discipline,100,48,52
Nobodystarx,steamwheedle-cartel,1246,priest,discipline,30,13,17
Spriestbro,emerald-dream,1245,priest,discipline,18,13,5
Strippadora,azralon,1245,priest,discipline,18,13,5
Keepfit,proudmoore,1245,priest,discipline,52,29,23
Pyper,medivh,1245,priest,discipline,41,21,20
Sòraka,tichondrius,1245,priest,discipline,142,69,73
Aanora,illidan,1245,priest,discipline,43,19,24
Youaint,sargeras,1245,priest,discipline,30,13,17
Drossv,shadowmoon,1245,priest,discipline,36,13,23
Epophy,stormrage,1244,priest,discipline,18,13,5
Crossbones,cenarion-circle,1244,priest,discipline,193,107,86
Elivice,ragnaros,1244,priest,discipline,24,13,11
Dralaan,proudmoore,1244,priest,discipline,116,56,60
Tubrisildris,zuljin,1244,priest,discipline,30,13,17
Seí,barthilas,1244,priest,discipline,30,13,17
Gobnik,illidan,1243,priest,discipline,48,30,18
Bingoreferee,kelthuzad,1243,priest,discipline,24,13,11
Mkx,illidan,1243,priest,discipline,24,13,11
Cypress,dreadmaul,1243,priest,discipline,180,97,83
Zadae,area-52,1243,priest,discipline,122,64,58
Redchord,kiljaeden,1243,priest,discipline,57,28,29
Cyaja,moon-guard,1243,priest,discipline,31,13,18
Okiin,malganis,1243,priest,discipline,36,13,23
Deagled,tichondrius,1243,priest,discipline,36,13,23
Meiev,quelthalas,1243,priest,discipline,36,13,23
Kyrabon,ragnaros,1242,priest,discipline,60,36,24
Hanuloa,tichondrius,1242,priest,discipline,174,88,86
Grapës,jubeithos,1242,priest,discipline,48,23,25
Breeannà,doomhammer,1242,priest,discipline,34,16,18
Cajl,dathremar,1242,priest,discipline,185,86,99
Cuddly,shandris,1242,priest,discipline,119,54,65
Touchyouboy,stormrage,1242,priest,discipline,35,15,20
Keleset,area-52,1242,priest,discipline,36,13,23
Trailmixx,bleeding-hollow,1241,priest,discipline,18,13,5
Gromkor,ragnaros,1241,priest,discipline,24,14,10
Olibreaker,tichondrius,1241,priest,discipline,24,13,11
Kaonn,frostmourne,1241,priest,discipline,355,184,171
Moresex,azralon,1241,priest,discipline,85,43,42
Tubz,boulderfist,1241,priest,discipline,36,13,23
Kapriestun,tichondrius,1240,priest,discipline,85,47,38
Ruaba,area-52,1240,priest,discipline,24,13,11
Penitentrowr,illidan,1240,priest,discipline,111,54,57
Zzurdo,area-52,1240,priest,discipline,34,15,19
Qbanota,drakkari,1240,priest,discipline,198,87,111
Nylaza,kiljaeden,1240,priest,discipline,102,42,60
Voodooloa,tichondrius,1240,priest,discipline,96,36,60
Wisher,gorefiend,1239,priest,discipline,59,32,27
Kerazul,sargeras,1239,priest,discipline,66,35,31
Raisonpriest,tichondrius,1239,priest,discipline,224,106,118
Sunwalken,stormrage,1239,priest,discipline,30,13,17
Daegal,malfurion,1238,priest,discipline,18,13,5
Mentality,frostmane,1238,priest,discipline,24,16,8
Mosher,zuluhed,1238,priest,discipline,24,16,8
Saviorkaï,barthilas,1238,priest,discipline,45,25,20
Holyhand,auchindoun,1238,priest,discipline,24,13,11
Tunare,dalaran,1238,priest,discipline,24,13,11
Ödin,tichondrius,1238,priest,discipline,78,42,36
Quickq,barthilas,1238,priest,discipline,66,35,31
Barrieroflig,tichondrius,1238,priest,discipline,51,27,24
Misaosan,azralon,1238,priest,discipline,60,29,31
Fumes,ghostlands,1238,priest,discipline,138,66,72
Keenke,ragnaros,1238,priest,discipline,33,14,19
Álûcard,illidan,1237,priest,discipline,45,26,19
Pepske,dalaran,1237,priest,discipline,84,41,43
Xuxao,azralon,1237,priest,discipline,35,15,20
Tdmheals,zuluhed,1236,priest,discipline,36,25,11
Holycoww,lightnings-blade,1236,priest,discipline,24,13,11
Holyren,sargeras,1236,priest,discipline,134,69,65
Naniwa,ragnaros,1236,priest,discipline,39,16,23
Mikori,tichondrius,1235,priest,discipline,18,13,5
Nerylia,stormrage,1235,priest,discipline,18,13,5
Kideater,quelthalas,1235,priest,discipline,24,13,11
Bonkerwaffle,kelthuzad,1235,priest,discipline,54,29,25
Poilu,laughing-skull,1235,priest,discipline,61,31,30
Casstiell,proudmoore,1235,priest,discipline,67,32,35
Aladelre,aerie-peak,1235,priest,discipline,92,42,50
Rhennythal,tichondrius,1235,priest,discipline,30,13,17
Tossôff,proudmoore,1234,priest,discipline,18,13,5
Awyn,elune,1234,priest,discipline,54,28,26
Hobbs,trollbane,1234,priest,discipline,48,24,24
Butterblessr,thunderlord,1234,priest,discipline,81,38,43
Plznokill,tichondrius,1234,priest,discipline,66,30,36
Léto,burning-blade,1234,priest,discipline,48,21,27
Miznewbooty,garona,1233,priest,discipline,30,17,13
Ickarus,anubarak,1233,priest,discipline,90,49,41
Kinkypriest,tichondrius,1233,priest,discipline,24,13,11
Sichuankeith,frostmourne,1233,priest,discipline,24,13,11
Goingserious,frostmourne,1233,priest,discipline,195,105,90
Greif,garrosh,1233,priest,discipline,66,30,36
Anöa,emerald-dream,1233,priest,discipline,36,16,20
Glitterballs,khazgoroth,1232,priest,discipline,24,13,11
Tigop,alleria,1232,priest,discipline,24,13,11
Aalicya,tanaris,1232,priest,discipline,55,24,31
Tonimàster,illidan,1231,priest,discipline,18,13,5
Mothra,ragnaros,1231,priest,discipline,18,13,5
Zumbaoqepdqt,quelthalas,1231,priest,discipline,83,39,44
Demimang,emerald-dream,1231,priest,discipline,30,13,17
Mevix,firetree,1231,priest,discipline,30,13,17
Shïtheals,frostmourne,1230,priest,discipline,42,25,17
Krypticus,tichondrius,1230,priest,discipline,66,37,29
Pico,spirestone,1230,priest,discipline,141,73,68
Alenio,sargeras,1230,priest,discipline,30,14,16
Ón,tichondrius,1230,priest,discipline,30,13,17
Wanaatlarboy,dark-iron,1229,priest,discipline,41,23,18
Klingande,tichondrius,1229,priest,discipline,81,41,40
Anddori,moknathal,1229,priest,discipline,78,39,39
Lichae,ragnaros,1229,priest,discipline,48,24,24
Yürika,emerald-dream,1229,priest,discipline,168,73,95
Ttakayasu,bleeding-hollow,1228,priest,discipline,186,103,83
Kodaks,frostmourne,1228,priest,discipline,99,50,49
Amäo,illidan,1228,priest,discipline,59,28,31
Georgialina,moon-guard,1228,priest,discipline,42,19,23
Darkills,tichondrius,1228,priest,discipline,33,13,20
Aape,frostmourne,1227,priest,discipline,24,13,11
Dominantz,khazgoroth,1227,priest,discipline,96,51,45
Swolequadz,elune,1227,priest,discipline,38,20,18
Amgen,bleeding-hollow,1227,priest,discipline,42,19,23
Notdavido,illidan,1226,priest,discipline,48,26,22
Yotinha,nemesis,1226,priest,discipline,24,13,11
Cromekolo,tichondrius,1226,priest,discipline,159,80,79
Pavarotti,laughing-skull,1226,priest,discipline,44,19,25
Wantsumcandy,illidan,1225,priest,discipline,156,88,68
Chêrubim,arthas,1225,priest,discipline,30,16,14
Bendoverbb,tichondrius,1225,priest,discipline,30,13,17
Gäindalf,tichondrius,1224,priest,discipline,22,14,8
Emiyawagrano,tichondrius,1224,priest,discipline,24,13,11
Londy,area-52,1224,priest,discipline,106,51,55
Celf,ragnaros,1224,priest,discipline,42,16,26
Hpriest,barthilas,1224,priest,discipline,35,13,22
Nardhead,sargeras,1223,priest,discipline,72,42,30
Castnngcouch,tichondrius,1223,priest,discipline,217,103,114
Acabftp,zuljin,1223,priest,discipline,65,27,38
Harborcoat,whisperwind,1223,priest,discipline,41,15,26
Aud,kiljaeden,1222,priest,discipline,18,14,4
Trialla,medivh,1222,priest,discipline,96,53,43
Kummar,burning-blade,1222,priest,discipline,24,13,11
Mynigajeff,zuljin,1222,priest,discipline,116,54,62
Saràh,stormscale,1222,priest,discipline,126,58,68
Kafzial,zuljin,1221,priest,discipline,92,54,38
Hoffmanx,emerald-dream,1221,priest,discipline,24,13,11
Ferilla,illidan,1221,priest,discipline,30,13,17
Beecakes,illidan,1220,priest,discipline,29,16,13
Dårc,tichondrius,1220,priest,discipline,125,64,61
Pòba,malganis,1220,priest,discipline,30,13,17
Revivemepls,tichondrius,1220,priest,discipline,30,13,17
Glauga,azralon,1220,priest,discipline,90,34,56
Gdlsheretic,sargeras,1219,priest,discipline,24,13,11
Xuun,illidan,1219,priest,discipline,111,57,54
Azkillatroll,quelthalas,1219,priest,discipline,114,53,61
Séraphin,proudmoore,1219,priest,discipline,37,16,21
Gdessairmed,exodar,1219,priest,discipline,49,21,28
Jic,barthilas,1219,priest,discipline,66,25,41
Snekboy,hakkar,1218,priest,discipline,78,45,33
Nonamegame,sargeras,1218,priest,discipline,78,42,36
Iciana,proudmoore,1218,priest,discipline,26,14,12
Wrathchildd,azralon,1218,priest,discipline,156,78,78
Chopstix,senjin,1218,priest,discipline,35,16,19
Yvága,ragnaros,1217,priest,discipline,48,27,21
Forestpriest,area-52,1217,priest,discipline,24,13,11
Pacopriest,tichondrius,1217,priest,discipline,24,13,11
Aloragon,tichondrius,1217,priest,discipline,29,14,15
Alexena,senjin,1217,priest,discipline,49,23,26
Khamata,kelthuzad,1216,priest,discipline,46,22,24
Novous,area-52,1216,priest,discipline,68,29,39
Russbell,ragnaros,1215,priest,discipline,131,57,74
Eîr,tichondrius,1215,priest,discipline,72,29,43
Vandwrath,moon-guard,1214,priest,discipline,24,14,10
Ricxaw,frostmourne,1214,priest,discipline,52,27,25
Mamabless,quelthalas,1214,priest,discipline,800,400,400
Myvanwy,silvermoon,1214,priest,discipline,30,13,17
Franku,quelthalas,1211,priest,discipline,69,39,30
Foxu,frostmourne,1211,priest,discipline,24,13,11
Sadury,tichondrius,1211,priest,discipline,276,149,127
Viehweg,azralon,1211,priest,discipline,30,16,14
Tassadaraiur,tichondrius,1211,priest,discipline,104,44,60
Tamikochan,area-52,1211,priest,discipline,34,14,20
Anakou,emerald-dream,1210,priest,discipline,35,20,15
Invocational,moon-guard,1210,priest,discipline,141,69,72
Svrite,area-52,1210,priest,discipline,35,17,18
Stunsilence,malganis,1209,priest,discipline,26,14,12
Keliedeyn,emerald-dream,1209,priest,discipline,60,28,32
Sickpriest,silvermoon,1209,priest,discipline,46,21,25
Butterflyblu,ragnaros,1208,priest,discipline,43,24,19
Boostvoid,terenas,1208,priest,discipline,305,159,146
Ariavish,area-52,1208,priest,discipline,48,25,23
Nerzghoul,sargeras,1208,priest,discipline,54,28,26
Pulso,area-52,1207,priest,discipline,24,13,11
Pixa,tichondrius,1207,priest,discipline,72,33,39
Nothinsexual,frostmourne,1206,priest,discipline,26,14,12
Evelien,kiljaeden,1206,priest,discipline,72,34,38
Cast,bronzebeard,1206,priest,discipline,82,37,45
Dpshealer,azralon,1206,priest,discipline,66,29,37
Olêander,tichondrius,1205,priest,discipline,133,71,62
Discotecno,tichondrius,1205,priest,discipline,48,25,23
Gurkorr,boulderfist,1205,priest,discipline,57,24,33
Discs,detheroc,1205,priest,discipline,31,13,18
Laggin,queldorei,1204,priest,discipline,47,25,22
Visse,auchindoun,1204,priest,discipline,435,209,226
Rowman,frostmourne,1204,priest,discipline,47,22,25
Libationz,area-52,1204,priest,discipline,108,49,59
Alimony,chogall,1204,priest,discipline,29,13,16
Optîmuskrayt,tichondrius,1203,priest,discipline,139,70,69
Vynlanesh,illidan,1203,priest,discipline,88,43,45
Tsunadae,hakkar,1202,priest,discipline,21,14,7
Chickadies,barthilas,1202,priest,discipline,94,52,42
Aynone,blood-furnace,1202,priest,discipline,216,104,112
Senliastra,medivh,1201,priest,discipline,42,23,19
Thingas,garrosh,1201,priest,discipline,38,18,20
Healzyew,dragonmaw,1201,priest,discipline,79,31,48
Halidiir,frostmourne,1200,priest,discipline,24,17,7
Lookfig,frostmourne,1200,priest,discipline,54,27,27
Denarson,kiljaeden,1200,priest,discipline,42,16,26
Baroux,drakkari,1199,priest,discipline,43,29,14
Siabo,tichondrius,1199,priest,discipline,22,14,8
Charybdis,bonechewer,1199,priest,discipline,98,58,40
Damoclexz,area-52,1199,priest,discipline,84,45,39
Eirana,skywall,1199,priest,discipline,113,57,56
Bröke,nemesis,1198,priest,discipline,152,78,74
Holyhog,whisperwind,1198,priest,discipline,75,36,39
Lebwonjamdi,tichondrius,1197,priest,discipline,28,13,15
Babino,illidan,1197,priest,discipline,78,32,46
Nsquared,illidan,1197,priest,discipline,43,17,26
Eluv,area-52,1196,priest,discipline,58,33,25
Paidessanto,azralon,1196,priest,discipline,134,69,65
Docbek,illidan,1196,priest,discipline,83,40,43
Discyple,ysera,1196,priest,discipline,59,28,31
Fatäl,moon-guard,1196,priest,discipline,167,76,91
Healbilli,archimonde,1196,priest,discipline,30,13,17
Pizdük,stormrage,1196,priest,discipline,42,17,25
Lunypriest,azralon,1196,priest,discipline,42,17,25
Gaaq,stormrage,1195,priest,discipline,30,17,13
Chaniste,moon-guard,1195,priest,discipline,109,49,60
Zouras,garona,1195,priest,discipline,58,26,32
Bombmarley,azralon,1195,priest,discipline,36,16,20
Metius,smolderthorn,1194,priest,discipline,21,14,7
Freck,stormrage,1194,priest,discipline,47,25,22
Papergaruru,illidan,1194,priest,discipline,174,84,90
Fantasyx,ragnaros,1193,priest,discipline,53,31,22
Sasafras,feathermoon,1193,priest,discipline,87,43,44
Vampriest,frostmourne,1193,priest,discipline,43,21,22
Cpalian,tichondrius,1193,priest,discipline,82,38,44
Brooklyn,draka,1192,priest,discipline,30,16,14
Mythica,gurubashi,1192,priest,discipline,272,136,136
Tenchü,azralon,1192,priest,discipline,54,24,30
Groggybird,tichondrius,1192,priest,discipline,30,13,17
Kractdp,tichondrius,1192,priest,discipline,70,27,43
Kriseria,moon-guard,1191,priest,discipline,24,17,7
Ktqt,moon-guard,1191,priest,discipline,372,183,189
Moirâ,silvermoon,1191,priest,discipline,42,18,24
Healyoudead,draenor,1191,priest,discipline,41,15,26
Muuq,frostmourne,1190,priest,discipline,232,115,117
Phaille,chromaggus,1190,priest,discipline,372,184,188
Dzpi,azralon,1190,priest,discipline,96,43,53
Protega,illidan,1189,priest,discipline,22,14,8
Alurand,bleeding-hollow,1189,priest,discipline,47,29,18
Menorsita,tichondrius,1189,priest,discipline,120,57,63
Sanitater,frostmourne,1189,priest,discipline,120,55,65
Gregorovich,ragnaros,1189,priest,discipline,95,43,52
Rinmaru,dark-iron,1188,priest,discipline,24,14,10
Iltharaph,illidan,1188,priest,discipline,25,14,11
Sluttiness,tichondrius,1188,priest,discipline,85,47,38
Kruciphix,tichondrius,1187,priest,discipline,29,20,9
Kaxleigh,emerald-dream,1187,priest,discipline,29,18,11
Audacy,azuremyst,1187,priest,discipline,75,44,31
Medo,dalaran,1187,priest,discipline,165,81,84
Maiyennefer,proudmoore,1187,priest,discipline,66,28,38
Inarius,dragonblight,1187,priest,discipline,55,23,32
Yusarin,garona,1186,priest,discipline,30,14,16
Valonar,emerald-dream,1185,priest,discipline,47,20,27
Idel,runetotem,1185,priest,discipline,45,16,29
Fozil,area-52,1184,priest,discipline,104,54,50
Såge,chogall,1184,priest,discipline,332,169,163
Tesserak,tichondrius,1184,priest,discipline,105,49,56
Burpees,dalaran,1183,priest,discipline,115,53,62
Unwòke,dalaran,1182,priest,discipline,24,14,10
Happydot,stormrage,1182,priest,discipline,30,14,16
Kßnstuff,area-52,1182,priest,discipline,37,15,22
Adaele,ragnaros,1181,priest,discipline,108,53,55
Artermis,barthilas,1180,priest,discipline,85,37,48
Arkathus,stormrage,1180,priest,discipline,36,14,22
Skruffles,black-dragonflight,1179,priest,discipline,41,25,16
Kiaras,stormrage,1179,priest,discipline,48,25,23
Omgpeeldude,akama,1179,priest,discipline,33,13,20
Zeno,haomarush,1178,priest,discipline,35,20,15
Fatherfilth,frostwolf,1178,priest,discipline,59,31,28
Susannahh,goldrinn,1178,priest,discipline,36,17,19
Ohnahnah,khadgar,1178,priest,discipline,32,13,19
Riotgearmd,sargeras,1177,priest,discipline,54,25,29
Aladdinlol,tichondrius,1177,priest,discipline,40,13,27
Nightious,malganis,1176,priest,discipline,27,14,13
Fenwyr,stormrage,1176,priest,discipline,58,27,31
Feumanchu,area-52,1176,priest,discipline,32,14,18
Angeolita,nemesis,1176,priest,discipline,42,16,26
Holygriz,skywall,1175,priest,discipline,76,42,34
Mindkilla,area-52,1175,priest,discipline,273,141,132
Goldenfatty,blackrock,1175,priest,discipline,26,13,13
Jagelclam,gorefiend,1175,priest,discipline,47,22,25
Onef,quelthalas,1175,priest,discipline,35,15,20
Hiheals,anvilmar,1174,priest,discipline,36,20,16
Sacredream,illidan,1174,priest,discipline,24,13,11
Limumu,barthilas,1173,priest,discipline,23,13,10
Mindlames,bleeding-hollow,1173,priest,discipline,68,30,38
Jeffo,baelgun,1172,priest,discipline,102,54,48
Spyzz,gilneas,1172,priest,discipline,36,18,18
Angelicduck,illidan,1172,priest,discipline,30,14,16
Darrong,darkspear,1172,priest,discipline,52,24,28
Aoeprophet,area-52,1172,priest,discipline,29,13,16
Kälashnikova,ragnaros,1171,priest,discipline,63,31,32
Hanuroa,tichondrius,1170,priest,discipline,226,114,112
Zathanel,ragnaros,1169,priest,discipline,42,19,23
Kostadinov,tichondrius,1169,priest,discipline,30,13,17
Tuoday,agamaggan,1168,priest,discipline,43,19,24
Miscan,azralon,1168,priest,discipline,54,19,35
Coachbombae,tichondrius,1167,priest,discipline,24,16,8
Pushap,blood-furnace,1167,priest,discipline,108,58,50
Belletrael,wyrmrest-accord,1167,priest,discipline,111,51,60
Salovoth,area-52,1166,priest,discipline,102,48,54
Blessings,aerie-peak,1163,priest,discipline,108,57,51
Deadshöt,gorefiend,1163,priest,discipline,26,13,13
Abalowpt,nemesis,1163,priest,discipline,48,22,26
Rileau,tichondrius,1162,priest,discipline,71,34,37
Khyonne,nemesis,1162,priest,discipline,118,52,66
Xpera,dalaran,1161,priest,discipline,215,101,114
Theryan,ragnaros,1161,priest,discipline,72,31,41
Saphirah,bleeding-hollow,1161,priest,discipline,36,13,23
Fluki,skullcrusher,1160,priest,discipline,18,13,5
Heallarious,stormrage,1160,priest,discipline,52,30,22
Rancidcookie,tichondrius,1160,priest,discipline,31,13,18
Mäy,greymane,1160,priest,discipline,36,14,22
Eveilar,sargeras,1159,priest,discipline,24,15,9
Semirg,moon-guard,1158,priest,discipline,30,13,17
Velinna,tichondrius,1158,priest,discipline,42,16,26
Cynthir,stormrage,1157,priest,discipline,36,19,17
Everluna,stormrage,1155,priest,discipline,18,13,5
Jawdypriest,barthilas,1155,priest,discipline,56,32,24
Zulkmoon,ragnaros,1155,priest,discipline,102,37,65
Merlynaah,azralon,1154,priest,discipline,66,20,46
Deacoderx,area-52,1152,priest,discipline,18,12,6
Bangseight,sargeras,1152,priest,discipline,18,12,6
Darkxd,bleeding-hollow,1152,priest,discipline,18,12,6
Maraagsdad,tichondrius,1152,priest,discipline,18,12,6
Pws,azralon,1152,priest,discipline,18,12,6
Bigsàd,proudmoore,1152,priest,discipline,18,12,6
Feelmyheels,frostmourne,1152,priest,discipline,78,39,39
Xinnie,illidan,1152,priest,discipline,108,48,60
Ømegagødx,illidan,1152,priest,discipline,30,12,18
Faithbuild,emerald-dream,1151,priest,discipline,18,12,6
Soupbeanx,zuljin,1151,priest,discipline,18,12,6
Souriel,tichondrius,1151,priest,discipline,96,51,45
Pewwpew,malganis,1151,priest,discipline,24,12,12
Shadowkenlol,tichondrius,1151,priest,discipline,24,12,12
Randrimm,stormrage,1151,priest,discipline,24,12,12
Spicyhealz,arthas,1151,priest,discipline,74,36,38
Graymorick,malganis,1151,priest,discipline,30,12,18
Agrolazor,frostwolf,1150,priest,discipline,12,12,0
Tomp,tichondrius,1150,priest,discipline,18,12,6
Wizeau,dalaran,1150,priest,discipline,18,12,6
Aaff,tichondrius,1150,priest,discipline,18,12,6
Bubbleborn,garithos,1150,priest,discipline,42,23,19
Chkashaa,emerald-dream,1150,priest,discipline,42,21,21
Rhaist,sargeras,1150,priest,discipline,36,18,18
Wartrix,bonechewer,1150,priest,discipline,24,12,12
Cenrtrix,stormrage,1150,priest,discipline,24,12,12
Abercromby,malganis,1150,priest,discipline,25,12,13
Yoxxoo,tichondrius,1150,priest,discipline,36,17,19
Penancedeez,moon-guard,1150,priest,discipline,35,15,20
Holnderoth,malganis,1150,priest,discipline,110,46,64
Maxximuss,bleeding-hollow,1150,priest,discipline,44,18,26
Leach,darkspear,1150,priest,discipline,36,12,24
Troubler,tichondrius,1149,priest,discipline,18,12,6
Profpepper,tichondrius,1149,priest,discipline,18,12,6
Shadowchaos,malganis,1149,priest,discipline,24,12,12
Technetium,illidan,1149,priest,discipline,24,12,12
Pakc,tichondrius,1149,priest,discipline,24,12,12
Nerfholyplz,illidan,1149,priest,discipline,24,12,12
Whitenoiz,kiljaeden,1149,priest,discipline,24,12,12
Cyberpriest,stormrage,1149,priest,discipline,90,41,49
Lindsanp,illidan,1149,priest,discipline,30,12,18
Jacqueline,tichondrius,1149,priest,discipline,30,12,18
Anellas,sargeras,1149,priest,discipline,36,12,24
Tslacalls,malganis,1148,priest,discipline,18,12,6
Való,stormrage,1148,priest,discipline,18,12,6
Nelf,warsong,1148,priest,discipline,26,14,12
Vampyren,frostmourne,1148,priest,discipline,24,12,12
Highelfpally,sargeras,1148,priest,discipline,24,12,12
Luminatio,quelthalas,1148,priest,discipline,76,36,40
Biggerstaff,icecrown,1148,priest,discipline,62,27,35
Nervinia,tichondrius,1148,priest,discipline,36,15,21
Bakescakes,whisperwind,1148,priest,discipline,30,12,18
Hayna,emerald-dream,1148,priest,discipline,30,12,18
Revolki,azralon,1148,priest,discipline,48,12,36
Rlkeyboard,sargeras,1147,priest,discipline,18,12,6
Kk,fizzcrank,1147,priest,discipline,18,12,6
ßluezy,tichondrius,1147,priest,discipline,18,12,6
Priestøuchme,tichondrius,1147,priest,discipline,41,22,19
Profetico,ragnaros,1147,priest,discipline,83,43,40
Tranquilty,tichondrius,1147,priest,discipline,24,12,12
Mylà,ragnaros,1147,priest,discipline,32,12,20
Scrubgames,garrosh,1146,priest,discipline,12,12,0
Bakerstr,tichondrius,1146,priest,discipline,18,12,6
Smightful,garona,1146,priest,discipline,24,12,12
Dinkk,stormrage,1146,priest,discipline,24,12,12
Níaa,ragnaros,1146,priest,discipline,24,12,12
Derowent,emerald-dream,1146,priest,discipline,30,13,17
Fearthepain,lethon,1146,priest,discipline,30,12,18
Kimchpower,tichondrius,1145,priest,discipline,22,13,9
Jivita,lightbringer,1145,priest,discipline,30,16,14
Beansofdean,proudmoore,1145,priest,discipline,24,12,12
Leensay,mannoroth,1145,priest,discipline,24,12,12
Jejer,moon-guard,1145,priest,discipline,24,12,12
Orisons,lightbringer,1145,priest,discipline,24,12,12
Mashpotato,aerie-peak,1144,priest,discipline,24,13,11
Hoochiemomma,kelthuzad,1144,priest,discipline,24,13,11
Honeyweiss,cairne,1144,priest,discipline,30,16,14
Doibhli,frostmourne,1144,priest,discipline,25,13,12
Notskynet,tichondrius,1144,priest,discipline,24,12,12
Voidrisu,sargeras,1144,priest,discipline,30,12,18
Powerick,drakkari,1143,priest,discipline,46,28,18
Depressedboy,wyrmrest-accord,1143,priest,discipline,24,12,12
Tenet,stormscale,1143,priest,discipline,47,23,24
Wise,wildhammer,1143,priest,discipline,176,86,90
Tmpriest,tichondrius,1143,priest,discipline,127,49,78
Vyvanse,azuremyst,1143,priest,discipline,99,32,67
Ryuuka,sargeras,1142,priest,discipline,18,12,6
Slaystation,wildhammer,1142,priest,discipline,24,12,12
Raivn,illidan,1142,priest,discipline,24,12,12
Itha,illidan,1142,priest,discipline,30,12,18
Múd,mannoroth,1142,priest,discipline,42,12,30
Synesth,area-52,1141,priest,discipline,18,12,6
Vanhealsing,tichondrius,1141,priest,discipline,24,12,12
Nóin,tichondrius,1141,priest,discipline,84,36,48
Chickchautv,tichondrius,1140,priest,discipline,20,13,7
Superpriestz,alexstrasza,1140,priest,discipline,54,22,32
Scalpell,tichondrius,1139,priest,discipline,18,12,6
Núgz,tichondrius,1139,priest,discipline,47,31,16
Jtewatch,zuljin,1139,priest,discipline,72,43,29
Tyrea,kiljaeden,1139,priest,discipline,24,12,12
Criticaal,aegwynn,1139,priest,discipline,30,14,16
Discpi,illidan,1139,priest,discipline,80,33,47
Goodbyekiss,illidan,1138,priest,discipline,118,59,59
Zetk,tichondrius,1138,priest,discipline,24,12,12
Shooshanaa,stormrage,1138,priest,discipline,24,12,12
Drywàter,tichondrius,1137,priest,discipline,81,45,36
Xsqt,stormrage,1137,priest,discipline,92,42,50
Barrysanders,zuljin,1136,priest,discipline,72,38,34
Voidwyrm,tichondrius,1136,priest,discipline,144,75,69
Brotherheals,nagrand,1136,priest,discipline,66,33,33
Justinagnpr,tichondrius,1136,priest,discipline,36,17,19
Sprinkling,sargeras,1136,priest,discipline,34,15,19
Sölemn,barthilas,1136,priest,discipline,59,26,33
Leuviáh,ragnaros,1135,priest,discipline,24,12,12
Skokie,area-52,1135,priest,discipline,30,12,18
Calliah,moknathal,1134,priest,discipline,35,19,16
Alizeë,illidan,1134,priest,discipline,137,74,63
Alexax,quelthalas,1134,priest,discipline,48,24,24
Senumbra,tichondrius,1134,priest,discipline,24,12,12
Turdsyn,sargeras,1134,priest,discipline,30,13,17
Holytitanzz,quelthalas,1132,priest,discipline,34,13,21
Yddwin,quelthalas,1131,priest,discipline,58,30,28
Darkspearr,tichondrius,1131,priest,discipline,24,12,12
Theleena,malorne,1131,priest,discipline,42,20,22
Flayed,frostmourne,1131,priest,discipline,29,12,17
Iwillsaveyou,tichondrius,1131,priest,discipline,64,24,40
Keskima,malganis,1130,priest,discipline,129,70,59
Melithor,frostmourne,1130,priest,discipline,24,12,12
Kurtsheals,destromath,1130,priest,discipline,84,39,45
Makkima,area-52,1129,priest,discipline,48,20,28
Corthien,thrall,1129,priest,discipline,30,12,18
Hëstia,darkspear,1128,priest,discipline,30,18,12
Lobstersock,malganis,1128,priest,discipline,24,12,12
Galaxypepe,medivh,1128,priest,discipline,29,12,17
Bornindeath,proudmoore,1128,priest,discipline,30,12,18
Cyrilien,tichondrius,1127,priest,discipline,52,29,23
Psïren,quelthalas,1127,priest,discipline,119,59,60
Killían,darkspear,1126,priest,discipline,61,31,30
Xundi,ragnaros,1126,priest,discipline,66,32,34
Priestvamp,azralon,1126,priest,discipline,42,19,23
Shadowbu,tichondrius,1126,priest,discipline,30,12,18
Holyshart,stonemaul,1125,priest,discipline,35,19,16
Sänctus,emerald-dream,1125,priest,discipline,24,12,12
Osombra,azralon,1125,priest,discipline,48,23,25
Zolibeth,azshara,1124,priest,discipline,24,15,9
Haidees,akama,1124,priest,discipline,46,28,18
Thrudarkness,thrall,1124,priest,discipline,25,15,10
Finake,kelthuzad,1124,priest,discipline,86,48,38
Velriana,tichondrius,1124,priest,discipline,30,12,18
Tkawesome,area-52,1124,priest,discipline,60,23,37
Holywarrior,smolderthorn,1124,priest,discipline,50,19,31
Mucgib,frostmourne,1124,priest,discipline,74,27,47
Weregonnadie,stormrage,1123,priest,discipline,30,12,18
Ketone,malganis,1122,priest,discipline,169,88,81
Ðåmìéñ,tichondrius,1122,priest,discipline,24,12,12
Imbot,ragnaros,1122,priest,discipline,24,12,12
Exsufficate,frostmourne,1122,priest,discipline,34,15,19
Nâisha,ragnaros,1120,priest,discipline,19,13,6
Skozz,illidan,1120,priest,discipline,30,13,17
Primeevil,black-dragonflight,1119,priest,discipline,24,14,10
Deehilie,illidan,1119,priest,discipline,49,25,24
Kerith,ragnaros,1118,priest,discipline,46,34,12
Tetha,fizzcrank,1117,priest,discipline,72,33,39
Antihealz,kiljaeden,1117,priest,discipline,30,12,18
Moonpeace,tichondrius,1117,priest,discipline,31,12,19
Psïcopata,gallywix,1117,priest,discipline,109,41,68
Ravenusius,azralon,1116,priest,discipline,18,12,6
Ezklapz,malganis,1115,priest,discipline,245,125,120
Donoras,ursin,1115,priest,discipline,81,38,43
Depressíøn,moon-guard,1114,priest,discipline,42,21,21
Vitalizes,nagrand,1114,priest,discipline,30,13,17
Fenders,stormrage,1114,priest,discipline,29,12,17
Kelelin,frostwolf,1114,priest,discipline,30,12,18
Antiraus,aerie-peak,1113,priest,discipline,36,20,16
Mistnamed,emerald-dream,1113,priest,discipline,24,12,12
Nanabritches,moon-guard,1113,priest,discipline,223,109,114
Deadäss,sargeras,1113,priest,discipline,54,14,40
Yamahaz,lethon,1112,priest,discipline,30,13,17
Foxyy,wildhammer,1112,priest,discipline,35,14,21
Augus,velen,1112,priest,discipline,30,12,18
Clergy,arthas,1111,priest,discipline,27,20,7
Kiilltic,sargeras,1111,priest,discipline,54,24,30
Remixcandoit,malganis,1110,priest,discipline,18,13,5
Ariyaned,quelthalas,1110,priest,discipline,24,13,11
Benmem,illidan,1110,priest,discipline,241,117,124
Knez,ragnaros,1108,priest,discipline,27,15,12
Fushia,emerald-dream,1107,priest,discipline,45,16,29
Enkognito,tichondrius,1106,priest,discipline,52,33,19
Pûrplehaze,aegwynn,1106,priest,discipline,23,12,11
Draniev,azralon,1106,priest,discipline,90,45,45
Tootsieroll,dark-iron,1106,priest,discipline,53,25,28
Raihn,garrosh,1106,priest,discipline,37,14,23
Kithlas,emerald-dream,1105,priest,discipline,32,17,15
Chastised,moon-guard,1104,priest,discipline,980,481,499
Anäster,ragnaros,1103,priest,discipline,77,39,38
Londog,vashj,1103,priest,discipline,126,60,66
Feetishh,frostmourne,1103,priest,discipline,139,64,75
Shadowpáin,ragnaros,1102,priest,discipline,42,18,24
Dazzlingduck,illidan,1102,priest,discipline,29,12,17
Zatroux,ragnaros,1101,priest,discipline,92,41,51
Jebadiia,tichondrius,1100,priest,discipline,170,90,80
Dirtyone,dark-iron,1100,priest,discipline,36,15,21
Gorechop,aegwynn,1098,priest,discipline,72,29,43
Lördgrim,stormrage,1097,priest,discipline,55,31,24
Tâmpîcö,ragnaros,1097,priest,discipline,30,14,16
Roßyn,quelthalas,1097,priest,discipline,48,19,29
Darkxrp,bleeding-hollow,1096,priest,discipline,30,13,17
Draiger,quelthalas,1096,priest,discipline,36,14,22
Fistavert,stormreaver,1095,priest,discipline,24,12,12
Zhaann,kelthuzad,1094,priest,discipline,48,23,25
Marhuana,stormreaver,1094,priest,discipline,64,27,37
Rando,shattered-halls,1094,priest,discipline,94,38,56
Happyholy,tichondrius,1094,priest,discipline,36,14,22
Rymzxx,ragnaros,1093,priest,discipline,31,18,13
Mcdizzle,bloodscalp,1093,priest,discipline,90,41,49
Nuvea,tichondrius,1093,priest,discipline,27,12,15
Sivamint,aerie-peak,1092,priest,discipline,54,24,30
Annaphilaxis,sargeras,1091,priest,discipline,44,22,22
Stroodle,illidan,1091,priest,discipline,101,47,54
Zacksnotcool,sargeras,1090,priest,discipline,33,13,20
Serraphinaa,tichondrius,1089,priest,discipline,64,34,30
Thinmintt,wyrmrest-accord,1089,priest,discipline,108,47,61
Kidha,stormrage,1089,priest,discipline,66,22,44
Divinity,hellscream,1089,priest,discipline,36,12,24
Papipreach,sargeras,1088,priest,discipline,24,15,9
Bigdaddyku,hyjal,1088,priest,discipline,34,20,14
Mylkshakez,emerald-dream,1088,priest,discipline,31,13,18
Fhelurian,quelthalas,1088,priest,discipline,36,12,24
Touchmylight,suramar,1087,priest,discipline,77,46,31
Holysmokesx,tichondrius,1087,priest,discipline,22,12,10
Kelody,zuljin,1087,priest,discipline,30,13,17
Athzziry,ragnaros,1086,priest,discipline,51,24,27
Ithvedriel,moon-guard,1086,priest,discipline,76,33,43
Dirtydogma,zuljin,1086,priest,discipline,42,12,30
Slaac,malfurion,1085,priest,discipline,23,12,11
Quavö,tichondrius,1085,priest,discipline,68,29,39
Elbowbeans,tichondrius,1085,priest,discipline,34,12,22
Todrecas,ragnaros,1084,priest,discipline,24,13,11
Painpaws,moon-guard,1084,priest,discipline,28,12,16
Vaddaru,kirin-tor,1083,priest,discipline,66,38,28
Jùdas,ravencrest,1083,priest,discipline,23,12,11
Tigrania,proudmoore,1083,priest,discipline,23,12,11
Oniyuri,dark-iron,1083,priest,discipline,30,15,15
Scirzzy,tichondrius,1083,priest,discipline,29,14,15
Chroly,stormrage,1083,priest,discipline,65,29,36
Grapedraankk,kelthuzad,1082,priest,discipline,18,12,6
Hellequin,alexstrasza,1082,priest,discipline,39,15,24
Watdahealydo,darkspear,1081,priest,discipline,24,13,11
Nostrande,stormrage,1080,priest,discipline,21,12,9
Synes,bleeding-hollow,1080,priest,discipline,34,12,22
Priestism,bonechewer,1079,priest,discipline,62,27,35
Xïlencer,tichondrius,1078,priest,discipline,155,82,73
Holdmypriest,sargeras,1078,priest,discipline,74,33,41
Averli,moon-guard,1078,priest,discipline,48,20,28
Opri,andorhal,1078,priest,discipline,66,27,39
Fregè,ysera,1078,priest,discipline,30,12,18
Preach,boulderfist,1078,priest,discipline,66,25,41
Sheriff,lightbringer,1076,priest,discipline,153,80,73
Zinr,tichondrius,1075,priest,discipline,401,188,213
Jinxheal,tichondrius,1075,priest,discipline,26,12,14
Strithe,kiljaeden,1074,priest,discipline,18,13,5
Sístermary,stormrage,1074,priest,discipline,42,24,18
Matafuka,ragnaros,1074,priest,discipline,60,27,33
Näme,frostmourne,1074,priest,discipline,159,65,94
Marpi,quelthalas,1074,priest,discipline,36,14,22
Drtesak,illidan,1070,priest,discipline,17,12,5
Yosicuro,ragnaros,1070,priest,discipline,33,19,14
Astartés,area-52,1070,priest,discipline,30,17,13
Kaladaz,destromath,1069,priest,discipline,45,22,23
Jessikal,quelthalas,1069,priest,discipline,25,12,13
Berzap,frostmourne,1068,priest,discipline,30,18,12
Animeyiddies,illidan,1068,priest,discipline,23,12,11
Shadowsissy,tichondrius,1068,priest,discipline,60,25,35
Preezoo,tichondrius,1067,priest,discipline,88,36,52
Sharayu,madoran,1066,priest,discipline,60,34,26
Dorkulous,wyrmrest-accord,1066,priest,discipline,60,27,33
Shemhazai,ragnaros,1065,priest,discipline,28,14,14
Kloudypriest,moon-guard,1065,priest,discipline,53,26,27
Twinkmuncher,proudmoore,1065,priest,discipline,25,12,13
Sadier,moon-guard,1065,priest,discipline,44,17,27
Newheal,quelthalas,1064,priest,discipline,30,16,14
Trustheals,tichondrius,1064,priest,discipline,134,71,63
Hustleplay,tichondrius,1064,priest,discipline,104,49,55
Pochis,bleeding-hollow,1063,priest,discipline,108,52,56
Mortecraft,sargeras,1062,priest,discipline,56,29,27
Fulldesire,dalaran,1061,priest,discipline,69,39,30
Xojelas,quelthalas,1060,priest,discipline,24,13,11
Amphion,skullcrusher,1059,priest,discipline,25,12,13
Littlehcl,tichondrius,1056,priest,discipline,18,11,7
Alwayssleepy,proudmoore,1056,priest,discipline,18,11,7
Lespaula,ragnaros,1056,priest,discipline,24,12,12
Smiliebomb,tichondrius,1056,priest,discipline,24,11,13
Lilbabynaga,stormrage,1056,priest,discipline,75,27,48
Crucifer,proudmoore,1055,priest,discipline,12,11,1
Normill,bonechewer,1055,priest,discipline,19,12,7
Hly,frostmourne,1055,priest,discipline,18,11,7
Penanced,tichondrius,1055,priest,discipline,18,11,7
Pej,emerald-dream,1055,priest,discipline,18,11,7
Ptampyx,tichondrius,1055,priest,discipline,18,11,7
Chawp,kelthuzad,1055,priest,discipline,18,11,7
Unishooter,illidan,1055,priest,discipline,18,11,7
Piftw,illidan,1055,priest,discipline,18,11,7
Townbicyclé,area-52,1055,priest,discipline,24,11,13
Pro,proudmoore,1055,priest,discipline,24,11,13
Ilovedailies,frostmourne,1055,priest,discipline,24,11,13
Jonesy,tichondrius,1055,priest,discipline,24,11,13
Ffej,bleeding-hollow,1055,priest,discipline,24,11,13
Wintrow,sargeras,1055,priest,discipline,30,11,19
Disconelf,barthilas,1055,priest,discipline,30,11,19
Oymay,illidan,1055,priest,discipline,30,11,19
Hokutos,tichondrius,1055,priest,discipline,30,11,19
Voidgames,area-52,1055,priest,discipline,30,11,19
Goobiesz,tichondrius,1055,priest,discipline,30,11,19
Lampvpgerl,illidan,1055,priest,discipline,36,11,25
Aiss,malganis,1054,priest,discipline,16,12,4
Anneyann,fenris,1054,priest,discipline,30,19,11
Missyoung,tichondrius,1054,priest,discipline,18,11,7
Náñí,area-52,1054,priest,discipline,18,11,7
Íxidorr,ragnaros,1054,priest,discipline,18,11,7
Thenamesnorm,tichondrius,1054,priest,discipline,24,11,13
Owlchubz,mannoroth,1054,priest,discipline,24,11,13
Aikinorz,tichondrius,1054,priest,discipline,24,11,13
Dpsmercy,sargeras,1054,priest,discipline,24,11,13
Aguavenditaa,quelthalas,1054,priest,discipline,24,11,13
Gumiho,drakkari,1054,priest,discipline,87,39,48
Aliciab,andorhal,1054,priest,discipline,134,59,75
Syndrox,kelthuzad,1053,priest,discipline,12,11,1
Malhotra,amanthul,1053,priest,discipline,28,18,10
Skiza,stormrage,1053,priest,discipline,18,11,7
Whitepigogo,tichondrius,1053,priest,discipline,18,11,7
Holyshiiet,area-52,1053,priest,discipline,18,11,7
Kajhy,ragnaros,1053,priest,discipline,48,22,26
Polteageist,frostmourne,1053,priest,discipline,24,11,13
Orisons,bleeding-hollow,1053,priest,discipline,24,11,13
Lemmiewinkzx,sargeras,1053,priest,discipline,24,11,13
Ayezex,tichondrius,1053,priest,discipline,48,21,27
Speedboat,frostmourne,1053,priest,discipline,26,11,15
Màva,zuljin,1053,priest,discipline,30,11,19
Rezy,darkspear,1053,priest,discipline,30,11,19
Hölymöly,moon-guard,1052,priest,discipline,18,11,7
Wâtermelon,stormrage,1052,priest,discipline,18,11,7
Slavoj,gurubashi,1052,priest,discipline,41,19,22
Kovie,twisting-nether,1052,priest,discipline,24,11,13
Buffhpriest,tichondrius,1052,priest,discipline,24,11,13
Slenden,illidan,1052,priest,discipline,24,11,13
Frye,bleeding-hollow,1052,priest,discipline,30,11,19
Rhulvin,fizzcrank,1051,priest,discipline,18,11,7
Healie,mannoroth,1051,priest,discipline,75,41,34
Vikks,tichondrius,1051,priest,discipline,24,11,13
Healsforcash,bleeding-hollow,1051,priest,discipline,27,11,16
Jayqwellen,bleeding-hollow,1051,priest,discipline,30,11,19
Lilwin,bleeding-hollow,1051,priest,discipline,30,11,19
Xanderp,thrall,1051,priest,discipline,30,11,19
Moopha,zuljin,1050,priest,discipline,12,11,1
Lightschosen,malganis,1050,priest,discipline,18,11,7
Qlimaxu,ragnaros,1050,priest,discipline,18,11,7
Healdog,thrall,1050,priest,discipline,18,11,7
Elkies,area-52,1050,priest,discipline,18,11,7
Thotsteal,lightbringer,1050,priest,discipline,24,11,13
Príest,nordrassil,1050,priest,discipline,24,11,13
Darkmoonsun,frostmourne,1050,priest,discipline,24,11,13
Lalight,tichondrius,1050,priest,discipline,30,11,19
Bunked,bleeding-hollow,1049,priest,discipline,35,14,21
Inmortar,dalaran,1049,priest,discipline,30,11,19
Elexianpi,stormrage,1048,priest,discipline,30,11,19
Puralux,balnazzar,1047,priest,discipline,72,37,35
Jackflashh,hakkar,1047,priest,discipline,78,35,43
Sinwifi,ragnaros,1047,priest,discipline,64,27,37
Skinnyfat,azralon,1046,priest,discipline,18,11,7
Gawlas,azshara,1046,priest,discipline,18,11,7
Ahitaro,ragnaros,1046,priest,discipline,65,19,46
Zetalight,kelthuzad,1045,priest,discipline,12,11,1
Hangingmeat,jubeithos,1045,priest,discipline,24,11,13
Nippols,skullcrusher,1045,priest,discipline,24,11,13
Whoôx,khazgoroth,1044,priest,discipline,29,11,18
Ahualol,tichondrius,1043,priest,discipline,18,11,7
Rìch,tichondrius,1043,priest,discipline,18,11,7
Deusthanatos,medivh,1043,priest,discipline,88,45,43
Lilbabe,stormrage,1043,priest,discipline,24,11,13
Otterblast,illidan,1041,priest,discipline,18,11,7
Roivas,bleeding-hollow,1041,priest,discipline,24,11,13
Ðrip,burning-legion,1039,priest,discipline,28,12,16
Bübbler,tichondrius,1038,priest,discipline,18,11,7
Lindisfarne,kiljaeden,1038,priest,discipline,24,12,12
Sendia,hydraxis,1038,priest,discipline,66,31,35
Skeepsi,area-52,1037,priest,discipline,78,39,39
Lovetotouch,malganis,1037,priest,discipline,24,11,13
Arythor,tichondrius,1037,priest,discipline,30,11,19
Kuppel,tichondrius,1037,priest,discipline,30,11,19
Lzzp,azralon,1036,priest,discipline,24,11,13
Pleogasm,sargeras,1036,priest,discipline,24,11,13
Gudnewsevone,illidan,1035,priest,discipline,24,11,13
Gongá,moon-guard,1035,priest,discipline,108,43,65
Cøwbøycrytøø,azralon,1033,priest,discipline,84,24,60
Uchihalol,tichondrius,1032,priest,discipline,24,11,13
Erelim,durotan,1031,priest,discipline,90,37,53
Cuckfist,darkspear,1031,priest,discipline,83,34,49
Prawda,area-52,1031,priest,discipline,30,11,19
Tapel,khazgoroth,1030,priest,discipline,60,38,22
Geulis,illidan,1030,priest,discipline,65,30,35
Uljinoo,blackwing-lair,1030,priest,discipline,116,52,64
Bubbleyo,shandris,1029,priest,discipline,18,11,7
Gãmbino,wyrmrest-accord,1029,priest,discipline,40,14,26
Egraner,drakkari,1027,priest,discipline,24,11,13
Hèal,frostmourne,1026,priest,discipline,24,11,13
Karamapang,illidan,1026,priest,discipline,155,68,87
Efrem,tichondrius,1025,priest,discipline,69,32,37
Sharkda,frostmourne,1024,priest,discipline,82,45,37
Elomszz,tichondrius,1024,priest,discipline,22,11,11
Naxiest,stormrage,1024,priest,discipline,29,11,18
Bakharftw,nemesis,1023,priest,discipline,28,17,11
Harlei,tichondrius,1023,priest,discipline,24,14,10
Shadowgïrl,azralon,1023,priest,discipline,23,13,10
Nubzin,tichondrius,1023,priest,discipline,24,12,12
Bäldùr,moon-guard,1023,priest,discipline,24,11,13
Enrika,stormrage,1022,priest,discipline,37,17,20
Guillotinee,ragnaros,1022,priest,discipline,25,11,14
Mxd,bleeding-hollow,1021,priest,discipline,20,12,8
Treenewbeems,tichondrius,1020,priest,discipline,49,25,24
Nipseys,frostmourne,1020,priest,discipline,30,15,15
Mgfoxxie,scarlet-crusade,1020,priest,discipline,30,12,18
Kenray,sargeras,1020,priest,discipline,48,18,30
Xidems,frostmourne,1020,priest,discipline,30,11,19
Deemmortii,stormrage,1020,priest,discipline,40,11,29
Thadan,uldaman,1019,priest,discipline,24,11,13
Sév,frostmane,1017,priest,discipline,190,89,101
Rahna,azralon,1017,priest,discipline,30,11,19
Sihua,illidan,1016,priest,discipline,24,11,13
Steck,illidan,1016,priest,discipline,64,27,37
Nightmxres,zuljin,1016,priest,discipline,30,11,19
Junss,tichondrius,1015,priest,discipline,25,13,12
Jèf,stormrage,1015,priest,discipline,23,11,12
Shaydeep,nagrand,1015,priest,discipline,28,12,16
Mob,garona,1015,priest,discipline,47,19,28
Classifiedcc,illidan,1014,priest,discipline,324,164,160
Profît,stormrage,1014,priest,discipline,24,12,12
Hathamet,thrall,1013,priest,discipline,60,25,35
Rigityrekt,aggramar,1012,priest,discipline,30,22,8
Covfefe,draka,1012,priest,discipline,96,38,58
Serana,maelstrom,1011,priest,discipline,164,88,76
Touchedbygud,frostmourne,1011,priest,discipline,62,33,29
Linarelitha,area-52,1011,priest,discipline,104,48,56
Rescueherø,tichondrius,1010,priest,discipline,56,30,26
Drãith,magtheridon,1009,priest,discipline,24,12,12
Sajahsa,moon-guard,1008,priest,discipline,31,17,14
Buschlatte,frostmane,1007,priest,discipline,23,11,12
Dynopriest,kelthuzad,1007,priest,discipline,29,11,18
Healzutwo,tichondrius,1007,priest,discipline,48,17,31
Gwenoviere,whisperwind,1007,priest,discipline,46,12,34
Lesserfaith,sargeras,1006,priest,discipline,21,11,10
Fluxus,sargeras,1005,priest,discipline,18,11,7
Ehmacros,kelthuzad,1005,priest,discipline,35,11,24
Ioudas,ragnaros,1004,priest,discipline,35,11,24
Vidzz,silvermoon,1003,priest,discipline,23,11,12
Archcerion,stormreaver,1002,priest,discipline,34,13,21
Mando,area-52,1001,priest,discipline,152,82,70
Nowwow,tichondrius,1000,priest,discipline,24,11,13
Stinkyfingr,frostmourne,1000,priest,discipline,42,15,27
Khallmir,goldrinn,999,priest,discipline,166,82,84
Lytherina,aegwynn,999,priest,discipline,42,19,23
Novoc,blackhand,998,priest,discipline,66,30,36
Whitewidowx,eredar,997,priest,discipline,21,12,9
Jaster,proudmoore,996,priest,discipline,70,39,31
Betrthenadam,bleeding-hollow,995,priest,discipline,75,32,43
Robertsmurda,emerald-dream,992,priest,discipline,22,11,11
Miju,tichondrius,992,priest,discipline,181,85,96
Kokboof,area-52,991,priest,discipline,22,11,11
Jonnycanuckz,duskwood,991,priest,discipline,36,14,22
Xneanthia,illidan,989,priest,discipline,22,12,10
Jikoguu,stormscale,989,priest,discipline,36,11,25
Lilflexi,lightbringer,988,priest,discipline,22,11,11
Drzz,tichondrius,988,priest,discipline,28,13,15
Carbonated,zuljin,986,priest,discipline,17,11,6
Nickerbocker,nazgrel,986,priest,discipline,22,11,11
Ugork,gundrak,986,priest,discipline,26,11,15
Terric,shattered-hand,985,priest,discipline,37,18,19
Zarakih,azralon,985,priest,discipline,81,36,45
Antonella,malganis,985,priest,discipline,33,12,21
Diamontie,tichondrius,977,priest,discipline,26,16,10
Mikkik,zuljin,977,priest,discipline,54,32,22
Toastanator,wyrmrest-accord,977,priest,discipline,286,139,147
Tjxx,zuljin,977,priest,discipline,41,14,27
Azrïel,mannoroth,976,priest,discipline,54,29,25
Kahari,perenolde,976,priest,discipline,28,11,17
Zeun,spinebreaker,975,priest,discipline,96,43,53
Hèáls,tichondrius,975,priest,discipline,66,29,37
Icemeilarda,illidan,973,priest,discipline,124,55,69
Noriniani,sargeras,972,priest,discipline,33,18,15
Moomagic,sargeras,972,priest,discipline,83,41,42
Bubblebuster,lightbringer,972,priest,discipline,71,31,40
Elvspriesly,doomhammer,971,priest,discipline,107,51,56
Reitherïn,drakkari,970,priest,discipline,48,11,37
Leoi,fenris,968,priest,discipline,63,31,32
Taedrid,stormrage,968,priest,discipline,116,50,66
Perzeval,azshara,967,priest,discipline,28,11,17
Fallenfaith,dathremar,964,priest,discipline,49,27,22
Voidwulf,azgalor,962,priest,discipline,131,65,66
Laeral,quelthalas,962,priest,discipline,41,16,25
Åphrødite,bonechewer,961,priest,discipline,22,12,10
Åz,quelthalas,961,priest,discipline,24,12,12
Cezanne,tichondrius,961,priest,discipline,125,52,73
Charón,tichondrius,960,priest,discipline,12,10,2
Mxchsm,stormrage,960,priest,discipline,12,10,2
Ishyeboi,stormrage,960,priest,discipline,18,10,8
Priesticules,illidan,960,priest,discipline,18,10,8
Squigic,turalyon,960,priest,discipline,18,10,8
Kàrmâ,area-52,960,priest,discipline,18,10,8
Notlowboy,area-52,960,priest,discipline,24,10,14
Ajxoz,thrall,960,priest,discipline,24,10,14
Lilpurp,sargeras,960,priest,discipline,28,10,18
Luzhú,illidan,960,priest,discipline,30,10,20
Futuuncle,tichondrius,960,priest,discipline,30,10,20
Jinforever,tichondrius,959,priest,discipline,12,10,2
Henchwoman,stormrage,959,priest,discipline,12,10,2
Orcsaje,tichondrius,959,priest,discipline,12,10,2
Strawberryzz,area-52,959,priest,discipline,12,10,2
Trentdaddy,tichondrius,959,priest,discipline,12,10,2
Elimix,frostmourne,959,priest,discipline,12,10,2
Dubai,tichondrius,959,priest,discipline,18,10,8
Budlyy,dalaran,959,priest,discipline,18,10,8
Minnowhead,kelthuzad,959,priest,discipline,18,10,8
Sgno,ragnaros,959,priest,discipline,18,10,8
Oduum,tichondrius,959,priest,discipline,18,10,8
Ruinr,illidan,959,priest,discipline,18,10,8
Dudurr,zuluhed,959,priest,discipline,18,10,8
Groove,kelthuzad,959,priest,discipline,18,10,8
Filthmaster,moon-guard,959,priest,discipline,18,10,8
Cigma,magtheridon,959,priest,discipline,18,10,8
Bicardii,area-52,959,priest,discipline,18,10,8
Yodud,tichondrius,959,priest,discipline,18,10,8
Elphié,sargeras,959,priest,discipline,18,10,8
Gucciboon,frostmourne,959,priest,discipline,18,10,8
Vbgodd,frostmourne,959,priest,discipline,18,10,8
Tamzy,eredar,959,priest,discipline,18,10,8
Hundski,darkspear,959,priest,discipline,18,10,8
Kelaara,gnomeregan,959,priest,discipline,19,10,9
Tamtwo,the-forgotten-coast,959,priest,discipline,24,10,14
Stylébender,tichondrius,959,priest,discipline,24,10,14
Rum,kirin-tor,959,priest,discipline,24,10,14
Punchyxz,illidan,959,priest,discipline,24,10,14
Johadorr,shadowsong,959,priest,discipline,24,10,14
Calahra,malganis,959,priest,discipline,24,10,14
Yaheals,gorefiend,959,priest,discipline,24,10,14
Zanyp,akama,959,priest,discipline,32,12,20
Brodel,dark-iron,959,priest,discipline,27,10,17
Stríkes,emerald-dream,959,priest,discipline,30,10,20
Buddings,tichondrius,959,priest,discipline,36,10,26
Azide,mannoroth,958,priest,discipline,12,10,2
Twinkogood,nemesis,958,priest,discipline,15,10,5
Josephlin,quelthalas,958,priest,discipline,18,10,8
Amonerpriest,tichondrius,958,priest,discipline,18,10,8
Chknhealer,darkspear,958,priest,discipline,18,10,8
Istvala,zuljin,958,priest,discipline,18,10,8
Gothii,tichondrius,958,priest,discipline,18,10,8
Tîg,nemesis,958,priest,discipline,21,10,11
Magicbus,blackrock,958,priest,discipline,24,10,14
Câstiêl,malganis,958,priest,discipline,24,10,14
Ritzien,jubeithos,958,priest,discipline,24,10,14
Wilburre,sargeras,957,priest,discipline,18,10,8
Joanoarc,destromath,957,priest,discipline,18,10,8
Bigchalupaz,sargeras,957,priest,discipline,18,10,8
Kelpyd,tichondrius,957,priest,discipline,18,10,8
Bubblebeasst,area-52,957,priest,discipline,18,10,8
Jagsp,area-52,957,priest,discipline,24,10,14
Rellington,frostwolf,957,priest,discipline,24,10,14
Saintmass,stormrage,957,priest,discipline,24,10,14
Dacreampie,nerzhul,957,priest,discipline,24,10,14
Freed,kargath,957,priest,discipline,24,10,14
Daddydirtbag,malganis,957,priest,discipline,30,10,20
Lildes,tichondrius,957,priest,discipline,30,10,20
Chanyt,azralon,956,priest,discipline,12,10,2
Saviorsëlf,tichondrius,956,priest,discipline,18,10,8
Mottomami,nemesis,956,priest,discipline,24,10,14
Kissmyvoìd,frostmourne,956,priest,discipline,24,10,14
Dorlala,tichondrius,955,priest,discipline,18,10,8
Synthas,tichondrius,955,priest,discipline,18,10,8
Bachaterah,skullcrusher,955,priest,discipline,24,10,14
Çõrlëøñè,illidan,955,priest,discipline,24,10,14
Felmnir,ragnaros,955,priest,discipline,30,10,20
Fidalus,stormrage,955,priest,discipline,38,10,28
Lúçíd,sargeras,954,priest,discipline,18,10,8
Liloffended,sargeras,954,priest,discipline,18,10,8
Lauriestrode,andorhal,954,priest,discipline,18,10,8
Hanklin,lightnings-blade,954,priest,discipline,18,10,8
Febronia,aerie-peak,954,priest,discipline,18,10,8
Heleadorita,ragnaros,954,priest,discipline,18,10,8
Hateznamez,bladefist,954,priest,discipline,18,10,8
Ihelp,altar-of-storms,954,priest,discipline,18,10,8
Stepbroplzno,barthilas,954,priest,discipline,22,11,11
Judgejudyx,tichondrius,954,priest,discipline,24,10,14
Acésnóf,stormrage,954,priest,discipline,24,10,14
Discjuice,tichondrius,954,priest,discipline,36,10,26
Discomon,lightnings-blade,953,priest,discipline,12,10,2
Kajagoogoö,emerald-dream,953,priest,discipline,18,10,8
Lusch,stormscale,953,priest,discipline,70,37,33
Ôvr,area-52,953,priest,discipline,26,11,15
Clerkbum,emerald-dream,953,priest,discipline,24,10,14
Flagged,azgalor,953,priest,discipline,24,10,14
Xenonfaith,bleeding-hollow,952,priest,discipline,17,12,5
Anonymoûs,silver-hand,952,priest,discipline,24,14,10
Actiop,stormrage,952,priest,discipline,18,10,8
Jessicä,malganis,952,priest,discipline,18,10,8
Vazara,tichondrius,952,priest,discipline,18,10,8
Unholyio,barthilas,952,priest,discipline,18,10,8
Worthy,runetotem,952,priest,discipline,18,10,8
Stennic,emerald-dream,952,priest,discipline,18,10,8
Hereforfastq,shattered-hand,951,priest,discipline,18,10,8
Daijoubu,lightnings-blade,951,priest,discipline,24,10,14
Possumvendor,dalaran,951,priest,discipline,30,10,20
Ppinmuhbutt,tichondrius,951,priest,discipline,36,10,26
Blackpreach,illidan,950,priest,discipline,18,10,8
Artmend,malganis,950,priest,discipline,24,10,14
Zeas,moon-guard,950,priest,discipline,66,23,43
Zhadowbolts,thrall,949,priest,discipline,18,10,8
Threlad,elune,949,priest,discipline,18,10,8
Thirddps,illidan,949,priest,discipline,24,12,12
Dreamskull,aegwynn,949,priest,discipline,26,11,15
Dwennalous,stormrage,949,priest,discipline,24,10,14
Ululoo,tichondrius,949,priest,discipline,30,10,20
Hypnogypsy,malganis,948,priest,discipline,18,10,8
Lasslìn,bonechewer,948,priest,discipline,18,10,8
Prófessór,tichondrius,948,priest,discipline,24,10,14
Futatsi,zuljin,948,priest,discipline,46,18,28
Samsunglions,tichondrius,947,priest,discipline,18,10,8
Heelium,spirestone,945,priest,discipline,24,10,14
Nikkazul,drakkari,943,priest,discipline,30,14,16
Redg,azjolnerub,943,priest,discipline,23,10,13
Praiz,tichondrius,942,priest,discipline,24,15,9
Ðowörk,illidan,942,priest,discipline,18,10,8
Mixxd,shuhalo,942,priest,discipline,114,54,60
Prlest,proudmoore,941,priest,discipline,60,26,34
Sinnz,emerald-dream,939,priest,discipline,30,11,19
Holyulf,ragnaros,938,priest,discipline,18,10,8
Sisterdeáth,area-52,938,priest,discipline,24,11,13
Cleymoré,quelthalas,936,priest,discipline,18,10,8
Boosserbro,dawnbringer,936,priest,discipline,42,21,21
Ophiuchus,jubeithos,936,priest,discipline,32,12,20
Miel,kargath,935,priest,discipline,60,22,38
Babayiagha,ragnaros,933,priest,discipline,18,10,8
Tamayooni,illidan,933,priest,discipline,24,10,14
Mcmorphy,stormrage,931,priest,discipline,53,23,30
Alexz,area-52,927,priest,discipline,14,11,3
Siokeena,stormrage,927,priest,discipline,17,10,7
Toastedheal,stormreaver,927,priest,discipline,20,11,9
Sublety,aerie-peak,927,priest,discipline,72,33,39
Thehealinck,magtheridon,927,priest,discipline,22,10,12
Healzium,blackwater-raiders,927,priest,discipline,22,10,12
Peacebewithu,echo-isles,926,priest,discipline,24,13,11
Gankchange,tichondrius,926,priest,discipline,26,11,15
Tonymòntana,area-52,923,priest,discipline,18,10,8
Kaladîn,dark-iron,921,priest,discipline,20,11,9
Divinebones,gurubashi,921,priest,discipline,42,17,25
Mottsarella,mugthol,920,priest,discipline,102,52,50
Braxxten,tichondrius,919,priest,discipline,56,23,33
Chinsta,tichondrius,919,priest,discipline,41,16,25
Thekingheals,draenor,918,priest,discipline,28,14,14
Jeanmarc,aerie-peak,918,priest,discipline,78,32,46
Epicaah,quelthalas,916,priest,discipline,24,10,14
Twistedead,illidan,911,priest,discipline,21,11,10
Katalla,spirestone,911,priest,discipline,27,10,17
Mègadèath,area-52,911,priest,discipline,35,10,25
Healloween,stormrage,910,priest,discipline,27,14,13
Diefidel,sargeras,910,priest,discipline,64,19,45
Sorzartluz,malganis,908,priest,discipline,15,11,4
Jrøc,sargeras,908,priest,discipline,21,11,10
Mindgames,the-underbog,906,priest,discipline,18,11,7
Shadowdeathx,bleeding-hollow,906,priest,discipline,23,10,13
Ðanté,the-venture-co,904,priest,discipline,22,13,9
Corrûpt,stormrage,904,priest,discipline,20,11,9
Lmäo,azralon,904,priest,discipline,28,11,17
Asfw,chogall,903,priest,discipline,24,12,12
Ohashi,ragnaros,902,priest,discipline,18,11,7
Igotdots,scilla,902,priest,discipline,48,22,26
Mikebroowwnn,firetree,900,priest,discipline,28,12,16
Belielosong,moon-guard,898,priest,discipline,81,38,43
Valkur,aegwynn,897,priest,discipline,24,12,12
Mvqjlm,tichondrius,895,priest,discipline,14,10,4
Plaedito,stormscale,895,priest,discipline,23,10,13
Bellack,emerald-dream,895,priest,discipline,73,31,42
Càipirinha,tichondrius,895,priest,discipline,28,10,18
Maelei,ragnaros,894,priest,discipline,14,10,4
Shayylii,stormrage,894,priest,discipline,32,10,22
Chapitä,drakkari,893,priest,discipline,16,10,6
Azztiel,tichondrius,893,priest,discipline,27,12,15
Unholydomina,zuljin,892,priest,discipline,83,38,45
Kaizzen,gorgonnash,891,priest,discipline,17,10,7
Tezcatyo,area-52,891,priest,discipline,17,10,7
Voif,proudmoore,886,priest,discipline,22,10,12
Supersede,sargeras,883,priest,discipline,300,146,154
Frojasensei,tichondrius,879,priest,discipline,17,10,7
Throwinshadê,stormrage,878,priest,discipline,339,172,167
Åffliction,sargeras,873,priest,discipline,22,11,11
Skellybells,sargeras,871,priest,discipline,26,16,10
Burielthy,frostmourne,867,priest,discipline,126,43,83
Trinaty,senjin,864,priest,discipline,12,9,3
Gillette,thunderlord,864,priest,discipline,12,9,3
Xxmewo,sargeras,864,priest,discipline,12,9,3
Photic,malganis,864,priest,discipline,12,9,3
Dirtydickdan,sargeras,864,priest,discipline,12,9,3
Squiddyjr,tichondrius,864,priest,discipline,12,9,3
Tarwow,alterac-mountains,864,priest,discipline,12,9,3
Elise,ravenholdt,864,priest,discipline,12,9,3
Marcalus,garrosh,864,priest,discipline,15,9,6
Drbønghitmd,tichondrius,864,priest,discipline,18,9,9
Stubby,shadowsong,864,priest,discipline,18,9,9
Shoepooper,kelthuzad,864,priest,discipline,18,9,9
Arcmage,malganis,864,priest,discipline,18,9,9
Toteme,proudmoore,864,priest,discipline,18,9,9
Shadooe,tichondrius,864,priest,discipline,18,9,9
Makdaddy,skullcrusher,864,priest,discipline,18,9,9
Phurbosjr,sargeras,864,priest,discipline,18,9,9
Norikoo,malganis,864,priest,discipline,18,9,9
Wv,kelthuzad,864,priest,discipline,18,9,9
Moqoro,azralon,864,priest,discipline,18,9,9
Omgnerfz,zuljin,864,priest,discipline,18,9,9
Seyvyur,black-dragonflight,864,priest,discipline,18,9,9
Træway,tichondrius,864,priest,discipline,18,9,9
Irar,tichondrius,864,priest,discipline,18,9,9
Tobaiss,arygos,864,priest,discipline,18,9,9
Celerisp,malganis,864,priest,discipline,18,9,9
Tuladim,tichondrius,864,priest,discipline,18,9,9
Trezz,aegwynn,864,priest,discipline,18,9,9
Æßøäîètîÿ,sargeras,864,priest,discipline,18,9,9
Cinnalite,darkspear,864,priest,discipline,18,9,9
Abbyc,barthilas,864,priest,discipline,18,9,9
Akinap,thrall,864,priest,discipline,18,9,9
Challengerz,suramar,864,priest,discipline,18,9,9
Badgoy,dalaran,864,priest,discipline,22,10,12
Soll,veknilash,864,priest,discipline,24,9,15
Ninbará,stormrage,864,priest,discipline,24,9,15
Spankdealer,illidan,864,priest,discipline,24,9,15
Stroserous,hyjal,863,priest,discipline,12,9,3
Samsypriest,frostmourne,863,priest,discipline,12,9,3
Softqt,tichondrius,863,priest,discipline,12,9,3
Djxkidrock,moon-guard,863,priest,discipline,12,9,3
Helleamh,tichondrius,863,priest,discipline,12,9,3
Dkarla,lightnings-blade,863,priest,discipline,16,10,6
Pillböx,tichondrius,863,priest,discipline,18,9,9
Piece,tichondrius,863,priest,discipline,18,9,9
Sentenel,duskwood,863,priest,discipline,18,9,9
Xellda,azjolnerub,863,priest,discipline,18,9,9
Kumzamboni,dalaran,863,priest,discipline,18,9,9
Oprst,tichondrius,863,priest,discipline,18,9,9
Deean,demon-soul,863,priest,discipline,18,9,9
Gäüga,burning-legion,863,priest,discipline,18,9,9
Iamrisen,tichondrius,863,priest,discipline,18,9,9
Goyqqp,illidan,863,priest,discipline,18,9,9
Eyepod,bleeding-hollow,863,priest,discipline,18,9,9
Darkrecovery,sargeras,863,priest,discipline,18,9,9
Saucelord,barthilas,863,priest,discipline,18,9,9
Kamisamakiss,illidan,863,priest,discipline,18,9,9
Eaten,emerald-dream,863,priest,discipline,18,9,9
Nerfskills,tichondrius,863,priest,discipline,18,9,9
Ifalna,nemesis,863,priest,discipline,18,9,9
Aguadejamica,tichondrius,863,priest,discipline,24,9,15
Mudbuttman,kelthuzad,863,priest,discipline,24,9,15
Løøtgoblin,skullcrusher,863,priest,discipline,24,9,15
Gobsend,illidan,863,priest,discipline,24,9,15
Kamasutra,drakthul,863,priest,discipline,24,9,15
Bree,area-52,863,priest,discipline,30,9,21
Sypii,stormrage,863,priest,discipline,30,9,21
Kyüra,sargeras,863,priest,discipline,30,9,21
Bugshott,tichondrius,863,priest,discipline,31,9,22
Nuttypea,tichondrius,863,priest,discipline,36,9,27
Felina,maiev,862,priest,discipline,12,9,3
Sykezlol,darkspear,862,priest,discipline,12,9,3
Tinyjunk,stormrage,862,priest,discipline,12,9,3
Lacerating,illidan,862,priest,discipline,18,9,9
Tubshark,moon-guard,862,priest,discipline,18,9,9
Pandia,quelthalas,862,priest,discipline,18,9,9
Aheneas,quelthalas,862,priest,discipline,18,9,9
Neuroflex,proudmoore,862,priest,discipline,18,9,9
Ocxpriest,azralon,862,priest,discipline,18,9,9
Johnnysyns,barthilas,862,priest,discipline,18,9,9
Runnow,area-52,862,priest,discipline,18,9,9
Jasolini,area-52,862,priest,discipline,18,9,9
Drerrdaytv,kelthuzad,862,priest,discipline,18,9,9
Redclover,tichondrius,862,priest,discipline,18,9,9
Ppomx,tichondrius,862,priest,discipline,18,9,9
Monvireaux,area-52,862,priest,discipline,24,9,15
Fäÿë,tichondrius,862,priest,discipline,24,9,15
Ershackleton,illidan,862,priest,discipline,24,9,15
Drinkmymilk,hakkar,861,priest,discipline,12,9,3
Çøçø,tichondrius,861,priest,discipline,12,9,3
Cremexo,tichondrius,861,priest,discipline,16,9,7
Sorros,cenarion-circle,861,priest,discipline,18,10,8
Synapse,moon-guard,861,priest,discipline,18,9,9
Discountay,burning-legion,861,priest,discipline,18,9,9
Adrameléch,area-52,861,priest,discipline,18,9,9
Vania,tortheldrin,861,priest,discipline,24,9,15
Seader,alterac-mountains,861,priest,discipline,29,9,20
Jeraphìm,tichondrius,860,priest,discipline,18,9,9
Zarfs,burning-blade,860,priest,discipline,18,9,9
Desterk,quelthalas,860,priest,discipline,24,9,15
Griggleslol,tichondrius,859,priest,discipline,12,9,3
Demonwizard,sargeras,859,priest,discipline,18,9,9
Belamir,wyrmrest-accord,859,priest,discipline,18,9,9
Lovebbw,sargeras,859,priest,discipline,24,9,15
Selson,stormrage,859,priest,discipline,30,9,21
Notahero,tichondrius,858,priest,discipline,12,9,3
Jacktractive,area-52,858,priest,discipline,15,10,5
Preachermang,laughing-skull,858,priest,discipline,18,9,9
Priestrix,frostmourne,858,priest,discipline,85,34,51
Ricflayer,lothar,858,priest,discipline,24,9,15
Asatruu,stormrage,858,priest,discipline,24,9,15
Wxmm,illidan,857,priest,discipline,18,9,9
Brahmin,nazjatar,857,priest,discipline,18,9,9
Prncesspeech,kiljaeden,857,priest,discipline,18,9,9
Rugaru,emerald-dream,857,priest,discipline,21,10,11
Aquathicks,alexstrasza,857,priest,discipline,30,9,21
Jhonka,nerzhul,856,priest,discipline,12,9,3
Damushi,frostmourne,856,priest,discipline,18,9,9
Sipmemaster,tichondrius,856,priest,discipline,24,9,15
Caiitlynn,quelthalas,856,priest,discipline,24,9,15
Vynthorian,frostmourne,854,priest,discipline,18,9,9
Sunayriah,illidan,853,priest,discipline,12,9,3
Mangoes,scilla,853,priest,discipline,20,9,11
Wilita,drakkari,852,priest,discipline,18,9,9
Uckuck,illidan,851,priest,discipline,18,9,9
Macoa,zuljin,851,priest,discipline,108,48,60
Crusifixx,tichondrius,851,priest,discipline,30,9,21
Whitegirlirl,blackrock,850,priest,discipline,12,9,3
Discodeath,tichondrius,848,priest,discipline,18,9,9
Averageheals,stormrage,848,priest,discipline,24,9,15
Brahskeet,illidan,841,priest,discipline,30,9,21
Darkblesxd,quelthalas,837,priest,discipline,12,9,3
Delithara,tichondrius,834,priest,discipline,20,10,10
Thelonioüs,tichondrius,832,priest,discipline,55,20,35
Rockrock,zuljin,831,priest,discipline,14,11,3
Creepa,kul-tiras,831,priest,discipline,16,9,7
Lixer,stormrage,831,priest,discipline,22,9,13
Chinadøll,emerald-dream,828,priest,discipline,17,9,8
Gnepe,sargeras,824,priest,discipline,29,11,18
Mydranol,tichondrius,824,priest,discipline,29,9,20
Khinthazin,barthilas,815,priest,discipline,48,20,28
Asmyra,sargeras,814,priest,discipline,17,9,8
Arizztocrat,tichondrius,814,priest,discipline,23,9,14
Capriestsunn,turalyon,814,priest,discipline,23,9,14
Decokim,tichondrius,814,priest,discipline,27,9,18
Sincorel,whisperwind,810,priest,discipline,29,11,18
Breathkeeper,proudmoore,810,priest,discipline,27,10,17
Crossblesser,alleria,809,priest,discipline,18,9,9
Ryukim,tichondrius,809,priest,discipline,26,12,14
Wellheeled,norgannon,806,priest,discipline,21,9,12
Wingchick,azshara,805,priest,discipline,66,24,42
Alterboy,garrosh,802,priest,discipline,54,21,33
Bërlin,drakkari,798,priest,discipline,33,16,17
Safewurd,sargeras,796,priest,discipline,14,9,5
Neehow,hyjal,792,priest,discipline,64,31,33
Guineveré,drakkari,784,priest,discipline,19,9,10
Fátima,tichondrius,783,priest,discipline,11,9,2
Tidepodzxo,moon-guard,783,priest,discipline,11,9,2
Butdidudied,sargeras,783,priest,discipline,17,9,8
Yait,tichondrius,783,priest,discipline,20,10,10
Pasquell,emerald-dream,779,priest,discipline,15,10,5
Myòvó,tichondrius,768,priest,discipline,12,8,4
Nausitoo,ragnaros,768,priest,discipline,12,8,4
Dabû,tichondrius,768,priest,discipline,12,8,4
Skerrz,illidan,768,priest,discipline,12,8,4
Fzz,queldorei,768,priest,discipline,12,8,4
Voltekkeh,tichondrius,768,priest,discipline,12,8,4
Discipline,the-scryers,768,priest,discipline,12,8,4
Twwety,thrall,768,priest,discipline,12,8,4
Zeepew,tichondrius,768,priest,discipline,12,8,4
Hallak,gorefiend,768,priest,discipline,12,8,4
Xactly,sargeras,768,priest,discipline,12,8,4
Bubbletrubbl,blackrock,768,priest,discipline,12,8,4
Qohoo,tichondrius,768,priest,discipline,12,8,4
Bambi,dunemaul,768,priest,discipline,12,8,4
Plosux,tichondrius,768,priest,discipline,12,8,4
Criiltwo,area-52,768,priest,discipline,12,8,4
Sinsofmany,tichondrius,768,priest,discipline,12,8,4
Sip,sargeras,768,priest,discipline,12,8,4
Spitonmejuli,illidan,768,priest,discipline,12,8,4
Bananass,sargeras,768,priest,discipline,12,8,4
Goofs,moon-guard,768,priest,discipline,12,8,4
Sìkarìa,illidan,768,priest,discipline,12,8,4
Slpox,sargeras,768,priest,discipline,12,8,4
Smilebomb,tichondrius,768,priest,discipline,12,8,4
Káldorei,proudmoore,768,priest,discipline,12,8,4
Heeka,kelthuzad,768,priest,discipline,12,8,4
Sweethole,illidan,768,priest,discipline,12,8,4
Zenelu,tichondrius,768,priest,discipline,12,8,4
Ñightelf,area-52,768,priest,discipline,12,8,4
Drewsies,anvilmar,768,priest,discipline,12,8,4
Mindboink,executus,768,priest,discipline,12,8,4
Chigge,area-52,768,priest,discipline,12,8,4
Yansuanmu,tichondrius,768,priest,discipline,12,8,4
Angeldúst,the-forgotten-coast,768,priest,discipline,12,8,4
Sallydaddy,wyrmrest-accord,768,priest,discipline,12,8,4
Actionable,area-52,768,priest,discipline,12,8,4
Evèlyn,dathremar,768,priest,discipline,12,8,4
Notsquishy,tichondrius,768,priest,discipline,12,8,4
Mindtrick,zuljin,768,priest,discipline,14,8,6
Jjaeminkim,area-52,768,priest,discipline,25,12,13
Pearlhaps,darkspear,768,priest,discipline,18,8,10
Dehf,bleeding-hollow,768,priest,discipline,18,8,10
Alcoric,illidan,768,priest,discipline,18,8,10
Divineecho,tichondrius,768,priest,discipline,18,8,10
Mellisonant,stormrage,768,priest,discipline,18,8,10
Yannigirl,area-52,768,priest,discipline,18,8,10
Nevermyndz,bleeding-hollow,768,priest,discipline,18,8,10
Ifortalot,lothar,768,priest,discipline,18,8,10
Yosps,tichondrius,768,priest,discipline,18,8,10
Jpgpng,tichondrius,768,priest,discipline,18,8,10
Cowboydanpri,malganis,768,priest,discipline,18,8,10
Melielectra,tichondrius,768,priest,discipline,18,8,10
Holysaxx,area-52,768,priest,discipline,18,8,10
Immörtality,stormrage,768,priest,discipline,18,8,10
Robinophelia,sargeras,768,priest,discipline,18,8,10
Xtradotz,tichondrius,768,priest,discipline,18,8,10
Sotore,bleeding-hollow,768,priest,discipline,18,8,10
Nokzo,dalaran,768,priest,discipline,18,8,10
Drpez,frostmourne,768,priest,discipline,18,8,10
Manbelow,bleeding-hollow,768,priest,discipline,27,9,18
Jinzp,area-52,768,priest,discipline,24,8,16
Mavalie,zuljin,768,priest,discipline,24,8,16
Ayani,khadgar,768,priest,discipline,24,8,16
Minyeong,tichondrius,768,priest,discipline,24,8,16
Hugeshield,stormrage,768,priest,discipline,24,8,16
Nuditwo,malganis,768,priest,discipline,24,8,16
Fréákk,ragnaros,768,priest,discipline,24,8,16
Dylan,shuhalo,768,priest,discipline,24,8,16
Synnlawl,bleeding-hollow,768,priest,discipline,24,8,16
Bittyboom,daggerspine,767,priest,discipline,12,8,4
Piusxll,tichondrius,767,priest,discipline,12,8,4
Rainny,proudmoore,767,priest,discipline,12,8,4
Kadvan,area-52,767,priest,discipline,12,8,4
Mariels,quelthalas,767,priest,discipline,12,8,4
Urgetopurge,dunemaul,767,priest,discipline,12,8,4
Ahnightmares,tichondrius,767,priest,discipline,12,8,4
Maga,laughing-skull,767,priest,discipline,12,8,4
Cassiuss,kelthuzad,767,priest,discipline,12,8,4
Garbagépg,zuljin,767,priest,discipline,12,8,4
Iulu,doomhammer,767,priest,discipline,12,8,4
Clerkpriest,dragonmaw,767,priest,discipline,12,8,4
Shinemyhead,stormrage,767,priest,discipline,12,8,4
Lucènt,frostmourne,767,priest,discipline,12,8,4
Geniusidiot,area-52,767,priest,discipline,12,8,4
Smashfacëwin,tichondrius,767,priest,discipline,12,8,4
Pandaboots,illidan,767,priest,discipline,12,8,4
Alarisa,chogall,767,priest,discipline,12,8,4
Grotti,ragnaros,767,priest,discipline,18,8,10
Liljunky,zuljin,767,priest,discipline,18,8,10
Byrez,kelthuzad,767,priest,discipline,18,8,10
Raddah,dalaran,767,priest,discipline,18,8,10
Pehkthree,hyjal,767,priest,discipline,18,8,10
Xanarcine,moon-guard,767,priest,discipline,18,8,10
Doublesix,malganis,767,priest,discipline,18,8,10
Äpriest,sargeras,767,priest,discipline,18,8,10
Phobe,windrunner,767,priest,discipline,18,8,10
Babburger,tichondrius,767,priest,discipline,18,8,10
Kabutta,stormrage,767,priest,discipline,18,8,10
Holyslap,nerzhul,767,priest,discipline,18,8,10
Wobzqq,tichondrius,767,priest,discipline,18,8,10
Hl,dalaran,767,priest,discipline,24,8,16
Weston,bleeding-hollow,767,priest,discipline,24,8,16
Dawnside,wyrmrest-accord,767,priest,discipline,24,8,16
Falro,tichondrius,767,priest,discipline,24,8,16
Providennce,tichondrius,767,priest,discipline,24,8,16
Fatherdan,blackrock,767,priest,discipline,24,8,16
Showakoi,ragnaros,767,priest,discipline,28,9,19
Shirley,skywall,767,priest,discipline,30,8,22
Kynnen,mannoroth,766,priest,discipline,12,8,4
Dorós,coilfang,766,priest,discipline,12,8,4
Fakér,illidan,766,priest,discipline,12,8,4
Eldoras,zuljin,766,priest,discipline,12,8,4
Grizzblessed,sargeras,766,priest,discipline,12,8,4
Mineral,sargeras,766,priest,discipline,12,8,4
Ariel,veknilash,766,priest,discipline,12,8,4
Shockalishus,stormrage,766,priest,discipline,12,8,4
Jerserra,emerald-dream,766,priest,discipline,12,8,4
Imb,nagrand,766,priest,discipline,12,8,4
Abzorbed,stormrage,766,priest,discipline,12,8,4
Saphet,draktharon,766,priest,discipline,18,8,10
Hotdice,bleeding-hollow,766,priest,discipline,18,8,10
Shaerel,dalaran,766,priest,discipline,18,8,10
Spriest,kul-tiras,766,priest,discipline,18,8,10
Purus,tichondrius,766,priest,discipline,18,8,10
Mondrielris,tichondrius,766,priest,discipline,18,8,10
Bawahaka,proudmoore,766,priest,discipline,18,8,10
Gõd,zuluhed,766,priest,discipline,18,8,10
Via,chogall,766,priest,discipline,18,8,10
Yarock,kelthuzad,766,priest,discipline,18,8,10
Invisapowa,hyjal,766,priest,discipline,18,8,10
Autocorrect,moon-guard,766,priest,discipline,24,8,16
Bromighty,kiljaeden,766,priest,discipline,24,8,16
Pollyphia,kiljaeden,765,priest,discipline,12,8,4
Kamelaia,area-52,765,priest,discipline,12,8,4
Frekigeri,dalaran,765,priest,discipline,18,8,10
Sahray,quelthalas,765,priest,discipline,18,8,10
Shalther,thrall,765,priest,discipline,18,8,10
Lilyanná,tichondrius,765,priest,discipline,18,8,10
Dirtyprïest,bonechewer,765,priest,discipline,18,8,10
Nursébeardy,whisperwind,765,priest,discipline,18,8,10
Xavios,alexstrasza,765,priest,discipline,18,8,10
Xiphz,stormrage,765,priest,discipline,24,8,16
Hammersholy,stormrage,765,priest,discipline,24,8,16
Velinthra,proudmoore,764,priest,discipline,12,8,4
Kathlick,thrall,764,priest,discipline,12,8,4
Chandrella,zuljin,764,priest,discipline,18,8,10
Glepstein,emerald-dream,764,priest,discipline,18,8,10
Cravex,stormrage,764,priest,discipline,41,18,23
Alinastarkov,area-52,764,priest,discipline,20,8,12
Glownoodle,stormrage,763,priest,discipline,12,8,4
Itchybubble,emerald-dream,763,priest,discipline,12,8,4
Deadheadfred,bonechewer,763,priest,discipline,18,8,10
Priestvoker,sargeras,763,priest,discipline,18,8,10
Rókue,silvermoon,763,priest,discipline,18,8,10
Ashlìe,moon-guard,763,priest,discipline,18,8,10
Squatrack,tichondrius,763,priest,discipline,24,8,16
Bustmybubble,tichondrius,762,priest,discipline,12,8,4
Stumbelz,stormrage,762,priest,discipline,12,8,4
Yurick,garrosh,762,priest,discipline,12,8,4
Nuell,malganis,762,priest,discipline,12,8,4
Badazzfrank,tichondrius,762,priest,discipline,18,8,10
Barrist,wyrmrest-accord,762,priest,discipline,24,8,16
Priestkofwa,tichondrius,760,priest,discipline,18,8,10
Lifesavér,tichondrius,759,priest,discipline,12,8,4
Cheuksin,korgath,759,priest,discipline,12,8,4
Zalementor,frostmane,758,priest,discipline,24,8,16
Kasamm,nazjatar,756,priest,discipline,18,8,10
Mortto,azralon,755,priest,discipline,12,8,4
Flannigan,veknilash,753,priest,discipline,12,8,4
Pingleangel,tichondrius,752,priest,discipline,18,8,10
Åzrael,stormreaver,752,priest,discipline,30,8,22
Alleviate,frostmourne,751,priest,discipline,17,8,9
Chadeux,bleeding-hollow,751,priest,discipline,18,8,10
Whitepi,tichondrius,751,priest,discipline,21,9,12
Angêlheals,proudmoore,750,priest,discipline,14,9,5
Worldhealer,area-52,749,priest,discipline,18,8,10
Mistymiau,drakkari,749,priest,discipline,36,8,28
Kuazi,frostmourne,745,priest,discipline,29,8,21
Frothyfran,icecrown,741,priest,discipline,24,8,16
Phathighs,nagrand,739,priest,discipline,18,8,10
Pokebox,frostmourne,735,priest,discipline,16,8,8
Zaroff,turalyon,735,priest,discipline,17,8,9
Krewed,ravencrest,734,priest,discipline,14,9,5
Itssehctap,chogall,732,priest,discipline,14,9,5
Priestmain,thrall,731,priest,discipline,17,8,9
Notarealdoc,uldaman,726,priest,discipline,20,9,11
Kloevu,stormrage,725,priest,discipline,17,8,9
Itxo,quelthalas,723,priest,discipline,16,9,7
Methyll,firetree,720,priest,discipline,15,8,7
Invoice,bloodscalp,719,priest,discipline,17,8,9
Pðpë,area-52,718,priest,discipline,11,8,3
Clarity,arthas,718,priest,discipline,15,9,6
Nikniknak,bleeding-hollow,715,priest,discipline,15,9,6
Divìne,kiljaeden,714,priest,discipline,18,9,9
Nås,elune,711,priest,discipline,22,10,12
Trashdiscx,stormrage,707,priest,discipline,25,11,14
Sölei,tichondrius,704,priest,discipline,22,8,14
Noneedruid,ragnaros,703,priest,discipline,11,8,3
Aenbubble,tichondrius,703,priest,discipline,14,8,6
Frankzappa,tichondrius,702,priest,discipline,16,8,8
Hateraide,galakrond,687,priest,discipline,11,8,3
Styléßéndérx,illidan,687,priest,discipline,11,8,3
Zylemm,malganis,687,priest,discipline,17,8,9
Väin,proudmoore,685,priest,discipline,27,10,17
Läsombra,area-52,684,priest,discipline,17,9,8
Nerfdisc,elune,672,priest,discipline,12,7,5
Horízon,illidan,672,priest,discipline,12,7,5
Jaiym,bleeding-hollow,672,priest,discipline,12,7,5
Toyz,arthas,672,priest,discipline,12,7,5
Tmall,tichondrius,672,priest,discipline,12,7,5
Imeldaa,illidan,672,priest,discipline,12,7,5
Walpurgis,skywall,672,priest,discipline,12,7,5
Lashelin,sargeras,672,priest,discipline,12,7,5
Merkurial,illidan,672,priest,discipline,12,7,5
Burgersl,illidan,672,priest,discipline,12,7,5
Blackoss,sargeras,672,priest,discipline,12,7,5
Ogdisc,gallywix,672,priest,discipline,12,7,5
Rickmason,frostmane,672,priest,discipline,12,7,5
Jenhawkinsx,frostmourne,672,priest,discipline,12,7,5
Morcelina,illidan,672,priest,discipline,12,7,5
Ahnit,azralon,672,priest,discipline,12,7,5
Shadion,sargeras,672,priest,discipline,12,7,5
Hükk,kalecgos,672,priest,discipline,12,7,5
Marejayne,tichondrius,672,priest,discipline,12,7,5
Sideform,tichondrius,672,priest,discipline,12,7,5
Dwarfxomp,ragnaros,672,priest,discipline,12,7,5
Harrydisc,shattered-hand,672,priest,discipline,12,7,5
Tòodles,stormrage,672,priest,discipline,12,7,5
Pavesarii,proudmoore,672,priest,discipline,12,7,5
Qnarisha,tichondrius,672,priest,discipline,12,7,5
Onipapae,frostmourne,672,priest,discipline,12,7,5
Dráugr,ragnaros,672,priest,discipline,12,7,5
Vaala,jubeithos,672,priest,discipline,12,7,5
Mesuki,malganis,672,priest,discipline,12,7,5
Greenteababy,tichondrius,672,priest,discipline,12,7,5
Mixedprotein,tichondrius,672,priest,discipline,12,7,5
Pinkprincess,tichondrius,672,priest,discipline,12,7,5
Ikkemen,tichondrius,672,priest,discipline,12,7,5
Bubbleguppyx,tichondrius,672,priest,discipline,12,7,5
Sadsadge,sargeras,672,priest,discipline,12,7,5
Wizk,kelthuzad,672,priest,discipline,12,7,5
Brehzy,zuljin,672,priest,discipline,12,7,5
Eneldz,quelthalas,672,priest,discipline,12,7,5
Holyscuz,zuljin,672,priest,discipline,12,7,5
Ìceheals,area-52,672,priest,discipline,12,7,5
Kiloe,tichondrius,672,priest,discipline,12,7,5
Fireflyly,tichondrius,672,priest,discipline,12,7,5
Interacts,darkspear,672,priest,discipline,12,7,5
Sevros,moon-guard,672,priest,discipline,12,7,5
Basedgód,arathor,672,priest,discipline,12,7,5
Babe,aerie-peak,672,priest,discipline,12,7,5
Nellìel,whisperwind,672,priest,discipline,12,7,5
Eddic,wyrmrest-accord,672,priest,discipline,12,7,5
Whataday,tichondrius,672,priest,discipline,12,7,5
Artirie,darkspear,672,priest,discipline,12,7,5
Aeyde,proudmoore,672,priest,discipline,12,7,5
Moondèx,maelstrom,672,priest,discipline,12,7,5
Jennaôrtega,tichondrius,672,priest,discipline,12,7,5
Omsi,emerald-dream,672,priest,discipline,12,7,5
Pearl,chogall,672,priest,discipline,12,7,5
Powerwôrdhug,destromath,672,priest,discipline,12,7,5
Scandi,tichondrius,672,priest,discipline,12,7,5
Clevelandboy,blackrock,672,priest,discipline,12,7,5
Untainted,malganis,672,priest,discipline,12,7,5
Kymomeh,sargeras,672,priest,discipline,12,7,5
Xantard,malganis,672,priest,discipline,12,7,5
Uhohmd,senjin,672,priest,discipline,12,7,5
Vadrenp,skullcrusher,672,priest,discipline,12,7,5
Oshlyn,tichondrius,672,priest,discipline,12,7,5
Pandaniaco,drakkari,672,priest,discipline,12,7,5
Asgà,azgalor,672,priest,discipline,12,7,5
Djwienerbum,darkspear,672,priest,discipline,12,7,5
Ninielly,stormrage,672,priest,discipline,14,8,6
Photicz,thrall,672,priest,discipline,17,8,9
Dingledot,sargeras,672,priest,discipline,18,7,11
Aryeinna,illidan,672,priest,discipline,18,7,11
Ayumihamaski,tichondrius,672,priest,discipline,18,7,11
Rectumhealer,stormrage,672,priest,discipline,18,7,11
Johntextor,tichondrius,672,priest,discipline,18,7,11
Mockr,kiljaeden,672,priest,discipline,18,7,11
Joeybats,frostwolf,672,priest,discipline,18,7,11
Tisifone,ragnaros,672,priest,discipline,18,7,11
Dxs,hydraxis,672,priest,discipline,18,7,11
Brotheraram,kelthuzad,672,priest,discipline,18,7,11
Cryptoccocus,zuljin,672,priest,discipline,18,7,11
Manbooty,illidan,672,priest,discipline,18,7,11
Rigotakx,illidan,672,priest,discipline,18,7,11
Imagees,stormscale,672,priest,discipline,18,7,11
Sagapriest,hyjal,672,priest,discipline,18,7,11
Xayda,area-52,672,priest,discipline,18,7,11
Lidole,barthilas,672,priest,discipline,18,7,11
Upsahl,area-52,672,priest,discipline,18,7,11
Burblespue,burning-blade,672,priest,discipline,18,7,11
Willagain,gurubashi,672,priest,discipline,19,7,12
Xalty,emerald-dream,672,priest,discipline,25,8,17
Diebetus,zuljin,672,priest,discipline,24,7,17
Babymieo,illidan,672,priest,discipline,24,7,17
Autogenic,malganis,672,priest,discipline,24,7,17
Hágios,stormrage,672,priest,discipline,24,7,17
Ezrah,kelthuzad,672,priest,discipline,24,7,17
Pïque,proudmoore,672,priest,discipline,24,7,17
Polyesterp,frostmourne,672,priest,discipline,24,7,17
Mindfak,bleeding-hollow,672,priest,discipline,24,7,17
Rawpriest,blackrock,672,priest,discipline,24,7,17
Spampws,aerie-peak,672,priest,discipline,24,7,17
Discpriestxo,malganis,672,priest,discipline,30,7,23
Fatherleem,tichondrius,671,priest,discipline,12,7,5
Lumyra,malganis,671,priest,discipline,12,7,5
Serafím,goldrinn,671,priest,discipline,12,7,5
Altari,whisperwind,671,priest,discipline,12,7,5
Esohpr,frostmourne,671,priest,discipline,12,7,5
Mahelet,drakkari,671,priest,discipline,12,7,5
Skgangmm,tichondrius,671,priest,discipline,12,7,5
Thattpriest,thrall,671,priest,discipline,12,7,5
Crossblèssèr,sargeras,671,priest,discipline,12,7,5
Bathrobè,tichondrius,671,priest,discipline,12,7,5
Codepie,tichondrius,671,priest,discipline,12,7,5
Azhley,sargeras,671,priest,discipline,12,7,5
Snugzee,sargeras,671,priest,discipline,12,7,5
Saintsnap,bleeding-hollow,671,priest,discipline,12,7,5
Maenard,emerald-dream,671,priest,discipline,12,7,5
Murkmindz,thrall,671,priest,discipline,12,7,5
Beocca,nerzhul,671,priest,discipline,12,7,5
Atheenia,icecrown,671,priest,discipline,12,7,5
Debigheal,stormrage,671,priest,discipline,12,7,5
Jeremey,darkspear,671,priest,discipline,12,7,5
Asilberixi,tichondrius,671,priest,discipline,12,7,5
Curra,frostmourne,671,priest,discipline,12,7,5
Tiffk,hydraxis,671,priest,discipline,12,7,5
Danílo,quelthalas,671,priest,discipline,12,7,5
Boüh,aegwynn,671,priest,discipline,12,7,5
Linlight,stormrage,671,priest,discipline,12,7,5
Milkymommies,tichondrius,671,priest,discipline,12,7,5
Bombinburbon,durotan,671,priest,discipline,12,7,5
Trinidy,illidan,671,priest,discipline,12,7,5
Travakel,proudmoore,671,priest,discipline,12,7,5
Kenprizle,sargeras,671,priest,discipline,12,7,5
Windwolf,dalvengyr,671,priest,discipline,12,7,5
Donkeycube,tichondrius,671,priest,discipline,12,7,5
Geyforpray,tichondrius,671,priest,discipline,12,7,5
Alfeezie,illidan,671,priest,discipline,12,7,5
Epik,moknathal,671,priest,discipline,15,8,7
Painkiller,lightbringer,671,priest,discipline,17,7,10
Xalatath,stormrage,671,priest,discipline,18,7,11
Spyderco,mugthol,671,priest,discipline,18,7,11
Randomheal,dunemaul,671,priest,discipline,18,7,11
Twisturfait,tichondrius,671,priest,discipline,18,7,11
Ganelm,vashj,671,priest,discipline,18,7,11
Ate,rexxar,671,priest,discipline,18,7,11
Gangshet,illidan,671,priest,discipline,18,7,11
Gringøtt,bloodscalp,671,priest,discipline,18,7,11
Pecadu,azralon,671,priest,discipline,18,7,11
Rillding,tichondrius,671,priest,discipline,18,7,11
Merxy,bleeding-hollow,671,priest,discipline,18,7,11
Slobmygnob,illidan,671,priest,discipline,18,7,11
Adofthealer,illidan,671,priest,discipline,18,7,11
Xiaozhui,tichondrius,671,priest,discipline,24,7,17
Beetrap,wyrmrest-accord,671,priest,discipline,24,7,17
Floorpray,tichondrius,671,priest,discipline,24,7,17
Caeda,icecrown,671,priest,discipline,24,7,17
Vodussy,stormrage,671,priest,discipline,24,7,17
Malansuo,wyrmrest-accord,671,priest,discipline,30,7,23
Velkorvasa,saurfang,671,priest,discipline,36,7,29
Mitras,moon-guard,670,priest,discipline,12,7,5
Xð,jubeithos,670,priest,discipline,12,7,5
Réíayánámí,jubeithos,670,priest,discipline,12,7,5
Dotsrboe,illidan,670,priest,discipline,12,7,5
Donus,frostmane,670,priest,discipline,12,7,5
Triplekil,tichondrius,670,priest,discipline,12,7,5
Mortïmer,alleria,670,priest,discipline,12,7,5
Madskills,shadow-council,670,priest,discipline,12,7,5
Cromagnøn,dalaran,670,priest,discipline,12,7,5
Fedge,kelthuzad,670,priest,discipline,12,7,5
Ihealfunny,blood-furnace,670,priest,discipline,12,7,5
Fatherhands,illidan,670,priest,discipline,12,7,5
Kastwalker,earthen-ring,670,priest,discipline,12,7,5
Spiceenjoyer,emerald-dream,670,priest,discipline,15,8,7
Xeras,ravencrest,670,priest,discipline,18,7,11
Littlean,frostmourne,670,priest,discipline,18,7,11
Râku,area-52,670,priest,discipline,18,7,11
Nightdesire,ragnaros,670,priest,discipline,18,7,11
Texmix,stormrage,670,priest,discipline,26,9,17
Zgzz,stormrage,670,priest,discipline,24,7,17
Kerfos,azralon,669,priest,discipline,10,8,2
Gabryanna,emerald-dream,669,priest,discipline,18,7,11
Dorst,bonechewer,669,priest,discipline,18,7,11
Waterßoÿ,emerald-dream,669,priest,discipline,21,8,13
Laj,proudmoore,669,priest,discipline,24,7,17
Yuricksus,malganis,669,priest,discipline,24,7,17
Darthvalak,illidan,668,priest,discipline,12,7,5
Nielic,arygos,668,priest,discipline,12,7,5
Tílanga,azralon,668,priest,discipline,12,7,5
Albertth,ragnaros,668,priest,discipline,18,7,11
Typhon,blackhand,668,priest,discipline,18,7,11
Príesty,blades-edge,667,priest,discipline,12,7,5
Tassik,dalaran,667,priest,discipline,18,7,11
Nikasaur,azgalor,667,priest,discipline,18,7,11
Bwonshanji,thrall,667,priest,discipline,18,7,11
Glisserin,zuljin,666,priest,discipline,12,7,5
Charlie,azshara,665,priest,discipline,12,7,5
Pharaoh,deathwing,665,priest,discipline,18,7,11
Brumildo,tichondrius,662,priest,discipline,12,7,5
Linndy,illidan,659,priest,discipline,12,7,5
Rcx,sargeras,655,priest,discipline,17,7,10
Plasticbag,frostmourne,654,priest,discipline,17,7,10
Devivi,malganis,654,priest,discipline,17,7,10
Kikioo,ragnaros,654,priest,discipline,23,7,16
Lonerush,hyjal,652,priest,discipline,19,7,12
Germanica,area-52,645,priest,discipline,42,14,28
Pridesp,tichondrius,639,priest,discipline,14,8,6
Posivibesz,tichondrius,639,priest,discipline,14,8,6
Faíthless,sargeras,639,priest,discipline,17,7,10
Scrïpt,thaurissan,638,priest,discipline,17,7,10
Dreadxshadow,stormrage,628,priest,discipline,24,12,12
Clubmoneth,sargeras,624,priest,discipline,9,8,1
Swagacious,malganis,624,priest,discipline,13,8,5
Ëgirl,tichondrius,624,priest,discipline,15,7,8
Discotec,stormrage,623,priest,discipline,11,7,4
Ezpríest,kelthuzad,623,priest,discipline,11,7,4
Holysmegma,dreadmaul,623,priest,discipline,11,7,4
Tinypebs,sargeras,623,priest,discipline,11,7,4
Praisedalort,illidan,621,priest,discipline,15,8,7
Tmnaarcanttv,tichondrius,618,priest,discipline,13,8,5
Wyldpiece,frostmourne,617,priest,discipline,25,9,16
Zhanay,ragnaros,617,priest,discipline,29,8,21
Elevatez,stormrage,608,priest,discipline,10,7,3
Poøpoopeepee,tichondrius,607,priest,discipline,11,7,4
Coolzo,dethecus,607,priest,discipline,14,8,6
Jimyo,tichondrius,607,priest,discipline,15,7,8
Codiroli,tichondrius,606,priest,discipline,14,7,7
Silverspöön,bleeding-hollow,590,priest,discipline,19,7,12
Applekrisp,sargeras,589,priest,discipline,25,8,17
Icecoldmarg,illidan,576,priest,discipline,6,6,0
Chop,kelthuzad,576,priest,discipline,6,6,0
Gód,moonrunner,576,priest,discipline,6,6,0
Kwx,tichondrius,576,priest,discipline,6,6,0
Arçhángël,moon-guard,576,priest,discipline,6,6,0
Illmatíc,malganis,576,priest,discipline,6,6,0
Madelyn,stormrage,576,priest,discipline,6,6,0
Healia,tichondrius,576,priest,discipline,6,6,0
Porffy,malygos,576,priest,discipline,6,6,0
Capriëstsun,tichondrius,576,priest,discipline,7,6,1
Missrachel,kiljaeden,576,priest,discipline,12,6,6
Bernietopper,tichondrius,576,priest,discipline,12,6,6
Astralshadow,barthilas,576,priest,discipline,12,6,6
Syncope,garona,576,priest,discipline,12,6,6
Purpskurp,stormrage,576,priest,discipline,12,6,6
Saladar,andorhal,576,priest,discipline,12,6,6
Asleep,sargeras,576,priest,discipline,12,6,6
Wodpriestx,stormrage,576,priest,discipline,12,6,6
Kawasakix,tichondrius,576,priest,discipline,12,6,6
Nieni,wyrmrest-accord,576,priest,discipline,12,6,6
Dimebahg,mugthol,576,priest,discipline,12,6,6
Keldrii,sentinels,576,priest,discipline,12,6,6
Napr,proudmoore,576,priest,discipline,12,6,6
Scrublahr,the-venture-co,576,priest,discipline,12,6,6
Decades,moon-guard,576,priest,discipline,12,6,6
Chaotikx,kelthuzad,576,priest,discipline,12,6,6
Surletoit,tichondrius,576,priest,discipline,12,6,6
Thelastfight,frostmourne,576,priest,discipline,12,6,6
Pollitoasado,tichondrius,576,priest,discipline,12,6,6
Capriestsunx,malfurion,576,priest,discipline,12,6,6
Lisau,tichondrius,576,priest,discipline,12,6,6
Taviesh,tichondrius,576,priest,discipline,12,6,6
Armour,kelthuzad,576,priest,discipline,12,6,6
Kurtx,tichondrius,576,priest,discipline,12,6,6
Shwayp,zuljin,576,priest,discipline,12,6,6
Moselol,tichondrius,576,priest,discipline,12,6,6
Ikancastt,tichondrius,576,priest,discipline,12,6,6
Xiaochenchen,tichondrius,576,priest,discipline,12,6,6
Estyy,tichondrius,576,priest,discipline,12,6,6
Wizkadrew,sargeras,576,priest,discipline,12,6,6
Mycelius,zuljin,576,priest,discipline,12,6,6
Mediterranee,tichondrius,576,priest,discipline,12,6,6
Rin,ghostlands,576,priest,discipline,12,6,6
Scripture,stormreaver,576,priest,discipline,12,6,6
Bumps,zuljin,576,priest,discipline,12,6,6
Avraf,sargeras,576,priest,discipline,12,6,6
Chicoryx,illidan,576,priest,discipline,12,6,6
Mykillakilla,wyrmrest-accord,576,priest,discipline,12,6,6
Stat,thrall,576,priest,discipline,12,6,6
Puritykitty,zuljin,576,priest,discipline,12,6,6
Ripret,tichondrius,576,priest,discipline,12,6,6
Aenai,sargeras,576,priest,discipline,12,6,6
Bìgdisc,sargeras,576,priest,discipline,12,6,6
Ahnassi,stormrage,576,priest,discipline,12,6,6
Luun,bleeding-hollow,576,priest,discipline,12,6,6
Nethir,moon-guard,576,priest,discipline,12,6,6
Velýs,moon-guard,576,priest,discipline,12,6,6
Jaybudhope,tichondrius,576,priest,discipline,12,6,6
Panikâ,thrall,576,priest,discipline,12,6,6
Kutnorsha,silvermoon,576,priest,discipline,12,6,6
Creata,frostmourne,576,priest,discipline,12,6,6
Saelomism,frostmourne,576,priest,discipline,12,6,6
Johnio,tichondrius,576,priest,discipline,12,6,6
Bns,perenolde,576,priest,discipline,12,6,6
Neep,turalyon,576,priest,discipline,12,6,6
Priil,emerald-dream,576,priest,discipline,12,6,6
Kzo,gnomeregan,576,priest,discipline,12,6,6
Nineoneoneh,stormrage,576,priest,discipline,12,6,6
Fatherjohnny,azuremyst,576,priest,discipline,12,6,6
Photicz,malganis,576,priest,discipline,12,6,6
Darkinfusion,illidan,576,priest,discipline,12,6,6
Elbruha,frostmourne,576,priest,discipline,12,6,6
Slouch,emerald-dream,576,priest,discipline,12,6,6
Raichu,blackrock,576,priest,discipline,12,6,6
Prostrat,deathwing,576,priest,discipline,12,6,6
Boppdot,tichondrius,576,priest,discipline,12,6,6
Priesterson,tichondrius,576,priest,discipline,12,6,6
Ereessea,hyjal,576,priest,discipline,12,6,6
Datwunguy,sargeras,576,priest,discipline,12,6,6
Imfresh,illidan,576,priest,discipline,12,6,6
Rïshloo,ragnaros,576,priest,discipline,12,6,6
Padrë,tichondrius,576,priest,discipline,12,6,6
Rëy,bleeding-hollow,576,priest,discipline,12,6,6
Jopocket,bleeding-hollow,576,priest,discipline,12,6,6
Wabie,illidan,576,priest,discipline,12,6,6
Celypriest,moon-guard,576,priest,discipline,12,6,6
Altheria,malganis,576,priest,discipline,12,6,6
Flapjakked,tichondrius,576,priest,discipline,12,6,6
Riasgremøry,stormrage,576,priest,discipline,12,6,6
Treri,bleeding-hollow,576,priest,discipline,12,6,6
Inukimi,sargeras,576,priest,discipline,12,6,6
Bloodfaith,stormrage,576,priest,discipline,12,6,6
Stankychimpo,malganis,576,priest,discipline,12,6,6
Bootypudding,moon-guard,576,priest,discipline,12,6,6
Kujoh,tichondrius,576,priest,discipline,12,6,6
Wøah,stormrage,576,priest,discipline,12,6,6
Saintjpii,tichondrius,576,priest,discipline,12,6,6
Seléne,tichondrius,576,priest,discipline,12,6,6
Instaboned,sargeras,576,priest,discipline,12,6,6
Helacia,jubeithos,576,priest,discipline,12,6,6
Warlocks,lightbringer,576,priest,discipline,12,6,6
Bambucha,ragnaros,576,priest,discipline,12,6,6
Mayineedruid,ragnaros,576,priest,discipline,17,8,9
Holytickles,stormrage,576,priest,discipline,15,7,8
Fishtat,barthilas,576,priest,discipline,15,7,8
Preyforme,tichondrius,576,priest,discipline,13,6,7
Mayzal,emerald-dream,576,priest,discipline,24,9,15
Fiéstah,illidan,576,priest,discipline,21,7,14
Purifyhoes,sargeras,576,priest,discipline,18,6,12
Fartnutts,dalaran,576,priest,discipline,18,6,12
Stepbrohelp,barthilas,576,priest,discipline,18,6,12
Repriest,malganis,576,priest,discipline,18,6,12
Komicks,tichondrius,576,priest,discipline,18,6,12
Averages,stormrage,576,priest,discipline,18,6,12
Voldenmort,dragonmaw,576,priest,discipline,18,6,12
Thedeadheal,malganis,576,priest,discipline,18,6,12
Slimshadylp,illidan,576,priest,discipline,18,6,12
Pillowfinger,illidan,576,priest,discipline,18,6,12
Peaky,moonrunner,576,priest,discipline,18,6,12
Synaptikk,proudmoore,576,priest,discipline,18,6,12
Faya,proudmoore,576,priest,discipline,18,6,12
Dots,tichondrius,576,priest,discipline,18,6,12
Jarzo,thunderhorn,576,priest,discipline,18,6,12
Ímgucci,malganis,576,priest,discipline,18,6,12
Spøokz,stormreaver,576,priest,discipline,18,6,12
Dgpriest,tichondrius,576,priest,discipline,18,6,12
Aquinas,executus,576,priest,discipline,18,6,12
Wheelson,wildhammer,576,priest,discipline,18,6,12
Greenzombiez,area-52,576,priest,discipline,18,6,12
Snupyfangirl,area-52,576,priest,discipline,18,6,12
Slthrysnake,area-52,576,priest,discipline,18,6,12
Soulheal,zuljin,576,priest,discipline,18,6,12
Khegan,area-52,576,priest,discipline,18,6,12
Sojang,tichondrius,576,priest,discipline,18,6,12
Xpenance,ragnaros,576,priest,discipline,18,6,12
Nupanda,tichondrius,576,priest,discipline,18,6,12
Pekeatz,tichondrius,576,priest,discipline,18,6,12
Çørrúptíøñz,tichondrius,576,priest,discipline,18,6,12
Deadlylight,frostmourne,576,priest,discipline,18,6,12
Torangi,tichondrius,576,priest,discipline,18,6,12
Jiedx,tichondrius,576,priest,discipline,18,6,12
Starp,tichondrius,576,priest,discipline,18,6,12
Fadedhalo,magtheridon,576,priest,discipline,18,6,12
Keepsleepin,stormrage,576,priest,discipline,18,6,12
Cenzlyor,arthas,576,priest,discipline,18,6,12
Sandelios,aggramar,576,priest,discipline,18,6,12
Shinck,ragnaros,576,priest,discipline,18,6,12
Renniel,stormrage,576,priest,discipline,24,6,18
Fearles,thrall,576,priest,discipline,24,6,18
Felixfire,moon-guard,576,priest,discipline,24,6,18
Drupith,dalaran,576,priest,discipline,24,6,18
Cûrry,bleeding-hollow,576,priest,discipline,24,6,18
Astrìx,tichondrius,575,priest,discipline,6,6,0
Kephrek,eonar,575,priest,discipline,6,6,0
Nachòs,wildhammer,575,priest,discipline,6,6,0
Belrok,aggramar,575,priest,discipline,6,6,0
Ææae,nemesis,575,priest,discipline,12,6,6
Akapegando,ragnaros,575,priest,discipline,12,6,6
Gdrf,sargeras,575,priest,discipline,12,6,6
Sátiva,malganis,575,priest,discipline,12,6,6
Herzattacken,malganis,575,priest,discipline,12,6,6
Mcfluffin,aggramar,575,priest,discipline,12,6,6
Uncensøred,tichondrius,575,priest,discipline,12,6,6
Moarhaste,kelthuzad,575,priest,discipline,12,6,6
Grasy,ragnaros,575,priest,discipline,12,6,6
Nevertelsp,malganis,575,priest,discipline,12,6,6
Spiritbear,thrall,575,priest,discipline,12,6,6
Porltrazlok,area-52,575,priest,discipline,12,6,6
Forroc,stormrage,575,priest,discipline,12,6,6
Nineoneone,kilrogg,575,priest,discipline,12,6,6
Imhotap,illidan,575,priest,discipline,12,6,6
Andriloveyou,barthilas,575,priest,discipline,12,6,6
Swaptohealer,misha,575,priest,discipline,12,6,6
Paqwee,tichondrius,575,priest,discipline,12,6,6
Juress,area-52,575,priest,discipline,12,6,6
Delloria,stormrage,575,priest,discipline,12,6,6
Belïeve,sargeras,575,priest,discipline,12,6,6
Haedn,azralon,575,priest,discipline,12,6,6
Shaellito,goldrinn,575,priest,discipline,12,6,6
Nordheal,stormrage,575,priest,discipline,12,6,6
Krossvoid,thrall,575,priest,discipline,12,6,6
Umbramortìs,tichondrius,575,priest,discipline,12,6,6
Eclipsos,dalaran,575,priest,discipline,12,6,6
Pinaybebe,kiljaeden,575,priest,discipline,12,6,6
Khaibit,stormrage,575,priest,discipline,12,6,6
Pleasefit,sargeras,575,priest,discipline,12,6,6
Superhealz,kiljaeden,575,priest,discipline,12,6,6
Nejisaiyan,sargeras,575,priest,discipline,12,6,6
Chowdä,kiljaeden,575,priest,discipline,12,6,6
Silveri,thrall,575,priest,discipline,12,6,6
Supermelt,emerald-dream,575,priest,discipline,12,6,6
Wickedmoon,emerald-dream,575,priest,discipline,12,6,6
Biltpeter,tichondrius,575,priest,discipline,15,6,9
Kayodee,stormrage,575,priest,discipline,20,7,13
Diviñetõuch,kelthuzad,575,priest,discipline,18,6,12
Runecarver,anvilmar,575,priest,discipline,18,6,12
Alpacasama,illidan,575,priest,discipline,18,6,12
Snuzziest,darkspear,575,priest,discipline,18,6,12
Naíla,ragnaros,575,priest,discipline,18,6,12
Bubblez,gorefiend,575,priest,discipline,18,6,12
Templár,dalaran,575,priest,discipline,18,6,12
Beymax,moon-guard,575,priest,discipline,24,6,18
Required,eonar,575,priest,discipline,24,6,18
Baldpate,tichondrius,575,priest,discipline,24,6,18
Tirapiedras,ragnaros,574,priest,discipline,12,6,6
Chalmersyo,tichondrius,574,priest,discipline,12,6,6
Darkphoxy,azralon,574,priest,discipline,12,6,6
Evilmajor,icecrown,574,priest,discipline,12,6,6
Loosey,malorne,574,priest,discipline,12,6,6
Donmuneco,aerie-peak,574,priest,discipline,12,6,6
Mikol,eredar,574,priest,discipline,12,6,6
Senareyn,thrall,574,priest,discipline,12,6,6
Xahlia,darkspear,574,priest,discipline,18,6,12
Papadarkness,tichondrius,574,priest,discipline,24,6,18
Mezervescent,thrall,574,priest,discipline,24,6,18
Ambulam,draenor,573,priest,discipline,12,6,6
Myhealz,agamaggan,573,priest,discipline,12,6,6
Prebruisz,baelgun,573,priest,discipline,12,6,6
Axhia,dentarg,573,priest,discipline,12,6,6
Ságrádá,area-52,573,priest,discipline,12,6,6
Reilean,sargeras,573,priest,discipline,12,6,6
Fanaeth,arathor,573,priest,discipline,12,6,6
Naimillia,stormrage,573,priest,discipline,18,6,12
Banepriest,sargeras,573,priest,discipline,18,6,12
Phantoms,moon-guard,573,priest,discipline,18,6,12
Izzymariepie,dragonmaw,573,priest,discipline,18,6,12
Bigchip,sargeras,573,priest,discipline,24,6,18
Aragingclue,burning-legion,572,priest,discipline,12,6,6
Bryntgumble,illidan,572,priest,discipline,18,6,12
Voidlordd,kelthuzad,571,priest,discipline,12,6,6
Grandraf,dreadmaul,570,priest,discipline,12,6,6
Orchidp,tichondrius,2361,priest,shadow,312,193,119
Kishoengi,sargeras,2359,priest,shadow,138,85,53
Luvkak,tichondrius,2304,priest,shadow,100,55,45
Yeazy,stormrage,2296,priest,shadow,108,62,46
Pboo,tichondrius,2276,priest,shadow,107,63,44
Jennaôrtega,tichondrius,2273,priest,shadow,126,77,49
Claudiosip,tichondrius,2263,priest,shadow,103,67,36
Techbadar,tichondrius,2242,priest,shadow,137,73,64
Scandi,tichondrius,2225,priest,shadow,108,63,45
Disembly,illidan,2223,priest,shadow,87,50,37
Strwbrynaner,sargeras,2215,priest,shadow,222,118,104
Edd,tichondrius,2215,priest,shadow,164,87,77
Alisasa,tichondrius,2211,priest,shadow,120,66,54
Yeona,tichondrius,2195,priest,shadow,101,60,41
Mearas,kelthuzad,2189,priest,shadow,88,52,36
Painpaws,moon-guard,2186,priest,shadow,138,81,57
Disemble,illidan,2186,priest,shadow,78,44,34
Sin,guldan,2186,priest,shadow,401,218,183
Maskali,tichondrius,2182,priest,shadow,303,154,149
Pbxx,tichondrius,2174,priest,shadow,88,46,42
Healingstats,tichondrius,2165,priest,shadow,89,47,42
Zçythe,tichondrius,2158,priest,shadow,84,51,33
Oohhmágáá,azralon,2157,priest,shadow,84,60,24
Xqz,zuljin,2150,priest,shadow,68,50,18
Fxxkdamn,tichondrius,2146,priest,shadow,71,47,24
Louloudots,malganis,2141,priest,shadow,178,98,80
Moraver,kelthuzad,2141,priest,shadow,74,39,35
Keygodx,illidan,2132,priest,shadow,78,46,32
Ivn,tichondrius,2132,priest,shadow,154,87,67
Xiaozhui,tichondrius,2131,priest,shadow,135,73,62
Eunu,tichondrius,2131,priest,shadow,269,137,132
Welplayedman,emerald-dream,2130,priest,shadow,88,53,35
Eradication,frostmourne,2129,priest,shadow,111,69,42
Apbrady,sargeras,2124,priest,shadow,174,90,84
Criminalsp,frostmourne,2123,priest,shadow,89,48,41
Ejr,altar-of-storms,2119,priest,shadow,181,88,93
Palumorp,deathwing,2118,priest,shadow,90,57,33
Darkvagician,malganis,2116,priest,shadow,71,41,30
Metricdotem,terenas,2114,priest,shadow,78,47,31
Ousïa,quelthalas,2114,priest,shadow,207,107,100
Dream,tichondrius,2113,priest,shadow,204,102,102
Amyyds,illidan,2110,priest,shadow,184,112,72
Kottun,stormrage,2110,priest,shadow,66,38,28
Pdfileclass,tichondrius,2106,priest,shadow,72,47,25
Bayter,frostmourne,2105,priest,shadow,181,97,84
Geovanni,barthilas,2105,priest,shadow,107,54,53
Zyrith,sargeras,2102,priest,shadow,123,63,60
Wetleaftx,chogall,2101,priest,shadow,66,45,21
Yenïza,illidan,2101,priest,shadow,202,107,95
Zlipz,frostmourne,2099,priest,shadow,78,47,31
Dyrr,barthilas,2097,priest,shadow,335,170,165
Gâdzêd,kelthuzad,2096,priest,shadow,122,70,52
Ombravuota,blades-edge,2092,priest,shadow,353,183,170
Babyh,tichondrius,2088,priest,shadow,95,53,42
Jags,area-52,2079,priest,shadow,138,73,65
Spamndam,tichondrius,2076,priest,shadow,78,45,33
Nekroscream,queldorei,2074,priest,shadow,139,76,63
Kuraga,bleeding-hollow,2072,priest,shadow,482,257,225
Mamísonga,ragnaros,2071,priest,shadow,95,49,46
Omenx,emerald-dream,2070,priest,shadow,156,81,75
Targora,lightninghoof,2067,priest,shadow,216,114,102
Shibuu,moon-guard,2053,priest,shadow,88,50,38
Urelz,illidan,2045,priest,shadow,54,36,18
Yoggsarodney,tichondrius,2044,priest,shadow,55,37,18
Rileyreidx,ragnaros,2043,priest,shadow,74,47,27
Talbadar,tichondrius,2041,priest,shadow,114,68,46
Holydose,moon-guard,2038,priest,shadow,174,85,89
Expr,area-52,2037,priest,shadow,138,75,63
Stinkiez,area-52,2031,priest,shadow,342,180,162
Whysoserious,duskwood,2026,priest,shadow,60,38,22
Royx,stormreaver,2024,priest,shadow,107,57,50
Nozp,stormrage,2023,priest,shadow,60,33,27
Lìám,frostmourne,2021,priest,shadow,199,105,94
Vtp,frostmourne,2014,priest,shadow,126,70,56
Laundryday,korgath,2005,priest,shadow,162,82,80
Kiriko,mannoroth,2004,priest,shadow,119,66,53
Inflate,frostmourne,2000,priest,shadow,144,84,60
Greaterfade,stormrage,2000,priest,shadow,66,37,29
Remixsp,malganis,1998,priest,shadow,60,33,27
Heheheg,tichondrius,1997,priest,shadow,208,104,104
Metasp,sargeras,1996,priest,shadow,96,51,45
Netheerix,tichondrius,1996,priest,shadow,87,44,43
Swswswswswsw,stormrage,1990,priest,shadow,125,75,50
Kydraah,ragnaros,1988,priest,shadow,83,48,35
Bobbyvagene,area-52,1984,priest,shadow,128,64,64
Bibleblak,stormrage,1982,priest,shadow,138,78,60
Gromkekz,area-52,1982,priest,shadow,131,67,64
Erebusz,tichondrius,1980,priest,shadow,217,111,106
Viyana,stormrage,1977,priest,shadow,204,104,100
Fnllen,blackrock,1975,priest,shadow,72,39,33
Niark,frostmourne,1974,priest,shadow,88,45,43
Arobahn,tichondrius,1972,priest,shadow,184,95,89
Shadowkenlol,tichondrius,1969,priest,shadow,107,59,48
Delasoul,malganis,1965,priest,shadow,111,64,47
Chazzwizz,area-52,1965,priest,shadow,60,34,26
Taylorsp,tichondrius,1964,priest,shadow,94,55,39
Cozies,stormreaver,1964,priest,shadow,214,111,103
Blax,stormscale,1959,priest,shadow,126,66,60
Asmødeus,bleeding-hollow,1957,priest,shadow,125,68,57
Soapee,illidan,1955,priest,shadow,221,113,108
Psyfiend,alterac-mountains,1953,priest,shadow,81,46,35
Jugeumx,proudmoore,1951,priest,shadow,66,36,30
Garpd,tichondrius,1947,priest,shadow,138,80,58
Zlips,frostmourne,1942,priest,shadow,116,54,62
Helmsman,tichondrius,1940,priest,shadow,224,117,107
Marfas,illidan,1940,priest,shadow,140,69,71
Knowknow,tichondrius,1939,priest,shadow,180,90,90
Vamp,proudmoore,1938,priest,shadow,87,56,31
Verbane,frostmourne,1938,priest,shadow,60,29,31
Johai,uldum,1936,priest,shadow,126,77,49
Pengwinxl,agamaggan,1936,priest,shadow,66,36,30
Yberisa,zuljin,1936,priest,shadow,155,81,74
Blackoss,sargeras,1933,priest,shadow,183,94,89
Xmewo,sargeras,1931,priest,shadow,59,34,25
Fatherfeet,tichondrius,1931,priest,shadow,115,64,51
Puppyboyx,moon-guard,1929,priest,shadow,80,41,39
Voidkay,tichondrius,1927,priest,shadow,60,43,17
Headbrake,malganis,1927,priest,shadow,68,37,31
Katallyst,tichondrius,1926,priest,shadow,77,36,41
Brokenspc,tichondrius,1925,priest,shadow,231,126,105
Zeromisx,proudmoore,1924,priest,shadow,58,28,30
Brwnricetuna,frostmourne,1922,priest,shadow,63,33,30
Maìden,sargeras,1917,priest,shadow,138,71,67
Stresscube,tichondrius,1915,priest,shadow,46,28,18
Jthreetx,kelthuzad,1915,priest,shadow,70,39,31
Cheesëburg,illidan,1915,priest,shadow,54,28,26
Healingstat,tichondrius,1913,priest,shadow,51,30,21
Missyoung,tichondrius,1912,priest,shadow,73,42,31
Ilovevivien,spirestone,1911,priest,shadow,54,30,24
Bubbyflay,area-52,1910,priest,shadow,71,43,28
Ensanity,stormrage,1908,priest,shadow,149,76,73
Itkev,area-52,1907,priest,shadow,41,31,10
Vtplz,bleeding-hollow,1907,priest,shadow,77,39,38
Sapoopettas,quelthalas,1907,priest,shadow,60,30,30
Wizkxjwap,tichondrius,1906,priest,shadow,42,26,16
Aro,tichondrius,1906,priest,shadow,96,48,48
Sodíum,wyrmrest-accord,1906,priest,shadow,131,65,66
Çræmgøtsøçkd,blackrock,1904,priest,shadow,30,21,9
Secrèt,tichondrius,1904,priest,shadow,42,25,17
Tomcruisé,zuljin,1902,priest,shadow,66,37,29
Griffsp,sargeras,1900,priest,shadow,215,109,106
Iniquitatem,tichondrius,1897,priest,shadow,24,20,4
Xaneo,kelthuzad,1895,priest,shadow,59,37,22
Sênju,thrall,1894,priest,shadow,89,47,42
Pikeysplol,illidan,1892,priest,shadow,67,46,21
Inmotion,tichondrius,1890,priest,shadow,42,24,18
Zhiwanam,tichondrius,1889,priest,shadow,95,55,40
Nucypher,illidan,1888,priest,shadow,93,53,40
Comana,frostmourne,1886,priest,shadow,30,24,6
Nerfmehard,tichondrius,1884,priest,shadow,102,69,33
Mindblastx,kelthuzad,1880,priest,shadow,63,35,28
Voidgodtko,tichondrius,1880,priest,shadow,54,29,25
Plaguesus,dalaran,1879,priest,shadow,82,45,37
Drupith,dalaran,1878,priest,shadow,66,31,35
Stunsilence,sargeras,1877,priest,shadow,48,25,23
Jomm,area-52,1876,priest,shadow,104,57,47
Qreckful,proudmoore,1875,priest,shadow,76,46,30
Giriosp,thrall,1873,priest,shadow,37,26,11
Nutdrip,tichondrius,1872,priest,shadow,47,28,19
Soar,ravencrest,1872,priest,shadow,47,26,21
Drmuhammad,sargeras,1870,priest,shadow,46,28,18
Potatopriest,stormrage,1869,priest,shadow,48,36,12
Årann,azralon,1869,priest,shadow,36,26,10
Yayonaise,tichondrius,1869,priest,shadow,72,41,31
Cmg,sargeras,1869,priest,shadow,60,31,29
Atarri,illidan,1868,priest,shadow,54,31,23
Dí,illidan,1868,priest,shadow,96,54,42
Lillyp,malganis,1868,priest,shadow,48,25,23
Blindingstar,area-52,1867,priest,shadow,53,33,20
Ssupasonic,tichondrius,1866,priest,shadow,117,70,47
Matchacat,tichondrius,1864,priest,shadow,54,33,21
Keliarc,sargeras,1864,priest,shadow,108,58,50
Xayp,kelthuzad,1863,priest,shadow,101,73,28
Swurvexo,bleeding-hollow,1863,priest,shadow,59,31,28
Theophobe,illidan,1862,priest,shadow,42,32,10
Pinguisursi,kelthuzad,1862,priest,shadow,48,33,15
Celypriest,moon-guard,1861,priest,shadow,36,28,8
Slpox,sargeras,1861,priest,shadow,36,20,16
Shortwombat,korgath,1860,priest,shadow,60,29,31
Christmasgal,uldum,1859,priest,shadow,30,27,3
Ysuran,moon-guard,1858,priest,shadow,284,154,130
Swaggylee,tichondrius,1858,priest,shadow,64,33,31
Øvøxø,emerald-dream,1857,priest,shadow,57,29,28
Dilonpi,area-52,1856,priest,shadow,78,55,23
Fungame,malganis,1855,priest,shadow,50,35,15
Hástür,quelthalas,1855,priest,shadow,157,87,70
Evenly,tichondrius,1855,priest,shadow,138,76,62
Ericzssp,tichondrius,1854,priest,shadow,63,36,27
Couldntbeme,sargeras,1852,priest,shadow,54,31,23
Derisha,ragnaros,1852,priest,shadow,188,101,87
Flamédøtz,ragnaros,1850,priest,shadow,48,29,19
Echoos,proudmoore,1849,priest,shadow,42,28,14
Nevertelsp,malganis,1848,priest,shadow,140,89,51
Sleepynuj,stormrage,1848,priest,shadow,90,56,34
Bagjoe,illidan,1848,priest,shadow,218,115,103
Nhela,kelthuzad,1848,priest,shadow,66,33,33
Yoggismydad,emerald-dream,1847,priest,shadow,48,29,19
Wafflezsp,frostmourne,1847,priest,shadow,120,62,58
Mimósa,quelthalas,1842,priest,shadow,216,119,97
Kattallyst,tichondrius,1842,priest,shadow,89,45,44
Didy,dark-iron,1841,priest,shadow,47,28,19
Psyphi,duskwood,1841,priest,shadow,84,40,44
Ayumihamaski,tichondrius,1840,priest,shadow,57,39,18
Ptam,tichondrius,1839,priest,shadow,83,42,41
Pnub,aggramar,1838,priest,shadow,65,34,31
Sinning,kelthuzad,1835,priest,shadow,60,40,20
Stankychimpo,malganis,1834,priest,shadow,54,32,22
Estéve,wyrmrest-accord,1834,priest,shadow,113,58,55
Furbog,area-52,1833,priest,shadow,42,31,11
Ulqüiorra,azralon,1833,priest,shadow,72,47,25
Esteedees,bonechewer,1833,priest,shadow,150,81,69
Jeseck,quelthalas,1832,priest,shadow,169,89,80
Priestpogger,tichondrius,1831,priest,shadow,48,31,17
Yb,kelthuzad,1831,priest,shadow,94,51,43
Remedio,emerald-dream,1830,priest,shadow,33,21,12
Cøtt,emerald-dream,1829,priest,shadow,48,30,18
Doma,malganis,1829,priest,shadow,43,26,17
Auttø,area-52,1829,priest,shadow,45,26,19
Mepisth,sargeras,1828,priest,shadow,84,55,29
Kalantris,ragnaros,1828,priest,shadow,64,41,23
Throwshade,moon-guard,1828,priest,shadow,89,56,33
Lucsor,malganis,1827,priest,shadow,216,118,98
Kfcpriest,barthilas,1827,priest,shadow,54,26,28
Cathery,tichondrius,1827,priest,shadow,66,31,35
Ventusp,azralon,1826,priest,shadow,105,61,44
Voiders,area-52,1826,priest,shadow,288,164,124
What,drakthul,1825,priest,shadow,54,35,19
Brokentrojan,moon-guard,1825,priest,shadow,66,32,34
Silero,dalaran,1824,priest,shadow,116,76,40
Idiotgarbage,moon-guard,1824,priest,shadow,48,26,22
Bornagain,gundrak,1824,priest,shadow,107,52,55
Hÿperion,quelthalas,1823,priest,shadow,60,38,22
Insanity,azuremyst,1823,priest,shadow,137,77,60
Snòzberry,illidan,1822,priest,shadow,66,36,30
Jojotwo,illidan,1822,priest,shadow,108,56,52
Samsypriest,frostmourne,1821,priest,shadow,64,38,26
Bumbleedot,azralon,1821,priest,shadow,54,31,23
Ellindria,spinebreaker,1820,priest,shadow,96,58,38
Bearoom,frostmourne,1820,priest,shadow,66,39,27
Ussmissouri,area-52,1820,priest,shadow,414,214,200
Thenamesnorm,tichondrius,1819,priest,shadow,89,58,31
Krytical,illidan,1819,priest,shadow,226,131,95
Dildocrates,darkspear,1819,priest,shadow,60,34,26
Vil,lightnings-blade,1819,priest,shadow,90,50,40
Peggable,moon-guard,1818,priest,shadow,59,32,27
Míslead,kelthuzad,1817,priest,shadow,42,30,12
Moralism,moon-guard,1817,priest,shadow,259,150,109
Disxlyec,barthilas,1817,priest,shadow,142,79,63
Xhadow,sargeras,1817,priest,shadow,108,55,53
Ayniah,tichondrius,1817,priest,shadow,52,25,27
Mcbot,illidan,1816,priest,shadow,36,27,9
Dots,tichondrius,1816,priest,shadow,53,33,20
Minðgãmès,illidan,1816,priest,shadow,63,39,24
Katarot,area-52,1816,priest,shadow,51,30,21
Keser,kelthuzad,1816,priest,shadow,70,39,31
Discipline,chogall,1816,priest,shadow,48,26,22
Hollister,illidan,1816,priest,shadow,246,132,114
Havocshadows,deathwing,1815,priest,shadow,94,58,36
Blissily,sargeras,1814,priest,shadow,75,47,28
Irasponsible,stormrage,1814,priest,shadow,42,23,19
Holytalk,tichondrius,1814,priest,shadow,60,30,30
Milan,dalaran,1813,priest,shadow,99,61,38
Melonsoda,stormrage,1813,priest,shadow,48,26,22
Nawzyh,emerald-dream,1813,priest,shadow,48,26,22
Resonator,laughing-skull,1813,priest,shadow,46,22,24
Invain,executus,1812,priest,shadow,30,24,6
Cheetos,draenor,1812,priest,shadow,54,35,19
Snoog,tichondrius,1812,priest,shadow,72,36,36
Iamjakehill,area-52,1811,priest,shadow,66,41,25
Felrynpr,malganis,1811,priest,shadow,47,28,19
Xannè,tichondrius,1811,priest,shadow,60,30,30
Relapse,emerald-dream,1810,priest,shadow,36,25,11
Tidals,sargeras,1810,priest,shadow,66,40,26
Llamabush,malganis,1809,priest,shadow,39,26,13
Doublesix,malganis,1809,priest,shadow,72,43,29
Krelaeren,tichondrius,1809,priest,shadow,65,33,32
Cixelpvp,area-52,1809,priest,shadow,54,26,28
Laokele,tichondrius,1808,priest,shadow,70,42,28
Nuggs,mannoroth,1808,priest,shadow,63,36,27
Pootzy,malganis,1808,priest,shadow,56,30,26
Creapture,zuluhed,1808,priest,shadow,48,25,23
Deuz,quelthalas,1808,priest,shadow,243,125,118
Arthrix,sargeras,1807,priest,shadow,72,46,26
Huamao,tichondrius,1807,priest,shadow,66,39,27
Hurtfeet,sargeras,1807,priest,shadow,164,88,76
Mindgoblin,terokkar,1807,priest,shadow,96,48,48
Avraf,sargeras,1807,priest,shadow,72,36,36
Ericxd,area-52,1807,priest,shadow,77,38,39
Edai,malganis,1806,priest,shadow,229,124,105
Pettypriest,dalaran,1806,priest,shadow,236,127,109
Exoticfather,stormrage,1806,priest,shadow,66,33,33
Tidbitsy,malganis,1806,priest,shadow,175,87,88
Dispel,agamaggan,1805,priest,shadow,32,24,8
Ghostz,alleria,1805,priest,shadow,60,39,21
Kurindrize,illidan,1805,priest,shadow,60,37,23
Dispèrsion,darkspear,1805,priest,shadow,111,57,54
Brickzyhehe,dalaran,1805,priest,shadow,113,58,55
Niurouchuan,tichondrius,1805,priest,shadow,74,36,38
Naosoupriest,azralon,1804,priest,shadow,53,40,13
Manofmystery,dalaran,1804,priest,shadow,48,28,20
Bearzugzug,frostmourne,1803,priest,shadow,36,23,13
Panndaz,tichondrius,1803,priest,shadow,30,19,11
Antorieth,area-52,1803,priest,shadow,60,33,27
Goseikae,tichondrius,1803,priest,shadow,155,85,70
Euthanasìa,deathwing,1803,priest,shadow,70,31,39
Korrà,turalyon,1802,priest,shadow,30,19,11
Carbsauce,tichondrius,1802,priest,shadow,102,57,45
Meehx,illidan,1801,priest,shadow,114,68,46
Eclipsë,malganis,1800,priest,shadow,24,19,5
Sheiizy,azralon,1800,priest,shadow,90,52,38
Kaidow,wyrmrest-accord,1800,priest,shadow,53,30,23
Gusho,frostmourne,1800,priest,shadow,268,142,126
Phubar,stormreaver,1800,priest,shadow,84,36,48
Manic,skywall,1799,priest,shadow,191,107,84
Nktxc,tichondrius,1796,priest,shadow,84,51,33
Jâmïè,gurubashi,1792,priest,shadow,24,19,5
Axelrod,tichondrius,1792,priest,shadow,48,29,19
Partypriest,tichondrius,1789,priest,shadow,107,62,45
Krovnp,stormrage,1787,priest,shadow,48,30,18
Zanthix,tichondrius,1781,priest,shadow,60,28,32
Jydge,tichondrius,1780,priest,shadow,39,22,17
Nutdrip,kelthuzad,1778,priest,shadow,36,27,9
Esppx,barthilas,1777,priest,shadow,36,22,14
Afromon,suramar,1777,priest,shadow,108,64,44
Almycn,tichondrius,1776,priest,shadow,56,30,26
Plztrainme,spinebreaker,1776,priest,shadow,124,65,59
Shadowforsho,sargeras,1771,priest,shadow,64,30,34
Rmpmeeper,kilrogg,1770,priest,shadow,24,23,1
Shalla,blackrock,1770,priest,shadow,102,57,45
Mythsnake,ragnaros,1769,priest,shadow,61,31,30
Irritated,vashj,1765,priest,shadow,60,41,19
Jangbi,tichondrius,1761,priest,shadow,36,20,16
Akuvurá,nemesis,1759,priest,shadow,208,115,93
Kovie,twisting-nether,1758,priest,shadow,206,119,87
Hriest,tichondrius,1758,priest,shadow,108,61,47
Xammys,malganis,1756,priest,shadow,95,65,30
Orgasmiq,frostmourne,1755,priest,shadow,84,45,39
Eklunð,proudmoore,1754,priest,shadow,53,28,25
Lauretânia,nemesis,1753,priest,shadow,114,59,55
Gìdem,aggramar,1750,priest,shadow,63,37,26
Soyul,tichondrius,1749,priest,shadow,156,82,74
Bhadbhaabie,lethon,1748,priest,shadow,36,24,12
Shadowblastx,sargeras,1748,priest,shadow,62,39,23
Bumps,zuljin,1748,priest,shadow,94,50,44
Voidork,tichondrius,1747,priest,shadow,125,74,51
Snookp,kiljaeden,1747,priest,shadow,279,142,137
Shelize,kirin-tor,1746,priest,shadow,372,189,183
Lolshadow,amanthul,1745,priest,shadow,192,101,91
Impérial,stormrage,1744,priest,shadow,179,107,72
Likesshadows,tichondrius,1743,priest,shadow,234,137,97
Brothofnzoth,emerald-dream,1741,priest,shadow,145,80,65
Cymin,dalaran,1740,priest,shadow,49,26,23
Álvarez,tichondrius,1738,priest,shadow,116,60,56
Emopriestqt,tichondrius,1737,priest,shadow,144,79,65
Saevita,area-52,1737,priest,shadow,66,34,32
Iceveins,illidan,1736,priest,shadow,46,27,19
Ticklefingrs,malganis,1734,priest,shadow,60,35,25
Clownface,tichondrius,1734,priest,shadow,48,28,20
Plushys,emerald-dream,1733,priest,shadow,66,44,22
Scalpell,tichondrius,1733,priest,shadow,275,146,129
Saintpleb,sargeras,1732,priest,shadow,146,89,57
Messiahp,illidan,1730,priest,shadow,59,28,31
Yåmi,arthas,1729,priest,shadow,42,28,14
Aristedes,thrall,1729,priest,shadow,35,20,15
Mscleo,lothar,1728,priest,shadow,410,202,208
Shadelink,tichondrius,1727,priest,shadow,56,30,26
Mindslips,tichondrius,1727,priest,shadow,264,139,125
Abc,spirestone,1726,priest,shadow,24,18,6
Stungods,frostmourne,1726,priest,shadow,24,18,6
Lebronjâmes,tichondrius,1726,priest,shadow,42,25,17
Slasheal,caelestrasz,1726,priest,shadow,114,61,53
Dxsc,tichondrius,1725,priest,shadow,78,44,34
Nevermôre,area-52,1724,priest,shadow,96,60,36
Imabeast,stormrage,1723,priest,shadow,120,66,54
Keepitlegal,sargeras,1723,priest,shadow,54,29,25
Vashrapani,stormrage,1723,priest,shadow,369,192,177
Yuhstin,sargeras,1721,priest,shadow,30,19,11
Mindburn,nemesis,1721,priest,shadow,202,96,106
Ðemi,zuljin,1720,priest,shadow,135,71,64
Mentalprison,khazgoroth,1720,priest,shadow,36,18,18
Uploading,moon-guard,1719,priest,shadow,60,35,25
Alykus,emerald-dream,1719,priest,shadow,94,50,44
Fenix,bloodhoof,1717,priest,shadow,64,33,31
Perfectz,stormrage,1716,priest,shadow,42,24,18
Sukes,korgath,1716,priest,shadow,156,84,72
Pesca,proudmoore,1716,priest,shadow,99,51,48
Soný,stormrage,1715,priest,shadow,75,41,34
Voidcult,area-52,1715,priest,shadow,54,28,26
Chewthefat,darkspear,1712,priest,shadow,41,19,22
Himikko,illidan,1710,priest,shadow,46,21,25
Nishishabi,tichondrius,1707,priest,shadow,48,24,24
Tamajka,the-forgotten-coast,1707,priest,shadow,129,62,67
Thaumaturgy,chogall,1706,priest,shadow,48,25,23
Abnormality,trollbane,1705,priest,shadow,54,42,12
Sochron,stormrage,1705,priest,shadow,152,80,72
Zlowbly,ragnaros,1705,priest,shadow,183,95,88
Shádôws,blackhand,1704,priest,shadow,42,24,18
Efxsp,sargeras,1703,priest,shadow,36,20,16
Jessticalz,frostmourne,1703,priest,shadow,48,24,24
Shwayp,zuljin,1702,priest,shadow,36,22,14
Moonideli,moon-guard,1702,priest,shadow,49,29,20
Nottonightqt,barthilas,1701,priest,shadow,120,67,53
Twoboo,bleeding-hollow,1701,priest,shadow,72,40,32
Teddysedai,tichondrius,1700,priest,shadow,36,25,11
Evelën,azralon,1698,priest,shadow,48,26,22
Ddark,tichondrius,1697,priest,shadow,66,41,25
Winss,tichondrius,1697,priest,shadow,69,39,30
Voidazepam,zuljin,1697,priest,shadow,114,64,50
Palmerin,ravencrest,1697,priest,shadow,102,53,49
Brownie,blackrock,1697,priest,shadow,89,46,43
Cavaliersr,ragnaros,1696,priest,shadow,96,56,40
Keicel,zuljin,1696,priest,shadow,36,18,18
Badbwoi,frostmourne,1696,priest,shadow,61,29,32
Voltétt,tichondrius,1695,priest,shadow,74,42,32
Nvøsuperstar,zuljin,1695,priest,shadow,72,37,35
Daemoon,deathwing,1693,priest,shadow,42,29,13
Invincible,ragnaros,1693,priest,shadow,90,46,44
Drohung,sargeras,1692,priest,shadow,60,32,28
Madcaddies,bonechewer,1691,priest,shadow,114,56,58
Tënëbrë,nemesis,1690,priest,shadow,104,64,40
Arion,wyrmrest-accord,1689,priest,shadow,54,35,19
Dreaminz,tichondrius,1686,priest,shadow,72,42,30
Kadralin,illidan,1685,priest,shadow,114,66,48
Mankbadar,tichondrius,1685,priest,shadow,142,72,70
Rizzle,emerald-dream,1684,priest,shadow,76,46,30
Fâêlyn,wyrmrest-accord,1684,priest,shadow,124,64,60
Hadoka,ragnaros,1682,priest,shadow,28,19,9
Griffsp,stormrage,1682,priest,shadow,99,52,47
Silkyx,tichondrius,1679,priest,shadow,36,18,18
Giveheadpats,moon-guard,1678,priest,shadow,234,127,107
Woodney,ragnaros,1676,priest,shadow,30,19,11
Mitogen,malganis,1676,priest,shadow,30,18,12
Littlewench,sargeras,1676,priest,shadow,86,49,37
Crayon,stormrage,1676,priest,shadow,48,25,23
Csonka,stormrage,1674,priest,shadow,88,47,41
Ðantex,thrall,1674,priest,shadow,311,159,152
Evx,demon-soul,1673,priest,shadow,96,50,46
Antìdote,tichondrius,1672,priest,shadow,270,147,123
Heihunüwang,kargath,1672,priest,shadow,50,27,23
Dirtyysanta,tichondrius,1671,priest,shadow,40,24,16
Umbrah,veknilash,1671,priest,shadow,81,41,40
Aspéct,aegwynn,1670,priest,shadow,36,21,15
Nobutter,archimonde,1670,priest,shadow,54,29,25
Delbringer,moon-guard,1668,priest,shadow,155,85,70
Desaros,tichondrius,1668,priest,shadow,102,52,50
Cxrsed,illidan,1667,priest,shadow,48,27,21
Jhené,malganis,1666,priest,shadow,54,30,24
Scarabless,bleeding-hollow,1665,priest,shadow,114,60,54
Mockr,kiljaeden,1664,priest,shadow,150,81,69
Shadork,area-52,1663,priest,shadow,61,39,22
Boogiê,illidan,1663,priest,shadow,203,111,92
Salvate,tichondrius,1663,priest,shadow,48,26,22
Finfangfoom,laughing-skull,1663,priest,shadow,93,45,48
Luzira,stormrage,1662,priest,shadow,42,25,17
Saintjudys,tichondrius,1662,priest,shadow,42,24,18
Xdipi,proudmoore,1662,priest,shadow,44,25,19
Murkqz,stormrage,1662,priest,shadow,72,40,32
Bubbzy,daggerspine,1662,priest,shadow,84,45,39
Dumpesitwo,frostmourne,1662,priest,shadow,42,20,22
Fancycorpse,tichondrius,1662,priest,shadow,78,37,41
Plenipotent,moon-guard,1661,priest,shadow,86,44,42
Võid,tichondrius,1661,priest,shadow,41,18,23
Gineska,tichondrius,1660,priest,shadow,42,27,15
Givenchy,arygos,1660,priest,shadow,102,54,48
Shrax,emerald-dream,1660,priest,shadow,76,40,36
Mitamá,area-52,1659,priest,shadow,54,32,22
Zachlol,area-52,1658,priest,shadow,66,36,30
Luciellis,sargeras,1657,priest,shadow,51,29,22
Deadsp,thrall,1657,priest,shadow,115,58,57
Shadowkr,tichondrius,1656,priest,shadow,42,26,16
Iuka,emerald-dream,1656,priest,shadow,201,104,97
Volkova,quelthalas,1655,priest,shadow,48,31,17
Pluse,bonechewer,1655,priest,shadow,52,31,21
Darkenside,moon-guard,1654,priest,shadow,87,46,41
Raptorjésus,azjolnerub,1654,priest,shadow,42,22,20
Shadhoee,sargeras,1654,priest,shadow,70,31,39
Ilovealina,gorefiend,1653,priest,shadow,30,21,9
Mindfulness,tichondrius,1652,priest,shadow,29,18,11
Priestzerath,azralon,1652,priest,shadow,75,41,34
Djcyrus,barthilas,1652,priest,shadow,54,28,26
Kultil,dalaran,1651,priest,shadow,102,57,45
Vaporachi,emerald-dream,1650,priest,shadow,42,28,14
Stivche,frostmourne,1650,priest,shadow,62,37,25
Dovoso,kargath,1650,priest,shadow,54,30,24
Spõõky,illidan,1650,priest,shadow,40,21,19
Alyndral,illidan,1650,priest,shadow,96,50,46
Skrillô,emerald-dream,1650,priest,shadow,53,27,26
Caricius,ravenholdt,1649,priest,shadow,36,20,16
Tsmc,moon-guard,1648,priest,shadow,138,71,67
Blakeak,hyjal,1647,priest,shadow,89,59,30
Docbek,illidan,1647,priest,shadow,44,28,16
Snuffp,sargeras,1647,priest,shadow,137,85,52
Girthed,bloodscalp,1647,priest,shadow,98,50,48
Astoshan,moon-guard,1646,priest,shadow,179,106,73
Nòemis,quelthalas,1646,priest,shadow,72,42,30
Griddly,alterac-mountains,1646,priest,shadow,72,41,31
Hypixyl,proudmoore,1646,priest,shadow,57,27,30
Painful,malganis,1645,priest,shadow,62,36,26
Deiz,tichondrius,1644,priest,shadow,95,51,44
Omygawd,tichondrius,1644,priest,shadow,42,22,20
Sigx,area-52,1643,priest,shadow,30,21,9
Gaymalenurse,sargeras,1643,priest,shadow,48,25,23
Swungzebra,stormrage,1642,priest,shadow,140,83,57
Faedyspriest,sargeras,1642,priest,shadow,71,40,31
Qadris,tichondrius,1642,priest,shadow,47,19,28
Destta,stormrage,1641,priest,shadow,34,19,15
Overpriest,ragnaros,1640,priest,shadow,30,18,12
Trenbologni,illidan,1639,priest,shadow,174,99,75
Salanzosp,bleeding-hollow,1638,priest,shadow,30,18,12
Despairx,tichondrius,1638,priest,shadow,36,19,17
Pineappleqt,skullcrusher,1638,priest,shadow,42,21,21
Shadylotion,stormrage,1637,priest,shadow,42,24,18
Nullreferenc,frostmourne,1637,priest,shadow,81,45,36
Ightdoe,zuljin,1636,priest,shadow,87,51,36
Darkness,azralon,1634,priest,shadow,73,34,39
Jmanhealz,stormrage,1633,priest,shadow,36,22,14
Grimdox,tichondrius,1631,priest,shadow,48,36,12
Skgangmm,tichondrius,1631,priest,shadow,43,26,17
Cixelp,area-52,1631,priest,shadow,42,23,19
Mushill,tichondrius,1631,priest,shadow,108,54,54
Bbeaie,tichondrius,1631,priest,shadow,36,18,18
Xtcbtc,sargeras,1631,priest,shadow,41,20,21
Madcuzyaknow,bleeding-hollow,1630,priest,shadow,30,17,13
Crazyherb,azralon,1630,priest,shadow,167,92,75
Nexumbra,dunemaul,1630,priest,shadow,168,90,78
Voidshift,tichondrius,1630,priest,shadow,414,213,201
Safe,illidan,1629,priest,shadow,97,51,46
Whorticiå,area-52,1629,priest,shadow,227,115,112
Irangara,gorefiend,1628,priest,shadow,86,46,40
Sempiternus,barthilas,1628,priest,shadow,46,24,22
Rhick,azralon,1626,priest,shadow,89,55,34
Sarâda,moon-guard,1626,priest,shadow,177,95,82
Fireballingg,tichondrius,1625,priest,shadow,30,18,12
Xarid,moon-guard,1625,priest,shadow,82,42,40
Numinous,wyrmrest-accord,1624,priest,shadow,104,59,45
Voidrisu,sargeras,1624,priest,shadow,123,58,65
Dontpvponme,illidan,1623,priest,shadow,36,24,12
Marantbourge,frostmourne,1623,priest,shadow,114,68,46
Holyxb,bleeding-hollow,1622,priest,shadow,215,113,102
Mêdúsa,area-52,1621,priest,shadow,58,30,28
Darkshadows,ravenholdt,1620,priest,shadow,36,23,13
Dorraheals,tichondrius,1620,priest,shadow,41,22,19
Shmage,malganis,1620,priest,shadow,65,34,31
Rakÿna,nemesis,1619,priest,shadow,34,23,11
Cyanovoid,thrall,1619,priest,shadow,53,29,24
Solstunn,moon-guard,1619,priest,shadow,48,24,24
Ilostmybible,quelthalas,1619,priest,shadow,46,23,23
Gershwinner,daggerspine,1619,priest,shadow,36,17,19
Iogical,kelthuzad,1618,priest,shadow,116,70,46
Caramelos,moon-guard,1618,priest,shadow,43,23,20
Dustnbonez,area-52,1617,priest,shadow,36,20,16
Sècret,tichondrius,1617,priest,shadow,40,20,20
Darkestzell,azralon,1616,priest,shadow,41,20,21
Sylvane,silvermoon,1615,priest,shadow,107,67,40
Shadzie,sargeras,1614,priest,shadow,116,69,47
Slottie,malganis,1614,priest,shadow,72,39,33
Drossv,shadowmoon,1614,priest,shadow,42,20,22
Shadolord,illidan,1614,priest,shadow,101,47,54
Fantasía,moon-guard,1614,priest,shadow,126,58,68
Bigboyadam,frostmourne,1613,priest,shadow,112,70,42
Hieken,nemesis,1612,priest,shadow,70,43,27
Vallfiresp,malganis,1612,priest,shadow,40,22,18
Biubiubium,tichondrius,1611,priest,shadow,42,26,16
Rhoku,nesingwary,1611,priest,shadow,122,68,54
Snackabre,moon-guard,1611,priest,shadow,36,20,16
Nihenben,illidan,1611,priest,shadow,94,50,44
Ezrashade,tichondrius,1611,priest,shadow,162,83,79
Márceline,stormrage,1610,priest,shadow,82,52,30
Benjamints,thrall,1610,priest,shadow,104,61,43
Folesian,tichondrius,1610,priest,shadow,66,36,30
Cheereos,stormrage,1610,priest,shadow,108,58,50
Kwõnc,tichondrius,1610,priest,shadow,64,33,31
Jeffgordo,tichondrius,1609,priest,shadow,86,52,34
Nonamegame,sargeras,1609,priest,shadow,118,63,55
Warklaw,frostmourne,1609,priest,shadow,72,34,38
Adopted,wyrmrest-accord,1608,priest,shadow,72,40,32
Mumsmilk,sargeras,1607,priest,shadow,24,17,7
Pwrwordsquee,lightbringer,1607,priest,shadow,30,17,13
Lightskinxo,kelthuzad,1606,priest,shadow,29,18,11
Alip,tichondrius,1606,priest,shadow,70,43,27
Iggyp,hyjal,1606,priest,shadow,48,28,20
Ludapriest,moon-guard,1606,priest,shadow,42,21,21
Helleamh,tichondrius,1606,priest,shadow,36,17,19
Moc,jubeithos,1605,priest,shadow,36,22,14
Fight,icecrown,1605,priest,shadow,60,33,27
Gelato,velen,1605,priest,shadow,36,17,19
Krooked,kelthuzad,1604,priest,shadow,84,53,31
Fouroneo,tichondrius,1604,priest,shadow,36,20,16
Clamchowdy,kiljaeden,1603,priest,shadow,27,18,9
Ayooblitz,guldan,1603,priest,shadow,48,29,19
Whitemagic,frostmourne,1603,priest,shadow,105,60,45
Leorid,stormrage,1603,priest,shadow,77,43,34
Quartzolio,azralon,1602,priest,shadow,24,17,7
Sandelios,aggramar,1602,priest,shadow,81,54,27
Cloax,azgalor,1602,priest,shadow,48,29,19
Suery,hyjal,1601,priest,shadow,96,45,51
Hotphoyou,moon-guard,1600,priest,shadow,60,39,21
Thrageqt,sargeras,1600,priest,shadow,50,30,20
Manifestor,illidan,1600,priest,shadow,86,51,35
Machinecoach,stormrage,1600,priest,shadow,40,20,20
Wifegrip,tichondrius,1598,priest,shadow,42,19,23
Originull,emerald-dream,1598,priest,shadow,42,19,23
Pegwraith,sargeras,1597,priest,shadow,94,51,43
Amarexlol,stormrage,1597,priest,shadow,78,42,36
Pumpss,area-52,1597,priest,shadow,78,42,36
Radicional,azralon,1596,priest,shadow,36,20,16
Xæl,tichondrius,1593,priest,shadow,138,81,57
Minamy,tichondrius,1593,priest,shadow,30,17,13
Kuazi,frostmourne,1593,priest,shadow,103,57,46
Thrie,ragnaros,1592,priest,shadow,42,18,24
Ajazz,zuljin,1591,priest,shadow,72,40,32
Bearuwu,frostmourne,1591,priest,shadow,42,20,22
Arataxx,area-52,1588,priest,shadow,99,53,46
Nightelffeet,stormrage,1588,priest,shadow,36,19,17
Houzz,frostmourne,1587,priest,shadow,42,27,15
Moojoke,zuljin,1586,priest,shadow,27,20,7
Dischaffy,shadowmoon,1586,priest,shadow,78,50,28
Frankeebutt,stormrage,1586,priest,shadow,72,43,29
Shadowzypher,wyrmrest-accord,1586,priest,shadow,42,23,19
Holylip,frostmourne,1585,priest,shadow,67,38,29
Chillypriest,azjolnerub,1585,priest,shadow,42,23,19
Ranthrough,tichondrius,1584,priest,shadow,90,53,37
Fluttershÿ,ragnaros,1584,priest,shadow,54,28,26
Sìnz,area-52,1583,priest,shadow,110,64,46
Ìnfìnite,bleeding-hollow,1581,priest,shadow,30,18,12
Nodoubt,barthilas,1581,priest,shadow,64,28,36
Vyabl,thrall,1580,priest,shadow,60,32,28
Ikillfast,tichondrius,1580,priest,shadow,382,198,184
Mellow,tichondrius,1578,priest,shadow,74,41,33
Teddipriest,tichondrius,1578,priest,shadow,35,19,16
Dillydackx,sargeras,1577,priest,shadow,114,61,53
Brotherrob,area-52,1576,priest,shadow,77,40,37
Brothercarl,stormrage,1576,priest,shadow,48,24,24
Kilal,sargeras,1575,priest,shadow,66,44,22
Çummiñs,malganis,1575,priest,shadow,36,21,15
Kaldrir,malganis,1574,priest,shadow,42,27,15
Luokni,illidan,1573,priest,shadow,48,30,18
Heàvenly,moon-guard,1573,priest,shadow,36,21,15
Alucardibee,turalyon,1573,priest,shadow,60,27,33
Suirr,tichondrius,1572,priest,shadow,48,31,17
Ibringgears,tichondrius,1572,priest,shadow,127,66,61
Ascian,daggerspine,1572,priest,shadow,36,17,19
Ratleen,malganis,1570,priest,shadow,212,103,109
Seedisc,kelthuzad,1569,priest,shadow,63,37,26
Mealmassttr,frostmourne,1569,priest,shadow,42,21,21
Nizeurflayzz,tichondrius,1568,priest,shadow,56,32,24
Milkgrabber,bleeding-hollow,1567,priest,shadow,145,77,68
Khelleya,moon-guard,1566,priest,shadow,69,38,31
Rogspriest,sargeras,1566,priest,shadow,42,23,19
Amentia,area-52,1565,priest,shadow,42,23,19
Spookytorch,illidan,1565,priest,shadow,36,19,17
Priestine,dreadmaul,1565,priest,shadow,192,97,95
Pestee,quelthalas,1563,priest,shadow,185,102,83
Csheweishan,aerie-peak,1562,priest,shadow,90,49,41
Xiphoidz,frostmourne,1562,priest,shadow,49,23,26
Healypants,eonar,1560,priest,shadow,41,23,18
Bugsbright,tichondrius,1560,priest,shadow,177,96,81
Aqurielen,turalyon,1559,priest,shadow,124,69,55
Vicara,moon-guard,1559,priest,shadow,101,50,51
Ethandryl,kelthuzad,1558,priest,shadow,39,23,16
Dahliá,frostmourne,1558,priest,shadow,83,45,38
Xdlolqt,sargeras,1558,priest,shadow,84,39,45
Pacmanlol,greymane,1557,priest,shadow,41,28,13
Alex,boulderfist,1557,priest,shadow,54,31,23
Powerwordcry,stormrage,1555,priest,shadow,81,43,38
Hevnlyst,proudmoore,1555,priest,shadow,54,23,31
Dottydaddy,emerald-dream,1554,priest,shadow,36,24,12
Fig,nazgrel,1554,priest,shadow,84,42,42
Nightcráwler,illidan,1553,priest,shadow,42,25,17
Rhima,tichondrius,1552,priest,shadow,24,17,7
Bestwizardx,tichondrius,1552,priest,shadow,57,36,21
Krazé,tichondrius,1552,priest,shadow,80,40,40
Sindawen,kiljaeden,1551,priest,shadow,66,38,28
Greyyan,wyrmrest-accord,1551,priest,shadow,297,160,137
Shadowdurps,area-52,1551,priest,shadow,78,40,38
Iminyou,kelthuzad,1549,priest,shadow,101,58,43
Softs,area-52,1549,priest,shadow,83,42,41
Spriest,kul-tiras,1547,priest,shadow,46,31,15
Proudigy,lightninghoof,1547,priest,shadow,93,54,39
Relicsa,proudmoore,1547,priest,shadow,71,36,35
Onegil,tichondrius,1546,priest,shadow,130,70,60
Terranle,tichondrius,1545,priest,shadow,124,63,61
Rammstèin,sargeras,1544,priest,shadow,42,23,19
Calientaeggs,drakkari,1544,priest,shadow,83,40,43
Nøfaith,area-52,1544,priest,shadow,118,53,65
Healzium,blackwater-raiders,1543,priest,shadow,92,44,48
Aeonar,alleria,1541,priest,shadow,75,45,30
Deffaultz,turalyon,1541,priest,shadow,70,40,30
Sorrentin,ragnaros,1540,priest,shadow,94,48,46
Zhadowbolts,thrall,1540,priest,shadow,47,24,23
Abientot,tichondrius,1539,priest,shadow,84,47,37
Stepho,dalaran,1539,priest,shadow,42,19,23
Fzz,tichondrius,1538,priest,shadow,53,29,24
Lilithice,moon-guard,1537,priest,shadow,48,25,23
Deawalker,khaz-modan,1536,priest,shadow,30,18,12
Slimfo,sargeras,1534,priest,shadow,30,16,14
Mightyp,malganis,1534,priest,shadow,42,19,23
Jah,frostmourne,1533,priest,shadow,30,16,14
Shadowylorka,sargeras,1533,priest,shadow,48,22,26
Aethestan,zuljin,1533,priest,shadow,83,37,46
Methandrial,hyjal,1532,priest,shadow,159,82,77
Anrop,illidan,1531,priest,shadow,48,31,17
Dikdik,tichondrius,1531,priest,shadow,75,42,33
Iuvrainee,area-52,1531,priest,shadow,96,50,46
Graviton,tichondrius,1530,priest,shadow,96,50,46
Píty,ragnaros,1529,priest,shadow,24,16,8
Stellarnova,emerald-dream,1529,priest,shadow,71,38,33
Nickdeath,tichondrius,1528,priest,shadow,90,38,52
ßluedreamx,tichondrius,1527,priest,shadow,41,26,15
Büd,sargeras,1527,priest,shadow,30,17,13
Slogger,illidan,1527,priest,shadow,35,17,18
Adolescents,bonechewer,1527,priest,shadow,36,17,19
Boneappletee,area-52,1527,priest,shadow,42,19,23
Tutuhx,quelthalas,1526,priest,shadow,24,16,8
Jojoxxz,illidan,1526,priest,shadow,49,27,22
Shadowthief,magtheridon,1526,priest,shadow,35,18,17
Purpskurp,stormrage,1525,priest,shadow,42,20,22
Hungrybone,proudmoore,1524,priest,shadow,36,17,19
Mastuti,azralon,1523,priest,shadow,33,18,15
Beckðn,tichondrius,1523,priest,shadow,94,50,44
Vaala,jubeithos,1523,priest,shadow,66,31,35
Olrightt,stormrage,1522,priest,shadow,42,24,18
Crbandit,moon-guard,1520,priest,shadow,112,65,47
Harisleidy,quelthalas,1520,priest,shadow,65,37,28
Ablatiøn,illidan,1520,priest,shadow,36,20,16
Emlix,tichondrius,1520,priest,shadow,86,46,40
Spriesto,frostmourne,1520,priest,shadow,35,18,17
Xz,black-dragonflight,1520,priest,shadow,57,28,29
Tíosam,ragnaros,1519,priest,shadow,30,16,14
Ghedeloco,tichondrius,1518,priest,shadow,42,26,16
Azagthøth,ravenholdt,1518,priest,shadow,256,132,124
Wdnmmd,proudmoore,1518,priest,shadow,309,155,154
Suicider,emerald-dream,1518,priest,shadow,230,115,115
Catmasters,area-52,1518,priest,shadow,40,20,20
Beloriath,ragnaros,1517,priest,shadow,52,29,23
Thiazine,kiljaeden,1515,priest,shadow,51,33,18
Èvil,tichondrius,1514,priest,shadow,24,16,8
Etan,thrall,1512,priest,shadow,127,72,55
Bandages,stormreaver,1512,priest,shadow,115,59,56
Rotass,hyjal,1511,priest,shadow,65,40,25
Saitii,dalaran,1511,priest,shadow,30,16,14
Theorym,tichondrius,1509,priest,shadow,46,32,14
Shadowflux,thunderlord,1509,priest,shadow,60,26,34
Growth,fizzcrank,1508,priest,shadow,48,24,24
Thelordx,barthilas,1507,priest,shadow,66,34,32
Amideus,dunemaul,1507,priest,shadow,42,18,24
Chibii,kelthuzad,1505,priest,shadow,83,55,28
Lowkii,malfurion,1505,priest,shadow,75,47,28
Krythe,laughing-skull,1505,priest,shadow,41,19,22
Sezyks,stormrage,1503,priest,shadow,36,28,8
Faeinia,elune,1503,priest,shadow,111,63,48
Lucael,durotan,1503,priest,shadow,60,33,27
Twistedtéa,garrosh,1503,priest,shadow,42,20,22
Corthien,thrall,1501,priest,shadow,36,22,14
Vynlanesh,illidan,1501,priest,shadow,132,65,67
Holyren,sargeras,1500,priest,shadow,175,88,87
Danoc,tichondrius,1500,priest,shadow,108,53,55
Spoõks,darkspear,1500,priest,shadow,68,32,36
Debbie,cairne,1499,priest,shadow,66,37,29
Goodlife,frostmourne,1499,priest,shadow,36,16,20
Occult,bloodscalp,1498,priest,shadow,117,54,63
Pics,emerald-dream,1497,priest,shadow,58,30,28
Ravinny,nemesis,1497,priest,shadow,88,43,45
Ed,crushridge,1496,priest,shadow,71,42,29
Ellipses,bleeding-hollow,1496,priest,shadow,117,54,63
Markzugrberg,emerald-dream,1495,priest,shadow,78,39,39
Coral,stormscale,1495,priest,shadow,83,40,43
Bullma,boulderfist,1494,priest,shadow,22,17,5
Púrg,frostmourne,1493,priest,shadow,90,47,43
Creedence,jubeithos,1493,priest,shadow,65,33,32
Wenger,crushridge,1493,priest,shadow,186,90,96
Bradythree,moon-guard,1491,priest,shadow,36,22,14
Palutena,drakkari,1491,priest,shadow,42,22,20
Nekkz,sargeras,1490,priest,shadow,29,21,8
Stellur,kelthuzad,1490,priest,shadow,29,18,11
Bublethenrun,cenarius,1490,priest,shadow,29,17,12
Battlemage,magtheridon,1490,priest,shadow,30,16,14
Azheel,stormrage,1490,priest,shadow,71,29,42
Yeeko,kiljaeden,1489,priest,shadow,42,23,19
Uncletouches,thrall,1488,priest,shadow,58,31,27
Fïonan,proudmoore,1488,priest,shadow,72,35,37
Ivyslays,area-52,1487,priest,shadow,77,42,35
Cpoppa,sargeras,1487,priest,shadow,72,39,33
Pottime,tichondrius,1487,priest,shadow,42,21,21
Stusy,tichondrius,1486,priest,shadow,89,55,34
Shadowlife,bonechewer,1486,priest,shadow,72,37,35
Supremezx,frostmourne,1484,priest,shadow,98,54,44
Wobbleskank,tichondrius,1484,priest,shadow,173,95,78
Baume,thrall,1484,priest,shadow,133,70,63
Propumper,dalaran,1483,priest,shadow,47,27,20
Vílja,moon-guard,1483,priest,shadow,153,80,73
Luminous,moon-guard,1482,priest,shadow,123,66,57
Exigyo,quelthalas,1481,priest,shadow,41,22,19
Carniosso,azralon,1480,priest,shadow,140,70,70
Jhivagosp,tichondrius,1480,priest,shadow,40,19,21
Scarsdeath,azralon,1479,priest,shadow,88,48,40
Revóra,kelthuzad,1478,priest,shadow,84,51,33
Razzamun,lothar,1478,priest,shadow,36,19,17
Mìdnìght,ragnaros,1477,priest,shadow,52,33,19
Theodorous,frostmourne,1477,priest,shadow,75,42,33
Teeprie,drakthul,1476,priest,shadow,70,41,29
Jatral,azralon,1476,priest,shadow,64,31,33
Cuaiminator,ragnaros,1474,priest,shadow,98,53,45
Aghorï,sargeras,1473,priest,shadow,186,92,94
Dotdotwin,illidan,1472,priest,shadow,86,48,38
Juicymist,moon-guard,1471,priest,shadow,323,174,149
Flickmybick,sargeras,1471,priest,shadow,110,55,55
Shådøw,destromath,1471,priest,shadow,77,36,41
Jeanbi,ragnaros,1469,priest,shadow,150,81,69
Raahsty,malganis,1469,priest,shadow,54,21,33
Shädë,emerald-dream,1467,priest,shadow,54,23,31
Shadowbee,kargath,1466,priest,shadow,32,18,14
Onipapae,frostmourne,1465,priest,shadow,148,81,67
Sînkaî,demon-soul,1465,priest,shadow,202,107,95
Swp,sargeras,1463,priest,shadow,72,41,31
Xijinping,chogall,1463,priest,shadow,40,19,21
Shadeven,nagrand,1463,priest,shadow,39,18,21
Muurielle,quelthalas,1462,priest,shadow,207,108,99
Bigvoidman,area-52,1462,priest,shadow,64,32,32
Plzdontlos,hyjal,1461,priest,shadow,36,22,14
Malikeht,drakkari,1461,priest,shadow,80,43,37
Synkiz,darkspear,1460,priest,shadow,131,70,61
Eraseme,bleeding-hollow,1460,priest,shadow,48,23,25
ßuffysummer,illidan,1460,priest,shadow,42,18,24
Toddmund,tichondrius,1457,priest,shadow,179,87,92
Fritzi,shattered-hand,1456,priest,shadow,30,17,13
Ralphiez,tichondrius,1456,priest,shadow,76,40,36
Healtheze,kelthuzad,1456,priest,shadow,44,22,22
Mikeysp,tichondrius,1453,priest,shadow,48,26,22
Travisteez,illidan,1452,priest,shadow,34,26,8
Creata,frostmourne,1450,priest,shadow,25,16,9
Drpopepurp,tichondrius,1448,priest,shadow,56,27,29
Zatthanea,hellscream,1445,priest,shadow,24,16,8
Grizzlysmite,stormrage,1445,priest,shadow,37,17,20
Lelyna,stormrage,1443,priest,shadow,46,27,19
Scadie,goldrinn,1443,priest,shadow,42,21,21
Shén,barthilas,1442,priest,shadow,125,79,46
Vizioz,tichondrius,1441,priest,shadow,36,16,20
Kokai,area-52,1440,priest,shadow,18,15,3
Nyctelis,sargeras,1440,priest,shadow,58,29,29
Yungjim,the-forgotten-coast,1439,priest,shadow,30,15,15
Ràvn,emerald-dream,1438,priest,shadow,34,24,10
Patchouliz,tichondrius,1438,priest,shadow,41,27,14
Janesville,tichondrius,1438,priest,shadow,48,31,17
Dawnkìn,bleeding-hollow,1437,priest,shadow,138,72,66
Rachelstarrx,hyjal,1436,priest,shadow,24,15,9
Holydestroyr,dentarg,1436,priest,shadow,54,28,26
Shadowhazed,tichondrius,1436,priest,shadow,66,33,33
Moistfather,kelthuzad,1435,priest,shadow,47,29,18
Halselin,senjin,1435,priest,shadow,148,86,62
Papadoll,malganis,1435,priest,shadow,38,20,18
Stasis,korialstrasz,1434,priest,shadow,42,26,16
Unholyreáper,magtheridon,1434,priest,shadow,30,18,12
Allsmite,aerie-peak,1433,priest,shadow,72,37,35
Dockavok,bloodhoof,1432,priest,shadow,30,18,12
Stromile,tichondrius,1431,priest,shadow,24,17,7
Covidchamp,proudmoore,1431,priest,shadow,24,15,9
Ciem,tichondrius,1431,priest,shadow,24,15,9
Aguitardient,ragnaros,1431,priest,shadow,45,26,19
Spacethug,illidan,1431,priest,shadow,30,15,15
Lukuku,barthilas,1431,priest,shadow,30,15,15
Leach,darkspear,1431,priest,shadow,104,50,54
Fadedatm,illidan,1431,priest,shadow,36,15,21
Constentien,tichondrius,1430,priest,shadow,37,20,17
Kellsyo,hyjal,1429,priest,shadow,18,15,3
Nonbinary,trollbane,1429,priest,shadow,42,24,18
Øbara,frostmourne,1429,priest,shadow,171,89,82
Aabye,nemesis,1428,priest,shadow,35,23,12
Sandrö,sargeras,1427,priest,shadow,24,15,9
Vyrus,tichondrius,1427,priest,shadow,24,15,9
Shadøwheal,stormrage,1427,priest,shadow,79,49,30
Vanisa,hellscream,1427,priest,shadow,124,69,55
Younext,sargeras,1425,priest,shadow,63,22,41
Mitoloshi,ragnaros,1424,priest,shadow,42,19,23
Zarøw,tichondrius,1423,priest,shadow,24,15,9
Duatneter,quelthalas,1423,priest,shadow,83,46,37
Frorgnence,stormrage,1422,priest,shadow,36,26,10
Fathersmits,area-52,1422,priest,shadow,24,15,9
Daysgone,bleeding-hollow,1422,priest,shadow,305,161,144
Tatzis,frostmourne,1419,priest,shadow,33,17,16
Anmu,illidan,1418,priest,shadow,29,16,13
Justfaith,barthilas,1418,priest,shadow,97,44,53
Lilmix,hydraxis,1417,priest,shadow,41,26,15
Huajie,lightnings-blade,1417,priest,shadow,36,20,16
Saltheril,burning-blade,1417,priest,shadow,55,28,27
Mabisyo,wyrmrest-accord,1416,priest,shadow,24,15,9
Lostmybible,stormrage,1415,priest,shadow,72,44,28
Strokkerx,azralon,1414,priest,shadow,110,59,51
Srenity,zuljin,1414,priest,shadow,42,21,21
Moogyvoid,tichondrius,1414,priest,shadow,42,19,23
Xionys,sargeras,1413,priest,shadow,78,40,38
Ramaven,arygos,1413,priest,shadow,78,39,39
Grympriest,wyrmrest-accord,1412,priest,shadow,36,24,12
Showakoi,ragnaros,1412,priest,shadow,54,29,25
Aedaki,garona,1410,priest,shadow,166,92,74
Chaas,ragnaros,1410,priest,shadow,147,78,69
Pastortee,sargeras,1409,priest,shadow,65,35,30
Nüt,malganis,1409,priest,shadow,71,37,34
Wongÿ,tichondrius,1408,priest,shadow,36,27,9
Blasterion,ragnaros,1408,priest,shadow,24,15,9
Prickled,zuljin,1408,priest,shadow,102,49,53
ßarracuda,illidan,1407,priest,shadow,120,67,53
Coors,lightnings-blade,1404,priest,shadow,36,18,18
Plebcakès,sargeras,1404,priest,shadow,61,30,31
ßroßraßroski,sargeras,1403,priest,shadow,42,24,18
Liquidhorror,tichondrius,1402,priest,shadow,25,15,10
Shirubamoya,gurubashi,1401,priest,shadow,41,23,18
Rida,zuljin,1401,priest,shadow,74,41,33
Mindboink,malganis,1401,priest,shadow,88,47,41
Zeroghp,tichondrius,1401,priest,shadow,30,15,15
Cupriest,tichondrius,1400,priest,shadow,48,27,21
Wowgreatgame,tichondrius,1400,priest,shadow,89,45,44
Methodist,sargeras,1399,priest,shadow,30,15,15
Whitehandpr,tichondrius,1398,priest,shadow,534,264,270
Kuazi,khazgoroth,1398,priest,shadow,125,59,66
Bakedlord,malganis,1397,priest,shadow,109,53,56
Imhðtep,ragnaros,1397,priest,shadow,84,40,44
Popejack,stormrage,1395,priest,shadow,59,32,27
Pepps,proudmoore,1395,priest,shadow,624,314,310
Elogant,frostmourne,1395,priest,shadow,112,47,65
Haø,stormrage,1393,priest,shadow,98,50,48
Flyingherps,tichondrius,1392,priest,shadow,30,20,10
Eskettit,korgath,1392,priest,shadow,30,16,14
Bûdussy,bonechewer,1392,priest,shadow,101,51,50
Dyé,hydraxis,1391,priest,shadow,30,16,14
Zyræl,stormrage,1391,priest,shadow,208,104,104
Milojac,hyjal,1390,priest,shadow,30,18,12
Dipírex,azralon,1389,priest,shadow,84,40,44
Barelylegalx,tichondrius,1387,priest,shadow,36,16,20
Mindeas,the-forgotten-coast,1387,priest,shadow,38,15,23
Achíllesheal,stormrage,1386,priest,shadow,113,59,54
Deeaann,tichondrius,1386,priest,shadow,356,178,178
Skyspice,frostmourne,1386,priest,shadow,78,39,39
Fäÿë,tichondrius,1386,priest,shadow,54,26,28
Vinasky,moon-guard,1386,priest,shadow,38,16,22
Bloodify,azralon,1385,priest,shadow,53,26,27
Ilumus,lightnings-blade,1384,priest,shadow,30,17,13
Raoel,proudmoore,1380,priest,shadow,66,39,27
Healztonic,dalaran,1380,priest,shadow,72,32,40
Ampela,dalaran,1379,priest,shadow,69,35,34
Mãstermerlin,frostmourne,1379,priest,shadow,58,28,30
Boocharni,wyrmrest-accord,1378,priest,shadow,18,15,3
Littlebagel,nesingwary,1378,priest,shadow,63,36,27
Tye,medivh,1378,priest,shadow,30,15,15
Saphet,draktharon,1377,priest,shadow,99,61,38
Jadon,sargeras,1377,priest,shadow,38,22,16
Miniimenx,azralon,1375,priest,shadow,41,29,12
Bastét,skullcrusher,1373,priest,shadow,114,62,52
Zinr,tichondrius,1373,priest,shadow,72,39,33
Londy,area-52,1373,priest,shadow,619,308,311
Niias,hyjal,1372,priest,shadow,99,54,45
Discobish,sargeras,1371,priest,shadow,48,26,22
Coolbie,korgath,1370,priest,shadow,32,15,17
Onixió,ragnaros,1369,priest,shadow,30,15,15
Tyisanity,tichondrius,1368,priest,shadow,68,32,36
Ashtahius,ragnaros,1367,priest,shadow,167,91,76
Hollowed,drakkari,1367,priest,shadow,65,31,34
Aránhell,ragnaros,1365,priest,shadow,48,28,20
Lolcrafthd,ragnaros,1364,priest,shadow,30,16,14
Swollenarms,kiljaeden,1363,priest,shadow,23,15,8
Priestology,echo-isles,1362,priest,shadow,30,16,14
Aedan,emerald-dream,1362,priest,shadow,56,29,27
Kovidcure,tichondrius,1361,priest,shadow,42,20,22
Manofmystery,drenden,1359,priest,shadow,23,15,8
Task,korgath,1359,priest,shadow,47,21,26
Maniwa,dentarg,1359,priest,shadow,60,23,37
Phantomz,malganis,1358,priest,shadow,65,39,26
Bibledave,whisperwind,1358,priest,shadow,45,22,23
Spieluhr,tichondrius,1357,priest,shadow,54,29,25
Irilde,proudmoore,1356,priest,shadow,42,21,21
Oxycodex,thrall,1356,priest,shadow,53,20,33
Hephiron,area-52,1355,priest,shadow,97,46,51
Stellaryn,moon-guard,1354,priest,shadow,66,29,37
Hypochondria,moon-guard,1353,priest,shadow,117,59,58
Oldmanlou,spirestone,1353,priest,shadow,36,18,18
Icytaken,frostmourne,1353,priest,shadow,48,22,26
Grianné,mannoroth,1351,priest,shadow,65,36,29
Lawgiva,thrall,1349,priest,shadow,36,21,15
Luzsombraa,stormrage,1349,priest,shadow,60,31,29
Andso,azralon,1345,priest,shadow,42,19,23
Poague,area-52,1343,priest,shadow,24,14,10
Habann,frostmourne,1343,priest,shadow,146,72,74
Flay,dragonmaw,1342,priest,shadow,18,14,4
Ukishizumi,tichondrius,1342,priest,shadow,18,14,4
Cixelp,tichondrius,1342,priest,shadow,30,14,16
Urspareparts,sargeras,1341,priest,shadow,107,56,51
Thaedreu,area-52,1341,priest,shadow,55,27,28
Haracka,quelthalas,1341,priest,shadow,30,14,16
Bigmollet,tichondrius,1341,priest,shadow,109,45,64
Mudkrab,gundrak,1340,priest,shadow,18,14,4
Verbeka,nemesis,1338,priest,shadow,18,14,4
Whosjoe,tichondrius,1337,priest,shadow,24,14,10
Cptnrockwèll,dalaran,1337,priest,shadow,98,53,45
Brokenpriest,wyrmrest-accord,1336,priest,shadow,184,93,91
Labraidor,tichondrius,1336,priest,shadow,105,44,61
Biodot,sargeras,1335,priest,shadow,19,15,4
Scenekîd,moon-guard,1335,priest,shadow,60,28,32
Mindtrip,korgath,1334,priest,shadow,104,54,50
Osmatspriest,firetree,1334,priest,shadow,33,15,18
Amestroada,nemesis,1333,priest,shadow,39,21,18
Boogle,frostmourne,1333,priest,shadow,59,26,33
Chenny,darkspear,1332,priest,shadow,72,40,32
Fruitbasketz,malganis,1332,priest,shadow,48,23,25
Hurrdurr,shattered-hand,1331,priest,shadow,48,32,16
Zeas,moon-guard,1331,priest,shadow,42,23,19
Voidariah,tichondrius,1330,priest,shadow,30,14,16
Aphôtic,moon-guard,1327,priest,shadow,48,15,33
Sacerthu,goldrinn,1325,priest,shadow,36,20,16
Crazyshadow,proudmoore,1325,priest,shadow,34,15,19
Brshki,tichondrius,1324,priest,shadow,18,14,4
Hecáte,dalaran,1324,priest,shadow,24,14,10
Mortemus,drenden,1323,priest,shadow,32,21,11
Reos,jubeithos,1323,priest,shadow,66,39,27
Reverendpope,tichondrius,1323,priest,shadow,54,22,32
Badnfluence,kiljaeden,1322,priest,shadow,30,17,13
Choupidou,illidan,1322,priest,shadow,36,16,20
Roommatethor,thaurissan,1319,priest,shadow,30,18,12
Mastahmind,illidan,1319,priest,shadow,41,20,21
ßellaßellz,tichondrius,1319,priest,shadow,30,14,16
Faithplusone,zuljin,1318,priest,shadow,24,15,9
Mortivore,azralon,1318,priest,shadow,30,14,16
Chádeervas,nemesis,1315,priest,shadow,39,24,15
Pandarue,tichondrius,1315,priest,shadow,105,53,52
Maynard,ragnaros,1314,priest,shadow,119,59,60
Naieth,aerie-peak,1314,priest,shadow,81,35,46
Alvorr,ragnaros,1313,priest,shadow,94,50,44
Jilt,aerie-peak,1313,priest,shadow,54,24,30
Gnow,moon-guard,1312,priest,shadow,83,41,42
Sovix,sargeras,1311,priest,shadow,66,40,26
Likeleela,azshara,1310,priest,shadow,134,66,68
Alisaie,dalvengyr,1308,priest,shadow,52,27,25
Goodvybz,illidan,1306,priest,shadow,44,18,26
Shadowtreta,azralon,1305,priest,shadow,42,26,16
Marni,akama,1305,priest,shadow,103,49,54
Bec,khadgar,1305,priest,shadow,36,17,19
Roylwcheese,illidan,1304,priest,shadow,24,16,8
Holyfüry,ragnaros,1304,priest,shadow,24,15,9
Kflexx,hydraxis,1303,priest,shadow,24,15,9
Mettz,malganis,1302,priest,shadow,24,14,10
Voidscrypt,thrall,1302,priest,shadow,112,62,50
Pozcas,blood-furnace,1301,priest,shadow,48,24,24
Cheez,tichondrius,1300,priest,shadow,130,60,70
Shmmoie,frostmourne,1299,priest,shadow,60,32,28
Galedry,ragnaros,1299,priest,shadow,107,51,56
Dioscura,malganis,1298,priest,shadow,26,15,11
Sekhen,area-52,1298,priest,shadow,49,23,26
Bustmybubble,tichondrius,1297,priest,shadow,50,34,16
Estelars,aggramar,1296,priest,shadow,269,139,130
Mamofwar,arthas,1296,priest,shadow,66,29,37
Bobbeans,area-52,1295,priest,shadow,30,18,12
Scriptö,fizzcrank,1295,priest,shadow,102,60,42
Astari,illidan,1295,priest,shadow,44,15,29
Commotion,dalaran,1294,priest,shadow,23,14,9
Maricotä,azralon,1294,priest,shadow,48,28,20
Dralaan,proudmoore,1291,priest,shadow,120,70,50
Ancene,illidan,1290,priest,shadow,42,24,18
Àx,draka,1290,priest,shadow,32,18,14
Hervert,area-52,1289,priest,shadow,36,19,17
Thotsndots,blood-furnace,1288,priest,shadow,26,15,11
Uikaren,tichondrius,1288,priest,shadow,61,32,29
Tjxx,zuljin,1287,priest,shadow,72,36,36
Nyktøs,quelthalas,1285,priest,shadow,72,32,40
Lilpika,illidan,1283,priest,shadow,66,31,35
Ketchuslipin,illidan,1283,priest,shadow,82,37,45
Puerquirri,quelthalas,1280,priest,shadow,36,19,17
Beautifulgir,illidan,1279,priest,shadow,84,45,39
Valloren,kalecgos,1278,priest,shadow,26,15,11
Faydes,arthas,1278,priest,shadow,31,14,17
Tanthdrel,proudmoore,1276,priest,shadow,72,40,32
Abolita,korgath,1276,priest,shadow,120,65,55
Furìøns,nemesis,1275,priest,shadow,24,15,9
Janke,malganis,1274,priest,shadow,26,14,12
Lirien,kelthuzad,1273,priest,shadow,78,29,49
Drethor,saurfang,1271,priest,shadow,54,31,23
Healixd,area-52,1271,priest,shadow,36,14,22
Lyriczx,kelthuzad,1265,priest,shadow,42,18,24
Ochae,stormrage,1264,priest,shadow,31,15,16
Pfl,area-52,1263,priest,shadow,188,94,94
Zolgeta,exodar,1262,priest,shadow,53,34,19
Shadyvoodoo,barthilas,1262,priest,shadow,122,61,61
Halleßerry,illidan,1261,priest,shadow,24,14,10
Festær,area-52,1258,priest,shadow,64,34,30
Synergize,korgath,1254,priest,shadow,60,30,30
Timreaper,barthilas,1253,priest,shadow,65,34,31
Alphawon,area-52,1253,priest,shadow,147,71,76
Kapriestsun,malorne,1252,priest,shadow,26,17,9
Stankylegz,tichondrius,1251,priest,shadow,30,16,14
Duckdemon,ragnaros,1250,priest,shadow,147,69,78
Gothii,tichondrius,1250,priest,shadow,47,16,31
Jwx,malganis,1248,priest,shadow,18,13,5
Envyion,sargeras,1248,priest,shadow,24,13,11
Plantmom,tichondrius,1248,priest,shadow,24,13,11
Jpwz,barthilas,1247,priest,shadow,18,13,5
Lùcìd,dalaran,1247,priest,shadow,48,31,17
Wombitpurple,azgalor,1247,priest,shadow,24,13,11
Kemsety,azralon,1246,priest,shadow,24,13,11
Quinlan,dreadmaul,1246,priest,shadow,40,19,21
Bubblepop,blackhand,1245,priest,shadow,18,13,5
Demples,darkspear,1245,priest,shadow,30,20,10
Kristt,thrall,1245,priest,shadow,192,88,104
Fanfansp,tichondrius,1244,priest,shadow,18,13,5
Eggmccheese,stormrage,1244,priest,shadow,77,42,35
Jahz,zuljin,1243,priest,shadow,18,13,5
Sakuraginero,illidan,1243,priest,shadow,24,13,11
Shadowjisha,emerald-dream,1243,priest,shadow,33,14,19
Pri,jubeithos,1242,priest,shadow,18,13,5
Ashidox,proudmoore,1242,priest,shadow,27,14,13
Omenous,area-52,1242,priest,shadow,88,39,49
Jexso,tichondrius,1242,priest,shadow,37,13,24
Layrissa,whisperwind,1240,priest,shadow,30,16,14
Xedus,mannoroth,1240,priest,shadow,74,37,37
Kushie,saurfang,1240,priest,shadow,36,16,20
Nóin,tichondrius,1240,priest,shadow,83,34,49
Dilly,tichondrius,1238,priest,shadow,21,14,7
Nums,tichondrius,1236,priest,shadow,48,25,23
Hüde,stormrage,1236,priest,shadow,116,56,60
Aeingel,amanthul,1236,priest,shadow,150,68,82
Oncemore,khazgoroth,1236,priest,shadow,60,25,35
Matafuka,ragnaros,1235,priest,shadow,115,58,57
Rykispriest,tichondrius,1234,priest,shadow,18,13,5
Dernièreplac,blackrock,1234,priest,shadow,27,16,11
Vikingkøng,ragnaros,1233,priest,shadow,18,13,5
Shadowyeti,illidan,1233,priest,shadow,18,13,5
Cykle,blackrock,1233,priest,shadow,42,13,29
Bmô,stormrage,1230,priest,shadow,58,27,31
Jiedx,tichondrius,1230,priest,shadow,35,14,21
Scroad,kiljaeden,1229,priest,shadow,30,13,17
Elam,ragnaros,1229,priest,shadow,53,19,34
Boill,illidan,1228,priest,shadow,18,13,5
Fadedvoid,malorne,1228,priest,shadow,18,13,5
Uvebeendead,the-forgotten-coast,1228,priest,shadow,90,48,42
Cowabungá,azralon,1227,priest,shadow,18,13,5
Kaermor,stormrage,1227,priest,shadow,66,28,38
Simplyfaded,black-dragonflight,1226,priest,shadow,24,13,11
Willibald,eldrethalas,1226,priest,shadow,52,20,32
Payan,barthilas,1224,priest,shadow,54,27,27
Antoz,kelthuzad,1222,priest,shadow,49,28,21
Paganpain,tichondrius,1220,priest,shadow,50,22,28
Mindraker,turalyon,1217,priest,shadow,18,13,5
Spamnhealz,illidan,1217,priest,shadow,27,14,13
Demoñ,deathwing,1217,priest,shadow,36,17,19
Kàiju,zuljin,1216,priest,shadow,60,27,33
Moon,moonrunner,1215,priest,shadow,59,30,29
Rëckful,area-52,1213,priest,shadow,59,36,23
Kibariyb,drakkari,1213,priest,shadow,36,13,23
Solraea,stormrage,1211,priest,shadow,18,13,5
Tylored,zuljin,1211,priest,shadow,54,22,32
Dpdead,frostmourne,1209,priest,shadow,29,13,16
Madjak,lightnings-blade,1208,priest,shadow,22,15,7
Sorrowful,mannoroth,1208,priest,shadow,29,13,16
Castnngcouch,tichondrius,1207,priest,shadow,42,21,21
Khenshin,ragnaros,1202,priest,shadow,80,47,33
Discpi,illidan,1202,priest,shadow,78,34,44
Hitful,azralon,1200,priest,shadow,18,14,4
Senumbra,tichondrius,1200,priest,shadow,36,16,20
Priestmain,thrall,1196,priest,shadow,42,20,22
Hairypenance,sargeras,1194,priest,shadow,23,13,10
Dockani,sargeras,1194,priest,shadow,66,31,35
Flaytonmanin,korgath,1193,priest,shadow,28,13,15
Whisper,zuljin,1190,priest,shadow,43,23,20
Pestî,area-52,1189,priest,shadow,66,30,36
Foli,zuljin,1187,priest,shadow,22,14,8
Voiddark,thrall,1187,priest,shadow,49,26,23
Aflstan,frostmourne,1185,priest,shadow,57,34,23
Locjawbe,area-52,1183,priest,shadow,65,29,36
Pristoleiro,azralon,1182,priest,shadow,17,13,4
Overcastedxo,kelthuzad,1182,priest,shadow,83,47,36
Anathamaz,stormrage,1182,priest,shadow,36,13,23
Fullfear,lothar,1178,priest,shadow,26,13,13
Darksheals,barthilas,1176,priest,shadow,30,22,8
Vynardis,arygos,1173,priest,shadow,61,27,34
Deadcode,frostmane,1173,priest,shadow,58,22,36
Nèurósis,area-52,1172,priest,shadow,29,13,16
Urmorphine,area-52,1170,priest,shadow,215,112,103
Zelashan,proudmoore,1170,priest,shadow,30,14,16
Thedarkshade,area-52,1168,priest,shadow,45,28,17
Khaibit,stormrage,1168,priest,shadow,63,38,25
Clayphace,darkspear,1167,priest,shadow,30,13,17
Agraciada,illidan,1164,priest,shadow,57,32,25
Beneficium,nazjatar,1163,priest,shadow,66,35,31
Faithhealing,zuljin,1160,priest,shadow,106,53,53
Yaann,zuljin,1157,priest,shadow,60,31,29
Trollypriest,darkspear,1157,priest,shadow,94,44,50
Chinchillin,demon-soul,1153,priest,shadow,213,108,105
Snakklè,illidan,1152,priest,shadow,18,13,5
Taxzury,tichondrius,1152,priest,shadow,18,12,6
Raxii,area-52,1152,priest,shadow,18,12,6
Mmys,tichondrius,1152,priest,shadow,24,12,12
Wojangles,zuljin,1151,priest,shadow,18,12,6
Playsoon,illidan,1151,priest,shadow,18,12,6
Heàl,akama,1151,priest,shadow,24,12,12
Enchantrez,frostmourne,1151,priest,shadow,24,12,12
Airil,mugthol,1150,priest,shadow,18,12,6
Shadowp,shattered-halls,1150,priest,shadow,24,12,12
Bàttlepriest,nagrand,1150,priest,shadow,36,16,20
Nohealerhere,frostmourne,1149,priest,shadow,18,12,6
Oxytoxin,sargeras,1149,priest,shadow,25,13,12
Nùm,tichondrius,1147,priest,shadow,21,13,8
Delai,dalaran,1146,priest,shadow,24,12,12
Teccalil,tichondrius,1146,priest,shadow,24,12,12
Abednego,area-52,1145,priest,shadow,21,13,8
Soonya,arygos,1145,priest,shadow,45,24,21
Dayquills,illidan,1145,priest,shadow,24,12,12
Lidole,barthilas,1145,priest,shadow,30,12,18
Omnivoîd,tichondrius,1144,priest,shadow,24,12,12
Kk,fizzcrank,1144,priest,shadow,24,12,12
Kirarii,ragnaros,1142,priest,shadow,18,12,6
Îcecube,sargeras,1142,priest,shadow,24,12,12
Lyxorr,area-52,1139,priest,shadow,60,26,34
Holydarkness,quelthalas,1139,priest,shadow,76,30,46
Rucati,cenarius,1137,priest,shadow,47,21,26
Austul,guldan,1136,priest,shadow,24,12,12
Antonietta,drakkari,1135,priest,shadow,23,12,11
Ëlliot,stormrage,1129,priest,shadow,39,19,20
Vvti,quelthalas,1125,priest,shadow,28,15,13
Aliciari,illidan,1125,priest,shadow,30,12,18
Lilmermaid,laughing-skull,1118,priest,shadow,24,12,12
Lõkî,malganis,1117,priest,shadow,18,12,6
Fearmongrol,bleeding-hollow,1114,priest,shadow,30,12,18
Saura,aegwynn,1111,priest,shadow,22,12,10
Ashleyrjx,nazjatar,1110,priest,shadow,24,13,11
Knglizward,stormrage,1110,priest,shadow,71,38,33
Jeängrey,tichondrius,1100,priest,shadow,21,13,8
Shämus,dalaran,1097,priest,shadow,82,41,41
Neehow,hyjal,1095,priest,shadow,67,38,29
Shinyspriest,tichondrius,1095,priest,shadow,121,56,65
Angro,ragnaros,1094,priest,shadow,36,21,15
Thrilas,silver-hand,1092,priest,shadow,24,12,12
Misslost,nerzhul,1081,priest,shadow,23,12,11
Tinypuppyy,sargeras,1076,priest,shadow,49,19,30
Devî,magtheridon,1074,priest,shadow,30,12,18
Scormm,runetotem,1073,priest,shadow,24,13,11
Posest,darkspear,1068,priest,shadow,25,12,13
Galice,archimonde,1066,priest,shadow,78,39,39
Eslaughter,twisting-nether,1061,priest,shadow,24,16,8
Robhàlford,ragnaros,1061,priest,shadow,31,15,16
Valeknun,stormrage,1060,priest,shadow,42,27,15
Freebolte,frostmourne,1056,priest,shadow,12,11,1
Spookyman,malganis,1056,priest,shadow,18,11,7
Káldorei,proudmoore,1056,priest,shadow,18,11,7
Lastbubble,area-52,1056,priest,shadow,24,11,13
Livity,malganis,1056,priest,shadow,24,11,13
Hakirn,bleeding-hollow,1055,priest,shadow,12,11,1
Patagoniabae,kelthuzad,1055,priest,shadow,12,11,1
Icychain,area-52,1055,priest,shadow,18,11,7
Analogxz,nemesis,1055,priest,shadow,18,11,7
Mòrbídìtý,area-52,1055,priest,shadow,25,11,14
Rattyp,barthilas,1054,priest,shadow,18,11,7
Toddo,trollbane,1054,priest,shadow,18,11,7
Bustit,azgalor,1054,priest,shadow,18,11,7
Sleezi,emerald-dream,1054,priest,shadow,18,11,7
Psycozis,hyjal,1054,priest,shadow,18,11,7
Roterick,wyrmrest-accord,1053,priest,shadow,18,11,7
Eatmyspells,malganis,1053,priest,shadow,24,11,13
Voidhearted,tichondrius,1053,priest,shadow,30,11,19
Talkura,tichondrius,1052,priest,shadow,12,11,1
Melterdecara,tichondrius,1052,priest,shadow,18,11,7
Tydïus,illidan,1052,priest,shadow,18,11,7
Bhruno,proudmoore,1052,priest,shadow,18,11,7
Fancyspork,illidan,1052,priest,shadow,24,11,13
Legitgayirl,zuljin,1052,priest,shadow,24,11,13
Féarlust,demon-soul,1051,priest,shadow,18,11,7
Eazye,shadowmoon,1051,priest,shadow,30,11,19
Norbon,mugthol,1050,priest,shadow,18,11,7
Donttrainplz,tichondrius,1050,priest,shadow,20,11,9
Trenance,barthilas,1050,priest,shadow,24,11,13
Azrothlol,kul-tiras,1050,priest,shadow,30,11,19
Doctafuzz,muradin,1049,priest,shadow,24,12,12
Semillion,tichondrius,1049,priest,shadow,24,11,13
Kundalini,boulderfist,1049,priest,shadow,81,36,45
Filljr,korgath,1048,priest,shadow,18,11,7
Boogieboop,frostmourne,1048,priest,shadow,18,11,7
Morboo,proudmoore,1048,priest,shadow,18,11,7
Radamántizz,ragnaros,1046,priest,shadow,18,11,7
Nocturnalx,moon-guard,1045,priest,shadow,18,11,7
Ssphex,tichondrius,1044,priest,shadow,104,54,50
Battlepope,the-scryers,1043,priest,shadow,61,34,27
Bojanglings,undermine,1042,priest,shadow,30,11,19
Shadynasti,azshara,1041,priest,shadow,24,14,10
Choppery,laughing-skull,1040,priest,shadow,18,11,7
Romero,blood-furnace,1039,priest,shadow,148,72,76
Tomseleck,frostmourne,1039,priest,shadow,24,11,13
Floofball,medivh,1038,priest,shadow,18,11,7
Yddwin,quelthalas,1036,priest,shadow,27,12,15
Frëÿjä,proudmoore,1035,priest,shadow,18,11,7
Kakao,stormreaver,1034,priest,shadow,30,11,19
Webba,azshara,1033,priest,shadow,30,11,19
Estarì,proudmoore,1031,priest,shadow,23,11,12
Lotros,area-52,1025,priest,shadow,18,11,7
Alzu,ragnaros,1023,priest,shadow,23,11,12
Hibot,illidan,1016,priest,shadow,72,34,38
Drkvagician,tichondrius,1016,priest,shadow,30,11,19
Ipse,azshara,1014,priest,shadow,96,52,44
Fedodesubaco,gallywix,1010,priest,shadow,54,29,25
Schelleyyuki,tichondrius,1007,priest,shadow,17,11,6
Shadowpope,azralon,1005,priest,shadow,17,11,6
Oglilptown,thunderlord,1005,priest,shadow,60,33,27
Lesplief,bleeding-hollow,1002,priest,shadow,25,15,10
Nadrii,illidan,1002,priest,shadow,36,17,19
Sinkz,ragnaros,992,priest,shadow,16,11,5
Bwansandi,blackrock,992,priest,shadow,50,15,35
Pocket,alleria,991,priest,shadow,22,11,11
Hørçrùx,tichondrius,989,priest,shadow,17,11,6
Discountay,burning-legion,965,priest,shadow,20,11,9
Insindious,sargeras,963,priest,shadow,15,12,3
Mmrassassin,stormrage,960,priest,shadow,12,10,2
Nimabe,tichondrius,960,priest,shadow,12,10,2
Icarryozz,darkspear,960,priest,shadow,12,10,2
Kong,shandris,960,priest,shadow,18,10,8
Haruspex,azralon,960,priest,shadow,18,10,8
Evilgeniusx,area-52,960,priest,shadow,18,10,8
Ossirus,emerald-dream,960,priest,shadow,18,10,8
Spôoky,illidan,960,priest,shadow,18,10,8
Pèrona,tichondrius,960,priest,shadow,18,10,8
Plumpkinn,kiljaeden,960,priest,shadow,18,10,8
Jugeum,proudmoore,960,priest,shadow,18,10,8
Kissmyvoìd,frostmourne,960,priest,shadow,18,10,8
Anoumenon,tichondrius,960,priest,shadow,18,10,8
Rendoss,arathor,959,priest,shadow,12,10,2
Diyel,area-52,959,priest,shadow,12,10,2
Synergia,drakkari,959,priest,shadow,12,10,2
Inflìctìøn,frostmourne,959,priest,shadow,12,10,2
Ayzen,emerald-dream,959,priest,shadow,18,10,8
Philmacrakn,stormrage,959,priest,shadow,18,10,8
Pxrnhxb,tichondrius,959,priest,shadow,18,10,8
Xtradotz,tichondrius,959,priest,shadow,18,10,8
Vixova,illidan,959,priest,shadow,18,10,8
Bestpimp,frostmane,959,priest,shadow,18,10,8
Wrinkletink,whisperwind,959,priest,shadow,18,10,8
Terý,dalaran,959,priest,shadow,24,10,14
Keepsleepin,stormrage,959,priest,shadow,24,10,14
Felskie,tichondrius,958,priest,shadow,12,10,2
Deckx,khazgoroth,958,priest,shadow,16,11,5
Vandamnation,barthilas,958,priest,shadow,18,12,6
Bratty,hellscream,958,priest,shadow,15,10,5
Missiønary,area-52,958,priest,shadow,18,10,8
Cerriôus,baelgun,958,priest,shadow,18,10,8
Porffy,malygos,958,priest,shadow,18,10,8
Otterblast,illidan,958,priest,shadow,18,10,8
Madomie,bladefist,958,priest,shadow,18,10,8
Ccnu,tichondrius,957,priest,shadow,18,10,8
Såx,stormreaver,956,priest,shadow,24,10,14
Halîth,terenas,955,priest,shadow,18,10,8
Gankdalf,draktharon,955,priest,shadow,18,10,8
Mathertia,dalaran,954,priest,shadow,18,10,8
Lätöxïkä,alleria,954,priest,shadow,24,10,14
Ragnálodbrok,ragnaros,953,priest,shadow,18,10,8
Epijho,area-52,953,priest,shadow,18,10,8
Xora,frostmourne,952,priest,shadow,18,10,8
Pewzy,malganis,951,priest,shadow,18,10,8
Beeds,sargeras,947,priest,shadow,122,55,67
Goblindat,illidan,939,priest,shadow,12,10,2
Turkings,proudmoore,936,priest,shadow,16,11,5
Bobe,sisters-of-elune,926,priest,shadow,72,24,48
Farnkxd,bleeding-hollow,925,priest,shadow,32,11,21
Arzeuz,ragnaros,923,priest,shadow,20,11,9
Cromekolo,tichondrius,919,priest,shadow,32,11,21
Rassalor,frostmane,910,priest,shadow,17,10,7
Holyfok,thrall,908,priest,shadow,21,11,10
Silmeriá,darkspear,904,priest,shadow,29,11,18
Capitancook,ragnaros,902,priest,shadow,66,21,45
Blackseries,tichondrius,895,priest,shadow,22,10,12
Khall,sargeras,895,priest,shadow,40,17,23
Exen,moon-guard,894,priest,shadow,18,11,7
Datcuban,illidan,894,priest,shadow,26,13,13
Ðecease,thrall,894,priest,shadow,20,10,10
Berixa,stormscale,883,priest,shadow,11,10,1
Lockerest,sargeras,868,priest,shadow,41,13,28
Æë,area-52,864,priest,shadow,12,9,3
Altera,drakkari,864,priest,shadow,12,9,3
Henrywhopper,fizzcrank,864,priest,shadow,12,9,3
Powerwordhim,malganis,864,priest,shadow,12,9,3
Adeptphd,tichondrius,864,priest,shadow,12,9,3
Beibeihang,tichondrius,864,priest,shadow,12,9,3
Feverx,tichondrius,864,priest,shadow,12,9,3
Tiernocookie,illidan,864,priest,shadow,18,9,9
Nutzz,malganis,864,priest,shadow,18,9,9
Achllia,proudmoore,864,priest,shadow,18,9,9
Wololo,emerald-dream,864,priest,shadow,18,9,9
Purplepil,sargeras,864,priest,shadow,18,9,9
Safetyword,illidan,864,priest,shadow,18,9,9
Boxcombo,kelthuzad,864,priest,shadow,18,9,9
Jdcii,tichondrius,864,priest,shadow,24,9,15
Touchrr,tichondrius,863,priest,shadow,12,9,3
Pumtootoot,tichondrius,863,priest,shadow,12,9,3
Charity,maelstrom,863,priest,shadow,12,9,3
Dyhm,gorgonnash,863,priest,shadow,12,9,3
Powerwordkék,area-52,863,priest,shadow,12,9,3
Sadomyhusein,eitrigg,863,priest,shadow,12,9,3
Wah,vashj,863,priest,shadow,18,9,9
Delrey,sargeras,863,priest,shadow,18,9,9
Dnn,malganis,863,priest,shadow,18,9,9
Mks,barthilas,863,priest,shadow,18,9,9
Woosanghong,tichondrius,863,priest,shadow,18,9,9
Valerift,moon-guard,863,priest,shadow,18,9,9
Iamgayx,kelthuzad,863,priest,shadow,18,9,9
Càipirinha,tichondrius,863,priest,shadow,18,9,9
Küno,kelthuzad,863,priest,shadow,18,9,9
Acpriest,tichondrius,863,priest,shadow,24,9,15
Zêrø,aerie-peak,863,priest,shadow,24,9,15
Everblack,executus,862,priest,shadow,12,9,3
Vzell,kiljaeden,862,priest,shadow,18,9,9
Dóctóre,thrall,862,priest,shadow,18,9,9
Tyreliy,eitrigg,862,priest,shadow,18,9,9
Nazgúl,lothar,862,priest,shadow,18,9,9
Touchypriest,jaedenar,862,priest,shadow,18,9,9
Faashrmpbtw,darkspear,861,priest,shadow,12,9,3
Tmspongwo,tichondrius,861,priest,shadow,18,9,9
Fósho,khadgar,861,priest,shadow,24,9,15
Falsegodx,tichondrius,861,priest,shadow,24,9,15
Coutúre,illidan,861,priest,shadow,24,9,15
Melas,stormrage,861,priest,shadow,24,9,15
Drakracs,doomhammer,861,priest,shadow,24,9,15
Quadrela,baelgun,861,priest,shadow,24,9,15
Jawdypriest,barthilas,860,priest,shadow,12,9,3
Adíos,malganis,860,priest,shadow,18,9,9
Viejiyoh,ragnaros,860,priest,shadow,18,9,9
Bluebêrry,drakthul,859,priest,shadow,12,9,3
Wankenobi,stormrage,859,priest,shadow,18,9,9
Nuttsope,kiljaeden,859,priest,shadow,18,9,9
Krypts,shadow-council,859,priest,shadow,18,9,9
Healzahoe,sargeras,859,priest,shadow,24,9,15
Sãoleozinho,azralon,858,priest,shadow,18,9,9
Beansontoast,wyrmrest-accord,857,priest,shadow,12,9,3
Beliál,ragnaros,857,priest,shadow,24,9,15
Rezzn,wyrmrest-accord,855,priest,shadow,24,9,15
Theophii,tichondrius,854,priest,shadow,24,9,15
Zaxine,moon-guard,854,priest,shadow,30,9,21
Tictactoejc,tichondrius,852,priest,shadow,12,9,3
Mazahr,stormrage,852,priest,shadow,12,9,3
Lawfiend,illidan,850,priest,shadow,32,16,16
Lightbanter,emerald-dream,846,priest,shadow,24,9,15
Israfel,azralon,843,priest,shadow,24,9,15
Kagamì,frostmane,843,priest,shadow,31,9,22
Pipiwiwi,tichondrius,831,priest,shadow,16,9,7
Maldicius,emerald-dream,830,priest,shadow,23,9,14
Nyrbana,onyxia,815,priest,shadow,15,10,5
Stylonious,hyjal,815,priest,shadow,15,9,6
Buc,barthilas,813,priest,shadow,15,9,6
Rigotakx,illidan,805,priest,shadow,27,10,17
Slctivhealng,area-52,804,priest,shadow,22,10,12
Fledgeling,frostmourne,799,priest,shadow,14,9,5
Ceoofvoid,moon-guard,799,priest,shadow,14,9,5
Bingleboi,area-52,798,priest,shadow,20,9,11
Blonkie,azgalor,791,priest,shadow,30,12,18
Lôvecraft,frostmourne,781,priest,shadow,19,9,10
Reignsp,malganis,781,priest,shadow,19,9,10
Darkascended,arthas,768,priest,shadow,12,8,4
Likeness,proudmoore,768,priest,shadow,12,8,4
Dazull,bleeding-hollow,768,priest,shadow,12,8,4
Eridan,moon-guard,768,priest,shadow,12,8,4
Silentólògy,malganis,768,priest,shadow,12,8,4
Skraitbussin,tichondrius,768,priest,shadow,12,8,4
Brxddx,sargeras,768,priest,shadow,12,8,4
Ydonburi,tichondrius,768,priest,shadow,12,8,4
Piftw,illidan,768,priest,shadow,12,8,4
Hockula,kiljaeden,768,priest,shadow,12,8,4
Nohesita,stormrage,768,priest,shadow,12,8,4
Härpocrates,area-52,768,priest,shadow,12,8,4
Drinky,tichondrius,768,priest,shadow,12,8,4
Ruzhi,moon-guard,768,priest,shadow,12,8,4
Ahleven,tichondrius,768,priest,shadow,12,8,4
Lnoh,area-52,768,priest,shadow,12,8,4
Púrplenurple,area-52,768,priest,shadow,12,8,4
Yaz,emerald-dream,768,priest,shadow,12,8,4
Sickfear,korgath,768,priest,shadow,14,8,6
Madmelter,emerald-dream,768,priest,shadow,18,8,10
Skepix,lightbringer,768,priest,shadow,18,8,10
Lisau,tichondrius,768,priest,shadow,18,8,10
Ripchadman,tichondrius,768,priest,shadow,18,8,10
Popebenedix,barthilas,768,priest,shadow,18,8,10
Iluvwizkx,malganis,768,priest,shadow,18,8,10
Cenfade,sargeras,768,priest,shadow,18,8,10
Drosslolz,illidan,768,priest,shadow,18,8,10
Deacoderx,area-52,768,priest,shadow,18,8,10
Mydixi,stormrage,768,priest,shadow,18,8,10
Pâm,drakkari,768,priest,shadow,18,8,10
Duhpriest,frostmourne,768,priest,shadow,18,8,10
Àústîn,moon-guard,768,priest,shadow,18,8,10
Synesis,bladefist,768,priest,shadow,24,8,16
Sgssg,illidan,767,priest,shadow,12,8,4
Viq,stormrage,767,priest,shadow,12,8,4
Valsong,argent-dawn,767,priest,shadow,12,8,4
Linarindil,hyjal,767,priest,shadow,12,8,4
Homonid,moon-guard,767,priest,shadow,12,8,4
Drteabaghaam,zuljin,767,priest,shadow,12,8,4
Yackle,dawnbringer,767,priest,shadow,12,8,4
Xexeth,quelthalas,767,priest,shadow,12,8,4
Shadowlords,emerald-dream,767,priest,shadow,12,8,4
Voidathon,sargeras,767,priest,shadow,12,8,4
Hairyboxx,frostmourne,767,priest,shadow,12,8,4
Easyrevenge,kelthuzad,767,priest,shadow,12,8,4
Mugiwarà,stormrage,767,priest,shadow,12,8,4
Tungus,shadowsong,767,priest,shadow,12,8,4
Shattershade,bleeding-hollow,767,priest,shadow,18,8,10
Valothrian,area-52,767,priest,shadow,18,8,10
Badxjuju,frostmourne,767,priest,shadow,18,8,10
Tuggyp,tichondrius,767,priest,shadow,18,8,10
Smitepie,malganis,767,priest,shadow,18,8,10
Lostnlight,aggramar,767,priest,shadow,18,8,10
Skelementary,magtheridon,767,priest,shadow,18,8,10
Lichtin,bleeding-hollow,767,priest,shadow,18,8,10
Igotubrah,malganis,767,priest,shadow,18,8,10
Zonozan,lightnings-blade,767,priest,shadow,18,8,10
Solrina,khazgoroth,766,priest,shadow,12,8,4
Vorva,kiljaeden,766,priest,shadow,12,8,4
Jinzan,stormrage,766,priest,shadow,18,8,10
Gorebones,emerald-dream,766,priest,shadow,18,8,10
Grapës,jubeithos,766,priest,shadow,18,8,10
Chroma,amanthul,766,priest,shadow,18,8,10
Sadinho,azralon,766,priest,shadow,24,8,16
Rustinheber,stormscale,765,priest,shadow,12,8,4
Avadrah,tichondrius,765,priest,shadow,12,8,4
Kumojorno,gilneas,765,priest,shadow,18,8,10
Nachòs,wildhammer,765,priest,shadow,24,8,16
Playdohxz,frostmourne,764,priest,shadow,18,9,9
Holyphotoz,tichondrius,763,priest,shadow,18,8,10
Pactosombrio,azralon,763,priest,shadow,24,8,16
Drkwispers,stormrage,762,priest,shadow,18,8,10
Speckilz,area-52,762,priest,shadow,26,8,18
Sôuljah,skywall,760,priest,shadow,26,10,16
Aqusia,crushridge,753,priest,shadow,12,8,4
Hydroman,black-dragonflight,753,priest,shadow,18,9,9
Memoria,emerald-dream,751,priest,shadow,15,9,6
Zultzqt,dalaran,750,priest,shadow,17,8,9
Runswithrain,lethon,750,priest,shadow,23,8,15
Gedtemanager,dalaran,749,priest,shadow,12,8,4
Vorial,cenarion-circle,735,priest,shadow,17,8,9
Harmlot,tichondrius,733,priest,shadow,14,9,5
Strazloraz,baelgun,719,priest,shadow,11,8,3
Holyhand,auchindoun,719,priest,shadow,15,9,6
Meegoshy,azuremyst,718,priest,shadow,17,8,9
Adrio,malorne,718,priest,shadow,17,8,9
Gorry,ragnaros,717,priest,shadow,18,9,9
Mikó,dawnbringer,714,priest,shadow,29,10,19
Druicytwo,illidan,713,priest,shadow,29,10,19
Tradcath,illidan,707,priest,shadow,15,11,4
Yrrep,kelthuzad,703,priest,shadow,16,8,8
Garbagépg,zuljin,702,priest,shadow,14,8,6
Thelroman,moon-guard,695,priest,shadow,34,8,26
Peazyqt,tichondrius,687,priest,shadow,13,8,5
Ikiteforhash,zuljin,672,priest,shadow,12,7,5
Tailsy,tichondrius,672,priest,shadow,12,7,5
Twítch,bonechewer,672,priest,shadow,12,7,5
Tinypeen,tichondrius,672,priest,shadow,12,7,5
Bugweeb,sargeras,672,priest,shadow,12,7,5
Methwoman,barthilas,672,priest,shadow,12,7,5
Prizler,tichondrius,672,priest,shadow,12,7,5
Wodturbo,bleeding-hollow,672,priest,shadow,12,7,5
Xousa,area-52,672,priest,shadow,12,7,5
Kyerñ,stormrage,672,priest,shadow,12,7,5
Lontra,zangarmarsh,672,priest,shadow,12,7,5
Maldità,tichondrius,672,priest,shadow,12,7,5
Freebolt,barthilas,672,priest,shadow,12,7,5
Scøøb,malganis,672,priest,shadow,12,7,5
Javakhp,illidan,672,priest,shadow,12,7,5
Zuuji,frostmourne,672,priest,shadow,12,7,5
Rubymisfit,sargeras,672,priest,shadow,12,7,5
Megamind,elune,672,priest,shadow,12,7,5
Phéonìx,zuljin,672,priest,shadow,12,7,5
Lillyspr,malganis,672,priest,shadow,12,7,5
Aeøns,sargeras,672,priest,shadow,12,7,5
Moonlightx,destromath,672,priest,shadow,12,7,5
Cryptoccocus,zuljin,672,priest,shadow,12,7,5
Negans,tichondrius,672,priest,shadow,12,7,5
Cheach,echo-isles,672,priest,shadow,12,7,5
Ácÿd,nemesis,672,priest,shadow,12,7,5
Discs,detheroc,672,priest,shadow,12,7,5
Naùtilus,icecrown,672,priest,shadow,12,7,5
Gordonramz,frostmourne,672,priest,shadow,12,7,5
Diddlur,black-dragonflight,672,priest,shadow,12,7,5
Roms,sargeras,672,priest,shadow,12,7,5
Kwiksi,arthas,672,priest,shadow,12,7,5
Rottedjezus,dalaran,672,priest,shadow,12,7,5
Grëýmåttèr,moon-guard,672,priest,shadow,12,7,5
Obeseheals,silvermoon,672,priest,shadow,12,7,5
Bucksp,zuljin,672,priest,shadow,12,7,5
Lilsweet,stonemaul,672,priest,shadow,12,7,5
Fatzoid,the-forgotten-coast,672,priest,shadow,12,7,5
Chicoryx,illidan,672,priest,shadow,12,7,5
Jinks,ragnaros,672,priest,shadow,12,7,5
Kastwalker,earthen-ring,672,priest,shadow,12,7,5
Hårper,area-52,672,priest,shadow,12,7,5
Karkoza,proudmoore,672,priest,shadow,12,7,5
Blackaries,frostmourne,672,priest,shadow,12,7,5
Facethevoid,stormrage,672,priest,shadow,16,9,7
Gles,quelthalas,672,priest,shadow,13,7,6
Frúdgé,illidan,672,priest,shadow,18,7,11
Jesstical,frostmourne,672,priest,shadow,18,7,11
Silkky,frostwolf,672,priest,shadow,18,7,11
Aurilain,emerald-dream,672,priest,shadow,18,7,11
Nightious,malganis,672,priest,shadow,18,7,11
Pønt,sargeras,672,priest,shadow,18,7,11
Sacerdotick,gallywix,672,priest,shadow,18,7,11
Gálfore,malganis,672,priest,shadow,18,7,11
Bigbrother,andorhal,672,priest,shadow,18,7,11
Donmartin,tichondrius,672,priest,shadow,18,7,11
Tenaebreu,tichondrius,672,priest,shadow,19,7,12
Veressà,quelthalas,672,priest,shadow,22,8,14
Chês,tichondrius,672,priest,shadow,24,7,17
Temnah,sargeras,672,priest,shadow,30,7,23
Darkrics,barthilas,671,priest,shadow,12,7,5
Nastyyshadow,aegwynn,671,priest,shadow,12,7,5
Spshady,aegwynn,671,priest,shadow,12,7,5
Dovakhamut,illidan,671,priest,shadow,12,7,5
Chinstrap,zuljin,671,priest,shadow,12,7,5
Moonpenance,windrunner,671,priest,shadow,12,7,5
Voltstein,dalaran,671,priest,shadow,12,7,5
Gaho,tichondrius,671,priest,shadow,12,7,5
Preyforme,tichondrius,671,priest,shadow,12,7,5
Socknapper,sargeras,671,priest,shadow,12,7,5
Faukauf,zuljin,671,priest,shadow,12,7,5
Via,chogall,671,priest,shadow,13,7,6
Shimz,andorhal,671,priest,shadow,18,7,11
Pokeyoobutt,hydraxis,671,priest,shadow,18,7,11
Havefaith,whisperwind,671,priest,shadow,18,7,11
Sagis,moon-guard,671,priest,shadow,18,7,11
Digitalangel,area-52,671,priest,shadow,18,7,11
Influencing,moon-guard,671,priest,shadow,18,7,11
Minarhy,moon-guard,671,priest,shadow,18,7,11
Torangi,tichondrius,671,priest,shadow,18,7,11
Heion,detheroc,671,priest,shadow,18,7,11
Zaixse,illidan,670,priest,shadow,12,7,5
Showmemoney,saurfang,670,priest,shadow,12,7,5
Tonybromoo,kelthuzad,670,priest,shadow,12,7,5
Kuarzø,ragnaros,670,priest,shadow,12,7,5
Montcrief,tichondrius,670,priest,shadow,12,7,5
Cylocibin,kiljaeden,670,priest,shadow,12,7,5
Nerfdisc,azralon,670,priest,shadow,12,7,5
Iseeyoulookn,stormrage,670,priest,shadow,16,8,8
Rhapsidy,barthilas,669,priest,shadow,15,8,7
Gabryanna,emerald-dream,669,priest,shadow,24,7,17
Rijonkulous,area-52,668,priest,shadow,18,7,11
Bellalugosi,auchindoun,667,priest,shadow,12,7,5
Chiavenatto,quelthalas,665,priest,shadow,12,7,5
Lampshayd,sargeras,665,priest,shadow,12,7,5
Crashed,frostmourne,654,priest,shadow,23,7,16
Lucifena,darkspear,639,priest,shadow,11,7,4
Metaila,aerie-peak,639,priest,shadow,11,7,4
Astraetus,zuljin,639,priest,shadow,17,7,10
Holliebell,zuljin,639,priest,shadow,17,7,10
Bouffantbibl,tichondrius,639,priest,shadow,20,8,12
Wzrdtrx,tichondrius,638,priest,shadow,14,8,6
Emmitson,scarlet-crusade,638,priest,shadow,28,7,21
Chiliy,frostmourne,623,priest,shadow,11,7,4
Lzzp,azralon,623,priest,shadow,17,7,10
Sterther,stormrage,620,priest,shadow,27,8,19
Glek,tichondrius,608,priest,shadow,16,7,9
Dispersed,thrall,607,priest,shadow,14,7,7
Sinaxia,sargeras,607,priest,shadow,17,7,10
Hölyfury,illidan,607,priest,shadow,17,7,10
Xodarap,frostmourne,607,priest,shadow,20,7,13
Seniorpickle,emerald-dream,606,priest,shadow,14,7,7
Flowerpetals,emerald-dream,599,priest,shadow,21,7,14
Nylaza,kiljaeden,592,priest,shadow,19,7,12
Ìforted,zuljin,587,priest,shadow,19,7,12
Umberries,dreadmaul,585,priest,shadow,19,10,9
Xucxdamn,tichondrius,576,priest,shadow,6,6,0
Innovate,dragonmaw,576,priest,shadow,6,6,0
Nayzarh,darkspear,576,priest,shadow,6,6,0
Moonwald,moon-guard,576,priest,shadow,6,6,0
Sydgames,area-52,576,priest,shadow,6,6,0
Applepiezz,tichondrius,576,priest,shadow,6,6,0
Dradinx,illidan,576,priest,shadow,7,6,1
Jrøck,malganis,576,priest,shadow,12,6,6
Ôverweight,sargeras,576,priest,shadow,12,6,6
Silverblacks,quelthalas,576,priest,shadow,12,6,6
Ershackleton,illidan,576,priest,shadow,12,6,6
Vengep,sargeras,576,priest,shadow,12,6,6
Nelfonshelf,hyjal,576,priest,shadow,12,6,6
Bipölar,area-52,576,priest,shadow,12,6,6
Rahtals,malganis,576,priest,shadow,12,6,6
Wheelson,wildhammer,576,priest,shadow,12,6,6
Xpenance,ragnaros,576,priest,shadow,12,6,6
Virsyti,area-52,576,priest,shadow,12,6,6
Lovvely,drakkari,576,priest,shadow,12,6,6
Froackey,agamaggan,576,priest,shadow,12,6,6
Faztwo,illidan,576,priest,shadow,12,6,6
Faenzal,area-52,576,priest,shadow,12,6,6
Spriestbro,emerald-dream,576,priest,shadow,12,6,6
Drazzilbkcuf,area-52,576,priest,shadow,12,6,6
Yiptawh,area-52,576,priest,shadow,12,6,6
Carosene,thrall,576,priest,shadow,12,6,6
Tomriddlle,sargeras,576,priest,shadow,12,6,6
Fitchbucker,sargeras,576,priest,shadow,12,6,6
Imshadow,azralon,576,priest,shadow,12,6,6
Heb,thrall,576,priest,shadow,12,6,6
Rebdomine,magtheridon,576,priest,shadow,12,6,6
Bllitzxkreig,tichondrius,576,priest,shadow,12,6,6
Jeremyissped,proudmoore,576,priest,shadow,12,6,6
Studiosxz,tichondrius,576,priest,shadow,12,6,6
Drognar,lightbringer,576,priest,shadow,12,6,6
Kessavannell,frostwolf,576,priest,shadow,12,6,6
Sped,saurfang,576,priest,shadow,12,6,6
Secretpriest,tichondrius,576,priest,shadow,12,6,6
Evansong,frostmane,576,priest,shadow,12,6,6
Dellah,stormrage,576,priest,shadow,12,6,6
Ozzx,stormrage,576,priest,shadow,12,6,6
Shadowspain,stormrage,576,priest,shadow,12,6,6
Zeacho,proudmoore,576,priest,shadow,12,6,6
Enaan,proudmoore,576,priest,shadow,12,6,6
Shiikari,terenas,576,priest,shadow,12,6,6
Lleak,tichondrius,576,priest,shadow,12,6,6
Shuterx,tichondrius,576,priest,shadow,12,6,6
Fruitjuice,arthas,576,priest,shadow,18,6,12
Mindgamez,stormreaver,576,priest,shadow,18,6,12
Caeda,icecrown,576,priest,shadow,18,6,12
Evaldi,proudmoore,576,priest,shadow,18,6,12
Soulrulerx,tichondrius,576,priest,shadow,24,6,18
Spriestes,thrall,575,priest,shadow,6,6,0
Alienà,arthas,575,priest,shadow,12,6,6
Drsonny,proudmoore,575,priest,shadow,12,6,6
Vashyy,stormrage,575,priest,shadow,12,6,6
Empower,garrosh,575,priest,shadow,12,6,6
Mêrlin,duskwood,575,priest,shadow,12,6,6
Linarastia,blackrock,575,priest,shadow,12,6,6
Unclelively,dragonmaw,575,priest,shadow,12,6,6
Rtdarkcraft,ragnaros,575,priest,shadow,12,6,6
Xinthra,stormrage,575,priest,shadow,12,6,6
Ricksanchez,moonrunner,575,priest,shadow,12,6,6
Çovidònenine,tichondrius,575,priest,shadow,12,6,6
Rustydisc,area-52,575,priest,shadow,12,6,6
Xð,jubeithos,575,priest,shadow,12,6,6
Vøíd,sargeras,575,priest,shadow,18,6,12
Makade,sargeras,575,priest,shadow,18,6,12
Mäe,nemesis,575,priest,shadow,18,6,12
Juícifer,illidan,575,priest,shadow,18,6,12
Asmitä,stormrage,575,priest,shadow,18,6,12
Nøpè,tichondrius,574,priest,shadow,12,6,6
Ðaddÿ,bleeding-hollow,574,priest,shadow,12,6,6
Xandir,kaelthas,574,priest,shadow,12,6,6
Duhk,moon-guard,574,priest,shadow,12,6,6
Papipreach,sargeras,574,priest,shadow,12,6,6
Halainpriest,undermine,574,priest,shadow,12,6,6
Dhader,area-52,574,priest,shadow,20,6,14
Lunypriest,azralon,574,priest,shadow,24,6,18
Brosbeforeho,tichondrius,574,priest,shadow,24,6,18
Machiomora,dunemaul,573,priest,shadow,12,6,6
Shadowpáin,ragnaros,573,priest,shadow,12,6,6
Midboss,illidan,572,priest,shadow,12,6,6
Jamashud,mannoroth,571,priest,shadow,12,6,6
Raelintha,kelthuzad,571,priest,shadow,15,7,8
Shadowbishop,barthilas,570,priest,shadow,12,6,6
Amazo,nemesis,570,priest,shadow,12,6,6
Daisydux,quelthalas,568,priest,shadow,10,7,3
Holysheht,icecrown,566,priest,shadow,12,6,6
Kkpriest,frostmourne,566,priest,shadow,12,6,6
Sarkozzlol,tichondrius,543,priest,shadow,8,7,1
Yourlife,baelgun,543,priest,shadow,11,6,5
Chapyh,malganis,543,priest,shadow,11,6,5
Anttila,ragnaros,543,priest,shadow,17,6,11
Sársaukis,illidan,527,priest,shadow,21,6,15
Totorostarp,tichondrius,521,priest,shadow,22,8,14
Sjah,whisperwind,511,priest,shadow,14,6,8
Pulpitò,ragnaros,511,priest,shadow,14,6,8
Xenmas,sargeras,511,priest,shadow,14,6,8
Hoshx,sargeras,496,priest,shadow,13,6,7
Polarnight,zuljin,480,priest,shadow,6,5,1
Flynni,bleeding-hollow,480,priest,shadow,6,5,1
Jezebëll,nemesis,480,priest,shadow,6,5,1
Likelydapper,tichondrius,480,priest,shadow,6,5,1
Fiéstah,illidan,480,priest,shadow,6,5,1
Death,firetree,480,priest,shadow,6,5,1
Saucy,muradin,480,priest,shadow,6,5,1
Komy,tichondrius,480,priest,shadow,6,5,1
Atheistbtw,sargeras,480,priest,shadow,6,5,1
Myòvó,tichondrius,480,priest,shadow,6,5,1
Batil,proudmoore,480,priest,shadow,6,5,1
Seanuts,emerald-dream,480,priest,shadow,6,5,1
Ãbelladanger,area-52,480,priest,shadow,6,5,1
Topg,icecrown,480,priest,shadow,6,5,1
Tricklee,tichondrius,480,priest,shadow,6,5,1
Keynath,burning-blade,480,priest,shadow,6,5,1
Tensorflow,tichondrius,480,priest,shadow,6,5,1
Chervz,chogall,480,priest,shadow,6,5,1
Bigpenance,illidan,480,priest,shadow,6,5,1
Nawtyforever,tichondrius,480,priest,shadow,6,5,1
Stocktonca,tichondrius,480,priest,shadow,6,5,1
Novasp,sargeras,480,priest,shadow,6,5,1
Plaguepumper,sargeras,480,priest,shadow,6,5,1
Círe,bleeding-hollow,480,priest,shadow,6,5,1
Liloffended,sargeras,480,priest,shadow,6,5,1
Foolishelf,malygos,480,priest,shadow,6,5,1
Toxictampax,azjolnerub,480,priest,shadow,10,6,4
Hootz,arygos,480,priest,shadow,12,5,7
Seraphims,moon-guard,480,priest,shadow,12,5,7
Goblindruid,bleeding-hollow,480,priest,shadow,12,5,7
Mdt,tichondrius,480,priest,shadow,12,5,7
Impur,zuljin,480,priest,shadow,12,5,7
Mistweaver,tichondrius,480,priest,shadow,12,5,7
Moä,nemesis,480,priest,shadow,12,5,7
Viroga,stormrage,480,priest,shadow,12,5,7
Sohalexs,tichondrius,480,priest,shadow,12,5,7
Cryptron,tichondrius,480,priest,shadow,12,5,7
Fatzzbtw,illidan,480,priest,shadow,12,5,7
Optimism,frostmane,480,priest,shadow,12,5,7
Barroq,azralon,480,priest,shadow,12,5,7
Melaní,stormrage,480,priest,shadow,12,5,7
Layyton,anvilmar,480,priest,shadow,12,5,7
Rätcömpx,bleeding-hollow,480,priest,shadow,12,5,7
Ariellie,area-52,480,priest,shadow,12,5,7
Littledog,velen,480,priest,shadow,12,5,7
Soulistic,arygos,480,priest,shadow,12,5,7
Nogroupies,tichondrius,480,priest,shadow,12,5,7
Kabutta,stormrage,480,priest,shadow,12,5,7
Dmlx,frostmourne,480,priest,shadow,12,5,7
Mookelina,stormrage,480,priest,shadow,12,5,7
Bomanic,sargeras,480,priest,shadow,12,5,7
Nås,elune,480,priest,shadow,12,5,7
Zhangtanchi,moon-guard,480,priest,shadow,12,5,7
Bunked,bleeding-hollow,480,priest,shadow,12,5,7
Nynaeve,emerald-dream,480,priest,shadow,12,5,7
Everest,barthilas,480,priest,shadow,12,5,7
Orderic,ragnaros,480,priest,shadow,12,5,7
Taofang,wyrmrest-accord,480,priest,shadow,12,5,7
Jenastreaux,wyrmrest-accord,480,priest,shadow,12,5,7
Faxingberlin,sargeras,480,priest,shadow,12,5,7
Umbrous,ysera,480,priest,shadow,12,5,7
Sâltý,stormrage,480,priest,shadow,12,5,7
Onizukakeiji,hyjal,480,priest,shadow,12,5,7
Toxicc,blackrock,480,priest,shadow,12,5,7
Ajonti,emerald-dream,480,priest,shadow,12,5,7
Flukex,tichondrius,480,priest,shadow,12,5,7
Lucariö,area-52,480,priest,shadow,12,5,7
Müyrica,ragnaros,480,priest,shadow,12,5,7
Senadori,azjolnerub,480,priest,shadow,12,5,7
Priestodan,frostmourne,480,priest,shadow,12,5,7
Clistyn,quelthalas,480,priest,shadow,12,5,7
Minnowhead,kelthuzad,480,priest,shadow,12,5,7
Hygeïa,lightbringer,480,priest,shadow,12,5,7
Saxyniknowit,nerzhul,480,priest,shadow,12,5,7
Burfdaycake,malganis,480,priest,shadow,12,5,7
Zerohoür,emerald-dream,480,priest,shadow,16,6,10
Stillmatick,tichondrius,480,priest,shadow,16,6,10
Nedajoon,tichondrius,480,priest,shadow,17,6,11
Spõt,stormrage,480,priest,shadow,18,5,13
Sybal,suramar,480,priest,shadow,19,5,14
Artheratus,sargeras,479,priest,shadow,6,5,1
Merlynaah,azralon,479,priest,shadow,6,5,1
Notahero,tichondrius,479,priest,shadow,6,5,1
Paradoxbot,kelthuzad,479,priest,shadow,6,5,1
Synisteria,sargeras,479,priest,shadow,12,5,7
Knoxy,fizzcrank,479,priest,shadow,12,5,7
Wolfeclipse,sargeras,479,priest,shadow,12,5,7
Rippmmr,frostmourne,479,priest,shadow,18,5,13
Malacanter,stormrage,479,priest,shadow,24,5,19
Noodloctopus,area-52,478,priest,shadow,10,6,4
Murtrudin,andorhal,478,priest,shadow,12,5,7
Antiraus,aerie-peak,478,priest,shadow,12,5,7
Thehern,tichondrius,463,priest,shadow,11,5,6
Wiiuwiiu,malganis,447,priest,shadow,11,5,6
Forober,queldorei,446,priest,shadow,10,6,4
Aerena,anvilmar,442,priest,shadow,21,7,14
Ryanrealz,tichondrius,432,priest,shadow,9,6,3
Drdragonlee,illidan,432,priest,shadow,15,6,9
Veilozity,tichondrius,432,priest,shadow,15,5,10
Aquathicks,alexstrasza,431,priest,shadow,11,6,5
Sohalex,tichondrius,431,priest,shadow,11,5,6
Bernhard,azralon,431,priest,shadow,11,5,6
Shietamazon,tichondrius,426,priest,shadow,16,6,10
Fatherpruitt,illidan,414,priest,shadow,14,5,9
Shaurana,stormrage,412,priest,shadow,18,6,12
Nizr,bleeding-hollow,399,priest,shadow,5,5,0
Comoli,tichondrius,384,priest,shadow,6,4,2
Aladarian,tichondrius,384,priest,shadow,6,4,2
Äni,sargeras,384,priest,shadow,6,4,2
Bigskill,proudmoore,384,priest,shadow,6,4,2
Prydas,tichondrius,384,priest,shadow,6,4,2
Kelendreth,lightnings-blade,384,priest,shadow,6,4,2
Polygons,bronzebeard,384,priest,shadow,6,4,2
Urdaisyy,kelthuzad,384,priest,shadow,6,4,2
Inmøthep,ragnaros,384,priest,shadow,6,4,2
Judgejudyx,tichondrius,384,priest,shadow,6,4,2
Moomoomilker,blackrock,384,priest,shadow,6,4,2
Gudóngmáe,tichondrius,384,priest,shadow,6,4,2
Unclecam,tichondrius,384,priest,shadow,6,4,2
Didittouchme,sargeras,384,priest,shadow,6,4,2
Robertlee,stormrage,384,priest,shadow,6,4,2
Lenigrast,blackrock,384,priest,shadow,6,4,2
Bax,kilrogg,384,priest,shadow,6,4,2
Devinere,tichondrius,384,priest,shadow,6,4,2
Ferzhump,tichondrius,384,priest,shadow,6,4,2
Quiglius,tichondrius,384,priest,shadow,6,4,2
Tiinkerbell,moon-guard,384,priest,shadow,6,4,2
Ðrip,burning-legion,384,priest,shadow,6,4,2
Genevieve,aggramar,384,priest,shadow,6,4,2
Marcusalan,emerald-dream,384,priest,shadow,6,4,2
Mygameslaggy,area-52,384,priest,shadow,6,4,2
Rôss,tichondrius,384,priest,shadow,6,4,2
Shieldspamx,tichondrius,384,priest,shadow,6,4,2
Kaztorz,tichondrius,384,priest,shadow,6,4,2
Balverix,tichondrius,384,priest,shadow,6,4,2
Footx,tichondrius,384,priest,shadow,6,4,2
Whitewindmil,tichondrius,384,priest,shadow,6,4,2
Hèxxen,moon-guard,384,priest,shadow,6,4,2
Darkwhispr,bleeding-hollow,384,priest,shadow,6,4,2
Rvxy,tichondrius,384,priest,shadow,6,4,2
Zulkmoon,ragnaros,384,priest,shadow,6,4,2
Trufumthunzi,malganis,384,priest,shadow,6,4,2
Valtres,tichondrius,384,priest,shadow,6,4,2
Hippocrat,kul-tiras,384,priest,shadow,6,4,2
Fåtê,area-52,384,priest,shadow,6,4,2
Dzikuss,aegwynn,384,priest,shadow,6,4,2
Lgt,tichondrius,384,priest,shadow,6,4,2
Shutkap,sargeras,384,priest,shadow,6,4,2
Shoelacey,sargeras,384,priest,shadow,6,4,2
Bigpurple,crushridge,384,priest,shadow,6,4,2
Cånnibäl,tichondrius,384,priest,shadow,6,4,2
Pootang,hyjal,384,priest,shadow,6,4,2
Mäte,bleeding-hollow,384,priest,shadow,6,4,2
Falsegöd,emerald-dream,384,priest,shadow,6,4,2
Hesus,deathwing,384,priest,shadow,6,4,2
Træway,tichondrius,384,priest,shadow,6,4,2
Dotznbubblez,zuljin,384,priest,shadow,6,4,2
Prostrat,deathwing,384,priest,shadow,6,4,2
Yuricksus,malganis,384,priest,shadow,6,4,2
Punisherror,area-52,384,priest,shadow,6,4,2
Magiccoon,tichondrius,384,priest,shadow,6,4,2
Feminizm,tichondrius,384,priest,shadow,6,4,2
Kks,tichondrius,384,priest,shadow,6,4,2
Diskordia,stormrage,384,priest,shadow,6,4,2
Sungsh,zuljin,384,priest,shadow,6,4,2
Mindflay,tichondrius,384,priest,shadow,6,4,2
Killían,darkspear,384,priest,shadow,6,4,2
Haedn,azralon,384,priest,shadow,6,4,2
Willibob,spirestone,384,priest,shadow,6,4,2
Kynyssaelz,proudmoore,384,priest,shadow,6,4,2
Notlowboy,area-52,384,priest,shadow,6,4,2
Capnjazz,illidan,384,priest,shadow,6,4,2
Iifa,medivh,384,priest,shadow,6,4,2
Rolettana,stormrage,384,priest,shadow,6,4,2
Gojo,khadgar,384,priest,shadow,6,4,2
Zork,wildhammer,384,priest,shadow,6,4,2
Næzha,thrall,384,priest,shadow,6,4,2
Jaysshadow,illidan,384,priest,shadow,6,4,2
Itha,illidan,384,priest,shadow,6,4,2
Bramstein,jubeithos,384,priest,shadow,6,4,2
Mutedox,frostmourne,384,priest,shadow,6,4,2
Tethy,saurfang,384,priest,shadow,6,4,2
Shádowforce,frostmourne,384,priest,shadow,6,4,2
Mfn,deathwing,384,priest,shadow,11,4,7
Shademán,stormrage,384,priest,shadow,12,4,8
Lerilu,stormrage,384,priest,shadow,12,4,8
Jeezzmus,borean-tundra,384,priest,shadow,12,4,8
Jikoguu,stormscale,384,priest,shadow,12,4,8
Fatäl,moon-guard,384,priest,shadow,12,4,8
Junethegreat,tichondrius,384,priest,shadow,12,4,8
Çïöÿêüäüöàüê,stormrage,384,priest,shadow,12,4,8
Jinbo,frostmane,384,priest,shadow,12,4,8
Grimmyreap,malygos,384,priest,shadow,12,4,8
Nôtthehealer,sargeras,384,priest,shadow,12,4,8
Holydrop,sargeras,384,priest,shadow,12,4,8
Deathbyhot,gorefiend,384,priest,shadow,12,4,8
Dipidorko,proudmoore,384,priest,shadow,12,4,8
Vaeryl,stormrage,384,priest,shadow,12,4,8
Syncopy,azshara,384,priest,shadow,12,4,8
Guillotine,azralon,384,priest,shadow,12,4,8
Zacksnotcool,sargeras,384,priest,shadow,12,4,8
Prescella,sargeras,384,priest,shadow,12,4,8
Tokaru,frostmourne,384,priest,shadow,12,4,8
Jxkep,frostmourne,384,priest,shadow,12,4,8
Eeffoc,zuljin,384,priest,shadow,12,4,8
Dialis,frostmourne,384,priest,shadow,12,4,8
Mìçah,fizzcrank,384,priest,shadow,12,4,8
Eazydots,area-52,384,priest,shadow,12,4,8
Thalladori,area-52,384,priest,shadow,12,4,8
Hemorrhoidz,tichondrius,384,priest,shadow,12,4,8
Dàzle,chogall,384,priest,shadow,12,4,8
Éx,alterac-mountains,384,priest,shadow,12,4,8
Chen,chogall,384,priest,shadow,12,4,8
Mannyelf,ragnaros,384,priest,shadow,12,4,8
Mïndgames,kelthuzad,384,priest,shadow,12,4,8
Aerith,barthilas,384,priest,shadow,12,4,8
Heretoflay,tichondrius,384,priest,shadow,12,4,8
Knowufearme,auchindoun,384,priest,shadow,12,4,8
Oligan,quelthalas,384,priest,shadow,12,4,8
Fhelurian,quelthalas,384,priest,shadow,12,4,8
Bigkey,malganis,384,priest,shadow,12,4,8
Brickzy,dalaran,384,priest,shadow,12,4,8
Xebrios,zuljin,384,priest,shadow,12,4,8
Fáll,bleeding-hollow,384,priest,shadow,12,4,8
Vundead,tichondrius,384,priest,shadow,12,4,8
Aexdawg,malganis,384,priest,shadow,12,4,8
Vinatt,illidan,384,priest,shadow,12,4,8
Prophetboosh,tichondrius,384,priest,shadow,18,4,14
Aliorixa,stormrage,384,priest,shadow,18,4,14
Skky,nagrand,383,priest,shadow,6,4,2
Thefiveoh,malganis,383,priest,shadow,6,4,2
Touchedbygud,frostmourne,383,priest,shadow,6,4,2
Priestthingz,area-52,383,priest,shadow,14,5,9
Dazzlems,tichondrius,383,priest,shadow,12,4,8
Hermïs,stormrage,383,priest,shadow,12,4,8
Luísthian,quelthalas,383,priest,shadow,12,4,8
Unfriend,sargeras,383,priest,shadow,12,4,8
Jammý,burning-legion,383,priest,shadow,12,4,8
Holydork,sargeras,383,priest,shadow,12,4,8
Zyte,stormrage,383,priest,shadow,14,4,10
Nocappappy,tichondrius,383,priest,shadow,18,4,14
Kellandis,jubeithos,383,priest,shadow,18,4,14
Leshlight,azuremyst,383,priest,shadow,24,4,20
Honeybunns,skywall,382,priest,shadow,6,4,2
Geulis,illidan,382,priest,shadow,12,4,8
Durgen,stormreaver,367,priest,shadow,17,4,13
Deathzpirit,kiljaeden,352,priest,shadow,10,4,6
Davidx,tichondrius,351,priest,shadow,12,5,7
Shadowbuzz,barthilas,336,priest,shadow,9,4,5
Tünt,barthilas,335,priest,shadow,11,4,7
Bionix,stormrage,330,priest,shadow,11,5,6
Sgiath,alleria,330,priest,shadow,15,6,9
Libationz,area-52,329,priest,shadow,19,7,12
Arca,cenarion-circle,329,priest,shadow,24,5,19
Babywetwipes,area-52,319,priest,shadow,5,4,1
Dtbündertree,nordrassil,319,priest,shadow,5,4,1
Vaynnx,stormrage,319,priest,shadow,5,4,1
Nellìel,whisperwind,288,priest,shadow,6,3,3
Akewnón,stormrage,288,priest,shadow,6,3,3
Kíraki,stormrage,288,priest,shadow,6,3,3
Osarin,sargeras,288,priest,shadow,6,3,3
Pogchamp,alterac-mountains,288,priest,shadow,6,3,3
Lustily,zuljin,288,priest,shadow,6,3,3
Pepsí,kaelthas,288,priest,shadow,6,3,3
Gód,moonrunner,288,priest,shadow,6,3,3
Ohsop,chogall,288,priest,shadow,6,3,3
Kayodee,stormrage,288,priest,shadow,6,3,3
Henrykane,azgalor,288,priest,shadow,6,3,3
Ohmylaanta,stormrage,288,priest,shadow,6,3,3
Healiûm,bleeding-hollow,288,priest,shadow,6,3,3
Vended,zuljin,288,priest,shadow,6,3,3
Khallmir,goldrinn,288,priest,shadow,6,3,3
Intheway,bleeding-hollow,288,priest,shadow,6,3,3
Cln,bleeding-hollow,288,priest,shadow,6,3,3
Reginaa,nemesis,288,priest,shadow,6,3,3
Oongawa,sargeras,288,priest,shadow,6,3,3
Dottiemcfee,alterac-mountains,288,priest,shadow,6,3,3
Ej,altar-of-storms,288,priest,shadow,6,3,3
Wâtermelon,stormrage,288,priest,shadow,6,3,3
Forbiddance,bloodhoof,288,priest,shadow,6,3,3
Mhorkarion,quelthalas,288,priest,shadow,6,3,3
Stroserous,hyjal,288,priest,shadow,6,3,3
Vullena,moon-guard,288,priest,shadow,6,3,3
Squatchlace,tichondrius,288,priest,shadow,6,3,3
Karnnagex,cenarion-circle,288,priest,shadow,6,3,3
Holyhoward,moon-guard,288,priest,shadow,6,3,3
Elitë,frostmourne,288,priest,shadow,6,3,3
Bubbleguppyx,tichondrius,288,priest,shadow,6,3,3
Studpriest,tichondrius,288,priest,shadow,6,3,3
Soloqqt,tichondrius,288,priest,shadow,6,3,3
Lemmecastpls,sargeras,288,priest,shadow,6,3,3
Randyortonn,tichondrius,288,priest,shadow,6,3,3
Suki,alleria,288,priest,shadow,6,3,3
Shadymac,sargeras,288,priest,shadow,6,3,3
Ascundead,tichondrius,288,priest,shadow,6,3,3
Xxmewo,sargeras,288,priest,shadow,6,3,3
Clearclouds,tichondrius,288,priest,shadow,6,3,3
Fae,gorefiend,288,priest,shadow,6,3,3
Menorsita,tichondrius,288,priest,shadow,6,3,3
Apnslickback,illidan,288,priest,shadow,6,3,3
Kinkypriest,tichondrius,288,priest,shadow,6,3,3
Champ,norgannon,288,priest,shadow,6,3,3
Whalexo,kelthuzad,288,priest,shadow,6,3,3
Youngpriest,nordrassil,288,priest,shadow,6,3,3
Banmi,tichondrius,288,priest,shadow,6,3,3
Chewit,kargath,288,priest,shadow,6,3,3
Moselol,tichondrius,288,priest,shadow,6,3,3
Compactdisc,gundrak,288,priest,shadow,6,3,3
Pezziate,tichondrius,288,priest,shadow,6,3,3
Wrathhealer,hellscream,288,priest,shadow,6,3,3
Monytrain,emerald-dream,288,priest,shadow,6,3,3
Lishany,thrall,288,priest,shadow,6,3,3
Chinadøll,emerald-dream,288,priest,shadow,6,3,3
Nécrofear,drakkari,288,priest,shadow,6,3,3
Dumbboxx,emerald-dream,288,priest,shadow,6,3,3
Limèria,emerald-dream,288,priest,shadow,6,3,3
Bubblebuddí,tichondrius,288,priest,shadow,6,3,3
Knowknows,tichondrius,288,priest,shadow,6,3,3
Stromhardt,moon-guard,288,priest,shadow,6,3,3
ßoy,amanthul,288,priest,shadow,6,3,3
Spspsp,illidan,288,priest,shadow,6,3,3
Prosight,tichondrius,288,priest,shadow,6,3,3
Creepypp,tichondrius,288,priest,shadow,6,3,3
Eddysmokes,tichondrius,288,priest,shadow,6,3,3
Strokkerzin,azralon,288,priest,shadow,6,3,3
Sumrand,frostmourne,288,priest,shadow,6,3,3
Voidballs,tichondrius,288,priest,shadow,6,3,3
Nzuth,dalaran,288,priest,shadow,6,3,3
Polyxenus,moon-guard,288,priest,shadow,6,3,3
Crazchinkin,tichondrius,288,priest,shadow,6,3,3
Vizzo,azralon,288,priest,shadow,6,3,3
Prignues,tichondrius,288,priest,shadow,6,3,3
Empyreanlite,dalaran,288,priest,shadow,6,3,3
Whittysp,tichondrius,288,priest,shadow,6,3,3
Ceebomb,tichondrius,288,priest,shadow,6,3,3
Issaley,tichondrius,288,priest,shadow,6,3,3
Quantumgoat,tichondrius,288,priest,shadow,6,3,3
Foxu,frostmourne,288,priest,shadow,6,3,3
Raptorjesùs,azjolnerub,288,priest,shadow,6,3,3
Earebus,dalaran,288,priest,shadow,6,3,3
Gospels,tichondrius,288,priest,shadow,6,3,3
Scaadoosh,dalaran,288,priest,shadow,6,3,3
Mynameis,dethecus,288,priest,shadow,6,3,3
Drelia,jubeithos,288,priest,shadow,6,3,3
Kindyx,ragnaros,288,priest,shadow,6,3,3
Cappoo,tichondrius,288,priest,shadow,6,3,3
Leyspring,moon-guard,288,priest,shadow,6,3,3
Sacrileges,crushridge,288,priest,shadow,6,3,3
Worldhealer,area-52,288,priest,shadow,6,3,3
Jomez,area-52,288,priest,shadow,6,3,3
Sìkarìa,illidan,288,priest,shadow,6,3,3
Lucydrop,area-52,288,priest,shadow,6,3,3
Samio,area-52,288,priest,shadow,6,3,3
Mallox,quelthalas,288,priest,shadow,6,3,3
Therev,malganis,288,priest,shadow,6,3,3
Egraner,drakkari,288,priest,shadow,6,3,3
Sugerebb,stormrage,288,priest,shadow,6,3,3
Haransimongo,area-52,288,priest,shadow,6,3,3
Shakarot,illidan,288,priest,shadow,6,3,3
Xuxu,frostmourne,288,priest,shadow,6,3,3
Bubblebeasst,area-52,288,priest,shadow,6,3,3
Noanswerr,proudmoore,288,priest,shadow,6,3,3
Caiitlynn,quelthalas,288,priest,shadow,6,3,3
Judeath,area-52,288,priest,shadow,6,3,3
Jaliera,malganis,288,priest,shadow,6,3,3
Nuclease,turalyon,288,priest,shadow,6,3,3
Zadae,area-52,288,priest,shadow,6,3,3
Jol,aggramar,288,priest,shadow,6,3,3
Halö,area-52,288,priest,shadow,6,3,3
Nizanz,illidan,288,priest,shadow,6,3,3
Pheegawn,proudmoore,288,priest,shadow,6,3,3
Etherrion,area-52,288,priest,shadow,6,3,3
Lucènt,frostmourne,288,priest,shadow,6,3,3
Persimmons,lightbringer,288,priest,shadow,6,3,3
Exploded,moon-guard,288,priest,shadow,6,3,3
Adelen,illidan,288,priest,shadow,6,3,3
Russbell,ragnaros,288,priest,shadow,6,3,3
Döllyy,illidan,288,priest,shadow,6,3,3
Fiziixjr,darkspear,288,priest,shadow,6,3,3
Aliciab,andorhal,288,priest,shadow,6,3,3
Sealife,kelthuzad,288,priest,shadow,6,3,3
Pgpriest,kelthuzad,288,priest,shadow,6,3,3
Brodesius,darkspear,288,priest,shadow,6,3,3
Reâpêr,kelthuzad,288,priest,shadow,6,3,3
Auras,boulderfist,288,priest,shadow,6,3,3
Runakk,stonemaul,288,priest,shadow,6,3,3
Mlkchocolate,kelthuzad,288,priest,shadow,6,3,3
Ontherise,kelthuzad,288,priest,shadow,6,3,3
ßìrth,kelthuzad,288,priest,shadow,6,3,3
Troop,kelthuzad,288,priest,shadow,6,3,3
Shaðows,malganis,288,priest,shadow,6,3,3
Pengwu,moon-guard,288,priest,shadow,6,3,3
Oxxymoron,malganis,288,priest,shadow,6,3,3
Lolsodacans,malganis,288,priest,shadow,6,3,3
Leya,kiljaeden,288,priest,shadow,6,3,3
Amanopriest,illidan,288,priest,shadow,6,3,3
Onahaihu,tichondrius,288,priest,shadow,9,4,5
Epithet,moon-guard,288,priest,shadow,11,4,7
Devøid,thrall,288,priest,shadow,12,3,9
Dunnbledore,area-52,288,priest,shadow,12,3,9
Tastyloads,illidan,288,priest,shadow,12,3,9
Demonllama,duskwood,288,priest,shadow,12,3,9
Mandisa,skywall,288,priest,shadow,12,3,9
Jylertason,kelthuzad,288,priest,shadow,12,3,9
Shadowpain,the-underbog,288,priest,shadow,12,3,9
Stantz,burning-legion,288,priest,shadow,12,3,9
Voidnoodles,area-52,288,priest,shadow,12,3,9
Giantqid,malganis,288,priest,shadow,12,3,9
Valuations,tichondrius,288,priest,shadow,12,3,9
Farnzz,malganis,288,priest,shadow,12,3,9
Dreamteller,tichondrius,288,priest,shadow,12,3,9
Obscuriôn,moon-guard,288,priest,shadow,12,3,9
Scaryspise,nathrezim,288,priest,shadow,12,3,9
Shadøwbølt,tichondrius,288,priest,shadow,12,3,9
Nancynibbler,bleeding-hollow,288,priest,shadow,12,3,9
Poppyp,stormrage,288,priest,shadow,12,3,9
Mistmare,dalaran,288,priest,shadow,12,3,9
Maraquinn,bleeding-hollow,288,priest,shadow,12,3,9
Xeras,ravencrest,288,priest,shadow,12,3,9
Airn,tichondrius,288,priest,shadow,12,3,9
Sybenela,proudmoore,288,priest,shadow,12,3,9
Cultists,tichondrius,288,priest,shadow,18,3,15
Twistedbunny,zuljin,287,priest,shadow,6,3,3
Grímmz,veknilash,287,priest,shadow,7,3,4
Telamorstus,illidan,287,priest,shadow,12,3,9
Kyriana,doomhammer,287,priest,shadow,18,3,15
Samanine,moon-guard,286,priest,shadow,12,3,9
Drzz,tichondrius,256,priest,shadow,4,4,0
Catoggio,tortheldrin,255,priest,shadow,8,4,4
Izoth,tichondrius,239,priest,shadow,5,3,2
Nmm,ravencrest,239,priest,shadow,5,3,2
Youcute,norgannon,239,priest,shadow,5,3,2
Nuggetree,tichondrius,239,priest,shadow,5,3,2
Kikkomán,tichondrius,239,priest,shadow,11,3,8
Mindrip,illidan,234,priest,shadow,6,4,2
Nocego,nemesis,234,priest,shadow,11,5,6
Thänatós,quelthalas,234,priest,shadow,11,5,6
Risedead,azralon,234,priest,shadow,10,4,6
Actiop,stormrage,223,priest,shadow,8,3,5
Beeffdaddy,tichondrius,223,priest,shadow,8,3,5
Donkeycube,tichondrius,192,priest,shadow,4,3,1
Suppòrt,stormrage,192,priest,shadow,4,3,1
Shadowblax,thrall,192,priest,shadow,4,3,1
Vladsacer,nemesis,192,priest,shadow,9,3,6
Zarkos,area-52,192,priest,shadow,6,2,4
Spacepaq,bleeding-hollow,192,priest,shadow,6,2,4
Hgbvljag,proudmoore,192,priest,shadow,6,2,4
Sâishâ,proudmoore,192,priest,shadow,6,2,4
Nodorme,quelthalas,192,priest,shadow,6,2,4
Kalibaby,darkspear,192,priest,shadow,6,2,4
Midget,darkspear,192,priest,shadow,6,2,4
Geoat,barthilas,192,priest,shadow,6,2,4
Gospel,moon-guard,192,priest,shadow,6,2,4
Notgoodatsp,bleeding-hollow,192,priest,shadow,6,2,4
Sashatwo,proudmoore,192,priest,shadow,6,2,4
Horsegirls,kelthuzad,192,priest,shadow,6,2,4
Massivepuss,illidan,192,priest,shadow,6,2,4
Lyontnmetal,moon-guard,192,priest,shadow,6,2,4
Pugsmugglerr,icecrown,192,priest,shadow,6,2,4
Maxximuss,bleeding-hollow,192,priest,shadow,6,2,4
Spøokz,stormreaver,192,priest,shadow,6,2,4
Reckless,kirin-tor,192,priest,shadow,6,2,4
Onlyphantoms,kelthuzad,192,priest,shadow,6,2,4
Bahbooh,whisperwind,192,priest,shadow,6,2,4
Unholywood,lightbringer,192,priest,shadow,6,2,4
Fleshliight,area-52,192,priest,shadow,6,2,4
Dagaen,thunderlord,192,priest,shadow,6,2,4
Alukel,moon-guard,192,priest,shadow,6,2,4
Brounly,drakkari,192,priest,shadow,6,2,4
Quinnx,tichondrius,192,priest,shadow,6,2,4
Dogfrompark,illidan,192,priest,shadow,6,2,4
Fadestepx,stormrage,192,priest,shadow,6,2,4
Zombiejeesus,sargeras,192,priest,shadow,6,2,4
Kryoff,illidan,192,priest,shadow,6,2,4
Beertriarch,frostmourne,192,priest,shadow,6,2,4
Dotdotdead,earthen-ring,192,priest,shadow,6,2,4
Glamorousky,illidan,192,priest,shadow,6,2,4
Priést,stormrage,192,priest,shadow,6,2,4
Innergee,aegwynn,192,priest,shadow,6,2,4
Synrgy,sargeras,192,priest,shadow,6,2,4
Nicksfury,stormrage,192,priest,shadow,6,2,4
Cxmplex,malganis,192,priest,shadow,6,2,4
Texxán,bloodscalp,192,priest,shadow,6,2,4
Azshauna,hyjal,192,priest,shadow,6,2,4
Canklez,stormscale,192,priest,shadow,6,2,4
Selspriest,kelthuzad,192,priest,shadow,6,2,4
Enochian,hyjal,192,priest,shadow,6,2,4
Aape,frostmourne,192,priest,shadow,6,2,4
Furryoflife,suramar,192,priest,shadow,6,2,4
Shanshan,bladefist,192,priest,shadow,6,2,4
Shibatoshi,blackrock,192,priest,shadow,6,2,4
Detainedz,malganis,192,priest,shadow,6,2,4
Sshhaaddooww,tichondrius,192,priest,shadow,6,2,4
Psychohazard,area-52,192,priest,shadow,6,2,4
Félurian,frostmourne,192,priest,shadow,6,2,4
Clickbait,spirestone,192,priest,shadow,6,2,4
Projectalice,ravencrest,192,priest,shadow,6,2,4
Edhelin,illidan,192,priest,shadow,6,2,4
Kälashnikova,ragnaros,192,priest,shadow,6,2,4
Pandiwoodney,ragnaros,192,priest,shadow,6,2,4
Toastspriest,tichondrius,192,priest,shadow,6,2,4
Freibs,tichondrius,192,priest,shadow,6,2,4
Orethon,thrall,192,priest,shadow,6,2,4
Vanzera,thrall,192,priest,shadow,6,2,4
Hail,kaelthas,192,priest,shadow,6,2,4
Avanise,blackrock,192,priest,shadow,6,2,4
Voidwyrm,tichondrius,192,priest,shadow,6,2,4
Lifejuice,tichondrius,192,priest,shadow,6,2,4
Yevøn,ragnaros,192,priest,shadow,6,2,4
Fadeoff,tichondrius,192,priest,shadow,6,2,4
Apâthy,area-52,192,priest,shadow,6,2,4
Löstský,azralon,192,priest,shadow,6,2,4
Sungai,thrall,192,priest,shadow,6,2,4
Kapriestsun,sargeras,192,priest,shadow,6,2,4
Anxìetý,area-52,192,priest,shadow,6,2,4
Thewizard,blackrock,192,priest,shadow,6,2,4
Shadoword,moon-guard,192,priest,shadow,6,2,4
Delithara,tichondrius,192,priest,shadow,6,2,4
Vortek,bleeding-hollow,192,priest,shadow,6,2,4
Biggina,vashj,192,priest,shadow,6,2,4
Mentalprism,khazgoroth,192,priest,shadow,6,2,4
Pipete,frostmourne,192,priest,shadow,6,2,4
Offwhit,azralon,192,priest,shadow,6,2,4
Fraggydaddy,frostmourne,192,priest,shadow,6,2,4
Ateras,emerald-dream,192,priest,shadow,6,2,4
Hrathren,caelestrasz,192,priest,shadow,6,2,4
Sorojín,zuljin,192,priest,shadow,6,2,4
Chellelia,stormrage,192,priest,shadow,6,2,4
Kahine,thaurissan,192,priest,shadow,6,2,4
Judis,barthilas,192,priest,shadow,6,2,4
Purrpleelff,saurfang,192,priest,shadow,6,2,4
Auntiegrimm,silvermoon,192,priest,shadow,6,2,4
Optt,zuljin,192,priest,shadow,6,2,4
Juliusceazer,skywall,192,priest,shadow,6,2,4
Séxgodx,tichondrius,192,priest,shadow,6,2,4
Lolsithlord,tichondrius,192,priest,shadow,6,2,4
Murkqz,azralon,192,priest,shadow,6,2,4
Shadowvale,tichondrius,192,priest,shadow,6,2,4
Xyanydê,zuljin,192,priest,shadow,6,2,4
Deprive,tichondrius,192,priest,shadow,6,2,4
Thaldrum,tichondrius,192,priest,shadow,6,2,4
Fatfinger,stormrage,192,priest,shadow,6,2,4
Fatherleem,tichondrius,192,priest,shadow,6,2,4
Apparìtions,khazgoroth,192,priest,shadow,6,2,4
Eyedeas,tichondrius,192,priest,shadow,6,2,4
Meehow,lightninghoof,192,priest,shadow,6,2,4
Ptheld,tichondrius,192,priest,shadow,6,2,4
Lemmiewinkzx,sargeras,192,priest,shadow,6,2,4
Dippyzs,alterac-mountains,192,priest,shadow,6,2,4
Slowbreeze,sargeras,192,priest,shadow,6,2,4
Layons,nemesis,192,priest,shadow,6,2,4
Byungsik,terenas,192,priest,shadow,6,2,4
Teetams,sargeras,192,priest,shadow,6,2,4
Clairvoyantt,tichondrius,192,priest,shadow,6,2,4
Melithor,frostmourne,192,priest,shadow,6,2,4
Moonshoes,tichondrius,192,priest,shadow,6,2,4
Mkenze,moon-guard,192,priest,shadow,6,2,4
Theono,sargeras,192,priest,shadow,6,2,4
Bradpríest,stormrage,192,priest,shadow,6,2,4
Kodaks,frostmourne,192,priest,shadow,12,2,10
Alizhe,ragnaros,192,priest,shadow,12,2,10
Tasals,dragonmaw,192,priest,shadow,12,2,10
Dalyeth,blackrock,192,priest,shadow,12,2,10
Ozztwo,tichondrius,192,priest,shadow,12,2,10
Kulrig,shuhalo,192,priest,shadow,12,2,10
Caristae,kelthuzad,192,priest,shadow,12,2,10
Belfalst,shandris,192,priest,shadow,12,2,10
Killuminati,hyjal,192,priest,shadow,12,2,10
Laq,proudmoore,192,priest,shadow,12,2,10
Painful,arathor,192,priest,shadow,12,2,10
Karamapang,illidan,192,priest,shadow,12,2,10
Jimmyjangle,kelthuzad,192,priest,shadow,12,2,10
Murdangus,moon-guard,192,priest,shadow,18,2,16
Fallenfaith,dathremar,191,priest,shadow,6,2,4
Mythica,gurubashi,191,priest,shadow,6,2,4
Dawnbréaker,azralon,175,priest,shadow,11,2,9
Tmpriest,tichondrius,175,priest,shadow,11,2,9
Chü,dalaran,169,priest,shadow,12,5,7
Nychka,kelthuzad,160,priest,shadow,10,2,8
Dhory,drakkari,159,priest,shadow,6,3,3
Pugadin,bleeding-hollow,159,priest,shadow,5,2,3
Dekomori,quelthalas,159,priest,shadow,5,2,3
Lilpurp,sargeras,159,priest,shadow,5,2,3
Tlolopolopo,quelthalas,159,priest,shadow,5,2,3
Gobananas,bleeding-hollow,159,priest,shadow,5,2,3
Tiizz,malganis,159,priest,shadow,5,2,3
Xeevoos,nemesis,159,priest,shadow,5,2,3
Myndz,stormrage,159,priest,shadow,5,2,3
Juckerr,tichondrius,159,priest,shadow,5,2,3
Gaeira,azralon,159,priest,shadow,11,2,9
Dirtydickdan,sargeras,144,priest,shadow,3,3,0
Cravex,stormrage,128,priest,shadow,4,2,2
Dingldangle,tichondrius,128,priest,shadow,4,2,2
Melbourn,kalecgos,112,priest,shadow,7,2,5
Sätîvá,tichondrius,96,priest,shadow,3,2,1
Bailez,malganis,96,priest,shadow,6,1,5
Dadsalad,zuljin,96,priest,shadow,6,1,5
Slspookyx,tichondrius,96,priest,shadow,6,1,5
Kelody,zuljin,96,priest,shadow,6,1,5
Prayussy,tichondrius,96,priest,shadow,6,1,5
Lilskizz,dalaran,96,priest,shadow,6,1,5
Lillyx,tichondrius,96,priest,shadow,6,1,5
Voidzx,tichondrius,96,priest,shadow,6,1,5
Bambõõ,barthilas,96,priest,shadow,6,1,5
Whatsittoya,tichondrius,96,priest,shadow,6,1,5
Óst,tichondrius,96,priest,shadow,6,1,5
Psyward,tichondrius,96,priest,shadow,6,1,5
Sadury,tichondrius,96,priest,shadow,6,1,5
Cáscá,stormrage,96,priest,shadow,6,1,5
Melisandray,illidan,96,priest,shadow,6,1,5
Paingivër,drakkari,96,priest,shadow,6,1,5
Stepbroplzno,barthilas,96,priest,shadow,6,1,5
Amenbrother,proudmoore,96,priest,shadow,6,1,5
Lukaspriest,proudmoore,96,priest,shadow,6,1,5
Rays,drakkari,96,priest,shadow,6,1,5
Oxyy,aerie-peak,96,priest,shadow,6,1,5
Lightxp,illidan,96,priest,shadow,6,1,5
Zhanay,ragnaros,96,priest,shadow,6,1,5
Dwarfxomp,ragnaros,96,priest,shadow,6,1,5
Loudclapper,illidan,96,priest,shadow,6,1,5
Blickum,illidan,96,priest,shadow,6,1,5
Kalzu,tichondrius,96,priest,shadow,6,1,5
Leliane,tichondrius,96,priest,shadow,6,1,5
Torimonster,zuljin,96,priest,shadow,6,1,5
Pmpn,tichondrius,96,priest,shadow,6,1,5
Mauriel,proudmoore,96,priest,shadow,6,1,5
Tmall,tichondrius,96,priest,shadow,6,1,5
Bigdaddios,dalaran,96,priest,shadow,6,1,5
Powerwordwap,malganis,96,priest,shadow,6,1,5
Fámóus,stormrage,96,priest,shadow,6,1,5
Baerybonds,kiljaeden,96,priest,shadow,6,1,5
Vdip,illidan,96,priest,shadow,6,1,5
Marleylei,nesingwary,96,priest,shadow,6,1,5
Shadowreck,malganis,96,priest,shadow,6,1,5
Stunsilence,tichondrius,96,priest,shadow,6,1,5
Galestick,illidan,96,priest,shadow,6,1,5
Lilzqt,cairne,96,priest,shadow,6,1,5
Peterlongrod,malganis,96,priest,shadow,6,1,5
Manryu,tichondrius,96,priest,shadow,6,1,5
Cärdi,frostmourne,96,priest,shadow,6,1,5
Powerwordkfc,kelthuzad,96,priest,shadow,6,1,5
Icespice,anvilmar,96,priest,shadow,6,1,5
Wallywanker,illidan,96,priest,shadow,6,1,5
Squekp,laughing-skull,96,priest,shadow,6,1,5
Poilu,laughing-skull,96,priest,shadow,6,1,5
Tiskka,magtheridon,96,priest,shadow,6,1,5
Mangemoélqc,darkspear,96,priest,shadow,6,1,5
Jaquels,area-52,96,priest,shadow,6,1,5
Raydz,altar-of-storms,96,priest,shadow,6,1,5
Shadowftw,illidan,96,priest,shadow,6,1,5
Milliyakk,area-52,96,priest,shadow,6,1,5
Vyndictus,shattered-hand,96,priest,shadow,6,1,5
Mental,deathwing,96,priest,shadow,6,1,5
Torturex,zuljin,96,priest,shadow,6,1,5
Chreistana,sargeras,96,priest,shadow,6,1,5
Dravi,azuremyst,96,priest,shadow,6,1,5
Drippyjoones,sargeras,96,priest,shadow,6,1,5
Rahna,azralon,96,priest,shadow,6,1,5
Serýnta,wyrmrest-accord,96,priest,shadow,6,1,5
Syrul,tichondrius,96,priest,shadow,6,1,5
Nightboxer,tichondrius,96,priest,shadow,6,1,5
Digop,azralon,96,priest,shadow,6,1,5
Iyanne,nemesis,96,priest,shadow,6,1,5
Althlon,emerald-dream,96,priest,shadow,6,1,5
Amikam,barthilas,96,priest,shadow,6,1,5
Syrillia,wildhammer,96,priest,shadow,6,1,5
Rezzerection,gorefiend,96,priest,shadow,6,1,5
Theboss,gorefiend,96,priest,shadow,6,1,5
Zymmie,moon-guard,96,priest,shadow,6,1,5
Onlysams,sargeras,96,priest,shadow,6,1,5
Sprinkling,sargeras,96,priest,shadow,6,1,5
Vineller,malganis,96,priest,shadow,6,1,5
Ibangedaqt,malganis,96,priest,shadow,6,1,5
Unclefelix,rexxar,96,priest,shadow,6,1,5
Releknosleep,frostwolf,96,priest,shadow,6,1,5
Voidlordx,jubeithos,96,priest,shadow,6,1,5
Zway,moon-guard,96,priest,shadow,6,1,5
Nostrande,stormrage,96,priest,shadow,6,1,5
Allaras,eldrethalas,96,priest,shadow,6,1,5
Jèf,stormrage,96,priest,shadow,6,1,5
Yaelahi,illidan,96,priest,shadow,11,1,10
Zenorik,thrall,96,priest,shadow,12,1,11
Tallary,azralon,96,priest,shadow,12,1,11
ßugsy,illidan,96,priest,shadow,12,1,11
Xïlencer,tichondrius,96,priest,shadow,12,1,11
Jpray,bleeding-hollow,96,priest,shadow,12,1,11
Tusket,black-dragonflight,96,priest,shadow,12,1,11
Neferpitouoo,tichondrius,89,priest,shadow,10,4,6
Kunof,ragnaros,79,priest,shadow,5,1,4
Breadley,kelthuzad,79,priest,shadow,5,1,4
Xic,thrall,79,priest,shadow,5,1,4
Notjo,sargeras,64,priest,shadow,4,1,3
Brodel,dark-iron,64,priest,shadow,4,1,3
Lucky,draktharon,64,priest,shadow,10,1,9
Cervasa,bleeding-hollow,63,priest,shadow,2,2,0
Patapaton,nemesis,63,priest,shadow,2,2,0
Joktips,proudmoore,48,priest,shadow,3,1,2
Richard,doomhammer,48,priest,shadow,3,1,2
Fadehojx,illidan,42,priest,shadow,9,2,7
Jjaeminkim,area-52,42,priest,shadow,10,2,8
Turelim,illidan,31,priest,shadow,2,1,1
Remixcandoit,malganis,16,priest,shadow,1,1,0
Pilixil,bleeding-hollow,16,priest,shadow,1,1,0
Trågédy,azjolnerub,16,priest,shadow,1,1,0
Yellowrose,kelthuzad,2017,rogue,outlaw,139,74,65
Weran,tichondrius,1976,rogue,outlaw,66,34,32
Sadiator,illidan,1876,rogue,outlaw,65,36,29
Dvn,stormrage,1844,rogue,outlaw,54,32,22
Millspec,zuljin,1840,rogue,outlaw,54,33,21
Supherr,sargeras,1806,rogue,outlaw,95,54,41
Onethiccboi,tichondrius,1796,rogue,outlaw,78,41,37
Gothamzzing,tichondrius,1795,rogue,outlaw,55,33,22
Dennerdz,tichondrius,1780,rogue,outlaw,77,36,41
Millspec,tichondrius,1762,rogue,outlaw,117,58,59
Welinth,thunderlord,1754,rogue,outlaw,450,228,222
Xylvána,kiljaeden,1682,rogue,outlaw,145,72,73
Fryphilip,dalaran,1676,rogue,outlaw,64,29,35
Redimído,quelthalas,1671,rogue,outlaw,74,37,37
Lycanthropî,illidan,1655,rogue,outlaw,80,37,43
Arena,uldum,1631,rogue,outlaw,141,67,74
Lardiconn,thrall,1628,rogue,outlaw,42,30,12
Deadracer,moon-guard,1627,rogue,outlaw,60,32,28
Lazeestab,sargeras,1618,rogue,outlaw,172,95,77
Sandorrogue,stormrage,1614,rogue,outlaw,58,29,29
Càgil,stormrage,1607,rogue,outlaw,34,19,15
Jmaxx,wyrmrest-accord,1603,rogue,outlaw,51,32,19
Gnover,ragnaros,1585,rogue,outlaw,94,48,46
Dogeggs,area-52,1578,rogue,outlaw,54,25,29
Fastblast,wyrmrest-accord,1571,rogue,outlaw,36,19,17
Trêl,velen,1564,rogue,outlaw,177,91,86
Corevis,moon-guard,1562,rogue,outlaw,60,28,32
Omnïslash,stormrage,1545,rogue,outlaw,60,29,31
Supine,illidan,1539,rogue,outlaw,115,61,54
Asdestroyerr,tichondrius,1526,rogue,outlaw,38,18,20
Skaven,dunemaul,1525,rogue,outlaw,32,19,13
Kentaki,tichondrius,1515,rogue,outlaw,60,33,27
Houlton,moon-guard,1512,rogue,outlaw,42,22,20
Swingonya,stormrage,1508,rogue,outlaw,48,20,28
Karambit,frostmourne,1486,rogue,outlaw,120,54,66
Walyo,stormrage,1486,rogue,outlaw,55,23,32
Trillkage,tichondrius,1483,rogue,outlaw,90,44,46
Jenaki,gurubashi,1470,rogue,outlaw,90,47,43
Heliopolis,bleeding-hollow,1465,rogue,outlaw,36,17,19
Mõtaru,stormrage,1457,rogue,outlaw,107,54,53
Mgzx,tichondrius,1447,rogue,outlaw,189,101,88
Squigglies,aerie-peak,1438,rogue,outlaw,59,31,28
Combo,norgannon,1437,rogue,outlaw,176,97,79
Mirâge,illidan,1432,rogue,outlaw,61,30,31
Velskud,area-52,1430,rogue,outlaw,82,41,41
Gotosor,quelthalas,1415,rogue,outlaw,144,73,71
Jolly,frostmourne,1413,rogue,outlaw,71,30,41
Pez,barthilas,1412,rogue,outlaw,48,23,25
Disrawen,ragnaros,1411,rogue,outlaw,597,294,303
Shadowstryfe,tichondrius,1409,rogue,outlaw,47,22,25
Snakeblisken,emerald-dream,1401,rogue,outlaw,42,17,25
Shindeiru,area-52,1399,rogue,outlaw,43,30,13
Luolan,kargath,1378,rogue,outlaw,44,16,28
Blackmont,bleeding-hollow,1368,rogue,outlaw,204,104,100
Itsuksiko,quelthalas,1368,rogue,outlaw,63,30,33
Dross,shadowmoon,1325,rogue,outlaw,30,14,16
Chrisdorner,area-52,1316,rogue,outlaw,25,14,11
Cidi,moon-guard,1315,rogue,outlaw,68,27,41
Hobblefoot,proudmoore,1314,rogue,outlaw,70,35,35
Vîllâîn,tichondrius,1307,rogue,outlaw,30,14,16
Reyskywalker,kelthuzad,1303,rogue,outlaw,24,15,9
Shyzuku,drakkari,1303,rogue,outlaw,44,20,24
Aitreena,stormrage,1302,rogue,outlaw,36,20,16
Jakamungo,area-52,1301,rogue,outlaw,58,28,30
Ntrfighter,tichondrius,1298,rogue,outlaw,83,43,40
Bleaklord,emerald-dream,1297,rogue,outlaw,166,74,92
Slitherex,thunderlord,1280,rogue,outlaw,81,42,39
Cheddery,dalaran,1253,rogue,outlaw,98,52,46
Straite,area-52,1244,rogue,outlaw,24,13,11
Mechamind,draka,1226,rogue,outlaw,30,18,12
Johnnyelbows,tichondrius,1197,rogue,outlaw,45,23,22
Gour,ragnaros,1197,rogue,outlaw,36,13,23
Dookienotop,thunderhorn,1196,rogue,outlaw,48,20,28
Zanith,wyrmrest-accord,1194,rogue,outlaw,28,15,13
Wátchyoúrbák,wyrmrest-accord,1194,rogue,outlaw,48,18,30
Lovedemtings,dark-iron,1191,rogue,outlaw,28,13,15
Adevoir,hakkar,1155,rogue,outlaw,102,54,48
Rynica,illidan,1151,rogue,outlaw,53,27,26
Peteylee,stormrage,1150,rogue,outlaw,24,12,12
Satürn,stormrage,1147,rogue,outlaw,36,13,23
Emoond,ragnaros,1137,rogue,outlaw,51,29,22
Mabushi,sargeras,1135,rogue,outlaw,42,15,27
Amorfirion,frostmourne,1131,rogue,outlaw,30,14,16
Zogbu,stormrage,1128,rogue,outlaw,42,17,25
Geratyere,trollbane,1112,rogue,outlaw,32,14,18
Vanorn,aerie-peak,1109,rogue,outlaw,60,20,40
Itricku,tichondrius,1093,rogue,outlaw,60,23,37
Vilthoon,sargeras,1092,rogue,outlaw,48,20,28
Zarthrox,bladefist,1086,rogue,outlaw,48,24,24
Bonizzi,stormrage,1085,rogue,outlaw,24,13,11
Abatoire,wyrmrest-accord,1083,rogue,outlaw,87,44,43
Nordedge,stormrage,1080,rogue,outlaw,36,16,20
Azarha,zuljin,1060,rogue,outlaw,78,40,38
Hezi,area-52,1056,rogue,outlaw,24,11,13
Tanadoril,wyrmrest-accord,1051,rogue,outlaw,24,11,13
Wujn,tichondrius,1050,rogue,outlaw,24,11,13
Lumifer,quelthalas,1050,rogue,outlaw,54,18,36
Xyleth,azgalor,1048,rogue,outlaw,59,23,36
Cathat,area-52,1047,rogue,outlaw,24,11,13
Thèory,sargeras,1044,rogue,outlaw,24,11,13
Valefarr,emerald-dream,1043,rogue,outlaw,107,52,55
Badpatatas,proudmoore,1043,rogue,outlaw,52,15,37
Nello,runetotem,1043,rogue,outlaw,42,12,30
Nicademos,bleeding-hollow,1037,rogue,outlaw,18,11,7
Gogg,crushridge,1028,rogue,outlaw,35,11,24
Lawyergamer,bonechewer,1027,rogue,outlaw,50,23,27
Thuganomics,dark-iron,1008,rogue,outlaw,27,12,15
Farstrider,tichondrius,974,rogue,outlaw,84,33,51
Hokagesasuke,bleeding-hollow,972,rogue,outlaw,42,17,25
Listrew,stormrage,970,rogue,outlaw,24,12,12
Alexdelion,tichondrius,960,rogue,outlaw,18,10,8
Inhume,eredar,960,rogue,outlaw,24,10,14
Nahj,tichondrius,960,rogue,outlaw,24,10,14
Quapi,tichondrius,959,rogue,outlaw,18,10,8
Preceptor,azralon,956,rogue,outlaw,24,10,14
Nitroxy,quelthalas,950,rogue,outlaw,24,10,14
Stabbymcgee,duskwood,941,rogue,outlaw,24,11,13
Sheinnér,ragnaros,926,rogue,outlaw,45,22,23
Tootled,wyrmrest-accord,917,rogue,outlaw,37,20,17
Shninzy,senjin,910,rogue,outlaw,31,11,20
Pigshank,proudmoore,906,rogue,outlaw,18,10,8
Zeed,ragnaros,891,rogue,outlaw,77,36,41
Donstevano,frostmourne,864,rogue,outlaw,24,9,15
Steviekìcks,frostmourne,864,rogue,outlaw,24,9,15
Stabbythorus,stormrage,862,rogue,outlaw,18,9,9
Alexyy,blades-edge,862,rogue,outlaw,18,9,9
Bebesita,sisters-of-elune,860,rogue,outlaw,18,9,9
Bootypie,hyjal,860,rogue,outlaw,24,9,15
Phraze,silvermoon,859,rogue,outlaw,30,14,16
Deddyy,zuljin,854,rogue,outlaw,24,9,15
Yerehmi,quelthalas,852,rogue,outlaw,18,10,8
Evilkoreanz,tichondrius,851,rogue,outlaw,18,9,9
Ningaturtle,korgath,844,rogue,outlaw,48,19,29
Gfuel,azgalor,827,rogue,outlaw,22,9,13
Fennick,tanaris,823,rogue,outlaw,37,9,28
Elitejigsaw,perenolde,822,rogue,outlaw,24,9,15
Sabbathe,kargath,817,rogue,outlaw,26,10,16
Coalie,tichondrius,816,rogue,outlaw,15,9,6
Pelussy,kiljaeden,800,rogue,outlaw,39,9,30
Synj,frostmourne,798,rogue,outlaw,14,9,5
Mhdz,tichondrius,789,rogue,outlaw,24,10,14
Yodiegang,tichondrius,768,rogue,outlaw,12,8,4
Deepsyo,frostmourne,768,rogue,outlaw,12,8,4
Lesty,kelthuzad,768,rogue,outlaw,12,8,4
Cireene,proudmoore,768,rogue,outlaw,12,8,4
Upcrazylol,area-52,768,rogue,outlaw,12,8,4
Airi,darkspear,768,rogue,outlaw,18,8,10
Tarnished,ravenholdt,766,rogue,outlaw,24,8,16
Nvirus,quelthalas,765,rogue,outlaw,18,8,10
Shmoked,moon-guard,763,rogue,outlaw,24,8,16
Sasskei,malganis,760,rogue,outlaw,18,8,10
Marraya,area-52,750,rogue,outlaw,18,8,10
Zeetwntyeght,stormrage,747,rogue,outlaw,35,8,27
Gnòme,frostmourne,701,rogue,outlaw,11,8,3
Thompson,bloodscalp,672,rogue,outlaw,12,7,5
Tëmpestas,quelthalas,672,rogue,outlaw,12,7,5
Minuss,rivendare,671,rogue,outlaw,12,7,5
Invisidubya,illidan,671,rogue,outlaw,12,7,5
Slowtime,quelthalas,671,rogue,outlaw,18,7,11
Drsinz,tichondrius,671,rogue,outlaw,18,7,11
Uzell,sargeras,670,rogue,outlaw,12,7,5
Cosmicò,trollbane,670,rogue,outlaw,12,7,5
Lacero,bonechewer,670,rogue,outlaw,12,7,5
Jamesallen,silvermoon,659,rogue,outlaw,12,7,5
Adrala,thunderlord,657,rogue,outlaw,12,7,5
Furrykneecap,hyjal,655,rogue,outlaw,12,9,3
Hîzzÿ,ghostlands,630,rogue,outlaw,32,8,24
Roxy,ghostlands,623,rogue,outlaw,17,7,10
Xylvana,kiljaeden,576,rogue,outlaw,12,6,6
Esky,tichondrius,576,rogue,outlaw,12,6,6
Deeppockets,sargeras,576,rogue,outlaw,12,6,6
Riprorin,stormrage,576,rogue,outlaw,18,6,12
Dalaranxp,illidan,576,rogue,outlaw,18,6,12
Drakariano,ragnaros,575,rogue,outlaw,18,6,12
Sprork,kiljaeden,575,rogue,outlaw,18,6,12
Maglove,nemesis,571,rogue,outlaw,12,6,6
Gheez,quelthalas,570,rogue,outlaw,12,6,6
Chapex,ragnaros,511,rogue,outlaw,14,6,8
Sotypical,area-52,480,rogue,outlaw,6,5,1
Tsubamë,tichondrius,480,rogue,outlaw,6,5,1
Tmpikaboo,tichondrius,480,rogue,outlaw,6,5,1
Hachiwari,moon-guard,480,rogue,outlaw,12,5,7
Evaru,tichondrius,480,rogue,outlaw,12,5,7
Violetrose,kelthuzad,480,rogue,outlaw,12,5,7
Loktark,stormreaver,480,rogue,outlaw,12,5,7
Matheuzaum,goldrinn,480,rogue,outlaw,12,5,7
Galfuran,burning-legion,480,rogue,outlaw,12,5,7
Eatcheese,sargeras,480,rogue,outlaw,12,5,7
Sekkelx,moon-guard,480,rogue,outlaw,12,5,7
Dultz,tichondrius,480,rogue,outlaw,12,5,7
Dicenslice,proudmoore,480,rogue,outlaw,12,5,7
Earthinhorn,frostmourne,480,rogue,outlaw,18,5,13
Spikiera,silvermoon,480,rogue,outlaw,18,5,13
Kasharo,tichondrius,479,rogue,outlaw,12,5,7
Universalize,proudmoore,479,rogue,outlaw,12,5,7
Falloran,nerzhul,479,rogue,outlaw,12,5,7
Aylyus,kiljaeden,478,rogue,outlaw,12,5,7
Xzarfi,moon-guard,478,rogue,outlaw,30,5,25
Mangaleón,wildhammer,475,rogue,outlaw,12,5,7
Gnork,twisting-nether,475,rogue,outlaw,12,5,7
Aleranah,frostmourne,474,rogue,outlaw,12,5,7
Darthkelso,arathor,465,rogue,outlaw,24,5,19
Spymafia,ragnaros,463,rogue,outlaw,14,7,7
Robbin,bleeding-hollow,412,rogue,outlaw,14,5,9
Alandoril,tichondrius,384,rogue,outlaw,6,4,2
Letty,area-52,384,rogue,outlaw,6,4,2
Kents,tichondrius,384,rogue,outlaw,6,4,2
Velox,kiljaeden,384,rogue,outlaw,6,4,2
Xavar,malganis,384,rogue,outlaw,6,4,2
Krypticstab,malganis,384,rogue,outlaw,6,4,2
Flashmob,zuljin,384,rogue,outlaw,6,4,2
Trayvis,turalyon,384,rogue,outlaw,6,4,2
Jsyn,kiljaeden,384,rogue,outlaw,12,4,8
Blingtronx,malganis,384,rogue,outlaw,12,4,8
Showclass,stormrage,384,rogue,outlaw,12,4,8
Nestha,quelthalas,384,rogue,outlaw,12,4,8
Dayvanie,area-52,384,rogue,outlaw,12,4,8
Sazor,ysera,384,rogue,outlaw,12,4,8
Darthol,muradin,384,rogue,outlaw,12,4,8
Subnini,kelthuzad,384,rogue,outlaw,18,4,14
Katanië,moon-guard,383,rogue,outlaw,12,4,8
Keenstar,moon-guard,383,rogue,outlaw,18,4,14
Kensley,amanthul,383,rogue,outlaw,30,4,26
Daftjack,bleeding-hollow,381,rogue,outlaw,12,4,8
Houdinilogic,skullcrusher,381,rogue,outlaw,12,4,8
Shádyj,velen,381,rogue,outlaw,18,4,14
Siamés,quelthalas,319,rogue,outlaw,14,4,10
Movze,area-52,288,rogue,outlaw,6,3,3
Homeschoolx,moon-guard,288,rogue,outlaw,6,3,3
Pilurfs,thrall,288,rogue,outlaw,6,3,3
Whaazz,emerald-dream,288,rogue,outlaw,6,3,3
Slapjak,dalaran,288,rogue,outlaw,6,3,3
Pockettsand,firetree,288,rogue,outlaw,6,3,3
Vierhy,proudmoore,288,rogue,outlaw,6,3,3
Rujkah,archimonde,288,rogue,outlaw,6,3,3
Hepatocyte,anvilmar,288,rogue,outlaw,6,3,3
Skoalr,thrall,288,rogue,outlaw,6,3,3
Bigcolumn,tichondrius,288,rogue,outlaw,6,3,3
Ghøstfäce,tichondrius,288,rogue,outlaw,6,3,3
Whouzie,frostmourne,288,rogue,outlaw,6,3,3
Hobblefoot,tichondrius,288,rogue,outlaw,6,3,3
Instructor,area-52,288,rogue,outlaw,6,3,3
Machos,azralon,288,rogue,outlaw,6,3,3
Pikartz,stormrage,288,rogue,outlaw,6,3,3
Daehyun,moknathal,288,rogue,outlaw,6,3,3
Rotjaw,hydraxis,288,rogue,outlaw,6,3,3
Twnk,stormrage,288,rogue,outlaw,6,3,3
Hellstabber,lightbringer,288,rogue,outlaw,6,3,3
Bàndit,wyrmrest-accord,288,rogue,outlaw,6,3,3
Wolfmother,nemesis,288,rogue,outlaw,6,3,3
Karmagoodttv,stormrage,288,rogue,outlaw,6,3,3
Drpibb,ghostlands,288,rogue,outlaw,12,3,9
Ñinjå,alleria,288,rogue,outlaw,18,3,15
Nippsy,aerie-peak,288,rogue,outlaw,18,3,15
Adysius,malganis,287,rogue,outlaw,6,3,3
Stabyou,sentinels,287,rogue,outlaw,6,3,3
Vampireshade,bloodhoof,286,rogue,outlaw,12,3,9
Grimthorn,icecrown,285,rogue,outlaw,12,3,9
Fenrul,thunderlord,285,rogue,outlaw,12,3,9
Smilinjack,ysera,284,rogue,outlaw,12,3,9
Hotboxthefox,illidan,253,rogue,outlaw,11,3,8
Kpr,sargeras,192,rogue,outlaw,6,2,4
Prisonshank,arthas,192,rogue,outlaw,6,2,4
Stancepants,dalaran,192,rogue,outlaw,6,2,4
Mud,saurfang,192,rogue,outlaw,6,2,4
Duskeron,cenarius,192,rogue,outlaw,6,2,4
Slobernocker,stormrage,192,rogue,outlaw,6,2,4
Tummyache,nerzhul,192,rogue,outlaw,6,2,4
Remonezero,moon-guard,192,rogue,outlaw,6,2,4
ßuu,sargeras,192,rogue,outlaw,6,2,4
Touchthetip,bleeding-hollow,192,rogue,outlaw,6,2,4
Creamcakepop,stormrage,192,rogue,outlaw,6,2,4
Dillwilly,moon-guard,192,rogue,outlaw,6,2,4
Jebubs,tichondrius,192,rogue,outlaw,6,2,4
Silentjabs,tichondrius,192,rogue,outlaw,6,2,4
Nïck,korialstrasz,192,rogue,outlaw,6,2,4
Nikosneako,tichondrius,192,rogue,outlaw,12,2,10
Vizimyr,malganis,192,rogue,outlaw,12,2,10
Sxs,kiljaeden,192,rogue,outlaw,12,2,10
Manoq,drakkari,191,rogue,outlaw,6,2,4
Òklahomie,frostwolf,191,rogue,outlaw,6,2,4
Landrik,trollbane,191,rogue,outlaw,6,2,4
Philliamson,azgalor,190,rogue,outlaw,12,2,10
Zugthug,perenolde,159,rogue,outlaw,11,2,9
Hedillyan,azralon,138,rogue,outlaw,9,3,6
Keylâ,thrall,138,rogue,outlaw,10,3,7
Johzul,emerald-dream,96,rogue,outlaw,3,2,1
Theft,gorefiend,96,rogue,outlaw,6,1,5
Churpie,zuljin,96,rogue,outlaw,6,1,5
Scottsparks,stormrage,96,rogue,outlaw,6,1,5
Downsix,sargeras,96,rogue,outlaw,6,1,5
Leiffer,ragnaros,96,rogue,outlaw,6,1,5
Denlox,moon-guard,96,rogue,outlaw,6,1,5
Rinestiria,arthas,96,rogue,outlaw,6,1,5
Whatsåpp,gallywix,96,rogue,outlaw,6,1,5
Vandalyze,sargeras,96,rogue,outlaw,6,1,5
Dessenia,illidan,96,rogue,outlaw,6,1,5
Jippidy,tichondrius,96,rogue,outlaw,6,1,5
Xm,sargeras,96,rogue,outlaw,6,1,5
Raimondo,frostmourne,96,rogue,outlaw,6,1,5
Burt,akama,96,rogue,outlaw,6,1,5
Lu,lethon,96,rogue,outlaw,6,1,5
Fateapocryph,azralon,96,rogue,outlaw,6,1,5
Sindor,azralon,96,rogue,outlaw,6,1,5
Takeiapika,azralon,96,rogue,outlaw,6,1,5
Loruk,ragnaros,96,rogue,outlaw,6,1,5
Neilyo,barthilas,96,rogue,outlaw,6,1,5
Futânari,ragnaros,96,rogue,outlaw,6,1,5
Tegernako,firetree,96,rogue,outlaw,6,1,5
Reginageorge,azuremyst,96,rogue,outlaw,6,1,5
Madge,area-52,96,rogue,outlaw,6,1,5
Sleepstryke,stormrage,96,rogue,outlaw,12,1,11
Koxz,stormrage,96,rogue,outlaw,12,1,11
Culpera,undermine,95,rogue,outlaw,6,1,5
Magrelinha,azralon,95,rogue,outlaw,6,1,5
Xánna,shattered-hand,64,rogue,outlaw,4,1,3
Vladdracc,quelthalas,48,rogue,outlaw,3,1,2
Vixxuis,stormrage,42,rogue,outlaw,18,4,14
Aliasfaker,stormrage,16,rogue,outlaw,1,1,0
Teklore,arthas,16,rogue,outlaw,1,1,0
Alexdelion,tichondrius,2325,rogue,subtlety,126,72,54
Erebüs,thunderlord,2281,rogue,subtlety,168,104,64
Fotg,tichondrius,2265,rogue,subtlety,78,48,30
Howton,kelthuzad,2225,rogue,subtlety,48,38,10
Battzii,wyrmrest-accord,2189,rogue,subtlety,1214,632,582
Yellowdeep,tichondrius,2150,rogue,subtlety,86,62,24
Æsshayádlay,tichondrius,2131,rogue,subtlety,81,42,39
Yázim,tichondrius,2126,rogue,subtlety,103,66,37
Ajl,drenden,2118,rogue,subtlety,226,120,106
Lies,dalaran,2116,rogue,subtlety,223,114,109
Ymxxworld,tichondrius,2107,rogue,subtlety,96,49,47
Stabasaurus,blood-furnace,2105,rogue,subtlety,60,37,23
Thèllè,sargeras,2104,rogue,subtlety,78,46,32
Røgüë,malganis,2100,rogue,subtlety,96,53,43
Kidcutti,proudmoore,2041,rogue,subtlety,158,85,73
Xiaochulol,tichondrius,2039,rogue,subtlety,78,49,29
Roguesparrow,illidan,2024,rogue,subtlety,251,138,113
Hiyõ,tichondrius,2022,rogue,subtlety,197,110,87
Flashmob,zuljin,2021,rogue,subtlety,110,56,54
Acid,warsong,2020,rogue,subtlety,90,67,23
Lycanthropî,illidan,2019,rogue,subtlety,48,37,11
Incoherentz,frostmourne,2017,rogue,subtlety,96,53,43
Ahsokatona,emerald-dream,2011,rogue,subtlety,120,68,52
Ulley,sargeras,2001,rogue,subtlety,222,124,98
Kenpàchi,kelthuzad,1998,rogue,subtlety,188,103,85
Danrathm,sargeras,1990,rogue,subtlety,109,59,50
Slashthunder,blades-edge,1987,rogue,subtlety,84,43,41
Wizlysnipz,tichondrius,1960,rogue,subtlety,120,70,50
Stunsofpuns,sargeras,1960,rogue,subtlety,102,58,44
Maulline,tichondrius,1960,rogue,subtlety,72,34,38
Swadeecup,nagrand,1959,rogue,subtlety,209,103,106
Nahj,tichondrius,1951,rogue,subtlety,39,29,10
Baeruto,thunderlord,1951,rogue,subtlety,42,28,14
Vendettita,quelthalas,1951,rogue,subtlety,96,52,44
Spèèd,proudmoore,1950,rogue,subtlety,186,107,79
Zurza,proudmoore,1943,rogue,subtlety,95,44,51
Coopi,tichondrius,1939,rogue,subtlety,168,90,78
Rangoons,tichondrius,1938,rogue,subtlety,66,39,27
Esky,tichondrius,1938,rogue,subtlety,140,73,67
Asoj,tichondrius,1930,rogue,subtlety,72,37,35
Shinigâmì,tichondrius,1921,rogue,subtlety,210,124,86
Silentkush,arthas,1919,rogue,subtlety,84,51,33
Aaronjlol,tichondrius,1919,rogue,subtlety,89,45,44
Cydonian,ragnaros,1917,rogue,subtlety,202,110,92
Damrat,tichondrius,1915,rogue,subtlety,78,46,32
Norbury,tichondrius,1914,rogue,subtlety,205,102,103
Brucerogue,tichondrius,1912,rogue,subtlety,362,191,171
Scuffedjr,tichondrius,1908,rogue,subtlety,144,69,75
Minaciki,tichondrius,1898,rogue,subtlety,72,41,31
Donstevano,frostmourne,1895,rogue,subtlety,78,42,36
Antoninez,tichondrius,1892,rogue,subtlety,54,29,25
Shadówl,tichondrius,1887,rogue,subtlety,60,39,21
Shankntwist,malganis,1885,rogue,subtlety,78,50,28
Muggzy,emerald-dream,1872,rogue,subtlety,48,28,20
Ideology,azgalor,1872,rogue,subtlety,106,55,51
Vyll,stormrage,1870,rogue,subtlety,77,39,38
Rinhon,windrunner,1868,rogue,subtlety,66,42,24
Needbuff,tichondrius,1865,rogue,subtlety,54,25,29
Deepsyo,frostmourne,1847,rogue,subtlety,36,23,13
Vellexsis,sargeras,1839,rogue,subtlety,101,57,44
Rõý,area-52,1837,rogue,subtlety,42,23,19
Originkorean,terenas,1835,rogue,subtlety,51,26,25
Smang,mugthol,1831,rogue,subtlety,36,23,13
Feinting,moon-guard,1829,rogue,subtlety,54,37,17
Bruítzy,barthilas,1827,rogue,subtlety,174,92,82
Ojibwe,tichondrius,1827,rogue,subtlety,46,24,22
Fátálíty,tichondrius,1827,rogue,subtlety,60,30,30
Seengivenchy,zuljin,1825,rogue,subtlety,60,39,21
Smkgpvp,stormrage,1823,rogue,subtlety,68,43,25
Himitu,tichondrius,1821,rogue,subtlety,115,58,57
Ivanrah,zuljin,1818,rogue,subtlety,24,19,5
Clern,emerald-dream,1818,rogue,subtlety,65,35,30
Ðèãth,area-52,1818,rogue,subtlety,42,19,23
Poizzon,emerald-dream,1817,rogue,subtlety,103,59,44
Okaylmao,tichondrius,1817,rogue,subtlety,80,45,35
Celèphaïs,tichondrius,1817,rogue,subtlety,63,30,33
Jsnlol,zuljin,1815,rogue,subtlety,42,27,15
Nightcloud,tichondrius,1815,rogue,subtlety,132,71,61
Stealthyxd,arthas,1815,rogue,subtlety,48,20,28
Runakó,kelthuzad,1813,rogue,subtlety,87,44,43
Scuffedsr,tichondrius,1811,rogue,subtlety,54,29,25
Sasugay,sargeras,1809,rogue,subtlety,104,64,40
Bigpump,lothar,1809,rogue,subtlety,60,33,27
Votekanye,bleeding-hollow,1808,rogue,subtlety,60,39,21
Themosk,malganis,1808,rogue,subtlety,84,47,37
Díor,azralon,1807,rogue,subtlety,124,70,54
Ymxxlolz,tichondrius,1804,rogue,subtlety,30,19,11
Submissions,khazgoroth,1804,rogue,subtlety,107,60,47
Shizz,tichondrius,1803,rogue,subtlety,36,23,13
Turtlespeed,thrall,1803,rogue,subtlety,123,74,49
ßaltø,bleeding-hollow,1799,rogue,subtlety,42,19,23
Yunggodmalik,whisperwind,1799,rogue,subtlety,48,19,29
Bobsaget,kiljaeden,1798,rogue,subtlety,109,60,49
Beanlord,spinebreaker,1796,rogue,subtlety,105,60,45
Jowtzsimp,ragnaros,1793,rogue,subtlety,51,27,24
Airi,darkspear,1791,rogue,subtlety,85,44,41
Wetit,illidan,1788,rogue,subtlety,102,63,39
Nines,icecrown,1785,rogue,subtlety,48,26,22
Zerogh,tichondrius,1784,rogue,subtlety,229,124,105
Kellenx,moon-guard,1781,rogue,subtlety,151,76,75
Onîkudaki,sargeras,1779,rogue,subtlety,60,26,34
Vanishcdc,area-52,1778,rogue,subtlety,60,39,21
Lesty,kelthuzad,1777,rogue,subtlety,53,32,21
Eazyg,tichondrius,1777,rogue,subtlety,112,61,51
Marcusr,tichondrius,1773,rogue,subtlety,66,37,29
Chitovera,tichondrius,1772,rogue,subtlety,48,32,16
Stealthypoop,kelthuzad,1772,rogue,subtlety,216,104,112
Dvin,stormrage,1770,rogue,subtlety,54,30,24
Gyokkó,sargeras,1770,rogue,subtlety,36,20,16
Jaos,tichondrius,1769,rogue,subtlety,59,28,31
Cahlee,sargeras,1758,rogue,subtlety,189,97,92
Greyyfox,illidan,1757,rogue,subtlety,133,65,68
Queuethunder,blades-edge,1756,rogue,subtlety,34,28,6
Qtq,malganis,1752,rogue,subtlety,102,57,45
ßuu,sargeras,1749,rogue,subtlety,36,21,15
Wazowskiy,tichondrius,1749,rogue,subtlety,385,187,198
Coregx,tichondrius,1747,rogue,subtlety,56,36,20
Trc,illidan,1746,rogue,subtlety,50,28,22
ßestwørld,tichondrius,1744,rogue,subtlety,137,76,61
Zipperx,tichondrius,1740,rogue,subtlety,124,67,57
Dysxliec,dalaran,1740,rogue,subtlety,263,133,130
Lxw,frostmourne,1739,rogue,subtlety,61,29,32
Yoskit,tichondrius,1736,rogue,subtlety,54,31,23
Topfloorboss,illidan,1735,rogue,subtlety,62,37,25
Stabem,moon-guard,1734,rogue,subtlety,159,85,74
Gnover,ragnaros,1728,rogue,subtlety,252,144,108
Ebasherx,area-52,1726,rogue,subtlety,42,19,23
Rhythmic,ysera,1725,rogue,subtlety,36,26,10
Ninjamf,bleeding-hollow,1723,rogue,subtlety,50,30,20
Ivellious,azralon,1723,rogue,subtlety,66,38,28
Kyubïx,ragnaros,1721,rogue,subtlety,126,76,50
Jawnrogue,tichondrius,1715,rogue,subtlety,54,39,15
Wansuiye,tichondrius,1715,rogue,subtlety,36,25,11
Saprìse,darkspear,1713,rogue,subtlety,84,50,34
Tyrrantxo,agamaggan,1712,rogue,subtlety,130,66,64
Yodiegang,tichondrius,1710,rogue,subtlety,36,22,14
Majk,eldrethalas,1707,rogue,subtlety,94,46,48
Skitsöu,tichondrius,1706,rogue,subtlety,90,45,45
Catatonic,moon-guard,1705,rogue,subtlety,137,73,64
Yurasick,lightbringer,1701,rogue,subtlety,48,29,19
Mirâge,illidan,1701,rogue,subtlety,161,89,72
Lxke,stormrage,1700,rogue,subtlety,52,26,26
Ganknvanish,tichondrius,1700,rogue,subtlety,219,107,112
Decóm,zuljin,1699,rogue,subtlety,76,38,38
Vavnmusic,illidan,1698,rogue,subtlety,132,77,55
Eekz,illidan,1697,rogue,subtlety,416,224,192
Whoox,khazgoroth,1695,rogue,subtlety,42,29,13
Saltymann,bleeding-hollow,1695,rogue,subtlety,60,35,25
Pngöd,area-52,1694,rogue,subtlety,100,62,38
Xiaozhi,tichondrius,1692,rogue,subtlety,52,26,26
Geckø,sargeras,1691,rogue,subtlety,30,20,10
Sohardtoplay,zuljin,1691,rogue,subtlety,76,36,40
Stepcurry,tichondrius,1690,rogue,subtlety,60,40,20
Notty,kelthuzad,1689,rogue,subtlety,150,85,65
Gotto,icecrown,1687,rogue,subtlety,59,31,28
Îzu,ysera,1685,rogue,subtlety,86,49,37
Aman,frostmourne,1683,rogue,subtlety,59,36,23
Nugator,illidan,1681,rogue,subtlety,30,18,12
Xvic,bleeding-hollow,1680,rogue,subtlety,46,26,20
Ateabug,wyrmrest-accord,1678,rogue,subtlety,63,34,29
Blakezilla,tichondrius,1677,rogue,subtlety,78,45,33
Akorag,area-52,1676,rogue,subtlety,36,27,9
Tiladar,tichondrius,1676,rogue,subtlety,42,22,20
Pxb,sargeras,1676,rogue,subtlety,106,48,58
Cbdoil,proudmoore,1675,rogue,subtlety,54,30,24
Zaszune,stormrage,1674,rogue,subtlety,95,54,41
Assassìn,moon-guard,1674,rogue,subtlety,199,105,94
Haiev,tichondrius,1672,rogue,subtlety,90,46,44
Originalfake,sargeras,1670,rogue,subtlety,63,33,30
Energy,auchindoun,1669,rogue,subtlety,80,48,32
Vacui,area-52,1668,rogue,subtlety,62,36,26
Åer,dalaran,1668,rogue,subtlety,217,116,101
Errorless,moon-guard,1666,rogue,subtlety,107,61,46
Köfy,quelthalas,1666,rogue,subtlety,74,40,34
Faelanna,stormrage,1662,rogue,subtlety,133,71,62
Ziyanbaby,thunderlord,1658,rogue,subtlety,67,41,26
Frez,amanthul,1656,rogue,subtlety,57,35,22
Rogsky,tichondrius,1656,rogue,subtlety,42,20,22
Camlaw,area-52,1655,rogue,subtlety,90,52,38
Welinth,thunderlord,1654,rogue,subtlety,141,76,65
Siyeong,tichondrius,1653,rogue,subtlety,102,59,43
Spookyboogie,aegwynn,1651,rogue,subtlety,106,58,48
Ðankbud,barthilas,1649,rogue,subtlety,39,19,20
Axtually,proudmoore,1647,rogue,subtlety,156,81,75
Tigerinu,stormreaver,1647,rogue,subtlety,85,44,41
Amonn,arthas,1643,rogue,subtlety,141,71,70
Saintt,khaz-modan,1642,rogue,subtlety,73,50,23
Yesua,ragnaros,1642,rogue,subtlety,392,198,194
Nuhiva,tichondrius,1639,rogue,subtlety,103,50,53
Mutingall,tichondrius,1638,rogue,subtlety,35,23,12
Stunz,mugthol,1636,rogue,subtlety,127,77,50
Fence,moon-guard,1635,rogue,subtlety,48,28,20
Bezeta,azralon,1635,rogue,subtlety,287,152,135
Saltypwncake,illidan,1635,rogue,subtlety,53,27,26
Tmskitsou,tichondrius,1634,rogue,subtlety,34,20,14
Alts,tichondrius,1634,rogue,subtlety,42,23,19
Psÿchð,azralon,1633,rogue,subtlety,42,24,18
Steef,arygos,1631,rogue,subtlety,108,62,46
Nicoaa,tichondrius,1631,rogue,subtlety,194,99,95
Garrotte,tichondrius,1631,rogue,subtlety,140,67,73
Frusciante,nemesis,1630,rogue,subtlety,90,52,38
Antonines,tichondrius,1628,rogue,subtlety,24,17,7
Shreddér,tichondrius,1628,rogue,subtlety,41,20,21
Whooxx,khazgoroth,1627,rogue,subtlety,36,19,17
Linkzq,frostmourne,1625,rogue,subtlety,65,33,32
Frazz,ragnaros,1625,rogue,subtlety,54,26,28
Insanctus,malganis,1623,rogue,subtlety,34,22,12
Gptcodeplay,tichondrius,1622,rogue,subtlety,36,25,11
Tarny,illidan,1622,rogue,subtlety,106,51,55
Fancen,drakthul,1619,rogue,subtlety,60,35,25
Genève,dreadmaul,1619,rogue,subtlety,60,35,25
Eekz,sargeras,1619,rogue,subtlety,339,173,166
Bruitzygg,barthilas,1619,rogue,subtlety,44,20,24
Goatforsale,tichondrius,1618,rogue,subtlety,66,40,26
Neonjk,ragnaros,1618,rogue,subtlety,78,43,35
Fela,crushridge,1618,rogue,subtlety,202,105,97
Vyrenn,destromath,1618,rogue,subtlety,127,63,64
Cerut,illidan,1617,rogue,subtlety,70,40,30
Murked,barthilas,1615,rogue,subtlety,87,53,34
Bledstepelin,frostmourne,1615,rogue,subtlety,35,19,16
Astroz,sargeras,1615,rogue,subtlety,42,21,21
Nightthug,tichondrius,1615,rogue,subtlety,48,23,25
Esmeraldas,frostmourne,1613,rogue,subtlety,77,39,38
Spötty,stormrage,1612,rogue,subtlety,30,17,13
Horyx,zuljin,1611,rogue,subtlety,39,23,16
Sparqxx,tichondrius,1611,rogue,subtlety,116,64,52
Ozzinton,kelthuzad,1609,rogue,subtlety,30,17,13
Lululee,tichondrius,1609,rogue,subtlety,63,28,35
Cut,ragnaros,1608,rogue,subtlety,157,80,77
Jokerr,proudmoore,1607,rogue,subtlety,60,30,30
Piscís,sargeras,1606,rogue,subtlety,60,31,29
Kazzo,tichondrius,1605,rogue,subtlety,51,35,16
Snoogly,tichondrius,1605,rogue,subtlety,101,51,50
Mitsurí,sargeras,1604,rogue,subtlety,30,19,11
Humphugull,skullcrusher,1604,rogue,subtlety,101,51,50
Misthios,chogall,1604,rogue,subtlety,41,19,22
Weenies,illidan,1603,rogue,subtlety,101,57,44
Taidath,area-52,1603,rogue,subtlety,42,20,22
Karmagoodttv,stormrage,1602,rogue,subtlety,34,22,12
Whoô,khazgoroth,1600,rogue,subtlety,96,52,44
Hayzarc,malfurion,1598,rogue,subtlety,42,21,21
Roguetrix,stormrage,1598,rogue,subtlety,197,95,102
Kalvish,dalaran,1597,rogue,subtlety,29,17,12
Lilshortyaya,stormrage,1596,rogue,subtlety,39,23,16
Alaeá,stormrage,1595,rogue,subtlety,36,17,19
Abssall,tichondrius,1594,rogue,subtlety,30,19,11
Unshut,tichondrius,1588,rogue,subtlety,30,19,11
Wowcode,tichondrius,1587,rogue,subtlety,56,28,28
Cuizhudi,tichondrius,1586,rogue,subtlety,78,44,34
Mtvcribs,emerald-dream,1586,rogue,subtlety,49,27,22
Wowamaze,aegwynn,1584,rogue,subtlety,124,67,57
Preceptor,azralon,1584,rogue,subtlety,134,66,68
Laaggul,tichondrius,1581,rogue,subtlety,36,21,15
Mosedz,tichondrius,1579,rogue,subtlety,82,49,33
Gardianstep,stormrage,1579,rogue,subtlety,72,37,35
Freshcakes,darkspear,1577,rogue,subtlety,36,20,16
Jolly,frostmourne,1572,rogue,subtlety,112,62,50
Cheapdeal,frostmourne,1572,rogue,subtlety,72,34,38
Jibdorf,destromath,1571,rogue,subtlety,60,38,22
Furt,frostmourne,1567,rogue,subtlety,56,28,28
Overdríver,emerald-dream,1566,rogue,subtlety,36,17,19
Trizin,frostmourne,1563,rogue,subtlety,90,48,42
Wiman,quelthalas,1559,rogue,subtlety,48,23,25
Turec,illidan,1558,rogue,subtlety,35,17,18
Ninetaildfox,arthas,1555,rogue,subtlety,24,17,7
Rosoma,kelthuzad,1555,rogue,subtlety,81,44,37
Grelinho,stormrage,1554,rogue,subtlety,66,26,40
Clicksbtns,area-52,1553,rogue,subtlety,60,30,30
Mayhemghost,rexxar,1552,rogue,subtlety,78,44,34
Qq,doomhammer,1552,rogue,subtlety,54,28,26
Rufian,ursin,1550,rogue,subtlety,82,44,38
Termkilledu,moon-guard,1549,rogue,subtlety,283,156,127
Usernameqtxo,kelthuzad,1549,rogue,subtlety,141,72,69
Shigoo,sargeras,1549,rogue,subtlety,53,26,27
Seaki,illidan,1547,rogue,subtlety,47,24,23
Bombman,tichondrius,1547,rogue,subtlety,143,69,74
Bobbyflay,velen,1546,rogue,subtlety,30,18,12
Nargonis,illidan,1546,rogue,subtlety,74,42,32
Swingonya,stormrage,1546,rogue,subtlety,30,17,13
Techie,frostmane,1546,rogue,subtlety,80,42,38
Satanicrizz,tichondrius,1545,rogue,subtlety,54,26,28
Pressuret,frostmourne,1544,rogue,subtlety,64,39,25
Kinbaal,bleeding-hollow,1544,rogue,subtlety,48,29,19
Kolander,tichondrius,1544,rogue,subtlety,76,43,33
Sandorroguee,stormrage,1544,rogue,subtlety,36,18,18
Wongski,darkspear,1543,rogue,subtlety,44,30,14
Mesqeets,kelthuzad,1542,rogue,subtlety,58,34,24
Plado,tichondrius,1542,rogue,subtlety,91,49,42
Prrey,hydraxis,1541,rogue,subtlety,133,61,72
Klawz,norgannon,1540,rogue,subtlety,65,35,30
Saulgoodz,tichondrius,1540,rogue,subtlety,77,39,38
Zeiss,tichondrius,1539,rogue,subtlety,89,40,49
Threeplates,silvermoon,1538,rogue,subtlety,111,59,52
Clownboots,tichondrius,1538,rogue,subtlety,145,72,73
Ghyile,stormreaver,1532,rogue,subtlety,60,29,31
Eviscerator,moon-guard,1532,rogue,subtlety,113,51,62
Tapwaterx,illidan,1527,rogue,subtlety,114,56,58
Dogpaws,moon-guard,1526,rogue,subtlety,70,39,31
Eridian,tichondrius,1525,rogue,subtlety,127,65,62
ßeep,windrunner,1525,rogue,subtlety,48,24,24
Axerax,draka,1525,rogue,subtlety,48,24,24
Oj,frostmourne,1524,rogue,subtlety,30,17,13
Corde,hyjal,1523,rogue,subtlety,32,20,12
Kløud,uther,1523,rogue,subtlety,60,36,24
Dissociated,stormrage,1523,rogue,subtlety,47,17,30
Skoalr,thrall,1522,rogue,subtlety,124,71,53
Jmaxx,wyrmrest-accord,1522,rogue,subtlety,56,30,26
Gladlol,stormrage,1522,rogue,subtlety,36,16,20
Pootymunchin,daggerspine,1520,rogue,subtlety,42,21,21
Incognitony,proudmoore,1520,rogue,subtlety,61,25,36
Jon,the-venture-co,1519,rogue,subtlety,30,16,14
Beatcat,tichondrius,1519,rogue,subtlety,66,35,31
Vanvanlords,azralon,1517,rogue,subtlety,113,57,56
Greasybbsea,illidan,1517,rogue,subtlety,164,82,82
Whispx,malganis,1517,rogue,subtlety,36,18,18
Krolczz,tichondrius,1515,rogue,subtlety,129,75,54
Evaru,tichondrius,1515,rogue,subtlety,30,16,14
Ricros,bleeding-hollow,1515,rogue,subtlety,49,25,24
Ieu,tichondrius,1514,rogue,subtlety,24,16,8
Killmebaby,lightnings-blade,1514,rogue,subtlety,54,29,25
Broddz,sargeras,1512,rogue,subtlety,54,30,24
Klâng,tichondrius,1511,rogue,subtlety,196,100,96
Galaxybrain,icecrown,1509,rogue,subtlety,138,85,53
Lilshanker,tichondrius,1509,rogue,subtlety,116,57,59
Tootsio,tichondrius,1508,rogue,subtlety,61,30,31
Morriz,tichondrius,1505,rogue,subtlety,84,52,32
Hmmkek,frostmourne,1503,rogue,subtlety,53,32,21
Zernaz,thrall,1503,rogue,subtlety,114,59,55
Athletik,tichondrius,1502,rogue,subtlety,30,17,13
Illmatíc,kelthuzad,1502,rogue,subtlety,29,16,13
Cheepz,emerald-dream,1500,rogue,subtlety,30,17,13
Noxik,blackrock,1500,rogue,subtlety,214,118,96
Sevrow,wyrmrest-accord,1500,rogue,subtlety,49,26,23
Scenna,stormrage,1499,rogue,subtlety,108,49,59
Grinjuk,area-52,1497,rogue,subtlety,59,32,27
Taliwis,burning-blade,1497,rogue,subtlety,48,21,27
Steffmaister,tichondrius,1495,rogue,subtlety,40,24,16
Lyfallah,proudmoore,1494,rogue,subtlety,177,100,77
Fkrueger,thrall,1493,rogue,subtlety,102,56,46
Revelationzz,turalyon,1493,rogue,subtlety,156,78,78
Sit,frostwolf,1492,rogue,subtlety,70,39,31
Lagault,muradin,1491,rogue,subtlety,121,72,49
Danielsylerr,drakkari,1491,rogue,subtlety,72,30,42
Slap,icecrown,1491,rogue,subtlety,48,20,28
Hotcarl,kiljaeden,1490,rogue,subtlety,58,33,25
Xvds,tichondrius,1490,rogue,subtlety,71,33,38
Abacura,moon-guard,1489,rogue,subtlety,148,83,65
Saraelith,moon-guard,1489,rogue,subtlety,75,42,33
Delphyax,azralon,1489,rogue,subtlety,30,16,14
Hakuchi,tichondrius,1489,rogue,subtlety,117,61,56
Aghanaar,burning-legion,1488,rogue,subtlety,56,27,29
Flattsr,tichondrius,1487,rogue,subtlety,36,19,17
Woollord,frostmourne,1484,rogue,subtlety,90,50,40
Guiguzidr,illidan,1483,rogue,subtlety,170,96,74
Bugser,tichondrius,1483,rogue,subtlety,102,54,48
Yurkarogue,tichondrius,1481,rogue,subtlety,24,17,7
Bswagx,illidan,1481,rogue,subtlety,84,41,43
Swanl,stormrage,1480,rogue,subtlety,83,45,38
ßecomeðeath,tichondrius,1480,rogue,subtlety,65,34,31
Neilyo,barthilas,1480,rogue,subtlety,119,62,57
Pichichi,frostmourne,1479,rogue,subtlety,75,44,31
Kainm,stormrage,1479,rogue,subtlety,308,159,149
Zhuodouqiaga,tichondrius,1479,rogue,subtlety,46,19,27
Jinglez,frostmourne,1478,rogue,subtlety,36,22,14
Ironfistofcn,tichondrius,1478,rogue,subtlety,82,47,35
Twotimed,magtheridon,1478,rogue,subtlety,71,39,32
Greasymarheo,area-52,1472,rogue,subtlety,85,41,44
Roguechamp,aggramar,1471,rogue,subtlety,41,20,21
Pince,black-dragonflight,1470,rogue,subtlety,39,22,17
Cutx,frostmourne,1470,rogue,subtlety,46,25,21
Ikerz,tichondrius,1469,rogue,subtlety,37,20,17
Ctrlfreak,hellscream,1468,rogue,subtlety,96,55,41
Worrglaive,dalaran,1468,rogue,subtlety,260,134,126
Swiftdeaths,queldorei,1468,rogue,subtlety,74,37,37
Kaliasteddin,area-52,1467,rogue,subtlety,80,40,40
Xandroesh,darkspear,1462,rogue,subtlety,60,34,26
Oldgate,azralon,1462,rogue,subtlety,41,23,18
Toxsith,tichondrius,1459,rogue,subtlety,74,43,31
Deadguys,tichondrius,1459,rogue,subtlety,84,44,40
Wowtheskill,illidan,1459,rogue,subtlety,66,32,34
Stankyx,bleeding-hollow,1457,rogue,subtlety,102,55,47
Backshøtz,tichondrius,1457,rogue,subtlety,41,21,20
Mcnastier,dunemaul,1453,rogue,subtlety,30,19,11
Trucidovaco,daggerspine,1449,rogue,subtlety,88,40,48
Tamsy,the-forgotten-coast,1448,rogue,subtlety,27,19,8
Speedboi,skullcrusher,1448,rogue,subtlety,182,103,79
Loquen,ragnaros,1445,rogue,subtlety,123,67,56
Axiy,stormrage,1445,rogue,subtlety,68,36,32
Géminis,sargeras,1444,rogue,subtlety,30,17,13
Luolan,kargath,1443,rogue,subtlety,78,41,37
Rougething,bleeding-hollow,1443,rogue,subtlety,72,35,37
Bloodylegend,altar-of-storms,1442,rogue,subtlety,36,21,15
Murlu,silver-hand,1442,rogue,subtlety,30,17,13
Huskyi,dalaran,1442,rogue,subtlety,66,31,35
Clownvish,dalaran,1440,rogue,subtlety,18,15,3
Kents,tichondrius,1438,rogue,subtlety,36,15,21
Calebrogue,illidan,1436,rogue,subtlety,24,15,9
Escapeartist,darkspear,1435,rogue,subtlety,24,15,9
Leftyleaf,proudmoore,1435,rogue,subtlety,42,25,17
Stanley,mugthol,1435,rogue,subtlety,81,46,35
Luradfate,dalaran,1433,rogue,subtlety,349,178,171
Tulis,frostmourne,1432,rogue,subtlety,186,106,80
Bakedpotato,garithos,1432,rogue,subtlety,96,50,46
Blinky,blades-edge,1432,rogue,subtlety,48,24,24
Dismayx,tichondrius,1432,rogue,subtlety,45,22,23
Nítzy,quelthalas,1432,rogue,subtlety,66,30,36
Epipenqt,dark-iron,1431,rogue,subtlety,42,26,16
Hunchó,area-52,1431,rogue,subtlety,77,44,33
Clayton,frostmourne,1430,rogue,subtlety,79,42,37
Drsinz,tichondrius,1430,rogue,subtlety,95,45,50
Hykoo,tichondrius,1428,rogue,subtlety,96,46,50
Vigílant,proudmoore,1426,rogue,subtlety,114,55,59
Aszombie,tichondrius,1425,rogue,subtlety,24,16,8
Lazzi,tichondrius,1424,rogue,subtlety,24,18,6
Lyapunov,tichondrius,1424,rogue,subtlety,48,22,26
Superharry,tichondrius,1422,rogue,subtlety,90,47,43
Kibbs,korgath,1422,rogue,subtlety,60,30,30
Smolblade,nordrassil,1422,rogue,subtlety,35,17,18
Lisnp,tichondrius,1420,rogue,subtlety,254,127,127
Zefeckz,tichondrius,1420,rogue,subtlety,59,29,30
Hellainuis,kelthuzad,1420,rogue,subtlety,47,16,31
Luriél,stormrage,1419,rogue,subtlety,40,24,16
Stêf,zuljin,1418,rogue,subtlety,115,70,45
Tolthe,hyjal,1418,rogue,subtlety,80,40,40
Rigotak,illidan,1418,rogue,subtlety,131,65,66
Mistnazgul,quelthalas,1416,rogue,subtlety,166,90,76
Quinity,wyrmrest-accord,1416,rogue,subtlety,234,119,115
Goopthicc,sargeras,1414,rogue,subtlety,55,19,36
Raqed,eredar,1413,rogue,subtlety,36,20,16
Scallywag,illidan,1411,rogue,subtlety,44,24,20
Arakine,uldaman,1410,rogue,subtlety,44,30,14
Fulkrem,wyrmrest-accord,1410,rogue,subtlety,74,34,40
Smormu,bonechewer,1410,rogue,subtlety,42,18,24
Pleodonis,tichondrius,1409,rogue,subtlety,124,63,61
Morpheûs,tichondrius,1408,rogue,subtlety,82,40,42
Revenantss,moon-guard,1406,rogue,subtlety,30,15,15
Neuschurke,warsong,1404,rogue,subtlety,54,30,24
Cv,proudmoore,1404,rogue,subtlety,42,23,19
Lurios,rivendare,1403,rogue,subtlety,174,86,88
Jirokun,illidan,1402,rogue,subtlety,36,16,20
Shilaya,dreadmaul,1400,rogue,subtlety,54,23,31
Fystrong,kelthuzad,1399,rogue,subtlety,30,15,15
Hickery,frostmourne,1396,rogue,subtlety,36,21,15
Harlyfknquin,jubeithos,1396,rogue,subtlety,154,83,71
Eryx,mugthol,1395,rogue,subtlety,52,34,18
Leprocy,tichondrius,1395,rogue,subtlety,28,18,10
Lilplato,area-52,1395,rogue,subtlety,24,15,9
Pãx,stormrage,1395,rogue,subtlety,24,15,9
Yanh,tichondrius,1395,rogue,subtlety,36,16,20
Orîon,scilla,1393,rogue,subtlety,42,23,19
Nuff,emerald-dream,1393,rogue,subtlety,28,15,13
Lilstab,hakkar,1392,rogue,subtlety,155,83,72
Oksanaastan,tichondrius,1392,rogue,subtlety,83,35,48
Manersi,akama,1391,rogue,subtlety,25,15,10
Fofree,hyjal,1389,rogue,subtlety,76,41,35
Sapyalater,thrall,1389,rogue,subtlety,210,108,102
Weckful,kelthuzad,1388,rogue,subtlety,53,29,24
Täy,thrall,1388,rogue,subtlety,128,67,61
Odelöt,drakkari,1387,rogue,subtlety,108,59,49
Sgtbuttfat,dalaran,1385,rogue,subtlety,47,23,24
Najohn,tichondrius,1384,rogue,subtlety,42,20,22
Raymga,tichondrius,1383,rogue,subtlety,60,36,24
Nooz,thrall,1382,rogue,subtlety,107,62,45
Shaoriel,zuljin,1380,rogue,subtlety,24,15,9
Søprøle,ragnaros,1380,rogue,subtlety,98,57,41
Bossrogue,tichondrius,1378,rogue,subtlety,43,18,25
Gøblìn,tichondrius,1377,rogue,subtlety,156,67,89
Pikabuu,bleeding-hollow,1377,rogue,subtlety,75,32,43
Secrettecbot,barthilas,1375,rogue,subtlety,48,25,23
Hahaurblind,perenolde,1375,rogue,subtlety,83,43,40
Gloòm,stormrage,1373,rogue,subtlety,24,16,8
Lozion,malganis,1372,rogue,subtlety,54,25,29
Sabedoria,barthilas,1368,rogue,subtlety,124,66,58
Jujudaddy,sargeras,1367,rogue,subtlety,87,46,41
Suhwooh,area-52,1366,rogue,subtlety,67,37,30
Lapuamagnum,illidan,1366,rogue,subtlety,36,16,20
Tonjuras,uther,1365,rogue,subtlety,60,33,27
Orteker,tichondrius,1365,rogue,subtlety,135,67,68
Natalya,stormreaver,1362,rogue,subtlety,23,15,8
Jadier,emerald-dream,1361,rogue,subtlety,47,24,23
Emrogr,tichondrius,1360,rogue,subtlety,81,44,37
Nihue,terenas,1360,rogue,subtlety,72,35,37
Chãlons,tichondrius,1360,rogue,subtlety,108,51,57
Eraticrogue,illidan,1360,rogue,subtlety,53,23,30
Thejizz,kiljaeden,1359,rogue,subtlety,42,20,22
Twinkrogue,firetree,1358,rogue,subtlety,36,19,17
Vaith,wyrmrest-accord,1358,rogue,subtlety,85,39,46
Ambushr,tichondrius,1352,rogue,subtlety,90,53,37
Denoms,area-52,1351,rogue,subtlety,60,26,34
Overzz,azralon,1344,rogue,subtlety,57,29,28
Helzzit,ragnaros,1343,rogue,subtlety,38,22,16
Zenshin,tichondrius,1343,rogue,subtlety,67,30,37
Lycanthropì,illidan,1342,rogue,subtlety,18,14,4
Xaidra,bleeding-hollow,1342,rogue,subtlety,29,15,14
Sketchyweas,sargeras,1342,rogue,subtlety,44,17,27
Peaches,akama,1341,rogue,subtlety,24,14,10
Darkìs,tichondrius,1341,rogue,subtlety,42,20,22
Corrier,tichondrius,1340,rogue,subtlety,24,14,10
Brangs,ragnaros,1340,rogue,subtlety,63,30,33
Venace,agamaggan,1339,rogue,subtlety,46,23,23
Adept,whisperwind,1338,rogue,subtlety,24,14,10
Notxerian,stormrage,1338,rogue,subtlety,24,14,10
Spacebase,illidan,1337,rogue,subtlety,24,14,10
Maløkeirø,stormrage,1337,rogue,subtlety,126,63,63
Progeriagodx,darkspear,1336,rogue,subtlety,24,14,10
Dtelkham,tichondrius,1336,rogue,subtlety,48,21,27
Sícarii,emerald-dream,1335,rogue,subtlety,54,31,23
Donnice,area-52,1335,rogue,subtlety,30,15,15
Brendantko,arthas,1334,rogue,subtlety,30,14,16
Gnomerogue,sargeras,1333,rogue,subtlety,63,33,30
Demìurge,tichondrius,1333,rogue,subtlety,111,50,61
Zôliath,tichondrius,1333,rogue,subtlety,46,17,29
Narcoleptic,dalaran,1332,rogue,subtlety,121,58,63
Faxingberlin,skullcrusher,1332,rogue,subtlety,72,32,40
Xalsathoth,sargeras,1326,rogue,subtlety,30,15,15
Vex,durotan,1325,rogue,subtlety,36,15,21
Hollowshade,hydraxis,1323,rogue,subtlety,30,16,14
Riggz,burning-blade,1323,rogue,subtlety,115,60,55
Dustt,stormrage,1322,rogue,subtlety,30,21,9
Lagula,ragnaros,1320,rogue,subtlety,35,24,11
Peacetou,kelthuzad,1320,rogue,subtlety,36,14,22
Falt,tichondrius,1319,rogue,subtlety,28,17,11
Hollfex,nemesis,1318,rogue,subtlety,66,35,31
Gankolicious,nerzhul,1317,rogue,subtlety,18,14,4
Vyserate,malfurion,1317,rogue,subtlety,36,15,21
Coh,sargeras,1315,rogue,subtlety,30,14,16
Pgo,tichondrius,1310,rogue,subtlety,42,25,17
Crÿptø,azralon,1310,rogue,subtlety,36,17,19
Aoki,tichondrius,1303,rogue,subtlety,31,14,17
Quickxsilver,tichondrius,1301,rogue,subtlety,108,54,54
Învîsîßull,illidan,1301,rogue,subtlety,34,14,20
Rezy,lightbringer,1300,rogue,subtlety,59,19,40
Roguekofwa,tichondrius,1298,rogue,subtlety,36,14,22
Rykojin,dalaran,1295,rogue,subtlety,93,52,41
Kidneyisntop,illidan,1294,rogue,subtlety,125,58,67
Thugspice,stormrage,1293,rogue,subtlety,121,61,60
Pocketman,barthilas,1293,rogue,subtlety,71,30,41
Wiðôw,area-52,1293,rogue,subtlety,54,22,32
Orangez,malfurion,1289,rogue,subtlety,36,21,15
Bloodraina,hyjal,1289,rogue,subtlety,207,102,105
Gothblade,malganis,1285,rogue,subtlety,36,19,17
Vellkann,azralon,1284,rogue,subtlety,30,21,9
Oatmealcrisp,thrall,1284,rogue,subtlety,36,21,15
Oilyrock,tichondrius,1284,rogue,subtlety,78,44,34
Brocolini,zuljin,1284,rogue,subtlety,48,25,23
Kahlx,azralon,1284,rogue,subtlety,102,47,55
Khorgan,mugthol,1283,rogue,subtlety,42,20,22
Liryth,lightninghoof,1281,rogue,subtlety,51,29,22
Ikmagine,icecrown,1281,rogue,subtlety,42,17,25
Miraclesap,stormrage,1279,rogue,subtlety,255,140,115
Shellby,tichondrius,1277,rogue,subtlety,92,49,43
Macsap,frostmourne,1277,rogue,subtlety,66,35,31
Sapùwú,stormrage,1277,rogue,subtlety,112,56,56
Bõjack,stormrage,1277,rogue,subtlety,31,15,16
Sighzy,sargeras,1277,rogue,subtlety,84,28,56
Sahima,tichondrius,1276,rogue,subtlety,254,131,123
Felistrien,wyrmrest-accord,1272,rogue,subtlety,116,52,64
Jdmg,azralon,1271,rogue,subtlety,34,20,14
Hypermix,tichondrius,1271,rogue,subtlety,54,25,29
Merek,scarlet-crusade,1270,rogue,subtlety,42,20,22
Pegglerogue,fizzcrank,1268,rogue,subtlety,202,97,105
Mcromance,khadgar,1268,rogue,subtlety,75,34,41
Chuckydoll,sargeras,1268,rogue,subtlety,36,15,21
Dionavelynn,area-52,1267,rogue,subtlety,42,19,23
Flockavelli,zuljin,1266,rogue,subtlety,85,41,44
Pargo,quelthalas,1266,rogue,subtlety,67,30,37
Draef,illidan,1263,rogue,subtlety,27,15,12
Vangroen,quelthalas,1261,rogue,subtlety,42,27,15
Meer,balnazzar,1260,rogue,subtlety,78,51,27
Kawagreen,tichondrius,1260,rogue,subtlety,51,27,24
Xoltin,tichondrius,1258,rogue,subtlety,80,36,44
Smertin,area-52,1255,rogue,subtlety,57,28,29
Variat,azralon,1255,rogue,subtlety,78,38,40
Gyrfalcon,spirestone,1253,rogue,subtlety,216,107,109
Poozzels,frostmourne,1251,rogue,subtlety,24,15,9
Xleo,drakkari,1251,rogue,subtlety,220,107,113
Arbitér,moonrunner,1250,rogue,subtlety,64,25,39
Noriel,dathremar,1249,rogue,subtlety,54,29,25
Frèyjä,bleeding-hollow,1249,rogue,subtlety,215,110,105
Tmpikaboo,tichondrius,1248,rogue,subtlety,18,13,5
Ballflicker,malganis,1248,rogue,subtlety,47,19,28
Vap,azralon,1246,rogue,subtlety,72,32,40
Kalamarii,stormrage,1246,rogue,subtlety,53,21,32
Seshtime,tichondrius,1245,rogue,subtlety,18,13,5
Eversincee,illidan,1245,rogue,subtlety,27,14,13
Mylovejunex,tichondrius,1244,rogue,subtlety,18,13,5
Iilewisii,mannoroth,1244,rogue,subtlety,48,26,22
Endlesswaltz,zuljin,1243,rogue,subtlety,30,13,17
Towncar,kelthuzad,1242,rogue,subtlety,24,13,11
Moonvertz,barthilas,1242,rogue,subtlety,24,13,11
Vlone,icecrown,1240,rogue,subtlety,30,13,17
Aleh,exodar,1239,rogue,subtlety,24,13,11
Chakal,illidan,1239,rogue,subtlety,24,13,11
Hawwtkunnk,emerald-dream,1237,rogue,subtlety,24,13,11
Stealthkid,tichondrius,1237,rogue,subtlety,24,13,11
Lenik,azuremyst,1236,rogue,subtlety,24,13,11
Poofus,vashj,1236,rogue,subtlety,36,14,22
Pinksleep,sargeras,1234,rogue,subtlety,54,22,32
Tigbits,frostmourne,1233,rogue,subtlety,44,17,27
Oddblade,stormrage,1232,rogue,subtlety,24,14,10
Poolover,barthilas,1232,rogue,subtlety,24,13,11
Sinnister,queldorei,1231,rogue,subtlety,42,24,18
Macraux,kiljaeden,1230,rogue,subtlety,44,23,21
Vuye,moon-guard,1228,rogue,subtlety,77,31,46
Jhors,tichondrius,1227,rogue,subtlety,36,18,18
Johnnymayhem,kelthuzad,1227,rogue,subtlety,30,13,17
Poohpants,frostmourne,1226,rogue,subtlety,99,50,49
Dèàdly,korgath,1225,rogue,subtlety,24,13,11
Hattrìck,area-52,1224,rogue,subtlety,56,28,28
Wokemeup,bleeding-hollow,1223,rogue,subtlety,42,22,20
Abatoire,wyrmrest-accord,1223,rogue,subtlety,79,40,39
Phatlolol,sargeras,1223,rogue,subtlety,34,16,18
Kilerhid,quelthalas,1219,rogue,subtlety,54,17,37
Stuntedscamp,bleeding-hollow,1218,rogue,subtlety,36,13,23
Sxs,kiljaeden,1217,rogue,subtlety,65,34,31
Mendiant,azralon,1216,rogue,subtlety,179,89,90
Geeo,emerald-dream,1216,rogue,subtlety,60,27,33
Trâshy,stormrage,1215,rogue,subtlety,25,14,11
Riezzoo,malfurion,1214,rogue,subtlety,36,19,17
Boredomkills,frostmane,1213,rogue,subtlety,24,13,11
Suffêr,dalaran,1212,rogue,subtlety,58,38,20
Suñg,tichondrius,1211,rogue,subtlety,30,14,16
Harkknight,sargeras,1209,rogue,subtlety,266,142,124
Jagó,malganis,1208,rogue,subtlety,50,27,23
Lesliechow,sargeras,1206,rogue,subtlety,96,57,39
Drapezz,kelthuzad,1206,rogue,subtlety,65,37,28
Dessenia,illidan,1202,rogue,subtlety,90,52,38
Mirajoo,tichondrius,1202,rogue,subtlety,112,52,60
Gougemebaby,emerald-dream,1202,rogue,subtlety,36,15,21
Paraisbae,tichondrius,1200,rogue,subtlety,20,14,6
Abdullahh,tichondrius,1200,rogue,subtlety,57,32,25
Autumnsedge,area-52,1200,rogue,subtlety,73,27,46
Vyla,barthilas,1198,rogue,subtlety,42,21,21
Taroo,ragnaros,1197,rogue,subtlety,71,35,36
Fingolfin,terenas,1197,rogue,subtlety,28,13,15
Vonyx,area-52,1196,rogue,subtlety,42,19,23
Ayo,exodar,1195,rogue,subtlety,44,26,18
Arÿaa,azralon,1190,rogue,subtlety,66,33,33
Bríng,illidan,1186,rogue,subtlety,65,34,31
Sappedwap,thrall,1185,rogue,subtlety,43,24,19
Roxeni,tichondrius,1181,rogue,subtlety,28,13,15
Uchihaputin,tichondrius,1181,rogue,subtlety,30,13,17
Gatõ,quelthalas,1181,rogue,subtlety,60,24,36
Winze,scilla,1176,rogue,subtlety,66,39,27
Nocte,goldrinn,1176,rogue,subtlety,77,33,44
Aynrand,drakkari,1174,rogue,subtlety,105,49,56
Studders,kiljaeden,1172,rogue,subtlety,77,35,42
Keytürns,frostmourne,1172,rogue,subtlety,30,13,17
Writhes,sargeras,1169,rogue,subtlety,20,13,7
Xzert,frostmourne,1164,rogue,subtlety,36,15,21
Dralax,ragnaros,1164,rogue,subtlety,41,13,28
Pro,burning-legion,1162,rogue,subtlety,57,27,30
Kylerxius,korgath,1160,rogue,subtlety,42,23,19
Betrayerz,darkspear,1157,rogue,subtlety,39,21,18
Paulpitation,blood-furnace,1155,rogue,subtlety,39,15,24
Scaal,kelthuzad,1154,rogue,subtlety,50,31,19
Lefteex,tichondrius,1153,rogue,subtlety,88,47,41
Håkünämãtåtä,stormrage,1152,rogue,subtlety,18,12,6
Bèstworld,dalaran,1152,rogue,subtlety,24,12,12
Cloó,tichondrius,1151,rogue,subtlety,18,12,6
Ppdx,malganis,1150,rogue,subtlety,18,12,6
Alrynik,stormrage,1150,rogue,subtlety,24,14,10
Oilydaimon,tichondrius,1150,rogue,subtlety,77,37,40
Pilz,malganis,1150,rogue,subtlety,48,21,27
Elmabrox,quelthalas,1150,rogue,subtlety,63,27,36
Tizzyb,bleeding-hollow,1149,rogue,subtlety,24,12,12
Chainsarogue,stormrage,1149,rogue,subtlety,24,12,12
Brettmckjnr,saurfang,1149,rogue,subtlety,37,17,20
Teamskitsou,tichondrius,1148,rogue,subtlety,12,12,0
Itskanashi,frostmourne,1148,rogue,subtlety,81,36,45
Terpsaucey,tichondrius,1148,rogue,subtlety,42,14,28
Dawkx,thrall,1147,rogue,subtlety,25,13,12
Jalaroot,frostmourne,1146,rogue,subtlety,29,16,13
Wongcha,darkspear,1146,rogue,subtlety,24,12,12
Dezly,tichondrius,1146,rogue,subtlety,42,12,30
Hiarolson,stormrage,1145,rogue,subtlety,49,22,27
Codeplay,tichondrius,1144,rogue,subtlety,24,12,12
Kaminokage,barthilas,1144,rogue,subtlety,45,15,30
Yesuz,illidan,1143,rogue,subtlety,34,19,15
Hattorikun,proudmoore,1142,rogue,subtlety,24,12,12
Dyane,gilneas,1141,rogue,subtlety,164,81,83
Smokepipe,nerzhul,1139,rogue,subtlety,24,14,10
Arwy,stormrage,1139,rogue,subtlety,25,14,11
Unholydood,bonechewer,1138,rogue,subtlety,24,12,12
Zetkx,tichondrius,1138,rogue,subtlety,24,12,12
Snewdaddy,malganis,1136,rogue,subtlety,24,12,12
Smashol,barthilas,1136,rogue,subtlety,54,23,31
Salätzar,quelthalas,1135,rogue,subtlety,27,13,14
Gank,jubeithos,1134,rogue,subtlety,24,12,12
Raidei,elune,1134,rogue,subtlety,24,12,12
Bladefang,quelthalas,1131,rogue,subtlety,27,16,11
Micromoon,windrunner,1131,rogue,subtlety,36,13,23
Zavrus,kelthuzad,1130,rogue,subtlety,24,12,12
Ninjadoo,tichondrius,1128,rogue,subtlety,18,12,6
Darkdevilx,tichondrius,1126,rogue,subtlety,36,12,24
Vanishman,ragnaros,1125,rogue,subtlety,30,15,15
Zelzaramor,ravenholdt,1124,rogue,subtlety,40,15,25
Shadownibba,illidan,1123,rogue,subtlety,60,33,27
Doklim,spinebreaker,1122,rogue,subtlety,74,42,32
Esker,dragonmaw,1121,rogue,subtlety,273,138,135
Cutthroat,aegwynn,1121,rogue,subtlety,45,20,25
Valence,firetree,1118,rogue,subtlety,20,13,7
Sildin,sargeras,1116,rogue,subtlety,36,16,20
Cosmogenesis,tichondrius,1114,rogue,subtlety,24,12,12
Defaces,illidan,1111,rogue,subtlety,18,12,6
Witherblade,area-52,1110,rogue,subtlety,18,12,6
Ishtabbedyou,velen,1109,rogue,subtlety,30,12,18
Highwire,stormrage,1108,rogue,subtlety,41,20,21
Lcl,proudmoore,1108,rogue,subtlety,29,12,17
Kelelor,kelthuzad,1108,rogue,subtlety,57,18,39
Zelthy,frostmourne,1107,rogue,subtlety,23,13,10
Marshischunk,illidan,1104,rogue,subtlety,42,14,28
Dagasombria,drakkari,1101,rogue,subtlety,154,77,77
Glíz,bloodscalp,1100,rogue,subtlety,54,28,26
Píxíedúst,black-dragonflight,1100,rogue,subtlety,36,13,23
Nadari,cenarius,1099,rogue,subtlety,85,42,43
Hayatö,ragnaros,1098,rogue,subtlety,54,30,24
Relaxsingh,tichondrius,1098,rogue,subtlety,100,44,56
Stelarstop,drakkari,1098,rogue,subtlety,78,32,46
Abogansterr,ragnaros,1094,rogue,subtlety,195,98,97
Favès,thrall,1094,rogue,subtlety,102,40,62
Prisonshank,arthas,1093,rogue,subtlety,61,36,25
Stunjunky,area-52,1091,rogue,subtlety,29,12,17
Abaløne,tichondrius,1085,rogue,subtlety,61,26,35
Vendettã,skullcrusher,1084,rogue,subtlety,24,14,10
Anbuartist,dalaran,1084,rogue,subtlety,29,12,17
Aelnoor,ragnaros,1083,rogue,subtlety,42,18,24
Aitormenta,ragnaros,1082,rogue,subtlety,42,23,19
Jaanmonty,frostmourne,1081,rogue,subtlety,24,12,12
Zwielicht,quelthalas,1081,rogue,subtlety,30,14,16
Iheyji,quelthalas,1078,rogue,subtlety,72,36,36
Kilrogga,azshara,1074,rogue,subtlety,48,27,21
Zarkans,proudmoore,1073,rogue,subtlety,90,43,47
Peeryl,daggerspine,1071,rogue,subtlety,38,20,18
Imgunnacrumb,malganis,1070,rogue,subtlety,179,85,94
Frostybeers,kelthuzad,1065,rogue,subtlety,102,47,55
Rinestiria,arthas,1064,rogue,subtlety,54,25,29
Ghostlyshade,illidan,1063,rogue,subtlety,18,13,5
Fangskin,dunemaul,1062,rogue,subtlety,42,21,21
Santyno,ragnaros,1060,rogue,subtlety,197,94,103
Sixcombopts,area-52,1056,rogue,subtlety,18,11,7
Nerfretnow,tichondrius,1055,rogue,subtlety,18,11,7
Defthands,tichondrius,1055,rogue,subtlety,18,11,7
Ustunned,stormrage,1054,rogue,subtlety,18,11,7
Elwynë,tichondrius,1054,rogue,subtlety,24,11,13
Toestumper,sargeras,1054,rogue,subtlety,41,15,26
Avizura,dragonmaw,1053,rogue,subtlety,18,11,7
Allirra,ragnaros,1053,rogue,subtlety,68,39,29
Rabe,nagrand,1053,rogue,subtlety,24,11,13
Twnice,tichondrius,1053,rogue,subtlety,30,11,19
Sagatha,bleeding-hollow,1052,rogue,subtlety,18,11,7
Exacerbatê,mannoroth,1052,rogue,subtlety,18,11,7
Boonee,frostmourne,1051,rogue,subtlety,24,11,13
Brilliance,skywall,1051,rogue,subtlety,24,11,13
Skinnymayne,laughing-skull,1051,rogue,subtlety,24,11,13
Roguish,kiljaeden,1051,rogue,subtlety,44,14,30
Distract,quelthalas,1050,rogue,subtlety,18,11,7
Corntens,area-52,1050,rogue,subtlety,20,11,9
Varyk,amanthul,1049,rogue,subtlety,18,11,7
Sîlver,dragonblight,1049,rogue,subtlety,30,11,19
Omgmoon,ragnaros,1048,rogue,subtlety,12,11,1
Liquidmojo,tichondrius,1048,rogue,subtlety,18,11,7
Négrá,ragnaros,1048,rogue,subtlety,18,11,7
Draculà,wyrmrest-accord,1048,rogue,subtlety,153,74,79
Ðarkrøøxs,stormrage,1048,rogue,subtlety,24,11,13
Trolladrão,goldrinn,1048,rogue,subtlety,24,11,13
Mermm,burning-blade,1048,rogue,subtlety,24,11,13
Waytoosext,tichondrius,1048,rogue,subtlety,24,11,13
Cerel,baelgun,1048,rogue,subtlety,98,43,55
Rooke,draktharon,1048,rogue,subtlety,30,11,19
Whothekilla,tichondrius,1047,rogue,subtlety,18,11,7
Sneaknfizzle,dethecus,1047,rogue,subtlety,30,15,15
Atulano,wyrmrest-accord,1045,rogue,subtlety,30,11,19
Laotrec,nemesis,1045,rogue,subtlety,33,12,21
Srmazakre,ragnaros,1044,rogue,subtlety,30,12,18
Olg,arathor,1043,rogue,subtlety,71,36,35
Nikosneako,tichondrius,1043,rogue,subtlety,24,11,13
Roguebasic,frostmourne,1043,rogue,subtlety,54,20,34
Hyperdexia,stormrage,1042,rogue,subtlety,88,47,41
Drpepzi,tichondrius,1042,rogue,subtlety,99,40,59
Prõdigy,blackrock,1041,rogue,subtlety,20,13,7
Lyliym,frostmourne,1041,rogue,subtlety,18,11,7
Soulvex,barthilas,1040,rogue,subtlety,18,11,7
Glatzkaus,shattered-hand,1039,rogue,subtlety,24,11,13
Indivisible,thunderlord,1036,rogue,subtlety,112,54,58
Ohnoyoudont,dragonmaw,1034,rogue,subtlety,18,11,7
Relidria,thrall,1032,rogue,subtlety,36,22,14
Romerick,galakrond,1032,rogue,subtlety,69,24,45
Jeri,gundrak,1027,rogue,subtlety,49,24,25
Silentmoralz,tichondrius,1023,rogue,subtlety,78,32,46
Indiecompany,moon-guard,1021,rogue,subtlety,23,11,12
Topapple,mugthol,1021,rogue,subtlety,30,14,16
Maewyn,aerie-peak,1019,rogue,subtlety,25,11,14
Sneakyshots,emerald-dream,1017,rogue,subtlety,13,11,2
Machinshin,dalaran,1017,rogue,subtlety,42,14,28
Emøtions,darkspear,1016,rogue,subtlety,18,11,7
Fateapocryph,azralon,1014,rogue,subtlety,26,13,13
Wickedstuns,malganis,1013,rogue,subtlety,41,13,28
Bimbogirl,dalaran,1011,rogue,subtlety,52,29,23
Kachimodo,illidan,1010,rogue,subtlety,93,45,48
Skallywagg,emerald-dream,1009,rogue,subtlety,92,45,47
Korviz,area-52,1008,rogue,subtlety,60,30,30
Bloodwish,tichondrius,1007,rogue,subtlety,23,11,12
Topsailor,uther,1006,rogue,subtlety,66,31,35
Ghost,shattered-halls,1006,rogue,subtlety,68,27,41
Log,blackhand,1004,rogue,subtlety,36,18,18
Onara,quelthalas,1003,rogue,subtlety,30,18,12
Kidcudi,bonechewer,1000,rogue,subtlety,48,18,30
Respia,proudmoore,995,rogue,subtlety,26,12,14
Feragho,tichondrius,992,rogue,subtlety,34,11,23
Sadtears,thrall,990,rogue,subtlety,16,11,5
Toe,boulderfist,990,rogue,subtlety,57,29,28
Deathwishx,tichondrius,988,rogue,subtlety,22,11,11
Toxos,tichondrius,987,rogue,subtlety,39,12,27
Trïxxy,stormrage,981,rogue,subtlety,48,21,27
Bubblesr,whisperwind,980,rogue,subtlety,48,22,26
Bootyboo,tichondrius,979,rogue,subtlety,31,20,11
Backstàb,durotan,975,rogue,subtlety,36,20,16
Darthdad,bleeding-hollow,974,rogue,subtlety,42,12,30
Ivanapavlov,kelthuzad,971,rogue,subtlety,53,17,36
Rarkalth,azralon,964,rogue,subtlety,67,23,44
Ascherx,veknilash,960,rogue,subtlety,12,10,2
Lilacdiesel,stormrage,960,rogue,subtlety,12,10,2
Geartrix,darkspear,959,rogue,subtlety,16,11,5
Blakezillax,tichondrius,959,rogue,subtlety,18,10,8
Spaca,kelthuzad,959,rogue,subtlety,18,10,8
Clerncc,emerald-dream,959,rogue,subtlety,18,10,8
Slackness,bleeding-hollow,959,rogue,subtlety,103,54,49
Caldø,tichondrius,958,rogue,subtlety,12,10,2
Sapnfappqt,dalaran,958,rogue,subtlety,15,10,5
Jannie,rexxar,958,rogue,subtlety,18,10,8
Razzoldazzol,tichondrius,958,rogue,subtlety,18,10,8
Lucki,tichondrius,958,rogue,subtlety,18,10,8
Chronisch,area-52,958,rogue,subtlety,24,10,14
Teribád,area-52,957,rogue,subtlety,18,10,8
Reclusivexo,tichondrius,956,rogue,subtlety,24,10,14
Merkules,dalaran,955,rogue,subtlety,16,11,5
Smakkey,tichondrius,955,rogue,subtlety,18,10,8
Seloc,wyrmrest-accord,955,rogue,subtlety,22,11,11
Înfêrnô,emerald-dream,955,rogue,subtlety,24,10,14
Nystee,sargeras,955,rogue,subtlety,24,10,14
Flavored,bloodhoof,955,rogue,subtlety,24,10,14
Poogodx,proudmoore,954,rogue,subtlety,12,10,2
Keepitshadow,frostmourne,953,rogue,subtlety,18,10,8
Kestor,barthilas,953,rogue,subtlety,24,10,14
Beartøøth,stormrage,952,rogue,subtlety,22,12,10
Crucifur,anvilmar,952,rogue,subtlety,24,10,14
Moufwash,sargeras,952,rogue,subtlety,24,10,14
Wolfsfang,frostmourne,951,rogue,subtlety,19,10,9
Tikirum,tichondrius,951,rogue,subtlety,24,10,14
Juanightstnd,bleeding-hollow,950,rogue,subtlety,24,10,14
Burningfury,arthas,950,rogue,subtlety,24,10,14
Wubbz,stormrage,947,rogue,subtlety,12,10,2
Drspreader,area-52,946,rogue,subtlety,21,11,10
Tàlion,emerald-dream,946,rogue,subtlety,30,10,20
Definitioni,area-52,945,rogue,subtlety,19,10,9
Chebs,illidan,944,rogue,subtlety,36,10,26
Vexyz,tichondrius,942,rogue,subtlety,24,10,14
Bignippiez,frostmourne,940,rogue,subtlety,24,10,14
Aruldyr,zuljin,938,rogue,subtlety,31,11,20
Trinktick,doomhammer,931,rogue,subtlety,30,10,20
Blindedu,dalaran,930,rogue,subtlety,24,10,14
Zamji,tichondrius,928,rogue,subtlety,26,12,14
Mcghanhain,aegwynn,927,rogue,subtlety,72,31,41
Reverel,tichondrius,926,rogue,subtlety,22,11,11
Shadowspain,malganis,926,rogue,subtlety,24,10,14
Timat,emerald-dream,924,rogue,subtlety,23,10,13
Poisonstrike,khazgoroth,920,rogue,subtlety,17,10,7
Swayo,tichondrius,920,rogue,subtlety,18,10,8
Rouzh,sargeras,910,rogue,subtlety,17,10,7
Êxx,jubeithos,909,rogue,subtlety,17,10,7
Diox,nemesis,909,rogue,subtlety,23,10,13
Rdt,durotan,909,rogue,subtlety,23,10,13
Deathben,tichondrius,908,rogue,subtlety,71,21,50
Spleen,aerie-peak,906,rogue,subtlety,21,10,11
Riskgo,frostwolf,906,rogue,subtlety,28,12,16
Degrok,quelthalas,902,rogue,subtlety,83,41,42
Undreas,kiljaeden,893,rogue,subtlety,476,234,242
ßackshots,kelthuzad,892,rogue,subtlety,25,11,14
Mhün,malganis,891,rogue,subtlety,22,10,12
Chancelör,illidan,890,rogue,subtlety,18,11,7
Dyverse,stormrage,877,rogue,subtlety,17,12,5
Afghanistan,shuhalo,864,rogue,subtlety,12,9,3
Poonqtxo,frostmourne,864,rogue,subtlety,12,9,3
Slyborg,tichondrius,864,rogue,subtlety,12,9,3
Scythix,firetree,864,rogue,subtlety,12,9,3
Sitdownplz,darkspear,864,rogue,subtlety,15,10,5
Yunaka,grizzly-hills,864,rogue,subtlety,71,25,46
Stopthecap,tichondrius,863,rogue,subtlety,18,9,9
Dairykeen,misha,863,rogue,subtlety,18,9,9
Popss,whisperwind,863,rogue,subtlety,18,9,9
Yanhuaa,illidan,863,rogue,subtlety,18,9,9
Uglysrogue,sargeras,863,rogue,subtlety,18,9,9
Wimpz,hyjal,863,rogue,subtlety,18,9,9
Nemoye,tichondrius,863,rogue,subtlety,18,9,9
Ãnimefãnx,moon-guard,863,rogue,subtlety,18,9,9
Lunatixz,emerald-dream,863,rogue,subtlety,18,9,9
Isonlydosex,tichondrius,863,rogue,subtlety,18,9,9
Jexy,barthilas,863,rogue,subtlety,24,9,15
Heegawn,proudmoore,863,rogue,subtlety,24,9,15
Illoo,frostmourne,863,rogue,subtlety,24,9,15
Rassiter,stonemaul,863,rogue,subtlety,24,9,15
Jácket,area-52,863,rogue,subtlety,30,9,21
Proddivus,stormrage,863,rogue,subtlety,30,9,21
Invokesap,area-52,862,rogue,subtlety,18,9,9
Letsparty,malganis,862,rogue,subtlety,18,9,9
Jamo,kiljaeden,862,rogue,subtlety,18,9,9
Kami,kelthuzad,862,rogue,subtlety,18,9,9
Cosmicò,trollbane,861,rogue,subtlety,12,9,3
Blitzree,thrall,861,rogue,subtlety,12,9,3
Filid,frostmourne,861,rogue,subtlety,18,9,9
Lymon,azralon,861,rogue,subtlety,24,9,15
Lennysnephew,tichondrius,861,rogue,subtlety,24,9,15
Lanres,stormrage,860,rogue,subtlety,12,9,3
Biggisdiggis,tichondrius,860,rogue,subtlety,12,9,3
Christiaan,area-52,860,rogue,subtlety,18,9,9
Beretta,nemesis,860,rogue,subtlety,24,9,15
Larceny,emerald-dream,860,rogue,subtlety,24,9,15
Niujaky,illidan,860,rogue,subtlety,40,11,29
Gaonasi,tichondrius,859,rogue,subtlety,12,9,3
Oío,ragnaros,859,rogue,subtlety,15,10,5
Brand,bonechewer,859,rogue,subtlety,36,9,27
Gannjalord,frostmane,858,rogue,subtlety,22,10,12
Pumpp,dentarg,858,rogue,subtlety,24,9,15
Bubblesrr,whisperwind,857,rogue,subtlety,32,9,23
Calvin,moon-guard,856,rogue,subtlety,18,9,9
Wrekstun,area-52,855,rogue,subtlety,24,9,15
Drekha,tichondrius,854,rogue,subtlety,28,10,18
Lemeeng,uldum,853,rogue,subtlety,60,29,31
Dizzm,area-52,847,rogue,subtlety,12,9,3
Shadowpunx,nemesis,846,rogue,subtlety,12,9,3
Caveil,stormrage,845,rogue,subtlety,17,9,8
Cutindle,illidan,842,rogue,subtlety,18,9,9
Theevaelfie,quelthalas,842,rogue,subtlety,36,9,27
Elßronkas,quelthalas,836,rogue,subtlety,48,21,27
Kerimoynihan,barthilas,833,rogue,subtlety,52,22,30
Ýazim,tichondrius,832,rogue,subtlety,16,9,7
Sorieg,azralon,831,rogue,subtlety,22,11,11
Fearnomore,destromath,819,rogue,subtlety,132,51,81
Xmystery,illidan,812,rogue,subtlety,21,9,12
Raylo,blackhand,807,rogue,subtlety,24,11,13
Vandalyze,sargeras,805,rogue,subtlety,19,10,9
Dogedealer,ragnaros,801,rogue,subtlety,22,11,11
Hezi,area-52,799,rogue,subtlety,11,9,2
Zaghat,ragnaros,799,rogue,subtlety,22,9,13
Grima,azralon,798,rogue,subtlety,20,9,11
Mercaderps,frostmourne,798,rogue,subtlety,33,9,24
Nakedps,garona,797,rogue,subtlety,18,9,9
Sheinnér,ragnaros,797,rogue,subtlety,24,9,15
Trillkage,tichondrius,797,rogue,subtlety,26,9,17
Confianzudo,ragnaros,795,rogue,subtlety,72,31,41
Alexon,wyrmrest-accord,791,rogue,subtlety,95,39,56
Redtvco,blackrock,789,rogue,subtlety,17,9,8
Samllnuts,area-52,789,rogue,subtlety,30,11,19
Treeless,wyrmrest-accord,785,rogue,subtlety,31,11,20
Carnagê,zuljin,772,rogue,subtlety,26,9,17
Cójáx,dalaran,768,rogue,subtlety,12,8,4
Zeenxz,tichondrius,768,rogue,subtlety,12,8,4
Austínrh,sargeras,768,rogue,subtlety,12,8,4
Astutý,illidan,768,rogue,subtlety,12,8,4
Czd,frostmourne,768,rogue,subtlety,12,8,4
Wîzz,bleeding-hollow,768,rogue,subtlety,12,8,4
Nicørøbin,tichondrius,768,rogue,subtlety,12,8,4
Scarablade,bleeding-hollow,768,rogue,subtlety,12,8,4
Commodore,arthas,768,rogue,subtlety,12,8,4
Evilthunder,illidan,768,rogue,subtlety,12,8,4
Khyrax,tichondrius,768,rogue,subtlety,12,8,4
Jòwtzy,ragnaros,768,rogue,subtlety,18,8,10
Nlynn,veknilash,768,rogue,subtlety,18,8,10
Calxnnight,terenas,768,rogue,subtlety,18,8,10
Ascénd,sargeras,768,rogue,subtlety,18,8,10
Bungou,tichondrius,768,rogue,subtlety,18,8,10
Autumn,boulderfist,768,rogue,subtlety,48,19,29
Getfkdkid,tichondrius,768,rogue,subtlety,24,8,16
Swippz,tichondrius,768,rogue,subtlety,24,8,16
Assasinww,sargeras,767,rogue,subtlety,12,8,4
Drunknclapz,bleeding-hollow,767,rogue,subtlety,12,8,4
Kiingspade,tichondrius,767,rogue,subtlety,12,8,4
Gankbang,mugthol,767,rogue,subtlety,12,8,4
Irnoob,ursin,767,rogue,subtlety,18,8,10
Microcore,sargeras,767,rogue,subtlety,18,8,10
Antmang,bleeding-hollow,767,rogue,subtlety,18,8,10
Pwnsauce,frostmourne,767,rogue,subtlety,18,8,10
Ilesire,frostmourne,767,rogue,subtlety,18,8,10
Gloóm,stormrage,767,rogue,subtlety,18,8,10
Subgodx,stormrage,767,rogue,subtlety,18,8,10
Steeldiesel,sargeras,767,rogue,subtlety,18,8,10
Pokekek,stormrage,767,rogue,subtlety,18,8,10
Siyerogue,illidan,767,rogue,subtlety,18,8,10
Candren,area-52,767,rogue,subtlety,24,8,16
Zapstr,bleeding-hollow,766,rogue,subtlety,12,8,4
Ntshaav,illidan,766,rogue,subtlety,18,8,10
Razmir,malfurion,766,rogue,subtlety,18,8,10
Pipit,barthilas,765,rogue,subtlety,16,9,7
Kody,dalaran,765,rogue,subtlety,21,9,12
Yato,mugthol,764,rogue,subtlety,12,8,4
Cron,arygos,764,rogue,subtlety,24,8,16
Subtlepuddle,bleeding-hollow,764,rogue,subtlety,24,8,16
Hhushh,thunderlord,763,rogue,subtlety,18,8,10
Gaiuscaesa,moon-guard,763,rogue,subtlety,24,8,16
Whyumadbrah,shattered-halls,763,rogue,subtlety,24,8,16
Shadonas,maelstrom,763,rogue,subtlety,24,8,16
Wolfmans,trollbane,762,rogue,subtlety,12,8,4
Shivlightnin,tichondrius,762,rogue,subtlety,24,8,16
Takamoto,windrunner,762,rogue,subtlety,24,8,16
Veatrix,zuljin,761,rogue,subtlety,24,8,16
Psychostabby,tichondrius,761,rogue,subtlety,30,8,22
Mhasto,azralon,759,rogue,subtlety,18,8,10
Swisha,dathremar,759,rogue,subtlety,18,8,10
Sathrion,zuljin,758,rogue,subtlety,26,10,16
Roba,quelthalas,754,rogue,subtlety,12,8,4
Nijanari,wyrmrest-accord,754,rogue,subtlety,24,8,16
Screwzx,tichondrius,750,rogue,subtlety,17,8,9
Backstabya,barthilas,739,rogue,subtlety,27,8,19
Phyzzi,kargath,734,rogue,subtlety,23,8,15
Tyroshiv,area-52,732,rogue,subtlety,24,9,15
Dedrater,shadowmoon,728,rogue,subtlety,23,8,15
Reportlowdps,tichondrius,718,rogue,subtlety,11,8,3
Foxolnite,illidan,718,rogue,subtlety,21,8,13
Lerosi,malganis,718,rogue,subtlety,75,21,54
Yurico,zuljin,717,rogue,subtlety,17,8,9
Earkeeper,wildhammer,714,rogue,subtlety,14,9,5
Shadaux,frostmourne,713,rogue,subtlety,23,9,14
Papiplunders,sargeras,687,rogue,subtlety,13,8,5
Uchihà,sargeras,675,rogue,subtlety,29,9,20
Frooty,stormrage,672,rogue,subtlety,12,7,5
Orctheripper,garona,672,rogue,subtlety,12,7,5
Yangsol,stormrage,672,rogue,subtlety,12,7,5
Àsgà,area-52,672,rogue,subtlety,12,7,5
Voldir,cenarion-circle,672,rogue,subtlety,12,7,5
Ascherx,illidan,672,rogue,subtlety,12,7,5
Bloodyhairy,area-52,672,rogue,subtlety,12,7,5
Gertrix,darkspear,672,rogue,subtlety,12,7,5
Syxs,sargeras,672,rogue,subtlety,12,7,5
Djsyn,bleeding-hollow,672,rogue,subtlety,12,7,5
Coughsyrup,sargeras,672,rogue,subtlety,12,7,5
Flaremagnet,whisperwind,672,rogue,subtlety,12,7,5
Slÿborg,tichondrius,672,rogue,subtlety,12,7,5
Dizzymoods,stormrage,672,rogue,subtlety,12,7,5
Adhd,ravencrest,672,rogue,subtlety,12,7,5
Teawhy,zuljin,672,rogue,subtlety,12,7,5
Saraku,barthilas,672,rogue,subtlety,12,7,5
Darkstár,bladefist,672,rogue,subtlety,12,7,5
Bobfoonk,tichondrius,672,rogue,subtlety,12,7,5
Anßu,malganis,672,rogue,subtlety,12,7,5
Feyahni,wyrmrest-accord,672,rogue,subtlety,12,7,5
Joelpinkelit,illidan,672,rogue,subtlety,12,7,5
Xaander,nazjatar,672,rogue,subtlety,12,7,5
Caliph,malganis,672,rogue,subtlety,12,7,5
Joeyzord,stormrage,672,rogue,subtlety,12,7,5
Prepcoin,malganis,672,rogue,subtlety,12,7,5
Loria,cenarion-circle,672,rogue,subtlety,15,8,7
Dycrons,lightbringer,672,rogue,subtlety,18,7,11
Spytes,kiljaeden,672,rogue,subtlety,18,7,11
Andreto,tichondrius,672,rogue,subtlety,18,7,11
Patey,malganis,672,rogue,subtlety,18,7,11
Dupababayaga,stormrage,672,rogue,subtlety,18,7,11
Adao,tichondrius,672,rogue,subtlety,18,7,11
Memoríst,frostmourne,672,rogue,subtlety,18,7,11
Niwbor,azralon,672,rogue,subtlety,24,7,17
Tekrul,area-52,672,rogue,subtlety,30,7,23
Energetìc,stormrage,671,rogue,subtlety,12,7,5
Shadowoog,tichondrius,671,rogue,subtlety,12,7,5
Rhysk,malganis,671,rogue,subtlety,12,7,5
Kidkillz,tichondrius,671,rogue,subtlety,12,7,5
Xemnxnt,stormrage,671,rogue,subtlety,12,7,5
Deadsilenth,daggerspine,671,rogue,subtlety,12,7,5
Sahl,gorgonnash,671,rogue,subtlety,12,7,5
Chokonet,gurubashi,671,rogue,subtlety,12,7,5
Skitnim,tichondrius,671,rogue,subtlety,12,7,5
Calimari,frostmourne,671,rogue,subtlety,18,7,11
Nezumikami,malganis,671,rogue,subtlety,18,7,11
Dhexz,stormrage,671,rogue,subtlety,18,7,11
Sapzz,tichondrius,671,rogue,subtlety,18,7,11
Henya,magtheridon,671,rogue,subtlety,18,7,11
Multik,tichondrius,671,rogue,subtlety,18,7,11
Rógue,aerie-peak,671,rogue,subtlety,18,7,11
Unoshade,illidan,670,rogue,subtlety,12,7,5
Creayuncle,area-52,670,rogue,subtlety,12,7,5
Rictorr,ragnaros,670,rogue,subtlety,18,7,11
Rotjaw,hydraxis,670,rogue,subtlety,18,7,11
Castsequence,khaz-modan,670,rogue,subtlety,18,7,11
Anteccessor,tichondrius,669,rogue,subtlety,18,7,11
Rovvo,queldorei,669,rogue,subtlety,24,7,17
Projectx,tichondrius,668,rogue,subtlety,15,8,7
Aiber,sargeras,667,rogue,subtlety,18,7,11
Chompycat,tichondrius,667,rogue,subtlety,18,7,11
Zapersapp,malygos,666,rogue,subtlety,24,7,17
Schnozz,lightbringer,665,rogue,subtlety,12,7,5
Minnicent,amanthul,661,rogue,subtlety,30,7,23
Gotchabak,stormrage,659,rogue,subtlety,12,7,5
Dritzt,eredar,659,rogue,subtlety,12,7,5
Cerebrian,malygos,658,rogue,subtlety,12,7,5
Jjp,tichondrius,655,rogue,subtlety,17,7,10
Knife,moon-guard,651,rogue,subtlety,24,7,17
Howlrunner,medivh,650,rogue,subtlety,17,8,9
Lemíly,emerald-dream,648,rogue,subtlety,31,11,20
Sodomh,aegwynn,644,rogue,subtlety,65,29,36
Zaozaa,frostmourne,639,rogue,subtlety,14,8,6
Flazy,sargeras,623,rogue,subtlety,11,7,4
Coldkill,bleeding-hollow,623,rogue,subtlety,11,7,4
Undalack,ragnaros,621,rogue,subtlety,21,7,14
Carpe,barthilas,618,rogue,subtlety,24,8,16
Homelanderx,darrowmere,616,rogue,subtlety,23,9,14
Namig,cenarion-circle,608,rogue,subtlety,10,7,3
Wildtrick,greymane,585,rogue,subtlety,37,9,28
Deadshank,bleeding-hollow,576,rogue,subtlety,6,6,0
Donçorleone,stormrage,576,rogue,subtlety,6,6,0
Homarx,quelthalas,576,rogue,subtlety,10,7,3
Fkq,emerald-dream,576,rogue,subtlety,12,6,6
Preemptive,emerald-dream,576,rogue,subtlety,12,6,6
Yippykiyay,tichondrius,576,rogue,subtlety,12,6,6
Tmpikaboo,mugthol,576,rogue,subtlety,12,6,6
Revila,bleeding-hollow,576,rogue,subtlety,12,6,6
Avelmire,sargeras,576,rogue,subtlety,12,6,6
Daradria,stormrage,576,rogue,subtlety,12,6,6
Xedi,illidan,576,rogue,subtlety,12,6,6
Kindasorry,illidan,576,rogue,subtlety,12,6,6
Draiygo,nerzhul,576,rogue,subtlety,12,6,6
Dërpt,tichondrius,576,rogue,subtlety,12,6,6
Pamaaj,sargeras,576,rogue,subtlety,12,6,6
Gibsons,quelthalas,576,rogue,subtlety,12,6,6
Tußshark,kelthuzad,576,rogue,subtlety,12,6,6
Sivni,tichondrius,576,rogue,subtlety,12,6,6
Mistrjack,kelthuzad,576,rogue,subtlety,12,6,6
Rogueaqui,azralon,576,rogue,subtlety,12,6,6
Pingwii,ragnaros,576,rogue,subtlety,12,6,6
Magictoker,bleeding-hollow,576,rogue,subtlety,12,6,6
Dross,shadowmoon,576,rogue,subtlety,12,6,6
Shadxr,tichondrius,576,rogue,subtlety,12,6,6
Littlescrub,frostmourne,576,rogue,subtlety,12,6,6
Palumor,deathwing,576,rogue,subtlety,12,6,6
Donpeon,hellscream,576,rogue,subtlety,12,6,6
Baßyøða,stormrage,576,rogue,subtlety,12,6,6
Moshington,kelthuzad,576,rogue,subtlety,14,6,8
Veterån,tichondrius,576,rogue,subtlety,18,6,12
Ghosted,thrall,576,rogue,subtlety,18,6,12
Seutobinhaa,stormrage,576,rogue,subtlety,18,6,12
Drakariano,ragnaros,576,rogue,subtlety,18,6,12
Cinnashank,darkspear,576,rogue,subtlety,18,6,12
Ohgiddy,dalaran,576,rogue,subtlety,18,6,12
Subterfuge,sargeras,576,rogue,subtlety,19,6,13
Struggle,sargeras,576,rogue,subtlety,24,6,18
Azanax,area-52,575,rogue,subtlety,12,6,6
Bumboklaat,bleeding-hollow,575,rogue,subtlety,12,6,6
Jinxkiller,tichondrius,575,rogue,subtlety,12,6,6
Maulgryve,frostwolf,575,rogue,subtlety,12,6,6
Jôrach,area-52,575,rogue,subtlety,12,6,6
Hindpaw,wyrmrest-accord,575,rogue,subtlety,18,6,12
Dreamcatcher,azralon,575,rogue,subtlety,18,6,12
Gotothegym,tichondrius,575,rogue,subtlety,18,6,12
Zogbu,stormrage,575,rogue,subtlety,18,6,12
Imvenom,tichondrius,575,rogue,subtlety,18,6,12
Ekans,aegwynn,574,rogue,subtlety,6,6,0
Mastrshreddr,kelthuzad,574,rogue,subtlety,12,6,6
Tòúka,stormrage,574,rogue,subtlety,18,6,12
Catoline,bleeding-hollow,574,rogue,subtlety,18,6,12
Karing,onyxia,574,rogue,subtlety,18,6,12
Dardeath,bleeding-hollow,573,rogue,subtlety,12,6,6
Alttee,proudmoore,573,rogue,subtlety,12,6,6
Strôbéy,tichondrius,573,rogue,subtlety,24,6,18
Jowelyrandy,drakkari,573,rogue,subtlety,25,6,19
Warghostpvp,illidan,572,rogue,subtlety,12,6,6
Darkpaths,hyjal,572,rogue,subtlety,12,6,6
Vozzy,proudmoore,572,rogue,subtlety,12,6,6
Iapologize,area-52,572,rogue,subtlety,12,6,6
Supminty,stormrage,571,rogue,subtlety,12,6,6
Xylow,garona,571,rogue,subtlety,27,6,21
Rotbreath,bleeding-hollow,557,rogue,subtlety,23,6,17
Pancakestab,saurfang,543,rogue,subtlety,14,7,7
Bokatañ,malganis,517,rogue,subtlety,12,7,5
Girio,thrall,480,rogue,subtlety,6,5,1
Qcmax,stormrage,480,rogue,subtlety,6,5,1
Ethxn,sargeras,480,rogue,subtlety,6,5,1
Ghoarie,sargeras,480,rogue,subtlety,6,5,1
Oceboomer,frostmourne,480,rogue,subtlety,6,5,1
Alathir,tichondrius,480,rogue,subtlety,6,5,1
Sandorrogue,stormrage,480,rogue,subtlety,6,5,1
Nodeßurglar,kelthuzad,480,rogue,subtlety,6,5,1
Calamityx,cenarius,480,rogue,subtlety,6,5,1
Ræfen,doomhammer,480,rogue,subtlety,6,5,1
Sneekyb,gorefiend,480,rogue,subtlety,6,5,1
Nanojsu,illidan,480,rogue,subtlety,6,5,1
Kwins,cenarion-circle,480,rogue,subtlety,6,5,1
Lowkn,tichondrius,480,rogue,subtlety,6,5,1
Bananaz,emerald-dream,480,rogue,subtlety,6,5,1
Capicus,firetree,480,rogue,subtlety,8,5,3
Jean,tichondrius,480,rogue,subtlety,12,5,7
Mitra,eredar,480,rogue,subtlety,12,5,7
Reaperprime,tichondrius,480,rogue,subtlety,12,5,7
Shivalri,tichondrius,480,rogue,subtlety,12,5,7
Zymes,tichondrius,480,rogue,subtlety,12,5,7
Drunknchaos,bleeding-hollow,480,rogue,subtlety,12,5,7
Mikènuttz,sargeras,480,rogue,subtlety,12,5,7
Thugrz,illidan,480,rogue,subtlety,12,5,7
Harasna,emerald-dream,480,rogue,subtlety,12,5,7
Sunalor,malganis,480,rogue,subtlety,12,5,7
Uni,khadgar,480,rogue,subtlety,12,5,7
Quartzrg,zuljin,480,rogue,subtlety,12,5,7
Invkill,azralon,480,rogue,subtlety,12,5,7
Jâm,nerzhul,480,rogue,subtlety,12,5,7
Wooluncle,tichondrius,480,rogue,subtlety,12,5,7
Sinary,cenarion-circle,480,rogue,subtlety,12,5,7
Cheese,the-venture-co,480,rogue,subtlety,12,5,7
Recktzful,ragnaros,480,rogue,subtlety,12,5,7
Aldessa,draka,480,rogue,subtlety,12,5,7
Mcjagerx,darkspear,480,rogue,subtlety,12,5,7
Ninjintwo,illidan,480,rogue,subtlety,12,5,7
Söda,emerald-dream,480,rogue,subtlety,12,5,7
Monkeykongr,lightnings-blade,480,rogue,subtlety,12,5,7
Caras,tichondrius,480,rogue,subtlety,12,5,7
Bruitzyttv,barthilas,480,rogue,subtlety,12,5,7
Hassanssin,area-52,480,rogue,subtlety,12,5,7
Thügz,dawnbringer,480,rogue,subtlety,12,5,7
Tacetdeus,bleeding-hollow,480,rogue,subtlety,12,5,7
Biöhazard,ragnaros,480,rogue,subtlety,12,5,7
Ricosap,frostmourne,480,rogue,subtlety,12,5,7
Pjh,sargeras,480,rogue,subtlety,12,5,7
Kenyel,frostmourne,480,rogue,subtlety,12,5,7
Scrubzz,barthilas,480,rogue,subtlety,12,5,7
Liqwid,stormrage,480,rogue,subtlety,12,5,7
Minimumwage,bleeding-hollow,480,rogue,subtlety,12,5,7
Wadge,zuljin,480,rogue,subtlety,12,5,7
Chimpo,ravencrest,480,rogue,subtlety,12,5,7
Beefdaddydev,kargath,480,rogue,subtlety,12,5,7
Milafortnite,tichondrius,480,rogue,subtlety,12,5,7
Ifríend,emerald-dream,480,rogue,subtlety,12,5,7
Shaisty,malganis,480,rogue,subtlety,12,5,7
Tessialith,azralon,480,rogue,subtlety,12,5,7
Puchy,stormrage,480,rogue,subtlety,15,6,9
Arsènè,whisperwind,480,rogue,subtlety,13,5,8
Valrec,stormrage,480,rogue,subtlety,16,5,11
Greyleywin,azralon,480,rogue,subtlety,18,5,13
Zeetwntyeght,stormrage,480,rogue,subtlety,18,5,13
Åmg,tichondrius,480,rogue,subtlety,18,5,13
Seerenai,moon-guard,480,rogue,subtlety,18,5,13
Kapz,lightnings-blade,480,rogue,subtlety,30,5,25
Zitihait,amanthul,479,rogue,subtlety,6,5,1
Rompelomos,quelthalas,479,rogue,subtlety,6,5,1
Crypblade,sargeras,479,rogue,subtlety,12,5,7
Luoan,emerald-dream,479,rogue,subtlety,12,5,7
Deathbeacøn,sargeras,479,rogue,subtlety,12,5,7
Japz,sargeras,479,rogue,subtlety,12,5,7
Qlog,tichondrius,479,rogue,subtlety,12,5,7
Toodlles,stormrage,479,rogue,subtlety,12,5,7
Smokapõtamus,tichondrius,479,rogue,subtlety,12,5,7
Hamirl,bladefist,479,rogue,subtlety,12,5,7
Lacero,bonechewer,479,rogue,subtlety,12,5,7
Minato,eredar,479,rogue,subtlety,12,5,7
Bâerâ,bloodscalp,479,rogue,subtlety,14,5,9
Corchô,moon-guard,479,rogue,subtlety,18,5,13
Killerupdown,muradin,479,rogue,subtlety,18,5,13
Jakeharvey,dalaran,479,rogue,subtlety,18,5,13
Gutpunch,kelthuzad,479,rogue,subtlety,18,5,13
Kekdasneak,dragonmaw,479,rogue,subtlety,18,5,13
Marìus,moon-guard,479,rogue,subtlety,18,5,13
Pál,quelthalas,479,rogue,subtlety,24,5,19
Fouzz,stormrage,478,rogue,subtlety,15,6,9
Falra,wyrmrest-accord,478,rogue,subtlety,18,5,13
Muffens,alterac-mountains,476,rogue,subtlety,12,5,7
Liamoz,amanthul,475,rogue,subtlety,12,5,7
Hyunco,tichondrius,474,rogue,subtlety,12,5,7
Murdistino,tichondrius,472,rogue,subtlety,12,5,7
Soultakerr,whisperwind,461,rogue,subtlety,23,5,18
Backtoch,sargeras,447,rogue,subtlety,11,5,6
Bernardi,uther,447,rogue,subtlety,11,5,6
Notlim,azralon,432,rogue,subtlety,15,5,10
Akhila,stormrage,431,rogue,subtlety,11,5,6
Pangppy,tichondrius,431,rogue,subtlety,11,5,6
Picaropanda,quelthalas,425,rogue,subtlety,22,6,16
Cayladin,tichondrius,416,rogue,subtlety,10,5,5
Mdrogue,sargeras,416,rogue,subtlety,10,5,5
Koraliya,kiljaeden,415,rogue,subtlety,14,5,9
Kathërïnë,azralon,415,rogue,subtlety,16,5,11
Emvee,kelthuzad,384,rogue,subtlety,6,4,2
Mirlol,stormrage,384,rogue,subtlety,6,4,2
Suggmadi,stormrage,384,rogue,subtlety,6,4,2
Bøyz,blackrock,384,rogue,subtlety,6,4,2
Smackíngton,tichondrius,384,rogue,subtlety,6,4,2
Sorv,tichondrius,384,rogue,subtlety,6,4,2
Onezik,stormrage,384,rogue,subtlety,6,4,2
Chauva,zuljin,384,rogue,subtlety,6,4,2
Mud,saurfang,384,rogue,subtlety,6,4,2
Deadopps,stormrage,384,rogue,subtlety,6,4,2
Meebro,aggramar,384,rogue,subtlety,6,4,2
Crossmax,tichondrius,384,rogue,subtlety,6,4,2
Evasionx,tichondrius,384,rogue,subtlety,6,4,2
Wrldstars,illidan,384,rogue,subtlety,6,4,2
Foreverioi,tichondrius,384,rogue,subtlety,6,4,2
Memnõch,emerald-dream,384,rogue,subtlety,6,4,2
Deejey,frostmourne,384,rogue,subtlety,6,4,2
Bootimus,illidan,384,rogue,subtlety,6,4,2
Averagerogue,thrall,384,rogue,subtlety,6,4,2
Zerorog,zuljin,384,rogue,subtlety,6,4,2
Nichala,tichondrius,384,rogue,subtlety,6,4,2
Vexaryon,quelthalas,384,rogue,subtlety,6,4,2
Fortie,moon-guard,384,rogue,subtlety,6,4,2
Blackkula,tichondrius,384,rogue,subtlety,6,4,2
Aquickbust,tichondrius,384,rogue,subtlety,6,4,2
Malgoria,tichondrius,384,rogue,subtlety,6,4,2
Skargis,hellscream,384,rogue,subtlety,6,4,2
Alethal,tichondrius,384,rogue,subtlety,6,4,2
Drakën,stormrage,384,rogue,subtlety,6,4,2
Snobbish,tichondrius,384,rogue,subtlety,6,4,2
Agilityrush,stormrage,384,rogue,subtlety,6,4,2
Roberto,darkspear,384,rogue,subtlety,6,4,2
Sapntapx,malganis,384,rogue,subtlety,6,4,2
Altaureen,thrall,384,rogue,subtlety,6,4,2
Bilbobagginz,malganis,384,rogue,subtlety,6,4,2
Sapmycrap,proudmoore,384,rogue,subtlety,6,4,2
Starhound,kiljaeden,384,rogue,subtlety,6,4,2
Sapafapa,illidan,384,rogue,subtlety,6,4,2
Dåve,tichondrius,384,rogue,subtlety,6,4,2
Kurosh,kalecgos,384,rogue,subtlety,6,4,2
Austínr,sargeras,384,rogue,subtlety,6,4,2
ßlïght,malganis,384,rogue,subtlety,6,4,2
Jasam,daggerspine,384,rogue,subtlety,9,5,4
Túesday,tichondrius,384,rogue,subtlety,9,5,4
Sawsy,illidan,384,rogue,subtlety,8,4,4
Lycan,guldan,384,rogue,subtlety,14,5,9
Astol,frostmourne,384,rogue,subtlety,12,4,8
Potatotott,area-52,384,rogue,subtlety,12,4,8
Codeine,windrunner,384,rogue,subtlety,12,4,8
Miamiganster,lothar,384,rogue,subtlety,12,4,8
Tìlt,whisperwind,384,rogue,subtlety,12,4,8
Liesll,thrall,384,rogue,subtlety,12,4,8
Blackstabyth,thrall,384,rogue,subtlety,12,4,8
Diamondx,proudmoore,384,rogue,subtlety,12,4,8
Etyop,azralon,384,rogue,subtlety,12,4,8
Tomas,bloodscalp,384,rogue,subtlety,12,4,8
Belialas,thrall,384,rogue,subtlety,12,4,8
Booitsdrew,sargeras,384,rogue,subtlety,12,4,8
Lolgoturbase,hyjal,384,rogue,subtlety,12,4,8
Flankks,sargeras,384,rogue,subtlety,12,4,8
Velandros,eonar,384,rogue,subtlety,12,4,8
Alcinah,sargeras,384,rogue,subtlety,12,4,8
Irkalla,frostmourne,384,rogue,subtlety,12,4,8
Nevermoon,gallywix,384,rogue,subtlety,12,4,8
Dions,ragnaros,384,rogue,subtlety,12,4,8
Maxparkhurst,moon-guard,384,rogue,subtlety,12,4,8
Magottx,shattered-hand,384,rogue,subtlety,12,4,8
Elishadowed,proudmoore,384,rogue,subtlety,12,4,8
Zzffqsm,tichondrius,384,rogue,subtlety,12,4,8
Xikoro,emerald-dream,384,rogue,subtlety,12,4,8
Cytôn,bleeding-hollow,384,rogue,subtlety,12,4,8
Saberbane,tichondrius,384,rogue,subtlety,12,4,8
Kistef,tichondrius,384,rogue,subtlety,12,4,8
Woodsapdat,sargeras,384,rogue,subtlety,12,4,8
Mãtthew,tichondrius,384,rogue,subtlety,12,4,8
Raego,frostmourne,384,rogue,subtlety,12,4,8
Elvesnknives,stormrage,384,rogue,subtlety,12,4,8
Lazaruslong,stormrage,384,rogue,subtlety,12,4,8
Keylight,tichondrius,384,rogue,subtlety,12,4,8
Usapped,tichondrius,384,rogue,subtlety,12,4,8
Rïddïck,tichondrius,384,rogue,subtlety,12,4,8
Hoodiesneaks,stormrage,384,rogue,subtlety,14,4,10
Covìn,malganis,384,rogue,subtlety,18,4,14
Miloandotis,malganis,384,rogue,subtlety,18,4,14
Asneakyfox,thunderlord,384,rogue,subtlety,30,4,26
Exxød,tichondrius,383,rogue,subtlety,6,4,2
Morphina,gilneas,383,rogue,subtlety,6,4,2
Clours,barthilas,383,rogue,subtlety,6,4,2
Prxfxt,stormrage,383,rogue,subtlety,6,4,2
Xanthinic,mugthol,383,rogue,subtlety,6,4,2
Gentlesaop,blackrock,383,rogue,subtlety,6,4,2
Stabsolutely,moon-guard,383,rogue,subtlety,6,4,2
Freego,quelthalas,383,rogue,subtlety,6,4,2
Superhattie,tichondrius,383,rogue,subtlety,12,4,8
Hènnéssy,frostmourne,383,rogue,subtlety,12,4,8
Ràinê,dalaran,383,rogue,subtlety,12,4,8
Majimae,sargeras,383,rogue,subtlety,12,4,8
Toxiccarnage,ghostlands,383,rogue,subtlety,14,4,10
Medalist,darkspear,383,rogue,subtlety,18,4,14
Sathrael,deathwing,383,rogue,subtlety,18,4,14
Whouzie,frostmourne,383,rogue,subtlety,18,4,14
Xô,lothar,383,rogue,subtlety,24,4,20
Sinice,draka,382,rogue,subtlety,10,6,4
Rascallion,tichondrius,381,rogue,subtlety,12,4,8
Variation,moon-guard,351,rogue,subtlety,11,4,7
Opensap,tichondrius,350,rogue,subtlety,11,4,7
Rickgone,bleeding-hollow,335,rogue,subtlety,8,5,3
Samuraii,zuljin,335,rogue,subtlety,11,4,7
Idsapdat,illidan,330,rogue,subtlety,9,6,3
Matek,darkspear,330,rogue,subtlety,9,5,4
Killdrunk,stormrage,330,rogue,subtlety,13,5,8
Sanguinnar,nemesis,329,rogue,subtlety,18,5,13
Rosê,daggerspine,327,rogue,subtlety,14,7,7
Rawdawged,illidan,320,rogue,subtlety,16,4,12
Flickss,illidan,319,rogue,subtlety,5,4,1
Apocalypse,azshara,319,rogue,subtlety,8,4,4
Nvim,kelthuzad,304,rogue,subtlety,7,4,3
Durzoblïnt,ragnaros,303,rogue,subtlety,14,4,10
Izula,spirestone,288,rogue,subtlety,6,3,3
Knifetalk,moon-guard,288,rogue,subtlety,6,3,3
Bøbinette,sargeras,288,rogue,subtlety,6,3,3
Latetext,tichondrius,288,rogue,subtlety,6,3,3
Ralæriel,wyrmrest-accord,288,rogue,subtlety,6,3,3
Dödoubleg,stormrage,288,rogue,subtlety,6,3,3
Driizzel,sargeras,288,rogue,subtlety,6,3,3
Delaroze,sargeras,288,rogue,subtlety,6,3,3
Amatoxin,tichondrius,288,rogue,subtlety,6,3,3
Junemylove,tichondrius,288,rogue,subtlety,6,3,3
Deragmus,stormscale,288,rogue,subtlety,6,3,3
Gåñðøñ,stormscale,288,rogue,subtlety,6,3,3
Zêrøghgødx,tichondrius,288,rogue,subtlety,6,3,3
Dìngapoof,tichondrius,288,rogue,subtlety,6,3,3
Slilsp,sargeras,288,rogue,subtlety,6,3,3
Privz,sargeras,288,rogue,subtlety,6,3,3
Buttaknife,darkspear,288,rogue,subtlety,6,3,3
Garnoghan,stormrage,288,rogue,subtlety,6,3,3
Seanr,stormrage,288,rogue,subtlety,6,3,3
Gangstsprdse,tichondrius,288,rogue,subtlety,6,3,3
Asherian,wyrmrest-accord,288,rogue,subtlety,6,3,3
Thargal,tichondrius,288,rogue,subtlety,6,3,3
Sinfate,bleeding-hollow,288,rogue,subtlety,6,3,3
Urlo,moon-guard,288,rogue,subtlety,6,3,3
Zarrth,malganis,288,rogue,subtlety,6,3,3
Subdude,daggerspine,288,rogue,subtlety,6,3,3
Powaah,emerald-dream,288,rogue,subtlety,6,3,3
Jeromedunkly,stormrage,288,rogue,subtlety,6,3,3
Wikkihx,emerald-dream,288,rogue,subtlety,6,3,3
Trainhealers,tichondrius,288,rogue,subtlety,6,3,3
Ëbrithil,hyjal,288,rogue,subtlety,6,3,3
Tiavis,nathrezim,288,rogue,subtlety,6,3,3
Adrellissa,moon-guard,288,rogue,subtlety,6,3,3
Haeqn,azralon,288,rogue,subtlety,6,3,3
Teknox,zuljin,288,rogue,subtlety,6,3,3
Valaq,tichondrius,288,rogue,subtlety,6,3,3
Spcz,malganis,288,rogue,subtlety,6,3,3
Mondeaux,moon-guard,288,rogue,subtlety,6,3,3
Woundzx,tichondrius,288,rogue,subtlety,6,3,3
Cafajesté,azralon,288,rogue,subtlety,6,3,3
Liljonx,tichondrius,288,rogue,subtlety,6,3,3
Drstealthy,tichondrius,288,rogue,subtlety,6,3,3
Enferna,kelthuzad,288,rogue,subtlety,6,3,3
Thompson,bloodscalp,288,rogue,subtlety,6,3,3
Frostheartyy,azralon,288,rogue,subtlety,6,3,3
Sharmoc,ragnaros,288,rogue,subtlety,6,3,3
Repatriate,dark-iron,288,rogue,subtlety,6,3,3
Ybby,tichondrius,288,rogue,subtlety,6,3,3
Cnikun,tichondrius,288,rogue,subtlety,6,3,3
Vashrasatva,stormrage,288,rogue,subtlety,6,3,3
Jackcurtis,kelthuzad,288,rogue,subtlety,6,3,3
Antijax,stormrage,288,rogue,subtlety,6,3,3
Gotkick,stormrage,288,rogue,subtlety,6,3,3
Støné,azjolnerub,288,rogue,subtlety,6,3,3
Schneric,stormrage,288,rogue,subtlety,6,3,3
Snackable,tichondrius,288,rogue,subtlety,6,3,3
Kelbrelor,stormrage,288,rogue,subtlety,6,3,3
Compadrer,area-52,288,rogue,subtlety,6,3,3
Hemorrhages,tichondrius,288,rogue,subtlety,6,3,3
Dogeggs,area-52,288,rogue,subtlety,6,3,3
Maliora,area-52,288,rogue,subtlety,6,3,3
Piltráfa,ragnaros,288,rogue,subtlety,6,3,3
Bloodygoat,area-52,288,rogue,subtlety,6,3,3
Esraxo,frostmourne,288,rogue,subtlety,6,3,3
Pvptóne,steamwheedle-cartel,288,rogue,subtlety,6,3,3
Ced,medivh,288,rogue,subtlety,6,3,3
Roollz,nemesis,288,rogue,subtlety,6,3,3
Sonymf,frostmourne,288,rogue,subtlety,6,3,3
Shadowreapz,barthilas,288,rogue,subtlety,6,3,3
Theblindsap,dalaran,288,rogue,subtlety,6,3,3
Redspoison,dalaran,288,rogue,subtlety,6,3,3
Thoxic,barthilas,288,rogue,subtlety,6,3,3
Metalz,exodar,288,rogue,subtlety,6,3,3
Gongarn,thrall,288,rogue,subtlety,6,3,3
Rogecoin,illidan,288,rogue,subtlety,6,3,3
Ulanor,whisperwind,288,rogue,subtlety,6,3,3
Kreation,illidan,288,rogue,subtlety,6,3,3
Dägger,barthilas,288,rogue,subtlety,6,3,3
Taraminkadot,sargeras,288,rogue,subtlety,9,4,5
Xotourlife,frostwolf,288,rogue,subtlety,9,4,5
Keytonx,tichondrius,288,rogue,subtlety,7,3,4
Ünaru,sargeras,288,rogue,subtlety,7,3,4
ßutthead,malganis,288,rogue,subtlety,7,3,4
Yottsu,proudmoore,288,rogue,subtlety,12,3,9
Penguineater,tichondrius,288,rogue,subtlety,12,3,9
Smashfacewïn,tichondrius,288,rogue,subtlety,12,3,9
Palla,tichondrius,288,rogue,subtlety,12,3,9
Kowabungii,tichondrius,288,rogue,subtlety,12,3,9
Coolswag,tichondrius,288,rogue,subtlety,12,3,9
Ukspecial,tichondrius,288,rogue,subtlety,12,3,9
Imbe,nagrand,288,rogue,subtlety,12,3,9
Nikkî,hyjal,288,rogue,subtlety,12,3,9
Streetjesuz,barthilas,288,rogue,subtlety,12,3,9
Nobarå,veknilash,288,rogue,subtlety,12,3,9
Terala,perenolde,288,rogue,subtlety,12,3,9
Bumpamoose,aggramar,288,rogue,subtlety,12,3,9
Badonka,aggramar,288,rogue,subtlety,12,3,9
Xolli,fizzcrank,288,rogue,subtlety,12,3,9
Mégân,ragnaros,288,rogue,subtlety,12,3,9
Yülia,skywall,288,rogue,subtlety,12,3,9
Cincyhirou,exodar,288,rogue,subtlety,12,3,9
Yamillpgk,ragnaros,288,rogue,subtlety,12,3,9
Pocketwaffle,dalaran,288,rogue,subtlety,12,3,9
Foofz,kelthuzad,288,rogue,subtlety,12,3,9
Vatolord,azralon,288,rogue,subtlety,12,3,9
Hogstradamus,malganis,288,rogue,subtlety,12,3,9
Grinz,sargeras,288,rogue,subtlety,12,3,9
Khazii,scilla,288,rogue,subtlety,12,3,9
Ovrfivethosn,malganis,288,rogue,subtlety,12,3,9
Kazynn,greymane,288,rogue,subtlety,12,3,9
Woboi,area-52,288,rogue,subtlety,12,3,9
Wrekage,emerald-dream,288,rogue,subtlety,12,3,9
Yodoctor,sargeras,288,rogue,subtlety,12,3,9
Eaxlol,sargeras,288,rogue,subtlety,12,3,9
Heretodance,tichondrius,288,rogue,subtlety,18,3,15
Bajeebus,azshara,287,rogue,subtlety,6,3,3
Janglebang,arthas,287,rogue,subtlety,6,3,3
Framsteg,kelthuzad,287,rogue,subtlety,6,3,3
Urukzog,ragnaros,287,rogue,subtlety,6,3,3
Gorzri,illidan,287,rogue,subtlety,6,3,3
Xsneakski,jubeithos,287,rogue,subtlety,6,3,3
Lawroadn,tichondrius,287,rogue,subtlety,6,3,3
Stealheartsr,tichondrius,287,rogue,subtlety,7,3,4
Qinyun,tichondrius,287,rogue,subtlety,11,3,8
Regorik,sargeras,287,rogue,subtlety,12,3,9
Heserth,ragnaros,287,rogue,subtlety,12,3,9
Bromen,ragnaros,287,rogue,subtlety,12,3,9
Namiic,thrall,287,rogue,subtlety,12,3,9
Teach,illidan,287,rogue,subtlety,18,3,15
Aycaramba,skywall,286,rogue,subtlety,6,3,3
Tareduwu,area-52,286,rogue,subtlety,18,3,15
Reflexiv,malganis,256,rogue,subtlety,10,3,7
Benjisuwu,area-52,240,rogue,subtlety,15,3,12
Karvaer,barthilas,239,rogue,subtlety,5,3,2
Wulfcrest,moon-guard,239,rogue,subtlety,5,3,2
Youngdraco,tichondrius,239,rogue,subtlety,5,3,2
Uncleblinker,proudmoore,239,rogue,subtlety,5,3,2
Radagon,fenris,234,rogue,subtlety,9,4,5
Rocanról,quelthalas,234,rogue,subtlety,12,4,8
Twinkasz,nemesis,234,rogue,subtlety,16,5,11
Restinpeacex,bleeding-hollow,234,rogue,subtlety,16,4,12
Pilurfs,thrall,192,rogue,subtlety,6,2,4
Åaron,thrall,192,rogue,subtlety,6,2,4
Letsgobranon,sargeras,192,rogue,subtlety,6,2,4
Eleanorrigby,emerald-dream,192,rogue,subtlety,6,2,4
Shadowmagikk,sargeras,192,rogue,subtlety,6,2,4
Rhayu,emerald-dream,192,rogue,subtlety,6,2,4
Tothegravetv,sargeras,192,rogue,subtlety,6,2,4
Buddymelon,thrall,192,rogue,subtlety,6,2,4
ßroke,emerald-dream,192,rogue,subtlety,6,2,4
Milklock,ravenholdt,192,rogue,subtlety,6,2,4
Shankums,thrall,192,rogue,subtlety,6,2,4
Opwanshinobi,azralon,192,rogue,subtlety,6,2,4
Nemminem,sargeras,192,rogue,subtlety,6,2,4
Vanquief,sargeras,192,rogue,subtlety,6,2,4
Wètdream,sargeras,192,rogue,subtlety,6,2,4
Zzu,azralon,192,rogue,subtlety,6,2,4
Joegamer,sargeras,192,rogue,subtlety,6,2,4
Gnoescape,burning-legion,192,rogue,subtlety,6,2,4
Rujkah,archimonde,192,rogue,subtlety,6,2,4
Wyyre,hyjal,192,rogue,subtlety,6,2,4
Brutalpocket,malganis,192,rogue,subtlety,6,2,4
Skorsh,wyrmrest-accord,192,rogue,subtlety,6,2,4
Ikthemon,khaz-modan,192,rogue,subtlety,6,2,4
Gzl,frostmourne,192,rogue,subtlety,6,2,4
Chêckmatê,darkspear,192,rogue,subtlety,6,2,4
Anímosity,darkspear,192,rogue,subtlety,6,2,4
Indicadeath,stormrage,192,rogue,subtlety,6,2,4
Jeezy,shadowmoon,192,rogue,subtlety,6,2,4
Runescape,frostmourne,192,rogue,subtlety,6,2,4
Peteroc,stormreaver,192,rogue,subtlety,6,2,4
Ërëbus,greymane,192,rogue,subtlety,6,2,4
Happyunhappy,illidan,192,rogue,subtlety,6,2,4
Slycndice,tortheldrin,192,rogue,subtlety,6,2,4
Pizzfangers,area-52,192,rogue,subtlety,6,2,4
Alakie,cenarius,192,rogue,subtlety,6,2,4
Zerø,barthilas,192,rogue,subtlety,6,2,4
Rehze,area-52,192,rogue,subtlety,6,2,4
Blackempire,stormrage,192,rogue,subtlety,6,2,4
Shadowstryfe,tichondrius,192,rogue,subtlety,6,2,4
Sneakyt,shadow-council,192,rogue,subtlety,6,2,4
Macklittle,area-52,192,rogue,subtlety,6,2,4
Meadview,bleeding-hollow,192,rogue,subtlety,6,2,4
Bambooßobby,area-52,192,rogue,subtlety,6,2,4
Exwhite,proudmoore,192,rogue,subtlety,6,2,4
Terrorstrike,tichondrius,192,rogue,subtlety,6,2,4
Lostyourhash,area-52,192,rogue,subtlety,6,2,4
Pëaches,area-52,192,rogue,subtlety,6,2,4
Gannet,spirestone,192,rogue,subtlety,6,2,4
Bourrasque,frostmourne,192,rogue,subtlety,6,2,4
Imiko,sargeras,192,rogue,subtlety,6,2,4
Knonono,tichondrius,192,rogue,subtlety,6,2,4
Coalie,tichondrius,192,rogue,subtlety,6,2,4
Ðøñtàrmørýmè,tichondrius,192,rogue,subtlety,6,2,4
Brustent,icecrown,192,rogue,subtlety,6,2,4
Ectrelor,moon-guard,192,rogue,subtlety,6,2,4
Lmorningstar,altar-of-storms,192,rogue,subtlety,6,2,4
Guacpls,tichondrius,192,rogue,subtlety,6,2,4
Nubes,illidan,192,rogue,subtlety,6,2,4
Pizzarollplz,kelthuzad,192,rogue,subtlety,6,2,4
Sizak,kelthuzad,192,rogue,subtlety,6,2,4
Shinobick,kelthuzad,192,rogue,subtlety,6,2,4
Stateless,kelthuzad,192,rogue,subtlety,6,2,4
Æmg,malganis,192,rogue,subtlety,6,2,4
Mgzx,tichondrius,192,rogue,subtlety,6,2,4
Zeno,dragonmaw,192,rogue,subtlety,6,2,4
Shankmcganks,chogall,192,rogue,subtlety,6,2,4
Icantsleep,tichondrius,192,rogue,subtlety,6,2,4
Menphis,destromath,192,rogue,subtlety,6,2,4
Chariakin,tichondrius,192,rogue,subtlety,6,2,4
Sticksnstabs,tichondrius,192,rogue,subtlety,6,2,4
Grue,gundrak,192,rogue,subtlety,6,2,4
Xyltann,bleeding-hollow,192,rogue,subtlety,6,2,4
Jadhafeed,quelthalas,192,rogue,subtlety,6,2,4
Yourhomieaj,tichondrius,192,rogue,subtlety,6,2,4
Dillwilly,moon-guard,192,rogue,subtlety,6,2,4
Toomuchcap,aggramar,192,rogue,subtlety,6,2,4
Sparklepuffy,tichondrius,192,rogue,subtlety,6,2,4
Blackmont,bleeding-hollow,192,rogue,subtlety,6,2,4
Shinnex,quelthalas,192,rogue,subtlety,6,2,4
Surplus,stormscale,192,rogue,subtlety,6,2,4
Shadowmiles,quelthalas,192,rogue,subtlety,6,2,4
Rapchery,illidan,192,rogue,subtlety,6,2,4
Tryedge,moon-guard,192,rogue,subtlety,6,2,4
Roastful,tichondrius,192,rogue,subtlety,6,2,4
Luvtwospooge,tichondrius,192,rogue,subtlety,6,2,4
Ibuuki,bleeding-hollow,192,rogue,subtlety,6,2,4
Bloodhounder,illidan,192,rogue,subtlety,6,2,4
Sweatysneaks,bleeding-hollow,192,rogue,subtlety,6,2,4
Sicksix,bleeding-hollow,192,rogue,subtlety,6,2,4
Elliven,frostmourne,192,rogue,subtlety,6,2,4
Stymie,malorne,192,rogue,subtlety,6,2,4
Coleds,ravencrest,192,rogue,subtlety,6,2,4
Slíçk,tichondrius,192,rogue,subtlety,6,2,4
Tleary,tichondrius,192,rogue,subtlety,6,2,4
Pixils,bleeding-hollow,192,rogue,subtlety,6,2,4
Womanx,tichondrius,192,rogue,subtlety,6,2,4
Tpc,tichondrius,192,rogue,subtlety,6,2,4
Nattaku,tichondrius,192,rogue,subtlety,7,2,5
Theweeknd,kiljaeden,192,rogue,subtlety,7,2,5
Xenitech,bleeding-hollow,192,rogue,subtlety,8,2,6
Ñíçklês,sargeras,192,rogue,subtlety,15,3,12
Soupline,area-52,192,rogue,subtlety,12,2,10
Zeriek,stormrage,192,rogue,subtlety,12,2,10
Nigthdead,nemesis,192,rogue,subtlety,12,2,10
Brickjohnson,illidan,192,rogue,subtlety,12,2,10
Beribani,azralon,192,rogue,subtlety,12,2,10
Zabava,malganis,192,rogue,subtlety,12,2,10
Ezmate,frostmourne,192,rogue,subtlety,12,2,10
Mássimo,quelthalas,192,rogue,subtlety,12,2,10
Pouet,caelestrasz,192,rogue,subtlety,12,2,10
Onulyo,tichondrius,192,rogue,subtlety,12,2,10
Souporcereal,aegwynn,192,rogue,subtlety,12,2,10
Myhandisfull,tichondrius,192,rogue,subtlety,12,2,10
Bloodyblades,blackhand,192,rogue,subtlety,12,2,10
Krius,blood-furnace,192,rogue,subtlety,12,2,10
Ghostdragons,tichondrius,192,rogue,subtlety,12,2,10
Barmiah,stormrage,192,rogue,subtlety,12,2,10
Ow,eldrethalas,192,rogue,subtlety,12,2,10
Noxîc,zuljin,192,rogue,subtlety,12,2,10
Rainbowmtn,stormrage,192,rogue,subtlety,12,2,10
Mitchrogue,barthilas,192,rogue,subtlety,12,2,10
Jashyy,tichondrius,192,rogue,subtlety,12,2,10
Diabsoule,amanthul,192,rogue,subtlety,12,2,10
Rogmin,tichondrius,192,rogue,subtlety,12,2,10
Wildstory,tichondrius,192,rogue,subtlety,12,2,10
Flèè,illidan,192,rogue,subtlety,12,2,10
Roguessy,dalaran,192,rogue,subtlety,18,2,16
Bleedszfreak,illidan,192,rogue,subtlety,18,2,16
Lancarlorïus,ragnaros,191,rogue,subtlety,6,2,4
Vitalz,bloodscalp,191,rogue,subtlety,6,2,4
Seth,stonemaul,191,rogue,subtlety,6,2,4
Sheiv,shadow-council,190,rogue,subtlety,5,3,2
Tenr,tichondrius,170,rogue,subtlety,13,4,9
Eliasael,moon-guard,159,rogue,subtlety,5,2,3
Khrezin,stonemaul,159,rogue,subtlety,5,2,3
Koobbo,tichondrius,159,rogue,subtlety,5,2,3
Kanablis,tichondrius,159,rogue,subtlety,5,2,3
Tèdy,sargeras,138,rogue,subtlety,7,3,4
Ganksterqt,dentarg,138,rogue,subtlety,10,3,7
Ladelmono,tichondrius,138,rogue,subtlety,15,3,12
Uhtrred,ragnaros,137,rogue,subtlety,10,3,7
Fadedx,darkspear,128,rogue,subtlety,4,2,2
Tulasiraptor,drakkari,127,rogue,subtlety,8,2,6
Earthinhorn,frostmourne,127,rogue,subtlety,8,2,6
Swickwockdus,azralon,112,rogue,subtlety,7,2,5
Spectremg,azralon,96,rogue,subtlety,3,2,1
Gríma,moon-guard,96,rogue,subtlety,3,2,1
Finlander,area-52,96,rogue,subtlety,5,2,3
Lásko,area-52,96,rogue,subtlety,9,2,7
Gtfø,tichondrius,96,rogue,subtlety,6,1,5
Deepcutz,barthilas,96,rogue,subtlety,6,1,5
Whaazz,tichondrius,96,rogue,subtlety,6,1,5
Melyr,quelthalas,96,rogue,subtlety,6,1,5
Macc,khazgoroth,96,rogue,subtlety,6,1,5
Caalo,quelthalas,96,rogue,subtlety,6,1,5
Toxína,quelthalas,96,rogue,subtlety,6,1,5
Kymey,warsong,96,rogue,subtlety,6,1,5
Chichop,quelthalas,96,rogue,subtlety,6,1,5
Dagarah,quelthalas,96,rogue,subtlety,6,1,5
Grindaicha,dentarg,96,rogue,subtlety,6,1,5
Divha,illidan,96,rogue,subtlety,6,1,5
Akilesx,quelthalas,96,rogue,subtlety,6,1,5
Momsxxl,aerie-peak,96,rogue,subtlety,6,1,5
Reurog,garrosh,96,rogue,subtlety,6,1,5
Yoodoo,nemesis,96,rogue,subtlety,6,1,5
Nevatell,malganis,96,rogue,subtlety,6,1,5
Bloodbrawl,caelestrasz,96,rogue,subtlety,6,1,5
Herian,caelestrasz,96,rogue,subtlety,6,1,5
Docheatt,dalaran,96,rogue,subtlety,6,1,5
Adysius,malganis,96,rogue,subtlety,6,1,5
Bigcolumn,tichondrius,96,rogue,subtlety,6,1,5
Halion,nagrand,96,rogue,subtlety,6,1,5
Sudokill,tichondrius,96,rogue,subtlety,6,1,5
Ratedpvp,tichondrius,96,rogue,subtlety,6,1,5
Wíck,barthilas,96,rogue,subtlety,6,1,5
Cotuffa,drakkari,96,rogue,subtlety,6,1,5
Swipeah,nathrezim,96,rogue,subtlety,6,1,5
Souprog,sargeras,96,rogue,subtlety,6,1,5
Eimr,stormrage,96,rogue,subtlety,6,1,5
Frootylol,stormrage,96,rogue,subtlety,6,1,5
Fuzzyslow,stormrage,96,rogue,subtlety,6,1,5
Thottie,bleeding-hollow,96,rogue,subtlety,6,1,5
Dnb,warsong,96,rogue,subtlety,6,1,5
Onetwostep,tichondrius,96,rogue,subtlety,6,1,5
Soggysenpai,kelthuzad,96,rogue,subtlety,6,1,5
Rolomon,tichondrius,96,rogue,subtlety,6,1,5
Mikea,stormrage,96,rogue,subtlety,6,1,5
Srrmortte,gallywix,96,rogue,subtlety,6,1,5
Quackerjacks,lightnings-blade,96,rogue,subtlety,6,1,5
Aenaesx,malygos,96,rogue,subtlety,6,1,5
Gothshawty,stormrage,96,rogue,subtlety,6,1,5
Justlinesap,tichondrius,96,rogue,subtlety,6,1,5
Slobernocker,stormrage,96,rogue,subtlety,6,1,5
Lawyergamer,bonechewer,96,rogue,subtlety,6,1,5
Xone,saurfang,96,rogue,subtlety,6,1,5
Solideoglria,tichondrius,96,rogue,subtlety,6,1,5
Shaearuth,hellscream,96,rogue,subtlety,6,1,5
Ghostyd,tichondrius,96,rogue,subtlety,6,1,5
Páige,ragnaros,96,rogue,subtlety,6,1,5
Vivas,dalaran,96,rogue,subtlety,6,1,5
Mercer,area-52,96,rogue,subtlety,6,1,5
Ohsapmyjaw,thrall,96,rogue,subtlety,6,1,5
Wabi,tichondrius,96,rogue,subtlety,6,1,5
Mintirogue,sargeras,96,rogue,subtlety,6,1,5
Nightmarex,frostmourne,96,rogue,subtlety,6,1,5
Saltoss,frostmourne,96,rogue,subtlety,6,1,5
Sutekin,malganis,96,rogue,subtlety,6,1,5
Aitreena,stormrage,96,rogue,subtlety,6,1,5
Sadgedeeznut,dalaran,96,rogue,subtlety,6,1,5
Azrek,sargeras,96,rogue,subtlety,6,1,5
Sawred,bonechewer,96,rogue,subtlety,6,1,5
Borre,kiljaeden,96,rogue,subtlety,6,1,5
Sapstick,kiljaeden,96,rogue,subtlety,6,1,5
Mídnìght,aegwynn,96,rogue,subtlety,6,1,5
Takeiapika,azralon,96,rogue,subtlety,6,1,5
Kranzie,nerzhul,96,rogue,subtlety,6,1,5
Meatballjr,frostmane,96,rogue,subtlety,6,1,5
Heimlichkeit,tichondrius,96,rogue,subtlety,6,1,5
Robomom,illidan,96,rogue,subtlety,6,1,5
Grfaux,sargeras,96,rogue,subtlety,6,1,5
Ironrod,shadowmoon,96,rogue,subtlety,6,1,5
Teleqraph,frostmourne,96,rogue,subtlety,6,1,5
Zandrìn,tichondrius,96,rogue,subtlety,6,1,5
Trebyoyoyo,haomarush,96,rogue,subtlety,6,1,5
Scowl,dethecus,96,rogue,subtlety,6,1,5
Spöke,dalvengyr,96,rogue,subtlety,6,1,5
Treasy,malganis,96,rogue,subtlety,6,1,5
Kurinaxx,azralon,96,rogue,subtlety,6,1,5
Rooster,muradin,96,rogue,subtlety,6,1,5
Illidin,executus,96,rogue,subtlety,6,1,5
Anistreya,wyrmrest-accord,96,rogue,subtlety,6,1,5
Mortovisível,azralon,96,rogue,subtlety,6,1,5
Wrin,sargeras,96,rogue,subtlety,6,1,5
Liloudarog,tichondrius,96,rogue,subtlety,6,1,5
Anadrol,sargeras,96,rogue,subtlety,6,1,5
Veleno,uldum,96,rogue,subtlety,6,1,5
Bonizzi,stormrage,96,rogue,subtlety,6,1,5
Valekk,stormscale,96,rogue,subtlety,6,1,5
Soosung,moon-guard,96,rogue,subtlety,6,1,5
Kizakuo,moon-guard,96,rogue,subtlety,6,1,5
Dabrat,frostwolf,96,rogue,subtlety,6,1,5
Alithileria,moon-guard,96,rogue,subtlety,6,1,5
Dragosha,antonidas,96,rogue,subtlety,6,1,5
Flelfo,quelthalas,96,rogue,subtlety,12,1,11
Mccarter,bonechewer,87,rogue,subtlety,17,3,14
Zhaanth,bonechewer,79,rogue,subtlety,5,1,4
Minkys,azralon,79,rogue,subtlety,5,1,4
Vùdõõ,area-52,64,rogue,subtlety,4,1,3
Vetisx,thrall,64,rogue,subtlety,4,1,3
Drpibb,ghostlands,63,rogue,subtlety,2,2,0
Blackbutton,illidan,63,rogue,subtlety,2,2,0
Ghoulzer,tichondrius,63,rogue,subtlety,2,2,0
Swøøpy,stormrage,48,rogue,subtlety,3,1,2
Hellstabber,lightbringer,42,rogue,subtlety,9,4,5
Thenelis,dalaran,42,rogue,subtlety,11,2,9
Archazx,sargeras,42,rogue,subtlety,12,2,10
Betakong,quelthalas,31,rogue,subtlety,2,1,1
Toetime,dragonmaw,31,rogue,subtlety,2,1,1
Demonioverde,ragnaros,31,rogue,subtlety,2,1,1
Traumashears,proudmoore,31,rogue,subtlety,2,1,1
Nekosneako,frostmourne,31,rogue,subtlety,2,1,1
Cucaracha,barthilas,31,rogue,subtlety,2,1,1
Bestrogue,caelestrasz,31,rogue,subtlety,2,1,1
Xiaochulol,tichondrius,2169,rogue,assassination,102,57,45
Zarkk,kelthuzad,2134,rogue,assassination,335,166,169
Sllabymkcus,sargeras,2126,rogue,assassination,72,37,35
Nahj,tichondrius,2111,rogue,assassination,78,40,38
Sinepymkcus,illidan,2105,rogue,assassination,132,66,66
Mirrorx,tichondrius,2056,rogue,assassination,324,158,166
Ånko,tichondrius,2036,rogue,assassination,119,56,63
Snortedgfuel,drenden,2015,rogue,assassination,89,44,45
Alethal,tichondrius,2000,rogue,assassination,96,52,44
Kenteenx,tichondrius,1918,rogue,assassination,101,49,52
Ajúmma,tichondrius,1877,rogue,assassination,63,26,37
Sio,bleeding-hollow,1868,rogue,assassination,115,59,56
Topfloorboss,illidan,1865,rogue,assassination,83,45,38
Endlesswaltz,zuljin,1861,rogue,assassination,39,20,19
Lemon,arygos,1851,rogue,assassination,47,20,27
Poonanixo,frostmourne,1846,rogue,assassination,78,38,40
Sanira,illidan,1841,rogue,assassination,75,35,40
Niarzz,tichondrius,1839,rogue,assassination,110,64,46
Alterfate,wyrmrest-accord,1839,rogue,assassination,66,33,33
Bloodlessftw,azralon,1839,rogue,assassination,230,113,117
Feinting,moon-guard,1839,rogue,assassination,76,35,41
Jon,the-venture-co,1838,rogue,assassination,54,27,27
Stealthdeath,quelthalas,1834,rogue,assassination,54,32,22
Jjp,tichondrius,1827,rogue,assassination,65,33,32
Hypnothot,tichondrius,1827,rogue,assassination,186,89,97
Omnìslash,area-52,1822,rogue,assassination,50,30,20
Wujn,tichondrius,1819,rogue,assassination,276,149,127
Stabem,moon-guard,1817,rogue,assassination,235,134,101
Raj,blood-furnace,1810,rogue,assassination,66,29,37
Beaconlight,tichondrius,1808,rogue,assassination,77,31,46
Relän,ragnaros,1805,rogue,assassination,59,33,26
Lunatixz,emerald-dream,1805,rogue,assassination,65,36,29
Sairak,tichondrius,1804,rogue,assassination,101,49,52
Twoheaded,frostmourne,1800,rogue,assassination,54,28,26
Viicky,ghostlands,1800,rogue,assassination,136,66,70
Plumblossomx,tichondrius,1798,rogue,assassination,84,39,45
Poonaniqt,gundrak,1794,rogue,assassination,59,30,29
Peepoclown,illidan,1782,rogue,assassination,58,29,29
Köfy,quelthalas,1782,rogue,assassination,93,43,50
Bigchimpin,frostmourne,1777,rogue,assassination,48,21,27
Vmoney,draenor,1763,rogue,assassination,87,47,40
Øsi,icecrown,1755,rogue,assassination,53,24,29
Jonuts,bleeding-hollow,1752,rogue,assassination,48,22,26
Doraz,tichondrius,1745,rogue,assassination,191,100,91
Lycanthropî,illidan,1742,rogue,assassination,84,35,49
Johnnycryp,barthilas,1735,rogue,assassination,83,45,38
Bukaboo,tichondrius,1730,rogue,assassination,60,44,16
Olé,azralon,1727,rogue,assassination,148,73,75
Ymxxlolz,tichondrius,1725,rogue,assassination,154,72,82
Elinarra,sargeras,1720,rogue,assassination,67,34,33
Thargal,tichondrius,1717,rogue,assassination,83,42,41
Bellamor,tichondrius,1711,rogue,assassination,114,66,48
Entrerí,illidan,1707,rogue,assassination,39,24,15
Impkasn,tichondrius,1707,rogue,assassination,138,60,78
Slickyo,area-52,1705,rogue,assassination,42,23,19
Pkkrevolt,archimonde,1705,rogue,assassination,105,53,52
Katmira,tichondrius,1699,rogue,assassination,72,30,42
Whooxx,khazgoroth,1697,rogue,assassination,114,54,60
Xagreth,illidan,1692,rogue,assassination,58,32,26
Stabu,dalvengyr,1689,rogue,assassination,48,27,21
Stabasaurus,blood-furnace,1687,rogue,assassination,54,24,30
Lakeshark,stormrage,1686,rogue,assassination,48,18,30
Kiddmurphy,sargeras,1685,rogue,assassination,64,28,36
Streetjesuz,barthilas,1679,rogue,assassination,46,24,22
Inaniss,tichondrius,1678,rogue,assassination,56,30,26
Girio,thrall,1675,rogue,assassination,41,22,19
Vél,blackrock,1674,rogue,assassination,42,22,20
Bellicoses,tichondrius,1674,rogue,assassination,300,156,144
Purplechil,garrosh,1672,rogue,assassination,230,116,114
Lucidstorm,tichondrius,1670,rogue,assassination,36,22,14
Josex,lightbringer,1661,rogue,assassination,54,23,31
Seroth,tichondrius,1656,rogue,assassination,36,23,13
Ybby,tichondrius,1655,rogue,assassination,86,41,45
Spikiera,silvermoon,1652,rogue,assassination,99,54,45
Ivanrah,zuljin,1648,rogue,assassination,45,20,25
Yanhuaa,illidan,1643,rogue,assassination,139,78,61
Devstrike,sargeras,1642,rogue,assassination,92,46,46
Bladä,area-52,1640,rogue,assassination,76,40,36
Riventrix,zuljin,1640,rogue,assassination,101,47,54
Rapcher,illidan,1632,rogue,assassination,148,75,73
Kenyel,frostmourne,1632,rogue,assassination,108,52,56
Pochomän,ragnaros,1630,rogue,assassination,52,26,26
Saiine,drenden,1629,rogue,assassination,104,55,49
Nayle,dalaran,1629,rogue,assassination,83,42,41
Miamiganster,lothar,1629,rogue,assassination,168,81,87
Sheerlol,stormrage,1626,rogue,assassination,49,24,25
Joeyzord,stormrage,1623,rogue,assassination,42,20,22
Poisonous,emerald-dream,1620,rogue,assassination,51,25,26
Cutercarver,proudmoore,1620,rogue,assassination,168,78,90
Sênorita,tichondrius,1619,rogue,assassination,42,17,25
Lemonlemon,arygos,1618,rogue,assassination,30,17,13
Assassìn,moon-guard,1618,rogue,assassination,48,27,21
Ultranumb,sargeras,1618,rogue,assassination,51,27,24
Kk,dalaran,1616,rogue,assassination,100,51,49
Shyzuku,drakkari,1613,rogue,assassination,54,23,31
Dairykeen,misha,1612,rogue,assassination,101,50,51
Vasherr,zuljin,1611,rogue,assassination,55,33,22
Valaq,tichondrius,1611,rogue,assassination,160,81,79
Rîa,area-52,1611,rogue,assassination,48,21,27
Jebubs,tichondrius,1609,rogue,assassination,38,20,18
Katovo,tichondrius,1608,rogue,assassination,89,48,41
Strîkér,tichondrius,1608,rogue,assassination,61,32,29
Zeth,frostmourne,1608,rogue,assassination,135,62,73
Sanozü,azralon,1606,rogue,assassination,54,21,33
Yenrab,illidan,1606,rogue,assassination,50,19,31
Foreverioi,tichondrius,1603,rogue,assassination,54,31,23
Wxva,tichondrius,1603,rogue,assassination,60,29,31
Slapjak,dalaran,1600,rogue,assassination,74,33,41
Onetwostep,tichondrius,1600,rogue,assassination,45,20,25
Entropyphi,daggerspine,1591,rogue,assassination,36,17,19
Chêckmatê,darkspear,1589,rogue,assassination,54,25,29
Movze,area-52,1580,rogue,assassination,36,19,17
Htez,frostmourne,1580,rogue,assassination,48,25,23
Nsns,drenden,1578,rogue,assassination,331,165,166
Sparqxx,tichondrius,1577,rogue,assassination,233,117,116
Ãnimefãnx,moon-guard,1574,rogue,assassination,165,81,84
Nightdelphya,azralon,1572,rogue,assassination,48,19,29
Wxvi,tichondrius,1564,rogue,assassination,66,36,30
Quefist,sargeras,1561,rogue,assassination,92,43,49
Isàputàp,tichondrius,1542,rogue,assassination,78,40,38
Nhic,tichondrius,1542,rogue,assassination,75,32,43
Cut,ragnaros,1540,rogue,assassination,66,17,49
Khrezin,stonemaul,1537,rogue,assassination,79,36,43
Sapmepapi,illidan,1533,rogue,assassination,30,17,13
Lyapunov,tichondrius,1532,rogue,assassination,66,30,36
Turec,illidan,1532,rogue,assassination,42,16,26
Kidneyshiv,stormrage,1531,rogue,assassination,36,20,16
Amaretta,tichondrius,1531,rogue,assassination,60,26,34
Kahlx,azralon,1527,rogue,assassination,241,126,115
Skeezy,vashj,1523,rogue,assassination,94,40,54
Cálí,azralon,1520,rogue,assassination,102,44,58
Gyutaro,black-dragonflight,1518,rogue,assassination,348,172,176
Tryedge,moon-guard,1512,rogue,assassination,36,19,17
Rinhon,windrunner,1508,rogue,assassination,118,61,57
Gøblìn,tichondrius,1502,rogue,assassination,103,48,55
Snazzyboots,sargeras,1502,rogue,assassination,46,18,28
Ulley,sargeras,1499,rogue,assassination,62,30,32
Lcl,proudmoore,1494,rogue,assassination,317,163,154
Shizunö,stormrage,1494,rogue,assassination,62,31,31
Staabzz,thrall,1493,rogue,assassination,77,32,45
Joelpinkelit,illidan,1493,rogue,assassination,41,17,24
Garrotte,tichondrius,1491,rogue,assassination,319,152,167
Brendantko,arthas,1486,rogue,assassination,30,16,14
Osuba,proudmoore,1486,rogue,assassination,116,51,65
Sizka,sargeras,1483,rogue,assassination,102,48,54
Hickery,frostmourne,1482,rogue,assassination,119,53,66
Camlaw,area-52,1477,rogue,assassination,55,26,29
Sprigzey,frostmourne,1476,rogue,assassination,90,44,46
Drtypzzaknfe,kelthuzad,1471,rogue,assassination,54,20,34
Paraisbae,tichondrius,1470,rogue,assassination,46,24,22
Lancin,azjolnerub,1470,rogue,assassination,48,23,25
Ezmate,frostmourne,1465,rogue,assassination,154,72,82
Tri,the-underbog,1463,rogue,assassination,42,17,25
Replayz,stormrage,1461,rogue,assassination,142,64,78
Vendëttä,quelthalas,1458,rogue,assassination,66,38,28
Smkgpvp,stormrage,1456,rogue,assassination,29,16,13
Blackmont,bleeding-hollow,1456,rogue,assassination,66,29,37
Dianiss,ragnaros,1452,rogue,assassination,30,17,13
Madge,area-52,1451,rogue,assassination,82,39,43
Notjawn,arthas,1449,rogue,assassination,312,160,152
Kiosh,tichondrius,1449,rogue,assassination,96,44,52
Kzx,illidan,1436,rogue,assassination,41,22,19
Hookahrogue,area-52,1432,rogue,assassination,48,24,24
Pirrow,moon-guard,1429,rogue,assassination,52,28,24
Leônhart,trollbane,1428,rogue,assassination,60,28,32
Evilsanta,sargeras,1424,rogue,assassination,52,23,29
Boonee,frostmourne,1422,rogue,assassination,89,44,45
Depressedx,illidan,1414,rogue,assassination,54,31,23
Zirkir,mannoroth,1414,rogue,assassination,69,34,35
Rapchery,illidan,1413,rogue,assassination,24,15,9
Shninzy,senjin,1409,rogue,assassination,59,24,35
Xilorio,skullcrusher,1407,rogue,assassination,66,30,36
Stillsol,stormrage,1406,rogue,assassination,60,35,25
Lyliym,frostmourne,1405,rogue,assassination,32,16,16
Valråvn,bloodscalp,1399,rogue,assassination,29,16,13
Playmaker,frostwolf,1396,rogue,assassination,156,82,74
Worlddark,quelthalas,1395,rogue,assassination,48,22,26
Løgîc,tichondrius,1392,rogue,assassination,30,17,13
Cleam,darkspear,1389,rogue,assassination,73,36,37
Swexee,area-52,1384,rogue,assassination,73,34,39
Xvds,tichondrius,1382,rogue,assassination,42,18,24
Itokuri,ysera,1379,rogue,assassination,42,19,23
Chakarr,stormrage,1374,rogue,assassination,32,22,10
Møfshanks,sargeras,1372,rogue,assassination,54,33,21
Nikolus,dreadmaul,1371,rogue,assassination,36,16,20
Creamypeach,stormrage,1371,rogue,assassination,87,38,49
Swingonya,stormrage,1371,rogue,assassination,42,15,27
Kindasorry,illidan,1367,rogue,assassination,185,92,93
Páïgèvêntürã,bleeding-hollow,1367,rogue,assassination,32,15,17
Pandrogue,shadowsong,1363,rogue,assassination,53,25,28
Shankeez,tichondrius,1356,rogue,assassination,72,31,41
Theblindsap,dalaran,1346,rogue,assassination,48,24,24
Hiddencosts,proudmoore,1345,rogue,assassination,127,65,62
Harlyquinn,barthilas,1342,rogue,assassination,142,73,69
Liesll,thrall,1340,rogue,assassination,36,14,22
Wansuiye,tichondrius,1340,rogue,assassination,42,14,28
Røgüë,malganis,1338,rogue,assassination,30,14,16
Paradias,moonrunner,1335,rogue,assassination,30,17,13
Apocalipto,barthilas,1332,rogue,assassination,95,41,54
Wongcha,darkspear,1331,rogue,assassination,36,14,22
Vannisshh,shattered-halls,1329,rogue,assassination,196,95,101
Sgnome,quelthalas,1323,rogue,assassination,36,16,20
Ykvo,illidan,1322,rogue,assassination,30,14,16
Poisønous,tichondrius,1322,rogue,assassination,33,15,18
Vindzl,azralon,1321,rogue,assassination,68,24,44
Jarcus,aggramar,1319,rogue,assassination,42,15,27
Galaily,proudmoore,1315,rogue,assassination,125,59,66
Rêdrum,illidan,1313,rogue,assassination,108,39,69
Ambushr,tichondrius,1312,rogue,assassination,24,16,8
Powerjuicer,tichondrius,1312,rogue,assassination,102,50,52
Youwho,kiljaeden,1312,rogue,assassination,271,131,140
Sneakoh,illidan,1312,rogue,assassination,65,24,41
Vimit,tichondrius,1310,rogue,assassination,66,29,37
Nigthdead,nemesis,1306,rogue,assassination,24,14,10
Coquìn,proudmoore,1303,rogue,assassination,88,43,45
Enyr,frostmourne,1300,rogue,assassination,103,50,53
Regios,shadowmoon,1294,rogue,assassination,89,41,48
Urukzog,ragnaros,1289,rogue,assassination,72,36,36
Spectremg,azralon,1289,rogue,assassination,48,18,30
Thepitt,stormrage,1287,rogue,assassination,54,26,28
Gorgdrake,illidan,1283,rogue,assassination,78,39,39
Timat,emerald-dream,1282,rogue,assassination,48,22,26
Aynrand,drakkari,1281,rogue,assassination,36,16,20
Papadopolous,zuluhed,1275,rogue,assassination,38,18,20
Kidneyisntop,illidan,1274,rogue,assassination,59,29,30
Torshe,sargeras,1271,rogue,assassination,24,14,10
Doomcore,barthilas,1271,rogue,assassination,66,33,33
Keylâ,thrall,1264,rogue,assassination,62,33,29
Seengivenchy,zuljin,1262,rogue,assassination,26,14,12
Ninjadoo,tichondrius,1262,rogue,assassination,68,27,41
Cynalia,sargeras,1260,rogue,assassination,65,35,30
Eliasael,moon-guard,1258,rogue,assassination,39,18,21
Lambs,blackhand,1258,rogue,assassination,41,14,27
Senpaifuta,proudmoore,1254,rogue,assassination,30,17,13
Worm,demon-soul,1252,rogue,assassination,42,19,23
Lakeshark,tichondrius,1247,rogue,assassination,24,13,11
Blindfun,emerald-dream,1247,rogue,assassination,39,21,18
Helecho,tichondrius,1244,rogue,assassination,30,13,17
Jaganz,stormrage,1243,rogue,assassination,24,13,11
Kriszov,moon-guard,1243,rogue,assassination,212,109,103
Saltoss,frostmourne,1243,rogue,assassination,30,13,17
Roollz,nemesis,1240,rogue,assassination,33,14,19
Beedie,malganis,1237,rogue,assassination,177,88,89
Keepitshadow,frostmourne,1236,rogue,assassination,124,61,63
Stepic,illidan,1232,rogue,assassination,83,41,42
Laotrec,nemesis,1231,rogue,assassination,43,19,24
Drapezz,kelthuzad,1230,rogue,assassination,30,16,14
Uxaen,tichondrius,1230,rogue,assassination,62,32,30
Raskapashan,moon-guard,1229,rogue,assassination,36,13,23
Pst,spirestone,1227,rogue,assassination,24,14,10
Stepper,aegwynn,1226,rogue,assassination,36,19,17
Greenlemons,lightnings-blade,1220,rogue,assassination,107,54,53
Chingado,kaelthas,1217,rogue,assassination,76,36,40
Shinobick,kelthuzad,1216,rogue,assassination,53,26,27
Irunaway,thrall,1214,rogue,assassination,83,32,51
Botches,bonechewer,1207,rogue,assassination,27,14,13
Riggie,turalyon,1202,rogue,assassination,35,17,18
Vastørogue,azralon,1200,rogue,assassination,159,87,72
Dragoonz,nemesis,1199,rogue,assassination,47,19,28
Dismayx,tichondrius,1198,rogue,assassination,47,20,27
Mìtsuru,proudmoore,1194,rogue,assassination,42,24,18
Zxytox,hyjal,1191,rogue,assassination,33,17,16
Andreals,ragnaros,1191,rogue,assassination,60,29,31
Jeshka,wyrmrest-accord,1189,rogue,assassination,42,20,22
Lórdx,illidan,1189,rogue,assassination,56,25,31
Jagó,malganis,1187,rogue,assassination,42,19,23
Arlom,daggerspine,1186,rogue,assassination,24,13,11
Grasiel,tichondrius,1186,rogue,assassination,86,36,50
Alavennian,tichondrius,1183,rogue,assassination,30,14,16
Pál,quelthalas,1182,rogue,assassination,48,21,27
Betakong,quelthalas,1180,rogue,assassination,30,15,15
Thontz,sargeras,1179,rogue,assassination,42,26,16
Slycndice,tortheldrin,1177,rogue,assassination,84,49,35
Lethun,zuljin,1177,rogue,assassination,26,13,13
Sergioz,quelthalas,1173,rogue,assassination,68,31,37
Engels,quelthalas,1171,rogue,assassination,102,45,57
Vandalyze,sargeras,1153,rogue,assassination,29,13,16
Lycanthropì,illidan,1151,rogue,assassination,18,12,6
Peaches,akama,1151,rogue,assassination,24,12,12
Gùderman,tichondrius,1150,rogue,assassination,18,12,6
Lesentixd,stormrage,1149,rogue,assassination,30,12,18
Aah,doomhammer,1148,rogue,assassination,18,12,6
Skoorbals,tichondrius,1147,rogue,assassination,104,52,52
Odetodindel,nerzhul,1146,rogue,assassination,60,32,28
Roguecity,tichondrius,1145,rogue,assassination,361,172,189
Eldan,moon-guard,1143,rogue,assassination,78,31,47
Nikhlaus,ragnaros,1139,rogue,assassination,36,18,18
Morgoophh,azralon,1138,rogue,assassination,252,127,125
Ixìa,vashj,1135,rogue,assassination,30,12,18
Revlul,darkspear,1133,rogue,assassination,30,12,18
Ràinê,dalaran,1128,rogue,assassination,24,13,11
Spooky,bleeding-hollow,1128,rogue,assassination,112,50,62
Lakki,chromaggus,1127,rogue,assassination,30,12,18
Dothras,stormrage,1119,rogue,assassination,87,43,44
Indivisible,thunderlord,1115,rogue,assassination,102,51,51
Rodanheim,burning-blade,1110,rogue,assassination,108,51,57
Sinnister,queldorei,1110,rogue,assassination,65,24,41
Copler,tichondrius,1110,rogue,assassination,48,17,31
Roguepvp,stormrage,1108,rogue,assassination,64,35,29
Altarys,ragnaros,1103,rogue,assassination,27,15,12
Respia,proudmoore,1103,rogue,assassination,40,16,24
Dysxliec,dalaran,1101,rogue,assassination,35,12,23
Esraxo,frostmourne,1100,rogue,assassination,20,13,7
Pusufox,tichondrius,1099,rogue,assassination,24,12,12
Fakie,quelthalas,1090,rogue,assassination,55,27,28
Sinistro,bleeding-hollow,1088,rogue,assassination,36,18,18
Ziggee,sargeras,1082,rogue,assassination,68,35,33
Smoketoad,tichondrius,1081,rogue,assassination,30,15,15
Wìndrunner,dalaran,1080,rogue,assassination,90,51,39
Roguebasic,frostmourne,1078,rogue,assassination,42,16,26
Thoxic,barthilas,1067,rogue,assassination,32,15,17
Trebyoyoyo,haomarush,1062,rogue,assassination,66,23,43
Osiriko,thunderlord,1061,rogue,assassination,114,61,53
Cashbigknife,area-52,1061,rogue,assassination,70,28,42
Venefix,windrunner,1057,rogue,assassination,64,30,34
Aiden,burning-legion,1056,rogue,assassination,18,11,7
Ratlips,zuljin,1056,rogue,assassination,22,12,10
Frez,amanthul,1056,rogue,assassination,36,11,25
Vaporwavey,frostmourne,1055,rogue,assassination,18,11,7
Stealthypoop,kelthuzad,1055,rogue,assassination,18,11,7
Djfortníte,tichondrius,1055,rogue,assassination,24,11,13
Grafting,tichondrius,1055,rogue,assassination,24,11,13
Macsap,frostmourne,1053,rogue,assassination,24,11,13
Zipperx,tichondrius,1053,rogue,assassination,30,11,19
Stuns,azshara,1052,rogue,assassination,18,11,7
Shigoo,sargeras,1051,rogue,assassination,24,11,13
Effikacy,uldum,1051,rogue,assassination,24,11,13
Lefthook,kelthuzad,1051,rogue,assassination,37,15,22
Kazzo,tichondrius,1050,rogue,assassination,18,11,7
Adrianstab,dalaran,1049,rogue,assassination,77,39,38
Tortador,quelthalas,1048,rogue,assassination,74,35,39
Looprevil,andorhal,1043,rogue,assassination,24,14,10
Lilgoosie,korgath,1041,rogue,assassination,108,49,59
Pokiri,wyrmrest-accord,1039,rogue,assassination,126,60,66
Edvardd,moon-guard,1036,rogue,assassination,79,41,38
Dochap,blackrock,1036,rogue,assassination,106,48,58
Caydeseis,stormrage,1031,rogue,assassination,18,11,7
Ñovä,tichondrius,1030,rogue,assassination,30,16,14
Cripstaet,spinebreaker,1029,rogue,assassination,25,12,13
Cjayy,bleeding-hollow,1028,rogue,assassination,37,13,24
Brobrando,tichondrius,1026,rogue,assassination,24,11,13
Deathshadow,dethecus,1025,rogue,assassination,30,11,19
Oddblade,stormrage,1025,rogue,assassination,36,11,25
Lethalist,whisperwind,1024,rogue,assassination,30,15,15
Picaroxp,drakkari,1020,rogue,assassination,18,11,7
Skigskag,shadowsong,1017,rogue,assassination,157,76,81
Gersonq,moon-guard,1015,rogue,assassination,31,15,16
Kiorz,tichondrius,1009,rogue,assassination,18,11,7
Gygáx,terenas,1009,rogue,assassination,66,36,30
Velsad,sargeras,1006,rogue,assassination,47,16,31
Elithr,nemesis,1002,rogue,assassination,24,11,13
Escape,elune,1001,rogue,assassination,30,14,16
Cruelworld,stormrage,994,rogue,assassination,66,29,37
Xhau,moon-guard,993,rogue,assassination,164,78,86
Artymesia,medivh,988,rogue,assassination,30,15,15
Diamondiâ,moon-guard,983,rogue,assassination,72,25,47
Daggerback,bleeding-hollow,980,rogue,assassination,82,43,39
Karing,onyxia,977,rogue,assassination,22,11,11
Pegglerogue,fizzcrank,977,rogue,assassination,84,37,47
Wolgan,nemesis,975,rogue,assassination,61,30,31
Sneakynight,bleeding-hollow,973,rogue,assassination,36,11,25
Slizard,boulderfist,971,rogue,assassination,19,11,8
Sheinnér,ragnaros,970,rogue,assassination,55,23,32
Squeakyboots,icecrown,970,rogue,assassination,30,12,18
Swiftbones,burning-blade,964,rogue,assassination,30,14,16
Loligotyou,stormrage,962,rogue,assassination,64,20,44
Peeryl,daggerspine,961,rogue,assassination,139,77,62
Gogothirteen,kiljaeden,960,rogue,assassination,32,15,17
Kents,tichondrius,960,rogue,assassination,24,10,14
Dizzymoods,stormrage,960,rogue,assassination,24,10,14
Synixi,moon-guard,960,rogue,assassination,24,10,14
Mosedz,tichondrius,959,rogue,assassination,18,10,8
Zareys,malorne,959,rogue,assassination,18,10,8
Nikjawar,illidan,959,rogue,assassination,24,11,13
Jxxs,zuljin,959,rogue,assassination,24,10,14
Downsix,sargeras,959,rogue,assassination,24,10,14
Respetan,ragnaros,958,rogue,assassination,18,10,8
Cerut,illidan,957,rogue,assassination,18,10,8
Combo,norgannon,956,rogue,assassination,24,10,14
Vhiper,azralon,956,rogue,assassination,30,10,20
Dylan,frostmourne,955,rogue,assassination,24,10,14
Average,burning-blade,954,rogue,assassination,27,10,17
Snuzzy,darkspear,954,rogue,assassination,36,10,26
Dockside,stormrage,953,rogue,assassination,18,10,8
Sangreale,nemesis,953,rogue,assassination,18,10,8
Mcstabbface,tichondrius,951,rogue,assassination,18,10,8
Showclass,stormrage,951,rogue,assassination,30,10,20
Gengels,quelthalas,950,rogue,assassination,18,10,8
Wolfsire,queldorei,949,rogue,assassination,24,10,14
Problemchild,rexxar,949,rogue,assassination,24,10,14
Gábagool,kiljaeden,949,rogue,assassination,36,10,26
Vozzy,proudmoore,947,rogue,assassination,30,17,13
Heimlichkeit,tichondrius,947,rogue,assassination,24,10,14
Knav,destromath,946,rogue,assassination,30,10,20
Xalsathoth,sargeras,946,rogue,assassination,36,10,26
Feote,ragnaros,943,rogue,assassination,40,22,18
Roguetwo,the-venture-co,943,rogue,assassination,30,15,15
Hattrìck,area-52,943,rogue,assassination,30,10,20
Kuntyou,barthilas,941,rogue,assassination,36,10,26
Headless,dragonmaw,934,rogue,assassination,76,38,38
Orcwarhammer,tichondrius,933,rogue,assassination,46,23,23
Atomicgoat,tichondrius,928,rogue,assassination,33,12,21
Soupspoon,terenas,924,rogue,assassination,24,10,14
Euweu,azralon,914,rogue,assassination,24,10,14
Snub,aerie-peak,912,rogue,assassination,40,13,27
Pantypeelz,frostmourne,907,rogue,assassination,29,10,19
Requiescat,bleeding-hollow,902,rogue,assassination,27,10,17
Dabrat,frostwolf,899,rogue,assassination,90,40,50
Teach,illidan,899,rogue,assassination,126,51,75
Thenelis,dalaran,897,rogue,assassination,43,10,33
Cryptixx,blades-edge,896,rogue,assassination,41,16,25
Yslkyle,skullcrusher,876,rogue,assassination,17,10,7
Emrogue,ragnaros,876,rogue,assassination,30,15,15
Criptoniø,azralon,873,rogue,assassination,63,30,33
Turyx,azralon,871,rogue,assassination,90,28,62
Dardeath,bleeding-hollow,869,rogue,assassination,23,10,13
Ka,blackhand,864,rogue,assassination,12,9,3
Unlucký,sargeras,864,rogue,assassination,12,9,3
Endworldlife,stormrage,864,rogue,assassination,12,9,3
Zandrin,tichondrius,864,rogue,assassination,16,10,6
Chizza,frostmourne,864,rogue,assassination,18,10,8
Cmòón,tichondrius,864,rogue,assassination,18,9,9
Ahjii,malganis,864,rogue,assassination,30,9,21
Carcass,moon-guard,863,rogue,assassination,18,9,9
Dezly,tichondrius,863,rogue,assassination,18,9,9
Whoox,khazgoroth,863,rogue,assassination,30,9,21
Mcskipa,sargeras,862,rogue,assassination,12,9,3
Shímira,azralon,862,rogue,assassination,18,9,9
Csguixuan,aerie-peak,862,rogue,assassination,24,9,15
Darkdessoft,ragnaros,861,rogue,assassination,24,9,15
Vayllie,zuljin,859,rogue,assassination,18,9,9
Nikosneako,tichondrius,859,rogue,assassination,36,9,27
Ballflicker,malganis,857,rogue,assassination,30,9,21
Macabre,the-forgotten-coast,856,rogue,assassination,18,9,9
Shumira,tichondrius,856,rogue,assassination,18,9,9
Vanishman,ragnaros,853,rogue,assassination,12,9,3
Wreatus,moon-guard,853,rogue,assassination,108,44,64
Snoopdrogado,sargeras,850,rogue,assassination,106,49,57
Passoafaca,azralon,850,rogue,assassination,31,11,20
Alkal,stormreaver,846,rogue,assassination,32,14,18
Sneakyfoot,gorgonnash,839,rogue,assassination,132,53,79
Wetwille,area-52,838,rogue,assassination,30,12,18
Revozy,azralon,831,rogue,assassination,42,15,27
Moardner,dalaran,830,rogue,assassination,90,32,58
Lanottee,sargeras,829,rogue,assassination,17,10,7
Ripsaw,muradin,829,rogue,assassination,18,9,9
Píxíedúst,black-dragonflight,812,rogue,assassination,34,10,24
Chersy,tichondrius,810,rogue,assassination,32,10,22
Zamorant,emerald-dream,806,rogue,assassination,53,11,42
Zapersapp,malygos,803,rogue,assassination,28,10,18
Luckycrit,frostwolf,788,rogue,assassination,36,14,22
Luuper,azralon,787,rogue,assassination,56,11,45
Savagedeeps,stormreaver,786,rogue,assassination,24,10,14
Kágé,ragnaros,782,rogue,assassination,19,9,10
Roadog,azralon,774,rogue,assassination,53,18,35
Toxos,tichondrius,768,rogue,assassination,12,8,4
Ôñéèýèdkíñg,stormrage,768,rogue,assassination,12,8,4
Clairered,tichondrius,768,rogue,assassination,18,8,10
Chickfilaye,auchindoun,768,rogue,assassination,18,8,10
Apssal,tichondrius,768,rogue,assassination,18,8,10
Lululee,tichondrius,768,rogue,assassination,18,8,10
Lsdlover,tichondrius,768,rogue,assassination,18,8,10
Drakariano,ragnaros,768,rogue,assassination,18,8,10
Snakegødx,sargeras,768,rogue,assassination,21,9,12
Atulano,wyrmrest-accord,768,rogue,assassination,24,8,16
Kdrx,thrall,768,rogue,assassination,24,8,16
Fluké,tichondrius,767,rogue,assassination,12,8,4
Warmode,zuluhed,767,rogue,assassination,12,8,4
Exeg,tichondrius,767,rogue,assassination,12,8,4
Pike,barthilas,767,rogue,assassination,12,8,4
Grima,azralon,767,rogue,assassination,12,8,4
Melodiouslol,tichondrius,767,rogue,assassination,12,8,4
Gøblìn,stormrage,767,rogue,assassination,15,9,6
Shiddlesz,area-52,767,rogue,assassination,18,8,10
Zetéra,ragnaros,767,rogue,assassination,18,8,10
Sagatha,bleeding-hollow,767,rogue,assassination,18,8,10
Gilbertgr,boulderfist,767,rogue,assassination,18,8,10
Xshadowt,ragnaros,767,rogue,assassination,24,8,16
Frëdlock,kelthuzad,767,rogue,assassination,24,8,16
Himitu,tichondrius,767,rogue,assassination,30,8,22
Sindor,azralon,767,rogue,assassination,32,8,24
Mylovejunex,tichondrius,766,rogue,assassination,12,8,4
Moreover,tichondrius,766,rogue,assassination,18,8,10
ßackshots,kelthuzad,766,rogue,assassination,18,8,10
Ssigma,tichondrius,765,rogue,assassination,24,8,16
Manersi,akama,764,rogue,assassination,24,8,16
Ðisappéar,ragnaros,764,rogue,assassination,33,9,24
Mashad,moon-guard,763,rogue,assassination,18,8,10
Skîttlês,kul-tiras,762,rogue,assassination,18,8,10
Zropi,quelthalas,762,rogue,assassination,24,8,16
Slashinsteev,dalaran,761,rogue,assassination,18,8,10
Pikacuulo,ragnaros,760,rogue,assassination,31,9,22
Maison,ragnaros,758,rogue,assassination,18,8,10
Villainrogue,stormrage,757,rogue,assassination,18,8,10
Núm,tichondrius,756,rogue,assassination,32,12,20
Jaggeddagger,darrowmere,756,rogue,assassination,30,8,22
Banrouge,tichondrius,755,rogue,assassination,21,8,13
Snoor,nemesis,753,rogue,assassination,21,9,12
Killua,dalaran,752,rogue,assassination,18,8,10
Abuse,gundrak,750,rogue,assassination,18,8,10
Kurinaxx,azralon,750,rogue,assassination,30,8,22
Dogedealer,ragnaros,747,rogue,assassination,12,8,4
Anyiele,stormrage,747,rogue,assassination,18,8,10
Smum,tichondrius,735,rogue,assassination,17,8,9
Duonati,stormreaver,733,rogue,assassination,66,23,43
Djpopsicle,chogall,720,rogue,assassination,15,8,7
Slickdude,stormrage,717,rogue,assassination,66,14,52
Zoupa,sargeras,711,rogue,assassination,20,9,11
Cox,bleeding-hollow,708,rogue,assassination,14,10,4
Ghoulzer,tichondrius,704,rogue,assassination,10,8,2
Arcess,ragnaros,703,rogue,assassination,16,8,8
Superharry,tichondrius,702,rogue,assassination,22,8,14
Ishtabbedyou,velen,701,rogue,assassination,32,8,24
Minnicent,amanthul,683,rogue,assassination,22,8,14
Toxicplyer,malganis,672,rogue,assassination,12,7,5
Matic,skullcrusher,672,rogue,assassination,12,7,5
Dzd,stormrage,672,rogue,assassination,12,7,5
Youbleedred,frostmourne,672,rogue,assassination,12,7,5
Chriseanrock,illidan,672,rogue,assassination,12,7,5
Lxw,frostmourne,672,rogue,assassination,12,7,5
Zunwick,tichondrius,672,rogue,assassination,12,7,5
Skitsöu,tichondrius,672,rogue,assassination,12,7,5
Sotypical,area-52,672,rogue,assassination,12,7,5
Pwnsauce,frostmourne,672,rogue,assassination,13,7,6
Zaszune,stormrage,672,rogue,assassination,18,7,11
Elwynë,tichondrius,672,rogue,assassination,18,7,11
Gaige,muradin,672,rogue,assassination,18,7,11
Mydearest,tichondrius,672,rogue,assassination,18,7,11
Nogodplsno,stormrage,672,rogue,assassination,18,7,11
Deepman,gorefiend,671,rogue,assassination,12,7,5
Jackbuster,area-52,671,rogue,assassination,12,7,5
Alizashea,stormrage,671,rogue,assassination,12,7,5
Bootiebandit,tichondrius,671,rogue,assassination,12,7,5
Alithileria,moon-guard,671,rogue,assassination,12,7,5
Mhortai,stormrage,671,rogue,assassination,18,7,11
Ezzdeath,tichondrius,671,rogue,assassination,18,7,11
Johnthefum,malganis,671,rogue,assassination,18,7,11
Gucciboo,sargeras,671,rogue,assassination,18,7,11
Takeiapika,azralon,671,rogue,assassination,18,7,11
Mayyhem,caelestrasz,671,rogue,assassination,24,7,17
Mõtaru,stormrage,671,rogue,assassination,24,7,17
Tìnkerton,wyrmrest-accord,671,rogue,assassination,24,7,17
Schleazy,emerald-dream,670,rogue,assassination,12,7,5
Habock,ragnaros,670,rogue,assassination,17,7,10
Sap,garrosh,670,rogue,assassination,18,7,11
Xhampu,ragnaros,670,rogue,assassination,18,7,11
Hoochzors,deathwing,670,rogue,assassination,24,7,17
Anyiel,stormrage,670,rogue,assassination,24,7,17
Çrëeper,illidan,670,rogue,assassination,24,7,17
Freqax,quelthalas,669,rogue,assassination,21,8,13
Eversincee,illidan,667,rogue,assassination,12,7,5
Jakkov,blackrock,666,rogue,assassination,18,7,11
Crowroyal,emerald-dream,665,rogue,assassination,24,7,17
Bityellow,tichondrius,663,rogue,assassination,12,7,5
Slootslayer,azshara,662,rogue,assassination,18,7,11
Muffens,alterac-mountains,662,rogue,assassination,18,7,11
Vladtsepesh,stormrage,662,rogue,assassination,30,7,23
Tralisong,azshara,660,rogue,assassination,18,7,11
Killdead,warsong,646,rogue,assassination,18,7,11
Fatass,tichondrius,639,rogue,assassination,23,7,16
Tiptoez,bleeding-hollow,637,rogue,assassination,18,8,10
Runakó,kelthuzad,623,rogue,assassination,11,7,4
Onulyo,tichondrius,618,rogue,assassination,16,8,8
Twinkasz,nemesis,615,rogue,assassination,22,8,14
Geratyere,trollbane,590,rogue,assassination,19,7,12
Lgy,chogall,576,rogue,assassination,12,6,6
Jaywas,tichondrius,576,rogue,assassination,12,6,6
Nicknasty,kelthuzad,576,rogue,assassination,12,6,6
Bloodygoat,area-52,576,rogue,assassination,12,6,6
Kayriss,antonidas,576,rogue,assassination,12,6,6
Mochachaya,tichondrius,576,rogue,assassination,12,6,6
Chipetan,hyjal,576,rogue,assassination,12,6,6
Luriél,stormrage,576,rogue,assassination,12,6,6
Yggskuggi,moon-guard,576,rogue,assassination,12,6,6
Thâïßòÿgøóñ,jubeithos,576,rogue,assassination,18,6,12
Karlemagne,blackrock,576,rogue,assassination,18,6,12
Slipperydog,jubeithos,576,rogue,assassination,18,6,12
Benielfman,illidan,576,rogue,assassination,18,6,12
Ahji,malganis,576,rogue,assassination,18,6,12
Daggerthorne,sargeras,576,rogue,assassination,24,6,18
Aikoh,sargeras,576,rogue,assassination,24,6,18
Çõvìd,malganis,576,rogue,assassination,30,6,24
Virez,kelthuzad,576,rogue,assassination,30,6,24
Blaçkout,thrall,575,rogue,assassination,12,6,6
Robinsony,tichondrius,575,rogue,assassination,12,6,6
Slain,dark-iron,575,rogue,assassination,15,6,9
Ethaniel,bronzebeard,575,rogue,assassination,15,6,9
Miloandotis,malganis,575,rogue,assassination,18,6,12
Înfêrnô,emerald-dream,575,rogue,assassination,18,6,12
Goutetsu,area-52,575,rogue,assassination,24,6,18
Drcritalot,spinebreaker,574,rogue,assassination,12,6,6
Aurrora,kiljaeden,574,rogue,assassination,17,6,11
Mcvillain,kelthuzad,573,rogue,assassination,12,6,6
Vegettaa,azralon,573,rogue,assassination,18,6,12
Ereshkigall,ragnaros,572,rogue,assassination,24,6,18
Akalio,laughing-skull,571,rogue,assassination,18,6,12
Addvilpm,wyrmrest-accord,570,rogue,assassination,12,6,6
Vitalz,bloodscalp,568,rogue,assassination,18,6,12
Annastasiya,moon-guard,568,rogue,assassination,18,6,12
Nektulos,illidan,566,rogue,assassination,13,6,7
Hellwolf,azgalor,565,rogue,assassination,13,6,7
Drpepzi,tichondrius,565,rogue,assassination,24,6,18
Stabsizzle,tichondrius,558,rogue,assassination,23,6,17
Julius,malganis,543,rogue,assassination,14,7,7
Lvx,frostmourne,528,rogue,assassination,9,6,3
Genève,dreadmaul,526,rogue,assassination,11,6,5
Redspoison,dalaran,512,rogue,assassination,10,6,4
Sìcarìus,tichondrius,512,rogue,assassination,22,6,16
Offlinepk,area-52,511,rogue,assassination,12,7,5
Cassini,gorefiend,488,rogue,assassination,21,8,13
Purcius,moon-guard,480,rogue,assassination,6,5,1
Carnagê,zuljin,480,rogue,assassination,11,5,6
Steffmaister,tichondrius,480,rogue,assassination,12,5,7
Mercenàrioh,azralon,480,rogue,assassination,12,5,7
Surprises,azralon,480,rogue,assassination,12,5,7
Gutshøt,tichondrius,480,rogue,assassination,12,5,7
Akayod,tichondrius,480,rogue,assassination,12,5,7
Sonymf,frostmourne,480,rogue,assassination,12,5,7
Vlayd,ragnaros,480,rogue,assassination,12,5,7
Ppdx,malganis,480,rogue,assassination,12,5,7
Bloore,fizzcrank,480,rogue,assassination,12,5,7
Luan,tichondrius,480,rogue,assassination,12,5,7
Gomma,stormrage,480,rogue,assassination,12,5,7
Venomsnáke,tichondrius,480,rogue,assassination,12,5,7
Letmesap,lothar,480,rogue,assassination,12,5,7
Váléntíná,tichondrius,480,rogue,assassination,12,5,7
Tberg,emerald-dream,480,rogue,assassination,12,5,7
Breakxcvii,bleeding-hollow,480,rogue,assassination,12,5,7
Outsap,tichondrius,480,rogue,assassination,12,5,7
Roguespawn,dark-iron,480,rogue,assassination,12,5,7
Thugrz,illidan,480,rogue,assassination,12,5,7
Toxan,emerald-dream,480,rogue,assassination,12,5,7
Bleedzbuttah,proudmoore,480,rogue,assassination,12,5,7
Cintan,barthilas,480,rogue,assassination,12,5,7
Jezus,ghostlands,480,rogue,assassination,12,5,7
Fuzzyslow,stormrage,480,rogue,assassination,12,5,7
Maciota,area-52,480,rogue,assassination,12,5,7
Dtelkham,tichondrius,480,rogue,assassination,16,6,10
Yellowdawt,stormrage,480,rogue,assassination,18,5,13
Limitbreakkz,tichondrius,480,rogue,assassination,18,5,13
Xm,sargeras,480,rogue,assassination,24,5,19
Beartøøth,stormrage,479,rogue,assassination,6,5,1
Paradise,smolderthorn,479,rogue,assassination,6,5,1
Poofhottie,lightbringer,479,rogue,assassination,12,5,7
Dessenia,illidan,479,rogue,assassination,12,5,7
Vore,elune,479,rogue,assassination,12,5,7
Kimomo,tichondrius,479,rogue,assassination,12,5,7
Prinseraegar,tichondrius,479,rogue,assassination,12,5,7
Ereye,burning-blade,479,rogue,assassination,12,5,7
Bigcolumn,tichondrius,479,rogue,assassination,12,5,7
Teeice,bladefist,479,rogue,assassination,12,5,7
Meilh,emerald-dream,479,rogue,assassination,12,5,7
Jásminë,darrowmere,479,rogue,assassination,12,5,7
Scarrog,wyrmrest-accord,479,rogue,assassination,12,5,7
Slayersama,ragnaros,479,rogue,assassination,12,5,7
Rinestiria,arthas,479,rogue,assassination,18,5,13
Bonzaipopo,stormrage,479,rogue,assassination,18,5,13
Bonizzi,stormrage,478,rogue,assassination,12,5,7
Veridank,emerald-dream,476,rogue,assassination,12,5,7
Adysius,malganis,475,rogue,assassination,12,5,7
Gurreth,zuljin,473,rogue,assassination,12,5,7
Zervá,dalaran,463,rogue,assassination,11,5,6
Donamarillo,sargeras,462,rogue,assassination,11,5,6
Gnaark,bleeding-hollow,447,rogue,assassination,11,5,6
Shizz,tichondrius,447,rogue,assassination,14,6,8
Elixera,sargeras,425,rogue,assassination,16,6,10
Borre,kiljaeden,394,rogue,assassination,19,5,14
Endworldlife,tichondrius,384,rogue,assassination,6,4,2
Chokonet,gurubashi,384,rogue,assassination,6,4,2
Hollowtipzz,tichondrius,384,rogue,assassination,6,4,2
Buckbreaker,stormrage,384,rogue,assassination,6,4,2
Yurkarogue,tichondrius,384,rogue,assassination,6,4,2
Colom,moon-guard,384,rogue,assassination,6,4,2
Silentzero,quelthalas,384,rogue,assassination,6,4,2
Ballchinian,tichondrius,384,rogue,assassination,6,4,2
Vinrhayle,sargeras,384,rogue,assassination,6,4,2
Tmpikaboo,tichondrius,384,rogue,assassination,6,4,2
Crøøkedman,tichondrius,384,rogue,assassination,6,4,2
Shaisty,malganis,384,rogue,assassination,6,4,2
Taessin,kelthuzad,384,rogue,assassination,6,4,2
Fofree,hyjal,384,rogue,assassination,6,4,2
Lacros,malganis,384,rogue,assassination,6,4,2
Xaw,mannoroth,384,rogue,assassination,8,4,4
Ikerz,tichondrius,384,rogue,assassination,9,4,5
Frostheartyy,azralon,384,rogue,assassination,15,5,10
Kerasphorus,the-underbog,384,rogue,assassination,12,4,8
Psilocin,sargeras,384,rogue,assassination,12,4,8
Ghost,lightninghoof,384,rogue,assassination,12,4,8
Mirâge,illidan,384,rogue,assassination,12,4,8
Gerpstab,darrowmere,384,rogue,assassination,12,4,8
Cv,proudmoore,384,rogue,assassination,12,4,8
Bungkhole,kiljaeden,384,rogue,assassination,12,4,8
Ròry,dark-iron,384,rogue,assassination,12,4,8
Celèphaïs,tichondrius,384,rogue,assassination,12,4,8
Eski,kul-tiras,384,rogue,assassination,12,4,8
Gridisx,wyrmrest-accord,384,rogue,assassination,12,4,8
Deepsyo,frostmourne,384,rogue,assassination,12,4,8
Señorcheddar,thrall,384,rogue,assassination,12,4,8
Streetjudas,barthilas,384,rogue,assassination,12,4,8
Shadøw,the-forgotten-coast,384,rogue,assassination,12,4,8
Bu,zuljin,384,rogue,assassination,12,4,8
Mansa,zangarmarsh,384,rogue,assassination,12,4,8
Muwop,barthilas,384,rogue,assassination,12,4,8
Ccainy,stormrage,384,rogue,assassination,12,4,8
Stabbyboy,malganis,384,rogue,assassination,12,4,8
Akhila,stormrage,384,rogue,assassination,12,4,8
Inunofun,stormrage,384,rogue,assassination,12,4,8
Wowslayer,bleeding-hollow,384,rogue,assassination,12,4,8
Jexy,barthilas,384,rogue,assassination,12,4,8
Kargargar,thrall,384,rogue,assassination,12,4,8
Kehkoa,thrall,384,rogue,assassination,12,4,8
Sellers,tichondrius,384,rogue,assassination,12,4,8
Cryoph,illidan,384,rogue,assassination,12,4,8
Sillikitti,tichondrius,384,rogue,assassination,12,4,8
Aygon,laughing-skull,384,rogue,assassination,12,4,8
Hirian,misha,384,rogue,assassination,12,4,8
Beemôvie,stormrage,384,rogue,assassination,12,4,8
Edaeda,tichondrius,384,rogue,assassination,12,4,8
Ninjamf,bleeding-hollow,384,rogue,assassination,12,4,8
Ggassasin,tichondrius,384,rogue,assassination,18,4,14
Escurecer,azralon,384,rogue,assassination,18,4,14
Denoms,area-52,384,rogue,assassination,18,4,14
Azrek,sargeras,384,rogue,assassination,18,4,14
Skinnymayne,laughing-skull,384,rogue,assassination,18,4,14
Gladlol,stormrage,384,rogue,assassination,18,4,14
Wikkihx,emerald-dream,384,rogue,assassination,24,4,20
Shizz,malorne,383,rogue,assassination,6,4,2
Khorlan,illidan,383,rogue,assassination,6,4,2
Corteleve,nemesis,383,rogue,assassination,12,4,8
Ñinjå,alleria,383,rogue,assassination,12,4,8
Brointhedark,gundrak,383,rogue,assassination,12,4,8
Jestertyv,hyjal,383,rogue,assassination,12,4,8
Diser,quelthalas,383,rogue,assassination,12,4,8
Moiatropos,ragnaros,383,rogue,assassination,12,4,8
Steeldiesel,sargeras,383,rogue,assassination,12,4,8
Sapstabdead,blackrock,383,rogue,assassination,12,4,8
Setsu,sargeras,383,rogue,assassination,13,4,9
Kellthzard,goldrinn,383,rogue,assassination,24,4,20
Hésta,moon-guard,382,rogue,assassination,12,4,8
Kalandar,moon-guard,382,rogue,assassination,12,4,8
Wrinklevoss,proudmoore,382,rogue,assassination,12,4,8
Slobernocker,stormrage,381,rogue,assassination,12,4,8
Fllokii,arygos,381,rogue,assassination,12,4,8
Ðerpius,proudmoore,381,rogue,assassination,12,4,8
Leyff,stormrage,380,rogue,assassination,24,4,20
Euphylezz,garrosh,379,rogue,assassination,12,4,8
Tolthe,hyjal,351,rogue,assassination,11,4,7
Atrreyu,lightninghoof,350,rogue,assassination,11,4,7
Merek,scarlet-crusade,336,rogue,assassination,9,4,5
Griefs,tichondrius,330,rogue,assassination,17,5,12
Whatsåpp,gallywix,320,rogue,assassination,10,4,6
Coopi,tichondrius,320,rogue,assassination,10,4,6
Pícáróóná,ragnaros,320,rogue,assassination,16,4,12
Suffêr,dalaran,319,rogue,assassination,8,4,4
Ziedrich,frostmourne,318,rogue,assassination,10,4,6
Usernameqtxo,kelthuzad,288,rogue,assassination,6,3,3
Rýuu,bleeding-hollow,288,rogue,assassination,6,3,3
Ubun,quelthalas,288,rogue,assassination,6,3,3
Ncb,bleeding-hollow,288,rogue,assassination,6,3,3
Talothas,illidan,288,rogue,assassination,6,3,3
Pikabuu,bleeding-hollow,288,rogue,assassination,6,3,3
Bigtengu,tichondrius,288,rogue,assassination,6,3,3
Mcjagerx,darkspear,288,rogue,assassination,6,3,3
Dïeb,zuljin,288,rogue,assassination,6,3,3
Traviisto,sargeras,288,rogue,assassination,6,3,3
Saltypwncake,illidan,288,rogue,assassination,6,3,3
Crohnns,barthilas,288,rogue,assassination,6,3,3
Spaca,kelthuzad,288,rogue,assassination,6,3,3
Velandros,eonar,288,rogue,assassination,6,3,3
Deeshdosh,illidan,288,rogue,assassination,6,3,3
Corrier,tichondrius,288,rogue,assassination,6,3,3
Emvee,kelthuzad,288,rogue,assassination,6,3,3
Kimorak,ragnaros,288,rogue,assassination,6,3,3
Laralia,quelthalas,288,rogue,assassination,6,3,3
Ghoststrider,sargeras,288,rogue,assassination,6,3,3
Bledstepelin,frostmourne,288,rogue,assassination,6,3,3
Bigheadtony,hellscream,288,rogue,assassination,6,3,3
Greasybbsea,illidan,288,rogue,assassination,6,3,3
Tianlan,tichondrius,288,rogue,assassination,6,3,3
Punkyass,azralon,288,rogue,assassination,6,3,3
Yunjinnie,tichondrius,288,rogue,assassination,6,3,3
Dannodan,proudmoore,288,rogue,assassination,6,3,3
Gulvzer,tichondrius,288,rogue,assassination,6,3,3
Prodixybn,illidan,288,rogue,assassination,6,3,3
Mügi,ragnaros,288,rogue,assassination,6,3,3
Jannie,rexxar,288,rogue,assassination,6,3,3
Kurosh,kalecgos,288,rogue,assassination,6,3,3
Dibef,ragnaros,288,rogue,assassination,6,3,3
Brlsels,azralon,288,rogue,assassination,6,3,3
Ieu,tichondrius,288,rogue,assassination,6,3,3
Gbg,arathor,288,rogue,assassination,6,3,3
Grîmmjow,ragnaros,288,rogue,assassination,6,3,3
Calebrogue,illidan,288,rogue,assassination,6,3,3
Worrglaive,dalaran,288,rogue,assassination,6,3,3
Wowamaze,aegwynn,288,rogue,assassination,6,3,3
Shninzy,stormrage,288,rogue,assassination,6,3,3
Cron,arygos,288,rogue,assassination,6,3,3
Anímosity,darkspear,288,rogue,assassination,6,3,3
Syxs,sargeras,288,rogue,assassination,6,3,3
Rolomon,tichondrius,288,rogue,assassination,6,3,3
Vahrheit,tichondrius,288,rogue,assassination,6,3,3
Tiladar,tichondrius,288,rogue,assassination,6,3,3
Mgv,aegwynn,288,rogue,assassination,7,3,4
Tattoo,zuljin,288,rogue,assassination,12,3,9
Åmg,tichondrius,288,rogue,assassination,12,3,9
Brianä,quelthalas,288,rogue,assassination,12,3,9
Axm,azralon,288,rogue,assassination,12,3,9
Pintofwoc,area-52,288,rogue,assassination,12,3,9
Cydonian,ragnaros,288,rogue,assassination,12,3,9
Bubbski,area-52,288,rogue,assassination,12,3,9
Rokkhan,blackrock,288,rogue,assassination,12,3,9
Trinktick,doomhammer,288,rogue,assassination,12,3,9
Pantsed,sargeras,288,rogue,assassination,12,3,9
Sunshinezx,frostmourne,288,rogue,assassination,12,3,9
Aevaela,duskwood,288,rogue,assassination,12,3,9
Shortcut,khadgar,288,rogue,assassination,12,3,9
Redlïne,tichondrius,288,rogue,assassination,12,3,9
Elevorra,frostmourne,288,rogue,assassination,12,3,9
Arïa,drakkari,288,rogue,assassination,12,3,9
Tìlt,whisperwind,288,rogue,assassination,12,3,9
Finlander,area-52,288,rogue,assassination,12,3,9
Raego,frostmourne,288,rogue,assassination,12,3,9
Karmagoodttv,stormrage,288,rogue,assassination,12,3,9
Brudashmurda,tichondrius,288,rogue,assassination,12,3,9
Flattsr,tichondrius,288,rogue,assassination,12,3,9
Pezcore,illidan,288,rogue,assassination,12,3,9
Alttee,proudmoore,288,rogue,assassination,12,3,9
Moridra,demon-soul,287,rogue,assassination,6,3,3
Shadownibba,illidan,287,rogue,assassination,6,3,3
Loruk,ragnaros,287,rogue,assassination,6,3,3
Gilhela,bloodhoof,287,rogue,assassination,6,3,3
Stunedya,destromath,287,rogue,assassination,6,3,3
Clipp,wildhammer,287,rogue,assassination,6,3,3
Ghutrencha,area-52,287,rogue,assassination,6,3,3
Anarusekkusu,wyrmrest-accord,287,rogue,assassination,12,3,9
Talinô,moknathal,287,rogue,assassination,12,3,9
Lyndra,thunderlord,287,rogue,assassination,12,3,9
Tracemakerr,emerald-dream,287,rogue,assassination,12,3,9
Chïdaruma,azralon,287,rogue,assassination,12,3,9
Olg,arathor,287,rogue,assassination,12,3,9
Cricketts,kalecgos,287,rogue,assassination,16,3,13
Greekstryker,durotan,286,rogue,assassination,6,3,3
Lupindathird,frostmane,285,rogue,assassination,12,3,9
Sanguinnar,nemesis,285,rogue,assassination,12,3,9
Clothies,zuljin,285,rogue,assassination,12,3,9
Synesh,moon-guard,255,rogue,assassination,11,3,8
Chronisch,area-52,255,rogue,assassination,11,3,8
Pitfirex,area-52,239,rogue,assassination,5,3,2
Drøverînsane,thrall,239,rogue,assassination,5,3,2
Tamsy,the-forgotten-coast,239,rogue,assassination,5,3,2
Shigoku,tichondrius,239,rogue,assassination,11,3,8
Walnutrog,area-52,234,rogue,assassination,11,5,6
Pãndã,stormrage,234,rogue,assassination,13,4,9
Skairipa,agamaggan,232,rogue,assassination,7,4,3
Estabo,daggerspine,223,rogue,assassination,8,3,5
Roguegirl,alexstrasza,202,rogue,assassination,18,4,14
Arrakisfangs,illidan,192,rogue,assassination,4,3,1
Ryunøka,quelthalas,192,rogue,assassination,4,3,1
Lesty,kelthuzad,192,rogue,assassination,6,2,4
Shini,malganis,192,rogue,assassination,6,2,4
Wyyre,hyjal,192,rogue,assassination,6,2,4
Darkfalleng,azralon,192,rogue,assassination,6,2,4
Ennmaa,azralon,192,rogue,assassination,6,2,4
Asneakyfox,thunderlord,192,rogue,assassination,6,2,4
Gentlesaop,blackrock,192,rogue,assassination,6,2,4
Allidoisstun,kelthuzad,192,rogue,assassination,6,2,4
Guazona,stormrage,192,rogue,assassination,6,2,4
Corchô,moon-guard,192,rogue,assassination,6,2,4
Luccia,alterac-mountains,192,rogue,assassination,6,2,4
Zenshin,tichondrius,192,rogue,assassination,6,2,4
Poohkié,malganis,192,rogue,assassination,6,2,4
Brand,bonechewer,192,rogue,assassination,6,2,4
Ddeadlykiss,hydraxis,192,rogue,assassination,6,2,4
Rohdahn,proudmoore,192,rogue,assassination,6,2,4
Tagerung,malganis,192,rogue,assassination,6,2,4
Zogbu,stormrage,192,rogue,assassination,6,2,4
Miklos,area-52,192,rogue,assassination,6,2,4
Ryoushei,ragnaros,192,rogue,assassination,6,2,4
Galfuran,burning-legion,192,rogue,assassination,6,2,4
Støné,azjolnerub,192,rogue,assassination,6,2,4
Deathben,tichondrius,192,rogue,assassination,6,2,4
Militant,tichondrius,192,rogue,assassination,6,2,4
Amysix,antonidas,192,rogue,assassination,6,2,4
Omnilol,zuljin,192,rogue,assassination,6,2,4
Procz,kirin-tor,192,rogue,assassination,6,2,4
Ninjapandax,arthas,192,rogue,assassination,6,2,4
Arindis,lightbringer,192,rogue,assassination,6,2,4
Someone,ravencrest,192,rogue,assassination,6,2,4
Ganksterqt,dentarg,192,rogue,assassination,6,2,4
Vanishcdc,area-52,192,rogue,assassination,6,2,4
Märlboro,ragnaros,192,rogue,assassination,6,2,4
Roguemain,smolderthorn,192,rogue,assassination,6,2,4
Snoogly,tichondrius,192,rogue,assassination,6,2,4
Asyncore,tichondrius,192,rogue,assassination,6,2,4
Historymaker,tichondrius,192,rogue,assassination,6,2,4
Ýûñí,tichondrius,192,rogue,assassination,6,2,4
Ccýs,tichondrius,192,rogue,assassination,6,2,4
Sepsicity,durotan,192,rogue,assassination,6,2,4
Garatan,nemesis,192,rogue,assassination,6,2,4
Mermm,burning-blade,192,rogue,assassination,6,2,4
Maverz,area-52,192,rogue,assassination,6,2,4
Smormu,bonechewer,192,rogue,assassination,6,2,4
Yanh,tichondrius,192,rogue,assassination,6,2,4
Yoodoo,nemesis,192,rogue,assassination,6,2,4
Haeqn,nemesis,192,rogue,assassination,6,2,4
Cktko,stormrage,192,rogue,assassination,6,2,4
Fishbae,sargeras,192,rogue,assassination,6,2,4
Wolfmother,nemesis,192,rogue,assassination,6,2,4
Valence,firetree,192,rogue,assassination,6,2,4
Daisuky,nemesis,192,rogue,assassination,6,2,4
Dimfighter,lightbringer,192,rogue,assassination,6,2,4
Novarra,tichondrius,192,rogue,assassination,6,2,4
Nítzy,quelthalas,192,rogue,assassination,6,2,4
Baalos,medivh,192,rogue,assassination,6,2,4
Gabrielgray,firetree,192,rogue,assassination,6,2,4
Kwins,cenarion-circle,192,rogue,assassination,6,2,4
Quickflash,bloodhoof,192,rogue,assassination,6,2,4
Thianir,emerald-dream,192,rogue,assassination,6,2,4
Toestumper,sargeras,192,rogue,assassination,6,2,4
Kazúmi,stormrage,192,rogue,assassination,6,2,4
Karmakula,wildhammer,192,rogue,assassination,6,2,4
Salätzar,quelthalas,192,rogue,assassination,6,2,4
Swickwockdus,azralon,192,rogue,assassination,6,2,4
Shadowudder,emerald-dream,192,rogue,assassination,6,2,4
Wildtrick,greymane,192,rogue,assassination,6,2,4
Ssjseem,sargeras,192,rogue,assassination,6,2,4
Soizhiro,ragnaros,192,rogue,assassination,6,2,4
Benjisuwu,area-52,192,rogue,assassination,6,2,4
Poolover,barthilas,192,rogue,assassination,6,2,4
Taktiix,illidan,192,rogue,assassination,6,2,4
Sneakyboye,barthilas,192,rogue,assassination,6,2,4
Ilesire,frostmourne,192,rogue,assassination,6,2,4
Ninja,jubeithos,192,rogue,assassination,6,2,4
Jaanmonty,frostmourne,192,rogue,assassination,6,2,4
Jpw,barthilas,192,rogue,assassination,6,2,4
Robomom,illidan,192,rogue,assassination,6,2,4
Jolly,frostmourne,192,rogue,assassination,6,2,4
Kinnersr,frostmourne,192,rogue,assassination,6,2,4
Zaozaa,frostmourne,192,rogue,assassination,6,2,4
Sneakysharky,frostmourne,192,rogue,assassination,6,2,4
Savyt,dalaran,192,rogue,assassination,6,2,4
Happyunhappy,illidan,192,rogue,assassination,6,2,4
Itskanashi,frostmourne,192,rogue,assassination,6,2,4
Monnarn,emerald-dream,192,rogue,assassination,11,2,9
Youngtugger,daggerspine,192,rogue,assassination,11,2,9
Liridor,quelthalas,192,rogue,assassination,11,2,9
Watto,ragnaros,192,rogue,assassination,12,2,10
Alts,tichondrius,192,rogue,assassination,12,2,10
Weedshady,barthilas,192,rogue,assassination,12,2,10
Geradyn,stormrage,192,rogue,assassination,12,2,10
Seltzie,bleeding-hollow,192,rogue,assassination,12,2,10
Nines,icecrown,192,rogue,assassination,12,2,10
Novocãin,draka,192,rogue,assassination,12,2,10
Antons,hellscream,192,rogue,assassination,12,2,10
Bloodwish,tichondrius,192,rogue,assassination,12,2,10
Triarc,area-52,192,rogue,assassination,12,2,10
Emboscadora,azralon,192,rogue,assassination,12,2,10
Aghanaar,burning-legion,192,rogue,assassination,12,2,10
Stabsmcslice,laughing-skull,192,rogue,assassination,12,2,10
Pleodonis,tichondrius,192,rogue,assassination,12,2,10
Slowtime,quelthalas,192,rogue,assassination,12,2,10
Subculture,emerald-dream,192,rogue,assassination,12,2,10
Jisatsu,undermine,192,rogue,assassination,12,2,10
Manyt,alterac-mountains,192,rogue,assassination,12,2,10
Swipeah,nathrezim,192,rogue,assassination,12,2,10
Hellgaa,zuljin,192,rogue,assassination,12,2,10
Chuckydoll,sargeras,192,rogue,assassination,12,2,10
Dralax,ragnaros,192,rogue,assassination,18,2,16
Jelloshots,blackhand,191,rogue,assassination,12,4,8
Bekaa,nemesis,191,rogue,assassination,6,2,4
Diatonic,illidan,191,rogue,assassination,6,2,4
Cräsh,goldrinn,191,rogue,assassination,6,2,4
Cretos,jaedenar,191,rogue,assassination,6,2,4
Shadowwolfe,saurfang,191,rogue,assassination,18,2,16
Donpablò,area-52,175,rogue,assassination,11,2,9
ßalto,bleeding-hollow,160,rogue,assassination,10,2,8
Swiftchen,illidan,159,rogue,assassination,5,2,3
Xavar,malganis,159,rogue,assassination,5,2,3
Slithroat,stormrage,159,rogue,assassination,5,2,3
Minato,eredar,138,rogue,assassination,9,4,5
Hazara,sargeras,138,rogue,assassination,11,3,8
Stâbitha,bloodscalp,138,rogue,assassination,20,4,16
Gianniv,chogall,96,rogue,assassination,6,1,5
Stêf,zuljin,96,rogue,assassination,6,1,5
Uppi,bleeding-hollow,96,rogue,assassination,6,1,5
Ntshaav,illidan,96,rogue,assassination,6,1,5
Touchthetip,bleeding-hollow,96,rogue,assassination,6,1,5
Twotimed,magtheridon,96,rogue,assassination,6,1,5
Greased,arthas,96,rogue,assassination,6,1,5
Privz,sargeras,96,rogue,assassination,6,1,5
Shhquiettime,norgannon,96,rogue,assassination,6,1,5
Nubes,illidan,96,rogue,assassination,6,1,5
Khlapncheeks,emerald-dream,96,rogue,assassination,6,1,5
Dopestalien,sargeras,96,rogue,assassination,6,1,5
Biggrogue,illidan,96,rogue,assassination,6,1,5
Catbreath,moonrunner,96,rogue,assassination,6,1,5
Nebiroth,illidan,96,rogue,assassination,6,1,5
Tzs,sargeras,96,rogue,assassination,6,1,5
Ninjasasory,azralon,96,rogue,assassination,6,1,5
Rykojin,dalaran,96,rogue,assassination,6,1,5
Illmurk,zuljin,96,rogue,assassination,6,1,5
Slycraft,gorgonnash,96,rogue,assassination,6,1,5
Meadview,bleeding-hollow,96,rogue,assassination,6,1,5
Saintjon,bleeding-hollow,96,rogue,assassination,6,1,5
Assakiller,azralon,96,rogue,assassination,6,1,5
Giftschlange,azralon,96,rogue,assassination,6,1,5
Deathxx,destromath,96,rogue,assassination,6,1,5
Lu,lethon,96,rogue,assassination,6,1,5
Vùdõõ,area-52,96,rogue,assassination,6,1,5
Flinchyy,dalaran,96,rogue,assassination,6,1,5
Preceptor,azralon,96,rogue,assassination,6,1,5
Tòúka,stormrage,96,rogue,assassination,6,1,5
Clicksbtns,area-52,96,rogue,assassination,6,1,5
Valeeryn,thrall,96,rogue,assassination,6,1,5
Canesuckr,stormrage,96,rogue,assassination,6,1,5
Pocketwaffle,dalaran,96,rogue,assassination,6,1,5
Detektor,stormrage,96,rogue,assassination,6,1,5
Docheatt,dalaran,96,rogue,assassination,6,1,5
Scylas,stormrage,96,rogue,assassination,6,1,5
Stabyou,sentinels,96,rogue,assassination,6,1,5
Sømeøne,malygos,96,rogue,assassination,6,1,5
Ulanor,whisperwind,96,rogue,assassination,6,1,5
Liesmith,kelthuzad,96,rogue,assassination,6,1,5
Zitihait,amanthul,96,rogue,assassination,6,1,5
Erebüs,thunderlord,96,rogue,assassination,6,1,5
Wuzi,azralon,96,rogue,assassination,6,1,5
Boogersugars,khazgoroth,96,rogue,assassination,6,1,5
Kiskapolyus,thrall,96,rogue,assassination,6,1,5
Brutalpocket,malganis,96,rogue,assassination,6,1,5
Buhuhbles,area-52,96,rogue,assassination,6,1,5
Zaphyron,quelthalas,96,rogue,assassination,6,1,5
Irtehpoke,tichondrius,96,rogue,assassination,6,1,5
Panamarojo,tichondrius,96,rogue,assassination,6,1,5
Yohigo,quelthalas,96,rogue,assassination,6,1,5
Twinkrogue,firetree,96,rogue,assassination,6,1,5
Troclar,quelthalas,96,rogue,assassination,6,1,5
Sevrow,wyrmrest-accord,96,rogue,assassination,6,1,5
Tmterminel,moon-guard,96,rogue,assassination,6,1,5
Muhtaal,moon-guard,96,rogue,assassination,6,1,5
Bourrasque,frostmourne,96,rogue,assassination,6,1,5
Elbryán,ragnaros,96,rogue,assassination,6,1,5
Rafikaa,ragnaros,96,rogue,assassination,6,1,5
Meritra,ragnaros,96,rogue,assassination,6,1,5
Omnisc,tichondrius,96,rogue,assassination,6,1,5
Mizrogue,suramar,96,rogue,assassination,6,1,5
Combøz,tichondrius,96,rogue,assassination,6,1,5
Suturamaster,ragnaros,96,rogue,assassination,6,1,5
Burtonee,aegwynn,96,rogue,assassination,6,1,5
Zhaanth,bonechewer,96,rogue,assassination,6,1,5
Ogsilverback,aegwynn,96,rogue,assassination,6,1,5
Cnikun,tichondrius,96,rogue,assassination,6,1,5
Backclapper,tichondrius,96,rogue,assassination,6,1,5
Nightmarës,frostmourne,96,rogue,assassination,6,1,5
Dubiaroaches,tichondrius,96,rogue,assassination,6,1,5
Drsinz,tichondrius,96,rogue,assassination,6,1,5
Ransford,tichondrius,96,rogue,assassination,6,1,5
Vehx,azjolnerub,96,rogue,assassination,6,1,5
Spookyswap,blackrock,96,rogue,assassination,6,1,5
Roogue,frostmourne,96,rogue,assassination,6,1,5
Icantsleep,tichondrius,96,rogue,assassination,6,1,5
Deejey,frostmourne,96,rogue,assassination,6,1,5
Codeine,windrunner,96,rogue,assassination,6,1,5
Rainbowmtn,stormrage,96,rogue,assassination,7,1,6
Razss,stormrage,96,rogue,assassination,8,1,7
Damídia,stormrage,96,rogue,assassination,10,1,9
Voidbone,malganis,96,rogue,assassination,12,1,11
Armonica,wyrmrest-accord,96,rogue,assassination,12,1,11
Rabidlynsane,deathwing,96,rogue,assassination,12,1,11
Verture,frostmourne,96,rogue,assassination,12,1,11
Acrona,dathremar,96,rogue,assassination,12,1,11
Trecutter,grizzly-hills,96,rogue,assassination,12,1,11
Boogiedewitt,emerald-dream,96,rogue,assassination,12,1,11
Kistef,tichondrius,96,rogue,assassination,12,1,11
Lilko,daggerspine,96,rogue,assassination,12,1,11
Voidbrain,area-52,96,rogue,assassination,12,1,11
Véndéttá,area-52,96,rogue,assassination,12,1,11
Karparog,ragnaros,96,rogue,assassination,12,1,11
Keljadian,black-dragonflight,96,rogue,assassination,12,1,11
Xô,lothar,96,rogue,assassination,12,1,11
Irotanin,thrall,95,rogue,assassination,6,1,5
Averagepimpn,tichondrius,79,rogue,assassination,5,1,4
Radiantrogue,nordrassil,79,rogue,assassination,5,1,4
Hadez,nemesis,63,rogue,assassination,4,1,3
Entriped,stormrage,48,rogue,assassination,3,1,2
Raqed,eredar,48,rogue,assassination,3,1,2
Stabbindude,illidan,48,rogue,assassination,3,1,2
Gilbarblo,skywall,48,rogue,assassination,9,1,8
Sûshì,tichondrius,48,rogue,assassination,9,1,8
Naoyuki,stormrage,42,rogue,assassination,7,2,5
Nargonis,illidan,42,rogue,assassination,8,2,6
Parmigianore,ragnaros,42,rogue,assassination,10,2,8
Jerzs,tichondrius,42,rogue,assassination,11,2,9
Ajy,tichondrius,31,rogue,assassination,2,1,1
Najmoiran,area-52,31,rogue,assassination,2,1,1
Dàmìan,mugthol,31,rogue,assassination,2,1,1
Sneakattacks,illidan,16,rogue,assassination,1,1,0
Ascherx,illidan,16,rogue,assassination,1,1,0
Rompoloyo,quelthalas,15,rogue,assassination,1,1,0
Dyllbar,tichondrius,2283,shaman,restoration,157,89,68
Dadbar,tichondrius,2281,shaman,restoration,108,67,41
Samyeh,tichondrius,2252,shaman,restoration,83,55,28
Yooseafood,tichondrius,2248,shaman,restoration,119,75,44
Orochisháman,stormrage,2222,shaman,restoration,96,55,41
Iissham,darkspear,2214,shaman,restoration,272,149,123
Aameng,tichondrius,2212,shaman,restoration,126,70,56
Illiteratex,tichondrius,2168,shaman,restoration,88,49,39
Plewt,zuljin,2166,shaman,restoration,218,118,100
Ttvfoxyllama,tichondrius,2161,shaman,restoration,106,55,51
Skipperx,thrall,2157,shaman,restoration,84,50,34
Xtremeorc,area-52,2148,shaman,restoration,72,41,31
Spagetje,tichondrius,2136,shaman,restoration,490,255,235
Crazyshamañ,akama,2131,shaman,restoration,127,69,58
Restobyte,moon-guard,2124,shaman,restoration,78,47,31
Akwesy,stormrage,2117,shaman,restoration,187,102,85
Breadx,khaz-modan,2116,shaman,restoration,48,28,20
Breuer,tichondrius,2115,shaman,restoration,152,83,69
Bigyikez,kelthuzad,2109,shaman,restoration,217,126,91
Zavoky,tichondrius,2087,shaman,restoration,300,160,140
Selketh,area-52,2082,shaman,restoration,85,48,37
Kwesy,tichondrius,2065,shaman,restoration,60,35,25
Svanteson,wyrmrest-accord,2061,shaman,restoration,178,92,86
Devilsham,tichondrius,2060,shaman,restoration,66,33,33
Abovesky,proudmoore,2057,shaman,restoration,210,106,104
Kantok,quelthalas,2051,shaman,restoration,89,55,34
Hódoong,tichondrius,2051,shaman,restoration,70,35,35
Nemix,barthilas,2049,shaman,restoration,66,38,28
Vicioushands,illidan,2047,shaman,restoration,66,37,29
Laydboiyo,tichondrius,2043,shaman,restoration,96,47,49
Uncleilli,tichondrius,2042,shaman,restoration,166,83,83
Tréway,area-52,2041,shaman,restoration,96,53,43
Madoka,llane,2035,shaman,restoration,107,57,50
Caibeeshammy,tichondrius,2032,shaman,restoration,289,149,140
Nediar,tichondrius,2031,shaman,restoration,72,47,25
Sizure,frostmourne,2022,shaman,restoration,142,74,68
Blaiserpub,tichondrius,2018,shaman,restoration,112,59,53
Jîneth,tichondrius,2015,shaman,restoration,131,69,62
Lötus,tichondrius,2010,shaman,restoration,110,61,49
Itsallgoodx,tichondrius,2008,shaman,restoration,114,55,59
Gratiens,zuljin,2006,shaman,restoration,198,101,97
Kurtcx,tichondrius,2005,shaman,restoration,609,315,294
Coreygunz,illidan,2001,shaman,restoration,60,32,28
Smlz,garrosh,1998,shaman,restoration,68,38,30
Tpokes,sargeras,1989,shaman,restoration,71,39,32
Boyfromhell,stormrage,1985,shaman,restoration,103,50,53
Nanosec,tichondrius,1981,shaman,restoration,60,35,25
Shamanbini,tichondrius,1980,shaman,restoration,83,44,39
Epicthesloth,sargeras,1976,shaman,restoration,71,38,33
Muscleyuan,tichondrius,1975,shaman,restoration,89,44,45
Berquon,tichondrius,1974,shaman,restoration,78,40,38
Shamaen,kelthuzad,1971,shaman,restoration,125,64,61
Ilavayoualot,malganis,1970,shaman,restoration,160,76,84
Üchihamadarâ,tichondrius,1968,shaman,restoration,67,37,30
Fàlc,stormrage,1964,shaman,restoration,54,31,23
Wtbtotem,tichondrius,1959,shaman,restoration,78,41,37
Riptiedx,barthilas,1955,shaman,restoration,78,38,40
Corianderism,tichondrius,1953,shaman,restoration,119,59,60
Flarkology,area-52,1951,shaman,restoration,48,25,23
Kellogsz,malganis,1949,shaman,restoration,126,63,63
Nepos,dragonmaw,1944,shaman,restoration,102,50,52
Hiermy,tichondrius,1942,shaman,restoration,71,40,31
Timpossible,tichondrius,1941,shaman,restoration,589,292,297
Aureal,malganis,1938,shaman,restoration,198,116,82
Yungtooth,emerald-dream,1938,shaman,restoration,107,57,50
Terapatrik,area-52,1935,shaman,restoration,170,87,83
Plorenz,illidan,1934,shaman,restoration,60,36,24
Oryxx,kiljaeden,1934,shaman,restoration,84,40,44
Kafkaesk,tichondrius,1933,shaman,restoration,78,34,44
Stormtitan,malganis,1932,shaman,restoration,140,71,69
Hodoongs,tichondrius,1932,shaman,restoration,70,35,35
Peyn,shadowsong,1930,shaman,restoration,90,43,47
Baodan,azshara,1926,shaman,restoration,192,99,93
Menc,frostmourne,1924,shaman,restoration,114,56,58
Ratedpvp,thrall,1923,shaman,restoration,200,115,85
Cruv,thrall,1921,shaman,restoration,164,81,83
Angrygochuxx,tichondrius,1918,shaman,restoration,41,23,18
Oridean,area-52,1911,shaman,restoration,48,26,22
Ogctkoy,illidan,1911,shaman,restoration,172,88,84
Stormlashx,sargeras,1909,shaman,restoration,42,24,18
Totempack,stormrage,1909,shaman,restoration,66,31,35
Wâgu,moon-guard,1904,shaman,restoration,64,29,35
Linkmyballs,tichondrius,1901,shaman,restoration,83,46,37
Shamanese,emerald-dream,1901,shaman,restoration,42,20,22
Shamangpt,illidan,1897,shaman,restoration,116,72,44
Slimdavey,tichondrius,1894,shaman,restoration,286,149,137
Muggz,sargeras,1893,shaman,restoration,78,39,39
Bigmontana,tichondrius,1892,shaman,restoration,66,33,33
Lignipzyo,doomhammer,1888,shaman,restoration,54,28,26
Huáxià,tichondrius,1888,shaman,restoration,166,86,80
Däbü,tichondrius,1887,shaman,restoration,84,40,44
Onlytides,malganis,1885,shaman,restoration,66,46,20
Sokta,azgalor,1885,shaman,restoration,181,93,88
Smrtdeath,zuljin,1884,shaman,restoration,53,30,23
Bóòchainz,tichondrius,1881,shaman,restoration,34,21,13
Nayro,bleeding-hollow,1878,shaman,restoration,737,387,350
Eboy,thrall,1877,shaman,restoration,265,137,128
Tisaa,illidan,1876,shaman,restoration,30,20,10
Dehsaw,illidan,1875,shaman,restoration,138,70,68
Vlly,tichondrius,1874,shaman,restoration,65,30,35
Sewerperson,zuljin,1873,shaman,restoration,60,32,28
Bigspaghetti,thrall,1873,shaman,restoration,72,35,37
Esqueue,sargeras,1871,shaman,restoration,48,29,19
Dadidun,tichondrius,1870,shaman,restoration,60,31,29
Fluiid,tichondrius,1866,shaman,restoration,42,24,18
Hulan,tichondrius,1865,shaman,restoration,36,20,16
Pedaphil,frostmourne,1863,shaman,restoration,66,37,29
Pingatronx,ragnaros,1862,shaman,restoration,84,40,44
Patzog,area-52,1861,shaman,restoration,42,25,17
Bômi,tichondrius,1861,shaman,restoration,184,96,88
Kimflo,tichondrius,1860,shaman,restoration,549,277,272
Badshock,tichondrius,1859,shaman,restoration,48,35,13
Ganvitchenko,illidan,1858,shaman,restoration,132,67,65
Aiyoubro,tichondrius,1857,shaman,restoration,59,33,26
Fierymoo,frostmourne,1857,shaman,restoration,59,31,28
Haedodae,tichondrius,1857,shaman,restoration,81,32,49
Hotknifez,tichondrius,1856,shaman,restoration,48,24,24
Exceedër,ragnaros,1854,shaman,restoration,66,36,30
Cardïß,tichondrius,1854,shaman,restoration,48,26,22
Moistbeans,tichondrius,1854,shaman,restoration,48,26,22
Gweemextreme,tichondrius,1853,shaman,restoration,161,87,74
Gragomga,area-52,1853,shaman,restoration,198,98,100
Cmsi,tichondrius,1852,shaman,restoration,48,26,22
Ravaburst,sargeras,1849,shaman,restoration,141,65,76
Jangbi,malganis,1848,shaman,restoration,405,205,200
Torrentzx,sargeras,1848,shaman,restoration,72,34,38
Moldymeatbox,emerald-dream,1847,shaman,restoration,96,47,49
Helga,hellscream,1845,shaman,restoration,48,29,19
Solam,greymane,1845,shaman,restoration,60,31,29
Paoran,sargeras,1843,shaman,restoration,148,84,64
Shozen,bonechewer,1843,shaman,restoration,281,147,134
Upyourtotem,illidan,1842,shaman,restoration,30,22,8
Shamcena,the-scryers,1842,shaman,restoration,51,28,23
Ogran,stormscale,1840,shaman,restoration,60,27,33
Chocopuff,bleeding-hollow,1838,shaman,restoration,66,33,33
Evilabev,bonechewer,1837,shaman,restoration,53,24,29
Conjunction,azjolnerub,1837,shaman,restoration,65,29,36
Thormør,tichondrius,1836,shaman,restoration,49,26,23
Splashz,illidan,1836,shaman,restoration,125,62,63
Totemgripper,moon-guard,1833,shaman,restoration,71,43,28
Stylesp,tichondrius,1833,shaman,restoration,60,32,28
Momolagbbit,tichondrius,1833,shaman,restoration,40,21,19
Chontastic,darkspear,1833,shaman,restoration,60,27,33
Suzhixie,akama,1831,shaman,restoration,175,82,93
Raeoki,area-52,1830,shaman,restoration,215,114,101
Wanghaisham,kelthuzad,1830,shaman,restoration,123,63,60
Waymond,khadgar,1830,shaman,restoration,266,135,131
Taronì,zuljin,1830,shaman,restoration,120,58,62
Chobawn,tichondrius,1829,shaman,restoration,60,32,28
Bluekid,barthilas,1828,shaman,restoration,54,30,24
Snoozeshaman,ragnaros,1826,shaman,restoration,36,21,15
Beyoncé,lethon,1826,shaman,restoration,53,30,23
Chazzwozza,area-52,1826,shaman,restoration,53,30,23
Hathul,bleeding-hollow,1826,shaman,restoration,60,33,27
Tuskcrusher,dalaran,1825,shaman,restoration,72,30,42
Hehew,kelthuzad,1824,shaman,restoration,200,113,87
Solidhomme,tichondrius,1824,shaman,restoration,54,30,24
Gjök,nemesis,1824,shaman,restoration,54,22,32
Fluxxy,tichondrius,1823,shaman,restoration,127,58,69
Semtechs,tichondrius,1822,shaman,restoration,564,280,284
Cryochemist,tichondrius,1819,shaman,restoration,29,23,6
Notmugg,sargeras,1819,shaman,restoration,54,31,23
Lingdusm,tichondrius,1819,shaman,restoration,58,33,25
Tarròò,bleeding-hollow,1819,shaman,restoration,60,34,26
Lavalavalava,eonar,1819,shaman,restoration,54,26,28
Itsyabøiwill,area-52,1818,shaman,restoration,90,54,36
Sunyang,tichondrius,1818,shaman,restoration,78,37,41
Terrasham,barthilas,1818,shaman,restoration,47,20,27
Purpose,nerzhul,1817,shaman,restoration,54,33,21
Waterbro,tichondrius,1817,shaman,restoration,119,66,53
Nktx,tichondrius,1816,shaman,restoration,130,73,57
Gyrogg,scilla,1816,shaman,restoration,525,278,247
Ryuubi,illidan,1815,shaman,restoration,54,34,20
Immabòt,tichondrius,1813,shaman,restoration,59,36,23
Overtax,tichondrius,1813,shaman,restoration,96,53,43
Ericzlassoz,tichondrius,1812,shaman,restoration,66,42,24
Linkandwink,nerzhul,1812,shaman,restoration,48,28,20
Grymn,sargeras,1812,shaman,restoration,264,132,132
Kobecoopper,sargeras,1812,shaman,restoration,78,39,39
Chessyc,ragnaros,1811,shaman,restoration,77,36,41
Kurtxc,tichondrius,1810,shaman,restoration,36,25,11
Dantheman,twisting-nether,1810,shaman,restoration,42,23,19
Seimitsu,tichondrius,1810,shaman,restoration,47,24,23
Annte,stonemaul,1809,shaman,restoration,64,32,32
Meatballs,kirin-tor,1809,shaman,restoration,62,31,31
Desee,bleeding-hollow,1809,shaman,restoration,54,27,27
Wulfey,sargeras,1808,shaman,restoration,53,28,25
Ligegelol,tichondrius,1808,shaman,restoration,77,39,38
Kandshamy,azralon,1807,shaman,restoration,118,69,49
Ookmetide,bleeding-hollow,1807,shaman,restoration,52,29,23
Wraethy,illidan,1807,shaman,restoration,368,192,176
Willy,icecrown,1807,shaman,restoration,87,44,43
Cigaretter,tichondrius,1806,shaman,restoration,92,38,54
Astrøcyte,tichondrius,1804,shaman,restoration,96,46,50
Tolík,ragnaros,1803,shaman,restoration,54,26,28
Knockedup,tichondrius,1802,shaman,restoration,41,26,15
Earthspeaker,bleeding-hollow,1802,shaman,restoration,54,33,21
Lemmehex,illidan,1802,shaman,restoration,61,37,24
Hairyrichard,zuljin,1802,shaman,restoration,1043,546,497
Oceangrown,emerald-dream,1802,shaman,restoration,51,22,29
Joyrex,spinebreaker,1802,shaman,restoration,75,30,45
Jìmmybuckets,tichondrius,1801,shaman,restoration,59,37,22
Papatooties,tichondrius,1801,shaman,restoration,275,132,143
Stórmstruck,area-52,1800,shaman,restoration,72,41,31
Holdmytotum,tichondrius,1800,shaman,restoration,52,29,23
Nazugresha,bleeding-hollow,1800,shaman,restoration,42,23,19
Baseballcap,sargeras,1800,shaman,restoration,78,37,41
Shield,lightnings-blade,1800,shaman,restoration,42,19,23
Shockmematty,tichondrius,1798,shaman,restoration,36,25,11
Inmø,ragnaros,1797,shaman,restoration,36,19,17
Mandleman,tichondrius,1795,shaman,restoration,152,88,64
Canadalol,kelthuzad,1790,shaman,restoration,59,27,32
Inpantsment,barthilas,1786,shaman,restoration,163,87,76
Rollintotems,bleeding-hollow,1785,shaman,restoration,84,39,45
Drupman,dalaran,1784,shaman,restoration,48,24,24
Kromgul,malfurion,1784,shaman,restoration,102,48,54
Sleepysham,kelthuzad,1783,shaman,restoration,174,91,83
Petrafk,illidan,1783,shaman,restoration,161,72,89
Bombadil,korgath,1782,shaman,restoration,42,22,20
Mybbro,kiljaeden,1782,shaman,restoration,116,55,61
Bubbacheeks,area-52,1781,shaman,restoration,84,50,34
Zaapi,dalaran,1781,shaman,restoration,114,62,52
Erbicklet,ragnaros,1781,shaman,restoration,214,113,101
Booramqt,tichondrius,1780,shaman,restoration,47,27,20
Okinn,malganis,1780,shaman,restoration,65,36,29
Blazingtotem,dunemaul,1775,shaman,restoration,125,64,61
Petzah,barthilas,1774,shaman,restoration,54,25,29
Bluepigo,tichondrius,1771,shaman,restoration,73,33,40
Badhealerip,tichondrius,1770,shaman,restoration,86,47,39
Shanasty,bleeding-hollow,1769,shaman,restoration,60,31,29
Bootybpoppin,mugthol,1765,shaman,restoration,132,81,51
Ränton,bleeding-hollow,1764,shaman,restoration,54,28,26
Charlesby,tichondrius,1763,shaman,restoration,216,124,92
Laji,cairne,1763,shaman,restoration,239,119,120
Youliuhua,tichondrius,1763,shaman,restoration,54,26,28
Toxidizetkö,azralon,1762,shaman,restoration,91,52,39
Vogaz,ragnaros,1761,shaman,restoration,70,35,35
Bozzyy,illidan,1761,shaman,restoration,114,56,58
Cpplol,tichondrius,1760,shaman,restoration,68,38,30
Onagi,frostmourne,1760,shaman,restoration,132,73,59
Hydrocheck,tichondrius,1760,shaman,restoration,172,91,81
Julíp,tichondrius,1760,shaman,restoration,58,23,35
Meskthemage,barthilas,1758,shaman,restoration,65,32,33
Rawdogginher,dalaran,1757,shaman,restoration,42,26,16
Deephole,illidan,1756,shaman,restoration,271,135,136
Chomang,stormreaver,1755,shaman,restoration,132,62,70
Funkesapien,tichondrius,1754,shaman,restoration,60,29,31
Sln,bleeding-hollow,1754,shaman,restoration,42,20,22
Groundingtot,hydraxis,1753,shaman,restoration,66,36,30
Strives,icecrown,1752,shaman,restoration,114,59,55
Chiggys,area-52,1752,shaman,restoration,71,36,35
Héadshot,bleeding-hollow,1752,shaman,restoration,189,95,94
Blackpïnk,tichondrius,1750,shaman,restoration,203,103,100
Biguaga,tichondrius,1748,shaman,restoration,66,38,28
Shawmen,zuljin,1748,shaman,restoration,208,110,98
Gatorwavez,bleeding-hollow,1746,shaman,restoration,89,51,38
Warríed,sargeras,1746,shaman,restoration,59,29,30
Suyy,tichondrius,1746,shaman,restoration,54,26,28
Camer,sargeras,1745,shaman,restoration,54,33,21
Xxchamana,ragnaros,1745,shaman,restoration,36,21,15
Mastashamsta,illidan,1745,shaman,restoration,48,25,23
Svondo,illidan,1744,shaman,restoration,37,25,12
Blackfancy,thrall,1744,shaman,restoration,56,32,24
Rookieshaman,tichondrius,1744,shaman,restoration,66,34,32
Nerfmytotemz,frostmourne,1742,shaman,restoration,54,29,25
Chonchastic,darkspear,1741,shaman,restoration,54,27,27
Slowpo,illidan,1740,shaman,restoration,80,32,48
Badjojò,ragnaros,1739,shaman,restoration,42,22,20
Meepsham,kilrogg,1739,shaman,restoration,48,25,23
Ftp,kelthuzad,1738,shaman,restoration,47,26,21
Esqueue,tichondrius,1736,shaman,restoration,36,22,14
Pookiexo,illidan,1736,shaman,restoration,41,25,16
Fkwithme,burning-blade,1735,shaman,restoration,89,43,46
Boxfour,tichondrius,1734,shaman,restoration,123,57,66
Rantòn,bleeding-hollow,1733,shaman,restoration,59,27,32
Yehbeen,tichondrius,1732,shaman,restoration,66,38,28
Moorgl,tichondrius,1732,shaman,restoration,53,26,27
Bacon,lightninghoof,1732,shaman,restoration,204,94,110
Multiduelist,bleeding-hollow,1731,shaman,restoration,60,40,20
Redds,tichondrius,1731,shaman,restoration,132,87,45
Juicedbydad,kelthuzad,1731,shaman,restoration,90,47,43
Bigbadsac,frostmourne,1731,shaman,restoration,225,111,114
Gki,tichondrius,1730,shaman,restoration,91,60,31
Dbmx,tichondrius,1730,shaman,restoration,42,25,17
Sìxnìne,tichondrius,1730,shaman,restoration,79,38,41
Flõp,dalaran,1729,shaman,restoration,32,22,10
Doubletåp,emerald-dream,1729,shaman,restoration,47,23,24
Boohaha,khadgar,1728,shaman,restoration,102,52,50
Maloran,zuljin,1727,shaman,restoration,65,24,41
Wastedlink,tichondrius,1726,shaman,restoration,89,47,42
Lilgeeh,kelthuzad,1726,shaman,restoration,58,30,28
Toazty,stormscale,1725,shaman,restoration,81,46,35
Bigtexas,tichondrius,1724,shaman,restoration,29,22,7
Oninobu,sargeras,1724,shaman,restoration,70,44,26
Zingysham,tichondrius,1724,shaman,restoration,111,55,56
Mitchestic,illidan,1724,shaman,restoration,119,50,69
Jimmybutler,tichondrius,1722,shaman,restoration,30,18,12
Phxhouse,illidan,1722,shaman,restoration,324,159,165
Spampurge,emerald-dream,1721,shaman,restoration,36,21,15
Shamanesè,emerald-dream,1721,shaman,restoration,36,18,18
Shamanceylol,barthilas,1720,shaman,restoration,164,90,74
Gunrose,proudmoore,1720,shaman,restoration,221,117,104
Hoonjojjyans,tichondrius,1715,shaman,restoration,24,18,6
Raïñ,stormrage,1715,shaman,restoration,30,18,12
Dxxlol,tichondrius,1715,shaman,restoration,68,36,32
Laodo,tichondrius,1715,shaman,restoration,46,22,24
Krazyc,sargeras,1713,shaman,restoration,96,49,47
Bizzarro,azgalor,1713,shaman,restoration,79,40,39
Ðiglett,frostmourne,1713,shaman,restoration,146,72,74
Tôôz,stormrage,1712,shaman,restoration,30,18,12
Animus,dark-iron,1709,shaman,restoration,58,37,21
Duregar,tichondrius,1709,shaman,restoration,60,35,25
Medzoe,tichondrius,1709,shaman,restoration,52,26,26
Hoshwear,azralon,1708,shaman,restoration,85,52,33
Cheddaman,kiljaeden,1706,shaman,restoration,72,34,38
Drammah,malganis,1705,shaman,restoration,78,37,41
Tobírama,bleeding-hollow,1705,shaman,restoration,54,23,31
Slm,bleeding-hollow,1704,shaman,restoration,24,18,6
Hustlenflow,tichondrius,1704,shaman,restoration,60,32,28
Sylicious,barthilas,1703,shaman,restoration,48,28,20
Elementz,tichondrius,1703,shaman,restoration,222,116,106
Bogz,korgath,1703,shaman,restoration,239,113,126
Specifyz,arathor,1702,shaman,restoration,42,24,18
Elemka,sargeras,1700,shaman,restoration,36,24,12
Bigdictuna,sargeras,1700,shaman,restoration,278,150,128
Sacredcowxd,tichondrius,1699,shaman,restoration,95,53,42
Vegaslytes,tichondrius,1698,shaman,restoration,54,35,19
Renghostwolf,illidan,1698,shaman,restoration,36,18,18
Lingduacn,tichondrius,1698,shaman,restoration,36,18,18
Ozmats,malganis,1697,shaman,restoration,88,42,46
Xoweeknd,bleeding-hollow,1697,shaman,restoration,42,19,23
Raxshock,stormrage,1696,shaman,restoration,60,35,25
Trouvaille,tichondrius,1696,shaman,restoration,59,30,29
Kyma,black-dragonflight,1696,shaman,restoration,55,27,28
Magma,spirestone,1695,shaman,restoration,102,62,40
Shockxd,illidan,1695,shaman,restoration,48,25,23
Gilbert,firetree,1695,shaman,restoration,41,20,21
Montageb,illidan,1694,shaman,restoration,39,29,10
Zoeyzour,illidan,1694,shaman,restoration,463,239,224
Møp,spirestone,1694,shaman,restoration,143,72,71
Namso,tichondrius,1693,shaman,restoration,48,23,25
Lamente,ragnaros,1693,shaman,restoration,41,18,23
Eletius,tichondrius,1690,shaman,restoration,29,26,3
Vrom,whisperwind,1690,shaman,restoration,90,51,39
Sin,bleeding-hollow,1690,shaman,restoration,36,20,16
Raywhiter,tichondrius,1690,shaman,restoration,84,40,44
Wegoagain,tichondrius,1690,shaman,restoration,42,20,22
Shacewoman,altar-of-storms,1690,shaman,restoration,198,92,106
Xruok,kelthuzad,1689,shaman,restoration,39,24,15
Ittøki,tichondrius,1689,shaman,restoration,41,24,17
Rbg,sargeras,1689,shaman,restoration,229,126,103
Vexxs,shadowmoon,1689,shaman,restoration,48,25,23
Anasyed,emerald-dream,1688,shaman,restoration,30,18,12
Thunderspark,tichondrius,1688,shaman,restoration,72,42,30
Gjok,nemesis,1687,shaman,restoration,65,24,41
Shk,illidan,1686,shaman,restoration,42,27,15
Haard,area-52,1685,shaman,restoration,60,26,34
Flappygooch,illidan,1683,shaman,restoration,113,51,62
Weoo,doomhammer,1683,shaman,restoration,71,32,39
Platewalrus,illidan,1682,shaman,restoration,42,24,18
Blueteam,blackrock,1682,shaman,restoration,54,28,26
Bizzarra,azshara,1681,shaman,restoration,39,26,13
Touchmytotmm,tichondrius,1681,shaman,restoration,36,20,16
Naweiv,caelestrasz,1681,shaman,restoration,78,42,36
Vayces,barthilas,1681,shaman,restoration,211,110,101
Ibreakanklez,bleeding-hollow,1681,shaman,restoration,42,20,22
Cosmô,sargeras,1679,shaman,restoration,48,20,28
Tanta,gurubashi,1678,shaman,restoration,57,25,32
Isagii,stormrage,1677,shaman,restoration,65,38,27
Fatdixb,illidan,1677,shaman,restoration,58,32,26
Windmyl,emerald-dream,1677,shaman,restoration,62,34,28
Ghomragar,antonidas,1677,shaman,restoration,111,51,60
Dingfu,sargeras,1676,shaman,restoration,202,117,85
Shamankie,tichondrius,1676,shaman,restoration,64,25,39
Rynoh,dalaran,1675,shaman,restoration,121,64,57
Harigomi,tichondrius,1675,shaman,restoration,492,255,237
Diulama,tichondrius,1674,shaman,restoration,99,57,42
Nethyxsoy,frostmourne,1673,shaman,restoration,48,33,15
Sorgal,area-52,1673,shaman,restoration,66,26,40
Plzdontlos,illidan,1672,shaman,restoration,161,96,65
Urga,hyjal,1672,shaman,restoration,36,20,16
Krewesham,uldaman,1671,shaman,restoration,40,24,16
Nerfmytotems,barthilas,1671,shaman,restoration,54,30,24
Devastaterr,bleeding-hollow,1671,shaman,restoration,134,69,65
Kelta,kelthuzad,1670,shaman,restoration,88,44,44
Thelphor,nemesis,1669,shaman,restoration,48,24,24
Peegee,zuluhed,1669,shaman,restoration,90,41,49
Wûbbie,emerald-dream,1669,shaman,restoration,55,20,35
Benjaminx,tichondrius,1668,shaman,restoration,125,78,47
Victorin,zuljin,1667,shaman,restoration,120,68,52
Tokuma,illidan,1667,shaman,restoration,58,26,32
Drekkhal,area-52,1666,shaman,restoration,178,104,74
Horizonsham,stormrage,1666,shaman,restoration,66,36,30
Skipler,stormrage,1666,shaman,restoration,66,36,30
Zeonard,ragnaros,1666,shaman,restoration,300,156,144
Totemslol,ysera,1665,shaman,restoration,101,51,50
World,frostmourne,1663,shaman,restoration,65,36,29
Semnicktotem,area-52,1663,shaman,restoration,72,36,36
Meeb,emerald-dream,1663,shaman,restoration,42,19,23
Durogh,darkspear,1663,shaman,restoration,68,28,40
Shadowz,alexstrasza,1662,shaman,restoration,92,56,36
Hamrok,moon-guard,1662,shaman,restoration,84,42,42
Reppinsix,sargeras,1662,shaman,restoration,58,24,34
Randomshammy,stormrage,1661,shaman,restoration,90,51,39
Latorius,frostmourne,1660,shaman,restoration,213,123,90
Tizm,stormrage,1659,shaman,restoration,42,26,16
Snooze,ragnaros,1659,shaman,restoration,60,36,24
Prêttylights,bleeding-hollow,1659,shaman,restoration,36,20,16
Blck,malorne,1659,shaman,restoration,71,36,35
Exshocks,tichondrius,1658,shaman,restoration,60,33,27
Imd,tichondrius,1658,shaman,restoration,42,21,21
Gorillox,chogall,1657,shaman,restoration,42,23,19
Belarix,emerald-dream,1657,shaman,restoration,241,115,126
Polarities,malganis,1657,shaman,restoration,96,44,52
Kolanji,akama,1656,shaman,restoration,102,55,47
Zuescannon,kelthuzad,1656,shaman,restoration,84,39,45
Restosêxual,tichondrius,1655,shaman,restoration,42,21,21
Kassper,tichondrius,1654,shaman,restoration,103,57,46
Yeeraldyn,quelthalas,1654,shaman,restoration,66,34,32
Novoz,tichondrius,1653,shaman,restoration,42,24,18
Whameradetu,suramar,1653,shaman,restoration,71,31,40
Bobbybigdam,tichondrius,1652,shaman,restoration,135,68,67
Goobie,crushridge,1651,shaman,restoration,68,43,25
Win,blackwing-lair,1651,shaman,restoration,36,21,15
Mixxt,illidan,1649,shaman,restoration,36,19,17
Bolteon,malganis,1648,shaman,restoration,30,21,9
Okïòmó,proudmoore,1648,shaman,restoration,47,21,26
Afktotems,suramar,1648,shaman,restoration,48,18,30
Prowdt,azralon,1646,shaman,restoration,430,225,205
Fuzzymuzzy,illidan,1646,shaman,restoration,112,58,54
Jsell,zuljin,1646,shaman,restoration,56,28,28
Badclass,the-underbog,1645,shaman,restoration,65,36,29
Amdshaman,thrall,1645,shaman,restoration,67,37,30
Luckyscatter,frostmourne,1645,shaman,restoration,48,23,25
Mayim,sargeras,1644,shaman,restoration,30,18,12
Neosham,frostwolf,1644,shaman,restoration,100,48,52
Zechary,proudmoore,1643,shaman,restoration,65,40,25
Scroogz,emerald-dream,1642,shaman,restoration,120,59,61
Éspresso,moon-guard,1642,shaman,restoration,102,50,52
Óompaloompa,frostmourne,1642,shaman,restoration,42,20,22
Ekss,tichondrius,1642,shaman,restoration,48,19,29
Ric,malganis,1641,shaman,restoration,45,24,21
Qksilverz,nemesis,1641,shaman,restoration,119,60,59
Squimbert,tichondrius,1641,shaman,restoration,48,21,27
Singleorigin,tichondrius,1641,shaman,restoration,105,41,64
Akheeta,tichondrius,1639,shaman,restoration,69,47,22
Youarenothim,area-52,1639,shaman,restoration,42,27,15
Ballmeblazer,tichondrius,1639,shaman,restoration,30,19,11
Ciroc,sargeras,1639,shaman,restoration,35,19,16
Mastlau,tichondrius,1639,shaman,restoration,90,44,46
Ethikas,tichondrius,1638,shaman,restoration,42,24,18
Erwin,bonechewer,1638,shaman,restoration,225,123,102
Beastofmagic,illidan,1638,shaman,restoration,125,68,57
Dgshaman,tichondrius,1637,shaman,restoration,32,20,12
Darcheros,quelthalas,1637,shaman,restoration,90,48,42
Macksimas,tichondrius,1636,shaman,restoration,42,22,20
Pressyocds,darkspear,1635,shaman,restoration,47,28,19
Angelbie,tichondrius,1635,shaman,restoration,80,37,43
Daddybeaarr,thrall,1635,shaman,restoration,55,25,30
Humiliated,stormrage,1635,shaman,restoration,42,18,24
Dolshamizzy,tichondrius,1634,shaman,restoration,84,41,43
Echoelements,tichondrius,1634,shaman,restoration,41,18,23
Chlckenx,tichondrius,1633,shaman,restoration,171,86,85
Rocksbury,malganis,1631,shaman,restoration,36,21,15
Hirah,frostmourne,1631,shaman,restoration,41,23,18
Shortbusqt,hyjal,1631,shaman,restoration,42,23,19
Surginate,zuljin,1631,shaman,restoration,48,22,26
Wawsham,tichondrius,1631,shaman,restoration,48,19,29
Colterr,thunderhorn,1628,shaman,restoration,51,25,26
Nagiska,ragnaros,1628,shaman,restoration,57,26,31
Stormstrikes,tichondrius,1628,shaman,restoration,88,39,49
Cháningtotem,frostmourne,1627,shaman,restoration,30,19,11
Intruzionall,barthilas,1627,shaman,restoration,241,130,111
Wonima,tichondrius,1627,shaman,restoration,34,18,16
Ginju,madoran,1627,shaman,restoration,188,95,93
Baern,thrall,1626,shaman,restoration,98,47,51
Chitoss,gorgonnash,1625,shaman,restoration,322,169,153
Streamsnipe,sargeras,1624,shaman,restoration,100,68,32
Drfentanylx,emerald-dream,1623,shaman,restoration,30,17,13
Shxl,zuljin,1622,shaman,restoration,24,17,7
Spiritry,tichondrius,1622,shaman,restoration,204,107,97
Ribbeye,tichondrius,1622,shaman,restoration,212,102,110
Electricsham,archimonde,1622,shaman,restoration,36,17,19
Sasgöb,illidan,1622,shaman,restoration,101,43,58
Enfusiontv,tichondrius,1621,shaman,restoration,30,21,9
Texmawave,moon-guard,1621,shaman,restoration,125,71,54
Shayprime,tichondrius,1621,shaman,restoration,48,25,23
Abulailah,sargeras,1621,shaman,restoration,120,61,59
Thuntard,bleeding-hollow,1621,shaman,restoration,48,23,25
Jbalvi,ragnaros,1620,shaman,restoration,211,117,94
Fernetbrança,ragnaros,1620,shaman,restoration,62,34,28
Philbert,boulderfist,1619,shaman,restoration,80,51,29
Keekballx,tichondrius,1619,shaman,restoration,60,28,32
Yoshìmìtsu,illidan,1618,shaman,restoration,102,53,49
Rockzoa,tichondrius,1617,shaman,restoration,84,34,50
Bakayarøu,tichondrius,1616,shaman,restoration,42,20,22
Biased,sargeras,1615,shaman,restoration,42,17,25
Dazu,drakkari,1614,shaman,restoration,57,38,19
Insîdious,thrall,1614,shaman,restoration,36,21,15
Quendella,aggramar,1613,shaman,restoration,42,25,17
Gordonramsai,sargeras,1613,shaman,restoration,325,173,152
Polared,hyjal,1613,shaman,restoration,52,25,27
Noolube,barthilas,1613,shaman,restoration,72,34,38
Velar,frostwolf,1613,shaman,restoration,48,19,29
Todems,kalecgos,1612,shaman,restoration,42,24,18
Gödöfbüdå,tichondrius,1611,shaman,restoration,48,25,23
Makocc,tichondrius,1611,shaman,restoration,48,24,24
Unbreakable,illidan,1611,shaman,restoration,103,49,54
Dreadxtotems,illidan,1610,shaman,restoration,77,42,35
Redek,sargeras,1610,shaman,restoration,285,154,131
Catchclause,eonar,1610,shaman,restoration,54,29,25
Grizze,bonechewer,1610,shaman,restoration,96,43,53
Yeamn,saurfang,1609,shaman,restoration,209,120,89
Orbys,illidan,1609,shaman,restoration,62,34,28
Rogrim,malganis,1609,shaman,restoration,83,43,40
Jazzlightnin,tichondrius,1609,shaman,restoration,77,35,42
Mcwindyfists,zuljin,1609,shaman,restoration,84,38,46
Tesle,illidan,1609,shaman,restoration,60,27,33
Ðoomed,kiljaeden,1608,shaman,restoration,30,19,11
Alett,arathor,1608,shaman,restoration,60,29,31
Moosk,zuluhed,1607,shaman,restoration,57,32,25
Flêùrs,zuljin,1607,shaman,restoration,45,23,22
Quitnectar,aggramar,1607,shaman,restoration,54,26,28
Heniu,tichondrius,1607,shaman,restoration,123,56,67
Rainingheals,auchindoun,1607,shaman,restoration,44,19,25
Randomshammy,area-52,1606,shaman,restoration,30,17,13
Astrauk,nemesis,1606,shaman,restoration,76,43,33
Hexrz,area-52,1605,shaman,restoration,42,21,21
Sliditin,tichondrius,1604,shaman,restoration,36,25,11
Steveyy,frostmourne,1604,shaman,restoration,51,31,20
Cmz,bleeding-hollow,1604,shaman,restoration,143,77,66
Spampurge,blackwing-lair,1604,shaman,restoration,37,19,18
Improvize,malganis,1604,shaman,restoration,70,35,35
Kratór,kelthuzad,1603,shaman,restoration,47,31,16
Uglybastrd,stormrage,1603,shaman,restoration,30,17,13
Repang,tichondrius,1603,shaman,restoration,66,37,29
Yarzin,azjolnerub,1603,shaman,restoration,48,25,23
Specify,arathor,1603,shaman,restoration,120,56,64
Lebs,barthilas,1602,shaman,restoration,32,21,11
Telchar,quelthalas,1602,shaman,restoration,102,62,40
Centalinkxox,frostmourne,1602,shaman,restoration,63,31,32
Shiriloster,ragnaros,1602,shaman,restoration,84,41,43
Lacid,tichondrius,1601,shaman,restoration,68,42,26
Belshiro,sargeras,1601,shaman,restoration,108,51,57
Shocksfuker,stormrage,1600,shaman,restoration,104,58,46
Chingobling,illidan,1600,shaman,restoration,63,35,28
Succmytotems,tichondrius,1600,shaman,restoration,93,47,46
Foilcap,bonechewer,1600,shaman,restoration,296,144,152
Improvedx,akama,1600,shaman,restoration,52,24,28
Ddogz,illidan,1600,shaman,restoration,48,21,27
Vernzi,laughing-skull,1599,shaman,restoration,54,34,20
Gulmuwu,zuljin,1599,shaman,restoration,38,22,16
Rugmat,tichondrius,1598,shaman,restoration,120,61,59
Ryeqt,illidan,1598,shaman,restoration,47,23,24
Gemoz,tichondrius,1597,shaman,restoration,30,22,8
Torched,frostmourne,1596,shaman,restoration,62,42,20
Tzyorz,illidan,1596,shaman,restoration,224,116,108
Shamsom,tichondrius,1596,shaman,restoration,188,92,96
Bestbrook,tichondrius,1596,shaman,restoration,153,71,82
Shocksauce,tichondrius,1595,shaman,restoration,118,62,56
Tideoverdose,tichondrius,1594,shaman,restoration,36,19,17
Dumerslayer,ragnaros,1594,shaman,restoration,42,22,20
Gabant,azralon,1594,shaman,restoration,54,23,31
Sleepowl,tichondrius,1593,shaman,restoration,42,20,22
Shaminham,barthilas,1593,shaman,restoration,84,39,45
Shocknrot,maelstrom,1592,shaman,restoration,44,24,20
Asøg,emerald-dream,1592,shaman,restoration,75,35,40
Lazie,perenolde,1590,shaman,restoration,30,19,11
Aishel,area-52,1589,shaman,restoration,42,21,21
Dogecoincäsh,sargeras,1587,shaman,restoration,101,57,44
Bigamez,azuremyst,1587,shaman,restoration,199,108,91
Turborundat,area-52,1586,shaman,restoration,225,127,98
Besylate,illidan,1586,shaman,restoration,86,42,44
Snakesoul,area-52,1585,shaman,restoration,133,73,60
Totesmcgoatz,arthas,1584,shaman,restoration,81,44,37
Chainstuff,area-52,1584,shaman,restoration,68,35,33
Vywolf,frostmourne,1583,shaman,restoration,80,46,34
Goranzo,emerald-dream,1582,shaman,restoration,72,31,41
Lilcaju,sargeras,1581,shaman,restoration,29,18,11
Hruggol,bleeding-hollow,1579,shaman,restoration,108,59,49
Libangbang,tichondrius,1579,shaman,restoration,41,22,19
Skoobasteeve,sargeras,1579,shaman,restoration,99,52,47
Brongar,bleeding-hollow,1579,shaman,restoration,173,83,90
Pkx,eitrigg,1578,shaman,restoration,47,20,27
Hexxercise,area-52,1577,shaman,restoration,74,52,22
Packspiritqt,tichondrius,1577,shaman,restoration,48,27,21
Asnalda,emerald-dream,1577,shaman,restoration,81,44,37
Kimchimi,tichondrius,1577,shaman,restoration,251,136,115
Paraplexed,blackrock,1576,shaman,restoration,101,51,50
Tarritos,ragnaros,1575,shaman,restoration,105,54,51
Pherolex,tichondrius,1574,shaman,restoration,66,35,31
Rainz,aggramar,1574,shaman,restoration,42,22,20
Oxicleanxo,tichondrius,1574,shaman,restoration,54,20,34
Treemanp,tichondrius,1573,shaman,restoration,238,142,96
Tides,skullcrusher,1573,shaman,restoration,96,45,51
Shamix,area-52,1573,shaman,restoration,84,39,45
Dawnyshock,arygos,1573,shaman,restoration,41,19,22
Harth,zuljin,1572,shaman,restoration,128,72,56
Draidosh,area-52,1571,shaman,restoration,107,62,45
Pèpé,sargeras,1571,shaman,restoration,73,39,34
Ivìxi,area-52,1571,shaman,restoration,64,30,34
Alexustexas,tichondrius,1568,shaman,restoration,126,77,49
Enalen,argent-dawn,1567,shaman,restoration,109,60,49
Shoxx,wyrmrest-accord,1567,shaman,restoration,36,19,17
Elementorx,stormrage,1567,shaman,restoration,136,71,65
Dadauera,azralon,1566,shaman,restoration,93,48,45
Dduddaddu,tichondrius,1565,shaman,restoration,72,37,35
Deathwards,frostmane,1564,shaman,restoration,108,51,57
Spurske,emerald-dream,1564,shaman,restoration,78,32,46
Bigdampurge,illidan,1563,shaman,restoration,95,49,46
Ssaotizi,tichondrius,1563,shaman,restoration,389,196,193
Waater,lightbringer,1562,shaman,restoration,86,49,37
Kencyzz,tichondrius,1561,shaman,restoration,29,17,12
Pawbed,aegwynn,1560,shaman,restoration,224,120,104
Wilmar,ragnaros,1560,shaman,restoration,66,33,33
Stonetides,tichondrius,1560,shaman,restoration,78,33,45
Niian,skullcrusher,1559,shaman,restoration,42,26,16
Ophitotem,zuljin,1559,shaman,restoration,36,19,17
Halfinha,nemesis,1558,shaman,restoration,352,180,172
Rulf,proudmoore,1558,shaman,restoration,90,34,56
Bwinthewomb,stormrage,1557,shaman,restoration,154,83,71
Bostar,tichondrius,1556,shaman,restoration,54,28,26
Mistarklean,malganis,1556,shaman,restoration,141,67,74
Vzla,ragnaros,1555,shaman,restoration,96,54,42
Chacham,tichondrius,1555,shaman,restoration,127,69,58
Tsunamic,sargeras,1555,shaman,restoration,39,17,22
Shakrakhan,tichondrius,1554,shaman,restoration,66,30,36
Cherryboy,illidan,1553,shaman,restoration,154,74,80
Jnzz,area-52,1552,shaman,restoration,54,27,27
Shulace,area-52,1550,shaman,restoration,96,47,49
Zeusblaster,illidan,1549,shaman,restoration,77,40,37
Zuralah,nemesis,1549,shaman,restoration,208,108,100
Ryukims,tichondrius,1549,shaman,restoration,47,23,24
Allcatraz,zuljin,1549,shaman,restoration,94,45,49
Goosha,tichondrius,1548,shaman,restoration,48,33,15
Ruupaul,kiljaeden,1548,shaman,restoration,30,17,13
Vanella,malganis,1548,shaman,restoration,66,34,32
Stylebenderx,frostmourne,1548,shaman,restoration,36,18,18
Arkerus,emerald-dream,1547,shaman,restoration,60,33,27
Goatedsham,dalaran,1546,shaman,restoration,77,42,35
Tideful,area-52,1545,shaman,restoration,60,28,32
Sushìroll,burning-legion,1544,shaman,restoration,78,41,37
Tevya,dalvengyr,1543,shaman,restoration,131,69,62
Hennytides,zuljin,1543,shaman,restoration,48,25,23
Tyar,area-52,1543,shaman,restoration,137,64,73
Xypress,tichondrius,1543,shaman,restoration,42,18,24
Shamfold,illidan,1542,shaman,restoration,54,27,27
Pedren,thrall,1541,shaman,restoration,33,25,8
Shamxrob,sargeras,1541,shaman,restoration,78,46,32
Purgebotx,bleeding-hollow,1541,shaman,restoration,294,162,132
Deso,terenas,1541,shaman,restoration,124,64,60
Chlknx,tichondrius,1538,shaman,restoration,42,18,24
Tenyks,tichondrius,1537,shaman,restoration,75,42,33
Wolfsokar,emerald-dream,1537,shaman,restoration,102,39,63
Kayadee,stormrage,1536,shaman,restoration,91,44,47
Girthquake,agamaggan,1535,shaman,restoration,48,20,28
Fwwrs,illidan,1534,shaman,restoration,31,19,12
Binladden,tichondrius,1534,shaman,restoration,72,44,28
Nickwoper,emerald-dream,1533,shaman,restoration,24,16,8
Bitxxnumber,tichondrius,1531,shaman,restoration,387,207,180
Flubydont,icecrown,1531,shaman,restoration,114,57,57
Tripsit,illidan,1531,shaman,restoration,42,16,26
Kacham,nerzhul,1530,shaman,restoration,36,20,16
Turtleinmud,frostmourne,1530,shaman,restoration,78,42,36
Booramz,tichondrius,1529,shaman,restoration,24,16,8
Xotheweeknd,bleeding-hollow,1529,shaman,restoration,30,16,14
Savs,tichondrius,1528,shaman,restoration,39,22,17
Lfgzookeeper,malganis,1528,shaman,restoration,30,16,14
Quady,zuljin,1528,shaman,restoration,57,27,30
Treasonreno,area-52,1527,shaman,restoration,184,91,93
Oldguy,ragnaros,1526,shaman,restoration,227,114,113
Starrey,frostmourne,1526,shaman,restoration,36,17,19
Kaytahn,proudmoore,1525,shaman,restoration,72,39,33
Angelabaaby,proudmoore,1525,shaman,restoration,85,45,40
Onepunchsham,illidan,1525,shaman,restoration,225,114,111
Arginine,tichondrius,1525,shaman,restoration,54,20,34
Woobsz,sargeras,1524,shaman,restoration,24,17,7
Foragorn,stormrage,1522,shaman,restoration,252,125,127
Odïn,tichondrius,1521,shaman,restoration,65,38,27
Riptideafk,sargeras,1521,shaman,restoration,66,34,32
Moocatpie,illidan,1521,shaman,restoration,130,63,67
Yggiz,stormrage,1520,shaman,restoration,48,26,22
Rocyt,sargeras,1520,shaman,restoration,66,35,31
Aleforj,quelthalas,1519,shaman,restoration,55,27,28
Rsdyxjh,tichondrius,1519,shaman,restoration,51,22,29
Leyénddy,quelthalas,1518,shaman,restoration,30,16,14
Askortus,stormrage,1518,shaman,restoration,66,35,31
Umadilia,area-52,1517,shaman,restoration,42,27,15
Buffduude,shadowsong,1517,shaman,restoration,66,34,32
Shockszz,onyxia,1517,shaman,restoration,149,72,77
Muruaic,dentarg,1516,shaman,restoration,172,88,84
Hexmix,muradin,1516,shaman,restoration,36,16,20
Milkkshake,illidan,1515,shaman,restoration,292,140,152
Fenrirfuryy,tichondrius,1514,shaman,restoration,54,25,29
Freesolo,barthilas,1513,shaman,restoration,300,151,149
Todayqt,malganis,1512,shaman,restoration,36,16,20
Lanzero,chogall,1511,shaman,restoration,60,37,23
Springtide,thrall,1511,shaman,restoration,89,48,41
Sellmysoul,kelthuzad,1511,shaman,restoration,105,53,52
Spongemama,tichondrius,1511,shaman,restoration,82,41,41
Hachikø,frostmourne,1511,shaman,restoration,125,60,65
Lustlolol,korgath,1510,shaman,restoration,203,103,100
Bluedynamite,tichondrius,1510,shaman,restoration,66,32,34
Rukkle,alterac-mountains,1510,shaman,restoration,36,17,19
Tampíco,ragnaros,1510,shaman,restoration,47,19,28
Shamansrock,tichondrius,1509,shaman,restoration,36,16,20
Grimtar,burning-blade,1508,shaman,restoration,36,22,14
Joltik,area-52,1508,shaman,restoration,225,112,113
Akubai,kelthuzad,1508,shaman,restoration,102,50,52
Plâto,stormrage,1507,shaman,restoration,30,16,14
Benta,zuljin,1507,shaman,restoration,108,56,52
Cultsulyvahn,tichondrius,1507,shaman,restoration,73,37,36
Santiagodx,ragnaros,1507,shaman,restoration,305,153,152
Unchaman,ragnaros,1506,shaman,restoration,163,83,80
Fujiyama,dark-iron,1506,shaman,restoration,189,95,94
Trapghost,cenarius,1506,shaman,restoration,87,41,46
Koomrog,frostmourne,1505,shaman,restoration,56,34,22
Shamankïng,proudmoore,1505,shaman,restoration,89,46,43
ßread,illidan,1505,shaman,restoration,138,65,73
Nyf,khazgoroth,1505,shaman,restoration,72,30,42
Pikapiko,tichondrius,1504,shaman,restoration,30,16,14
Nessannix,stormrage,1504,shaman,restoration,246,129,117
Cokehealsx,tichondrius,1503,shaman,restoration,30,16,14
Agharn,moon-guard,1503,shaman,restoration,51,26,25
Ballistíc,boulderfist,1502,shaman,restoration,66,38,28
Sphaerus,tichondrius,1501,shaman,restoration,54,30,24
Sheared,area-52,1501,shaman,restoration,165,88,77
Isekai,alterac-mountains,1501,shaman,restoration,225,113,112
Killercam,maiev,1501,shaman,restoration,340,169,171
Abcmbx,illidan,1500,shaman,restoration,166,92,74
Purgedubx,tichondrius,1500,shaman,restoration,392,204,188
Targhal,tichondrius,1500,shaman,restoration,318,163,155
Kaidman,tichondrius,1499,shaman,restoration,36,18,18
Ban,blackrock,1498,shaman,restoration,39,21,18
Mastrionilol,dragonmaw,1498,shaman,restoration,42,16,26
Sbrinz,thrall,1497,shaman,restoration,36,19,17
Choochette,illidan,1497,shaman,restoration,144,67,77
Elementàlius,quelthalas,1497,shaman,restoration,71,32,39
Eatmymeatbal,illidan,1497,shaman,restoration,76,29,47
Szeav,tichondrius,1496,shaman,restoration,78,39,39
Scamgame,tichondrius,1495,shaman,restoration,30,22,8
Worldx,barthilas,1495,shaman,restoration,270,134,136
Lunds,tichondrius,1494,shaman,restoration,48,23,25
Quakess,zuljin,1494,shaman,restoration,66,28,38
Hideontotem,barthilas,1493,shaman,restoration,65,29,36
Reformeddogs,tichondrius,1492,shaman,restoration,63,36,27
Kaili,illidan,1492,shaman,restoration,141,80,61
Ärtful,illidan,1492,shaman,restoration,108,58,50
Kuhdos,caelestrasz,1492,shaman,restoration,54,28,26
Powergeyser,blackhand,1492,shaman,restoration,36,17,19
Køtømine,ragnaros,1491,shaman,restoration,106,67,39
Balsonz,zuljin,1491,shaman,restoration,36,20,16
Vanklayser,ragnaros,1491,shaman,restoration,108,54,54
Thunderphury,proudmoore,1491,shaman,restoration,131,59,72
Mentyb,emerald-dream,1491,shaman,restoration,42,16,26
Zombaschamy,ragnaros,1490,shaman,restoration,30,17,13
Flamehorns,malganis,1490,shaman,restoration,89,47,42
Kwzy,stormrage,1490,shaman,restoration,63,33,30
Teerex,tortheldrin,1489,shaman,restoration,81,42,39
Hwyl,frostmourne,1489,shaman,restoration,113,50,63
Slothstorm,barthilas,1488,shaman,restoration,95,52,43
Gattious,illidan,1488,shaman,restoration,90,45,45
Hoboman,chogall,1488,shaman,restoration,42,17,25
Yarl,ragnaros,1487,shaman,restoration,42,24,18
Aceshamm,kelthuzad,1487,shaman,restoration,114,65,49
Kephax,eonar,1487,shaman,restoration,156,81,75
Bluetooth,stormrage,1487,shaman,restoration,107,52,55
Phrophetzee,altar-of-storms,1487,shaman,restoration,51,23,28
Jaegertotem,stormrage,1486,shaman,restoration,42,21,21
Wuruizec,illidan,1485,shaman,restoration,83,41,42
Tundertotem,tichondrius,1484,shaman,restoration,98,57,41
Vajoku,proudmoore,1484,shaman,restoration,58,29,29
Jizzlewizwiz,tichondrius,1484,shaman,restoration,181,89,92
Dogood,tichondrius,1483,shaman,restoration,78,35,43
Millionvoltz,tichondrius,1482,shaman,restoration,30,16,14
Siyusm,illidan,1482,shaman,restoration,132,58,74
Trenhance,stormrage,1481,shaman,restoration,30,23,7
Dîabeetus,moon-guard,1481,shaman,restoration,88,50,38
Abellone,tichondrius,1480,shaman,restoration,33,17,16
Elementols,azralon,1480,shaman,restoration,48,23,25
Vazlah,tichondrius,1479,shaman,restoration,24,16,8
Upholderxo,shadowmoon,1479,shaman,restoration,78,40,38
Pamaj,kelthuzad,1479,shaman,restoration,105,48,57
Rumkin,malganis,1478,shaman,restoration,106,58,48
Mkyz,tichondrius,1477,shaman,restoration,143,74,69
Miroen,tichondrius,1477,shaman,restoration,146,70,76
Needneed,tichondrius,1477,shaman,restoration,41,18,23
Sistronok,bleeding-hollow,1476,shaman,restoration,30,16,14
Mutaishammy,barthilas,1476,shaman,restoration,102,50,52
Ellgric,emerald-dream,1476,shaman,restoration,48,21,27
Defac,proudmoore,1475,shaman,restoration,72,42,30
Maxchungie,azshara,1475,shaman,restoration,30,16,14
Boryndor,stormrage,1475,shaman,restoration,63,33,30
Azumaa,tichondrius,1474,shaman,restoration,273,135,138
Sittinn,malganis,1474,shaman,restoration,132,64,68
Totomayo,tichondrius,1473,shaman,restoration,28,21,7
Vewdew,guldan,1472,shaman,restoration,90,53,37
Maakasarg,tichondrius,1472,shaman,restoration,106,51,55
Brainal,sargeras,1472,shaman,restoration,60,25,35
Heebeegeebee,stormrage,1470,shaman,restoration,51,31,20
Erthshawk,wildhammer,1470,shaman,restoration,84,44,40
Aemi,tichondrius,1470,shaman,restoration,199,103,96
Tamzlol,the-forgotten-coast,1470,shaman,restoration,59,27,32
Murm,burning-blade,1470,shaman,restoration,42,19,23
Pissticles,bleeding-hollow,1468,shaman,restoration,198,99,99
Lavamon,illidan,1467,shaman,restoration,27,17,10
Buffdestru,azralon,1467,shaman,restoration,143,81,62
Sàuron,tichondrius,1467,shaman,restoration,180,100,80
Krilick,blackrock,1467,shaman,restoration,107,57,50
Keenie,shadow-council,1467,shaman,restoration,35,17,18
Gangzmmsk,tichondrius,1466,shaman,restoration,24,18,6
Jimmymaclroy,frostmourne,1465,shaman,restoration,120,62,58
Circuits,malganis,1464,shaman,restoration,61,33,28
Sikotics,area-52,1464,shaman,restoration,141,69,72
Halloweenz,area-52,1463,shaman,restoration,36,20,16
Zinns,dalaran,1462,shaman,restoration,135,69,66
Xiwg,tichondrius,1462,shaman,restoration,72,31,41
Ryùko,proudmoore,1462,shaman,restoration,90,38,52
Smartakkar,emerald-dream,1460,shaman,restoration,57,36,21
Freakytiki,azshara,1460,shaman,restoration,70,43,27
Sarkhanvol,aggramar,1460,shaman,restoration,54,33,21
Cinematticz,tichondrius,1460,shaman,restoration,119,61,58
Kaaying,tichondrius,1460,shaman,restoration,61,23,38
Nilstorm,quelthalas,1458,shaman,restoration,72,38,34
Ericzztotem,tichondrius,1456,shaman,restoration,30,18,12
Pickledegg,tichondrius,1456,shaman,restoration,51,27,24
Artsha,tol-barad,1456,shaman,restoration,58,29,29
Draüguss,azralon,1456,shaman,restoration,155,74,81
Smearedbeard,bleeding-hollow,1455,shaman,restoration,108,56,52
Furrytotems,darkspear,1455,shaman,restoration,126,56,70
Trewlolz,sargeras,1454,shaman,restoration,48,24,24
Redaxe,tichondrius,1453,shaman,restoration,48,27,21
Juicypork,moon-guard,1453,shaman,restoration,44,24,20
Rinnan,malganis,1453,shaman,restoration,103,48,55
Yossarabi,bleeding-hollow,1453,shaman,restoration,84,36,48
Skelesham,zuljin,1452,shaman,restoration,48,33,15
Chilidawg,thrall,1452,shaman,restoration,87,47,40
Carltonbanks,aggramar,1452,shaman,restoration,36,18,18
Rsham,dragonmaw,1452,shaman,restoration,36,18,18
Purgenx,tichondrius,1451,shaman,restoration,52,29,23
Insertyzs,azralon,1451,shaman,restoration,78,43,35
Deosculation,tichondrius,1451,shaman,restoration,35,19,16
Jwondo,area-52,1451,shaman,restoration,62,26,36
Splonkydonky,stonemaul,1450,shaman,restoration,30,18,12
Tidalstorm,ragnaros,1450,shaman,restoration,90,52,38
Orkshammy,illidan,1450,shaman,restoration,46,26,20
Memorix,stonemaul,1450,shaman,restoration,54,21,33
Mäjorlazer,lightbringer,1449,shaman,restoration,38,19,19
Wyått,emerald-dream,1449,shaman,restoration,121,60,61
Mlpz,black-dragonflight,1448,shaman,restoration,90,49,41
Aguinha,azralon,1448,shaman,restoration,78,38,40
Stylesp,area-52,1448,shaman,restoration,155,75,80
Arkuldash,tichondrius,1447,shaman,restoration,72,37,35
Anußis,stormrage,1447,shaman,restoration,65,25,40
Totembarx,illidan,1446,shaman,restoration,48,33,15
Lastdwarf,tichondrius,1446,shaman,restoration,29,18,11
Ondra,frostmourne,1446,shaman,restoration,94,52,42
Rommel,azralon,1444,shaman,restoration,57,32,25
Shazik,spirestone,1444,shaman,restoration,66,29,37
Blastoíse,area-52,1442,shaman,restoration,30,16,14
Pýe,bleeding-hollow,1442,shaman,restoration,89,47,42
Whoshealing,lightninghoof,1442,shaman,restoration,120,61,59
Boozi,sargeras,1442,shaman,restoration,48,24,24
Esa,andorhal,1441,shaman,restoration,69,41,28
Dókki,tichondrius,1441,shaman,restoration,57,32,25
Wumx,tichondrius,1441,shaman,restoration,54,22,32
Nanishock,area-52,1440,shaman,restoration,74,40,34
Kaskä,tichondrius,1439,shaman,restoration,24,15,9
Abev,bonechewer,1439,shaman,restoration,30,15,15
Mòo,barthilas,1438,shaman,restoration,148,78,70
Ekuku,tichondrius,1438,shaman,restoration,106,54,52
Wazskood,stormrage,1438,shaman,restoration,227,112,115
Eggrollninja,illidan,1437,shaman,restoration,42,28,14
Praxis,tichondrius,1437,shaman,restoration,154,79,75
Miketheseal,bleeding-hollow,1437,shaman,restoration,36,15,21
Jhakrï,tichondrius,1437,shaman,restoration,36,15,21
Owtyobwol,area-52,1436,shaman,restoration,24,15,9
Creatine,area-52,1436,shaman,restoration,71,37,34
Ironcrag,moon-guard,1436,shaman,restoration,264,136,128
Yamazakì,nemesis,1436,shaman,restoration,57,23,34
Babbz,sargeras,1436,shaman,restoration,41,16,25
Brosidan,anvilmar,1435,shaman,restoration,176,103,73
Kosiee,frostmourne,1435,shaman,restoration,30,15,15
Elex,frostmourne,1435,shaman,restoration,140,67,73
Dawny,arygos,1435,shaman,restoration,36,15,21
Wardruna,andorhal,1434,shaman,restoration,24,15,9
Ãrthor,stormrage,1434,shaman,restoration,78,42,36
Èmaxx,barthilas,1432,shaman,restoration,24,15,9
Xaltas,moon-guard,1432,shaman,restoration,76,46,30
Sploosh,norgannon,1432,shaman,restoration,44,26,18
Blowurbubble,tichondrius,1432,shaman,restoration,54,29,25
Ongob,kelthuzad,1432,shaman,restoration,30,15,15
Holysharmmy,tichondrius,1432,shaman,restoration,30,15,15
Iightning,frostwolf,1432,shaman,restoration,36,15,21
Xuesu,tichondrius,1431,shaman,restoration,42,28,14
Shamjam,moon-guard,1431,shaman,restoration,24,15,9
Bluebones,frostmane,1431,shaman,restoration,30,17,13
Tawahka,hyjal,1431,shaman,restoration,256,126,130
Thunderborn,laughing-skull,1431,shaman,restoration,42,20,22
Totem,burning-legion,1431,shaman,restoration,36,16,20
Maheva,ragnaros,1430,shaman,restoration,24,16,8
Gabbin,dalaran,1430,shaman,restoration,24,15,9
Fatherrtime,illidan,1430,shaman,restoration,48,26,22
Galeswind,sargeras,1430,shaman,restoration,72,36,36
Elecpod,frostmourne,1430,shaman,restoration,50,24,26
Joeschhmoe,tichondrius,1430,shaman,restoration,42,20,22
Bighaircut,darkspear,1430,shaman,restoration,168,77,91
Damoclez,jubeithos,1426,shaman,restoration,69,27,42
Macdab,malganis,1425,shaman,restoration,42,23,19
Pbjlover,illidan,1425,shaman,restoration,37,20,17
Supdaug,vashj,1425,shaman,restoration,86,43,43
Torric,kalecgos,1425,shaman,restoration,78,37,41
Atorinà,tichondrius,1423,shaman,restoration,30,15,15
Rekashaki,illidan,1423,shaman,restoration,42,20,22
Woof,agamaggan,1423,shaman,restoration,67,28,39
Gluestix,bleeding-hollow,1422,shaman,restoration,49,27,22
Leca,tichondrius,1422,shaman,restoration,102,44,58
Idowhatcdont,kelthuzad,1421,shaman,restoration,24,15,9
ßøvîn,thrall,1421,shaman,restoration,113,58,55
Boonno,tichondrius,1421,shaman,restoration,36,15,21
Fatpandajim,frostmourne,1420,shaman,restoration,24,15,9
Shyva,frostmourne,1420,shaman,restoration,24,15,9
Samanl,tichondrius,1420,shaman,restoration,77,44,33
Hyonkh,tichondrius,1419,shaman,restoration,95,51,44
Totemfizzle,spirestone,1419,shaman,restoration,60,31,29
Pümba,azralon,1419,shaman,restoration,30,15,15
Biubiuz,tichondrius,1419,shaman,restoration,30,15,15
Blaydin,elune,1416,shaman,restoration,24,15,9
Totemhype,tichondrius,1416,shaman,restoration,80,45,35
Thegil,tichondrius,1416,shaman,restoration,108,48,60
Hurú,azralon,1416,shaman,restoration,83,36,47
Andiamo,deathwing,1416,shaman,restoration,84,32,52
Vsvs,tichondrius,1415,shaman,restoration,58,32,26
Djshammy,barthilas,1414,shaman,restoration,80,42,38
Harbert,black-dragonflight,1414,shaman,restoration,235,123,112
Hexshamy,azralon,1414,shaman,restoration,58,30,28
Massif,emerald-dream,1414,shaman,restoration,37,16,21
Bearmanshrek,tichondrius,1414,shaman,restoration,72,26,46
Fíxer,tichondrius,1413,shaman,restoration,103,59,44
Spiritwler,tichondrius,1413,shaman,restoration,48,24,24
Shamanology,echo-isles,1412,shaman,restoration,42,19,23
Xdxs,norgannon,1412,shaman,restoration,71,32,39
Windfrenzy,thrall,1412,shaman,restoration,54,23,31
Branasou,emerald-dream,1412,shaman,restoration,36,15,21
Silhoustes,ragnaros,1411,shaman,restoration,24,15,9
Toteapole,malganis,1411,shaman,restoration,123,70,53
Xajsham,tichondrius,1411,shaman,restoration,121,66,55
Enflexi,lightbringer,1411,shaman,restoration,53,26,27
Otem,frostmourne,1410,shaman,restoration,50,23,27
Tizz,quelthalas,1409,shaman,restoration,118,55,63
Farö,azralon,1409,shaman,restoration,47,18,29
Lanuur,moon-guard,1407,shaman,restoration,60,35,25
Libragirl,tichondrius,1407,shaman,restoration,214,109,105
Elenix,area-52,1406,shaman,restoration,42,22,20
Urin,emerald-dream,1406,shaman,restoration,57,28,29
Duza,frostmourne,1404,shaman,restoration,41,25,16
Uwuxdlol,tichondrius,1404,shaman,restoration,35,20,15
Boppshock,tichondrius,1404,shaman,restoration,28,16,12
Afgoox,tichondrius,1404,shaman,restoration,114,65,49
Zizö,barthilas,1404,shaman,restoration,42,19,23
Performix,sargeras,1404,shaman,restoration,36,15,21
Meanbetty,illidan,1403,shaman,restoration,30,17,13
Charmize,azralon,1403,shaman,restoration,129,68,61
Wuargh,area-52,1402,shaman,restoration,310,163,147
Fuzbo,bleeding-hollow,1402,shaman,restoration,93,44,49
Reignz,moonrunner,1401,shaman,restoration,45,24,21
Juvîa,emerald-dream,1400,shaman,restoration,138,64,74
Molotoff,stormrage,1400,shaman,restoration,45,19,26
Velesa,kiljaeden,1400,shaman,restoration,72,26,46
Cameltótém,sargeras,1399,shaman,restoration,66,35,31
Totemgoddess,nemesis,1397,shaman,restoration,66,30,36
Curador,nemesis,1396,shaman,restoration,51,30,21
Kourage,illidan,1395,shaman,restoration,102,53,49
Kandin,icecrown,1395,shaman,restoration,124,63,61
Drinkharder,stormrage,1395,shaman,restoration,34,16,18
Smooths,bloodscalp,1394,shaman,restoration,36,19,17
Calliggolv,illidan,1394,shaman,restoration,47,21,26
Jakjohnson,stormrage,1393,shaman,restoration,33,18,15
Kakiscala,proudmoore,1393,shaman,restoration,30,16,14
Voluptuous,mannoroth,1393,shaman,restoration,725,363,362
Midew,proudmoore,1393,shaman,restoration,57,26,31
Mikeyodinson,area-52,1392,shaman,restoration,41,20,21
Largeshaman,zuljin,1391,shaman,restoration,30,15,15
Goatpornbad,sargeras,1390,shaman,restoration,114,50,64
Rizam,malganis,1389,shaman,restoration,42,33,9
Crowingraven,queldorei,1389,shaman,restoration,24,15,9
Joyrider,sargeras,1389,shaman,restoration,62,34,28
Urb,moknathal,1388,shaman,restoration,86,40,46
Jfrzd,tichondrius,1387,shaman,restoration,37,23,14
Kirawindu,zuljin,1387,shaman,restoration,69,39,30
Cowtidetotem,thrall,1387,shaman,restoration,36,19,17
Soowecide,tichondrius,1387,shaman,restoration,60,23,37
Rykku,illidan,1386,shaman,restoration,30,16,14
Jodalo,ragnaros,1385,shaman,restoration,173,92,81
Fungus,firetree,1384,shaman,restoration,48,26,22
Orkwa,bleeding-hollow,1384,shaman,restoration,80,37,43
Luxiaa,tichondrius,1384,shaman,restoration,89,32,57
Indesham,drenden,1382,shaman,restoration,40,20,20
Shamito,ragnaros,1382,shaman,restoration,73,36,37
Twistah,firetree,1382,shaman,restoration,36,17,19
Fishman,exodar,1382,shaman,restoration,101,45,56
Çruces,illidan,1381,shaman,restoration,36,17,19
Siggmaster,chogall,1381,shaman,restoration,48,19,29
Tankseven,tichondrius,1380,shaman,restoration,36,16,20
Sindury,tichondrius,1379,shaman,restoration,313,168,145
Crittingbull,veknilash,1379,shaman,restoration,253,127,126
Foray,barthilas,1378,shaman,restoration,84,48,36
Entropey,daggerspine,1378,shaman,restoration,99,52,47
Ottoman,eredar,1378,shaman,restoration,75,32,43
Darado,kiljaeden,1377,shaman,restoration,45,20,25
Hannamayzing,arathor,1377,shaman,restoration,36,16,20
Kazino,stormrage,1375,shaman,restoration,34,24,10
Ahaw,area-52,1374,shaman,restoration,96,56,40
Roxzid,area-52,1374,shaman,restoration,57,33,24
Jensenx,proudmoore,1374,shaman,restoration,82,38,44
Shamkack,kelthuzad,1373,shaman,restoration,105,51,54
Lildunny,tichondrius,1373,shaman,restoration,39,17,22
Resonence,bleeding-hollow,1372,shaman,restoration,36,16,20
Klimax,tichondrius,1372,shaman,restoration,48,21,27
Restosud,crushridge,1369,shaman,restoration,36,23,13
Blackoutsx,stormreaver,1369,shaman,restoration,28,15,13
Uhd,malganis,1369,shaman,restoration,66,33,33
Stitchez,illidan,1369,shaman,restoration,39,16,23
Totemrack,tichondrius,1368,shaman,restoration,107,55,52
Nuggsfxce,frostmourne,1367,shaman,restoration,20,15,5
Thenextcdew,illidan,1367,shaman,restoration,48,26,22
Earthsrage,illidan,1367,shaman,restoration,65,33,32
Záheer,arthas,1367,shaman,restoration,77,38,39
Onlytidez,area-52,1367,shaman,restoration,77,35,42
Dimitrio,azralon,1367,shaman,restoration,87,39,48
Bearlysober,draka,1366,shaman,restoration,74,42,32
Aargonos,tichondrius,1365,shaman,restoration,29,23,6
Satrixss,ragnaros,1365,shaman,restoration,85,48,37
Copuda,illidan,1365,shaman,restoration,137,72,65
Goub,skullcrusher,1364,shaman,restoration,29,16,13
Shaquillius,tichondrius,1364,shaman,restoration,84,40,44
Krevsham,proudmoore,1364,shaman,restoration,62,26,36
Ralinta,tichondrius,1364,shaman,restoration,77,27,50
Subnôize,bleeding-hollow,1362,shaman,restoration,141,75,66
Psiexrcst,tichondrius,1362,shaman,restoration,157,70,87
Overcåst,barthilas,1362,shaman,restoration,96,41,55
Gromgrai,bleeding-hollow,1361,shaman,restoration,89,48,41
Kunchan,zuluhed,1360,shaman,restoration,30,18,12
Shockburst,dalaran,1360,shaman,restoration,42,25,17
Rootsman,illidan,1360,shaman,restoration,47,20,27
Hugebrain,proudmoore,1360,shaman,restoration,184,77,107
Hurky,sargeras,1359,shaman,restoration,51,24,27
Karnnages,cenarion-circle,1359,shaman,restoration,36,16,20
Zqshaman,tichondrius,1357,shaman,restoration,54,30,24
Kiojin,ragnaros,1357,shaman,restoration,186,99,87
Wagesisdeath,illidan,1357,shaman,restoration,42,20,22
Ndz,anubarak,1356,shaman,restoration,72,41,31
Genjuu,proudmoore,1356,shaman,restoration,48,25,23
Roostershama,tichondrius,1356,shaman,restoration,154,72,82
Wooskier,tichondrius,1355,shaman,restoration,60,32,28
Elementgodx,skullcrusher,1354,shaman,restoration,54,27,27
Hamshamwitch,shadowmoon,1353,shaman,restoration,36,17,19
Djbs,stormrage,1353,shaman,restoration,122,55,67
Ùbbzy,illidan,1352,shaman,restoration,32,19,13
Atnaz,drakkari,1352,shaman,restoration,42,24,18
Fencepost,bleeding-hollow,1352,shaman,restoration,150,81,69
Tákhisis,darkspear,1352,shaman,restoration,111,56,55
Tumble,frostmourne,1352,shaman,restoration,105,51,54
Amperage,spirestone,1352,shaman,restoration,76,36,40
Kisimi,proudmoore,1351,shaman,restoration,36,23,13
Destrino,area-52,1351,shaman,restoration,54,25,29
Papatreb,haomarush,1351,shaman,restoration,155,71,84
Asskrap,daggerspine,1350,shaman,restoration,46,25,21
Foodlust,sargeras,1350,shaman,restoration,192,103,89
Mcshocks,area-52,1350,shaman,restoration,78,40,38
Chandye,proudmoore,1348,shaman,restoration,72,27,45
Fallhazard,malganis,1347,shaman,restoration,52,30,22
Daddyk,gnomeregan,1347,shaman,restoration,53,30,23
Edhance,area-52,1347,shaman,restoration,186,99,87
Greenenergy,tichondrius,1346,shaman,restoration,60,32,28
Josiahsham,kelthuzad,1346,shaman,restoration,42,22,20
Lleonardo,tichondrius,1346,shaman,restoration,54,24,30
Imaspirit,malganis,1346,shaman,restoration,60,25,35
Fàrrò,thrall,1345,shaman,restoration,66,39,27
Elemen,quelthalas,1344,shaman,restoration,97,48,49
Zugpug,emerald-dream,1344,shaman,restoration,48,20,28
Orochishaman,stormrage,1343,shaman,restoration,24,14,10
Killonsight,tichondrius,1343,shaman,restoration,30,17,13
Shamicare,stormrage,1343,shaman,restoration,148,80,68
Quequin,quelthalas,1343,shaman,restoration,42,21,21
Kensyz,tichondrius,1342,shaman,restoration,24,14,10
Dwârf,tichondrius,1342,shaman,restoration,24,14,10
Fiizix,malganis,1342,shaman,restoration,30,14,16
Izarmona,bleeding-hollow,1341,shaman,restoration,30,18,12
Weathersmell,sargeras,1341,shaman,restoration,24,14,10
Shockpanda,zuljin,1340,shaman,restoration,18,14,4
Sharmut,bleeding-hollow,1340,shaman,restoration,172,86,86
Mudlùst,moon-guard,1339,shaman,restoration,77,40,37
Kultirio,quelthalas,1339,shaman,restoration,118,60,58
Kachupinsito,ragnaros,1339,shaman,restoration,91,45,46
Shazamar,frostmourne,1339,shaman,restoration,55,26,29
Forcè,bleeding-hollow,1339,shaman,restoration,30,14,16
Damador,tichondrius,1339,shaman,restoration,42,16,26
Karmatide,malganis,1338,shaman,restoration,42,26,16
Misswalksha,ragnaros,1338,shaman,restoration,24,14,10
Rzzn,sargeras,1338,shaman,restoration,24,14,10
Desgarcon,zuljin,1338,shaman,restoration,167,87,80
Barbosina,stormrage,1338,shaman,restoration,262,134,128
Hst,barthilas,1338,shaman,restoration,30,14,16
Possessing,illidan,1338,shaman,restoration,48,17,31
Furiousnick,stormrage,1337,shaman,restoration,31,15,16
Restoele,tichondrius,1336,shaman,restoration,24,14,10
Çdñ,tichondrius,1336,shaman,restoration,24,14,10
Earthentotem,tichondrius,1336,shaman,restoration,24,14,10
Enemyanemone,area-52,1336,shaman,restoration,24,14,10
Valst,kiljaeden,1336,shaman,restoration,93,47,46
Cethun,amanthul,1336,shaman,restoration,148,72,76
Skylet,azralon,1336,shaman,restoration,58,25,33
Snowtem,moonrunner,1335,shaman,restoration,42,20,22
Tayictwo,tichondrius,1335,shaman,restoration,30,14,16
Kshock,hyjal,1334,shaman,restoration,23,15,8
Hst,frostmourne,1334,shaman,restoration,24,14,10
Totemist,tichondrius,1334,shaman,restoration,60,28,32
Nagumi,ragnaros,1333,shaman,restoration,24,16,8
Alátreon,azralon,1332,shaman,restoration,66,30,36
Twinkolava,nemesis,1331,shaman,restoration,67,40,27
Mudtide,tichondrius,1331,shaman,restoration,72,42,30
Ixis,bleeding-hollow,1331,shaman,restoration,24,14,10
Lurue,tichondrius,1331,shaman,restoration,42,21,21
Edisto,darkspear,1331,shaman,restoration,30,14,16
Getco,tichondrius,1330,shaman,restoration,96,47,49
Shohzegky,azralon,1330,shaman,restoration,127,61,66
Joriko,magtheridon,1330,shaman,restoration,36,14,22
Exussh,tichondrius,1329,shaman,restoration,18,15,3
Karratquake,sargeras,1329,shaman,restoration,30,14,16
Clutchinbuds,malganis,1329,shaman,restoration,69,32,37
Graymatterz,ysondre,1329,shaman,restoration,84,37,47
Eccentrix,mannoroth,1329,shaman,restoration,36,14,22
Angron,barthilas,1328,shaman,restoration,34,21,13
Hooldcool,tichondrius,1328,shaman,restoration,406,221,185
Udungoofedd,the-underbog,1328,shaman,restoration,71,35,36
Sèrb,mugthol,1328,shaman,restoration,37,18,19
Elmoss,thrall,1328,shaman,restoration,36,14,22
Huroth,proudmoore,1328,shaman,restoration,42,14,28
Tequíla,quelthalas,1327,shaman,restoration,36,19,17
Mkmprpr,tichondrius,1327,shaman,restoration,30,14,16
Azhen,ragnaros,1326,shaman,restoration,138,69,69
Raisongreen,tichondrius,1326,shaman,restoration,49,24,25
Tchaishammy,tichondrius,1326,shaman,restoration,29,14,15
Noobcrits,tichondrius,1325,shaman,restoration,48,27,21
Teesham,drakthul,1325,shaman,restoration,120,60,60
Bunnyele,tichondrius,1325,shaman,restoration,70,33,37
Ginkuma,illidan,1325,shaman,restoration,30,14,16
Hateshifter,kul-tiras,1325,shaman,restoration,60,25,35
Geser,silvermoon,1324,shaman,restoration,73,37,36
Klausnomi,jaedenar,1324,shaman,restoration,48,21,27
Meatballer,queldorei,1323,shaman,restoration,96,52,44
Oriyani,sargeras,1323,shaman,restoration,30,14,16
Orcaninja,zuljin,1322,shaman,restoration,28,15,13
Soulmiracle,tichondrius,1322,shaman,restoration,52,25,27
Glark,tichondrius,1322,shaman,restoration,36,14,22
Dxvxn,tichondrius,1321,shaman,restoration,73,37,36
Guho,tichondrius,1320,shaman,restoration,23,15,8
Shamankofwa,tichondrius,1320,shaman,restoration,30,18,12
Cleanfossil,stormrage,1319,shaman,restoration,41,24,17
Rlzshaman,tichondrius,1319,shaman,restoration,24,14,10
Shimta,kiljaeden,1318,shaman,restoration,54,29,25
Boggins,dalaran,1318,shaman,restoration,52,25,27
Badião,azralon,1318,shaman,restoration,131,58,73
Rokir,tichondrius,1318,shaman,restoration,41,16,25
Kronko,frostmourne,1317,shaman,restoration,38,19,19
Latosos,dalaran,1317,shaman,restoration,36,15,21
Tidalchief,dalaran,1316,shaman,restoration,58,40,18
Feldstar,stormrage,1316,shaman,restoration,109,50,59
Dylie,tichondrius,1315,shaman,restoration,48,25,23
Weenusbeenus,area-52,1314,shaman,restoration,23,14,9
Beardcramps,tichondrius,1314,shaman,restoration,84,42,42
Schav,stormrage,1313,shaman,restoration,33,19,14
Nyathera,barthilas,1312,shaman,restoration,132,68,64
Paradigm,sargeras,1312,shaman,restoration,30,15,15
Dmoneyswag,illidan,1312,shaman,restoration,59,27,32
Windpowa,blackrock,1312,shaman,restoration,65,27,38
Shimansham,aegwynn,1311,shaman,restoration,271,134,137
Ithappens,senjin,1310,shaman,restoration,30,16,14
Shockbot,stormscale,1310,shaman,restoration,87,39,48
Orlá,moon-guard,1310,shaman,restoration,54,18,36
Yeetle,gorefiend,1309,shaman,restoration,52,27,25
Prøduce,tichondrius,1309,shaman,restoration,78,40,38
Hefestos,nemesis,1309,shaman,restoration,30,14,16
Thungo,thaurissan,1309,shaman,restoration,30,14,16
Absorblife,barthilas,1309,shaman,restoration,69,31,38
Vibration,akama,1307,shaman,restoration,159,82,77
Stormwalk,ragnaros,1307,shaman,restoration,72,36,36
Flamefüry,azralon,1307,shaman,restoration,36,18,18
Sukthistotem,kelthuzad,1306,shaman,restoration,30,20,10
Cónò,tichondrius,1306,shaman,restoration,108,52,56
Kissmeslowly,zuljin,1305,shaman,restoration,24,14,10
Twoflower,frostmourne,1305,shaman,restoration,303,158,145
Torgah,tichondrius,1305,shaman,restoration,90,44,46
Mooshi,exodar,1304,shaman,restoration,99,42,57
Hüsky,dalaran,1303,shaman,restoration,42,14,28
Babytiramisu,stormrage,1302,shaman,restoration,46,24,22
Tumble,barthilas,1302,shaman,restoration,52,26,26
Drazic,area-52,1301,shaman,restoration,85,46,39
Shamenatrix,darkspear,1301,shaman,restoration,123,64,59
Badgeshock,area-52,1301,shaman,restoration,108,48,60
Cæl,azralon,1300,shaman,restoration,35,20,15
Pushaheal,tichondrius,1299,shaman,restoration,54,31,23
Fedinho,azralon,1299,shaman,restoration,101,54,47
Teardrinker,korgath,1299,shaman,restoration,94,46,48
Haldeir,frostmourne,1298,shaman,restoration,33,17,16
Yarockheal,malganis,1298,shaman,restoration,54,27,27
Smniss,tichondrius,1298,shaman,restoration,101,48,53
Bazinguinha,azralon,1297,shaman,restoration,114,52,62
Ragerax,trollbane,1296,shaman,restoration,53,32,21
Saicey,zuljin,1296,shaman,restoration,110,61,49
Glocksitotem,malganis,1296,shaman,restoration,173,93,80
Youneverknow,frostmourne,1296,shaman,restoration,220,109,111
Ulala,azshara,1296,shaman,restoration,78,35,43
Kripnotik,nathrezim,1296,shaman,restoration,54,21,33
Bigtoy,frostmane,1296,shaman,restoration,42,14,28
Raininwishes,aegwynn,1295,shaman,restoration,24,14,10
Krishshammy,azshara,1295,shaman,restoration,171,86,85
Santral,ragnaros,1295,shaman,restoration,31,14,17
Darrann,kiljaeden,1294,shaman,restoration,36,22,14
Moowik,emerald-dream,1294,shaman,restoration,84,45,39
Qitian,tichondrius,1294,shaman,restoration,36,14,22
Fläkky,tichondrius,1293,shaman,restoration,45,23,22
Phtalid,dalaran,1293,shaman,restoration,112,56,56
Aseew,drakkari,1293,shaman,restoration,72,33,39
Dewstorm,tichondrius,1293,shaman,restoration,41,18,23
Jetstream,shadow-council,1293,shaman,restoration,42,16,26
Slaggdaddy,durotan,1292,shaman,restoration,30,14,16
Murata,tichondrius,1291,shaman,restoration,30,16,14
Lollzerz,the-forgotten-coast,1291,shaman,restoration,54,22,32
Powerpress,thunderlord,1288,shaman,restoration,42,24,18
Lawlsham,korgath,1288,shaman,restoration,30,16,14
Aviator,muradin,1288,shaman,restoration,36,19,17
Problamatic,tichondrius,1288,shaman,restoration,30,14,16
Zetli,tichondrius,1287,shaman,restoration,78,33,45
Dùffman,jubeithos,1287,shaman,restoration,41,17,24
Soullinkk,tichondrius,1287,shaman,restoration,59,23,36
Trúnks,magtheridon,1286,shaman,restoration,119,57,62
Mynigabob,zuljin,1285,shaman,restoration,154,86,68
Uhfishuhl,bleeding-hollow,1285,shaman,restoration,30,16,14
Shamorrhoids,frostmourne,1285,shaman,restoration,137,70,67
Thuggliife,frostmourne,1285,shaman,restoration,49,24,25
Nezzuk,quelthalas,1285,shaman,restoration,96,42,54
Bubbert,illidan,1285,shaman,restoration,90,36,54
Ketaminedrip,illidan,1284,shaman,restoration,42,22,20
Sparks,ragnaros,1284,shaman,restoration,95,43,52
Chagun,illidan,1282,shaman,restoration,72,39,33
Strohz,undermine,1282,shaman,restoration,42,21,21
Kabasan,illidan,1282,shaman,restoration,84,33,51
Tym,sargeras,1281,shaman,restoration,42,22,20
Alraxion,ragnaros,1281,shaman,restoration,84,41,43
Jabjor,malganis,1281,shaman,restoration,66,25,41
Hasselshock,area-52,1280,shaman,restoration,94,40,54
Fenny,proudmoore,1278,shaman,restoration,93,49,44
Tedmosbe,tichondrius,1277,shaman,restoration,126,58,68
Zaxxrie,sargeras,1277,shaman,restoration,71,26,45
Mandinga,warsong,1276,shaman,restoration,123,64,59
Còsmos,illidan,1276,shaman,restoration,308,160,148
Mudeng,tichondrius,1276,shaman,restoration,60,30,30
Importmodule,frostmourne,1276,shaman,restoration,92,41,51
Sòlemn,burning-legion,1276,shaman,restoration,90,35,55
Eekumbokum,bleeding-hollow,1275,shaman,restoration,80,42,38
Wunderwaffe,the-underbog,1274,shaman,restoration,102,48,54
Surgedarknes,sargeras,1273,shaman,restoration,27,15,12
Zuljiba,illidan,1273,shaman,restoration,78,42,36
Belgrom,tichondrius,1273,shaman,restoration,48,25,23
Exportgold,barthilas,1273,shaman,restoration,54,24,30
Sweatysheet,emerald-dream,1272,shaman,restoration,41,24,17
Retgarr,tichondrius,1272,shaman,restoration,30,17,13
Lengin,bleeding-hollow,1272,shaman,restoration,59,29,30
Frankenstien,proudmoore,1270,shaman,restoration,144,79,65
Mythshaman,tichondrius,1270,shaman,restoration,81,33,48
Sittingwolf,stormreaver,1269,shaman,restoration,29,16,13
Angelicrain,stormrage,1269,shaman,restoration,30,16,14
Derkx,thrall,1268,shaman,restoration,30,22,8
Thomastides,tichondrius,1268,shaman,restoration,82,38,44
Kalorra,whisperwind,1267,shaman,restoration,24,14,10
Rahkani,kiljaeden,1267,shaman,restoration,83,42,41
Killdeaderer,barthilas,1266,shaman,restoration,136,79,57
Freyttreyn,garrosh,1266,shaman,restoration,84,45,39
Toroph,azralon,1266,shaman,restoration,51,27,24
Joocer,emerald-dream,1265,shaman,restoration,102,48,54
Kunio,proudmoore,1261,shaman,restoration,42,22,20
Jaandar,saurfang,1261,shaman,restoration,273,137,136
Vulcanik,quelthalas,1261,shaman,restoration,43,18,25
Menah,moon-guard,1260,shaman,restoration,36,20,16
Karrydoskftw,ragnaros,1260,shaman,restoration,182,89,93
Alphamael,lightbringer,1260,shaman,restoration,56,25,31
Tacho,bleeding-hollow,1259,shaman,restoration,120,58,62
Grandbunder,tichondrius,1259,shaman,restoration,54,25,29
Hauby,zuljin,1259,shaman,restoration,48,15,33
Shiestys,tichondrius,1258,shaman,restoration,44,28,16
Orjamba,barthilas,1257,shaman,restoration,100,48,52
Jru,tichondrius,1257,shaman,restoration,31,14,17
Elpide,area-52,1256,shaman,restoration,24,14,10
Siyuan,tichondrius,1254,shaman,restoration,48,26,22
Maserati,korialstrasz,1254,shaman,restoration,97,45,52
Gumballin,sargeras,1252,shaman,restoration,26,17,9
Tigrains,proudmoore,1252,shaman,restoration,29,15,14
Ironcaulk,kelthuzad,1252,shaman,restoration,54,26,28
Shaokhang,emerald-dream,1252,shaman,restoration,98,44,54
Gallikano,tichondrius,1252,shaman,restoration,66,27,39
Kaleska,area-52,1251,shaman,restoration,90,36,54
Stargun,korgath,1249,shaman,restoration,165,83,82
Defnotheals,kelthuzad,1249,shaman,restoration,136,64,72
Dibatotenz,azralon,1249,shaman,restoration,105,49,56
Bigwave,zuluhed,1248,shaman,restoration,30,15,15
Elohaen,stormrage,1248,shaman,restoration,54,26,28
Torgunderson,stormrage,1248,shaman,restoration,30,13,17
Swinginwilly,barthilas,1248,shaman,restoration,36,14,22
Doomtotems,area-52,1247,shaman,restoration,24,13,11
Daxotv,sargeras,1247,shaman,restoration,24,13,11
Censyzz,tichondrius,1247,shaman,restoration,30,13,17
Liquidcdew,illidan,1247,shaman,restoration,30,13,17
Leogi,daggerspine,1247,shaman,restoration,51,19,32
Peanutto,illidan,1246,shaman,restoration,156,87,69
Graebrah,tichondrius,1246,shaman,restoration,24,13,11
Omegalmao,sargeras,1246,shaman,restoration,24,13,11
Aelwydx,quelthalas,1246,shaman,restoration,325,165,160
Brocules,aerie-peak,1246,shaman,restoration,30,13,17
Tays,tichondrius,1245,shaman,restoration,18,13,5
Crakmane,kelthuzad,1245,shaman,restoration,18,13,5
Hoghlinn,stormrage,1245,shaman,restoration,55,37,18
Fourinchsham,tichondrius,1245,shaman,restoration,24,13,11
Scape,emerald-dream,1244,shaman,restoration,18,13,5
Shokxx,malganis,1244,shaman,restoration,120,63,57
Rimmington,frostmourne,1244,shaman,restoration,60,30,30
Tonka,area-52,1244,shaman,restoration,30,13,17
Hordeoeuvre,zuljin,1244,shaman,restoration,30,13,17
Jsoto,ghostlands,1243,shaman,restoration,30,13,17
Stackinheals,thrall,1243,shaman,restoration,42,15,27
Darkn,cenarion-circle,1242,shaman,restoration,36,18,18
Yamishka,dalaran,1242,shaman,restoration,73,33,40
Delíta,quelthalas,1242,shaman,restoration,101,43,58
Lokhtar,zuljin,1241,shaman,restoration,48,26,22
Savjsh,illidan,1241,shaman,restoration,30,13,17
Chenguanxi,tichondrius,1240,shaman,restoration,18,13,5
Shammimane,tichondrius,1240,shaman,restoration,201,102,99
Nomediocur,moknathal,1240,shaman,restoration,61,24,37
Spekgawd,emerald-dream,1239,shaman,restoration,18,13,5
Rzul,tichondrius,1239,shaman,restoration,24,13,11
Sekkuo,kiljaeden,1239,shaman,restoration,143,77,66
Hearthx,perenolde,1239,shaman,restoration,30,13,17
Battleobobby,medivh,1239,shaman,restoration,41,13,28
Beefstocks,area-52,1238,shaman,restoration,66,32,34
Waterfaller,tichondrius,1238,shaman,restoration,39,17,22
Taò,tichondrius,1237,shaman,restoration,180,86,94
Shamakazi,tichondrius,1237,shaman,restoration,31,14,17
Wugmuk,illidan,1236,shaman,restoration,149,73,76
Vernacks,area-52,1235,shaman,restoration,18,13,5
Êdge,quelthalas,1235,shaman,restoration,69,33,36
Pyroxten,area-52,1235,shaman,restoration,36,13,23
Zad,spinebreaker,1234,shaman,restoration,30,13,17
Krolii,tichondrius,1234,shaman,restoration,80,33,47
Churgarm,zuljin,1232,shaman,restoration,130,68,62
Kinjin,dragonmaw,1232,shaman,restoration,30,13,17
Watchmytrem,ragnaros,1232,shaman,restoration,92,34,58
Kommotion,proudmoore,1232,shaman,restoration,36,13,23
Fênrisulfer,area-52,1231,shaman,restoration,89,37,52
Klaital,boulderfist,1230,shaman,restoration,36,22,14
Kikkóman,malganis,1230,shaman,restoration,48,25,23
Kinshaman,lightnings-blade,1230,shaman,restoration,103,49,54
Slimshaddy,tichondrius,1230,shaman,restoration,33,15,18
Dabmarinø,tichondrius,1229,shaman,restoration,34,21,13
Peppito,illidan,1229,shaman,restoration,51,29,22
Milkmeforhp,frostmourne,1229,shaman,restoration,246,126,120
Edemental,area-52,1229,shaman,restoration,129,61,68
Lhost,tanaris,1228,shaman,restoration,30,17,13
Thobeloza,nemesis,1228,shaman,restoration,25,14,11
Adrô,barthilas,1228,shaman,restoration,164,78,86
Furti,daggerspine,1228,shaman,restoration,40,19,21
Laggythought,malganis,1228,shaman,restoration,63,21,42
Terdsammich,malganis,1227,shaman,restoration,51,27,24
Lüca,wyrmrest-accord,1226,shaman,restoration,357,187,170
Bäsedgód,tichondrius,1225,shaman,restoration,30,13,17
Blayze,stormscale,1225,shaman,restoration,46,17,29
Ozzai,ragnaros,1225,shaman,restoration,42,15,27
Mishalla,tichondrius,1224,shaman,restoration,72,27,45
Villainousx,illidan,1223,shaman,restoration,45,24,21
Llgll,tichondrius,1223,shaman,restoration,67,25,42
Delayy,destromath,1220,shaman,restoration,113,55,58
Hammerme,barthilas,1220,shaman,restoration,131,52,79
Thizzasta,blackhand,1219,shaman,restoration,40,18,22
Thunderfuzz,eredar,1219,shaman,restoration,75,33,42
Keiox,ragnaros,1218,shaman,restoration,24,13,11
Donmills,tichondrius,1218,shaman,restoration,54,23,31
Lavablurst,stormrage,1218,shaman,restoration,59,23,36
Rétt,barthilas,1216,shaman,restoration,30,17,13
Booyahshaman,area-52,1216,shaman,restoration,36,19,17
Infsham,hyjal,1216,shaman,restoration,147,66,81
Cheeziee,thrall,1216,shaman,restoration,30,13,17
Spiritbear,zuljin,1215,shaman,restoration,42,27,15
Valentinê,stormrage,1215,shaman,restoration,24,13,11
ßøn,altar-of-storms,1213,shaman,restoration,26,17,9
Turksham,tichondrius,1213,shaman,restoration,41,22,19
Luto,tichondrius,1213,shaman,restoration,156,83,73
Súrge,illidan,1212,shaman,restoration,25,13,12
Väsain,wyrmrest-accord,1212,shaman,restoration,36,16,20
Madvillainny,thrall,1211,shaman,restoration,62,32,30
Samac,ravencrest,1210,shaman,restoration,48,26,22
Certz,dark-iron,1209,shaman,restoration,39,15,24
Dinaliia,lothar,1208,shaman,restoration,72,38,34
Hoong,garrosh,1208,shaman,restoration,38,19,19
Cheliz,thrall,1208,shaman,restoration,135,59,76
Tartar,lightbringer,1207,shaman,restoration,146,79,67
Voodoototems,frostmourne,1207,shaman,restoration,51,25,26
Plausibility,moon-guard,1206,shaman,restoration,24,13,11
Woodrose,frostmourne,1206,shaman,restoration,166,76,90
Raikages,whisperwind,1206,shaman,restoration,91,39,52
Solomonster,tichondrius,1205,shaman,restoration,31,15,16
Sacroshaman,frostmourne,1205,shaman,restoration,66,21,45
Beardedone,durotan,1203,shaman,restoration,42,24,18
Blodbar,kiljaeden,1202,shaman,restoration,54,31,23
Solaraa,proudmoore,1202,shaman,restoration,106,49,57
Bluffin,stormrage,1201,shaman,restoration,24,17,7
Thräll,shuhalo,1200,shaman,restoration,202,103,99
Ogtrippleog,blackwing-lair,1200,shaman,restoration,47,19,28
Phatheelz,tichondrius,1199,shaman,restoration,35,21,14
Sizbo,thrall,1199,shaman,restoration,42,20,22
Redbulls,azralon,1198,shaman,restoration,96,54,42
Hicys,azralon,1197,shaman,restoration,179,88,91
Cruelface,sargeras,1196,shaman,restoration,26,14,12
Jaegeer,azralon,1195,shaman,restoration,30,16,14
Lankae,quelthalas,1194,shaman,restoration,30,18,12
Droni,emerald-dream,1194,shaman,restoration,60,28,32
Lezzer,ragnaros,1193,shaman,restoration,131,60,71
Rokogg,thrall,1192,shaman,restoration,57,18,39
Deacoderz,area-52,1191,shaman,restoration,26,14,12
Synkrona,tichondrius,1191,shaman,restoration,38,16,22
Thorsén,ursin,1190,shaman,restoration,54,23,31
Nobiggy,tichondrius,1190,shaman,restoration,33,13,20
Bethklok,daggerspine,1188,shaman,restoration,66,26,40
Babibolo,duskwood,1187,shaman,restoration,24,13,11
Dcãicer,quelthalas,1187,shaman,restoration,115,60,55
Mengemort,crushridge,1187,shaman,restoration,105,51,54
Chûnk,tichondrius,1186,shaman,restoration,32,15,17
Restoramen,frostmourne,1185,shaman,restoration,49,24,25
Mochiko,frostmourne,1184,shaman,restoration,86,40,46
Dodirt,laughing-skull,1184,shaman,restoration,54,23,31
Getwetand,quelthalas,1182,shaman,restoration,115,57,58
Reezy,draktharon,1181,shaman,restoration,23,13,10
Mcstop,tanaris,1180,shaman,restoration,41,17,24
Orcstain,moknathal,1180,shaman,restoration,129,50,79
Lavamama,sargeras,1180,shaman,restoration,41,15,26
Hexoffender,thunderlord,1179,shaman,restoration,33,14,19
Rajin,sentinels,1178,shaman,restoration,36,18,18
Houhei,stormrage,1178,shaman,restoration,36,14,22
Sõuls,quelthalas,1176,shaman,restoration,30,14,16
Gushaman,area-52,1173,shaman,restoration,48,22,26
Slëvin,frostmourne,1173,shaman,restoration,72,32,40
Xolkrem,stormrage,1173,shaman,restoration,36,13,23
Juggerr,thunderlord,1170,shaman,restoration,50,26,24
Vanty,proudmoore,1170,shaman,restoration,29,13,16
Stabix,tichondrius,1169,shaman,restoration,114,54,60
Winry,korgath,1169,shaman,restoration,30,14,16
Hedbang,kiljaeden,1169,shaman,restoration,60,24,36
Wazöö,sargeras,1168,shaman,restoration,63,28,35
Oomshamm,area-52,1167,shaman,restoration,130,68,62
Pecanwaffles,dalaran,1167,shaman,restoration,27,13,14
Shazikial,illidan,1167,shaman,restoration,44,21,23
Onpoint,frostmourne,1165,shaman,restoration,23,13,10
Shämpäin,moon-guard,1165,shaman,restoration,32,13,19
Bigfatpus,illidan,1164,shaman,restoration,26,14,12
Grakkah,thrall,1162,shaman,restoration,30,13,17
Patoron,proudmoore,1161,shaman,restoration,58,28,30
Turns,senjin,1161,shaman,restoration,36,14,22
Toedims,bonechewer,1160,shaman,restoration,36,17,19
Crazytotems,dalaran,1159,shaman,restoration,142,71,71
Truemooin,wyrmrest-accord,1159,shaman,restoration,613,301,312
Mtnju,eredar,1157,shaman,restoration,26,15,11
Scrototëm,azralon,1157,shaman,restoration,60,33,27
Hatethetotem,bleeding-hollow,1156,shaman,restoration,52,27,25
Drboidzerg,tichondrius,1154,shaman,restoration,32,20,12
Lulers,cenarius,1154,shaman,restoration,48,22,26
Bekrogh,azralon,1153,shaman,restoration,23,14,9
Dahmerjr,area-52,1153,shaman,restoration,78,43,35
Xändra,ragnaros,1153,shaman,restoration,59,23,36
Creativemind,arathor,1152,shaman,restoration,18,12,6
Steverz,daggerspine,1152,shaman,restoration,18,12,6
Luckalicious,proudmoore,1152,shaman,restoration,18,12,6
Hexgodx,illidan,1152,shaman,restoration,18,12,6
Rawdòggin,emerald-dream,1152,shaman,restoration,33,13,20
Sensibleqt,tichondrius,1151,shaman,restoration,18,12,6
Killhat,emerald-dream,1151,shaman,restoration,18,12,6
Femdorfxo,frostmourne,1151,shaman,restoration,24,12,12
Guybeingdude,sargeras,1151,shaman,restoration,24,12,12
Gbe,tichondrius,1151,shaman,restoration,24,12,12
Hoatboiz,magtheridon,1151,shaman,restoration,54,14,40
Racsors,ragnaros,1150,shaman,restoration,102,56,46
Zieebeep,stormrage,1150,shaman,restoration,24,12,12
Ponyi,frostmourne,1150,shaman,restoration,30,12,18
Oxicleanxo,sargeras,1150,shaman,restoration,30,12,18
Whitezzxx,tichondrius,1150,shaman,restoration,30,12,18
Skrubbles,mugthol,1149,shaman,restoration,18,12,6
Käck,tichondrius,1149,shaman,restoration,74,35,39
Loanomi,zuljin,1148,shaman,restoration,30,16,14
Jineluki,emerald-dream,1148,shaman,restoration,53,23,30
Jixxerele,malganis,1148,shaman,restoration,30,12,18
Funktotem,zuluhed,1148,shaman,restoration,36,12,24
Adventstrike,tichondrius,1148,shaman,restoration,45,14,31
Taekhala,moon-guard,1148,shaman,restoration,72,20,52
Chubbsxl,proudmoore,1147,shaman,restoration,24,12,12
Xiaoxiboy,tichondrius,1147,shaman,restoration,24,12,12
Ricn,tichondrius,1147,shaman,restoration,24,12,12
Smashtheface,nagrand,1147,shaman,restoration,88,41,47
Nosekandyz,chogall,1147,shaman,restoration,30,12,18
Bitruff,tichondrius,1146,shaman,restoration,24,12,12
Toastsshaman,tichondrius,1145,shaman,restoration,24,12,12
Eyris,dathremar,1145,shaman,restoration,179,88,91
Vulcanuzz,ragnaros,1145,shaman,restoration,65,27,38
Aegaeonlol,tichondrius,1144,shaman,restoration,24,12,12
Boltadeez,tichondrius,1144,shaman,restoration,24,12,12
Shockalama,tichondrius,1144,shaman,restoration,84,35,49
Glizzyfeast,illidan,1143,shaman,restoration,18,12,6
Zaios,area-52,1143,shaman,restoration,18,12,6
Bon,ravencrest,1143,shaman,restoration,24,13,11
Sonsii,tichondrius,1143,shaman,restoration,48,18,30
Juksi,the-scryers,1142,shaman,restoration,35,14,21
Pissbeard,illidan,1141,shaman,restoration,48,20,28
Vinceshamwow,lightbringer,1139,shaman,restoration,18,12,6
Semasham,khazgoroth,1139,shaman,restoration,36,12,24
Magnethor,frostmourne,1138,shaman,restoration,102,50,52
Paniczone,madoran,1138,shaman,restoration,63,26,37
Docshamwow,malganis,1137,shaman,restoration,18,12,6
Bobaflexqt,korgath,1137,shaman,restoration,30,14,16
Stahlman,blackhand,1137,shaman,restoration,71,25,46
Degree,baelgun,1136,shaman,restoration,18,12,6
Gsync,tichondrius,1136,shaman,restoration,76,45,31
Jesuisbatman,zuljin,1136,shaman,restoration,24,12,12
Winchi,stormrage,1136,shaman,restoration,24,12,12
Devipersham,frostmourne,1135,shaman,restoration,24,12,12
Bessame,sargeras,1134,shaman,restoration,48,23,25
Muur,zangarmarsh,1134,shaman,restoration,55,20,35
Vyy,perenolde,1133,shaman,restoration,24,12,12
Charr,nemesis,1133,shaman,restoration,30,14,16
Meshugga,scarlet-crusade,1132,shaman,restoration,110,49,61
Shampane,arathor,1131,shaman,restoration,24,12,12
Mordzan,area-52,1131,shaman,restoration,26,12,14
Ladilloso,zuljin,1131,shaman,restoration,59,24,35
Talroh,malganis,1131,shaman,restoration,98,37,61
Lechaman,hakkar,1131,shaman,restoration,66,22,44
Cameltotêm,frostmourne,1130,shaman,restoration,30,17,13
Grimmzhul,daggerspine,1130,shaman,restoration,182,92,90
Cositax,tichondrius,1129,shaman,restoration,72,41,31
Narikó,aggramar,1126,shaman,restoration,130,73,57
Sannyasin,azralon,1126,shaman,restoration,24,12,12
Sephyros,ragnaros,1121,shaman,restoration,24,12,12
Rocksteddy,area-52,1120,shaman,restoration,24,12,12
Slimcube,illidan,1120,shaman,restoration,42,18,24
Allegrata,sargeras,1119,shaman,restoration,30,16,14
Laterallus,nagrand,1119,shaman,restoration,98,49,49
Bloodytotems,dethecus,1118,shaman,restoration,24,12,12
Shämwow,agamaggan,1118,shaman,restoration,930,458,472
Turblix,tichondrius,1117,shaman,restoration,72,44,28
Betterthanya,tichondrius,1117,shaman,restoration,22,13,9
Saxaboom,tichondrius,1115,shaman,restoration,30,12,18
Phira,tichondrius,1114,shaman,restoration,78,40,38
Bikutali,kiljaeden,1114,shaman,restoration,24,12,12
Tiä,quelthalas,1114,shaman,restoration,42,17,25
Wÿrd,illidan,1112,shaman,restoration,30,18,12
Uluwatu,bleeding-hollow,1109,shaman,restoration,48,22,26
Senzxlolxz,lightbringer,1106,shaman,restoration,57,33,24
Graveman,illidan,1106,shaman,restoration,159,84,75
Mvpstorm,darkspear,1106,shaman,restoration,30,12,18
Monorim,barthilas,1104,shaman,restoration,132,69,63
Etherys,frostmourne,1103,shaman,restoration,60,33,27
Shammyguy,stormreaver,1103,shaman,restoration,50,23,27
Ttass,dalaran,1102,shaman,restoration,35,13,22
Volsdeep,illidan,1101,shaman,restoration,27,12,15
Hazorele,nagrand,1100,shaman,restoration,72,37,35
Shockur,sargeras,1099,shaman,restoration,23,12,11
Eledogg,mannoroth,1099,shaman,restoration,28,13,15
Explozion,kiljaeden,1099,shaman,restoration,27,12,15
Vinnydsham,tichondrius,1098,shaman,restoration,23,12,11
Drumman,skullcrusher,1098,shaman,restoration,104,44,60
Qüickeze,khazgoroth,1097,shaman,restoration,22,15,7
Shamanship,haomarush,1097,shaman,restoration,23,12,11
Kencysz,tichondrius,1097,shaman,restoration,29,13,16
Kulgur,ravenholdt,1096,shaman,restoration,53,34,19
Topa,magtheridon,1095,shaman,restoration,42,18,24
Morphose,tichondrius,1094,shaman,restoration,29,12,17
Kime,tichondrius,1093,shaman,restoration,84,43,41
Htsu,quelthalas,1093,shaman,restoration,28,13,15
Shocksamdi,malganis,1093,shaman,restoration,36,13,23
Naturescandy,alterac-mountains,1092,shaman,restoration,31,16,15
Stormburst,sargeras,1092,shaman,restoration,42,20,22
Tremór,frostmourne,1091,shaman,restoration,30,17,13
Groonix,blood-furnace,1090,shaman,restoration,42,22,20
Baygone,tichondrius,1088,shaman,restoration,30,14,16
Taquitho,quelthalas,1088,shaman,restoration,75,32,43
Turbluscious,frostmourne,1087,shaman,restoration,79,42,37
Briagnar,drakkari,1087,shaman,restoration,29,12,17
Mikeisbadwow,tichondrius,1086,shaman,restoration,16,12,4
Kamehamekazi,blackhand,1085,shaman,restoration,24,12,12
Chungie,laughing-skull,1082,shaman,restoration,24,12,12
Belínski,azralon,1080,shaman,restoration,48,26,22
Lavatotem,stormrage,1079,shaman,restoration,53,28,25
Foghoran,quelthalas,1078,shaman,restoration,36,15,21
Bettoo,ragnaros,1075,shaman,restoration,53,26,27
Shamkey,alexstrasza,1075,shaman,restoration,48,21,27
Umbrood,area-52,1073,shaman,restoration,28,13,15
Grullander,hakkar,1072,shaman,restoration,41,23,18
Elharm,ragnaros,1072,shaman,restoration,36,13,23
Flametide,proudmoore,1069,shaman,restoration,70,33,37
Zhyrouvstorm,stormrage,1068,shaman,restoration,60,27,33
Arjen,kelthuzad,1066,shaman,restoration,23,15,8
Shamanzinh,azralon,1063,shaman,restoration,35,12,23
Shammysham,zuljin,1062,shaman,restoration,37,13,24
Littledream,quelthalas,1061,shaman,restoration,58,26,32
Biofly,thrall,1056,shaman,restoration,18,11,7
Cencyzz,tichondrius,1056,shaman,restoration,18,11,7
Kencyi,tichondrius,1056,shaman,restoration,18,11,7
Handzum,blades-edge,1056,shaman,restoration,18,11,7
Reuxxe,area-52,1056,shaman,restoration,231,117,114
Jukedlawl,illidan,1056,shaman,restoration,30,11,19
Klâus,fizzcrank,1055,shaman,restoration,18,11,7
Jtrxs,tichondrius,1055,shaman,restoration,24,11,13
Sweetpotatoe,malganis,1055,shaman,restoration,24,11,13
Pericazo,sargeras,1055,shaman,restoration,24,11,13
Localxhero,stormrage,1055,shaman,restoration,24,11,13
Icehole,kelthuzad,1055,shaman,restoration,24,11,13
Mindgooblin,sargeras,1055,shaman,restoration,36,11,25
Sipo,tichondrius,1054,shaman,restoration,18,11,7
Ituma,tichondrius,1054,shaman,restoration,18,11,7
Earthfirex,ragnaros,1054,shaman,restoration,18,11,7
Vixeen,kelthuzad,1054,shaman,restoration,24,11,13
Iamg,kilrogg,1054,shaman,restoration,24,11,13
Elmonkeyloco,bleeding-hollow,1053,shaman,restoration,18,11,7
Kalashnikov,maiev,1053,shaman,restoration,60,32,28
Alfrigg,stormrage,1051,shaman,restoration,30,11,19
Devastacion,malganis,1050,shaman,restoration,28,20,8
Chebbs,bleeding-hollow,1050,shaman,restoration,18,11,7
Nehpets,kiljaeden,1050,shaman,restoration,24,11,13
Dragum,blackrock,1050,shaman,restoration,30,11,19
Speedranger,stormrage,1049,shaman,restoration,48,20,28
Groundded,tichondrius,1049,shaman,restoration,35,11,24
Totemism,warsong,1048,shaman,restoration,18,11,7
Ryuukas,illidan,1047,shaman,restoration,18,11,7
Kakolicious,stormrage,1047,shaman,restoration,18,11,7
Cheesepufs,illidan,1047,shaman,restoration,25,14,11
Pohtayto,darkspear,1047,shaman,restoration,24,11,13
Eleshortal,azuremyst,1046,shaman,restoration,51,21,30
Tràuma,caelestrasz,1045,shaman,restoration,45,13,32
Tsünade,anubarak,1044,shaman,restoration,12,11,1
Gl,nordrassil,1043,shaman,restoration,18,11,7
Cazlukz,demon-soul,1043,shaman,restoration,36,18,18
Enzÿte,tichondrius,1043,shaman,restoration,24,11,13
Kymosoloshm,sargeras,1043,shaman,restoration,24,11,13
Saraguthix,dalaran,1043,shaman,restoration,30,11,19
Pootergash,shadowmoon,1041,shaman,restoration,24,11,13
Tharapita,bleeding-hollow,1041,shaman,restoration,70,30,40
Volcanô,area-52,1041,shaman,restoration,30,11,19
Emtflakes,darkspear,1040,shaman,restoration,18,11,7
Chablez,shattered-hand,1040,shaman,restoration,48,20,28
Geoleo,stormrage,1040,shaman,restoration,42,17,25
Zonsham,drakkari,1040,shaman,restoration,48,19,29
Zugzugthug,moon-guard,1040,shaman,restoration,84,33,51
Beanshammy,stormrage,1040,shaman,restoration,38,12,26
Wragnus,tichondrius,1039,shaman,restoration,87,38,49
Greenberry,bonechewer,1036,shaman,restoration,22,12,10
Skippe,hyjal,1036,shaman,restoration,26,13,13
Atmospheric,frostmourne,1035,shaman,restoration,30,11,19
Ctrlaltelite,burning-blade,1031,shaman,restoration,30,12,18
Hopetotem,zuljin,1031,shaman,restoration,30,11,19
Aimiréal,nagrand,1030,shaman,restoration,30,17,13
Knowknown,tichondrius,1028,shaman,restoration,18,11,7
Galaxiya,blackhand,1027,shaman,restoration,101,45,56
Zoodoo,nagrand,1027,shaman,restoration,59,21,38
Rekiem,quelthalas,1025,shaman,restoration,28,15,13
Plop,tichondrius,1024,shaman,restoration,16,12,4
Anttoekneeoh,thrall,1024,shaman,restoration,24,12,12
Shamanicc,stormrage,1023,shaman,restoration,93,39,54
Paratroop,bonechewer,1023,shaman,restoration,106,42,64
Vaginix,tichondrius,1023,shaman,restoration,30,11,19
Mastrionilol,stormrage,1023,shaman,restoration,34,11,23
Xiaoshaman,tichondrius,1022,shaman,restoration,16,12,4
Blooddtears,stormrage,1022,shaman,restoration,18,11,7
Betorc,azralon,1019,shaman,restoration,42,14,28
Robis,thrall,1017,shaman,restoration,167,84,83
Brislin,sargeras,1017,shaman,restoration,276,132,144
Illeh,illidan,1016,shaman,restoration,48,24,24
Elrik,khadgar,1015,shaman,restoration,16,11,5
Grimlên,skullcrusher,1014,shaman,restoration,30,19,11
Dextex,azralon,1012,shaman,restoration,59,32,27
Fengyuzhe,tichondrius,1011,shaman,restoration,66,17,49
Rebbecablack,malganis,1008,shaman,restoration,18,12,6
Lazi,frostmourne,1008,shaman,restoration,27,12,15
Donkeydrill,elune,1007,shaman,restoration,35,21,14
Kawixxi,ysondre,1007,shaman,restoration,65,35,30
Grêgg,area-52,1006,shaman,restoration,22,11,11
Totori,stormscale,1006,shaman,restoration,30,11,19
Lauralai,sargeras,1002,shaman,restoration,18,11,7
Suqmacok,barthilas,1000,shaman,restoration,15,12,3
Vogelbach,ragnaros,999,shaman,restoration,30,19,11
Psilocypher,nazjatar,993,shaman,restoration,48,26,22
Mythruxx,sargeras,993,shaman,restoration,26,12,14
Nottrhall,azralon,990,shaman,restoration,14,11,3
Cakinha,stormrage,985,shaman,restoration,42,24,18
Ttukilowatts,stormrage,985,shaman,restoration,120,38,82
Plaboii,magtheridon,985,shaman,restoration,38,11,27
Faegle,area-52,984,shaman,restoration,24,11,13
Doomgodx,tichondrius,983,shaman,restoration,36,16,20
Nupi,thaurissan,981,shaman,restoration,86,37,49
Banterx,emerald-dream,979,shaman,restoration,35,12,23
Athayis,malorne,977,shaman,restoration,65,35,30
Andrastia,thrall,976,shaman,restoration,24,15,9
Dragonsauce,grizzly-hills,976,shaman,restoration,95,35,60
Skaehj,saurfang,972,shaman,restoration,62,33,29
Shamadran,hyjal,971,shaman,restoration,23,11,12
Ayahuassca,illidan,971,shaman,restoration,56,25,31
Njjshamm,thrall,969,shaman,restoration,36,16,20
Esterosa,tichondrius,960,shaman,restoration,12,10,2
Sagester,illidan,960,shaman,restoration,16,11,5
Yunotho,sargeras,960,shaman,restoration,18,10,8
Naisayyds,tichondrius,960,shaman,restoration,18,10,8
Xenvale,illidan,960,shaman,restoration,18,10,8
Burstekka,tichondrius,960,shaman,restoration,18,10,8
Xbk,tichondrius,960,shaman,restoration,18,10,8
Paperbot,barthilas,960,shaman,restoration,18,10,8
Victusk,tichondrius,960,shaman,restoration,18,10,8
Freerath,tichondrius,960,shaman,restoration,22,10,12
Enhancex,frostwolf,960,shaman,restoration,24,10,14
Hexworker,barthilas,960,shaman,restoration,24,10,14
Nisthesham,tichondrius,960,shaman,restoration,24,10,14
Kánntok,quelthalas,959,shaman,restoration,12,10,2
Køl,illidan,959,shaman,restoration,12,10,2
Farfar,tichondrius,959,shaman,restoration,12,10,2
Kahuku,illidan,959,shaman,restoration,16,11,5
Joryu,tichondrius,959,shaman,restoration,18,10,8
Esoterikk,malganis,959,shaman,restoration,18,10,8
Nakamora,tichondrius,959,shaman,restoration,18,10,8
Awsika,lethon,959,shaman,restoration,18,10,8
Zensarg,tichondrius,959,shaman,restoration,18,10,8
Lodekimm,tichondrius,959,shaman,restoration,18,10,8
Service,llane,959,shaman,restoration,18,10,8
Ajj,thrall,959,shaman,restoration,18,10,8
Jxx,nordrassil,959,shaman,restoration,18,10,8
Jisthexx,senjin,959,shaman,restoration,24,10,14
Valcn,moon-guard,959,shaman,restoration,24,10,14
Matzuga,bleeding-hollow,959,shaman,restoration,24,10,14
Annpurgekins,area-52,959,shaman,restoration,24,10,14
Applepen,tichondrius,959,shaman,restoration,24,10,14
Tehbeast,khadgar,959,shaman,restoration,36,10,26
Ggoong,tichondrius,959,shaman,restoration,36,10,26
Cmsix,tichondrius,958,shaman,restoration,12,10,2
Zügga,dalaran,958,shaman,restoration,12,10,2
Felzbirt,uldum,958,shaman,restoration,30,14,16
Potf,illidan,958,shaman,restoration,24,10,14
Weirdboi,area-52,958,shaman,restoration,24,10,14
Thundershade,deathwing,958,shaman,restoration,24,10,14
Clytiae,arthas,957,shaman,restoration,18,10,8
Humpvack,tichondrius,957,shaman,restoration,18,10,8
Smolder,magtheridon,957,shaman,restoration,68,37,31
Kroggath,area-52,956,shaman,restoration,18,10,8
Karaaka,ysera,956,shaman,restoration,30,10,20
Oohkillemm,silvermoon,955,shaman,restoration,18,10,8
Hentaistorm,kiljaeden,955,shaman,restoration,110,54,56
Mnightsham,sargeras,955,shaman,restoration,24,10,14
Shammystic,quelthalas,955,shaman,restoration,54,19,35
Totumstroker,thrall,954,shaman,restoration,18,10,8
Lysergicacid,proudmoore,954,shaman,restoration,42,23,19
Volzuna,wyrmrest-accord,954,shaman,restoration,24,10,14
Johnnyblue,barthilas,954,shaman,restoration,30,10,20
Frizzie,barthilas,953,shaman,restoration,95,24,71
Aariyuh,proudmoore,952,shaman,restoration,18,10,8
Tycho,skullcrusher,952,shaman,restoration,18,10,8
Bruhh,khadgar,951,shaman,restoration,18,10,8
Romcomx,tichondrius,951,shaman,restoration,24,10,14
Grubbyy,tichondrius,950,shaman,restoration,25,11,14
Tabby,emerald-dream,948,shaman,restoration,24,10,14
Daxetan,area-52,947,shaman,restoration,18,10,8
Urao,stormrage,947,shaman,restoration,46,13,33
Recyclicrab,skullcrusher,945,shaman,restoration,12,10,2
Kunshíí,bleeding-hollow,945,shaman,restoration,21,10,11
Vulkova,illidan,945,shaman,restoration,24,10,14
Moetotemz,tichondrius,941,shaman,restoration,42,14,28
Mhuns,malganis,940,shaman,restoration,24,10,14
Caferino,area-52,937,shaman,restoration,64,28,36
Jorko,dathremar,930,shaman,restoration,38,22,16
Matrìx,sargeras,929,shaman,restoration,104,51,53
Thrallblade,burning-blade,926,shaman,restoration,16,11,5
Haether,madoran,926,shaman,restoration,101,50,51
Colberton,dalaran,926,shaman,restoration,23,10,13
Rastablaze,darkspear,926,shaman,restoration,70,27,43
Yakella,trollbane,923,shaman,restoration,18,10,8
Shoomas,tichondrius,923,shaman,restoration,23,10,13
Mikeyshockus,hydraxis,922,shaman,restoration,47,19,28
Klev,frostmourne,921,shaman,restoration,33,12,21
Grüncks,azralon,921,shaman,restoration,66,19,47
Brokkghul,illidan,917,shaman,restoration,28,14,14
Malløry,mugthol,917,shaman,restoration,30,12,18
Bakedpototem,magtheridon,913,shaman,restoration,24,10,14
Tineer,tichondrius,912,shaman,restoration,27,10,17
Flexexpress,stormrage,911,shaman,restoration,17,10,7
Privxd,bleeding-hollow,910,shaman,restoration,17,10,7
Donix,destromath,908,shaman,restoration,48,23,25
Booz,caelestrasz,908,shaman,restoration,89,38,51
Mainstreamx,sargeras,908,shaman,restoration,33,10,23
Bitflip,jubeithos,907,shaman,restoration,21,10,11
Jessestevens,kiljaeden,905,shaman,restoration,17,10,7
Vudu,terokkar,905,shaman,restoration,19,11,8
Tyrión,aggramar,905,shaman,restoration,27,12,15
Shamyshame,quelthalas,904,shaman,restoration,18,11,7
Keybordternr,tichondrius,904,shaman,restoration,27,11,16
Alestorm,nemesis,899,shaman,restoration,28,12,16
Shamamanana,staghelm,899,shaman,restoration,30,10,20
Jenniferlynn,tichondrius,897,shaman,restoration,54,18,36
Bigbrenx,tichondrius,895,shaman,restoration,20,10,10
Señordoge,malganis,895,shaman,restoration,26,10,16
Lyshar,laughing-skull,894,shaman,restoration,20,10,10
Mikeoxxgigg,kelthuzad,894,shaman,restoration,94,43,51
Beppi,zuljin,893,shaman,restoration,23,10,13
Oldhar,kirin-tor,891,shaman,restoration,24,10,14
Uggbootz,amanthul,890,shaman,restoration,50,21,29
Imperiumrum,azuremyst,887,shaman,restoration,77,41,36
Adajjal,tichondrius,887,shaman,restoration,32,10,22
Sainttotem,zuljin,886,shaman,restoration,29,10,19
Castte,ragnaros,885,shaman,restoration,110,47,63
Brahsbro,icecrown,884,shaman,restoration,156,80,76
Swifteyy,area-52,883,shaman,restoration,22,10,12
Boogiefever,area-52,879,shaman,restoration,13,10,3
Thrawl,deathwing,875,shaman,restoration,24,11,13
Orouboros,area-52,869,shaman,restoration,72,25,47
Bukanra,tichondrius,868,shaman,restoration,25,10,15
Hênzo,quelthalas,867,shaman,restoration,34,19,15
Galarix,nerzhul,867,shaman,restoration,60,16,44
Washedupty,illidan,864,shaman,restoration,12,9,3
Iadyboi,kiljaeden,864,shaman,restoration,12,9,3
Pangniu,illidan,864,shaman,restoration,12,9,3
Genesiis,stormrage,864,shaman,restoration,12,9,3
Bakenquake,tichondrius,864,shaman,restoration,12,9,3
Seiunsky,area-52,864,shaman,restoration,12,9,3
ßonevoyage,malganis,864,shaman,restoration,12,9,3
Hexcalibur,laughing-skull,864,shaman,restoration,18,9,9
Gargrax,malganis,864,shaman,restoration,18,9,9
Flatt,uther,864,shaman,restoration,18,9,9
Kirschblute,proudmoore,864,shaman,restoration,18,9,9
Awyiss,dreadmaul,864,shaman,restoration,18,9,9
Cannoliluvr,eldrethalas,864,shaman,restoration,18,9,9
Medullarum,suramar,864,shaman,restoration,18,9,9
Neviahz,illidan,864,shaman,restoration,18,9,9
Plotwave,bleeding-hollow,864,shaman,restoration,18,9,9
Éarl,sargeras,864,shaman,restoration,24,9,15
Wildmaster,ragnaros,864,shaman,restoration,30,9,21
Kzxs,illidan,863,shaman,restoration,12,9,3
Rockemsockem,frostmourne,863,shaman,restoration,12,9,3
Ajvl,tichondrius,863,shaman,restoration,12,9,3
Hakimi,thrall,863,shaman,restoration,12,9,3
Køre,tichondrius,863,shaman,restoration,12,9,3
Dameyo,tichondrius,863,shaman,restoration,18,9,9
Gornu,nemesis,863,shaman,restoration,18,9,9
Snoff,burning-blade,863,shaman,restoration,18,9,9
Kaidis,jubeithos,863,shaman,restoration,18,9,9
Hoofpics,dalaran,863,shaman,restoration,18,9,9
Exiledsham,area-52,863,shaman,restoration,18,9,9
Multran,stormscale,863,shaman,restoration,18,9,9
Spiritshocks,tichondrius,863,shaman,restoration,18,9,9
Ataia,tichondrius,863,shaman,restoration,18,9,9
Grimmick,area-52,863,shaman,restoration,18,9,9
Airenne,vashj,863,shaman,restoration,18,9,9
Murica,area-52,863,shaman,restoration,18,9,9
Buffele,tichondrius,863,shaman,restoration,18,9,9
Fjury,dalaran,863,shaman,restoration,18,9,9
Discofoot,wyrmrest-accord,863,shaman,restoration,24,9,15
Shockandmaul,tichondrius,863,shaman,restoration,24,9,15
Kermut,frostmourne,863,shaman,restoration,24,9,15
Smashyz,nerzhul,863,shaman,restoration,30,9,21
Drünk,hyjal,862,shaman,restoration,18,9,9
Adrec,quelthalas,862,shaman,restoration,18,9,9
Obrahma,burning-legion,862,shaman,restoration,18,9,9
Pidel,tichondrius,862,shaman,restoration,18,9,9
Dhalishama,thrall,862,shaman,restoration,24,9,15
Mâdy,quelthalas,861,shaman,restoration,12,9,3
Soppin,bleeding-hollow,861,shaman,restoration,18,9,9
Xillicit,sargeras,861,shaman,restoration,18,9,9
Milkstress,whisperwind,861,shaman,restoration,24,9,15
Esanim,tichondrius,860,shaman,restoration,18,9,9
Bacnbitz,hellscream,860,shaman,restoration,24,9,15
Xhod,zuljin,859,shaman,restoration,18,9,9
Xtremedwarf,frostmourne,859,shaman,restoration,18,9,9
Derbain,caelestrasz,859,shaman,restoration,24,9,15
Blavan,area-52,859,shaman,restoration,24,9,15
Jemes,barthilas,858,shaman,restoration,18,9,9
Ironfart,destromath,858,shaman,restoration,18,9,9
Blois,thunderlord,857,shaman,restoration,18,9,9
Nytestalker,sargeras,857,shaman,restoration,24,9,15
Totescamel,tichondrius,857,shaman,restoration,24,9,15
Stormblast,stormrage,856,shaman,restoration,42,9,33
Superchunk,shattered-hand,849,shaman,restoration,143,73,70
Çatastrophe,dalaran,849,shaman,restoration,18,9,9
Elementium,azshara,847,shaman,restoration,29,9,20
Fio,nerzhul,846,shaman,restoration,246,111,135
Xinz,guldan,845,shaman,restoration,20,10,10
Stormsurgë,bleeding-hollow,831,shaman,restoration,16,10,6
Danil,emerald-dream,831,shaman,restoration,17,9,8
Lequandarius,sargeras,830,shaman,restoration,23,9,14
Stormcallerr,sargeras,824,shaman,restoration,17,9,8
Shubba,thrall,824,shaman,restoration,30,13,17
Insidetrader,illidan,815,shaman,restoration,15,10,5
Thetotemtaco,tichondrius,815,shaman,restoration,17,9,8
Zitan,tichondrius,813,shaman,restoration,17,9,8
Spencêrf,illidan,805,shaman,restoration,17,9,8
Deadlyshocks,gilneas,800,shaman,restoration,57,25,32
Rensel,drakkari,799,shaman,restoration,23,9,14
Bigbøss,stormrage,799,shaman,restoration,38,10,28
Jammylol,frostmourne,796,shaman,restoration,35,14,21
Shamining,illidan,793,shaman,restoration,14,9,5
Kàmï,illidan,792,shaman,restoration,21,10,11
Hudepohl,alexstrasza,776,shaman,restoration,23,9,14
Eleresto,tichondrius,768,shaman,restoration,12,8,4
Floofs,kelthuzad,768,shaman,restoration,12,8,4
Mahevagodx,ragnaros,768,shaman,restoration,12,8,4
Ggdumpy,tichondrius,768,shaman,restoration,12,8,4
Tidesurge,tichondrius,768,shaman,restoration,12,8,4
Xannysnapper,zuljin,768,shaman,restoration,12,8,4
Longlivecrit,exodar,768,shaman,restoration,12,8,4
Kìttý,malganis,768,shaman,restoration,12,8,4
Famikzmeypro,stormrage,768,shaman,restoration,12,8,4
Xiaoshaman,frostmourne,768,shaman,restoration,12,8,4
Plznostepmom,tichondrius,768,shaman,restoration,12,8,4
Thictoxicity,tichondrius,768,shaman,restoration,12,8,4
Puntress,barthilas,768,shaman,restoration,12,8,4
Hexistential,tichondrius,768,shaman,restoration,12,8,4
Rhazul,barthilas,768,shaman,restoration,18,8,10
Artotem,barthilas,768,shaman,restoration,18,8,10
Nohotsngravy,sargeras,768,shaman,restoration,18,8,10
Toastjr,frostmourne,768,shaman,restoration,18,8,10
Skymarshal,tichondrius,768,shaman,restoration,18,8,10
Songo,frostmane,768,shaman,restoration,18,8,10
Ändiroba,azralon,768,shaman,restoration,18,8,10
Wolvez,tichondrius,768,shaman,restoration,18,8,10
Playdohz,frostmourne,768,shaman,restoration,18,8,10
Pigheadbansm,tichondrius,768,shaman,restoration,18,8,10
Kaddya,mannoroth,768,shaman,restoration,18,8,10
Fyc,wyrmrest-accord,768,shaman,restoration,18,8,10
Legomyleg,tichondrius,768,shaman,restoration,18,8,10
Sgtsosix,zuljin,768,shaman,restoration,18,8,10
Zeroshears,tichondrius,768,shaman,restoration,24,8,16
Earthuncle,illidan,768,shaman,restoration,24,8,16
Squirtrussel,boulderfist,767,shaman,restoration,12,8,4
Elamentz,bleeding-hollow,767,shaman,restoration,12,8,4
Veeve,kelthuzad,767,shaman,restoration,12,8,4
Raspberri,kelthuzad,767,shaman,restoration,12,8,4
Iarepotato,tichondrius,767,shaman,restoration,12,8,4
Watergirl,thaurissan,767,shaman,restoration,12,8,4
Gerberbaby,chogall,767,shaman,restoration,12,8,4
Runnybabbit,daggerspine,767,shaman,restoration,12,8,4
Mymojo,tichondrius,767,shaman,restoration,12,8,4
Lepoow,illidan,767,shaman,restoration,12,8,4
Shampoø,shattered-halls,767,shaman,restoration,12,8,4
Tholkt,ragnaros,767,shaman,restoration,15,9,6
Regisphilman,bonechewer,767,shaman,restoration,17,10,7
Sledgehammer,auchindoun,767,shaman,restoration,15,8,7
Jazziefae,arygos,767,shaman,restoration,18,8,10
Fidelityfx,sargeras,767,shaman,restoration,18,8,10
Tigs,alleria,767,shaman,restoration,18,8,10
Rayfordyoung,zuljin,767,shaman,restoration,18,8,10
Scadouche,korgath,767,shaman,restoration,18,8,10
Chrigshock,black-dragonflight,767,shaman,restoration,18,8,10
Myrakh,zuljin,767,shaman,restoration,18,8,10
Brotem,barthilas,767,shaman,restoration,21,9,12
Thunderfucj,tichondrius,767,shaman,restoration,24,8,16
Agrîm,tichondrius,767,shaman,restoration,24,8,16
Nienzi,wyrmrest-accord,767,shaman,restoration,24,8,16
Andrewot,aerie-peak,767,shaman,restoration,41,11,30
Uthprotekta,daggerspine,766,shaman,restoration,12,8,4
Bigboorst,kelthuzad,766,shaman,restoration,12,8,4
Shamansz,stormrage,766,shaman,restoration,12,8,4
Rapwnzel,tichondrius,766,shaman,restoration,18,8,10
Yzaria,nemesis,766,shaman,restoration,18,8,10
Totemlord,lightnings-blade,766,shaman,restoration,18,8,10
Arashio,madoran,766,shaman,restoration,21,9,12
Nooch,malganis,766,shaman,restoration,27,9,18
Magatotem,sargeras,766,shaman,restoration,24,8,16
Zabatee,dalaran,766,shaman,restoration,24,8,16
Fevolution,dreadmaul,766,shaman,restoration,24,8,16
Gohex,saurfang,765,shaman,restoration,12,8,4
Finaire,queldorei,765,shaman,restoration,12,8,4
Trickyjf,dalaran,765,shaman,restoration,18,8,10
Kanagawa,illidan,765,shaman,restoration,24,8,16
Tendies,ursin,764,shaman,restoration,18,8,10
Zuljincj,zuljin,764,shaman,restoration,18,8,10
Moistydank,tichondrius,764,shaman,restoration,24,8,16
Vínnie,tichondrius,763,shaman,restoration,18,8,10
Furbiddên,area-52,763,shaman,restoration,24,8,16
Madhappycow,bleeding-hollow,762,shaman,restoration,17,9,8
Shamnnoodlez,area-52,762,shaman,restoration,18,8,10
Talc,antonidas,761,shaman,restoration,12,8,4
Extenzz,area-52,761,shaman,restoration,18,8,10
Shamàc,tichondrius,761,shaman,restoration,24,8,16
Cremecheese,crushridge,760,shaman,restoration,12,8,4
Turbö,hyjal,757,shaman,restoration,18,8,10
Shamanlesa,azralon,757,shaman,restoration,18,8,10
Kordir,kiljaeden,756,shaman,restoration,24,8,16
Amonamarth,tichondrius,753,shaman,restoration,18,8,10
Getpurged,thrall,751,shaman,restoration,17,8,9
Vazan,arthas,747,shaman,restoration,18,8,10
Msooli,tichondrius,745,shaman,restoration,15,10,5
Siksika,bloodscalp,744,shaman,restoration,130,56,74
Daysub,crushridge,735,shaman,restoration,20,9,11
Kurtssham,destromath,735,shaman,restoration,18,8,10
Ryforges,frostmourne,734,shaman,restoration,14,9,5
Unishamx,malganis,720,shaman,restoration,15,8,7
Picklefartsh,tichondrius,720,shaman,restoration,15,8,7
Treris,bleeding-hollow,719,shaman,restoration,11,8,3
Notragii,kelthuzad,719,shaman,restoration,17,8,9
Yoloswage,tichondrius,713,shaman,restoration,33,10,23
Oldbob,aerie-peak,711,shaman,restoration,17,10,7
Poundmaker,cairne,707,shaman,restoration,15,8,7
Kenithwest,tichondrius,703,shaman,restoration,11,8,3
Purgelordx,proudmoore,703,shaman,restoration,11,8,3
Wasuwant,frostmourne,703,shaman,restoration,14,8,6
Rikswordfire,wyrmrest-accord,697,shaman,restoration,22,8,14
Interwebzz,tichondrius,697,shaman,restoration,72,17,55
Hueymagoo,firetree,684,shaman,restoration,25,8,17
Kikahna,stormreaver,683,shaman,restoration,22,9,13
Ballofduty,tichondrius,672,shaman,restoration,12,7,5
Xueticsham,tichondrius,672,shaman,restoration,12,7,5
Banshaman,tichondrius,672,shaman,restoration,12,7,5
Zarly,bleeding-hollow,672,shaman,restoration,12,7,5
Yusbe,ragnaros,672,shaman,restoration,12,7,5
Bloodlustxo,frostmourne,672,shaman,restoration,12,7,5
Farmër,illidan,672,shaman,restoration,12,7,5
Mugiwára,ragnaros,672,shaman,restoration,12,7,5
Joè,bleeding-hollow,672,shaman,restoration,12,7,5
Meatboi,khaz-modan,672,shaman,restoration,12,7,5
Kassix,illidan,672,shaman,restoration,12,7,5
Apeboy,area-52,672,shaman,restoration,12,7,5
Gruestorm,illidan,672,shaman,restoration,12,7,5
Kustum,tichondrius,672,shaman,restoration,12,7,5
Toltem,bleeding-hollow,672,shaman,restoration,12,7,5
Acdc,zuljin,672,shaman,restoration,12,7,5
Dopey,twisting-nether,672,shaman,restoration,12,7,5
Lustsx,tichondrius,672,shaman,restoration,12,7,5
Iliillililli,tichondrius,672,shaman,restoration,12,7,5
Heckinpurges,area-52,672,shaman,restoration,12,7,5
Symbox,tichondrius,672,shaman,restoration,12,7,5
Shöckäzulu,nazgrel,672,shaman,restoration,12,7,5
Wreckaholic,alterac-mountains,672,shaman,restoration,12,7,5
Beatsmaker,tichondrius,672,shaman,restoration,12,7,5
Quiksilvero,khazgoroth,672,shaman,restoration,12,7,5
Zerwyn,senjin,672,shaman,restoration,12,7,5
Boltekka,tichondrius,672,shaman,restoration,12,7,5
Envy,korialstrasz,672,shaman,restoration,12,7,5
Mastashambtw,illidan,672,shaman,restoration,12,7,5
Fatnutx,tichondrius,672,shaman,restoration,12,7,5
Dektide,zuljin,672,shaman,restoration,12,7,5
Gagging,gundrak,672,shaman,restoration,12,7,5
Dizzyswift,tichondrius,672,shaman,restoration,12,7,5
Strykked,illidan,672,shaman,restoration,12,7,5
Akurai,stormrage,672,shaman,restoration,12,7,5
Paaman,proudmoore,672,shaman,restoration,12,7,5
Viprus,nerzhul,672,shaman,restoration,12,7,5
Mastrioni,dragonmaw,672,shaman,restoration,12,7,5
Invokeesorin,area-52,672,shaman,restoration,12,7,5
Mørgénstérn,area-52,672,shaman,restoration,12,7,5
Elîas,tichondrius,672,shaman,restoration,12,7,5
Micgarnagul,illidan,672,shaman,restoration,12,7,5
Befree,thunderlord,672,shaman,restoration,15,8,7
Zrosurge,stormrage,672,shaman,restoration,14,7,7
Rollînçoàl,malganis,672,shaman,restoration,18,7,11
Zanderpla,kelthuzad,672,shaman,restoration,18,7,11
Lildik,tichondrius,672,shaman,restoration,18,7,11
Meatlog,dalaran,672,shaman,restoration,18,7,11
Oprawindfuri,whisperwind,672,shaman,restoration,18,7,11
Trippzs,barthilas,672,shaman,restoration,18,7,11
Lindsanx,illidan,672,shaman,restoration,18,7,11
Nikeshocks,detheroc,672,shaman,restoration,18,7,11
History,burning-blade,672,shaman,restoration,18,7,11
Smeagles,ragnaros,672,shaman,restoration,18,7,11
Káori,area-52,672,shaman,restoration,18,7,11
Pjtremblay,frostmourne,672,shaman,restoration,18,7,11
Hardlyfe,frostmourne,672,shaman,restoration,18,7,11
Aromental,sargeras,672,shaman,restoration,18,7,11
Silverkitty,tichondrius,672,shaman,restoration,18,7,11
Macavell,tichondrius,672,shaman,restoration,18,7,11
Ghiscar,tichondrius,672,shaman,restoration,18,7,11
Huashiren,illidan,672,shaman,restoration,18,7,11
Eternaltotem,darkspear,672,shaman,restoration,18,7,11
Stumpyjoe,terokkar,672,shaman,restoration,19,7,12
Krisu,kelthuzad,672,shaman,restoration,24,7,17
Fatherchunga,burning-legion,672,shaman,restoration,24,7,17
Foxymama,the-forgotten-coast,672,shaman,restoration,24,7,17
Larvabust,azralon,672,shaman,restoration,24,7,17
Twinkyz,boulderfist,672,shaman,restoration,30,7,23
Messiahz,illidan,671,shaman,restoration,12,7,5
Kustys,tichondrius,671,shaman,restoration,12,7,5
Arkilios,tichondrius,671,shaman,restoration,12,7,5
Johnyboy,illidan,671,shaman,restoration,12,7,5
Thormodin,destromath,671,shaman,restoration,12,7,5
Sixzo,tichondrius,671,shaman,restoration,12,7,5
Antysham,emerald-dream,671,shaman,restoration,12,7,5
Shamiggels,sargeras,671,shaman,restoration,12,7,5
Flekzs,blackhand,671,shaman,restoration,12,7,5
Drathos,azralon,671,shaman,restoration,12,7,5
Theshamhomie,stormrage,671,shaman,restoration,12,7,5
Wishpool,stormrage,671,shaman,restoration,12,7,5
Curtrex,amanthul,671,shaman,restoration,12,7,5
Pakdis,sargeras,671,shaman,restoration,12,7,5
Rokvahn,illidan,671,shaman,restoration,12,7,5
Nûkes,area-52,671,shaman,restoration,14,7,7
Cavolt,stormrage,671,shaman,restoration,18,7,11
Lvcianrs,thrall,671,shaman,restoration,18,7,11
Bintopean,boulderfist,671,shaman,restoration,18,7,11
Sheariously,sargeras,671,shaman,restoration,18,7,11
Dochavoc,tichondrius,671,shaman,restoration,18,7,11
Naturasol,quelthalas,671,shaman,restoration,18,7,11
Caobuloso,azralon,671,shaman,restoration,18,7,11
Kamltoetm,proudmoore,671,shaman,restoration,18,7,11
Riptiddles,nordrassil,671,shaman,restoration,30,7,23
Zevexx,tichondrius,670,shaman,restoration,12,7,5
Flameism,sargeras,670,shaman,restoration,12,7,5
Arrcae,tichondrius,670,shaman,restoration,12,7,5
Jaws,skullcrusher,670,shaman,restoration,12,7,5
Crynoobs,senjin,670,shaman,restoration,12,7,5
Bethorá,suramar,670,shaman,restoration,12,7,5
Starsetfan,zuljin,670,shaman,restoration,12,7,5
Tekoqt,tichondrius,670,shaman,restoration,12,7,5
Shamanastic,tichondrius,670,shaman,restoration,12,7,5
Bigmawmaw,moon-guard,670,shaman,restoration,18,7,11
Saulgudmon,area-52,670,shaman,restoration,18,7,11
Moonrider,nerzhul,670,shaman,restoration,18,7,11
Oprawîndfury,tichondrius,670,shaman,restoration,18,7,11
Cadvanx,area-52,670,shaman,restoration,24,7,17
Víì,tichondrius,670,shaman,restoration,24,7,17
Shrekstormer,area-52,670,shaman,restoration,30,7,23
Nahualtt,quelthalas,669,shaman,restoration,18,7,11
Todem,stormrage,669,shaman,restoration,18,7,11
Rrakk,proudmoore,669,shaman,restoration,18,7,11
Logich,dalaran,669,shaman,restoration,18,7,11
Thordan,lothar,669,shaman,restoration,18,7,11
Farku,illidan,669,shaman,restoration,36,7,29
Evilraven,tichondrius,668,shaman,restoration,18,7,11
Waterspinach,tichondrius,668,shaman,restoration,18,7,11
Detropolis,illidan,668,shaman,restoration,48,7,41
Kaliøs,ragnaros,667,shaman,restoration,12,7,5
Youngneal,sargeras,667,shaman,restoration,18,7,11
Snowship,sargeras,667,shaman,restoration,18,7,11
Igotadonk,boulderfist,667,shaman,restoration,18,7,11
Topazlight,thrall,667,shaman,restoration,24,7,17
Dennwoop,sargeras,666,shaman,restoration,28,8,20
Ruadhri,moon-guard,665,shaman,restoration,12,7,5
Trodor,tichondrius,665,shaman,restoration,18,7,11
Drmundo,icecrown,665,shaman,restoration,30,7,23
Vidulfo,tichondrius,659,shaman,restoration,12,7,5
Kihlubra,frostmourne,655,shaman,restoration,25,7,18
Mâyo,thrall,654,shaman,restoration,17,7,10
Cokkain,proudmoore,650,shaman,restoration,241,83,158
Garbagedump,burning-legion,649,shaman,restoration,24,9,15
Folda,tichondrius,639,shaman,restoration,17,7,10
Flíx,stormrage,638,shaman,restoration,14,8,6
Healingtime,nerzhul,638,shaman,restoration,14,8,6
Talraviebor,stormrage,636,shaman,restoration,14,8,6
Cdewschair,tichondrius,623,shaman,restoration,17,7,10
Royblue,illidan,618,shaman,restoration,14,8,6
Îvôry,bloodhoof,618,shaman,restoration,22,10,12
Zugwave,area-52,618,shaman,restoration,22,8,14
Vindícated,area-52,617,shaman,restoration,13,8,5
Tolvashoc,emerald-dream,608,shaman,restoration,16,7,9
Drfate,kargath,604,shaman,restoration,16,7,9
Xlash,zuljin,598,shaman,restoration,26,7,19
Grony,malganis,592,shaman,restoration,7,7,0
Vaderung,emerald-dream,592,shaman,restoration,13,7,6
Chopps,wildhammer,590,shaman,restoration,22,7,15
Jinyara,malganis,576,shaman,restoration,6,6,0
Tommoorello,lightnings-blade,576,shaman,restoration,6,6,0
Vrangr,uther,576,shaman,restoration,6,6,0
Jimmyapple,illidan,576,shaman,restoration,6,6,0
Jaygodx,blades-edge,576,shaman,restoration,6,6,0
ßlessthefall,malganis,576,shaman,restoration,6,6,0
Gerardohdez,ragnaros,576,shaman,restoration,6,6,0
Zontas,illidan,576,shaman,restoration,6,6,0
Slurgamer,area-52,576,shaman,restoration,6,6,0
Duckhead,tichondrius,576,shaman,restoration,6,6,0
Limburger,zuljin,576,shaman,restoration,6,6,0
Hodoóng,tichondrius,576,shaman,restoration,8,6,2
Jordnöt,moon-guard,576,shaman,restoration,9,6,3
Diptide,bleeding-hollow,576,shaman,restoration,12,6,6
Kamusham,azralon,576,shaman,restoration,12,6,6
Oppaswag,tichondrius,576,shaman,restoration,12,6,6
Nymrose,stormrage,576,shaman,restoration,12,6,6
Bravezf,tichondrius,576,shaman,restoration,12,6,6
Thoraq,bleeding-hollow,576,shaman,restoration,12,6,6
Surph,zuljin,576,shaman,restoration,12,6,6
Chogramm,illidan,576,shaman,restoration,12,6,6
Atsukaia,tichondrius,576,shaman,restoration,12,6,6
Shearhands,illidan,576,shaman,restoration,12,6,6
Motatos,malganis,576,shaman,restoration,12,6,6
Nickbosa,illidan,576,shaman,restoration,12,6,6
Squog,sargeras,576,shaman,restoration,12,6,6
Mazekheen,barthilas,576,shaman,restoration,12,6,6
Gullirachad,stormrage,576,shaman,restoration,12,6,6
Streetacus,tichondrius,576,shaman,restoration,12,6,6
Triyourong,proudmoore,576,shaman,restoration,12,6,6
Ironstars,stormrage,576,shaman,restoration,12,6,6
Spiritbb,area-52,576,shaman,restoration,12,6,6
Pex,sargeras,576,shaman,restoration,12,6,6
Jamarcuss,tichondrius,576,shaman,restoration,12,6,6
Callabash,mugthol,576,shaman,restoration,12,6,6
Mocksy,eredar,576,shaman,restoration,12,6,6
Lavawurst,tichondrius,576,shaman,restoration,12,6,6
Unclexflex,tichondrius,576,shaman,restoration,12,6,6
Caprise,tichondrius,576,shaman,restoration,12,6,6
Ccmeifbald,moon-guard,576,shaman,restoration,12,6,6
Tcurts,stormrage,576,shaman,restoration,12,6,6
Gangdan,emerald-dream,576,shaman,restoration,12,6,6
Kilrögg,illidan,576,shaman,restoration,12,6,6
Lindnerx,malganis,576,shaman,restoration,12,6,6
Subhealth,tichondrius,576,shaman,restoration,12,6,6
Jiangjinfu,tichondrius,576,shaman,restoration,12,6,6
Thelosts,tichondrius,576,shaman,restoration,12,6,6
Apathcat,the-forgotten-coast,576,shaman,restoration,12,6,6
Aespeon,stormrage,576,shaman,restoration,12,6,6
Mariansaurus,ragnaros,576,shaman,restoration,12,6,6
Weqeqwqwqex,ragnaros,576,shaman,restoration,12,6,6
Hhex,tichondrius,576,shaman,restoration,12,6,6
Earthside,ragnaros,576,shaman,restoration,12,6,6
Betaprostate,alterac-mountains,576,shaman,restoration,12,6,6
Patmar,dragonmaw,576,shaman,restoration,12,6,6
Deevviouss,barthilas,576,shaman,restoration,12,6,6
Purgebot,sargeras,576,shaman,restoration,12,6,6
Rawdogginit,malfurion,576,shaman,restoration,12,6,6
Chancec,garrosh,576,shaman,restoration,12,6,6
Akamâ,stormrage,576,shaman,restoration,12,6,6
Sweatshirtz,tanaris,576,shaman,restoration,12,6,6
Sheeno,blackrock,576,shaman,restoration,18,6,12
Aiyinsitan,illidan,576,shaman,restoration,18,6,12
Shäman,anetheron,576,shaman,restoration,18,6,12
Adodo,tichondrius,576,shaman,restoration,18,6,12
Heysteptotem,tichondrius,576,shaman,restoration,18,6,12
Lyrig,lightbringer,576,shaman,restoration,18,6,12
Zâppý,dalaran,576,shaman,restoration,18,6,12
Oscer,tichondrius,576,shaman,restoration,18,6,12
Rubmytiki,skywall,576,shaman,restoration,18,6,12
Goodzilla,aegwynn,576,shaman,restoration,18,6,12
Kÿlé,darkspear,576,shaman,restoration,18,6,12
Pepezug,illidan,576,shaman,restoration,18,6,12
Tchamí,blackrock,576,shaman,restoration,18,6,12
Greensween,thrall,576,shaman,restoration,19,6,13
Shampowl,jaedenar,576,shaman,restoration,20,6,14
Dukaman,malganis,576,shaman,restoration,24,6,18
Froglok,boulderfist,575,shaman,restoration,6,6,0
Râine,stormreaver,575,shaman,restoration,12,6,6
Thralgor,twisting-nether,575,shaman,restoration,12,6,6
Twistedteas,tichondrius,575,shaman,restoration,12,6,6
Cùìó,barthilas,575,shaman,restoration,12,6,6
Hexegin,kelthuzad,575,shaman,restoration,12,6,6
Druugrar,illidan,575,shaman,restoration,12,6,6
Bootle,khazgoroth,575,shaman,restoration,12,6,6
Donojo,zuljin,575,shaman,restoration,12,6,6
Ladash,ragnaros,575,shaman,restoration,12,6,6
Sarevoc,sargeras,575,shaman,restoration,12,6,6
Tagliatelle,kelthuzad,575,shaman,restoration,15,7,8
Numbreseven,frostmourne,575,shaman,restoration,14,6,8
Ðrunkentotem,tichondrius,575,shaman,restoration,17,7,10
Ragnarüz,ragnaros,575,shaman,restoration,19,7,12
Deunan,ragnaros,575,shaman,restoration,18,6,12
Girafasuarx,korgath,575,shaman,restoration,18,6,12
Loec,thrall,575,shaman,restoration,18,6,12
Fouroclock,drakthul,575,shaman,restoration,18,6,12
Tingletotem,tichondrius,575,shaman,restoration,18,6,12
Millkmachine,daggerspine,575,shaman,restoration,18,6,12
Martabakasin,frostmourne,575,shaman,restoration,24,6,18
Shamncheddar,bleeding-hollow,575,shaman,restoration,24,6,18
Ashidoxz,proudmoore,574,shaman,restoration,16,8,8
Momoku,frostmourne,574,shaman,restoration,12,6,6
Shyeahmon,drenden,574,shaman,restoration,12,6,6
Fete,malganis,574,shaman,restoration,12,6,6
Killerphreak,mannoroth,574,shaman,restoration,12,6,6
Luciuzz,tichondrius,574,shaman,restoration,12,6,6
Camdoc,destromath,574,shaman,restoration,18,6,12
Monspiett,azralon,573,shaman,restoration,18,6,12
Naishi,mannoroth,573,shaman,restoration,18,6,12
Spookyosa,dalaran,573,shaman,restoration,36,6,30
Fogden,alleria,572,shaman,restoration,12,6,6
Jibberp,tichondrius,572,shaman,restoration,12,6,6
Bombsb,tichondrius,572,shaman,restoration,18,6,12
Teebob,hyjal,572,shaman,restoration,18,6,12
Killuminatti,nathrezim,572,shaman,restoration,18,6,12
Gimlyman,madoran,567,shaman,restoration,12,6,6
Trustfall,rexxar,566,shaman,restoration,12,6,6
Bloodmoôn,frostmourne,566,shaman,restoration,18,6,12
Emonez,kiljaeden,559,shaman,restoration,18,6,12
Acmilan,tichondrius,544,shaman,restoration,16,6,10
Reddleman,stormrage,544,shaman,restoration,22,6,16
Earthnsky,bleeding-hollow,543,shaman,restoration,11,6,5
Brogetic,cenarius,543,shaman,restoration,11,6,5
Saviørkai,barthilas,543,shaman,restoration,14,7,7
Cornroll,tichondrius,527,shaman,restoration,11,6,5
Imlubedup,saurfang,527,shaman,restoration,11,6,5
Heeyas,tichondrius,527,shaman,restoration,11,6,5
Pazzam,arthas,526,shaman,restoration,11,6,5
Fullstep,azralon,521,shaman,restoration,15,8,7
Tyealer,frostwolf,518,shaman,restoration,13,7,6
Gohral,wyrmrest-accord,512,shaman,restoration,16,6,10
Fengfeism,tichondrius,511,shaman,restoration,14,6,8
Watoos,area-52,511,shaman,restoration,20,6,14
Reèzx,illidan,480,shaman,restoration,6,5,1
Jarebears,thrall,480,shaman,restoration,6,5,1
Fastaslight,bleeding-hollow,480,shaman,restoration,6,5,1
Cantshear,zuljin,480,shaman,restoration,6,5,1
Binishaman,tichondrius,480,shaman,restoration,6,5,1
Shamamsx,illidan,480,shaman,restoration,6,5,1
Purginperry,barthilas,480,shaman,restoration,6,5,1
Çhïcagø,aegwynn,480,shaman,restoration,6,5,1
Alasierg,stonemaul,480,shaman,restoration,6,5,1
Plazz,sargeras,480,shaman,restoration,6,5,1
Ñätùrëðrägøñ,tichondrius,480,shaman,restoration,6,5,1
Cheddatotz,illidan,480,shaman,restoration,6,5,1
Blueclass,akama,480,shaman,restoration,6,5,1
Oopy,icecrown,480,shaman,restoration,6,5,1
Praisegodx,stormrage,480,shaman,restoration,6,5,1
Eagaen,illidan,480,shaman,restoration,6,5,1
Dankestmemes,illidan,480,shaman,restoration,6,5,1
Hellstabbers,lightbringer,480,shaman,restoration,6,5,1
Zêüs,dragonmaw,480,shaman,restoration,6,5,1
Iawls,tichondrius,480,shaman,restoration,6,5,1
Msool,tichondrius,480,shaman,restoration,6,5,1
Change,shadow-council,480,shaman,restoration,6,5,1
Binestein,tichondrius,480,shaman,restoration,6,5,1
Toath,tichondrius,480,shaman,restoration,6,5,1
Bluepenguin,kelthuzad,480,shaman,restoration,6,5,1
Vixen,ravenholdt,480,shaman,restoration,6,5,1
Oprawinfuryy,thrall,480,shaman,restoration,6,5,1
Kergan,fenris,480,shaman,restoration,12,5,7
Srbski,emerald-dream,480,shaman,restoration,12,5,7
Shockwall,stormrage,480,shaman,restoration,12,5,7
Bröxigâr,tichondrius,480,shaman,restoration,12,5,7
Masatotem,burning-blade,480,shaman,restoration,12,5,7
Restonomnom,the-underbog,480,shaman,restoration,12,5,7
Zapped,frostmane,480,shaman,restoration,12,5,7
Totolorraine,tichondrius,480,shaman,restoration,12,5,7
Huulu,blades-edge,480,shaman,restoration,12,5,7
Drcopafeel,stormrage,480,shaman,restoration,12,5,7
Seukstinyne,frostmourne,480,shaman,restoration,12,5,7
Baltarian,emerald-dream,480,shaman,restoration,12,5,7
Weebzealot,kelthuzad,480,shaman,restoration,12,5,7
Lesnar,area-52,480,shaman,restoration,12,5,7
Cluffatty,tichondrius,480,shaman,restoration,12,5,7
Goresx,tichondrius,480,shaman,restoration,12,5,7
Nizzarrathur,emerald-dream,480,shaman,restoration,12,5,7
Sixtyninelol,thunderlord,480,shaman,restoration,12,5,7
Snurp,tichondrius,480,shaman,restoration,12,5,7
Krupto,tichondrius,480,shaman,restoration,12,5,7
Soonn,ragnaros,480,shaman,restoration,12,5,7
Aderra,garrosh,480,shaman,restoration,12,5,7
Jacori,malganis,480,shaman,restoration,12,5,7
Feelmytotem,bleeding-hollow,480,shaman,restoration,12,5,7
Rouzy,area-52,480,shaman,restoration,12,5,7
Capitaliron,agamaggan,480,shaman,restoration,12,5,7
Flaggedname,frostmane,480,shaman,restoration,12,5,7
Avelmiré,sargeras,480,shaman,restoration,12,5,7
Eraticsham,illidan,480,shaman,restoration,12,5,7
Lolcàt,tichondrius,480,shaman,restoration,12,5,7
Sylemm,malganis,480,shaman,restoration,12,5,7
Nagish,alexstrasza,480,shaman,restoration,12,5,7
Juked,aegwynn,480,shaman,restoration,12,5,7
Latoques,quelthalas,480,shaman,restoration,12,5,7
Saw,ghostlands,480,shaman,restoration,12,5,7
Bignutters,bleeding-hollow,480,shaman,restoration,12,5,7
Deyodin,illidan,480,shaman,restoration,12,5,7
Hijodelrayo,drakkari,480,shaman,restoration,12,5,7
Dyllbat,illidan,480,shaman,restoration,12,5,7
Trizzeh,moon-guard,480,shaman,restoration,12,5,7
Thonty,sargeras,480,shaman,restoration,12,5,7
Teftx,area-52,480,shaman,restoration,12,5,7
Nøzurbo,area-52,480,shaman,restoration,12,5,7
Vegaslights,tichondrius,480,shaman,restoration,12,5,7
Gomeimsoft,magtheridon,480,shaman,restoration,12,5,7
Simpinbeen,frostmourne,480,shaman,restoration,12,5,7
Daintydan,illidan,480,shaman,restoration,12,5,7
Tmkaldärýs,tichondrius,480,shaman,restoration,12,5,7
Hokuto,tichondrius,480,shaman,restoration,12,5,7
Azrlol,illidan,480,shaman,restoration,12,5,7
Seiko,tichondrius,480,shaman,restoration,12,5,7
Rykkar,kiljaeden,480,shaman,restoration,12,5,7
Devastian,quelthalas,480,shaman,restoration,12,5,7
Synkronaqt,tichondrius,480,shaman,restoration,12,5,7
Astotems,tichondrius,480,shaman,restoration,12,5,7
Teestuh,proudmoore,480,shaman,restoration,12,5,7
Kupnicki,zuljin,480,shaman,restoration,12,5,7
Nøir,drakkari,480,shaman,restoration,12,5,7
Shambuddy,moon-guard,480,shaman,restoration,12,5,7
Slippys,darkspear,480,shaman,restoration,12,5,7
Doop,kiljaeden,480,shaman,restoration,12,5,7
Nathaan,tichondrius,480,shaman,restoration,12,5,7
Scrumbum,tichondrius,480,shaman,restoration,16,6,10
Saksa,garrosh,480,shaman,restoration,18,5,13
Stedi,moon-guard,480,shaman,restoration,18,5,13
Decm,area-52,480,shaman,restoration,18,5,13
Oilburner,malganis,480,shaman,restoration,18,5,13
Liltex,malganis,480,shaman,restoration,18,5,13
Animac,bleeding-hollow,480,shaman,restoration,18,5,13
Zezlek,malganis,480,shaman,restoration,18,5,13
Stoompz,kiljaeden,480,shaman,restoration,18,5,13
Noveske,arthas,480,shaman,restoration,18,5,13
Sâxman,stormreaver,480,shaman,restoration,18,5,13
Danimalls,stormrage,479,shaman,restoration,6,5,1
Terrusguard,thrall,479,shaman,restoration,6,5,1
Gagonmatotem,skullcrusher,479,shaman,restoration,9,5,4
Maczo,kiljaeden,479,shaman,restoration,12,5,7
Blkpowerfist,malganis,479,shaman,restoration,12,5,7
Øliverxd,lightbringer,479,shaman,restoration,12,5,7
Tattoö,elune,479,shaman,restoration,12,5,7
Totemzlol,sargeras,479,shaman,restoration,12,5,7
Estheriea,moon-guard,479,shaman,restoration,12,5,7
Sâvage,zuljin,479,shaman,restoration,12,5,7
Welled,area-52,479,shaman,restoration,12,5,7
Aimsely,area-52,479,shaman,restoration,12,5,7
Uncleg,frostmourne,479,shaman,restoration,12,5,7
Bayonett,wyrmrest-accord,479,shaman,restoration,12,5,7
Totzbisuit,illidan,479,shaman,restoration,12,5,7
Yngvii,tichondrius,479,shaman,restoration,12,5,7
Highmountain,tichondrius,479,shaman,restoration,12,5,7
Beardsworth,emerald-dream,479,shaman,restoration,12,5,7
Arastour,bronzebeard,479,shaman,restoration,12,5,7
Piaopiao,skywall,479,shaman,restoration,12,5,7
Guronna,arthas,479,shaman,restoration,18,5,13
Tiluchi,quelthalas,479,shaman,restoration,24,5,19
Haymaker,bleeding-hollow,479,shaman,restoration,24,5,19
Typo,skullcrusher,478,shaman,restoration,6,5,1
Oregano,korgath,478,shaman,restoration,12,5,7
Kugelrund,proudmoore,478,shaman,restoration,12,5,7
Thunderguy,icecrown,478,shaman,restoration,18,5,13
Stahlye,proudmoore,477,shaman,restoration,6,5,1
Timprecu,azralon,477,shaman,restoration,12,5,7
Furyshock,tichondrius,477,shaman,restoration,18,5,13
Kumquat,draka,476,shaman,restoration,30,5,25
Healcacatoi,zuljin,475,shaman,restoration,12,5,7
Pileef,thrall,473,shaman,restoration,13,7,6
Akhae,duskwood,460,shaman,restoration,15,7,8
Uderlol,tichondrius,448,shaman,restoration,10,5,5
Brocklee,farstriders,447,shaman,restoration,16,5,11
Shocktopus,emerald-dream,442,shaman,restoration,22,12,10
Sidnii,tichondrius,432,shaman,restoration,9,5,4
Alubedo,goldrinn,432,shaman,restoration,15,5,10
Speedyraptor,malfurion,431,shaman,restoration,9,6,3
Voltzwagon,vashj,431,shaman,restoration,9,6,3
Zelzus,moon-guard,431,shaman,restoration,11,5,6
Lampstand,wildhammer,431,shaman,restoration,11,5,6
Tyfu,tichondrius,426,shaman,restoration,13,6,7
Swampy,tanaris,426,shaman,restoration,15,6,9
Littleshasha,tichondrius,426,shaman,restoration,15,6,9
Ggezlmao,bleeding-hollow,426,shaman,restoration,16,6,10
Xchainz,stormrage,426,shaman,restoration,16,6,10
Drowsbad,tichondrius,426,shaman,restoration,22,7,15
Zio,akama,425,shaman,restoration,14,6,8
Thelôpen,tichondrius,425,shaman,restoration,23,7,16
Hannibol,tichondrius,416,shaman,restoration,10,5,5
Shockjoy,malganis,415,shaman,restoration,11,5,6
Instanoodlez,eonar,414,shaman,restoration,6,6,0
Clapton,darkspear,400,shaman,restoration,19,5,14
Shämblez,area-52,384,shaman,restoration,6,4,2
Nepshock,stormrage,384,shaman,restoration,6,4,2
Xraiduh,area-52,384,shaman,restoration,6,4,2
Enkcurable,tichondrius,384,shaman,restoration,6,4,2
Príde,ragnaros,384,shaman,restoration,6,4,2
Capriserjr,tichondrius,384,shaman,restoration,6,4,2
Intravz,tichondrius,384,shaman,restoration,6,4,2
Tyshaman,sargeras,384,shaman,restoration,6,4,2
Shampowx,tichondrius,384,shaman,restoration,6,4,2
Satanics,drakkari,384,shaman,restoration,6,4,2
Blazedblue,tichondrius,384,shaman,restoration,6,4,2
Dînk,stormrage,384,shaman,restoration,6,4,2
Telnos,emerald-dream,384,shaman,restoration,6,4,2
Aletcheoddox,sargeras,384,shaman,restoration,6,4,2
Kaîowas,malganis,384,shaman,restoration,6,4,2
Yarrin,tanaris,384,shaman,restoration,6,4,2
Zithdik,tichondrius,384,shaman,restoration,6,4,2
Castia,sargeras,384,shaman,restoration,6,4,2
Shyuuroz,azralon,384,shaman,restoration,6,4,2
Rhox,azralon,384,shaman,restoration,6,4,2
Phado,tichondrius,384,shaman,restoration,6,4,2
Unrealistic,dunemaul,384,shaman,restoration,6,4,2
Xiaoya,tichondrius,384,shaman,restoration,6,4,2
Bïgpäpä,darkspear,384,shaman,restoration,6,4,2
Tisaa,tichondrius,384,shaman,restoration,6,4,2
Djbluex,tichondrius,384,shaman,restoration,6,4,2
Posong,bleeding-hollow,384,shaman,restoration,6,4,2
Bhann,tichondrius,384,shaman,restoration,6,4,2
Excaliburumb,tichondrius,384,shaman,restoration,6,4,2
Baabaabare,tichondrius,384,shaman,restoration,6,4,2
Drackmon,illidan,384,shaman,restoration,6,4,2
Shermen,dragonmaw,384,shaman,restoration,6,4,2
Saucysantana,illidan,384,shaman,restoration,6,4,2
Gotmolk,illidan,384,shaman,restoration,6,4,2
Ârtík,tichondrius,384,shaman,restoration,6,4,2
Wìnì,dalaran,384,shaman,restoration,6,4,2
Smeeza,frostmourne,384,shaman,restoration,6,4,2
Thua,moon-guard,384,shaman,restoration,6,4,2
Notretro,uldum,384,shaman,restoration,6,4,2
Wecookin,frostwolf,384,shaman,restoration,6,4,2
Skumnasty,tichondrius,384,shaman,restoration,12,4,8
Mauiiei,sargeras,384,shaman,restoration,12,4,8
Healswin,sargeras,384,shaman,restoration,12,4,8
Misakism,sargeras,384,shaman,restoration,12,4,8
Tofuji,barthilas,384,shaman,restoration,12,4,8
Lonaw,malganis,384,shaman,restoration,12,4,8
Ngentotem,frostmourne,384,shaman,restoration,12,4,8
Naturelover,mugthol,384,shaman,restoration,12,4,8
Inhale,sargeras,384,shaman,restoration,12,4,8
Cgq,tichondrius,384,shaman,restoration,12,4,8
Dankprotein,tichondrius,384,shaman,restoration,12,4,8
Shâmbulance,hyjal,384,shaman,restoration,12,4,8
Geontha,drakkari,384,shaman,restoration,12,4,8
Bayslaps,tichondrius,384,shaman,restoration,12,4,8
Ayev,illidan,384,shaman,restoration,12,4,8
Belazeus,tichondrius,384,shaman,restoration,12,4,8
Lixir,destromath,384,shaman,restoration,12,4,8
Erii,undermine,384,shaman,restoration,12,4,8
Kharnus,ravenholdt,384,shaman,restoration,12,4,8
Stoneforged,area-52,384,shaman,restoration,12,4,8
Dablue,stormrage,384,shaman,restoration,12,4,8
Boyyo,maiev,384,shaman,restoration,12,4,8
Rabajood,korgath,384,shaman,restoration,12,4,8
Pomelol,tichondrius,384,shaman,restoration,12,4,8
Celements,malganis,384,shaman,restoration,12,4,8
Twiztedwayz,tichondrius,384,shaman,restoration,12,4,8
Dikedwarf,burning-blade,384,shaman,restoration,12,4,8
Dallìa,tichondrius,384,shaman,restoration,12,4,8
Wallflowerx,zuljin,384,shaman,restoration,12,4,8
Spokytv,azralon,384,shaman,restoration,12,4,8
Spippippin,illidan,384,shaman,restoration,12,4,8
Flexi,senjin,384,shaman,restoration,12,4,8
Juraf,malganis,384,shaman,restoration,12,4,8
Toobeastly,deathwing,384,shaman,restoration,12,4,8
Trölencio,quelthalas,384,shaman,restoration,12,4,8
Porkbrains,emerald-dream,384,shaman,restoration,16,5,11
Goyshaman,illidan,384,shaman,restoration,13,4,9
Kezzër,azralon,384,shaman,restoration,16,4,12
Blickysham,tichondrius,384,shaman,restoration,18,4,14
Malthor,terenas,384,shaman,restoration,18,4,14
Equinsuochha,silvermoon,384,shaman,restoration,18,4,14
Conductivity,frostmourne,384,shaman,restoration,18,4,14
Djoko,tichondrius,384,shaman,restoration,18,4,14
Bøx,ragnaros,383,shaman,restoration,6,4,2
Rockyisback,illidan,383,shaman,restoration,6,4,2
Ilion,nemesis,383,shaman,restoration,6,4,2
Hexnation,frostmourne,383,shaman,restoration,6,4,2
Ozsham,burning-blade,383,shaman,restoration,8,4,4
Zìfu,darkspear,383,shaman,restoration,12,4,8
Shotaro,galakrond,383,shaman,restoration,12,4,8
Sndtome,tichondrius,383,shaman,restoration,12,4,8
Ânûbis,sargeras,383,shaman,restoration,12,4,8
Gaboola,tichondrius,383,shaman,restoration,12,4,8
Foogus,tichondrius,383,shaman,restoration,12,4,8
Herteitr,blood-furnace,383,shaman,restoration,12,4,8
Surgetankian,malorne,383,shaman,restoration,12,4,8
Tandarin,burning-legion,383,shaman,restoration,12,4,8
Huugsnkissez,sargeras,383,shaman,restoration,12,4,8
Akharis,frostmane,383,shaman,restoration,21,5,16
Pitaevergree,emerald-dream,383,shaman,restoration,24,4,20
Caulkshock,tichondrius,382,shaman,restoration,12,4,8
Thenewsherek,maelstrom,382,shaman,restoration,12,4,8
Huukron,emerald-dream,382,shaman,restoration,12,4,8
Shockshow,zuljin,382,shaman,restoration,12,4,8
Laveidem,frostmourne,382,shaman,restoration,18,4,14
Chamorro,quelthalas,382,shaman,restoration,18,4,14
Valien,kiljaeden,381,shaman,restoration,12,4,8
Bubmack,tichondrius,379,shaman,restoration,12,4,8
Alwinaa,kiljaeden,367,shaman,restoration,11,4,7
Pche,tichondrius,367,shaman,restoration,11,4,7
Flavortrash,the-underbog,367,shaman,restoration,11,4,7
Shamoover,kelthuzad,367,shaman,restoration,17,4,13
Aceventuura,hyjal,352,shaman,restoration,22,4,18
Shamanakin,emerald-dream,351,shaman,restoration,8,5,3
Strros,tichondrius,351,shaman,restoration,8,5,3
Dreadshox,wyrmrest-accord,336,shaman,restoration,9,5,4
Avidas,malganis,331,shaman,restoration,15,4,11
Hitchsláp,tichondrius,330,shaman,restoration,16,5,11
Illmental,kelthuzad,330,shaman,restoration,17,5,12
Intress,moon-guard,329,shaman,restoration,10,6,4
Plutoshaker,tichondrius,320,shaman,restoration,10,4,6
Cleiri,quelthalas,319,shaman,restoration,5,4,1
Záika,sargeras,318,shaman,restoration,10,4,6
Elevatezxo,stormrage,304,shaman,restoration,7,4,3
Sumdumshaman,illidan,297,shaman,restoration,13,5,8
Uggerz,barthilas,297,shaman,restoration,14,5,9
Zapdos,silvermoon,288,shaman,restoration,6,3,3
Owoken,illidan,288,shaman,restoration,6,3,3
Warshamn,tichondrius,288,shaman,restoration,6,3,3
Digglr,tichondrius,288,shaman,restoration,6,3,3
Rakkasham,blackrock,288,shaman,restoration,6,3,3
Stymiedxs,zuljin,288,shaman,restoration,6,3,3
Cannonshot,tichondrius,288,shaman,restoration,6,3,3
Justdeadman,tichondrius,288,shaman,restoration,6,3,3
Mítchconnor,tichondrius,288,shaman,restoration,6,3,3
Forloren,zuljin,288,shaman,restoration,6,3,3
Baldbozo,stormrage,288,shaman,restoration,6,3,3
Wolfguts,thrall,288,shaman,restoration,6,3,3
Nyroh,zuljin,288,shaman,restoration,6,3,3
Cloudsh,silvermoon,288,shaman,restoration,6,3,3
Hungy,wyrmrest-accord,288,shaman,restoration,6,3,3
Nüt,wyrmrest-accord,288,shaman,restoration,6,3,3
Zapmavz,area-52,288,shaman,restoration,6,3,3
Shoota,tichondrius,288,shaman,restoration,6,3,3
Akupapu,illidan,288,shaman,restoration,6,3,3
Goongoon,zuljin,288,shaman,restoration,6,3,3
Smackzs,sargeras,288,shaman,restoration,6,3,3
Yunqboichay,kelthuzad,288,shaman,restoration,6,3,3
Gucciblunts,sargeras,288,shaman,restoration,6,3,3
Zoltide,sargeras,288,shaman,restoration,6,3,3
Shomon,khazgoroth,288,shaman,restoration,6,3,3
Electriqt,barthilas,288,shaman,restoration,6,3,3
Pôpamolly,saurfang,288,shaman,restoration,6,3,3
Snowkingx,illidan,288,shaman,restoration,6,3,3
Tonymax,malganis,288,shaman,restoration,6,3,3
Fwap,bleeding-hollow,288,shaman,restoration,6,3,3
Daggonet,sargeras,288,shaman,restoration,6,3,3
Drwaters,lightnings-blade,288,shaman,restoration,6,3,3
Dyxlol,tichondrius,288,shaman,restoration,6,3,3
Maana,dragonmaw,288,shaman,restoration,6,3,3
Teladoy,kelthuzad,288,shaman,restoration,6,3,3
Meerlim,malygos,288,shaman,restoration,6,3,3
Siox,zuljin,288,shaman,restoration,6,3,3
Jubie,proudmoore,288,shaman,restoration,6,3,3
Phinoi,tichondrius,288,shaman,restoration,6,3,3
Skrubbles,bleeding-hollow,288,shaman,restoration,6,3,3
Legendmatic,illidan,288,shaman,restoration,6,3,3
Epitafor,illidan,288,shaman,restoration,6,3,3
Headcrackx,sargeras,288,shaman,restoration,6,3,3
Radbtw,icecrown,288,shaman,restoration,6,3,3
Megafin,tichondrius,288,shaman,restoration,6,3,3
Shammich,vashj,288,shaman,restoration,6,3,3
Lavasurge,area-52,288,shaman,restoration,6,3,3
Goullin,dalaran,288,shaman,restoration,6,3,3
Herpeaz,kelthuzad,288,shaman,restoration,6,3,3
Tdmoom,zuluhed,288,shaman,restoration,6,3,3
Fruityrudyy,area-52,288,shaman,restoration,6,3,3
Floods,frostmourne,288,shaman,restoration,6,3,3
Snpi,kiljaeden,288,shaman,restoration,6,3,3
Naughtylol,malganis,288,shaman,restoration,6,3,3
Soloqstayer,tichondrius,288,shaman,restoration,6,3,3
Taproots,ursin,288,shaman,restoration,6,3,3
Schok,tichondrius,288,shaman,restoration,6,3,3
Gunx,darkspear,288,shaman,restoration,6,3,3
Yès,proudmoore,288,shaman,restoration,6,3,3
Rubmýtotems,tichondrius,288,shaman,restoration,6,3,3
Ililiiïiili,tichondrius,288,shaman,restoration,6,3,3
Cowboydans,malganis,288,shaman,restoration,6,3,3
Cloudycloud,tichondrius,288,shaman,restoration,6,3,3
Stormshadowx,proudmoore,288,shaman,restoration,6,3,3
Epicchodez,nerzhul,288,shaman,restoration,6,3,3
Voron,kiljaeden,288,shaman,restoration,6,3,3
Kanntok,quelthalas,288,shaman,restoration,6,3,3
Neather,area-52,288,shaman,restoration,6,3,3
Sreve,malganis,288,shaman,restoration,6,3,3
Russtoration,frostmourne,288,shaman,restoration,6,3,3
Megadabs,malganis,288,shaman,restoration,6,3,3
Youngie,dathremar,288,shaman,restoration,6,3,3
Solitarysham,moon-guard,288,shaman,restoration,6,3,3
Shamráge,illidan,288,shaman,restoration,6,3,3
Catnïp,maelstrom,288,shaman,restoration,6,3,3
Dwarfers,emerald-dream,288,shaman,restoration,6,3,3
Totemtots,illidan,288,shaman,restoration,6,3,3
Chocothicc,bleeding-hollow,288,shaman,restoration,6,3,3
Danyax,malganis,288,shaman,restoration,6,3,3
Sumyl,ragnaros,288,shaman,restoration,6,3,3
Xxamba,tichondrius,288,shaman,restoration,6,3,3
Shearx,illidan,288,shaman,restoration,6,3,3
Shomminn,tichondrius,288,shaman,restoration,6,3,3
Memetide,daggerspine,288,shaman,restoration,6,3,3
Nondracil,ragnaros,288,shaman,restoration,6,3,3
Jupider,nathrezim,288,shaman,restoration,6,3,3
Ryzak,dunemaul,288,shaman,restoration,6,3,3
Wèsleypipes,crushridge,288,shaman,restoration,6,3,3
Laucian,malganis,288,shaman,restoration,6,3,3
Vitchzestein,ragnaros,288,shaman,restoration,6,3,3
Jackiesham,illidan,288,shaman,restoration,6,3,3
Ñoobshaman,tichondrius,288,shaman,restoration,6,3,3
Bigbadpercy,frostmourne,288,shaman,restoration,6,3,3
Drwsham,ragnaros,288,shaman,restoration,6,3,3
Jontrabolta,kelthuzad,288,shaman,restoration,9,4,5
Shangdide,tichondrius,288,shaman,restoration,10,4,6
Squidazzle,tichondrius,288,shaman,restoration,8,3,5
Gojiras,barthilas,288,shaman,restoration,14,4,10
Rebelutioni,lothar,288,shaman,restoration,11,3,8
Trysts,wyrmrest-accord,288,shaman,restoration,12,3,9
Mochomò,ragnaros,288,shaman,restoration,12,3,9
Emaric,sargeras,288,shaman,restoration,12,3,9
Cheefgrief,shadowsong,288,shaman,restoration,12,3,9
Makogo,earthen-ring,288,shaman,restoration,12,3,9
Calliope,burning-legion,288,shaman,restoration,12,3,9
Meatyball,tichondrius,288,shaman,restoration,12,3,9
Shamonalisa,altar-of-storms,288,shaman,restoration,12,3,9
Jumpc,ragnaros,288,shaman,restoration,12,3,9
Moresbythicc,frostmourne,288,shaman,restoration,12,3,9
Vromme,whisperwind,288,shaman,restoration,12,3,9
Stornbreiker,thrall,288,shaman,restoration,12,3,9
Mondaymood,illidan,288,shaman,restoration,12,3,9
Strawberryz,sargeras,288,shaman,restoration,12,3,9
Sooweecide,tichondrius,288,shaman,restoration,12,3,9
Bobthashaman,tichondrius,288,shaman,restoration,12,3,9
Scion,thaurissan,288,shaman,restoration,12,3,9
Blackaxe,wyrmrest-accord,288,shaman,restoration,12,3,9
Thrallzballz,firetree,288,shaman,restoration,12,3,9
Babehmakr,lightnings-blade,288,shaman,restoration,12,3,9
Øten,area-52,288,shaman,restoration,12,3,9
Malenhncemnt,illidan,288,shaman,restoration,12,3,9
Oomme,area-52,288,shaman,restoration,12,3,9
Shamle,azuremyst,288,shaman,restoration,12,3,9
Sliccricc,doomhammer,288,shaman,restoration,12,3,9
Bovinefever,kiljaeden,288,shaman,restoration,12,3,9
Zéwel,tichondrius,288,shaman,restoration,12,3,9
Chaüncy,tichondrius,288,shaman,restoration,12,3,9
Showkinho,azralon,288,shaman,restoration,12,3,9
Shockathot,stormrage,288,shaman,restoration,12,3,9
Chocobomb,burning-blade,288,shaman,restoration,12,3,9
Oghugin,sargeras,288,shaman,restoration,14,3,11
Adosistoxic,zuljin,288,shaman,restoration,14,3,11
Eaeshaman,tichondrius,288,shaman,restoration,18,3,15
Boodaa,stormscale,288,shaman,restoration,18,3,15
Trøuble,deathwing,288,shaman,restoration,18,3,15
Bebelinn,quelthalas,287,shaman,restoration,6,3,3
Altryn,shuhalo,287,shaman,restoration,6,3,3
Trovac,azralon,287,shaman,restoration,6,3,3
Thean,wyrmrest-accord,287,shaman,restoration,6,3,3
Alagorn,icecrown,287,shaman,restoration,12,3,9
Grimnur,bleeding-hollow,287,shaman,restoration,12,3,9
Criticalthry,garrosh,287,shaman,restoration,12,3,9
Heatexchange,burning-blade,287,shaman,restoration,12,3,9
Lïet,quelthalas,287,shaman,restoration,12,3,9
Nottoshammy,dalaran,287,shaman,restoration,12,3,9
Riverrun,shattered-halls,287,shaman,restoration,24,3,21
Hawpch,area-52,287,shaman,restoration,25,3,22
Garurt,daggerspine,286,shaman,restoration,12,6,6
Ranek,shuhalo,286,shaman,restoration,6,3,3
Kider,drakkari,286,shaman,restoration,6,3,3
Lupog,illidan,281,shaman,restoration,14,6,8
Tarlonygg,malganis,281,shaman,restoration,15,6,9
Eloquent,emerald-dream,273,shaman,restoration,19,6,13
Hilung,lightnings-blade,255,shaman,restoration,11,3,8
Poppedtrunk,lightbringer,240,shaman,restoration,9,3,6
Lickerman,stormreaver,239,shaman,restoration,5,3,2
Aeølus,tichondrius,234,shaman,restoration,8,4,4
Shåmwiches,tichondrius,234,shaman,restoration,8,4,4
Båndø,tichondrius,234,shaman,restoration,9,4,5
Rohzie,illidan,234,shaman,restoration,17,6,11
Solliexo,area-52,234,shaman,restoration,16,4,12
Succies,emerald-dream,234,shaman,restoration,16,4,12
Bigripnow,sargeras,234,shaman,restoration,20,4,16
Tokelahoma,stormrage,234,shaman,restoration,22,4,18
Bigbone,laughing-skull,192,shaman,restoration,9,3,6
Chungxs,illidan,192,shaman,restoration,6,2,4
Monkeysauce,tichondrius,192,shaman,restoration,6,2,4
Shambussin,bleeding-hollow,192,shaman,restoration,6,2,4
Gravybakes,bleeding-hollow,192,shaman,restoration,6,2,4
Gorrasha,gorgonnash,192,shaman,restoration,6,2,4
Cvoa,bonechewer,192,shaman,restoration,6,2,4
Snapertun,tichondrius,192,shaman,restoration,6,2,4
Boohoo,dethecus,192,shaman,restoration,6,2,4
Cpkzlol,tichondrius,192,shaman,restoration,6,2,4
Splewtsham,thrall,192,shaman,restoration,6,2,4
Fanatix,moon-guard,192,shaman,restoration,6,2,4
Lewse,tichondrius,192,shaman,restoration,6,2,4
Nosai,tichondrius,192,shaman,restoration,6,2,4
Twistër,illidan,192,shaman,restoration,6,2,4
Seutobinha,stormrage,192,shaman,restoration,6,2,4
Sheems,shadowmoon,192,shaman,restoration,6,2,4
Gluestick,shadowmoon,192,shaman,restoration,6,2,4
Shamwoww,icecrown,192,shaman,restoration,6,2,4
Relâx,icecrown,192,shaman,restoration,6,2,4
Magwølfe,area-52,192,shaman,restoration,6,2,4
Fryda,destromath,192,shaman,restoration,6,2,4
Dabrat,lightnings-blade,192,shaman,restoration,6,2,4
Mjxholland,aegwynn,192,shaman,restoration,6,2,4
Griph,shattered-hand,192,shaman,restoration,6,2,4
Thunderbleem,hyjal,192,shaman,restoration,6,2,4
Notviscent,illidan,192,shaman,restoration,6,2,4
Shamántics,illidan,192,shaman,restoration,6,2,4
Thøør,garona,192,shaman,restoration,6,2,4
Ghostrida,blackrock,192,shaman,restoration,6,2,4
Cawlin,stormrage,192,shaman,restoration,6,2,4
Btruez,tichondrius,192,shaman,restoration,6,2,4
Shikane,hyjal,192,shaman,restoration,6,2,4
Shinydiglett,area-52,192,shaman,restoration,6,2,4
Thefurrybox,tichondrius,192,shaman,restoration,6,2,4
Neex,zuljin,192,shaman,restoration,6,2,4
Miptide,saurfang,192,shaman,restoration,6,2,4
Ezeya,area-52,192,shaman,restoration,6,2,4
Konga,korialstrasz,192,shaman,restoration,6,2,4
Raxxom,tichondrius,192,shaman,restoration,6,2,4
Yâmz,area-52,192,shaman,restoration,6,2,4
Busi,bleeding-hollow,192,shaman,restoration,6,2,4
Zhangyider,illidan,192,shaman,restoration,6,2,4
Duality,shattered-halls,192,shaman,restoration,6,2,4
Alexxspurge,ragnaros,192,shaman,restoration,6,2,4
Googurt,barthilas,192,shaman,restoration,6,2,4
Halfzugzug,sargeras,192,shaman,restoration,6,2,4
Hughwang,kelthuzad,192,shaman,restoration,6,2,4
Khidea,barthilas,192,shaman,restoration,6,2,4
Thundertusks,norgannon,192,shaman,restoration,6,2,4
Lakeshow,tichondrius,192,shaman,restoration,6,2,4
Healvonhealy,sargeras,192,shaman,restoration,6,2,4
Krystiano,frostmourne,192,shaman,restoration,6,2,4
Krarg,alexstrasza,192,shaman,restoration,6,2,4
Raymonis,kelthuzad,192,shaman,restoration,6,2,4
Totemabuser,frostmourne,192,shaman,restoration,6,2,4
Sid,frostmourne,192,shaman,restoration,6,2,4
Healyourself,sargeras,192,shaman,restoration,6,2,4
Nxboy,proudmoore,192,shaman,restoration,6,2,4
Chainandrain,frostmourne,192,shaman,restoration,6,2,4
Pandl,frostmourne,192,shaman,restoration,6,2,4
Eye,kelthuzad,192,shaman,restoration,6,2,4
Timbosteve,thrall,192,shaman,restoration,6,2,4
Gwenstifani,sargeras,192,shaman,restoration,6,2,4
Guabanva,wyrmrest-accord,192,shaman,restoration,6,2,4
Mangeegee,malganis,192,shaman,restoration,6,2,4
Kudas,tichondrius,192,shaman,restoration,6,2,4
Keldara,aerie-peak,192,shaman,restoration,6,2,4
Toketime,thrall,192,shaman,restoration,6,2,4
Firesurge,sargeras,192,shaman,restoration,6,2,4
Hellfiresham,kiljaeden,192,shaman,restoration,6,2,4
Jurafxdqt,malganis,192,shaman,restoration,6,2,4
Machingunele,aggramar,192,shaman,restoration,6,2,4
Rockøh,tichondrius,192,shaman,restoration,6,2,4
Nazgore,jubeithos,192,shaman,restoration,6,2,4
Oaken,spirestone,192,shaman,restoration,6,2,4
Hottesthands,barthilas,192,shaman,restoration,6,2,4
Kyrels,barthilas,192,shaman,restoration,6,2,4
Kumboi,frostmourne,192,shaman,restoration,6,2,4
Nbax,tichondrius,192,shaman,restoration,6,2,4
Aû,wyrmrest-accord,192,shaman,restoration,6,2,4
Karine,boulderfist,192,shaman,restoration,6,2,4
Dylangs,frostmourne,192,shaman,restoration,6,2,4
Ebytotem,frostmourne,192,shaman,restoration,6,2,4
Ioki,spirestone,192,shaman,restoration,6,2,4
Shamsky,tichondrius,192,shaman,restoration,6,2,4
Zugzugpurge,thrall,192,shaman,restoration,6,2,4
Suspend,gorgonnash,192,shaman,restoration,9,2,7
Shocksyou,area-52,192,shaman,restoration,12,2,10
Rhaksh,sargeras,192,shaman,restoration,12,2,10
Lomínark,stormrage,192,shaman,restoration,12,2,10
Skingreen,nemesis,192,shaman,restoration,12,2,10
Sharish,mannoroth,192,shaman,restoration,12,2,10
Birdizdawerd,shuhalo,192,shaman,restoration,12,2,10
Danila,blackrock,192,shaman,restoration,12,2,10
Wasiri,illidan,192,shaman,restoration,12,2,10
Kitanoo,kiljaeden,192,shaman,restoration,12,2,10
Aoiiro,dentarg,192,shaman,restoration,12,2,10
Rueem,area-52,192,shaman,restoration,12,2,10
Dogchit,tichondrius,192,shaman,restoration,12,2,10
Soomer,frostmourne,192,shaman,restoration,12,2,10
Bizzy,black-dragonflight,192,shaman,restoration,12,2,10
Paveron,stormrage,192,shaman,restoration,12,2,10
Totemlyhot,frostmourne,192,shaman,restoration,12,2,10
Saithô,quelthalas,192,shaman,restoration,12,2,10
Elva,malganis,192,shaman,restoration,12,2,10
Awool,lightbringer,192,shaman,restoration,12,2,10
Ara,zuljin,192,shaman,restoration,12,2,10
Actios,stormrage,192,shaman,restoration,12,2,10
Wolpfh,area-52,192,shaman,restoration,12,2,10
Monchsham,illidan,192,shaman,restoration,13,2,11
Kicksave,illidan,192,shaman,restoration,18,2,16
Schmutz,emerald-dream,192,shaman,restoration,18,2,16
Bootsix,area-52,192,shaman,restoration,18,2,16
Roogys,emerald-dream,192,shaman,restoration,22,2,20
Pwrhouse,ravenholdt,191,shaman,restoration,6,2,4
Machalo,sargeras,191,shaman,restoration,6,2,4
Malsturm,stormrage,191,shaman,restoration,6,2,4
Thudthudzap,darkspear,191,shaman,restoration,6,2,4
Fóurelements,malganis,191,shaman,restoration,6,2,4
Ambevsulfr,tichondrius,175,shaman,restoration,11,2,9
Nolij,sargeras,159,shaman,restoration,5,2,3
Restomilk,tichondrius,159,shaman,restoration,5,2,3
Hortenhoost,korgath,159,shaman,restoration,5,2,3
Beeto,sargeras,144,shaman,restoration,3,3,0
Ttvozzyxy,tichondrius,144,shaman,restoration,8,4,4
Stormsanta,emerald-dream,138,shaman,restoration,8,3,5
Bigdaddyion,thrall,138,shaman,restoration,9,3,6
Hatemønger,medivh,138,shaman,restoration,17,3,14
Lyv,stormscale,126,shaman,restoration,25,7,18
Aricer,proudmoore,112,shaman,restoration,13,2,11
Jbahr,hyjal,96,shaman,restoration,3,2,1
Downerr,malganis,96,shaman,restoration,3,2,1
Shamtoots,aerie-peak,96,shaman,restoration,9,2,7
Average,bonechewer,96,shaman,restoration,6,1,5
Bluetip,wyrmrest-accord,96,shaman,restoration,6,1,5
Crassian,illidan,96,shaman,restoration,6,1,5
Drzeuss,illidan,96,shaman,restoration,6,1,5
Sshhammann,tichondrius,96,shaman,restoration,6,1,5
Goblintrap,area-52,96,shaman,restoration,6,1,5
Calich,kelthuzad,96,shaman,restoration,6,1,5
Mufflër,the-venture-co,96,shaman,restoration,6,1,5
Hadèes,zuljin,96,shaman,restoration,6,1,5
Totempixie,barthilas,96,shaman,restoration,6,1,5
Delzen,lightninghoof,96,shaman,restoration,6,1,5
Daku,tichondrius,96,shaman,restoration,6,1,5
Dasckisham,area-52,96,shaman,restoration,6,1,5
Shambita,azralon,96,shaman,restoration,6,1,5
Sleepysham,anubarak,96,shaman,restoration,6,1,5
Frostshear,maiev,96,shaman,restoration,6,1,5
Klaropohwyom,area-52,96,shaman,restoration,6,1,5
Sharmalama,illidan,96,shaman,restoration,6,1,5
Ashamanist,barthilas,96,shaman,restoration,6,1,5
Célty,moon-guard,96,shaman,restoration,6,1,5
Finnaburstt,tichondrius,96,shaman,restoration,6,1,5
Zorg,area-52,96,shaman,restoration,6,1,5
Croniclung,dunemaul,96,shaman,restoration,6,1,5
Shamouranth,barthilas,96,shaman,restoration,6,1,5
Restorates,tichondrius,96,shaman,restoration,6,1,5
Ogeez,area-52,96,shaman,restoration,6,1,5
Milkyduds,area-52,96,shaman,restoration,6,1,5
Lennylemons,stormrage,96,shaman,restoration,6,1,5
Toyletpaper,mugthol,96,shaman,restoration,6,1,5
Swartzqt,tichondrius,96,shaman,restoration,6,1,5
Ocshaman,hyjal,96,shaman,restoration,6,1,5
Cyberheler,quelthalas,96,shaman,restoration,6,1,5
Twizzhurp,bleeding-hollow,96,shaman,restoration,6,1,5
Dodey,malganis,96,shaman,restoration,6,1,5
Teambk,illidan,96,shaman,restoration,6,1,5
Vulpyr,ragnaros,96,shaman,restoration,6,1,5
Stickshaman,sargeras,96,shaman,restoration,6,1,5
Churdoodle,area-52,96,shaman,restoration,6,1,5
Drgiggleheim,tichondrius,96,shaman,restoration,6,1,5
Winebag,tichondrius,96,shaman,restoration,6,1,5
Oldshammy,eldrethalas,96,shaman,restoration,6,1,5
Breadbaker,area-52,96,shaman,restoration,6,1,5
Mommba,tichondrius,96,shaman,restoration,6,1,5
Statikrage,eonar,96,shaman,restoration,6,1,5
Conflïcted,emerald-dream,96,shaman,restoration,6,1,5
Leeni,stormrage,96,shaman,restoration,6,1,5
Amethystdawn,bleeding-hollow,96,shaman,restoration,6,1,5
Teathin,ragnaros,96,shaman,restoration,6,1,5
Wannabecdeww,kelthuzad,96,shaman,restoration,6,1,5
Shamyuna,dalaran,96,shaman,restoration,6,1,5
Movemaker,shattered-hand,96,shaman,restoration,6,1,5
Windfurry,garona,96,shaman,restoration,6,1,5
Guildhealer,darkspear,96,shaman,restoration,6,1,5
Ampyx,tichondrius,96,shaman,restoration,6,1,5
Ashborn,archimonde,96,shaman,restoration,6,1,5
Shapaman,tichondrius,96,shaman,restoration,6,1,5
Yaola,kiljaeden,96,shaman,restoration,6,1,5
Daiablo,barthilas,96,shaman,restoration,6,1,5
Baloneyfiveo,kiljaeden,96,shaman,restoration,6,1,5
Gottisham,frostmourne,96,shaman,restoration,6,1,5
Galiffa,area-52,96,shaman,restoration,6,1,5
Kwaztotem,area-52,96,shaman,restoration,6,1,5
Ddolsx,tichondrius,96,shaman,restoration,6,1,5
Durzy,amanthul,96,shaman,restoration,6,1,5
Gadzêd,kelthuzad,96,shaman,restoration,6,1,5
Shøckolate,whisperwind,96,shaman,restoration,6,1,5
Nøtørious,thrall,96,shaman,restoration,6,1,5
Blmqt,stormrage,96,shaman,restoration,6,1,5
Asanako,illidan,96,shaman,restoration,6,1,5
Meramin,illidan,96,shaman,restoration,6,1,5
Restoz,thrall,96,shaman,restoration,6,1,5
Groundfaults,bleeding-hollow,96,shaman,restoration,6,1,5
Pdk,sargeras,96,shaman,restoration,6,1,5
Alfrond,bleeding-hollow,96,shaman,restoration,6,1,5
Meattoilet,tichondrius,96,shaman,restoration,6,1,5
Butteredcorn,zuljin,96,shaman,restoration,6,1,5
Felkneecaps,zuljin,96,shaman,restoration,6,1,5
Yggd,zuljin,96,shaman,restoration,6,1,5
Eleshamanz,tichondrius,96,shaman,restoration,6,1,5
Calicø,durotan,96,shaman,restoration,7,1,6
Finark,tichondrius,96,shaman,restoration,7,1,6
Jips,illidan,96,shaman,restoration,11,1,10
Slacken,kiljaeden,96,shaman,restoration,12,1,11
Peternorse,tichondrius,96,shaman,restoration,12,1,11
Hexpert,firetree,96,shaman,restoration,12,1,11
Tinytiddies,chogall,96,shaman,restoration,12,1,11
Lór,onyxia,96,shaman,restoration,12,1,11
Forzeus,zuluhed,96,shaman,restoration,12,1,11
Njolmir,khazgoroth,96,shaman,restoration,12,1,11
Latishas,alleria,96,shaman,restoration,18,1,17
Okdopey,area-52,95,shaman,restoration,6,1,5
Vashidda,stormrage,79,shaman,restoration,5,1,4
Varnol,emerald-dream,79,shaman,restoration,5,1,4
Dirtyshammy,mugthol,79,shaman,restoration,11,1,10
Totèm,tichondrius,64,shaman,restoration,4,1,3
Turbotery,tichondrius,48,shaman,restoration,3,1,2
Annöying,ysera,42,shaman,restoration,6,2,4
Applicable,tichondrius,42,shaman,restoration,9,2,7
Strånge,ysera,42,shaman,restoration,10,2,8
Duckmasick,tichondrius,42,shaman,restoration,12,2,10
Doctermoo,daggerspine,42,shaman,restoration,32,4,28
Beatcoin,tichondrius,16,shaman,restoration,1,1,0
Kraftfullx,azralon,16,shaman,restoration,7,1,6
Ttvozzyxy,tichondrius,2394,shaman,elemental,175,109,66
Bronzer,tichondrius,2346,shaman,elemental,81,57,24
Selenna,tichondrius,2305,shaman,elemental,150,90,60
Bøøgaa,proudmoore,2277,shaman,elemental,155,86,69
Meatbeaterx,aggramar,2240,shaman,elemental,165,87,78
Beyoncé,lethon,2235,shaman,elemental,86,49,37
Ranjeesh,frostmourne,2220,shaman,elemental,215,121,94
Streamsnipe,sargeras,2217,shaman,elemental,86,62,24
Lardaz,darkspear,2205,shaman,elemental,72,42,30
Thegloc,illidan,2201,shaman,elemental,65,38,27
Khazger,area-52,2199,shaman,elemental,185,102,83
Jazuul,zuljin,2196,shaman,elemental,110,58,52
Glochaswon,illidan,2191,shaman,elemental,90,56,34
Dipilga,proudmoore,2186,shaman,elemental,91,66,25
Itzgucci,illidan,2185,shaman,elemental,86,49,37
Suqmacok,barthilas,2179,shaman,elemental,96,66,30
Oblessy,tichondrius,2179,shaman,elemental,78,46,32
Orçhid,tichondrius,2178,shaman,elemental,218,125,93
Hitzz,malganis,2168,shaman,elemental,102,61,41
Jimmysporty,malganis,2168,shaman,elemental,90,47,43
Mercs,frostmourne,2159,shaman,elemental,86,50,36
Bøulderfist,tichondrius,2157,shaman,elemental,72,44,28
Crøwgød,tichondrius,2156,shaman,elemental,109,65,44
Däbü,tichondrius,2141,shaman,elemental,72,40,32
Axelsteel,illidan,2137,shaman,elemental,78,51,27
Jgmbs,dalaran,2134,shaman,elemental,106,64,42
Elefusion,sargeras,2127,shaman,elemental,66,40,26
Strongele,illidan,2120,shaman,elemental,75,43,32
Jeasham,malganis,2114,shaman,elemental,143,75,68
Nanosec,tichondrius,2113,shaman,elemental,100,54,46
Billycool,tichondrius,2112,shaman,elemental,66,42,24
Benanderson,tichondrius,2111,shaman,elemental,110,61,49
Zoeytur,sargeras,2107,shaman,elemental,84,45,39
Shiggenbasta,tichondrius,2107,shaman,elemental,119,63,56
Mozet,tichondrius,2106,shaman,elemental,83,46,37
Hexecute,tichondrius,2106,shaman,elemental,84,42,42
Bronzers,tichondrius,2105,shaman,elemental,60,36,24
Missedkick,tichondrius,2101,shaman,elemental,199,117,82
Yejinok,tichondrius,2098,shaman,elemental,138,76,62
Hollowbaby,tichondrius,2095,shaman,elemental,85,54,31
Luhz,tichondrius,2093,shaman,elemental,233,114,119
Dxxlol,tichondrius,2087,shaman,elemental,126,73,53
Shockjob,frostmourne,2077,shaman,elemental,78,38,40
Tyar,area-52,2037,shaman,elemental,87,57,30
Tisaa,tichondrius,2025,shaman,elemental,66,32,34
Meatbeaterx,bleeding-hollow,2009,shaman,elemental,72,36,36
Nayro,bleeding-hollow,2006,shaman,elemental,66,43,23
Emppege,tichondrius,1998,shaman,elemental,163,81,82
Iavalash,bleeding-hollow,1995,shaman,elemental,210,103,107
Trnzx,sargeras,1993,shaman,elemental,78,50,28
Hazzathxy,tichondrius,1990,shaman,elemental,71,38,33
Manofsand,drenden,1990,shaman,elemental,261,134,127
Joedna,tichondrius,1989,shaman,elemental,128,67,61
Trenzix,sargeras,1989,shaman,elemental,196,100,96
Planetwaves,malganis,1986,shaman,elemental,78,35,43
Zipzsham,maiev,1979,shaman,elemental,69,50,19
Orksham,tichondrius,1973,shaman,elemental,78,38,40
Blmqt,stormrage,1972,shaman,elemental,156,92,64
Mazadu,malganis,1967,shaman,elemental,47,27,20
Reppinsix,sargeras,1966,shaman,elemental,42,23,19
Sasageyo,tichondrius,1962,shaman,elemental,135,75,60
Ãmg,tichondrius,1960,shaman,elemental,76,50,26
Chunchünmaru,area-52,1957,shaman,elemental,71,40,31
Kimkar,bleeding-hollow,1956,shaman,elemental,102,53,49
Boomsele,tichondrius,1952,shaman,elemental,61,42,19
Reckfulq,proudmoore,1948,shaman,elemental,143,86,57
Bakenquake,tichondrius,1947,shaman,elemental,92,48,44
Torched,frostmourne,1932,shaman,elemental,68,49,19
Foudre,malganis,1925,shaman,elemental,42,27,15
Lasso,shattered-hand,1925,shaman,elemental,66,37,29
Depression,baelgun,1921,shaman,elemental,84,51,33
Molerat,illidan,1920,shaman,elemental,182,89,93
Safeword,nesingwary,1919,shaman,elemental,74,42,32
Matikz,boulderfist,1919,shaman,elemental,153,85,68
Johnsju,sargeras,1918,shaman,elemental,129,66,63
Starmaker,malganis,1916,shaman,elemental,76,36,40
Tenyks,tichondrius,1913,shaman,elemental,117,67,50
Kaandel,azralon,1911,shaman,elemental,251,121,130
Geodude,executus,1909,shaman,elemental,53,33,20
Scaman,tichondrius,1903,shaman,elemental,36,23,13
Vixeen,kelthuzad,1903,shaman,elemental,60,31,29
Gambezee,kelthuzad,1903,shaman,elemental,84,40,44
Makazar,tichondrius,1901,shaman,elemental,42,26,16
Zzarit,tichondrius,1899,shaman,elemental,54,28,26
Torchic,drakkari,1899,shaman,elemental,84,42,42
Fàlç,stormrage,1898,shaman,elemental,60,34,26
Withinfinity,stormrage,1896,shaman,elemental,42,23,19
Groundme,malganis,1893,shaman,elemental,53,27,26
Hodonsin,tichondrius,1890,shaman,elemental,59,32,27
Ultron,deathwing,1890,shaman,elemental,143,74,69
Zò,zuljin,1890,shaman,elemental,66,32,34
Molbeato,uldum,1888,shaman,elemental,102,51,51
Dampenedxx,bleeding-hollow,1887,shaman,elemental,175,98,77
Ralae,zuljin,1883,shaman,elemental,35,24,11
Hedeadxs,illidan,1882,shaman,elemental,60,30,30
Sleepysham,kelthuzad,1880,shaman,elemental,160,84,76
Powerdown,blackrock,1878,shaman,elemental,65,32,33
Tremordrfear,lightbringer,1877,shaman,elemental,30,20,10
Shockay,tichondrius,1877,shaman,elemental,80,42,38
Enkix,drakkari,1877,shaman,elemental,66,34,32
Àspect,aegwynn,1875,shaman,elemental,36,20,16
Cùìó,barthilas,1871,shaman,elemental,55,26,29
Zynt,illidan,1870,shaman,elemental,36,23,13
Bujii,frostmourne,1870,shaman,elemental,332,164,168
Caserguy,sargeras,1866,shaman,elemental,76,34,42
Jalgago,tichondrius,1865,shaman,elemental,47,20,27
Humorlava,tichondrius,1864,shaman,elemental,36,21,15
Uglytotem,tichondrius,1864,shaman,elemental,65,35,30
Illchayqt,frostmourne,1861,shaman,elemental,65,35,30
Møp,spirestone,1860,shaman,elemental,104,61,43
Gangmembr,illidan,1857,shaman,elemental,42,25,17
Jøey,nesingwary,1854,shaman,elemental,36,23,13
Deathblasts,zuljin,1854,shaman,elemental,60,28,32
Ggoong,tichondrius,1853,shaman,elemental,95,61,34
Apyôn,tichondrius,1853,shaman,elemental,54,30,24
Jerkdaddy,aggramar,1852,shaman,elemental,42,28,14
Chemjenn,korgath,1850,shaman,elemental,102,46,56
Juicébox,tichondrius,1848,shaman,elemental,92,49,43
Liquidmagma,deathwing,1847,shaman,elemental,190,100,90
Sshaman,tichondrius,1847,shaman,elemental,88,43,45
Snookìe,sargeras,1846,shaman,elemental,88,41,47
Hecstacy,dalaran,1842,shaman,elemental,66,42,24
Saphlare,tichondrius,1836,shaman,elemental,36,22,14
Rahtal,malganis,1834,shaman,elemental,48,25,23
Lonaw,malganis,1834,shaman,elemental,60,30,30
Guybeingdude,sargeras,1832,shaman,elemental,36,24,12
Gaymakaí,sargeras,1828,shaman,elemental,48,27,21
Funnysa,tichondrius,1825,shaman,elemental,30,24,6
Shambergler,tichondrius,1824,shaman,elemental,54,38,16
Handzum,blades-edge,1821,shaman,elemental,84,46,38
Magtark,frostwolf,1820,shaman,elemental,61,38,23
Carondes,proudmoore,1820,shaman,elemental,69,38,31
Eboy,thrall,1820,shaman,elemental,112,55,57
Shôcky,tichondrius,1819,shaman,elemental,54,33,21
Hotdogwaterx,tichondrius,1817,shaman,elemental,62,42,20
Damadar,zuljin,1817,shaman,elemental,142,75,67
ßævis,magtheridon,1816,shaman,elemental,72,47,25
Baddaboom,sargeras,1816,shaman,elemental,97,54,43
Smiteums,sargeras,1813,shaman,elemental,42,24,18
Wangyinanmin,tichondrius,1812,shaman,elemental,30,19,11
Dràgoon,thrall,1810,shaman,elemental,31,20,11
Miroen,tichondrius,1810,shaman,elemental,48,24,24
Whameradetu,suramar,1809,shaman,elemental,80,38,42
Ieeguen,tichondrius,1807,shaman,elemental,54,24,30
Coffinpls,illidan,1806,shaman,elemental,54,33,21
Hexxás,bloodscalp,1806,shaman,elemental,92,48,44
Swigadee,tichondrius,1806,shaman,elemental,84,39,45
Bismarks,frostmourne,1805,shaman,elemental,66,38,28
Zuescannon,kelthuzad,1805,shaman,elemental,59,32,27
Earthclap,tichondrius,1805,shaman,elemental,93,46,47
Drazziqt,malganis,1803,shaman,elemental,45,27,18
Triknolov,dalaran,1803,shaman,elemental,89,49,40
Nonomori,frostmourne,1802,shaman,elemental,48,30,18
Utilitytotem,moon-guard,1802,shaman,elemental,160,85,75
Funuser,hellscream,1802,shaman,elemental,193,101,92
Monkeysham,dathremar,1800,shaman,elemental,48,30,18
Elementàlius,quelthalas,1800,shaman,elemental,80,46,34
Mackq,tichondrius,1800,shaman,elemental,103,54,49
Osev,stormrage,1795,shaman,elemental,48,26,22
Ñîmåbè,tichondrius,1787,shaman,elemental,36,21,15
Zapmavz,area-52,1781,shaman,elemental,113,58,55
Donkeyteeth,bleeding-hollow,1779,shaman,elemental,97,54,43
Wonima,tichondrius,1776,shaman,elemental,55,27,28
Skkarz,malganis,1773,shaman,elemental,176,94,82
Ktshammy,frostmourne,1771,shaman,elemental,50,31,19
Zqsyyds,illidan,1770,shaman,elemental,35,19,16
Swiatek,ragnaros,1764,shaman,elemental,76,42,34
Nybrax,moknathal,1762,shaman,elemental,31,20,11
Cepheí,bleeding-hollow,1762,shaman,elemental,101,49,52
Ratedpvp,thrall,1757,shaman,elemental,42,32,10
Bikáchu,tichondrius,1757,shaman,elemental,36,22,14
Thunderfaker,tichondrius,1755,shaman,elemental,48,24,24
Meatyball,tichondrius,1743,shaman,elemental,105,59,46
Faygodream,illidan,1741,shaman,elemental,275,151,124
Letronix,azralon,1741,shaman,elemental,83,43,40
Brezel,azralon,1740,shaman,elemental,42,27,15
Vkzz,sargeras,1740,shaman,elemental,91,38,53
Shøckys,tichondrius,1734,shaman,elemental,168,75,93
Scrymax,area-52,1733,shaman,elemental,72,39,33
Hexistential,tichondrius,1731,shaman,elemental,34,26,8
Taranís,sargeras,1730,shaman,elemental,54,25,29
Maxchamo,ragnaros,1725,shaman,elemental,49,20,29
Windfurygød,tichondrius,1724,shaman,elemental,60,44,16
Hengler,emerald-dream,1722,shaman,elemental,105,56,49
Beibeihangh,tichondrius,1720,shaman,elemental,36,21,15
Skyten,quelthalas,1719,shaman,elemental,42,22,20
Shockisha,sisters-of-elune,1719,shaman,elemental,82,40,42
Emaric,sargeras,1717,shaman,elemental,48,27,21
Pubechin,jubeithos,1711,shaman,elemental,42,21,21
Scherzer,frostwolf,1711,shaman,elemental,108,48,60
Ayumihamasai,tichondrius,1710,shaman,elemental,60,33,27
Linkmyballs,tichondrius,1709,shaman,elemental,38,34,4
Ryanxo,azjolnerub,1709,shaman,elemental,35,21,14
Ryukims,tichondrius,1709,shaman,elemental,94,51,43
Thaelia,azgalor,1707,shaman,elemental,46,27,19
Gravygumdrop,tichondrius,1707,shaman,elemental,110,56,54
Loxshox,gnomeregan,1707,shaman,elemental,566,288,278
Thündermoose,tichondrius,1706,shaman,elemental,96,49,47
Minigible,tichondrius,1704,shaman,elemental,62,25,37
Notahappyone,area-52,1703,shaman,elemental,48,34,14
Meatballpie,frostmourne,1701,shaman,elemental,66,42,24
Thuntard,bleeding-hollow,1701,shaman,elemental,36,18,18
Kustys,tichondrius,1699,shaman,elemental,36,18,18
Ceasebelief,tichondrius,1698,shaman,elemental,47,21,26
Caninius,sargeras,1697,shaman,elemental,78,39,39
Dyxlol,tichondrius,1696,shaman,elemental,62,27,35
Trïggerr,blackrock,1695,shaman,elemental,30,18,12
Rodbert,sargeras,1695,shaman,elemental,53,30,23
Mytotemisbig,lothar,1694,shaman,elemental,59,38,21
Notbpage,burning-blade,1694,shaman,elemental,102,51,51
Hüsky,dalaran,1694,shaman,elemental,65,31,34
Tupacshocker,zuljin,1692,shaman,elemental,30,18,12
Exceedër,ragnaros,1686,shaman,elemental,36,18,18
Krumpits,barthilas,1685,shaman,elemental,45,26,19
Shockyshock,emerald-dream,1683,shaman,elemental,46,29,17
Hadèes,zuljin,1679,shaman,elemental,216,112,104
Sonire,tichondrius,1679,shaman,elemental,271,133,138
Gorjun,stormrage,1679,shaman,elemental,81,38,43
Love,tichondrius,1678,shaman,elemental,31,21,10
Ptee,tichondrius,1677,shaman,elemental,45,23,22
Zugzugdogg,destromath,1674,shaman,elemental,42,23,19
Flüke,tichondrius,1674,shaman,elemental,72,39,33
Zeroclue,area-52,1673,shaman,elemental,40,22,18
Buffele,tichondrius,1672,shaman,elemental,42,18,24
Drogues,tichondrius,1671,shaman,elemental,112,63,49
Squealer,sargeras,1668,shaman,elemental,116,60,56
Conjury,tichondrius,1665,shaman,elemental,54,25,29
Deckìn,proudmoore,1663,shaman,elemental,160,85,75
Imnumberl,sargeras,1662,shaman,elemental,207,117,90
Buju,bleeding-hollow,1662,shaman,elemental,152,84,68
Kigoros,bleeding-hollow,1662,shaman,elemental,101,53,48
Hexlexic,stormrage,1661,shaman,elemental,69,41,28
Snogger,stormrage,1659,shaman,elemental,30,26,4
Dewoverload,garithos,1657,shaman,elemental,33,23,10
Finark,tichondrius,1655,shaman,elemental,42,20,22
Dilonsham,area-52,1653,shaman,elemental,58,36,22
Kawj,eonar,1652,shaman,elemental,36,21,15
Walabi,tichondrius,1649,shaman,elemental,50,22,28
Zeylhe,proudmoore,1647,shaman,elemental,54,26,28
Soyboyxxo,barthilas,1646,shaman,elemental,169,82,87
Smoketide,stormrage,1644,shaman,elemental,47,21,26
Óompaloompa,frostmourne,1643,shaman,elemental,74,44,30
Xodeus,frostmourne,1642,shaman,elemental,42,21,21
Shlmmyjimmy,tichondrius,1642,shaman,elemental,90,33,57
Friedmans,illidan,1640,shaman,elemental,221,117,104
Streetmeat,crushridge,1640,shaman,elemental,125,64,61
Mcßooger,tichondrius,1639,shaman,elemental,44,24,20
Cîmm,stormrage,1638,shaman,elemental,64,37,27
Imense,sargeras,1636,shaman,elemental,95,53,42
Soo,kiljaeden,1636,shaman,elemental,108,52,56
Xpire,ragnaros,1634,shaman,elemental,36,21,15
Xxchamana,ragnaros,1633,shaman,elemental,36,23,13
Immashammyx,area-52,1630,shaman,elemental,33,22,11
Bubbert,illidan,1630,shaman,elemental,72,31,41
Clarix,quelthalas,1629,shaman,elemental,42,23,19
Stormsage,jubeithos,1627,shaman,elemental,54,31,23
Fiftybeers,frostmourne,1627,shaman,elemental,35,19,16
Cowboy,executus,1627,shaman,elemental,66,33,33
Lff,stormrage,1626,shaman,elemental,24,17,7
Electriik,kiljaeden,1624,shaman,elemental,84,47,37
Shaymîn,malganis,1624,shaman,elemental,38,21,17
Àspec,aegwynn,1623,shaman,elemental,30,17,13
Lividelemnts,area-52,1623,shaman,elemental,42,22,20
Chandye,proudmoore,1620,shaman,elemental,48,22,26
Fruityrudyy,area-52,1618,shaman,elemental,30,22,8
Oldcregg,emerald-dream,1618,shaman,elemental,24,17,7
Eimear,kelthuzad,1618,shaman,elemental,33,20,13
Indika,stormrage,1617,shaman,elemental,36,23,13
Popsoot,area-52,1617,shaman,elemental,36,17,19
Shamans,zuljin,1616,shaman,elemental,54,38,16
Duality,shattered-halls,1615,shaman,elemental,59,38,21
Chajaa,ragnaros,1615,shaman,elemental,171,86,85
Catdontcare,tichondrius,1613,shaman,elemental,30,17,13
Onnyx,proudmoore,1612,shaman,elemental,30,19,11
Snapstr,illidan,1612,shaman,elemental,89,41,48
Gangstà,stormrage,1611,shaman,elemental,66,30,36
Targhal,tichondrius,1610,shaman,elemental,67,41,26
Tuntar,ragnaros,1610,shaman,elemental,192,105,87
Uglymugshock,tichondrius,1610,shaman,elemental,90,46,44
Orkuss,illidan,1609,shaman,elemental,29,19,10
Billydreams,drakkari,1609,shaman,elemental,165,78,87
Motorrad,azralon,1608,shaman,elemental,82,45,37
Xakaeri,hyjal,1607,shaman,elemental,59,32,27
Setò,quelthalas,1607,shaman,elemental,66,35,31
Uglymuger,tichondrius,1606,shaman,elemental,158,74,84
Roxxiggom,aggramar,1605,shaman,elemental,24,19,5
Dornmawhide,sargeras,1604,shaman,elemental,30,21,9
Jer,tichondrius,1604,shaman,elemental,34,18,16
Novajersey,azralon,1604,shaman,elemental,78,41,37
Tideffect,tichondrius,1603,shaman,elemental,30,17,13
Jaimenohex,illidan,1603,shaman,elemental,36,19,17
Badandbooshi,stormreaver,1603,shaman,elemental,84,43,41
Nutty,dentarg,1602,shaman,elemental,42,24,18
Everspell,lightnings-blade,1602,shaman,elemental,72,33,39
Cyhren,illidan,1601,shaman,elemental,120,64,56
Ssjgreen,illidan,1601,shaman,elemental,66,33,33
Opaltsing,tichondrius,1601,shaman,elemental,39,19,20
Arukz,tichondrius,1601,shaman,elemental,72,35,37
Tidedown,dark-iron,1600,shaman,elemental,36,25,11
Cornivore,malganis,1599,shaman,elemental,42,22,20
Mulak,frostmourne,1597,shaman,elemental,127,62,65
Jaxlightning,nemesis,1595,shaman,elemental,36,22,14
Igotu,tichondrius,1595,shaman,elemental,30,17,13
Darizzler,bleeding-hollow,1594,shaman,elemental,120,70,50
Bycrax,ragnaros,1593,shaman,elemental,130,69,61
Kymo,tichondrius,1591,shaman,elemental,30,17,13
Honeybean,tichondrius,1591,shaman,elemental,96,50,46
Lottogodx,area-52,1590,shaman,elemental,72,40,32
Hurìon,coilfang,1589,shaman,elemental,62,35,27
Cowish,illidan,1588,shaman,elemental,71,41,30
Mugumbo,frostmourne,1588,shaman,elemental,113,60,53
Malosa,hyjal,1588,shaman,elemental,125,62,63
Chillystotem,azjolnerub,1587,shaman,elemental,42,26,16
Tulol,tichondrius,1587,shaman,elemental,178,86,92
Tawambji,kiljaeden,1587,shaman,elemental,48,22,26
Zelthakaru,emerald-dream,1587,shaman,elemental,42,18,24
Moodizzle,tichondrius,1586,shaman,elemental,96,51,45
Tunegrote,ragnaros,1584,shaman,elemental,78,43,35
Totemsmacker,quelthalas,1584,shaman,elemental,97,52,45
Keldinraz,stormrage,1581,shaman,elemental,60,31,29
Pacapinchhit,azgalor,1580,shaman,elemental,75,43,32
Grimmson,emerald-dream,1578,shaman,elemental,48,20,28
Coldbeer,frostmourne,1575,shaman,elemental,95,48,47
Semasham,khazgoroth,1575,shaman,elemental,79,38,41
Talonga,moon-guard,1575,shaman,elemental,66,31,35
Deldoduro,azralon,1574,shaman,elemental,56,33,23
Feetfungus,area-52,1573,shaman,elemental,108,49,59
Muruaic,dentarg,1572,shaman,elemental,35,20,15
Illmental,kelthuzad,1572,shaman,elemental,151,74,77
Lovesthegear,blackrock,1571,shaman,elemental,36,18,18
Rahkarg,korgath,1563,shaman,elemental,54,23,31
Jamieslays,korgath,1559,shaman,elemental,137,70,67
Dwarfdude,gorefiend,1555,shaman,elemental,65,38,27
Dook,ghostlands,1555,shaman,elemental,35,17,18
Stitchis,black-dragonflight,1554,shaman,elemental,69,41,28
Shellshocka,korgath,1554,shaman,elemental,38,20,18
Simada,tichondrius,1554,shaman,elemental,36,17,19
Illbuyurmom,tichondrius,1553,shaman,elemental,104,48,56
Rayfordyoung,zuljin,1552,shaman,elemental,38,24,14
Dtab,tichondrius,1552,shaman,elemental,36,18,18
Generators,area-52,1551,shaman,elemental,277,139,138
Smartbunny,illidan,1549,shaman,elemental,107,50,57
Topax,vashj,1548,shaman,elemental,41,23,18
Taxd,sargeras,1548,shaman,elemental,58,26,32
Thestromp,quelthalas,1546,shaman,elemental,29,18,11
Soulrak,tichondrius,1546,shaman,elemental,153,76,77
Doodleburger,dathremar,1545,shaman,elemental,50,41,9
Huskër,tichondrius,1542,shaman,elemental,118,67,51
Afw,darkspear,1542,shaman,elemental,100,56,44
Sweatshock,frostmourne,1540,shaman,elemental,284,149,135
Creativemind,ragnaros,1538,shaman,elemental,86,42,44
Borheals,tichondrius,1537,shaman,elemental,44,21,23
Hexzy,moon-guard,1536,shaman,elemental,91,41,50
Ratson,ragnaros,1535,shaman,elemental,36,19,17
Robot,illidan,1534,shaman,elemental,30,16,14
Muffïn,moon-guard,1533,shaman,elemental,48,26,22
Ginnagangus,mugthol,1531,shaman,elemental,36,16,20
Harrypotqueu,zuljin,1527,shaman,elemental,30,16,14
Zap,wyrmrest-accord,1527,shaman,elemental,90,44,46
Waterground,tichondrius,1527,shaman,elemental,87,42,45
Doxshaman,tichondrius,1525,shaman,elemental,117,65,52
Smeagles,ragnaros,1523,shaman,elemental,30,16,14
Mzzar,tichondrius,1523,shaman,elemental,30,16,14
Daddykooll,tichondrius,1521,shaman,elemental,78,40,38
Datbigthing,frostmourne,1521,shaman,elemental,76,29,47
Draghul,frostwolf,1520,shaman,elemental,43,24,19
Sheman,galakrond,1520,shaman,elemental,58,29,29
Døutrina,azralon,1519,shaman,elemental,233,113,120
Smooths,bloodscalp,1518,shaman,elemental,30,16,14
Yasmiel,zuljin,1517,shaman,elemental,60,27,33
Elemelons,stormrage,1516,shaman,elemental,24,16,8
Cacahuates,suramar,1516,shaman,elemental,96,55,41
Clapton,darkspear,1515,shaman,elemental,47,21,26
Bobbymooshay,area-52,1514,shaman,elemental,83,39,44
Busterbrounz,queldorei,1509,shaman,elemental,72,44,28
Zappynips,frostmourne,1509,shaman,elemental,63,35,28
Rss,barthilas,1509,shaman,elemental,85,44,41
Univearth,emerald-dream,1509,shaman,elemental,90,45,45
Gerrkiing,amanthul,1508,shaman,elemental,35,22,13
Evilraven,tichondrius,1506,shaman,elemental,183,91,92
Seventeen,blackrock,1506,shaman,elemental,36,16,20
Üchihamadarâ,tichondrius,1502,shaman,elemental,175,90,85
Adutchcowboy,tichondrius,1500,shaman,elemental,83,46,37
Olboy,thrall,1497,shaman,elemental,60,34,26
Baodan,azshara,1495,shaman,elemental,115,60,55
Shocksrus,arthas,1495,shaman,elemental,36,17,19
Pipelord,destromath,1494,shaman,elemental,30,18,12
Legthul,tichondrius,1493,shaman,elemental,36,17,19
Vulkuro,quelthalas,1485,shaman,elemental,48,27,21
Vuhdu,barthilas,1484,shaman,elemental,60,36,24
Innvious,sargeras,1483,shaman,elemental,60,28,32
Gloi,ragnaros,1481,shaman,elemental,31,19,12
Soartotes,sargeras,1480,shaman,elemental,52,27,25
Cgq,tichondrius,1478,shaman,elemental,173,90,83
Dadadabang,frostmourne,1478,shaman,elemental,40,18,22
Sheriffbj,emerald-dream,1477,shaman,elemental,83,37,46
Pikapo,tichondrius,1469,shaman,elemental,134,69,65
Feels,arthas,1468,shaman,elemental,43,17,26
Venekk,shattered-hand,1467,shaman,elemental,35,23,12
Mindfields,barthilas,1465,shaman,elemental,56,30,26
Gahaa,tichondrius,1464,shaman,elemental,23,16,7
Washedupty,illidan,1460,shaman,elemental,118,56,62
Nøir,drakkari,1460,shaman,elemental,72,34,38
Cavolt,stormrage,1459,shaman,elemental,47,24,23
Nuofu,illidan,1458,shaman,elemental,83,45,38
Georgejr,thunderlord,1458,shaman,elemental,173,93,80
Makocc,tichondrius,1458,shaman,elemental,97,48,49
Fearoshimä,drakthul,1456,shaman,elemental,54,31,23
Genericheat,tichondrius,1454,shaman,elemental,75,38,37
Engara,frostmane,1451,shaman,elemental,35,17,18
Climhazard,senjin,1451,shaman,elemental,119,56,63
Fwwrs,illidan,1450,shaman,elemental,26,16,10
Defrout,kelthuzad,1447,shaman,elemental,97,46,51
Rythia,elune,1446,shaman,elemental,58,30,28
Isekai,alterac-mountains,1445,shaman,elemental,280,135,145
Dodona,sargeras,1440,shaman,elemental,114,55,59
Palcyon,eonar,1439,shaman,elemental,24,15,9
Chazzwozza,area-52,1439,shaman,elemental,24,15,9
Conductivity,frostmourne,1439,shaman,elemental,66,34,32
Frozensunn,illidan,1439,shaman,elemental,54,25,29
Kebboz,frostmourne,1438,shaman,elemental,24,15,9
Hydroponicz,sargeras,1438,shaman,elemental,24,15,9
Totey,nemesis,1437,shaman,elemental,18,15,3
Giversham,bleeding-hollow,1437,shaman,elemental,24,15,9
Bramah,bonechewer,1437,shaman,elemental,41,18,23
Kumer,tichondrius,1436,shaman,elemental,34,19,15
Biberom,kelthuzad,1434,shaman,elemental,57,32,25
Wfb,sargeras,1432,shaman,elemental,62,37,25
Stèpbro,sargeras,1432,shaman,elemental,36,18,18
Latoques,quelthalas,1431,shaman,elemental,24,15,9
Pipesable,ragnaros,1430,shaman,elemental,24,15,9
Rokogg,thrall,1430,shaman,elemental,77,39,38
Alphamael,lightbringer,1429,shaman,elemental,76,47,29
Forgediniron,stormrage,1429,shaman,elemental,144,79,65
Bustinbooty,kiljaeden,1429,shaman,elemental,42,22,20
Saraguthix,dalaran,1427,shaman,elemental,60,27,33
Kkangsiki,tichondrius,1427,shaman,elemental,36,16,20
Joehogan,stormrage,1426,shaman,elemental,90,51,39
Vktr,drakkari,1426,shaman,elemental,76,38,38
Enhancers,sargeras,1423,shaman,elemental,42,18,24
Drazzella,arthas,1422,shaman,elemental,47,21,26
Syile,stormrage,1419,shaman,elemental,100,46,54
Scryerman,area-52,1418,shaman,elemental,30,16,14
Dalianyen,bladefist,1417,shaman,elemental,30,15,15
Rinnobunen,wyrmrest-accord,1417,shaman,elemental,130,64,66
Srbski,emerald-dream,1416,shaman,elemental,32,17,15
Pepîllo,ragnaros,1416,shaman,elemental,162,69,93
Blacklm,tichondrius,1413,shaman,elemental,24,15,9
Plotious,antonidas,1413,shaman,elemental,36,19,17
Tulnak,kelthuzad,1413,shaman,elemental,195,95,100
Nobosham,tichondrius,1413,shaman,elemental,51,24,27
Gumballin,sargeras,1412,shaman,elemental,85,41,44
Korlog,tichondrius,1409,shaman,elemental,18,15,3
Barokoshama,area-52,1409,shaman,elemental,24,15,9
Shampainn,demon-soul,1407,shaman,elemental,72,38,34
Morluné,tichondrius,1407,shaman,elemental,66,32,34
Thundermatt,aegwynn,1407,shaman,elemental,117,53,64
Hurky,sargeras,1405,shaman,elemental,170,88,82
Malrom,kelthuzad,1405,shaman,elemental,481,248,233
Ectomee,tichondrius,1403,shaman,elemental,30,16,14
Volcanoboxer,tichondrius,1402,shaman,elemental,90,44,46
Ôprawindfury,mugthol,1400,shaman,elemental,42,21,21
Bushdeedit,stormrage,1400,shaman,elemental,59,23,36
Zugzugthug,moon-guard,1395,shaman,elemental,131,69,62
Totemtown,darkspear,1394,shaman,elemental,101,52,49
Sweetbabyraé,bleeding-hollow,1391,shaman,elemental,66,42,24
Hansolorz,tichondrius,1389,shaman,elemental,67,32,35
Telain,quelthalas,1386,shaman,elemental,108,55,53
Liloggie,illidan,1385,shaman,elemental,23,15,8
Redlava,turalyon,1384,shaman,elemental,31,19,12
Everyst,darkspear,1383,shaman,elemental,65,34,31
Minusshaman,dalaran,1382,shaman,elemental,150,81,69
Bulljay,bleeding-hollow,1382,shaman,elemental,33,16,17
Dumpweed,stormscale,1382,shaman,elemental,58,28,30
Golozok,zuljin,1382,shaman,elemental,35,16,19
Ceedlamb,kelthuzad,1381,shaman,elemental,66,34,32
Yippeekiyay,zuluhed,1379,shaman,elemental,63,31,32
Krimzs,executus,1377,shaman,elemental,105,42,63
Richode,burning-legion,1376,shaman,elemental,30,17,13
Aseew,drakkari,1376,shaman,elemental,39,18,21
Shuñk,frostmourne,1376,shaman,elemental,60,27,33
Tecnein,tichondrius,1374,shaman,elemental,36,15,21
Rolltìde,tichondrius,1372,shaman,elemental,153,85,68
Luvstospooj,thaurissan,1372,shaman,elemental,73,34,39
Zechary,proudmoore,1372,shaman,elemental,48,19,29
Mittss,sargeras,1371,shaman,elemental,118,62,56
Ffaísca,azralon,1371,shaman,elemental,44,22,22
Ragnards,ragnaros,1369,shaman,elemental,91,43,48
Ayahuaskah,illidan,1367,shaman,elemental,73,38,35
Bonevykin,area-52,1366,shaman,elemental,39,20,19
Ghorokk,azralon,1363,shaman,elemental,42,31,11
Boogielust,frostmourne,1362,shaman,elemental,30,15,15
Kakaaroto,nemesis,1359,shaman,elemental,129,70,59
Chonkymilk,illidan,1351,shaman,elemental,68,29,39
Casualsham,illidan,1350,shaman,elemental,26,15,11
Stormsanta,emerald-dream,1349,shaman,elemental,35,15,20
Moartotems,kelthuzad,1347,shaman,elemental,30,18,12
Toho,ragnaros,1346,shaman,elemental,72,39,33
Snewboii,malganis,1346,shaman,elemental,30,15,15
Zuldroth,frostmourne,1343,shaman,elemental,42,25,17
Koalakisses,shadow-council,1343,shaman,elemental,24,14,10
Cptnmagma,bleeding-hollow,1343,shaman,elemental,148,76,72
Lilbabyapy,sargeras,1343,shaman,elemental,30,14,16
Spoonforkorc,thrall,1342,shaman,elemental,24,14,10
Bagele,tichondrius,1342,shaman,elemental,30,14,16
Potf,illidan,1339,shaman,elemental,22,15,7
Oontuk,illidan,1337,shaman,elemental,66,31,35
Laelyk,kiljaeden,1336,shaman,elemental,30,14,16
Madelements,tichondrius,1334,shaman,elemental,50,28,22
Cocainbear,emerald-dream,1332,shaman,elemental,39,20,19
Thathurts,thrall,1331,shaman,elemental,24,14,10
Exoticz,barthilas,1330,shaman,elemental,53,19,34
Nomahuata,cenarion-circle,1329,shaman,elemental,36,16,20
Totem,burning-legion,1327,shaman,elemental,24,14,10
Totems,the-underbog,1327,shaman,elemental,24,14,10
Seinnome,azralon,1327,shaman,elemental,55,26,29
Shadowowl,tanaris,1324,shaman,elemental,51,24,27
Buffaloweens,thrall,1324,shaman,elemental,30,14,16
Ekstasiel,azralon,1323,shaman,elemental,54,28,26
Drvoodoo,tichondrius,1319,shaman,elemental,61,30,31
Shocks,alleria,1318,shaman,elemental,30,14,16
Lugak,ragnaros,1316,shaman,elemental,60,26,34
Lenin,nathrezim,1316,shaman,elemental,62,24,38
Destroçadorx,azralon,1315,shaman,elemental,38,19,19
Endorovich,mannoroth,1309,shaman,elemental,30,14,16
Tørosentado,quelthalas,1309,shaman,elemental,124,57,67
Gazamiseh,thunderhorn,1307,shaman,elemental,137,58,79
Jaapo,barthilas,1302,shaman,elemental,140,70,70
Eze,tichondrius,1301,shaman,elemental,82,48,34
Drzhong,frostmourne,1301,shaman,elemental,58,30,28
Pozcaster,tichondrius,1300,shaman,elemental,76,27,49
Budgetseaan,stormrage,1296,shaman,elemental,69,40,29
Hueymagoo,firetree,1295,shaman,elemental,24,14,10
Shammany,stormrage,1295,shaman,elemental,54,28,26
Brickzilla,dalaran,1293,shaman,elemental,53,29,24
Hufflefluffs,kiljaeden,1293,shaman,elemental,62,31,31
Totempoke,frostmourne,1292,shaman,elemental,23,14,9
Teechainz,caelestrasz,1288,shaman,elemental,45,20,25
Zulaantar,agamaggan,1285,shaman,elemental,62,25,37
Vodord,arathor,1284,shaman,elemental,30,15,15
Porkfririe,kelthuzad,1284,shaman,elemental,58,21,37
Dontaey,frostmourne,1281,shaman,elemental,34,21,13
Kanasya,quelthalas,1277,shaman,elemental,47,21,26
Nírnez,ragnaros,1277,shaman,elemental,54,22,32
Øten,area-52,1275,shaman,elemental,48,31,17
Beerofdoom,proudmoore,1275,shaman,elemental,48,26,22
Arakimara,tichondrius,1265,shaman,elemental,24,15,9
Devipersham,frostmourne,1265,shaman,elemental,29,16,13
Hëïmdall,stormrage,1265,shaman,elemental,65,34,31
Cheddatotz,illidan,1262,shaman,elemental,21,16,5
Edenorion,ragnaros,1262,shaman,elemental,67,34,33
Discokid,norgannon,1259,shaman,elemental,47,21,26
Sugirukifuja,stormrage,1258,shaman,elemental,23,16,7
Baltharzhard,saurfang,1257,shaman,elemental,36,16,20
Mcumshot,ragnaros,1257,shaman,elemental,66,29,37
Shammpain,barthilas,1255,shaman,elemental,95,55,40
Moacmathi,quelthalas,1253,shaman,elemental,60,27,33
Káládin,malganis,1251,shaman,elemental,42,21,21
Pikapiko,tichondrius,1248,shaman,elemental,18,13,5
Okïòmó,proudmoore,1248,shaman,elemental,30,13,17
Siò,barthilas,1247,shaman,elemental,15,14,1
Ëìê,tichondrius,1247,shaman,elemental,36,13,23
Battleshammy,nagrand,1243,shaman,elemental,30,15,15
Risker,tichondrius,1243,shaman,elemental,30,13,17
Maldini,tol-barad,1242,shaman,elemental,36,17,19
Phuamya,dalaran,1240,shaman,elemental,36,24,12
Ruugo,malganis,1239,shaman,elemental,18,13,5
Earthfirex,ragnaros,1238,shaman,elemental,24,13,11
Marduul,azralon,1236,shaman,elemental,35,16,19
Sabtifa,proudmoore,1232,shaman,elemental,30,13,17
Akó,quelthalas,1230,shaman,elemental,48,20,28
Charabon,ragnaros,1228,shaman,elemental,24,13,11
Smithereen,area-52,1227,shaman,elemental,60,29,31
Josephor,lightnings-blade,1227,shaman,elemental,36,13,23
Killeniis,tichondrius,1224,shaman,elemental,76,35,41
Bricx,dalaran,1222,shaman,elemental,24,14,10
Chanix,ragnaros,1221,shaman,elemental,35,20,15
Premium,nagrand,1221,shaman,elemental,57,26,31
Chaposz,tichondrius,1221,shaman,elemental,30,13,17
Saulgudmon,area-52,1215,shaman,elemental,48,25,23
Rafiki,haomarush,1215,shaman,elemental,60,26,34
Mhaal,wyrmrest-accord,1213,shaman,elemental,116,47,69
Yodahh,daggerspine,1211,shaman,elemental,45,24,21
Amonita,stonemaul,1210,shaman,elemental,18,13,5
Grezzkall,malganis,1207,shaman,elemental,39,19,20
Bazinguinha,azralon,1207,shaman,elemental,60,28,32
Zugdabou,bonechewer,1206,shaman,elemental,114,54,60
Omegaman,lightninghoof,1204,shaman,elemental,69,35,34
Shamanzinh,azralon,1204,shaman,elemental,42,20,22
Deggle,frostwolf,1201,shaman,elemental,30,14,16
Strugs,area-52,1201,shaman,elemental,59,25,34
Araghok,ragnaros,1191,shaman,elemental,36,15,21
Zoumi,zuljin,1179,shaman,elemental,34,13,21
Synerggy,hakkar,1169,shaman,elemental,537,265,272
Lezzer,ragnaros,1167,shaman,elemental,102,45,57
Zhokal,quelthalas,1166,shaman,elemental,125,65,60
Yasuriyamile,illidan,1164,shaman,elemental,168,77,91
Nuggitz,tichondrius,1163,shaman,elemental,59,35,24
Shokaria,frostwolf,1161,shaman,elemental,35,14,21
Jaycobb,area-52,1159,shaman,elemental,30,13,17
Konndor,malganis,1155,shaman,elemental,60,24,36
Pasto,bleeding-hollow,1152,shaman,elemental,18,12,6
Bovinebeauty,tichondrius,1152,shaman,elemental,18,12,6
Svi,doomhammer,1152,shaman,elemental,24,15,9
Councilman,illidan,1152,shaman,elemental,24,12,12
Chenjiawei,tichondrius,1152,shaman,elemental,24,12,12
Deacoderz,area-52,1151,shaman,elemental,18,12,6
Krupto,tichondrius,1151,shaman,elemental,24,12,12
Highvoltagex,frostmourne,1151,shaman,elemental,30,12,18
Kang,terenas,1150,shaman,elemental,18,12,6
Shockbalboa,stormrage,1150,shaman,elemental,18,12,6
Chudeshock,ragnaros,1150,shaman,elemental,36,12,24
Poonqtx,frostmourne,1149,shaman,elemental,18,12,6
Metallical,tichondrius,1149,shaman,elemental,18,12,6
Ndndurkadurk,malganis,1149,shaman,elemental,24,12,12
Frostshear,maiev,1149,shaman,elemental,29,14,15
Oxdrog,malganis,1148,shaman,elemental,30,12,18
Eluulne,silvermoon,1147,shaman,elemental,24,12,12
Kilydily,destromath,1147,shaman,elemental,30,12,18
Blobberino,tichondrius,1147,shaman,elemental,30,12,18
Tatespeech,barthilas,1146,shaman,elemental,30,12,18
Shockerfist,thunderlord,1144,shaman,elemental,18,12,6
Rollypolli,gnomeregan,1144,shaman,elemental,90,49,41
Datblueboi,dalaran,1143,shaman,elemental,24,12,12
Kowabounga,ragnaros,1140,shaman,elemental,24,12,12
Beatryx,the-scryers,1140,shaman,elemental,24,12,12
Graymatterz,ysondre,1139,shaman,elemental,18,12,6
Thunderblood,nerzhul,1138,shaman,elemental,24,12,12
Muggs,cairne,1137,shaman,elemental,18,12,6
Duckmasick,tichondrius,1134,shaman,elemental,102,45,57
Nazz,cenarion-circle,1133,shaman,elemental,24,12,12
Drmeangreen,tichondrius,1130,shaman,elemental,67,34,33
Tribalmood,illidan,1130,shaman,elemental,36,14,22
Nezzuk,quelthalas,1129,shaman,elemental,18,12,6
Jashar,spinebreaker,1127,shaman,elemental,24,13,11
Blacklust,tichondrius,1127,shaman,elemental,30,13,17
Shmoo,deathwing,1126,shaman,elemental,27,14,13
Luxenor,kelthuzad,1125,shaman,elemental,24,12,12
Firecracker,warsong,1123,shaman,elemental,88,47,41
Johnwilke,area-52,1123,shaman,elemental,43,17,26
Mabite,frostmourne,1120,shaman,elemental,24,12,12
Bravederp,kelthuzad,1120,shaman,elemental,63,31,32
Cardanø,illidan,1120,shaman,elemental,47,14,33
Zerium,nemesis,1119,shaman,elemental,39,14,25
Afgoox,tichondrius,1118,shaman,elemental,41,27,14
Meteorah,kelthuzad,1118,shaman,elemental,69,34,35
Bronan,laughing-skull,1118,shaman,elemental,120,58,62
Madeleines,goldrinn,1114,shaman,elemental,30,16,14
Skwiglz,tichondrius,1113,shaman,elemental,90,44,46
Karashamy,ragnaros,1107,shaman,elemental,85,40,45
Xoelement,borean-tundra,1103,shaman,elemental,54,25,29
Yunow,ragnaros,1096,shaman,elemental,48,20,28
Axelrose,ragnaros,1090,shaman,elemental,36,16,20
Shamanic,dunemaul,1080,shaman,elemental,136,62,74
Coffee,mugthol,1073,shaman,elemental,48,19,29
Saanrixa,jubeithos,1072,shaman,elemental,157,71,86
Shamarock,stonemaul,1071,shaman,elemental,48,25,23
Shockazulu,vashj,1070,shaman,elemental,47,23,24
Sàuron,tichondrius,1066,shaman,elemental,25,12,13
Justballs,stormscale,1062,shaman,elemental,84,44,40
Zro,ysera,1062,shaman,elemental,25,12,13
Afri,tichondrius,1056,shaman,elemental,16,12,4
Biggiechief,illidan,1056,shaman,elemental,18,11,7
Szes,tichondrius,1056,shaman,elemental,18,11,7
Glizzyjamon,sargeras,1056,shaman,elemental,18,11,7
Helga,hellscream,1056,shaman,elemental,18,11,7
Bestshamus,sargeras,1056,shaman,elemental,18,11,7
Redpocket,zuluhed,1056,shaman,elemental,18,11,7
Petrafk,illidan,1056,shaman,elemental,18,11,7
Highsteakss,tichondrius,1055,shaman,elemental,12,11,1
Fanatix,moon-guard,1055,shaman,elemental,18,11,7
Bootietootie,bleeding-hollow,1055,shaman,elemental,18,11,7
Shakron,dalaran,1055,shaman,elemental,18,11,7
Shockalot,emerald-dream,1055,shaman,elemental,24,11,13
Jeffspicele,emerald-dream,1055,shaman,elemental,24,11,13
Artaiva,zuljin,1055,shaman,elemental,24,11,13
Pedaphil,frostmourne,1055,shaman,elemental,24,11,13
Ayetex,kelthuzad,1054,shaman,elemental,18,11,7
Voof,bleeding-hollow,1054,shaman,elemental,18,11,7
Lilmollet,tichondrius,1054,shaman,elemental,25,13,12
Traindablue,illidan,1054,shaman,elemental,24,11,13
Blastuh,kiljaeden,1053,shaman,elemental,18,11,7
Madmartiggen,scilla,1051,shaman,elemental,21,12,9
Taeilendar,ragnaros,1050,shaman,elemental,24,11,13
Waymond,khadgar,1049,shaman,elemental,36,11,25
Vashidda,stormrage,1048,shaman,elemental,24,11,13
Metlar,sargeras,1048,shaman,elemental,24,11,13
Tideborn,azralon,1047,shaman,elemental,72,34,38
Chamuko,kelthuzad,1045,shaman,elemental,21,12,9
Minzysm,illidan,1045,shaman,elemental,24,11,13
Enflexi,lightbringer,1044,shaman,elemental,24,11,13
Zappz,thunderlord,1041,shaman,elemental,72,39,33
Grandwolf,ragnaros,1040,shaman,elemental,24,11,13
Neukims,nemesis,1040,shaman,elemental,26,11,15
Oskai,sargeras,1034,shaman,elemental,18,11,7
Darkrock,echo-isles,1033,shaman,elemental,24,12,12
Shachone,zuljin,1033,shaman,elemental,24,11,13
Omnath,zuluhed,1027,shaman,elemental,41,20,21
Ðarkvolts,stormrage,1025,shaman,elemental,24,11,13
Sumnah,sargeras,1024,shaman,elemental,66,33,33
Dooman,area-52,1023,shaman,elemental,36,13,23
Olani,nesingwary,1022,shaman,elemental,38,12,26
Treesntotemz,darkspear,1020,shaman,elemental,18,11,7
Shadowchain,kelthuzad,1018,shaman,elemental,33,12,21
Bigrider,nemesis,1009,shaman,elemental,48,19,29
Mîkâ,area-52,1007,shaman,elemental,24,11,13
Daiskei,nordrassil,1004,shaman,elemental,27,15,12
Wälee,sargeras,1004,shaman,elemental,77,37,40
Shambix,illidan,1002,shaman,elemental,19,12,7
Asanako,illidan,994,shaman,elemental,112,51,61
Barlonso,illidan,992,shaman,elemental,27,11,16
Dizzytotem,dalaran,991,shaman,elemental,24,11,13
Cheweydadawg,shandris,990,shaman,elemental,23,11,12
Piloncho,ragnaros,983,shaman,elemental,60,24,36
Fuma,nordrassil,977,shaman,elemental,24,12,12
Karvr,tichondrius,968,shaman,elemental,20,11,9
Mistayl,bleeding-hollow,968,shaman,elemental,30,12,18
Graveshocks,illidan,960,shaman,elemental,12,10,2
Smrtdeath,zuljin,960,shaman,elemental,12,10,2
Ðøææøð,stormrage,960,shaman,elemental,18,10,8
Bigdaddyion,thrall,960,shaman,elemental,18,10,8
Folus,azjolnerub,960,shaman,elemental,18,10,8
Zajashuna,malganis,959,shaman,elemental,18,10,8
Tidalstorm,thrall,959,shaman,elemental,18,10,8
Hexoffend,zuljin,959,shaman,elemental,18,10,8
Aishel,area-52,959,shaman,elemental,18,10,8
Mofodave,stormrage,959,shaman,elemental,18,10,8
Kodyaj,illidan,959,shaman,elemental,18,10,8
Desdìnova,tortheldrin,959,shaman,elemental,24,10,14
Ehhmacros,doomhammer,959,shaman,elemental,24,10,14
Totemzie,illidan,958,shaman,elemental,18,10,8
Aingry,darkspear,958,shaman,elemental,18,10,8
Stormcop,kelthuzad,958,shaman,elemental,30,10,20
Beazel,moon-guard,957,shaman,elemental,30,10,20
Shockshammy,kiljaeden,956,shaman,elemental,18,10,8
Bigway,area-52,956,shaman,elemental,30,10,20
Hanaruk,ragnaros,955,shaman,elemental,24,10,14
Avni,silver-hand,954,shaman,elemental,18,10,8
Turinhorse,tichondrius,954,shaman,elemental,24,10,14
Tinkd,stormrage,953,shaman,elemental,18,10,8
Izreborn,tichondrius,953,shaman,elemental,24,10,14
Tuksha,alleria,951,shaman,elemental,30,10,20
Sanlu,tichondrius,947,shaman,elemental,77,35,42
Elektrå,dalaran,947,shaman,elemental,24,10,14
Bröly,thunderhorn,946,shaman,elemental,30,10,20
Statikrage,eonar,944,shaman,elemental,32,13,19
Galgamesh,emerald-dream,939,shaman,elemental,18,10,8
Mðna,zuluhed,935,shaman,elemental,52,24,28
Orkwa,bleeding-hollow,935,shaman,elemental,24,10,14
Lavablaster,kelthuzad,934,shaman,elemental,32,19,13
Proignite,drakthul,934,shaman,elemental,35,17,18
Gorron,frostwolf,929,shaman,elemental,24,10,14
Gulmuwu,zuljin,927,shaman,elemental,23,10,13
Poseidon,kiljaeden,925,shaman,elemental,22,10,12
Dermbo,frostmourne,923,shaman,elemental,24,11,13
Matria,tanaris,914,shaman,elemental,50,25,25
Geladoo,gallywix,913,shaman,elemental,98,41,57
Sarahfe,wyrmrest-accord,910,shaman,elemental,17,10,7
Matew,darkspear,910,shaman,elemental,17,10,7
Aragog,malygos,899,shaman,elemental,32,16,16
Notsock,zuljin,894,shaman,elemental,17,10,7
Threehandz,bleeding-hollow,886,shaman,elemental,55,20,35
Trilz,barthilas,880,shaman,elemental,19,10,9
Bowlcutgodx,sargeras,864,shaman,elemental,12,9,3
Notragii,kelthuzad,864,shaman,elemental,12,9,3
Feesstt,malganis,864,shaman,elemental,12,9,3
Vitaminc,garona,864,shaman,elemental,12,9,3
Koalatricks,shadow-council,864,shaman,elemental,12,9,3
Dîabeetus,moon-guard,864,shaman,elemental,12,9,3
Bojangz,illidan,864,shaman,elemental,12,9,3
Drewzie,anvilmar,864,shaman,elemental,18,9,9
Chainz,illidan,864,shaman,elemental,18,9,9
Zlateral,malganis,864,shaman,elemental,18,9,9
Owtyobwol,area-52,864,shaman,elemental,18,9,9
Jimchad,quelthalas,864,shaman,elemental,18,9,9
Doorti,area-52,864,shaman,elemental,18,9,9
Tampíco,ragnaros,864,shaman,elemental,24,9,15
Doappy,malganis,864,shaman,elemental,24,9,15
Ðomzy,tichondrius,863,shaman,elemental,12,9,3
Meatballsx,tichondrius,863,shaman,elemental,15,10,5
Darkcharles,illidan,863,shaman,elemental,18,9,9
Hexellént,kiljaeden,863,shaman,elemental,18,9,9
Blöw,tichondrius,863,shaman,elemental,18,9,9
Slashshear,frostmourne,863,shaman,elemental,18,9,9
Karagra,tichondrius,863,shaman,elemental,18,9,9
Astrostorm,darkspear,863,shaman,elemental,18,9,9
Dtrumpx,tichondrius,863,shaman,elemental,24,9,15
Riseon,illidan,863,shaman,elemental,24,9,15
Lovebody,zuljin,863,shaman,elemental,24,9,15
Dehsaw,illidan,863,shaman,elemental,24,9,15
Thaél,proudmoore,863,shaman,elemental,24,9,15
Elemastery,windrunner,862,shaman,elemental,12,9,3
Tottemic,blackrock,862,shaman,elemental,18,9,9
Urb,moknathal,862,shaman,elemental,24,9,15
Cónò,tichondrius,861,shaman,elemental,18,9,9
Aleysha,dreadmaul,861,shaman,elemental,18,9,9
Phagocytosis,illidan,861,shaman,elemental,18,9,9
Lilalexhorne,smolderthorn,861,shaman,elemental,18,9,9
Jensenx,proudmoore,861,shaman,elemental,24,9,15
Grukall,galakrond,860,shaman,elemental,12,9,3
Kultirio,quelthalas,860,shaman,elemental,12,9,3
Galabanjø,malganis,860,shaman,elemental,24,9,15
Bluetape,azshara,858,shaman,elemental,12,9,3
Velekar,moon-guard,858,shaman,elemental,24,9,15
Xantoor,area-52,857,shaman,elemental,18,9,9
Gorakh,illidan,856,shaman,elemental,18,9,9
Edalandd,zuljin,856,shaman,elemental,24,9,15
Martisor,barthilas,851,shaman,elemental,34,10,24
Dellnar,nagrand,847,shaman,elemental,18,9,9
Shàmpow,darkspear,838,shaman,elemental,27,12,15
Hbjj,illidan,816,shaman,elemental,15,9,6
Vegaslights,tichondrius,816,shaman,elemental,21,9,12
Insanelol,tichondrius,815,shaman,elemental,21,9,12
Yeoldkobb,kiljaeden,810,shaman,elemental,17,9,8
Thanwirn,ragnaros,809,shaman,elemental,24,9,15
Relâx,icecrown,779,shaman,elemental,19,9,10
Xammaa,illidan,768,shaman,elemental,12,8,4
Bagovs,tichondrius,768,shaman,elemental,12,8,4
Cduck,zuljin,768,shaman,elemental,12,8,4
Grandpatits,illidan,768,shaman,elemental,12,8,4
Shamend,tichondrius,768,shaman,elemental,12,8,4
Synkronaqt,tichondrius,768,shaman,elemental,12,8,4
Yurp,illidan,768,shaman,elemental,12,8,4
Genesisz,tichondrius,768,shaman,elemental,12,8,4
Squidzy,tichondrius,768,shaman,elemental,12,8,4
Supbrø,zuluhed,768,shaman,elemental,12,8,4
Morabebi,tichondrius,768,shaman,elemental,12,8,4
Dialtone,blackrock,768,shaman,elemental,12,8,4
Smoketide,malganis,768,shaman,elemental,12,8,4
Stayz,tichondrius,768,shaman,elemental,18,8,10
Storminlorka,sargeras,768,shaman,elemental,18,8,10
Groundfaults,bleeding-hollow,768,shaman,elemental,18,8,10
Caveseer,frostmourne,768,shaman,elemental,24,8,16
Raikages,whisperwind,767,shaman,elemental,12,8,4
Thandius,arygos,767,shaman,elemental,12,8,4
Johntrabølta,zuljin,767,shaman,elemental,12,8,4
Momothewolf,malganis,767,shaman,elemental,12,8,4
Flowerchild,proudmoore,767,shaman,elemental,12,8,4
Blazintotems,arthas,767,shaman,elemental,12,8,4
Tierrox,tichondrius,767,shaman,elemental,12,8,4
Marcøvich,ragnaros,767,shaman,elemental,12,8,4
Ludasham,moon-guard,767,shaman,elemental,18,8,10
Jsyringe,duskwood,767,shaman,elemental,18,8,10
Fistwizard,sargeras,767,shaman,elemental,18,8,10
Uninfluenced,firetree,767,shaman,elemental,18,8,10
Dxycollapse,illidan,767,shaman,elemental,18,8,10
Volcanic,azuremyst,767,shaman,elemental,24,8,16
Mazdamundï,ragnaros,767,shaman,elemental,24,8,16
Fênrisulfer,area-52,766,shaman,elemental,18,8,10
Procdepartme,area-52,765,shaman,elemental,18,8,10
Pãníç,bladefist,764,shaman,elemental,18,8,10
Neebon,jubeithos,763,shaman,elemental,12,8,4
Zappyshorty,sargeras,763,shaman,elemental,12,8,4
Teekona,tichondrius,763,shaman,elemental,18,8,10
Stormterror,tichondrius,763,shaman,elemental,20,8,12
Shamofshame,garrosh,763,shaman,elemental,24,8,16
Brokahantas,misha,746,shaman,elemental,26,8,18
Aeromarius,ragnaros,733,shaman,elemental,13,10,3
Lowiqpleb,tichondrius,719,shaman,elemental,17,8,9
Downerr,malganis,712,shaman,elemental,17,10,7
Pileef,thrall,704,shaman,elemental,10,8,2
Dmt,exodar,704,shaman,elemental,22,8,14
Shamankie,tichondrius,703,shaman,elemental,11,8,3
Makogo,earthen-ring,686,shaman,elemental,13,8,5
Thermopile,wildhammer,680,shaman,elemental,25,8,17
Autisty,sargeras,672,shaman,elemental,12,7,5
Komana,frostmourne,672,shaman,elemental,12,7,5
Pericazo,sargeras,672,shaman,elemental,12,7,5
Plebshammy,bleeding-hollow,672,shaman,elemental,12,7,5
Mesdew,tichondrius,672,shaman,elemental,12,7,5
Thoraq,bleeding-hollow,672,shaman,elemental,12,7,5
Toetum,hyjal,672,shaman,elemental,12,7,5
Drmeatballmd,tichondrius,672,shaman,elemental,12,7,5
Smellyogre,area-52,672,shaman,elemental,12,7,5
Cuban,kelthuzad,672,shaman,elemental,12,7,5
Linkzz,malganis,672,shaman,elemental,12,7,5
Sèèr,tichondrius,672,shaman,elemental,12,7,5
Kagdush,tichondrius,672,shaman,elemental,12,7,5
Farku,illidan,672,shaman,elemental,12,7,5
Hexandsex,zuljin,672,shaman,elemental,12,7,5
Woepost,tichondrius,672,shaman,elemental,12,7,5
Willy,icecrown,672,shaman,elemental,12,7,5
Varnol,emerald-dream,672,shaman,elemental,12,7,5
Lagroupie,ragnaros,672,shaman,elemental,12,7,5
Merkal,illidan,672,shaman,elemental,12,7,5
Josiahsham,kelthuzad,672,shaman,elemental,13,7,6
Ftp,kelthuzad,672,shaman,elemental,15,8,7
Xinz,guldan,672,shaman,elemental,18,7,11
Eravas,thrall,672,shaman,elemental,18,7,11
Shamigo,tichondrius,672,shaman,elemental,18,7,11
Neotrad,proudmoore,672,shaman,elemental,18,7,11
Alwaysbulkin,tichondrius,672,shaman,elemental,18,7,11
Benserkr,lightbringer,672,shaman,elemental,18,7,11
Tdub,frostmourne,672,shaman,elemental,24,7,17
Dansham,zuljin,672,shaman,elemental,24,7,17
Canute,bonechewer,671,shaman,elemental,12,7,5
Lenå,moon-guard,671,shaman,elemental,12,7,5
Jacori,malganis,671,shaman,elemental,12,7,5
Oukami,area-52,671,shaman,elemental,12,7,5
Trashpandaa,deathwing,671,shaman,elemental,12,7,5
Lilthrall,skullcrusher,671,shaman,elemental,12,7,5
Hairyrichard,zuljin,671,shaman,elemental,12,7,5
Stormha,illidan,671,shaman,elemental,12,7,5
Mariarlee,proudmoore,671,shaman,elemental,18,7,11
Malito,ursin,671,shaman,elemental,18,7,11
Alariaa,sargeras,670,shaman,elemental,12,7,5
Eztröz,kelthuzad,670,shaman,elemental,12,7,5
Parallels,blackrock,670,shaman,elemental,24,7,17
Beardslee,malganis,669,shaman,elemental,12,7,5
Grimlên,skullcrusher,669,shaman,elemental,18,7,11
Idiotstaff,dreadmaul,669,shaman,elemental,24,7,17
Stîînck,azralon,668,shaman,elemental,24,7,17
Slothycrit,emerald-dream,668,shaman,elemental,30,7,23
Saffoo,frostmourne,667,shaman,elemental,12,7,5
Dugomik,malganis,666,shaman,elemental,18,7,11
Shamadan,proudmoore,665,shaman,elemental,12,7,5
Warmak,hyjal,664,shaman,elemental,12,7,5
Jyster,area-52,664,shaman,elemental,24,7,17
Eleveil,emerald-dream,663,shaman,elemental,15,7,8
Cheesewheelz,arthas,651,shaman,elemental,22,7,15
Aestheticsx,thrall,640,shaman,elemental,16,7,9
Megalithic,moon-guard,639,shaman,elemental,14,8,6
Hexytimexoqt,thrall,638,shaman,elemental,17,7,10
Twinkyz,boulderfist,636,shaman,elemental,26,8,18
Koongram,area-52,623,shaman,elemental,11,7,4
Adesaa,illidan,617,shaman,elemental,28,8,20
Orochishaman,stormrage,607,shaman,elemental,11,7,4
Shizzänk,illidan,606,shaman,elemental,11,7,4
Gunai,malganis,606,shaman,elemental,16,7,9
Oznog,bleeding-hollow,590,shaman,elemental,19,7,12
Chrispp,frostmourne,576,shaman,elemental,6,6,0
Kasparøv,tichondrius,576,shaman,elemental,6,6,0
Sxxr,moon-guard,576,shaman,elemental,6,6,0
Boltadeez,tichondrius,576,shaman,elemental,6,6,0
Zaedran,thrall,576,shaman,elemental,6,6,0
Fuhzee,sargeras,576,shaman,elemental,6,6,0
Jimmyapple,illidan,576,shaman,elemental,10,7,3
Rubmytotêm,tichondrius,576,shaman,elemental,12,6,6
Spaceghost,illidan,576,shaman,elemental,12,6,6
Tairen,ragnaros,576,shaman,elemental,12,6,6
Undaunte,sargeras,576,shaman,elemental,12,6,6
Orkshammy,illidan,576,shaman,elemental,12,6,6
Deyodin,illidan,576,shaman,elemental,12,6,6
Doommjölnir,sargeras,576,shaman,elemental,12,6,6
Ezevia,stormrage,576,shaman,elemental,12,6,6
Getwetand,quelthalas,576,shaman,elemental,12,6,6
Jinukia,malganis,576,shaman,elemental,12,6,6
Knowknown,tichondrius,576,shaman,elemental,12,6,6
Fuseillar,illidan,576,shaman,elemental,12,6,6
Feuerbart,dalaran,576,shaman,elemental,12,6,6
Zunden,illidan,576,shaman,elemental,12,6,6
Ïia,tichondrius,576,shaman,elemental,12,6,6
Frosh,nazgrel,576,shaman,elemental,12,6,6
Littz,malganis,576,shaman,elemental,12,6,6
Smoketide,illidan,576,shaman,elemental,12,6,6
Jimmysjohn,malganis,576,shaman,elemental,12,6,6
Jnzz,area-52,576,shaman,elemental,12,6,6
Hehew,kelthuzad,576,shaman,elemental,12,6,6
Shaokhan,azjolnerub,576,shaman,elemental,12,6,6
Consolx,area-52,576,shaman,elemental,12,6,6
Mcgraff,frostmourne,576,shaman,elemental,12,6,6
Deeznuts,the-forgotten-coast,576,shaman,elemental,12,6,6
Mistysham,illidan,576,shaman,elemental,12,6,6
Airiem,tichondrius,576,shaman,elemental,12,6,6
Cowtidetotem,thrall,576,shaman,elemental,18,6,12
Nazgore,jubeithos,576,shaman,elemental,18,6,12
Bitamin,frostmourne,576,shaman,elemental,18,6,12
Shamamas,area-52,576,shaman,elemental,18,6,12
Torosmile,tichondrius,576,shaman,elemental,18,6,12
Hallion,frostmourne,576,shaman,elemental,24,6,18
Bwuberrypuff,tichondrius,576,shaman,elemental,24,6,18
Asuni,illidan,576,shaman,elemental,24,6,18
Moctezumma,area-52,575,shaman,elemental,12,6,6
Skribblez,tichondrius,575,shaman,elemental,12,6,6
Thunderfuk,exodar,575,shaman,elemental,12,6,6
Apocalypsehb,quelthalas,575,shaman,elemental,12,6,6
Shøckolate,whisperwind,575,shaman,elemental,12,6,6
Nemei,zuljin,575,shaman,elemental,12,6,6
Drewshammy,zuljin,575,shaman,elemental,12,6,6
Freesolo,barthilas,575,shaman,elemental,12,6,6
Satup,ragnaros,575,shaman,elemental,12,6,6
Wrathantula,thrall,575,shaman,elemental,12,6,6
Dirtyprocs,tichondrius,575,shaman,elemental,21,7,14
Grimitt,suramar,575,shaman,elemental,18,6,12
Ulamøgg,proudmoore,575,shaman,elemental,21,6,15
Chanintotem,shattered-halls,574,shaman,elemental,12,6,6
Bcs,lightbringer,573,shaman,elemental,12,6,6
Thuggliife,frostmourne,573,shaman,elemental,18,6,12
Totempaul,frostmourne,570,shaman,elemental,18,6,12
Ryudark,stormrage,569,shaman,elemental,24,6,18
Asy,tichondrius,559,shaman,elemental,11,6,5
Esbet,echo-isles,555,shaman,elemental,23,6,17
Aitex,kelthuzad,543,shaman,elemental,15,7,8
Frequency,kiljaeden,542,shaman,elemental,23,6,17
Thanen,the-scryers,541,shaman,elemental,16,6,10
Furiousnick,stormrage,480,shaman,elemental,6,5,1
Vulcansh,azralon,480,shaman,elemental,6,5,1
Axaxaxaxaxax,illidan,480,shaman,elemental,6,5,1
Unbreakable,illidan,480,shaman,elemental,6,5,1
Riptideafk,sargeras,480,shaman,elemental,6,5,1
Girthbróóks,tichondrius,480,shaman,elemental,6,5,1
Sxr,moon-guard,480,shaman,elemental,6,5,1
Slurgamer,area-52,480,shaman,elemental,6,5,1
Shamxrob,sargeras,480,shaman,elemental,6,5,1
Shinydiglett,area-52,480,shaman,elemental,6,5,1
Fenny,proudmoore,480,shaman,elemental,6,5,1
Azzula,tichondrius,480,shaman,elemental,6,5,1
Firedchips,tichondrius,480,shaman,elemental,17,8,9
Tipedc,sargeras,480,shaman,elemental,12,5,7
Grêgg,area-52,480,shaman,elemental,12,5,7
Tromxd,area-52,480,shaman,elemental,12,5,7
Chomolungma,azralon,480,shaman,elemental,12,5,7
Daerönn,azralon,480,shaman,elemental,12,5,7
Fonsestrelly,emerald-dream,480,shaman,elemental,12,5,7
Hexxercise,area-52,480,shaman,elemental,12,5,7
Zenan,stormreaver,480,shaman,elemental,12,5,7
Slumpinator,tichondrius,480,shaman,elemental,12,5,7
Boodissy,tichondrius,480,shaman,elemental,12,5,7
Scarshamxn,frostmourne,480,shaman,elemental,12,5,7
Jaedrick,chogall,480,shaman,elemental,12,5,7
Trickytotems,stormrage,480,shaman,elemental,12,5,7
Sgorr,illidan,480,shaman,elemental,12,5,7
Oingo,destromath,480,shaman,elemental,12,5,7
Jènova,whisperwind,480,shaman,elemental,12,5,7
Crooked,saurfang,480,shaman,elemental,12,5,7
Flukz,nazjatar,480,shaman,elemental,12,5,7
Kissmywalnut,frostmourne,480,shaman,elemental,12,5,7
Athymus,dragonmaw,480,shaman,elemental,12,5,7
Delement,ragnaros,480,shaman,elemental,12,5,7
Rokir,tichondrius,480,shaman,elemental,12,5,7
Wempa,moon-guard,480,shaman,elemental,12,5,7
Nerfmytotemz,frostmourne,480,shaman,elemental,12,5,7
Shamyuna,dalaran,480,shaman,elemental,12,5,7
Ferdi,kelthuzad,480,shaman,elemental,12,5,7
Shoxz,korgath,480,shaman,elemental,12,5,7
Baern,thrall,480,shaman,elemental,12,5,7
Shamberheard,kelthuzad,480,shaman,elemental,12,5,7
Twistedteas,tichondrius,480,shaman,elemental,12,5,7
Awesomeus,barthilas,480,shaman,elemental,12,5,7
Flamestrife,illidan,480,shaman,elemental,12,5,7
Wobbleshock,tichondrius,480,shaman,elemental,12,5,7
Junkygreens,proudmoore,480,shaman,elemental,12,5,7
Zeebouzy,illidan,480,shaman,elemental,12,5,7
Drakhe,proudmoore,480,shaman,elemental,12,5,7
Thadx,illidan,480,shaman,elemental,12,5,7
Yssyyds,illidan,480,shaman,elemental,12,5,7
Gjaj,tichondrius,480,shaman,elemental,12,5,7
Totemchucker,stormrage,480,shaman,elemental,15,6,9
Flamelink,tichondrius,480,shaman,elemental,20,6,14
Kyrels,barthilas,480,shaman,elemental,17,5,12
Hazznokicks,bleeding-hollow,480,shaman,elemental,21,6,15
Oré,wyrmrest-accord,480,shaman,elemental,18,5,13
Birdizdawerd,shuhalo,480,shaman,elemental,18,5,13
Lumpyshaman,tichondrius,480,shaman,elemental,18,5,13
Helapoon,area-52,480,shaman,elemental,18,5,13
Blakki,barthilas,480,shaman,elemental,18,5,13
Advìl,area-52,480,shaman,elemental,18,5,13
Dwârf,tichondrius,480,shaman,elemental,18,5,13
Elryl,sargeras,480,shaman,elemental,18,5,13
Firesurge,sargeras,480,shaman,elemental,18,5,13
Arialial,hyjal,480,shaman,elemental,18,5,13
Zevelynne,wyrmrest-accord,480,shaman,elemental,24,5,19
Vjeze,frostmourne,480,shaman,elemental,24,5,19
Killdeaderer,barthilas,479,shaman,elemental,6,5,1
Shanão,nemesis,479,shaman,elemental,6,5,1
Virô,sargeras,479,shaman,elemental,6,5,1
Sparkyy,kelthuzad,479,shaman,elemental,12,5,7
Carrbide,malganis,479,shaman,elemental,12,5,7
Olthorson,kelthuzad,479,shaman,elemental,18,5,13
Doughboy,khadgar,478,shaman,elemental,14,6,8
Santee,frostmourne,478,shaman,elemental,12,5,7
Diokles,skywall,478,shaman,elemental,12,5,7
Talraviebor,stormrage,478,shaman,elemental,12,5,7
Juanisan,stormrage,475,shaman,elemental,19,5,14
Tulwah,shadowmoon,447,shaman,elemental,11,6,5
Slogre,tichondrius,447,shaman,elemental,11,5,6
Bigbadbolt,malganis,431,shaman,elemental,11,5,6
Kinjin,dragonmaw,415,shaman,elemental,14,5,9
Ripklanian,blood-furnace,400,shaman,elemental,13,5,8
Munchies,madoran,384,shaman,elemental,6,4,2
Ryùko,proudmoore,384,shaman,elemental,6,4,2
Dingfu,sargeras,384,shaman,elemental,6,4,2
Wodgodx,sargeras,384,shaman,elemental,6,4,2
Novoz,tichondrius,384,shaman,elemental,6,4,2
Yshi,kelthuzad,384,shaman,elemental,6,4,2
ßøn,altar-of-storms,384,shaman,elemental,6,4,2
Nyroh,zuljin,384,shaman,elemental,6,4,2
Evolutionist,tichondrius,384,shaman,elemental,6,4,2
Babyfacejack,tichondrius,384,shaman,elemental,6,4,2
Blueku,tichondrius,384,shaman,elemental,6,4,2
Ryuubi,illidan,384,shaman,elemental,6,4,2
Boøsty,bleeding-hollow,384,shaman,elemental,6,4,2
Dromus,dalvengyr,384,shaman,elemental,6,4,2
Drcopafeel,stormrage,384,shaman,elemental,6,4,2
Dragaru,illidan,384,shaman,elemental,6,4,2
Zezlek,malganis,384,shaman,elemental,6,4,2
Malgician,proudmoore,384,shaman,elemental,6,4,2
Hulan,tichondrius,384,shaman,elemental,6,4,2
Meatballman,malganis,384,shaman,elemental,6,4,2
Wolfgangz,illidan,384,shaman,elemental,6,4,2
Fluupy,illidan,384,shaman,elemental,6,4,2
Synkrona,tichondrius,384,shaman,elemental,6,4,2
Lukora,stonemaul,384,shaman,elemental,6,4,2
Âran,azralon,384,shaman,elemental,6,4,2
Paltalk,the-forgotten-coast,384,shaman,elemental,6,4,2
Nerfele,tichondrius,384,shaman,elemental,6,4,2
Shammyqua,tichondrius,384,shaman,elemental,6,4,2
Enil,kiljaeden,384,shaman,elemental,6,4,2
Stormflow,dalaran,384,shaman,elemental,6,4,2
Trickyjf,dalaran,384,shaman,elemental,6,4,2
Greensween,thrall,384,shaman,elemental,6,4,2
Møsh,emerald-dream,384,shaman,elemental,6,4,2
Kranif,tichondrius,384,shaman,elemental,6,4,2
Smearedbeard,bleeding-hollow,384,shaman,elemental,6,4,2
Simped,bleeding-hollow,384,shaman,elemental,6,4,2
Terapatrik,area-52,384,shaman,elemental,6,4,2
Boogiefever,area-52,384,shaman,elemental,6,4,2
Checkmâte,emerald-dream,384,shaman,elemental,6,4,2
Mniteshyaman,barthilas,384,shaman,elemental,6,4,2
Thunderbudx,malganis,384,shaman,elemental,6,4,2
Clamson,tichondrius,384,shaman,elemental,6,4,2
Mistyshamy,sargeras,384,shaman,elemental,6,4,2
Weebdestroyr,illidan,384,shaman,elemental,6,4,2
Oscarmike,auchindoun,384,shaman,elemental,6,4,2
Borgmash,chogall,384,shaman,elemental,6,4,2
Elebro,emerald-dream,384,shaman,elemental,6,4,2
Stormagedon,stormscale,384,shaman,elemental,6,4,2
Flêùrs,zuljin,384,shaman,elemental,6,4,2
Friedchickn,whisperwind,384,shaman,elemental,6,4,2
Dgshaman,tichondrius,384,shaman,elemental,6,4,2
Sammila,tichondrius,384,shaman,elemental,6,4,2
Jungsa,tichondrius,384,shaman,elemental,6,4,2
Seraøth,area-52,384,shaman,elemental,6,4,2
Ktom,runetotem,384,shaman,elemental,6,4,2
Semnicktotem,area-52,384,shaman,elemental,6,4,2
Zelinsky,sargeras,384,shaman,elemental,6,4,2
Zappithorus,stormrage,384,shaman,elemental,6,4,2
Riicc,stormrage,384,shaman,elemental,6,4,2
Joè,stormrage,384,shaman,elemental,6,4,2
Thorlottie,stormrage,384,shaman,elemental,6,4,2
Super,azshara,384,shaman,elemental,14,5,9
Tacotastic,malganis,384,shaman,elemental,12,4,8
Gomaliquida,quelthalas,384,shaman,elemental,12,4,8
Sin,bleeding-hollow,384,shaman,elemental,12,4,8
Sharmut,bleeding-hollow,384,shaman,elemental,12,4,8
Kushnations,chogall,384,shaman,elemental,12,4,8
Rudoboy,ragnaros,384,shaman,elemental,12,4,8
Manitbaggins,earthen-ring,384,shaman,elemental,12,4,8
Lavasurge,area-52,384,shaman,elemental,12,4,8
Paltrok,tichondrius,384,shaman,elemental,12,4,8
Fouroclock,drakthul,384,shaman,elemental,12,4,8
Shrektar,cenarius,384,shaman,elemental,12,4,8
Aiggiggigne,sargeras,384,shaman,elemental,12,4,8
Naweiv,caelestrasz,384,shaman,elemental,12,4,8
Jhivone,tichondrius,384,shaman,elemental,12,4,8
Anahvee,moon-guard,384,shaman,elemental,12,4,8
Ayatsu,thrall,384,shaman,elemental,12,4,8
Rosettee,stormrage,384,shaman,elemental,12,4,8
Natorr,dalaran,384,shaman,elemental,12,4,8
Zizö,barthilas,384,shaman,elemental,12,4,8
Belgrom,tichondrius,384,shaman,elemental,12,4,8
Yukishock,illidan,384,shaman,elemental,12,4,8
Sjostrom,proudmoore,384,shaman,elemental,12,4,8
Fatherrtime,illidan,384,shaman,elemental,12,4,8
Duza,frostmourne,384,shaman,elemental,12,4,8
Oohkillemm,silvermoon,384,shaman,elemental,12,4,8
Cannonshot,tichondrius,384,shaman,elemental,13,4,9
Rickin,hyjal,384,shaman,elemental,18,4,14
Stòrmbreaker,korgath,384,shaman,elemental,18,4,14
Bigstormz,fenris,384,shaman,elemental,18,4,14
Waller,duskwood,383,shaman,elemental,6,4,2
Cuallo,stormrage,383,shaman,elemental,6,4,2
Machalo,sargeras,383,shaman,elemental,12,4,8
Enroks,greymane,383,shaman,elemental,12,4,8
Roxastir,shattered-halls,382,shaman,elemental,12,4,8
Stórmfuryz,tichondrius,382,shaman,elemental,12,4,8
Potatopirate,burning-legion,381,shaman,elemental,18,4,14
Coffeeblacc,magtheridon,379,shaman,elemental,12,4,8
Babyblake,malganis,351,shaman,elemental,8,5,3
Branasou,emerald-dream,351,shaman,elemental,11,4,7
Shk,illidan,351,shaman,elemental,11,4,7
Råys,turalyon,350,shaman,elemental,11,4,7
Stormfronts,kelthuzad,336,shaman,elemental,9,4,5
Trashaman,garona,336,shaman,elemental,9,4,5
Nondracil,ragnaros,336,shaman,elemental,14,4,10
Taraneh,garrosh,325,shaman,elemental,15,5,10
Shmaybuh,malganis,320,shaman,elemental,10,4,6
Shup,chogall,319,shaman,elemental,5,4,1
Charr,nemesis,304,shaman,elemental,7,4,3
Tsunamibrew,moon-guard,302,shaman,elemental,9,4,5
Altryn,shuhalo,288,shaman,elemental,6,3,3
Spacemilk,stormrage,288,shaman,elemental,6,3,3
Blayze,stormscale,288,shaman,elemental,6,3,3
Shizamm,hyjal,288,shaman,elemental,6,3,3
Blaydin,elune,288,shaman,elemental,6,3,3
Zon,laughing-skull,288,shaman,elemental,6,3,3
Trenhance,stormrage,288,shaman,elemental,6,3,3
Frenchy,hyjal,288,shaman,elemental,6,3,3
Dazu,drakkari,288,shaman,elemental,6,3,3
Vanëssão,stormrage,288,shaman,elemental,6,3,3
Moosk,zuluhed,288,shaman,elemental,6,3,3
Sunkist,whisperwind,288,shaman,elemental,6,3,3
Iloverina,stormrage,288,shaman,elemental,6,3,3
Corneador,ragnaros,288,shaman,elemental,6,3,3
Niarkx,frostmourne,288,shaman,elemental,6,3,3
Atokirina,drakkari,288,shaman,elemental,6,3,3
Cvoa,bonechewer,288,shaman,elemental,6,3,3
Tokelahoma,stormrage,288,shaman,elemental,6,3,3
Ioki,spirestone,288,shaman,elemental,6,3,3
Thelphor,nemesis,288,shaman,elemental,6,3,3
Vozi,magtheridon,288,shaman,elemental,6,3,3
Xhamankng,quelthalas,288,shaman,elemental,6,3,3
Sylierria,frostmourne,288,shaman,elemental,6,3,3
Aerôv,area-52,288,shaman,elemental,6,3,3
Tethai,moon-guard,288,shaman,elemental,6,3,3
Curtrex,amanthul,288,shaman,elemental,6,3,3
Healingtime,nerzhul,288,shaman,elemental,6,3,3
Gankasaurrex,tichondrius,288,shaman,elemental,6,3,3
Feagin,dragonmaw,288,shaman,elemental,6,3,3
Shajay,area-52,288,shaman,elemental,6,3,3
Häzel,nerzhul,288,shaman,elemental,6,3,3
Grwarf,korgath,288,shaman,elemental,6,3,3
Fobb,area-52,288,shaman,elemental,6,3,3
Vibration,akama,288,shaman,elemental,6,3,3
Passion,sargeras,288,shaman,elemental,6,3,3
Rampàge,ragnaros,288,shaman,elemental,6,3,3
Doop,kiljaeden,288,shaman,elemental,6,3,3
Headshake,malganis,288,shaman,elemental,6,3,3
Wordssham,tichondrius,288,shaman,elemental,6,3,3
Jamsham,tichondrius,288,shaman,elemental,6,3,3
Meatcannon,emerald-dream,288,shaman,elemental,6,3,3
Daiablo,barthilas,288,shaman,elemental,6,3,3
Bizle,jaedenar,288,shaman,elemental,6,3,3
Dì,barthilas,288,shaman,elemental,6,3,3
Éarl,sargeras,288,shaman,elemental,6,3,3
Neesta,ragnaros,288,shaman,elemental,6,3,3
Shadeele,cenarius,288,shaman,elemental,6,3,3
Axshaman,darkspear,288,shaman,elemental,6,3,3
Groink,kiljaeden,288,shaman,elemental,6,3,3
Xyaz,illidan,288,shaman,elemental,6,3,3
Shimta,kiljaeden,288,shaman,elemental,6,3,3
Bigdumb,blackrock,288,shaman,elemental,6,3,3
Êdge,quelthalas,288,shaman,elemental,6,3,3
Ragor,quelthalas,288,shaman,elemental,6,3,3
Kurzee,kelthuzad,288,shaman,elemental,6,3,3
Earthfurÿ,quelthalas,288,shaman,elemental,6,3,3
Chakkusando,barthilas,288,shaman,elemental,6,3,3
Floon,barthilas,288,shaman,elemental,6,3,3
Barabe,moon-guard,288,shaman,elemental,6,3,3
Hedeadx,illidan,288,shaman,elemental,6,3,3
Bolteon,malganis,288,shaman,elemental,6,3,3
Dikedwarf,burning-blade,288,shaman,elemental,6,3,3
Largerwang,sargeras,288,shaman,elemental,6,3,3
Zemleroynoyy,magtheridon,288,shaman,elemental,6,3,3
Shamtactic,thrall,288,shaman,elemental,6,3,3
Arckos,thrall,288,shaman,elemental,6,3,3
Roostershama,tichondrius,288,shaman,elemental,6,3,3
Wabiex,illidan,288,shaman,elemental,6,3,3
Raiden,gorgonnash,288,shaman,elemental,6,3,3
Bens,malganis,288,shaman,elemental,6,3,3
Exsh,area-52,288,shaman,elemental,6,3,3
Jurafxdqt,malganis,288,shaman,elemental,6,3,3
Gödöfbüdå,tichondrius,288,shaman,elemental,6,3,3
Talfur,area-52,288,shaman,elemental,6,3,3
Elereeper,area-52,288,shaman,elemental,6,3,3
Hamrok,moon-guard,288,shaman,elemental,6,3,3
Rocksbury,malganis,288,shaman,elemental,6,3,3
Fattizer,sargeras,288,shaman,elemental,6,3,3
Oxforcefairy,tichondrius,288,shaman,elemental,6,3,3
Thrallfanboy,zuljin,288,shaman,elemental,6,3,3
Rezkén,shadowmoon,288,shaman,elemental,6,3,3
Shamanlordi,wyrmrest-accord,288,shaman,elemental,6,3,3
Improvize,malganis,288,shaman,elemental,6,3,3
Fluffyhex,sargeras,288,shaman,elemental,6,3,3
Tahz,wyrmrest-accord,288,shaman,elemental,6,3,3
Crue,illidan,288,shaman,elemental,6,3,3
Garalath,bleeding-hollow,288,shaman,elemental,6,3,3
Applicable,tichondrius,288,shaman,elemental,6,3,3
Mønønøke,tichondrius,288,shaman,elemental,6,3,3
Shàman,durotan,288,shaman,elemental,6,3,3
Angelbie,tichondrius,288,shaman,elemental,9,4,5
Grimnur,bleeding-hollow,288,shaman,elemental,11,3,8
Frakk,silvermoon,288,shaman,elemental,12,3,9
Jessafer,undermine,288,shaman,elemental,12,3,9
Villainousx,illidan,288,shaman,elemental,12,3,9
Healsquish,area-52,288,shaman,elemental,12,3,9
Taquitho,quelthalas,288,shaman,elemental,12,3,9
Selexi,skywall,288,shaman,elemental,12,3,9
Pandadude,stormrage,288,shaman,elemental,12,3,9
Internnet,sargeras,288,shaman,elemental,12,3,9
Stormklepter,fizzcrank,288,shaman,elemental,12,3,9
Sumyl,ragnaros,288,shaman,elemental,12,3,9
Greypickle,barthilas,288,shaman,elemental,12,3,9
Bloodytotemz,emerald-dream,288,shaman,elemental,12,3,9
Honix,area-52,288,shaman,elemental,12,3,9
Bitflip,jubeithos,288,shaman,elemental,12,3,9
Winiethepoöh,stormrage,288,shaman,elemental,12,3,9
Coercè,tichondrius,288,shaman,elemental,12,3,9
Wûbbie,emerald-dream,288,shaman,elemental,12,3,9
Olex,zuluhed,288,shaman,elemental,12,3,9
Malgrave,ragnaros,288,shaman,elemental,12,3,9
Juicemcroose,zuljin,288,shaman,elemental,12,3,9
Emptee,area-52,288,shaman,elemental,12,3,9
Zarîks,kelthuzad,288,shaman,elemental,12,3,9
Tawahka,hyjal,288,shaman,elemental,12,3,9
Lhejyr,garona,288,shaman,elemental,12,3,9
Onicharm,frostmourne,288,shaman,elemental,12,3,9
Rìddles,malygos,288,shaman,elemental,18,3,15
Kimchimi,tichondrius,287,shaman,elemental,6,3,3
Arakye,stormrage,287,shaman,elemental,6,3,3
Strikzjr,frostmourne,287,shaman,elemental,6,3,3
Uggbootz,amanthul,287,shaman,elemental,6,3,3
Balrog,vashj,287,shaman,elemental,12,3,9
Slåpntickle,darkspear,287,shaman,elemental,12,3,9
Trabolta,hyjal,287,shaman,elemental,12,3,9
Awakarn,emerald-dream,287,shaman,elemental,24,4,20
Cropdustr,sargeras,286,shaman,elemental,6,3,3
Hannibol,tichondrius,255,shaman,elemental,11,3,8
Lulers,cenarius,255,shaman,elemental,11,3,8
Oxxnabatko,amanthul,240,shaman,elemental,9,3,6
Gurdle,frostwolf,240,shaman,elemental,9,3,6
Rîggs,wyrmrest-accord,239,shaman,elemental,5,3,2
Spunjie,frostmourne,239,shaman,elemental,5,3,2
Nikeshocks,detheroc,239,shaman,elemental,5,3,2
Liamus,amanthul,239,shaman,elemental,5,3,2
Ppepe,boulderfist,239,shaman,elemental,5,3,2
Pepsy,frostmourne,192,shaman,elemental,9,3,6
Heniu,tichondrius,192,shaman,elemental,6,2,4
Blastj,tichondrius,192,shaman,elemental,6,2,4
Shamsky,tichondrius,192,shaman,elemental,6,2,4
Killtotem,illidan,192,shaman,elemental,6,2,4
Drünk,hyjal,192,shaman,elemental,6,2,4
Stormysteve,hyjal,192,shaman,elemental,6,2,4
Rinjio,zuljin,192,shaman,elemental,6,2,4
Zugharder,illidan,192,shaman,elemental,6,2,4
Ric,malganis,192,shaman,elemental,6,2,4
Zeusblaster,illidan,192,shaman,elemental,6,2,4
Kayzee,malganis,192,shaman,elemental,6,2,4
Nevershockx,kirin-tor,192,shaman,elemental,6,2,4
Funeropolis,stormrage,192,shaman,elemental,6,2,4
Stickshaman,sargeras,192,shaman,elemental,6,2,4
Nosai,tichondrius,192,shaman,elemental,6,2,4
Chadious,illidan,192,shaman,elemental,6,2,4
Yucasinmojo,illidan,192,shaman,elemental,6,2,4
Jbahr,hyjal,192,shaman,elemental,6,2,4
Ahwahsahdood,stormreaver,192,shaman,elemental,6,2,4
Yagers,illidan,192,shaman,elemental,6,2,4
Hardheal,drakkari,192,shaman,elemental,6,2,4
Imortallityx,azralon,192,shaman,elemental,6,2,4
Rokhnar,zuljin,192,shaman,elemental,6,2,4
Noether,sargeras,192,shaman,elemental,6,2,4
Shåmwowz,sargeras,192,shaman,elemental,6,2,4
Deathmaker,tichondrius,192,shaman,elemental,6,2,4
Niian,skullcrusher,192,shaman,elemental,6,2,4
Zaxibow,area-52,192,shaman,elemental,6,2,4
Redbulls,azralon,192,shaman,elemental,6,2,4
Alleys,tichondrius,192,shaman,elemental,6,2,4
Doomberrie,thrall,192,shaman,elemental,6,2,4
Yellowfev,thrall,192,shaman,elemental,6,2,4
Vööbrew,illidan,192,shaman,elemental,6,2,4
Burninmôöna,tichondrius,192,shaman,elemental,6,2,4
Oppaswag,tichondrius,192,shaman,elemental,6,2,4
Stoneforged,area-52,192,shaman,elemental,6,2,4
Drvoodoö,tichondrius,192,shaman,elemental,6,2,4
Shamantimes,ragnaros,192,shaman,elemental,6,2,4
Oriyani,sargeras,192,shaman,elemental,6,2,4
Yangsangchu,tichondrius,192,shaman,elemental,6,2,4
Goblarnit,gorefiend,192,shaman,elemental,6,2,4
Blaiserpub,tichondrius,192,shaman,elemental,6,2,4
Åint,bleeding-hollow,192,shaman,elemental,6,2,4
Saltywap,proudmoore,192,shaman,elemental,6,2,4
Dantheman,twisting-nether,192,shaman,elemental,6,2,4
Endry,korgath,192,shaman,elemental,6,2,4
Yorven,malganis,192,shaman,elemental,6,2,4
Britisy,stormrage,192,shaman,elemental,6,2,4
Naextramus,ragnaros,192,shaman,elemental,6,2,4
Hughwang,kelthuzad,192,shaman,elemental,6,2,4
Robdaman,tichondrius,192,shaman,elemental,6,2,4
Artnatu,nemesis,192,shaman,elemental,6,2,4
Flappygooch,illidan,192,shaman,elemental,6,2,4
Praisegodx,stormrage,192,shaman,elemental,6,2,4
Colberton,dalaran,192,shaman,elemental,6,2,4
Piffzorz,tichondrius,192,shaman,elemental,6,2,4
Lenxd,dalaran,192,shaman,elemental,6,2,4
Quakestorm,stormrage,192,shaman,elemental,6,2,4
Thormzz,tichondrius,192,shaman,elemental,6,2,4
Shablam,daggerspine,192,shaman,elemental,6,2,4
Ladash,ragnaros,192,shaman,elemental,6,2,4
Elîas,tichondrius,192,shaman,elemental,6,2,4
Ínfected,azralon,192,shaman,elemental,6,2,4
Grandmaster,frostmourne,192,shaman,elemental,6,2,4
Shockbot,stormscale,192,shaman,elemental,6,2,4
Fromundcheez,kelthuzad,192,shaman,elemental,6,2,4
Kanbar,emerald-dream,192,shaman,elemental,6,2,4
Trizzeh,moon-guard,192,shaman,elemental,6,2,4
Plasticity,spirestone,192,shaman,elemental,6,2,4
Whitecake,frostmourne,192,shaman,elemental,6,2,4
Gorillox,chogall,192,shaman,elemental,6,2,4
Taekhala,moon-guard,192,shaman,elemental,6,2,4
Hooftoface,moon-guard,192,shaman,elemental,6,2,4
Snoocher,kelthuzad,192,shaman,elemental,6,2,4
Maiven,frostmourne,192,shaman,elemental,6,2,4
Shockt,wyrmrest-accord,192,shaman,elemental,6,2,4
Tartar,lightbringer,192,shaman,elemental,6,2,4
Hruggol,bleeding-hollow,192,shaman,elemental,6,2,4
Zeldrys,emerald-dream,192,shaman,elemental,6,2,4
Eekumbokum,bleeding-hollow,192,shaman,elemental,6,2,4
Sid,frostmourne,192,shaman,elemental,6,2,4
Puntress,barthilas,192,shaman,elemental,6,2,4
Matzahmeal,skywall,192,shaman,elemental,6,2,4
Wrestleman,drakthul,192,shaman,elemental,6,2,4
Krilick,blackrock,192,shaman,elemental,6,2,4
Shaoscara,stormrage,192,shaman,elemental,10,3,7
Zuroster,kiljaeden,192,shaman,elemental,7,2,5
Mega,azralon,192,shaman,elemental,12,2,10
Miane,tichondrius,192,shaman,elemental,12,2,10
Fulingyu,moon-guard,192,shaman,elemental,12,2,10
Golemagg,frostmourne,192,shaman,elemental,12,2,10
Jedley,azshara,192,shaman,elemental,12,2,10
Electrïck,tichondrius,192,shaman,elemental,12,2,10
Gaboola,tichondrius,192,shaman,elemental,12,2,10
Harrìson,tichondrius,192,shaman,elemental,12,2,10
Fluffy,smolderthorn,192,shaman,elemental,12,2,10
Jazzblast,tichondrius,192,shaman,elemental,12,2,10
Azl,guldan,192,shaman,elemental,13,2,11
Cyrah,azjolnerub,192,shaman,elemental,18,2,16
Telryndas,hyjal,192,shaman,elemental,18,2,16
Anzul,runetotem,192,shaman,elemental,18,2,16
Hakaskry,caelestrasz,191,shaman,elemental,12,2,10
Ramonsanchez,ragnaros,160,shaman,elemental,16,2,14
Hazzardttvz,illidan,159,shaman,elemental,5,2,3
Hexpresso,sargeras,159,shaman,elemental,5,2,3
Taò,tichondrius,159,shaman,elemental,5,2,3
Kkshaman,frostmourne,159,shaman,elemental,5,2,3
Mentàl,baelgun,159,shaman,elemental,5,2,3
Kidkovid,illidan,159,shaman,elemental,17,2,15
Noslol,bronzebeard,138,shaman,elemental,9,3,6
Uracemytotem,kiljaeden,138,shaman,elemental,10,3,7
Døcholliday,zuluhed,138,shaman,elemental,18,3,15
Mynigabob,zuljin,128,shaman,elemental,4,2,2
Rahloo,sargeras,127,shaman,elemental,8,2,6
Gan,silvermoon,96,shaman,elemental,6,1,5
Bluntboy,zuljin,96,shaman,elemental,6,1,5
Ognerkish,black-dragonflight,96,shaman,elemental,6,1,5
Cathxy,kelthuzad,96,shaman,elemental,6,1,5
Macdiesel,tichondrius,96,shaman,elemental,6,1,5
Aegaeonlol,tichondrius,96,shaman,elemental,6,1,5
Obiwonsamdi,illidan,96,shaman,elemental,6,1,5
Youngmulakek,area-52,96,shaman,elemental,6,1,5
Thunderforge,azralon,96,shaman,elemental,6,1,5
Detair,malganis,96,shaman,elemental,6,1,5
ßlessedx,tichondrius,96,shaman,elemental,6,1,5
Succies,emerald-dream,96,shaman,elemental,6,1,5
Hexondabeach,barthilas,96,shaman,elemental,6,1,5
Orruddon,thaurissan,96,shaman,elemental,6,1,5
Thunderbudx,stonemaul,96,shaman,elemental,6,1,5
Khoden,emerald-dream,96,shaman,elemental,6,1,5
Zral,emerald-dream,96,shaman,elemental,6,1,5
Bullcowsby,darkspear,96,shaman,elemental,6,1,5
Drmn,frostmourne,96,shaman,elemental,6,1,5
Crigga,dalaran,96,shaman,elemental,6,1,5
Sinsar,illidan,96,shaman,elemental,6,1,5
Hatemønger,medivh,96,shaman,elemental,6,1,5
Snowzy,icecrown,96,shaman,elemental,6,1,5
Teathin,ragnaros,96,shaman,elemental,6,1,5
Oldshammy,eldrethalas,96,shaman,elemental,6,1,5
Dwarfdead,nemesis,96,shaman,elemental,6,1,5
Mcshockturds,tichondrius,96,shaman,elemental,6,1,5
Mugiwára,ragnaros,96,shaman,elemental,6,1,5
Girafasuarx,korgath,96,shaman,elemental,6,1,5
Winebag,tichondrius,96,shaman,elemental,6,1,5
Seanie,bleeding-hollow,96,shaman,elemental,6,1,5
Firtog,emerald-dream,96,shaman,elemental,6,1,5
Tatius,stormreaver,96,shaman,elemental,6,1,5
Mdawwg,kelthuzad,96,shaman,elemental,6,1,5
Ggsggs,akama,96,shaman,elemental,6,1,5
Macdab,malganis,96,shaman,elemental,6,1,5
Ravaburst,sargeras,96,shaman,elemental,6,1,5
Toxidizetkö,azralon,96,shaman,elemental,6,1,5
Staticshok,moon-guard,96,shaman,elemental,6,1,5
Ludacrìtz,stormrage,96,shaman,elemental,6,1,5
Oakshield,darkspear,96,shaman,elemental,6,1,5
Zhakrö,ragnaros,96,shaman,elemental,6,1,5
Zorgen,anvilmar,96,shaman,elemental,6,1,5
Buckshott,chogall,96,shaman,elemental,6,1,5
Kobecoopper,sargeras,96,shaman,elemental,6,1,5
Miptide,saurfang,96,shaman,elemental,6,1,5
Bouje,frostmourne,96,shaman,elemental,6,1,5
Firevag,hakkar,96,shaman,elemental,6,1,5
Thorni,nagrand,96,shaman,elemental,6,1,5
Gontwia,black-dragonflight,96,shaman,elemental,6,1,5
Staticshock,darkspear,96,shaman,elemental,12,1,11
Docadams,chogall,79,shaman,elemental,5,1,4
Camltotem,tichondrius,79,shaman,elemental,5,1,4
Aiyinsitan,illidan,79,shaman,elemental,5,1,4
Eleshamanz,tichondrius,79,shaman,elemental,5,1,4
Necrolords,tichondrius,79,shaman,elemental,5,1,4
Mcstop,tanaris,64,shaman,elemental,4,1,3
Zingyshamz,tichondrius,48,shaman,elemental,3,1,2
Hentaistorm,kiljaeden,48,shaman,elemental,3,1,2
Keyarga,ravencrest,42,shaman,elemental,11,2,9
Hothouse,malganis,31,shaman,elemental,2,1,1
Elementium,azshara,16,shaman,elemental,1,1,0
Jumoma,thrall,16,shaman,elemental,1,1,0
Djskinflute,bleeding-hollow,16,shaman,elemental,1,1,0
Aýanokoji,tichondrius,2297,shaman,enhancement,197,107,90
Vanhalestorm,frostmourne,2264,shaman,enhancement,106,58,48
Rauthgar,dalaran,2246,shaman,enhancement,126,73,53
Mítsurí,tichondrius,2244,shaman,enhancement,210,109,101
Hizúrú,tichondrius,2234,shaman,enhancement,138,76,62
Saul,tichondrius,2218,shaman,enhancement,66,42,24
Zarktwo,azralon,2205,shaman,enhancement,153,83,70
Smxxn,tichondrius,2200,shaman,enhancement,149,77,72
Swolé,emerald-dream,2182,shaman,enhancement,460,234,226
Futeuncle,tichondrius,2175,shaman,enhancement,108,56,52
Alleys,tichondrius,2168,shaman,enhancement,237,120,117
Musclebrains,tichondrius,2157,shaman,enhancement,108,57,51
Axegerd,quelthalas,2147,shaman,enhancement,242,132,110
Bøulderfist,tichondrius,2142,shaman,enhancement,120,76,44
Opoy,sargeras,2142,shaman,enhancement,201,112,89
Musclebrain,tichondrius,2139,shaman,enhancement,204,104,100
Crowns,tichondrius,2136,shaman,enhancement,114,59,55
Nopnopajnin,tichondrius,2135,shaman,enhancement,112,57,55
Skydre,area-52,2131,shaman,enhancement,89,54,35
Tastydonut,blackrock,2129,shaman,enhancement,147,89,58
Windfury,chogall,2129,shaman,enhancement,150,84,66
Musclebrainz,tichondrius,2127,shaman,enhancement,110,55,55
Peynful,shadowsong,2120,shaman,enhancement,93,59,34
Jazzlightnin,tichondrius,2119,shaman,enhancement,88,50,38
Ftyue,area-52,2116,shaman,enhancement,112,59,53
Rawdòggin,emerald-dream,2113,shaman,enhancement,71,45,26
Shapaman,tichondrius,2110,shaman,enhancement,77,53,24
Bjorengahr,emerald-dream,2110,shaman,enhancement,83,53,30
Doomwìnds,stormrage,2108,shaman,enhancement,168,93,75
Shamsz,frostmourne,2106,shaman,enhancement,72,48,24
Zeroq,tichondrius,2100,shaman,enhancement,120,72,48
Lashandtrash,tichondrius,2094,shaman,enhancement,78,46,32
Stew,illidan,2093,shaman,enhancement,131,68,63
Wetdraenei,moon-guard,2080,shaman,enhancement,283,157,126
Baseballcap,sargeras,2070,shaman,enhancement,96,58,38
Futeboy,tichondrius,2066,shaman,enhancement,75,39,36
Thiccsha,moon-guard,2061,shaman,enhancement,90,48,42
Shakeys,tichondrius,2060,shaman,enhancement,77,49,28
Jyupaonaiwa,tichondrius,2060,shaman,enhancement,114,60,54
Tokyofresh,malganis,2053,shaman,enhancement,348,193,155
Algresh,muradin,2048,shaman,enhancement,72,37,35
Realypump,area-52,2046,shaman,enhancement,215,111,104
Kushnations,chogall,2039,shaman,enhancement,72,39,33
Xiaoxiboy,tichondrius,2026,shaman,enhancement,66,41,25
Lustingchery,area-52,2018,shaman,enhancement,129,66,63
Shylabuffkin,area-52,2015,shaman,enhancement,307,166,141
Swrdfsh,tichondrius,2013,shaman,enhancement,348,181,167
Windshearbøt,tichondrius,2006,shaman,enhancement,77,47,30
Shamguards,tichondrius,2004,shaman,enhancement,42,31,11
Stronghit,tichondrius,2004,shaman,enhancement,60,32,28
Typhe,bleeding-hollow,2001,shaman,enhancement,48,30,18
Enhancex,frostwolf,2001,shaman,enhancement,68,36,32
Interruptbøt,tichondrius,2000,shaman,enhancement,56,35,21
Stormnala,zuljin,1999,shaman,enhancement,216,114,102
Oosheratchet,illidan,1992,shaman,enhancement,70,47,23
Enhance,bleeding-hollow,1992,shaman,enhancement,83,45,38
Crownsx,tichondrius,1980,shaman,enhancement,97,44,53
Dopeysimida,illidan,1976,shaman,enhancement,92,57,35
Bestshamus,sargeras,1971,shaman,enhancement,113,66,47
Pizzashaman,illidan,1970,shaman,enhancement,109,64,45
Shakeysham,tichondrius,1968,shaman,enhancement,72,42,30
Partypurge,malganis,1966,shaman,enhancement,113,71,42
Gatorwaves,bleeding-hollow,1965,shaman,enhancement,54,32,22
Shk,illidan,1964,shaman,enhancement,66,38,28
Zootywild,tichondrius,1963,shaman,enhancement,123,69,54
Olxsixsm,illidan,1962,shaman,enhancement,116,72,44
Grum,zuljin,1961,shaman,enhancement,48,27,21
Sanyaebalom,area-52,1960,shaman,enhancement,72,47,25
Spippippin,illidan,1959,shaman,enhancement,98,50,48
Watergirl,thaurissan,1957,shaman,enhancement,277,141,136
Zarasvati,tichondrius,1957,shaman,enhancement,179,91,88
Proctopus,moon-guard,1956,shaman,enhancement,274,143,131
Hooluu,frostmourne,1955,shaman,enhancement,92,49,43
Imchuckbass,tichondrius,1954,shaman,enhancement,122,64,58
Artenior,stormrage,1954,shaman,enhancement,159,83,76
Hallofcost,illidan,1950,shaman,enhancement,156,93,63
Balgron,emerald-dream,1949,shaman,enhancement,52,26,26
Ohmálley,tichondrius,1944,shaman,enhancement,62,40,22
Lividelement,area-52,1937,shaman,enhancement,60,38,22
Ogeezkush,zuljin,1935,shaman,enhancement,160,93,67
Clasm,tichondrius,1933,shaman,enhancement,72,47,25
Kaediea,moon-guard,1932,shaman,enhancement,36,27,9
Meataballa,the-underbog,1930,shaman,enhancement,90,55,35
Keyturns,tichondrius,1928,shaman,enhancement,53,34,19
Revtide,thrall,1928,shaman,enhancement,78,43,35
Rozboiclique,frostmourne,1925,shaman,enhancement,162,104,58
Jàro,thrall,1925,shaman,enhancement,78,36,42
Xiaoxiaoxi,tichondrius,1924,shaman,enhancement,60,34,26
Undertów,area-52,1922,shaman,enhancement,72,40,32
Fwwrs,illidan,1919,shaman,enhancement,79,51,28
Wonima,tichondrius,1919,shaman,enhancement,41,24,17
Ràntòn,bleeding-hollow,1917,shaman,enhancement,71,51,20
Greenydapooh,nerzhul,1916,shaman,enhancement,72,45,27
Plsnerfret,stormrage,1913,shaman,enhancement,60,39,21
Lavitris,illidan,1912,shaman,enhancement,48,34,14
Ballinhance,illidan,1908,shaman,enhancement,60,31,29
Napski,cenarius,1907,shaman,enhancement,245,123,122
Scaman,tichondrius,1904,shaman,enhancement,24,20,4
Chillpoppin,emerald-dream,1904,shaman,enhancement,42,31,11
Legendslayar,area-52,1904,shaman,enhancement,60,37,23
Stormrageman,tichondrius,1904,shaman,enhancement,87,53,34
Taowth,tichondrius,1903,shaman,enhancement,41,22,19
Keyturn,tichondrius,1899,shaman,enhancement,78,36,42
Rukagar,barthilas,1896,shaman,enhancement,116,64,52
Kltz,sargeras,1892,shaman,enhancement,77,44,33
Dalianyen,bladefist,1892,shaman,enhancement,170,85,85
Zizö,barthilas,1888,shaman,enhancement,84,58,26
Struck,emerald-dream,1887,shaman,enhancement,256,153,103
Shamangpt,illidan,1885,shaman,enhancement,36,29,7
Gìmli,tichondrius,1882,shaman,enhancement,65,37,28
Bigsquatzy,bleeding-hollow,1880,shaman,enhancement,54,30,24
Konfuzious,emerald-dream,1879,shaman,enhancement,177,100,77
Harrypotqueu,zuljin,1879,shaman,enhancement,108,58,50
Earlainn,stormrage,1878,shaman,enhancement,126,68,58
Speedrush,nagrand,1877,shaman,enhancement,176,105,71
Sasageyo,tichondrius,1877,shaman,enhancement,49,29,20
Daysub,crushridge,1877,shaman,enhancement,84,46,38
Cowaii,illidan,1874,shaman,enhancement,72,39,33
Youngmulakek,area-52,1870,shaman,enhancement,125,83,42
Jayhastotems,area-52,1865,shaman,enhancement,114,77,37
Zarrka,tichondrius,1864,shaman,enhancement,36,20,16
Temar,sargeras,1861,shaman,enhancement,113,68,45
Ëxceeder,ragnaros,1861,shaman,enhancement,144,81,63
Lavamon,illidan,1860,shaman,enhancement,84,49,35
Deandre,illidan,1860,shaman,enhancement,66,37,29
Electrica,quelthalas,1858,shaman,enhancement,60,30,30
Shamikazi,crushridge,1857,shaman,enhancement,194,115,79
Taikø,area-52,1856,shaman,enhancement,42,25,17
Pinechanga,ragnaros,1853,shaman,enhancement,96,52,44
Freyía,illidan,1852,shaman,enhancement,36,26,10
Mcshockturds,tichondrius,1849,shaman,enhancement,143,82,61
Gïrthquake,tichondrius,1849,shaman,enhancement,84,45,39
Superchief,altar-of-storms,1849,shaman,enhancement,145,76,69
Muisor,quelthalas,1848,shaman,enhancement,84,48,36
Kamusham,azralon,1848,shaman,enhancement,128,72,56
Heavy,ragnaros,1848,shaman,enhancement,83,40,43
Yejinok,tichondrius,1846,shaman,enhancement,59,37,22
Zeûs,lightbringer,1846,shaman,enhancement,72,41,31
Anzet,ragnaros,1846,shaman,enhancement,54,30,24
Clumzae,dalaran,1845,shaman,enhancement,72,46,26
Heisna,stormrage,1844,shaman,enhancement,372,197,175
Xoxoxø,area-52,1843,shaman,enhancement,36,22,14
Landlordxx,area-52,1842,shaman,enhancement,58,35,23
Koalakisses,shadow-council,1842,shaman,enhancement,54,32,22
Electricity,tichondrius,1841,shaman,enhancement,132,64,68
Ishano,area-52,1839,shaman,enhancement,48,23,25
Bodai,magtheridon,1838,shaman,enhancement,54,36,18
Calliggolv,illidan,1838,shaman,enhancement,65,36,29
Dcg,hyjal,1838,shaman,enhancement,65,33,32
Vulcänyr,quelthalas,1837,shaman,enhancement,60,34,26
Eletastic,tichondrius,1836,shaman,enhancement,78,43,35
Thuntard,bleeding-hollow,1835,shaman,enhancement,66,33,33
Dä,tichondrius,1834,shaman,enhancement,48,26,22
Blueraccoon,tichondrius,1830,shaman,enhancement,63,38,25
Plebshammy,bleeding-hollow,1828,shaman,enhancement,48,29,19
Eityhdz,tichondrius,1827,shaman,enhancement,425,216,209
Grommi,proudmoore,1827,shaman,enhancement,563,277,286
Fujinx,medivh,1826,shaman,enhancement,45,30,15
Nomoreswap,zuljin,1825,shaman,enhancement,54,38,16
Kumu,stormscale,1825,shaman,enhancement,70,34,36
Shamanabuser,illidan,1825,shaman,enhancement,60,27,33
Loabud,tichondrius,1824,shaman,enhancement,73,43,30
Kinzle,tichondrius,1824,shaman,enhancement,66,29,37
Flabby,lightbringer,1823,shaman,enhancement,54,26,28
Thicctotes,tichondrius,1822,shaman,enhancement,78,47,31
Jokerxksx,tichondrius,1822,shaman,enhancement,72,43,29
Midwestern,emerald-dream,1822,shaman,enhancement,44,26,18
Metako,sargeras,1822,shaman,enhancement,83,47,36
Berxek,tichondrius,1822,shaman,enhancement,72,36,36
Gladdorta,azralon,1821,shaman,enhancement,54,30,24
Darkcnight,stormrage,1820,shaman,enhancement,99,57,42
Sheared,emerald-dream,1819,shaman,enhancement,146,84,62
Whírlwínd,area-52,1818,shaman,enhancement,30,19,11
Valkriie,tichondrius,1818,shaman,enhancement,49,26,23
Judgesfotm,bleeding-hollow,1818,shaman,enhancement,135,70,65
Léxar,sargeras,1817,shaman,enhancement,72,33,39
Tuugo,mannoroth,1816,shaman,enhancement,53,36,17
Krûde,tichondrius,1816,shaman,enhancement,155,95,60
Thromjin,ragnaros,1816,shaman,enhancement,95,57,38
Movemaker,shattered-hand,1815,shaman,enhancement,30,21,9
Cunkinator,stormrage,1815,shaman,enhancement,115,74,41
Riptiedx,barthilas,1815,shaman,enhancement,48,29,19
Nonomori,frostmourne,1815,shaman,enhancement,106,60,46
Sevare,area-52,1815,shaman,enhancement,63,34,29
Sarthuul,emerald-dream,1814,shaman,enhancement,48,30,18
Cammeez,area-52,1814,shaman,enhancement,139,72,67
Boombigshaq,ysera,1813,shaman,enhancement,38,25,13
Bluntboy,zuljin,1813,shaman,enhancement,97,57,40
Xakaeri,hyjal,1813,shaman,enhancement,90,50,40
Àspec,aegwynn,1811,shaman,enhancement,28,21,7
Faultline,khadgar,1811,shaman,enhancement,73,47,26
Gorgonash,magtheridon,1811,shaman,enhancement,54,31,23
Drakhe,proudmoore,1811,shaman,enhancement,232,128,104
Failsy,darkspear,1811,shaman,enhancement,42,22,20
Nygiants,tichondrius,1810,shaman,enhancement,24,19,5
Xibalba,khaz-modan,1810,shaman,enhancement,96,57,39
Iamashaman,malganis,1810,shaman,enhancement,302,154,148
Adalid,thrall,1808,shaman,enhancement,66,46,20
Dano,tichondrius,1806,shaman,enhancement,136,68,68
Boboyaga,emerald-dream,1805,shaman,enhancement,54,29,25
Sassyx,steamwheedle-cartel,1805,shaman,enhancement,60,32,28
Niuniudada,illidan,1805,shaman,enhancement,84,39,45
Stonetides,tichondrius,1804,shaman,enhancement,36,26,10
Nibrax,moknathal,1804,shaman,enhancement,78,41,37
Seltherann,tichondrius,1801,shaman,enhancement,54,37,17
Blakki,barthilas,1801,shaman,enhancement,66,40,26
Mindfields,barthilas,1801,shaman,enhancement,181,105,76
Dønkx,tichondrius,1801,shaman,enhancement,71,39,32
Riptideafk,sargeras,1800,shaman,enhancement,75,46,29
Thrallas,frostmourne,1800,shaman,enhancement,60,34,26
Shmnsm,kiljaeden,1800,shaman,enhancement,96,52,44
Wishsteen,sargeras,1800,shaman,enhancement,54,29,25
Norlak,antonidas,1794,shaman,enhancement,90,44,46
Care,silvermoon,1793,shaman,enhancement,50,31,19
Forksin,tichondrius,1793,shaman,enhancement,81,34,47
Dorta,azralon,1792,shaman,enhancement,54,30,24
Doomberrie,thrall,1790,shaman,enhancement,176,94,82
Addroi,tichondrius,1789,shaman,enhancement,72,32,40
Pingatronx,ragnaros,1786,shaman,enhancement,90,64,26
Antek,quelthalas,1786,shaman,enhancement,177,101,76
Wautyriex,area-52,1786,shaman,enhancement,72,35,37
Zanderpla,kelthuzad,1785,shaman,enhancement,114,60,54
Louiev,bleeding-hollow,1784,shaman,enhancement,60,33,27
Somebozo,darkspear,1784,shaman,enhancement,240,130,110
Timzero,tichondrius,1784,shaman,enhancement,217,107,110
Btruez,tichondrius,1783,shaman,enhancement,69,36,33
Bikboisteez,barthilas,1783,shaman,enhancement,122,61,61
Vonvulviln,emerald-dream,1780,shaman,enhancement,142,71,71
Hellamental,malganis,1778,shaman,enhancement,84,48,36
Díesel,azralon,1777,shaman,enhancement,59,32,27
Seltheran,tichondrius,1775,shaman,enhancement,60,41,19
Madonion,zuljin,1775,shaman,enhancement,78,39,39
Turbowolf,sargeras,1774,shaman,enhancement,110,48,62
Krovn,stormrage,1772,shaman,enhancement,60,33,27
Shamwik,frostmourne,1771,shaman,enhancement,137,80,57
Mobi,tichondrius,1769,shaman,enhancement,54,31,23
Novedz,illidan,1767,shaman,enhancement,62,32,30
Scrototëm,azralon,1766,shaman,enhancement,204,113,91
Volkuul,zuljin,1758,shaman,enhancement,89,52,37
Worthquake,illidan,1758,shaman,enhancement,84,48,36
Stewtwo,illidan,1758,shaman,enhancement,45,25,20
Biubiuz,tichondrius,1757,shaman,enhancement,102,63,39
Olani,nesingwary,1757,shaman,enhancement,85,46,39
Kiddfurious,kelthuzad,1757,shaman,enhancement,162,78,84
Reflexsivx,malganis,1755,shaman,enhancement,78,45,33
Asumo,azralon,1755,shaman,enhancement,171,93,78
Tdlz,tichondrius,1752,shaman,enhancement,110,67,43
Synivabyatch,eonar,1752,shaman,enhancement,96,55,41
Convolutedx,tichondrius,1750,shaman,enhancement,54,31,23
Vjeze,frostmourne,1750,shaman,enhancement,50,28,22
Çhïcagø,aegwynn,1750,shaman,enhancement,93,45,48
Zappithorus,stormrage,1748,shaman,enhancement,54,35,19
Meiku,emerald-dream,1748,shaman,enhancement,42,27,15
Xaltas,moon-guard,1747,shaman,enhancement,108,65,43
Shocksrus,arthas,1747,shaman,enhancement,82,46,36
Kalvishdam,dalaran,1746,shaman,enhancement,36,25,11
Teestuh,proudmoore,1745,shaman,enhancement,30,21,9
Overpowered,korgath,1745,shaman,enhancement,40,21,19
Anadal,kargath,1743,shaman,enhancement,66,30,36
Yakora,stormrage,1741,shaman,enhancement,156,85,71
Sin,bleeding-hollow,1740,shaman,enhancement,35,19,16
Elementalqti,frostmourne,1737,shaman,enhancement,47,30,17
Nøtørious,thrall,1735,shaman,enhancement,24,22,2
Alablast,malganis,1735,shaman,enhancement,47,28,19
Fhenh,proudmoore,1734,shaman,enhancement,161,95,66
Hooftoface,moon-guard,1734,shaman,enhancement,96,49,47
Insîdious,thrall,1732,shaman,enhancement,23,19,4
Onlyshams,dalaran,1732,shaman,enhancement,42,25,17
Tarazhim,kelthuzad,1731,shaman,enhancement,48,30,18
Turdfergesen,destromath,1731,shaman,enhancement,100,49,51
Badshock,tichondrius,1730,shaman,enhancement,24,22,2
Stonetrog,blackrock,1730,shaman,enhancement,30,22,8
Yucasinmojo,illidan,1726,shaman,enhancement,73,40,33
Ioiotete,tichondrius,1724,shaman,enhancement,66,37,29
Doex,thrall,1723,shaman,enhancement,48,26,22
Shearx,illidan,1720,shaman,enhancement,87,49,38
Mercó,bleeding-hollow,1720,shaman,enhancement,84,44,40
Flarkology,area-52,1720,shaman,enhancement,60,30,30
Garai,emerald-dream,1719,shaman,enhancement,153,76,77
Delxx,tichondrius,1718,shaman,enhancement,88,50,38
Poizele,tichondrius,1717,shaman,enhancement,294,164,130
Thunderlaw,area-52,1717,shaman,enhancement,94,46,48
Yelpreviewer,dalaran,1717,shaman,enhancement,41,20,21
Crnosham,area-52,1716,shaman,enhancement,24,19,5
Olíndo,tichondrius,1716,shaman,enhancement,54,35,19
Geeblast,area-52,1715,shaman,enhancement,91,54,37
Melifesham,tichondrius,1715,shaman,enhancement,111,62,49
Athropos,malganis,1713,shaman,enhancement,42,20,22
Cwippin,tichondrius,1712,shaman,enhancement,134,77,57
Heäven,malganis,1708,shaman,enhancement,246,135,111
Rngena,trollbane,1706,shaman,enhancement,30,18,12
Gorehouse,kiljaeden,1706,shaman,enhancement,62,36,26
Vonnsmallpp,area-52,1704,shaman,enhancement,48,25,23
Taowth,area-52,1703,shaman,enhancement,47,22,25
Elefornoobs,area-52,1701,shaman,enhancement,60,38,22
Akormu,tichondrius,1701,shaman,enhancement,94,58,36
Durozu,tichondrius,1701,shaman,enhancement,65,31,34
Bbshock,stormrage,1698,shaman,enhancement,84,50,34
Wingshaman,illidan,1698,shaman,enhancement,226,120,106
Axelsteel,illidan,1697,shaman,enhancement,48,21,27
Plzbuffme,dalaran,1696,shaman,enhancement,102,58,44
Toobeastly,deathwing,1696,shaman,enhancement,87,48,39
Bitsuey,frostmourne,1696,shaman,enhancement,84,46,38
Shamgawd,illidan,1696,shaman,enhancement,129,68,61
Tkarfuno,exodar,1694,shaman,enhancement,66,34,32
Miketideson,proudmoore,1693,shaman,enhancement,72,38,34
Blîzz,ragnaros,1692,shaman,enhancement,36,22,14
Tumble,frostmourne,1691,shaman,enhancement,198,109,89
Sinestario,illidan,1691,shaman,enhancement,202,111,91
Megalithic,moon-guard,1690,shaman,enhancement,66,44,22
Shamezee,stormreaver,1689,shaman,enhancement,47,22,25
Nyckysh,illidan,1688,shaman,enhancement,106,56,50
Elryl,sargeras,1686,shaman,enhancement,116,64,52
Neuralînk,tichondrius,1685,shaman,enhancement,39,21,18
Justkitettv,stormrage,1684,shaman,enhancement,42,28,14
Soshatsumi,tichondrius,1683,shaman,enhancement,107,58,49
Meewo,sargeras,1682,shaman,enhancement,30,18,12
Pla,tichondrius,1681,shaman,enhancement,174,97,77
Rêngoku,dalaran,1680,shaman,enhancement,42,30,12
Washedupty,illidan,1679,shaman,enhancement,76,44,32
Notblack,bleeding-hollow,1678,shaman,enhancement,48,35,13
Anasyed,emerald-dream,1678,shaman,enhancement,42,24,18
Lagroupie,ragnaros,1675,shaman,enhancement,35,23,12
Bloudabadee,emerald-dream,1675,shaman,enhancement,54,24,30
Clappadactyl,frostmourne,1674,shaman,enhancement,290,153,137
Sonofabat,spirestone,1674,shaman,enhancement,242,126,116
Tyven,tichondrius,1672,shaman,enhancement,100,54,46
Pahtaklol,tichondrius,1671,shaman,enhancement,42,21,21
Gorillahazed,tichondrius,1669,shaman,enhancement,183,93,90
Shamcowhah,frostmourne,1669,shaman,enhancement,48,24,24
Seanan,tichondrius,1665,shaman,enhancement,84,50,34
Aibheit,area-52,1664,shaman,enhancement,30,28,2
Egirlshmu,stormrage,1664,shaman,enhancement,60,36,24
Feroxture,frostmourne,1664,shaman,enhancement,99,56,43
Wortwort,tichondrius,1663,shaman,enhancement,117,63,54
Kindaretro,tichondrius,1662,shaman,enhancement,72,44,28
Shamungodc,tichondrius,1662,shaman,enhancement,62,30,32
Frëdstorm,kelthuzad,1661,shaman,enhancement,335,171,164
Violat,area-52,1656,shaman,enhancement,30,22,8
Shamanicc,stormrage,1656,shaman,enhancement,42,29,13
Brëw,tichondrius,1656,shaman,enhancement,64,44,20
Swaplord,area-52,1656,shaman,enhancement,30,18,12
Harrìson,tichondrius,1656,shaman,enhancement,41,21,20
Lohnash,area-52,1655,shaman,enhancement,60,41,19
Haishoe,stormrage,1655,shaman,enhancement,80,45,35
Beaviis,frostmourne,1655,shaman,enhancement,87,43,44
Furrybâstard,wyrmrest-accord,1654,shaman,enhancement,102,59,43
Ironaddictz,kiljaeden,1654,shaman,enhancement,88,49,39
Artsha,tol-barad,1654,shaman,enhancement,56,27,29
Capershock,sargeras,1653,shaman,enhancement,30,19,11
Slothycrit,emerald-dream,1653,shaman,enhancement,48,25,23
Windflex,emerald-dream,1651,shaman,enhancement,85,43,42
Vortexfury,area-52,1650,shaman,enhancement,48,21,27
Slapnarp,wyrmrest-accord,1649,shaman,enhancement,90,43,47
Torvi,saurfang,1648,shaman,enhancement,42,25,17
Notsamok,area-52,1648,shaman,enhancement,42,22,20
Jofstrom,tichondrius,1647,shaman,enhancement,30,22,8
Ceasebelief,tichondrius,1646,shaman,enhancement,42,28,14
Unezx,tichondrius,1645,shaman,enhancement,42,30,12
Vultan,winterhoof,1645,shaman,enhancement,36,25,11
Zeroshocks,kelthuzad,1645,shaman,enhancement,48,31,17
Pedaphil,frostmourne,1645,shaman,enhancement,36,21,15
Killswitch,bonechewer,1645,shaman,enhancement,66,31,35
Tandrian,daggerspine,1645,shaman,enhancement,60,28,32
Vøllttz,azralon,1644,shaman,enhancement,54,34,20
Täcti,tichondrius,1644,shaman,enhancement,111,59,52
Loadiez,frostmourne,1642,shaman,enhancement,70,45,25
Bräindëad,hyjal,1642,shaman,enhancement,167,93,74
Daddymacktv,malganis,1642,shaman,enhancement,86,46,40
Swartzqt,tichondrius,1641,shaman,enhancement,64,31,33
Halfzugzug,sargeras,1639,shaman,enhancement,54,31,23
Epictotem,tichondrius,1639,shaman,enhancement,46,25,21
Scherzer,frostwolf,1639,shaman,enhancement,72,38,34
Hecks,malorne,1639,shaman,enhancement,131,68,63
Murig,bladefist,1638,shaman,enhancement,57,34,23
Shinydiglett,area-52,1637,shaman,enhancement,36,20,16
Smooths,bloodscalp,1637,shaman,enhancement,66,28,38
Tyranitaur,frostmourne,1636,shaman,enhancement,106,52,54
Mixn,frostmourne,1633,shaman,enhancement,131,79,52
Onamakawash,black-dragonflight,1632,shaman,enhancement,36,22,14
Goondruka,area-52,1632,shaman,enhancement,38,20,18
Deww,sargeras,1632,shaman,enhancement,76,39,37
Gambazzlok,terokkar,1631,shaman,enhancement,54,33,21
ßlessedx,tichondrius,1631,shaman,enhancement,125,74,51
Orkuss,illidan,1631,shaman,enhancement,48,25,23
Thunderchad,jubeithos,1631,shaman,enhancement,50,25,25
Khormac,moon-guard,1630,shaman,enhancement,116,72,44
Tettnanger,azralon,1630,shaman,enhancement,31,19,12
Shámdemons,area-52,1630,shaman,enhancement,114,67,47
Slashpity,stormrage,1630,shaman,enhancement,63,33,30
Mcb,barthilas,1630,shaman,enhancement,54,23,31
Swapxylee,tichondrius,1629,shaman,enhancement,51,28,23
Khorgan,emerald-dream,1629,shaman,enhancement,42,22,20
Tactíc,chromaggus,1628,shaman,enhancement,24,17,7
Dratna,sisters-of-elune,1628,shaman,enhancement,64,39,25
Kohatan,moon-guard,1627,shaman,enhancement,98,58,40
Harbert,black-dragonflight,1627,shaman,enhancement,60,34,26
Ieeguen,tichondrius,1626,shaman,enhancement,46,23,23
Hxzard,stormrage,1626,shaman,enhancement,36,17,19
Åvarice,shattered-halls,1626,shaman,enhancement,54,22,32
Eliteshamann,tichondrius,1625,shaman,enhancement,111,60,51
Shockdome,daggerspine,1624,shaman,enhancement,33,23,10
Volrog,magtheridon,1624,shaman,enhancement,45,26,19
Roysoy,stormrage,1623,shaman,enhancement,84,50,34
Zapnclap,tichondrius,1623,shaman,enhancement,42,24,18
Dankthunda,stormrage,1623,shaman,enhancement,132,74,58
Shamom,silver-hand,1623,shaman,enhancement,190,103,87
Shakerina,azralon,1623,shaman,enhancement,163,78,85
Platanos,proudmoore,1622,shaman,enhancement,182,94,88
Shamakhazi,stormrage,1621,shaman,enhancement,24,17,7
Mokho,stormrage,1620,shaman,enhancement,30,19,11
Ðr,earthen-ring,1620,shaman,enhancement,161,88,73
Totegoat,nazjatar,1620,shaman,enhancement,120,60,60
Venmoo,illidan,1620,shaman,enhancement,42,20,22
Käshqt,tichondrius,1619,shaman,enhancement,26,19,7
Deyodin,illidan,1619,shaman,enhancement,26,18,8
Zugzugenh,stormrage,1619,shaman,enhancement,86,48,38
Ezpzprime,bloodscalp,1618,shaman,enhancement,48,32,16
Happycorgi,proudmoore,1618,shaman,enhancement,60,33,27
Beaversniper,tichondrius,1618,shaman,enhancement,161,82,79
Shockmehard,area-52,1617,shaman,enhancement,113,80,33
Ryziax,tichondrius,1616,shaman,enhancement,41,23,18
ßurstmedaddy,bleeding-hollow,1614,shaman,enhancement,42,32,10
Udb,the-scryers,1614,shaman,enhancement,59,38,21
Goldshîre,tichondrius,1614,shaman,enhancement,42,20,22
Stýlébéñdér,kelthuzad,1613,shaman,enhancement,24,17,7
Tidalstorm,thrall,1612,shaman,enhancement,30,19,11
Jirig,tichondrius,1612,shaman,enhancement,42,24,18
Stormbash,ragnaros,1611,shaman,enhancement,78,33,45
Ryuuraix,area-52,1610,shaman,enhancement,27,18,9
Nøname,azshara,1610,shaman,enhancement,314,158,156
Helohk,wyrmrest-accord,1610,shaman,enhancement,66,32,34
Zere,cenarius,1609,shaman,enhancement,74,49,25
Omaguap,tichondrius,1609,shaman,enhancement,68,37,31
Slapchainz,tichondrius,1609,shaman,enhancement,48,26,22
Xlianah,zuljin,1609,shaman,enhancement,54,28,26
Robdaman,tichondrius,1607,shaman,enhancement,24,18,6
Mumbo,malfurion,1606,shaman,enhancement,30,19,11
Beañ,barthilas,1606,shaman,enhancement,577,282,295
Dreddfoxy,illidan,1605,shaman,enhancement,54,29,25
Rexoss,hyjal,1604,shaman,enhancement,164,90,74
Hagie,moon-guard,1603,shaman,enhancement,45,24,21
Shamanees,area-52,1603,shaman,enhancement,206,104,102
Jumoma,thrall,1601,shaman,enhancement,66,41,25
Sugarpapa,bonechewer,1601,shaman,enhancement,105,64,41
Mihrion,moon-guard,1601,shaman,enhancement,77,43,34
Raxabico,nemesis,1601,shaman,enhancement,68,36,32
Juliojones,trollbane,1599,shaman,enhancement,42,20,22
Dàfèng,wyrmrest-accord,1599,shaman,enhancement,53,19,34
Torgami,tichondrius,1598,shaman,enhancement,49,30,19
Apêx,cenarius,1597,shaman,enhancement,48,25,23
Dá,ragnaros,1597,shaman,enhancement,82,42,40
Thewindman,sargeras,1597,shaman,enhancement,100,50,50
Pwnôgraphy,kelthuzad,1595,shaman,enhancement,38,25,13
Pashå,norgannon,1595,shaman,enhancement,66,37,29
Ephraalin,frostmourne,1595,shaman,enhancement,60,32,28
Eyecandi,barthilas,1595,shaman,enhancement,151,76,75
Hehew,kelthuzad,1594,shaman,enhancement,83,49,34
Arlikai,arthas,1589,shaman,enhancement,202,96,106
Stormsanta,emerald-dream,1586,shaman,enhancement,48,22,26
Thilv,ravenholdt,1583,shaman,enhancement,58,34,24
Zaydax,altar-of-storms,1582,shaman,enhancement,30,18,12
Elemores,tichondrius,1582,shaman,enhancement,77,42,35
Nutanix,illidan,1580,shaman,enhancement,45,31,14
Zavar,tichondrius,1579,shaman,enhancement,77,40,37
Moistydank,tichondrius,1578,shaman,enhancement,84,54,30
Healmeshammy,tichondrius,1577,shaman,enhancement,37,27,10
Texmawave,moon-guard,1576,shaman,enhancement,42,21,21
Snipyterror,shattered-hand,1575,shaman,enhancement,59,38,21
Niceshoe,tichondrius,1574,shaman,enhancement,71,35,36
Aceventuura,hyjal,1572,shaman,enhancement,48,22,26
Shockszz,onyxia,1571,shaman,enhancement,48,25,23
Nÿh,quelthalas,1569,shaman,enhancement,48,27,21
Aoshiferuzz,ragnaros,1566,shaman,enhancement,78,43,35
Keeba,wyrmrest-accord,1565,shaman,enhancement,80,41,39
Askpuntee,sargeras,1563,shaman,enhancement,48,25,23
Uracemytotem,kiljaeden,1562,shaman,enhancement,84,51,33
Thunda,black-dragonflight,1561,shaman,enhancement,36,22,14
Obombyas,sargeras,1556,shaman,enhancement,54,26,28
Dalthragoz,tichondrius,1555,shaman,enhancement,36,20,16
Deemmorti,stormrage,1555,shaman,enhancement,58,31,27
Ndndurkadurk,malganis,1555,shaman,enhancement,38,17,21
Animatronixx,area-52,1554,shaman,enhancement,36,22,14
Grx,tichondrius,1554,shaman,enhancement,78,41,37
Smash,fenris,1554,shaman,enhancement,109,54,55
Meadamemnon,tichondrius,1553,shaman,enhancement,36,23,13
Cayed,stormscale,1553,shaman,enhancement,90,47,43
Shabenn,proudmoore,1551,shaman,enhancement,169,84,85
Hurrikaine,dalaran,1550,shaman,enhancement,176,89,87
Arque,stormrage,1549,shaman,enhancement,150,89,61
Töpg,garrosh,1549,shaman,enhancement,70,37,33
Shinian,tichondrius,1548,shaman,enhancement,71,39,32
Sâxman,stormreaver,1548,shaman,enhancement,93,48,45
Dadadabang,frostmourne,1547,shaman,enhancement,106,58,48
Azumaa,tichondrius,1547,shaman,enhancement,102,52,50
Ara,barthilas,1546,shaman,enhancement,60,35,25
Smartbunny,illidan,1546,shaman,enhancement,330,164,166
Balldo,stormrage,1546,shaman,enhancement,42,18,24
Totemnikiel,stormrage,1545,shaman,enhancement,102,46,56
Armîn,moon-guard,1544,shaman,enhancement,54,33,21
Lavawreckage,malganis,1544,shaman,enhancement,122,66,56
Gonarosh,area-52,1543,shaman,enhancement,90,54,36
Jäyp,thrall,1543,shaman,enhancement,89,51,38
Rtÿo,area-52,1543,shaman,enhancement,54,27,27
Kushgodd,kiljaeden,1542,shaman,enhancement,102,57,45
Meshrek,tichondrius,1539,shaman,enhancement,59,30,29
Lenin,nathrezim,1538,shaman,enhancement,54,30,24
Small,alleria,1538,shaman,enhancement,60,32,28
Cowely,madoran,1536,shaman,enhancement,48,29,19
Saphage,tichondrius,1535,shaman,enhancement,64,35,29
Feesstt,malganis,1534,shaman,enhancement,48,27,21
Darwynz,zuljin,1534,shaman,enhancement,89,42,47
Shamgødx,dalaran,1533,shaman,enhancement,18,16,2
Killavicious,area-52,1531,shaman,enhancement,84,39,45
Split,zuljin,1529,shaman,enhancement,220,117,103
Shamwows,dalaran,1529,shaman,enhancement,219,108,111
Mobiediqônú,skywall,1529,shaman,enhancement,42,20,22
Tootshock,illidan,1528,shaman,enhancement,60,28,32
Gordonramsai,sargeras,1526,shaman,enhancement,30,21,9
Jimmhalpert,bronzebeard,1525,shaman,enhancement,24,16,8
Killamanjaro,alterac-mountains,1524,shaman,enhancement,53,29,24
Argena,bonechewer,1523,shaman,enhancement,36,22,14
Terrible,illidan,1522,shaman,enhancement,96,47,49
Jerykco,drakkari,1521,shaman,enhancement,102,50,52
Hephron,area-52,1521,shaman,enhancement,96,45,51
Dirtyunique,tichondrius,1519,shaman,enhancement,90,51,39
Soupi,illidan,1519,shaman,enhancement,167,87,80
Vásh,quelthalas,1517,shaman,enhancement,24,16,8
Dilfmaster,tichondrius,1517,shaman,enhancement,77,40,37
Volsdeep,illidan,1517,shaman,enhancement,82,41,41
Ayahuaskah,illidan,1517,shaman,enhancement,38,18,20
Boomershock,stormrage,1516,shaman,enhancement,42,20,22
Falasha,bloodscalp,1515,shaman,enhancement,52,32,20
Ginjij,thrall,1514,shaman,enhancement,30,18,12
Thegil,tichondrius,1514,shaman,enhancement,79,41,38
Døømsdáy,thrall,1514,shaman,enhancement,180,89,91
Stormwolf,emerald-dream,1513,shaman,enhancement,78,47,31
Chungussy,blackrock,1512,shaman,enhancement,35,21,14
Flirstatic,nemesis,1512,shaman,enhancement,135,73,62
Tigolbittie,sargeras,1511,shaman,enhancement,167,82,85
Atthegates,illidan,1509,shaman,enhancement,284,136,148
Iamurfather,magtheridon,1508,shaman,enhancement,167,87,80
Lyrzsa,blackwing-lair,1506,shaman,enhancement,98,56,42
Slowdown,malganis,1506,shaman,enhancement,36,16,20
Zheúz,azralon,1505,shaman,enhancement,74,42,32
Stormblast,stormrage,1503,shaman,enhancement,70,37,33
Elementin,kelthuzad,1503,shaman,enhancement,102,49,53
Yildiri,area-52,1501,shaman,enhancement,18,16,2
Larrylardazz,tichondrius,1501,shaman,enhancement,92,54,38
Spicyballs,coilfang,1501,shaman,enhancement,42,24,18
Roguemagewar,tichondrius,1501,shaman,enhancement,137,77,60
Kronkxd,malganis,1501,shaman,enhancement,30,16,14
Bòómz,stormrage,1501,shaman,enhancement,419,204,215
Casualsham,illidan,1500,shaman,enhancement,52,33,19
Kandin,icecrown,1498,shaman,enhancement,72,36,36
Zmogon,quelthalas,1498,shaman,enhancement,83,38,45
Lavalavalava,dentarg,1495,shaman,enhancement,36,25,11
Leschaises,skullcrusher,1495,shaman,enhancement,51,35,16
Pockethealer,emerald-dream,1494,shaman,enhancement,155,83,72
Earthfirex,ragnaros,1493,shaman,enhancement,48,25,23
Jummyman,area-52,1492,shaman,enhancement,65,41,24
Kelce,stormrage,1492,shaman,enhancement,42,22,20
Shockolatte,sargeras,1492,shaman,enhancement,103,45,58
Quakenbake,emerald-dream,1491,shaman,enhancement,33,20,13
Amasaei,bleeding-hollow,1488,shaman,enhancement,72,36,36
Hungnuts,sargeras,1487,shaman,enhancement,124,67,57
Chaposz,tichondrius,1487,shaman,enhancement,103,54,49
Jamieslays,korgath,1487,shaman,enhancement,53,24,29
Mugiwärä,area-52,1486,shaman,enhancement,36,18,18
Arázi,wyrmrest-accord,1485,shaman,enhancement,41,16,25
Konga,korialstrasz,1483,shaman,enhancement,38,22,16
Elementalïst,durotan,1483,shaman,enhancement,57,30,27
Roidzsham,area-52,1482,shaman,enhancement,60,35,25
Sockittooya,bleeding-hollow,1482,shaman,enhancement,120,69,51
Argues,tichondrius,1480,shaman,enhancement,60,38,22
Prymalfury,illidan,1480,shaman,enhancement,126,64,62
Ventus,thrall,1480,shaman,enhancement,120,60,60
Ragnarocck,sargeras,1479,shaman,enhancement,75,36,39
Qvibin,tichondrius,1478,shaman,enhancement,72,44,28
Dashmmy,dalaran,1478,shaman,enhancement,54,26,28
Brulash,barthilas,1477,shaman,enhancement,114,61,53
Armønixx,ragnaros,1476,shaman,enhancement,120,65,55
Casinoclass,stormrage,1476,shaman,enhancement,255,135,120
Forloren,zuljin,1475,shaman,enhancement,52,28,24
Abigdude,frostmourne,1473,shaman,enhancement,221,115,106
Maribain,barthilas,1472,shaman,enhancement,112,65,47
Spacex,velen,1470,shaman,enhancement,42,21,21
Dimitrio,azralon,1469,shaman,enhancement,130,64,66
Lamagra,nemesis,1468,shaman,enhancement,37,23,14
Deshamann,illidan,1468,shaman,enhancement,126,57,69
Lakindrentv,gorefiend,1467,shaman,enhancement,30,17,13
Manthozshami,ragnaros,1467,shaman,enhancement,36,17,19
Mackandal,tichondrius,1466,shaman,enhancement,86,43,43
Goullin,dalaran,1465,shaman,enhancement,42,27,15
Skyzik,area-52,1465,shaman,enhancement,54,34,20
Woof,agamaggan,1464,shaman,enhancement,30,16,14
Katojune,tichondrius,1464,shaman,enhancement,40,19,21
Bqo,nemesis,1463,shaman,enhancement,26,20,6
Earthlsflat,tichondrius,1463,shaman,enhancement,31,21,10
Emoshamanqt,tichondrius,1463,shaman,enhancement,42,21,21
Daddyzap,stormrage,1462,shaman,enhancement,104,58,46
Doomfury,magtheridon,1461,shaman,enhancement,42,25,17
Lavabone,dalaran,1459,shaman,enhancement,66,28,38
Blackenergy,stormrage,1458,shaman,enhancement,214,106,108
Sndhlp,tichondrius,1457,shaman,enhancement,46,29,17
Mairn,tichondrius,1456,shaman,enhancement,174,92,82
Shoresy,kaelthas,1455,shaman,enhancement,60,30,30
Rhez,frostmourne,1454,shaman,enhancement,54,30,24
Calich,kelthuzad,1454,shaman,enhancement,103,56,47
Zêus,sargeras,1454,shaman,enhancement,54,29,25
Dugomik,malganis,1454,shaman,enhancement,152,80,72
Daikí,ragnaros,1452,shaman,enhancement,49,25,24
Shamwickk,tichondrius,1451,shaman,enhancement,108,64,44
Xillas,moon-guard,1451,shaman,enhancement,48,28,20
Tiostroke,stormrage,1451,shaman,enhancement,54,26,28
Scrötotem,saurfang,1450,shaman,enhancement,119,65,54
Megumi,aggramar,1450,shaman,enhancement,57,25,32
Goribash,wyrmrest-accord,1449,shaman,enhancement,42,26,16
Shockter,bleeding-hollow,1449,shaman,enhancement,59,36,23
Vanklayser,ragnaros,1449,shaman,enhancement,55,24,31
Surtel,tichondrius,1448,shaman,enhancement,77,36,41
Naesala,thunderlord,1447,shaman,enhancement,39,19,20
Cram,frostmourne,1447,shaman,enhancement,53,24,29
Odïn,tichondrius,1444,shaman,enhancement,54,33,21
Hyjixtv,stormrage,1444,shaman,enhancement,48,29,19
Beogar,moon-guard,1443,shaman,enhancement,33,19,14
Solka,illidan,1442,shaman,enhancement,109,57,52
Drakkaa,tichondrius,1439,shaman,enhancement,31,20,11
Sswf,auchindoun,1439,shaman,enhancement,24,15,9
Cyclrin,sargeras,1439,shaman,enhancement,24,15,9
Teeroll,frostmourne,1439,shaman,enhancement,41,25,16
Killbro,blackrock,1439,shaman,enhancement,305,155,150
Exxosenh,tichondrius,1438,shaman,enhancement,18,15,3
Exsh,area-52,1438,shaman,enhancement,18,15,3
Tamtam,gorefiend,1438,shaman,enhancement,24,15,9
Seltz,illidan,1438,shaman,enhancement,30,15,15
Nohandslost,tichondrius,1437,shaman,enhancement,49,33,16
Iamegirl,moon-guard,1436,shaman,enhancement,94,51,43
Gluestick,shadowmoon,1436,shaman,enhancement,48,23,25
Tungusk,tichondrius,1435,shaman,enhancement,24,15,9
Däbü,tichondrius,1435,shaman,enhancement,30,15,15
Friednocap,kelthuzad,1435,shaman,enhancement,60,28,32
Lokrath,zangarmarsh,1433,shaman,enhancement,18,15,3
Wecookin,frostwolf,1433,shaman,enhancement,18,15,3
Aiyinsitan,illidan,1433,shaman,enhancement,54,27,27
Justincasé,sargeras,1433,shaman,enhancement,102,46,56
Shlongers,illidan,1433,shaman,enhancement,36,15,21
Umbrood,area-52,1432,shaman,enhancement,106,59,47
Djasura,blackhand,1432,shaman,enhancement,59,32,27
Meattoilet,tichondrius,1431,shaman,enhancement,23,16,7
Cuzcuz,tichondrius,1431,shaman,enhancement,24,15,9
Blöw,tichondrius,1429,shaman,enhancement,24,15,9
Froglok,boulderfist,1429,shaman,enhancement,47,25,22
Defiant,azgalor,1429,shaman,enhancement,30,15,15
Roz,khaz-modan,1428,shaman,enhancement,18,15,3
Earfshock,thrall,1428,shaman,enhancement,74,41,33
Rayfordyoung,zuljin,1428,shaman,enhancement,63,30,33
Daddyzmilk,bleeding-hollow,1428,shaman,enhancement,66,29,37
Piffenstien,malganis,1426,shaman,enhancement,84,45,39
Xapoxy,nemesis,1424,shaman,enhancement,50,33,17
Grippysockz,dalaran,1424,shaman,enhancement,24,15,9
Monadazs,ragnaros,1423,shaman,enhancement,62,35,27
Drumman,skullcrusher,1423,shaman,enhancement,118,66,52
Kungfuvoodoo,tichondrius,1422,shaman,enhancement,30,17,13
Raazzasham,moon-guard,1422,shaman,enhancement,65,34,31
Silyshamshyt,stormrage,1421,shaman,enhancement,24,15,9
Shamcharles,proudmoore,1421,shaman,enhancement,50,17,33
Tinysha,tichondrius,1420,shaman,enhancement,24,15,9
Rokudo,dragonmaw,1420,shaman,enhancement,30,15,15
Joeschno,bleeding-hollow,1419,shaman,enhancement,64,28,36
Wagar,dawnbringer,1419,shaman,enhancement,42,18,24
Sleekish,moon-guard,1419,shaman,enhancement,42,17,25
Shammywhammu,bleeding-hollow,1417,shaman,enhancement,30,15,15
Dwightjr,emerald-dream,1417,shaman,enhancement,48,23,25
Hvalleyranch,area-52,1417,shaman,enhancement,83,39,44
Doomdon,area-52,1416,shaman,enhancement,121,58,63
Shamrockcawk,malganis,1415,shaman,enhancement,60,38,22
Clownshòes,tichondrius,1415,shaman,enhancement,42,26,16
Dontbeshockd,nagrand,1415,shaman,enhancement,32,16,16
Grendinbal,moon-guard,1415,shaman,enhancement,39,16,23
Mudroller,moon-guard,1414,shaman,enhancement,52,24,28
Mortzor,frostmourne,1413,shaman,enhancement,59,35,24
Thoramgar,malganis,1413,shaman,enhancement,30,16,14
Trashfarmer,tichondrius,1413,shaman,enhancement,132,64,68
Shamann,azshara,1411,shaman,enhancement,87,45,42
Xelements,sargeras,1411,shaman,enhancement,60,31,29
Harvesting,azralon,1411,shaman,enhancement,103,50,53
Tosil,tichondrius,1410,shaman,enhancement,36,16,20
Gundar,chogall,1409,shaman,enhancement,62,33,29
Nuofu,illidan,1409,shaman,enhancement,40,20,20
Zaxibow,area-52,1409,shaman,enhancement,46,21,25
Whydead,sargeras,1407,shaman,enhancement,78,42,36
Anime,azralon,1406,shaman,enhancement,64,37,27
Raylord,ragnaros,1406,shaman,enhancement,131,72,59
Arrok,bleeding-hollow,1405,shaman,enhancement,24,16,8
Slaughterdog,coilfang,1405,shaman,enhancement,34,19,15
Nankdug,tichondrius,1405,shaman,enhancement,47,25,22
Getacho,stormrage,1405,shaman,enhancement,224,107,117
Chiëfslapaho,tichondrius,1404,shaman,enhancement,47,30,17
Zzar,daggerspine,1404,shaman,enhancement,42,23,19
Sigir,darrowmere,1404,shaman,enhancement,119,61,58
Usul,frostmane,1404,shaman,enhancement,205,105,100
Orcshamen,tichondrius,1403,shaman,enhancement,60,35,25
Xiano,wyrmrest-accord,1402,shaman,enhancement,41,25,16
Goonxdz,illidan,1402,shaman,enhancement,63,26,37
Fyahchaming,drakkari,1401,shaman,enhancement,82,46,36
Talfur,area-52,1400,shaman,enhancement,42,23,19
Nyxxus,tichondrius,1399,shaman,enhancement,30,19,11
Googurt,barthilas,1399,shaman,enhancement,29,15,14
Shalkahn,malganis,1399,shaman,enhancement,59,24,35
Zaboomafoo,emerald-dream,1398,shaman,enhancement,99,52,47
Blasho,ragnaros,1398,shaman,enhancement,162,79,83
Vapus,area-52,1397,shaman,enhancement,160,86,74
Tictactotem,stormreaver,1397,shaman,enhancement,78,40,38
Tamzlol,the-forgotten-coast,1395,shaman,enhancement,54,30,24
Djelemental,darkspear,1394,shaman,enhancement,27,17,10
Painfury,zuljin,1394,shaman,enhancement,39,21,18
Stickysham,illidan,1391,shaman,enhancement,42,26,16
Dashinra,stormrage,1391,shaman,enhancement,38,20,18
Bigtotempole,stormreaver,1390,shaman,enhancement,66,37,29
Orcmanshamn,moon-guard,1390,shaman,enhancement,104,53,51
Groundfaults,bleeding-hollow,1389,shaman,enhancement,35,15,20
Súrtr,sargeras,1387,shaman,enhancement,30,17,13
Shipmatekev,sargeras,1386,shaman,enhancement,54,29,25
Hagarr,azralon,1386,shaman,enhancement,118,60,58
Zktz,warsong,1385,shaman,enhancement,31,17,14
Playdohz,frostmourne,1385,shaman,enhancement,35,19,16
Lüca,wyrmrest-accord,1382,shaman,enhancement,241,123,118
Mëister,stormrage,1379,shaman,enhancement,161,83,78
Shampainn,demon-soul,1379,shaman,enhancement,56,27,29
Stïtch,area-52,1378,shaman,enhancement,80,42,38
Têach,ragnaros,1376,shaman,enhancement,24,15,9
Bessame,sargeras,1376,shaman,enhancement,106,55,51
Tyzek,illidan,1375,shaman,enhancement,42,26,16
Zute,frostmourne,1375,shaman,enhancement,91,52,39
Wildslammer,khazgoroth,1374,shaman,enhancement,47,21,26
Neyter,azralon,1373,shaman,enhancement,108,65,43
Ârcanjo,azralon,1373,shaman,enhancement,28,16,12
Gettatotem,frostmourne,1373,shaman,enhancement,30,17,13
Stubbywayne,area-52,1373,shaman,enhancement,250,124,126
Rhass,ragnaros,1372,shaman,enhancement,143,69,74
Lolzballz,kiljaeden,1368,shaman,enhancement,24,17,7
Vøødøøboy,hyjal,1367,shaman,enhancement,36,21,15
Meatbender,tichondrius,1367,shaman,enhancement,75,40,35
Zugzugthug,moon-guard,1367,shaman,enhancement,112,57,55
Makocc,tichondrius,1366,shaman,enhancement,181,84,97
Tigtotem,malganis,1365,shaman,enhancement,24,16,8
Cvoa,bonechewer,1364,shaman,enhancement,30,16,14
Nìke,nazgrel,1364,shaman,enhancement,47,21,26
Firevag,hakkar,1363,shaman,enhancement,147,77,70
Drokán,ragnaros,1363,shaman,enhancement,182,92,90
Killercam,maiev,1363,shaman,enhancement,40,19,21
Psilocypher,nazjatar,1362,shaman,enhancement,42,28,14
Trenbolone,maiev,1362,shaman,enhancement,95,55,40
Grohltusk,barthilas,1360,shaman,enhancement,42,24,18
Zugxo,area-52,1358,shaman,enhancement,32,24,8
Borwald,dalaran,1358,shaman,enhancement,172,88,84
Lavaman,kiljaeden,1357,shaman,enhancement,42,19,23
Zügz,illidan,1356,shaman,enhancement,67,38,29
Burrst,thrall,1356,shaman,enhancement,42,22,20
Johnwilke,area-52,1356,shaman,enhancement,119,59,60
Crigga,dalaran,1355,shaman,enhancement,36,19,17
Murlook,sargeras,1354,shaman,enhancement,67,44,23
Brreeaadd,tichondrius,1354,shaman,enhancement,57,25,32
Isbabani,moon-guard,1353,shaman,enhancement,30,16,14
Cbomberz,tichondrius,1353,shaman,enhancement,91,47,44
Beardcramps,tichondrius,1350,shaman,enhancement,109,49,60
Speedmonster,hellscream,1349,shaman,enhancement,48,23,25
Kamíhameha,stormrage,1348,shaman,enhancement,145,75,70
Clumpen,thunderhorn,1347,shaman,enhancement,59,32,27
Tumble,barthilas,1344,shaman,enhancement,24,16,8
Canabal,eonar,1344,shaman,enhancement,30,15,15
Argrax,sargeras,1343,shaman,enhancement,95,54,41
Tsaheylu,barthilas,1343,shaman,enhancement,54,25,29
Døømwinds,tichondrius,1342,shaman,enhancement,24,14,10
Deathjoker,icecrown,1342,shaman,enhancement,78,43,35
Singingtotem,bonechewer,1341,shaman,enhancement,29,20,9
Corkrain,sargeras,1341,shaman,enhancement,36,15,21
Conorfotm,tichondrius,1340,shaman,enhancement,18,14,4
Crøwgød,tichondrius,1340,shaman,enhancement,24,14,10
Purgegodryuu,area-52,1338,shaman,enhancement,30,14,16
Derzwaz,draka,1338,shaman,enhancement,77,35,42
Stormgraves,moon-guard,1337,shaman,enhancement,24,14,10
Leaning,wyrmrest-accord,1335,shaman,enhancement,24,14,10
Electabuzz,arygos,1335,shaman,enhancement,30,15,15
Vlackz,quelthalas,1334,shaman,enhancement,42,22,20
Baloneyfiveo,kiljaeden,1333,shaman,enhancement,74,41,33
Kulnash,auchindoun,1332,shaman,enhancement,40,24,16
Aldinatir,ragnaros,1332,shaman,enhancement,24,14,10
Chapope,quelthalas,1329,shaman,enhancement,46,30,16
Raijû,illidan,1329,shaman,enhancement,24,14,10
Niteshammy,lothar,1328,shaman,enhancement,24,14,10
Hagass,tichondrius,1328,shaman,enhancement,61,28,33
Ambevsulfr,deathwing,1327,shaman,enhancement,18,14,4
Lazygemini,illidan,1327,shaman,enhancement,84,42,42
Saraguthix,dalaran,1326,shaman,enhancement,42,20,22
Fireclaws,bleeding-hollow,1325,shaman,enhancement,79,41,38
Winiethepoöh,stormrage,1325,shaman,enhancement,36,14,22
Sasori,stormrage,1323,shaman,enhancement,54,35,19
Leotis,tichondrius,1323,shaman,enhancement,24,14,10
Neyavv,tichondrius,1323,shaman,enhancement,415,205,210
Whichdoctah,proudmoore,1322,shaman,enhancement,33,16,17
Allmeatie,hyjal,1321,shaman,enhancement,61,36,25
Forgediniron,stormrage,1321,shaman,enhancement,85,44,41
Rojhaz,stormrage,1319,shaman,enhancement,60,30,30
Rongkhan,tichondrius,1317,shaman,enhancement,61,33,28
Laquica,sargeras,1317,shaman,enhancement,36,17,19
Shawkedu,tichondrius,1317,shaman,enhancement,36,16,20
Mustachex,kelthuzad,1315,shaman,enhancement,24,14,10
Totesmagotes,scilla,1314,shaman,enhancement,36,22,14
Montí,moon-guard,1314,shaman,enhancement,101,59,42
Shøxic,perenolde,1312,shaman,enhancement,48,29,19
Magmao,quelthalas,1312,shaman,enhancement,83,48,35
Rokogg,thrall,1312,shaman,enhancement,133,69,64
Shamorrhoids,frostmourne,1311,shaman,enhancement,118,62,56
Tizzl,kelthuzad,1311,shaman,enhancement,101,50,51
Popz,dark-iron,1309,shaman,enhancement,69,39,30
Ffaísca,azralon,1308,shaman,enhancement,36,20,16
Hanhze,quelthalas,1307,shaman,enhancement,115,65,50
Vöödooranger,stormrage,1305,shaman,enhancement,24,14,10
Parallels,blackrock,1305,shaman,enhancement,118,58,60
Emelectric,quelthalas,1304,shaman,enhancement,66,31,35
Tabellarium,tichondrius,1303,shaman,enhancement,36,21,15
Atroll,moonrunner,1302,shaman,enhancement,72,32,40
Pumpz,magtheridon,1301,shaman,enhancement,30,14,16
Globad,tichondrius,1301,shaman,enhancement,105,47,58
Lightnessx,stormrage,1301,shaman,enhancement,42,17,25
Microwavbakn,emerald-dream,1300,shaman,enhancement,70,38,32
Shomminn,tichondrius,1300,shaman,enhancement,48,24,24
Astrò,illidan,1299,shaman,enhancement,18,14,4
Drewshammy,zuljin,1298,shaman,enhancement,30,17,13
Denki,nesingwary,1297,shaman,enhancement,24,14,10
Obeilius,illidan,1297,shaman,enhancement,70,36,34
Triní,ragnaros,1296,shaman,enhancement,69,40,29
Charmyn,frostmourne,1296,shaman,enhancement,30,14,16
Shrektar,cenarius,1296,shaman,enhancement,48,21,27
Floon,barthilas,1293,shaman,enhancement,114,56,58
Solomonster,tichondrius,1291,shaman,enhancement,41,24,17
Tarresh,azralon,1289,shaman,enhancement,54,26,28
Volcanoboxer,tichondrius,1287,shaman,enhancement,57,26,31
Gaelfury,malganis,1285,shaman,enhancement,96,43,53
Jackofstorms,veknilash,1285,shaman,enhancement,56,25,31
Bobaflexqt,korgath,1279,shaman,enhancement,24,15,9
Prasu,spirestone,1279,shaman,enhancement,90,39,51
Mybadshawty,tichondrius,1278,shaman,enhancement,114,51,63
Notglads,thrall,1277,shaman,enhancement,20,14,6
Pandashamnda,area-52,1277,shaman,enhancement,83,43,40
Shamtopus,anubarak,1277,shaman,enhancement,71,30,41
Vanmaichet,azshara,1276,shaman,enhancement,29,14,15
Zechary,proudmoore,1273,shaman,enhancement,54,33,21
Flaméy,stormrage,1273,shaman,enhancement,51,21,30
Bôjack,stormrage,1272,shaman,enhancement,29,18,11
Kigorami,nerzhul,1271,shaman,enhancement,48,24,24
Lukora,stonemaul,1269,shaman,enhancement,30,19,11
Thorlottie,stormrage,1269,shaman,enhancement,30,15,15
Majhrakova,stormrage,1266,shaman,enhancement,30,15,15
Yâmz,area-52,1266,shaman,enhancement,117,54,63
Popsmoke,gnomeregan,1265,shaman,enhancement,23,14,9
Datblueboi,dalaran,1263,shaman,enhancement,76,39,37
Dì,barthilas,1262,shaman,enhancement,48,28,20
Jonatasele,stormrage,1261,shaman,enhancement,36,14,22
Gorebog,feathermoon,1259,shaman,enhancement,42,23,19
Strapps,ragnaros,1259,shaman,enhancement,30,16,14
Obrahma,burning-legion,1258,shaman,enhancement,24,16,8
Shamgoddam,illidan,1257,shaman,enhancement,66,29,37
Doomvin,stormrage,1252,shaman,enhancement,60,29,31
Lerajje,tichondrius,1251,shaman,enhancement,42,22,20
Extraguacpls,tichondrius,1249,shaman,enhancement,23,14,9
Githealed,kelthuzad,1248,shaman,enhancement,48,23,25
Vulcanüz,ragnaros,1248,shaman,enhancement,48,20,28
Guybeingdude,sargeras,1246,shaman,enhancement,18,13,5
Hexoffnder,zuljin,1246,shaman,enhancement,18,13,5
Zerium,nemesis,1246,shaman,enhancement,48,27,21
Ftp,kelthuzad,1246,shaman,enhancement,24,13,11
Lizardhusk,barthilas,1246,shaman,enhancement,24,13,11
Rabbitlol,tichondrius,1246,shaman,enhancement,30,13,17
Arckos,thrall,1245,shaman,enhancement,24,13,11
Zelinsky,sargeras,1244,shaman,enhancement,24,13,11
Doitclap,stormrage,1243,shaman,enhancement,18,15,3
Bigbólts,bleeding-hollow,1240,shaman,enhancement,44,25,19
Zêûs,moon-guard,1240,shaman,enhancement,24,13,11
Dreamers,anvilmar,1239,shaman,enhancement,24,13,11
Dylangs,frostmourne,1238,shaman,enhancement,24,13,11
Finaplex,spirestone,1238,shaman,enhancement,24,13,11
Dalsun,turalyon,1237,shaman,enhancement,30,13,17
Shokaria,frostwolf,1237,shaman,enhancement,36,14,22
Evidence,thrall,1236,shaman,enhancement,24,13,11
Jags,baelgun,1235,shaman,enhancement,24,13,11
Jungsa,tichondrius,1235,shaman,enhancement,39,14,25
Stankydad,tichondrius,1234,shaman,enhancement,24,13,11
Twansom,tichondrius,1233,shaman,enhancement,66,35,31
Tirtok,laughing-skull,1233,shaman,enhancement,89,43,46
Smitytotems,tichondrius,1232,shaman,enhancement,18,13,5
Willy,icecrown,1230,shaman,enhancement,23,13,10
Rikswordfire,wyrmrest-accord,1230,shaman,enhancement,53,24,29
Skizzymars,malganis,1230,shaman,enhancement,36,15,21
Shamikkazee,illidan,1228,shaman,enhancement,73,39,34
Drahlos,tichondrius,1227,shaman,enhancement,30,13,17
Shawhammy,illidan,1225,shaman,enhancement,48,19,29
Uglykunt,barthilas,1224,shaman,enhancement,111,62,49
Netherfury,illidan,1224,shaman,enhancement,51,28,23
Shamantwo,windrunner,1223,shaman,enhancement,24,13,11
Vectos,bleeding-hollow,1222,shaman,enhancement,18,14,4
Gdiafplox,thunderhorn,1220,shaman,enhancement,66,34,32
Euphonium,wyrmrest-accord,1220,shaman,enhancement,30,13,17
Restonomnom,the-underbog,1219,shaman,enhancement,24,13,11
Kasukaga,shadowmoon,1219,shaman,enhancement,102,46,56
Mullten,sargeras,1219,shaman,enhancement,36,15,21
Bluëwafflë,tichondrius,1218,shaman,enhancement,89,46,43
Lilpump,boulderfist,1217,shaman,enhancement,72,36,36
Shockalama,tichondrius,1217,shaman,enhancement,90,42,48
Dønßlack,thunderhorn,1216,shaman,enhancement,25,14,11
Rockbass,sargeras,1215,shaman,enhancement,30,13,17
Oreahsham,tichondrius,1214,shaman,enhancement,42,18,24
Hammeredd,hyjal,1212,shaman,enhancement,36,18,18
Bloodytotemz,emerald-dream,1209,shaman,enhancement,48,26,22
Pained,arathor,1206,shaman,enhancement,24,15,9
Hroth,tanaris,1206,shaman,enhancement,30,13,17
ßigðåddy,ghostlands,1206,shaman,enhancement,66,23,43
Vozs,proudmoore,1204,shaman,enhancement,66,36,30
Peepingtotem,tichondrius,1204,shaman,enhancement,29,13,16
Holosoul,bleeding-hollow,1204,shaman,enhancement,100,42,58
Drokron,azralon,1203,shaman,enhancement,72,38,34
Lutheran,dragonmaw,1200,shaman,enhancement,47,21,26
Sinsar,illidan,1200,shaman,enhancement,35,13,22
Beanerburst,frostwolf,1199,shaman,enhancement,66,37,29
Taò,tichondrius,1199,shaman,enhancement,141,68,73
Thromir,blackwing-lair,1197,shaman,enhancement,54,24,30
Eze,tichondrius,1194,shaman,enhancement,70,38,32
Thorodinsson,proudmoore,1191,shaman,enhancement,93,42,51
Shometrin,tichondrius,1188,shaman,enhancement,71,28,43
Doughchino,darkspear,1188,shaman,enhancement,36,13,23
Hordeymaori,jubeithos,1187,shaman,enhancement,193,101,92
Lavitris,proudmoore,1183,shaman,enhancement,17,13,4
Djshammy,barthilas,1183,shaman,enhancement,28,15,13
Yudo,stormrage,1183,shaman,enhancement,41,13,28
Amärök,area-52,1181,shaman,enhancement,62,26,36
Spiderjohn,sargeras,1177,shaman,enhancement,48,26,22
Shomani,madoran,1175,shaman,enhancement,89,35,54
Enhancementz,azralon,1174,shaman,enhancement,68,37,31
Slowgrath,burning-legion,1171,shaman,enhancement,57,30,27
Rogorof,area-52,1170,shaman,enhancement,30,14,16
Kelx,stormreaver,1170,shaman,enhancement,44,13,31
Litchuckie,thrall,1169,shaman,enhancement,46,25,21
Bhaelfury,moon-guard,1168,shaman,enhancement,48,24,24
Finnaburstt,tichondrius,1162,shaman,enhancement,54,29,25
Cydarta,ragnaros,1156,shaman,enhancement,72,41,31
Splendapapi,stormrage,1155,shaman,enhancement,38,13,25
Gangmember,shadowmoon,1152,shaman,enhancement,18,12,6
Remi,tichondrius,1152,shaman,enhancement,30,12,18
Scrib,dawnbringer,1151,shaman,enhancement,18,12,6
Jinxicle,illidan,1151,shaman,enhancement,18,12,6
Jelebeans,tichondrius,1151,shaman,enhancement,18,12,6
Deixw,tichondrius,1151,shaman,enhancement,18,12,6
Mastrioni,dragonmaw,1151,shaman,enhancement,30,12,18
Itspringle,zuljin,1150,shaman,enhancement,18,12,6
Nyknicks,tichondrius,1150,shaman,enhancement,18,12,6
Cseril,bonechewer,1150,shaman,enhancement,141,77,64
Bubbert,illidan,1150,shaman,enhancement,24,12,12
Dialtone,blackrock,1150,shaman,enhancement,30,12,18
Angrymán,ragnaros,1149,shaman,enhancement,12,12,0
Durkh,ragnaros,1149,shaman,enhancement,18,12,6
Scams,bleeding-hollow,1149,shaman,enhancement,67,40,27
Rainjig,emerald-dream,1149,shaman,enhancement,21,12,9
Newele,thrall,1148,shaman,enhancement,24,12,12
Shiggy,emerald-dream,1148,shaman,enhancement,24,12,12
ßøn,altar-of-storms,1148,shaman,enhancement,39,19,20
Ahwahsahdood,stormreaver,1147,shaman,enhancement,24,12,12
Shambergler,tichondrius,1147,shaman,enhancement,24,12,12
Capriserjr,tichondrius,1147,shaman,enhancement,30,12,18
Stoneseed,steamwheedle-cartel,1147,shaman,enhancement,30,12,18
Zèus,draka,1146,shaman,enhancement,24,12,12
Shear,bleeding-hollow,1146,shaman,enhancement,24,12,12
Hexondabeach,barthilas,1145,shaman,enhancement,18,12,6
Igarmaul,bonechewer,1143,shaman,enhancement,24,12,12
Fourstorms,gundrak,1141,shaman,enhancement,37,19,18
Thorre,the-scryers,1140,shaman,enhancement,42,24,18
Lamorandrict,icecrown,1140,shaman,enhancement,30,12,18
Vokxulsin,tichondrius,1139,shaman,enhancement,30,12,18
Ashida,stormrage,1138,shaman,enhancement,62,32,30
Ctrlaltelite,burning-blade,1138,shaman,enhancement,124,58,66
Sydstorm,frostmourne,1137,shaman,enhancement,18,12,6
Gluestix,bleeding-hollow,1131,shaman,enhancement,23,12,11
Jyster,area-52,1130,shaman,enhancement,86,40,46
Bwandamian,emerald-dream,1129,shaman,enhancement,31,13,18
Shammybreakx,malganis,1126,shaman,enhancement,92,54,38
Bargen,thunderlord,1124,shaman,enhancement,18,12,6
Shamvandám,kiljaeden,1124,shaman,enhancement,47,20,27
Astroglyde,emerald-dream,1123,shaman,enhancement,24,12,12
Camdoc,destromath,1122,shaman,enhancement,53,24,29
Ryb,sargeras,1119,shaman,enhancement,20,13,7
Ahzar,stormrage,1117,shaman,enhancement,66,30,36
Catiçero,azralon,1117,shaman,enhancement,30,12,18
Hexoffénder,tichondrius,1116,shaman,enhancement,21,13,8
Onezap,trollbane,1116,shaman,enhancement,61,23,38
Rakfnaruk,zuljin,1115,shaman,enhancement,22,12,10
Schlemiel,barthilas,1112,shaman,enhancement,82,36,46
Golkork,quelthalas,1108,shaman,enhancement,24,13,11
Blaçktide,thrall,1104,shaman,enhancement,26,16,10
Shaminism,chromaggus,1103,shaman,enhancement,23,12,11
Wigwog,hyjal,1102,shaman,enhancement,61,35,26
Zalkran,area-52,1101,shaman,enhancement,30,20,10
Eléctro,tichondrius,1101,shaman,enhancement,64,28,36
Robis,thrall,1096,shaman,enhancement,90,39,51
Hazak,nemesis,1088,shaman,enhancement,78,39,39
Lassoway,illidan,1085,shaman,enhancement,78,30,48
Sleekshammy,frostmourne,1084,shaman,enhancement,34,14,20
Fiercegoblin,drakkari,1082,shaman,enhancement,37,15,22
Karlpoppa,thunderhorn,1081,shaman,enhancement,36,20,16
Motylek,ragnaros,1081,shaman,enhancement,30,12,18
Kalashnikov,maiev,1081,shaman,enhancement,36,14,22
Opalsm,tichondrius,1076,shaman,enhancement,27,12,15
Shayymann,exodar,1072,shaman,enhancement,66,30,36
Keytürnz,frostmourne,1070,shaman,enhancement,135,61,74
Lovetides,area-52,1060,shaman,enhancement,30,18,12
Tekashi,muradin,1060,shaman,enhancement,31,12,19
Dangguagua,illidan,1056,shaman,enhancement,12,11,1
Gamergirlx,area-52,1056,shaman,enhancement,18,11,7
Okïòmó,proudmoore,1056,shaman,enhancement,18,11,7
Shambostik,thrall,1056,shaman,enhancement,36,13,23
Megaraccoon,illidan,1055,shaman,enhancement,12,11,1
Shamawolf,stormrage,1055,shaman,enhancement,12,11,1
Bigboorst,tichondrius,1055,shaman,enhancement,18,11,7
Jayes,zuljin,1055,shaman,enhancement,18,11,7
Shampowl,jaedenar,1055,shaman,enhancement,30,11,19
Earthclap,tichondrius,1055,shaman,enhancement,36,11,25
Muyg,staghelm,1055,shaman,enhancement,36,11,25
Möuthbläster,malganis,1054,shaman,enhancement,12,11,1
Illbuyurmom,tichondrius,1054,shaman,enhancement,12,11,1
Syraak,elune,1054,shaman,enhancement,15,12,3
Totemclass,bleeding-hollow,1054,shaman,enhancement,18,11,7
Kyrz,ragnaros,1054,shaman,enhancement,18,11,7
Fishsham,zuljin,1054,shaman,enhancement,18,11,7
Kassper,tichondrius,1053,shaman,enhancement,24,11,13
Windzorn,tichondrius,1052,shaman,enhancement,18,11,7
Xamaobomberø,azralon,1052,shaman,enhancement,18,11,7
Zatchbell,lightnings-blade,1052,shaman,enhancement,48,25,23
Buffdudé,illidan,1052,shaman,enhancement,24,11,13
Kuull,thunderlord,1052,shaman,enhancement,30,11,19
Faminex,dragonmaw,1051,shaman,enhancement,12,11,1
Dronesum,tichondrius,1050,shaman,enhancement,24,11,13
Stòrmzy,frostmourne,1049,shaman,enhancement,18,11,7
Sparkqt,sargeras,1047,shaman,enhancement,18,11,7
Grindl,stormrage,1047,shaman,enhancement,18,11,7
Emptyy,azralon,1047,shaman,enhancement,24,11,13
Johnnygeh,stormrage,1047,shaman,enhancement,30,11,19
Îvôry,bloodhoof,1046,shaman,enhancement,24,11,13
Dillzîlla,kiljaeden,1044,shaman,enhancement,18,11,7
Dedlystorm,dalaran,1043,shaman,enhancement,24,15,9
Jamblee,sargeras,1043,shaman,enhancement,18,11,7
Omaboa,azgalor,1043,shaman,enhancement,30,11,19
Trulos,stormrage,1041,shaman,enhancement,18,11,7
Pùffball,anvilmar,1038,shaman,enhancement,87,45,42
Thunderfuri,thrall,1037,shaman,enhancement,18,11,7
Karisaatara,moon-guard,1036,shaman,enhancement,51,22,29
Hannibol,tichondrius,1036,shaman,enhancement,72,25,47
Zandya,nemesis,1029,shaman,enhancement,54,22,32
Dilldoughnut,sargeras,1024,shaman,enhancement,23,11,12
Grimlên,skullcrusher,1024,shaman,enhancement,44,16,28
Nîghtstalker,vashj,1023,shaman,enhancement,79,31,48
Dizzytotem,dalaran,1022,shaman,enhancement,35,20,15
Creamcheeser,tichondrius,1021,shaman,enhancement,17,11,6
Morderus,aegwynn,1021,shaman,enhancement,24,11,13
Tøtëm,tichondrius,1021,shaman,enhancement,28,12,16
Radan,kelthuzad,1020,shaman,enhancement,23,11,12
Facebooksux,sargeras,1019,shaman,enhancement,24,16,8
Windfuryshm,emerald-dream,1016,shaman,enhancement,24,11,13
Ellynnu,frostmourne,1015,shaman,enhancement,81,38,43
Deeznuts,the-forgotten-coast,1006,shaman,enhancement,18,11,7
Toastsshaman,tichondrius,1005,shaman,enhancement,15,11,4
Rhagnar,warsong,1004,shaman,enhancement,17,11,6
Gawdot,tichondrius,1002,shaman,enhancement,23,11,12
Stroheim,warsong,1000,shaman,enhancement,21,12,9
Poseidonxd,lightbringer,1000,shaman,enhancement,23,13,10
Ongruge,hyjal,1000,shaman,enhancement,115,55,60
Korgen,area-52,999,shaman,enhancement,25,12,13
Shøcker,bonechewer,996,shaman,enhancement,23,11,12
Prinkipíssa,tichondrius,995,shaman,enhancement,48,22,26
Reavs,illidan,995,shaman,enhancement,40,12,28
Felbrick,area-52,994,shaman,enhancement,42,20,22
Synshenrongt,thrall,990,shaman,enhancement,178,70,108
Zelzus,moon-guard,989,shaman,enhancement,22,11,11
Deckìn,proudmoore,987,shaman,enhancement,14,11,3
Ayangat,darkspear,987,shaman,enhancement,16,11,5
Thorael,borean-tundra,985,shaman,enhancement,17,11,6
Jènova,whisperwind,984,shaman,enhancement,20,11,9
Wälee,sargeras,981,shaman,enhancement,60,31,29
Gbankzs,tichondrius,978,shaman,enhancement,52,19,33
Totojar,alexstrasza,978,shaman,enhancement,40,12,28
Stormwolf,azjolnerub,976,shaman,enhancement,60,30,30
Tyrega,stormrage,976,shaman,enhancement,29,11,18
Mudpwet,borean-tundra,974,shaman,enhancement,84,45,39
Grìmlock,lightbringer,971,shaman,enhancement,19,11,8
Paulenia,quelthalas,971,shaman,enhancement,35,11,24
Charr,nemesis,967,shaman,enhancement,30,14,16
Enhance,sargeras,960,shaman,enhancement,18,10,8
Pikachil,tichondrius,959,shaman,enhancement,15,11,4
Electrik,stormrage,959,shaman,enhancement,18,10,8
Anlukla,gilneas,959,shaman,enhancement,18,10,8
Habrith,proudmoore,959,shaman,enhancement,26,11,15
Kumboi,frostmourne,959,shaman,enhancement,24,10,14
Thorni,nagrand,958,shaman,enhancement,12,10,2
Marginalized,tichondrius,958,shaman,enhancement,18,10,8
Gohsham,hyjal,958,shaman,enhancement,18,10,8
Ggsggs,akama,958,shaman,enhancement,18,10,8
Jimorrison,wyrmrest-accord,958,shaman,enhancement,18,10,8
Chesos,tichondrius,958,shaman,enhancement,90,33,57
Xênss,tichondrius,957,shaman,enhancement,18,10,8
Chavezlives,area-52,957,shaman,enhancement,18,10,8
Suejitsue,malganis,957,shaman,enhancement,24,10,14
Claymoore,nemesis,957,shaman,enhancement,24,10,14
Keroh,blackrock,956,shaman,enhancement,18,10,8
Azl,guldan,956,shaman,enhancement,27,11,16
Kass,area-52,955,shaman,enhancement,24,10,14
Boogey,khazgoroth,955,shaman,enhancement,24,10,14
Tukkutz,moon-guard,955,shaman,enhancement,48,19,29
Aelpian,emerald-dream,954,shaman,enhancement,18,10,8
Smokedemtree,stormrage,954,shaman,enhancement,18,10,8
Garshok,tichondrius,954,shaman,enhancement,18,10,8
Ryntyntyn,blood-furnace,954,shaman,enhancement,24,10,14
Weatherboy,dalaran,950,shaman,enhancement,24,10,14
Mcgraff,frostmourne,949,shaman,enhancement,18,10,8
Paratroop,bonechewer,948,shaman,enhancement,18,10,8
Zeebouzy,illidan,948,shaman,enhancement,27,11,16
Loec,thrall,947,shaman,enhancement,18,10,8
Nokrosao,aegwynn,947,shaman,enhancement,24,10,14
Miane,tichondrius,947,shaman,enhancement,24,10,14
Beefsham,eitrigg,944,shaman,enhancement,30,11,19
Esko,magtheridon,943,shaman,enhancement,24,10,14
Warani,ragnaros,935,shaman,enhancement,25,10,15
Thanwirn,ragnaros,932,shaman,enhancement,42,19,23
Zorieks,wyrmrest-accord,928,shaman,enhancement,23,10,13
Eternalife,khazgoroth,927,shaman,enhancement,30,10,20
Orfelix,nemesis,925,shaman,enhancement,42,17,25
Golozok,zuljin,923,shaman,enhancement,22,12,10
Gammacide,sargeras,921,shaman,enhancement,29,10,19
Cakeclapper,nerzhul,918,shaman,enhancement,23,10,13
Kyness,area-52,916,shaman,enhancement,54,27,27
Oct,thrall,912,shaman,enhancement,36,18,18
Shockshack,illidan,911,shaman,enhancement,17,10,7
Airiem,tichondrius,911,shaman,enhancement,21,11,10
Duality,shattered-halls,909,shaman,enhancement,23,10,13
Garabashi,boulderfist,908,shaman,enhancement,24,11,13
Sprite,wildhammer,907,shaman,enhancement,28,10,18
Srgarrobo,drakkari,903,shaman,enhancement,42,22,20
Thanen,the-scryers,897,shaman,enhancement,48,21,27
Icedogg,malganis,885,shaman,enhancement,72,35,37
Lobovulpino,quelthalas,880,shaman,enhancement,41,17,24
Poagrious,bonechewer,876,shaman,enhancement,40,17,23
Vekku,ragnaros,872,shaman,enhancement,19,10,9
Shakazz,malganis,864,shaman,enhancement,12,9,3
Kaandel,nemesis,864,shaman,enhancement,12,9,3
Shampoó,jubeithos,864,shaman,enhancement,12,9,3
Frantìk,tichondrius,864,shaman,enhancement,12,9,3
Mílkthis,tichondrius,864,shaman,enhancement,12,9,3
Anticyclóne,illidan,864,shaman,enhancement,12,9,3
Solbis,tichondrius,864,shaman,enhancement,12,9,3
Raídyn,sargeras,864,shaman,enhancement,12,9,3
Twotapped,sargeras,864,shaman,enhancement,12,9,3
Elefusion,sargeras,864,shaman,enhancement,12,9,3
Zeroshears,tichondrius,864,shaman,enhancement,12,9,3
Gódsgíft,tichondrius,864,shaman,enhancement,18,9,9
Luluzada,azralon,864,shaman,enhancement,18,9,9
Sethbrogen,vashj,864,shaman,enhancement,24,9,15
Dano,frostwolf,864,shaman,enhancement,30,9,21
Cluffatty,tichondrius,863,shaman,enhancement,12,9,3
Kvnstorm,stormscale,863,shaman,enhancement,12,9,3
Swaggitto,illidan,863,shaman,enhancement,12,9,3
Lickerman,stormreaver,863,shaman,enhancement,12,9,3
Gamba,kargath,863,shaman,enhancement,18,9,9
Flukz,nazjatar,863,shaman,enhancement,18,9,9
Biggem,nazjatar,863,shaman,enhancement,18,9,9
Sluggox,bleeding-hollow,863,shaman,enhancement,18,9,9
Skybender,silvermoon,863,shaman,enhancement,18,9,9
Rakshir,area-52,863,shaman,enhancement,18,9,9
Rubious,cenarius,863,shaman,enhancement,19,9,10
Cannonshot,tichondrius,863,shaman,enhancement,24,9,15
Okkoto,malfurion,862,shaman,enhancement,12,9,3
Bjôrn,bonechewer,862,shaman,enhancement,18,9,9
Chomolungma,azralon,862,shaman,enhancement,18,9,9
Tótemicotl,quelthalas,862,shaman,enhancement,18,9,9
Murdokr,quelthalas,862,shaman,enhancement,18,9,9
Bioshocked,korgath,862,shaman,enhancement,18,9,9
Blackshami,quelthalas,862,shaman,enhancement,54,25,29
Kakiscala,proudmoore,862,shaman,enhancement,23,9,14
Gorgrom,thunderlord,861,shaman,enhancement,12,9,3
Columan,frostmourne,861,shaman,enhancement,239,114,125
Nirmek,amanthul,861,shaman,enhancement,24,9,15
Hoann,tichondrius,860,shaman,enhancement,18,9,9
Bôrghâ,sargeras,860,shaman,enhancement,18,9,9
Shocksqt,malganis,860,shaman,enhancement,24,9,15
Schnellhund,tichondrius,859,shaman,enhancement,18,9,9
Ayahuaska,darkspear,859,shaman,enhancement,18,9,9
Fevolution,dreadmaul,859,shaman,enhancement,18,9,9
Meatballbag,thrall,859,shaman,enhancement,24,9,15
Zentius,thunderhorn,858,shaman,enhancement,26,9,17
Hazorele,nagrand,857,shaman,enhancement,18,9,9
Mydus,kiljaeden,855,shaman,enhancement,18,9,9
Bilbobaggenz,sargeras,854,shaman,enhancement,18,9,9
Cdont,zuljin,853,shaman,enhancement,18,9,9
Halajo,thrall,849,shaman,enhancement,27,10,17
Catchclause,eonar,846,shaman,enhancement,18,10,8
Ugaboogah,thrall,845,shaman,enhancement,18,9,9
Vinara,drenden,834,shaman,enhancement,24,11,13
Shablam,daggerspine,831,shaman,enhancement,34,9,25
Grosgars,burning-blade,830,shaman,enhancement,20,10,10
Trickytotems,stormrage,829,shaman,enhancement,28,9,19
Relyts,tichondrius,825,shaman,enhancement,24,11,13
Britisy,stormrage,825,shaman,enhancement,24,10,14
Sharmut,bleeding-hollow,816,shaman,enhancement,21,10,11
Noveske,arthas,810,shaman,enhancement,21,10,11
Azzula,tichondrius,809,shaman,enhancement,25,10,15
Maicer,goldrinn,809,shaman,enhancement,35,9,26
Gesundrian,kelthuzad,800,shaman,enhancement,16,9,7
Flashyjoe,tichondrius,797,shaman,enhancement,16,9,7
Svddëndëath,sargeras,796,shaman,enhancement,101,38,63
Tsuchekk,tichondrius,782,shaman,enhancement,23,10,13
Slumb,stormrage,781,shaman,enhancement,19,9,10
Xaryu,shuhalo,779,shaman,enhancement,20,9,11
Ennoku,khadgar,768,shaman,enhancement,12,8,4
Illchayqt,frostmourne,768,shaman,enhancement,12,8,4
Jamz,lightbringer,768,shaman,enhancement,12,8,4
Botu,malorne,768,shaman,enhancement,12,8,4
Humiliated,stormrage,768,shaman,enhancement,12,8,4
Plznostepmom,tichondrius,768,shaman,enhancement,12,8,4
Mazaar,kul-tiras,768,shaman,enhancement,12,8,4
Zemz,nazjatar,768,shaman,enhancement,12,8,4
Cinderfury,magtheridon,768,shaman,enhancement,12,8,4
Còsmos,illidan,768,shaman,enhancement,12,8,4
Lindsanx,illidan,768,shaman,enhancement,18,8,10
Lungsha,tichondrius,768,shaman,enhancement,18,8,10
Neeman,malganis,768,shaman,enhancement,18,8,10
Elevatezxo,stormrage,767,shaman,enhancement,12,8,4
Nekorii,bleeding-hollow,767,shaman,enhancement,12,8,4
Zunjix,tichondrius,767,shaman,enhancement,12,8,4
Beloo,lightbringer,767,shaman,enhancement,12,8,4
Barrakum,darrowmere,767,shaman,enhancement,12,8,4
Skribblez,tichondrius,767,shaman,enhancement,16,9,7
Dtrumpx,tichondrius,767,shaman,enhancement,18,8,10
Wæver,tichondrius,767,shaman,enhancement,18,8,10
Loliqueenfae,illidan,767,shaman,enhancement,18,8,10
Indaka,kiljaeden,767,shaman,enhancement,18,8,10
Beast,mannoroth,767,shaman,enhancement,18,8,10
Shockfreak,stormrage,767,shaman,enhancement,18,8,10
Ikiteforlsd,zuljin,767,shaman,enhancement,20,8,12
Reptimus,sargeras,767,shaman,enhancement,24,8,16
Cutedraenei,destromath,767,shaman,enhancement,24,8,16
Cuban,kelthuzad,767,shaman,enhancement,24,8,16
Aerôv,area-52,767,shaman,enhancement,24,8,16
Mcumshot,ragnaros,767,shaman,enhancement,30,8,22
Pipers,frostmourne,767,shaman,enhancement,31,8,23
Chamxz,ragnaros,766,shaman,enhancement,12,8,4
Wartyde,tichondrius,766,shaman,enhancement,12,8,4
Adhdeeznuts,frostmourne,766,shaman,enhancement,18,8,10
Hornyratchet,bleeding-hollow,766,shaman,enhancement,18,8,10
Xhenra,proudmoore,766,shaman,enhancement,18,8,10
Beul,wyrmrest-accord,764,shaman,enhancement,18,8,10
Gwyste,moon-guard,764,shaman,enhancement,21,9,12
Shaminja,kiljaeden,763,shaman,enhancement,12,8,4
Meatballman,malganis,763,shaman,enhancement,24,8,16
Voranis,firetree,762,shaman,enhancement,16,9,7
Ummyea,dreadmaul,760,shaman,enhancement,18,8,10
Böc,tichondrius,760,shaman,enhancement,20,8,12
Endme,zuljin,758,shaman,enhancement,12,8,4
Orendail,jubeithos,758,shaman,enhancement,24,8,16
Rocktor,alleria,757,shaman,enhancement,12,8,4
Ipponhim,saurfang,756,shaman,enhancement,15,9,6
Shimshak,destromath,756,shaman,enhancement,18,8,10
Morgoph,bleeding-hollow,735,shaman,enhancement,14,9,5
Darshidarsh,emerald-dream,735,shaman,enhancement,22,8,14
Emaric,sargeras,735,shaman,enhancement,23,8,15
Succies,emerald-dream,719,shaman,enhancement,17,8,9
Omnipresent,malganis,719,shaman,enhancement,17,8,9
Boozecruz,silvermoon,718,shaman,enhancement,23,8,15
Mackabimbim,area-52,717,shaman,enhancement,11,8,3
Shockedya,destromath,714,shaman,enhancement,23,10,13
Pwnskillz,area-52,712,shaman,enhancement,17,8,9
Hammerdog,illidan,703,shaman,enhancement,16,8,8
Beelzeburst,sargeras,703,shaman,enhancement,17,8,9
Streetacus,tichondrius,698,shaman,enhancement,32,8,24
Õhmÿ,emerald-dream,687,shaman,enhancement,11,8,3
Maxsimiliano,emerald-dream,681,shaman,enhancement,24,8,16
Lïnc,sargeras,672,shaman,enhancement,12,7,5
Ogsmolsham,zuljin,672,shaman,enhancement,12,7,5
Skylîne,sargeras,672,shaman,enhancement,12,7,5
Yaytotems,sargeras,672,shaman,enhancement,12,7,5
Eimear,kelthuzad,672,shaman,enhancement,12,7,5
Bawkbagawk,bleeding-hollow,672,shaman,enhancement,12,7,5
Olujakal,emerald-dream,672,shaman,enhancement,12,7,5
Voltik,ragnaros,672,shaman,enhancement,12,7,5
Liteningbolt,bleeding-hollow,672,shaman,enhancement,12,7,5
Asy,tichondrius,672,shaman,enhancement,12,7,5
Dwârf,tichondrius,672,shaman,enhancement,12,7,5
Oneripemango,illidan,672,shaman,enhancement,12,7,5
Windführer,illidan,672,shaman,enhancement,12,7,5
Sourcreamqtx,stormrage,672,shaman,enhancement,12,7,5
Shòckaholic,bleeding-hollow,672,shaman,enhancement,12,7,5
Wóåh,stormrage,672,shaman,enhancement,12,7,5
Mattzander,kiljaeden,672,shaman,enhancement,12,7,5
Vlal,tichondrius,672,shaman,enhancement,12,7,5
Lavalinks,malganis,672,shaman,enhancement,12,7,5
Akwar,greymane,672,shaman,enhancement,12,7,5
Grouhnk,tichondrius,672,shaman,enhancement,12,7,5
Battleimp,kelthuzad,672,shaman,enhancement,12,7,5
Ceromental,frostmane,672,shaman,enhancement,12,7,5
Zapstrike,stormrage,672,shaman,enhancement,12,7,5
Wojnar,zuljin,672,shaman,enhancement,12,7,5
Jeuno,gnomeregan,672,shaman,enhancement,18,7,11
Yungcreampie,bleeding-hollow,672,shaman,enhancement,18,7,11
Kidkovid,illidan,672,shaman,enhancement,18,7,11
Raywhiter,tichondrius,672,shaman,enhancement,22,8,14
Murm,burning-blade,671,shaman,enhancement,12,7,5
Hypersomnia,icecrown,671,shaman,enhancement,12,7,5
Setek,barthilas,671,shaman,enhancement,12,7,5
Mynigabob,zuljin,671,shaman,enhancement,12,7,5
Unbaerable,blackrock,671,shaman,enhancement,12,7,5
Seraøth,area-52,671,shaman,enhancement,12,7,5
Crowingraven,queldorei,671,shaman,enhancement,12,7,5
Jigawatt,doomhammer,671,shaman,enhancement,12,7,5
Thiccpedro,andorhal,671,shaman,enhancement,12,7,5
Checkmâte,emerald-dream,671,shaman,enhancement,12,7,5
Folse,tichondrius,671,shaman,enhancement,12,7,5
Hrotah,wyrmrest-accord,671,shaman,enhancement,18,7,11
Wickyz,moon-guard,671,shaman,enhancement,18,7,11
Jëks,azjolnerub,671,shaman,enhancement,18,7,11
Sicetots,sargeras,671,shaman,enhancement,18,7,11
Kultirio,quelthalas,671,shaman,enhancement,18,7,11
Enhancee,bonechewer,671,shaman,enhancement,18,7,11
Coronavirrus,hydraxis,671,shaman,enhancement,18,7,11
Dennwoop,sargeras,671,shaman,enhancement,18,7,11
Atlli,zuljin,671,shaman,enhancement,18,7,11
Zald,shattered-halls,671,shaman,enhancement,18,7,11
Hellothere,drenden,671,shaman,enhancement,18,7,11
Taintvapor,stormrage,671,shaman,enhancement,18,7,11
Wangbangjr,mugthol,671,shaman,enhancement,18,7,11
Nondracil,ragnaros,671,shaman,enhancement,18,7,11
Velekar,moon-guard,671,shaman,enhancement,21,8,13
Hablarocas,ragnaros,671,shaman,enhancement,24,7,17
Radiology,garithos,670,shaman,enhancement,12,7,5
Spankì,kelthuzad,670,shaman,enhancement,12,7,5
Morehammeerr,thunderlord,670,shaman,enhancement,12,7,5
Drvoodoö,tichondrius,670,shaman,enhancement,18,7,11
Møostrom,thrall,670,shaman,enhancement,18,7,11
Orcgirth,kiljaeden,670,shaman,enhancement,21,8,13
Thunderod,destromath,669,shaman,enhancement,12,7,5
Vladd,hellscream,669,shaman,enhancement,18,7,11
Helljumper,illidan,669,shaman,enhancement,21,8,13
Mugnar,alleria,669,shaman,enhancement,24,7,17
Kergan,fenris,669,shaman,enhancement,24,7,17
Jacniclstorm,frostmourne,668,shaman,enhancement,12,7,5
Wokoe,tichondrius,668,shaman,enhancement,12,7,5
Gerjann,emerald-dream,667,shaman,enhancement,18,7,11
Funkyshock,dalaran,667,shaman,enhancement,18,7,11
Gunai,malganis,665,shaman,enhancement,24,7,17
Mfpo,thunderlord,661,shaman,enhancement,18,7,11
Shammich,vashj,655,shaman,enhancement,11,7,4
Fligmos,llane,639,shaman,enhancement,20,8,12
Sugarbabyy,tichondrius,623,shaman,enhancement,11,7,4
Heaties,tichondrius,623,shaman,enhancement,11,7,4
Nazghash,wyrmrest-accord,623,shaman,enhancement,17,7,10
Smeeza,frostmourne,617,shaman,enhancement,21,9,12
Haawksin,ragnaros,617,shaman,enhancement,20,8,12
Intress,moon-guard,607,shaman,enhancement,10,7,3
Äwarz,drakkari,607,shaman,enhancement,14,7,7
Eanne,moon-guard,592,shaman,enhancement,19,7,12
Pikoom,tichondrius,576,shaman,enhancement,6,6,0
Chachmon,ursin,576,shaman,enhancement,6,6,0
Slurgamer,area-52,576,shaman,enhancement,6,6,0
Mèrkk,misha,576,shaman,enhancement,6,6,0
Vuduü,stormrage,576,shaman,enhancement,6,6,0
Shockpanda,zuljin,576,shaman,enhancement,6,6,0
Foxymama,the-forgotten-coast,576,shaman,enhancement,6,6,0
Shamane,onyxia,576,shaman,enhancement,6,6,0
Dånydevito,moonrunner,576,shaman,enhancement,6,6,0
Spotbeard,shadowsong,576,shaman,enhancement,6,6,0
Ftierspec,frostmourne,576,shaman,enhancement,6,6,0
Clear,darkspear,576,shaman,enhancement,6,6,0
Charleschwab,proudmoore,576,shaman,enhancement,12,6,6
Kêtchpup,wyrmrest-accord,576,shaman,enhancement,12,6,6
Karagra,tichondrius,576,shaman,enhancement,12,6,6
Scarlo,bleeding-hollow,576,shaman,enhancement,12,6,6
Stormdancer,elune,576,shaman,enhancement,12,6,6
Måståçåstå,bleeding-hollow,576,shaman,enhancement,12,6,6
Hruggol,bleeding-hollow,576,shaman,enhancement,12,6,6
Strønklesøn,drakthul,576,shaman,enhancement,12,6,6
Xaspen,skullcrusher,576,shaman,enhancement,12,6,6
Cooperation,kelthuzad,576,shaman,enhancement,12,6,6
Cptsnarf,tichondrius,576,shaman,enhancement,12,6,6
Owtyobwol,area-52,576,shaman,enhancement,12,6,6
Orkshammy,illidan,576,shaman,enhancement,12,6,6
Stylebenderx,frostmourne,576,shaman,enhancement,12,6,6
Ezzroz,guldan,576,shaman,enhancement,12,6,6
Kyzen,tichondrius,576,shaman,enhancement,12,6,6
Firetrucks,area-52,576,shaman,enhancement,12,6,6
Thunderøus,stormrage,576,shaman,enhancement,12,6,6
Uggoluga,dalaran,576,shaman,enhancement,12,6,6
Crucybletv,korgath,576,shaman,enhancement,12,6,6
Trashcam,illidan,576,shaman,enhancement,12,6,6
Agpx,tichondrius,576,shaman,enhancement,12,6,6
Fischerman,barthilas,576,shaman,enhancement,12,6,6
Stnky,cairne,576,shaman,enhancement,12,6,6
Coraamia,nerzhul,576,shaman,enhancement,12,6,6
Onlyfanslink,darkspear,576,shaman,enhancement,12,6,6
Bussybutter,sargeras,576,shaman,enhancement,12,6,6
Sabikas,sargeras,576,shaman,enhancement,12,6,6
Blazefury,stormrage,576,shaman,enhancement,12,6,6
Xantíd,wyrmrest-accord,576,shaman,enhancement,12,6,6
Aganagin,moon-guard,576,shaman,enhancement,12,6,6
Nyvka,ragnaros,576,shaman,enhancement,12,6,6
Antahanu,ragnaros,576,shaman,enhancement,12,6,6
Enhpower,area-52,576,shaman,enhancement,12,6,6
Skrankles,illidan,576,shaman,enhancement,12,6,6
Unrezolved,hyjal,576,shaman,enhancement,13,6,7
Groovesh,thrall,576,shaman,enhancement,14,6,8
Flamefüry,azralon,576,shaman,enhancement,18,6,12
Jackiesham,illidan,576,shaman,enhancement,18,6,12
Ferdashock,tichondrius,576,shaman,enhancement,18,6,12
Darkvx,quelthalas,575,shaman,enhancement,12,6,6
Frèya,uldaman,575,shaman,enhancement,12,6,6
Kurtcan,kelthuzad,575,shaman,enhancement,12,6,6
Gingeroo,stonemaul,575,shaman,enhancement,12,6,6
Royvaz,guldan,575,shaman,enhancement,12,6,6
Dacota,emerald-dream,575,shaman,enhancement,12,6,6
Oaktar,bleeding-hollow,575,shaman,enhancement,12,6,6
Somethingdop,sargeras,575,shaman,enhancement,12,6,6
Internnet,sargeras,575,shaman,enhancement,12,6,6
Naextramus,ragnaros,575,shaman,enhancement,12,6,6
Kobeshio,destromath,575,shaman,enhancement,21,7,14
Gulgortz,ragnaros,575,shaman,enhancement,18,6,12
Møp,spirestone,575,shaman,enhancement,18,6,12
Regeneration,darkspear,575,shaman,enhancement,18,6,12
Sartikiria,wyrmrest-accord,575,shaman,enhancement,18,6,12
Dhokki,frostmourne,574,shaman,enhancement,6,6,0
Okdopey,area-52,574,shaman,enhancement,24,6,18
Maltral,zuljin,573,shaman,enhancement,24,6,18
Størmbreäker,tichondrius,572,shaman,enhancement,12,6,6
Hazreti,zuljin,572,shaman,enhancement,18,6,12
Fadesrp,moon-guard,571,shaman,enhancement,12,6,6
Kylnadra,silvermoon,571,shaman,enhancement,12,6,6
Ðg,tichondrius,569,shaman,enhancement,18,6,12
Notahealz,zuljin,559,shaman,enhancement,17,6,11
Rykutu,lightbringer,544,shaman,enhancement,10,7,3
Prêttylights,bleeding-hollow,543,shaman,enhancement,11,6,5
Byakuwugan,undermine,542,shaman,enhancement,8,7,1
Djshocks,sargeras,527,shaman,enhancement,11,6,5
Belgrom,tichondrius,521,shaman,enhancement,12,7,5
Forge,maelstrom,511,shaman,enhancement,14,6,8
Sänë,tichondrius,480,shaman,enhancement,6,5,1
Beatmán,blades-edge,480,shaman,enhancement,6,5,1
Elek,alterac-mountains,480,shaman,enhancement,6,5,1
Dörnèr,malganis,480,shaman,enhancement,6,5,1
Bluepenguin,kelthuzad,480,shaman,enhancement,6,5,1
Krunggar,azralon,480,shaman,enhancement,6,5,1
Bluekid,barthilas,480,shaman,enhancement,6,5,1
Zappiiboii,malganis,480,shaman,enhancement,6,5,1
Vivias,tichondrius,480,shaman,enhancement,6,5,1
Turukmokto,illidan,480,shaman,enhancement,6,5,1
Nakamora,tichondrius,480,shaman,enhancement,6,5,1
Fwap,bleeding-hollow,480,shaman,enhancement,6,5,1
Swonsham,ravencrest,480,shaman,enhancement,6,5,1
Zunden,illidan,480,shaman,enhancement,6,5,1
Wugmuk,illidan,480,shaman,enhancement,6,5,1
Bofah,draktharon,480,shaman,enhancement,6,5,1
Çaçeçiçoçu,azralon,480,shaman,enhancement,6,5,1
Tremordrfear,lightbringer,480,shaman,enhancement,6,5,1
Iava,dalaran,480,shaman,enhancement,6,5,1
Tekdar,kiljaeden,480,shaman,enhancement,10,6,4
Waterground,tichondrius,480,shaman,enhancement,12,5,7
Zithdik,tichondrius,480,shaman,enhancement,12,5,7
Kwizal,stormrage,480,shaman,enhancement,12,5,7
Fofty,kelthuzad,480,shaman,enhancement,12,5,7
Jorgim,frostmourne,480,shaman,enhancement,12,5,7
Berasham,aerie-peak,480,shaman,enhancement,12,5,7
Keltarget,malganis,480,shaman,enhancement,12,5,7
Spencesham,sargeras,480,shaman,enhancement,12,5,7
Scrototæm,area-52,480,shaman,enhancement,12,5,7
Bitxxnumber,tichondrius,480,shaman,enhancement,12,5,7
Kamisenhance,illidan,480,shaman,enhancement,12,5,7
Mzzar,tichondrius,480,shaman,enhancement,12,5,7
Electrikz,moonrunner,480,shaman,enhancement,12,5,7
Mawcus,zuljin,480,shaman,enhancement,12,5,7
Osunutai,ragnaros,480,shaman,enhancement,12,5,7
Shoktsky,moon-guard,480,shaman,enhancement,12,5,7
Capivarãão,stormrage,480,shaman,enhancement,12,5,7
Meatlog,dalaran,480,shaman,enhancement,12,5,7
Nordstorm,stormrage,480,shaman,enhancement,12,5,7
Choquinho,azralon,480,shaman,enhancement,12,5,7
Sleepysham,anubarak,480,shaman,enhancement,12,5,7
Rockperson,illidan,480,shaman,enhancement,12,5,7
Sèktor,dalaran,480,shaman,enhancement,12,5,7
Matzahmeal,skywall,480,shaman,enhancement,12,5,7
Shango,kalecgos,480,shaman,enhancement,12,5,7
Ioopii,area-52,480,shaman,enhancement,12,5,7
Yeyo,tichondrius,480,shaman,enhancement,17,5,12
Fíren,area-52,480,shaman,enhancement,18,5,13
Gangdan,emerald-dream,480,shaman,enhancement,18,5,13
Gyokuken,stormrage,480,shaman,enhancement,18,5,13
Macumbolo,nemesis,480,shaman,enhancement,18,5,13
Spiritry,tichondrius,480,shaman,enhancement,18,5,13
Zarzlek,destromath,480,shaman,enhancement,25,5,20
Dushkanar,barthilas,479,shaman,enhancement,12,5,7
Tugnar,ragnaros,479,shaman,enhancement,12,5,7
Youngthùg,frostmourne,479,shaman,enhancement,18,5,13
Aegaeonlol,tichondrius,479,shaman,enhancement,18,5,13
Brorogan,aerie-peak,478,shaman,enhancement,12,5,7
Unhapintadaa,azralon,478,shaman,enhancement,18,5,13
Flie,tichondrius,478,shaman,enhancement,18,5,13
Enkkiz,ragnaros,477,shaman,enhancement,12,5,7
Curtrex,amanthul,472,shaman,enhancement,19,8,11
Grogakk,moon-guard,447,shaman,enhancement,12,6,6
Shazikial,illidan,447,shaman,enhancement,11,5,6
Jazzyy,korgath,447,shaman,enhancement,11,5,6
Beefdrapesz,tichondrius,426,shaman,enhancement,16,6,10
Flamestrife,illidan,426,shaman,enhancement,28,8,20
Furiousnick,stormrage,415,shaman,enhancement,8,5,3
Rykku,illidan,400,shaman,enhancement,7,5,2
Bigbb,tichondrius,400,shaman,enhancement,10,6,4
Drugdòér,tichondrius,384,shaman,enhancement,6,4,2
Chakkusando,barthilas,384,shaman,enhancement,6,4,2
Grimwind,tichondrius,384,shaman,enhancement,6,4,2
Wheath,tichondrius,384,shaman,enhancement,6,4,2
Orcswole,tichondrius,384,shaman,enhancement,6,4,2
Drmn,frostmourne,384,shaman,enhancement,6,4,2
Parashox,barthilas,384,shaman,enhancement,6,4,2
Touchovlife,dragonblight,384,shaman,enhancement,6,4,2
Sweatshock,frostmourne,384,shaman,enhancement,6,4,2
Birkenshock,tichondrius,384,shaman,enhancement,6,4,2
Wools,frostmourne,384,shaman,enhancement,6,4,2
Mastrionilol,dragonmaw,384,shaman,enhancement,6,4,2
Rékghar,tichondrius,384,shaman,enhancement,6,4,2
Dingfu,sargeras,384,shaman,enhancement,6,4,2
Miroen,tichondrius,384,shaman,enhancement,6,4,2
Protoaster,tichondrius,384,shaman,enhancement,6,4,2
Bronzers,tichondrius,384,shaman,enhancement,6,4,2
Ataraxiax,tichondrius,384,shaman,enhancement,6,4,2
Gunrose,proudmoore,384,shaman,enhancement,6,4,2
Meramin,illidan,384,shaman,enhancement,6,4,2
Skipler,stormrage,384,shaman,enhancement,6,4,2
Utilitytotem,moon-guard,384,shaman,enhancement,6,4,2
Donogal,aerie-peak,384,shaman,enhancement,6,4,2
Slurslinger,area-52,384,shaman,enhancement,6,4,2
Stormysteve,hyjal,384,shaman,enhancement,6,4,2
Trícksey,burning-blade,384,shaman,enhancement,6,4,2
Sorgal,area-52,384,shaman,enhancement,6,4,2
Clydehexler,area-52,384,shaman,enhancement,6,4,2
Angrytotems,ragnaros,384,shaman,enhancement,6,4,2
Thenightt,garona,384,shaman,enhancement,6,4,2
Elemastery,windrunner,384,shaman,enhancement,6,4,2
Kylani,thrall,384,shaman,enhancement,6,4,2
Omomo,shadowmoon,384,shaman,enhancement,6,4,2
Aureal,malganis,384,shaman,enhancement,6,4,2
Bigboyjones,thrall,384,shaman,enhancement,6,4,2
Urao,stormrage,384,shaman,enhancement,6,4,2
Shinchan,lightnings-blade,384,shaman,enhancement,6,4,2
Tokyotimxxo,malganis,384,shaman,enhancement,6,4,2
Kisseyfaçaí,kelthuzad,384,shaman,enhancement,7,4,3
Eleshortal,azuremyst,384,shaman,enhancement,9,4,5
Styrmic,frostmourne,384,shaman,enhancement,12,4,8
Odhin,mannoroth,384,shaman,enhancement,12,4,8
Ironloins,kelthuzad,384,shaman,enhancement,12,4,8
Raikages,whisperwind,384,shaman,enhancement,12,4,8
Nehrakgu,wyrmrest-accord,384,shaman,enhancement,12,4,8
Piril,moon-guard,384,shaman,enhancement,12,4,8
Enanomka,drakkari,384,shaman,enhancement,12,4,8
Cariix,maelstrom,384,shaman,enhancement,12,4,8
Merrìtt,area-52,384,shaman,enhancement,12,4,8
Tictactotem,lothar,384,shaman,enhancement,12,4,8
Wabfurrie,twisting-nether,384,shaman,enhancement,12,4,8
Kaalyssia,moon-guard,384,shaman,enhancement,12,4,8
Peelingsurge,illidan,384,shaman,enhancement,12,4,8
Emppege,tichondrius,384,shaman,enhancement,12,4,8
Insanelol,tichondrius,384,shaman,enhancement,12,4,8
Smackzs,sargeras,384,shaman,enhancement,12,4,8
Doorti,area-52,384,shaman,enhancement,12,4,8
Vertrág,malganis,384,shaman,enhancement,12,4,8
Naturebøy,bleeding-hollow,384,shaman,enhancement,12,4,8
Gaurudon,zuljin,384,shaman,enhancement,12,4,8
Kinnarlan,sargeras,384,shaman,enhancement,12,4,8
Bigstormz,fenris,384,shaman,enhancement,12,4,8
Kooj,frostmourne,384,shaman,enhancement,12,4,8
Rbg,sargeras,384,shaman,enhancement,12,4,8
Foray,barthilas,384,shaman,enhancement,12,4,8
Gorszu,proudmoore,384,shaman,enhancement,15,4,11
Shamncheddar,bleeding-hollow,384,shaman,enhancement,15,4,11
Brenqt,nemesis,384,shaman,enhancement,18,4,14
Çatastrophe,dalaran,384,shaman,enhancement,18,4,14
Grimdil,quelthalas,384,shaman,enhancement,18,4,14
Stormmän,stormrage,384,shaman,enhancement,18,4,14
Illdelph,crushridge,384,shaman,enhancement,18,4,14
Xoelement,borean-tundra,384,shaman,enhancement,18,4,14
Toeto,darrowmere,383,shaman,enhancement,6,4,2
Rhal,ragnaros,383,shaman,enhancement,6,4,2
Shiestys,tichondrius,383,shaman,enhancement,6,4,2
Cakinha,stormrage,383,shaman,enhancement,6,4,2
Ghogann,bleeding-hollow,383,shaman,enhancement,6,4,2
Galgara,amanthul,383,shaman,enhancement,10,4,6
Smolder,magtheridon,383,shaman,enhancement,12,4,8
Wyntertotem,tichondrius,383,shaman,enhancement,12,4,8
Euthiliz,emerald-dream,383,shaman,enhancement,12,4,8
Kurzee,kelthuzad,383,shaman,enhancement,12,4,8
Ikora,crushridge,381,shaman,enhancement,12,4,8
Jonfckingear,zuljin,351,shaman,enhancement,8,5,3
Pyanir,thrall,351,shaman,enhancement,11,4,7
Engorgdshock,tichondrius,351,shaman,enhancement,14,5,9
Admetis,vashj,351,shaman,enhancement,17,4,13
Thorsén,ursin,335,shaman,enhancement,17,4,13
Jeaunoo,darkspear,330,shaman,enhancement,14,5,9
Kyrels,barthilas,330,shaman,enhancement,16,5,11
Ýup,tichondrius,320,shaman,enhancement,10,4,6
Manntasticc,bleeding-hollow,320,shaman,enhancement,10,4,6
Lardaz,darkspear,319,shaman,enhancement,5,4,1
Xulangshammy,illidan,319,shaman,enhancement,11,4,7
Tempestsmash,tichondrius,304,shaman,enhancement,7,4,3
Bimbly,eitrigg,303,shaman,enhancement,13,4,9
Cars,jaedenar,288,shaman,enhancement,6,3,3
Dåd,kargath,288,shaman,enhancement,6,3,3
Tiqqle,area-52,288,shaman,enhancement,6,3,3
Zapmavz,area-52,288,shaman,enhancement,6,3,3
Lennylemons,stormrage,288,shaman,enhancement,6,3,3
Lame,korgath,288,shaman,enhancement,6,3,3
Dwarfmaro,sargeras,288,shaman,enhancement,6,3,3
Harshest,stormrage,288,shaman,enhancement,6,3,3
Nkrumah,sargeras,288,shaman,enhancement,6,3,3
Ban,blackrock,288,shaman,enhancement,6,3,3
Jumanji,zuljin,288,shaman,enhancement,6,3,3
Bovinefony,blackrock,288,shaman,enhancement,6,3,3
Kubisham,warsong,288,shaman,enhancement,6,3,3
Reminisce,sargeras,288,shaman,enhancement,6,3,3
Brutalshammy,muradin,288,shaman,enhancement,6,3,3
Gumballin,sargeras,288,shaman,enhancement,6,3,3
Swifteyy,area-52,288,shaman,enhancement,6,3,3
Popsoot,area-52,288,shaman,enhancement,6,3,3
Haititnahtou,kaelthas,288,shaman,enhancement,6,3,3
Røckdeath,sargeras,288,shaman,enhancement,6,3,3
Wreçkitralph,sargeras,288,shaman,enhancement,6,3,3
Spraggabenz,zuljin,288,shaman,enhancement,6,3,3
Meatcannon,emerald-dream,288,shaman,enhancement,6,3,3
Bignveiny,darkspear,288,shaman,enhancement,6,3,3
Oskai,sargeras,288,shaman,enhancement,6,3,3
Shammuraí,duskwood,288,shaman,enhancement,6,3,3
Mundi,madoran,288,shaman,enhancement,6,3,3
Emtflakes,darkspear,288,shaman,enhancement,6,3,3
Freshoranges,blood-furnace,288,shaman,enhancement,6,3,3
Redpocket,zuluhed,288,shaman,enhancement,6,3,3
Wildernez,whisperwind,288,shaman,enhancement,6,3,3
Owiez,sargeras,288,shaman,enhancement,6,3,3
Jme,arthas,288,shaman,enhancement,6,3,3
Helapoon,area-52,288,shaman,enhancement,6,3,3
Ulala,azshara,288,shaman,enhancement,6,3,3
Sanachan,blood-furnace,288,shaman,enhancement,6,3,3
Grimmick,area-52,288,shaman,enhancement,6,3,3
Slowkeeper,azralon,288,shaman,enhancement,6,3,3
Puffjin,zuljin,288,shaman,enhancement,6,3,3
Eekumbokum,bleeding-hollow,288,shaman,enhancement,6,3,3
Jibbajabber,laughing-skull,288,shaman,enhancement,6,3,3
Humper,korgath,288,shaman,enhancement,6,3,3
Baelements,sargeras,288,shaman,enhancement,6,3,3
Puddlecakes,lightbringer,288,shaman,enhancement,6,3,3
Bon,ravencrest,288,shaman,enhancement,6,3,3
Cameltotim,bleeding-hollow,288,shaman,enhancement,6,3,3
Ëvëlyn,chogall,288,shaman,enhancement,6,3,3
Bottlez,sargeras,288,shaman,enhancement,6,3,3
Zoma,elune,288,shaman,enhancement,6,3,3
Luxenor,kelthuzad,288,shaman,enhancement,6,3,3
Orgyll,korgath,288,shaman,enhancement,6,3,3
Shammateur,malganis,288,shaman,enhancement,6,3,3
Littleshammy,aggramar,288,shaman,enhancement,6,3,3
Sleepysham,kelthuzad,288,shaman,enhancement,6,3,3
Vivean,kelthuzad,288,shaman,enhancement,6,3,3
Fadeshy,illidan,288,shaman,enhancement,6,3,3
Toyletpaper,mugthol,288,shaman,enhancement,6,3,3
Magmaz,tichondrius,288,shaman,enhancement,6,3,3
Gojiras,barthilas,288,shaman,enhancement,6,3,3
Robot,illidan,288,shaman,enhancement,6,3,3
Dogcompany,tichondrius,288,shaman,enhancement,6,3,3
Krolii,tichondrius,288,shaman,enhancement,6,3,3
Lillys,malganis,288,shaman,enhancement,6,3,3
Totemtantrum,tichondrius,288,shaman,enhancement,6,3,3
Shamzie,malganis,288,shaman,enhancement,6,3,3
Mhuns,malganis,288,shaman,enhancement,6,3,3
Unknownghost,maiev,288,shaman,enhancement,6,3,3
Tempestarii,ragnaros,288,shaman,enhancement,6,3,3
Urcarry,illidan,288,shaman,enhancement,6,3,3
Glexhex,tichondrius,288,shaman,enhancement,6,3,3
Thunnor,tichondrius,288,shaman,enhancement,6,3,3
Thiccwater,frostmourne,288,shaman,enhancement,6,3,3
Subbyxd,tichondrius,288,shaman,enhancement,6,3,3
Felzir,quelthalas,288,shaman,enhancement,6,3,3
Deadryassian,malganis,288,shaman,enhancement,6,3,3
Drgreek,barthilas,288,shaman,enhancement,6,3,3
Tideqt,tichondrius,288,shaman,enhancement,6,3,3
Shamaro,malganis,288,shaman,enhancement,6,3,3
Toath,tichondrius,288,shaman,enhancement,6,3,3
Aruçar,drakkari,288,shaman,enhancement,6,3,3
Sabtifa,proudmoore,288,shaman,enhancement,6,3,3
Ethikas,tichondrius,288,shaman,enhancement,6,3,3
Gluttöny,moon-guard,288,shaman,enhancement,6,3,3
Getwetand,quelthalas,288,shaman,enhancement,6,3,3
Hoodieszn,dalaran,288,shaman,enhancement,6,3,3
Hottesthands,barthilas,288,shaman,enhancement,6,3,3
Boymojo,daggerspine,288,shaman,enhancement,6,3,3
Gimpanzee,kiljaeden,288,shaman,enhancement,6,3,3
Tempestion,malganis,288,shaman,enhancement,9,4,5
Jaftter,quelthalas,288,shaman,enhancement,9,4,5
Hephæstus,maiev,288,shaman,enhancement,9,4,5
Putinsdad,tichondrius,288,shaman,enhancement,10,4,6
Vanella,malganis,288,shaman,enhancement,8,3,5
Mambaz,tichondrius,288,shaman,enhancement,12,3,9
Thunderblood,nerzhul,288,shaman,enhancement,12,3,9
Jwondo,area-52,288,shaman,enhancement,12,3,9
Drgiggleheim,tichondrius,288,shaman,enhancement,12,3,9
Immunize,tichondrius,288,shaman,enhancement,12,3,9
Yaazz,frostmourne,288,shaman,enhancement,12,3,9
Drekkhal,area-52,288,shaman,enhancement,12,3,9
Smeagðl,tichondrius,288,shaman,enhancement,12,3,9
Jajxshammy,rivendare,288,shaman,enhancement,12,3,9
Khazy,skullcrusher,288,shaman,enhancement,12,3,9
Fishmoley,zuljin,288,shaman,enhancement,12,3,9
Malsturm,stormrage,288,shaman,enhancement,12,3,9
Blooddtears,stormrage,288,shaman,enhancement,12,3,9
Fuw,zuljin,288,shaman,enhancement,12,3,9
Faelzão,nemesis,288,shaman,enhancement,12,3,9
Samo,the-underbog,288,shaman,enhancement,12,3,9
Camltotem,tichondrius,288,shaman,enhancement,12,3,9
Melåån,jubeithos,288,shaman,enhancement,12,3,9
Lurklox,emerald-dream,288,shaman,enhancement,12,3,9
Hammaam,illidan,288,shaman,enhancement,12,3,9
Jhivone,tichondrius,288,shaman,enhancement,12,3,9
Bobbymooshay,area-52,288,shaman,enhancement,12,3,9
Sparkeybeard,frostmourne,288,shaman,enhancement,12,3,9
Silverwolf,eredar,288,shaman,enhancement,12,3,9
Jireñ,area-52,288,shaman,enhancement,12,3,9
Gudac,tichondrius,288,shaman,enhancement,12,3,9
Samanl,tichondrius,288,shaman,enhancement,12,3,9
Xrag,sargeras,288,shaman,enhancement,12,3,9
Azão,stormrage,288,shaman,enhancement,12,3,9
Actios,stormrage,288,shaman,enhancement,12,3,9
Shocksnbonds,zuljin,288,shaman,enhancement,12,3,9
Kinnix,bonechewer,288,shaman,enhancement,18,3,15
Urbullshixx,tichondrius,287,shaman,enhancement,6,3,3
Mustbetrash,malganis,287,shaman,enhancement,6,3,3
Zappz,thunderlord,286,shaman,enhancement,6,3,3
Dnttazemebro,area-52,286,shaman,enhancement,6,3,3
Pocoloco,blades-edge,271,shaman,enhancement,11,4,7
Nargen,tichondrius,271,shaman,enhancement,11,3,8
Lagamental,frostmourne,240,shaman,enhancement,9,3,6
ßodycount,area-52,240,shaman,enhancement,9,3,6
Sølbi,tichondrius,239,shaman,enhancement,5,3,2
Caobuloso,azralon,239,shaman,enhancement,5,3,2
Turboeg,stormrage,239,shaman,enhancement,5,3,2
Ghazal,emerald-dream,234,shaman,enhancement,10,4,6
Kryms,chogall,234,shaman,enhancement,17,6,11
Totemlyhot,frostmourne,192,shaman,enhancement,4,3,1
Johnpanda,frostmourne,192,shaman,enhancement,4,3,1
Kayadee,stormrage,192,shaman,enhancement,9,3,6
Khuufu,fizzcrank,192,shaman,enhancement,6,2,4
Wurzag,bleeding-hollow,192,shaman,enhancement,6,2,4
Poxnhxb,tichondrius,192,shaman,enhancement,6,2,4
Hothandxo,illidan,192,shaman,enhancement,6,2,4
Thünderstrük,tichondrius,192,shaman,enhancement,6,2,4
Twistër,illidan,192,shaman,enhancement,6,2,4
Crankzilla,area-52,192,shaman,enhancement,6,2,4
Amzurs,area-52,192,shaman,enhancement,6,2,4
Jamsham,tichondrius,192,shaman,enhancement,6,2,4
Valcannos,area-52,192,shaman,enhancement,6,2,4
Bearmanshrek,tichondrius,192,shaman,enhancement,6,2,4
Virô,sargeras,192,shaman,enhancement,6,2,4
Eraali,stormrage,192,shaman,enhancement,6,2,4
Airethix,area-52,192,shaman,enhancement,6,2,4
Thorderaan,frostmourne,192,shaman,enhancement,6,2,4
Pandancement,thrall,192,shaman,enhancement,6,2,4
Skyten,quelthalas,192,shaman,enhancement,6,2,4
Loused,wyrmrest-accord,192,shaman,enhancement,6,2,4
Arabitol,stormrage,192,shaman,enhancement,6,2,4
Meatyball,tichondrius,192,shaman,enhancement,6,2,4
Galarix,nerzhul,192,shaman,enhancement,6,2,4
Quequin,quelthalas,192,shaman,enhancement,6,2,4
Uwitduhfeds,moon-guard,192,shaman,enhancement,6,2,4
Picolö,bleeding-hollow,192,shaman,enhancement,6,2,4
Ageegee,sargeras,192,shaman,enhancement,6,2,4
Totemzie,illidan,192,shaman,enhancement,6,2,4
Szael,durotan,192,shaman,enhancement,6,2,4
Friedshammy,frostmourne,192,shaman,enhancement,6,2,4
Afri,tichondrius,192,shaman,enhancement,6,2,4
Dontccmepls,stormrage,192,shaman,enhancement,6,2,4
Elecpod,frostmourne,192,shaman,enhancement,6,2,4
Shamnick,malganis,192,shaman,enhancement,6,2,4
Bootsix,area-52,192,shaman,enhancement,6,2,4
Xpire,ragnaros,192,shaman,enhancement,6,2,4
Stallos,zuljin,192,shaman,enhancement,6,2,4
Azg,sargeras,192,shaman,enhancement,6,2,4
Badjujubruh,thrall,192,shaman,enhancement,6,2,4
Huiracøcha,quelthalas,192,shaman,enhancement,6,2,4
Kumer,tichondrius,192,shaman,enhancement,6,2,4
Jbahr,hyjal,192,shaman,enhancement,6,2,4
Detair,malganis,192,shaman,enhancement,6,2,4
Eàrthfury,malganis,192,shaman,enhancement,6,2,4
Dalnus,deathwing,192,shaman,enhancement,6,2,4
Shockalot,lightnings-blade,192,shaman,enhancement,6,2,4
Olboy,thrall,192,shaman,enhancement,6,2,4
Slugstout,moon-guard,192,shaman,enhancement,6,2,4
Whameradetu,suramar,192,shaman,enhancement,6,2,4
Contraponto,azralon,192,shaman,enhancement,6,2,4
Neast,sargeras,192,shaman,enhancement,6,2,4
Motorrad,azralon,192,shaman,enhancement,6,2,4
Saltt,proudmoore,192,shaman,enhancement,6,2,4
Brofessor,frostwolf,192,shaman,enhancement,6,2,4
Skyshamy,azralon,192,shaman,enhancement,6,2,4
Statechamps,tichondrius,192,shaman,enhancement,6,2,4
Jammylol,frostmourne,192,shaman,enhancement,6,2,4
Vitaminc,garona,192,shaman,enhancement,6,2,4
Shockazulu,vashj,192,shaman,enhancement,6,2,4
Víì,tichondrius,192,shaman,enhancement,6,2,4
Furywolf,bleeding-hollow,192,shaman,enhancement,6,2,4
Peternorse,tichondrius,192,shaman,enhancement,6,2,4
Efsin,illidan,192,shaman,enhancement,6,2,4
Shokxx,malganis,192,shaman,enhancement,6,2,4
Neverend,tichondrius,192,shaman,enhancement,6,2,4
Morphose,tichondrius,192,shaman,enhancement,6,2,4
Scarshamxn,frostmourne,192,shaman,enhancement,6,2,4
Pissticles,bleeding-hollow,192,shaman,enhancement,6,2,4
Gurdle,frostwolf,192,shaman,enhancement,6,2,4
Shockstick,frostmourne,192,shaman,enhancement,6,2,4
Buttermelk,bleeding-hollow,192,shaman,enhancement,6,2,4
Thejoshuwua,icecrown,192,shaman,enhancement,6,2,4
Sparklebunny,dark-iron,192,shaman,enhancement,6,2,4
Xantorn,illidan,192,shaman,enhancement,6,2,4
Ôprawindfury,mugthol,192,shaman,enhancement,6,2,4
Nóócego,nemesis,192,shaman,enhancement,6,2,4
Durogh,darkspear,192,shaman,enhancement,6,2,4
Zeldrys,emerald-dream,192,shaman,enhancement,6,2,4
Jahahahamon,arthas,192,shaman,enhancement,6,2,4
Stormfronts,kelthuzad,192,shaman,enhancement,6,2,4
Ceedlamb,kelthuzad,192,shaman,enhancement,6,2,4
Doñapetá,ragnaros,192,shaman,enhancement,6,2,4
Maxchiquito,ragnaros,192,shaman,enhancement,6,2,4
Boj,magtheridon,192,shaman,enhancement,6,2,4
Raidjin,tichondrius,192,shaman,enhancement,6,2,4
Goatgirl,tichondrius,192,shaman,enhancement,6,2,4
Tengarah,dalaran,192,shaman,enhancement,6,2,4
Joehogan,stormrage,192,shaman,enhancement,6,2,4
Kermut,frostmourne,192,shaman,enhancement,6,2,4
Milkmeforhp,frostmourne,192,shaman,enhancement,6,2,4
Zenitsue,sargeras,192,shaman,enhancement,6,2,4
Jasonnworb,tichondrius,192,shaman,enhancement,6,2,4
Ibreakanklez,bleeding-hollow,192,shaman,enhancement,6,2,4
Bullcowsby,darkspear,192,shaman,enhancement,6,2,4
Synyshok,tichondrius,192,shaman,enhancement,6,2,4
ßeesy,emerald-dream,192,shaman,enhancement,6,2,4
Shamutari,sargeras,192,shaman,enhancement,6,2,4
Thrallzballz,firetree,192,shaman,enhancement,6,2,4
Jashiik,tichondrius,192,shaman,enhancement,6,2,4
Soapmactavis,sargeras,192,shaman,enhancement,6,2,4
Brewstoned,kargath,192,shaman,enhancement,6,2,4
Moisttaco,azshara,192,shaman,enhancement,6,2,4
Ectomee,tichondrius,192,shaman,enhancement,6,2,4
Stèpbro,sargeras,192,shaman,enhancement,6,2,4
Pozcaster,tichondrius,192,shaman,enhancement,6,2,4
Daiablo,barthilas,192,shaman,enhancement,6,2,4
Hecstacy,dalaran,192,shaman,enhancement,6,2,4
Spoke,emerald-dream,192,shaman,enhancement,6,2,4
Texaspumper,sargeras,192,shaman,enhancement,6,2,4
Mishalla,tichondrius,192,shaman,enhancement,6,2,4
Hèllzpyro,sargeras,192,shaman,enhancement,6,2,4
Carahija,blackrock,192,shaman,enhancement,6,2,4
Rayjamalblk,tichondrius,192,shaman,enhancement,6,2,4
Shamanakin,emerald-dream,192,shaman,enhancement,6,2,4
Totemrecalld,zuljin,192,shaman,enhancement,6,2,4
Netflixnfeet,moonrunner,192,shaman,enhancement,6,2,4
Freesolo,barthilas,192,shaman,enhancement,6,2,4
Dibbydogtote,tichondrius,192,shaman,enhancement,6,2,4
Rinjio,zuljin,192,shaman,enhancement,6,2,4
Wìzz,zuljin,192,shaman,enhancement,6,2,4
Girthquake,agamaggan,192,shaman,enhancement,6,2,4
Girthshock,khazgoroth,192,shaman,enhancement,6,2,4
Swigadee,tichondrius,192,shaman,enhancement,6,2,4
Shamflu,tichondrius,192,shaman,enhancement,6,2,4
Pericazo,sargeras,192,shaman,enhancement,6,2,4
Vywolf,frostmourne,192,shaman,enhancement,6,2,4
Fatluma,zuljin,192,shaman,enhancement,6,2,4
Nawoma,quelthalas,192,shaman,enhancement,8,2,6
Feär,ysera,192,shaman,enhancement,9,2,7
Chontu,area-52,192,shaman,enhancement,12,2,10
Rhazer,cenarion-circle,192,shaman,enhancement,12,2,10
Îlikêdinos,aggramar,192,shaman,enhancement,12,2,10
Tictactotum,hyjal,192,shaman,enhancement,12,2,10
Vashidda,stormrage,192,shaman,enhancement,12,2,10
Dadajuju,azralon,192,shaman,enhancement,12,2,10
Zuljiba,illidan,192,shaman,enhancement,12,2,10
Stylebend,area-52,192,shaman,enhancement,12,2,10
Legendmatic,illidan,192,shaman,enhancement,12,2,10
Gusgusgus,laughing-skull,192,shaman,enhancement,12,2,10
Manemon,quelthalas,192,shaman,enhancement,12,2,10
Tampíco,ragnaros,192,shaman,enhancement,12,2,10
Shamanhack,hellscream,192,shaman,enhancement,15,2,13
Ophine,illidan,191,shaman,enhancement,6,2,4
Calmconflict,daggerspine,191,shaman,enhancement,6,2,4
Dahmerjr,area-52,191,shaman,enhancement,6,2,4
Baktolumby,tichondrius,175,shaman,enhancement,11,2,9
Nuggitz,tichondrius,159,shaman,enhancement,5,2,3
Healingtime,nerzhul,159,shaman,enhancement,5,2,3
Skuffedx,spirestone,159,shaman,enhancement,5,2,3
Blacklm,tichondrius,159,shaman,enhancement,5,2,3
Shamto,zuljin,144,shaman,enhancement,3,3,0
Khaylaa,tichondrius,138,shaman,enhancement,11,6,5
Badgeshock,area-52,128,shaman,enhancement,4,2,2
Bogz,korgath,128,shaman,enhancement,4,2,2
Evlle,tichondrius,128,shaman,enhancement,4,2,2
Ludacrìtz,stormrage,112,shaman,enhancement,7,2,5
Shamcakes,kilrogg,96,shaman,enhancement,17,3,14
Adosistoxic,zuljin,96,shaman,enhancement,6,1,5
Saesenthesis,barthilas,96,shaman,enhancement,6,1,5
Kàrlx,tichondrius,96,shaman,enhancement,6,1,5
Trouvaille,tichondrius,96,shaman,enhancement,6,1,5
Dxvxn,tichondrius,96,shaman,enhancement,6,1,5
Tetonka,tichondrius,96,shaman,enhancement,6,1,5
Paramecium,sargeras,96,shaman,enhancement,6,1,5
Aiggiggigne,sargeras,96,shaman,enhancement,6,1,5
Ohtoro,zuljin,96,shaman,enhancement,6,1,5
Fludge,dathremar,96,shaman,enhancement,6,1,5
Sweatytotems,tichondrius,96,shaman,enhancement,6,1,5
Feuerbart,dalaran,96,shaman,enhancement,6,1,5
Toyotatron,tichondrius,96,shaman,enhancement,6,1,5
Kidlat,tichondrius,96,shaman,enhancement,6,1,5
Ëvà,dalaran,96,shaman,enhancement,6,1,5
Juvîa,emerald-dream,96,shaman,enhancement,6,1,5
Javinoo,tichondrius,96,shaman,enhancement,6,1,5
Tritun,proudmoore,96,shaman,enhancement,6,1,5
Zabatee,dalaran,96,shaman,enhancement,6,1,5
Zuitianshi,tichondrius,96,shaman,enhancement,6,1,5
Layton,gnomeregan,96,shaman,enhancement,6,1,5
Karmar,proudmoore,96,shaman,enhancement,6,1,5
Zeemo,maelstrom,96,shaman,enhancement,6,1,5
Kinjin,dragonmaw,96,shaman,enhancement,6,1,5
Hangellyca,azralon,96,shaman,enhancement,6,1,5
Chewbåcca,skywall,96,shaman,enhancement,6,1,5
Aezst,illidan,96,shaman,enhancement,6,1,5
Totemtîme,frostmourne,96,shaman,enhancement,6,1,5
Nommymilkers,stormrage,96,shaman,enhancement,6,1,5
Firmerpit,tichondrius,96,shaman,enhancement,6,1,5
Zoeyzour,illidan,96,shaman,enhancement,6,1,5
Ulfgarn,stormrage,96,shaman,enhancement,6,1,5
Killuminatti,nathrezim,96,shaman,enhancement,6,1,5
Sandmanatee,crushridge,96,shaman,enhancement,6,1,5
Drgoodvibes,barthilas,96,shaman,enhancement,6,1,5
Zapsquidzap,illidan,96,shaman,enhancement,6,1,5
Shamofshame,garrosh,96,shaman,enhancement,6,1,5
Volaarn,area-52,96,shaman,enhancement,6,1,5
Udÿr,drakkari,96,shaman,enhancement,6,1,5
Chopmynuts,illidan,96,shaman,enhancement,6,1,5
Spaceghost,illidan,96,shaman,enhancement,6,1,5
Zugnuz,sargeras,96,shaman,enhancement,6,1,5
Uttertrash,illidan,96,shaman,enhancement,6,1,5
Baelgoth,moon-guard,96,shaman,enhancement,6,1,5
Firefíst,area-52,96,shaman,enhancement,6,1,5
Zhakrö,ragnaros,96,shaman,enhancement,6,1,5
Beazel,moon-guard,96,shaman,enhancement,6,1,5
Drwsham,ragnaros,96,shaman,enhancement,6,1,5
Trynr,ragnaros,96,shaman,enhancement,6,1,5
Chudeshock,ragnaros,96,shaman,enhancement,6,1,5
Neveroom,cenarius,96,shaman,enhancement,6,1,5
Shamamas,area-52,96,shaman,enhancement,6,1,5
Nessannix,stormrage,96,shaman,enhancement,6,1,5
Sheriffbj,emerald-dream,96,shaman,enhancement,6,1,5
Fourever,ragnaros,96,shaman,enhancement,6,1,5
Sweettooth,area-52,96,shaman,enhancement,6,1,5
Deboster,quelthalas,96,shaman,enhancement,6,1,5
Sureofname,frostmourne,96,shaman,enhancement,6,1,5
Cleiri,quelthalas,96,shaman,enhancement,6,1,5
Trøuble,deathwing,96,shaman,enhancement,6,1,5
Pileef,thrall,96,shaman,enhancement,6,1,5
Alferian,moon-guard,96,shaman,enhancement,6,1,5
Geladoo,gallywix,96,shaman,enhancement,6,1,5
Blackjackxx,frostmourne,96,shaman,enhancement,6,1,5
Shoxztwo,korgath,96,shaman,enhancement,6,1,5
Anticidè,zuluhed,96,shaman,enhancement,6,1,5
Littz,malganis,96,shaman,enhancement,6,1,5
Shockd,icecrown,96,shaman,enhancement,6,1,5
Bunnyele,tichondrius,96,shaman,enhancement,6,1,5
Frostyshock,hellscream,96,shaman,enhancement,6,1,5
Axshaman,darkspear,96,shaman,enhancement,6,1,5
Youliuhua,tichondrius,96,shaman,enhancement,6,1,5
Khaydar,auchindoun,96,shaman,enhancement,6,1,5
Tahz,wyrmrest-accord,96,shaman,enhancement,6,1,5
Rehgar,magtheridon,96,shaman,enhancement,6,1,5
Kranif,tichondrius,96,shaman,enhancement,6,1,5
Tsunder,frostmourne,96,shaman,enhancement,6,1,5
Yungmeaty,tichondrius,96,shaman,enhancement,7,1,6
Threehandz,bleeding-hollow,96,shaman,enhancement,8,1,7
Chäningtotem,kiljaeden,96,shaman,enhancement,12,1,11
Thallor,stormrage,96,shaman,enhancement,12,1,11
Zugpug,emerald-dream,96,shaman,enhancement,12,1,11
Immutef,tichondrius,96,shaman,enhancement,12,1,11
Wildspark,frostmourne,96,shaman,enhancement,12,1,11
Smokeymcpots,khazgoroth,95,shaman,enhancement,6,1,5
Oakshield,darkspear,64,shaman,enhancement,4,1,3
Stórmfuryz,tichondrius,64,shaman,enhancement,4,1,3
Njórd,sargeras,63,shaman,enhancement,2,2,0
Rondru,zuljin,48,shaman,enhancement,3,1,2
Bluberi,nazjatar,48,shaman,enhancement,3,1,2
Splewtsham,thrall,48,shaman,enhancement,3,1,2
Grauldron,illidan,48,shaman,enhancement,3,1,2
Ekatonkiro,ragnaros,48,shaman,enhancement,3,1,2
Feels,arthas,42,shaman,enhancement,19,3,16
Totemlord,lightnings-blade,31,shaman,enhancement,2,1,1
Haruchan,dalaran,16,shaman,enhancement,1,1,0
Liltmantwo,skywall,16,shaman,enhancement,1,1,0
Stumpyjoe,terokkar,16,shaman,enhancement,7,1,6
Bronzerl,tichondrius,2366,warlock,demonology,75,51,24
Cidkagenou,sargeras,2353,warlock,demonology,63,47,16
Broccoleh,area-52,2344,warlock,demonology,91,57,34
Wildimpx,sargeras,2330,warlock,demonology,238,129,109
Bahamas,bleeding-hollow,2307,warlock,demonology,96,57,39
Btsfangirl,moon-guard,2297,warlock,demonology,140,80,60
Wildimp,aerie-peak,2284,warlock,demonology,138,80,58
Oymmander,illidan,2278,warlock,demonology,74,50,24
Fishorz,tichondrius,2271,warlock,demonology,119,64,55
Lilballz,tichondrius,2266,warlock,demonology,71,44,27
Slantsix,tichondrius,2250,warlock,demonology,151,79,72
Iordozzy,malganis,2245,warlock,demonology,84,56,28
Babyaga,illidan,2228,warlock,demonology,96,54,42
Miredö,tichondrius,2223,warlock,demonology,90,51,39
Wzxx,tichondrius,2222,warlock,demonology,84,46,38
Kaossqt,azralon,2216,warlock,demonology,153,85,68
Jojofann,nemesis,2212,warlock,demonology,59,40,19
Xadge,tichondrius,2209,warlock,demonology,85,48,37
Toiletghost,tichondrius,2204,warlock,demonology,122,78,44
Xygg,tichondrius,2203,warlock,demonology,96,55,41
Ediya,tichondrius,2203,warlock,demonology,178,94,84
Shinyballz,tichondrius,2197,warlock,demonology,77,45,32
Beyourselff,tichondrius,2195,warlock,demonology,151,80,71
Chanigay,tichondrius,2192,warlock,demonology,71,43,28
Erock,korgath,2180,warlock,demonology,72,54,18
Hrrpeuh,zuljin,2179,warlock,demonology,90,53,37
Fatass,cairne,2179,warlock,demonology,74,42,32
Mixtape,stormrage,2178,warlock,demonology,77,47,30
Bigfatballz,tichondrius,2171,warlock,demonology,76,48,28
Awangdemon,tichondrius,2170,warlock,demonology,83,47,36
Newmanz,nerzhul,2155,warlock,demonology,71,41,30
Wesyane,anetheron,2155,warlock,demonology,180,95,85
Evildeath,tichondrius,2154,warlock,demonology,78,44,34
Gentleq,tichondrius,2149,warlock,demonology,99,53,46
Gianni,chogall,2149,warlock,demonology,107,57,50
Mlx,proudmoore,2147,warlock,demonology,167,89,78
Abrocket,alleria,2143,warlock,demonology,72,45,27
Ogchaos,tichondrius,2135,warlock,demonology,96,54,42
Ziffy,emerald-dream,2133,warlock,demonology,84,42,42
Deathair,tichondrius,2132,warlock,demonology,66,40,26
Spicytaters,malganis,2130,warlock,demonology,66,48,18
Döremi,tichondrius,2130,warlock,demonology,71,40,31
Erlandesher,tichondrius,2130,warlock,demonology,155,79,76
Harambê,sargeras,2127,warlock,demonology,36,27,9
Lemmefear,illidan,2127,warlock,demonology,47,32,15
Patoquenn,azralon,2124,warlock,demonology,78,41,37
Dreadlock,tichondrius,2121,warlock,demonology,66,40,26
Bigdaddylol,ragnaros,2120,warlock,demonology,83,45,38
Iruffcarla,cairne,2119,warlock,demonology,96,56,40
Ltr,moon-guard,2118,warlock,demonology,90,50,40
Awdam,tichondrius,2114,warlock,demonology,96,50,46
Inmøtion,tichondrius,2113,warlock,demonology,90,48,42
Ensebado,azralon,2111,warlock,demonology,140,78,62
Falco,azshara,2110,warlock,demonology,66,38,28
Synkz,blood-furnace,2110,warlock,demonology,72,38,34
Cosmosxx,illidan,2110,warlock,demonology,112,58,54
Tessarath,area-52,2106,warlock,demonology,59,38,21
Sslock,sargeras,2106,warlock,demonology,118,63,55
Díablo,bleeding-hollow,2104,warlock,demonology,95,62,33
Boltqt,tichondrius,2103,warlock,demonology,60,36,24
Spicyfingers,illidan,2103,warlock,demonology,78,44,34
Babydots,stormreaver,2103,warlock,demonology,249,134,115
Darkzell,azralon,2102,warlock,demonology,78,46,32
Nðm,tichondrius,2100,warlock,demonology,72,44,28
Venticm,tichondrius,2099,warlock,demonology,66,39,27
Sofan,dalaran,2097,warlock,demonology,70,43,27
Aoepump,tichondrius,2094,warlock,demonology,78,43,35
Kymochaos,sargeras,2080,warlock,demonology,53,27,26
Maadhum,illidan,2079,warlock,demonology,104,55,49
Daerde,malganis,2075,warlock,demonology,65,36,29
Ofc,malganis,2068,warlock,demonology,60,35,25
Ztlivid,area-52,2066,warlock,demonology,240,126,114
Disgustingfk,illidan,2064,warlock,demonology,60,44,16
Snuufels,area-52,2052,warlock,demonology,72,45,27
Persistencss,tichondrius,2047,warlock,demonology,48,29,19
Coèrce,tichondrius,2040,warlock,demonology,53,35,18
Scalpelexis,stormrage,2040,warlock,demonology,47,30,17
Shadowsloc,tichondrius,2034,warlock,demonology,36,27,9
Playßøy,area-52,2032,warlock,demonology,60,33,27
Etuskaa,tichondrius,2032,warlock,demonology,179,89,90
Actualjoke,frostmourne,2028,warlock,demonology,95,52,43
Precogfear,tichondrius,2025,warlock,demonology,184,95,89
Eazyw,stormrage,2024,warlock,demonology,95,47,48
Iselltacos,dalaran,2015,warlock,demonology,43,29,14
Il,nerzhul,2014,warlock,demonology,76,41,35
Dätura,tichondrius,2013,warlock,demonology,110,68,42
Nocrackrocks,stormrage,2007,warlock,demonology,117,66,51
Atheô,ragnaros,2002,warlock,demonology,118,63,55
Unhòólylck,ragnaros,1999,warlock,demonology,121,61,60
Zuelu,tichondrius,1998,warlock,demonology,217,111,106
Demyo,tichondrius,1997,warlock,demonology,56,30,26
Dotman,tichondrius,1991,warlock,demonology,70,39,31
Cosmosxi,illidan,1986,warlock,demonology,127,67,60
Teivlol,mugthol,1980,warlock,demonology,96,51,45
Extreme,blackwing-lair,1978,warlock,demonology,78,53,25
Xiyangpvp,tichondrius,1974,warlock,demonology,66,36,30
Procalypse,stormrage,1966,warlock,demonology,54,32,22
Shuffler,tichondrius,1964,warlock,demonology,113,71,42
Gigabiga,area-52,1961,warlock,demonology,48,31,17
Glad,fenris,1959,warlock,demonology,58,33,25
Megamindx,tichondrius,1957,warlock,demonology,48,31,17
Voidbb,tichondrius,1957,warlock,demonology,53,30,23
Debao,malganis,1956,warlock,demonology,125,58,67
Bleachkk,tichondrius,1955,warlock,demonology,119,69,50
Hellbraive,queldorei,1952,warlock,demonology,66,38,28
Ihaveapowers,maiev,1944,warlock,demonology,120,60,60
Bwonsamdijin,tichondrius,1943,warlock,demonology,152,74,78
Lambe,tichondrius,1941,warlock,demonology,59,35,24
Naughtybolts,sargeras,1941,warlock,demonology,80,46,34
Baka,moon-guard,1938,warlock,demonology,60,32,28
Canobio,tichondrius,1937,warlock,demonology,89,54,35
Littlerod,tichondrius,1934,warlock,demonology,90,48,42
Avery,mannoroth,1934,warlock,demonology,48,25,23
Louu,emerald-dream,1932,warlock,demonology,59,36,23
Paygo,tichondrius,1930,warlock,demonology,57,32,25
Tazlock,blackrock,1925,warlock,demonology,128,64,64
Lilgigs,stormrage,1925,warlock,demonology,96,48,48
Arckádia,stormrage,1923,warlock,demonology,66,31,35
Shadowmoonon,tichondrius,1921,warlock,demonology,43,21,22
Bronzel,tichondrius,1920,warlock,demonology,48,30,18
Percadu,barthilas,1917,warlock,demonology,145,75,70
Maral,kelthuzad,1914,warlock,demonology,71,38,33
Ceeloftw,tichondrius,1914,warlock,demonology,119,63,56
Ministàff,ursin,1913,warlock,demonology,66,36,30
Ökïlôck,proudmoore,1912,warlock,demonology,48,27,21
Nos,bleeding-hollow,1910,warlock,demonology,64,36,28
Vexxes,malganis,1910,warlock,demonology,299,149,150
Zjxy,tichondrius,1908,warlock,demonology,30,20,10
Dyenamik,stormrage,1904,warlock,demonology,30,24,6
Feinnx,dalaran,1903,warlock,demonology,72,36,36
Siphoned,darkspear,1900,warlock,demonology,53,27,26
Deadlpoo,stormscale,1899,warlock,demonology,81,41,40
Lemmepvponu,illidan,1896,warlock,demonology,48,30,18
Alisa,moon-guard,1896,warlock,demonology,60,28,32
Lowrcase,zuljin,1895,warlock,demonology,48,28,20
Drakatattwo,tichondrius,1894,warlock,demonology,48,26,22
Haunt,mugthol,1890,warlock,demonology,60,31,29
Rakshama,chogall,1885,warlock,demonology,42,25,17
Atheø,ragnaros,1884,warlock,demonology,48,25,23
Lockdlhm,tichondrius,1883,warlock,demonology,60,36,24
Gamecover,azralon,1883,warlock,demonology,169,95,74
Døtyou,area-52,1882,warlock,demonology,59,31,28
Mongobros,illidan,1881,warlock,demonology,54,33,21
Buymymixtåpe,ursin,1881,warlock,demonology,69,39,30
Tarth,sargeras,1881,warlock,demonology,144,74,70
Amazingamez,sargeras,1879,warlock,demonology,161,76,85
Petattack,nerzhul,1878,warlock,demonology,125,60,65
Sobadhahaha,azralon,1877,warlock,demonology,78,49,29
Wachifurro,drakkari,1877,warlock,demonology,71,38,33
Kimchiblast,tichondrius,1876,warlock,demonology,48,28,20
Zehzet,area-52,1873,warlock,demonology,46,31,15
Zydiva,sargeras,1872,warlock,demonology,118,62,56
Sàill,tichondrius,1871,warlock,demonology,35,22,13
Suwook,tichondrius,1870,warlock,demonology,30,24,6
Lockiator,moon-guard,1870,warlock,demonology,71,35,36
Huajianmanwu,tichondrius,1867,warlock,demonology,349,179,170
Dowal,whisperwind,1866,warlock,demonology,60,31,29
Demondisco,tichondrius,1866,warlock,demonology,97,45,52
Scatach,area-52,1864,warlock,demonology,60,32,28
Lcomi,tichondrius,1863,warlock,demonology,84,47,37
Rôsé,tichondrius,1863,warlock,demonology,148,80,68
Reneqtxo,jubeithos,1862,warlock,demonology,36,22,14
Thranlock,area-52,1861,warlock,demonology,162,80,82
Klol,proudmoore,1861,warlock,demonology,54,26,28
Feldren,wyrmrest-accord,1860,warlock,demonology,127,72,55
ßøßßÿßøûçhêr,tichondrius,1859,warlock,demonology,48,32,16
Stopdot,lightnings-blade,1859,warlock,demonology,136,64,72
Graendol,tichondrius,1858,warlock,demonology,42,27,15
Voidxx,tichondrius,1856,warlock,demonology,30,21,9
Mhael,lightninghoof,1856,warlock,demonology,54,32,22
Blunder,frostmourne,1855,warlock,demonology,47,28,19
Aramith,tichondrius,1854,warlock,demonology,118,60,58
Synthwave,shadowsong,1850,warlock,demonology,54,30,24
Beatinu,draenor,1849,warlock,demonology,60,33,27
Redfish,tichondrius,1847,warlock,demonology,34,20,14
Overlard,illidan,1846,warlock,demonology,48,26,22
Wls,frostmourne,1845,warlock,demonology,101,57,44
Invalid,frostmourne,1845,warlock,demonology,66,34,32
Xitokaiba,tichondrius,1844,warlock,demonology,67,46,21
Phóbòs,tichondrius,1843,warlock,demonology,54,40,14
Metic,firetree,1842,warlock,demonology,48,33,15
Kwrhitom,zuljin,1842,warlock,demonology,54,33,21
Kerrigan,the-venture-co,1842,warlock,demonology,66,38,28
Dlhmlock,tichondrius,1840,warlock,demonology,41,25,16
Spreadlove,emerald-dream,1839,warlock,demonology,252,133,119
Alndron,thrall,1837,warlock,demonology,78,38,40
Qwêrty,ursin,1836,warlock,demonology,53,36,17
Lrry,dalaran,1836,warlock,demonology,156,88,68
Ccona,tichondrius,1835,warlock,demonology,42,23,19
Speakeasy,malygos,1835,warlock,demonology,58,29,29
Castingfear,barthilas,1835,warlock,demonology,117,56,61
Domenic,sentinels,1833,warlock,demonology,58,32,26
Bbangtimo,tichondrius,1833,warlock,demonology,77,40,37
Åmön,zuljin,1832,warlock,demonology,66,32,34
Bic,thrall,1828,warlock,demonology,66,45,21
Xoboroz,moon-guard,1827,warlock,demonology,60,29,31
Ketahole,warsong,1827,warlock,demonology,141,67,74
Cendit,malganis,1825,warlock,demonology,54,34,20
Jerclard,proudmoore,1825,warlock,demonology,90,51,39
Greasymario,area-52,1824,warlock,demonology,60,42,18
Malatharr,quelthalas,1824,warlock,demonology,52,34,18
Xacayth,ragnaros,1824,warlock,demonology,98,57,41
Axelrodx,tichondrius,1823,warlock,demonology,72,44,28
Melisândre,kiljaeden,1823,warlock,demonology,65,31,34
Dapete,malorne,1821,warlock,demonology,59,32,27
Idoovoodoo,burning-legion,1820,warlock,demonology,36,23,13
Neruvian,tichondrius,1820,warlock,demonology,30,19,11
Sharaßha,moon-guard,1820,warlock,demonology,69,41,28
Scarysherri,aggramar,1819,warlock,demonology,54,36,18
Eminence,stormrage,1819,warlock,demonology,72,41,31
Búmchúm,frostmourne,1818,warlock,demonology,60,38,22
Dëvïl,ragnaros,1818,warlock,demonology,94,59,35
Lockedlock,nemesis,1818,warlock,demonology,48,27,21
Villaìn,moon-guard,1818,warlock,demonology,117,55,62
Arcinian,kelthuzad,1817,warlock,demonology,66,39,27
Edzeá,frostmourne,1817,warlock,demonology,73,38,35
Tít,malganis,1814,warlock,demonology,41,31,10
Wearelegionx,frostmourne,1814,warlock,demonology,84,49,35
Skullsoul,arthas,1814,warlock,demonology,118,67,51
Tinkerfell,sargeras,1814,warlock,demonology,72,36,36
Fearmebro,bleeding-hollow,1813,warlock,demonology,114,75,39
Elbrujon,sargeras,1813,warlock,demonology,172,81,91
Richards,thrall,1812,warlock,demonology,42,32,10
Kronii,jubeithos,1811,warlock,demonology,35,25,10
Voidxo,tichondrius,1811,warlock,demonology,36,22,14
Krumlax,thrall,1810,warlock,demonology,60,42,18
Deboltzaru,ragnaros,1810,warlock,demonology,36,20,16
Errogant,area-52,1810,warlock,demonology,60,30,30
Nüts,blackrock,1810,warlock,demonology,50,23,27
Beckypls,zuljin,1809,warlock,demonology,36,27,9
Mcjoy,akama,1809,warlock,demonology,145,91,54
Dounutlock,area-52,1809,warlock,demonology,54,33,21
Saevitar,area-52,1809,warlock,demonology,45,24,21
Gengar,dalaran,1809,warlock,demonology,186,97,89
Zzooxxqt,area-52,1809,warlock,demonology,48,25,23
Hadoukën,hyjal,1809,warlock,demonology,108,56,52
Chilipeppa,wyrmrest-accord,1808,warlock,demonology,60,34,26
Brothadoinks,zuljin,1808,warlock,demonology,60,31,29
Mälwaré,tichondrius,1808,warlock,demonology,58,29,29
Zörkô,zuljin,1808,warlock,demonology,216,107,109
Eklypso,kelthuzad,1808,warlock,demonology,62,30,32
Chaosthekid,malganis,1807,warlock,demonology,40,25,15
Evelyne,tichondrius,1805,warlock,demonology,30,19,11
Devilman,darkspear,1805,warlock,demonology,234,119,115
Cappadonna,azralon,1804,warlock,demonology,118,69,49
Rakudemon,ragnaros,1804,warlock,demonology,147,77,70
Magë,ursin,1804,warlock,demonology,132,61,71
Darkborkain,tichondrius,1803,warlock,demonology,30,19,11
Mbhlol,illidan,1803,warlock,demonology,42,23,19
Lazymongoose,frostmourne,1803,warlock,demonology,227,124,103
Xlilgee,kelthuzad,1802,warlock,demonology,57,31,26
Eastwitch,ragnaros,1802,warlock,demonology,144,69,75
ßállin,illidan,1801,warlock,demonology,47,30,17
Quetzâlcoâtl,sargeras,1801,warlock,demonology,47,28,19
Lockeslock,sargeras,1801,warlock,demonology,118,62,56
Thelockzx,azralon,1801,warlock,demonology,60,28,32
Larixpotanin,tichondrius,1800,warlock,demonology,137,74,63
Playtoy,moon-guard,1798,warlock,demonology,172,85,87
Salaszar,illidan,1797,warlock,demonology,48,31,17
Séptima,illidan,1797,warlock,demonology,42,26,16
Raegon,kiljaeden,1797,warlock,demonology,44,25,19
Tiná,tichondrius,1796,warlock,demonology,51,27,24
Overclocked,destromath,1795,warlock,demonology,30,21,9
Sicksick,tichondrius,1794,warlock,demonology,55,28,27
Hugebolt,tichondrius,1793,warlock,demonology,48,28,20
Lockedinn,mannoroth,1789,warlock,demonology,109,59,50
Douzz,frostmourne,1786,warlock,demonology,65,36,29
Biubius,tichondrius,1785,warlock,demonology,42,24,18
Richactress,tichondrius,1780,warlock,demonology,42,31,11
Salinar,chogall,1780,warlock,demonology,48,26,22
Omertà,staghelm,1775,warlock,demonology,113,66,47
Hitwarlock,tichondrius,1775,warlock,demonology,78,39,39
Amgs,frostmourne,1773,warlock,demonology,54,38,16
Juleno,quelthalas,1773,warlock,demonology,93,47,46
Qp,thrall,1771,warlock,demonology,38,28,10
Abomasnow,frostmourne,1768,warlock,demonology,67,32,35
Dogegg,tichondrius,1765,warlock,demonology,84,40,44
Bugbugg,tichondrius,1761,warlock,demonology,41,25,16
Medzor,tichondrius,1761,warlock,demonology,42,23,19
Fearbarx,illidan,1761,warlock,demonology,36,19,17
Keylloggz,sargeras,1760,warlock,demonology,144,73,71
Flocka,agamaggan,1758,warlock,demonology,72,48,24
Aomniloltv,zuljin,1756,warlock,demonology,58,34,24
Necronemesis,arthas,1755,warlock,demonology,183,97,86
Shooterg,tichondrius,1754,warlock,demonology,80,41,39
Wrathh,stormscale,1753,warlock,demonology,51,24,27
Bonetangler,thrall,1752,warlock,demonology,137,61,76
Aidadeshu,tichondrius,1750,warlock,demonology,72,33,39
Smoolock,tichondrius,1744,warlock,demonology,36,19,17
Orgcontroler,hyjal,1742,warlock,demonology,67,29,38
Mcpickls,illidan,1740,warlock,demonology,48,26,22
Michae,tichondrius,1740,warlock,demonology,48,25,23
Arityy,tichondrius,1738,warlock,demonology,33,23,10
Missalice,nesingwary,1738,warlock,demonology,42,23,19
Harrydotterr,bonechewer,1735,warlock,demonology,92,50,42
Ashlëen,ragnaros,1735,warlock,demonology,192,98,94
Jaganshi,tichondrius,1731,warlock,demonology,82,42,40
Ðëâthløck,tichondrius,1729,warlock,demonology,47,25,22
Creepydotman,mannoroth,1726,warlock,demonology,40,26,14
Lemmewin,illidan,1724,warlock,demonology,24,18,6
Gihaewon,tichondrius,1724,warlock,demonology,36,25,11
Eriebos,area-52,1724,warlock,demonology,60,35,25
Wrathzn,azralon,1723,warlock,demonology,24,18,6
Dreadlõck,malganis,1723,warlock,demonology,112,56,56
Oluluo,andorhal,1722,warlock,demonology,65,36,29
Vcain,stormrage,1721,warlock,demonology,142,71,71
Spicyfingerx,zangarmarsh,1720,warlock,demonology,48,29,19
Spicyfingerx,illidan,1718,warlock,demonology,42,24,18
Jyhoona,chromaggus,1718,warlock,demonology,596,302,294
Muchas,area-52,1717,warlock,demonology,30,18,12
Fadedemon,area-52,1716,warlock,demonology,42,32,10
Nethron,the-venture-co,1714,warlock,demonology,113,56,57
Icemanliddel,area-52,1712,warlock,demonology,56,27,29
Dottcha,blackrock,1711,warlock,demonology,30,18,12
Doomdm,zuljin,1710,warlock,demonology,30,18,12
Daxxter,tichondrius,1707,warlock,demonology,119,62,57
Dlchem,tichondrius,1706,warlock,demonology,106,57,49
Tiltbaseline,emerald-dream,1706,warlock,demonology,48,21,27
Milkybøng,area-52,1705,warlock,demonology,99,61,38
Sarcophagus,duskwood,1705,warlock,demonology,39,23,16
Sasaology,frostmourne,1704,warlock,demonology,126,65,61
Pikme,bleeding-hollow,1704,warlock,demonology,60,25,35
Saeph,burning-legion,1702,warlock,demonology,78,43,35
Dìablo,area-52,1702,warlock,demonology,84,46,38
Uwantpeach,tichondrius,1701,warlock,demonology,47,23,24
Brightmoonhw,tichondrius,1700,warlock,demonology,66,32,34
Welpxd,tichondrius,1697,warlock,demonology,36,21,15
Altairo,illidan,1696,warlock,demonology,100,52,48
Ourlegacy,tichondrius,1695,warlock,demonology,40,24,16
Invisibles,barthilas,1694,warlock,demonology,41,23,18
Ezgamejr,tichondrius,1693,warlock,demonology,24,20,4
Necroabuser,area-52,1692,warlock,demonology,40,24,16
Fksm,tichondrius,1692,warlock,demonology,36,20,16
Thelocker,stormrage,1691,warlock,demonology,107,62,45
Stopdottroll,zuljin,1690,warlock,demonology,30,18,12
Conely,barthilas,1690,warlock,demonology,48,26,22
Tazerr,sargeras,1690,warlock,demonology,57,26,31
Metrow,area-52,1688,warlock,demonology,30,18,12
Evilmilf,tichondrius,1687,warlock,demonology,78,40,38
Leeka,tichondrius,1687,warlock,demonology,48,23,25
Gørb,wyrmrest-accord,1686,warlock,demonology,48,30,18
Notomorrow,tichondrius,1686,warlock,demonology,146,87,59
Millions,barthilas,1685,warlock,demonology,50,23,27
Darknessgodd,goldrinn,1684,warlock,demonology,65,38,27
Ciprýan,azralon,1684,warlock,demonology,82,37,45
Eatsleepgame,barthilas,1684,warlock,demonology,80,34,46
Hulkyy,illidan,1682,warlock,demonology,137,76,61
Paparoxy,illidan,1681,warlock,demonology,65,30,35
Almostoogood,illidan,1680,warlock,demonology,36,24,12
Yuengling,illidan,1680,warlock,demonology,150,77,73
Scalpelx,tichondrius,1677,warlock,demonology,29,18,11
Juswannarock,tichondrius,1676,warlock,demonology,51,25,26
Narmazulnn,area-52,1673,warlock,demonology,53,31,22
Joung,tichondrius,1673,warlock,demonology,42,23,19
Säbrine,zuljin,1673,warlock,demonology,103,50,53
Ézman,tichondrius,1671,warlock,demonology,66,37,29
Jæja,wyrmrest-accord,1670,warlock,demonology,41,21,20
Zuulusi,stormrage,1667,warlock,demonology,156,80,76
Vews,firetree,1667,warlock,demonology,54,27,27
Gløcked,area-52,1666,warlock,demonology,48,26,22
Hoana,azralon,1663,warlock,demonology,147,84,63
Doties,bleeding-hollow,1663,warlock,demonology,42,23,19
Perkz,moon-guard,1663,warlock,demonology,41,18,23
Møbscene,bleeding-hollow,1662,warlock,demonology,43,22,21
Mcpickl,illidan,1662,warlock,demonology,54,25,29
Sickmade,zuljin,1658,warlock,demonology,150,86,64
Toestye,lightbringer,1657,warlock,demonology,120,64,56
Funkminot,illidan,1656,warlock,demonology,367,189,178
Archibalding,area-52,1654,warlock,demonology,66,38,28
Rathul,bonechewer,1654,warlock,demonology,61,30,31
Bigdotenergi,tichondrius,1653,warlock,demonology,44,28,16
Gimmeprecog,tichondrius,1651,warlock,demonology,30,21,9
Fãttyqt,sargeras,1651,warlock,demonology,76,52,24
Fears,norgannon,1651,warlock,demonology,48,29,19
Bosongo,boulderfist,1648,warlock,demonology,52,31,21
Exofilth,thrall,1648,warlock,demonology,92,54,38
Zzh,stormrage,1648,warlock,demonology,65,36,29
Eternalsmile,tichondrius,1646,warlock,demonology,54,31,23
Minichompei,frostmourne,1645,warlock,demonology,41,24,17
Th,kiljaeden,1644,warlock,demonology,95,47,48
Phogy,bleeding-hollow,1644,warlock,demonology,71,35,36
Kreâtor,tichondrius,1642,warlock,demonology,111,62,49
Juxsr,nerzhul,1642,warlock,demonology,42,22,20
Nyhn,bleeding-hollow,1639,warlock,demonology,50,33,17
Demofliction,stormrage,1639,warlock,demonology,78,34,44
Skanckqt,malganis,1638,warlock,demonology,59,31,28
Peterdotz,whisperwind,1637,warlock,demonology,37,21,16
Torghast,bloodhoof,1637,warlock,demonology,42,21,21
Thumperrz,frostmourne,1636,warlock,demonology,36,21,15
Theseance,dalaran,1635,warlock,demonology,60,31,29
Blastyboat,terenas,1633,warlock,demonology,48,26,22
Ceeloww,illidan,1633,warlock,demonology,41,18,23
Ptwo,illidan,1632,warlock,demonology,30,18,12
Cinderwhip,moon-guard,1632,warlock,demonology,249,122,127
Rococo,emerald-dream,1631,warlock,demonology,36,22,14
Breadbug,moon-guard,1631,warlock,demonology,35,21,14
Suzüki,tichondrius,1631,warlock,demonology,50,26,24
Zeeref,stormrage,1629,warlock,demonology,54,27,27
Azrezzael,area-52,1628,warlock,demonology,36,22,14
Discordance,zuljin,1628,warlock,demonology,30,17,13
Menemies,malganis,1627,warlock,demonology,28,18,10
Badstepbro,sargeras,1627,warlock,demonology,30,17,13
Lamdyn,moon-guard,1626,warlock,demonology,96,55,41
Ggooudan,tichondrius,1625,warlock,demonology,29,21,8
Jokerxks,tichondrius,1624,warlock,demonology,24,17,7
Turbocleave,blackwater-raiders,1624,warlock,demonology,24,17,7
Wawrlock,stormrage,1623,warlock,demonology,44,32,12
Demonicsmoke,darrowmere,1622,warlock,demonology,104,56,48
Condevil,quelthalas,1621,warlock,demonology,119,64,55
Agertis,frostmourne,1621,warlock,demonology,48,20,28
Evanylock,proudmoore,1620,warlock,demonology,30,17,13
Mcpickles,illidan,1618,warlock,demonology,30,19,11
Epinetheus,stormrage,1617,warlock,demonology,54,23,31
Soreanus,illidan,1615,warlock,demonology,48,30,18
Zantology,frostmourne,1615,warlock,demonology,54,31,23
Krýptizl,frostmourne,1615,warlock,demonology,81,45,36
Mukkamuk,shadowmoon,1614,warlock,demonology,24,17,7
Perfectíon,tichondrius,1614,warlock,demonology,30,19,11
Fearedu,thunderhorn,1613,warlock,demonology,191,92,99
Garcheros,ragnaros,1612,warlock,demonology,63,33,30
Yükina,stormrage,1611,warlock,demonology,54,29,25
Xanetor,illidan,1611,warlock,demonology,58,31,27
Vawns,zuljin,1611,warlock,demonology,47,24,23
Rasildur,ragnaros,1611,warlock,demonology,61,27,34
Celestialock,tichondrius,1609,warlock,demonology,55,38,17
Hers,vashj,1608,warlock,demonology,54,34,20
Gulßad,tichondrius,1607,warlock,demonology,36,24,12
Buccs,barthilas,1607,warlock,demonology,42,27,15
Curseifier,frostmourne,1607,warlock,demonology,68,37,31
Diabolock,proudmoore,1607,warlock,demonology,48,26,22
Mamabolts,kelthuzad,1605,warlock,demonology,29,18,11
Georky,ragnaros,1605,warlock,demonology,60,36,24
Varian,quelthalas,1604,warlock,demonology,93,53,40
Cambolts,tichondrius,1604,warlock,demonology,36,20,16
Ðåntë,thrall,1604,warlock,demonology,56,29,27
Ktlock,frostmourne,1603,warlock,demonology,114,65,49
Emperator,quelthalas,1603,warlock,demonology,46,25,21
Innocentius,illidan,1602,warlock,demonology,82,42,40
Geauxst,tichondrius,1602,warlock,demonology,62,31,31
Zver,drakkari,1601,warlock,demonology,129,65,64
Drkdestro,boulderfist,1600,warlock,demonology,48,17,31
Kronicdotz,bleeding-hollow,1599,warlock,demonology,68,33,35
Houdneeznuts,tichondrius,1598,warlock,demonology,194,100,94
Homeschooler,darkspear,1598,warlock,demonology,36,18,18
Empiratore,quelthalas,1598,warlock,demonology,65,30,35
Krolczdots,tichondrius,1597,warlock,demonology,48,30,18
Kytae,malygos,1597,warlock,demonology,78,37,41
Doombaby,zuljin,1596,warlock,demonology,108,60,48
Aroug,aggramar,1596,warlock,demonology,137,65,72
Jokerks,tichondrius,1595,warlock,demonology,29,17,12
Valkynaris,chogall,1594,warlock,demonology,30,20,10
Yuoalx,tichondrius,1594,warlock,demonology,30,19,11
Warlocklmao,malganis,1594,warlock,demonology,36,19,17
Stonelocke,area-52,1594,warlock,demonology,79,40,39
Beerbolt,dalaran,1592,warlock,demonology,30,17,13
Yanlexx,stormrage,1592,warlock,demonology,86,44,42
Raisa,chogall,1588,warlock,demonology,54,25,29
Tesil,tichondrius,1586,warlock,demonology,30,19,11
Silentfears,tichondrius,1585,warlock,demonology,57,35,22
Yazonics,area-52,1585,warlock,demonology,91,49,42
Hâm,dalaran,1585,warlock,demonology,49,18,31
Sixonenine,boulderfist,1584,warlock,demonology,30,17,13
Ioroselmi,illidan,1583,warlock,demonology,68,45,23
Raidspot,bleeding-hollow,1581,warlock,demonology,72,40,32
Krixaus,lightnings-blade,1581,warlock,demonology,54,28,26
Goorock,area-52,1581,warlock,demonology,78,40,38
Dreamsw,frostmourne,1578,warlock,demonology,36,18,18
Minervini,kiljaeden,1577,warlock,demonology,24,17,7
Gromy,lightnings-blade,1577,warlock,demonology,137,80,57
Voltshot,tichondrius,1576,warlock,demonology,590,300,290
Nttslock,tichondrius,1575,warlock,demonology,48,24,24
Sadgellation,arthas,1574,warlock,demonology,42,27,15
Redbullsz,bleeding-hollow,1573,warlock,demonology,68,34,34
Davekoresh,dunemaul,1571,warlock,demonology,50,27,23
Xephostwo,area-52,1567,warlock,demonology,42,20,22
Xaryl,stormrage,1564,warlock,demonology,108,52,56
Amour,wyrmrest-accord,1564,warlock,demonology,64,28,36
Caesaros,quelthalas,1563,warlock,demonology,105,49,56
Djvetis,blackhand,1556,warlock,demonology,30,17,13
Hentry,sargeras,1556,warlock,demonology,65,32,33
Pollodelight,deathwing,1554,warlock,demonology,67,38,29
Tsunamibaby,anvilmar,1552,warlock,demonology,144,79,65
Fullxd,quelthalas,1551,warlock,demonology,54,31,23
Bagn,tichondrius,1548,warlock,demonology,48,23,25
Blliizz,aegwynn,1547,warlock,demonology,30,17,13
Bïcho,queldorei,1547,warlock,demonology,48,23,25
Spooknjuke,bleeding-hollow,1546,warlock,demonology,41,26,15
Lopenx,korgath,1545,warlock,demonology,32,18,14
Thalsiani,moon-guard,1545,warlock,demonology,69,35,34
Britnyfears,korgath,1543,warlock,demonology,52,27,25
Bauchalain,area-52,1541,warlock,demonology,48,27,21
Synisterlock,moon-guard,1539,warlock,demonology,60,33,27
Threedotfivu,proudmoore,1538,warlock,demonology,30,17,13
Lamo,dawnbringer,1537,warlock,demonology,232,117,115
Maldinath,sargeras,1535,warlock,demonology,24,16,8
Cilium,illidan,1535,warlock,demonology,68,36,32
Isometrics,barthilas,1534,warlock,demonology,30,16,14
Soulrulerxc,tichondrius,1534,warlock,demonology,30,16,14
Heartpvp,tichondrius,1532,warlock,demonology,92,48,44
Forsâken,tichondrius,1531,warlock,demonology,95,42,53
Dotzor,area-52,1529,warlock,demonology,70,38,32
Giantgobrin,zuljin,1529,warlock,demonology,30,16,14
Miryem,illidan,1528,warlock,demonology,73,38,35
Possapp,azralon,1524,warlock,demonology,133,64,69
Bestwarlock,skywall,1522,warlock,demonology,48,21,27
Guisls,azralon,1518,warlock,demonology,84,42,42
Rotsndotss,thrall,1515,warlock,demonology,84,42,42
Zrò,bleeding-hollow,1512,warlock,demonology,30,17,13
Sleez,area-52,1511,warlock,demonology,96,49,47
Mixolydian,malganis,1509,warlock,demonology,36,18,18
Kandrus,moon-guard,1508,warlock,demonology,158,79,79
Comina,kelthuzad,1507,warlock,demonology,36,16,20
Licmash,fizzcrank,1505,warlock,demonology,153,79,74
Parmenides,tichondrius,1502,warlock,demonology,112,56,56
Blastfinger,tichondrius,1499,warlock,demonology,90,43,47
Kìllèrgf,area-52,1495,warlock,demonology,338,166,172
Shigero,tichondrius,1494,warlock,demonology,30,19,11
Zorah,quelthalas,1494,warlock,demonology,48,27,21
Reczy,azralon,1494,warlock,demonology,30,16,14
Valerik,azralon,1494,warlock,demonology,85,43,42
Wollylock,dark-iron,1494,warlock,demonology,92,44,48
Prägä,drakkari,1493,warlock,demonology,51,27,24
Gigagnomer,kelthuzad,1493,warlock,demonology,77,35,42
Volanti,bleeding-hollow,1488,warlock,demonology,60,32,28
Damerus,illidan,1487,warlock,demonology,57,24,33
Wickdways,daggerspine,1486,warlock,demonology,60,33,27
Seekma,gallywix,1485,warlock,demonology,60,31,29
Medallok,laughing-skull,1482,warlock,demonology,168,87,81
Eriand,nordrassil,1482,warlock,demonology,108,54,54
Bou,gorefiend,1481,warlock,demonology,79,33,46
Mindfulchimp,sargeras,1480,warlock,demonology,49,27,22
Spookyfurry,area-52,1480,warlock,demonology,119,65,54
Zhoull,thrall,1479,warlock,demonology,48,23,25
Grixis,zuluhed,1478,warlock,demonology,36,23,13
Musgrin,gallywix,1478,warlock,demonology,87,44,43
Thekook,illidan,1478,warlock,demonology,61,30,31
Sacrilege,zuljin,1474,warlock,demonology,30,18,12
Fabriziø,ragnaros,1472,warlock,demonology,31,21,10
Warhola,tichondrius,1471,warlock,demonology,77,32,45
Mssy,illidan,1470,warlock,demonology,29,16,13
Diosban,malganis,1469,warlock,demonology,48,23,25
Tubarão,azralon,1467,warlock,demonology,42,26,16
Durgamon,kirin-tor,1467,warlock,demonology,68,30,38
Khanaan,illidan,1466,warlock,demonology,30,16,14
Smallj,zuljin,1464,warlock,demonology,66,29,37
Sugarwaffles,area-52,1460,warlock,demonology,60,33,27
Kecca,azralon,1458,warlock,demonology,56,21,35
Immortallock,tichondrius,1454,warlock,demonology,96,48,48
Kothoped,wyrmrest-accord,1451,warlock,demonology,41,20,21
Kuyog,illidan,1447,warlock,demonology,77,40,37
Kyller,quelthalas,1444,warlock,demonology,53,25,28
Sayatar,ragnaros,1442,warlock,demonology,42,23,19
Malegnant,proudmoore,1442,warlock,demonology,42,20,22
Proletariat,moon-guard,1440,warlock,demonology,108,58,50
Darkwîngduck,illidan,1439,warlock,demonology,24,15,9
Epícburn,illidan,1439,warlock,demonology,28,16,12
Imgxyz,frostmourne,1439,warlock,demonology,72,41,31
Abismoarmdr,ragnaros,1439,warlock,demonology,174,89,85
Felegance,proudmoore,1439,warlock,demonology,30,15,15
Exuslock,tichondrius,1438,warlock,demonology,24,15,9
Ötì,altar-of-storms,1437,warlock,demonology,30,18,12
Sosahawk,stormrage,1437,warlock,demonology,30,15,15
Chaosboltlol,tichondrius,1436,warlock,demonology,30,15,15
Fluj,sargeras,1434,warlock,demonology,24,15,9
Dárklórd,dalaran,1434,warlock,demonology,268,136,132
Decolock,tichondrius,1433,warlock,demonology,24,15,9
Helyana,illidan,1433,warlock,demonology,53,31,22
Fshi,frostmourne,1433,warlock,demonology,52,25,27
Fluffylockk,bloodscalp,1432,warlock,demonology,103,54,49
Blavindy,illidan,1431,warlock,demonology,60,28,32
Aruotnof,nemesis,1430,warlock,demonology,24,15,9
Deathcyth,crushridge,1428,warlock,demonology,244,125,119
Stargasms,blackrock,1428,warlock,demonology,88,44,44
Devilin,drakkari,1427,warlock,demonology,36,16,20
Zxyastra,hyjal,1426,warlock,demonology,30,17,13
Mothapucka,thrall,1426,warlock,demonology,47,21,26
Zoagen,ragnaros,1425,warlock,demonology,24,15,9
Løcalplugxø,barthilas,1425,warlock,demonology,24,15,9
Evianne,skywall,1425,warlock,demonology,36,15,21
Esdreel,ragnaros,1424,warlock,demonology,146,70,76
Hibíky,ragnaros,1422,warlock,demonology,36,15,21
Middot,area-52,1422,warlock,demonology,106,44,62
Dcpwns,arthas,1419,warlock,demonology,120,58,62
Arlenna,sargeras,1419,warlock,demonology,128,60,68
Alaren,korgath,1419,warlock,demonology,42,17,25
Marowyth,ragnaros,1415,warlock,demonology,48,27,21
Dotsyu,frostmourne,1413,warlock,demonology,24,21,3
Mysteryannie,tichondrius,1411,warlock,demonology,88,53,35
Ganknãmstyle,illidan,1411,warlock,demonology,65,31,34
Laggyturbo,barthilas,1409,warlock,demonology,66,38,28
Darktias,quelthalas,1406,warlock,demonology,47,26,21
Dotcom,eonar,1406,warlock,demonology,36,15,21
Ipickcotton,barthilas,1404,warlock,demonology,36,17,19
Siaokuai,tichondrius,1403,warlock,demonology,36,15,21
Munick,spirestone,1402,warlock,demonology,45,29,16
Adlfcritler,emerald-dream,1402,warlock,demonology,36,19,17
Imbooms,blackrock,1402,warlock,demonology,34,15,19
Demodar,tol-barad,1402,warlock,demonology,36,15,21
Dawdrax,gallywix,1400,warlock,demonology,28,17,11
Sphîñx,sargeras,1394,warlock,demonology,62,29,33
Idoturmum,frostmourne,1393,warlock,demonology,54,31,23
Gandorf,alleria,1393,warlock,demonology,66,30,36
Suminl,tichondrius,1392,warlock,demonology,24,15,9
Avoidence,tanaris,1391,warlock,demonology,42,22,20
Vigius,dalaran,1391,warlock,demonology,47,22,25
Kuroyt,drakkari,1390,warlock,demonology,67,32,35
Smartpimp,tichondrius,1384,warlock,demonology,48,26,22
Kotica,stormrage,1382,warlock,demonology,40,19,21
Bashel,sargeras,1381,warlock,demonology,36,23,13
Guldorum,kiljaeden,1375,warlock,demonology,48,28,20
Nezsarek,sargeras,1373,warlock,demonology,41,22,19
Destrokk,gorefiend,1372,warlock,demonology,42,24,18
Catarina,kaelthas,1371,warlock,demonology,28,15,13
Bojàck,stormrage,1370,warlock,demonology,30,17,13
Mocreia,azralon,1370,warlock,demonology,34,16,18
Monstir,sargeras,1362,warlock,demonology,49,24,25
Felorc,wyrmrest-accord,1358,warlock,demonology,63,39,24
Tizzy,malganis,1356,warlock,demonology,38,25,13
Conilus,malganis,1354,warlock,demonology,48,20,28
Lintlickin,bonechewer,1353,warlock,demonology,20,15,5
Lemongillo,stormrage,1349,warlock,demonology,65,34,31
Menedemus,amanthul,1349,warlock,demonology,44,18,26
Ellynaria,nemesis,1343,warlock,demonology,18,14,4
Gnomechomski,magtheridon,1343,warlock,demonology,24,14,10
Leeka,emerald-dream,1343,warlock,demonology,24,14,10
Voidxz,tichondrius,1343,warlock,demonology,24,14,10
Idotû,tichondrius,1343,warlock,demonology,30,14,16
Slothycrip,emerald-dream,1342,warlock,demonology,36,14,22
Bigdaddyborr,arthas,1341,warlock,demonology,30,14,16
Demonalien,malganis,1339,warlock,demonology,18,14,4
Antigotenent,sargeras,1336,warlock,demonology,24,14,10
Narcan,arthas,1334,warlock,demonology,59,27,32
Intura,burning-legion,1333,warlock,demonology,108,54,54
Jamesiyah,moon-guard,1333,warlock,demonology,60,29,31
Brawndelock,stormrage,1331,warlock,demonology,78,36,42
Smôkedsôul,area-52,1330,warlock,demonology,24,14,10
Praemonium,dalaran,1330,warlock,demonology,24,14,10
Salacia,chogall,1328,warlock,demonology,227,113,114
Eldriptch,kelthuzad,1325,warlock,demonology,27,15,12
Stormrift,sargeras,1325,warlock,demonology,36,14,22
Memon,frostmane,1324,warlock,demonology,65,29,36
Gotfear,zuljin,1321,warlock,demonology,346,176,170
Superjuno,sargeras,1319,warlock,demonology,18,14,4
Warlockluo,tichondrius,1319,warlock,demonology,24,14,10
Yozzik,illidan,1309,warlock,demonology,35,14,21
Boltsfordays,dalaran,1309,warlock,demonology,84,32,52
Mechamaca,black-dragonflight,1308,warlock,demonology,96,45,51
Spicydots,arthas,1307,warlock,demonology,123,64,59
Yoyoling,illidan,1307,warlock,demonology,329,166,163
Andlerock,emerald-dream,1305,warlock,demonology,37,22,15
Eflock,barthilas,1302,warlock,demonology,30,20,10
Aboode,blackrock,1302,warlock,demonology,69,27,42
Sû,stormrage,1301,warlock,demonology,84,40,44
Canning,shuhalo,1299,warlock,demonology,32,14,18
Critthis,illidan,1297,warlock,demonology,30,14,16
Daesire,moon-guard,1295,warlock,demonology,30,14,16
Es,velen,1291,warlock,demonology,150,76,74
Valerilma,azralon,1284,warlock,demonology,40,18,22
Grimrizz,ragnaros,1282,warlock,demonology,43,26,17
Warlockdelux,thrall,1282,warlock,demonology,54,20,34
Gauul,illidan,1281,warlock,demonology,70,39,31
Freadle,sargeras,1281,warlock,demonology,42,14,28
Shadowflame,skullcrusher,1280,warlock,demonology,109,57,52
Heathncraig,illidan,1279,warlock,demonology,50,29,21
Screampied,sargeras,1279,warlock,demonology,53,24,29
Regime,deathwing,1275,warlock,demonology,24,14,10
Cornboil,tichondrius,1274,warlock,demonology,57,27,30
Dôctor,tichondrius,1274,warlock,demonology,64,30,34
Voidwarlord,tichondrius,1271,warlock,demonology,107,56,51
Willsayan,ragnaros,1266,warlock,demonology,42,16,26
Bluffzlock,boulderfist,1260,warlock,demonology,23,14,9
Owwie,malganis,1258,warlock,demonology,22,14,8
Saltiernuts,malganis,1258,warlock,demonology,66,35,31
Lockeem,jubeithos,1258,warlock,demonology,87,41,46
Arcaangell,sargeras,1257,warlock,demonology,158,82,76
Bänno,bleeding-hollow,1256,warlock,demonology,29,14,15
Kogath,thunderlord,1253,warlock,demonology,71,32,39
Falcarr,proudmoore,1251,warlock,demonology,39,19,20
Wazog,jubeithos,1250,warlock,demonology,30,16,14
Snuffer,detheroc,1250,warlock,demonology,36,16,20
Adonege,tichondrius,1248,warlock,demonology,24,13,11
Deathboltx,zuljin,1248,warlock,demonology,24,13,11
Drakatat,tichondrius,1248,warlock,demonology,24,13,11
Teron,stonemaul,1247,warlock,demonology,54,31,23
Pfhear,area-52,1247,warlock,demonology,24,13,11
Pitou,akama,1244,warlock,demonology,36,13,23
Uzag,mugthol,1243,warlock,demonology,38,16,22
Warlockafk,darkspear,1242,warlock,demonology,24,17,7
Haì,illidan,1242,warlock,demonology,24,13,11
Betterone,azralon,1242,warlock,demonology,24,13,11
Sashafive,proudmoore,1241,warlock,demonology,24,13,11
Pardoned,stormrage,1241,warlock,demonology,36,13,23
Nefertarie,illidan,1240,warlock,demonology,30,13,17
Demonkiiller,kelthuzad,1237,warlock,demonology,30,13,17
Tomzombe,durotan,1233,warlock,demonology,18,13,5
Nightblloom,illidan,1233,warlock,demonology,18,13,5
Drain,proudmoore,1233,warlock,demonology,18,13,5
Lpharji,tichondrius,1231,warlock,demonology,24,13,11
Bazeni,frostmourne,1230,warlock,demonology,48,26,22
Artmaster,nordrassil,1229,warlock,demonology,42,28,14
Welendiock,malganis,1228,warlock,demonology,43,21,22
Anjkh,skullcrusher,1224,warlock,demonology,30,13,17
Tickleskin,windrunner,1222,warlock,demonology,135,65,70
Symplicìty,area-52,1219,warlock,demonology,24,13,11
Spooppy,thunderlord,1214,warlock,demonology,24,13,11
Aniie,nemesis,1212,warlock,demonology,78,35,43
Demophile,bleeding-hollow,1204,warlock,demonology,24,18,6
Braylon,azuremyst,1185,warlock,demonology,30,15,15
Rickrock,gnomeregan,1184,warlock,demonology,24,14,10
Adistril,bleeding-hollow,1182,warlock,demonology,48,14,34
Syndrielle,emerald-dream,1181,warlock,demonology,54,22,32
Naydene,moon-guard,1157,warlock,demonology,90,41,49
Stankidanky,illidan,1156,warlock,demonology,30,18,12
Jezzika,azralon,1155,warlock,demonology,81,33,48
Phelth,magtheridon,1154,warlock,demonology,24,13,11
Thefunk,tichondrius,1152,warlock,demonology,18,12,6
Warzog,wyrmrest-accord,1152,warlock,demonology,24,12,12
Nùts,frostmourne,1152,warlock,demonology,24,12,12
Yooseok,tichondrius,1152,warlock,demonology,30,12,18
Khaozx,ragnaros,1151,warlock,demonology,18,12,6
Kossnen,shandris,1151,warlock,demonology,18,12,6
Jweezy,malganis,1151,warlock,demonology,18,12,6
Symaitiel,azralon,1151,warlock,demonology,24,12,12
Radii,bladefist,1151,warlock,demonology,24,12,12
Amberleyvail,tichondrius,1151,warlock,demonology,24,12,12
Demise,azuremyst,1151,warlock,demonology,24,12,12
Soorisoori,tichondrius,1151,warlock,demonology,24,12,12
Demonia,dathremar,1151,warlock,demonology,30,12,18
Emurog,icecrown,1150,warlock,demonology,18,12,6
Spectaclol,crushridge,1150,warlock,demonology,18,12,6
Lentil,zuljin,1150,warlock,demonology,18,12,6
Bellatriks,nemesis,1149,warlock,demonology,18,12,6
Chipt,kelthuzad,1149,warlock,demonology,30,12,18
Urfucct,burning-blade,1148,warlock,demonology,18,12,6
Firemarshall,stormrage,1148,warlock,demonology,22,13,9
Nêlson,area-52,1145,warlock,demonology,24,12,12
Snipsfan,hyjal,1140,warlock,demonology,56,22,34
Päpï,tichondrius,1139,warlock,demonology,18,12,6
Moryan,malfurion,1136,warlock,demonology,33,13,20
Bizcochito,thrall,1134,warlock,demonology,24,12,12
Remusdark,exodar,1129,warlock,demonology,24,12,12
Nostractus,azralon,1119,warlock,demonology,27,15,12
Xtralyfe,hyjal,1117,warlock,demonology,22,12,10
Apples,ravencrest,1113,warlock,demonology,23,14,9
Wårloçk,tichondrius,1109,warlock,demonology,29,12,17
Damelon,gurubashi,1107,warlock,demonology,65,26,39
Löksöflöve,sargeras,1101,warlock,demonology,60,25,35
Netherhigh,tichondrius,1099,warlock,demonology,84,42,42
Nellon,azralon,1087,warlock,demonology,26,13,13
Elipsis,bloodhoof,1086,warlock,demonology,23,12,11
Xentzor,auchindoun,1086,warlock,demonology,23,12,11
Eeso,stormrage,1084,warlock,demonology,30,13,17
Sumondeznuts,wyrmrest-accord,1080,warlock,demonology,23,12,11
Politepvperx,kelthuzad,1070,warlock,demonology,17,12,5
Maroth,elune,1070,warlock,demonology,30,12,18
Lilmollyboy,demon-soul,1068,warlock,demonology,13,12,1
Waii,emerald-dream,1056,warlock,demonology,12,11,1
Igortrikadva,zuljin,1056,warlock,demonology,12,11,1
Bøltqt,tichondrius,1056,warlock,demonology,12,11,1
Rarelinelk,malganis,1056,warlock,demonology,12,11,1
Itzlandox,emerald-dream,1056,warlock,demonology,18,11,7
Starta,tichondrius,1056,warlock,demonology,18,11,7
Maxice,zuljin,1056,warlock,demonology,18,11,7
Adramelech,thrall,1056,warlock,demonology,18,11,7
Lhordeign,area-52,1056,warlock,demonology,18,11,7
Samsara,akama,1056,warlock,demonology,18,11,7
Asiopdu,tichondrius,1056,warlock,demonology,18,11,7
Drainedd,blades-edge,1056,warlock,demonology,18,11,7
Candykrush,tichondrius,1055,warlock,demonology,18,11,7
Fotmspec,area-52,1055,warlock,demonology,18,11,7
Mindheist,stormrage,1054,warlock,demonology,18,11,7
Jblock,zuljin,1053,warlock,demonology,21,12,9
Sauzith,area-52,1052,warlock,demonology,24,11,13
Choas,jaedenar,1051,warlock,demonology,18,11,7
Mêdìvh,tichondrius,1050,warlock,demonology,24,11,13
Zinkro,quelthalas,1049,warlock,demonology,22,12,10
Prahvstein,shuhalo,1047,warlock,demonology,18,11,7
Sheara,silver-hand,1041,warlock,demonology,30,14,16
Tartamuda,ragnaros,1037,warlock,demonology,30,11,19
Mementomøri,quelthalas,1034,warlock,demonology,30,11,19
Elyshia,illidan,1026,warlock,demonology,35,14,21
Westhøf,sargeras,1023,warlock,demonology,17,11,6
Elmobolt,thrall,1023,warlock,demonology,23,11,12
Rannieck,dark-iron,1022,warlock,demonology,16,12,4
Iamlavon,area-52,1015,warlock,demonology,26,12,14
Pestileus,bleeding-hollow,1014,warlock,demonology,38,23,15
Tichondrus,ragnaros,1007,warlock,demonology,29,11,18
Tròll,moon-guard,1003,warlock,demonology,66,30,36
Conboi,tichondrius,992,warlock,demonology,16,11,5
Kaertis,emerald-dream,991,warlock,demonology,27,13,14
Lukelock,azralon,990,warlock,demonology,22,11,11
Trilleon,eldrethalas,987,warlock,demonology,20,12,8
Phyxylock,stormrage,960,warlock,demonology,12,10,2
Meltlordqt,mannoroth,960,warlock,demonology,12,10,2
Pigii,tichondrius,960,warlock,demonology,12,10,2
Vìqtìm,kelthuzad,960,warlock,demonology,12,10,2
Hecataeus,stormrage,960,warlock,demonology,12,10,2
Xyguoguo,tichondrius,960,warlock,demonology,18,10,8
Vexice,firetree,960,warlock,demonology,18,10,8
Spacedots,illidan,960,warlock,demonology,18,10,8
Idiocy,stormrage,960,warlock,demonology,18,10,8
Ragdoll,illidan,960,warlock,demonology,22,11,11
Wdc,illidan,960,warlock,demonology,24,10,14
Urïk,stormrage,960,warlock,demonology,24,10,14
Hellsparks,malganis,960,warlock,demonology,30,10,20
Syraxi,illidan,959,warlock,demonology,18,10,8
Purraisa,tichondrius,959,warlock,demonology,18,10,8
Playandlock,illidan,959,warlock,demonology,18,10,8
Tydar,bleeding-hollow,959,warlock,demonology,18,10,8
Hekion,emerald-dream,959,warlock,demonology,18,10,8
Lefteexd,tichondrius,959,warlock,demonology,24,10,14
Criptix,bleeding-hollow,959,warlock,demonology,24,10,14
Pheobebuffay,frostmane,959,warlock,demonology,24,10,14
Lynnha,wyrmrest-accord,958,warlock,demonology,24,10,14
Buboñic,area-52,958,warlock,demonology,24,10,14
Dplexs,jubeithos,957,warlock,demonology,12,10,2
Nurglea,proudmoore,957,warlock,demonology,18,10,8
Shâdowman,stormrage,957,warlock,demonology,18,10,8
Demic,thrall,957,warlock,demonology,24,10,14
Lockswagger,stormrage,956,warlock,demonology,18,10,8
Fyahwalka,aggramar,955,warlock,demonology,18,10,8
Zaintv,illidan,955,warlock,demonology,18,10,8
Sytrick,bleeding-hollow,955,warlock,demonology,24,10,14
Leine,proudmoore,955,warlock,demonology,24,10,14
Shalandalina,sargeras,954,warlock,demonology,18,10,8
Meattyrant,sargeras,954,warlock,demonology,25,10,15
Juankkii,bonechewer,953,warlock,demonology,18,10,8
Methrocks,emerald-dream,953,warlock,demonology,24,10,14
Xenagos,antonidas,950,warlock,demonology,24,10,14
Freyanna,moon-guard,949,warlock,demonology,24,10,14
Sørceress,bonechewer,948,warlock,demonology,18,10,8
Shadowndko,ragnaros,937,warlock,demonology,18,10,8
Velondris,illidan,929,warlock,demonology,46,18,28
Demonicdayer,area-52,928,warlock,demonology,21,13,8
Hawkinz,illidan,927,warlock,demonology,23,10,13
Pellah,malganis,926,warlock,demonology,20,11,9
Voldamorte,tichondrius,925,warlock,demonology,23,10,13
Voodootidies,proudmoore,922,warlock,demonology,27,13,14
Mourdera,ragnaros,904,warlock,demonology,20,11,9
Twinklockxx,mannoroth,895,warlock,demonology,23,10,13
Bâppo,antonidas,873,warlock,demonology,29,13,16
Impenjoyer,tichondrius,864,warlock,demonology,12,9,3
Leleth,nordrassil,864,warlock,demonology,12,9,3
Huloo,blades-edge,864,warlock,demonology,12,9,3
Hiddentech,saurfang,864,warlock,demonology,12,9,3
Wamage,malganis,864,warlock,demonology,12,9,3
Muchø,emerald-dream,864,warlock,demonology,12,9,3
Kamohoalii,bleeding-hollow,864,warlock,demonology,12,9,3
Luku,kiljaeden,864,warlock,demonology,18,9,9
Bewær,deathwing,864,warlock,demonology,18,9,9
Caduz,stormrage,864,warlock,demonology,18,9,9
Dxhusky,tichondrius,864,warlock,demonology,18,9,9
Justganmore,tichondrius,864,warlock,demonology,18,9,9
Djdemolordx,bleeding-hollow,864,warlock,demonology,18,9,9
Lhorgainz,area-52,864,warlock,demonology,18,9,9
Flangy,kiljaeden,864,warlock,demonology,20,9,11
Vendellin,moon-guard,864,warlock,demonology,24,9,15
Beaknasty,sargeras,864,warlock,demonology,24,9,15
Lazzarros,area-52,864,warlock,demonology,24,9,15
Mìya,barthilas,863,warlock,demonology,12,9,3
Brujever,ragnaros,863,warlock,demonology,12,9,3
Crujonez,sargeras,863,warlock,demonology,12,9,3
Jorloz,ragnaros,863,warlock,demonology,12,9,3
Fatals,thrall,863,warlock,demonology,12,9,3
Dudebrø,zuluhed,863,warlock,demonology,18,9,9
Greenbukakky,tichondrius,863,warlock,demonology,18,9,9
Criticalpets,stormrage,863,warlock,demonology,18,9,9
Hermania,sargeras,863,warlock,demonology,18,9,9
Harleyjames,ravenholdt,862,warlock,demonology,12,9,3
Tahroden,moon-guard,862,warlock,demonology,18,9,9
Dotsfired,crushridge,861,warlock,demonology,24,9,15
Easymac,thunderlord,860,warlock,demonology,24,9,15
Oopsíe,nagrand,860,warlock,demonology,24,9,15
Dundreavan,area-52,853,warlock,demonology,24,9,15
Nécromonster,illidan,852,warlock,demonology,24,9,15
Belloch,frostmourne,851,warlock,demonology,18,9,9
Wakkundoe,tichondrius,846,warlock,demonology,17,9,8
Orbvoid,sargeras,845,warlock,demonology,24,9,15
Smidget,trollbane,842,warlock,demonology,18,9,9
Thoroxa,stormrage,838,warlock,demonology,23,9,14
Blaxzlock,stormscale,831,warlock,demonology,20,10,10
Abantes,area-52,818,warlock,demonology,18,11,7
Demoniclily,kiljaeden,816,warlock,demonology,21,9,12
Cleavüs,stormrage,815,warlock,demonology,11,9,2
Lockman,frostwolf,809,warlock,demonology,25,12,13
Nurnok,ragnaros,808,warlock,demonology,24,10,14
Keturáh,garrosh,806,warlock,demonology,34,14,20
Getavoided,azralon,778,warlock,demonology,17,10,7
Asmion,earthen-ring,768,warlock,demonology,12,8,4
Bigboltkazar,tichondrius,768,warlock,demonology,12,8,4
Moramont,stormrage,768,warlock,demonology,12,8,4
Marshyxd,tichondrius,768,warlock,demonology,12,8,4
Gigabiga,tol-barad,768,warlock,demonology,12,8,4
Vølt,illidan,768,warlock,demonology,12,8,4
Gnumbnutz,blades-edge,768,warlock,demonology,12,8,4
Rizzofsparta,stormrage,768,warlock,demonology,12,8,4
Reneqtxo,frostmourne,768,warlock,demonology,12,8,4
Sakae,moon-guard,768,warlock,demonology,12,8,4
Pvtpotato,tichondrius,768,warlock,demonology,12,8,4
Westhofs,sargeras,768,warlock,demonology,12,8,4
Crazikrix,area-52,768,warlock,demonology,12,8,4
Conboee,tichondrius,768,warlock,demonology,12,8,4
Aerumna,barthilas,768,warlock,demonology,12,8,4
Leekeeaynis,frostmourne,768,warlock,demonology,12,8,4
Forestfruit,tichondrius,768,warlock,demonology,12,8,4
Famelol,tichondrius,768,warlock,demonology,12,8,4
Mitchosx,frostmourne,768,warlock,demonology,12,8,4
Hoonjojjyanl,tichondrius,768,warlock,demonology,18,8,10
Vasqu,stormrage,768,warlock,demonology,18,8,10
Nismo,trollbane,768,warlock,demonology,18,8,10
Dunni,area-52,768,warlock,demonology,18,8,10
Nolb,tichondrius,768,warlock,demonology,18,8,10
Rylal,illidan,768,warlock,demonology,18,8,10
Joseph,draktharon,768,warlock,demonology,18,8,10
Niava,tichondrius,768,warlock,demonology,18,8,10
Torowasabi,tichondrius,768,warlock,demonology,21,8,13
Wicklock,barthilas,768,warlock,demonology,24,8,16
Neutrinowal,tichondrius,768,warlock,demonology,24,8,16
Puchador,sargeras,768,warlock,demonology,24,8,16
Grendael,area-52,767,warlock,demonology,12,8,4
Lemdul,thrall,767,warlock,demonology,12,8,4
Gibberishss,tichondrius,767,warlock,demonology,12,8,4
Druzzaj,thrall,767,warlock,demonology,12,8,4
Rosacrutian,tichondrius,767,warlock,demonology,12,8,4
Nerfdemo,chogall,767,warlock,demonology,18,8,10
Fullmelt,azjolnerub,767,warlock,demonology,18,8,10
Ritzhul,nordrassil,766,warlock,demonology,12,8,4
Elioknight,area-52,766,warlock,demonology,18,8,10
Lustyclam,tichondrius,765,warlock,demonology,12,8,4
Cvntpvntcans,kelthuzad,764,warlock,demonology,18,8,10
Pulentinskin,quelthalas,764,warlock,demonology,24,8,16
Griffoz,frostwolf,763,warlock,demonology,18,8,10
Cslice,magtheridon,746,warlock,demonology,19,12,7
Doobielock,kelthuzad,734,warlock,demonology,14,9,5
Aînzooalgown,ragnaros,712,warlock,demonology,14,9,5
Cutefgt,barthilas,704,warlock,demonology,14,9,5
Tikz,magtheridon,703,warlock,demonology,11,8,3
Iromath,sargeras,701,warlock,demonology,14,8,6
Warlow,mugthol,697,warlock,demonology,26,8,18
Broccolehtoo,area-52,688,warlock,demonology,13,8,5
Syen,quelthalas,672,warlock,demonology,12,7,5
Løckyun,tichondrius,672,warlock,demonology,12,7,5
Zeexi,illidan,672,warlock,demonology,12,7,5
Nolullaby,stormrage,672,warlock,demonology,12,7,5
Sapaqlia,quelthalas,672,warlock,demonology,12,7,5
Lilsquirts,kelthuzad,672,warlock,demonology,12,7,5
Sauronne,illidan,672,warlock,demonology,12,7,5
Lánathel,ragnaros,672,warlock,demonology,12,7,5
Dodgebolts,khaz-modan,672,warlock,demonology,12,7,5
Agla,quelthalas,672,warlock,demonology,12,7,5
Nockdreal,azralon,672,warlock,demonology,12,7,5
Isömetrics,barthilas,672,warlock,demonology,12,7,5
Zanlockos,dalaran,672,warlock,demonology,12,7,5
Protomán,agamaggan,672,warlock,demonology,12,7,5
Lifeinsuranc,tichondrius,672,warlock,demonology,12,7,5
Bestcookies,malganis,672,warlock,demonology,12,7,5
Demonmal,frostmourne,672,warlock,demonology,12,7,5
Dadtired,tichondrius,672,warlock,demonology,12,7,5
Ðamndaddy,sargeras,672,warlock,demonology,12,7,5
Expiredonion,bleeding-hollow,672,warlock,demonology,12,7,5
Gearboxx,tichondrius,672,warlock,demonology,12,7,5
Famington,tichondrius,672,warlock,demonology,12,7,5
Sorenbjerga,zuljin,672,warlock,demonology,12,7,5
Drix,wyrmrest-accord,672,warlock,demonology,12,7,5
Fearmore,bleeding-hollow,672,warlock,demonology,12,7,5
Psykana,barthilas,672,warlock,demonology,12,7,5
Blackjewels,illidan,672,warlock,demonology,12,7,5
Juppup,tichondrius,672,warlock,demonology,12,7,5
Smoogzi,tichondrius,672,warlock,demonology,12,7,5
Laiquisha,zuljin,672,warlock,demonology,12,7,5
Deammon,tichondrius,672,warlock,demonology,12,7,5
Viamie,illidan,672,warlock,demonology,12,7,5
Matrriixx,proudmoore,672,warlock,demonology,18,7,11
Tahmrin,quelthalas,672,warlock,demonology,18,7,11
Ranil,mannoroth,672,warlock,demonology,18,7,11
Staywrong,malganis,672,warlock,demonology,18,7,11
Evarona,gorefiend,672,warlock,demonology,18,7,11
Drippyjones,sargeras,672,warlock,demonology,18,7,11
Acejerk,the-forgotten-coast,672,warlock,demonology,18,7,11
Tynks,mannoroth,672,warlock,demonology,18,7,11
Snoosnoo,exodar,671,warlock,demonology,12,7,5
Nëcrophil,area-52,671,warlock,demonology,12,7,5
Nigthdeath,nemesis,671,warlock,demonology,12,7,5
Faraday,laughing-skull,671,warlock,demonology,12,7,5
Felynrith,khadgar,671,warlock,demonology,12,7,5
Poppadot,korgath,671,warlock,demonology,12,7,5
Glortheeb,spirestone,671,warlock,demonology,12,7,5
Celindeyn,stormrage,671,warlock,demonology,12,7,5
Vorlos,bonechewer,671,warlock,demonology,12,7,5
Damagexx,the-underbog,671,warlock,demonology,12,7,5
Saldori,malganis,671,warlock,demonology,12,7,5
Lockmau,azralon,671,warlock,demonology,12,7,5
Saddestboi,proudmoore,671,warlock,demonology,18,7,11
Motyl,area-52,671,warlock,demonology,18,7,11
Chelythalle,tichondrius,671,warlock,demonology,19,7,12
Jèdi,drenden,670,warlock,demonology,12,7,5
Deanwarlock,sargeras,670,warlock,demonology,12,7,5
Sanastik,laughing-skull,670,warlock,demonology,12,7,5
Reckluss,shattered-hand,669,warlock,demonology,18,7,11
Yury,scarlet-crusade,667,warlock,demonology,21,8,13
Lokiiee,azuremyst,664,warlock,demonology,12,7,5
Tsmcfker,tichondrius,654,warlock,demonology,17,7,10
Chlomakï,azralon,622,warlock,demonology,11,7,4
Heilcyon,illidan,622,warlock,demonology,11,7,4
Chaosboltex,tichondrius,618,warlock,demonology,14,8,6
Apøçàlÿpsè,firetree,618,warlock,demonology,17,9,8
Mssyy,illidan,608,warlock,demonology,10,7,3
Comply,frostmane,592,warlock,demonology,13,7,6
Vueltoachote,stormrage,592,warlock,demonology,13,7,6
Spectro,laughing-skull,576,warlock,demonology,6,6,0
Dazevil,burning-blade,576,warlock,demonology,6,6,0
Toxik,zuljin,576,warlock,demonology,6,6,0
Dingis,bloodscalp,576,warlock,demonology,6,6,0
Grimløck,khadgar,576,warlock,demonology,6,6,0
Fakemagician,tichondrius,576,warlock,demonology,6,6,0
Lillpfudd,area-52,576,warlock,demonology,6,6,0
Wâg,moon-guard,576,warlock,demonology,6,6,0
Hof,bloodscalp,576,warlock,demonology,6,6,0
Hank,azgalor,576,warlock,demonology,6,6,0
Spook,steamwheedle-cartel,576,warlock,demonology,6,6,0
Ritsü,darkspear,576,warlock,demonology,6,6,0
Honne,sargeras,576,warlock,demonology,10,7,3
Graveland,frostwolf,576,warlock,demonology,12,6,6
Marothredd,nathrezim,576,warlock,demonology,12,6,6
Davidofbowie,burning-legion,576,warlock,demonology,12,6,6
Zoerina,fizzcrank,576,warlock,demonology,12,6,6
Ombiez,moonrunner,576,warlock,demonology,12,6,6
Babybolt,frostmourne,576,warlock,demonology,12,6,6
Pumpkeenky,hyjal,576,warlock,demonology,12,6,6
Scarletdemon,malganis,576,warlock,demonology,12,6,6
Exxosl,tichondrius,576,warlock,demonology,12,6,6
Linestrazsa,daggerspine,576,warlock,demonology,12,6,6
Yaldin,nemesis,576,warlock,demonology,12,6,6
Vexria,wyrmrest-accord,576,warlock,demonology,12,6,6
Viejita,quelthalas,576,warlock,demonology,12,6,6
Mmfoodisgood,dalaran,576,warlock,demonology,12,6,6
Bellath,azralon,576,warlock,demonology,12,6,6
Dalah,illidan,576,warlock,demonology,12,6,6
Chaosblade,burning-blade,576,warlock,demonology,12,6,6
Themedia,tichondrius,576,warlock,demonology,12,6,6
Eddybigbolts,tichondrius,576,warlock,demonology,12,6,6
Diabhlaí,tichondrius,576,warlock,demonology,12,6,6
Backseatn,tichondrius,576,warlock,demonology,12,6,6
Aclonos,tichondrius,576,warlock,demonology,12,6,6
Oniyooshi,kelthuzad,576,warlock,demonology,12,6,6
Lafuke,tichondrius,576,warlock,demonology,12,6,6
Kyralena,stormrage,576,warlock,demonology,12,6,6
Conboii,tichondrius,576,warlock,demonology,12,6,6
Muchopower,ragnaros,576,warlock,demonology,12,6,6
Projectpump,kelthuzad,576,warlock,demonology,12,6,6
Rezw,illidan,576,warlock,demonology,12,6,6
Meelady,tichondrius,576,warlock,demonology,12,6,6
Therru,tichondrius,576,warlock,demonology,12,6,6
Westhofz,tichondrius,576,warlock,demonology,12,6,6
Destructio,tichondrius,576,warlock,demonology,12,6,6
Rottenhell,kelthuzad,576,warlock,demonology,12,6,6
Ovërlord,emerald-dream,576,warlock,demonology,12,6,6
Sorath,blackrock,576,warlock,demonology,12,6,6
Artzul,tichondrius,576,warlock,demonology,15,7,8
Lockhomes,azralon,576,warlock,demonology,16,7,9
Dranovis,illidan,576,warlock,demonology,18,6,12
Shadowhax,area-52,576,warlock,demonology,18,6,12
Soulrman,tichondrius,576,warlock,demonology,18,6,12
Mucholock,azralon,576,warlock,demonology,18,6,12
Dreadful,frostmourne,576,warlock,demonology,18,6,12
Tribulatiön,moon-guard,576,warlock,demonology,18,6,12
Yungwilly,silvermoon,576,warlock,demonology,18,6,12
Ragnalock,laughing-skull,576,warlock,demonology,20,6,14
Shadü,tichondrius,576,warlock,demonology,25,6,19
Lockazo,quelthalas,575,warlock,demonology,6,6,0
Sinissa,ysondre,575,warlock,demonology,12,6,6
Doomczar,frostmane,575,warlock,demonology,12,6,6
Voidgown,moon-guard,575,warlock,demonology,12,6,6
Ronacq,norgannon,575,warlock,demonology,12,6,6
Lollilock,area-52,575,warlock,demonology,12,6,6
Valvravé,malganis,575,warlock,demonology,12,6,6
Szell,caelestrasz,575,warlock,demonology,12,6,6
Sylvanes,emerald-dream,575,warlock,demonology,12,6,6
Twototheone,illidan,575,warlock,demonology,12,6,6
Syndel,drakkari,575,warlock,demonology,12,6,6
Sinaman,barthilas,575,warlock,demonology,17,6,11
Daliadark,sargeras,575,warlock,demonology,21,6,15
Xanlel,deathwing,574,warlock,demonology,18,6,12
Undeadcurse,frostmourne,574,warlock,demonology,24,6,18
Däemön,area-52,573,warlock,demonology,12,6,6
Algard,emerald-dream,573,warlock,demonology,12,6,6
Tenletters,kirin-tor,558,warlock,demonology,13,7,6
ßaphomet,blackrock,543,warlock,demonology,11,6,5
Jafi,coilfang,543,warlock,demonology,17,6,11
Penzer,stormrage,528,warlock,demonology,15,6,9
Constantine,exodar,527,warlock,demonology,17,6,11
Igniz,tichondrius,480,warlock,demonology,6,5,1
Linctowncar,sargeras,480,warlock,demonology,6,5,1
Sinixx,tichondrius,480,warlock,demonology,6,5,1
Excusey,tichondrius,480,warlock,demonology,6,5,1
Charlieo,barthilas,480,warlock,demonology,6,5,1
Necrotko,malganis,480,warlock,demonology,6,5,1
Sixv,barthilas,480,warlock,demonology,6,5,1
Sêrok,tichondrius,480,warlock,demonology,6,5,1
Seutóóbinha,stormrage,480,warlock,demonology,6,5,1
Gavvi,frostmourne,480,warlock,demonology,6,5,1
Rotkid,barthilas,480,warlock,demonology,6,5,1
Norran,nemesis,480,warlock,demonology,6,5,1
Sixxlol,malganis,480,warlock,demonology,6,5,1
Viralwashbrn,illidan,480,warlock,demonology,6,5,1
Floorlamp,anvilmar,480,warlock,demonology,6,5,1
Tiatiatia,illidan,480,warlock,demonology,6,5,1
Valraths,arthas,480,warlock,demonology,6,5,1
Velrose,thrall,480,warlock,demonology,6,5,1
Leyzer,stormrage,480,warlock,demonology,6,5,1
Wybbukk,wyrmrest-accord,480,warlock,demonology,6,5,1
Niadmer,gnomeregan,480,warlock,demonology,6,5,1
Vapeboi,bleeding-hollow,480,warlock,demonology,6,5,1
Crilock,quelthalas,480,warlock,demonology,10,6,4
Zelxor,tichondrius,480,warlock,demonology,12,5,7
Zhul,nerzhul,480,warlock,demonology,12,5,7
Søcks,tichondrius,480,warlock,demonology,12,5,7
Sinápsís,ragnaros,480,warlock,demonology,12,5,7
Widdleywahh,area-52,480,warlock,demonology,12,5,7
Dkdakìng,dalaran,480,warlock,demonology,12,5,7
Drugmuffin,tichondrius,480,warlock,demonology,12,5,7
Demonâ,ragnaros,480,warlock,demonology,12,5,7
Drsauce,sargeras,480,warlock,demonology,12,5,7
Movvo,queldorei,480,warlock,demonology,12,5,7
Meisy,quelthalas,480,warlock,demonology,12,5,7
Dapperdanxy,tichondrius,480,warlock,demonology,12,5,7
Aniuk,bloodhoof,480,warlock,demonology,12,5,7
Aellorie,proudmoore,480,warlock,demonology,12,5,7
Zarinista,veknilash,480,warlock,demonology,12,5,7
Démoniaque,garrosh,480,warlock,demonology,12,5,7
Breeak,sargeras,480,warlock,demonology,12,5,7
Yanned,hakkar,480,warlock,demonology,12,5,7
Grandmama,tichondrius,480,warlock,demonology,12,5,7
Lockonthc,korgath,480,warlock,demonology,12,5,7
Mclock,tanaris,480,warlock,demonology,12,5,7
Ånguish,illidan,480,warlock,demonology,12,5,7
Rumpology,illidan,480,warlock,demonology,12,5,7
Jennifear,sargeras,480,warlock,demonology,12,5,7
Salsong,draka,480,warlock,demonology,12,5,7
Klumzey,tichondrius,480,warlock,demonology,12,5,7
Alataar,sargeras,480,warlock,demonology,12,5,7
Liuh,tichondrius,480,warlock,demonology,12,5,7
Beaknstein,sargeras,480,warlock,demonology,12,5,7
Phylox,cenarius,480,warlock,demonology,12,5,7
Wheremyshoes,area-52,480,warlock,demonology,12,5,7
Rooms,sargeras,480,warlock,demonology,12,5,7
Grineed,emerald-dream,480,warlock,demonology,12,5,7
Grandpapapa,tichondrius,480,warlock,demonology,12,5,7
Dewandoritos,kelthuzad,480,warlock,demonology,12,5,7
Mânuel,akama,480,warlock,demonology,12,5,7
Gandreleda,wyrmrest-accord,480,warlock,demonology,16,6,10
Paleontology,moon-guard,480,warlock,demonology,14,5,9
Shadococo,tichondrius,480,warlock,demonology,18,5,13
Wineburger,frostmourne,480,warlock,demonology,18,5,13
Jancilianna,stormrage,480,warlock,demonology,24,5,19
Sagaema,silvermoon,479,warlock,demonology,6,5,1
Deathlowkz,area-52,479,warlock,demonology,12,5,7
Stinkmeaner,chogall,479,warlock,demonology,12,5,7
Lockybalbowa,amanthul,479,warlock,demonology,18,5,13
Omegawarlock,quelthalas,479,warlock,demonology,18,5,13
Iolitee,khazgoroth,477,warlock,demonology,12,5,7
Sathorastus,spirestone,448,warlock,demonology,10,6,4
Rentacletape,kelthuzad,447,warlock,demonology,9,6,3
Rèdrùm,tichondrius,447,warlock,demonology,11,5,6
Shadowbyte,drakkari,431,warlock,demonology,11,5,6
Agaros,zuljin,426,warlock,demonology,17,6,11
Dotte,tichondrius,416,warlock,demonology,10,5,5
Stonnerz,ragnaros,415,warlock,demonology,10,7,3
Fokâi,sargeras,415,warlock,demonology,14,5,9
Rosalynda,azralon,398,warlock,demonology,10,5,5
Deathage,crushridge,384,warlock,demonology,6,4,2
Arphix,kelthuzad,384,warlock,demonology,6,4,2
Dotudead,kelthuzad,384,warlock,demonology,6,4,2
Lila,kaelthas,384,warlock,demonology,6,4,2
Thanock,illidan,384,warlock,demonology,6,4,2
Zidus,tichondrius,384,warlock,demonology,6,4,2
Rodneyjones,emerald-dream,384,warlock,demonology,6,4,2
Mobilecherpn,frostmourne,384,warlock,demonology,6,4,2
Quonton,tichondrius,384,warlock,demonology,6,4,2
Ethero,emerald-dream,384,warlock,demonology,6,4,2
Crayonchewer,alleria,384,warlock,demonology,6,4,2
Alchan,tichondrius,384,warlock,demonology,6,4,2
Decentraland,tichondrius,384,warlock,demonology,6,4,2
Meep,madoran,384,warlock,demonology,6,4,2
Hubbywubz,kiljaeden,384,warlock,demonology,6,4,2
Lockniel,skullcrusher,384,warlock,demonology,6,4,2
Kyrionn,azralon,384,warlock,demonology,6,4,2
Coomerdoomer,stormrage,384,warlock,demonology,6,4,2
Fanzhiyi,illidan,384,warlock,demonology,6,4,2
Ahp,stormrage,384,warlock,demonology,6,4,2
Khalamar,steamwheedle-cartel,384,warlock,demonology,6,4,2
Zeraedify,bleeding-hollow,384,warlock,demonology,6,4,2
Mädzy,azralon,384,warlock,demonology,6,4,2
Hordefella,malganis,384,warlock,demonology,6,4,2
Karmalock,malganis,384,warlock,demonology,6,4,2
Hauntedhøuse,area-52,384,warlock,demonology,6,4,2
Curpt,the-scryers,384,warlock,demonology,6,4,2
Moräl,frostmourne,384,warlock,demonology,6,4,2
Drekka,bleeding-hollow,384,warlock,demonology,6,4,2
Helheim,haomarush,384,warlock,demonology,6,4,2
Syíthe,sargeras,384,warlock,demonology,6,4,2
Narcissist,tanaris,384,warlock,demonology,6,4,2
Hélà,sargeras,384,warlock,demonology,6,4,2
Conjur,barthilas,384,warlock,demonology,6,4,2
Mazzaleen,area-52,384,warlock,demonology,6,4,2
Dashaad,illidan,384,warlock,demonology,6,4,2
Frustration,darkspear,384,warlock,demonology,6,4,2
Retaruko,illidan,384,warlock,demonology,6,4,2
Xekk,wyrmrest-accord,384,warlock,demonology,6,4,2
Nerolock,frostmourne,384,warlock,demonology,6,4,2
Vilebrute,illidan,384,warlock,demonology,6,4,2
Lizlock,stormrage,384,warlock,demonology,6,4,2
Uwugpt,frostmourne,384,warlock,demonology,6,4,2
Viejitaa,quelthalas,384,warlock,demonology,6,4,2
Bakko,tichondrius,384,warlock,demonology,6,4,2
Jorit,argent-dawn,384,warlock,demonology,6,4,2
Ulthràn,quelthalas,384,warlock,demonology,6,4,2
Sakuin,bonechewer,384,warlock,demonology,6,4,2
Westhofxx,sargeras,384,warlock,demonology,6,4,2
Mesiauz,stormrage,384,warlock,demonology,6,4,2
Bigmancam,illidan,384,warlock,demonology,6,4,2
Tiddliwinx,nordrassil,384,warlock,demonology,6,4,2
Ardam,cenarion-circle,384,warlock,demonology,6,4,2
Vesaloth,zuljin,384,warlock,demonology,6,4,2
Logixo,sargeras,384,warlock,demonology,7,4,3
Warlooch,area-52,384,warlock,demonology,9,5,4
Woudini,malganis,384,warlock,demonology,10,5,5
Jvilla,tichondrius,384,warlock,demonology,8,4,4
Kernlberton,tichondrius,384,warlock,demonology,11,4,7
Picklecatz,barthilas,384,warlock,demonology,12,4,8
Uarus,tichondrius,384,warlock,demonology,12,4,8
Dotsandpot,malfurion,384,warlock,demonology,12,4,8
Dogcookie,moon-guard,384,warlock,demonology,12,4,8
Frezy,stormrage,384,warlock,demonology,12,4,8
Darthael,stormrage,384,warlock,demonology,12,4,8
Marty,stormrage,384,warlock,demonology,12,4,8
Monstermime,wildhammer,384,warlock,demonology,12,4,8
Mindlock,ragnaros,384,warlock,demonology,12,4,8
Nazare,tichondrius,384,warlock,demonology,12,4,8
Borudo,thrall,384,warlock,demonology,12,4,8
Rumjugs,barthilas,384,warlock,demonology,12,4,8
Warlack,jubeithos,384,warlock,demonology,12,4,8
Glizzÿ,thrall,384,warlock,demonology,12,4,8
Pìnto,illidan,384,warlock,demonology,12,4,8
Ddorangmoon,tichondrius,384,warlock,demonology,12,4,8
Pikslol,bleeding-hollow,384,warlock,demonology,12,4,8
Srz,stormrage,384,warlock,demonology,12,4,8
Schrader,sargeras,384,warlock,demonology,12,4,8
Ven,dalaran,384,warlock,demonology,12,4,8
Çheesestick,dalaran,384,warlock,demonology,12,4,8
Fayeshara,sargeras,384,warlock,demonology,12,4,8
Arsaurelica,blackrock,384,warlock,demonology,12,4,8
Diekast,tichondrius,384,warlock,demonology,12,4,8
Naz,shadowsong,384,warlock,demonology,12,4,8
Xoxoxu,frostmourne,384,warlock,demonology,12,4,8
Deatt,deathwing,384,warlock,demonology,12,4,8
Greenkaren,azralon,384,warlock,demonology,12,4,8
Vèigarr,frostmourne,384,warlock,demonology,15,4,11
Tofulery,tichondrius,384,warlock,demonology,18,4,14
Dagadon,arathor,384,warlock,demonology,24,4,20
Greems,tichondrius,383,warlock,demonology,6,4,2
Squibley,sargeras,383,warlock,demonology,10,5,5
Xandemic,tichondrius,383,warlock,demonology,12,4,8
Meminissemus,ragnaros,383,warlock,demonology,12,4,8
Daggondai,tichondrius,383,warlock,demonology,12,4,8
Freshimps,blood-furnace,367,warlock,demonology,11,4,7
Sharee,azuremyst,363,warlock,demonology,11,4,7
Slipnslide,malganis,351,warlock,demonology,8,5,3
Ärminvßuurën,barthilas,351,warlock,demonology,11,4,7
Butterboyx,stormrage,351,warlock,demonology,11,4,7
Manosverdes,tichondrius,336,warlock,demonology,9,4,5
Pizzanipple,illidan,319,warlock,demonology,5,4,1
Donce,tichondrius,319,warlock,demonology,5,4,1
Rycho,tichondrius,319,warlock,demonology,5,4,1
Westhofzx,sargeras,319,warlock,demonology,5,4,1
Schofen,tichondrius,318,warlock,demonology,23,8,15
Pulpfliction,kiljaeden,304,warlock,demonology,13,4,9
Asmodeun,malganis,288,warlock,demonology,6,3,3
Hgma,tichondrius,288,warlock,demonology,6,3,3
Capslock,arthas,288,warlock,demonology,6,3,3
Aeonss,stormrage,288,warlock,demonology,6,3,3
Gholra,wyrmrest-accord,288,warlock,demonology,6,3,3
Sooshi,malganis,288,warlock,demonology,6,3,3
Insanemids,tichondrius,288,warlock,demonology,6,3,3
Fatuglyegirl,sargeras,288,warlock,demonology,6,3,3
Naokishi,stormrage,288,warlock,demonology,6,3,3
Soulruler,tichondrius,288,warlock,demonology,6,3,3
Wiredftw,illidan,288,warlock,demonology,6,3,3
Lilthicy,sargeras,288,warlock,demonology,6,3,3
Evilwarlock,malganis,288,warlock,demonology,6,3,3
Emeary,kelthuzad,288,warlock,demonology,6,3,3
Wasca,kelthuzad,288,warlock,demonology,6,3,3
Widenose,agamaggan,288,warlock,demonology,6,3,3
Agonie,tichondrius,288,warlock,demonology,6,3,3
Malthaél,kelthuzad,288,warlock,demonology,6,3,3
Drerrday,kelthuzad,288,warlock,demonology,6,3,3
Areolaz,kelthuzad,288,warlock,demonology,6,3,3
Daqizy,emerald-dream,288,warlock,demonology,6,3,3
Deadlylock,gilneas,288,warlock,demonology,6,3,3
Vulcke,kelthuzad,288,warlock,demonology,6,3,3
Whydemono,tichondrius,288,warlock,demonology,6,3,3
Gotty,stormrage,288,warlock,demonology,6,3,3
Wiredftwx,illidan,288,warlock,demonology,6,3,3
Cyrillus,moon-guard,288,warlock,demonology,6,3,3
Petdaddy,lightninghoof,288,warlock,demonology,6,3,3
Shadowlifts,kelthuzad,288,warlock,demonology,6,3,3
Okul,frostmourne,288,warlock,demonology,6,3,3
Fëlgibson,illidan,288,warlock,demonology,6,3,3
Chars,velen,288,warlock,demonology,6,3,3
Shutupthug,illidan,288,warlock,demonology,6,3,3
Azland,proudmoore,288,warlock,demonology,6,3,3
Khatrat,azralon,288,warlock,demonology,6,3,3
Shìnedown,eonar,288,warlock,demonology,6,3,3
Lockinha,azralon,288,warlock,demonology,6,3,3
Élio,quelthalas,288,warlock,demonology,6,3,3
Impbiscuit,stormrage,288,warlock,demonology,6,3,3
Ðemented,bleeding-hollow,288,warlock,demonology,6,3,3
Nightterrour,frostmourne,288,warlock,demonology,6,3,3
Feelthefearx,ragnaros,288,warlock,demonology,6,3,3
Nookíe,azralon,288,warlock,demonology,6,3,3
Larsiezwei,spirestone,288,warlock,demonology,6,3,3
Srcorvo,azralon,288,warlock,demonology,6,3,3
Kodyconner,darkspear,288,warlock,demonology,6,3,3
Voldmorto,azralon,288,warlock,demonology,6,3,3
Dxxz,tichondrius,288,warlock,demonology,6,3,3
Khamzatt,proudmoore,288,warlock,demonology,6,3,3
Chody,sargeras,288,warlock,demonology,6,3,3
Ezralem,tichondrius,288,warlock,demonology,6,3,3
Seltzi,illidan,288,warlock,demonology,6,3,3
Psyløck,bleeding-hollow,288,warlock,demonology,6,3,3
Sweetmeat,madoran,288,warlock,demonology,6,3,3
Devi,executus,288,warlock,demonology,6,3,3
Wreyz,mannoroth,288,warlock,demonology,6,3,3
Infear,area-52,288,warlock,demonology,6,3,3
Noteko,korgath,288,warlock,demonology,6,3,3
Dispator,tichondrius,288,warlock,demonology,6,3,3
Poggun,tichondrius,288,warlock,demonology,6,3,3
Themagelock,bleeding-hollow,288,warlock,demonology,6,3,3
Notprint,sargeras,288,warlock,demonology,6,3,3
Molguzano,ragnaros,288,warlock,demonology,6,3,3
Chaøsbolt,area-52,288,warlock,demonology,6,3,3
Therapeuticz,barthilas,288,warlock,demonology,6,3,3
Feartool,stormrage,288,warlock,demonology,6,3,3
Cvoaw,bonechewer,288,warlock,demonology,6,3,3
Ëfera,nemesis,288,warlock,demonology,6,3,3
Superbroly,area-52,288,warlock,demonology,6,3,3
Ledrlpxlx,bleeding-hollow,288,warlock,demonology,6,3,3
Dippndotz,bleeding-hollow,288,warlock,demonology,6,3,3
Krystchan,bleeding-hollow,288,warlock,demonology,6,3,3
Keezus,area-52,288,warlock,demonology,6,3,3
Yamamas,hakkar,288,warlock,demonology,6,3,3
Diebydots,blackrock,288,warlock,demonology,6,3,3
Dps,garithos,288,warlock,demonology,6,3,3
Archleon,smolderthorn,288,warlock,demonology,6,3,3
Elwesthof,ragnaros,288,warlock,demonology,6,3,3
Crtyodautr,skullcrusher,288,warlock,demonology,6,3,3
Nipz,korialstrasz,288,warlock,demonology,6,3,3
Muldan,stormrage,288,warlock,demonology,6,3,3
Drelgun,aerie-peak,288,warlock,demonology,6,3,3
Sangala,illidan,288,warlock,demonology,6,3,3
Locksoul,area-52,288,warlock,demonology,6,3,3
Bral,hyjal,288,warlock,demonology,6,3,3
Hauntsin,hyjal,288,warlock,demonology,6,3,3
Saffuky,frostmourne,288,warlock,demonology,6,3,3
Iamfear,shuhalo,288,warlock,demonology,6,3,3
Domwarlock,uther,288,warlock,demonology,6,3,3
Fancynuts,kiljaeden,288,warlock,demonology,6,3,3
Guldylox,kiljaeden,288,warlock,demonology,6,3,3
Payn,kiljaeden,288,warlock,demonology,6,3,3
Fakecastxøxø,drakkari,288,warlock,demonology,6,3,3
Ðöts,frostmourne,288,warlock,demonology,6,3,3
Catraca,sargeras,288,warlock,demonology,6,3,3
Freejakejone,tichondrius,288,warlock,demonology,6,3,3
Azlloa,tichondrius,288,warlock,demonology,6,3,3
Guldunk,tichondrius,288,warlock,demonology,6,3,3
Bertnasty,tichondrius,288,warlock,demonology,6,3,3
Breeped,tichondrius,288,warlock,demonology,6,3,3
Azazil,moon-guard,288,warlock,demonology,6,3,3
Gulvandan,dathremar,288,warlock,demonology,6,3,3
Elementzero,malorne,288,warlock,demonology,6,3,3
Dotomizer,moonrunner,288,warlock,demonology,6,3,3
Amz,grizzly-hills,288,warlock,demonology,6,3,3
Leonito,tichondrius,288,warlock,demonology,6,3,3
Alprazoläm,illidan,288,warlock,demonology,14,6,8
Ofcurse,stormrage,288,warlock,demonology,10,3,7
Opacusflamma,kelthuzad,288,warlock,demonology,11,3,8
Westhofs,tichondrius,288,warlock,demonology,12,3,9
Sumonníng,tichondrius,288,warlock,demonology,12,3,9
Albbanoo,tichondrius,288,warlock,demonology,12,3,9
Crispee,azuremyst,288,warlock,demonology,12,3,9
Laklin,stormscale,288,warlock,demonology,12,3,9
Jagni,stormrage,288,warlock,demonology,12,3,9
Dàmagicman,drakthul,288,warlock,demonology,12,3,9
Killvilock,kelthuzad,288,warlock,demonology,12,3,9
Pachips,zuljin,288,warlock,demonology,12,3,9
Strax,shattered-hand,288,warlock,demonology,12,3,9
Xephine,proudmoore,288,warlock,demonology,12,3,9
Kajayak,nazjatar,288,warlock,demonology,12,3,9
Uggaboogga,malganis,288,warlock,demonology,12,3,9
Erc,alterac-mountains,288,warlock,demonology,12,3,9
Ebi,thrall,288,warlock,demonology,12,3,9
Legïõn,uldaman,288,warlock,demonology,12,3,9
Tatemor,barthilas,288,warlock,demonology,12,3,9
Didntflush,blood-furnace,288,warlock,demonology,18,3,15
Shadowrift,the-forgotten-coast,287,warlock,demonology,6,3,3
Gbow,malygos,287,warlock,demonology,6,3,3
Ijustsharded,area-52,255,warlock,demonology,11,3,8
Slugworth,rivendare,239,warlock,demonology,5,3,2
Frankandbean,dawnbringer,234,warlock,demonology,7,4,3
Predictions,sargeras,234,warlock,demonology,10,5,5
Deatthmoon,stormrage,234,warlock,demonology,9,4,5
Annubyz,quelthalas,208,warlock,demonology,7,3,4
Cocoabuttâ,stormrage,192,warlock,demonology,4,3,1
Javirr,ragnaros,192,warlock,demonology,15,5,10
Wtb,blackrock,192,warlock,demonology,6,2,4
Frodosagginz,illidan,192,warlock,demonology,6,2,4
Fiennx,dalaran,192,warlock,demonology,6,2,4
Stuffs,wyrmrest-accord,192,warlock,demonology,6,2,4
Feldotz,illidan,192,warlock,demonology,6,2,4
Caesis,illidan,192,warlock,demonology,6,2,4
Karlangax,illidan,192,warlock,demonology,6,2,4
Felforyouu,illidan,192,warlock,demonology,6,2,4
Agamendoir,frostmane,192,warlock,demonology,6,2,4
Brough,illidan,192,warlock,demonology,6,2,4
Wreckquiem,draka,192,warlock,demonology,6,2,4
Zelnokt,thrall,192,warlock,demonology,6,2,4
Aceej,nazgrel,192,warlock,demonology,6,2,4
Knobbynobbas,stormrage,192,warlock,demonology,6,2,4
Shipmatelock,stormrage,192,warlock,demonology,6,2,4
Hentailust,kiljaeden,192,warlock,demonology,6,2,4
Capïrota,nemesis,192,warlock,demonology,6,2,4
Destructo,illidan,192,warlock,demonology,6,2,4
Soulbane,tol-barad,192,warlock,demonology,6,2,4
Kaosqt,nemesis,192,warlock,demonology,6,2,4
Trippednfel,stormrage,192,warlock,demonology,6,2,4
Cylèr,whisperwind,192,warlock,demonology,6,2,4
Rokdas,area-52,192,warlock,demonology,6,2,4
Xidothewitch,stormrage,192,warlock,demonology,6,2,4
Dedology,area-52,192,warlock,demonology,6,2,4
Sakyameil,area-52,192,warlock,demonology,6,2,4
Incaseoffire,moon-guard,192,warlock,demonology,6,2,4
Darkboltz,area-52,192,warlock,demonology,6,2,4
Koffay,bleeding-hollow,192,warlock,demonology,6,2,4
Zalissel,proudmoore,192,warlock,demonology,6,2,4
Fellraiser,bleeding-hollow,192,warlock,demonology,6,2,4
Sheshð,stormrage,192,warlock,demonology,6,2,4
Firemike,kelthuzad,192,warlock,demonology,6,2,4
Síkaría,malganis,192,warlock,demonology,6,2,4
Tikdotlock,silvermoon,192,warlock,demonology,6,2,4
Maddotts,malganis,192,warlock,demonology,6,2,4
Leônidos,ghostlands,192,warlock,demonology,6,2,4
Greenbeanzs,tichondrius,192,warlock,demonology,6,2,4
Xblessed,stormrage,192,warlock,demonology,6,2,4
Réliok,quelthalas,192,warlock,demonology,6,2,4
Arkama,tichondrius,192,warlock,demonology,6,2,4
Pinkypay,ragnaros,192,warlock,demonology,6,2,4
Zevoc,tichondrius,192,warlock,demonology,6,2,4
Doomtome,moon-guard,192,warlock,demonology,6,2,4
Chde,ragnaros,192,warlock,demonology,6,2,4
Namig,aerie-peak,192,warlock,demonology,6,2,4
Promancer,drakkari,192,warlock,demonology,6,2,4
Shadows,arygos,192,warlock,demonology,6,2,4
Vendareth,earthen-ring,192,warlock,demonology,6,2,4
Reckzet,stormrage,192,warlock,demonology,6,2,4
Wesy,earthen-ring,192,warlock,demonology,6,2,4
Kelifan,sargeras,192,warlock,demonology,6,2,4
Sneakeypeet,sargeras,192,warlock,demonology,6,2,4
Egirlgamer,sargeras,192,warlock,demonology,6,2,4
Naoma,moon-guard,192,warlock,demonology,6,2,4
Rathianna,sargeras,192,warlock,demonology,6,2,4
Xmogfarmer,sargeras,192,warlock,demonology,6,2,4
Barbieelf,sargeras,192,warlock,demonology,6,2,4
Ceelowtf,sargeras,192,warlock,demonology,6,2,4
Evilempire,sargeras,192,warlock,demonology,6,2,4
Nanicide,kelthuzad,192,warlock,demonology,6,2,4
Cursedkash,stormrage,192,warlock,demonology,6,2,4
Draindeez,sargeras,192,warlock,demonology,6,2,4
Dwight,kargath,192,warlock,demonology,6,2,4
Yuckytoetoe,emerald-dream,192,warlock,demonology,6,2,4
Anukh,emerald-dream,192,warlock,demonology,6,2,4
Vexidus,moon-guard,192,warlock,demonology,6,2,4
Ðeimøn,azralon,192,warlock,demonology,6,2,4
Albright,azralon,192,warlock,demonology,6,2,4
Jkun,malganis,192,warlock,demonology,6,2,4
Tomathus,moon-guard,192,warlock,demonology,6,2,4
Ggaayyooii,anubarak,192,warlock,demonology,6,2,4
Xuker,tichondrius,192,warlock,demonology,6,2,4
Ziroken,crushridge,192,warlock,demonology,6,2,4
Podda,shuhalo,192,warlock,demonology,6,2,4
Qic,runetotem,192,warlock,demonology,6,2,4
Draino,tichondrius,192,warlock,demonology,6,2,4
Warfeen,malganis,192,warlock,demonology,6,2,4
Cozu,tichondrius,192,warlock,demonology,6,2,4
Bagelandlock,tichondrius,192,warlock,demonology,6,2,4
Incaseidcya,tichondrius,192,warlock,demonology,6,2,4
Watchmeport,onyxia,192,warlock,demonology,6,2,4
Zerowarlock,stormrage,192,warlock,demonology,6,2,4
Locker,lightnings-blade,192,warlock,demonology,6,2,4
Lilbiackguy,stormrage,192,warlock,demonology,6,2,4
Ðemõn,area-52,192,warlock,demonology,6,2,4
Hootenanny,korialstrasz,192,warlock,demonology,6,2,4
Isømetrics,frostmourne,192,warlock,demonology,6,2,4
Infecçäo,stormrage,192,warlock,demonology,6,2,4
Shadow,frostwolf,192,warlock,demonology,6,2,4
Feardr,frostmourne,192,warlock,demonology,6,2,4
Irene,nagrand,192,warlock,demonology,6,2,4
Felpuppet,barthilas,192,warlock,demonology,6,2,4
Pikkon,malorne,192,warlock,demonology,6,2,4
Boon,spirestone,192,warlock,demonology,6,2,4
Manthos,sargeras,192,warlock,demonology,9,2,7
Vielkä,ragnaros,192,warlock,demonology,12,2,10
Miamarin,ragnaros,192,warlock,demonology,12,2,10
Umadbruhh,tichondrius,192,warlock,demonology,12,2,10
Raven,baelgun,192,warlock,demonology,12,2,10
Gàtór,kiljaeden,192,warlock,demonology,12,2,10
Nameflagged,arathor,192,warlock,demonology,12,2,10
Felnoxx,dragonmaw,192,warlock,demonology,12,2,10
Starwitch,darkspear,192,warlock,demonology,12,2,10
Sinful,darkspear,192,warlock,demonology,12,2,10
Timerad,maelstrom,192,warlock,demonology,14,2,12
Taeden,jubeithos,175,warlock,demonology,11,3,8
Tunacanthicc,moon-guard,159,warlock,demonology,5,2,3
Ededneddy,tichondrius,159,warlock,demonology,5,2,3
Gartlarrey,daggerspine,158,warlock,demonology,14,3,11
Urmami,frostwolf,127,warlock,demonology,8,2,6
Sätänas,quelthalas,127,warlock,demonology,8,2,6
Darkvitality,dathremar,127,warlock,demonology,8,2,6
Malleus,drakkari,96,warlock,demonology,3,2,1
Africanlock,sargeras,96,warlock,demonology,3,2,1
Repláced,thrall,96,warlock,demonology,6,1,5
Eriss,exodar,96,warlock,demonology,6,1,5
Fearedit,bleeding-hollow,96,warlock,demonology,6,1,5
Wakingdead,mugthol,96,warlock,demonology,6,1,5
Regent,nemesis,96,warlock,demonology,6,1,5
Yora,illidan,96,warlock,demonology,6,1,5
Damdochael,bleeding-hollow,96,warlock,demonology,6,1,5
Allixon,feathermoon,96,warlock,demonology,6,1,5
Bfaclâssic,zuljin,96,warlock,demonology,6,1,5
Hsxcx,stonemaul,96,warlock,demonology,6,1,5
Skured,maiev,96,warlock,demonology,6,1,5
Zíppen,proudmoore,96,warlock,demonology,6,1,5
Varvanta,proudmoore,96,warlock,demonology,6,1,5
Fashon,barthilas,96,warlock,demonology,6,1,5
Lefrancais,area-52,96,warlock,demonology,6,1,5
Thugpenus,frostmane,96,warlock,demonology,6,1,5
Sidiouss,dreadmaul,96,warlock,demonology,6,1,5
Killulock,area-52,96,warlock,demonology,6,1,5
Oreo,velen,96,warlock,demonology,6,1,5
Guldansbicep,illidan,96,warlock,demonology,6,1,5
Halloweèn,kelthuzad,96,warlock,demonology,6,1,5
Tormentor,malganis,96,warlock,demonology,6,1,5
Lockz,illidan,96,warlock,demonology,6,1,5
Jazzycj,bleeding-hollow,96,warlock,demonology,6,1,5
Bmó,stormrage,96,warlock,demonology,6,1,5
Osteogenesis,quelthalas,96,warlock,demonology,6,1,5
Demí,zuljin,96,warlock,demonology,6,1,5
Agramonn,ragnaros,96,warlock,demonology,6,1,5
Erimegara,ragnaros,96,warlock,demonology,6,1,5
Xalithra,moon-guard,96,warlock,demonology,6,1,5
Malzahard,ragnaros,96,warlock,demonology,6,1,5
Ironreaver,area-52,96,warlock,demonology,6,1,5
Quinsnyder,zuljin,96,warlock,demonology,6,1,5
Thinkchair,sargeras,96,warlock,demonology,6,1,5
Hâunted,khazgoroth,96,warlock,demonology,6,1,5
Swapchan,sargeras,96,warlock,demonology,6,1,5
Zerosix,sargeras,96,warlock,demonology,6,1,5
Borthrel,moon-guard,96,warlock,demonology,6,1,5
Amauder,moon-guard,96,warlock,demonology,6,1,5
Almyfrnsrded,stormrage,96,warlock,demonology,6,1,5
Decrepticus,kargath,96,warlock,demonology,6,1,5
Redkimochi,stormrage,96,warlock,demonology,6,1,5
Cynnd,tichondrius,96,warlock,demonology,6,1,5
Krilkore,kiljaeden,96,warlock,demonology,6,1,5
Bilidin,azralon,96,warlock,demonology,6,1,5
Felsparkz,tichondrius,96,warlock,demonology,6,1,5
Playdizzle,frostmourne,96,warlock,demonology,6,1,5
Solöw,tichondrius,96,warlock,demonology,6,1,5
Hutchyw,tichondrius,96,warlock,demonology,6,1,5
Shortbuhz,tichondrius,96,warlock,demonology,6,1,5
Draintráin,tichondrius,96,warlock,demonology,6,1,5
Ñinelyfe,frostmourne,96,warlock,demonology,6,1,5
Asetiks,tichondrius,96,warlock,demonology,6,1,5
Isthismeta,tichondrius,96,warlock,demonology,6,1,5
Harukay,tichondrius,96,warlock,demonology,6,1,5
Injera,tichondrius,96,warlock,demonology,6,1,5
Shiionitsune,hyjal,96,warlock,demonology,6,1,5
Somethingud,tichondrius,96,warlock,demonology,6,1,5
Clarton,tichondrius,96,warlock,demonology,6,1,5
Halsonis,smolderthorn,96,warlock,demonology,6,1,5
Jessewheels,tichondrius,96,warlock,demonology,6,1,5
Coheatt,hyjal,96,warlock,demonology,6,1,5
Tonyxx,tichondrius,96,warlock,demonology,6,1,5
Fluximilian,azralon,96,warlock,demonology,7,1,6
Albus,skywall,96,warlock,demonology,12,1,11
Resima,stormscale,96,warlock,demonology,13,1,12
Softmain,frostmourne,64,warlock,demonology,4,1,3
Hecataeus,proudmoore,63,warlock,demonology,8,2,6
Shaurial,zuljin,48,warlock,demonology,3,1,2
Aerindell,dalaran,48,warlock,demonology,3,1,2
Eternitty,nemesis,42,warlock,demonology,11,3,8
Afróex,azralon,42,warlock,demonology,8,2,6
Locksyy,tichondrius,31,warlock,demonology,2,1,1
Lilspank,emerald-dream,31,warlock,demonology,2,1,1
Synysta,frostmourne,31,warlock,demonology,2,1,1
Camila,lightnings-blade,16,warlock,demonology,1,1,0
Nosw,bleeding-hollow,2395,warlock,destruction,114,72,42
Rightwaylovê,illidan,2364,warlock,destruction,221,132,89
Slipnslide,malganis,2357,warlock,destruction,83,55,28
Hahahahahha,stormrage,2357,warlock,destruction,95,62,33
Drexia,tichondrius,2351,warlock,destruction,203,132,71
Nos,bleeding-hollow,2351,warlock,destruction,100,64,36
Mclovn,suramar,2319,warlock,destruction,257,139,118
Forestfruit,tichondrius,2281,warlock,destruction,66,43,23
Reverence,tichondrius,2272,warlock,destruction,119,74,45
Drackkyy,tichondrius,2267,warlock,destruction,144,86,58
Ihavestds,tichondrius,2266,warlock,destruction,78,47,31
Isodjdojk,sargeras,2263,warlock,destruction,112,62,50
Solwl,shandris,2256,warlock,destruction,66,37,29
Singleaf,stormrage,2255,warlock,destruction,98,57,41
Deideimeow,illidan,2254,warlock,destruction,77,51,26
Dannyl,tichondrius,2241,warlock,destruction,78,50,28
Voidchaos,whisperwind,2229,warlock,destruction,277,160,117
Diabolicalz,sargeras,2228,warlock,destruction,165,91,74
Gimmeprecog,tichondrius,2227,warlock,destruction,92,57,35
Playßøy,area-52,2226,warlock,destruction,158,86,72
Mengqil,tichondrius,2222,warlock,destruction,167,90,77
Truetime,tichondrius,2216,warlock,destruction,90,51,39
Alucarduo,emerald-dream,2216,warlock,destruction,108,61,47
Drâkedog,illidan,2212,warlock,destruction,78,46,32
Kamohoalii,bleeding-hollow,2210,warlock,destruction,102,62,40
Turiggyjr,tichondrius,2202,warlock,destruction,112,59,53
Slantsix,tichondrius,2198,warlock,destruction,90,50,40
Mcdudebro,malganis,2192,warlock,destruction,72,45,27
Notprint,sargeras,2191,warlock,destruction,72,46,26
Cux,malganis,2184,warlock,destruction,95,51,44
Heckindoggø,tichondrius,2180,warlock,destruction,93,51,42
Tichonkimc,tichondrius,2179,warlock,destruction,143,80,63
Søülætër,bleeding-hollow,2161,warlock,destruction,66,42,24
Ribman,stormrage,2159,warlock,destruction,108,57,51
Quinsnyder,zuljin,2159,warlock,destruction,264,136,128
Sourslock,shadowsong,2158,warlock,destruction,108,70,38
Medzor,tichondrius,2157,warlock,destruction,99,57,42
Impenjoyer,tichondrius,2154,warlock,destruction,66,41,25
Sonlyc,tichondrius,2153,warlock,destruction,114,60,54
Trengodx,area-52,2148,warlock,destruction,102,71,31
Rizzofsparta,stormrage,2148,warlock,destruction,72,45,27
Woahlock,thrall,2146,warlock,destruction,64,40,24
Hudwinx,illidan,2146,warlock,destruction,84,51,33
Sitomey,emerald-dream,2145,warlock,destruction,84,50,34
Deathair,tichondrius,2144,warlock,destruction,78,46,32
Ihatemyson,tichondrius,2144,warlock,destruction,59,33,26
Ellynaria,nemesis,2142,warlock,destruction,78,51,27
Colombø,gallywix,2142,warlock,destruction,181,98,83
Etuskaa,tichondrius,2141,warlock,destruction,223,122,101
Butteredbun,stormrage,2138,warlock,destruction,216,122,94
Usainboltzz,tichondrius,2137,warlock,destruction,71,49,22
Drakedogee,illidan,2137,warlock,destruction,102,52,50
Tomatobob,thrall,2136,warlock,destruction,84,44,40
Igortrikadva,zuljin,2135,warlock,destruction,72,43,29
Spicywhite,tichondrius,2135,warlock,destruction,138,73,65
Yifaruhún,illidan,2132,warlock,destruction,78,58,20
Kyranu,tichondrius,2132,warlock,destruction,142,80,62
Bakko,tichondrius,2131,warlock,destruction,89,59,30
Boxtrolls,ragnaros,2129,warlock,destruction,78,47,31
Drböb,area-52,2127,warlock,destruction,100,58,42
Sockems,guldan,2125,warlock,destruction,102,57,45
Demonman,blackhand,2124,warlock,destruction,72,41,31
Newmanz,nerzhul,2123,warlock,destruction,60,39,21
Chaosboltex,tichondrius,2123,warlock,destruction,84,47,37
Oopsprecog,tichondrius,2123,warlock,destruction,120,64,56
Horror,moon-guard,2123,warlock,destruction,93,47,46
Heizx,area-52,2122,warlock,destruction,57,31,26
Genzy,tichondrius,2122,warlock,destruction,190,101,89
Xiyangpvp,tichondrius,2122,warlock,destruction,96,49,47
Bigdamege,tichondrius,2121,warlock,destruction,127,78,49
Rainbowdate,tichondrius,2120,warlock,destruction,42,30,12
Zyzx,malganis,2120,warlock,destruction,59,37,22
Ztlivid,area-52,2120,warlock,destruction,173,103,70
Neruvian,tichondrius,2120,warlock,destruction,66,39,27
Amez,grizzly-hills,2120,warlock,destruction,84,47,37
Demonicxs,area-52,2120,warlock,destruction,263,139,124
Insanetroll,stormrage,2119,warlock,destruction,78,54,24
Uwantpeach,tichondrius,2117,warlock,destruction,64,44,20
Ðlrwêcïûj,stormrage,2117,warlock,destruction,84,56,28
Venticm,tichondrius,2117,warlock,destruction,72,44,28
Bananapan,tichondrius,2116,warlock,destruction,66,44,22
Starta,tichondrius,2116,warlock,destruction,66,39,27
Dyenamik,stormrage,2116,warlock,destruction,65,36,29
Realization,illidan,2115,warlock,destruction,48,33,15
Epícburn,illidan,2115,warlock,destruction,66,40,26
Minglocked,proudmoore,2114,warlock,destruction,54,37,17
Usurpest,bleeding-hollow,2114,warlock,destruction,79,50,29
Stingzz,azralon,2113,warlock,destruction,78,46,32
Marshyw,tichondrius,2113,warlock,destruction,66,36,30
Whodatman,illidan,2112,warlock,destruction,64,42,22
Luvana,kelthuzad,2111,warlock,destruction,143,83,60
Dean,frostmourne,2111,warlock,destruction,66,33,33
Ghoul,demon-soul,2109,warlock,destruction,60,35,25
Drugmuffin,tichondrius,2107,warlock,destruction,94,53,41
Mjn,tichondrius,2107,warlock,destruction,100,51,49
Vapeboi,bleeding-hollow,2106,warlock,destruction,84,47,37
Dxxz,tichondrius,2106,warlock,destruction,133,72,61
Jcm,hyjal,2104,warlock,destruction,59,41,18
Dottle,frostmourne,2104,warlock,destruction,66,39,27
Dae,burning-legion,2103,warlock,destruction,59,38,21
Butterboyx,stormrage,2103,warlock,destruction,95,56,39
Bufflockmore,tichondrius,2103,warlock,destruction,112,62,50
Kaytoxic,tichondrius,2103,warlock,destruction,72,39,33
Ohmend,thrall,2102,warlock,destruction,69,45,24
Disembolt,illidan,2102,warlock,destruction,66,41,25
Breeped,tichondrius,2102,warlock,destruction,150,91,59
Abrocket,alleria,2101,warlock,destruction,112,58,54
Dodgeykun,khaz-modan,2100,warlock,destruction,89,55,34
Kryl,kiljaeden,2100,warlock,destruction,66,39,27
Äran,azralon,2100,warlock,destruction,84,41,43
Loopsy,stormrage,2099,warlock,destruction,127,69,58
Cc,hellscream,2091,warlock,destruction,232,136,96
Ruination,cenarius,2089,warlock,destruction,66,39,27
Jonboyy,illidan,2086,warlock,destruction,218,110,108
Oldwing,illidan,2085,warlock,destruction,237,128,109
Marcelium,greymane,2082,warlock,destruction,59,38,21
Hellsparks,malganis,2074,warlock,destruction,66,41,25
Locean,tichondrius,2074,warlock,destruction,112,60,52
Løckyun,tichondrius,2073,warlock,destruction,78,52,26
Disgustingfk,illidan,2073,warlock,destruction,140,82,58
Babyaga,illidan,2073,warlock,destruction,103,50,53
Hollowl,tichondrius,2072,warlock,destruction,95,64,31
Hydra,wyrmrest-accord,2072,warlock,destruction,129,70,59
Thugonomicz,demon-soul,2071,warlock,destruction,54,37,17
Kruxxqt,illidan,2070,warlock,destruction,451,234,217
Sinápsís,ragnaros,2067,warlock,destruction,60,38,22
Rizzard,lightnings-blade,2067,warlock,destruction,113,65,48
Mjndewb,tichondrius,2064,warlock,destruction,78,58,20
Demofire,tichondrius,2063,warlock,destruction,63,39,24
Warzog,wyrmrest-accord,2062,warlock,destruction,120,66,54
Thumperrz,frostmourne,2056,warlock,destruction,130,66,64
Payn,kiljaeden,2053,warlock,destruction,180,92,88
Scørrgx,azralon,2049,warlock,destruction,102,53,49
Koitis,tichondrius,2046,warlock,destruction,74,45,29
Tott,hellscream,2045,warlock,destruction,98,50,48
Wzxx,tichondrius,2044,warlock,destruction,254,139,115
Foresthills,sargeras,2044,warlock,destruction,102,53,49
Brainless,tichondrius,2040,warlock,destruction,109,66,43
Kaytoxics,tichondrius,2038,warlock,destruction,36,26,10
Danaowns,spirestone,2038,warlock,destruction,48,27,21
Köënïgsëgg,blackwater-raiders,2037,warlock,destruction,30,25,5
Napiersdot,tichondrius,2032,warlock,destruction,102,52,50
Skynflute,tichondrius,2031,warlock,destruction,52,30,22
Salanzø,bleeding-hollow,2030,warlock,destruction,60,35,25
Grandmama,tichondrius,2030,warlock,destruction,113,62,51
Alchandil,tichondrius,2029,warlock,destruction,90,53,37
Scarified,illidan,2029,warlock,destruction,96,51,45
Matafé,kelthuzad,2025,warlock,destruction,78,43,35
Idotû,tichondrius,2025,warlock,destruction,221,116,105
Chaosbolt,bloodhoof,2023,warlock,destruction,123,67,56
Destroyy,greymane,2021,warlock,destruction,60,33,27
Instabilityx,tichondrius,2021,warlock,destruction,113,61,52
Eav,area-52,2020,warlock,destruction,78,47,31
Eqx,illidan,2020,warlock,destruction,175,97,78
Hrrpeuh,zuljin,2017,warlock,destruction,88,46,42
Lockdotsftw,illidan,2016,warlock,destruction,95,50,45
Implify,tichondrius,2016,warlock,destruction,154,76,78
Sweatystain,tichondrius,2015,warlock,destruction,129,77,52
Revenid,tichondrius,2015,warlock,destruction,78,44,34
Duukka,malganis,2015,warlock,destruction,96,53,43
Zeari,sargeras,2014,warlock,destruction,115,59,56
Xertling,sargeras,2013,warlock,destruction,97,62,35
Revérence,sargeras,2013,warlock,destruction,71,38,33
Soulbane,jubeithos,2007,warlock,destruction,48,28,20
Kaidow,tichondrius,2006,warlock,destruction,114,67,47
Babybolt,frostmourne,2005,warlock,destruction,102,50,52
Panna,tichondrius,2002,warlock,destruction,416,213,203
Vyrecks,hyjal,2001,warlock,destruction,83,47,36
Heresucacok,frostmourne,1999,warlock,destruction,42,25,17
Warlockwars,amanthul,1995,warlock,destruction,357,182,175
Mayelinvail,moon-guard,1993,warlock,destruction,196,106,90
Maureenn,mannoroth,1993,warlock,destruction,133,70,63
Dimanel,moon-guard,1991,warlock,destruction,76,40,36
Qp,thrall,1989,warlock,destruction,36,27,9
Bronzel,tichondrius,1989,warlock,destruction,36,27,9
Famerap,tichondrius,1989,warlock,destruction,48,33,15
Cvoaw,bonechewer,1987,warlock,destruction,108,59,49
Hàrrydotter,darkspear,1987,warlock,destruction,136,73,63
Slurper,frostwolf,1984,warlock,destruction,48,31,17
Inmøtion,tichondrius,1984,warlock,destruction,60,31,29
Il,nerzhul,1983,warlock,destruction,42,29,13
Pillçosby,bleeding-hollow,1983,warlock,destruction,276,135,141
Headbolterx,tichondrius,1982,warlock,destruction,51,30,21
Dragonixs,ragnaros,1980,warlock,destruction,136,78,58
Tacobelf,magtheridon,1980,warlock,destruction,135,76,59
Realgodlock,proudmoore,1980,warlock,destruction,212,110,102
Biubius,tichondrius,1978,warlock,destruction,104,64,40
Felfeels,area-52,1978,warlock,destruction,132,73,59
Sereniaa,sargeras,1977,warlock,destruction,56,32,24
Fotmspec,area-52,1976,warlock,destruction,66,46,20
Narila,firetree,1976,warlock,destruction,48,29,19
Curse,agamaggan,1976,warlock,destruction,156,92,64
Truenatestes,proudmoore,1976,warlock,destruction,193,98,95
Darthael,stormrage,1971,warlock,destruction,218,121,97
Daddybolt,blackrock,1971,warlock,destruction,75,41,34
Stankybootie,malganis,1970,warlock,destruction,79,53,26
Calvarr,bleeding-hollow,1970,warlock,destruction,77,45,32
Pigii,tichondrius,1967,warlock,destruction,42,28,14
Chazzlock,area-52,1966,warlock,destruction,42,26,16
Salival,chogall,1965,warlock,destruction,51,36,15
Mizmagius,moon-guard,1965,warlock,destruction,65,31,34
Feetsampler,stormrage,1963,warlock,destruction,105,55,50
Wodwarlock,thrall,1961,warlock,destruction,71,44,27
Boltsnhoes,illidan,1961,warlock,destruction,78,46,32
Omegapasta,illidan,1961,warlock,destruction,120,64,56
Radicalz,ragnaros,1959,warlock,destruction,55,30,25
Blackyeonnam,tichondrius,1959,warlock,destruction,86,46,40
Dejagu,tichondrius,1959,warlock,destruction,72,37,35
Soulbane,nemesis,1956,warlock,destruction,54,32,22
Sarcophagus,duskwood,1956,warlock,destruction,198,97,101
Mazewl,illidan,1955,warlock,destruction,117,71,46
Mistrnesbitt,malganis,1954,warlock,destruction,54,31,23
Seangnong,tichondrius,1953,warlock,destruction,54,34,20
Bod,bleeding-hollow,1953,warlock,destruction,125,69,56
Soulbane,tol-barad,1951,warlock,destruction,33,22,11
Deadlpoo,stormscale,1951,warlock,destruction,188,97,91
Demondisco,tichondrius,1950,warlock,destruction,144,78,66
Zhul,nerzhul,1949,warlock,destruction,69,42,27
Doties,bleeding-hollow,1947,warlock,destruction,48,27,21
Slobõnmyknob,frostmourne,1946,warlock,destruction,76,46,30
Rotfull,burning-legion,1940,warlock,destruction,69,34,35
Dxhusky,tichondrius,1939,warlock,destruction,78,44,34
Zyltan,tichondrius,1938,warlock,destruction,36,25,11
Vileröze,zuljin,1938,warlock,destruction,114,62,52
Reallymagic,malganis,1937,warlock,destruction,185,106,79
Aeaea,bleeding-hollow,1936,warlock,destruction,113,67,46
Zchenboom,tichondrius,1935,warlock,destruction,48,32,16
Dazu,illidan,1934,warlock,destruction,185,95,90
Bismorc,frostmourne,1931,warlock,destruction,94,48,46
Roxmysox,darkspear,1930,warlock,destruction,102,54,48
Albbanoo,tichondrius,1930,warlock,destruction,173,89,84
Beegbeechy,nesingwary,1929,warlock,destruction,72,41,31
Dazedl,stormrage,1928,warlock,destruction,39,23,16
Dàmagicman,drakthul,1924,warlock,destruction,92,53,39
Yuoalx,tichondrius,1922,warlock,destruction,72,38,34
Intentionz,sargeras,1921,warlock,destruction,65,39,26
Laiquisha,zuljin,1921,warlock,destruction,55,30,25
Naughtybolts,sargeras,1918,warlock,destruction,65,45,20
Moosejockey,stormrage,1918,warlock,destruction,36,22,14
Cumbledor,bleeding-hollow,1916,warlock,destruction,50,28,22
Balveer,tichondrius,1914,warlock,destruction,53,28,25
Nightmanx,sargeras,1913,warlock,destruction,119,58,61
Blodrain,tichondrius,1912,warlock,destruction,30,20,10
Michae,tichondrius,1912,warlock,destruction,43,28,15
Nðm,tichondrius,1912,warlock,destruction,120,58,62
Audition,ragnaros,1910,warlock,destruction,114,55,59
Warcalk,stormrage,1909,warlock,destruction,72,44,28
Beastsuper,tichondrius,1909,warlock,destruction,36,20,16
Rocketman,hydraxis,1907,warlock,destruction,54,36,18
Dreadful,frostmourne,1907,warlock,destruction,81,49,32
Mcrfan,illidan,1906,warlock,destruction,41,33,8
Reneqtxo,frostmourne,1906,warlock,destruction,92,60,32
Whatisthis,tichondrius,1906,warlock,destruction,36,20,16
Zarinista,veknilash,1906,warlock,destruction,121,63,58
Yoyoyosup,stormrage,1905,warlock,destruction,48,32,16
Róckroad,lightnings-blade,1904,warlock,destruction,66,41,25
Maadhum,illidan,1904,warlock,destruction,174,81,93
Almostoogood,illidan,1902,warlock,destruction,42,25,17
Kayersoul,tichondrius,1901,warlock,destruction,72,40,32
Rakshama,chogall,1901,warlock,destruction,62,33,29
Miniya,tichondrius,1900,warlock,destruction,30,20,10
Freddiewill,tichondrius,1900,warlock,destruction,136,78,58
Ozmat,spirestone,1900,warlock,destruction,36,20,16
Destructo,illidan,1900,warlock,destruction,84,45,39
Dxhusky,illidan,1899,warlock,destruction,66,36,30
Bigjmmywiggl,illidan,1898,warlock,destruction,109,67,42
Scatz,sargeras,1897,warlock,destruction,36,33,3
Gucciflops,bleeding-hollow,1897,warlock,destruction,102,52,50
Donutd,stormrage,1896,warlock,destruction,60,35,25
Punstable,tichondrius,1896,warlock,destruction,156,87,69
Jaspieno,illidan,1895,warlock,destruction,54,34,20
Belandyr,stormrage,1893,warlock,destruction,36,20,16
Stilltrilly,tichondrius,1892,warlock,destruction,36,25,11
Truepain,tichondrius,1891,warlock,destruction,36,23,13
Marware,quelthalas,1888,warlock,destruction,114,55,59
Drakwlya,tichondrius,1885,warlock,destruction,72,42,30
Toggafputuhs,illidan,1884,warlock,destruction,42,26,16
Wampeter,azshara,1884,warlock,destruction,140,74,66
Madthelock,sargeras,1884,warlock,destruction,42,20,22
Zettian,quelthalas,1883,warlock,destruction,54,30,24
Nahalmaeim,tichondrius,1882,warlock,destruction,43,29,14
Benafflockz,kelthuzad,1882,warlock,destruction,77,46,31
Jfet,sargeras,1882,warlock,destruction,77,42,35
Warsmock,tichondrius,1882,warlock,destruction,55,30,25
Crayonchewer,alleria,1882,warlock,destruction,78,40,38
Shadowhax,area-52,1882,warlock,destruction,146,74,72
Darkmagicc,tichondrius,1882,warlock,destruction,160,76,84
Çxb,tichondrius,1879,warlock,destruction,89,50,39
Humanwarlock,spirestone,1879,warlock,destruction,57,32,25
Thegodd,nemesis,1879,warlock,destruction,106,53,53
Neverending,malganis,1878,warlock,destruction,49,28,21
Sosahawk,stormrage,1877,warlock,destruction,156,96,60
Maldivà,tichondrius,1877,warlock,destruction,47,27,20
Bigulinhos,nemesis,1877,warlock,destruction,95,47,48
Pernicious,bladefist,1877,warlock,destruction,233,111,122
Drazh,area-52,1876,warlock,destruction,63,36,27
Tommybahama,velen,1875,warlock,destruction,76,45,31
Evilclass,tichondrius,1874,warlock,destruction,60,42,18
Pikslol,bleeding-hollow,1874,warlock,destruction,48,27,21
Kartharian,wyrmrest-accord,1874,warlock,destruction,220,112,108
Shinjuro,stormrage,1873,warlock,destruction,60,37,23
Extreme,blackwing-lair,1873,warlock,destruction,48,29,19
Dottcha,blackrock,1873,warlock,destruction,90,48,42
Locodwarf,frostmourne,1873,warlock,destruction,274,136,138
Twinklockxx,mannoroth,1872,warlock,destruction,143,66,77
Leredi,stormrage,1871,warlock,destruction,199,95,104
Hommer,tichondrius,1870,warlock,destruction,57,34,23
Ñpç,bleeding-hollow,1870,warlock,destruction,89,48,41
Jeffreyw,tichondrius,1868,warlock,destruction,89,55,34
Starwitch,darkspear,1868,warlock,destruction,161,79,82
Fartymårty,tichondrius,1867,warlock,destruction,48,29,19
Charlieo,barthilas,1867,warlock,destruction,150,84,66
Amazingamez,sargeras,1867,warlock,destruction,78,42,36
Footyl,stormrage,1864,warlock,destruction,54,39,15
Palumorl,deathwing,1864,warlock,destruction,36,23,13
Glôck,lightbringer,1864,warlock,destruction,150,77,73
Ðemented,bleeding-hollow,1863,warlock,destruction,57,36,21
Wildimp,aerie-peak,1862,warlock,destruction,36,22,14
Scathey,area-52,1862,warlock,destruction,174,102,72
Ensanaty,dalaran,1862,warlock,destruction,97,52,45
Ashlet,kelthuzad,1859,warlock,destruction,54,33,21
Shutkax,sargeras,1858,warlock,destruction,42,30,12
Necrosade,tichondrius,1858,warlock,destruction,48,30,18
Dauntx,proudmoore,1857,warlock,destruction,72,38,34
Dottx,frostmourne,1856,warlock,destruction,48,32,16
Luhgëek,tichondrius,1856,warlock,destruction,47,29,18
Zadelyn,whisperwind,1855,warlock,destruction,30,23,7
Snerp,frostmourne,1855,warlock,destruction,135,78,57
Screampies,tichondrius,1855,warlock,destruction,58,32,26
Wwlock,area-52,1855,warlock,destruction,170,88,82
Soulrulerxc,tichondrius,1854,warlock,destruction,42,27,15
Mokushiroku,trollbane,1854,warlock,destruction,95,52,43
Corkeý,azuremyst,1854,warlock,destruction,131,70,61
Mongobros,illidan,1853,warlock,destruction,54,35,19
Coilsinfive,tichondrius,1853,warlock,destruction,48,27,21
Immolate,eitrigg,1852,warlock,destruction,48,29,19
Odjure,zuljin,1852,warlock,destruction,47,27,20
Dragoska,kiljaeden,1851,warlock,destruction,60,38,22
Farathos,ragnaros,1851,warlock,destruction,171,100,71
Zírds,stormrage,1851,warlock,destruction,78,42,36
Homeboyardee,the-venture-co,1851,warlock,destruction,72,37,35
Ændrew,darkspear,1850,warlock,destruction,59,37,22
Trundle,area-52,1850,warlock,destruction,107,63,44
Synkz,blood-furnace,1849,warlock,destruction,42,24,18
Threeinches,kelthuzad,1848,warlock,destruction,170,100,70
Mycelium,greymane,1848,warlock,destruction,34,20,14
Dmacxl,tichondrius,1848,warlock,destruction,60,30,30
Kaelith,kelthuzad,1848,warlock,destruction,109,53,56
Löcked,illidan,1846,warlock,destruction,42,36,6
Brazlem,blackrock,1846,warlock,destruction,49,34,15
Verbzz,tichondrius,1846,warlock,destruction,36,23,13
Krokusx,illidan,1846,warlock,destruction,156,88,68
Lemmepvponu,illidan,1846,warlock,destruction,59,28,31
Demonicsnap,bleeding-hollow,1845,warlock,destruction,130,75,55
Eskyx,tichondrius,1845,warlock,destruction,53,26,27
Eldenjohn,proudmoore,1844,warlock,destruction,30,24,6
Jierd,tichondrius,1844,warlock,destruction,58,35,23
Millidots,bleeding-hollow,1843,warlock,destruction,66,37,29
Dommön,ragnaros,1843,warlock,destruction,132,65,67
Chilipeppa,wyrmrest-accord,1842,warlock,destruction,36,27,9
Illinkin,illidan,1842,warlock,destruction,150,86,64
Brujoalfa,ragnaros,1842,warlock,destruction,193,108,85
Herpalock,illidan,1842,warlock,destruction,78,34,44
Vialdkaseun,muradin,1841,warlock,destruction,47,28,19
Karimbenzema,tichondrius,1841,warlock,destruction,60,33,27
Ignorai,illidan,1841,warlock,destruction,160,85,75
Fearsponce,dragonmaw,1841,warlock,destruction,78,38,40
Cosmosxx,illidan,1840,warlock,destruction,54,37,17
Mindheist,stormrage,1840,warlock,destruction,48,29,19
Indelock,drenden,1840,warlock,destruction,42,24,18
Drakedog,ragnaros,1839,warlock,destruction,43,27,16
Ctierwarlock,tichondrius,1838,warlock,destruction,28,21,7
Enter,saurfang,1838,warlock,destruction,36,24,12
Vexe,tichondrius,1838,warlock,destruction,145,80,65
Deammon,tichondrius,1837,warlock,destruction,78,50,28
Zimer,moon-guard,1837,warlock,destruction,84,52,32
Philsbad,lightbringer,1837,warlock,destruction,122,70,52
Døomsday,hyjal,1837,warlock,destruction,108,55,53
Kekbolt,tichondrius,1836,warlock,destruction,53,33,20
Deathcoill,frostmourne,1836,warlock,destruction,54,32,22
Wife,bleeding-hollow,1836,warlock,destruction,60,31,29
Sibëria,quelthalas,1835,warlock,destruction,48,35,13
Klumzey,tichondrius,1835,warlock,destruction,73,45,28
Badstep,tichondrius,1835,warlock,destruction,51,30,21
Tonyxx,tichondrius,1835,warlock,destruction,118,61,57
Goal,malganis,1835,warlock,destruction,50,25,25
Gigabiga,area-52,1834,warlock,destruction,24,20,4
Soragen,barthilas,1834,warlock,destruction,54,37,17
Soukinomicz,sargeras,1834,warlock,destruction,60,39,21
Ralerhard,kelthuzad,1834,warlock,destruction,70,45,25
Nasn,black-dragonflight,1834,warlock,destruction,92,56,36
Zunexx,malganis,1834,warlock,destruction,54,31,23
Gotthmog,nerzhul,1833,warlock,destruction,48,30,18
Daylyt,sargeras,1833,warlock,destruction,39,24,15
Zakhim,zuljin,1833,warlock,destruction,130,78,52
Dustywlx,area-52,1833,warlock,destruction,79,46,33
Dotorama,sargeras,1832,warlock,destruction,53,33,20
Chaotixbolt,sargeras,1831,warlock,destruction,57,39,18
Slpxoxo,sargeras,1831,warlock,destruction,60,31,29
Buu,veknilash,1830,warlock,destruction,54,33,21
Barovir,tichondrius,1830,warlock,destruction,54,33,21
Rhelialock,stormrage,1830,warlock,destruction,36,21,15
Gigglywiggly,illidan,1829,warlock,destruction,48,33,15
Brillina,windrunner,1829,warlock,destruction,60,30,30
Nezlock,moon-guard,1829,warlock,destruction,92,45,47
Xervas,frostmourne,1828,warlock,destruction,60,35,25
Denotate,zuljin,1828,warlock,destruction,115,65,50
Gianni,chogall,1828,warlock,destruction,72,40,32
Koramoz,area-52,1828,warlock,destruction,176,92,84
Chaosbôlt,proudmoore,1827,warlock,destruction,120,66,54
Tenaciousd,malganis,1827,warlock,destruction,48,24,24
Vonsteevan,area-52,1826,warlock,destruction,75,46,29
Evanylock,proudmoore,1826,warlock,destruction,75,45,30
Kissmybolts,frostmourne,1826,warlock,destruction,95,48,47
Shequita,stormrage,1825,warlock,destruction,48,37,11
Agaros,zuljin,1825,warlock,destruction,49,30,19
Chrönic,azralon,1825,warlock,destruction,74,45,29
Necroboi,alterac-mountains,1825,warlock,destruction,52,29,23
Emospec,chogall,1824,warlock,destruction,54,35,19
Dedrikz,illidan,1823,warlock,destruction,60,40,20
Balepyre,moon-guard,1823,warlock,destruction,147,83,64
Dipicrowcaw,tichondrius,1822,warlock,destruction,24,19,5
Vilebeing,frostmourne,1822,warlock,destruction,66,46,20
Hakai,bleeding-hollow,1822,warlock,destruction,92,57,35
Guldåniel,tichondrius,1822,warlock,destruction,78,45,33
Badhombre,tichondrius,1821,warlock,destruction,48,31,17
Yungncapable,malganis,1820,warlock,destruction,69,53,16
Dadtired,tichondrius,1820,warlock,destruction,54,37,17
Chaøz,bleeding-hollow,1820,warlock,destruction,48,32,16
Evilempire,sargeras,1820,warlock,destruction,54,30,24
Azaradx,sargeras,1819,warlock,destruction,84,54,30
Yipláw,stormrage,1819,warlock,destruction,36,23,13
Puginlock,illidan,1819,warlock,destruction,60,38,22
Slurpme,stormscale,1819,warlock,destruction,48,30,18
Archimondee,rivendare,1819,warlock,destruction,119,56,63
Vamprixlz,illidan,1818,warlock,destruction,49,34,15
Veklen,tichondrius,1818,warlock,destruction,64,36,28
Darkjambii,tichondrius,1818,warlock,destruction,145,78,67
Bumbleebolt,azralon,1817,warlock,destruction,24,19,5
Firenzy,dalaran,1817,warlock,destruction,67,39,28
Antinurse,bleeding-hollow,1817,warlock,destruction,78,45,33
Dralok,area-52,1817,warlock,destruction,66,38,28
Lockonomicz,tichondrius,1817,warlock,destruction,42,24,18
Feinnx,dalaran,1817,warlock,destruction,70,38,32
Zehoc,thrall,1817,warlock,destruction,102,55,47
Liritasu,illidan,1817,warlock,destruction,60,32,28
Derok,bleeding-hollow,1817,warlock,destruction,277,144,133
Dampenedx,bleeding-hollow,1817,warlock,destruction,58,30,28
Wraithlord,chogall,1816,warlock,destruction,51,32,19
Doclove,destromath,1816,warlock,destruction,149,83,66
Dunnin,dalaran,1815,warlock,destruction,36,22,14
Lamaso,area-52,1815,warlock,destruction,120,70,50
Savlonicsego,stormrage,1815,warlock,destruction,78,45,33
Frappucino,wyrmrest-accord,1814,warlock,destruction,30,23,7
Nozyroh,emerald-dream,1814,warlock,destruction,41,25,16
Loadybigbolt,dalaran,1814,warlock,destruction,125,72,53
Mythdot,ragnaros,1814,warlock,destruction,245,133,112
Wafflezcb,frostmourne,1814,warlock,destruction,56,29,27
Wiredftw,illidan,1813,warlock,destruction,30,19,11
Sacalawia,drakkari,1813,warlock,destruction,45,27,18
Thirsts,tichondrius,1813,warlock,destruction,82,49,33
Korash,kilrogg,1813,warlock,destruction,42,25,17
Monika,anetheron,1813,warlock,destruction,58,32,26
Sakyameil,area-52,1813,warlock,destruction,90,49,41
Razlock,moon-guard,1813,warlock,destruction,236,128,108
Nvlnx,tichondrius,1813,warlock,destruction,157,81,76
Lokintots,darkspear,1812,warlock,destruction,36,29,7
Bodhisage,kelthuzad,1812,warlock,destruction,24,19,5
Zauber,magtheridon,1812,warlock,destruction,44,29,15
Embrz,area-52,1812,warlock,destruction,60,34,26
Galfear,malganis,1812,warlock,destruction,207,116,91
Rèdrùm,tichondrius,1812,warlock,destruction,51,26,25
Naroy,malygos,1811,warlock,destruction,38,21,17
Isoldmysoul,stormrage,1811,warlock,destruction,138,68,70
Fenriakshog,zuljin,1810,warlock,destruction,36,23,13
Tìdals,zuljin,1810,warlock,destruction,44,28,16
Alchan,tichondrius,1810,warlock,destruction,65,38,27
Omnireaper,tichondrius,1810,warlock,destruction,54,29,25
Berkz,stormrage,1810,warlock,destruction,66,33,33
Fingerslock,malganis,1810,warlock,destruction,150,73,77
Oof,dalaran,1809,warlock,destruction,30,22,8
Falsaqt,area-52,1809,warlock,destruction,36,22,14
Pheadas,deathwing,1809,warlock,destruction,48,21,27
Emeraldflame,turalyon,1808,warlock,destruction,60,44,16
Fanzhiyi,illidan,1808,warlock,destruction,43,27,16
Freejakejone,tichondrius,1808,warlock,destruction,83,48,35
Blackchinese,zuljin,1808,warlock,destruction,138,73,65
Niava,tichondrius,1808,warlock,destruction,54,28,26
Zjxy,tichondrius,1807,warlock,destruction,30,22,8
Drthiccbolts,malganis,1807,warlock,destruction,47,29,18
Drdoom,sargeras,1807,warlock,destruction,36,22,14
Cheqmate,moon-guard,1807,warlock,destruction,61,36,25
Xivra,thrall,1807,warlock,destruction,59,34,25
Zuelu,tichondrius,1807,warlock,destruction,114,63,51
Aidadeshu,tichondrius,1807,warlock,destruction,60,32,28
Mursay,tichondrius,1806,warlock,destruction,54,36,18
Åbyssal,stormrage,1806,warlock,destruction,159,94,65
Belenas,tichondrius,1806,warlock,destruction,48,28,20
Amgs,frostmourne,1806,warlock,destruction,167,88,79
Dbf,sargeras,1806,warlock,destruction,139,73,66
Nigthdeath,nemesis,1806,warlock,destruction,179,94,85
Döremi,tichondrius,1805,warlock,destruction,48,28,20
Veleza,kiljaeden,1805,warlock,destruction,82,47,35
Plasticware,korgath,1805,warlock,destruction,98,54,44
Wårløck,stormrage,1804,warlock,destruction,36,24,12
Trixtah,illidan,1804,warlock,destruction,36,23,13
Wineburger,frostmourne,1804,warlock,destruction,90,56,34
Meatmanxtrem,sargeras,1804,warlock,destruction,60,33,27
Teesolinia,stormrage,1803,warlock,destruction,117,74,43
Expiredfood,stormreaver,1803,warlock,destruction,42,26,16
Pillçosby,tichondrius,1803,warlock,destruction,36,22,14
Xhrine,frostmourne,1803,warlock,destruction,71,40,31
Scârecrow,stormrage,1802,warlock,destruction,72,46,26
Vexidus,moon-guard,1802,warlock,destruction,102,60,42
Mamosa,stormrage,1801,warlock,destruction,72,52,20
Azlloa,tichondrius,1801,warlock,destruction,48,31,17
Romdi,tichondrius,1801,warlock,destruction,52,32,20
Geekmonster,tichondrius,1801,warlock,destruction,54,33,21
Ghettobeluga,area-52,1801,warlock,destruction,53,30,23
Rettek,bleeding-hollow,1801,warlock,destruction,48,27,21
Frightbright,sargeras,1801,warlock,destruction,45,25,20
Enkryption,dalaran,1801,warlock,destruction,42,23,19
Suaveaye,tichondrius,1801,warlock,destruction,66,36,30
Seltzi,illidan,1801,warlock,destruction,47,25,22
Necrochemist,frostmane,1800,warlock,destruction,24,19,5
Podda,shuhalo,1800,warlock,destruction,65,41,24
Warmstreak,blackrock,1800,warlock,destruction,48,28,20
Lapidate,malganis,1800,warlock,destruction,59,33,26
Leruss,zangarmarsh,1800,warlock,destruction,55,30,25
Cowboydann,malganis,1799,warlock,destruction,30,19,11
Missinhim,shattered-halls,1798,warlock,destruction,24,19,5
Doughnut,mugthol,1798,warlock,destruction,90,50,40
Tribulatiön,moon-guard,1798,warlock,destruction,446,237,209
Sherlóck,duskwood,1798,warlock,destruction,54,28,26
Gavlock,tichondrius,1798,warlock,destruction,72,34,38
Cróhns,bleeding-hollow,1797,warlock,destruction,139,86,53
Elfwarlock,aerie-peak,1797,warlock,destruction,63,35,28
Lockfoxyy,tichondrius,1796,warlock,destruction,36,25,11
Espanyolo,zuljin,1796,warlock,destruction,90,58,32
Basicwitch,malganis,1796,warlock,destruction,41,26,15
Exilegd,proudmoore,1796,warlock,destruction,101,62,39
Puchador,sargeras,1795,warlock,destruction,144,74,70
Chaosjedi,stormrage,1794,warlock,destruction,159,77,82
Gløcked,area-52,1793,warlock,destruction,36,21,15
Krikxy,tichondrius,1793,warlock,destruction,56,31,25
Darksummoner,kaelthas,1793,warlock,destruction,90,47,43
Eggós,sargeras,1792,warlock,destruction,408,202,206
Feardotjpg,stormrage,1791,warlock,destruction,42,29,13
Loksoflove,tichondrius,1791,warlock,destruction,36,22,14
Shadøwy,nemesis,1791,warlock,destruction,184,102,82
Kyleslock,illidan,1790,warlock,destruction,29,21,8
Maral,kelthuzad,1790,warlock,destruction,30,19,11
Nùts,frostmourne,1789,warlock,destruction,48,28,20
Zaef,kelthuzad,1789,warlock,destruction,181,90,91
Babyhzz,tichondrius,1788,warlock,destruction,48,33,15
Leeroydots,area-52,1788,warlock,destruction,102,60,42
Lafuke,tichondrius,1786,warlock,destruction,37,24,13
Løcalplugxø,barthilas,1786,warlock,destruction,137,86,51
Sairic,azralon,1786,warlock,destruction,126,78,48
Whitexzz,tichondrius,1786,warlock,destruction,42,24,18
Painful,mannoroth,1786,warlock,destruction,294,154,140
Lopenx,korgath,1786,warlock,destruction,218,106,112
Urukaix,sargeras,1785,warlock,destruction,42,28,14
Benafflockzz,kelthuzad,1785,warlock,destruction,72,45,27
Birez,kelthuzad,1785,warlock,destruction,104,58,46
Mastasnipah,illidan,1785,warlock,destruction,48,26,22
Deathhawkz,ravencrest,1784,warlock,destruction,36,24,12
Søulswap,tichondrius,1783,warlock,destruction,42,25,17
Wreyz,mannoroth,1783,warlock,destruction,72,39,33
Nevermindxd,barthilas,1783,warlock,destruction,66,32,34
Finalboss,tichondrius,1782,warlock,destruction,48,33,15
Positivity,thunderhorn,1782,warlock,destruction,66,39,27
Øutbreak,thrall,1782,warlock,destruction,62,36,26
Tonnon,stormrage,1782,warlock,destruction,84,47,37
Latchlock,malganis,1781,warlock,destruction,209,112,97
Daimonic,bronzebeard,1780,warlock,destruction,96,57,39
Duckboji,tichondrius,1780,warlock,destruction,56,33,23
Thinktank,tichondrius,1780,warlock,destruction,47,27,20
Dupapad,stormrage,1780,warlock,destruction,65,31,34
Nahz,tichondrius,1779,warlock,destruction,42,24,18
Naughtybôlts,sargeras,1778,warlock,destruction,63,39,24
Jakjub,kelthuzad,1778,warlock,destruction,54,31,23
Andelaylas,tichondrius,1778,warlock,destruction,209,115,94
Bellaswans,hyjal,1777,warlock,destruction,78,43,35
Eggpower,tichondrius,1776,warlock,destruction,52,27,25
Grq,stormrage,1775,warlock,destruction,69,43,26
Hellparks,malganis,1774,warlock,destruction,42,27,15
Screwed,tichondrius,1773,warlock,destruction,96,49,47
Azaradx,azralon,1773,warlock,destruction,133,65,68
Nt,burning-legion,1772,warlock,destruction,50,41,9
Alùcärd,tichondrius,1772,warlock,destruction,54,25,29
Twilson,moon-guard,1771,warlock,destruction,54,29,25
Urukái,dalaran,1769,warlock,destruction,117,65,52
Gladyr,frostmourne,1768,warlock,destruction,54,28,26
Lifeinsuranc,tichondrius,1767,warlock,destruction,30,19,11
Brutalsummon,frostmourne,1766,warlock,destruction,117,63,54
Sendnudez,nemesis,1765,warlock,destruction,77,46,31
Sithaholic,wildhammer,1765,warlock,destruction,115,58,57
Yaresly,kelthuzad,1763,warlock,destruction,44,31,13
Tm56D1FA,tichondrius,1763,warlock,destruction,59,35,24
Exgenshinpro,proudmoore,1763,warlock,destruction,42,23,19
Kakistocracy,kelthuzad,1761,warlock,destruction,30,23,7
Haì,illidan,1761,warlock,destruction,78,44,34
Thragèqt,sargeras,1761,warlock,destruction,36,20,16
Bolsheivik,dentarg,1759,warlock,destruction,104,58,46
Marshyxd,tichondrius,1759,warlock,destruction,48,23,25
Pk,azralon,1758,warlock,destruction,36,23,13
Gottawiz,illidan,1758,warlock,destruction,60,32,28
Cptsaveahoe,skullcrusher,1758,warlock,destruction,69,33,36
Nick,llane,1757,warlock,destruction,36,23,13
Identiti,tichondrius,1757,warlock,destruction,96,55,41
Chêrrypopper,proudmoore,1755,warlock,destruction,67,41,26
Squishyboy,tichondrius,1755,warlock,destruction,57,30,27
Ravëncläw,quelthalas,1755,warlock,destruction,67,35,32
Flattsl,tichondrius,1755,warlock,destruction,84,39,45
Anujy,moon-guard,1754,warlock,destruction,90,58,32
Obliceress,crushridge,1754,warlock,destruction,42,26,16
Rotshtëin,tichondrius,1754,warlock,destruction,191,98,93
Ibrroski,proudmoore,1753,warlock,destruction,24,20,4
Debigbolt,area-52,1752,warlock,destruction,42,28,14
Terrorbytes,frostmourne,1752,warlock,destruction,126,70,56
Killabeesack,tichondrius,1751,warlock,destruction,85,50,35
Symaitiel,azralon,1751,warlock,destruction,96,51,45
Glad,fenris,1750,warlock,destruction,115,64,51
Plaintive,moon-guard,1750,warlock,destruction,54,28,26
Éx,jubeithos,1748,warlock,destruction,47,30,17
Tjdotter,stormrage,1748,warlock,destruction,39,24,15
Aggrodesiac,wyrmrest-accord,1748,warlock,destruction,182,96,86
Røckdeäth,sargeras,1747,warlock,destruction,60,39,21
Elcidoo,tichondrius,1746,warlock,destruction,36,19,17
Qualio,thrall,1746,warlock,destruction,129,62,67
Devi,executus,1745,warlock,destruction,30,19,11
Liuh,tichondrius,1744,warlock,destruction,42,24,18
Teefgap,sargeras,1744,warlock,destruction,60,30,30
Lockedinn,mannoroth,1744,warlock,destruction,60,28,32
Noxfear,azralon,1743,warlock,destruction,78,51,27
Raxxis,moon-guard,1742,warlock,destruction,29,19,10
Dewandoritos,kelthuzad,1742,warlock,destruction,36,22,14
Shulol,tichondrius,1742,warlock,destruction,36,20,16
Flake,kelthuzad,1741,warlock,destruction,62,37,25
Yeepzbytre,bleeding-hollow,1741,warlock,destruction,113,66,47
Halloweèn,kelthuzad,1741,warlock,destruction,131,74,57
Pkzy,azralon,1741,warlock,destruction,36,19,17
Catodo,ragnaros,1741,warlock,destruction,54,26,28
Quinzel,tichondrius,1739,warlock,destruction,24,22,2
Hädes,frostwolf,1738,warlock,destruction,69,43,26
Boodizz,frostmourne,1738,warlock,destruction,48,25,23
Vallàx,area-52,1738,warlock,destruction,214,110,104
Zrok,bleeding-hollow,1738,warlock,destruction,60,29,31
Shequita,thrall,1737,warlock,destruction,42,25,17
Rollup,turalyon,1737,warlock,destruction,36,20,16
Theredwoman,emerald-dream,1736,warlock,destruction,36,20,16
Darkmagician,kelthuzad,1735,warlock,destruction,30,22,8
Boltster,destromath,1735,warlock,destruction,110,74,36
Radalyn,icecrown,1735,warlock,destruction,37,22,15
Chaoticchaos,kelthuzad,1735,warlock,destruction,35,20,15
Aryoc,ragnaros,1734,warlock,destruction,176,94,82
Neverportx,kirin-tor,1733,warlock,destruction,42,25,17
Rianna,lightninghoof,1732,warlock,destruction,65,38,27
Bouldrlickr,dragonmaw,1732,warlock,destruction,54,31,23
Kvxkxvxvk,bleeding-hollow,1732,warlock,destruction,60,31,29
Mânuel,akama,1731,warlock,destruction,30,22,8
Spliffxl,stormrage,1731,warlock,destruction,54,30,24
Spooked,khadgar,1730,warlock,destruction,66,38,28
Richactress,tichondrius,1730,warlock,destruction,35,19,16
Fabiusbilex,tichondrius,1729,warlock,destruction,45,28,17
Sdiaz,illidan,1729,warlock,destruction,42,26,16
Harmfuul,illidan,1728,warlock,destruction,45,28,17
Justganmore,tichondrius,1728,warlock,destruction,56,26,30
Ggooudan,tichondrius,1727,warlock,destruction,36,27,9
Merji,area-52,1726,warlock,destruction,35,22,13
Uarus,tichondrius,1725,warlock,destruction,42,26,16
Nino,barthilas,1725,warlock,destruction,33,20,13
Sundrín,mugthol,1724,warlock,destruction,71,32,39
Perfidious,altar-of-storms,1723,warlock,destruction,40,30,10
Meraz,zuljin,1721,warlock,destruction,40,24,16
Scxut,zuljin,1721,warlock,destruction,130,73,57
Katrisse,aegwynn,1721,warlock,destruction,84,47,37
Destructing,hyjal,1721,warlock,destruction,48,25,23
Nocchi,amanthul,1721,warlock,destruction,46,23,23
Keniiwood,quelthalas,1721,warlock,destruction,54,25,29
Janeciap,tichondrius,1720,warlock,destruction,30,18,12
Chaosbeard,korgath,1720,warlock,destruction,80,46,34
Kyrmax,malganis,1720,warlock,destruction,150,71,79
Parishiltoon,frostmourne,1720,warlock,destruction,141,66,75
Drwongmd,sargeras,1719,warlock,destruction,30,21,9
Guldansbicep,illidan,1719,warlock,destruction,169,85,84
Vulcke,kelthuzad,1719,warlock,destruction,129,60,69
Verminosa,nemesis,1718,warlock,destruction,30,19,11
Agni,gurubashi,1718,warlock,destruction,126,66,60
Crucyblettv,korgath,1717,warlock,destruction,24,18,6
Ruellia,tichondrius,1717,warlock,destruction,36,18,18
Enmama,malganis,1716,warlock,destruction,36,20,16
Domwarlock,uther,1716,warlock,destruction,141,72,69
Naiyuan,tichondrius,1716,warlock,destruction,36,18,18
Carcøsa,malganis,1714,warlock,destruction,72,40,32
Gëngar,malganis,1713,warlock,destruction,37,26,11
Sixv,barthilas,1713,warlock,destruction,48,32,16
Richãrdjr,area-52,1713,warlock,destruction,36,22,14
Elmobolt,thrall,1713,warlock,destruction,97,58,39
Kairiesmirk,illidan,1713,warlock,destruction,129,67,62
Lotussama,anetheron,1712,warlock,destruction,24,18,6
Evatar,malganis,1712,warlock,destruction,36,21,15
Keylloggz,sargeras,1712,warlock,destruction,102,56,46
Hehimx,bleeding-hollow,1711,warlock,destruction,24,18,6
Mchawi,tichondrius,1711,warlock,destruction,71,41,30
Crimpy,dathremar,1711,warlock,destruction,59,34,25
Serveq,tichondrius,1710,warlock,destruction,103,58,45
Pãni,area-52,1710,warlock,destruction,99,52,47
Imbooms,blackrock,1710,warlock,destruction,48,22,26
Fatass,cairne,1709,warlock,destruction,30,21,9
Kerrigan,the-venture-co,1709,warlock,destruction,41,27,14
Warmandei,dalaran,1709,warlock,destruction,78,47,31
Vvivienx,tichondrius,1709,warlock,destruction,36,21,15
Richãrd,area-52,1709,warlock,destruction,49,26,23
Ercaz,frostmourne,1709,warlock,destruction,48,20,28
Pigmahz,malganis,1708,warlock,destruction,72,39,33
Darkwidow,sargeras,1708,warlock,destruction,245,119,126
Vickerzz,barthilas,1708,warlock,destruction,113,53,60
Lïttle,stormrage,1707,warlock,destruction,99,58,41
Cokeparty,tichondrius,1707,warlock,destruction,59,32,27
Levantine,barthilas,1707,warlock,destruction,51,27,24
Struggles,emerald-dream,1706,warlock,destruction,208,106,102
Tacticalderp,bleeding-hollow,1706,warlock,destruction,36,18,18
Paparoxy,illidan,1705,warlock,destruction,76,36,40
Gasgrassnass,sargeras,1702,warlock,destruction,89,50,39
Revenus,tichondrius,1702,warlock,destruction,237,119,118
Zandõx,jubeithos,1701,warlock,destruction,77,47,30
Neghros,illidan,1700,warlock,destruction,125,60,65
Wolfstein,tichondrius,1699,warlock,destruction,24,18,6
Conradlenoir,illidan,1699,warlock,destruction,36,23,13
Angrydestro,tichondrius,1699,warlock,destruction,44,24,20
Giantgobrin,zuljin,1699,warlock,destruction,60,31,29
Daartaru,quelthalas,1698,warlock,destruction,90,48,42
Ägnar,nemesis,1698,warlock,destruction,40,21,19
Lockfaceguy,agamaggan,1698,warlock,destruction,81,40,41
Azazil,malganis,1697,warlock,destruction,36,22,14
Stankbigly,thrall,1697,warlock,destruction,74,45,29
Fredwinsta,laughing-skull,1697,warlock,destruction,54,29,25
Barbieelf,sargeras,1697,warlock,destruction,272,138,134
Veerdz,area-52,1697,warlock,destruction,78,36,42
Harukay,tichondrius,1696,warlock,destruction,29,20,9
Hiddentech,saurfang,1696,warlock,destruction,36,20,16
Teivlol,mugthol,1696,warlock,destruction,36,18,18
Sslock,sargeras,1696,warlock,destruction,64,31,33
Chrysippus,illidan,1696,warlock,destruction,42,18,24
Popdotdropit,frostwolf,1695,warlock,destruction,90,50,40
Wayce,burning-blade,1695,warlock,destruction,251,132,119
Deathteller,tichondrius,1694,warlock,destruction,53,25,28
Chachanoobx,sargeras,1693,warlock,destruction,241,140,101
Flûké,tichondrius,1693,warlock,destruction,42,21,21
Dotandforget,tichondrius,1691,warlock,destruction,36,24,12
Rainymood,frostmourne,1691,warlock,destruction,109,68,41
Alktrz,azralon,1691,warlock,destruction,37,19,18
Cbx,kelthuzad,1690,warlock,destruction,36,28,8
Aluaris,earthen-ring,1690,warlock,destruction,30,23,7
Ðòt,nagrand,1690,warlock,destruction,81,39,42
Taneverah,wyrmrest-accord,1689,warlock,destruction,47,30,17
Zhujiu,illidan,1689,warlock,destruction,77,45,32
Missmonday,tichondrius,1689,warlock,destruction,83,44,39
Hauntsin,hyjal,1689,warlock,destruction,42,21,21
Eyoeyo,tichondrius,1689,warlock,destruction,48,21,27
Evalovia,hyjal,1688,warlock,destruction,96,41,55
Aureboros,sargeras,1687,warlock,destruction,36,24,12
Hadouh,stormrage,1687,warlock,destruction,47,25,22
Kâyn,area-52,1687,warlock,destruction,95,49,46
Lønewølf,sargeras,1687,warlock,destruction,96,48,48
Dautenit,illidan,1687,warlock,destruction,66,32,34
Bfadestro,tichondrius,1686,warlock,destruction,36,24,12
Drain,proudmoore,1686,warlock,destruction,60,38,22
Bobbyshmurdå,frostmourne,1686,warlock,destruction,48,29,19
Nocrackrocks,stormrage,1686,warlock,destruction,40,23,17
Contagion,dragonmaw,1685,warlock,destruction,36,20,16
Viralwashbrn,illidan,1685,warlock,destruction,84,43,41
Melôck,area-52,1684,warlock,destruction,42,28,14
Maggotworm,sargeras,1683,warlock,destruction,189,104,85
Weeblock,area-52,1683,warlock,destruction,40,21,19
Zoagen,ragnaros,1682,warlock,destruction,76,39,37
Adelrinn,frostmourne,1681,warlock,destruction,258,141,117
Xephine,proudmoore,1680,warlock,destruction,58,38,20
Droptopp,malganis,1680,warlock,destruction,42,27,15
Warwand,tichondrius,1679,warlock,destruction,36,25,11
Gavrhin,area-52,1679,warlock,destruction,47,29,18
Xidothewitch,stormrage,1678,warlock,destruction,36,20,16
Sauceaura,frostmourne,1678,warlock,destruction,57,29,28
Getoffmedawg,illidan,1677,warlock,destruction,66,38,28
Lyonesse,frostmourne,1677,warlock,destruction,46,26,20
Sketchytat,stormrage,1677,warlock,destruction,48,26,22
Grandpa,daggerspine,1677,warlock,destruction,157,81,76
Milkdrunk,blackrock,1677,warlock,destruction,171,83,88
Breeak,sargeras,1676,warlock,destruction,48,31,17
Gekku,ragnaros,1676,warlock,destruction,36,22,14
Kbolt,barthilas,1676,warlock,destruction,101,58,43
Dipixd,tichondrius,1675,warlock,destruction,24,22,2
Kogath,thunderlord,1674,warlock,destruction,129,73,56
Manthos,sargeras,1674,warlock,destruction,187,91,96
Knockknock,llane,1673,warlock,destruction,42,22,20
Booßiemiles,area-52,1672,warlock,destruction,157,92,65
Bytezlk,area-52,1672,warlock,destruction,36,21,15
Idrannell,illidan,1672,warlock,destruction,152,85,67
Pyatpree,bleeding-hollow,1671,warlock,destruction,30,19,11
Cloudynightz,tichondrius,1671,warlock,destruction,167,89,78
Mlxd,tichondrius,1670,warlock,destruction,24,19,5
Poxnhub,tichondrius,1670,warlock,destruction,35,24,11
Critthis,illidan,1670,warlock,destruction,47,32,15
Sauzith,area-52,1670,warlock,destruction,55,33,22
Ðòm,tichondrius,1670,warlock,destruction,42,24,18
Cairo,emerald-dream,1670,warlock,destruction,279,146,133
Imadotyasan,shandris,1669,warlock,destruction,52,35,17
Jennifear,sargeras,1669,warlock,destruction,102,56,46
Ruknài,barthilas,1668,warlock,destruction,44,26,18
Kudoslck,tichondrius,1668,warlock,destruction,90,52,38
Ðiêsel,malganis,1668,warlock,destruction,57,32,25
Kymamd,sargeras,1668,warlock,destruction,50,25,25
Magnetix,arthas,1667,warlock,destruction,218,111,107
Ifearjoo,vashj,1666,warlock,destruction,48,25,23
Iskiplegday,illidan,1666,warlock,destruction,107,45,62
Restolock,destromath,1665,warlock,destruction,78,45,33
Covidmaster,frostmourne,1665,warlock,destruction,130,67,63
Iconicxo,thrall,1665,warlock,destruction,150,77,73
Contägion,bleeding-hollow,1665,warlock,destruction,62,30,32
Degred,tichondrius,1664,warlock,destruction,45,34,11
Kurifodo,illidan,1664,warlock,destruction,88,50,38
Babydots,stormreaver,1664,warlock,destruction,98,53,45
Skrublockz,area-52,1664,warlock,destruction,47,24,23
Olgee,tortheldrin,1663,warlock,destruction,53,30,23
Chnos,mugthol,1663,warlock,destruction,41,23,18
Khølek,ragnaros,1662,warlock,destruction,59,39,20
Shatteroidz,darkspear,1662,warlock,destruction,36,22,14
Evilmilf,tichondrius,1662,warlock,destruction,109,60,49
Lockz,illidan,1662,warlock,destruction,54,27,27
Cenich,darkspear,1661,warlock,destruction,97,53,44
Manapouli,area-52,1660,warlock,destruction,44,26,18
Silone,tichondrius,1659,warlock,destruction,30,24,6
Yisuschríst,quelthalas,1659,warlock,destruction,52,26,26
Sasaology,frostmourne,1658,warlock,destruction,62,31,31
Hynnis,nemesis,1657,warlock,destruction,66,41,25
Cbolt,tichondrius,1656,warlock,destruction,90,52,38
Pikme,bleeding-hollow,1656,warlock,destruction,42,23,19
Mephizar,moon-guard,1656,warlock,destruction,56,30,26
Deangood,tichondrius,1656,warlock,destruction,152,77,75
Steebi,tichondrius,1655,warlock,destruction,36,23,13
Favorite,malfurion,1655,warlock,destruction,36,21,15
Nooko,frostmourne,1655,warlock,destruction,48,25,23
Medeia,tichondrius,1655,warlock,destruction,35,18,17
Demonkiiller,kelthuzad,1655,warlock,destruction,54,24,30
Zhvim,stormrage,1654,warlock,destruction,41,23,18
Cilium,illidan,1654,warlock,destruction,84,46,38
Sagatt,illidan,1654,warlock,destruction,83,45,38
Resuah,tichondrius,1654,warlock,destruction,249,130,119
Hellwish,tichondrius,1654,warlock,destruction,108,53,55
Stonnerz,ragnaros,1653,warlock,destruction,99,60,39
Egirlgamer,sargeras,1653,warlock,destruction,72,43,29
Magiaoscurax,quelthalas,1653,warlock,destruction,165,93,72
Nickie,azralon,1653,warlock,destruction,60,33,27
Dobbythelock,zuljin,1653,warlock,destruction,42,23,19
Fearlord,shattered-hand,1653,warlock,destruction,72,37,35
Fece,area-52,1652,warlock,destruction,38,24,14
Covírus,azralon,1652,warlock,destruction,65,41,24
Versariki,frostmourne,1652,warlock,destruction,132,73,59
Tulu,muradin,1651,warlock,destruction,65,46,19
Dolut,azralon,1651,warlock,destruction,65,38,27
Lemonfire,area-52,1650,warlock,destruction,49,26,23
Lockniel,skullcrusher,1649,warlock,destruction,60,37,23
Absoluté,nemesis,1649,warlock,destruction,36,19,17
Swapsfour,area-52,1649,warlock,destruction,84,43,41
Stølo,deathwing,1648,warlock,destruction,136,86,50
Royalmace,dethecus,1648,warlock,destruction,46,25,21
Jaythuzad,stormrage,1648,warlock,destruction,146,79,67
Uranusa,proudmoore,1648,warlock,destruction,108,50,58
Trewlocke,sargeras,1647,warlock,destruction,42,25,17
Muffîn,moon-guard,1647,warlock,destruction,109,64,45
Reppedlock,illidan,1647,warlock,destruction,94,55,39
Feardadots,tichondrius,1646,warlock,destruction,75,48,27
Harambê,sargeras,1646,warlock,destruction,40,22,18
Javirr,ragnaros,1645,warlock,destruction,65,39,26
Malagas,tichondrius,1645,warlock,destruction,87,50,37
Jussmollett,arygos,1645,warlock,destruction,125,66,59
Dëstró,tichondrius,1645,warlock,destruction,65,34,31
Gent,stormrage,1644,warlock,destruction,36,24,12
Yibbel,tichondrius,1644,warlock,destruction,36,22,14
Misolock,sargeras,1644,warlock,destruction,105,56,49
Xiáoyan,tichondrius,1643,warlock,destruction,66,43,23
Jerclard,proudmoore,1643,warlock,destruction,66,35,31
Ahrimus,area-52,1643,warlock,destruction,47,24,23
Fiddlesticks,draka,1642,warlock,destruction,54,36,18
Tahmrin,quelthalas,1642,warlock,destruction,58,30,28
Saltiez,sargeras,1641,warlock,destruction,30,22,8
Saruon,proudmoore,1641,warlock,destruction,30,19,11
Imports,tichondrius,1641,warlock,destruction,34,21,13
Vasago,jubeithos,1641,warlock,destruction,89,48,41
Chaosage,sargeras,1640,warlock,destruction,42,28,14
Dapperdanxy,tichondrius,1640,warlock,destruction,44,24,20
Destructio,tichondrius,1640,warlock,destruction,148,70,78
Mindrekt,azralon,1639,warlock,destruction,72,47,25
Fearmebro,bleeding-hollow,1639,warlock,destruction,139,72,67
Belford,tichondrius,1638,warlock,destruction,67,35,32
Sidgnosis,stormrage,1638,warlock,destruction,301,152,149
Demonclock,sargeras,1637,warlock,destruction,39,24,15
Ardentia,malganis,1637,warlock,destruction,54,30,24
Reficul,frostmourne,1637,warlock,destruction,50,23,27
Gingerspise,nathrezim,1637,warlock,destruction,48,21,27
Arenis,stormrage,1636,warlock,destruction,36,25,11
Marcedlc,ragnaros,1636,warlock,destruction,127,73,54
Midoolock,proudmoore,1636,warlock,destruction,94,54,40
Xylâ,emerald-dream,1636,warlock,destruction,39,22,17
Soloart,tichondrius,1636,warlock,destruction,72,40,32
Crypticwl,proudmoore,1636,warlock,destruction,102,56,46
Cursedstales,stormrage,1635,warlock,destruction,42,30,12
Flággedname,area-52,1635,warlock,destruction,36,21,15
Sëcond,azralon,1635,warlock,destruction,36,19,17
Kylaria,emerald-dream,1635,warlock,destruction,48,24,24
Hugechungusw,frostmourne,1634,warlock,destruction,50,31,19
Bénâfflock,area-52,1634,warlock,destruction,54,32,22
Numerical,frostmourne,1633,warlock,destruction,34,23,11
Dìpndots,wyrmrest-accord,1633,warlock,destruction,54,32,22
Buckéthéad,arathor,1633,warlock,destruction,79,41,38
Zhaphrax,frostmourne,1633,warlock,destruction,85,43,42
Evapilot,tichondrius,1632,warlock,destruction,54,31,23
Juicestarr,barthilas,1632,warlock,destruction,111,51,60
Guldoom,tichondrius,1631,warlock,destruction,18,17,1
Hawklock,ragnaros,1631,warlock,destruction,36,26,10
Demonista,illidan,1631,warlock,destruction,31,22,9
Oxylock,magtheridon,1631,warlock,destruction,42,24,18
Lóckdówn,frostmourne,1631,warlock,destruction,60,32,28
Lhandus,drakkari,1631,warlock,destruction,128,64,64
Shendù,stormrage,1631,warlock,destruction,48,23,25
Ddorangmoon,tichondrius,1630,warlock,destruction,42,25,17
Dipixyz,tichondrius,1630,warlock,destruction,30,17,13
Holunging,illidan,1630,warlock,destruction,36,19,17
Tjdrizzle,tichondrius,1630,warlock,destruction,48,18,30
Léarníng,nemesis,1629,warlock,destruction,36,26,10
Mokulock,tichondrius,1629,warlock,destruction,126,70,56
Daenon,kiljaeden,1629,warlock,destruction,54,29,25
Stormrift,sargeras,1629,warlock,destruction,74,39,35
Soranpotter,tichondrius,1628,warlock,destruction,24,17,7
Ltoplaylock,area-52,1628,warlock,destruction,24,17,7
Youkeyoh,illidan,1628,warlock,destruction,54,33,21
Tuugadark,echo-isles,1628,warlock,destruction,85,51,34
Draenil,eredar,1628,warlock,destruction,30,18,12
Nybeth,malganis,1628,warlock,destruction,92,48,44
Árkadiano,drakkari,1627,warlock,destruction,42,23,19
Cöpeñhagen,illidan,1627,warlock,destruction,48,26,22
Undeadzx,tichondrius,1627,warlock,destruction,36,19,17
Synmari,tichondrius,1627,warlock,destruction,54,26,28
Marshyl,tichondrius,1627,warlock,destruction,36,17,19
Shadowlifts,kelthuzad,1626,warlock,destruction,48,29,19
Meep,madoran,1626,warlock,destruction,59,35,24
Katastrophïk,area-52,1626,warlock,destruction,36,20,16
Nutgobblerxo,sargeras,1625,warlock,destruction,36,24,12
Byndedlock,dragonmaw,1625,warlock,destruction,33,20,13
Dovahkini,stormrage,1625,warlock,destruction,47,23,24
Shadowsloc,tichondrius,1625,warlock,destruction,48,22,26
Phyxylock,stormrage,1624,warlock,destruction,24,17,7
Jpepps,perenolde,1624,warlock,destruction,111,65,46
Coomerius,zuljin,1624,warlock,destruction,54,29,25
Wickiedalice,vashj,1624,warlock,destruction,39,20,19
Nezsarek,sargeras,1624,warlock,destruction,313,155,158
Deathboltx,zuljin,1623,warlock,destruction,33,21,12
Excusey,tichondrius,1623,warlock,destruction,36,20,16
Alizondemdik,azralon,1623,warlock,destruction,67,37,30
Thotblood,stormrage,1622,warlock,destruction,24,18,6
Friendd,frostmourne,1622,warlock,destruction,41,30,11
Doomswitch,sargeras,1622,warlock,destruction,48,33,15
Deathmask,alleria,1622,warlock,destruction,64,36,28
Permaslowed,kiljaeden,1622,warlock,destruction,40,22,18
Swaelee,area-52,1622,warlock,destruction,175,92,83
Golock,tichondrius,1621,warlock,destruction,24,17,7
Skrunkz,illidan,1621,warlock,destruction,34,21,13
Sauromann,sargeras,1621,warlock,destruction,114,66,48
Ticklebolts,tichondrius,1621,warlock,destruction,52,21,31
Cesily,frostmourne,1620,warlock,destruction,36,21,15
Webrar,frostmourne,1619,warlock,destruction,54,31,23
Yikës,stormrage,1619,warlock,destruction,36,20,16
Gnomlette,smolderthorn,1619,warlock,destruction,144,76,68
Tít,malganis,1619,warlock,destruction,90,46,44
Tonìx,proudmoore,1619,warlock,destruction,84,41,43
Penzer,stormrage,1618,warlock,destruction,36,20,16
Luckehlock,firetree,1618,warlock,destruction,77,39,38
Fenexia,hyjal,1617,warlock,destruction,101,63,38
Deathage,crushridge,1617,warlock,destruction,163,92,71
Wickedry,antonidas,1617,warlock,destruction,48,23,25
Raykun,quelthalas,1616,warlock,destruction,90,47,43
Notspeedy,tichondrius,1615,warlock,destruction,91,41,50
Ãids,khadgar,1614,warlock,destruction,54,36,18
Riiselock,shadow-council,1614,warlock,destruction,69,39,30
Shïrõ,tichondrius,1613,warlock,destruction,30,22,8
Vasqu,stormrage,1612,warlock,destruction,24,17,7
Kajayak,nazjatar,1612,warlock,destruction,132,73,59
Ko,nordrassil,1612,warlock,destruction,72,37,35
Rotsndotss,thrall,1612,warlock,destruction,63,30,33
Hypnotikal,illidan,1611,warlock,destruction,30,22,8
Corruptblxck,tichondrius,1611,warlock,destruction,45,28,17
Chrishasnen,moon-guard,1611,warlock,destruction,54,27,27
Omleaf,malganis,1610,warlock,destruction,36,18,18
Rxjr,sargeras,1610,warlock,destruction,136,67,69
Gigabiga,tol-barad,1609,warlock,destruction,24,17,7
Belzebud,area-52,1609,warlock,destruction,123,71,52
Momshutup,sargeras,1609,warlock,destruction,41,20,21
Isarac,zuljin,1608,warlock,destruction,78,50,28
Zuyumin,ragnaros,1608,warlock,destruction,89,57,32
Ayrr,zuljin,1608,warlock,destruction,30,17,13
Yaldin,nemesis,1608,warlock,destruction,245,135,110
Kály,azralon,1608,warlock,destruction,69,37,32
Pyralock,malfurion,1608,warlock,destruction,72,36,36
Valrena,rivendare,1607,warlock,destruction,30,20,10
Darknessgodd,goldrinn,1607,warlock,destruction,133,76,57
Thirdsol,stormrage,1607,warlock,destruction,71,38,33
Woezz,tichondrius,1607,warlock,destruction,111,59,52
Pugnatwo,kelthuzad,1607,warlock,destruction,42,18,24
Lilbiackguy,stormrage,1606,warlock,destruction,78,50,28
Tougetsu,tichondrius,1606,warlock,destruction,46,27,19
Necrotic,mannoroth,1606,warlock,destruction,113,52,61
Macdeezylock,sargeras,1605,warlock,destruction,36,23,13
Vugaddi,illidan,1605,warlock,destruction,30,19,11
Lôrdslug,bleeding-hollow,1605,warlock,destruction,48,29,19
Xdta,frostmourne,1605,warlock,destruction,84,44,40
Brdsflynhigh,garrosh,1604,warlock,destruction,33,23,10
Arredivh,blackhand,1604,warlock,destruction,29,19,10
Mongdot,frostmourne,1604,warlock,destruction,92,54,38
Mispickle,kelthuzad,1604,warlock,destruction,78,43,35
Darkÿoda,malganis,1604,warlock,destruction,86,47,39
Hordeadlock,illidan,1604,warlock,destruction,60,31,29
Powertrîp,sargeras,1604,warlock,destruction,36,18,18
Dartthvader,azralon,1604,warlock,destruction,128,61,67
Siellisele,illidan,1604,warlock,destruction,66,31,35
Honchoe,illidan,1603,warlock,destruction,42,29,13
Loçky,area-52,1603,warlock,destruction,30,17,13
Nosferatu,arthas,1602,warlock,destruction,26,20,6
Bourrasq,illidan,1602,warlock,destruction,24,17,7
Wanglock,blackrock,1602,warlock,destruction,24,17,7
Bbclover,thrall,1602,warlock,destruction,41,23,18
Espyn,silvermoon,1602,warlock,destruction,105,51,54
Vafa,kelthuzad,1601,warlock,destruction,32,21,11
Hellbòund,mugthol,1601,warlock,destruction,60,36,24
Reportmenerd,tichondrius,1601,warlock,destruction,126,71,55
Lafourche,tichondrius,1601,warlock,destruction,60,31,29
Mattypatty,the-forgotten-coast,1601,warlock,destruction,60,30,30
Pauldiesel,ragnaros,1601,warlock,destruction,42,21,21
Hâm,dalaran,1601,warlock,destruction,96,46,50
Dapete,malorne,1600,warlock,destruction,36,26,10
Watchmegate,darkspear,1600,warlock,destruction,72,45,27
Asiloas,shattered-hand,1600,warlock,destruction,30,17,13
Adouken,ragnaros,1600,warlock,destruction,36,19,17
Sîthfu,tichondrius,1600,warlock,destruction,201,106,95
Infecçäo,stormrage,1599,warlock,destruction,137,75,62
Barathron,tichondrius,1599,warlock,destruction,119,62,57
Boltsnhoez,tichondrius,1598,warlock,destruction,34,20,14
Tanskeeh,sargeras,1598,warlock,destruction,88,46,42
Trastham,malganis,1598,warlock,destruction,125,62,63
Oblivious,firetree,1598,warlock,destruction,273,135,138
Predictions,sargeras,1597,warlock,destruction,77,40,37
Closetslut,moon-guard,1596,warlock,destruction,24,20,4
Ellneggro,zuljin,1596,warlock,destruction,60,41,19
Romminus,zuljin,1596,warlock,destruction,49,33,16
Maddotts,malganis,1596,warlock,destruction,42,28,14
Matilla,tichondrius,1596,warlock,destruction,36,20,16
Burnzul,bleeding-hollow,1596,warlock,destruction,54,29,25
Lessance,dalaran,1595,warlock,destruction,60,36,24
Cheylock,stormrage,1595,warlock,destruction,30,18,12
Neph,malganis,1595,warlock,destruction,44,21,23
Caseau,frostmourne,1594,warlock,destruction,36,22,14
Dotcoin,tichondrius,1594,warlock,destruction,30,17,13
Dôkgo,tichondrius,1594,warlock,destruction,36,17,19
Jnxzlock,sargeras,1593,warlock,destruction,67,37,30
Wheremyshoes,area-52,1593,warlock,destruction,141,68,73
Jerearderedo,thrall,1592,warlock,destruction,54,30,24
Larryfisher,drenden,1591,warlock,destruction,30,19,11
Akolite,tichondrius,1591,warlock,destruction,62,31,31
Noggét,frostmourne,1590,warlock,destruction,126,71,55
Hávìk,malganis,1590,warlock,destruction,42,22,20
Lockdogg,mannoroth,1588,warlock,destruction,36,22,14
Sladez,tichondrius,1588,warlock,destruction,47,20,27
Caustikk,malganis,1587,warlock,destruction,44,25,19
Buffwarlocks,senjin,1587,warlock,destruction,48,26,22
Doobielock,kelthuzad,1586,warlock,destruction,57,33,24
Catdog,bleeding-hollow,1586,warlock,destruction,60,32,28
Tothegrave,sargeras,1585,warlock,destruction,35,22,13
Lockforyou,frostmourne,1585,warlock,destruction,82,45,37
Brockdot,tichondrius,1584,warlock,destruction,50,33,17
Calidaze,tichondrius,1584,warlock,destruction,134,70,64
Dipz,zuljin,1583,warlock,destruction,36,23,13
Kuroyt,drakkari,1583,warlock,destruction,42,26,16
Christophear,stormrage,1583,warlock,destruction,36,19,17
Stocktonslap,saurfang,1583,warlock,destruction,230,121,109
Ciprýan,azralon,1583,warlock,destruction,52,27,25
Devilman,darkspear,1583,warlock,destruction,169,85,84
Drakedox,tichondrius,1582,warlock,destruction,134,70,64
Deebeel,sargeras,1582,warlock,destruction,42,20,22
Dettocs,emerald-dream,1582,warlock,destruction,67,31,36
Sidious,jubeithos,1581,warlock,destruction,87,50,37
Lockblock,veknilash,1580,warlock,destruction,41,25,16
Doombaby,zuljin,1580,warlock,destruction,144,79,65
Gerthclas,aggramar,1579,warlock,destruction,35,24,11
Grindwald,echo-isles,1579,warlock,destruction,85,44,41
Wediditjoe,kelthuzad,1578,warlock,destruction,42,24,18
Lostanubis,tichondrius,1578,warlock,destruction,51,29,22
Cioxius,stormrage,1578,warlock,destruction,63,32,31
Gluestik,shadowmoon,1578,warlock,destruction,84,42,42
Azracore,illidan,1577,warlock,destruction,130,73,57
Dferreira,azralon,1577,warlock,destruction,123,66,57
Charnoob,kelthuzad,1577,warlock,destruction,54,26,28
Làsko,area-52,1577,warlock,destruction,132,63,69
Soreanus,illidan,1576,warlock,destruction,34,23,11
Sharkweek,zuljin,1575,warlock,destruction,36,22,14
Horloc,moon-guard,1575,warlock,destruction,98,52,46
Kazinox,area-52,1575,warlock,destruction,60,30,30
Grenswood,arathor,1575,warlock,destruction,39,19,20
Avelmi,daggerspine,1574,warlock,destruction,181,94,87
Leônidos,ghostlands,1574,warlock,destruction,120,61,59
Borthrel,moon-guard,1573,warlock,destruction,132,75,57
Hamdulla,tichondrius,1573,warlock,destruction,30,17,13
Jezwazerox,area-52,1573,warlock,destruction,117,66,51
Tharki,darkspear,1572,warlock,destruction,317,162,155
Bunnyhugs,gorefiend,1571,warlock,destruction,36,22,14
Khurze,area-52,1571,warlock,destruction,109,56,53
Carmelasin,moon-guard,1570,warlock,destruction,60,39,21
Shokran,frostmourne,1570,warlock,destruction,36,18,18
Austeeny,wyrmrest-accord,1569,warlock,destruction,37,26,11
Vronos,stormrage,1569,warlock,destruction,30,18,12
Kliera,stormscale,1569,warlock,destruction,60,31,29
Beelzibub,firetree,1568,warlock,destruction,83,51,32
Xoxoxu,frostmourne,1568,warlock,destruction,50,27,23
Lifelock,auchindoun,1567,warlock,destruction,58,34,24
Shredlock,tichondrius,1566,warlock,destruction,48,28,20
Galtur,azralon,1566,warlock,destruction,54,27,27
Hellfires,ragnaros,1565,warlock,destruction,36,17,19
Uow,stormrage,1564,warlock,destruction,42,20,22
Rentacletape,kelthuzad,1563,warlock,destruction,40,22,18
Plutö,thrall,1563,warlock,destruction,36,18,18
Felnightz,area-52,1562,warlock,destruction,48,23,25
Alfaflux,tol-barad,1562,warlock,destruction,65,30,35
Juswannarock,tichondrius,1561,warlock,destruction,45,26,19
Musgrin,gallywix,1560,warlock,destruction,84,47,37
Canobio,tichondrius,1559,warlock,destruction,36,18,18
Majinbuû,malganis,1559,warlock,destruction,70,32,38
Annereyn,stormrage,1558,warlock,destruction,154,78,76
Ìzanamí,area-52,1558,warlock,destruction,36,18,18
Cozu,tichondrius,1557,warlock,destruction,53,35,18
Jarasseck,malganis,1557,warlock,destruction,109,54,55
Lüçian,ragnaros,1556,warlock,destruction,33,18,15
Mothmayhem,moon-guard,1556,warlock,destruction,54,29,25
Kjazz,tichondrius,1556,warlock,destruction,72,35,37
Dëception,ragnaros,1555,warlock,destruction,30,18,12
Rottenhell,kelthuzad,1554,warlock,destruction,114,63,51
Niked,sargeras,1553,warlock,destruction,114,67,47
Porsimorgis,firetree,1553,warlock,destruction,51,27,24
Hargol,azralon,1553,warlock,destruction,54,28,26
Tunacangirth,mannoroth,1551,warlock,destruction,24,17,7
Dots,haomarush,1551,warlock,destruction,107,53,54
Naba,malorne,1550,warlock,destruction,42,27,15
Voltshot,tichondrius,1550,warlock,destruction,275,144,131
Serplock,kelthuzad,1550,warlock,destruction,39,20,19
Kossnen,shandris,1550,warlock,destruction,76,35,41
Adøràßøltz,tichondrius,1549,warlock,destruction,30,17,13
Løvesick,zuljin,1549,warlock,destruction,82,42,40
Jenda,blackrock,1549,warlock,destruction,131,67,64
Nazzlock,bleeding-hollow,1548,warlock,destruction,83,45,38
Nightshan,draenor,1548,warlock,destruction,78,36,42
Sickmade,zuljin,1547,warlock,destruction,46,27,19
Johnnybegood,frostmourne,1547,warlock,destruction,102,54,48
Expiredonion,bleeding-hollow,1547,warlock,destruction,35,18,17
Glortheeb,spirestone,1547,warlock,destruction,42,21,21
Medusaqn,tichondrius,1547,warlock,destruction,36,18,18
Spòngwò,tichondrius,1547,warlock,destruction,36,17,19
Ðeãdman,bleeding-hollow,1546,warlock,destruction,38,26,12
Bayfayth,zuljin,1546,warlock,destruction,92,52,40
Pescador,tichondrius,1545,warlock,destruction,78,45,33
Buboñic,area-52,1545,warlock,destruction,83,39,44
Freggen,shadowsong,1544,warlock,destruction,66,39,27
Plexwl,sargeras,1544,warlock,destruction,75,37,38
Gorontar,kelthuzad,1544,warlock,destruction,62,30,32
Nöxïöüs,sargeras,1543,warlock,destruction,29,17,12
Drksøul,barthilas,1541,warlock,destruction,112,64,48
Strykerliath,bleeding-hollow,1541,warlock,destruction,55,29,26
Remua,tichondrius,1540,warlock,destruction,29,18,11
Warlockmf,sargeras,1540,warlock,destruction,121,66,55
Davnport,frostmourne,1540,warlock,destruction,114,60,54
Nattydots,sargeras,1540,warlock,destruction,83,43,40
Devastation,senjin,1540,warlock,destruction,63,31,32
Sñeed,sargeras,1539,warlock,destruction,67,40,27
Kkokko,tichondrius,1539,warlock,destruction,114,60,54
Gingery,the-underbog,1539,warlock,destruction,196,100,96
Thralord,blackrock,1538,warlock,destruction,48,30,18
Cryptos,kalecgos,1538,warlock,destruction,38,22,16
Beranflakes,darkspear,1538,warlock,destruction,36,19,17
Flxmin,area-52,1538,warlock,destruction,64,32,32
Kmüz,drakkari,1538,warlock,destruction,72,35,37
Guula,alexstrasza,1538,warlock,destruction,48,23,25
Rerolledfotm,sargeras,1537,warlock,destruction,60,36,24
Toonbolt,sargeras,1536,warlock,destruction,54,31,23
Celistia,wyrmrest-accord,1535,warlock,destruction,24,17,7
Chadica,malganis,1534,warlock,destruction,18,16,2
Threk,quelthalas,1534,warlock,destruction,30,16,14
Littledúck,azralon,1533,warlock,destruction,18,16,2
Zver,drakkari,1533,warlock,destruction,41,23,18
Scarletdemon,malganis,1532,warlock,destruction,65,35,30
Strawberryz,boulderfist,1531,warlock,destruction,36,22,14
Chaoticman,tichondrius,1531,warlock,destruction,123,69,54
Ketahole,warsong,1531,warlock,destruction,45,24,21
Fearem,tichondrius,1530,warlock,destruction,27,17,10
Kernlberton,tichondrius,1530,warlock,destruction,60,29,31
Zogs,stonemaul,1530,warlock,destruction,42,17,25
Trobgol,bleeding-hollow,1529,warlock,destruction,41,25,16
Shadowmoonon,tichondrius,1529,warlock,destruction,30,16,14
Beetlejoos,stormreaver,1529,warlock,destruction,30,16,14
Soulicit,kelthuzad,1529,warlock,destruction,70,34,36
Razzakka,stormrage,1529,warlock,destruction,195,94,101
Brucelock,proudmoore,1528,warlock,destruction,24,16,8
Greedy,garrosh,1528,warlock,destruction,30,18,12
Gharlock,tichondrius,1528,warlock,destruction,62,36,26
Dunbu,illidan,1528,warlock,destruction,164,90,74
Bcxz,illidan,1528,warlock,destruction,82,40,42
Zalord,mannoroth,1528,warlock,destruction,124,54,70
Lustyclam,tichondrius,1527,warlock,destruction,95,55,40
Asetiks,tichondrius,1526,warlock,destruction,30,16,14
Promethian,proudmoore,1526,warlock,destruction,75,33,42
Punishment,jubeithos,1525,warlock,destruction,35,24,11
Repláced,thrall,1525,warlock,destruction,101,58,43
Dotsfired,crushridge,1525,warlock,destruction,133,76,57
Josaith,moon-guard,1525,warlock,destruction,107,57,50
Alexmeister,jubeithos,1525,warlock,destruction,42,16,26
Loçk,zuljin,1524,warlock,destruction,175,89,86
Prelick,illidan,1524,warlock,destruction,47,19,28
Warluckie,zuljin,1523,warlock,destruction,24,18,6
Hadit,malganis,1523,warlock,destruction,61,33,28
Tunacanthicc,moon-guard,1523,warlock,destruction,142,73,69
Obscurity,tichondrius,1523,warlock,destruction,72,36,36
Yükina,stormrage,1522,warlock,destruction,229,117,112
Mateekabr,malganis,1521,warlock,destruction,30,18,12
Impfused,azshara,1521,warlock,destruction,78,43,35
Mêdìvh,tichondrius,1521,warlock,destruction,47,24,23
Killvilock,kelthuzad,1521,warlock,destruction,79,37,42
Baldandugly,illidan,1520,warlock,destruction,30,18,12
Domson,area-52,1519,warlock,destruction,140,81,59
Daddybolt,stormrage,1519,warlock,destruction,36,20,16
Mixolydian,malganis,1519,warlock,destruction,54,29,25
Forsâken,tichondrius,1519,warlock,destruction,85,43,42
Blorgaflob,thaurissan,1518,warlock,destruction,19,16,3
Thravis,tichondrius,1518,warlock,destruction,36,20,16
Aliciayd,andorhal,1517,warlock,destruction,30,19,11
Pestilocks,area-52,1517,warlock,destruction,87,52,35
Hyoozy,illidan,1517,warlock,destruction,30,16,14
Grammapatty,tichondrius,1517,warlock,destruction,30,16,14
Kascade,drakkari,1517,warlock,destruction,62,33,29
Mcjoy,akama,1517,warlock,destruction,260,135,125
Agonie,tichondrius,1517,warlock,destruction,285,146,139
Funnysoxx,caelestrasz,1517,warlock,destruction,82,42,40
Ðarkñess,burning-legion,1517,warlock,destruction,84,43,41
Sickgurl,stormrage,1516,warlock,destruction,101,57,44
Iockgodtkoz,tichondrius,1516,warlock,destruction,54,27,27
Brickedx,malfurion,1516,warlock,destruction,119,56,63
Sylrath,illidan,1516,warlock,destruction,69,30,39
Politex,malganis,1513,warlock,destruction,64,40,24
Warpstar,area-52,1513,warlock,destruction,57,31,26
Squatchamp,sargeras,1512,warlock,destruction,54,31,23
Kongal,tichondrius,1512,warlock,destruction,30,16,14
Adderall,altar-of-storms,1511,warlock,destruction,84,45,39
Vexxes,malganis,1511,warlock,destruction,30,16,14
Hootenanny,korialstrasz,1511,warlock,destruction,72,34,38
Grimby,malganis,1511,warlock,destruction,42,18,24
Joseph,draktharon,1509,warlock,destruction,66,35,31
Lockybalboah,turalyon,1509,warlock,destruction,120,63,57
Khrom,illidan,1509,warlock,destruction,70,33,37
Fearsntears,stormrage,1509,warlock,destruction,42,16,26
Chaosmorty,tichondrius,1508,warlock,destruction,51,32,19
Badufin,azralon,1508,warlock,destruction,48,29,19
Imbadatpvp,tichondrius,1508,warlock,destruction,73,37,36
Honne,sargeras,1507,warlock,destruction,32,19,13
Korose,tichondrius,1507,warlock,destruction,207,102,105
Arthyr,twisting-nether,1507,warlock,destruction,71,34,37
Drdotngo,tichondrius,1507,warlock,destruction,68,28,40
Shipmatelock,stormrage,1506,warlock,destruction,69,46,23
Conspiration,sargeras,1505,warlock,destruction,48,30,18
Hazbussy,kelthuzad,1505,warlock,destruction,30,17,13
Nigsy,nagrand,1505,warlock,destruction,30,16,14
Johndazombie,zuljin,1504,warlock,destruction,24,16,8
Shaneyxd,bleeding-hollow,1504,warlock,destruction,24,16,8
Warlooch,area-52,1504,warlock,destruction,48,22,26
Dinglerdots,tichondrius,1502,warlock,destruction,27,21,6
Jugaa,arthas,1502,warlock,destruction,41,29,12
Nebulox,stormrage,1501,warlock,destruction,64,37,27
Bosongo,boulderfist,1501,warlock,destruction,65,37,28
Deboltzaru,ragnaros,1501,warlock,destruction,91,45,46
Blklavender,darkspear,1501,warlock,destruction,43,21,22
Trìplock,area-52,1500,warlock,destruction,72,40,32
Greasymario,area-52,1500,warlock,destruction,46,25,21
Jaboltz,tichondrius,1499,warlock,destruction,31,17,14
Rumplefust,thrall,1499,warlock,destruction,30,16,14
Krokodiil,tichondrius,1498,warlock,destruction,74,46,28
Odiums,area-52,1498,warlock,destruction,77,44,33
Badmagic,area-52,1498,warlock,destruction,87,46,41
Dippidydot,illidan,1497,warlock,destruction,84,39,45
Mitryc,illidan,1497,warlock,destruction,41,19,22
Dedremus,korialstrasz,1497,warlock,destruction,48,18,30
Firewõrks,moon-guard,1496,warlock,destruction,30,17,13
Brettmackson,area-52,1496,warlock,destruction,105,54,51
Clamdischarg,frostmourne,1495,warlock,destruction,37,23,14
Locknug,tichondrius,1495,warlock,destruction,154,81,73
Rickyspanish,malygos,1495,warlock,destruction,58,29,29
Dewars,aggramar,1494,warlock,destruction,144,75,69
Wiildgoose,area-52,1493,warlock,destruction,48,28,20
Døtbomb,stormrage,1493,warlock,destruction,35,16,19
Memnøch,emerald-dream,1492,warlock,destruction,41,24,17
Eldriptch,kelthuzad,1492,warlock,destruction,77,40,37
Dkdakìng,dalaran,1490,warlock,destruction,24,16,8
Rytaint,emerald-dream,1490,warlock,destruction,30,19,11
Salties,magtheridon,1489,warlock,destruction,42,22,20
Zetsu,zuljin,1489,warlock,destruction,295,150,145
Darksolace,dalaran,1489,warlock,destruction,48,22,26
Goomgoom,doomhammer,1489,warlock,destruction,114,50,64
Titusvorenus,runetotem,1488,warlock,destruction,50,30,20
Millyvanilly,tichondrius,1488,warlock,destruction,83,43,40
Cúrsified,sargeras,1488,warlock,destruction,57,29,28
Terrival,illidan,1487,warlock,destruction,41,22,19
Ovosound,tichondrius,1486,warlock,destruction,23,16,7
Jakeyboii,frostmourne,1486,warlock,destruction,69,43,26
Dotte,tichondrius,1486,warlock,destruction,59,31,28
Asmodheus,ragnaros,1486,warlock,destruction,36,18,18
Morcegø,azralon,1486,warlock,destruction,75,37,38
Gentleq,tichondrius,1486,warlock,destruction,33,16,17
Vigius,dalaran,1486,warlock,destruction,53,24,29
Nytefels,skullcrusher,1485,warlock,destruction,30,20,10
Chéztér,proudmoore,1485,warlock,destruction,136,70,66
Boltybarnes,area-52,1484,warlock,destruction,66,44,22
Destruição,zuljin,1484,warlock,destruction,41,22,19
Yanned,hakkar,1484,warlock,destruction,255,132,123
Meleemetabtw,emerald-dream,1484,warlock,destruction,54,26,28
Hornetbee,tichondrius,1483,warlock,destruction,24,16,8
Kalellock,azralon,1483,warlock,destruction,120,63,57
Cutewarlock,draktharon,1481,warlock,destruction,50,30,20
Fatals,thrall,1480,warlock,destruction,36,17,19
Beyourselff,tichondrius,1479,warlock,destruction,35,16,19
Yahihlock,silver-hand,1478,warlock,destruction,36,23,13
Dloq,azgalor,1478,warlock,destruction,117,70,47
Flor,khadgar,1478,warlock,destruction,261,131,130
Teahourse,tichondrius,1478,warlock,destruction,57,27,30
Drcameron,zuljin,1477,warlock,destruction,36,24,12
Raizël,ragnaros,1477,warlock,destruction,112,62,50
Chàõs,tichondrius,1477,warlock,destruction,54,27,27
Destruction,frostmourne,1476,warlock,destruction,60,35,25
Avae,frostmourne,1476,warlock,destruction,108,61,47
Pyresworn,wyrmrest-accord,1475,warlock,destruction,60,36,24
Nefandous,malganis,1475,warlock,destruction,179,95,84
Widdleywahh,area-52,1475,warlock,destruction,151,78,73
Ioroselmi,illidan,1475,warlock,destruction,131,64,67
Tofulery,tichondrius,1475,warlock,destruction,50,23,27
Sìddy,frostmourne,1474,warlock,destruction,46,24,22
Zhoull,thrall,1474,warlock,destruction,55,28,27
Doublebolt,illidan,1473,warlock,destruction,135,78,57
Dotgonewrong,malganis,1473,warlock,destruction,89,36,53
Somethingud,tichondrius,1473,warlock,destruction,85,34,51
Priiscilá,drakkari,1472,warlock,destruction,72,35,37
Newty,zuljin,1471,warlock,destruction,30,23,7
Rzlrot,tichondrius,1471,warlock,destruction,36,22,14
Sepültüra,quelthalas,1471,warlock,destruction,145,73,72
Privin,sargeras,1471,warlock,destruction,36,18,18
Twinkies,tichondrius,1470,warlock,destruction,50,29,21
Demondots,sargeras,1469,warlock,destruction,54,31,23
Enforcer,hellscream,1469,warlock,destruction,38,21,17
Daracon,thrall,1469,warlock,destruction,50,26,24
Gatewayoncd,frostmourne,1469,warlock,destruction,138,67,71
Taìnted,lightbringer,1469,warlock,destruction,34,16,18
Laylowl,tichondrius,1468,warlock,destruction,36,22,14
Shadowxlock,misha,1468,warlock,destruction,95,51,44
Slipfallx,tichondrius,1468,warlock,destruction,64,33,31
Ahp,stormrage,1468,warlock,destruction,33,17,16
Magy,deathwing,1467,warlock,destruction,48,30,18
Wawfw,bleeding-hollow,1466,warlock,destruction,33,21,12
Impdad,destromath,1466,warlock,destruction,142,82,60
Addonic,hyjal,1466,warlock,destruction,48,26,22
Esså,jaedenar,1466,warlock,destruction,47,20,27
Pwz,azralon,1465,warlock,destruction,108,60,48
Noxdolor,stormreaver,1465,warlock,destruction,36,20,16
Soultrain,sargeras,1465,warlock,destruction,38,17,21
Kelifan,sargeras,1463,warlock,destruction,126,71,55
Vindicated,azgalor,1462,warlock,destruction,49,33,16
Mickylock,tichondrius,1461,warlock,destruction,251,136,115
Thizzmaa,area-52,1460,warlock,destruction,146,80,66
Warlockgomes,azralon,1460,warlock,destruction,311,156,155
Falcorr,area-52,1459,warlock,destruction,34,19,15
Captrollol,tichondrius,1459,warlock,destruction,100,47,53
Filthypumper,proudmoore,1455,warlock,destruction,43,28,15
Bugha,ravencrest,1455,warlock,destruction,36,22,14
Cælohin,tichondrius,1455,warlock,destruction,66,37,29
Ledrlpxlx,bleeding-hollow,1455,warlock,destruction,77,38,39
Tergale,illidan,1455,warlock,destruction,159,78,81
Geauxst,tichondrius,1454,warlock,destruction,30,18,12
Escapefromtw,tichondrius,1454,warlock,destruction,95,45,50
Aashes,doomhammer,1453,warlock,destruction,67,29,38
Psyløck,bleeding-hollow,1452,warlock,destruction,92,45,47
Blayzen,elune,1452,warlock,destruction,47,22,25
Vacuole,uther,1451,warlock,destruction,36,19,17
Muldan,stormrage,1450,warlock,destruction,47,30,17
Ptheven,area-52,1450,warlock,destruction,86,52,34
Yidhra,aerie-peak,1450,warlock,destruction,115,58,57
Monkeylock,dathremar,1449,warlock,destruction,33,22,11
Pvping,illidan,1449,warlock,destruction,48,30,18
Ebølarot,tichondrius,1447,warlock,destruction,30,19,11
Perfectylock,azralon,1447,warlock,destruction,34,17,17
Eriess,burning-blade,1447,warlock,destruction,54,24,30
Dasati,frostmourne,1446,warlock,destruction,42,29,13
Zuulusi,stormrage,1446,warlock,destruction,42,22,20
Demontos,darkspear,1446,warlock,destruction,72,37,35
Locker,lightnings-blade,1445,warlock,destruction,36,22,14
Demonicus,thunderlord,1445,warlock,destruction,54,25,29
Maleficmango,tichondrius,1444,warlock,destruction,36,23,13
Whathurts,tichondrius,1444,warlock,destruction,104,47,57
Kyoarnez,quelthalas,1443,warlock,destruction,74,36,38
Bmó,stormrage,1442,warlock,destruction,60,33,27
Carielict,sargeras,1442,warlock,destruction,30,16,14
Xbqss,illidan,1442,warlock,destruction,36,16,20
Bustednut,nerzhul,1441,warlock,destruction,116,67,49
Yorchziel,ragnaros,1441,warlock,destruction,100,54,46
Mantis,proudmoore,1441,warlock,destruction,43,23,20
Nttslock,tichondrius,1441,warlock,destruction,42,22,20
Pøwertrîp,sargeras,1441,warlock,destruction,96,42,54
Zezkin,alexstrasza,1440,warlock,destruction,39,21,18
Kevin,moon-guard,1440,warlock,destruction,133,67,66
Kuoma,boulderfist,1440,warlock,destruction,133,63,70
Çèrègäpîrät,illidan,1439,warlock,destruction,18,15,3
Hdys,tichondrius,1439,warlock,destruction,24,15,9
Printwo,sargeras,1439,warlock,destruction,24,15,9
Hydroponics,bloodscalp,1439,warlock,destruction,24,15,9
Discordant,trollbane,1439,warlock,destruction,48,29,19
Skazza,bleeding-hollow,1439,warlock,destruction,62,34,28
Twototheone,illidan,1439,warlock,destruction,131,67,64
Gridwild,drakkari,1439,warlock,destruction,36,18,18
Sâlâñzø,bleeding-hollow,1438,warlock,destruction,18,15,3
Selwitch,dalaran,1438,warlock,destruction,18,15,3
Spectro,laughing-skull,1438,warlock,destruction,18,15,3
Ztc,dalaran,1438,warlock,destruction,24,15,9
Daremyth,azralon,1438,warlock,destruction,42,25,17
Laklin,stormscale,1438,warlock,destruction,134,67,67
Snéed,sargeras,1438,warlock,destruction,64,32,32
Mykiel,sargeras,1438,warlock,destruction,42,21,21
Goofycupcake,drakthul,1437,warlock,destruction,18,15,3
Deathmásk,ragnaros,1437,warlock,destruction,18,15,3
Lostlock,sargeras,1437,warlock,destruction,18,15,3
Phreekish,bleeding-hollow,1437,warlock,destruction,24,15,9
Amoranlenus,sargeras,1437,warlock,destruction,36,21,15
Graced,dalaran,1437,warlock,destruction,54,28,26
Shadococo,tichondrius,1437,warlock,destruction,42,19,23
Kroshuto,ragnaros,1436,warlock,destruction,36,23,13
Lockyun,tichondrius,1436,warlock,destruction,24,15,9
Jämeson,tichondrius,1436,warlock,destruction,30,15,15
Dynamó,tichondrius,1436,warlock,destruction,92,45,47
Artzul,tichondrius,1436,warlock,destruction,60,25,35
Zerfall,area-52,1435,warlock,destruction,24,15,9
Sonnagalook,sargeras,1435,warlock,destruction,48,27,21
Mikaelbolton,tichondrius,1435,warlock,destruction,52,24,28
Stizzy,eredar,1434,warlock,destruction,24,15,9
Lotusx,tichondrius,1434,warlock,destruction,60,35,25
Plagueîs,area-52,1434,warlock,destruction,33,18,15
Év,azralon,1434,warlock,destruction,53,27,26
Munar,quelthalas,1434,warlock,destruction,111,56,55
Scorrgx,azralon,1434,warlock,destruction,42,15,27
Staudt,mugthol,1433,warlock,destruction,30,22,8
Felacid,tichondrius,1433,warlock,destruction,48,28,20
Picklepuller,arthas,1433,warlock,destruction,60,34,26
Mcscrotie,tichondrius,1433,warlock,destruction,39,19,20
Cynwise,arathor,1432,warlock,destruction,49,30,19
Mldxd,undermine,1432,warlock,destruction,34,17,17
Lockmycawk,stormrage,1432,warlock,destruction,35,17,18
Zemphius,illidan,1432,warlock,destruction,97,47,50
Dance,sargeras,1431,warlock,destruction,18,15,3
Jokerzz,tichondrius,1431,warlock,destruction,24,16,8
Steav,quelthalas,1431,warlock,destruction,38,21,17
Necrotic,antonidas,1431,warlock,destruction,72,38,34
Delarae,frostmourne,1431,warlock,destruction,65,34,31
Masefield,moon-guard,1431,warlock,destruction,68,33,35
Spaceghóst,bleeding-hollow,1430,warlock,destruction,291,142,149
Dotsyu,frostmourne,1429,warlock,destruction,50,28,22
Conorloco,tichondrius,1429,warlock,destruction,36,15,21
Razizzles,malganis,1428,warlock,destruction,84,51,33
Naome,cenarius,1428,warlock,destruction,36,16,20
Foxfoxfel,thrall,1427,warlock,destruction,42,27,15
Paindge,senjin,1427,warlock,destruction,24,15,9
Fearlok,malorne,1427,warlock,destruction,34,17,17
Buildsuccess,tichondrius,1427,warlock,destruction,59,25,34
Luntrazz,arthas,1426,warlock,destruction,62,32,30
Ironsightsl,dalaran,1426,warlock,destruction,48,21,27
Aomniloltv,zuljin,1425,warlock,destruction,112,60,52
Shadowfork,illidan,1424,warlock,destruction,24,15,9
Darthðotspam,mugthol,1424,warlock,destruction,126,69,57
Dercair,korgath,1424,warlock,destruction,48,25,23
Zaeloc,ragnaros,1424,warlock,destruction,62,28,34
Deseo,moon-guard,1423,warlock,destruction,139,81,58
Jhivtwo,tichondrius,1423,warlock,destruction,42,21,21
Gvvo,tichondrius,1423,warlock,destruction,30,15,15
Çrayoneater,tichondrius,1423,warlock,destruction,52,22,30
Soiedentaire,illidan,1422,warlock,destruction,36,30,6
Fiftydkps,azralon,1422,warlock,destruction,108,62,46
Hellcon,area-52,1422,warlock,destruction,112,64,48
Ørfna,zuljin,1422,warlock,destruction,78,41,37
Stunresistin,tichondrius,1422,warlock,destruction,192,99,93
Yarrz,kelthuzad,1421,warlock,destruction,42,28,14
Nvmb,frostmourne,1421,warlock,destruction,42,23,19
Nergoul,stormrage,1421,warlock,destruction,30,16,14
Yuh,moon-guard,1420,warlock,destruction,18,15,3
Fearloom,tichondrius,1420,warlock,destruction,151,78,73
Nmelock,malganis,1420,warlock,destruction,60,29,31
Bêlthazor,kelthuzad,1420,warlock,destruction,48,22,26
Decrepticus,kargath,1419,warlock,destruction,44,26,18
Vandammed,silvermoon,1419,warlock,destruction,30,15,15
Gretlock,emerald-dream,1418,warlock,destruction,24,16,8
Ranil,mannoroth,1418,warlock,destruction,24,15,9
Patagucci,bleeding-hollow,1418,warlock,destruction,94,50,44
Wdc,illidan,1418,warlock,destruction,114,55,59
Tiqs,stormrage,1417,warlock,destruction,29,16,13
Tsalagi,sargeras,1417,warlock,destruction,84,45,39
Xlilgee,kelthuzad,1416,warlock,destruction,24,15,9
Desconjuro,nemesis,1416,warlock,destruction,50,29,21
Apøçàlÿpsè,firetree,1416,warlock,destruction,75,37,38
Deatthmoon,stormrage,1415,warlock,destruction,24,15,9
Zipanadblcup,thrall,1415,warlock,destruction,30,15,15
Lockssy,tichondrius,1414,warlock,destruction,147,82,65
Exofilth,thrall,1414,warlock,destruction,58,25,33
Smokiilock,proudmoore,1413,warlock,destruction,30,15,15
Budgetkroozz,illidan,1413,warlock,destruction,30,15,15
Bilidin,azralon,1413,warlock,destruction,93,41,52
Búmchúm,frostmourne,1413,warlock,destruction,36,15,21
Overlock,ragnaros,1412,warlock,destruction,74,43,31
Locksolo,tichondrius,1412,warlock,destruction,30,15,15
Spite,thrall,1411,warlock,destruction,24,18,6
Awfeelya,sargeras,1411,warlock,destruction,62,37,25
Thicclöcc,tichondrius,1410,warlock,destruction,30,15,15
Balfast,quelthalas,1410,warlock,destruction,123,57,66
Caplock,barthilas,1410,warlock,destruction,67,31,36
Parmenides,tichondrius,1410,warlock,destruction,42,19,23
Javaspooky,nemesis,1409,warlock,destruction,91,42,49
Becà,stormrage,1408,warlock,destruction,30,19,11
Mèrlin,aerie-peak,1408,warlock,destruction,54,33,21
Nazgal,tichondrius,1408,warlock,destruction,35,21,14
Ezdagor,quelthalas,1408,warlock,destruction,161,86,75
Dialalock,frostmourne,1407,warlock,destruction,63,33,30
Srcorvo,azralon,1407,warlock,destruction,76,35,41
Bobbygoulant,tichondrius,1406,warlock,destruction,265,130,135
Chuwhee,sargeras,1406,warlock,destruction,83,32,51
Blackguldan,illidan,1405,warlock,destruction,24,15,9
Meatybolts,nagrand,1405,warlock,destruction,84,46,38
Wizxin,emerald-dream,1405,warlock,destruction,30,15,15
Digylock,kelthuzad,1405,warlock,destruction,47,16,31
Lightname,arthas,1404,warlock,destruction,24,17,7
Fazzlock,nagrand,1404,warlock,destruction,76,42,34
Kyle,shandris,1404,warlock,destruction,69,38,31
Daliron,moon-guard,1404,warlock,destruction,30,15,15
Bellanomikus,stormrage,1404,warlock,destruction,60,25,35
Heathncraig,illidan,1402,warlock,destruction,286,143,143
Bauchalain,area-52,1402,warlock,destruction,44,19,25
Batär,area-52,1401,warlock,destruction,48,33,15
Rickthelock,tichondrius,1401,warlock,destruction,30,18,12
Killafornia,runetotem,1401,warlock,destruction,48,28,20
Vamx,jubeithos,1400,warlock,destruction,24,17,7
Antistar,barthilas,1400,warlock,destruction,43,27,16
Lockerdoo,aegwynn,1400,warlock,destruction,102,52,50
Dragonlordy,proudmoore,1400,warlock,destruction,36,18,18
Possapp,azralon,1400,warlock,destruction,65,32,33
Kanekiskid,mannoroth,1399,warlock,destruction,65,40,25
Perples,dalaran,1399,warlock,destruction,60,30,30
Azöd,tichondrius,1398,warlock,destruction,117,69,48
Jaydow,illidan,1398,warlock,destruction,29,15,14
Kurudios,ragnaros,1397,warlock,destruction,30,18,12
Georky,ragnaros,1397,warlock,destruction,67,32,35
Theporkchunk,nordrassil,1395,warlock,destruction,106,66,40
Saddestboi,proudmoore,1395,warlock,destruction,84,48,36
Iongestpp,bleeding-hollow,1395,warlock,destruction,42,22,20
Crashcrash,area-52,1394,warlock,destruction,30,15,15
Kecca,azralon,1392,warlock,destruction,220,113,107
Avatar,uldum,1392,warlock,destruction,89,44,45
Crewee,tichondrius,1390,warlock,destruction,27,16,11
Adhauto,illidan,1390,warlock,destruction,113,62,51
Liltoastii,illidan,1390,warlock,destruction,39,20,19
Esteedees,moon-guard,1389,warlock,destruction,48,20,28
Wadoom,tichondrius,1388,warlock,destruction,62,33,29
Erazero,illidan,1388,warlock,destruction,78,41,37
Gnomerky,stormrage,1388,warlock,destruction,42,19,23
Sathorastus,spirestone,1388,warlock,destruction,46,20,26
Mordranan,thrall,1387,warlock,destruction,60,31,29
Garbagefarts,aegwynn,1387,warlock,destruction,100,48,52
Fearedu,thunderhorn,1386,warlock,destruction,29,15,14
Dotsnrots,frostmourne,1386,warlock,destruction,70,32,38
Gagitha,black-dragonflight,1386,warlock,destruction,36,15,21
Shortstacki,tichondrius,1385,warlock,destruction,42,27,15
Rangmar,ragnaros,1385,warlock,destruction,39,18,21
Gorelami,tichondrius,1384,warlock,destruction,42,23,19
Iceameri,tichondrius,1384,warlock,destruction,68,36,32
Dvorakk,frostmourne,1383,warlock,destruction,44,24,20
Spreadnhiv,thrall,1383,warlock,destruction,66,31,35
Manã,wyrmrest-accord,1383,warlock,destruction,42,19,23
Celash,barthilas,1382,warlock,destruction,72,35,37
Fshi,frostmourne,1381,warlock,destruction,161,84,77
Indrah,tichondrius,1381,warlock,destruction,44,19,25
Neodron,thrall,1380,warlock,destruction,81,51,30
Pinksh,sargeras,1380,warlock,destruction,92,49,43
Kyrionn,azralon,1380,warlock,destruction,34,18,16
Shelocks,sargeras,1380,warlock,destruction,60,29,31
Cvntpvntcans,kelthuzad,1379,warlock,destruction,53,28,25
Warlo,moonrunner,1378,warlock,destruction,30,20,10
Jhop,sargeras,1378,warlock,destruction,106,58,48
Coreleron,proudmoore,1378,warlock,destruction,61,29,32
Siccwidit,area-52,1378,warlock,destruction,74,34,40
Razdarin,proudmoore,1376,warlock,destruction,42,24,18
Jeramie,darkspear,1376,warlock,destruction,44,21,23
Cs,icecrown,1375,warlock,destruction,21,16,5
Blankdots,sargeras,1375,warlock,destruction,42,27,15
Sunkuna,aerie-peak,1375,warlock,destruction,176,89,87
Lockonthc,korgath,1375,warlock,destruction,32,16,16
Himselfflol,tichondrius,1375,warlock,destruction,40,19,21
Wasrenai,tichondrius,1375,warlock,destruction,47,21,26
Dealcloud,tichondrius,1374,warlock,destruction,89,47,42
Hobblefoòt,proudmoore,1374,warlock,destruction,46,23,23
Austen,tichondrius,1374,warlock,destruction,83,39,44
Zinkro,quelthalas,1374,warlock,destruction,77,32,45
Naparima,stormreaver,1373,warlock,destruction,59,32,27
Vorelock,wyrmrest-accord,1373,warlock,destruction,36,19,17
Freestyle,blackwater-raiders,1372,warlock,destruction,75,47,28
Aroris,silver-hand,1372,warlock,destruction,36,18,18
Ganknãmstyle,illidan,1372,warlock,destruction,109,54,55
Lynnilock,area-52,1371,warlock,destruction,26,16,10
Humanreapers,malganis,1371,warlock,destruction,55,30,25
Connect,borean-tundra,1371,warlock,destruction,35,18,17
Adramelech,thrall,1371,warlock,destruction,36,15,21
Atrofourth,tichondrius,1370,warlock,destruction,60,26,34
Methandmmkay,illidan,1368,warlock,destruction,33,21,12
Drudotzz,hyjal,1367,warlock,destruction,42,20,22
Pachips,zuljin,1367,warlock,destruction,36,16,20
Ppoonlock,tichondrius,1367,warlock,destruction,35,15,20
Gingerlocky,barthilas,1366,warlock,destruction,116,56,60
Critneyfearz,stormscale,1366,warlock,destruction,65,31,34
Warcrimes,silvermoon,1366,warlock,destruction,32,15,17
Dipindottz,tichondrius,1365,warlock,destruction,48,32,16
Gauul,illidan,1365,warlock,destruction,100,54,46
Xêlsnåp,steamwheedle-cartel,1365,warlock,destruction,140,72,68
Moreedotss,malganis,1365,warlock,destruction,84,42,42
Ilvvll,proudmoore,1365,warlock,destruction,65,30,35
Blindingsun,kiljaeden,1365,warlock,destruction,72,27,45
Gilgameshs,stormrage,1364,warlock,destruction,41,20,21
Glenfarclas,tichondrius,1364,warlock,destruction,91,39,52
Shlecht,ragnaros,1363,warlock,destruction,33,17,16
Luxenna,malganis,1363,warlock,destruction,84,40,44
Sauronne,illidan,1363,warlock,destruction,84,38,46
Lazarùs,zuljin,1362,warlock,destruction,30,22,8
Zazyi,azralon,1362,warlock,destruction,31,20,11
Eurygnomous,thrall,1362,warlock,destruction,36,18,18
Lilitht,drakkari,1360,warlock,destruction,66,36,30
Wackykid,azralon,1360,warlock,destruction,86,39,47
Exupery,emerald-dream,1359,warlock,destruction,149,76,73
Cyrus,akama,1358,warlock,destruction,54,35,19
Fireballingx,illidan,1358,warlock,destruction,26,15,11
Hamadan,azralon,1357,warlock,destruction,83,45,38
Vexedconvex,area-52,1357,warlock,destruction,499,245,254
Locksyy,tichondrius,1357,warlock,destruction,59,24,35
Chamansy,darkspear,1355,warlock,destruction,108,56,52
Aksness,stormrage,1355,warlock,destruction,66,30,36
Lovetehbacon,tichondrius,1355,warlock,destruction,87,39,48
Sylestrio,feathermoon,1354,warlock,destruction,60,30,30
Katsby,moon-guard,1354,warlock,destruction,46,23,23
Microd,tichondrius,1353,warlock,destruction,30,15,15
Finnickk,blackrock,1353,warlock,destruction,36,16,20
Pantypeeler,barthilas,1351,warlock,destruction,75,43,32
Kemchaos,illidan,1351,warlock,destruction,118,62,56
Shadow,frostwolf,1350,warlock,destruction,50,18,32
Zénth,kiljaeden,1349,warlock,destruction,58,31,27
Nøvah,tichondrius,1348,warlock,destruction,25,15,10
Abracadavers,ragnaros,1347,warlock,destruction,57,30,27
Morganith,ravenholdt,1347,warlock,destruction,54,20,34
Sumonníng,tichondrius,1346,warlock,destruction,60,33,27
Memon,frostmane,1346,warlock,destruction,114,58,56
Pruevolf,tichondrius,1346,warlock,destruction,116,57,59
Stallrooks,moon-guard,1345,warlock,destruction,29,16,13
Retwarr,tichondrius,1344,warlock,destruction,18,14,4
Thinkchair,sargeras,1344,warlock,destruction,24,14,10
Soulruler,tichondrius,1344,warlock,destruction,24,14,10
Goldielocks,eredar,1343,warlock,destruction,18,14,4
Súpersonic,tichondrius,1343,warlock,destruction,24,14,10
Sktfäker,sargeras,1343,warlock,destruction,24,14,10
Ktlock,frostmourne,1343,warlock,destruction,72,40,32
Nbayoungbolt,altar-of-storms,1342,warlock,destruction,24,14,10
Celestiah,aggramar,1341,warlock,destruction,134,73,61
Miniime,azgalor,1341,warlock,destruction,50,23,27
Spenwarlocka,illidan,1340,warlock,destruction,24,14,10
Kortinanga,tichondrius,1340,warlock,destruction,90,51,39
Buttkins,tichondrius,1340,warlock,destruction,48,25,23
Pocserlock,drakkari,1339,warlock,destruction,27,17,10
Ticklemycrit,kiljaeden,1339,warlock,destruction,30,14,16
Haxlock,azralon,1339,warlock,destruction,64,26,38
Ionithvia,tichondrius,1339,warlock,destruction,42,16,26
Aemma,proudmoore,1338,warlock,destruction,18,14,4
Extinção,azralon,1338,warlock,destruction,64,39,25
Sofan,dalaran,1338,warlock,destruction,24,14,10
Wargllock,tichondrius,1338,warlock,destruction,24,14,10
Famington,tichondrius,1337,warlock,destruction,24,14,10
Nicorot,malganis,1337,warlock,destruction,24,14,10
Scãryz,jubeithos,1336,warlock,destruction,62,35,27
Pabloescobr,tichondrius,1335,warlock,destruction,24,14,10
Nueleth,frostmourne,1335,warlock,destruction,75,35,40
Condevil,quelthalas,1334,warlock,destruction,119,64,55
Lòthloria,mannoroth,1334,warlock,destruction,149,74,75
Liability,zuljin,1334,warlock,destruction,30,14,16
Parrotice,tichondrius,1334,warlock,destruction,41,17,24
Atrabiliario,quelthalas,1334,warlock,destruction,42,17,25
Straightlock,sargeras,1334,warlock,destruction,77,31,46
Bagn,tichondrius,1333,warlock,destruction,32,21,11
Prototyp,azralon,1332,warlock,destruction,24,17,7
Fearedit,bleeding-hollow,1332,warlock,destruction,24,14,10
Mailerdaemön,proudmoore,1332,warlock,destruction,30,14,16
Spongebobjrj,tichondrius,1331,warlock,destruction,36,20,16
Æzi,tichondrius,1331,warlock,destruction,42,23,19
Matdamon,barthilas,1331,warlock,destruction,72,38,34
Lefteexd,tichondrius,1330,warlock,destruction,24,14,10
Semyaza,zuluhed,1330,warlock,destruction,76,43,33
Mariscoveloz,stormrage,1329,warlock,destruction,114,59,55
Thotsanddots,area-52,1328,warlock,destruction,24,16,8
Sixonenine,boulderfist,1328,warlock,destruction,30,14,16
Oony,quelthalas,1328,warlock,destruction,66,27,39
Celeden,emerald-dream,1327,warlock,destruction,36,21,15
Tirzah,frostmourne,1327,warlock,destruction,24,14,10
Harleyjames,ravenholdt,1327,warlock,destruction,30,16,14
Monson,warsong,1327,warlock,destruction,30,14,16
Cursedoll,ragnaros,1327,warlock,destruction,36,15,21
Plagueis,zuluhed,1326,warlock,destruction,31,15,16
Jezzabell,amanthul,1325,warlock,destruction,36,17,19
Insanemids,tichondrius,1325,warlock,destruction,62,29,33
Dessoft,ragnaros,1323,warlock,destruction,48,21,27
Draxxus,barthilas,1323,warlock,destruction,36,15,21
Lockednloade,tichondrius,1322,warlock,destruction,63,36,27
Zephee,queldorei,1322,warlock,destruction,60,34,26
Wizdom,turalyon,1322,warlock,destruction,33,17,16
Jill,thunderhorn,1322,warlock,destruction,36,17,19
Sakuin,bonechewer,1322,warlock,destruction,47,20,27
Bâppo,antonidas,1321,warlock,destruction,24,14,10
Notchinese,kiljaeden,1321,warlock,destruction,96,45,51
Altazor,thunderlord,1321,warlock,destruction,54,22,32
Gòtti,frostmourne,1320,warlock,destruction,24,14,10
Jackscar,windrunner,1320,warlock,destruction,71,40,31
Sieghert,frostmourne,1320,warlock,destruction,30,14,16
Jugerdotz,sargeras,1320,warlock,destruction,30,14,16
Sweetmeat,madoran,1319,warlock,destruction,37,14,23
Provilock,moon-guard,1318,warlock,destruction,31,17,14
Notäçultist,nagrand,1318,warlock,destruction,140,72,68
Dogetrash,tichondrius,1317,warlock,destruction,80,47,33
Munick,spirestone,1317,warlock,destruction,30,15,15
Castngcouch,tichondrius,1316,warlock,destruction,69,35,34
Jannus,wyrmrest-accord,1316,warlock,destruction,68,32,36
Brenda,bleeding-hollow,1315,warlock,destruction,54,31,23
Lockoutz,illidan,1315,warlock,destruction,30,14,16
Lessthanjake,zuljin,1314,warlock,destruction,30,14,16
Pipeo,quelthalas,1313,warlock,destruction,83,46,37
Vlk,barthilas,1313,warlock,destruction,62,23,39
Veditä,goldrinn,1312,warlock,destruction,24,15,9
Felpsychosis,illidan,1312,warlock,destruction,140,73,67
Jecklez,tichondrius,1312,warlock,destruction,135,70,65
Shedara,ragnaros,1311,warlock,destruction,23,14,9
Kabroom,boulderfist,1311,warlock,destruction,24,14,10
Sugmabone,zuluhed,1311,warlock,destruction,66,37,29
Epicgaymer,zuljin,1310,warlock,destruction,32,15,17
Melodyh,laughing-skull,1310,warlock,destruction,42,16,26
Unstablê,ragnaros,1309,warlock,destruction,37,19,18
Striga,staghelm,1309,warlock,destruction,65,28,37
Dotyoazz,tichondrius,1308,warlock,destruction,38,22,16
Lladyyheartt,nesingwary,1308,warlock,destruction,72,36,36
Valerilma,azralon,1308,warlock,destruction,58,29,29
Ezralem,tichondrius,1308,warlock,destruction,77,36,41
Sayatar,ragnaros,1308,warlock,destruction,30,14,16
Muchoprecogo,tichondrius,1306,warlock,destruction,24,14,10
Damerus,illidan,1306,warlock,destruction,30,14,16
Sû,stormrage,1306,warlock,destruction,72,31,41
Karadelice,stormrage,1305,warlock,destruction,66,33,33
Shadü,tichondrius,1304,warlock,destruction,66,28,38
Gscar,area-52,1303,warlock,destruction,48,28,20
Felqueenn,windrunner,1303,warlock,destruction,66,37,29
Krýstál,ragnaros,1303,warlock,destruction,73,40,33
Kboydots,sargeras,1302,warlock,destruction,23,14,9
Llu,tichondrius,1302,warlock,destruction,59,35,24
Zyhq,stormrage,1302,warlock,destruction,78,33,45
Rottgodqt,area-52,1302,warlock,destruction,36,15,21
Soulwipe,dethecus,1301,warlock,destruction,30,14,16
Voidchaos,korgath,1300,warlock,destruction,18,14,4
Felryssa,kiljaeden,1299,warlock,destruction,72,36,36
Valthorion,dathremar,1299,warlock,destruction,34,17,17
Ragingbolts,area-52,1299,warlock,destruction,30,15,15
Getpissed,emerald-dream,1299,warlock,destruction,74,34,40
Tsmcfker,tichondrius,1298,warlock,destruction,24,14,10
Telvanni,sargeras,1298,warlock,destruction,49,28,21
Døtcom,frostmourne,1297,warlock,destruction,76,41,35
Nylíx,stormrage,1297,warlock,destruction,30,15,15
Shadowy,dragonblight,1296,warlock,destruction,36,17,19
Taoloni,stormrage,1296,warlock,destruction,30,14,16
Gwarlocassh,quelthalas,1296,warlock,destruction,63,28,35
Promancer,drakkari,1295,warlock,destruction,21,14,7
Lagcursed,frostmourne,1293,warlock,destruction,42,24,18
Shivalx,tichondrius,1292,warlock,destruction,30,15,15
Thotorina,tichondrius,1292,warlock,destruction,40,19,21
Rauwërrs,azralon,1292,warlock,destruction,55,26,29
Kombat,amanthul,1292,warlock,destruction,71,32,39
Ravikk,dalaran,1290,warlock,destruction,73,31,42
Consumed,area-52,1289,warlock,destruction,33,19,14
Boltsfordays,dalaran,1289,warlock,destruction,104,55,49
Undies,demon-soul,1287,warlock,destruction,78,41,37
Valvravé,malganis,1287,warlock,destruction,83,35,48
Lolimalock,bleeding-hollow,1286,warlock,destruction,35,19,16
Hookslinger,barthilas,1286,warlock,destruction,42,22,20
Blockk,moknathal,1286,warlock,destruction,172,79,93
Bohnd,elune,1286,warlock,destruction,33,15,18
Umdur,zuljin,1286,warlock,destruction,93,41,52
Granlordmilu,azralon,1285,warlock,destruction,36,19,17
Dista,bleeding-hollow,1285,warlock,destruction,152,74,78
Rentblod,azralon,1285,warlock,destruction,35,14,21
Scaryðreams,malganis,1284,warlock,destruction,104,48,56
Wybbukk,wyrmrest-accord,1283,warlock,destruction,24,16,8
Darkboltz,area-52,1283,warlock,destruction,45,26,19
Omegawarlock,quelthalas,1281,warlock,destruction,32,19,13
Zuldar,tichondrius,1281,warlock,destruction,36,21,15
Scrumlock,fenris,1281,warlock,destruction,47,24,23
Covenslave,nemesis,1281,warlock,destruction,341,168,173
Zoluraan,proudmoore,1280,warlock,destruction,51,33,18
Kritza,proudmoore,1280,warlock,destruction,47,21,26
Drstrange,onyxia,1279,warlock,destruction,30,18,12
Botoslap,dragonmaw,1279,warlock,destruction,40,16,24
Sumondeznuts,wyrmrest-accord,1279,warlock,destruction,39,15,24
Darthzugzug,gorefiend,1278,warlock,destruction,72,41,31
Ozgwad,thunderhorn,1277,warlock,destruction,42,19,23
Danoinfelizz,nemesis,1276,warlock,destruction,33,21,12
Avadakedavra,warsong,1276,warlock,destruction,42,22,20
Grendaldots,tichondrius,1273,warlock,destruction,28,14,14
Potatostew,dalaran,1273,warlock,destruction,36,14,22
Darchrow,frostmourne,1272,warlock,destruction,35,14,21
Sutra,tichondrius,1270,warlock,destruction,97,54,43
Derfflinger,tichondrius,1270,warlock,destruction,118,49,69
Xicó,tichondrius,1268,warlock,destruction,106,52,54
Gyxx,exodar,1267,warlock,destruction,27,14,13
Diabhlaí,tichondrius,1266,warlock,destruction,108,57,51
Necrodeath,malygos,1265,warlock,destruction,48,26,22
Griget,runetotem,1265,warlock,destruction,59,28,31
Lukgar,azralon,1263,warlock,destruction,30,15,15
Imprecátion,tichondrius,1262,warlock,destruction,83,33,50
Klapincheeks,malganis,1262,warlock,destruction,87,31,56
Zehr,malganis,1261,warlock,destruction,58,32,26
Moredots,zuljin,1261,warlock,destruction,42,15,27
Stinkychef,hyjal,1259,warlock,destruction,30,19,11
Chermonalbur,draka,1259,warlock,destruction,54,32,22
Gattsonn,kiljaeden,1259,warlock,destruction,42,15,27
Pikkon,malorne,1258,warlock,destruction,30,15,15
Grandpapapa,tichondrius,1258,warlock,destruction,66,25,41
Dotdoctor,thrall,1257,warlock,destruction,69,34,35
Soulfurr,dathremar,1257,warlock,destruction,42,19,23
Mordekhay,tichondrius,1255,warlock,destruction,80,39,41
Felancholy,illidan,1254,warlock,destruction,32,22,10
Florryn,barthilas,1254,warlock,destruction,36,17,19
Ticktóck,ghostlands,1253,warlock,destruction,19,14,5
Ogawalation,stormrage,1253,warlock,destruction,24,14,10
Siliconsnipe,tichondrius,1252,warlock,destruction,24,17,7
Bigdoinks,nagrand,1251,warlock,destruction,73,37,36
Downbad,ysera,1251,warlock,destruction,67,29,38
Daeykras,crushridge,1250,warlock,destruction,63,36,27
Drwolfman,bonechewer,1250,warlock,destruction,98,48,50
Xtwistedteas,tichondrius,1249,warlock,destruction,31,14,17
Revdog,sargeras,1248,warlock,destruction,24,13,11
Picklecatz,barthilas,1247,warlock,destruction,18,13,5
Drainerx,kelthuzad,1247,warlock,destruction,18,13,5
Pressurë,tichondrius,1247,warlock,destruction,18,13,5
Voqo,shandris,1247,warlock,destruction,18,13,5
Whaad,tichondrius,1247,warlock,destruction,18,13,5
Dottzie,malganis,1247,warlock,destruction,18,13,5
Ïmpdance,tichondrius,1247,warlock,destruction,24,13,11
Jandorace,anetheron,1247,warlock,destruction,24,13,11
Kimsoul,zuljin,1247,warlock,destruction,24,13,11
Oymmander,illidan,1247,warlock,destruction,24,13,11
Moonsoaps,moon-guard,1247,warlock,destruction,24,13,11
Ezgamejr,tichondrius,1247,warlock,destruction,30,13,17
Kuhui,lightbringer,1247,warlock,destruction,42,16,26
Djdemolordx,bleeding-hollow,1246,warlock,destruction,18,13,5
Suwook,tichondrius,1246,warlock,destruction,18,13,5
Tarth,sargeras,1246,warlock,destruction,24,13,11
Inaane,thrall,1246,warlock,destruction,24,13,11
Skanckqt,malganis,1246,warlock,destruction,24,13,11
Renatis,malganis,1245,warlock,destruction,21,14,7
Elbrujon,sargeras,1245,warlock,destruction,24,13,11
Toastwl,tichondrius,1244,warlock,destruction,18,13,5
Dreadxbolts,stormrage,1244,warlock,destruction,24,13,11
Riptyler,illidan,1244,warlock,destruction,24,13,11
Alyarn,greymane,1244,warlock,destruction,56,30,26
Gambel,duskwood,1244,warlock,destruction,42,20,22
Vuittøn,barthilas,1243,warlock,destruction,18,13,5
Orelauk,rexxar,1243,warlock,destruction,60,34,26
Maniacal,shattered-halls,1243,warlock,destruction,30,13,17
Luciffer,windrunner,1242,warlock,destruction,22,16,6
Badmir,area-52,1241,warlock,destruction,24,13,11
Cyio,zuljin,1241,warlock,destruction,24,13,11
Zelophobiaz,crushridge,1241,warlock,destruction,24,13,11
Sevokk,stormrage,1241,warlock,destruction,42,18,24
Char,jubeithos,1240,warlock,destruction,18,13,5
Darksdot,barthilas,1240,warlock,destruction,65,25,40
Jnzi,area-52,1239,warlock,destruction,18,13,5
Bowltz,chogall,1239,warlock,destruction,24,13,11
Peeberson,tichondrius,1239,warlock,destruction,30,13,17
Brútek,moon-guard,1237,warlock,destruction,29,15,14
Fearndot,draenor,1236,warlock,destruction,63,29,34
Malchiev,area-52,1236,warlock,destruction,48,21,27
Theovohn,thrall,1236,warlock,destruction,30,13,17
Pacopico,illidan,1235,warlock,destruction,18,13,5
Pandemik,turalyon,1234,warlock,destruction,23,15,8
Ràistlin,madoran,1233,warlock,destruction,29,17,12
Lockabeesha,chogall,1233,warlock,destruction,24,13,11
Azrezzael,area-52,1233,warlock,destruction,24,13,11
Blastyboat,terenas,1233,warlock,destruction,39,15,24
Dalruk,wyrmrest-accord,1232,warlock,destruction,18,13,5
Klatuu,stonemaul,1232,warlock,destruction,24,15,9
Kraynngi,nemesis,1232,warlock,destruction,24,13,11
Nanodingo,tichondrius,1232,warlock,destruction,77,41,36
Gouldon,sargeras,1232,warlock,destruction,52,27,25
Keraj,quelthalas,1232,warlock,destruction,30,14,16
Sylvine,korgath,1232,warlock,destruction,30,13,17
Kärên,proudmoore,1231,warlock,destruction,31,23,8
Sitra,ragnaros,1231,warlock,destruction,40,24,16
Luulloo,proudmoore,1231,warlock,destruction,66,36,30
Windwolff,dalvengyr,1231,warlock,destruction,30,13,17
Jelluz,ghostlands,1230,warlock,destruction,33,16,17
Ðarkbat,ragnaros,1229,warlock,destruction,28,14,14
Dmox,darkspear,1229,warlock,destruction,30,13,17
Radamantîs,ragnaros,1229,warlock,destruction,36,13,23
Verybaked,sargeras,1228,warlock,destruction,39,25,14
Bénn,moon-guard,1228,warlock,destruction,77,49,28
Jjesie,tichondrius,1228,warlock,destruction,30,13,17
Impieties,emerald-dream,1228,warlock,destruction,36,14,22
Faldoras,kalecgos,1227,warlock,destruction,18,13,5
Shaggster,stormrage,1226,warlock,destruction,78,42,36
Regent,nemesis,1226,warlock,destruction,116,54,62
Xdyourd,tichondrius,1225,warlock,destruction,18,13,5
Dirtybóy,tichondrius,1224,warlock,destruction,24,13,11
Mordror,azralon,1224,warlock,destruction,74,38,36
Candykrush,tichondrius,1224,warlock,destruction,26,13,13
Esmaldo,tichondrius,1224,warlock,destruction,43,21,22
Stainn,gallywix,1223,warlock,destruction,33,19,14
Raebolts,area-52,1222,warlock,destruction,24,13,11
Vikkter,tichondrius,1221,warlock,destruction,30,14,16
Nhen,daggerspine,1220,warlock,destruction,155,85,70
Rustý,illidan,1220,warlock,destruction,77,42,35
Enaria,queldorei,1218,warlock,destruction,24,13,11
Lockabuser,tichondrius,1218,warlock,destruction,24,13,11
Gukky,misha,1217,warlock,destruction,149,81,68
Hurriicane,stormrage,1217,warlock,destruction,104,52,52
Tarnish,medivh,1217,warlock,destruction,159,74,85
Cursedtool,quelthalas,1216,warlock,destruction,21,14,7
Schmok,terenas,1216,warlock,destruction,64,33,31
Erevas,area-52,1213,warlock,destruction,24,14,10
Elchileno,drakkari,1213,warlock,destruction,35,19,16
Githany,hyjal,1213,warlock,destruction,24,13,11
Viejitaa,quelthalas,1213,warlock,destruction,28,14,14
Tatemor,barthilas,1213,warlock,destruction,36,13,23
Soulsurvivor,tichondrius,1212,warlock,destruction,36,13,23
Locknloadqq,tichondrius,1210,warlock,destruction,24,13,11
Felinå,hyjal,1206,warlock,destruction,39,24,15
Handler,earthen-ring,1205,warlock,destruction,72,45,27
Shadowndko,ragnaros,1205,warlock,destruction,35,16,19
Superbroly,area-52,1204,warlock,destruction,30,16,14
Ehcsrop,doomhammer,1204,warlock,destruction,116,55,61
Dotess,illidan,1202,warlock,destruction,35,16,19
Blew,bleeding-hollow,1200,warlock,destruction,15,14,1
Mysophobia,frostmourne,1200,warlock,destruction,137,70,67
Cascades,icecrown,1199,warlock,destruction,162,77,85
Burnedout,proudmoore,1196,warlock,destruction,27,17,10
Dokue,kaelthas,1195,warlock,destruction,15,14,1
Zydaria,stormrage,1195,warlock,destruction,36,20,16
Spookyfurry,area-52,1192,warlock,destruction,30,13,17
Bosswarlock,tichondrius,1190,warlock,destruction,24,13,11
Aboode,blackrock,1190,warlock,destruction,65,29,36
Cørruption,emerald-dream,1188,warlock,destruction,47,22,25
Crankshaft,nordrassil,1187,warlock,destruction,30,14,16
Aswrislock,tichondrius,1181,warlock,destruction,18,13,5
Pratticus,stormrage,1180,warlock,destruction,20,13,7
Maldíta,quelthalas,1180,warlock,destruction,117,52,65
Kidsoul,illidan,1178,warlock,destruction,97,46,51
Alyndraxia,malganis,1175,warlock,destruction,22,15,7
Iiferna,sargeras,1174,warlock,destruction,209,99,110
Markov,goldrinn,1174,warlock,destruction,66,28,38
Mocreia,azralon,1173,warlock,destruction,206,99,107
Prinsessdie,proudmoore,1173,warlock,destruction,36,15,21
Kadavara,thrall,1170,warlock,destruction,36,15,21
Phreaky,area-52,1169,warlock,destruction,75,40,35
Ilovedemons,aegwynn,1168,warlock,destruction,42,26,16
Westy,drenden,1168,warlock,destruction,36,22,14
Vamperro,thrall,1168,warlock,destruction,22,13,9
Pancakestack,stormrage,1168,warlock,destruction,155,78,77
Dysxliea,dalaran,1166,warlock,destruction,32,13,19
Edielyth,proudmoore,1165,warlock,destruction,23,13,10
Chodetamer,lethon,1165,warlock,destruction,74,39,35
Tartamuda,ragnaros,1165,warlock,destruction,57,25,32
Yury,scarlet-crusade,1165,warlock,destruction,30,13,17
Goldieloc,sargeras,1164,warlock,destruction,48,28,20
Juniorsalanu,quelthalas,1164,warlock,destruction,48,27,21
Prägä,drakkari,1163,warlock,destruction,20,13,7
Mäléficø,nemesis,1162,warlock,destruction,45,15,30
Aerozyn,wyrmrest-accord,1161,warlock,destruction,30,16,14
Shickeri,thunderlord,1159,warlock,destruction,24,17,7
Clizarisa,moon-guard,1158,warlock,destruction,37,23,14
Totti,tol-barad,1156,warlock,destruction,36,18,18
Ugotmail,thunderlord,1153,warlock,destruction,30,13,17
Dudda,sargeras,1152,warlock,destruction,12,12,0
Livinpink,zuljin,1152,warlock,destruction,18,12,6
Osmatz,area-52,1152,warlock,destruction,18,12,6
Sphoo,tichondrius,1152,warlock,destruction,18,12,6
Kazam,quelthalas,1152,warlock,destruction,36,20,16
Noteko,korgath,1152,warlock,destruction,24,13,11
Koei,tichondrius,1152,warlock,destruction,24,12,12
Blastamastah,tichondrius,1151,warlock,destruction,18,12,6
Soulfinder,tichondrius,1151,warlock,destruction,18,12,6
Jishtructo,frostmourne,1151,warlock,destruction,18,12,6
Magik,balnazzar,1151,warlock,destruction,18,12,6
Shutupthug,illidan,1151,warlock,destruction,18,12,6
Areufearious,sargeras,1151,warlock,destruction,24,12,12
Klol,proudmoore,1151,warlock,destruction,24,12,12
Oceangrownx,emerald-dream,1151,warlock,destruction,24,12,12
Joung,tichondrius,1151,warlock,destruction,25,12,13
Asmit,firetree,1151,warlock,destruction,28,13,15
Zaiocian,tichondrius,1151,warlock,destruction,26,12,14
Pndasrntlegt,burning-blade,1150,warlock,destruction,12,12,0
Nynx,stormrage,1150,warlock,destruction,18,12,6
Ñigorshedøn,area-52,1150,warlock,destruction,18,12,6
Fsx,malganis,1150,warlock,destruction,18,12,6
Prinzheinric,quelthalas,1150,warlock,destruction,69,35,34
Biggbolts,tichondrius,1150,warlock,destruction,24,12,12
Sonovabeech,winterhoof,1150,warlock,destruction,24,12,12
Hoonjojjyanl,tichondrius,1150,warlock,destruction,24,12,12
Soulripped,area-52,1150,warlock,destruction,24,12,12
Khalynd,azralon,1150,warlock,destruction,47,22,25
Lockedyaup,skullcrusher,1150,warlock,destruction,42,19,23
Rezial,illidan,1150,warlock,destruction,30,12,18
Paddywacker,azgalor,1149,warlock,destruction,18,12,6
Anorex,area-52,1149,warlock,destruction,18,12,6
Crumbs,doomhammer,1149,warlock,destruction,18,12,6
Iggyiggy,sargeras,1149,warlock,destruction,24,12,12
Greenbolts,area-52,1149,warlock,destruction,24,12,12
Ole,area-52,1149,warlock,destruction,27,13,14
Nonamehero,tichondrius,1149,warlock,destruction,30,12,18
Pardoned,stormrage,1149,warlock,destruction,30,12,18
Aexsion,moon-guard,1148,warlock,destruction,18,12,6
Poock,goldrinn,1148,warlock,destruction,18,12,6
Tevonsonte,tichondrius,1148,warlock,destruction,24,12,12
Aluridan,azralon,1148,warlock,destruction,30,13,17
Skillful,illidan,1148,warlock,destruction,30,12,18
Omarlil,kelthuzad,1147,warlock,destruction,18,12,6
Toastyybone,hellscream,1147,warlock,destruction,24,12,12
Purraisa,tichondrius,1147,warlock,destruction,24,12,12
Goarage,tichondrius,1147,warlock,destruction,28,13,15
Nadirius,shadowmoon,1146,warlock,destruction,18,12,6
Joromojo,zuljin,1146,warlock,destruction,18,12,6
Matrriixx,proudmoore,1146,warlock,destruction,18,12,6
Impsfordays,sargeras,1146,warlock,destruction,18,12,6
Sibome,stormrage,1146,warlock,destruction,30,12,18
Juwi,nagrand,1145,warlock,destruction,50,26,24
Feoona,hyjal,1145,warlock,destruction,30,12,18
Thânàtös,malganis,1144,warlock,destruction,30,12,18
Marvolö,darkspear,1143,warlock,destruction,30,19,11
Tizl,tichondrius,1143,warlock,destruction,24,12,12
Ritua,dragonmaw,1143,warlock,destruction,24,12,12
Carcine,frostwolf,1143,warlock,destruction,24,12,12
Wakøzi,mugthol,1143,warlock,destruction,24,12,12
Yëët,wildhammer,1142,warlock,destruction,18,12,6
Escro,azgalor,1142,warlock,destruction,82,48,34
Myidas,quelthalas,1142,warlock,destruction,30,12,18
Nadek,tichondrius,1140,warlock,destruction,24,12,12
Xargeras,emerald-dream,1137,warlock,destruction,48,22,26
Snapp,kelthuzad,1137,warlock,destruction,30,12,18
Cogitoergo,stormrage,1136,warlock,destruction,18,12,6
Klaríon,ragnaros,1136,warlock,destruction,21,13,8
Taylôr,proudmoore,1136,warlock,destruction,30,12,18
Haardmode,area-52,1135,warlock,destruction,24,12,12
Pepzz,emerald-dream,1135,warlock,destruction,24,12,12
Albus,skywall,1135,warlock,destruction,36,17,19
Chaosvoid,frostmourne,1134,warlock,destruction,18,12,6
Scentient,jubeithos,1134,warlock,destruction,24,14,10
Sakeer,quelthalas,1134,warlock,destruction,33,15,18
Sankestones,burning-legion,1134,warlock,destruction,30,12,18
Souwantwar,kiljaeden,1133,warlock,destruction,24,12,12
Skullsoul,arthas,1132,warlock,destruction,24,12,12
Dlchem,tichondrius,1126,warlock,destruction,18,12,6
Myshadow,gorefiend,1126,warlock,destruction,48,23,25
Yvonnee,tichondrius,1126,warlock,destruction,102,42,60
Huskir,tichondrius,1125,warlock,destruction,30,12,18
Rageraff,trollbane,1121,warlock,destruction,30,18,12
Mandley,nazgrel,1121,warlock,destruction,30,12,18
Sylorelol,stormreaver,1121,warlock,destruction,42,15,27
Nathalyâ,drakkari,1119,warlock,destruction,104,54,50
Zêphyr,gilneas,1117,warlock,destruction,18,12,6
Cöökïe,tichondrius,1117,warlock,destruction,23,12,11
Trïnîty,tichondrius,1117,warlock,destruction,71,31,40
Beldiinlock,khazgoroth,1116,warlock,destruction,81,38,43
Rodimus,hyjal,1115,warlock,destruction,256,134,122
Thugpenus,frostmane,1115,warlock,destruction,30,15,15
Lilibe,tichondrius,1115,warlock,destruction,77,34,43
Josemb,ragnaros,1114,warlock,destruction,26,14,12
Saraphina,maiev,1113,warlock,destruction,573,278,295
Thulium,dawnbringer,1111,warlock,destruction,18,12,6
Mshyde,gurubashi,1107,warlock,destruction,32,18,14
Esomy,sargeras,1107,warlock,destruction,33,17,16
Darthlockz,illidan,1107,warlock,destruction,30,15,15
Anstik,area-52,1103,warlock,destruction,15,13,2
Infortunium,sargeras,1103,warlock,destruction,18,12,6
Icemanliddel,area-52,1102,warlock,destruction,27,12,15
Ilfucyobit,kelthuzad,1102,warlock,destruction,95,34,61
Hulion,kiljaeden,1100,warlock,destruction,54,21,33
Xenagos,antonidas,1100,warlock,destruction,35,12,23
Gwar,khazgoroth,1099,warlock,destruction,177,81,96
Gritzixx,frostmourne,1098,warlock,destruction,29,12,17
Evillyñ,tichondrius,1097,warlock,destruction,81,40,41
Acribal,quelthalas,1097,warlock,destruction,36,12,24
Tempestzone,barthilas,1096,warlock,destruction,29,16,13
Dreadlock,shadowsong,1095,warlock,destruction,28,13,15
Madgettike,stormrage,1094,warlock,destruction,36,22,14
Cãsh,aegwynn,1094,warlock,destruction,41,14,27
Cassetes,tichondrius,1093,warlock,destruction,17,12,5
Varuuss,ragnaros,1092,warlock,destruction,21,12,9
Mindfulchimp,sargeras,1092,warlock,destruction,23,12,11
Timmerstar,tichondrius,1091,warlock,destruction,54,25,29
Lerooux,hyjal,1090,warlock,destruction,66,28,38
Agramonn,ragnaros,1090,warlock,destruction,71,30,41
Necrotiá,tichondrius,1085,warlock,destruction,17,12,5
Kholdstarev,thunderlord,1085,warlock,destruction,29,12,17
Dualipy,ragnaros,1084,warlock,destruction,20,12,8
Spicý,sargeras,1084,warlock,destruction,63,31,32
Nobuyori,tichondrius,1084,warlock,destruction,42,14,28
Kurmenos,uldum,1082,warlock,destruction,68,41,27
Creambun,barthilas,1078,warlock,destruction,22,12,10
Kracky,tichondrius,1077,warlock,destruction,222,114,108
Bawldimort,stormrage,1077,warlock,destruction,107,52,55
Glifosáto,quelthalas,1075,warlock,destruction,22,14,8
Hawkstalker,thaurissan,1075,warlock,destruction,106,48,58
Valval,moon-guard,1074,warlock,destruction,72,22,50
Wìckedelf,area-52,1072,warlock,destruction,139,70,69
Caramelgodx,stormrage,1072,warlock,destruction,34,12,22
Dixynormis,zuljin,1070,warlock,destruction,23,12,11
Toby,azralon,1066,warlock,destruction,25,12,13
Luke,lightnings-blade,1062,warlock,destruction,18,12,6
Valyona,moon-guard,1061,warlock,destruction,24,14,10
Mogran,twisting-nether,1059,warlock,destruction,30,15,15
Thediaz,quelthalas,1058,warlock,destruction,36,20,16
Caesaros,quelthalas,1057,warlock,destruction,25,12,13
Redsolojdc,tichondrius,1056,warlock,destruction,12,11,1
Bumbleebolts,azralon,1056,warlock,destruction,12,11,1
Rubybestlol,tichondrius,1056,warlock,destruction,18,11,7
Pandasrlegit,burning-blade,1056,warlock,destruction,18,11,7
Lockâsf,tichondrius,1056,warlock,destruction,18,11,7
Bbangtimo,tichondrius,1056,warlock,destruction,24,11,13
Drsmegmaz,dreadmaul,1056,warlock,destruction,24,11,13
Fake,blackrock,1055,warlock,destruction,12,11,1
Edeklock,frostmourne,1055,warlock,destruction,12,11,1
Siddara,garrosh,1055,warlock,destruction,18,11,7
Feardotzrun,illidan,1055,warlock,destruction,18,11,7
Sahdude,illidan,1055,warlock,destruction,18,11,7
Shadowflux,winterhoof,1055,warlock,destruction,18,11,7
Tuzadin,tichondrius,1055,warlock,destruction,18,11,7
Flicks,arthas,1055,warlock,destruction,18,11,7
Karmalock,malganis,1055,warlock,destruction,18,11,7
Pedestal,bleeding-hollow,1055,warlock,destruction,18,11,7
Itstista,proudmoore,1055,warlock,destruction,24,11,13
Moorrt,dragonblight,1055,warlock,destruction,41,18,23
Lowkei,stonemaul,1055,warlock,destruction,72,30,42
Virûs,vashj,1054,warlock,destruction,12,11,1
Yze,sargeras,1054,warlock,destruction,18,11,7
Tinked,stormrage,1054,warlock,destruction,18,11,7
Friggus,azralon,1054,warlock,destruction,18,11,7
Spudzies,bleeding-hollow,1054,warlock,destruction,24,11,13
Lockmetsu,area-52,1054,warlock,destruction,24,11,13
Dunkindots,dalaran,1054,warlock,destruction,24,11,13
Neurotoxiina,azralon,1054,warlock,destruction,90,32,58
Brough,illidan,1054,warlock,destruction,36,11,25
Faënn,zuljin,1053,warlock,destruction,18,11,7
Buffwarlockz,stormrage,1053,warlock,destruction,18,11,7
Pheobebuffay,frostmane,1053,warlock,destruction,25,13,12
Dëvïl,ragnaros,1053,warlock,destruction,24,11,13
Arremon,thrall,1053,warlock,destruction,24,11,13
Nibala,aegwynn,1053,warlock,destruction,30,11,19
Scarysherri,aggramar,1052,warlock,destruction,18,11,7
Vocarion,stormrage,1052,warlock,destruction,18,11,7
Toxishk,tichondrius,1052,warlock,destruction,24,11,13
Virt,anubarak,1052,warlock,destruction,24,11,13
Blanklee,tichondrius,1051,warlock,destruction,12,11,1
Domenic,sentinels,1051,warlock,destruction,16,12,4
Flemball,aegwynn,1051,warlock,destruction,21,12,9
Actiow,stormrage,1050,warlock,destruction,18,11,7
Toxec,barthilas,1050,warlock,destruction,18,11,7
Mxd,ragnaros,1050,warlock,destruction,24,11,13
Unprønuncea,azralon,1050,warlock,destruction,25,11,14
Dotsandchill,dalaran,1049,warlock,destruction,24,11,13
Ilxxllxxll,area-52,1049,warlock,destruction,24,11,13
Lindrasta,proudmoore,1048,warlock,destruction,12,11,1
Shulading,proudmoore,1048,warlock,destruction,18,11,7
Tirp,illidan,1048,warlock,destruction,24,11,13
Irunaways,stormrage,1047,warlock,destruction,18,11,7
Bootyybandit,tichondrius,1047,warlock,destruction,18,11,7
Pokemebutt,hydraxis,1046,warlock,destruction,18,11,7
Trumpthicc,tichondrius,1046,warlock,destruction,24,11,13
Deadlockz,stormrage,1046,warlock,destruction,24,11,13
Ltr,moon-guard,1045,warlock,destruction,18,11,7
Haloren,moon-guard,1044,warlock,destruction,18,11,7
Dopamine,antonidas,1044,warlock,destruction,24,11,13
Soulinite,fizzcrank,1042,warlock,destruction,30,11,19
Begelock,stormrage,1042,warlock,destruction,30,11,19
Reluxify,dalaran,1042,warlock,destruction,30,11,19
Terminall,quelthalas,1041,warlock,destruction,30,12,18
Funnelcakies,area-52,1040,warlock,destruction,24,11,13
Archibalding,area-52,1040,warlock,destruction,27,11,16
Seeword,sargeras,1039,warlock,destruction,18,11,7
Superbvious,lothar,1039,warlock,destruction,148,69,79
Gorskij,frostwolf,1035,warlock,destruction,25,11,14
Zíppen,proudmoore,1034,warlock,destruction,66,32,34
Moknuhg,emerald-dream,1033,warlock,destruction,30,11,19
Wizlox,illidan,1032,warlock,destruction,244,114,130
Warkoc,stormreaver,1031,warlock,destruction,33,12,21
Baiss,tichondrius,1030,warlock,destruction,18,11,7
Kimis,azralon,1029,warlock,destruction,36,22,14
Fidobiu,stormrage,1028,warlock,destruction,48,23,25
Locksoul,area-52,1027,warlock,destruction,78,37,41
Noriaeradra,illidan,1025,warlock,destruction,24,13,11
Valintine,khadgar,1024,warlock,destruction,21,12,9
Getsmoked,moknathal,1023,warlock,destruction,23,11,12
Shendotigans,illidan,1022,warlock,destruction,29,11,18
Cheiff,tichondrius,1020,warlock,destruction,87,36,51
Coheatt,hyjal,1019,warlock,destruction,45,18,27
Dex,jubeithos,1019,warlock,destruction,165,62,103
Vahlgor,thunderlord,1019,warlock,destruction,59,21,38
Sylersa,malganis,1018,warlock,destruction,30,11,19
Xmochahollic,tichondrius,1017,warlock,destruction,254,113,141
Nessro,stormrage,1016,warlock,destruction,24,16,8
Rnicu,bonechewer,1016,warlock,destruction,99,49,50
Solrad,illidan,1016,warlock,destruction,102,50,52
Plaugewolf,azgalor,1015,warlock,destruction,30,15,15
Hugebolts,frostmane,1015,warlock,destruction,24,12,12
Bobthedoc,sargeras,1011,warlock,destruction,23,11,12
Wárbaby,area-52,1011,warlock,destruction,85,39,46
Jonuts,korgath,1010,warlock,destruction,79,39,40
Kklock,frostmourne,1007,warlock,destruction,45,26,19
Jxstinl,tichondrius,1006,warlock,destruction,21,11,10
Faliceu,sargeras,1006,warlock,destruction,26,11,15
Plagué,barthilas,1004,warlock,destruction,21,11,10
Docwildest,area-52,1003,warlock,destruction,17,11,6
Panyc,tichondrius,1002,warlock,destruction,23,11,12
Shardgodx,barthilas,997,warlock,destruction,23,11,12
Alvatio,tichondrius,993,warlock,destruction,36,15,21
Huskee,sargeras,992,warlock,destruction,22,11,11
Qyp,tichondrius,991,warlock,destruction,22,11,11
Valkynaris,chogall,991,warlock,destruction,26,11,15
Earllock,stormrage,990,warlock,destruction,20,11,9
Celestîne,sargeras,988,warlock,destruction,22,11,11
Wingzerø,tichondrius,988,warlock,destruction,23,11,12
Ozric,quelthalas,987,warlock,destruction,20,12,8
Nevermorde,area-52,986,warlock,destruction,23,11,12
Fëâr,trollbane,983,warlock,destruction,24,11,13
Hanoaa,tichondrius,975,warlock,destruction,11,11,0
Kammuany,sargeras,960,warlock,destruction,12,10,2
Icecokepeach,black-dragonflight,960,warlock,destruction,12,10,2
Púp,bleeding-hollow,960,warlock,destruction,12,10,2
Lockbtw,altar-of-storms,960,warlock,destruction,12,10,2
Foxbolt,tichondrius,960,warlock,destruction,12,10,2
Glanis,drakkari,960,warlock,destruction,12,10,2
Afrikenx,tichondrius,960,warlock,destruction,12,10,2
Letmecastpls,tichondrius,960,warlock,destruction,12,10,2
Fxckyuo,tichondrius,960,warlock,destruction,12,10,2
Jaboy,dragonmaw,960,warlock,destruction,12,10,2
Kopium,tichondrius,960,warlock,destruction,12,10,2
Adonegege,tichondrius,960,warlock,destruction,12,10,2
Defukd,proudmoore,960,warlock,destruction,12,10,2
Mesw,tichondrius,960,warlock,destruction,12,10,2
Lilshedon,kelthuzad,960,warlock,destruction,12,10,2
Wolfibi,tichondrius,960,warlock,destruction,12,10,2
Zlippery,barthilas,960,warlock,destruction,16,11,5
Spicyfingerx,illidan,960,warlock,destruction,18,10,8
Baka,moon-guard,960,warlock,destruction,18,10,8
Veryezgame,tichondrius,960,warlock,destruction,18,10,8
Phøbøs,hyjal,960,warlock,destruction,18,10,8
Yuvirayz,illidan,960,warlock,destruction,18,10,8
Busterbob,tichondrius,960,warlock,destruction,18,10,8
Asamsbinladn,illidan,960,warlock,destruction,18,10,8
Reflexlock,malganis,960,warlock,destruction,24,10,14
Krypt,scilla,960,warlock,destruction,24,10,14
Gneçro,area-52,960,warlock,destruction,24,10,14
Tharax,moon-guard,960,warlock,destruction,30,10,20
Daisyridley,frostmourne,959,warlock,destruction,12,10,2
Candylock,blackrock,959,warlock,destruction,12,10,2
Foxar,stormrage,959,warlock,destruction,12,10,2
Percaddict,illidan,959,warlock,destruction,12,10,2
Evierine,zuljin,959,warlock,destruction,12,10,2
Hexxorcism,bleeding-hollow,959,warlock,destruction,12,10,2
Gregfearnrun,area-52,959,warlock,destruction,16,11,5
Dotnrunn,kelthuzad,959,warlock,destruction,18,10,8
Kxäs,ragnaros,959,warlock,destruction,18,10,8
Maquedonia,quelthalas,959,warlock,destruction,18,10,8
Years,moon-guard,959,warlock,destruction,18,10,8
Claus,warsong,959,warlock,destruction,18,10,8
Bktheruler,tichondrius,959,warlock,destruction,18,10,8
Teppss,sargeras,959,warlock,destruction,18,10,8
Roblockz,illidan,959,warlock,destruction,18,10,8
Cursé,area-52,959,warlock,destruction,18,10,8
Mfcalamity,uldum,959,warlock,destruction,18,10,8
Juiçédaddy,aggramar,959,warlock,destruction,18,10,8
Elkane,area-52,959,warlock,destruction,18,10,8
Notatryhard,emerald-dream,959,warlock,destruction,18,10,8
Neccross,azralon,959,warlock,destruction,18,10,8
Demonia,dathremar,959,warlock,destruction,22,11,11
Pykorrg,ragnaros,959,warlock,destruction,24,10,14
Helraz,darkspear,958,warlock,destruction,12,10,2
Wondon,tichondrius,958,warlock,destruction,18,10,8
Taye,barthilas,958,warlock,destruction,18,10,8
Nagasaki,spirestone,958,warlock,destruction,18,10,8
Friendsalt,frostmourne,958,warlock,destruction,18,10,8
Metafin,quelthalas,958,warlock,destruction,18,10,8
Mørgoth,thrall,958,warlock,destruction,18,10,8
Ceeloftw,tichondrius,958,warlock,destruction,18,10,8
Gibkii,tichondrius,958,warlock,destruction,21,11,10
Sourmilkz,zuljin,958,warlock,destruction,24,10,14
Gulliftonan,zuljin,958,warlock,destruction,37,11,26
Xerozus,tichondrius,957,warlock,destruction,18,10,8
Diabolous,malganis,957,warlock,destruction,18,10,8
Kåos,kelthuzad,957,warlock,destruction,18,10,8
Viash,thrall,957,warlock,destruction,18,10,8
Daesire,moon-guard,957,warlock,destruction,18,10,8
Dercrow,quelthalas,957,warlock,destruction,18,10,8
Hellwalker,illidan,957,warlock,destruction,18,10,8
Gilfhunter,hellscream,957,warlock,destruction,24,10,14
Synisterlock,moon-guard,957,warlock,destruction,24,10,14
Tromeo,sargeras,957,warlock,destruction,24,10,14
Sacrifices,sargeras,956,warlock,destruction,12,10,2
Ragnalock,laughing-skull,956,warlock,destruction,18,10,8
Wømanizer,azralon,956,warlock,destruction,18,10,8
Dårkfyre,kiljaeden,956,warlock,destruction,18,10,8
Kunshii,bleeding-hollow,956,warlock,destruction,24,10,14
Raidspot,bleeding-hollow,956,warlock,destruction,24,10,14
Darknuker,wyrmrest-accord,955,warlock,destruction,18,10,8
Chaoticstorm,area-52,955,warlock,destruction,18,10,8
Zaintv,illidan,955,warlock,destruction,18,10,8
Redbro,darkspear,955,warlock,destruction,24,10,14
Hellslayer,frostmourne,955,warlock,destruction,24,10,14
Babydolls,tichondrius,954,warlock,destruction,12,10,2
Mybadyo,dalaran,953,warlock,destruction,16,11,5
Gflowx,tichondrius,953,warlock,destruction,18,10,8
Psionyde,barthilas,953,warlock,destruction,24,10,14
Punjj,jubeithos,952,warlock,destruction,18,10,8
Opëth,thrall,951,warlock,destruction,18,10,8
Huuchie,moon-guard,951,warlock,destruction,18,10,8
Vansa,caelestrasz,951,warlock,destruction,24,10,14
Puscifear,azralon,951,warlock,destruction,30,10,20
Sojupain,kaelthas,950,warlock,destruction,12,10,2
Siphos,proudmoore,949,warlock,destruction,24,10,14
Dmgcrit,destromath,948,warlock,destruction,18,10,8
Cursé,stormrage,944,warlock,destruction,18,10,8
Shadymagic,nazjatar,944,warlock,destruction,40,17,23
Darkhadouken,sargeras,944,warlock,destruction,24,10,14
Zudre,tanaris,942,warlock,destruction,16,11,5
Mystikcloak,lightbringer,938,warlock,destruction,43,23,20
Mìrä,kelthuzad,934,warlock,destruction,23,10,13
Imsupercool,bleeding-hollow,927,warlock,destruction,17,10,7
Aliceðupree,darkspear,927,warlock,destruction,75,32,43
Sargrath,ragnaros,926,warlock,destruction,32,14,18
Astarõth,zuljin,926,warlock,destruction,26,11,15
Sasseypeach,frostmourne,923,warlock,destruction,18,10,8
Wolfib,tichondrius,922,warlock,destruction,23,12,11
Twohandedkil,stormrage,920,warlock,destruction,26,11,15
Djvetis,blackhand,918,warlock,destruction,27,12,15
Anubís,vashj,917,warlock,destruction,23,10,13
Keleiron,velen,916,warlock,destruction,18,10,8
Britnyfears,korgath,915,warlock,destruction,28,10,18
Xekk,wyrmrest-accord,910,warlock,destruction,23,10,13
Lockyy,khaz-modan,904,warlock,destruction,26,11,15
Lunazz,tichondrius,895,warlock,destruction,17,11,6
Fiennx,dalaran,894,warlock,destruction,17,10,7
Rakudemon,ragnaros,894,warlock,destruction,20,10,10
Zzat,area-52,892,warlock,destruction,14,10,4
Ilovedabs,aerie-peak,890,warlock,destruction,22,10,12
Savagetheron,korgath,887,warlock,destruction,18,10,8
Pyria,boulderfist,877,warlock,destruction,13,10,3
Feladrae,wyrmrest-accord,872,warlock,destruction,83,27,56
Matthewx,stormrage,864,warlock,destruction,12,9,3
Lokiy,ragnaros,864,warlock,destruction,12,9,3
Bonita,garona,864,warlock,destruction,12,9,3
Demoabuser,lightnings-blade,864,warlock,destruction,12,9,3
Frustration,darkspear,864,warlock,destruction,12,9,3
Drezx,frostmourne,864,warlock,destruction,12,9,3
Wtfcowisownz,illidan,864,warlock,destruction,12,9,3
Baddummy,tichondrius,864,warlock,destruction,12,9,3
Quickzmaster,blackrock,864,warlock,destruction,12,9,3
Cutefgt,barthilas,864,warlock,destruction,12,9,3
Moóndust,bleeding-hollow,864,warlock,destruction,12,9,3
Animarex,tichondrius,864,warlock,destruction,12,9,3
Pengliyuaner,illidan,864,warlock,destruction,12,9,3
Tstlsl,area-52,864,warlock,destruction,12,9,3
Dingis,bloodscalp,864,warlock,destruction,12,9,3
Khaozx,ragnaros,864,warlock,destruction,12,9,3
Dabú,tichondrius,864,warlock,destruction,12,9,3
Cirï,hellscream,864,warlock,destruction,12,9,3
Crnowarlock,area-52,864,warlock,destruction,12,9,3
Lysitheä,moon-guard,864,warlock,destruction,12,9,3
Rice,lothar,864,warlock,destruction,12,9,3
Voidsoda,whisperwind,864,warlock,destruction,12,9,3
Ziffy,emerald-dream,864,warlock,destruction,12,9,3
Alphaeus,hydraxis,864,warlock,destruction,12,9,3
Conboii,tichondrius,864,warlock,destruction,16,10,6
Particles,proudmoore,864,warlock,destruction,16,10,6
Deatthwish,ragnaros,864,warlock,destruction,21,11,10
Woopie,malfurion,864,warlock,destruction,18,9,9
Miroir,illidan,864,warlock,destruction,18,9,9
Stuffs,wyrmrest-accord,864,warlock,destruction,18,9,9
Voidxo,tichondrius,864,warlock,destruction,18,9,9
Rorvask,area-52,864,warlock,destruction,18,9,9
Bigolehogger,area-52,864,warlock,destruction,18,9,9
Blair,wildhammer,864,warlock,destruction,18,9,9
Fkq,tichondrius,864,warlock,destruction,18,9,9
Drossx,illidan,864,warlock,destruction,18,9,9
Eazyw,stormrage,864,warlock,destruction,18,9,9
Shooff,area-52,863,warlock,destruction,12,9,3
Cannaboltzz,icecrown,863,warlock,destruction,12,9,3
Stambye,ragnaros,863,warlock,destruction,12,9,3
Darkguile,kiljaeden,863,warlock,destruction,12,9,3
Covidcorp,emerald-dream,863,warlock,destruction,12,9,3
Ahrimaan,illidan,863,warlock,destruction,12,9,3
Kathriss,frostmane,863,warlock,destruction,12,9,3
Pleaseno,tichondrius,863,warlock,destruction,12,9,3
Dottemup,dalvengyr,863,warlock,destruction,12,9,3
Slicktrik,stormrage,863,warlock,destruction,12,9,3
Mithlock,azralon,863,warlock,destruction,12,9,3
Glergarby,stormscale,863,warlock,destruction,15,10,5
Rhabdo,ravenholdt,863,warlock,destruction,18,9,9
Maxdamage,blackwater-raiders,863,warlock,destruction,18,9,9
Zoboo,zuljin,863,warlock,destruction,18,9,9
Getlockdlol,stormrage,863,warlock,destruction,18,9,9
Nicsb,caelestrasz,863,warlock,destruction,18,9,9
Rothmar,bleeding-hollow,863,warlock,destruction,18,9,9
Notdiesel,thrall,863,warlock,destruction,18,9,9
Minzyw,illidan,863,warlock,destruction,18,9,9
Durgamon,kirin-tor,863,warlock,destruction,18,9,9
Manethail,aegwynn,863,warlock,destruction,18,9,9
Kyraleth,frostmourne,863,warlock,destruction,18,9,9
Gyuripapa,tichondrius,863,warlock,destruction,18,9,9
Bhalthazar,staghelm,863,warlock,destruction,18,9,9
Firemike,kelthuzad,863,warlock,destruction,18,9,9
Lorenzojrr,sargeras,863,warlock,destruction,18,9,9
Ronnietherat,tichondrius,863,warlock,destruction,18,9,9
Jankity,kelthuzad,863,warlock,destruction,18,9,9
Nethron,the-venture-co,863,warlock,destruction,18,9,9
Cigárillo,thrall,863,warlock,destruction,24,9,15
Rokdas,area-52,863,warlock,destruction,24,9,15
Evianne,skywall,863,warlock,destruction,30,9,21
Mourinhoftw,illidan,862,warlock,destruction,12,9,3
Çhåos,destromath,862,warlock,destruction,12,9,3
Namig,aerie-peak,862,warlock,destruction,12,9,3
Locklockdead,earthen-ring,862,warlock,destruction,12,9,3
Thewkama,tichondrius,862,warlock,destruction,18,9,9
Marbuldan,frostmourne,862,warlock,destruction,18,9,9
Lynnha,wyrmrest-accord,862,warlock,destruction,18,9,9
Dìabolos,frostmourne,862,warlock,destruction,18,9,9
Rainali,tichondrius,862,warlock,destruction,18,9,9
Galamarius,korgath,862,warlock,destruction,18,9,9
Gobvoca,bleeding-hollow,862,warlock,destruction,18,9,9
Duhdotsbruh,trollbane,862,warlock,destruction,18,9,9
Artheás,azralon,862,warlock,destruction,18,9,9
Sanzofunke,area-52,862,warlock,destruction,18,9,9
Breaad,tichondrius,862,warlock,destruction,24,9,15
Tanathoz,thrall,862,warlock,destruction,28,10,18
Aveeda,malganis,861,warlock,destruction,12,9,3
Frdchickiana,tichondrius,861,warlock,destruction,18,9,9
Aruotnof,nemesis,861,warlock,destruction,18,9,9
Aikus,quelthalas,861,warlock,destruction,18,9,9
Blackwlk,tichondrius,861,warlock,destruction,18,9,9
Damdochael,bleeding-hollow,860,warlock,destruction,24,9,15
Veyra,malganis,860,warlock,destruction,24,9,15
Karter,anetheron,860,warlock,destruction,30,9,21
Yelabanxtown,thaurissan,859,warlock,destruction,12,9,3
Demonchurch,area-52,859,warlock,destruction,18,9,9
Fapchat,silvermoon,859,warlock,destruction,18,9,9
Darksòúl,stormrage,859,warlock,destruction,24,9,15
Vicnutz,tichondrius,859,warlock,destruction,30,9,21
Saicinxd,darkspear,858,warlock,destruction,18,9,9
Anubrikhan,wyrmrest-accord,858,warlock,destruction,18,9,9
Lestant,moon-guard,858,warlock,destruction,18,9,9
Corezach,proudmoore,858,warlock,destruction,30,9,21
Rudeuss,kiljaeden,857,warlock,destruction,18,9,9
Sarkahn,sargeras,856,warlock,destruction,12,9,3
Sykosenpai,zuljin,856,warlock,destruction,12,9,3
Shadohz,lightnings-blade,855,warlock,destruction,12,9,3
Chewpawcabra,tichondrius,855,warlock,destruction,23,11,12
Alagau,sargeras,853,warlock,destruction,12,9,3
Kurtcodrain,blackhand,853,warlock,destruction,24,9,15
Anúbis,farstriders,852,warlock,destruction,24,9,15
Klummzy,tichondrius,850,warlock,destruction,18,9,9
Juan,borean-tundra,850,warlock,destruction,24,9,15
Vampir,hellscream,850,warlock,destruction,24,9,15
Doomtome,moon-guard,850,warlock,destruction,38,9,29
Xîon,nagrand,843,warlock,destruction,12,9,3
Deathwishiz,tichondrius,840,warlock,destruction,24,9,15
Lockyßalboa,the-venture-co,835,warlock,destruction,18,9,9
Hayhatchie,nagrand,831,warlock,destruction,17,9,8
Maxfx,tichondrius,830,warlock,destruction,14,10,4
Oppaijuggler,tichondrius,816,warlock,destruction,21,9,12
Cheêsyx,tichondrius,815,warlock,destruction,17,9,8
Chaospump,frostmourne,815,warlock,destruction,17,9,8
Üziel,nemesis,814,warlock,destruction,15,9,6
Sixxlol,malganis,813,warlock,destruction,23,9,14
Dihva,malganis,812,warlock,destruction,21,11,10
Nikôlas,stormrage,811,warlock,destruction,78,30,48
Metamòrph,malganis,810,warlock,destruction,16,10,6
Prenupp,dalaran,806,warlock,destruction,27,11,16
Donutx,illidan,799,warlock,destruction,14,9,5
Middot,area-52,799,warlock,destruction,16,9,7
Freakdoa,blades-edge,794,warlock,destruction,60,22,38
Elyzier,gallywix,786,warlock,destruction,66,27,39
Rôver,crushridge,781,warlock,destruction,21,10,11
Xevari,zuljin,768,warlock,destruction,12,8,4
Smeezles,frostmourne,768,warlock,destruction,12,8,4
Kápz,darkspear,768,warlock,destruction,12,8,4
Beckypls,zuljin,768,warlock,destruction,12,8,4
Rhelialock,icecrown,768,warlock,destruction,12,8,4
Fischh,hyjal,768,warlock,destruction,12,8,4
Ronaspreader,tichondrius,768,warlock,destruction,12,8,4
Skylinel,tichondrius,768,warlock,destruction,12,8,4
Aptukk,archimonde,768,warlock,destruction,12,8,4
Narzhul,drakkari,768,warlock,destruction,12,8,4
Ohthemisery,sargeras,768,warlock,destruction,12,8,4
Levee,spirestone,768,warlock,destruction,12,8,4
Warlocknroll,frostmourne,768,warlock,destruction,12,8,4
Elldiablo,darkspear,768,warlock,destruction,12,8,4
Mcsquee,lightbringer,768,warlock,destruction,12,8,4
Conboi,tichondrius,768,warlock,destruction,12,8,4
Idoovoodoo,burning-legion,768,warlock,destruction,12,8,4
Discordance,zuljin,768,warlock,destruction,12,8,4
Annantu,area-52,768,warlock,destruction,12,8,4
Ayedss,dalaran,768,warlock,destruction,12,8,4
Flackory,tichondrius,768,warlock,destruction,12,8,4
Shinagae,tichondrius,768,warlock,destruction,12,8,4
Clorvenna,zuljin,768,warlock,destruction,12,8,4
Tylennidar,black-dragonflight,768,warlock,destruction,12,8,4
Slackjaww,kiljaeden,768,warlock,destruction,12,8,4
Gamecover,azralon,768,warlock,destruction,12,8,4
Rebolting,tichondrius,768,warlock,destruction,12,8,4
Felegance,proudmoore,768,warlock,destruction,12,8,4
Hipnus,drakkari,768,warlock,destruction,12,8,4
Stíngz,nemesis,768,warlock,destruction,12,8,4
Arckádia,stormrage,768,warlock,destruction,12,8,4
Necroferal,whisperwind,768,warlock,destruction,12,8,4
Searinox,scilla,768,warlock,destruction,12,8,4
Soliaa,stormrage,768,warlock,destruction,12,8,4
Esolock,malganis,768,warlock,destruction,12,8,4
Koalafluffy,shadow-council,768,warlock,destruction,12,8,4
Elprup,tichondrius,768,warlock,destruction,12,8,4
Diznei,nemesis,768,warlock,destruction,12,8,4
Munje,bleeding-hollow,768,warlock,destruction,12,8,4
Chaoscoach,sargeras,768,warlock,destruction,12,8,4
Postitnotes,tichondrius,768,warlock,destruction,12,8,4
Flavakid,malganis,768,warlock,destruction,12,8,4
Bopplock,tichondrius,768,warlock,destruction,12,8,4
Warcoc,bleeding-hollow,768,warlock,destruction,12,8,4
Elcidz,tichondrius,768,warlock,destruction,12,8,4
Dumbfknclass,malganis,768,warlock,destruction,12,8,4
Westtung,tichondrius,768,warlock,destruction,13,8,5
Nyhn,bleeding-hollow,768,warlock,destruction,13,8,5
Metic,firetree,768,warlock,destruction,16,9,7
Kallym,azralon,768,warlock,destruction,18,8,10
Demfearslol,terokkar,768,warlock,destruction,18,8,10
Rashiko,bleeding-hollow,768,warlock,destruction,18,8,10
Viejita,quelthalas,768,warlock,destruction,18,8,10
Dethknell,stormrage,768,warlock,destruction,18,8,10
Westhofxx,sargeras,768,warlock,destruction,18,8,10
Oxtheog,sargeras,768,warlock,destruction,18,8,10
Iniboltquity,tichondrius,768,warlock,destruction,18,8,10
Coil,kiljaeden,767,warlock,destruction,12,8,4
Wartoyy,uldum,767,warlock,destruction,12,8,4
Xaviier,sargeras,767,warlock,destruction,12,8,4
Yonz,area-52,767,warlock,destruction,12,8,4
Accentuate,tichondrius,767,warlock,destruction,12,8,4
Kruder,tichondrius,767,warlock,destruction,12,8,4
Alastoorx,ragnaros,767,warlock,destruction,12,8,4
Feldune,sargeras,767,warlock,destruction,12,8,4
Doman,thorium-brotherhood,767,warlock,destruction,12,8,4
Impbisqit,stormrage,767,warlock,destruction,12,8,4
Darthtequila,stormrage,767,warlock,destruction,12,8,4
Incantation,moon-guard,767,warlock,destruction,12,8,4
Amidone,bleeding-hollow,767,warlock,destruction,16,9,7
Marlett,destromath,767,warlock,destruction,187,92,95
Shikyo,lightnings-blade,767,warlock,destruction,18,8,10
Misscháos,malganis,767,warlock,destruction,18,8,10
Mangdaemon,silvermoon,767,warlock,destruction,18,8,10
Síkaría,malganis,767,warlock,destruction,18,8,10
Abramerlin,tichondrius,767,warlock,destruction,18,8,10
Babubabub,azralon,767,warlock,destruction,18,8,10
Skirnir,tichondrius,767,warlock,destruction,18,8,10
Lokkup,dalaran,767,warlock,destruction,18,8,10
Aldaill,moon-guard,767,warlock,destruction,18,8,10
Dotcòm,illidan,767,warlock,destruction,18,8,10
Katsurägi,tichondrius,767,warlock,destruction,18,8,10
Felpuppet,barthilas,767,warlock,destruction,18,8,10
Says,gorefiend,767,warlock,destruction,18,8,10
Slysdexia,sargeras,767,warlock,destruction,18,8,10
Spicytaters,malganis,767,warlock,destruction,24,8,16
Veleseth,stormrage,767,warlock,destruction,24,8,16
Necrófear,tichondrius,767,warlock,destruction,24,8,16
Itsmeagain,area-52,767,warlock,destruction,24,8,16
Devdolittle,tichondrius,766,warlock,destruction,12,8,4
Raglans,amanthul,766,warlock,destruction,12,8,4
Dinkydeen,area-52,766,warlock,destruction,12,8,4
Assaulttron,wyrmrest-accord,766,warlock,destruction,12,8,4
Doomers,frostmourne,766,warlock,destruction,12,8,4
Enur,malganis,766,warlock,destruction,12,8,4
Cytosine,medivh,766,warlock,destruction,18,8,10
Abyssamcdoom,sargeras,766,warlock,destruction,18,8,10
Seniorshneef,emerald-dream,766,warlock,destruction,18,8,10
Uncann,bleeding-hollow,766,warlock,destruction,18,8,10
Padlockk,dalaran,766,warlock,destruction,30,8,22
Rurnt,bloodhoof,765,warlock,destruction,12,8,4
Lizzosize,tichondrius,765,warlock,destruction,12,8,4
Spiritofodin,grizzly-hills,765,warlock,destruction,12,8,4
Wrathfull,malganis,765,warlock,destruction,12,8,4
Wyrmsteez,tichondrius,765,warlock,destruction,18,8,10
Wakkundoe,tichondrius,765,warlock,destruction,24,8,16
Guinegobbler,hyjal,764,warlock,destruction,20,8,12
Esoo,kul-tiras,763,warlock,destruction,12,8,4
Iamfear,shuhalo,763,warlock,destruction,18,8,10
Caryn,dalaran,763,warlock,destruction,18,8,10
Speedlock,daggerspine,763,warlock,destruction,24,8,16
Theadmin,deathwing,763,warlock,destruction,30,8,22
Djfear,tichondrius,762,warlock,destruction,18,8,10
Nightblloom,illidan,762,warlock,destruction,18,8,10
Disrespex,kelthuzad,762,warlock,destruction,18,8,10
Degynlock,wyrmrest-accord,762,warlock,destruction,24,8,16
Shooterg,tichondrius,761,warlock,destruction,18,8,10
Soderbergh,area-52,760,warlock,destruction,24,8,16
Schwaan,bladefist,757,warlock,destruction,12,8,4
Voidsoul,garithos,754,warlock,destruction,18,8,10
Ðêcimatê,frostmourne,744,warlock,destruction,18,10,8
Fellraiser,bleeding-hollow,720,warlock,destruction,15,8,7
Notoriusmma,illidan,720,warlock,destruction,19,10,9
Sotera,bleeding-hollow,719,warlock,destruction,11,8,3
Thuglovex,sargeras,719,warlock,destruction,11,8,3
Bradella,proudmoore,718,warlock,destruction,15,8,7
Silverfire,ragnaros,718,warlock,destruction,17,8,9
Lökdown,dalaran,714,warlock,destruction,15,11,4
Júbeka,drakkari,714,warlock,destruction,20,9,11
Zycas,tichondrius,713,warlock,destruction,17,10,7
Lilsquirts,kelthuzad,704,warlock,destruction,16,8,8
Disclamer,tichondrius,704,warlock,destruction,16,8,8
Cubanlock,aegwynn,703,warlock,destruction,11,8,3
Tinyjo,sargeras,703,warlock,destruction,11,8,3
Ihaveapowers,maiev,703,warlock,destruction,11,8,3
Bäbz,barthilas,703,warlock,destruction,11,8,3
Demotional,wyrmrest-accord,703,warlock,destruction,14,8,6
Liljamie,stormrage,703,warlock,destruction,17,8,9
Playdizzle,frostmourne,703,warlock,destruction,20,8,12
Nozixx,thrall,703,warlock,destruction,22,8,14
Screampied,sargeras,699,warlock,destruction,20,8,12
Surleshilla,malganis,688,warlock,destruction,19,8,11
Boltondahoes,sargeras,686,warlock,destruction,13,8,5
Zunlock,tichondrius,681,warlock,destruction,26,11,15
Getfeared,emerald-dream,672,warlock,destruction,10,8,2
Suminl,tichondrius,672,warlock,destruction,12,7,5
Westhofz,sargeras,672,warlock,destruction,12,7,5
Necrotko,malganis,672,warlock,destruction,12,7,5
Rockalock,burning-blade,672,warlock,destruction,12,7,5
Javinou,tichondrius,672,warlock,destruction,12,7,5
Kimchiblast,tichondrius,672,warlock,destruction,12,7,5
Dplexs,jubeithos,672,warlock,destruction,12,7,5
Deidax,sargeras,672,warlock,destruction,12,7,5
Kountdrakula,tichondrius,672,warlock,destruction,12,7,5
Yellowfevr,thrall,672,warlock,destruction,12,7,5
Ouijafaps,sargeras,672,warlock,destruction,12,7,5
Uggaboogga,malganis,672,warlock,destruction,12,7,5
Stîgz,stormrage,672,warlock,destruction,12,7,5
Furryfears,gurubashi,672,warlock,destruction,12,7,5
Diablox,silvermoon,672,warlock,destruction,12,7,5
Morganach,moon-guard,672,warlock,destruction,12,7,5
Bigjersey,illidan,672,warlock,destruction,12,7,5
Dealindoug,bonechewer,672,warlock,destruction,12,7,5
Elanfel,thrall,672,warlock,destruction,12,7,5
Schlutty,malganis,672,warlock,destruction,12,7,5
Mesiauz,stormrage,672,warlock,destruction,12,7,5
Monkeyasslol,sargeras,672,warlock,destruction,12,7,5
Inmøtíøn,tichondrius,672,warlock,destruction,12,7,5
Dötkill,illidan,672,warlock,destruction,12,7,5
Frùgle,sargeras,672,warlock,destruction,12,7,5
Snikpan,silver-hand,672,warlock,destruction,12,7,5
Rothslock,tichondrius,672,warlock,destruction,12,7,5
Méphisto,emerald-dream,672,warlock,destruction,12,7,5
Tomathus,moon-guard,672,warlock,destruction,12,7,5
Brujoroba,drakkari,672,warlock,destruction,12,7,5
Glizzÿ,thrall,672,warlock,destruction,12,7,5
Sylvarri,stormrage,672,warlock,destruction,12,7,5
Walleyemike,kelthuzad,672,warlock,destruction,12,7,5
Mokfernal,tichondrius,672,warlock,destruction,12,7,5
Khartric,kelthuzad,672,warlock,destruction,12,7,5
Locker,darkspear,672,warlock,destruction,12,7,5
Callofzevoid,tichondrius,672,warlock,destruction,12,7,5
Demí,zuljin,672,warlock,destruction,12,7,5
Milkybøng,area-52,672,warlock,destruction,12,7,5
Dipgodx,bleeding-hollow,672,warlock,destruction,12,7,5
Pillock,bleeding-hollow,672,warlock,destruction,12,7,5
Buypork,tichondrius,672,warlock,destruction,12,7,5
Afflackxl,sargeras,672,warlock,destruction,12,7,5
Dotlockndrop,stormreaver,672,warlock,destruction,12,7,5
Dätura,tichondrius,672,warlock,destruction,12,7,5
Puvvo,tichondrius,672,warlock,destruction,12,7,5
Phishdots,tichondrius,672,warlock,destruction,12,7,5
Cancer,bloodscalp,672,warlock,destruction,12,7,5
Drakatat,tichondrius,672,warlock,destruction,12,7,5
Yeeaahhbuddy,frostmourne,672,warlock,destruction,12,7,5
Tamzin,kelthuzad,672,warlock,destruction,12,7,5
Kuaa,illidan,672,warlock,destruction,12,7,5
Iboltudie,tichondrius,672,warlock,destruction,12,7,5
Alterity,kelthuzad,672,warlock,destruction,12,7,5
Qayin,azralon,672,warlock,destruction,12,7,5
Alìen,barthilas,672,warlock,destruction,12,7,5
Felforyouu,illidan,672,warlock,destruction,12,7,5
Aegywn,gorgonnash,672,warlock,destruction,12,7,5
Fantumz,illidan,672,warlock,destruction,12,7,5
Clingrita,tichondrius,672,warlock,destruction,12,7,5
Tatordotzz,tichondrius,672,warlock,destruction,12,7,5
Charognart,lightninghoof,672,warlock,destruction,12,7,5
Axetoss,stormrage,672,warlock,destruction,17,9,8
Errogant,area-52,672,warlock,destruction,18,7,11
Dilonlock,area-52,672,warlock,destruction,18,7,11
Spacedots,illidan,672,warlock,destruction,18,7,11
Vihxy,moon-guard,672,warlock,destruction,18,7,11
Gabagøøl,illidan,672,warlock,destruction,18,7,11
Pinkless,frostmourne,672,warlock,destruction,18,7,11
Bergerak,tichondrius,672,warlock,destruction,18,7,11
Insànity,bleeding-hollow,672,warlock,destruction,18,7,11
Zareke,silvermoon,672,warlock,destruction,18,7,11
Ivanux,quelthalas,672,warlock,destruction,18,7,11
Anasúi,quelthalas,672,warlock,destruction,18,7,11
Lilintrovert,illidan,672,warlock,destruction,18,7,11
Modot,tichondrius,672,warlock,destruction,18,7,11
Zantology,frostmourne,672,warlock,destruction,18,7,11
Butterbolts,aerie-peak,672,warlock,destruction,18,7,11
Luciusvrenus,tichondrius,672,warlock,destruction,18,7,11
Crenth,ravencrest,671,warlock,destruction,12,7,5
Biznam,tichondrius,671,warlock,destruction,12,7,5
Shadowpainn,the-underbog,671,warlock,destruction,12,7,5
Choas,jaedenar,671,warlock,destruction,12,7,5
Drskeeters,malganis,671,warlock,destruction,12,7,5
Azâziel,ragnaros,671,warlock,destruction,12,7,5
Leroybrown,alterac-mountains,671,warlock,destruction,12,7,5
Lockblade,tichondrius,671,warlock,destruction,12,7,5
Espanol,magtheridon,671,warlock,destruction,12,7,5
Numbz,malganis,671,warlock,destruction,12,7,5
Zms,ragnaros,671,warlock,destruction,12,7,5
Bhupzy,barthilas,671,warlock,destruction,12,7,5
Mérli,quelthalas,671,warlock,destruction,12,7,5
Krillz,quelthalas,671,warlock,destruction,12,7,5
Deathtones,moon-guard,671,warlock,destruction,12,7,5
Briside,malganis,671,warlock,destruction,12,7,5
Demosthenes,nazjatar,671,warlock,destruction,12,7,5
Hudsonse,eitrigg,671,warlock,destruction,12,7,5
Norastrum,area-52,671,warlock,destruction,12,7,5
Zyraxx,moon-guard,671,warlock,destruction,12,7,5
Pendïng,area-52,671,warlock,destruction,12,7,5
Zhing,frostmourne,671,warlock,destruction,12,7,5
Sorenbjerga,zuljin,671,warlock,destruction,12,7,5
Grimzo,mugthol,671,warlock,destruction,12,7,5
Darthgoku,area-52,671,warlock,destruction,12,7,5
Yungwilly,silvermoon,671,warlock,destruction,18,7,11
Purplehatred,area-52,671,warlock,destruction,18,7,11
Arkangel,dalvengyr,671,warlock,destruction,18,7,11
Vorituuray,moon-guard,671,warlock,destruction,18,7,11
Kachauwoo,kiljaeden,671,warlock,destruction,18,7,11
Lübelock,illidan,671,warlock,destruction,18,7,11
Vetislock,thrall,671,warlock,destruction,18,7,11
Fulc,area-52,671,warlock,destruction,18,7,11
Wollylock,dark-iron,671,warlock,destruction,18,7,11
Jvilla,tichondrius,671,warlock,destruction,18,7,11
Familjia,nagrand,671,warlock,destruction,24,7,17
Damienn,wyrmrest-accord,670,warlock,destruction,12,7,5
Amilkman,area-52,670,warlock,destruction,12,7,5
Tørturë,tichondrius,670,warlock,destruction,12,7,5
Dipndøtz,illidan,670,warlock,destruction,12,7,5
Cazadorius,jubeithos,670,warlock,destruction,13,7,6
Cynissel,sargeras,670,warlock,destruction,13,7,6
Graced,stormrage,670,warlock,destruction,18,7,11
Monstir,sargeras,670,warlock,destruction,18,7,11
Heartpvp,tichondrius,670,warlock,destruction,18,7,11
Kristenßell,senjin,669,warlock,destruction,12,7,5
Otus,echo-isles,669,warlock,destruction,12,7,5
Revenancer,smolderthorn,669,warlock,destruction,12,7,5
Ailliforlune,illidan,669,warlock,destruction,22,8,14
Strax,shattered-hand,668,warlock,destruction,18,7,11
Sneakywarlok,dalaran,668,warlock,destruction,19,7,12
Anahaldever,fenris,667,warlock,destruction,12,7,5
Deathjerky,thrall,667,warlock,destruction,12,7,5
Nicestrike,barthilas,666,warlock,destruction,12,7,5
Locknchaos,jubeithos,666,warlock,destruction,12,7,5
Twixx,bleeding-hollow,666,warlock,destruction,12,7,5
Gùldán,tichondrius,665,warlock,destruction,12,7,5
Giiada,korgath,665,warlock,destruction,15,8,7
Fartonomus,illidan,658,warlock,destruction,18,7,11
Saltboi,azjolnerub,640,warlock,destruction,16,7,9
Truffleseed,tichondrius,640,warlock,destruction,16,7,9
Felse,stormrage,640,warlock,destruction,22,7,15
Voidxx,tichondrius,639,warlock,destruction,11,7,4
Greenwarlock,bleeding-hollow,639,warlock,destruction,14,8,6
Rickylakess,ragnaros,639,warlock,destruction,17,7,10
Demondan,magtheridon,638,warlock,destruction,23,7,16
Hateslocks,bladefist,637,warlock,destruction,22,7,15
Pandemone,proudmoore,624,warlock,destruction,15,7,8
Pashe,hyjal,624,warlock,destruction,21,7,14
Conboee,tichondrius,623,warlock,destruction,11,7,4
Seregå,skywall,623,warlock,destruction,11,7,4
Helpimdýing,sargeras,622,warlock,destruction,21,7,14
Ashdan,area-52,621,warlock,destruction,17,7,10
Ganondolph,sargeras,618,warlock,destruction,15,8,7
Marty,stormrage,618,warlock,destruction,21,8,13
Lazzarros,area-52,618,warlock,destruction,22,8,14
Pontoontim,mugthol,617,warlock,destruction,20,8,12
Fancynuts,kiljaeden,607,warlock,destruction,11,7,4
Perfsx,bleeding-hollow,607,warlock,destruction,14,7,7
Huajianmanwu,tichondrius,607,warlock,destruction,14,7,7
Furrlokc,tichondrius,607,warlock,destruction,16,7,9
Prahvstein,shuhalo,602,warlock,destruction,14,7,7
Studathlete,tichondrius,592,warlock,destruction,13,7,6
Freyanna,moon-guard,588,warlock,destruction,19,7,12
Baconmuffin,tichondrius,576,warlock,destruction,6,6,0
Guitarpick,kelthuzad,576,warlock,destruction,6,6,0
Mitchosx,frostmourne,576,warlock,destruction,6,6,0
Gabbagoul,sargeras,576,warlock,destruction,6,6,0
Zyntowin,bleeding-hollow,576,warlock,destruction,6,6,0
Jblock,zuljin,576,warlock,destruction,6,6,0
Fears,norgannon,576,warlock,destruction,6,6,0
Demondrip,tichondrius,576,warlock,destruction,6,6,0
Usainboltzz,kelthuzad,576,warlock,destruction,6,6,0
Raghnor,illidan,576,warlock,destruction,6,6,0
Baiw,tichondrius,576,warlock,destruction,6,6,0
Notstingz,azralon,576,warlock,destruction,6,6,0
Alexiosy,area-52,576,warlock,destruction,6,6,0
Margyy,illidan,576,warlock,destruction,6,6,0
Damn,stormreaver,576,warlock,destruction,6,6,0
Malevolent,velen,576,warlock,destruction,6,6,0
Bivvix,malganis,576,warlock,destruction,6,6,0
Paratex,thrall,576,warlock,destruction,6,6,0
Lockhippo,illidan,576,warlock,destruction,6,6,0
Sukmypeker,area-52,576,warlock,destruction,6,6,0
Yzqer,stormrage,576,warlock,destruction,6,6,0
Winipuhmalo,quelthalas,576,warlock,destruction,6,6,0
Hypexis,area-52,576,warlock,destruction,6,6,0
Kòngal,tichondrius,576,warlock,destruction,6,6,0
Schrader,sargeras,576,warlock,destruction,6,6,0
Menggoth,tichondrius,576,warlock,destruction,6,6,0
Dancedark,tichondrius,576,warlock,destruction,6,6,0
Deliverances,kelthuzad,576,warlock,destruction,9,7,2
Sneakeypeet,sargeras,576,warlock,destruction,8,6,2
Broovid,tichondrius,576,warlock,destruction,13,7,6
Bolèyn,moon-guard,576,warlock,destruction,12,6,6
Impabuser,tichondrius,576,warlock,destruction,12,6,6
Pâni,azralon,576,warlock,destruction,12,6,6
Shigero,tichondrius,576,warlock,destruction,12,6,6
Riskydemon,azralon,576,warlock,destruction,12,6,6
Thalura,azralon,576,warlock,destruction,12,6,6
Justignoreme,tichondrius,576,warlock,destruction,12,6,6
Wonderlocks,sargeras,576,warlock,destruction,12,6,6
Zeromech,sargeras,576,warlock,destruction,12,6,6
Manalis,zuljin,576,warlock,destruction,12,6,6
Hiro,steamwheedle-cartel,576,warlock,destruction,12,6,6
Kentus,moonrunner,576,warlock,destruction,12,6,6
Baconmarty,emerald-dream,576,warlock,destruction,12,6,6
Jessewheels,tichondrius,576,warlock,destruction,12,6,6
Tonifortnite,emerald-dream,576,warlock,destruction,12,6,6
Bhris,wildhammer,576,warlock,destruction,12,6,6
Vietoutlaw,bronzebeard,576,warlock,destruction,12,6,6
Pepperbolt,emerald-dream,576,warlock,destruction,12,6,6
Smashfacelck,tichondrius,576,warlock,destruction,12,6,6
Limeriax,emerald-dream,576,warlock,destruction,12,6,6
Imortalchaos,dentarg,576,warlock,destruction,12,6,6
Sadist,area-52,576,warlock,destruction,12,6,6
Beamin,dentarg,576,warlock,destruction,12,6,6
Innerforce,tichondrius,576,warlock,destruction,12,6,6
Kerës,sargeras,576,warlock,destruction,12,6,6
Cunalia,sargeras,576,warlock,destruction,12,6,6
Andrewpg,zuljin,576,warlock,destruction,12,6,6
Chabolt,tichondrius,576,warlock,destruction,12,6,6
Crimsonela,emerald-dream,576,warlock,destruction,12,6,6
Massivebolts,area-52,576,warlock,destruction,12,6,6
Zephidel,thrall,576,warlock,destruction,12,6,6
Kreemy,ysera,576,warlock,destruction,12,6,6
Wrongname,hakkar,576,warlock,destruction,12,6,6
Stonks,ragnaros,576,warlock,destruction,12,6,6
Åchse,ragnaros,576,warlock,destruction,12,6,6
Lambe,tichondrius,576,warlock,destruction,12,6,6
Athronak,malganis,576,warlock,destruction,12,6,6
Cosmosxi,illidan,576,warlock,destruction,12,6,6
Velvalla,chogall,576,warlock,destruction,12,6,6
Lockboss,malganis,576,warlock,destruction,12,6,6
Äbolished,illidan,576,warlock,destruction,12,6,6
Legallydan,tichondrius,576,warlock,destruction,12,6,6
Gagh,tichondrius,576,warlock,destruction,12,6,6
Girthlock,tichondrius,576,warlock,destruction,12,6,6
Charmandfarm,nerzhul,576,warlock,destruction,12,6,6
Souldrain,malganis,576,warlock,destruction,12,6,6
Iemonv,vashj,576,warlock,destruction,12,6,6
Kulgar,aerie-peak,576,warlock,destruction,12,6,6
Lucíela,ragnaros,576,warlock,destruction,12,6,6
Doomhauzer,kiljaeden,576,warlock,destruction,12,6,6
Synysta,frostmourne,576,warlock,destruction,12,6,6
Ryzhen,area-52,576,warlock,destruction,12,6,6
Karpawarlock,ragnaros,576,warlock,destruction,12,6,6
Zedonius,dragonmaw,576,warlock,destruction,12,6,6
Sumrule,dreadmaul,576,warlock,destruction,12,6,6
Bléssédx,tichondrius,576,warlock,destruction,12,6,6
Lockmeupuwu,malganis,576,warlock,destruction,12,6,6
Flu,darkspear,576,warlock,destruction,12,6,6
Geegas,malganis,576,warlock,destruction,12,6,6
Squirtwee,frostmourne,576,warlock,destruction,12,6,6
Maèlstrom,area-52,576,warlock,destruction,12,6,6
Gengar,dalaran,576,warlock,destruction,12,6,6
Tlock,azjolnerub,576,warlock,destruction,12,6,6
Ðáyshéll,kelthuzad,576,warlock,destruction,12,6,6
Drßöb,area-52,576,warlock,destruction,12,6,6
Coffeezx,malganis,576,warlock,destruction,12,6,6
Quadrillion,stormrage,576,warlock,destruction,12,6,6
Sn,dalaran,576,warlock,destruction,12,6,6
Tomato,azjolnerub,576,warlock,destruction,12,6,6
Graingrippin,malganis,576,warlock,destruction,12,6,6
Beerbolt,dalaran,576,warlock,destruction,12,6,6
Jingzw,illidan,576,warlock,destruction,12,6,6
Chipt,kelthuzad,576,warlock,destruction,12,6,6
Salentsia,malganis,576,warlock,destruction,12,6,6
Betrili,tichondrius,576,warlock,destruction,12,6,6
Medusablood,area-52,576,warlock,destruction,12,6,6
Pavél,ragnaros,576,warlock,destruction,12,6,6
Lri,frostmourne,576,warlock,destruction,12,6,6
Chaosboltss,tichondrius,576,warlock,destruction,12,6,6
Vravras,kelthuzad,576,warlock,destruction,12,6,6
Eboknight,area-52,576,warlock,destruction,12,6,6
Ellipsispain,bleeding-hollow,576,warlock,destruction,13,6,7
Marinw,azralon,576,warlock,destruction,16,7,9
Berszerk,quelthalas,576,warlock,destruction,18,6,12
Emptysoul,illidan,576,warlock,destruction,18,6,12
Pitou,akama,576,warlock,destruction,18,6,12
Hellsmaster,stormreaver,576,warlock,destruction,18,6,12
Decentraland,tichondrius,576,warlock,destruction,18,6,12
Curaven,emerald-dream,576,warlock,destruction,18,6,12
Lõck,tichondrius,576,warlock,destruction,18,6,12
Klisman,azralon,576,warlock,destruction,18,6,12
Wzrdtrx,deathwing,576,warlock,destruction,18,6,12
Lenestus,stormrage,576,warlock,destruction,18,6,12
Esoteríc,sargeras,576,warlock,destruction,18,6,12
Moxilli,malganis,576,warlock,destruction,18,6,12
Jinxdacat,shandris,576,warlock,destruction,18,6,12
Krillzonee,dalaran,576,warlock,destruction,18,6,12
Møs,proudmoore,576,warlock,destruction,18,6,12
Coviddotsrot,sargeras,576,warlock,destruction,18,6,12
Tenletters,kirin-tor,576,warlock,destruction,18,6,12
Lamdyn,moon-guard,576,warlock,destruction,18,6,12
Plutheros,stormrage,576,warlock,destruction,18,6,12
Kkuldan,tichondrius,576,warlock,destruction,24,6,18
Spamfearftw,sargeras,575,warlock,destruction,6,6,0
Rosebolt,nemesis,575,warlock,destruction,6,6,0
Drlocktastic,vashj,575,warlock,destruction,6,6,0
Neevius,barthilas,575,warlock,destruction,10,7,3
Pegorn,illidan,575,warlock,destruction,12,6,6
Tidepodd,bonechewer,575,warlock,destruction,12,6,6
Feldubya,illidan,575,warlock,destruction,12,6,6
Baphomët,tichondrius,575,warlock,destruction,12,6,6
Kdoggydogg,azshara,575,warlock,destruction,12,6,6
Williwallace,stormrage,575,warlock,destruction,12,6,6
Daimon,kaelthas,575,warlock,destruction,12,6,6
Chesterfear,quelthalas,575,warlock,destruction,12,6,6
Noslock,aegwynn,575,warlock,destruction,12,6,6
Méhoe,bleeding-hollow,575,warlock,destruction,12,6,6
Ÿoucantwin,kiljaeden,575,warlock,destruction,12,6,6
Cheekzz,illidan,575,warlock,destruction,12,6,6
Pactman,sargeras,575,warlock,destruction,12,6,6
Rathianna,sargeras,575,warlock,destruction,12,6,6
Exedrin,wyrmrest-accord,575,warlock,destruction,12,6,6
Ifeludead,sargeras,575,warlock,destruction,12,6,6
Mium,bronzebeard,575,warlock,destruction,12,6,6
Lockswagger,stormrage,575,warlock,destruction,12,6,6
Nekrovax,wyrmrest-accord,575,warlock,destruction,12,6,6
Mastroguise,illidan,575,warlock,destruction,15,6,9
Benbuttons,sargeras,575,warlock,destruction,21,7,14
Leno,twisting-nether,575,warlock,destruction,18,6,12
Selitose,illidan,575,warlock,destruction,18,6,12
Balasar,cenarion-circle,575,warlock,destruction,18,6,12
Oluluo,andorhal,575,warlock,destruction,18,6,12
Zivira,stormrage,575,warlock,destruction,18,6,12
Yetiaids,tichondrius,575,warlock,destruction,18,6,12
Belfomént,ragnaros,575,warlock,destruction,18,6,12
Juanigtstand,bleeding-hollow,575,warlock,destruction,22,7,15
Dotsamoray,frostmourne,575,warlock,destruction,24,6,18
Ëliphas,tichondrius,575,warlock,destruction,24,6,18
Trayga,illidan,574,warlock,destruction,6,6,0
Hungovermate,barthilas,574,warlock,destruction,12,6,6
Persephoné,blackrock,574,warlock,destruction,12,6,6
Tesdeez,tichondrius,574,warlock,destruction,12,6,6
Ggumx,tichondrius,574,warlock,destruction,12,6,6
Silkxy,frostwolf,574,warlock,destruction,12,6,6
Träzyn,kiljaeden,574,warlock,destruction,18,6,12
Kronman,zuluhed,574,warlock,destruction,18,6,12
Teedub,thrall,574,warlock,destruction,18,6,12
Zetsumeí,anvilmar,573,warlock,destruction,12,6,6
Zahba,stormrage,572,warlock,destruction,12,6,6
Supercracker,bleeding-hollow,572,warlock,destruction,18,6,12
Mageline,thrall,567,warlock,destruction,24,6,18
Moz,sargeras,559,warlock,destruction,11,6,5
Friend,frostmourne,559,warlock,destruction,17,6,11
Märshall,quelthalas,543,warlock,destruction,10,7,3
Aoepump,tichondrius,543,warlock,destruction,12,6,6
Draisien,moon-guard,537,warlock,destruction,13,8,5
Malékíth,ragnaros,528,warlock,destruction,9,6,3
Watchdatfear,dragonmaw,527,warlock,destruction,11,6,5
Loch,destromath,527,warlock,destruction,11,6,5
Exillis,barthilas,527,warlock,destruction,17,6,11
Ebo,bloodscalp,527,warlock,destruction,21,6,15
Tangslock,skullcrusher,526,warlock,destruction,17,6,11
Catraca,sargeras,524,warlock,destruction,15,7,8
Tesowenn,tichondrius,522,warlock,destruction,15,7,8
Katarameni,tortheldrin,522,warlock,destruction,19,8,11
Dotznfearz,zuljin,521,warlock,destruction,16,8,8
Redmil,quelthalas,520,warlock,destruction,35,7,28
Locdup,sargeras,512,warlock,destruction,22,6,16
Wàtchmebolt,dalvengyr,511,warlock,destruction,14,6,8
Wompastompah,tanaris,511,warlock,destruction,20,6,14
ßenafflock,wyrmrest-accord,495,warlock,destruction,20,6,14
Djae,frostmourne,480,warlock,destruction,6,5,1
Patoquenz,azralon,480,warlock,destruction,6,5,1
Curseudown,kul-tiras,480,warlock,destruction,6,5,1
Cloperry,area-52,480,warlock,destruction,6,5,1
Geeßoogie,laughing-skull,480,warlock,destruction,6,5,1
Onidium,area-52,480,warlock,destruction,6,5,1
Feldance,sargeras,480,warlock,destruction,6,5,1
Frogdance,stormrage,480,warlock,destruction,6,5,1
Frylockx,mugthol,480,warlock,destruction,6,5,1
Awdam,tichondrius,480,warlock,destruction,6,5,1
Bendejo,thrall,480,warlock,destruction,6,5,1
Destructium,stormrage,480,warlock,destruction,6,5,1
Humblegodd,illidan,480,warlock,destruction,6,5,1
Halftism,sargeras,480,warlock,destruction,6,5,1
Kss,quelthalas,480,warlock,destruction,6,5,1
Jalean,illidan,480,warlock,destruction,6,5,1
Unicornspit,tichondrius,480,warlock,destruction,6,5,1
Kargos,bonechewer,480,warlock,destruction,6,5,1
Sully,korgath,480,warlock,destruction,6,5,1
Lucro,emerald-dream,480,warlock,destruction,6,5,1
Matdemonn,barthilas,480,warlock,destruction,6,5,1
Nerflocks,azralon,480,warlock,destruction,6,5,1
Morsecode,illidan,480,warlock,destruction,6,5,1
Css,thrall,480,warlock,destruction,6,5,1
Mathindis,ragnaros,480,warlock,destruction,6,5,1
Salaszar,illidan,480,warlock,destruction,6,5,1
Rottíe,sargeras,480,warlock,destruction,6,5,1
Poonanifotm,gundrak,480,warlock,destruction,6,5,1
Arnan,korgath,480,warlock,destruction,6,5,1
Dippindotz,scilla,480,warlock,destruction,6,5,1
Cheesëbolt,illidan,480,warlock,destruction,6,5,1
Chewybolt,illidan,480,warlock,destruction,6,5,1
Zerefel,stormrage,480,warlock,destruction,6,5,1
Evilforce,area-52,480,warlock,destruction,6,5,1
Meddsurgx,emerald-dream,480,warlock,destruction,6,5,1
Shortnproud,tichondrius,480,warlock,destruction,6,5,1
Ricemachinex,grizzly-hills,480,warlock,destruction,6,5,1
Oreganow,icecrown,480,warlock,destruction,6,5,1
Buttcinders,bleeding-hollow,480,warlock,destruction,6,5,1
Cuteasianpov,kiljaeden,480,warlock,destruction,6,5,1
Stachybotrys,burning-blade,480,warlock,destruction,6,5,1
Omnimetus,bleeding-hollow,480,warlock,destruction,6,5,1
Balencinaga,frostmourne,480,warlock,destruction,6,5,1
Novah,balnazzar,480,warlock,destruction,6,5,1
Nutted,dentarg,480,warlock,destruction,6,5,1
Popnloc,tichondrius,480,warlock,destruction,6,5,1
Dearyuanlove,tichondrius,480,warlock,destruction,6,5,1
Pickles,kaelthas,480,warlock,destruction,6,5,1
Yateshall,illidan,480,warlock,destruction,6,5,1
Zerocastspec,tichondrius,480,warlock,destruction,6,5,1
Pantubølt,stormrage,480,warlock,destruction,6,5,1
Akudama,dalaran,480,warlock,destruction,6,5,1
Leîa,tichondrius,480,warlock,destruction,6,5,1
Mørøs,tichondrius,480,warlock,destruction,6,5,1
Zoljinn,frostwolf,480,warlock,destruction,6,5,1
Babyvet,stormreaver,480,warlock,destruction,6,5,1
Ikite,zuljin,480,warlock,destruction,6,5,1
Efuc,tichondrius,480,warlock,destruction,6,5,1
Panndadots,tichondrius,480,warlock,destruction,6,5,1
Yuckytoetoe,emerald-dream,480,warlock,destruction,6,5,1
Tiddliwinx,nordrassil,480,warlock,destruction,7,5,2
Phizzlebane,dalaran,480,warlock,destruction,8,5,3
Elementzero,malorne,480,warlock,destruction,11,5,6
Balden,fenris,480,warlock,destruction,12,5,7
Chaoz,aggramar,480,warlock,destruction,12,5,7
Locknes,kiljaeden,480,warlock,destruction,12,5,7
Gundrillas,area-52,480,warlock,destruction,12,5,7
Halfmade,tichondrius,480,warlock,destruction,12,5,7
Dignifie,area-52,480,warlock,destruction,12,5,7
Lilthicy,sargeras,480,warlock,destruction,12,5,7
Pabloqlx,ragnaros,480,warlock,destruction,12,5,7
Cadejo,emerald-dream,480,warlock,destruction,12,5,7
Macnab,malganis,480,warlock,destruction,12,5,7
Yurick,frostmourne,480,warlock,destruction,12,5,7
Gruldan,drakkari,480,warlock,destruction,12,5,7
Jakd,frostmourne,480,warlock,destruction,12,5,7
Hyjixy,stormrage,480,warlock,destruction,12,5,7
Eneraxg,proudmoore,480,warlock,destruction,12,5,7
Seraphserius,laughing-skull,480,warlock,destruction,12,5,7
Hellweaver,amanthul,480,warlock,destruction,12,5,7
Exitiumm,malygos,480,warlock,destruction,12,5,7
Zalurk,emerald-dream,480,warlock,destruction,12,5,7
Murphyslawl,skullcrusher,480,warlock,destruction,12,5,7
Dalanllan,wyrmrest-accord,480,warlock,destruction,12,5,7
Lockandload,malfurion,480,warlock,destruction,12,5,7
Shadowflame,skullcrusher,480,warlock,destruction,12,5,7
Ngemtot,frostmourne,480,warlock,destruction,12,5,7
Buccs,barthilas,480,warlock,destruction,12,5,7
Ulalock,proudmoore,480,warlock,destruction,12,5,7
Ededneddy,tichondrius,480,warlock,destruction,12,5,7
Demtros,tichondrius,480,warlock,destruction,12,5,7
Bludlock,illidan,480,warlock,destruction,12,5,7
Jaydero,lightbringer,480,warlock,destruction,12,5,7
Topboypepito,tichondrius,480,warlock,destruction,12,5,7
Avoidahoe,sargeras,480,warlock,destruction,12,5,7
Pveisboring,tichondrius,480,warlock,destruction,12,5,7
Flayaz,bleeding-hollow,480,warlock,destruction,12,5,7
Darezs,frostmourne,480,warlock,destruction,12,5,7
Papablasty,nagrand,480,warlock,destruction,12,5,7
Gameface,garrosh,480,warlock,destruction,12,5,7
Lildottythot,malganis,480,warlock,destruction,12,5,7
Zod,burning-legion,480,warlock,destruction,12,5,7
Soulswap,deathwing,480,warlock,destruction,12,5,7
Souljäboy,bleeding-hollow,480,warlock,destruction,12,5,7
Imhereforrbg,moon-guard,480,warlock,destruction,12,5,7
Respecter,kelthuzad,480,warlock,destruction,12,5,7
Nelamona,moon-guard,480,warlock,destruction,12,5,7
Richards,thrall,480,warlock,destruction,12,5,7
Qfear,tichondrius,480,warlock,destruction,12,5,7
Galeirria,stormrage,480,warlock,destruction,12,5,7
Lockwell,tichondrius,480,warlock,destruction,12,5,7
Gouzenko,emerald-dream,480,warlock,destruction,12,5,7
Kubera,mannoroth,480,warlock,destruction,12,5,7
Cycaeria,moon-guard,480,warlock,destruction,12,5,7
Bellgrande,shadowmoon,480,warlock,destruction,12,5,7
Pikvas,darkspear,480,warlock,destruction,12,5,7
Aurdra,thunderhorn,480,warlock,destruction,12,5,7
Ascendant,amanthul,480,warlock,destruction,12,5,7
Wombogombo,malganis,480,warlock,destruction,12,5,7
Archleon,smolderthorn,480,warlock,destruction,12,5,7
Daemonixx,vashj,480,warlock,destruction,12,5,7
Gnimms,sargeras,480,warlock,destruction,12,5,7
Zugzor,shadowmoon,480,warlock,destruction,12,5,7
Jenová,uldaman,480,warlock,destruction,12,5,7
Totsdots,blackrock,480,warlock,destruction,12,5,7
Scalaakka,proudmoore,480,warlock,destruction,12,5,7
Firulock,azralon,480,warlock,destruction,12,5,7
Saraden,illidan,480,warlock,destruction,12,5,7
Speakeasy,malygos,480,warlock,destruction,12,5,7
Marothredd,nathrezim,480,warlock,destruction,12,5,7
Gallynna,moon-guard,480,warlock,destruction,12,5,7
Sukmalock,proudmoore,480,warlock,destruction,15,6,9
Maarzil,malygos,480,warlock,destruction,16,6,10
Preed,caelestrasz,480,warlock,destruction,14,5,9
Malevictus,deathwing,480,warlock,destruction,18,5,13
Teajools,area-52,480,warlock,destruction,18,5,13
Chaosbud,tichondrius,480,warlock,destruction,18,5,13
Geists,emerald-dream,480,warlock,destruction,18,5,13
Lockystar,malganis,479,warlock,destruction,6,5,1
Skrillhex,dragonmaw,479,warlock,destruction,6,5,1
Grix,uldaman,479,warlock,destruction,12,5,7
Deecon,stormscale,479,warlock,destruction,12,5,7
Kiami,destromath,479,warlock,destruction,12,5,7
Kelici,borean-tundra,479,warlock,destruction,12,5,7
Vordz,amanthul,479,warlock,destruction,12,5,7
Ragnorök,medivh,479,warlock,destruction,12,5,7
Osteogenesis,quelthalas,479,warlock,destruction,12,5,7
Apothokary,stormrage,479,warlock,destruction,12,5,7
Loccdawg,laughing-skull,479,warlock,destruction,12,5,7
Daemonddred,hakkar,479,warlock,destruction,18,5,13
Clias,galakrond,479,warlock,destruction,18,5,13
Karkloc,stormrage,479,warlock,destruction,18,5,13
Timerad,maelstrom,479,warlock,destruction,24,5,19
Giled,runetotem,478,warlock,destruction,12,5,7
Saintvil,drakkari,477,warlock,destruction,6,5,1
Warrogoblin,ragnaros,476,warlock,destruction,9,6,3
Blázê,illidan,476,warlock,destruction,12,5,7
Mystickittie,aerie-peak,475,warlock,destruction,12,5,7
Aramith,tichondrius,463,warlock,destruction,11,5,6
Raven,baelgun,463,warlock,destruction,11,5,6
Bitblack,tichondrius,453,warlock,destruction,13,7,6
Magniwl,zuljin,447,warlock,destruction,11,5,6
Theshattered,kiljaeden,447,warlock,destruction,11,5,6
ßolts,frostmourne,447,warlock,destruction,11,5,6
Fengfeiss,tichondrius,432,warlock,destruction,15,6,9
Drpumps,area-52,426,warlock,destruction,16,6,10
Berathelok,aerie-peak,426,warlock,destruction,17,6,11
Korguji,tichondrius,426,warlock,destruction,21,7,14
Empowerdlock,garrosh,416,warlock,destruction,10,5,5
Krozu,bleeding-hollow,415,warlock,destruction,14,5,9
Velsona,moon-guard,415,warlock,destruction,14,5,9
Lockdlhm,tichondrius,400,warlock,destruction,13,5,8
Sugarmumy,tichondrius,399,warlock,destruction,5,5,0
Drainerade,stormreaver,399,warlock,destruction,5,5,0
Apocoly,tichondrius,384,warlock,destruction,9,6,3
Magvezx,kelthuzad,384,warlock,destruction,6,4,2
Rendori,the-scryers,384,warlock,destruction,6,4,2
Smnslock,emerald-dream,384,warlock,destruction,6,4,2
Fyahwalka,aggramar,384,warlock,destruction,6,4,2
Warlocksz,kelthuzad,384,warlock,destruction,6,4,2
Seekma,gallywix,384,warlock,destruction,6,4,2
Dranyam,ragnaros,384,warlock,destruction,6,4,2
Tiidkloui,illidan,384,warlock,destruction,6,4,2
Tazerr,sargeras,384,warlock,destruction,6,4,2
Wreckquiem,burning-blade,384,warlock,destruction,6,4,2
Fatuglyegirl,sargeras,384,warlock,destruction,6,4,2
Woofbolt,malganis,384,warlock,destruction,6,4,2
Bigdd,frostmane,384,warlock,destruction,6,4,2
Narcan,arthas,384,warlock,destruction,6,4,2
Frem,eonar,384,warlock,destruction,6,4,2
Syraxi,illidan,384,warlock,destruction,6,4,2
Bugbugg,tichondrius,384,warlock,destruction,6,4,2
Hawtchili,illidan,384,warlock,destruction,6,4,2
Décalisse,eonar,384,warlock,destruction,6,4,2
Barhathion,ragnaros,384,warlock,destruction,6,4,2
Wiredftwx,illidan,384,warlock,destruction,6,4,2
Sylvahh,sargeras,384,warlock,destruction,6,4,2
Rodneyjones,emerald-dream,384,warlock,destruction,6,4,2
Asiopdu,tichondrius,384,warlock,destruction,6,4,2
Erock,korgath,384,warlock,destruction,6,4,2
Khaos,norgannon,384,warlock,destruction,6,4,2
Slappndemons,mugthol,384,warlock,destruction,6,4,2
Zevoc,tichondrius,384,warlock,destruction,6,4,2
Methrocks,emerald-dream,384,warlock,destruction,6,4,2
Biger,nemesis,384,warlock,destruction,6,4,2
Eatmybeef,ravencrest,384,warlock,destruction,6,4,2
Marrowsipper,tichondrius,384,warlock,destruction,6,4,2
Solöw,tichondrius,384,warlock,destruction,6,4,2
Saitibolty,dalaran,384,warlock,destruction,6,4,2
Evilinside,malganis,384,warlock,destruction,6,4,2
Fearann,ragnaros,384,warlock,destruction,6,4,2
Warfeen,malganis,384,warlock,destruction,6,4,2
Bedtimes,tichondrius,384,warlock,destruction,6,4,2
Slakiejr,darkspear,384,warlock,destruction,6,4,2
Ozidus,tichondrius,384,warlock,destruction,6,4,2
Gordoxin,area-52,384,warlock,destruction,6,4,2
Kractdlk,tichondrius,384,warlock,destruction,6,4,2
Xijp,illidan,384,warlock,destruction,6,4,2
Crackhammer,sargeras,384,warlock,destruction,6,4,2
Anthaxel,dalaran,384,warlock,destruction,6,4,2
Zërlina,area-52,384,warlock,destruction,6,4,2
Litemeatlary,kelthuzad,384,warlock,destruction,6,4,2
Thelynx,chogall,384,warlock,destruction,6,4,2
Breadbug,moon-guard,384,warlock,destruction,6,4,2
Dçíöçk,tichondrius,384,warlock,destruction,6,4,2
Drgiggles,tichondrius,384,warlock,destruction,6,4,2
Cønsfèáracy,sargeras,384,warlock,destruction,6,4,2
Cursebolt,tichondrius,384,warlock,destruction,6,4,2
Dematic,illidan,384,warlock,destruction,6,4,2
Apoklock,area-52,384,warlock,destruction,6,4,2
Zuroghar,azralon,384,warlock,destruction,6,4,2
Qordiix,tichondrius,384,warlock,destruction,6,4,2
Tichondrus,ragnaros,384,warlock,destruction,6,4,2
Warlockage,frostmane,384,warlock,destruction,6,4,2
Dottcom,laughing-skull,384,warlock,destruction,6,4,2
Vaynnei,kiljaeden,384,warlock,destruction,6,4,2
Donttouchme,azralon,384,warlock,destruction,6,4,2
Vilebrute,illidan,384,warlock,destruction,6,4,2
Asukakira,tichondrius,384,warlock,destruction,6,4,2
Ñever,winterhoof,384,warlock,destruction,6,4,2
Roota,dalaran,384,warlock,destruction,6,4,2
Hoana,azralon,384,warlock,destruction,6,4,2
Yooseok,tichondrius,384,warlock,destruction,6,4,2
Mattybolts,tichondrius,384,warlock,destruction,6,4,2
Bertnasty,tichondrius,384,warlock,destruction,6,4,2
Agla,quelthalas,384,warlock,destruction,6,4,2
Sprenn,bleeding-hollow,384,warlock,destruction,6,4,2
Iplaywarlock,deathwing,384,warlock,destruction,6,4,2
Fatherbolt,tichondrius,384,warlock,destruction,6,4,2
Dastruct,tichondrius,384,warlock,destruction,6,4,2
Alwysoom,aegwynn,384,warlock,destruction,6,4,2
Tizzy,malganis,384,warlock,destruction,6,4,2
Tumßle,stormreaver,384,warlock,destruction,6,4,2
Moistpoodle,the-underbog,384,warlock,destruction,6,4,2
Ceeloww,illidan,384,warlock,destruction,6,4,2
Eliquis,frostmane,384,warlock,destruction,6,4,2
Zonss,tichondrius,384,warlock,destruction,6,4,2
Gidelend,daggerspine,384,warlock,destruction,6,4,2
Chumbing,sargeras,384,warlock,destruction,6,4,2
Gamenine,tichondrius,384,warlock,destruction,6,4,2
Laytome,stormreaver,384,warlock,destruction,6,4,2
Asalaviik,illidan,384,warlock,destruction,6,4,2
Doubledigit,tichondrius,384,warlock,destruction,6,4,2
Jerothia,lethon,384,warlock,destruction,6,4,2
Bigherobolts,tichondrius,384,warlock,destruction,6,4,2
Pokendot,illidan,384,warlock,destruction,6,4,2
Locktardoe,thrall,384,warlock,destruction,6,4,2
Oldgodkiller,kelthuzad,384,warlock,destruction,6,4,2
Fearoshimá,thrall,384,warlock,destruction,6,4,2
Quetzâlcoâtl,sargeras,384,warlock,destruction,6,4,2
Ardamelech,quelthalas,384,warlock,destruction,6,4,2
Siltharious,senjin,384,warlock,destruction,6,4,2
Underchicken,blackrock,384,warlock,destruction,6,4,2
Houseofpain,emerald-dream,384,warlock,destruction,6,4,2
Døzër,area-52,384,warlock,destruction,6,4,2
Calcadius,zuljin,384,warlock,destruction,6,4,2
Instababe,stormrage,384,warlock,destruction,6,4,2
Lîlý,bleeding-hollow,384,warlock,destruction,6,4,2
Antagony,bleeding-hollow,384,warlock,destruction,6,4,2
Orî,stormrage,384,warlock,destruction,6,4,2
Menedemus,amanthul,384,warlock,destruction,6,4,2
Brokenaf,stormrage,384,warlock,destruction,6,4,2
Moramont,stormrage,384,warlock,destruction,6,4,2
Sheetzlock,azgalor,384,warlock,destruction,6,4,2
Wallzz,gnomeregan,384,warlock,destruction,6,4,2
Aussiesauce,frostmourne,384,warlock,destruction,6,4,2
Kill,barthilas,384,warlock,destruction,6,4,2
Dötsonurpp,stormrage,384,warlock,destruction,6,4,2
Bigbadbolt,thaurissan,384,warlock,destruction,6,4,2
Smallj,zuljin,384,warlock,destruction,6,4,2
Naginikill,zuljin,384,warlock,destruction,6,4,2
Lockiana,zuljin,384,warlock,destruction,6,4,2
Leekeeaynis,frostmourne,384,warlock,destruction,6,4,2
Leyzer,stormrage,384,warlock,destruction,6,4,2
Ðöts,frostmourne,384,warlock,destruction,6,4,2
Toomanymind,stormrage,384,warlock,destruction,6,4,2
Músu,stormreaver,384,warlock,destruction,7,4,3
Meathat,gorefiend,384,warlock,destruction,9,5,4
Soulfired,kiljaeden,384,warlock,destruction,11,5,6
Rhaègar,kiljaeden,384,warlock,destruction,15,5,10
Famouslos,anetheron,384,warlock,destruction,12,4,8
Mlmcoachx,tichondrius,384,warlock,destruction,12,4,8
Cyzx,ragnaros,384,warlock,destruction,12,4,8
Letsfckingo,tichondrius,384,warlock,destruction,12,4,8
Krazyjay,bleeding-hollow,384,warlock,destruction,12,4,8
Lockeando,ragnaros,384,warlock,destruction,12,4,8
Daedayus,frostwolf,384,warlock,destruction,12,4,8
Loudbone,tichondrius,384,warlock,destruction,12,4,8
Reportmetool,barthilas,384,warlock,destruction,12,4,8
Sailuhh,frostwolf,384,warlock,destruction,12,4,8
Reckiga,sargeras,384,warlock,destruction,12,4,8
Freezâ,stormrage,384,warlock,destruction,12,4,8
Dpz,darkspear,384,warlock,destruction,12,4,8
Aededa,proudmoore,384,warlock,destruction,12,4,8
Awangdemon,tichondrius,384,warlock,destruction,12,4,8
Praemonium,dalaran,384,warlock,destruction,12,4,8
Kelthutard,area-52,384,warlock,destruction,12,4,8
Fowll,frostwolf,384,warlock,destruction,12,4,8
Rumpology,illidan,384,warlock,destruction,12,4,8
Bothered,bleeding-hollow,384,warlock,destruction,12,4,8
Crafterism,barthilas,384,warlock,destruction,12,4,8
Yake,aegwynn,384,warlock,destruction,12,4,8
Offendor,stormrage,384,warlock,destruction,12,4,8
Demowolock,area-52,384,warlock,destruction,12,4,8
Madamenapalm,wyrmrest-accord,384,warlock,destruction,12,4,8
Medraut,wyrmrest-accord,384,warlock,destruction,12,4,8
Jáws,zuljin,384,warlock,destruction,12,4,8
Kaísta,proudmoore,384,warlock,destruction,12,4,8
Darkfæ,kaelthas,384,warlock,destruction,12,4,8
Syileria,frostmourne,384,warlock,destruction,12,4,8
Giggideez,bleeding-hollow,384,warlock,destruction,12,4,8
Outkãst,illidan,384,warlock,destruction,12,4,8
Niétzsché,emerald-dream,384,warlock,destruction,12,4,8
Mmrceo,azgalor,384,warlock,destruction,12,4,8
Tokc,sargeras,384,warlock,destruction,12,4,8
Vantt,tichondrius,384,warlock,destruction,12,4,8
Bjarke,malganis,384,warlock,destruction,12,4,8
Theboss,arygos,384,warlock,destruction,12,4,8
Overlard,illidan,384,warlock,destruction,12,4,8
Nintendøt,malganis,384,warlock,destruction,12,4,8
Hollows,burning-blade,384,warlock,destruction,12,4,8
Blumercricet,stormrage,384,warlock,destruction,12,4,8
Dotington,frostmourne,384,warlock,destruction,12,4,8
Lockandestro,tichondrius,384,warlock,destruction,12,4,8
Malavik,moon-guard,384,warlock,destruction,12,4,8
Capslockfury,frostmourne,384,warlock,destruction,12,4,8
Jaybro,thaurissan,384,warlock,destruction,12,4,8
Lila,kaelthas,384,warlock,destruction,12,4,8
Maleficist,bleeding-hollow,384,warlock,destruction,12,4,8
Amgamgamg,hyjal,384,warlock,destruction,12,4,8
Evarona,gorefiend,384,warlock,destruction,12,4,8
Perfidien,tichondrius,384,warlock,destruction,12,4,8
Mostlyundead,darkspear,384,warlock,destruction,12,4,8
Ibuildwalls,tichondrius,384,warlock,destruction,12,4,8
Snailbite,tichondrius,384,warlock,destruction,12,4,8
Capïrota,nemesis,384,warlock,destruction,12,4,8
Poisondeepnu,malganis,384,warlock,destruction,12,4,8
Æonas,bladefist,384,warlock,destruction,12,4,8
Catastrophk,malganis,384,warlock,destruction,12,4,8
Stepmommie,moon-guard,384,warlock,destruction,12,4,8
Antigotenent,sargeras,384,warlock,destruction,12,4,8
Puddulz,thrall,384,warlock,destruction,12,4,8
Panicmode,darkspear,384,warlock,destruction,12,4,8
Fullmelt,azjolnerub,384,warlock,destruction,12,4,8
Flocka,agamaggan,384,warlock,destruction,12,4,8
Stonelocke,area-52,384,warlock,destruction,12,4,8
Nazrakin,malganis,384,warlock,destruction,12,4,8
Twospliff,sargeras,384,warlock,destruction,16,5,11
Mozbet,kiljaeden,384,warlock,destruction,13,4,9
Taldaroth,moon-guard,384,warlock,destruction,13,4,9
Fex,hyjal,384,warlock,destruction,14,4,10
Pvman,onyxia,384,warlock,destruction,18,4,14
Persianloc,tichondrius,384,warlock,destruction,18,4,14
Gorski,frostwolf,383,warlock,destruction,6,4,2
Stonelocker,stormrage,383,warlock,destruction,6,4,2
Halkroz,nathrezim,383,warlock,destruction,6,4,2
Destroyaz,stormreaver,383,warlock,destruction,6,4,2
Pointproven,tichondrius,383,warlock,destruction,6,4,2
Arthürr,thrall,383,warlock,destruction,12,4,8
Sinissa,ysondre,383,warlock,destruction,12,4,8
Gängrëna,azralon,383,warlock,destruction,12,4,8
Loçkshow,hyjal,383,warlock,destruction,12,4,8
Kazfial,zuljin,383,warlock,destruction,12,4,8
Albuuss,daggerspine,383,warlock,destruction,12,4,8
Fearanddots,moon-guard,383,warlock,destruction,12,4,8
Covidbussin,cenarius,383,warlock,destruction,12,4,8
Trilleon,eldrethalas,383,warlock,destruction,12,4,8
Asheräh,stormrage,383,warlock,destruction,12,4,8
Locnload,bonechewer,383,warlock,destruction,12,4,8
Wodinskol,sargeras,383,warlock,destruction,12,4,8
Eliphas,bronzebeard,383,warlock,destruction,12,4,8
Downing,drakkari,383,warlock,destruction,12,4,8
Yesmistress,thrall,383,warlock,destruction,14,4,10
Necromaniac,nerzhul,383,warlock,destruction,18,4,14
Balian,stormreaver,381,warlock,destruction,10,5,5
Dotvador,dalaran,367,warlock,destruction,17,4,13
Plaguelnc,illidan,352,warlock,destruction,10,5,5
Startx,tichondrius,351,warlock,destruction,11,4,7
Cyrillus,moon-guard,351,warlock,destruction,11,4,7
Voodoowan,bleeding-hollow,351,warlock,destruction,11,4,7
Cronobolts,stormrage,351,warlock,destruction,11,4,7
Vetic,area-52,351,warlock,destruction,11,4,7
Vanvídd,ragnaros,351,warlock,destruction,11,4,7
Fearfactory,lethon,351,warlock,destruction,14,5,9
Auntzhang,tichondrius,351,warlock,destruction,23,4,19
Shidded,lightbringer,349,warlock,destruction,10,5,5
Gobbledeez,moknathal,349,warlock,destruction,19,5,14
Kidneystone,emerald-dream,346,warlock,destruction,17,8,9
Sicarialol,kelthuzad,336,warlock,destruction,9,4,5
Amaroth,spinebreaker,335,warlock,destruction,11,4,7
Voltrakk,gilneas,330,warlock,destruction,11,7,4
Bunnyhop,nemesis,330,warlock,destruction,9,5,4
Lockazo,quelthalas,330,warlock,destruction,11,6,5
Sooshi,malganis,330,warlock,destruction,11,6,5
Fênrîr,moon-guard,330,warlock,destruction,11,6,5
Actualjoke,frostmourne,330,warlock,destruction,15,6,9
Casusita,area-52,322,warlock,destruction,16,6,10
Sojulord,sargeras,320,warlock,destruction,10,4,6
Rosacrutian,tichondrius,320,warlock,destruction,10,4,6
Defeuss,quelthalas,319,warlock,destruction,5,4,1
Saintläurent,bleeding-hollow,319,warlock,destruction,5,4,1
Peacelöck,area-52,319,warlock,destruction,5,4,1
Aclonos,tichondrius,319,warlock,destruction,5,4,1
Dummythiccxo,emerald-dream,319,warlock,destruction,10,4,6
Nokturnal,norgannon,303,warlock,destruction,13,4,9
Heavyøfmetal,tol-barad,288,warlock,destruction,6,3,3
Sàill,tichondrius,288,warlock,destruction,6,3,3
Feardr,frostmourne,288,warlock,destruction,6,3,3
Dolcex,sargeras,288,warlock,destruction,6,3,3
Nòpê,tichondrius,288,warlock,destruction,6,3,3
Lockboxx,stormscale,288,warlock,destruction,6,3,3
Dirtrox,tichondrius,288,warlock,destruction,6,3,3
Kralmiyr,nemesis,288,warlock,destruction,6,3,3
Minos,tichondrius,288,warlock,destruction,6,3,3
Tròll,moon-guard,288,warlock,destruction,6,3,3
Creedmore,sargeras,288,warlock,destruction,6,3,3
Dohmie,argent-dawn,288,warlock,destruction,6,3,3
Shâdowman,stormrage,288,warlock,destruction,6,3,3
Päinoth,wyrmrest-accord,288,warlock,destruction,6,3,3
Jagni,stormrage,288,warlock,destruction,6,3,3
Dogcookie,moon-guard,288,warlock,destruction,6,3,3
Washeeba,tichondrius,288,warlock,destruction,6,3,3
Unquit,frostmourne,288,warlock,destruction,6,3,3
Sorath,blackrock,288,warlock,destruction,6,3,3
Jangbii,tichondrius,288,warlock,destruction,6,3,3
Skýnët,tichondrius,288,warlock,destruction,6,3,3
Pheríe,sargeras,288,warlock,destruction,6,3,3
Blaxzlock,stormscale,288,warlock,destruction,6,3,3
Bushmelded,tichondrius,288,warlock,destruction,6,3,3
Graveland,frostwolf,288,warlock,destruction,6,3,3
Massta,tichondrius,288,warlock,destruction,6,3,3
Gotfear,zuljin,288,warlock,destruction,6,3,3
Dakulim,burning-legion,288,warlock,destruction,6,3,3
Tamzlock,the-forgotten-coast,288,warlock,destruction,6,3,3
Geofar,bleeding-hollow,288,warlock,destruction,6,3,3
Mineralock,sargeras,288,warlock,destruction,6,3,3
Æsidius,tichondrius,288,warlock,destruction,6,3,3
Larsiezwei,spirestone,288,warlock,destruction,6,3,3
Feeltheviibe,zuljin,288,warlock,destruction,6,3,3
Trainwreck,sargeras,288,warlock,destruction,6,3,3
Angel,sargeras,288,warlock,destruction,6,3,3
Bazeni,frostmourne,288,warlock,destruction,6,3,3
Dotbot,blades-edge,288,warlock,destruction,6,3,3
Slothdots,tichondrius,288,warlock,destruction,6,3,3
Ñevaeh,emerald-dream,288,warlock,destruction,6,3,3
Gurlock,illidan,288,warlock,destruction,6,3,3
Watsfear,illidan,288,warlock,destruction,6,3,3
Siphoned,darkspear,288,warlock,destruction,6,3,3
Nutzosaurus,darkspear,288,warlock,destruction,6,3,3
Voldormort,uldaman,288,warlock,destruction,6,3,3
Amauder,moon-guard,288,warlock,destruction,6,3,3
Nhudi,frostmourne,288,warlock,destruction,6,3,3
Bellwulf,goldrinn,288,warlock,destruction,6,3,3
Xajboltz,tichondrius,288,warlock,destruction,6,3,3
Râsh,tichondrius,288,warlock,destruction,6,3,3
Uwubolt,moon-guard,288,warlock,destruction,6,3,3
Gümbÿ,illidan,288,warlock,destruction,6,3,3
Neltharcurse,nagrand,288,warlock,destruction,6,3,3
Dluttysots,emerald-dream,288,warlock,destruction,6,3,3
Youngblood,maelstrom,288,warlock,destruction,6,3,3
Felsgoodman,illidan,288,warlock,destruction,6,3,3
Turbocleave,blackwater-raiders,288,warlock,destruction,6,3,3
Homeschooler,darkspear,288,warlock,destruction,6,3,3
Eh,laughing-skull,288,warlock,destruction,6,3,3
Lockaloga,azralon,288,warlock,destruction,6,3,3
Keemy,tichondrius,288,warlock,destruction,6,3,3
Rexington,hyjal,288,warlock,destruction,6,3,3
Xocxusegeic,illidan,288,warlock,destruction,6,3,3
Neversoft,bleeding-hollow,288,warlock,destruction,6,3,3
Nihilus,anvilmar,288,warlock,destruction,6,3,3
Pazuzuzu,suramar,288,warlock,destruction,6,3,3
Coret,moonrunner,288,warlock,destruction,6,3,3
Shifulock,azralon,288,warlock,destruction,6,3,3
Reallygud,tichondrius,288,warlock,destruction,6,3,3
Toxicatedz,azralon,288,warlock,destruction,6,3,3
Lockhomes,azralon,288,warlock,destruction,6,3,3
Kebobz,frostmourne,288,warlock,destruction,6,3,3
Äfflïctëd,azralon,288,warlock,destruction,6,3,3
Miratrix,moon-guard,288,warlock,destruction,6,3,3
Shawzyy,tichondrius,288,warlock,destruction,6,3,3
Lrry,dalaran,288,warlock,destruction,6,3,3
Háydn,azuremyst,288,warlock,destruction,6,3,3
Peterdotz,whisperwind,288,warlock,destruction,6,3,3
Ratedtorgast,illidan,288,warlock,destruction,6,3,3
Tiptonb,tichondrius,288,warlock,destruction,6,3,3
Weaselherder,illidan,288,warlock,destruction,6,3,3
Itsawarlock,thunderlord,288,warlock,destruction,6,3,3
Reyaena,moon-guard,288,warlock,destruction,6,3,3
Lcomi,tichondrius,288,warlock,destruction,6,3,3
Dotutoodeath,destromath,288,warlock,destruction,6,3,3
Blastindotz,frostmane,288,warlock,destruction,6,3,3
Hëctic,nerzhul,288,warlock,destruction,6,3,3
Signalnine,thrall,288,warlock,destruction,6,3,3
Héllboy,akama,288,warlock,destruction,6,3,3
Ashtak,coilfang,288,warlock,destruction,6,3,3
Shädowflame,bleeding-hollow,288,warlock,destruction,6,3,3
Oleg,bleeding-hollow,288,warlock,destruction,6,3,3
Borudo,thrall,288,warlock,destruction,6,3,3
Amuros,illidan,288,warlock,destruction,6,3,3
Bunami,kiljaeden,288,warlock,destruction,6,3,3
Nortx,kiljaeden,288,warlock,destruction,6,3,3
Xoroth,crushridge,288,warlock,destruction,6,3,3
Lilpewpeww,bleeding-hollow,288,warlock,destruction,6,3,3
Ovoíd,area-52,288,warlock,destruction,6,3,3
Ladaa,tichondrius,288,warlock,destruction,6,3,3
Bonermarrow,tichondrius,288,warlock,destruction,6,3,3
Gingerlock,stonemaul,288,warlock,destruction,6,3,3
Devi,destromath,288,warlock,destruction,6,3,3
Vogez,boulderfist,288,warlock,destruction,6,3,3
Chaosßolts,illidan,288,warlock,destruction,6,3,3
Tacolock,azshara,288,warlock,destruction,6,3,3
Lillpfudd,area-52,288,warlock,destruction,6,3,3
Wirthless,area-52,288,warlock,destruction,6,3,3
Lochek,stonemaul,288,warlock,destruction,6,3,3
Vetadul,proudmoore,288,warlock,destruction,6,3,3
Dashaad,illidan,288,warlock,destruction,6,3,3
Dippndotz,bleeding-hollow,288,warlock,destruction,6,3,3
Ökïlôck,proudmoore,288,warlock,destruction,6,3,3
Xephostwo,area-52,288,warlock,destruction,6,3,3
Attackbird,area-52,288,warlock,destruction,6,3,3
Sleeptøken,area-52,288,warlock,destruction,6,3,3
Odelgabiana,area-52,288,warlock,destruction,6,3,3
Meltingface,bleeding-hollow,288,warlock,destruction,6,3,3
Mystrix,illidan,288,warlock,destruction,6,3,3
Nismo,trollbane,288,warlock,destruction,6,3,3
Thisisturtle,area-52,288,warlock,destruction,6,3,3
Astarothe,proudmoore,288,warlock,destruction,6,3,3
Sweetgreen,area-52,288,warlock,destruction,6,3,3
Babylung,bleeding-hollow,288,warlock,destruction,6,3,3
Xbendover,proudmoore,288,warlock,destruction,6,3,3
Stretchmark,stormrage,288,warlock,destruction,6,3,3
Wickdways,daggerspine,288,warlock,destruction,6,3,3
Ijustsharded,area-52,288,warlock,destruction,6,3,3
Diminish,sargeras,288,warlock,destruction,6,3,3
Quad,spirestone,288,warlock,destruction,6,3,3
Thelock,tichondrius,288,warlock,destruction,6,3,3
Velzillia,zuljin,288,warlock,destruction,6,3,3
Cleptomain,tichondrius,288,warlock,destruction,6,3,3
Soularonomy,tichondrius,288,warlock,destruction,6,3,3
Feartool,stormrage,288,warlock,destruction,6,3,3
Anastadora,proudmoore,288,warlock,destruction,6,3,3
Atheô,ragnaros,288,warlock,destruction,6,3,3
Metaphors,stormrage,288,warlock,destruction,6,3,3
Jaazmin,ragnaros,288,warlock,destruction,6,3,3
Cocoabuttâ,stormrage,288,warlock,destruction,6,3,3
Vxms,barthilas,288,warlock,destruction,6,3,3
Buckingfolts,area-52,288,warlock,destruction,6,3,3
Souldotz,proudmoore,288,warlock,destruction,6,3,3
Eiram,ragnaros,288,warlock,destruction,6,3,3
Frygt,tichondrius,288,warlock,destruction,6,3,3
Vulvo,area-52,288,warlock,destruction,6,3,3
Arphix,kelthuzad,288,warlock,destruction,6,3,3
Carpedemon,malganis,288,warlock,destruction,6,3,3
Drëkavac,malganis,288,warlock,destruction,6,3,3
Mylock,andorhal,288,warlock,destruction,6,3,3
Deejaye,frostmourne,288,warlock,destruction,6,3,3
Famelol,tichondrius,288,warlock,destruction,6,3,3
Shadøwcrits,quelthalas,288,warlock,destruction,6,3,3
Poggyjones,tichondrius,288,warlock,destruction,6,3,3
Merlinsbeard,zuluhed,288,warlock,destruction,6,3,3
Sweetjezuz,barthilas,288,warlock,destruction,6,3,3
Ärminvßuurën,barthilas,288,warlock,destruction,6,3,3
Flameonz,black-dragonflight,288,warlock,destruction,6,3,3
Muchopower,ragnaros,288,warlock,destruction,6,3,3
Picakil,lightnings-blade,288,warlock,destruction,6,3,3
Nêøn,ragnaros,288,warlock,destruction,6,3,3
Xblessed,stormrage,288,warlock,destruction,6,3,3
Ðëâthløck,tichondrius,288,warlock,destruction,6,3,3
Warlockluo,tichondrius,288,warlock,destruction,6,3,3
Phénom,tichondrius,288,warlock,destruction,6,3,3
Sinsanìty,tichondrius,288,warlock,destruction,6,3,3
Mileyswift,kelthuzad,288,warlock,destruction,6,3,3
Mamabolts,kelthuzad,288,warlock,destruction,6,3,3
Deepening,stormrage,288,warlock,destruction,6,3,3
Worstname,hakkar,288,warlock,destruction,6,3,3
Fakecastxøxø,drakkari,288,warlock,destruction,6,3,3
Pennÿ,quelthalas,288,warlock,destruction,6,3,3
Hairydottr,malganis,288,warlock,destruction,6,3,3
Sapaqlia,quelthalas,288,warlock,destruction,6,3,3
Yougone,kelthuzad,288,warlock,destruction,6,3,3
Hauntgød,tichondrius,288,warlock,destruction,6,3,3
Vampydark,quelthalas,288,warlock,destruction,6,3,3
Fungiforest,kelthuzad,288,warlock,destruction,6,3,3
Lothaard,quelthalas,288,warlock,destruction,6,3,3
Spacemonkey,malganis,288,warlock,destruction,6,3,3
Maledictivus,stormrage,288,warlock,destruction,6,3,3
Embraces,tichondrius,288,warlock,destruction,6,3,3
Techs,tichondrius,288,warlock,destruction,6,3,3
Vìqtìm,kelthuzad,288,warlock,destruction,6,3,3
Ministàff,ursin,288,warlock,destruction,9,4,5
Lycanthropi,illidan,288,warlock,destruction,9,4,5
Cult,smolderthorn,288,warlock,destruction,7,3,4
Fluximilian,azralon,288,warlock,destruction,10,4,6
Malleus,drakkari,288,warlock,destruction,8,3,5
Verminperson,illidan,288,warlock,destruction,8,3,5
Gotty,stormrage,288,warlock,destruction,12,3,9
Voldamorte,tichondrius,288,warlock,destruction,12,3,9
Hachiui,galakrond,288,warlock,destruction,12,3,9
Gorgaron,zuljin,288,warlock,destruction,12,3,9
Mageus,blood-furnace,288,warlock,destruction,12,3,9
Sambodeemon,proudmoore,288,warlock,destruction,12,3,9
Voidmãngõ,stormrage,288,warlock,destruction,12,3,9
Demondays,sargeras,288,warlock,destruction,12,3,9
Methology,wyrmrest-accord,288,warlock,destruction,12,3,9
Pennydrop,barthilas,288,warlock,destruction,12,3,9
Wyrelock,hyjal,288,warlock,destruction,12,3,9
Sulívan,azralon,288,warlock,destruction,12,3,9
Xanlel,deathwing,288,warlock,destruction,12,3,9
Onfîre,area-52,288,warlock,destruction,12,3,9
Naoma,moon-guard,288,warlock,destruction,12,3,9
Héstia,area-52,288,warlock,destruction,12,3,9
Rabiesdot,tichondrius,288,warlock,destruction,12,3,9
Amour,wyrmrest-accord,288,warlock,destruction,12,3,9
Shaddaj,illidan,288,warlock,destruction,12,3,9
Mireffect,auchindoun,288,warlock,destruction,12,3,9
Drelgun,aerie-peak,288,warlock,destruction,12,3,9
Gdpx,malganis,288,warlock,destruction,12,3,9
Trotndot,dragonmaw,288,warlock,destruction,12,3,9
Zeshlo,firetree,288,warlock,destruction,12,3,9
Wickedt,ragnaros,288,warlock,destruction,12,3,9
Zeeref,stormrage,288,warlock,destruction,12,3,9
Demonâ,ragnaros,288,warlock,destruction,12,3,9
Cexdragon,tichondrius,288,warlock,destruction,14,3,11
Cati,moon-guard,288,warlock,destruction,18,3,15
Stéalyogirl,kelthuzad,288,warlock,destruction,18,3,15
Báál,bleeding-hollow,288,warlock,destruction,18,3,15
Brenmen,tichondrius,287,warlock,destruction,6,3,3
Sykolock,lethon,287,warlock,destruction,6,3,3
Izmadara,frostmane,287,warlock,destruction,6,3,3
Noobthis,aegwynn,287,warlock,destruction,6,3,3
Llkoreall,tichondrius,287,warlock,destruction,6,3,3
Trrolling,jubeithos,287,warlock,destruction,12,5,7
Evilbacon,stormrage,287,warlock,destruction,12,3,9
Liftthatbox,undermine,287,warlock,destruction,12,3,9
Zárco,ragnaros,276,warlock,destruction,16,6,10
Drunklockdot,tichondrius,271,warlock,destruction,11,3,8
Ainzeal,nagrand,256,warlock,destruction,10,4,6
Sophia,wildhammer,255,warlock,destruction,8,4,4
Mikejones,dawnbringer,255,warlock,destruction,14,4,10
Mcdoogleiv,thrall,255,warlock,destruction,11,3,8
Jessndistres,stormrage,240,warlock,destruction,9,3,6
Warakaso,ragnaros,240,warlock,destruction,9,3,6
Ghsehs,tichondrius,239,warlock,destruction,5,3,2
Blightbeast,area-52,239,warlock,destruction,5,3,2
Nawtychannel,aegwynn,239,warlock,destruction,5,3,2
Infectionl,ragnaros,239,warlock,destruction,5,3,2
Alliciia,area-52,234,warlock,destruction,11,5,6
Evolda,tichondrius,234,warlock,destruction,9,4,5
Amaia,nathrezim,207,warlock,destruction,7,3,4
Ëxotic,thrall,192,warlock,destruction,4,3,1
Batmansux,area-52,192,warlock,destruction,4,3,1
Portalgun,tichondrius,192,warlock,destruction,4,3,1
Miggazzizle,senjin,192,warlock,destruction,8,3,5
Demiloy,stormrage,192,warlock,destruction,9,3,6
Draindeez,sargeras,192,warlock,destruction,9,3,6
Diabloisekai,ragnaros,192,warlock,destruction,6,2,4
Reckzet,stormrage,192,warlock,destruction,6,2,4
Lockneo,stormrage,192,warlock,destruction,6,2,4
Ricklock,aggramar,192,warlock,destruction,6,2,4
Solflames,stormrage,192,warlock,destruction,6,2,4
Erimegara,ragnaros,192,warlock,destruction,6,2,4
Ensiferun,stormrage,192,warlock,destruction,6,2,4
Alïka,quelthalas,192,warlock,destruction,6,2,4
Ramone,turalyon,192,warlock,destruction,6,2,4
Deiformis,malganis,192,warlock,destruction,6,2,4
Cityswimmer,malganis,192,warlock,destruction,6,2,4
Valydri,stormrage,192,warlock,destruction,6,2,4
Montaine,malganis,192,warlock,destruction,6,2,4
Disapoin,stormrage,192,warlock,destruction,6,2,4
Seizuresauce,stormrage,192,warlock,destruction,6,2,4
Wasca,kelthuzad,192,warlock,destruction,6,2,4
Theyfearbuda,kelthuzad,192,warlock,destruction,6,2,4
Gaijin,stormrage,192,warlock,destruction,6,2,4
Yordich,kelthuzad,192,warlock,destruction,6,2,4
Brawndelock,stormrage,192,warlock,destruction,6,2,4
Abbyshapiro,kelthuzad,192,warlock,destruction,6,2,4
Raghog,kelthuzad,192,warlock,destruction,6,2,4
Blliizz,aegwynn,192,warlock,destruction,6,2,4
Zephiy,kelthuzad,192,warlock,destruction,6,2,4
Camila,lightnings-blade,192,warlock,destruction,6,2,4
Xaraki,skullcrusher,192,warlock,destruction,6,2,4
Schmashed,eonar,192,warlock,destruction,6,2,4
Àngelofðeath,area-52,192,warlock,destruction,6,2,4
Ðemõn,area-52,192,warlock,destruction,6,2,4
Pinguswalrus,stormrage,192,warlock,destruction,6,2,4
Locksama,area-52,192,warlock,destruction,6,2,4
Lhorgainz,area-52,192,warlock,destruction,6,2,4
Aksanaa,area-52,192,warlock,destruction,6,2,4
Gadalann,area-52,192,warlock,destruction,6,2,4
Nameflagged,arathor,192,warlock,destruction,6,2,4
Msdotfire,nazjatar,192,warlock,destruction,6,2,4
Cholock,anubarak,192,warlock,destruction,6,2,4
Oprahofbolts,area-52,192,warlock,destruction,6,2,4
Greenjeans,greymane,192,warlock,destruction,6,2,4
Nazug,dark-iron,192,warlock,destruction,6,2,4
Ðuckworth,azralon,192,warlock,destruction,6,2,4
Afflicmindz,azralon,192,warlock,destruction,6,2,4
Fstndantilus,moonrunner,192,warlock,destruction,6,2,4
Rickrock,gnomeregan,192,warlock,destruction,6,2,4
Guisls,azralon,192,warlock,destruction,6,2,4
Amz,grizzly-hills,192,warlock,destruction,6,2,4
Itzlandox,emerald-dream,192,warlock,destruction,6,2,4
Adalaya,emerald-dream,192,warlock,destruction,6,2,4
Fbgmel,emerald-dream,192,warlock,destruction,6,2,4
Bigballslock,ragnaros,192,warlock,destruction,6,2,4
Snipsfan,hyjal,192,warlock,destruction,6,2,4
Rococo,emerald-dream,192,warlock,destruction,6,2,4
Mythh,hyjal,192,warlock,destruction,6,2,4
Srz,stormrage,192,warlock,destruction,6,2,4
Plzdont,blades-edge,192,warlock,destruction,6,2,4
Infant,agamaggan,192,warlock,destruction,6,2,4
Înfèçtìön,emerald-dream,192,warlock,destruction,6,2,4
Ballpain,sargeras,192,warlock,destruction,6,2,4
Xalcezar,sargeras,192,warlock,destruction,6,2,4
Gemnî,tichondrius,192,warlock,destruction,6,2,4
Vlaz,stormrage,192,warlock,destruction,6,2,4
Highdrozs,sargeras,192,warlock,destruction,6,2,4
Maxice,zuljin,192,warlock,destruction,6,2,4
Deanwarlock,sargeras,192,warlock,destruction,6,2,4
Ðamndaddy,sargeras,192,warlock,destruction,6,2,4
Petez,sargeras,192,warlock,destruction,6,2,4
Herewegoagai,zuljin,192,warlock,destruction,6,2,4
Arcaangell,sargeras,192,warlock,destruction,6,2,4
Dramylock,sargeras,192,warlock,destruction,6,2,4
Dôctor,tichondrius,192,warlock,destruction,6,2,4
Theredwolf,zuljin,192,warlock,destruction,6,2,4
Mutexlock,whisperwind,192,warlock,destruction,6,2,4
Cynnd,tichondrius,192,warlock,destruction,6,2,4
Toxik,zuljin,192,warlock,destruction,6,2,4
Sugarfire,nemesis,192,warlock,destruction,6,2,4
Fjklock,nemesis,192,warlock,destruction,6,2,4
Checkit,zuljin,192,warlock,destruction,6,2,4
Darkbaron,khadgar,192,warlock,destruction,6,2,4
Savemykoalas,tichondrius,192,warlock,destruction,6,2,4
Constantine,exodar,192,warlock,destruction,6,2,4
Lemdul,thrall,192,warlock,destruction,6,2,4
Lazzie,thrall,192,warlock,destruction,6,2,4
Zzamji,tichondrius,192,warlock,destruction,6,2,4
Mothapucka,thrall,192,warlock,destruction,6,2,4
Spicyfingers,illidan,192,warlock,destruction,6,2,4
Nefertarie,illidan,192,warlock,destruction,6,2,4
Hawkinz,illidan,192,warlock,destruction,6,2,4
Sinnâcle,illidan,192,warlock,destruction,6,2,4
Ibanez,bleeding-hollow,192,warlock,destruction,6,2,4
Nuradzec,illidan,192,warlock,destruction,6,2,4
Puddlepiimp,illidan,192,warlock,destruction,6,2,4
Gradek,dalaran,192,warlock,destruction,6,2,4
Encanis,dalaran,192,warlock,destruction,6,2,4
Hennydot,dalaran,192,warlock,destruction,6,2,4
Sokoz,dalaran,192,warlock,destruction,6,2,4
Nianas,ysondre,192,warlock,destruction,6,2,4
Damneddog,laughing-skull,192,warlock,destruction,6,2,4
Mesrhine,laughing-skull,192,warlock,destruction,6,2,4
Konarik,nagrand,192,warlock,destruction,6,2,4
Amazeus,tichondrius,192,warlock,destruction,6,2,4
Raisa,chogall,192,warlock,destruction,6,2,4
Gschism,ragnaros,192,warlock,destruction,6,2,4
Ourlegacy,tichondrius,192,warlock,destruction,6,2,4
Cthuga,frostmourne,192,warlock,destruction,6,2,4
Ganggu,tichondrius,192,warlock,destruction,6,2,4
Oopsíe,nagrand,192,warlock,destruction,6,2,4
Dæthh,moon-guard,192,warlock,destruction,6,2,4
Muffinlol,frostmourne,192,warlock,destruction,6,2,4
Dotsin,wyrmrest-accord,192,warlock,destruction,6,2,4
Hoimpypoimpy,moon-guard,192,warlock,destruction,6,2,4
Iadminl,moon-guard,192,warlock,destruction,6,2,4
Nightterrour,frostmourne,192,warlock,destruction,6,2,4
Nolb,tichondrius,192,warlock,destruction,6,2,4
Baalock,frostmourne,192,warlock,destruction,6,2,4
Rickystuart,tichondrius,192,warlock,destruction,6,2,4
Lostlove,moon-guard,192,warlock,destruction,6,2,4
Mortallicus,proudmoore,192,warlock,destruction,6,2,4
Hadeys,amanthul,192,warlock,destruction,6,2,4
Gihaewon,tichondrius,192,warlock,destruction,6,2,4
Vorkaz,moon-guard,192,warlock,destruction,6,2,4
Corruptious,frostmourne,192,warlock,destruction,6,2,4
Leine,proudmoore,192,warlock,destruction,6,2,4
Dchichi,tichondrius,192,warlock,destruction,6,2,4
Mlx,proudmoore,192,warlock,destruction,6,2,4
Dach,moon-guard,192,warlock,destruction,6,2,4
Eliraa,frostmourne,192,warlock,destruction,6,2,4
Idoturmum,frostmourne,192,warlock,destruction,6,2,4
Dedrae,silvermoon,192,warlock,destruction,6,2,4
Qbl,wyrmrest-accord,192,warlock,destruction,6,2,4
Cauldron,tichondrius,192,warlock,destruction,6,2,4
Yêrfdog,proudmoore,192,warlock,destruction,6,2,4
Flixon,tichondrius,192,warlock,destruction,6,2,4
Millions,barthilas,192,warlock,destruction,6,2,4
Imindanger,frostmourne,192,warlock,destruction,6,2,4
Asaveyous,wyrmrest-accord,192,warlock,destruction,6,2,4
Diabolock,proudmoore,192,warlock,destruction,6,2,4
Percadu,barthilas,192,warlock,destruction,6,2,4
Nüts,blackrock,192,warlock,destruction,6,2,4
Lolokayhaha,vashj,192,warlock,destruction,6,2,4
Apokálipse,frostmourne,192,warlock,destruction,6,2,4
Grelind,tichondrius,192,warlock,destruction,6,2,4
Ozie,proudmoore,192,warlock,destruction,6,2,4
Njunx,queldorei,192,warlock,destruction,6,2,4
Dotzlol,jubeithos,192,warlock,destruction,6,2,4
Moistdank,tichondrius,192,warlock,destruction,6,2,4
Outlanderr,tichondrius,192,warlock,destruction,6,2,4
Fluffylockk,bloodscalp,192,warlock,destruction,6,2,4
Tirisfel,tichondrius,192,warlock,destruction,6,2,4
Lexist,darkspear,192,warlock,destruction,6,2,4
Sinsky,darkspear,192,warlock,destruction,6,2,4
Gvz,tichondrius,192,warlock,destruction,6,2,4
Bleachkk,tichondrius,192,warlock,destruction,6,2,4
Shanelle,korgath,192,warlock,destruction,6,2,4
Poltergiiest,korgath,192,warlock,destruction,6,2,4
Drkdestro,boulderfist,192,warlock,destruction,6,2,4
Firoc,tichondrius,192,warlock,destruction,6,2,4
Altairo,illidan,192,warlock,destruction,8,2,6
Lîch,thunderlord,192,warlock,destruction,8,2,6
Cbq,stormrage,192,warlock,destruction,9,2,7
Tsunamibaby,anvilmar,192,warlock,destruction,9,2,7
Savubaloo,blackrock,192,warlock,destruction,15,3,12
Whydemono,tichondrius,192,warlock,destruction,10,2,8
Bladebank,kirin-tor,192,warlock,destruction,12,2,10
Dorath,archimonde,192,warlock,destruction,12,2,10
Daggondai,tichondrius,192,warlock,destruction,12,2,10
Hadés,aerie-peak,192,warlock,destruction,12,2,10
Mathérs,stormrage,192,warlock,destruction,12,2,10
Burnphase,sargeras,192,warlock,destruction,12,2,10
Asumi,nemesis,192,warlock,destruction,12,2,10
Wizie,arthas,192,warlock,destruction,12,2,10
Drzx,frostmourne,192,warlock,destruction,12,2,10
Zlocks,scilla,192,warlock,destruction,12,2,10
Kandrus,moon-guard,192,warlock,destruction,12,2,10
Proletariat,moon-guard,192,warlock,destruction,12,2,10
Beamac,cenarius,192,warlock,destruction,14,2,12
Pangppi,tichondrius,192,warlock,destruction,24,2,22
Eldrien,spirestone,191,warlock,destruction,12,2,10
Erindevil,demon-soul,191,warlock,destruction,12,2,10
Siheshepherd,hellscream,175,warlock,destruction,11,2,9
Dotyoazz,stormrage,159,warlock,destruction,5,2,3
Fearfeaster,tichondrius,159,warlock,destruction,5,2,3
Bashislayer,tichondrius,159,warlock,destruction,5,2,3
Eatmyboltz,hyjal,159,warlock,destruction,5,2,3
Prds,illidan,159,warlock,destruction,5,2,3
Lockycharms,sargeras,159,warlock,destruction,5,2,3
Lowvalue,illidan,159,warlock,destruction,5,2,3
Arkama,tichondrius,159,warlock,destruction,5,2,3
Zarson,illidan,159,warlock,destruction,5,2,3
Opple,burning-legion,144,warlock,destruction,9,2,7
Blakedogx,tichondrius,138,warlock,destruction,8,3,5
Saffuky,frostmourne,138,warlock,destruction,9,3,6
Gildedknight,arthas,138,warlock,destruction,10,3,7
Afróex,azralon,138,warlock,destruction,19,4,15
Catarina,kaelthas,128,warlock,destruction,4,2,2
Demonhart,moon-guard,128,warlock,destruction,4,2,2
Conilus,malganis,128,warlock,destruction,4,2,2
Thegoatmen,stormrage,128,warlock,destruction,4,2,2
Hentailust,kiljaeden,128,warlock,destruction,4,2,2
Oreo,velen,112,warlock,destruction,7,2,5
Deathlock,rexxar,112,warlock,destruction,7,2,5
Walljumper,thrall,105,warlock,destruction,13,4,9
Crankak,zuljin,96,warlock,destruction,3,2,1
Willsayan,ragnaros,96,warlock,destruction,3,2,1
Goodforyou,stormscale,96,warlock,destruction,3,2,1
Semodots,proudmoore,96,warlock,destruction,15,4,11
Jìbril,stormrage,96,warlock,destruction,6,1,5
Sphiltomis,dalaran,96,warlock,destruction,6,1,5
Scatach,area-52,96,warlock,destruction,6,1,5
Rhoobi,proudmoore,96,warlock,destruction,6,1,5
Cewkimonster,proudmoore,96,warlock,destruction,6,1,5
Resima,stormscale,96,warlock,destruction,6,1,5
Sleez,area-52,96,warlock,destruction,6,1,5
Killulock,area-52,96,warlock,destruction,6,1,5
Däemön,area-52,96,warlock,destruction,6,1,5
Lizlock,stormrage,96,warlock,destruction,6,1,5
Ursuxus,moon-guard,96,warlock,destruction,6,1,5
Siinistuh,tichondrius,96,warlock,destruction,6,1,5
Niubeelol,tichondrius,96,warlock,destruction,6,1,5
Jonstaimoist,blood-furnace,96,warlock,destruction,6,1,5
Nym,ysera,96,warlock,destruction,6,1,5
Rëappér,ragnaros,96,warlock,destruction,6,1,5
Gulgrin,eldrethalas,96,warlock,destruction,6,1,5
Loloxx,ragnaros,96,warlock,destruction,6,1,5
Jitza,bleeding-hollow,96,warlock,destruction,6,1,5
Bitrot,jubeithos,96,warlock,destruction,6,1,5
Réliok,quelthalas,96,warlock,destruction,6,1,5
Spellbøund,malorne,96,warlock,destruction,6,1,5
Infear,area-52,96,warlock,destruction,6,1,5
Fearxd,maiev,96,warlock,destruction,6,1,5
Nabuco,barthilas,96,warlock,destruction,6,1,5
Eldïablo,stormrage,96,warlock,destruction,6,1,5
Cornboil,tichondrius,96,warlock,destruction,6,1,5
Gamecobra,greymane,96,warlock,destruction,6,1,5
Hinatasu,greymane,96,warlock,destruction,6,1,5
Lánathel,ragnaros,96,warlock,destruction,6,1,5
Kuasta,shadowmoon,96,warlock,destruction,6,1,5
Kaotiq,area-52,96,warlock,destruction,6,1,5
Pspot,kiljaeden,96,warlock,destruction,6,1,5
Meinhundin,stormrage,96,warlock,destruction,6,1,5
Sheara,silver-hand,96,warlock,destruction,6,1,5
Lawkdown,dark-iron,96,warlock,destruction,6,1,5
Plaguedoctor,stormrage,96,warlock,destruction,6,1,5
Wetweenies,illidan,96,warlock,destruction,6,1,5
Mmfoodisgood,dalaran,96,warlock,destruction,6,1,5
Skeemer,azuremyst,96,warlock,destruction,6,1,5
Lokiiee,azuremyst,96,warlock,destruction,6,1,5
Pwnasaurus,barthilas,96,warlock,destruction,6,1,5
Dôtahôlic,tichondrius,96,warlock,destruction,6,1,5
Päpï,tichondrius,96,warlock,destruction,6,1,5
Tubarão,azralon,96,warlock,destruction,6,1,5
Zehzet,area-52,96,warlock,destruction,6,1,5
Aflictiyon,azralon,96,warlock,destruction,6,1,5
Dotomizer,moonrunner,96,warlock,destruction,6,1,5
Darkmatter,frostmourne,96,warlock,destruction,6,1,5
Adlfcritler,emerald-dream,96,warlock,destruction,6,1,5
Taddedlock,kelthuzad,96,warlock,destruction,6,1,5
Elaïla,area-52,96,warlock,destruction,6,1,5
Meanda,boulderfist,96,warlock,destruction,6,1,5
Yamamas,hakkar,96,warlock,destruction,6,1,5
Rennik,haomarush,96,warlock,destruction,6,1,5
Lockael,frostmourne,96,warlock,destruction,6,1,5
Shploopy,darkspear,96,warlock,destruction,6,1,5
Sèphìrøth,burning-legion,96,warlock,destruction,6,1,5
Mônkêy,kelthuzad,96,warlock,destruction,6,1,5
Lucifuhrerr,tichondrius,96,warlock,destruction,6,1,5
Radii,bladefist,96,warlock,destruction,6,1,5
Zohhan,tichondrius,96,warlock,destruction,6,1,5
Darkestholy,illidan,96,warlock,destruction,6,1,5
Demonellea,frostmourne,96,warlock,destruction,6,1,5
Chilevael,sargeras,96,warlock,destruction,6,1,5
Toryboltz,sargeras,96,warlock,destruction,6,1,5
Cursenkill,sargeras,96,warlock,destruction,6,1,5
Biigdaddyy,kelthuzad,96,warlock,destruction,6,1,5
Heffyboi,frostmourne,96,warlock,destruction,6,1,5
Robertloblah,sargeras,96,warlock,destruction,6,1,5
Kraguenöth,drakkari,96,warlock,destruction,6,1,5
Evvell,bleeding-hollow,96,warlock,destruction,6,1,5
Vexria,wyrmrest-accord,96,warlock,destruction,6,1,5
Xaryus,barthilas,96,warlock,destruction,6,1,5
Crushbucket,stormreaver,96,warlock,destruction,6,1,5
Saytiri,tichondrius,96,warlock,destruction,6,1,5
Kothoped,wyrmrest-accord,96,warlock,destruction,6,1,5
Jiwonpark,goldrinn,96,warlock,destruction,6,1,5
Yallsdead,frostmourne,96,warlock,destruction,6,1,5
Brah,tichondrius,96,warlock,destruction,6,1,5
Voky,whisperwind,96,warlock,destruction,6,1,5
Nächtxîüs,terenas,96,warlock,destruction,6,1,5
Wesyane,anetheron,96,warlock,destruction,6,1,5
Bosshoglock,whisperwind,96,warlock,destruction,6,1,5
Alcorick,moon-guard,96,warlock,destruction,6,1,5
Koillock,bleeding-hollow,96,warlock,destruction,6,1,5
Fearfaze,tichondrius,96,warlock,destruction,6,1,5
Siaokuai,tichondrius,96,warlock,destruction,6,1,5
Darkarts,uldum,96,warlock,destruction,6,1,5
Lazymongoose,frostmourne,96,warlock,destruction,6,1,5
Demonist,moon-guard,96,warlock,destruction,6,1,5
Seutóóbinha,stormrage,96,warlock,destruction,6,1,5
Medivhz,tichondrius,96,warlock,destruction,6,1,5
Mazip,vashj,96,warlock,destruction,6,1,5
Wickedicky,alleria,96,warlock,destruction,6,1,5
Winstonblack,moon-guard,96,warlock,destruction,6,1,5
Daycrazee,gorefiend,96,warlock,destruction,6,1,5
Charlîe,vashj,96,warlock,destruction,6,1,5
Kaossqt,azralon,96,warlock,destruction,6,1,5
Mílkduds,zuljin,96,warlock,destruction,6,1,5
Brothadoinks,zuljin,96,warlock,destruction,6,1,5
Vendareth,earthen-ring,96,warlock,destruction,6,1,5
Delaye,tichondrius,96,warlock,destruction,6,1,5
Thehempress,magtheridon,96,warlock,destruction,6,1,5
Yuengling,illidan,96,warlock,destruction,6,1,5
Bfaclâssic,zuljin,96,warlock,destruction,6,1,5
Lokinzz,tichondrius,96,warlock,destruction,6,1,5
Basticor,moon-guard,96,warlock,destruction,6,1,5
Druzzaj,thrall,96,warlock,destruction,6,1,5
Toelickerx,illidan,96,warlock,destruction,6,1,5
Projecto,tichondrius,96,warlock,destruction,6,1,5
Gsr,bleeding-hollow,96,warlock,destruction,6,1,5
Gëngãr,tichondrius,96,warlock,destruction,6,1,5
Alyxandros,illidan,96,warlock,destruction,6,1,5
Clairovibes,tichondrius,96,warlock,destruction,6,1,5
Talti,nathrezim,96,warlock,destruction,6,1,5
Alfizzle,illidan,96,warlock,destruction,6,1,5
Zanlockos,dalaran,96,warlock,destruction,6,1,5
Xyrantha,moon-guard,96,warlock,destruction,6,1,5
Wlnjr,kelthuzad,96,warlock,destruction,6,1,5
Mcpickl,illidan,96,warlock,destruction,6,1,5
Varix,frostmourne,96,warlock,destruction,6,1,5
Lilcarmy,emerald-dream,96,warlock,destruction,6,1,5
Wherelock,area-52,96,warlock,destruction,7,1,6
Theereäper,illidan,96,warlock,destruction,12,1,11
Paah,whisperwind,96,warlock,destruction,12,1,11
Neverknownwl,proudmoore,96,warlock,destruction,12,1,11
Warhola,tichondrius,96,warlock,destruction,12,1,11
Kreâtor,tichondrius,96,warlock,destruction,12,1,11
Ashlëen,ragnaros,96,warlock,destruction,12,1,11
Mythsubpar,tichondrius,96,warlock,destruction,12,1,11
Diddy,arygos,96,warlock,destruction,12,1,11
Nekranis,thrall,96,warlock,destruction,12,1,11
Kazragore,mannoroth,79,warlock,destruction,5,1,4
Ledmann,tichondrius,73,warlock,destruction,21,3,18
Retárdèr,tichondrius,64,warlock,destruction,10,1,9
Cokelime,sargeras,63,warlock,destruction,2,2,0
Thiccdoinkz,tichondrius,63,warlock,destruction,2,2,0
Salkaster,drakkari,63,warlock,destruction,8,2,6
Clevingert,frostmourne,48,warlock,destruction,3,1,2
Aoneandatwo,proudmoore,48,warlock,destruction,3,1,2
Chaosboltfan,area-52,48,warlock,destruction,3,1,2
Dotdzdotdoze,tichondrius,42,warlock,destruction,10,3,7
Kosugi,kelthuzad,42,warlock,destruction,8,2,6
Cannandewey,amanthul,42,warlock,destruction,9,2,7
Moräl,frostmourne,31,warlock,destruction,2,1,1
Amarexd,stormrage,31,warlock,destruction,2,1,1
Kandlia,tichondrius,31,warlock,destruction,2,1,1
Smithereenss,tichondrius,31,warlock,destruction,2,1,1
Morêdots,malganis,31,warlock,destruction,2,1,1
Jusmessin,tichondrius,31,warlock,destruction,2,1,1
Emurog,icecrown,30,warlock,destruction,12,6,6
Amonthuzad,blackrock,16,warlock,destruction,1,1,0
Lazygnom,azshara,16,warlock,destruction,1,1,0
Goofhu,sargeras,2270,warlock,affliction,102,62,40
Exgenshinpro,proudmoore,2232,warlock,affliction,166,91,75
Tcchiu,tichondrius,2174,warlock,affliction,59,34,25
Dewandoritos,kelthuzad,2166,warlock,affliction,177,89,88
Yandhi,bronzebeard,2129,warlock,affliction,46,30,16
Conradlenoir,illidan,2118,warlock,affliction,77,41,36
Octopus,nerzhul,2033,warlock,affliction,112,58,54
Arityy,tichondrius,2031,warlock,affliction,144,78,66
Goofgg,sargeras,2031,warlock,affliction,388,190,198
Burtreynolds,shattered-hand,2026,warlock,affliction,130,73,57
Steven,firetree,2018,warlock,affliction,66,38,28
Beamin,dentarg,2009,warlock,affliction,108,71,37
Oymmander,illidan,2008,warlock,affliction,66,40,26
Sphoo,tichondrius,2001,warlock,affliction,112,58,54
Shanyanghuxu,tichondrius,1997,warlock,affliction,48,30,18
Rangz,tichondrius,1983,warlock,affliction,84,45,39
Jimmyvagene,area-52,1973,warlock,affliction,94,46,48
Baxmoney,malganis,1973,warlock,affliction,84,37,47
Knothy,proudmoore,1967,warlock,affliction,108,57,51
Kålêïðøsçøpê,sargeras,1965,warlock,affliction,42,24,18
Pardoned,stormrage,1947,warlock,affliction,75,36,39
Aanx,dark-iron,1942,warlock,affliction,84,46,38
Wardyn,dragonmaw,1939,warlock,affliction,114,52,62
Idotû,tichondrius,1933,warlock,affliction,94,48,46
Boyahancook,tichondrius,1932,warlock,affliction,193,103,90
Dotdzdotdoze,tichondrius,1931,warlock,affliction,285,145,140
Gianni,chogall,1927,warlock,affliction,57,31,26
Jukethisxo,tichondrius,1925,warlock,affliction,123,73,50
Gekku,ragnaros,1917,warlock,affliction,83,49,34
Dyenamik,stormrage,1891,warlock,affliction,60,33,27
Exódia,tichondrius,1888,warlock,affliction,225,112,113
Hyoozy,illidan,1887,warlock,affliction,117,65,52
Venticm,tichondrius,1886,warlock,affliction,42,30,12
Diminish,sargeras,1880,warlock,affliction,185,91,94
Cumbledora,kelthuzad,1878,warlock,affliction,48,30,18
Forestfruit,tichondrius,1875,warlock,affliction,64,34,30
Slendyman,stormrage,1874,warlock,affliction,48,29,19
Rangrang,tichondrius,1873,warlock,affliction,108,51,57
Yellowfevr,thrall,1870,warlock,affliction,48,27,21
Hiro,steamwheedle-cartel,1860,warlock,affliction,159,87,72
Fallenis,proudmoore,1856,warlock,affliction,84,47,37
Albright,azralon,1853,warlock,affliction,71,38,33
Prnhbgødx,sargeras,1850,warlock,affliction,54,29,25
Beetlejoos,stormreaver,1848,warlock,affliction,142,77,65
Widenose,agamaggan,1847,warlock,affliction,77,43,34
Blackchinese,zuljin,1829,warlock,affliction,144,89,55
Fatherbolt,tichondrius,1819,warlock,affliction,30,20,10
Lostlock,sargeras,1818,warlock,affliction,132,73,59
Lockhippo,illidan,1818,warlock,affliction,58,30,28
Bugbugg,tichondrius,1814,warlock,affliction,51,38,13
Woopie,malfurion,1809,warlock,affliction,53,29,24
Calculator,tichondrius,1807,warlock,affliction,96,48,48
Mornnah,dalaran,1806,warlock,affliction,292,142,150
Warlocknroll,frostmourne,1803,warlock,affliction,47,21,26
Dröwzy,sargeras,1801,warlock,affliction,48,25,23
Phlares,stormrage,1798,warlock,affliction,71,30,41
Bigg,duskwood,1791,warlock,affliction,36,24,12
Renosa,illidan,1788,warlock,affliction,63,34,29
Limeriax,emerald-dream,1782,warlock,affliction,120,65,55
Lockprocz,kirin-tor,1779,warlock,affliction,48,24,24
Barovir,tichondrius,1776,warlock,affliction,42,25,17
Lucyloux,sargeras,1775,warlock,affliction,40,23,17
Leach,draktharon,1771,warlock,affliction,96,52,44
Gry,malganis,1767,warlock,affliction,34,19,15
Purp,vashj,1767,warlock,affliction,44,23,21
Duukka,malganis,1763,warlock,affliction,47,28,19
Abrocket,alleria,1763,warlock,affliction,78,38,40
Thecat,shattered-hand,1762,warlock,affliction,48,33,15
Portalgun,tichondrius,1759,warlock,affliction,72,35,37
Salival,chogall,1758,warlock,affliction,84,44,40
Fatals,thrall,1749,warlock,affliction,84,45,39
Amazeus,tichondrius,1747,warlock,affliction,64,36,28
Goofgoof,sargeras,1744,warlock,affliction,42,19,23
Ezgamejr,tichondrius,1740,warlock,affliction,52,30,22
Fancynuts,kiljaeden,1732,warlock,affliction,60,29,31
Phøbøs,hyjal,1725,warlock,affliction,36,23,13
Matrielan,azshara,1725,warlock,affliction,150,88,62
Voidrob,tichondrius,1713,warlock,affliction,54,31,23
Spreadlove,emerald-dream,1707,warlock,affliction,160,84,76
Àfflìction,tichondrius,1706,warlock,affliction,164,86,78
Dragoska,kiljaeden,1703,warlock,affliction,40,25,15
Înfy,sargeras,1703,warlock,affliction,30,18,12
Imadotyasan,shandris,1702,warlock,affliction,60,31,29
Swath,firetree,1700,warlock,affliction,60,30,30
Locklist,frostmourne,1695,warlock,affliction,78,41,37
Eraticlock,illidan,1687,warlock,affliction,49,30,19
Cslice,magtheridon,1686,warlock,affliction,36,20,16
Strudelfears,tichondrius,1685,warlock,affliction,119,75,44
Grimdreams,malganis,1677,warlock,affliction,43,25,18
Hilzin,area-52,1665,warlock,affliction,120,62,58
Sâltylôck,tichondrius,1654,warlock,affliction,47,24,23
Buccs,barthilas,1652,warlock,affliction,29,20,9
Felegance,proudmoore,1652,warlock,affliction,49,22,27
Arcziz,tichondrius,1647,warlock,affliction,95,53,42
Dpz,spirestone,1645,warlock,affliction,30,18,12
Ticktickdoom,sargeras,1641,warlock,affliction,80,38,42
Bigdammich,bleeding-hollow,1639,warlock,affliction,72,37,35
Jordhan,barthilas,1639,warlock,affliction,36,18,18
Urwjoa,tichondrius,1638,warlock,affliction,134,70,64
Wojii,kelthuzad,1636,warlock,affliction,44,24,20
Sventka,ragnaros,1635,warlock,affliction,473,241,232
Eh,laughing-skull,1634,warlock,affliction,184,88,96
Kopium,tichondrius,1633,warlock,affliction,57,34,23
Hauntx,bonechewer,1632,warlock,affliction,45,22,23
Vardros,moon-guard,1626,warlock,affliction,60,33,27
Shadowhax,area-52,1620,warlock,affliction,50,23,27
Dotplaystyle,blackrock,1617,warlock,affliction,101,46,55
Mørøs,tichondrius,1615,warlock,affliction,150,91,59
Elend,elune,1611,warlock,affliction,60,40,20
Dottcha,blackrock,1611,warlock,affliction,72,42,30
Lessthanjake,zuljin,1610,warlock,affliction,66,40,26
Jkun,malganis,1608,warlock,affliction,126,70,56
Liarz,tichondrius,1606,warlock,affliction,84,40,44
Catarina,kaelthas,1605,warlock,affliction,33,18,15
Forcedbeejay,sargeras,1604,warlock,affliction,84,46,38
Asetiks,tichondrius,1604,warlock,affliction,42,22,20
Fasteddywow,arygos,1603,warlock,affliction,71,41,30
Razlock,moon-guard,1603,warlock,affliction,119,67,52
Slothycrip,emerald-dream,1602,warlock,affliction,71,39,32
Dlarenn,kelthuzad,1602,warlock,affliction,36,17,19
Tjdotter,stormrage,1600,warlock,affliction,30,19,11
Chilipeppa,wyrmrest-accord,1598,warlock,affliction,94,47,47
Demonkiiller,kelthuzad,1597,warlock,affliction,49,25,24
Uggaboogga,malganis,1597,warlock,affliction,36,17,19
Evarona,gorefiend,1596,warlock,affliction,84,41,43
Sinápsís,ragnaros,1593,warlock,affliction,30,18,12
Dotymania,aegwynn,1593,warlock,affliction,30,18,12
Cokeparty,tichondrius,1591,warlock,affliction,120,57,63
Vialdkaseun,muradin,1590,warlock,affliction,162,75,87
Unsee,sargeras,1589,warlock,affliction,113,61,52
Waifucandy,tichondrius,1588,warlock,affliction,60,29,31
Mechnite,sargeras,1586,warlock,affliction,67,31,36
Xentzor,auchindoun,1585,warlock,affliction,96,48,48
Parmenides,tichondrius,1584,warlock,affliction,210,110,100
Xoxoxoxoxo,lightnings-blade,1584,warlock,affliction,93,47,46
Damage,khadgar,1584,warlock,affliction,66,33,33
Zod,burning-legion,1582,warlock,affliction,45,22,23
Zeraedify,bleeding-hollow,1580,warlock,affliction,48,21,27
Autotheism,whisperwind,1579,warlock,affliction,101,50,51
Nightkiss,sargeras,1578,warlock,affliction,48,22,26
Wtb,blackrock,1571,warlock,affliction,36,22,14
Sìnister,nazgrel,1569,warlock,affliction,77,49,28
Glifosáto,quelthalas,1569,warlock,affliction,54,32,22
Squirtwee,frostmourne,1569,warlock,affliction,245,120,125
Hauntgød,tichondrius,1558,warlock,affliction,66,38,28
Adeadsaint,boulderfist,1557,warlock,affliction,59,34,25
Laurela,aegwynn,1557,warlock,affliction,201,101,100
Auntzhang,tichondrius,1552,warlock,affliction,41,17,24
Mattypatty,the-forgotten-coast,1550,warlock,affliction,80,43,37
Oogren,korgath,1548,warlock,affliction,36,19,17
Muffîn,moon-guard,1548,warlock,affliction,61,32,29
Mitryc,illidan,1540,warlock,affliction,55,26,29
Disneytoon,moon-guard,1536,warlock,affliction,36,18,18
Bigdamege,tichondrius,1535,warlock,affliction,24,17,7
Sillyrabbut,kelthuzad,1534,warlock,affliction,240,123,117
Ðåntë,thrall,1532,warlock,affliction,62,32,30
Swinefrommud,zuljin,1530,warlock,affliction,36,16,20
Pykorrg,ragnaros,1529,warlock,affliction,59,27,32
Cuteboy,tichondrius,1528,warlock,affliction,96,60,36
Dirtydotting,nerzhul,1524,warlock,affliction,30,17,13
Deangood,tichondrius,1523,warlock,affliction,54,31,23
Stopdot,lightnings-blade,1522,warlock,affliction,77,41,36
Erolidra,blackrock,1519,warlock,affliction,30,16,14
Daëmön,stormrage,1516,warlock,affliction,36,17,19
Dotte,tichondrius,1514,warlock,affliction,42,27,15
Yanned,hakkar,1514,warlock,affliction,99,51,48
Aroug,aggramar,1512,warlock,affliction,122,66,56
Tyicuslok,tichondrius,1510,warlock,affliction,60,31,29
Sheboy,moon-guard,1509,warlock,affliction,96,52,44
Buckéthéad,arathor,1504,warlock,affliction,108,54,54
Stalezz,barthilas,1504,warlock,affliction,92,46,46
Aomniloltv,zuljin,1500,warlock,affliction,152,78,74
Loodle,moon-guard,1494,warlock,affliction,47,23,24
Freddiewill,tichondrius,1492,warlock,affliction,59,33,26
Babydots,stormreaver,1491,warlock,affliction,71,36,35
Dautenit,illidan,1490,warlock,affliction,71,34,37
Crazikrix,area-52,1488,warlock,affliction,118,62,56
Belaflore,moon-guard,1488,warlock,affliction,36,18,18
Wizxin,emerald-dream,1488,warlock,affliction,78,38,40
Dghuldahn,bleeding-hollow,1486,warlock,affliction,66,40,26
Benafflock,kaelthas,1486,warlock,affliction,54,26,28
Ouijafaps,sargeras,1479,warlock,affliction,66,36,30
Soulripped,area-52,1473,warlock,affliction,106,56,50
Methrocks,emerald-dream,1472,warlock,affliction,82,46,36
Moräl,frostmourne,1470,warlock,affliction,51,25,26
Catdrugs,kelthuzad,1461,warlock,affliction,34,16,18
Flangy,kiljaeden,1460,warlock,affliction,132,69,63
Yuckytoetoe,emerald-dream,1458,warlock,affliction,54,32,22
Juleno,quelthalas,1458,warlock,affliction,30,17,13
Chadre,feathermoon,1456,warlock,affliction,76,40,36
Infecçäo,stormrage,1455,warlock,affliction,46,23,23
Yisuschríst,quelthalas,1453,warlock,affliction,39,23,16
Frylock,frostmourne,1451,warlock,affliction,206,103,103
Tribulatiön,moon-guard,1451,warlock,affliction,77,34,43
Snuzzock,darkspear,1449,warlock,affliction,53,25,28
Munch,khadgar,1446,warlock,affliction,44,22,22
Vaalac,tichondrius,1443,warlock,affliction,576,282,294
Benaffllock,turalyon,1439,warlock,affliction,30,18,12
Dotsarehot,dreadmaul,1436,warlock,affliction,54,26,28
Xicó,tichondrius,1435,warlock,affliction,64,31,33
Fearfaze,tichondrius,1433,warlock,affliction,60,27,33
Snuffe,vashj,1432,warlock,affliction,103,60,43
Torowasabi,tichondrius,1432,warlock,affliction,65,29,36
Richãrd,area-52,1431,warlock,affliction,24,15,9
Percadu,barthilas,1431,warlock,affliction,36,16,20
Sweetjuly,area-52,1429,warlock,affliction,87,52,35
Locker,lightnings-blade,1429,warlock,affliction,42,25,17
Maxcorrupted,sargeras,1428,warlock,affliction,41,23,18
Sasaology,barthilas,1428,warlock,affliction,64,27,37
Droppindots,frostmane,1423,warlock,affliction,72,38,34
Tsalagi,sargeras,1421,warlock,affliction,151,79,72
Varvanta,proudmoore,1420,warlock,affliction,48,18,30
Garthbrookz,bleeding-hollow,1418,warlock,affliction,63,29,34
Soulcore,area-52,1416,warlock,affliction,24,15,9
Justganmore,tichondrius,1416,warlock,affliction,83,43,40
Livingdead,dreadmaul,1414,warlock,affliction,41,20,21
Hottyscotty,tichondrius,1414,warlock,affliction,97,46,51
Aerumna,barthilas,1412,warlock,affliction,42,19,23
Beitrice,barthilas,1412,warlock,affliction,54,21,33
Awp,malganis,1410,warlock,affliction,66,35,31
Skoobler,tichondrius,1409,warlock,affliction,99,54,45
Sîthfu,tichondrius,1409,warlock,affliction,77,37,40
Marà,ragnaros,1409,warlock,affliction,45,18,27
Dårkfyre,kiljaeden,1406,warlock,affliction,24,15,9
Jumlock,illidan,1406,warlock,affliction,58,33,25
Elliarquet,akama,1404,warlock,affliction,106,52,54
Nookíe,azralon,1399,warlock,affliction,66,34,32
Cantibor,illidan,1398,warlock,affliction,112,60,52
Fowll,frostwolf,1397,warlock,affliction,127,74,53
Sinesta,bleeding-hollow,1397,warlock,affliction,60,33,27
Ciprýan,azralon,1394,warlock,affliction,48,30,18
Karpawarlock,ragnaros,1394,warlock,affliction,84,47,37
Ialfizzle,dethecus,1392,warlock,affliction,78,38,40
Diosban,malganis,1391,warlock,affliction,48,20,28
Nutzosaurus,darkspear,1390,warlock,affliction,78,40,38
Äffie,aerie-peak,1390,warlock,affliction,144,70,74
Morgil,suramar,1389,warlock,affliction,39,20,19
Chachanoobx,sargeras,1387,warlock,affliction,48,23,25
Captrollol,tichondrius,1385,warlock,affliction,44,27,17
Tuerie,illidan,1385,warlock,affliction,60,34,26
Soloart,tichondrius,1385,warlock,affliction,36,15,21
Winipuhmalo,quelthalas,1384,warlock,affliction,59,33,26
Sugarwaffles,area-52,1378,warlock,affliction,36,23,13
Gordaroth,barthilas,1376,warlock,affliction,41,24,17
Boreo,ragnaros,1376,warlock,affliction,48,23,25
Koiboii,tichondrius,1374,warlock,affliction,36,20,16
Popdotdropit,frostwolf,1372,warlock,affliction,29,15,14
Nicodareus,hellscream,1369,warlock,affliction,45,25,20
Søül,tichondrius,1368,warlock,affliction,42,21,21
Onmyioji,dalaran,1367,warlock,affliction,24,16,8
Apéx,frostmourne,1367,warlock,affliction,35,18,17
Dankdôtz,stormrage,1365,warlock,affliction,42,18,24
Mysoultotake,sargeras,1364,warlock,affliction,48,26,22
Bbangtimo,tichondrius,1363,warlock,affliction,26,15,11
Acceptdeath,stormrage,1362,warlock,affliction,30,17,13
Lockneo,stormrage,1362,warlock,affliction,180,98,82
Jìbril,stormrage,1359,warlock,affliction,36,15,21
Thoxy,barthilas,1358,warlock,affliction,102,52,50
Kimis,proudmoore,1358,warlock,affliction,54,23,31
Dippindots,boulderfist,1355,warlock,affliction,116,56,60
Feoona,hyjal,1354,warlock,affliction,72,41,31
Zinkro,quelthalas,1353,warlock,affliction,141,80,61
Eilethen,cenarion-circle,1350,warlock,affliction,34,15,19
Newmanz,nerzhul,1343,warlock,affliction,36,14,22
Cvoaw,bonechewer,1342,warlock,affliction,19,15,4
Nutted,dentarg,1342,warlock,affliction,24,14,10
Dotpocket,runetotem,1342,warlock,affliction,36,14,22
Alterity,kelthuzad,1339,warlock,affliction,24,14,10
Kickg,tichondrius,1335,warlock,affliction,24,14,10
Haì,illidan,1334,warlock,affliction,24,14,10
Atraedes,moon-guard,1333,warlock,affliction,104,56,48
Hairydotter,doomhammer,1333,warlock,affliction,60,32,28
Nazrakin,malganis,1333,warlock,affliction,54,26,28
Fatuglyegirl,sargeras,1331,warlock,affliction,63,30,33
Novichok,amanthul,1330,warlock,affliction,42,19,23
Gregg,laughing-skull,1329,warlock,affliction,174,94,80
Lemdul,thrall,1329,warlock,affliction,54,26,28
Mèsut,malganis,1327,warlock,affliction,36,24,12
Warakaso,ragnaros,1327,warlock,affliction,60,37,23
Pepzz,emerald-dream,1327,warlock,affliction,48,23,25
Techs,tichondrius,1326,warlock,affliction,18,14,4
Amaroth,spinebreaker,1326,warlock,affliction,56,27,29
Aights,zuljin,1325,warlock,affliction,92,38,54
Thisist,kiljaeden,1324,warlock,affliction,24,16,8
Astarõth,zuljin,1324,warlock,affliction,30,14,16
Yeepzbytre,bleeding-hollow,1320,warlock,affliction,30,14,16
Zeviaem,quelthalas,1319,warlock,affliction,30,14,16
Yyoyo,tichondrius,1318,warlock,affliction,36,24,12
Munick,spirestone,1318,warlock,affliction,54,27,27
Spi,chogall,1317,warlock,affliction,164,81,83
Curaven,emerald-dream,1316,warlock,affliction,47,19,28
Mïer,tichondrius,1315,warlock,affliction,89,47,42
Dercrow,quelthalas,1314,warlock,affliction,38,21,17
Aikonor,stormrage,1313,warlock,affliction,99,49,50
Yosuljaengi,stormrage,1312,warlock,affliction,166,87,79
Cynic,uther,1312,warlock,affliction,36,15,21
Valtimorh,ragnaros,1309,warlock,affliction,48,25,23
Psx,frostmourne,1308,warlock,affliction,30,14,16
Hemmlock,moknathal,1306,warlock,affliction,57,26,31
Côp,tichondrius,1303,warlock,affliction,71,31,40
Violentx,tichondrius,1301,warlock,affliction,45,20,25
Baiano,nagrand,1297,warlock,affliction,58,26,32
Castngcouch,tichondrius,1296,warlock,affliction,117,62,55
Obertito,kelthuzad,1296,warlock,affliction,50,26,24
Hiddentech,saurfang,1295,warlock,affliction,17,14,3
Fluffylockk,bloodscalp,1295,warlock,affliction,52,26,26
Merlinguini,cenarion-circle,1294,warlock,affliction,29,14,15
Ragnalock,laughing-skull,1294,warlock,affliction,42,20,22
Punished,arthas,1293,warlock,affliction,56,30,26
Tizl,tichondrius,1291,warlock,affliction,253,121,132
Oblivious,firetree,1290,warlock,affliction,30,14,16
Moxz,garona,1289,warlock,affliction,109,48,61
Dotsonthots,frostmourne,1288,warlock,affliction,24,14,10
Pipeo,quelthalas,1288,warlock,affliction,126,72,54
Skrufenjoyer,sargeras,1288,warlock,affliction,221,113,108
Arillus,thrall,1287,warlock,affliction,119,59,60
Symplicìty,area-52,1286,warlock,affliction,54,35,19
Ysnou,nemesis,1283,warlock,affliction,42,24,18
Gnock,garona,1283,warlock,affliction,71,32,39
Avatar,uldum,1283,warlock,affliction,60,26,34
Irene,nagrand,1281,warlock,affliction,43,24,19
Beelzismurph,emerald-dream,1281,warlock,affliction,63,31,32
Lockaloga,azralon,1278,warlock,affliction,52,29,23
Aalkaid,dathremar,1273,warlock,affliction,54,31,23
Zamorakk,nemesis,1272,warlock,affliction,58,33,25
Blliizz,aegwynn,1268,warlock,affliction,27,15,12
Volsace,moon-guard,1267,warlock,affliction,30,14,16
Tohkisaeki,dalaran,1266,warlock,affliction,90,48,42
Lisaleda,stormrage,1263,warlock,affliction,30,16,14
Eyedot,stormscale,1258,warlock,affliction,30,20,10
Wallow,thunderhorn,1258,warlock,affliction,65,34,31
Rickrock,gnomeregan,1257,warlock,affliction,46,22,24
Fshi,frostmourne,1252,warlock,affliction,98,54,44
Nestpas,tichondrius,1250,warlock,affliction,47,20,27
Aeonss,stormrage,1249,warlock,affliction,64,31,33
Killernix,drakkari,1247,warlock,affliction,60,33,27
Gentleq,tichondrius,1246,warlock,affliction,24,13,11
Coolwipp,demon-soul,1246,warlock,affliction,239,118,121
Mindfulchimp,sargeras,1246,warlock,affliction,50,21,29
Whathurts,tichondrius,1245,warlock,affliction,85,48,37
Quitxmanlm,tichondrius,1245,warlock,affliction,24,13,11
Drowzy,undermine,1245,warlock,affliction,30,13,17
Kreatur,ragnaros,1244,warlock,affliction,60,28,32
Balveer,tichondrius,1243,warlock,affliction,28,14,14
Stonelocke,area-52,1242,warlock,affliction,30,14,16
Veerdz,area-52,1239,warlock,affliction,24,13,11
Lotdon,blackrock,1237,warlock,affliction,113,50,63
Garbocan,area-52,1235,warlock,affliction,24,13,11
Reckzet,stormrage,1234,warlock,affliction,24,13,11
Squasum,sargeras,1232,warlock,affliction,156,81,75
Mymmic,ragnaros,1232,warlock,affliction,100,46,54
Lilliara,korgath,1232,warlock,affliction,41,16,25
Cilium,illidan,1231,warlock,affliction,24,13,11
Phelly,frostmourne,1231,warlock,affliction,116,62,54
Drugia,stormrage,1231,warlock,affliction,98,47,51
Cascades,icecrown,1228,warlock,affliction,37,19,18
Caustikk,malganis,1225,warlock,affliction,24,13,11
Iainmbanks,barthilas,1224,warlock,affliction,315,151,164
Saltyfries,wildhammer,1224,warlock,affliction,54,22,32
Juniorsalanu,quelthalas,1219,warlock,affliction,97,43,54
Kyugin,goldrinn,1217,warlock,affliction,32,13,19
Mothapucka,thrall,1216,warlock,affliction,42,14,28
Jennifear,sargeras,1212,warlock,affliction,24,13,11
Kogath,thunderlord,1209,warlock,affliction,53,29,24
Finnek,moon-guard,1207,warlock,affliction,42,24,18
Lamdyn,moon-guard,1202,warlock,affliction,20,14,6
Losecontrol,illidan,1201,warlock,affliction,24,13,11
Bashel,sargeras,1199,warlock,affliction,83,47,36
Eightyfall,barthilas,1188,warlock,affliction,52,23,29
Gurlock,illidan,1187,warlock,affliction,48,27,21
Azâziel,ragnaros,1184,warlock,affliction,45,24,21
Slakiejr,darkspear,1180,warlock,affliction,22,13,9
Critthis,illidan,1175,warlock,affliction,42,21,21
Candykrush,tichondrius,1173,warlock,affliction,30,18,12
Batär,area-52,1171,warlock,affliction,62,26,36
Púp,bleeding-hollow,1167,warlock,affliction,19,13,6
Paparoxy,illidan,1167,warlock,affliction,34,18,16
Poltergiiest,korgath,1164,warlock,affliction,24,13,11
Khatrat,azralon,1164,warlock,affliction,106,43,63
Deusita,kelthuzad,1164,warlock,affliction,62,25,37
Zaliki,hellscream,1161,warlock,affliction,36,22,14
Ioroselmi,illidan,1161,warlock,affliction,38,16,22
Lomeron,sargeras,1153,warlock,affliction,30,14,16
Promann,drakkari,1151,warlock,affliction,12,12,0
Háydn,azuremyst,1151,warlock,affliction,18,12,6
Vexe,tichondrius,1151,warlock,affliction,18,12,6
Ruegger,stormscale,1151,warlock,affliction,90,39,51
Guldåniel,tichondrius,1150,warlock,affliction,18,12,6
Kruxxqt,illidan,1150,warlock,affliction,24,12,12
Miredö,tichondrius,1150,warlock,affliction,28,13,15
Tìdals,zuljin,1149,warlock,affliction,18,12,6
Rakshama,chogall,1148,warlock,affliction,24,12,12
Yoyoling,illidan,1147,warlock,affliction,130,65,65
Jensho,wyrmrest-accord,1147,warlock,affliction,32,14,18
Necroñomicon,malganis,1145,warlock,affliction,18,12,6
Millyvanilly,tichondrius,1140,warlock,affliction,24,12,12
Studious,sargeras,1139,warlock,affliction,26,15,11
Buucocky,proudmoore,1136,warlock,affliction,30,16,14
Kokoto,azralon,1134,warlock,affliction,82,49,33
Doombaby,zuljin,1124,warlock,affliction,24,12,12
Lockinha,azralon,1123,warlock,affliction,42,16,26
Päinoth,wyrmrest-accord,1122,warlock,affliction,42,26,16
Nedrien,moon-guard,1120,warlock,affliction,54,28,26
Drskeeters,malganis,1116,warlock,affliction,26,13,13
Zrx,proudmoore,1115,warlock,affliction,69,27,42
Joung,tichondrius,1114,warlock,affliction,20,13,7
Sammythebull,frostwolf,1114,warlock,affliction,50,24,26
Fearocity,argent-dawn,1111,warlock,affliction,74,33,41
Lilpewpeww,bleeding-hollow,1109,warlock,affliction,135,65,70
Sylencia,demon-soul,1107,warlock,affliction,36,13,23
Zipstream,dark-iron,1104,warlock,affliction,36,13,23
Dipdip,illidan,1097,warlock,affliction,63,25,38
Littlepain,goldrinn,1071,warlock,affliction,30,14,16
Maelganis,thrall,1063,warlock,affliction,35,13,22
Hungovermate,barthilas,1062,warlock,affliction,25,16,9
Krïttzïe,proudmoore,1061,warlock,affliction,120,60,60
Felmort,bleeding-hollow,1059,warlock,affliction,48,19,29
Geofar,bleeding-hollow,1055,warlock,affliction,24,11,13
Wreyz,mannoroth,1053,warlock,affliction,18,11,7
Gateor,zuljin,1051,warlock,affliction,24,11,13
Beetlegiese,doomhammer,1051,warlock,affliction,58,26,32
Ellneggro,zuljin,1050,warlock,affliction,21,12,9
Lockfold,illidan,1050,warlock,affliction,24,11,13
Naburn,tichondrius,1049,warlock,affliction,24,11,13
Foxyloxy,hakkar,1048,warlock,affliction,20,11,9
Eastwitch,ragnaros,1048,warlock,affliction,24,11,13
Pauldiesel,ragnaros,1048,warlock,affliction,26,11,15
Guacamolock,drakkari,1045,warlock,affliction,24,11,13
Cozu,tichondrius,1045,warlock,affliction,30,11,19
Deatthmoon,stormrage,1044,warlock,affliction,21,12,9
Mangku,frostmourne,1042,warlock,affliction,46,19,27
Teaset,hellscream,1039,warlock,affliction,66,33,33
Elander,azuremyst,1038,warlock,affliction,35,18,17
Rorrlex,muradin,1037,warlock,affliction,42,20,22
Berszerk,quelthalas,1037,warlock,affliction,30,11,19
Donnellus,frostmane,1028,warlock,affliction,24,14,10
Basticor,moon-guard,1024,warlock,affliction,42,18,24
Halzarn,agamaggan,1021,warlock,affliction,42,23,19
Medallok,laughing-skull,1021,warlock,affliction,54,28,26
Arzenexx,malganis,1019,warlock,affliction,60,33,27
Fyahwalka,aggramar,1019,warlock,affliction,73,27,46
Aerozyn,wyrmrest-accord,1012,warlock,affliction,42,23,19
Dirtydeikan,stormrage,1012,warlock,affliction,71,32,39
Duuka,malganis,1008,warlock,affliction,15,12,3
Darkestholy,illidan,1006,warlock,affliction,23,11,12
Corvos,garrosh,1001,warlock,affliction,32,12,20
Lilhazard,area-52,1000,warlock,affliction,46,14,32
Wizlox,illidan,996,warlock,affliction,33,11,22
Testicoils,sargeras,988,warlock,affliction,20,11,9
Whydemono,tichondrius,982,warlock,affliction,26,11,15
Dreadloxx,whisperwind,980,warlock,affliction,60,29,31
Medran,azralon,976,warlock,affliction,122,63,59
Shadöwdancer,uldum,973,warlock,affliction,30,18,12
Halotricks,eredar,968,warlock,affliction,78,37,41
Avelmi,daggerspine,964,warlock,affliction,31,11,20
Cássandra,ragnaros,963,warlock,affliction,18,11,7
Ikis,cenarion-circle,963,warlock,affliction,29,16,13
Wardocc,sargeras,962,warlock,affliction,66,31,35
Joednalol,tichondrius,960,warlock,affliction,18,10,8
Threk,quelthalas,960,warlock,affliction,18,10,8
Velanthra,skullcrusher,960,warlock,affliction,24,10,14
Tailsy,proudmoore,959,warlock,affliction,18,10,8
Niubeelol,tichondrius,959,warlock,affliction,24,10,14
Lapandemica,gorefiend,959,warlock,affliction,24,10,14
Bobbyross,garrosh,958,warlock,affliction,16,11,5
Makumbeiro,sargeras,958,warlock,affliction,18,10,8
Malagas,tichondrius,958,warlock,affliction,18,10,8
Mxd,ragnaros,958,warlock,affliction,18,10,8
Xdq,malganis,957,warlock,affliction,27,12,15
Ttub,stormrage,957,warlock,affliction,24,10,14
Qualio,thrall,957,warlock,affliction,24,10,14
Buboñic,area-52,956,warlock,affliction,24,10,14
Kåos,kelthuzad,954,warlock,affliction,18,10,8
Sapaqlia,quelthalas,951,warlock,affliction,27,11,16
Victani,gallywix,946,warlock,affliction,18,10,8
Oreo,velen,942,warlock,affliction,30,10,20
Avadakedávra,darkspear,941,warlock,affliction,18,10,8
Malleus,drakkari,932,warlock,affliction,68,29,39
Downing,drakkari,932,warlock,affliction,83,31,52
Radiscul,dragonmaw,929,warlock,affliction,27,13,14
Jyxxy,arthas,925,warlock,affliction,68,31,37
Mpm,dragonmaw,906,warlock,affliction,30,15,15
Britainwl,azshara,892,warlock,affliction,30,13,17
Persianloc,tichondrius,888,warlock,affliction,29,10,19
Yury,scarlet-crusade,880,warlock,affliction,23,10,13
Halciyon,dalvengyr,874,warlock,affliction,25,10,15
Nöxïöüs,sargeras,864,warlock,affliction,12,9,3
Ruphilin,fizzcrank,864,warlock,affliction,12,9,3
Quitxman,tichondrius,864,warlock,affliction,12,9,3
Conboee,tichondrius,864,warlock,affliction,12,9,3
Minglocked,proudmoore,864,warlock,affliction,18,9,9
Crayonchewer,alleria,864,warlock,affliction,18,9,9
Tvfazedorito,kelthuzad,864,warlock,affliction,18,9,9
Bakko,tichondrius,864,warlock,affliction,18,9,9
Oldwing,illidan,864,warlock,affliction,18,9,9
Jfet,sargeras,864,warlock,affliction,18,9,9
Dejagu,tichondrius,864,warlock,affliction,24,9,15
Halloweèn,kelthuzad,863,warlock,affliction,12,9,3
Bjarke,malganis,863,warlock,affliction,12,9,3
Demonycc,archimonde,863,warlock,affliction,12,9,3
Dethklokx,tichondrius,863,warlock,affliction,15,10,5
Búmchúm,frostmourne,863,warlock,affliction,18,9,9
Wanglock,blackrock,863,warlock,affliction,18,9,9
Devdolittle,tichondrius,863,warlock,affliction,18,9,9
Sslock,sargeras,863,warlock,affliction,18,9,9
Riptyler,illidan,863,warlock,affliction,18,9,9
Reckiga,sargeras,863,warlock,affliction,18,9,9
Twilson,moon-guard,863,warlock,affliction,18,9,9
Ipssa,tichondrius,863,warlock,affliction,24,9,15
Kryllua,tichondrius,863,warlock,affliction,27,10,17
Chde,ragnaros,862,warlock,affliction,12,9,3
Nerd,fizzcrank,862,warlock,affliction,12,9,3
Sesyid,tichondrius,862,warlock,affliction,18,9,9
Willogan,gurubashi,862,warlock,affliction,18,9,9
Astralrunner,moon-guard,862,warlock,affliction,18,9,9
Scarysherri,aggramar,862,warlock,affliction,24,9,15
Sarkahn,sargeras,862,warlock,affliction,24,9,15
Conkeldurr,tichondrius,861,warlock,affliction,12,9,3
Vyntras,kelthuzad,861,warlock,affliction,18,9,9
Bignoselock,illidan,861,warlock,affliction,18,9,9
Podda,shuhalo,860,warlock,affliction,12,9,3
Abyssisle,malygos,860,warlock,affliction,20,10,10
Holloch,bonechewer,860,warlock,affliction,18,9,9
Smockalock,proudmoore,857,warlock,affliction,18,9,9
Tinydotz,hydraxis,856,warlock,affliction,18,10,8
Mörgana,quelthalas,856,warlock,affliction,19,10,9
Yratiprocs,ysera,853,warlock,affliction,18,9,9
Lachs,jubeithos,844,warlock,affliction,18,9,9
Thetopg,bronzebeard,834,warlock,affliction,37,17,20
Mustacheguy,tichondrius,805,warlock,affliction,29,9,20
Mgodx,tichondrius,799,warlock,affliction,16,9,7
Handlevil,stormrage,787,warlock,affliction,16,9,7
Hexxüs,area-52,784,warlock,affliction,19,9,10
Demfearslol,terokkar,776,warlock,affliction,27,11,16
Hahahahahha,stormrage,768,warlock,affliction,12,8,4
Gasgrassnass,sargeras,768,warlock,affliction,12,8,4
Kåléïðøsçøpè,sargeras,768,warlock,affliction,12,8,4
Feetsampler,stormrage,768,warlock,affliction,12,8,4
Dötsonurpp,stormrage,768,warlock,affliction,12,8,4
Sadoldman,malganis,768,warlock,affliction,12,8,4
Torchie,moon-guard,768,warlock,affliction,12,8,4
Slothdots,tichondrius,768,warlock,affliction,12,8,4
Jierd,tichondrius,768,warlock,affliction,12,8,4
Hutchyw,tichondrius,768,warlock,affliction,12,8,4
Richãrdjr,area-52,768,warlock,affliction,12,8,4
Breeped,tichondrius,768,warlock,affliction,15,9,6
Yogurtslingr,tichondrius,768,warlock,affliction,18,8,10
Frylockk,mugthol,768,warlock,affliction,18,8,10
Brujoalfa,ragnaros,767,warlock,affliction,12,8,4
Warlockmf,sargeras,767,warlock,affliction,12,8,4
Herladytha,aegwynn,767,warlock,affliction,12,8,4
Wreckquiem,draka,767,warlock,affliction,12,8,4
Pillçosby,bleeding-hollow,767,warlock,affliction,12,8,4
Antigotenent,sargeras,767,warlock,affliction,12,8,4
Chaoticchaos,kelthuzad,767,warlock,affliction,17,10,7
Pokendot,illidan,767,warlock,affliction,18,8,10
Fearharder,stormrage,767,warlock,affliction,24,8,16
Arkterris,doomhammer,766,warlock,affliction,18,8,10
Divoc,zangarmarsh,766,warlock,affliction,18,8,10
Flixon,tichondrius,765,warlock,affliction,12,8,4
Çheesestick,dalaran,765,warlock,affliction,18,8,10
Bëëlzebub,crushridge,765,warlock,affliction,18,8,10
Aksness,stormrage,765,warlock,affliction,24,8,16
Copss,tichondrius,764,warlock,affliction,18,8,10
Blacadder,azgalor,764,warlock,affliction,24,8,16
Tatemor,barthilas,763,warlock,affliction,18,8,10
Dowglips,area-52,763,warlock,affliction,18,8,10
Radamantîs,ragnaros,761,warlock,affliction,18,8,10
Jakedbtw,crushridge,759,warlock,affliction,12,8,4
Covidkillerr,tichondrius,759,warlock,affliction,19,8,11
Fearfactory,lethon,757,warlock,affliction,18,8,10
Rotfull,burning-legion,751,warlock,affliction,17,8,9
Seecurse,kelthuzad,735,warlock,affliction,17,8,9
Schmok,terenas,733,warlock,affliction,20,9,11
Amgs,frostmourne,714,warlock,affliction,23,11,12
Debs,sargeras,703,warlock,affliction,11,8,3
Nuckz,whisperwind,687,warlock,affliction,14,9,5
Modot,tichondrius,685,warlock,affliction,23,9,14
Llkoreall,tichondrius,682,warlock,affliction,19,8,11
Charïs,ragnaros,679,warlock,affliction,13,8,5
Dotfearspam,alterac-mountains,679,warlock,affliction,21,8,13
Hellbraive,queldorei,672,warlock,affliction,12,7,5
Theseance,dalaran,672,warlock,affliction,12,7,5
Miratrix,moon-guard,672,warlock,affliction,12,7,5
Delaye,tichondrius,672,warlock,affliction,12,7,5
Halethadro,emerald-dream,672,warlock,affliction,12,7,5
Hadouh,stormrage,672,warlock,affliction,12,7,5
Kuhio,korgath,672,warlock,affliction,12,7,5
Darkgaia,skullcrusher,672,warlock,affliction,12,7,5
Casslight,tichondrius,672,warlock,affliction,12,7,5
Conboii,tichondrius,672,warlock,affliction,18,7,11
Icemanliddel,area-52,672,warlock,affliction,18,7,11
Drainedd,blades-edge,672,warlock,affliction,18,7,11
Necromâncer,stormreaver,672,warlock,affliction,18,7,11
Glortheeb,spirestone,672,warlock,affliction,18,7,11
Aruotnof,nemesis,671,warlock,affliction,12,7,5
Magë,ursin,671,warlock,affliction,12,7,5
Killhorde,thunderlord,671,warlock,affliction,12,7,5
Soulrman,tichondrius,671,warlock,affliction,12,7,5
Killabeesack,tichondrius,671,warlock,affliction,12,7,5
Ãids,khadgar,671,warlock,affliction,12,7,5
Zurp,wyrmrest-accord,671,warlock,affliction,12,7,5
Tekkiez,barthilas,671,warlock,affliction,12,7,5
Djminuterice,bleeding-hollow,671,warlock,affliction,18,7,11
Afflicktion,frostmourne,671,warlock,affliction,18,7,11
Korguji,tichondrius,671,warlock,affliction,22,7,15
Skyvre,tichondrius,670,warlock,affliction,12,7,5
Kuoma,boulderfist,670,warlock,affliction,12,7,5
Afflicmindz,azralon,670,warlock,affliction,12,7,5
Miermortal,tichondrius,670,warlock,affliction,18,7,11
Noggét,frostmourne,670,warlock,affliction,18,7,11
Eflock,barthilas,670,warlock,affliction,24,7,17
Magicbones,tichondrius,669,warlock,affliction,15,8,7
Tsmcfker,tichondrius,669,warlock,affliction,22,9,13
Naag,tichondrius,669,warlock,affliction,18,7,11
Saraden,illidan,669,warlock,affliction,24,7,17
Mefound,nerzhul,668,warlock,affliction,12,7,5
Imien,moknathal,668,warlock,affliction,27,7,20
Larlock,black-dragonflight,667,warlock,affliction,12,7,5
Balmir,tichondrius,658,warlock,affliction,18,7,11
Gummylock,frostmourne,623,warlock,affliction,11,7,4
Puddlepiimp,illidan,622,warlock,affliction,17,7,10
Bludshadow,duskwood,620,warlock,affliction,21,7,14
Pillçosby,tichondrius,608,warlock,affliction,16,7,9
Jessndistres,stormrage,607,warlock,affliction,14,7,7
Cezarz,tichondrius,592,warlock,affliction,13,7,6
Mfcalamity,uldum,591,warlock,affliction,11,7,4
Rarelinelk,malganis,576,warlock,affliction,6,6,0
Lokkup,dalaran,576,warlock,affliction,12,6,6
Darkuul,malganis,576,warlock,affliction,12,6,6
Fearophobic,illidan,576,warlock,affliction,12,6,6
Vënënö,ragnaros,576,warlock,affliction,12,6,6
Sikmagic,kelthuzad,576,warlock,affliction,12,6,6
Datazdotcom,illidan,576,warlock,affliction,12,6,6
Toelickerx,illidan,576,warlock,affliction,12,6,6
Drugmuffin,tichondrius,576,warlock,affliction,12,6,6
Biubius,tichondrius,576,warlock,affliction,12,6,6
Caenzen,bleeding-hollow,576,warlock,affliction,12,6,6
Kamohoalii,bleeding-hollow,576,warlock,affliction,12,6,6
Xtremegirth,zuljin,576,warlock,affliction,12,6,6
Nadablast,tichondrius,576,warlock,affliction,12,6,6
Shadøwy,nemesis,576,warlock,affliction,12,6,6
Lilcarmy,emerald-dream,576,warlock,affliction,12,6,6
Nihilus,anvilmar,576,warlock,affliction,12,6,6
Chrishasnen,moon-guard,576,warlock,affliction,12,6,6
Løcalplugxø,barthilas,576,warlock,affliction,12,6,6
Aellorie,proudmoore,576,warlock,affliction,12,6,6
Cylèr,whisperwind,576,warlock,affliction,12,6,6
Dogfiend,spirestone,576,warlock,affliction,12,6,6
Khil,darkspear,576,warlock,affliction,12,6,6
Kumori,kiljaeden,576,warlock,affliction,12,6,6
Neevius,barthilas,576,warlock,affliction,12,6,6
Brunemon,proudmoore,576,warlock,affliction,12,6,6
Sluglishphsh,stormrage,576,warlock,affliction,12,6,6
Soundtrack,quelthalas,576,warlock,affliction,18,6,12
Demiloy,stormrage,576,warlock,affliction,18,6,12
Parishiltoon,frostmourne,576,warlock,affliction,18,6,12
Atticassasin,stormrage,576,warlock,affliction,18,6,12
Kerokafe,azralon,576,warlock,affliction,18,6,12
Haross,darkspear,576,warlock,affliction,18,6,12
Muchø,emerald-dream,576,warlock,affliction,24,6,18
Gødmôde,tichondrius,575,warlock,affliction,12,6,6
Jhop,sargeras,575,warlock,affliction,12,6,6
Infortunium,sargeras,575,warlock,affliction,12,6,6
Leroybrown,alterac-mountains,575,warlock,affliction,12,6,6
Nostradumass,arthas,575,warlock,affliction,12,6,6
Drivercurses,terenas,575,warlock,affliction,12,6,6
Shadowbo,aggramar,575,warlock,affliction,12,6,6
Valvravé,malganis,575,warlock,affliction,12,6,6
Kunozonbi,malganis,575,warlock,affliction,12,6,6
Halesatan,tichondrius,575,warlock,affliction,20,7,13
Holdmybeard,senjin,575,warlock,affliction,18,6,12
Zuldar,tichondrius,575,warlock,affliction,18,6,12
Shloott,thrall,575,warlock,affliction,18,6,12
Bloodybooger,area-52,574,warlock,affliction,12,6,6
Conrii,burning-blade,574,warlock,affliction,18,6,12
Sind,garona,573,warlock,affliction,12,6,6
Lockë,thunderlord,572,warlock,affliction,12,6,6
Hâunted,khazgoroth,571,warlock,affliction,12,6,6
Kashog,earthen-ring,571,warlock,affliction,21,7,14
Justero,kelthuzad,569,warlock,affliction,12,6,6
Kflexxpt,hydraxis,569,warlock,affliction,12,6,6
Socketriver,bleeding-hollow,568,warlock,affliction,18,6,12
Ninus,the-forgotten-coast,566,warlock,affliction,12,6,6
Bigheadjr,gorgonnash,543,warlock,affliction,17,6,11
Ceranius,emerald-dream,542,warlock,affliction,11,6,5
Raff,detheroc,527,warlock,affliction,11,6,5
Louuis,barthilas,521,warlock,affliction,13,7,6
Vrajitor,ragnaros,511,warlock,affliction,11,6,5
Markuss,boulderfist,511,warlock,affliction,14,6,8
Dotdoctor,thrall,511,warlock,affliction,16,6,10
Oluluo,andorhal,510,warlock,affliction,8,6,2
Beexy,sargeras,510,warlock,affliction,14,6,8
Lucro,emerald-dream,480,warlock,affliction,6,5,1
Faschom,tichondrius,480,warlock,affliction,6,5,1
Fruityß,kaelthas,480,warlock,affliction,6,5,1
Conboi,tichondrius,480,warlock,affliction,6,5,1
Flòwstate,tichondrius,480,warlock,affliction,6,5,1
Lunazz,tichondrius,480,warlock,affliction,6,5,1
Gaza,malganis,480,warlock,affliction,6,5,1
Satunir,shadowsong,480,warlock,affliction,6,5,1
Tamzlock,the-forgotten-coast,480,warlock,affliction,6,5,1
Misolock,sargeras,480,warlock,affliction,6,5,1
Swapchan,sargeras,480,warlock,affliction,6,5,1
Ribman,stormrage,480,warlock,affliction,6,5,1
Kymamd,sargeras,480,warlock,affliction,6,5,1
Bobthedragqn,proudmoore,480,warlock,affliction,6,5,1
Varix,frostmourne,480,warlock,affliction,12,5,7
Mattclipword,azralon,480,warlock,affliction,12,5,7
Mhael,lightninghoof,480,warlock,affliction,12,5,7
Cryolock,nagrand,480,warlock,affliction,12,5,7
Sairic,azralon,480,warlock,affliction,12,5,7
Aodhin,moon-guard,480,warlock,affliction,12,5,7
Perfectwar,tichondrius,480,warlock,affliction,12,5,7
Artzul,tichondrius,480,warlock,affliction,12,5,7
Vickerzz,barthilas,480,warlock,affliction,12,5,7
Prarkmur,illidan,480,warlock,affliction,12,5,7
Bwup,tichondrius,480,warlock,affliction,12,5,7
Rexuss,velen,480,warlock,affliction,12,5,7
Poogâ,tichondrius,480,warlock,affliction,12,5,7
Lübelock,illidan,480,warlock,affliction,12,5,7
Andrewpg,zuljin,480,warlock,affliction,12,5,7
Jaybro,thaurissan,480,warlock,affliction,12,5,7
Rõt,caelestrasz,480,warlock,affliction,12,5,7
Chaoz,aggramar,480,warlock,affliction,12,5,7
Itsmedirt,malganis,480,warlock,affliction,12,5,7
Goldface,frostmourne,480,warlock,affliction,12,5,7
Necrosith,ragnaros,480,warlock,affliction,15,6,9
Dirtyoldman,malfurion,480,warlock,affliction,13,5,8
Daesire,moon-guard,480,warlock,affliction,18,5,13
Lockboxx,stormscale,480,warlock,affliction,18,5,13
Lockring,zuljin,480,warlock,affliction,18,5,13
Sosomaa,kelthuzad,480,warlock,affliction,18,5,13
Morepetss,saurfang,479,warlock,affliction,12,5,7
Pruevolf,tichondrius,479,warlock,affliction,12,5,7
Hélà,sargeras,479,warlock,affliction,18,5,13
Whitchpoison,nagrand,479,warlock,affliction,30,5,25
Redbro,darkspear,478,warlock,affliction,12,5,7
Cityswimmer,malganis,478,warlock,affliction,12,5,7
Dravin,alleria,478,warlock,affliction,12,5,7
Skellisama,moon-guard,478,warlock,affliction,18,5,13
Suzüki,tichondrius,463,warlock,affliction,11,5,6
Verrøkel,sargeras,426,warlock,affliction,11,7,4
Rainmakers,moon-guard,426,warlock,affliction,14,6,8
Khaozx,ragnaros,416,warlock,affliction,10,5,5
Fublizz,black-dragonflight,416,warlock,affliction,10,5,5
Onlytoez,tichondrius,416,warlock,affliction,16,5,11
Kuroyt,drakkari,415,warlock,affliction,12,6,6
Eupheriia,thaurissan,384,warlock,affliction,6,4,2
Shaddows,nathrezim,384,warlock,affliction,6,4,2
Gümbÿ,illidan,384,warlock,affliction,6,4,2
Åbyssal,stormrage,384,warlock,affliction,6,4,2
Tonickush,area-52,384,warlock,affliction,6,4,2
Purplelambox,illidan,384,warlock,affliction,6,4,2
Gneçro,area-52,384,warlock,affliction,6,4,2
Rbnz,kiljaeden,384,warlock,affliction,6,4,2
Warunlock,shattered-hand,384,warlock,affliction,6,4,2
Dotcomlol,blackrock,384,warlock,affliction,6,4,2
Plsdontcrit,tichondrius,384,warlock,affliction,6,4,2
Celin,rivendare,384,warlock,affliction,6,4,2
Spectaclol,crushridge,384,warlock,affliction,6,4,2
Zekjojo,turalyon,384,warlock,affliction,6,4,2
Omegapasta,illidan,384,warlock,affliction,6,4,2
Spaceländ,emerald-dream,384,warlock,affliction,6,4,2
Jcm,hyjal,384,warlock,affliction,6,4,2
Bliztivision,proudmoore,384,warlock,affliction,6,4,2
Krypt,scilla,384,warlock,affliction,6,4,2
Silkxy,frostwolf,384,warlock,affliction,6,4,2
Bänno,bleeding-hollow,384,warlock,affliction,6,4,2
Redmist,arthas,384,warlock,affliction,6,4,2
Hypnotikal,illidan,384,warlock,affliction,6,4,2
Walterrør,nemesis,384,warlock,affliction,6,4,2
Cowboydann,malganis,384,warlock,affliction,6,4,2
Flippinfear,illidan,384,warlock,affliction,6,4,2
Locker,darkspear,384,warlock,affliction,6,4,2
Grannybutter,sargeras,384,warlock,affliction,6,4,2
Demoiceman,bleeding-hollow,384,warlock,affliction,6,4,2
Nocrackrocks,stormrage,384,warlock,affliction,6,4,2
Extreme,blackwing-lair,384,warlock,affliction,6,4,2
Ðuckworth,azralon,384,warlock,affliction,6,4,2
Superbroly,area-52,384,warlock,affliction,6,4,2
Calvärr,bleeding-hollow,384,warlock,affliction,6,4,2
Siller,azralon,384,warlock,affliction,6,4,2
Jotkbe,ragnaros,384,warlock,affliction,6,4,2
Omleaf,malganis,384,warlock,affliction,6,4,2
Discordance,zuljin,384,warlock,affliction,6,4,2
Methrocks,tichondrius,384,warlock,affliction,6,4,2
Vamperro,thrall,384,warlock,affliction,6,4,2
Kill,barthilas,384,warlock,affliction,6,4,2
Slurpme,stormscale,384,warlock,affliction,6,4,2
Necroraise,boulderfist,384,warlock,affliction,9,5,4
Tichonkimc,tichondrius,384,warlock,affliction,12,4,8
Safferon,stormrage,384,warlock,affliction,12,4,8
Duckboji,tichondrius,384,warlock,affliction,12,4,8
Yagumi,crushridge,384,warlock,affliction,12,4,8
Bmó,stormrage,384,warlock,affliction,12,4,8
Dotsfìred,tichondrius,384,warlock,affliction,12,4,8
Demonug,area-52,384,warlock,affliction,12,4,8
Bïcho,queldorei,384,warlock,affliction,12,4,8
Punstable,tichondrius,384,warlock,affliction,12,4,8
Emptysoul,illidan,384,warlock,affliction,12,4,8
Promancer,drakkari,384,warlock,affliction,12,4,8
Bharim,quelthalas,384,warlock,affliction,12,4,8
Tylandér,nordrassil,384,warlock,affliction,12,4,8
Fearedit,bleeding-hollow,384,warlock,affliction,12,4,8
Fksm,tichondrius,384,warlock,affliction,12,4,8
Lockie,skywall,384,warlock,affliction,12,4,8
Emptyx,tichondrius,384,warlock,affliction,12,4,8
Nethron,the-venture-co,384,warlock,affliction,12,4,8
Necromaniac,nerzhul,384,warlock,affliction,18,4,14
Lefrancais,area-52,383,warlock,affliction,6,4,2
Kakdne,stormrage,383,warlock,affliction,6,4,2
Lockazo,quelthalas,383,warlock,affliction,6,4,2
Coofy,ragnaros,383,warlock,affliction,6,4,2
Luciffer,windrunner,383,warlock,affliction,12,4,8
Wirthless,area-52,383,warlock,affliction,12,4,8
Fliction,caelestrasz,383,warlock,affliction,12,4,8
Slord,bonechewer,382,warlock,affliction,6,4,2
Darkdestine,emerald-dream,382,warlock,affliction,12,4,8
Damint,sargeras,351,warlock,affliction,11,4,7
Xaemog,tichondrius,351,warlock,affliction,17,4,13
Gattsonn,kiljaeden,350,warlock,affliction,12,5,7
Ciraxlc,azralon,320,warlock,affliction,10,4,6
Jancilianna,stormrage,318,warlock,affliction,8,4,4
Heavyøfmetal,tol-barad,316,warlock,affliction,14,4,10
Brujildå,area-52,304,warlock,affliction,13,4,9
Marinw,azralon,304,warlock,affliction,13,4,9
Hachiui,galakrond,288,warlock,affliction,6,3,3
Sidiouss,dreadmaul,288,warlock,affliction,6,3,3
Raizël,ragnaros,288,warlock,affliction,6,3,3
Warfeen,malganis,288,warlock,affliction,6,3,3
Manapouli,area-52,288,warlock,affliction,6,3,3
Corruptd,scarlet-crusade,288,warlock,affliction,6,3,3
Stepzxo,sargeras,288,warlock,affliction,6,3,3
Kossnen,shandris,288,warlock,affliction,6,3,3
Dodgebolts,khaz-modan,288,warlock,affliction,6,3,3
Serafìna,moon-guard,288,warlock,affliction,6,3,3
Diablox,silvermoon,288,warlock,affliction,6,3,3
Hauntu,stormreaver,288,warlock,affliction,6,3,3
Harleyjames,ravenholdt,288,warlock,affliction,6,3,3
Valthander,drakkari,288,warlock,affliction,6,3,3
Bustedaff,illidan,288,warlock,affliction,6,3,3
Liliasintera,dentarg,288,warlock,affliction,6,3,3
Blockk,moknathal,288,warlock,affliction,6,3,3
Shadows,arygos,288,warlock,affliction,6,3,3
Freseate,quelthalas,288,warlock,affliction,6,3,3
Frylockx,mugthol,288,warlock,affliction,6,3,3
Buymymixtåpe,ursin,288,warlock,affliction,6,3,3
Iracis,sargeras,288,warlock,affliction,6,3,3
Chaôtic,daggerspine,288,warlock,affliction,6,3,3
Bajheerafan,illidan,288,warlock,affliction,6,3,3
Capïrota,nemesis,288,warlock,affliction,6,3,3
Neghros,illidan,288,warlock,affliction,6,3,3
Sinaman,barthilas,288,warlock,affliction,6,3,3
Stormrift,sargeras,288,warlock,affliction,6,3,3
Vintagepoop,sargeras,288,warlock,affliction,6,3,3
Drböb,area-52,288,warlock,affliction,6,3,3
Chåndler,nemesis,288,warlock,affliction,6,3,3
Malicandra,lightbringer,288,warlock,affliction,6,3,3
Feldubya,illidan,288,warlock,affliction,6,3,3
Sëcond,azralon,288,warlock,affliction,6,3,3
Tazerr,sargeras,288,warlock,affliction,6,3,3
Kamai,frostwolf,288,warlock,affliction,6,3,3
Emurog,icecrown,288,warlock,affliction,6,3,3
Róckroad,lightnings-blade,288,warlock,affliction,6,3,3
Berathelok,aerie-peak,288,warlock,affliction,6,3,3
Yanlexx,stormrage,288,warlock,affliction,6,3,3
Drdoom,sargeras,288,warlock,affliction,6,3,3
Nozyroh,emerald-dream,288,warlock,affliction,6,3,3
Impbiscuit,stormrage,288,warlock,affliction,6,3,3
Wizie,arthas,288,warlock,affliction,6,3,3
Phishdots,tichondrius,288,warlock,affliction,6,3,3
Æonas,bladefist,288,warlock,affliction,6,3,3
Cath,caelestrasz,288,warlock,affliction,6,3,3
Alarauca,nerzhul,288,warlock,affliction,6,3,3
Arnan,korgath,288,warlock,affliction,6,3,3
Blklavender,darkspear,288,warlock,affliction,6,3,3
Kokushu,burning-legion,288,warlock,affliction,6,3,3
Redsolojdc,tichondrius,288,warlock,affliction,6,3,3
Leônidos,ghostlands,288,warlock,affliction,6,3,3
Voltshot,tichondrius,288,warlock,affliction,6,3,3
Knäbue,tichondrius,288,warlock,affliction,6,3,3
Xerozus,tichondrius,288,warlock,affliction,6,3,3
Boltqt,tichondrius,288,warlock,affliction,6,3,3
Saltycracka,stormrage,288,warlock,affliction,6,3,3
Dovahkini,stormrage,288,warlock,affliction,6,3,3
Schofen,tichondrius,288,warlock,affliction,6,3,3
Chermonalbur,draka,288,warlock,affliction,9,3,6
Damerus,illidan,288,warlock,affliction,12,3,9
Felno,emerald-dream,288,warlock,affliction,12,3,9
Orelauk,rexxar,288,warlock,affliction,12,3,9
Hàrrydotter,darkspear,288,warlock,affliction,12,3,9
Feelthefearx,ragnaros,288,warlock,affliction,12,3,9
Culture,arthas,288,warlock,affliction,12,3,9
Lithani,ragnaros,288,warlock,affliction,12,3,9
Avii,drakthul,288,warlock,affliction,12,3,9
Camila,lightnings-blade,288,warlock,affliction,12,3,9
Nightterrour,frostmourne,288,warlock,affliction,12,3,9
Davnport,frostmourne,288,warlock,affliction,12,3,9
Ÿoucantwin,kiljaeden,288,warlock,affliction,12,3,9
Tromeo,sargeras,288,warlock,affliction,12,3,9
Provilock,moon-guard,288,warlock,affliction,12,3,9
Drdemons,kelthuzad,288,warlock,affliction,12,3,9
Aluridan,azralon,288,warlock,affliction,12,3,9
Ezzako,area-52,288,warlock,affliction,12,3,9
Naoma,moon-guard,288,warlock,affliction,12,3,9
Denji,galakrond,288,warlock,affliction,12,3,9
Grendaldots,tichondrius,288,warlock,affliction,12,3,9
Mynerve,velen,288,warlock,affliction,12,3,9
Jjesie,tichondrius,288,warlock,affliction,18,3,15
Angel,sargeras,288,warlock,affliction,18,3,15
Condevil,quelthalas,288,warlock,affliction,18,3,15
Castshadow,nordrassil,288,warlock,affliction,18,3,15
Nhen,daggerspine,287,warlock,affliction,6,3,3
Vizkopnik,bleeding-hollow,287,warlock,affliction,6,3,3
Nessima,jubeithos,287,warlock,affliction,12,3,9
Lowkei,stonemaul,286,warlock,affliction,6,3,3
Lilthicy,sargeras,271,warlock,affliction,14,3,11
Kentus,moonrunner,255,warlock,affliction,14,4,10
Niava,tichondrius,239,warlock,affliction,5,3,2
Matzoball,zuljin,234,warlock,affliction,14,4,10
Hoana,azralon,233,warlock,affliction,8,4,4
Siltharious,dalaran,232,warlock,affliction,15,5,10
Wawfw,bleeding-hollow,224,warlock,affliction,7,4,3
Lifelock,auchindoun,223,warlock,affliction,8,3,5
Spookytrev,stormrage,223,warlock,affliction,14,3,11
Zörkô,zuljin,192,warlock,affliction,6,2,4
Hellfires,ragnaros,192,warlock,affliction,6,2,4
Bktheruler,tichondrius,192,warlock,affliction,6,2,4
Apolodys,garona,192,warlock,affliction,6,2,4
Leruss,zangarmarsh,192,warlock,affliction,6,2,4
Jèdi,drenden,192,warlock,affliction,6,2,4
Ørfna,zuljin,192,warlock,affliction,6,2,4
Grixis,zuluhed,192,warlock,affliction,6,2,4
Ministàff,ursin,192,warlock,affliction,6,2,4
Agonie,tichondrius,192,warlock,affliction,6,2,4
Lockboss,malganis,192,warlock,affliction,6,2,4
Yolandahadid,gilneas,192,warlock,affliction,6,2,4
Lcomi,tichondrius,192,warlock,affliction,6,2,4
Ovosound,tichondrius,192,warlock,affliction,6,2,4
Karmalock,malganis,192,warlock,affliction,6,2,4
Asmodeun,malganis,192,warlock,affliction,6,2,4
Khurze,area-52,192,warlock,affliction,6,2,4
Es,velen,192,warlock,affliction,6,2,4
Bóózér,tichondrius,192,warlock,affliction,6,2,4
Deanwarlock,sargeras,192,warlock,affliction,6,2,4
Stonnerz,ragnaros,192,warlock,affliction,6,2,4
Trillas,illidan,192,warlock,affliction,6,2,4
Raínstilted,area-52,192,warlock,affliction,6,2,4
Destructo,illidan,192,warlock,affliction,6,2,4
Sylorelol,stormreaver,192,warlock,affliction,6,2,4
Lilitht,drakkari,192,warlock,affliction,6,2,4
Matilla,tichondrius,192,warlock,affliction,6,2,4
Wasbad,tichondrius,192,warlock,affliction,6,2,4
Corkeý,azuremyst,192,warlock,affliction,6,2,4
Vorlos,bonechewer,192,warlock,affliction,6,2,4
Cheesëbolt,illidan,192,warlock,affliction,6,2,4
Lysergica,bleeding-hollow,192,warlock,affliction,6,2,4
Dinglerdots,tichondrius,192,warlock,affliction,6,2,4
Ðeãdman,bleeding-hollow,192,warlock,affliction,6,2,4
Screwed,tichondrius,192,warlock,affliction,6,2,4
Elyshia,illidan,192,warlock,affliction,6,2,4
Døtyou,area-52,192,warlock,affliction,6,2,4
Cynnd,tichondrius,192,warlock,affliction,6,2,4
Meekusdeekus,tichondrius,192,warlock,affliction,6,2,4
Deadlockseeu,area-52,192,warlock,affliction,6,2,4
Fearsntears,stormrage,192,warlock,affliction,6,2,4
Anastadora,proudmoore,192,warlock,affliction,6,2,4
Meelady,tichondrius,192,warlock,affliction,6,2,4
Sebss,proudmoore,192,warlock,affliction,6,2,4
Scepti,area-52,192,warlock,affliction,6,2,4
Nècrósìs,area-52,192,warlock,affliction,6,2,4
Jacorian,illidan,192,warlock,affliction,6,2,4
ßðltzlol,tichondrius,192,warlock,affliction,6,2,4
Narsdemons,tichondrius,192,warlock,affliction,6,2,4
Soularonomy,tichondrius,192,warlock,affliction,6,2,4
Indelock,drenden,192,warlock,affliction,6,2,4
Ketahole,warsong,192,warlock,affliction,6,2,4
Pk,azralon,192,warlock,affliction,6,2,4
Dawaatisme,zuljin,192,warlock,affliction,6,2,4
Payn,kiljaeden,192,warlock,affliction,6,2,4
Lockednloade,tichondrius,192,warlock,affliction,6,2,4
Thumperrz,frostmourne,192,warlock,affliction,6,2,4
Thralord,blackrock,192,warlock,affliction,6,2,4
Dotdottgoose,kiljaeden,192,warlock,affliction,6,2,4
Abomasnow,frostmourne,192,warlock,affliction,6,2,4
Yahihlock,silver-hand,192,warlock,affliction,6,2,4
Yurick,frostmourne,192,warlock,affliction,6,2,4
Nerolock,frostmourne,192,warlock,affliction,6,2,4
Plaguedoctor,stormrage,192,warlock,affliction,6,2,4
Räktura,caelestrasz,192,warlock,affliction,6,2,4
Fondlemydot,stormscale,192,warlock,affliction,6,2,4
Charmandfarm,nerzhul,192,warlock,affliction,6,2,4
Vessires,darkspear,192,warlock,affliction,6,2,4
Rerollx,firetree,192,warlock,affliction,6,2,4
Apøçàlÿpsè,firetree,192,warlock,affliction,6,2,4
Xoxoxu,frostmourne,192,warlock,affliction,6,2,4
Fearanddots,moon-guard,192,warlock,affliction,6,2,4
Dethknell,stormrage,192,warlock,affliction,6,2,4
Carcine,frostwolf,192,warlock,affliction,6,2,4
Refîk,sargeras,192,warlock,affliction,12,2,10
Tormentedcat,nazjatar,192,warlock,affliction,12,2,10
Wybbukk,wyrmrest-accord,192,warlock,affliction,12,2,10
Malignant,tichondrius,192,warlock,affliction,12,2,10
Sürfacing,malganis,192,warlock,affliction,12,2,10
Leviathen,shattered-hand,192,warlock,affliction,12,2,10
Dloq,azgalor,192,warlock,affliction,12,2,10
Omagg,malorne,192,warlock,affliction,12,2,10
Rurnt,bloodhoof,192,warlock,affliction,13,2,11
Ramone,turalyon,159,warlock,affliction,5,2,3
Zaiocian,tichondrius,159,warlock,affliction,5,2,3
Evilwarlock,malganis,159,warlock,affliction,5,2,3
Ferich,azralon,159,warlock,affliction,5,2,3
Dotlockndrop,stormreaver,159,warlock,affliction,5,2,3
Gutterxfox,malganis,159,warlock,affliction,11,2,9
Wartoyy,uldum,128,warlock,affliction,4,2,2
Pwnasaurus,barthilas,128,warlock,affliction,10,2,8
Frem,eonar,96,warlock,affliction,6,1,5
Menedemus,amanthul,96,warlock,affliction,6,1,5
Toohot,aegwynn,96,warlock,affliction,6,1,5
Chaøsbolt,area-52,96,warlock,affliction,6,1,5
Olgreg,daggerspine,96,warlock,affliction,6,1,5
Carabelois,aegwynn,96,warlock,affliction,6,1,5
Alfemale,dalaran,96,warlock,affliction,6,1,5
Krozu,bleeding-hollow,96,warlock,affliction,6,1,5
Sunkuna,aerie-peak,96,warlock,affliction,6,1,5
Ailliforlune,illidan,96,warlock,affliction,6,1,5
Dps,garithos,96,warlock,affliction,6,1,5
Efg,illidan,96,warlock,affliction,6,1,5
Dommön,ragnaros,96,warlock,affliction,6,1,5
Bluffzlock,boulderfist,96,warlock,affliction,6,1,5
Houseofpain,emerald-dream,96,warlock,affliction,6,1,5
Xylõck,sargeras,96,warlock,affliction,6,1,5
Pinkypay,ragnaros,96,warlock,affliction,6,1,5
Locktimes,ragnaros,96,warlock,affliction,6,1,5
Guinegobbler,hyjal,96,warlock,affliction,6,1,5
Cornboil,tichondrius,96,warlock,affliction,6,1,5
Ørthox,malganis,96,warlock,affliction,6,1,5
Imhereforrbg,moon-guard,96,warlock,affliction,6,1,5
Mickylock,tichondrius,96,warlock,affliction,6,1,5
Frdchickiana,tichondrius,96,warlock,affliction,6,1,5
Tuhdah,frostwolf,96,warlock,affliction,6,1,5
Shennaniganz,bleeding-hollow,96,warlock,affliction,6,1,5
Volturnus,wildhammer,96,warlock,affliction,6,1,5
Sickmade,zuljin,96,warlock,affliction,6,1,5
Conspiration,sargeras,96,warlock,affliction,6,1,5
Bellatriks,nemesis,96,warlock,affliction,6,1,5
Pikvas,darkspear,96,warlock,affliction,6,1,5
Smôkedsôul,area-52,96,warlock,affliction,6,1,5
Haedn,stormrage,96,warlock,affliction,6,1,5
Gamecobra,greymane,96,warlock,affliction,6,1,5
Apocryphh,stormrage,96,warlock,affliction,6,1,5
Mobilecherpn,frostmourne,96,warlock,affliction,6,1,5
Feár,emerald-dream,96,warlock,affliction,6,1,5
Nêcro,moon-guard,96,warlock,affliction,6,1,5
Rxjr,sargeras,96,warlock,affliction,6,1,5
Superbvious,lothar,96,warlock,affliction,6,1,5
Malchiev,area-52,96,warlock,affliction,6,1,5
Aedarine,uldum,96,warlock,affliction,6,1,5
Fabiusbilex,tichondrius,96,warlock,affliction,6,1,5
Shalandalina,sargeras,96,warlock,affliction,6,1,5
Joseph,draktharon,96,warlock,affliction,6,1,5
Ehcsrop,doomhammer,96,warlock,affliction,6,1,5
Kammuany,sargeras,96,warlock,affliction,6,1,5
Sylvahh,sargeras,96,warlock,affliction,6,1,5
Ceeloftw,tichondrius,96,warlock,affliction,6,1,5
Simus,stormrage,96,warlock,affliction,12,1,11
Fenrinozil,tichondrius,96,warlock,affliction,12,1,11
Demí,zuljin,79,warlock,affliction,5,1,4
Shendù,stormrage,79,warlock,affliction,5,1,4
Luciusvrenus,tichondrius,64,warlock,affliction,4,1,3
Zuelu,tichondrius,64,warlock,affliction,4,1,3
Handler,earthen-ring,63,warlock,affliction,4,1,3
Mìrä,kelthuzad,48,warlock,affliction,3,1,2
Amaia,nathrezim,48,warlock,affliction,3,1,2
Voldmorto,azralon,42,warlock,affliction,8,2,6
Halix,emerald-dream,16,warlock,affliction,1,1,0
Delete,greymane,16,warlock,affliction,1,1,0
Orclog,illidan,2168,warrior,fury,149,82,67
Yadiig,illidan,2150,warrior,fury,78,50,28
Ttvdjrio,area-52,2144,warrior,fury,114,67,47
Thrator,wyrmrest-accord,2132,warrior,fury,114,59,55
Grimgrip,frostmane,2131,warrior,fury,92,53,39
Joshiman,area-52,2131,warrior,fury,87,43,44
Notwarried,sargeras,2126,warrior,fury,137,69,68
Cabelastwo,tichondrius,2124,warrior,fury,87,46,41
Americanbull,moon-guard,2119,warrior,fury,253,134,119
Takeda,sargeras,2117,warrior,fury,107,61,46
Cabelas,tichondrius,2116,warrior,fury,95,48,47
Braxxínn,tichondrius,2107,warrior,fury,54,39,15
Veevz,proudmoore,2096,warrior,fury,162,78,84
Sandronb,illidan,2059,warrior,fury,107,57,50
Baultenaz,draenor,2057,warrior,fury,151,86,65
Rekatron,area-52,2053,warrior,fury,85,41,44
Riproarin,stormrage,2051,warrior,fury,116,63,53
Taras,blackhand,2025,warrior,fury,171,83,88
Chopemupp,area-52,2023,warrior,fury,149,89,60
Sworda,sargeras,2018,warrior,fury,89,54,35
Furrytakeda,kelthuzad,2018,warrior,fury,158,86,72
Coldlòve,akama,2017,warrior,fury,118,65,53
Gazzef,thrall,2015,warrior,fury,144,78,66
Warqt,kelthuzad,2011,warrior,fury,105,58,47
Ðêed,area-52,2010,warrior,fury,102,54,48
Biaa,tichondrius,2004,warrior,fury,90,42,48
Smexxin,tichondrius,1996,warrior,fury,54,31,23
Rôxi,malganis,1983,warrior,fury,300,157,143
Fanglerondz,area-52,1980,warrior,fury,89,57,32
Nailah,illidan,1969,warrior,fury,199,110,89
Hìm,tichondrius,1968,warrior,fury,96,51,45
Dowser,goldrinn,1964,warrior,fury,173,94,79
Darkduke,tichondrius,1963,warrior,fury,63,41,22
Tøpg,sargeras,1961,warrior,fury,73,44,29
Bbcapitalist,blackrock,1959,warrior,fury,112,65,47
Ragwreck,bleeding-hollow,1959,warrior,fury,68,35,33
Zak,feathermoon,1953,warrior,fury,53,36,17
Chillawigs,kelthuzad,1946,warrior,fury,96,51,45
Eno,ragnaros,1937,warrior,fury,69,46,23
Gromkhor,tichondrius,1935,warrior,fury,48,29,19
Cannabiddies,illidan,1932,warrior,fury,60,31,29
Goldsuntko,emerald-dream,1927,warrior,fury,75,45,30
Hlt,tichondrius,1927,warrior,fury,78,46,32
Alabamá,sargeras,1925,warrior,fury,36,21,15
Vèév,proudmoore,1922,warrior,fury,92,57,35
Egoist,malganis,1911,warrior,fury,53,33,20
Phabian,frostmourne,1911,warrior,fury,48,26,22
Ásúrá,quelthalas,1909,warrior,fury,54,33,21
Tankypandazd,stormrage,1909,warrior,fury,72,42,30
Gentlehugs,illidan,1905,warrior,fury,47,27,20
Eazyc,tichondrius,1903,warrior,fury,250,129,121
Killbørn,azralon,1898,warrior,fury,54,30,24
Szauren,stormrage,1898,warrior,fury,75,37,38
Blgjb,tichondrius,1894,warrior,fury,90,41,49
Zankets,area-52,1891,warrior,fury,72,43,29
Kennäy,azralon,1888,warrior,fury,58,33,25
Shadax,bleeding-hollow,1885,warrior,fury,371,196,175
Turboboy,tichondrius,1883,warrior,fury,48,29,19
Ragemane,illidan,1882,warrior,fury,96,53,43
Okme,tichondrius,1882,warrior,fury,66,36,30
Vheraxes,sargeras,1878,warrior,fury,30,20,10
Onîkudakì,sargeras,1878,warrior,fury,126,79,47
Badvelic,tichondrius,1875,warrior,fury,64,37,27
Killuall,sargeras,1873,warrior,fury,48,27,21
Boouuaakk,tichondrius,1872,warrior,fury,41,25,16
Wienertoes,tichondrius,1869,warrior,fury,140,77,63
Shîzu,moon-guard,1868,warrior,fury,102,67,35
Huangatang,wyrmrest-accord,1865,warrior,fury,31,21,10
Negleçt,stormrage,1861,warrior,fury,36,23,13
Zanzaa,sargeras,1861,warrior,fury,110,59,51
ßdm,illidan,1860,warrior,fury,54,26,28
Damonadrann,proudmoore,1859,warrior,fury,66,34,32
Tigas,icecrown,1853,warrior,fury,96,57,39
Splasch,kelthuzad,1853,warrior,fury,99,51,48
Garobber,stormrage,1851,warrior,fury,90,43,47
Mchamstring,stormrage,1846,warrior,fury,51,30,21
Vulnscan,tichondrius,1845,warrior,fury,70,40,30
Âragorn,tichondrius,1837,warrior,fury,121,66,55
Esilox,area-52,1836,warrior,fury,42,28,14
Ethyrie,ragnaros,1836,warrior,fury,61,34,27
Lokityr,tichondrius,1834,warrior,fury,36,26,10
Jenjang,proudmoore,1834,warrior,fury,83,52,31
Gomachi,moon-guard,1833,warrior,fury,108,55,53
Burger,the-underbog,1830,warrior,fury,30,21,9
Brainhaze,tichondrius,1829,warrior,fury,36,21,15
Ggull,tichondrius,1827,warrior,fury,47,28,19
Dcashmoney,moon-guard,1827,warrior,fury,168,99,69
Holuntung,illidan,1827,warrior,fury,91,49,42
Ragwreckz,bleeding-hollow,1826,warrior,fury,52,32,20
Zugyu,tichondrius,1825,warrior,fury,30,25,5
Soymong,frostmourne,1825,warrior,fury,116,74,42
Humanlog,illidan,1825,warrior,fury,48,28,20
Mty,tichondrius,1824,warrior,fury,54,35,19
Jimjinjin,tichondrius,1824,warrior,fury,108,55,53
Cleavxy,sargeras,1823,warrior,fury,54,37,17
Apocalyptist,stormrage,1823,warrior,fury,100,59,41
Lingho,illidan,1822,warrior,fury,36,20,16
Gorehardt,illidan,1822,warrior,fury,60,28,32
Ystkk,tichondrius,1821,warrior,fury,72,44,28
Thadamaja,kiljaeden,1821,warrior,fury,48,26,22
Pepétí,azralon,1819,warrior,fury,118,71,47
Angryexe,zuljin,1819,warrior,fury,77,42,35
Illmindofpoo,kelthuzad,1818,warrior,fury,42,28,14
Sayjaki,stormrage,1818,warrior,fury,102,62,40
Isahri,moon-guard,1818,warrior,fury,110,64,46
Orchilles,illidan,1817,warrior,fury,60,35,25
Damiansuv,moon-guard,1817,warrior,fury,154,89,65
Skyja,quelthalas,1817,warrior,fury,60,30,30
Openhardest,stormrage,1816,warrior,fury,41,27,14
Elkojack,nemesis,1816,warrior,fury,71,42,29
Jírky,ragnaros,1816,warrior,fury,240,134,106
Furíous,thunderhorn,1816,warrior,fury,108,60,48
Zuggrok,zuljin,1816,warrior,fury,285,147,138
Zujuzo,moon-guard,1815,warrior,fury,111,64,47
Neôn,frostmourne,1815,warrior,fury,66,37,29
Onionsauce,frostmourne,1815,warrior,fury,161,90,71
Flexo,moon-guard,1815,warrior,fury,54,29,25
Gushee,medivh,1815,warrior,fury,71,38,33
Escånor,moon-guard,1814,warrior,fury,31,24,7
Dodgestrikes,khaz-modan,1814,warrior,fury,36,24,12
Slughorn,moon-guard,1814,warrior,fury,102,53,49
Kazora,zuljin,1813,warrior,fury,48,33,15
Yawdamper,illidan,1813,warrior,fury,63,38,25
Duxor,sargeras,1813,warrior,fury,82,47,35
Donutwar,proudmoore,1813,warrior,fury,54,30,24
Crankyhorn,stormrage,1813,warrior,fury,60,31,29
Ramseyx,dalaran,1812,warrior,fury,34,20,14
Varrian,rivendare,1812,warrior,fury,150,88,62
Bornclueless,illidan,1812,warrior,fury,36,20,16
Clumhaku,dalaran,1811,warrior,fury,88,48,40
Barafang,wyrmrest-accord,1811,warrior,fury,234,125,109
Psychogenic,barthilas,1810,warrior,fury,102,60,42
Iskandër,quelthalas,1809,warrior,fury,72,52,20
Xcorp,tichondrius,1808,warrior,fury,96,58,38
Sixtydolla,kelthuzad,1808,warrior,fury,73,42,31
Bwandøn,moon-guard,1807,warrior,fury,108,65,43
Zyzz,scarlet-crusade,1807,warrior,fury,72,41,31
Crøm,tichondrius,1807,warrior,fury,114,61,53
Wagù,moon-guard,1805,warrior,fury,48,32,16
Starshattr,bleeding-hollow,1805,warrior,fury,108,64,44
Seoní,wyrmrest-accord,1805,warrior,fury,76,43,33
Maximad,moon-guard,1805,warrior,fury,108,58,50
Bosswin,tichondrius,1805,warrior,fury,113,58,55
Chainsa,stormrage,1803,warrior,fury,66,38,28
Girioo,thrall,1802,warrior,fury,24,19,5
Slamurai,moon-guard,1802,warrior,fury,30,22,8
Franticlol,tichondrius,1802,warrior,fury,90,59,31
Kevy,arygos,1802,warrior,fury,72,40,32
Cubie,malganis,1802,warrior,fury,89,47,42
Brummbär,thrall,1801,warrior,fury,65,32,33
Brøly,sargeras,1800,warrior,fury,48,27,21
Unbreakkable,tichondrius,1800,warrior,fury,144,76,68
Bobu,area-52,1800,warrior,fury,60,31,29
Smache,tichondrius,1799,warrior,fury,53,32,21
Gooberbear,frostmourne,1794,warrior,fury,199,108,91
Ágsgøðx,bleeding-hollow,1792,warrior,fury,150,81,69
Melifehorde,tichondrius,1790,warrior,fury,222,111,111
Dawx,thrall,1789,warrior,fury,60,30,30
Døppiø,area-52,1788,warrior,fury,46,25,21
Dripgodx,malganis,1786,warrior,fury,66,37,29
Trackstarz,llane,1786,warrior,fury,114,63,51
Rarefxck,tichondrius,1785,warrior,fury,45,28,17
Druzhinik,moon-guard,1785,warrior,fury,213,115,98
Yermalx,tichondrius,1784,warrior,fury,48,29,19
Chopz,sargeras,1784,warrior,fury,259,141,118
Márcellus,illidan,1782,warrior,fury,155,87,68
Rynkae,moon-guard,1782,warrior,fury,42,21,21
Chopped,wyrmrest-accord,1782,warrior,fury,117,56,61
Giannï,chogall,1775,warrior,fury,72,41,31
Cheiftain,dalaran,1775,warrior,fury,60,33,27
Lahired,drakkari,1766,warrior,fury,334,159,175
Zoldian,tichondrius,1764,warrior,fury,101,54,47
Malatov,moon-guard,1759,warrior,fury,108,61,47
Dahakawar,malganis,1757,warrior,fury,53,32,21
Festergrin,area-52,1755,warrior,fury,114,62,52
Hammerock,ragnaros,1753,warrior,fury,53,31,22
Grantlol,illidan,1752,warrior,fury,42,25,17
Veyrin,stormrage,1751,warrior,fury,203,111,92
Misakizs,sargeras,1750,warrior,fury,56,27,29
Warroiser,quelthalas,1748,warrior,fury,176,95,81
Basedaf,frostmourne,1748,warrior,fury,201,107,94
Freefighter,frostwolf,1747,warrior,fury,60,39,21
Mezw,tichondrius,1747,warrior,fury,184,97,87
Lootacris,illidan,1746,warrior,fury,42,20,22
Alarìon,malganis,1745,warrior,fury,45,31,14
Sonyanalogue,frostmourne,1745,warrior,fury,54,29,25
Ciege,illidan,1743,warrior,fury,84,47,37
Saîyanroyce,barthilas,1743,warrior,fury,148,80,68
Oddyseey,moon-guard,1741,warrior,fury,75,39,36
Volgarr,zuljin,1738,warrior,fury,69,38,31
Choppiechop,area-52,1735,warrior,fury,60,34,26
Brodestar,sargeras,1731,warrior,fury,66,35,31
Invinciblé,tichondrius,1730,warrior,fury,36,22,14
Beanstrom,tichondrius,1729,warrior,fury,77,39,38
Serrokie,tichondrius,1728,warrior,fury,36,23,13
Akaínu,area-52,1728,warrior,fury,48,27,21
Bigfatork,area-52,1728,warrior,fury,118,59,59
Daedrion,dalaran,1726,warrior,fury,90,49,41
Chop,khadgar,1724,warrior,fury,66,41,25
Budgetclap,nordrassil,1723,warrior,fury,72,36,36
Moelolita,illidan,1723,warrior,fury,41,19,22
Traumaj,bleeding-hollow,1721,warrior,fury,69,40,29
Bigdude,frostwolf,1721,warrior,fury,48,24,24
Rakndal,stormrage,1720,warrior,fury,30,18,12
Philsbbqnow,dark-iron,1720,warrior,fury,60,31,29
Duochuanjun,illidan,1719,warrior,fury,48,26,22
Scrümp,illidan,1718,warrior,fury,122,73,49
Sàndman,malganis,1717,warrior,fury,45,24,21
Tastý,moon-guard,1716,warrior,fury,36,23,13
Zindalari,frostmourne,1716,warrior,fury,54,30,24
Faytful,thrall,1715,warrior,fury,66,30,36
Kintarra,malygos,1714,warrior,fury,59,34,25
Jarheadz,bleeding-hollow,1712,warrior,fury,66,43,23
Michaela,moon-guard,1712,warrior,fury,42,23,19
Darkbunny,thaurissan,1711,warrior,fury,132,71,61
Notcoverage,tichondrius,1710,warrior,fury,48,25,23
Coalpit,emerald-dream,1710,warrior,fury,96,48,48
Riggs,stonemaul,1706,warrior,fury,59,32,27
Tanorai,area-52,1704,warrior,fury,66,43,23
Sleazedog,kelthuzad,1704,warrior,fury,60,39,21
Shneakywar,frostmourne,1703,warrior,fury,227,131,96
Dolsorae,malganis,1703,warrior,fury,58,28,30
Kinseb,doomhammer,1702,warrior,fury,84,49,35
Ssamba,shattered-hand,1701,warrior,fury,43,25,18
Agragar,zuljin,1700,warrior,fury,36,21,15
Shino,garona,1699,warrior,fury,46,32,14
Nazraill,aggramar,1699,warrior,fury,45,27,18
Flarkin,area-52,1699,warrior,fury,30,18,12
Blazingfury,area-52,1699,warrior,fury,115,59,56
Nilah,tichondrius,1698,warrior,fury,181,102,79
Coldshots,stormreaver,1696,warrior,fury,132,73,59
Mochigome,moon-guard,1696,warrior,fury,97,49,48
Swordmasters,icecrown,1695,warrior,fury,84,48,36
Kazecap,proudmoore,1694,warrior,fury,66,45,21
Shadowstingg,tichondrius,1693,warrior,fury,32,19,13
Showtimè,thrall,1693,warrior,fury,36,21,15
Goaco,drakkari,1692,warrior,fury,57,27,30
Executed,blackhand,1691,warrior,fury,36,21,15
Vapyr,moon-guard,1691,warrior,fury,59,29,30
Vuraxx,area-52,1690,warrior,fury,36,25,11
Noramed,moon-guard,1690,warrior,fury,148,79,69
Râvik,illidan,1690,warrior,fury,111,57,54
Drashi,nazjatar,1689,warrior,fury,90,53,37
Nordama,stormrage,1686,warrior,fury,89,53,36
Orphasmic,moon-guard,1686,warrior,fury,58,34,24
Moistmoocow,thrall,1686,warrior,fury,144,76,68
Naelynh,quelthalas,1684,warrior,fury,60,31,29
Chlord,proudmoore,1683,warrior,fury,68,32,36
Noblêsix,dalaran,1682,warrior,fury,36,22,14
Råmpågë,tichondrius,1682,warrior,fury,104,60,44
Käggai,khadgar,1681,warrior,fury,97,51,46
Bulgrim,moon-guard,1680,warrior,fury,145,72,73
Scrotedog,area-52,1680,warrior,fury,55,24,31
Torbajhorn,moon-guard,1676,warrior,fury,66,34,32
Ðowser,area-52,1675,warrior,fury,90,49,41
Thugdorr,sargeras,1675,warrior,fury,102,53,49
Nukemdown,darkspear,1675,warrior,fury,48,24,24
Mandragorn,kelthuzad,1674,warrior,fury,83,44,39
Morfoggore,ragnaros,1674,warrior,fury,73,34,39
Doublezuglol,tichondrius,1673,warrior,fury,44,25,19
Modì,sargeras,1673,warrior,fury,131,71,60
Tenger,velen,1672,warrior,fury,125,72,53
Kolosaltwo,tichondrius,1672,warrior,fury,117,62,55
Nikon,bleeding-hollow,1671,warrior,fury,48,28,20
Lethu,tichondrius,1670,warrior,fury,54,32,22
Koei,illidan,1670,warrior,fury,48,28,20
Georgedubya,illidan,1670,warrior,fury,60,28,32
Fêanor,ragnaros,1669,warrior,fury,24,18,6
Youaredafeds,moon-guard,1668,warrior,fury,149,84,65
Colorx,sargeras,1668,warrior,fury,82,46,36
Celere,azralon,1668,warrior,fury,84,45,39
Feetmann,illidan,1667,warrior,fury,96,61,35
Islik,stormrage,1666,warrior,fury,36,21,15
Bopwar,malganis,1665,warrior,fury,48,29,19
Vids,aegwynn,1665,warrior,fury,48,25,23
Bártho,area-52,1663,warrior,fury,48,29,19
Påpi,sargeras,1663,warrior,fury,96,57,39
Zugzugtime,tichondrius,1663,warrior,fury,82,47,35
Moistt,nesingwary,1662,warrior,fury,44,28,16
Dann,ragnaros,1662,warrior,fury,83,51,32
Dardash,ragnaros,1661,warrior,fury,42,28,14
Arágorn,sargeras,1661,warrior,fury,78,46,32
Ianprime,the-scryers,1661,warrior,fury,66,37,29
Wång,bonechewer,1661,warrior,fury,36,19,17
Jòrdy,moon-guard,1660,warrior,fury,48,32,16
Ystk,tichondrius,1660,warrior,fury,101,61,40
Raveve,area-52,1660,warrior,fury,92,51,41
Larosfan,tichondrius,1659,warrior,fury,60,33,27
Gladheateher,bonechewer,1658,warrior,fury,66,31,35
Onionlord,wyrmrest-accord,1657,warrior,fury,41,26,15
Berawar,tichondrius,1657,warrior,fury,108,55,53
Ezeji,area-52,1656,warrior,fury,51,30,21
Timbermack,moon-guard,1656,warrior,fury,48,26,22
Calder,malganis,1656,warrior,fury,72,36,36
Kellyboitv,frostmourne,1656,warrior,fury,54,27,27
Statistic,skullcrusher,1656,warrior,fury,70,32,38
Keltanas,quelthalas,1655,warrior,fury,160,82,78
Dwarlan,stormrage,1654,warrior,fury,83,53,30
Ayrifik,tichondrius,1653,warrior,fury,32,22,10
Firmware,illidan,1653,warrior,fury,39,19,20
Aotha,moon-guard,1652,warrior,fury,38,23,15
Yêawen,tichondrius,1652,warrior,fury,32,19,13
Conflíct,illidan,1652,warrior,fury,88,52,36
Ediann,elune,1652,warrior,fury,119,67,52
Bloodfist,tichondrius,1651,warrior,fury,42,25,17
Graverot,burning-legion,1651,warrior,fury,64,31,33
Madblackcat,illidan,1650,warrior,fury,45,23,22
Oiledman,emerald-dream,1649,warrior,fury,46,24,22
Easons,tichondrius,1649,warrior,fury,77,38,39
Joog,kalecgos,1649,warrior,fury,64,30,34
Jingson,moon-guard,1648,warrior,fury,63,37,26
Axesage,tichondrius,1648,warrior,fury,72,41,31
Ashwalker,malganis,1648,warrior,fury,56,30,26
Bigbadaxe,sargeras,1648,warrior,fury,48,23,25
Eggdoubles,sargeras,1647,warrior,fury,33,19,14
Eregor,sargeras,1647,warrior,fury,54,27,27
Sìon,tichondrius,1645,warrior,fury,60,38,22
Vinvivenna,emerald-dream,1644,warrior,fury,46,25,21
Tinyexcute,tichondrius,1644,warrior,fury,48,25,23
Ballinx,illidan,1644,warrior,fury,48,21,27
Faren,agamaggan,1643,warrior,fury,167,91,76
Kholusia,kul-tiras,1643,warrior,fury,157,76,81
Traka,stormrage,1642,warrior,fury,36,19,17
Lowz,hyjal,1641,warrior,fury,32,23,9
Rücküs,tichondrius,1641,warrior,fury,172,100,72
Evilkorean,tichondrius,1641,warrior,fury,158,85,73
Wangjianguo,illidan,1641,warrior,fury,53,28,25
Snugglebuggs,stormrage,1641,warrior,fury,185,94,91
Zaràki,area-52,1640,warrior,fury,53,30,23
Jhalma,stormrage,1640,warrior,fury,42,20,22
Notacop,malygos,1639,warrior,fury,36,24,12
Heater,stormrage,1638,warrior,fury,40,24,16
Nogèt,frostmourne,1638,warrior,fury,47,28,19
Cupper,tichondrius,1638,warrior,fury,47,25,22
Cubanßûrst,stormrage,1637,warrior,fury,40,24,16
Scolpi,stormrage,1637,warrior,fury,82,43,39
Sperow,malygos,1636,warrior,fury,73,42,31
Sálieri,ragnaros,1634,warrior,fury,154,86,68
Meatbone,emerald-dream,1633,warrior,fury,45,28,17
Arthíc,ragnaros,1633,warrior,fury,60,33,27
Udmwarrior,zuljin,1633,warrior,fury,54,24,30
Stavsie,tichondrius,1631,warrior,fury,41,24,17
Albinosword,azralon,1631,warrior,fury,92,51,41
Tádakatsu,sargeras,1631,warrior,fury,165,87,78
Vongrave,moonrunner,1630,warrior,fury,42,27,15
Thiccyb,area-52,1628,warrior,fury,24,17,7
Skollyd,tichondrius,1628,warrior,fury,32,20,12
Zartren,khazgoroth,1628,warrior,fury,72,40,32
Dáinsleif,frostmourne,1627,warrior,fury,42,25,17
Zastrow,dalaran,1627,warrior,fury,42,23,19
Illaedan,quelthalas,1627,warrior,fury,113,52,61
Choppin,sargeras,1625,warrior,fury,36,22,14
Iwillcrushyo,darkspear,1625,warrior,fury,48,21,27
Swìll,illidan,1623,warrior,fury,24,17,7
Ugriker,skullcrusher,1623,warrior,fury,42,26,16
Morguez,tichondrius,1623,warrior,fury,108,61,47
Zemi,sargeras,1620,warrior,fury,24,17,7
Emv,area-52,1620,warrior,fury,36,20,16
Ðåddý,stormrage,1620,warrior,fury,149,73,76
Hoodlark,lightbringer,1618,warrior,fury,87,51,36
Baeowar,area-52,1618,warrior,fury,108,52,56
Alteryx,sargeras,1617,warrior,fury,250,134,116
Eggroll,emerald-dream,1617,warrior,fury,201,106,95
Nornogin,tichondrius,1616,warrior,fury,72,42,30
Hârambe,kiljaeden,1614,warrior,fury,41,25,16
Zangetsy,sargeras,1614,warrior,fury,112,60,52
Gorrtog,stormrage,1614,warrior,fury,329,166,163
Breaker,undermine,1613,warrior,fury,48,25,23
Sensho,azralon,1612,warrior,fury,106,61,45
Cornmaster,darkspear,1612,warrior,fury,122,62,60
Khrull,khazgoroth,1609,warrior,fury,74,40,34
Guerreraa,ragnaros,1609,warrior,fury,83,37,46
Ohdang,dark-iron,1608,warrior,fury,221,119,102
Oxitowocina,quelthalas,1608,warrior,fury,66,35,31
Brimstoné,wyrmrest-accord,1608,warrior,fury,185,95,90
Leviqt,moon-guard,1606,warrior,fury,36,21,15
Nosoraki,thrall,1606,warrior,fury,42,22,20
Damburga,tichondrius,1605,warrior,fury,78,45,33
Tithousand,tichondrius,1603,warrior,fury,113,63,50
Fearless,moon-guard,1603,warrior,fury,132,68,64
Velarrine,illidan,1603,warrior,fury,127,65,62
Lilgucci,stonemaul,1602,warrior,fury,36,20,16
Gpro,tichondrius,1602,warrior,fury,42,21,21
Zenetsu,kelthuzad,1602,warrior,fury,48,20,28
Genesisblade,illidan,1601,warrior,fury,58,25,33
Krovikân,area-52,1600,warrior,fury,30,19,11
Soulfang,stormscale,1600,warrior,fury,36,20,16
Brutality,kirin-tor,1598,warrior,fury,107,57,50
Warrmachine,mannoroth,1597,warrior,fury,214,119,95
Brendan,llane,1597,warrior,fury,48,24,24
Andorane,bleeding-hollow,1596,warrior,fury,92,49,43
Koffray,malfurion,1596,warrior,fury,59,30,29
Quinntis,anvilmar,1596,warrior,fury,62,31,31
Ngu,eldrethalas,1595,warrior,fury,35,18,17
Jimseung,tichondrius,1595,warrior,fury,72,35,37
Neurötic,ragnaros,1594,warrior,fury,30,20,10
Wrniss,tichondrius,1594,warrior,fury,59,36,23
Gurukakko,ragnaros,1594,warrior,fury,58,35,23
Wolfdurotan,azralon,1593,warrior,fury,36,23,13
Zoomgar,barthilas,1592,warrior,fury,80,43,37
Gigatroll,tichondrius,1592,warrior,fury,59,30,29
Chillimus,tichondrius,1591,warrior,fury,36,20,16
Klieterious,bleeding-hollow,1591,warrior,fury,126,64,62
Larrybiscuit,moon-guard,1589,warrior,fury,190,108,82
Fearlessxq,tichondrius,1589,warrior,fury,154,86,68
Korthiasucks,area-52,1588,warrior,fury,30,19,11
Akkar,gilneas,1588,warrior,fury,55,27,28
Cohëëd,kelthuzad,1587,warrior,fury,181,98,83
Jadeemerald,kelthuzad,1585,warrior,fury,66,34,32
Tiger,veknilash,1584,warrior,fury,52,31,21
Leapgodx,drenden,1583,warrior,fury,36,21,15
Khargrok,ragnaros,1583,warrior,fury,159,87,72
Shapur,tichondrius,1583,warrior,fury,41,22,19
Jimmfro,zuljin,1583,warrior,fury,88,46,42
Huacai,tichondrius,1583,warrior,fury,113,59,54
Wampzug,azshara,1583,warrior,fury,96,46,50
Bigßiceps,tichondrius,1581,warrior,fury,54,30,24
Swiftslaýer,vashj,1581,warrior,fury,153,77,76
Asstastic,bonechewer,1581,warrior,fury,104,50,54
Sïxsnacks,stormrage,1580,warrior,fury,38,23,15
Shaøkahn,azralon,1580,warrior,fury,74,43,31
Kroozy,thrall,1580,warrior,fury,42,24,18
Ragnararagor,ragnaros,1580,warrior,fury,305,155,150
Zitfrlt,wildhammer,1579,warrior,fury,111,53,58
Grômm,tichondrius,1577,warrior,fury,81,45,36
Verigan,barthilas,1575,warrior,fury,42,22,20
Shibaraku,tichondrius,1575,warrior,fury,508,251,257
Gnomageddon,anetheron,1575,warrior,fury,106,48,58
Brøsk,azralon,1574,warrior,fury,108,58,50
Holddapoop,area-52,1574,warrior,fury,63,32,31
Warriorbrain,wyrmrest-accord,1574,warrior,fury,36,17,19
Wolfcultist,moon-guard,1572,warrior,fury,117,54,63
Mers,garrosh,1571,warrior,fury,84,45,39
Flexid,tichondrius,1571,warrior,fury,86,42,44
Strëngth,aggramar,1569,warrior,fury,94,50,44
Notfaytful,thrall,1568,warrior,fury,33,19,14
Kombatwombat,kaelthas,1567,warrior,fury,53,30,23
Filamon,dentarg,1567,warrior,fury,77,32,45
Wíldcat,illidan,1566,warrior,fury,36,20,16
Magnis,stormrage,1566,warrior,fury,102,53,49
Orsex,ragnaros,1566,warrior,fury,94,45,49
Aarmii,ragnaros,1564,warrior,fury,113,61,52
Harkeigh,wyrmrest-accord,1562,warrior,fury,84,46,38
Rekill,emerald-dream,1562,warrior,fury,36,19,17
Tyroe,thunderhorn,1561,warrior,fury,60,30,30
Benchpress,bleeding-hollow,1560,warrior,fury,138,71,67
Faywarsong,area-52,1558,warrior,fury,42,22,20
Elfdestroyer,wyrmrest-accord,1558,warrior,fury,48,24,24
Tigo,khaz-modan,1558,warrior,fury,48,24,24
Gaazhel,quelthalas,1557,warrior,fury,214,111,103
Canduin,queldorei,1556,warrior,fury,49,28,21
Nvzah,area-52,1556,warrior,fury,78,34,44
Monreale,area-52,1555,warrior,fury,54,34,20
Igoboom,bleeding-hollow,1555,warrior,fury,52,27,25
Rafurk,area-52,1552,warrior,fury,72,42,30
Torv,frostmourne,1552,warrior,fury,80,43,37
Arkey,queldorei,1550,warrior,fury,54,30,24
Hazknar,azralon,1550,warrior,fury,90,46,44
Ataullah,barthilas,1549,warrior,fury,33,18,15
Hairygrundel,area-52,1548,warrior,fury,137,71,66
Tempusbane,proudmoore,1548,warrior,fury,56,24,32
Sithlõrd,moon-guard,1547,warrior,fury,90,44,46
Icrìtmypants,dragonmaw,1546,warrior,fury,30,19,11
Xtargaryen,stormrage,1546,warrior,fury,38,23,15
Rendwarchief,garrosh,1546,warrior,fury,161,82,79
Forks,malganis,1546,warrior,fury,68,29,39
Sugmad,area-52,1545,warrior,fury,48,22,26
Pitchman,tichondrius,1544,warrior,fury,59,32,27
Mereleona,quelthalas,1544,warrior,fury,60,32,28
Rikki,frostmourne,1544,warrior,fury,84,40,44
Raggnarsøøn,ragnaros,1543,warrior,fury,101,47,54
Antei,thunderlord,1542,warrior,fury,87,48,39
Bigbungus,frostmourne,1542,warrior,fury,50,27,23
Lujzika,stormreaver,1539,warrior,fury,119,67,52
Zibby,malganis,1539,warrior,fury,36,18,18
Mulish,frostmourne,1538,warrior,fury,121,62,59
Thraig,moon-guard,1538,warrior,fury,36,17,19
Pootyspootz,warsong,1536,warrior,fury,53,31,22
Bòne,frostmourne,1536,warrior,fury,54,28,26
Rinima,tichondrius,1536,warrior,fury,164,81,83
Gûard,stormrage,1535,warrior,fury,127,64,63
Thren,tichondrius,1533,warrior,fury,36,19,17
Warborn,agamaggan,1533,warrior,fury,72,35,37
Carfal,spirestone,1532,warrior,fury,60,36,24
Romus,spirestone,1531,warrior,fury,72,40,32
Dragvovar,thrall,1530,warrior,fury,37,21,16
Zombad,azralon,1530,warrior,fury,68,37,31
Samuluo,tichondrius,1529,warrior,fury,24,16,8
Jerryk,zuljin,1529,warrior,fury,24,16,8
Linker,ragnaros,1528,warrior,fury,60,34,26
Xenogears,boulderfist,1528,warrior,fury,84,38,46
Benieswar,frostmourne,1527,warrior,fury,54,28,26
Ðow,burning-blade,1526,warrior,fury,47,25,22
Peeb,tichondrius,1524,warrior,fury,48,26,22
Tctc,emerald-dream,1524,warrior,fury,41,22,19
Mcluffin,proudmoore,1522,warrior,fury,30,20,10
Fearlessly,moon-guard,1519,warrior,fury,238,124,114
Dangerousd,kiljaeden,1518,warrior,fury,30,16,14
Lemondrake,sargeras,1518,warrior,fury,30,16,14
Abomlnatlon,tichondrius,1516,warrior,fury,78,43,35
Telynne,frostmourne,1516,warrior,fury,54,29,25
Getthechoppa,aegwynn,1516,warrior,fury,77,40,37
Cåfe,tichondrius,1515,warrior,fury,42,30,12
Statistical,area-52,1515,warrior,fury,48,31,17
Imprw,stormrage,1514,warrior,fury,110,62,48
Playbox,area-52,1514,warrior,fury,83,37,46
Darrowshire,moon-guard,1514,warrior,fury,36,16,20
Goon,frostmourne,1513,warrior,fury,66,38,28
Rikbielo,dragonmaw,1513,warrior,fury,73,39,34
Eor,greymane,1513,warrior,fury,80,41,39
Vhalden,quelthalas,1512,warrior,fury,24,16,8
Fkt,frostmourne,1512,warrior,fury,31,17,14
Impk,frostmourne,1512,warrior,fury,30,16,14
Zarxc,quelthalas,1512,warrior,fury,113,55,58
Blxckbeard,hyjal,1510,warrior,fury,30,16,14
Thegoodson,zuljin,1509,warrior,fury,36,18,18
Grumok,tichondrius,1509,warrior,fury,44,20,24
Cokespoon,frostmourne,1508,warrior,fury,102,56,46
Wouili,zuljin,1506,warrior,fury,56,27,29
Mayonnaise,ragnaros,1506,warrior,fury,48,23,25
Ÿüñí,tichondrius,1505,warrior,fury,60,33,27
Zerkxi,kelthuzad,1504,warrior,fury,45,25,20
Nebgleb,bleeding-hollow,1503,warrior,fury,48,32,16
Anandamide,frostwolf,1503,warrior,fury,51,27,24
Hôdû,tichondrius,1503,warrior,fury,226,118,108
Mervyn,aegwynn,1501,warrior,fury,84,49,35
Sertul,tichondrius,1501,warrior,fury,87,45,42
Rodahn,emerald-dream,1500,warrior,fury,54,31,23
Gorcker,hellscream,1499,warrior,fury,36,22,14
Grommrosh,azralon,1499,warrior,fury,48,21,27
Womanbeaterx,stormrage,1498,warrior,fury,44,26,18
Hellamoist,tichondrius,1498,warrior,fury,78,35,43
Iskandr,amanthul,1496,warrior,fury,135,69,66
Koppo,kelthuzad,1496,warrior,fury,42,18,24
Venirith,moon-guard,1495,warrior,fury,82,43,39
Stoopkid,uldum,1494,warrior,fury,58,29,29
Rahj,caelestrasz,1493,warrior,fury,37,21,16
Walterwhîte,tichondrius,1493,warrior,fury,69,39,30
Varith,sargeras,1493,warrior,fury,60,29,31
Mäjka,dalaran,1493,warrior,fury,48,23,25
Zertok,ravencrest,1492,warrior,fury,36,18,18
Eatmyblade,wyrmrest-accord,1492,warrior,fury,355,174,181
Apeal,skullcrusher,1491,warrior,fury,140,76,64
Oppos,lightnings-blade,1491,warrior,fury,71,34,37
Beforever,kiljaeden,1490,warrior,fury,36,16,20
Wöûlöû,trollbane,1488,warrior,fury,103,52,51
Thunderfurry,drakkari,1488,warrior,fury,135,66,69
Impaling,moon-guard,1487,warrior,fury,89,52,37
Slashen,sargeras,1487,warrior,fury,47,27,20
Crushanater,tichondrius,1487,warrior,fury,39,20,19
Æwarrìor,tichondrius,1486,warrior,fury,68,32,36
Wolurog,emerald-dream,1485,warrior,fury,30,21,9
Gtrain,barthilas,1485,warrior,fury,65,35,30
Fendimonster,tichondrius,1485,warrior,fury,372,198,174
Bdm,mugthol,1485,warrior,fury,46,23,23
Gromtalin,sargeras,1482,warrior,fury,51,31,20
Elmosmash,thrall,1482,warrior,fury,61,24,37
Ronok,ghostlands,1481,warrior,fury,42,26,16
Hughmungús,frostmourne,1481,warrior,fury,68,37,31
Panterra,azralon,1481,warrior,fury,217,109,108
Know,anetheron,1480,warrior,fury,39,25,14
Xakp,tichondrius,1480,warrior,fury,39,19,20
Daelganis,blood-furnace,1480,warrior,fury,83,40,43
Sigiswald,cenarion-circle,1480,warrior,fury,72,32,40
Shádo,darkspear,1479,warrior,fury,48,29,19
Ooze,darkspear,1479,warrior,fury,105,53,52
Iceice,dalaran,1479,warrior,fury,100,48,52
Genrÿuusai,azralon,1478,warrior,fury,35,19,16
Himiko,kaelthas,1478,warrior,fury,75,38,37
Invdeath,azralon,1478,warrior,fury,52,25,27
Outrage,the-forgotten-coast,1477,warrior,fury,98,48,50
Machâ,illidan,1477,warrior,fury,41,19,22
Murotamaka,malganis,1476,warrior,fury,36,17,19
Siegfriéd,bleeding-hollow,1473,warrior,fury,104,57,47
Cenanuandra,gnomeregan,1472,warrior,fury,88,50,38
Ruktar,akama,1472,warrior,fury,113,57,56
Zuggyboi,moon-guard,1472,warrior,fury,54,25,29
Brutalloli,thrall,1471,warrior,fury,66,37,29
Elken,haomarush,1471,warrior,fury,90,48,42
Johnnysnowx,sargeras,1471,warrior,fury,137,73,64
Crohdey,madoran,1470,warrior,fury,203,105,98
Sarovek,thrall,1468,warrior,fury,54,31,23
Bigjier,proudmoore,1468,warrior,fury,121,63,58
Violençe,malganis,1467,warrior,fury,48,22,26
Badoosh,kaelthas,1466,warrior,fury,40,26,14
Cannonballz,sargeras,1466,warrior,fury,30,19,11
Xannypatrol,tichondrius,1466,warrior,fury,125,68,57
Howlofang,bleeding-hollow,1466,warrior,fury,84,40,44
Jubeithos,draktharon,1466,warrior,fury,60,28,32
Mezmer,sargeras,1465,warrior,fury,42,25,17
Noten,thunderlord,1465,warrior,fury,82,47,35
Wardeád,quelthalas,1465,warrior,fury,48,26,22
Painquin,boulderfist,1465,warrior,fury,54,26,28
Alrekur,moon-guard,1463,warrior,fury,30,22,8
Cliveswife,frostmourne,1462,warrior,fury,23,16,7
Teyroporah,azralon,1462,warrior,fury,63,34,29
Azázyel,quelthalas,1461,warrior,fury,66,29,37
Mág,burning-legion,1460,warrior,fury,33,20,13
Commandó,proudmoore,1460,warrior,fury,71,42,29
Jotto,zuljin,1459,warrior,fury,24,16,8
Mòrgo,agamaggan,1458,warrior,fury,30,20,10
Thyssara,moon-guard,1458,warrior,fury,113,59,54
Nimna,moon-guard,1458,warrior,fury,67,32,35
Controlololx,hyjal,1457,warrior,fury,36,16,20
Mandremin,moon-guard,1456,warrior,fury,24,17,7
Leónard,moon-guard,1456,warrior,fury,52,30,22
Cogsbixby,aerie-peak,1455,warrior,fury,30,21,9
Jarvîs,moon-guard,1455,warrior,fury,97,49,48
Mlau,tichondrius,1454,warrior,fury,30,16,14
Corbray,frostmourne,1454,warrior,fury,42,20,22
Viagraliker,tichondrius,1453,warrior,fury,99,54,45
Potan,thrall,1453,warrior,fury,48,23,25
Trickyshield,durotan,1452,warrior,fury,29,18,11
Bruttallis,frostmane,1452,warrior,fury,38,20,18
Ruuthless,sargeras,1452,warrior,fury,177,88,89
Berthibar,dalaran,1452,warrior,fury,117,54,63
Ggéz,stormrage,1451,warrior,fury,80,39,41
Limpninny,dalaran,1451,warrior,fury,51,24,27
Zenrrei,ragnaros,1451,warrior,fury,43,18,25
Machomanran,zuljin,1450,warrior,fury,142,72,70
Warbringerr,hydraxis,1449,warrior,fury,48,27,21
Kortera,malganis,1449,warrior,fury,59,33,26
Lavablood,moon-guard,1449,warrior,fury,54,24,30
Connero,stormrage,1448,warrior,fury,54,25,29
Tranos,zuljin,1448,warrior,fury,78,35,43
Kârzâ,dawnbringer,1446,warrior,fury,173,89,84
Bestgrunt,tichondrius,1446,warrior,fury,102,46,56
Líl,gorgonnash,1446,warrior,fury,54,21,33
Pelikanesis,arthas,1444,warrior,fury,58,29,29
Carnemølida,thrall,1444,warrior,fury,88,42,46
Perserve,thunderlord,1442,warrior,fury,156,74,82
Thorfjin,stormrage,1441,warrior,fury,72,41,31
Biggbudzz,sargeras,1441,warrior,fury,47,23,24
Horvv,frostmourne,1440,warrior,fury,72,37,35
Rhann,kelthuzad,1440,warrior,fury,74,38,36
Youserg,khazgoroth,1440,warrior,fury,189,97,92
Nikomasked,kelthuzad,1436,warrior,fury,24,15,9
Midweststuna,kul-tiras,1436,warrior,fury,29,18,11
Pawgmilf,tichondrius,1436,warrior,fury,32,19,13
Damage,malganis,1435,warrior,fury,24,15,9
Sindarin,eitrigg,1435,warrior,fury,72,43,29
Kenpachì,kelthuzad,1433,warrior,fury,25,16,9
Wishayzka,drakkari,1433,warrior,fury,60,29,31
Surge,eredar,1432,warrior,fury,51,27,24
Mankus,tichondrius,1432,warrior,fury,90,45,45
Calmebigfeet,tichondrius,1432,warrior,fury,30,15,15
Braxtön,moon-guard,1432,warrior,fury,78,37,41
Deseroth,illidan,1432,warrior,fury,36,15,21
Smorc,stormrage,1431,warrior,fury,24,15,9
Tacomeat,malorne,1430,warrior,fury,58,29,29
Progesterone,bleeding-hollow,1429,warrior,fury,36,15,21
Fayttful,area-52,1428,warrior,fury,30,15,15
Décapitator,area-52,1428,warrior,fury,36,15,21
Toberino,illidan,1427,warrior,fury,24,15,9
Vnw,illidan,1427,warrior,fury,24,15,9
Fury,frostmourne,1427,warrior,fury,30,15,15
Beifong,barthilas,1427,warrior,fury,30,15,15
Dieselsauce,stormscale,1426,warrior,fury,77,37,40
Ikoré,saurfang,1425,warrior,fury,87,45,42
Kevinhårt,sargeras,1425,warrior,fury,72,35,37
Farklesnarf,tichondrius,1425,warrior,fury,50,24,26
Hjomura,quelthalas,1425,warrior,fury,66,31,35
Extremerogu,tichondrius,1423,warrior,fury,47,25,22
Assaulttank,drenden,1423,warrior,fury,66,33,33
Vornicar,moon-guard,1422,warrior,fury,114,60,54
Maciste,exodar,1422,warrior,fury,30,15,15
Exsolacyst,sargeras,1421,warrior,fury,24,15,9
Hydrolisk,area-52,1421,warrior,fury,30,16,14
Kross,illidan,1421,warrior,fury,97,51,46
Xgraves,sargeras,1421,warrior,fury,30,15,15
Attractive,silvermoon,1420,warrior,fury,103,57,46
Asuna,burning-blade,1420,warrior,fury,46,24,22
Nixe,caelestrasz,1420,warrior,fury,150,72,78
Äléx,frostmourne,1418,warrior,fury,36,22,14
Gromarth,wyrmrest-accord,1418,warrior,fury,70,38,32
Heenguer,azralon,1418,warrior,fury,72,37,35
Akenox,area-52,1418,warrior,fury,30,15,15
Selathiel,burning-blade,1417,warrior,fury,113,60,53
Sako,amanthul,1415,warrior,fury,32,18,14
Calzonez,bloodscalp,1415,warrior,fury,77,42,35
Lechonk,suramar,1415,warrior,fury,30,16,14
Karusuke,stormrage,1415,warrior,fury,42,22,20
Râgê,moon-guard,1414,warrior,fury,30,17,13
Gokkuu,dragonblight,1414,warrior,fury,78,42,36
Ogundados,kelthuzad,1413,warrior,fury,33,20,13
Natedógg,tichondrius,1413,warrior,fury,102,52,50
Zareshi,sargeras,1412,warrior,fury,140,71,69
Moriax,azralon,1410,warrior,fury,142,73,69
Modzilla,aerie-peak,1410,warrior,fury,90,44,46
Rageinc,jubeithos,1410,warrior,fury,75,35,40
Wazy,ragnaros,1410,warrior,fury,78,36,42
Cptnchocmilk,thrall,1409,warrior,fury,30,16,14
Warsongwolf,tichondrius,1409,warrior,fury,78,36,42
Galigiggs,emerald-dream,1407,warrior,fury,24,15,9
Burtiera,wyrmrest-accord,1407,warrior,fury,66,39,27
Noppô,tichondrius,1406,warrior,fury,47,30,17
Errejota,illidan,1406,warrior,fury,54,26,28
Orson,lothar,1404,warrior,fury,26,15,11
Enzothebaker,thrall,1404,warrior,fury,30,16,14
Bloodhârdt,area-52,1404,warrior,fury,70,35,35
Exëqt,area-52,1404,warrior,fury,60,25,35
Alecsten,tichondrius,1403,warrior,fury,30,15,15
Aladrynne,dalaran,1402,warrior,fury,207,101,106
Kolgrim,hyjal,1400,warrior,fury,27,16,11
Kaladbolg,tichondrius,1400,warrior,fury,96,52,44
Xurug,zuljin,1400,warrior,fury,30,15,15
Varlekt,frostmourne,1399,warrior,fury,83,45,38
Broksampson,stormrage,1399,warrior,fury,30,15,15
Grommasth,jubeithos,1398,warrior,fury,54,33,21
Sinkale,moon-guard,1398,warrior,fury,54,28,26
Andreas,quelthalas,1396,warrior,fury,81,44,37
Furyann,frostmourne,1396,warrior,fury,42,19,23
Fluffytaco,illidan,1395,warrior,fury,60,32,28
Murderwalk,shadowmoon,1395,warrior,fury,63,30,33
Zatarra,azralon,1395,warrior,fury,54,23,31
Rageorade,area-52,1394,warrior,fury,89,50,39
Lyonele,moon-guard,1394,warrior,fury,50,28,22
Mytharion,sargeras,1393,warrior,fury,59,27,32
Alerish,quelthalas,1392,warrior,fury,24,15,9
Zekken,blades-edge,1392,warrior,fury,83,42,41
Impalle,nazjatar,1389,warrior,fury,64,38,26
Majindoom,illidan,1388,warrior,fury,59,32,27
Joxer,nordrassil,1387,warrior,fury,84,46,38
Ludicrous,dreadmaul,1387,warrior,fury,179,94,85
Tinyterror,sargeras,1386,warrior,fury,48,22,26
Hijjiup,ysera,1385,warrior,fury,70,35,35
Bhutjolokia,ragnaros,1385,warrior,fury,54,25,29
Spaceburied,illidan,1385,warrior,fury,129,59,70
Quuavo,tichondrius,1384,warrior,fury,48,25,23
Vedrikk,ragnaros,1382,warrior,fury,30,16,14
Kratøz,tichondrius,1382,warrior,fury,36,18,18
Rockadoodle,tichondrius,1382,warrior,fury,36,17,19
Thecolor,tichondrius,1382,warrior,fury,42,17,25
Trco,quelthalas,1380,warrior,fury,60,32,28
Eamonvalda,dalaran,1380,warrior,fury,57,30,27
Thywub,proudmoore,1380,warrior,fury,36,17,19
Weesten,aerie-peak,1378,warrior,fury,178,99,79
Rerollrogue,thrall,1377,warrior,fury,111,51,60
Swiffy,stormrage,1375,warrior,fury,46,29,17
Brugo,area-52,1374,warrior,fury,91,56,35
Hellframe,ysondre,1374,warrior,fury,72,34,38
Originalkhan,stormrage,1373,warrior,fury,54,23,31
Agoro,tichondrius,1371,warrior,fury,48,25,23
Casmier,tichondrius,1370,warrior,fury,36,19,17
Jeffarian,illidan,1368,warrior,fury,39,23,16
Zootonius,bloodscalp,1368,warrior,fury,36,20,16
Chounshiryu,drakkari,1367,warrior,fury,283,142,141
Lovehandlez,proudmoore,1366,warrior,fury,87,46,41
Panicbutton,proudmoore,1366,warrior,fury,96,49,47
Áres,spinebreaker,1366,warrior,fury,48,24,24
Dözer,icecrown,1366,warrior,fury,42,21,21
Destructör,nagrand,1366,warrior,fury,78,36,42
Hêllseeker,ragnaros,1365,warrior,fury,52,24,28
Rageraz,trollbane,1362,warrior,fury,30,19,11
Valkwar,tichondrius,1362,warrior,fury,54,28,26
Dabier,bleeding-hollow,1362,warrior,fury,122,59,63
Redblade,bleeding-hollow,1361,warrior,fury,36,16,20
Reesse,eonar,1360,warrior,fury,30,17,13
Emotionaldps,malygos,1360,warrior,fury,141,74,67
Dodiru,azralon,1359,warrior,fury,42,23,19
Ourhero,malganis,1359,warrior,fury,33,18,15
Doominustwo,tichondrius,1358,warrior,fury,25,15,10
Barntley,illidan,1358,warrior,fury,44,24,20
Chahta,shadowsong,1357,warrior,fury,42,27,15
Fartden,tichondrius,1356,warrior,fury,30,17,13
Maytrix,bleeding-hollow,1356,warrior,fury,72,38,34
Rhohan,ysera,1356,warrior,fury,90,46,44
Matthegreat,area-52,1354,warrior,fury,51,25,26
Screwz,blackrock,1353,warrior,fury,160,85,75
Gryl,stormrage,1353,warrior,fury,87,35,52
Saabre,tichondrius,1351,warrior,fury,84,39,45
Mikejustice,kelthuzad,1349,warrior,fury,184,89,95
Arbeon,emerald-dream,1348,warrior,fury,19,15,4
Slaggdad,illidan,1348,warrior,fury,138,64,74
Powerhard,area-52,1348,warrior,fury,54,24,30
Wuushang,area-52,1345,warrior,fury,80,42,38
Ghostwalker,akama,1344,warrior,fury,56,27,29
Kylewalker,tichondrius,1343,warrior,fury,18,14,4
Avorable,shattered-hand,1343,warrior,fury,30,15,15
Contradict,thrall,1343,warrior,fury,42,20,22
Rawheadrex,sargeras,1342,warrior,fury,24,14,10
Orctiddy,emerald-dream,1342,warrior,fury,24,14,10
Wurrukattezz,tichondrius,1342,warrior,fury,68,32,36
Evanx,sargeras,1341,warrior,fury,24,14,10
Slughörn,moon-guard,1341,warrior,fury,30,14,16
Chilledflex,stormrage,1341,warrior,fury,36,15,21
Setseno,stormrage,1340,warrior,fury,32,16,16
Noteko,tichondrius,1340,warrior,fury,30,15,15
Xiaoyujin,proudmoore,1337,warrior,fury,24,14,10
Fenmok,khazgoroth,1337,warrior,fury,29,16,13
Neorage,elune,1336,warrior,fury,42,17,25
Coffeebottom,wyrmrest-accord,1335,warrior,fury,35,20,15
Cevadix,azralon,1335,warrior,fury,82,40,42
Ciellë,proudmoore,1334,warrior,fury,27,17,10
Funsyze,garona,1334,warrior,fury,30,14,16
Ivanzaytsev,ragnaros,1333,warrior,fury,84,42,42
Hofukumizuki,tichondrius,1333,warrior,fury,33,15,18
Tappyz,area-52,1332,warrior,fury,24,14,10
Madwolf,tichondrius,1330,warrior,fury,24,14,10
Sulze,tichondrius,1330,warrior,fury,27,15,12
Dhaemom,azralon,1330,warrior,fury,174,88,86
Alysson,moon-guard,1329,warrior,fury,24,14,10
Meatyslaps,area-52,1329,warrior,fury,98,57,41
Zerríck,moon-guard,1328,warrior,fury,84,39,45
Whitetaure,arthas,1328,warrior,fury,84,34,50
Timer,nagrand,1325,warrior,fury,30,18,12
Rakshata,destromath,1325,warrior,fury,36,19,17
Bondeye,stormrage,1325,warrior,fury,83,38,45
Arfzz,zangarmarsh,1325,warrior,fury,42,17,25
Boryndin,caelestrasz,1324,warrior,fury,18,14,4
Delanorh,illidan,1324,warrior,fury,22,15,7
Headsour,thunderhorn,1322,warrior,fury,100,46,54
Hewman,aerie-peak,1321,warrior,fury,30,17,13
Raulwar,ragnaros,1321,warrior,fury,36,20,16
Uggtrick,zuljin,1321,warrior,fury,86,41,45
Dtrumpo,moon-guard,1321,warrior,fury,73,29,44
Chumbinhu,stormrage,1319,warrior,fury,36,16,20
Nagaboner,frostmourne,1318,warrior,fury,30,14,16
Venóm,moon-guard,1317,warrior,fury,24,14,10
Theseuse,tichondrius,1317,warrior,fury,24,14,10
Raahj,sargeras,1317,warrior,fury,26,14,12
Eatafrank,tichondrius,1317,warrior,fury,60,32,28
Hup,dethecus,1317,warrior,fury,42,15,27
Jichelei,tichondrius,1316,warrior,fury,30,14,16
Maarilayne,wyrmrest-accord,1315,warrior,fury,36,20,16
Chippurrz,illidan,1315,warrior,fury,111,61,50
Xochicotzin,mugthol,1315,warrior,fury,30,14,16
Goleus,emerald-dream,1315,warrior,fury,48,20,28
Kahuwuna,tichondrius,1314,warrior,fury,30,14,16
Zikeno,dalaran,1313,warrior,fury,36,18,18
Teresabelle,proudmoore,1313,warrior,fury,58,28,30
Aqee,illidan,1310,warrior,fury,54,30,24
Atruis,area-52,1310,warrior,fury,49,20,29
Valdemär,stormrage,1309,warrior,fury,42,18,24
Dissx,illidan,1308,warrior,fury,54,23,31
Belena,barthilas,1308,warrior,fury,36,14,22
Crixsullus,sargeras,1307,warrior,fury,36,20,16
Tüssèll,khazgoroth,1306,warrior,fury,97,48,49
Makcumba,ragnaros,1305,warrior,fury,41,19,22
Synalia,sargeras,1305,warrior,fury,90,35,55
Varekai,frostmourne,1304,warrior,fury,48,26,22
Sansãocore,nemesis,1304,warrior,fury,76,33,43
Zephyron,moonrunner,1303,warrior,fury,50,26,24
Jankalmojo,proudmoore,1302,warrior,fury,74,37,37
Markodarko,gilneas,1301,warrior,fury,53,31,22
Nikey,tichondrius,1301,warrior,fury,41,23,18
Osannd,tichondrius,1301,warrior,fury,66,31,35
Soypingu,the-scryers,1301,warrior,fury,39,17,22
Kujø,wyrmrest-accord,1301,warrior,fury,66,28,38
Lighttaker,proudmoore,1300,warrior,fury,109,57,52
Samuwrigh,tichondrius,1300,warrior,fury,72,37,35
Lox,blades-edge,1299,warrior,fury,30,14,16
Soloisaids,barthilas,1297,warrior,fury,28,16,12
Skrot,stormrage,1297,warrior,fury,30,14,16
Xeto,ragnaros,1296,warrior,fury,34,20,14
Seymourbot,illidan,1296,warrior,fury,24,14,10
Leviathanl,bleeding-hollow,1296,warrior,fury,54,30,24
Fabian,kelthuzad,1296,warrior,fury,76,40,36
Zovudo,area-52,1296,warrior,fury,57,29,28
Genjis,quelthalas,1295,warrior,fury,30,14,16
Aitadon,sargeras,1295,warrior,fury,36,16,20
Smasher,garona,1294,warrior,fury,45,21,24
Jrodrick,nemesis,1292,warrior,fury,60,30,30
Ganzar,nesingwary,1292,warrior,fury,35,14,21
Spicywagyu,tichondrius,1291,warrior,fury,36,22,14
Iblith,sargeras,1291,warrior,fury,42,23,19
Avatarl,ragnaros,1291,warrior,fury,33,14,19
Tayne,ragnaros,1290,warrior,fury,48,24,24
Cougaloo,sargeras,1289,warrior,fury,72,33,39
Syaon,moon-guard,1288,warrior,fury,36,21,15
Heavymetalyo,sargeras,1288,warrior,fury,60,32,28
Chash,frostmourne,1288,warrior,fury,101,52,49
Jorked,drakkari,1288,warrior,fury,118,52,66
Lilcha,stormrage,1287,warrior,fury,66,30,36
Hescobarrier,dalaran,1286,warrior,fury,30,16,14
Rusteazy,bleeding-hollow,1286,warrior,fury,48,19,29
Raskmeth,zuljin,1285,warrior,fury,36,20,16
Ryukendo,stormrage,1285,warrior,fury,159,81,78
Funk,illidan,1285,warrior,fury,42,14,28
Zweihänder,nemesis,1284,warrior,fury,23,14,9
Hadowar,thrall,1283,warrior,fury,30,16,14
Iozhua,wyrmrest-accord,1282,warrior,fury,64,29,35
Metalstorms,firetree,1281,warrior,fury,79,38,41
Sheerwill,wyrmrest-accord,1281,warrior,fury,42,18,24
Queterompo,ragnaros,1279,warrior,fury,48,20,28
Kitto,malganis,1277,warrior,fury,56,22,34
Lylyna,moon-guard,1277,warrior,fury,40,15,25
Pigonhae,zuljin,1274,warrior,fury,37,16,21
Torthak,area-52,1273,warrior,fury,44,25,19
Warföx,stormrage,1273,warrior,fury,54,23,31
Spaceguybro,whisperwind,1272,warrior,fury,47,20,27
Testflight,tichondrius,1271,warrior,fury,31,15,16
Ungabunga,frostwolf,1269,warrior,fury,29,14,15
Tryndamere,nagrand,1269,warrior,fury,65,27,38
Arrad,sargeras,1267,warrior,fury,80,40,40
Paí,nemesis,1265,warrior,fury,24,15,9
Xfootman,quelthalas,1264,warrior,fury,67,43,24
Ghazzghkull,illidan,1263,warrior,fury,53,27,26
Tdaddy,lightbringer,1261,warrior,fury,219,111,108
Seksyme,darkspear,1261,warrior,fury,30,14,16
Constintine,spinebreaker,1259,warrior,fury,29,14,15
Leturen,area-52,1259,warrior,fury,41,19,22
Warriorlee,jubeithos,1258,warrior,fury,63,30,33
Biznasty,frostmourne,1258,warrior,fury,36,14,22
Tiqokz,sargeras,1257,warrior,fury,24,14,10
Swággýc,tichondrius,1257,warrior,fury,46,25,21
Husurnanny,dalaran,1257,warrior,fury,35,16,19
Savikk,earthen-ring,1256,warrior,fury,42,23,19
Raazzawar,moon-guard,1254,warrior,fury,30,19,11
Garce,aerie-peak,1253,warrior,fury,31,16,15
Splints,nesingwary,1252,warrior,fury,44,25,19
Vandrad,stormrage,1252,warrior,fury,123,56,67
Riechst,quelthalas,1250,warrior,fury,28,14,14
Wiimaann,quelthalas,1250,warrior,fury,31,14,17
Ensïs,moon-guard,1249,warrior,fury,84,34,50
Phandrosa,ragnaros,1248,warrior,fury,37,17,20
Cryposlice,malganis,1247,warrior,fury,30,13,17
Youjumpijump,frostmourne,1247,warrior,fury,38,14,24
Carnemontana,shadowsong,1246,warrior,fury,24,17,7
Jutank,sargeras,1245,warrior,fury,18,13,5
Genderfluuid,trollbane,1245,warrior,fury,18,13,5
Collosalx,stormrage,1245,warrior,fury,24,13,11
Washim,area-52,1245,warrior,fury,67,34,33
Durist,tichondrius,1244,warrior,fury,24,13,11
Draxxarlol,zuljin,1244,warrior,fury,24,13,11
Taiine,moon-guard,1243,warrior,fury,24,13,11
Torkscreww,bleeding-hollow,1243,warrior,fury,24,13,11
Hasbullaa,proudmoore,1243,warrior,fury,24,13,11
Ironpanzer,thrall,1243,warrior,fury,155,77,78
Astrëa,quelthalas,1243,warrior,fury,30,13,17
Coltyn,illidan,1243,warrior,fury,30,13,17
Balbyo,shattered-hand,1243,warrior,fury,60,23,37
Virillius,wyrmrest-accord,1242,warrior,fury,18,13,5
Rendard,sargeras,1242,warrior,fury,24,13,11
Ironsavage,frostmourne,1242,warrior,fury,24,13,11
Buckleboot,illidan,1242,warrior,fury,24,13,11
Liltom,sargeras,1242,warrior,fury,24,13,11
Zultråk,quelthalas,1242,warrior,fury,30,13,17
Mammo,khazgoroth,1241,warrior,fury,24,13,11
Warhand,frostmourne,1241,warrior,fury,30,13,17
Tripichin,sargeras,1240,warrior,fury,22,16,6
Cidrick,stormrage,1240,warrior,fury,18,13,5
Leotonywar,tichondrius,1240,warrior,fury,52,33,19
Copinhodagua,azralon,1240,warrior,fury,25,15,10
Smeshyou,kelthuzad,1240,warrior,fury,24,13,11
Dreadworld,bleeding-hollow,1240,warrior,fury,24,13,11
Robocöp,quelthalas,1239,warrior,fury,24,13,11
Flanrych,illidan,1239,warrior,fury,24,13,11
Donjuan,skullcrusher,1239,warrior,fury,44,21,23
Derr,tichondrius,1239,warrior,fury,30,13,17
Skipowawa,area-52,1237,warrior,fury,30,16,14
Alanoria,skywall,1237,warrior,fury,54,23,31
Lucicicia,bronzebeard,1236,warrior,fury,18,13,5
Atracasöl,ragnaros,1236,warrior,fury,24,13,11
Blackpro,sargeras,1235,warrior,fury,66,37,29
Maydie,illidan,1235,warrior,fury,24,13,11
Varkiren,moon-guard,1234,warrior,fury,24,13,11
Therealflex,zuljin,1233,warrior,fury,24,13,11
Undmyaxe,shattered-halls,1232,warrior,fury,30,15,15
Mcburger,barthilas,1231,warrior,fury,51,23,28
Shrekshomie,zuljin,1230,warrior,fury,27,14,13
Radisa,sargeras,1230,warrior,fury,36,13,23
Stoneddragon,spinebreaker,1229,warrior,fury,30,18,12
Ísrafel,ragnaros,1229,warrior,fury,53,30,23
Greenugly,tichondrius,1229,warrior,fury,54,24,30
Cjay,bleeding-hollow,1229,warrior,fury,30,13,17
Bingin,stormrage,1228,warrior,fury,72,31,41
Kyle,kargath,1227,warrior,fury,34,21,13
Galaxarr,bonechewer,1227,warrior,fury,73,34,39
Nezzarek,sargeras,1227,warrior,fury,133,57,76
Groggam,illidan,1226,warrior,fury,24,13,11
Furiousangel,area-52,1226,warrior,fury,50,27,23
Kåyotix,proudmoore,1225,warrior,fury,24,13,11
Xalvotan,sargeras,1225,warrior,fury,60,29,31
Tupacsback,stormrage,1224,warrior,fury,60,32,28
Xanåtos,moon-guard,1224,warrior,fury,85,45,40
Lawyer,quelthalas,1224,warrior,fury,66,32,34
Elonownesme,zuljin,1224,warrior,fury,62,28,34
Mnoga,azralon,1222,warrior,fury,58,27,31
Beryrn,farstriders,1220,warrior,fury,47,28,19
Warbane,barthilas,1220,warrior,fury,36,19,17
Renseven,frostmourne,1219,warrior,fury,48,25,23
Elbetoques,ragnaros,1215,warrior,fury,155,79,76
Ivoryana,kelthuzad,1215,warrior,fury,54,26,28
Elpezeta,tichondrius,1215,warrior,fury,29,13,16
Agonistes,emerald-dream,1215,warrior,fury,53,21,32
Grosjambes,turalyon,1214,warrior,fury,30,18,12
Swingretzky,zuljin,1214,warrior,fury,24,13,11
Kurishjadar,tichondrius,1214,warrior,fury,95,44,51
Tenebrocity,stormrage,1213,warrior,fury,42,19,23
Hishika,quelthalas,1211,warrior,fury,33,19,14
Balrog,firetree,1208,warrior,fury,24,14,10
Kaíroz,quelthalas,1207,warrior,fury,90,48,42
Alandris,icecrown,1205,warrior,fury,42,24,18
Breinan,ragnaros,1205,warrior,fury,51,26,25
Otohnoctoh,wyrmrest-accord,1199,warrior,fury,39,15,24
Rendus,hyjal,1198,warrior,fury,54,21,33
Tlâloque,quelthalas,1197,warrior,fury,54,26,28
Hazew,kelthuzad,1196,warrior,fury,35,13,22
Bigglyjoobs,tichondrius,1195,warrior,fury,23,13,10
Goyqqw,illidan,1194,warrior,fury,23,13,10
Wraithvlad,moon-guard,1194,warrior,fury,97,43,54
Lidia,windrunner,1194,warrior,fury,38,14,24
Bestseason,kelthuzad,1193,warrior,fury,23,13,10
Rsage,lightbringer,1193,warrior,fury,134,65,69
Slumdawgg,andorhal,1192,warrior,fury,62,28,34
Maligaro,draka,1190,warrior,fury,26,14,12
Wakkawar,stormrage,1190,warrior,fury,66,31,35
Tinycutty,frostmourne,1189,warrior,fury,23,13,10
Koraciá,illidan,1188,warrior,fury,42,19,23
Serovok,zangarmarsh,1187,warrior,fury,36,21,15
Nemesioh,tichondrius,1184,warrior,fury,59,25,34
Honduranhary,sargeras,1183,warrior,fury,34,17,17
Ghostss,tichondrius,1183,warrior,fury,28,14,14
Serviettski,zuljin,1181,warrior,fury,36,19,17
Buffygramp,kelthuzad,1181,warrior,fury,39,17,22
Freakin,ragnaros,1180,warrior,fury,58,27,31
Ventréss,bleeding-hollow,1179,warrior,fury,29,14,15
Wariorphilip,moon-guard,1175,warrior,fury,39,19,20
Waterboylol,malganis,1171,warrior,fury,24,14,10
Rayson,saurfang,1169,warrior,fury,39,20,19
Bothar,sargeras,1168,warrior,fury,37,16,21
Dawrzel,tichondrius,1168,warrior,fury,72,29,43
Roxon,hellscream,1166,warrior,fury,119,62,57
Akarì,emerald-dream,1166,warrior,fury,36,17,19
Madaroy,stormrage,1165,warrior,fury,44,23,21
Droun,rexxar,1165,warrior,fury,81,42,39
Liljon,windrunner,1164,warrior,fury,51,25,26
Captnwrink,ysera,1163,warrior,fury,54,29,25
Kelandrin,illidan,1163,warrior,fury,102,48,54
Lokiullr,tichondrius,1163,warrior,fury,33,14,19
Zorhn,skywall,1161,warrior,fury,24,18,6
Nutwax,korgath,1160,warrior,fury,54,21,33
Awezc,chogall,1157,warrior,fury,65,25,40
Darthwarr,bleeding-hollow,1156,warrior,fury,35,23,12
Rocketcayton,veknilash,1156,warrior,fury,60,35,25
Croxxs,aegwynn,1153,warrior,fury,30,18,12
Furyknight,velen,1152,warrior,fury,91,46,45
Yepkorean,tichondrius,1151,warrior,fury,18,12,6
Bamag,dethecus,1151,warrior,fury,18,12,6
Ecity,bonechewer,1150,warrior,fury,18,12,6
Victoria,malganis,1150,warrior,fury,18,12,6
Ganzism,tichondrius,1150,warrior,fury,24,12,12
Ganzi,tichondrius,1150,warrior,fury,24,12,12
Säbeër,ragnaros,1149,warrior,fury,18,12,6
Flaco,tichondrius,1149,warrior,fury,27,13,14
Lorisar,kelthuzad,1148,warrior,fury,18,12,6
Flaapjack,malganis,1147,warrior,fury,18,12,6
Justicwar,area-52,1147,warrior,fury,24,12,12
Stånnis,moon-guard,1146,warrior,fury,18,12,6
Lòrdnasher,tichondrius,1146,warrior,fury,21,13,8
Krispykreme,uldum,1146,warrior,fury,24,12,12
Trendxx,stormrage,1146,warrior,fury,66,27,39
Bigshett,sargeras,1145,warrior,fury,24,12,12
Notzyeal,area-52,1145,warrior,fury,30,12,18
Xclusive,area-52,1144,warrior,fury,36,12,24
Okkin,cairne,1143,warrior,fury,18,12,6
Reäl,dalaran,1143,warrior,fury,24,12,12
Kanekhy,ragnaros,1143,warrior,fury,28,13,15
Orrof,antonidas,1143,warrior,fury,143,66,77
Nukeworker,durotan,1142,warrior,fury,24,12,12
Wrathena,khadgar,1142,warrior,fury,24,12,12
Warriorox,illidan,1141,warrior,fury,24,12,12
Sphílly,thrall,1139,warrior,fury,42,23,19
Sixtyboost,tichondrius,1139,warrior,fury,24,12,12
Saltyareolas,destromath,1139,warrior,fury,60,23,37
Jonÿ,sargeras,1136,warrior,fury,153,84,69
Kaladïn,ragnaros,1135,warrior,fury,18,12,6
Talismantate,quelthalas,1135,warrior,fury,18,12,6
Curvinito,emerald-dream,1135,warrior,fury,24,12,12
Akusenshi,dragonblight,1135,warrior,fury,120,55,65
Zerkules,frostmane,1131,warrior,fury,51,19,32
Lucymay,kelthuzad,1130,warrior,fury,60,33,27
Kreyonz,hyjal,1129,warrior,fury,24,12,12
Stinkyfuq,area-52,1128,warrior,fury,18,12,6
Icon,tichondrius,1128,warrior,fury,30,12,18
Lykon,echo-isles,1127,warrior,fury,30,17,13
Nondracio,ragnaros,1125,warrior,fury,36,12,24
Wyrmscream,moon-guard,1119,warrior,fury,198,100,98
Ragemarley,dalaran,1119,warrior,fury,53,23,30
Zulex,dathremar,1118,warrior,fury,42,14,28
Rekitralph,tichondrius,1116,warrior,fury,30,13,17
Evergardens,saurfang,1115,warrior,fury,30,15,15
Brolgo,quelthalas,1115,warrior,fury,80,36,44
Irontarkus,garrosh,1112,warrior,fury,18,12,6
Welgo,moon-guard,1112,warrior,fury,24,13,11
Lessandro,quelthalas,1110,warrior,fury,34,14,20
Chaiwar,ghostlands,1108,warrior,fury,48,21,27
Danastus,icecrown,1106,warrior,fury,69,30,39
Garmeg,nemesis,1105,warrior,fury,78,36,42
Offthecharts,mannoroth,1104,warrior,fury,79,42,37
Tyraelius,kiljaeden,1103,warrior,fury,39,24,15
Aggravation,bleeding-hollow,1103,warrior,fury,29,12,17
Katfight,frostmourne,1103,warrior,fury,30,12,18
Butterflakes,thunderlord,1102,warrior,fury,21,15,6
Dragnol,quelthalas,1102,warrior,fury,24,12,12
Likeachimpx,sargeras,1101,warrior,fury,27,13,14
Jellyjamz,zuljin,1100,warrior,fury,36,19,17
Nëcrophagist,wyrmrest-accord,1100,warrior,fury,27,14,13
Fatguy,tichondrius,1099,warrior,fury,133,67,66
Pressd,frostmourne,1099,warrior,fury,29,12,17
Legionário,sargeras,1098,warrior,fury,53,26,27
Sadistìcewok,malganis,1097,warrior,fury,23,12,11
Tharesa,kiljaeden,1097,warrior,fury,30,12,18
Hæmomancy,moon-guard,1095,warrior,fury,24,12,12
Studsrus,aegwynn,1094,warrior,fury,111,58,53
Hyperdevil,ragnaros,1094,warrior,fury,30,14,16
Uhtred,moonrunner,1093,warrior,fury,36,18,18
Naekochee,moon-guard,1092,warrior,fury,31,13,18
Warkinit,proudmoore,1091,warrior,fury,80,35,45
Brodîn,tichondrius,1083,warrior,fury,66,36,30
Awell,azralon,1082,warrior,fury,54,26,28
Moctezuma,bronzebeard,1081,warrior,fury,33,13,20
Elsee,drakkari,1080,warrior,fury,26,12,14
Villäïness,daggerspine,1077,warrior,fury,46,24,22
Assmut,stormrage,1074,warrior,fury,35,15,20
Nabangle,barthilas,1070,warrior,fury,65,30,35
Líliúm,ragnaros,1068,warrior,fury,43,22,21
Monstersynde,nemesis,1063,warrior,fury,25,13,12
Shoteiotoshi,ragnaros,1057,warrior,fury,53,29,24
Bonebreakr,tichondrius,1057,warrior,fury,84,39,45
Tehsuperhero,norgannon,1055,warrior,fury,18,11,7
Xcuses,area-52,1055,warrior,fury,18,11,7
Ragingboner,aggramar,1055,warrior,fury,18,11,7
Nertharul,zuljin,1055,warrior,fury,18,11,7
Nicfury,alterac-mountains,1055,warrior,fury,18,11,7
Recksus,tichondrius,1055,warrior,fury,18,11,7
Honock,ragnaros,1055,warrior,fury,18,11,7
Blaiize,ragnaros,1055,warrior,fury,18,11,7
Gorbagglúk,azralon,1055,warrior,fury,30,15,15
Loganunlucky,kelthuzad,1055,warrior,fury,24,11,13
Souserkill,ragnaros,1054,warrior,fury,18,11,7
Aeros,winterhoof,1054,warrior,fury,18,11,7
Bearlornan,frostmourne,1054,warrior,fury,18,11,7
Claymation,tichondrius,1054,warrior,fury,18,11,7
Endlesskilla,destromath,1054,warrior,fury,24,11,13
Leonz,undermine,1054,warrior,fury,30,11,19
Mogghul,azralon,1053,warrior,fury,18,11,7
Ggludan,area-52,1053,warrior,fury,18,11,7
Uded,icecrown,1052,warrior,fury,18,11,7
Captinkitty,thrall,1052,warrior,fury,24,11,13
Mightypikel,illidan,1051,warrior,fury,16,12,4
Varenkä,drakkari,1051,warrior,fury,18,11,7
Yagluth,illidan,1050,warrior,fury,18,11,7
Potjiekos,lightninghoof,1050,warrior,fury,18,11,7
Intimidator,area-52,1050,warrior,fury,24,11,13
Ráionshin,quelthalas,1049,warrior,fury,24,11,13
Assamith,nemesis,1049,warrior,fury,30,11,19
Pneumasmash,tichondrius,1048,warrior,fury,24,11,13
Bigmagron,azralon,1048,warrior,fury,24,11,13
Racknon,ragnaros,1048,warrior,fury,36,12,24
Crammed,tichondrius,1047,warrior,fury,30,11,19
Arågòrn,stormrage,1046,warrior,fury,30,11,19
Shééylias,moon-guard,1044,warrior,fury,36,16,20
Goinberserk,tichondrius,1044,warrior,fury,40,17,23
Marcuss,bonechewer,1043,warrior,fury,18,11,7
Mercurial,mugthol,1042,warrior,fury,18,12,6
Droggo,cenarius,1042,warrior,fury,18,11,7
Theßull,frostmourne,1041,warrior,fury,18,11,7
Djfredsd,tichondrius,1041,warrior,fury,24,11,13
Augustave,kelthuzad,1039,warrior,fury,30,11,19
Brutalpløx,illidan,1039,warrior,fury,36,11,25
Reishera,stormrage,1037,warrior,fury,24,11,13
Xiing,azshara,1037,warrior,fury,30,13,17
Luneblade,tichondrius,1036,warrior,fury,24,11,13
Atuey,area-52,1033,warrior,fury,18,11,7
Diudiu,tichondrius,1033,warrior,fury,30,11,19
Creedz,dreadmaul,1032,warrior,fury,54,23,31
Owwycowwy,area-52,1032,warrior,fury,36,15,21
Nelissa,runetotem,1030,warrior,fury,24,12,12
Butterbutt,area-52,1030,warrior,fury,24,11,13
Starplatinum,aerie-peak,1030,warrior,fury,72,29,43
Sworne,nordrassil,1028,warrior,fury,18,11,7
Grandorth,moon-guard,1027,warrior,fury,23,13,10
Learila,moon-guard,1027,warrior,fury,30,14,16
Munanio,stormrage,1024,warrior,fury,24,11,13
Yaro,nazjatar,1023,warrior,fury,72,38,34
Naughtytwat,tichondrius,1021,warrior,fury,20,12,8
Axekill,bleeding-hollow,1019,warrior,fury,30,11,19
Zokrásh,quelthalas,1019,warrior,fury,60,19,41
Beardedretz,durotan,1016,warrior,fury,22,11,11
Lodog,proudmoore,1012,warrior,fury,28,12,16
Liavana,jubeithos,1012,warrior,fury,36,13,23
Shhiraq,zuljin,1011,warrior,fury,42,14,28
Shiddoshi,ragnaros,1008,warrior,fury,30,17,13
Éeu,anubarak,1008,warrior,fury,112,58,54
Meatdrps,frostmane,1007,warrior,fury,21,11,10
Altharos,drakkari,1002,warrior,fury,26,12,14
Crazysharpz,thaurissan,1001,warrior,fury,29,12,17
Skrognoth,malganis,1000,warrior,fury,21,12,9
Xauce,queldorei,999,warrior,fury,42,12,30
Smallestwar,zuljin,997,warrior,fury,101,42,59
Warchine,malganis,994,warrior,fury,27,12,15
Painfulangel,nesingwary,993,warrior,fury,56,33,23
Vengxdor,stormrage,993,warrior,fury,29,12,17
Splurger,thrall,991,warrior,fury,17,11,6
Tyranatusk,malganis,989,warrior,fury,18,12,6
Muufasa,nerzhul,988,warrior,fury,24,13,11
Curacao,dark-iron,987,warrior,fury,26,11,15
Bèèfcake,shattered-hand,984,warrior,fury,20,11,9
Eadsmasher,jubeithos,982,warrior,fury,30,17,13
Pulp,sargeras,976,warrior,fury,19,11,8
Halobender,emerald-dream,973,warrior,fury,28,15,13
Judessi,kiljaeden,971,warrior,fury,20,11,9
Chadwarr,tichondrius,960,warrior,fury,12,10,2
Dpsmachinex,tichondrius,960,warrior,fury,12,10,2
Vîces,illidan,960,warrior,fury,12,10,2
Gavrien,wyrmrest-accord,960,warrior,fury,12,10,2
Rickharrison,illidan,960,warrior,fury,12,10,2
Zira,thrall,960,warrior,fury,12,10,2
Wargoph,burning-legion,960,warrior,fury,12,10,2
Youngmoneyd,illidan,960,warrior,fury,12,10,2
Kriloth,frostmourne,960,warrior,fury,16,11,5
Suzushi,tichondrius,960,warrior,fury,18,10,8
Milkmebby,bleeding-hollow,960,warrior,fury,18,10,8
Meadsweats,tichondrius,959,warrior,fury,12,10,2
Warreeper,area-52,959,warrior,fury,12,10,2
Dontlookup,tichondrius,959,warrior,fury,15,11,4
Woomas,tichondrius,959,warrior,fury,18,10,8
Snowflakee,jaedenar,959,warrior,fury,18,10,8
Tmacwar,area-52,959,warrior,fury,18,10,8
Irontink,sargeras,959,warrior,fury,18,10,8
Gulgosh,stormscale,959,warrior,fury,18,10,8
Cjz,tichondrius,959,warrior,fury,18,10,8
Vaider,bleeding-hollow,959,warrior,fury,18,10,8
Liltotey,frostmourne,959,warrior,fury,18,10,8
Orrkky,jubeithos,959,warrior,fury,18,10,8
Jonhy,illidan,959,warrior,fury,18,10,8
Jakslasfa,aegwynn,959,warrior,fury,18,10,8
Ymìr,moon-guard,959,warrior,fury,24,10,14
Prestico,ragnaros,959,warrior,fury,24,10,14
Gahenk,chogall,958,warrior,fury,12,10,2
Tnknspnk,magtheridon,958,warrior,fury,18,10,8
Worclin,illidan,958,warrior,fury,18,10,8
Iluvhugz,tichondrius,958,warrior,fury,18,10,8
Chubw,tichondrius,958,warrior,fury,18,10,8
Daymiian,blackrock,958,warrior,fury,18,10,8
Turbotot,sargeras,958,warrior,fury,18,10,8
Papi,arygos,958,warrior,fury,24,10,14
Thiccsauce,wyrmrest-accord,958,warrior,fury,24,10,14
Kiladrew,korgath,958,warrior,fury,24,10,14
Rampagejin,tichondrius,958,warrior,fury,24,10,14
Rustylugnut,area-52,958,warrior,fury,30,10,20
Semiru,zuljin,957,warrior,fury,12,10,2
Squishmello,hyjal,957,warrior,fury,12,10,2
Negrus,sargeras,957,warrior,fury,17,10,7
Qicha,tichondrius,957,warrior,fury,24,10,14
Abuse,nordrassil,955,warrior,fury,18,10,8
Carnith,arthas,955,warrior,fury,24,10,14
Dalinare,area-52,955,warrior,fury,24,10,14
Harlow,spirestone,955,warrior,fury,24,10,14
Luckychaos,bleeding-hollow,954,warrior,fury,18,10,8
Lurtras,exodar,954,warrior,fury,24,10,14
Jcßot,exodar,954,warrior,fury,24,10,14
Honorloxo,bleeding-hollow,954,warrior,fury,30,10,20
Nordrages,stormrage,953,warrior,fury,18,10,8
Watergun,khazgoroth,953,warrior,fury,18,10,8
Loktarmabras,dreadmaul,953,warrior,fury,24,10,14
Fûry,barthilas,953,warrior,fury,24,10,14
Zépileque,azralon,953,warrior,fury,30,10,20
Ironbark,elune,952,warrior,fury,18,10,8
Menelaau,nemesis,951,warrior,fury,16,11,5
Trackhawk,moon-guard,951,warrior,fury,24,10,14
Mfgodofwar,kelthuzad,951,warrior,fury,24,10,14
Maytrixx,stormrage,950,warrior,fury,12,10,2
Jellybomb,sargeras,950,warrior,fury,24,10,14
Vlaren,stormrage,950,warrior,fury,24,10,14
Oohdang,tichondrius,949,warrior,fury,24,10,14
Cannan,the-underbog,948,warrior,fury,81,28,53
Truegit,illidan,947,warrior,fury,24,10,14
Grimfàng,moon-guard,945,warrior,fury,56,23,33
Kelanara,ragnaros,944,warrior,fury,24,10,14
Ckoaw,dalaran,943,warrior,fury,17,10,7
Squeekzz,frostmane,943,warrior,fury,24,10,14
Joebo,thrall,942,warrior,fury,17,10,7
Rumka,draktharon,942,warrior,fury,194,88,106
Zèldris,gallywix,941,warrior,fury,138,72,66
Cowmilk,llane,940,warrior,fury,44,15,29
Blackknïght,arthas,938,warrior,fury,35,11,24
Erdnase,ragnaros,926,warrior,fury,17,10,7
Dwenlocklv,barthilas,925,warrior,fury,17,10,7
Darkarus,drakkari,925,warrior,fury,36,14,22
Hùlksmâsh,zuljin,924,warrior,fury,23,13,10
Afelhia,moon-guard,924,warrior,fury,25,11,14
Faladoris,thrall,923,warrior,fury,70,37,33
Sheluh,illidan,918,warrior,fury,23,10,13
Ghostlyedge,turalyon,918,warrior,fury,78,28,50
Toonchick,sargeras,912,warrior,fury,30,11,19
Qfiend,stormrage,911,warrior,fury,17,10,7
Sedition,borean-tundra,910,warrior,fury,17,10,7
Obiwun,azgalor,910,warrior,fury,17,10,7
Nïckböï,misha,909,warrior,fury,41,21,20
Dionran,nemesis,903,warrior,fury,52,26,26
Samdarkblade,kilrogg,898,warrior,fury,33,10,23
Urnitemare,hyjal,897,warrior,fury,78,30,48
Shyliar,thrall,896,warrior,fury,20,10,10
Grievouz,nemesis,894,warrior,fury,17,10,7
Alexthar,drakkari,891,warrior,fury,111,47,64
Beccabutcher,tichondrius,889,warrior,fury,30,14,16
Lubri,azralon,886,warrior,fury,26,10,16
Cüba,nemesis,884,warrior,fury,54,24,30
Akj,sargeras,881,warrior,fury,37,13,24
Zadrak,whisperwind,880,warrior,fury,19,10,9
Zambonibob,eonar,877,warrior,fury,66,32,34
Sanduin,drakkari,874,warrior,fury,13,10,3
Ayvha,wyrmrest-accord,870,warrior,fury,36,15,21
Wooney,emerald-dream,864,warrior,fury,12,9,3
Tutuh,quelthalas,864,warrior,fury,12,9,3
Mortawar,tichondrius,864,warrior,fury,12,9,3
Missrend,hyjal,864,warrior,fury,12,9,3
Pkgdtko,tichondrius,864,warrior,fury,12,9,3
Iløveaysla,azralon,864,warrior,fury,12,9,3
Gbrz,stormrage,864,warrior,fury,12,9,3
Furydudz,tichondrius,864,warrior,fury,12,9,3
Beleña,dalaran,864,warrior,fury,12,9,3
Robdamanuwu,tichondrius,864,warrior,fury,18,9,9
Lindsanv,illidan,864,warrior,fury,18,9,9
Grimfate,boulderfist,864,warrior,fury,18,9,9
Baylîfe,illidan,864,warrior,fury,18,9,9
Riftgar,hyjal,864,warrior,fury,18,9,9
Skolltonxoxo,tichondrius,864,warrior,fury,18,9,9
Shimizuken,tichondrius,864,warrior,fury,24,9,15
Ishtalar,sargeras,863,warrior,fury,12,9,3
Squonks,kelthuzad,863,warrior,fury,12,9,3
Verrynasty,area-52,863,warrior,fury,12,9,3
Devaya,ragnaros,863,warrior,fury,12,9,3
Seulrene,sargeras,863,warrior,fury,12,9,3
Likelygood,tichondrius,863,warrior,fury,12,9,3
Aisqt,frostmourne,863,warrior,fury,18,9,9
Kpc,tichondrius,863,warrior,fury,18,9,9
Salival,laughing-skull,863,warrior,fury,18,9,9
Mywarr,andorhal,863,warrior,fury,18,9,9
Yahnjee,stormrage,863,warrior,fury,24,9,15
Gzilla,queldorei,863,warrior,fury,24,9,15
Tylerdurdenx,dalaran,862,warrior,fury,12,9,3
Janoski,chogall,862,warrior,fury,12,9,3
Kiaonlinn,ragnaros,862,warrior,fury,18,9,9
Archibaldo,darkspear,862,warrior,fury,18,9,9
Kreigër,area-52,862,warrior,fury,18,9,9
Nowarriororc,thrall,862,warrior,fury,18,9,9
Oledcktwist,garrosh,862,warrior,fury,19,9,10
Mortalstrike,chogall,862,warrior,fury,24,9,15
Nononocharge,vashj,862,warrior,fury,24,9,15
Ëdwärd,moon-guard,862,warrior,fury,27,10,17
Dotlom,wyrmrest-accord,862,warrior,fury,30,9,21
Virrainy,stormrage,861,warrior,fury,18,9,9
Irongiant,blades-edge,861,warrior,fury,20,9,11
Neak,kelthuzad,861,warrior,fury,24,9,15
Hamandaxe,amanthul,861,warrior,fury,24,9,15
Nerjinzul,bloodscalp,860,warrior,fury,15,10,5
Betametazone,ragnaros,860,warrior,fury,19,11,8
Phaellii,sargeras,860,warrior,fury,18,9,9
Maddzspin,tichondrius,860,warrior,fury,18,9,9
Bruzerk,ragnaros,860,warrior,fury,18,9,9
Jarmog,tichondrius,860,warrior,fury,18,9,9
Rodorn,frostmourne,860,warrior,fury,22,10,12
Awfulzone,malganis,860,warrior,fury,36,10,26
Lámuérté,frostmourne,859,warrior,fury,17,10,7
Groguu,windrunner,859,warrior,fury,18,9,9
Stunninchaos,shattered-hand,859,warrior,fury,24,9,15
Figurefour,tichondrius,858,warrior,fury,12,9,3
Smugorc,medivh,858,warrior,fury,12,9,3
Papasmurff,zuljin,858,warrior,fury,18,9,9
Elleaux,bloodscalp,857,warrior,fury,18,9,9
Dáïñ,sargeras,857,warrior,fury,24,9,15
Melankoma,sargeras,856,warrior,fury,18,9,9
Rogorof,azralon,856,warrior,fury,18,9,9
Jendal,ragnaros,856,warrior,fury,27,12,15
Kræzee,kelthuzad,856,warrior,fury,24,9,15
Buckets,chogall,855,warrior,fury,18,9,9
Nukee,tichondrius,853,warrior,fury,24,9,15
Boitoróh,azralon,850,warrior,fury,24,9,15
Haelerostus,moon-guard,846,warrior,fury,87,39,48
Trufsoturi,malganis,845,warrior,fury,23,9,14
Flywar,nesingwary,838,warrior,fury,60,25,35
Kajing,boulderfist,836,warrior,fury,19,10,9
Deltong,bonechewer,832,warrior,fury,18,9,9
Cønan,stormrage,830,warrior,fury,14,10,4
Ghonad,windrunner,821,warrior,fury,23,9,14
Kessahh,moon-guard,820,warrior,fury,18,9,9
Youngmop,eitrigg,815,warrior,fury,17,9,8
Magdar,daggerspine,813,warrior,fury,28,9,19
Futtmebuck,emerald-dream,810,warrior,fury,18,10,8
Franklinmvrd,stormrage,810,warrior,fury,18,10,8
Ankhxiety,sargeras,809,warrior,fury,22,11,11
Lourdadmiwal,aegwynn,807,warrior,fury,41,14,27
Crashacorn,stormrage,806,warrior,fury,24,9,15
Rediger,aggramar,805,warrior,fury,40,16,24
Mataviejitos,ragnaros,804,warrior,fury,22,12,10
Whymike,aerie-peak,799,warrior,fury,20,9,11
Bargorengar,skullcrusher,797,warrior,fury,108,48,60
Ragetide,illidan,796,warrior,fury,20,9,11
Riguini,tol-barad,794,warrior,fury,20,9,11
Liquidbagel,frostmourne,794,warrior,fury,22,9,13
Stompgnomes,malganis,791,warrior,fury,20,9,11
Verallyn,area-52,783,warrior,fury,19,9,10
Klim,grizzly-hills,781,warrior,fury,25,9,16
Tankieone,aggramar,774,warrior,fury,108,37,71
Kruma,stormscale,768,warrior,fury,12,8,4
Akiyo,azralon,768,warrior,fury,12,8,4
Xwarz,drakkari,768,warrior,fury,12,8,4
Smokr,azralon,768,warrior,fury,12,8,4
Falconheart,wyrmrest-accord,768,warrior,fury,12,8,4
Dex,saurfang,768,warrior,fury,12,8,4
Thelma,archimonde,768,warrior,fury,12,8,4
Colonclogger,proudmoore,768,warrior,fury,12,8,4
Narwhål,tichondrius,768,warrior,fury,12,8,4
Stimm,blood-furnace,768,warrior,fury,12,8,4
Idranel,nordrassil,768,warrior,fury,12,8,4
Kado,zuluhed,768,warrior,fury,12,8,4
Punteerage,sargeras,768,warrior,fury,12,8,4
Rimshotts,sargeras,768,warrior,fury,12,8,4
Kamidaren,tichondrius,768,warrior,fury,12,8,4
Ryse,aegwynn,768,warrior,fury,12,8,4
Beerstorm,stormrage,768,warrior,fury,12,8,4
Zuzi,korgath,768,warrior,fury,15,9,6
Bloodscream,magtheridon,768,warrior,fury,18,8,10
Mitigated,bleeding-hollow,768,warrior,fury,18,8,10
Oohsht,tichondrius,768,warrior,fury,18,8,10
Doczz,malganis,768,warrior,fury,18,8,10
Itsfall,tichondrius,768,warrior,fury,18,8,10
Jethrix,kelthuzad,768,warrior,fury,18,8,10
Bozwar,tichondrius,768,warrior,fury,18,8,10
Seanpaiuwu,zuljin,768,warrior,fury,24,8,16
Icebringer,frostmourne,768,warrior,fury,24,8,16
Kyres,moon-guard,767,warrior,fury,12,8,4
Narelah,proudmoore,767,warrior,fury,12,8,4
Vmill,tichondrius,767,warrior,fury,12,8,4
Iromrogar,area-52,767,warrior,fury,12,8,4
Mittyroar,khazgoroth,767,warrior,fury,12,8,4
Drunkwarriôr,malygos,767,warrior,fury,12,8,4
Spraten,bonechewer,767,warrior,fury,12,8,4
Moggos,firetree,767,warrior,fury,12,8,4
Dagrone,drakkari,767,warrior,fury,12,8,4
Zhangetsu,emerald-dream,767,warrior,fury,12,8,4
Iripuanewone,illidan,767,warrior,fury,12,8,4
Gorethrax,tichondrius,767,warrior,fury,18,8,10
Smashr,tichondrius,767,warrior,fury,18,8,10
Osselan,moon-guard,767,warrior,fury,18,8,10
Flynnstone,tichondrius,767,warrior,fury,18,8,10
Weightyox,barthilas,767,warrior,fury,18,8,10
Zêtt,drakkari,767,warrior,fury,18,8,10
Irallianaa,daggerspine,767,warrior,fury,18,8,10
Kowboy,stormrage,767,warrior,fury,18,8,10
Ælilblessedñ,azralon,767,warrior,fury,18,8,10
Maintarget,malganis,767,warrior,fury,18,8,10
Gízzmo,tichondrius,767,warrior,fury,18,8,10
Stoneball,kiljaeden,767,warrior,fury,18,8,10
Dunkmate,malganis,767,warrior,fury,18,8,10
Kasheeka,spirestone,767,warrior,fury,18,8,10
Olifin,durotan,767,warrior,fury,18,8,10
Erdres,kelthuzad,767,warrior,fury,22,9,13
Darkirondadi,frostmourne,766,warrior,fury,12,8,4
Ugrak,frostmourne,766,warrior,fury,12,8,4
Drumann,hyjal,766,warrior,fury,12,8,4
Warpaint,azuremyst,766,warrior,fury,18,8,10
Elix,stormscale,766,warrior,fury,18,8,10
Krustywarr,area-52,766,warrior,fury,18,8,10
Åsc,area-52,766,warrior,fury,18,8,10
Ayn,llane,766,warrior,fury,18,8,10
Xanthchaser,stormrage,765,warrior,fury,18,8,10
Hoarahløux,trollbane,765,warrior,fury,18,8,10
Tusktrollmon,illidan,765,warrior,fury,18,8,10
Buck,tichondrius,765,warrior,fury,24,8,16
Kaikah,aegwynn,765,warrior,fury,24,8,16
Hellsinga,stormrage,764,warrior,fury,18,8,10
Wölf,azralon,764,warrior,fury,18,8,10
Zeerohkool,tichondrius,764,warrior,fury,24,8,16
Daysky,area-52,763,warrior,fury,18,8,10
Huri,nemesis,763,warrior,fury,30,8,22
Frettyhooman,blood-furnace,762,warrior,fury,12,8,4
Çampbêll,area-52,762,warrior,fury,24,8,16
Vicegripp,misha,759,warrior,fury,18,8,10
Ozyozyozy,khazgoroth,755,warrior,fury,18,8,10
Kilp,thrall,751,warrior,fury,17,8,9
Racsof,ragnaros,751,warrior,fury,30,8,22
Marleau,bleeding-hollow,742,warrior,fury,21,9,12
Arngrimm,area-52,735,warrior,fury,14,9,5
Anlerrick,frostwolf,735,warrior,fury,14,9,5
Slughórn,moon-guard,735,warrior,fury,14,9,5
Azmael,sargeras,735,warrior,fury,17,8,9
Alaricck,quelthalas,735,warrior,fury,26,9,17
Vlark,eredar,725,warrior,fury,18,8,10
Orangerzze,hyjal,722,warrior,fury,49,17,32
Chiffonade,kelthuzad,719,warrior,fury,17,9,8
Riddickx,dragonblight,713,warrior,fury,47,16,31
Zaraki,moon-guard,704,warrior,fury,16,8,8
Eleronogoth,draka,704,warrior,fury,16,8,8
Mindgoblin,smolderthorn,703,warrior,fury,11,8,3
Akêwñon,stormrage,703,warrior,fury,16,8,8
Hachwar,saurfang,702,warrior,fury,17,8,9
Argorothiis,jubeithos,693,warrior,fury,14,8,6
Dagaraha,quelthalas,693,warrior,fury,22,8,14
Ragnarsmash,stormrage,687,warrior,fury,19,8,11
Nicoshayy,quelthalas,680,warrior,fury,17,8,9
Dreadmaww,draenor,672,warrior,fury,12,7,5
Sypii,malganis,672,warrior,fury,12,7,5
Ðrëäd,area-52,672,warrior,fury,12,7,5
Hanyball,stormrage,672,warrior,fury,12,7,5
Maar,lightbringer,672,warrior,fury,12,7,5
Stonksi,shadowmoon,672,warrior,fury,12,7,5
Smashly,blackrock,672,warrior,fury,12,7,5
Zerrekarr,wyrmrest-accord,672,warrior,fury,12,7,5
Nylissia,blood-furnace,672,warrior,fury,12,7,5
Krunas,quelthalas,672,warrior,fury,12,7,5
Xårren,stormrage,672,warrior,fury,12,7,5
Tonios,stormrage,672,warrior,fury,12,7,5
Yormunt,quelthalas,672,warrior,fury,12,7,5
Orgrön,nemesis,672,warrior,fury,12,7,5
Antecubital,burning-blade,672,warrior,fury,12,7,5
Konraad,amanthul,672,warrior,fury,12,7,5
Dós,emerald-dream,672,warrior,fury,12,7,5
Soloqandy,moon-guard,672,warrior,fury,12,7,5
Executefreak,illidan,672,warrior,fury,12,7,5
Heyzulnut,whisperwind,672,warrior,fury,12,7,5
Iinnocence,frostmourne,672,warrior,fury,12,7,5
Ladderx,area-52,672,warrior,fury,12,7,5
Moistslam,proudmoore,672,warrior,fury,12,7,5
Ruckw,stormrage,672,warrior,fury,12,7,5
Linara,shandris,672,warrior,fury,12,7,5
Xjpig,frostmourne,672,warrior,fury,12,7,5
Dustywx,area-52,672,warrior,fury,12,7,5
Joshiguy,area-52,672,warrior,fury,12,7,5
Eino,llane,672,warrior,fury,12,7,5
Dolph,sargeras,672,warrior,fury,12,7,5
Chopmeat,ysera,672,warrior,fury,12,7,5
Decimateme,tichondrius,672,warrior,fury,12,7,5
Vvarcry,sargeras,672,warrior,fury,12,7,5
Sindevelor,tichondrius,672,warrior,fury,12,7,5
Kryptonite,illidan,672,warrior,fury,12,7,5
Gazah,skullcrusher,672,warrior,fury,12,7,5
Oggrend,dalaran,672,warrior,fury,12,7,5
Psrsistenczs,tichondrius,672,warrior,fury,12,7,5
Trashman,frostwolf,672,warrior,fury,12,7,5
Okgotchax,kelthuzad,672,warrior,fury,18,7,11
Ðìbs,moon-guard,672,warrior,fury,18,7,11
Vexwar,bleeding-hollow,672,warrior,fury,18,7,11
Gravo,ragnaros,672,warrior,fury,18,7,11
Alëwar,quelthalas,672,warrior,fury,18,7,11
Radnod,tichondrius,672,warrior,fury,18,7,11
Mardrex,korgath,672,warrior,fury,18,7,11
Greenmachine,twisting-nether,671,warrior,fury,12,7,5
Demobox,malganis,671,warrior,fury,12,7,5
Lísterfiend,illidan,671,warrior,fury,12,7,5
Müffîn,moon-guard,671,warrior,fury,12,7,5
Zoomush,zuljin,671,warrior,fury,12,7,5
Iorak,queldorei,671,warrior,fury,12,7,5
Kwelve,proudmoore,671,warrior,fury,12,7,5
Mullf,stormrage,671,warrior,fury,12,7,5
Nokak,borean-tundra,671,warrior,fury,12,7,5
Oddnoid,area-52,671,warrior,fury,12,7,5
Methodicaly,aerie-peak,671,warrior,fury,12,7,5
Ymirock,area-52,671,warrior,fury,12,7,5
Gigantx,tichondrius,671,warrior,fury,12,7,5
Idestroy,exodar,671,warrior,fury,12,7,5
Quintonious,dark-iron,671,warrior,fury,12,7,5
Jodoro,malfurion,671,warrior,fury,12,7,5
Ahmorok,moon-guard,671,warrior,fury,12,7,5
Cellyndia,area-52,671,warrior,fury,12,7,5
Bjarkyy,azralon,671,warrior,fury,12,7,5
Pancárcho,quelthalas,671,warrior,fury,12,7,5
Brindlè,kelthuzad,671,warrior,fury,13,7,6
Teqniq,kelthuzad,671,warrior,fury,18,7,11
Smokiiwar,proudmoore,671,warrior,fury,18,7,11
Ragnir,kelthuzad,671,warrior,fury,18,7,11
Cthumoo,moonrunner,671,warrior,fury,18,7,11
Barsol,ragnaros,671,warrior,fury,18,7,11
Chacca,suramar,671,warrior,fury,18,7,11
Wårrior,kelthuzad,671,warrior,fury,18,7,11
Angrier,area-52,671,warrior,fury,18,7,11
Shadalloo,azralon,671,warrior,fury,18,7,11
Trigon,chromaggus,671,warrior,fury,18,7,11
Remudan,tichondrius,671,warrior,fury,18,7,11
Fooko,lethon,671,warrior,fury,18,7,11
Chieef,illidan,671,warrior,fury,18,7,11
Sîn,sargeras,671,warrior,fury,18,7,11
Ghurrk,hyjal,671,warrior,fury,18,7,11
Xiosè,ragnaros,671,warrior,fury,24,7,17
Thradek,proudmoore,671,warrior,fury,24,7,17
Ganon,garrosh,670,warrior,fury,12,7,5
Cartime,blades-edge,670,warrior,fury,18,7,11
Gerplé,moon-guard,670,warrior,fury,18,7,11
Dragonrage,tanaris,670,warrior,fury,24,7,17
Rafaeldantas,azralon,669,warrior,fury,12,7,5
Lyzan,stormrage,669,warrior,fury,12,7,5
Sealee,area-52,669,warrior,fury,12,7,5
Boneskull,zuljin,669,warrior,fury,12,7,5
Warsero,tichondrius,669,warrior,fury,18,7,11
Loucha,nagrand,669,warrior,fury,18,7,11
Khorvesh,burning-legion,669,warrior,fury,18,7,11
Cýnz,frostmourne,669,warrior,fury,18,7,11
Gamoosh,illidan,669,warrior,fury,20,7,13
Deáthwing,steamwheedle-cartel,669,warrior,fury,24,7,17
Shadowtitanx,korgath,669,warrior,fury,30,7,23
Misgnomer,farstriders,667,warrior,fury,12,7,5
Genesis,zangarmarsh,667,warrior,fury,12,7,5
Annihilataur,blackhand,667,warrior,fury,18,7,11
Dalînar,quelthalas,666,warrior,fury,12,7,5
Siiss,stormrage,665,warrior,fury,21,9,12
Keateane,frostmourne,662,warrior,fury,12,7,5
Anamich,quelthalas,662,warrior,fury,15,8,7
Nighttoker,lightnings-blade,659,warrior,fury,12,7,5
Trailsend,dalaran,658,warrior,fury,12,7,5
Damnge,zuljin,656,warrior,fury,24,10,14
Shrexecute,tichondrius,655,warrior,fury,17,7,10
Nooniezpw,tichondrius,639,warrior,fury,14,8,6
Wintz,dreadmaul,638,warrior,fury,14,8,6
Nanor,zuljin,635,warrior,fury,14,8,6
Starcade,executus,623,warrior,fury,11,7,4
Greenwell,area-52,623,warrior,fury,15,7,8
Percaderp,barthilas,620,warrior,fury,15,7,8
Benimalish,illidan,608,warrior,fury,10,7,3
Furryhorv,frostmourne,608,warrior,fury,22,7,15
Rohkvan,illidan,607,warrior,fury,14,7,7
Vorthax,korgath,607,warrior,fury,14,7,7
Eightballerz,barthilas,606,warrior,fury,20,7,13
Därkblade,bleeding-hollow,592,warrior,fury,13,7,6
Lilreese,tichondrius,592,warrior,fury,13,7,6
Noktyn,haomarush,591,warrior,fury,11,7,4
Grïnk,stormrage,576,warrior,fury,6,6,0
Drstomp,tichondrius,576,warrior,fury,6,6,0
Contented,illidan,576,warrior,fury,9,7,2
Whateverzhan,tichondrius,576,warrior,fury,12,6,6
Disarmed,proudmoore,576,warrior,fury,12,6,6
Betterwar,zuljin,576,warrior,fury,12,6,6
Rigil,the-forgotten-coast,576,warrior,fury,12,6,6
Hrothtyr,kelthuzad,576,warrior,fury,12,6,6
Strongerjaw,tichondrius,576,warrior,fury,12,6,6
Sunamys,illidan,576,warrior,fury,12,6,6
Skoll,illidan,576,warrior,fury,12,6,6
Lilkrome,illidan,576,warrior,fury,12,6,6
Unclemusclez,azgalor,576,warrior,fury,12,6,6
Dëåth,azgalor,576,warrior,fury,12,6,6
Dougiefressh,boulderfist,576,warrior,fury,12,6,6
Grukosh,illidan,576,warrior,fury,12,6,6
Jiszle,sargeras,576,warrior,fury,12,6,6
Shieldchain,dalaran,576,warrior,fury,12,6,6
Lolylops,kiljaeden,576,warrior,fury,12,6,6
Kennie,malganis,576,warrior,fury,12,6,6
Matrias,tichondrius,576,warrior,fury,12,6,6
Kaivax,tichondrius,576,warrior,fury,12,6,6
Ðrënch,tichondrius,576,warrior,fury,12,6,6
Mordoo,zuljin,576,warrior,fury,12,6,6
Shaolin,duskwood,576,warrior,fury,12,6,6
Tortag,malganis,576,warrior,fury,12,6,6
Marfas,hyjal,576,warrior,fury,12,6,6
Kforti,kiljaeden,576,warrior,fury,12,6,6
Goywarr,illidan,576,warrior,fury,12,6,6
Freÿdis,zuljin,576,warrior,fury,12,6,6
Ezcharger,kelthuzad,576,warrior,fury,12,6,6
New,sargeras,576,warrior,fury,12,6,6
Endurefen,sargeras,576,warrior,fury,12,6,6
Whittyxc,tichondrius,576,warrior,fury,12,6,6
Latifahz,tichondrius,576,warrior,fury,12,6,6
Borahgis,area-52,576,warrior,fury,12,6,6
Majaya,area-52,576,warrior,fury,12,6,6
Kørønus,bonechewer,576,warrior,fury,12,6,6
Raeyth,twisting-nether,576,warrior,fury,12,6,6
Tacrolimus,thrall,576,warrior,fury,12,6,6
Bonafidesimp,stormrage,576,warrior,fury,12,6,6
Tharsìs,emerald-dream,576,warrior,fury,12,6,6
Durrandal,stormrage,576,warrior,fury,12,6,6
Feedzz,area-52,576,warrior,fury,12,6,6
Tekazzu,frostmourne,576,warrior,fury,12,6,6
Peperage,emerald-dream,576,warrior,fury,12,6,6
Xragnar,area-52,576,warrior,fury,12,6,6
Dominyo,stormrage,576,warrior,fury,12,6,6
Rahj,saurfang,576,warrior,fury,12,6,6
Gamelagged,area-52,576,warrior,fury,12,6,6
Yükana,quelthalas,576,warrior,fury,12,6,6
Ciz,emerald-dream,576,warrior,fury,12,6,6
Erogorn,dawnbringer,576,warrior,fury,12,6,6
Rezhan,area-52,576,warrior,fury,12,6,6
Serzull,area-52,576,warrior,fury,12,6,6
Kritsg,azgalor,576,warrior,fury,18,6,12
Digitaldj,frostmourne,576,warrior,fury,18,6,12
Himer,tichondrius,576,warrior,fury,18,6,12
Ridemepapi,tichondrius,576,warrior,fury,18,6,12
Tinfinitee,frostwolf,576,warrior,fury,18,6,12
Jpiece,tichondrius,576,warrior,fury,18,6,12
Jackhsu,tichondrius,576,warrior,fury,24,6,18
Xenyn,malganis,575,warrior,fury,12,6,6
Carborr,frostmourne,575,warrior,fury,12,6,6
Båldur,quelthalas,575,warrior,fury,12,6,6
Plidan,shuhalo,575,warrior,fury,12,6,6
Rockstedy,area-52,575,warrior,fury,12,6,6
Berario,garrosh,575,warrior,fury,12,6,6
Mordelona,ragnaros,575,warrior,fury,12,6,6
Isitorganic,nesingwary,575,warrior,fury,12,6,6
Bigs,exodar,575,warrior,fury,12,6,6
Burninated,tichondrius,575,warrior,fury,12,6,6
Lorelie,malganis,575,warrior,fury,12,6,6
Kratthos,azralon,575,warrior,fury,12,6,6
Ludakritz,moon-guard,575,warrior,fury,12,6,6
Empriux,quelthalas,575,warrior,fury,18,6,12
Shinshido,tichondrius,575,warrior,fury,18,6,12
Monkeewrench,sargeras,575,warrior,fury,18,6,12
Docmoriarty,malygos,575,warrior,fury,18,6,12
Rageroni,tichondrius,574,warrior,fury,12,6,6
Badairplane,gilneas,574,warrior,fury,12,6,6
Risingson,argent-dawn,574,warrior,fury,12,6,6
Ruffless,skullcrusher,574,warrior,fury,12,6,6
Oralo,tichondrius,574,warrior,fury,18,6,12
Gros,exodar,574,warrior,fury,18,6,12
Cômmander,ragnaros,574,warrior,fury,18,6,12
Clavan,moon-guard,574,warrior,fury,24,6,18
Vethronis,dalaran,572,warrior,fury,12,6,6
Worc,aggramar,572,warrior,fury,12,6,6
Beligarde,moon-guard,571,warrior,fury,22,6,16
Olokrash,dalaran,570,warrior,fury,12,6,6
Boothtowolf,the-forgotten-coast,566,warrior,fury,12,6,6
Finnin,nathrezim,559,warrior,fury,11,6,5
Agram,alleria,559,warrior,fury,17,6,11
Trickfox,tichondrius,558,warrior,fury,10,7,3
Shoresy,korgath,558,warrior,fury,17,6,11
Gorrax,anvilmar,543,warrior,fury,11,6,5
Tochixchaos,illidan,543,warrior,fury,14,7,7
Loosypoosy,magtheridon,542,warrior,fury,11,6,5
Thorkéll,proudmoore,541,warrior,fury,23,6,17
Illicitiri,sargeras,528,warrior,fury,15,7,8
Weepingdeath,burning-legion,528,warrior,fury,21,6,15
Tatërs,zuljin,527,warrior,fury,11,6,5
Sinbãd,whisperwind,527,warrior,fury,11,6,5
Millerlite,illidan,527,warrior,fury,11,6,5
Agarto,illidan,526,warrior,fury,11,6,5
Dhefinator,moknathal,512,warrior,fury,10,6,4
Ángron,ragnaros,511,warrior,fury,11,6,5
Monkeydwood,proudmoore,510,warrior,fury,20,6,14
Cassetto,icecrown,496,warrior,fury,13,6,7
Tazmanianfur,akama,480,warrior,fury,6,5,1
Brocar,frostmourne,480,warrior,fury,6,5,1
Didinosaur,azralon,480,warrior,fury,6,5,1
Edmuula,tichondrius,480,warrior,fury,6,5,1
Thorado,nemesis,480,warrior,fury,6,5,1
Nickfurÿ,stormrage,480,warrior,fury,6,5,1
Kaitlanzhan,malganis,480,warrior,fury,6,5,1
Kiritarokila,area-52,480,warrior,fury,6,5,1
Magnusz,zuljin,480,warrior,fury,6,5,1
Thornhardt,frostmourne,480,warrior,fury,6,5,1
Slaughterx,malganis,480,warrior,fury,6,5,1
Àxcx,moon-guard,480,warrior,fury,6,5,1
Bromgarr,crushridge,480,warrior,fury,6,5,1
Soggynapkin,proudmoore,480,warrior,fury,6,5,1
Korsarro,frostmourne,480,warrior,fury,6,5,1
Orkussw,illidan,480,warrior,fury,6,5,1
Vennoe,proudmoore,480,warrior,fury,6,5,1
Tryhardr,sargeras,480,warrior,fury,6,5,1
Robostergler,tichondrius,480,warrior,fury,6,5,1
Goyards,tichondrius,480,warrior,fury,6,5,1
Onyx,auchindoun,480,warrior,fury,6,5,1
Çhloee,the-underbog,480,warrior,fury,6,5,1
Lööfi,sargeras,480,warrior,fury,6,5,1
Mayshowgunmo,tichondrius,480,warrior,fury,6,5,1
Sinjino,proudmoore,480,warrior,fury,6,5,1
Tappia,quelthalas,480,warrior,fury,6,5,1
Sbplaywar,akama,480,warrior,fury,9,6,3
Ramranch,dawnbringer,480,warrior,fury,8,5,3
Victoriaöus,emerald-dream,480,warrior,fury,9,5,4
Clansy,moon-guard,480,warrior,fury,12,5,7
Resize,wyrmrest-accord,480,warrior,fury,12,5,7
Kiingkratoz,ragnaros,480,warrior,fury,12,5,7
Vvârriôr,barthilas,480,warrior,fury,12,5,7
Outo,stormrage,480,warrior,fury,12,5,7
Genesisxp,barthilas,480,warrior,fury,12,5,7
Kamigoroshi,crushridge,480,warrior,fury,12,5,7
Warkaiser,ragnaros,480,warrior,fury,12,5,7
Aladarith,moon-guard,480,warrior,fury,12,5,7
Pisini,illidan,480,warrior,fury,12,5,7
Lunitics,darkspear,480,warrior,fury,12,5,7
Moostorm,darkspear,480,warrior,fury,12,5,7
Angrystepdad,moon-guard,480,warrior,fury,12,5,7
Lilsweet,moon-guard,480,warrior,fury,12,5,7
Maltrate,hyjal,480,warrior,fury,12,5,7
Blaíze,ragnaros,480,warrior,fury,12,5,7
Còlòssal,moknathal,480,warrior,fury,12,5,7
Dtherockj,kiljaeden,480,warrior,fury,12,5,7
Momlover,area-52,480,warrior,fury,12,5,7
Rowdyanders,area-52,480,warrior,fury,12,5,7
Ÿûkímès,tichondrius,480,warrior,fury,12,5,7
Izhansheni,illidan,480,warrior,fury,12,5,7
Vallkÿria,goldrinn,480,warrior,fury,12,5,7
Sabers,mannoroth,480,warrior,fury,12,5,7
Pingolona,nemesis,480,warrior,fury,12,5,7
Bgwinnier,shuhalo,480,warrior,fury,12,5,7
Grimlòck,area-52,480,warrior,fury,12,5,7
Gangelx,illidan,480,warrior,fury,12,5,7
Arthurston,tichondrius,480,warrior,fury,12,5,7
Testees,senjin,480,warrior,fury,12,5,7
Pápý,ragnaros,480,warrior,fury,12,5,7
Fhurey,gnomeregan,480,warrior,fury,12,5,7
Swollenbicep,tichondrius,480,warrior,fury,12,5,7
Oprampage,illidan,480,warrior,fury,12,5,7
Taurenosaur,illidan,480,warrior,fury,12,5,7
Buhurt,sargeras,480,warrior,fury,12,5,7
Trekk,azralon,480,warrior,fury,12,5,7
Faiken,quelthalas,480,warrior,fury,12,5,7
Zelglory,dalaran,480,warrior,fury,12,5,7
Gale,kelthuzad,480,warrior,fury,12,5,7
Crímewave,zuljin,480,warrior,fury,12,5,7
Slamuëladams,bleeding-hollow,480,warrior,fury,12,5,7
Marimadelene,aegwynn,480,warrior,fury,12,5,7
Hexmaul,zuljin,480,warrior,fury,12,5,7
Iittlewiener,tichondrius,480,warrior,fury,12,5,7
Weildboy,undermine,480,warrior,fury,12,5,7
Smashkuntz,lightnings-blade,480,warrior,fury,12,5,7
Río,area-52,480,warrior,fury,12,5,7
Axesomebody,tichondrius,480,warrior,fury,12,5,7
Orcveinz,tichondrius,480,warrior,fury,17,7,10
Caststeel,nordrassil,480,warrior,fury,15,6,9
Zoowarr,illidan,480,warrior,fury,15,6,9
Karukaj,azshara,480,warrior,fury,13,5,8
Àndrewceo,illidan,480,warrior,fury,16,6,10
Gadlfuerte,ragnaros,480,warrior,fury,14,5,9
Nogoodnames,aegwynn,480,warrior,fury,18,5,13
Avoraçado,nemesis,480,warrior,fury,18,5,13
Spinspin,borean-tundra,480,warrior,fury,18,5,13
Jywarr,area-52,480,warrior,fury,18,5,13
Klen,kelthuzad,480,warrior,fury,18,5,13
Laloman,ragnaros,480,warrior,fury,18,5,13
Saltyniples,aegwynn,480,warrior,fury,18,5,13
Cronrow,thunderlord,480,warrior,fury,18,5,13
Warmul,bleeding-hollow,480,warrior,fury,18,5,13
Urbzog,chogall,480,warrior,fury,18,5,13
Feetpicsx,tichondrius,480,warrior,fury,18,5,13
Rwagorn,scilla,480,warrior,fury,18,5,13
Zugmeov,barthilas,480,warrior,fury,18,5,13
Vonkinky,sargeras,479,warrior,fury,6,5,1
Morshaz,drakkari,479,warrior,fury,6,5,1
Vûlkan,emerald-dream,479,warrior,fury,6,5,1
Wreckan,darkspear,479,warrior,fury,6,5,1
Zirtag,proudmoore,479,warrior,fury,6,5,1
Amroth,barthilas,479,warrior,fury,12,5,7
Guantid,sargeras,479,warrior,fury,12,5,7
Gàdgét,moon-guard,479,warrior,fury,12,5,7
Olegg,laughing-skull,479,warrior,fury,12,5,7
Ksubîî,frostmourne,479,warrior,fury,12,5,7
Morasar,area-52,479,warrior,fury,12,5,7
Éscánór,tichondrius,479,warrior,fury,12,5,7
Yasser,ragnaros,479,warrior,fury,12,5,7
Màgs,moon-guard,479,warrior,fury,18,5,13
Dorathorn,azralon,479,warrior,fury,18,5,13
Läsko,area-52,479,warrior,fury,18,5,13
Supersquish,moon-guard,479,warrior,fury,18,5,13
Serrabella,illidan,479,warrior,fury,18,5,13
Døøm,malganis,478,warrior,fury,12,5,7
Daiin,kelthuzad,478,warrior,fury,18,5,13
Gymnopolar,barthilas,478,warrior,fury,18,5,13
Dragmös,nemesis,478,warrior,fury,18,5,13
Beilian,quelthalas,478,warrior,fury,24,5,19
Drovik,malygos,477,warrior,fury,18,5,13
Dathrand,aerie-peak,476,warrior,fury,12,5,7
Fabszord,nemesis,476,warrior,fury,12,5,7
Radianteyes,quelthalas,475,warrior,fury,18,5,13
Áryon,stormrage,474,warrior,fury,12,5,7
Veganwarrior,quelthalas,469,warrior,fury,18,5,13
Syegfried,dethecus,463,warrior,fury,11,5,6
Blazeowlglad,area-52,463,warrior,fury,17,5,12
Dulait,malganis,462,warrior,fury,17,5,12
Bpdpacient,illidan,447,warrior,fury,8,6,2
Allenwrite,frostmourne,447,warrior,fury,8,6,2
Warriormikey,tichondrius,447,warrior,fury,11,5,6
Igoon,dentarg,432,warrior,fury,9,5,4
Rageverd,malganis,432,warrior,fury,9,5,4
Kitiará,area-52,432,warrior,fury,15,6,9
Thalloom,thaurissan,432,warrior,fury,15,5,10
Glaros,blood-furnace,431,warrior,fury,11,5,6
Hugz,thrall,431,warrior,fury,11,5,6
Daydayfight,illidan,431,warrior,fury,11,5,6
Asteríon,sargeras,431,warrior,fury,11,5,6
Stealheads,dalaran,431,warrior,fury,15,6,9
Sukstofuk,frostmourne,431,warrior,fury,17,5,12
Israelelel,azralon,416,warrior,fury,10,5,5
Forerunner,tichondrius,416,warrior,fury,10,5,5
Morgrein,area-52,416,warrior,fury,10,5,5
Inocencius,ragnaros,415,warrior,fury,8,5,3
Digitalblade,illidan,415,warrior,fury,14,5,9
Husyuzhi,tichondrius,400,warrior,fury,7,5,2
Trezturbo,tichondrius,384,warrior,fury,6,4,2
Ricksanches,shadowmoon,384,warrior,fury,6,4,2
Nunu,firetree,384,warrior,fury,6,4,2
Sarachnis,area-52,384,warrior,fury,6,4,2
Zemezok,area-52,384,warrior,fury,6,4,2
Sickwidit,kiljaeden,384,warrior,fury,6,4,2
Iwooglybool,icecrown,384,warrior,fury,6,4,2
Willcharge,tichondrius,384,warrior,fury,6,4,2
Braxxinn,tichondrius,384,warrior,fury,6,4,2
Apallô,tichondrius,384,warrior,fury,6,4,2
Speakeassy,dalaran,384,warrior,fury,6,4,2
Jàmiè,wyrmrest-accord,384,warrior,fury,6,4,2
Badboyjan,tichondrius,384,warrior,fury,6,4,2
Olaqwarraso,sargeras,384,warrior,fury,6,4,2
Affeine,malganis,384,warrior,fury,6,4,2
Leønidasll,ragnaros,384,warrior,fury,6,4,2
Anti,nerzhul,384,warrior,fury,6,4,2
Superbest,tichondrius,384,warrior,fury,6,4,2
Tazgar,draka,384,warrior,fury,6,4,2
Glowstick,tichondrius,384,warrior,fury,6,4,2
Rêtpãl,area-52,384,warrior,fury,6,4,2
Greeplol,arthas,384,warrior,fury,6,4,2
Mommystrasza,kelthuzad,384,warrior,fury,6,4,2
Murghol,malganis,384,warrior,fury,6,4,2
Murcho,stormrage,384,warrior,fury,6,4,2
Hêroìnê,tichondrius,384,warrior,fury,6,4,2
Myrä,kelthuzad,384,warrior,fury,6,4,2
Scripper,stormrage,384,warrior,fury,6,4,2
Biganimegirl,frostmourne,384,warrior,fury,6,4,2
Daboogeyman,thunderhorn,384,warrior,fury,6,4,2
Psyrush,area-52,384,warrior,fury,6,4,2
Dualslong,malygos,384,warrior,fury,6,4,2
Tobaccocat,stormreaver,384,warrior,fury,6,4,2
Tjuanalpha,illidan,384,warrior,fury,6,4,2
Xirexa,bleeding-hollow,384,warrior,fury,6,4,2
Techanina,aerie-peak,384,warrior,fury,6,4,2
Heltic,uldum,384,warrior,fury,6,4,2
Junaid,frostmourne,384,warrior,fury,6,4,2
Bobandi,tichondrius,384,warrior,fury,6,4,2
Theisius,tichondrius,384,warrior,fury,6,4,2
Unpaused,kelthuzad,384,warrior,fury,6,4,2
Pz,ravencrest,384,warrior,fury,6,4,2
Orangew,dalaran,384,warrior,fury,6,4,2
Daemòn,dalaran,384,warrior,fury,6,4,2
Smokes,sargeras,384,warrior,fury,6,4,2
Axazel,drakkari,384,warrior,fury,6,4,2
Mcfatstuffs,boulderfist,384,warrior,fury,6,4,2
Youdumbaut,tichondrius,384,warrior,fury,6,4,2
Vaughan,azuremyst,384,warrior,fury,6,4,2
Lagathar,tichondrius,384,warrior,fury,6,4,2
Imachargeyou,stormrage,384,warrior,fury,6,4,2
Hamcan,dalaran,384,warrior,fury,6,4,2
Gontore,thrall,384,warrior,fury,6,4,2
Thistou,quelthalas,384,warrior,fury,6,4,2
Biggwall,sargeras,384,warrior,fury,6,4,2
Laferrari,illidan,384,warrior,fury,6,4,2
Machutron,quelthalas,384,warrior,fury,6,4,2
Cujø,tichondrius,384,warrior,fury,6,4,2
Darkoil,illidan,384,warrior,fury,6,4,2
Tatsuyahaku,trollbane,384,warrior,fury,6,4,2
Painedd,stormrage,384,warrior,fury,6,4,2
Tomatogodx,sargeras,384,warrior,fury,6,4,2
Blackbaba,illidan,384,warrior,fury,6,4,2
Fornido,quelthalas,384,warrior,fury,6,4,2
Qram,illidan,384,warrior,fury,6,4,2
Anguskhan,caelestrasz,384,warrior,fury,6,4,2
Tmvalchoir,tichondrius,384,warrior,fury,6,4,2
Bristopher,illidan,384,warrior,fury,6,4,2
Androxor,ragnaros,384,warrior,fury,6,4,2
Tyranitar,proudmoore,384,warrior,fury,6,4,2
Shuronho,nemesis,384,warrior,fury,6,4,2
Amphyctionis,zuljin,384,warrior,fury,6,4,2
Rhðr,nemesis,384,warrior,fury,6,4,2
Bakadoom,illidan,384,warrior,fury,6,4,2
Pandwar,kelthuzad,384,warrior,fury,6,4,2
Skarkla,thrall,384,warrior,fury,6,4,2
Kàytwo,tichondrius,384,warrior,fury,6,4,2
Brogdar,moon-guard,384,warrior,fury,6,4,2
Gorgoz,area-52,384,warrior,fury,6,4,2
Foomassa,proudmoore,384,warrior,fury,6,4,2
Breké,moon-guard,384,warrior,fury,6,4,2
Anautumnday,tichondrius,384,warrior,fury,6,4,2
Moneywarr,illidan,384,warrior,fury,6,4,2
Hasbullá,ragnaros,384,warrior,fury,6,4,2
Vilgaxx,area-52,384,warrior,fury,6,4,2
Bornne,doomhammer,384,warrior,fury,9,4,5
Danield,illidan,384,warrior,fury,11,4,7
Osha,illidan,384,warrior,fury,12,4,8
Syntra,area-52,384,warrior,fury,12,4,8
Goatmanee,tichondrius,384,warrior,fury,12,4,8
Hukzula,illidan,384,warrior,fury,12,4,8
Metalhaed,thrall,384,warrior,fury,12,4,8
Neozsmash,thrall,384,warrior,fury,12,4,8
Nasrôth,korialstrasz,384,warrior,fury,12,4,8
Skalmöld,area-52,384,warrior,fury,12,4,8
Kevinersaa,frostmourne,384,warrior,fury,12,4,8
Drengarusk,area-52,384,warrior,fury,12,4,8
Pigblind,azralon,384,warrior,fury,12,4,8
Nobowar,tichondrius,384,warrior,fury,12,4,8
Krodah,quelthalas,384,warrior,fury,12,4,8
Appleleon,ragnaros,384,warrior,fury,12,4,8
Corazondleón,ragnaros,384,warrior,fury,12,4,8
Tháne,emerald-dream,384,warrior,fury,12,4,8
Alitalia,thunderlord,384,warrior,fury,12,4,8
Vosnir,dalaran,384,warrior,fury,12,4,8
Rezzett,wyrmrest-accord,384,warrior,fury,12,4,8
Qanf,azralon,384,warrior,fury,12,4,8
Apollos,alleria,384,warrior,fury,12,4,8
Beetcoyne,azuremyst,384,warrior,fury,12,4,8
Gorm,greymane,384,warrior,fury,12,4,8
Bs,kiljaeden,384,warrior,fury,12,4,8
Béntley,kiljaeden,384,warrior,fury,12,4,8
Bighamm,tichondrius,384,warrior,fury,12,4,8
Worgasum,black-dragonflight,384,warrior,fury,12,4,8
Jhalakni,quelthalas,384,warrior,fury,12,4,8
Muradinpica,stormrage,384,warrior,fury,12,4,8
Moguzri,elune,384,warrior,fury,12,4,8
Jaimey,malganis,384,warrior,fury,12,4,8
Aislistraee,moon-guard,384,warrior,fury,12,4,8
Kanosukai,emerald-dream,384,warrior,fury,12,4,8
Bladetko,tichondrius,384,warrior,fury,12,4,8
Agamere,stormrage,384,warrior,fury,12,4,8
Sakutarou,lightbringer,384,warrior,fury,12,4,8
Bobitolio,dalaran,384,warrior,fury,12,4,8
Bumrushed,tichondrius,384,warrior,fury,12,4,8
Goremack,hellscream,384,warrior,fury,12,4,8
Sveenn,area-52,384,warrior,fury,12,4,8
Luosifen,tichondrius,384,warrior,fury,12,4,8
Wanderlie,zangarmarsh,384,warrior,fury,12,4,8
Knawty,ysera,384,warrior,fury,12,4,8
Rägnarök,stormrage,384,warrior,fury,12,4,8
Wariorwang,tichondrius,384,warrior,fury,12,4,8
Lsays,tichondrius,384,warrior,fury,18,4,14
Kuragdem,trollbane,384,warrior,fury,18,4,14
Seppukush,quelthalas,384,warrior,fury,18,4,14
Equityr,azralon,383,warrior,fury,6,4,2
Gunnar,stonemaul,383,warrior,fury,6,4,2
Galvar,frostmourne,383,warrior,fury,6,4,2
Greggor,frostmourne,383,warrior,fury,12,4,8
Rahmholz,bonechewer,383,warrior,fury,12,4,8
Galadon,amanthul,383,warrior,fury,12,4,8
Anger,zuljin,383,warrior,fury,24,4,20
Ünö,proudmoore,382,warrior,fury,6,4,2
Fangerbiter,destromath,382,warrior,fury,6,4,2
Worrier,blackhand,382,warrior,fury,6,4,2
Buakaaw,gallywix,382,warrior,fury,6,4,2
Rooltrak,azralon,382,warrior,fury,13,4,9
Solveighelga,drakkari,381,warrior,fury,12,4,8
Glennyballs,dalaran,379,warrior,fury,12,4,8
Baxel,arthas,367,warrior,fury,11,4,7
Yirko,quelthalas,367,warrior,fury,11,4,7
Warseed,ragnaros,367,warrior,fury,17,4,13
Gotrekson,azralon,351,warrior,fury,11,4,7
Snowwsaint,sargeras,351,warrior,fury,11,4,7
Pappin,malganis,351,warrior,fury,11,4,7
Koaltank,illidan,351,warrior,fury,14,5,9
Darkrevel,dalvengyr,335,warrior,fury,11,4,7
Boonn,frostmourne,330,warrior,fury,13,7,6
Maraudah,bleeding-hollow,330,warrior,fury,10,5,5
Kíngkaisér,azralon,330,warrior,fury,15,6,9
Syntko,bleeding-hollow,330,warrior,fury,16,6,10
Huleo,tichondrius,330,warrior,fury,14,5,9
Warginger,malygos,320,warrior,fury,8,5,3
Mortalgodtko,ragnaros,319,warrior,fury,5,4,1
Stroker,ragnaros,319,warrior,fury,5,4,1
Fancyboo,malganis,319,warrior,fury,8,4,4
Rohde,nemesis,319,warrior,fury,8,4,4
Jtepetlasène,zuljin,319,warrior,fury,11,4,7
Freakdps,stormrage,304,warrior,fury,7,4,3
Wallzar,sargeras,304,warrior,fury,13,4,9
Soulfang,sargeras,288,warrior,fury,6,3,3
Vülpix,spinebreaker,288,warrior,fury,6,3,3
Bloodcivil,thrall,288,warrior,fury,6,3,3
Daddyd,sargeras,288,warrior,fury,6,3,3
Hålfpenny,tichondrius,288,warrior,fury,6,3,3
Priapus,stormrage,288,warrior,fury,6,3,3
Corvesio,wyrmrest-accord,288,warrior,fury,6,3,3
Malystik,ragnaros,288,warrior,fury,6,3,3
Deathstrøke,illidan,288,warrior,fury,6,3,3
Uncritable,dalaran,288,warrior,fury,6,3,3
Painfulsin,tichondrius,288,warrior,fury,6,3,3
Scran,sargeras,288,warrior,fury,6,3,3
Wescer,frostmourne,288,warrior,fury,6,3,3
Akrian,hellscream,288,warrior,fury,6,3,3
Randydanger,illidan,288,warrior,fury,6,3,3
Bilboswagins,agamaggan,288,warrior,fury,6,3,3
Hithen,quelthalas,288,warrior,fury,6,3,3
Chapublin,ragnaros,288,warrior,fury,6,3,3
Thaann,illidan,288,warrior,fury,6,3,3
Morelz,stormrage,288,warrior,fury,6,3,3
Corgii,khaz-modan,288,warrior,fury,6,3,3
Daarla,burning-blade,288,warrior,fury,6,3,3
Caynos,stormrage,288,warrior,fury,6,3,3
Peterheater,emerald-dream,288,warrior,fury,6,3,3
Bloodthornx,quelthalas,288,warrior,fury,6,3,3
Deepsplitter,illidan,288,warrior,fury,6,3,3
Kénblock,tichondrius,288,warrior,fury,6,3,3
Protstitute,hyjal,288,warrior,fury,6,3,3
Kimed,nordrassil,288,warrior,fury,6,3,3
Cocó,sargeras,288,warrior,fury,6,3,3
Martrek,amanthul,288,warrior,fury,6,3,3
Gánnicus,borean-tundra,288,warrior,fury,6,3,3
Devolved,amanthul,288,warrior,fury,6,3,3
Ociriu,quelthalas,288,warrior,fury,6,3,3
Lightswords,stormrage,288,warrior,fury,6,3,3
Digitalpsyko,hyjal,288,warrior,fury,6,3,3
Lazs,wyrmrest-accord,288,warrior,fury,6,3,3
Unng,emerald-dream,288,warrior,fury,6,3,3
Spartabear,thrall,288,warrior,fury,6,3,3
Raygé,malygos,288,warrior,fury,6,3,3
Gläedr,dalaran,288,warrior,fury,6,3,3
Vurk,area-52,288,warrior,fury,6,3,3
Wwesheamus,frostmourne,288,warrior,fury,6,3,3
Beârz,the-underbog,288,warrior,fury,6,3,3
Gongos,doomhammer,288,warrior,fury,6,3,3
Dilfshakes,illidan,288,warrior,fury,6,3,3
Tasswar,hyjal,288,warrior,fury,6,3,3
Furìous,stormrage,288,warrior,fury,6,3,3
Aldathion,argent-dawn,288,warrior,fury,6,3,3
Nekrush,tichondrius,288,warrior,fury,6,3,3
Satedqq,illidan,288,warrior,fury,6,3,3
Executie,duskwood,288,warrior,fury,6,3,3
Wisslogia,ragnaros,288,warrior,fury,6,3,3
Vhikrakk,quelthalas,288,warrior,fury,6,3,3
Çininho,area-52,288,warrior,fury,6,3,3
Oven,tichondrius,288,warrior,fury,6,3,3
Sánsón,illidan,288,warrior,fury,6,3,3
Foraken,dragonmaw,288,warrior,fury,6,3,3
Glexecute,sargeras,288,warrior,fury,6,3,3
Mildsauce,illidan,288,warrior,fury,6,3,3
Potero,ragnaros,288,warrior,fury,6,3,3
Warmaghar,azralon,288,warrior,fury,6,3,3
Santhvel,jubeithos,288,warrior,fury,6,3,3
Smxrf,hyjal,288,warrior,fury,6,3,3
Lechee,silvermoon,288,warrior,fury,6,3,3
Tobyrendrson,area-52,288,warrior,fury,6,3,3
Pezy,frostmourne,288,warrior,fury,6,3,3
Instakill,garrosh,288,warrior,fury,6,3,3
Aùstin,moon-guard,288,warrior,fury,6,3,3
Exequet,tichondrius,288,warrior,fury,6,3,3
Bignukes,arthas,288,warrior,fury,6,3,3
Júmmy,area-52,288,warrior,fury,6,3,3
Kahn,andorhal,288,warrior,fury,6,3,3
Valuxia,sargeras,288,warrior,fury,6,3,3
Strongboii,tichondrius,288,warrior,fury,6,3,3
Dirtypin,shadowmoon,288,warrior,fury,6,3,3
Taywar,sargeras,288,warrior,fury,6,3,3
Demøletiøn,stormrage,288,warrior,fury,6,3,3
Hoodsie,magtheridon,288,warrior,fury,6,3,3
Guillotinè,area-52,288,warrior,fury,6,3,3
Tâlos,ysondre,288,warrior,fury,6,3,3
Tâlos,magtheridon,288,warrior,fury,6,3,3
Praetorus,malganis,288,warrior,fury,6,3,3
Heavydoody,moon-guard,288,warrior,fury,6,3,3
Zangre,stormrage,288,warrior,fury,6,3,3
Sludgthwaps,stormrage,288,warrior,fury,6,3,3
Axellent,gilneas,288,warrior,fury,6,3,3
Slãmpiece,stormrage,288,warrior,fury,6,3,3
Xvz,moon-guard,288,warrior,fury,6,3,3
Daytime,scilla,288,warrior,fury,6,3,3
Sejunz,ragnaros,288,warrior,fury,6,3,3
Zugsok,thrall,288,warrior,fury,6,3,3
Weskamg,quelthalas,288,warrior,fury,6,3,3
Griimhoof,malganis,288,warrior,fury,6,3,3
Wolfsbanne,khadgar,288,warrior,fury,6,3,3
Orcly,kilrogg,288,warrior,fury,6,3,3
Govosh,thrall,288,warrior,fury,6,3,3
Scylall,area-52,288,warrior,fury,6,3,3
Harthan,stormscale,288,warrior,fury,6,3,3
Swiftÿ,gurubashi,288,warrior,fury,6,3,3
Skynitez,area-52,288,warrior,fury,6,3,3
Wushuang,tichondrius,288,warrior,fury,6,3,3
Herkja,barthilas,288,warrior,fury,6,3,3
Miyamashi,stormrage,288,warrior,fury,6,3,3
Pongk,tichondrius,288,warrior,fury,6,3,3
Mubun,tichondrius,288,warrior,fury,6,3,3
Shyea,gurubashi,288,warrior,fury,6,3,3
Terazova,tichondrius,288,warrior,fury,6,3,3
Twilightrain,tichondrius,288,warrior,fury,6,3,3
Makeranbing,barthilas,288,warrior,fury,6,3,3
Chzze,tichondrius,288,warrior,fury,6,3,3
Vodak,daggerspine,288,warrior,fury,6,3,3
Slitt,azralon,288,warrior,fury,6,3,3
Trovenn,stormrage,288,warrior,fury,6,3,3
Fulaixiong,illidan,288,warrior,fury,6,3,3
Corevp,barthilas,288,warrior,fury,6,3,3
Tsathoggua,kiljaeden,288,warrior,fury,6,3,3
Barbarìan,bleeding-hollow,288,warrior,fury,6,3,3
Kàli,kiljaeden,288,warrior,fury,6,3,3
Bigdickgomez,frostmourne,288,warrior,fury,6,3,3
Perrin,burning-blade,288,warrior,fury,6,3,3
Warwik,stormscale,288,warrior,fury,6,3,3
Ävdol,emerald-dream,288,warrior,fury,6,3,3
Rí,moon-guard,288,warrior,fury,6,3,3
Stellabear,aggramar,288,warrior,fury,6,3,3
Mcdowëll,moon-guard,288,warrior,fury,6,3,3
Crowsfall,aggramar,288,warrior,fury,6,3,3
Illfarqqup,saurfang,288,warrior,fury,6,3,3
Mehji,boulderfist,288,warrior,fury,6,3,3
Acès,shattered-halls,288,warrior,fury,6,3,3
Benw,dawnbringer,288,warrior,fury,6,3,3
Razzik,emerald-dream,288,warrior,fury,6,3,3
Nginx,queldorei,288,warrior,fury,6,3,3
Durres,tichondrius,288,warrior,fury,6,3,3
Korland,aerie-peak,288,warrior,fury,6,3,3
Elegance,llane,288,warrior,fury,6,3,3
Çhocothunder,area-52,288,warrior,fury,6,3,3
Brôm,emerald-dream,288,warrior,fury,6,3,3
Chops,arygos,288,warrior,fury,6,3,3
Brunowars,tichondrius,288,warrior,fury,6,3,3
Anticiðe,zuljin,288,warrior,fury,6,3,3
Kazek,sargeras,288,warrior,fury,6,3,3
Krishwar,azshara,288,warrior,fury,6,3,3
Chiêfatriox,tichondrius,288,warrior,fury,6,3,3
Joarmyman,proudmoore,288,warrior,fury,6,3,3
Galachad,jubeithos,288,warrior,fury,6,3,3
Truegerrard,tichondrius,288,warrior,fury,6,3,3
Renziass,tichondrius,288,warrior,fury,6,3,3
Verydanger,emerald-dream,288,warrior,fury,6,3,3
Wargasms,alterac-mountains,288,warrior,fury,6,3,3
Swíshersweét,kelthuzad,288,warrior,fury,6,3,3
Tenfury,proudmoore,288,warrior,fury,6,3,3
Ðivebomb,sargeras,288,warrior,fury,6,3,3
Kreamyumyums,tichondrius,288,warrior,fury,6,3,3
Kurowar,drakkari,288,warrior,fury,6,3,3
Aruia,proudmoore,288,warrior,fury,6,3,3
Bled,quelthalas,288,warrior,fury,10,4,6
Loadmaster,dragonmaw,288,warrior,fury,8,3,5
Duudoo,stormrage,288,warrior,fury,8,3,5
Cøpperpøt,bleeding-hollow,288,warrior,fury,9,3,6
Urion,illidan,288,warrior,fury,11,3,8
Immòrtal,zuljin,288,warrior,fury,12,3,9
Zelekron,emerald-dream,288,warrior,fury,12,3,9
Kråtøs,nordrassil,288,warrior,fury,12,3,9
Bebob,tichondrius,288,warrior,fury,12,3,9
Rólex,tichondrius,288,warrior,fury,12,3,9
Lynn,zangarmarsh,288,warrior,fury,12,3,9
Davien,tichondrius,288,warrior,fury,12,3,9
Andro,arthas,288,warrior,fury,12,3,9
Krilles,tichondrius,288,warrior,fury,12,3,9
Kromgrall,tichondrius,288,warrior,fury,12,3,9
Blackscale,grizzly-hills,288,warrior,fury,12,3,9
Rageroidz,area-52,288,warrior,fury,12,3,9
Gristly,sargeras,288,warrior,fury,12,3,9
Hokanii,moon-guard,288,warrior,fury,12,3,9
Apolio,magtheridon,288,warrior,fury,12,3,9
Ezsmash,firetree,288,warrior,fury,12,3,9
Dból,area-52,288,warrior,fury,12,3,9
Shínkicker,area-52,288,warrior,fury,12,3,9
Tríxman,moon-guard,288,warrior,fury,12,3,9
Ðöminátè,kiljaeden,288,warrior,fury,12,3,9
Bladeweaver,illidan,288,warrior,fury,12,3,9
Stromkiller,stormrage,288,warrior,fury,12,3,9
Impulse,moon-guard,288,warrior,fury,12,3,9
Monkeybrain,azralon,288,warrior,fury,12,3,9
Krimmjðw,sargeras,288,warrior,fury,12,3,9
Luckybrother,tichondrius,288,warrior,fury,12,3,9
Flexìn,tichondrius,288,warrior,fury,12,3,9
Ratface,frostmourne,288,warrior,fury,12,3,9
Slimeto,area-52,288,warrior,fury,12,3,9
Kimuraa,hyjal,288,warrior,fury,12,3,9
Banggo,frostmourne,288,warrior,fury,12,3,9
Barcëlð,frostmourne,288,warrior,fury,12,3,9
Pastorpeen,thrall,288,warrior,fury,12,3,9
Jujuassgeter,darkspear,288,warrior,fury,18,3,15
Disclone,tichondrius,287,warrior,fury,6,3,3
Monsterpepe,tichondrius,287,warrior,fury,12,3,9
Furyworgen,kiljaeden,287,warrior,fury,18,3,15
Daymancometh,proudmoore,271,warrior,fury,11,3,8
Bigdaddyzees,bleeding-hollow,255,warrior,fury,11,3,8
Zolpidem,nemesis,255,warrior,fury,11,3,8
Aserus,quelthalas,240,warrior,fury,21,3,18
Gwod,stormrage,239,warrior,fury,5,3,2
Ramisés,stormrage,239,warrior,fury,5,3,2
Einnarr,tichondrius,239,warrior,fury,5,3,2
Chupelo,tichondrius,239,warrior,fury,5,3,2
Bottlecaps,shadowmoon,239,warrior,fury,5,3,2
Ramaraparoo,proudmoore,239,warrior,fury,5,3,2
Reagzy,stormrage,234,warrior,fury,10,4,6
Norru,moon-guard,233,warrior,fury,23,5,18
Schlosh,laughing-skull,223,warrior,fury,8,3,5
Heirel,kelthuzad,208,warrior,fury,7,3,4
Gavtini,drakthul,192,warrior,fury,4,3,1
Çórý,area-52,192,warrior,fury,4,3,1
Datneck,tichondrius,192,warrior,fury,4,3,1
Amaragos,tichondrius,192,warrior,fury,6,4,2
Kushal,sargeras,192,warrior,fury,8,3,5
Drefnor,thunderhorn,192,warrior,fury,9,3,6
Stinkers,proudmoore,192,warrior,fury,6,2,4
Clerond,tichondrius,192,warrior,fury,6,2,4
Tigershárk,tichondrius,192,warrior,fury,6,2,4
Rundai,zuljin,192,warrior,fury,6,2,4
Kokixz,tichondrius,192,warrior,fury,6,2,4
Nsanesavage,kelthuzad,192,warrior,fury,6,2,4
Warkahoz,drakkari,192,warrior,fury,6,2,4
Zacharyx,tichondrius,192,warrior,fury,6,2,4
Tour,proudmoore,192,warrior,fury,6,2,4
Sustantus,emerald-dream,192,warrior,fury,6,2,4
Darkstrikee,tichondrius,192,warrior,fury,6,2,4
Släughter,zuljin,192,warrior,fury,6,2,4
Lopotron,sargeras,192,warrior,fury,6,2,4
ßoris,grizzly-hills,192,warrior,fury,6,2,4
Uju,lothar,192,warrior,fury,6,2,4
Catdestroyer,kelthuzad,192,warrior,fury,6,2,4
Torimzor,nemesis,192,warrior,fury,6,2,4
Brosèph,sargeras,192,warrior,fury,6,2,4
Ningtea,proudmoore,192,warrior,fury,6,2,4
Boombop,zuljin,192,warrior,fury,6,2,4
Gladicus,zuljin,192,warrior,fury,6,2,4
Blackpinkx,tichondrius,192,warrior,fury,6,2,4
Casteleiro,azralon,192,warrior,fury,6,2,4
Fetalalcohol,illidan,192,warrior,fury,6,2,4
Uglymanxd,area-52,192,warrior,fury,6,2,4
Elyoy,aerie-peak,192,warrior,fury,6,2,4
Zareos,azralon,192,warrior,fury,6,2,4
Prodgio,nemesis,192,warrior,fury,6,2,4
Krannos,area-52,192,warrior,fury,6,2,4
Tentacruels,area-52,192,warrior,fury,6,2,4
Grekk,kelthuzad,192,warrior,fury,6,2,4
Mafe,tichondrius,192,warrior,fury,6,2,4
Deizhul,stormscale,192,warrior,fury,6,2,4
Slamspam,the-underbog,192,warrior,fury,6,2,4
Gotcrit,blood-furnace,192,warrior,fury,6,2,4
Neifle,tichondrius,192,warrior,fury,6,2,4
Gladcal,stormscale,192,warrior,fury,6,2,4
Cdjr,malganis,192,warrior,fury,6,2,4
Itzyourmom,nazjatar,192,warrior,fury,6,2,4
Tarkvs,ragnaros,192,warrior,fury,6,2,4
Moosoka,malorne,192,warrior,fury,6,2,4
Helder,destromath,192,warrior,fury,6,2,4
Unterg,ragnaros,192,warrior,fury,6,2,4
Threg,malganis,192,warrior,fury,6,2,4
Aboveaverage,arthas,192,warrior,fury,6,2,4
Ethîlea,frostmourne,192,warrior,fury,6,2,4
Bariotyr,the-underbog,192,warrior,fury,6,2,4
Backtrack,whisperwind,192,warrior,fury,6,2,4
Gakatarc,thrall,192,warrior,fury,6,2,4
Twoironfist,azralon,192,warrior,fury,6,2,4
Slambiggly,tichondrius,192,warrior,fury,6,2,4
Halò,thrall,192,warrior,fury,6,2,4
Hackett,blades-edge,192,warrior,fury,6,2,4
Thevan,dunemaul,192,warrior,fury,6,2,4
Clönazepam,azralon,192,warrior,fury,6,2,4
Furie,dragonmaw,192,warrior,fury,6,2,4
Zeroy,bleeding-hollow,192,warrior,fury,6,2,4
Ðêad,area-52,192,warrior,fury,6,2,4
Painstake,illidan,192,warrior,fury,6,2,4
Ferdînand,area-52,192,warrior,fury,6,2,4
Kushtrains,illidan,192,warrior,fury,6,2,4
Bernardes,stormrage,192,warrior,fury,6,2,4
Gnasty,hyjal,192,warrior,fury,6,2,4
Koast,aerie-peak,192,warrior,fury,6,2,4
Arx,frostwolf,192,warrior,fury,6,2,4
Mortaldznuts,tichondrius,192,warrior,fury,6,2,4
Chloee,the-underbog,192,warrior,fury,6,2,4
Yermalt,tichondrius,192,warrior,fury,6,2,4
Onlyslams,sargeras,192,warrior,fury,6,2,4
Xîonorc,ragnaros,192,warrior,fury,6,2,4
Jäëgër,moon-guard,192,warrior,fury,6,2,4
Ludøciel,moon-guard,192,warrior,fury,6,2,4
Persiancoco,tichondrius,192,warrior,fury,6,2,4
Bersérk,area-52,192,warrior,fury,6,2,4
Estrasystole,sargeras,192,warrior,fury,6,2,4
Killaen,thrall,192,warrior,fury,6,2,4
Lepzed,area-52,192,warrior,fury,6,2,4
Autopsys,moon-guard,192,warrior,fury,6,2,4
Linios,tichondrius,192,warrior,fury,6,2,4
Jayynorthyy,malganis,192,warrior,fury,6,2,4
Oxeroth,sargeras,192,warrior,fury,6,2,4
Thrawb,bleeding-hollow,192,warrior,fury,6,2,4
Iapologiz,illidan,192,warrior,fury,6,2,4
Stugwar,moon-guard,192,warrior,fury,6,2,4
Mussashí,stormrage,192,warrior,fury,6,2,4
Peekyblinder,kiljaeden,192,warrior,fury,6,2,4
Franc,kiljaeden,192,warrior,fury,6,2,4
Ådderall,thrall,192,warrior,fury,6,2,4
Jeyvil,stormrage,192,warrior,fury,6,2,4
Jkasdfglkg,tichondrius,192,warrior,fury,6,2,4
Azrailz,stormrage,192,warrior,fury,6,2,4
Youdeadx,aegwynn,192,warrior,fury,6,2,4
Garagedays,area-52,192,warrior,fury,6,2,4
Gistid,frostmourne,192,warrior,fury,6,2,4
Deafwarrior,sargeras,192,warrior,fury,6,2,4
Beatmeat,frostmourne,192,warrior,fury,6,2,4
Zooboo,laughing-skull,192,warrior,fury,6,2,4
Veyronn,stormrage,192,warrior,fury,6,2,4
Youdiankua,illidan,192,warrior,fury,6,2,4
Melithiae,barthilas,192,warrior,fury,6,2,4
Protologist,chogall,192,warrior,fury,6,2,4
Swinkyzug,tichondrius,192,warrior,fury,6,2,4
Valko,ragnaros,192,warrior,fury,6,2,4
Verigislena,moon-guard,192,warrior,fury,6,2,4
Jägernaught,stormrage,192,warrior,fury,6,2,4
Lêvïåthån,moon-guard,192,warrior,fury,6,2,4
Creepedz,tichondrius,192,warrior,fury,6,2,4
Sickwar,emerald-dream,192,warrior,fury,6,2,4
Dwar,barthilas,192,warrior,fury,6,2,4
Stately,stormrage,192,warrior,fury,6,2,4
Redrunebar,illidan,192,warrior,fury,6,2,4
Rexxunos,ragnaros,192,warrior,fury,6,2,4
Märkdî,quelthalas,192,warrior,fury,6,2,4
Executioner,gilneas,192,warrior,fury,6,2,4
Wooters,tichondrius,192,warrior,fury,6,2,4
Rahu,thrall,192,warrior,fury,6,2,4
Shablamm,korgath,192,warrior,fury,6,2,4
Ballbusting,moon-guard,192,warrior,fury,6,2,4
Warpork,sargeras,192,warrior,fury,6,2,4
Containerbox,korgath,192,warrior,fury,6,2,4
Drayco,tichondrius,192,warrior,fury,6,2,4
Iïl,area-52,192,warrior,fury,6,2,4
Wqnmlgbd,tichondrius,192,warrior,fury,6,2,4
Blademaw,stormreaver,192,warrior,fury,6,2,4
Borealiss,ragnaros,192,warrior,fury,6,2,4
Cartmain,illidan,192,warrior,fury,6,2,4
Warney,tichondrius,192,warrior,fury,6,2,4
Kazuø,ragnaros,192,warrior,fury,6,2,4
Vaclein,quelthalas,192,warrior,fury,6,2,4
Horahloux,ragnaros,192,warrior,fury,6,2,4
Drugdilla,zuljin,192,warrior,fury,6,2,4
Collapsekim,tichondrius,192,warrior,fury,6,2,4
Záshá,ragnaros,192,warrior,fury,6,2,4
Birddogs,scarlet-crusade,192,warrior,fury,6,2,4
Bobisyourmom,tichondrius,192,warrior,fury,6,2,4
Amberlym,ragnaros,192,warrior,fury,6,2,4
Lokgur,gallywix,192,warrior,fury,6,2,4
Bachyr,stormrage,192,warrior,fury,6,2,4
Kalabawph,area-52,192,warrior,fury,6,2,4
Twilightzza,sargeras,192,warrior,fury,6,2,4
Venyxx,gallywix,192,warrior,fury,6,2,4
Taurwaz,draka,192,warrior,fury,6,2,4
Tepaste,ragnaros,192,warrior,fury,6,2,4
Trágus,azralon,192,warrior,fury,6,2,4
Supersteak,tichondrius,192,warrior,fury,6,2,4
Tokka,azjolnerub,192,warrior,fury,6,2,4
Kaniks,dalaran,192,warrior,fury,6,2,4
Noor,tichondrius,192,warrior,fury,6,2,4
Mekkanic,moon-guard,192,warrior,fury,6,2,4
Gorkar,frostwolf,192,warrior,fury,6,2,4
Eîghtysîx,sargeras,192,warrior,fury,6,2,4
Matahorda,darkspear,192,warrior,fury,6,2,4
Elchacál,ragnaros,192,warrior,fury,6,2,4
Ëxecute,darkspear,192,warrior,fury,6,2,4
Druckerz,lightnings-blade,192,warrior,fury,6,2,4
Erikx,ragnaros,192,warrior,fury,6,2,4
Ghostkin,ragnaros,192,warrior,fury,6,2,4
Yeèzy,stormrage,192,warrior,fury,6,2,4
Hatedßyßlízz,area-52,192,warrior,fury,6,2,4
Xorjak,tichondrius,192,warrior,fury,6,2,4
Pippysmallz,tichondrius,192,warrior,fury,6,2,4
Shloope,barthilas,192,warrior,fury,6,2,4
Jowesley,azralon,192,warrior,fury,6,2,4
Ultraa,lightbringer,192,warrior,fury,6,2,4
Svera,dalaran,192,warrior,fury,6,2,4
Good,garona,192,warrior,fury,6,2,4
Kachigas,sargeras,192,warrior,fury,6,2,4
Awlawdemrang,tichondrius,192,warrior,fury,6,2,4
Todory,moon-guard,192,warrior,fury,6,2,4
Areiana,stormrage,192,warrior,fury,6,2,4
Jéshka,wyrmrest-accord,192,warrior,fury,6,2,4
Dysazter,ravencrest,192,warrior,fury,6,2,4
Tickletickle,illidan,192,warrior,fury,6,2,4
Disheartened,wyrmrest-accord,192,warrior,fury,6,2,4
Arakod,moon-guard,192,warrior,fury,6,2,4
Estrozo,sargeras,192,warrior,fury,6,2,4
Smokedaperc,illidan,192,warrior,fury,6,2,4
Andrexion,moon-guard,192,warrior,fury,6,2,4
Fofefa,ragnaros,192,warrior,fury,6,2,4
Tÿ,haomarush,192,warrior,fury,6,2,4
Aisinbro,illidan,192,warrior,fury,6,2,4
Bobbylee,ravencrest,192,warrior,fury,6,2,4
Drenzywar,scilla,192,warrior,fury,6,2,4
Longzhan,tichondrius,192,warrior,fury,6,2,4
Aoste,tichondrius,192,warrior,fury,6,2,4
Ulren,wyrmrest-accord,192,warrior,fury,6,2,4
Wendër,area-52,192,warrior,fury,6,2,4
Lôwkeyfix,illidan,192,warrior,fury,6,2,4
Kraven,haomarush,192,warrior,fury,6,2,4
Dagorine,eredar,192,warrior,fury,6,2,4
Brewstrike,dalaran,192,warrior,fury,6,2,4
Weewarrior,wyrmrest-accord,192,warrior,fury,6,2,4
Browngusher,sargeras,192,warrior,fury,6,2,4
Zdokk,sargeras,192,warrior,fury,6,2,4
Zarkró,quelthalas,192,warrior,fury,6,2,4
Mimiu,ragnaros,192,warrior,fury,6,2,4
Larath,quelthalas,192,warrior,fury,6,2,4
Nebraskapete,wyrmrest-accord,192,warrior,fury,6,2,4
Mahievs,area-52,192,warrior,fury,10,3,7
Bonesheild,ursin,192,warrior,fury,11,2,9
Tzef,emerald-dream,192,warrior,fury,12,2,10
Stackws,tichondrius,192,warrior,fury,12,2,10
Alchremo,dalaran,192,warrior,fury,12,2,10
Wêlfoment,ragnaros,192,warrior,fury,12,2,10
Zoldyak,ragnaros,192,warrior,fury,12,2,10
Mickyplate,tichondrius,192,warrior,fury,12,2,10
Doappy,darkspear,192,warrior,fury,12,2,10
Destrogore,darkspear,192,warrior,fury,12,2,10
Shandrar,frostmourne,192,warrior,fury,12,2,10
Hackbbadda,tichondrius,192,warrior,fury,12,2,10
Grimmjawx,thrall,192,warrior,fury,12,2,10
Typenine,proudmoore,192,warrior,fury,12,2,10
Aarontaylor,bloodscalp,192,warrior,fury,12,2,10
Kames,garrosh,192,warrior,fury,12,2,10
Ragëqt,windrunner,192,warrior,fury,12,2,10
Powerrager,amanthul,192,warrior,fury,12,2,10
Nirvyn,quelthalas,191,warrior,fury,6,2,4
Akätosh,zuljin,191,warrior,fury,6,2,4
Naabii,moon-guard,191,warrior,fury,6,2,4
Werrewolf,kul-tiras,191,warrior,fury,6,2,4
Dreadtøøth,tichondrius,160,warrior,fury,10,2,8
Wayne,kargath,160,warrior,fury,16,2,14
Gnivac,moon-guard,159,warrior,fury,5,2,3
Mariò,area-52,159,warrior,fury,5,2,3
Vynfull,area-52,159,warrior,fury,5,2,3
Forts,zuljin,159,warrior,fury,5,2,3
Powerjaw,stormrage,144,warrior,fury,3,3,0
Tugboatx,bleeding-hollow,138,warrior,fury,6,3,3
Finana,illidan,138,warrior,fury,10,4,6
Dräxxär,sargeras,138,warrior,fury,10,3,7
Andrewceo,tichondrius,128,warrior,fury,4,2,2
Fatbarstard,jubeithos,128,warrior,fury,4,2,2
Eldarad,stormrage,128,warrior,fury,4,2,2
Chadrich,kilrogg,128,warrior,fury,4,2,2
Mâyhêm,bonechewer,112,warrior,fury,7,2,5
Bootskrapp,azgalor,112,warrior,fury,7,2,5
Hololeave,tichondrius,96,warrior,fury,3,2,1
Bradockqt,azralon,96,warrior,fury,3,2,1
Sarmat,undermine,96,warrior,fury,8,3,5
Lawlstørm,stormrage,96,warrior,fury,6,1,5
Katsarola,cenarion-circle,96,warrior,fury,6,1,5
Neotico,quelthalas,96,warrior,fury,6,1,5
Realslovak,jubeithos,96,warrior,fury,6,1,5
Warriortimes,ragnaros,96,warrior,fury,6,1,5
Thegalant,dalaran,96,warrior,fury,6,1,5
Nillor,emerald-dream,96,warrior,fury,6,1,5
Nazuke,wyrmrest-accord,96,warrior,fury,6,1,5
Arkayla,moon-guard,96,warrior,fury,6,1,5
Fatdiabetic,tichondrius,96,warrior,fury,6,1,5
Aiforix,gorefiend,96,warrior,fury,6,1,5
Zingerboss,barthilas,96,warrior,fury,6,1,5
Lanlorash,barthilas,96,warrior,fury,6,1,5
Savager,spinebreaker,96,warrior,fury,6,1,5
Flabergaster,skullcrusher,96,warrior,fury,6,1,5
Loveføx,stormrage,96,warrior,fury,6,1,5
Lifaen,zangarmarsh,96,warrior,fury,6,1,5
Trén,hydraxis,96,warrior,fury,6,1,5
Laylowk,tichondrius,96,warrior,fury,6,1,5
Bigcracka,illidan,96,warrior,fury,6,1,5
Ravenxdawnx,tichondrius,96,warrior,fury,6,1,5
Horabad,terenas,96,warrior,fury,6,1,5
Kraevok,feathermoon,96,warrior,fury,6,1,5
Rongor,drakkari,96,warrior,fury,6,1,5
Bbyè,tichondrius,96,warrior,fury,6,1,5
Beserkqt,azralon,96,warrior,fury,6,1,5
Bvngk,tichondrius,96,warrior,fury,6,1,5
Gregur,sargeras,96,warrior,fury,6,1,5
Figork,tichondrius,96,warrior,fury,6,1,5
Nao,darkspear,96,warrior,fury,6,1,5
ßallinjr,illidan,96,warrior,fury,6,1,5
Squalx,proudmoore,96,warrior,fury,6,1,5
Sweetred,windrunner,96,warrior,fury,6,1,5
Garrygarry,zuljin,96,warrior,fury,6,1,5
Schwicker,stormrage,96,warrior,fury,6,1,5
ßlåde,lethon,96,warrior,fury,6,1,5
Handain,malganis,96,warrior,fury,6,1,5
Wasabiz,tichondrius,96,warrior,fury,6,1,5
Magarrior,shadowsong,96,warrior,fury,6,1,5
Harattawi,thrall,96,warrior,fury,6,1,5
Jazzkiler,azralon,96,warrior,fury,6,1,5
Largegayman,sargeras,96,warrior,fury,6,1,5
Slayabunny,icecrown,96,warrior,fury,6,1,5
Ustadbaba,area-52,96,warrior,fury,6,1,5
Bigboyorior,caelestrasz,96,warrior,fury,6,1,5
Srze,azralon,96,warrior,fury,6,1,5
Bigk,korgath,96,warrior,fury,6,1,5
Pornawar,area-52,96,warrior,fury,6,1,5
Quasi,tichondrius,96,warrior,fury,6,1,5
Dearmetri,ragnaros,96,warrior,fury,6,1,5
Neverwinta,moon-guard,96,warrior,fury,6,1,5
Beray,skullcrusher,96,warrior,fury,6,1,5
Play,dark-iron,96,warrior,fury,6,1,5
Augutra,moon-guard,96,warrior,fury,6,1,5
Dabdaddyy,dawnbringer,96,warrior,fury,6,1,5
Mafia,dalaran,96,warrior,fury,6,1,5
Spartacam,frostmourne,96,warrior,fury,6,1,5
Flexxinpapi,exodar,96,warrior,fury,6,1,5
Xiaohuzi,tichondrius,96,warrior,fury,6,1,5
Carnagè,area-52,96,warrior,fury,6,1,5
Xehm,tichondrius,96,warrior,fury,6,1,5
Shwizzyy,tichondrius,96,warrior,fury,6,1,5
Tarviss,exodar,96,warrior,fury,6,1,5
Murrdock,nesingwary,96,warrior,fury,6,1,5
Alderr,frostmourne,96,warrior,fury,6,1,5
Igmif,stormrage,96,warrior,fury,6,1,5
Tamagoshi,kiljaeden,96,warrior,fury,6,1,5
Wapistun,thrall,96,warrior,fury,6,1,5
Stompën,area-52,96,warrior,fury,6,1,5
Plushiee,stormrage,96,warrior,fury,6,1,5
Dokoba,bleeding-hollow,96,warrior,fury,6,1,5
Lungwar,tichondrius,96,warrior,fury,6,1,5
Warritha,ragnaros,96,warrior,fury,6,1,5
Xut,moon-guard,96,warrior,fury,6,1,5
Hypëriøn,bleeding-hollow,96,warrior,fury,6,1,5
Rexxous,hyjal,96,warrior,fury,6,1,5
Keirina,bonechewer,96,warrior,fury,6,1,5
Girthyslaps,frostmourne,96,warrior,fury,6,1,5
Freesubs,sargeras,96,warrior,fury,6,1,5
Polox,ragnaros,96,warrior,fury,6,1,5
Lambsy,zuljin,96,warrior,fury,6,1,5
Chóps,quelthalas,96,warrior,fury,6,1,5
Broxar,area-52,96,warrior,fury,6,1,5
Warrdawg,tichondrius,96,warrior,fury,6,1,5
Saltyundies,tichondrius,96,warrior,fury,6,1,5
Trollchopo,kiljaeden,96,warrior,fury,6,1,5
Ragerok,bleeding-hollow,96,warrior,fury,6,1,5
Soulmerc,turalyon,96,warrior,fury,6,1,5
Rades,sargeras,96,warrior,fury,6,1,5
Bigwarrior,stonemaul,96,warrior,fury,6,1,5
Aftershóck,daggerspine,96,warrior,fury,6,1,5
Stonnies,bleeding-hollow,96,warrior,fury,6,1,5
Freanor,azralon,96,warrior,fury,6,1,5
Bigster,malganis,96,warrior,fury,6,1,5
Warrbull,spirestone,96,warrior,fury,6,1,5
Grândmâ,zuljin,96,warrior,fury,6,1,5
Deydradrene,illidan,96,warrior,fury,6,1,5
Awex,kelthuzad,96,warrior,fury,6,1,5
Pcprincipal,khadgar,96,warrior,fury,6,1,5
Déstrò,tichondrius,96,warrior,fury,6,1,5
Draann,kirin-tor,96,warrior,fury,6,1,5
Jotar,goldrinn,96,warrior,fury,6,1,5
Nipnipz,kelthuzad,96,warrior,fury,6,1,5
Vvengencezz,the-underbog,96,warrior,fury,6,1,5
Nerdturd,mannoroth,96,warrior,fury,6,1,5
Omnislash,proudmoore,96,warrior,fury,6,1,5
Fletçhér,sargeras,96,warrior,fury,7,1,6
Ballzindeep,tichondrius,96,warrior,fury,9,1,8
Zaxari,gurubashi,96,warrior,fury,12,1,11
Mawdryn,destromath,96,warrior,fury,12,1,11
Facerollyou,blackrock,96,warrior,fury,12,1,11
Furyofbeans,area-52,96,warrior,fury,12,1,11
Philbert,alexstrasza,96,warrior,fury,12,1,11
Maaxdry,area-52,96,warrior,fury,12,1,11
Mamalonic,ragnaros,96,warrior,fury,12,1,11
Sálty,caelestrasz,96,warrior,fury,12,1,11
Cremosö,azralon,64,warrior,fury,4,1,3
Gigglamesh,muradin,64,warrior,fury,4,1,3
Guroku,tichondrius,64,warrior,fury,4,1,3
Adonis,burning-blade,64,warrior,fury,10,1,9
Xidaego,tichondrius,63,warrior,fury,2,2,0
Coverage,frostmourne,63,warrior,fury,2,2,0
Mohamad,uldaman,63,warrior,fury,2,2,0
Bashuuk,illidan,63,warrior,fury,2,2,0
Sìkarío,illidan,48,warrior,fury,3,1,2
Warmain,haomarush,48,warrior,fury,3,1,2
Bugsberserk,tichondrius,48,warrior,fury,3,1,2
Kirikash,illidan,42,warrior,fury,6,2,4
Ztg,tichondrius,42,warrior,fury,11,2,9
Edrelang,bronzebeard,31,warrior,fury,2,1,1
Vioar,hyjal,31,warrior,fury,2,1,1
Spartaacus,windrunner,31,warrior,fury,2,1,1
Khàzix,kelthuzad,31,warrior,fury,2,1,1
Missaxe,ragnaros,16,warrior,fury,1,1,0
Lehzera,frostmourne,16,warrior,fury,1,1,0
Zhanwudix,tichondrius,2310,warrior,arms,135,79,56
Hapigirl,tichondrius,2283,warrior,arms,66,48,18
Exzistance,area-52,2242,warrior,arms,127,70,57
Récksus,tichondrius,2182,warrior,arms,98,58,40
Thiccbiscuit,area-52,2168,warrior,arms,133,67,66
Killbørn,azralon,2153,warrior,arms,108,55,53
Forakenna,dragonmaw,2150,warrior,arms,81,52,29
Toutie,tichondrius,2148,warrior,arms,132,74,58
Marsshine,tichondrius,2142,warrior,arms,119,63,56
Abswar,tichondrius,2141,warrior,arms,183,107,76
Turtleboy,feathermoon,2141,warrior,arms,79,45,34
Todory,moon-guard,2137,warrior,arms,155,78,77
Ikkyuo,proudmoore,2136,warrior,arms,174,93,81
Ðêed,area-52,2135,warrior,arms,93,52,41
Dpoy,tichondrius,2130,warrior,arms,114,57,57
Icarryrats,tichondrius,2127,warrior,arms,129,69,60
Kraftyx,bleeding-hollow,2125,warrior,arms,72,44,28
Ssamök,ragnaros,2125,warrior,arms,329,168,161
Buckwar,zuljin,2121,warrior,arms,78,41,37
Huzha,tichondrius,2114,warrior,arms,117,64,53
Warried,sargeras,2113,warrior,arms,66,37,29
Tyranitar,proudmoore,2113,warrior,arms,90,50,40
Strife,sargeras,2112,warrior,arms,56,32,24
Menethíl,tichondrius,2110,warrior,arms,156,82,74
Warrgodlol,illidan,2109,warrior,arms,81,41,40
Nitron,dawnbringer,2108,warrior,arms,89,45,44
Vituu,sargeras,2107,warrior,arms,110,57,53
Edgarllama,sargeras,2103,warrior,arms,87,48,39
ßallinjr,illidan,2103,warrior,arms,90,46,44
Recksus,tichondrius,2102,warrior,arms,119,74,45
Huuzha,tichondrius,2102,warrior,arms,95,55,40
Nikomasked,kelthuzad,2100,warrior,arms,66,37,29
Foraken,dragonmaw,2100,warrior,arms,83,46,37
Bpdpacient,illidan,2097,warrior,arms,66,50,16
Schonkopf,moon-guard,2095,warrior,arms,102,52,50
Moxxyy,tichondrius,2092,warrior,arms,84,49,35
Río,area-52,2091,warrior,arms,212,105,107
Lyrics,tichondrius,2089,warrior,arms,108,57,51
Belàrià,tichondrius,2087,warrior,arms,97,55,42
Islonely,tichondrius,2082,warrior,arms,174,86,88
Hiness,tichondrius,2074,warrior,arms,198,107,91
Bigjbs,tichondrius,2062,warrior,arms,58,35,23
Anti,nerzhul,2052,warrior,arms,117,60,57
Hoboeddtwo,area-52,2048,warrior,arms,100,63,37
Salgadoryan,stormrage,2047,warrior,arms,232,118,114
Exespamtwo,area-52,2045,warrior,arms,206,112,94
Vø,agamaggan,2042,warrior,arms,219,111,108
Shadowstingg,tichondrius,2039,warrior,arms,101,48,53
Bighamm,tichondrius,2037,warrior,arms,77,46,31
Ironbad,sargeras,2033,warrior,arms,146,78,68
Orclog,illidan,2033,warrior,arms,72,37,35
Azaks,drakkari,2025,warrior,arms,64,36,28
Iløveaysla,azralon,2021,warrior,arms,96,47,49
Sharpen,tichondrius,2019,warrior,arms,72,35,37
Leans,sargeras,2017,warrior,arms,161,86,75
Coldlòve,akama,2017,warrior,arms,78,37,41
Bajheera,sargeras,2016,warrior,arms,59,34,25
Gyracide,area-52,2016,warrior,arms,101,49,52
Arthurjlol,tichondrius,2015,warrior,arms,78,36,42
Kalpok,tichondrius,2014,warrior,arms,88,48,40
Foxxfighter,thrall,2009,warrior,arms,110,57,53
Yeawen,tichondrius,2004,warrior,arms,66,35,31
Blackpînk,tichondrius,2002,warrior,arms,118,62,56
Überwältigen,thrall,2001,warrior,arms,71,34,37
Icanfixher,moon-guard,1998,warrior,arms,1044,525,519
Wutainx,tichondrius,1984,warrior,arms,60,33,27
Cloudxxy,kiljaeden,1983,warrior,arms,87,46,41
Dreamonn,illidan,1981,warrior,arms,78,36,42
Perfs,bleeding-hollow,1978,warrior,arms,120,61,59
Wtssap,ragnaros,1977,warrior,arms,66,36,30
Hoobaz,area-52,1977,warrior,arms,69,35,34
Boblennon,tichondrius,1977,warrior,arms,72,33,39
Sick,azralon,1973,warrior,arms,94,46,48
Fleegugeegu,malganis,1972,warrior,arms,132,71,61
Magnuszx,zuljin,1969,warrior,arms,48,29,19
Pdbq,tichondrius,1968,warrior,arms,114,59,55
Massacretko,area-52,1962,warrior,arms,88,50,38
Grantlol,illidan,1961,warrior,arms,102,55,47
Huugg,skullcrusher,1961,warrior,arms,195,103,92
Leoneceo,azralon,1960,warrior,arms,143,85,58
Kiggs,tichondrius,1959,warrior,arms,71,38,33
Kimchikick,tichondrius,1958,warrior,arms,282,149,133
Tryhardr,sargeras,1958,warrior,arms,285,150,135
Killborn,tichondrius,1954,warrior,arms,205,98,107
Dissector,ragnaros,1953,warrior,arms,72,38,34
Ddaÿ,tichondrius,1952,warrior,arms,183,88,95
Og,shattered-hand,1950,warrior,arms,65,36,29
Orangesoda,tichondrius,1948,warrior,arms,60,35,25
Belàriá,tichondrius,1948,warrior,arms,66,36,30
Bùbbájr,emerald-dream,1947,warrior,arms,72,35,37
Tigima,tichondrius,1943,warrior,arms,84,43,41
Bigdaddyxo,whisperwind,1943,warrior,arms,83,42,41
Yermalx,tichondrius,1941,warrior,arms,54,30,24
Ricorecklezz,korgath,1941,warrior,arms,72,33,39
Dawx,thrall,1939,warrior,arms,95,48,47
Bigladmike,sargeras,1937,warrior,arms,90,40,50
Ðìbs,moon-guard,1936,warrior,arms,77,39,38
Ruinenlust,zuljin,1935,warrior,arms,246,122,124
Zuckexe,illidan,1934,warrior,arms,82,47,35
Ignid,tichondrius,1934,warrior,arms,144,69,75
Nuqipq,tichondrius,1933,warrior,arms,171,85,86
Magicalol,tichondrius,1932,warrior,arms,102,55,47
Fanglerondz,area-52,1932,warrior,arms,53,28,25
Kylewalker,tichondrius,1931,warrior,arms,101,45,56
Yermalt,tichondrius,1928,warrior,arms,92,48,44
Bhaldur,sargeras,1926,warrior,arms,206,110,96
Meowdaa,proudmoore,1925,warrior,arms,102,45,57
Xdiarrhea,darkspear,1924,warrior,arms,80,46,34
Yamadaflash,tichondrius,1923,warrior,arms,73,38,35
Hookahboss,area-52,1923,warrior,arms,70,36,34
Ushouldnome,tichondrius,1921,warrior,arms,72,40,32
Arivok,hyjal,1919,warrior,arms,178,91,87
Archosaurs,illidan,1919,warrior,arms,190,94,96
Gormag,sargeras,1917,warrior,arms,60,35,25
Smorc,stormrage,1917,warrior,arms,60,31,29
Indominate,tichondrius,1916,warrior,arms,222,116,106
Wartrué,tichondrius,1916,warrior,arms,148,68,80
Paoxiaolol,tichondrius,1915,warrior,arms,85,54,31
Camloops,tichondrius,1914,warrior,arms,88,58,30
Bacchanal,illidan,1909,warrior,arms,251,124,127
Evach,kelthuzad,1908,warrior,arms,76,44,32
Thugdorr,sargeras,1908,warrior,arms,82,40,42
Razw,frostmourne,1906,warrior,arms,60,34,26
Solastro,malganis,1906,warrior,arms,74,35,39
Rólex,tichondrius,1905,warrior,arms,81,40,41
Goonassassin,tichondrius,1904,warrior,arms,82,44,38
Painqt,area-52,1903,warrior,arms,24,20,4
Isnlonely,tichondrius,1901,warrior,arms,42,26,16
Madblackcat,illidan,1900,warrior,arms,70,40,30
Raime,sargeras,1900,warrior,arms,69,35,34
Marfas,hyjal,1898,warrior,arms,169,91,78
Demetor,skywall,1897,warrior,arms,59,30,29
Comehnrfce,illidan,1897,warrior,arms,158,77,81
Kfcvivofifty,tichondrius,1894,warrior,arms,137,73,64
Lícketysplít,ysondre,1893,warrior,arms,52,29,23
Cutgirl,quelthalas,1893,warrior,arms,127,62,65
Kydrav,khadgar,1891,warrior,arms,52,28,24
Mítos,quelthalas,1891,warrior,arms,221,112,109
Joshiguy,area-52,1889,warrior,arms,78,36,42
Etchiasoko,gurubashi,1888,warrior,arms,48,33,15
Darrowshire,moon-guard,1888,warrior,arms,47,28,19
Meccsecute,tichondrius,1887,warrior,arms,162,86,76
Betterthanu,azralon,1885,warrior,arms,174,91,83
Anautumnday,tichondrius,1885,warrior,arms,54,28,26
Exëqt,nemesis,1884,warrior,arms,162,82,80
Ttvdjrio,area-52,1883,warrior,arms,36,22,14
Szw,tichondrius,1883,warrior,arms,322,176,146
Vatix,sargeras,1882,warrior,arms,56,31,25
Samuluo,tichondrius,1882,warrior,arms,84,40,44
Ochinching,tichondrius,1880,warrior,arms,84,39,45
Ggtk,tichondrius,1880,warrior,arms,72,33,39
Cosmicsteel,tichondrius,1879,warrior,arms,94,53,41
Paoxiaoevs,tichondrius,1879,warrior,arms,53,29,24
Tokugawaieya,nemesis,1878,warrior,arms,137,68,69
Drdalidou,zuljin,1878,warrior,arms,57,26,31
Kruma,stormscale,1876,warrior,arms,49,27,22
Destrey,emerald-dream,1874,warrior,arms,84,46,38
Executeqt,azralon,1874,warrior,arms,191,103,88
Matesan,jubeithos,1873,warrior,arms,60,34,26
Bigdad,whisperwind,1873,warrior,arms,66,36,30
Gorek,illidan,1873,warrior,arms,54,27,27
Blackpinkx,tichondrius,1873,warrior,arms,48,23,25
Kamoo,bonechewer,1871,warrior,arms,54,30,24
Vascoes,alleria,1870,warrior,arms,203,112,91
Hoboedd,area-52,1870,warrior,arms,130,62,68
Falindrah,moon-guard,1870,warrior,arms,74,34,40
Dawxw,thrall,1869,warrior,arms,59,30,29
Hildemir,tichondrius,1868,warrior,arms,148,83,65
Míasma,ragnaros,1868,warrior,arms,126,55,71
Rageroidz,area-52,1867,warrior,arms,102,54,48
Invalidoath,tichondrius,1867,warrior,arms,78,37,41
Sziw,tichondrius,1866,warrior,arms,393,199,194
Eqztw,tichondrius,1864,warrior,arms,149,90,59
Nuccî,azralon,1864,warrior,arms,110,57,53
Ælilblessedñ,azralon,1864,warrior,arms,219,110,109
Tyránny,stormrage,1864,warrior,arms,71,35,36
Chupelo,tichondrius,1863,warrior,arms,54,46,8
Natating,terenas,1860,warrior,arms,54,32,22
Venturexone,azralon,1860,warrior,arms,54,31,23
Peinx,ragnaros,1860,warrior,arms,77,42,35
Longzhan,tichondrius,1860,warrior,arms,156,76,80
Wutains,tichondrius,1858,warrior,arms,71,36,35
Pezy,frostmourne,1858,warrior,arms,120,59,61
Jgillz,sargeras,1857,warrior,arms,108,55,53
Sunamys,illidan,1857,warrior,arms,48,23,25
Grayview,sargeras,1856,warrior,arms,83,45,38
Sponsored,argent-dawn,1856,warrior,arms,71,33,38
Pooshshi,illidan,1855,warrior,arms,60,29,31
Tankypandazd,stormrage,1854,warrior,arms,329,161,168
Evnine,illidan,1853,warrior,arms,39,29,10
Bakadoom,illidan,1853,warrior,arms,90,53,37
Rafheeki,tichondrius,1853,warrior,arms,90,49,41
Mynameyaff,tichondrius,1852,warrior,arms,199,115,84
Brahmo,kelthuzad,1852,warrior,arms,66,38,28
Yamatoflash,tichondrius,1852,warrior,arms,136,65,71
Krunnknator,azralon,1851,warrior,arms,53,28,25
Baitson,hyjal,1851,warrior,arms,84,41,43
Ruzoc,frostmourne,1851,warrior,arms,112,50,62
Baultenaz,draenor,1850,warrior,arms,53,32,21
Goodlikeplay,ragnaros,1849,warrior,arms,60,34,26
Rynrak,tichondrius,1848,warrior,arms,171,90,81
Ginthril,magtheridon,1847,warrior,arms,218,116,102
Stáclin,ragnaros,1847,warrior,arms,702,373,329
Jikith,proudmoore,1847,warrior,arms,48,23,25
Bigbadbaka,thaurissan,1847,warrior,arms,78,36,42
Icon,tichondrius,1846,warrior,arms,46,35,11
Blozar,illidan,1846,warrior,arms,60,30,30
Randydanger,illidan,1845,warrior,arms,66,32,34
Elsamok,ragnaros,1844,warrior,arms,46,25,21
Wheyprotein,illidan,1844,warrior,arms,42,22,20
Battousai,kiljaeden,1844,warrior,arms,54,27,27
ßloodshed,frostmourne,1843,warrior,arms,67,44,23
Bladebuster,stormrage,1843,warrior,arms,66,36,30
Dabaojiàn,illidan,1843,warrior,arms,45,23,22
Dishonorkill,dentarg,1842,warrior,arms,43,27,16
Støne,draktharon,1842,warrior,arms,98,56,42
Sukonamí,draka,1842,warrior,arms,60,33,27
Pipedoctor,kelthuzad,1842,warrior,arms,60,32,28
Dackøzzt,quelthalas,1842,warrior,arms,42,21,21
Bigbait,hyjal,1842,warrior,arms,113,53,60
Barrbarossa,stormrage,1841,warrior,arms,277,139,138
Gryffith,bleeding-hollow,1841,warrior,arms,87,40,47
Ramzeé,kelthuzad,1840,warrior,arms,130,81,49
Mixx,bleeding-hollow,1840,warrior,arms,48,26,22
Narwhål,tichondrius,1840,warrior,arms,90,44,46
Franticlol,tichondrius,1840,warrior,arms,121,59,62
Paddyj,illidan,1838,warrior,arms,116,72,44
Uzza,stormrage,1838,warrior,arms,60,34,26
Draus,nemesis,1838,warrior,arms,119,67,52
Thlam,muradin,1838,warrior,arms,186,99,87
Ânticide,darkspear,1838,warrior,arms,84,43,41
Nativê,sargeras,1838,warrior,arms,90,43,47
Møcat,illidan,1837,warrior,arms,96,56,40
Hateuu,tichondrius,1837,warrior,arms,100,52,48
Nïcowo,ragnaros,1837,warrior,arms,164,84,80
Xiaoyujin,proudmoore,1837,warrior,arms,192,98,94
Adaana,kargath,1836,warrior,arms,119,70,49
Mantrà,skullcrusher,1836,warrior,arms,42,24,18
Imuti,illidan,1836,warrior,arms,102,54,48
Tuggernaut,khadgar,1835,warrior,arms,54,28,26
Croc,frostmourne,1834,warrior,arms,32,21,11
Yossarrion,frostwolf,1833,warrior,arms,48,25,23
Musclehead,moon-guard,1832,warrior,arms,141,83,58
Brilliance,suramar,1832,warrior,arms,60,30,30
Zindalari,frostmourne,1832,warrior,arms,337,166,171
Frëdsmite,kelthuzad,1831,warrior,arms,144,77,67
Zira,thrall,1831,warrior,arms,133,69,64
Trezturbo,tichondrius,1830,warrior,arms,216,110,106
Mercystaling,tichondrius,1829,warrior,arms,42,21,21
Damage,malganis,1829,warrior,arms,48,23,25
Lebanesemvp,tichondrius,1828,warrior,arms,153,79,74
Elpappa,tichondrius,1827,warrior,arms,48,42,6
Sanquelme,ragnaros,1827,warrior,arms,63,32,31
Jonathann,suramar,1827,warrior,arms,162,80,82
Blaíze,ragnaros,1826,warrior,arms,44,24,20
Rflexxo,tichondrius,1826,warrior,arms,60,32,28
Seblleddo,drakkari,1826,warrior,arms,66,34,32
Rebied,ragnaros,1826,warrior,arms,96,43,53
Ciz,emerald-dream,1825,warrior,arms,70,38,32
Warriorbloo,sargeras,1825,warrior,arms,72,39,33
Sandycrack,blackrock,1825,warrior,arms,60,30,30
Salthouse,sargeras,1824,warrior,arms,42,25,17
Ramparts,moon-guard,1824,warrior,arms,66,35,31
Threg,malganis,1824,warrior,arms,42,21,21
Këther,tichondrius,1824,warrior,arms,90,43,47
Calthi,moon-guard,1823,warrior,arms,125,75,50
Coby,wildhammer,1823,warrior,arms,65,36,29
Jokerkxs,tichondrius,1823,warrior,arms,53,29,24
Gbar,azralon,1823,warrior,arms,79,42,37
Laddèrx,area-52,1823,warrior,arms,83,42,41
Ksharer,tichondrius,1823,warrior,arms,95,45,50
Cyster,proudmoore,1822,warrior,arms,42,24,18
Soultarius,area-52,1822,warrior,arms,69,36,33
Kurï,duskwood,1822,warrior,arms,51,24,27
Edgárllama,sargeras,1821,warrior,arms,50,28,22
Chimbrila,azralon,1821,warrior,arms,132,64,68
Aggnilia,proudmoore,1820,warrior,arms,102,50,52
Honock,ragnaros,1820,warrior,arms,72,34,38
Abbastanza,tichondrius,1820,warrior,arms,89,42,47
Boomergodx,stormrage,1819,warrior,arms,96,56,40
Badboyjan,tichondrius,1818,warrior,arms,30,19,11
Nilah,tichondrius,1818,warrior,arms,46,26,20
Iwillcrushyo,darkspear,1818,warrior,arms,90,46,44
Nozmok,proudmoore,1818,warrior,arms,65,33,32
Zankets,area-52,1818,warrior,arms,171,82,89
Blakeb,area-52,1817,warrior,arms,60,36,24
Okita,bleeding-hollow,1817,warrior,arms,124,65,59
Aqee,illidan,1816,warrior,arms,133,91,42
Smashxx,moon-guard,1816,warrior,arms,95,55,40
Deadhate,sargeras,1816,warrior,arms,54,28,26
Missrend,hyjal,1816,warrior,arms,114,57,57
Berzek,area-52,1816,warrior,arms,59,23,36
Picarus,thunderhorn,1815,warrior,arms,72,40,32
Warney,tichondrius,1815,warrior,arms,65,35,30
Destram,kelthuzad,1815,warrior,arms,107,57,50
Skolltonxoxo,tichondrius,1815,warrior,arms,54,28,26
Mezdrì,quelthalas,1814,warrior,arms,72,46,26
Boxxyy,tichondrius,1814,warrior,arms,36,19,17
Strongbaby,tichondrius,1814,warrior,arms,90,45,45
Zapatín,quelthalas,1814,warrior,arms,67,32,35
Mäddôx,tichondrius,1814,warrior,arms,126,60,66
Sezariùs,darkspear,1813,warrior,arms,61,42,19
Elimination,tichondrius,1813,warrior,arms,41,27,14
Doominus,tichondrius,1813,warrior,arms,48,23,25
Vicioustalol,proudmoore,1812,warrior,arms,57,34,23
Everfury,tichondrius,1812,warrior,arms,227,111,116
Onebraincell,stormrage,1811,warrior,arms,48,34,14
Gohrgroc,quelthalas,1811,warrior,arms,54,33,21
Glocç,sargeras,1811,warrior,arms,112,59,53
Kigame,tichondrius,1811,warrior,arms,149,78,71
Knuklez,tichondrius,1811,warrior,arms,64,33,31
Vergerak,tichondrius,1811,warrior,arms,58,29,29
Dabdaddyy,dawnbringer,1811,warrior,arms,135,66,69
Darkduet,tichondrius,1811,warrior,arms,76,36,40
Kaimedran,moon-guard,1810,warrior,arms,48,30,18
Kriloth,frostmourne,1810,warrior,arms,50,30,20
Ppdub,zuljin,1810,warrior,arms,44,26,18
Bussupshut,kelthuzad,1810,warrior,arms,64,32,32
Ürürææae,sargeras,1810,warrior,arms,189,94,95
Mecc,tichondrius,1809,warrior,arms,107,53,54
Kazynn,tichondrius,1808,warrior,arms,45,30,15
Aavyrre,moon-guard,1808,warrior,arms,60,34,26
Crowsfall,aggramar,1808,warrior,arms,274,144,130
Smokes,sargeras,1808,warrior,arms,144,73,71
Roughknuckle,kelthuzad,1808,warrior,arms,53,25,28
Nanchobo,tichondrius,1808,warrior,arms,90,41,49
Spartus,kelthuzad,1808,warrior,arms,78,32,46
Zarrdune,darkspear,1807,warrior,arms,45,32,13
Crøm,tichondrius,1807,warrior,arms,48,29,19
Robodad,illidan,1807,warrior,arms,63,36,27
Dangerousd,kiljaeden,1807,warrior,arms,79,39,40
Bbyè,tichondrius,1806,warrior,arms,318,168,150
Chakø,tichondrius,1806,warrior,arms,155,81,74
Helrise,sargeras,1806,warrior,arms,54,27,27
Noodlezz,moon-guard,1806,warrior,arms,195,97,98
Grômm,tichondrius,1806,warrior,arms,89,42,47
Bradockqt,azralon,1806,warrior,arms,54,25,29
Kâdé,malganis,1805,warrior,arms,42,26,16
Daddyßigßeef,malganis,1805,warrior,arms,73,44,29
Sickwidit,kiljaeden,1805,warrior,arms,49,28,21
Rookìe,illidan,1805,warrior,arms,131,73,58
Chaytin,bleeding-hollow,1805,warrior,arms,74,41,33
Noblewinter,sargeras,1805,warrior,arms,36,19,17
Tenskj,proudmoore,1805,warrior,arms,57,30,27
Marvachi,moon-guard,1805,warrior,arms,290,151,139
Wootzu,zuljin,1805,warrior,arms,54,27,27
Mildlol,tichondrius,1804,warrior,arms,42,25,17
Cammerz,area-52,1804,warrior,arms,252,123,129
Bahlahkay,proudmoore,1804,warrior,arms,60,28,32
Trapbois,tichondrius,1803,warrior,arms,72,46,26
Benkenobi,khaz-modan,1803,warrior,arms,47,25,22
Spìke,thrall,1803,warrior,arms,213,105,108
Asstastic,bonechewer,1803,warrior,arms,160,77,83
Masumura,kaelthas,1803,warrior,arms,86,40,46
Storminshock,malganis,1802,warrior,arms,81,46,35
Ollena,wyrmrest-accord,1802,warrior,arms,90,46,44
Killimanjaro,aggramar,1802,warrior,arms,124,61,63
Illing,tichondrius,1801,warrior,arms,336,178,158
Rexqq,zuljin,1801,warrior,arms,42,22,20
Hìm,tichondrius,1801,warrior,arms,54,28,26
Danceylol,barthilas,1801,warrior,arms,130,65,65
Yagura,emerald-dream,1801,warrior,arms,76,37,39
Pacow,illidan,1800,warrior,arms,77,46,31
Zhangye,tichondrius,1800,warrior,arms,66,31,35
Misakizs,illidan,1800,warrior,arms,85,38,47
Kustybuckets,korgath,1798,warrior,arms,46,27,19
Cushman,tichondrius,1795,warrior,arms,204,110,94
Polydopam,tichondrius,1795,warrior,arms,196,101,95
Swifty,anvilmar,1792,warrior,arms,36,21,15
Tmjakeful,area-52,1789,warrior,arms,82,45,37
Debbie,bleeding-hollow,1789,warrior,arms,90,44,46
Scoopdog,stormrage,1789,warrior,arms,54,26,28
Heylol,blackhand,1788,warrior,arms,92,43,49
Melifehorde,tichondrius,1787,warrior,arms,48,25,23
Bigglyjoobs,tichondrius,1787,warrior,arms,78,38,40
Paletona,emerald-dream,1787,warrior,arms,67,29,38
Ashtonx,sargeras,1786,warrior,arms,78,40,38
Yonkerss,garrosh,1785,warrior,arms,101,55,46
Veilsidewar,kelthuzad,1784,warrior,arms,471,242,229
Staystrong,tichondrius,1783,warrior,arms,78,53,25
Marchdream,tichondrius,1783,warrior,arms,66,36,30
Qingmei,illidan,1782,warrior,arms,188,94,94
Ígnatius,malganis,1781,warrior,arms,48,31,17
Patwong,frostmourne,1781,warrior,arms,183,101,82
Bddg,tichondrius,1781,warrior,arms,142,77,65
Nänchobo,tichondrius,1781,warrior,arms,62,28,34
Samwolok,tichondrius,1780,warrior,arms,36,19,17
Slaten,barthilas,1780,warrior,arms,149,77,72
Crysis,malorne,1780,warrior,arms,84,42,42
Bloodbath,kiljaeden,1779,warrior,arms,53,28,25
Crushedlol,bleeding-hollow,1779,warrior,arms,48,25,23
Americanbull,moon-guard,1777,warrior,arms,84,40,44
Lôwkeyfix,illidan,1776,warrior,arms,156,79,77
Hbrandy,tichondrius,1773,warrior,arms,83,42,41
Undefied,moon-guard,1772,warrior,arms,51,29,22
Sharer,tichondrius,1772,warrior,arms,36,19,17
Urdem,moon-guard,1772,warrior,arms,209,110,99
Tankomode,area-52,1771,warrior,arms,48,22,26
Jadeemerald,kelthuzad,1768,warrior,arms,140,69,71
Warginger,malygos,1767,warrior,arms,65,36,29
Dalan,korgath,1766,warrior,arms,48,30,18
Purrava,tichondrius,1766,warrior,arms,76,41,35
Hanzmat,illidan,1766,warrior,arms,119,56,63
Notmagnusz,zuljin,1764,warrior,arms,42,20,22
Rageroidz,sargeras,1763,warrior,arms,54,27,27
Tehfury,area-52,1763,warrior,arms,57,26,31
Kaÿip,tichondrius,1762,warrior,arms,169,87,82
Madwolf,tichondrius,1762,warrior,arms,127,60,67
Pkkcrisis,archimonde,1762,warrior,arms,96,43,53
Jimjinjin,tichondrius,1761,warrior,arms,102,53,49
Niubzs,tichondrius,1761,warrior,arms,83,42,41
Beanbags,zangarmarsh,1761,warrior,arms,78,38,40
Ciskokido,illidan,1760,warrior,arms,189,100,89
Nuvola,tichondrius,1758,warrior,arms,90,47,43
Zacharyx,tichondrius,1756,warrior,arms,338,164,174
Jdubz,frostmourne,1755,warrior,arms,108,52,56
Alëwar,quelthalas,1754,warrior,arms,124,61,63
Geubsalx,tichondrius,1753,warrior,arms,42,29,13
Killbórn,azralon,1753,warrior,arms,36,24,12
Flexìn,tichondrius,1751,warrior,arms,60,29,31
Xîonorc,ragnaros,1750,warrior,arms,261,133,128
Warfuse,illidan,1749,warrior,arms,126,63,63
Gannïcûs,drakkari,1749,warrior,arms,113,56,57
Nànchobo,tichondrius,1749,warrior,arms,72,31,41
Anukhar,emerald-dream,1748,warrior,arms,124,71,53
Kames,garrosh,1748,warrior,arms,196,96,100
Cgelangdula,tichondrius,1748,warrior,arms,84,41,43
Thuykieu,barthilas,1747,warrior,arms,48,25,23
Cåfe,tichondrius,1746,warrior,arms,155,85,70
Unhòólyshy,ragnaros,1745,warrior,arms,96,53,43
Hèphæstús,sargeras,1745,warrior,arms,248,128,120
Catwar,tichondrius,1743,warrior,arms,66,38,28
Ogrelurd,malygos,1743,warrior,arms,42,22,20
Tùngrâu,frostmourne,1743,warrior,arms,240,122,118
Utxpia,azralon,1743,warrior,arms,59,26,33
Einnarr,tichondrius,1742,warrior,arms,31,19,12
Krokü,area-52,1742,warrior,arms,72,39,33
Andeadw,tichondrius,1740,warrior,arms,39,25,14
Purplepiper,ragnaros,1740,warrior,arms,55,30,25
Dogmar,staghelm,1740,warrior,arms,116,57,59
Xwoyer,malganis,1736,warrior,arms,136,72,64
Partyx,tichondrius,1736,warrior,arms,300,154,146
Irascible,stormrage,1736,warrior,arms,60,26,34
Darkirondork,bleeding-hollow,1734,warrior,arms,126,63,63
Exorbit,sargeras,1733,warrior,arms,105,58,47
Wulouzhan,tichondrius,1733,warrior,arms,203,107,96
Sseobeon,tichondrius,1733,warrior,arms,40,21,19
Nightheller,stormrage,1733,warrior,arms,78,33,45
Cokeroom,tichondrius,1732,warrior,arms,115,65,50
Andorane,bleeding-hollow,1732,warrior,arms,50,27,23
Odiseo,ragnaros,1731,warrior,arms,109,58,51
Uneasyw,tichondrius,1730,warrior,arms,77,38,39
Beanstrom,tichondrius,1729,warrior,arms,53,23,30
Genghiz,azralon,1727,warrior,arms,78,43,35
Battlestance,shadowsong,1727,warrior,arms,101,46,55
Nyloras,illidan,1724,warrior,arms,81,35,46
Relerocker,area-52,1722,warrior,arms,101,53,48
Swìll,illidan,1722,warrior,arms,36,18,18
Tutifrutiø,azralon,1722,warrior,arms,114,51,63
Tiredkev,tichondrius,1721,warrior,arms,124,64,60
Itsfall,tichondrius,1721,warrior,arms,42,21,21
Crownzz,tichondrius,1721,warrior,arms,36,18,18
Vadio,area-52,1721,warrior,arms,76,35,41
Brendanshwab,bleeding-hollow,1720,warrior,arms,95,46,49
Swordborne,moon-guard,1720,warrior,arms,100,46,54
Sparts,area-52,1719,warrior,arms,89,50,39
Painsoul,illidan,1719,warrior,arms,95,51,44
Ådderall,thrall,1718,warrior,arms,123,66,57
Soloqandy,moon-guard,1718,warrior,arms,78,33,45
Rocta,tichondrius,1717,warrior,arms,98,54,44
Afrikunt,tichondrius,1717,warrior,arms,72,38,34
Vvarríør,tichondrius,1716,warrior,arms,152,85,67
Wartruë,tichondrius,1716,warrior,arms,406,210,196
Arixos,frostmourne,1715,warrior,arms,54,31,23
Maddawgg,mugthol,1715,warrior,arms,70,36,34
Soníco,area-52,1715,warrior,arms,86,36,50
Milough,nesingwary,1714,warrior,arms,124,71,53
Basedaf,frostmourne,1713,warrior,arms,84,45,39
Legday,stormrage,1713,warrior,arms,42,18,24
Kurodia,quelthalas,1713,warrior,arms,90,37,53
Willcharge,tichondrius,1713,warrior,arms,92,35,57
Soyu,tichondrius,1712,warrior,arms,40,19,21
Kolosal,tichondrius,1711,warrior,arms,57,28,29
Illaedan,quelthalas,1711,warrior,arms,64,29,35
Austerö,nemesis,1709,warrior,arms,51,30,21
Slamuëladams,bleeding-hollow,1709,warrior,arms,60,27,33
Joebo,thrall,1708,warrior,arms,36,26,10
Smashies,kelthuzad,1708,warrior,arms,53,27,26
Tatërs,zuljin,1708,warrior,arms,72,36,36
Warbeshar,area-52,1708,warrior,arms,71,34,37
Gromkhor,tichondrius,1708,warrior,arms,72,30,42
Unkultom,stormrage,1707,warrior,arms,111,65,46
Musclecrowe,illidan,1707,warrior,arms,48,22,26
Infernae,emerald-dream,1706,warrior,arms,108,62,46
Wartrue,tichondrius,1706,warrior,arms,186,90,96
Ðíablø,tichondrius,1705,warrior,arms,146,78,68
Garrmash,hyjal,1705,warrior,arms,271,140,131
Furyslam,tichondrius,1705,warrior,arms,77,30,47
Akrono,sargeras,1704,warrior,arms,66,24,42
Zugprime,dragonmaw,1703,warrior,arms,48,26,22
Lexxsteele,mugthol,1702,warrior,arms,72,41,31
Nipnipz,kelthuzad,1702,warrior,arms,244,121,123
Thrator,wyrmrest-accord,1699,warrior,arms,42,23,19
Golem,frostmourne,1699,warrior,arms,99,51,48
Shrikewing,moon-guard,1698,warrior,arms,130,78,52
Cathillex,eonar,1698,warrior,arms,108,63,45
Mantistabogn,zuluhed,1698,warrior,arms,88,45,43
Ammeh,draka,1696,warrior,arms,48,28,20
Warkingx,tichondrius,1696,warrior,arms,36,18,18
Lanlorash,barthilas,1696,warrior,arms,36,18,18
Yueren,tichondrius,1694,warrior,arms,138,58,80
Tastý,moon-guard,1694,warrior,arms,54,22,32
Wolfcultist,moon-guard,1693,warrior,arms,78,35,43
Vainamóinen,kelthuzad,1692,warrior,arms,30,18,12
Microraccoon,tichondrius,1692,warrior,arms,44,24,20
Zaÿne,moon-guard,1692,warrior,arms,87,41,46
Xtrachrome,stormrage,1691,warrior,arms,42,24,18
Mõgorrin,area-52,1691,warrior,arms,90,47,43
Lunartime,sargeras,1691,warrior,arms,194,99,95
Blaiize,ragnaros,1691,warrior,arms,60,25,35
Zanjaro,thrall,1690,warrior,arms,101,47,54
Bozzy,illidan,1690,warrior,arms,77,34,43
Rogôsh,tichondrius,1689,warrior,arms,60,24,36
Nomequemee,quelthalas,1688,warrior,arms,66,35,31
Kilgorath,area-52,1688,warrior,arms,90,42,48
Nithix,sargeras,1687,warrior,arms,34,19,15
Jwz,tichondrius,1687,warrior,arms,54,24,30
Dukagã,tichondrius,1686,warrior,arms,42,26,16
Ikitee,zuljin,1686,warrior,arms,48,29,19
Raph,barthilas,1686,warrior,arms,42,25,17
Hoodrch,azralon,1686,warrior,arms,149,74,75
Ragemane,illidan,1685,warrior,arms,57,28,29
Sindevelor,tichondrius,1684,warrior,arms,95,53,42
Wurua,tichondrius,1684,warrior,arms,70,37,33
Lvlthreemage,fizzcrank,1684,warrior,arms,204,98,106
Salival,laughing-skull,1683,warrior,arms,113,58,55
Nerdstompêr,illidan,1683,warrior,arms,112,56,56
Zalakan,malganis,1682,warrior,arms,54,34,20
Shinigamix,steamwheedle-cartel,1682,warrior,arms,48,29,19
Bmo,chogall,1682,warrior,arms,147,74,73
Doublezuglol,tichondrius,1682,warrior,arms,300,150,150
Janjannodie,tichondrius,1682,warrior,arms,41,20,21
Franziskaner,frostmourne,1682,warrior,arms,210,102,108
Groundpound,sargeras,1681,warrior,arms,170,88,82
Stonesoup,kelthuzad,1680,warrior,arms,83,33,50
Gravewurm,twisting-nether,1679,warrior,arms,42,24,18
Johnburns,tichondrius,1678,warrior,arms,71,36,35
Kroni,ragnaros,1678,warrior,arms,42,21,21
Coisini,tichondrius,1677,warrior,arms,136,78,58
Swagramarr,area-52,1677,warrior,arms,93,51,42
Bigdumborc,tichondrius,1677,warrior,arms,48,25,23
Sherrywalken,azralon,1677,warrior,arms,205,105,100
Fartazz,zuljin,1677,warrior,arms,190,94,96
Gordofofo,azralon,1676,warrior,arms,50,29,21
Huacai,tichondrius,1676,warrior,arms,54,26,28
Zastrow,dalaran,1676,warrior,arms,114,48,66
Ichirisw,tichondrius,1675,warrior,arms,59,32,27
Bigdude,frostwolf,1675,warrior,arms,82,43,39
Heater,stormrage,1675,warrior,arms,95,46,49
Hofukumizuki,tichondrius,1675,warrior,arms,60,25,35
Shneakywar,frostmourne,1674,warrior,arms,96,54,42
Mitigated,bleeding-hollow,1673,warrior,arms,48,26,22
Savagetko,illidan,1673,warrior,arms,41,20,21
Necroticism,bleeding-hollow,1673,warrior,arms,42,20,22
Gomachi,moon-guard,1673,warrior,arms,88,39,49
Shazbøt,tichondrius,1672,warrior,arms,51,22,29
Kromgrall,tichondrius,1671,warrior,arms,167,79,88
Pusspeepers,kelthuzad,1671,warrior,arms,39,18,21
Potero,ragnaros,1670,warrior,arms,130,65,65
Memorylane,proudmoore,1670,warrior,arms,66,27,39
Dodgestrikes,khaz-modan,1669,warrior,arms,48,28,20
Zenchi,nerzhul,1669,warrior,arms,76,36,40
Brøly,sargeras,1669,warrior,arms,84,38,46
Amlahj,stormrage,1668,warrior,arms,53,30,23
Jubeithos,draktharon,1668,warrior,arms,137,69,68
Rage,uther,1668,warrior,arms,36,18,18
Metal,ragnaros,1667,warrior,arms,37,22,15
Woth,deathwing,1667,warrior,arms,41,21,20
Bainian,tichondrius,1666,warrior,arms,166,90,76
Wewladdie,malganis,1666,warrior,arms,46,23,23
Kamoo,gurubashi,1665,warrior,arms,60,46,14
Bilboswagins,agamaggan,1665,warrior,arms,47,25,22
Skollyd,tichondrius,1665,warrior,arms,62,30,32
Malice,frostmourne,1665,warrior,arms,102,44,58
Marcellùs,proudmoore,1664,warrior,arms,52,29,23
Bigbadaxe,sargeras,1664,warrior,arms,42,21,21
Beyblade,jubeithos,1663,warrior,arms,59,32,27
Legoyoda,zuljin,1663,warrior,arms,54,29,25
Jòrdy,moon-guard,1663,warrior,arms,94,48,46
Facefïster,malganis,1663,warrior,arms,101,47,54
Mightyduck,area-52,1663,warrior,arms,64,29,35
Ystkk,tichondrius,1662,warrior,arms,42,25,17
Husyuzhi,tichondrius,1662,warrior,arms,90,47,43
Ironboar,proudmoore,1662,warrior,arms,72,32,40
Omnismash,stormrage,1662,warrior,arms,50,22,28
Anticiðe,zuljin,1659,warrior,arms,42,22,20
Fumzxy,frostmourne,1659,warrior,arms,122,62,60
Abomlnatlon,tichondrius,1658,warrior,arms,54,25,29
Jeyvil,stormrage,1658,warrior,arms,46,20,26
Babyogre,thunderlord,1657,warrior,arms,77,42,35
Sheyshey,quelthalas,1656,warrior,arms,42,25,17
Bûm,sargeras,1656,warrior,arms,146,73,73
Twoone,illidan,1655,warrior,arms,61,29,32
Dpsmachinex,tichondrius,1654,warrior,arms,35,18,17
Sineatér,frostmourne,1654,warrior,arms,61,30,31
Maktarax,zuljin,1654,warrior,arms,40,18,22
Jehocc,tichondrius,1653,warrior,arms,44,21,23
Hugeflopper,malganis,1652,warrior,arms,38,22,16
Ragster,kelthuzad,1652,warrior,arms,123,64,59
Jdubzr,frostmourne,1651,warrior,arms,78,37,41
Smallraccoon,tichondrius,1651,warrior,arms,46,18,28
Spartiguss,emerald-dream,1650,warrior,arms,59,32,27
Creøn,silvermoon,1650,warrior,arms,68,35,33
Tepaste,ragnaros,1650,warrior,arms,101,50,51
Executing,emerald-dream,1649,warrior,arms,54,25,29
Phabian,frostmourne,1648,warrior,arms,41,22,19
Brianucky,thrall,1648,warrior,arms,101,48,53
Feiler,ragnaros,1648,warrior,arms,54,23,31
Slamedi,frostmourne,1647,warrior,arms,138,68,70
Dokgö,tichondrius,1647,warrior,arms,136,67,69
Omnïslash,tichondrius,1647,warrior,arms,54,25,29
Okanos,tichondrius,1647,warrior,arms,59,25,34
Ohanaglad,illidan,1646,warrior,arms,225,120,105
Droguernaut,tichondrius,1646,warrior,arms,59,30,29
Kralo,moon-guard,1646,warrior,arms,69,34,35
Raahjz,sargeras,1646,warrior,arms,114,54,60
Pachacutecxx,ragnaros,1645,warrior,arms,117,59,58
Fidel,blackrock,1645,warrior,arms,59,19,40
Lokityr,tichondrius,1644,warrior,arms,132,84,48
Gtr,illidan,1644,warrior,arms,80,48,32
Sayîon,zuljin,1644,warrior,arms,138,67,71
Kekbyemmr,illidan,1644,warrior,arms,48,22,26
Dukà,hyjal,1643,warrior,arms,78,44,34
Príde,kiljaeden,1643,warrior,arms,66,34,32
Ariést,bleeding-hollow,1643,warrior,arms,90,37,53
Theokos,dalaran,1642,warrior,arms,152,77,75
Onecho,tichondrius,1642,warrior,arms,59,29,30
Endstorm,proudmoore,1642,warrior,arms,84,41,43
Alator,gorgonnash,1641,warrior,arms,66,38,28
Trágus,azralon,1641,warrior,arms,113,64,49
Thulsan,emerald-dream,1641,warrior,arms,54,29,25
Michaelrossx,bloodhoof,1641,warrior,arms,309,158,151
Stattic,illidan,1641,warrior,arms,54,25,29
Ashbringera,proudmoore,1640,warrior,arms,267,140,127
Hickorie,sargeras,1640,warrior,arms,141,71,70
Tigris,nesingwary,1640,warrior,arms,42,21,21
Sonjeba,malganis,1640,warrior,arms,70,32,38
Rarefxck,tichondrius,1640,warrior,arms,90,39,51
Tarók,tichondrius,1639,warrior,arms,50,32,18
Mindgoblin,smolderthorn,1639,warrior,arms,106,54,52
Wilric,ragnaros,1638,warrior,arms,60,27,33
Wydstepwar,malganis,1637,warrior,arms,66,43,23
Izugyou,thrall,1637,warrior,arms,87,45,42
Creamcorn,bleeding-hollow,1636,warrior,arms,32,19,13
Fulaixiong,illidan,1636,warrior,arms,111,64,47
Koniq,azralon,1636,warrior,arms,35,20,15
Delphont,stormrage,1636,warrior,arms,113,60,53
Ngu,eldrethalas,1636,warrior,arms,53,26,27
Donivan,illidan,1636,warrior,arms,66,32,34
Slaught,kelthuzad,1636,warrior,arms,169,80,89
Sambojüjü,stormrage,1635,warrior,arms,30,18,12
Mavrus,malganis,1634,warrior,arms,36,19,17
Dáinsleif,frostmourne,1633,warrior,arms,60,33,27
Grimjouw,sargeras,1633,warrior,arms,42,23,19
Twilightrain,tichondrius,1633,warrior,arms,424,221,203
Swampsmash,barthilas,1633,warrior,arms,97,50,47
Azeryan,azralon,1633,warrior,arms,161,78,83
Bigbrick,stormrage,1632,warrior,arms,96,45,51
Gangdamn,frostmourne,1632,warrior,arms,167,72,95
Lexíbelle,korgath,1631,warrior,arms,36,21,15
Morboo,illidan,1631,warrior,arms,54,31,23
Medusaann,proudmoore,1631,warrior,arms,93,51,42
Devildriver,malganis,1631,warrior,arms,162,88,74
Túrin,quelthalas,1631,warrior,arms,144,77,67
Raveve,area-52,1631,warrior,arms,71,36,35
Spinspin,borean-tundra,1630,warrior,arms,70,37,33
Seukkang,tichondrius,1630,warrior,arms,74,37,37
Icrìtmypants,dragonmaw,1629,warrior,arms,48,27,21
Crusherr,earthen-ring,1629,warrior,arms,102,54,48
Furykets,proudmoore,1629,warrior,arms,38,19,19
Rhorix,korialstrasz,1629,warrior,arms,48,19,29
Khørnë,ragnaros,1628,warrior,arms,78,41,37
Tommytimbo,destromath,1628,warrior,arms,55,27,28
Alteryx,sargeras,1628,warrior,arms,75,36,39
Hõdõnsin,tichondrius,1628,warrior,arms,57,26,31
Vices,sargeras,1627,warrior,arms,24,17,7
Ikaikasan,illidan,1627,warrior,arms,32,22,10
Wârtorn,darkspear,1627,warrior,arms,42,22,20
Iwillcrushu,tichondrius,1627,warrior,arms,143,73,70
Çrusha,thrall,1627,warrior,arms,48,20,28
Coollelex,proudmoore,1626,warrior,arms,56,29,27
Løuriet,ragnaros,1626,warrior,arms,48,24,24
Kazecap,proudmoore,1626,warrior,arms,72,32,40
Gutting,moon-guard,1625,warrior,arms,36,18,18
Unitsven,barthilas,1625,warrior,arms,54,26,28
Xiaogigi,barthilas,1625,warrior,arms,53,25,28
Bøek,area-52,1625,warrior,arms,140,66,74
Duxor,sargeras,1625,warrior,arms,54,24,30
Brutallicus,kelthuzad,1625,warrior,arms,50,21,29
Wolfsrage,frostmourne,1625,warrior,arms,53,21,32
Broxigore,nerzhul,1625,warrior,arms,102,40,62
Elyll,tichondrius,1624,warrior,arms,47,28,19
Soupwar,moon-guard,1624,warrior,arms,177,90,87
Aumni,illidan,1624,warrior,arms,122,59,63
Faelash,stormrage,1624,warrior,arms,67,32,35
Gízzmo,tichondrius,1624,warrior,arms,42,20,22
Mirado,tichondrius,1624,warrior,arms,94,44,50
Dulapamore,tichondrius,1624,warrior,arms,61,28,33
Coltronitis,kelthuzad,1624,warrior,arms,54,23,31
Aventajadu,ragnaros,1624,warrior,arms,60,25,35
Kolossus,korgath,1624,warrior,arms,70,29,41
Ryängosling,azralon,1623,warrior,arms,168,92,76
Littlemieoo,sargeras,1623,warrior,arms,36,17,19
Galaxius,frostmane,1622,warrior,arms,43,24,19
Lindsanv,illidan,1622,warrior,arms,110,59,51
Larrylurker,proudmoore,1622,warrior,arms,119,62,57
Orahard,illidan,1622,warrior,arms,206,103,103
Cevene,sargeras,1622,warrior,arms,54,27,27
Brainhaze,tichondrius,1622,warrior,arms,64,29,35
Warsongwolf,tichondrius,1622,warrior,arms,98,42,56
Scotteh,eredar,1622,warrior,arms,54,21,33
Chadwarr,tichondrius,1621,warrior,arms,31,17,14
Kilroywar,tichondrius,1621,warrior,arms,42,22,20
Luosifen,tichondrius,1621,warrior,arms,323,169,154
Møønnlight,quelthalas,1621,warrior,arms,123,58,65
Stooklol,tichondrius,1621,warrior,arms,54,22,32
Angrymadman,mannoroth,1620,warrior,arms,48,25,23
Zekkenx,azjolnerub,1620,warrior,arms,60,26,34
Thezboy,tichondrius,1619,warrior,arms,100,56,44
Elchacál,ragnaros,1619,warrior,arms,90,43,47
Dicedup,stormrage,1619,warrior,arms,60,25,35
Onefourfifty,tichondrius,1618,warrior,arms,36,20,16
Flexid,tichondrius,1618,warrior,arms,105,55,50
Jrod,boulderfist,1618,warrior,arms,292,152,140
Lacorte,ragnaros,1618,warrior,arms,51,23,28
Szeo,tichondrius,1617,warrior,arms,24,17,7
Achilex,sargeras,1617,warrior,arms,127,66,61
Tatsuujin,sargeras,1617,warrior,arms,170,85,85
Wargasms,alterac-mountains,1617,warrior,arms,78,38,40
Thebigmala,azralon,1616,warrior,arms,55,32,23
Malathire,illidan,1615,warrior,arms,70,41,29
Bromro,tichondrius,1615,warrior,arms,190,92,98
Aliminar,zuluhed,1615,warrior,arms,36,17,19
Cleaveson,malganis,1615,warrior,arms,42,17,25
Rittylord,frostmourne,1614,warrior,arms,68,37,31
Shewar,ragnaros,1614,warrior,arms,81,36,45
Metalchileno,ragnaros,1614,warrior,arms,48,20,28
Myndon,area-52,1613,warrior,arms,37,27,10
Gáren,quelthalas,1613,warrior,arms,42,22,20
Automator,proudmoore,1613,warrior,arms,84,38,46
Kerrena,kelthuzad,1613,warrior,arms,48,18,30
Locorion,zuljin,1612,warrior,arms,42,22,20
Parren,bleeding-hollow,1612,warrior,arms,43,22,21
Chopz,sargeras,1612,warrior,arms,198,98,100
Thètrùth,duskwood,1612,warrior,arms,54,23,31
Sgtquad,illidan,1611,warrior,arms,39,19,20
Dankdad,garrosh,1611,warrior,arms,36,17,19
Matrias,tichondrius,1610,warrior,arms,177,96,81
Gwlade,sargeras,1610,warrior,arms,210,113,97
Littlevarian,ragnaros,1610,warrior,arms,78,39,39
Enzoh,zuljin,1610,warrior,arms,92,33,59
Nitechaos,thrall,1609,warrior,arms,37,23,14
Thebigsmash,tichondrius,1609,warrior,arms,42,23,19
Aloregorey,malganis,1609,warrior,arms,138,69,69
Morfoggore,ragnaros,1609,warrior,arms,98,49,49
Elpresador,dragonmaw,1608,warrior,arms,24,20,4
Lionbuster,ragnaros,1608,warrior,arms,48,31,17
Tommygunns,area-52,1608,warrior,arms,30,17,13
Methwitch,moon-guard,1608,warrior,arms,42,22,20
Rongor,drakkari,1608,warrior,arms,66,33,33
Wqnmlgbd,tichondrius,1608,warrior,arms,66,32,34
Malerick,illidan,1608,warrior,arms,110,51,59
Oxandrolona,ragnaros,1608,warrior,arms,98,40,58
Liltop,moon-guard,1607,warrior,arms,75,41,34
Delakos,frostmourne,1607,warrior,arms,114,60,54
Hanadaddy,frostmourne,1607,warrior,arms,384,194,190
Erradic,sargeras,1607,warrior,arms,60,30,30
Furydudz,tichondrius,1607,warrior,arms,42,21,21
Shaõkahn,nemesis,1607,warrior,arms,58,28,30
Ottø,area-52,1606,warrior,arms,72,40,32
Spartaur,tichondrius,1606,warrior,arms,90,48,42
Deadlypsycho,moonrunner,1606,warrior,arms,96,49,47
Druckerz,lightnings-blade,1606,warrior,arms,149,72,77
Auzery,emerald-dream,1606,warrior,arms,66,31,35
Soez,tichondrius,1605,warrior,arms,39,27,12
Palauu,tichondrius,1605,warrior,arms,30,18,12
Maraudertko,area-52,1605,warrior,arms,30,17,13
Myxz,barthilas,1605,warrior,arms,120,59,61
Ethuil,azshara,1605,warrior,arms,65,29,36
Boiled,sargeras,1604,warrior,arms,30,21,9
Dre,anubarak,1604,warrior,arms,77,39,38
Blodreìna,hyjal,1604,warrior,arms,109,53,56
Noelglz,quelthalas,1604,warrior,arms,62,29,33
Sayyaf,moon-guard,1604,warrior,arms,57,20,37
Killaen,thrall,1603,warrior,arms,48,29,19
Bleedx,bleeding-hollow,1603,warrior,arms,51,30,21
Astrowarrior,tichondrius,1603,warrior,arms,42,23,19
Yunnkel,ragnaros,1603,warrior,arms,146,77,69
Saleem,tichondrius,1603,warrior,arms,279,145,134
Zaràki,area-52,1603,warrior,arms,186,95,91
Powerbucks,tichondrius,1603,warrior,arms,44,22,22
Swólepetrol,tichondrius,1603,warrior,arms,48,23,25
Rhynehardt,scilla,1603,warrior,arms,132,62,70
Mahoogler,hakkar,1603,warrior,arms,66,31,35
Xradull,dawnbringer,1602,warrior,arms,146,85,61
Lorewow,quelthalas,1602,warrior,arms,36,19,17
Orçaos,ragnaros,1602,warrior,arms,198,101,97
Athalen,nemesis,1602,warrior,arms,88,39,49
Vodkalol,bleeding-hollow,1601,warrior,arms,42,27,15
Reave,wyrmrest-accord,1601,warrior,arms,78,42,36
Wowtightight,barthilas,1601,warrior,arms,54,29,25
Icarrus,frostmourne,1601,warrior,arms,83,42,41
Yarock,malganis,1601,warrior,arms,96,45,51
Valdius,bleeding-hollow,1601,warrior,arms,48,22,26
Raahjv,sargeras,1600,warrior,arms,71,43,28
Blowhoof,azralon,1600,warrior,arms,78,45,33
Sheriff,eldrethalas,1600,warrior,arms,54,31,23
Tatsuu,tichondrius,1600,warrior,arms,348,172,176
Notoxzy,tichondrius,1600,warrior,arms,66,30,36
Xwarz,drakkari,1600,warrior,arms,72,29,43
Draugus,azralon,1599,warrior,arms,58,31,27
Easylel,stormrage,1599,warrior,arms,36,19,17
Murderbell,tichondrius,1599,warrior,arms,126,59,67
Koberos,queldorei,1599,warrior,arms,66,26,40
Tríxman,moon-guard,1597,warrior,arms,124,73,51
Mimiovo,tichondrius,1597,warrior,arms,54,30,24
Fixafflock,bleeding-hollow,1596,warrior,arms,66,37,29
Grimus,bleeding-hollow,1594,warrior,arms,214,119,95
Vauquelin,tichondrius,1594,warrior,arms,78,41,37
Radagøn,drakkari,1594,warrior,arms,60,31,29
Chillimus,tichondrius,1592,warrior,arms,87,45,42
Zeroskill,cenarius,1592,warrior,arms,118,56,62
Yueqingshu,tichondrius,1591,warrior,arms,44,27,17
Vanexx,tichondrius,1590,warrior,arms,43,24,19
Cowstik,illidan,1590,warrior,arms,36,17,19
Mailløche,bleeding-hollow,1589,warrior,arms,84,49,35
Mistrpower,bleeding-hollow,1589,warrior,arms,78,44,34
Mcluffin,proudmoore,1588,warrior,arms,63,37,26
Scrümp,illidan,1588,warrior,arms,97,52,45
Bobu,area-52,1588,warrior,arms,63,33,30
Lootacris,illidan,1588,warrior,arms,67,34,33
Krbigcow,tichondrius,1588,warrior,arms,184,92,92
Sinsinatra,azralon,1587,warrior,arms,307,156,151
Galehna,ragnaros,1587,warrior,arms,71,31,40
Drjuicce,tichondrius,1585,warrior,arms,42,26,16
Bigdadde,tichondrius,1585,warrior,arms,42,23,19
Hyperdevil,ragnaros,1585,warrior,arms,35,19,16
Línfert,stormrage,1585,warrior,arms,223,115,108
Brokthard,ragnaros,1585,warrior,arms,36,18,18
Axazel,drakkari,1585,warrior,arms,228,111,117
Sheetss,tichondrius,1585,warrior,arms,54,26,28
Lostsummer,frostmourne,1585,warrior,arms,76,36,40
Nfx,tichondrius,1584,warrior,arms,36,22,14
Destructör,nagrand,1584,warrior,arms,93,49,44
Retrospex,black-dragonflight,1584,warrior,arms,42,20,22
Amberlym,ragnaros,1584,warrior,arms,82,39,43
Axellent,gilneas,1583,warrior,arms,76,46,30
Arkkaine,sargeras,1583,warrior,arms,129,63,66
Hugewarrior,area-52,1583,warrior,arms,43,20,23
Kàli,kiljaeden,1583,warrior,arms,60,26,34
Kahuwuna,tichondrius,1582,warrior,arms,42,21,21
Thombelina,malganis,1582,warrior,arms,59,25,34
Arctures,stormrage,1581,warrior,arms,98,60,38
Theseuse,tichondrius,1581,warrior,arms,46,26,20
Gosariw,tichondrius,1581,warrior,arms,69,31,38
Weildboy,undermine,1580,warrior,arms,167,88,79
Wóko,tichondrius,1580,warrior,arms,65,29,36
Martyferrari,black-dragonflight,1579,warrior,arms,126,70,56
Allyer,darkspear,1579,warrior,arms,90,45,45
Stick,tichondrius,1578,warrior,arms,125,64,61
Bestseason,kelthuzad,1577,warrior,arms,87,48,39
Rezzett,wyrmrest-accord,1577,warrior,arms,100,53,47
Orsex,ragnaros,1577,warrior,arms,56,29,27
Riled,barthilas,1577,warrior,arms,48,20,28
Därkzh,stormrage,1576,warrior,arms,30,20,10
Garrygarry,zuljin,1576,warrior,arms,62,37,25
Däwggy,tichondrius,1576,warrior,arms,84,44,40
Healthpoints,area-52,1576,warrior,arms,42,21,21
Pangus,uldum,1576,warrior,arms,48,20,28
Enilaw,proudmoore,1575,warrior,arms,98,57,41
Dashballer,sargeras,1575,warrior,arms,74,38,36
Montibello,moon-guard,1575,warrior,arms,267,132,135
Ôn,tichondrius,1575,warrior,arms,331,163,168
Juuz,frostmourne,1575,warrior,arms,114,56,58
Frosto,nemesis,1575,warrior,arms,58,28,30
Ferozan,azralon,1575,warrior,arms,42,20,22
Durres,tichondrius,1575,warrior,arms,42,19,23
Xunxie,tichondrius,1574,warrior,arms,178,91,87
Zszszszszs,tichondrius,1574,warrior,arms,78,38,40
Darthbleezy,malygos,1573,warrior,arms,42,22,20
Radox,tichondrius,1573,warrior,arms,78,40,38
Lehzera,frostmourne,1573,warrior,arms,131,65,66
Hydrolisk,area-52,1573,warrior,arms,144,71,73
Yiplaw,stormrage,1573,warrior,arms,40,19,21
Sinbãd,whisperwind,1573,warrior,arms,65,29,36
Yabahdabah,stormrage,1572,warrior,arms,93,49,44
Impactw,aerie-peak,1572,warrior,arms,133,67,66
Brayitann,illidan,1571,warrior,arms,61,35,26
Ashantia,stormrage,1571,warrior,arms,90,48,42
Raves,quelthalas,1571,warrior,arms,185,91,94
Thistleberry,aegwynn,1571,warrior,arms,41,19,22
Bryk,korgath,1570,warrior,arms,48,29,19
Aranacn,tichondrius,1570,warrior,arms,108,58,50
Kirown,quelthalas,1570,warrior,arms,157,72,85
Traumaj,bleeding-hollow,1569,warrior,arms,158,84,74
Uhttercow,tichondrius,1569,warrior,arms,90,46,44
Juicylumpia,moon-guard,1568,warrior,arms,48,31,17
Winota,frostmourne,1568,warrior,arms,42,24,18
Chadblade,tichondrius,1568,warrior,arms,66,34,32
Shain,thrall,1568,warrior,arms,54,24,30
Zuzi,korgath,1567,warrior,arms,55,35,20
Jaybers,malganis,1567,warrior,arms,59,31,28
Draenøk,tichondrius,1567,warrior,arms,58,21,37
Jeffo,amanthul,1566,warrior,arms,62,32,30
Ävdol,emerald-dream,1566,warrior,arms,164,81,83
Riggragg,tichondrius,1565,warrior,arms,48,28,20
Rapcherawr,illidan,1565,warrior,arms,51,28,23
Flexo,moon-guard,1564,warrior,arms,72,39,33
Karín,tichondrius,1564,warrior,arms,126,65,61
Madeus,quelthalas,1564,warrior,arms,66,25,41
Ralphy,lightnings-blade,1563,warrior,arms,94,53,41
Benjiprice,sargeras,1563,warrior,arms,64,32,32
Stoneshield,senjin,1563,warrior,arms,41,20,21
Tkazo,tichondrius,1563,warrior,arms,103,47,56
Wargasmx,tichondrius,1563,warrior,arms,99,43,56
Chogar,proudmoore,1562,warrior,arms,64,34,30
Chañ,tichondrius,1562,warrior,arms,36,19,17
Dewbae,whisperwind,1562,warrior,arms,119,60,59
Executie,duskwood,1562,warrior,arms,73,36,37
Vargoth,frostmourne,1560,warrior,arms,83,37,46
Banhaezzi,tichondrius,1559,warrior,arms,257,130,127
Ragetodef,illidan,1558,warrior,arms,114,56,58
Claymation,tichondrius,1558,warrior,arms,48,18,30
Cagrekk,wyrmrest-accord,1557,warrior,arms,89,48,41
Märkdî,quelthalas,1557,warrior,arms,201,106,95
Cronguin,bleeding-hollow,1557,warrior,arms,64,32,32
Timbermack,moon-guard,1556,warrior,arms,138,71,67
Arot,bloodhoof,1556,warrior,arms,225,113,112
Karlsabad,medivh,1556,warrior,arms,64,32,32
Amputate,akama,1556,warrior,arms,77,33,44
Firesx,tichondrius,1555,warrior,arms,36,20,16
Imakeupuddin,turalyon,1555,warrior,arms,36,19,17
Kenshín,ragnaros,1555,warrior,arms,221,106,115
Mardrex,korgath,1555,warrior,arms,48,21,27
Azindar,gilneas,1554,warrior,arms,42,21,21
Pocserwar,drakkari,1554,warrior,arms,42,19,23
Áustin,sargeras,1553,warrior,arms,36,21,15
Armamortal,kelthuzad,1553,warrior,arms,470,239,231
Chinamonk,tichondrius,1553,warrior,arms,142,71,71
Rushour,quelthalas,1553,warrior,arms,38,17,21
Wöûlöû,trollbane,1552,warrior,arms,42,23,19
Sosimi,tichondrius,1552,warrior,arms,109,57,52
Doves,tichondrius,1552,warrior,arms,57,28,29
Warriordanim,tichondrius,1552,warrior,arms,455,221,234
Aldérmach,zuljin,1551,warrior,arms,142,76,66
Slyith,shadow-council,1551,warrior,arms,132,70,62
Ctc,gilneas,1551,warrior,arms,48,25,23
Fracked,sargeras,1551,warrior,arms,69,34,35
Deathsteelw,zuljin,1551,warrior,arms,66,31,35
Warfeno,malganis,1551,warrior,arms,48,19,29
Ghóstx,alleria,1550,warrior,arms,53,37,16
Kastenz,frostmourne,1550,warrior,arms,109,54,55
Jenkin,korgath,1550,warrior,arms,64,30,34
Rèckit,thrall,1550,warrior,arms,48,21,27
Lykemore,moon-guard,1549,warrior,arms,76,43,33
Kilgrah,emerald-dream,1549,warrior,arms,70,34,36
Clutchclutz,spirestone,1549,warrior,arms,47,22,25
Hannibalkng,zangarmarsh,1549,warrior,arms,64,27,37
Azziiqt,stormrage,1548,warrior,arms,24,18,6
Anabolics,bleeding-hollow,1548,warrior,arms,36,19,17
Dreadedbeef,area-52,1548,warrior,arms,54,28,26
Narkduke,onyxia,1548,warrior,arms,42,20,22
Bebob,tichondrius,1548,warrior,arms,106,50,56
Itskel,stormreaver,1546,warrior,arms,50,26,24
Rainingblooð,blackrock,1546,warrior,arms,120,58,62
Dropopen,tichondrius,1546,warrior,arms,122,55,67
Bjjorm,malganis,1546,warrior,arms,74,33,41
Abidis,tichondrius,1546,warrior,arms,63,23,40
Kénjar,tichondrius,1545,warrior,arms,54,32,22
Rathty,shadowsong,1545,warrior,arms,54,30,24
Nyle,zuljin,1545,warrior,arms,136,71,65
Ðrex,nagrand,1545,warrior,arms,128,66,62
Brostormftw,shattered-halls,1544,warrior,arms,72,43,29
Athin,azralon,1544,warrior,arms,126,67,59
Sulze,tichondrius,1544,warrior,arms,413,202,211
Zyppz,sargeras,1543,warrior,arms,38,26,12
Grumtak,azralon,1543,warrior,arms,59,30,29
Demonsterz,ravenholdt,1543,warrior,arms,42,18,24
Ogeezus,crushridge,1542,warrior,arms,77,39,38
Tkavalan,proudmoore,1542,warrior,arms,77,36,41
Know,anetheron,1542,warrior,arms,104,48,56
Warrbull,spirestone,1542,warrior,arms,42,19,23
Danield,illidan,1542,warrior,arms,60,23,37
Najarath,barthilas,1541,warrior,arms,77,46,31
Tzumugi,ragnaros,1541,warrior,arms,527,264,263
Aragorn,mannoroth,1541,warrior,arms,42,21,21
Wingedknight,malganis,1541,warrior,arms,151,73,78
Gorez,ragnaros,1541,warrior,arms,60,28,32
Tmhinfen,tichondrius,1540,warrior,arms,28,17,11
Flintish,moon-guard,1540,warrior,arms,83,49,34
Warriorbod,area-52,1540,warrior,arms,63,36,27
Macray,proudmoore,1540,warrior,arms,35,20,15
Nagaboner,frostmourne,1540,warrior,arms,176,96,80
Nazraill,aggramar,1540,warrior,arms,99,49,50
Ángron,ragnaros,1539,warrior,arms,154,82,72
Hônor,ragnaros,1539,warrior,arms,77,35,42
Chestbrook,icecrown,1538,warrior,arms,30,18,12
Slitt,azralon,1538,warrior,arms,78,42,36
Xkickaxes,tichondrius,1538,warrior,arms,101,48,53
Guerra,goldrinn,1538,warrior,arms,72,34,38
Bwandøn,moon-guard,1538,warrior,arms,88,41,47
Cowtipin,illidan,1538,warrior,arms,110,50,60
Ÿüñí,tichondrius,1538,warrior,arms,99,41,58
Nanaru,tichondrius,1538,warrior,arms,77,30,47
Tansozzi,tichondrius,1537,warrior,arms,48,27,21
Loktarrogar,illidan,1536,warrior,arms,72,41,31
Gavfields,tichondrius,1536,warrior,arms,36,17,19
Bigdickgomez,frostmourne,1535,warrior,arms,47,24,23
Kpc,tichondrius,1535,warrior,arms,116,46,70
Joaododrøp,azralon,1534,warrior,arms,30,18,12
Zeroaxx,ragnaros,1534,warrior,arms,127,75,52
Mortyy,stormrage,1534,warrior,arms,43,23,20
Themudcrab,frostmourne,1534,warrior,arms,345,169,176
Twshizgd,proudmoore,1534,warrior,arms,193,91,102
Burstmacro,garrosh,1534,warrior,arms,60,26,34
Torv,frostmourne,1533,warrior,arms,48,20,28
Hydranoid,ragnaros,1532,warrior,arms,157,73,84
Jire,shadowmoon,1531,warrior,arms,40,21,19
Byung,terenas,1531,warrior,arms,245,122,123
Warthok,turalyon,1531,warrior,arms,86,41,45
Downblow,tichondrius,1531,warrior,arms,107,50,57
Anukhos,emerald-dream,1530,warrior,arms,30,16,14
Ryen,malganis,1530,warrior,arms,141,65,76
Legnar,malganis,1530,warrior,arms,96,44,52
Maddorlon,thrall,1530,warrior,arms,59,27,32
Ragnarloðbró,tichondrius,1530,warrior,arms,78,32,46
Bozwar,tichondrius,1529,warrior,arms,78,42,36
Marzse,sargeras,1529,warrior,arms,54,23,31
Ratfang,zuljin,1528,warrior,arms,28,17,11
Stinkyw,tichondrius,1528,warrior,arms,49,27,22
Meatbone,emerald-dream,1528,warrior,arms,113,61,52
Zenrrei,ragnaros,1528,warrior,arms,229,116,113
Marsoc,burning-legion,1528,warrior,arms,69,33,36
Belldor,barthilas,1528,warrior,arms,126,58,68
Barbatenaz,ragnaros,1528,warrior,arms,76,34,42
Malatov,moon-guard,1527,warrior,arms,56,33,23
Termana,azjolnerub,1527,warrior,arms,30,16,14
Imyourdaddy,chogall,1527,warrior,arms,40,21,19
Volstraya,frostmourne,1527,warrior,arms,43,22,21
Skorgebt,thrall,1526,warrior,arms,89,46,43
Slamspam,the-underbog,1526,warrior,arms,31,16,15
Zaddybear,aerie-peak,1526,warrior,arms,45,23,22
Bìgpoppapump,tichondrius,1526,warrior,arms,195,95,100
Oxia,quelthalas,1526,warrior,arms,151,69,82
Zzchocolate,illidan,1526,warrior,arms,120,53,67
Vecira,moon-guard,1525,warrior,arms,53,28,25
Saelaa,azralon,1525,warrior,arms,36,16,20
Flynnstone,tichondrius,1524,warrior,arms,30,19,11
Dtitanzz,quelthalas,1524,warrior,arms,57,27,30
Executty,stormrage,1524,warrior,arms,36,17,19
Doubleturbo,illidan,1524,warrior,arms,85,40,45
Jottman,tichondrius,1524,warrior,arms,226,104,122
Ôxluck,ragnaros,1524,warrior,arms,126,54,72
Beifong,barthilas,1524,warrior,arms,47,17,30
Urion,illidan,1523,warrior,arms,30,17,13
Mortawar,tichondrius,1523,warrior,arms,116,64,52
Iigotu,tichondrius,1523,warrior,arms,307,155,152
Varenkä,drakkari,1523,warrior,arms,36,16,20
Gwàr,kiljaeden,1522,warrior,arms,42,22,20
Arx,frostwolf,1522,warrior,arms,273,136,137
Tasilia,tichondrius,1522,warrior,arms,42,19,23
Sejac,moon-guard,1522,warrior,arms,36,16,20
Genøcide,terenas,1522,warrior,arms,54,23,31
Nayuta,area-52,1521,warrior,arms,66,33,33
Radamäntthys,nemesis,1521,warrior,arms,129,59,70
Morioso,boulderfist,1521,warrior,arms,127,56,71
Himurinhax,stormrage,1520,warrior,arms,36,20,16
Doucherocket,kelthuzad,1520,warrior,arms,30,16,14
Kimed,nordrassil,1520,warrior,arms,30,16,14
Spartacam,frostmourne,1520,warrior,arms,166,83,83
Renger,garona,1520,warrior,arms,42,20,22
Randysnapper,zuljin,1519,warrior,arms,24,16,8
Dæthtønes,tichondrius,1519,warrior,arms,180,92,88
Gorgan,ragnaros,1519,warrior,arms,102,50,52
Venecus,stormrage,1519,warrior,arms,42,20,22
Rukittenme,area-52,1519,warrior,arms,72,29,43
Ártorius,sargeras,1518,warrior,arms,138,72,66
Andrès,sargeras,1518,warrior,arms,269,130,139
Dudupápá,tichondrius,1518,warrior,arms,75,35,40
Malakaimapk,korgath,1517,warrior,arms,30,16,14
Sharpen,terokkar,1516,warrior,arms,36,20,16
Naejwar,ragnaros,1516,warrior,arms,222,113,109
Bobandi,tichondrius,1516,warrior,arms,67,34,33
Damiansuv,moon-guard,1516,warrior,arms,153,73,80
Pigzig,nagrand,1516,warrior,arms,66,30,36
Evoltoad,illidan,1516,warrior,arms,77,28,49
Dramalas,lightbringer,1515,warrior,arms,329,165,164
Awm,wyrmrest-accord,1515,warrior,arms,56,26,30
Ðirtyboy,tichondrius,1515,warrior,arms,78,35,43
Óðinnodin,tichondrius,1515,warrior,arms,36,16,20
Boypartz,onyxia,1515,warrior,arms,78,31,47
Warsins,bonechewer,1515,warrior,arms,57,22,35
Velicah,stormrage,1514,warrior,arms,30,16,14
Lòrdnasher,tichondrius,1514,warrior,arms,151,80,71
Bugsberserk,tichondrius,1514,warrior,arms,140,68,72
Môrôdin,area-52,1514,warrior,arms,120,55,65
Homebody,uldaman,1513,warrior,arms,44,25,19
Bvrst,area-52,1513,warrior,arms,30,16,14
Dtrumpo,moon-guard,1513,warrior,arms,52,27,25
Achillescool,tichondrius,1513,warrior,arms,214,107,107
Sakutarou,lightbringer,1513,warrior,arms,325,156,169
Elevate,whisperwind,1513,warrior,arms,36,16,20
Millywhopz,thrall,1512,warrior,arms,60,30,30
Bullmastic,deathwing,1512,warrior,arms,52,26,26
Sayuri,frostmourne,1511,warrior,arms,48,26,22
Slamthony,sargeras,1511,warrior,arms,81,41,40
Raala,cenarius,1510,warrior,arms,51,34,17
Shadderaz,sargeras,1510,warrior,arms,97,49,48
Wonderjack,akama,1510,warrior,arms,52,26,26
Draganovich,aerie-peak,1509,warrior,arms,60,33,27
Darkdargon,tichondrius,1509,warrior,arms,48,22,26
Karrosh,agamaggan,1509,warrior,arms,42,18,24
Himer,tichondrius,1509,warrior,arms,48,20,28
Velarrine,illidan,1508,warrior,arms,119,57,62
Ryank,bonechewer,1508,warrior,arms,54,25,29
Kissmyaxê,tichondrius,1508,warrior,arms,63,28,35
Blíding,ragnaros,1508,warrior,arms,88,33,55
Mewpaw,azralon,1507,warrior,arms,42,24,18
Machete,nemesis,1507,warrior,arms,76,40,36
Rokgral,tichondrius,1507,warrior,arms,104,53,51
Nornogin,tichondrius,1507,warrior,arms,81,38,43
Hashwar,area-52,1507,warrior,arms,36,16,20
Geñeralguap,tichondrius,1506,warrior,arms,208,110,98
Jäÿ,proudmoore,1506,warrior,arms,87,44,43
Asäel,ragnaros,1506,warrior,arms,83,40,43
Metalbiff,bleeding-hollow,1506,warrior,arms,36,16,20
Etothed,stormrage,1506,warrior,arms,48,19,29
Zolotrollo,area-52,1505,warrior,arms,24,16,8
Zewl,barthilas,1505,warrior,arms,42,22,20
Testflight,tichondrius,1505,warrior,arms,84,41,43
Volkz,ragnaros,1505,warrior,arms,118,57,61
Eronara,emerald-dream,1505,warrior,arms,127,61,66
Katre,malorne,1505,warrior,arms,121,55,66
Kwelve,proudmoore,1504,warrior,arms,60,27,33
Wouili,zuljin,1503,warrior,arms,97,59,38
Darkmagno,ragnaros,1503,warrior,arms,54,24,30
Mokron,moon-guard,1503,warrior,arms,103,44,59
Renegón,ragnaros,1502,warrior,arms,75,40,35
Arthwarf,proudmoore,1502,warrior,arms,126,63,63
Drob,malganis,1502,warrior,arms,96,47,49
Broodthorne,tichondrius,1502,warrior,arms,44,21,23
Baciless,illidan,1502,warrior,arms,79,35,44
Hariban,sargeras,1502,warrior,arms,143,63,80
Slvrback,stormrage,1501,warrior,arms,30,16,14
Cúdi,darkspear,1501,warrior,arms,54,26,28
Báhamut,area-52,1501,warrior,arms,106,50,56
Rallyingcry,illidan,1500,warrior,arms,30,18,12
Khargrok,ragnaros,1500,warrior,arms,78,39,39
Azkaosa,tichondrius,1500,warrior,arms,59,27,32
Yawdamper,illidan,1499,warrior,arms,48,29,19
Nyuk,tichondrius,1499,warrior,arms,95,51,44
Torzzen,azralon,1499,warrior,arms,147,74,73
Muskratz,tichondrius,1499,warrior,arms,223,112,111
Hopar,illidan,1498,warrior,arms,161,89,72
Akkar,gilneas,1497,warrior,arms,99,53,46
Stickybladez,frostmourne,1497,warrior,arms,160,80,80
Konraad,amanthul,1497,warrior,arms,66,33,33
Lilreese,tichondrius,1497,warrior,arms,74,36,38
Rohta,kiljaeden,1497,warrior,arms,125,60,65
Beatstickz,malganis,1497,warrior,arms,36,16,20
Tcchmm,akama,1497,warrior,arms,64,28,36
Habakkos,firetree,1496,warrior,arms,72,39,33
Crustyfella,stormrage,1496,warrior,arms,52,28,24
Lilmerman,laughing-skull,1496,warrior,arms,89,45,44
Orgnosh,tichondrius,1496,warrior,arms,114,56,58
Titanzz,quelthalas,1496,warrior,arms,83,39,44
Outo,stormrage,1496,warrior,arms,35,16,19
Phojjangz,tichondrius,1496,warrior,arms,46,21,25
Noitrak,azralon,1496,warrior,arms,51,21,30
Skronkar,illidan,1495,warrior,arms,180,89,91
Kréix,sargeras,1495,warrior,arms,98,48,50
Wo,alleria,1495,warrior,arms,42,19,23
Roitty,proudmoore,1494,warrior,arms,93,50,43
Bowlingball,darkspear,1494,warrior,arms,54,26,28
Crowncrumpah,illidan,1494,warrior,arms,60,28,32
Liinx,tichondrius,1493,warrior,arms,42,26,16
Gale,kelthuzad,1493,warrior,arms,42,24,18
Datneck,tichondrius,1493,warrior,arms,30,16,14
Slammshady,tichondrius,1493,warrior,arms,45,23,22
Metalwarr,illidan,1493,warrior,arms,71,35,36
Bâlthor,quelthalas,1492,warrior,arms,190,92,98
Aggorak,illidan,1492,warrior,arms,36,16,20
Broxii,frostmourne,1491,warrior,arms,36,20,16
Dâvo,area-52,1491,warrior,arms,90,43,47
Sonicboom,whisperwind,1491,warrior,arms,42,16,26
Balroge,illidan,1490,warrior,arms,60,30,30
Nabiouscx,malganis,1490,warrior,arms,113,54,59
Roidraging,thunderlord,1490,warrior,arms,149,66,83
Theisius,tichondrius,1490,warrior,arms,75,33,42
Flavor,aegwynn,1490,warrior,arms,73,31,42
Casablancas,azralon,1490,warrior,arms,48,17,31
Velarael,stormscale,1489,warrior,arms,58,29,29
Demolishier,quelthalas,1489,warrior,arms,54,26,28
Jeffe,khadgar,1489,warrior,arms,98,47,51
Dcashmoney,moon-guard,1489,warrior,arms,84,38,46
Taywar,sargeras,1488,warrior,arms,60,29,31
Painfulsin,tichondrius,1488,warrior,arms,66,31,35
Dragvovar,thrall,1488,warrior,arms,42,16,26
Gahju,area-52,1487,warrior,arms,36,20,16
Suntore,malganis,1487,warrior,arms,30,16,14
Dajva,ragnaros,1487,warrior,arms,90,41,49
Zänn,dalaran,1486,warrior,arms,60,38,22
Linga,bleeding-hollow,1486,warrior,arms,36,19,17
Filthyrandy,proudmoore,1486,warrior,arms,54,28,26
Sìkarío,illidan,1486,warrior,arms,60,31,29
Zxlor,tichondrius,1486,warrior,arms,60,26,34
Gruula,frostmourne,1485,warrior,arms,51,29,22
Lsays,tichondrius,1485,warrior,arms,180,91,89
Karnakk,thrall,1485,warrior,arms,41,16,25
Cjz,tichondrius,1484,warrior,arms,63,38,25
Tÿ,haomarush,1484,warrior,arms,86,47,39
Iskandr,amanthul,1484,warrior,arms,33,17,16
Aloloco,ragnaros,1484,warrior,arms,84,42,42
Oppressor,darkspear,1484,warrior,arms,112,54,58
Wmf,frostmourne,1484,warrior,arms,96,44,52
Danzohh,dalaran,1484,warrior,arms,45,18,27
Braxin,dalaran,1483,warrior,arms,77,42,35
Vayper,illidan,1483,warrior,arms,95,50,45
Dji,tichondrius,1483,warrior,arms,444,224,220
Gulgosh,stormscale,1483,warrior,arms,107,51,56
Earlsiriuz,tichondrius,1483,warrior,arms,51,23,28
Amaragos,tichondrius,1482,warrior,arms,74,44,30
Slimmjim,malganis,1482,warrior,arms,211,116,95
Monstersynde,nemesis,1482,warrior,arms,149,73,76
Islik,stormrage,1482,warrior,arms,73,35,38
Bütton,sargeras,1482,warrior,arms,61,27,34
Orthopedic,tichondrius,1480,warrior,arms,48,28,20
Magnis,stormrage,1480,warrior,arms,72,33,39
Mikero,terenas,1480,warrior,arms,36,16,20
Leapgodx,drenden,1479,warrior,arms,48,26,22
Hrothtyr,kelthuzad,1479,warrior,arms,42,20,22
Pachacutec,area-52,1479,warrior,arms,122,55,67
Endurefen,sargeras,1478,warrior,arms,42,23,19
Fûry,barthilas,1478,warrior,arms,60,30,30
Aparentlynot,shattered-hand,1478,warrior,arms,36,17,19
Flèx,stormrage,1478,warrior,arms,36,17,19
Perrin,burning-blade,1478,warrior,arms,84,39,45
Piimpmaster,malganis,1478,warrior,arms,60,25,35
Bêelzebub,aerie-peak,1478,warrior,arms,54,20,34
Avalisk,balnazzar,1477,warrior,arms,39,19,20
Visenyä,mannoroth,1477,warrior,arms,70,30,40
Icestormray,illidan,1477,warrior,arms,42,17,25
Undesmadre,ragnaros,1476,warrior,arms,36,18,18
Ginormous,rivendare,1476,warrior,arms,93,45,48
Rainzy,stormrage,1476,warrior,arms,36,16,20
Wolfsbanne,khadgar,1475,warrior,arms,171,90,81
Ewenki,tichondrius,1475,warrior,arms,298,151,147
Crystaríum,stormrage,1475,warrior,arms,92,43,49
Fraccx,area-52,1475,warrior,arms,88,38,50
Weedow,proudmoore,1474,warrior,arms,29,16,13
Rimz,sargeras,1474,warrior,arms,40,21,19
Gerztok,aggramar,1474,warrior,arms,58,28,30
Johnnysmizle,kelthuzad,1474,warrior,arms,96,41,55
Alejandrica,ragnaros,1474,warrior,arms,66,27,39
Tharsìs,emerald-dream,1474,warrior,arms,67,24,43
Saîyanroyce,barthilas,1473,warrior,arms,137,69,68
Peacemake,tichondrius,1473,warrior,arms,52,26,26
Aión,nemesis,1472,warrior,arms,30,22,8
Dotlom,wyrmrest-accord,1472,warrior,arms,225,109,116
Eihn,quelthalas,1472,warrior,arms,59,28,31
Noyel,tichondrius,1472,warrior,arms,129,60,69
Dazfotm,tichondrius,1472,warrior,arms,41,16,25
Ryukendo,stormrage,1471,warrior,arms,36,24,12
Holddapoop,area-52,1471,warrior,arms,78,43,35
Neotico,quelthalas,1471,warrior,arms,62,27,35
Szee,tichondrius,1470,warrior,arms,29,16,13
Ghostmourne,ragnaros,1470,warrior,arms,334,168,166
Potalot,draenor,1469,warrior,arms,30,16,14
Baul,area-52,1469,warrior,arms,59,31,28
Asgér,quelthalas,1469,warrior,arms,141,62,79
Smokedaperc,illidan,1468,warrior,arms,84,44,40
Gnizzmo,sargeras,1468,warrior,arms,65,30,35
Thunderbash,thrall,1468,warrior,arms,52,22,30
Thurman,spirestone,1467,warrior,arms,44,26,18
Malvadin,stormrage,1467,warrior,arms,87,39,48
Jurojin,tichondrius,1466,warrior,arms,29,16,13
Overswing,tichondrius,1466,warrior,arms,119,53,66
Bestid,tichondrius,1465,warrior,arms,60,33,27
Warrimon,nemesis,1465,warrior,arms,78,35,43
Thedin,gorefiend,1465,warrior,arms,84,36,48
Torimzor,nemesis,1464,warrior,arms,138,74,64
Rokó,illidan,1464,warrior,arms,94,48,46
Bricksquad,mannoroth,1464,warrior,arms,57,25,32
Joesbàr,tichondrius,1464,warrior,arms,78,34,44
Ikrad,quelthalas,1463,warrior,arms,129,67,62
Rampage,azralon,1463,warrior,arms,178,90,88
Wingaling,malganis,1463,warrior,arms,84,33,51
Tekaiatsu,tichondrius,1462,warrior,arms,107,61,46
Vyndronor,illidan,1462,warrior,arms,96,52,44
Dou,barthilas,1462,warrior,arms,41,22,19
Duroxzee,area-52,1462,warrior,arms,187,100,87
Struka,drakkari,1462,warrior,arms,42,20,22
Sertss,proudmoore,1462,warrior,arms,71,30,41
Áres,malganis,1461,warrior,arms,304,159,145
Zhânshen,tichondrius,1461,warrior,arms,72,37,35
Ihadnochoice,barthilas,1461,warrior,arms,256,126,130
Peepeeboi,blackrock,1460,warrior,arms,58,34,24
Agresvnapkin,dalaran,1460,warrior,arms,32,17,15
Xforcewar,zuljin,1460,warrior,arms,66,33,33
Deáthknight,shuhalo,1460,warrior,arms,65,32,33
Warrgawd,illidan,1460,warrior,arms,149,72,77
Akaius,ragnaros,1460,warrior,arms,78,36,42
Lyliumn,frostmourne,1459,warrior,arms,123,59,64
Ichigö,gundrak,1459,warrior,arms,63,29,34
Kzw,illidan,1459,warrior,arms,35,16,19
Armsprotfury,tichondrius,1458,warrior,arms,63,37,26
Riskydevil,azralon,1458,warrior,arms,58,32,26
Darkfang,icecrown,1458,warrior,arms,84,45,39
Rägar,quelthalas,1458,warrior,arms,127,66,61
Toughguts,saurfang,1458,warrior,arms,110,54,56
Warlow,korgath,1458,warrior,arms,70,32,38
Mommysharky,illidan,1457,warrior,arms,36,26,10
Dathalidus,area-52,1457,warrior,arms,50,32,18
Ketaqt,illidan,1457,warrior,arms,68,37,31
Creepi,sargeras,1457,warrior,arms,56,30,26
Gorrock,dreadmaul,1457,warrior,arms,90,48,42
Rads,stormscale,1457,warrior,arms,75,40,35
Tern,emerald-dream,1457,warrior,arms,100,53,47
Warrihoe,stormrage,1457,warrior,arms,53,24,29
Tdestroy,ragnaros,1456,warrior,arms,57,32,25
Iwooglybool,icecrown,1456,warrior,arms,42,22,20
Brocky,malorne,1456,warrior,arms,659,324,335
Soltrain,stormrage,1456,warrior,arms,109,52,57
Kröh,quelthalas,1456,warrior,arms,54,25,29
Urscrewed,frostmane,1456,warrior,arms,59,24,35
Pongk,tichondrius,1456,warrior,arms,57,17,40
Cheeriozz,thrall,1455,warrior,arms,53,30,23
Cosmosz,illidan,1455,warrior,arms,179,92,87
Jotto,zuljin,1455,warrior,arms,36,18,18
Naughtytwat,tichondrius,1455,warrior,arms,291,144,147
Xaka,tichondrius,1455,warrior,arms,42,19,23
Sabini,nemesis,1455,warrior,arms,66,26,40
Chronek,sargeras,1455,warrior,arms,42,16,26
Shiv,illidan,1454,warrior,arms,146,70,76
Lionssong,bleeding-hollow,1454,warrior,arms,71,31,40
Orz,sargeras,1454,warrior,arms,72,28,44
Suprslayer,spirestone,1453,warrior,arms,40,20,20
Drèádnought,tichondrius,1453,warrior,arms,68,32,36
Ooze,darkspear,1452,warrior,arms,210,112,98
Xenogears,boulderfist,1452,warrior,arms,96,51,45
Hulkbuster,ragnaros,1452,warrior,arms,101,49,52
Hotdadparty,frostmourne,1452,warrior,arms,163,79,84
Ayath,hyjal,1452,warrior,arms,66,31,35
Furyass,bleeding-hollow,1451,warrior,arms,126,67,59
Krimgar,quelthalas,1451,warrior,arms,118,52,66
Bellonar,stormrage,1450,warrior,arms,44,27,17
Xvett,drakkari,1450,warrior,arms,168,94,74
Elíte,kelthuzad,1450,warrior,arms,39,21,18
Underbite,area-52,1450,warrior,arms,96,51,45
Zizwe,proudmoore,1450,warrior,arms,83,44,39
Biznizwar,sargeras,1450,warrior,arms,124,61,63
Isarat,illidan,1450,warrior,arms,48,23,25
Coveiro,nemesis,1450,warrior,arms,37,16,21
Qetimporta,quelthalas,1449,warrior,arms,108,60,48
Gooshin,sargeras,1449,warrior,arms,147,77,70
Thokk,argent-dawn,1449,warrior,arms,33,16,17
Shortgoofy,sargeras,1449,warrior,arms,141,66,75
Erple,eldrethalas,1449,warrior,arms,116,54,62
Dysensor,illidan,1448,warrior,arms,180,93,87
Pelonna,drakkari,1448,warrior,arms,258,126,132
Wellowarr,moon-guard,1448,warrior,arms,78,34,44
Angelsantos,sargeras,1447,warrior,arms,42,24,18
Turlesoup,proudmoore,1447,warrior,arms,36,20,16
Wapistun,thrall,1447,warrior,arms,48,26,22
Tamagoshi,kiljaeden,1447,warrior,arms,215,114,101
Prontera,illidan,1447,warrior,arms,51,25,26
Gorenay,nemesis,1447,warrior,arms,60,28,32
Atróx,quelthalas,1447,warrior,arms,90,41,49
Dånkers,sargeras,1447,warrior,arms,44,16,28
Gtatewarr,azjolnerub,1446,warrior,arms,26,16,10
Unstàble,frostmourne,1446,warrior,arms,168,83,85
Horsekok,tichondrius,1445,warrior,arms,36,20,16
Shawnemd,proudmoore,1445,warrior,arms,54,29,25
Golkän,goldrinn,1445,warrior,arms,70,35,35
Heojae,tichondrius,1445,warrior,arms,42,21,21
Kakamallo,black-dragonflight,1444,warrior,arms,243,125,118
Ðuratestön,azralon,1444,warrior,arms,54,27,27
Ghianna,quelthalas,1444,warrior,arms,103,48,55
Elegorn,nemesis,1444,warrior,arms,79,36,43
Byefelipe,dalaran,1444,warrior,arms,36,16,20
Kilrok,thunderlord,1444,warrior,arms,60,24,36
Yolo,dunemaul,1443,warrior,arms,102,52,50
Trackstarz,llane,1443,warrior,arms,250,124,126
Suicider,stormrage,1443,warrior,arms,41,16,25
Bazironbeard,ravencrest,1442,warrior,arms,29,18,11
Téry,dalaran,1442,warrior,arms,36,21,15
Dann,ragnaros,1441,warrior,arms,132,62,70
Gusbus,malganis,1440,warrior,arms,127,69,58
Hawkior,moon-guard,1440,warrior,arms,53,26,27
Kolacut,tichondrius,1440,warrior,arms,36,16,20
Ðêad,area-52,1439,warrior,arms,24,15,9
Joran,dathremar,1439,warrior,arms,56,29,27
Kror,garona,1439,warrior,arms,75,38,37
Smoket,tichondrius,1439,warrior,arms,54,27,27
Sowavey,korgath,1439,warrior,arms,30,15,15
Rekatron,area-52,1439,warrior,arms,30,15,15
Beefytheorc,tichondrius,1439,warrior,arms,36,17,19
Emaree,thrall,1438,warrior,arms,98,55,43
Luckyw,draktharon,1438,warrior,arms,121,65,56
Himxp,tichondrius,1438,warrior,arms,70,35,35
Girthquake,stormreaver,1438,warrior,arms,137,68,69
Loosz,stormrage,1438,warrior,arms,36,15,21
Chacca,suramar,1437,warrior,arms,60,39,21
Themessiah,stormrage,1437,warrior,arms,59,33,26
Graelus,terenas,1437,warrior,arms,47,26,21
Kurdtx,tichondrius,1437,warrior,arms,30,15,15
Broxthered,thrall,1437,warrior,arms,40,19,21
Frashes,darkspear,1437,warrior,arms,67,31,36
Zdokk,sargeras,1437,warrior,arms,36,15,21
Handain,malganis,1437,warrior,arms,48,19,29
Stufit,emerald-dream,1436,warrior,arms,34,20,14
Supremegalek,tichondrius,1436,warrior,arms,104,55,49
Riderless,ragnaros,1436,warrior,arms,65,31,34
Swamphell,barthilas,1436,warrior,arms,68,25,43
Lotsay,tichondrius,1435,warrior,arms,109,56,53
Ssamok,ragnaros,1435,warrior,arms,30,15,15
Karrok,zuluhed,1435,warrior,arms,312,151,161
Nikon,bleeding-hollow,1435,warrior,arms,42,16,26
Valder,akama,1434,warrior,arms,42,23,19
Klouddraft,tichondrius,1434,warrior,arms,63,34,29
Bigster,malganis,1434,warrior,arms,78,40,38
Herey,moon-guard,1434,warrior,arms,30,15,15
Egargiss,malygos,1433,warrior,arms,36,22,14
Fòntaine,shandris,1433,warrior,arms,49,28,21
Auxthas,tichondrius,1433,warrior,arms,88,46,42
Asc,barthilas,1433,warrior,arms,276,144,132
Monowarx,frostmourne,1433,warrior,arms,46,22,24
Handkerchief,bleeding-hollow,1433,warrior,arms,61,26,35
Ybo,illidan,1432,warrior,arms,87,56,31
Lelànd,kelthuzad,1432,warrior,arms,48,24,24
Zonkis,kelthuzad,1432,warrior,arms,30,15,15
Brewstrike,dalaran,1432,warrior,arms,54,25,29
Tonesman,tichondrius,1432,warrior,arms,48,22,26
Raxek,stormrage,1432,warrior,arms,72,28,44
Drashka,ragnaros,1431,warrior,arms,24,15,9
Asgaurdius,thunderlord,1431,warrior,arms,76,38,38
Carnith,arthas,1431,warrior,arms,72,32,40
Badguys,illidan,1431,warrior,arms,36,15,21
Recktko,sargeras,1431,warrior,arms,45,16,29
Josephcrazy,tichondrius,1430,warrior,arms,36,19,17
Punknicanor,quelthalas,1430,warrior,arms,164,80,84
Jeffyd,bleeding-hollow,1430,warrior,arms,66,28,38
Chiêfatriox,tichondrius,1430,warrior,arms,54,21,33
Zeldawolfpac,moon-guard,1429,warrior,arms,42,23,19
Laintimee,tichondrius,1429,warrior,arms,80,42,38
Moonär,emerald-dream,1429,warrior,arms,155,74,81
Garadiels,tichondrius,1429,warrior,arms,94,40,54
Kushhy,illidan,1429,warrior,arms,45,19,26
Destroid,zuljin,1428,warrior,arms,24,15,9
Gizzmo,bonechewer,1428,warrior,arms,51,19,32
Shiiftybuga,frostmourne,1427,warrior,arms,50,27,23
Rockstedy,area-52,1427,warrior,arms,74,32,42
Kadira,stormrage,1427,warrior,arms,90,37,53
Pharan,malganis,1426,warrior,arms,36,19,17
Whymike,aerie-peak,1426,warrior,arms,42,21,21
Calmebigfeet,tichondrius,1426,warrior,arms,30,15,15
Tuvia,malganis,1426,warrior,arms,225,110,115
Topmeoff,bleeding-hollow,1425,warrior,arms,108,50,58
Empyrius,exodar,1425,warrior,arms,38,17,21
Tbagg,area-52,1425,warrior,arms,36,16,20
Santiágo,wyrmrest-accord,1425,warrior,arms,42,15,27
Varyanguard,quelthalas,1424,warrior,arms,53,28,25
Cptstarship,sargeras,1424,warrior,arms,42,21,21
Flexeçute,moon-guard,1424,warrior,arms,87,42,45
Maintarget,malganis,1424,warrior,arms,59,21,38
Greywo,tichondrius,1423,warrior,arms,88,52,36
Juggerboo,frostmourne,1423,warrior,arms,175,88,87
Thalfor,emerald-dream,1423,warrior,arms,89,36,53
Gladìus,area-52,1422,warrior,arms,30,15,15
Justfair,barthilas,1422,warrior,arms,63,31,32
Guguito,drakkari,1422,warrior,arms,42,17,25
Eqz,area-52,1421,warrior,arms,42,27,15
Groxxigore,chogall,1421,warrior,arms,155,86,69
Lørdvingador,azralon,1421,warrior,arms,30,15,15
Fulreck,tichondrius,1421,warrior,arms,30,15,15
Monkeystrike,barthilas,1421,warrior,arms,36,15,21
Gritrog,thrall,1420,warrior,arms,56,42,14
Banggo,frostmourne,1420,warrior,arms,84,47,37
Jichelei,tichondrius,1420,warrior,arms,95,46,49
Themonsterr,stormrage,1420,warrior,arms,40,18,22
Sleazedog,kelthuzad,1420,warrior,arms,48,21,27
Farquahd,illidan,1420,warrior,arms,84,34,50
Waraze,tichondrius,1420,warrior,arms,42,17,25
Nipparcs,tichondrius,1420,warrior,arms,42,15,27
Aesom,wyrmrest-accord,1419,warrior,arms,161,88,73
Orctiddy,emerald-dream,1419,warrior,arms,32,16,16
Mopwarrior,sargeras,1419,warrior,arms,30,15,15
Yazia,stormrage,1419,warrior,arms,54,23,31
Fuknazum,gundrak,1418,warrior,arms,268,133,135
Legbreaker,tichondrius,1418,warrior,arms,106,52,54
Hundredplus,frostmourne,1418,warrior,arms,36,17,19
Pepétí,azralon,1418,warrior,arms,160,72,88
Mortalgodtko,ragnaros,1418,warrior,arms,39,17,22
Kurgos,quelthalas,1417,warrior,arms,30,16,14
Fraannky,windrunner,1417,warrior,arms,164,82,82
Bonesaaw,caelestrasz,1417,warrior,arms,84,36,48
Tasesino,quelthalas,1416,warrior,arms,94,51,43
Elsee,drakkari,1416,warrior,arms,54,15,39
Roadglide,korgath,1415,warrior,arms,24,15,9
Aaryn,caelestrasz,1415,warrior,arms,104,56,48
Kiranoma,moon-guard,1415,warrior,arms,45,23,22
Rekitralph,tichondrius,1415,warrior,arms,45,23,22
Ughh,bleeding-hollow,1415,warrior,arms,54,27,27
Ironhide,malorne,1415,warrior,arms,66,31,35
Gilgaméshh,tichondrius,1415,warrior,arms,66,30,36
Drygen,tichondrius,1414,warrior,arms,60,36,24
Geoffreyxan,veknilash,1414,warrior,arms,38,20,18
Sludgthwaps,stormrage,1414,warrior,arms,65,33,32
Fatnfurious,dunemaul,1414,warrior,arms,100,50,50
Caupølican,ragnaros,1414,warrior,arms,94,47,47
Dizgraceful,malganis,1413,warrior,arms,30,21,9
Brotu,nemesis,1413,warrior,arms,175,95,80
Utgarde,stormrage,1413,warrior,arms,222,113,109
Violence,icecrown,1413,warrior,arms,30,15,15
Staffed,area-52,1413,warrior,arms,31,15,16
Korboc,malganis,1413,warrior,arms,60,29,31
Rikuduo,quelthalas,1413,warrior,arms,159,76,83
Slickpapi,area-52,1413,warrior,arms,93,44,49
Slashcry,frostmourne,1413,warrior,arms,89,39,50
Muertededios,quelthalas,1412,warrior,arms,141,70,71
Magnusson,kelthuzad,1412,warrior,arms,42,20,22
Ëssex,tichondrius,1412,warrior,arms,83,38,45
Hoboken,quelthalas,1411,warrior,arms,66,40,26
Gageoddord,kiljaeden,1411,warrior,arms,30,17,13
Elessarr,moon-guard,1411,warrior,arms,36,15,21
Blokz,arthas,1410,warrior,arms,120,65,55
Shockkwave,tichondrius,1410,warrior,arms,30,15,15
Bdubz,moknathal,1410,warrior,arms,41,19,22
Kanamechan,area-52,1410,warrior,arms,71,28,43
Slamix,area-52,1409,warrior,arms,87,44,43
Stormlørd,frostmourne,1409,warrior,arms,154,73,81
Tyir,ragnaros,1409,warrior,arms,56,24,32
Fenømenoide,ragnaros,1408,warrior,arms,77,49,28
Bagur,ragnaros,1408,warrior,arms,126,68,58
Raviax,sargeras,1408,warrior,arms,78,37,41
Haxzors,sargeras,1408,warrior,arms,60,26,34
Moozz,dreadmaul,1408,warrior,arms,56,22,34
Warthorns,malganis,1408,warrior,arms,49,17,32
Jøq,ragnaros,1407,warrior,arms,44,24,20
Kantorowicz,goldrinn,1407,warrior,arms,148,76,72
Silywarr,frostmourne,1407,warrior,arms,30,15,15
Alphablade,frostmourne,1407,warrior,arms,47,22,25
Bigdingus,frostwolf,1407,warrior,arms,96,44,52
Ragnarwar,azralon,1406,warrior,arms,81,47,34
Sako,amanthul,1406,warrior,arms,60,30,30
Solano,illidan,1405,warrior,arms,48,30,18
Warb,aggramar,1405,warrior,arms,93,48,45
Bruttallis,frostmane,1405,warrior,arms,51,25,26
Bottlecaps,shadowmoon,1405,warrior,arms,93,43,50
Hoodlark,lightbringer,1405,warrior,arms,78,30,48
Baix,frostmourne,1404,warrior,arms,63,35,28
Tithousand,tichondrius,1404,warrior,arms,45,24,21
Janlei,quelthalas,1404,warrior,arms,88,42,46
Beatmeat,frostmourne,1404,warrior,arms,77,36,41
Yummysushi,gorgonnash,1404,warrior,arms,76,31,45
Eggroll,emerald-dream,1404,warrior,arms,59,21,38
Erynus,malganis,1403,warrior,arms,56,29,27
Nviv,proudmoore,1403,warrior,arms,111,53,58
Disarmiea,cairne,1403,warrior,arms,111,53,58
Titanor,illidan,1403,warrior,arms,103,45,58
Zareos,azralon,1403,warrior,arms,40,17,23
Bløødy,lethon,1402,warrior,arms,26,17,9
Supersquish,moon-guard,1402,warrior,arms,146,73,73
Sigfir,ragnaros,1401,warrior,arms,76,36,40
Steelfist,grizzly-hills,1401,warrior,arms,69,32,37
Thaisyta,tichondrius,1400,warrior,arms,30,19,11
Wreckz,blood-furnace,1400,warrior,arms,120,66,54
Ibba,khazgoroth,1400,warrior,arms,105,55,50
Peeb,tichondrius,1399,warrior,arms,30,15,15
Buntpunt,mannoroth,1399,warrior,arms,169,83,86
Hêllseeker,ragnaros,1399,warrior,arms,78,37,41
Zaulgoodman,sargeras,1397,warrior,arms,71,34,37
Badbrain,barthilas,1397,warrior,arms,53,22,31
Huri,nemesis,1396,warrior,arms,104,62,42
Naxxiki,wyrmrest-accord,1396,warrior,arms,210,107,103
Rottlingberg,kelthuzad,1396,warrior,arms,54,24,30
Wanabea,tichondrius,1396,warrior,arms,42,17,25
Aaltara,barthilas,1395,warrior,arms,54,32,22
Sokõ,tichondrius,1394,warrior,arms,48,28,20
Varith,sargeras,1394,warrior,arms,42,23,19
Rageorade,area-52,1394,warrior,arms,35,16,19
Stewwar,wyrmrest-accord,1393,warrior,arms,50,31,19
Dorianfrost,ravenholdt,1393,warrior,arms,248,114,134
Cläpped,thrall,1392,warrior,arms,24,15,9
Vanglorio,azralon,1392,warrior,arms,81,44,37
Elyoy,aerie-peak,1392,warrior,arms,54,28,26
Kannzox,quelthalas,1392,warrior,arms,107,53,54
Zaurka,sargeras,1391,warrior,arms,30,18,12
Nicegirl,sargeras,1391,warrior,arms,69,36,33
Ayuko,greymane,1391,warrior,arms,47,23,24
Coolade,thunderhorn,1391,warrior,arms,118,57,61
Zeerohkool,tichondrius,1391,warrior,arms,102,46,56
Sevala,spinebreaker,1390,warrior,arms,64,36,28
Streetdog,stormrage,1390,warrior,arms,87,41,46
Natedógg,tichondrius,1390,warrior,arms,53,24,29
Lisande,sargeras,1388,warrior,arms,197,101,96
Apallô,tichondrius,1388,warrior,arms,89,40,49
Rekcd,sargeras,1387,warrior,arms,36,23,13
Toragorr,illidan,1387,warrior,arms,99,53,46
Nãrax,area-52,1387,warrior,arms,40,20,20
Demonsláyer,illidan,1387,warrior,arms,30,15,15
Lobsterrj,emerald-dream,1387,warrior,arms,78,37,41
Novastormer,barthilas,1387,warrior,arms,126,58,68
Broxhar,ragnaros,1386,warrior,arms,77,43,34
Cecchino,zuluhed,1386,warrior,arms,66,34,32
Momojojo,daggerspine,1385,warrior,arms,26,18,8
Morhgath,bonechewer,1385,warrior,arms,49,26,23
Retros,kelthuzad,1385,warrior,arms,96,49,47
Yirko,quelthalas,1385,warrior,arms,74,31,43
Nightshauyia,kelthuzad,1384,warrior,arms,69,37,32
Dubstoob,illidan,1384,warrior,arms,234,120,114
Chilicezo,durotan,1383,warrior,arms,83,48,35
Avesielli,dalaran,1383,warrior,arms,44,23,21
Raygé,malygos,1383,warrior,arms,45,21,24
Zuggarnaught,tichondrius,1382,warrior,arms,100,56,44
Fazeo,madoran,1382,warrior,arms,27,15,12
Ghostss,tichondrius,1382,warrior,arms,67,29,38
Eîghtysîx,sargeras,1382,warrior,arms,100,43,57
Boocawkeyy,illidan,1382,warrior,arms,66,28,38
Rivenz,moon-guard,1382,warrior,arms,57,20,37
Ukris,area-52,1381,warrior,arms,119,62,57
Verain,thrall,1381,warrior,arms,36,17,19
Säbeër,ragnaros,1381,warrior,arms,73,32,41
Bigfatork,area-52,1380,warrior,arms,30,20,10
Durtmcsmash,stormrage,1380,warrior,arms,30,16,14
Destoryhamer,illidan,1380,warrior,arms,108,54,54
Tusktrollmon,illidan,1380,warrior,arms,158,78,80
Cevadix,azralon,1380,warrior,arms,71,29,42
Typhön,tichondrius,1380,warrior,arms,77,31,46
Yamzprime,stormrage,1380,warrior,arms,54,21,33
Mahkrash,quelthalas,1379,warrior,arms,123,59,64
Dinogc,barthilas,1379,warrior,arms,44,21,23
Brodin,maelstrom,1378,warrior,arms,30,18,12
Aisinbro,illidan,1378,warrior,arms,36,16,20
Killtarget,tichondrius,1377,warrior,arms,82,45,37
Rageinice,tichondrius,1377,warrior,arms,88,45,43
Gwendolynl,hyjal,1377,warrior,arms,73,35,38
Pootyspootz,warsong,1376,warrior,arms,34,17,17
Kolossux,ragnaros,1376,warrior,arms,114,55,59
Ghostblood,stormscale,1375,warrior,arms,24,16,8
Krazyguerra,bleeding-hollow,1375,warrior,arms,72,42,30
Mafe,tichondrius,1375,warrior,arms,58,28,30
Umogarmac,draktharon,1375,warrior,arms,42,19,23
Beaerboy,darkspear,1375,warrior,arms,154,69,85
Danzael,quelthalas,1375,warrior,arms,45,20,25
Yoruba,burning-blade,1375,warrior,arms,67,29,38
Beowúlf,burning-blade,1375,warrior,arms,41,16,25
Stompyocouch,mugthol,1374,warrior,arms,37,16,21
Allgas,barthilas,1373,warrior,arms,126,68,58
Rhohan,ysera,1373,warrior,arms,83,40,43
Nightwing,bleeding-hollow,1373,warrior,arms,42,17,25
Kowboy,stormrage,1372,warrior,arms,130,66,64
Franc,kiljaeden,1371,warrior,arms,50,27,23
Budzie,frostwolf,1371,warrior,arms,46,24,22
Ragepocket,proudmoore,1371,warrior,arms,66,32,34
Udô,proudmoore,1371,warrior,arms,66,28,38
Brocahontas,suramar,1370,warrior,arms,54,32,22
Tyzana,illidan,1370,warrior,arms,77,39,38
Pírlo,ragnaros,1370,warrior,arms,57,26,31
Horcules,kiljaeden,1370,warrior,arms,53,23,30
Sercastic,illidan,1370,warrior,arms,47,19,28
Kipqt,frostmourne,1369,warrior,arms,45,21,24
Silvers,blades-edge,1368,warrior,arms,59,22,37
Monkedurant,tichondrius,1367,warrior,arms,30,18,12
Zroz,ragnaros,1367,warrior,arms,69,38,31
Rayks,tichondrius,1367,warrior,arms,120,64,56
Magnar,zuljin,1367,warrior,arms,119,63,56
Dhakhota,azralon,1367,warrior,arms,42,22,20
Qtcrow,frostmourne,1367,warrior,arms,86,45,41
Nervoxztwo,ragnaros,1367,warrior,arms,144,73,71
Scrapx,malganis,1367,warrior,arms,233,116,117
Chrosis,norgannon,1367,warrior,arms,130,60,70
Xenowar,alleria,1367,warrior,arms,144,66,78
Dolkal,tichondrius,1367,warrior,arms,77,30,47
Bingchilly,aegwynn,1366,warrior,arms,27,16,11
Dhaemom,azralon,1366,warrior,arms,133,69,64
Hdkwanwoo,tichondrius,1366,warrior,arms,114,58,56
Zaexx,stormrage,1366,warrior,arms,85,42,43
Evilkorean,tichondrius,1366,warrior,arms,59,29,30
Odrak,ragnaros,1366,warrior,arms,87,37,50
Tergll,illidan,1366,warrior,arms,57,24,33
Noppô,tichondrius,1366,warrior,arms,42,15,27
Zugnut,tichondrius,1365,warrior,arms,70,34,36
Durko,whisperwind,1365,warrior,arms,36,16,20
Juicey,burning-blade,1364,warrior,arms,55,28,27
Tÿÿr,azralon,1364,warrior,arms,60,26,34
Xampuu,ragnaros,1363,warrior,arms,34,20,14
Theragar,kilrogg,1363,warrior,arms,36,20,16
Warbringerr,hydraxis,1363,warrior,arms,27,15,12
Tooto,kelthuzad,1363,warrior,arms,36,17,19
Crú,stormrage,1363,warrior,arms,36,16,20
Tryndåmere,firetree,1363,warrior,arms,42,17,25
Ooktanx,emerald-dream,1363,warrior,arms,38,15,23
Ahore,illidan,1362,warrior,arms,75,36,39
Mjorn,sargeras,1362,warrior,arms,64,30,34
Yummybumbum,barthilas,1362,warrior,arms,60,26,34
Fatty,mugthol,1361,warrior,arms,60,32,28
Drekzul,azralon,1361,warrior,arms,101,52,49
Swordmasters,icecrown,1361,warrior,arms,83,39,44
Arashikage,malganis,1361,warrior,arms,40,18,22
Hammertoez,thunderhorn,1361,warrior,arms,44,18,26
Mervyn,aegwynn,1360,warrior,arms,48,29,19
Swàgnáros,area-52,1360,warrior,arms,35,21,14
Devil,illidan,1360,warrior,arms,33,17,16
Aoste,tichondrius,1360,warrior,arms,100,50,50
Warsaínt,area-52,1360,warrior,arms,65,31,34
Krakitus,azralon,1360,warrior,arms,99,43,56
Timotheapple,stormrage,1360,warrior,arms,38,16,22
Kittybang,quelthalas,1360,warrior,arms,77,32,45
Klingensturm,thrall,1359,warrior,arms,25,15,10
Tenserr,kiljaeden,1359,warrior,arms,51,26,25
Twobyfuor,sargeras,1359,warrior,arms,95,48,47
Lègèndáry,dark-iron,1359,warrior,arms,48,21,27
Spartanor,darkspear,1359,warrior,arms,38,15,23
Tigo,khaz-modan,1358,warrior,arms,87,47,40
Tikkò,tichondrius,1358,warrior,arms,80,42,38
Kilrosao,nordrassil,1358,warrior,arms,89,45,44
Rárict,moon-guard,1358,warrior,arms,76,38,38
Rasazghal,darrowmere,1358,warrior,arms,142,61,81
Brownman,saurfang,1358,warrior,arms,48,19,29
Ightdoex,zuljin,1357,warrior,arms,32,22,10
Estivador,kelthuzad,1357,warrior,arms,62,27,35
Raekor,tichondrius,1356,warrior,arms,54,33,21
Zohjira,barthilas,1356,warrior,arms,48,23,25
Khaellanax,azralon,1356,warrior,arms,66,30,36
Chanchoswar,ragnaros,1356,warrior,arms,138,62,76
Sllvrbck,tichondrius,1355,warrior,arms,64,37,27
Pangpou,tichondrius,1355,warrior,arms,156,83,73
Doomreaperx,sargeras,1355,warrior,arms,165,83,82
Kourny,frostmourne,1355,warrior,arms,93,46,47
Kanekhy,ragnaros,1355,warrior,arms,48,22,26
Kratosxx,quelthalas,1354,warrior,arms,108,53,55
Xufoxpikmin,gurubashi,1354,warrior,arms,124,57,67
Ermeji,ragnaros,1354,warrior,arms,101,46,55
Lowlow,lightbringer,1354,warrior,arms,36,16,20
Empriux,quelthalas,1354,warrior,arms,54,21,33
Seariphim,lothar,1353,warrior,arms,45,24,21
Jhave,ragnaros,1353,warrior,arms,44,22,22
Silverkiller,drakkari,1352,warrior,arms,57,29,28
Rapralph,barthilas,1352,warrior,arms,54,26,28
Biloni,ragnaros,1352,warrior,arms,48,21,27
Browneyed,area-52,1352,warrior,arms,36,15,21
Toagrim,azralon,1351,warrior,arms,66,31,35
Diãbel,azralon,1350,warrior,arms,30,19,11
Blightscream,bleeding-hollow,1350,warrior,arms,351,169,182
Hiddensquidd,stormrage,1349,warrior,arms,57,35,22
Mightypower,gurubashi,1349,warrior,arms,30,17,13
Hippy,kiljaeden,1349,warrior,arms,34,19,15
Tinydingo,sargeras,1349,warrior,arms,36,19,17
Týrodar,moon-guard,1348,warrior,arms,60,26,34
Jsolucky,thrall,1348,warrior,arms,36,15,21
Odrath,tichondrius,1347,warrior,arms,108,52,56
Mogtash,blackrock,1347,warrior,arms,53,23,30
Dimus,area-52,1347,warrior,arms,36,15,21
Thorado,nemesis,1346,warrior,arms,219,108,111
Rasgriz,moon-guard,1346,warrior,arms,43,20,23
Bùlk,barthilas,1346,warrior,arms,142,65,77
Ðarkstar,zuljin,1346,warrior,arms,179,81,98
Ggodmyles,lightbringer,1346,warrior,arms,36,15,21
Northhill,tichondrius,1345,warrior,arms,162,84,78
Juff,hakkar,1345,warrior,arms,82,42,40
Taürok,azralon,1345,warrior,arms,48,23,25
Soniixz,ragnaros,1345,warrior,arms,85,40,45
Balakay,drenden,1344,warrior,arms,30,19,11
Fuller,kelthuzad,1344,warrior,arms,42,22,20
ßaldbornë,stormrage,1344,warrior,arms,94,47,47
Moarbrainz,mannoroth,1344,warrior,arms,35,15,20
Carralee,azralon,1343,warrior,arms,96,57,39
Okayge,proudmoore,1343,warrior,arms,24,14,10
Battousäi,kiljaeden,1343,warrior,arms,24,14,10
Cabelas,tichondrius,1343,warrior,arms,24,14,10
Warraaxx,stonemaul,1343,warrior,arms,48,25,23
Lagzistance,area-52,1343,warrior,arms,30,14,16
Miniraccoon,tichondrius,1342,warrior,arms,24,14,10
Celt,uldum,1342,warrior,arms,55,30,25
Azrielsc,vashj,1342,warrior,arms,93,48,45
Kelidar,kaelthas,1342,warrior,arms,76,39,37
Bloodface,azralon,1342,warrior,arms,31,15,16
Punnisher,nerzhul,1342,warrior,arms,59,27,32
Zeerohkool,malganis,1342,warrior,arms,154,70,84
Chargingboto,dragonmaw,1342,warrior,arms,43,19,24
Zuljikan,illidan,1342,warrior,arms,59,21,38
Kurdt,tichondrius,1341,warrior,arms,24,14,10
Mcflury,skullcrusher,1341,warrior,arms,24,14,10
Zhyper,frostmourne,1341,warrior,arms,36,19,17
Sáítámá,tichondrius,1341,warrior,arms,58,30,28
Reckonting,moon-guard,1340,warrior,arms,49,28,21
Tenebrous,nemesis,1340,warrior,arms,54,21,33
Gentlehugs,illidan,1340,warrior,arms,36,14,22
Your,emerald-dream,1339,warrior,arms,76,40,36
Azog,bleeding-hollow,1339,warrior,arms,78,40,38
Scumrat,frostmourne,1339,warrior,arms,97,45,52
Majinnox,wyrmrest-accord,1339,warrior,arms,36,14,22
Soultarius,sargeras,1339,warrior,arms,39,15,24
Garysmalls,kelthuzad,1338,warrior,arms,24,14,10
Cuantascopas,ragnaros,1338,warrior,arms,24,14,10
Nerdstorm,tichondrius,1338,warrior,arms,24,14,10
Eskobar,magtheridon,1338,warrior,arms,29,15,14
Warrmoose,tichondrius,1338,warrior,arms,30,14,16
Sloppyglucks,moon-guard,1338,warrior,arms,36,16,20
Spartaner,shadowsong,1338,warrior,arms,77,34,43
Grimreáper,bleeding-hollow,1338,warrior,arms,132,54,78
Geubsalz,tichondrius,1337,warrior,arms,18,14,4
Kiritos,draktharon,1337,warrior,arms,177,86,91
Rockadoodle,tichondrius,1337,warrior,arms,78,37,41
Colnar,stormrage,1337,warrior,arms,42,19,23
Laygoh,zuljin,1336,warrior,arms,24,14,10
Govosh,thrall,1336,warrior,arms,24,14,10
Èox,barthilas,1336,warrior,arms,58,32,26
Putong,tichondrius,1336,warrior,arms,101,55,46
Elix,stormscale,1336,warrior,arms,42,22,20
Irix,tichondrius,1336,warrior,arms,147,74,73
Bfrenzy,dalaran,1336,warrior,arms,60,29,31
Viagraliker,tichondrius,1336,warrior,arms,44,19,25
Pum,bleeding-hollow,1336,warrior,arms,51,22,29
Wesih,ragnaros,1336,warrior,arms,60,22,38
Tinymooie,frostmourne,1335,warrior,arms,18,14,4
Necco,lothar,1335,warrior,arms,42,19,23
Mortalstrike,chogall,1335,warrior,arms,63,28,35
Xenoblade,wildhammer,1335,warrior,arms,48,21,27
Zerosends,kelthuzad,1335,warrior,arms,36,14,22
Xdorkie,area-52,1335,warrior,arms,42,15,27
Zugface,tichondrius,1335,warrior,arms,42,14,28
Kinzi,quelthalas,1334,warrior,arms,195,88,107
Prodigál,dalaran,1334,warrior,arms,36,15,21
Lögän,azralon,1334,warrior,arms,48,18,30
Thegoochgoon,malorne,1333,warrior,arms,73,39,34
Vemue,tichondrius,1333,warrior,arms,178,88,90
Korsarro,frostmourne,1333,warrior,arms,134,65,69
Edwiddin,frostmourne,1333,warrior,arms,113,51,62
Blàdê,illidan,1333,warrior,arms,78,29,49
Vlix,korgath,1332,warrior,arms,36,19,17
Blackwulff,korgath,1332,warrior,arms,66,29,37
Elbelgon,ragnaros,1332,warrior,arms,54,21,33
Waabi,emerald-dream,1331,warrior,arms,42,24,18
Heltic,uldum,1331,warrior,arms,30,15,15
Powerhard,area-52,1331,warrior,arms,63,28,35
Cainne,proudmoore,1330,warrior,arms,30,19,11
Doomreaprr,sargeras,1330,warrior,arms,50,27,23
Jösellä,rivendare,1330,warrior,arms,30,14,16
Kayaburn,tichondrius,1329,warrior,arms,36,26,10
Dämnjoe,thrall,1329,warrior,arms,24,14,10
Xeto,ragnaros,1329,warrior,arms,65,37,28
Illicitkillz,destromath,1329,warrior,arms,30,14,16
Tenchuu,azralon,1329,warrior,arms,194,89,105
Thecolor,tichondrius,1329,warrior,arms,42,15,27
Hadesz,nazjatar,1328,warrior,arms,83,45,38
Nuclearfury,khadgar,1328,warrior,arms,60,31,29
Nogèt,frostmourne,1328,warrior,arms,30,14,16
Xowarr,borean-tundra,1328,warrior,arms,35,16,19
Polox,ragnaros,1328,warrior,arms,37,16,21
Cyllå,frostmourne,1327,warrior,arms,33,18,15
Kalnor,dark-iron,1327,warrior,arms,56,29,27
Amaus,queldorei,1327,warrior,arms,55,27,28
Bigcerts,darkspear,1327,warrior,arms,78,38,40
Kamboocha,tichondrius,1327,warrior,arms,34,15,19
Ketasshi,kelthuzad,1327,warrior,arms,36,14,22
Twistwarr,area-52,1326,warrior,arms,24,14,10
Babamama,tichondrius,1326,warrior,arms,56,27,29
Dragonupup,tichondrius,1325,warrior,arms,24,14,10
Cbum,quelthalas,1325,warrior,arms,84,43,41
Meatsplash,sargeras,1325,warrior,arms,50,21,29
Bâtar,area-52,1325,warrior,arms,59,19,40
Colosal,drakkari,1324,warrior,arms,33,20,13
Ygucheng,emerald-dream,1324,warrior,arms,85,38,47
Dukar,crushridge,1323,warrior,arms,24,14,10
Mitered,tichondrius,1323,warrior,arms,39,19,20
Overfury,azralon,1322,warrior,arms,36,18,18
Loaksz,tichondrius,1321,warrior,arms,36,19,17
Irongummy,frostmourne,1321,warrior,arms,90,44,46
Elane,moon-guard,1321,warrior,arms,161,75,86
Morbaras,tichondrius,1321,warrior,arms,71,31,40
Vamtoro,illidan,1320,warrior,arms,62,36,26
Arthknight,ragnaros,1320,warrior,arms,42,24,18
Golinn,aerie-peak,1320,warrior,arms,174,87,87
Reckfül,proudmoore,1320,warrior,arms,30,14,16
Kanchy,sargeras,1319,warrior,arms,24,14,10
Macsen,zuljin,1319,warrior,arms,36,18,18
Linçpin,tichondrius,1319,warrior,arms,60,29,31
Ninefingers,madoran,1319,warrior,arms,132,62,70
Thrawb,bleeding-hollow,1319,warrior,arms,33,15,18
Gï,fizzcrank,1318,warrior,arms,24,14,10
Arkayko,quelthalas,1318,warrior,arms,28,15,13
Lujzika,stormreaver,1318,warrior,arms,39,17,22
Småckin,frostmourne,1317,warrior,arms,100,54,46
Calmaah,frostmourne,1317,warrior,arms,63,33,30
Loothar,goldrinn,1317,warrior,arms,167,83,84
Kitonic,proudmoore,1316,warrior,arms,35,21,14
Moffett,illidan,1316,warrior,arms,30,14,16
Tämuros,thrall,1315,warrior,arms,70,37,33
Kappis,illidan,1315,warrior,arms,59,29,30
Mackjackson,sargeras,1315,warrior,arms,54,26,28
Neozsmash,thrall,1315,warrior,arms,75,36,39
Vikkz,frostmourne,1315,warrior,arms,47,22,25
Maleap,moon-guard,1315,warrior,arms,110,47,63
Vondrack,ragnaros,1315,warrior,arms,83,34,49
Maxalyss,stormrage,1314,warrior,arms,30,15,15
Sonezwar,thrall,1314,warrior,arms,78,38,40
Ragehir,thrall,1314,warrior,arms,31,15,16
Ponchetas,quelthalas,1313,warrior,arms,114,52,62
Orcaine,ursin,1312,warrior,arms,71,42,29
Theregulator,area-52,1312,warrior,arms,94,53,41
Snewdawg,malganis,1312,warrior,arms,28,15,13
Logi,alexstrasza,1312,warrior,arms,42,17,25
Jinsol,illidan,1311,warrior,arms,122,57,65
Doomtree,zuljin,1309,warrior,arms,18,14,4
Makcumba,ragnaros,1309,warrior,arms,54,29,25
Verigislena,moon-guard,1309,warrior,arms,56,28,28
Jalaskâ,azralon,1309,warrior,arms,82,39,43
Slasherman,illidan,1309,warrior,arms,42,14,28
Bloodwish,stormrage,1308,warrior,arms,70,40,30
Arm,stormscale,1308,warrior,arms,80,38,42
Deadhawk,wyrmrest-accord,1308,warrior,arms,108,49,59
Daymiian,blackrock,1308,warrior,arms,42,17,25
Erdres,kelthuzad,1308,warrior,arms,86,33,53
Gobx,tichondrius,1308,warrior,arms,43,16,27
Notsi,ragnaros,1307,warrior,arms,72,31,41
Bruze,hellscream,1306,warrior,arms,25,15,10
Insondável,thrall,1306,warrior,arms,36,20,16
Syllana,sargeras,1306,warrior,arms,30,15,15
Daniín,azralon,1306,warrior,arms,36,15,21
Teedubbs,antonidas,1306,warrior,arms,54,21,33
Frankoiz,quelthalas,1306,warrior,arms,72,27,45
Guille,skullcrusher,1305,warrior,arms,36,24,12
Airhood,frostmourne,1305,warrior,arms,23,14,9
Exxic,zuljin,1305,warrior,arms,42,21,21
Timbajimba,silvermoon,1305,warrior,arms,64,30,34
Rhagnael,malganis,1305,warrior,arms,72,30,42
Dreweth,altar-of-storms,1304,warrior,arms,30,16,14
Hoshigaki,frostmourne,1304,warrior,arms,83,43,40
Barricade,velen,1304,warrior,arms,194,94,100
Unbeatablezs,tichondrius,1303,warrior,arms,102,53,49
Arox,ghostlands,1303,warrior,arms,66,34,32
Marraneitor,quelthalas,1303,warrior,arms,60,29,31
Carken,kiljaeden,1302,warrior,arms,42,22,20
Akj,sargeras,1302,warrior,arms,54,23,31
Ludicrous,dreadmaul,1302,warrior,arms,85,36,49
Haowar,tichondrius,1302,warrior,arms,65,27,38
Donhoolio,illidan,1301,warrior,arms,24,14,10
Ivanovh,quelthalas,1301,warrior,arms,213,108,105
Ratherfull,ragnaros,1301,warrior,arms,28,14,14
Legolant,uther,1301,warrior,arms,30,14,16
Beserkqt,azralon,1301,warrior,arms,54,23,31
Warnick,illidan,1300,warrior,arms,72,35,37
Pvpheart,tichondrius,1299,warrior,arms,47,27,20
Tsmtsmtsm,tichondrius,1298,warrior,arms,36,20,16
Warrdawg,tichondrius,1298,warrior,arms,36,20,16
Vobiscum,drakkari,1298,warrior,arms,36,18,18
Aresmt,illidan,1298,warrior,arms,30,14,16
Ccmeharder,kiljaeden,1298,warrior,arms,30,14,16
Badmanego,illidan,1298,warrior,arms,121,56,65
Rekem,malganis,1298,warrior,arms,78,35,43
Armorlancer,stormrage,1298,warrior,arms,42,18,24
Bustybucky,tichondrius,1298,warrior,arms,54,17,37
Zeiyah,quelthalas,1297,warrior,arms,28,15,13
Victorhugo,ragnaros,1297,warrior,arms,56,27,29
Honanilana,burning-legion,1297,warrior,arms,30,14,16
Cowsgomerr,tichondrius,1297,warrior,arms,40,16,24
Jrodrick,nemesis,1297,warrior,arms,75,29,46
Iromrogar,area-52,1296,warrior,arms,30,14,16
Zmmsx,tichondrius,1296,warrior,arms,82,36,46
Guitter,nazjatar,1296,warrior,arms,48,20,28
Superpot,bleeding-hollow,1295,warrior,arms,55,26,29
Beeny,tichondrius,1295,warrior,arms,33,14,19
Darthbjorn,lethon,1294,warrior,arms,48,28,20
Carodataverm,saurfang,1294,warrior,arms,36,18,18
Swiftui,nemesis,1294,warrior,arms,102,47,55
Spinduhwin,stormrage,1293,warrior,arms,25,15,10
Spitfired,kiljaeden,1293,warrior,arms,46,25,21
Friends,azjolnerub,1293,warrior,arms,35,19,16
Angertooth,tichondrius,1293,warrior,arms,30,14,16
Tunasurprize,stormrage,1293,warrior,arms,45,20,25
Jijiyeya,tichondrius,1293,warrior,arms,48,21,27
Rocketbom,tichondrius,1292,warrior,arms,29,14,15
Weepingdeath,burning-legion,1292,warrior,arms,72,33,39
Noobslayr,wyrmrest-accord,1290,warrior,arms,30,18,12
Tapijuju,stormrage,1290,warrior,arms,112,54,58
Agoro,tichondrius,1290,warrior,arms,41,18,23
Chargeback,zuljin,1289,warrior,arms,74,39,35
Grumok,tichondrius,1289,warrior,arms,57,24,33
Golîath,mannoroth,1288,warrior,arms,109,50,59
Ðigger,rivendare,1288,warrior,arms,48,22,26
Thunderess,illidan,1288,warrior,arms,48,20,28
Shishokun,quelthalas,1288,warrior,arms,94,39,55
Bigolpeen,sargeras,1287,warrior,arms,66,38,28
Hikikomori,goldrinn,1287,warrior,arms,65,35,30
Walterwhîte,tichondrius,1287,warrior,arms,30,14,16
Utheroellin,stormrage,1286,warrior,arms,30,15,15
Saltyundies,tichondrius,1286,warrior,arms,141,62,79
Datsongz,proudmoore,1285,warrior,arms,144,70,74
Hatedßyßlízz,area-52,1285,warrior,arms,54,24,30
Skornnd,malganis,1285,warrior,arms,82,35,47
Dennlss,quelthalas,1285,warrior,arms,122,52,70
Shotgunzx,tichondrius,1285,warrior,arms,33,14,19
Ðåddý,stormrage,1285,warrior,arms,41,14,27
Repsey,zuljin,1284,warrior,arms,23,15,8
Blacksmiff,malganis,1284,warrior,arms,138,74,64
Valde,stormrage,1284,warrior,arms,27,14,13
Skrot,stormrage,1284,warrior,arms,100,50,50
Ashrah,emerald-dream,1283,warrior,arms,54,29,25
Dualip,tichondrius,1283,warrior,arms,75,38,37
Tsurik,malfurion,1283,warrior,arms,54,23,31
Evencane,stormrage,1283,warrior,arms,35,14,21
Rnkman,quelthalas,1282,warrior,arms,25,16,9
Tobiwan,ragnaros,1282,warrior,arms,53,28,25
Niudazhuang,tichondrius,1282,warrior,arms,118,62,56
Swamis,stormreaver,1282,warrior,arms,66,32,34
Antoníuz,drakkari,1282,warrior,arms,60,26,34
Heals,zuljin,1282,warrior,arms,36,15,21
Faiken,quelthalas,1281,warrior,arms,72,43,29
Josiah,frostmourne,1281,warrior,arms,33,17,16
Mussashí,stormrage,1280,warrior,arms,70,41,29
Biggieswords,madoran,1280,warrior,arms,29,16,13
Eudora,stormrage,1280,warrior,arms,84,45,39
Looffy,saurfang,1279,warrior,arms,144,71,73
Mickyplate,tichondrius,1279,warrior,arms,84,41,43
Ålbedo,malganis,1279,warrior,arms,35,17,18
Kujø,wyrmrest-accord,1279,warrior,arms,36,17,19
Thanitose,bleeding-hollow,1279,warrior,arms,33,15,18
Rhâêgâr,tichondrius,1278,warrior,arms,48,26,22
Onionion,stormrage,1278,warrior,arms,30,14,16
Ñors,spinebreaker,1278,warrior,arms,42,16,26
Annaliyah,wyrmrest-accord,1277,warrior,arms,78,45,33
Iyamii,hyjal,1277,warrior,arms,47,23,24
Nosetackle,area-52,1276,warrior,arms,91,49,42
Obstruktíon,tichondrius,1276,warrior,arms,30,15,15
Aintou,aegwynn,1276,warrior,arms,42,20,22
Bwhaha,frostwolf,1275,warrior,arms,61,37,24
Squeekzz,frostmane,1273,warrior,arms,62,31,31
Nukee,tichondrius,1273,warrior,arms,42,17,25
Unwarmas,ragnaros,1273,warrior,arms,47,16,31
Tappia,quelthalas,1273,warrior,arms,42,14,28
Córnpop,tichondrius,1272,warrior,arms,29,16,13
Thörir,proudmoore,1272,warrior,arms,70,34,36
Dëkm,quelthalas,1272,warrior,arms,41,18,23
Kreyonz,hyjal,1271,warrior,arms,63,33,30
Qookymonster,zuljin,1271,warrior,arms,118,60,58
Chawp,emerald-dream,1271,warrior,arms,53,26,27
Vâìn,tichondrius,1271,warrior,arms,52,22,30
Papaming,tichondrius,1270,warrior,arms,98,44,54
Ogundados,kelthuzad,1268,warrior,arms,42,18,24
Loucha,nagrand,1268,warrior,arms,75,32,43
Mfmuggz,thunderlord,1267,warrior,arms,65,32,33
Torkus,ragnaros,1267,warrior,arms,82,39,43
Deadee,aerie-peak,1267,warrior,arms,105,49,56
Demðnslayer,kelthuzad,1266,warrior,arms,97,50,47
Odinsglory,mugthol,1266,warrior,arms,229,111,118
Hoodlord,tichondrius,1266,warrior,arms,66,31,35
Junsus,moon-guard,1266,warrior,arms,95,44,51
Rongkhunxyz,tichondrius,1266,warrior,arms,72,33,39
Catastrophie,mugthol,1266,warrior,arms,87,39,48
Flabergaster,skullcrusher,1266,warrior,arms,42,18,24
Seshømaru,quelthalas,1264,warrior,arms,26,15,11
Brontok,darkspear,1264,warrior,arms,82,40,42
Arrozkonlech,proudmoore,1264,warrior,arms,49,23,26
Pandaniela,area-52,1263,warrior,arms,42,25,17
Ready,laughing-skull,1263,warrior,arms,54,30,24
Daddymoist,moon-guard,1263,warrior,arms,83,42,41
Gorash,gundrak,1263,warrior,arms,132,65,67
Thelgrath,quelthalas,1263,warrior,arms,136,66,70
Deomer,quelthalas,1263,warrior,arms,48,23,25
Khâi,tichondrius,1263,warrior,arms,39,16,23
Krimmjðw,sargeras,1263,warrior,arms,36,14,22
Iwishiknew,kargath,1262,warrior,arms,42,20,22
Babyguns,tichondrius,1262,warrior,arms,66,29,37
Viladoht,aegwynn,1261,warrior,arms,30,14,16
Korlòth,proudmoore,1261,warrior,arms,30,14,16
Knewty,stormrage,1261,warrior,arms,32,14,18
Bailo,dathremar,1260,warrior,arms,36,20,16
Lokiilloo,drakkari,1260,warrior,arms,108,54,54
Laynarri,hyjal,1260,warrior,arms,60,28,32
Dysteriah,frostmourne,1260,warrior,arms,60,21,39
Valkyrië,garrosh,1259,warrior,arms,30,16,14
Tribbally,silver-hand,1259,warrior,arms,61,30,31
Monardaid,uldum,1259,warrior,arms,42,17,25
Walmir,shadow-council,1258,warrior,arms,24,15,9
Wrathena,khadgar,1258,warrior,arms,55,26,29
Semyus,ragnaros,1258,warrior,arms,83,39,44
Rawlur,zuljin,1258,warrior,arms,59,25,34
Warrshield,ragnaros,1257,warrior,arms,132,64,68
Wankcelot,kiljaeden,1257,warrior,arms,60,28,32
Xiosè,ragnaros,1257,warrior,arms,131,60,71
Swám,quelthalas,1257,warrior,arms,48,21,27
Hunchless,detheroc,1256,warrior,arms,136,68,68
Selathiel,burning-blade,1256,warrior,arms,40,16,24
Anlerrick,frostwolf,1255,warrior,arms,31,21,10
Luckybrother,tichondrius,1255,warrior,arms,122,60,62
Aleniá,tichondrius,1255,warrior,arms,79,37,42
Dúmßlòwn,tichondrius,1255,warrior,arms,171,79,92
Laint,wyrmrest-accord,1254,warrior,arms,146,73,73
Lilboytroy,korgath,1253,warrior,arms,36,15,21
Tasërface,hakkar,1253,warrior,arms,110,45,65
Croxxs,aegwynn,1253,warrior,arms,56,20,36
Tyrantwolf,ragnaros,1252,warrior,arms,69,35,34
Alexitwo,ragnaros,1252,warrior,arms,114,54,60
Titanika,wyrmrest-accord,1252,warrior,arms,132,59,73
Kagerou,ragnaros,1252,warrior,arms,68,30,38
Babybiif,azralon,1252,warrior,arms,66,28,38
Sherway,quelthalas,1251,warrior,arms,352,177,175
Jellybomb,sargeras,1251,warrior,arms,234,110,124
Magmaheart,lightbringer,1251,warrior,arms,30,14,16
Maimif,korgath,1251,warrior,arms,35,16,19
Babybears,tichondrius,1251,warrior,arms,78,28,50
Hblock,barthilas,1251,warrior,arms,45,16,29
Knghtofseven,nemesis,1249,warrior,arms,84,43,41
Rodhin,proudmoore,1249,warrior,arms,47,22,25
Çleåvage,stormrage,1249,warrior,arms,60,25,35
Rebelzudo,azralon,1248,warrior,arms,84,48,36
Invinciblé,tichondrius,1248,warrior,arms,24,13,11
Raizzw,ragnaros,1247,warrior,arms,18,13,5
Areaves,moon-guard,1247,warrior,arms,24,13,11
Codyjones,illidan,1247,warrior,arms,24,13,11
Maywarro,ragnaros,1247,warrior,arms,89,40,49
Jethrix,kelthuzad,1247,warrior,arms,30,13,17
Sabotender,suramar,1247,warrior,arms,30,13,17
Marrago,moon-guard,1246,warrior,arms,24,13,11
Rockystyle,tichondrius,1246,warrior,arms,106,55,51
Callad,tichondrius,1246,warrior,arms,47,22,25
Lilfookur,dalaran,1246,warrior,arms,82,37,45
Schizogeist,malganis,1246,warrior,arms,40,18,22
Warhji,malganis,1246,warrior,arms,30,13,17
Betterwar,zuljin,1246,warrior,arms,30,13,17
Spearmisser,stormrage,1246,warrior,arms,30,13,17
Sleepypie,tichondrius,1245,warrior,arms,18,13,5
Püsspeepers,kelthuzad,1245,warrior,arms,24,13,11
Gunjay,sargeras,1245,warrior,arms,27,14,13
Varekai,frostmourne,1245,warrior,arms,80,38,42
Renaissancex,tichondrius,1245,warrior,arms,30,13,17
Zeldrissx,quelthalas,1245,warrior,arms,64,27,37
Davidorco,drakkari,1245,warrior,arms,59,24,35
Reichbeast,area-52,1244,warrior,arms,18,13,5
Rarelinew,malganis,1244,warrior,arms,18,13,5
Rollz,amanthul,1244,warrior,arms,52,22,30
Smallbrainx,tichondrius,1243,warrior,arms,24,13,11
Malvicious,proudmoore,1243,warrior,arms,24,13,11
Mokrog,bleeding-hollow,1243,warrior,arms,24,13,11
Dutchyy,frostmourne,1243,warrior,arms,24,13,11
Lgnasty,area-52,1243,warrior,arms,24,13,11
Nexgenwar,destromath,1243,warrior,arms,30,13,17
Organge,zuljin,1243,warrior,arms,30,13,17
Swoonmixy,frostmourne,1243,warrior,arms,36,13,23
Flexinbooty,kelthuzad,1243,warrior,arms,36,13,23
Ystk,tichondrius,1242,warrior,arms,24,13,11
Thunderclapz,stormscale,1242,warrior,arms,30,16,14
Aelrog,malganis,1242,warrior,arms,240,123,117
Sneeze,kul-tiras,1242,warrior,arms,58,27,31
Skunkz,kelthuzad,1242,warrior,arms,30,13,17
Gíal,ragnaros,1242,warrior,arms,64,26,38
Gaydin,eldrethalas,1242,warrior,arms,39,15,24
Queterompo,ragnaros,1241,warrior,arms,98,52,46
Ragedump,shadowsong,1241,warrior,arms,26,13,13
Titanrage,tichondrius,1241,warrior,arms,32,14,18
Boouuaakk,tichondrius,1241,warrior,arms,30,13,17
Qtxd,malganis,1240,warrior,arms,24,13,11
Deamonkiller,kelthuzad,1240,warrior,arms,115,51,64
Rahj,caelestrasz,1240,warrior,arms,30,13,17
Jaminos,frostmourne,1240,warrior,arms,51,22,29
Ðhrâgøn,ragnaros,1239,warrior,arms,18,15,3
Ragebladë,tichondrius,1239,warrior,arms,179,100,79
Spartagux,dalaran,1239,warrior,arms,24,13,11
Psychosicko,tichondrius,1239,warrior,arms,28,15,13
Ereborh,ragnaros,1239,warrior,arms,36,19,17
Krostyx,ragnaros,1239,warrior,arms,96,50,46
Mezi,tichondrius,1239,warrior,arms,62,32,30
Hudë,stormrage,1239,warrior,arms,60,30,30
Mitigation,hyjal,1239,warrior,arms,34,15,19
Retrostorm,illidan,1238,warrior,arms,24,13,11
Depthsii,lightbringer,1238,warrior,arms,30,14,16
Superdah,kiljaeden,1238,warrior,arms,84,37,47
Robertolini,moon-guard,1238,warrior,arms,36,15,21
Ragelol,icecrown,1237,warrior,arms,24,13,11
Deathengine,area-52,1237,warrior,arms,29,14,15
Märx,barthilas,1237,warrior,arms,80,38,42
Wxwxwxwxwxw,illidan,1236,warrior,arms,24,13,11
Devilsbane,khaz-modan,1236,warrior,arms,96,46,50
Nerròk,wyrmrest-accord,1236,warrior,arms,30,13,17
Ogpapabear,stormscale,1236,warrior,arms,105,44,61
Tallix,smolderthorn,1235,warrior,arms,24,13,11
Hellus,tichondrius,1235,warrior,arms,60,26,34
Rahgnarson,kelthuzad,1235,warrior,arms,42,13,29
Nickfurie,emerald-dream,1234,warrior,arms,24,13,11
Werehyena,draenor,1234,warrior,arms,24,13,11
Dieselsauce,stormscale,1233,warrior,arms,42,24,18
Raserei,moonrunner,1233,warrior,arms,223,115,108
Ådolf,sargeras,1233,warrior,arms,38,19,19
Nosfuratuzod,frostmourne,1233,warrior,arms,49,22,27
Standsonkegs,illidan,1233,warrior,arms,30,13,17
Allenwrite,frostmourne,1233,warrior,arms,89,38,51
Grizzlefish,feathermoon,1233,warrior,arms,72,30,42
Lundyswung,silver-hand,1233,warrior,arms,36,13,23
Bananae,stormrage,1232,warrior,arms,21,14,7
Goldbêrg,malganis,1232,warrior,arms,24,13,11
Damadar,malganis,1232,warrior,arms,30,13,17
Deesad,azralon,1231,warrior,arms,28,14,14
Hôdû,tichondrius,1231,warrior,arms,87,40,47
Diegoreo,drakkari,1231,warrior,arms,65,29,36
Moonsworn,moon-guard,1231,warrior,arms,30,13,17
Siegfriéd,bleeding-hollow,1231,warrior,arms,47,16,31
Shapur,tichondrius,1230,warrior,arms,24,13,11
Jaens,quelthalas,1230,warrior,arms,62,27,35
Eternalwill,rexxar,1229,warrior,arms,24,13,11
Kannerhus,quelthalas,1229,warrior,arms,166,82,84
Mortalchop,tichondrius,1229,warrior,arms,30,14,16
Ximzhao,quelthalas,1229,warrior,arms,103,48,55
Terók,stormrage,1229,warrior,arms,54,21,33
Awkagar,hyjal,1228,warrior,arms,23,13,10
Rockedanger,stormrage,1228,warrior,arms,50,28,22
Asarg,emerald-dream,1227,warrior,arms,36,23,13
Weesten,aerie-peak,1227,warrior,arms,54,29,25
Jamil,illidan,1227,warrior,arms,225,116,109
Babyweenis,sargeras,1226,warrior,arms,18,13,5
Archonian,stormscale,1226,warrior,arms,52,32,20
Pallus,korgath,1226,warrior,arms,24,13,11
Southmariner,malganis,1226,warrior,arms,96,49,47
Lükë,zuluhed,1226,warrior,arms,30,13,17
Malystik,ragnaros,1225,warrior,arms,93,49,44
Âmânthul,alexstrasza,1225,warrior,arms,270,141,129
Royye,blood-furnace,1225,warrior,arms,52,27,25
Dankal,tichondrius,1225,warrior,arms,36,13,23
Éllenor,azralon,1224,warrior,arms,30,16,14
Tunchi,runetotem,1224,warrior,arms,90,47,43
Philbert,alexstrasza,1223,warrior,arms,123,65,58
Amrap,dentarg,1223,warrior,arms,49,20,29
Khåyman,illidan,1223,warrior,arms,47,18,29
Einz,dalaran,1222,warrior,arms,24,13,11
Hazorl,zuljin,1222,warrior,arms,42,22,20
Homicideted,frostmourne,1222,warrior,arms,102,50,52
Qtrpndwcheez,area-52,1221,warrior,arms,24,13,11
Warrage,kiljaeden,1221,warrior,arms,115,61,54
Joed,quelthalas,1221,warrior,arms,120,60,60
Cauldrin,bleeding-hollow,1221,warrior,arms,260,123,137
Hunnam,illidan,1221,warrior,arms,61,24,37
Marvél,quelthalas,1219,warrior,arms,276,137,139
Kuchikilla,borean-tundra,1219,warrior,arms,112,54,58
Sugarpanties,moon-guard,1219,warrior,arms,93,42,51
Exist,kaelthas,1219,warrior,arms,48,18,30
Bladereaver,sargeras,1218,warrior,arms,24,13,11
Kì,moon-guard,1218,warrior,arms,205,107,98
Ðwârf,tichondrius,1218,warrior,arms,46,17,29
Ønì,tichondrius,1217,warrior,arms,54,35,19
Stolz,dragonmaw,1217,warrior,arms,48,21,27
Rambð,illidan,1216,warrior,arms,24,16,8
Baghatur,tichondrius,1216,warrior,arms,30,15,15
Dungs,emerald-dream,1216,warrior,arms,46,22,24
Kleavage,korgath,1216,warrior,arms,133,60,73
Pangean,sargeras,1216,warrior,arms,42,18,24
Magarrior,shadowsong,1215,warrior,arms,34,18,16
Akunaswar,dalaran,1215,warrior,arms,89,41,48
Dsz,nemesis,1215,warrior,arms,53,24,29
Masami,moon-guard,1215,warrior,arms,42,19,23
Jårko,dathremar,1214,warrior,arms,42,23,19
Rageoverdose,burning-legion,1214,warrior,arms,182,88,94
Tuf,malygos,1214,warrior,arms,66,31,35
Xruntz,kelthuzad,1214,warrior,arms,35,13,22
Dippindabz,area-52,1213,warrior,arms,47,26,21
Creator,dalaran,1213,warrior,arms,30,14,16
Colapse,zuljin,1213,warrior,arms,30,13,17
Truongx,kiljaeden,1212,warrior,arms,24,14,10
Ediict,illidan,1212,warrior,arms,29,13,16
Bizherp,ragnaros,1212,warrior,arms,82,35,47
Ashanthaa,kelthuzad,1211,warrior,arms,42,20,22
Thorablade,barthilas,1211,warrior,arms,102,45,57
Brianya,moon-guard,1210,warrior,arms,30,13,17
Chàrr,crushridge,1210,warrior,arms,35,13,22
Winjerrywin,frostwolf,1209,warrior,arms,46,26,20
Gunnaoffxans,sargeras,1209,warrior,arms,30,14,16
Brozown,wildhammer,1209,warrior,arms,32,14,18
Rageloading,amanthul,1208,warrior,arms,36,18,18
Kiillwar,smolderthorn,1208,warrior,arms,30,14,16
Soulcalibur,zuljin,1208,warrior,arms,29,13,16
Storkos,moon-guard,1207,warrior,arms,116,60,56
Baloraj,barthilas,1207,warrior,arms,42,18,24
Dreadwarr,stormrage,1205,warrior,arms,63,34,29
Mogruk,stonemaul,1205,warrior,arms,90,44,46
Deadhofe,azuremyst,1205,warrior,arms,33,16,17
Aersasi,tichondrius,1204,warrior,arms,36,21,15
Hintofmint,tichondrius,1204,warrior,arms,56,30,26
Xzqtz,tichondrius,1204,warrior,arms,50,24,26
Skumwarr,moon-guard,1204,warrior,arms,76,32,44
Rineer,tichondrius,1204,warrior,arms,48,19,29
Toky,malganis,1202,warrior,arms,24,13,11
Mangler,tichondrius,1202,warrior,arms,72,30,42
Vapòr,frostmourne,1201,warrior,arms,24,14,10
Tolette,quelthalas,1201,warrior,arms,24,13,11
Beiron,ragnaros,1201,warrior,arms,36,18,18
Lóthnalár,ragnaros,1201,warrior,arms,40,13,27
Victoriasix,tichondrius,1200,warrior,arms,54,28,26
Newtommi,barthilas,1200,warrior,arms,54,27,27
Robotríp,illidan,1200,warrior,arms,93,45,48
Aspxt,saurfang,1200,warrior,arms,66,30,36
Baadomishram,ragnaros,1200,warrior,arms,42,17,25
Bloodfx,darkspear,1199,warrior,arms,156,76,80
Friendnoodle,frostmourne,1199,warrior,arms,59,28,31
Aggor,trollbane,1198,warrior,arms,36,13,23
Rhydonero,azralon,1197,warrior,arms,101,52,49
Bootstraps,hyjal,1197,warrior,arms,97,45,52
Hàru,illidan,1196,warrior,arms,21,13,8
Adunken,ragnaros,1196,warrior,arms,36,21,15
Flexakute,malganis,1196,warrior,arms,24,14,10
Darkhorv,frostmourne,1196,warrior,arms,23,13,10
Bersorcker,ragnaros,1195,warrior,arms,98,39,59
Rargou,illidan,1194,warrior,arms,23,13,10
Spincity,stormrage,1194,warrior,arms,42,21,21
Iridikron,dalaran,1194,warrior,arms,30,13,17
Aromar,kiljaeden,1193,warrior,arms,70,34,36
Saero,ragnaros,1193,warrior,arms,30,13,17
Slivers,stormrage,1191,warrior,arms,42,21,21
Calynn,frostmourne,1191,warrior,arms,288,137,151
Kiayla,quelthalas,1191,warrior,arms,225,104,121
Danielss,ragnaros,1191,warrior,arms,35,15,20
Ontull,emerald-dream,1191,warrior,arms,42,13,29
Baroque,darkspear,1190,warrior,arms,24,13,11
Diamict,wyrmrest-accord,1190,warrior,arms,127,62,65
Ghostierip,illidan,1190,warrior,arms,51,23,28
Aiforix,gorefiend,1189,warrior,arms,93,50,43
Aistine,alterac-mountains,1189,warrior,arms,36,18,18
Thebruce,nemesis,1189,warrior,arms,188,93,95
Bluthammer,wyrmrest-accord,1189,warrior,arms,53,21,32
Prota,gorgonnash,1189,warrior,arms,54,17,37
Pootybeef,daggerspine,1188,warrior,arms,29,13,16
Gfree,kiljaeden,1187,warrior,arms,33,15,18
Otheralex,kiljaeden,1187,warrior,arms,30,13,17
Gohawn,hyjal,1186,warrior,arms,37,20,17
Axharafuji,dalvengyr,1186,warrior,arms,78,35,43
Menestz,dreadmaul,1184,warrior,arms,135,64,71
Ãleister,stormrage,1184,warrior,arms,75,32,43
Grosjambes,turalyon,1183,warrior,arms,36,19,17
Excaliburz,frostmourne,1183,warrior,arms,162,80,82
Jamajuicedx,thrall,1183,warrior,arms,29,13,16
Rios,jubeithos,1182,warrior,arms,36,14,22
Neekka,tichondrius,1181,warrior,arms,86,45,41
Nepheliloux,amanthul,1181,warrior,arms,30,14,16
Rickyxp,aggramar,1181,warrior,arms,84,38,46
Llewellenar,stormrage,1181,warrior,arms,53,19,34
Kapalua,darkspear,1180,warrior,arms,57,26,31
Chrizo,area-52,1179,warrior,arms,23,13,10
Avoraçado,nemesis,1179,warrior,arms,143,59,84
Bifilar,frostmourne,1178,warrior,arms,54,23,31
Brynjah,azralon,1177,warrior,arms,102,43,59
Aràthor,stormrage,1176,warrior,arms,119,54,65
Ibizà,tichondrius,1176,warrior,arms,48,18,30
Fkndog,tichondrius,1175,warrior,arms,78,36,42
Zarrock,emerald-dream,1174,warrior,arms,26,14,12
Secsecute,moon-guard,1174,warrior,arms,30,13,17
Süspicious,malfurion,1174,warrior,arms,35,14,21
Rrawrr,bleeding-hollow,1172,warrior,arms,48,25,23
Droogust,tichondrius,1172,warrior,arms,30,15,15
Rauh,emerald-dream,1171,warrior,arms,22,13,9
Uglycubano,quelthalas,1170,warrior,arms,73,35,38
Yiffathon,wyrmrest-accord,1168,warrior,arms,105,45,60
Rockley,mugthol,1168,warrior,arms,48,19,29
Chisum,gnomeregan,1167,warrior,arms,88,50,38
Aclipse,nagrand,1167,warrior,arms,77,39,38
Orcbreaker,quelthalas,1167,warrior,arms,50,23,27
Dissx,illidan,1167,warrior,arms,61,26,35
Seniorsherk,dalaran,1167,warrior,arms,63,26,37
Dragonxlord,korgath,1167,warrior,arms,44,17,27
Mnoga,azralon,1167,warrior,arms,61,22,39
Machineofwar,zuluhed,1166,warrior,arms,186,82,104
Grömäash,ragnaros,1165,warrior,arms,32,13,19
Tsmcsuckmyd,tichondrius,1163,warrior,arms,41,25,16
Flycosmos,tichondrius,1162,warrior,arms,220,108,112
Areiden,sargeras,1162,warrior,arms,54,18,36
Condog,stormrage,1161,warrior,arms,30,19,11
Gongos,doomhammer,1161,warrior,arms,213,110,103
Kråtøs,nordrassil,1161,warrior,arms,36,13,23
Zemdur,azralon,1160,warrior,arms,26,13,13
Enthria,illidan,1159,warrior,arms,96,49,47
Puertorc,ragnaros,1159,warrior,arms,61,29,32
Bigbouba,jubeithos,1159,warrior,arms,72,27,45
Anotee,kelthuzad,1158,warrior,arms,147,76,71
Xyazhiro,ragnaros,1157,warrior,arms,138,66,72
Raokao,senjin,1157,warrior,arms,42,15,27
Stonnies,bleeding-hollow,1156,warrior,arms,24,13,11
Angryskeever,garona,1156,warrior,arms,48,25,23
Tomatogodx,sargeras,1156,warrior,arms,31,15,16
Elpish,ragnaros,1154,warrior,arms,78,37,41
Hagud,tichondrius,1154,warrior,arms,107,49,58
Onso,ragnaros,1154,warrior,arms,34,14,20
Herdercas,sargeras,1152,warrior,arms,18,12,6
Dollfacelol,bleeding-hollow,1152,warrior,arms,18,12,6
Furiousvic,frostmourne,1152,warrior,arms,28,14,14
Golodiso,mugthol,1152,warrior,arms,30,12,18
Pathelsonsus,stormrage,1152,warrior,arms,30,12,18
Keskiya,frostmourne,1152,warrior,arms,35,13,22
Atomiclol,area-52,1151,warrior,arms,18,12,6
Scaredwarr,stormrage,1151,warrior,arms,46,25,21
Varrior,wyrmrest-accord,1151,warrior,arms,24,12,12
Turecw,illidan,1151,warrior,arms,24,12,12
Njjszn,thrall,1151,warrior,arms,226,110,116
Sleifx,quelthalas,1150,warrior,arms,18,12,6
Pkgdtko,tichondrius,1150,warrior,arms,18,12,6
Vezixx,dragonmaw,1150,warrior,arms,30,17,13
Gathzyx,tichondrius,1150,warrior,arms,24,12,12
Intricacy,tichondrius,1150,warrior,arms,24,12,12
Jarheadz,bleeding-hollow,1150,warrior,arms,35,12,23
Adversary,tichondrius,1149,warrior,arms,18,12,6
Jaytoo,illidan,1149,warrior,arms,18,12,6
Iblowloads,illidan,1149,warrior,arms,24,14,10
Bigjanglès,frostmourne,1148,warrior,arms,66,35,31
Trén,hydraxis,1148,warrior,arms,24,12,12
Kamuwarr,azralon,1148,warrior,arms,24,12,12
Shino,garona,1148,warrior,arms,24,12,12
Zetraytus,moon-guard,1148,warrior,arms,54,25,29
Pezek,thrall,1148,warrior,arms,26,12,14
Genesisblade,illidan,1148,warrior,arms,30,12,18
Dóminus,malfurion,1147,warrior,arms,18,12,6
Misclickëd,dalaran,1147,warrior,arms,24,12,12
Vodkagoblin,sargeras,1147,warrior,arms,24,12,12
Virillius,wyrmrest-accord,1147,warrior,arms,28,13,15
Hkbdynamus,black-dragonflight,1147,warrior,arms,54,22,32
Jianhung,tichondrius,1147,warrior,arms,30,12,18
Äisemberg,quelthalas,1147,warrior,arms,35,12,23
Hektar,tichondrius,1146,warrior,arms,18,12,6
Tramplehaste,barthilas,1146,warrior,arms,30,18,12
Nebraskapete,wyrmrest-accord,1146,warrior,arms,24,12,12
Laylowk,tichondrius,1146,warrior,arms,24,12,12
Furryhorv,frostmourne,1146,warrior,arms,24,12,12
Plssaveme,ysera,1146,warrior,arms,68,27,41
Itskinggrizz,thrall,1145,warrior,arms,22,13,9
Davlar,ragnaros,1145,warrior,arms,33,14,19
Ðred,blackhand,1145,warrior,arms,30,12,18
Skizoid,kiljaeden,1144,warrior,arms,18,12,6
Zügnificent,area-52,1144,warrior,arms,18,12,6
Skittlesxo,bleeding-hollow,1144,warrior,arms,24,12,12
Notakîd,stormrage,1144,warrior,arms,30,13,17
Funderr,eonar,1144,warrior,arms,45,19,26
Vãnzir,wyrmrest-accord,1144,warrior,arms,48,19,29
Eskama,hyjal,1144,warrior,arms,41,16,25
Sartin,boulderfist,1144,warrior,arms,42,14,28
Héro,stormrage,1144,warrior,arms,36,12,24
Mansionzw,frostmourne,1143,warrior,arms,18,12,6
Daemous,wyrmrest-accord,1143,warrior,arms,18,12,6
Invared,stormrage,1143,warrior,arms,18,12,6
Bladeblade,burning-blade,1143,warrior,arms,27,12,15
Matutekz,ragnaros,1143,warrior,arms,36,12,24
Nibbzy,sargeras,1142,warrior,arms,18,12,6
Lucidx,malfurion,1142,warrior,arms,18,12,6
Realthiccbbw,tichondrius,1142,warrior,arms,24,12,12
Haldeer,shadow-council,1142,warrior,arms,24,12,12
Husc,kiljaeden,1142,warrior,arms,24,12,12
Buliwyff,wyrmrest-accord,1142,warrior,arms,71,33,38
Dracossack,ragnaros,1142,warrior,arms,47,17,30
Stoul,illidan,1141,warrior,arms,36,24,12
Crnogorac,hakkar,1141,warrior,arms,18,12,6
Andrexion,moon-guard,1141,warrior,arms,24,12,12
Yisunshin,azralon,1141,warrior,arms,24,12,12
Elmosmash,thrall,1141,warrior,arms,24,12,12
Strongtall,tichondrius,1141,warrior,arms,36,15,21
Ovò,malganis,1141,warrior,arms,30,12,18
Munchiesxqc,exodar,1141,warrior,arms,74,26,48
Saskouach,stormrage,1140,warrior,arms,26,12,14
Furiouss,moon-guard,1140,warrior,arms,30,12,18
Brocc,tichondrius,1139,warrior,arms,24,12,12
Gristly,sargeras,1138,warrior,arms,18,12,6
Uzipipe,malfurion,1138,warrior,arms,30,18,12
Baloz,tichondrius,1138,warrior,arms,30,13,17
Bigsquiggle,blackrock,1138,warrior,arms,30,12,18
Plugz,sargeras,1137,warrior,arms,28,14,14
Aztecvil,drakkari,1137,warrior,arms,36,12,24
Soggynapkin,proudmoore,1136,warrior,arms,30,17,13
Nabii,tichondrius,1136,warrior,arms,30,12,18
Zulgadark,ragnaros,1136,warrior,arms,39,15,24
Demetryuz,azralon,1135,warrior,arms,18,12,6
Digitalpsyko,hyjal,1135,warrior,arms,30,15,15
Mefhes,ragnaros,1135,warrior,arms,30,13,17
Bib,malganis,1135,warrior,arms,30,12,18
Drahconian,aggramar,1134,warrior,arms,24,12,12
Shattering,fizzcrank,1134,warrior,arms,24,12,12
Ggcthulu,area-52,1134,warrior,arms,24,12,12
Dhano,drakkari,1134,warrior,arms,60,25,35
Zebron,sargeras,1134,warrior,arms,31,12,19
Areuz,azralon,1133,warrior,arms,22,13,9
Cocainiouz,dalaran,1133,warrior,arms,54,24,30
Tragictonka,stormrage,1133,warrior,arms,30,12,18
Yamato,skywall,1133,warrior,arms,30,12,18
Tripleblack,mugthol,1132,warrior,arms,18,12,6
Isildur,nerzhul,1132,warrior,arms,36,20,16
Swolthelas,tichondrius,1132,warrior,arms,24,12,12
Ultradma,area-52,1132,warrior,arms,30,12,18
Sudavis,alleria,1131,warrior,arms,61,36,25
Édton,area-52,1131,warrior,arms,72,36,36
Degentradorz,area-52,1131,warrior,arms,213,102,111
Spritez,malganis,1131,warrior,arms,70,27,43
Fugufish,nemesis,1130,warrior,arms,47,16,31
Tôpanga,lightninghoof,1130,warrior,arms,43,14,29
Inunotaysho,quelthalas,1129,warrior,arms,54,22,32
Genesisxp,barthilas,1129,warrior,arms,30,12,18
Novoc,tichondrius,1129,warrior,arms,37,14,23
Irishhammer,malfurion,1129,warrior,arms,41,15,26
Lunks,kelthuzad,1128,warrior,arms,18,12,6
Aquannas,bloodscalp,1128,warrior,arms,37,22,15
Alderr,frostmourne,1128,warrior,arms,36,16,20
Bulletfodder,tichondrius,1127,warrior,arms,24,12,12
Wako,hyjal,1126,warrior,arms,62,30,32
Geoorg,ragnaros,1126,warrior,arms,83,36,47
Shadalloo,azralon,1126,warrior,arms,30,12,18
Nishtana,quelthalas,1125,warrior,arms,24,12,12
Angitu,quelthalas,1124,warrior,arms,24,14,10
Úmarth,azralon,1124,warrior,arms,60,29,31
Raharon,chogall,1124,warrior,arms,61,26,35
Preschool,sargeras,1123,warrior,arms,18,13,5
Croton,moon-guard,1122,warrior,arms,24,12,12
Demetrïus,moon-guard,1122,warrior,arms,30,12,18
Jaimey,malganis,1121,warrior,arms,29,12,17
Carrito,perenolde,1120,warrior,arms,53,29,24
Ambiss,azjolnerub,1120,warrior,arms,47,21,26
Tyférious,tichondrius,1120,warrior,arms,86,36,50
Slumdawgg,andorhal,1119,warrior,arms,59,32,27
Sarget,ragnaros,1119,warrior,arms,48,24,24
Vaclein,quelthalas,1119,warrior,arms,54,24,30
Grândmâ,zuljin,1119,warrior,arms,36,14,22
Swiftynifty,area-52,1118,warrior,arms,48,29,19
Blaxst,gorgonnash,1118,warrior,arms,42,25,17
Clovê,ragnaros,1118,warrior,arms,48,27,21
Bekilled,frostmourne,1117,warrior,arms,60,26,34
Fabszord,nemesis,1116,warrior,arms,46,25,21
Rahtahtas,area-52,1116,warrior,arms,24,12,12
Buffalobob,bronzebeard,1115,warrior,arms,24,12,12
Hemone,frostmourne,1114,warrior,arms,30,15,15
Cowbøycrytoo,azralon,1113,warrior,arms,136,67,69
Beefybovine,zuljin,1113,warrior,arms,30,12,18
Containerbox,korgath,1112,warrior,arms,42,18,24
Casteleiro,azralon,1112,warrior,arms,32,13,19
Trigon,chromaggus,1111,warrior,arms,24,13,11
Alejandros,azgalor,1111,warrior,arms,23,12,11
Purefury,whisperwind,1111,warrior,arms,129,60,69
Warriorlee,jubeithos,1111,warrior,arms,44,19,25
Brysontiller,frostmourne,1110,warrior,arms,23,12,11
Malok,deathwing,1110,warrior,arms,117,51,66
Marconisabio,azralon,1110,warrior,arms,36,13,23
Wastenott,area-52,1109,warrior,arms,30,19,11
Thedoofy,blackrock,1109,warrior,arms,39,20,19
Drdrip,shuhalo,1109,warrior,arms,93,40,53
Spredforbred,area-52,1109,warrior,arms,30,12,18
Locotto,ragnaros,1109,warrior,arms,48,16,32
Bärdock,ragnaros,1105,warrior,arms,28,13,15
Youtank,kiljaeden,1105,warrior,arms,78,36,42
Dvhwec,tichondrius,1105,warrior,arms,28,12,16
Stiffysword,tanaris,1104,warrior,arms,41,21,20
Xl,quelthalas,1104,warrior,arms,138,59,79
Hazew,kelthuzad,1104,warrior,arms,29,12,17
Kenroc,illidan,1102,warrior,arms,24,12,12
Kiddoe,rivendare,1102,warrior,arms,113,50,63
Tipincider,perenolde,1100,warrior,arms,21,12,9
Bigsvit,trollbane,1100,warrior,arms,90,43,47
Lazyclap,nagrand,1098,warrior,arms,71,33,38
Mortilant,perenolde,1098,warrior,arms,111,50,61
Märiä,ragnaros,1097,warrior,arms,64,36,28
Wtbfriends,malganis,1097,warrior,arms,29,15,14
Riga,tichondrius,1097,warrior,arms,51,25,26
Garìk,moon-guard,1097,warrior,arms,99,41,58
Panzerian,area-52,1097,warrior,arms,37,14,23
Toxxel,wyrmrest-accord,1097,warrior,arms,95,32,63
Forevercute,proudmoore,1096,warrior,arms,23,14,9
Theøcritus,korgath,1096,warrior,arms,42,25,17
Eiendira,proudmoore,1096,warrior,arms,32,13,19
Upro,tichondrius,1096,warrior,arms,35,12,23
Helandas,moknathal,1095,warrior,arms,224,110,114
Jägernaught,stormrage,1095,warrior,arms,29,12,17
Revenue,crushridge,1094,warrior,arms,30,13,17
Melankoma,sargeras,1094,warrior,arms,30,12,18
Arrogated,emerald-dream,1093,warrior,arms,90,44,46
Arroezze,earthen-ring,1093,warrior,arms,31,13,18
Lunusx,stormrage,1092,warrior,arms,31,12,19
Kâyous,tichondrius,1092,warrior,arms,47,17,30
Schwicker,stormrage,1091,warrior,arms,28,12,16
Kurixu,ragnaros,1090,warrior,arms,30,12,18
Charcharbinx,zuljin,1090,warrior,arms,54,21,33
Thebeastwar,area-52,1089,warrior,arms,78,40,38
Zolpidem,nemesis,1089,warrior,arms,30,13,17
Racky,dragonmaw,1089,warrior,arms,28,12,16
Padalouh,kelthuzad,1089,warrior,arms,48,19,29
Ujumpijump,andorhal,1089,warrior,arms,84,32,52
Marcolatus,ragnaros,1088,warrior,arms,201,99,102
Bloren,thrall,1085,warrior,arms,30,14,16
Jiszle,sargeras,1085,warrior,arms,34,12,22
Kempachii,ragnaros,1083,warrior,arms,82,40,42
Lilsweet,moon-guard,1082,warrior,arms,61,31,30
Pingorosho,quelthalas,1082,warrior,arms,48,22,26
Orcopata,ragnaros,1081,warrior,arms,26,12,14
Mindfreaklol,nemesis,1081,warrior,arms,46,20,26
Starplatinum,aerie-peak,1079,warrior,arms,62,24,38
Murrdock,nesingwary,1078,warrior,arms,26,13,13
Gorfin,spirestone,1077,warrior,arms,42,12,30
Olgran,drakkari,1076,warrior,arms,100,42,58
Xarlon,stormrage,1075,warrior,arms,33,13,20
Inuyasha,korgath,1074,warrior,arms,88,50,38
Several,whisperwind,1073,warrior,arms,39,23,16
Beansgohard,deathwing,1073,warrior,arms,27,12,15
Plsmilkme,zuljin,1072,warrior,arms,24,16,8
Kriegert,illidan,1071,warrior,arms,24,16,8
Ragarok,jubeithos,1071,warrior,arms,20,12,8
Armada,sargeras,1068,warrior,arms,25,12,13
Mâmba,thrall,1067,warrior,arms,52,24,28
Turkin,proudmoore,1067,warrior,arms,54,20,34
Karroww,thrall,1066,warrior,arms,30,18,12
Sweetdeé,zuljin,1063,warrior,arms,24,13,11
Killgløry,aerie-peak,1063,warrior,arms,123,57,66
Krömm,kilrogg,1062,warrior,arms,54,28,26
Whiteclouds,blood-furnace,1061,warrior,arms,84,44,40
Knocks,blackrock,1061,warrior,arms,50,25,25
Ugrundan,zuljin,1061,warrior,arms,48,21,27
Tekkamanaxe,tichondrius,1061,warrior,arms,42,13,29
Riuk,goldrinn,1057,warrior,arms,47,24,23
Rafaelwar,drakkari,1057,warrior,arms,35,14,21
Outterspace,illidan,1056,warrior,arms,18,11,7
Chulain,tichondrius,1056,warrior,arms,18,11,7
Kahn,andorhal,1056,warrior,arms,18,11,7
Midorikwa,area-52,1056,warrior,arms,23,11,12
Wizcleavuh,area-52,1056,warrior,arms,24,11,13
Evanx,sargeras,1056,warrior,arms,24,11,13
Nuqupq,tichondrius,1056,warrior,arms,24,11,13
Kufflinks,kelthuzad,1056,warrior,arms,30,11,19
Hotshótz,kelthuzad,1055,warrior,arms,12,11,1
Pkgd,tichondrius,1055,warrior,arms,12,11,1
Jeffesptein,tichondrius,1055,warrior,arms,18,11,7
Sonwar,azralon,1055,warrior,arms,18,11,7
Gladiator,azshara,1055,warrior,arms,18,11,7
Thuggyfresh,malganis,1055,warrior,arms,18,11,7
Turtlestorm,tichondrius,1055,warrior,arms,18,11,7
Kracha,thrall,1055,warrior,arms,30,15,15
Breyns,garrosh,1055,warrior,arms,25,12,13
Duckyuwu,tichondrius,1055,warrior,arms,24,11,13
Feedzz,area-52,1055,warrior,arms,24,11,13
Faronstompz,sargeras,1055,warrior,arms,24,11,13
Imcute,senjin,1055,warrior,arms,78,30,48
Dirkdallas,tichondrius,1055,warrior,arms,30,11,19
Vooné,tichondrius,1054,warrior,arms,18,11,7
Chonbi,tichondrius,1054,warrior,arms,18,11,7
Chopped,wyrmrest-accord,1054,warrior,arms,18,11,7
Bullwar,barthilas,1054,warrior,arms,18,11,7
Fallenguardx,sargeras,1054,warrior,arms,18,11,7
Executiepie,hyjal,1054,warrior,arms,18,11,7
Relaxnerdlol,antonidas,1054,warrior,arms,18,11,7
Hitmypronoun,illidan,1054,warrior,arms,21,12,9
Eniaan,khaz-modan,1054,warrior,arms,27,13,14
Tháne,emerald-dream,1054,warrior,arms,24,11,13
Vexwar,bleeding-hollow,1054,warrior,arms,24,11,13
Murdokkwml,ragnaros,1054,warrior,arms,26,11,15
Shöthetank,area-52,1054,warrior,arms,30,11,19
Dreadtøøth,tichondrius,1054,warrior,arms,30,11,19
Ttl,dalaran,1053,warrior,arms,18,11,7
Sawsyy,kelthuzad,1053,warrior,arms,27,11,16
Fortchin,area-52,1053,warrior,arms,30,11,19
Sabrix,sargeras,1053,warrior,arms,30,11,19
Adryina,zuljin,1052,warrior,arms,18,11,7
Blornecus,area-52,1052,warrior,arms,18,11,7
Zeshgarr,jubeithos,1052,warrior,arms,28,13,15
Execute,kirin-tor,1052,warrior,arms,24,11,13
Tâte,sargeras,1052,warrior,arms,24,11,13
Carrange,moon-guard,1052,warrior,arms,24,11,13
Kaìju,dragonmaw,1052,warrior,arms,24,11,13
Dreadworld,bleeding-hollow,1052,warrior,arms,30,11,19
Hellizzy,sargeras,1052,warrior,arms,30,11,19
Geubsal,tichondrius,1052,warrior,arms,36,11,25
Loomora,illidan,1051,warrior,arms,18,11,7
Kàkarot,illidan,1051,warrior,arms,18,11,7
Doglegz,saurfang,1051,warrior,arms,43,25,18
Bitïj,quelthalas,1051,warrior,arms,22,12,10
Carriney,illidan,1051,warrior,arms,101,48,53
Envision,frostmourne,1051,warrior,arms,24,11,13
Cannibalizm,hyjal,1051,warrior,arms,24,11,13
Zerevik,stormrage,1051,warrior,arms,30,11,19
Drillbit,wyrmrest-accord,1051,warrior,arms,30,11,19
Essofeit,frostmourne,1051,warrior,arms,30,11,19
Humminity,quelthalas,1051,warrior,arms,32,11,21
Georgedubya,illidan,1051,warrior,arms,36,11,25
Spacepants,azjolnerub,1050,warrior,arms,16,12,4
Angrybulky,illidan,1050,warrior,arms,18,11,7
Rexquando,barthilas,1050,warrior,arms,24,11,13
Crul,gurubashi,1050,warrior,arms,31,11,20
Myceliumlog,frostmourne,1049,warrior,arms,18,11,7
Halis,illidan,1049,warrior,arms,27,16,11
Lololosda,quelthalas,1049,warrior,arms,88,47,41
Strongtongue,malganis,1049,warrior,arms,24,11,13
Plagueis,dark-iron,1049,warrior,arms,24,11,13
Gadderhammer,azgalor,1049,warrior,arms,42,17,25
Clortho,korialstrasz,1049,warrior,arms,40,16,24
Sneakyhand,draktharon,1048,warrior,arms,18,11,7
Noor,tichondrius,1048,warrior,arms,18,11,7
Wixer,illidan,1048,warrior,arms,18,11,7
Ferdaliance,tichondrius,1048,warrior,arms,18,11,7
Reignwolf,azralon,1048,warrior,arms,24,13,11
Pneumasmash,tichondrius,1048,warrior,arms,24,11,13
Noktyn,haomarush,1048,warrior,arms,24,11,13
Vlanko,tichondrius,1048,warrior,arms,36,14,22
Ichigami,kelthuzad,1048,warrior,arms,30,11,19
Castedien,quelthalas,1048,warrior,arms,36,11,25
Zugmeov,barthilas,1048,warrior,arms,42,11,31
Bøgz,kelthuzad,1047,warrior,arms,18,11,7
Bouk,bloodscalp,1047,warrior,arms,18,11,7
Dedbeet,barthilas,1047,warrior,arms,24,11,13
Preceptron,azralon,1047,warrior,arms,24,11,13
Dwarfanage,tichondrius,1047,warrior,arms,28,12,16
Rankjuan,area-52,1047,warrior,arms,30,11,19
Smash,frostmane,1047,warrior,arms,30,11,19
Bjërgsen,azralon,1046,warrior,arms,21,12,9
Prunebery,area-52,1046,warrior,arms,30,16,14
Nirax,burning-legion,1046,warrior,arms,26,11,15
Warrpool,shadowmoon,1045,warrior,arms,18,11,7
Jfordnever,area-52,1045,warrior,arms,18,11,7
Jodoro,malfurion,1045,warrior,arms,24,11,13
Keanucleaves,khazgoroth,1045,warrior,arms,28,11,17
Hugz,thrall,1045,warrior,arms,30,11,19
Milkshake,stormrage,1045,warrior,arms,36,11,25
Orphasmic,moon-guard,1044,warrior,arms,36,11,25
Inkael,sargeras,1043,warrior,arms,18,11,7
Huggesmash,thaurissan,1043,warrior,arms,24,11,13
Nachobeef,illidan,1043,warrior,arms,24,11,13
Svênd,ragnaros,1042,warrior,arms,30,12,18
Wakaflaka,kiljaeden,1042,warrior,arms,30,11,19
Alondir,quelthalas,1042,warrior,arms,30,11,19
Ødïñ,sargeras,1040,warrior,arms,81,39,42
Greenmachine,twisting-nether,1040,warrior,arms,30,11,19
Thedeejoner,caelestrasz,1040,warrior,arms,36,11,25
Xandrak,barthilas,1039,warrior,arms,71,35,36
Krunchal,terenas,1039,warrior,arms,42,17,25
Tomcruisé,ragnaros,1038,warrior,arms,23,15,8
Koteketzu,ragnaros,1038,warrior,arms,58,33,25
Burgdur,sargeras,1038,warrior,arms,108,46,62
Dylaiin,kelthuzad,1038,warrior,arms,30,11,19
Wrekkshop,tichondrius,1037,warrior,arms,27,13,14
Wrrx,frostmourne,1037,warrior,arms,24,11,13
Yoknitron,bonechewer,1037,warrior,arms,30,11,19
Ligerii,quelthalas,1036,warrior,arms,24,11,13
Beardoff,sargeras,1034,warrior,arms,40,20,20
Regthar,illidan,1034,warrior,arms,23,11,12
Indoondabeat,azgalor,1034,warrior,arms,32,15,17
Portersz,korgath,1034,warrior,arms,24,11,13
Layoon,azralon,1033,warrior,arms,25,12,13
Nashallo,zuljin,1033,warrior,arms,36,14,22
Goodrik,quelthalas,1033,warrior,arms,30,11,19
Mentalape,bleeding-hollow,1033,warrior,arms,30,11,19
Nobowar,tichondrius,1032,warrior,arms,24,11,13
Radeox,ragnaros,1032,warrior,arms,25,11,14
Pegaso,the-underbog,1032,warrior,arms,29,12,17
Kaimana,zuljin,1031,warrior,arms,24,11,13
Stalecrouton,doomhammer,1030,warrior,arms,18,11,7
Potan,thrall,1030,warrior,arms,60,25,35
Bradshaw,sargeras,1029,warrior,arms,42,18,24
Thråsh,area-52,1028,warrior,arms,66,33,33
Coffetea,area-52,1027,warrior,arms,90,51,39
Thedargz,trollbane,1027,warrior,arms,167,86,81
Cronie,steamwheedle-cartel,1027,warrior,arms,36,16,20
Yerajmiel,proudmoore,1026,warrior,arms,18,11,7
Blockcheese,illidan,1026,warrior,arms,36,13,23
Dinocrusher,illidan,1024,warrior,arms,18,11,7
Unterg,ragnaros,1021,warrior,arms,36,17,19
Nøzerker,kelthuzad,1020,warrior,arms,26,12,14
Daytime,scilla,1020,warrior,arms,24,11,13
Guanyúu,tichondrius,1017,warrior,arms,23,11,12
Rágnárr,ragnaros,1017,warrior,arms,36,15,21
Digitalfear,malganis,1017,warrior,arms,29,12,17
Orcimonde,arthas,1017,warrior,arms,28,11,17
Lieutemajor,nemesis,1016,warrior,arms,59,30,29
Muss,tichondrius,1015,warrior,arms,22,11,11
Galuf,malygos,1014,warrior,arms,18,11,7
Gargameld,stormrage,1012,warrior,arms,53,29,24
Deathsmirk,illidan,1010,warrior,arms,72,37,35
Alrage,stormrage,1009,warrior,arms,26,13,13
Psýchótic,tichondrius,1009,warrior,arms,23,11,12
Dadookibooty,area-52,1008,warrior,arms,30,14,16
Axedeity,caelestrasz,1006,warrior,arms,123,64,59
Hexenbæne,tichondrius,1006,warrior,arms,23,11,12
Wasabiz,tichondrius,1005,warrior,arms,108,47,61
Tankdatt,frostmourne,1005,warrior,arms,36,15,21
Tsebaoth,quelthalas,1004,warrior,arms,78,38,40
Dupaminichav,stormrage,1003,warrior,arms,21,11,10
Zuggernaut,shadowsong,1003,warrior,arms,29,11,18
Brutallypwnd,tichondrius,1002,warrior,arms,53,29,24
Gorepig,sargeras,1002,warrior,arms,29,11,18
Imgunnacrum,malganis,1001,warrior,arms,28,14,14
Bionikus,nemesis,1000,warrior,arms,126,59,67
Macdollibee,barthilas,999,warrior,arms,78,40,38
Tandiko,wyrmrest-accord,999,warrior,arms,23,11,12
Borgee,tichondrius,999,warrior,arms,30,12,18
Rhawl,ragnaros,999,warrior,arms,39,14,25
Yuccaleaptus,area-52,998,warrior,arms,83,31,52
Goofyahwok,doomhammer,998,warrior,arms,33,12,21
Altruiel,sargeras,995,warrior,arms,40,20,20
Kyritto,azralon,994,warrior,arms,35,18,17
Vicor,ragnaros,993,warrior,arms,42,22,20
Orkuduro,azralon,993,warrior,arms,77,37,40
Ankhxiety,sargeras,993,warrior,arms,26,12,14
Kiggzs,tichondrius,991,warrior,arms,14,11,3
Lamaril,silvermoon,991,warrior,arms,18,13,5
Billy,area-52,990,warrior,arms,14,11,3
Aggripa,kelthuzad,990,warrior,arms,20,11,9
Kalaxe,quelthalas,990,warrior,arms,36,11,25
Psyrush,area-52,989,warrior,arms,34,13,21
Ulnaz,stormrage,988,warrior,arms,18,12,6
Stygïàn,draenor,988,warrior,arms,86,47,39
Wardeád,quelthalas,988,warrior,arms,27,11,16
Midge,proudmoore,987,warrior,arms,83,40,43
Bigwarrior,stonemaul,987,warrior,arms,29,11,18
Kriegsheer,bleeding-hollow,985,warrior,arms,26,11,15
Brrzrrkrr,twisting-nether,983,warrior,arms,36,18,18
Tankadin,dragonmaw,983,warrior,arms,30,14,16
Darkthok,drakkari,982,warrior,arms,34,15,19
Sneaknyoface,sargeras,982,warrior,arms,26,11,15
Realslovak,jubeithos,981,warrior,arms,23,11,12
Reliquia,quelthalas,980,warrior,arms,30,12,18
Lokiullr,tichondrius,978,warrior,arms,81,35,46
Tarmer,moon-guard,978,warrior,arms,30,11,19
Tucô,skullcrusher,976,warrior,arms,49,22,27
Happywarrior,tichondrius,976,warrior,arms,30,11,19
Sudokubrain,tichondrius,974,warrior,arms,19,11,8
Bussundas,azralon,974,warrior,arms,96,41,55
Djfredsd,tichondrius,972,warrior,arms,13,11,2
Ghainemarko,hakkar,970,warrior,arms,30,11,19
Kazatdum,zuljin,967,warrior,arms,30,15,15
Elfmonger,proudmoore,966,warrior,arms,19,11,8
Târtàrûs,tichondrius,966,warrior,arms,60,28,32
Wondaimon,drakkari,963,warrior,arms,27,12,15
Powerrager,amanthul,962,warrior,arms,25,11,14
Pvppaul,sargeras,960,warrior,arms,12,10,2
Escanòr,malganis,960,warrior,arms,18,10,8
Adios,tichondrius,960,warrior,arms,18,10,8
Szew,tichondrius,960,warrior,arms,18,10,8
Oxxelfer,tichondrius,960,warrior,arms,18,10,8
Åthos,illidan,960,warrior,arms,19,10,9
Benw,dawnbringer,960,warrior,arms,24,10,14
ßdm,illidan,960,warrior,arms,24,10,14
Choppin,sargeras,960,warrior,arms,24,10,14
Wargázm,thrall,960,warrior,arms,24,10,14
Fatalian,proudmoore,960,warrior,arms,30,10,20
Lukatim,proudmoore,959,warrior,arms,12,10,2
Xyranica,moon-guard,959,warrior,arms,12,10,2
Warbasher,area-52,959,warrior,arms,18,10,8
Jelurd,stormrage,959,warrior,arms,18,10,8
Tantei,moon-guard,959,warrior,arms,18,10,8
Alkír,zuljin,959,warrior,arms,18,10,8
Bamxz,sargeras,959,warrior,arms,18,10,8
Beozerker,thrall,959,warrior,arms,18,10,8
Hellfirearms,tichondrius,959,warrior,arms,18,10,8
Wonbin,moon-guard,959,warrior,arms,18,10,8
Akenox,area-52,959,warrior,arms,18,10,8
Pressd,frostmourne,959,warrior,arms,24,10,14
Ggrone,ragnaros,959,warrior,arms,24,10,14
Mikeoxgreen,zuljin,959,warrior,arms,24,10,14
Drdelicious,tichondrius,959,warrior,arms,24,10,14
Chardz,ragnaros,959,warrior,arms,30,10,20
Retiarius,tichondrius,959,warrior,arms,30,10,20
Est,illidan,958,warrior,arms,12,10,2
Arrtorias,quelthalas,958,warrior,arms,12,10,2
Glacierrsz,sargeras,958,warrior,arms,18,10,8
Kronathas,stormrage,958,warrior,arms,18,10,8
Hauce,illidan,958,warrior,arms,18,10,8
Akylis,tichondrius,958,warrior,arms,18,10,8
Twôfour,tichondrius,958,warrior,arms,18,10,8
Papazugs,kelthuzad,958,warrior,arms,18,10,8
Bigdickfever,sargeras,958,warrior,arms,24,10,14
Grimspin,tichondrius,958,warrior,arms,24,10,14
Kelmor,thunderhorn,958,warrior,arms,30,10,20
Calto,tichondrius,958,warrior,arms,30,10,20
Razakamx,tichondrius,957,warrior,arms,12,10,2
Nononocharge,vashj,957,warrior,arms,18,10,8
Fugmaface,sargeras,957,warrior,arms,18,10,8
Whórm,kelthuzad,957,warrior,arms,18,10,8
Leapsalp,proudmoore,957,warrior,arms,18,10,8
Tasyn,blackrock,957,warrior,arms,18,10,8
Atuey,area-52,957,warrior,arms,18,10,8
Kaggorax,tichondrius,957,warrior,arms,24,10,14
Dypnos,ragnaros,957,warrior,arms,24,10,14
Rendron,frostmourne,957,warrior,arms,24,10,14
Targos,frostwolf,957,warrior,arms,24,10,14
Kamigoroshi,crushridge,957,warrior,arms,30,10,20
Sõnics,tichondrius,957,warrior,arms,30,10,20
Aberwarr,illidan,956,warrior,arms,18,10,8
Keffdog,laughing-skull,956,warrior,arms,18,10,8
Topbel,sargeras,956,warrior,arms,18,10,8
Lòvex,alterac-mountains,956,warrior,arms,60,32,28
Numb,moon-guard,956,warrior,arms,26,11,15
Kushe,moon-guard,956,warrior,arms,24,10,14
Barøneza,stormrage,956,warrior,arms,24,10,14
Torbajhorn,moon-guard,956,warrior,arms,24,10,14
Warzôg,emerald-dream,956,warrior,arms,24,10,14
Baldain,garrosh,955,warrior,arms,18,10,8
Stromkiller,stormrage,955,warrior,arms,18,10,8
Enelsita,sargeras,955,warrior,arms,25,12,13
Blackstamp,tichondrius,955,warrior,arms,50,23,27
Warriorkofwa,tichondrius,955,warrior,arms,24,10,14
Nanor,zuljin,955,warrior,arms,24,10,14
Lobo,sargeras,955,warrior,arms,100,40,60
Theestallion,kiljaeden,954,warrior,arms,18,10,8
Chieef,illidan,954,warrior,arms,24,10,14
Sakiimoe,ragnaros,954,warrior,arms,24,10,14
Roccoz,quelthalas,954,warrior,arms,24,10,14
Antêro,sargeras,954,warrior,arms,42,17,25
Starshattr,bleeding-hollow,954,warrior,arms,30,10,20
Zomars,ragnaros,953,warrior,arms,18,10,8
Coffeebottom,wyrmrest-accord,953,warrior,arms,18,10,8
Jragonmaster,borean-tundra,953,warrior,arms,66,26,40
Iamfine,area-52,953,warrior,arms,30,10,20
Thiccsmith,blackrock,952,warrior,arms,18,10,8
Mauler,medivh,952,warrior,arms,24,10,14
Originalpimp,bleeding-hollow,952,warrior,arms,24,10,14
Aziz,kiljaeden,952,warrior,arms,25,10,15
Astellios,stormrage,951,warrior,arms,18,10,8
Vvârriôr,barthilas,951,warrior,arms,24,10,14
Ajulacho,ragnaros,951,warrior,arms,24,10,14
Darroma,bleeding-hollow,950,warrior,arms,18,10,8
Helaume,arathor,950,warrior,arms,18,10,8
Discopogo,nemesis,950,warrior,arms,24,10,14
Oppos,lightnings-blade,950,warrior,arms,31,12,19
Rainiki,stormrage,950,warrior,arms,30,11,19
Zoldyak,ragnaros,949,warrior,arms,24,10,14
Tanatos,the-venture-co,949,warrior,arms,42,16,26
Raÿnok,ragnaros,948,warrior,arms,52,16,36
Kreeper,farstriders,947,warrior,arms,29,14,15
Dizzygal,hyjal,947,warrior,arms,24,10,14
Pummels,area-52,947,warrior,arms,24,10,14
Uhredb,aegwynn,946,warrior,arms,42,22,20
Alexarchos,chogall,945,warrior,arms,24,10,14
Garroshrimp,tichondrius,944,warrior,arms,24,10,14
Lükke,ragnaros,943,warrior,arms,24,10,14
Oohyu,tichondrius,941,warrior,arms,21,11,10
Meatdrps,frostmane,941,warrior,arms,26,11,15
Thing,gorgonnash,941,warrior,arms,24,10,14
Feared,hakkar,940,warrior,arms,23,10,13
Dragmös,nemesis,937,warrior,arms,12,10,2
Stöñè,blackwater-raiders,937,warrior,arms,24,10,14
Cizzik,emerald-dream,936,warrior,arms,18,10,8
Hulkspazz,darkspear,936,warrior,arms,39,18,21
Mariò,area-52,934,warrior,arms,18,10,8
Tyrantt,malganis,934,warrior,arms,54,22,32
Pocketaxe,blackwater-raiders,927,warrior,arms,83,40,43
Phoveros,sargeras,927,warrior,arms,23,10,13
Ragesimp,stormrage,926,warrior,arms,23,10,13
Kalusha,ragnaros,926,warrior,arms,72,29,43
Gontore,thrall,925,warrior,arms,23,10,13
Reginato,ravenholdt,925,warrior,arms,27,10,17
Fûry,tichondrius,924,warrior,arms,142,63,79
Taigola,aggramar,923,warrior,arms,22,11,11
Dierdris,gnomeregan,922,warrior,arms,61,29,32
Machatlan,stormrage,919,warrior,arms,70,35,35
Tecnowar,quelthalas,917,warrior,arms,23,10,13
Velliena,tichondrius,916,warrior,arms,32,11,21
Skarkla,thrall,911,warrior,arms,29,10,19
Loudpee,tichondrius,910,warrior,arms,20,11,9
Nexie,moon-guard,910,warrior,arms,21,10,11
Lishajr,malganis,907,warrior,arms,38,19,19
Warbreaker,stormrage,905,warrior,arms,17,10,7
Warronin,kaelthas,905,warrior,arms,22,11,11
Spitts,frostmourne,904,warrior,arms,21,10,11
Placerqt,ragnaros,903,warrior,arms,26,11,15
Atrocithy,ragnaros,896,warrior,arms,16,10,6
Girioo,thrall,895,warrior,arms,14,10,4
Catêyês,kelthuzad,895,warrior,arms,26,10,16
Ohjim,stormrage,892,warrior,arms,26,10,16
Pumpuup,bleeding-hollow,890,warrior,arms,48,19,29
Smokezee,barthilas,890,warrior,arms,26,10,16
Wallzar,sargeras,887,warrior,arms,20,10,10
Deathhit,barthilas,887,warrior,arms,41,20,21
Hruum,moknathal,886,warrior,arms,18,10,8
Faen,anvilmar,883,warrior,arms,22,10,12
Señor,barthilas,878,warrior,arms,27,13,14
Poornub,emerald-dream,875,warrior,arms,19,11,8
Spartabear,thrall,873,warrior,arms,25,10,15
Saigø,stormrage,870,warrior,arms,30,14,16
Sígmar,dreadmaul,869,warrior,arms,18,10,8
Wreckerr,area-52,869,warrior,arms,26,12,14
Tobella,illidan,864,warrior,arms,12,9,3
Moonyxx,frostmourne,864,warrior,arms,12,9,3
Youngmoneyd,illidan,864,warrior,arms,12,9,3
Dripgodx,malganis,864,warrior,arms,12,9,3
Skynitez,area-52,864,warrior,arms,12,9,3
Joker,andorhal,864,warrior,arms,12,9,3
Dedgamesucks,darkspear,864,warrior,arms,12,9,3
Iracor,stormrage,864,warrior,arms,12,9,3
Mlau,tichondrius,864,warrior,arms,18,9,9
Anklebiter,aerie-peak,864,warrior,arms,18,9,9
Gläedr,dalaran,864,warrior,arms,18,9,9
Alchera,fizzcrank,864,warrior,arms,18,9,9
Stÿgían,kelthuzad,864,warrior,arms,18,9,9
Oafnir,moon-guard,864,warrior,arms,18,9,9
Solocon,tichondrius,864,warrior,arms,18,9,9
Jersucristö,quelthalas,864,warrior,arms,18,9,9
Stÿgian,blood-furnace,864,warrior,arms,18,9,9
Warwagon,the-underbog,864,warrior,arms,18,9,9
Vanlur,khaz-modan,864,warrior,arms,18,9,9
Undeadbones,firetree,864,warrior,arms,18,9,9
Lebs,frostmourne,864,warrior,arms,18,9,9
Dropthemic,tichondrius,864,warrior,arms,18,9,9
Bbg,bleeding-hollow,864,warrior,arms,18,9,9
Grimfate,boulderfist,864,warrior,arms,18,9,9
Böô,tichondrius,864,warrior,arms,18,9,9
Pretending,dalaran,864,warrior,arms,24,9,15
Dustywx,area-52,864,warrior,arms,24,9,15
Softtofu,illidan,864,warrior,arms,24,9,15
Eensy,sargeras,864,warrior,arms,24,9,15
Baye,kargath,864,warrior,arms,24,9,15
Boardslide,proudmoore,864,warrior,arms,30,9,21
Durist,tichondrius,864,warrior,arms,36,9,27
Grehk,sargeras,863,warrior,arms,12,9,3
Baldthunder,area-52,863,warrior,arms,12,9,3
Eggheadorc,area-52,863,warrior,arms,12,9,3
Stickystorm,proudmoore,863,warrior,arms,16,10,6
Shrëkslovaki,tichondrius,863,warrior,arms,18,9,9
Kid,daggerspine,863,warrior,arms,18,9,9
Brrazze,moon-guard,863,warrior,arms,18,9,9
Greven,malganis,863,warrior,arms,18,9,9
Chøde,barthilas,863,warrior,arms,18,9,9
Mortalstrike,azralon,863,warrior,arms,18,9,9
Zaynafein,emerald-dream,863,warrior,arms,18,9,9
Terneitor,ragnaros,863,warrior,arms,18,9,9
Primedstrike,wyrmrest-accord,863,warrior,arms,18,9,9
Erdnase,ragnaros,863,warrior,arms,18,9,9
Spxnk,illidan,863,warrior,arms,18,9,9
Balthamel,dunemaul,863,warrior,arms,18,9,9
Nosoraki,thrall,863,warrior,arms,18,9,9
Blitzø,malganis,863,warrior,arms,18,9,9
Schoolbuhs,tichondrius,863,warrior,arms,18,9,9
Hasbullaa,proudmoore,863,warrior,arms,18,9,9
Averagewar,frostwolf,863,warrior,arms,18,9,9
Chrom,illidan,863,warrior,arms,18,9,9
Mechagodzila,kiljaeden,863,warrior,arms,18,9,9
Spincycle,khadgar,863,warrior,arms,21,9,12
Spiritz,illidan,863,warrior,arms,24,9,15
Geontage,drakkari,863,warrior,arms,24,9,15
Fernanxdll,quelthalas,863,warrior,arms,24,9,15
Wrecktang,tichondrius,863,warrior,arms,24,9,15
Laochra,aggramar,863,warrior,arms,24,9,15
Touhen,illidan,863,warrior,arms,24,9,15
Nezy,frostmourne,863,warrior,arms,24,9,15
Actio,stormrage,863,warrior,arms,24,9,15
Vrinith,ragnaros,863,warrior,arms,25,9,16
Warwslayer,tichondrius,863,warrior,arms,30,9,21
Xumæ,akama,863,warrior,arms,30,9,21
Dynamiite,bleeding-hollow,863,warrior,arms,30,9,21
Qnl,sargeras,862,warrior,arms,16,10,6
Xargosh,magtheridon,862,warrior,arms,18,9,9
Wargorin,bleeding-hollow,862,warrior,arms,18,9,9
Humansmash,thrall,862,warrior,arms,18,9,9
Fatalsfury,tichondrius,862,warrior,arms,18,9,9
Lanthelon,wyrmrest-accord,862,warrior,arms,18,9,9
Um,moon-guard,862,warrior,arms,18,9,9
Izârâk,frostmourne,862,warrior,arms,18,9,9
Cogsbixby,aerie-peak,862,warrior,arms,18,9,9
Wárriór,tichondrius,862,warrior,arms,24,9,15
Xurc,gnomeregan,862,warrior,arms,24,9,15
Shniewind,ragnaros,862,warrior,arms,30,9,21
Bruxigar,ragnaros,861,warrior,arms,18,9,9
Arên,ragnaros,861,warrior,arms,21,9,12
Shínkicker,area-52,861,warrior,arms,24,9,15
Jorked,drakkari,861,warrior,arms,24,9,15
Vãryan,frostmourne,861,warrior,arms,24,9,15
Enfw,frostmourne,861,warrior,arms,24,9,15
Josesilver,quelthalas,860,warrior,arms,18,9,9
Superaxis,frostmourne,860,warrior,arms,18,9,9
Zanicus,bleeding-hollow,860,warrior,arms,18,9,9
Weewarrior,wyrmrest-accord,860,warrior,arms,18,9,9
Grandtank,veknilash,860,warrior,arms,21,10,11
Stormit,illidan,860,warrior,arms,19,9,10
Jindyn,boulderfist,860,warrior,arms,64,29,35
Marnan,quelthalas,860,warrior,arms,24,9,15
Layllassa,moon-guard,860,warrior,arms,24,9,15
Lungwar,tichondrius,860,warrior,arms,24,9,15
Vio,mannoroth,859,warrior,arms,18,9,9
Kiyokó,sargeras,859,warrior,arms,18,9,9
Animato,tichondrius,859,warrior,arms,24,9,15
Czartacus,dalaran,858,warrior,arms,20,11,9
Geyaráh,azralon,858,warrior,arms,18,9,9
Féril,ragnaros,858,warrior,arms,18,9,9
Åres,wyrmrest-accord,858,warrior,arms,18,9,9
Corthíus,stormrage,858,warrior,arms,22,10,12
Bachyr,stormrage,858,warrior,arms,24,9,15
Deathstrøke,illidan,858,warrior,arms,30,9,21
Boltmor,stormrage,857,warrior,arms,12,9,3
Tinyguysmall,eredar,857,warrior,arms,22,11,11
Gahii,barthilas,857,warrior,arms,18,9,9
Joshums,warsong,857,warrior,arms,26,10,16
Karusuke,stormrage,857,warrior,arms,24,9,15
Sparkye,gallywix,856,warrior,arms,18,9,9
Tomcruizes,tichondrius,856,warrior,arms,18,9,9
Elliyuh,darkspear,856,warrior,arms,24,10,14
Irøns,arthas,856,warrior,arms,24,9,15
Kvoth,bleeding-hollow,856,warrior,arms,24,9,15
Eorik,stormrage,856,warrior,arms,36,9,27
Coldsnaps,azjolnerub,855,warrior,arms,18,9,9
Théoh,area-52,855,warrior,arms,18,9,9
Tarviss,exodar,855,warrior,arms,32,9,23
Wândêrer,wyrmrest-accord,854,warrior,arms,18,9,9
Garusok,thrall,853,warrior,arms,12,9,3
Beerbrat,illidan,853,warrior,arms,24,9,15
Chargekillu,proudmoore,852,warrior,arms,18,9,9
Kkaell,azralon,852,warrior,arms,18,9,9
Asiyurekhans,borean-tundra,851,warrior,arms,12,9,3
Ashtien,moon-guard,850,warrior,arms,24,9,15
Marszx,frostmourne,846,warrior,arms,29,9,20
Vynfull,area-52,845,warrior,arms,24,9,15
Krokgoldmane,drakkari,843,warrior,arms,72,33,39
Karadell,emerald-dream,843,warrior,arms,22,10,12
Marleta,aegwynn,834,warrior,arms,18,9,9
Molloywr,kelthuzad,831,warrior,arms,23,9,14
Notoriousmmà,illidan,831,warrior,arms,23,9,14
Karrison,azshara,829,warrior,arms,85,41,44
Líliúm,ragnaros,824,warrior,arms,30,9,21
Hjoz,illidan,822,warrior,arms,16,9,7
Zépileque,azralon,821,warrior,arms,28,9,19
Beepboop,malganis,817,warrior,arms,18,9,9
Rexxous,hyjal,815,warrior,arms,27,9,18
Bargorengar,skullcrusher,814,warrior,arms,78,34,44
Chickntender,stormreaver,813,warrior,arms,11,9,2
Moosebeef,garrosh,813,warrior,arms,73,33,40
Dingoe,wyrmrest-accord,813,warrior,arms,30,12,18
Kambrial,zuljin,810,warrior,arms,15,12,3
Scran,sargeras,809,warrior,arms,21,10,11
Paí,nemesis,808,warrior,arms,17,9,8
Gigazug,stormrage,799,warrior,arms,20,9,11
Rahj,saurfang,799,warrior,arms,20,9,11
Protologist,chogall,799,warrior,arms,22,9,13
Fatmân,tichondrius,798,warrior,arms,22,9,13
Alzuga,quelthalas,796,warrior,arms,26,9,17
Xcal,malganis,795,warrior,arms,20,9,11
Ripstorm,emerald-dream,794,warrior,arms,20,9,11
Thagunshow,tichondrius,794,warrior,arms,20,9,11
Ruick,wyrmrest-accord,793,warrior,arms,18,9,9
Ruiend,bonechewer,792,warrior,arms,20,9,11
Rizmal,area-52,791,warrior,arms,20,9,11
Vandalizer,sargeras,788,warrior,arms,20,10,10
Joecules,kelthuzad,783,warrior,arms,17,9,8
Koraciá,illidan,780,warrior,arms,19,9,10
Gushyguts,tichondrius,771,warrior,arms,25,9,16
Sweeped,darkspear,768,warrior,arms,12,8,4
Iced,tichondrius,768,warrior,arms,12,8,4
Dadslapper,illidan,768,warrior,arms,12,8,4
Msallsunday,nerzhul,768,warrior,arms,12,8,4
Huangatang,wyrmrest-accord,768,warrior,arms,12,8,4
Xaenne,zuljin,768,warrior,arms,12,8,4
Hoodslam,moon-guard,768,warrior,arms,12,8,4
Fløkî,azralon,768,warrior,arms,12,8,4
Zleam,area-52,768,warrior,arms,12,8,4
Slaughterx,malganis,768,warrior,arms,12,8,4
Gorva,emerald-dream,768,warrior,arms,12,8,4
Belclorn,illidan,768,warrior,arms,12,8,4
Swordfighter,moon-guard,768,warrior,arms,12,8,4
Tehnklo,malorne,768,warrior,arms,12,8,4
Cjay,bleeding-hollow,768,warrior,arms,12,8,4
Patékphilípe,area-52,768,warrior,arms,12,8,4
Tickej,dragonmaw,768,warrior,arms,12,8,4
Clown,andorhal,768,warrior,arms,12,8,4
Grüumsh,drenden,768,warrior,arms,12,8,4
Laggytwodope,kelthuzad,768,warrior,arms,12,8,4
Perfz,bleeding-hollow,768,warrior,arms,12,8,4
Meziaus,stormrage,768,warrior,arms,12,8,4
Thornhardt,frostmourne,768,warrior,arms,12,8,4
Willieruth,stormrage,768,warrior,arms,12,8,4
Armsupx,tichondrius,768,warrior,arms,12,8,4
Gabv,shadowmoon,768,warrior,arms,12,8,4
Wreckfúll,sargeras,768,warrior,arms,12,8,4
Optym,onyxia,768,warrior,arms,12,8,4
Zaruuga,argent-dawn,768,warrior,arms,12,8,4
Halibut,kelthuzad,768,warrior,arms,12,8,4
Traglos,ragnaros,768,warrior,arms,12,8,4
Mayhém,tichondrius,768,warrior,arms,12,8,4
Saucebussin,emerald-dream,768,warrior,arms,12,8,4
Cazora,ragnaros,768,warrior,arms,12,8,4
Hawö,quelthalas,768,warrior,arms,16,9,7
Elkz,tichondrius,768,warrior,arms,18,8,10
Baaltica,ragnaros,768,warrior,arms,18,8,10
Elky,area-52,768,warrior,arms,18,8,10
Warbringer,drakkari,768,warrior,arms,18,8,10
Ricksanches,shadowmoon,768,warrior,arms,18,8,10
Elitistx,bleeding-hollow,768,warrior,arms,18,8,10
Wingnut,zuluhed,768,warrior,arms,18,8,10
Riggs,stonemaul,768,warrior,arms,18,8,10
Supermieo,illidan,768,warrior,arms,18,8,10
Linjunfeng,tichondrius,768,warrior,arms,18,8,10
Leunitas,shadow-council,768,warrior,arms,18,8,10
Espadotas,ragnaros,768,warrior,arms,18,8,10
Sabers,mannoroth,768,warrior,arms,18,8,10
Soladelor,moon-guard,768,warrior,arms,18,8,10
Tádakatsu,sargeras,768,warrior,arms,18,8,10
Cugij,frostmourne,768,warrior,arms,18,8,10
Ogre,magtheridon,768,warrior,arms,18,8,10
Martrios,alexstrasza,768,warrior,arms,18,8,10
Consolidate,hyjal,768,warrior,arms,18,8,10
Tamajkaz,the-forgotten-coast,768,warrior,arms,18,8,10
Stoneball,kiljaeden,768,warrior,arms,18,8,10
Cuddlechamp,barthilas,768,warrior,arms,18,8,10
Dazuu,illidan,768,warrior,arms,18,8,10
Finndal,bleeding-hollow,768,warrior,arms,21,9,12
Maldrik,exodar,768,warrior,arms,24,8,16
Majaya,area-52,768,warrior,arms,24,8,16
Hololeave,tichondrius,768,warrior,arms,24,8,16
Bornne,doomhammer,768,warrior,arms,30,8,22
Madgrim,tichondrius,768,warrior,arms,36,8,28
Tharez,stormrage,767,warrior,arms,12,8,4
Gränd,frostmourne,767,warrior,arms,12,8,4
Pigblind,azralon,767,warrior,arms,12,8,4
Mongosyco,proudmoore,767,warrior,arms,12,8,4
Alucardio,turalyon,767,warrior,arms,12,8,4
Blazingguard,stormrage,767,warrior,arms,12,8,4
Executefreak,illidan,767,warrior,arms,12,8,4
Letsgosmokes,stormrage,767,warrior,arms,12,8,4
Wantor,lightnings-blade,767,warrior,arms,12,8,4
Silac,drenden,767,warrior,arms,12,8,4
Rushee,argent-dawn,767,warrior,arms,12,8,4
Papazug,kelthuzad,767,warrior,arms,12,8,4
Rúz,illidan,767,warrior,arms,12,8,4
Mikeyforever,quelthalas,767,warrior,arms,12,8,4
Domminux,darkspear,767,warrior,arms,12,8,4
Kixxel,sargeras,767,warrior,arms,12,8,4
Mcwanga,barthilas,767,warrior,arms,12,8,4
Visage,dalaran,767,warrior,arms,12,8,4
Warwagon,malganis,767,warrior,arms,12,8,4
Zédelívery,azralon,767,warrior,arms,16,9,7
Reapr,moonrunner,767,warrior,arms,18,8,10
Womanbeaterx,stormrage,767,warrior,arms,18,8,10
Slashup,sargeras,767,warrior,arms,18,8,10
Bigoldump,tichondrius,767,warrior,arms,18,8,10
Speedyfarm,sargeras,767,warrior,arms,18,8,10
Viizer,tichondrius,767,warrior,arms,18,8,10
Drusillaa,deathwing,767,warrior,arms,18,8,10
Loxcrow,sargeras,767,warrior,arms,18,8,10
Gorechild,icecrown,767,warrior,arms,18,8,10
Fraxxure,proudmoore,767,warrior,arms,18,8,10
Broxar,area-52,767,warrior,arms,18,8,10
Muguiying,frostmourne,767,warrior,arms,18,8,10
Dalinare,area-52,767,warrior,arms,18,8,10
Jódiarias,bleeding-hollow,767,warrior,arms,18,8,10
Batchat,frostmourne,767,warrior,arms,18,8,10
Æwarrìor,tichondrius,767,warrior,arms,18,8,10
Ediann,elune,767,warrior,arms,18,8,10
Houdinix,stormrage,767,warrior,arms,18,8,10
Pípe,nemesis,767,warrior,arms,18,8,10
Bean,ragnaros,767,warrior,arms,18,8,10
Orgreshin,area-52,767,warrior,arms,21,9,12
Gurtheng,sargeras,767,warrior,arms,19,8,11
Rhinð,sargeras,767,warrior,arms,24,8,16
Rraw,demon-soul,767,warrior,arms,24,8,16
Mondëgo,stormrage,767,warrior,arms,24,8,16
Techanina,aerie-peak,767,warrior,arms,24,8,16
Cajual,area-52,767,warrior,arms,24,8,16
Brawnforce,shadowsong,767,warrior,arms,24,8,16
Ihazlolstorm,area-52,767,warrior,arms,24,8,16
Ivory,emerald-dream,767,warrior,arms,24,8,16
Nhojj,veknilash,767,warrior,arms,25,8,17
Críxus,sargeras,767,warrior,arms,30,8,22
Headsour,thunderhorn,767,warrior,arms,30,8,22
Bigcracka,illidan,767,warrior,arms,30,8,22
Jackhanma,kelthuzad,766,warrior,arms,12,8,4
Thesmackboi,sargeras,766,warrior,arms,12,8,4
Houk,frostmourne,766,warrior,arms,12,8,4
Horvv,frostmourne,766,warrior,arms,12,8,4
Warriorc,laughing-skull,766,warrior,arms,12,8,4
Khrull,khazgoroth,766,warrior,arms,12,8,4
Zhasi,bonechewer,766,warrior,arms,12,8,4
Chj,kelthuzad,766,warrior,arms,18,8,10
Bigboy,icecrown,766,warrior,arms,18,8,10
Sálieri,ragnaros,766,warrior,arms,18,8,10
Sriara,ragnaros,766,warrior,arms,18,8,10
Truecarnage,emerald-dream,766,warrior,arms,18,8,10
Potatocannon,kelthuzad,766,warrior,arms,18,8,10
Hemmyroidz,tichondrius,766,warrior,arms,18,8,10
Drayco,tichondrius,766,warrior,arms,18,8,10
Edalthor,quelthalas,766,warrior,arms,18,8,10
Kross,illidan,766,warrior,arms,18,8,10
Donnacha,garona,766,warrior,arms,18,8,10
Dáin,azralon,766,warrior,arms,18,8,10
Camphump,bleeding-hollow,766,warrior,arms,18,8,10
Izhansheni,illidan,766,warrior,arms,18,8,10
Javabaenss,tichondrius,766,warrior,arms,18,8,10
Sixxqt,malganis,766,warrior,arms,18,8,10
Zrads,zuljin,766,warrior,arms,19,8,11
Narduk,emerald-dream,766,warrior,arms,24,8,16
Violençe,malganis,766,warrior,arms,24,8,16
Calledon,emerald-dream,766,warrior,arms,24,8,16
Biggieth,sargeras,766,warrior,arms,33,9,24
Modzilla,aerie-peak,766,warrior,arms,30,8,22
Sinergui,nemesis,765,warrior,arms,12,8,4
Kurgrok,kiljaeden,765,warrior,arms,12,8,4
Tanskii,sargeras,765,warrior,arms,12,8,4
Léva,ragnaros,765,warrior,arms,12,8,4
Belladeom,azralon,765,warrior,arms,18,8,10
Desertor,illidan,765,warrior,arms,18,8,10
Uragiri,shadowsong,765,warrior,arms,18,8,10
Vassild,firetree,765,warrior,arms,18,8,10
Percthirty,blackrock,765,warrior,arms,18,8,10
Ulfioff,whisperwind,765,warrior,arms,18,8,10
Ästen,kargath,765,warrior,arms,18,8,10
Maltrate,hyjal,765,warrior,arms,21,9,12
Lui,the-forgotten-coast,765,warrior,arms,24,8,16
Lokgur,gallywix,765,warrior,arms,24,8,16
Franklenn,mannoroth,765,warrior,arms,24,8,16
Bogrock,frostmourne,764,warrior,arms,12,8,4
Maxprotein,area-52,764,warrior,arms,14,8,6
Rücküs,tichondrius,764,warrior,arms,18,8,10
Harattawi,thrall,764,warrior,arms,18,8,10
Nosferagc,frostmourne,764,warrior,arms,21,9,12
Renziass,tichondrius,764,warrior,arms,24,8,16
Chamfer,illidan,763,warrior,arms,18,8,10
Luneblade,tichondrius,763,warrior,arms,18,8,10
Theodere,moon-guard,763,warrior,arms,18,8,10
Sygw,area-52,763,warrior,arms,24,8,16
Shìromìzù,eredar,762,warrior,arms,12,8,4
Arktoast,tichondrius,762,warrior,arms,24,8,16
Revenn,greymane,761,warrior,arms,12,8,4
Trohgdor,sargeras,761,warrior,arms,18,8,10
Lumilis,draenor,760,warrior,arms,18,8,10
Badazzdad,thunderhorn,757,warrior,arms,18,8,10
Liiberator,thrall,757,warrior,arms,24,8,16
Trapwar,malganis,755,warrior,arms,12,8,4
Bilmuuri,illidan,754,warrior,arms,27,9,18
Fleshtuxedo,stormrage,752,warrior,arms,12,8,4
Renzokuken,demon-soul,752,warrior,arms,12,8,4
Joeyswoll,tichondrius,751,warrior,arms,12,8,4
Felsen,blackwing-lair,751,warrior,arms,17,8,9
Bratomil,amanthul,751,warrior,arms,18,8,10
Skalvi,moon-guard,751,warrior,arms,23,8,15
Xaxxar,bleeding-hollow,750,warrior,arms,17,8,9
Xomis,thrall,750,warrior,arms,17,8,9
Tgnomeless,gilneas,750,warrior,arms,25,8,17
Gladiattor,tol-barad,749,warrior,arms,18,8,10
Kasheeka,spirestone,749,warrior,arms,23,8,15
Fexis,queldorei,749,warrior,arms,36,8,28
Ironwarr,hyjal,740,warrior,arms,23,8,15
Vetinari,nazjatar,735,warrior,arms,11,8,3
Altever,illidan,735,warrior,arms,24,9,15
Ramzabeoulve,tichondrius,735,warrior,arms,23,8,15
Zarttorius,quelthalas,734,warrior,arms,16,8,8
Casmier,tichondrius,734,warrior,arms,17,8,9
Tánktop,sargeras,733,warrior,arms,14,9,5
Gorakis,barthilas,733,warrior,arms,20,9,11
Size,azralon,732,warrior,arms,20,9,11
Gornal,sargeras,730,warrior,arms,22,8,14
Turtleofhope,barthilas,720,warrior,arms,15,8,7
Mêlo,area-52,719,warrior,arms,17,8,9
Randywar,tichondrius,719,warrior,arms,21,8,13
Khirr,barthilas,719,warrior,arms,23,8,15
Wreckthis,area-52,718,warrior,arms,17,8,9
Lïnkzq,frostmourne,715,warrior,arms,15,9,6
Ârmstrong,quelthalas,714,warrior,arms,23,10,13
Alemão,bleeding-hollow,713,warrior,arms,23,9,14
Kimuraa,hyjal,708,warrior,arms,29,10,19
Insylum,feathermoon,704,warrior,arms,22,8,14
Grawñ,frostmourne,703,warrior,arms,14,9,5
Cptdrako,alterac-mountains,703,warrior,arms,14,8,6
Türier,nemesis,703,warrior,arms,20,8,12
Kforti,kiljaeden,703,warrior,arms,20,8,12
Meanface,malganis,702,warrior,arms,20,8,12
Tabadigbick,bleeding-hollow,698,warrior,arms,17,8,9
Sticktick,azralon,696,warrior,arms,29,8,21
Rhok,elune,690,warrior,arms,22,11,11
Hordrek,moon-guard,688,warrior,arms,13,8,5
Valuxia,sargeras,687,warrior,arms,19,8,11
Earfquake,boulderfist,686,warrior,arms,13,8,5
Greenbrain,dunemaul,685,warrior,arms,19,8,11
Kenzxisgay,tichondrius,685,warrior,arms,26,8,18
Studdythejet,zuljin,672,warrior,arms,12,7,5
Toungy,kelthuzad,672,warrior,arms,12,7,5
Hinsionzillu,proudmoore,672,warrior,arms,12,7,5
Jypster,stormrage,672,warrior,arms,12,7,5
Dehumanized,greymane,672,warrior,arms,12,7,5
Megadracoman,altar-of-storms,672,warrior,arms,12,7,5
Ryalaeth,moon-guard,672,warrior,arms,12,7,5
Yqoos,tichondrius,672,warrior,arms,12,7,5
Ðeerblack,ragnaros,672,warrior,arms,12,7,5
Korbles,moon-guard,672,warrior,arms,12,7,5
Gbrz,stormrage,672,warrior,arms,12,7,5
Nekopara,caelestrasz,672,warrior,arms,12,7,5
Ischyrós,stormrage,672,warrior,arms,12,7,5
Kevy,arygos,672,warrior,arms,12,7,5
Madamemarie,stormrage,672,warrior,arms,12,7,5
Shloope,barthilas,672,warrior,arms,12,7,5
Deathammer,stormrage,672,warrior,arms,12,7,5
Ousetadoidao,nemesis,672,warrior,arms,12,7,5
Necrøbutchër,ragnaros,672,warrior,arms,12,7,5
Yrz,malganis,672,warrior,arms,12,7,5
Madmartiggan,tichondrius,672,warrior,arms,12,7,5
Deseroth,sargeras,672,warrior,arms,12,7,5
Grounyl,azralon,672,warrior,arms,12,7,5
Petuniä,zuljin,672,warrior,arms,12,7,5
Hopefulki,duskwood,672,warrior,arms,12,7,5
Bloodshêdz,stormrage,672,warrior,arms,12,7,5
Jahrakál,thunderlord,672,warrior,arms,12,7,5
Raeging,area-52,672,warrior,arms,12,7,5
Visacard,skullcrusher,672,warrior,arms,12,7,5
Xdoombringer,area-52,672,warrior,arms,12,7,5
Giv,frostmourne,672,warrior,arms,12,7,5
Mikrotik,alleria,672,warrior,arms,12,7,5
Roiboy,stormrage,672,warrior,arms,12,7,5
Cuzmyslam,sargeras,672,warrior,arms,12,7,5
Arsis,whisperwind,672,warrior,arms,12,7,5
Spaceslam,tichondrius,672,warrior,arms,12,7,5
Fernzie,malganis,672,warrior,arms,12,7,5
Sphatic,tichondrius,672,warrior,arms,12,7,5
Ginormous,tichondrius,672,warrior,arms,12,7,5
Niulaoye,tichondrius,672,warrior,arms,12,7,5
Havocsmash,tichondrius,672,warrior,arms,12,7,5
Mouncha,tichondrius,672,warrior,arms,12,7,5
Iammi,skywall,672,warrior,arms,12,7,5
Edmuula,tichondrius,672,warrior,arms,12,7,5
Herkales,emerald-dream,672,warrior,arms,12,7,5
Benbtw,malganis,672,warrior,arms,12,7,5
Magnusz,zuljin,672,warrior,arms,12,7,5
Slaughtér,tichondrius,672,warrior,arms,12,7,5
Jaysmom,tichondrius,672,warrior,arms,12,7,5
Executor,mugthol,672,warrior,arms,12,7,5
Furìous,stormrage,672,warrior,arms,12,7,5
Jesbar,ragnaros,672,warrior,arms,12,7,5
Doogthunk,mannoroth,672,warrior,arms,12,7,5
Musclebomber,bleeding-hollow,672,warrior,arms,12,7,5
Qutuz,illidan,672,warrior,arms,12,7,5
Siouxfall,area-52,672,warrior,arms,15,8,7
Vxjohnson,proudmoore,672,warrior,arms,15,8,7
Kappiz,wyrmrest-accord,672,warrior,arms,14,7,7
Mverstappen,azralon,672,warrior,arms,20,8,12
Ayaseharuqt,quelthalas,672,warrior,arms,18,7,11
Extremist,nagrand,672,warrior,arms,18,7,11
Hazelbean,tichondrius,672,warrior,arms,18,7,11
Ghoghánz,quelthalas,672,warrior,arms,18,7,11
Udmwarrior,zuljin,672,warrior,arms,18,7,11
Cahdrophenia,moon-guard,672,warrior,arms,18,7,11
Sayjaki,stormrage,672,warrior,arms,18,7,11
Goyqqw,illidan,672,warrior,arms,18,7,11
Käggai,khadgar,672,warrior,arms,18,7,11
Ryänlord,mugthol,672,warrior,arms,18,7,11
Buddypalmer,bleeding-hollow,672,warrior,arms,18,7,11
Rudakoff,ragnaros,672,warrior,arms,18,7,11
Fatdouglass,sargeras,672,warrior,arms,18,7,11
Tunnelvision,garrosh,672,warrior,arms,18,7,11
Jackmonkey,the-forgotten-coast,672,warrior,arms,18,7,11
Ladderx,area-52,672,warrior,arms,18,7,11
Ulamøg,proudmoore,672,warrior,arms,18,7,11
Hårrison,tichondrius,672,warrior,arms,18,7,11
Infâmous,proudmoore,672,warrior,arms,18,7,11
July,arthas,672,warrior,arms,18,7,11
Zuans,azralon,672,warrior,arms,18,7,11
Uglyfuq,bleeding-hollow,672,warrior,arms,18,7,11
Ignorebrain,tichondrius,672,warrior,arms,18,7,11
Orczug,tichondrius,672,warrior,arms,18,7,11
Arquiem,ragnaros,672,warrior,arms,18,7,11
Doully,proudmoore,672,warrior,arms,18,7,11
Nooniezpw,tichondrius,672,warrior,arms,18,7,11
Stipdip,tichondrius,672,warrior,arms,18,7,11
Kraft,azralon,672,warrior,arms,18,7,11
Achui,cairne,672,warrior,arms,21,8,13
Müsky,nathrezim,672,warrior,arms,23,8,15
Omlas,azralon,672,warrior,arms,24,7,17
Ggéz,stormrage,672,warrior,arms,24,7,17
Pokeyobutt,hydraxis,672,warrior,arms,24,7,17
Paralyzed,malganis,672,warrior,arms,24,7,17
Zaxxry,malganis,672,warrior,arms,24,7,17
Festerclaws,wyrmrest-accord,672,warrior,arms,24,7,17
Drakunai,shattered-halls,672,warrior,arms,24,7,17
Natalieftm,tichondrius,672,warrior,arms,24,7,17
Corevp,barthilas,672,warrior,arms,24,7,17
Augutra,moon-guard,672,warrior,arms,24,7,17
Sygurd,drakkari,671,warrior,arms,12,7,5
Riffralph,quelthalas,671,warrior,arms,12,7,5
Dunkindots,tichondrius,671,warrior,arms,12,7,5
Maddzspin,tichondrius,671,warrior,arms,12,7,5
Gunnëy,malganis,671,warrior,arms,12,7,5
Iradri,wyrmrest-accord,671,warrior,arms,12,7,5
Rhuktar,azralon,671,warrior,arms,12,7,5
Ramborco,kelthuzad,671,warrior,arms,12,7,5
Vijit,stormrage,671,warrior,arms,12,7,5
Kevinlanders,sargeras,671,warrior,arms,12,7,5
Nyokenshi,quelthalas,671,warrior,arms,12,7,5
Blazie,barthilas,671,warrior,arms,12,7,5
Muugrexe,ragnaros,671,warrior,arms,12,7,5
Jedeva,stormrage,671,warrior,arms,12,7,5
Balela,sargeras,671,warrior,arms,12,7,5
Coffeephd,moon-guard,671,warrior,arms,12,7,5
Glizzarms,dalaran,671,warrior,arms,12,7,5
Furiousangel,area-52,671,warrior,arms,12,7,5
Exceldoc,frostwolf,671,warrior,arms,12,7,5
Girthstick,eredar,671,warrior,arms,12,7,5
Bingoslam,frostmourne,671,warrior,arms,12,7,5
Dêsêcratê,frostmourne,671,warrior,arms,12,7,5
Sosoma,kelthuzad,671,warrior,arms,12,7,5
Capo,windrunner,671,warrior,arms,12,7,5
Funkyjosh,spirestone,671,warrior,arms,12,7,5
Hungdiesel,area-52,671,warrior,arms,12,7,5
Pipeman,blackhand,671,warrior,arms,12,7,5
Kryssanta,kilrogg,671,warrior,arms,13,7,6
Metaphoric,stormrage,671,warrior,arms,15,8,7
Battosaì,bonechewer,671,warrior,arms,19,9,10
Bröstörm,bonechewer,671,warrior,arms,18,7,11
Mirandakerrx,frostmourne,671,warrior,arms,18,7,11
Grazellor,khaz-modan,671,warrior,arms,18,7,11
Kð,zuljin,671,warrior,arms,18,7,11
Bulldozar,zuljin,671,warrior,arms,18,7,11
Slöppyjoe,blackrock,671,warrior,arms,18,7,11
Earnhardt,tichondrius,671,warrior,arms,18,7,11
Stepzugger,illidan,671,warrior,arms,18,7,11
Rembrand,blackhand,671,warrior,arms,18,7,11
Mustachelove,bleeding-hollow,671,warrior,arms,18,7,11
Nehpets,akama,671,warrior,arms,18,7,11
Cj,proudmoore,671,warrior,arms,18,7,11
Aùstin,moon-guard,671,warrior,arms,18,7,11
Dsquarius,emerald-dream,671,warrior,arms,18,7,11
Iden,vashj,671,warrior,arms,18,7,11
Ragepumper,stormrage,671,warrior,arms,18,7,11
Soneoak,frostmourne,671,warrior,arms,18,7,11
Dementordark,ragnaros,671,warrior,arms,18,7,11
Jeason,ragnaros,671,warrior,arms,18,7,11
Paratech,thrall,671,warrior,arms,18,7,11
Brøxigár,quelthalas,671,warrior,arms,18,7,11
Omnifortis,bleeding-hollow,671,warrior,arms,18,7,11
Analítico,ragnaros,671,warrior,arms,18,7,11
Layøut,azralon,671,warrior,arms,18,7,11
Chumbinhu,stormrage,671,warrior,arms,18,7,11
Astrálís,nemesis,671,warrior,arms,18,7,11
Conviction,draka,671,warrior,arms,18,7,11
Balbyo,shattered-hand,671,warrior,arms,18,7,11
Xeniwar,tichondrius,671,warrior,arms,20,7,13
Antiab,ragnaros,671,warrior,arms,24,7,17
Winso,blood-furnace,671,warrior,arms,24,7,17
Vandammage,cenarion-circle,671,warrior,arms,24,7,17
Abrakàrn,zuluhed,671,warrior,arms,24,7,17
Powerjaw,stormrage,671,warrior,arms,24,7,17
Promewar,ragnaros,670,warrior,arms,12,7,5
Eirikdahulk,area-52,670,warrior,arms,12,7,5
Murrderrface,azgalor,670,warrior,arms,12,7,5
Nraged,illidan,670,warrior,arms,12,7,5
Nemezzao,azralon,670,warrior,arms,12,7,5
Babyreap,frostmourne,670,warrior,arms,12,7,5
Darquan,trollbane,670,warrior,arms,12,7,5
Oglethorrpe,dragonmaw,670,warrior,arms,12,7,5
Pozan,tichondrius,670,warrior,arms,12,7,5
Deathlokz,proudmoore,670,warrior,arms,12,7,5
Bryanw,zuljin,670,warrior,arms,12,7,5
Draggo,tortheldrin,670,warrior,arms,12,7,5
Bootypound,sargeras,670,warrior,arms,12,7,5
Svantevit,tichondrius,670,warrior,arms,12,7,5
Claugoss,azralon,670,warrior,arms,17,8,9
Melithiae,barthilas,670,warrior,arms,18,7,11
Daleo,ragnaros,670,warrior,arms,18,7,11
Stillgrinnin,galakrond,670,warrior,arms,18,7,11
Aquaknight,tortheldrin,670,warrior,arms,18,7,11
Gìraffe,illidan,670,warrior,arms,18,7,11
Nibones,malganis,670,warrior,arms,18,7,11
Kaimera,echo-isles,670,warrior,arms,18,7,11
Aarett,draka,670,warrior,arms,18,7,11
Wariorwang,tichondrius,670,warrior,arms,18,7,11
Reidahn,zuljin,670,warrior,arms,24,7,17
Powerlift,area-52,670,warrior,arms,24,7,17
Torage,wyrmrest-accord,669,warrior,arms,12,7,5
Astrokreep,emerald-dream,669,warrior,arms,12,7,5
Harnor,garrosh,669,warrior,arms,18,7,11
Getoffmee,queldorei,669,warrior,arms,18,7,11
Bersk,sargeras,669,warrior,arms,30,7,23
Teyliemond,amanthul,668,warrior,arms,12,7,5
Asidieslowly,tichondrius,668,warrior,arms,12,7,5
Pythons,skullcrusher,668,warrior,arms,18,7,11
Kiiawah,sargeras,668,warrior,arms,18,7,11
Pandamoanman,moon-guard,668,warrior,arms,18,7,11
Azaeil,tanaris,668,warrior,arms,18,7,11
Grokash,azralon,668,warrior,arms,18,7,11
Yanïka,barthilas,667,warrior,arms,13,7,6
Rogkhan,tichondrius,667,warrior,arms,18,7,11
Moøster,aggramar,667,warrior,arms,18,7,11
Sienge,tortheldrin,667,warrior,arms,18,7,11
Kevasaurr,sargeras,667,warrior,arms,24,7,17
Zammuro,sargeras,666,warrior,arms,12,7,5
Fruth,nagrand,666,warrior,arms,30,7,23
Mattrick,hyjal,665,warrior,arms,12,7,5
Terribletom,stormrage,665,warrior,arms,18,7,11
Wnunes,nemesis,665,warrior,arms,18,7,11
Nepharia,kirin-tor,664,warrior,arms,18,7,11
Jötunn,dalaran,663,warrior,arms,12,7,5
Othon,nemesis,663,warrior,arms,12,7,5
Lilwarrior,blackrock,661,warrior,arms,12,7,5
Konstanttine,darkspear,660,warrior,arms,13,7,6
Blok,malorne,655,warrior,arms,17,7,10
Dragothian,laughing-skull,655,warrior,arms,17,7,10
Jaywilly,stormrage,655,warrior,arms,17,7,10
Slaughterist,illidan,652,warrior,arms,24,7,17
Pippysmallz,tichondrius,640,warrior,arms,16,7,9
Agnesis,quelthalas,639,warrior,arms,16,7,9
Parmizan,hydraxis,639,warrior,arms,16,7,9
Moostorm,darkspear,639,warrior,arms,17,7,10
Fewfingers,sargeras,638,warrior,arms,16,7,9
Jamska,quelthalas,638,warrior,arms,17,7,10
Twinxin,thrall,637,warrior,arms,17,7,10
Rametep,illidan,624,warrior,arms,15,7,8
Boyarde,tichondrius,624,warrior,arms,21,7,14
Tildzy,sargeras,623,warrior,arms,11,7,4
Vargan,aerie-peak,623,warrior,arms,11,7,4
Allenwalker,dreadmaul,623,warrior,arms,13,7,6
Haveya,ghostlands,623,warrior,arms,15,7,8
Frntdblbicep,tichondrius,623,warrior,arms,17,7,10
Pyrælara,shattered-halls,623,warrior,arms,21,7,14
Scrappin,tichondrius,623,warrior,arms,23,7,16
Bimbor,azralon,622,warrior,arms,23,7,16
Bigboycandy,malganis,621,warrior,arms,11,7,4
Bullkathoss,bleeding-hollow,620,warrior,arms,23,8,15
Xunaco,quelthalas,620,warrior,arms,26,7,19
Dorathorn,azralon,620,warrior,arms,33,7,26
Shabus,moon-guard,617,warrior,arms,21,8,13
Pkrage,hellscream,606,warrior,arms,11,7,4
Porkasolta,goldrinn,604,warrior,arms,14,7,7
Mudfairy,tichondrius,592,warrior,arms,13,7,6
Zachw,stormrage,590,warrior,arms,19,7,12
Azyxia,emerald-dream,587,warrior,arms,16,8,8
Suhwoosh,bleeding-hollow,584,warrior,arms,28,10,18
Taachanka,stormreaver,576,warrior,arms,6,6,0
Darkoil,illidan,576,warrior,arms,6,6,0
Nada,eredar,576,warrior,arms,6,6,0
Baltusrol,hydraxis,576,warrior,arms,6,6,0
Khalwar,ragnaros,576,warrior,arms,6,6,0
Bedman,tichondrius,576,warrior,arms,12,6,6
Assamith,nemesis,576,warrior,arms,12,6,6
Hitwkey,tichondrius,576,warrior,arms,12,6,6
Gpro,tichondrius,576,warrior,arms,12,6,6
Dustiezi,stormrage,576,warrior,arms,12,6,6
Desgardius,tichondrius,576,warrior,arms,12,6,6
Psychescape,cenarius,576,warrior,arms,12,6,6
Sarutøbi,azralon,576,warrior,arms,12,6,6
Madrak,greymane,576,warrior,arms,12,6,6
Homogenized,area-52,576,warrior,arms,12,6,6
Cassetto,icecrown,576,warrior,arms,12,6,6
Bajheeraz,tichondrius,576,warrior,arms,12,6,6
Jerebeloz,proudmoore,576,warrior,arms,12,6,6
Baynn,frostmourne,576,warrior,arms,12,6,6
Genjutsu,trollbane,576,warrior,arms,12,6,6
Jabakas,tichondrius,576,warrior,arms,12,6,6
Prìscìlla,stormrage,576,warrior,arms,12,6,6
Feralcut,tichondrius,576,warrior,arms,12,6,6
Axesage,tichondrius,576,warrior,arms,12,6,6
Sodarzok,thaurissan,576,warrior,arms,12,6,6
Feedmetren,tichondrius,576,warrior,arms,12,6,6
Sorr,bonechewer,576,warrior,arms,12,6,6
Azrailz,stormrage,576,warrior,arms,12,6,6
Swiftystorm,thrall,576,warrior,arms,12,6,6
Cavence,dalaran,576,warrior,arms,12,6,6
Toegap,illidan,576,warrior,arms,12,6,6
Calembo,illidan,576,warrior,arms,12,6,6
Rikthor,sargeras,576,warrior,arms,12,6,6
Griftustle,moon-guard,576,warrior,arms,12,6,6
Chapux,ragnaros,576,warrior,arms,12,6,6
Biorhn,area-52,576,warrior,arms,12,6,6
Aiaaeui,illidan,576,warrior,arms,12,6,6
Warsongworg,tichondrius,576,warrior,arms,12,6,6
Szar,stormrage,576,warrior,arms,12,6,6
Targramu,emerald-dream,576,warrior,arms,12,6,6
Marîn,stormrage,576,warrior,arms,12,6,6
Dysazter,ravencrest,576,warrior,arms,12,6,6
Latorre,kelthuzad,576,warrior,arms,12,6,6
Areiana,stormrage,576,warrior,arms,12,6,6
Jakslasfa,aegwynn,576,warrior,arms,12,6,6
Gladdz,moon-guard,576,warrior,arms,12,6,6
Stromdart,quelthalas,576,warrior,arms,12,6,6
Linios,tichondrius,576,warrior,arms,12,6,6
Spikedudley,wildhammer,576,warrior,arms,12,6,6
Vibrates,stormreaver,576,warrior,arms,12,6,6
Martiallawl,skullcrusher,576,warrior,arms,12,6,6
Bailu,ragnaros,576,warrior,arms,12,6,6
Aladarith,moon-guard,576,warrior,arms,12,6,6
Zugsok,thrall,576,warrior,arms,12,6,6
Screwz,blackrock,576,warrior,arms,12,6,6
Xilents,frostmourne,576,warrior,arms,12,6,6
Hipower,lethon,576,warrior,arms,12,6,6
Mufasaprime,ursin,576,warrior,arms,12,6,6
Kuraiaki,crushridge,576,warrior,arms,12,6,6
Flidumpling,tichondrius,576,warrior,arms,12,6,6
Glourfindel,quelthalas,576,warrior,arms,12,6,6
Bagginses,quelthalas,576,warrior,arms,12,6,6
Firstcitizen,stormrage,576,warrior,arms,12,6,6
Sigrik,moon-guard,576,warrior,arms,12,6,6
Kushmeister,illidan,576,warrior,arms,12,6,6
Gonthoriàn,stormrage,576,warrior,arms,12,6,6
Mebraindead,tichondrius,576,warrior,arms,12,6,6
Ibyessa,emerald-dream,576,warrior,arms,12,6,6
Lathian,sargeras,576,warrior,arms,12,6,6
Êraser,tichondrius,576,warrior,arms,12,6,6
Tmgagexx,tichondrius,576,warrior,arms,12,6,6
Vólkar,quelthalas,576,warrior,arms,12,6,6
Rattw,area-52,576,warrior,arms,12,6,6
Breaker,undermine,576,warrior,arms,12,6,6
Chrig,tichondrius,576,warrior,arms,12,6,6
Señortryhard,area-52,576,warrior,arms,12,6,6
Bonclay,nerzhul,576,warrior,arms,12,6,6
Zingywar,tichondrius,576,warrior,arms,12,6,6
Flanrych,illidan,576,warrior,arms,12,6,6
Zzode,tichondrius,576,warrior,arms,12,6,6
Orkussw,illidan,576,warrior,arms,12,6,6
Grughak,kiljaeden,576,warrior,arms,12,6,6
Chura,kiljaeden,576,warrior,arms,12,6,6
Brookiecooki,frostmourne,576,warrior,arms,12,6,6
Kovarro,stormrage,576,warrior,arms,12,6,6
Amortens,area-52,576,warrior,arms,12,6,6
Rulz,tichondrius,576,warrior,arms,12,6,6
Kazabare,tichondrius,576,warrior,arms,12,6,6
Gnomërcy,tichondrius,576,warrior,arms,12,6,6
Caperage,tichondrius,576,warrior,arms,12,6,6
Blazight,dunemaul,576,warrior,arms,12,6,6
Warnazx,azralon,576,warrior,arms,12,6,6
Fatpoos,barthilas,576,warrior,arms,12,6,6
Larrythelob,kelthuzad,576,warrior,arms,12,6,6
Luckychaos,bleeding-hollow,576,warrior,arms,12,6,6
Notskulm,emerald-dream,576,warrior,arms,12,6,6
Armsofury,kelthuzad,576,warrior,arms,12,6,6
Ogchiken,frostmourne,576,warrior,arms,12,6,6
Devastata,jaedenar,576,warrior,arms,12,6,6
Illmindofboo,tichondrius,576,warrior,arms,12,6,6
Hülkamanïa,sargeras,576,warrior,arms,12,6,6
Rorralyn,moon-guard,576,warrior,arms,12,6,6
Roflcombo,illidan,576,warrior,arms,12,6,6
Sadomize,kiljaeden,576,warrior,arms,12,6,6
Trexxen,stormrage,576,warrior,arms,12,6,6
Reflective,zuljin,576,warrior,arms,12,6,6
Dreamwarr,tichondrius,576,warrior,arms,12,6,6
Exeqt,terokkar,576,warrior,arms,12,6,6
Luminiere,sargeras,576,warrior,arms,12,6,6
Gílly,borean-tundra,576,warrior,arms,12,6,6
Cleaving,moon-guard,576,warrior,arms,12,6,6
Yenør,stormrage,576,warrior,arms,12,6,6
Deicide,quelthalas,576,warrior,arms,12,6,6
Arozay,illidan,576,warrior,arms,12,6,6
Raahj,sargeras,576,warrior,arms,12,6,6
Bamlin,sargeras,576,warrior,arms,12,6,6
Dgumby,illidan,576,warrior,arms,12,6,6
Sunderstruck,boulderfist,576,warrior,arms,12,6,6
Róngor,ragnaros,576,warrior,arms,12,6,6
Tàlent,thrall,576,warrior,arms,12,6,6
Inkurushio,suramar,576,warrior,arms,12,6,6
Aypok,malganis,576,warrior,arms,12,6,6
Rokknark,stormrage,576,warrior,arms,12,6,6
Mcrîb,stormscale,576,warrior,arms,12,6,6
Guerramacina,tichondrius,576,warrior,arms,13,6,7
Ganzism,tichondrius,576,warrior,arms,13,6,7
Olala,kiljaeden,576,warrior,arms,13,6,7
Ronak,vashj,576,warrior,arms,18,6,12
Erhue,sargeras,576,warrior,arms,18,6,12
Longcutie,tichondrius,576,warrior,arms,18,6,12
Malahorda,illidan,576,warrior,arms,18,6,12
Boozy,barthilas,576,warrior,arms,18,6,12
Mahoneslice,thrall,576,warrior,arms,18,6,12
Dondà,illidan,576,warrior,arms,18,6,12
Irondefense,thrall,576,warrior,arms,18,6,12
Kennäy,azralon,576,warrior,arms,18,6,12
Zingerboss,barthilas,576,warrior,arms,18,6,12
Uzy,proudmoore,576,warrior,arms,18,6,12
Fayttful,area-52,576,warrior,arms,18,6,12
Ahkimih,ragnaros,576,warrior,arms,18,6,12
Failnat,area-52,576,warrior,arms,18,6,12
Aidenwr,area-52,576,warrior,arms,18,6,12
Aldhard,moon-guard,576,warrior,arms,18,6,12
Májorrobot,area-52,576,warrior,arms,18,6,12
Vurk,area-52,576,warrior,arms,18,6,12
Pushh,thrall,576,warrior,arms,18,6,12
Egoist,malganis,576,warrior,arms,18,6,12
Eabywarrs,tichondrius,576,warrior,arms,18,6,12
Robar,trollbane,576,warrior,arms,18,6,12
Nillor,emerald-dream,576,warrior,arms,18,6,12
Syrupsippin,zuljin,576,warrior,arms,18,6,12
Psilly,sargeras,576,warrior,arms,18,6,12
Cowboybeast,tanaris,576,warrior,arms,18,6,12
Cleavxy,sargeras,576,warrior,arms,18,6,12
Xgraves,sargeras,576,warrior,arms,18,6,12
Stormwald,sargeras,576,warrior,arms,18,6,12
Beleña,dalaran,576,warrior,arms,18,6,12
Fosachee,darkspear,576,warrior,arms,22,7,15
Lieofa,tichondrius,576,warrior,arms,19,6,13
Ezgamelol,azralon,576,warrior,arms,20,6,14
Contentious,moon-guard,576,warrior,arms,24,6,18
Shîzu,moon-guard,576,warrior,arms,24,6,18
Imprw,stormrage,576,warrior,arms,24,6,18
Hïtt,sargeras,576,warrior,arms,30,6,24
Ckranzz,azralon,575,warrior,arms,9,7,2
Matasimio,drakkari,575,warrior,arms,14,7,7
Ragefested,tichondrius,575,warrior,arms,12,6,6
Lowag,illidan,575,warrior,arms,12,6,6
Gilisraw,tichondrius,575,warrior,arms,12,6,6
Penryn,illidan,575,warrior,arms,12,6,6
Vioar,hyjal,575,warrior,arms,12,6,6
Edgeegee,sargeras,575,warrior,arms,12,6,6
Gimmiefood,emerald-dream,575,warrior,arms,12,6,6
Aguìi,quelthalas,575,warrior,arms,12,6,6
Desul,tichondrius,575,warrior,arms,12,6,6
Onisusu,frostmourne,575,warrior,arms,12,6,6
Bkdorbandit,illidan,575,warrior,arms,12,6,6
Bolx,archimonde,575,warrior,arms,12,6,6
Balthazãr,quelthalas,575,warrior,arms,12,6,6
Nospace,tichondrius,575,warrior,arms,12,6,6
Redneckk,emerald-dream,575,warrior,arms,12,6,6
Amérus,moon-guard,575,warrior,arms,12,6,6
Orryn,proudmoore,575,warrior,arms,12,6,6
Hildibrawn,stormrage,575,warrior,arms,12,6,6
Biznasty,frostmourne,575,warrior,arms,12,6,6
Mekkanic,moon-guard,575,warrior,arms,12,6,6
Awöl,jubeithos,575,warrior,arms,12,6,6
Volnas,earthen-ring,575,warrior,arms,12,6,6
Thornakh,stormrage,575,warrior,arms,12,6,6
Trenbalogna,area-52,575,warrior,arms,12,6,6
Pandatrue,azralon,575,warrior,arms,12,6,6
Tinywx,perenolde,575,warrior,arms,12,6,6
Aiöria,ragnaros,575,warrior,arms,12,6,6
Atømic,illidan,575,warrior,arms,12,6,6
Cryptikk,tichondrius,575,warrior,arms,12,6,6
Burntwaffle,ysera,575,warrior,arms,12,6,6
Leturen,area-52,575,warrior,arms,12,6,6
Jujuassgeter,darkspear,575,warrior,arms,12,6,6
Teyrn,stormrage,575,warrior,arms,12,6,6
Tyrall,stormrage,575,warrior,arms,12,6,6
Abuse,nordrassil,575,warrior,arms,12,6,6
Mekaknight,destromath,575,warrior,arms,12,6,6
Èxecutè,area-52,575,warrior,arms,15,7,8
Diesel,duskwood,575,warrior,arms,14,6,8
Axemurdera,frostmourne,575,warrior,arms,18,6,12
Opalert,tichondrius,575,warrior,arms,18,6,12
Agamere,stormrage,575,warrior,arms,18,6,12
Orckims,tichondrius,575,warrior,arms,18,6,12
Dede,darkspear,575,warrior,arms,18,6,12
Slamchowdy,tichondrius,575,warrior,arms,18,6,12
Gotcrit,blood-furnace,575,warrior,arms,18,6,12
Chadler,dragonmaw,575,warrior,arms,18,6,12
Badbooney,moonrunner,575,warrior,arms,18,6,12
Ragedor,moon-guard,575,warrior,arms,18,6,12
Stangomongo,tichondrius,575,warrior,arms,18,6,12
Darkshrek,quelthalas,574,warrior,arms,12,6,6
Mubun,tichondrius,574,warrior,arms,12,6,6
Liltoastyy,illidan,574,warrior,arms,12,6,6
Alerish,quelthalas,574,warrior,arms,12,6,6
Percanator,aggramar,574,warrior,arms,12,6,6
Warmaghar,azralon,574,warrior,arms,18,6,12
Antonios,drakthul,574,warrior,arms,30,6,24
Unbeaten,malganis,573,warrior,arms,12,6,6
Dúmp,stormrage,573,warrior,arms,12,6,6
Môgwai,kelthuzad,573,warrior,arms,12,6,6
Irgon,quelthalas,573,warrior,arms,12,6,6
Logohn,wyrmrest-accord,573,warrior,arms,12,6,6
Chrysion,moon-guard,573,warrior,arms,12,6,6
Brosèph,sargeras,573,warrior,arms,18,6,12
Girei,ghostlands,573,warrior,arms,18,6,12
Cartou,stormscale,573,warrior,arms,24,6,18
Faóra,moon-guard,572,warrior,arms,12,6,6
Smashthings,area-52,572,warrior,arms,12,6,6
Johnsnake,sargeras,572,warrior,arms,12,6,6
Bitiatus,scilla,572,warrior,arms,18,6,12
Rudiblade,dalaran,571,warrior,arms,12,6,6
Tatsher,turalyon,571,warrior,arms,12,6,6
Silverludê,sargeras,569,warrior,arms,12,6,6
Acanof,azjolnerub,565,warrior,arms,15,7,8
Kielardis,illidan,565,warrior,arms,16,6,10
Ciran,azralon,564,warrior,arms,18,6,12
Conchalover,illidan,559,warrior,arms,17,6,11
Stormfuhrer,stormrage,559,warrior,arms,21,7,14
Warlapse,emerald-dream,558,warrior,arms,17,7,10
Berserko,gurubashi,558,warrior,arms,21,8,13
Ecopolis,azshara,544,warrior,arms,16,6,10
Luxenusz,tichondrius,544,warrior,arms,22,6,16
Ballzindeep,tichondrius,543,warrior,arms,8,7,1
Tastyskeet,illidan,543,warrior,arms,11,6,5
Trevvel,proudmoore,543,warrior,arms,11,6,5
Tâlos,ysondre,543,warrior,arms,11,6,5
Ragerok,bleeding-hollow,542,warrior,arms,22,7,15
Warmong,uldum,542,warrior,arms,22,6,16
Krule,zuljin,528,warrior,arms,15,6,9
Ðean,quelthalas,528,warrior,arms,15,6,9
Jÿp,tichondrius,527,warrior,arms,11,6,5
Ledezma,proudmoore,527,warrior,arms,17,6,11
Warwik,stormscale,527,warrior,arms,17,6,11
Lazric,area-52,524,warrior,arms,15,6,9
Meadsweats,tichondrius,522,warrior,arms,17,10,7
Bersérk,area-52,522,warrior,arms,14,8,6
Vids,aegwynn,522,warrior,arms,15,7,8
Tomcruz,bloodscalp,522,warrior,arms,16,7,9
Hrókr,kiljaeden,522,warrior,arms,19,8,11
Aalrua,moon-guard,522,warrior,arms,22,7,15
Corazondleón,ragnaros,522,warrior,arms,23,7,16
Shaydeen,black-dragonflight,521,warrior,arms,15,7,8
Swafty,daggerspine,519,warrior,arms,17,9,8
Showusyatip,barthilas,515,warrior,arms,33,8,25
Ckoaw,dalaran,512,warrior,arms,10,6,4
Duumgai,ghostlands,512,warrior,arms,22,6,16
Illicitiri,sargeras,511,warrior,arms,10,6,4
Zandara,kelthuzad,511,warrior,arms,10,6,4
Kvobash,area-52,511,warrior,arms,11,6,5
Samoksk,ragnaros,511,warrior,arms,11,6,5
Jackjaeger,area-52,511,warrior,arms,16,6,10
Berzerc,stormrage,511,warrior,arms,18,6,12
Tyraelius,kiljaeden,510,warrior,arms,17,6,11
Nicked,azralon,509,warrior,arms,20,6,14
Kushian,tichondrius,480,warrior,arms,6,5,1
Whitewölf,illidan,480,warrior,arms,6,5,1
Geàrbreaker,tichondrius,480,warrior,arms,6,5,1
Ghostemane,whisperwind,480,warrior,arms,6,5,1
Jackox,sargeras,480,warrior,arms,6,5,1
Tinymo,archimonde,480,warrior,arms,6,5,1
Flexecute,area-52,480,warrior,arms,6,5,1
Byvo,stormrage,480,warrior,arms,6,5,1
Ryü,khaz-modan,480,warrior,arms,6,5,1
Damore,sargeras,480,warrior,arms,6,5,1
Meatsweatx,stormrage,480,warrior,arms,6,5,1
Waïn,bleeding-hollow,480,warrior,arms,6,5,1
Zerøhøùr,kul-tiras,480,warrior,arms,6,5,1
Theentity,mannoroth,480,warrior,arms,6,5,1
Warmgun,quelthalas,480,warrior,arms,6,5,1
Crookedface,area-52,480,warrior,arms,6,5,1
Ångelman,tichondrius,480,warrior,arms,6,5,1
Isoln,tichondrius,480,warrior,arms,6,5,1
Zorporter,tichondrius,480,warrior,arms,6,5,1
Billythunda,tichondrius,480,warrior,arms,6,5,1
Jarlaix,dragonmaw,480,warrior,arms,6,5,1
Noreaga,tichondrius,480,warrior,arms,6,5,1
Pavv,malganis,480,warrior,arms,6,5,1
Olbus,tichondrius,480,warrior,arms,6,5,1
Biggesttoees,tichondrius,480,warrior,arms,6,5,1
Trojanx,malganis,480,warrior,arms,6,5,1
Rickywarx,illidan,480,warrior,arms,6,5,1
Saladin,gnomeregan,480,warrior,arms,6,5,1
Skaaxx,barthilas,480,warrior,arms,10,6,4
Warpenguin,kelthuzad,480,warrior,arms,10,6,4
Moè,frostmourne,480,warrior,arms,10,6,4
Whittyxc,tichondrius,480,warrior,arms,9,5,4
Meatspinner,sargeras,480,warrior,arms,12,5,7
Paulhëyman,sargeras,480,warrior,arms,12,5,7
Vãnth,kelthuzad,480,warrior,arms,12,5,7
Greyknights,kiljaeden,480,warrior,arms,12,5,7
Thaedes,kelthuzad,480,warrior,arms,12,5,7
Neth,arthas,480,warrior,arms,12,5,7
Toddlovesu,kelthuzad,480,warrior,arms,12,5,7
Cpudemon,undermine,480,warrior,arms,12,5,7
Tahaji,kelthuzad,480,warrior,arms,12,5,7
Claponomics,area-52,480,warrior,arms,12,5,7
Huricas,arthas,480,warrior,arms,12,5,7
Bronzeblood,arthas,480,warrior,arms,12,5,7
Dillý,area-52,480,warrior,arms,12,5,7
Hìtchslap,tichondrius,480,warrior,arms,12,5,7
Kluster,kelthuzad,480,warrior,arms,12,5,7
Zuiken,kiljaeden,480,warrior,arms,12,5,7
Quinntis,anvilmar,480,warrior,arms,12,5,7
Brickhouse,tichondrius,480,warrior,arms,12,5,7
Juggernäut,malganis,480,warrior,arms,12,5,7
Lanco,kiljaeden,480,warrior,arms,12,5,7
Secondbro,tichondrius,480,warrior,arms,12,5,7
Sylvanos,arthas,480,warrior,arms,12,5,7
Gekhart,tichondrius,480,warrior,arms,12,5,7
Reineger,area-52,480,warrior,arms,12,5,7
Shwip,tichondrius,480,warrior,arms,12,5,7
Milbën,tichondrius,480,warrior,arms,12,5,7
Biggrizz,area-52,480,warrior,arms,12,5,7
Bootysmelly,mannoroth,480,warrior,arms,12,5,7
Maniel,greymane,480,warrior,arms,12,5,7
Crogosh,quelthalas,480,warrior,arms,12,5,7
Ericthegreat,azuremyst,480,warrior,arms,12,5,7
Ponygon,quelthalas,480,warrior,arms,12,5,7
Sosaalmigh,tichondrius,480,warrior,arms,12,5,7
Flëët,tichondrius,480,warrior,arms,12,5,7
Lüxord,quelthalas,480,warrior,arms,12,5,7
Tâlos,magtheridon,480,warrior,arms,12,5,7
Martydom,proudmoore,480,warrior,arms,12,5,7
Whytea,cairne,480,warrior,arms,12,5,7
Tyragyz,azralon,480,warrior,arms,12,5,7
Glenn,tichondrius,480,warrior,arms,12,5,7
Nedstarc,laughing-skull,480,warrior,arms,12,5,7
Kethsel,ragnaros,480,warrior,arms,12,5,7
Karik,proudmoore,480,warrior,arms,12,5,7
Mimiu,ragnaros,480,warrior,arms,12,5,7
Pandaxes,proudmoore,480,warrior,arms,12,5,7
Stinkktoe,tichondrius,480,warrior,arms,12,5,7
Waroes,emerald-dream,480,warrior,arms,12,5,7
Zuntzu,tichondrius,480,warrior,arms,12,5,7
Huleo,tichondrius,480,warrior,arms,12,5,7
Thiccowman,area-52,480,warrior,arms,12,5,7
Arcâdio,cairne,480,warrior,arms,12,5,7
Buffwar,tichondrius,480,warrior,arms,12,5,7
Bariotyr,the-underbog,480,warrior,arms,12,5,7
Slamoholic,turalyon,480,warrior,arms,12,5,7
Emraldfury,darkspear,480,warrior,arms,12,5,7
Metalhog,sargeras,480,warrior,arms,12,5,7
Trevmo,bloodscalp,480,warrior,arms,12,5,7
Wcb,sargeras,480,warrior,arms,12,5,7
Sigismundd,bonechewer,480,warrior,arms,12,5,7
Crushingnews,sargeras,480,warrior,arms,12,5,7
Miniwarkingx,tichondrius,480,warrior,arms,12,5,7
Kaikah,aegwynn,480,warrior,arms,12,5,7
Shádo,darkspear,480,warrior,arms,12,5,7
Kiladrew,korgath,480,warrior,arms,12,5,7
Manbok,tichondrius,480,warrior,arms,12,5,7
Gonzwold,drenden,480,warrior,arms,12,5,7
Thehóund,area-52,480,warrior,arms,12,5,7
Brayven,area-52,480,warrior,arms,12,5,7
Orcbum,kiljaeden,480,warrior,arms,12,5,7
Takenotez,sargeras,480,warrior,arms,12,5,7
Biggiesmash,bleeding-hollow,480,warrior,arms,12,5,7
Gromlette,trollbane,480,warrior,arms,12,5,7
Justicwar,area-52,480,warrior,arms,12,5,7
Elkinss,tichondrius,480,warrior,arms,12,5,7
Tiitlefight,bleeding-hollow,480,warrior,arms,12,5,7
Madhouse,tanaris,480,warrior,arms,12,5,7
Ffrog,tichondrius,480,warrior,arms,12,5,7
Johnpork,tichondrius,480,warrior,arms,12,5,7
Flakesskillz,darkspear,480,warrior,arms,12,5,7
Peters,malfurion,480,warrior,arms,12,5,7
Vmill,tichondrius,480,warrior,arms,12,5,7
Crammed,tichondrius,480,warrior,arms,12,5,7
Jkasdfglkg,tichondrius,480,warrior,arms,12,5,7
Porc,zuluhed,480,warrior,arms,12,5,7
Mayshowgunmo,tichondrius,480,warrior,arms,12,5,7
Hemkcus,zuluhed,480,warrior,arms,12,5,7
Wën,stormrage,480,warrior,arms,12,5,7
Matumbo,skullcrusher,480,warrior,arms,12,5,7
Gävilar,sargeras,480,warrior,arms,12,5,7
Agoge,stormrage,480,warrior,arms,12,5,7
Daedrion,dalaran,480,warrior,arms,12,5,7
Gnivac,moon-guard,480,warrior,arms,12,5,7
Vosnir,dalaran,480,warrior,arms,12,5,7
Phyriix,stormrage,480,warrior,arms,12,5,7
Nazgrull,wildhammer,480,warrior,arms,12,5,7
Loveføx,stormrage,480,warrior,arms,12,5,7
Pregnannie,barthilas,480,warrior,arms,12,5,7
Flexxinpapi,exodar,480,warrior,arms,12,5,7
Shyghy,stormrage,480,warrior,arms,12,5,7
Andrismash,barthilas,480,warrior,arms,12,5,7
Felorelea,moon-guard,480,warrior,arms,12,5,7
Dwenlocklv,barthilas,480,warrior,arms,12,5,7
Smashbashdie,stormrage,480,warrior,arms,12,5,7
Holmgang,frostmourne,480,warrior,arms,12,5,7
Hellscrom,galakrond,480,warrior,arms,12,5,7
Scozziee,barthilas,480,warrior,arms,12,5,7
Jäëgër,moon-guard,480,warrior,arms,12,5,7
Ramisés,stormrage,480,warrior,arms,12,5,7
Clamjammed,thrall,480,warrior,arms,12,5,7
Momano,frostmourne,480,warrior,arms,12,5,7
Beerstorm,stormrage,480,warrior,arms,12,5,7
Igoon,dentarg,480,warrior,arms,12,5,7
Spirìt,illidan,480,warrior,arms,12,5,7
Haginn,malorne,480,warrior,arms,12,5,7
Sideon,frostmourne,480,warrior,arms,12,5,7
Bloodxfrenzy,silvermoon,480,warrior,arms,12,5,7
Lru,whisperwind,480,warrior,arms,12,5,7
Executeprocz,frostmourne,480,warrior,arms,12,5,7
Loudnoise,frostwolf,480,warrior,arms,12,5,7
Cabi,frostmourne,480,warrior,arms,12,5,7
Philipjoo,illidan,480,warrior,arms,12,5,7
Shadowsea,dragonblight,480,warrior,arms,12,5,7
Excalibruh,frostmourne,480,warrior,arms,12,5,7
Qwort,moon-guard,480,warrior,arms,12,5,7
Drudw,moon-guard,480,warrior,arms,12,5,7
Oledcktwist,garrosh,480,warrior,arms,13,5,8
Mág,burning-legion,480,warrior,arms,13,5,8
Icé,bleeding-hollow,480,warrior,arms,16,6,10
Butterz,dunemaul,480,warrior,arms,16,6,10
Zibby,malganis,480,warrior,arms,14,5,9
Tigershárk,tichondrius,480,warrior,arms,16,5,11
Smackify,stormrage,480,warrior,arms,18,5,13
Odinson,muradin,480,warrior,arms,18,5,13
Øvrpwrd,frostmourne,480,warrior,arms,18,5,13
Goaco,drakkari,480,warrior,arms,18,5,13
Shaynaynay,tichondrius,480,warrior,arms,18,5,13
Seppukush,quelthalas,480,warrior,arms,18,5,13
Tsathoggua,kiljaeden,480,warrior,arms,18,5,13
Scrubzwarr,barthilas,480,warrior,arms,18,5,13
Eightydeuce,bonechewer,480,warrior,arms,18,5,13
Aldathion,argent-dawn,480,warrior,arms,18,5,13
Braygar,barthilas,480,warrior,arms,18,5,13
Skyanidas,korgath,480,warrior,arms,18,5,13
Oofta,kelthuzad,480,warrior,arms,18,5,13
Cyllyzie,emerald-dream,480,warrior,arms,18,5,13
Kkuzo,bleeding-hollow,480,warrior,arms,18,5,13
Ravager,ragnaros,480,warrior,arms,18,5,13
Crimsóñ,kelthuzad,480,warrior,arms,18,5,13
Osannd,tichondrius,480,warrior,arms,18,5,13
Reifrayton,ragnaros,480,warrior,arms,18,5,13
Emmartillos,ragnaros,480,warrior,arms,18,5,13
Bornclueless,illidan,480,warrior,arms,21,5,16
Naisha,emerald-dream,480,warrior,arms,24,5,19
Lorinzer,zuljin,480,warrior,arms,24,5,19
Creannew,drakkari,480,warrior,arms,24,5,19
Tanger,korgath,479,warrior,arms,6,5,1
Rinngo,proudmoore,479,warrior,arms,6,5,1
Sarkhan,zuluhed,479,warrior,arms,6,5,1
Qqmachine,tichondrius,479,warrior,arms,12,5,7
Maudlewis,bladefist,479,warrior,arms,12,5,7
Wilwineve,barthilas,479,warrior,arms,12,5,7
Warstik,malganis,479,warrior,arms,12,5,7
Stretchytime,emerald-dream,479,warrior,arms,12,5,7
Trufsoturi,malganis,479,warrior,arms,12,5,7
Luckstang,zuljin,479,warrior,arms,12,5,7
Døømreaver,misha,479,warrior,arms,12,5,7
Spliff,ghostlands,479,warrior,arms,12,5,7
Skragg,chogall,479,warrior,arms,12,5,7
Spàcetìme,stormrage,479,warrior,arms,12,5,7
Reishera,stormrage,479,warrior,arms,12,5,7
Bovisrex,shadow-council,479,warrior,arms,12,5,7
Reckz,bleeding-hollow,479,warrior,arms,12,5,7
Unphased,area-52,479,warrior,arms,12,5,7
Razgorkul,illidan,479,warrior,arms,12,5,7
Annubiis,tichondrius,479,warrior,arms,12,5,7
Têzeret,shadowmoon,479,warrior,arms,12,5,7
Synestira,frostmourne,479,warrior,arms,12,5,7
Fwengli,illidan,479,warrior,arms,12,5,7
Dirtyrandy,zuluhed,479,warrior,arms,12,5,7
Cueromodel,ragnaros,479,warrior,arms,12,5,7
Kanicky,draka,479,warrior,arms,18,5,13
Flexecute,senjin,479,warrior,arms,18,5,13
Helscreem,hyjal,479,warrior,arms,18,5,13
Tentacruels,area-52,479,warrior,arms,18,5,13
ßlindãø,azralon,479,warrior,arms,18,5,13
Gorrthrax,area-52,479,warrior,arms,24,5,19
Arooy,azralon,478,warrior,arms,6,5,1
Bennybrock,crushridge,478,warrior,arms,12,5,7
Dirtywarrior,lightnings-blade,478,warrior,arms,12,5,7
Otyek,proudmoore,478,warrior,arms,12,5,7
Gouzizhang,proudmoore,478,warrior,arms,18,5,13
Tmible,ragnaros,477,warrior,arms,6,5,1
Larale,emerald-dream,477,warrior,arms,12,5,7
Therom,ragnaros,477,warrior,arms,21,6,15
Spitbeard,kargath,477,warrior,arms,18,5,13
Tyronê,moon-guard,477,warrior,arms,24,5,19
Brutekush,barthilas,475,warrior,arms,18,5,13
Raktrazbirt,dalaran,472,warrior,arms,12,5,7
Lechonkk,proudmoore,472,warrior,arms,12,5,7
Kalys,ravencrest,466,warrior,arms,18,5,13
Aybssin,skullcrusher,465,warrior,arms,29,9,20
Bøøtymuncher,illidan,462,warrior,arms,11,7,4
Naindejardin,sargeras,462,warrior,arms,11,5,6
Danalle,area-52,448,warrior,arms,10,6,4
Turboboy,tichondrius,448,warrior,arms,10,5,5
Notcoverage,tichondrius,447,warrior,arms,11,5,6
Tenderturtle,tichondrius,447,warrior,arms,11,5,6
Dontkiteme,frostmourne,447,warrior,arms,17,5,12
Boorabill,stormrage,446,warrior,arms,14,6,8
Hvwk,sargeras,445,warrior,arms,11,5,6
Dpsdone,blackrock,432,warrior,arms,9,6,3
Gurgak,illidan,431,warrior,arms,11,5,6
Hakén,tichondrius,431,warrior,arms,11,5,6
Esko,tichondrius,431,warrior,arms,11,5,6
Jackedaniels,stormrage,431,warrior,arms,12,5,7
Bloodbottle,darkspear,426,warrior,arms,14,7,7
Boombasta,shuhalo,426,warrior,arms,15,6,9
Ragëqt,windrunner,426,warrior,arms,15,6,9
Crushaholic,azgalor,424,warrior,arms,18,7,11
Yarocktoo,kelthuzad,415,warrior,arms,8,5,3
Machutron,quelthalas,415,warrior,arms,8,5,3
Raselix,quelthalas,415,warrior,arms,8,5,3
Crackersmack,stormrage,415,warrior,arms,11,6,5
Thano,kiljaeden,415,warrior,arms,10,5,5
Nrico,frostmourne,415,warrior,arms,10,5,5
Superbest,tichondrius,415,warrior,arms,14,5,9
Argorøk,azralon,415,warrior,arms,32,5,27
Smashsmash,barthilas,400,warrior,arms,7,5,2
Calcùlus,kelthuzad,400,warrior,arms,13,5,8
Romus,spirestone,399,warrior,arms,7,5,2
Slipter,ragnaros,384,warrior,arms,6,4,2
Styiex,ragnaros,384,warrior,arms,6,4,2
Shartstaín,tichondrius,384,warrior,arms,6,4,2
Misticstorm,barthilas,384,warrior,arms,6,4,2
Pilgrimslays,tichondrius,384,warrior,arms,6,4,2
Braxxìnn,tichondrius,384,warrior,arms,6,4,2
Rungoar,frostmourne,384,warrior,arms,6,4,2
Míaguiulfo,ragnaros,384,warrior,arms,6,4,2
Ummso,nerzhul,384,warrior,arms,6,4,2
Caberg,ragnaros,384,warrior,arms,6,4,2
Kraggo,zuljin,384,warrior,arms,6,4,2
Ráwrxd,bleeding-hollow,384,warrior,arms,6,4,2
Aægekaz,proudmoore,384,warrior,arms,6,4,2
Odinwarhands,stormrage,384,warrior,arms,6,4,2
Rõcky,frostmourne,384,warrior,arms,6,4,2
Fingaz,azralon,384,warrior,arms,6,4,2
Twerksome,tichondrius,384,warrior,arms,6,4,2
Tankdawg,draktharon,384,warrior,arms,6,4,2
Callosus,stormrage,384,warrior,arms,6,4,2
Dazfury,barthilas,384,warrior,arms,6,4,2
Ygìr,mannoroth,384,warrior,arms,6,4,2
Helder,destromath,384,warrior,arms,6,4,2
Tsutsana,lightninghoof,384,warrior,arms,6,4,2
Rylen,stormrage,384,warrior,arms,6,4,2
Takitó,ragnaros,384,warrior,arms,6,4,2
Koalabear,shadow-council,384,warrior,arms,6,4,2
Gnasty,hyjal,384,warrior,arms,6,4,2
Appolyonn,hyjal,384,warrior,arms,6,4,2
Datogkush,frostmourne,384,warrior,arms,6,4,2
Crunchytacos,zuljin,384,warrior,arms,6,4,2
Prodigi,ragnaros,384,warrior,arms,6,4,2
Neon,wildhammer,384,warrior,arms,6,4,2
Supersteak,tichondrius,384,warrior,arms,6,4,2
Blucollardad,bleeding-hollow,384,warrior,arms,6,4,2
Gozugurself,barthilas,384,warrior,arms,6,4,2
Sanqq,tichondrius,384,warrior,arms,6,4,2
Aleforth,quelthalas,384,warrior,arms,6,4,2
Deosgladius,ragnaros,384,warrior,arms,6,4,2
Kimbö,quelthalas,384,warrior,arms,6,4,2
Farmtruckqt,proudmoore,384,warrior,arms,6,4,2
Hamburgezo,quelthalas,384,warrior,arms,6,4,2
Copinhodagua,azralon,384,warrior,arms,6,4,2
Evergardens,saurfang,384,warrior,arms,6,4,2
Farlywarrior,tichondrius,384,warrior,arms,6,4,2
Extrinsic,tichondrius,384,warrior,arms,6,4,2
Bütch,stormrage,384,warrior,arms,6,4,2
Krittzie,proudmoore,384,warrior,arms,6,4,2
Conormacleod,stormrage,384,warrior,arms,6,4,2
Halfman,turalyon,384,warrior,arms,6,4,2
Ziggeraut,cenarion-circle,384,warrior,arms,6,4,2
Rodeoclown,tichondrius,384,warrior,arms,6,4,2
Alèx,tichondrius,384,warrior,arms,6,4,2
Stormleap,tichondrius,384,warrior,arms,6,4,2
Ragingboner,aggramar,384,warrior,arms,6,4,2
Wardread,frostmourne,384,warrior,arms,6,4,2
Sakuraya,tichondrius,384,warrior,arms,6,4,2
Dracoñ,quelthalas,384,warrior,arms,6,4,2
Hamur,azralon,384,warrior,arms,6,4,2
Optimalwar,arthas,384,warrior,arms,6,4,2
Aââääåääââa,bleeding-hollow,384,warrior,arms,6,4,2
Adrillonz,staghelm,384,warrior,arms,6,4,2
Malgoth,illidan,384,warrior,arms,6,4,2
Frakt,illidan,384,warrior,arms,6,4,2
Picpay,area-52,384,warrior,arms,6,4,2
Veedrin,ysera,384,warrior,arms,6,4,2
Crayen,moon-guard,384,warrior,arms,6,4,2
Borahgis,area-52,384,warrior,arms,6,4,2
Còlòssal,moknathal,384,warrior,arms,6,4,2
Diâbetes,area-52,384,warrior,arms,6,4,2
Terminatorr,quelthalas,384,warrior,arms,6,4,2
Yagarel,dalaran,384,warrior,arms,6,4,2
Fròthy,emerald-dream,384,warrior,arms,6,4,2
Orangew,dalaran,384,warrior,arms,6,4,2
Claymorer,tichondrius,384,warrior,arms,6,4,2
Gamörä,illidan,384,warrior,arms,6,4,2
Kaghogar,area-52,384,warrior,arms,6,4,2
Boomtacular,moon-guard,384,warrior,arms,6,4,2
Mòrgo,agamaggan,384,warrior,arms,6,4,2
Fancysin,malganis,384,warrior,arms,6,4,2
Iroh,thunderhorn,384,warrior,arms,6,4,2
Afelhia,moon-guard,384,warrior,arms,6,4,2
Restoy,tichondrius,384,warrior,arms,6,4,2
Kruçify,dark-iron,384,warrior,arms,6,4,2
Littlegengar,tichondrius,384,warrior,arms,6,4,2
Cheshe,area-52,384,warrior,arms,6,4,2
Gangdan,sargeras,384,warrior,arms,6,4,2
Burzerk,malganis,384,warrior,arms,6,4,2
Bajheeraz,sargeras,384,warrior,arms,6,4,2
Slapywar,illidan,384,warrior,arms,6,4,2
Swingyslammy,area-52,384,warrior,arms,6,4,2
Thottprot,blackhand,384,warrior,arms,6,4,2
Bruisebanner,area-52,384,warrior,arms,6,4,2
Odalp,tichondrius,384,warrior,arms,6,4,2
Daddydomtop,moon-guard,384,warrior,arms,6,4,2
Nextquestion,sargeras,384,warrior,arms,6,4,2
Dunkmate,malganis,384,warrior,arms,6,4,2
Steelsong,area-52,384,warrior,arms,6,4,2
Thiccyb,area-52,384,warrior,arms,6,4,2
Bigmens,illidan,384,warrior,arms,6,4,2
Ordinaryname,illidan,384,warrior,arms,6,4,2
Mystïctank,sargeras,384,warrior,arms,6,4,2
Warcheif,dentarg,384,warrior,arms,6,4,2
Swillzz,illidan,384,warrior,arms,6,4,2
Mortalhandx,tichondrius,384,warrior,arms,6,4,2
Sonoflaw,skullcrusher,384,warrior,arms,6,4,2
Mfgodofwar,kelthuzad,384,warrior,arms,6,4,2
Pineapplezz,kelthuzad,384,warrior,arms,6,4,2
Swaystko,sargeras,384,warrior,arms,6,4,2
Yivicus,sargeras,384,warrior,arms,6,4,2
Gurneyhalec,proudmoore,384,warrior,arms,6,4,2
Rinima,tichondrius,384,warrior,arms,6,4,2
Oddyseey,moon-guard,384,warrior,arms,6,4,2
Ssamba,shattered-hand,384,warrior,arms,6,4,2
Mommystrasza,kelthuzad,384,warrior,arms,6,4,2
Yêawen,tichondrius,384,warrior,arms,6,4,2
Titanmax,kelthuzad,384,warrior,arms,6,4,2
Lxstcxntury,sargeras,384,warrior,arms,6,4,2
Greenishfox,illidan,384,warrior,arms,9,5,4
Blackzone,lethon,384,warrior,arms,10,5,5
Kalisandra,undermine,384,warrior,arms,10,5,5
Ragnarlbrok,goldrinn,384,warrior,arms,10,5,5
Ailes,hakkar,384,warrior,arms,11,4,7
Dosey,kelthuzad,384,warrior,arms,12,4,8
Orcly,kilrogg,384,warrior,arms,12,4,8
Laokan,illidan,384,warrior,arms,12,4,8
Augustîne,tichondrius,384,warrior,arms,12,4,8
Jathellum,stormrage,384,warrior,arms,12,4,8
Mikejustice,kelthuzad,384,warrior,arms,12,4,8
Gangaa,barthilas,384,warrior,arms,12,4,8
Galaxywar,stormrage,384,warrior,arms,12,4,8
Bs,kiljaeden,384,warrior,arms,12,4,8
Jaredfrmsbwy,kelthuzad,384,warrior,arms,12,4,8
Aldaøm,ragnaros,384,warrior,arms,12,4,8
Grullhamer,ragnaros,384,warrior,arms,12,4,8
Ereshom,wyrmrest-accord,384,warrior,arms,12,4,8
Warspartan,stormrage,384,warrior,arms,12,4,8
Heliza,ragnaros,384,warrior,arms,12,4,8
Hameey,sargeras,384,warrior,arms,12,4,8
Hârambe,kiljaeden,384,warrior,arms,12,4,8
Koei,illidan,384,warrior,arms,12,4,8
Zebel,tichondrius,384,warrior,arms,12,4,8
Snack,stormreaver,384,warrior,arms,12,4,8
Furyofrage,dalaran,384,warrior,arms,12,4,8
Hambster,frostmane,384,warrior,arms,12,4,8
Sinkale,moon-guard,384,warrior,arms,12,4,8
Flexyx,arthas,384,warrior,arms,12,4,8
Tanksbad,lightnings-blade,384,warrior,arms,12,4,8
Gaouis,stormreaver,384,warrior,arms,12,4,8
Barrocops,kiljaeden,384,warrior,arms,12,4,8
Pilsenerog,ragnaros,384,warrior,arms,12,4,8
Bewbeebangz,kelthuzad,384,warrior,arms,12,4,8
Sandrine,fizzcrank,384,warrior,arms,12,4,8
Renclave,wyrmrest-accord,384,warrior,arms,12,4,8
Mindgoblin,bleeding-hollow,384,warrior,arms,12,4,8
Moseshrute,zuljin,384,warrior,arms,12,4,8
Velanos,bleeding-hollow,384,warrior,arms,12,4,8
Landocamando,uldaman,384,warrior,arms,12,4,8
Zulataza,zuljin,384,warrior,arms,12,4,8
Cupper,tichondrius,384,warrior,arms,12,4,8
Licona,wyrmrest-accord,384,warrior,arms,12,4,8
Guyllol,barthilas,384,warrior,arms,12,4,8
Gorethak,kiljaeden,384,warrior,arms,12,4,8
Toothpick,frostmourne,384,warrior,arms,12,4,8
Itsshowtime,tichondrius,384,warrior,arms,12,4,8
Brendan,llane,384,warrior,arms,12,4,8
Gazah,skullcrusher,384,warrior,arms,12,4,8
Iargestpp,bleeding-hollow,384,warrior,arms,12,4,8
Mefus,wyrmrest-accord,384,warrior,arms,12,4,8
Hamslamm,area-52,384,warrior,arms,12,4,8
Bigshett,sargeras,384,warrior,arms,12,4,8
Nerolanast,wyrmrest-accord,384,warrior,arms,12,4,8
Thelsarian,nerzhul,384,warrior,arms,12,4,8
Trogwaagh,zuljin,384,warrior,arms,12,4,8
Hookahmasta,area-52,384,warrior,arms,12,4,8
Varrian,rivendare,384,warrior,arms,12,4,8
Chongos,malganis,384,warrior,arms,12,4,8
Zantetsukenn,sargeras,384,warrior,arms,12,4,8
Murotamaka,malganis,384,warrior,arms,12,4,8
Joekenshield,stonemaul,384,warrior,arms,12,4,8
Drakgøre,ragnaros,384,warrior,arms,12,4,8
Verrynasty,area-52,384,warrior,arms,12,4,8
Runningatyou,area-52,384,warrior,arms,12,4,8
Vurks,frostmourne,384,warrior,arms,12,4,8
Bigpharma,elune,384,warrior,arms,12,4,8
Claphub,malganis,384,warrior,arms,12,4,8
Ballsy,fenris,384,warrior,arms,12,4,8
Varbû,hakkar,384,warrior,arms,12,4,8
Freedum,shandris,384,warrior,arms,12,4,8
Drewpqawk,tichondrius,384,warrior,arms,12,4,8
Zenmore,illidan,384,warrior,arms,12,4,8
Estrasystole,sargeras,384,warrior,arms,12,4,8
Obama,chogall,384,warrior,arms,12,4,8
Brazenox,illidan,384,warrior,arms,12,4,8
Totenhammer,nathrezim,384,warrior,arms,12,4,8
Swingú,illidan,384,warrior,arms,12,4,8
Twoshoutz,stormrage,384,warrior,arms,12,4,8
Fatherkelso,tichondrius,384,warrior,arms,12,4,8
Dámöuse,stormrage,384,warrior,arms,12,4,8
Porchorc,hyjal,384,warrior,arms,12,4,8
Nginx,queldorei,384,warrior,arms,12,4,8
Daduké,stormrage,384,warrior,arms,12,4,8
Rexmar,tichondrius,384,warrior,arms,12,4,8
Naelynh,quelthalas,384,warrior,arms,12,4,8
Handikap,stormrage,384,warrior,arms,12,4,8
Darkirondolo,tichondrius,384,warrior,arms,12,4,8
Pop,stormrage,384,warrior,arms,12,4,8
Ferilya,thunderhorn,384,warrior,arms,12,4,8
Warmachined,grizzly-hills,384,warrior,arms,12,4,8
Còsmico,trollbane,384,warrior,arms,12,4,8
Shibanda,tichondrius,384,warrior,arms,12,4,8
Angrybrog,malfurion,384,warrior,arms,12,4,8
Durango,duskwood,384,warrior,arms,12,4,8
Draiken,dalaran,384,warrior,arms,12,4,8
Indfo,altar-of-storms,384,warrior,arms,12,4,8
Metalhit,tichondrius,384,warrior,arms,12,4,8
Lørdvingådør,azralon,384,warrior,arms,12,4,8
Allonsas,moon-guard,384,warrior,arms,12,4,8
Spacegoatze,thunderlord,384,warrior,arms,12,4,8
Redbeanw,tichondrius,384,warrior,arms,12,4,8
Xårren,stormrage,384,warrior,arms,12,4,8
Slapscar,tichondrius,384,warrior,arms,12,4,8
Warriormikey,tichondrius,384,warrior,arms,12,4,8
Tappyc,tichondrius,384,warrior,arms,12,4,8
Zamera,tichondrius,384,warrior,arms,12,4,8
Facekilla,nordrassil,384,warrior,arms,12,4,8
Filth,tichondrius,384,warrior,arms,12,4,8
Jasonsdady,illidan,384,warrior,arms,12,4,8
Wendër,area-52,384,warrior,arms,12,4,8
Akoro,bleeding-hollow,384,warrior,arms,12,4,8
Dessindir,quelthalas,384,warrior,arms,12,4,8
Sheerina,area-52,384,warrior,arms,12,4,8
Nxmabala,proudmoore,384,warrior,arms,12,4,8
Redrumman,demon-soul,384,warrior,arms,12,4,8
Notfaytful,thrall,384,warrior,arms,12,4,8
Majitz,azralon,384,warrior,arms,12,4,8
Smokr,azralon,384,warrior,arms,12,4,8
Fetalalcohol,illidan,384,warrior,arms,12,4,8
Kenedy,moon-guard,384,warrior,arms,12,4,8
Regax,thrall,384,warrior,arms,12,4,8
Wyborn,emerald-dream,384,warrior,arms,12,4,8
Palumorw,deathwing,384,warrior,arms,12,4,8
Sorty,emerald-dream,384,warrior,arms,12,4,8
Vampiranha,azralon,384,warrior,arms,12,4,8
Jaclksparrow,azralon,384,warrior,arms,12,4,8
Rheizen,dark-iron,384,warrior,arms,12,4,8
Varkery,sargeras,384,warrior,arms,13,4,9
Bondadoso,stormrage,384,warrior,arms,13,4,9
Kyres,moon-guard,384,warrior,arms,16,4,12
Jazzkiler,azralon,384,warrior,arms,17,4,13
Moctezuma,bronzebeard,384,warrior,arms,18,4,14
Asphyxiating,illidan,384,warrior,arms,18,4,14
Zugyu,tichondrius,384,warrior,arms,18,4,14
Raggnar,zuluhed,384,warrior,arms,18,4,14
Draxxarlol,zuljin,384,warrior,arms,18,4,14
Clayguns,argent-dawn,384,warrior,arms,18,4,14
Paauly,ragnaros,384,warrior,arms,18,4,14
Âlecos,ragnaros,384,warrior,arms,18,4,14
Sakkarot,ragnaros,384,warrior,arms,18,4,14
Gladicus,zuljin,384,warrior,arms,18,4,14
Genghiskhañ,cairne,383,warrior,arms,6,4,2
Orcrist,stormreaver,383,warrior,arms,6,4,2
Ezaxe,tichondrius,383,warrior,arms,6,4,2
Sethh,ragnaros,383,warrior,arms,6,4,2
Thedozer,kargath,383,warrior,arms,6,4,2
Randumxx,nerzhul,383,warrior,arms,6,4,2
Tookbeki,tichondrius,383,warrior,arms,6,4,2
Rathlann,crushridge,383,warrior,arms,6,4,2
Narkki,tichondrius,383,warrior,arms,6,4,2
Yeit,tichondrius,383,warrior,arms,6,4,2
Dayafter,queldorei,383,warrior,arms,12,4,8
Aazokk,emerald-dream,383,warrior,arms,12,4,8
Ralf,emerald-dream,383,warrior,arms,12,4,8
Grrkthakilla,area-52,383,warrior,arms,12,4,8
Drovik,malygos,383,warrior,arms,12,4,8
Bläckraven,quelthalas,383,warrior,arms,12,4,8
Duvir,frostwolf,383,warrior,arms,12,4,8
Ajamu,aegwynn,383,warrior,arms,12,4,8
Stormblind,tichondrius,383,warrior,arms,12,4,8
Vordfrod,ragnaros,383,warrior,arms,12,4,8
Orangerzze,hyjal,383,warrior,arms,12,4,8
Waffuls,azshara,383,warrior,arms,18,4,14
Brujas,blackrock,383,warrior,arms,18,4,14
Hoovie,thrall,383,warrior,arms,18,4,14
Christellà,dalaran,383,warrior,arms,18,4,14
Euphylez,garrosh,382,warrior,arms,6,4,2
Bahlsac,cenarion-circle,382,warrior,arms,12,4,8
Bunedau,azgalor,380,warrior,arms,18,4,14
Såmmÿ,moon-guard,379,warrior,arms,12,4,8
Handdok,runetotem,379,warrior,arms,12,4,8
Lightstrikes,sargeras,379,warrior,arms,12,4,8
Morphexo,quelthalas,372,warrior,arms,26,7,19
Loomine,illidan,367,warrior,arms,11,4,7
Drakôn,quelthalas,367,warrior,arms,11,4,7
Shagalaca,tichondrius,367,warrior,arms,11,4,7
Twohandkilla,scilla,367,warrior,arms,11,4,7
Twinktop,tichondrius,351,warrior,arms,11,4,7
Förkz,ragnaros,351,warrior,arms,11,4,7
Thøros,moon-guard,351,warrior,arms,11,4,7
Vaetren,area-52,351,warrior,arms,11,4,7
Gâbríel,maiev,351,warrior,arms,11,4,7
Warriorox,illidan,351,warrior,arms,16,4,12
Cönan,thunderhorn,351,warrior,arms,16,4,12
Bronkyaf,hyjal,351,warrior,arms,23,4,19
Justentacle,zuljin,336,warrior,arms,15,4,11
Sinweaver,bleeding-hollow,335,warrior,arms,9,5,4
Jimpepega,quelthalas,335,warrior,arms,11,4,7
Caynos,stormrage,335,warrior,arms,11,4,7
Toir,bladefist,335,warrior,arms,11,4,7
Sòlace,malganis,330,warrior,arms,13,5,8
Krongarr,area-52,330,warrior,arms,14,5,9
Rubbers,thrall,330,warrior,arms,17,6,11
Macray,zuljin,330,warrior,arms,18,5,13
Scottie,cairne,325,warrior,arms,13,5,8
Lildumptruck,emerald-dream,320,warrior,arms,10,4,6
Painstake,illidan,320,warrior,arms,19,5,14
Orcwoyer,tichondrius,319,warrior,arms,5,4,1
Skollton,tichondrius,319,warrior,arms,5,4,1
Venrod,ragnaros,319,warrior,arms,5,4,1
Toetoeto,darrowmere,319,warrior,arms,5,4,1
Vaider,bleeding-hollow,319,warrior,arms,5,4,1
Zyken,tichondrius,319,warrior,arms,5,4,1
Kricken,frostmourne,319,warrior,arms,8,4,4
Chelero,area-52,319,warrior,arms,8,4,4
Bigmachete,tichondrius,319,warrior,arms,8,4,4
Rauwers,azralon,319,warrior,arms,8,4,4
Aerriz,area-52,319,warrior,arms,11,4,7
Nayaqt,tichondrius,319,warrior,arms,14,4,10
Edmaghar,ragnaros,319,warrior,arms,14,4,10
Atruis,area-52,304,warrior,arms,7,4,3
Swiftless,gnomeregan,304,warrior,arms,13,4,9
Rezhan,area-52,304,warrior,arms,13,4,9
Syradar,ragnaros,304,warrior,arms,13,4,9
Nicolasrage,trollbane,303,warrior,arms,11,5,6
Hotboxer,kelthuzad,295,warrior,arms,12,5,7
Osselan,moon-guard,288,warrior,arms,6,3,3
Scanlan,dalvengyr,288,warrior,arms,6,3,3
Tothepain,thrall,288,warrior,arms,6,3,3
Nazereth,emerald-dream,288,warrior,arms,6,3,3
Vegies,emerald-dream,288,warrior,arms,6,3,3
Unhealbedam,area-52,288,warrior,arms,6,3,3
Phaknah,emerald-dream,288,warrior,arms,6,3,3
Billpoonover,blackwing-lair,288,warrior,arms,6,3,3
Schmeli,dalaran,288,warrior,arms,6,3,3
Flarkin,area-52,288,warrior,arms,6,3,3
Trackhawk,moon-guard,288,warrior,arms,6,3,3
Lebronjåmes,aggramar,288,warrior,arms,6,3,3
Duglug,malganis,288,warrior,arms,6,3,3
Poonoxo,gundrak,288,warrior,arms,6,3,3
Meepxd,stormrage,288,warrior,arms,6,3,3
Davien,tichondrius,288,warrior,arms,6,3,3
Rhonusturune,blackrock,288,warrior,arms,6,3,3
Gypsypsycho,stormrage,288,warrior,arms,6,3,3
Stungrunn,tichondrius,288,warrior,arms,6,3,3
Ðuffman,jubeithos,288,warrior,arms,6,3,3
Badvelic,tichondrius,288,warrior,arms,6,3,3
Wrèckingball,tichondrius,288,warrior,arms,6,3,3
Exiledwarz,area-52,288,warrior,arms,6,3,3
Backbreaker,area-52,288,warrior,arms,6,3,3
Noteko,tichondrius,288,warrior,arms,6,3,3
Clerond,tichondrius,288,warrior,arms,6,3,3
Ambevsgunnar,tichondrius,288,warrior,arms,6,3,3
Liltotey,frostmourne,288,warrior,arms,6,3,3
Chronicdank,tichondrius,288,warrior,arms,6,3,3
Benieswar,frostmourne,288,warrior,arms,6,3,3
Temperament,area-52,288,warrior,arms,6,3,3
Edokthong,frostmourne,288,warrior,arms,6,3,3
Nukehazard,bleeding-hollow,288,warrior,arms,6,3,3
Decimus,medivh,288,warrior,arms,6,3,3
Hesch,thunderlord,288,warrior,arms,6,3,3
Vuraxx,area-52,288,warrior,arms,6,3,3
Valperion,frostmourne,288,warrior,arms,6,3,3
Fjswpp,tichondrius,288,warrior,arms,6,3,3
Renseven,frostmourne,288,warrior,arms,6,3,3
Skullsplittr,illidan,288,warrior,arms,6,3,3
Sweetmojito,vashj,288,warrior,arms,6,3,3
Zemms,mannoroth,288,warrior,arms,6,3,3
Amikvarse,ghostlands,288,warrior,arms,6,3,3
Aeximu,skywall,288,warrior,arms,6,3,3
Brôm,emerald-dream,288,warrior,arms,6,3,3
Sunhands,emerald-dream,288,warrior,arms,6,3,3
Rockhardt,tichondrius,288,warrior,arms,6,3,3
Akhinoz,area-52,288,warrior,arms,6,3,3
Carborr,frostmourne,288,warrior,arms,6,3,3
Ragmuffins,tichondrius,288,warrior,arms,6,3,3
Tnytank,burning-legion,288,warrior,arms,6,3,3
Dematic,skullcrusher,288,warrior,arms,6,3,3
Robothands,tichondrius,288,warrior,arms,6,3,3
Warreeper,area-52,288,warrior,arms,6,3,3
Ymìr,moon-guard,288,warrior,arms,6,3,3
Cwar,tichondrius,288,warrior,arms,6,3,3
Swizzly,tichondrius,288,warrior,arms,6,3,3
Az,malorne,288,warrior,arms,6,3,3
Glowstick,tichondrius,288,warrior,arms,6,3,3
Telynne,frostmourne,288,warrior,arms,6,3,3
Magthor,warsong,288,warrior,arms,6,3,3
Kokurawr,burning-legion,288,warrior,arms,6,3,3
Trashman,frostwolf,288,warrior,arms,6,3,3
Krïtzkreig,the-forgotten-coast,288,warrior,arms,6,3,3
Topee,area-52,288,warrior,arms,6,3,3
Corrum,shuhalo,288,warrior,arms,6,3,3
Chikenekihc,frostmourne,288,warrior,arms,6,3,3
Pureone,barthilas,288,warrior,arms,6,3,3
Camaeel,stormrage,288,warrior,arms,6,3,3
Jackanape,sargeras,288,warrior,arms,6,3,3
Smashndspin,sargeras,288,warrior,arms,6,3,3
Exdilla,zuljin,288,warrior,arms,6,3,3
Ayenel,stormrage,288,warrior,arms,6,3,3
Exequet,tichondrius,288,warrior,arms,6,3,3
Kuntahkintah,tichondrius,288,warrior,arms,6,3,3
Cokedope,tichondrius,288,warrior,arms,6,3,3
Roidråge,area-52,288,warrior,arms,6,3,3
Allmotor,zuljin,288,warrior,arms,6,3,3
Mandofl,ragnaros,288,warrior,arms,6,3,3
Hukzula,illidan,288,warrior,arms,6,3,3
Solembuumm,illidan,288,warrior,arms,6,3,3
Boitoróh,azralon,288,warrior,arms,6,3,3
Wulfgarn,frostwolf,288,warrior,arms,6,3,3
Bulldozer,terokkar,288,warrior,arms,6,3,3
Gulharot,stormrage,288,warrior,arms,6,3,3
Caalypso,stormrage,288,warrior,arms,6,3,3
Nefrith,lightbringer,288,warrior,arms,6,3,3
Drugdilla,zuljin,288,warrior,arms,6,3,3
Largegayman,sargeras,288,warrior,arms,6,3,3
Brylena,drenden,288,warrior,arms,6,3,3
Bullblader,azralon,288,warrior,arms,6,3,3
Shaydoom,frostmourne,288,warrior,arms,6,3,3
Scottpilgrim,illidan,288,warrior,arms,6,3,3
Pudgez,hakkar,288,warrior,arms,6,3,3
Raekwon,gurubashi,288,warrior,arms,6,3,3
Kajind,boulderfist,288,warrior,arms,6,3,3
Cheekclapps,tichondrius,288,warrior,arms,6,3,3
Jutank,sargeras,288,warrior,arms,6,3,3
Readytoflee,moon-guard,288,warrior,arms,6,3,3
Tenfury,proudmoore,288,warrior,arms,6,3,3
Robostergler,tichondrius,288,warrior,arms,6,3,3
Bëowulf,malganis,288,warrior,arms,6,3,3
Nazakeen,tichondrius,288,warrior,arms,6,3,3
Vnw,illidan,288,warrior,arms,6,3,3
Senzhi,sargeras,288,warrior,arms,6,3,3
Blazingfury,area-52,288,warrior,arms,6,3,3
Imperiial,stormrage,288,warrior,arms,6,3,3
Riidim,area-52,288,warrior,arms,6,3,3
Assmut,stormrage,288,warrior,arms,6,3,3
Huffzo,tichondrius,288,warrior,arms,6,3,3
Fyle,stormrage,288,warrior,arms,6,3,3
Andrewceo,tichondrius,288,warrior,arms,6,3,3
Tinylimbs,frostmourne,288,warrior,arms,6,3,3
Miarisa,moon-guard,288,warrior,arms,6,3,3
Vrtrooper,tichondrius,288,warrior,arms,6,3,3
Gorkrog,frostmourne,288,warrior,arms,6,3,3
Elegance,llane,288,warrior,arms,6,3,3
Dublinn,llane,288,warrior,arms,6,3,3
Zombeebe,sargeras,288,warrior,arms,6,3,3
Seblledo,drakkari,288,warrior,arms,6,3,3
Forthejeers,sargeras,288,warrior,arms,6,3,3
Sinjino,proudmoore,288,warrior,arms,6,3,3
Faywarsong,area-52,288,warrior,arms,6,3,3
Wrekzor,zuljin,288,warrior,arms,6,3,3
Miltlan,drakkari,288,warrior,arms,6,3,3
Vistacleave,maiev,288,warrior,arms,6,3,3
Leeth,azralon,288,warrior,arms,6,3,3
Sauceslinga,frostmourne,288,warrior,arms,6,3,3
Éten,drakkari,288,warrior,arms,6,3,3
Garoush,illidan,288,warrior,arms,6,3,3
Dunsker,stormrage,288,warrior,arms,6,3,3
Ei,darrowmere,288,warrior,arms,6,3,3
Runtasticx,tichondrius,288,warrior,arms,6,3,3
Hanginaround,zuluhed,288,warrior,arms,6,3,3
Diddlin,tichondrius,288,warrior,arms,6,3,3
Skullbreaker,aggramar,288,warrior,arms,6,3,3
Renning,malganis,288,warrior,arms,6,3,3
Malakwar,thrall,288,warrior,arms,6,3,3
Kénblock,tichondrius,288,warrior,arms,6,3,3
Fregory,moon-guard,288,warrior,arms,6,3,3
Robio,tichondrius,288,warrior,arms,6,3,3
Zëti,ragnaros,288,warrior,arms,6,3,3
Rockybâlboa,illidan,288,warrior,arms,6,3,3
Seymourbot,illidan,288,warrior,arms,6,3,3
Srkong,stormrage,288,warrior,arms,6,3,3
Clegain,ragnaros,288,warrior,arms,6,3,3
Tread,mugthol,288,warrior,arms,6,3,3
Mcbanner,ragnaros,288,warrior,arms,6,3,3
Hotaha,tichondrius,288,warrior,arms,6,3,3
Notawar,stormrage,288,warrior,arms,6,3,3
Humanlog,illidan,288,warrior,arms,6,3,3
Ellx,sargeras,288,warrior,arms,6,3,3
Leonidas,barthilas,288,warrior,arms,6,3,3
Finnagnome,sargeras,288,warrior,arms,6,3,3
Rehnd,illidan,288,warrior,arms,6,3,3
Limby,wyrmrest-accord,288,warrior,arms,6,3,3
Dolph,sargeras,288,warrior,arms,6,3,3
Springbreak,bleeding-hollow,288,warrior,arms,6,3,3
Idarkshakra,illidan,288,warrior,arms,6,3,3
Poppacd,stormrage,288,warrior,arms,6,3,3
Warnuk,lightnings-blade,288,warrior,arms,6,3,3
Salveknight,ragnaros,288,warrior,arms,6,3,3
Pressonce,bleeding-hollow,288,warrior,arms,6,3,3
Dorant,wyrmrest-accord,288,warrior,arms,6,3,3
Pussman,malganis,288,warrior,arms,6,3,3
Meatpouch,kelthuzad,288,warrior,arms,6,3,3
Hotwings,kelthuzad,288,warrior,arms,6,3,3
Rezorc,stormrage,288,warrior,arms,6,3,3
Alicha,tichondrius,288,warrior,arms,6,3,3
Richenbach,kelthuzad,288,warrior,arms,6,3,3
Shiromiya,tichondrius,288,warrior,arms,6,3,3
Skrognoth,malganis,288,warrior,arms,6,3,3
Spartanfury,tichondrius,288,warrior,arms,6,3,3
Larosfan,tichondrius,288,warrior,arms,6,3,3
Altron,icecrown,288,warrior,arms,6,3,3
Zåzriel,tichondrius,288,warrior,arms,6,3,3
Gungo,kiljaeden,288,warrior,arms,6,3,3
Ragemelon,icecrown,288,warrior,arms,6,3,3
Stárscreám,malganis,288,warrior,arms,6,3,3
Schlosh,laughing-skull,288,warrior,arms,6,3,3
Cryptex,illidan,288,warrior,arms,6,3,3
Drakr,ragnaros,288,warrior,arms,6,3,3
Zemi,sargeras,288,warrior,arms,6,3,3
Retrô,uldum,288,warrior,arms,6,3,3
Grapegush,bleeding-hollow,288,warrior,arms,6,3,3
Freekct,azralon,288,warrior,arms,6,3,3
Miroz,tichondrius,288,warrior,arms,6,3,3
Jerveen,quelthalas,288,warrior,arms,6,3,3
Vinetic,kiljaeden,288,warrior,arms,6,3,3
Warriortimes,ragnaros,288,warrior,arms,6,3,3
Toughness,kelthuzad,288,warrior,arms,6,3,3
Akilosh,illidan,288,warrior,arms,6,3,3
Yasser,ragnaros,288,warrior,arms,6,3,3
Messe,khazgoroth,288,warrior,arms,6,3,3
Jug,khazgoroth,288,warrior,arms,6,3,3
Dronarmus,ragnaros,288,warrior,arms,6,3,3
Mittyroar,khazgoroth,288,warrior,arms,6,3,3
Valför,ysera,288,warrior,arms,6,3,3
Tehnklo,tichondrius,288,warrior,arms,6,3,3
Allmurr,ragnaros,288,warrior,arms,6,3,3
Kryptïç,moon-guard,288,warrior,arms,6,3,3
Småckêd,sargeras,288,warrior,arms,6,3,3
Watergun,khazgoroth,288,warrior,arms,6,3,3
Ghomory,quelthalas,288,warrior,arms,6,3,3
Mortaryon,malganis,288,warrior,arms,6,3,3
Serindel,quelthalas,288,warrior,arms,6,3,3
Flavorw,cairne,288,warrior,arms,6,3,3
Jaqques,moon-guard,288,warrior,arms,6,3,3
Letyoupain,illidan,288,warrior,arms,6,3,3
Monokromikor,sargeras,288,warrior,arms,6,3,3
Fivewarrior,tichondrius,288,warrior,arms,6,3,3
Fakktwo,blackhand,288,warrior,arms,6,3,3
Orkwar,tichondrius,288,warrior,arms,6,3,3
Tulnaak,durotan,288,warrior,arms,6,3,3
Lemondrake,sargeras,288,warrior,arms,6,3,3
Axeslaps,illidan,288,warrior,arms,6,3,3
Ðeathwish,thrall,288,warrior,arms,6,3,3
Hytonmi,moon-guard,288,warrior,arms,6,3,3
Bghero,wyrmrest-accord,288,warrior,arms,6,3,3
Asteríon,sargeras,288,warrior,arms,6,3,3
Vpé,sargeras,288,warrior,arms,6,3,3
Evôlutiôn,kelthuzad,288,warrior,arms,6,3,3
Maldre,stormrage,288,warrior,arms,9,4,5
Rageslayer,area-52,288,warrior,arms,9,4,5
Terukan,drakkari,288,warrior,arms,7,3,4
Faelzerá,azralon,288,warrior,arms,7,3,4
Grognäk,malganis,288,warrior,arms,7,3,4
Lildam,sargeras,288,warrior,arms,13,5,8
Ohdang,dark-iron,288,warrior,arms,8,3,5
Ennia,azralon,288,warrior,arms,9,3,6
Medval,quelthalas,288,warrior,arms,11,3,8
Akil,ragnaros,288,warrior,arms,15,4,11
Melancalli,thorium-brotherhood,288,warrior,arms,12,3,9
Sescor,moon-guard,288,warrior,arms,12,3,9
Enzothebaker,thrall,288,warrior,arms,12,3,9
Valestrike,moon-guard,288,warrior,arms,12,3,9
Mesw,illidan,288,warrior,arms,12,3,9
Aræn,sargeras,288,warrior,arms,12,3,9
Orcboic,area-52,288,warrior,arms,12,3,9
Smashyu,fenris,288,warrior,arms,12,3,9
Aralla,area-52,288,warrior,arms,12,3,9
Battleboxes,area-52,288,warrior,arms,12,3,9
Xdragonfirex,terenas,288,warrior,arms,12,3,9
Soughloe,illidan,288,warrior,arms,12,3,9
Zaeyr,tichondrius,288,warrior,arms,12,3,9
Ntwandamaela,moon-guard,288,warrior,arms,12,3,9
Snippy,garona,288,warrior,arms,12,3,9
Kirikash,illidan,288,warrior,arms,12,3,9
Émerald,kilrogg,288,warrior,arms,12,3,9
Basingsei,area-52,288,warrior,arms,12,3,9
Kigo,azralon,288,warrior,arms,12,3,9
Alppha,emerald-dream,288,warrior,arms,12,3,9
Disturbed,velen,288,warrior,arms,12,3,9
Heyzulnut,whisperwind,288,warrior,arms,12,3,9
Brütalize,wyrmrest-accord,288,warrior,arms,12,3,9
Grimthad,emerald-dream,288,warrior,arms,12,3,9
Djshinobi,whisperwind,288,warrior,arms,12,3,9
Grouwarriar,azralon,288,warrior,arms,12,3,9
Fupatwo,moon-guard,288,warrior,arms,12,3,9
Naughtynilla,sargeras,288,warrior,arms,12,3,9
Minnysota,area-52,288,warrior,arms,12,3,9
Neltar,nagrand,288,warrior,arms,12,3,9
Stately,stormrage,288,warrior,arms,12,3,9
Roadpig,zuljin,288,warrior,arms,12,3,9
Kregnar,gundrak,288,warrior,arms,12,3,9
Kintownhero,aegwynn,288,warrior,arms,12,3,9
Zeen,darkspear,288,warrior,arms,12,3,9
Exenknight,frostmourne,288,warrior,arms,12,3,9
Beenbag,aerie-peak,288,warrior,arms,12,3,9
Nektar,aerie-peak,288,warrior,arms,12,3,9
Morgithia,suramar,288,warrior,arms,12,3,9
Calebrium,tichondrius,288,warrior,arms,12,3,9
Alliancerulz,darrowmere,288,warrior,arms,12,3,9
Enulimen,daggerspine,288,warrior,arms,12,3,9
Vivinn,aegwynn,288,warrior,arms,12,3,9
Doomr,tichondrius,288,warrior,arms,12,3,9
Zsl,tichondrius,288,warrior,arms,12,3,9
Phargo,korgath,288,warrior,arms,12,3,9
Tangö,barthilas,288,warrior,arms,12,3,9
Lowdopamine,tichondrius,288,warrior,arms,12,3,9
Pawgmilf,tichondrius,288,warrior,arms,12,3,9
Kierto,undermine,288,warrior,arms,12,3,9
Luchonamøm,ragnaros,288,warrior,arms,12,3,9
Eightballerz,barthilas,288,warrior,arms,12,3,9
Guerreraa,ragnaros,288,warrior,arms,12,3,9
Forarrior,malganis,288,warrior,arms,12,3,9
Wxxz,tichondrius,288,warrior,arms,12,3,9
Hellamoist,tichondrius,288,warrior,arms,12,3,9
Maaushang,wyrmrest-accord,288,warrior,arms,12,3,9
Kinigit,azjolnerub,288,warrior,arms,12,3,9
Urbzog,chogall,288,warrior,arms,12,3,9
Awezc,chogall,288,warrior,arms,12,3,9
Dablao,tichondrius,288,warrior,arms,12,3,9
Porori,proudmoore,288,warrior,arms,12,3,9
Ichil,azshara,288,warrior,arms,12,3,9
Paxyisbad,tichondrius,288,warrior,arms,12,3,9
Hozer,tichondrius,288,warrior,arms,12,3,9
Mavromantus,lightninghoof,288,warrior,arms,12,3,9
Mansin,tichondrius,288,warrior,arms,12,3,9
Relay,mugthol,288,warrior,arms,12,3,9
Gnomas,destromath,288,warrior,arms,12,3,9
Staticego,dalaran,288,warrior,arms,12,3,9
Kero,malganis,288,warrior,arms,12,3,9
Glamen,moon-guard,288,warrior,arms,12,3,9
Hrl,tichondrius,288,warrior,arms,12,3,9
Darthfaith,azgalor,288,warrior,arms,12,3,9
Dainbramage,dalaran,288,warrior,arms,12,3,9
Erzawälkër,quelthalas,288,warrior,arms,12,3,9
Mothor,thrall,288,warrior,arms,12,3,9
Khallell,illidan,288,warrior,arms,18,3,15
Mathilan,moon-guard,288,warrior,arms,18,3,15
Giant,lothar,288,warrior,arms,18,3,15
Integrâl,tichondrius,288,warrior,arms,18,3,15
Macbride,blackrock,288,warrior,arms,24,3,21
Saintgeorge,thorium-brotherhood,287,warrior,arms,6,3,3
Breinan,ragnaros,287,warrior,arms,6,3,3
Magtharas,dunemaul,287,warrior,arms,6,3,3
Yomaaln,blackrock,287,warrior,arms,6,3,3
Noktarr,tichondrius,287,warrior,arms,9,4,5
Dekromm,tol-barad,287,warrior,arms,12,3,9
Leosax,drakthul,287,warrior,arms,12,3,9
Clayske,gurubashi,287,warrior,arms,12,3,9
Borgosa,wyrmrest-accord,287,warrior,arms,18,3,15
Zugbrained,zuljin,271,warrior,arms,11,3,8
Vith,bleeding-hollow,271,warrior,arms,11,3,8
Dazanor,moon-guard,271,warrior,arms,11,3,8
Stackws,tichondrius,271,warrior,arms,11,3,8
Nooy,blackrock,271,warrior,arms,17,3,14
Thorsën,sargeras,256,warrior,arms,8,4,4
Nècroxious,hellscream,255,warrior,arms,11,3,8
Spicywagyu,tichondrius,255,warrior,arms,11,3,8
Blksquadron,sargeras,253,warrior,arms,12,3,9
Belakorr,frostmourne,240,warrior,arms,9,3,6
Faduuba,quelthalas,240,warrior,arms,9,3,6
Omicripto,tichondrius,239,warrior,arms,5,3,2
Busyguyw,kiljaeden,239,warrior,arms,5,3,2
Kalphok,tichondrius,239,warrior,arms,5,3,2
Likearock,thrall,239,warrior,arms,5,3,2
ßlitzxkreig,tichondrius,239,warrior,arms,5,3,2
Kholusia,kul-tiras,239,warrior,arms,5,3,2
Builtdif,zuljin,239,warrior,arms,5,3,2
Stinkers,proudmoore,234,warrior,arms,16,4,12
Dragonrage,tanaris,223,warrior,arms,8,3,5
Benchpress,bleeding-hollow,223,warrior,arms,8,3,5
Snikkles,frostmourne,223,warrior,arms,14,3,11
Condemnd,area-52,207,warrior,arms,8,3,5
Porotitto,drakkari,192,warrior,arms,11,4,7
Arianarkw,sargeras,192,warrior,arms,9,3,6
Berru,bleeding-hollow,192,warrior,arms,9,3,6
Cugino,tichondrius,192,warrior,arms,9,3,6
Nordrages,stormrage,192,warrior,arms,6,2,4
Noblêsix,dalaran,192,warrior,arms,6,2,4
Nerffrogues,stormrage,192,warrior,arms,6,2,4
Plata,akama,192,warrior,arms,6,2,4
Fealix,moon-guard,192,warrior,arms,6,2,4
Mongofiera,quelthalas,192,warrior,arms,6,2,4
Warrdog,kelthuzad,192,warrior,arms,6,2,4
Suavay,executus,192,warrior,arms,6,2,4
Hbbaboy,nagrand,192,warrior,arms,6,2,4
Suzushi,tichondrius,192,warrior,arms,6,2,4
Annihilataur,blackhand,192,warrior,arms,6,2,4
Ryuma,chogall,192,warrior,arms,6,2,4
Toscö,quelthalas,192,warrior,arms,6,2,4
Saabre,tichondrius,192,warrior,arms,6,2,4
Donni,kelthuzad,192,warrior,arms,6,2,4
Darkø,quelthalas,192,warrior,arms,6,2,4
Robdamanuwu,tichondrius,192,warrior,arms,6,2,4
Bloodscream,magtheridon,192,warrior,arms,6,2,4
Hagger,quelthalas,192,warrior,arms,6,2,4
Dex,saurfang,192,warrior,arms,6,2,4
Wooglinx,stormrage,192,warrior,arms,6,2,4
Tnknspnk,stormrage,192,warrior,arms,6,2,4
Lhariza,stormrage,192,warrior,arms,6,2,4
Kîp,moon-guard,192,warrior,arms,6,2,4
Lvcifer,akama,192,warrior,arms,6,2,4
Risr,illidan,192,warrior,arms,6,2,4
Squonks,kelthuzad,192,warrior,arms,6,2,4
Mahknut,moon-guard,192,warrior,arms,6,2,4
Ociriu,quelthalas,192,warrior,arms,6,2,4
Uprisèn,illidan,192,warrior,arms,6,2,4
Sypii,malganis,192,warrior,arms,6,2,4
Pisagnòmos,quelthalas,192,warrior,arms,6,2,4
Tnknspnk,magtheridon,192,warrior,arms,6,2,4
Beilian,quelthalas,192,warrior,arms,6,2,4
Ljon,sargeras,192,warrior,arms,6,2,4
Iapologiz,illidan,192,warrior,arms,6,2,4
Bbyzugga,kelthuzad,192,warrior,arms,6,2,4
Ronipastrami,kelthuzad,192,warrior,arms,6,2,4
Grekk,kelthuzad,192,warrior,arms,6,2,4
Clumhaku,dalaran,192,warrior,arms,6,2,4
Tüssèll,khazgoroth,192,warrior,arms,6,2,4
Negrus,sargeras,192,warrior,arms,6,2,4
Kraff,tichondrius,192,warrior,arms,6,2,4
Æxe,tichondrius,192,warrior,arms,6,2,4
Zulex,dathremar,192,warrior,arms,6,2,4
Yeetzbytre,sargeras,192,warrior,arms,6,2,4
Harlo,nerzhul,192,warrior,arms,6,2,4
Rekshor,wyrmrest-accord,192,warrior,arms,6,2,4
Zantov,thrall,192,warrior,arms,6,2,4
Primørdíal,tichondrius,192,warrior,arms,6,2,4
Slamzftw,stormreaver,192,warrior,arms,6,2,4
Fäey,dalaran,192,warrior,arms,6,2,4
Pép,malganis,192,warrior,arms,6,2,4
Airolol,tichondrius,192,warrior,arms,6,2,4
Jéshka,wyrmrest-accord,192,warrior,arms,6,2,4
Dodiru,azralon,192,warrior,arms,6,2,4
Orphenkaos,bleeding-hollow,192,warrior,arms,6,2,4
Danksoms,arthas,192,warrior,arms,6,2,4
Surge,eredar,192,warrior,arms,6,2,4
Dahakawar,malganis,192,warrior,arms,6,2,4
Crno,stormrage,192,warrior,arms,6,2,4
Admission,dalaran,192,warrior,arms,6,2,4
Jessicajinn,illidan,192,warrior,arms,6,2,4
Rawcancer,malganis,192,warrior,arms,6,2,4
Tarkvs,ragnaros,192,warrior,arms,6,2,4
Kinaed,durotan,192,warrior,arms,6,2,4
Zabutay,quelthalas,192,warrior,arms,6,2,4
Smeshyou,kelthuzad,192,warrior,arms,6,2,4
Helminth,kirin-tor,192,warrior,arms,6,2,4
Xtrego,quelthalas,192,warrior,arms,6,2,4
Creedmor,moon-guard,192,warrior,arms,6,2,4
Xkrieger,tichondrius,192,warrior,arms,6,2,4
Gio,duskwood,192,warrior,arms,6,2,4
Dëckhand,proudmoore,192,warrior,arms,6,2,4
Gátzú,ragnaros,192,warrior,arms,6,2,4
Yeèzy,stormrage,192,warrior,arms,6,2,4
Okcomputer,bleeding-hollow,192,warrior,arms,6,2,4
Trashish,tichondrius,192,warrior,arms,6,2,4
Mansaniwis,tichondrius,192,warrior,arms,6,2,4
Berserkchow,sargeras,192,warrior,arms,6,2,4
Raazzawar,moon-guard,192,warrior,arms,6,2,4
Frantic,korialstrasz,192,warrior,arms,6,2,4
Gtrain,barthilas,192,warrior,arms,6,2,4
Illoonn,tichondrius,192,warrior,arms,6,2,4
Jírky,ragnaros,192,warrior,arms,6,2,4
Immadropyou,malganis,192,warrior,arms,6,2,4
Bigßiceps,tichondrius,192,warrior,arms,6,2,4
Wl,ragnaros,192,warrior,arms,6,2,4
Titanwarr,malganis,192,warrior,arms,6,2,4
Bestexecutes,stormrage,192,warrior,arms,6,2,4
Linkedd,sargeras,192,warrior,arms,6,2,4
Depressedman,tichondrius,192,warrior,arms,6,2,4
Chopmeat,ysera,192,warrior,arms,6,2,4
Steelbane,moon-guard,192,warrior,arms,6,2,4
Bamxz,stormrage,192,warrior,arms,6,2,4
Derr,tichondrius,192,warrior,arms,6,2,4
Papichoppyme,bleeding-hollow,192,warrior,arms,6,2,4
Darkstrikee,tichondrius,192,warrior,arms,6,2,4
Liabilities,icecrown,192,warrior,arms,6,2,4
Warkaiser,ragnaros,192,warrior,arms,6,2,4
Dunklad,thrall,192,warrior,arms,6,2,4
Richbear,kiljaeden,192,warrior,arms,6,2,4
Warcryof,illidan,192,warrior,arms,6,2,4
Draimän,ragnaros,192,warrior,arms,6,2,4
Disheartened,wyrmrest-accord,192,warrior,arms,6,2,4
Adonis,burning-blade,192,warrior,arms,6,2,4
Oow,barthilas,192,warrior,arms,6,2,4
Stinkdog,khazgoroth,192,warrior,arms,6,2,4
Padregordo,stormrage,192,warrior,arms,6,2,4
Moruken,malganis,192,warrior,arms,6,2,4
Hurricán,tichondrius,192,warrior,arms,6,2,4
Düde,whisperwind,192,warrior,arms,6,2,4
Dracufeuer,bleeding-hollow,192,warrior,arms,6,2,4
Sweatyvols,illidan,192,warrior,arms,6,2,4
Ällfather,proudmoore,192,warrior,arms,6,2,4
Burstful,bleeding-hollow,192,warrior,arms,6,2,4
Comic,malganis,192,warrior,arms,6,2,4
Thresdan,emerald-dream,192,warrior,arms,6,2,4
Tokushima,illidan,192,warrior,arms,6,2,4
Hawaiianko,guldan,192,warrior,arms,6,2,4
Hellabandz,bleeding-hollow,192,warrior,arms,6,2,4
Trouz,ragnaros,192,warrior,arms,6,2,4
Pendrake,proudmoore,192,warrior,arms,6,2,4
Brenrainn,thrall,192,warrior,arms,6,2,4
Nabangle,barthilas,192,warrior,arms,6,2,4
Scrubwarrior,black-dragonflight,192,warrior,arms,6,2,4
Scabber,ragnaros,192,warrior,arms,6,2,4
Valky,sargeras,192,warrior,arms,6,2,4
Toüka,ragnaros,192,warrior,arms,6,2,4
Barrigudo,ragnaros,192,warrior,arms,6,2,4
Mochigome,moon-guard,192,warrior,arms,6,2,4
Zatanika,ragnaros,192,warrior,arms,6,2,4
Joelyyonerr,barthilas,192,warrior,arms,6,2,4
Cleavebøt,sargeras,192,warrior,arms,6,2,4
Bayingyi,barthilas,192,warrior,arms,6,2,4
Bonetotem,azralon,192,warrior,arms,6,2,4
Drtbag,tichondrius,192,warrior,arms,6,2,4
Ruinhorn,thrall,192,warrior,arms,6,2,4
Umaim,bleeding-hollow,192,warrior,arms,6,2,4
Passionjar,bleeding-hollow,192,warrior,arms,6,2,4
Borealiss,ragnaros,192,warrior,arms,6,2,4
Arbitraiter,whisperwind,192,warrior,arms,6,2,4
Fùzzy,zuluhed,192,warrior,arms,6,2,4
Dagorine,eredar,192,warrior,arms,6,2,4
Roidragez,illidan,192,warrior,arms,6,2,4
Diddlystix,illidan,192,warrior,arms,6,2,4
Auncie,aggramar,192,warrior,arms,6,2,4
Checkeett,sargeras,192,warrior,arms,6,2,4
Heresjonny,malganis,192,warrior,arms,6,2,4
Stellabear,aggramar,192,warrior,arms,6,2,4
Kønan,stormrage,192,warrior,arms,6,2,4
Flyaf,illidan,192,warrior,arms,6,2,4
Kvnñ,frostmourne,192,warrior,arms,6,2,4
Chuck,zangarmarsh,192,warrior,arms,6,2,4
Armsracê,zuljin,192,warrior,arms,6,2,4
Spaceshuttle,bleeding-hollow,192,warrior,arms,6,2,4
Soulmerc,turalyon,192,warrior,arms,6,2,4
Revinth,sargeras,192,warrior,arms,6,2,4
Zerríck,moon-guard,192,warrior,arms,6,2,4
Lavablood,moon-guard,192,warrior,arms,6,2,4
Bootylordxx,stormrage,192,warrior,arms,6,2,4
Jakelope,proudmoore,192,warrior,arms,6,2,4
Lazarenthus,stormrage,192,warrior,arms,6,2,4
Lopotron,sargeras,192,warrior,arms,6,2,4
Golmash,draenor,192,warrior,arms,6,2,4
Nilrondoom,illidan,192,warrior,arms,6,2,4
Yeicomoon,ragnaros,192,warrior,arms,6,2,4
Àyo,frostmourne,192,warrior,arms,6,2,4
Rassius,sargeras,192,warrior,arms,6,2,4
Rí,moon-guard,192,warrior,arms,6,2,4
Mututu,frostmourne,192,warrior,arms,6,2,4
Vamsx,barthilas,192,warrior,arms,6,2,4
Pornawar,area-52,192,warrior,arms,6,2,4
Playdohxt,frostmourne,192,warrior,arms,6,2,4
Bilmuri,proudmoore,192,warrior,arms,6,2,4
Shrexecute,tichondrius,192,warrior,arms,6,2,4
Deldramor,proudmoore,192,warrior,arms,6,2,4
Eleenoor,drakkari,192,warrior,arms,6,2,4
Stavsie,tichondrius,192,warrior,arms,6,2,4
Bradic,bladefist,192,warrior,arms,6,2,4
Kreits,drakkari,192,warrior,arms,6,2,4
Deepsplitter,illidan,192,warrior,arms,6,2,4
Josmawar,drakkari,192,warrior,arms,6,2,4
Kratøz,tichondrius,192,warrior,arms,6,2,4
Freezyraw,zuljin,192,warrior,arms,6,2,4
Saltos,frostmourne,192,warrior,arms,6,2,4
Tergg,silvermoon,192,warrior,arms,6,2,4
Oneeyewille,sargeras,192,warrior,arms,6,2,4
Smokinaces,emerald-dream,192,warrior,arms,6,2,4
Xurug,zuljin,192,warrior,arms,6,2,4
Gigglamesh,muradin,192,warrior,arms,6,2,4
Berserkur,daggerspine,192,warrior,arms,6,2,4
Beirdo,aegwynn,192,warrior,arms,6,2,4
Pookythebear,tichondrius,192,warrior,arms,6,2,4
Tormite,spirestone,192,warrior,arms,6,2,4
Playbox,area-52,192,warrior,arms,6,2,4
Endlesskilla,destromath,192,warrior,arms,6,2,4
Dalmor,stormrage,192,warrior,arms,6,2,4
Thiccthôt,frostmourne,192,warrior,arms,6,2,4
Berario,garrosh,192,warrior,arms,6,2,4
Donpepe,sargeras,192,warrior,arms,6,2,4
Hookiee,zuljin,192,warrior,arms,6,2,4
Saltycrakerz,area-52,192,warrior,arms,6,2,4
ßabybeef,azralon,192,warrior,arms,6,2,4
Wardaddÿ,zuljin,192,warrior,arms,6,2,4
Wreckan,darkspear,192,warrior,arms,6,2,4
Thelma,archimonde,192,warrior,arms,6,2,4
Xaviorn,illidan,192,warrior,arms,6,2,4
Pollere,firetree,192,warrior,arms,6,2,4
Focalabbys,illidan,192,warrior,arms,6,2,4
Vegr,queldorei,192,warrior,arms,6,2,4
Verwischen,zuljin,192,warrior,arms,6,2,4
Arkey,queldorei,192,warrior,arms,6,2,4
Alitalia,thunderlord,192,warrior,arms,6,2,4
Chapa,tichondrius,192,warrior,arms,6,2,4
Krustywarr,area-52,192,warrior,arms,6,2,4
Icebringer,frostmourne,192,warrior,arms,6,2,4
Bearlornan,frostmourne,192,warrior,arms,6,2,4
Befòx,tichondrius,192,warrior,arms,6,2,4
Kostikk,tichondrius,192,warrior,arms,6,2,4
Soldiër,proudmoore,192,warrior,arms,6,2,4
Shiestyzug,tichondrius,192,warrior,arms,6,2,4
Deloum,tichondrius,192,warrior,arms,6,2,4
Frankal,aegwynn,192,warrior,arms,6,2,4
Hitokïri,stormrage,192,warrior,arms,6,2,4
Kuthero,bonechewer,192,warrior,arms,6,2,4
Çampbêll,area-52,192,warrior,arms,6,2,4
Denival,proudmoore,192,warrior,arms,6,2,4
Trenbopanda,tichondrius,192,warrior,arms,6,2,4
Bloodchip,stormrage,192,warrior,arms,6,2,4
Guanabacoa,area-52,192,warrior,arms,6,2,4
Tatro,tichondrius,192,warrior,arms,6,2,4
Akaínu,area-52,192,warrior,arms,6,2,4
Ulkharek,wyrmrest-accord,192,warrior,arms,6,2,4
Tinykong,zuljin,192,warrior,arms,6,2,4
Controlololx,hyjal,192,warrior,arms,6,2,4
Eurthx,lightbringer,192,warrior,arms,6,2,4
Warhova,area-52,192,warrior,arms,6,2,4
Oðín,emerald-dream,192,warrior,arms,6,2,4
Smokingops,frostmourne,192,warrior,arms,6,2,4
Åmowarr,illidan,192,warrior,arms,6,2,4
Tankum,dunemaul,192,warrior,arms,6,2,4
Fumabolo,azralon,192,warrior,arms,6,2,4
Urukaw,azralon,192,warrior,arms,6,2,4
Uldrath,hyjal,192,warrior,arms,6,2,4
Rendus,hyjal,192,warrior,arms,6,2,4
Lynchis,thunderlord,192,warrior,arms,6,2,4
Orson,lothar,192,warrior,arms,6,2,4
Maleficous,tol-barad,192,warrior,arms,6,2,4
Kénny,stormrage,192,warrior,arms,6,2,4
Troyana,azralon,192,warrior,arms,6,2,4
Bigbungus,frostmourne,192,warrior,arms,6,2,4
Braxxinn,tichondrius,192,warrior,arms,6,2,4
Beârz,the-underbog,192,warrior,arms,6,2,4
Kalabawph,area-52,192,warrior,arms,6,2,4
Anabolicjim,frostmourne,192,warrior,arms,6,2,4
Daechoochoo,frostwolf,192,warrior,arms,6,2,4
Moosoka,malorne,192,warrior,arms,6,2,4
Bogii,area-52,192,warrior,arms,6,2,4
Treeinchkokk,area-52,192,warrior,arms,6,2,4
Raldoron,thrall,192,warrior,arms,6,2,4
Bubbleho,thrall,192,warrior,arms,6,2,4
Exec,mannoroth,192,warrior,arms,6,2,4
Pandemonio,burning-legion,192,warrior,arms,6,2,4
Bubjones,anvilmar,192,warrior,arms,6,2,4
Overlordz,azralon,192,warrior,arms,6,2,4
Tearadis,thunderlord,192,warrior,arms,6,2,4
Wildawar,tichondrius,192,warrior,arms,6,2,4
Ningz,tichondrius,192,warrior,arms,6,2,4
Avansys,tichondrius,192,warrior,arms,6,2,4
Sylvannlee,tichondrius,192,warrior,arms,6,2,4
Minionz,tichondrius,192,warrior,arms,6,2,4
Stormbadge,tichondrius,192,warrior,arms,6,2,4
Guroku,tichondrius,192,warrior,arms,6,2,4
Zekken,blades-edge,192,warrior,arms,6,2,4
Bjorgsen,frostmourne,192,warrior,arms,6,2,4
Danskmand,tichondrius,192,warrior,arms,6,2,4
Dylberta,tichondrius,192,warrior,arms,6,2,4
Bloodthristy,dunemaul,192,warrior,arms,6,2,4
Wakkawar,stormrage,192,warrior,arms,6,2,4
Stebe,thunderlord,192,warrior,arms,6,2,4
Doomtheog,tichondrius,192,warrior,arms,6,2,4
Variants,azralon,192,warrior,arms,6,2,4
Ychazz,stormrage,192,warrior,arms,6,2,4
Amicus,frostmourne,192,warrior,arms,7,2,5
Sinenrs,tichondrius,192,warrior,arms,8,2,6
Zugzùgly,illidan,192,warrior,arms,8,2,6
Xavíerus,tichondrius,192,warrior,arms,9,2,7
Rexsi,korgath,192,warrior,arms,9,2,7
Redrunebar,illidan,192,warrior,arms,10,2,8
Negrolas,nemesis,192,warrior,arms,10,2,8
Duraffe,moon-guard,192,warrior,arms,10,2,8
Øverpowwer,azralon,192,warrior,arms,11,2,9
Hiddensquids,laughing-skull,192,warrior,arms,11,2,9
Dragonbossy,sargeras,192,warrior,arms,11,2,9
Artá,uldum,192,warrior,arms,12,2,10
Brutaltruth,dragonmaw,192,warrior,arms,12,2,10
Léonwow,tichondrius,192,warrior,arms,12,2,10
Jhalakni,quelthalas,192,warrior,arms,12,2,10
Daedrá,blackhand,192,warrior,arms,12,2,10
Lawlstørm,stormrage,192,warrior,arms,12,2,10
Eravor,quelthalas,192,warrior,arms,12,2,10
Loveliuna,illidan,192,warrior,arms,12,2,10
Gambii,moon-guard,192,warrior,arms,12,2,10
Loktaromoose,frostmourne,192,warrior,arms,12,2,10
Shaffer,bleeding-hollow,192,warrior,arms,12,2,10
Zulm,emerald-dream,192,warrior,arms,12,2,10
Avondwella,undermine,192,warrior,arms,12,2,10
Trollchopo,kiljaeden,192,warrior,arms,12,2,10
Grègore,stormrage,192,warrior,arms,12,2,10
Spårtacus,illidan,192,warrior,arms,12,2,10
Strongboii,tichondrius,192,warrior,arms,12,2,10
Árades,tichondrius,192,warrior,arms,12,2,10
Ragekilla,silvermoon,192,warrior,arms,12,2,10
Hellswine,barthilas,192,warrior,arms,12,2,10
Hugezs,tichondrius,192,warrior,arms,12,2,10
Erwin,kiljaeden,192,warrior,arms,12,2,10
Pennyonebutt,barthilas,192,warrior,arms,12,2,10
Kurzix,crushridge,192,warrior,arms,12,2,10
Jarolan,tichondrius,192,warrior,arms,12,2,10
Annyan,ragnaros,192,warrior,arms,12,2,10
Connero,stormrage,192,warrior,arms,12,2,10
Twoironfist,azralon,192,warrior,arms,12,2,10
Warmachîne,area-52,192,warrior,arms,12,2,10
Cleaver,draka,192,warrior,arms,12,2,10
Falcmore,stormrage,192,warrior,arms,12,2,10
Killtrain,illidan,192,warrior,arms,12,2,10
Alvitr,kelthuzad,192,warrior,arms,12,2,10
Goretooth,moon-guard,192,warrior,arms,12,2,10
Lawyer,quelthalas,192,warrior,arms,12,2,10
Jsl,tichondrius,192,warrior,arms,12,2,10
Arkenon,drakkari,192,warrior,arms,12,2,10
Yoshiua,stormrage,192,warrior,arms,12,2,10
Ohhgeekush,proudmoore,192,warrior,arms,12,2,10
Bearyfresh,area-52,192,warrior,arms,12,2,10
Jiva,emerald-dream,192,warrior,arms,12,2,10
Warhoofz,malganis,192,warrior,arms,12,2,10
Aymadommy,illidan,192,warrior,arms,12,2,10
Mokthar,barthilas,192,warrior,arms,12,2,10
Item,nerzhul,192,warrior,arms,12,2,10
Einerjar,kelthuzad,192,warrior,arms,12,2,10
Råging,area-52,192,warrior,arms,12,2,10
Haruq,tichondrius,192,warrior,arms,12,2,10
Arthurston,tichondrius,192,warrior,arms,12,2,10
Senia,coilfang,192,warrior,arms,13,2,11
Fallensoul,nazjatar,192,warrior,arms,14,2,12
Schecterguy,stormrage,192,warrior,arms,14,2,12
Escuamata,quelthalas,192,warrior,arms,18,2,16
Kebechett,emerald-dream,192,warrior,arms,18,2,16
Americanbull,moon-guard,1399,warrior,protection,80,41,39
Percaderp,barthilas,1131,warrior,protection,81,38,43
Graventhal,tichondrius,1130,warrior,protection,70,31,39
Nansitao,kelthuzad,1029,warrior,protection,42,13,29
Thororan,whisperwind,845,warrior,protection,27,10,17
Appolyonn,hyjal,836,warrior,protection,43,17,26
Rhuk,drakkari,785,warrior,protection,54,14,40
Logan,twisting-nether,705,warrior,protection,44,12,32
Smelldrglove,frostmourne,692,warrior,protection,32,12,20
Zatu,moknathal,680,warrior,protection,24,8,16
Toothnnailz,destromath,628,warrior,protection,24,7,17
Lagurtz,ragnaros,576,warrior,protection,18,6,12
Ghostoffury,thrall,574,warrior,protection,12,6,6
Meadier,windrunner,566,warrior,protection,12,6,6
Stophitingme,bloodscalp,525,warrior,protection,40,10,30
Archaòn,frostmourne,473,warrior,protection,12,5,7
Ksubîî,frostmourne,448,warrior,protection,16,5,11
Dabdaddyy,dawnbringer,384,warrior,protection,6,4,2
Achillescool,tichondrius,384,warrior,protection,6,4,2
Kidkolby,moon-guard,384,warrior,protection,12,4,8
Jindyn,boulderfist,380,warrior,protection,12,4,8
Manthraxx,sargeras,288,warrior,protection,6,3,3
Metalhog,sargeras,288,warrior,protection,6,3,3
Chàrr,crushridge,288,warrior,protection,15,4,11
Tåra,area-52,256,warrior,protection,22,3,19
Herkales,emerald-dream,192,warrior,protection,6,2,4
Executespam,madoran,192,warrior,protection,6,2,4
Awfulzone,malganis,192,warrior,protection,12,2,10
Loonycity,arygos,192,warrior,protection,12,2,10
Strongtongue,malganis,192,warrior,protection,12,2,10
Bulldozer,terokkar,192,warrior,protection,12,2,10
Joralion,frostmourne,96,warrior,protection,6,1,5
Fearless,moon-guard,96,warrior,protection,6,1,5
Lunusx,stormrage,96,warrior,protection,6,1,5
Wreckingßall,aerie-peak,96,warrior,protection,6,1,5
Shadowyfreak,blackrock,96,warrior,protection,12,1,11
Varith,sargeras,96,warrior,protection,18,1,17
Piojowar,quelthalas,95,warrior,protection,6,1,5
Mannorth,aerie-peak,95,warrior,protection,6,1,5
Stowdace,bladefist,89,warrior,protection,10,5,5
Axiyum,tichondrius,79,warrior,protection,5,1,4
Juicey,burning-blade,31,warrior,protection,2,1,1
Malvinö,azralon,16,warrior,protection,1,1,0
Crâfty,Bleeding Hollow,0,paladin,retribution,3,0,3
Rg,Ner'zhul,96,paladin,retribution,6,1,5
Rodrigo,Frostmourne,96,paladin,retribution,6,1,5
Finerkane,Quel'Thalas,0,paladin,retribution,6,0,6
Fuzed,Frostmourne,0,paladin,retribution,5,1,4
Yobnai,Zul'jin,96,paladin,retribution,12,1,11
Bullmarket,Tichondrius,2035,paladin,retribution,215,105,110
Laysonus,Moon Guard,169,paladin,retribution,11,4,7
Onemorelight,Area 52,479,paladin,retribution,12,5,7
Unicornslayr,Antonidas,768,paladin,retribution,12,8,4
Dabakle,Stormrage,42,paladin,retribution,8,2,6
Parkhwi,Tichondrius,806,paladin,retribution,34,10,24
Watersesh,Baelgun,192,paladin,retribution,6,2,4
Cïelo,Dragonmaw,42,paladin,retribution,6,2,4
Thugmuffin,Thrall,176,paladin,retribution,7,3,4
Iæl,Stormrage,138,paladin,retribution,10,3,7
Dathromir,Stormrage,138,paladin,retribution,15,3,12
Bubbleosèven,Tichondrius,138,paladin,retribution,16,3,13
Khileeha,Sargeras,128,paladin,retribution,10,2,8
Utho,Wyrmrest Accord,96,paladin,retribution,3,2,1
Talahar,Boulderfist,96,paladin,retribution,6,1,5
Tradalia,Illidan,96,paladin,retribution,6,1,5
Deviill,Winterhoof,96,paladin,retribution,6,1,5
Carloss,Drakkari,96,paladin,retribution,6,1,5
Jüstice,Tichondrius,96,paladin,retribution,6,1,5
Djset,Blackhand,96,paladin,retribution,6,1,5
Scuffedhoj,Tichondrius,96,paladin,retribution,6,1,5
Lobips,Sargeras,96,paladin,retribution,6,1,5
Valadinn,Tichondrius,96,paladin,retribution,6,1,5
Ryudoshël,Nemesis,96,paladin,retribution,6,1,5
Ssjgodvy,Illidan,96,paladin,retribution,6,1,5
Marcovk,Quel'Thalas,96,paladin,retribution,6,1,5
Aldwyn,Deathwing,96,paladin,retribution,12,1,11
Cupidxbye,Tichondrius,96,paladin,retribution,6,1,5
Gdesign,Tichondrius,96,paladin,retribution,6,1,5
Krulu,Thrall,96,paladin,retribution,6,1,5
Yøu,Tichondrius,96,paladin,retribution,6,1,5
Chapichapi,Illidan,96,paladin,retribution,6,1,5
Holyclapzy,Stormrage,96,paladin,retribution,6,1,5
Palajem,Stormrage,96,paladin,retribution,6,1,5
Rodt,Dalaran,96,paladin,retribution,6,1,5
Saifollah,Cenarion Circle,192,paladin,retribution,12,2,10
Baalduru,Borean Tundra,175,paladin,retribution,11,2,9
Luiiguii,Drakkari,96,paladin,retribution,6,1,5
Judgémental,Bleeding Hollow,96,paladin,retribution,6,1,5
Zulzander,Kel'Thuzad,96,paladin,retribution,6,1,5
Retsarro,Frostmourne,96,paladin,retribution,6,1,5
Dafoq,Stormrage,96,paladin,retribution,6,1,5
Bosmoklikdat,Moon Guard,96,paladin,retribution,6,1,5
Justtrollin,Black Dragonflight,96,paladin,retribution,6,1,5
Oshia,Destromath,96,paladin,retribution,12,1,11
Catholica,Tichondrius,96,paladin,retribution,12,1,11
Hojpocketx,Tichondrius,96,paladin,retribution,12,1,11
Lelythia,Bleeding Hollow,96,paladin,retribution,7,1,6
Wtbmana,Frostmourne,0,paladin,retribution,5,0,5
Kënsi,Quel'Thalas,96,paladin,retribution,12,1,11
Darkwingdad,Illidan,0,paladin,retribution,5,1,4
Maldobarr,Stormrage,96,paladin,retribution,6,1,5
Sprjustice,Frostmourne,79,paladin,retribution,6,1,5
Parts,Aerie Peak,96,paladin,retribution,6,1,5
Inarit,Thrall,84,paladin,retribution,13,5,8
Romaztlan,Area 52,0,paladin,retribution,4,0,4
Palpingon,Kel'Thuzad,1110,paladin,retribution,32,13,19
Alyena,Area 52,1739,paladin,retribution,52,24,28
Naghret,Arthas,767,paladin,retribution,12,8,4
Astharor,Nemesis,1454,paladin,retribution,70,40,30
Showfet,Dalaran,671,paladin,retribution,16,8,8
Tåine,Bladefist,576,paladin,retribution,18,6,12
Xalixxa,Moon Guard,956,paladin,retribution,18,10,8
Dipho,Area 52,480,paladin,retribution,12,5,7
Wainkywink,Mal'Ganis,84,paladin,retribution,19,4,15
Baconsock,Kel'Thuzad,138,paladin,retribution,15,4,11
Åddict,Kel'Thuzad,138,paladin,retribution,10,3,7
Inexcusable,Tichondrius,192,paladin,retribution,6,2,4
Enjoy,Frostmourne,1917,paladin,retribution,99,52,47
Pallydeen,Illidan,159,paladin,retribution,5,2,3
Mikwa,Ragnaros,128,paladin,retribution,4,2,2
Dazak,Ragnaros,96,paladin,retribution,3,2,1
Ariolo,Baelgun,96,paladin,retribution,6,1,5
Scah,Illidan,96,paladin,retribution,6,1,5
Urudith,Azralon,96,paladin,retribution,6,1,5
Nytto,Lightning's Blade,96,paladin,retribution,6,1,5
Mentalíssues,Moon Guard,96,paladin,retribution,6,1,5
Brynleigh,Mal'Ganis,96,paladin,retribution,6,1,5
Chuggawhugga,Area 52,96,paladin,retribution,6,1,5
Gotdrò,Tichondrius,96,paladin,retribution,16,2,14
Erindor,Emerald Dream,96,paladin,retribution,6,1,5
Skadooshh,Illidan,96,paladin,retribution,6,1,5
Retrib,Tichondrius,96,paladin,retribution,6,1,5
Gazef,Proudmoore,96,paladin,retribution,6,1,5
Chakin,Burning Legion,96,paladin,retribution,6,1,5
Kamakazê,Sargeras,96,paladin,retribution,6,1,5
Fourwives,Sargeras,96,paladin,retribution,6,1,5
Warhero,Sargeras,96,paladin,retribution,6,1,5
Cyona,Gallywix,96,paladin,retribution,6,1,5
Chainjustice,Area 52,96,paladin,retribution,6,1,5
Thumos,Sargeras,96,paladin,retribution,6,1,5
Ahrieze,Moon Guard,96,paladin,retribution,6,1,5
Acpally,Tichondrius,96,paladin,retribution,6,1,5
Poeboyz,Stormrage,96,paladin,retribution,6,1,5
Lorenzojr,Sargeras,96,paladin,retribution,12,1,11
Rimorse,Illidan,96,paladin,retribution,12,1,11
Goldieg,Tichondrius,79,paladin,retribution,5,1,4
Danthorin,Malfurion,0,paladin,retribution,6,0,6
Deepnasty,Galakrond,0,paladin,retribution,6,0,6
Maeyz,Sargeras,96,paladin,retribution,6,1,5
Goksuu,Ragnaros,96,paladin,retribution,12,1,11
Prâytorian,Illidan,0,paladin,retribution,6,0,6
Tfcpaladin,The Forgotten Coast,0,paladin,retribution,6,0,6
Zyzzftw,Stormrage,1856,paladin,retribution,53,31,22
Weskar,Frostwolf,1522,paladin,retribution,76,44,32
Shartea,Moon Guard,1518,paladin,retribution,64,32,32
Heiinneken,Quel'dorei,1065,paladin,retribution,20,12,8
Holyrõller,Mal'Ganis,1243,paladin,retribution,36,18,18
Dabnpaladin,Kel'Thuzad,671,paladin,retribution,12,7,5
Wellowar,Moon Guard,170,paladin,retribution,11,4,7
Jnxzster,Sargeras,169,paladin,retribution,11,4,7
Shãw,Zul'jin,959,paladin,retribution,18,10,8
Wabukis,Twisting Nether,223,paladin,retribution,8,3,5
Savøx,Illidan,192,paladin,retribution,6,2,4
Bubbletop,Tichondrius,169,paladin,retribution,11,4,7
Holeesheett,Tichondrius,144,paladin,retribution,9,2,7
Bruwdblood,Bleeding Hollow,96,paladin,retribution,6,1,5
Partenna,Quel'Thalas,96,paladin,retribution,6,1,5
Flashbubble,Sargeras,96,paladin,retribution,6,1,5
Daelann,Moon Guard,96,paladin,retribution,6,1,5
Adobro,Tichondrius,96,paladin,retribution,6,1,5
Balloony,Stormrage,96,paladin,retribution,6,1,5
Roosterface,Azjol-Nerub,96,paladin,retribution,12,1,11
Donoph,Blade's Edge,96,paladin,retribution,6,1,5
Aragonns,Illidan,96,paladin,retribution,6,1,5
Angusbeef,Hyjal,96,paladin,retribution,6,1,5
Këys,Earthen Ring,96,paladin,retribution,6,1,5
Odos,Zul'jin,96,paladin,retribution,6,1,5
Franchy,Stormrage,96,paladin,retribution,6,1,5
Séykän,Ragnaros,96,paladin,retribution,12,1,11
Bowdown,Wildhammer,79,paladin,retribution,5,1,4
Voncruz,Proudmoore,42,paladin,retribution,12,2,10
Hobbsone,Trollbane,159,paladin,retribution,5,2,3
Duecesz,Area 52,96,paladin,retribution,6,1,5
Beebopper,Illidan,96,paladin,retribution,6,1,5
Sherrill,Nagrand,0,paladin,retribution,6,0,6
Jwilks,Black Dragonflight,159,paladin,retribution,8,2,6
Iloveqiqi,Sargeras,1846,paladin,retribution,54,26,28
Øðyn,Sargeras,1615,paladin,retribution,59,30,29
Daylit,Proudmoore,384,paladin,retribution,6,4,2
Dörisseline,Tichondrius,384,paladin,retribution,6,4,2
Junmá,Tichondrius,319,paladin,retribution,5,4,1
Thisissus,Tichondrius,42,paladin,retribution,8,2,6
Túss,Khaz'goroth,191,paladin,retribution,6,2,4
Sofiora,Thunderlord,128,paladin,retribution,10,2,8
Orthín,Stormrage,96,paladin,retribution,6,1,5
Gressilin,Arthas,96,paladin,retribution,6,1,5
Ðeathguise,Ysera,138,paladin,retribution,15,3,12
Thòrisòn,Stormrage,96,paladin,retribution,6,1,5
Shamashjoel,Black Dragonflight,96,paladin,retribution,6,1,5
Retx,Arthas,96,paladin,retribution,6,1,5
Holyxsmokes,Illidan,96,paladin,retribution,6,1,5
Coffeebean,Quel'Thalas,96,paladin,retribution,6,1,5
Airndel,Illidan,0,paladin,retribution,7,1,6
Cots,Azralon,96,paladin,retribution,6,1,5
Sneakycastro,Bleeding Hollow,96,paladin,retribution,6,1,5
Lòuisvuttion,Tichondrius,96,paladin,retribution,6,1,5
Tehbeasty,Hyjal,96,paladin,retribution,6,1,5
Alk,Windrunner,96,paladin,retribution,6,1,5
Geykum,Tichondrius,96,paladin,retribution,17,1,16
Ryxxi,Sargeras,79,paladin,retribution,5,1,4
Belenor,Quel'Thalas,63,paladin,retribution,2,2,0
Dronedròp,Illidan,63,paladin,retribution,2,2,0
Piston,Kil'jaeden,63,paladin,retribution,2,2,0
Patrious,Moon Guard,31,paladin,retribution,2,1,1
Bluether,Sargeras,16,paladin,retribution,1,1,0
Rakasho,Azralon,0,paladin,retribution,6,0,6
Lythos,Dath'Remar,96,paladin,retribution,6,1,5
Bosat,Drakkari,0,paladin,retribution,6,0,6
Hxnny,Kil'jaeden,96,paladin,retribution,6,1,5
Kaorah,Drakkari,138,paladin,retribution,16,3,13
Lilby,Lightbringer,138,paladin,retribution,14,3,11
Ubbhe,Quel'Thalas,159,paladin,retribution,5,2,3
Beelzebøss,Frostmourne,159,paladin,retribution,5,2,3
Kaorii,Mannoroth,159,paladin,retribution,5,2,3
Whiplashlol,Frostwolf,0,paladin,retribution,5,3,2
Sweetbunz,Altar of Storms,128,paladin,retribution,4,2,2
Shalith,Thrall,96,paladin,retribution,3,2,1
Meanervini,Kil'jaeden,96,paladin,retribution,6,1,5
Chøcølatte,Azralon,96,paladin,retribution,6,1,5
Lightmessiah,Perenolde,96,paladin,retribution,6,1,5
Ashlane,Tichondrius,96,paladin,retribution,6,1,5
Riçky,Tichondrius,96,paladin,retribution,6,1,5
Yesdaddyxo,Emerald Dream,96,paladin,retribution,6,1,5
Scrubdin,Illidan,96,paladin,retribution,6,1,5
Krelya,Ragnaros,96,paladin,retribution,6,1,5
Kytheon,Zuluhed,96,paladin,retribution,6,1,5
Bubbllicious,Thrall,96,paladin,retribution,6,1,5
Sleyn,Stormrage,96,paladin,retribution,6,1,5
Skeeta,Area 52,96,paladin,retribution,6,1,5
Nvrbubble,Area 52,96,paladin,retribution,6,1,5
Chawbanger,Proudmoore,96,paladin,retribution,6,1,5
Tooshka,Azshara,96,paladin,retribution,6,1,5
Sanddor,Moon Guard,96,paladin,retribution,6,1,5
Pipesmoke,Dunemaul,96,paladin,retribution,6,1,5
Pùteduvilage,Zul'jin,96,paladin,retribution,6,1,5
Bigshaftt,Gorgonnash,96,paladin,retribution,6,1,5
Brank,Agamaggan,96,paladin,retribution,6,1,5
Yoropal,Tichondrius,96,paladin,retribution,12,1,11
Zalacar,Azralon,96,paladin,retribution,12,1,11
Divinetoco,Stormrage,175,paladin,retribution,11,2,9
Gorila,Stormrage,31,paladin,retribution,2,1,1
Chanimalf,Tichondrius,0,paladin,retribution,6,0,6
Ljusett,Frostmourne,0,paladin,retribution,6,0,6
Malthisz,Antonidas,0,paladin,retribution,9,2,7
Dabnpaladin,Moon Guard,671,paladin,retribution,12,7,5
Malumá,Ragnaros,0,paladin,retribution,17,9,8
Realbad,Lightbringer,480,paladin,retribution,12,5,7
Maldayn,Quel'Thalas,159,paladin,retribution,5,2,3
Leevii,Azralon,138,paladin,retribution,11,4,7
Telaenchufo,Ragnaros,128,paladin,retribution,4,2,2
Vishpal,Mal'Ganis,112,paladin,retribution,7,2,5
Imbackk,Quel'Thalas,96,paladin,retribution,12,1,11
Kírí,Quel'Thalas,96,paladin,retribution,6,1,5
Lakinipally,Lightbringer,96,paladin,retribution,6,1,5
Daivdsonbr,Azralon,96,paladin,retribution,6,1,5
Krylaa,Madoran,96,paladin,retribution,6,1,5
Kamael,Darrowmere,0,paladin,retribution,10,1,9
Chootoy,Tichondrius,96,paladin,retribution,6,1,5
Shortj,Mal'Ganis,96,paladin,retribution,6,1,5
Dìlf,Zul'jin,96,paladin,retribution,6,1,5
Febimus,Magtheridon,96,paladin,retribution,6,1,5
Ding,Wyrmrest Accord,96,paladin,retribution,6,1,5
Salennai,Daggerspine,96,paladin,retribution,6,1,5
Àurorâ,Tichondrius,96,paladin,retribution,6,1,5
Bigdampally,Tichondrius,96,paladin,retribution,6,1,5
Murzo,Hyjal,96,paladin,retribution,6,1,5
Jeeb,Blackrock,96,paladin,retribution,6,1,5
Kuribohs,Tichondrius,96,paladin,retribution,6,1,5
Palium,Stormrage,96,paladin,retribution,6,1,5
Englishdude,Tichondrius,96,paladin,retribution,6,1,5
Madtrollaids,Kil'jaeden,96,paladin,retribution,6,1,5
Slayalot,Icecrown,96,paladin,retribution,6,1,5
Mîrrors,Barthilas,96,paladin,retribution,6,1,5
Ünkøwn,Stormrage,96,paladin,retribution,6,1,5
Thorgard,Antonidas,96,paladin,retribution,6,1,5
Asheryte,Sargeras,96,paladin,retribution,6,1,5
Latchpaladin,Sargeras,96,paladin,retribution,6,1,5
Tharok,Spirestone,96,paladin,retribution,6,1,5
Wakethelight,Illidan,96,paladin,retribution,6,1,5
Hungheracles,Thrall,96,paladin,retribution,6,1,5
Topsid,Sargeras,96,paladin,retribution,6,1,5
Raams,Moon Guard,96,paladin,retribution,6,1,5
Ret,Burning Legion,96,paladin,retribution,6,1,5
Isskandar,Moon Guard,96,paladin,retribution,6,1,5
Vatherollin,Proudmoore,96,paladin,retribution,6,1,5
Bregalad,Bleeding Hollow,96,paladin,retribution,12,1,11
Siglud,Tichondrius,96,paladin,retribution,12,1,11
Miniminx,Mal'Ganis,96,paladin,retribution,12,1,11
Jaidun,Stormrage,190,paladin,retribution,12,2,10
Crayonpal,Tichondrius,63,paladin,retribution,2,2,0
Kroneckerr,Ragnaros,48,paladin,retribution,8,3,5
Tanneth,Zul'jin,31,paladin,retribution,2,1,1
Salx,Tichondrius,31,paladin,retribution,8,1,7
Mtanchokeme,Stormrage,0,paladin,retribution,6,0,6
Mastadin,Illidan,96,paladin,retribution,6,1,5
Keodis,Suramar,96,paladin,retribution,6,1,5
Tryvor,Stormrage,48,paladin,retribution,3,1,2
Valdarin,Emerald Dream,701,paladin,retribution,20,8,12
Draeneihead,Gnomeregan,1298,paladin,retribution,66,29,37
Oldmanmark,Jubei'Thos,191,paladin,retribution,6,2,4
Dkpally,Doomhammer,191,paladin,retribution,6,2,4
Lahila,Area 52,191,paladin,retribution,6,2,4
Larlanos,Bloodhoof,190,paladin,retribution,12,2,10
Bubbledown,Bleeding Hollow,159,paladin,retribution,5,2,3
Chancéllor,Stormrage,138,paladin,retribution,6,3,3
Seebastian,Kel'Thuzad,128,paladin,retribution,4,2,2
Comptoncody,Area 52,128,paladin,retribution,9,3,6
Brutalize,Moon Guard,96,paladin,retribution,6,1,5
Vicentez,Area 52,96,paladin,retribution,6,1,5
Fydepala,Stormrage,96,paladin,retribution,6,1,5
Respiratoryy,Kel'Thuzad,96,paladin,retribution,6,1,5
Checkmater,Mal'Ganis,96,paladin,retribution,6,1,5
Bromango,Emerald Dream,96,paladin,retribution,6,1,5
Grimsical,Kel'Thuzad,96,paladin,retribution,6,1,5
Tyrannos,Tichondrius,96,paladin,retribution,6,1,5
Warrenke,Area 52,42,paladin,retribution,20,2,18
Scyfher,Stormrage,96,paladin,retribution,6,1,5
Astolan,Runetotem,96,paladin,retribution,6,1,5
Repsforjêsus,Hydraxis,96,paladin,retribution,6,1,5
Killerofmind,Azralon,96,paladin,retribution,6,1,5
Adjudicator,Shu'halo,96,paladin,retribution,6,1,5
Freyrr,Azralon,96,paladin,retribution,6,1,5
Zpaladino,Azralon,96,paladin,retribution,6,1,5
Wrongnumber,Blackrock,96,paladin,retribution,6,1,5
Teupaiécornu,Azralon,96,paladin,retribution,6,1,5
Palagwen,Emerald Dream,96,paladin,retribution,6,1,5
Måtrix,Sargeras,96,paladin,retribution,6,1,5
Corvious,Tichondrius,63,paladin,retribution,2,2,0
Tydirion,Burning Legion,31,paladin,retribution,2,1,1
Øgre,Illidan,31,paladin,retribution,2,1,1
Cóisy,Frostmourne,16,paladin,retribution,1,1,0
Chauncyboii,Tichondrius,0,paladin,retribution,6,0,6
Hxnny,Turalyon,96,paladin,retribution,6,1,5
Bova,Bloodscalp,576,paladin,retribution,18,6,12
Erédin,Draenor,159,paladin,retribution,5,2,3
Healingherbz,Illidan,159,paladin,retribution,5,2,3
Silencestorm,Tichondrius,96,paladin,retribution,6,1,5
Ágirlzinha,Azralon,96,paladin,retribution,6,1,5
Cucomangera,Ragnaros,96,paladin,retribution,6,1,5
Poonxx,Frostmourne,96,paladin,retribution,6,1,5
Cloudwalker,Spirestone,96,paladin,retribution,6,1,5
Bajindaa,Sargeras,96,paladin,retribution,6,1,5
Zalcan,Vashj,96,paladin,retribution,12,1,11
Maldituss,Azralon,159,paladin,retribution,8,3,5
Gromuu,Azralon,1343,paladin,retribution,49,28,21
Terabyte,Nazjatar,1601,paladin,retribution,93,56,37
Stinkypinkyy,Moon Guard,42,paladin,retribution,9,2,7
Leadyth,Moon Guard,96,paladin,retribution,3,2,1
Lays,Suramar,96,paladin,retribution,6,1,5
Gabrielwrynn,Nemesis,0,paladin,retribution,11,3,8
Lâskó,Area 52,96,paladin,retribution,6,1,5
Spikeriu,Ragnaros,96,paladin,retribution,6,1,5
Falconone,Tichondrius,96,paladin,retribution,6,1,5
Bhaba,Frostmourne,96,paladin,retribution,6,1,5
Forexqt,Blackhand,96,paladin,retribution,6,1,5
Tfym,Tichondrius,96,paladin,retribution,6,1,5
Krusade,Hydraxis,96,paladin,retribution,6,1,5
Angelichaze,Hyjal,96,paladin,retribution,6,1,5
Djotto,Sargeras,96,paladin,retribution,6,1,5
Yikesidk,Stormrage,96,paladin,retribution,6,1,5
Crixos,Quel'Thalas,96,paladin,retribution,6,1,5
Trashslinger,Sargeras,96,paladin,retribution,6,1,5
Anisaria,Skywall,96,paladin,retribution,6,1,5
Adrel,Ragnaros,96,paladin,retribution,6,1,5
Liv,Lightning's Blade,0,paladin,retribution,6,0,6
Miramedic,Icecrown,0,paladin,retribution,1,0,1
Rangr,Akama,0,paladin,retribution,6,0,6
Valemon,Mal'Ganis,0,paladin,retribution,3,0,3
Moonideli,Moon Guard,96,priest,discipline,6,1,5
Applepieyum,Illidan,0,priest,discipline,6,0,6
Edmen,Stormrage,288,priest,discipline,6,3,3
Sukeena,Mal'Ganis,96,priest,discipline,6,1,5
Sabene,Greymane,288,priest,discipline,6,3,3
Quartzolio,Azralon,527,priest,discipline,17,6,11
Plebiss,Burning Blade,384,priest,discipline,12,4,8
Soleyxo,Frostmourne,288,priest,discipline,12,3,9
Tòxìç,Stormrage,480,priest,discipline,12,5,7
Dotdotdead,Earthen Ring,522,priest,discipline,16,7,9
Healgirls,Dalaran,192,priest,discipline,6,2,4
Chemod,Quel'Thalas,384,priest,discipline,18,4,14
Berzum,Cho'gall,479,priest,discipline,10,6,4
Cheekypriest,Stormrage,480,priest,discipline,18,5,13
Darkheals,Azralon,0,priest,discipline,1,0,1
Souljourner,Stormrage,0,priest,discipline,6,0,6
Hatxsu,Emerald Dream,0,priest,discipline,3,0,3
Kernelious,Illidan,96,priest,discipline,6,1,5
Xusin,Tichondrius,288,priest,discipline,6,3,3
Stradey,Tichondrius,96,priest,discipline,6,1,5
Edessa,Lothar,96,priest,discipline,6,1,5
Ôp,Sargeras,192,priest,discipline,6,2,4
Haushauha,Azralon,192,priest,discipline,6,2,4
Mindgoblin,Terokkar,192,priest,discipline,6,2,4
Smitepie,Mal'Ganis,0,priest,discipline,4,0,4
Fraggydaddy,Frostmourne,192,priest,discipline,6,2,4
Burtier,Zul'jin,367,priest,discipline,11,4,7
Celani,Gilneas,384,priest,discipline,6,4,2
Janova,Tichondrius,0,priest,discipline,9,2,7
Redonkulos,Shattered Hand,1970,priest,discipline,186,94,92
Mimikyú,Tichondrius,1972,priest,discipline,126,57,69
Hazzang,Tichondrius,0,priest,discipline,89,42,47
Fäctor,Bleeding Hollow,1619,priest,discipline,96,47,49
Dxskadi,Stormrage,1348,priest,discipline,156,68,88
Chìbiusa,Gurubashi,1352,priest,discipline,106,52,54
Caz,Sargeras,775,priest,discipline,24,12,12
Femalema,Tichondrius,1042,priest,discipline,27,13,14
Greyx,Moon Guard,1510,priest,discipline,48,25,23
Vizzy,Stormrage,1876,priest,discipline,102,55,47
Tanzen,Andorhal,1699,priest,discipline,36,21,15
Thøt,Mal'Ganis,420,priest,discipline,14,6,8
Awaken,Ner'zhul,543,priest,discipline,17,6,11
Moonlightx,Destromath,528,priest,discipline,9,7,2
Ethari,Crushridge,520,priest,discipline,21,7,14
Lilmad,Stormrage,511,priest,discipline,20,6,14
Hateutoo,Sargeras,480,priest,discipline,6,5,1
Taikosqt,Azralon,480,priest,discipline,12,5,7
Amperx,Wyrmrest Accord,480,priest,discipline,12,5,7
Drmattydubz,Tichondrius,480,priest,discipline,12,5,7
Feyns,Illidan,480,priest,discipline,12,5,7
Humblemumble,Barthilas,480,priest,discipline,12,5,7
Hotlink,Daggerspine,480,priest,discipline,12,5,7
Bluffzp,Boulderfist,480,priest,discipline,12,5,7
Alleeyy,Tichondrius,480,priest,discipline,12,5,7
Whosjoe,Tichondrius,480,priest,discipline,12,5,7
Dweem,Stormrage,480,priest,discipline,12,5,7
Pumice,Destromath,480,priest,discipline,12,5,7
Gatty,Kil'jaeden,480,priest,discipline,13,5,8
Jaquels,Sargeras,1809,priest,discipline,130,65,65
Healiesuwu,Kil'jaeden,480,priest,discipline,18,5,13
Drayen,Korgath,479,priest,discipline,12,5,7
Hungzilla,Mal'Ganis,447,priest,discipline,11,5,6
Shadowkr,Tichondrius,447,priest,discipline,11,5,6
Whodatpriest,Blackhand,399,priest,discipline,5,5,0
Djchickpea,Cho'gall,384,priest,discipline,6,4,2
Batface,Frostmourne,384,priest,discipline,6,4,2
Jaxthree,Illidan,384,priest,discipline,6,4,2
Miniambá,Tichondrius,384,priest,discipline,6,4,2
Johncrank,Bleeding Hollow,576,priest,discipline,12,6,6
Granger,Sen'jin,384,priest,discipline,6,4,2
Dimedaddy,Tichondrius,384,priest,discipline,6,4,2
Ticheals,Tichondrius,480,priest,discipline,18,5,13
Subscribe,Khaz'goroth,384,priest,discipline,6,4,2
Merçy,Zul'jin,384,priest,discipline,6,4,2
Äni,Sargeras,384,priest,discipline,6,4,2
Popeachini,Sargeras,384,priest,discipline,6,4,2
Fûsoya,Zul'jin,384,priest,discipline,6,4,2
Béépboop,Tichondrius,384,priest,discipline,6,4,2
Bubbleboi,Mal'Ganis,384,priest,discipline,6,4,2
Zaphfkiel,Ragnaros,384,priest,discipline,12,4,8
Disperse,Sargeras,384,priest,discipline,12,4,8
Jonahas,Sargeras,384,priest,discipline,12,4,8
Sìrena,Tichondrius,384,priest,discipline,12,4,8
Holyshiitzz,Illidan,384,priest,discipline,12,4,8
Echoos,Proudmoore,384,priest,discipline,12,4,8
Rainms,Sargeras,384,priest,discipline,18,4,14
Mirex,Tichondrius,383,priest,discipline,6,4,2
Whatisholy,Bleeding Hollow,383,priest,discipline,12,4,8
Goldenlilly,Moon Guard,477,priest,discipline,18,5,13
Smarttakka,Emerald Dream,319,priest,discipline,8,4,4
Klizzy,Tichondrius,319,priest,discipline,14,4,10
Imamu,Tichondrius,251,priest,discipline,35,16,19
Minzyx,Tichondrius,288,priest,discipline,12,3,9
Bgundy,Sargeras,288,priest,discipline,6,3,3
Adelda,Nazjatar,288,priest,discipline,6,3,3
Keyohh,Tichondrius,288,priest,discipline,6,3,3
Nokizzgrizz,Sargeras,288,priest,discipline,6,3,3
Icarryozz,Darkspear,480,priest,discipline,12,5,7
Nyxvoid,Ragnaros,288,priest,discipline,6,3,3
Oofx,Darkspear,288,priest,discipline,6,3,3
Krazyapollo,Tichondrius,480,priest,discipline,12,5,7
Methandrial,Hyjal,288,priest,discipline,6,3,3
Dradinx,Illidan,288,priest,discipline,6,3,3
Akewnón,Stormrage,479,priest,discipline,18,5,13
Blackdeathx,Tichondrius,480,priest,discipline,12,5,7
Grafîx,Frostmourne,288,priest,discipline,6,3,3
Oxicontin,Sargeras,288,priest,discipline,6,3,3
Zzavidwong,Tichondrius,288,priest,discipline,6,3,3
Kaiah,Gorefiend,288,priest,discipline,6,3,3
Tarwow,Moon Guard,480,priest,discipline,12,5,7
Havefaith,Whisperwind,288,priest,discipline,6,3,3
Fausto,Kil'jaeden,288,priest,discipline,6,3,3
Àneres,Illidan,288,priest,discipline,6,3,3
Iamsatan,Illidan,288,priest,discipline,6,3,3
Hail,Kael'thas,288,priest,discipline,12,3,9
Nikci,Tichondrius,288,priest,discipline,6,3,3
Kleiâ,Tichondrius,384,priest,discipline,12,4,8
Serenderpity,Moon Guard,480,priest,discipline,12,5,7
Mks,Barthilas,288,priest,discipline,6,3,3
Die,Crushridge,288,priest,discipline,12,3,9
Realheal,Tichondrius,288,priest,discipline,12,3,9
Chaddadbod,Emerald Dream,288,priest,discipline,12,3,9
Paztech,Arthas,288,priest,discipline,12,3,9
Kurnak,Arthas,288,priest,discipline,12,3,9
Bån,Ragnaros,288,priest,discipline,12,3,9
Abefromann,Sargeras,384,priest,discipline,18,4,14
Slackinhealz,Thrall,288,priest,discipline,12,3,9
Islada,Illidan,233,priest,discipline,18,4,14
Gloomswrath,Illidan,480,priest,discipline,24,5,19
Solzal,Korgath,477,priest,discipline,12,5,7
Kagayaku,Aegwynn,287,priest,discipline,12,3,9
Plaguepumper,Sargeras,255,priest,discipline,11,3,8
Stormlighter,Proudmoore,255,priest,discipline,11,3,8
Mawwt,Moon Guard,239,priest,discipline,5,3,2
Jedrick,Mal'Ganis,192,priest,discipline,4,3,1
Tedesq,Stormrage,192,priest,discipline,9,3,6
Gwendalynne,Tichondrius,192,priest,discipline,6,2,4
Pedialyte,Kil'jaeden,288,priest,discipline,12,3,9
Bestwizardx,Tichondrius,192,priest,discipline,6,2,4
Skêptic,Tichondrius,384,priest,discipline,12,4,8
Justgoon,Tichondrius,480,priest,discipline,12,5,7
Kustem,Tichondrius,288,priest,discipline,12,3,9
Pimeharder,Tichondrius,192,priest,discipline,6,2,4
Coffeek,Sargeras,192,priest,discipline,6,2,4
Schadên,Wyrmrest Accord,192,priest,discipline,6,2,4
Novakaynersj,Anetheron,192,priest,discipline,6,2,4
Cub,Darkspear,192,priest,discipline,6,2,4
Jqueryy,Tichondrius,42,priest,discipline,11,3,8
Coldstone,Bloodhoof,192,priest,discipline,6,2,4
Mywifesaidno,Sargeras,480,priest,discipline,12,5,7
Makeshiftz,Zul'jin,480,priest,discipline,12,5,7
Vivø,Nemesis,192,priest,discipline,6,2,4
Holydrop,Sargeras,192,priest,discipline,6,2,4
Dabrat,Darkspear,479,priest,discipline,18,6,12
Altaeres,Tichondrius,480,priest,discipline,12,5,7
Goatedhp,Dalaran,192,priest,discipline,6,2,4
Kaeruz,Stormrage,192,priest,discipline,6,2,4
Dilonpi,Area 52,192,priest,discipline,6,2,4
Robbailey,Dalvengyr,480,priest,discipline,12,5,7
Penicilin,Terokkar,192,priest,discipline,6,2,4
Plaguesus,Dalaran,192,priest,discipline,6,2,4
Stiffmeister,Bleeding Hollow,192,priest,discipline,6,2,4
Holyshafted,Kel'Thuzad,480,priest,discipline,12,5,7
Kimbeloria,Bleeding Hollow,383,priest,discipline,12,4,8
Noteenurse,Blackrock,192,priest,discipline,6,2,4
Budheals,Spirestone,192,priest,discipline,6,2,4
Genevieve,Aggramar,192,priest,discipline,12,2,10
Smallz,Silvermoon,192,priest,discipline,6,2,4
Hankspank,Hakkar,192,priest,discipline,6,2,4
Lunarras,Aggramar,192,priest,discipline,6,2,4
Forober,Quel'dorei,466,priest,discipline,39,14,25
Bolognypony,Norgannon,192,priest,discipline,12,2,10
Grâfix,Barthilas,192,priest,discipline,12,2,10
Lûdløw,Kel'Thuzad,192,priest,discipline,12,2,10
Gabuncher,Barthilas,175,priest,discipline,11,2,9
Dinogingy,Lightbringer,159,priest,discipline,5,2,3
Rosabell,Ragnaros,336,priest,discipline,21,4,17
Prayanmantis,Tichondrius,330,priest,discipline,14,5,9
Ariadneminos,Illidan,138,priest,discipline,11,3,8
Ndz,Wyrmrest Accord,1506,priest,discipline,30,16,14
Fades,Hellscream,384,priest,discipline,12,4,8
Priestmika,Illidan,96,priest,discipline,6,1,5
Chewboppa,Zul'jin,96,priest,discipline,12,1,11
Common,Tichondrius,96,priest,discipline,6,1,5
Mêga,Illidan,351,priest,discipline,14,5,9
Bunnychloe,Sargeras,381,priest,discipline,12,4,8
Thasar,Azgalor,476,priest,discipline,18,5,13
Apbrady,Sargeras,480,priest,discipline,12,5,7
Frazzysparks,Stormrage,479,priest,discipline,12,5,7
Lenigrast,Blackrock,384,priest,discipline,12,4,8
Keynnish,Sargeras,96,priest,discipline,6,1,5
Srazul,Azralon,384,priest,discipline,12,4,8
Yessír,Stormrage,96,priest,discipline,6,1,5
Snotanygood,Alleria,96,priest,discipline,6,1,5
Fatherwyatt,Bleeding Hollow,384,priest,discipline,12,4,8
Galice,Archimonde,96,priest,discipline,6,1,5
Regzi,Stormrage,96,priest,discipline,6,1,5
Gringotaco,Tichondrius,554,priest,discipline,26,9,17
Torgasm,Frostmourne,96,priest,discipline,12,1,11
Ilikis,Tichondrius,96,priest,discipline,6,1,5
Mallzahar,Darkspear,96,priest,discipline,12,1,11
Timéo,Zul'jin,96,priest,discipline,18,1,17
Bayter,Frostmourne,480,priest,discipline,13,5,8
Panndaz,Tichondrius,0,priest,discipline,5,1,4
Evenly,Tichondrius,192,priest,discipline,6,2,4
Márceline,Stormrage,288,priest,discipline,12,3,9
Onegil,Tichondrius,288,priest,discipline,7,3,4
Voidazepam,Zul'jin,288,priest,discipline,6,3,3
Auttø,Area 52,384,priest,discipline,12,4,8
Lilmix,Hydraxis,384,priest,discipline,6,4,2
Plzdontlos,Hyjal,0,priest,discipline,3,0,3
Swungzebra,Stormrage,96,priest,discipline,6,1,5
Voidscrypt,Thrall,384,priest,discipline,12,4,8
Shén,Barthilas,383,priest,discipline,6,4,2
Derisha,Ragnaros,480,priest,discipline,12,5,7
Tamajka,The Forgotten Coast,480,priest,discipline,6,5,1
Patagoniabae,Kel'Thuzad,192,priest,discipline,6,2,4
Nvøsuperstar,Zul'jin,384,priest,discipline,15,5,10
Swp,Sargeras,96,priest,discipline,6,1,5
Dillydackx,Sargeras,138,priest,discipline,9,3,6
Kwõnc,Tichondrius,192,priest,discipline,6,2,4
Lastbubble,Area 52,480,priest,discipline,12,5,7
Cheez,Tichondrius,0,priest,discipline,6,0,6
Fatzoid,The Forgotten Coast,384,priest,discipline,18,4,14
Ranthrough,Tichondrius,384,priest,discipline,6,4,2
Locjawbe,Area 52,192,priest,discipline,24,2,22
Ashidox,Proudmoore,288,priest,discipline,6,3,3
Megamind,Elune,0,priest,discipline,3,0,3
Everblack,Executus,96,priest,discipline,6,1,5
Nizr,Bleeding Hollow,288,priest,discipline,6,3,3
Shadeven,Nagrand,96,priest,discipline,6,1,5
Aeøns,Sargeras,96,priest,discipline,6,1,5
Ripchadman,Tichondrius,96,priest,discipline,6,1,5
Empyreanlite,Dalaran,288,priest,discipline,6,3,3
Azrothlol,Kul Tiras,159,priest,discipline,5,2,3
Hevnlyst,Proudmoore,0,priest,discipline,6,0,6
Mindgamez,Stormreaver,288,priest,discipline,6,3,3
Fancycorpse,Tichondrius,480,priest,discipline,12,5,7
Lëønë,Nemesis,0,priest,discipline,6,0,6
Cruxave,Aegwynn,201,priest,discipline,14,4,10
Theophobe,Illidan,138,priest,discipline,19,5,14
Benjamints,Thrall,192,priest,discipline,6,2,4
Dylirium,Dath'Remar,288,priest,discipline,6,3,3
Sanaconda,Sargeras,479,priest,discipline,7,5,2
Dioecesis,Moon Guard,384,priest,discipline,6,4,2
Discospider,Sargeras,384,priest,discipline,6,4,2
Onemission,Whisperwind,192,priest,discipline,6,2,4
Tylexus,Tichondrius,0,priest,discipline,3,0,3
Hycinamun,Mal'Ganis,223,priest,discipline,8,3,5
Deathrina,Moon Guard,384,priest,discipline,6,4,2
Illooj,Eonar,0,priest,discipline,3,0,3
Patchyemoly,Frostmourne,192,priest,discipline,8,2,6
Kagura,Dunemaul,256,priest,discipline,22,3,19
Minamy,Tichondrius,96,priest,discipline,6,1,5
Alaskaa,Moon Guard,0,priest,discipline,6,0,6
Djriest,Sargeras,96,priest,discipline,6,1,5
Brownsnooter,Sargeras,384,priest,discipline,6,4,2
Helorren,Nagrand,192,priest,discipline,6,2,4
Nickydamous,Moon Guard,1843,priest,discipline,66,31,35
Bigweebo,Sargeras,1812,priest,discipline,81,52,29
Playsoon,Shattered Hand,1574,priest,discipline,84,44,40
Seyr,Bleeding Hollow,1532,priest,discipline,185,104,81
Approved,Moon Guard,1483,priest,discipline,221,106,115
Cheechee,Executus,960,priest,discipline,18,10,8
Müsic,Stormrage,1331,priest,discipline,24,14,10
Wöödy,Area 52,1211,priest,discipline,57,27,30
Nosgoróth,Quel'Thalas,522,priest,discipline,13,7,6
Subvert,Zul'jin,330,priest,discipline,7,5,2
Wagonss,Stormrage,0,priest,discipline,25,7,18
Sixnoh,Moonrunner,480,priest,discipline,6,5,1
Takedisdisc,Tichondrius,330,priest,discipline,17,6,11
Shôta,Kel'Thuzad,480,priest,discipline,12,5,7
Htx,Dunemaul,480,priest,discipline,12,5,7
Vérse,Stormrage,480,priest,discipline,12,5,7
Giraffebaitt,Zul'jin,480,priest,discipline,12,5,7
Rofrofmu,Aegwynn,480,priest,discipline,12,5,7
Raslin,Bonechewer,480,priest,discipline,12,5,7
Goonie,Spirestone,480,priest,discipline,12,5,7
Soulbane,Frostmourne,480,priest,discipline,12,5,7
Sabela,Moon Guard,480,priest,discipline,12,5,7
Bebe,Fizzcrank,480,priest,discipline,18,5,13
Sevioletté,Wyrmrest Accord,479,priest,discipline,6,5,1
Techninë,Cho'gall,479,priest,discipline,12,5,7
Lotzofhealz,Wyrmrest Accord,476,priest,discipline,12,5,7
Demongodtren,Blackrock,384,priest,discipline,6,4,2
Priêsty,Stormrage,234,priest,discipline,9,4,5
Chü,Dalaran,384,priest,discipline,6,4,2
Babygsuss,Tichondrius,384,priest,discipline,6,4,2
Ruems,Area 52,384,priest,discipline,6,4,2
Blzy,Area 52,384,priest,discipline,6,4,2
Lithelin,Frostmourne,384,priest,discipline,6,4,2
Gardiancloun,Sargeras,384,priest,discipline,6,4,2
Barclan,Destromath,384,priest,discipline,12,4,8
Vyvivienx,Tichondrius,384,priest,discipline,12,4,8
Gloomyspp,Illidan,234,priest,discipline,14,4,10
Wìd,Khaz'goroth,384,priest,discipline,12,4,8
Lankyschlong,Frostmourne,384,priest,discipline,12,4,8
Polythis,Kel'Thuzad,384,priest,discipline,18,4,14
Discodork,Bleeding Hollow,383,priest,discipline,6,4,2
Sybal,Suramar,383,priest,discipline,12,4,8
Primela,Sargeras,381,priest,discipline,12,4,8
Proftimothy,Tichondrius,432,priest,discipline,15,6,9
Buc,Barthilas,288,priest,discipline,6,3,3
Wiseguise,Illidan,288,priest,discipline,6,3,3
Danceofpales,Bleeding Hollow,384,priest,discipline,12,4,8
Pumpkinpino,Stormrage,288,priest,discipline,6,3,3
Healyhaney,Stormrage,288,priest,discipline,6,3,3
Bestworldxz,Illidan,288,priest,discipline,6,3,3
Vanzera,Thrall,480,priest,discipline,12,5,7
Rotnn,Thrall,288,priest,discipline,6,3,3
Lostnthought,Aggramar,288,priest,discipline,6,3,3
Daryldeath,Tichondrius,384,priest,discipline,12,4,8
Aia,Frostwolf,288,priest,discipline,6,3,3
Aspéct,Aegwynn,288,priest,discipline,6,3,3
Killduran,Hellscream,288,priest,discipline,6,3,3
Bessias,Area 52,288,priest,discipline,12,3,9
Wïgjaw,Tichondrius,1419,priest,discipline,60,25,35
Heratic,Mal'Ganis,288,priest,discipline,6,3,3
Kawesha,Emerald Dream,288,priest,discipline,6,3,3
Sandreth,Bonechewer,288,priest,discipline,6,3,3
Alladys,Shattered Hand,288,priest,discipline,6,3,3
Zuuji,Frostmourne,288,priest,discipline,6,3,3
Khaospriest,Proudmoore,288,priest,discipline,6,3,3
Bigpoppapwn,Darkspear,288,priest,discipline,6,3,3
Midget,Darkspear,288,priest,discipline,6,3,3
Swinee,Tichondrius,288,priest,discipline,6,3,3
Kaldoon,Azjol-Nerub,288,priest,discipline,6,3,3
Aaxahfon,Moon Guard,288,priest,discipline,12,3,9
Phillyrivers,Area 52,288,priest,discipline,12,3,9
Krewtoo,Illidan,288,priest,discipline,12,3,9
Doomageddon,Thorium Brotherhood,288,priest,discipline,12,3,9
Skimpdubs,Bleeding Hollow,288,priest,discipline,12,3,9
Muriaticacid,Tichondrius,288,priest,discipline,12,3,9
Pravant,Illidan,288,priest,discipline,18,3,15
Chirho,Mal'Ganis,288,priest,discipline,18,3,15
Imgold,Emerald Dream,287,priest,discipline,6,3,3
Kataró,Tichondrius,286,priest,discipline,12,3,9
Prèèst,Proudmoore,255,priest,discipline,11,3,8
Murillio,Moon Guard,239,priest,discipline,5,3,2
Frenchfries,Sargeras,431,priest,discipline,11,5,6
Canô,Quel'Thalas,239,priest,discipline,5,3,2
Reâpêr,Kel'Thuzad,489,priest,discipline,19,7,12
Notthebappo,Mal'Ganis,192,priest,discipline,11,4,7
Davedawg,Emerald Dream,192,priest,discipline,6,2,4
Issaley,Tichondrius,192,priest,discipline,6,2,4
Thangthangin,Icecrown,192,priest,discipline,6,2,4
Meaning,Tichondrius,192,priest,discipline,6,2,4
Phatheals,Norgannon,192,priest,discipline,6,2,4
Chazzwizz,Area 52,192,priest,discipline,6,2,4
Halloweenx,Area 52,192,priest,discipline,6,2,4
Heartsblood,Whisperwind,192,priest,discipline,6,2,4
Jaq,Altar of Storms,192,priest,discipline,6,2,4
Keygodx,Illidan,384,priest,discipline,12,4,8
Discogs,Frostmourne,480,priest,discipline,12,5,7
Mhanaburn,Ner'zhul,192,priest,discipline,6,2,4
Tulip,Frostmourne,192,priest,discipline,6,2,4
Holytipz,Stormrage,192,priest,discipline,6,2,4
Googus,Bleeding Hollow,288,priest,discipline,12,3,9
Skellieman,Malorne,192,priest,discipline,6,2,4
Çherished,Stormrage,192,priest,discipline,6,2,4
Bmox,Borean Tundra,192,priest,discipline,6,2,4
Krevs,Proudmoore,192,priest,discipline,6,2,4
Gwenholy,Hakkar,192,priest,discipline,6,2,4
Irixus,Zul'jin,192,priest,discipline,6,2,4
Ularim,Tichondrius,192,priest,discipline,12,2,10
Toguol,Stormrage,192,priest,discipline,12,2,10
Canyounaut,Kel'Thuzad,192,priest,discipline,12,2,10
Meatbaoo,Tichondrius,192,priest,discipline,12,2,10
Fearward,Silvermoon,192,priest,discipline,12,2,10
Mesiausx,Stormrage,468,priest,discipline,24,9,15
Dangerhealz,Frostmourne,128,priest,discipline,4,2,2
Deckx,Khaz'goroth,384,priest,discipline,12,6,6
Juvell,Illidan,480,priest,discipline,21,6,15
Standback,Wyrmrest Accord,96,priest,discipline,3,2,1
Púrg,Frostmourne,96,priest,discipline,6,1,5
Kunof,Ragnaros,96,priest,discipline,6,1,5
Kireepilef,Ragnaros,96,priest,discipline,6,1,5
Baerybonds,Kil'jaeden,96,priest,discipline,6,1,5
Halfcab,Runetotem,96,priest,discipline,6,1,5
Gódriç,Emerald Dream,96,priest,discipline,6,1,5
Religions,Wyrmrest Accord,96,priest,discipline,6,1,5
Lifejuice,Tichondrius,96,priest,discipline,6,1,5
Ugamie,Proudmoore,431,priest,discipline,15,5,10
Thh,Emerald Dream,96,priest,discipline,6,1,5
Nekkz,Sargeras,96,priest,discipline,6,1,5
Hionlife,Tichondrius,96,priest,discipline,6,1,5
Clárke,Tichondrius,96,priest,discipline,6,1,5
Wilcarfegus,Draka,96,priest,discipline,6,1,5
Blosinrosin,Lightbringer,96,priest,discipline,6,1,5
Shåde,Skullcrusher,383,priest,discipline,12,4,8
Barelylegalx,Tichondrius,96,priest,discipline,6,1,5
Prayforhealz,Tichondrius,96,priest,discipline,6,1,5
Kryoff,Illidan,96,priest,discipline,6,1,5
Throwshade,Moon Guard,96,priest,discipline,6,1,5
Vandi,Moon Guard,288,priest,discipline,12,3,9
Senbonzaküra,Azralon,0,priest,discipline,10,1,9
Ivermectin,Eredar,96,priest,discipline,6,1,5
Tichealstwo,Tichondrius,96,priest,discipline,6,1,5
Spspsp,Illidan,288,priest,discipline,12,3,9
Billyscousin,Cho'gall,96,priest,discipline,6,1,5
Vetisrx,Thrall,480,priest,discipline,18,5,13
Ssmushi,Tichondrius,96,priest,discipline,12,1,11
Erinyn,Area 52,96,priest,discipline,12,1,11
Ergoproxy,Barthilas,192,priest,discipline,18,2,16
Sifts,Proudmoore,96,priest,discipline,12,1,11
Sáito,Area 52,79,priest,discipline,5,1,4
Alathan,Sargeras,31,priest,discipline,2,1,1
Inflate,Frostmourne,480,priest,discipline,12,5,7
Numinous,Wyrmrest Accord,480,priest,discipline,12,5,7
Invain,Executus,192,priest,discipline,6,2,4
Fouroneo,Tichondrius,288,priest,discipline,6,3,3
Shadowyeti,Illidan,335,priest,discipline,11,4,7
Wobbleskank,Tichondrius,287,priest,discipline,6,3,3
Nutdrip,Tichondrius,288,priest,discipline,6,3,3
Remedio,Emerald Dream,0,priest,discipline,3,0,3
Sársaukis,Illidan,0,priest,discipline,6,0,6
Lyriczx,Kel'Thuzad,288,priest,discipline,6,3,3
Floofball,Medivh,96,priest,discipline,6,1,5
Ruzhi,Moon Guard,0,priest,discipline,1,0,1
Wetleaftx,Cho'gall,192,priest,discipline,6,2,4
Mòrbídìtý,Area 52,192,priest,discipline,6,2,4
Guillotine,Azralon,288,priest,discipline,6,3,3
Ayzen,Emerald Dream,511,priest,discipline,20,6,14
Alucardibee,Turalyon,288,priest,discipline,6,3,3
Akuvurá,Nemesis,0,priest,discipline,6,0,6
Xuxu,Frostmourne,288,priest,discipline,6,3,3
ßoy,Aman'Thul,0,priest,discipline,2,0,2
Dumpesitwo,Frostmourne,192,priest,discipline,12,2,10
Îcecube,Sargeras,288,priest,discipline,6,3,3
Shadowbishop,Barthilas,427,priest,discipline,12,7,5
Jojoxxz,Illidan,0,priest,discipline,18,3,15
Bumbleedot,Azralon,480,priest,discipline,12,5,7
Murkqz,Azralon,192,priest,discipline,6,2,4
Optimism,Frostmane,384,priest,discipline,6,4,2
Deadcode,Frostmane,0,priest,discipline,3,0,3
Shadowjisha,Emerald Dream,480,priest,discipline,12,5,7
Teccalil,Tichondrius,192,priest,discipline,6,2,4
Vyndictus,Shattered Hand,0,priest,discipline,3,2,1
Akainuu,Nazjatar,192,priest,discipline,12,2,10
Noobepriest,Thrall,192,priest,discipline,6,2,4
Nwok,Frostmourne,288,priest,discipline,12,3,9
Pevis,Thrall,0,priest,discipline,3,0,3
Fayth,Maiev,191,priest,discipline,6,2,4
Meowforheals,Sargeras,192,priest,discipline,6,2,4
Vìxèn,Zul'jin,288,priest,discipline,6,3,3
Yumä,Kil'jaeden,239,priest,discipline,5,3,2
Faedre,Smolderthorn,192,priest,discipline,6,2,4
Frostslime,Area 52,848,priest,discipline,24,9,15
Dawgshiz,Tichondrius,1575,priest,discipline,64,31,33
Antipreist,Bonechewer,567,priest,discipline,12,6,6
Justfaith,Barthilas,558,priest,discipline,17,6,11
Aetonyx,Anvilmar,480,priest,discipline,6,5,1
Phantømz,Zul'jin,480,priest,discipline,6,5,1
Danawhitex,Thrall,480,priest,discipline,6,5,1
Uncletouchy,Illidan,480,priest,discipline,6,5,1
Nawtyforever,Tichondrius,480,priest,discipline,6,5,1
Dzikuss,Aegwynn,480,priest,discipline,6,5,1
Privx,Bleeding Hollow,480,priest,discipline,6,5,1
Bulleitrye,Emerald Dream,480,priest,discipline,6,5,1
Deeply,Tichondrius,480,priest,discipline,12,5,7
Jackymv,Kel'Thuzad,480,priest,discipline,12,5,7
Vyrah,Area 52,480,priest,discipline,12,5,7
Canswersp,Sargeras,480,priest,discipline,18,5,13
Piffbadar,Tichondrius,480,priest,discipline,12,5,7
Lilgeek,Kel'Thuzad,330,priest,discipline,21,5,16
Kark,Tichondrius,480,priest,discipline,18,5,13
Klerick,Kil'jaeden,480,priest,discipline,18,5,13
Pasher,Sargeras,480,priest,discipline,18,5,13
Krisdavra,Thrall,479,priest,discipline,6,5,1
Ibuyfeetpics,Tichondrius,479,priest,discipline,12,5,7
Krynoobz,Sen'jin,479,priest,discipline,12,5,7
Agrotothemax,Tichondrius,432,priest,discipline,15,5,10
Fxxkdamn,Tichondrius,432,priest,discipline,21,6,15
Leebow,Tichondrius,384,priest,discipline,6,4,2
Ritalyn,Korgath,384,priest,discipline,6,4,2
Kàobeini,Tichondrius,384,priest,discipline,6,4,2
Fadedyourgo,Tichondrius,384,priest,discipline,6,4,2
Ðyluxx,Blackwater Raiders,384,priest,discipline,6,4,2
Potatopriest,Frostmourne,543,priest,discipline,11,6,5
Johnnweedd,Ragnaros,234,priest,discipline,8,4,4
Tristanp,Frostmourne,384,priest,discipline,6,4,2
Monkeyp,Barthilas,384,priest,discipline,6,4,2
Jixxersp,Mal'Ganis,384,priest,discipline,6,4,2
Ranksix,Area 52,384,priest,discipline,12,4,8
Tangykiwi,Dalaran,384,priest,discipline,12,4,8
Exisa,Stormrage,384,priest,discipline,12,4,8
Gooseundead,Tichondrius,384,priest,discipline,12,4,8
Skydemons,Mal'Ganis,384,priest,discipline,12,4,8
Billiard,Stormrage,384,priest,discipline,12,4,8
Disçxrespeçt,Cairne,384,priest,discipline,18,4,14
Kymohek,Sargeras,384,priest,discipline,18,4,14
Nocturnimal,Grizzly Hills,382,priest,discipline,12,4,8
Llaarrkkss,Tichondrius,351,priest,discipline,11,4,7
Manachai,The Forgotten Coast,319,priest,discipline,14,4,10
Kiazma,Zul'jin,288,priest,discipline,6,3,3
Fackinheals,Kel'Thuzad,288,priest,discipline,6,3,3
Relianth,Stormrage,288,priest,discipline,6,3,3
Drrunk,Bleeding Hollow,288,priest,discipline,6,3,3
Animityz,Illidan,288,priest,discipline,6,3,3
Eiricka,Kel'Thuzad,288,priest,discipline,6,3,3
Tempname,Thunderhorn,288,priest,discipline,6,3,3
Barackhobama,Mal'Ganis,288,priest,discipline,6,3,3
Dìngobaby,Stormrage,288,priest,discipline,6,3,3
Dumbthott,Illidan,288,priest,discipline,6,3,3
Liminality,Illidan,288,priest,discipline,6,3,3
Humps,Sargeras,288,priest,discipline,6,3,3
Diamondz,Emerald Dream,288,priest,discipline,6,3,3
Kefkå,Sargeras,336,priest,discipline,9,4,5
Popeofhope,Quel'dorei,288,priest,discipline,6,3,3
Illiteratex,Sargeras,288,priest,discipline,6,3,3
Illegalkill,Tichondrius,288,priest,discipline,6,3,3
Sasagui,Bloodscalp,288,priest,discipline,6,3,3
Hellokuti,Silvermoon,288,priest,discipline,6,3,3
Dredre,Aggramar,480,priest,discipline,12,5,7
Whackagnome,Kel'Thuzad,288,priest,discipline,9,4,5
Twohpriest,Aerie Peak,288,priest,discipline,12,3,9
Phantøms,Zul'jin,288,priest,discipline,12,3,9
Bewbeez,Fizzcrank,288,priest,discipline,12,3,9
Zemms,Tichondrius,288,priest,discipline,12,3,9
Jahratu,Tichondrius,480,priest,discipline,18,5,13
Onahaihu,Tichondrius,521,priest,discipline,20,7,13
Linaelinatia,Area 52,192,priest,discipline,6,2,4
Riztwo,Moon Guard,192,priest,discipline,6,2,4
Râven,Proudmoore,288,priest,discipline,12,3,9
Baldy,Arthas,288,priest,discipline,12,3,9
Zereht,Ragnaros,192,priest,discipline,6,2,4
Wiccano,Stormrage,192,priest,discipline,6,2,4
Qtpriestx,Tichondrius,384,priest,discipline,12,4,8
Járngreipr,Ner'zhul,288,priest,discipline,12,3,9
Corpsen,Frostmourne,192,priest,discipline,6,2,4
Vikingkøng,Ragnaros,384,priest,discipline,18,4,14
Snowlily,Illidan,192,priest,discipline,6,2,4
Castholy,Nordrassil,480,priest,discipline,12,5,7
Xìdís,Vashj,288,priest,discipline,12,3,9
Bubblewrap,Wyrmrest Accord,192,priest,discipline,6,2,4
Insomnya,Sargeras,384,priest,discipline,12,4,8
Xeroxlivee,Tichondrius,192,priest,discipline,6,2,4
Lightski,Thunderlord,192,priest,discipline,7,2,5
Jordiest,Dalaran,192,priest,discipline,12,2,10
Majiinbuu,Maelstrom,192,priest,discipline,12,2,10
Rewena,Silver Hand,192,priest,discipline,12,2,10
Myobi,Tichondrius,381,priest,discipline,12,4,8
Yuhstin,Sargeras,159,priest,discipline,8,3,5
Tylennin,Hyjal,138,priest,discipline,13,4,9
Allaurah,Thrall,96,priest,discipline,3,2,1
Orethon,Thrall,96,priest,discipline,6,1,5
Trupriest,Alleria,96,priest,discipline,6,1,5
Tooflyy,Sargeras,96,priest,discipline,6,1,5
Annoka,Sargeras,384,priest,discipline,17,6,11
Pastortee,Sargeras,384,priest,discipline,12,4,8
Canklez,Stormscale,96,priest,discipline,6,1,5
Terripriest,Sargeras,96,priest,discipline,6,1,5
Hordehealin,Laughing Skull,96,priest,discipline,6,1,5
Hokon,Tortheldrin,288,priest,discipline,12,3,9
Saltedaddy,Tichondrius,96,priest,discipline,6,1,5
Siobhin,Wyrmrest Accord,335,priest,discipline,11,4,7
Aneresxo,Illidan,96,priest,discipline,6,1,5
Jaseyrae,Emerald Dream,96,priest,discipline,6,1,5
Doobzy,Proudmoore,96,priest,discipline,12,1,11
Trixor,Area 52,96,priest,discipline,6,1,5
Mïsstres,Area 52,96,priest,discipline,6,1,5
Capixaba,Stormrage,384,priest,discipline,18,4,14
Holddacheese,Area 52,96,priest,discipline,6,1,5
Mêatpuppet,Kil'jaeden,96,priest,discipline,6,1,5
Mannybtuggin,Kel'Thuzad,384,priest,discipline,12,4,8
Spêc,Frostmourne,96,priest,discipline,6,1,5
Escence,Jubei'Thos,96,priest,discipline,6,1,5
Virydian,Stormrage,288,priest,discipline,12,3,9
Kimmie,Kel'Thuzad,96,priest,discipline,6,1,5
Gusgp,Tichondrius,96,priest,discipline,12,1,11
Sevenlions,Stormrage,480,priest,discipline,18,5,13
Oldmanlou,Spirestone,63,priest,discipline,14,2,12
Küno,Kel'Thuzad,42,priest,discipline,10,2,8
Ghostz,Alleria,384,priest,discipline,6,4,2
Nevermôre,Area 52,0,priest,discipline,6,0,6
Grianné,Mannoroth,335,priest,discipline,9,4,5
Kumojorno,Gilneas,0,priest,discipline,6,0,6
Popejack,Stormrage,192,priest,discipline,6,2,4
Ahleven,Tichondrius,384,priest,discipline,6,4,2
Feminizm,Tichondrius,384,priest,discipline,6,4,2
Cheach,Echo Isles,288,priest,discipline,6,3,3
Sandrö,Sargeras,0,priest,discipline,2,0,2
Dekomori,Quel'Thalas,0,priest,discipline,6,0,6
Younext,Sargeras,480,priest,discipline,12,5,7
Stonemonkeyp,Sargeras,384,priest,discipline,12,4,8
Rolence,Tichondrius,0,priest,discipline,6,0,6
Prayzar,Illidan,192,priest,discipline,6,2,4
Bigmommyxo,Whisperwind,192,priest,discipline,6,2,4
Jüdaspriest,Gorefiend,288,priest,discipline,6,3,3
Bootleg,Crushridge,0,priest,discipline,3,0,3
Chambler,Aegwynn,384,priest,discipline,6,4,2
Nodorme,Quel'Thalas,0,priest,discipline,3,0,3
Saenax,Area 52,192,priest,discipline,6,2,4
Dchi,Tichondrius,96,priest,discipline,6,1,5
Identìty,Moon Guard,671,priest,discipline,24,7,17
Lasaldra,Quel'Thalas,0,priest,discipline,6,0,6
Bloodcure,Ysera,0,priest,discipline,6,0,6
Dederpriest,Stormrage,1333,priest,discipline,18,14,4
Maleklek,Azralon,863,priest,discipline,12,9,3
Sezyks,Mal'Ganis,655,priest,discipline,17,7,10
Kosiris,Stormrage,1222,priest,discipline,102,41,61
Enphý,Quel'Thalas,511,priest,discipline,11,6,5
Bigtang,Kil'jaeden,511,priest,discipline,14,6,8
Aquandrelea,Aegwynn,495,priest,discipline,7,6,1
Corov,Korgath,480,priest,discipline,6,5,1
Kardinalkeso,Frostmourne,480,priest,discipline,6,5,1
Djd,Frostmourne,480,priest,discipline,6,5,1
Xorriz,Bleeding Hollow,480,priest,discipline,6,5,1
Cxmplex,Mal'Ganis,480,priest,discipline,6,5,1
Azngød,Tichondrius,480,priest,discipline,12,5,7
Scyndar,Bonechewer,480,priest,discipline,12,5,7
Georgepells,Barthilas,480,priest,discipline,24,5,19
Tubelight,Sargeras,479,priest,discipline,12,5,7
Demished,Zul'jin,479,priest,discipline,12,5,7
Selea,Frostwolf,479,priest,discipline,12,5,7
Chadlyfe,Tichondrius,479,priest,discipline,12,5,7
Eumalfa,Dalaran,567,priest,discipline,12,6,6
Darkascended,Arthas,447,priest,discipline,14,6,8
Crueldotz,Illidan,384,priest,discipline,6,4,2
Hiphopanomis,Arthas,384,priest,discipline,6,4,2
Yunggawd,Illidan,384,priest,discipline,6,4,2
Crode,Bleeding Hollow,384,priest,discipline,6,4,2
Chemdawwg,Aerie Peak,384,priest,discipline,6,4,2
Uglydiego,Quel'Thalas,384,priest,discipline,6,4,2
Sigurdr,Muradin,384,priest,discipline,6,4,2
Papaheal,Runetotem,384,priest,discipline,6,4,2
Pprriieesst,Tichondrius,384,priest,discipline,6,4,2
Holynova,Ner'zhul,384,priest,discipline,12,4,8
Amys,Kargath,384,priest,discipline,12,4,8
Seyler,Barthilas,384,priest,discipline,12,4,8
Lucet,Aegwynn,384,priest,discipline,12,4,8
Needalung,Stormrage,383,priest,discipline,6,4,2
Coorslite,Proudmoore,383,priest,discipline,6,4,2
Anoxic,Kil'jaeden,383,priest,discipline,12,4,8
Maniacx,Stormrage,288,priest,discipline,6,3,3
Huckdaddy,Tichondrius,384,priest,discipline,12,4,8
Éxploït,Tichondrius,288,priest,discipline,6,3,3
Eddiethehead,Zul'jin,1338,priest,discipline,24,14,10
Mindmelts,Gallywix,288,priest,discipline,6,3,3
Ayoheals,Zul'jin,288,priest,discipline,6,3,3
Pwrwordthicc,Illidan,288,priest,discipline,6,3,3
Shadowform,Illidan,288,priest,discipline,6,3,3
Ellipsiz,Area 52,480,priest,discipline,12,5,7
Madalôn,Nemesis,288,priest,discipline,6,3,3
Ìdiot,Saurfang,288,priest,discipline,6,3,3
Boogiê,Illidan,288,priest,discipline,6,3,3
Mooray,Thrall,415,priest,discipline,14,5,9
Zaradomin,Kel'Thuzad,480,priest,discipline,12,5,7
Paradoxbot,Kel'Thuzad,288,priest,discipline,6,3,3
Catboynahj,Dalaran,288,priest,discipline,8,3,5
Atheistbtw,Sargeras,138,priest,discipline,18,5,13
Fitzop,Frostmourne,288,priest,discipline,12,3,9
Devili,Wyrmrest Accord,288,priest,discipline,12,3,9
Shattgreen,Mal'Ganis,288,priest,discipline,12,3,9
Dumplolz,Quel'Thalas,288,priest,discipline,12,3,9
Shadowdroid,Tichondrius,384,priest,discipline,18,4,14
Pohky,Area 52,239,priest,discipline,5,3,2
Brazen,Emerald Dream,192,priest,discipline,6,2,4
Jpandha,Azralon,192,priest,discipline,6,2,4
Ansgar,Eonar,478,priest,discipline,12,5,7
Ligthsoul,Ragnaros,192,priest,discipline,6,2,4
Disc,Haomarush,192,priest,discipline,6,2,4
Stilla,Kel'Thuzad,192,priest,discipline,6,2,4
Feelmydisc,Bonechewer,192,priest,discipline,6,2,4
Ubbzy,Illidan,192,priest,discipline,6,2,4
Mordaren,Arthas,192,priest,discipline,6,2,4
Mentiroso,Kael'thas,192,priest,discipline,6,2,4
Kaldrbock,Sargeras,192,priest,discipline,6,2,4
Tamilu,Terenas,42,priest,discipline,10,2,8
Aelap,Mal'Ganis,192,priest,discipline,6,2,4
Machiomora,Dunemaul,479,priest,discipline,12,5,7
Deadmoron,Illidan,192,priest,discipline,12,2,10
Häle,Bloodscalp,192,priest,discipline,12,2,10
Desiree,Emerald Dream,138,priest,discipline,13,4,9
Strepsis,Icecrown,128,priest,discipline,4,2,2
Fadinglol,Tichondrius,128,priest,discipline,4,2,2
Krathe,Azralon,128,priest,discipline,4,2,2
Shadp,Tichondrius,384,priest,discipline,9,5,4
Yogirabbit,Kil'jaeden,96,priest,discipline,6,1,5
Wreklol,Sargeras,480,priest,discipline,12,5,7
Shelleypin,Bleeding Hollow,96,priest,discipline,6,1,5
Vayr,Thrall,96,priest,discipline,6,1,5
Radiance,Aggramar,96,priest,discipline,6,1,5
Payforheals,Mal'Ganis,96,priest,discipline,6,1,5
Dáhealz,Tichondrius,384,priest,discipline,18,4,14
Lingt,Drakkari,480,priest,discipline,12,5,7
Tabzorbing,Illidan,96,priest,discipline,6,1,5
Bigpimpnz,Wildhammer,42,priest,discipline,14,3,11
Overcastedxo,Kel'Thuzad,0,priest,discipline,2,0,2
Clayphace,Darkspear,0,priest,discipline,1,0,1
Goodvybz,Illidan,0,priest,discipline,2,0,2
Ôverweight,Sargeras,0,priest,discipline,4,0,4
Rustinheber,Stormscale,479,priest,discipline,12,5,7
Unclecam,Tichondrius,192,priest,discipline,6,2,4
ßìrth,Kel'Thuzad,0,priest,discipline,5,1,4
Aurilain,Mal'Ganis,192,priest,discipline,6,2,4
Gineska,Tichondrius,480,priest,discipline,10,6,4
Jmanhealz,Stormrage,480,priest,discipline,12,5,7
Cultists,Tichondrius,0,priest,discipline,12,0,12
Toddo,Trollbane,255,priest,discipline,8,4,4
Mynaevis,Mal'Ganis,96,priest,discipline,6,1,5
Iggyp,Hyjal,96,priest,discipline,6,1,5
Yujawang,Sargeras,480,priest,discipline,12,5,7
Halfsorrow,Tichondrius,192,priest,discipline,6,2,4
Halfdeath,Sargeras,192,priest,discipline,6,2,4
ßugsy,Illidan,192,priest,discipline,6,2,4
Hòwen,Tichondrius,0,priest,discipline,6,0,6
Meibuff,Frostmourne,0,priest,discipline,6,0,6
Damokek,Tichondrius,192,priest,discipline,6,2,4
Yuritzi,Duskwood,0,priest,discipline,6,0,6
Löstský,Azralon,96,priest,discipline,6,1,5
Excellency,Tichondrius,0,priest,discipline,2,0,2
Pinoculus,Illidan,96,priest,discipline,6,1,5
Prayboy,Aerie Peak,96,priest,discipline,12,1,11
Doritonails,Tichondrius,1434,priest,discipline,245,124,121
Unholyhusky,Sargeras,1539,priest,discipline,60,38,22
Carcoz,Emerald Dream,1499,priest,discipline,140,70,70
Johnnysyns,Frostmourne,576,priest,discipline,12,6,6
Tealien,Dalaran,527,priest,discipline,11,6,5
Øçñæøæçñøñçæ,Sargeras,520,priest,discipline,12,7,5
Mercedés,Alleria,480,priest,discipline,6,5,1
Noite,Azralon,480,priest,discipline,6,5,1
Thugliffe,Frostmourne,480,priest,discipline,6,5,1
Imwithham,Tichondrius,480,priest,discipline,10,6,4
Cw,Wildhammer,480,priest,discipline,12,5,7
Spîteful,Illidan,480,priest,discipline,12,5,7
Lourrdz,Tichondrius,480,priest,discipline,12,5,7
Shädyönë,Tichondrius,480,priest,discipline,12,5,7
Stambuff,Tichondrius,480,priest,discipline,12,5,7
Voidquil,Bonechewer,480,priest,discipline,12,5,7
Starzard,Kel'Thuzad,480,priest,discipline,12,5,7
Supernamp,Sargeras,480,priest,discipline,12,5,7
Mangshadoom,Silvermoon,330,priest,discipline,22,5,17
Levingurt,Darkspear,480,priest,discipline,18,5,13
Atheíst,Tichondrius,479,priest,discipline,12,5,7
Xenedart,Quel'Thalas,479,priest,discipline,12,5,7
Wort,Cairne,479,priest,discipline,18,5,13
Goodboyyoshi,Tichondrius,479,priest,discipline,15,5,10
Cxview,Sargeras,479,priest,discipline,18,5,13
Nefastó,Ragnaros,431,priest,discipline,12,6,6
Discshady,Tichondrius,416,priest,discipline,10,5,5
Esredarksun,Sargeras,412,priest,discipline,16,5,11
Dredgeflay,Thrall,384,priest,discipline,6,4,2
Vladlèna,Moon Guard,384,priest,discipline,6,4,2
Brácho,Ragnaros,384,priest,discipline,6,4,2
Rmpenjoyerx,Area 52,384,priest,discipline,6,4,2
Faithx,Frostmourne,384,priest,discipline,6,4,2
Flaytality,Shadowsong,384,priest,discipline,6,4,2
Tosbanned,Barthilas,384,priest,discipline,6,4,2
Balikina,Stormrage,521,priest,discipline,17,7,10
Kwazshell,Area 52,384,priest,discipline,7,4,3
Eilana,Tichondrius,384,priest,discipline,12,4,8
Valzzdor,Zul'jin,384,priest,discipline,12,4,8
Suzono,Hyjal,384,priest,discipline,12,4,8
Zaylahh,Blackrock,384,priest,discipline,12,4,8
Touchèr,Sargeras,480,priest,discipline,18,5,13
Nokhoron,Eldre'Thalas,384,priest,discipline,12,4,8
Pearlwing,Area 52,384,priest,discipline,12,4,8
Ludens,Bleeding Hollow,480,priest,discipline,18,5,13
Stilgeist,Proudmoore,384,priest,discipline,12,4,8
Kepptwo,Korgath,384,priest,discipline,12,4,8
Laqqet,Sargeras,384,priest,discipline,12,4,8
Biop,Burning Blade,384,priest,discipline,12,4,8
Heilige,Uldum,384,priest,discipline,30,4,26
Mangaloochi,Aman'Thul,383,priest,discipline,12,4,8
Fathergrey,Emerald Dream,383,priest,discipline,12,4,8
Fure,Mannoroth,288,priest,discipline,6,3,3
Laneska,Stormrage,288,priest,discipline,18,3,15
Anzulupriest,Alexstrasza,288,priest,discipline,6,3,3
Merylstreepz,Illidan,288,priest,discipline,6,3,3
Quefase,Proudmoore,288,priest,discipline,6,3,3
Skyfury,Darkspear,288,priest,discipline,6,3,3
Powerchucha,Area 52,288,priest,discipline,6,3,3
Mongatzuya,Illidan,288,priest,discipline,6,3,3
Hopenä,Dragonmaw,480,priest,discipline,12,5,7
Wakandafev,Frostmourne,288,priest,discipline,6,3,3
Kallenk,Proudmoore,480,priest,discipline,12,5,7
Awesomeguyx,Tichondrius,384,priest,discipline,12,4,8
Nazgúl,Lothar,288,priest,discipline,6,3,3
Swollenarms,Kil'jaeden,288,priest,discipline,6,3,3
Roseriela,Moon Guard,288,priest,discipline,6,3,3
Ichheilen,Thrall,288,priest,discipline,6,3,3
Deezdotz,Alterac Mountains,479,priest,discipline,12,5,7
Shelfedelf,Gurubashi,480,priest,discipline,12,5,7
Callèèn,Stormrage,288,priest,discipline,6,3,3
Crazyfinley,Dalaran,384,priest,discipline,12,4,8
Ìhatermp,Tichondrius,288,priest,discipline,6,3,3
Bubblejunkie,Lethon,288,priest,discipline,9,4,5
Zodiá,Dentarg,288,priest,discipline,14,4,10
Toppers,Bladefist,288,priest,discipline,12,3,9
Lavéy,Ragnaros,288,priest,discipline,12,3,9
Willica,Stormrage,288,priest,discipline,12,3,9
Asmitä,Stormrage,479,priest,discipline,24,5,19
Km,Zul'jin,288,priest,discipline,12,3,9
Ophindrip,Zul'jin,288,priest,discipline,12,3,9
Celticó,Quel'Thalas,287,priest,discipline,12,3,9
Priestcarry,Tichondrius,351,priest,discipline,14,5,9
Taram,Ragnaros,431,priest,discipline,11,5,6
Adeston,Aggramar,192,priest,discipline,9,3,6
Viictorea,Barthilas,192,priest,discipline,6,2,4
Zonozan,Lightning's Blade,192,priest,discipline,6,2,4
Emptybody,Tichondrius,192,priest,discipline,6,2,4
Redzwhotwo,Kel'Thuzad,192,priest,discipline,6,2,4
Infecte,Illidan,192,priest,discipline,6,2,4
Hrathren,Caelestrasz,384,priest,discipline,12,4,8
Radikel,Aerie Peak,192,priest,discipline,6,2,4
Gstvsrrn,Tichondrius,480,priest,discipline,12,5,7
Pmsñ,Tichondrius,192,priest,discipline,6,2,4
Anttila,Ragnaros,192,priest,discipline,6,2,4
Apparìtions,Khaz'goroth,192,priest,discipline,6,2,4
Dontpvponme,Illidan,192,priest,discipline,6,2,4
Aurilain,Emerald Dream,192,priest,discipline,6,2,4
Zanyxx,Tichondrius,192,priest,discipline,6,2,4
Kharahealer,Scilla,192,priest,discipline,6,2,4
Imcutejk,Mal'Ganis,192,priest,discipline,6,2,4
Psychonauts,Arthas,192,priest,discipline,6,2,4
Anthuss,Illidan,192,priest,discipline,6,2,4
Jàxx,Dawnbringer,192,priest,discipline,6,2,4
Downbadbrick,Moon Guard,192,priest,discipline,6,2,4
Soçks,Proudmoore,192,priest,discipline,6,2,4
Roshank,Illidan,192,priest,discipline,6,2,4
Djratlordx,Thrall,192,priest,discipline,6,2,4
Beymaxll,Moon Guard,192,priest,discipline,6,2,4
Railly,Skywall,192,priest,discipline,6,2,4
Nizama,Moon Guard,192,priest,discipline,6,2,4
Dadin,Ner'zhul,192,priest,discipline,6,2,4
Fathersins,Mal'Ganis,192,priest,discipline,6,2,4
Pragus,Emerald Dream,192,priest,discipline,14,3,11
Purpskuurp,Mal'Ganis,192,priest,discipline,12,2,10
Nudibranch,Mal'Ganis,192,priest,discipline,12,2,10
Sativacuity,Mal'Ganis,192,priest,discipline,12,2,10
Jazminee,Quel'Thalas,192,priest,discipline,12,2,10
Sukora,Blade's Edge,192,priest,discipline,12,2,10
Bilian,Dalvengyr,192,priest,discipline,12,2,10
Rektinfull,Bladefist,159,priest,discipline,5,2,3
Venzd,Illidan,159,priest,discipline,5,2,3
Pugadin,Bleeding Hollow,159,priest,discipline,5,2,3
Greybearded,Korgath,159,priest,discipline,5,2,3
Holyfieldx,Stormrage,127,priest,discipline,8,2,6
Rustydisc,Area 52,127,priest,discipline,8,2,6
Atzuru,Ragnaros,96,priest,discipline,6,1,5
Dirtysline,Ragnaros,192,priest,discipline,13,3,10
Beanerall,Quel'Thalas,96,priest,discipline,6,1,5
Xiffs,Mal'Ganis,96,priest,discipline,6,1,5
Stunsilence,Tichondrius,96,priest,discipline,6,1,5
Kalakbar,Tichondrius,96,priest,discipline,6,1,5
Drkwingduckz,Area 52,96,priest,discipline,6,1,5
Beeds,Sargeras,96,priest,discipline,6,1,5
Pétt,Aman'Thul,96,priest,discipline,6,1,5
Payan,Barthilas,96,priest,discipline,6,1,5
Notgoodatsp,Bleeding Hollow,96,priest,discipline,6,1,5
Skingraft,Bleeding Hollow,96,priest,discipline,6,1,5
Legitgayirl,Zul'jin,96,priest,discipline,6,1,5
Commotion,Dalaran,192,priest,discipline,12,2,10
Hampy,Illidan,96,priest,discipline,6,1,5
Råd,Illidan,384,priest,discipline,18,4,14
Touchoflife,Dragonblight,96,priest,discipline,12,1,11
Invisibler,Tichondrius,478,priest,discipline,24,5,19
Zathog,Earthen Ring,96,priest,discipline,12,1,11
Germies,Moon Guard,42,priest,discipline,14,2,12
Christmasgal,Uldum,0,priest,discipline,2,1,1
Ravinny,Nemesis,0,priest,discipline,5,1,4
Elam,Ragnaros,0,priest,discipline,3,0,3
Silkyx,Tichondrius,0,priest,discipline,6,0,6
Mortemus,Drenden,0,priest,discipline,4,0,4
Spshady,Aegwynn,96,priest,discipline,6,1,5
Stromile,Tichondrius,480,priest,discipline,12,5,7
Spriesto,Frostmourne,96,priest,discipline,6,1,5
Tethy,Saurfang,480,priest,discipline,18,5,13
Banmi,Tichondrius,0,priest,discipline,5,2,3
Ibringgears,Tichondrius,271,priest,discipline,11,3,8
Judeath,Area 52,384,priest,discipline,8,4,4
Cerriôus,Baelgun,352,priest,discipline,16,4,12
Webba,Azshara,192,priest,discipline,6,2,4
Kapriestsun,Sargeras,96,priest,discipline,12,1,11
Priestprease,Mal'Ganis,96,priest,discipline,6,1,5
Ilurvyou,Frostwolf,0,priest,discipline,6,0,6
Urisaegin,Sen'jin,0,priest,discipline,6,0,6
Diablomonk,Warsong,384,priest,discipline,18,4,14
Bwaka,Dalaran,159,priest,discipline,5,2,3
Leist,Ragnaros,495,priest,discipline,11,6,5
Dentwo,Aggramar,192,priest,discipline,13,2,11
Pèngotnerfed,Exodar,480,priest,discipline,6,5,1
Keicel,Zul'jin,96,priest,discipline,6,1,5
Swipathefox,Tichondrius,192,priest,discipline,6,2,4
Jovon,Frostmourne,288,priest,discipline,6,3,3
Hansa,Ragnaros,480,priest,discipline,6,5,1
Skeemask,Moon Guard,288,priest,discipline,6,3,3
Dëëdëëpants,Moon Guard,96,priest,discipline,6,1,5
Yungmazikeen,Proudmoore,96,priest,discipline,6,1,5
Sugarlorde,Destromath,384,priest,discipline,12,4,8
Spaddox,Arathor,575,priest,discipline,12,6,6
Adeptphd,Tichondrius,559,priest,discipline,23,6,17
Pertril,Stormrage,480,priest,discipline,6,5,1
Kénnypowers,Tichondrius,480,priest,discipline,6,5,1
Armanp,Hyjal,480,priest,discipline,6,5,1
Thadopepope,Tichondrius,480,priest,discipline,12,5,7
Kurahashe,Moon Guard,480,priest,discipline,12,5,7
Stunzeed,Staghelm,480,priest,discipline,12,5,7
Kopipriest,Barthilas,480,priest,discipline,12,5,7
Widewinks,Thrall,480,priest,discipline,12,5,7
Yauntoo,Tichondrius,480,priest,discipline,12,5,7
Shwrma,Bleeding Hollow,480,priest,discipline,18,5,13
Hello,Tichondrius,480,priest,discipline,12,5,7
Raeana,Area 52,480,priest,discipline,12,5,7
Toonahx,Area 52,480,priest,discipline,12,5,7
Jedmosby,Korgath,480,priest,discipline,14,5,9
Mustyfribble,Korgath,480,priest,discipline,18,5,13
Priuhpism,Tichondrius,479,priest,discipline,6,5,1
Torrantt,Bonechewer,479,priest,discipline,12,5,7
Greatzapan,Tichondrius,479,priest,discipline,12,5,7
Fadêd,Wildhammer,479,priest,discipline,12,5,7
Pandaball,Frostwolf,479,priest,discipline,12,5,7
Azhaell,Quel'Thalas,479,priest,discipline,12,5,7
Photogirl,Area 52,479,priest,discipline,12,5,7
Laydrel,Sargeras,476,priest,discipline,12,5,7
Rescueworker,Kel'Thuzad,473,priest,discipline,12,5,7
Cuisino,Tichondrius,446,priest,discipline,11,5,6
Felyreilyana,Caelestrasz,415,priest,discipline,11,5,6
Ramsakz,Proudmoore,413,priest,discipline,10,5,5
Mafuyusan,Proudmoore,384,priest,discipline,6,4,2
Killmeplzz,Ragnaros,384,priest,discipline,6,4,2
Holisticx,Tichondrius,384,priest,discipline,6,4,2
Taevier,Ghostlands,384,priest,discipline,6,4,2
Holylover,Illidan,384,priest,discipline,6,4,2
Lilvf,Barthilas,384,priest,discipline,6,4,2
Zelenka,Whisperwind,384,priest,discipline,6,4,2
Healscityy,Tichondrius,384,priest,discipline,6,4,2
Anasuzana,Zul'jin,384,priest,discipline,6,4,2
Terisar,Emerald Dream,384,priest,discipline,6,4,2
Mythuxxz,Sargeras,384,priest,discipline,6,4,2
Thugish,Frostwolf,384,priest,discipline,6,4,2
Biubiubium,Tichondrius,384,priest,discipline,12,4,8
Meekheal,Tichondrius,384,priest,discipline,12,4,8
Qyotasa,Zul'jin,463,priest,discipline,17,5,12
Priestcrys,Quel'Thalas,384,priest,discipline,12,4,8
Bigarxidia,Bleeding Hollow,384,priest,discipline,12,4,8
Cezzko,Tichondrius,384,priest,discipline,12,4,8
Gottaheal,Blood Furnace,384,priest,discipline,14,4,10
Miandel,Wildhammer,384,priest,discipline,18,4,14
Shialebuff,Gundrak,383,priest,discipline,6,4,2
Loffthedabsl,Tichondrius,383,priest,discipline,6,4,2
Mythanex,Bleeding Hollow,383,priest,discipline,6,4,2
Ioharusame,Quel'Thalas,383,priest,discipline,17,5,12
Crozuhn,Moon Guard,383,priest,discipline,18,4,14
Horridheals,Shandris,505,priest,discipline,10,6,4
Mystexo,Barthilas,367,priest,discipline,11,4,7
Valdri,Sargeras,367,priest,discipline,11,4,7
Mcseven,Sargeras,351,priest,discipline,11,4,7
Voidly,Illidan,336,priest,discipline,9,5,4
Rocq,Sen'jin,288,priest,discipline,6,3,3
Chav,Kil'jaeden,288,priest,discipline,6,3,3
Bobolaine,Illidan,384,priest,discipline,12,4,8
Rockdroid,Illidan,480,priest,discipline,12,5,7
Hypoz,Sargeras,288,priest,discipline,6,3,3
Kovskii,Blackrock,288,priest,discipline,6,3,3
Fadèd,Wildhammer,288,priest,discipline,6,3,3
Painful,Arathor,288,priest,discipline,6,3,3
Zdarkspeedz,Stormrage,288,priest,discipline,6,3,3
Meshuggåh,Khaz'goroth,384,priest,discipline,12,4,8
Zeroghp,Tichondrius,288,priest,discipline,6,3,3
Prazph,Quel'Thalas,288,priest,discipline,6,3,3
Imjheals,Frostmourne,288,priest,discipline,6,3,3
Belarra,Norgannon,288,priest,discipline,6,3,3
Crocsnsocks,Sargeras,384,priest,discipline,12,4,8
Zaxxriee,Mal'Ganis,288,priest,discipline,6,3,3
Julisof,Quel'Thalas,522,priest,discipline,24,7,17
Shalters,Tichondrius,1442,priest,discipline,60,31,29
Sibble,Deathwing,288,priest,discipline,12,3,9
Miliotis,Sargeras,288,priest,discipline,12,3,9
Freák,Zul'jin,288,priest,discipline,12,3,9
Kershl,Aegwynn,480,priest,discipline,18,5,13
Bobbybacala,Velen,288,priest,discipline,12,3,9
Schüco,Tichondrius,288,priest,discipline,12,3,9
Nuaghtyheals,Illidan,288,priest,discipline,12,3,9
Zarøw,Tichondrius,288,priest,discipline,24,3,21
Areyouready,Sargeras,256,priest,discipline,4,4,0
Mendgins,Area 52,352,priest,discipline,10,5,5
Facethevoid,Stormrage,431,priest,discipline,11,5,6
Ianiezd,Illidan,480,priest,discipline,12,5,7
Stingypriest,Thrall,192,priest,discipline,6,2,4
Puts,Zul'jin,192,priest,discipline,6,2,4
Tommyjr,Tichondrius,480,priest,discipline,12,5,7
Fluxen,Illidan,192,priest,discipline,12,2,10
Fezalio,Burning Blade,192,priest,discipline,6,2,4
Thréé,Dalaran,192,priest,discipline,6,2,4
Jamie,Maiev,42,priest,discipline,11,2,9
Crossblesser,Argent Dawn,192,priest,discipline,6,2,4
Penancemd,Tichondrius,192,priest,discipline,6,2,4
Mieshatate,Boulderfist,384,priest,discipline,18,4,14
Rhypesia,Azralon,288,priest,discipline,12,3,9
Snìffer,Kel'Thuzad,192,priest,discipline,6,2,4
Focusedwilly,Frostmourne,192,priest,discipline,6,2,4
Jesupristo,Area 52,192,priest,discipline,6,2,4
Cmendemon,Cenarion Circle,192,priest,discipline,6,2,4
Beansan,Proudmoore,192,priest,discipline,6,2,4
Oongawa,Sargeras,192,priest,discipline,6,2,4
Mythine,Moon Guard,479,priest,discipline,12,5,7
Linxisp,Tichondrius,192,priest,discipline,6,2,4
Celestian,Mal'Ganis,192,priest,discipline,6,2,4
Aßsolution,Moon Guard,192,priest,discipline,6,2,4
Phraze,Thrall,192,priest,discipline,11,2,9
Shwøøps,Sargeras,192,priest,discipline,12,2,10
Chinzhs,Tichondrius,192,priest,discipline,12,2,10
Holyshock,Madoran,192,priest,discipline,12,2,10
Mentra,Tichondrius,191,priest,discipline,15,2,13
Rhonorudeska,Ragnaros,175,priest,discipline,11,2,9
Blightov,Bleeding Hollow,96,priest,discipline,6,1,5
Gwynplaine,Trollbane,286,priest,discipline,12,3,9
Lostvoidbee,Stormrage,96,priest,discipline,6,1,5
Holwyn,Moon Guard,96,priest,discipline,6,1,5
Starcross,Exodar,96,priest,discipline,6,1,5
Perlak,Bleeding Hollow,96,priest,discipline,6,1,5
Hode,Sargeras,0,priest,discipline,9,1,8
Baneburr,Illidan,96,priest,discipline,6,1,5
Voidstryker,Windrunner,96,priest,discipline,6,1,5
Sylthius,Emerald Dream,96,priest,discipline,6,1,5
Aqusia,Crushridge,96,priest,discipline,6,1,5
Crusiol,Proudmoore,96,priest,discipline,6,1,5
Ploottiy,Kel'Thuzad,96,priest,discipline,6,1,5
Çhauncy,Tichondrius,96,priest,discipline,6,1,5
Fambam,Sargeras,96,priest,discipline,12,1,11
Maggiesarang,Tichondrius,96,priest,discipline,12,1,11
Modesty,Antonidas,96,priest,discipline,12,1,11
Brshki,Tichondrius,480,priest,discipline,12,5,7
Felskie,Tichondrius,480,priest,discipline,12,5,7
Mankbadar,Tichondrius,192,priest,discipline,6,2,4
Novasp,Sargeras,0,priest,discipline,6,0,6
Pineappleqt,Skullcrusher,384,priest,discipline,12,4,8
Thänatós,Quel'Thalas,0,priest,discipline,3,0,3
Farnzz,Mal'Ganis,288,priest,discipline,6,3,3
Dapcum,Illidan,96,priest,discipline,6,1,5
Urdaisyy,Kel'Thuzad,384,priest,discipline,12,4,8
Fallaner,Destromath,382,priest,discipline,18,4,14
Veane,Tichondrius,192,priest,discipline,6,2,4
Shadøwreaper,Azralon,96,priest,discipline,6,1,5
Niftÿ,Tichondrius,0,priest,discipline,6,0,6
Drippyjoones,Sargeras,480,priest,discipline,12,5,7
Ìceheals,Tichondrius,672,priest,discipline,12,7,5
Scratchmyear,Tichondrius,520,priest,discipline,16,7,9
Gwynne,Barthilas,559,priest,discipline,11,6,5
Garyhooves,Zul'jin,558,priest,discipline,17,6,11
Ãdolfhealer,Dalaran,544,priest,discipline,10,7,3
Bhavu,Tichondrius,521,priest,discipline,22,7,15
Earys,Ragnaros,496,priest,discipline,22,6,16
Elitejustin,Area 52,480,priest,discipline,6,5,1
Deathdreamer,Azjol-Nerub,480,priest,discipline,6,5,1
Kazedx,Barthilas,480,priest,discipline,6,5,1
Bebyyourside,Mal'Ganis,480,priest,discipline,6,5,1
Aelriah,Thrall,480,priest,discipline,12,5,7
Iforted,Sargeras,480,priest,discipline,12,5,7
Seraphang,Stormrage,480,priest,discipline,12,5,7
Idryn,Quel'Thalas,480,priest,discipline,12,5,7
Angelvoid,Cho'gall,480,priest,discipline,12,5,7
Gudóngmae,Stormrage,480,priest,discipline,12,5,7
Eltanji,Wyrmrest Accord,480,priest,discipline,12,5,7
Mistify,Bleeding Hollow,480,priest,discipline,12,5,7
Powerwordkfc,Kel'Thuzad,480,priest,discipline,12,5,7
Tigawoods,Khaz Modan,480,priest,discipline,12,5,7
Meatytrash,Area 52,480,priest,discipline,12,5,7
Fatalpush,Moon Guard,480,priest,discipline,12,5,7
Yukishield,Illidan,480,priest,discipline,12,5,7
Mikes,Sargeras,480,priest,discipline,12,5,7
Harrygazm,Shattered Hand,480,priest,discipline,12,5,7
Confuses,Area 52,479,priest,discipline,6,5,1
Bossay,Icecrown,479,priest,discipline,6,5,1
Syrissa,Thrall,479,priest,discipline,6,5,1
Clerical,Skullcrusher,479,priest,discipline,12,5,7
Preesia,Misha,479,priest,discipline,12,5,7
Coldvb,Barthilas,479,priest,discipline,12,5,7
Omgimissher,Black Dragonflight,479,priest,discipline,12,5,7
Pylenn,Emerald Dream,478,priest,discipline,12,5,7
Liñkzq,Frostmourne,478,priest,discipline,12,5,7
Ihazhealzz,Area 52,447,priest,discipline,11,5,6
Stickheal,Tichondrius,425,priest,discipline,13,6,7
Norbert,Zul'jin,384,priest,discipline,6,4,2
Aerlinn,Tichondrius,384,priest,discipline,6,4,2
Silentluna,Tichondrius,384,priest,discipline,6,4,2
Relicxz,Firetree,384,priest,discipline,6,4,2
Perkalicious,Thrall,384,priest,discipline,6,4,2
Mikèp,Sargeras,384,priest,discipline,6,4,2
Auntiegrimm,Silvermoon,384,priest,discipline,6,4,2
Otpp,Sargeras,384,priest,discipline,6,4,2
Pándamonium,Hyjal,384,priest,discipline,6,4,2
Zäán,Sargeras,384,priest,discipline,6,4,2
Draehoe,Kel'Thuzad,384,priest,discipline,6,4,2
Jooback,Kel'Thuzad,384,priest,discipline,6,4,2
Keepri,Tichondrius,384,priest,discipline,12,4,8
Dogeastwest,Tichondrius,384,priest,discipline,12,4,8
Vanagør,Emerald Dream,384,priest,discipline,12,4,8
Alcoricc,Illidan,384,priest,discipline,12,4,8
Blighttyy,Proudmoore,1552,priest,discipline,48,18,30
Shookones,Mal'Ganis,384,priest,discipline,12,4,8
Teehowdie,Aegwynn,384,priest,discipline,12,4,8
Azuvah,Alexstrasza,384,priest,discipline,12,4,8
Satelite,Feathermoon,384,priest,discipline,12,4,8
Zafti,Laughing Skull,384,priest,discipline,12,4,8
Psyclo,Stormrage,384,priest,discipline,12,4,8
Jån,Moon Guard,384,priest,discipline,12,4,8
Crypticus,Nazjatar,384,priest,discipline,12,4,8
Selitos,Executus,384,priest,discipline,12,4,8
Kymil,Deathwing,384,priest,discipline,12,4,8
Sweetskittle,Mal'Ganis,384,priest,discipline,12,4,8
Antalian,Wyrmrest Accord,234,priest,discipline,21,4,17
Såviør,Suramar,383,priest,discipline,6,4,2
Hopfit,The Underbog,383,priest,discipline,6,4,2
Gamorâ,Sargeras,349,priest,discipline,14,5,9
Nymphomana,Tichondrius,330,priest,discipline,10,6,4
Sacredpatty,Frostmane,319,priest,discipline,5,4,1
Extremedp,Blackwing Lair,288,priest,discipline,6,3,3
Cheesemelt,Kil'jaeden,288,priest,discipline,6,3,3
Minatick,Sargeras,288,priest,discipline,6,3,3
Demonsp,Frostmourne,480,priest,discipline,12,5,7
Chavvy,Tichondrius,288,priest,discipline,6,3,3
Coerce,Tichondrius,288,priest,discipline,6,3,3
Reanimater,Bronzebeard,288,priest,discipline,6,3,3
Sarafem,Lothar,288,priest,discipline,6,3,3
Slottie,Mal'Ganis,288,priest,discipline,6,3,3
Luminarylily,Tichondrius,288,priest,discipline,6,3,3
Lowfatsnack,Aggramar,288,priest,discipline,6,3,3
Plzdonthitme,Turalyon,288,priest,discipline,6,3,3
Itzkü,Mal'Ganis,288,priest,discipline,6,3,3
Isto,Aegwynn,288,priest,discipline,6,3,3
Jadpad,Gorefiend,480,priest,discipline,12,5,7
Discfigured,Tichondrius,138,priest,discipline,14,3,11
Chen,Cho'gall,288,priest,discipline,12,3,9
Healinghaze,Tichondrius,288,priest,discipline,12,3,9
Drhuhu,Stormrage,288,priest,discipline,12,3,9
Chubbsxo,Proudmoore,288,priest,discipline,12,3,9
Purify,Sargeras,288,priest,discipline,12,3,9
Oyao,Tichondrius,288,priest,discipline,12,3,9
Numinous,Lothar,288,priest,discipline,12,3,9
Balooch,Frostmourne,288,priest,discipline,14,3,11
Pheegawn,Proudmoore,288,priest,discipline,18,3,15
Thaedreu,Area 52,192,priest,discipline,6,2,4
Nutdrip,Kel'Thuzad,192,priest,discipline,6,2,4
Faashrmpbtw,Darkspear,96,priest,discipline,6,1,5
Hollowed,Drakkari,0,priest,discipline,6,0,6
Jrøck,Mal'Ganis,96,priest,discipline,6,1,5
Yiptawh,Area 52,287,priest,discipline,18,3,15
Dotznbubblez,Zul'jin,0,priest,discipline,2,0,2
Zork,Wildhammer,287,priest,discipline,6,3,3
Kikkomán,Tichondrius,192,priest,discipline,12,2,10
Edhelin,Illidan,0,priest,discipline,6,0,6
Luísthian,Quel'Thalas,0,priest,discipline,10,2,8
Burfdaycake,Mal'Ganis,384,priest,discipline,12,4,8
Millép,Frostmourne,288,priest,discipline,6,3,3
Veldin,Malfurion,480,priest,discipline,6,5,1
Felesindra,Illidan,480,priest,discipline,6,5,1
Lejn,Illidan,480,priest,discipline,12,5,7
Dolovis,Kel'Thuzad,480,priest,discipline,12,5,7
Jentbekk,Tichondrius,480,priest,discipline,12,5,7
Matadur,Lightning's Blade,480,priest,discipline,12,5,7
Drooz,Illidan,480,priest,discipline,12,5,7
Morcelina,Stormrage,480,priest,discipline,12,5,7
Bidensniffer,Kel'Thuzad,480,priest,discipline,12,5,7
Ricekrispies,Alterac Mountains,480,priest,discipline,12,5,7
Mud,Mannoroth,480,priest,discipline,12,5,7
Repthsp,Illidan,480,priest,discipline,18,5,13
Hypnottik,Tichondrius,479,priest,discipline,12,5,7
Aurørà,Quel'Thalas,479,priest,discipline,12,5,7
Sanso,Drakkari,479,priest,discipline,12,5,7
Tsuxsurf,Darkspear,478,priest,discipline,12,5,7
Bboo,Draenor,463,priest,discipline,11,5,6
Ishnudaldieb,Bleeding Hollow,447,priest,discipline,11,5,6
Rollforrezz,Frostmourne,446,priest,discipline,11,5,6
Terraqq,Barthilas,432,priest,discipline,16,5,11
Dreamloveu,Tichondrius,431,priest,discipline,9,6,3
Goseikae,Tichondrius,234,priest,discipline,6,4,2
Max,Frostmourne,384,priest,discipline,6,4,2
Uncletonyp,Tanaris,480,priest,discipline,12,5,7
Billzo,Frostmourne,384,priest,discipline,6,4,2
Kyranell,Uldum,384,priest,discipline,6,4,2
Zhivv,Ragnaros,384,priest,discipline,6,4,2
Hábits,Mal'Ganis,384,priest,discipline,12,4,8
Jimmysins,Frostmourne,384,priest,discipline,12,4,8
Waylor,Lethon,384,priest,discipline,12,4,8
Vësse,Frostmourne,384,priest,discipline,12,4,8
Watchmeoom,Kel'Thuzad,384,priest,discipline,12,4,8
Roos,Tichondrius,384,priest,discipline,12,4,8
Acshadow,Jubei'Thos,384,priest,discipline,12,4,8
Sebastianl,Ragnaros,384,priest,discipline,12,4,8
Baredjanks,Zul'jin,384,priest,discipline,18,4,14
Whitemagic,Frostmourne,288,priest,discipline,6,3,3
Ccnu,Tichondrius,192,priest,discipline,6,2,4
Cenfade,Sargeras,384,priest,discipline,6,4,2
Whitewindmil,Tichondrius,271,priest,discipline,11,3,8
Ioved,Sisters of Elune,288,priest,discipline,12,3,9
Shadowowns,Blackrock,0,priest,discipline,6,0,6
Xue,Whisperwind,288,priest,discipline,12,3,9
Trolldaddy,Burning Legion,0,priest,discipline,6,0,6
Gamepastors,Illidan,0,priest,discipline,6,0,6
Ohmzi,Auchindoun,558,priest,discipline,17,6,11
Qberto,Illidan,543,priest,discipline,17,6,11
Yiyoperro,Quel'Thalas,511,priest,discipline,22,6,16
Mestíza,Quel'Thalas,480,priest,discipline,6,5,1
Markzugrberg,Emerald Dream,480,priest,discipline,6,5,1
Mellowrush,Kel'Thuzad,480,priest,discipline,12,5,7
Pwl,Area 52,480,priest,discipline,12,5,7
Bitterwish,Maiev,448,priest,discipline,10,5,5
Druicytwo,Illidan,0,priest,discipline,3,0,3
Ochae,Stormrage,0,priest,discipline,1,0,1
Obeseheals,Silvermoon,288,priest,discipline,6,3,3
Bllitzxkreig,Tichondrius,96,priest,discipline,6,1,5
Lovvely,Drakkari,288,priest,discipline,6,3,3
ßellaßellz,Tichondrius,96,priest,discipline,6,1,5
Vizzo,Azralon,480,priest,discipline,12,5,7
Sterther,Stormrage,0,priest,discipline,6,0,6
Unclefelix,Rexxar,96,priest,discipline,6,1,5
Pxxie,Stormrage,192,priest,discipline,6,2,4
Jiwang,Aegwynn,192,priest,discipline,6,2,4
Rînnî,Dalaran,191,priest,discipline,6,2,4
Bdaddyfresh,Tichondrius,288,priest,discipline,12,3,9
Cleos,Ragnaros,384,priest,discipline,12,4,8
Allevia,Frostmourne,192,priest,discipline,6,2,4
Gypsysun,Azralon,96,priest,discipline,6,1,5
Chakota,Emerald Dream,288,priest,discipline,12,3,9
Verothius,Tichondrius,192,priest,discipline,6,2,4
Iq,Tichondrius,319,priest,discipline,8,4,4
Wafflers,Tichondrius,288,priest,discipline,10,4,6
Penguinpie,Illidan,544,priest,discipline,10,6,4
Nanako,Blackrock,539,priest,discipline,18,8,10
Pehk,Hyjal,480,priest,discipline,6,5,1
Dianafyre,Undermine,480,priest,discipline,6,5,1
Priëstitute,Zul'jin,480,priest,discipline,6,5,1
Sopure,Sargeras,480,priest,discipline,12,5,7
Beready,Baelgun,480,priest,discipline,12,5,7
Satirely,Illidan,480,priest,discipline,12,5,7
Exilis,Proudmoore,480,priest,discipline,12,5,7
Moarticia,Smolderthorn,480,priest,discipline,18,5,13
Diselram,Sargeras,480,priest,discipline,18,5,13
Revisíon,Stormreaver,480,priest,discipline,18,5,13
Eraticpriest,Illidan,480,priest,discipline,18,5,13
Ashleyrjx,Nazjatar,192,priest,discipline,12,2,10
Filljr,Korgath,384,priest,discipline,12,4,8
Kuarzø,Ragnaros,96,priest,discipline,6,1,5
Cupriest,Tichondrius,0,priest,discipline,6,0,6
Lerilu,Stormrage,0,priest,discipline,6,0,6
Stromhardt,Moon Guard,288,priest,discipline,6,3,3
Vended,Zul'jin,192,priest,discipline,6,2,4
Karnnagex,Cenarion Circle,96,priest,discipline,6,1,5
Wienertoes,Tichondrius,96,warrior,arms,6,1,5
Larrybiscuit,Moon Guard,96,warrior,arms,6,1,5
Igoboom,Bleeding Hollow,96,warrior,arms,6,1,5
Soymong,Frostmourne,96,warrior,arms,6,1,5
Eatmyblade,Wyrmrest Accord,128,warrior,arms,10,2,8
Brutality,Kirin Tor,0,warrior,arms,6,0,6
Rumka,Drak'Tharon,42,warrior,arms,6,2,4
Donjuan,Skullcrusher,0,warrior,arms,6,0,6
Roxon,Hellscream,79,warrior,arms,5,1,4
Kåyotix,Proudmoore,96,warrior,arms,6,1,5
Trendxx,Stormrage,0,warrior,arms,2,0,2
Aboveaverage,Arthas,0,warrior,arms,6,0,6
Wazy,Ragnaros,0,warrior,arms,5,0,5
Granzelion,Tichondrius,1911,warrior,arms,138,70,68
Fyruz,Sargeras,1542,warrior,arms,74,41,33
Shingeki,Wyrmrest Accord,1179,warrior,arms,108,51,57
Rockystyle,Proudmoore,1286,warrior,arms,54,30,24
Krakatóa,Kel'Thuzad,1577,warrior,arms,87,48,39
Jericho,Kil'jaeden,1055,warrior,arms,18,11,7
Himurinha,Nemesis,1520,warrior,arms,36,20,16
Hatedßyßlízz,Moon Guard,480,warrior,arms,12,5,7
Everchosen,Proudmoore,1729,warrior,arms,129,65,64
Estiria,Kel'Thuzad,288,warrior,arms,6,3,3
Xiaoheihei,Tichondrius,1806,warrior,arms,174,88,86
Blackkcow,Zul'jin,191,warrior,arms,6,2,4
Hazell,Gundrak,191,warrior,arms,6,2,4
Ybsorc,Kel'Thuzad,160,warrior,arms,10,2,8
Eatscrayons,Barthilas,159,warrior,arms,11,2,9
Vhagaar,Emerald Dream,96,warrior,arms,6,1,5
Blitzkrieegz,Drakkari,96,warrior,arms,6,1,5
Zørg,Bleeding Hollow,96,warrior,arms,6,1,5
Bhuppzz,Barthilas,96,warrior,arms,6,1,5
Cindabotica,Sargeras,96,warrior,arms,6,1,5
Jimhoffa,Bonechewer,96,warrior,arms,6,1,5
Wolurog,Emerald Dream,96,warrior,arms,6,1,5
Skärz,Azshara,96,warrior,arms,6,1,5
Faintswar,Stormrage,96,warrior,arms,6,1,5
Klobnslob,Mannoroth,96,warrior,arms,6,1,5
Shagstrike,Azralon,96,warrior,arms,6,1,5
Roxesc,Area 52,96,warrior,arms,6,1,5
Dokoba,Bleeding Hollow,96,warrior,arms,6,1,5
Durseyturm,Area 52,96,warrior,arms,6,1,5
Meytuglin,Stormrage,96,warrior,arms,6,1,5
Dogmar,Moon Guard,96,warrior,arms,6,1,5
Berawar,Tichondrius,96,warrior,arms,6,1,5
Odyssey,Vashj,96,warrior,arms,12,1,11
Gordurin,Akama,96,warrior,arms,6,1,5
Bushwook,Emerald Dream,96,warrior,arms,12,1,11
Garrossh,Thunderhorn,64,warrior,arms,4,1,3
Wuushang,Area 52,0,warrior,arms,4,0,4
Trufsoturi,Bleeding Hollow,479,warrior,arms,12,5,7
Zêtt,Drakkari,0,warrior,arms,3,0,3
Sinbãd,Sargeras,1573,warrior,arms,65,29,36
Shimizuken,Tichondrius,96,warrior,arms,6,1,5
Zephyron,Moonrunner,0,warrior,arms,6,0,6
Smallestwar,Zul'jin,96,warrior,arms,6,1,5
Kíngkaisér,Azralon,0,warrior,arms,4,1,3
Bobisyourmom,Tichondrius,96,warrior,arms,6,1,5
Horahloux,Ragnaros,96,warrior,arms,6,1,5
Krodah,Quel'Thalas,96,warrior,arms,6,1,5
Tankieone,Aggramar,0,warrior,arms,2,0,2
Kevinersaa,Frostmourne,96,warrior,arms,6,1,5
Kawakamigens,Azralon,1807,warrior,arms,102,48,54
Doomreaper,Hellscream,1362,warrior,arms,125,63,62
Hariban,Shu'halo,1726,warrior,arms,77,38,39
Elyn,Tichondrius,42,warrior,arms,6,4,2
Krátös,Farstriders,191,warrior,arms,6,2,4
Swordblood,Ragnaros,159,warrior,arms,5,2,3
Vapyr,Moon Guard,159,warrior,arms,5,2,3
Kellsbro,Hyjal,159,warrior,arms,5,2,3
Kevs,Sargeras,96,warrior,arms,3,2,1
Arantxa,Destromath,96,warrior,arms,6,1,5
Weechubber,Bleeding Hollow,96,warrior,arms,6,1,5
Däger,Ragnaros,96,warrior,arms,6,1,5
Smoogzz,Tichondrius,96,warrior,arms,6,1,5
Warrmachine,Scarlet Crusade,96,warrior,arms,6,1,5
Wmuuzh,Quel'Thalas,96,warrior,arms,12,1,11
Immortal,Icecrown,96,warrior,arms,6,1,5
Doriax,Sentinels,96,warrior,arms,6,1,5
Codey,Stormrage,96,warrior,arms,6,1,5
Adav,Arthas,96,warrior,arms,6,1,5
Tfd,Tichondrius,96,warrior,arms,6,1,5
Goywarr,Illidan,96,warrior,arms,6,1,5
Beastro,Rexxar,96,warrior,arms,6,1,5
Jazz,Frostwolf,96,warrior,arms,6,1,5
Berzerk,Dentarg,96,warrior,arms,12,1,11
Hergo,Spirestone,96,warrior,arms,6,1,5
Kargan,Thrall,96,warrior,arms,6,1,5
Fréäkk,Ragnaros,96,warrior,arms,6,1,5
Uub,Mal'Ganis,96,warrior,arms,6,1,5
Falkur,Aman'Thul,96,warrior,arms,12,1,11
Rokmok,Frostmane,79,warrior,arms,5,1,4
Warriorba,Tichondrius,48,warrior,arms,3,1,2
Shwutty,Stormrage,160,warrior,arms,10,3,7
Aotha,Moon Guard,96,warrior,arms,6,1,5
Droggo,Cenarius,96,warrior,arms,6,1,5
Zaraki,Moon Guard,0,warrior,arms,3,0,3
Neurötic,Ragnaros,0,warrior,arms,3,0,3
Liljon,Windrunner,0,warrior,arms,6,0,6
Ghostkin,Ragnaros,42,warrior,arms,7,2,5
Peekyblinder,Kil'jaeden,0,warrior,arms,4,0,4
Draann,Kirin Tor,96,warrior,arms,6,1,5
Lifaen,Zangarmarsh,96,warrior,arms,6,1,5
Vâlôr,Tichondrius,1808,warrior,arms,45,30,15
Buddhahood,Tichondrius,288,warrior,arms,6,3,3
Edrelang,Bronzebeard,191,warrior,arms,6,2,4
Clarityw,Illidan,128,warrior,arms,4,2,2
Nosors,Kel'Thuzad,128,warrior,arms,4,2,2
Ryuulion,Proudmoore,96,warrior,arms,3,2,1
Betsisword,Stormrage,96,warrior,arms,6,1,5
Darkromel,Quel'Thalas,96,warrior,arms,6,1,5
Gromhell,Azralon,96,warrior,arms,6,1,5
Notacop,Malygos,96,warrior,arms,6,1,5
Kboyrage,Sargeras,96,warrior,arms,6,1,5
Striphex,Trollbane,96,warrior,arms,6,1,5
Hadrum,Turalyon,96,warrior,arms,6,1,5
Deathislovê,Moonrunner,96,warrior,arms,6,1,5
Nelfmoehawk,Barthilas,96,warrior,arms,6,1,5
Jennatolls,Boulderfist,96,warrior,arms,6,1,5
Xalë,Tichondrius,96,warrior,arms,6,1,5
Wàrrðèémzý,Frostmourne,96,warrior,arms,6,1,5
Atomicboxer,Tichondrius,96,warrior,arms,6,1,5
Silverdeadl,Ragnaros,96,warrior,arms,6,1,5
Meleth,Darkspear,96,warrior,arms,6,1,5
Xeno,Steamwheedle Cartel,96,warrior,arms,6,1,5
Sosaw,Moon Guard,96,warrior,arms,6,1,5
Maxtavius,Baelgun,96,warrior,arms,6,1,5
Sangettsu,Stormrage,96,warrior,arms,8,1,7
Keringan,Stormrage,79,warrior,arms,5,1,4
Psykd,Arathor,79,warrior,arms,5,1,4
Thewarrior,Tichondrius,48,warrior,arms,3,1,2
Goodidea,Mannoroth,16,warrior,arms,1,1,0
Bestgrunt,Tichondrius,96,warrior,arms,6,1,5
Äléx,Frostmourne,96,warrior,arms,7,1,6
Tyrannus,Cho'gall,1683,warrior,arms,113,58,55
Áres,Spinebreaker,96,warrior,arms,6,1,5
Tappyz,Area 52,0,warrior,arms,12,0,12
Girthyslaps,Frostmourne,0,warrior,arms,6,0,6
Smashxx,Area 52,1816,warrior,arms,95,55,40
Doomreaprr,Hellscream,1330,warrior,arms,50,27,23
Glamen,Alleria,288,warrior,arms,12,3,9
Schecterguy,Area 52,192,warrior,arms,14,2,12
Wyerlyn,Illidan,159,warrior,arms,5,2,3
Sver,Dalaran,96,warrior,arms,6,1,5
Ghaladir,Area 52,96,warrior,arms,6,1,5
Rambovix,Tichondrius,96,warrior,arms,6,1,5
Warbomb,Thrall,96,warrior,arms,6,1,5
Ogrimir,Moon Guard,96,warrior,arms,9,1,8
Morlu,Alleria,96,warrior,arms,6,1,5
Mezw,Tichondrius,96,warrior,arms,6,1,5
Rage,Tanaris,96,warrior,arms,6,1,5
Abaton,Wyrmrest Accord,96,warrior,arms,6,1,5
Gärroshh,Ragnaros,96,warrior,arms,6,1,5
Racsorr,Ragnaros,96,warrior,arms,6,1,5
Mikachero,Ragnaros,96,warrior,arms,6,1,5
Elodié,Stormrage,96,warrior,arms,6,1,5
Noctrelor,Sargeras,96,warrior,arms,6,1,5
Nyaner,Quel'Thalas,96,warrior,arms,6,1,5
Joetempest,Azralon,96,warrior,arms,6,1,5
Selockclap,Bleeding Hollow,96,warrior,arms,6,1,5
Kado,Zuluhed,96,warrior,arms,6,1,5
Myc,Zul'jin,96,warrior,arms,6,1,5
Sweetlove,Akama,96,warrior,arms,6,1,5
Meelehard,Zul'jin,96,warrior,arms,12,1,11
Babyfelix,Tichondrius,96,warrior,arms,12,1,11
Njalulfhild,Korgath,0,warrior,arms,6,0,6
Drarn,Norgannon,96,warrior,arms,12,1,11
Sniperbeer,Sargeras,64,warrior,arms,4,1,3
Critnectar,Aggramar,48,warrior,arms,3,1,2
Mantiflash,Stormrage,31,warrior,arms,2,1,1
Flandiz,Sargeras,31,warrior,arms,2,1,1
Lagurtz,Ragnaros,0,warrior,arms,6,0,6
Grommasth,Jubei'Thos,0,warrior,arms,6,0,6
Sheerwill,Wyrmrest Accord,159,warrior,arms,8,3,5
Hexmaul,Zul'jin,31,warrior,arms,2,1,1
Chubw,Tichondrius,96,warrior,arms,6,1,5
Martrek,Aman'Thul,0,warrior,arms,3,0,3
Fatbarstard,Jubei'Thos,138,warrior,arms,16,3,13
Liiberator,Emerald Dream,573,warrior,arms,18,6,12
Hornsolo,Archimonde,175,warrior,arms,11,2,9
Hemmy,Kilrogg,175,warrior,arms,11,2,9
Liftedgainz,Stormreaver,144,warrior,arms,3,3,0
Stunahh,Bleeding Hollow,128,warrior,arms,4,2,2
Ivadell,Stormrage,96,warrior,arms,6,1,5
Einoch,Stormrage,96,warrior,arms,6,1,5
Shadowswar,Tichondrius,96,warrior,arms,6,1,5
Rarityw,Tichondrius,96,warrior,arms,6,1,5
Solsirrior,Tichondrius,96,warrior,arms,6,1,5
Cloudsmash,Arthas,96,warrior,arms,6,1,5
Dragginball,Garrosh,96,warrior,arms,6,1,5
Morotak,Area 52,96,warrior,arms,6,1,5
Airwick,Kel'Thuzad,96,warrior,arms,6,1,5
Shelbyqt,Azralon,0,warrior,arms,8,1,7
Nicrose,Hyjal,96,warrior,arms,6,1,5
Dikesrus,Tichondrius,96,warrior,arms,6,1,5
Yongvi,Tichondrius,96,warrior,arms,6,1,5
Blacken,Tichondrius,96,warrior,arms,6,1,5
Glonzito,Tichondrius,96,warrior,arms,6,1,5
Cursedogre,Tichondrius,96,warrior,arms,6,1,5
Dezeran,Tichondrius,96,warrior,arms,6,1,5
Edariana,Dalaran,96,warrior,arms,6,1,5
Nukefrmorbit,Dalaran,96,warrior,arms,6,1,5
Olavson,Proudmoore,96,warrior,arms,6,1,5
Maat,Blood Furnace,96,warrior,arms,8,1,7
Ruinsteel,Area 52,96,warrior,arms,8,1,7
Baozz,Frostmourne,96,warrior,arms,12,1,11
Hexenwolf,Moon Guard,79,warrior,arms,5,1,4
Foldrak,Quel'Thalas,48,warrior,arms,3,1,2
Tåra,Area 52,0,warrior,arms,6,0,6
Shyliar,Thrall,96,warrior,arms,6,1,5
Tehsuperhero,Norgannon,0,warrior,arms,3,1,2
Bigmagron,Azralon,96,warrior,arms,6,1,5
Shoresy,Korgath,96,warrior,arms,3,2,1
Okgotchax,Kel'Thuzad,96,warrior,arms,6,1,5
Jowesley,Azralon,105,warrior,arms,14,4,10
Uju,Lothar,96,warrior,arms,6,1,5
Släughter,Zul'jin,96,warrior,arms,6,1,5
Slayabunny,Icecrown,96,warrior,arms,6,1,5
Camphump,Moon Guard,766,warrior,arms,18,8,10
Rutroo,Kel'Thuzad,159,warrior,arms,5,2,3
Chawboks,Sargeras,144,warrior,arms,9,2,7
Rageface,Illidan,128,warrior,arms,4,2,2
Captnplague,Mug'thol,128,warrior,arms,5,2,3
Pyraei,Nordrassil,96,warrior,arms,12,1,11
Glurg,Illidan,96,warrior,arms,6,1,5
Warsung,Azgalor,96,warrior,arms,6,1,5
Didgeridoo,Stormrage,96,warrior,arms,6,1,5
Keynlor,Antonidas,96,warrior,arms,6,1,5
Blazeblade,Cenarius,96,warrior,arms,6,1,5
Funsize,Dalaran,96,warrior,arms,6,1,5
Shuffle,Velen,96,warrior,arms,6,1,5
Targha,Tichondrius,96,warrior,arms,6,1,5
Wäkko,Stormrage,96,warrior,arms,6,1,5
Mortalbtw,Tichondrius,96,warrior,arms,6,1,5
Jpiece,Tichondrius,96,warrior,arms,6,1,5
Felwariorkig,Tichondrius,96,warrior,arms,6,1,5
Warstun,Tichondrius,96,warrior,arms,6,1,5
Talunus,Tichondrius,96,warrior,arms,6,1,5
Odiiragda,Sargeras,96,warrior,arms,6,1,5
Paveyourcave,Sargeras,96,warrior,arms,6,1,5
Rogswar,Sargeras,96,warrior,arms,6,1,5
Fidelwar,Bleeding Hollow,96,warrior,arms,6,1,5
Vitalocity,Frostmourne,96,warrior,arms,6,1,5
Angryorc,Norgannon,96,warrior,arms,6,1,5
Hazzak,Quel'Thalas,96,warrior,arms,12,1,11
Morkep,Stormrage,96,warrior,arms,12,1,11
Honoriowar,Nemesis,96,warrior,arms,12,1,11
Smashpatatas,Proudmoore,64,warrior,arms,4,1,3
Kothal,Thrall,63,warrior,arms,2,2,0
Anvil,Bronzebeard,63,warrior,arms,2,2,0
Mauboro,Azralon,48,warrior,arms,3,1,2
Åcé,Ragnaros,48,warrior,arms,9,1,8
Flus,Zul'jin,31,warrior,arms,2,1,1
Gavrien,Wyrmrest Accord,96,warrior,arms,6,1,5
Altharos,Drakkari,0,warrior,arms,6,0,6
Notzyeal,Area 52,96,warrior,arms,6,1,5
Vethronis,Dalaran,96,warrior,arms,6,1,5
Smashr,Tichondrius,96,warrior,arms,9,2,7
Harthan,Stormscale,0,warrior,arms,12,0,12
Rexxunos,Ragnaros,0,warrior,arms,10,1,9
Garagedays,Area 52,96,warrior,arms,6,1,5
Agram,Alleria,0,warrior,arms,6,0,6
Sickwar,Emerald Dream,96,warrior,arms,12,1,11
Finana,Illidan,0,warrior,arms,1,0,1
Chóps,Quel'Thalas,191,warrior,arms,6,2,4
Hypëriøn,Bleeding Hollow,96,warrior,arms,6,1,5
Tour,Proudmoore,160,warrior,arms,10,2,8
Zîppyx,Tichondrius,159,warrior,arms,5,2,3
Leshak,Tichondrius,159,warrior,arms,5,2,3
Dösiërx,Area 52,138,warrior,arms,9,3,6
Ranikmurr,Moon Guard,96,warrior,arms,3,2,1
Darthkrull,Ragnaros,96,warrior,arms,3,2,1
Warriorlover,Stormrage,96,warrior,arms,6,1,5
Radenos,Proudmoore,96,warrior,arms,6,1,5
Iscylicene,Tichondrius,96,warrior,arms,6,1,5
Wrex,Bleeding Hollow,96,warrior,arms,6,1,5
Skrtcobain,Moon Guard,96,warrior,arms,6,1,5
Thiq,Proudmoore,96,warrior,arms,6,1,5
Tagaash,Azralon,96,warrior,arms,6,1,5
Serakur,Emerald Dream,96,warrior,arms,6,1,5
Forsake,Daggerspine,96,warrior,arms,6,1,5
Elryth,Ragnaros,96,warrior,arms,6,1,5
Tømy,Quel'Thalas,96,warrior,arms,6,1,5
Kaysin,Sargeras,96,warrior,arms,6,1,5
Clêaved,Darkspear,16,warrior,arms,1,1,0
Andreas,Quel'Thalas,0,warrior,arms,2,0,2
Executed,Blackhand,0,warrior,arms,6,0,6
Feetpicsx,Tichondrius,96,warrior,arms,6,1,5
Myrä,Kel'Thuzad,0,warrior,arms,6,0,6
Sánsón,Illidan,96,warrior,arms,6,1,5
Warriorworth,Stormrage,128,warrior,arms,4,2,2
Haytham,Kil'jaeden,96,warrior,arms,6,1,5
Giganos,Emerald Dream,96,warrior,arms,6,1,5
Barrahcouta,Barthilas,96,warrior,arms,6,1,5
Deventodd,Moon Guard,96,warrior,arms,6,1,5
Cdjr,Mal'Ganis,96,warrior,arms,6,1,5
Samacus,Moon Guard,96,warrior,arms,6,1,5
Gæbe,Moon Guard,96,warrior,arms,6,1,5
Torthak,Area 52,0,warrior,arms,3,1,2
Slambiggly,Tichondrius,0,warrior,arms,6,0,6
Iloveremi,Sargeras,384,warrior,arms,6,4,2
Rezsicknéss,Eonar,191,warrior,arms,6,2,4
Arthíc,Ragnaros,42,warrior,arms,8,2,6
