name,realm,rating,cls,spec,play,win,lose
Phearbunny,bleeding-hollow,1523,deathknight,blood,60,31,29
Pagumon,moon-guard,1144,deathknight,blood,60,23,37
Bloodbukkaky,bleeding-hollow,1046,deathknight,blood,30,11,19
Tragül,sargeras,1039,deathknight,blood,30,14,16
Valind,eredar,854,deathknight,blood,18,9,9
Insonne,dalaran,837,deathknight,blood,18,9,9
Blasphemus,malganis,575,deathknight,blood,12,6,6
Tristam,area-52,384,deathknight,blood,6,4,2
ßläzë,baelgun,288,deathknight,blood,15,4,11
Kimbøslîce,area-52,288,deathknight,blood,12,3,9
Cerbeefquake,wyrmrest-accord,192,deathknight,blood,6,2,4
Unhølydøøm,misha,191,deathknight,blood,12,2,10
Nbayoungboy,kiljaeden,96,deathknight,blood,6,1,5
Lunatick,darkspear,96,deathknight,blood,6,1,5
Cozzasad,barthilas,96,deathknight,blood,6,1,5
Gnargnarr,firetree,96,deathknight,blood,6,1,5
Hulmorr,bleeding-hollow,64,deathknight,blood,4,1,3
Zerhistran,proudmoore,64,deathknight,blood,4,1,3
Pwaff,illidan,2125,deathknight,unholy,89,45,44
Spaidzz,malganis,2107,deathknight,unholy,134,70,64
Neroxz,area-52,2105,deathknight,unholy,83,43,40
Partywaffles,illidan,2046,deathknight,unholy,128,66,62
Qipara,zuljin,2044,deathknight,unholy,92,49,43
Níngjìng,tichondrius,2041,deathknight,unholy,78,41,37
Juelzjerk,tichondrius,2010,deathknight,unholy,60,36,24
Graphics,moon-guard,2007,deathknight,unholy,274,136,138
Scriptløl,sargeras,1975,deathknight,unholy,138,66,72
Brutos,thrall,1939,deathknight,unholy,80,47,33
Vineyard,area-52,1919,deathknight,unholy,149,73,76
Cavaliers,ragnaros,1917,deathknight,unholy,60,31,29
Roidboy,illidan,1917,deathknight,unholy,91,44,47
Toxicwaste,malganis,1916,deathknight,unholy,64,29,35
Mårlbørø,tichondrius,1915,deathknight,unholy,41,21,20
Darkdj,kelthuzad,1914,deathknight,unholy,73,34,39
Éternalnight,tichondrius,1913,deathknight,unholy,76,32,44
Zynyzter,malganis,1912,deathknight,unholy,72,41,31
Wøund,black-dragonflight,1911,deathknight,unholy,136,73,63
Veilsidé,kelthuzad,1910,deathknight,unholy,250,125,125
Geomdae,tichondrius,1901,deathknight,unholy,71,31,40
Chillb,deathwing,1900,deathknight,unholy,89,50,39
Bruceleedk,tichondrius,1896,deathknight,unholy,82,44,38
Plagueflavor,tichondrius,1876,deathknight,unholy,151,77,74
Ilceses,area-52,1870,deathknight,unholy,66,29,37
Iato,sargeras,1868,deathknight,unholy,60,39,21
Brandonsdk,tichondrius,1867,deathknight,unholy,54,29,25
Flarkness,area-52,1864,deathknight,unholy,60,28,32
Drauguss,azralon,1860,deathknight,unholy,106,53,53
Lattè,area-52,1859,deathknight,unholy,55,30,25
Bloodbruh,blackrock,1854,deathknight,unholy,60,34,26
Morbiddesire,stormrage,1849,deathknight,unholy,87,49,38
Didri,quelthalas,1846,deathknight,unholy,72,34,38
Sinell,kargath,1841,deathknight,unholy,103,60,43
Achílles,sargeras,1838,deathknight,unholy,157,71,86
Riddles,maiev,1837,deathknight,unholy,119,64,55
Blackfyré,sargeras,1837,deathknight,unholy,62,32,30
Haldevarik,doomhammer,1834,deathknight,unholy,78,43,35
Kilohotel,stormrage,1832,deathknight,unholy,36,22,14
Orphanmakerx,area-52,1832,deathknight,unholy,123,60,63
Aurious,lightnings-blade,1830,deathknight,unholy,84,47,37
Kortingert,nagrand,1830,deathknight,unholy,59,33,26
Anatøly,ragnaros,1827,deathknight,unholy,42,21,21
Sadboy,grizzly-hills,1822,deathknight,unholy,65,27,38
Milleh,bleeding-hollow,1821,deathknight,unholy,48,21,27
Serwestley,stormrage,1820,deathknight,unholy,59,31,28
Kciktep,tichondrius,1819,deathknight,unholy,36,19,17
Barelyviable,tichondrius,1818,deathknight,unholy,60,27,33
Flizzycash,malganis,1816,deathknight,unholy,56,27,29
Hrsb,tichondrius,1809,deathknight,unholy,60,36,24
Warrcc,steamwheedle-cartel,1809,deathknight,unholy,48,24,24
Infectik,tichondrius,1807,deathknight,unholy,59,35,24
Necrôtic,area-52,1806,deathknight,unholy,76,35,41
Kaeligh,ragnaros,1803,deathknight,unholy,66,29,37
Zìlêán,tichondrius,1800,deathknight,unholy,70,39,31
Starshopping,proudmoore,1800,deathknight,unholy,37,20,17
Dkya,tichondrius,1798,deathknight,unholy,136,65,71
Goonà,tichondrius,1791,deathknight,unholy,48,23,25
Õdin,area-52,1786,deathknight,unholy,115,57,58
Nevmic,emerald-dream,1783,deathknight,unholy,68,34,34
Áethros,malganis,1778,deathknight,unholy,96,44,52
Mûs,tichondrius,1777,deathknight,unholy,60,32,28
Thorediks,stormrage,1777,deathknight,unholy,54,27,27
Twindleroot,aggramar,1775,deathknight,unholy,53,32,21
Skippee,tichondrius,1775,deathknight,unholy,54,24,30
Grimiz,tichondrius,1774,deathknight,unholy,145,71,74
Bedstains,thunderlord,1772,deathknight,unholy,60,35,25
Demonboyjr,tichondrius,1766,deathknight,unholy,75,31,44
Ziskon,illidan,1764,deathknight,unholy,66,34,32
Jakeboyswag,shandris,1763,deathknight,unholy,99,49,50
Apøçálýpsé,firetree,1761,deathknight,unholy,67,35,32
Boneyards,bleeding-hollow,1758,deathknight,unholy,84,36,48
Nixonxx,tichondrius,1755,deathknight,unholy,64,40,24
Poesoul,tichondrius,1755,deathknight,unholy,96,46,50
Daoniancc,tichondrius,1752,deathknight,unholy,98,55,43
Catarïa,tichondrius,1752,deathknight,unholy,60,28,32
Xiaodabaolol,tichondrius,1751,deathknight,unholy,48,26,22
Ludgan,stormrage,1751,deathknight,unholy,114,57,57
Standalizer,gilneas,1745,deathknight,unholy,72,40,32
Carryme,quelthalas,1742,deathknight,unholy,92,45,47
Aerd,sargeras,1738,deathknight,unholy,148,72,76
Hwml,barthilas,1732,deathknight,unholy,63,36,27
Xebane,frostmourne,1728,deathknight,unholy,276,143,133
Arroyo,borean-tundra,1724,deathknight,unholy,54,29,25
Azhid,tichondrius,1719,deathknight,unholy,106,54,52
Noik,azralon,1707,deathknight,unholy,75,36,39
Azre,tichondrius,1699,deathknight,unholy,102,42,60
Ermanotruta,azralon,1698,deathknight,unholy,60,27,33
Imadkloldie,frostmourne,1690,deathknight,unholy,84,44,40
Aldebamuu,ragnaros,1687,deathknight,unholy,30,19,11
Yubell,barthilas,1686,deathknight,unholy,143,73,70
Cesaroo,aegwynn,1686,deathknight,unholy,58,26,32
Kwolve,proudmoore,1684,deathknight,unholy,159,81,78
Blacklabel,andorhal,1675,deathknight,unholy,72,31,41
Avengering,tichondrius,1673,deathknight,unholy,39,22,17
Dialysis,emerald-dream,1673,deathknight,unholy,107,58,49
Dunduner,tichondrius,1672,deathknight,unholy,90,44,46
Kinkysgnome,tichondrius,1672,deathknight,unholy,78,33,45
Nalz,drakkari,1670,deathknight,unholy,102,53,49
Spacealien,malganis,1667,deathknight,unholy,42,23,19
Grimmdreamer,stormrage,1667,deathknight,unholy,64,32,32
Krargosh,quelthalas,1666,deathknight,unholy,120,64,56
Slty,tichondrius,1664,deathknight,unholy,42,18,24
Soulhand,tichondrius,1662,deathknight,unholy,46,23,23
Asheravon,moon-guard,1661,deathknight,unholy,173,85,88
Mephostophel,sargeras,1656,deathknight,unholy,66,35,31
Ståtìc,tichondrius,1656,deathknight,unholy,54,28,26
Xhoul,sargeras,1650,deathknight,unholy,81,49,32
Merados,quelthalas,1646,deathknight,unholy,73,27,46
Vexxan,thrall,1644,deathknight,unholy,41,23,18
Properterps,bonechewer,1643,deathknight,unholy,104,58,46
Krätos,zuljin,1642,deathknight,unholy,30,19,11
Tkyo,tichondrius,1638,deathknight,unholy,41,18,23
Vynox,frostmourne,1637,deathknight,unholy,56,27,29
Muspellheim,azralon,1633,deathknight,unholy,42,21,21
Justafkdk,gorefiend,1632,deathknight,unholy,60,29,31
Mortarîon,moon-guard,1631,deathknight,unholy,78,42,36
Kakarotó,azralon,1629,deathknight,unholy,53,30,23
Søad,quelthalas,1628,deathknight,unholy,40,25,15
Giznator,malganis,1628,deathknight,unholy,84,39,45
Paratekdk,thrall,1625,deathknight,unholy,71,39,32
Megatroun,stormreaver,1625,deathknight,unholy,42,23,19
Bladê,tichondrius,1624,deathknight,unholy,61,26,35
Nabbiby,tichondrius,1622,deathknight,unholy,30,17,13
Kjarnda,malganis,1620,deathknight,unholy,42,18,24
Huuzzha,tichondrius,1618,deathknight,unholy,58,33,25
Wheatasil,garona,1618,deathknight,unholy,64,33,31
Nevermore,hyjal,1617,deathknight,unholy,71,32,39
Harókz,azralon,1616,deathknight,unholy,41,20,21
Kurnoth,barthilas,1616,deathknight,unholy,50,23,27
Altareon,ragnaros,1615,deathknight,unholy,96,45,51
Ligmagooch,tichondrius,1614,deathknight,unholy,57,29,28
Orkky,jubeithos,1614,deathknight,unholy,98,48,50
Boofcigars,sargeras,1612,deathknight,unholy,42,21,21
Rezøk,ragnaros,1612,deathknight,unholy,54,20,34
Ðogmá,vashj,1610,deathknight,unholy,35,22,13
Ousted,daggerspine,1608,deathknight,unholy,36,20,16
Rhaeisxalnym,sargeras,1608,deathknight,unholy,57,31,26
Hooterzqt,tichondrius,1607,deathknight,unholy,62,28,34
Unholykevin,sargeras,1604,deathknight,unholy,42,21,21
Dominos,tichondrius,1604,deathknight,unholy,42,20,22
Azynks,azralon,1604,deathknight,unholy,90,39,51
Idodamn,tichondrius,1603,deathknight,unholy,84,45,39
Wednesdæ,moon-guard,1603,deathknight,unholy,54,28,26
Voncleaver,tichondrius,1603,deathknight,unholy,64,20,44
Drpepp,bleeding-hollow,1602,deathknight,unholy,107,59,48
Nofoamlattes,thrall,1602,deathknight,unholy,42,19,23
Puppykisses,perenolde,1602,deathknight,unholy,83,35,48
Dâki,blades-edge,1601,deathknight,unholy,24,17,7
Døømhøund,tichondrius,1600,deathknight,unholy,30,17,13
Typhøn,illidan,1600,deathknight,unholy,76,41,35
Zerhistran,proudmoore,1597,deathknight,unholy,203,102,101
Ðomìnus,moon-guard,1596,deathknight,unholy,60,35,25
Kellydean,moon-guard,1596,deathknight,unholy,42,23,19
Devillele,proudmoore,1595,deathknight,unholy,48,24,24
Khaíne,wyrmrest-accord,1592,deathknight,unholy,85,43,42
Telrenaur,proudmoore,1587,deathknight,unholy,42,22,20
Boofcigars,kelthuzad,1583,deathknight,unholy,53,27,26
Nøsfferatus,azralon,1580,deathknight,unholy,41,22,19
Frostbite,the-venture-co,1577,deathknight,unholy,84,48,36
Ravindrannor,saurfang,1574,deathknight,unholy,41,20,21
Zìlêáns,tichondrius,1572,deathknight,unholy,30,20,10
Kenishii,kiljaeden,1572,deathknight,unholy,30,19,11
Kaaizer,azralon,1572,deathknight,unholy,120,68,52
Landez,ragnaros,1571,deathknight,unholy,42,23,19
Obedient,firetree,1568,deathknight,unholy,84,52,32
Komplex,kelthuzad,1567,deathknight,unholy,36,20,16
Lichtborne,illidan,1564,deathknight,unholy,61,24,37
Wastethis,sargeras,1556,deathknight,unholy,59,31,28
Siphilusxo,dalaran,1551,deathknight,unholy,36,20,16
Nokenoke,illidan,1551,deathknight,unholy,57,29,28
Demonnation,illidan,1550,deathknight,unholy,54,20,34
Ulísés,ragnaros,1549,deathknight,unholy,46,17,29
Takeoverr,ragnaros,1546,deathknight,unholy,36,27,9
Kalgor,illidan,1544,deathknight,unholy,90,46,44
Zerøimperial,quelthalas,1543,deathknight,unholy,118,55,63
Nymppho,kelthuzad,1541,deathknight,unholy,60,19,41
Raps,frostmourne,1538,deathknight,unholy,44,17,27
Fadedlight,zuljin,1534,deathknight,unholy,84,42,42
Släke,azralon,1533,deathknight,unholy,90,45,45
Chachio,kiljaeden,1532,deathknight,unholy,30,16,14
Arktoz,tichondrius,1531,deathknight,unholy,30,16,14
Xibbas,illidan,1530,deathknight,unholy,24,16,8
Deuter,quelthalas,1529,deathknight,unholy,117,58,59
Kindaholy,malganis,1528,deathknight,unholy,23,17,6
Lùcius,garrosh,1527,deathknight,unholy,79,40,39
Biefeile,tichondrius,1526,deathknight,unholy,40,18,22
Toophus,sargeras,1523,deathknight,unholy,68,31,37
Tigs,proudmoore,1522,deathknight,unholy,108,56,52
Aradorn,azralon,1522,deathknight,unholy,95,46,49
Ullísés,ragnaros,1521,deathknight,unholy,33,17,16
Mèrc,ragnaros,1521,deathknight,unholy,53,25,28
Fasterjake,sargeras,1516,deathknight,unholy,62,31,31
Dóm,proudmoore,1516,deathknight,unholy,66,29,37
Zedsdead,mannoroth,1514,deathknight,unholy,24,16,8
Apocxo,lightnings-blade,1514,deathknight,unholy,47,23,24
Deathzpeckt,tichondrius,1513,deathknight,unholy,36,17,19
Lazarise,area-52,1513,deathknight,unholy,36,16,20
Dexarax,norgannon,1505,deathknight,unholy,87,49,38
Urieen,gorefiend,1505,deathknight,unholy,77,43,34
Kuwarerubana,proudmoore,1504,deathknight,unholy,56,30,26
Arc,maiev,1504,deathknight,unholy,81,31,50
Hhasaki,area-52,1500,deathknight,unholy,117,60,57
Axeldrion,tichondrius,1499,deathknight,unholy,35,17,18
Abroham,arthas,1498,deathknight,unholy,59,30,29
Câpîrota,nemesis,1498,deathknight,unholy,46,23,23
Gottajuice,moonrunner,1494,deathknight,unholy,51,28,23
Starms,ragnaros,1492,deathknight,unholy,54,25,29
Gankstagrip,anvilmar,1491,deathknight,unholy,49,26,23
Ghoulslasher,bleeding-hollow,1490,deathknight,unholy,56,25,31
Kcorides,tichondrius,1488,deathknight,unholy,49,28,21
Jaxxftw,azralon,1482,deathknight,unholy,42,25,17
Saighast,illidan,1482,deathknight,unholy,66,36,30
Corrpsse,tichondrius,1481,deathknight,unholy,145,77,68
Zaluster,malganis,1479,deathknight,unholy,143,72,71
Nialich,kelthuzad,1476,deathknight,unholy,41,16,25
Zuly,moon-guard,1474,deathknight,unholy,101,52,49
Brisblade,shattered-hand,1468,deathknight,unholy,42,23,19
Beeftip,area-52,1467,deathknight,unholy,42,20,22
Emopalli,tichondrius,1467,deathknight,unholy,60,27,33
Promotheseis,sargeras,1463,deathknight,unholy,30,18,12
Risottonero,kelthuzad,1462,deathknight,unholy,48,25,23
Vazarus,darrowmere,1459,deathknight,unholy,54,26,28
Takeurcheeks,tichondrius,1458,deathknight,unholy,83,35,48
Rk,blackhand,1457,deathknight,unholy,97,58,39
Allhejluya,illidan,1449,deathknight,unholy,199,101,98
Bellum,moon-guard,1449,deathknight,unholy,42,20,22
Balboskina,shattered-hand,1448,deathknight,unholy,70,36,34
Volcolm,kelthuzad,1445,deathknight,unholy,48,26,22
Gilden,malfurion,1445,deathknight,unholy,62,28,34
Tracyminaj,tichondrius,1445,deathknight,unholy,60,27,33
Breadtruck,area-52,1445,deathknight,unholy,70,29,41
Zaxrree,malganis,1442,deathknight,unholy,42,26,16
Bloodramen,dalaran,1442,deathknight,unholy,211,110,101
Daethiel,demon-soul,1441,deathknight,unholy,35,16,19
Sammåel,malganis,1438,deathknight,unholy,30,17,13
Tronnie,kelthuzad,1434,deathknight,unholy,54,27,27
Ningjinglol,tichondrius,1434,deathknight,unholy,30,15,15
Exin,cenarion-circle,1432,deathknight,unholy,24,15,9
Genjírou,frostwolf,1430,deathknight,unholy,72,33,39
Fatzilla,tichondrius,1430,deathknight,unholy,48,15,33
Cardii,area-52,1429,deathknight,unholy,40,16,24
Darknessice,tichondrius,1427,deathknight,unholy,54,32,22
Anexdk,korgath,1423,deathknight,unholy,24,15,9
Darkunral,stormrage,1421,deathknight,unholy,74,32,42
Sannistus,ysera,1420,deathknight,unholy,97,43,54
Fellenn,stormrage,1417,deathknight,unholy,138,75,63
Subparatbest,chogall,1414,deathknight,unholy,30,15,15
Fuzzknight,ravenholdt,1414,deathknight,unholy,30,15,15
Reinhartlol,sargeras,1411,deathknight,unholy,81,38,43
Burbash,moon-guard,1410,deathknight,unholy,30,15,15
Shélly,ragnaros,1409,deathknight,unholy,47,25,22
Läskö,area-52,1404,deathknight,unholy,31,21,10
Sgtdead,thrall,1400,deathknight,unholy,36,21,15
Unholyfish,malganis,1398,deathknight,unholy,85,40,45
Pmpfrmdwntwn,stormrage,1395,deathknight,unholy,36,15,21
Paíín,illidan,1387,deathknight,unholy,48,21,27
Plagueghoul,wyrmrest-accord,1384,deathknight,unholy,74,38,36
Warstompgød,tichondrius,1383,deathknight,unholy,30,15,15
Putrefactive,frostmourne,1381,deathknight,unholy,75,36,39
Fugs,ghostlands,1380,deathknight,unholy,50,26,24
Deezwaz,draka,1379,deathknight,unholy,34,16,18
Knownkilla,hyjal,1378,deathknight,unholy,42,25,17
Halvôr,moon-guard,1377,deathknight,unholy,72,38,34
Grimnuts,thrall,1376,deathknight,unholy,30,15,15
Banjingquan,tichondrius,1375,deathknight,unholy,42,21,21
Sparklekitty,illidan,1374,deathknight,unholy,24,16,8
Greeasy,bleeding-hollow,1374,deathknight,unholy,41,23,18
Mazey,moon-guard,1373,deathknight,unholy,169,88,81
Redbr,tichondrius,1372,deathknight,unholy,30,15,15
Hornpipe,borean-tundra,1364,deathknight,unholy,72,32,40
Waremoto,ragnaros,1361,deathknight,unholy,63,38,25
Hatreon,sargeras,1358,deathknight,unholy,24,16,8
Belegos,quelthalas,1357,deathknight,unholy,67,31,36
Bumbleton,blackrock,1349,deathknight,unholy,45,24,21
Dethcro,shandris,1343,deathknight,unholy,93,47,46
Deathofchaos,smolderthorn,1343,deathknight,unholy,41,16,25
Nevarro,lightbringer,1342,deathknight,unholy,162,83,79
Tailm,ragnaros,1339,deathknight,unholy,24,14,10
Tötenkaiser,quelthalas,1337,deathknight,unholy,30,14,16
Ântipaladin,arthas,1335,deathknight,unholy,46,19,27
Zeban,area-52,1334,deathknight,unholy,78,36,42
Bannedforevr,dalaran,1334,deathknight,unholy,36,14,22
Fiddleop,thrall,1333,deathknight,unholy,24,14,10
Negril,tichondrius,1332,deathknight,unholy,78,38,40
Regiknight,stormrage,1330,deathknight,unholy,47,29,18
Rekbari,sargeras,1325,deathknight,unholy,24,15,9
Stangz,bonechewer,1322,deathknight,unholy,36,14,22
Earador,dalaran,1321,deathknight,unholy,30,15,15
Mords,area-52,1321,deathknight,unholy,30,14,16
Alexeous,wyrmrest-accord,1319,deathknight,unholy,78,39,39
Ñovacaine,moon-guard,1304,deathknight,unholy,56,26,30
Gwiffhm,tichondrius,1304,deathknight,unholy,40,14,26
Kallgìn,emerald-dream,1299,deathknight,unholy,36,15,21
Bloodyloco,malganis,1295,deathknight,unholy,47,26,21
Soulhuntress,doomhammer,1292,deathknight,unholy,85,46,39
Wndypefrcorn,sargeras,1290,deathknight,unholy,25,16,9
Deliriioh,ragnaros,1282,deathknight,unholy,54,29,25
Wryu,malganis,1277,deathknight,unholy,23,14,9
Ometecuhtli,kelthuzad,1273,deathknight,unholy,60,35,25
Kromgarath,stormrage,1271,deathknight,unholy,60,28,32
Unleud,tichondrius,1260,deathknight,unholy,36,21,15
Nukydoe,azralon,1260,deathknight,unholy,42,19,23
Unhølydøøm,misha,1258,deathknight,unholy,72,37,35
Ownaron,moon-guard,1249,deathknight,unholy,45,24,21
Magipierrot,ragnaros,1249,deathknight,unholy,50,25,25
Unrealzrotz,tichondrius,1248,deathknight,unholy,30,19,11
Pettyk,tichondrius,1248,deathknight,unholy,24,13,11
Clowngodx,illidan,1247,deathknight,unholy,24,13,11
Buldrokastee,tichondrius,1247,deathknight,unholy,36,13,23
Möchi,ragnaros,1246,deathknight,unholy,63,32,31
Lovedaddy,frostmourne,1242,deathknight,unholy,30,13,17
Rhaenyrà,tichondrius,1239,deathknight,unholy,24,14,10
Flavorchops,kelthuzad,1238,deathknight,unholy,36,13,23
Seranta,wyrmrest-accord,1238,deathknight,unholy,36,13,23
Coffïnfeeder,dalaran,1237,deathknight,unholy,54,21,33
Neipum,stormrage,1234,deathknight,unholy,18,13,5
Madmaxxy,barthilas,1234,deathknight,unholy,69,30,39
Thenin,crushridge,1233,deathknight,unholy,18,13,5
Deathpool,shadowmoon,1231,deathknight,unholy,36,13,23
Lorð,malganis,1223,deathknight,unholy,36,19,17
Potatobob,dalaran,1222,deathknight,unholy,30,13,17
Killerundead,area-52,1221,deathknight,unholy,33,14,19
Gatrars,sargeras,1220,deathknight,unholy,66,30,36
Asylïthcc,sargeras,1213,deathknight,unholy,18,13,5
Drowhd,nemesis,1207,deathknight,unholy,54,25,29
Shargan,tichondrius,1204,deathknight,unholy,60,29,31
Golurun,tichondrius,1197,deathknight,unholy,25,15,10
Heärt,bleeding-hollow,1192,deathknight,unholy,38,15,23
Vampirecarti,tichondrius,1190,deathknight,unholy,26,15,11
Sne,dragonmaw,1180,deathknight,unholy,30,17,13
Treikorh,quelthalas,1174,deathknight,unholy,130,55,75
Darktrinnity,nemesis,1173,deathknight,unholy,35,20,15
Mmrhostage,kelthuzad,1165,deathknight,unholy,30,14,16
Druncker,blackrock,1161,deathknight,unholy,42,16,26
Oql,tichondrius,1152,deathknight,unholy,24,12,12
Diviniumx,bleeding-hollow,1152,deathknight,unholy,27,13,14
Divinium,bleeding-hollow,1152,deathknight,unholy,30,12,18
Bukum,zuljin,1151,deathknight,unholy,36,12,24
Kryptikkyt,blackrock,1150,deathknight,unholy,30,12,18
Auniel,gorefiend,1150,deathknight,unholy,30,12,18
Originalcimm,stormrage,1149,deathknight,unholy,30,12,18
Vesel,tichondrius,1149,deathknight,unholy,36,12,24
Arcticc,area-52,1148,deathknight,unholy,30,12,18
Oldskul,sargeras,1146,deathknight,unholy,34,17,17
Kehin,azralon,1144,deathknight,unholy,70,29,41
Tiansama,ragnaros,1143,deathknight,unholy,18,12,6
Skeleton,lightnings-blade,1141,deathknight,unholy,33,13,20
Rognarash,emerald-dream,1139,deathknight,unholy,24,12,12
Wrothgarr,stormreaver,1125,deathknight,unholy,24,12,12
Toroandmoi,area-52,1121,deathknight,unholy,24,12,12
Darktone,tichondrius,1118,deathknight,unholy,23,12,11
Unhøøly,nemesis,1116,deathknight,unholy,24,12,12
Mercysparx,thrall,1115,deathknight,unholy,24,13,11
Alphabro,zuluhed,1108,deathknight,unholy,36,19,17
Polydeuces,queldorei,1091,deathknight,unholy,60,23,37
Anonymousix,kelthuzad,1090,deathknight,unholy,23,12,11
Beanboyx,tichondrius,1085,deathknight,unholy,22,12,10
Kanthrix,illidan,1084,deathknight,unholy,32,12,20
Frostcleave,emerald-dream,1079,deathknight,unholy,18,13,5
Maligned,uldum,1076,deathknight,unholy,31,13,18
Kayzark,tichondrius,1069,deathknight,unholy,24,16,8
Zaelize,sargeras,1065,deathknight,unholy,48,21,27
Sagadk,hyjal,1056,deathknight,unholy,18,11,7
Ragsec,bleeding-hollow,1056,deathknight,unholy,18,11,7
Barakhenaku,illidan,1056,deathknight,unholy,18,11,7
Steamerboy,stormrage,1056,deathknight,unholy,18,11,7
Tduggylolz,tichondrius,1056,deathknight,unholy,24,11,13
Bhyrnam,ragnaros,1054,deathknight,unholy,36,11,25
Sommeliergg,stormrage,1053,deathknight,unholy,18,11,7
Coffeebagel,bleeding-hollow,1053,deathknight,unholy,31,11,20
Deathboost,stormrage,1053,deathknight,unholy,36,11,25
Omegaseven,gorgonnash,1050,deathknight,unholy,84,42,42
Any,the-venture-co,1050,deathknight,unholy,24,11,13
Draenor,shadowmoon,1049,deathknight,unholy,18,11,7
Fallen,nazjatar,1048,deathknight,unholy,18,11,7
Bazzingaxd,hyjal,1044,deathknight,unholy,36,21,15
Lazta,azralon,1044,deathknight,unholy,40,17,23
Tenóry,nemesis,1044,deathknight,unholy,36,11,25
Raíndrop,tichondrius,1043,deathknight,unholy,30,11,19
Edhral,ragnaros,1033,deathknight,unholy,24,11,13
Deathnorris,zuljin,1026,deathknight,unholy,80,38,42
Plaguebreak,darrowmere,1023,deathknight,unholy,36,22,14
Mordekaiseer,azralon,1016,deathknight,unholy,106,51,55
Carecaa,azralon,1006,deathknight,unholy,26,11,15
Exequias,zuljin,996,deathknight,unholy,18,11,7
Azibar,moon-guard,990,deathknight,unholy,17,11,6
Vaske,azjolnerub,963,deathknight,unholy,55,20,35
Vaizard,malganis,960,deathknight,unholy,18,10,8
Ragrek,bleeding-hollow,960,deathknight,unholy,24,10,14
Rängi,caelestrasz,960,deathknight,unholy,78,26,52
Hotdk,thrall,960,deathknight,unholy,30,10,20
Youngmoneyyd,illidan,959,deathknight,unholy,12,10,2
Moonjae,illidan,959,deathknight,unholy,18,10,8
Chalamander,tichondrius,959,deathknight,unholy,18,10,8
Loongdk,kiljaeden,959,deathknight,unholy,18,10,8
Deathbloss,illidan,959,deathknight,unholy,20,11,9
Emarose,illidan,959,deathknight,unholy,24,10,14
Galaxyboom,tichondrius,958,deathknight,unholy,12,10,2
Reapsouls,stormrage,958,deathknight,unholy,13,10,3
Aldoraenna,illidan,957,deathknight,unholy,24,10,14
Yamanji,wyrmrest-accord,956,deathknight,unholy,18,10,8
Arthyius,kiljaeden,956,deathknight,unholy,30,10,20
Gobaiakun,proudmoore,955,deathknight,unholy,18,10,8
Mëlødy,quelthalas,955,deathknight,unholy,18,10,8
Deathafter,tichondrius,948,deathknight,unholy,24,10,14
Thaylenaar,eredar,947,deathknight,unholy,18,10,8
Mandrágor,quelthalas,946,deathknight,unholy,24,10,14
Muffinstomp,eredar,927,deathknight,unholy,24,10,14
Dûsk,thunderlord,924,deathknight,unholy,29,10,19
Grayfoxx,twisting-nether,909,deathknight,unholy,23,10,13
Zareon,zuluhed,876,deathknight,unholy,24,12,12
Dandandor,muradin,876,deathknight,unholy,38,17,21
Deathstrikex,tichondrius,864,deathknight,unholy,12,9,3
Earthican,bleeding-hollow,864,deathknight,unholy,12,9,3
Nerfdklul,illidan,864,deathknight,unholy,12,9,3
Linyive,malganis,864,deathknight,unholy,18,9,9
Brocigar,tichondrius,864,deathknight,unholy,18,9,9
Brß,tichondrius,864,deathknight,unholy,18,9,9
Rxzo,frostmourne,864,deathknight,unholy,18,9,9
Pooseunpoose,velen,864,deathknight,unholy,18,9,9
Dill,madoran,864,deathknight,unholy,24,9,15
Datnai,barthilas,864,deathknight,unholy,24,9,15
Fortissax,area-52,864,deathknight,unholy,30,9,21
Marixoxo,kelthuzad,863,deathknight,unholy,12,9,3
Catena,blood-furnace,863,deathknight,unholy,18,9,9
Vynlerran,skullcrusher,862,deathknight,unholy,18,9,9
Unknowndk,kul-tiras,862,deathknight,unholy,24,9,15
Gerometal,ragnaros,862,deathknight,unholy,24,9,15
Runeswanson,area-52,861,deathknight,unholy,18,9,9
Luckyson,tichondrius,861,deathknight,unholy,18,9,9
Cosanostrá,malganis,860,deathknight,unholy,12,9,3
Rinthosaka,ragnaros,860,deathknight,unholy,18,9,9
Orphnoch,illidan,860,deathknight,unholy,24,9,15
Cripticknigt,spinebreaker,859,deathknight,unholy,21,10,11
Sidbane,kalecgos,859,deathknight,unholy,19,9,10
Bubblesdk,whisperwind,859,deathknight,unholy,24,9,15
Sabotdk,tichondrius,857,deathknight,unholy,18,9,9
Tinytanx,aerie-peak,856,deathknight,unholy,24,9,15
Nicrack,malganis,853,deathknight,unholy,18,9,9
Zathog,lightbringer,853,deathknight,unholy,30,9,21
Ulerin,illidan,850,deathknight,unholy,18,9,9
Grimmtidings,dentarg,834,deathknight,unholy,30,12,18
Deadspellz,bleeding-hollow,832,deathknight,unholy,34,9,25
Hansmclroy,trollbane,828,deathknight,unholy,18,9,9
Littlekims,emerald-dream,799,deathknight,unholy,16,9,7
Brounlyii,drakkari,796,deathknight,unholy,14,9,5
Azgaroth,dathremar,792,deathknight,unholy,14,9,5
Cishei,quelthalas,792,deathknight,unholy,15,9,6
Gasani,bonechewer,768,deathknight,unholy,12,8,4
Mainxx,stormrage,768,deathknight,unholy,12,8,4
Onlyfunss,moon-guard,768,deathknight,unholy,12,8,4
Mesx,illidan,768,deathknight,unholy,12,8,4
Dicromick,illidan,768,deathknight,unholy,15,9,6
Fydedk,stormrage,768,deathknight,unholy,18,8,10
Shadowsdk,tichondrius,768,deathknight,unholy,18,8,10
Novädk,ragnaros,768,deathknight,unholy,18,8,10
Piratehookah,sargeras,768,deathknight,unholy,18,8,10
Böffa,dalaran,768,deathknight,unholy,18,8,10
Howdoulose,illidan,768,deathknight,unholy,18,8,10
Darktonelol,tichondrius,768,deathknight,unholy,18,8,10
Loomoros,sargeras,768,deathknight,unholy,24,8,16
Immadkx,area-52,768,deathknight,unholy,24,8,16
Rongkhun,proudmoore,768,deathknight,unholy,30,8,22
Rarum,bleeding-hollow,767,deathknight,unholy,12,8,4
Traitre,onyxia,767,deathknight,unholy,18,8,10
Allianknight,windrunner,767,deathknight,unholy,18,8,10
Hædës,area-52,767,deathknight,unholy,18,8,10
Demona,ragnaros,767,deathknight,unholy,18,8,10
Rulord,wyrmrest-accord,767,deathknight,unholy,18,8,10
Vynkys,shadow-council,766,deathknight,unholy,12,8,4
Riparonii,illidan,766,deathknight,unholy,21,8,13
Shadowghast,saurfang,765,deathknight,unholy,12,8,4
Midway,drakkari,765,deathknight,unholy,18,8,10
Bloodydebt,malganis,765,deathknight,unholy,18,8,10
Leiry,darkspear,762,deathknight,unholy,12,8,4
Dankbro,tichondrius,761,deathknight,unholy,24,10,14
Rixin,agamaggan,751,deathknight,unholy,29,8,21
Annerito,area-52,735,deathknight,unholy,17,8,9
Exaar,tichondrius,720,deathknight,unholy,27,8,19
Hatrèd,quelthalas,719,deathknight,unholy,17,8,9
Gêralt,darkspear,712,deathknight,unholy,18,9,9
Somethingdum,sargeras,703,deathknight,unholy,16,8,8
Froznorbs,tichondrius,700,deathknight,unholy,14,8,6
Arthez,frostmourne,672,deathknight,unholy,12,7,5
Shezoe,drakkari,672,deathknight,unholy,12,7,5
Plag,bleeding-hollow,672,deathknight,unholy,12,7,5
Jbert,sargeras,672,deathknight,unholy,12,7,5
Cgg,tichondrius,672,deathknight,unholy,12,7,5
Donrhythmic,ysera,672,deathknight,unholy,12,7,5
Gurnok,barthilas,672,deathknight,unholy,12,7,5
Falkorn,korgath,672,deathknight,unholy,12,7,5
Vleryan,ragnaros,672,deathknight,unholy,12,7,5
Joeyxdk,tichondrius,672,deathknight,unholy,12,7,5
Unfórgíven,arthas,672,deathknight,unholy,12,7,5
Ebolaxd,area-52,672,deathknight,unholy,18,7,11
Mmaximus,darkspear,672,deathknight,unholy,18,7,11
Happynaru,tichondrius,672,deathknight,unholy,18,7,11
Bryku,tichondrius,672,deathknight,unholy,18,7,11
Bellybuster,malganis,672,deathknight,unholy,18,7,11
Kûri,runetotem,672,deathknight,unholy,18,7,11
Wittlewanka,zuljin,672,deathknight,unholy,21,7,14
Xenocrates,illidan,672,deathknight,unholy,24,7,17
Darione,twisting-nether,672,deathknight,unholy,24,7,17
Ceedog,crushridge,672,deathknight,unholy,30,7,23
Fligdeath,llane,671,deathknight,unholy,12,7,5
Gâbriel,cairne,671,deathknight,unholy,12,7,5
Deatheey,area-52,671,deathknight,unholy,12,7,5
Polpop,zuljin,671,deathknight,unholy,12,7,5
Ganancïa,nemesis,671,deathknight,unholy,15,8,7
Dalrin,emerald-dream,671,deathknight,unholy,18,7,11
Mfknight,archimonde,671,deathknight,unholy,18,7,11
Agohnim,moon-guard,671,deathknight,unholy,18,7,11
Dkdanim,tichondrius,671,deathknight,unholy,18,7,11
Feorlar,dalaran,671,deathknight,unholy,18,7,11
Kidek,proudmoore,671,deathknight,unholy,18,7,11
Coldrhelx,quelthalas,671,deathknight,unholy,30,7,23
Kowell,drakkari,670,deathknight,unholy,12,7,5
Irokthefrost,frostmourne,669,deathknight,unholy,12,7,5
Grtmisdirect,illidan,666,deathknight,unholy,21,8,13
Zàkgor,moon-guard,665,deathknight,unholy,12,7,5
Kalëndar,drakkari,653,deathknight,unholy,22,12,10
Starset,burning-legion,644,deathknight,unholy,18,7,11
Bonalumë,azralon,620,deathknight,unholy,17,7,10
Xtador,quelthalas,591,deathknight,unholy,11,7,4
Bøoth,area-52,576,deathknight,unholy,12,6,6
Meisterdeath,stormrage,576,deathknight,unholy,12,6,6
Garù,ragnaros,576,deathknight,unholy,12,6,6
Muspel,sargeras,576,deathknight,unholy,12,6,6
Svlla,doomhammer,576,deathknight,unholy,12,6,6
Raaizz,ragnaros,576,deathknight,unholy,12,6,6
Lemuriön,nemesis,576,deathknight,unholy,12,6,6
Bébøp,malganis,576,deathknight,unholy,12,6,6
Hickish,tichondrius,576,deathknight,unholy,12,6,6
Jarah,destromath,576,deathknight,unholy,12,6,6
Ridesatenspd,caelestrasz,576,deathknight,unholy,12,6,6
Lagérthâ,ragnaros,576,deathknight,unholy,12,6,6
Malhandir,azgalor,576,deathknight,unholy,12,6,6
Surkk,tichondrius,576,deathknight,unholy,12,6,6
Cali,bladefist,576,deathknight,unholy,12,6,6
Jonahdk,sargeras,576,deathknight,unholy,12,6,6
Tragdore,thrall,576,deathknight,unholy,12,6,6
Justtaki,zuljin,576,deathknight,unholy,12,6,6
Delwrath,proudmoore,576,deathknight,unholy,12,6,6
Utthrity,ysera,576,deathknight,unholy,12,6,6
Friezen,illidan,576,deathknight,unholy,12,6,6
Desen,arthas,576,deathknight,unholy,12,6,6
Lainmortal,ragnaros,576,deathknight,unholy,18,6,12
Maripaula,ragnaros,576,deathknight,unholy,18,6,12
Joystickwrld,silvermoon,576,deathknight,unholy,18,6,12
Cirillan,bleeding-hollow,576,deathknight,unholy,18,6,12
Baldlord,tichondrius,576,deathknight,unholy,24,6,18
Conquest,drenden,576,deathknight,unholy,24,6,18
Leviiathan,tichondrius,575,deathknight,unholy,12,6,6
Christophe,skullcrusher,575,deathknight,unholy,12,6,6
Acidirin,tichondrius,575,deathknight,unholy,12,6,6
Åkatsukii,uther,575,deathknight,unholy,12,6,6
Pántera,darkspear,575,deathknight,unholy,12,6,6
Frðst,executus,575,deathknight,unholy,12,6,6
Deathcometh,tichondrius,575,deathknight,unholy,18,6,12
Corpsepetal,muradin,575,deathknight,unholy,18,6,12
Heldwynd,bonechewer,574,deathknight,unholy,12,6,6
Vapelounge,darkspear,574,deathknight,unholy,18,6,12
Fraänrisco,ragnaros,574,deathknight,unholy,18,6,12
Darthblade,darkspear,573,deathknight,unholy,6,6,0
Juggérnaút,bonechewer,572,deathknight,unholy,12,6,6
Hentaideath,kiljaeden,572,deathknight,unholy,18,6,12
Bahtman,hakkar,571,deathknight,unholy,12,6,6
Kel,stormreaver,559,deathknight,unholy,23,6,17
Syzurp,barthilas,558,deathknight,unholy,13,7,6
Poonen,area-52,543,deathknight,unholy,11,6,5
Herstôry,kelthuzad,527,deathknight,unholy,11,6,5
Galarick,area-52,527,deathknight,unholy,11,6,5
Gkdm,tichondrius,522,deathknight,unholy,21,8,13
Chës,tichondrius,522,deathknight,unholy,22,7,15
Nekrosys,eitrigg,512,deathknight,unholy,16,6,10
Malsedius,kelthuzad,511,deathknight,unholy,21,7,14
Bawlsauce,area-52,496,deathknight,unholy,13,6,7
Drfauci,boulderfist,480,deathknight,unholy,6,5,1
Solø,proudmoore,480,deathknight,unholy,6,5,1
Zifandel,bleeding-hollow,480,deathknight,unholy,6,5,1
Depthknight,barthilas,480,deathknight,unholy,6,5,1
Ðerion,stormrage,480,deathknight,unholy,6,5,1
Lieyanyanwan,tichondrius,480,deathknight,unholy,12,5,7
Raull,ragnaros,480,deathknight,unholy,12,5,7
Cosmicrune,turalyon,480,deathknight,unholy,12,5,7
Iamthedanger,aerie-peak,480,deathknight,unholy,12,5,7
Defaultz,turalyon,480,deathknight,unholy,12,5,7
Keomdae,tichondrius,480,deathknight,unholy,12,5,7
Naxn,tichondrius,480,deathknight,unholy,12,5,7
Zaratose,area-52,480,deathknight,unholy,12,5,7
Nightskull,malganis,480,deathknight,unholy,12,5,7
Ghrat,bleeding-hollow,480,deathknight,unholy,12,5,7
Tharegorn,azralon,480,deathknight,unholy,12,5,7
Darkfög,sargeras,480,deathknight,unholy,12,5,7
Mordumi,stormrage,480,deathknight,unholy,12,5,7
Römney,stormrage,480,deathknight,unholy,12,5,7
Noitrox,azralon,480,deathknight,unholy,12,5,7
Shinukishin,stormrage,480,deathknight,unholy,12,5,7
Swänsz,stormrage,480,deathknight,unholy,12,5,7
Initiative,moon-guard,480,deathknight,unholy,12,5,7
Gorillagrip,sargeras,480,deathknight,unholy,12,5,7
Hardtoplaydk,chogall,480,deathknight,unholy,12,5,7
Andem,elune,480,deathknight,unholy,12,5,7
Defekaite,kiljaeden,480,deathknight,unholy,12,5,7
Yeahgood,frostmourne,480,deathknight,unholy,12,5,7
Laboön,stormrage,480,deathknight,unholy,12,5,7
Sylèss,tichondrius,480,deathknight,unholy,18,5,13
Araris,stormrage,480,deathknight,unholy,18,5,13
Rytex,moon-guard,480,deathknight,unholy,18,5,13
Althamon,tanaris,480,deathknight,unholy,18,5,13
Lagmasterx,sargeras,480,deathknight,unholy,18,5,13
Dementrius,zuljin,480,deathknight,unholy,25,5,20
Extremepvp,aegwynn,479,deathknight,unholy,6,5,1
Yosemithe,quelthalas,479,deathknight,unholy,12,5,7
Deathfearsme,kiljaeden,479,deathknight,unholy,12,5,7
Amaethyst,kelthuzad,479,deathknight,unholy,12,5,7
Itired,tichondrius,479,deathknight,unholy,12,5,7
Primoverdino,azralon,479,deathknight,unholy,12,5,7
Shinici,kelthuzad,479,deathknight,unholy,12,5,7
Mëgazørd,nemesis,479,deathknight,unholy,12,5,7
Caqw,akama,479,deathknight,unholy,12,5,7
Daixks,proudmoore,479,deathknight,unholy,12,5,7
Aborter,arthas,478,deathknight,unholy,12,5,7
Dreekon,bleeding-hollow,468,deathknight,unholy,19,9,10
Megatrôn,malganis,463,deathknight,unholy,17,5,12
Mordeo,bleeding-hollow,463,deathknight,unholy,17,5,12
Cammy,frostmourne,447,deathknight,unholy,11,5,6
Faelmo,malganis,447,deathknight,unholy,11,5,6
Sorry,ysera,432,deathknight,unholy,9,6,3
Spôôn,aggramar,430,deathknight,unholy,11,5,6
Jaydkx,tichondrius,426,deathknight,unholy,16,6,10
Dtrayn,tichondrius,416,deathknight,unholy,10,5,5
Testifier,illidan,415,deathknight,unholy,8,5,3
Shiminy,chogall,415,deathknight,unholy,10,5,5
Festers,burning-legion,415,deathknight,unholy,20,5,15
Frostology,echo-isles,399,deathknight,unholy,5,5,0
Soulkiti,blackwater-raiders,384,deathknight,unholy,6,4,2
Koreandk,tichondrius,384,deathknight,unholy,6,4,2
Koltíra,azralon,384,deathknight,unholy,6,4,2
Tonylin,tichondrius,384,deathknight,unholy,6,4,2
Supblood,tichondrius,384,deathknight,unholy,6,4,2
Futruth,khaz-modan,384,deathknight,unholy,6,4,2
Deadsamurai,illidan,384,deathknight,unholy,6,4,2
Higeki,area-52,384,deathknight,unholy,6,4,2
Deathsloot,sargeras,384,deathknight,unholy,6,4,2
Ørcrist,area-52,384,deathknight,unholy,6,4,2
Vampygeizt,zuljin,384,deathknight,unholy,6,4,2
Sephirott,boulderfist,384,deathknight,unholy,6,4,2
Atrahazis,quelthalas,384,deathknight,unholy,6,4,2
Evilbot,tichondrius,384,deathknight,unholy,6,4,2
Raynorr,dawnbringer,384,deathknight,unholy,6,4,2
Mistmoorex,stormscale,384,deathknight,unholy,6,4,2
Blackary,emerald-dream,384,deathknight,unholy,6,4,2
Zeathial,moon-guard,384,deathknight,unholy,6,4,2
Afterdeath,frostmourne,384,deathknight,unholy,6,4,2
Nøzawkolypse,area-52,384,deathknight,unholy,6,4,2
Sevexi,moon-guard,384,deathknight,unholy,6,4,2
Càsshêrn,lightbringer,384,deathknight,unholy,6,4,2
Darkswar,barthilas,384,deathknight,unholy,6,4,2
Xhamstr,frostmourne,384,deathknight,unholy,6,4,2
Darkwraith,illidan,384,deathknight,unholy,6,4,2
Murphu,stormrage,384,deathknight,unholy,6,4,2
Rompeimën,ragnaros,384,deathknight,unholy,6,4,2
Lickblood,sargeras,384,deathknight,unholy,6,4,2
Vläad,ragnaros,384,deathknight,unholy,6,4,2
Stoicïsm,tichondrius,384,deathknight,unholy,6,4,2
Zzdk,thrall,384,deathknight,unholy,6,4,2
Sleezyfbaby,sargeras,384,deathknight,unholy,6,4,2
Claudio,tichondrius,384,deathknight,unholy,6,4,2
Sussybakadk,sargeras,384,deathknight,unholy,10,5,5
Tinylich,arthas,384,deathknight,unholy,12,4,8
Maalevolent,thunderlord,384,deathknight,unholy,12,4,8
Zoomoth,illidan,384,deathknight,unholy,12,4,8
Coronä,malfurion,384,deathknight,unholy,12,4,8
Deephideblue,proudmoore,384,deathknight,unholy,12,4,8
Cokedrip,bleeding-hollow,384,deathknight,unholy,12,4,8
Ghorzul,thrall,384,deathknight,unholy,12,4,8
Asana,illidan,384,deathknight,unholy,12,4,8
Bøngripx,tichondrius,384,deathknight,unholy,12,4,8
Çorn,sargeras,384,deathknight,unholy,12,4,8
Annuvyz,darkspear,384,deathknight,unholy,12,4,8
Bealzabub,sargeras,384,deathknight,unholy,12,4,8
Bjorstad,moon-guard,384,deathknight,unholy,12,4,8
Ambagrips,frostmourne,384,deathknight,unholy,12,4,8
Daellius,ragnaros,384,deathknight,unholy,12,4,8
Threehunned,frostmourne,384,deathknight,unholy,12,4,8
Xlive,tichondrius,384,deathknight,unholy,12,4,8
Noiksnow,azralon,384,deathknight,unholy,12,4,8
Nolderosdk,nemesis,384,deathknight,unholy,12,4,8
Tyrien,frostmane,384,deathknight,unholy,12,4,8
Enjal,stormrage,384,deathknight,unholy,12,4,8
Hounura,dathremar,384,deathknight,unholy,12,4,8
Cptsäveähöe,tichondrius,384,deathknight,unholy,18,4,14
Sahaile,moon-guard,384,deathknight,unholy,18,4,14
Avengis,bleeding-hollow,384,deathknight,unholy,18,4,14
Volardan,trollbane,383,deathknight,unholy,6,4,2
Hitsüyi,quelthalas,383,deathknight,unholy,11,6,5
Plaguedoctor,moon-guard,383,deathknight,unholy,12,4,8
Optics,bleeding-hollow,383,deathknight,unholy,12,4,8
Demher,ragnaros,383,deathknight,unholy,12,4,8
Mëllowhypë,sargeras,383,deathknight,unholy,12,4,8
Jinxtar,wyrmrest-accord,382,deathknight,unholy,6,4,2
Hobyrt,bleeding-hollow,382,deathknight,unholy,6,4,2
Búddy,zuljin,382,deathknight,unholy,10,6,4
Azupo,aerie-peak,351,deathknight,unholy,14,5,9
Ghostdeath,blackhand,336,deathknight,unholy,9,4,5
Zygon,thrall,336,deathknight,unholy,9,4,5
Ahirek,quelthalas,320,deathknight,unholy,10,4,6
Ekaj,azuremyst,319,deathknight,unholy,5,4,1
Hadianton,stormrage,318,deathknight,unholy,5,4,1
Vërmilliøn,ragnaros,288,deathknight,unholy,6,3,3
Wúhan,moon-guard,288,deathknight,unholy,6,3,3
Fearfull,hyjal,288,deathknight,unholy,6,3,3
Lafourche,sargeras,288,deathknight,unholy,6,3,3
Smokeyjoe,aegwynn,288,deathknight,unholy,6,3,3
Handler,nemesis,288,deathknight,unholy,6,3,3
Trant,tichondrius,288,deathknight,unholy,6,3,3
Emberwarden,stormrage,288,deathknight,unholy,6,3,3
Drippedout,illidan,288,deathknight,unholy,6,3,3
Azombie,burning-blade,288,deathknight,unholy,6,3,3
Marash,moon-guard,288,deathknight,unholy,6,3,3
Monglord,arthas,288,deathknight,unholy,6,3,3
Laeroth,zuluhed,288,deathknight,unholy,6,3,3
Blitzcreig,sargeras,288,deathknight,unholy,6,3,3
Nifftybear,tichondrius,288,deathknight,unholy,6,3,3
Chrønnøz,nemesis,288,deathknight,unholy,6,3,3
Petkick,tichondrius,288,deathknight,unholy,6,3,3
Remõrse,moon-guard,288,deathknight,unholy,6,3,3
Vexmaw,twisting-nether,288,deathknight,unholy,6,3,3
Vinaroth,kiljaeden,288,deathknight,unholy,6,3,3
Yeetmaster,area-52,288,deathknight,unholy,6,3,3
Akilol,tichondrius,288,deathknight,unholy,6,3,3
Jerkin,area-52,288,deathknight,unholy,6,3,3
Válak,stormrage,288,deathknight,unholy,6,3,3
Tugs,nathrezim,288,deathknight,unholy,6,3,3
Mendoh,tichondrius,288,deathknight,unholy,6,3,3
Lepanda,skywall,288,deathknight,unholy,6,3,3
Pleasecakes,blood-furnace,288,deathknight,unholy,6,3,3
Mawvac,quelthalas,288,deathknight,unholy,6,3,3
Mýrrh,wyrmrest-accord,288,deathknight,unholy,6,3,3
Lilwayne,archimonde,288,deathknight,unholy,6,3,3
Ödens,dalaran,288,deathknight,unholy,6,3,3
Tråuma,uther,288,deathknight,unholy,6,3,3
Kossero,thunderlord,288,deathknight,unholy,6,3,3
Ariacy,sargeras,288,deathknight,unholy,6,3,3
Adavynn,darkspear,288,deathknight,unholy,6,3,3
Nh,malganis,288,deathknight,unholy,6,3,3
Bingoez,frostmourne,288,deathknight,unholy,6,3,3
Frostdest,kiljaeden,288,deathknight,unholy,6,3,3
Chibalaloca,quelthalas,288,deathknight,unholy,6,3,3
Bosleigor,elune,288,deathknight,unholy,6,3,3
Malairia,area-52,288,deathknight,unholy,6,3,3
Libitina,tichondrius,288,deathknight,unholy,6,3,3
Pepecoomer,frostmourne,288,deathknight,unholy,6,3,3
Jojomcdeath,senjin,288,deathknight,unholy,6,3,3
Viscerus,stormrage,288,deathknight,unholy,6,3,3
Anderius,tichondrius,288,deathknight,unholy,6,3,3
Schreit,zuljin,288,deathknight,unholy,6,3,3
Renaming,area-52,288,deathknight,unholy,9,4,5
Oroborus,korgath,288,deathknight,unholy,8,3,5
Fokit,barthilas,288,deathknight,unholy,12,3,9
Chosenhero,stormrage,288,deathknight,unholy,12,3,9
Danlorinis,moon-guard,288,deathknight,unholy,12,3,9
Chosenrune,stormrage,288,deathknight,unholy,12,3,9
Torsophuk,stormrage,288,deathknight,unholy,12,3,9
Lho,caelestrasz,288,deathknight,unholy,12,3,9
Dkjs,anetheron,288,deathknight,unholy,12,3,9
Abømination,zuljin,288,deathknight,unholy,12,3,9
Sílthree,barthilas,288,deathknight,unholy,12,3,9
Wisdôm,frostmourne,288,deathknight,unholy,12,3,9
Rottenqunt,tichondrius,288,deathknight,unholy,12,3,9
Techneeq,tichondrius,288,deathknight,unholy,12,3,9
Coldmilk,wyrmrest-accord,288,deathknight,unholy,12,3,9
Garonse,wyrmrest-accord,288,deathknight,unholy,12,3,9
Coffeemilk,kiljaeden,288,deathknight,unholy,13,3,10
Deathsent,malganis,288,deathknight,unholy,18,3,15
Fendos,turalyon,287,deathknight,unholy,6,3,3
Chanskey,stormrage,287,deathknight,unholy,9,3,6
Zedknight,emerald-dream,287,deathknight,unholy,15,4,11
Papparoach,ysera,286,deathknight,unholy,6,3,3
Lowan,stormrage,286,deathknight,unholy,6,3,3
Orthason,moon-guard,286,deathknight,unholy,6,3,3
Copy,suramar,271,deathknight,unholy,11,3,8
Milkdrugs,daggerspine,256,deathknight,unholy,10,3,7
Baskel,frostmane,255,deathknight,unholy,11,3,8
Deathrowe,blackhand,240,deathknight,unholy,9,3,6
Originalsin,tichondrius,239,deathknight,unholy,5,3,2
Dairboi,sargeras,239,deathknight,unholy,5,3,2
Pradas,area-52,239,deathknight,unholy,11,3,8
Ålastor,stormrage,234,deathknight,unholy,10,6,4
Mefistô,quelthalas,192,deathknight,unholy,4,3,1
Charabone,ragnaros,192,deathknight,unholy,4,3,1
Doombeast,area-52,192,deathknight,unholy,9,4,5
Sieg,goldrinn,192,deathknight,unholy,6,2,4
Lunatick,darkspear,192,deathknight,unholy,6,2,4
Nurglet,proudmoore,192,deathknight,unholy,6,2,4
Tristam,area-52,192,deathknight,unholy,6,2,4
Chandsformer,tichondrius,192,deathknight,unholy,6,2,4
Grimreminder,zuljin,192,deathknight,unholy,6,2,4
Lìlith,dreadmaul,192,deathknight,unholy,6,2,4
Kranaz,barthilas,192,deathknight,unholy,6,2,4
Zilli,blackrock,192,deathknight,unholy,6,2,4
Kookx,tichondrius,192,deathknight,unholy,6,2,4
Blooddisease,frostmourne,192,deathknight,unholy,6,2,4
Válhállá,ragnaros,192,deathknight,unholy,6,2,4
Moonkhink,stormrage,192,deathknight,unholy,6,2,4
Saraphdk,area-52,192,deathknight,unholy,6,2,4
Raakaa,ghostlands,192,deathknight,unholy,6,2,4
Orcazmic,area-52,192,deathknight,unholy,6,2,4
Spaxz,illidan,192,deathknight,unholy,6,2,4
Deathhimself,moonrunner,192,deathknight,unholy,6,2,4
Mako,garithos,192,deathknight,unholy,6,2,4
Kmardk,area-52,192,deathknight,unholy,6,2,4
Ahmisu,tichondrius,192,deathknight,unholy,6,2,4
Koda,thrall,192,deathknight,unholy,6,2,4
Junepí,stormrage,192,deathknight,unholy,6,2,4
Lördd,moon-guard,192,deathknight,unholy,6,2,4
Uncoachablex,illidan,192,deathknight,unholy,6,2,4
Supfam,tichondrius,192,deathknight,unholy,6,2,4
Orbo,elune,192,deathknight,unholy,6,2,4
Hastë,proudmoore,192,deathknight,unholy,6,2,4
Fizzease,illidan,192,deathknight,unholy,6,2,4
Gooré,ragnaros,192,deathknight,unholy,6,2,4
Fanggrief,proudmoore,192,deathknight,unholy,6,2,4
Teedk,drakthul,192,deathknight,unholy,6,2,4
Mongomongo,malganis,192,deathknight,unholy,6,2,4
Menalise,moon-guard,192,deathknight,unholy,6,2,4
Onsslaught,sargeras,192,deathknight,unholy,6,2,4
Twocolors,gilneas,192,deathknight,unholy,6,2,4
Dustknight,sargeras,192,deathknight,unholy,6,2,4
Gusabio,drakkari,192,deathknight,unholy,6,2,4
Tbop,ragnaros,192,deathknight,unholy,6,2,4
Ams,moon-guard,192,deathknight,unholy,6,2,4
Rykard,hyjal,192,deathknight,unholy,12,2,10
Giraldus,stormrage,192,deathknight,unholy,12,2,10
Longlnus,malganis,192,deathknight,unholy,12,2,10
Tacofoxlol,tichondrius,192,deathknight,unholy,12,2,10
Ðìvíne,illidan,192,deathknight,unholy,12,2,10
Kterrorblade,sargeras,192,deathknight,unholy,12,2,10
Terracundo,quelthalas,191,deathknight,unholy,6,4,2
Vynjonc,drenden,191,deathknight,unholy,6,2,4
Larrisey,illidan,191,deathknight,unholy,6,2,4
Zeeroo,moon-guard,160,deathknight,unholy,10,2,8
Gankhiss,emerald-dream,159,deathknight,unholy,5,2,3
Hooker,dragonmaw,138,deathknight,unholy,8,4,4
Glacíuss,ragnaros,138,deathknight,unholy,9,4,5
Ðëthbringër,jubeithos,127,deathknight,unholy,8,2,6
Rotfang,elune,96,deathknight,unholy,6,1,5
Lichhbanne,doomhammer,96,deathknight,unholy,6,1,5
Moldremover,frostmourne,96,deathknight,unholy,6,1,5
Bealzabbub,sargeras,96,deathknight,unholy,6,1,5
Bein,frostmourne,96,deathknight,unholy,6,1,5
Tuicca,frostmane,96,deathknight,unholy,6,1,5
Laxatives,tichondrius,96,deathknight,unholy,6,1,5
Deathscyythe,illidan,96,deathknight,unholy,6,1,5
Tarone,zuljin,96,deathknight,unholy,6,1,5
Rgn,deathwing,96,deathknight,unholy,6,1,5
Einherjiar,tichondrius,96,deathknight,unholy,6,1,5
Artyboy,icecrown,96,deathknight,unholy,6,1,5
Iluvbooty,blackrock,96,deathknight,unholy,6,1,5
Zenin,emerald-dream,96,deathknight,unholy,6,1,5
Azryull,perenolde,96,deathknight,unholy,6,1,5
Alexanderz,quelthalas,96,deathknight,unholy,6,1,5
Argy,zuljin,96,deathknight,unholy,6,1,5
Requísition,barthilas,96,deathknight,unholy,6,1,5
Kìrìtó,malygos,96,deathknight,unholy,6,1,5
Otarin,tichondrius,96,deathknight,unholy,6,1,5
Ellipsoro,onyxia,96,deathknight,unholy,6,1,5
Dethklòk,tichondrius,96,deathknight,unholy,6,1,5
Vicesquad,tichondrius,96,deathknight,unholy,6,1,5
Amö,emerald-dream,96,deathknight,unholy,6,1,5
Papalich,stormrage,96,deathknight,unholy,6,1,5
Abake,illidan,96,deathknight,unholy,6,1,5
Almostdead,proudmoore,96,deathknight,unholy,6,1,5
Istery,thrall,96,deathknight,unholy,6,1,5
Andivh,hydraxis,96,deathknight,unholy,6,1,5
Worgenracist,tichondrius,96,deathknight,unholy,6,1,5
Gnargnarr,firetree,96,deathknight,unholy,6,1,5
Grimorra,bleeding-hollow,96,deathknight,unholy,6,1,5
Apocalypsis,uldum,96,deathknight,unholy,6,1,5
Tìtø,ragnaros,96,deathknight,unholy,6,1,5
Percy,thaurissan,96,deathknight,unholy,6,1,5
Dknightor,dalaran,96,deathknight,unholy,6,1,5
Gröxxigor,azralon,96,deathknight,unholy,6,1,5
Arkhän,ragnaros,96,deathknight,unholy,6,1,5
Dontbanmepls,zuljin,96,deathknight,unholy,6,1,5
Perculës,sargeras,96,deathknight,unholy,7,1,6
Skadattle,emerald-dream,96,deathknight,unholy,12,1,11
Ulyssess,jubeithos,95,deathknight,unholy,6,1,5
Funerall,azralon,95,deathknight,unholy,12,1,11
Frostbytez,barthilas,79,deathknight,unholy,5,1,4
Deanz,stormrage,63,deathknight,unholy,2,2,0
Asfaq,frostmourne,63,deathknight,unholy,2,2,0
Spleem,stormrage,48,deathknight,unholy,3,1,2
Harrypottr,darrowmere,42,deathknight,unholy,8,2,6
Jhiv,tichondrius,42,deathknight,unholy,10,2,8
Resumen,steamwheedle-cartel,42,deathknight,unholy,14,2,12
Reighart,kiljaeden,31,deathknight,unholy,2,1,1
Pookr,area-52,2075,deathknight,frost,301,149,152
Yoinkzz,illidan,2025,deathknight,frost,71,33,38
Sylèss,tichondrius,1949,deathknight,frost,78,43,35
Duranteh,illidan,1881,deathknight,frost,60,32,28
Saco,malganis,1874,deathknight,frost,98,57,41
Thânätos,nemesis,1861,deathknight,frost,54,29,25
Deaddubya,illidan,1815,deathknight,frost,63,40,23
Dkyeico,ragnaros,1792,deathknight,frost,84,42,42
Fastapi,tichondrius,1768,deathknight,frost,48,22,26
Ksmc,tichondrius,1740,deathknight,frost,54,27,27
Scareth,proudmoore,1734,deathknight,frost,40,21,19
Sober,destromath,1712,deathknight,frost,95,48,47
Mikepinkdk,illidan,1700,deathknight,frost,75,40,35
Børeas,quelthalas,1645,deathknight,frost,96,43,53
Tzepesci,hyjal,1626,deathknight,frost,58,26,32
Raiekko,dalaran,1617,deathknight,frost,36,17,19
Ebolaxd,area-52,1614,deathknight,frost,42,21,21
Rekktless,aerie-peak,1613,deathknight,frost,60,31,29
Zemzil,tichondrius,1581,deathknight,frost,44,20,24
Gkdm,tichondrius,1532,deathknight,frost,30,16,14
Grakth,quelthalas,1527,deathknight,frost,66,37,29
Lho,caelestrasz,1522,deathknight,frost,77,41,36
Report,dathremar,1521,deathknight,frost,69,36,33
Percy,thaurissan,1499,deathknight,frost,79,31,48
Venvicta,tichondrius,1496,deathknight,frost,20,17,3
Ðerion,stormrage,1491,deathknight,frost,115,52,63
Eldavò,quelthalas,1464,deathknight,frost,48,22,26
Jazh,tichondrius,1441,deathknight,frost,59,23,36
Jimmyjohnson,illidan,1398,deathknight,frost,47,25,22
Khalid,azgalor,1376,deathknight,frost,54,23,31
Clongeus,tichondrius,1374,deathknight,frost,54,25,29
Ellipsoro,onyxia,1374,deathknight,frost,60,26,34
Tangarang,dalaran,1372,deathknight,frost,36,16,20
Barrodir,tichondrius,1358,deathknight,frost,51,31,20
Gwab,stormrage,1354,deathknight,frost,48,20,28
Sandooñ,tichondrius,1353,deathknight,frost,42,19,23
Thetalis,moon-guard,1346,deathknight,frost,78,38,40
Kryptikkyt,blackrock,1341,deathknight,frost,18,14,4
Clapdat,malganis,1335,deathknight,frost,114,56,58
Dontbanmepls,zuljin,1318,deathknight,frost,30,14,16
Tekc,nemesis,1317,deathknight,frost,132,64,68
Alexeous,wyrmrest-accord,1302,deathknight,frost,85,35,50
Lichborn,azralon,1279,deathknight,frost,60,24,36
Estali,kelthuzad,1278,deathknight,frost,58,25,33
Nevermor,malganis,1274,deathknight,frost,66,31,35
Abake,illidan,1267,deathknight,frost,62,30,32
Alexanderz,quelthalas,1264,deathknight,frost,36,15,21
Spoon,sargeras,1257,deathknight,frost,57,28,29
Flins,nemesis,1255,deathknight,frost,159,84,75
Rylas,destromath,1250,deathknight,frost,57,25,32
Bâttalion,illidan,1237,deathknight,frost,30,13,17
Rayden,frostmourne,1235,deathknight,frost,24,13,11
Yödä,barthilas,1235,deathknight,frost,36,14,22
Sinyay,tichondrius,1233,deathknight,frost,30,18,12
Darketvam,illidan,1230,deathknight,frost,33,20,13
Darfik,sargeras,1210,deathknight,frost,84,49,35
Jackofblades,veknilash,1204,deathknight,frost,66,32,34
Zefdk,illidan,1186,deathknight,frost,48,27,21
Tambaknight,nemesis,1146,deathknight,frost,44,15,29
Jordankg,tanaris,1137,deathknight,frost,30,12,18
Laumuelden,ragnaros,1135,deathknight,frost,42,14,28
Pembadk,tichondrius,1110,deathknight,frost,33,14,19
Bridenbrad,quelthalas,1104,deathknight,frost,21,13,8
Moonnwater,frostmourne,1087,deathknight,frost,84,43,41
Sephirott,boulderfist,1086,deathknight,frost,35,19,16
Garryxz,quelthalas,1077,deathknight,frost,22,12,10
Mawvac,quelthalas,1069,deathknight,frost,72,33,39
Zephyx,lightbringer,1056,deathknight,frost,18,11,7
Grippygarý,illidan,1056,deathknight,frost,24,11,13
Puppykisses,perenolde,1055,deathknight,frost,24,11,13
Jhonnsnow,frostmourne,1051,deathknight,frost,24,11,13
Malovv,nemesis,1042,deathknight,frost,18,12,6
Worgenracist,tichondrius,1038,deathknight,frost,23,11,12
Vanyor,wyrmrest-accord,1025,deathknight,frost,44,14,30
Vorlakesh,boulderfist,979,deathknight,frost,22,11,11
Ciputra,blood-furnace,967,deathknight,frost,24,13,11
Skittsdk,thrall,966,deathknight,frost,24,12,12
Xhín,bleeding-hollow,959,deathknight,frost,18,10,8
Frosthana,illidan,959,deathknight,frost,24,10,14
Tokyotimxx,malganis,958,deathknight,frost,18,10,8
Toothstick,stormrage,957,deathknight,frost,18,10,8
Sécret,tichondrius,953,deathknight,frost,18,10,8
Kraige,tichondrius,933,deathknight,frost,30,10,20
Fokit,barthilas,897,deathknight,frost,58,28,30
Lokitabeso,ragnaros,864,deathknight,frost,12,9,3
Toxismall,zuljin,864,deathknight,frost,18,9,9
Lazenca,malganis,863,deathknight,frost,18,9,9
Kekkijutsu,bleeding-hollow,862,deathknight,frost,12,9,3
Thesseo,quelthalas,862,deathknight,frost,18,9,9
Chicnchsteak,tichondrius,862,deathknight,frost,30,9,21
Jasmíne,vashj,861,deathknight,frost,12,9,3
Urieen,gorefiend,861,deathknight,frost,18,9,9
Vuldy,blackhand,860,deathknight,frost,18,9,9
Seeyoudiebr,gallywix,856,deathknight,frost,24,9,15
Sandolorian,area-52,843,deathknight,frost,18,9,9
Metaphysicsx,amanthul,839,deathknight,frost,20,9,11
Zarathraz,ragnaros,827,deathknight,frost,17,9,8
Uncfester,onyxia,823,deathknight,frost,18,9,9
Dkptador,azralon,809,deathknight,frost,39,14,25
Lokítabesos,ragnaros,768,deathknight,frost,12,8,4
Crink,sargeras,768,deathknight,frost,24,8,16
Dregdar,emerald-dream,767,deathknight,frost,12,8,4
Incanis,moon-guard,767,deathknight,frost,18,8,10
Freemoney,wyrmrest-accord,766,deathknight,frost,12,8,4
Gypo,scilla,766,deathknight,frost,12,8,4
Verhangnis,azjolnerub,765,deathknight,frost,12,8,4
Dhrogar,moon-guard,762,deathknight,frost,12,8,4
Dyingwolf,ragnaros,761,deathknight,frost,18,8,10
Nagaizao,nemesis,757,deathknight,frost,18,8,10
Ârtas,uldum,757,deathknight,frost,24,8,16
Soulfang,nemesis,751,deathknight,frost,30,8,22
Icedmilk,zuluhed,747,deathknight,frost,19,10,9
Hansmclroy,trollbane,738,deathknight,frost,24,8,16
Monglord,arthas,733,deathknight,frost,27,9,18
Larrisey,illidan,727,deathknight,frost,21,8,13
Tarone,zuljin,688,deathknight,frost,21,10,11
Russkivolk,frostmourne,688,deathknight,frost,19,8,11
Griswold,windrunner,680,deathknight,frost,24,9,15
Dumbledore,deathwing,672,deathknight,frost,12,7,5
Bossk,emerald-dream,672,deathknight,frost,12,7,5
Iskandàr,ragnaros,672,deathknight,frost,12,7,5
Janco,runetotem,672,deathknight,frost,12,7,5
Chillpills,stormrage,672,deathknight,frost,18,7,11
Iccyhottie,stormrage,672,deathknight,frost,18,7,11
Anexdk,korgath,672,deathknight,frost,18,7,11
Mikeycal,stormrage,672,deathknight,frost,18,7,11
Iriwa,tichondrius,672,deathknight,frost,24,7,17
Necrósy,azralon,671,deathknight,frost,12,7,5
Emanuels,quelthalas,671,deathknight,frost,18,7,11
Unholycube,zuljin,671,deathknight,frost,30,7,23
Kruspy,area-52,670,deathknight,frost,18,7,11
Úndead,barthilas,669,deathknight,frost,12,7,5
Cryptgore,moon-guard,665,deathknight,frost,18,7,11
Iiedown,stormrage,623,deathknight,frost,11,7,4
Plaw,kiljaeden,607,deathknight,frost,11,7,4
Devcoil,sargeras,576,deathknight,frost,12,6,6
Riglros,tichondrius,576,deathknight,frost,12,6,6
Soulbone,wyrmrest-accord,576,deathknight,frost,12,6,6
Frostunholy,tichondrius,576,deathknight,frost,12,6,6
Dementrius,zuljin,576,deathknight,frost,12,6,6
Zarakas,sargeras,576,deathknight,frost,12,6,6
Otarin,tichondrius,576,deathknight,frost,12,6,6
Cozzasad,barthilas,576,deathknight,frost,12,6,6
Darkxavros,stormrage,576,deathknight,frost,12,6,6
Wap,bloodhoof,576,deathknight,frost,12,6,6
Rennoc,emerald-dream,576,deathknight,frost,12,6,6
Ariacy,sargeras,576,deathknight,frost,18,6,12
Dairboi,sargeras,576,deathknight,frost,18,6,12
Nezareth,sargeras,574,deathknight,frost,12,6,6
Bloodbanne,darkspear,573,deathknight,frost,12,6,6
Darkdevilvii,tichondrius,572,deathknight,frost,12,6,6
Ikaris,wildhammer,569,deathknight,frost,12,6,6
Werebuddy,lightnings-blade,528,deathknight,frost,15,6,9
Abrahams,tichondrius,522,deathknight,frost,22,8,14
Bellum,moon-guard,511,deathknight,frost,20,6,14
Sathanazz,ragnaros,480,deathknight,frost,6,5,1
Deadbeards,zuluhed,480,deathknight,frost,12,5,7
Onsslaught,sargeras,480,deathknight,frost,12,5,7
Sporkdk,illidan,480,deathknight,frost,12,5,7
Sinizster,kelthuzad,480,deathknight,frost,12,5,7
Martinnash,emerald-dream,480,deathknight,frost,12,5,7
Subparatbest,chogall,480,deathknight,frost,12,5,7
Uzgard,zuljin,480,deathknight,frost,12,5,7
Neaz,moon-guard,480,deathknight,frost,12,5,7
Frozenhawk,lothar,480,deathknight,frost,12,5,7
Saighast,illidan,480,deathknight,frost,18,5,13
Bëlzëbü,stormrage,479,deathknight,frost,6,5,1
Moovement,illidan,479,deathknight,frost,6,5,1
Caravante,azralon,479,deathknight,frost,12,5,7
Janzano,deathwing,479,deathknight,frost,14,5,9
Adjudicated,darkspear,477,deathknight,frost,12,5,7
Eloton,daggerspine,431,deathknight,frost,11,5,6
Anatøly,ragnaros,384,deathknight,frost,6,4,2
Nabreus,ragnaros,384,deathknight,frost,6,4,2
Axiomqt,tichondrius,384,deathknight,frost,6,4,2
Bigdooks,area-52,384,deathknight,frost,6,4,2
Laxatives,tichondrius,384,deathknight,frost,6,4,2
Insanity,boulderfist,384,deathknight,frost,6,4,2
Orbo,elune,384,deathknight,frost,6,4,2
Lókhä,thrall,384,deathknight,frost,6,4,2
Vãl,sargeras,384,deathknight,frost,6,4,2
Ântipaladin,arthas,384,deathknight,frost,6,4,2
Xelonith,sargeras,384,deathknight,frost,6,4,2
Algeross,dalaran,384,deathknight,frost,12,4,8
Deathrowe,blackhand,384,deathknight,frost,12,4,8
Unintended,barthilas,384,deathknight,frost,12,4,8
Silanvia,wyrmrest-accord,384,deathknight,frost,12,4,8
Nefarion,nathrezim,384,deathknight,frost,12,4,8
Xhoul,sargeras,384,deathknight,frost,12,4,8
Zenin,emerald-dream,384,deathknight,frost,12,4,8
Almostdead,proudmoore,384,deathknight,frost,12,4,8
Lichhbanne,doomhammer,384,deathknight,frost,12,4,8
Shinici,kelthuzad,383,deathknight,frost,9,5,4
Eliagianluca,caelestrasz,383,deathknight,frost,12,4,8
Vithael,stormrage,383,deathknight,frost,12,4,8
Loverianed,aerie-peak,383,deathknight,frost,18,4,14
Cailras,argent-dawn,382,deathknight,frost,6,4,2
Sindragos,stormrage,382,deathknight,frost,12,4,8
Deathvortex,nemesis,379,deathknight,frost,12,4,8
Greeasy,bleeding-hollow,351,deathknight,frost,11,4,7
Sllice,aegwynn,288,deathknight,frost,6,3,3
Amarlana,mannoroth,288,deathknight,frost,6,3,3
Kalevesicant,nesingwary,288,deathknight,frost,6,3,3
Brumaks,quelthalas,288,deathknight,frost,6,3,3
Plaugedone,lightbringer,288,deathknight,frost,6,3,3
Davenn,stormrage,288,deathknight,frost,6,3,3
Laboön,stormrage,288,deathknight,frost,6,3,3
Zygon,thrall,288,deathknight,frost,6,3,3
Doomdk,azralon,288,deathknight,frost,6,3,3
Yungdooks,area-52,288,deathknight,frost,6,3,3
Zügzug,chogall,288,deathknight,frost,6,3,3
Nalec,tichondrius,288,deathknight,frost,6,3,3
Saraphdk,area-52,288,deathknight,frost,6,3,3
Gorsz,tichondrius,288,deathknight,frost,6,3,3
Ghouldruis,barthilas,288,deathknight,frost,6,3,3
Egirlgripper,area-52,288,deathknight,frost,6,3,3
Fåîrÿdûst,skullcrusher,288,deathknight,frost,6,3,3
Tofurious,barthilas,288,deathknight,frost,6,3,3
Fearfull,hyjal,288,deathknight,frost,10,4,6
Flarkness,area-52,288,deathknight,frost,12,3,9
Janus,illidan,288,deathknight,frost,12,3,9
Bloodmourne,barthilas,288,deathknight,frost,12,3,9
ßlazedkush,kelthuzad,287,deathknight,frost,6,3,3
Páthøgen,ravencrest,287,deathknight,frost,12,3,9
Gnomey,area-52,255,deathknight,frost,8,4,4
Hamze,stormrage,239,deathknight,frost,5,3,2
Unwantedgrab,sargeras,239,deathknight,frost,5,3,2
Bbcobliterat,proudmoore,234,deathknight,frost,22,4,18
Surcäfauces,ragnaros,192,deathknight,frost,9,3,6
Chilivibes,boulderfist,192,deathknight,frost,6,2,4
Rulord,wyrmrest-accord,192,deathknight,frost,6,2,4
Tooe,darrowmere,192,deathknight,frost,6,2,4
Toxicant,zuljin,192,deathknight,frost,6,2,4
Shmacmiller,stormrage,192,deathknight,frost,6,2,4
Lichkong,dalaran,192,deathknight,frost,6,2,4
Alderollar,stormrage,192,deathknight,frost,6,2,4
Amauqsun,bleeding-hollow,192,deathknight,frost,6,2,4
Oreodeath,sargeras,192,deathknight,frost,6,2,4
Elwoodblooz,stormrage,192,deathknight,frost,6,2,4
Frozenjuice,sargeras,192,deathknight,frost,6,2,4
Crakdos,illidan,192,deathknight,frost,6,2,4
Bonusman,sargeras,192,deathknight,frost,6,2,4
Sayâ,frostmane,192,deathknight,frost,6,2,4
Kallugrax,kelthuzad,192,deathknight,frost,6,2,4
Blooddisease,frostmourne,192,deathknight,frost,6,2,4
Aradorn,azralon,192,deathknight,frost,6,2,4
Corrpsse,tichondrius,192,deathknight,frost,6,2,4
Aldrey,bonechewer,192,deathknight,frost,6,2,4
Yourunigrip,tichondrius,192,deathknight,frost,6,2,4
Khørne,area-52,192,deathknight,frost,6,2,4
Envisage,kelthuzad,192,deathknight,frost,6,2,4
Nenó,illidan,192,deathknight,frost,6,2,4
Fraýja,tichondrius,192,deathknight,frost,6,2,4
Soutennizase,azralon,192,deathknight,frost,6,2,4
Jykupajr,proudmoore,192,deathknight,frost,6,2,4
Rotfang,elune,192,deathknight,frost,6,2,4
Neofrank,drakkari,192,deathknight,frost,12,2,10
Lillylilly,bleeding-hollow,192,deathknight,frost,12,2,10
Melyrc,quelthalas,192,deathknight,frost,12,2,10
Edhral,ragnaros,191,deathknight,frost,6,2,4
Sübzerö,quelthalas,191,deathknight,frost,6,2,4
Killa,maiev,191,deathknight,frost,6,2,4
Rogoroth,stormrage,191,deathknight,frost,6,2,4
Nickolas,dalvengyr,159,deathknight,frost,5,2,3
Oilasslover,illidan,128,deathknight,frost,4,2,2
Xaldeth,moon-guard,127,deathknight,frost,8,2,6
Kookx,tichondrius,110,deathknight,frost,7,2,5
Telrenaur,proudmoore,96,deathknight,frost,3,2,1
Bingoez,frostmourne,96,deathknight,frost,6,1,5
Darkwraith,illidan,96,deathknight,frost,6,1,5
Skadattle,emerald-dream,96,deathknight,frost,6,1,5
Himanshu,emerald-dream,96,deathknight,frost,6,1,5
Grimorra,bleeding-hollow,96,deathknight,frost,6,1,5
Bubblesdk,whisperwind,96,deathknight,frost,6,1,5
Sakaarr,bleeding-hollow,96,deathknight,frost,6,1,5
Mako,garithos,96,deathknight,frost,6,1,5
Thwap,sargeras,96,deathknight,frost,6,1,5
Einherjiar,tichondrius,96,deathknight,frost,6,1,5
Kodokuna,bleeding-hollow,96,deathknight,frost,6,1,5
Paíín,illidan,96,deathknight,frost,6,1,5
Válhállá,ragnaros,96,deathknight,frost,6,1,5
Shadar,muradin,96,deathknight,frost,6,1,5
Xakri,kelthuzad,96,deathknight,frost,6,1,5
Grayfoxx,twisting-nether,96,deathknight,frost,6,1,5
Hadianton,stormrage,96,deathknight,frost,6,1,5
Mordekeiser,wyrmrest-accord,96,deathknight,frost,6,1,5
Frostpanda,dalaran,96,deathknight,frost,6,1,5
Vrolock,quelthalas,96,deathknight,frost,6,1,5
Winterstone,moon-guard,96,deathknight,frost,6,1,5
Denkot,stormrage,96,deathknight,frost,6,1,5
Siphilusxo,dalaran,96,deathknight,frost,6,1,5
Záiiko,quelthalas,96,deathknight,frost,6,1,5
Gooré,ragnaros,96,deathknight,frost,6,1,5
Umbramane,tichondrius,48,deathknight,frost,3,1,2
Agasuko,ghostlands,48,deathknight,frost,3,1,2
Villåin,hyjal,42,deathknight,frost,9,2,7
Twindleroot,aggramar,31,deathknight,frost,2,1,1
Sharnathos,stormrage,16,deathknight,frost,1,1,0
Xiaosu,tichondrius,2225,demonhunter,havoc,210,108,102
Ehtend,sargeras,2106,demonhunter,havoc,78,42,36
Insomniaq,sargeras,2102,demonhunter,havoc,115,62,53
Ehtend,malganis,2101,demonhunter,havoc,103,51,52
Demoncouch,malganis,2088,demonhunter,havoc,78,41,37
Ordorll,area-52,2075,demonhunter,havoc,96,53,43
Taegos,tichondrius,2066,demonhunter,havoc,263,130,133
Lighost,tichondrius,2061,demonhunter,havoc,162,81,81
Nézuko,eldrethalas,2048,demonhunter,havoc,99,53,46
Blode,tichondrius,2004,demonhunter,havoc,60,39,21
Reps,hydraxis,1978,demonhunter,havoc,108,60,48
Terrorsong,tichondrius,1970,demonhunter,havoc,71,45,26
Lifting,illidan,1960,demonhunter,havoc,84,40,44
Jøsem,ragnaros,1957,demonhunter,havoc,82,43,39
Boos,moon-guard,1946,demonhunter,havoc,82,41,41
Lademon,tichondrius,1939,demonhunter,havoc,78,41,37
Xtickles,frostmourne,1937,demonhunter,havoc,142,71,71
Xch,aegwynn,1932,demonhunter,havoc,136,74,62
Felz,illidan,1931,demonhunter,havoc,80,39,41
Kohî,sargeras,1924,demonhunter,havoc,53,27,26
Càrnagex,tichondrius,1912,demonhunter,havoc,132,68,64
Ouru,area-52,1911,demonhunter,havoc,66,37,29
Cromega,malganis,1906,demonhunter,havoc,108,50,58
Mvpdh,area-52,1905,demonhunter,havoc,55,32,23
Lemilion,wyrmrest-accord,1903,demonhunter,havoc,53,27,26
Winsforgold,area-52,1899,demonhunter,havoc,54,32,22
Seorae,tichondrius,1892,demonhunter,havoc,54,32,22
Medrathis,wyrmrest-accord,1891,demonhunter,havoc,42,26,16
Junma,tichondrius,1874,demonhunter,havoc,84,47,37
Badhábits,sargeras,1873,demonhunter,havoc,36,23,13
Mvqqdh,tichondrius,1872,demonhunter,havoc,42,20,22
Nasadh,tichondrius,1868,demonhunter,havoc,60,30,30
Dwilk,sargeras,1867,demonhunter,havoc,84,38,46
Leothero,area-52,1863,demonhunter,havoc,54,28,26
Solit,illidan,1861,demonhunter,havoc,60,31,29
Azrethec,wyrmrest-accord,1855,demonhunter,havoc,108,62,46
Bippy,durotan,1853,demonhunter,havoc,90,44,46
Griphunt,tichondrius,1849,demonhunter,havoc,76,43,33
Asdazanis,nemesis,1838,demonhunter,havoc,56,30,26
Calpoot,stormscale,1831,demonhunter,havoc,41,23,18
Raiinier,sargeras,1830,demonhunter,havoc,72,45,27
Divide,tichondrius,1830,demonhunter,havoc,106,58,48
Maverzz,area-52,1828,demonhunter,havoc,35,20,15
Takagi,kirin-tor,1828,demonhunter,havoc,221,120,101
Mevadow,bleeding-hollow,1827,demonhunter,havoc,96,44,52
Migey,thrall,1825,demonhunter,havoc,112,65,47
Stellitas,ragnaros,1825,demonhunter,havoc,60,30,30
Vanarion,area-52,1825,demonhunter,havoc,84,36,48
Beerdash,area-52,1825,demonhunter,havoc,66,28,38
Dhcn,tichondrius,1823,demonhunter,havoc,35,20,15
Darkrai,area-52,1823,demonhunter,havoc,132,73,59
Monfel,dalaran,1821,demonhunter,havoc,84,54,30
Gesture,malganis,1820,demonhunter,havoc,112,72,40
Karonisam,dalaran,1820,demonhunter,havoc,61,32,29
ßöb,aggramar,1820,demonhunter,havoc,48,22,26
Rosinanta,malygos,1818,demonhunter,havoc,86,46,40
Axalark,nemesis,1817,demonhunter,havoc,42,23,19
Ðavid,firetree,1817,demonhunter,havoc,90,48,42
Rufio,nesingwary,1813,demonhunter,havoc,54,25,29
Eldiablaso,malganis,1812,demonhunter,havoc,36,19,17
Lucifèr,uther,1812,demonhunter,havoc,59,28,31
Failtimeboat,terenas,1811,demonhunter,havoc,56,32,24
Joshallen,malganis,1811,demonhunter,havoc,90,46,44
Tyskeram,bleeding-hollow,1810,demonhunter,havoc,81,47,34
Feldarath,sargeras,1807,demonhunter,havoc,133,76,57
Bitcoingodx,tichondrius,1804,demonhunter,havoc,78,47,31
Dewk,ghostlands,1801,demonhunter,havoc,57,29,28
Thânatøs,nemesis,1801,demonhunter,havoc,69,35,34
Fruitbatx,tichondrius,1801,demonhunter,havoc,72,35,37
Icecokelime,black-dragonflight,1800,demonhunter,havoc,38,20,18
Deathbladezx,tichondrius,1800,demonhunter,havoc,47,23,24
Ruffolina,azralon,1799,demonhunter,havoc,145,83,62
Donaldjr,area-52,1798,demonhunter,havoc,69,42,27
Busting,tichondrius,1797,demonhunter,havoc,36,19,17
Nuktukdh,moon-guard,1791,demonhunter,havoc,68,30,38
Ystkz,tichondrius,1790,demonhunter,havoc,69,36,33
Bigbadmad,stormrage,1785,demonhunter,havoc,96,48,48
Tømåtøgøðx,sargeras,1780,demonhunter,havoc,132,65,67
Oddblindguy,area-52,1777,demonhunter,havoc,30,22,8
Potspoon,tichondrius,1766,demonhunter,havoc,108,54,54
Helenquinn,kelthuzad,1764,demonhunter,havoc,42,30,12
Crittic,thrall,1764,demonhunter,havoc,54,25,29
Garbage,illidan,1762,demonhunter,havoc,72,36,36
Mizaru,moon-guard,1756,demonhunter,havoc,29,19,10
Sadgirlx,area-52,1756,demonhunter,havoc,54,28,26
Cyrøcryphä,quelthalas,1755,demonhunter,havoc,56,28,28
Remh,bleeding-hollow,1753,demonhunter,havoc,188,98,90
Immortalsinz,dalaran,1747,demonhunter,havoc,112,48,64
Noobstaa,area-52,1745,demonhunter,havoc,48,34,14
Ökìtycoón,proudmoore,1745,demonhunter,havoc,42,25,17
Andthrx,area-52,1742,demonhunter,havoc,89,43,46
Wildh,stormrage,1741,demonhunter,havoc,48,28,20
Brotherz,tichondrius,1741,demonhunter,havoc,77,35,42
Stellartv,tichondrius,1740,demonhunter,havoc,53,26,27
Zatharas,stormrage,1738,demonhunter,havoc,86,44,42
Devotio,emerald-dream,1737,demonhunter,havoc,54,33,21
Furious,tichondrius,1737,demonhunter,havoc,48,23,25
Hoochee,lightnings-blade,1735,demonhunter,havoc,73,39,34
Firstsol,stormrage,1734,demonhunter,havoc,54,33,21
Harríson,tichondrius,1734,demonhunter,havoc,96,47,49
Wickbeams,barthilas,1731,demonhunter,havoc,47,25,22
Netherbane,azgalor,1723,demonhunter,havoc,42,22,20
Doejah,stormrage,1722,demonhunter,havoc,38,21,17
Zetara,malganis,1718,demonhunter,havoc,24,18,6
Ubetterun,azralon,1718,demonhunter,havoc,99,52,47
Çhan,tichondrius,1717,demonhunter,havoc,153,79,74
Theprodigy,malganis,1715,demonhunter,havoc,48,25,23
Dayvenie,area-52,1714,demonhunter,havoc,77,40,37
Thehonor,tichondrius,1713,demonhunter,havoc,65,36,29
Aetheris,bleeding-hollow,1709,demonhunter,havoc,78,34,44
Demabrak,azralon,1707,demonhunter,havoc,47,23,24
Xeylin,sargeras,1703,demonhunter,havoc,54,34,20
Nopohunter,burning-blade,1699,demonhunter,havoc,47,31,16
Anihilum,zuljin,1699,demonhunter,havoc,54,34,20
Nb,silvermoon,1699,demonhunter,havoc,42,22,20
Raahjxz,sargeras,1696,demonhunter,havoc,36,24,12
Chiesa,sargeras,1695,demonhunter,havoc,34,27,7
Tendiës,tichondrius,1695,demonhunter,havoc,44,23,21
Flyudzhin,azgalor,1695,demonhunter,havoc,104,51,53
Munyanyô,moon-guard,1691,demonhunter,havoc,41,26,15
Tubaki,tichondrius,1691,demonhunter,havoc,35,19,16
Speedh,area-52,1691,demonhunter,havoc,36,18,18
Deaforalive,malganis,1690,demonhunter,havoc,96,54,42
Cöcainë,stormrage,1689,demonhunter,havoc,36,24,12
Deathlex,sargeras,1688,demonhunter,havoc,48,26,22
Vapegodxqt,aegwynn,1682,demonhunter,havoc,39,21,18
Sicknizzle,area-52,1679,demonhunter,havoc,60,32,28
Thundiir,area-52,1679,demonhunter,havoc,42,21,21
Kìed,kiljaeden,1675,demonhunter,havoc,36,18,18
Hogmandh,illidan,1675,demonhunter,havoc,42,20,22
Buddyyguy,illidan,1675,demonhunter,havoc,102,45,57
Kázeshini,frostmourne,1673,demonhunter,havoc,72,31,41
Ahsref,stormrage,1670,demonhunter,havoc,36,20,16
Bloodhunter,exodar,1668,demonhunter,havoc,92,53,39
Lilise,kiljaeden,1665,demonhunter,havoc,51,25,26
Boagz,area-52,1660,demonhunter,havoc,84,48,36
Nolabb,tichondrius,1659,demonhunter,havoc,72,38,34
Nadlli,bleeding-hollow,1659,demonhunter,havoc,67,32,35
Ilìdarì,zuljin,1657,demonhunter,havoc,33,20,13
Scylus,tichondrius,1655,demonhunter,havoc,42,27,15
Azexion,malganis,1655,demonhunter,havoc,52,25,27
Sáìto,arthas,1654,demonhunter,havoc,30,19,11
Ðaredevil,azralon,1650,demonhunter,havoc,36,22,14
Sarynrae,malganis,1647,demonhunter,havoc,40,21,19
Asheng,cairne,1646,demonhunter,havoc,45,22,23
Skyez,moon-guard,1646,demonhunter,havoc,56,20,36
Karmakula,tichondrius,1642,demonhunter,havoc,65,34,31
Biognosis,ragnaros,1642,demonhunter,havoc,66,28,38
Gamernation,area-52,1640,demonhunter,havoc,45,24,21
Sivà,tichondrius,1640,demonhunter,havoc,66,35,31
Vândel,kelthuzad,1639,demonhunter,havoc,47,22,25
Needlepoint,illidan,1635,demonhunter,havoc,35,22,13
Dyldh,tichondrius,1635,demonhunter,havoc,51,30,21
Khaõs,tichondrius,1635,demonhunter,havoc,54,22,32
Synthwäve,area-52,1634,demonhunter,havoc,36,23,13
Joric,dalaran,1634,demonhunter,havoc,48,30,18
Accidcleaves,sargeras,1632,demonhunter,havoc,48,26,22
Seraphïel,khaz-modan,1631,demonhunter,havoc,36,23,13
Mvqdh,illidan,1630,demonhunter,havoc,30,17,13
Cezkia,hyjal,1629,demonhunter,havoc,72,36,36
Randomdh,zuljin,1623,demonhunter,havoc,40,21,19
Zeroheaven,stormrage,1621,demonhunter,havoc,48,19,29
Hehehaha,wyrmrest-accord,1620,demonhunter,havoc,30,20,10
Warlasher,zuljin,1615,demonhunter,havoc,114,60,54
Dingowango,illidan,1615,demonhunter,havoc,42,19,23
Anathørn,ragnaros,1612,demonhunter,havoc,42,23,19
Dammitbôbby,tichondrius,1609,demonhunter,havoc,103,58,45
Yiptaw,area-52,1608,demonhunter,havoc,55,29,26
Zoenin,illidan,1606,demonhunter,havoc,42,17,25
Dawgzo,thunderhorn,1604,demonhunter,havoc,24,17,7
Mavrush,malganis,1604,demonhunter,havoc,54,31,23
Nándÿ,tichondrius,1603,demonhunter,havoc,39,23,16
Shale,gilneas,1602,demonhunter,havoc,70,35,35
Phaintx,tichondrius,1602,demonhunter,havoc,36,18,18
Ariodh,area-52,1602,demonhunter,havoc,36,17,19
Gjoat,tichondrius,1600,demonhunter,havoc,42,19,23
Tenthslayer,frostmourne,1598,demonhunter,havoc,30,17,13
Smqkepvrpp,zuljin,1595,demonhunter,havoc,30,18,12
Glaivediggar,barthilas,1595,demonhunter,havoc,52,21,31
Vendeem,moonrunner,1594,demonhunter,havoc,62,32,30
Fellhamer,malganis,1594,demonhunter,havoc,39,18,21
Mcspicyy,tichondrius,1589,demonhunter,havoc,36,20,16
Reito,ragnaros,1589,demonhunter,havoc,53,29,24
Crixxus,zuljin,1589,demonhunter,havoc,42,19,23
Azinoht,ragnaros,1589,demonhunter,havoc,60,24,36
Progenji,azralon,1585,demonhunter,havoc,36,21,15
ßlurr,moon-guard,1582,demonhunter,havoc,80,46,34
Oshinoko,area-52,1581,demonhunter,havoc,51,26,25
Kaelclaira,dalvengyr,1580,demonhunter,havoc,60,29,31
Jaybeezy,balnazzar,1580,demonhunter,havoc,42,18,24
Ptsdh,bloodhoof,1578,demonhunter,havoc,36,22,14
Corngodx,sargeras,1578,demonhunter,havoc,96,47,49
Rôsè,tichondrius,1577,demonhunter,havoc,34,19,15
Ironsightsdh,dalaran,1577,demonhunter,havoc,35,19,16
Mamif,korgath,1575,demonhunter,havoc,56,29,27
Kaedri,burning-blade,1575,demonhunter,havoc,74,34,40
Demoncastx,tichondrius,1574,demonhunter,havoc,44,26,18
Wsickformula,gilneas,1574,demonhunter,havoc,86,49,37
Perspirant,malganis,1571,demonhunter,havoc,35,19,16
Askvivian,sargeras,1569,demonhunter,havoc,37,21,16
Baalböski,tichondrius,1567,demonhunter,havoc,46,20,26
Kssmee,korgath,1565,demonhunter,havoc,42,23,19
Stefdh,tichondrius,1565,demonhunter,havoc,39,19,20
Vynthar,wyrmrest-accord,1565,demonhunter,havoc,124,59,65
Sheepone,tichondrius,1564,demonhunter,havoc,24,19,5
Chîsäki,quelthalas,1562,demonhunter,havoc,49,25,24
Daymanhunter,bleeding-hollow,1562,demonhunter,havoc,53,26,27
Landorus,barthilas,1562,demonhunter,havoc,59,27,32
Darkrasta,ragnaros,1562,demonhunter,havoc,78,34,44
Cuper,tichondrius,1561,demonhunter,havoc,60,32,28
Enfirok,duskwood,1560,demonhunter,havoc,125,67,58
Yqpro,tichondrius,1558,demonhunter,havoc,95,50,45
Xanthalos,wyrmrest-accord,1557,demonhunter,havoc,55,21,34
Dèmonhuntèr,tichondrius,1555,demonhunter,havoc,66,34,32
Gorillidan,kelthuzad,1553,demonhunter,havoc,30,18,12
Taszyn,blackrock,1550,demonhunter,havoc,56,31,25
Ferano,frostmourne,1547,demonhunter,havoc,78,33,45
Feelmybush,barthilas,1541,demonhunter,havoc,54,23,31
Scoplyn,malfurion,1535,demonhunter,havoc,60,30,30
Shyisback,area-52,1534,demonhunter,havoc,72,40,32
Tichóndrius,tichondrius,1528,demonhunter,havoc,65,34,31
Emopidgeon,dalaran,1525,demonhunter,havoc,30,16,14
Mattdizzle,illidan,1524,demonhunter,havoc,24,17,7
Jk,dreadmaul,1522,demonhunter,havoc,52,28,24
Iim,tichondrius,1522,demonhunter,havoc,53,22,31
Knuckifubuck,frostwolf,1521,demonhunter,havoc,76,41,35
Ossivil,ragnaros,1516,demonhunter,havoc,72,30,42
Brútalgore,area-52,1515,demonhunter,havoc,74,39,35
Xday,tichondrius,1512,demonhunter,havoc,77,37,40
Deadpixellz,illidan,1511,demonhunter,havoc,76,39,37
Obsidians,korgath,1508,demonhunter,havoc,25,17,8
Ethhunter,proudmoore,1503,demonhunter,havoc,36,16,20
Abigëil,quelthalas,1489,demonhunter,havoc,32,17,15
Jaysavage,eitrigg,1488,demonhunter,havoc,51,27,24
Varthalos,thrall,1485,demonhunter,havoc,60,38,22
Aiapaec,wyrmrest-accord,1484,demonhunter,havoc,89,45,44
Nooksuh,bleeding-hollow,1473,demonhunter,havoc,29,16,13
Gubydal,frostmourne,1473,demonhunter,havoc,29,16,13
Falachio,tichondrius,1472,demonhunter,havoc,31,19,12
Zackfair,burning-legion,1470,demonhunter,havoc,81,42,39
Kegu,stormrage,1469,demonhunter,havoc,54,20,34
Gomesdhunter,azralon,1466,demonhunter,havoc,88,47,41
Mazakein,tichondrius,1462,demonhunter,havoc,30,16,14
Gohamx,illidan,1462,demonhunter,havoc,92,45,47
Eery,tichondrius,1461,demonhunter,havoc,71,35,36
Hellnkeller,tichondrius,1459,demonhunter,havoc,36,16,20
Somethingstu,sargeras,1458,demonhunter,havoc,28,18,10
Darknezzl,ragnaros,1457,demonhunter,havoc,75,33,42
Coohiyan,tichondrius,1455,demonhunter,havoc,30,18,12
Alli,bleeding-hollow,1454,demonhunter,havoc,49,28,21
Sciatic,area-52,1454,demonhunter,havoc,68,33,35
Grizzop,sargeras,1453,demonhunter,havoc,60,31,29
Eyecandyxo,grizzly-hills,1452,demonhunter,havoc,37,20,17
Órph,sargeras,1452,demonhunter,havoc,42,22,20
Wangasaurus,emerald-dream,1452,demonhunter,havoc,54,26,28
Bucx,barthilas,1445,demonhunter,havoc,60,36,24
Nicodine,tichondrius,1445,demonhunter,havoc,57,31,26
Faphunter,illidan,1441,demonhunter,havoc,87,50,37
Ilydos,emerald-dream,1441,demonhunter,havoc,60,29,31
Tychondrius,earthen-ring,1438,demonhunter,havoc,47,22,25
Molchamp,kelthuzad,1438,demonhunter,havoc,60,27,33
Lravanal,quelthalas,1435,demonhunter,havoc,24,17,7
Fametrap,tichondrius,1435,demonhunter,havoc,24,15,9
Rekttx,area-52,1435,demonhunter,havoc,30,18,12
Ìke,quelthalas,1435,demonhunter,havoc,30,15,15
Soyboycuck,emerald-dream,1435,demonhunter,havoc,30,15,15
Lazydeamon,frostmourne,1432,demonhunter,havoc,36,15,21
Dridri,quelthalas,1430,demonhunter,havoc,44,21,23
Mybus,tichondrius,1429,demonhunter,havoc,72,32,40
Nolights,area-52,1427,demonhunter,havoc,68,30,38
Ergzydh,frostmourne,1427,demonhunter,havoc,48,21,27
Vlääd,ragnaros,1422,demonhunter,havoc,71,32,39
Irisand,ragnaros,1422,demonhunter,havoc,36,15,21
Moylecrumbs,stormrage,1420,demonhunter,havoc,72,35,37
Valka,emerald-dream,1417,demonhunter,havoc,88,47,41
Junmà,tichondrius,1413,demonhunter,havoc,24,15,9
Bremdh,thrall,1413,demonhunter,havoc,30,15,15
Crayoz,tichondrius,1412,demonhunter,havoc,59,34,25
Genruis,area-52,1410,demonhunter,havoc,61,30,31
Softkyll,area-52,1404,demonhunter,havoc,253,133,120
Nekrosdaeva,zuljin,1402,demonhunter,havoc,37,19,18
Boonchu,frostmourne,1402,demonhunter,havoc,34,15,19
Radamanthysi,azralon,1401,demonhunter,havoc,54,34,20
Yodiegang,nazgrel,1400,demonhunter,havoc,24,15,9
Felseal,frostmourne,1399,demonhunter,havoc,47,29,18
Skace,jubeithos,1397,demonhunter,havoc,102,56,46
Torments,area-52,1397,demonhunter,havoc,30,15,15
Alganoth,malfurion,1394,demonhunter,havoc,42,24,18
Miroir,silvermoon,1390,demonhunter,havoc,87,43,44
Saaldh,zuljin,1389,demonhunter,havoc,29,15,14
Lostsoulzz,tichondrius,1383,demonhunter,havoc,45,28,17
Ranir,doomhammer,1383,demonhunter,havoc,48,20,28
Macacøbrr,azralon,1382,demonhunter,havoc,29,15,14
Demonicfish,malganis,1379,demonhunter,havoc,24,16,8
Exequion,ragnaros,1378,demonhunter,havoc,30,20,10
Fhors,tichondrius,1371,demonhunter,havoc,42,25,17
Gaìjîn,barthilas,1370,demonhunter,havoc,54,28,26
Illusiondh,tichondrius,1367,demonhunter,havoc,35,25,10
Kazdh,sargeras,1367,demonhunter,havoc,48,25,23
Furiel,quelthalas,1364,demonhunter,havoc,33,17,16
Methany,saurfang,1364,demonhunter,havoc,57,24,33
Kakster,tichondrius,1362,demonhunter,havoc,54,29,25
Duhan,tichondrius,1361,demonhunter,havoc,66,37,29
Ronkasprince,thunderlord,1361,demonhunter,havoc,92,41,51
Gittgudd,area-52,1359,demonhunter,havoc,22,15,7
Inkubuz,sargeras,1356,demonhunter,havoc,102,53,49
Gwendanzig,zangarmarsh,1355,demonhunter,havoc,54,25,29
Hornedelf,frostmourne,1353,demonhunter,havoc,35,19,16
Metagoblin,tichondrius,1352,demonhunter,havoc,30,15,15
Sacredtree,tichondrius,1350,demonhunter,havoc,26,15,11
Vegan,magtheridon,1345,demonhunter,havoc,24,16,8
Rem,stormrage,1344,demonhunter,havoc,69,37,32
Silvs,illidan,1342,demonhunter,havoc,150,87,63
Thêpunisher,ragnaros,1342,demonhunter,havoc,100,50,50
Theflurry,tichondrius,1342,demonhunter,havoc,36,14,22
Rânkle,darkspear,1338,demonhunter,havoc,44,23,21
Litzilla,thrall,1335,demonhunter,havoc,36,18,18
Sikarnix,stormrage,1335,demonhunter,havoc,36,14,22
Layli,azralon,1332,demonhunter,havoc,36,21,15
Ikilldemonz,thrall,1331,demonhunter,havoc,24,14,10
Alaron,wildhammer,1331,demonhunter,havoc,57,33,24
Ralløszek,illidan,1325,demonhunter,havoc,24,14,10
Kuramou,area-52,1322,demonhunter,havoc,24,14,10
Villumninati,tichondrius,1322,demonhunter,havoc,42,22,20
Gigavlad,area-52,1317,demonhunter,havoc,30,14,16
Thechaz,bleeding-hollow,1316,demonhunter,havoc,48,32,16
Nepzz,stormrage,1315,demonhunter,havoc,36,18,18
Bjj,bonechewer,1314,demonhunter,havoc,52,29,23
Sicklyslick,frostmourne,1313,demonhunter,havoc,25,15,10
Yønkou,stormrage,1300,demonhunter,havoc,96,47,49
Chromatïc,jubeithos,1300,demonhunter,havoc,42,15,27
Belial,haomarush,1299,demonhunter,havoc,54,28,26
Xillidan,area-52,1298,demonhunter,havoc,60,39,21
Loreney,quelthalas,1298,demonhunter,havoc,84,33,51
Revvup,tichondrius,1294,demonhunter,havoc,71,33,38
Henry,tichondrius,1293,demonhunter,havoc,27,16,11
Johnconnor,tichondrius,1292,demonhunter,havoc,41,14,27
Sillyslayadk,moon-guard,1289,demonhunter,havoc,108,60,48
Draenkz,ragnaros,1287,demonhunter,havoc,46,15,31
Bitskii,kelthuzad,1286,demonhunter,havoc,29,14,15
Jellous,rivendare,1286,demonhunter,havoc,36,14,22
Swoffordsr,tichondrius,1283,demonhunter,havoc,36,17,19
Kereses,bonechewer,1282,demonhunter,havoc,36,21,15
Kaelidan,kelthuzad,1280,demonhunter,havoc,53,28,25
Rizzaarrdd,tichondrius,1279,demonhunter,havoc,74,37,37
Roughins,chogall,1278,demonhunter,havoc,51,28,23
Malviciouss,tichondrius,1274,demonhunter,havoc,36,15,21
Xein,khazgoroth,1272,demonhunter,havoc,36,14,22
Whataboutbob,korgath,1268,demonhunter,havoc,36,14,22
Mortiria,dalaran,1267,demonhunter,havoc,42,18,24
Tattedandfab,stormrage,1265,demonhunter,havoc,102,44,58
Violegrace,area-52,1265,demonhunter,havoc,56,22,34
Diversityabc,bleeding-hollow,1262,demonhunter,havoc,66,27,39
Telrindyl,moon-guard,1258,demonhunter,havoc,57,34,23
Powertaco,tichondrius,1258,demonhunter,havoc,54,23,31
Eullz,skullcrusher,1257,demonhunter,havoc,31,14,17
Xà,sargeras,1256,demonhunter,havoc,36,14,22
Krizo,frostmourne,1250,demonhunter,havoc,30,15,15
Tendies,tichondrius,1248,demonhunter,havoc,24,13,11
Ilovenina,sargeras,1247,demonhunter,havoc,24,13,11
Gènji,tichondrius,1246,demonhunter,havoc,24,13,11
Mårth,caelestrasz,1246,demonhunter,havoc,36,19,17
Madepp,tichondrius,1246,demonhunter,havoc,30,13,17
Deathsweep,tichondrius,1244,demonhunter,havoc,24,13,11
Alizqt,ragnaros,1244,demonhunter,havoc,24,13,11
Pythongodx,azralon,1243,demonhunter,havoc,24,13,11
Skilla,frostmourne,1242,demonhunter,havoc,64,31,33
Halftruth,stormrage,1242,demonhunter,havoc,34,15,19
Folkmagic,proudmoore,1241,demonhunter,havoc,24,13,11
Dashxo,tichondrius,1240,demonhunter,havoc,24,13,11
Tydriedian,dalaran,1239,demonhunter,havoc,18,13,5
Narandra,malganis,1239,demonhunter,havoc,36,13,23
Alast,emerald-dream,1237,demonhunter,havoc,30,13,17
Zétta,area-52,1236,demonhunter,havoc,24,13,11
Sikäria,malganis,1229,demonhunter,havoc,24,13,11
Tyredris,kelthuzad,1226,demonhunter,havoc,24,13,11
Ovèrrated,area-52,1224,demonhunter,havoc,52,20,32
Tezrian,earthen-ring,1221,demonhunter,havoc,24,13,11
Ixix,proudmoore,1219,demonhunter,havoc,56,28,28
Devwillhuntu,barthilas,1216,demonhunter,havoc,80,42,38
Soulsteall,tichondrius,1213,demonhunter,havoc,24,14,10
Tekkamanevil,tichondrius,1212,demonhunter,havoc,144,67,77
Keelin,ragnaros,1212,demonhunter,havoc,28,13,15
Bzrp,stormrage,1210,demonhunter,havoc,40,23,17
Spicywings,arthas,1209,demonhunter,havoc,42,18,24
Nomfries,malganis,1205,demonhunter,havoc,28,13,15
Raradane,illidan,1203,demonhunter,havoc,18,13,5
Hellspawnn,malganis,1200,demonhunter,havoc,44,24,20
Etherëäl,stormrage,1194,demonhunter,havoc,53,32,21
Lory,eldrethalas,1192,demonhunter,havoc,30,18,12
Erazuz,stormrage,1188,demonhunter,havoc,30,13,17
Thedaz,frostmourne,1185,demonhunter,havoc,114,52,62
Cyberpsycho,illidan,1184,demonhunter,havoc,30,14,16
Sleepyjobe,sargeras,1183,demonhunter,havoc,16,13,3
Zématador,azralon,1183,demonhunter,havoc,72,37,35
Fenomeno,tichondrius,1182,demonhunter,havoc,28,13,15
Tyrelara,durotan,1179,demonhunter,havoc,23,13,10
Revean,darkspear,1176,demonhunter,havoc,42,22,20
Emeress,illidan,1174,demonhunter,havoc,29,13,16
Buzzmezaddy,bleeding-hollow,1170,demonhunter,havoc,63,28,35
Glayve,emerald-dream,1165,demonhunter,havoc,67,31,36
Blazed,thrall,1164,demonhunter,havoc,94,46,48
Ozark,barthilas,1162,demonhunter,havoc,18,14,4
Zoruv,quelthalas,1160,demonhunter,havoc,27,14,13
Pilyn,ragnaros,1160,demonhunter,havoc,36,15,21
Asmoday,warsong,1158,demonhunter,havoc,48,29,19
Xragii,kelthuzad,1152,demonhunter,havoc,24,12,12
Kioka,khaz-modan,1151,demonhunter,havoc,18,12,6
Thêdràïñgáñg,jubeithos,1151,demonhunter,havoc,24,12,12
Wompo,wyrmrest-accord,1151,demonhunter,havoc,24,12,12
Fasnk,tichondrius,1150,demonhunter,havoc,24,12,12
Jcosta,tichondrius,1150,demonhunter,havoc,25,12,13
Qixoni,emerald-dream,1150,demonhunter,havoc,30,12,18
Littlewolfie,illidan,1146,demonhunter,havoc,24,12,12
Kaelthys,nordrassil,1145,demonhunter,havoc,18,12,6
Skinnrd,malganis,1142,demonhunter,havoc,24,12,12
Kagraxxis,stormrage,1141,demonhunter,havoc,21,13,8
Fellight,bonechewer,1139,demonhunter,havoc,35,21,14
Torophz,azralon,1139,demonhunter,havoc,30,12,18
Pupupoo,tichondrius,1138,demonhunter,havoc,18,12,6
Gouge,hakkar,1138,demonhunter,havoc,37,20,17
Elidani,area-52,1138,demonhunter,havoc,30,12,18
Endyr,area-52,1136,demonhunter,havoc,25,12,13
Wormli,moon-guard,1133,demonhunter,havoc,24,12,12
Superbug,quelthalas,1133,demonhunter,havoc,30,13,17
Zévron,area-52,1132,demonhunter,havoc,24,12,12
Aeonys,stormrage,1130,demonhunter,havoc,18,12,6
Ibeatrix,malorne,1124,demonhunter,havoc,24,18,6
Drachyn,darkspear,1118,demonhunter,havoc,29,12,17
Lilliåna,kiljaeden,1115,demonhunter,havoc,50,22,28
Ghostzface,sargeras,1114,demonhunter,havoc,36,21,15
Hawkowicz,tichondrius,1101,demonhunter,havoc,133,63,70
Imjustbad,malganis,1095,demonhunter,havoc,30,18,12
Jennesis,tichondrius,1092,demonhunter,havoc,54,23,31
Nixsa,area-52,1091,demonhunter,havoc,31,13,18
Spamsamich,stormscale,1087,demonhunter,havoc,47,26,21
Kelmar,stormreaver,1084,demonhunter,havoc,32,12,20
Talyethsam,shadowsong,1077,demonhunter,havoc,26,12,14
Misfortune,bloodscalp,1076,demonhunter,havoc,36,15,21
Faalleen,quelthalas,1059,demonhunter,havoc,18,12,6
Syrine,veknilash,1059,demonhunter,havoc,72,41,31
Illadra,fizzcrank,1058,demonhunter,havoc,23,12,11
Mamazboy,area-52,1056,demonhunter,havoc,18,11,7
Deviljane,illidan,1056,demonhunter,havoc,18,11,7
Brbpetmycat,zuljin,1056,demonhunter,havoc,24,11,13
Sypï,malganis,1056,demonhunter,havoc,24,11,13
Dealer,frostmourne,1055,demonhunter,havoc,18,11,7
Fëlla,tanaris,1055,demonhunter,havoc,18,11,7
Larandaa,sargeras,1055,demonhunter,havoc,18,11,7
Dãnishroll,illidan,1055,demonhunter,havoc,30,11,19
Balancedtoon,tichondrius,1054,demonhunter,havoc,18,11,7
Decoi,tichondrius,1054,demonhunter,havoc,18,11,7
Thumôss,malganis,1054,demonhunter,havoc,18,11,7
Spicyblades,stormrage,1054,demonhunter,havoc,47,21,26
Mudßutt,malganis,1054,demonhunter,havoc,30,11,19
Häruun,quelthalas,1053,demonhunter,havoc,18,11,7
Messenoire,area-52,1051,demonhunter,havoc,26,11,15
Mood,stonemaul,1050,demonhunter,havoc,18,11,7
Ønsen,tichondrius,1049,demonhunter,havoc,29,11,18
Vuse,moon-guard,1048,demonhunter,havoc,24,11,13
Creamin,thrall,1047,demonhunter,havoc,18,11,7
Legäult,bleeding-hollow,1047,demonhunter,havoc,33,17,16
Callux,black-dragonflight,1047,demonhunter,havoc,30,11,19
Kellytgt,perenolde,1045,demonhunter,havoc,18,11,7
Demonslaier,dragonblight,1043,demonhunter,havoc,20,12,8
Cherlas,blood-furnace,1042,demonhunter,havoc,24,11,13
Mursiless,drenden,1041,demonhunter,havoc,18,11,7
Dejay,thunderhorn,1041,demonhunter,havoc,18,11,7
Rickinmorty,lightnings-blade,1041,demonhunter,havoc,18,11,7
Blinddh,bleeding-hollow,1041,demonhunter,havoc,26,11,15
Dameon,wildhammer,1027,demonhunter,havoc,48,24,24
Chinadh,tichondrius,1022,demonhunter,havoc,23,11,12
Jënesis,illidan,1022,demonhunter,havoc,62,26,36
Dirtyvitus,gorefiend,1018,demonhunter,havoc,24,16,8
Eikichi,bleeding-hollow,1009,demonhunter,havoc,54,26,28
Demonhunter,kirin-tor,1005,demonhunter,havoc,23,12,11
Seamenhunter,garrosh,1004,demonhunter,havoc,24,12,12
Brunoqt,azralon,1004,demonhunter,havoc,23,11,12
Xanthee,drakkari,1000,demonhunter,havoc,45,22,23
Annabow,moon-guard,993,demonhunter,havoc,48,27,21
Xxann,tichondrius,991,demonhunter,havoc,26,11,15
Churchpls,stormrage,990,demonhunter,havoc,28,11,17
Syrio,frostmourne,988,demonhunter,havoc,23,11,12
Lüky,malganis,986,demonhunter,havoc,22,11,11
Clorhídrico,quelthalas,964,demonhunter,havoc,36,16,20
Kslicedevil,dalaran,964,demonhunter,havoc,36,15,21
Felswamp,zuljin,960,demonhunter,havoc,18,10,8
Postodesaúde,azralon,960,demonhunter,havoc,18,10,8
Yaboiswift,stormrage,960,demonhunter,havoc,18,10,8
Lancee,zuljin,960,demonhunter,havoc,24,10,14
Ntts,tichondrius,960,demonhunter,havoc,24,10,14
Sätän,malganis,959,demonhunter,havoc,18,10,8
Valerrias,area-52,959,demonhunter,havoc,18,10,8
Supadupä,stormrage,959,demonhunter,havoc,18,10,8
Purplekuush,bleeding-hollow,959,demonhunter,havoc,18,10,8
Hoguriders,tichondrius,959,demonhunter,havoc,24,10,14
Scriptyscrip,dark-iron,959,demonhunter,havoc,30,10,20
Esomet,stormrage,958,demonhunter,havoc,21,13,8
Yaety,tichondrius,958,demonhunter,havoc,18,10,8
Planeinsky,malganis,958,demonhunter,havoc,18,10,8
Vandeste,tichondrius,958,demonhunter,havoc,24,10,14
Alwaysin,zuljin,957,demonhunter,havoc,18,10,8
Zunfooki,stormrage,957,demonhunter,havoc,18,10,8
Randôm,kelthuzad,957,demonhunter,havoc,21,11,10
Gilberte,stormrage,957,demonhunter,havoc,24,10,14
Eugenyackle,bleeding-hollow,956,demonhunter,havoc,12,10,2
Cäldo,tichondrius,956,demonhunter,havoc,18,10,8
Kalmora,frostmourne,956,demonhunter,havoc,18,10,8
Jagidan,area-52,955,demonhunter,havoc,24,10,14
Xibir,amanthul,953,demonhunter,havoc,24,10,14
Mázoku,shuhalo,951,demonhunter,havoc,20,11,9
Ghótam,quelthalas,950,demonhunter,havoc,24,10,14
Letzgobrandn,silvermoon,948,demonhunter,havoc,18,10,8
Demonizhe,thrall,944,demonhunter,havoc,43,22,21
Shawnchad,blood-furnace,937,demonhunter,havoc,109,54,55
Vladdtepes,cairne,932,demonhunter,havoc,36,20,16
Deegsdh,sargeras,932,demonhunter,havoc,27,10,17
Gozer,korialstrasz,929,demonhunter,havoc,36,12,24
Lillidum,azralon,927,demonhunter,havoc,45,21,24
Eraticdh,illidan,926,demonhunter,havoc,23,10,13
Keeblerself,tichondrius,925,demonhunter,havoc,24,11,13
Imwhack,frostmane,924,demonhunter,havoc,22,10,12
Andyhunter,emerald-dream,915,demonhunter,havoc,30,16,14
Troigh,thunderlord,912,demonhunter,havoc,60,29,31
Malthazaan,stormrage,895,demonhunter,havoc,14,10,4
Rissélys,thrall,894,demonhunter,havoc,30,15,15
Mikiller,thrall,880,demonhunter,havoc,37,18,19
Ripchimmii,illidan,880,demonhunter,havoc,25,10,15
Blacktocki,barthilas,878,demonhunter,havoc,22,10,12
Faarkyou,barthilas,868,demonhunter,havoc,26,10,16
Pennyx,barthilas,864,demonhunter,havoc,12,9,3
Ravevê,area-52,864,demonhunter,havoc,12,9,3
Brackmagik,barthilas,864,demonhunter,havoc,12,9,3
Remuko,tichondrius,864,demonhunter,havoc,18,9,9
Airmax,tichondrius,864,demonhunter,havoc,18,9,9
Kalikanzar,sargeras,864,demonhunter,havoc,18,9,9
Tarro,whisperwind,864,demonhunter,havoc,18,9,9
Beerbreak,area-52,864,demonhunter,havoc,24,9,15
Giselah,malganis,864,demonhunter,havoc,24,9,15
Subieshift,sargeras,863,demonhunter,havoc,15,10,5
Rothdh,tichondrius,863,demonhunter,havoc,15,10,5
Creãtuss,area-52,863,demonhunter,havoc,15,10,5
Orosz,bleeding-hollow,863,demonhunter,havoc,18,9,9
Naelaksa,tichondrius,863,demonhunter,havoc,18,9,9
Checkmate,bleeding-hollow,863,demonhunter,havoc,24,9,15
Colinn,illidan,862,demonhunter,havoc,12,9,3
Hugehogger,boulderfist,862,demonhunter,havoc,18,9,9
Allenqt,azralon,861,demonhunter,havoc,18,9,9
Throniren,stormrage,861,demonhunter,havoc,18,9,9
Foxdie,bonechewer,861,demonhunter,havoc,18,9,9
Hellboss,dalaran,860,demonhunter,havoc,12,9,3
Bodemön,stormrage,860,demonhunter,havoc,18,9,9
Elevateztko,stormrage,859,demonhunter,havoc,24,9,15
Onlypain,korgath,858,demonhunter,havoc,24,9,15
Demonbane,moon-guard,857,demonhunter,havoc,18,9,9
Aflex,zuljin,855,demonhunter,havoc,18,9,9
Adryr,eredar,855,demonhunter,havoc,18,9,9
Miltonpickle,tichondrius,855,demonhunter,havoc,24,9,15
Dartanyn,tichondrius,853,demonhunter,havoc,24,9,15
Drackista,stormrage,852,demonhunter,havoc,18,9,9
Hasbeen,tichondrius,847,demonhunter,havoc,15,10,5
Aussiepleb,nagrand,846,demonhunter,havoc,87,37,50
Chronicsmoke,blood-furnace,842,demonhunter,havoc,18,9,9
Wut,nemesis,824,demonhunter,havoc,36,16,20
Zachfortnite,emerald-dream,816,demonhunter,havoc,15,10,5
Gwîlym,area-52,794,demonhunter,havoc,14,9,5
Kitnix,proudmoore,780,demonhunter,havoc,19,9,10
Çópê,sargeras,768,demonhunter,havoc,12,8,4
Surkkdh,tichondrius,768,demonhunter,havoc,12,8,4
Viio,proudmoore,768,demonhunter,havoc,12,8,4
Cegocruel,sargeras,768,demonhunter,havoc,13,8,5
Killuaqt,frostmourne,768,demonhunter,havoc,18,8,10
Ohanadh,ragnaros,768,demonhunter,havoc,18,8,10
Thegoph,bleeding-hollow,768,demonhunter,havoc,18,8,10
Veilmaya,arthas,768,demonhunter,havoc,18,8,10
Mcgurty,illidan,768,demonhunter,havoc,18,8,10
Hoonjojjyana,tichondrius,768,demonhunter,havoc,18,8,10
Ripidan,stormrage,768,demonhunter,havoc,24,8,16
Doomantwo,sargeras,768,demonhunter,havoc,24,8,16
Hellrazer,area-52,767,demonhunter,havoc,12,8,4
Sìlençe,illidan,767,demonhunter,havoc,12,8,4
Blackmvp,tichondrius,767,demonhunter,havoc,12,8,4
Ehrapist,kelthuzad,767,demonhunter,havoc,12,8,4
Netherbird,malganis,767,demonhunter,havoc,12,8,4
Anatema,illidan,767,demonhunter,havoc,12,8,4
Xonu,sargeras,767,demonhunter,havoc,12,8,4
Lethalblows,darkspear,767,demonhunter,havoc,15,9,6
Loadedtruck,frostmourne,766,demonhunter,havoc,12,8,4
Aedice,gurubashi,766,demonhunter,havoc,18,8,10
Lû,arthas,765,demonhunter,havoc,24,8,16
Baejuhyun,kiljaeden,764,demonhunter,havoc,12,8,4
Chungg,laughing-skull,764,demonhunter,havoc,18,8,10
Dömönic,illidan,764,demonhunter,havoc,18,8,10
Cursesoul,area-52,763,demonhunter,havoc,12,8,4
Syrena,mugthol,763,demonhunter,havoc,18,8,10
Sodiaksd,quelthalas,762,demonhunter,havoc,18,8,10
Illhuntya,bonechewer,758,demonhunter,havoc,18,8,10
Covidneitor,drakkari,752,demonhunter,havoc,18,8,10
Demonkratoz,ragnaros,734,demonhunter,havoc,22,8,14
Lrianna,senjin,706,demonhunter,havoc,17,8,9
Bukwheat,thunderhorn,699,demonhunter,havoc,42,16,26
Memoryleaky,proudmoore,696,demonhunter,havoc,11,8,3
Warassassin,stormrage,672,demonhunter,havoc,12,7,5
Evelynee,illidan,672,demonhunter,havoc,12,7,5
Sucio,khaz-modan,672,demonhunter,havoc,12,7,5
Missjotab,tichondrius,672,demonhunter,havoc,12,7,5
Dabsfordayz,zuluhed,672,demonhunter,havoc,12,7,5
Darthwhorë,frostmane,672,demonhunter,havoc,12,7,5
Croches,tichondrius,672,demonhunter,havoc,12,7,5
Pubelice,draenor,672,demonhunter,havoc,12,7,5
Reddh,bleeding-hollow,672,demonhunter,havoc,12,7,5
Demonthorne,illidan,672,demonhunter,havoc,12,7,5
Mèw,bleeding-hollow,672,demonhunter,havoc,12,7,5
Frostchaos,ragnaros,672,demonhunter,havoc,12,7,5
Mamadorx,azralon,672,demonhunter,havoc,12,7,5
Mustardtigër,bleeding-hollow,672,demonhunter,havoc,12,7,5
Ariaxy,sargeras,672,demonhunter,havoc,12,7,5
Flamehunter,durotan,672,demonhunter,havoc,13,7,6
Sëlene,antonidas,672,demonhunter,havoc,15,8,7
Faceurdemons,frostmourne,672,demonhunter,havoc,18,7,11
Yasuo,moon-guard,672,demonhunter,havoc,18,7,11
Xøtourlife,malganis,672,demonhunter,havoc,18,7,11
Moistybreeze,frostmourne,672,demonhunter,havoc,18,7,11
Ídunno,kiljaeden,672,demonhunter,havoc,18,7,11
Getpoodon,sargeras,672,demonhunter,havoc,18,7,11
Skyfly,stormscale,672,demonhunter,havoc,24,7,17
Gtåte,azjolnerub,672,demonhunter,havoc,24,7,17
Fiebzz,queldorei,671,demonhunter,havoc,12,7,5
Ogmon,tichondrius,671,demonhunter,havoc,12,7,5
Cleår,kelthuzad,671,demonhunter,havoc,12,7,5
Larnol,moon-guard,671,demonhunter,havoc,12,7,5
Cascadingeye,emerald-dream,671,demonhunter,havoc,12,7,5
Kwoop,tichondrius,671,demonhunter,havoc,12,7,5
Unóhana,drakkari,671,demonhunter,havoc,12,7,5
Creamboi,stormrage,671,demonhunter,havoc,12,7,5
Felraven,scarlet-crusade,671,demonhunter,havoc,12,7,5
Dadoftheyear,destromath,671,demonhunter,havoc,12,7,5
Felbreak,stormrage,671,demonhunter,havoc,18,7,11
Hyphonìc,area-52,671,demonhunter,havoc,18,7,11
Ðarkone,ragnaros,671,demonhunter,havoc,24,7,17
Darthmah,illidan,670,demonhunter,havoc,12,7,5
Báléríón,area-52,670,demonhunter,havoc,12,7,5
Bijix,area-52,670,demonhunter,havoc,12,7,5
Vivas,tichondrius,670,demonhunter,havoc,18,7,11
Swarlee,kiljaeden,668,demonhunter,havoc,18,7,11
Endoshiva,icecrown,666,demonhunter,havoc,18,7,11
Doomhead,burning-legion,658,demonhunter,havoc,12,7,5
Luzev,thrall,657,demonhunter,havoc,12,7,5
Siicknote,frostmourne,654,demonhunter,havoc,17,7,10
Ripperxx,zuljin,653,demonhunter,havoc,18,7,11
Purpsquirter,stormscale,653,demonhunter,havoc,21,8,13
Lëif,stormrage,652,demonhunter,havoc,18,7,11
Pegásus,kiljaeden,639,demonhunter,havoc,10,7,3
Bliqué,emerald-dream,633,demonhunter,havoc,17,7,10
Bofxo,sargeras,624,demonhunter,havoc,15,7,8
Bigtitiemilk,tichondrius,623,demonhunter,havoc,11,7,4
Gebblemon,aerie-peak,623,demonhunter,havoc,17,7,10
Mqvdh,area-52,618,demonhunter,havoc,39,8,31
Galaxezz,bonechewer,612,demonhunter,havoc,15,8,7
Røllnautløw,aegwynn,607,demonhunter,havoc,8,7,1
Xiaochicken,tichondrius,607,demonhunter,havoc,14,7,7
Turecdh,illidan,607,demonhunter,havoc,14,7,7
Attritionx,sargeras,605,demonhunter,havoc,11,7,4
Ragiixoxo,tichondrius,576,demonhunter,havoc,6,6,0
Cyånan,bleeding-hollow,576,demonhunter,havoc,17,10,7
Majnun,moon-guard,576,demonhunter,havoc,12,6,6
Vida,winterhoof,576,demonhunter,havoc,12,6,6
Audara,sargeras,576,demonhunter,havoc,12,6,6
Manmilker,bleeding-hollow,576,demonhunter,havoc,12,6,6
Zyer,mannoroth,576,demonhunter,havoc,12,6,6
Solriel,malganis,576,demonhunter,havoc,12,6,6
Felontis,sargeras,576,demonhunter,havoc,12,6,6
Moranah,tichondrius,576,demonhunter,havoc,12,6,6
Rlycoolclass,zuljin,576,demonhunter,havoc,12,6,6
Pabloh,trollbane,576,demonhunter,havoc,12,6,6
Basdminority,bleeding-hollow,576,demonhunter,havoc,12,6,6
Qualitycaulk,tichondrius,576,demonhunter,havoc,12,6,6
Kyuno,eitrigg,576,demonhunter,havoc,12,6,6
Kenmu,ragnaros,576,demonhunter,havoc,12,6,6
Trillidan,mugthol,576,demonhunter,havoc,12,6,6
Niteclawla,illidan,576,demonhunter,havoc,12,6,6
Slapxy,illidan,576,demonhunter,havoc,12,6,6
Weskerz,illidan,576,demonhunter,havoc,12,6,6
Abadina,illidan,576,demonhunter,havoc,12,6,6
Stalkdemon,azralon,576,demonhunter,havoc,12,6,6
Promitto,tichondrius,576,demonhunter,havoc,12,6,6
Whatdagoof,tichondrius,576,demonhunter,havoc,12,6,6
Ahsoka,arygos,576,demonhunter,havoc,15,7,8
Jaauk,ragnaros,576,demonhunter,havoc,16,7,9
Kelan,borean-tundra,576,demonhunter,havoc,18,6,12
Busta,dethecus,576,demonhunter,havoc,18,6,12
Vyrai,lightbringer,576,demonhunter,havoc,18,6,12
Abscarnage,ragnaros,576,demonhunter,havoc,18,6,12
Chabashira,tichondrius,576,demonhunter,havoc,19,6,13
Orgasmia,tichondrius,576,demonhunter,havoc,24,6,18
Scarshine,frostmourne,576,demonhunter,havoc,24,6,18
Illidice,tichondrius,575,demonhunter,havoc,12,6,6
Tyindorin,gurubashi,575,demonhunter,havoc,12,6,6
Diizy,illidan,575,demonhunter,havoc,12,6,6
Veladoria,malorne,575,demonhunter,havoc,12,6,6
Rèlentless,moon-guard,575,demonhunter,havoc,12,6,6
Lysol,darrowmere,575,demonhunter,havoc,12,6,6
Hootyeahbou,shattered-hand,575,demonhunter,havoc,12,6,6
Felbòy,korgath,575,demonhunter,havoc,12,6,6
Liquidblaze,elune,575,demonhunter,havoc,12,6,6
Greent,stormrage,575,demonhunter,havoc,12,6,6
Falaszun,aegwynn,575,demonhunter,havoc,12,6,6
Elenamarth,kiljaeden,575,demonhunter,havoc,12,6,6
Durello,stormrage,575,demonhunter,havoc,12,6,6
Smoothtaco,azshara,575,demonhunter,havoc,12,6,6
Daiks,proudmoore,575,demonhunter,havoc,12,6,6
Salveya,stormrage,575,demonhunter,havoc,20,6,14
Yåkuza,daggerspine,575,demonhunter,havoc,24,6,18
Ðruh,kelthuzad,574,demonhunter,havoc,18,6,12
Lanistus,bloodhoof,570,demonhunter,havoc,18,6,12
Rampyr,terokkar,569,demonhunter,havoc,12,6,6
Kreel,ghostlands,568,demonhunter,havoc,12,6,6
Thjoannys,illidan,567,demonhunter,havoc,12,6,6
Dalmandra,arthas,559,demonhunter,havoc,11,6,5
Kêydën,ragnaros,541,demonhunter,havoc,10,7,3
Dhwhat,stormrage,527,demonhunter,havoc,11,6,5
Wokeaf,malganis,527,demonhunter,havoc,11,6,5
Shizune,boulderfist,525,demonhunter,havoc,11,6,5
Wickedlurker,sargeras,519,demonhunter,havoc,17,9,8
Soure,azralon,511,demonhunter,havoc,14,6,8
Antistar,emerald-dream,511,demonhunter,havoc,20,6,14
Ceried,moon-guard,491,demonhunter,havoc,13,6,7
Lumh,quelthalas,480,demonhunter,havoc,6,5,1
Cynthadra,frostmourne,480,demonhunter,havoc,6,5,1
Nephxz,tichondrius,480,demonhunter,havoc,6,5,1
Apõz,tichondrius,480,demonhunter,havoc,6,5,1
Prazethesun,emerald-dream,480,demonhunter,havoc,6,5,1
Ljevilin,gilneas,480,demonhunter,havoc,6,5,1
Milfhuñter,sargeras,480,demonhunter,havoc,6,5,1
Ottie,kelthuzad,480,demonhunter,havoc,6,5,1
Zuppashi,area-52,480,demonhunter,havoc,12,5,7
Harahmbae,moon-guard,480,demonhunter,havoc,12,5,7
Elchapotko,tichondrius,480,demonhunter,havoc,12,5,7
Sailtheskies,tichondrius,480,demonhunter,havoc,12,5,7
Darkglaive,ragnaros,480,demonhunter,havoc,12,5,7
Domeemommy,moon-guard,480,demonhunter,havoc,12,5,7
Maddummy,tichondrius,480,demonhunter,havoc,12,5,7
Demondurk,illidan,480,demonhunter,havoc,12,5,7
Uneasydh,tichondrius,480,demonhunter,havoc,12,5,7
Køugami,azralon,480,demonhunter,havoc,12,5,7
Roughcut,blackrock,480,demonhunter,havoc,12,5,7
Karmadh,malganis,480,demonhunter,havoc,12,5,7
Haax,azralon,480,demonhunter,havoc,12,5,7
Untouchèd,bleeding-hollow,480,demonhunter,havoc,12,5,7
Hippygamer,frostmourne,480,demonhunter,havoc,12,5,7
Paypaldh,malganis,480,demonhunter,havoc,12,5,7
Delaían,drakkari,480,demonhunter,havoc,12,5,7
Omgshesocute,hyjal,480,demonhunter,havoc,12,5,7
Chaosfienddh,bleeding-hollow,480,demonhunter,havoc,12,5,7
Oddlysimple,korgath,480,demonhunter,havoc,12,5,7
Bátmañ,stormrage,480,demonhunter,havoc,12,5,7
Zlr,bleeding-hollow,480,demonhunter,havoc,12,5,7
Faster,tichondrius,480,demonhunter,havoc,12,5,7
Gogungho,tichondrius,480,demonhunter,havoc,12,5,7
Dontplanahea,tichondrius,480,demonhunter,havoc,12,5,7
Dhyzz,proudmoore,480,demonhunter,havoc,12,5,7
Hyptonique,queldorei,480,demonhunter,havoc,12,5,7
Chupillidan,tichondrius,480,demonhunter,havoc,12,5,7
Onbloodfam,kelthuzad,480,demonhunter,havoc,12,5,7
Finagel,destromath,480,demonhunter,havoc,12,5,7
Bllackclover,zuljin,480,demonhunter,havoc,12,5,7
Dàrk,zuljin,480,demonhunter,havoc,23,7,16
Barael,tichondrius,480,demonhunter,havoc,18,5,13
Soulrending,stormrage,480,demonhunter,havoc,18,5,13
Breezoo,tichondrius,479,demonhunter,havoc,6,5,1
Rytesx,moon-guard,479,demonhunter,havoc,6,5,1
Flyingsky,tichondrius,479,demonhunter,havoc,6,5,1
Andarïel,bleeding-hollow,479,demonhunter,havoc,6,5,1
Turbochadbro,spirestone,479,demonhunter,havoc,6,5,1
ßoobiemiles,area-52,479,demonhunter,havoc,12,5,7
Kushidari,tichondrius,479,demonhunter,havoc,12,5,7
Kritik,goldrinn,478,demonhunter,havoc,12,5,7
Midnightlord,tichondrius,477,demonhunter,havoc,6,5,1
Blops,emerald-dream,475,demonhunter,havoc,12,5,7
Mentoes,tichondrius,473,demonhunter,havoc,12,5,7
Leg,scilla,448,demonhunter,havoc,10,5,5
Mewmewkitty,tichondrius,447,demonhunter,havoc,11,5,6
Fugabag,thrall,447,demonhunter,havoc,11,5,6
Raum,elune,443,demonhunter,havoc,8,6,2
Bituhvic,stormrage,431,demonhunter,havoc,11,5,6
Rhaast,executus,430,demonhunter,havoc,15,6,9
Funky,draenor,420,demonhunter,havoc,22,8,14
Wheredyougo,proudmoore,416,demonhunter,havoc,10,5,5
Raenorion,kelthuzad,415,demonhunter,havoc,8,5,3
Blinddude,sargeras,415,demonhunter,havoc,14,5,9
Bladezues,tichondrius,415,demonhunter,havoc,14,5,9
Teenis,malygos,412,demonhunter,havoc,14,5,9
Neshaan,stormreaver,401,demonhunter,havoc,32,17,15
Hypetraindh,kelthuzad,384,demonhunter,havoc,6,4,2
Extínctíon,moon-guard,384,demonhunter,havoc,6,4,2
Nihilist,kaelthas,384,demonhunter,havoc,6,4,2
Spasmodiic,illidan,384,demonhunter,havoc,6,4,2
Déörwine,quelthalas,384,demonhunter,havoc,6,4,2
Hellmetal,quelthalas,384,demonhunter,havoc,6,4,2
Stormville,illidan,384,demonhunter,havoc,6,4,2
Intrusive,kelthuzad,384,demonhunter,havoc,6,4,2
Hordesback,illidan,384,demonhunter,havoc,6,4,2
Ãstoreth,quelthalas,384,demonhunter,havoc,6,4,2
Bogged,emerald-dream,384,demonhunter,havoc,6,4,2
Souliz,tichondrius,384,demonhunter,havoc,6,4,2
Khaosx,ragnaros,384,demonhunter,havoc,6,4,2
Smilingbomb,tichondrius,384,demonhunter,havoc,6,4,2
Tragedydh,sargeras,384,demonhunter,havoc,6,4,2
Yågåmist,dalaran,384,demonhunter,havoc,6,4,2
Cupernacus,tichondrius,384,demonhunter,havoc,6,4,2
Darkrëaper,azralon,384,demonhunter,havoc,6,4,2
Bigdingding,area-52,384,demonhunter,havoc,6,4,2
Whudaz,tichondrius,384,demonhunter,havoc,6,4,2
Deezhuntz,anvilmar,384,demonhunter,havoc,6,4,2
Diëgo,gallywix,384,demonhunter,havoc,6,4,2
Yuppx,tichondrius,384,demonhunter,havoc,6,4,2
Heygriffin,proudmoore,384,demonhunter,havoc,6,4,2
Ineptbb,frostmourne,384,demonhunter,havoc,6,4,2
Jellehx,frostmourne,384,demonhunter,havoc,6,4,2
Everdh,barthilas,384,demonhunter,havoc,6,4,2
Sleepyjoeb,illidan,384,demonhunter,havoc,6,4,2
Bopersdh,drakkari,384,demonhunter,havoc,6,4,2
Cloudzzy,illidan,384,demonhunter,havoc,6,4,2
Parabolicc,illidan,384,demonhunter,havoc,6,4,2
Flirtyscythe,illidan,384,demonhunter,havoc,6,4,2
Cococat,tichondrius,384,demonhunter,havoc,6,4,2
Verasu,kiljaeden,384,demonhunter,havoc,6,4,2
Theownz,stormrage,384,demonhunter,havoc,6,4,2
Besoween,tichondrius,384,demonhunter,havoc,6,4,2
Danloesh,silver-hand,384,demonhunter,havoc,6,4,2
Yukisyn,proudmoore,384,demonhunter,havoc,6,4,2
Äòégämîñg,stormrage,384,demonhunter,havoc,6,4,2
Khaito,illidan,384,demonhunter,havoc,6,4,2
Igotdc,tichondrius,384,demonhunter,havoc,7,4,3
Siksix,bleeding-hollow,384,demonhunter,havoc,12,4,8
Wherwelandin,zuljin,384,demonhunter,havoc,12,4,8
Mavèrick,thrall,384,demonhunter,havoc,12,4,8
Sathsong,tichondrius,384,demonhunter,havoc,12,4,8
Älönë,thrall,384,demonhunter,havoc,12,4,8
Temporarý,bleeding-hollow,384,demonhunter,havoc,12,4,8
Billmcawsom,proudmoore,384,demonhunter,havoc,12,4,8
Rolecheck,tichondrius,384,demonhunter,havoc,12,4,8
Fenthras,thrall,384,demonhunter,havoc,12,4,8
Mommafingers,illidan,384,demonhunter,havoc,12,4,8
Zzatmikaze,area-52,384,demonhunter,havoc,12,4,8
Sektõr,dalaran,384,demonhunter,havoc,12,4,8
Kruptikos,tichondrius,384,demonhunter,havoc,12,4,8
Dhsoop,tichondrius,384,demonhunter,havoc,12,4,8
Vorlimornd,illidan,384,demonhunter,havoc,12,4,8
Contactfront,whisperwind,384,demonhunter,havoc,12,4,8
Valdiran,duskwood,384,demonhunter,havoc,12,4,8
Felhunt,ragnaros,384,demonhunter,havoc,12,4,8
Mikemyoffice,illidan,384,demonhunter,havoc,12,4,8
Maisus,illidan,384,demonhunter,havoc,12,4,8
Fraxxured,proudmoore,384,demonhunter,havoc,12,4,8
Heallscrean,drakkari,384,demonhunter,havoc,12,4,8
Sinhful,darkspear,384,demonhunter,havoc,12,4,8
Separate,stormrage,384,demonhunter,havoc,12,4,8
Noliaclap,sargeras,384,demonhunter,havoc,12,4,8
Xylëm,tichondrius,384,demonhunter,havoc,12,4,8
Wowcoldcold,barthilas,384,demonhunter,havoc,12,4,8
Uchulu,quelthalas,384,demonhunter,havoc,12,4,8
Drîp,moon-guard,384,demonhunter,havoc,12,4,8
Hàuntress,saurfang,384,demonhunter,havoc,12,4,8
Allidox,tichondrius,384,demonhunter,havoc,12,4,8
Alphatoo,area-52,384,demonhunter,havoc,15,4,11
Fuujiin,tol-barad,384,demonhunter,havoc,18,4,14
Noobender,malganis,384,demonhunter,havoc,18,4,14
Roodblurz,zuljin,384,demonhunter,havoc,18,4,14
Severon,stormrage,383,demonhunter,havoc,6,4,2
Gretadumberg,area-52,383,demonhunter,havoc,6,4,2
Demondrëad,lightbringer,383,demonhunter,havoc,9,5,4
Vellinaris,zuljin,383,demonhunter,havoc,12,4,8
Slaytan,darkspear,383,demonhunter,havoc,12,4,8
Çherrii,moon-guard,382,demonhunter,havoc,6,4,2
Riicardo,ragnaros,382,demonhunter,havoc,6,4,2
Xiin,cenarion-circle,382,demonhunter,havoc,12,4,8
Bckzy,sargeras,381,demonhunter,havoc,12,4,8
Findoratoqc,darrowmere,351,demonhunter,havoc,11,4,7
Backtolumby,bleeding-hollow,336,demonhunter,havoc,9,4,5
Xiruu,area-52,336,demonhunter,havoc,15,5,10
Deadlysin,dragonmaw,336,demonhunter,havoc,15,4,11
Fingerjamsx,area-52,335,demonhunter,havoc,11,4,7
Criyn,kelthuzad,330,demonhunter,havoc,17,5,12
Rivent,dethecus,319,demonhunter,havoc,14,4,10
Gibbz,wyrmrest-accord,304,demonhunter,havoc,11,5,6
Broneill,blood-furnace,288,demonhunter,havoc,6,3,3
Ravack,stormrage,288,demonhunter,havoc,6,3,3
Ylydary,ragnaros,288,demonhunter,havoc,6,3,3
Bossdh,zuljin,288,demonhunter,havoc,6,3,3
Zoomie,durotan,288,demonhunter,havoc,6,3,3
Sloôtybag,tichondrius,288,demonhunter,havoc,6,3,3
Aslowbust,tichondrius,288,demonhunter,havoc,6,3,3
Hemmerdainz,kelthuzad,288,demonhunter,havoc,6,3,3
Cocomeld,tichondrius,288,demonhunter,havoc,6,3,3
Zalenn,whisperwind,288,demonhunter,havoc,6,3,3
Feltini,whisperwind,288,demonhunter,havoc,6,3,3
Rákdos,illidan,288,demonhunter,havoc,6,3,3
Asukaxox,illidan,288,demonhunter,havoc,6,3,3
Bammski,tichondrius,288,demonhunter,havoc,6,3,3
Fiveiq,malganis,288,demonhunter,havoc,6,3,3
Onií,bleeding-hollow,288,demonhunter,havoc,6,3,3
Dgj,kelthuzad,288,demonhunter,havoc,6,3,3
Thunderrbolt,illidan,288,demonhunter,havoc,6,3,3
Walluped,malganis,288,demonhunter,havoc,6,3,3
Mèrlyn,sargeras,288,demonhunter,havoc,6,3,3
Adycatt,illidan,288,demonhunter,havoc,6,3,3
Riodh,area-52,288,demonhunter,havoc,6,3,3
Treyydh,illidan,288,demonhunter,havoc,6,3,3
Kamakhasi,bleeding-hollow,288,demonhunter,havoc,6,3,3
Demontrue,tichondrius,288,demonhunter,havoc,6,3,3
Cassadega,sargeras,288,demonhunter,havoc,6,3,3
Rhynóe,illidan,288,demonhunter,havoc,6,3,3
Nerco,bleeding-hollow,288,demonhunter,havoc,6,3,3
Talsaris,drakthul,288,demonhunter,havoc,6,3,3
Shacco,bleeding-hollow,288,demonhunter,havoc,6,3,3
Noóve,area-52,288,demonhunter,havoc,6,3,3
Seabisciut,silvermoon,288,demonhunter,havoc,6,3,3
Inva,stormrage,288,demonhunter,havoc,6,3,3
Demonbanter,emerald-dream,288,demonhunter,havoc,6,3,3
Gnatman,skywall,288,demonhunter,havoc,6,3,3
Dzdh,stormrage,288,demonhunter,havoc,6,3,3
Demønical,dalaran,288,demonhunter,havoc,6,3,3
Catastrophis,tichondrius,288,demonhunter,havoc,6,3,3
Thickgary,illidan,288,demonhunter,havoc,6,3,3
Dracxus,sargeras,288,demonhunter,havoc,6,3,3
Eyesyk,bonechewer,288,demonhunter,havoc,6,3,3
Ocão,azralon,288,demonhunter,havoc,6,3,3
Darkstein,nathrezim,288,demonhunter,havoc,6,3,3
Cðnstantine,barthilas,288,demonhunter,havoc,6,3,3
Blurblurblur,frostmourne,288,demonhunter,havoc,6,3,3
Gurthbrookz,tichondrius,288,demonhunter,havoc,6,3,3
Xxsozin,skullcrusher,288,demonhunter,havoc,6,3,3
Touched,guldan,288,demonhunter,havoc,6,3,3
Fracxures,area-52,288,demonhunter,havoc,6,3,3
Arlequhin,ragnaros,288,demonhunter,havoc,6,3,3
Velerolas,area-52,288,demonhunter,havoc,6,3,3
Dyingslow,stormrage,288,demonhunter,havoc,6,3,3
Ziyutomioka,moon-guard,288,demonhunter,havoc,6,3,3
Zurg,wyrmrest-accord,288,demonhunter,havoc,6,3,3
Verå,tichondrius,288,demonhunter,havoc,6,3,3
Bkeight,dalaran,288,demonhunter,havoc,6,3,3
Rauwèrs,azralon,288,demonhunter,havoc,6,3,3
Raith,khazgoroth,288,demonhunter,havoc,6,3,3
Kylíejennêr,gilneas,288,demonhunter,havoc,6,3,3
Dogcleave,area-52,288,demonhunter,havoc,6,3,3
Raylêy,tichondrius,288,demonhunter,havoc,6,3,3
Mavrii,executus,288,demonhunter,havoc,6,3,3
Wingsofhavoc,darkspear,288,demonhunter,havoc,6,3,3
Bogdan,azjolnerub,288,demonhunter,havoc,6,3,3
Orsova,area-52,288,demonhunter,havoc,6,3,3
Baka,grizzly-hills,288,demonhunter,havoc,6,3,3
Slodeath,zuljin,288,demonhunter,havoc,6,3,3
Bbteaa,frostmourne,288,demonhunter,havoc,6,3,3
Darkterrôr,sargeras,288,demonhunter,havoc,9,4,5
Dhuck,nemesis,288,demonhunter,havoc,15,4,11
Elflerri,area-52,288,demonhunter,havoc,12,3,9
Zudo,amanthul,288,demonhunter,havoc,12,3,9
Dmfeetpics,dalaran,288,demonhunter,havoc,12,3,9
Denadiirx,area-52,288,demonhunter,havoc,12,3,9
Trekt,blades-edge,288,demonhunter,havoc,12,3,9
Poogzzig,tichondrius,288,demonhunter,havoc,12,3,9
Çløûdïx,tichondrius,288,demonhunter,havoc,12,3,9
Atriax,kelthuzad,288,demonhunter,havoc,12,3,9
Vellassa,stormscale,288,demonhunter,havoc,18,3,15
Devc,stormrage,287,demonhunter,havoc,6,3,3
Haydet,stormrage,287,demonhunter,havoc,6,3,3
Aliniron,illidan,287,demonhunter,havoc,6,3,3
Devilina,khadgar,287,demonhunter,havoc,6,3,3
Cheriste,malganis,287,demonhunter,havoc,14,4,10
Rahgoul,garrosh,287,demonhunter,havoc,12,3,9
Nikator,emerald-dream,255,demonhunter,havoc,11,3,8
Vickyvette,illidan,239,demonhunter,havoc,5,3,2
Hiresol,emerald-dream,239,demonhunter,havoc,5,3,2
Vespherie,moon-guard,234,demonhunter,havoc,8,5,3
Bushwacker,azralon,223,demonhunter,havoc,8,3,5
Neecro,frostmourne,223,demonhunter,havoc,8,3,5
Cobra,quelthalas,208,demonhunter,havoc,7,3,4
Critxclutch,tichondrius,192,demonhunter,havoc,4,3,1
Syrendris,moon-guard,192,demonhunter,havoc,8,3,5
Ivexia,blackrock,192,demonhunter,havoc,6,2,4
Bhuppz,frostmourne,192,demonhunter,havoc,6,2,4
Arkynth,dalaran,192,demonhunter,havoc,6,2,4
Ënky,ragnaros,192,demonhunter,havoc,6,2,4
Swagidan,khaz-modan,192,demonhunter,havoc,6,2,4
Bastaghor,stormrage,192,demonhunter,havoc,6,2,4
Mäläk,zuluhed,192,demonhunter,havoc,6,2,4
Sarithos,frostmourne,192,demonhunter,havoc,6,2,4
Wuya,thrall,192,demonhunter,havoc,6,2,4
Dirtydone,area-52,192,demonhunter,havoc,6,2,4
Jadyne,frostmourne,192,demonhunter,havoc,6,2,4
Krador,wyrmrest-accord,192,demonhunter,havoc,6,2,4
Wowomg,tichondrius,192,demonhunter,havoc,6,2,4
Daracu,aerie-peak,192,demonhunter,havoc,6,2,4
Ossariss,moon-guard,192,demonhunter,havoc,6,2,4
Ragath,bonechewer,192,demonhunter,havoc,6,2,4
Xanthrodril,illidan,192,demonhunter,havoc,6,2,4
Xannaa,illidan,192,demonhunter,havoc,6,2,4
Zergedh,kiljaeden,192,demonhunter,havoc,6,2,4
Lachesix,tichondrius,192,demonhunter,havoc,6,2,4
Felmilk,demon-soul,192,demonhunter,havoc,6,2,4
Devilweef,whisperwind,192,demonhunter,havoc,6,2,4
Daabsdh,thrall,192,demonhunter,havoc,6,2,4
Salomesalvi,proudmoore,192,demonhunter,havoc,6,2,4
Falan,drakthul,192,demonhunter,havoc,6,2,4
Pokoloko,twisting-nether,192,demonhunter,havoc,6,2,4
Kraazi,thrall,192,demonhunter,havoc,6,2,4
Badservice,frostwolf,192,demonhunter,havoc,6,2,4
Carlibeth,illidan,192,demonhunter,havoc,6,2,4
Pariah,saurfang,192,demonhunter,havoc,6,2,4
Demonwaffle,draka,192,demonhunter,havoc,6,2,4
Spacéphoenix,stormrage,192,demonhunter,havoc,6,2,4
Deathschosen,malganis,192,demonhunter,havoc,6,2,4
Xavid,bleeding-hollow,192,demonhunter,havoc,6,2,4
Aleta,firetree,192,demonhunter,havoc,6,2,4
Azuki,lightbringer,192,demonhunter,havoc,6,2,4
Sparklepunch,stormrage,192,demonhunter,havoc,6,2,4
Lillidanss,the-forgotten-coast,192,demonhunter,havoc,6,2,4
Gravelot,quelthalas,192,demonhunter,havoc,6,2,4
Demonfarter,tichondrius,192,demonhunter,havoc,6,2,4
Yhell,darkspear,192,demonhunter,havoc,6,2,4
Kayanson,azralon,192,demonhunter,havoc,6,2,4
Renatha,ragnaros,192,demonhunter,havoc,6,2,4
Lilyanie,stormrage,192,demonhunter,havoc,6,2,4
Lovekills,tichondrius,192,demonhunter,havoc,6,2,4
Zethh,drakkari,192,demonhunter,havoc,6,2,4
Imaginedmg,illidan,192,demonhunter,havoc,6,2,4
Morgoph,burning-legion,192,demonhunter,havoc,6,2,4
Itachiix,sargeras,192,demonhunter,havoc,6,2,4
Ambitiòn,moon-guard,192,demonhunter,havoc,6,2,4
Ratcnt,barthilas,192,demonhunter,havoc,6,2,4
Jozeez,emerald-dream,192,demonhunter,havoc,6,2,4
Wreckforce,blades-edge,192,demonhunter,havoc,6,2,4
Firesworn,zuljin,192,demonhunter,havoc,6,2,4
Berquondh,tichondrius,192,demonhunter,havoc,6,2,4
Rykko,borean-tundra,192,demonhunter,havoc,6,2,4
Annmílls,quelthalas,192,demonhunter,havoc,6,2,4
Frino,steamwheedle-cartel,192,demonhunter,havoc,6,2,4
Freddiedread,bladefist,192,demonhunter,havoc,6,2,4
Texts,norgannon,192,demonhunter,havoc,6,2,4
Blynx,destromath,192,demonhunter,havoc,6,2,4
Cryolite,sargeras,192,demonhunter,havoc,6,2,4
Wartornx,tichondrius,192,demonhunter,havoc,6,2,4
Daso,the-forgotten-coast,192,demonhunter,havoc,6,2,4
Atsudadh,illidan,192,demonhunter,havoc,6,2,4
Reapersauce,illidan,192,demonhunter,havoc,6,2,4
Frøppy,illidan,192,demonhunter,havoc,6,2,4
Gopump,area-52,192,demonhunter,havoc,6,2,4
Tdmturbo,zuluhed,192,demonhunter,havoc,6,2,4
Lilvetis,thrall,192,demonhunter,havoc,6,2,4
Alphmega,malganis,192,demonhunter,havoc,6,2,4
Villoria,kul-tiras,192,demonhunter,havoc,6,2,4
Hávok,sargeras,192,demonhunter,havoc,7,2,5
Qlmm,stormrage,192,demonhunter,havoc,7,2,5
Tiristra,cenarion-circle,192,demonhunter,havoc,8,2,6
Kyska,tichondrius,192,demonhunter,havoc,12,2,10
Catastroz,ragnaros,192,demonhunter,havoc,12,2,10
Hueylucifer,ravencrest,192,demonhunter,havoc,12,2,10
Amdusias,darkspear,192,demonhunter,havoc,12,2,10
Hollownight,area-52,192,demonhunter,havoc,12,2,10
Dangerspud,frostmourne,192,demonhunter,havoc,12,2,10
Sadpepe,bleeding-hollow,192,demonhunter,havoc,12,2,10
Pragma,thrall,192,demonhunter,havoc,12,2,10
Harû,tichondrius,192,demonhunter,havoc,12,2,10
Âduka,illidan,192,demonhunter,havoc,12,2,10
Anguloke,wyrmrest-accord,191,demonhunter,havoc,6,2,4
Aleymar,tichondrius,191,demonhunter,havoc,6,2,4
Abusedchild,dalaran,191,demonhunter,havoc,6,2,4
Wualicho,ragnaros,191,demonhunter,havoc,12,2,10
Tarasam,burning-blade,191,demonhunter,havoc,12,2,10
Feilixx,moon-guard,190,demonhunter,havoc,12,2,10
Ryoga,malganis,159,demonhunter,havoc,5,2,3
Hròðvitnir,quelthalas,138,demonhunter,havoc,8,4,4
Refused,nesingwary,138,demonhunter,havoc,11,4,7
Shanjara,sargeras,138,demonhunter,havoc,15,3,12
Xeil,zuljin,128,demonhunter,havoc,4,2,2
Elfofura,azralon,127,demonhunter,havoc,14,2,12
Evros,tichondrius,96,demonhunter,havoc,3,2,1
Chris,nordrassil,96,demonhunter,havoc,6,1,5
Devî,ragnaros,96,demonhunter,havoc,6,1,5
Theysuffer,scilla,96,demonhunter,havoc,6,1,5
Ðemonhunterx,frostmourne,96,demonhunter,havoc,6,1,5
Chirøn,darkspear,96,demonhunter,havoc,6,1,5
Jhinskui,drakkari,96,demonhunter,havoc,6,1,5
Thedh,ragnaros,96,demonhunter,havoc,6,1,5
Bümb,moon-guard,96,demonhunter,havoc,6,1,5
Painqtxo,area-52,96,demonhunter,havoc,6,1,5
Mazïkeen,uther,96,demonhunter,havoc,6,1,5
Illidunk,tichondrius,96,demonhunter,havoc,6,1,5
Elillidan,emerald-dream,96,demonhunter,havoc,6,1,5
Saladuoduo,illidan,96,demonhunter,havoc,6,1,5
Slycerr,illidan,96,demonhunter,havoc,6,1,5
Izruul,tichondrius,96,demonhunter,havoc,6,1,5
Velravyn,moon-guard,96,demonhunter,havoc,6,1,5
Demonleàf,area-52,96,demonhunter,havoc,6,1,5
Scarolol,malganis,96,demonhunter,havoc,6,1,5
Dhrongor,drakkari,96,demonhunter,havoc,6,1,5
Frenchtoast,bonechewer,96,demonhunter,havoc,6,1,5
Ðemonix,tichondrius,96,demonhunter,havoc,6,1,5
Cantreborn,destromath,96,demonhunter,havoc,6,1,5
Nightsatan,stormrage,96,demonhunter,havoc,6,1,5
Eibizoudh,sargeras,96,demonhunter,havoc,6,1,5
Safikins,tichondrius,96,demonhunter,havoc,6,1,5
Jerry,emerald-dream,96,demonhunter,havoc,6,1,5
Icanmove,area-52,96,demonhunter,havoc,6,1,5
Finnanutt,tichondrius,96,demonhunter,havoc,6,1,5
Boatsnhoze,tichondrius,96,demonhunter,havoc,6,1,5
Itsplague,tichondrius,96,demonhunter,havoc,6,1,5
Gil,moonrunner,96,demonhunter,havoc,6,1,5
Foxzz,tichondrius,96,demonhunter,havoc,6,1,5
Treblig,nerzhul,96,demonhunter,havoc,6,1,5
Memslaw,tichondrius,96,demonhunter,havoc,6,1,5
Jalet,azralon,96,demonhunter,havoc,6,1,5
Dirtyd,dragonmaw,96,demonhunter,havoc,6,1,5
Vëngêåncé,tichondrius,96,demonhunter,havoc,6,1,5
Asharian,wyrmrest-accord,96,demonhunter,havoc,6,1,5
Skylinetime,sargeras,96,demonhunter,havoc,6,1,5
Chakan,burning-legion,96,demonhunter,havoc,6,1,5
Siegfridemon,ragnaros,96,demonhunter,havoc,6,1,5
Gosrend,durotan,96,demonhunter,havoc,7,1,6
Moonsocks,proudmoore,96,demonhunter,havoc,12,1,11
Gnocchis,thrall,96,demonhunter,havoc,12,1,11
Pekkora,illidan,95,demonhunter,havoc,6,1,5
Grolschen,proudmoore,95,demonhunter,havoc,6,1,5
Miskiiv,malganis,79,demonhunter,havoc,5,1,4
Fellchapo,illidan,79,demonhunter,havoc,5,1,4
Mcthiccyy,moon-guard,64,demonhunter,havoc,4,1,3
Shadevon,wyrmrest-accord,64,demonhunter,havoc,4,1,3
Polunochnaya,area-52,64,demonhunter,havoc,4,1,3
Raptorjèsus,azjolnerub,48,demonhunter,havoc,3,1,2
Aryía,stormrage,48,demonhunter,havoc,3,1,2
Unjust,darkspear,48,demonhunter,havoc,3,1,2
Xaryic,stormrage,42,demonhunter,havoc,16,5,11
Worcraf,ragnaros,42,demonhunter,havoc,8,2,6
Aríes,dreadmaul,31,demonhunter,havoc,2,1,1
Pooterjuice,shadowmoon,31,demonhunter,havoc,2,1,1
Lathazar,darkspear,16,demonhunter,havoc,1,1,0
Iwasright,stonemaul,1457,demonhunter,vengeance,66,31,35
Jersey,proudmoore,1091,demonhunter,vengeance,29,17,12
Ferano,frostmourne,288,demonhunter,vengeance,6,3,3
Irisand,ragnaros,288,demonhunter,vengeance,6,3,3
Agricornia,tichondrius,287,demonhunter,vengeance,6,3,3
Çherrii,moon-guard,286,demonhunter,vengeance,6,3,3
Asderel,zuljin,192,demonhunter,vengeance,6,2,4
Aleymar,tichondrius,96,demonhunter,vengeance,6,1,5
Grovetenderx,tichondrius,2238,druid,restoration,86,53,33
Kobaishome,tichondrius,2148,druid,restoration,119,70,49
Linful,tichondrius,2141,druid,restoration,179,92,87
Flóp,dalaran,2110,druid,restoration,72,41,31
Couragé,ragnaros,2108,druid,restoration,135,68,67
Andrwceo,stormrage,2104,druid,restoration,60,37,23
Renner,zuljin,2082,druid,restoration,96,47,49
Vers,dathremar,2037,druid,restoration,90,43,47
Shaylyne,moonrunner,2026,druid,restoration,69,41,28
Dannycarry,tichondrius,2025,druid,restoration,59,32,27
Hchls,tichondrius,2019,druid,restoration,82,43,39
Racialmotive,illidan,2000,druid,restoration,123,70,53
Omkin,tichondrius,1962,druid,restoration,72,36,36
Plorenz,zuljin,1952,druid,restoration,89,51,38
Rorae,tichondrius,1950,druid,restoration,137,68,69
Mengniulol,tichondrius,1941,druid,restoration,84,49,35
Shiftýx,tichondrius,1925,druid,restoration,71,38,33
Tizzyy,eredar,1921,druid,restoration,78,43,35
Brenden,area-52,1921,druid,restoration,72,38,34
Bestrun,tichondrius,1920,druid,restoration,66,35,31
Sanlunainiu,tichondrius,1915,druid,restoration,166,73,93
Davidqx,zuljin,1882,druid,restoration,42,30,12
Saxhouse,illidan,1881,druid,restoration,60,34,26
Darkenëd,dalaran,1880,druid,restoration,68,41,27
Szwlol,tichondrius,1877,druid,restoration,136,73,63
Eddí,illidan,1872,druid,restoration,64,32,32
Rindy,rexxar,1869,druid,restoration,72,37,35
Ksz,stormrage,1867,druid,restoration,42,25,17
Angrygochux,tichondrius,1856,druid,restoration,65,31,34
Guqingshuang,tichondrius,1855,druid,restoration,73,35,38
Rèmix,bleeding-hollow,1847,druid,restoration,42,23,19
Oinkme,kiljaeden,1846,druid,restoration,60,30,30
Creamcow,tichondrius,1843,druid,restoration,52,28,24
Mimidelol,tichondrius,1839,druid,restoration,66,36,30
Gluesmoka,icecrown,1836,druid,restoration,54,31,23
Gankstanerdz,tichondrius,1835,druid,restoration,113,55,58
Reehz,stormrage,1834,druid,restoration,53,25,28
Bodytwisting,tichondrius,1828,druid,restoration,48,29,19
Lotiononmyd,illidan,1828,druid,restoration,135,74,61
Pvpgold,illidan,1827,druid,restoration,71,39,32
Rerolldr,firetree,1826,druid,restoration,42,24,18
Heymeow,tichondrius,1825,druid,restoration,60,24,36
Lenya,bleeding-hollow,1821,druid,restoration,63,34,29
Brendenjr,area-52,1819,druid,restoration,45,32,13
Leafowl,tichondrius,1817,druid,restoration,36,22,14
Currants,lightbringer,1815,druid,restoration,132,61,71
Taaienberg,sargeras,1814,druid,restoration,42,23,19
Geddoff,stormrage,1813,druid,restoration,81,38,43
Tunnaris,ragnaros,1811,druid,restoration,71,33,38
Kenái,nemesis,1810,druid,restoration,30,19,11
Hlchs,tichondrius,1810,druid,restoration,36,22,14
Corcovado,bleeding-hollow,1809,druid,restoration,66,31,35
Yggdrasil,ravencrest,1805,druid,restoration,65,31,34
Kayorva,gurubashi,1804,druid,restoration,47,24,23
Nayko,sargeras,1801,druid,restoration,72,30,42
Ivý,shadowsong,1800,druid,restoration,41,28,13
Mengyu,tichondrius,1800,druid,restoration,64,41,23
Héisénbérg,sargeras,1800,druid,restoration,81,44,37
Jegara,auchindoun,1800,druid,restoration,137,74,63
Reizzy,sargeras,1794,druid,restoration,42,20,22
Corbind,arthas,1783,druid,restoration,151,78,73
Jdown,dalaran,1772,druid,restoration,76,43,33
Kruisberg,sargeras,1769,druid,restoration,29,19,10
Surefacts,dathremar,1738,druid,restoration,40,21,19
Branchmanagr,dark-iron,1736,druid,restoration,54,23,31
Janzak,thrall,1735,druid,restoration,36,20,16
Airmeodaddy,barthilas,1730,druid,restoration,44,24,20
Liangpibro,illidan,1724,druid,restoration,36,22,14
Drjelly,tichondrius,1707,druid,restoration,76,32,44
Hideurkidz,tichondrius,1699,druid,restoration,39,23,16
Facegotrake,stormrage,1698,druid,restoration,66,39,27
Remus,hydraxis,1696,druid,restoration,48,23,25
Gotheels,illidan,1685,druid,restoration,29,18,11
Pootyleaf,daggerspine,1678,druid,restoration,54,27,27
Treenleaves,stormrage,1675,druid,restoration,282,145,137
Thasta,blackrock,1674,druid,restoration,100,52,48
Boonsogan,tichondrius,1672,druid,restoration,36,18,18
Pizzatimex,zuluhed,1669,druid,restoration,60,31,29
Lifeboomer,ragnaros,1665,druid,restoration,22,20,2
Dirtdog,uther,1664,druid,restoration,47,21,26
Legitonedge,zuljin,1662,druid,restoration,55,30,25
Fattdiabetic,tichondrius,1660,druid,restoration,36,20,16
Anaps,frostmourne,1656,druid,restoration,42,25,17
Zoteqt,kelthuzad,1653,druid,restoration,36,21,15
Dendrix,area-52,1653,druid,restoration,48,26,22
Addiedru,area-52,1650,druid,restoration,45,23,22
Ekr,tichondrius,1650,druid,restoration,36,18,18
Druidstin,tichondrius,1649,druid,restoration,162,84,78
Defteras,illidan,1647,druid,restoration,42,21,21
Animalge,sargeras,1643,druid,restoration,60,25,35
Gonimydear,proudmoore,1639,druid,restoration,108,54,54
Images,kilrogg,1638,druid,restoration,54,37,17
Birdfromtree,dalaran,1636,druid,restoration,48,26,22
Légz,area-52,1634,druid,restoration,94,49,45
Staraborn,stormrage,1630,druid,restoration,234,129,105
Playstyle,stormrage,1630,druid,restoration,31,17,14
Pawsbutton,stormrage,1629,druid,restoration,30,20,10
Nikdruidne,tichondrius,1628,druid,restoration,30,17,13
Acdru,tichondrius,1624,druid,restoration,54,26,28
Wolfis,malganis,1622,druid,restoration,36,20,16
Kaperij,sargeras,1617,druid,restoration,30,17,13
Holydruid,tichondrius,1617,druid,restoration,36,17,19
Errane,eonar,1616,druid,restoration,85,53,32
Asmitar,illidan,1616,druid,restoration,36,22,14
Bexdru,area-52,1616,druid,restoration,206,102,104
Muhu,frostmourne,1615,druid,restoration,60,35,25
Shinjis,tichondrius,1615,druid,restoration,36,18,18
Gødriç,tichondrius,1614,druid,restoration,221,112,109
Gulperberg,sargeras,1612,druid,restoration,30,25,5
Hxm,tichondrius,1611,druid,restoration,35,17,18
Notpodruida,tichondrius,1610,druid,restoration,30,18,12
Hideurchickn,tichondrius,1609,druid,restoration,36,23,13
Sanitizer,tichondrius,1607,druid,restoration,36,20,16
Fhiziod,kelthuzad,1606,druid,restoration,68,41,27
Kurrious,frostmourne,1605,druid,restoration,40,18,22
Yavannita,quelthalas,1600,druid,restoration,57,36,21
Kaleaky,thrall,1600,druid,restoration,75,41,34
Commercii,tichondrius,1600,druid,restoration,36,19,17
Erral,malganis,1597,druid,restoration,57,26,31
Hdruid,tichondrius,1596,druid,restoration,43,25,18
Naturae,spirestone,1595,druid,restoration,82,42,40
Silentbeer,frostmourne,1587,druid,restoration,114,59,55
Poscow,tichondrius,1583,druid,restoration,45,25,20
Cheddy,tichondrius,1582,druid,restoration,59,33,26
Ellystarry,stormrage,1578,druid,restoration,36,19,17
Methyld,frostmourne,1574,druid,restoration,90,36,54
Duragx,bleeding-hollow,1567,druid,restoration,100,62,38
Douwantoplay,tichondrius,1567,druid,restoration,36,19,17
Arwëna,tichondrius,1566,druid,restoration,60,34,26
Zyzzema,frostmourne,1559,druid,restoration,174,82,92
Relbedo,sargeras,1558,druid,restoration,75,39,36
Ursiiday,sargeras,1553,druid,restoration,42,19,23
Aberdare,tichondrius,1546,druid,restoration,58,37,21
Rizzit,wyrmrest-accord,1544,druid,restoration,170,94,76
Berzz,frostmourne,1544,druid,restoration,163,82,81
Hayase,tichondrius,1542,druid,restoration,36,22,14
Lubbeck,stormrage,1538,druid,restoration,98,53,45
Morphiq,tichondrius,1537,druid,restoration,93,51,42
Hravan,dentarg,1534,druid,restoration,49,26,23
Nikotser,dreadmaul,1531,druid,restoration,39,18,21
Mortqt,tichondrius,1524,druid,restoration,96,44,52
Terkpla,ragnaros,1523,druid,restoration,41,24,17
Psyqobloom,dalaran,1518,druid,restoration,46,26,20
Kimnim,tichondrius,1500,druid,restoration,106,57,49
Pëndulum,illidan,1497,druid,restoration,66,29,37
Delody,tichondrius,1493,druid,restoration,38,23,15
Poliage,moon-guard,1489,druid,restoration,99,44,55
Sarrati,emerald-dream,1488,druid,restoration,158,81,77
Lilbigcow,gnomeregan,1484,druid,restoration,123,49,74
Rowlex,moon-guard,1483,druid,restoration,22,17,5
Volktots,bleeding-hollow,1483,druid,restoration,48,29,19
Lutein,tichondrius,1474,druid,restoration,77,31,46
Shapedance,sargeras,1469,druid,restoration,36,16,20
Unpeelable,stormrage,1460,druid,restoration,24,16,8
Faramar,sargeras,1456,druid,restoration,35,16,19
Cutely,tichondrius,1452,druid,restoration,153,77,76
Meruemoo,tichondrius,1452,druid,restoration,102,50,52
Verkara,stormrage,1452,druid,restoration,76,35,41
Meepø,mugthol,1451,druid,restoration,103,56,47
Approx,tichondrius,1451,druid,restoration,91,42,49
Cndistance,tichondrius,1447,druid,restoration,54,25,29
Busanmilk,tichondrius,1445,druid,restoration,60,29,31
Dbk,suramar,1443,druid,restoration,48,33,15
Rwi,tichondrius,1439,druid,restoration,90,46,44
Prevail,nazgrel,1438,druid,restoration,60,34,26
Venomgtz,laughing-skull,1437,druid,restoration,27,19,8
Flowen,spinebreaker,1437,druid,restoration,30,15,15
Jathy,area-52,1437,druid,restoration,36,15,21
Drøgbä,tichondrius,1436,druid,restoration,24,15,9
Petmydeadcow,illidan,1436,druid,restoration,63,35,28
Vuru,azralon,1432,druid,restoration,72,33,39
Zrobloom,stormrage,1432,druid,restoration,36,15,21
Strokingmyd,illidan,1427,druid,restoration,63,31,32
Hyne,emerald-dream,1425,druid,restoration,114,62,52
Horymory,darkspear,1423,druid,restoration,96,51,45
Widescreen,burning-blade,1423,druid,restoration,131,67,64
Haymade,sargeras,1423,druid,restoration,54,25,29
Dkfm,thrall,1417,druid,restoration,187,97,90
Komaner,frostmourne,1414,druid,restoration,48,21,27
Kaerrort,sargeras,1412,druid,restoration,26,15,11
Seamandeman,sargeras,1403,druid,restoration,56,27,29
Bruujz,moon-guard,1402,druid,restoration,36,22,14
Sxlanderx,malganis,1402,druid,restoration,69,34,35
Biggucci,stonemaul,1399,druid,restoration,30,18,12
Caipirinha,tichondrius,1399,druid,restoration,29,15,14
Seizuressld,stormrage,1395,druid,restoration,81,46,35
Oobuck,kilrogg,1392,druid,restoration,63,36,27
Greylyth,moon-guard,1392,druid,restoration,42,18,24
Evokade,dalaran,1390,druid,restoration,24,15,9
Icastsmells,tichondrius,1381,druid,restoration,57,36,21
Kuwä,proudmoore,1381,druid,restoration,40,20,20
Okiesmokied,proudmoore,1378,druid,restoration,30,17,13
Maaui,sargeras,1374,druid,restoration,48,24,24
Riiccflaiir,stormrage,1373,druid,restoration,27,16,11
Azshunara,moon-guard,1369,druid,restoration,84,43,41
Deamondruidz,kaelthas,1367,druid,restoration,78,31,47
Aaughh,sargeras,1364,druid,restoration,34,18,16
Vondutch,tichondrius,1362,druid,restoration,60,24,36
Youngteezy,barthilas,1361,druid,restoration,124,46,78
Shifftycent,trollbane,1359,druid,restoration,54,26,28
Amandi,magtheridon,1358,druid,restoration,36,20,16
Kergai,emerald-dream,1355,druid,restoration,102,53,49
Edraen,zuljin,1355,druid,restoration,113,55,58
Onblue,tichondrius,1347,druid,restoration,38,22,16
Classydruid,spinebreaker,1344,druid,restoration,116,56,60
Bemelerberg,sargeras,1343,druid,restoration,24,14,10
Socialyst,area-52,1342,druid,restoration,24,14,10
Germlol,sargeras,1342,druid,restoration,24,14,10
Soreze,kelthuzad,1341,druid,restoration,18,14,4
Romcom,demon-soul,1341,druid,restoration,30,21,9
Lauramavra,azralon,1341,druid,restoration,50,29,21
Qdeb,akama,1340,druid,restoration,30,14,16
Groschats,area-52,1339,druid,restoration,42,14,28
Ripberg,chogall,1338,druid,restoration,30,14,16
Cznfik,area-52,1338,druid,restoration,78,32,46
Xhoz,tichondrius,1337,druid,restoration,62,35,27
Anchunlol,tichondrius,1332,druid,restoration,36,18,18
Izzabelle,deathwing,1330,druid,restoration,25,16,9
Pilcosbie,stormrage,1327,druid,restoration,24,14,10
Hynz,barthilas,1327,druid,restoration,36,15,21
Joopsy,tichondrius,1321,druid,restoration,130,71,59
Zambyr,azralon,1320,druid,restoration,48,21,27
Jimjab,stormreaver,1319,druid,restoration,36,23,13
Nanniel,tichondrius,1318,druid,restoration,30,14,16
Zelyvia,moon-guard,1313,druid,restoration,24,14,10
Freehealjob,lightnings-blade,1313,druid,restoration,30,14,16
Kzinti,zuluhed,1312,druid,restoration,30,14,16
Donnà,tichondrius,1310,druid,restoration,43,21,22
Farmageddon,thunderhorn,1309,druid,restoration,30,18,12
Speaks,moon-guard,1309,druid,restoration,29,15,14
Nestaballo,illidan,1308,druid,restoration,87,45,42
Mudpi,illidan,1307,druid,restoration,65,30,35
Ghirox,stormrage,1306,druid,restoration,54,26,28
Gaawdx,illidan,1303,druid,restoration,54,25,29
Kevarcen,dalaran,1299,druid,restoration,30,15,15
Purpleleaves,stormrage,1299,druid,restoration,119,51,68
Kerrzo,frostmourne,1297,druid,restoration,24,14,10
Concordya,tichondrius,1296,druid,restoration,35,23,12
Plagiarist,stormrage,1295,druid,restoration,44,20,24
Standee,sargeras,1290,druid,restoration,48,18,30
Melbian,tichondrius,1288,druid,restoration,102,58,44
Magicrock,moon-guard,1285,druid,restoration,42,23,19
Ananan,burning-blade,1282,druid,restoration,101,49,52
Rawbacon,blackrock,1281,druid,restoration,40,15,25
Nogàrd,arygos,1279,druid,restoration,23,14,9
Amatxu,ragnaros,1278,druid,restoration,102,52,50
Nanate,sargeras,1273,druid,restoration,29,17,12
Thericebags,illidan,1272,druid,restoration,161,86,75
Druinin,archimonde,1272,druid,restoration,32,14,18
Odcerberus,azralon,1267,druid,restoration,36,18,18
Tallenzz,lightninghoof,1265,druid,restoration,96,53,43
Caustìk,malganis,1263,druid,restoration,65,34,31
Nxghtfall,tichondrius,1261,druid,restoration,104,54,50
Lindi,kelthuzad,1257,druid,restoration,78,42,36
Longisland,quelthalas,1257,druid,restoration,65,34,31
Groõt,barthilas,1257,druid,restoration,66,26,40
Jacknit,illidan,1250,druid,restoration,28,15,13
Phåtkid,darkspear,1250,druid,restoration,36,15,21
Tìssuebox,malganis,1249,druid,restoration,57,25,32
Druidnim,tichondrius,1249,druid,restoration,48,15,33
Gorillagloo,area-52,1248,druid,restoration,37,19,18
Ymy,tichondrius,1247,druid,restoration,24,13,11
Chowyunfats,proudmoore,1247,druid,restoration,244,126,118
Ninzor,tichondrius,1247,druid,restoration,30,13,17
Lobsterdruid,area-52,1246,druid,restoration,18,13,5
Ziegey,tichondrius,1246,druid,restoration,24,13,11
Yoshí,emerald-dream,1242,druid,restoration,27,15,12
Goosebümps,stormrage,1242,druid,restoration,24,13,11
Leleoceo,azralon,1239,druid,restoration,18,13,5
Healingcute,tichondrius,1239,druid,restoration,131,70,61
Feldstarx,stormrage,1238,druid,restoration,24,13,11
Rlzdruid,tichondrius,1238,druid,restoration,30,13,17
Moonyy,emerald-dream,1235,druid,restoration,30,13,17
Veganz,moon-guard,1233,druid,restoration,145,71,74
Svarne,kiljaeden,1232,druid,restoration,53,26,27
Whispurrz,tichondrius,1231,druid,restoration,129,70,59
Shekelsnätch,area-52,1231,druid,restoration,42,21,21
Smilax,eonar,1231,druid,restoration,71,29,42
Gladelf,sargeras,1229,druid,restoration,194,95,99
Imakitty,aerie-peak,1226,druid,restoration,121,62,59
Carneluna,area-52,1226,druid,restoration,66,31,35
Wildwhisper,moon-guard,1225,druid,restoration,96,50,46
Katherine,moon-guard,1220,druid,restoration,78,35,43
Druidkingdk,stormrage,1218,druid,restoration,29,18,11
Dokasaurus,lightbringer,1218,druid,restoration,30,13,17
Skotty,hyjal,1217,druid,restoration,24,13,11
Jonculler,korgath,1217,druid,restoration,48,22,26
Ännä,moon-guard,1217,druid,restoration,30,13,17
Würzel,nemesis,1210,druid,restoration,72,38,34
Ulfaren,frostmourne,1209,druid,restoration,24,15,9
Fatshift,chogall,1207,druid,restoration,60,31,29
Driftwood,bonechewer,1203,druid,restoration,42,16,26
Meôwmix,stormrage,1202,druid,restoration,24,13,11
Cuddles,moon-guard,1201,druid,restoration,137,67,70
Gryel,area-52,1200,druid,restoration,60,33,27
Bikacat,kelthuzad,1200,druid,restoration,24,13,11
Sweetcorn,malganis,1192,druid,restoration,40,16,24
Gossìpgoat,frostmourne,1191,druid,restoration,80,38,42
Ahylen,quelthalas,1188,druid,restoration,48,22,26
Suye,tichondrius,1188,druid,restoration,54,22,32
Greenvibes,drakkari,1187,druid,restoration,36,20,16
Adarindre,aerie-peak,1185,druid,restoration,93,46,47
Pawpurrazzi,moon-guard,1183,druid,restoration,17,13,4
Valeñtine,dalaran,1179,druid,restoration,78,39,39
Samerax,vashj,1177,druid,restoration,33,17,16
Hruke,illidan,1173,druid,restoration,42,17,25
Schlotzsky,skullcrusher,1171,druid,restoration,69,37,32
Mf,stormscale,1171,druid,restoration,30,14,16
Matpd,norgannon,1165,druid,restoration,124,61,63
Sinseir,stormscale,1164,druid,restoration,58,22,36
Dobidas,tichondrius,1163,druid,restoration,30,17,13
Travys,sargeras,1163,druid,restoration,30,13,17
Smhyle,frostmourne,1162,druid,restoration,23,13,10
Yellowstone,drakthul,1162,druid,restoration,30,15,15
Cowtox,moon-guard,1160,druid,restoration,39,19,20
Toslick,kelthuzad,1160,druid,restoration,45,20,25
Lenori,vashj,1159,druid,restoration,48,24,24
Kasannaommi,sargeras,1157,druid,restoration,42,22,20
Alphalemon,ragnaros,1156,druid,restoration,51,25,26
Dchizzle,tichondrius,1156,druid,restoration,33,15,18
Xzerhos,area-52,1154,druid,restoration,139,67,72
Spiritot,tichondrius,1152,druid,restoration,24,12,12
Doah,kelthuzad,1152,druid,restoration,24,12,12
Rekelberg,sargeras,1151,druid,restoration,18,12,6
Dancesdru,area-52,1151,druid,restoration,24,12,12
Jonnygg,illidan,1151,druid,restoration,30,12,18
Vesoween,tichondrius,1150,druid,restoration,22,13,9
Enrÿu,nemesis,1149,druid,restoration,30,12,18
Mommymilkers,jubeithos,1149,druid,restoration,54,14,40
Æpex,lightnings-blade,1148,druid,restoration,30,16,14
Dankcentral,frostwolf,1148,druid,restoration,70,37,33
Skibbidy,boulderfist,1145,druid,restoration,33,14,19
Iambeefy,hyjal,1143,druid,restoration,153,72,81
Tyrs,aggramar,1140,druid,restoration,35,15,20
Jijunss,tichondrius,1137,druid,restoration,23,13,10
Pumma,darkspear,1134,druid,restoration,28,13,15
Entydruid,khazgoroth,1128,druid,restoration,23,13,10
Foxbear,garona,1127,druid,restoration,51,33,18
Hotkage,tichondrius,1120,druid,restoration,18,12,6
Höneyfang,moon-guard,1120,druid,restoration,35,23,12
Aryawilliams,area-52,1119,druid,restoration,23,12,11
Hðthead,area-52,1118,druid,restoration,54,26,28
Jruids,stormrage,1111,druid,restoration,36,12,24
Clawriander,barthilas,1110,druid,restoration,71,37,34
Katdog,warsong,1109,druid,restoration,33,22,11
Pmsprone,tichondrius,1109,druid,restoration,30,17,13
Junglefists,frostmourne,1109,druid,restoration,48,19,29
Müfasä,azralon,1106,druid,restoration,54,25,29
Maddoxi,stormrage,1106,druid,restoration,30,12,18
Sharinna,andorhal,1106,druid,restoration,38,14,24
Elylaylalar,moon-guard,1104,druid,restoration,30,13,17
Skymund,tichondrius,1095,druid,restoration,38,19,19
Furfu,illidan,1092,druid,restoration,68,30,38
Kittne,hellscream,1089,druid,restoration,48,24,24
Rhatir,stormrage,1081,druid,restoration,47,16,31
Vollzar,sargeras,1072,druid,restoration,38,14,24
Slleep,tichondrius,1069,druid,restoration,42,22,20
Baduret,dalaran,1067,druid,restoration,19,12,7
Gimborion,stormrage,1066,druid,restoration,48,23,25
Macdonah,tichondrius,1064,druid,restoration,18,13,5
Buffalobillz,lethon,1062,druid,restoration,40,25,15
Creamjr,tichondrius,1056,druid,restoration,18,11,7
Bobd,proudmoore,1056,druid,restoration,18,11,7
Bigtimers,illidan,1056,druid,restoration,24,11,13
Udoyu,barthilas,1056,druid,restoration,24,11,13
Whhm,burning-blade,1056,druid,restoration,24,11,13
Poscod,tichondrius,1055,druid,restoration,18,11,7
Vecuronium,tichondrius,1055,druid,restoration,18,11,7
Boomtastik,frostmourne,1055,druid,restoration,24,11,13
Goodhealer,akama,1054,druid,restoration,42,26,16
Áçxpërt,jubeithos,1052,druid,restoration,18,11,7
Israh,malygos,1052,druid,restoration,26,15,11
Yorch,stormrage,1052,druid,restoration,60,28,32
Chevy,onyxia,1052,druid,restoration,48,11,37
Undaunted,bloodhoof,1051,druid,restoration,24,11,13
Eraticdruid,illidan,1050,druid,restoration,24,11,13
Phxburn,illidan,1050,druid,restoration,30,11,19
Eredorn,darkspear,1049,druid,restoration,24,18,6
Sodury,tichondrius,1049,druid,restoration,48,25,23
Agranock,nazgrel,1048,druid,restoration,46,23,23
Hehaw,kelthuzad,1047,druid,restoration,18,11,7
Anothersalad,stormrage,1047,druid,restoration,48,23,25
Yimii,stormrage,1046,druid,restoration,18,11,7
Bindudream,frostmane,1046,druid,restoration,36,19,17
Zadayos,aerie-peak,1044,druid,restoration,30,16,14
Druilicious,ghostlands,1043,druid,restoration,55,27,28
Cratose,runetotem,1040,druid,restoration,35,15,20
Jimmycooks,tichondrius,1039,druid,restoration,18,11,7
Sùlyvahn,tichondrius,1037,druid,restoration,27,12,15
Beladrexx,stormrage,1035,druid,restoration,30,11,19
Beefcurtâins,aggramar,1032,druid,restoration,18,11,7
Rivetrix,azralon,1032,druid,restoration,85,43,42
Fionnbharr,ragnaros,1031,druid,restoration,76,35,41
Janaki,malygos,1024,druid,restoration,30,13,17
Imcop,tichondrius,1020,druid,restoration,18,11,7
Xarressian,moon-guard,1019,druid,restoration,24,11,13
Sonrius,proudmoore,1017,druid,restoration,52,25,27
Yakuho,proudmoore,1006,druid,restoration,20,12,8
Katochi,area-52,1006,druid,restoration,30,16,14
Yeahhots,frostmourne,1000,druid,restoration,15,12,3
Guron,aegwynn,1000,druid,restoration,53,28,25
Mainera,sargeras,1000,druid,restoration,26,12,14
Bethemarble,sargeras,996,druid,restoration,29,16,13
Alfurr,tichondrius,994,druid,restoration,85,43,42
Treewik,emerald-dream,989,druid,restoration,61,35,26
Canche,arthas,986,druid,restoration,34,19,15
Feralgød,tichondrius,985,druid,restoration,30,11,19
Lutzenberger,nemesis,984,druid,restoration,41,15,26
Lawlz,aegwynn,976,druid,restoration,24,13,11
Santicow,ragnaros,975,druid,restoration,20,11,9
Chopleaf,khadgar,972,druid,restoration,54,27,27
Boomshorts,blackrock,968,druid,restoration,29,14,15
Wiggle,stormscale,962,druid,restoration,44,21,23
Rbavny,tichondrius,960,druid,restoration,18,10,8
Moldragon,crushridge,960,druid,restoration,18,10,8
Garbagebutt,burning-legion,959,druid,restoration,18,10,8
Hoonjojjyanx,tichondrius,959,druid,restoration,18,10,8
Oblackbetty,illidan,959,druid,restoration,39,18,21
Blueclàssxx,akama,958,druid,restoration,12,10,2
Magzally,stormrage,958,druid,restoration,24,10,14
Lovenug,shadowsong,957,druid,restoration,24,10,14
Ñoobdruid,tichondrius,956,druid,restoration,18,10,8
Vêzpêr,kelthuzad,956,druid,restoration,24,10,14
Lorca,stormrage,955,druid,restoration,12,10,2
Iheartmushu,mannoroth,955,druid,restoration,85,45,40
Pronewb,frostmourne,952,druid,restoration,12,10,2
Trolbearpig,malganis,952,druid,restoration,18,10,8
Bovindickus,tichondrius,952,druid,restoration,24,10,14
Fortnitburgr,tichondrius,951,druid,restoration,18,10,8
Wintarz,sargeras,951,druid,restoration,30,10,20
Yourka,uther,946,druid,restoration,29,15,14
Slév,frostmourne,946,druid,restoration,24,10,14
Fatjoints,tichondrius,943,druid,restoration,54,18,36
Maxobviously,stormrage,942,druid,restoration,18,10,8
Kg,cenarion-circle,941,druid,restoration,28,13,15
Shiftaholic,azgalor,940,druid,restoration,33,17,16
Kitnip,proudmoore,939,druid,restoration,18,11,7
Drucaicer,quelthalas,939,druid,restoration,71,38,33
Seceru,proudmoore,938,druid,restoration,52,26,26
Kataless,sargeras,936,druid,restoration,71,37,34
Keladria,bleeding-hollow,936,druid,restoration,72,37,35
Beecammy,frostmourne,930,druid,restoration,18,10,8
Cloudbreaker,duskwood,923,druid,restoration,18,10,8
Minokawa,kargath,917,druid,restoration,23,10,13
Lazypandas,silvermoon,914,druid,restoration,35,14,21
Meniscus,arthas,910,druid,restoration,29,10,19
Gromdruid,azralon,903,druid,restoration,44,22,22
Vengaul,amanthul,892,druid,restoration,24,10,14
Theboy,dalaran,876,druid,restoration,42,13,29
Duo,demon-soul,864,druid,restoration,12,9,3
Spikeleaf,tichondrius,864,druid,restoration,12,9,3
Ppb,illidan,864,druid,restoration,18,9,9
Mmrborrower,icecrown,864,druid,restoration,18,9,9
Tokesh,malganis,864,druid,restoration,18,9,9
Ilovejuli,illidan,863,druid,restoration,12,9,3
Dabloleu,illidan,863,druid,restoration,12,9,3
Vernaar,laughing-skull,863,druid,restoration,18,9,9
Luckyslot,frostmourne,863,druid,restoration,18,9,9
Jentzull,tichondrius,862,druid,restoration,12,9,3
Chocoo,thaurissan,862,druid,restoration,18,9,9
Alindrä,moon-guard,861,druid,restoration,18,9,9
Slev,frostmourne,861,druid,restoration,18,9,9
Stetile,azralon,859,druid,restoration,18,9,9
Girthture,tichondrius,859,druid,restoration,24,9,15
Shanê,proudmoore,855,druid,restoration,18,9,9
Torofarmeon,quelthalas,854,druid,restoration,18,9,9
Faroo,azralon,854,druid,restoration,24,9,15
Moolan,bleeding-hollow,852,druid,restoration,20,11,9
Barugaf,drakkari,846,druid,restoration,19,10,9
Kanadae,thrall,846,druid,restoration,24,9,15
Uwupollo,ragnaros,846,druid,restoration,42,13,29
Fronkysilva,illidan,838,druid,restoration,48,19,29
Quarantinia,arathor,834,druid,restoration,18,9,9
Kittyz,wyrmrest-accord,817,druid,restoration,18,9,9
Swiftydel,frostmourne,807,druid,restoration,22,11,11
Elauria,stormreaver,804,druid,restoration,42,17,25
Merawr,arygos,800,druid,restoration,16,9,7
Gypsysoul,barthilas,798,druid,restoration,17,9,8
Rikishi,executus,797,druid,restoration,20,9,11
Cannabull,echo-isles,794,druid,restoration,21,10,11
Stamynn,kelthuzad,789,druid,restoration,75,23,52
Sweetgreen,blackrock,783,druid,restoration,11,9,2
Redharp,proudmoore,776,druid,restoration,43,17,26
Quss,tichondrius,768,druid,restoration,12,8,4
Aljalladtv,bleeding-hollow,768,druid,restoration,12,8,4
Chinadruids,tichondrius,768,druid,restoration,12,8,4
Albafic,illidan,768,druid,restoration,12,8,4
Ppm,illidan,768,druid,restoration,12,8,4
Chinadruides,tichondrius,768,druid,restoration,12,8,4
Ppbdru,tichondrius,768,druid,restoration,12,8,4
Restobaby,tichondrius,768,druid,restoration,18,8,10
Gsex,nemesis,768,druid,restoration,18,8,10
Selling,moon-guard,768,druid,restoration,18,8,10
Nerfthedruid,blackrock,767,druid,restoration,12,8,4
Alend,alexstrasza,767,druid,restoration,12,8,4
Maeo,drenden,767,druid,restoration,12,8,4
Santiagowski,ragnaros,767,druid,restoration,12,8,4
Tondrai,malganis,767,druid,restoration,18,8,10
Durintor,nemesis,767,druid,restoration,18,8,10
Thetakeout,tichondrius,767,druid,restoration,18,8,10
Ohhshiift,tichondrius,766,druid,restoration,18,8,10
Hedwíg,ragnaros,766,druid,restoration,24,8,16
Imnotinhuman,tichondrius,765,druid,restoration,12,8,4
Slee,eredar,764,druid,restoration,12,8,4
Needabandaid,arthas,764,druid,restoration,24,8,16
Tuskdaddie,sargeras,763,druid,restoration,12,8,4
Afonso,frostmourne,763,druid,restoration,18,8,10
Studioghibli,bleeding-hollow,762,druid,restoration,12,8,4
Atalìa,moon-guard,762,druid,restoration,18,8,10
Glenkair,lightnings-blade,762,druid,restoration,18,8,10
Wp,proudmoore,762,druid,restoration,18,8,10
Blitzÿ,lothar,761,druid,restoration,12,8,4
Lunkz,tichondrius,760,druid,restoration,24,8,16
Darksteak,tichondrius,759,druid,restoration,24,8,16
Rhondarootsy,zuljin,756,druid,restoration,18,8,10
Xxuan,tichondrius,748,druid,restoration,50,10,40
Friarpuck,nerzhul,747,druid,restoration,12,8,4
Ojdidnt,bleeding-hollow,720,druid,restoration,15,9,6
Thundercast,quelthalas,719,druid,restoration,11,8,3
Rdruidchump,the-forgotten-coast,719,druid,restoration,15,9,6
Xîstance,barthilas,717,druid,restoration,23,8,15
Zoeyx,tichondrius,712,druid,restoration,13,9,4
Whiskeyblues,ursin,706,druid,restoration,24,8,16
Ourse,frostmourne,702,druid,restoration,11,8,3
Importedalc,zuljin,678,druid,restoration,36,8,28
Yungdoinkski,icecrown,672,druid,restoration,12,7,5
Crusch,shattered-halls,672,druid,restoration,12,7,5
Hmoobforshoz,wildhammer,672,druid,restoration,12,7,5
Treeofangels,nathrezim,672,druid,restoration,12,7,5
Motate,malganis,672,druid,restoration,12,7,5
Skitzo,akama,672,druid,restoration,12,7,5
Waxedchest,emerald-dream,672,druid,restoration,12,7,5
Manzar,illidan,672,druid,restoration,12,7,5
Kobrah,twisting-nether,672,druid,restoration,18,7,11
Binionsolboy,illidan,672,druid,restoration,18,7,11
Bobx,kelthuzad,672,druid,restoration,18,7,11
Zblmystic,tichondrius,672,druid,restoration,18,7,11
Calimei,bladefist,672,druid,restoration,18,7,11
Tweeguy,malganis,672,druid,restoration,18,7,11
Wùúkìí,bleeding-hollow,672,druid,restoration,24,7,17
Iâmkyle,darkspear,671,druid,restoration,12,7,5
Hugharection,illidan,671,druid,restoration,12,7,5
Chixao,tichondrius,671,druid,restoration,12,7,5
Zthatchx,shadowmoon,671,druid,restoration,12,7,5
Elliar,akama,671,druid,restoration,18,7,11
Wildarumqt,tichondrius,671,druid,restoration,18,7,11
Lilgee,kelthuzad,671,druid,restoration,18,7,11
Airmíd,illidan,671,druid,restoration,30,7,23
Hellahots,spinebreaker,670,druid,restoration,12,7,5
Kyndel,kiljaeden,670,druid,restoration,12,7,5
Wreckked,sargeras,670,druid,restoration,18,7,11
Frave,dentarg,670,druid,restoration,24,7,17
Hotpocketz,kiljaeden,670,druid,restoration,28,8,20
Dylonomancer,tichondrius,669,druid,restoration,12,7,5
Battiatus,malganis,669,druid,restoration,18,7,11
Maggiee,arthas,669,druid,restoration,24,7,17
Rockmeifucan,greymane,669,druid,restoration,24,7,17
Sneakysoren,kelthuzad,668,druid,restoration,18,7,11
Esyiix,tichondrius,668,druid,restoration,24,7,17
Mïms,area-52,667,druid,restoration,12,7,5
Gotdruid,sargeras,639,druid,restoration,14,8,6
Riddickd,malfurion,639,druid,restoration,14,8,6
Warmkitteh,kiljaeden,639,druid,restoration,17,7,10
Breathe,ysera,639,druid,restoration,28,7,21
Rígo,frostmourne,622,druid,restoration,15,8,7
Bobruid,nagrand,619,druid,restoration,15,8,7
Midoriiro,dentarg,612,druid,restoration,25,8,17
Treesonn,kelthuzad,584,druid,restoration,11,7,4
Xiaoyi,tichondrius,576,druid,restoration,6,6,0
Dexlol,area-52,576,druid,restoration,6,6,0
Daddypompum,tichondrius,576,druid,restoration,12,6,6
Xingyejingmi,tichondrius,576,druid,restoration,12,6,6
Naturenugget,sargeras,576,druid,restoration,12,6,6
Dirtydrood,mugthol,576,druid,restoration,12,6,6
Bearys,area-52,576,druid,restoration,12,6,6
Kurohîme,illidan,576,druid,restoration,12,6,6
Gemo,tichondrius,576,druid,restoration,12,6,6
Torbock,zuljin,576,druid,restoration,12,6,6
Sawajirii,tichondrius,576,druid,restoration,12,6,6
Nomilk,illidan,576,druid,restoration,12,6,6
Larryjones,alleria,576,druid,restoration,12,6,6
Afkifuthrow,ysera,576,druid,restoration,12,6,6
Admoney,sargeras,576,druid,restoration,12,6,6
Acerolita,azralon,576,druid,restoration,12,6,6
Nodeathz,sargeras,576,druid,restoration,12,6,6
Opim,sargeras,576,druid,restoration,18,6,12
Cres,moon-guard,576,druid,restoration,18,6,12
Lolomas,proudmoore,576,druid,restoration,18,6,12
Hawtyforever,tichondrius,576,druid,restoration,18,6,12
Suublime,ragnaros,576,druid,restoration,18,6,12
Vakimumu,anubarak,576,druid,restoration,18,6,12
Kokushe,burning-legion,575,druid,restoration,12,6,6
Noonoo,frostwolf,575,druid,restoration,12,6,6
Flôkey,tichondrius,575,druid,restoration,12,6,6
Velauris,sargeras,575,druid,restoration,12,6,6
Nrp,stormrage,575,druid,restoration,12,6,6
Sloptoucher,barthilas,575,druid,restoration,12,6,6
Gosch,stormrage,575,druid,restoration,12,6,6
Cinderellax,illidan,575,druid,restoration,12,6,6
Skullchief,barthilas,575,druid,restoration,16,7,9
Kybecruz,stormrage,575,druid,restoration,18,6,12
Treynî,tichondrius,575,druid,restoration,18,6,12
Tworax,frostmourne,575,druid,restoration,18,6,12
Poutyface,sargeras,575,druid,restoration,39,7,32
Elpako,ragnaros,574,druid,restoration,6,6,0
Larc,frostwolf,574,druid,restoration,12,6,6
Meonk,frostmourne,574,druid,restoration,12,6,6
Indicahigh,moon-guard,574,druid,restoration,12,6,6
Astraelas,tichondrius,574,druid,restoration,12,6,6
Carther,korgath,574,druid,restoration,12,6,6
Aranuir,emerald-dream,574,druid,restoration,18,6,12
Brisketmre,dalaran,574,druid,restoration,36,6,30
Saltyzz,tichondrius,573,druid,restoration,18,6,12
Nightshiver,bleeding-hollow,572,druid,restoration,12,6,6
Modification,eonar,572,druid,restoration,12,6,6
Persiancoco,area-52,572,druid,restoration,12,6,6
Sunneater,azuremyst,571,druid,restoration,12,6,6
Vdubz,blackrock,570,druid,restoration,12,6,6
Aokseer,azralon,570,druid,restoration,12,6,6
Nordway,alexstrasza,569,druid,restoration,12,6,6
Bunrÿl,thorium-brotherhood,565,druid,restoration,12,6,6
Lililililil,stormrage,552,druid,restoration,36,6,30
Qidzerker,arathor,544,druid,restoration,16,6,10
Cudbacrakhed,tichondrius,541,druid,restoration,20,7,13
Arthemisgodx,azralon,520,druid,restoration,17,10,7
Lâvazza,tichondrius,510,druid,restoration,16,6,10
Windù,azralon,488,druid,restoration,16,9,7
Chaníng,frostmourne,480,druid,restoration,6,5,1
Sevend,tichondrius,480,druid,restoration,6,5,1
Dëmoníc,ragnaros,480,druid,restoration,6,5,1
Kascatm,area-52,480,druid,restoration,6,5,1
Asaphelps,stormrage,480,druid,restoration,6,5,1
Fanboy,magtheridon,480,druid,restoration,6,5,1
Justforgame,sargeras,480,druid,restoration,6,5,1
Bramii,illidan,480,druid,restoration,6,5,1
Nersepha,gurubashi,480,druid,restoration,6,5,1
Bopplejr,tichondrius,480,druid,restoration,6,5,1
Floray,tichondrius,480,druid,restoration,6,5,1
Brëed,tichondrius,480,druid,restoration,6,5,1
Bigmoran,tichondrius,480,druid,restoration,6,5,1
Salzadruid,aggramar,480,druid,restoration,6,5,1
Washedgodx,mugthol,480,druid,restoration,12,5,7
Moonfannia,malganis,480,druid,restoration,12,5,7
Jaydog,emerald-dream,480,druid,restoration,12,5,7
Ppbtw,illidan,480,druid,restoration,12,5,7
Teslabeam,illidan,480,druid,restoration,12,5,7
Clubroot,sargeras,480,druid,restoration,12,5,7
Lukass,tichondrius,480,druid,restoration,12,5,7
Lookhowirun,emerald-dream,480,druid,restoration,12,5,7
Hudada,emerald-dream,480,druid,restoration,12,5,7
Lusam,korialstrasz,480,druid,restoration,12,5,7
Nerglet,aerie-peak,480,druid,restoration,12,5,7
Lissette,thrall,480,druid,restoration,12,5,7
Hotgoal,frostmourne,480,druid,restoration,12,5,7
Sixthsex,tichondrius,480,druid,restoration,12,5,7
Greeneguy,thrall,480,druid,restoration,12,5,7
Mâckdâddy,kul-tiras,480,druid,restoration,12,5,7
Zemul,ragnaros,480,druid,restoration,12,5,7
Omelet,tichondrius,480,druid,restoration,12,5,7
Twentyfour,laughing-skull,480,druid,restoration,12,5,7
Shartah,zuljin,480,druid,restoration,12,5,7
Guavajuice,stormrage,480,druid,restoration,16,5,11
Djimbo,kelthuzad,480,druid,restoration,18,5,13
Queiq,malganis,479,druid,restoration,6,5,1
Tyrantha,emerald-dream,479,druid,restoration,12,5,7
Forest,frostmourne,479,druid,restoration,12,5,7
Jamona,cenarius,479,druid,restoration,12,5,7
Murkkd,tichondrius,479,druid,restoration,12,5,7
Anotherstar,frostmourne,479,druid,restoration,24,5,19
Olegoatjames,darkspear,478,druid,restoration,13,6,7
Pachacamac,dragonmaw,478,druid,restoration,12,5,7
Bäñgarang,tichondrius,478,druid,restoration,12,5,7
Rònaldò,drakthul,478,druid,restoration,12,5,7
Bloodyhoofs,malganis,478,druid,restoration,12,5,7
Natruid,sargeras,478,druid,restoration,12,5,7
Nugren,thrall,478,druid,restoration,24,5,19
Scheppke,bleeding-hollow,477,druid,restoration,12,5,7
Baha,azralon,477,druid,restoration,18,5,13
Wraiven,elune,477,druid,restoration,18,5,13
Phlap,zuljin,476,druid,restoration,12,5,7
Kaldrago,detheroc,476,druid,restoration,12,5,7
Dietmilk,sargeras,476,druid,restoration,12,5,7
Judwen,grizzly-hills,475,druid,restoration,18,5,13
Ikova,frostmourne,474,druid,restoration,12,5,7
Diaks,proudmoore,473,druid,restoration,12,5,7
Semangarbage,tichondrius,457,druid,restoration,15,8,7
Ekj,tichondrius,447,druid,restoration,8,6,2
Kellogs,malganis,447,druid,restoration,11,5,6
Bigelbows,area-52,432,druid,restoration,15,6,9
Qij,eonar,431,druid,restoration,11,5,6
Gankstababy,tichondrius,426,druid,restoration,20,6,14
Elvishchamp,mugthol,415,druid,restoration,12,5,7
Oongadunga,tichondrius,415,druid,restoration,14,5,9
Armorkits,area-52,384,druid,restoration,6,4,2
Kushkilla,malganis,384,druid,restoration,6,4,2
Shroomdealer,kelthuzad,384,druid,restoration,6,4,2
Dzone,tichondrius,384,druid,restoration,6,4,2
Zbh,tichondrius,384,druid,restoration,6,4,2
Drazibaz,thrall,384,druid,restoration,6,4,2
Nøbuchi,kelthuzad,384,druid,restoration,6,4,2
Metaindexqt,quelthalas,384,druid,restoration,6,4,2
Erû,ragnaros,384,druid,restoration,6,4,2
Êhurricane,dalaran,384,druid,restoration,6,4,2
Cheddastov,illidan,384,druid,restoration,6,4,2
Doomky,area-52,384,druid,restoration,6,4,2
Clameo,barthilas,384,druid,restoration,6,4,2
Heniuhojia,tichondrius,384,druid,restoration,6,4,2
Tigranesia,proudmoore,384,druid,restoration,6,4,2
Bigdockepoch,sargeras,384,druid,restoration,6,4,2
Opiumheals,sargeras,384,druid,restoration,6,4,2
Treelomilo,stormrage,384,druid,restoration,6,4,2
Lylek,azshara,384,druid,restoration,6,4,2
Krunks,frostmourne,384,druid,restoration,6,4,2
Terokky,azralon,384,druid,restoration,6,4,2
Someshta,sargeras,384,druid,restoration,6,4,2
Woshiyigede,frostmourne,384,druid,restoration,6,4,2
Haneulso,tichondrius,384,druid,restoration,6,4,2
Joeyshiftz,blackrock,384,druid,restoration,6,4,2
Lorern,eldrethalas,384,druid,restoration,6,4,2
Restokinaja,dreadmaul,384,druid,restoration,6,4,2
Èmax,barthilas,384,druid,restoration,6,4,2
Côunsyl,silvermoon,384,druid,restoration,6,4,2
Druidlstrudl,moon-guard,384,druid,restoration,6,4,2
Tofumation,gorgonnash,384,druid,restoration,12,4,8
Momorabbitd,tichondrius,384,druid,restoration,12,4,8
Chickenwings,ragnaros,384,druid,restoration,12,4,8
Cranbérry,sargeras,384,druid,restoration,12,4,8
Nocup,illidan,384,druid,restoration,12,4,8
Flompstomper,skullcrusher,384,druid,restoration,12,4,8
Mastabtw,illidan,384,druid,restoration,12,4,8
Leatherpig,proudmoore,384,druid,restoration,12,4,8
Bumbally,illidan,384,druid,restoration,12,4,8
Ohioman,bleeding-hollow,384,druid,restoration,12,4,8
Kaboomy,moon-guard,384,druid,restoration,12,4,8
Thebutterboy,stormrage,384,druid,restoration,12,4,8
Diglit,malganis,384,druid,restoration,12,4,8
Flyshles,frostmourne,384,druid,restoration,12,4,8
Hotrecki,kelthuzad,384,druid,restoration,12,4,8
Sleepypaws,silvermoon,384,druid,restoration,12,4,8
Lillenan,illidan,384,druid,restoration,12,4,8
Metaphysìcs,kelthuzad,384,druid,restoration,12,4,8
Bwaccowi,sargeras,384,druid,restoration,12,4,8
Polyester,frostmourne,384,druid,restoration,12,4,8
Dummedruid,illidan,384,druid,restoration,12,4,8
Tarvosx,thrall,384,druid,restoration,18,4,14
Posmard,ragnaros,383,druid,restoration,12,4,8
Pahrump,stormrage,383,druid,restoration,12,4,8
Hazbekbek,area-52,383,druid,restoration,12,4,8
Xay,runetotem,383,druid,restoration,12,4,8
Nightflow,emerald-dream,383,druid,restoration,12,4,8
Kvacco,kiljaeden,383,druid,restoration,12,4,8
Jonnyutaa,emerald-dream,383,druid,restoration,12,4,8
Vantorsydmel,proudmoore,383,druid,restoration,12,4,8
Gentlesoapp,blackrock,383,druid,restoration,12,4,8
Madmandan,moon-guard,383,druid,restoration,18,4,14
Rikey,thaurissan,383,druid,restoration,18,4,14
Marrana,altar-of-storms,382,druid,restoration,6,4,2
Guojue,tichondrius,382,druid,restoration,12,4,8
Puzzlè,thrall,382,druid,restoration,12,4,8
Maldrake,quelthalas,381,druid,restoration,12,4,8
Certzu,moon-guard,381,druid,restoration,18,4,14
Bigbadcow,sargeras,380,druid,restoration,12,4,8
Breakthemm,bonechewer,379,druid,restoration,12,4,8
Metamooseowl,crushridge,379,druid,restoration,12,4,8
Hentaiboom,kiljaeden,378,druid,restoration,18,4,14
Møøncry,ragnaros,377,druid,restoration,22,10,12
Nerfmesoon,sargeras,367,druid,restoration,11,4,7
Dashíng,proudmoore,348,druid,restoration,11,4,7
Felinedreams,sargeras,330,druid,restoration,8,5,3
Gairen,the-venture-co,318,druid,restoration,8,4,4
Sharkhotzlol,frostmourne,304,druid,restoration,13,4,9
Monkeyxo,kelthuzad,288,druid,restoration,6,3,3
Kollective,sargeras,288,druid,restoration,6,3,3
Owaru,stormrage,288,druid,restoration,6,3,3
Gloomster,tichondrius,288,druid,restoration,6,3,3
Mythicdruid,ragnaros,288,druid,restoration,6,3,3
Ðeepsixx,burning-legion,288,druid,restoration,6,3,3
Pekingcuckoo,illidan,288,druid,restoration,6,3,3
Creamsoda,frostmane,288,druid,restoration,6,3,3
Ømí,quelthalas,288,druid,restoration,6,3,3
Ayra,sargeras,288,druid,restoration,6,3,3
Yllercia,quelthalas,288,druid,restoration,6,3,3
Wythrim,quelthalas,288,druid,restoration,6,3,3
Càlthar,sargeras,288,druid,restoration,6,3,3
Taiwanzz,tichondrius,288,druid,restoration,6,3,3
Kcazz,thorium-brotherhood,288,druid,restoration,6,3,3
Disembles,illidan,288,druid,restoration,6,3,3
Erykk,dalaran,288,druid,restoration,6,3,3
Razberriesz,stormrage,288,druid,restoration,6,3,3
Mädnhairy,zuljin,288,druid,restoration,6,3,3
Sarojna,malganis,288,druid,restoration,6,3,3
Vìdá,tichondrius,288,druid,restoration,6,3,3
Lðhnar,malganis,288,druid,restoration,6,3,3
Druxe,zuljin,288,druid,restoration,6,3,3
Wâggles,moon-guard,288,druid,restoration,6,3,3
Reptile,terenas,288,druid,restoration,6,3,3
Sonicphantom,kelthuzad,288,druid,restoration,6,3,3
Redpigo,tichondrius,288,druid,restoration,6,3,3
Cameltail,kelthuzad,288,druid,restoration,6,3,3
Cutefeetz,moon-guard,288,druid,restoration,6,3,3
Azaran,bleeding-hollow,288,druid,restoration,6,3,3
Wiskees,sargeras,288,druid,restoration,6,3,3
Louisvuittón,area-52,288,druid,restoration,6,3,3
Hashdxm,tichondrius,288,druid,restoration,6,3,3
Tricklein,tichondrius,288,druid,restoration,6,3,3
Bobobear,proudmoore,288,druid,restoration,6,3,3
Nokash,tichondrius,288,druid,restoration,6,3,3
Vadroid,dalaran,288,druid,restoration,6,3,3
Smeekqtwo,tichondrius,288,druid,restoration,6,3,3
Antonniel,azralon,288,druid,restoration,6,3,3
Gizho,dark-iron,288,druid,restoration,6,3,3
Naturetazer,sargeras,288,druid,restoration,6,3,3
Eryon,nemesis,288,druid,restoration,6,3,3
Lifebloomlol,area-52,288,druid,restoration,6,3,3
Sorrinn,tichondrius,288,druid,restoration,6,3,3
Flexxfurion,thrall,288,druid,restoration,6,3,3
Koratan,frostmourne,288,druid,restoration,6,3,3
Spinach,moon-guard,288,druid,restoration,6,3,3
Noah,altar-of-storms,288,druid,restoration,6,3,3
Dunedaddy,silvermoon,288,druid,restoration,6,3,3
Demitassie,wyrmrest-accord,288,druid,restoration,8,3,5
Overgrowth,zuljin,288,druid,restoration,9,3,6
Kanokoho,wyrmrest-accord,288,druid,restoration,12,3,9
Wwkd,illidan,288,druid,restoration,12,3,9
Quadrivium,stormrage,288,druid,restoration,12,3,9
Theømega,stormrage,288,druid,restoration,12,3,9
Ayadel,moon-guard,288,druid,restoration,12,3,9
Dipset,khadgar,288,druid,restoration,12,3,9
Bøo,frostmourne,288,druid,restoration,12,3,9
Monicaduan,frostmourne,288,druid,restoration,12,3,9
Qdrui,tichondrius,288,druid,restoration,12,3,9
Cybeé,sargeras,288,druid,restoration,12,3,9
Deyz,ysera,288,druid,restoration,12,3,9
Blacksimba,area-52,288,druid,restoration,12,3,9
Hoedrufroza,tichondrius,288,druid,restoration,12,3,9
Garrodan,aerie-peak,288,druid,restoration,12,3,9
Mattiu,area-52,288,druid,restoration,12,3,9
Sbc,anvilmar,288,druid,restoration,12,3,9
Borbys,sargeras,288,druid,restoration,12,3,9
Martymoo,bleeding-hollow,288,druid,restoration,18,3,15
Giddeonv,draenor,288,druid,restoration,18,3,15
Bonemaul,bonechewer,287,druid,restoration,6,3,3
Sefestria,senjin,287,druid,restoration,6,3,3
Bullshifftt,kelthuzad,287,druid,restoration,6,3,3
Breakertime,illidan,287,druid,restoration,6,3,3
Xkcc,perenolde,287,druid,restoration,6,3,3
Killari,malganis,287,druid,restoration,6,3,3
Iamanoob,sargeras,287,druid,restoration,10,4,6
Vulgär,kiljaeden,287,druid,restoration,12,3,9
Drexldrood,cenarius,286,druid,restoration,6,3,3
Bullshiftter,ursin,286,druid,restoration,6,3,3
Fortunecat,illidan,286,druid,restoration,12,3,9
Anastasyiar,illidan,256,druid,restoration,10,3,7
Gloomy,andorhal,256,druid,restoration,10,3,7
Worgbearpig,destromath,239,druid,restoration,5,3,2
Awkwarder,emerald-dream,239,druid,restoration,11,3,8
Restyblazed,sargeras,234,druid,restoration,8,4,4
Kymopexy,sargeras,234,druid,restoration,17,5,12
Stèvén,tichondrius,233,druid,restoration,13,4,9
Gavdru,tichondrius,223,druid,restoration,8,3,5
Blackmoomba,kiljaeden,192,druid,restoration,4,3,1
Faentz,stormrage,192,druid,restoration,9,3,6
Megasteak,lightninghoof,192,druid,restoration,6,2,4
Crazywoodowl,tichondrius,192,druid,restoration,6,2,4
Cauroth,azralon,192,druid,restoration,6,2,4
Fixn,tichondrius,192,druid,restoration,6,2,4
Gretatunberg,skywall,192,druid,restoration,6,2,4
Tadoo,tichondrius,192,druid,restoration,6,2,4
Sharialawl,stormreaver,192,druid,restoration,6,2,4
Snugglin,kelthuzad,192,druid,restoration,6,2,4
Psycloned,magtheridon,192,druid,restoration,6,2,4
Aurajin,spinebreaker,192,druid,restoration,6,2,4
Hughcockman,tichondrius,192,druid,restoration,6,2,4
Goorybud,tichondrius,192,druid,restoration,6,2,4
Fracxx,area-52,192,druid,restoration,6,2,4
Imlordgumper,illidan,192,druid,restoration,6,2,4
Ambassador,kelthuzad,192,druid,restoration,6,2,4
Bekroh,crushridge,192,druid,restoration,6,2,4
Kagekuma,bleeding-hollow,192,druid,restoration,6,2,4
Markóla,stormrage,192,druid,restoration,6,2,4
Ghostti,stormrage,192,druid,restoration,6,2,4
Fastyhands,illidan,192,druid,restoration,6,2,4
Nightwinter,area-52,192,druid,restoration,6,2,4
Esqueue,stormrage,192,druid,restoration,6,2,4
Uggadruid,malganis,192,druid,restoration,6,2,4
Clonkzy,area-52,192,druid,restoration,6,2,4
Akinetic,illidan,192,druid,restoration,6,2,4
Theblind,korgath,192,druid,restoration,6,2,4
Droody,earthen-ring,192,druid,restoration,6,2,4
Bigtonkatruk,tichondrius,192,druid,restoration,6,2,4
Mcbeef,tichondrius,192,druid,restoration,6,2,4
Kaisuckslol,stormrage,192,druid,restoration,6,2,4
Loved,stormrage,192,druid,restoration,6,2,4
Owlgz,barthilas,192,druid,restoration,6,2,4
Tickman,altar-of-storms,192,druid,restoration,6,2,4
Haful,emerald-dream,192,druid,restoration,6,2,4
Bullbuddy,wyrmrest-accord,192,druid,restoration,6,2,4
Acexten,tichondrius,192,druid,restoration,6,2,4
Kroshape,stormrage,192,druid,restoration,6,2,4
Floofi,kelthuzad,192,druid,restoration,6,2,4
Tropikana,burning-legion,192,druid,restoration,6,2,4
Chopotron,ragnaros,192,druid,restoration,6,2,4
Hawtzi,stormrage,192,druid,restoration,6,2,4
Awguseon,proudmoore,192,druid,restoration,6,2,4
Feeoria,lothar,192,druid,restoration,6,2,4
Judar,barthilas,192,druid,restoration,6,2,4
Hydruidponic,aegwynn,192,druid,restoration,6,2,4
Tempesd,stormrage,192,druid,restoration,6,2,4
Cultnelf,illidan,192,druid,restoration,6,2,4
Levincy,thrall,192,druid,restoration,6,2,4
Loganski,korialstrasz,192,druid,restoration,6,2,4
Duxz,tichondrius,192,druid,restoration,6,2,4
Barkcheeks,area-52,192,druid,restoration,6,2,4
Violyte,tichondrius,192,druid,restoration,6,2,4
Weedmunchies,kelthuzad,192,druid,restoration,6,2,4
Bomp,malganis,192,druid,restoration,6,2,4
Kittysnuggle,emerald-dream,192,druid,restoration,12,2,10
Bboikha,quelthalas,192,druid,restoration,12,2,10
Trèè,frostmane,192,druid,restoration,12,2,10
Grullandur,hakkar,192,druid,restoration,12,2,10
Urhero,sargeras,192,druid,restoration,12,2,10
Elven,frostmourne,192,druid,restoration,12,2,10
Moonkay,tichondrius,192,druid,restoration,12,2,10
Rootslayer,tichondrius,192,druid,restoration,12,2,10
Cpksdru,tichondrius,192,druid,restoration,12,2,10
Moocka,ragnaros,192,druid,restoration,12,2,10
Lunmoon,thrall,192,druid,restoration,12,2,10
Morphiius,archimonde,192,druid,restoration,12,2,10
Wonderhood,quelthalas,192,druid,restoration,12,2,10
Nöches,quelthalas,192,druid,restoration,12,2,10
Ddizz,cairne,192,druid,restoration,12,2,10
Aelena,whisperwind,192,druid,restoration,12,2,10
Clonemunster,frostmourne,192,druid,restoration,18,2,16
Brutalhealz,aegwynn,192,druid,restoration,18,2,16
Irontree,dunemaul,192,druid,restoration,18,2,16
Kawanishi,stormrage,191,druid,restoration,6,2,4
Äbÿss,tichondrius,191,druid,restoration,6,2,4
Funnydruid,frostmourne,191,druid,restoration,6,2,4
Fovoss,dalaran,191,druid,restoration,6,2,4
Voodooshiftz,emerald-dream,191,druid,restoration,12,2,10
Daweed,zuluhed,191,druid,restoration,12,2,10
Dreamwalk,stormrage,175,druid,restoration,17,3,14
Brbcatsonfir,malganis,175,druid,restoration,22,3,19
Pvptactician,tichondrius,159,druid,restoration,11,4,7
Jeppcat,tichondrius,159,druid,restoration,14,3,11
Frenzymoon,zuljin,144,druid,restoration,3,3,0
Galind,rexxar,128,druid,restoration,4,2,2
Crunkk,thunderlord,127,druid,restoration,14,2,12
Dotdmage,tichondrius,96,druid,restoration,6,1,5
Jayto,frostmourne,96,druid,restoration,6,1,5
Caminanube,quelthalas,96,druid,restoration,6,1,5
Arienne,kelthuzad,96,druid,restoration,6,1,5
Fartsicle,lightnings-blade,96,druid,restoration,6,1,5
Ånxiety,skullcrusher,96,druid,restoration,6,1,5
Kurzul,area-52,96,druid,restoration,6,1,5
Ttaure,ragnaros,96,druid,restoration,6,1,5
Mollytonasty,demon-soul,96,druid,restoration,6,1,5
Frydaze,tichondrius,96,druid,restoration,6,1,5
Atagoo,tichondrius,96,druid,restoration,6,1,5
Guap,bleeding-hollow,96,druid,restoration,6,1,5
Rastakant,malganis,96,druid,restoration,6,1,5
Ðjx,stormrage,96,druid,restoration,6,1,5
Beldiin,khazgoroth,96,druid,restoration,6,1,5
Chomperz,tichondrius,96,druid,restoration,6,1,5
Madowl,tichondrius,96,druid,restoration,6,1,5
Soloqmenace,malganis,96,druid,restoration,6,1,5
Mandingodam,auchindoun,96,druid,restoration,6,1,5
Kuaite,azralon,96,druid,restoration,6,1,5
Feralgo,tichondrius,96,druid,restoration,6,1,5
Natürëblÿät,illidan,96,druid,restoration,6,1,5
Hellshifterr,tichondrius,96,druid,restoration,6,1,5
Carlosd,tichondrius,96,druid,restoration,6,1,5
Moocowbear,illidan,96,druid,restoration,6,1,5
Hadoriss,kelthuzad,96,druid,restoration,6,1,5
Suncintus,aggramar,96,druid,restoration,6,1,5
Dotsbots,barthilas,96,druid,restoration,6,1,5
Solá,skywall,96,druid,restoration,6,1,5
Starkraven,firetree,96,druid,restoration,6,1,5
Atillah,stormscale,96,druid,restoration,6,1,5
Tensuen,boulderfist,96,druid,restoration,6,1,5
Arthridas,wyrmrest-accord,96,druid,restoration,6,1,5
Wotermelon,moon-guard,96,druid,restoration,6,1,5
Macfluff,emerald-dream,96,druid,restoration,6,1,5
Lirilith,shadowsong,96,druid,restoration,16,2,14
Shebleeder,aegwynn,96,druid,restoration,11,1,10
Foracus,sargeras,96,druid,restoration,11,1,10
Cieran,senjin,96,druid,restoration,12,1,11
Sinigang,duskwood,96,druid,restoration,12,1,11
Kaeliah,stormrage,96,druid,restoration,12,1,11
Grakzul,blood-furnace,95,druid,restoration,9,2,7
Pownage,kelthuzad,64,druid,restoration,16,1,15
Smorak,area-52,63,druid,restoration,2,2,0
Mcy,nerzhul,31,druid,restoration,2,1,1
Neferpitou,fenris,16,druid,restoration,6,1,5
Landro,tichondrius,1562,druid,guardian,30,19,11
Haalls,gallywix,1107,druid,guardian,36,12,24
Crashägásm,proudmoore,1062,druid,guardian,30,15,15
Koan,proudmoore,671,druid,guardian,24,7,17
Multivar,burning-legion,669,druid,guardian,12,7,5
Kesagake,feathermoon,664,druid,guardian,12,7,5
Agmukar,wyrmrest-accord,659,druid,guardian,12,7,5
Giddeonv,draenor,570,druid,guardian,12,6,6
Maraliss,shadowsong,566,druid,guardian,12,6,6
Balanah,quelthalas,472,druid,guardian,15,6,9
Wraithman,madoran,383,druid,guardian,6,4,2
Ishiftalot,bleeding-hollow,383,druid,guardian,9,5,4
Mordu,rivendare,383,druid,guardian,12,4,8
Sleepyvitals,zuljin,382,druid,guardian,6,4,2
Dalidielor,dalaran,288,druid,guardian,6,3,3
Read,boulderfist,288,druid,guardian,12,3,9
Cayinna,altar-of-storms,288,druid,guardian,12,3,9
Woozydruid,anetheron,288,druid,guardian,12,3,9
Deutschland,whisperwind,288,druid,guardian,12,3,9
Manwool,illidan,288,druid,guardian,12,3,9
Mavren,uldaman,286,druid,guardian,6,3,3
Athious,moon-guard,192,druid,guardian,6,2,4
Sixfeetunder,shattered-halls,96,druid,guardian,6,1,5
Vindecca,kelthuzad,96,druid,guardian,6,1,5
Aurno,queldorei,96,druid,guardian,6,1,5
Wintarz,sargeras,96,druid,guardian,6,1,5
Vineclaw,emerald-dream,96,druid,guardian,12,1,11
Kylysea,dalaran,96,druid,guardian,12,1,11
Lakroz,zuljin,95,druid,guardian,6,1,5
Auntsusie,stormrage,2128,druid,feral,95,61,34
Iinkinbio,alleria,2124,druid,feral,84,50,34
Crunchyroll,sargeras,2107,druid,feral,126,69,57
Nyç,sargeras,2073,druid,feral,198,104,94
Marvin,stormreaver,2018,druid,feral,66,35,31
Amellies,quelthalas,1989,druid,feral,106,59,47
Loser,stormrage,1985,druid,feral,69,35,34
Yukjr,stormrage,1983,druid,feral,89,47,42
Formrage,jubeithos,1975,druid,feral,65,34,31
Boomboombom,tichondrius,1969,druid,feral,89,54,35
Bawbe,lightbringer,1967,druid,feral,59,36,23
Abstractf,sargeras,1941,druid,feral,44,29,15
Feeg,sargeras,1937,druid,feral,65,33,32
Babekisser,stormrage,1930,druid,feral,118,62,56
Beomjun,tichondrius,1923,druid,feral,71,39,32
Trìckyz,tichondrius,1913,druid,feral,80,41,39
Samuel,ravencrest,1897,druid,feral,60,33,27
Cliodhna,kelthuzad,1876,druid,feral,43,23,20
Alleae,stormrage,1875,druid,feral,48,30,18
Pdfilewatch,stormrage,1872,druid,feral,36,26,10
Russiaguy,area-52,1869,druid,feral,259,137,122
Darmari,quelthalas,1852,druid,feral,60,27,33
Stellar,steamwheedle-cartel,1835,druid,feral,108,52,56
Sappora,illidan,1824,druid,feral,178,92,86
Feignxd,emerald-dream,1823,druid,feral,60,43,17
Nuadris,azralon,1822,druid,feral,168,86,82
Fappywapple,kiljaeden,1820,druid,feral,76,39,37
Floorz,firetree,1814,druid,feral,36,19,17
Sammy,scilla,1813,druid,feral,66,30,36
Hugecat,tichondrius,1812,druid,feral,60,26,34
Bassy,whisperwind,1810,druid,feral,58,27,31
Icespicè,tichondrius,1794,druid,feral,66,30,36
Notapn,tichondrius,1786,druid,feral,78,40,38
Proudfurryxo,dragonmaw,1765,druid,feral,50,27,23
Jaguar,whisperwind,1745,druid,feral,42,25,17
Lemön,frostmourne,1745,druid,feral,42,21,21
Killuf,quelthalas,1739,druid,feral,53,22,31
Kobez,bleeding-hollow,1732,druid,feral,48,27,21
Extic,sargeras,1730,druid,feral,54,32,22
Blrr,sargeras,1730,druid,feral,54,25,29
Lucky,destromath,1724,druid,feral,102,50,52
Thycamore,cenarius,1708,druid,feral,60,23,37
Porkloafed,illidan,1705,druid,feral,72,38,34
Tyx,bleeding-hollow,1702,druid,feral,56,26,30
Yavà,tichondrius,1700,druid,feral,48,30,18
Wildfire,nesingwary,1686,druid,feral,105,55,50
Nrp,stormrage,1684,druid,feral,54,18,36
Raincloud,mannoroth,1680,druid,feral,36,22,14
Addymeow,drenden,1680,druid,feral,48,26,22
Nitetree,thrall,1679,druid,feral,60,31,29
Hriiya,tichondrius,1676,druid,feral,41,18,23
Bpdferal,stormrage,1673,druid,feral,145,75,70
Tenavï,stormrage,1668,druid,feral,42,20,22
Flowkie,illidan,1663,druid,feral,83,41,42
Chrye,tichondrius,1661,druid,feral,33,23,10
Brewdock,boulderfist,1656,druid,feral,45,21,24
Mocfernando,sargeras,1652,druid,feral,36,21,15
Chasertv,tichondrius,1650,druid,feral,36,19,17
Zlegacy,anvilmar,1650,druid,feral,54,21,33
Kyoski,moon-guard,1645,druid,feral,34,19,15
Nobruh,sargeras,1644,druid,feral,59,29,30
Ferar,frostmourne,1638,druid,feral,47,22,25
Bigbite,tichondrius,1637,druid,feral,48,27,21
Xyphor,bladefist,1637,druid,feral,40,22,18
Anxietyburns,stormrage,1630,druid,feral,54,33,21
Stêff,zuljin,1630,druid,feral,60,31,29
Skyde,sargeras,1621,druid,feral,61,28,33
Durwyn,sargeras,1619,druid,feral,87,38,49
Sïmba,andorhal,1619,druid,feral,65,26,39
Enya,stormreaver,1618,druid,feral,66,31,35
Hiddenfur,ragnaros,1617,druid,feral,36,19,17
Rank,nerzhul,1616,druid,feral,90,42,48
Wøs,area-52,1615,druid,feral,92,47,45
Kolbie,emerald-dream,1604,druid,feral,72,38,34
Oldtomcat,moon-guard,1601,druid,feral,90,42,48
Franksuba,windrunner,1599,druid,feral,102,51,51
Irontree,dunemaul,1598,druid,feral,48,23,25
Nicó,darkspear,1592,druid,feral,72,29,43
Luvgames,area-52,1585,druid,feral,44,22,22
Zyhsul,emerald-dream,1583,druid,feral,36,19,17
Swolareclips,eitrigg,1583,druid,feral,114,57,57
Ursarius,skullcrusher,1583,druid,feral,39,19,20
Azrethyu,emerald-dream,1583,druid,feral,48,21,27
Jurasico,ragnaros,1580,druid,feral,114,60,54
Prêdator,ragnaros,1571,druid,feral,47,29,18
Kdrumania,tichondrius,1558,druid,feral,98,54,44
Slanue,tichondrius,1556,druid,feral,64,26,38
Darkombra,frostmourne,1548,druid,feral,54,27,27
Kaisuckslol,stormrage,1547,druid,feral,132,67,65
Plux,illidan,1541,druid,feral,108,57,51
Atrumn,emerald-dream,1541,druid,feral,48,17,31
Delorík,illidan,1534,druid,feral,66,32,34
Cawkaw,frostwolf,1528,druid,feral,122,62,60
Ulcera,nemesis,1520,druid,feral,48,30,18
Käïïjü,tichondrius,1517,druid,feral,55,20,35
Chococrispis,quelthalas,1514,druid,feral,42,16,26
Ikkarus,nemesis,1511,druid,feral,71,39,32
Mhdd,tichondrius,1510,druid,feral,25,17,8
Gabdruid,kiljaeden,1509,druid,feral,30,16,14
Kushtiger,ragnaros,1508,druid,feral,102,52,50
Prowli,tichondrius,1505,druid,feral,128,69,59
Kibbens,area-52,1500,druid,feral,132,60,72
Feond,illidan,1496,druid,feral,46,27,19
Dustin,moon-guard,1493,druid,feral,82,39,43
Badferal,blackhand,1484,druid,feral,54,27,27
Ozex,crushridge,1484,druid,feral,42,17,25
Fendiy,barthilas,1480,druid,feral,48,26,22
Revcow,malganis,1477,druid,feral,42,21,21
Faelonk,frostmourne,1476,druid,feral,66,32,34
Bullcritzz,saurfang,1475,druid,feral,58,38,20
Melez,kelthuzad,1474,druid,feral,91,44,47
Hellodan,proudmoore,1471,druid,feral,36,16,20
Blut,stormrage,1458,druid,feral,186,89,97
Bênî,emerald-dream,1453,druid,feral,30,16,14
Bossdru,sargeras,1447,druid,feral,47,28,19
Hoffhoff,area-52,1444,druid,feral,30,19,11
Off,ravencrest,1439,druid,feral,130,58,72
Dillywadz,tichondrius,1435,druid,feral,152,68,84
Malthen,quelthalas,1431,druid,feral,36,21,15
Classydruid,spinebreaker,1431,druid,feral,84,39,45
Cheshiire,moon-guard,1429,druid,feral,48,23,25
Sheeyts,tichondrius,1428,druid,feral,36,18,18
Weedsmuggler,burning-legion,1427,druid,feral,119,59,60
Fastcat,moon-guard,1424,druid,feral,36,18,18
Vaniedron,zuljin,1415,druid,feral,66,22,44
Gairen,the-venture-co,1413,druid,feral,48,25,23
Percefhone,azralon,1413,druid,feral,38,18,20
Jaspurr,illidan,1412,druid,feral,24,15,9
Fugekî,zuljin,1410,druid,feral,29,18,11
Clarice,shattered-halls,1409,druid,feral,24,15,9
Dahmu,malygos,1394,druid,feral,60,28,32
Ytgamezoned,darkspear,1390,druid,feral,30,16,14
Chomperz,tichondrius,1389,druid,feral,76,39,37
Swappy,korgath,1388,druid,feral,60,28,32
Treeweed,tichondrius,1386,druid,feral,81,42,39
Gonjatusk,ravencrest,1384,druid,feral,48,26,22
Craak,tichondrius,1376,druid,feral,41,19,22
Frostelles,stormrage,1368,druid,feral,54,26,28
Sweetxtooth,area-52,1364,druid,feral,66,34,32
Tardcakes,tichondrius,1362,druid,feral,62,31,31
Hjerim,quelthalas,1357,druid,feral,44,20,24
Fugg,frostmourne,1350,druid,feral,84,34,50
Senex,stormrage,1344,druid,feral,47,27,20
Floorz,bleeding-hollow,1343,druid,feral,24,14,10
Kwilli,tichondrius,1343,druid,feral,32,15,17
Kynvi,moon-guard,1343,druid,feral,30,14,16
Mbarakaja,malganis,1342,druid,feral,35,16,19
Zuljor,sargeras,1339,druid,feral,18,14,4
Fuqet,kelthuzad,1339,druid,feral,30,14,16
Smeow,zuljin,1339,druid,feral,39,16,23
Lesliewj,proudmoore,1338,druid,feral,29,14,15
Bigmolii,quelthalas,1338,druid,feral,54,19,35
Brawleyx,tichondrius,1337,druid,feral,36,14,22
Jizzie,tichondrius,1336,druid,feral,30,16,14
Dimsump,zuljin,1336,druid,feral,36,14,22
Khyzan,illidan,1329,druid,feral,78,41,37
Treespec,stormrage,1324,druid,feral,23,15,8
Bullboy,frostmourne,1320,druid,feral,30,17,13
Snowfaerie,moon-guard,1320,druid,feral,262,136,126
Iamnature,dalaran,1319,druid,feral,37,16,21
Panyot,kiljaeden,1318,druid,feral,60,31,29
Kyrô,sargeras,1317,druid,feral,29,14,15
Nazdaq,stormrage,1313,druid,feral,62,33,29
Porkonmyfork,frostmourne,1311,druid,feral,22,15,7
Suedle,kelthuzad,1309,druid,feral,29,14,15
Riemannzeta,azgalor,1306,druid,feral,38,20,18
Gnairda,sargeras,1306,druid,feral,114,57,57
Oneinchclaw,malganis,1305,druid,feral,30,14,16
Asteriel,stormrage,1303,druid,feral,40,19,21
Chitára,ragnaros,1300,druid,feral,76,37,39
Raebies,dalaran,1297,druid,feral,93,50,43
Sahksi,lothar,1297,druid,feral,60,30,30
Hektuk,barthilas,1295,druid,feral,18,14,4
Ðreadfang,tichondrius,1295,druid,feral,47,28,19
Jasminonmars,zuluhed,1293,druid,feral,42,24,18
Hadox,azralon,1287,druid,feral,53,24,29
Erahar,illidan,1281,druid,feral,46,24,22
Glockitty,tichondrius,1281,druid,feral,42,19,23
Duhfective,proudmoore,1276,druid,feral,29,14,15
Jonio,tichondrius,1273,druid,feral,29,14,15
Scruffywolf,tichondrius,1248,druid,feral,125,55,70
Zelyvia,moon-guard,1247,druid,feral,30,14,16
Skrambles,mugthol,1247,druid,feral,33,14,19
Mariko,area-52,1245,druid,feral,53,23,30
Jpegcollectr,tichondrius,1243,druid,feral,48,13,35
Senorcholo,malganis,1242,druid,feral,30,14,16
Kellydacat,azuremyst,1241,druid,feral,24,13,11
Theømega,stormrage,1237,druid,feral,24,13,11
Kleanxx,tichondrius,1232,druid,feral,223,111,112
Dätto,thrall,1229,druid,feral,42,18,24
Matpd,norgannon,1228,druid,feral,66,28,38
Súse,sargeras,1223,druid,feral,27,14,13
Xanbàr,hyjal,1222,druid,feral,35,22,13
Yobibit,terenas,1221,druid,feral,36,14,22
Xdkittyrawr,tichondrius,1216,druid,feral,76,39,37
Dehltax,stormrage,1215,druid,feral,24,16,8
Azuredreams,bleeding-hollow,1214,druid,feral,30,13,17
Midnitex,illidan,1214,druid,feral,37,16,21
Ourse,aegwynn,1210,druid,feral,59,36,23
Hermbott,proudmoore,1206,druid,feral,48,23,25
Beargodx,stormrage,1199,druid,feral,36,18,18
Orthognathic,emerald-dream,1198,druid,feral,39,25,14
Ninefeet,argent-dawn,1192,druid,feral,36,15,21
Aahx,thrall,1185,druid,feral,57,32,25
Haneulso,tichondrius,1171,druid,feral,33,14,19
Nomnomnomn,chogall,1168,druid,feral,22,13,9
Poosnickety,kelthuzad,1166,druid,feral,37,13,24
Foxmeowz,blackwater-raiders,1152,druid,feral,24,12,12
Angryalyu,tichondrius,1152,druid,feral,24,12,12
Henikbite,zuljin,1151,druid,feral,24,12,12
Ryecoke,stormrage,1151,druid,feral,24,12,12
Zenlonn,emerald-dream,1150,druid,feral,24,12,12
Lakunahof,ragnaros,1149,druid,feral,27,13,14
Fangry,queldorei,1147,druid,feral,30,12,18
Awarz,drakkari,1144,druid,feral,30,12,18
Kyrona,frostmourne,1141,druid,feral,24,16,8
Khione,dreadmaul,1141,druid,feral,56,31,25
Ðementia,stormrage,1133,druid,feral,54,33,21
Styli,tichondrius,1130,druid,feral,18,12,6
Chëësëbürgër,illidan,1128,druid,feral,97,45,52
Chambz,tichondrius,1122,druid,feral,54,20,34
Tonoshapepai,azralon,1122,druid,feral,36,13,23
Kakaroot,tichondrius,1118,druid,feral,28,12,16
Eyzie,stormrage,1115,druid,feral,36,13,23
Strikinina,azralon,1108,druid,feral,37,15,22
Pusswhisperr,bleeding-hollow,1104,druid,feral,36,12,24
Vintera,sargeras,1103,druid,feral,87,42,45
Surmise,tichondrius,1100,druid,feral,24,12,12
Azakana,sargeras,1094,druid,feral,23,12,11
Leight,whisperwind,1093,druid,feral,24,14,10
Pokémon,grizzly-hills,1064,druid,feral,33,15,18
Darkdragoonz,barthilas,1060,druid,feral,25,12,13
Switchform,kiljaeden,1056,druid,feral,18,11,7
Duzis,tichondrius,1056,druid,feral,18,11,7
Astrozxy,sargeras,1056,druid,feral,18,11,7
Birdy,proudmoore,1056,druid,feral,18,11,7
Glenn,norgannon,1056,druid,feral,18,11,7
Azoth,hyjal,1056,druid,feral,18,11,7
Lelobull,ragnaros,1056,druid,feral,48,19,29
Dangersweg,frostmourne,1056,druid,feral,30,11,19
Yüxy,sargeras,1056,druid,feral,30,11,19
Bhen,tichondrius,1055,druid,feral,18,11,7
Akamu,nemesis,1055,druid,feral,30,11,19
Shmayba,malganis,1054,druid,feral,18,11,7
Kellydabear,azuremyst,1054,druid,feral,24,11,13
Anastasyiar,illidan,1053,druid,feral,24,11,13
Myeow,illidan,1052,druid,feral,24,11,13
Corv,drenden,1051,druid,feral,16,12,4
Swindlestan,zuljin,1051,druid,feral,24,11,13
Traxxo,tichondrius,1051,druid,feral,24,11,13
Hööper,illidan,1050,druid,feral,36,11,25
Kongquest,emerald-dream,1049,druid,feral,36,11,25
Vykarux,suramar,1048,druid,feral,24,11,13
Eletto,stormrage,1048,druid,feral,24,11,13
Yám,tichondrius,1048,druid,feral,30,11,19
Buhooki,tichondrius,1035,druid,feral,77,37,40
Yobolsun,sargeras,1030,druid,feral,30,12,18
Screwdrivers,moon-guard,1022,druid,feral,29,11,18
Pavel,aerie-peak,1018,druid,feral,47,14,33
Fennel,korgath,1017,druid,feral,23,11,12
Lyndonww,frostmourne,1006,druid,feral,26,12,14
Ruzkit,illidan,995,druid,feral,24,11,13
Doubledówn,sargeras,968,druid,feral,48,21,27
Semveta,alleria,960,druid,feral,12,10,2
Turow,firetree,960,druid,feral,18,10,8
Yayue,tichondrius,960,druid,feral,18,10,8
Waggs,illidan,960,druid,feral,24,10,14
Buffjungle,tichondrius,960,druid,feral,26,10,16
Tyxi,bleeding-hollow,959,druid,feral,18,10,8
Dewfuss,tichondrius,959,druid,feral,18,10,8
Kuzigothigh,thunderhorn,959,druid,feral,48,25,23
Anarad,dalaran,959,druid,feral,24,11,13
Kekepöp,illidan,959,druid,feral,24,10,14
Yaboidakota,stormrage,959,druid,feral,24,10,14
Amishal,stormrage,959,druid,feral,27,10,17
Nearkoo,tichondrius,958,druid,feral,24,10,14
Luluid,tichondrius,958,druid,feral,24,10,14
Zazieraiel,moon-guard,957,druid,feral,27,11,16
Swornenemy,mugthol,956,druid,feral,18,10,8
Shiftingdean,sargeras,956,druid,feral,30,10,20
Hoppus,icecrown,956,druid,feral,36,10,26
Dorio,quelthalas,952,druid,feral,18,10,8
Feraluwu,illidan,938,druid,feral,18,10,8
Téddybéar,smolderthorn,929,druid,feral,12,10,2
Greasemonkey,trollbane,919,druid,feral,22,12,10
Zeroshift,sargeras,911,druid,feral,34,10,24
Lusk,blades-edge,908,druid,feral,53,22,31
Blêêd,stormscale,904,druid,feral,13,12,1
Taurenaught,aegwynn,881,druid,feral,37,17,20
Hatergodx,ravencrest,864,druid,feral,18,9,9
Phøënîx,tichondrius,864,druid,feral,18,9,9
Beastbaby,eldrethalas,864,druid,feral,24,9,15
Tt,akama,863,druid,feral,18,9,9
Zirrie,stormrage,863,druid,feral,18,9,9
Gz,icecrown,863,druid,feral,18,9,9
Kaissara,nemesis,862,druid,feral,18,9,9
Freinnar,kiljaeden,862,druid,feral,24,9,15
Duckieheit,sargeras,861,druid,feral,18,9,9
Catten,barthilas,860,druid,feral,12,9,3
Beygatti,sargeras,860,druid,feral,24,9,15
Behrhart,stormrage,859,druid,feral,12,9,3
Malu,muradin,857,druid,feral,18,9,9
Rum,the-venture-co,857,druid,feral,36,14,22
Borybuilder,azralon,852,druid,feral,26,9,17
Trevvor,thrall,852,druid,feral,30,9,21
Koag,dalaran,851,druid,feral,23,11,12
Sosd,kelthuzad,837,druid,feral,17,9,8
Shartasm,anetheron,822,druid,feral,30,12,18
Àspên,moon-guard,812,druid,feral,18,9,9
Feorelm,proudmoore,810,druid,feral,17,9,8
Nephdruid,stormrage,804,druid,feral,30,9,21
Skrillin,thrall,782,druid,feral,17,9,8
Feralgo,tichondrius,768,druid,feral,12,8,4
Fliip,barthilas,768,druid,feral,12,8,4
Anìmorph,sargeras,768,druid,feral,12,8,4
Jason,vashj,768,druid,feral,12,8,4
Mooncatbear,malganis,768,druid,feral,18,8,10
Hypérion,dalaran,768,druid,feral,18,8,10
Jentzull,tichondrius,767,druid,feral,12,8,4
Nahelae,tichondrius,767,druid,feral,12,8,4
Udderchaos,dark-iron,767,druid,feral,18,8,10
Yavann,tichondrius,767,druid,feral,18,8,10
Fullmoon,greymane,767,druid,feral,22,9,13
Xanybarz,stormrage,767,druid,feral,24,8,16
Oroskii,bleeding-hollow,767,druid,feral,24,8,16
Angulus,darkspear,766,druid,feral,18,8,10
Herbx,sargeras,765,druid,feral,18,8,10
Raknary,kelthuzad,764,druid,feral,30,8,22
Shahahrazad,queldorei,762,druid,feral,30,8,22
Weedleaf,wyrmrest-accord,760,druid,feral,18,8,10
Gamble,the-underbog,760,druid,feral,24,8,16
Sjana,bleeding-hollow,752,druid,feral,12,8,4
Mychi,ragnaros,748,druid,feral,20,9,11
Reallysauce,zuljin,748,druid,feral,18,8,10
Tolldruid,chogall,748,druid,feral,18,8,10
Amdruid,bloodhoof,735,druid,feral,14,9,5
Ursuur,drakkari,731,druid,feral,23,8,15
Spinach,moon-guard,720,druid,feral,21,8,13
Ashmila,ragnaros,716,druid,feral,17,8,9
Mazoak,sargeras,703,druid,feral,28,8,20
Shakedru,stormrage,684,druid,feral,19,8,11
Primalxd,area-52,672,druid,feral,12,7,5
Tnvï,stormrage,672,druid,feral,12,7,5
Scuffedx,tichondrius,672,druid,feral,12,7,5
Zðzð,zuljin,672,druid,feral,12,7,5
Féèd,stormrage,672,druid,feral,12,7,5
Elyveen,proudmoore,672,druid,feral,12,7,5
Akanx,tichondrius,672,druid,feral,12,7,5
Susruth,area-52,672,druid,feral,12,7,5
Fyrkax,sargeras,672,druid,feral,12,7,5
Meowny,area-52,672,druid,feral,18,7,11
Lunacore,illidan,672,druid,feral,18,7,11
Muffbfloppn,zuljin,672,druid,feral,18,7,11
Faithxo,stormrage,672,druid,feral,18,7,11
Malfurionsto,moon-guard,672,druid,feral,24,7,17
Tree,lothar,671,druid,feral,12,7,5
Boofings,sargeras,671,druid,feral,12,7,5
Superwrath,khaz-modan,671,druid,feral,12,7,5
Roots,anubarak,671,druid,feral,12,7,5
Druidydruid,blackrock,671,druid,feral,18,7,11
Momoxchan,quelthalas,671,druid,feral,18,7,11
Datkittydoe,kiljaeden,671,druid,feral,18,7,11
Ruckiz,stormrage,671,druid,feral,18,7,11
Bearmuda,trollbane,671,druid,feral,18,7,11
Servax,illidan,670,druid,feral,18,7,11
Curainfeliz,nemesis,669,druid,feral,12,7,5
Bullshiftin,area-52,669,druid,feral,12,7,5
Redness,daggerspine,669,druid,feral,18,7,11
Yokimo,amanthul,668,druid,feral,18,7,11
Jordiët,dalaran,667,druid,feral,12,7,5
Predatõr,malorne,663,druid,feral,12,7,5
Oxvxo,senjin,648,druid,feral,18,7,11
Hyperlite,bonechewer,643,druid,feral,18,7,11
Injail,tichondrius,640,druid,feral,16,7,9
Arntu,malganis,639,druid,feral,11,7,4
Ekkoh,sargeras,638,druid,feral,17,7,10
Jeanz,bonechewer,632,druid,feral,19,9,10
Meowzetzan,tichondrius,623,druid,feral,11,7,4
Ërebüs,emerald-dream,623,druid,feral,11,7,4
Berd,whisperwind,606,druid,feral,16,7,9
Beaker,uldum,605,druid,feral,11,7,4
Earlgrayl,kelthuzad,591,druid,feral,13,7,6
Bigherbo,zuljin,585,druid,feral,20,8,12
Wildbeasts,proudmoore,583,druid,feral,22,8,14
Hybridxo,kelthuzad,576,druid,feral,6,6,0
Lïberty,ragnaros,576,druid,feral,6,6,0
Retzerbil,sargeras,576,druid,feral,6,6,0
Thontt,sargeras,576,druid,feral,12,6,6
Sooey,wyrmrest-accord,576,druid,feral,12,6,6
Bloodynine,cairne,576,druid,feral,12,6,6
Daniverse,sargeras,576,druid,feral,12,6,6
Ännä,moon-guard,576,druid,feral,12,6,6
Nelfwaifú,area-52,576,druid,feral,12,6,6
Kìttykat,stormrage,576,druid,feral,12,6,6
Hashmall,ragnaros,576,druid,feral,12,6,6
Idiotferal,tortheldrin,576,druid,feral,12,6,6
Wowgamer,sargeras,576,druid,feral,12,6,6
Cíphenz,illidan,576,druid,feral,12,6,6
Orekinya,area-52,576,druid,feral,12,6,6
Naturestouch,tichondrius,576,druid,feral,12,6,6
Grizzlepaw,tichondrius,576,druid,feral,12,6,6
Kittysnuggle,emerald-dream,576,druid,feral,15,7,8
Welshblack,tichondrius,576,druid,feral,16,7,9
Jinhova,stormrage,576,druid,feral,15,6,9
Zivak,azshara,576,druid,feral,18,6,12
Thaherb,korgath,576,druid,feral,18,6,12
Hoofin,blackwing-lair,576,druid,feral,18,6,12
Feorb,azuremyst,576,druid,feral,18,6,12
Zwaski,thrall,576,druid,feral,18,6,12
Rahxay,quelthalas,576,druid,feral,18,6,12
Wabbehkus,barthilas,576,druid,feral,24,6,18
Werebruin,bleeding-hollow,575,druid,feral,6,6,0
Stríðsmaður,area-52,575,druid,feral,12,6,6
Omnilul,zuljin,575,druid,feral,12,6,6
Amoru,moon-guard,575,druid,feral,12,6,6
Gorim,area-52,575,druid,feral,12,6,6
Moonbow,frostmourne,575,druid,feral,12,6,6
Wulfjack,emerald-dream,575,druid,feral,12,6,6
Allenjunior,ragnaros,575,druid,feral,12,6,6
Fireeloot,tichondrius,575,druid,feral,12,6,6
Beelzehog,whisperwind,574,druid,feral,12,6,6
Zelazia,area-52,574,druid,feral,12,6,6
Nikozho,sargeras,573,druid,feral,18,6,12
Seraphim,lightnings-blade,571,druid,feral,12,6,6
Snowlion,the-forgotten-coast,570,druid,feral,12,6,6
Expells,nemesis,569,druid,feral,18,6,12
Pawprika,tichondrius,562,druid,feral,24,6,18
Fogboom,area-52,543,druid,feral,14,7,7
Druidcyber,stormrage,543,druid,feral,16,6,10
Dreamfyre,kiljaeden,543,druid,feral,17,6,11
Lémons,tichondrius,542,druid,feral,17,6,11
Tatiannaa,stormreaver,528,druid,feral,9,7,2
Wtfimacat,area-52,527,druid,feral,11,6,5
Puzzykat,uldum,527,druid,feral,21,6,15
Ðjangø,goldrinn,525,druid,feral,11,6,5
Shadalor,frostmourne,512,druid,feral,16,6,10
Kilbys,nemesis,510,druid,feral,8,6,2
Druski,lightbringer,508,druid,feral,11,6,5
Bearjoo,kelthuzad,495,druid,feral,18,6,12
Gloomcat,illidan,480,druid,feral,6,5,1
Enchiladacat,stormrage,480,druid,feral,6,5,1
Snuppy,sargeras,480,druid,feral,6,5,1
Carboz,jubeithos,480,druid,feral,6,5,1
Exxh,tichondrius,480,druid,feral,6,5,1
Sweetnippies,elune,480,druid,feral,6,5,1
Vinjo,ragnaros,480,druid,feral,12,5,7
Saltydru,illidan,480,druid,feral,12,5,7
Mythienair,stormrage,480,druid,feral,12,5,7
Neetform,zuljin,480,druid,feral,12,5,7
Yizhiyuren,aegwynn,480,druid,feral,12,5,7
Jazzxs,proudmoore,480,druid,feral,12,5,7
Topangâ,lightninghoof,480,druid,feral,12,5,7
Feralhearted,kelthuzad,480,druid,feral,12,5,7
Bloodyugly,area-52,480,druid,feral,12,5,7
Calikonger,spirestone,480,druid,feral,12,5,7
Gunnymad,tichondrius,480,druid,feral,12,5,7
Bloodriot,wyrmrest-accord,480,druid,feral,12,5,7
Csinii,bleeding-hollow,480,druid,feral,12,5,7
Kilohanno,alexstrasza,480,druid,feral,12,5,7
Pfheral,area-52,480,druid,feral,12,5,7
Honeybeam,moon-guard,480,druid,feral,12,5,7
Linkinbiox,alleria,480,druid,feral,12,5,7
Doblun,nemesis,480,druid,feral,18,5,13
Oneninesix,frostmourne,480,druid,feral,18,5,13
Sylvaster,stormrage,480,druid,feral,18,5,13
Kobebeef,malganis,480,druid,feral,18,5,13
Rwhatkr,tichondrius,480,druid,feral,24,5,19
Anessan,silvermoon,479,druid,feral,12,5,7
Calani,lightnings-blade,479,druid,feral,12,5,7
Balthøs,moon-guard,479,druid,feral,12,5,7
Snugglin,kelthuzad,479,druid,feral,12,5,7
Animalcade,area-52,479,druid,feral,12,5,7
Ysemia,drakkari,479,druid,feral,14,5,9
Drewiid,stormrage,478,druid,feral,12,5,7
Ediiann,cenarius,477,druid,feral,12,5,7
Mavren,uldaman,477,druid,feral,13,5,8
Wokoom,windrunner,474,druid,feral,24,5,19
Moonrg,stormrage,431,druid,feral,11,5,6
Ruhgen,deathwing,431,druid,feral,11,5,6
Yunekai,stormrage,415,druid,feral,11,5,6
Byson,bleeding-hollow,415,druid,feral,11,5,6
Vaelthunis,sargeras,400,druid,feral,13,5,8
Funkattack,tichondrius,384,druid,feral,6,4,2
Notinsanity,proudmoore,384,druid,feral,6,4,2
Oobuck,kilrogg,384,druid,feral,6,4,2
Genuine,guldan,384,druid,feral,6,4,2
Curet,lightbringer,384,druid,feral,6,4,2
Hótlife,fizzcrank,384,druid,feral,6,4,2
Zzkitty,stormreaver,384,druid,feral,6,4,2
Krobz,bleeding-hollow,384,druid,feral,6,4,2
Pressuretd,frostmourne,384,druid,feral,6,4,2
Mameseph,lightnings-blade,384,druid,feral,6,4,2
Tabbsy,frostmourne,384,druid,feral,6,4,2
Jaegerbombx,sargeras,384,druid,feral,6,4,2
Hroney,area-52,384,druid,feral,6,4,2
Unfunnyferal,kelthuzad,384,druid,feral,6,4,2
Kistormx,tichondrius,384,druid,feral,6,4,2
Concordya,tichondrius,384,druid,feral,6,4,2
Olhosdlua,azralon,384,druid,feral,6,4,2
Loamie,proudmoore,384,druid,feral,6,4,2
Orizane,moon-guard,384,druid,feral,6,4,2
Drywatter,tichondrius,384,druid,feral,6,4,2
Srwow,elune,384,druid,feral,6,4,2
Cfab,tichondrius,384,druid,feral,6,4,2
Aldr,tichondrius,384,druid,feral,6,4,2
Nâturê,dalaran,384,druid,feral,6,4,2
Vecuronium,tichondrius,384,druid,feral,6,4,2
Menapäws,area-52,384,druid,feral,6,4,2
Toiiz,malganis,384,druid,feral,9,4,5
Feralgød,tichondrius,384,druid,feral,12,4,8
Toetoetoete,darrowmere,384,druid,feral,12,4,8
Quiziato,burning-legion,384,druid,feral,12,4,8
Carnumoose,zuljin,384,druid,feral,12,4,8
Barbary,tichondrius,384,druid,feral,12,4,8
Weeñor,tichondrius,384,druid,feral,12,4,8
Sellîas,senjin,384,druid,feral,12,4,8
Kajla,sargeras,384,druid,feral,12,4,8
Yukcyducky,tichondrius,384,druid,feral,12,4,8
Carlosd,tichondrius,384,druid,feral,12,4,8
Unfriendly,bleeding-hollow,384,druid,feral,12,4,8
Auxl,tichondrius,384,druid,feral,12,4,8
Ewok,vashj,384,druid,feral,12,4,8
Alaillais,moon-guard,384,druid,feral,12,4,8
Pollykush,sargeras,384,druid,feral,12,4,8
Skufty,illidan,384,druid,feral,12,4,8
Bearlylegalz,kelthuzad,384,druid,feral,12,4,8
Startalons,area-52,384,druid,feral,18,4,14
Udala,durotan,383,druid,feral,6,4,2
Shoboski,quelthalas,383,druid,feral,12,4,8
Topguncarl,illidan,383,druid,feral,12,4,8
Porrosman,quelthalas,383,druid,feral,12,4,8
Mfgs,kelthuzad,383,druid,feral,12,4,8
Bramth,quelthalas,383,druid,feral,12,4,8
Sansao,sargeras,383,druid,feral,12,4,8
Mogli,perenolde,383,druid,feral,30,4,26
Jabiso,smolderthorn,382,druid,feral,12,4,8
Ssimbaa,area-52,382,druid,feral,12,4,8
Eightyhd,ravencrest,351,druid,feral,11,4,7
Defku,quelthalas,330,druid,feral,28,6,22
Iamatomic,illidan,319,druid,feral,14,4,10
Riddickd,malfurion,288,druid,feral,6,3,3
Nofeets,azshara,288,druid,feral,6,3,3
Noet,ragnaros,288,druid,feral,6,3,3
Rivetrix,azralon,288,druid,feral,6,3,3
Rígél,ragnaros,288,druid,feral,6,3,3
Riverthorne,moon-guard,288,druid,feral,6,3,3
Plantdaddy,bladefist,288,druid,feral,6,3,3
Bere,kul-tiras,288,druid,feral,6,3,3
Tasselhoof,hyjal,288,druid,feral,6,3,3
Celetra,kiljaeden,288,druid,feral,6,3,3
Lilrichdmg,sargeras,288,druid,feral,6,3,3
Steakjr,senjin,288,druid,feral,6,3,3
Frrest,proudmoore,288,druid,feral,6,3,3
Pokeyouryolk,sargeras,288,druid,feral,6,3,3
Hitchslaps,tichondrius,288,druid,feral,6,3,3
Bootayclappa,sargeras,288,druid,feral,6,3,3
Ripbot,sargeras,288,druid,feral,6,3,3
Worgbearpig,destromath,288,druid,feral,6,3,3
Datlogan,tichondrius,288,druid,feral,6,3,3
Aeonás,tichondrius,288,druid,feral,6,3,3
Bables,tichondrius,288,druid,feral,6,3,3
Rotclaws,stormrage,288,druid,feral,6,3,3
Jeperty,tichondrius,288,druid,feral,6,3,3
Selendis,tichondrius,288,druid,feral,6,3,3
Chowxx,tichondrius,288,druid,feral,6,3,3
Kittendev,tichondrius,288,druid,feral,6,3,3
Whitetigeris,tichondrius,288,druid,feral,6,3,3
Katatafish,azralon,288,druid,feral,6,3,3
Prille,tichondrius,288,druid,feral,6,3,3
Øvernight,azralon,288,druid,feral,6,3,3
Aligantor,thrall,288,druid,feral,6,3,3
Daniin,azralon,288,druid,feral,6,3,3
Zadayos,aerie-peak,288,druid,feral,6,3,3
Parallax,shadowsong,288,druid,feral,6,3,3
Destrez,ragnaros,288,druid,feral,6,3,3
Erykk,dalaran,288,druid,feral,6,3,3
Férállgødx,area-52,288,druid,feral,6,3,3
Dkkng,dalaran,288,druid,feral,6,3,3
Yesqt,dalaran,288,druid,feral,6,3,3
Bubbleshiftz,area-52,288,druid,feral,6,3,3
Deaddpool,ragnaros,288,druid,feral,6,3,3
Espoir,azuremyst,288,druid,feral,6,3,3
Opconvoke,illidan,288,druid,feral,6,3,3
Arienne,kelthuzad,288,druid,feral,6,3,3
Tommyjimmy,andorhal,288,druid,feral,6,3,3
Ogversaucey,skullcrusher,288,druid,feral,6,3,3
Owlcapwn,stormreaver,288,druid,feral,6,3,3
Sugarbawls,area-52,288,druid,feral,6,3,3
Elythria,hellscream,288,druid,feral,6,3,3
Druidsling,mugthol,288,druid,feral,6,3,3
Kurokyy,frostmourne,288,druid,feral,6,3,3
Chopleaf,khadgar,288,druid,feral,6,3,3
Näna,dalaran,288,druid,feral,12,3,9
Oo,grizzly-hills,288,druid,feral,12,3,9
Elunaya,illidan,288,druid,feral,12,3,9
Uniquex,zuljin,288,druid,feral,12,3,9
Hídde,quelthalas,288,druid,feral,12,3,9
Solstice,frostmourne,288,druid,feral,12,3,9
Tchallå,tichondrius,288,druid,feral,12,3,9
Vorare,tichondrius,288,druid,feral,12,3,9
Hobbles,emerald-dream,288,druid,feral,12,3,9
Lilnippy,stormscale,288,druid,feral,12,3,9
Catorcow,aegwynn,288,druid,feral,13,3,10
Iamthewambo,bloodhoof,288,druid,feral,30,3,27
Extremeshift,dalaran,287,druid,feral,8,4,4
Kurodash,tichondrius,287,druid,feral,6,3,3
Twigz,illidan,287,druid,feral,6,3,3
Rawrii,nemesis,287,druid,feral,6,3,3
Schwiftea,skullcrusher,287,druid,feral,12,3,9
Eglania,stormrage,286,druid,feral,6,3,3
Slapymilf,dentarg,239,druid,feral,5,3,2
Yámï,stormrage,239,druid,feral,5,3,2
Rosalba,zuljin,221,druid,feral,29,8,21
Ebrìthil,hyjal,208,druid,feral,7,3,4
Puiltraxs,ragnaros,192,druid,feral,4,3,1
Soldadito,zuljin,192,druid,feral,9,3,6
Imass,draka,192,druid,feral,6,2,4
Milkmoneymeo,illidan,192,druid,feral,6,2,4
Corym,frostmourne,192,druid,feral,6,2,4
Qouro,area-52,192,druid,feral,6,2,4
Kurakai,runetotem,192,druid,feral,6,2,4
Veryhighrn,area-52,192,druid,feral,6,2,4
Snupy,area-52,192,druid,feral,6,2,4
Pawblems,sargeras,192,druid,feral,6,2,4
Binjuicex,frostmourne,192,druid,feral,6,2,4
Shiftalk,nerzhul,192,druid,feral,6,2,4
Bigthirty,area-52,192,druid,feral,6,2,4
Shiftwork,korgath,192,druid,feral,6,2,4
Dankbite,doomhammer,192,druid,feral,6,2,4
Nabious,malganis,192,druid,feral,6,2,4
Bronaarr,nordrassil,192,druid,feral,6,2,4
Theliono,lightnings-blade,192,druid,feral,6,2,4
Evolute,sargeras,192,druid,feral,6,2,4
Bdsurges,illidan,192,druid,feral,6,2,4
Atreis,malganis,192,druid,feral,6,2,4
Manwool,illidan,192,druid,feral,6,2,4
Dinnerbone,echo-isles,192,druid,feral,6,2,4
Maplesyrup,moonrunner,192,druid,feral,6,2,4
Tootiebootie,bleeding-hollow,192,druid,feral,6,2,4
Worldly,medivh,192,druid,feral,6,2,4
Loserceo,stormrage,192,druid,feral,6,2,4
Juiceonlips,sargeras,192,druid,feral,6,2,4
Augus,hyjal,192,druid,feral,6,2,4
Taiga,moon-guard,192,druid,feral,6,2,4
Prosperz,dalaran,192,druid,feral,6,2,4
Owd,tichondrius,192,druid,feral,6,2,4
Hännibal,hydraxis,192,druid,feral,6,2,4
Yakir,kiljaeden,192,druid,feral,6,2,4
Catmóm,tichondrius,192,druid,feral,6,2,4
Samsaralol,tichondrius,192,druid,feral,6,2,4
Hupod,proudmoore,192,druid,feral,6,2,4
Apothe,emerald-dream,192,druid,feral,6,2,4
Dawsonxo,proudmoore,192,druid,feral,6,2,4
Lavanca,azralon,192,druid,feral,6,2,4
Dreadonly,tichondrius,192,druid,feral,6,2,4
Illr,laughing-skull,192,druid,feral,6,2,4
Athious,moon-guard,192,druid,feral,6,2,4
Taztoc,stormrage,192,druid,feral,6,2,4
Wreckked,sargeras,192,druid,feral,6,2,4
Haegur,tichondrius,192,druid,feral,6,2,4
Varietypack,antonidas,192,druid,feral,6,2,4
Asmondruud,tichondrius,192,druid,feral,6,2,4
Stolenrims,tichondrius,192,druid,feral,6,2,4
Bullbuddy,wyrmrest-accord,192,druid,feral,6,2,4
Kanadae,thrall,192,druid,feral,6,2,4
Faroo,azralon,192,druid,feral,12,2,10
Nerfdemo,kiljaeden,192,druid,feral,12,2,10
Meudayr,crushridge,192,druid,feral,12,2,10
Shadedmika,zuljin,192,druid,feral,12,2,10
Shiftyounot,shattered-hand,192,druid,feral,12,2,10
Drabo,boulderfist,192,druid,feral,12,2,10
Àcid,stormreaver,192,druid,feral,12,2,10
Seyala,moon-guard,192,druid,feral,12,2,10
Happyc,bleeding-hollow,192,druid,feral,12,2,10
Igneël,ragnaros,192,druid,feral,12,2,10
Codieneme,blades-edge,192,druid,feral,12,2,10
Nokther,muradin,192,druid,feral,18,2,16
Feralhearted,tichondrius,175,druid,feral,11,2,9
Jdoozie,bleeding-hollow,159,druid,feral,5,2,3
Bowbaggins,bleeding-hollow,159,druid,feral,5,2,3
Jihadibleeds,stormrage,138,druid,feral,7,3,4
Kipsmiffly,darkspear,128,druid,feral,4,2,2
Mawnster,drenden,96,druid,feral,3,2,1
Wreckingcrew,emerald-dream,96,druid,feral,6,1,5
Absoles,agamaggan,96,druid,feral,6,1,5
Shlümp,tichondrius,96,druid,feral,6,1,5
Jamesbailey,sargeras,96,druid,feral,6,1,5
Alope,blades-edge,96,druid,feral,6,1,5
Polyproof,emerald-dream,96,druid,feral,6,1,5
Ticømia,stormrage,96,druid,feral,6,1,5
Frëýá,bleeding-hollow,96,druid,feral,6,1,5
Captclaws,tichondrius,96,druid,feral,6,1,5
Samedo,sargeras,96,druid,feral,6,1,5
Cattdog,tichondrius,96,druid,feral,6,1,5
Ymirgore,zuljin,96,druid,feral,6,1,5
Purrcat,tichondrius,96,druid,feral,6,1,5
Purpyo,bleeding-hollow,96,druid,feral,6,1,5
Lunarboy,tichondrius,96,druid,feral,6,1,5
Mxdi,tichondrius,96,druid,feral,6,1,5
Droody,earthen-ring,96,druid,feral,6,1,5
Healthy,auchindoun,96,druid,feral,6,1,5
Ghostboy,zuljin,96,druid,feral,6,1,5
Valdr,stormrage,96,druid,feral,6,1,5
Furrycon,ysera,96,druid,feral,6,1,5
Yungle,tichondrius,96,druid,feral,6,1,5
Kollective,sargeras,96,druid,feral,6,1,5
Naztekk,dalaran,96,druid,feral,6,1,5
Crazypaddy,dark-iron,96,druid,feral,6,1,5
Chumdrumrum,malganis,96,druid,feral,6,1,5
Aquahektik,malganis,96,druid,feral,6,1,5
Thebigcat,deathwing,96,druid,feral,6,1,5
Bootzs,kelthuzad,96,druid,feral,6,1,5
Pibily,sargeras,96,druid,feral,6,1,5
Ban,chogall,96,druid,feral,6,1,5
Feralhefty,stormrage,96,druid,feral,6,1,5
Ausbie,garona,96,druid,feral,6,1,5
Vernaar,laughing-skull,96,druid,feral,6,1,5
Lakroz,zuljin,96,druid,feral,6,1,5
Barnabie,black-dragonflight,96,druid,feral,6,1,5
Krawnk,zuljin,96,druid,feral,6,1,5
Acórn,frostmourne,96,druid,feral,6,1,5
Fortunecat,illidan,96,druid,feral,6,1,5
Capson,darkspear,96,druid,feral,6,1,5
Raigor,azralon,96,druid,feral,6,1,5
Caelüm,area-52,96,druid,feral,6,1,5
Édzar,area-52,96,druid,feral,6,1,5
Dééz,illidan,96,druid,feral,6,1,5
Liightbite,illidan,96,druid,feral,6,1,5
Houseboat,hellscream,96,druid,feral,6,1,5
Jawsbee,emerald-dream,96,druid,feral,6,1,5
Ojira,moon-guard,96,druid,feral,6,1,5
Ashmíla,ragnaros,96,druid,feral,6,1,5
Crowaar,moon-guard,96,druid,feral,6,1,5
Importedalc,zuljin,96,druid,feral,6,1,5
Gretatunberg,skywall,96,druid,feral,6,1,5
Deelark,skywall,96,druid,feral,6,1,5
Habras,alterac-mountains,96,druid,feral,12,1,11
Lonewolfdrd,illidan,96,druid,feral,12,1,11
Grovestalker,nemesis,96,druid,feral,12,1,11
Ballsnack,zuljin,96,druid,feral,12,1,11
Versipex,emerald-dream,96,druid,feral,12,1,11
Owlcapwn,tichondrius,96,druid,feral,12,1,11
Furiøsä,quelthalas,95,druid,feral,6,1,5
Gitsnshigles,frostmourne,79,druid,feral,5,1,4
Pixyls,bleeding-hollow,48,druid,feral,3,1,2
Wierdosaur,azralon,48,druid,feral,3,1,2
Enderhero,illidan,42,druid,feral,14,2,12
Psynix,zuljin,16,druid,feral,1,1,0
Laryfsherman,tichondrius,2324,druid,balance,83,54,29
Fredagn,illidan,2278,druid,balance,84,51,33
Legionsucks,tanaris,2277,druid,balance,126,71,55
Supatease,tichondrius,2231,druid,balance,105,60,45
Jbz,balnazzar,2206,druid,balance,129,86,43
Tanerno,illidan,2201,druid,balance,108,65,43
Theforeigner,arathor,2194,druid,balance,59,46,13
Owl,shadowsong,2187,druid,balance,84,48,36
Bkqtpie,tichondrius,2176,druid,balance,106,59,47
Flapz,illidan,2164,druid,balance,66,38,28
Notes,farstriders,2147,druid,balance,98,51,47
Pushpop,frostmourne,2141,druid,balance,66,44,22
Impëria,quelthalas,2137,druid,balance,89,58,31
Houli,tichondrius,2134,druid,balance,96,50,46
Peterßigßeam,malganis,2131,druid,balance,88,47,41
Nbadizzyboy,illidan,2130,druid,balance,53,43,10
Flowerboï,azralon,2123,druid,balance,90,64,26
Murkeÿ,frostmourne,2113,druid,balance,72,36,36
Fergh,tichondrius,2109,druid,balance,83,45,38
Gritzxv,stormrage,2105,druid,balance,83,48,35
Balancex,tichondrius,2105,druid,balance,108,54,54
Sqwippyd,tichondrius,2102,druid,balance,78,49,29
Gugukuaipao,tichondrius,2086,druid,balance,66,39,27
Trusyrusty,stormrage,2084,druid,balance,127,71,56
Kidcudi,dentarg,2080,druid,balance,150,77,73
Lavlol,frostmourne,2078,druid,balance,179,100,79
Soggykfc,illidan,2078,druid,balance,140,76,64
Lazershartz,cenarion-circle,2064,druid,balance,66,36,30
Dízzen,bleeding-hollow,2062,druid,balance,78,49,29
Dilondru,area-52,2055,druid,balance,87,60,27
Altoberano,azralon,2055,druid,balance,83,44,39
Jimmypop,malganis,2049,druid,balance,62,44,18
Murruk,darkspear,2044,druid,balance,141,81,60
Smëagol,zuljin,2042,druid,balance,60,36,24
Ertuzi,tichondrius,2023,druid,balance,54,40,14
Houlix,stormrage,2017,druid,balance,122,59,63
Soulz,quelthalas,2012,druid,balance,72,43,29
Cultnelf,illidan,2001,druid,balance,68,42,26
Enøsh,tichondrius,2000,druid,balance,60,38,22
Snöwghost,aerie-peak,1997,druid,balance,113,61,52
Biophilic,moon-guard,1990,druid,balance,70,36,34
Zneb,darkspear,1987,druid,balance,36,29,7
Dogwáter,tichondrius,1984,druid,balance,40,29,11
Foekinghobo,sargeras,1984,druid,balance,96,59,37
Tranquilo,stormrage,1984,druid,balance,102,58,44
Tòmathy,tichondrius,1982,druid,balance,65,38,27
Fracxx,area-52,1981,druid,balance,30,21,9
Brose,malganis,1979,druid,balance,54,33,21
Nokomanida,zuljin,1977,druid,balance,69,42,27
Treirus,sargeras,1965,druid,balance,82,64,18
Omends,thrall,1962,druid,balance,98,52,46
Compléx,tichondrius,1961,druid,balance,66,33,33
Hayase,tichondrius,1960,druid,balance,58,39,19
Pønchø,quelthalas,1960,druid,balance,56,33,23
Boomçhicken,tichondrius,1959,druid,balance,58,31,27
Vertderferk,tichondrius,1954,druid,balance,68,40,28
Bigdiablo,frostmourne,1941,druid,balance,112,60,52
Daspdruid,nagrand,1938,druid,balance,170,87,83
Sebastian,tichondrius,1937,druid,balance,59,36,23
Toughshift,zuljin,1936,druid,balance,66,28,38
John,azralon,1929,druid,balance,90,41,49
Gspx,dalaran,1925,druid,balance,42,24,18
Lovemakitty,sargeras,1922,druid,balance,78,46,32
Bubalolz,quelthalas,1921,druid,balance,137,74,63
Acdru,tichondrius,1911,druid,balance,67,37,30
Vengex,sargeras,1904,druid,balance,48,30,18
Knotgiver,moon-guard,1899,druid,balance,52,31,21
Thugrose,blackrock,1899,druid,balance,42,23,19
Xijînping,tichondrius,1893,druid,balance,42,26,16
Ezgamed,tichondrius,1892,druid,balance,63,41,22
Vernaar,laughing-skull,1888,druid,balance,84,47,37
Wereocelot,firetree,1886,druid,balance,78,50,28
Fhormations,area-52,1885,druid,balance,54,31,23
Druidstin,tichondrius,1883,druid,balance,66,33,33
Hefkerd,tichondrius,1881,druid,balance,30,20,10
Lazersnewch,kelthuzad,1877,druid,balance,60,35,25
Pisces,emerald-dream,1873,druid,balance,56,34,22
Jakob,arygos,1873,druid,balance,102,60,42
Sarvi,zuljin,1864,druid,balance,33,24,9
Elythria,hellscream,1863,druid,balance,30,26,4
Vuru,azralon,1860,druid,balance,41,29,12
Flatass,cairne,1859,druid,balance,56,36,20
Riskies,tichondrius,1856,druid,balance,88,42,46
Thundoon,tichondrius,1854,druid,balance,36,23,13
Hogd,illidan,1854,druid,balance,60,35,25
Johnieboy,azralon,1850,druid,balance,45,32,13
Beefnudlsoup,tichondrius,1850,druid,balance,48,28,20
Swaggu,kelthuzad,1847,druid,balance,54,36,18
Cousa,zuljin,1846,druid,balance,46,32,14
Jayelljaÿ,thrall,1844,druid,balance,99,61,38
Swayjizz,tichondrius,1841,druid,balance,84,52,32
Cti,tichondrius,1840,druid,balance,36,23,13
Mewfasa,duskwood,1839,druid,balance,93,57,36
Gèb,dalaran,1835,druid,balance,116,71,45
Sawsaw,bleeding-hollow,1832,druid,balance,74,42,32
Deloria,nemesis,1829,druid,balance,42,25,17
Lilkitty,tichondrius,1829,druid,balance,103,61,42
Dontnerfmore,queldorei,1829,druid,balance,66,31,35
Moozzash,azralon,1828,druid,balance,54,32,22
Spamclonewin,tichondrius,1828,druid,balance,93,54,39
Chernovax,kelthuzad,1828,druid,balance,87,47,40
Harukai,azralon,1826,druid,balance,78,50,28
Dorlingus,tichondrius,1825,druid,balance,42,28,14
Ericzzdd,tichondrius,1823,druid,balance,54,40,14
Poliage,moon-guard,1823,druid,balance,125,73,52
Herpadruid,illidan,1823,druid,balance,72,32,40
Etherêal,stormrage,1822,druid,balance,78,44,34
Clonemunster,frostmourne,1821,druid,balance,66,38,28
Resorange,malganis,1818,druid,balance,48,29,19
Readt,malganis,1818,druid,balance,180,102,78
Rìniroo,area-52,1816,druid,balance,48,30,18
Xenny,chogall,1815,druid,balance,48,34,14
Laser,bonechewer,1815,druid,balance,36,25,11
Raïsin,moon-guard,1814,druid,balance,45,26,19
Animatronixz,area-52,1813,druid,balance,66,34,32
Psychotycxd,tichondrius,1811,druid,balance,48,30,18
Moonkay,tichondrius,1810,druid,balance,42,26,16
Spacedruidx,illidan,1810,druid,balance,72,42,30
Byk,tichondrius,1810,druid,balance,54,30,24
Cocainebeär,tichondrius,1808,druid,balance,54,30,24
Starbränd,azralon,1803,druid,balance,60,38,22
Itachi,dragonmaw,1803,druid,balance,65,38,27
Mythleaf,ragnaros,1802,druid,balance,120,70,50
Jaxer,illidan,1799,druid,balance,93,61,32
Petruccius,nordrassil,1796,druid,balance,124,65,59
Lekick,tichondrius,1795,druid,balance,60,33,27
Chal,illidan,1791,druid,balance,53,32,21
Alpine,eldrethalas,1790,druid,balance,54,35,19
Lilbeam,sargeras,1789,druid,balance,36,24,12
Zoteqt,kelthuzad,1788,druid,balance,77,44,33
Ataraxie,illidan,1780,druid,balance,72,44,28
Orollå,tichondrius,1771,druid,balance,50,29,21
Boomybro,thrall,1768,druid,balance,140,84,56
Solareclipse,tichondrius,1768,druid,balance,48,26,22
Sadboy,moon-guard,1768,druid,balance,107,57,50
Dôcteurowl,zuljin,1767,druid,balance,47,25,22
Astraldank,tichondrius,1765,druid,balance,48,28,20
Maligoz,nemesis,1759,druid,balance,89,48,41
Panansy,stormrage,1756,druid,balance,191,96,95
Yepz,tichondrius,1753,druid,balance,39,25,14
Sommerrays,kelthuzad,1753,druid,balance,54,27,27
Thottiie,hyjal,1750,druid,balance,48,28,20
Nyloke,kelthuzad,1747,druid,balance,54,39,15
Halenson,illidan,1745,druid,balance,34,21,13
Dextructive,tichondrius,1745,druid,balance,101,49,52
Fleasy,wyrmrest-accord,1744,druid,balance,56,35,21
Basedcatx,tichondrius,1742,druid,balance,36,22,14
Druidwhat,stormrage,1737,druid,balance,128,69,59
Ebrìthil,hyjal,1737,druid,balance,54,27,27
Auras,kelthuzad,1726,druid,balance,102,68,34
Bunnykiss,tichondrius,1726,druid,balance,60,28,32
Wnxmomthicc,tichondrius,1725,druid,balance,30,18,12
Equinøxx,malganis,1724,druid,balance,35,25,10
Oungan,illidan,1724,druid,balance,81,46,35
Bentøbøx,barthilas,1721,druid,balance,35,19,16
Glazinator,sargeras,1721,druid,balance,148,72,76
Wecksox,area-52,1721,druid,balance,240,116,124
Xantastic,area-52,1719,druid,balance,42,24,18
Swiftydel,frostmourne,1718,druid,balance,42,27,15
Starsucceed,illidan,1718,druid,balance,42,21,21
Sonicphantom,kelthuzad,1717,druid,balance,24,18,6
Convokeopp,tichondrius,1713,druid,balance,24,21,3
Gillidd,bleeding-hollow,1713,druid,balance,24,18,6
Jojo,ysera,1713,druid,balance,66,34,32
Showmanship,tichondrius,1711,druid,balance,30,23,7
Metroboomy,magtheridon,1709,druid,balance,48,27,21
Líu,area-52,1705,druid,balance,78,49,29
Mädnhairy,zuljin,1703,druid,balance,45,28,17
Rerob,aerie-peak,1702,druid,balance,44,23,21
Spinach,moon-guard,1702,druid,balance,81,42,39
Naakx,tichondrius,1701,druid,balance,47,28,19
Kamero,tichondrius,1697,druid,balance,45,26,19
Tunaren,wyrmrest-accord,1696,druid,balance,42,21,21
Raquelitá,ragnaros,1694,druid,balance,28,19,9
Drcuy,ragnaros,1694,druid,balance,56,31,25
Moonflora,stormrage,1694,druid,balance,105,56,49
Yipëë,moon-guard,1692,druid,balance,36,21,15
Komacine,emerald-dream,1691,druid,balance,223,122,101
Nickyü,ragnaros,1689,druid,balance,36,18,18
Bloomqt,tichondrius,1688,druid,balance,90,54,36
Pipiwiwi,stormrage,1688,druid,balance,87,48,39
Rizzit,wyrmrest-accord,1684,druid,balance,40,21,19
Çørrúptíøñzx,tichondrius,1679,druid,balance,30,20,10
Harryhotter,blackrock,1679,druid,balance,97,50,47
Daddyshift,proudmoore,1677,druid,balance,56,30,26
Ruthlessbro,sargeras,1677,druid,balance,85,45,40
Pizzaparties,tichondrius,1676,druid,balance,35,28,7
Geezbutt,tichondrius,1675,druid,balance,85,37,48
Partylord,malganis,1668,druid,balance,78,43,35
Pennytrate,barthilas,1667,druid,balance,36,23,13
Wallower,malganis,1667,druid,balance,54,24,30
Trapdoorboom,illidan,1666,druid,balance,84,43,41
Bables,tichondrius,1664,druid,balance,42,25,17
Jacusias,stormrage,1664,druid,balance,105,56,49
Aull,kelthuzad,1653,druid,balance,36,19,17
Starlyxo,malganis,1652,druid,balance,59,37,22
Grapeful,frostmourne,1640,druid,balance,66,37,29
Chøpstixs,bleeding-hollow,1639,druid,balance,48,28,20
Goochies,aerie-peak,1638,druid,balance,29,18,11
Oakwalker,moon-guard,1638,druid,balance,49,24,25
Jillferal,proudmoore,1636,druid,balance,48,32,16
Killiamp,tichondrius,1636,druid,balance,41,27,14
Thamoonsbak,aggramar,1635,druid,balance,35,18,17
Druidlolwtf,area-52,1634,druid,balance,60,32,28
Lostnsauce,tichondrius,1630,druid,balance,48,36,12
Beretta,rexxar,1630,druid,balance,72,44,28
Djsummer,tichondrius,1629,druid,balance,77,42,35
Kekepöp,illidan,1628,druid,balance,36,25,11
Bearyhallsjr,sargeras,1627,druid,balance,24,17,7
Roar,moon-guard,1625,druid,balance,39,27,12
Droodaphobé,sargeras,1625,druid,balance,29,18,11
Pils,nemesis,1624,druid,balance,60,39,21
Mûû,tichondrius,1624,druid,balance,60,37,23
Ablackdruid,moon-guard,1624,druid,balance,35,21,14
Wiiee,darkspear,1623,druid,balance,66,44,22
Khryllx,tichondrius,1623,druid,balance,30,20,10
Jeanz,bonechewer,1621,druid,balance,30,21,9
Kyura,sargeras,1620,druid,balance,118,53,65
Realmehji,wyrmrest-accord,1619,druid,balance,30,23,7
Lunalai,bloodhoof,1618,druid,balance,42,22,20
Cyclone,darkspear,1618,druid,balance,36,17,19
Wildslash,proudmoore,1617,druid,balance,75,37,38
Frames,area-52,1617,druid,balance,53,24,29
Mastabtw,illidan,1616,druid,balance,30,17,13
Oppose,akama,1613,druid,balance,30,19,11
Jemima,auchindoun,1613,druid,balance,82,49,33
Duglas,illidan,1612,druid,balance,91,55,36
Ellguin,malganis,1611,druid,balance,60,44,16
Sibby,barthilas,1611,druid,balance,42,21,21
Pänzerkin,sargeras,1609,druid,balance,30,21,9
Druiddruid,daggerspine,1608,druid,balance,41,28,13
Zeromoon,frostmourne,1608,druid,balance,41,20,21
Druidk,tichondrius,1606,druid,balance,36,17,19
Wòót,stormreaver,1604,druid,balance,60,42,18
Lyshani,thrall,1604,druid,balance,46,27,19
Hagatta,stormrage,1604,druid,balance,121,65,56
Softkiller,chogall,1603,druid,balance,36,23,13
Brokenomega,area-52,1603,druid,balance,78,49,29
Anchunlol,tichondrius,1603,druid,balance,36,19,17
Gordzak,illidan,1602,druid,balance,42,22,20
Hessenmèow,tichondrius,1601,druid,balance,42,19,23
Brodda,sargeras,1600,druid,balance,192,100,92
Doomdawn,sargeras,1600,druid,balance,83,41,42
Gatø,area-52,1598,druid,balance,54,23,31
Josepha,tichondrius,1596,druid,balance,24,17,7
Soupbeandru,zuljin,1593,druid,balance,48,28,20
Hikoro,sargeras,1592,druid,balance,114,70,44
Atagoo,tichondrius,1592,druid,balance,96,53,43
Aethisra,moon-guard,1587,druid,balance,101,58,43
Beamrooster,silvermoon,1586,druid,balance,36,23,13
Quelarre,velen,1582,druid,balance,34,21,13
Snugglin,kelthuzad,1582,druid,balance,48,23,25
Bukkwild,stormrage,1580,druid,balance,27,22,5
Shîfty,ysondre,1580,druid,balance,65,35,30
Skeevz,darkspear,1576,druid,balance,26,18,8
Zettka,tichondrius,1575,druid,balance,38,25,13
Hoagiecannon,moon-guard,1575,druid,balance,131,72,59
Angryjo,tichondrius,1574,druid,balance,23,17,6
Sombrien,stormrage,1573,druid,balance,90,46,44
Odirtytshirt,malganis,1572,druid,balance,37,20,17
Înfamous,thrall,1570,druid,balance,30,18,12
Ðøomkinz,azjolnerub,1565,druid,balance,36,23,13
Nophysique,zuljin,1565,druid,balance,36,18,18
Swoopy,stormrage,1563,druid,balance,79,44,35
Boomchickens,area-52,1562,druid,balance,30,19,11
Fìlø,bleeding-hollow,1558,druid,balance,72,47,25
Polánd,area-52,1558,druid,balance,57,32,25
Fancynut,kiljaeden,1558,druid,balance,42,19,23
Ànìmàl,stormrage,1557,druid,balance,24,18,6
Elyveen,proudmoore,1556,druid,balance,51,38,13
Maviç,hyjal,1554,druid,balance,60,33,27
Syclonez,stormrage,1554,druid,balance,42,21,21
Drdrulittle,darkspear,1553,druid,balance,78,40,38
Braviel,stormrage,1551,druid,balance,36,21,15
Thespían,tichondrius,1545,druid,balance,251,133,118
Ihavehothots,kiljaeden,1540,druid,balance,38,26,12
Montrá,stormrage,1537,druid,balance,84,38,46
Kzinti,zuluhed,1536,druid,balance,65,26,39
Pannaxx,tichondrius,1535,druid,balance,24,16,8
Midoo,proudmoore,1535,druid,balance,44,22,22
Cobal,goldrinn,1535,druid,balance,311,155,156
Nightstalkr,kelthuzad,1532,druid,balance,130,75,55
Stellar,steamwheedle-cartel,1531,druid,balance,18,16,2
Offthezaza,tichondrius,1531,druid,balance,58,31,27
Hasteley,khadgar,1531,druid,balance,53,24,29
November,wyrmrest-accord,1530,druid,balance,92,52,40
Kg,cenarion-circle,1529,druid,balance,143,83,60
Komaner,frostmourne,1529,druid,balance,36,16,20
Lavanis,stormrage,1528,druid,balance,179,95,84
Bcup,sargeras,1524,druid,balance,30,16,14
Sweatydruidx,tichondrius,1523,druid,balance,24,16,8
Smeepy,bleeding-hollow,1523,druid,balance,30,16,14
Rayzer,bleeding-hollow,1523,druid,balance,78,41,37
Formhub,malganis,1523,druid,balance,36,18,18
Convokeula,tichondrius,1521,druid,balance,42,26,16
Myeow,illidan,1520,druid,balance,74,35,39
Swooped,emerald-dream,1519,druid,balance,53,29,24
Davione,tichondrius,1518,druid,balance,24,16,8
Möshinòõb,proudmoore,1517,druid,balance,24,16,8
Musha,tichondrius,1517,druid,balance,57,30,27
Skyde,sargeras,1517,druid,balance,36,17,19
Pirira,quelthalas,1516,druid,balance,36,21,15
Krahz,lightnings-blade,1516,druid,balance,163,83,80
Syntheris,kaelthas,1510,druid,balance,63,41,22
Seyedo,sargeras,1510,druid,balance,30,18,12
Verbz,arthas,1509,druid,balance,36,16,20
Clense,tichondrius,1505,druid,balance,55,34,21
Sadsex,illidan,1505,druid,balance,71,42,29
Woog,moon-guard,1504,druid,balance,60,34,26
Canek,ghostlands,1504,druid,balance,71,40,31
Quaras,frostmourne,1504,druid,balance,121,65,56
Eseldra,area-52,1504,druid,balance,40,21,19
Haneulso,tichondrius,1503,druid,balance,98,57,41
Jxrx,malganis,1501,druid,balance,24,16,8
Kletys,azralon,1497,druid,balance,30,16,14
Cauroth,azralon,1496,druid,balance,91,49,42
Tak,garrosh,1496,druid,balance,36,17,19
Yaboidakota,stormrage,1494,druid,balance,48,29,19
Lunarbalance,veknilash,1493,druid,balance,42,18,24
Cabek,malganis,1488,druid,balance,60,32,28
Boxtops,bleeding-hollow,1486,druid,balance,30,20,10
Animaldoctor,illidan,1486,druid,balance,33,21,12
Boome,blackrock,1485,druid,balance,42,22,20
Stepbro,malorne,1484,druid,balance,95,53,42
Tahunne,tichondrius,1482,druid,balance,54,38,16
Byte,ragnaros,1482,druid,balance,29,16,13
Blackjésüs,kelthuzad,1481,druid,balance,99,55,44
Starsurgê,tichondrius,1477,druid,balance,54,33,21
Fahnir,ragnaros,1477,druid,balance,66,37,29
Aralix,zuljin,1477,druid,balance,33,18,15
Awkwarder,emerald-dream,1476,druid,balance,72,36,36
Âzn,tichondrius,1475,druid,balance,42,31,11
Kuwä,proudmoore,1474,druid,balance,72,36,36
Cottonpaw,sargeras,1472,druid,balance,88,54,34
Neytîrî,tichondrius,1468,druid,balance,53,28,25
Kawshuhn,bleeding-hollow,1463,druid,balance,78,47,31
Unclenya,barthilas,1462,druid,balance,66,29,37
Thunderhox,tichondrius,1459,druid,balance,54,30,24
Gwiffurry,tichondrius,1459,druid,balance,30,16,14
Astrals,runetotem,1457,druid,balance,29,16,13
Deviperdruid,frostmourne,1455,druid,balance,27,19,8
Torrox,tichondrius,1455,druid,balance,69,38,31
Dreamkin,tichondrius,1455,druid,balance,42,21,21
Cowody,moon-guard,1454,druid,balance,29,22,7
Rezlur,tichondrius,1452,druid,balance,35,16,19
Repanda,proudmoore,1451,druid,balance,71,37,34
Paddywhacked,tichondrius,1449,druid,balance,36,22,14
Jruids,stormrage,1449,druid,balance,54,32,22
Groggs,frostwolf,1447,druid,balance,27,16,11
Instanodle,proudmoore,1447,druid,balance,36,20,16
Rdruidchump,the-forgotten-coast,1445,druid,balance,32,19,13
Bighomïe,emerald-dream,1445,druid,balance,48,27,21
Saeval,korgath,1441,druid,balance,54,32,22
Nicotinefien,sargeras,1439,druid,balance,24,15,9
Trapkin,tichondrius,1438,druid,balance,54,39,15
Ripdimebag,frostmourne,1438,druid,balance,34,18,16
Nebulose,moon-guard,1437,druid,balance,55,25,30
Envoy,sargeras,1435,druid,balance,60,33,27
Clarice,shattered-halls,1433,druid,balance,41,18,23
Sofereir,frostmourne,1432,druid,balance,108,54,54
Raddosaurus,area-52,1432,druid,balance,41,18,23
Djayolo,illidan,1431,druid,balance,18,15,3
Zhinger,tichondrius,1431,druid,balance,61,29,32
Starsaber,dalaran,1427,druid,balance,30,20,10
Suncintus,aggramar,1425,druid,balance,48,20,28
Gaawdx,illidan,1424,druid,balance,90,39,51
Mèowcenaary,chogall,1423,druid,balance,60,35,25
Padavore,wyrmrest-accord,1422,druid,balance,53,31,22
Gepardéx,ragnaros,1421,druid,balance,42,21,21
Monsin,illidan,1420,druid,balance,84,43,41
Alliess,aerie-peak,1417,druid,balance,99,50,49
Jentlegiant,tichondrius,1416,druid,balance,24,15,9
Crocface,tichondrius,1415,druid,balance,66,38,28
Brockolini,tichondrius,1414,druid,balance,70,38,32
Gullmock,quelthalas,1412,druid,balance,78,35,43
Feroz,frostmourne,1409,druid,balance,24,15,9
Imnotinhuman,tichondrius,1405,druid,balance,35,22,13
Slyfoxx,stonemaul,1403,druid,balance,92,53,39
Nephdruid,stormrage,1402,druid,balance,30,19,11
Ghostowl,thrall,1399,druid,balance,24,17,7
Seilah,lightbringer,1399,druid,balance,30,17,13
Cudbacrakhed,tichondrius,1399,druid,balance,48,27,21
Zuice,thrall,1398,druid,balance,69,32,37
Deathkahn,lightninghoof,1397,druid,balance,60,31,29
Drunknoodles,stormrage,1396,druid,balance,29,16,13
Ulcera,nemesis,1396,druid,balance,33,17,16
Tinkeress,stormrage,1396,druid,balance,84,43,41
Justinheras,area-52,1394,druid,balance,52,30,22
Rashmi,kiljaeden,1389,druid,balance,30,15,15
Seneshy,azralon,1387,druid,balance,30,22,8
Thorothir,ragnaros,1385,druid,balance,42,23,19
Indoee,mannoroth,1385,druid,balance,70,33,37
Drufasa,tichondrius,1378,druid,balance,29,15,14
Cyeq,blackrock,1378,druid,balance,177,89,88
Shemeus,malganis,1374,druid,balance,54,27,27
Huskars,tichondrius,1373,druid,balance,36,20,16
Thatscute,moon-guard,1371,druid,balance,217,110,107
Kittiepurry,blackrock,1370,druid,balance,42,19,23
Chonkykitty,frostmourne,1364,druid,balance,24,16,8
Druuyid,jubeithos,1364,druid,balance,36,20,16
Druiddreams,frostmourne,1358,druid,balance,24,17,7
Nxf,sargeras,1353,druid,balance,23,15,8
Theirs,tichondrius,1351,druid,balance,113,67,46
Tahnu,deathwing,1350,druid,balance,23,15,8
Mythelian,icecrown,1348,druid,balance,60,34,26
Gitsnshigles,frostmourne,1345,druid,balance,41,21,20
Dipii,proudmoore,1344,druid,balance,18,14,4
Furu,bonechewer,1344,druid,balance,60,30,30
Barrah,barthilas,1343,druid,balance,35,19,16
Olongjonsson,wyrmrest-accord,1340,druid,balance,24,14,10
Ernest,goldrinn,1340,druid,balance,63,31,32
Boomchí,tichondrius,1337,druid,balance,18,14,4
Boys,bleeding-hollow,1337,druid,balance,18,14,4
Cynhawts,emerald-dream,1337,druid,balance,24,14,10
Buffjungle,tichondrius,1337,druid,balance,30,14,16
Midnitetoker,hyjal,1335,druid,balance,24,14,10
Brawndiboom,stormrage,1335,druid,balance,59,27,32
Dontfloodit,tichondrius,1335,druid,balance,36,15,21
Droody,earthen-ring,1333,druid,balance,40,20,20
Breynna,draenor,1333,druid,balance,41,20,21
Yungterp,zuljin,1332,druid,balance,18,14,4
Squidrific,tichondrius,1330,druid,balance,35,26,9
Xvenusaur,bleeding-hollow,1329,druid,balance,21,15,6
Reàsons,stormrage,1329,druid,balance,36,14,22
Yaboydave,stonemaul,1327,druid,balance,24,14,10
Sodapooping,azjolnerub,1325,druid,balance,18,14,4
Moohok,bleeding-hollow,1321,druid,balance,30,14,16
Umadornahh,malganis,1319,druid,balance,24,14,10
Thickmoo,tichondrius,1319,druid,balance,81,38,43
Còyot,stormrage,1318,druid,balance,26,15,11
Winekoolers,malganis,1317,druid,balance,42,21,21
Nuubmurph,stormrage,1314,druid,balance,27,15,12
Shuxz,sargeras,1313,druid,balance,30,20,10
Réko,sargeras,1311,druid,balance,40,23,17
Evilakali,tichondrius,1311,druid,balance,49,27,22
Flôkey,tichondrius,1311,druid,balance,42,21,21
Jonoa,nagrand,1310,druid,balance,43,27,16
Stepdru,sargeras,1308,druid,balance,24,14,10
Annef,tichondrius,1307,druid,balance,42,21,21
Ðjx,stormrage,1306,druid,balance,19,15,4
Treemendous,nemesis,1303,druid,balance,30,14,16
Sergat,stormreaver,1302,druid,balance,54,28,26
Kyabe,ragnaros,1298,druid,balance,49,19,30
Hawkk,azralon,1296,druid,balance,44,22,22
Lightconvoke,norgannon,1296,druid,balance,32,15,17
Lønewolf,sargeras,1293,druid,balance,44,23,21
Muscelmilk,tichondrius,1292,druid,balance,27,15,12
Solarcannon,shuhalo,1289,druid,balance,87,46,41
Minusdruid,dalaran,1285,druid,balance,105,51,54
Lokdu,area-52,1284,druid,balance,30,15,15
Redbbull,tichondrius,1283,druid,balance,30,21,9
Barekat,emerald-dream,1279,druid,balance,28,16,12
Kuroshizen,tichondrius,1273,druid,balance,79,33,46
Softshirtxo,ragnaros,1271,druid,balance,24,14,10
Formmaster,malganis,1269,druid,balance,52,24,28
Kallabaluwa,azralon,1265,druid,balance,29,14,15
Shivlary,stormrage,1262,druid,balance,30,20,10
Axiomisop,tichondrius,1262,druid,balance,24,14,10
Sochin,nemesis,1253,druid,balance,42,24,18
Styless,azjolnerub,1251,druid,balance,28,16,12
Nimfaa,nemesis,1249,druid,balance,30,17,13
Starfail,illidan,1248,druid,balance,24,13,11
Instar,tichondrius,1248,druid,balance,24,13,11
Gatorskin,sargeras,1247,druid,balance,15,14,1
Lawlz,aegwynn,1246,druid,balance,51,28,23
Dirtdog,uther,1246,druid,balance,24,13,11
Mntra,emerald-dream,1245,druid,balance,18,13,5
Darkombra,frostmourne,1241,druid,balance,24,13,11
Eldenis,drakkari,1241,druid,balance,30,14,16
Tummycummy,thrall,1240,druid,balance,18,13,5
Starcastic,tichondrius,1240,druid,balance,18,13,5
Boõsty,bleeding-hollow,1238,druid,balance,24,13,11
Guojue,tichondrius,1237,druid,balance,46,25,21
Stupidranga,barthilas,1236,druid,balance,36,18,18
Roundtummy,area-52,1234,druid,balance,24,13,11
Dudur,zuljin,1229,druid,balance,30,13,17
Bruddahderpp,tichondrius,1227,druid,balance,18,13,5
Vicorin,illidan,1226,druid,balance,24,13,11
Beal,azgalor,1224,druid,balance,54,21,33
Noteff,illidan,1220,druid,balance,18,13,5
Deths,frostmourne,1219,druid,balance,18,13,5
Acidmoon,tichondrius,1219,druid,balance,46,19,27
Pokémon,grizzly-hills,1218,druid,balance,24,13,11
Gummoo,tichondrius,1217,druid,balance,18,13,5
Vuginas,bleeding-hollow,1215,druid,balance,62,33,29
Drßoom,stormrage,1211,druid,balance,69,30,39
Édzar,area-52,1210,druid,balance,61,29,32
Møønscar,tichondrius,1204,druid,balance,48,22,26
Treezús,thrall,1202,druid,balance,24,13,11
Trollsmind,tichondrius,1202,druid,balance,28,14,14
Thehooligan,stormrage,1200,druid,balance,75,41,34
Strallà,illidan,1194,druid,balance,42,21,21
Nolifer,sargeras,1192,druid,balance,30,17,13
Dumdumdugan,korgath,1191,druid,balance,83,41,42
Audacities,bloodhoof,1188,druid,balance,29,14,15
Dampnr,tichondrius,1186,druid,balance,30,14,16
Maxable,alleria,1184,druid,balance,27,14,13
Quincunx,tichondrius,1181,druid,balance,70,39,31
Sunboy,tichondrius,1177,druid,balance,67,32,35
Shapedance,sargeras,1177,druid,balance,29,13,16
Odweaven,thunderlord,1175,druid,balance,23,13,10
Blackmoons,thunderlord,1173,druid,balance,36,14,22
Aberdare,tichondrius,1169,druid,balance,29,13,16
Kattel,blackrock,1168,druid,balance,36,18,18
Mooing,azralon,1167,druid,balance,18,13,5
Dojacow,mannoroth,1154,druid,balance,34,16,18
Lazygaga,zuljin,1152,druid,balance,21,13,8
Locose,black-dragonflight,1151,druid,balance,18,12,6
Katbriel,zuljin,1151,druid,balance,18,12,6
Ilovediegoxo,kelthuzad,1151,druid,balance,18,12,6
Maxspeed,tichondrius,1148,druid,balance,18,12,6
Ehleven,tichondrius,1148,druid,balance,18,12,6
Mk,caelestrasz,1148,druid,balance,18,12,6
Yehaw,bloodhoof,1146,druid,balance,18,12,6
Pawpurrazzi,darkspear,1146,druid,balance,18,12,6
Slumpxaddy,illidan,1145,druid,balance,18,12,6
Zesto,nazjatar,1144,druid,balance,18,12,6
Roots,boulderfist,1144,druid,balance,30,13,17
Dkat,malganis,1140,druid,balance,30,13,17
Saturday,frostmourne,1137,druid,balance,18,12,6
Juicywap,proudmoore,1134,druid,balance,24,12,12
Rootchan,azralon,1130,druid,balance,18,12,6
Ûñø,frostmourne,1130,druid,balance,30,19,11
Prismo,ravencrest,1129,druid,balance,24,12,12
Treeteej,kelthuzad,1128,druid,balance,36,16,20
Kuthian,moon-guard,1126,druid,balance,39,17,22
Coppersnout,moon-guard,1118,druid,balance,48,27,21
Burninmôön,tichondrius,1118,druid,balance,35,12,23
Mercz,illidan,1111,druid,balance,18,12,6
Zorn,lightnings-blade,1108,druid,balance,26,13,13
Floridajoe,blackrock,1094,druid,balance,24,15,9
Alucardxd,ragnaros,1094,druid,balance,29,12,17
Crazystorm,ragnaros,1092,druid,balance,30,15,15
Krazykritz,illidan,1090,druid,balance,27,13,14
Gorgoncity,illidan,1088,druid,balance,22,12,10
Moistcream,tichondrius,1087,druid,balance,21,12,9
Bethemarble,sargeras,1087,druid,balance,33,14,19
Levincy,thrall,1064,druid,balance,36,18,18
Thèbearjèw,tichondrius,1057,druid,balance,41,17,24
Qelthalas,sargeras,1057,druid,balance,55,21,34
Drdoomerkin,area-52,1056,druid,balance,12,11,1
Vengexd,sargeras,1056,druid,balance,12,11,1
Slickitty,kelthuzad,1056,druid,balance,18,11,7
Form,bleeding-hollow,1055,druid,balance,12,11,1
Chanimal,tichondrius,1055,druid,balance,12,11,1
Kydro,sargeras,1055,druid,balance,18,11,7
Likorit,azralon,1055,druid,balance,18,11,7
Sahksi,lothar,1055,druid,balance,18,11,7
Coldkill,burning-legion,1055,druid,balance,18,11,7
Mooseknukel,zuljin,1055,druid,balance,18,11,7
Mastahskills,illidan,1055,druid,balance,18,11,7
Docleave,tichondrius,1055,druid,balance,18,11,7
Moonrg,stormrage,1055,druid,balance,18,11,7
Aule,frostmourne,1055,druid,balance,24,11,13
Buffclyde,blackrock,1054,druid,balance,18,11,7
Shibbith,nordrassil,1054,druid,balance,18,11,7
Pankecito,ragnaros,1054,druid,balance,18,11,7
Nodadpullout,tichondrius,1054,druid,balance,18,11,7
Theboomkin,kelthuzad,1054,druid,balance,18,11,7
Flappyjacks,elune,1054,druid,balance,18,11,7
Nokash,tichondrius,1054,druid,balance,24,11,13
Qs,rivendare,1054,druid,balance,30,11,19
Sueycide,tichondrius,1054,druid,balance,36,11,25
Quefemme,kelthuzad,1053,druid,balance,18,11,7
Treeshift,tichondrius,1053,druid,balance,18,11,7
Cerest,kaelthas,1051,druid,balance,16,12,4
Boostgu,illidan,1050,druid,balance,18,11,7
Davo,tichondrius,1050,druid,balance,18,11,7
Wildbloom,draenor,1050,druid,balance,18,11,7
Nozgöth,quelthalas,1050,druid,balance,45,23,22
Spicydurid,tichondrius,1050,druid,balance,24,11,13
Daddymaple,tichondrius,1049,druid,balance,24,11,13
Balverixqt,tichondrius,1048,druid,balance,24,11,13
Chikenflu,tichondrius,1047,druid,balance,22,11,11
Bâzinga,bleeding-hollow,1046,druid,balance,18,11,7
Kogiid,moon-guard,1046,druid,balance,18,11,7
Tankbareass,aerie-peak,1042,druid,balance,24,11,13
Jinglebells,kiljaeden,1038,druid,balance,18,11,7
Hosehead,malganis,1023,druid,balance,24,14,10
Catrene,mannoroth,1017,druid,balance,38,24,14
Malamew,antonidas,1016,druid,balance,18,12,6
Lumipawz,frostmourne,1014,druid,balance,19,12,7
Araminka,drakkari,1011,druid,balance,12,11,1
Rslm,tichondrius,1001,druid,balance,21,12,9
Mambuz,tichondrius,998,druid,balance,20,12,8
Finntröll,area-52,993,druid,balance,29,11,18
Xevão,nemesis,987,druid,balance,26,11,15
Surfingbird,tichondrius,983,druid,balance,15,12,3
Indy,rivendare,980,druid,balance,22,11,11
Vapeculture,lightbringer,977,druid,balance,36,21,15
Smashthatbox,illidan,977,druid,balance,32,12,20
Baboongodx,frostmourne,974,druid,balance,17,11,6
Irl,frostmane,960,druid,balance,12,10,2
Xiaoshuaigê,illidan,960,druid,balance,12,10,2
Jubi,bleeding-hollow,960,druid,balance,12,10,2
Elvishrage,zuljin,960,druid,balance,12,10,2
Mcy,nerzhul,960,druid,balance,18,10,8
Borrdru,arthas,960,druid,balance,18,10,8
Roben,tichondrius,960,druid,balance,18,10,8
Evsn,tichondrius,959,druid,balance,12,10,2
Furryswipe,proudmoore,959,druid,balance,12,10,2
Jshwills,sargeras,959,druid,balance,12,10,2
Yazmawma,tichondrius,959,druid,balance,18,10,8
Trippyshift,hyjal,959,druid,balance,18,10,8
Glickbear,illidan,959,druid,balance,18,10,8
Frostig,tichondrius,959,druid,balance,18,10,8
Soonntkgo,ragnaros,959,druid,balance,18,10,8
Kohru,moon-guard,959,druid,balance,18,10,8
Renamebdsm,cenarius,959,druid,balance,18,10,8
Yoona,kiljaeden,959,druid,balance,18,10,8
Buckwhêât,illidan,959,druid,balance,24,10,14
Wildsïde,tichondrius,958,druid,balance,12,10,2
Biggieclawz,tichondrius,958,druid,balance,12,10,2
Meatcat,sargeras,958,druid,balance,18,10,8
Fjblol,sargeras,958,druid,balance,18,10,8
Messyboom,illidan,957,druid,balance,12,10,2
Groovyroom,tichondrius,957,druid,balance,18,10,8
Nasuu,bleeding-hollow,955,druid,balance,18,10,8
Drewpg,zuljin,955,druid,balance,18,10,8
Bouffecul,zuljin,952,druid,balance,18,10,8
Veraciouss,sargeras,952,druid,balance,18,10,8
Crunkk,thunderlord,952,druid,balance,18,10,8
Miggzii,draka,952,druid,balance,34,15,19
Nanashi,tichondrius,952,druid,balance,24,10,14
Zentabra,proudmoore,952,druid,balance,24,10,14
Barrahjr,frostmourne,951,druid,balance,21,11,10
Milksquirts,thrall,951,druid,balance,24,10,14
Råstafart,tichondrius,945,druid,balance,24,10,14
Ðarkscar,laughing-skull,943,druid,balance,50,18,32
Pleasepime,stormrage,941,druid,balance,36,10,26
Rakelan,tichondrius,930,druid,balance,104,53,51
Athious,moon-guard,909,druid,balance,29,13,16
Bellä,nazjatar,900,druid,balance,37,11,26
Faerie,kaelthas,895,druid,balance,16,10,6
Ilgalsard,frostmourne,879,druid,balance,22,10,12
Nalarin,kaelthas,878,druid,balance,72,35,37
Bäñgarang,tichondrius,878,druid,balance,25,10,15
Cowel,tichondrius,877,druid,balance,19,10,9
Hydrahl,thrall,864,druid,balance,12,9,3
Gerrt,bleeding-hollow,864,druid,balance,12,9,3
Scurse,tichondrius,864,druid,balance,12,9,3
Zebyn,tichondrius,864,druid,balance,12,9,3
Skum,bloodscalp,864,druid,balance,12,9,3
Destromz,zuljin,864,druid,balance,12,9,3
Bathrobe,bloodscalp,864,druid,balance,12,9,3
Relaeh,andorhal,864,druid,balance,12,9,3
Aqulaíssaela,sargeras,864,druid,balance,18,9,9
Tôpdadwôrld,sargeras,864,druid,balance,18,9,9
Hypefull,tichondrius,864,druid,balance,18,9,9
Comidru,tichondrius,864,druid,balance,18,9,9
Jssy,tichondrius,864,druid,balance,18,9,9
Mvpps,thrall,864,druid,balance,18,9,9
Mõoõoõoõoõoõ,tichondrius,864,druid,balance,18,9,9
Cthulhuqt,kelthuzad,863,druid,balance,12,9,3
Verelyris,nordrassil,863,druid,balance,12,9,3
Renithen,trollbane,863,druid,balance,12,9,3
Gwub,illidan,863,druid,balance,12,9,3
Môônkîn,chogall,863,druid,balance,18,9,9
Milkshift,demon-soul,863,druid,balance,18,9,9
Héisénbérg,sargeras,863,druid,balance,18,9,9
Cheezaygx,arthas,863,druid,balance,18,9,9
Oreoshift,illidan,862,druid,balance,12,9,3
Faroo,azralon,862,druid,balance,12,9,3
Driftwood,bonechewer,862,druid,balance,12,9,3
Zugdruid,tichondrius,862,druid,balance,13,9,4
Furrmissile,area-52,862,druid,balance,18,9,9
Hitchslaps,tichondrius,862,druid,balance,18,9,9
Muagor,tichondrius,862,druid,balance,18,9,9
Felløwship,nemesis,862,druid,balance,18,9,9
Seyala,moon-guard,862,druid,balance,21,10,11
Ghaal,tichondrius,861,druid,balance,18,9,9
Blizdontcuur,area-52,860,druid,balance,12,9,3
Sanleba,tichondrius,860,druid,balance,18,9,9
Vorare,tichondrius,859,druid,balance,18,9,9
Amandi,magtheridon,858,druid,balance,24,9,15
Alagoano,azralon,847,druid,balance,12,9,3
Lindzy,moon-guard,845,druid,balance,21,10,11
Dèmønblâckev,malganis,842,druid,balance,24,11,13
Imshiftastic,area-52,831,druid,balance,28,12,16
Ssïp,tichondrius,814,druid,balance,21,9,12
Shifterx,illidan,810,druid,balance,22,13,9
Leeteracola,malganis,798,druid,balance,20,9,11
Meliódás,area-52,785,druid,balance,120,46,74
Spazz,firetree,783,druid,balance,11,9,2
Mikelovin,nemesis,768,druid,balance,12,8,4
Snailbeam,shattered-hand,768,druid,balance,12,8,4
Laserxo,tichondrius,768,druid,balance,12,8,4
Argento,frostmourne,768,druid,balance,12,8,4
Catmoomoo,tichondrius,768,druid,balance,12,8,4
Azakai,sargeras,768,druid,balance,12,8,4
Chickenwings,ragnaros,768,druid,balance,12,8,4
Shiftytom,spirestone,768,druid,balance,12,8,4
Yøpìèrre,zuljin,768,druid,balance,12,8,4
Columpio,area-52,768,druid,balance,12,8,4
Chayten,bleeding-hollow,768,druid,balance,12,8,4
Elyiaida,emerald-dream,768,druid,balance,12,8,4
Nyzear,bleeding-hollow,768,druid,balance,12,8,4
Onsen,tichondrius,768,druid,balance,18,8,10
Boomfold,tichondrius,768,druid,balance,18,8,10
Entakkt,cenarius,767,druid,balance,12,8,4
Arntu,malganis,767,druid,balance,12,8,4
Nøzopium,kelthuzad,767,druid,balance,12,8,4
Starbender,arygos,767,druid,balance,12,8,4
Harddeenball,area-52,767,druid,balance,15,9,6
Jiya,zuljin,767,druid,balance,18,8,10
Ebonclaw,malganis,767,druid,balance,18,8,10
Khristine,spinebreaker,767,druid,balance,24,8,16
Aolus,kaelthas,766,druid,balance,12,8,4
Sweatypapa,tichondrius,766,druid,balance,12,8,4
Onidudu,frostmourne,766,druid,balance,12,8,4
Chaossdruid,bleeding-hollow,766,druid,balance,18,8,10
Huggerino,stormrage,766,druid,balance,18,8,10
Serega,skywall,766,druid,balance,18,8,10
Lunapuma,stonemaul,765,druid,balance,12,8,4
Jashrus,korgath,765,druid,balance,12,8,4
Whitekongg,blackhand,765,druid,balance,15,9,6
Sefestria,senjin,765,druid,balance,18,8,10
Wabbehkus,barthilas,764,druid,balance,26,8,18
Psnárf,area-52,763,druid,balance,12,8,4
Dirtydot,ragnaros,762,druid,balance,12,8,4
Dennyyd,illidan,759,druid,balance,12,8,4
Volddy,tichondrius,755,druid,balance,18,8,10
Nokther,muradin,735,druid,balance,22,8,14
Outclone,tichondrius,734,druid,balance,10,9,1
Beleraine,moon-guard,732,druid,balance,17,8,9
Roofty,illidan,703,druid,balance,11,8,3
Buyadoge,area-52,703,druid,balance,16,8,8
Jaduss,thrall,702,druid,balance,14,8,6
Lakermagik,moknathal,688,druid,balance,13,8,5
Meowmixx,frostmane,687,druid,balance,19,8,11
Flapping,illidan,672,druid,balance,12,7,5
Asteriel,stormrage,672,druid,balance,12,7,5
Psilo,kelthuzad,672,druid,balance,12,7,5
Melloj,kelthuzad,672,druid,balance,12,7,5
Junaleska,lightbringer,672,druid,balance,12,7,5
Fätål,ysera,672,druid,balance,12,7,5
Omegablasted,tichondrius,672,druid,balance,12,7,5
Slickthick,sargeras,672,druid,balance,12,7,5
Kitinglol,alexstrasza,672,druid,balance,12,7,5
Floofi,kelthuzad,672,druid,balance,12,7,5
Moonra,malganis,672,druid,balance,12,7,5
Covidcarrier,thrall,672,druid,balance,12,7,5
Antiherø,sargeras,672,druid,balance,12,7,5
Dànkness,frostwolf,672,druid,balance,12,7,5
Martians,laughing-skull,672,druid,balance,12,7,5
Hefe,terenas,672,druid,balance,12,7,5
Fastlife,drakkari,672,druid,balance,12,7,5
Xioqt,chogall,672,druid,balance,12,7,5
Ottovonbird,tichondrius,672,druid,balance,12,7,5
Suedou,moon-guard,672,druid,balance,12,7,5
Sym,zuljin,672,druid,balance,12,7,5
Donaldsr,area-52,672,druid,balance,12,7,5
Seannybhoy,emerald-dream,672,druid,balance,12,7,5
Dooruid,tichondrius,672,druid,balance,18,7,11
Trashytrash,bleeding-hollow,672,druid,balance,18,7,11
Kushidabs,tichondrius,672,druid,balance,22,8,14
Starsurgeon,thrall,671,druid,balance,12,7,5
Catahoula,lothar,671,druid,balance,12,7,5
Dgas,tichondrius,671,druid,balance,12,7,5
Gravshift,zuljin,671,druid,balance,12,7,5
Myex,illidan,671,druid,balance,12,7,5
Jubeam,area-52,671,druid,balance,12,7,5
Lãzy,tichondrius,671,druid,balance,12,7,5
Wyldthangz,stormrage,671,druid,balance,18,7,11
Shebleeder,aegwynn,671,druid,balance,18,7,11
Barkcheeks,area-52,671,druid,balance,18,7,11
Flatnose,agamaggan,671,druid,balance,18,7,11
Donresantis,stormreaver,671,druid,balance,24,7,17
Chukksz,nerzhul,670,druid,balance,12,7,5
Hootyhoot,illidan,670,druid,balance,12,7,5
Oâk,farstriders,670,druid,balance,12,7,5
Vicvc,tichondrius,669,druid,balance,12,7,5
Eurotrance,frostmourne,669,druid,balance,12,7,5
Onecalf,tichondrius,668,druid,balance,12,7,5
Dodid,laughing-skull,666,druid,balance,18,7,11
Coqeh,frostwolf,664,druid,balance,12,7,5
Beammz,stormrage,664,druid,balance,15,8,7
Pao,nordrassil,664,druid,balance,18,7,11
Kångåwalafox,sargeras,663,druid,balance,12,7,5
Azevedoo,nemesis,660,druid,balance,31,7,24
Meiling,spirestone,659,druid,balance,12,7,5
Abzuri,kiljaeden,655,druid,balance,15,8,7
Doomkiñ,darkspear,639,druid,balance,17,7,10
Spacéchicken,stormrage,638,druid,balance,10,8,2
Tumblr,terenas,624,druid,balance,9,7,2
Chankletta,quelthalas,618,druid,balance,18,8,10
Warberton,moon-guard,616,druid,balance,15,7,8
Zalothianx,thrall,608,druid,balance,16,7,9
Aranuir,emerald-dream,607,druid,balance,11,7,4
Dorizio,illidan,576,druid,balance,6,6,0
Nardwaur,tichondrius,576,druid,balance,6,6,0
Starship,frostmourne,576,druid,balance,6,6,0
Astrixx,frostmourne,576,druid,balance,6,6,0
Dreamwalker,bleeding-hollow,576,druid,balance,6,6,0
Prev,arathor,576,druid,balance,6,6,0
Ory,illidan,576,druid,balance,6,6,0
Narthurs,ragnaros,576,druid,balance,12,6,6
Rikishi,executus,576,druid,balance,12,6,6
Jmackd,frostmourne,576,druid,balance,12,6,6
Kûramä,dalaran,576,druid,balance,12,6,6
Ggae,tichondrius,576,druid,balance,12,6,6
Scykin,stormrage,576,druid,balance,12,6,6
Katobe,tichondrius,576,druid,balance,12,6,6
Gigathicc,malganis,576,druid,balance,12,6,6
Celetra,kiljaeden,576,druid,balance,12,6,6
Treehard,malganis,576,druid,balance,12,6,6
Faletra,eitrigg,576,druid,balance,12,6,6
Runforest,tichondrius,576,druid,balance,12,6,6
Skaie,ragnaros,576,druid,balance,12,6,6
Skydín,stormrage,576,druid,balance,12,6,6
Gâlaxy,sargeras,576,druid,balance,12,6,6
Nerfdemo,kiljaeden,576,druid,balance,12,6,6
Doomky,area-52,576,druid,balance,12,6,6
Jacknit,illidan,576,druid,balance,12,6,6
Ssantirap,quelthalas,576,druid,balance,12,6,6
Bigherbo,zuljin,576,druid,balance,12,6,6
Peteybears,stormrage,576,druid,balance,12,6,6
Boomsquanch,emerald-dream,576,druid,balance,12,6,6
Fironous,nerzhul,576,druid,balance,12,6,6
Hugodruid,frostmourne,576,druid,balance,12,6,6
Starboy,garona,576,druid,balance,12,6,6
Contrololol,hyjal,576,druid,balance,12,6,6
Wondercat,illidan,576,druid,balance,12,6,6
Lunartiç,kelthuzad,576,druid,balance,12,6,6
Raximus,moon-guard,576,druid,balance,12,6,6
Notpodruida,tichondrius,576,druid,balance,13,6,7
Ailari,moon-guard,576,druid,balance,16,6,10
Droodad,mannoroth,576,druid,balance,18,6,12
Metal,jaedenar,576,druid,balance,18,6,12
Drphilsmith,moon-guard,576,druid,balance,18,6,12
Longnus,stormrage,576,druid,balance,18,6,12
Jherrak,area-52,575,druid,balance,6,6,0
Alphakatt,area-52,575,druid,balance,12,6,6
Xodz,sargeras,575,druid,balance,12,6,6
Zeanasfaratu,spinebreaker,575,druid,balance,12,6,6
Runarok,ragnaros,575,druid,balance,12,6,6
Crépes,bleeding-hollow,575,druid,balance,12,6,6
Jal,khazgoroth,575,druid,balance,12,6,6
Tariksha,sargeras,575,druid,balance,12,6,6
Guybranch,illidan,575,druid,balance,12,6,6
Chodkiewicz,echo-isles,575,druid,balance,12,6,6
Sleek,illidan,575,druid,balance,12,6,6
Slingin,illidan,575,druid,balance,18,6,12
Hootie,arygos,575,druid,balance,18,6,12
Zentaurr,tichondrius,575,druid,balance,19,6,13
Lacroix,wildhammer,574,druid,balance,6,6,0
Uuli,area-52,574,druid,balance,12,6,6
Tinyypuppyy,sargeras,573,druid,balance,12,6,6
Mufaasa,boulderfist,573,druid,balance,12,6,6
Mctree,cenarius,572,druid,balance,12,6,6
Suist,moonrunner,544,druid,balance,10,6,4
Casaran,anetheron,543,druid,balance,11,6,5
Liñk,sargeras,543,druid,balance,17,8,9
Yoloboomkin,tichondrius,512,druid,balance,10,6,4
Velais,exodar,512,druid,balance,22,6,16
Gemineye,stormrage,511,druid,balance,11,6,5
Falkond,tichondrius,511,druid,balance,11,6,5
Velaana,tichondrius,511,druid,balance,20,6,14
Ratspot,stormrage,480,druid,balance,6,5,1
Fattdiabetic,tichondrius,480,druid,balance,6,5,1
Rootslayer,tichondrius,480,druid,balance,6,5,1
Hooffy,emerald-dream,480,druid,balance,6,5,1
Numbkin,stormrage,480,druid,balance,6,5,1
Rowdie,area-52,480,druid,balance,6,5,1
Dustydrx,area-52,480,druid,balance,6,5,1
Mayanardz,bleeding-hollow,480,druid,balance,6,5,1
Lickmypaws,sargeras,480,druid,balance,6,5,1
Dtefy,ragnaros,480,druid,balance,6,5,1
Pecopeco,sargeras,480,druid,balance,6,5,1
Prøspect,moon-guard,480,druid,balance,6,5,1
Mithroi,tichondrius,480,druid,balance,6,5,1
Nephsis,kelthuzad,480,druid,balance,6,5,1
Fakechower,stormreaver,480,druid,balance,6,5,1
Hännibal,hydraxis,480,druid,balance,6,5,1
Dahts,destromath,480,druid,balance,6,5,1
Cdroo,burning-blade,480,druid,balance,6,5,1
Niroxic,frostmourne,480,druid,balance,6,5,1
Bumbleebee,azralon,480,druid,balance,6,5,1
Charnlok,thunderlord,480,druid,balance,6,5,1
Aoewynn,nerzhul,480,druid,balance,6,5,1
Stacker,malganis,480,druid,balance,6,5,1
Ragiix,tichondrius,480,druid,balance,6,5,1
Miçangak,azralon,480,druid,balance,6,5,1
Yokux,thunderlord,480,druid,balance,6,5,1
Dojacat,tichondrius,480,druid,balance,6,5,1
Mcv,tichondrius,480,druid,balance,6,5,1
Arwëna,tichondrius,480,druid,balance,6,5,1
Bearyhalls,sargeras,480,druid,balance,6,5,1
Canuatemyrat,tichondrius,480,druid,balance,6,5,1
Rastakant,malganis,480,druid,balance,6,5,1
Daroot,spinebreaker,480,druid,balance,6,5,1
Sodacream,illidan,480,druid,balance,12,5,7
Cynderellaa,proudmoore,480,druid,balance,12,5,7
Havócdh,tichondrius,480,druid,balance,12,5,7
Fluff,gurubashi,480,druid,balance,12,5,7
Paintlicker,emerald-dream,480,druid,balance,12,5,7
Haymade,sargeras,480,druid,balance,12,5,7
Bigdaddyferg,illidan,480,druid,balance,12,5,7
Bearwithit,sargeras,480,druid,balance,12,5,7
Ragerag,trollbane,480,druid,balance,12,5,7
Nöches,quelthalas,480,druid,balance,12,5,7
Dotdmage,tichondrius,480,druid,balance,12,5,7
Bigtammy,moon-guard,480,druid,balance,12,5,7
Swappy,korgath,480,druid,balance,12,5,7
Indicamicah,tichondrius,480,druid,balance,12,5,7
Samelthios,proudmoore,480,druid,balance,12,5,7
Pavati,bleeding-hollow,480,druid,balance,12,5,7
Bullquenepas,dalaran,480,druid,balance,12,5,7
Venkin,gnomeregan,480,druid,balance,12,5,7
Livilla,sargeras,480,druid,balance,12,5,7
Rakex,tichondrius,480,druid,balance,12,5,7
Druizzy,illidan,480,druid,balance,18,5,13
Tuppyboom,barthilas,480,druid,balance,18,5,13
Durdern,barthilas,479,druid,balance,6,5,1
Fourthkind,illidan,479,druid,balance,12,5,7
Crashägásm,proudmoore,479,druid,balance,12,5,7
Raknary,kelthuzad,479,druid,balance,12,5,7
Boneheir,proudmoore,479,druid,balance,12,5,7
Damallis,anubarak,479,druid,balance,12,5,7
Smhyle,frostmourne,479,druid,balance,12,5,7
Elpako,ragnaros,479,druid,balance,18,5,13
Boatox,jubeithos,479,druid,balance,18,5,13
Astroshift,emerald-dream,478,druid,balance,12,5,7
Bloomsong,emerald-dream,478,druid,balance,12,5,7
Santogrial,blood-furnace,477,druid,balance,6,5,1
Caminanube,quelthalas,477,druid,balance,12,5,7
Charmandxr,hyjal,447,druid,balance,14,6,8
Krispz,area-52,415,druid,balance,11,5,6
Grgcostanza,bleeding-hollow,414,druid,balance,8,5,3
Sñìp,zuljin,384,druid,balance,6,4,2
Rokk,baelgun,384,druid,balance,6,4,2
Daddyfresh,ursin,384,druid,balance,6,4,2
Joiczar,maelstrom,384,druid,balance,6,4,2
Dokasaurus,lightbringer,384,druid,balance,6,4,2
Tinkker,zuljin,384,druid,balance,6,4,2
Matinee,tichondrius,384,druid,balance,6,4,2
Harlisu,stormrage,384,druid,balance,6,4,2
Yevenbother,tichondrius,384,druid,balance,6,4,2
Armorkits,area-52,384,druid,balance,6,4,2
Kiwidru,frostmourne,384,druid,balance,6,4,2
Watchugonndo,tichondrius,384,druid,balance,6,4,2
Justsidious,sargeras,384,druid,balance,6,4,2
Feathergun,ragnaros,384,druid,balance,6,4,2
Vergota,emerald-dream,384,druid,balance,6,4,2
Themustafa,tichondrius,384,druid,balance,6,4,2
Limikeen,bleeding-hollow,384,druid,balance,6,4,2
Wizdùm,frostmourne,384,druid,balance,6,4,2
Nicklul,llane,384,druid,balance,6,4,2
Drubuzz,tichondrius,384,druid,balance,6,4,2
Twostars,thrall,384,druid,balance,6,4,2
Matock,malganis,384,druid,balance,6,4,2
Abelladañger,area-52,384,druid,balance,6,4,2
Luvgames,area-52,384,druid,balance,6,4,2
Keylae,sargeras,384,druid,balance,6,4,2
Beamerboy,bleeding-hollow,384,druid,balance,6,4,2
Sileda,nemesis,384,druid,balance,6,4,2
Aton,frostwolf,384,druid,balance,6,4,2
Bearlylegál,sargeras,384,druid,balance,6,4,2
Maulinyou,whisperwind,384,druid,balance,6,4,2
Anamoorphicc,kelthuzad,384,druid,balance,6,4,2
Lukass,tichondrius,384,druid,balance,6,4,2
Bobthehefty,area-52,384,druid,balance,6,4,2
Redscyclone,dalaran,384,druid,balance,6,4,2
Druz,spirestone,384,druid,balance,6,4,2
Foafoa,illidan,384,druid,balance,6,4,2
Somarythe,moon-guard,384,druid,balance,6,4,2
Rennar,stormrage,384,druid,balance,6,4,2
Tinishaker,ragnaros,384,druid,balance,6,4,2
Cashgame,malganis,384,druid,balance,6,4,2
Selfplay,barthilas,384,druid,balance,6,4,2
Bäldir,dalaran,384,druid,balance,6,4,2
Hëllchaos,sargeras,384,druid,balance,6,4,2
Elonmuskirl,illidan,384,druid,balance,6,4,2
Withwind,dalaran,384,druid,balance,6,4,2
Nevershiftx,kirin-tor,384,druid,balance,6,4,2
Sàbrè,darkspear,384,druid,balance,6,4,2
Megadruidx,stormrage,384,druid,balance,9,5,4
Balancz,thrall,384,druid,balance,10,5,5
Worldbullguy,area-52,384,druid,balance,12,4,8
Veyrønn,stormrage,384,druid,balance,12,4,8
Velaar,arthas,384,druid,balance,12,4,8
Tasselhoof,hyjal,384,druid,balance,12,4,8
Dárách,malganis,384,druid,balance,12,4,8
Maldobear,stormrage,384,druid,balance,12,4,8
Sinistuhd,tichondrius,384,druid,balance,12,4,8
Einraedon,dalaran,384,druid,balance,12,4,8
Vashida,stormrage,384,druid,balance,12,4,8
Inuyasha,sargeras,384,druid,balance,12,4,8
Jâykeup,lightbringer,384,druid,balance,12,4,8
Sorh,stormrage,384,druid,balance,12,4,8
Lutein,tichondrius,384,druid,balance,12,4,8
Wintarz,sargeras,384,druid,balance,12,4,8
Astraelas,tichondrius,384,druid,balance,12,4,8
Jakermans,area-52,384,druid,balance,12,4,8
Omnipaw,kelthuzad,384,druid,balance,12,4,8
Dolwizz,tichondrius,384,druid,balance,12,4,8
Madisonivyx,area-52,384,druid,balance,12,4,8
Datdruidrod,illidan,384,druid,balance,12,4,8
Katdog,warsong,384,druid,balance,18,4,14
Rahkaaga,kiljaeden,383,druid,balance,6,4,2
Xisloko,azralon,383,druid,balance,6,4,2
Krunge,frostwolf,383,druid,balance,6,4,2
Balthøs,moon-guard,383,druid,balance,6,4,2
Muhana,runetotem,383,druid,balance,12,4,8
Morphkow,sargeras,383,druid,balance,12,4,8
Sever,ysera,382,druid,balance,12,4,8
Meowfacebby,stormrage,367,druid,balance,11,4,7
Thecovid,illidan,351,druid,balance,17,4,13
Rahdek,azgalor,330,druid,balance,7,5,2
Kimnim,tichondrius,330,druid,balance,9,6,3
Ihjx,sargeras,330,druid,balance,11,6,5
Istayfrawsty,darkspear,319,druid,balance,8,4,4
Antagonist,burning-blade,288,druid,balance,6,3,3
Jxred,illidan,288,druid,balance,6,3,3
Simo,kaelthas,288,druid,balance,6,3,3
Iploopedyogf,bleeding-hollow,288,druid,balance,6,3,3
Coompie,frostmourne,288,druid,balance,6,3,3
Cbark,ravencrest,288,druid,balance,6,3,3
Taztoc,stormrage,288,druid,balance,6,3,3
Bar,stormrage,288,druid,balance,6,3,3
Shaftomatic,tichondrius,288,druid,balance,6,3,3
Jabawockdeez,area-52,288,druid,balance,6,3,3
Pergutory,frostmourne,288,druid,balance,6,3,3
Snartx,illidan,288,druid,balance,6,3,3
Sodah,tichondrius,288,druid,balance,6,3,3
Deez,korgath,288,druid,balance,6,3,3
Spooser,proudmoore,288,druid,balance,6,3,3
Slottpocket,malganis,288,druid,balance,6,3,3
Nýla,stormrage,288,druid,balance,6,3,3
Ðeepsixx,burning-legion,288,druid,balance,6,3,3
Ornaaga,blackrock,288,druid,balance,6,3,3
Bamfferal,tichondrius,288,druid,balance,6,3,3
Hpcorrection,bleeding-hollow,288,druid,balance,6,3,3
Ularda,bleeding-hollow,288,druid,balance,6,3,3
Blipshift,tichondrius,288,druid,balance,6,3,3
Aconcat,bleeding-hollow,288,druid,balance,6,3,3
Ephwürd,malganis,288,druid,balance,6,3,3
Kaldelar,emerald-dream,288,druid,balance,6,3,3
Alcorria,area-52,288,druid,balance,6,3,3
Jgb,dalaran,288,druid,balance,6,3,3
Azoth,hyjal,288,druid,balance,6,3,3
Smokeheaters,dalaran,288,druid,balance,6,3,3
Çãñçèr,frostmourne,288,druid,balance,6,3,3
Wrathmighty,frostmourne,288,druid,balance,6,3,3
Samsshifter,tichondrius,288,druid,balance,6,3,3
Painsbrook,thrall,288,druid,balance,6,3,3
Moonowl,crushridge,288,druid,balance,6,3,3
Blazeikin,tichondrius,288,druid,balance,6,3,3
Celestialife,frostmourne,288,druid,balance,6,3,3
Vykarux,suramar,288,druid,balance,6,3,3
Targareyen,sargeras,288,druid,balance,6,3,3
Hchhi,ragnaros,288,druid,balance,6,3,3
Sawachicky,frostmourne,288,druid,balance,6,3,3
Mådge,frostmourne,288,druid,balance,6,3,3
Floote,thrall,288,druid,balance,6,3,3
Jeezelouise,kelthuzad,288,druid,balance,6,3,3
Icastsmells,tichondrius,288,druid,balance,6,3,3
Hootiepie,hyjal,288,druid,balance,6,3,3
Stretchhxd,tichondrius,288,druid,balance,6,3,3
Goldentaint,tichondrius,288,druid,balance,6,3,3
Shalaz,magtheridon,288,druid,balance,6,3,3
Ðementia,stormrage,288,druid,balance,6,3,3
Thumpb,bronzebeard,288,druid,balance,6,3,3
Rígél,ragnaros,288,druid,balance,6,3,3
Piping,thunderlord,288,druid,balance,6,3,3
Polyproof,emerald-dream,288,druid,balance,6,3,3
Druentia,tichondrius,288,druid,balance,6,3,3
Waiv,area-52,288,druid,balance,6,3,3
Boiledfrogs,zuljin,288,druid,balance,6,3,3
Silynce,tichondrius,288,druid,balance,6,3,3
Bearys,area-52,288,druid,balance,6,3,3
Wreckingcrew,emerald-dream,288,druid,balance,8,3,5
Retsarehard,illidan,288,druid,balance,8,3,5
Yorch,stormrage,288,druid,balance,12,3,9
Monicaduan,frostmourne,288,druid,balance,12,3,9
Mørphea,darkspear,288,druid,balance,12,3,9
Jalapenoz,wyrmrest-accord,288,druid,balance,12,3,9
Uezzon,tol-barad,288,druid,balance,12,3,9
Loathe,korialstrasz,288,druid,balance,12,3,9
Lavenderowl,arthas,288,druid,balance,12,3,9
Scythé,stormrage,288,druid,balance,12,3,9
Koan,proudmoore,288,druid,balance,12,3,9
Xalstarrot,sargeras,288,druid,balance,12,3,9
Teyollocuani,sargeras,288,druid,balance,12,3,9
Evarene,vashj,288,druid,balance,12,3,9
Furrycringe,stormrage,288,druid,balance,12,3,9
Plye,korgath,288,druid,balance,12,3,9
Feyrien,dalaran,288,druid,balance,12,3,9
Cêania,moon-guard,288,druid,balance,12,3,9
Davelombardo,tichondrius,288,druid,balance,12,3,9
Bigboðm,tichondrius,288,druid,balance,12,3,9
Jokey,quelthalas,286,druid,balance,6,3,3
Elydaria,destromath,286,druid,balance,6,3,3
Vollzar,sargeras,255,druid,balance,11,3,8
Ranokaliki,area-52,239,druid,balance,5,3,2
Oddclaw,stormrage,239,druid,balance,5,3,2
Tanawak,tichondrius,239,druid,balance,5,3,2
Jazzman,jubeithos,223,druid,balance,14,3,11
Koratan,frostmourne,208,druid,balance,7,3,4
Cattdog,tichondrius,208,druid,balance,7,3,4
Skke,barthilas,192,druid,balance,6,2,4
Zigh,azralon,192,druid,balance,6,2,4
Moonhorn,kelthuzad,192,druid,balance,6,2,4
Katherine,moon-guard,192,druid,balance,6,2,4
Azshunara,moon-guard,192,druid,balance,6,2,4
Tanguanota,quelthalas,192,druid,balance,6,2,4
Lilherb,azralon,192,druid,balance,6,2,4
Mulgorer,tichondrius,192,druid,balance,6,2,4
Dalaverrunis,tichondrius,192,druid,balance,6,2,4
Srbestias,quelthalas,192,druid,balance,6,2,4
Elatheris,stormrage,192,druid,balance,6,2,4
Edinhalfhorn,bonechewer,192,druid,balance,6,2,4
Tp,dragonblight,192,druid,balance,6,2,4
Gazwazluz,lothar,192,druid,balance,6,2,4
Hagenws,azralon,192,druid,balance,6,2,4
Guap,bleeding-hollow,192,druid,balance,6,2,4
Ascension,emerald-dream,192,druid,balance,6,2,4
Aozeh,kiljaeden,192,druid,balance,6,2,4
Hream,echo-isles,192,druid,balance,6,2,4
Dobidas,tichondrius,192,druid,balance,6,2,4
Isunami,emerald-dream,192,druid,balance,6,2,4
Goofyfoot,wyrmrest-accord,192,druid,balance,6,2,4
Mythicdruid,ragnaros,192,druid,balance,6,2,4
Slaÿr,malganis,192,druid,balance,6,2,4
Variandruid,kelthuzad,192,druid,balance,6,2,4
Hawgs,bleeding-hollow,192,druid,balance,6,2,4
Maidah,malganis,192,druid,balance,6,2,4
Spudpatikins,barthilas,192,druid,balance,6,2,4
Arescarriess,shuhalo,192,druid,balance,6,2,4
Chèétøhz,moon-guard,192,druid,balance,6,2,4
Speaks,moon-guard,192,druid,balance,6,2,4
Arienne,kelthuzad,192,druid,balance,6,2,4
Totorostard,tichondrius,192,druid,balance,6,2,4
Bullwïnkle,uther,192,druid,balance,6,2,4
Gidam,moon-guard,192,druid,balance,6,2,4
Trìckyz,tichondrius,192,druid,balance,6,2,4
Crycloné,stormrage,192,druid,balance,6,2,4
Nobullshift,icecrown,192,druid,balance,6,2,4
Pawswap,tichondrius,192,druid,balance,6,2,4
Absentteeth,stormrage,192,druid,balance,6,2,4
Gallianö,frostmourne,192,druid,balance,6,2,4
Espoir,azuremyst,192,druid,balance,6,2,4
Markóla,stormrage,192,druid,balance,6,2,4
Sharkfighter,sargeras,192,druid,balance,6,2,4
Explicít,sargeras,192,druid,balance,6,2,4
Zukru,malganis,192,druid,balance,6,2,4
Moistism,tichondrius,192,druid,balance,6,2,4
Purkins,barthilas,192,druid,balance,6,2,4
Maimz,tichondrius,192,druid,balance,6,2,4
Laymonath,elune,192,druid,balance,6,2,4
Octacer,malfurion,192,druid,balance,6,2,4
Adonalsium,area-52,192,druid,balance,6,2,4
Palermo,aerie-peak,192,druid,balance,6,2,4
Mäûled,fizzcrank,192,druid,balance,6,2,4
Mortqt,tichondrius,192,druid,balance,6,2,4
Ohzú,ragnaros,192,druid,balance,6,2,4
Hellabanx,tichondrius,192,druid,balance,6,2,4
Sloppysheila,sargeras,192,druid,balance,6,2,4
Mòónwhisper,moon-guard,192,druid,balance,6,2,4
Clawandørder,tichondrius,192,druid,balance,6,2,4
Bignosecow,illidan,192,druid,balance,6,2,4
Spicyorange,dalaran,192,druid,balance,6,2,4
Razzldazzle,thrall,192,druid,balance,6,2,4
Hancalimon,nemesis,192,druid,balance,6,2,4
Cbreezyy,tichondrius,192,druid,balance,6,2,4
Ginunaga,tichondrius,192,druid,balance,6,2,4
Treezyn,sargeras,192,druid,balance,6,2,4
Injeckx,tichondrius,192,druid,balance,6,2,4
Bugbugz,tichondrius,192,druid,balance,6,2,4
Everglim,azralon,192,druid,balance,12,2,10
Thundyrcat,tichondrius,192,druid,balance,12,2,10
Loggoruk,illidan,192,druid,balance,12,2,10
Thicchicken,emerald-dream,191,druid,balance,12,2,10
Xylemcow,malganis,159,druid,balance,5,2,3
Formality,kalecgos,159,druid,balance,5,2,3
Stealthhero,lightbringer,159,druid,balance,5,2,3
Yøpièrre,bleeding-hollow,96,druid,balance,3,2,1
Alistar,scilla,96,druid,balance,3,2,1
Treeheehee,frostmourne,96,druid,balance,3,2,1
Shmooglite,emerald-dream,96,druid,balance,6,1,5
Travys,sargeras,96,druid,balance,6,1,5
Thissaene,sargeras,96,druid,balance,6,1,5
Skiouros,emerald-dream,96,druid,balance,6,1,5
Dendríta,ragnaros,96,druid,balance,6,1,5
Zazinium,illidan,96,druid,balance,6,1,5
Youlived,aegwynn,96,druid,balance,6,1,5
Aelena,whisperwind,96,druid,balance,6,1,5
Ghoouul,tichondrius,96,druid,balance,6,1,5
Grimmb,emerald-dream,96,druid,balance,6,1,5
Appitrap,emerald-dream,96,druid,balance,6,1,5
Idontknowbro,bonechewer,96,druid,balance,6,1,5
Caponetonejr,steamwheedle-cartel,96,druid,balance,6,1,5
Chalupà,illidan,96,druid,balance,6,1,5
Oatmeals,fizzcrank,96,druid,balance,6,1,5
Zils,bleeding-hollow,96,druid,balance,6,1,5
Daydaygo,illidan,96,druid,balance,6,1,5
Meatbender,frostmourne,96,druid,balance,6,1,5
Brucey,khadgar,96,druid,balance,6,1,5
Chickenaeg,stormrage,96,druid,balance,6,1,5
Dèrpin,thrall,96,druid,balance,6,1,5
Walkdown,turalyon,96,druid,balance,6,1,5
Cloyer,stormrage,96,druid,balance,6,1,5
Sinapticc,proudmoore,96,druid,balance,6,1,5
Goodhealer,akama,96,druid,balance,6,1,5
Furryluvr,tichondrius,96,druid,balance,6,1,5
Stinkycrotch,malganis,96,druid,balance,6,1,5
Schlaankeyy,stormrage,96,druid,balance,6,1,5
Salanzô,bleeding-hollow,96,druid,balance,6,1,5
Breedable,elune,96,druid,balance,6,1,5
Proudmom,barthilas,96,druid,balance,6,1,5
Elivacheth,zuljin,96,druid,balance,6,1,5
Simbaa,blades-edge,96,druid,balance,10,1,9
Kodrän,stormrage,96,druid,balance,12,1,11
Drewcarriesu,arthas,79,druid,balance,5,2,3
Zephiee,kelthuzad,79,druid,balance,5,1,4
Raahmirtah,illidan,79,druid,balance,5,1,4
Foggie,spirestone,79,druid,balance,5,1,4
Lutzenberger,nemesis,79,druid,balance,5,1,4
Hughhefferr,illidan,63,druid,balance,2,2,0
Desiration,area-52,48,druid,balance,3,1,2
Policë,skullcrusher,42,druid,balance,8,2,6
Thullian,stormrage,31,druid,balance,2,1,1
Feldstarx,stormrage,31,druid,balance,2,1,1
Highs,sargeras,16,druid,balance,1,1,0
Äbÿss,tichondrius,16,druid,balance,1,1,0
Sleepiihead,stormrage,2180,evoker,preservation,78,42,36
Meraxes,moonrunner,2125,evoker,preservation,71,39,32
Garbagevoker,scilla,2107,evoker,preservation,162,78,84
Dragocula,tichondrius,2039,evoker,preservation,97,46,51
Didy,tichondrius,2022,evoker,preservation,90,48,42
Jakedrake,stormrage,2017,evoker,preservation,85,41,44
Jdbthyr,malganis,1992,evoker,preservation,132,60,72
Eskrizzle,thrall,1991,evoker,preservation,78,38,40
Kiry,emerald-dream,1968,evoker,preservation,72,33,39
Kallie,whisperwind,1962,evoker,preservation,239,116,123
Walf,stormrage,1950,evoker,preservation,251,131,120
Idrinkurine,tichondrius,1918,evoker,preservation,88,45,43
Sloane,dunemaul,1899,evoker,preservation,51,32,19
Lieferant,area-52,1867,evoker,preservation,48,25,23
Bimbus,illidan,1865,evoker,preservation,148,81,67
Thnake,zuljin,1839,evoker,preservation,72,38,34
Selkisaurus,area-52,1834,evoker,preservation,60,29,31
Ancalagøn,ragnaros,1833,evoker,preservation,70,35,35
Ojigi,sargeras,1833,evoker,preservation,69,28,41
Eyjes,stormrage,1831,evoker,preservation,66,36,30
Stønemonkey,sargeras,1831,evoker,preservation,123,66,57
Iba,tichondrius,1828,evoker,preservation,96,54,42
Neskor,moon-guard,1827,evoker,preservation,101,58,43
Livesey,thunderhorn,1821,evoker,preservation,66,43,23
Drupy,tichondrius,1816,evoker,preservation,54,28,26
Benym,tichondrius,1810,evoker,preservation,54,28,26
Mngxaltx,ragnaros,1807,evoker,preservation,66,31,35
Lodekiim,malganis,1806,evoker,preservation,66,30,36
Idk,proudmoore,1801,evoker,preservation,48,22,26
Petezra,ragnaros,1800,evoker,preservation,70,33,37
Storeypagoda,tichondrius,1792,evoker,preservation,36,22,14
Dragontrees,illidan,1765,evoker,preservation,54,28,26
Ugg,stormrage,1764,evoker,preservation,147,65,82
Novustrasza,lightbringer,1755,evoker,preservation,60,38,22
Furegos,zuljin,1753,evoker,preservation,42,20,22
Berquone,tichondrius,1747,evoker,preservation,72,31,41
Cerevok,area-52,1745,evoker,preservation,60,37,23
Dracore,firetree,1740,evoker,preservation,193,103,90
Lucardeht,illidan,1740,evoker,preservation,38,19,19
Hlaargh,illidan,1739,evoker,preservation,48,22,26
Phooby,sargeras,1736,evoker,preservation,72,37,35
Driceses,area-52,1735,evoker,preservation,50,29,21
Rosestrasza,silvermoon,1734,evoker,preservation,132,63,69
Dunkinonem,black-dragonflight,1702,evoker,preservation,391,194,197
Basherm,moon-guard,1702,evoker,preservation,78,38,40
Whethersmell,tichondrius,1692,evoker,preservation,44,21,23
Elimi,tichondrius,1687,evoker,preservation,30,18,12
Schmitty,hellscream,1684,evoker,preservation,94,45,49
Mirandaxo,tichondrius,1684,evoker,preservation,161,73,88
Dragondikz,tichondrius,1671,evoker,preservation,30,18,12
Lodedragon,tichondrius,1670,evoker,preservation,84,35,49
Quickshootin,tichondrius,1666,evoker,preservation,66,32,34
Dupastrasza,illidan,1664,evoker,preservation,60,25,35
Dripdrop,stormscale,1655,evoker,preservation,88,47,41
Daegonz,lightbringer,1653,evoker,preservation,86,43,43
Judra,barthilas,1649,evoker,preservation,62,31,31
Flamedramon,bleeding-hollow,1641,evoker,preservation,223,103,120
Trákanon,mugthol,1634,evoker,preservation,67,37,30
Ðrac,bleeding-hollow,1633,evoker,preservation,53,30,23
Modenzu,malganis,1629,evoker,preservation,66,33,33
Twizzthyr,bleeding-hollow,1628,evoker,preservation,78,37,41
Evokethisdik,tichondrius,1625,evoker,preservation,24,17,7
Deathdrake,jubeithos,1621,evoker,preservation,48,23,25
Dracthyrfang,elune,1620,evoker,preservation,30,17,13
Courtvoke,turalyon,1612,evoker,preservation,69,36,33
Leonilxd,tichondrius,1610,evoker,preservation,97,51,46
Velstrasza,stormrage,1608,evoker,preservation,30,17,13
Bigdwagon,stormrage,1608,evoker,preservation,36,17,19
Triarcs,sargeras,1606,evoker,preservation,40,21,19
Deadlybx,bleeding-hollow,1603,evoker,preservation,70,32,38
Provokker,drakkari,1600,evoker,preservation,30,21,9
Jlucks,wyrmrest-accord,1600,evoker,preservation,166,94,72
Veraxsys,wyrmrest-accord,1600,evoker,preservation,52,20,32
Emperör,quelthalas,1598,evoker,preservation,79,43,36
Vulkerr,stormrage,1591,evoker,preservation,54,29,25
Adragon,garithos,1585,evoker,preservation,77,30,47
Junkstam,malganis,1574,evoker,preservation,51,25,26
Kainalaz,moon-guard,1570,evoker,preservation,43,19,24
Cyndragosa,dalvengyr,1565,evoker,preservation,59,27,32
Buttcrease,emerald-dream,1562,evoker,preservation,42,22,20
Møritz,stormrage,1562,evoker,preservation,86,40,46
Suffler,warsong,1535,evoker,preservation,42,26,16
Fláppÿbírd,bleeding-hollow,1533,evoker,preservation,24,16,8
Cokobra,haomarush,1529,evoker,preservation,24,16,8
Vhaegart,area-52,1525,evoker,preservation,54,21,33
Velocîraptor,bleeding-hollow,1524,evoker,preservation,92,53,39
Emoker,magtheridon,1515,evoker,preservation,66,37,29
Thevochr,area-52,1514,evoker,preservation,42,27,15
Dragonsteppz,aegwynn,1512,evoker,preservation,30,16,14
Runawayslave,frostmane,1511,evoker,preservation,198,95,103
Dragoncods,velen,1509,evoker,preservation,42,24,18
Eyolker,kelthuzad,1508,evoker,preservation,50,26,24
Madegood,tichondrius,1508,evoker,preservation,42,20,22
Trembulos,malganis,1507,evoker,preservation,30,17,13
Voithyr,moon-guard,1507,evoker,preservation,125,56,69
Ffaarrvv,illidan,1504,evoker,preservation,61,39,22
Sineexe,illidan,1503,evoker,preservation,54,34,20
Jacm,fizzcrank,1502,evoker,preservation,48,23,25
Révoked,magtheridon,1497,evoker,preservation,152,81,71
Macismighty,emerald-dream,1488,evoker,preservation,48,31,17
Ponnukii,tichondrius,1486,evoker,preservation,84,44,40
Virtualcrush,sisters-of-elune,1486,evoker,preservation,94,49,45
Zenot,malganis,1483,evoker,preservation,28,22,6
Nikholatrus,malganis,1483,evoker,preservation,106,52,54
Kwitty,illidan,1482,evoker,preservation,36,18,18
Nazatra,wyrmrest-accord,1473,evoker,preservation,71,34,37
Spyrodadrago,malganis,1469,evoker,preservation,59,23,36
Monavoker,bleeding-hollow,1466,evoker,preservation,36,20,16
Suedeshoes,bleeding-hollow,1466,evoker,preservation,138,76,62
Lifewing,bleeding-hollow,1461,evoker,preservation,55,24,31
Enazen,kiljaeden,1460,evoker,preservation,83,45,38
Lalargata,azralon,1450,evoker,preservation,59,28,31
Egglayer,tichondrius,1448,evoker,preservation,114,42,72
Nyxtari,ragnaros,1447,evoker,preservation,108,57,51
Qiblii,moon-guard,1447,evoker,preservation,42,20,22
Spyrox,zuluhed,1445,evoker,preservation,30,16,14
Yotus,illidan,1443,evoker,preservation,48,28,20
Vormontis,azralon,1442,evoker,preservation,48,20,28
Dragisha,gnomeregan,1441,evoker,preservation,48,28,20
Derazar,malganis,1438,evoker,preservation,249,111,138
Xurota,proudmoore,1438,evoker,preservation,74,32,42
Squarter,kiljaeden,1437,evoker,preservation,48,28,20
Bucket,wyrmrest-accord,1437,evoker,preservation,38,16,22
Kjerne,stormrage,1430,evoker,preservation,52,28,24
Redseal,tichondrius,1429,evoker,preservation,30,15,15
Handeezol,malganis,1426,evoker,preservation,48,27,21
Xerroh,area-52,1417,evoker,preservation,71,38,33
Ralzital,auchindoun,1416,evoker,preservation,36,15,21
Kephii,eonar,1415,evoker,preservation,42,22,20
Vyndormu,moon-guard,1410,evoker,preservation,46,22,24
Ycnpass,tichondrius,1409,evoker,preservation,91,53,38
Kigglypuff,illidan,1406,evoker,preservation,36,15,21
Forsakentime,sargeras,1405,evoker,preservation,54,32,22
Bigdrag,blackhand,1399,evoker,preservation,58,35,23
Dylôn,tichondrius,1398,evoker,preservation,58,27,31
Jmir,tichondrius,1389,evoker,preservation,59,24,35
Otsira,frostmourne,1383,evoker,preservation,48,32,16
Fuoco,kiljaeden,1374,evoker,preservation,50,28,22
Mfka,dalaran,1373,evoker,preservation,29,15,14
Fusrodude,shuhalo,1368,evoker,preservation,33,18,15
Pootylizard,daggerspine,1367,evoker,preservation,44,16,28
Friedwings,wyrmrest-accord,1359,evoker,preservation,27,16,11
Chessyk,ragnaros,1357,evoker,preservation,23,15,8
Giratina,area-52,1357,evoker,preservation,72,37,35
Thepplschamp,bloodhoof,1354,evoker,preservation,48,23,25
Kikokosta,tichondrius,1350,evoker,preservation,42,23,19
Neffiie,dalaran,1350,evoker,preservation,30,15,15
Dawitchvoker,illidan,1345,evoker,preservation,108,60,48
Dragonkok,stormrage,1343,evoker,preservation,24,14,10
Elcigala,ragnaros,1338,evoker,preservation,120,56,64
Glizzurd,proudmoore,1336,evoker,preservation,161,80,81
Moralies,area-52,1336,evoker,preservation,30,14,16
Primshin,illidan,1334,evoker,preservation,57,27,30
Sanninv,barthilas,1334,evoker,preservation,30,14,16
Actïoncat,emerald-dream,1334,evoker,preservation,57,20,37
Chunkè,moon-guard,1331,evoker,preservation,57,23,34
Growthyy,malganis,1328,evoker,preservation,23,16,7
Buttfinger,bladefist,1328,evoker,preservation,39,15,24
Mäverick,kelthuzad,1327,evoker,preservation,35,23,12
Caphe,nerzhul,1323,evoker,preservation,54,24,30
Vodkasauce,tichondrius,1321,evoker,preservation,24,14,10
Dendywings,zuljin,1321,evoker,preservation,30,14,16
Tazarke,dawnbringer,1317,evoker,preservation,48,26,22
Ráigon,ragnaros,1315,evoker,preservation,36,14,22
Healmeta,sargeras,1310,evoker,preservation,249,122,127
Bryagh,executus,1304,evoker,preservation,36,18,18
Lebronjmz,kiljaeden,1299,evoker,preservation,30,16,14
Cynderrellaa,proudmoore,1299,evoker,preservation,146,70,76
Radragão,azralon,1291,evoker,preservation,36,21,15
Brantley,stormscale,1291,evoker,preservation,52,26,26
Meiron,azralon,1289,evoker,preservation,30,14,16
Earthshatter,lightbringer,1286,evoker,preservation,100,55,45
Nitalash,moon-guard,1286,evoker,preservation,29,14,15
Selfhealzer,korgath,1285,evoker,preservation,62,29,33
Wangasaur,emerald-dream,1282,evoker,preservation,49,22,27
Feijiwang,aegwynn,1281,evoker,preservation,39,24,15
Feelzz,illidan,1274,evoker,preservation,25,16,9
Miliolievo,azralon,1268,evoker,preservation,136,61,75
Lickndragons,sargeras,1265,evoker,preservation,36,14,22
Nêwt,darkspear,1259,evoker,preservation,88,44,44
Dracniel,illidan,1258,evoker,preservation,47,25,22
Thereptile,frostmourne,1258,evoker,preservation,84,37,47
Tryhard,wyrmrest-accord,1254,evoker,preservation,42,25,17
Vgt,nemesis,1253,evoker,preservation,84,35,49
Lamentation,area-52,1252,evoker,preservation,42,23,19
Bayvoker,area-52,1252,evoker,preservation,53,28,25
Döublepenn,tichondrius,1248,evoker,preservation,63,35,28
Mikoriivoker,tichondrius,1247,evoker,preservation,30,13,17
Verk,deathwing,1246,evoker,preservation,42,24,18
Stableboy,bleeding-hollow,1244,evoker,preservation,18,13,5
Zandragosa,dalaran,1240,evoker,preservation,24,13,11
Splendadaddy,kiljaeden,1238,evoker,preservation,24,13,11
Agony,emerald-dream,1238,evoker,preservation,219,106,113
Corncrake,sargeras,1238,evoker,preservation,30,13,17
Lilacstrasza,moon-guard,1238,evoker,preservation,47,20,27
Zippityzoom,barthilas,1237,evoker,preservation,29,16,13
Dkvastate,tichondrius,1236,evoker,preservation,112,56,56
Zerath,frostmane,1236,evoker,preservation,30,13,17
Lavagurl,stormscale,1235,evoker,preservation,30,13,17
Necrathma,tichondrius,1234,evoker,preservation,24,13,11
Ultis,tichondrius,1233,evoker,preservation,137,74,63
Astoragosa,moon-guard,1231,evoker,preservation,61,38,23
Nyzara,emerald-dream,1231,evoker,preservation,30,13,17
Onornun,magtheridon,1229,evoker,preservation,66,32,34
Kycaka,area-52,1228,evoker,preservation,46,14,32
Lilithlittle,daggerspine,1227,evoker,preservation,112,52,60
Naykir,khazgoroth,1224,evoker,preservation,18,13,5
Riz,blackhand,1221,evoker,preservation,71,35,36
Nulldd,tichondrius,1219,evoker,preservation,41,13,28
Doogiehowser,azshara,1217,evoker,preservation,96,49,47
Shenlong,malganis,1215,evoker,preservation,41,22,19
Zmaj,jubeithos,1213,evoker,preservation,18,13,5
Zindrozarath,area-52,1213,evoker,preservation,79,36,43
Greenscales,frostmourne,1213,evoker,preservation,93,37,56
Ysondrius,durotan,1212,evoker,preservation,48,26,22
Evokas,tichondrius,1210,evoker,preservation,86,46,40
Frozanat,kelthuzad,1205,evoker,preservation,75,34,41
Sanaz,stormreaver,1204,evoker,preservation,48,25,23
Allaker,kargath,1204,evoker,preservation,39,16,23
Hamanv,tichondrius,1202,evoker,preservation,30,13,17
Partysnaxx,thrall,1199,evoker,preservation,72,35,37
Çhara,illidan,1198,evoker,preservation,126,65,61
Shênlong,sargeras,1193,evoker,preservation,54,22,32
Weagle,zuljin,1189,evoker,preservation,33,13,20
Emozoomer,malganis,1189,evoker,preservation,54,21,33
Shudo,moon-guard,1188,evoker,preservation,53,23,30
Bahamut,magtheridon,1183,evoker,preservation,54,22,32
Masquemeto,illidan,1181,evoker,preservation,25,14,11
Deralan,khaz-modan,1179,evoker,preservation,108,40,68
Héllfire,ghostlands,1171,evoker,preservation,36,17,19
Draginnuts,illidan,1167,evoker,preservation,41,20,21
Kaguax,tichondrius,1167,evoker,preservation,84,32,52
Worldx,illidan,1166,evoker,preservation,24,13,11
Dandera,stormrage,1166,evoker,preservation,61,27,34
Mazalagon,trollbane,1165,evoker,preservation,29,15,14
Gloamdream,cenarius,1162,evoker,preservation,67,31,36
Amniotic,hyjal,1159,evoker,preservation,42,23,19
Vermitor,sargeras,1155,evoker,preservation,24,13,11
Fatsu,executus,1152,evoker,preservation,30,12,18
Mikoribreath,moknathal,1151,evoker,preservation,18,12,6
Raundur,ragnaros,1150,evoker,preservation,24,12,12
Mysticenergy,tichondrius,1150,evoker,preservation,60,28,32
Alitasbbq,malganis,1147,evoker,preservation,30,12,18
Vermax,akama,1133,evoker,preservation,45,17,28
Brôcôlînî,zuljin,1131,evoker,preservation,18,14,4
Gotbreath,dalaran,1127,evoker,preservation,31,13,18
Allaston,tichondrius,1122,evoker,preservation,24,13,11
Detreshan,stormreaver,1120,evoker,preservation,68,38,30
Endroz,tichondrius,1119,evoker,preservation,24,12,12
Drathron,tichondrius,1118,evoker,preservation,28,13,15
Dragonwench,sargeras,1101,evoker,preservation,22,13,9
Careflight,barthilas,1101,evoker,preservation,36,21,15
Geico,spinebreaker,1100,evoker,preservation,15,13,2
Ilithiphobia,ghostlands,1100,evoker,preservation,38,16,22
Drerick,illidan,1097,evoker,preservation,26,13,13
Thegrinchh,malganis,1097,evoker,preservation,81,39,42
Krossbones,cenarion-circle,1096,evoker,preservation,80,47,33
Draconian,frostmourne,1087,evoker,preservation,28,12,16
Dragonknght,tichondrius,1085,evoker,preservation,24,14,10
Emyhr,sargeras,1084,evoker,preservation,24,13,11
Draisin,zuljin,1083,evoker,preservation,24,13,11
Lilithà,kelthuzad,1075,evoker,preservation,30,20,10
Gemis,anvilmar,1070,evoker,preservation,43,22,21
Draganoche,zuljin,1066,evoker,preservation,30,14,16
Yozhz,ragnaros,1059,evoker,preservation,29,13,16
Neocellx,frostwolf,1054,evoker,preservation,24,11,13
Ajiz,mannoroth,1053,evoker,preservation,18,11,7
Imugee,sargeras,1051,evoker,preservation,24,11,13
Annum,moon-guard,1050,evoker,preservation,36,11,25
Mightywings,skywall,1042,evoker,preservation,96,49,47
Rubellite,azralon,1042,evoker,preservation,39,18,21
Lahfly,tichondrius,1040,evoker,preservation,42,26,16
Rynntynn,blood-furnace,1039,evoker,preservation,24,11,13
Charadrius,zuljin,1038,evoker,preservation,41,23,18
Azuril,wyrmrest-accord,1038,evoker,preservation,66,21,45
Myxter,tichondrius,1035,evoker,preservation,49,25,24
Carloxd,tichondrius,1035,evoker,preservation,34,12,22
Abigaile,illidan,1034,evoker,preservation,18,13,5
Blankebr,gallywix,1032,evoker,preservation,36,24,12
Mesamune,bonechewer,1032,evoker,preservation,43,16,27
Bumbledragn,moon-guard,1026,evoker,preservation,31,18,13
Evoke,boulderfist,1025,evoker,preservation,28,12,16
Karmakulax,wildhammer,1024,evoker,preservation,31,12,19
Vandinus,stormrage,1023,evoker,preservation,38,17,21
Solryp,terokkar,1022,evoker,preservation,53,25,28
Cringilisk,kelthuzad,1015,evoker,preservation,16,12,4
Richviewrd,illidan,1007,evoker,preservation,30,15,15
Drittles,illidan,1007,evoker,preservation,56,24,32
Shook,baelgun,1007,evoker,preservation,30,11,19
Dragonsand,area-52,1002,evoker,preservation,56,29,27
Brahown,altar-of-storms,998,evoker,preservation,36,11,25
Chambea,kelthuzad,995,evoker,preservation,23,13,10
Enalen,azjolnerub,994,evoker,preservation,26,12,14
Cripcuhz,tichondrius,993,evoker,preservation,30,13,17
Hover,vashj,989,evoker,preservation,27,13,14
Vyreth,sargeras,987,evoker,preservation,81,38,43
Rubyzz,illidan,960,evoker,preservation,18,10,8
Uncleìroh,tichondrius,960,evoker,preservation,24,10,14
Dragonkink,sargeras,959,evoker,preservation,12,10,2
Gobananas,sargeras,959,evoker,preservation,18,10,8
Wingsoflyfe,frostmourne,959,evoker,preservation,18,10,8
Puffthemagic,lightnings-blade,958,evoker,preservation,18,10,8
Bendover,proudmoore,957,evoker,preservation,18,10,8
Drakthussey,illidan,957,evoker,preservation,18,10,8
Drepz,dalaran,955,evoker,preservation,12,10,2
Holdherhorn,area-52,955,evoker,preservation,18,10,8
Delivv,hyjal,955,evoker,preservation,18,10,8
Skailyx,zuljin,955,evoker,preservation,18,10,8
Lizzardload,stormreaver,955,evoker,preservation,63,24,39
Mythsvoker,barthilas,954,evoker,preservation,18,10,8
Soziin,skullcrusher,953,evoker,preservation,18,10,8
Proevoker,illidan,951,evoker,preservation,18,10,8
Barneydragon,stormrage,949,evoker,preservation,18,10,8
Ayavi,illidan,942,evoker,preservation,18,10,8
Zitasanazen,tichondrius,935,evoker,preservation,134,63,71
Raptormoto,lothar,926,evoker,preservation,26,11,15
Milkspurt,tichondrius,926,evoker,preservation,42,16,26
Dragonbro,spirestone,923,evoker,preservation,18,10,8
Justbreathe,sargeras,911,evoker,preservation,17,10,7
Lightbeing,nazjatar,904,evoker,preservation,30,16,14
Badvoker,area-52,902,evoker,preservation,71,26,45
Cransvoker,illidan,902,evoker,preservation,30,10,20
Kalikani,moon-guard,900,evoker,preservation,28,11,17
Kerlaan,illidan,895,evoker,preservation,18,10,8
Purrlynn,tichondrius,893,evoker,preservation,20,10,10
Kivoke,proudmoore,888,evoker,preservation,24,10,14
Mugenyan,ragnaros,879,evoker,preservation,41,21,20
Willowflight,illidan,867,evoker,preservation,50,23,27
Mikorivoker,illidan,864,evoker,preservation,12,9,3
Kaldobar,stormrage,863,evoker,preservation,12,9,3
Grunkthyr,moon-guard,863,evoker,preservation,18,9,9
Nuubvoker,stormrage,863,evoker,preservation,18,9,9
Tonymanitoba,whisperwind,863,evoker,preservation,18,9,9
Unknowndrago,kul-tiras,863,evoker,preservation,18,9,9
Hepzibah,kelthuzad,863,evoker,preservation,24,9,15
Sovietønion,tichondrius,862,evoker,preservation,24,9,15
Kakanjutan,azralon,861,evoker,preservation,16,10,6
Macdrag,malganis,861,evoker,preservation,18,9,9
Jesstrasza,quelthalas,861,evoker,preservation,42,18,24
Gravityblast,tichondrius,861,evoker,preservation,24,9,15
Tigdragon,proudmoore,861,evoker,preservation,24,9,15
Treadcinder,tichondrius,857,evoker,preservation,18,9,9
Bjason,tichondrius,855,evoker,preservation,18,9,9
Kaeszandrus,azralon,855,evoker,preservation,18,9,9
Setash,hyjal,853,evoker,preservation,18,9,9
Hentaizilla,kiljaeden,850,evoker,preservation,55,19,36
Djdavi,azralon,834,evoker,preservation,12,9,3
Dragndeez,garrosh,824,evoker,preservation,40,9,31
Sandrozeria,wyrmrest-accord,822,evoker,preservation,14,10,4
Drakthuul,icecrown,819,evoker,preservation,24,11,13
Saintpablox,illidan,810,evoker,preservation,34,10,24
Bandel,tichondrius,805,evoker,preservation,16,11,5
Darkspyro,area-52,799,evoker,preservation,11,9,2
Drackaras,stormrage,790,evoker,preservation,18,9,9
Ninereeds,malganis,768,evoker,preservation,12,8,4
Rvrbzv,stormrage,768,evoker,preservation,12,8,4
Chañïng,frostmourne,768,evoker,preservation,18,8,10
Stinkler,stormscale,768,evoker,preservation,19,8,11
Dracadukez,illidan,768,evoker,preservation,24,8,16
Walloper,malganis,767,evoker,preservation,12,8,4
Zakaraki,bloodscalp,766,evoker,preservation,12,8,4
Chue,quelthalas,766,evoker,preservation,18,8,10
Crowqt,frostmourne,766,evoker,preservation,24,8,16
Kathendrov,sargeras,764,evoker,preservation,12,8,4
Mãttyy,malganis,763,evoker,preservation,12,8,4
Nutsdragon,tichondrius,763,evoker,preservation,18,8,10
Hydrrax,dalaran,763,evoker,preservation,18,8,10
Rorie,farstriders,762,evoker,preservation,12,8,4
Matsutake,kelthuzad,762,evoker,preservation,18,8,10
Crumbflaps,kelthuzad,758,evoker,preservation,18,8,10
Criteria,burning-legion,748,evoker,preservation,18,8,10
Durtyvoker,illidan,735,evoker,preservation,22,8,14
Whinks,zangarmarsh,732,evoker,preservation,17,8,9
Polland,area-52,731,evoker,preservation,17,8,9
Icthelestron,black-dragonflight,729,evoker,preservation,14,9,5
Moxa,doomhammer,720,evoker,preservation,18,8,10
Geicovoker,tichondrius,714,evoker,preservation,28,9,19
Shardsnorta,chogall,708,evoker,preservation,17,8,9
Velaryonhero,arthas,700,evoker,preservation,20,8,12
Beatxqt,area-52,672,evoker,preservation,12,7,5
Syraxiez,sargeras,672,evoker,preservation,12,7,5
Cycircle,tichondrius,672,evoker,preservation,12,7,5
Vroomby,area-52,672,evoker,preservation,12,7,5
Skrimbles,tichondrius,672,evoker,preservation,12,7,5
Goursaud,malganis,672,evoker,preservation,12,7,5
Vrondiss,trollbane,672,evoker,preservation,12,7,5
Draikia,zuljin,672,evoker,preservation,18,7,11
Hamine,tichondrius,672,evoker,preservation,18,7,11
Orncen,emerald-dream,672,evoker,preservation,18,7,11
Kwebab,tichondrius,672,evoker,preservation,18,7,11
Gaslightqt,tichondrius,672,evoker,preservation,19,7,12
Imperialist,proudmoore,672,evoker,preservation,24,7,17
Forlornomens,area-52,671,evoker,preservation,12,7,5
Reskue,burning-legion,671,evoker,preservation,12,7,5
Arûmat,tichondrius,671,evoker,preservation,18,7,11
Longxx,dalaran,671,evoker,preservation,18,7,11
Bookkoo,burning-legion,671,evoker,preservation,24,7,17
Rayvoker,elune,670,evoker,preservation,12,7,5
Wethotgarbee,tichondrius,670,evoker,preservation,12,7,5
Mad,aerie-peak,670,evoker,preservation,19,9,10
Woozul,malganis,670,evoker,preservation,30,7,23
Retcondragon,sargeras,669,evoker,preservation,18,7,11
Dragonballer,trollbane,669,evoker,preservation,18,7,11
Hakuroyime,ragnaros,667,evoker,preservation,12,7,5
Daikis,proudmoore,666,evoker,preservation,18,7,11
Azulnova,tichondrius,665,evoker,preservation,18,7,11
Acidbreath,tichondrius,661,evoker,preservation,18,7,11
Wheyvern,malganis,660,evoker,preservation,33,7,26
Itsac,daggerspine,656,evoker,preservation,12,7,5
Yiptondabs,emerald-dream,650,evoker,preservation,29,7,22
Thenasath,sargeras,640,evoker,preservation,17,7,10
Ravebae,frostmourne,639,evoker,preservation,17,7,10
Mokkdala,blackrock,637,evoker,preservation,17,7,10
Elderdragon,nerzhul,629,evoker,preservation,16,8,8
Kixxely,sargeras,623,evoker,preservation,12,8,4
Terpsy,area-52,620,evoker,preservation,11,7,4
Kilawatt,barthilas,620,evoker,preservation,11,7,4
Tsuruda,illidan,618,evoker,preservation,21,8,13
Grousegamer,barthilas,618,evoker,preservation,26,8,18
Zackxo,moon-guard,617,evoker,preservation,11,7,4
Wilbog,moon-guard,604,evoker,preservation,36,7,29
Balmoze,tichondrius,584,evoker,preservation,19,7,12
Hwansu,tichondrius,576,evoker,preservation,6,6,0
Cheesedragon,tichondrius,576,evoker,preservation,6,6,0
Dokthyr,lightbringer,576,evoker,preservation,6,6,0
Innervoker,tichondrius,576,evoker,preservation,12,6,6
Sheepdoll,icecrown,576,evoker,preservation,12,6,6
Bookwyrm,khadgar,576,evoker,preservation,12,6,6
Daylenx,thrall,576,evoker,preservation,12,6,6
Localfemboy,area-52,576,evoker,preservation,12,6,6
Datinysmaug,stormrage,576,evoker,preservation,12,6,6
Quesodillas,stormreaver,576,evoker,preservation,12,6,6
Flybro,malganis,576,evoker,preservation,12,6,6
Teëst,malganis,576,evoker,preservation,12,6,6
Verosria,area-52,576,evoker,preservation,12,6,6
Diregon,kelthuzad,576,evoker,preservation,12,6,6
Thegoone,bleeding-hollow,576,evoker,preservation,12,6,6
Azarke,rivendare,576,evoker,preservation,12,6,6
Sleepiiheadx,stormrage,576,evoker,preservation,12,6,6
Wtfhappen,tichondrius,576,evoker,preservation,12,6,6
Ozvoker,area-52,576,evoker,preservation,12,6,6
Sandragon,ragnaros,576,evoker,preservation,15,7,8
Yaaj,black-dragonflight,576,evoker,preservation,14,6,8
Teddydarg,tichondrius,576,evoker,preservation,14,6,8
Dragonk,dragonblight,576,evoker,preservation,18,6,12
Advancedonly,tichondrius,576,evoker,preservation,18,6,12
Toodllesz,stormrage,575,evoker,preservation,6,6,0
Magnito,thorium-brotherhood,575,evoker,preservation,12,6,6
Flameschosen,malganis,575,evoker,preservation,12,6,6
Dragûn,stormrage,575,evoker,preservation,12,6,6
Shinryuu,warsong,575,evoker,preservation,12,6,6
Dunkelzahn,gorgonnash,575,evoker,preservation,15,7,8
Naùghtygames,area-52,575,evoker,preservation,18,6,12
Wrathiøn,sargeras,575,evoker,preservation,18,6,12
Dragy,bonechewer,575,evoker,preservation,18,6,12
Toothless,garithos,574,evoker,preservation,6,6,0
Amun,frostwolf,574,evoker,preservation,12,6,6
Cinderazerat,moon-guard,574,evoker,preservation,18,6,12
Azalana,thrall,574,evoker,preservation,24,6,18
Rhaeynes,moon-guard,568,evoker,preservation,12,6,6
Spliffdragon,sargeras,528,evoker,preservation,17,6,11
Shenlòng,drakkari,521,evoker,preservation,15,7,8
Akavoker,sargeras,521,evoker,preservation,20,7,13
Supernovax,illidan,512,evoker,preservation,16,6,10
Imaginedrgn,tichondrius,511,evoker,preservation,11,6,5
Errier,tichondrius,511,evoker,preservation,14,6,8
Nwo,shattered-hand,494,evoker,preservation,11,6,5
Brindletail,proudmoore,494,evoker,preservation,19,6,13
Evvookkeerr,tichondrius,480,evoker,preservation,6,5,1
Kîñggïgàçhäð,stormrage,480,evoker,preservation,6,5,1
Chinadragon,balnazzar,480,evoker,preservation,6,5,1
Shellessturt,kelthuzad,480,evoker,preservation,6,5,1
Imwoker,illidan,480,evoker,preservation,12,5,7
Draktharl,tichondrius,480,evoker,preservation,12,5,7
Oldmandrake,mannoroth,480,evoker,preservation,12,5,7
Chronocolter,thunderhorn,480,evoker,preservation,12,5,7
Slèv,frostmourne,480,evoker,preservation,12,5,7
Neewhad,malganis,480,evoker,preservation,12,5,7
Gumbåll,bleeding-hollow,480,evoker,preservation,12,5,7
Cirroaltos,aerie-peak,480,evoker,preservation,12,5,7
Evizzar,zuljin,480,evoker,preservation,12,5,7
Kratheu,azralon,480,evoker,preservation,12,5,7
Spyrotime,tichondrius,480,evoker,preservation,15,5,10
Seeyn,tichondrius,480,evoker,preservation,18,5,13
Bronyflexy,sargeras,480,evoker,preservation,24,5,19
Prevoker,kirin-tor,479,evoker,preservation,6,5,1
Balèrion,illidan,479,evoker,preservation,6,5,1
Lickyertits,tichondrius,479,evoker,preservation,12,5,7
Cootietooter,icecrown,479,evoker,preservation,12,5,7
Dracdeez,dreadmaul,479,evoker,preservation,12,5,7
Drizzydrag,jubeithos,479,evoker,preservation,12,5,7
Blay,elune,479,evoker,preservation,12,5,7
Rhaènyra,sargeras,479,evoker,preservation,12,5,7
Álln,sargeras,479,evoker,preservation,12,5,7
Paladinex,tichondrius,479,evoker,preservation,12,5,7
Kratostrasz,moon-guard,479,evoker,preservation,12,5,7
Sacrementus,tichondrius,479,evoker,preservation,18,5,13
Dragown,sargeras,478,evoker,preservation,12,5,7
Scaryðragon,akama,477,evoker,preservation,12,5,7
Falsedaze,sargeras,475,evoker,preservation,12,5,7
Gaserick,quelthalas,426,evoker,preservation,17,6,11
Items,frostmourne,416,evoker,preservation,10,5,5
Monzydrake,emerald-dream,408,evoker,preservation,20,5,15
Darksmoke,spirestone,384,evoker,preservation,6,4,2
Baradad,frostmourne,384,evoker,preservation,6,4,2
Docevoker,tichondrius,384,evoker,preservation,6,4,2
Atraxian,tichondrius,384,evoker,preservation,6,4,2
Gavstarz,frostmourne,384,evoker,preservation,6,4,2
Murloc,shadowsong,384,evoker,preservation,6,4,2
Taegon,area-52,384,evoker,preservation,6,4,2
Dreamfuego,tichondrius,384,evoker,preservation,6,4,2
Venitsu,malganis,384,evoker,preservation,6,4,2
Bassblasterr,dalaran,384,evoker,preservation,6,4,2
Babylons,area-52,384,evoker,preservation,6,4,2
Boomlvx,frostmourne,384,evoker,preservation,6,4,2
Whelp,shadow-council,384,evoker,preservation,6,4,2
Tygor,arthas,384,evoker,preservation,6,4,2
Mtndewboy,illidan,384,evoker,preservation,6,4,2
Whitesnow,korgath,384,evoker,preservation,6,4,2
Matchamjölk,tichondrius,384,evoker,preservation,6,4,2
Jëthrø,illidan,384,evoker,preservation,6,4,2
Treysongz,area-52,384,evoker,preservation,6,4,2
Exrtj,stormrage,384,evoker,preservation,6,4,2
Ancalagðn,quelthalas,384,evoker,preservation,6,4,2
Zaedor,stormrage,384,evoker,preservation,10,5,5
Olindoe,tichondrius,384,evoker,preservation,12,4,8
Pensini,illidan,384,evoker,preservation,12,4,8
Satratren,moon-guard,384,evoker,preservation,12,4,8
Soyum,sargeras,384,evoker,preservation,12,4,8
Williamjong,tichondrius,384,evoker,preservation,12,4,8
Bryágh,wyrmrest-accord,384,evoker,preservation,12,4,8
Raphdragon,stormrage,384,evoker,preservation,12,4,8
Shoestrings,tichondrius,384,evoker,preservation,12,4,8
Galrend,firetree,384,evoker,preservation,12,4,8
Crumbsock,thrall,384,evoker,preservation,12,4,8
Cronós,tichondrius,384,evoker,preservation,18,4,14
Kyloflight,thrall,384,evoker,preservation,18,4,14
Upsdriver,dentarg,384,evoker,preservation,18,4,14
Misico,illidan,383,evoker,preservation,6,4,2
Lervish,durotan,383,evoker,preservation,6,4,2
Shintrax,ragnaros,383,evoker,preservation,8,4,4
Flymuch,illidan,383,evoker,preservation,12,4,8
Xdragon,lightbringer,383,evoker,preservation,12,4,8
Tihkal,spinebreaker,383,evoker,preservation,12,4,8
Dombi,moon-guard,383,evoker,preservation,12,4,8
Sïgrìd,tichondrius,382,evoker,preservation,6,4,2
Bigtoots,illidan,382,evoker,preservation,12,4,8
Danatreseth,moon-guard,380,evoker,preservation,12,4,8
Nyxstrasza,moknathal,366,evoker,preservation,11,4,7
Clubmetro,boulderfist,365,evoker,preservation,9,6,3
Butta,darkspear,351,evoker,preservation,11,4,7
Corlys,thunderhorn,330,evoker,preservation,17,5,12
Dragginhealz,stormrage,323,evoker,preservation,15,5,10
Jolynne,illidan,320,evoker,preservation,14,4,10
Polyrhythmic,ysera,304,evoker,preservation,7,4,3
Youngyongdie,tichondrius,288,evoker,preservation,10,5,5
Sylf,kiljaeden,288,evoker,preservation,6,3,3
Dracritzzx,ragnaros,288,evoker,preservation,6,3,3
Swagdriver,moon-guard,288,evoker,preservation,6,3,3
Saxthyr,stormreaver,288,evoker,preservation,6,3,3
Jakburnon,stormrage,288,evoker,preservation,6,3,3
Evoketage,malganis,288,evoker,preservation,6,3,3
Vokefuu,illidan,288,evoker,preservation,6,3,3
Bigtitsdrag,illidan,288,evoker,preservation,6,3,3
Vaeghar,anvilmar,288,evoker,preservation,6,3,3
Gvoker,nemesis,288,evoker,preservation,6,3,3
Ðçßñÿåæéîùøð,tichondrius,288,evoker,preservation,6,3,3
Gogmagog,korgath,288,evoker,preservation,6,3,3
Draseew,drakkari,288,evoker,preservation,6,3,3
Heidibibe,tichondrius,288,evoker,preservation,6,3,3
Vygrax,nerzhul,288,evoker,preservation,6,3,3
Selden,boulderfist,288,evoker,preservation,6,3,3
Annazara,stormrage,288,evoker,preservation,6,3,3
Dragocser,drakkari,288,evoker,preservation,6,3,3
Rangä,caelestrasz,288,evoker,preservation,6,3,3
Golden,area-52,288,evoker,preservation,6,3,3
Chawp,tichondrius,288,evoker,preservation,6,3,3
Flyingmooie,frostmourne,288,evoker,preservation,6,3,3
Paradïsso,tichondrius,288,evoker,preservation,6,3,3
Spicypnuts,zuljin,288,evoker,preservation,6,3,3
Redhorn,frostmourne,288,evoker,preservation,6,3,3
Aoibae,frostmourne,288,evoker,preservation,6,3,3
Garrgle,sargeras,288,evoker,preservation,6,3,3
Kalsit,emerald-dream,288,evoker,preservation,6,3,3
Dracoon,madoran,288,evoker,preservation,6,3,3
Jamörant,tichondrius,288,evoker,preservation,6,3,3
Raxdragon,sargeras,288,evoker,preservation,6,3,3
Bootymágic,tichondrius,288,evoker,preservation,6,3,3
Kreutzhauser,tichondrius,288,evoker,preservation,6,3,3
Flexlong,tichondrius,288,evoker,preservation,6,3,3
Mignificent,sargeras,288,evoker,preservation,6,3,3
Knowragretz,tichondrius,288,evoker,preservation,6,3,3
Visserion,sargeras,288,evoker,preservation,6,3,3
Icallthecops,tichondrius,288,evoker,preservation,6,3,3
Setren,antonidas,288,evoker,preservation,6,3,3
Murphymonsta,stormscale,288,evoker,preservation,12,3,9
Dwacawys,zuljin,288,evoker,preservation,12,3,9
Bitkoinz,tichondrius,288,evoker,preservation,12,3,9
Dragonbabu,area-52,288,evoker,preservation,12,3,9
Galfiore,malganis,288,evoker,preservation,12,3,9
Discussion,area-52,288,evoker,preservation,12,3,9
Explosives,blades-edge,288,evoker,preservation,12,3,9
Aspecto,area-52,288,evoker,preservation,12,3,9
Stormdagger,proudmoore,288,evoker,preservation,12,3,9
Simmnyxia,area-52,288,evoker,preservation,12,3,9
Reflexd,malganis,288,evoker,preservation,12,3,9
Pauly,suramar,288,evoker,preservation,12,3,9
Drakkar,elune,288,evoker,preservation,12,3,9
Mouthgorawr,tichondrius,288,evoker,preservation,13,3,10
Maxyz,khadgar,288,evoker,preservation,18,3,15
Wapowthion,blades-edge,288,evoker,preservation,18,3,15
Ownlyfans,silvermoon,287,evoker,preservation,6,3,3
Saphfire,burning-legion,287,evoker,preservation,6,3,3
Supereragon,area-52,287,evoker,preservation,6,3,3
Killerdragon,darkspear,287,evoker,preservation,6,3,3
Chenrong,sargeras,287,evoker,preservation,12,3,9
Tazen,bleeding-hollow,287,evoker,preservation,12,3,9
Toothlesz,draka,287,evoker,preservation,18,3,15
Drakonyx,mugthol,285,evoker,preservation,12,3,9
Stíckyj,tichondrius,255,evoker,preservation,11,3,8
Daddyrp,tichondrius,234,evoker,preservation,15,5,10
Tugmapvpean,kelthuzad,208,evoker,preservation,7,3,4
Nunez,frostmourne,192,evoker,preservation,6,2,4
Nil,malganis,192,evoker,preservation,6,2,4
Carrnedge,area-52,192,evoker,preservation,6,2,4
Slaymedaddy,proudmoore,192,evoker,preservation,6,2,4
Scyyterr,azralon,192,evoker,preservation,6,2,4
Ignicion,quelthalas,192,evoker,preservation,6,2,4
Sketchybum,tichondrius,192,evoker,preservation,6,2,4
Calvoker,moon-guard,192,evoker,preservation,6,2,4
Preserveluke,moon-guard,192,evoker,preservation,6,2,4
Dragonpel,azralon,192,evoker,preservation,6,2,4
Ceraxxes,tichondrius,192,evoker,preservation,6,2,4
Wonderk,frostmourne,192,evoker,preservation,6,2,4
Inkdsy,detheroc,192,evoker,preservation,6,2,4
Dwagonwage,zuljin,192,evoker,preservation,6,2,4
Aetherz,illidan,192,evoker,preservation,6,2,4
Ellafortnite,emerald-dream,192,evoker,preservation,6,2,4
Versezz,tichondrius,192,evoker,preservation,6,2,4
Linguistic,tichondrius,192,evoker,preservation,6,2,4
Surasi,frostmourne,192,evoker,preservation,6,2,4
Saviorkai,barthilas,192,evoker,preservation,6,2,4
Wse,illidan,192,evoker,preservation,6,2,4
Drugdoer,illidan,192,evoker,preservation,6,2,4
Daemon,terokkar,192,evoker,preservation,6,2,4
Kalrid,sargeras,192,evoker,preservation,6,2,4
Invdkill,azralon,192,evoker,preservation,6,2,4
Syfen,burning-blade,192,evoker,preservation,6,2,4
Racovoker,zuljin,192,evoker,preservation,6,2,4
Nite,lothar,192,evoker,preservation,6,2,4
Droggerdrago,stormreaver,192,evoker,preservation,6,2,4
Drakhaz,azralon,192,evoker,preservation,6,2,4
Smurgma,frostmane,192,evoker,preservation,6,2,4
Xerithious,bleeding-hollow,192,evoker,preservation,6,2,4
Takasaki,dalaran,192,evoker,preservation,12,2,10
Lampizard,bonechewer,192,evoker,preservation,12,2,10
Hotblower,tichondrius,192,evoker,preservation,12,2,10
Tightp,malganis,192,evoker,preservation,12,2,10
Draghyon,tichondrius,192,evoker,preservation,12,2,10
Arkaan,malganis,192,evoker,preservation,12,2,10
Arazerazer,thrall,192,evoker,preservation,12,2,10
Thendroz,aerie-peak,191,evoker,preservation,4,3,1
Valethal,ragnaros,191,evoker,preservation,6,2,4
Frozonic,tichondrius,191,evoker,preservation,6,2,4
Spyrð,emerald-dream,191,evoker,preservation,6,2,4
Dracalis,thrall,191,evoker,preservation,6,2,4
Sodre,illidan,191,evoker,preservation,12,2,10
Dragonbush,sargeras,138,evoker,preservation,10,3,7
Shíkyo,stormrage,138,evoker,preservation,14,3,11
Amnemís,tichondrius,128,evoker,preservation,4,2,2
Simarity,thrall,96,evoker,preservation,6,1,5
Talzindera,sargeras,96,evoker,preservation,6,1,5
Vvhip,tichondrius,96,evoker,preservation,6,1,5
Mookthyr,area-52,96,evoker,preservation,6,1,5
Yoyke,tichondrius,96,evoker,preservation,6,1,5
Trrxx,tichondrius,96,evoker,preservation,6,1,5
Vermax,spirestone,96,evoker,preservation,6,1,5
Omars,sargeras,96,evoker,preservation,6,1,5
Patrdorasz,zuljin,96,evoker,preservation,6,1,5
Deviantart,emerald-dream,96,evoker,preservation,6,1,5
Ðräco,quelthalas,96,evoker,preservation,6,1,5
Shockragosa,chogall,96,evoker,preservation,6,1,5
Roastdrake,tichondrius,96,evoker,preservation,6,1,5
Tasdarallar,frostmourne,96,evoker,preservation,6,1,5
Uwuspit,tichondrius,96,evoker,preservation,6,1,5
Keedrori,thrall,96,evoker,preservation,6,1,5
Gamerwords,barthilas,96,evoker,preservation,6,1,5
Ohmylanta,stormrage,96,evoker,preservation,6,1,5
Spyroh,crushridge,96,evoker,preservation,6,1,5
Atreign,blackwing-lair,96,evoker,preservation,6,1,5
Yujirohanma,frostmourne,96,evoker,preservation,6,1,5
Dracomedicus,frostmourne,96,evoker,preservation,10,1,9
Khorvin,proudmoore,96,evoker,preservation,12,1,11
Derath,maelstrom,96,evoker,preservation,12,1,11
Diavai,area-52,96,evoker,preservation,12,1,11
Gidury,tichondrius,96,evoker,preservation,12,1,11
Tidehunter,chogall,96,evoker,preservation,12,1,11
Jsb,moon-guard,96,evoker,preservation,18,1,17
Blowmiê,area-52,79,evoker,preservation,5,1,4
Zathasar,tichondrius,48,evoker,preservation,10,1,9
Thiqc,zuluhed,9,evoker,preservation,9,3,6
Dametra,proudmoore,2100,evoker,devastation,102,59,43
Nikthevoker,area-52,2082,evoker,devastation,88,45,43
Nikthevoker,tichondrius,2079,evoker,devastation,96,51,45
Breathalizer,sargeras,2065,evoker,devastation,66,41,25
Quadude,illidan,2045,evoker,devastation,119,63,56
Caedalade,proudmoore,2041,evoker,devastation,149,76,73
Somyr,area-52,2003,evoker,devastation,78,43,35
Evokemedaddy,bleeding-hollow,1965,evoker,devastation,84,44,40
Koalaman,area-52,1946,evoker,devastation,150,80,70
Trogdør,illidan,1943,evoker,devastation,129,66,63
Dzrn,moon-guard,1943,evoker,devastation,102,52,50
Wazgon,emerald-dream,1940,evoker,devastation,194,94,100
Rothvoker,tichondrius,1934,evoker,devastation,80,46,34
Arzaria,stormrage,1904,evoker,devastation,120,69,51
Ayavi,illidan,1890,evoker,devastation,96,61,35
Ocdgamer,malganis,1889,evoker,devastation,55,27,28
Juicyjom,staghelm,1886,evoker,devastation,48,25,23
Draxarys,tichondrius,1876,evoker,devastation,164,81,83
Azazél,borean-tundra,1872,evoker,devastation,83,50,33
Saryuja,thunderhorn,1860,evoker,devastation,46,31,15
Bugberry,illidan,1854,evoker,devastation,96,51,45
Fores,tichondrius,1852,evoker,devastation,122,63,59
Wheezee,emerald-dream,1850,evoker,devastation,46,25,21
Lizzimcguire,zuljin,1827,evoker,devastation,42,27,15
Venarys,dalaran,1826,evoker,devastation,42,30,12
Raxdragon,sargeras,1826,evoker,devastation,36,22,14
Anachronormu,mannoroth,1826,evoker,devastation,71,40,31
Thrawn,arygos,1825,evoker,devastation,53,33,20
Azradormu,zuljin,1823,evoker,devastation,85,37,48
Ethalem,thrall,1820,evoker,devastation,114,69,45
Drakori,azralon,1812,evoker,devastation,80,49,31
Drogu,kelthuzad,1810,evoker,devastation,30,19,11
Gojirastraza,stormrage,1810,evoker,devastation,53,32,21
Laneva,moon-guard,1809,evoker,devastation,122,82,40
Ragedizzle,twisting-nether,1808,evoker,devastation,91,49,42
Tazriak,tichondrius,1803,evoker,devastation,83,52,31
Fractalz,alterac-mountains,1800,evoker,devastation,169,92,77
Tatsurai,tichondrius,1799,evoker,devastation,37,20,17
Whilefalse,stormrage,1793,evoker,devastation,65,28,37
Draxarys,area-52,1785,evoker,devastation,173,87,86
Yrue,moon-guard,1779,evoker,devastation,36,19,17
Oldxdrake,sargeras,1777,evoker,devastation,120,62,58
Emiriss,thrall,1772,evoker,devastation,70,37,33
Nørbert,frostmourne,1769,evoker,devastation,48,29,19
Pykan,skullcrusher,1767,evoker,devastation,42,21,21
Dooklord,shuhalo,1763,evoker,devastation,54,24,30
Bigdrag,blackhand,1761,evoker,devastation,90,45,45
Eshen,ragnaros,1742,evoker,devastation,286,148,138
Plep,wyrmrest-accord,1741,evoker,devastation,39,22,17
Evokes,moon-guard,1732,evoker,devastation,48,22,26
Srb,chogall,1730,evoker,devastation,44,26,18
Garlicbreth,stormrage,1728,evoker,devastation,70,39,31
Geicovoker,tichondrius,1727,evoker,devastation,46,26,20
Thordak,drakkari,1722,evoker,devastation,54,30,24
Rescued,wyrmrest-accord,1718,evoker,devastation,36,22,14
Psynister,illidan,1711,evoker,devastation,108,48,60
Eszel,thunderlord,1700,evoker,devastation,154,84,70
Rðsè,tichondrius,1697,evoker,devastation,114,56,58
Ævoker,tichondrius,1696,evoker,devastation,76,41,35
Jase,gilneas,1691,evoker,devastation,74,45,29
Krúnsh,ragnaros,1687,evoker,devastation,125,66,59
Betasoldier,kelthuzad,1684,evoker,devastation,42,29,13
Catvoker,area-52,1678,evoker,devastation,114,58,56
Meltharian,frostmourne,1678,evoker,devastation,56,26,30
Dwagonwage,zuljin,1672,evoker,devastation,54,25,29
Shoestrings,tichondrius,1672,evoker,devastation,60,27,33
Fizzlevoker,malganis,1670,evoker,devastation,48,23,25
Puf,magtheridon,1668,evoker,devastation,135,75,60
Caelïn,malganis,1664,evoker,devastation,90,50,40
Eastwubz,norgannon,1664,evoker,devastation,36,19,17
Zenithria,thrall,1662,evoker,devastation,65,36,29
Balrôg,malganis,1660,evoker,devastation,57,27,30
Wingdeadly,tichondrius,1650,evoker,devastation,66,35,31
Beatdownbill,sargeras,1647,evoker,devastation,75,35,40
Nunez,frostmourne,1644,evoker,devastation,29,18,11
Blackdragôn,stormrage,1641,evoker,devastation,43,22,21
Izzythelizzy,tichondrius,1629,evoker,devastation,102,55,47
Arkeryte,moon-guard,1629,evoker,devastation,96,49,47
Ðeepßreath,sargeras,1625,evoker,devastation,48,24,24
Scaleychad,zuljin,1621,evoker,devastation,47,22,25
Theredmenace,barthilas,1618,evoker,devastation,30,20,10
Shalander,proudmoore,1615,evoker,devastation,102,57,45
Evòker,tichondrius,1610,evoker,devastation,48,25,23
Flysokan,tichondrius,1604,evoker,devastation,48,25,23
Akajills,tichondrius,1603,evoker,devastation,94,54,40
Dubskis,area-52,1603,evoker,devastation,122,63,59
Jereico,stonemaul,1603,evoker,devastation,78,39,39
Mfquietus,illidan,1598,evoker,devastation,48,25,23
Bombs,shattered-hand,1594,evoker,devastation,126,66,60
Juicylizard,stormrage,1594,evoker,devastation,111,54,57
Bryágh,wyrmrest-accord,1589,evoker,devastation,135,73,62
Chànge,lothar,1587,evoker,devastation,41,23,18
Juooun,tichondrius,1583,evoker,devastation,71,31,40
Aarax,tichondrius,1570,evoker,devastation,89,45,44
Polyrhythmic,ysera,1567,evoker,devastation,55,28,27
Narissian,wyrmrest-accord,1566,evoker,devastation,68,39,29
Rá,drenden,1564,evoker,devastation,42,18,24
Linguistic,tichondrius,1558,evoker,devastation,36,20,16
Galrend,firetree,1556,evoker,devastation,72,39,33
Hotdragon,zuljin,1554,evoker,devastation,66,38,28
Imugee,sargeras,1549,evoker,devastation,36,19,17
Agheel,firetree,1543,evoker,devastation,44,23,21
Valthenax,frostmourne,1537,evoker,devastation,42,18,24
Hydrogenbomb,sargeras,1534,evoker,devastation,66,37,29
Lorb,icecrown,1533,evoker,devastation,120,65,55
Monkeydrake,tichondrius,1532,evoker,devastation,48,22,26
Hutaothighs,illidan,1525,evoker,devastation,36,16,20
Haramcad,tichondrius,1523,evoker,devastation,75,40,35
Bréáth,tichondrius,1520,evoker,devastation,30,21,9
Sintholo,sargeras,1515,evoker,devastation,62,30,32
Gôdzevoker,area-52,1507,evoker,devastation,30,16,14
Jurokiel,sargeras,1504,evoker,devastation,69,42,27
Xplode,area-52,1504,evoker,devastation,176,89,87
Galakrønd,illidan,1503,evoker,devastation,47,24,23
Tezzyl,kiljaeden,1498,evoker,devastation,30,16,14
Voithyr,moon-guard,1490,evoker,devastation,24,16,8
Tinine,frostmourne,1485,evoker,devastation,36,21,15
Zalzin,agamaggan,1480,evoker,devastation,69,37,32
Eternabeam,gilneas,1478,evoker,devastation,35,16,19
Dragonvore,moon-guard,1475,evoker,devastation,23,17,6
Xhaal,tichondrius,1466,evoker,devastation,108,47,61
Ùwüdragon,tichondrius,1465,evoker,devastation,64,43,21
Dekux,elune,1459,evoker,devastation,36,16,20
Mindme,tichondrius,1452,evoker,devastation,23,16,7
Bellerion,proudmoore,1450,evoker,devastation,48,22,26
Bvo,stormrage,1449,evoker,devastation,59,35,24
Xaeradroz,area-52,1448,evoker,devastation,48,25,23
Midi,boulderfist,1446,evoker,devastation,42,21,21
Lilfootmommy,emerald-dream,1446,evoker,devastation,36,16,20
Quadarius,tichondrius,1443,evoker,devastation,93,48,45
Peef,tichondrius,1439,evoker,devastation,24,15,9
Toastragosa,cenarius,1437,evoker,devastation,143,64,79
Thechadwasgr,bleeding-hollow,1434,evoker,devastation,48,26,22
Devonstation,zuljin,1429,evoker,devastation,42,24,18
Envisioned,kelthuzad,1426,evoker,devastation,30,17,13
Dragonbic,illidan,1423,evoker,devastation,36,16,20
Karox,moon-guard,1418,evoker,devastation,30,15,15
Trenash,illidan,1418,evoker,devastation,76,32,44
Dillss,tichondrius,1406,evoker,devastation,36,17,19
Firkrag,bleeding-hollow,1402,evoker,devastation,60,28,32
Valkalas,moon-guard,1400,evoker,devastation,63,30,33
Bumbledragn,moon-guard,1398,evoker,devastation,83,42,41
Veserion,azralon,1396,evoker,devastation,78,44,34
Tyrvin,kiljaeden,1396,evoker,devastation,51,25,26
Itwasntthis,tichondrius,1394,evoker,devastation,57,33,24
Blittlle,bleeding-hollow,1391,evoker,devastation,66,39,27
Frequevoker,tichondrius,1390,evoker,devastation,35,15,20
Grapthar,korgath,1389,evoker,devastation,66,34,32
Sylnathaire,wyrmrest-accord,1387,evoker,devastation,48,24,24
Devdjinn,tichondrius,1374,evoker,devastation,76,38,38
Curtis,shadowmoon,1371,evoker,devastation,28,17,11
Drakoris,malganis,1365,evoker,devastation,93,50,43
Aoxila,proudmoore,1365,evoker,devastation,96,42,54
Rodgoesinya,blackrock,1362,evoker,devastation,42,23,19
Navaji,tichondrius,1362,evoker,devastation,55,30,25
Zayllaerth,illidan,1360,evoker,devastation,82,42,40
Thendroz,moon-guard,1357,evoker,devastation,30,18,12
Grendalevo,tichondrius,1357,evoker,devastation,57,28,29
Kêristrasza,wyrmrest-accord,1352,evoker,devastation,54,27,27
Mmrglmrglmr,stormrage,1345,evoker,devastation,23,15,8
Monyz,emerald-dream,1342,evoker,devastation,34,26,8
Brounno,area-52,1342,evoker,devastation,52,33,19
Seldantria,dalaran,1342,evoker,devastation,24,14,10
Nazanazar,wyrmrest-accord,1341,evoker,devastation,30,16,14
Marccuss,bleeding-hollow,1339,evoker,devastation,18,14,4
Airgordan,area-52,1339,evoker,devastation,33,15,18
Yuukee,thrall,1338,evoker,devastation,43,23,20
Blowmiê,area-52,1334,evoker,devastation,24,14,10
Epollyon,sargeras,1328,evoker,devastation,24,14,10
Tealetaz,area-52,1320,evoker,devastation,31,18,13
Talanoth,skullcrusher,1320,evoker,devastation,36,19,17
Drachenatem,skywall,1319,evoker,devastation,24,14,10
Emikothyr,thrall,1319,evoker,devastation,74,41,33
Skykeeper,quelthalas,1300,evoker,devastation,112,58,54
Vahaerys,stormrage,1296,evoker,devastation,48,21,27
Vokeero,ysera,1284,evoker,devastation,72,36,36
Mønster,zuljin,1279,evoker,devastation,91,43,48
Sylverion,thrall,1277,evoker,devastation,70,35,35
Golden,area-52,1274,evoker,devastation,28,14,14
Wrecketz,tichondrius,1266,evoker,devastation,47,26,21
Dragnmÿballs,blackrock,1263,evoker,devastation,23,14,9
Evokjoe,tortheldrin,1261,evoker,devastation,48,23,25
Sindraxx,stormrage,1255,evoker,devastation,30,17,13
Evooern,frostmourne,1248,evoker,devastation,48,23,25
Ezgamedeez,tichondrius,1247,evoker,devastation,24,13,11
Æthyr,anubarak,1246,evoker,devastation,18,13,5
Marknormand,area-52,1246,evoker,devastation,24,13,11
Shanegillis,emerald-dream,1244,evoker,devastation,18,13,5
Rotscale,proudmoore,1243,evoker,devastation,24,13,11
Nazaral,mannoroth,1241,evoker,devastation,24,13,11
Dracfire,saurfang,1239,evoker,devastation,24,13,11
Valyrik,illidan,1239,evoker,devastation,54,22,32
Longxx,dalaran,1235,evoker,devastation,24,13,11
Galakraas,proudmoore,1235,evoker,devastation,69,31,38
Dingermun,bleeding-hollow,1221,evoker,devastation,19,14,5
Valakaztower,area-52,1214,evoker,devastation,24,13,11
Jabbawockeëz,drakkari,1209,evoker,devastation,70,34,36
Rinstraza,thrall,1204,evoker,devastation,29,13,16
Raghnard,illidan,1202,evoker,devastation,34,16,18
Layothyr,stormrage,1201,evoker,devastation,24,14,10
Shamblewing,arthas,1199,evoker,devastation,29,13,16
Midyr,nemesis,1193,evoker,devastation,18,14,4
Dragoceleste,ragnaros,1190,evoker,devastation,36,19,17
Kaikisen,malganis,1178,evoker,devastation,41,19,22
Teritwo,stormrage,1166,evoker,devastation,28,13,15
Dragneel,wyrmrest-accord,1161,evoker,devastation,33,13,20
Midnights,scarlet-crusade,1153,evoker,devastation,30,18,12
Crappysmellz,tichondrius,1152,evoker,devastation,18,12,6
Hmong,proudmoore,1151,evoker,devastation,30,12,18
Mushugon,wyrmrest-accord,1150,evoker,devastation,18,12,6
Tekath,altar-of-storms,1150,evoker,devastation,25,13,12
Rengöku,skullcrusher,1148,evoker,devastation,24,12,12
Zona,moon-guard,1147,evoker,devastation,24,12,12
Aentharion,argent-dawn,1147,evoker,devastation,24,12,12
Xhamon,quelthalas,1147,evoker,devastation,28,13,15
Azorian,vashj,1146,evoker,devastation,24,13,11
Drozul,stormrage,1145,evoker,devastation,30,12,18
Unseenzblack,tichondrius,1141,evoker,devastation,18,12,6
Zippityzoom,barthilas,1139,evoker,devastation,36,15,21
Dinnkyion,dalaran,1138,evoker,devastation,24,12,12
Puffthemagiq,mugthol,1137,evoker,devastation,24,12,12
Dragonbranch,area-52,1133,evoker,devastation,24,12,12
Asham,azralon,1131,evoker,devastation,48,28,20
Yiserion,sargeras,1114,evoker,devastation,30,15,15
Zitasanazen,tichondrius,1107,evoker,devastation,64,25,39
Draconicus,bonechewer,1106,evoker,devastation,44,17,27
Madelines,tichondrius,1097,evoker,devastation,24,13,11
Trenot,draenor,1096,evoker,devastation,24,12,12
Zhannecgos,moon-guard,1087,evoker,devastation,28,12,16
Eshaybruh,barthilas,1083,evoker,devastation,22,12,10
Prevocker,sargeras,1082,evoker,devastation,26,12,14
Byäkuyá,azralon,1077,evoker,devastation,30,15,15
Ericzdra,tichondrius,1069,evoker,devastation,19,12,7
Aktas,illidan,1063,evoker,devastation,28,12,16
Yousurper,thunderlord,1058,evoker,devastation,24,13,11
Dracomalfoyy,caelestrasz,1056,evoker,devastation,15,12,3
Shwaydbz,zuljin,1056,evoker,devastation,18,11,7
Endoveire,tichondrius,1055,evoker,devastation,18,11,7
Xxkimura,tichondrius,1055,evoker,devastation,18,11,7
Hydroponicsz,bloodscalp,1055,evoker,devastation,24,11,13
Kubus,emerald-dream,1054,evoker,devastation,18,11,7
Climax,stormrage,1054,evoker,devastation,24,11,13
Tagzy,tichondrius,1050,evoker,devastation,18,11,7
Phlegython,eredar,1050,evoker,devastation,24,11,13
Eìdolon,sargeras,1049,evoker,devastation,18,11,7
Howtew,jubeithos,1048,evoker,devastation,18,11,7
Kjerne,stormrage,1046,evoker,devastation,18,11,7
Sübjugador,azralon,1042,evoker,devastation,30,20,10
Valentis,bleeding-hollow,1041,evoker,devastation,24,11,13
Visron,stormrage,1039,evoker,devastation,41,25,16
Drögón,stormrage,1038,evoker,devastation,24,16,8
Drogan,demon-soul,1037,evoker,devastation,30,14,16
Aydetal,eonar,1037,evoker,devastation,30,11,19
Herikas,tichondrius,1028,evoker,devastation,60,32,28
Crymor,lethon,1019,evoker,devastation,24,12,12
Warhammerxx,tichondrius,1017,evoker,devastation,36,13,23
Zenasatral,sargeras,1007,evoker,devastation,17,11,6
Culture,khazgoroth,1006,evoker,devastation,15,11,4
Dragongrim,silvermoon,986,evoker,devastation,30,14,16
Kazrekan,moon-guard,960,evoker,devastation,18,10,8
Cmiygl,proudmoore,959,evoker,devastation,12,10,2
Xeerus,stormreaver,959,evoker,devastation,18,10,8
Spicyrooster,area-52,959,evoker,devastation,18,10,8
Runescape,altar-of-storms,959,evoker,devastation,24,10,14
Dragocser,drakkari,957,evoker,devastation,18,10,8
Hochenblume,proudmoore,957,evoker,devastation,24,10,14
Embarasi,moon-guard,956,evoker,devastation,24,10,14
Sinepbreath,bleeding-hollow,954,evoker,devastation,18,10,8
Stolesom,emerald-dream,952,evoker,devastation,38,17,21
Erling,duskwood,952,evoker,devastation,24,10,14
Wizadsa,amanthul,951,evoker,devastation,12,10,2
Loganvkr,illidan,950,evoker,devastation,18,10,8
Fìg,wyrmrest-accord,948,evoker,devastation,18,10,8
Jorlozthyr,ragnaros,948,evoker,devastation,24,10,14
Escanorr,ghostlands,936,evoker,devastation,20,11,9
Abaddragon,dalaran,926,evoker,devastation,23,10,13
Salakhar,drakkari,924,evoker,devastation,14,11,3
Alnuin,stormrage,918,evoker,devastation,72,25,47
Drahconne,illidan,912,evoker,devastation,23,10,13
Zyzzy,icecrown,910,evoker,devastation,15,10,5
Ciana,black-dragonflight,902,evoker,devastation,38,19,19
Áspect,aegwynn,864,evoker,devastation,12,9,3
Oracle,duskwood,864,evoker,devastation,12,9,3
Gobananas,sargeras,864,evoker,devastation,12,9,3
Kiserys,suramar,864,evoker,devastation,12,9,3
Puffthemagic,lightnings-blade,864,evoker,devastation,18,9,9
Todorøki,hyjal,864,evoker,devastation,18,9,9
Dracaryz,blackhand,864,evoker,devastation,18,9,9
Siatrend,moon-guard,863,evoker,devastation,18,9,9
Flapples,stormrage,863,evoker,devastation,18,9,9
Nxnevo,tichondrius,863,evoker,devastation,18,9,9
Misik,frostwolf,863,evoker,devastation,18,9,9
Thyatera,ragnaros,863,evoker,devastation,18,9,9
Teanie,tichondrius,861,evoker,devastation,18,9,9
Nasath,arthas,861,evoker,devastation,18,9,9
Keedrori,thrall,859,evoker,devastation,19,9,10
Aelvina,moon-guard,857,evoker,devastation,24,9,15
Furyíon,stormrage,855,evoker,devastation,12,9,3
Tïtäm,area-52,846,evoker,devastation,17,9,8
Rasec,moon-guard,843,evoker,devastation,20,9,11
Zandrov,greymane,814,evoker,devastation,15,9,6
Dvrk,frostmourne,812,evoker,devastation,17,9,8
Algonir,wyrmrest-accord,768,evoker,devastation,12,8,4
Zeetash,illidan,768,evoker,devastation,12,8,4
Dragonfarts,frostmourne,768,evoker,devastation,12,8,4
Drsgme,dentarg,768,evoker,devastation,18,8,10
Royquaza,illidan,768,evoker,devastation,18,8,10
Crosis,azralon,768,evoker,devastation,18,8,10
Bently,bloodhoof,768,evoker,devastation,18,8,10
Vokezuì,sargeras,768,evoker,devastation,24,8,16
Pewpowdragon,malganis,767,evoker,devastation,12,8,4
Youdig,nazjatar,767,evoker,devastation,12,8,4
Dragontales,stormrage,767,evoker,devastation,12,8,4
Vermax,akama,767,evoker,devastation,18,8,10
Kozara,trollbane,767,evoker,devastation,18,8,10
Malygoz,frostmourne,767,evoker,devastation,18,8,10
Jiminsgf,tichondrius,766,evoker,devastation,12,8,4
Dawitchvoker,illidan,766,evoker,devastation,18,8,10
Zlandicaar,area-52,766,evoker,devastation,18,8,10
Aaztra,whisperwind,765,evoker,devastation,12,8,4
Archion,azgalor,764,evoker,devastation,24,8,16
Redeyés,area-52,761,evoker,devastation,12,8,4
Seletgos,quelthalas,761,evoker,devastation,24,8,16
Detraa,illidan,754,evoker,devastation,12,8,4
Kyloflight,thrall,736,evoker,devastation,10,9,1
Onornun,magtheridon,718,evoker,devastation,17,8,9
Zhyrouvion,stormrage,699,evoker,devastation,17,8,9
Dragonherb,zuljin,672,evoker,devastation,12,7,5
Serathrine,smolderthorn,672,evoker,devastation,12,7,5
Koralia,wyrmrest-accord,672,evoker,devastation,12,7,5
Dudeofdragon,illidan,672,evoker,devastation,12,7,5
Lacadabeef,tichondrius,672,evoker,devastation,12,7,5
Vokr,area-52,672,evoker,devastation,12,7,5
Écaille,dalaran,672,evoker,devastation,15,8,7
Komodolong,tichondrius,672,evoker,devastation,16,8,8
Strepo,proudmoore,672,evoker,devastation,18,7,11
Amlug,illidan,672,evoker,devastation,18,7,11
Mcglizzy,stormrage,672,evoker,devastation,18,7,11
Razistzegrlz,illidan,672,evoker,devastation,24,7,17
Kinto,stormrage,672,evoker,devastation,24,7,17
Mayhemvoker,rexxar,671,evoker,devastation,12,7,5
Vexosza,moon-guard,671,evoker,devastation,12,7,5
Dragontrees,illidan,671,evoker,devastation,12,7,5
Gôdswrath,tichondrius,671,evoker,devastation,12,7,5
Glaurungr,ragnaros,671,evoker,devastation,12,7,5
Whiegrath,azralon,671,evoker,devastation,12,7,5
Xeretas,bleeding-hollow,671,evoker,devastation,12,7,5
Krokuzan,ragnaros,671,evoker,devastation,12,7,5
Favoredson,area-52,671,evoker,devastation,12,7,5
Karaxes,gorefiend,671,evoker,devastation,18,7,11
Beastlysoul,tichondrius,670,evoker,devastation,12,7,5
Setchagos,emerald-dream,670,evoker,devastation,12,7,5
Nikeze,kiljaeden,670,evoker,devastation,18,7,11
Loginplease,frostmourne,670,evoker,devastation,18,7,11
Lamperr,illidan,670,evoker,devastation,54,10,44
Sleepeasy,blackrock,667,evoker,devastation,18,7,11
Evilsquirel,area-52,666,evoker,devastation,12,7,5
Popgoesurmom,tichondrius,662,evoker,devastation,12,7,5
Rikfreedom,ragnaros,661,evoker,devastation,12,7,5
Littleripper,tichondrius,658,evoker,devastation,12,7,5
Drahkoo,azralon,623,evoker,devastation,15,7,8
Neofarian,lightbringer,607,evoker,devastation,8,7,1
Sidrasza,norgannon,607,evoker,devastation,16,7,9
Coltist,elune,576,evoker,devastation,6,6,0
Dovå,moon-guard,576,evoker,devastation,6,6,0
Fuecoco,proudmoore,576,evoker,devastation,6,6,0
Yellowker,thrall,576,evoker,devastation,6,6,0
Orncen,emerald-dream,576,evoker,devastation,10,7,3
Xm,emerald-dream,576,evoker,devastation,12,6,6
Dragønbørne,blackrock,576,evoker,devastation,12,6,6
Iamtrash,daggerspine,576,evoker,devastation,12,6,6
Zoomi,whisperwind,576,evoker,devastation,12,6,6
Neith,aerie-peak,576,evoker,devastation,12,6,6
Bigbadfred,tichondrius,576,evoker,devastation,12,6,6
Dimatis,ragnaros,576,evoker,devastation,12,6,6
Uncleìroh,tichondrius,576,evoker,devastation,12,6,6
Brakkarion,wyrmrest-accord,576,evoker,devastation,12,6,6
Glizard,firetree,576,evoker,devastation,12,6,6
Comepancito,quelthalas,576,evoker,devastation,12,6,6
Dracthyrius,thunderlord,576,evoker,devastation,12,6,6
Dafiya,thrall,576,evoker,devastation,12,6,6
Lardicønn,thrall,576,evoker,devastation,12,6,6
Bhanethyr,illidan,576,evoker,devastation,18,6,12
Krashbandico,zangarmarsh,576,evoker,devastation,18,6,12
Paean,moon-guard,575,evoker,devastation,6,6,0
Azuria,lothar,575,evoker,devastation,6,6,0
Avastri,moon-guard,575,evoker,devastation,12,6,6
Avithori,borean-tundra,575,evoker,devastation,12,6,6
Lòrdope,illidan,575,evoker,devastation,12,6,6
Rykuvokr,azuremyst,575,evoker,devastation,12,6,6
Evoqz,stormrage,575,evoker,devastation,12,6,6
Børedom,burning-legion,575,evoker,devastation,12,6,6
Dragonpete,whisperwind,574,evoker,devastation,12,6,6
Vermáx,caelestrasz,574,evoker,devastation,12,6,6
Snowdragon,azralon,574,evoker,devastation,12,6,6
Acnøløgia,azralon,574,evoker,devastation,18,6,12
Carloxd,tichondrius,574,evoker,devastation,24,6,18
Noodleslut,stormrage,573,evoker,devastation,12,6,6
Syndue,malganis,573,evoker,devastation,12,6,6
Azuril,wyrmrest-accord,572,evoker,devastation,12,6,6
Lightaurae,thunderlord,556,evoker,devastation,30,6,24
Blazor,sisters-of-elune,542,evoker,devastation,11,6,5
Dragonbreaf,emerald-dream,527,evoker,devastation,11,6,5
Alekoslol,area-52,522,evoker,devastation,16,8,8
Lexgrossman,kelthuzad,495,evoker,devastation,19,6,13
Zartolas,moon-guard,495,evoker,devastation,21,6,15
Khalt,quelthalas,480,evoker,devastation,6,5,1
Vaelikai,korgath,480,evoker,devastation,6,5,1
Kharibdis,kul-tiras,480,evoker,devastation,6,5,1
Evokez,barthilas,480,evoker,devastation,6,5,1
Iantern,dalaran,480,evoker,devastation,6,5,1
Elurb,illidan,480,evoker,devastation,6,5,1
Gangbânk,tichondrius,480,evoker,devastation,6,5,1
Drakedrift,malganis,480,evoker,devastation,6,5,1
Taeloc,frostmourne,480,evoker,devastation,12,5,7
Stælthßømbèr,baelgun,480,evoker,devastation,12,5,7
Kheeleesi,illidan,480,evoker,devastation,12,5,7
Bhalaria,ragnaros,480,evoker,devastation,12,5,7
Deezdragon,stormrage,480,evoker,devastation,12,5,7
Purplerocket,illidan,480,evoker,devastation,12,5,7
Trillvoker,illidan,480,evoker,devastation,12,5,7
Ackresh,executus,480,evoker,devastation,12,5,7
Meleyx,saurfang,480,evoker,devastation,12,5,7
Zendrov,skywall,480,evoker,devastation,12,5,7
Bazelgos,moon-guard,480,evoker,devastation,12,5,7
Dhcb,tichondrius,480,evoker,devastation,12,5,7
Asatrat,greymane,480,evoker,devastation,12,5,7
Raygos,nemesis,480,evoker,devastation,12,5,7
Draehgor,hyjal,480,evoker,devastation,12,5,7
Darkscale,haomarush,480,evoker,devastation,12,5,7
Ryhu,sargeras,480,evoker,devastation,12,5,7
Kinndyvoker,sargeras,480,evoker,devastation,12,5,7
Glideoure,stonemaul,480,evoker,devastation,18,5,13
Kozukimomo,area-52,480,evoker,devastation,18,5,13
Emsli,moon-guard,479,evoker,devastation,6,5,1
Lorathyr,lothar,479,evoker,devastation,12,5,7
Historius,proudmoore,479,evoker,devastation,12,5,7
Dedderion,zuljin,479,evoker,devastation,12,5,7
Scalesun,azralon,479,evoker,devastation,12,5,7
Drakonyx,mugthol,479,evoker,devastation,18,5,13
Nathrach,wyrmrest-accord,477,evoker,devastation,6,5,1
Sandrov,kaelthas,477,evoker,devastation,12,5,7
Arath,zangarmarsh,473,evoker,devastation,12,5,7
Pouncer,proudmoore,473,evoker,devastation,14,5,9
Durijus,tichondrius,426,evoker,devastation,17,7,10
Kosstro,thunderlord,398,evoker,devastation,10,5,5
Dailon,stormreaver,384,evoker,devastation,6,4,2
Shenròn,kelthuzad,384,evoker,devastation,6,4,2
Jenovi,tichondrius,384,evoker,devastation,6,4,2
Vhagarius,tichondrius,384,evoker,devastation,6,4,2
Docevoker,tichondrius,384,evoker,devastation,6,4,2
Nysian,wyrmrest-accord,384,evoker,devastation,6,4,2
Qfyre,frostmourne,384,evoker,devastation,6,4,2
Growthyy,malganis,384,evoker,devastation,6,4,2
Whinks,zangarmarsh,384,evoker,devastation,6,4,2
Jgdragon,sargeras,384,evoker,devastation,6,4,2
Dragonsbgay,stormrage,384,evoker,devastation,6,4,2
Bodytypetwo,area-52,384,evoker,devastation,6,4,2
Machaflux,winterhoof,384,evoker,devastation,6,4,2
Seaserpent,kelthuzad,384,evoker,devastation,6,4,2
Tërminus,quelthalas,384,evoker,devastation,6,4,2
Lizardgodtko,tichondrius,384,evoker,devastation,6,4,2
Mushú,archimonde,384,evoker,devastation,6,4,2
Muppetgronk,frostmourne,384,evoker,devastation,6,4,2
Atraxian,tichondrius,384,evoker,devastation,6,4,2
Bmbo,illidan,384,evoker,devastation,6,4,2
Deathraux,tichondrius,384,evoker,devastation,6,4,2
Raikori,ragnaros,384,evoker,devastation,6,4,2
Draisin,zuljin,384,evoker,devastation,6,4,2
Biscotti,illidan,384,evoker,devastation,6,4,2
Zervis,arthas,384,evoker,devastation,6,4,2
Dovàhkin,moon-guard,384,evoker,devastation,6,4,2
Kaidoxuchihv,ragnaros,384,evoker,devastation,6,4,2
Dukä,dalaran,384,evoker,devastation,9,5,4
Dragonballer,trollbane,384,evoker,devastation,12,4,8
Idiotlizard,stormrage,384,evoker,devastation,12,4,8
Thnake,zuljin,384,evoker,devastation,12,4,8
Butta,darkspear,384,evoker,devastation,12,4,8
Tinà,tichondrius,384,evoker,devastation,12,4,8
Dragostephen,nazjatar,384,evoker,devastation,12,4,8
Rizzlordx,bleeding-hollow,384,evoker,devastation,12,4,8
Phatë,nerzhul,384,evoker,devastation,12,4,8
Lukamagik,boulderfist,384,evoker,devastation,12,4,8
Taylordra,tichondrius,384,evoker,devastation,12,4,8
Smacktoch,sargeras,384,evoker,devastation,12,4,8
Kendrac,wyrmrest-accord,384,evoker,devastation,12,4,8
Slitherin,dalaran,384,evoker,devastation,12,4,8
Alligatorz,sargeras,384,evoker,devastation,12,4,8
Munichho,spirestone,384,evoker,devastation,18,4,14
Dinossauro,stormrage,383,evoker,devastation,6,4,2
Nathx,drakkari,383,evoker,devastation,6,4,2
Paycussy,sargeras,383,evoker,devastation,6,4,2
Rysonda,tichondrius,383,evoker,devastation,6,4,2
Pläid,azuremyst,383,evoker,devastation,6,4,2
Mmanigoldo,quelthalas,383,evoker,devastation,12,4,8
Bagelsaurus,tichondrius,383,evoker,devastation,12,4,8
Ezath,zuljin,383,evoker,devastation,12,4,8
Dragkon,azuremyst,383,evoker,devastation,16,5,11
Toephotos,tichondrius,367,evoker,devastation,11,4,7
Pyrepapi,thrall,352,evoker,devastation,10,4,6
Serazenoth,area-52,336,evoker,devastation,9,4,5
Acindor,stormrage,335,evoker,devastation,11,4,7
Carrnedge,area-52,319,evoker,devastation,5,4,1
Inferna,ysera,288,evoker,devastation,6,3,3
Oatmealneil,bleeding-hollow,288,evoker,devastation,6,3,3
Axiomoixa,tichondrius,288,evoker,devastation,6,3,3
Dreamfyrexi,thrall,288,evoker,devastation,6,3,3
Aegontargary,azralon,288,evoker,devastation,6,3,3
Zorashal,kiljaeden,288,evoker,devastation,6,3,3
Avasd,area-52,288,evoker,devastation,6,3,3
Nuttutted,emerald-dream,288,evoker,devastation,6,3,3
Lamdyn,wyrmrest-accord,288,evoker,devastation,6,3,3
Saintpablox,illidan,288,evoker,devastation,6,3,3
Skeye,malganis,288,evoker,devastation,6,3,3
Galakrond,black-dragonflight,288,evoker,devastation,6,3,3
Vallath,zuljin,288,evoker,devastation,6,3,3
Baddrake,moon-guard,288,evoker,devastation,6,3,3
Dragonstonks,moon-guard,288,evoker,devastation,6,3,3
Scyyterr,azralon,288,evoker,devastation,6,3,3
Drakhaz,azralon,288,evoker,devastation,6,3,3
Acnølogia,stormrage,288,evoker,devastation,6,3,3
Nethenezoth,auchindoun,288,evoker,devastation,6,3,3
Hemipenes,tichondrius,288,evoker,devastation,6,3,3
Madjeckyl,dalaran,288,evoker,devastation,6,3,3
Shennron,darkspear,288,evoker,devastation,6,3,3
Êsh,lightbringer,288,evoker,devastation,6,3,3
Platypus,tichondrius,288,evoker,devastation,6,3,3
Yousmokemids,frostwolf,288,evoker,devastation,6,3,3
Kettor,kelthuzad,288,evoker,devastation,6,3,3
Drgua,tichondrius,288,evoker,devastation,6,3,3
Chun,malganis,288,evoker,devastation,6,3,3
Nathenezital,frostmourne,288,evoker,devastation,6,3,3
Aomend,stormrage,288,evoker,devastation,6,3,3
Hausebat,aegwynn,288,evoker,devastation,6,3,3
Granolajin,ragnaros,288,evoker,devastation,6,3,3
Kulrainor,drakkari,288,evoker,devastation,6,3,3
Rhÿu,quelthalas,288,evoker,devastation,6,3,3
Deewey,sargeras,288,evoker,devastation,6,3,3
Viverion,dalaran,288,evoker,devastation,10,4,6
Taegon,area-52,288,evoker,devastation,10,4,6
Talonsong,wyrmrest-accord,288,evoker,devastation,12,3,9
Healmeta,sargeras,288,evoker,devastation,12,3,9
Ashenoth,antonidas,288,evoker,devastation,12,3,9
Rïvé,tichondrius,288,evoker,devastation,12,3,9
Enserio,stormrage,288,evoker,devastation,12,3,9
Fortwonty,thrall,287,evoker,devastation,6,3,3
Zeralzin,aerie-peak,287,evoker,devastation,6,3,3
Pzyko,ragnaros,287,evoker,devastation,6,3,3
Myvrth,windrunner,287,evoker,devastation,12,3,9
Kilnarx,uldaman,286,evoker,devastation,6,3,3
Ghorin,akama,240,evoker,devastation,9,3,6
Trrxx,tichondrius,224,evoker,devastation,10,3,7
Dixb,illidan,192,evoker,devastation,6,2,4
Vermithõr,ragnaros,192,evoker,devastation,6,2,4
Nyaraoorun,uther,192,evoker,devastation,6,2,4
Puffed,frostmourne,192,evoker,devastation,6,2,4
Saxthyr,stormreaver,192,evoker,devastation,6,2,4
Desdinova,tortheldrin,192,evoker,devastation,6,2,4
Tylexstranza,malganis,192,evoker,devastation,6,2,4
Lostplanet,drakkari,192,evoker,devastation,6,2,4
Kazervish,wyrmrest-accord,192,evoker,devastation,6,2,4
Slydawg,amanthul,192,evoker,devastation,6,2,4
Jwoker,malganis,192,evoker,devastation,6,2,4
Theyevokbuda,kelthuzad,192,evoker,devastation,6,2,4
Parachutes,kelthuzad,192,evoker,devastation,6,2,4
Dunkinonem,black-dragonflight,192,evoker,devastation,6,2,4
Doldorrii,terenas,192,evoker,devastation,6,2,4
Vikings,madoran,192,evoker,devastation,6,2,4
Wse,illidan,192,evoker,devastation,6,2,4
Draketyr,area-52,192,evoker,devastation,6,2,4
Dokthyr,lightbringer,192,evoker,devastation,6,2,4
Dragonsand,area-52,192,evoker,devastation,6,2,4
Daraz,tichondrius,192,evoker,devastation,6,2,4
Takhysis,frostmourne,192,evoker,devastation,6,2,4
Rebuk,area-52,192,evoker,devastation,6,2,4
Dragonsteppz,aegwynn,192,evoker,devastation,6,2,4
Darazen,scarlet-crusade,192,evoker,devastation,6,2,4
Mtndewboy,illidan,192,evoker,devastation,6,2,4
Chriszilla,tichondrius,192,evoker,devastation,6,2,4
Atreign,blackwing-lair,192,evoker,devastation,6,2,4
Nitalash,moon-guard,192,evoker,devastation,6,2,4
Selocky,bleeding-hollow,192,evoker,devastation,6,2,4
Faahrad,azralon,192,evoker,devastation,6,2,4
Aralzit,tichondrius,192,evoker,devastation,6,2,4
Noxidian,moon-guard,192,evoker,devastation,6,2,4
Racovoker,zuljin,192,evoker,devastation,6,2,4
Yalena,illidan,192,evoker,devastation,6,2,4
Ilithiphobia,ghostlands,192,evoker,devastation,6,2,4
Mattykanish,illidan,192,evoker,devastation,6,2,4
Genderboy,tichondrius,192,evoker,devastation,6,2,4
Acade,tichondrius,192,evoker,devastation,6,2,4
Lightbeing,nazjatar,192,evoker,devastation,6,2,4
Magnito,thorium-brotherhood,192,evoker,devastation,6,2,4
Paindragon,tol-barad,192,evoker,devastation,6,2,4
Dragonair,spinebreaker,192,evoker,devastation,6,2,4
Analogies,stormrage,192,evoker,devastation,6,2,4
Actïoncat,emerald-dream,192,evoker,devastation,6,2,4
Ytq,tichondrius,192,evoker,devastation,6,2,4
Grawlix,stormreaver,192,evoker,devastation,6,2,4
Tasdaral,tichondrius,192,evoker,devastation,6,2,4
Kímbah,emerald-dream,192,evoker,devastation,6,2,4
Daemon,terokkar,192,evoker,devastation,6,2,4
Cyromancerr,illidan,192,evoker,devastation,8,2,6
Dracalis,thrall,191,evoker,devastation,6,2,4
Fearmybreath,stormrage,179,evoker,devastation,16,5,11
Goongdi,tichondrius,159,evoker,devastation,5,2,3
Batwig,tichondrius,159,evoker,devastation,5,2,3
Tevvez,moon-guard,159,evoker,devastation,5,2,3
Zzae,tichondrius,144,evoker,devastation,9,2,7
Deathflamee,emerald-dream,138,evoker,devastation,12,3,9
Booniejimbob,illidan,128,evoker,devastation,4,2,2
Eleechee,magtheridon,128,evoker,devastation,4,2,2
Vïtmercon,frostmourne,128,evoker,devastation,4,2,2
Shunkagosa,frostmourne,128,evoker,devastation,4,2,2
Vormontis,azralon,112,evoker,devastation,7,2,5
Tugmapvpean,kelthuzad,96,evoker,devastation,3,2,1
Gavstarz,frostmourne,96,evoker,devastation,3,2,1
Grafixx,sargeras,96,evoker,devastation,3,2,1
Terraxkhan,quelthalas,96,evoker,devastation,6,1,5
Erathiss,wyrmrest-accord,96,evoker,devastation,6,1,5
Yongyang,tichondrius,96,evoker,devastation,6,1,5
Fígment,tichondrius,96,evoker,devastation,6,1,5
Gamerwords,barthilas,96,evoker,devastation,6,1,5
Asui,senjin,96,evoker,devastation,6,1,5
Cuarta,drakkari,96,evoker,devastation,6,1,5
Warchad,stormrage,96,evoker,devastation,6,1,5
Zealagon,ragnaros,96,evoker,devastation,6,1,5
Ackonstraza,frostmourne,96,evoker,devastation,6,1,5
Shintrax,ragnaros,96,evoker,devastation,6,1,5
Ojigi,sargeras,96,evoker,devastation,6,1,5
Squirtmcgoo,stormrage,96,evoker,devastation,6,1,5
Dracoi,illidan,96,evoker,devastation,6,1,5
Batterypowa,frostmourne,96,evoker,devastation,6,1,5
Modenzu,malganis,96,evoker,devastation,6,1,5
Ðrac,bleeding-hollow,96,evoker,devastation,6,1,5
Lucià,thrall,96,evoker,devastation,6,1,5
Drapybaras,bleeding-hollow,96,evoker,devastation,6,1,5
Ysondrius,durotan,96,evoker,devastation,12,1,11
Sørrøw,blades-edge,96,evoker,devastation,12,1,11
Carnosaur,lightbringer,96,evoker,devastation,12,1,11
Aratre,daggerspine,96,evoker,devastation,12,1,11
Zindrozarath,area-52,64,evoker,devastation,4,1,3
Cerevok,area-52,64,evoker,devastation,4,1,3
Nwo,shattered-hand,64,evoker,devastation,4,1,3
Charlestrasz,hyjal,42,evoker,devastation,11,3,8
Emoker,magtheridon,16,evoker,devastation,1,1,0
Remisha,emerald-dream,2136,hunter,marksmanship,82,44,38
Dobarantu,tichondrius,2024,hunter,marksmanship,86,45,41
Fuknhunter,kiljaeden,1980,hunter,marksmanship,95,51,44
Abolick,area-52,1965,hunter,marksmanship,108,55,53
Globalcake,illidan,1902,hunter,marksmanship,79,43,36
Rakan,spinebreaker,1884,hunter,marksmanship,54,33,21
Bøl,ragnaros,1882,hunter,marksmanship,30,20,10
Blackjesu,blackrock,1868,hunter,marksmanship,72,33,39
Renaître,tichondrius,1866,hunter,marksmanship,120,57,63
Iconvoked,sargeras,1865,hunter,marksmanship,112,61,51
Darkshady,tichondrius,1849,hunter,marksmanship,60,28,32
Hokutox,tichondrius,1848,hunter,marksmanship,56,26,30
Notnick,tichondrius,1833,hunter,marksmanship,72,34,38
Hâwkêyê,thrall,1827,hunter,marksmanship,48,22,26
Squawkers,sargeras,1824,hunter,marksmanship,42,28,14
Hrafn,illidan,1813,hunter,marksmanship,54,28,26
Bosshunter,tichondrius,1810,hunter,marksmanship,86,43,43
Nishinos,tichondrius,1808,hunter,marksmanship,183,88,95
Deutêr,quelthalas,1801,hunter,marksmanship,60,32,28
Colada,malganis,1781,hunter,marksmanship,66,31,35
Drasen,deathwing,1778,hunter,marksmanship,48,27,21
Undeadroach,tichondrius,1776,hunter,marksmanship,95,44,51
Hagadinn,frostmourne,1765,hunter,marksmanship,48,21,27
Boquiinha,stormrage,1730,hunter,marksmanship,84,42,42
Kristemis,thrall,1727,hunter,marksmanship,42,23,19
Alyywn,tichondrius,1717,hunter,marksmanship,88,41,47
Kkoduckk,tichondrius,1715,hunter,marksmanship,30,19,11
Dolcece,tichondrius,1713,hunter,marksmanship,48,24,24
Onemøreshot,bleeding-hollow,1701,hunter,marksmanship,42,26,16
Somethinggo,tichondrius,1698,hunter,marksmanship,71,40,31
Onemoreshot,bleeding-hollow,1697,hunter,marksmanship,80,38,42
Hmh,burning-legion,1678,hunter,marksmanship,101,53,48
Killatrap,malganis,1677,hunter,marksmanship,42,23,19
Preze,moon-guard,1674,hunter,marksmanship,45,25,20
Blungo,azralon,1674,hunter,marksmanship,36,18,18
Ingrutamig,tichondrius,1672,hunter,marksmanship,48,23,25
Heädshöt,malorne,1672,hunter,marksmanship,66,31,35
Tassili,illidan,1666,hunter,marksmanship,60,23,37
Easynightjr,bleeding-hollow,1661,hunter,marksmanship,180,96,84
Shawtytraps,tichondrius,1659,hunter,marksmanship,96,36,60
Tropic,proudmoore,1655,hunter,marksmanship,62,24,38
Quickitty,proudmoore,1648,hunter,marksmanship,54,25,29
Dummorogh,stormrage,1634,hunter,marksmanship,84,41,43
Bigpie,daggerspine,1628,hunter,marksmanship,59,37,22
Taylormadae,frostmourne,1627,hunter,marksmanship,66,37,29
Arjunå,sargeras,1621,hunter,marksmanship,101,56,45
Johaylon,sargeras,1616,hunter,marksmanship,42,19,23
Rendel,drakkari,1616,hunter,marksmanship,42,17,25
Dezertpower,sargeras,1613,hunter,marksmanship,36,20,16
Shotashot,area-52,1612,hunter,marksmanship,36,17,19
Wildder,area-52,1609,hunter,marksmanship,56,31,25
Latesummer,tichondrius,1609,hunter,marksmanship,42,21,21
Dienasty,zuljin,1601,hunter,marksmanship,30,21,9
Snìpershot,sargeras,1596,hunter,marksmanship,31,19,12
Odin,goldrinn,1588,hunter,marksmanship,57,27,30
Stimpblimp,jubeithos,1563,hunter,marksmanship,48,19,29
Amyrkvothe,ragnaros,1561,hunter,marksmanship,42,19,23
Shotsphodays,sargeras,1558,hunter,marksmanship,72,37,35
Rampagez,tichondrius,1555,hunter,marksmanship,36,19,17
Luchadoris,malganis,1552,hunter,marksmanship,60,30,30
Alansho,tichondrius,1551,hunter,marksmanship,41,17,24
Braxigarr,area-52,1547,hunter,marksmanship,143,75,68
Insanedabz,tichondrius,1540,hunter,marksmanship,66,33,33
Cyrsmen,ragnaros,1537,hunter,marksmanship,57,28,29
Arrowslol,stormrage,1537,hunter,marksmanship,48,23,25
Metalgear,icecrown,1533,hunter,marksmanship,66,34,32
Lilbang,thrall,1529,hunter,marksmanship,42,19,23
Aymas,sargeras,1528,hunter,marksmanship,71,33,38
Elfymcelf,arthas,1520,hunter,marksmanship,84,39,45
Baixiaochu,area-52,1519,hunter,marksmanship,63,30,33
Lsily,tichondrius,1519,hunter,marksmanship,36,16,20
Hitts,barthilas,1510,hunter,marksmanship,47,23,24
Undien,area-52,1509,hunter,marksmanship,30,16,14
Vibøra,stormrage,1507,hunter,marksmanship,48,20,28
Rïve,tichondrius,1504,hunter,marksmanship,36,17,19
Marshen,zuljin,1503,hunter,marksmanship,36,17,19
Xcisiion,nagrand,1495,hunter,marksmanship,40,23,17
Papacohen,stormrage,1495,hunter,marksmanship,45,22,23
Jotosalsa,blackrock,1494,hunter,marksmanship,48,26,22
Chï,zuljin,1491,hunter,marksmanship,82,43,39
Esler,quelthalas,1489,hunter,marksmanship,42,22,20
Windrein,ysondre,1475,hunter,marksmanship,48,20,28
Lixniqua,tichondrius,1474,hunter,marksmanship,29,17,12
Adive,drakkari,1469,hunter,marksmanship,42,18,24
Aimz,zuluhed,1467,hunter,marksmanship,61,25,36
Sagadegêmeos,stormrage,1465,hunter,marksmanship,48,16,32
Joshmckin,area-52,1464,hunter,marksmanship,76,35,41
Gretress,azralon,1461,hunter,marksmanship,54,20,34
Jubiscleudo,azralon,1455,hunter,marksmanship,41,16,25
Hemathios,drakkari,1442,hunter,marksmanship,50,21,29
Acelol,proudmoore,1438,hunter,marksmanship,112,62,50
Hurstt,kelthuzad,1434,hunter,marksmanship,32,18,14
Lokuhzmarcus,goldrinn,1423,hunter,marksmanship,54,30,24
Nelosi,shadowmoon,1423,hunter,marksmanship,36,16,20
Bertimus,sargeras,1421,hunter,marksmanship,36,15,21
Hämhunter,stormrage,1415,hunter,marksmanship,24,16,8
Kalibah,azralon,1411,hunter,marksmanship,43,17,26
Klannis,quelthalas,1409,hunter,marksmanship,42,19,23
Malebolick,ragnaros,1409,hunter,marksmanship,59,25,34
Ryukuzen,tichondrius,1409,hunter,marksmanship,36,15,21
Pwnagraphic,barthilas,1407,hunter,marksmanship,64,25,39
Lewanker,zuljin,1406,hunter,marksmanship,30,17,13
Voidmarksman,whisperwind,1404,hunter,marksmanship,49,30,19
Gnomorecum,kiljaeden,1394,hunter,marksmanship,21,16,5
Ashx,khazgoroth,1392,hunter,marksmanship,30,15,15
Rockenrique,nemesis,1390,hunter,marksmanship,36,16,20
Mèseeks,bleeding-hollow,1388,hunter,marksmanship,24,15,9
ßeãst,bladefist,1387,hunter,marksmanship,24,16,8
Maia,frostwolf,1387,hunter,marksmanship,36,15,21
Dynith,sargeras,1385,hunter,marksmanship,29,15,14
Jumaanji,gurubashi,1384,hunter,marksmanship,46,25,21
Kronicbeast,bleeding-hollow,1382,hunter,marksmanship,42,16,26
Lowlore,moon-guard,1376,hunter,marksmanship,74,38,36
Benme,illidan,1376,hunter,marksmanship,139,62,77
Húntingarrow,area-52,1373,hunter,marksmanship,72,36,36
Pokcmvmxckm,senjin,1370,hunter,marksmanship,30,16,14
Leshwi,ragnaros,1370,hunter,marksmanship,47,23,24
Pleyadez,drakkari,1356,hunter,marksmanship,42,24,18
Cashhapp,zuljin,1355,hunter,marksmanship,102,51,51
Staticarrow,norgannon,1354,hunter,marksmanship,36,15,21
Gstring,kelthuzad,1352,hunter,marksmanship,60,26,34
Sukr,korgath,1350,hunter,marksmanship,68,27,41
Kyukon,illidan,1345,hunter,marksmanship,36,18,18
Diisdik,tichondrius,1344,hunter,marksmanship,51,23,28
Imvalence,area-52,1343,hunter,marksmanship,30,14,16
Explosief,area-52,1341,hunter,marksmanship,30,16,14
Evaelfi,illidan,1340,hunter,marksmanship,33,14,19
Zumago,tichondrius,1338,hunter,marksmanship,30,14,16
Toniic,moon-guard,1337,hunter,marksmanship,48,30,18
Orgpopeyes,illidan,1336,hunter,marksmanship,24,14,10
Dvei,silvermoon,1336,hunter,marksmanship,57,25,32
Thebweh,ragnaros,1331,hunter,marksmanship,30,14,16
Watchmanjoe,grizzly-hills,1326,hunter,marksmanship,42,23,19
Tristiae,stormrage,1319,hunter,marksmanship,65,35,30
Péppérmínt,korgath,1318,hunter,marksmanship,22,15,7
Dogezandalar,illidan,1317,hunter,marksmanship,40,18,22
Hötdôg,kiljaeden,1315,hunter,marksmanship,30,14,16
Ricas,malganis,1315,hunter,marksmanship,98,44,54
Bojob,azgalor,1314,hunter,marksmanship,40,22,18
Gromtheponch,area-52,1310,hunter,marksmanship,35,19,16
Lukhas,moon-guard,1310,hunter,marksmanship,54,19,35
Condorexe,illidan,1307,hunter,marksmanship,72,28,44
Boombob,sargeras,1304,hunter,marksmanship,29,14,15
Apaweclover,stormrage,1299,hunter,marksmanship,131,65,66
Celph,moon-guard,1299,hunter,marksmanship,48,20,28
Markymarc,tichondrius,1294,hunter,marksmanship,35,14,21
Crounzz,sargeras,1288,hunter,marksmanship,27,15,12
Shadowhokage,zuljin,1286,hunter,marksmanship,30,14,16
Blackhuntr,garona,1285,hunter,marksmanship,24,15,9
Rawrzy,sargeras,1278,hunter,marksmanship,29,14,15
Darylovejr,destromath,1274,hunter,marksmanship,38,16,22
Mathund,gurubashi,1268,hunter,marksmanship,30,16,14
Idiiot,sargeras,1268,hunter,marksmanship,38,19,19
Ëzy,frostmourne,1263,hunter,marksmanship,36,22,14
Ssdslol,bleeding-hollow,1260,hunter,marksmanship,36,20,16
Cloudbuck,aegwynn,1258,hunter,marksmanship,52,18,34
Lightweight,kelthuzad,1257,hunter,marksmanship,47,22,25
Seenobody,stormrage,1255,hunter,marksmanship,42,23,19
Mezmore,thrall,1255,hunter,marksmanship,42,21,21
Jerybery,gundrak,1253,hunter,marksmanship,29,18,11
Ärtémisa,quelthalas,1251,hunter,marksmanship,24,14,10
Huntncheekz,kelthuzad,1244,hunter,marksmanship,33,15,18
Hoeswannafuk,stormrage,1243,hunter,marksmanship,24,13,11
Vipermaster,azralon,1243,hunter,marksmanship,46,24,22
Mizhu,ragnaros,1242,hunter,marksmanship,36,17,19
Veranir,nemesis,1241,hunter,marksmanship,98,49,49
Mensrea,illidan,1240,hunter,marksmanship,35,22,13
Rudekeef,illidan,1240,hunter,marksmanship,24,13,11
Softhunter,tichondrius,1240,hunter,marksmanship,30,13,17
Vergillx,ragnaros,1239,hunter,marksmanship,38,21,17
Albe,azralon,1238,hunter,marksmanship,48,21,27
Rekshot,amanthul,1237,hunter,marksmanship,78,34,44
Sootgarbage,sargeras,1235,hunter,marksmanship,18,13,5
Pokeyourbutt,hydraxis,1235,hunter,marksmanship,24,13,11
Killz,skullcrusher,1234,hunter,marksmanship,44,21,23
Rocroc,gurubashi,1233,hunter,marksmanship,36,19,17
Chikkynuggy,destromath,1228,hunter,marksmanship,33,14,19
Realskinhead,terenas,1226,hunter,marksmanship,30,13,17
Fuzzypjs,stormrage,1226,hunter,marksmanship,33,14,19
Ilovehippos,laughing-skull,1224,hunter,marksmanship,90,42,48
Automatic,illidan,1223,hunter,marksmanship,30,13,17
Raneldar,proudmoore,1223,hunter,marksmanship,42,14,28
Duruainn,zuljin,1221,hunter,marksmanship,55,23,32
Zock,lothar,1220,hunter,marksmanship,58,28,30
Targetreaper,proudmoore,1215,hunter,marksmanship,24,13,11
Puresport,hyjal,1212,hunter,marksmanship,24,13,11
Azaz,khaz-modan,1211,hunter,marksmanship,30,13,17
Kritsu,tichondrius,1209,hunter,marksmanship,41,20,21
Valieev,black-dragonflight,1200,hunter,marksmanship,24,17,7
Vinranya,sargeras,1194,hunter,marksmanship,75,34,41
Sniperarmy,dalaran,1192,hunter,marksmanship,91,43,48
Cßo,tichondrius,1191,hunter,marksmanship,54,26,28
Chaðs,amanthul,1190,hunter,marksmanship,39,21,18
Kayzia,lightninghoof,1190,hunter,marksmanship,29,13,16
Forthethrill,area-52,1187,hunter,marksmanship,45,24,21
Oopsurtrappd,darkspear,1186,hunter,marksmanship,29,16,13
Udietofast,illidan,1177,hunter,marksmanship,47,19,28
Aftërlyfe,tichondrius,1170,hunter,marksmanship,29,14,15
Calî,stormscale,1167,hunter,marksmanship,24,13,11
Ackzar,ragnaros,1166,hunter,marksmanship,51,27,24
Cocobread,stormreaver,1161,hunter,marksmanship,36,13,23
Oqqo,tichondrius,1158,hunter,marksmanship,39,17,22
Chainmaster,misha,1157,hunter,marksmanship,55,24,31
Hunterlist,frostmourne,1151,hunter,marksmanship,24,12,12
Negãn,tichondrius,1151,hunter,marksmanship,24,12,12
Wìkkihx,emerald-dream,1148,hunter,marksmanship,24,12,12
Gunther,korgath,1144,hunter,marksmanship,24,12,12
Plopslopper,frostmourne,1142,hunter,marksmanship,24,12,12
Inability,emerald-dream,1142,hunter,marksmanship,30,12,18
Bowinc,greymane,1140,hunter,marksmanship,18,12,6
Vhan,azralon,1133,hunter,marksmanship,44,19,25
Uwuessy,illidan,1131,hunter,marksmanship,30,12,18
Bigolhippy,frostmourne,1129,hunter,marksmanship,24,12,12
Malkuri,medivh,1127,hunter,marksmanship,29,12,17
Banshee,frostmourne,1119,hunter,marksmanship,16,13,3
Linedalina,wyrmrest-accord,1119,hunter,marksmanship,30,14,16
Moüserat,moon-guard,1117,hunter,marksmanship,84,38,46
Alindra,zuluhed,1116,hunter,marksmanship,42,15,27
Wixyy,aegwynn,1114,hunter,marksmanship,58,23,35
Gor,hyjal,1113,hunter,marksmanship,29,12,17
Dathunterr,azralon,1111,hunter,marksmanship,23,12,11
Halibut,quelthalas,1106,hunter,marksmanship,47,25,22
Rykár,kiljaeden,1106,hunter,marksmanship,24,12,12
Xephert,ragnaros,1105,hunter,marksmanship,30,12,18
Malo,dragonmaw,1090,hunter,marksmanship,30,16,14
Yadír,quelthalas,1088,hunter,marksmanship,36,14,22
Angelacross,azralon,1087,hunter,marksmanship,48,23,25
Lezzbow,tichondrius,1081,hunter,marksmanship,61,32,29
Wwing,frostwolf,1081,hunter,marksmanship,124,63,61
Jamzlol,frostmourne,1080,hunter,marksmanship,21,13,8
Bluecoral,frostmourne,1072,hunter,marksmanship,33,13,20
Katebishop,nemesis,1071,hunter,marksmanship,22,12,10
Hoboh,illidan,1064,hunter,marksmanship,28,13,15
Maxwel,sargeras,1063,hunter,marksmanship,103,50,53
Thoopered,korgath,1062,hunter,marksmanship,65,33,32
Baldor,stormrage,1061,hunter,marksmanship,48,19,29
Piloks,gallywix,1058,hunter,marksmanship,36,17,19
Gvjellybeans,tichondrius,1056,hunter,marksmanship,18,11,7
Tren,blackrock,1056,hunter,marksmanship,18,11,7
Silenciozzo,azralon,1055,hunter,marksmanship,36,15,21
Mambothehunt,stormrage,1053,hunter,marksmanship,18,11,7
Zasnar,malganis,1053,hunter,marksmanship,24,11,13
Longshánks,stormrage,1052,hunter,marksmanship,24,11,13
Blimpbooty,stormrage,1050,hunter,marksmanship,24,11,13
Balun,sargeras,1049,hunter,marksmanship,24,11,13
Urtthel,stormrage,1047,hunter,marksmanship,18,11,7
Torturekilla,bleeding-hollow,1047,hunter,marksmanship,42,22,20
Vansatih,azralon,1047,hunter,marksmanship,66,27,39
Kalinor,cenarius,1046,hunter,marksmanship,30,14,16
Reanivan,kiljaeden,1046,hunter,marksmanship,42,15,27
Madogite,azralon,1041,hunter,marksmanship,48,29,19
Porkerr,black-dragonflight,1040,hunter,marksmanship,30,16,14
Corruptid,moon-guard,1039,hunter,marksmanship,18,11,7
Yoimiya,thunderlord,1036,hunter,marksmanship,41,18,23
Jetlinx,thrall,1031,hunter,marksmanship,18,11,7
Clemenlemon,illidan,1029,hunter,marksmanship,18,11,7
Vendortrash,aggramar,1029,hunter,marksmanship,24,12,12
Sugarboyy,darkspear,1026,hunter,marksmanship,24,11,13
Kánnah,ragnaros,1025,hunter,marksmanship,95,47,48
Papiskrill,staghelm,1021,hunter,marksmanship,28,11,17
Balgair,hakkar,1019,hunter,marksmanship,40,22,18
Shukucingjr,illidan,1015,hunter,marksmanship,39,23,16
Brenri,boulderfist,1006,hunter,marksmanship,24,13,11
Scottcrume,area-52,990,hunter,marksmanship,60,27,33
Nelay,ragnaros,988,hunter,marksmanship,23,11,12
Ritler,frostmourne,987,hunter,marksmanship,21,11,10
Sumom,darrowmere,973,hunter,marksmanship,48,18,30
Lauannÿ,gallywix,972,hunter,marksmanship,66,30,36
Tiidkloul,illidan,968,hunter,marksmanship,18,12,6
Ontarget,cairne,968,hunter,marksmanship,52,24,28
Katnie,azralon,963,hunter,marksmanship,35,17,18
Kensho,illidan,960,hunter,marksmanship,12,10,2
Hanabanana,wyrmrest-accord,960,hunter,marksmanship,12,10,2
Goonsh,tichondrius,960,hunter,marksmanship,18,10,8
Nainit,sargeras,960,hunter,marksmanship,18,10,8
Supersaiyan,antonidas,960,hunter,marksmanship,24,10,14
Sylvaa,tichondrius,960,hunter,marksmanship,30,10,20
Gotchã,area-52,959,hunter,marksmanship,12,10,2
Bowflexen,illidan,959,hunter,marksmanship,18,10,8
Inktray,durotan,959,hunter,marksmanship,24,10,14
Leucis,cenarius,958,hunter,marksmanship,12,10,2
Rubinaldo,azralon,958,hunter,marksmanship,18,10,8
Lilnatty,area-52,958,hunter,marksmanship,27,11,16
Dartháne,moon-guard,956,hunter,marksmanship,29,11,18
Hawkeyë,ragnaros,954,hunter,marksmanship,18,10,8
Snewboy,malganis,954,hunter,marksmanship,18,10,8
Twist,burning-legion,953,hunter,marksmanship,12,10,2
Zettl,eredar,953,hunter,marksmanship,33,13,20
Floozyfairy,daggerspine,952,hunter,marksmanship,12,10,2
Triggaplease,jubeithos,952,hunter,marksmanship,55,29,26
Verdao,stormrage,952,hunter,marksmanship,30,10,20
Táká,quelthalas,951,hunter,marksmanship,24,11,13
Birgite,stormrage,951,hunter,marksmanship,30,10,20
Vanhe,quelthalas,947,hunter,marksmanship,18,10,8
Yamanashi,black-dragonflight,945,hunter,marksmanship,90,45,45
Silverweaver,illidan,939,hunter,marksmanship,24,10,14
Déadlyshot,tichondrius,935,hunter,marksmanship,59,28,31
Kødran,stormrage,928,hunter,marksmanship,18,10,8
Thundershots,tichondrius,927,hunter,marksmanship,62,23,39
Huntercotoco,azralon,923,hunter,marksmanship,41,22,19
Wael,perenolde,920,hunter,marksmanship,29,10,19
Onehitrip,illidan,915,hunter,marksmanship,78,33,45
Fourkayiv,azgalor,913,hunter,marksmanship,23,12,11
Sunnimuffens,deathwing,906,hunter,marksmanship,23,10,13
Nachtcloverr,stormrage,906,hunter,marksmanship,57,23,34
Blaws,tichondrius,906,hunter,marksmanship,27,10,17
Koonorc,dalaran,896,hunter,marksmanship,34,13,21
Brenogam,azralon,876,hunter,marksmanship,27,13,14
Rödrigö,azralon,876,hunter,marksmanship,30,14,16
Karazuba,ragnaros,865,hunter,marksmanship,89,33,56
Lely,tichondrius,864,hunter,marksmanship,18,9,9
Comebacks,ragnaros,864,hunter,marksmanship,18,9,9
Oattes,daggerspine,864,hunter,marksmanship,18,9,9
Drãgenox,quelthalas,864,hunter,marksmanship,24,9,15
Hunghang,frostmourne,864,hunter,marksmanship,24,9,15
Ñðñdêsçrípt,frostmourne,864,hunter,marksmanship,24,9,15
Lildex,demon-soul,863,hunter,marksmanship,12,9,3
Topshotx,tichondrius,863,hunter,marksmanship,12,9,3
Rambot,bleeding-hollow,863,hunter,marksmanship,12,9,3
Ultrasj,malfurion,863,hunter,marksmanship,18,9,9
Artemyzz,tichondrius,863,hunter,marksmanship,18,9,9
Dôntlosmebro,stormrage,863,hunter,marksmanship,18,9,9
Trapshawty,darkspear,863,hunter,marksmanship,18,9,9
Nosmoke,kargath,863,hunter,marksmanship,24,9,15
Crazyeasy,azshara,863,hunter,marksmanship,24,9,15
Junglejam,elune,863,hunter,marksmanship,24,9,15
Airpodpro,emerald-dream,862,hunter,marksmanship,12,9,3
Audioannie,thrall,862,hunter,marksmanship,18,9,9
Syrach,area-52,862,hunter,marksmanship,18,9,9
Varrinda,wyrmrest-accord,862,hunter,marksmanship,24,9,15
Junka,bleeding-hollow,860,hunter,marksmanship,18,9,9
Tazent,moon-guard,859,hunter,marksmanship,18,9,9
Coldhunger,uldum,857,hunter,marksmanship,12,9,3
Lazygnome,azshara,856,hunter,marksmanship,14,9,5
Trikshot,magtheridon,855,hunter,marksmanship,18,10,8
Grimbleneep,emerald-dream,855,hunter,marksmanship,24,9,15
Repotro,drakkari,851,hunter,marksmanship,30,9,21
Avindal,greymane,850,hunter,marksmanship,18,9,9
Nelandris,tichondrius,844,hunter,marksmanship,48,20,28
Jzander,ragnaros,827,hunter,marksmanship,16,10,6
Muggzzy,malygos,824,hunter,marksmanship,18,9,9
Kuramax,senjin,810,hunter,marksmanship,59,23,36
Desolateone,nazgrel,807,hunter,marksmanship,24,10,14
Fian,lightnings-blade,797,hunter,marksmanship,22,9,13
Skyloss,illidan,780,hunter,marksmanship,30,9,21
Ragshunt,stormrage,768,hunter,marksmanship,12,8,4
Ashx,nemesis,768,hunter,marksmanship,12,8,4
Surprisemfkr,emerald-dream,768,hunter,marksmanship,12,8,4
Ladderpolice,tichondrius,768,hunter,marksmanship,15,9,6
Keenz,frostmourne,768,hunter,marksmanship,18,8,10
Muerteaterry,ragnaros,768,hunter,marksmanship,18,8,10
Achillez,bleeding-hollow,768,hunter,marksmanship,18,8,10
Civvo,dalaran,768,hunter,marksmanship,24,8,16
Woeisyou,stormrage,768,hunter,marksmanship,24,8,16
Soul,sargeras,768,hunter,marksmanship,24,8,16
Barrohunt,proudmoore,767,hunter,marksmanship,12,8,4
Insulin,moonrunner,767,hunter,marksmanship,12,8,4
Xtina,drakkari,767,hunter,marksmanship,18,8,10
Cufless,proudmoore,767,hunter,marksmanship,18,8,10
Grands,tortheldrin,767,hunter,marksmanship,18,8,10
Yory,tol-barad,767,hunter,marksmanship,18,8,10
Grimcask,ragnaros,767,hunter,marksmanship,18,8,10
Ravanskull,burning-blade,767,hunter,marksmanship,18,8,10
Vileplumè,stormrage,767,hunter,marksmanship,18,8,10
Mariaassjx,ragnaros,767,hunter,marksmanship,18,8,10
Mensita,quelthalas,767,hunter,marksmanship,18,8,10
Imperatrix,emerald-dream,767,hunter,marksmanship,24,8,16
Saltz,tichondrius,766,hunter,marksmanship,12,8,4
Juicyjams,moon-guard,766,hunter,marksmanship,12,8,4
Zèd,azralon,766,hunter,marksmanship,18,8,10
Trochillidae,dragonmaw,766,hunter,marksmanship,18,8,10
Ladright,altar-of-storms,766,hunter,marksmanship,18,8,10
Fëanora,quelthalas,766,hunter,marksmanship,18,8,10
Glediator,tichondrius,766,hunter,marksmanship,18,8,10
Deadalot,dalaran,765,hunter,marksmanship,12,8,4
Silhouettes,barthilas,765,hunter,marksmanship,21,10,11
Daahm,malganis,765,hunter,marksmanship,25,8,17
Taynen,azralon,764,hunter,marksmanship,18,8,10
Myciri,proudmoore,764,hunter,marksmanship,18,8,10
Thisguÿ,arthas,762,hunter,marksmanship,18,8,10
Buckethole,doomhammer,762,hunter,marksmanship,18,8,10
Enonoa,thunderlord,760,hunter,marksmanship,12,8,4
Nightwatch,kelthuzad,753,hunter,marksmanship,12,8,4
Huntercry,ragnaros,751,hunter,marksmanship,12,8,4
Niceshotboi,azgalor,751,hunter,marksmanship,24,8,16
Arshuntica,blackrock,750,hunter,marksmanship,12,8,4
Lynnì,khadgar,750,hunter,marksmanship,18,8,10
Xshadowdemon,korgath,749,hunter,marksmanship,12,8,4
Lookøut,moon-guard,713,hunter,marksmanship,32,10,22
Andalora,malganis,703,hunter,marksmanship,11,8,3
Fizzleshot,malganis,699,hunter,marksmanship,17,8,9
Mörgoth,quelthalas,672,hunter,marksmanship,12,7,5
Landon,lightnings-blade,672,hunter,marksmanship,12,7,5
Hyrus,shadowmoon,672,hunter,marksmanship,12,7,5
Timmee,bleeding-hollow,672,hunter,marksmanship,12,7,5
Shotmaster,tichondrius,672,hunter,marksmanship,12,7,5
Kookh,area-52,672,hunter,marksmanship,12,7,5
Kaznik,ragnaros,672,hunter,marksmanship,12,7,5
Ehnub,stormrage,672,hunter,marksmanship,12,7,5
Keboks,alleria,672,hunter,marksmanship,12,7,5
Enty,khazgoroth,672,hunter,marksmanship,12,7,5
Mochaxd,stormrage,672,hunter,marksmanship,14,7,7
Focusfire,khazgoroth,672,hunter,marksmanship,18,7,11
Sunyourmom,proudmoore,671,hunter,marksmanship,12,7,5
Dest,azralon,671,hunter,marksmanship,12,7,5
Tup,guldan,671,hunter,marksmanship,12,7,5
Neoxbow,wyrmrest-accord,671,hunter,marksmanship,12,7,5
Sáns,sargeras,671,hunter,marksmanship,12,7,5
Zhions,ragnaros,671,hunter,marksmanship,12,7,5
Texploto,area-52,671,hunter,marksmanship,12,7,5
Getnukedbud,emerald-dream,671,hunter,marksmanship,12,7,5
Twistedtawl,area-52,671,hunter,marksmanship,12,7,5
Xhare,stormrage,671,hunter,marksmanship,12,7,5
Larree,kelthuzad,671,hunter,marksmanship,12,7,5
Geraldson,proudmoore,671,hunter,marksmanship,12,7,5
Kalizra,quelthalas,671,hunter,marksmanship,18,7,11
Navagee,tichondrius,671,hunter,marksmanship,18,7,11
Kaeuljua,tichondrius,671,hunter,marksmanship,18,7,11
Scourgesurge,kiljaeden,671,hunter,marksmanship,18,7,11
Toesgoes,thrall,671,hunter,marksmanship,18,7,11
Cullowhee,proudmoore,671,hunter,marksmanship,18,7,11
Glittergun,sargeras,671,hunter,marksmanship,18,7,11
Chuvug,quelthalas,671,hunter,marksmanship,18,7,11
Såvagehunter,malganis,671,hunter,marksmanship,18,7,11
Temara,icecrown,671,hunter,marksmanship,24,7,17
Gagau,stormrage,670,hunter,marksmanship,18,7,11
Elendïr,tichondrius,670,hunter,marksmanship,18,7,11
Wolfyyxx,stormrage,670,hunter,marksmanship,18,7,11
Milktoker,tichondrius,670,hunter,marksmanship,18,7,11
Lilzoomer,barthilas,668,hunter,marksmanship,12,7,5
Emeri,winterhoof,667,hunter,marksmanship,12,7,5
Kazzanval,sargeras,666,hunter,marksmanship,12,7,5
Mahty,stormrage,665,hunter,marksmanship,12,7,5
Mackin,maelstrom,661,hunter,marksmanship,18,7,11
Konar,nemesis,656,hunter,marksmanship,30,7,23
Righthole,area-52,640,hunter,marksmanship,22,7,15
Mawlotov,barthilas,639,hunter,marksmanship,23,7,16
Huntkiller,tichondrius,638,hunter,marksmanship,14,8,6
Swolfp,tichondrius,623,hunter,marksmanship,16,8,8
Mesiauzx,stormrage,618,hunter,marksmanship,22,9,13
Typh,saurfang,607,hunter,marksmanship,11,7,4
Hokutoxx,tichondrius,607,hunter,marksmanship,20,7,13
Krossx,thrall,591,hunter,marksmanship,12,7,5
Summerrain,illidan,576,hunter,marksmanship,6,6,0
Gq,garona,576,hunter,marksmanship,12,6,6
Êlautismo,wyrmrest-accord,576,hunter,marksmanship,12,6,6
Mehontar,area-52,576,hunter,marksmanship,12,6,6
Gugubird,proudmoore,576,hunter,marksmanship,12,6,6
Kimbaa,tichondrius,576,hunter,marksmanship,12,6,6
Lostfaith,tichondrius,576,hunter,marksmanship,12,6,6
Laurenx,illidan,576,hunter,marksmanship,12,6,6
Pulso,illidan,576,hunter,marksmanship,12,6,6
Throre,bleeding-hollow,576,hunter,marksmanship,12,6,6
Gritzix,frostmourne,576,hunter,marksmanship,12,6,6
Murderone,undermine,576,hunter,marksmanship,12,6,6
Blaðe,kelthuzad,576,hunter,marksmanship,12,6,6
Elmozz,thrall,576,hunter,marksmanship,12,6,6
Aoti,nerzhul,576,hunter,marksmanship,12,6,6
Ssds,sargeras,576,hunter,marksmanship,12,6,6
Spanerd,moon-guard,576,hunter,marksmanship,12,6,6
Telånnas,illidan,576,hunter,marksmanship,12,6,6
Grànd,tortheldrin,576,hunter,marksmanship,12,6,6
Bootywhop,dalaran,576,hunter,marksmanship,12,6,6
Groomme,area-52,576,hunter,marksmanship,12,6,6
Flämma,azralon,576,hunter,marksmanship,12,6,6
Torrthack,area-52,576,hunter,marksmanship,12,6,6
Kyudo,moon-guard,576,hunter,marksmanship,12,6,6
Jeezyxxii,shadowmoon,576,hunter,marksmanship,12,6,6
Drivebymac,tichondrius,576,hunter,marksmanship,12,6,6
Tokez,moon-guard,576,hunter,marksmanship,14,6,8
Gnometoprace,illidan,576,hunter,marksmanship,18,6,12
Tandope,sargeras,576,hunter,marksmanship,18,6,12
Jônathan,tichondrius,576,hunter,marksmanship,24,6,18
Cobrag,tichondrius,575,hunter,marksmanship,12,6,6
Lagginwaggin,azgalor,575,hunter,marksmanship,12,6,6
Aragörnn,azralon,575,hunter,marksmanship,12,6,6
Littlespike,queldorei,575,hunter,marksmanship,12,6,6
Hobbës,kelthuzad,575,hunter,marksmanship,12,6,6
Onlyfeìgns,frostmourne,575,hunter,marksmanship,12,6,6
Dirtbagchaz,illidan,575,hunter,marksmanship,12,6,6
Loyalrely,tichondrius,575,hunter,marksmanship,12,6,6
Silentzkill,tichondrius,575,hunter,marksmanship,12,6,6
Smoeky,aerie-peak,575,hunter,marksmanship,12,6,6
Projectilez,sargeras,575,hunter,marksmanship,12,6,6
Sylvaethas,lightninghoof,575,hunter,marksmanship,12,6,6
Herroo,thrall,575,hunter,marksmanship,18,6,12
Salsa,hakkar,575,hunter,marksmanship,30,6,24
Hildihunt,stormrage,574,hunter,marksmanship,12,6,6
Àbyss,shandris,574,hunter,marksmanship,12,6,6
Zeddunn,stormrage,574,hunter,marksmanship,12,6,6
Marcusrarnis,zuljin,574,hunter,marksmanship,12,6,6
Killincrew,scilla,574,hunter,marksmanship,14,6,8
Flacidhunter,kelthuzad,573,hunter,marksmanship,18,6,12
Recebaa,barthilas,572,hunter,marksmanship,12,6,6
Galaxxis,bonechewer,571,hunter,marksmanship,12,6,6
Beastmodeqt,blood-furnace,566,hunter,marksmanship,18,6,12
Neef,mannoroth,564,hunter,marksmanship,24,6,18
Ratspit,chogall,557,hunter,marksmanship,11,6,5
Gymli,destromath,543,hunter,marksmanship,11,6,5
Jvmr,azralon,534,hunter,marksmanship,14,7,7
Jaydemo,thunderhorn,527,hunter,marksmanship,17,6,11
Smokabombom,eredar,522,hunter,marksmanship,16,7,9
Remixjy,burning-blade,522,hunter,marksmanship,16,7,9
Drjingajanga,zuluhed,522,hunter,marksmanship,22,8,14
Cns,tichondrius,521,hunter,marksmanship,20,7,13
Cplski,kelthuzad,511,hunter,marksmanship,16,6,10
Stepbroski,moon-guard,510,hunter,marksmanship,14,6,8
Brainzz,emerald-dream,509,hunter,marksmanship,16,7,9
Chickenzzack,tichondrius,480,hunter,marksmanship,6,5,1
Thrandrial,smolderthorn,480,hunter,marksmanship,6,5,1
Moktarg,archimonde,480,hunter,marksmanship,6,5,1
Cimotsw,stormrage,480,hunter,marksmanship,6,5,1
Shootandloot,zuljin,480,hunter,marksmanship,6,5,1
Bendotexe,stormrage,480,hunter,marksmanship,6,5,1
Primalus,tichondrius,480,hunter,marksmanship,6,5,1
Austelos,moon-guard,480,hunter,marksmanship,6,5,1
Qthunterr,dalaran,480,hunter,marksmanship,6,5,1
Chasseür,quelthalas,480,hunter,marksmanship,6,5,1
Shootipie,hyjal,480,hunter,marksmanship,6,5,1
Redzic,tichondrius,480,hunter,marksmanship,6,5,1
Headshoot,tichondrius,480,hunter,marksmanship,6,5,1
Guacmec,tichondrius,480,hunter,marksmanship,6,5,1
Zucarita,tichondrius,480,hunter,marksmanship,7,5,2
Idtrapthat,nordrassil,480,hunter,marksmanship,9,5,4
Lagshots,kelthuzad,480,hunter,marksmanship,12,5,7
Eratichunt,illidan,480,hunter,marksmanship,12,5,7
Lianm,stormrage,480,hunter,marksmanship,12,5,7
Duckpow,frostmourne,480,hunter,marksmanship,12,5,7
Snoplow,illidan,480,hunter,marksmanship,12,5,7
Raiku,aggramar,480,hunter,marksmanship,12,5,7
Damadar,tichondrius,480,hunter,marksmanship,12,5,7
Bullzeyê,kelthuzad,480,hunter,marksmanship,12,5,7
Hunt,the-underbog,480,hunter,marksmanship,12,5,7
Arraza,ragnaros,480,hunter,marksmanship,12,5,7
Connora,stormrage,480,hunter,marksmanship,12,5,7
Thejessiah,tichondrius,480,hunter,marksmanship,12,5,7
Teaks,aggramar,480,hunter,marksmanship,12,5,7
Kyujin,ragnaros,480,hunter,marksmanship,12,5,7
Chokemescara,stormrage,480,hunter,marksmanship,12,5,7
Jaywuz,tichondrius,480,hunter,marksmanship,12,5,7
Xísa,proudmoore,480,hunter,marksmanship,12,5,7
Mídnîght,azralon,480,hunter,marksmanship,12,5,7
Thewïld,tichondrius,480,hunter,marksmanship,12,5,7
Fjdominador,azralon,480,hunter,marksmanship,12,5,7
Omniquiver,sargeras,480,hunter,marksmanship,12,5,7
Tánsøxøxø,tichondrius,480,hunter,marksmanship,18,5,13
Absinther,emerald-dream,480,hunter,marksmanship,18,5,13
Eurekasl,ragnaros,480,hunter,marksmanship,18,5,13
Ikiteforfood,zuljin,480,hunter,marksmanship,18,5,13
Insgesicht,proudmoore,480,hunter,marksmanship,18,5,13
Tarah,lightbringer,480,hunter,marksmanship,18,5,13
Blickys,area-52,480,hunter,marksmanship,18,5,13
Ownyoufast,darkspear,480,hunter,marksmanship,18,5,13
Datbigbowdoe,illidan,480,hunter,marksmanship,18,5,13
Runimurder,zuljin,479,hunter,marksmanship,6,5,1
Hishamo,aggramar,479,hunter,marksmanship,6,5,1
Blurrí,area-52,479,hunter,marksmanship,12,5,7
Týrak,illidan,479,hunter,marksmanship,12,5,7
Papiquezo,nagrand,479,hunter,marksmanship,12,5,7
Pathius,uldaman,479,hunter,marksmanship,12,5,7
Ohhsnaapp,blood-furnace,479,hunter,marksmanship,12,5,7
Globalhunter,emerald-dream,479,hunter,marksmanship,12,5,7
Moonet,amanthul,479,hunter,marksmanship,12,5,7
Peitowyn,illidan,479,hunter,marksmanship,12,5,7
Patmypet,terenas,479,hunter,marksmanship,12,5,7
Rykbad,area-52,479,hunter,marksmanship,12,5,7
Critaclyzm,moon-guard,479,hunter,marksmanship,12,5,7
Seyd,barthilas,479,hunter,marksmanship,18,5,13
Ashaelyn,wyrmrest-accord,479,hunter,marksmanship,18,5,13
Enzym,archimonde,479,hunter,marksmanship,18,5,13
Cócaine,tichondrius,478,hunter,marksmanship,13,6,7
Ozzoty,tol-barad,478,hunter,marksmanship,12,5,7
Tungles,tichondrius,478,hunter,marksmanship,18,5,13
Survival,dentarg,477,hunter,marksmanship,12,5,7
Tularac,sentinels,477,hunter,marksmanship,12,5,7
Damnnicebutt,borean-tundra,476,hunter,marksmanship,12,5,7
Jonsnow,lightnings-blade,474,hunter,marksmanship,12,5,7
Diavál,area-52,447,hunter,marksmanship,11,5,6
Mukeru,stormrage,432,hunter,marksmanship,9,5,4
Noriee,destromath,431,hunter,marksmanship,15,5,10
Nirika,moon-guard,416,hunter,marksmanship,10,5,5
Hukkx,kalecgos,415,hunter,marksmanship,8,5,3
Póra,stormrage,396,hunter,marksmanship,13,5,8
Spiketurtle,queldorei,384,hunter,marksmanship,6,4,2
Ocromiun,illidan,384,hunter,marksmanship,6,4,2
Amanazàra,tichondrius,384,hunter,marksmanship,6,4,2
Moyria,quelthalas,384,hunter,marksmanship,6,4,2
Balaria,tichondrius,384,hunter,marksmanship,6,4,2
Infatuatedx,moon-guard,384,hunter,marksmanship,6,4,2
Zendarae,tichondrius,384,hunter,marksmanship,6,4,2
Photos,moon-guard,384,hunter,marksmanship,6,4,2
Malcab,tichondrius,384,hunter,marksmanship,6,4,2
Arteene,illidan,384,hunter,marksmanship,6,4,2
Obsol,hyjal,384,hunter,marksmanship,6,4,2
Llhopital,ragnaros,384,hunter,marksmanship,6,4,2
Minzuki,drakkari,384,hunter,marksmanship,6,4,2
Raevon,kelthuzad,384,hunter,marksmanship,6,4,2
Thirià,garona,384,hunter,marksmanship,6,4,2
Swoljashotxp,area-52,384,hunter,marksmanship,6,4,2
Silvertokay,ragnaros,384,hunter,marksmanship,6,4,2
Junmuxiao,ragnaros,384,hunter,marksmanship,6,4,2
Huumpoutine,burning-blade,384,hunter,marksmanship,6,4,2
Oromís,dalaran,384,hunter,marksmanship,6,4,2
Anecko,zuljin,384,hunter,marksmanship,6,4,2
Blamethenaga,sargeras,384,hunter,marksmanship,6,4,2
Coolwhip,demon-soul,384,hunter,marksmanship,6,4,2
Vatits,dalaran,384,hunter,marksmanship,6,4,2
Wellerman,firetree,384,hunter,marksmanship,6,4,2
Zeenuts,sargeras,384,hunter,marksmanship,6,4,2
Netorip,azralon,384,hunter,marksmanship,6,4,2
Subdue,tichondrius,384,hunter,marksmanship,6,4,2
Clutchxx,tichondrius,384,hunter,marksmanship,6,4,2
Chïnchïlla,zuljin,384,hunter,marksmanship,6,4,2
Aimbôt,frostmourne,384,hunter,marksmanship,6,4,2
Maidán,azralon,384,hunter,marksmanship,6,4,2
Relapse,dreadmaul,384,hunter,marksmanship,6,4,2
Emilysamuels,tichondrius,384,hunter,marksmanship,6,4,2
Huataran,stormrage,384,hunter,marksmanship,6,4,2
Swish,burning-legion,384,hunter,marksmanship,6,4,2
Côckblocked,tichondrius,384,hunter,marksmanship,6,4,2
Regretful,kelthuzad,384,hunter,marksmanship,7,4,3
Malthiz,antonidas,384,hunter,marksmanship,8,4,4
Llachiip,zuljin,384,hunter,marksmanship,12,5,7
Saralli,thrall,384,hunter,marksmanship,12,4,8
Revö,area-52,384,hunter,marksmanship,12,4,8
Bleedwolf,tichondrius,384,hunter,marksmanship,12,4,8
Lyricly,lightbringer,384,hunter,marksmanship,12,4,8
Sabo,nemesis,384,hunter,marksmanship,12,4,8
Shotfromhell,sargeras,384,hunter,marksmanship,12,4,8
Enchantras,jaedenar,384,hunter,marksmanship,12,4,8
Trippyhunter,akama,384,hunter,marksmanship,12,4,8
Bowtech,kelthuzad,384,hunter,marksmanship,12,4,8
Kumari,lothar,384,hunter,marksmanship,12,4,8
Ojmo,arthas,384,hunter,marksmanship,12,4,8
Robobop,stormrage,384,hunter,marksmanship,12,4,8
Emérr,drakkari,384,hunter,marksmanship,12,4,8
Ðïanä,azralon,384,hunter,marksmanship,12,4,8
Patroclo,azralon,384,hunter,marksmanship,12,4,8
Dropflag,stormrage,384,hunter,marksmanship,12,4,8
Braindeadorc,illidan,384,hunter,marksmanship,12,4,8
Karev,area-52,384,hunter,marksmanship,12,4,8
Kä,blackhand,384,hunter,marksmanship,12,4,8
Shottz,blackhand,384,hunter,marksmanship,12,4,8
Grukar,tichondrius,384,hunter,marksmanship,12,4,8
Sylvanâs,bleeding-hollow,384,hunter,marksmanship,12,4,8
Aewyn,malganis,384,hunter,marksmanship,12,4,8
Abloodelf,zuljin,384,hunter,marksmanship,12,4,8
Crimsonmm,ragnaros,384,hunter,marksmanship,12,4,8
Vélos,illidan,384,hunter,marksmanship,12,4,8
Dmasterbiter,zuljin,384,hunter,marksmanship,12,4,8
Limpnoodle,nerzhul,384,hunter,marksmanship,12,4,8
Pâl,quelthalas,384,hunter,marksmanship,12,4,8
Astolenis,quelthalas,384,hunter,marksmanship,16,4,12
Picaubica,kiljaeden,384,hunter,marksmanship,18,4,14
Give,draktharon,384,hunter,marksmanship,18,4,14
Peashooter,sargeras,384,hunter,marksmanship,19,4,15
Arzant,quelthalas,383,hunter,marksmanship,6,4,2
Snäpträp,stormrage,383,hunter,marksmanship,6,4,2
Essya,frostmourne,383,hunter,marksmanship,6,4,2
Dnicee,stormrage,383,hunter,marksmanship,6,4,2
Soulbutter,malganis,383,hunter,marksmanship,6,4,2
Renzô,sargeras,383,hunter,marksmanship,9,5,4
Euphylesz,garrosh,383,hunter,marksmanship,10,4,6
Aridan,area-52,383,hunter,marksmanship,12,4,8
Zarely,frostmourne,383,hunter,marksmanship,12,4,8
Brody,eitrigg,383,hunter,marksmanship,12,4,8
Minibrö,tichondrius,383,hunter,marksmanship,12,4,8
Rottinghood,hyjal,383,hunter,marksmanship,12,4,8
Diacachimbaa,ragnaros,383,hunter,marksmanship,12,4,8
Shootingjaem,tichondrius,383,hunter,marksmanship,12,4,8
Juanita,laughing-skull,383,hunter,marksmanship,12,4,8
Bemaa,frostmourne,383,hunter,marksmanship,12,4,8
Delukzin,azralon,383,hunter,marksmanship,18,4,14
Nevon,azralon,383,hunter,marksmanship,18,4,14
Oohuntsoo,emerald-dream,382,hunter,marksmanship,6,4,2
Lennfear,frostmourne,382,hunter,marksmanship,12,4,8
Alleessa,goldrinn,382,hunter,marksmanship,12,4,8
Eaudelune,vashj,382,hunter,marksmanship,12,4,8
Twofeathers,wyrmrest-accord,381,hunter,marksmanship,12,4,8
Zievieda,hellscream,379,hunter,marksmanship,12,4,8
Venessie,moon-guard,379,hunter,marksmanship,12,4,8
Aksalaz,area-52,367,hunter,marksmanship,11,4,7
Raun,anvilmar,363,hunter,marksmanship,11,4,7
Hyesik,tichondrius,362,hunter,marksmanship,21,7,14
Föcker,emerald-dream,351,hunter,marksmanship,8,5,3
Bloodarrow,tichondrius,351,hunter,marksmanship,11,4,7
Iamtotoro,area-52,351,hunter,marksmanship,16,4,12
Iililillilii,tichondrius,330,hunter,marksmanship,14,5,9
Nubcaks,nerzhul,330,hunter,marksmanship,21,5,16
Stupïd,tichondrius,319,hunter,marksmanship,5,4,1
Aimian,frostmourne,319,hunter,marksmanship,8,4,4
Kazug,destromath,319,hunter,marksmanship,12,5,7
Kushminion,zuljin,304,hunter,marksmanship,7,5,2
Dagre,the-forgotten-coast,304,hunter,marksmanship,13,4,9
Xhartanis,magtheridon,288,hunter,marksmanship,6,3,3
Racoon,spinebreaker,288,hunter,marksmanship,6,3,3
Lilbic,bleeding-hollow,288,hunter,marksmanship,6,3,3
Ropivacaine,illidan,288,hunter,marksmanship,6,3,3
Spyhunter,malganis,288,hunter,marksmanship,6,3,3
Westbrooke,illidan,288,hunter,marksmanship,6,3,3
Madjango,illidan,288,hunter,marksmanship,6,3,3
Zym,the-forgotten-coast,288,hunter,marksmanship,6,3,3
Daggétt,zuljin,288,hunter,marksmanship,6,3,3
Wolfmilkers,illidan,288,hunter,marksmanship,6,3,3
Untermench,tichondrius,288,hunter,marksmanship,6,3,3
Boomphaque,ravencrest,288,hunter,marksmanship,6,3,3
Krelas,eldrethalas,288,hunter,marksmanship,6,3,3
Cloakedninja,illidan,288,hunter,marksmanship,6,3,3
Physical,destromath,288,hunter,marksmanship,6,3,3
Thugbeast,tichondrius,288,hunter,marksmanship,6,3,3
Carot,dalaran,288,hunter,marksmanship,6,3,3
Kong,tichondrius,288,hunter,marksmanship,6,3,3
Shooterzz,illidan,288,hunter,marksmanship,6,3,3
Sereom,frostmourne,288,hunter,marksmanship,6,3,3
Muffhuntér,blackrock,288,hunter,marksmanship,6,3,3
Blakespace,area-52,288,hunter,marksmanship,6,3,3
Juwannaaim,lethon,288,hunter,marksmanship,6,3,3
Déadshot,thaurissan,288,hunter,marksmanship,6,3,3
Brosk,drakthul,288,hunter,marksmanship,6,3,3
Luckynoodlle,frostmourne,288,hunter,marksmanship,6,3,3
Wannakill,stormrage,288,hunter,marksmanship,6,3,3
Joogeenda,kaelthas,288,hunter,marksmanship,6,3,3
Candîce,moon-guard,288,hunter,marksmanship,6,3,3
Ud,eldrethalas,288,hunter,marksmanship,6,3,3
Keliara,dunemaul,288,hunter,marksmanship,6,3,3
Starsabov,emerald-dream,288,hunter,marksmanship,6,3,3
Silvershot,emerald-dream,288,hunter,marksmanship,6,3,3
Samsin,sargeras,288,hunter,marksmanship,6,3,3
Arithrawn,area-52,288,hunter,marksmanship,6,3,3
Tóri,emerald-dream,288,hunter,marksmanship,6,3,3
Vinksy,sargeras,288,hunter,marksmanship,6,3,3
Cù,frostmourne,288,hunter,marksmanship,6,3,3
Ekzoo,tichondrius,288,hunter,marksmanship,6,3,3
Sosaho,sargeras,288,hunter,marksmanship,6,3,3
Xcw,stormrage,288,hunter,marksmanship,6,3,3
Xtremesnipez,frostmourne,288,hunter,marksmanship,6,3,3
Tugh,maiev,288,hunter,marksmanship,6,3,3
Kansolly,tichondrius,288,hunter,marksmanship,6,3,3
Kormas,illidan,288,hunter,marksmanship,6,3,3
Waqz,tichondrius,288,hunter,marksmanship,6,3,3
Smoothbrain,khadgar,288,hunter,marksmanship,6,3,3
Fruitenveg,frostmourne,288,hunter,marksmanship,6,3,3
Quondo,boulderfist,288,hunter,marksmanship,6,3,3
Buzzkiller,sargeras,288,hunter,marksmanship,6,3,3
Hogshanks,moon-guard,288,hunter,marksmanship,6,3,3
Vivaswan,tichondrius,288,hunter,marksmanship,6,3,3
Azairxd,tichondrius,288,hunter,marksmanship,6,3,3
Weegnomie,wyrmrest-accord,288,hunter,marksmanship,6,3,3
Casadora,dark-iron,288,hunter,marksmanship,6,3,3
Playnogames,moon-guard,288,hunter,marksmanship,6,3,3
Triggamikê,tichondrius,288,hunter,marksmanship,6,3,3
Vashra,stormrage,288,hunter,marksmanship,6,3,3
Gorhound,tichondrius,288,hunter,marksmanship,6,3,3
Zengrin,quelthalas,288,hunter,marksmanship,6,3,3
Humiliation,mugthol,288,hunter,marksmanship,6,3,3
Trænquility,tichondrius,288,hunter,marksmanship,6,3,3
Innerhunt,aegwynn,288,hunter,marksmanship,6,3,3
Mtuanwm,tichondrius,288,hunter,marksmanship,6,3,3
Eforas,ragnaros,288,hunter,marksmanship,6,3,3
Khasu,ragnaros,288,hunter,marksmanship,6,3,3
Neverhunter,azralon,288,hunter,marksmanship,6,3,3
Stupedhunter,tichondrius,288,hunter,marksmanship,6,3,3
Halosucks,sargeras,288,hunter,marksmanship,6,3,3
Auset,aegwynn,288,hunter,marksmanship,6,3,3
Antily,kelthuzad,288,hunter,marksmanship,6,3,3
Zindula,malganis,288,hunter,marksmanship,7,3,4
Mojopojo,tichondrius,288,hunter,marksmanship,12,4,8
Prpl,sargeras,288,hunter,marksmanship,15,4,11
Hatara,quelthalas,288,hunter,marksmanship,12,3,9
Bwaa,illidan,288,hunter,marksmanship,12,3,9
Kòng,quelthalas,288,hunter,marksmanship,12,3,9
Angelickon,tichondrius,288,hunter,marksmanship,12,3,9
Ryutiz,fizzcrank,288,hunter,marksmanship,12,3,9
Exiun,sargeras,288,hunter,marksmanship,12,3,9
Princssdaizy,zuljin,288,hunter,marksmanship,12,3,9
Rattrap,proudmoore,288,hunter,marksmanship,12,3,9
Zeedii,dalaran,288,hunter,marksmanship,12,3,9
Peña,trollbane,288,hunter,marksmanship,12,3,9
Sliperysaly,tichondrius,288,hunter,marksmanship,12,3,9
Blarck,shattered-halls,288,hunter,marksmanship,12,3,9
Blåckhat,frostmourne,288,hunter,marksmanship,12,3,9
Arbclimbs,frostmane,288,hunter,marksmanship,12,3,9
Johar,nerzhul,288,hunter,marksmanship,12,3,9
Alyzza,sargeras,288,hunter,marksmanship,12,3,9
Wadadly,malganis,288,hunter,marksmanship,12,3,9
Oua,queldorei,288,hunter,marksmanship,12,3,9
Qúin,frostmourne,288,hunter,marksmanship,12,3,9
Fatehunter,bleeding-hollow,288,hunter,marksmanship,12,3,9
Lumbygoblin,illidan,288,hunter,marksmanship,13,3,10
Guntrïx,stormrage,288,hunter,marksmanship,18,3,15
Snipastyle,twisting-nether,288,hunter,marksmanship,18,3,15
Multicereal,quelthalas,287,hunter,marksmanship,6,3,3
Lapelada,ragnaros,287,hunter,marksmanship,6,3,3
Ghazzghkuull,ragnaros,287,hunter,marksmanship,6,3,3
Downtimes,illidan,287,hunter,marksmanship,6,3,3
Returners,emerald-dream,287,hunter,marksmanship,6,3,3
Killerxzxz,stormrage,287,hunter,marksmanship,6,3,3
Tarbabies,mannoroth,287,hunter,marksmanship,12,3,9
Bumbow,tichondrius,287,hunter,marksmanship,12,3,9
Lorelåii,tichondrius,286,hunter,marksmanship,6,3,3
Irishnia,bleeding-hollow,286,hunter,marksmanship,6,3,3
Mikeangel,hydraxis,240,hunter,marksmanship,9,3,6
Brorc,kul-tiras,239,hunter,marksmanship,5,3,2
Setepalms,azralon,239,hunter,marksmanship,5,3,2
Knowtraps,area-52,234,hunter,marksmanship,7,4,3
Druskritag,moon-guard,234,hunter,marksmanship,10,4,6
Andrømeda,frostmourne,208,hunter,marksmanship,7,3,4
Lamb,undermine,202,hunter,marksmanship,11,4,7
Kekkww,hyjal,192,hunter,marksmanship,4,3,1
Erebor,malganis,192,hunter,marksmanship,6,2,4
Inurah,malganis,192,hunter,marksmanship,6,2,4
Jebote,frostmourne,192,hunter,marksmanship,6,2,4
Huntugz,frostmourne,192,hunter,marksmanship,6,2,4
Pumpydumpy,malganis,192,hunter,marksmanship,6,2,4
Xxunderoath,frostwolf,192,hunter,marksmanship,6,2,4
Tyraelias,kaelthas,192,hunter,marksmanship,6,2,4
Firskin,frostmourne,192,hunter,marksmanship,6,2,4
Cornbreadfed,gorgonnash,192,hunter,marksmanship,6,2,4
Commonbuck,area-52,192,hunter,marksmanship,6,2,4
Áppóló,spinebreaker,192,hunter,marksmanship,6,2,4
Gadorim,kelthuzad,192,hunter,marksmanship,6,2,4
Sogeki,kelthuzad,192,hunter,marksmanship,6,2,4
Penelòpe,wyrmrest-accord,192,hunter,marksmanship,6,2,4
Tus,tichondrius,192,hunter,marksmanship,6,2,4
Mùneyshot,nagrand,192,hunter,marksmanship,6,2,4
Petmydog,aegwynn,192,hunter,marksmanship,6,2,4
Arighthunt,frostmourne,192,hunter,marksmanship,6,2,4
Kahtniss,quelthalas,192,hunter,marksmanship,6,2,4
Cazaaires,quelthalas,192,hunter,marksmanship,6,2,4
Boomheadshot,blood-furnace,192,hunter,marksmanship,6,2,4
Desdee,icecrown,192,hunter,marksmanship,6,2,4
Vitae,shattered-halls,192,hunter,marksmanship,6,2,4
Voodoohunter,blood-furnace,192,hunter,marksmanship,6,2,4
Geeshot,area-52,192,hunter,marksmanship,6,2,4
Benryats,area-52,192,hunter,marksmanship,6,2,4
Namøscä,nemesis,192,hunter,marksmanship,6,2,4
Stingyshot,thrall,192,hunter,marksmanship,6,2,4
Nes,azuremyst,192,hunter,marksmanship,6,2,4
Cuchulláin,area-52,192,hunter,marksmanship,6,2,4
Lolknocked,alexstrasza,192,hunter,marksmanship,6,2,4
Xpyroshot,area-52,192,hunter,marksmanship,6,2,4
Drysst,tichondrius,192,hunter,marksmanship,6,2,4
Kanta,bleeding-hollow,192,hunter,marksmanship,6,2,4
Bloodrainia,ravencrest,192,hunter,marksmanship,6,2,4
Yonzo,area-52,192,hunter,marksmanship,6,2,4
Knator,area-52,192,hunter,marksmanship,6,2,4
Anilora,wyrmrest-accord,192,hunter,marksmanship,6,2,4
Momomomo,draka,192,hunter,marksmanship,6,2,4
Blury,tichondrius,192,hunter,marksmanship,6,2,4
Sobala,azralon,192,hunter,marksmanship,6,2,4
Muscletooth,moon-guard,192,hunter,marksmanship,6,2,4
Bendoon,sargeras,192,hunter,marksmanship,6,2,4
Ilîiìîìiilil,bleeding-hollow,192,hunter,marksmanship,6,2,4
Dikbender,tichondrius,192,hunter,marksmanship,6,2,4
Dracõ,proudmoore,192,hunter,marksmanship,6,2,4
Córnell,tichondrius,192,hunter,marksmanship,6,2,4
Sinsix,akama,192,hunter,marksmanship,6,2,4
Rëxx,moon-guard,192,hunter,marksmanship,6,2,4
Latherel,bleeding-hollow,192,hunter,marksmanship,6,2,4
Dreezzy,bleeding-hollow,192,hunter,marksmanship,6,2,4
Yortrox,ragnaros,192,hunter,marksmanship,6,2,4
Leeshaarrow,moon-guard,192,hunter,marksmanship,6,2,4
Kïwwï,tichondrius,192,hunter,marksmanship,6,2,4
Wartoz,dragonblight,192,hunter,marksmanship,6,2,4
Kimghak,tichondrius,192,hunter,marksmanship,6,2,4
Magvez,tichondrius,192,hunter,marksmanship,6,2,4
Fermra,dunemaul,192,hunter,marksmanship,6,2,4
Ðevil,ragnaros,192,hunter,marksmanship,6,2,4
Gangstashot,burning-legion,192,hunter,marksmanship,6,2,4
Symz,ragnaros,192,hunter,marksmanship,6,2,4
Bôdon,illidan,192,hunter,marksmanship,6,2,4
Huntgar,earthen-ring,192,hunter,marksmanship,6,2,4
Fleshfeast,tichondrius,192,hunter,marksmanship,6,2,4
Bowzørx,tichondrius,192,hunter,marksmanship,6,2,4
Taurenseason,sargeras,192,hunter,marksmanship,6,2,4
Jackrandall,frostmourne,192,hunter,marksmanship,6,2,4
Yembohi,queldorei,192,hunter,marksmanship,6,2,4
Bionix,sargeras,192,hunter,marksmanship,6,2,4
Crownchild,illidan,192,hunter,marksmanship,6,2,4
Hunchback,emerald-dream,192,hunter,marksmanship,6,2,4
Sevitham,dalaran,192,hunter,marksmanship,6,2,4
Ðecarlis,azralon,192,hunter,marksmanship,6,2,4
Diur,ragnaros,192,hunter,marksmanship,9,2,7
Hunterish,area-52,192,hunter,marksmanship,12,2,10
Stïinck,azralon,192,hunter,marksmanship,12,2,10
Lahyanhou,azjolnerub,192,hunter,marksmanship,12,2,10
Seekem,destromath,192,hunter,marksmanship,12,2,10
Littleagu,proudmoore,192,hunter,marksmanship,12,2,10
Demolitions,kelthuzad,192,hunter,marksmanship,12,2,10
Sharpzy,jubeithos,192,hunter,marksmanship,12,2,10
Xulag,tichondrius,192,hunter,marksmanship,12,2,10
Warpedshots,malganis,192,hunter,marksmanship,12,2,10
Tyrmaakk,emerald-dream,192,hunter,marksmanship,12,2,10
Thunderox,tichondrius,192,hunter,marksmanship,12,2,10
Larts,fenris,192,hunter,marksmanship,12,2,10
Findbind,altar-of-storms,192,hunter,marksmanship,12,2,10
Warrioress,illidan,192,hunter,marksmanship,12,2,10
Shafttrapper,queldorei,192,hunter,marksmanship,12,2,10
Eaglesx,skullcrusher,192,hunter,marksmanship,12,2,10
Àlëxx,aegwynn,192,hunter,marksmanship,12,2,10
Mayohater,sargeras,192,hunter,marksmanship,12,2,10
Maximos,lightnings-blade,192,hunter,marksmanship,12,2,10
Chetta,ragnaros,192,hunter,marksmanship,18,2,16
Chinchompas,bleeding-hollow,192,hunter,marksmanship,18,2,16
Zelanst,illidan,191,hunter,marksmanship,6,2,4
Erudraugdin,quelthalas,191,hunter,marksmanship,6,2,4
Sylviannas,frostmourne,191,hunter,marksmanship,6,2,4
ßonßon,stormrage,160,hunter,marksmanship,10,2,8
Ryonel,moon-guard,159,hunter,marksmanship,5,2,3
Hunntard,veknilash,159,hunter,marksmanship,5,2,3
Clintbartun,shadowsong,159,hunter,marksmanship,5,2,3
Thesloott,azshara,159,hunter,marksmanship,5,2,3
Overgnome,ragnaros,144,hunter,marksmanship,6,3,3
Dusle,azralon,138,hunter,marksmanship,8,3,5
Darthski,drenden,138,hunter,marksmanship,12,4,8
Plsnobanmee,frostmourne,137,hunter,marksmanship,9,5,4
Demongirl,arathor,137,hunter,marksmanship,13,3,10
Berkhof,tichondrius,127,hunter,marksmanship,8,2,6
Lúthiel,azralon,127,hunter,marksmanship,8,2,6
Razer,anvilmar,96,hunter,marksmanship,3,2,1
Ïmprîsôñ,dalaran,96,hunter,marksmanship,3,2,1
Puppyghoul,malganis,96,hunter,marksmanship,6,1,5
Hyena,kelthuzad,96,hunter,marksmanship,6,1,5
Htcrazykofwa,tichondrius,96,hunter,marksmanship,6,1,5
Ashner,illidan,96,hunter,marksmanship,6,1,5
Killshøtß,tichondrius,96,hunter,marksmanship,6,1,5
Gabitoqt,gallywix,96,hunter,marksmanship,6,1,5
Rockehm,frostmourne,96,hunter,marksmanship,6,1,5
Zarknoth,cenarius,96,hunter,marksmanship,6,1,5
Coppersnout,wyrmrest-accord,96,hunter,marksmanship,6,1,5
Spunky,zuluhed,96,hunter,marksmanship,6,1,5
Deadlyattack,barthilas,96,hunter,marksmanship,6,1,5
Arawnz,emerald-dream,96,hunter,marksmanship,6,1,5
Hellcry,khadgar,96,hunter,marksmanship,6,1,5
Anndaria,tichondrius,96,hunter,marksmanship,6,1,5
Ruhak,windrunner,96,hunter,marksmanship,6,1,5
Desarus,archimonde,96,hunter,marksmanship,6,1,5
Kiatus,nesingwary,96,hunter,marksmanship,6,1,5
Blaptz,wyrmrest-accord,96,hunter,marksmanship,6,1,5
Elknut,sargeras,96,hunter,marksmanship,6,1,5
Jaidev,nemesis,96,hunter,marksmanship,6,1,5
Siimmplicitz,area-52,96,hunter,marksmanship,6,1,5
Shootermgavn,frostmourne,96,hunter,marksmanship,6,1,5
Solderboi,tichondrius,96,hunter,marksmanship,6,1,5
Maquire,tichondrius,96,hunter,marksmanship,6,1,5
Samanta,blood-furnace,96,hunter,marksmanship,6,1,5
Gorîlla,sargeras,96,hunter,marksmanship,6,1,5
Crazyshot,drakkari,96,hunter,marksmanship,6,1,5
Biehuixin,tichondrius,96,hunter,marksmanship,6,1,5
Gunwalk,azjolnerub,96,hunter,marksmanship,6,1,5
Cowboytroy,exodar,96,hunter,marksmanship,6,1,5
Hovahdo,proudmoore,96,hunter,marksmanship,6,1,5
Jumeog,stormscale,96,hunter,marksmanship,6,1,5
Shablagoosh,zuljin,96,hunter,marksmanship,6,1,5
Arin,suramar,96,hunter,marksmanship,6,1,5
Zünma,tichondrius,96,hunter,marksmanship,6,1,5
Boongtokes,illidan,96,hunter,marksmanship,6,1,5
Artilleria,quelthalas,96,hunter,marksmanship,6,1,5
Ikiteforgold,zuljin,96,hunter,marksmanship,6,1,5
Zral,dragonmaw,96,hunter,marksmanship,6,1,5
Terezhunt,tichondrius,96,hunter,marksmanship,6,1,5
Zaamsa,ragnaros,96,hunter,marksmanship,6,1,5
Necroshotz,kul-tiras,96,hunter,marksmanship,6,1,5
Zipzyup,tichondrius,96,hunter,marksmanship,6,1,5
Exitwoundz,hyjal,96,hunter,marksmanship,6,1,5
Keelif,arthas,96,hunter,marksmanship,6,1,5
Jacobsladder,illidan,96,hunter,marksmanship,12,1,11
Bophadeaz,sargeras,96,hunter,marksmanship,12,1,11
Tarapandas,kilrogg,96,hunter,marksmanship,12,1,11
Hawneyduo,skullcrusher,96,hunter,marksmanship,12,1,11
Xalmoinmybow,illidan,96,hunter,marksmanship,12,1,11
Strixis,blood-furnace,95,hunter,marksmanship,6,1,5
Wij,turalyon,95,hunter,marksmanship,6,1,5
Setbackhunt,illidan,79,hunter,marksmanship,5,1,4
Belieli,ragnaros,79,hunter,marksmanship,8,1,7
Volga,haomarush,64,hunter,marksmanship,4,1,3
Raymose,tichondrius,64,hunter,marksmanship,4,1,3
Huntsmate,tichondrius,64,hunter,marksmanship,4,1,3
Nyloc,dalvengyr,64,hunter,marksmanship,4,1,3
Zuuvuya,nemesis,63,hunter,marksmanship,2,2,0
Maveraxx,executus,48,hunter,marksmanship,3,1,2
Dsizzle,tichondrius,42,hunter,marksmanship,14,2,12
Dapoosyx,tichondrius,31,hunter,marksmanship,2,1,1
Rnger,aerie-peak,31,hunter,marksmanship,2,1,1
Tracershot,malganis,31,hunter,marksmanship,2,1,1
Downworlder,darkspear,31,hunter,marksmanship,2,1,1
Suntail,dalaran,2208,hunter,survival,111,58,53
Cëb,stormrage,2168,hunter,survival,126,64,62
Hotmuscleman,tichondrius,2127,hunter,survival,74,45,29
Capncams,emerald-dream,2121,hunter,survival,118,62,56
Cadencex,stormrage,2120,hunter,survival,111,57,54
Pridefulz,stormrage,2109,hunter,survival,115,59,56
Djtraphouse,stormrage,2100,hunter,survival,120,64,56
Malukaca,azralon,2100,hunter,survival,125,62,63
Disciple,darkspear,2087,hunter,survival,68,39,29
Dijhoni,moon-guard,2076,hunter,survival,78,46,32
Kansolly,tichondrius,2040,hunter,survival,99,51,48
Noimnotokay,tichondrius,2029,hunter,survival,77,40,37
Hamslapper,shattered-hand,2025,hunter,survival,117,59,58
Hwslol,tichondrius,2020,hunter,survival,95,56,39
Maxiam,frostmourne,1989,hunter,survival,71,37,34
Nearly,wyrmrest-accord,1987,hunter,survival,79,40,39
Koupon,tichondrius,1987,hunter,survival,95,48,47
Bicmex,sargeras,1970,hunter,survival,42,29,13
Lèkïnhø,azralon,1953,hunter,survival,72,36,36
Otii,tichondrius,1939,hunter,survival,72,34,38
Legoelass,emerald-dream,1934,hunter,survival,78,45,33
Effyh,emerald-dream,1928,hunter,survival,123,66,57
Dwx,bleeding-hollow,1911,hunter,survival,66,35,31
Sikhunt,frostmourne,1908,hunter,survival,54,33,21
Leonilc,tichondrius,1907,hunter,survival,78,36,42
Veyronnx,stormrage,1898,hunter,survival,78,44,34
Finito,bladefist,1897,hunter,survival,115,59,56
Foxyhood,ragnaros,1893,hunter,survival,96,51,45
Buffmm,kelthuzad,1888,hunter,survival,54,29,25
Runecrossbow,barthilas,1885,hunter,survival,60,34,26
Gabiña,tichondrius,1874,hunter,survival,135,68,67
Dyucol,tichondrius,1855,hunter,survival,65,40,25
Destrumz,zuljin,1855,hunter,survival,66,31,35
Carnidon,area-52,1854,hunter,survival,139,72,67
Jalinhabbei,azralon,1846,hunter,survival,47,27,20
Kelarcia,moon-guard,1846,hunter,survival,65,29,36
Gloomy,dark-iron,1845,hunter,survival,30,23,7
Sartel,tichondrius,1837,hunter,survival,178,92,86
Ssds,sargeras,1834,hunter,survival,42,26,16
Gvoo,tichondrius,1829,hunter,survival,30,24,6
Galavant,frostmourne,1829,hunter,survival,62,33,29
Queríde,emerald-dream,1822,hunter,survival,54,36,18
Angrybow,ragnaros,1821,hunter,survival,36,25,11
Thoromel,wyrmrest-accord,1820,hunter,survival,66,33,33
Ynoit,sargeras,1818,hunter,survival,40,23,17
Kisuke,khaz-modan,1815,hunter,survival,54,34,20
Trapula,tichondrius,1814,hunter,survival,84,46,38
Kubu,emerald-dream,1810,hunter,survival,63,41,22
Wmsgs,tichondrius,1802,hunter,survival,58,29,29
Huntmon,nemesis,1800,hunter,survival,48,31,17
Jîñßæçhïñæ,sargeras,1800,hunter,survival,66,29,37
Jagaerz,emerald-dream,1790,hunter,survival,36,22,14
Fizzleegear,area-52,1785,hunter,survival,136,64,72
Percival,firetree,1770,hunter,survival,36,19,17
Bergy,thrall,1766,hunter,survival,36,24,12
Woriath,quelthalas,1761,hunter,survival,96,50,46
Róckzero,quelthalas,1760,hunter,survival,130,66,64
Vlf,tichondrius,1753,hunter,survival,60,30,30
Queride,area-52,1753,hunter,survival,48,23,25
Leaku,illidan,1744,hunter,survival,36,25,11
Pylorih,area-52,1743,hunter,survival,39,25,14
Endsnear,stormrage,1740,hunter,survival,54,26,28
Drasen,deathwing,1730,hunter,survival,42,22,20
Hibyexo,illidan,1728,hunter,survival,36,22,14
Peppancini,wyrmrest-accord,1725,hunter,survival,53,34,19
Fictìon,kelthuzad,1712,hunter,survival,35,21,14
Stevemonday,stormrage,1711,hunter,survival,96,53,43
Aurelx,tichondrius,1710,hunter,survival,24,18,6
Sylvanne,sargeras,1706,hunter,survival,30,18,12
Názzul,area-52,1705,hunter,survival,30,18,12
Concur,frostmourne,1699,hunter,survival,48,23,25
Raef,azralon,1697,hunter,survival,48,25,23
Gnarwallz,stormrage,1691,hunter,survival,60,32,28
Noxtis,kiljaeden,1689,hunter,survival,36,18,18
Knewbee,emerald-dream,1688,hunter,survival,41,23,18
Arrów,duskwood,1688,hunter,survival,36,18,18
Bjornwald,thrall,1684,hunter,survival,178,93,85
Budgetben,stormrage,1682,hunter,survival,33,19,14
Pathed,azralon,1679,hunter,survival,30,18,12
Shablagoosh,zuljin,1672,hunter,survival,45,23,22
Réxon,quelthalas,1671,hunter,survival,99,48,51
Samcro,rivendare,1670,hunter,survival,59,29,30
Xebbec,sargeras,1664,hunter,survival,63,38,25
Crypy,illidan,1664,hunter,survival,48,24,24
Fleche,aggramar,1658,hunter,survival,30,20,10
Swordshot,moon-guard,1656,hunter,survival,66,33,33
Ganemdar,sargeras,1653,hunter,survival,57,22,35
Ajacs,zuljin,1647,hunter,survival,35,24,11
Ryukotsu,tichondrius,1641,hunter,survival,49,24,25
Bendotexe,stormrage,1638,hunter,survival,36,21,15
Bigbillx,tichondrius,1623,hunter,survival,30,17,13
Truckrsaurus,tichondrius,1623,hunter,survival,42,21,21
Undien,area-52,1616,hunter,survival,48,28,20
Bbaronsamedi,darkspear,1615,hunter,survival,39,22,17
Liekis,darkspear,1615,hunter,survival,48,22,26
Cuddlestomp,magtheridon,1614,hunter,survival,46,24,22
Chimeralol,area-52,1602,hunter,survival,42,27,15
Mckennagrace,tichondrius,1601,hunter,survival,36,23,13
Imapacifist,barthilas,1600,hunter,survival,69,37,32
Exh,tichondrius,1598,hunter,survival,53,27,26
Nicochan,senjin,1593,hunter,survival,60,26,34
Noxickk,sargeras,1587,hunter,survival,30,19,11
Nandorius,proudmoore,1582,hunter,survival,36,18,18
Berenal,moon-guard,1582,hunter,survival,126,61,65
Anisphia,tichondrius,1579,hunter,survival,46,20,26
Ratonh,ragnaros,1578,hunter,survival,60,32,28
Nimeer,tichondrius,1570,hunter,survival,36,20,16
Drifting,bleeding-hollow,1569,hunter,survival,54,31,23
Køjo,emerald-dream,1564,hunter,survival,38,23,15
Partz,darkspear,1558,hunter,survival,30,18,12
Limpingspoon,kelthuzad,1553,hunter,survival,85,48,37
Killshøtß,tichondrius,1553,hunter,survival,54,25,29
Hrywnn,azralon,1547,hunter,survival,147,80,67
Dorkins,azralon,1539,hunter,survival,39,21,18
Saiiph,bleeding-hollow,1534,hunter,survival,30,16,14
Garfieldbb,tichondrius,1531,hunter,survival,36,16,20
Lenacraft,frostmourne,1527,hunter,survival,24,16,8
Shooting,sargeras,1527,hunter,survival,52,28,24
Snowynightt,proudmoore,1527,hunter,survival,42,17,25
Sativ,moknathal,1524,hunter,survival,54,27,27
Alby,deathwing,1521,hunter,survival,54,29,25
Pivott,wyrmrest-accord,1521,hunter,survival,136,71,65
Meowtard,kaelthas,1520,hunter,survival,66,31,35
Hildebald,moon-guard,1514,hunter,survival,42,25,17
Dju,stormrage,1510,hunter,survival,36,16,20
Hunterdemond,ragnaros,1508,hunter,survival,41,23,18
Xenonviper,bleeding-hollow,1504,hunter,survival,54,25,29
Xtina,drakkari,1498,hunter,survival,53,28,25
Kukulkan,haomarush,1494,hunter,survival,75,39,36
Fallacies,moon-guard,1491,hunter,survival,54,30,24
Uhm,laughing-skull,1490,hunter,survival,52,28,24
Shadeckz,stormrage,1489,hunter,survival,38,18,20
Tuohnosaj,sargeras,1484,hunter,survival,54,25,29
Rooman,ragnaros,1477,hunter,survival,48,24,24
Fkurrules,frostmourne,1472,hunter,survival,39,20,19
Lyler,tichondrius,1461,hunter,survival,28,17,11
Mayamia,ragnaros,1456,hunter,survival,42,19,23
Altarare,ragnaros,1449,hunter,survival,167,78,89
Jarhar,nesingwary,1445,hunter,survival,66,30,36
Shtealo,ragnaros,1443,hunter,survival,60,31,29
Titanaxis,tichondrius,1435,hunter,survival,71,31,40
Kensho,illidan,1432,hunter,survival,36,15,21
Moartraps,zuljin,1425,hunter,survival,24,15,9
Gadorim,kelthuzad,1425,hunter,survival,73,31,42
Axezul,tichondrius,1422,hunter,survival,30,15,15
Grizzlydeath,stormrage,1421,hunter,survival,48,30,18
Dudemanyeah,black-dragonflight,1420,hunter,survival,46,21,25
Ryonel,moon-guard,1415,hunter,survival,77,38,39
Exxonerous,sargeras,1414,hunter,survival,72,37,35
Ivansotes,quelthalas,1409,hunter,survival,39,18,21
Weedhoof,barthilas,1406,hunter,survival,54,30,24
Volkr,bleeding-hollow,1397,hunter,survival,78,37,41
Nishinos,tichondrius,1397,hunter,survival,35,15,20
Killconfirm,sargeras,1397,hunter,survival,53,22,31
Fìebs,queldorei,1396,hunter,survival,47,23,24
Cocobread,stormreaver,1395,hunter,survival,66,28,38
Arsk,ragnaros,1385,hunter,survival,33,15,18
Luckboy,tichondrius,1384,hunter,survival,61,32,29
Equilibrium,tol-barad,1367,hunter,survival,38,17,21
Evilfury,tichondrius,1366,hunter,survival,68,30,38
Navagee,tichondrius,1364,hunter,survival,47,25,22
Thalrae,quelthalas,1363,hunter,survival,30,16,14
Darkèlfo,azralon,1356,hunter,survival,42,23,19
Toross,stormscale,1352,hunter,survival,55,19,36
Arazian,stormrage,1344,hunter,survival,23,15,8
Lamerpvp,tichondrius,1343,hunter,survival,18,14,4
Ikiteforfood,zuljin,1343,hunter,survival,24,14,10
Covlol,illidan,1343,hunter,survival,30,14,16
Tumerok,barthilas,1342,hunter,survival,24,14,10
Caiodluffy,malganis,1339,hunter,survival,24,14,10
Sobit,tichondrius,1339,hunter,survival,24,14,10
Apokryph,stormrage,1338,hunter,survival,42,30,12
Wetpeach,frostmourne,1337,hunter,survival,36,18,18
Sniffler,barthilas,1337,hunter,survival,36,14,22
Mxabyycc,tichondrius,1334,hunter,survival,24,14,10
Bigsexi,kiljaeden,1329,hunter,survival,62,27,35
Asarden,jubeithos,1328,hunter,survival,24,14,10
Pdg,ragnaros,1324,hunter,survival,18,14,4
Taiberianrex,khazgoroth,1317,hunter,survival,48,28,20
Rirand,dalaran,1314,hunter,survival,41,18,23
Dirtysoap,tichondrius,1310,hunter,survival,28,14,14
Gichiwalrus,emerald-dream,1303,hunter,survival,36,20,16
Dreebizz,gorefiend,1294,hunter,survival,62,25,37
Triplethreat,bleeding-hollow,1282,hunter,survival,36,14,22
Orgpopeyes,illidan,1275,hunter,survival,37,15,22
Gxswow,tichondrius,1268,hunter,survival,66,30,36
Ghuntcassh,quelthalas,1262,hunter,survival,30,18,12
Chopsley,feathermoon,1261,hunter,survival,41,20,21
Zorht,ragnaros,1259,hunter,survival,56,28,28
Eliandriss,quelthalas,1251,hunter,survival,35,14,21
Briggsx,sargeras,1248,hunter,survival,24,13,11
Budika,ragnaros,1247,hunter,survival,18,13,5
Fancyox,frostmourne,1247,hunter,survival,18,13,5
Hawkem,illidan,1246,hunter,survival,24,13,11
Kurnos,hyjal,1236,hunter,survival,18,13,5
Soyos,sargeras,1223,hunter,survival,36,13,23
Chiad,kargath,1213,hunter,survival,18,13,5
Audiofly,tichondrius,1213,hunter,survival,24,13,11
Arkeryn,azralon,1203,hunter,survival,18,13,5
Dversive,nagrand,1194,hunter,survival,21,13,8
Bangerzx,stormrage,1185,hunter,survival,24,13,11
Gigabigly,wyrmrest-accord,1152,hunter,survival,18,12,6
Snzzl,bleeding-hollow,1152,hunter,survival,18,12,6
Xyzv,tichondrius,1152,hunter,survival,24,12,12
Åpe,illidan,1150,hunter,survival,18,12,6
Crimsoncoast,tichondrius,1149,hunter,survival,18,12,6
Bolognã,tichondrius,1149,hunter,survival,24,12,12
Tharoks,tichondrius,1147,hunter,survival,18,12,6
Giraffetrap,zuljin,1147,hunter,survival,18,12,6
Viòlenc,tichondrius,1147,hunter,survival,24,12,12
Vinnieone,kiljaeden,1144,hunter,survival,18,12,6
Ronnïn,proudmoore,1144,hunter,survival,24,12,12
Pfizershot,tichondrius,1142,hunter,survival,24,12,12
Henesis,sargeras,1139,hunter,survival,24,12,12
Arcos,emerald-dream,1138,hunter,survival,18,12,6
Félíx,ragnaros,1138,hunter,survival,24,12,12
Xitara,stormrage,1137,hunter,survival,24,12,12
Huntardadoo,nemesis,1135,hunter,survival,23,12,11
Eastera,tichondrius,1119,hunter,survival,68,30,38
Allahakbar,ragnaros,1110,hunter,survival,24,12,12
Nanotorque,moon-guard,1104,hunter,survival,55,23,32
Laralodge,stormrage,1066,hunter,survival,33,12,21
Wartoz,dragonblight,1056,hunter,survival,35,23,12
Scythedom,tichondrius,1056,hunter,survival,18,11,7
Tøkÿöghøül,agamaggan,1056,hunter,survival,18,11,7
Saltstream,tichondrius,1056,hunter,survival,24,11,13
Viólenc,tichondrius,1055,hunter,survival,18,11,7
Kenjipoo,tichondrius,1054,hunter,survival,18,11,7
Plsbepatient,wyrmrest-accord,1054,hunter,survival,18,11,7
Skàdii,tichondrius,1054,hunter,survival,24,11,13
Blåker,bleeding-hollow,1054,hunter,survival,24,11,13
Expskippy,darkspear,1053,hunter,survival,18,12,6
Jaw,hakkar,1053,hunter,survival,18,11,7
Reignwolf,nemesis,1053,hunter,survival,18,11,7
Schurk,illidan,1051,hunter,survival,24,11,13
Helïos,drakkari,1051,hunter,survival,24,11,13
Hawkethorn,moon-guard,1050,hunter,survival,24,11,13
Panm,runetotem,1034,hunter,survival,27,12,15
Vansatih,azralon,1017,hunter,survival,24,14,10
Gairkill,area-52,1013,hunter,survival,60,33,27
Prettysure,nesingwary,1001,hunter,survival,22,12,10
Aniraza,ragnaros,999,hunter,survival,21,11,10
Lucarcher,stormrage,988,hunter,survival,17,11,6
Thrandrial,smolderthorn,985,hunter,survival,20,11,9
Hellrayserr,azralon,970,hunter,survival,24,11,13
Vanthel,ragnaros,966,hunter,survival,27,12,15
Ickstab,illidan,960,hunter,survival,12,10,2
Corpo,area-52,960,hunter,survival,18,10,8
Dirtysoap,sargeras,960,hunter,survival,24,10,14
Zipzyo,tichondrius,960,hunter,survival,24,10,14
Exhausted,blackrock,960,hunter,survival,36,10,26
Kêdokî,sargeras,959,hunter,survival,12,10,2
Plainrain,tichondrius,959,hunter,survival,18,10,8
Ifoxs,bleeding-hollow,959,hunter,survival,18,10,8
Pathofsexile,tichondrius,959,hunter,survival,24,10,14
Pedropete,barthilas,959,hunter,survival,24,10,14
Legalt,tichondrius,958,hunter,survival,18,10,8
Downer,antonidas,958,hunter,survival,24,10,14
Daréz,blackrock,956,hunter,survival,15,11,4
Kula,haomarush,955,hunter,survival,28,11,17
Syvarris,medivh,943,hunter,survival,17,10,7
Aimbotmir,zuljin,927,hunter,survival,26,11,15
Demtings,dark-iron,925,hunter,survival,32,11,21
Lavo,borean-tundra,923,hunter,survival,23,10,13
Rairin,tichondrius,903,hunter,survival,23,10,13
Liñcoln,sargeras,895,hunter,survival,16,10,6
Gruì,malganis,892,hunter,survival,20,10,10
Weedzy,tichondrius,864,hunter,survival,12,9,3
Tigglyjits,tichondrius,864,hunter,survival,12,9,3
Puffcopeak,illidan,864,hunter,survival,12,9,3
Nussyo,tichondrius,864,hunter,survival,15,10,5
Ferex,tichondrius,864,hunter,survival,18,9,9
Desari,thunderhorn,864,hunter,survival,18,9,9
Randël,nemesis,863,hunter,survival,12,9,3
Vhelkan,senjin,863,hunter,survival,12,9,3
Rhyzen,drenden,863,hunter,survival,12,9,3
Wingclippin,stormrage,863,hunter,survival,15,10,5
Dooper,malfurion,863,hunter,survival,18,9,9
Sarvaxagar,tichondrius,863,hunter,survival,18,9,9
Kimbaa,tichondrius,863,hunter,survival,18,9,9
Vulkru,azralon,862,hunter,survival,18,9,9
Civvo,dalaran,862,hunter,survival,21,10,11
Duckpow,frostmourne,861,hunter,survival,18,9,9
Dephobius,azralon,861,hunter,survival,24,9,15
Khaoskills,thunderlord,860,hunter,survival,18,10,8
Zotahunterx,ragnaros,859,hunter,survival,24,9,15
Trapgodxo,moon-guard,816,hunter,survival,15,10,5
Shootin,frostmourne,768,hunter,survival,12,8,4
Iizerd,illidan,768,hunter,survival,12,8,4
Scytsbow,illidan,768,hunter,survival,12,8,4
Pokìmane,tichondrius,768,hunter,survival,12,8,4
Toozz,frostmourne,768,hunter,survival,12,8,4
Landscape,kiljaeden,768,hunter,survival,12,8,4
Fineye,illidan,768,hunter,survival,14,8,6
Buttercocoa,kelthuzad,768,hunter,survival,18,8,10
Krouno,ragnaros,768,hunter,survival,18,8,10
Ariädne,sargeras,767,hunter,survival,12,8,4
Gildthorn,frostmourne,767,hunter,survival,12,8,4
Trap,vashj,767,hunter,survival,12,8,4
Bicflop,azralon,767,hunter,survival,12,8,4
Ripsurvival,area-52,767,hunter,survival,12,8,4
Packlead,sargeras,767,hunter,survival,12,8,4
Yip,moon-guard,767,hunter,survival,21,10,11
Chokemescara,stormrage,767,hunter,survival,30,8,22
Greyh,madoran,766,hunter,survival,12,8,4
Lashga,wyrmrest-accord,766,hunter,survival,24,8,16
Lohse,emerald-dream,765,hunter,survival,18,8,10
Sterge,maiev,764,hunter,survival,18,8,10
Haumer,wyrmrest-accord,763,hunter,survival,12,8,4
Iraxium,illidan,735,hunter,survival,14,9,5
Nigthunt,quelthalas,719,hunter,survival,15,8,7
Dirtypolee,bleeding-hollow,719,hunter,survival,17,8,9
Thrakgor,wyrmrest-accord,713,hunter,survival,23,10,13
Oronir,frostmourne,672,hunter,survival,12,7,5
Svhunt,frostmourne,672,hunter,survival,12,7,5
Pfheign,area-52,672,hunter,survival,12,7,5
Porrainga,auchindoun,672,hunter,survival,12,7,5
Magvez,tichondrius,672,hunter,survival,12,7,5
Shinhyez,tichondrius,672,hunter,survival,12,7,5
Twodoobies,ghostlands,672,hunter,survival,12,7,5
Ozzsimp,stormrage,672,hunter,survival,12,7,5
Mattyhuntz,tichondrius,672,hunter,survival,12,7,5
Arcobaleno,tichondrius,672,hunter,survival,12,7,5
Arraza,ragnaros,672,hunter,survival,12,7,5
Bombbot,zuljin,672,hunter,survival,18,7,11
Trumpmerica,illidan,672,hunter,survival,18,7,11
Scottmeyers,proudmoore,672,hunter,survival,18,7,11
Mmchode,zuljin,672,hunter,survival,18,7,11
Notnunca,tichondrius,672,hunter,survival,18,7,11
Venoc,bleeding-hollow,672,hunter,survival,18,7,11
Acres,emerald-dream,672,hunter,survival,24,7,17
Genocell,thunderlord,671,hunter,survival,12,7,5
Kyoü,drakkari,670,hunter,survival,12,7,5
Catboikilla,ravencrest,639,hunter,survival,17,7,10
Rotthem,ragnaros,638,hunter,survival,20,8,12
Survïvalïst,bleeding-hollow,623,hunter,survival,11,7,4
Trappin,malganis,623,hunter,survival,11,7,4
Odynshowl,stormrage,605,hunter,survival,11,7,4
Ðevil,ragnaros,576,hunter,survival,6,6,0
Ivanjackenov,illidan,576,hunter,survival,10,7,3
Kimssis,tichondrius,576,hunter,survival,12,6,6
Poston,ragnaros,576,hunter,survival,12,6,6
Crumpit,moon-guard,576,hunter,survival,12,6,6
Turkshot,area-52,576,hunter,survival,12,6,6
Jubulba,frostwolf,576,hunter,survival,12,6,6
Piñg,tichondrius,576,hunter,survival,12,6,6
Htniss,tichondrius,576,hunter,survival,12,6,6
Jésús,dalaran,576,hunter,survival,12,6,6
Traponomics,stormrage,576,hunter,survival,12,6,6
Moroally,sargeras,576,hunter,survival,12,6,6
Rojpube,frostmourne,576,hunter,survival,12,6,6
Haemøphilus,area-52,576,hunter,survival,12,6,6
Rúdrá,area-52,576,hunter,survival,18,6,12
Emart,bloodhoof,576,hunter,survival,18,6,12
Xeiana,proudmoore,575,hunter,survival,12,6,6
Xfo,bleeding-hollow,575,hunter,survival,12,6,6
Viró,sargeras,575,hunter,survival,12,6,6
Týrak,illidan,575,hunter,survival,12,6,6
Rayuwa,azralon,575,hunter,survival,16,7,9
Bushytails,illidan,573,hunter,survival,18,6,12
Opsi,ragnaros,559,hunter,survival,11,6,5
Warhog,wyrmrest-accord,527,hunter,survival,11,6,5
Dräkö,tichondrius,527,hunter,survival,15,7,8
Pxry,drenden,511,hunter,survival,11,6,5
Gufanyaun,tichondrius,480,hunter,survival,6,5,1
Narukín,tichondrius,480,hunter,survival,6,5,1
Met,dentarg,480,hunter,survival,6,5,1
Neverturtlex,tichondrius,480,hunter,survival,6,5,1
Jonah,sargeras,480,hunter,survival,6,5,1
Tmzsteezy,tichondrius,480,hunter,survival,6,5,1
Jäger,zuljin,480,hunter,survival,6,5,1
Selenis,khadgar,480,hunter,survival,6,5,1
Mambothehunt,stormrage,480,hunter,survival,12,5,7
Minxed,sargeras,480,hunter,survival,12,5,7
Chicall,kalecgos,480,hunter,survival,12,5,7
Shytshot,dalaran,480,hunter,survival,12,5,7
Bigiesmalls,moon-guard,480,hunter,survival,12,5,7
Downrange,stonemaul,480,hunter,survival,12,5,7
Shootnoscore,vashj,480,hunter,survival,15,6,9
Rogaldornn,thrall,479,hunter,survival,12,5,7
Querosushi,ragnaros,479,hunter,survival,12,5,7
Obsididan,aerie-peak,479,hunter,survival,12,5,7
Belvhar,skullcrusher,479,hunter,survival,12,5,7
Lesseneth,aegwynn,479,hunter,survival,18,5,13
Joón,moon-guard,400,hunter,survival,7,5,2
Jawbreakër,tichondrius,400,hunter,survival,13,5,8
Terapista,area-52,384,hunter,survival,6,4,2
Trapdaddyx,thrall,384,hunter,survival,6,4,2
Nastoid,area-52,384,hunter,survival,6,4,2
Draban,stormrage,384,hunter,survival,6,4,2
Petstun,moon-guard,384,hunter,survival,6,4,2
Covlolzz,illidan,384,hunter,survival,6,4,2
Huntardxo,moon-guard,384,hunter,survival,6,4,2
Snoopinator,malganis,384,hunter,survival,6,4,2
Darkarrow,hyjal,384,hunter,survival,6,4,2
Alfaan,moon-guard,384,hunter,survival,6,4,2
Maxlol,stormrage,384,hunter,survival,6,4,2
Ziaxel,bleeding-hollow,384,hunter,survival,6,4,2
Æßç,ragnaros,384,hunter,survival,6,4,2
Sarqis,lightbringer,384,hunter,survival,6,4,2
Thefanbus,tichondrius,384,hunter,survival,6,4,2
Ikitefordmt,zuljin,384,hunter,survival,6,4,2
Tyjes,stormrage,384,hunter,survival,6,4,2
Rankonee,area-52,384,hunter,survival,6,4,2
Gunka,illidan,384,hunter,survival,6,4,2
Bigpets,azralon,384,hunter,survival,6,4,2
Bendoon,sargeras,384,hunter,survival,6,4,2
Ehhee,twisting-nether,384,hunter,survival,6,4,2
Equalizér,sargeras,384,hunter,survival,6,4,2
Ruskö,tichondrius,384,hunter,survival,7,4,3
Hyena,kelthuzad,384,hunter,survival,9,5,4
Ariran,illidan,384,hunter,survival,12,4,8
Wolfsok,norgannon,384,hunter,survival,12,4,8
Braindeadorc,illidan,384,hunter,survival,12,4,8
Gunicks,illidan,384,hunter,survival,12,4,8
Eforas,ragnaros,384,hunter,survival,12,4,8
Zänich,tichondrius,384,hunter,survival,12,4,8
Skriill,tichondrius,384,hunter,survival,12,4,8
Keenz,frostmourne,384,hunter,survival,12,4,8
Éygon,sargeras,384,hunter,survival,12,4,8
Wkx,tichondrius,384,hunter,survival,12,4,8
Fâpple,stormrage,384,hunter,survival,12,4,8
Violénc,tichondrius,384,hunter,survival,12,4,8
Camfeed,illidan,384,hunter,survival,12,4,8
Oatmeallover,stormrage,384,hunter,survival,12,4,8
Lahinch,darkspear,384,hunter,survival,12,4,8
Cakeislife,kelthuzad,384,hunter,survival,18,4,14
Tydee,nagrand,383,hunter,survival,18,4,14
Tyrokk,barthilas,351,hunter,survival,12,4,8
Moistbooger,emerald-dream,288,hunter,survival,6,3,3
Wooftoof,frostmourne,288,hunter,survival,6,3,3
Slowhunterr,tichondrius,288,hunter,survival,6,3,3
Fälke,stormrage,288,hunter,survival,6,3,3
Furipoon,stormrage,288,hunter,survival,6,3,3
Calidian,moon-guard,288,hunter,survival,6,3,3
Meowimadog,spinebreaker,288,hunter,survival,6,3,3
Embaçado,bleeding-hollow,288,hunter,survival,6,3,3
Petkd,frostmourne,288,hunter,survival,6,3,3
Pridefulzjr,stormrage,288,hunter,survival,6,3,3
Trenbolone,frostmourne,288,hunter,survival,6,3,3
Whitemàne,dalaran,288,hunter,survival,6,3,3
Mistrj,frostmourne,288,hunter,survival,6,3,3
Onécare,bleeding-hollow,288,hunter,survival,6,3,3
Yoonsukyeol,tichondrius,288,hunter,survival,6,3,3
Thesniperx,sargeras,288,hunter,survival,6,3,3
Cantantie,tichondrius,288,hunter,survival,6,3,3
Dirtymongrel,barthilas,288,hunter,survival,6,3,3
Ünitedi,nemesis,288,hunter,survival,6,3,3
Makeastinky,malfurion,288,hunter,survival,6,3,3
Mlemily,stormrage,288,hunter,survival,6,3,3
Trapmasterx,tichondrius,288,hunter,survival,6,3,3
Kukulkán,muradin,288,hunter,survival,6,3,3
Loogan,sargeras,288,hunter,survival,6,3,3
Soul,sargeras,288,hunter,survival,6,3,3
Twom,area-52,288,hunter,survival,6,3,3
Pistolon,quelthalas,288,hunter,survival,6,3,3
Anêmos,ragnaros,288,hunter,survival,6,3,3
Zà,sargeras,288,hunter,survival,6,3,3
Kyujin,ragnaros,288,hunter,survival,6,3,3
Freebeë,area-52,288,hunter,survival,12,3,9
Snipin,ragnaros,288,hunter,survival,12,3,9
Iol,blades-edge,288,hunter,survival,12,3,9
Henhøuse,illidan,288,hunter,survival,12,3,9
Calvarîam,korgath,288,hunter,survival,12,3,9
Gutshott,tichondrius,288,hunter,survival,12,3,9
Cndavyjones,akama,288,hunter,survival,12,3,9
Daxar,ragnaros,288,hunter,survival,12,3,9
Drunkbunny,tichondrius,271,hunter,survival,11,3,8
Ungrella,malganis,239,hunter,survival,5,3,2
Hovahdo,proudmoore,239,hunter,survival,5,3,2
Yogurtti,zuljin,239,hunter,survival,5,3,2
Raeshots,area-52,233,hunter,survival,15,5,10
Moscato,cenarion-circle,232,hunter,survival,14,4,10
Rinehart,dalaran,223,hunter,survival,8,3,5
Casadega,sargeras,192,hunter,survival,4,3,1
Eclipsie,aerie-peak,192,hunter,survival,6,2,4
Raiku,aggramar,192,hunter,survival,6,2,4
Sunchea,arygos,192,hunter,survival,6,2,4
Gswag,malganis,192,hunter,survival,6,2,4
Mckim,tichondrius,192,hunter,survival,6,2,4
Splewsh,area-52,192,hunter,survival,6,2,4
Stupidgodx,tichondrius,192,hunter,survival,6,2,4
Shaftgravy,area-52,192,hunter,survival,6,2,4
Zackèse,area-52,192,hunter,survival,6,2,4
Côckblocked,tichondrius,192,hunter,survival,6,2,4
Pedropete,frostmourne,192,hunter,survival,6,2,4
Comebacks,ragnaros,192,hunter,survival,6,2,4
Gobygobbs,magtheridon,192,hunter,survival,6,2,4
Drunknachos,bleeding-hollow,192,hunter,survival,6,2,4
Trígger,azshara,192,hunter,survival,6,2,4
Dfnhdft,stormrage,192,hunter,survival,6,2,4
Buggyhuntz,stormrage,192,hunter,survival,6,2,4
Rainzs,stormrage,192,hunter,survival,6,2,4
Nelandris,tichondrius,192,hunter,survival,6,2,4
Diddycombe,stormrage,192,hunter,survival,6,2,4
Nahzah,stormrage,192,hunter,survival,6,2,4
Gaim,dalaran,192,hunter,survival,6,2,4
Rimbar,ysera,192,hunter,survival,6,2,4
Stylebende,tichondrius,192,hunter,survival,6,2,4
Zèd,azralon,192,hunter,survival,6,2,4
Bboo,bonechewer,192,hunter,survival,6,2,4
Sealteamrick,frostmourne,192,hunter,survival,6,2,4
Cosmodome,daggerspine,192,hunter,survival,6,2,4
Slipox,sargeras,192,hunter,survival,6,2,4
Lixniqua,tichondrius,192,hunter,survival,6,2,4
Imraghorn,sargeras,192,hunter,survival,6,2,4
Aiyanafox,moon-guard,192,hunter,survival,6,2,4
Aaggros,sargeras,192,hunter,survival,6,2,4
Zellor,wyrmrest-accord,192,hunter,survival,6,2,4
Blackjesu,blackrock,192,hunter,survival,6,2,4
Egurl,firetree,192,hunter,survival,6,2,4
Araghrn,draktharon,192,hunter,survival,6,2,4
Acidhunt,tichondrius,192,hunter,survival,6,2,4
Sukr,korgath,192,hunter,survival,6,2,4
Skrìms,tichondrius,192,hunter,survival,12,2,10
Kaldrool,frostmourne,192,hunter,survival,12,2,10
Lawafla,area-52,138,hunter,survival,8,3,5
Xradû,dawnbringer,138,hunter,survival,9,3,6
Arrebol,tichondrius,128,hunter,survival,4,2,2
Bránn,quelthalas,128,hunter,survival,4,2,2
Narakara,stormreaver,128,hunter,survival,5,2,3
Taofang,emerald-dream,96,hunter,survival,6,1,5
Feorbxl,proudmoore,96,hunter,survival,6,1,5
Sobala,azralon,96,hunter,survival,6,1,5
Dusle,azralon,96,hunter,survival,6,1,5
Survbot,malganis,96,hunter,survival,6,1,5
Bloodarrow,tichondrius,96,hunter,survival,6,1,5
Jîlt,aerie-peak,96,hunter,survival,6,1,5
Legosshi,darrowmere,96,hunter,survival,6,1,5
Waylòn,moon-guard,96,hunter,survival,6,1,5
Morganson,moon-guard,96,hunter,survival,6,1,5
Esser,mannoroth,96,hunter,survival,6,1,5
Lammy,bleeding-hollow,96,hunter,survival,6,1,5
Weegnomie,wyrmrest-accord,96,hunter,survival,6,1,5
Nevertraps,tichondrius,96,hunter,survival,6,1,5
Firesail,kelthuzad,96,hunter,survival,6,1,5
Tejodite,thrall,96,hunter,survival,6,1,5
Montakka,illidan,79,hunter,survival,5,1,4
Luangg,tichondrius,31,hunter,survival,2,1,1
Therealpafo,tichondrius,31,hunter,survival,8,1,7
Saiiph,bleeding-hollow,2274,hunter,beastmastery,136,76,60
Sphericsnow,shuhalo,2210,hunter,beastmastery,95,51,44
Missedmytrap,agamaggan,2149,hunter,beastmastery,80,46,34
Maiyev,quelthalas,2127,hunter,beastmastery,83,48,35
Fish,darkspear,2070,hunter,beastmastery,90,45,45
Antø,tichondrius,2059,hunter,beastmastery,99,50,49
Wmsgs,tichondrius,2050,hunter,beastmastery,106,51,55
Manyu,tichondrius,2035,hunter,beastmastery,69,34,35
Eref,sargeras,2005,hunter,beastmastery,48,26,22
Cannondale,tichondrius,1993,hunter,beastmastery,36,21,15
Hazzersk,ragnaros,1986,hunter,beastmastery,119,56,63
Pokìmane,tichondrius,1980,hunter,beastmastery,74,44,30
Axlee,tichondrius,1977,hunter,beastmastery,60,30,30
Kensho,illidan,1968,hunter,beastmastery,86,45,41
Zujo,emerald-dream,1958,hunter,beastmastery,143,68,75
Beastmunster,frostmourne,1957,hunter,beastmastery,66,32,34
Zugbrained,illidan,1953,hunter,beastmastery,130,73,57
Arcobaleno,tichondrius,1952,hunter,beastmastery,89,44,45
Orber,stormrage,1946,hunter,beastmastery,188,99,89
Øverdose,ragnaros,1935,hunter,beastmastery,54,28,26
Blackathena,tichondrius,1924,hunter,beastmastery,90,47,43
Warpath,ursin,1920,hunter,beastmastery,66,36,30
Wodhunterxdd,sargeras,1915,hunter,beastmastery,70,34,36
Ashenga,cairne,1910,hunter,beastmastery,114,64,50
Nollzey,frostmourne,1903,hunter,beastmastery,39,21,18
Outz,anvilmar,1901,hunter,beastmastery,162,79,83
Pãrzival,tichondrius,1896,hunter,beastmastery,42,20,22
Nyxus,tichondrius,1887,hunter,beastmastery,125,63,62
Lamerpvp,tichondrius,1885,hunter,beastmastery,50,31,19
Perawantua,frostmourne,1878,hunter,beastmastery,61,35,26
Argryta,azralon,1872,hunter,beastmastery,47,22,25
Graar,tichondrius,1871,hunter,beastmastery,48,25,23
Illweedx,kiljaeden,1870,hunter,beastmastery,71,36,35
Headshotzplz,tichondrius,1869,hunter,beastmastery,50,27,23
Hogx,sargeras,1862,hunter,beastmastery,72,32,40
Bogen,nemesis,1861,hunter,beastmastery,40,25,15
Lkw,tichondrius,1855,hunter,beastmastery,44,22,22
Koridelse,nemesis,1854,hunter,beastmastery,126,62,64
Trappxy,sargeras,1851,hunter,beastmastery,48,27,21
Arsk,ragnaros,1850,hunter,beastmastery,89,43,46
Hfn,stormrage,1849,hunter,beastmastery,47,26,21
Genom,tichondrius,1845,hunter,beastmastery,118,57,61
Inktray,durotan,1844,hunter,beastmastery,37,22,15
Ucl,tichondrius,1843,hunter,beastmastery,54,27,27
Aqq,moon-guard,1842,hunter,beastmastery,98,58,40
Nutellacrepe,kelthuzad,1842,hunter,beastmastery,128,64,64
Mørodox,sargeras,1834,hunter,beastmastery,54,24,30
Ñotorious,frostmane,1833,hunter,beastmastery,36,21,15
Absinther,emerald-dream,1829,hunter,beastmastery,66,41,25
Ðeatheater,tichondrius,1828,hunter,beastmastery,35,20,15
Edarkness,gurubashi,1827,hunter,beastmastery,65,30,35
Sosaho,sargeras,1825,hunter,beastmastery,41,21,20
Jeffersan,illidan,1825,hunter,beastmastery,131,63,68
Phatshiet,anvilmar,1823,hunter,beastmastery,50,31,19
Zefbaby,quelthalas,1822,hunter,beastmastery,66,31,35
Zeddead,magtheridon,1821,hunter,beastmastery,117,58,59
Tyreu,tichondrius,1820,hunter,beastmastery,59,30,29
Grimrokk,malganis,1819,hunter,beastmastery,78,40,38
Scuffedshots,tichondrius,1817,hunter,beastmastery,74,43,31
Flitt,zuljin,1815,hunter,beastmastery,36,19,17
Audeline,tichondrius,1815,hunter,beastmastery,69,33,36
Veevx,proudmoore,1814,hunter,beastmastery,47,33,14
Songhammer,tichondrius,1814,hunter,beastmastery,47,30,17
Goonsh,tichondrius,1813,hunter,beastmastery,40,25,15
Asukaw,barthilas,1813,hunter,beastmastery,57,28,29
Tracershot,malganis,1812,hunter,beastmastery,77,48,29
Faniquitinha,stormrage,1811,hunter,beastmastery,48,22,26
Kybelís,dalaran,1810,hunter,beastmastery,110,61,49
Zumago,tichondrius,1806,hunter,beastmastery,95,42,53
Negãn,tichondrius,1805,hunter,beastmastery,68,34,34
Swang,kiljaeden,1805,hunter,beastmastery,49,24,25
Phayzd,sargeras,1804,hunter,beastmastery,48,28,20
Warcher,azralon,1802,hunter,beastmastery,60,32,28
Jsgun,illidan,1800,hunter,beastmastery,38,25,13
Shafttrapper,queldorei,1800,hunter,beastmastery,119,64,55
Vëëv,proudmoore,1800,hunter,beastmastery,53,25,28
Nelay,ragnaros,1799,hunter,beastmastery,88,48,40
Funkyjunk,arthas,1799,hunter,beastmastery,66,32,34
Kwinoah,zuljin,1796,hunter,beastmastery,90,47,43
Torolol,tichondrius,1793,hunter,beastmastery,120,69,51
Easonl,tichondrius,1783,hunter,beastmastery,72,27,45
Xgoh,sargeras,1782,hunter,beastmastery,42,22,20
Liarael,illidan,1779,hunter,beastmastery,95,46,49
Hunterphil,hyjal,1775,hunter,beastmastery,48,30,18
Auwstin,tichondrius,1765,hunter,beastmastery,49,27,22
Kabalaku,moon-guard,1759,hunter,beastmastery,73,42,31
Fockewulf,dragonmaw,1752,hunter,beastmastery,72,31,41
Quietqt,ragnaros,1742,hunter,beastmastery,100,50,50
Mauklindaufe,fenris,1737,hunter,beastmastery,69,38,31
Sobewan,staghelm,1737,hunter,beastmastery,56,25,31
Shablagoosh,zuljin,1733,hunter,beastmastery,31,23,8
Coopshot,darkspear,1732,hunter,beastmastery,63,39,24
Dahmer,greymane,1732,hunter,beastmastery,62,29,33
Melov,frostmourne,1730,hunter,beastmastery,64,30,34
Monffbe,tichondrius,1729,hunter,beastmastery,48,22,26
Kushaddict,lightnings-blade,1725,hunter,beastmastery,84,38,46
Krunkz,frostmourne,1724,hunter,beastmastery,53,33,20
Reparcero,quelthalas,1723,hunter,beastmastery,42,20,22
Bootydoo,illidan,1721,hunter,beastmastery,124,64,60
Kytan,shadowmoon,1720,hunter,beastmastery,150,70,80
Twixzorz,boulderfist,1716,hunter,beastmastery,60,28,32
Edelyysa,arthas,1711,hunter,beastmastery,180,89,91
Lenacraft,frostmourne,1708,hunter,beastmastery,24,18,6
Cuchulláin,area-52,1707,hunter,beastmastery,108,55,53
Zå,dalaran,1699,hunter,beastmastery,28,19,9
Sindragostra,tichondrius,1697,hunter,beastmastery,72,38,34
Kyló,sargeras,1695,hunter,beastmastery,42,21,21
Jfkd,sargeras,1694,hunter,beastmastery,52,21,31
Dju,stormrage,1693,hunter,beastmastery,65,31,34
Hogd,sargeras,1691,hunter,beastmastery,36,20,16
Sissleto,tichondrius,1691,hunter,beastmastery,130,64,66
Turtlegirl,tichondrius,1687,hunter,beastmastery,35,18,17
Hollymarie,nazjatar,1684,hunter,beastmastery,30,21,9
Lucki,blades-edge,1682,hunter,beastmastery,42,24,18
Saiiphz,bleeding-hollow,1675,hunter,beastmastery,40,22,18
Tuân,azgalor,1674,hunter,beastmastery,36,23,13
Alaurys,moon-guard,1674,hunter,beastmastery,35,18,17
Bowrockobama,illidan,1665,hunter,beastmastery,45,25,20
Dreygar,dawnbringer,1664,hunter,beastmastery,72,39,33
Hokutoxx,tichondrius,1663,hunter,beastmastery,61,25,36
Sniperælite,korgath,1657,hunter,beastmastery,37,22,15
Kangarookyle,illidan,1656,hunter,beastmastery,48,29,19
Dpdóugh,illidan,1655,hunter,beastmastery,100,53,47
Rndx,sargeras,1653,hunter,beastmastery,46,20,26
Pathofsexile,tichondrius,1647,hunter,beastmastery,41,22,19
Ipickmynose,tichondrius,1645,hunter,beastmastery,45,27,18
Mlemily,stormrage,1643,hunter,beastmastery,63,36,27
Toxarch,aggramar,1642,hunter,beastmastery,42,23,19
Sniper,area-52,1638,hunter,beastmastery,47,21,26
Nobito,quelthalas,1636,hunter,beastmastery,49,28,21
Drakarth,khazgoroth,1635,hunter,beastmastery,47,22,25
Parnicyon,frostmourne,1634,hunter,beastmastery,103,57,46
Mambothehunt,stormrage,1633,hunter,beastmastery,41,19,22
Asurvivor,suramar,1630,hunter,beastmastery,72,39,33
Bolanite,illidan,1629,hunter,beastmastery,30,17,13
Silverbite,garona,1629,hunter,beastmastery,86,46,40
Cocoapuffs,cenarius,1627,hunter,beastmastery,36,17,19
Eastwood,tichondrius,1627,hunter,beastmastery,72,30,42
Vox,tichondrius,1626,hunter,beastmastery,30,20,10
Cresselia,drakkari,1623,hunter,beastmastery,30,18,12
Realskinhead,terenas,1622,hunter,beastmastery,54,29,25
Trapful,illidan,1620,hunter,beastmastery,36,17,19
Skytrooper,boulderfist,1620,hunter,beastmastery,47,22,25
Apøllö,kilrogg,1620,hunter,beastmastery,167,75,92
Biehuixin,tichondrius,1619,hunter,beastmastery,38,20,18
Consanguin,sargeras,1618,hunter,beastmastery,36,22,14
Cachín,ragnaros,1618,hunter,beastmastery,36,21,15
Sambucca,daggerspine,1617,hunter,beastmastery,42,21,21
Telånnas,illidan,1616,hunter,beastmastery,42,21,21
Killwill,illidan,1613,hunter,beastmastery,36,20,16
Killshøtß,tichondrius,1613,hunter,beastmastery,36,20,16
Casperonni,illidan,1611,hunter,beastmastery,48,27,21
Revalay,emerald-dream,1611,hunter,beastmastery,42,23,19
Cobrakhan,tichondrius,1608,hunter,beastmastery,66,42,24
Bertimus,sargeras,1608,hunter,beastmastery,132,61,71
Focusfire,khazgoroth,1607,hunter,beastmastery,66,32,34
Lexandr,tichondrius,1606,hunter,beastmastery,78,44,34
Shootnoscore,vashj,1606,hunter,beastmastery,83,46,37
Kahll,azralon,1606,hunter,beastmastery,42,18,24
Legacyhunter,nazgrel,1605,hunter,beastmastery,30,17,13
Ðfac,moon-guard,1604,hunter,beastmastery,60,26,34
Shadowfangs,tichondrius,1599,hunter,beastmastery,36,17,19
Mythxplosive,ragnaros,1597,hunter,beastmastery,41,17,24
Livelovelaff,tichondrius,1594,hunter,beastmastery,36,19,17
Spídër,maiev,1591,hunter,beastmastery,38,20,18
Svsnipe,tichondrius,1585,hunter,beastmastery,41,23,18
Teneightt,tichondrius,1578,hunter,beastmastery,50,24,26
Wilmaßallfit,malganis,1578,hunter,beastmastery,42,18,24
Fkkroglash,barthilas,1573,hunter,beastmastery,36,23,13
Zennifi,bleeding-hollow,1573,hunter,beastmastery,73,36,37
Hyjax,darkspear,1569,hunter,beastmastery,31,18,13
Kopula,illidan,1569,hunter,beastmastery,55,30,25
Velhokoira,illidan,1563,hunter,beastmastery,42,27,15
Onemoreshot,bleeding-hollow,1562,hunter,beastmastery,54,26,28
Assbow,kiljaeden,1561,hunter,beastmastery,36,18,18
Lasix,burning-blade,1559,hunter,beastmastery,107,52,55
Sungoro,tichondrius,1546,hunter,beastmastery,48,24,24
Kript,dragonmaw,1545,hunter,beastmastery,217,103,114
Snewfly,tichondrius,1544,hunter,beastmastery,36,25,11
Ungoliánt,cairne,1541,hunter,beastmastery,54,28,26
Despairius,moon-guard,1540,hunter,beastmastery,42,24,18
Mournebow,tichondrius,1540,hunter,beastmastery,127,71,56
Petkd,frostmourne,1538,hunter,beastmastery,42,23,19
Laurenx,illidan,1537,hunter,beastmastery,33,20,13
Freebeë,area-52,1531,hunter,beastmastery,85,49,36
Pankyrangs,kelthuzad,1531,hunter,beastmastery,42,22,20
Sñïpêr,tichondrius,1530,hunter,beastmastery,30,16,14
Rektarrow,area-52,1530,hunter,beastmastery,35,17,18
Teaks,aggramar,1527,hunter,beastmastery,30,16,14
Robnhunt,tichondrius,1526,hunter,beastmastery,30,16,14
Uzpak,tichondrius,1524,hunter,beastmastery,59,34,25
Dlabio,emerald-dream,1518,hunter,beastmastery,84,45,39
Hazzeth,thrall,1516,hunter,beastmastery,30,21,9
Grimbrew,garona,1514,hunter,beastmastery,29,17,12
Limcross,drakkari,1513,hunter,beastmastery,42,22,20
Gamestopceo,tichondrius,1511,hunter,beastmastery,84,41,43
Selhort,quelthalas,1510,hunter,beastmastery,54,22,32
Terpa,nemesis,1509,hunter,beastmastery,96,48,48
Chowyunfatss,proudmoore,1509,hunter,beastmastery,94,45,49
Internade,frostmourne,1509,hunter,beastmastery,54,25,29
Legoflaiz,drakkari,1506,hunter,beastmastery,36,16,20
Scourgesurge,kiljaeden,1504,hunter,beastmastery,127,63,64
Emilysamuels,tichondrius,1503,hunter,beastmastery,24,16,8
Stalkstride,destromath,1503,hunter,beastmastery,72,35,37
Outfazed,tichondrius,1502,hunter,beastmastery,58,32,26
Irøneye,sargeras,1499,hunter,beastmastery,55,20,35
Sonichunterr,illidan,1495,hunter,beastmastery,35,21,14
Reloadz,shattered-hand,1494,hunter,beastmastery,34,18,16
Scirfreez,ragnaros,1491,hunter,beastmastery,42,18,24
Chizhi,tichondrius,1489,hunter,beastmastery,72,36,36
Wredd,nemesis,1488,hunter,beastmastery,35,20,15
Fames,shuhalo,1485,hunter,beastmastery,43,21,22
Laras,blades-edge,1484,hunter,beastmastery,36,22,14
Mortalz,barthilas,1484,hunter,beastmastery,83,39,44
Grànd,tortheldrin,1480,hunter,beastmastery,66,33,33
Madbéê,tichondrius,1479,hunter,beastmastery,35,16,19
Bamfhunt,darkspear,1478,hunter,beastmastery,28,17,11
Garzb,area-52,1476,hunter,beastmastery,42,22,20
Aguntur,ragnaros,1471,hunter,beastmastery,93,56,37
Virolac,tichondrius,1469,hunter,beastmastery,32,16,16
Sootgarbage,sargeras,1464,hunter,beastmastery,72,42,30
Daarrk,thrall,1462,hunter,beastmastery,40,19,21
Danncer,alexstrasza,1459,hunter,beastmastery,66,38,28
Borudin,stormrage,1458,hunter,beastmastery,87,37,50
Jjack,muradin,1454,hunter,beastmastery,42,22,20
Limpnoodle,nerzhul,1452,hunter,beastmastery,75,36,39
Araghrn,draktharon,1447,hunter,beastmastery,66,33,33
Cyrsmen,ragnaros,1447,hunter,beastmastery,60,27,33
Morganson,moon-guard,1446,hunter,beastmastery,72,33,39
Andalora,malganis,1444,hunter,beastmastery,31,16,15
Mugiwara,frostwolf,1439,hunter,beastmastery,24,15,9
Jyttrg,tichondrius,1437,hunter,beastmastery,53,29,24
Cyboreg,stormrage,1436,hunter,beastmastery,35,21,14
Aristæos,kelthuzad,1436,hunter,beastmastery,77,40,37
Gernon,frostmourne,1434,hunter,beastmastery,27,16,11
Lilpoots,warsong,1430,hunter,beastmastery,53,26,27
Fernn,illidan,1430,hunter,beastmastery,36,15,21
Dôntlosmebro,stormrage,1427,hunter,beastmastery,42,21,21
Trickshotss,illidan,1426,hunter,beastmastery,23,17,6
Munyshotz,tichondrius,1426,hunter,beastmastery,86,50,36
Shockwave,velen,1420,hunter,beastmastery,131,65,66
Yaisk,tichondrius,1418,hunter,beastmastery,42,22,20
Eldlichi,proudmoore,1416,hunter,beastmastery,48,20,28
Terminatôr,malganis,1415,hunter,beastmastery,36,15,21
Drunkhunter,malygos,1414,hunter,beastmastery,24,15,9
Camhaanes,area-52,1414,hunter,beastmastery,44,22,22
Partz,darkspear,1413,hunter,beastmastery,24,15,9
Spèedbump,stormrage,1413,hunter,beastmastery,41,21,20
Razor,destromath,1413,hunter,beastmastery,37,15,22
Varka,area-52,1412,hunter,beastmastery,24,15,9
Sioul,bleeding-hollow,1403,hunter,beastmastery,30,15,15
Thezeus,barthilas,1402,hunter,beastmastery,41,15,26
Rcman,tichondrius,1399,hunter,beastmastery,24,17,7
Belime,korgath,1399,hunter,beastmastery,65,37,28
Timmee,bleeding-hollow,1392,hunter,beastmastery,36,15,21
Oblivîon,illidan,1383,hunter,beastmastery,35,19,16
Viperstng,area-52,1380,hunter,beastmastery,70,40,30
Darthski,drenden,1379,hunter,beastmastery,45,20,25
Sereom,frostmourne,1375,hunter,beastmastery,59,33,26
Peterming,tichondrius,1372,hunter,beastmastery,90,41,49
Boward,illidan,1371,hunter,beastmastery,43,24,19
Omegalulzxd,kelthuzad,1370,hunter,beastmastery,36,16,20
Phaction,tichondrius,1369,hunter,beastmastery,60,26,34
Jacobsladder,illidan,1365,hunter,beastmastery,66,30,36
Lizymcguire,malganis,1364,hunter,beastmastery,36,22,14
Ryukuzen,tichondrius,1359,hunter,beastmastery,35,15,20
Kouandjio,area-52,1357,hunter,beastmastery,30,15,15
Shlandy,frostmourne,1356,hunter,beastmastery,32,18,14
Sliturthroat,barthilas,1354,hunter,beastmastery,38,17,21
Bro,malorne,1341,hunter,beastmastery,72,34,38
Tergls,illidan,1341,hunter,beastmastery,73,33,40
Airtight,area-52,1340,hunter,beastmastery,41,20,21
Oatmeallover,stormrage,1339,hunter,beastmastery,30,14,16
Rëxx,moon-guard,1338,hunter,beastmastery,18,14,4
Aiollus,stormreaver,1338,hunter,beastmastery,30,14,16
Kniightjayyx,kelthuzad,1337,hunter,beastmastery,30,14,16
Crownchild,illidan,1336,hunter,beastmastery,24,14,10
Cw,gorefiend,1336,hunter,beastmastery,24,14,10
Skulgor,zuljin,1336,hunter,beastmastery,66,34,32
Psychiatry,bonechewer,1336,hunter,beastmastery,70,35,35
Cigâro,thrall,1336,hunter,beastmastery,41,18,23
Drektorath,bleeding-hollow,1335,hunter,beastmastery,36,14,22
Cerébro,illidan,1334,hunter,beastmastery,36,14,22
Mitulla,wyrmrest-accord,1331,hunter,beastmastery,24,15,9
Bluebow,tichondrius,1331,hunter,beastmastery,60,29,31
Daken,ysera,1330,hunter,beastmastery,24,14,10
Luprikus,maelstrom,1328,hunter,beastmastery,29,14,15
Frostyarrow,moon-guard,1323,hunter,beastmastery,29,16,13
Fallenfates,stormrage,1322,hunter,beastmastery,48,23,25
Wøden,draka,1321,hunter,beastmastery,30,14,16
Jesticles,zuljin,1320,hunter,beastmastery,60,30,30
Vruul,sargeras,1318,hunter,beastmastery,42,18,24
Ñðñdêsçrípt,frostmourne,1317,hunter,beastmastery,33,15,18
Pingaamarela,nemesis,1315,hunter,beastmastery,48,24,24
Vaettai,barthilas,1314,hunter,beastmastery,66,30,36
Lashga,wyrmrest-accord,1312,hunter,beastmastery,30,14,16
Narus,whisperwind,1310,hunter,beastmastery,48,26,22
Hoboh,illidan,1310,hunter,beastmastery,66,32,34
Blimpbooty,stormrage,1309,hunter,beastmastery,36,19,17
Alitharia,nerzhul,1307,hunter,beastmastery,75,28,47
Javoz,drakkari,1302,hunter,beastmastery,36,14,22
Wulfgeng,azgalor,1301,hunter,beastmastery,68,33,35
Tentoontrey,emerald-dream,1299,hunter,beastmastery,30,14,16
Revbubs,darkspear,1298,hunter,beastmastery,42,18,24
Hairyhype,malganis,1291,hunter,beastmastery,30,16,14
Voodoohunter,blood-furnace,1286,hunter,beastmastery,30,15,15
Showmakerc,proudmoore,1284,hunter,beastmastery,35,15,20
Hughneutron,kirin-tor,1283,hunter,beastmastery,141,75,66
Kälec,quelthalas,1277,hunter,beastmastery,63,31,32
Vesity,tichondrius,1277,hunter,beastmastery,38,18,20
Iar,tichondrius,1270,hunter,beastmastery,30,18,12
Femonemos,nemesis,1266,hunter,beastmastery,24,14,10
Caetomon,kiljaeden,1263,hunter,beastmastery,22,14,8
Fruitenveg,frostmourne,1261,hunter,beastmastery,30,14,16
Acres,emerald-dream,1247,hunter,beastmastery,21,14,7
Alexxspewpew,ragnaros,1247,hunter,beastmastery,23,13,10
Kenshaunter,azralon,1247,hunter,beastmastery,24,13,11
Desydn,draenor,1247,hunter,beastmastery,125,64,61
Frankabingle,area-52,1247,hunter,beastmastery,30,13,17
Slowhunterr,tichondrius,1247,hunter,beastmastery,36,13,23
Junglefever,skywall,1246,hunter,beastmastery,22,14,8
Gabulmenina,nemesis,1245,hunter,beastmastery,24,13,11
Bacatran,darkspear,1245,hunter,beastmastery,46,24,22
Reeload,tichondrius,1244,hunter,beastmastery,24,13,11
Shotmieye,thunderhorn,1244,hunter,beastmastery,60,30,30
Jillypoo,azralon,1243,hunter,beastmastery,18,13,5
Craftarrow,tichondrius,1243,hunter,beastmastery,41,21,20
Hurak,elune,1243,hunter,beastmastery,30,13,17
Nerfthepet,blackrock,1241,hunter,beastmastery,24,13,11
Diavál,area-52,1238,hunter,beastmastery,18,13,5
Wadadly,malganis,1238,hunter,beastmastery,126,60,66
Nogaro,nemesis,1235,hunter,beastmastery,36,17,19
Xtop,draktharon,1231,hunter,beastmastery,23,15,8
Luoca,shuhalo,1227,hunter,beastmastery,24,13,11
Angdre,tichondrius,1227,hunter,beastmastery,30,13,17
Shneedle,illidan,1226,hunter,beastmastery,30,14,16
Grands,tortheldrin,1219,hunter,beastmastery,29,14,15
Havymetal,andorhal,1219,hunter,beastmastery,48,20,28
Honeygold,tichondrius,1217,hunter,beastmastery,45,16,29
Bepee,auchindoun,1214,hunter,beastmastery,36,19,17
Alaranel,kiljaeden,1208,hunter,beastmastery,36,15,21
Artilleria,quelthalas,1207,hunter,beastmastery,42,18,24
Ydaine,alexstrasza,1206,hunter,beastmastery,75,33,42
Ascer,gurubashi,1204,hunter,beastmastery,59,27,32
Gejagt,sargeras,1201,hunter,beastmastery,25,14,11
Rypunzul,proudmoore,1196,hunter,beastmastery,24,13,11
Zzsocrateszz,dragonmaw,1195,hunter,beastmastery,77,36,41
Arucedd,frostmourne,1188,hunter,beastmastery,47,20,27
Genx,frostmane,1182,hunter,beastmastery,35,15,20
Thetrickyone,area-52,1180,hunter,beastmastery,52,20,32
Kaizong,hyjal,1178,hunter,beastmastery,23,13,10
Glediator,tichondrius,1169,hunter,beastmastery,27,13,14
Iffy,dentarg,1161,hunter,beastmastery,24,14,10
Brokenstars,illidan,1158,hunter,beastmastery,73,35,38
Chrønic,khadgar,1155,hunter,beastmastery,24,13,11
Lustblitz,illidan,1152,hunter,beastmastery,18,12,6
Logjohn,frostmourne,1152,hunter,beastmastery,28,13,15
Kkoner,illidan,1151,hunter,beastmastery,18,12,6
Eddyholiday,tichondrius,1151,hunter,beastmastery,22,13,9
Yucca,drenden,1151,hunter,beastmastery,24,12,12
Tus,tichondrius,1151,hunter,beastmastery,30,12,18
Kroozeh,illidan,1149,hunter,beastmastery,24,12,12
Venrod,ragnaros,1149,hunter,beastmastery,24,12,12
Squishasf,tichondrius,1148,hunter,beastmastery,18,12,6
Seatback,arathor,1147,hunter,beastmastery,24,12,12
Montakka,illidan,1147,hunter,beastmastery,24,12,12
Szone,tichondrius,1147,hunter,beastmastery,35,14,21
Yembohi,queldorei,1145,hunter,beastmastery,18,12,6
Doug,illidan,1145,hunter,beastmastery,24,12,12
Drig,korgath,1144,hunter,beastmastery,24,12,12
Chrise,darkspear,1142,hunter,beastmastery,12,12,0
Sunchea,arygos,1141,hunter,beastmastery,24,12,12
Dyz,ragnaros,1137,hunter,beastmastery,28,13,15
Riivali,quelthalas,1128,hunter,beastmastery,30,13,17
Huñté,stormrage,1127,hunter,beastmastery,24,12,12
Ioioi,tichondrius,1127,hunter,beastmastery,24,12,12
Brendie,thrall,1124,hunter,beastmastery,60,26,34
Montano,area-52,1114,hunter,beastmastery,20,13,7
Argent,altar-of-storms,1113,hunter,beastmastery,24,12,12
Bromance,kaelthas,1111,hunter,beastmastery,24,12,12
Eithelleta,frostmourne,1109,hunter,beastmastery,36,13,23
Ukamau,ragnaros,1097,hunter,beastmastery,24,14,10
Trapz,hellscream,1091,hunter,beastmastery,36,13,23
Funwell,dalaran,1090,hunter,beastmastery,29,14,15
Taedulos,azralon,1090,hunter,beastmastery,30,14,16
Tmac,winterhoof,1087,hunter,beastmastery,35,15,20
Zalyssavara,aerie-peak,1085,hunter,beastmastery,27,12,15
Håwkeye,hyjal,1081,hunter,beastmastery,69,36,33
Buyaga,stormreaver,1073,hunter,beastmastery,72,37,35
Dracð,malganis,1071,hunter,beastmastery,30,14,16
Qpoc,tichondrius,1060,hunter,beastmastery,20,12,8
Ragnarlobkk,ragnaros,1056,hunter,beastmastery,106,46,60
Unicom,malganis,1056,hunter,beastmastery,30,11,19
Liillilliil,tichondrius,1055,hunter,beastmastery,18,11,7
Ryutiz,fizzcrank,1055,hunter,beastmastery,18,11,7
Robingear,baelgun,1055,hunter,beastmastery,81,38,43
Aazua,frostmourne,1055,hunter,beastmastery,24,11,13
Datadyne,stormrage,1054,hunter,beastmastery,12,11,1
Ispamtraps,emerald-dream,1054,hunter,beastmastery,18,11,7
Phindo,agamaggan,1053,hunter,beastmastery,18,11,7
Jungleboy,gorgonnash,1053,hunter,beastmastery,19,11,8
Anastasia,gorgonnash,1052,hunter,beastmastery,18,11,7
Tinyted,nathrezim,1051,hunter,beastmastery,24,11,13
Lunarlunar,khadgar,1051,hunter,beastmastery,30,11,19
Varthurg,ragnaros,1050,hunter,beastmastery,18,11,7
Whitecake,area-52,1050,hunter,beastmastery,22,12,10
Freeside,emerald-dream,1048,hunter,beastmastery,18,11,7
ßaelon,malganis,1047,hunter,beastmastery,12,11,1
Aggargh,baelgun,1047,hunter,beastmastery,18,11,7
Kynagidas,korgath,1047,hunter,beastmastery,24,11,13
Vord,frostmourne,1046,hunter,beastmastery,24,11,13
Cilnolm,moon-guard,1045,hunter,beastmastery,24,11,13
Keknine,gnomeregan,1045,hunter,beastmastery,30,11,19
Maquire,tichondrius,1044,hunter,beastmastery,18,11,7
Wogolas,barthilas,1044,hunter,beastmastery,18,11,7
Kârân,tichondrius,1044,hunter,beastmastery,28,12,16
Ketulirantle,azralon,1041,hunter,beastmastery,42,11,31
Timogen,illidan,1037,hunter,beastmastery,24,11,13
Bobbysmurica,cenarion-circle,1032,hunter,beastmastery,30,11,19
Kathoey,wyrmrest-accord,1031,hunter,beastmastery,30,11,19
Huntercry,ragnaros,1026,hunter,beastmastery,18,11,7
Mhter,tichondrius,1023,hunter,beastmastery,17,11,6
Vegamax,illidan,1020,hunter,beastmastery,18,11,7
Puhpsy,azralon,1016,hunter,beastmastery,24,15,9
Topshunter,sargeras,1014,hunter,beastmastery,40,19,21
Jangle,mannoroth,1011,hunter,beastmastery,23,11,12
Fifie,azgalor,1011,hunter,beastmastery,31,12,19
Skywvlker,illidan,1007,hunter,beastmastery,29,11,18
Antihero,norgannon,1001,hunter,beastmastery,20,12,8
Erovianoria,silver-hand,1001,hunter,beastmastery,51,27,24
Falesta,sargeras,999,hunter,beastmastery,28,12,16
Rotokrim,emerald-dream,997,hunter,beastmastery,126,62,64
Flexxbow,thrall,994,hunter,beastmastery,23,13,10
Mckim,tichondrius,960,hunter,beastmastery,12,10,2
Ahhpash,tichondrius,960,hunter,beastmastery,16,11,5
Emmihunt,tichondrius,960,hunter,beastmastery,18,10,8
Wovow,tichondrius,960,hunter,beastmastery,18,10,8
Tashio,aerie-peak,960,hunter,beastmastery,18,10,8
Pumplum,kiljaeden,960,hunter,beastmastery,18,10,8
Shinhyez,tichondrius,960,hunter,beastmastery,18,10,8
Huntinpuss,tichondrius,960,hunter,beastmastery,18,10,8
Gööber,hyjal,960,hunter,beastmastery,18,10,8
Prêd,malganis,960,hunter,beastmastery,21,11,10
Flanzo,illidan,960,hunter,beastmastery,24,10,14
Willdey,frostmourne,960,hunter,beastmastery,24,10,14
Datbigbowdoe,illidan,959,hunter,beastmastery,16,11,5
Tmnarcanttv,tichondrius,959,hunter,beastmastery,18,10,8
Rosebullets,bleeding-hollow,959,hunter,beastmastery,18,10,8
Lilskill,lightnings-blade,959,hunter,beastmastery,18,10,8
Kapukapu,illidan,959,hunter,beastmastery,18,10,8
Icecaffemoca,tichondrius,959,hunter,beastmastery,24,10,14
Orgpopeyes,illidan,959,hunter,beastmastery,24,10,14
Sagadegêmeos,stormrage,959,hunter,beastmastery,24,10,14
Vigon,stormrage,959,hunter,beastmastery,24,10,14
Comebacks,ragnaros,959,hunter,beastmastery,24,10,14
Kimbaa,tichondrius,959,hunter,beastmastery,30,10,20
Aquabat,wildhammer,958,hunter,beastmastery,18,10,8
Yager,kalecgos,958,hunter,beastmastery,18,10,8
Bonnèy,zuljin,957,hunter,beastmastery,12,10,2
Rengarok,emerald-dream,957,hunter,beastmastery,18,10,8
Hynathios,azralon,957,hunter,beastmastery,24,10,14
Mikly,ragnaros,957,hunter,beastmastery,24,10,14
Hyena,kelthuzad,955,hunter,beastmastery,24,10,14
Murdaugh,icecrown,954,hunter,beastmastery,18,10,8
Juicedhunter,tichondrius,954,hunter,beastmastery,18,10,8
Deepcarver,tichondrius,954,hunter,beastmastery,24,10,14
Rezkiin,tichondrius,953,hunter,beastmastery,18,10,8
Gïzmo,malganis,953,hunter,beastmastery,18,10,8
Lilien,khazgoroth,951,hunter,beastmastery,18,10,8
Steelaeon,moon-guard,951,hunter,beastmastery,24,10,14
Böuntyhuntêr,area-52,948,hunter,beastmastery,24,10,14
ßaeløn,malganis,947,hunter,beastmastery,15,11,4
Glizzys,cairne,943,hunter,beastmastery,24,11,13
Rairin,tichondrius,935,hunter,beastmastery,50,23,27
Shootyurshot,stormrage,927,hunter,beastmastery,20,11,9
Faldran,earthen-ring,915,hunter,beastmastery,35,10,25
Çhexmix,kiljaeden,910,hunter,beastmastery,15,10,5
Axis,mugthol,909,hunter,beastmastery,23,10,13
Coyner,tichondrius,907,hunter,beastmastery,21,10,11
Wael,perenolde,905,hunter,beastmastery,17,10,7
Arrowae,sargeras,899,hunter,beastmastery,23,10,13
Koalahunter,area-52,896,hunter,beastmastery,32,11,21
Gandson,fizzcrank,892,hunter,beastmastery,23,10,13
Foh,kelthuzad,888,hunter,beastmastery,17,10,7
Hetaya,haomarush,867,hunter,beastmastery,56,18,38
Lubze,bleeding-hollow,864,hunter,beastmastery,12,9,3
Bmhuntlol,illidan,864,hunter,beastmastery,12,9,3
Slipox,sargeras,864,hunter,beastmastery,12,9,3
Hagadinn,frostmourne,864,hunter,beastmastery,18,9,9
Perffect,sargeras,864,hunter,beastmastery,18,9,9
Xbloody,tichondrius,864,hunter,beastmastery,18,9,9
Lilsynchfyb,sargeras,864,hunter,beastmastery,18,9,9
Déwi,tichondrius,864,hunter,beastmastery,18,9,9
Tytonic,bleeding-hollow,864,hunter,beastmastery,18,9,9
Heparinqt,area-52,864,hunter,beastmastery,24,9,15
Balrröt,malganis,864,hunter,beastmastery,24,9,15
Cloxygen,moon-guard,863,hunter,beastmastery,12,9,3
Readtitle,malganis,863,hunter,beastmastery,12,9,3
Energiser,stormrage,863,hunter,beastmastery,18,9,9
Nikronos,quelthalas,863,hunter,beastmastery,18,9,9
Çute,moon-guard,863,hunter,beastmastery,18,9,9
Jamzlol,frostmourne,863,hunter,beastmastery,18,9,9
Drivebyjuju,dentarg,863,hunter,beastmastery,18,9,9
Nubberton,sargeras,863,hunter,beastmastery,24,9,15
Myladyy,zuljin,863,hunter,beastmastery,30,9,21
Seáhawk,kiljaeden,862,hunter,beastmastery,12,9,3
Loriandel,proudmoore,862,hunter,beastmastery,14,9,5
Toross,stormscale,862,hunter,beastmastery,18,9,9
Orcanjo,azralon,862,hunter,beastmastery,18,9,9
Kinete,proudmoore,862,hunter,beastmastery,18,9,9
Bootylickin,tichondrius,862,hunter,beastmastery,18,9,9
Unrealpewpew,lightbringer,862,hunter,beastmastery,24,9,15
Korasaurus,tichondrius,861,hunter,beastmastery,12,9,3
Cottonshots,dalaran,861,hunter,beastmastery,24,9,15
Dontmissz,tichondrius,860,hunter,beastmastery,18,9,9
Kamikazey,tichondrius,859,hunter,beastmastery,18,9,9
Thiccit,illidan,858,hunter,beastmastery,18,9,9
More,khadgar,858,hunter,beastmastery,24,9,15
Vexxør,bleeding-hollow,856,hunter,beastmastery,18,9,9
Urimiel,daggerspine,855,hunter,beastmastery,24,9,15
Shiztec,malganis,854,hunter,beastmastery,24,9,15
Eggsquatch,emerald-dream,844,hunter,beastmastery,12,9,3
Entrapment,emerald-dream,830,hunter,beastmastery,17,9,8
Sharpster,zuljin,815,hunter,beastmastery,15,9,6
Rawspits,kiljaeden,814,hunter,beastmastery,29,9,20
Zullypewpew,alexstrasza,811,hunter,beastmastery,11,9,2
Chippendales,illidan,768,hunter,beastmastery,12,8,4
Jsrhuntz,sargeras,768,hunter,beastmastery,12,8,4
Sax,stormreaver,768,hunter,beastmastery,12,8,4
Bowzørx,tichondrius,768,hunter,beastmastery,12,8,4
Jawnhunter,tichondrius,768,hunter,beastmastery,18,8,10
Spizsnipes,malganis,768,hunter,beastmastery,18,8,10
Yonzo,area-52,768,hunter,beastmastery,18,8,10
Huntfaceguy,agamaggan,768,hunter,beastmastery,18,8,10
Tigglyjits,tichondrius,768,hunter,beastmastery,18,8,10
Seongnam,tichondrius,768,hunter,beastmastery,18,8,10
Heädshöt,malorne,768,hunter,beastmastery,18,8,10
Diegoshotz,zuljin,768,hunter,beastmastery,18,8,10
Oblitus,zuljin,768,hunter,beastmastery,18,8,10
Mvpwonder,frostmourne,768,hunter,beastmastery,24,8,16
Remièl,frostmourne,767,hunter,beastmastery,12,8,4
Oceandoom,tichondrius,767,hunter,beastmastery,12,8,4
Cummis,skullcrusher,767,hunter,beastmastery,12,8,4
Trim,tichondrius,767,hunter,beastmastery,12,8,4
Bulleitrye,illidan,767,hunter,beastmastery,12,8,4
Setepalms,azralon,767,hunter,beastmastery,12,8,4
Flacidpasta,sargeras,767,hunter,beastmastery,12,8,4
Cxnt,saurfang,767,hunter,beastmastery,15,9,6
Morbow,proudmoore,767,hunter,beastmastery,18,8,10
Bowjingles,blackrock,767,hunter,beastmastery,18,8,10
Zephanno,sargeras,767,hunter,beastmastery,18,8,10
Jímmycorn,sargeras,767,hunter,beastmastery,18,8,10
Picapaul,stormrage,767,hunter,beastmastery,18,8,10
Huukend,azjolnerub,766,hunter,beastmastery,12,8,4
Camperbill,borean-tundra,766,hunter,beastmastery,19,9,10
Jetzy,illidan,766,hunter,beastmastery,18,8,10
Traps,deathwing,766,hunter,beastmastery,18,8,10
Londen,tichondrius,765,hunter,beastmastery,12,8,4
Frenzygirl,azralon,765,hunter,beastmastery,12,8,4
Ivix,sargeras,765,hunter,beastmastery,12,8,4
Handicrap,tichondrius,765,hunter,beastmastery,16,9,7
Hunt,akama,765,hunter,beastmastery,24,8,16
Grøøves,dalaran,763,hunter,beastmastery,18,8,10
Halberick,quelthalas,762,hunter,beastmastery,12,8,4
Blury,tichondrius,762,hunter,beastmastery,18,8,10
Frenzyfire,whisperwind,760,hunter,beastmastery,27,9,18
Ophiela,shuhalo,759,hunter,beastmastery,36,8,28
Massivattack,skullcrusher,758,hunter,beastmastery,24,8,16
Blankshot,doomhammer,757,hunter,beastmastery,18,8,10
Androki,stormrage,752,hunter,beastmastery,12,8,4
Studiosx,tichondrius,735,hunter,beastmastery,17,8,9
Vendortrash,aggramar,733,hunter,beastmastery,17,8,9
Kleankilla,malganis,718,hunter,beastmastery,14,8,6
Timberex,drenden,715,hunter,beastmastery,15,8,7
Kysii,burning-blade,714,hunter,beastmastery,15,8,7
Elad,tichondrius,703,hunter,beastmastery,11,8,3
Yozomoto,nordrassil,703,hunter,beastmastery,14,8,6
Lenalena,tichondrius,687,hunter,beastmastery,11,8,3
Csantana,sargeras,672,hunter,beastmastery,12,7,5
Pmø,sargeras,672,hunter,beastmastery,12,7,5
Taterballs,illidan,672,hunter,beastmastery,12,7,5
Gentledream,dalaran,672,hunter,beastmastery,12,7,5
Hollowhunt,sentinels,672,hunter,beastmastery,12,7,5
Mmeep,illidan,672,hunter,beastmastery,12,7,5
Airhunt,thrall,672,hunter,beastmastery,12,7,5
Gotrap,saurfang,672,hunter,beastmastery,12,7,5
Tusxx,tichondrius,672,hunter,beastmastery,12,7,5
Crimsoncoast,tichondrius,672,hunter,beastmastery,12,7,5
Jsr,tichondrius,672,hunter,beastmastery,12,7,5
Gumbro,malganis,672,hunter,beastmastery,12,7,5
Traptations,sargeras,672,hunter,beastmastery,12,7,5
Alfentanil,thrall,672,hunter,beastmastery,12,7,5
Flamenco,arthas,672,hunter,beastmastery,12,7,5
Ehnó,illidan,672,hunter,beastmastery,12,7,5
Xerosa,emerald-dream,672,hunter,beastmastery,12,7,5
Cinnybunz,malganis,672,hunter,beastmastery,12,7,5
Starkhaven,firetree,672,hunter,beastmastery,12,7,5
Downor,malganis,672,hunter,beastmastery,12,7,5
Yandralen,kiljaeden,672,hunter,beastmastery,12,7,5
Barainto,tichondrius,672,hunter,beastmastery,12,7,5
Imthaböss,nazjatar,672,hunter,beastmastery,12,7,5
Wellerman,firetree,672,hunter,beastmastery,12,7,5
Mehontar,area-52,672,hunter,beastmastery,12,7,5
Broydiesnipe,illidan,672,hunter,beastmastery,12,7,5
Shootiepie,hyjal,672,hunter,beastmastery,12,7,5
Litchi,illidan,672,hunter,beastmastery,12,7,5
Skippyh,zuluhed,672,hunter,beastmastery,12,7,5
Skysmile,tichondrius,672,hunter,beastmastery,12,7,5
Trápngap,barthilas,672,hunter,beastmastery,12,7,5
Wastdpenguin,area-52,672,hunter,beastmastery,12,7,5
Sakedji,area-52,672,hunter,beastmastery,12,7,5
Handmemygun,aggramar,672,hunter,beastmastery,12,7,5
Facerolled,area-52,672,hunter,beastmastery,15,8,7
Savagerko,illidan,672,hunter,beastmastery,15,8,7
Zemphoths,eredar,672,hunter,beastmastery,15,7,8
Ðevil,ragnaros,672,hunter,beastmastery,18,7,11
Clowntown,illidan,672,hunter,beastmastery,18,7,11
Dreagneal,ragnaros,672,hunter,beastmastery,18,7,11
Raymose,tichondrius,672,hunter,beastmastery,18,7,11
Geeshot,area-52,672,hunter,beastmastery,18,7,11
Wickyz,malganis,672,hunter,beastmastery,18,7,11
Liadrelle,proudmoore,672,hunter,beastmastery,21,8,13
Crounzz,sargeras,672,hunter,beastmastery,30,7,23
Anniefuchsia,stormrage,671,hunter,beastmastery,12,7,5
Melinda,kilrogg,671,hunter,beastmastery,12,7,5
Exploits,stormrage,671,hunter,beastmastery,12,7,5
Satours,quelthalas,671,hunter,beastmastery,12,7,5
Scrubmastery,emerald-dream,671,hunter,beastmastery,12,7,5
Lavo,borean-tundra,671,hunter,beastmastery,12,7,5
Eightbeers,bleeding-hollow,671,hunter,beastmastery,12,7,5
Genowin,sargeras,671,hunter,beastmastery,18,7,11
Fleetfox,tichondrius,671,hunter,beastmastery,18,7,11
Mooséhunt,wyrmrest-accord,671,hunter,beastmastery,18,7,11
Amortiz,illidan,671,hunter,beastmastery,18,7,11
Threethirty,thrall,671,hunter,beastmastery,18,7,11
Paganfinn,tichondrius,671,hunter,beastmastery,18,7,11
Ddänz,kiljaeden,671,hunter,beastmastery,27,8,19
Flacidhunter,kelthuzad,670,hunter,beastmastery,18,7,11
Lastanar,amanthul,670,hunter,beastmastery,18,7,11
Spaeth,borean-tundra,670,hunter,beastmastery,24,7,17
Neurosurgery,azralon,669,hunter,beastmastery,18,7,11
Morenarösa,nemesis,669,hunter,beastmastery,24,7,17
Aztrappin,illidan,669,hunter,beastmastery,24,7,17
Strafenshoot,darkspear,666,hunter,beastmastery,12,7,5
Shootaids,illidan,666,hunter,beastmastery,18,7,11
Euclase,bleeding-hollow,664,hunter,beastmastery,17,9,8
Sumom,darrowmere,664,hunter,beastmastery,20,8,12
Eastera,tichondrius,663,hunter,beastmastery,27,8,19
Theprovider,burning-blade,659,hunter,beastmastery,12,7,5
Benryats,area-52,657,hunter,beastmastery,21,8,13
Zooker,tichondrius,655,hunter,beastmastery,23,7,16
Hunbatz,dalaran,634,hunter,beastmastery,19,9,10
Dekestei,bleeding-hollow,623,hunter,beastmastery,23,7,16
Gufanyaun,tichondrius,608,hunter,beastmastery,16,7,9
Shanghunt,cenarius,604,hunter,beastmastery,14,7,7
Oshosiwar,ragnaros,588,hunter,beastmastery,21,7,14
Cashisabeast,zuljin,576,hunter,beastmastery,6,6,0
Rekkis,area-52,576,hunter,beastmastery,6,6,0
Gassmask,area-52,576,hunter,beastmastery,6,6,0
Shootnskoot,icecrown,576,hunter,beastmastery,6,6,0
Wodhunterxdd,tichondrius,576,hunter,beastmastery,6,6,0
Píps,maelstrom,576,hunter,beastmastery,6,6,0
Rbtz,illidan,576,hunter,beastmastery,6,6,0
Igotapvpness,tichondrius,576,hunter,beastmastery,6,6,0
Wildlifezoo,tichondrius,576,hunter,beastmastery,12,6,6
Gennaro,ragnaros,576,hunter,beastmastery,12,6,6
Khanittus,area-52,576,hunter,beastmastery,12,6,6
Ecl,azralon,576,hunter,beastmastery,12,6,6
Balboa,tortheldrin,576,hunter,beastmastery,12,6,6
Huntard,stormrage,576,hunter,beastmastery,12,6,6
Alochol,vashj,576,hunter,beastmastery,12,6,6
Shøz,wyrmrest-accord,576,hunter,beastmastery,12,6,6
Computer,darkspear,576,hunter,beastmastery,12,6,6
Somethinglit,sargeras,576,hunter,beastmastery,12,6,6
Despise,frostmourne,576,hunter,beastmastery,12,6,6
Fma,stormrage,576,hunter,beastmastery,12,6,6
Nytefell,skullcrusher,576,hunter,beastmastery,12,6,6
Antares,dalaran,576,hunter,beastmastery,12,6,6
Raadun,terokkar,576,hunter,beastmastery,12,6,6
Zizilio,kelthuzad,576,hunter,beastmastery,12,6,6
Wongy,tichondrius,576,hunter,beastmastery,12,6,6
Marexx,tichondrius,576,hunter,beastmastery,12,6,6
Dbrickashaw,proudmoore,576,hunter,beastmastery,12,6,6
Thoridhal,quelthalas,576,hunter,beastmastery,12,6,6
Gravshot,zuljin,576,hunter,beastmastery,12,6,6
Daylilycoast,emerald-dream,576,hunter,beastmastery,12,6,6
Jboogie,malganis,576,hunter,beastmastery,12,6,6
Pikabow,tichondrius,576,hunter,beastmastery,12,6,6
Hunterpk,lightbringer,576,hunter,beastmastery,12,6,6
Memënto,barthilas,576,hunter,beastmastery,12,6,6
Spottedoger,burning-legion,576,hunter,beastmastery,12,6,6
Thehunturd,dalaran,576,hunter,beastmastery,12,6,6
Digitizoid,tichondrius,576,hunter,beastmastery,12,6,6
Austelos,moon-guard,576,hunter,beastmastery,12,6,6
Smullik,wyrmrest-accord,576,hunter,beastmastery,12,6,6
Deutêr,quelthalas,576,hunter,beastmastery,12,6,6
Peregrin,burning-legion,576,hunter,beastmastery,12,6,6
Raerdun,bonechewer,576,hunter,beastmastery,12,6,6
Evilblammo,thorium-brotherhood,576,hunter,beastmastery,12,6,6
Xernen,thrall,576,hunter,beastmastery,12,6,6
Lûrtz,aegwynn,576,hunter,beastmastery,12,6,6
Geregaux,sargeras,576,hunter,beastmastery,12,6,6
Hxnry,barthilas,576,hunter,beastmastery,12,6,6
Joerogan,hydraxis,576,hunter,beastmastery,12,6,6
Jonah,sargeras,576,hunter,beastmastery,12,6,6
Celarla,tichondrius,576,hunter,beastmastery,15,7,8
Arraza,ragnaros,576,hunter,beastmastery,16,7,9
Mojopotato,stormrage,576,hunter,beastmastery,17,6,11
Bowreckage,malganis,576,hunter,beastmastery,18,6,12
Nishinos,tichondrius,576,hunter,beastmastery,18,6,12
Infinit,onyxia,576,hunter,beastmastery,18,6,12
Kanta,bleeding-hollow,576,hunter,beastmastery,18,6,12
Yolloswag,tichondrius,576,hunter,beastmastery,24,6,18
Beastbaal,sargeras,576,hunter,beastmastery,24,6,18
Lulafourdedo,stormrage,575,hunter,beastmastery,7,6,1
Yobby,area-52,575,hunter,beastmastery,12,6,6
Gammaraven,dalaran,575,hunter,beastmastery,12,6,6
Gwarnar,stormrage,575,hunter,beastmastery,12,6,6
Asuryakha,darkspear,575,hunter,beastmastery,12,6,6
Revö,area-52,575,hunter,beastmastery,18,6,12
Tozier,destromath,575,hunter,beastmastery,18,6,12
Nekrongar,agamaggan,574,hunter,beastmastery,12,6,6
Arcticuz,aegwynn,574,hunter,beastmastery,12,6,6
Bubbz,bloodscalp,574,hunter,beastmastery,18,6,12
Kalibah,azralon,574,hunter,beastmastery,18,6,12
Chetta,ragnaros,574,hunter,beastmastery,18,6,12
Foffy,darkspear,573,hunter,beastmastery,12,6,6
Rikitiki,bleeding-hollow,573,hunter,beastmastery,12,6,6
Pewpew,gallywix,573,hunter,beastmastery,18,6,12
Pewpewd,tichondrius,572,hunter,beastmastery,12,6,6
Kargathx,ragnaros,569,hunter,beastmastery,20,8,12
Vastiks,dalaran,568,hunter,beastmastery,20,6,14
Bluehead,emerald-dream,566,hunter,beastmastery,12,6,6
Shootsb,tichondrius,544,hunter,beastmastery,22,6,16
Socrato,tichondrius,526,hunter,beastmastery,11,6,5
Saltz,tichondrius,521,hunter,beastmastery,15,7,8
Ataxyus,area-52,512,hunter,beastmastery,10,6,4
Aluminumfoil,kelthuzad,510,hunter,beastmastery,11,6,5
Bagodonuts,malganis,510,hunter,beastmastery,17,7,10
Linkolnn,sargeras,480,hunter,beastmastery,6,5,1
Wopper,moon-guard,480,hunter,beastmastery,6,5,1
Megahuntard,bleeding-hollow,480,hunter,beastmastery,6,5,1
Beasting,moon-guard,480,hunter,beastmastery,6,5,1
Oeoeoeoeoeoe,alterac-mountains,480,hunter,beastmastery,6,5,1
Slêv,frostmourne,480,hunter,beastmastery,6,5,1
Cojáx,dalaran,480,hunter,beastmastery,6,5,1
Bluez,tichondrius,480,hunter,beastmastery,6,5,1
Spunkked,tichondrius,480,hunter,beastmastery,6,5,1
Kånade,ragnaros,480,hunter,beastmastery,6,5,1
Teammatescba,tichondrius,480,hunter,beastmastery,6,5,1
Clydebarro,sargeras,480,hunter,beastmastery,6,5,1
Plsnobanmee,frostmourne,480,hunter,beastmastery,6,5,1
Sniperfx,lightbringer,480,hunter,beastmastery,6,5,1
Tukki,quelthalas,480,hunter,beastmastery,6,5,1
Traptrinket,sargeras,480,hunter,beastmastery,6,5,1
Yajr,black-dragonflight,480,hunter,beastmastery,6,5,1
Tèrrabite,sargeras,480,hunter,beastmastery,6,5,1
Berkhof,tichondrius,480,hunter,beastmastery,6,5,1
Brokensnipez,area-52,480,hunter,beastmastery,6,5,1
Kkoduckk,tichondrius,480,hunter,beastmastery,6,5,1
Hediilyan,azralon,480,hunter,beastmastery,7,5,2
Lrnb,tichondrius,480,hunter,beastmastery,12,5,7
Sunflwerdawn,emerald-dream,480,hunter,beastmastery,12,5,7
Kurmojo,hyjal,480,hunter,beastmastery,12,5,7
Smexyhunter,moon-guard,480,hunter,beastmastery,12,5,7
Wønky,stormrage,480,hunter,beastmastery,12,5,7
Leyliann,quelthalas,480,hunter,beastmastery,12,5,7
Recha,emerald-dream,480,hunter,beastmastery,12,5,7
Sinvat,tichondrius,480,hunter,beastmastery,12,5,7
Køk,agamaggan,480,hunter,beastmastery,12,5,7
Yatyegatchun,illidan,480,hunter,beastmastery,12,5,7
Clinteastwoo,ragnaros,480,hunter,beastmastery,12,5,7
Twoshotz,stormrage,480,hunter,beastmastery,12,5,7
Luckshot,destromath,480,hunter,beastmastery,12,5,7
Getrekt,azralon,480,hunter,beastmastery,12,5,7
Àthenaa,malygos,480,hunter,beastmastery,12,5,7
Dj,arygos,480,hunter,beastmastery,12,5,7
Nj,kiljaeden,480,hunter,beastmastery,12,5,7
Flîp,daggerspine,480,hunter,beastmastery,12,5,7
Bugsßunny,sargeras,480,hunter,beastmastery,12,5,7
Valeous,azjolnerub,480,hunter,beastmastery,12,5,7
Ferex,tichondrius,480,hunter,beastmastery,12,5,7
Drakku,zuljin,480,hunter,beastmastery,12,5,7
Stonehard,mugthol,480,hunter,beastmastery,12,5,7
Mojopojo,tichondrius,480,hunter,beastmastery,12,5,7
Mav,dragonmaw,480,hunter,beastmastery,14,5,9
Bøl,ragnaros,480,hunter,beastmastery,16,5,11
Gølin,aerie-peak,480,hunter,beastmastery,18,5,13
Iyne,stormrage,480,hunter,beastmastery,18,5,13
Darksector,nemesis,480,hunter,beastmastery,18,5,13
Chetxs,bleeding-hollow,480,hunter,beastmastery,18,5,13
Zpax,area-52,479,hunter,beastmastery,6,5,1
Mafghine,malganis,479,hunter,beastmastery,6,5,1
Shamtus,bladefist,479,hunter,beastmastery,6,5,1
Namikawa,stormrage,479,hunter,beastmastery,12,5,7
Shoya,nerzhul,479,hunter,beastmastery,12,5,7
Trianthel,azralon,479,hunter,beastmastery,12,5,7
Deadlyattack,barthilas,479,hunter,beastmastery,12,5,7
Mecatrón,quelthalas,479,hunter,beastmastery,12,5,7
Trushôtz,tichondrius,479,hunter,beastmastery,17,5,12
Smider,magtheridon,479,hunter,beastmastery,18,5,13
Trailbreaker,trollbane,478,hunter,beastmastery,12,5,7
Feralhuntard,muradin,477,hunter,beastmastery,12,5,7
Jîa,tichondrius,448,hunter,beastmastery,10,5,5
Spunky,zuluhed,447,hunter,beastmastery,11,5,6
Taelen,aegwynn,447,hunter,beastmastery,11,5,6
Gunther,korgath,447,hunter,beastmastery,11,5,6
Verzatyle,frostwolf,447,hunter,beastmastery,11,5,6
Vuur,korialstrasz,447,hunter,beastmastery,19,6,13
Twatshót,burning-legion,431,hunter,beastmastery,11,5,6
Rástakhan,ragnaros,431,hunter,beastmastery,11,5,6
Mordriva,azjolnerub,431,hunter,beastmastery,11,5,6
Malgar,zuljin,415,hunter,beastmastery,11,5,6
Mhters,tichondrius,384,hunter,beastmastery,6,4,2
Trapandclap,tichondrius,384,hunter,beastmastery,6,4,2
Kong,tichondrius,384,hunter,beastmastery,6,4,2
Infatuatedx,moon-guard,384,hunter,beastmastery,6,4,2
Puns,stormreaver,384,hunter,beastmastery,6,4,2
Sôuleater,moon-guard,384,hunter,beastmastery,6,4,2
Hovahdo,proudmoore,384,hunter,beastmastery,6,4,2
Nodougaelark,dalaran,384,hunter,beastmastery,6,4,2
Booffmeister,area-52,384,hunter,beastmastery,6,4,2
Heylenny,area-52,384,hunter,beastmastery,6,4,2
Alwaysblazed,hyjal,384,hunter,beastmastery,6,4,2
Hawkeye,boulderfist,384,hunter,beastmastery,6,4,2
Yolotraps,thrall,384,hunter,beastmastery,6,4,2
Snipingmilfs,zuluhed,384,hunter,beastmastery,6,4,2
Exitwoundz,hyjal,384,hunter,beastmastery,6,4,2
Zarnick,frostwolf,384,hunter,beastmastery,6,4,2
Shiki,icecrown,384,hunter,beastmastery,6,4,2
Vindication,ysera,384,hunter,beastmastery,6,4,2
Petmayo,tichondrius,384,hunter,beastmastery,6,4,2
Petpenguin,kelthuzad,384,hunter,beastmastery,6,4,2
Mannypew,kelthuzad,384,hunter,beastmastery,6,4,2
Mexishots,tichondrius,384,hunter,beastmastery,6,4,2
Pillarington,tichondrius,384,hunter,beastmastery,6,4,2
Ziêg,eonar,384,hunter,beastmastery,6,4,2
Häm,dalaran,384,hunter,beastmastery,6,4,2
Malcab,tichondrius,384,hunter,beastmastery,6,4,2
Skytah,darkspear,384,hunter,beastmastery,6,4,2
Tangoda,tichondrius,384,hunter,beastmastery,6,4,2
Fizzpow,blackrock,384,hunter,beastmastery,6,4,2
Twopumphunt,tichondrius,384,hunter,beastmastery,6,4,2
Fireshots,tichondrius,384,hunter,beastmastery,6,4,2
Bodangel,galakrond,384,hunter,beastmastery,6,4,2
Yeaheh,area-52,384,hunter,beastmastery,6,4,2
Naxhunter,stormrage,384,hunter,beastmastery,6,4,2
Dirtyytroll,area-52,384,hunter,beastmastery,6,4,2
Finol,azralon,384,hunter,beastmastery,6,4,2
Hawkkeye,thunderlord,384,hunter,beastmastery,6,4,2
Chichi,korgath,384,hunter,beastmastery,6,4,2
Coppersnout,wyrmrest-accord,384,hunter,beastmastery,6,4,2
Shadowtensai,stormrage,384,hunter,beastmastery,6,4,2
Chikkynuggy,destromath,384,hunter,beastmastery,6,4,2
Shedowhunter,azralon,384,hunter,beastmastery,6,4,2
Actioh,stormrage,384,hunter,beastmastery,6,4,2
Quickfyre,stormrage,384,hunter,beastmastery,6,4,2
Dooper,malfurion,384,hunter,beastmastery,6,4,2
Silvershot,emerald-dream,384,hunter,beastmastery,6,4,2
Dexh,frostmourne,384,hunter,beastmastery,6,4,2
Ragerab,trollbane,384,hunter,beastmastery,6,4,2
Jerso,zuljin,384,hunter,beastmastery,6,4,2
Tezcâtlipocâ,sargeras,384,hunter,beastmastery,6,4,2
Huntations,sargeras,384,hunter,beastmastery,6,4,2
Houdan,frostmourne,384,hunter,beastmastery,6,4,2
Jeonghun,tichondrius,384,hunter,beastmastery,9,5,4
Rycksanches,quelthalas,384,hunter,beastmastery,10,4,6
Kaliaraan,bleeding-hollow,384,hunter,beastmastery,12,4,8
Atheranni,azralon,384,hunter,beastmastery,12,4,8
Bazanguita,tichondrius,384,hunter,beastmastery,12,4,8
Iililillilii,tichondrius,384,hunter,beastmastery,12,4,8
Grimshot,boulderfist,384,hunter,beastmastery,12,4,8
Bowsauce,khadgar,384,hunter,beastmastery,12,4,8
Amoreiene,stormrage,384,hunter,beastmastery,12,4,8
Seanpaì,tichondrius,384,hunter,beastmastery,12,4,8
Grumaku,area-52,384,hunter,beastmastery,12,4,8
Bolbathefett,shadowsong,384,hunter,beastmastery,12,4,8
Päinal,area-52,384,hunter,beastmastery,12,4,8
Noxura,illidan,384,hunter,beastmastery,12,4,8
Moùrningwood,stormrage,384,hunter,beastmastery,12,4,8
Inetpub,stormrage,384,hunter,beastmastery,12,4,8
Elywen,alexstrasza,384,hunter,beastmastery,12,4,8
Arteene,illidan,384,hunter,beastmastery,12,4,8
Skycaptaín,lightbringer,384,hunter,beastmastery,12,4,8
Bówjòb,nordrassil,384,hunter,beastmastery,12,4,8
Blockbusters,sargeras,384,hunter,beastmastery,12,4,8
Puffcopeak,illidan,384,hunter,beastmastery,12,4,8
Teddybowschi,sargeras,384,hunter,beastmastery,12,4,8
Odb,kelthuzad,384,hunter,beastmastery,12,4,8
Twopawshunta,tichondrius,384,hunter,beastmastery,12,4,8
Calypso,chromaggus,384,hunter,beastmastery,12,4,8
Throwadox,malganis,384,hunter,beastmastery,12,4,8
Killatrap,malganis,384,hunter,beastmastery,12,4,8
Cndavyjones,akama,384,hunter,beastmastery,12,4,8
Devastavi,proudmoore,384,hunter,beastmastery,12,4,8
Shaevie,lothar,384,hunter,beastmastery,12,4,8
Bangerzx,stormrage,384,hunter,beastmastery,12,4,8
Boomseed,nagrand,384,hunter,beastmastery,12,4,8
Galerius,illidan,384,hunter,beastmastery,12,4,8
Xcisiion,nagrand,384,hunter,beastmastery,12,4,8
Saharä,illidan,384,hunter,beastmastery,12,4,8
Sèasons,tichondrius,384,hunter,beastmastery,15,4,11
Ruffini,tichondrius,384,hunter,beastmastery,18,4,14
Atheos,gallywix,384,hunter,beastmastery,18,4,14
Katiepie,frostmourne,384,hunter,beastmastery,18,4,14
Löö,arthas,384,hunter,beastmastery,23,4,19
Gichiwalrus,emerald-dream,383,hunter,beastmastery,6,4,2
Eeremm,drakkari,383,hunter,beastmastery,6,4,2
Bboo,bonechewer,383,hunter,beastmastery,6,4,2
Terusa,ragnaros,383,hunter,beastmastery,12,4,8
Àléç,mannoroth,383,hunter,beastmastery,12,4,8
Lazygnome,azshara,383,hunter,beastmastery,12,4,8
Beatnyou,tichondrius,383,hunter,beastmastery,12,4,8
Noahxkhalel,azralon,383,hunter,beastmastery,12,4,8
Paulayork,drakthul,383,hunter,beastmastery,12,4,8
Böwjøb,illidan,383,hunter,beastmastery,12,4,8
Xeriife,stormrage,383,hunter,beastmastery,13,4,9
Etb,bleeding-hollow,382,hunter,beastmastery,12,4,8
Vicluvv,stormrage,367,hunter,beastmastery,11,4,7
Clinkz,chogall,351,hunter,beastmastery,11,4,7
Vínçent,blood-furnace,351,hunter,beastmastery,17,4,13
Vyalaris,emerald-dream,336,hunter,beastmastery,9,4,5
Sadarrow,frostmourne,334,hunter,beastmastery,11,4,7
Somethinggo,tichondrius,330,hunter,beastmastery,22,6,16
Loktarnum,illidan,319,hunter,beastmastery,8,4,4
Dayneryz,quelthalas,319,hunter,beastmastery,14,4,10
Vikshen,illidan,288,hunter,beastmastery,6,3,3
Goraku,dalaran,288,hunter,beastmastery,6,3,3
Elyssandrá,thrall,288,hunter,beastmastery,6,3,3
Mcclintock,executus,288,hunter,beastmastery,6,3,3
Fixnoone,moon-guard,288,hunter,beastmastery,6,3,3
Makeastinky,malfurion,288,hunter,beastmastery,6,3,3
Soberish,bleeding-hollow,288,hunter,beastmastery,6,3,3
Valintine,the-scryers,288,hunter,beastmastery,6,3,3
Exabyssus,bleeding-hollow,288,hunter,beastmastery,6,3,3
Emart,bloodhoof,288,hunter,beastmastery,6,3,3
Playnogames,moon-guard,288,hunter,beastmastery,6,3,3
Relaxnerd,antonidas,288,hunter,beastmastery,6,3,3
Tetzuo,illidan,288,hunter,beastmastery,6,3,3
Enonoa,thunderlord,288,hunter,beastmastery,6,3,3
Cefla,illidan,288,hunter,beastmastery,6,3,3
Mastasnipa,illidan,288,hunter,beastmastery,6,3,3
Mogradme,shadowsong,288,hunter,beastmastery,6,3,3
Britannian,moon-guard,288,hunter,beastmastery,6,3,3
Trailed,dalaran,288,hunter,beastmastery,6,3,3
Jellyleg,bleeding-hollow,288,hunter,beastmastery,6,3,3
Chrisp,bloodhoof,288,hunter,beastmastery,6,3,3
Terrygross,sargeras,288,hunter,beastmastery,6,3,3
Buzzkilla,mannoroth,288,hunter,beastmastery,6,3,3
Cluhaywood,zuljin,288,hunter,beastmastery,6,3,3
Sbplayshunt,akama,288,hunter,beastmastery,6,3,3
Saynice,warsong,288,hunter,beastmastery,6,3,3
Urukah,gallywix,288,hunter,beastmastery,6,3,3
Teaa,dalaran,288,hunter,beastmastery,6,3,3
Sylpheous,bleeding-hollow,288,hunter,beastmastery,6,3,3
Redthedeer,warsong,288,hunter,beastmastery,6,3,3
Tazer,area-52,288,hunter,beastmastery,6,3,3
Popshotz,khazgoroth,288,hunter,beastmastery,6,3,3
Vinksy,sargeras,288,hunter,beastmastery,6,3,3
Rachetbutt,tichondrius,288,hunter,beastmastery,6,3,3
Raainha,stormrage,288,hunter,beastmastery,6,3,3
Vicarnam,uldum,288,hunter,beastmastery,6,3,3
Suetyic,tichondrius,288,hunter,beastmastery,6,3,3
Mynds,stormrage,288,hunter,beastmastery,6,3,3
Wanshöt,tichondrius,288,hunter,beastmastery,6,3,3
Lyler,tichondrius,288,hunter,beastmastery,6,3,3
Bloodymalik,tichondrius,288,hunter,beastmastery,6,3,3
Onahai,tichondrius,288,hunter,beastmastery,6,3,3
Bmsurvmm,tichondrius,288,hunter,beastmastery,6,3,3
Díllý,area-52,288,hunter,beastmastery,6,3,3
Nyloc,dalvengyr,288,hunter,beastmastery,6,3,3
Aldurion,wyrmrest-accord,288,hunter,beastmastery,6,3,3
Stimpblimp,jubeithos,288,hunter,beastmastery,6,3,3
Siimmplicitz,area-52,288,hunter,beastmastery,6,3,3
Adapted,proudmoore,288,hunter,beastmastery,6,3,3
Orqism,tichondrius,288,hunter,beastmastery,6,3,3
Perfectcrit,area-52,288,hunter,beastmastery,6,3,3
Thiccphat,sargeras,288,hunter,beastmastery,6,3,3
Wannakill,stormrage,288,hunter,beastmastery,6,3,3
Bountybud,kiljaeden,288,hunter,beastmastery,6,3,3
Recoyl,proudmoore,288,hunter,beastmastery,6,3,3
Zeroday,emerald-dream,288,hunter,beastmastery,6,3,3
Shyck,ragnaros,288,hunter,beastmastery,6,3,3
Braxigarr,area-52,288,hunter,beastmastery,6,3,3
Nexxa,muradin,288,hunter,beastmastery,6,3,3
Kalekros,tichondrius,288,hunter,beastmastery,6,3,3
Moyria,quelthalas,288,hunter,beastmastery,6,3,3
Tibineids,stormrage,288,hunter,beastmastery,6,3,3
Norgalys,proudmoore,288,hunter,beastmastery,6,3,3
Burguir,ragnaros,288,hunter,beastmastery,6,3,3
Trixex,darkspear,288,hunter,beastmastery,6,3,3
Dualp,tichondrius,288,hunter,beastmastery,6,3,3
Ljai,gilneas,288,hunter,beastmastery,6,3,3
Firskin,frostmourne,288,hunter,beastmastery,6,3,3
Neríne,drakkari,288,hunter,beastmastery,6,3,3
Yoyoletsgo,malganis,288,hunter,beastmastery,6,3,3
Wiittig,hyjal,288,hunter,beastmastery,6,3,3
Tacos,kelthuzad,288,hunter,beastmastery,6,3,3
Billcsbyswtr,sargeras,288,hunter,beastmastery,6,3,3
Gudlukk,stormrage,288,hunter,beastmastery,6,3,3
Therealgam,the-underbog,288,hunter,beastmastery,6,3,3
Viral,grizzly-hills,288,hunter,beastmastery,6,3,3
Thirtyeight,blades-edge,288,hunter,beastmastery,6,3,3
Reallybroke,stormrage,288,hunter,beastmastery,6,3,3
Beastmodex,quelthalas,288,hunter,beastmastery,6,3,3
Latrampoza,quelthalas,288,hunter,beastmastery,6,3,3
Deahtgab,ragnaros,288,hunter,beastmastery,6,3,3
Cotó,stormrage,288,hunter,beastmastery,6,3,3
Puppe,sargeras,288,hunter,beastmastery,9,4,5
Llachiip,zuljin,288,hunter,beastmastery,10,4,6
Xxo,frostmourne,288,hunter,beastmastery,11,3,8
Fiznits,nerzhul,288,hunter,beastmastery,12,3,9
Tarah,lightbringer,288,hunter,beastmastery,12,3,9
Harÿn,nemesis,288,hunter,beastmastery,12,3,9
Rinasonline,sargeras,288,hunter,beastmastery,12,3,9
Dunkam,quelthalas,288,hunter,beastmastery,12,3,9
Kharthorin,moon-guard,288,hunter,beastmastery,12,3,9
Thiande,zuljin,288,hunter,beastmastery,12,3,9
Jgalth,chogall,288,hunter,beastmastery,12,3,9
Digsites,emerald-dream,288,hunter,beastmastery,12,3,9
Natnat,sargeras,288,hunter,beastmastery,12,3,9
Scythedom,tichondrius,288,hunter,beastmastery,12,3,9
Hohohohahah,gallywix,288,hunter,beastmastery,12,3,9
Aamoody,bloodhoof,288,hunter,beastmastery,12,3,9
Malvnfresh,tichondrius,288,hunter,beastmastery,12,3,9
Tanrith,dark-iron,288,hunter,beastmastery,12,3,9
Nikå,ragnaros,288,hunter,beastmastery,12,3,9
Rooman,ragnaros,288,hunter,beastmastery,12,3,9
Leggodex,caelestrasz,288,hunter,beastmastery,12,3,9
Rice,veknilash,288,hunter,beastmastery,12,3,9
Dieplox,thunderhorn,288,hunter,beastmastery,12,3,9
Dodirty,laughing-skull,288,hunter,beastmastery,12,3,9
Toozz,frostmourne,288,hunter,beastmastery,12,3,9
Ledan,lightnings-blade,287,hunter,beastmastery,6,3,3
Chuphunts,tichondrius,287,hunter,beastmastery,6,3,3
Arin,suramar,287,hunter,beastmastery,12,3,9
Acotas,blades-edge,286,hunter,beastmastery,6,3,3
Darkally,blades-edge,285,hunter,beastmastery,12,3,9
Salurian,destromath,271,hunter,beastmastery,11,3,8
Scaredcrow,azshara,256,hunter,beastmastery,16,3,13
Bulszeye,azgalor,255,hunter,beastmastery,8,4,4
Tearsofnoobs,tichondrius,255,hunter,beastmastery,9,4,5
Pokeyourbutt,hydraxis,240,hunter,beastmastery,15,3,12
Diisdik,tichondrius,239,hunter,beastmastery,5,3,2
Trycen,bleeding-hollow,239,hunter,beastmastery,5,3,2
Djcummyfeet,stormrage,234,hunter,beastmastery,17,6,11
Punjisticks,tichondrius,223,hunter,beastmastery,8,3,5
Dadhatesme,stormrage,223,hunter,beastmastery,10,3,7
Urukkz,goldrinn,192,hunter,beastmastery,6,2,4
Munrrack,ragnaros,192,hunter,beastmastery,6,2,4
Mojito,frostmourne,192,hunter,beastmastery,6,2,4
Csadark,nemesis,192,hunter,beastmastery,6,2,4
Hollee,turalyon,192,hunter,beastmastery,6,2,4
Snaken,the-forgotten-coast,192,hunter,beastmastery,6,2,4
Hunterjim,tichondrius,192,hunter,beastmastery,6,2,4
Camfeed,illidan,192,hunter,beastmastery,6,2,4
Diacachimbaa,ragnaros,192,hunter,beastmastery,6,2,4
Varianhunter,kelthuzad,192,hunter,beastmastery,6,2,4
Seenobody,stormrage,192,hunter,beastmastery,6,2,4
Solderboi,tichondrius,192,hunter,beastmastery,6,2,4
Survenant,zuljin,192,hunter,beastmastery,6,2,4
Alikay,ragnaros,192,hunter,beastmastery,6,2,4
Kansolly,tichondrius,192,hunter,beastmastery,6,2,4
Shootermgavn,frostmourne,192,hunter,beastmastery,6,2,4
Nflmaster,malganis,192,hunter,beastmastery,6,2,4
Warplaquee,zuljin,192,hunter,beastmastery,6,2,4
Etarie,malganis,192,hunter,beastmastery,6,2,4
Ariais,zangarmarsh,192,hunter,beastmastery,6,2,4
Survival,dentarg,192,hunter,beastmastery,6,2,4
Kudzue,illidan,192,hunter,beastmastery,6,2,4
Artemisa,warsong,192,hunter,beastmastery,6,2,4
Purpreynolds,tichondrius,192,hunter,beastmastery,6,2,4
Zhanzu,quelthalas,192,hunter,beastmastery,6,2,4
Vanpeltz,illidan,192,hunter,beastmastery,6,2,4
Skillvanas,stormrage,192,hunter,beastmastery,6,2,4
Neverwipes,frostmourne,192,hunter,beastmastery,6,2,4
Rogshunt,sargeras,192,hunter,beastmastery,6,2,4
Magvez,tichondrius,192,hunter,beastmastery,6,2,4
Ussy,area-52,192,hunter,beastmastery,6,2,4
Virgim,kelthuzad,192,hunter,beastmastery,6,2,4
Åî,tichondrius,192,hunter,beastmastery,6,2,4
Caligar,tichondrius,192,hunter,beastmastery,6,2,4
Plastera,zuljin,192,hunter,beastmastery,6,2,4
Pfheign,area-52,192,hunter,beastmastery,6,2,4
Xavííer,tichondrius,192,hunter,beastmastery,6,2,4
Barrelsofrum,illidan,192,hunter,beastmastery,6,2,4
Survbot,malganis,192,hunter,beastmastery,6,2,4
Verzoz,illidan,192,hunter,beastmastery,6,2,4
Monffbc,tichondrius,192,hunter,beastmastery,6,2,4
Impërïum,zuljin,192,hunter,beastmastery,6,2,4
Snoogen,illidan,192,hunter,beastmastery,6,2,4
Dnicee,stormrage,192,hunter,beastmastery,6,2,4
Smallsouljah,demon-soul,192,hunter,beastmastery,6,2,4
Fusionrpg,quelthalas,192,hunter,beastmastery,6,2,4
Harrowin,area-52,192,hunter,beastmastery,6,2,4
Chaseurnoir,exodar,192,hunter,beastmastery,6,2,4
Ivanjackenov,illidan,192,hunter,beastmastery,6,2,4
Carloslaun,drakkari,192,hunter,beastmastery,6,2,4
Shådé,stormrage,192,hunter,beastmastery,6,2,4
Expskippy,darkspear,192,hunter,beastmastery,6,2,4
Zoopdapoop,dalaran,192,hunter,beastmastery,6,2,4
Raphgun,stormrage,192,hunter,beastmastery,6,2,4
Blakespace,area-52,192,hunter,beastmastery,6,2,4
Nahzah,stormrage,192,hunter,beastmastery,6,2,4
Totolol,trollbane,192,hunter,beastmastery,6,2,4
Nevon,azralon,192,hunter,beastmastery,6,2,4
Frìtz,barthilas,192,hunter,beastmastery,6,2,4
Elfinballz,khadgar,192,hunter,beastmastery,6,2,4
Hüh,area-52,192,hunter,beastmastery,6,2,4
Viracha,stormrage,192,hunter,beastmastery,6,2,4
Lissavi,tichondrius,192,hunter,beastmastery,6,2,4
Skillhunter,tichondrius,192,hunter,beastmastery,6,2,4
Fjdominador,azralon,192,hunter,beastmastery,6,2,4
Dirtymongrel,barthilas,192,hunter,beastmastery,6,2,4
Equipmunk,arthas,192,hunter,beastmastery,6,2,4
Ikiteforfood,zuljin,192,hunter,beastmastery,6,2,4
Shikago,wyrmrest-accord,192,hunter,beastmastery,6,2,4
Autoshotxprt,frostmourne,192,hunter,beastmastery,6,2,4
Dynith,sargeras,192,hunter,beastmastery,6,2,4
Mídnîght,azralon,192,hunter,beastmastery,6,2,4
Nubcaks,nerzhul,192,hunter,beastmastery,6,2,4
Jumeog,stormscale,192,hunter,beastmastery,6,2,4
Sativ,moknathal,192,hunter,beastmastery,6,2,4
Twocranes,tichondrius,192,hunter,beastmastery,6,2,4
Snoozee,emerald-dream,192,hunter,beastmastery,6,2,4
Rostter,azralon,192,hunter,beastmastery,6,2,4
Nanotorque,moon-guard,192,hunter,beastmastery,6,2,4
Aliciaomg,andorhal,192,hunter,beastmastery,6,2,4
Graatata,shandris,192,hunter,beastmastery,6,2,4
Hìrcine,nesingwary,192,hunter,beastmastery,6,2,4
Ownyoufast,darkspear,192,hunter,beastmastery,6,2,4
Blickymon,wyrmrest-accord,192,hunter,beastmastery,6,2,4
Doves,wyrmrest-accord,192,hunter,beastmastery,6,2,4
Ratfood,tichondrius,192,hunter,beastmastery,6,2,4
Gunwalk,azjolnerub,192,hunter,beastmastery,6,2,4
Notoffended,sargeras,192,hunter,beastmastery,6,2,4
Ratbasterrd,darkspear,192,hunter,beastmastery,6,2,4
Zarknoth,cenarius,192,hunter,beastmastery,6,2,4
Clütch,darkspear,192,hunter,beastmastery,6,2,4
Rhyzen,drenden,192,hunter,beastmastery,6,2,4
Pressbro,tichondrius,192,hunter,beastmastery,6,2,4
Ganderion,sargeras,192,hunter,beastmastery,6,2,4
Hötdôg,kiljaeden,192,hunter,beastmastery,6,2,4
Illrannevian,garrosh,192,hunter,beastmastery,6,2,4
Capnjack,hyjal,192,hunter,beastmastery,6,2,4
Chømp,tichondrius,192,hunter,beastmastery,6,2,4
Gorgoon,sargeras,192,hunter,beastmastery,6,2,4
Jämmëdclïp,emerald-dream,192,hunter,beastmastery,6,2,4
Flor,boulderfist,192,hunter,beastmastery,6,2,4
Cufless,proudmoore,192,hunter,beastmastery,6,2,4
Peiching,proudmoore,192,hunter,beastmastery,6,2,4
Equalizér,sargeras,192,hunter,beastmastery,6,2,4
Khabul,area-52,192,hunter,beastmastery,12,2,10
Lhax,stormrage,192,hunter,beastmastery,12,2,10
Tânsøxøxø,tichondrius,192,hunter,beastmastery,12,2,10
Jezoo,frostmourne,192,hunter,beastmastery,12,2,10
Sanchode,tichondrius,192,hunter,beastmastery,12,2,10
Tánsøxøxø,tichondrius,192,hunter,beastmastery,12,2,10
Ijii,tichondrius,192,hunter,beastmastery,12,2,10
Arrowzpeckt,tichondrius,192,hunter,beastmastery,12,2,10
Bjj,eonar,192,hunter,beastmastery,12,2,10
Ullr,gurubashi,192,hunter,beastmastery,12,2,10
Thyladaern,kiljaeden,192,hunter,beastmastery,12,2,10
Meetdmonster,illidan,192,hunter,beastmastery,12,2,10
Moapax,azralon,191,hunter,beastmastery,6,2,4
Aiilton,gallywix,191,hunter,beastmastery,6,2,4
Malthiz,antonidas,191,hunter,beastmastery,6,2,4
Recebaa,barthilas,191,hunter,beastmastery,6,2,4
Tuvasa,blood-furnace,191,hunter,beastmastery,6,2,4
Neverhunter,azralon,175,hunter,beastmastery,6,3,3
Linszsz,nemesis,169,hunter,beastmastery,11,4,7
Zock,lothar,160,hunter,beastmastery,10,2,8
Viserysll,azralon,159,hunter,beastmastery,5,2,3
Helikaon,deathwing,159,hunter,beastmastery,5,2,3
Skrìms,tichondrius,159,hunter,beastmastery,5,2,3
Lele,stormrage,138,hunter,beastmastery,8,4,4
Hazzlôk,cairne,138,hunter,beastmastery,14,4,10
Piñg,tichondrius,128,hunter,beastmastery,4,2,2
Laviè,tichondrius,112,hunter,beastmastery,4,3,1
Nakyash,ragnaros,96,hunter,beastmastery,3,2,1
Katherìnelol,tichondrius,96,hunter,beastmastery,3,2,1
Poonbaddy,kiljaeden,96,hunter,beastmastery,6,1,5
Warpedshots,malganis,96,hunter,beastmastery,6,1,5
Allgasnocap,kelthuzad,96,hunter,beastmastery,6,1,5
Ghostone,sargeras,96,hunter,beastmastery,6,1,5
Wixyy,aegwynn,96,hunter,beastmastery,6,1,5
Justforfunxx,tichondrius,96,hunter,beastmastery,6,1,5
Tiraa,kelthuzad,96,hunter,beastmastery,6,1,5
Pvrisxoxo,frostmourne,96,hunter,beastmastery,6,1,5
Frenchhtoast,sargeras,96,hunter,beastmastery,6,1,5
Cophunter,tichondrius,96,hunter,beastmastery,6,1,5
Appä,lightnings-blade,96,hunter,beastmastery,6,1,5
Panm,runetotem,96,hunter,beastmastery,6,1,5
Fadingtrapz,jubeithos,96,hunter,beastmastery,6,1,5
Sóggybóxers,tichondrius,96,hunter,beastmastery,6,1,5
Auset,aegwynn,96,hunter,beastmastery,6,1,5
Bigpie,daggerspine,96,hunter,beastmastery,6,1,5
Rexxiga,kiljaeden,96,hunter,beastmastery,6,1,5
Spitballa,emerald-dream,96,hunter,beastmastery,6,1,5
Opsi,ragnaros,96,hunter,beastmastery,6,1,5
Vencc,tichondrius,96,hunter,beastmastery,6,1,5
Sashagreen,frostmourne,96,hunter,beastmastery,6,1,5
Raikuu,skullcrusher,96,hunter,beastmastery,6,1,5
Kok,andorhal,96,hunter,beastmastery,6,1,5
Tembaktytyd,barthilas,96,hunter,beastmastery,6,1,5
Cynasia,maelstrom,96,hunter,beastmastery,6,1,5
Xcopel,azralon,96,hunter,beastmastery,6,1,5
Mtuanwm,tichondrius,96,hunter,beastmastery,6,1,5
Oldmandave,stormrage,96,hunter,beastmastery,6,1,5
Dusle,azralon,96,hunter,beastmastery,6,1,5
Penelòpe,wyrmrest-accord,96,hunter,beastmastery,6,1,5
Nachtcloverr,stormrage,96,hunter,beastmastery,6,1,5
Darkhunterr,tichondrius,96,hunter,beastmastery,6,1,5
Boyarsky,area-52,96,hunter,beastmastery,6,1,5
Cocobread,stormreaver,96,hunter,beastmastery,6,1,5
Bosshunt,whisperwind,96,hunter,beastmastery,6,1,5
Muckenfoose,frostmourne,96,hunter,beastmastery,6,1,5
Varag,amanthul,96,hunter,beastmastery,6,1,5
Båttousai,kiljaeden,96,hunter,beastmastery,6,1,5
Physical,destromath,96,hunter,beastmastery,6,1,5
Boido,ghostlands,96,hunter,beastmastery,6,1,5
Ãmi,moon-guard,96,hunter,beastmastery,6,1,5
Ballinpotato,tichondrius,96,hunter,beastmastery,6,1,5
Patcherson,kargath,96,hunter,beastmastery,6,1,5
Robious,tichondrius,96,hunter,beastmastery,6,1,5
Foakus,zuljin,96,hunter,beastmastery,6,1,5
Skeetslinger,illidan,96,hunter,beastmastery,6,1,5
Bertiebott,zuljin,96,hunter,beastmastery,6,1,5
Dampteeth,sargeras,96,hunter,beastmastery,6,1,5
Espaada,tichondrius,96,hunter,beastmastery,6,1,5
Wamion,zuljin,96,hunter,beastmastery,6,1,5
Jabbar,bleeding-hollow,96,hunter,beastmastery,6,1,5
Birggitte,the-venture-co,96,hunter,beastmastery,6,1,5
Percival,firetree,96,hunter,beastmastery,6,1,5
Henhøuse,illidan,96,hunter,beastmastery,6,1,5
Murk,spirestone,96,hunter,beastmastery,6,1,5
Ilîiìîìiilil,bleeding-hollow,96,hunter,beastmastery,6,1,5
Sobala,azralon,96,hunter,beastmastery,6,1,5
Carot,dalaran,96,hunter,beastmastery,6,1,5
Bithiáh,quelthalas,96,hunter,beastmastery,6,1,5
Xclaw,llane,96,hunter,beastmastery,6,1,5
Illsugoi,frostwolf,96,hunter,beastmastery,6,1,5
Bendotexe,stormrage,96,hunter,beastmastery,7,1,6
Tydee,nagrand,96,hunter,beastmastery,12,1,11
Jijiyoyo,tichondrius,96,hunter,beastmastery,12,1,11
Coletrickle,chogall,96,hunter,beastmastery,12,1,11
Boomup,tichondrius,96,hunter,beastmastery,12,1,11
Divineseraph,dentarg,96,hunter,beastmastery,12,1,11
Leaii,thrall,95,hunter,beastmastery,6,1,5
Kölhberg,azralon,64,hunter,beastmastery,10,1,9
Triggamikê,tichondrius,63,hunter,beastmastery,2,2,0
Jonyvi,stormrage,63,hunter,beastmastery,2,2,0
Onihanzo,thrall,63,hunter,beastmastery,2,2,0
Falsifier,ragnaros,48,hunter,beastmastery,3,1,2
Yory,tol-barad,48,hunter,beastmastery,3,1,2
Memorypet,proudmoore,48,hunter,beastmastery,3,1,2
Bowjoblul,stormrage,42,hunter,beastmastery,9,2,7
Voladren,moon-guard,31,hunter,beastmastery,2,1,1
Khillin,destromath,31,hunter,beastmastery,2,1,1
Numbing,sargeras,2233,mage,arcane,100,54,46
Cvark,sargeras,2123,mage,arcane,76,45,31
Venruki,tichondrius,2110,mage,arcane,72,42,30
Ktp,tichondrius,2067,mage,arcane,72,42,30
Junglejape,tichondrius,1967,mage,arcane,54,35,19
Bíscuít,illidan,1864,mage,arcane,127,70,57
Whiterice,zuljin,1862,mage,arcane,44,28,16
Sestren,zuljin,1813,mage,arcane,54,28,26
Vampìrelolz,tichondrius,1809,mage,arcane,48,26,22
Hallat,archimonde,1800,mage,arcane,183,91,92
Oneschool,sargeras,1781,mage,arcane,48,24,24
Elfmage,tichondrius,1777,mage,arcane,30,19,11
Mokelovin,sargeras,1757,mage,arcane,45,26,19
Snortmeth,area-52,1721,mage,arcane,54,36,18
Lmaginedying,illidan,1715,mage,arcane,30,24,6
Birdfather,tichondrius,1695,mage,arcane,30,23,7
Bambambilly,kelthuzad,1683,mage,arcane,36,18,18
Clutchy,gorefiend,1672,mage,arcane,42,29,13
Ligmmah,stormrage,1672,mage,arcane,36,21,15
Nyj,tichondrius,1666,mage,arcane,41,24,17
Zps,illidan,1662,mage,arcane,48,27,21
Juicemage,tichondrius,1647,mage,arcane,42,21,21
Proximalol,tichondrius,1610,mage,arcane,36,20,16
Hööva,illidan,1604,mage,arcane,30,17,13
Agoniey,illidan,1603,mage,arcane,95,50,45
Delibro,tichondrius,1602,mage,arcane,34,21,13
Primearcanis,tol-barad,1601,mage,arcane,48,22,26
Arianark,sargeras,1592,mage,arcane,30,21,9
Felsparkles,area-52,1585,mage,arcane,42,24,18
Dmgperseç,tichondrius,1575,mage,arcane,24,17,7
Zhanna,nazjatar,1566,mage,arcane,66,34,32
Dbox,stormscale,1549,mage,arcane,58,32,26
Lucidaze,daggerspine,1546,mage,arcane,74,38,36
Prosperoh,burning-legion,1545,mage,arcane,36,20,16
Exterminatüs,tichondrius,1508,mage,arcane,45,19,26
Sáron,quelthalas,1488,mage,arcane,42,25,17
Missile,frostmourne,1472,mage,arcane,30,16,14
Magecombe,thrall,1436,mage,arcane,24,15,9
Perrc,area-52,1433,mage,arcane,90,42,48
Hustle,frostmourne,1426,mage,arcane,36,18,18
Somariais,illidan,1399,mage,arcane,42,20,22
Söngs,goldrinn,1387,mage,arcane,24,15,9
Chezzmasterx,misha,1387,mage,arcane,45,26,19
Wizzyx,illidan,1373,mage,arcane,40,21,19
Linkolni,azralon,1364,mage,arcane,71,38,33
Hennimage,sargeras,1344,mage,arcane,60,35,25
Melkdud,wyrmrest-accord,1341,mage,arcane,24,14,10
Ruzam,area-52,1321,mage,arcane,120,58,62
Coôler,illidan,1313,mage,arcane,39,16,23
Szrp,stormrage,1306,mage,arcane,45,20,25
Avandal,proudmoore,1304,mage,arcane,53,18,35
Draell,drakkari,1301,mage,arcane,54,30,24
Véyda,emerald-dream,1300,mage,arcane,54,27,27
Airbnb,area-52,1298,mage,arcane,34,20,14
Jedamere,proudmoore,1260,mage,arcane,36,17,19
Spitemage,tichondrius,1243,mage,arcane,30,13,17
Bananappeal,kelthuzad,1243,mage,arcane,30,13,17
Unlike,sargeras,1235,mage,arcane,71,29,42
Antifreezex,tichondrius,1227,mage,arcane,41,25,16
Skywalkerino,azralon,1215,mage,arcane,107,55,52
Gryd,area-52,1193,mage,arcane,78,42,36
Chëryl,proudmoore,1181,mage,arcane,76,33,43
Yonzho,area-52,1160,mage,arcane,20,13,7
Fearhades,drakkari,1159,mage,arcane,24,13,11
Thewizârd,stormrage,1159,mage,arcane,138,71,67
Cyphen,proudmoore,1146,mage,arcane,24,12,12
Strêss,kelthuzad,1131,mage,arcane,111,54,57
Oyagi,moon-guard,1129,mage,arcane,71,34,37
Gessin,area-52,1111,mage,arcane,58,24,34
Kittikk,tichondrius,1110,mage,arcane,36,15,21
Klausgc,sargeras,1084,mage,arcane,20,12,8
Cokézero,frostmourne,1075,mage,arcane,33,15,18
Holbrook,greymane,1071,mage,arcane,45,15,30
Arcanemagek,tichondrius,1056,mage,arcane,12,11,1
Spellsteål,malganis,1055,mage,arcane,12,11,1
Ezchallenger,undermine,1055,mage,arcane,24,11,13
Dawitchery,illidan,1055,mage,arcane,24,11,13
Tommagic,tichondrius,1055,mage,arcane,30,11,19
Astrojrue,sargeras,1049,mage,arcane,23,11,12
Alode,moon-guard,1048,mage,arcane,18,11,7
Tsarevich,fizzcrank,1008,mage,arcane,36,14,22
Smoks,stormrage,973,mage,arcane,26,12,14
Raeign,frostmourne,972,mage,arcane,105,49,56
Nightsaber,blackrock,960,mage,arcane,12,10,2
Windwìtch,quelthalas,960,mage,arcane,18,10,8
Zerathremar,proudmoore,958,mage,arcane,18,10,8
Balencii,kiljaeden,957,mage,arcane,18,10,8
Haze,hyjal,955,mage,arcane,18,10,8
Themagicman,whisperwind,954,mage,arcane,24,10,14
Orderlight,alexstrasza,954,mage,arcane,24,10,14
Tagere,moon-guard,954,mage,arcane,24,10,14
Lünå,onyxia,948,mage,arcane,18,10,8
Morkleen,korgath,943,mage,arcane,30,10,20
Khierlana,hellscream,935,mage,arcane,60,25,35
Shadows,exodar,934,mage,arcane,24,10,14
Dietdeww,borean-tundra,913,mage,arcane,18,10,8
Tbkz,amanthul,864,mage,arcane,18,9,9
Jazzgroyper,sargeras,864,mage,arcane,18,9,9
Wïzarduous,mannoroth,863,mage,arcane,12,9,3
Allýria,stormrage,863,mage,arcane,18,9,9
Pandazed,proudmoore,863,mage,arcane,18,9,9
Sherian,queldorei,832,mage,arcane,18,9,9
Jööz,deathwing,768,mage,arcane,18,8,10
Eludin,aegwynn,768,mage,arcane,18,8,10
Gin,nemesis,767,mage,arcane,12,8,4
Watchmepog,tichondrius,767,mage,arcane,12,8,4
Shmage,dragonmaw,767,mage,arcane,12,8,4
Fakebusiness,area-52,767,mage,arcane,18,8,10
Castarcane,nordrassil,767,mage,arcane,18,8,10
Boredmoomoo,thunderlord,765,mage,arcane,12,8,4
Archtype,azralon,764,mage,arcane,24,8,16
Aycc,tichondrius,735,mage,arcane,17,8,9
Enthy,frostmourne,672,mage,arcane,18,7,11
Clernlol,emerald-dream,672,mage,arcane,24,7,17
Zezima,spirestone,671,mage,arcane,12,7,5
Ankidar,quelthalas,671,mage,arcane,18,7,11
Warthormage,stormrage,670,mage,arcane,12,7,5
Derkrìeger,turalyon,670,mage,arcane,18,7,11
Zimzum,bladefist,666,mage,arcane,12,7,5
Jackson,altar-of-storms,664,mage,arcane,24,7,17
Waisted,kelthuzad,654,mage,arcane,13,8,5
Valrendor,nazjatar,634,mage,arcane,17,7,10
Zukoprince,azralon,576,mage,arcane,6,6,0
Aeghis,stormrage,576,mage,arcane,12,6,6
Vênsêr,emerald-dream,576,mage,arcane,12,6,6
Ject,ragnaros,576,mage,arcane,12,6,6
Fryry,dalaran,576,mage,arcane,12,6,6
Harshx,bleeding-hollow,576,mage,arcane,12,6,6
Spart,runetotem,576,mage,arcane,17,6,11
Wizfajita,malganis,575,mage,arcane,18,6,12
Mageyoulooks,kelthuzad,575,mage,arcane,18,6,12
Greenwise,illidan,574,mage,arcane,12,6,6
Cassanara,moon-guard,574,mage,arcane,18,6,12
Waef,quelthalas,571,mage,arcane,12,6,6
Enfuegoe,tichondrius,571,mage,arcane,12,6,6
Esien,tichondrius,522,mage,arcane,20,7,13
Xialing,tichondrius,480,mage,arcane,6,5,1
Étel,nemesis,480,mage,arcane,12,5,7
Shäräpova,zuljin,480,mage,arcane,12,5,7
Beerbelly,tichondrius,480,mage,arcane,12,5,7
Diamondx,ragnaros,480,mage,arcane,12,5,7
Wauzcrol,quelthalas,480,mage,arcane,12,5,7
Dagreatone,malganis,480,mage,arcane,12,5,7
Kosiris,tichondrius,480,mage,arcane,18,5,13
Kevymarts,tichondrius,480,mage,arcane,18,5,13
Sceledrus,quelthalas,479,mage,arcane,12,5,7
Drainbamage,coilfang,479,mage,arcane,18,5,13
Humpadumplin,wyrmrest-accord,478,mage,arcane,24,5,19
Merlon,dalaran,476,mage,arcane,12,5,7
Larouse,quelthalas,415,mage,arcane,8,5,3
Höövalt,illidan,384,mage,arcane,6,4,2
Jordèb,sargeras,384,mage,arcane,6,4,2
Wanming,tichondrius,384,mage,arcane,6,4,2
Dogmagetw,tichondrius,384,mage,arcane,6,4,2
Chilléd,tichondrius,384,mage,arcane,6,4,2
Garrieto,sargeras,384,mage,arcane,6,4,2
Lightsoran,tichondrius,384,mage,arcane,6,4,2
Parapio,tichondrius,384,mage,arcane,6,4,2
Magnesiium,illidan,384,mage,arcane,6,4,2
Magicos,frostmourne,384,mage,arcane,6,4,2
Hasteboy,kelthuzad,384,mage,arcane,6,4,2
Tuggernaug,malganis,384,mage,arcane,6,4,2
Fredcouples,tichondrius,384,mage,arcane,6,4,2
Khaldyn,tichondrius,384,mage,arcane,12,4,8
Noescaping,illidan,384,mage,arcane,12,4,8
Scxut,tichondrius,384,mage,arcane,12,4,8
Biotic,kiljaeden,384,mage,arcane,12,4,8
Oharvestero,illidan,384,mage,arcane,12,4,8
Forestella,tichondrius,384,mage,arcane,12,4,8
Hogslop,saurfang,384,mage,arcane,12,4,8
Bigbuttangel,borean-tundra,384,mage,arcane,12,4,8
Nesomage,destromath,384,mage,arcane,12,4,8
Natzue,sargeras,288,mage,arcane,6,3,3
Kogin,thrall,288,mage,arcane,6,3,3
Snoogma,illidan,288,mage,arcane,6,3,3
Pwnstarx,proudmoore,288,mage,arcane,6,3,3
Zerodium,sargeras,288,mage,arcane,6,3,3
Hansol,farstriders,288,mage,arcane,6,3,3
Jizzlez,tichondrius,288,mage,arcane,6,3,3
Watchmesleep,tichondrius,288,mage,arcane,6,3,3
Adrazell,sargeras,288,mage,arcane,6,3,3
Insulting,aerie-peak,288,mage,arcane,6,3,3
Unknownblast,kul-tiras,288,mage,arcane,6,3,3
Myrondor,tichondrius,288,mage,arcane,6,3,3
Milfmaster,aerie-peak,288,mage,arcane,6,3,3
Madpoondog,frostmourne,288,mage,arcane,6,3,3
Heflash,azralon,288,mage,arcane,6,3,3
Hogdog,illidan,288,mage,arcane,12,3,9
Arçanemage,tichondrius,288,mage,arcane,12,3,9
Elux,whisperwind,288,mage,arcane,12,3,9
Toknsmoke,tichondrius,288,mage,arcane,12,3,9
Matmagic,drakkari,288,mage,arcane,13,3,10
Calcaster,aegwynn,287,mage,arcane,6,3,3
Kryptekk,area-52,287,mage,arcane,6,3,3
Grarg,stormrage,286,mage,arcane,6,3,3
Karamzov,zuljin,286,mage,arcane,12,3,9
Arcanin,thunderlord,285,mage,arcane,12,3,9
Etyx,tichondrius,239,mage,arcane,5,3,2
Røcco,azralon,192,mage,arcane,4,3,1
Alìv,tichondrius,192,mage,arcane,6,2,4
Nekrobear,nemesis,192,mage,arcane,6,2,4
Dereliction,nagrand,192,mage,arcane,6,2,4
Xpez,stormrage,192,mage,arcane,6,2,4
Umber,dreadmaul,192,mage,arcane,6,2,4
Blastgodx,stormrage,192,mage,arcane,6,2,4
Crinkit,frostmourne,192,mage,arcane,6,2,4
Vensyr,stormrage,192,mage,arcane,6,2,4
Sheepshot,dentarg,192,mage,arcane,6,2,4
Highafrn,area-52,192,mage,arcane,6,2,4
Xunalatu,frostmourne,192,mage,arcane,6,2,4
Opiumlord,tichondrius,192,mage,arcane,6,2,4
Fakelovè,area-52,192,mage,arcane,6,2,4
Vengx,tichondrius,192,mage,arcane,6,2,4
Mymaage,andorhal,192,mage,arcane,6,2,4
Icebish,skullcrusher,192,mage,arcane,6,2,4
Akunimon,ragnaros,192,mage,arcane,6,2,4
Chinkins,illidan,192,mage,arcane,6,2,4
Mastablastar,windrunner,192,mage,arcane,6,2,4
Ferdabombs,tichondrius,192,mage,arcane,6,2,4
Caimil,echo-isles,192,mage,arcane,6,2,4
Gatka,quelthalas,192,mage,arcane,12,2,10
Compactor,emerald-dream,192,mage,arcane,12,2,10
Vires,kelthuzad,159,mage,arcane,5,2,3
Purpledrank,nagrand,96,mage,arcane,9,2,7
Ignit,stormrage,96,mage,arcane,6,1,5
Trippy,senjin,96,mage,arcane,6,1,5
Illúmi,moon-guard,96,mage,arcane,6,1,5
Quinnfreeze,boulderfist,96,mage,arcane,6,1,5
Octané,illidan,96,mage,arcane,6,1,5
Gôøglëlòl,nemesis,96,mage,arcane,6,1,5
Nazztwren,bleeding-hollow,96,mage,arcane,6,1,5
Smôl,emerald-dream,96,mage,arcane,6,1,5
Needmyvape,moon-guard,96,mage,arcane,6,1,5
Burrbon,area-52,96,mage,arcane,6,1,5
Flomin,tichondrius,96,mage,arcane,6,1,5
Lacouet,lightnings-blade,96,mage,arcane,6,1,5
Pollybot,tichondrius,96,mage,arcane,6,1,5
Krazsus,tichondrius,96,mage,arcane,6,1,5
Coldrin,tichondrius,96,mage,arcane,6,1,5
Nachtt,sargeras,96,mage,arcane,6,1,5
Mageki,ragnaros,96,mage,arcane,6,1,5
Bobalama,tichondrius,96,mage,arcane,6,1,5
Greaterbust,tichondrius,96,mage,arcane,12,1,11
Kralien,dalaran,95,mage,arcane,6,1,5
Frostmaul,dreadmaul,79,mage,arcane,11,1,10
Keepinitnoob,tichondrius,63,mage,arcane,2,2,0
Ærtai,black-dragonflight,16,mage,arcane,1,1,0
Setback,illidan,2122,mage,fire,138,69,69
Taylorlol,tichondrius,2092,mage,fire,104,51,53
Talibandzx,sargeras,2070,mage,fire,147,73,74
Valériemeow,tichondrius,2066,mage,fire,103,50,53
Horoba,sargeras,2032,mage,fire,102,49,53
Vcamusorz,tichondrius,2006,mage,fire,118,64,54
Adjudicatory,tichondrius,2003,mage,fire,69,34,35
Kasperkar,illidan,1991,mage,fire,239,121,118
Hansol,farstriders,1984,mage,fire,48,27,21
Xiaoxiaochu,tichondrius,1958,mage,fire,140,86,54
Bigfirebat,tichondrius,1957,mage,fire,84,42,42
Icetomeetyu,bleeding-hollow,1951,mage,fire,100,53,47
Gohonn,emerald-dream,1914,mage,fire,87,52,35
Poundcakezx,tichondrius,1905,mage,fire,54,28,26
Vazlgs,tichondrius,1902,mage,fire,72,42,30
Yaya,kargath,1883,mage,fire,87,45,42
Aeghis,stormrage,1863,mage,fire,42,21,21
Ròÿ,area-52,1861,mage,fire,72,37,35
Csx,turalyon,1854,mage,fire,102,59,43
Rmxd,malganis,1851,mage,fire,87,46,41
Såni,tichondrius,1844,mage,fire,61,38,23
Ksmackm,illidan,1842,mage,fire,65,34,31
Purpscurp,illidan,1838,mage,fire,41,27,14
Starxen,tichondrius,1838,mage,fire,48,27,21
Undeadmerlin,zuljin,1834,mage,fire,54,30,24
Vampìrelolz,tichondrius,1828,mage,fire,47,25,22
Cinnablast,darkspear,1824,mage,fire,26,20,6
Degen,laughing-skull,1824,mage,fire,34,25,9
Fwooshinator,malganis,1823,mage,fire,71,56,15
Younghehe,tichondrius,1816,mage,fire,103,59,44
Juju,tichondrius,1803,mage,fire,57,36,21
Peachygamer,stormscale,1798,mage,fire,72,32,40
Dáddyshark,sargeras,1798,mage,fire,75,33,42
Sorcerous,bloodhoof,1797,mage,fire,94,58,36
Udmx,zuljin,1786,mage,fire,61,33,28
Highms,stormrage,1783,mage,fire,48,27,21
Varroc,quelthalas,1774,mage,fire,52,29,23
Volkazar,sargeras,1766,mage,fire,39,21,18
Käxs,ragnaros,1762,mage,fire,42,21,21
Zoryack,azralon,1758,mage,fire,60,31,29
Creaystar,area-52,1747,mage,fire,107,54,53
Notini,azralon,1723,mage,fire,60,27,33
Itshug,area-52,1703,mage,fire,47,25,22
Snoogma,illidan,1702,mage,fire,35,25,10
Likebutter,tichondrius,1695,mage,fire,30,22,8
Ööf,emerald-dream,1675,mage,fire,54,26,28
Nickioxox,tichondrius,1674,mage,fire,24,18,6
Bighot,tichondrius,1673,mage,fire,90,53,37
Tuniepop,sargeras,1666,mage,fire,83,42,41
Wanming,tichondrius,1662,mage,fire,36,23,13
Firewreckage,malganis,1655,mage,fire,48,24,24
Daddymayhem,proudmoore,1653,mage,fire,54,24,30
Trippy,senjin,1630,mage,fire,60,30,30
Yorgøs,ragnaros,1625,mage,fire,42,22,20
Kev,sentinels,1624,mage,fire,72,42,30
Opisop,kelthuzad,1621,mage,fire,36,20,16
Ligmmah,stormrage,1615,mage,fire,36,22,14
Audacy,sargeras,1613,mage,fire,103,54,49
Myrondor,tichondrius,1611,mage,fire,78,43,35
Chainpoly,area-52,1609,mage,fire,37,25,12
Fruitdealerr,tichondrius,1607,mage,fire,48,29,19
Hpthewizard,deathwing,1607,mage,fire,83,50,33
Ârcano,ragnaros,1607,mage,fire,38,21,17
Zarkanis,tichondrius,1604,mage,fire,49,25,24
Garbagemage,barthilas,1602,mage,fire,60,33,27
Wizarts,ragnaros,1602,mage,fire,42,20,22
Jardz,area-52,1597,mage,fire,42,21,21
Enthy,frostmourne,1595,mage,fire,42,21,21
Sakurai,tichondrius,1593,mage,fire,48,28,20
Djpolymorph,stormrage,1588,mage,fire,70,42,28
Pzaz,moon-guard,1582,mage,fire,50,30,20
Pootysmooch,sargeras,1574,mage,fire,42,24,18
Trolson,sargeras,1573,mage,fire,48,24,24
Jojomage,thrall,1561,mage,fire,102,56,46
Thxo,hyjal,1551,mage,fire,43,19,24
Fookz,malganis,1540,mage,fire,54,30,24
Xs,stormrage,1534,mage,fire,120,67,53
Dagreatone,malganis,1531,mage,fire,34,17,17
Pyroshima,barthilas,1530,mage,fire,65,32,33
Squantanimo,shadowmoon,1526,mage,fire,41,20,21
Mushys,stormrage,1525,mage,fire,29,18,11
Smallbrainz,emerald-dream,1522,mage,fire,36,24,12
Magekylex,proudmoore,1522,mage,fire,99,58,41
Biscobush,turalyon,1519,mage,fire,30,18,12
Wotl,tichondrius,1515,mage,fire,74,36,38
Worldonfire,ragnaros,1513,mage,fire,76,40,36
Marrioo,tichondrius,1511,mage,fire,30,17,13
Imannoyingha,darkspear,1510,mage,fire,71,37,34
Singheart,tichondrius,1510,mage,fire,66,33,33
Mager,dentarg,1508,mage,fire,62,40,22
Oi,frostwolf,1504,mage,fire,30,20,10
Jundead,dalaran,1499,mage,fire,59,39,20
Pòlly,illidan,1495,mage,fire,42,25,17
Ålmøst,tichondrius,1493,mage,fire,47,30,17
Teetems,sargeras,1493,mage,fire,101,50,51
Lilbabyx,stormrage,1484,mage,fire,50,25,25
Ultrá,stormscale,1475,mage,fire,36,23,13
Nazmagus,hydraxis,1474,mage,fire,43,26,17
Chickenspank,stormrage,1473,mage,fire,36,18,18
Murcury,tichondrius,1451,mage,fire,102,49,53
Sparklepoof,tichondrius,1449,mage,fire,29,17,12
Bettybonk,cenarius,1449,mage,fire,42,20,22
Schwenkyy,sargeras,1446,mage,fire,77,36,41
Sydrol,area-52,1441,mage,fire,66,36,30
Nightsaber,blackrock,1439,mage,fire,18,15,3
Mariomario,tichondrius,1433,mage,fire,30,18,12
Pyroflinger,stormrage,1422,mage,fire,36,18,18
Elwyn,dunemaul,1421,mage,fire,36,19,17
Eazzybaby,eredar,1418,mage,fire,210,111,99
Øzmage,area-52,1416,mage,fire,21,16,5
Lolololololo,kelthuzad,1416,mage,fire,108,51,57
Anàrchy,emerald-dream,1411,mage,fire,39,21,18
Eekzlol,illidan,1409,mage,fire,30,16,14
Leonr,tichondrius,1395,mage,fire,35,21,14
Toastedoats,hyjal,1394,mage,fire,33,18,15
Ruzam,area-52,1394,mage,fire,66,31,35
Hööva,illidan,1392,mage,fire,71,35,36
Benisp,stormrage,1388,mage,fire,32,17,15
Coôler,illidan,1388,mage,fire,84,40,44
Jizzlez,tichondrius,1384,mage,fire,30,15,15
Leaso,tichondrius,1384,mage,fire,45,22,23
Neglect,moknathal,1375,mage,fire,30,16,14
Xanthan,runetotem,1368,mage,fire,27,17,10
Rudeswizard,area-52,1368,mage,fire,43,20,23
Coltrip,azralon,1359,mage,fire,83,38,45
Skoffla,executus,1354,mage,fire,36,17,19
Yooyar,barthilas,1345,mage,fire,80,32,48
Adronicus,tichondrius,1344,mage,fire,54,30,24
Badaszbich,tichondrius,1344,mage,fire,36,20,16
Sikeyzlol,bleeding-hollow,1343,mage,fire,24,14,10
Sorankim,tichondrius,1343,mage,fire,30,14,16
Marajaade,tichondrius,1340,mage,fire,57,24,33
Iceward,frostmourne,1336,mage,fire,24,14,10
Rockoe,tichondrius,1322,mage,fire,24,14,10
Adrazell,sargeras,1318,mage,fire,36,18,18
Holbrook,greymane,1316,mage,fire,49,24,25
Jjijuns,tichondrius,1302,mage,fire,40,18,22
Waffles,ravencrest,1297,mage,fire,56,26,30
Abzy,sargeras,1292,mage,fire,48,24,24
Wickymorph,barthilas,1281,mage,fire,29,14,15
Swaglo,illidan,1269,mage,fire,33,16,17
Helcarwen,area-52,1261,mage,fire,60,30,30
Zulugara,barthilas,1258,mage,fire,36,19,17
Carnelius,bleeding-hollow,1251,mage,fire,48,23,25
Alzagen,ragnaros,1249,mage,fire,38,17,21
Feogato,proudmoore,1237,mage,fire,60,29,31
Politeness,tichondrius,1233,mage,fire,24,13,11
Juul,emerald-dream,1231,mage,fire,30,13,17
Mongomike,stormrage,1231,mage,fire,51,21,30
Fíery,blades-edge,1227,mage,fire,60,27,33
Zinnos,tichondrius,1218,mage,fire,30,13,17
Archtype,azralon,1217,mage,fire,18,13,5
Genthruz,ragnaros,1205,mage,fire,30,14,16
Esfire,frostmourne,1185,mage,fire,48,23,25
Smigui,azralon,1183,mage,fire,111,49,62
Dreadparadox,bleeding-hollow,1176,mage,fire,22,13,9
Tamarolfrost,illidan,1158,mage,fire,19,13,6
Gradmage,proudmoore,1156,mage,fire,50,20,30
Maxvila,kelthuzad,1152,mage,fire,18,12,6
Snaregodx,area-52,1151,mage,fire,18,12,6
Sunskim,tichondrius,1151,mage,fire,24,12,12
Rhykx,malganis,1149,mage,fire,18,12,6
Dragonie,nordrassil,1147,mage,fire,30,14,16
Christjan,tichondrius,1145,mage,fire,102,50,52
Beerandmagic,zuljin,1144,mage,fire,24,12,12
Fleët,tichondrius,1139,mage,fire,18,12,6
Raynark,nemesis,1134,mage,fire,18,12,6
Gnarwallx,stormrage,1132,mage,fire,30,12,18
Wawakun,ragnaros,1127,mage,fire,30,14,16
Dexpy,tichondrius,1119,mage,fire,20,13,7
Xzilence,aerie-peak,1118,mage,fire,30,12,18
Dorkski,bleeding-hollow,1114,mage,fire,49,16,33
Sánzunokawa,quelthalas,1109,mage,fire,27,16,11
Noescaping,illidan,1102,mage,fire,24,12,12
Coolhandz,tichondrius,1096,mage,fire,23,12,11
Jööz,deathwing,1096,mage,fire,27,12,15
Gempette,tichondrius,1095,mage,fire,23,12,11
Wazzerd,moon-guard,1093,mage,fire,27,12,15
Guccilaflur,proudmoore,1082,mage,fire,27,12,15
Crnomage,area-52,1081,mage,fire,23,12,11
Kjuuler,moon-guard,1056,mage,fire,18,11,7
Zonmague,drakkari,1056,mage,fire,30,12,18
Búrsting,kelthuzad,1055,mage,fire,18,11,7
Lightsoran,tichondrius,1055,mage,fire,18,11,7
Dmgdaddy,zuljin,1055,mage,fire,24,11,13
Gigatuts,stormrage,1054,mage,fire,18,11,7
Albbano,tichondrius,1054,mage,fire,18,11,7
Dropdeadlol,bonechewer,1051,mage,fire,18,11,7
Cinns,moon-guard,1051,mage,fire,24,11,13
Harlloo,the-underbog,1049,mage,fire,24,11,13
Purpledrank,nagrand,1049,mage,fire,24,11,13
Garungar,antonidas,1045,mage,fire,18,11,7
Bobalama,tichondrius,1043,mage,fire,36,12,24
Strêss,kelthuzad,1020,mage,fire,20,12,8
Hotjazzfarts,sargeras,1003,mage,fire,61,35,26
Endmepls,ysera,965,mage,fire,96,40,56
Mudohir,stormrage,959,mage,fire,18,10,8
Squidio,stormrage,959,mage,fire,18,10,8
Mokelovin,sargeras,959,mage,fire,18,10,8
Banquetmeal,emerald-dream,959,mage,fire,18,10,8
Frostpimp,anubarak,959,mage,fire,22,11,11
Osh,malorne,957,mage,fire,24,10,14
Preceptør,azralon,957,mage,fire,24,10,14
Dârkus,sargeras,957,mage,fire,24,10,14
Dearasian,ragnaros,955,mage,fire,18,10,8
Dårks,area-52,955,mage,fire,24,10,14
Sahala,frostmourne,955,mage,fire,24,10,14
Hypernova,vashj,952,mage,fire,24,10,14
Abstractgoat,tichondrius,946,mage,fire,30,15,15
Vamkari,ragnaros,942,mage,fire,18,10,8
Sasghengis,frostmourne,930,mage,fire,18,10,8
Coldarei,nagrand,928,mage,fire,27,12,15
Ripburn,stormrage,911,mage,fire,29,12,17
Dojacute,frostmourne,910,mage,fire,17,10,7
Senegau,azralon,906,mage,fire,33,14,19
Alywgard,sargeras,894,mage,fire,22,10,12
Alaramaria,sargeras,886,mage,fire,18,10,8
Formi,frostmourne,864,mage,fire,18,9,9
Charkoalzz,moon-guard,864,mage,fire,18,9,9
Gadgítte,moon-guard,863,mage,fire,12,9,3
Slumpgodd,frostmourne,863,mage,fire,18,9,9
Ddouble,tichondrius,863,mage,fire,18,9,9
Dabsx,moon-guard,863,mage,fire,18,9,9
Torched,stormreaver,863,mage,fire,24,9,15
Snoü,proudmoore,863,mage,fire,24,9,15
Desfunz,mugthol,862,mage,fire,18,9,9
Zstyle,frostmourne,860,mage,fire,12,9,3
Fryry,dalaran,860,mage,fire,24,9,15
Baelthezer,moon-guard,858,mage,fire,21,12,9
Halfsquad,malfurion,858,mage,fire,18,9,9
Freez,garona,858,mage,fire,21,10,11
Gadalka,frostmourne,857,mage,fire,18,9,9
Othokk,tichondrius,852,mage,fire,24,9,15
Dánó,lightbringer,843,mage,fire,62,26,36
Umber,dreadmaul,829,mage,fire,17,9,8
Ljaie,lightbringer,813,mage,fire,17,9,8
Kraxos,stormrage,768,mage,fire,12,8,4
Zakume,stormrage,768,mage,fire,12,8,4
Castana,tichondrius,768,mage,fire,18,8,10
Shimmerpoly,sargeras,768,mage,fire,18,8,10
Avócadó,malganis,768,mage,fire,18,8,10
Avicci,shattered-halls,768,mage,fire,24,8,16
Kawailenard,tichondrius,767,mage,fire,12,8,4
Ashenlad,moon-guard,766,mage,fire,18,8,10
Coldblooded,zuljin,763,mage,fire,24,8,16
Undedkev,tichondrius,761,mage,fire,24,8,16
Orianne,windrunner,750,mage,fire,12,8,4
Arcanemain,kargath,733,mage,fire,18,8,10
Mirimida,ragnaros,715,mage,fire,17,8,9
Shmagee,azralon,684,mage,fire,13,8,5
Osirax,frostmane,672,mage,fire,12,7,5
Streetember,nemesis,672,mage,fire,12,7,5
Sos,kelthuzad,672,mage,fire,12,7,5
Warpfactor,malganis,672,mage,fire,12,7,5
Tuggernaug,malganis,672,mage,fire,12,7,5
Salvick,emerald-dream,672,mage,fire,12,7,5
Magicmaghar,area-52,672,mage,fire,12,7,5
Bigdjohnson,dalaran,672,mage,fire,18,7,11
Vastlord,stormrage,672,mage,fire,18,7,11
Lucidaze,daggerspine,671,mage,fire,12,7,5
Blastfire,stormrage,671,mage,fire,12,7,5
Ásune,moon-guard,671,mage,fire,12,7,5
Alàh,stormscale,671,mage,fire,18,7,11
Kryptekk,area-52,671,mage,fire,18,7,11
Dreaming,draktharon,670,mage,fire,12,7,5
Slipqt,tichondrius,607,mage,fire,22,7,15
Grymorum,ragnaros,576,mage,fire,6,6,0
Strdelmaker,tichondrius,576,mage,fire,6,6,0
Toteypotter,frostmourne,576,mage,fire,12,6,6
Magination,frostmourne,576,mage,fire,12,6,6
Frostboy,borean-tundra,576,mage,fire,12,6,6
Myfamilygpie,nazgrel,576,mage,fire,12,6,6
Omagawd,tichondrius,576,mage,fire,12,6,6
Stergenutfr,tichondrius,576,mage,fire,12,6,6
Shmoked,kelthuzad,576,mage,fire,12,6,6
Alunarassra,area-52,576,mage,fire,12,6,6
Wakamage,area-52,576,mage,fire,12,6,6
Darkisfrosty,tichondrius,576,mage,fire,12,6,6
Stimml,blood-furnace,576,mage,fire,18,6,12
Linkolni,azralon,576,mage,fire,18,6,12
Unknownblast,kul-tiras,576,mage,fire,20,6,14
Zukoprince,azralon,575,mage,fire,6,6,0
Christensen,stormrage,575,mage,fire,12,6,6
Magja,bloodhoof,575,mage,fire,12,6,6
Astroblasty,tichondrius,575,mage,fire,18,6,12
Spellpowa,khaz-modan,574,mage,fire,12,6,6
Calcaster,aegwynn,573,mage,fire,18,6,12
Bàttlemage,nagrand,567,mage,fire,12,6,6
Béssie,area-52,565,mage,fire,12,6,6
Ashex,moon-guard,559,mage,fire,18,7,11
Babysharky,uther,512,mage,fire,16,6,10
Cymbalta,azralon,509,mage,fire,10,6,4
Maxmie,sargeras,480,mage,fire,6,5,1
Youezdawg,tichondrius,480,mage,fire,6,5,1
Skaq,tichondrius,480,mage,fire,6,5,1
Ñïz,bleeding-hollow,480,mage,fire,6,5,1
Slavic,sargeras,480,mage,fire,6,5,1
Hocusjokus,frostmourne,480,mage,fire,6,5,1
Polypolypoly,kiljaeden,480,mage,fire,10,6,4
Skillcap,nagrand,480,mage,fire,12,5,7
Bigpøppapump,tichondrius,480,mage,fire,12,5,7
Espyy,area-52,480,mage,fire,12,5,7
Covín,malganis,480,mage,fire,12,5,7
Marther,whisperwind,480,mage,fire,12,5,7
Baida,kelthuzad,480,mage,fire,12,5,7
Alenikus,blackhand,480,mage,fire,12,5,7
Dìus,malganis,480,mage,fire,12,5,7
Pugsmugg,icecrown,480,mage,fire,12,5,7
Zerosaspect,thrall,480,mage,fire,12,5,7
Kyriê,darkspear,480,mage,fire,12,5,7
Kevymarts,tichondrius,480,mage,fire,12,5,7
Entomas,quelthalas,480,mage,fire,12,5,7
Honeydutchss,black-dragonflight,480,mage,fire,12,5,7
Arishasis,tichondrius,480,mage,fire,12,5,7
Cumbus,stormrage,480,mage,fire,12,5,7
Jikario,zuljin,480,mage,fire,12,5,7
Arrcadia,darkspear,480,mage,fire,12,5,7
Kqlyy,tichondrius,480,mage,fire,12,5,7
Magicalbuns,illidan,480,mage,fire,12,5,7
Epod,illidan,480,mage,fire,12,5,7
Diamondx,ragnaros,480,mage,fire,12,5,7
Muztaccio,tichondrius,480,mage,fire,17,6,11
Tunax,tichondrius,480,mage,fire,18,5,13
Mageyoulooks,kelthuzad,480,mage,fire,18,5,13
Shadowgalaxy,arthas,479,mage,fire,12,5,7
Xunalatu,frostmourne,479,mage,fire,12,5,7
Xannymancan,tichondrius,479,mage,fire,24,5,19
Zendrix,bonechewer,478,mage,fire,12,5,7
Gwenage,tichondrius,472,mage,fire,12,5,7
Shotö,skullcrusher,463,mage,fire,11,5,6
Hositonet,malganis,439,mage,fire,21,7,14
Jazen,quelthalas,432,mage,fire,15,6,9
Letitgoo,azralon,430,mage,fire,19,6,13
Certifried,emerald-dream,415,mage,fire,14,5,9
Molassess,illidan,400,mage,fire,13,5,8
Polymedaddi,tichondrius,384,mage,fire,6,4,2
Velvetlurker,tichondrius,384,mage,fire,6,4,2
Majjix,illidan,384,mage,fire,6,4,2
Fïtz,quelthalas,384,mage,fire,6,4,2
Yeetcannøn,illidan,384,mage,fire,6,4,2
Magicmidget,malganis,384,mage,fire,6,4,2
Cømbust,frostmourne,384,mage,fire,6,4,2
Pherixsw,stormrage,384,mage,fire,6,4,2
Pollybot,tichondrius,384,mage,fire,6,4,2
Gominsi,tichondrius,384,mage,fire,6,4,2
Wabï,tichondrius,384,mage,fire,6,4,2
Floatyz,tichondrius,384,mage,fire,6,4,2
Haze,hyjal,384,mage,fire,6,4,2
Gíldrin,proudmoore,384,mage,fire,6,4,2
Insightæ,frostmourne,384,mage,fire,6,4,2
Xythros,stormrage,384,mage,fire,6,4,2
Kaylemage,tichondrius,384,mage,fire,6,4,2
Jazzgroyper,sargeras,384,mage,fire,6,4,2
Pyröz,kelthuzad,384,mage,fire,6,4,2
Icestory,tichondrius,384,mage,fire,6,4,2
Flavaflame,mugthol,384,mage,fire,6,4,2
Belven,proudmoore,384,mage,fire,6,4,2
Refreshments,bleeding-hollow,384,mage,fire,6,4,2
Supermajor,frostmourne,384,mage,fire,12,4,8
Hogslop,saurfang,384,mage,fire,12,4,8
Ranj,tichondrius,384,mage,fire,12,4,8
Galsola,bronzebeard,384,mage,fire,12,4,8
Udó,proudmoore,384,mage,fire,12,4,8
Aquralina,moon-guard,384,mage,fire,12,4,8
Droppinbombs,draka,384,mage,fire,12,4,8
Asönia,illidan,384,mage,fire,12,4,8
Spookydookie,dark-iron,384,mage,fire,12,4,8
Háté,ragnaros,384,mage,fire,12,4,8
Elfmage,tichondrius,384,mage,fire,12,4,8
Kronicblast,bleeding-hollow,384,mage,fire,18,4,14
Gôøglëlòl,nemesis,384,mage,fire,18,4,14
Reddfire,proudmoore,384,mage,fire,18,4,14
Noyade,illidan,383,mage,fire,6,4,2
Boptimus,moonrunner,383,mage,fire,6,4,2
Apolarus,bonechewer,383,mage,fire,6,4,2
Drewzz,tichondrius,383,mage,fire,8,4,4
Hockisonz,moon-guard,383,mage,fire,12,4,8
Iguanodon,proudmoore,383,mage,fire,12,4,8
Soulwiper,illidan,383,mage,fire,17,5,12
Smoney,icecrown,383,mage,fire,18,4,14
Hollfz,nemesis,367,mage,fire,11,4,7
Kyphosis,illidan,330,mage,fire,12,5,7
Aulle,whisperwind,288,mage,fire,6,3,3
Thecorruptor,malorne,288,mage,fire,6,3,3
Missingxx,silvermoon,288,mage,fire,6,3,3
Rích,tichondrius,288,mage,fire,6,3,3
Zuhbo,moon-guard,288,mage,fire,6,3,3
Tráshmage,zuljin,288,mage,fire,6,3,3
Eraticmage,illidan,288,mage,fire,6,3,3
Isoicast,moon-guard,288,mage,fire,6,3,3
Urbadxd,llane,288,mage,fire,6,3,3
Absentbrain,stormrage,288,mage,fire,6,3,3
Calínico,quelthalas,288,mage,fire,6,3,3
Kuther,draenor,288,mage,fire,6,3,3
Englavian,frostmane,288,mage,fire,6,3,3
Ave,anetheron,288,mage,fire,6,3,3
Polyburst,darkspear,288,mage,fire,6,3,3
Jimmyhendrix,wildhammer,288,mage,fire,6,3,3
Rhunón,dalaran,288,mage,fire,6,3,3
Frostkage,tichondrius,288,mage,fire,6,3,3
Putridìty,thrall,288,mage,fire,6,3,3
Cînderellas,proudmoore,288,mage,fire,6,3,3
Fredcouples,tichondrius,288,mage,fire,6,3,3
Chilléd,tichondrius,288,mage,fire,6,3,3
Zerathremar,proudmoore,288,mage,fire,6,3,3
Herzthroh,stormrage,288,mage,fire,6,3,3
Crazytime,tichondrius,288,mage,fire,6,3,3
Danggurl,tichondrius,288,mage,fire,6,3,3
Vengefuly,tichondrius,288,mage,fire,6,3,3
Zenzoh,azuremyst,288,mage,fire,6,3,3
Kushjointz,tichondrius,288,mage,fire,6,3,3
Ancientmagik,area-52,288,mage,fire,6,3,3
Slinkyslink,area-52,288,mage,fire,6,3,3
Hasteboy,kelthuzad,288,mage,fire,6,3,3
Bhalec,kelthuzad,288,mage,fire,6,3,3
Gö,tichondrius,288,mage,fire,6,3,3
Chez,tichondrius,288,mage,fire,6,3,3
Aapple,tichondrius,288,mage,fire,11,3,8
Melkra,tichondrius,288,mage,fire,11,3,8
Mendittorosa,tichondrius,288,mage,fire,12,3,9
Tarmiel,quelthalas,288,mage,fire,12,3,9
Keionti,dalaran,288,mage,fire,12,3,9
Gnomegeddons,dalaran,288,mage,fire,24,3,21
Frostyii,stonemaul,287,mage,fire,6,3,3
Brànd,antonidas,287,mage,fire,6,3,3
Nesomage,destromath,256,mage,fire,10,3,7
Orderlight,alexstrasza,239,mage,fire,5,3,2
Fizario,barthilas,239,mage,fire,5,3,2
Flomin,tichondrius,234,mage,fire,16,6,10
Burrbon,area-52,192,mage,fire,6,2,4
Burna,amanthul,192,mage,fire,6,2,4
Randommagi,area-52,192,mage,fire,6,2,4
Gódsfather,kelthuzad,192,mage,fire,6,2,4
Felsparkles,area-52,192,mage,fire,6,2,4
Massivepoo,barthilas,192,mage,fire,6,2,4
Snanth,black-dragonflight,192,mage,fire,6,2,4
Aquafiona,garona,192,mage,fire,6,2,4
Jinglehz,frostmourne,192,mage,fire,6,2,4
Alïce,kelthuzad,192,mage,fire,6,2,4
Gødvana,frostmourne,192,mage,fire,6,2,4
Yonzho,area-52,192,mage,fire,6,2,4
Coldnuke,stormrage,192,mage,fire,6,2,4
Karameltart,barthilas,192,mage,fire,6,2,4
Remana,anvilmar,192,mage,fire,6,2,4
Magifish,malganis,192,mage,fire,6,2,4
Kaboodlz,stormrage,192,mage,fire,6,2,4
Preplex,thrall,192,mage,fire,6,2,4
Notria,illidan,192,mage,fire,6,2,4
Trebbiano,illidan,192,mage,fire,6,2,4
Naimi,malganis,192,mage,fire,6,2,4
Coneofkony,bleeding-hollow,192,mage,fire,6,2,4
Ignitex,bleeding-hollow,192,mage,fire,6,2,4
Wauzcrol,quelthalas,192,mage,fire,6,2,4
Parruka,warsong,192,mage,fire,6,2,4
Zënith,quelthalas,192,mage,fire,6,2,4
Magiër,tichondrius,192,mage,fire,6,2,4
Defaultx,turalyon,192,mage,fire,6,2,4
Sogood,tanaris,192,mage,fire,6,2,4
Starguy,terenas,192,mage,fire,6,2,4
Josephaqil,tichondrius,192,mage,fire,6,2,4
Snowday,nerzhul,192,mage,fire,6,2,4
Likelyhard,tichondrius,192,mage,fire,6,2,4
Pòpsmóke,tichondrius,192,mage,fire,6,2,4
Siayo,stormscale,192,mage,fire,6,2,4
Kymowiz,sargeras,192,mage,fire,6,2,4
Clickhard,suramar,192,mage,fire,6,2,4
Rbn,tichondrius,192,mage,fire,6,2,4
Thedodgex,sargeras,192,mage,fire,6,2,4
Avandal,proudmoore,192,mage,fire,6,2,4
Coldrin,tichondrius,192,mage,fire,6,2,4
Cradic,tichondrius,192,mage,fire,6,2,4
Natzue,sargeras,192,mage,fire,6,2,4
Gunzz,aegwynn,192,mage,fire,6,2,4
Gotya,tichondrius,192,mage,fire,6,2,4
Leakyboots,illidan,192,mage,fire,6,2,4
Fifthelëment,emerald-dream,192,mage,fire,6,2,4
Zuqo,sargeras,192,mage,fire,6,2,4
Abrácadaver,frostwolf,192,mage,fire,10,3,7
Arnx,tichondrius,192,mage,fire,11,2,9
Bic,darrowmere,192,mage,fire,12,2,10
Abruaa,area-52,192,mage,fire,12,2,10
Prosperoo,aerie-peak,191,mage,fire,12,2,10
Madalon,nemesis,160,mage,fire,10,2,8
Zezima,spirestone,159,mage,fire,5,2,3
Tmharp,tichondrius,144,mage,fire,3,3,0
Fingerblaste,malganis,138,mage,fire,16,3,13
Eromir,dawnbringer,128,mage,fire,4,2,2
Drewann,draenor,128,mage,fire,4,2,2
Yeweiliang,tichondrius,128,mage,fire,4,2,2
Supremeboxer,tichondrius,127,mage,fire,8,2,6
Jaysaucetv,tichondrius,112,mage,fire,7,2,5
Neltar,dalaran,112,mage,fire,7,2,5
Firemids,thrall,96,mage,fire,6,1,5
Couto,tichondrius,96,mage,fire,6,1,5
Jarethleon,ragnaros,96,mage,fire,6,1,5
Prosperoh,burning-legion,96,mage,fire,6,1,5
Clapsyou,illidan,96,mage,fire,6,1,5
Iamsol,area-52,96,mage,fire,6,1,5
Rolypolyman,tichondrius,96,mage,fire,6,1,5
Miapolyafoo,stormrage,96,mage,fire,6,1,5
Eludin,aegwynn,96,mage,fire,6,1,5
Nomidian,area-52,96,mage,fire,6,1,5
Mescudi,bonechewer,96,mage,fire,6,1,5
Truewinter,tichondrius,96,mage,fire,6,1,5
Spellbrker,stormrage,96,mage,fire,6,1,5
Brayni,wyrmrest-accord,96,mage,fire,6,1,5
Muted,frostmourne,96,mage,fire,6,1,5
Dâzk,sargeras,96,mage,fire,6,1,5
Eldrielle,frostmourne,96,mage,fire,6,1,5
Trojay,malganis,96,mage,fire,6,1,5
Nazztwren,bleeding-hollow,96,mage,fire,6,1,5
Hrichit,tichondrius,96,mage,fire,6,1,5
Ignit,stormrage,96,mage,fire,6,1,5
Magicmooman,thunderlord,96,mage,fire,6,1,5
Dildope,frostmourne,96,mage,fire,6,1,5
Clutchy,gorefiend,96,mage,fire,6,1,5
Pyrophobia,mannoroth,96,mage,fire,6,1,5
Burist,illidan,96,mage,fire,6,1,5
Hyndoriann,azgalor,96,mage,fire,6,1,5
Somnuss,barthilas,96,mage,fire,7,1,6
Flame,arthas,96,mage,fire,12,1,11
Zuroz,dathremar,96,mage,fire,12,1,11
Pyrlos,terokkar,95,mage,fire,6,1,5
Jaked,frostmourne,79,mage,fire,5,1,4
Savanali,kelthuzad,79,mage,fire,5,1,4
Absolutepowa,bleeding-hollow,31,mage,fire,2,1,1
Juicemage,tichondrius,2224,mage,frost,120,65,55
Cremgotrockd,blackrock,2064,mage,frost,89,50,39
Easyfreeze,sargeras,1996,mage,frost,48,27,21
Backjing,tichondrius,1969,mage,frost,87,42,45
Stonedmonkeý,tichondrius,1962,mage,frost,107,49,58
Ghostrr,tichondrius,1941,mage,frost,135,68,67
Douyuweifa,tichondrius,1911,mage,frost,65,31,34
Elkiador,area-52,1909,mage,frost,30,21,9
Vazlgs,tichondrius,1896,mage,frost,76,44,32
Ams,aerie-peak,1890,mage,frost,60,33,27
Joe,llane,1877,mage,frost,69,36,33
Valériemeow,tichondrius,1860,mage,frost,65,33,32
Fròzt,ragnaros,1857,mage,frost,72,31,41
Hideongp,barthilas,1842,mage,frost,108,54,54
Smuky,stormrage,1834,mage,frost,66,29,37
Koozay,kelthuzad,1833,mage,frost,59,36,23
Dahp,thrall,1831,mage,frost,47,23,24
Stöpwatch,hyjal,1830,mage,frost,60,39,21
Koro,tichondrius,1823,mage,frost,56,29,27
Chez,tichondrius,1818,mage,frost,30,19,11
Riddickl,malfurion,1818,mage,frost,78,41,37
Cømbust,frostmourne,1816,mage,frost,72,50,22
Faynet,dalaran,1815,mage,frost,60,33,27
Leakyboots,illidan,1812,mage,frost,47,25,22
Maegwynah,stormrage,1804,mage,frost,66,29,37
Instincts,uldum,1796,mage,frost,42,25,17
Ligmmah,stormrage,1792,mage,frost,110,61,49
Xanthilia,chogall,1792,mage,frost,84,41,43
Tupactopus,tichondrius,1788,mage,frost,36,19,17
Pigdancell,tichondrius,1785,mage,frost,48,21,27
Drewdy,stormreaver,1783,mage,frost,30,19,11
Polyenjoyerx,ysera,1776,mage,frost,84,47,37
Kassmage,skullcrusher,1764,mage,frost,48,21,27
Rhythmdog,tichondrius,1758,mage,frost,60,25,35
Téfy,ragnaros,1744,mage,frost,59,34,25
Kleinz,quelthalas,1732,mage,frost,43,30,13
Grumpyòlfart,tichondrius,1731,mage,frost,61,29,32
Ingcho,tichondrius,1730,mage,frost,72,32,40
Quippy,kiljaeden,1728,mage,frost,267,132,135
Trolson,sargeras,1726,mage,frost,60,29,31
Mokelovin,sargeras,1720,mage,frost,32,21,11
Illumià,illidan,1719,mage,frost,26,20,6
Traelol,blades-edge,1715,mage,frost,114,58,56
Dtbmar,misha,1715,mage,frost,46,23,23
Chrisxo,azuremyst,1714,mage,frost,30,18,12
Sifr,tichondrius,1713,mage,frost,36,18,18
Hunchojack,tichondrius,1713,mage,frost,42,18,24
Dve,frostmourne,1706,mage,frost,54,38,16
Headbake,malganis,1705,mage,frost,42,24,18
Srinshi,sargeras,1703,mage,frost,103,47,56
Sabrita,proudmoore,1700,mage,frost,41,25,16
Castana,tichondrius,1700,mage,frost,36,18,18
Fromcanadaqc,stormrage,1689,mage,frost,41,24,17
Jtizzlè,tichondrius,1679,mage,frost,59,33,26
Sestren,zuljin,1677,mage,frost,42,20,22
Snaregodx,area-52,1671,mage,frost,35,21,14
Hogdog,illidan,1662,mage,frost,48,24,24
Bambambilly,kelthuzad,1655,mage,frost,75,35,40
Luxør,aegwynn,1647,mage,frost,30,18,12
Yeweiliang,tichondrius,1645,mage,frost,148,74,74
Zhangxiaowu,tichondrius,1644,mage,frost,44,29,15
Zorexx,area-52,1643,mage,frost,55,27,28
Alurion,moon-guard,1632,mage,frost,26,18,8
Deallus,tichondrius,1630,mage,frost,59,27,32
Zezima,spirestone,1625,mage,frost,36,23,13
Dace,tichondrius,1625,mage,frost,36,20,16
Xialing,tichondrius,1625,mage,frost,35,18,17
Deathrøll,moon-guard,1624,mage,frost,78,48,30
Dillor,tichondrius,1621,mage,frost,46,28,18
Neverblockx,kirin-tor,1618,mage,frost,30,17,13
Kissradiox,tichondrius,1615,mage,frost,42,20,22
Gwyn,nemesis,1614,mage,frost,54,29,25
Theetwotime,area-52,1612,mage,frost,48,22,26
Arcayne,tichondrius,1609,mage,frost,84,45,39
Snoogensftw,tichondrius,1602,mage,frost,36,17,19
Tjofmajik,stormrage,1601,mage,frost,36,17,19
Blinkbow,tichondrius,1599,mage,frost,72,31,41
Pichorrá,quelthalas,1595,mage,frost,50,28,22
Zinnos,tichondrius,1594,mage,frost,176,82,94
Affewxd,lothar,1584,mage,frost,73,40,33
Mageonthcc,korgath,1583,mage,frost,98,49,49
Sheepu,bladefist,1578,mage,frost,88,51,37
Charmed,black-dragonflight,1577,mage,frost,68,34,34
Stimml,blood-furnace,1576,mage,frost,54,29,25
Deverror,frostmourne,1575,mage,frost,89,41,48
Squidio,stormrage,1570,mage,frost,125,68,57
Crithappy,baelgun,1568,mage,frost,48,26,22
Nickioxox,tichondrius,1567,mage,frost,41,17,24
Valtessa,stormrage,1560,mage,frost,30,18,12
Gôøglëlòl,nemesis,1560,mage,frost,115,59,56
Floofies,moon-guard,1557,mage,frost,54,27,27
Syntacks,lightnings-blade,1556,mage,frost,162,78,84
Christmas,tichondrius,1553,mage,frost,316,157,159
Zeshilol,stormrage,1549,mage,frost,39,19,20
Axecap,tichondrius,1547,mage,frost,30,17,13
Toaststrudel,tichondrius,1537,mage,frost,58,27,31
Frostqt,area-52,1534,mage,frost,114,62,52
Animatronic,moon-guard,1533,mage,frost,65,30,35
Yorgøs,ragnaros,1530,mage,frost,30,16,14
Entm,burning-blade,1528,mage,frost,30,16,14
Factszxy,area-52,1526,mage,frost,18,16,2
Savanali,kelthuzad,1518,mage,frost,36,21,15
Gasolína,stormrage,1516,mage,frost,48,25,23
Priyel,hyjal,1513,mage,frost,36,19,17
Eldrielle,frostmourne,1508,mage,frost,171,90,81
Venachi,emerald-dream,1506,mage,frost,91,50,41
Khadberry,aerie-peak,1501,mage,frost,71,34,37
Playsfrost,skullcrusher,1500,mage,frost,100,59,41
Nereidan,drakkari,1498,mage,frost,38,20,18
Frøzzen,quelthalas,1491,mage,frost,63,33,30
Burritsacold,bleeding-hollow,1491,mage,frost,54,26,28
Omnislasher,terenas,1491,mage,frost,96,44,52
Song,sargeras,1485,mage,frost,83,42,41
Trebbiano,illidan,1481,mage,frost,61,33,28
Umber,dreadmaul,1481,mage,frost,66,30,36
Dorsia,jaedenar,1480,mage,frost,22,17,5
Pibb,rivendare,1480,mage,frost,48,25,23
Revised,sargeras,1476,mage,frost,54,32,22
Qsc,barthilas,1476,mage,frost,79,38,41
Sheepgodx,malganis,1471,mage,frost,23,16,7
Kevymarts,tichondrius,1469,mage,frost,36,26,10
Soulberg,emerald-dream,1466,mage,frost,47,18,29
Vecna,tichondrius,1465,mage,frost,79,37,42
Enterthevoid,proudmoore,1463,mage,frost,36,21,15
Coôler,illidan,1451,mage,frost,160,90,70
Minerves,tichondrius,1446,mage,frost,36,17,19
Rizke,tichondrius,1437,mage,frost,24,15,9
Fròzen,moon-guard,1436,mage,frost,74,35,39
Clm,lightnings-blade,1435,mage,frost,36,18,18
Lambsalsa,tichondrius,1435,mage,frost,30,15,15
Sesshomaru,emerald-dream,1433,mage,frost,51,18,33
Osnapmage,malganis,1432,mage,frost,157,76,81
Respectx,nemesis,1431,mage,frost,58,25,33
Frizbee,sargeras,1419,mage,frost,33,16,17
Selless,zuljin,1417,mage,frost,42,24,18
Tylers,moon-guard,1415,mage,frost,36,19,17
Gazzuu,ragnaros,1412,mage,frost,36,19,17
Tagere,moon-guard,1410,mage,frost,62,30,32
Kh,stormrage,1407,mage,frost,69,36,33
Perrc,area-52,1407,mage,frost,128,56,72
Canva,barthilas,1406,mage,frost,41,25,16
Vornz,sargeras,1404,mage,frost,55,24,31
Magicbunny,andorhal,1403,mage,frost,83,44,39
Gunzup,lightnings-blade,1403,mage,frost,30,15,15
Myxzz,barthilas,1401,mage,frost,92,47,45
Lachawr,stormrage,1396,mage,frost,37,19,18
Tifrodo,azralon,1395,mage,frost,64,34,30
Emetah,ysera,1395,mage,frost,36,15,21
Crymachine,garrosh,1391,mage,frost,33,17,16
Zerodium,sargeras,1384,mage,frost,35,15,20
Kouks,tichondrius,1383,mage,frost,23,15,8
Koulder,zuljin,1381,mage,frost,24,16,8
Plainblaine,illidan,1379,mage,frost,68,32,36
Zoidy,bleeding-hollow,1377,mage,frost,35,15,20
Nate,black-dragonflight,1376,mage,frost,68,34,34
Rích,tichondrius,1358,mage,frost,78,33,45
Starkp,ragnaros,1355,mage,frost,135,65,70
Yulian,tichondrius,1350,mage,frost,66,34,32
Cryogeniks,illidan,1343,mage,frost,30,14,16
Corgim,thrall,1340,mage,frost,30,14,16
Ado,zuluhed,1337,mage,frost,72,33,39
Gualter,nemesis,1329,mage,frost,90,50,40
Juul,emerald-dream,1328,mage,frost,237,109,128
Fakebusiness,area-52,1327,mage,frost,61,26,35
Gûmbÿ,illidan,1323,mage,frost,18,14,4
Genswift,thrall,1323,mage,frost,30,14,16
Hermanmiller,tichondrius,1316,mage,frost,60,26,34
Soia,ragnaros,1312,mage,frost,45,23,22
Ragemage,borean-tundra,1311,mage,frost,59,20,39
Mntaindew,bleeding-hollow,1309,mage,frost,35,14,21
Safu,bleeding-hollow,1302,mage,frost,54,29,25
Numz,sargeras,1299,mage,frost,64,27,37
Safety,stormreaver,1298,mage,frost,52,28,24
Frostítute,alterac-mountains,1297,mage,frost,36,16,20
Slipqt,tichondrius,1297,mage,frost,36,14,22
Frostitutå,eonar,1293,mage,frost,106,48,58
Icybanter,emerald-dream,1286,mage,frost,30,14,16
Alìv,tichondrius,1281,mage,frost,148,65,83
Skynhet,ragnaros,1277,mage,frost,36,16,20
Ignit,stormrage,1269,mage,frost,34,17,17
Throatdemon,hakkar,1269,mage,frost,36,15,21
Canassa,azralon,1267,mage,frost,53,30,23
Vengefuly,tichondrius,1264,mage,frost,34,17,17
Samuoa,tichondrius,1261,mage,frost,30,17,13
Feogato,proudmoore,1249,mage,frost,123,61,62
Triuneward,tichondrius,1244,mage,frost,24,13,11
Valtaira,wyrmrest-accord,1242,mage,frost,59,34,25
Yourefat,emerald-dream,1238,mage,frost,36,20,16
Valrendor,nazjatar,1233,mage,frost,67,32,35
Unleáshed,moonrunner,1229,mage,frost,61,29,32
Léstat,quelthalas,1225,mage,frost,24,13,11
Jikario,zuljin,1224,mage,frost,30,13,17
Gatka,quelthalas,1217,mage,frost,158,74,84
Featherboo,stormrage,1215,mage,frost,24,14,10
Tyrecgosa,tichondrius,1212,mage,frost,24,14,10
Clownspocket,tichondrius,1211,mage,frost,30,15,15
Mâsterkush,tichondrius,1211,mage,frost,30,13,17
Pocsermage,drakkari,1210,mage,frost,28,13,15
Boejanglz,frostmourne,1207,mage,frost,22,15,7
Agniih,azralon,1205,mage,frost,48,21,27
Whyammage,dalaran,1199,mage,frost,48,29,19
Bmuafgfe,tichondrius,1195,mage,frost,21,13,8
Layolis,area-52,1195,mage,frost,48,25,23
Derpmanjr,area-52,1194,mage,frost,30,21,9
Rrite,tichondrius,1192,mage,frost,23,13,10
Ibalyn,khazgoroth,1189,mage,frost,54,28,26
Copperfield,dreadmaul,1185,mage,frost,80,33,47
Maigoddess,proudmoore,1180,mage,frost,65,26,39
Sahir,thaurissan,1173,mage,frost,30,14,16
Gsr,nerzhul,1169,mage,frost,34,14,20
Zlint,quelthalas,1167,mage,frost,25,13,12
Khaldyn,tichondrius,1159,mage,frost,114,56,58
Devlux,area-52,1158,mage,frost,104,50,54
Castingmommy,moon-guard,1150,mage,frost,63,34,29
Biglance,frostmourne,1149,mage,frost,24,12,12
Coldfrønt,moon-guard,1148,mage,frost,36,16,20
Cubanmage,drakkari,1147,mage,frost,24,12,12
Kryliak,ragnaros,1146,mage,frost,24,13,11
Maguín,tichondrius,1142,mage,frost,24,12,12
Diixynormus,illidan,1141,mage,frost,30,17,13
Cheesebuns,proudmoore,1139,mage,frost,30,12,18
Aquariusmoon,bonechewer,1138,mage,frost,36,18,18
Xárdas,quelthalas,1137,mage,frost,46,20,26
Mageeoh,bleeding-hollow,1128,mage,frost,41,14,27
Fatum,ragnaros,1124,mage,frost,32,14,18
Elwyn,dunemaul,1123,mage,frost,27,13,14
Gunzz,aegwynn,1122,mage,frost,30,12,18
Wowenjoyer,area-52,1119,mage,frost,64,28,36
Kazmir,area-52,1119,mage,frost,29,12,17
Couto,tichondrius,1116,mage,frost,23,12,11
Bellåtrîx,quelthalas,1115,mage,frost,18,12,6
Praestigium,barthilas,1114,mage,frost,22,13,9
Drumzter,ragnaros,1114,mage,frost,29,16,13
Smáckington,tichondrius,1113,mage,frost,57,25,32
Dejavuh,dalaran,1111,mage,frost,36,21,15
Levitaine,bleeding-hollow,1110,mage,frost,38,19,19
Shäräpova,zuljin,1109,mage,frost,24,12,12
Twirkin,proudmoore,1102,mage,frost,36,18,18
Aherom,ragnaros,1095,mage,frost,21,13,8
Magedango,bleeding-hollow,1095,mage,frost,35,14,21
Who,emerald-dream,1093,mage,frost,22,13,9
Toesuckerlol,tichondrius,1093,mage,frost,23,12,11
Azzurn,doomhammer,1090,mage,frost,24,13,11
Cìfel,quelthalas,1087,mage,frost,17,12,5
Khrixa,illidan,1081,mage,frost,48,24,24
Helcarwen,area-52,1081,mage,frost,31,13,18
Xannymancan,tichondrius,1080,mage,frost,54,21,33
Sturmrevenge,lightnings-blade,1078,mage,frost,60,26,34
Maagin,zuljin,1075,mage,frost,26,12,14
Arkoz,tichondrius,1071,mage,frost,18,12,6
Frostitutex,illidan,1071,mage,frost,25,12,13
Cavit,wyrmrest-accord,1070,mage,frost,50,24,26
Degenhours,illidan,1069,mage,frost,27,13,14
Wolfgangvn,stormrage,1067,mage,frost,25,12,13
Rizzbot,sargeras,1063,mage,frost,57,20,37
Lildabpen,tichondrius,1057,mage,frost,86,34,52
Littlejay,kelthuzad,1056,mage,frost,18,11,7
Pivnert,boulderfist,1055,mage,frost,24,11,13
Marrioo,tichondrius,1055,mage,frost,24,11,13
Angerfrost,khazgoroth,1054,mage,frost,36,22,14
Renoria,norgannon,1054,mage,frost,24,11,13
Gadogear,draka,1054,mage,frost,30,11,19
Tsuchek,tichondrius,1051,mage,frost,18,11,7
Auralyn,wyrmrest-accord,1051,mage,frost,25,11,14
Zibbo,ragnaros,1046,mage,frost,18,11,7
Skywalkerino,azralon,1045,mage,frost,24,11,13
Osda,azralon,1041,mage,frost,24,12,12
Devoh,dunemaul,1040,mage,frost,20,11,9
Pugsmugg,icecrown,1032,mage,frost,49,13,36
Sluagh,terenas,1031,mage,frost,52,24,28
Bobalama,tichondrius,1025,mage,frost,18,14,4
Grudel,archimonde,1019,mage,frost,23,14,9
Darkrukia,tichondrius,1014,mage,frost,24,11,13
Littlebeth,azjolnerub,1006,mage,frost,48,21,27
Jaymage,agamaggan,994,mage,frost,37,13,24
Trollings,azralon,993,mage,frost,24,12,12
Moonfhang,azralon,993,mage,frost,96,40,56
Megapasta,illidan,989,mage,frost,23,11,12
Drfrostie,anvilmar,987,mage,frost,20,11,9
Prometheus,crushridge,986,mage,frost,52,27,25
Corucia,echo-isles,984,mage,frost,118,50,68
Bòóyah,muradin,980,mage,frost,40,21,19
Damage,skullcrusher,971,mage,frost,25,11,14
Maebalim,tichondrius,960,mage,frost,18,10,8
Feener,stormreaver,960,mage,frost,18,10,8
Legendkiller,bleeding-hollow,959,mage,frost,18,10,8
Atra,spinebreaker,959,mage,frost,24,10,14
Kymowiz,sargeras,959,mage,frost,24,10,14
Qcomberoo,frostmane,959,mage,frost,27,11,16
Aluce,frostmourne,958,mage,frost,18,10,8
Fawcett,khazgoroth,957,mage,frost,24,10,14
Epifeni,blackrock,955,mage,frost,30,10,20
Cheapsects,drakthul,949,mage,frost,20,10,10
Wickednoob,malganis,946,mage,frost,48,16,32
Onlyfansme,dalaran,939,mage,frost,18,10,8
Critique,malorne,923,mage,frost,30,16,14
Marschubas,drakthul,917,mage,frost,65,28,37
Gryd,area-52,912,mage,frost,24,10,14
Moesel,emerald-dream,908,mage,frost,15,11,4
Guji,area-52,890,mage,frost,23,11,12
Itoncruxy,tichondrius,886,mage,frost,63,29,34
Letitgoo,azralon,883,mage,frost,32,17,15
Furisheep,stormrage,864,mage,frost,12,9,3
Nalabb,illidan,864,mage,frost,12,9,3
Weathersmell,tichondrius,864,mage,frost,18,9,9
Pitball,area-52,864,mage,frost,18,9,9
Lawuera,quelthalas,864,mage,frost,18,9,9
Hyoonsfeet,stormrage,864,mage,frost,18,9,9
Fromcanada,eitrigg,864,mage,frost,18,9,9
Skoals,thrall,864,mage,frost,29,10,19
Nicemangoes,proudmoore,863,mage,frost,12,9,3
Doubledown,kiljaeden,863,mage,frost,12,9,3
Burstage,destromath,863,mage,frost,18,9,9
Lastiari,wyrmrest-accord,863,mage,frost,18,9,9
Blinkbotx,proudmoore,863,mage,frost,18,9,9
Frostpimp,anubarak,863,mage,frost,24,9,15
Blinkharder,stormrage,863,mage,frost,24,9,15
Jaked,frostmourne,863,mage,frost,30,9,21
Kitenic,proudmoore,862,mage,frost,12,9,3
Boredomkïlls,burning-legion,862,mage,frost,18,9,9
Åøe,tichondrius,862,mage,frost,18,9,9
Skillcap,nagrand,862,mage,frost,18,9,9
Tunax,tichondrius,862,mage,frost,24,9,15
Shenme,moon-guard,861,mage,frost,20,9,11
Fruza,emerald-dream,860,mage,frost,16,10,6
Remana,anvilmar,859,mage,frost,18,9,9
Hollerin,whisperwind,856,mage,frost,12,9,3
Soya,sargeras,852,mage,frost,24,9,15
Naoz,ragnaros,851,mage,frost,18,9,9
Worknlurk,malganis,841,mage,frost,18,9,9
Jarethleon,ragnaros,837,mage,frost,21,11,10
Âürõrâ,firetree,834,mage,frost,24,9,15
Kabonkle,drakthul,814,mage,frost,23,9,14
Zionist,earthen-ring,796,mage,frost,14,9,5
Frightmare,sargeras,768,mage,frost,12,8,4
Walrusxo,kelthuzad,768,mage,frost,12,8,4
Tonystonerz,lightnings-blade,768,mage,frost,12,8,4
Nefm,frostmourne,768,mage,frost,12,8,4
Marisadaze,tichondrius,768,mage,frost,18,8,10
Pigdancel,tichondrius,768,mage,frost,18,8,10
Sheepshot,dentarg,768,mage,frost,18,8,10
Corruptionz,nemesis,767,mage,frost,12,8,4
Zuqo,sargeras,767,mage,frost,12,8,4
Mempool,darkspear,767,mage,frost,12,8,4
Bigdjohnson,dalaran,767,mage,frost,12,8,4
Sáron,quelthalas,767,mage,frost,12,8,4
Nôtôrious,thrall,767,mage,frost,12,8,4
Radiku,blood-furnace,767,mage,frost,12,8,4
Wickymorph,barthilas,767,mage,frost,18,8,10
Zirkur,mannoroth,767,mage,frost,18,8,10
Minverces,tichondrius,767,mage,frost,18,8,10
Vamplol,tichondrius,767,mage,frost,18,8,10
Erîol,ragnaros,767,mage,frost,18,8,10
Ràmdas,hyjal,766,mage,frost,12,8,4
Kromeus,illidan,765,mage,frost,18,8,10
Nynalith,area-52,764,mage,frost,18,8,10
Marvelcuck,sargeras,763,mage,frost,12,8,4
Crizzpy,tichondrius,762,mage,frost,18,8,10
Corrmic,winterhoof,760,mage,frost,18,8,10
Bigpinkies,korgath,759,mage,frost,18,8,10
Vantus,tichondrius,757,mage,frost,14,8,6
Ratrider,dreadmaul,752,mage,frost,12,8,4
Fizario,barthilas,751,mage,frost,23,9,14
Artruis,detheroc,748,mage,frost,12,8,4
Bandmaid,emerald-dream,736,mage,frost,16,9,7
Kahili,stormrage,735,mage,frost,17,8,9
Persia,illidan,735,mage,frost,17,8,9
Orderlight,alexstrasza,735,mage,frost,29,8,21
Heca,tichondrius,719,mage,frost,11,8,3
Stankfreezer,thrall,719,mage,frost,11,8,3
Icebboxx,tichondrius,715,mage,frost,12,8,4
Esun,moon-guard,683,mage,frost,13,8,5
Ejzok,dreadmaul,672,mage,frost,12,7,5
Dexd,laughing-skull,672,mage,frost,12,7,5
Kygores,tichondrius,672,mage,frost,12,7,5
Toteypotter,frostmourne,672,mage,frost,12,7,5
Ankidar,quelthalas,672,mage,frost,12,7,5
Neovim,stormrage,672,mage,frost,12,7,5
Magibe,thrall,672,mage,frost,12,7,5
Crnomage,area-52,672,mage,frost,12,7,5
Mushys,stormrage,672,mage,frost,12,7,5
Proximalol,tichondrius,672,mage,frost,12,7,5
Nukedat,proudmoore,672,mage,frost,12,7,5
Tibbit,kelthuzad,672,mage,frost,12,7,5
Hogmantwo,illidan,672,mage,frost,12,7,5
Aosin,wyrmrest-accord,672,mage,frost,18,7,11
Privilege,burning-legion,672,mage,frost,18,7,11
Seeu,tichondrius,672,mage,frost,18,7,11
Stealing,barthilas,672,mage,frost,18,7,11
Chunzhangfs,tichondrius,672,mage,frost,18,7,11
Factsx,area-52,672,mage,frost,18,7,11
Khaziiong,scilla,671,mage,frost,12,7,5
Dairian,whisperwind,671,mage,frost,12,7,5
Snoogma,illidan,671,mage,frost,12,7,5
Zaxrie,malganis,671,mage,frost,12,7,5
Chade,dunemaul,671,mage,frost,12,7,5
Nnenna,bonechewer,671,mage,frost,12,7,5
Mkudos,ragnaros,671,mage,frost,12,7,5
Oharvestero,illidan,671,mage,frost,18,7,11
Vorass,kelthuzad,671,mage,frost,18,7,11
Cùrtiñ,tichondrius,671,mage,frost,24,7,17
Ranje,kiljaeden,670,mage,frost,12,7,5
Tchass,skullcrusher,670,mage,frost,12,7,5
Aulie,burning-blade,670,mage,frost,12,7,5
Giovannie,zuluhed,670,mage,frost,12,7,5
Kidfurry,wyrmrest-accord,670,mage,frost,12,7,5
Starguy,laughing-skull,670,mage,frost,18,7,11
Ruzam,area-52,670,mage,frost,18,7,11
Putosucio,nordrassil,670,mage,frost,18,7,11
Cäelüm,area-52,670,mage,frost,24,7,17
Criticalness,illidan,669,mage,frost,12,7,5
Banída,stormrage,669,mage,frost,12,7,5
Zalatirix,bleeding-hollow,669,mage,frost,12,7,5
Icelordd,ragnaros,669,mage,frost,13,7,6
Memnor,amanthul,668,mage,frost,12,7,5
Bubbleblower,hakkar,667,mage,frost,18,7,11
Trollsita,thrall,665,mage,frost,12,7,5
Dánó,lightbringer,663,mage,frost,18,7,11
Tigoditties,emerald-dream,662,mage,frost,12,7,5
Xoxmage,frostmourne,659,mage,frost,18,7,11
Tatertots,bladefist,655,mage,frost,23,7,16
Vendizzle,malganis,654,mage,frost,23,7,16
Slaash,barthilas,639,mage,frost,14,8,6
Discoinferno,kelthuzad,638,mage,frost,15,8,7
Shaynna,tichondrius,624,mage,frost,15,7,8
Ghostblaze,blackhand,621,mage,frost,15,8,7
Ghrámz,stormrage,607,mage,frost,16,7,9
Gralnur,kelthuzad,606,mage,frost,14,7,7
Moyuu,proudmoore,576,mage,frost,6,6,0
Azhim,tichondrius,576,mage,frost,6,6,0
Cryyo,queldorei,576,mage,frost,6,6,0
Torthie,burning-blade,576,mage,frost,6,6,0
Starscreamm,ragnaros,576,mage,frost,9,7,2
Hýdramist,sargeras,576,mage,frost,12,6,6
Supergun,tichondrius,576,mage,frost,12,6,6
Shatturd,sargeras,576,mage,frost,12,6,6
Alludèd,illidan,576,mage,frost,12,6,6
Thatlejund,tichondrius,576,mage,frost,12,6,6
Mmine,tichondrius,576,mage,frost,12,6,6
Saymenre,tichondrius,576,mage,frost,12,6,6
Frostzadan,quelthalas,576,mage,frost,12,6,6
Yeetcannøn,illidan,576,mage,frost,12,6,6
Eriktherod,maelstrom,576,mage,frost,12,6,6
Froshar,ragnaros,576,mage,frost,12,6,6
Cumbustyomom,illidan,576,mage,frost,12,6,6
Johncxvii,sargeras,576,mage,frost,12,6,6
Hambürglar,garrosh,576,mage,frost,12,6,6
Krabby,malganis,576,mage,frost,18,6,12
Fromcanada,tichondrius,576,mage,frost,18,6,12
Luckysir,illidan,576,mage,frost,18,6,12
Oogabooga,lethon,575,mage,frost,12,6,6
Cransmage,illidan,575,mage,frost,12,6,6
Bootygoats,emerald-dream,575,mage,frost,12,6,6
Aarne,thrall,575,mage,frost,18,6,12
Fabled,stonemaul,575,mage,frost,18,6,12
Kaël,area-52,574,mage,frost,12,6,6
Tonepedo,zuljin,574,mage,frost,18,6,12
Sodrezinn,illidan,571,mage,frost,12,6,6
Ärià,sargeras,571,mage,frost,12,6,6
Magekingz,shattered-halls,569,mage,frost,18,6,12
Arckayne,zuljin,543,mage,frost,11,6,5
Hiiamtay,azralon,542,mage,frost,8,7,1
Nazneen,elune,528,mage,frost,9,6,3
Tristania,archimonde,519,mage,frost,17,7,10
Pidge,aggramar,519,mage,frost,22,6,16
Aycc,tichondrius,512,mage,frost,10,6,4
Barceclas,tichondrius,512,mage,frost,10,6,4
Somethinglos,sargeras,512,mage,frost,16,6,10
Ereblink,proudmoore,511,mage,frost,11,6,5
Parruka,warsong,510,mage,frost,20,6,14
Zabaione,stormrage,508,mage,frost,16,6,10
Rositajonez,terenas,480,mage,frost,6,5,1
Blinksz,korgath,480,mage,frost,6,5,1
Galacticslug,tichondrius,480,mage,frost,6,5,1
Elwynnforest,sargeras,480,mage,frost,6,5,1
Fromcanadaqc,zuljin,480,mage,frost,6,5,1
Tommagic,tichondrius,480,mage,frost,6,5,1
Hansol,farstriders,480,mage,frost,6,5,1
Elfvis,deathwing,480,mage,frost,6,5,1
Frosttwoop,moon-guard,480,mage,frost,6,5,1
Flavaflame,mugthol,480,mage,frost,6,5,1
Whosdismage,illidan,480,mage,frost,6,5,1
Freez,garona,480,mage,frost,10,6,4
Kayenri,area-52,480,mage,frost,12,5,7
Gadwick,alexstrasza,480,mage,frost,12,5,7
Scrúmp,tichondrius,480,mage,frost,12,5,7
Vires,kelthuzad,480,mage,frost,12,5,7
Mageyoulooks,kelthuzad,480,mage,frost,12,5,7
Betrian,quelthalas,480,mage,frost,12,5,7
Evilnuts,quelthalas,480,mage,frost,12,5,7
Hustle,frostmourne,480,mage,frost,12,5,7
Baemers,tichondrius,480,mage,frost,12,5,7
Badboykilla,dentarg,480,mage,frost,12,5,7
Isömetrics,tichondrius,480,mage,frost,12,5,7
Adronicus,tichondrius,480,mage,frost,12,5,7
Zime,moon-guard,480,mage,frost,12,5,7
Cinns,moon-guard,480,mage,frost,12,5,7
Pendrake,sargeras,480,mage,frost,12,5,7
Siobhána,moon-guard,480,mage,frost,12,5,7
Starguy,terenas,480,mage,frost,12,5,7
Frostytoez,firetree,480,mage,frost,12,5,7
Syndra,korialstrasz,480,mage,frost,12,5,7
Mclanda,frostmourne,480,mage,frost,12,5,7
Frussy,blood-furnace,480,mage,frost,12,5,7
Undedkev,tichondrius,480,mage,frost,18,5,13
Piixxiie,sargeras,479,mage,frost,6,5,1
Magifish,malganis,479,mage,frost,6,5,1
Cezax,frostmourne,479,mage,frost,12,5,7
Tatersmaccs,sargeras,479,mage,frost,12,5,7
Sølem,frostmourne,479,mage,frost,12,5,7
Cuoreforte,moon-guard,479,mage,frost,12,5,7
Brokser,quelthalas,479,mage,frost,12,5,7
Dimmershnitz,draka,479,mage,frost,12,5,7
Lincepotter,quelthalas,479,mage,frost,12,5,7
Sènding,sargeras,479,mage,frost,24,5,19
Ceadruk,darkspear,478,mage,frost,12,5,7
Rekonx,tichondrius,463,mage,frost,11,5,6
Cerisium,kiljaeden,431,mage,frost,11,5,6
Mageboy,bonechewer,415,mage,frost,11,5,6
Quinnfreeze,boulderfist,414,mage,frost,11,5,6
Garbagemage,barthilas,384,mage,frost,6,4,2
Nexttmage,area-52,384,mage,frost,6,4,2
Tofusmell,illidan,384,mage,frost,6,4,2
Kutulu,aerie-peak,384,mage,frost,6,4,2
Arcánè,velen,384,mage,frost,6,4,2
Frobo,mannoroth,384,mage,frost,6,4,2
Zgodspeedz,stormrage,384,mage,frost,6,4,2
Kaboozles,area-52,384,mage,frost,6,4,2
Dashdoor,stormrage,384,mage,frost,6,4,2
Bçøløñápûðgé,illidan,384,mage,frost,6,4,2
Poonfarmer,zangarmarsh,384,mage,frost,6,4,2
Dearyuanmage,tichondrius,384,mage,frost,6,4,2
Ratfather,the-forgotten-coast,384,mage,frost,6,4,2
Nihilitý,malganis,384,mage,frost,6,4,2
Gelokay,tichondrius,384,mage,frost,6,4,2
Reptär,demon-soul,384,mage,frost,6,4,2
Fromcanadaqc,tichondrius,384,mage,frost,6,4,2
Unlike,sargeras,384,mage,frost,6,4,2
Burist,illidan,384,mage,frost,6,4,2
Kfortyone,kiljaeden,384,mage,frost,6,4,2
Myrondor,tichondrius,384,mage,frost,6,4,2
Frostkage,tichondrius,384,mage,frost,6,4,2
Pzaz,moon-guard,384,mage,frost,6,4,2
Voiddude,proudmoore,384,mage,frost,6,4,2
Aigam,hyjal,384,mage,frost,6,4,2
Babyspise,nathrezim,384,mage,frost,6,4,2
Faire,stonemaul,384,mage,frost,6,4,2
Lohkey,darkspear,384,mage,frost,6,4,2
Kälis,zuljin,384,mage,frost,6,4,2
Myfamilygpie,nazgrel,384,mage,frost,6,4,2
Iladiin,malganis,384,mage,frost,9,4,5
Nickygift,tichondrius,384,mage,frost,12,4,8
Twiztidwitch,burning-legion,384,mage,frost,12,4,8
Jejihev,drakkari,384,mage,frost,12,4,8
Bluedustfart,illidan,384,mage,frost,12,4,8
Meduka,proudmoore,384,mage,frost,12,4,8
Badaszbich,tichondrius,384,mage,frost,12,4,8
Lorlene,frostmourne,384,mage,frost,12,4,8
Perkaset,turalyon,384,mage,frost,12,4,8
Darthez,darkspear,384,mage,frost,12,4,8
Crimpster,illidan,384,mage,frost,12,4,8
Gemaicy,sargeras,384,mage,frost,12,4,8
Yippmagus,area-52,384,mage,frost,12,4,8
Ineedashave,shandris,384,mage,frost,12,4,8
Novokaine,area-52,384,mage,frost,12,4,8
Horizons,moon-guard,384,mage,frost,12,4,8
Frenk,moon-guard,384,mage,frost,12,4,8
Acarilla,stormrage,384,mage,frost,12,4,8
Dallamar,frostwolf,384,mage,frost,12,4,8
Ultrá,stormscale,384,mage,frost,12,4,8
Rolypolyman,tichondrius,384,mage,frost,18,4,14
Satív,moknathal,383,mage,frost,6,4,2
Ehduh,onyxia,383,mage,frost,6,4,2
Cynafox,moon-guard,383,mage,frost,12,4,8
Dieselonfire,the-venture-co,382,mage,frost,6,4,2
Kuni,ghostlands,382,mage,frost,12,4,8
Freyia,mugthol,382,mage,frost,12,4,8
Cowwboydan,malganis,351,mage,frost,8,5,3
Peetufo,whisperwind,351,mage,frost,11,4,7
Lirahmi,quelthalas,351,mage,frost,11,4,7
Freezeup,area-52,349,mage,frost,14,7,7
Aramire,drakkari,336,mage,frost,9,5,4
Titsncoke,proudmoore,336,mage,frost,9,4,5
Jerawokee,undermine,335,mage,frost,17,4,13
Devkek,area-52,330,mage,frost,22,7,15
Icëblöck,ysera,329,mage,frost,6,5,1
Datazonfire,illidan,320,mage,frost,12,4,8
Jayfunk,sargeras,319,mage,frost,5,4,1
Zssy,tichondrius,319,mage,frost,5,4,1
Scár,blackrock,317,mage,frost,8,4,4
Scarablast,bleeding-hollow,304,mage,frost,7,4,3
Puvö,tichondrius,288,mage,frost,6,3,3
Bønemage,azralon,288,mage,frost,6,3,3
Blinkinghobo,sargeras,288,mage,frost,6,3,3
Noescaping,illidan,288,mage,frost,6,3,3
Magetherian,frostmourne,288,mage,frost,6,3,3
Betaduck,bleeding-hollow,288,mage,frost,6,3,3
Trozkov,dalaran,288,mage,frost,6,3,3
Illúmi,moon-guard,288,mage,frost,6,3,3
Aurumium,illidan,288,mage,frost,6,3,3
Milambehr,elune,288,mage,frost,6,3,3
Percivaltp,scarlet-crusade,288,mage,frost,6,3,3
Youngwiz,arthas,288,mage,frost,6,3,3
Coneofkony,bleeding-hollow,288,mage,frost,6,3,3
Grimreefer,trollbane,288,mage,frost,6,3,3
Maelista,tichondrius,288,mage,frost,6,3,3
Tokiaro,tortheldrin,288,mage,frost,6,3,3
Zukoprince,azralon,288,mage,frost,6,3,3
Lilpolyx,illidan,288,mage,frost,6,3,3
Mäz,malorne,288,mage,frost,6,3,3
Üman,bleeding-hollow,288,mage,frost,6,3,3
Missingxx,silvermoon,288,mage,frost,6,3,3
Hékate,moon-guard,288,mage,frost,6,3,3
Personah,darkspear,288,mage,frost,6,3,3
Mashii,kiljaeden,288,mage,frost,6,3,3
Isuikido,nemesis,288,mage,frost,6,3,3
Urbadxd,llane,288,mage,frost,6,3,3
Natallyn,stormrage,288,mage,frost,6,3,3
Shardgodx,kelthuzad,288,mage,frost,6,3,3
Nalla,nerzhul,288,mage,frost,6,3,3
Thxo,hyjal,288,mage,frost,6,3,3
Quinnc,tichondrius,288,mage,frost,6,3,3
Kryptekk,area-52,288,mage,frost,6,3,3
Bamx,stormrage,288,mage,frost,6,3,3
Phazora,suramar,288,mage,frost,6,3,3
Botoslàp,dragonmaw,288,mage,frost,6,3,3
Gobstpper,nagrand,288,mage,frost,6,3,3
Címegripe,stormrage,288,mage,frost,6,3,3
Bound,emerald-dream,288,mage,frost,6,3,3
Kandyperreo,ragnaros,288,mage,frost,6,3,3
Kqlyy,tichondrius,288,mage,frost,6,3,3
Limeade,ursin,288,mage,frost,6,3,3
Murderlin,tichondrius,288,mage,frost,6,3,3
Lilsake,sargeras,288,mage,frost,6,3,3
Hrichit,tichondrius,288,mage,frost,6,3,3
Bigmêan,boulderfist,288,mage,frost,6,3,3
Ariezx,kelthuzad,288,mage,frost,6,3,3
Alatria,frostmourne,288,mage,frost,6,3,3
Icetooseeyou,barthilas,288,mage,frost,6,3,3
Arendelle,kiljaeden,288,mage,frost,6,3,3
Bigchilly,malganis,288,mage,frost,6,3,3
Packaged,emerald-dream,288,mage,frost,6,3,3
Cruxx,ragnaros,288,mage,frost,6,3,3
Ingrumatig,tichondrius,288,mage,frost,6,3,3
Etyx,tichondrius,288,mage,frost,10,4,6
Bravden,area-52,288,mage,frost,12,3,9
Fracxure,area-52,288,mage,frost,12,3,9
Daydreamz,lightnings-blade,288,mage,frost,12,3,9
Snanth,black-dragonflight,288,mage,frost,12,3,9
Hqscoltt,azralon,288,mage,frost,12,3,9
Houdiinii,illidan,288,mage,frost,12,3,9
Calcaster,aegwynn,288,mage,frost,12,3,9
Draell,drakkari,288,mage,frost,12,3,9
Kabrax,nerzhul,288,mage,frost,12,3,9
Ezchallenger,undermine,288,mage,frost,12,3,9
Rabeiro,tichondrius,288,mage,frost,12,3,9
Worldonfire,ragnaros,288,mage,frost,12,3,9
Fingeredx,zuljin,288,mage,frost,12,3,9
Grynthwzrd,stormrage,288,mage,frost,12,3,9
Frostcakes,quelthalas,288,mage,frost,12,3,9
Argyron,fizzcrank,288,mage,frost,12,3,9
Albbano,tichondrius,288,mage,frost,12,3,9
Keahiláni,area-52,287,mage,frost,6,3,3
Makén,illidan,287,mage,frost,6,3,3
Icehero,tichondrius,287,mage,frost,6,3,3
Cawyro,caelestrasz,287,mage,frost,6,3,3
Mindthegap,tichondrius,287,mage,frost,6,3,3
Evieril,tichondrius,287,mage,frost,6,3,3
Gufi,drakkari,287,mage,frost,6,3,3
Lünâliä,bleeding-hollow,286,mage,frost,6,3,3
Chuekona,ragnaros,256,mage,frost,10,3,7
Itsoveryo,jubeithos,239,mage,frost,5,3,2
Drewann,draenor,239,mage,frost,5,3,2
Unydae,frostmourne,239,mage,frost,5,3,2
Leocius,daggerspine,239,mage,frost,5,3,2
Asparagoose,stormrage,239,mage,frost,11,3,8
Tris,malganis,234,mage,frost,13,4,9
Thaldarian,emerald-dream,234,mage,frost,13,4,9
Skerei,azralon,234,mage,frost,19,4,15
Juicechanel,tichondrius,224,mage,frost,10,3,7
Abracadaver,greymane,192,mage,frost,4,3,1
Rayricefan,blood-furnace,192,mage,frost,4,3,1
Mager,dentarg,192,mage,frost,6,2,4
Raynark,nemesis,192,mage,frost,6,2,4
Bluishhue,thrall,192,mage,frost,6,2,4
Makius,area-52,192,mage,frost,6,2,4
Afknz,frostmourne,192,mage,frost,6,2,4
Sophrates,burning-blade,192,mage,frost,6,2,4
Valire,kelthuzad,192,mage,frost,6,2,4
Fïtz,quelthalas,192,mage,frost,6,2,4
Baleiabranca,stormrage,192,mage,frost,6,2,4
Westii,illidan,192,mage,frost,6,2,4
Mcdfries,tichondrius,192,mage,frost,6,2,4
Getmaged,bleeding-hollow,192,mage,frost,6,2,4
Agoniey,illidan,192,mage,frost,6,2,4
Ayci,velen,192,mage,frost,6,2,4
Insulting,aerie-peak,192,mage,frost,6,2,4
Ess,tichondrius,192,mage,frost,6,2,4
Muskybiggie,bleeding-hollow,192,mage,frost,6,2,4
Viccluvin,stormrage,192,mage,frost,6,2,4
Stìnkfîst,tichondrius,192,mage,frost,6,2,4
Cottonmage,malganis,192,mage,frost,6,2,4
Fleët,tichondrius,192,mage,frost,6,2,4
Cantblocklul,baelgun,192,mage,frost,6,2,4
Vallfire,malganis,192,mage,frost,6,2,4
Elvin,frostmourne,192,mage,frost,6,2,4
Karameltart,barthilas,192,mage,frost,6,2,4
Winstonchill,zuljin,192,mage,frost,6,2,4
Avicci,shattered-halls,192,mage,frost,6,2,4
Magicginger,barthilas,192,mage,frost,6,2,4
Icetomeetyu,bleeding-hollow,192,mage,frost,6,2,4
Chadyus,illidan,192,mage,frost,6,2,4
Dinklord,azuremyst,192,mage,frost,6,2,4
Strêss,kelthuzad,192,mage,frost,6,2,4
Pyröz,kelthuzad,192,mage,frost,6,2,4
Ntys,frostmourne,192,mage,frost,6,2,4
Meer,stonemaul,192,mage,frost,6,2,4
Thergon,kul-tiras,192,mage,frost,6,2,4
Cayoux,darkspear,192,mage,frost,6,2,4
Jayma,moon-guard,192,mage,frost,6,2,4
Gradmage,proudmoore,192,mage,frost,6,2,4
Nachtt,sargeras,192,mage,frost,6,2,4
Iguanodon,proudmoore,192,mage,frost,6,2,4
Vortex,fenris,192,mage,frost,6,2,4
Sparqablink,tichondrius,192,mage,frost,6,2,4
Harlloo,the-underbog,192,mage,frost,6,2,4
Drewzz,tichondrius,192,mage,frost,6,2,4
Undeadmager,nerzhul,192,mage,frost,6,2,4
Audacy,sargeras,192,mage,frost,6,2,4
Cradic,tichondrius,192,mage,frost,6,2,4
Pizzle,perenolde,192,mage,frost,6,2,4
Diegoneally,bleeding-hollow,192,mage,frost,6,2,4
Roarly,stonemaul,192,mage,frost,6,2,4
Tanedos,tichondrius,192,mage,frost,6,2,4
Fullmetal,jaedenar,192,mage,frost,6,2,4
Yungice,hyjal,192,mage,frost,6,2,4
Airsickjet,kiljaeden,192,mage,frost,6,2,4
Earff,kiljaeden,192,mage,frost,6,2,4
Clickhard,suramar,192,mage,frost,9,2,7
Èvilmage,blackrock,192,mage,frost,12,2,10
Srloko,azralon,192,mage,frost,12,2,10
Pyroshima,barthilas,192,mage,frost,12,2,10
Hositonet,malganis,192,mage,frost,12,2,10
Mageyoulooks,shattered-hand,192,mage,frost,12,2,10
Zerg,fenris,192,mage,frost,12,2,10
Mendittorosa,tichondrius,192,mage,frost,12,2,10
Sîmply,zuljin,192,mage,frost,12,2,10
Converseqt,stormrage,192,mage,frost,12,2,10
Rán,spirestone,192,mage,frost,12,2,10
Dreddpool,barthilas,192,mage,frost,12,2,10
Wqnmlgbdy,tichondrius,192,mage,frost,18,2,16
Kahldyn,stormrage,191,mage,frost,4,3,1
Silverstrza,gnomeregan,191,mage,frost,6,2,4
Brynach,trollbane,191,mage,frost,6,2,4
Leeandroo,quelthalas,191,mage,frost,6,2,4
Rathrizar,emerald-dream,191,mage,frost,6,2,4
Hense,stormrage,191,mage,frost,6,2,4
Cheapped,emerald-dream,175,mage,frost,6,3,3
Blakus,tichondrius,159,mage,frost,6,3,3
Frosteddiks,shattered-halls,159,mage,frost,5,2,3
Triambukh,grizzly-hills,159,mage,frost,5,2,3
Erudit,tichondrius,144,mage,frost,15,2,13
Goingmassive,frostmourne,127,mage,frost,4,2,2
Mongera,bonechewer,126,mage,frost,8,2,6
Snipymagus,shattered-hand,96,mage,frost,3,2,1
Thôrsena,ursin,96,mage,frost,3,2,1
Sillycole,emerald-dream,96,mage,frost,3,2,1
Ricter,hyjal,96,mage,frost,6,1,5
Evilear,andorhal,96,mage,frost,6,1,5
Astería,ragnaros,96,mage,frost,6,1,5
Fookz,malganis,96,mage,frost,6,1,5
Ichirou,stormrage,96,mage,frost,6,1,5
Ârcano,ragnaros,96,mage,frost,6,1,5
Jizzlez,tichondrius,96,mage,frost,6,1,5
Keelaron,proudmoore,96,mage,frost,6,1,5
Michaelbust,tichondrius,96,mage,frost,6,1,5
Professor,khadgar,96,mage,frost,6,1,5
Åpollous,frostmourne,96,mage,frost,6,1,5
Furrblock,tichondrius,96,mage,frost,6,1,5
Merkkinz,thrall,96,mage,frost,6,1,5
Pblastdatass,stormrage,96,mage,frost,6,1,5
Gnòmêrcy,kelthuzad,96,mage,frost,6,1,5
Anuub,kelthuzad,96,mage,frost,6,1,5
Coolhandz,tichondrius,96,mage,frost,6,1,5
Themose,sargeras,96,mage,frost,6,1,5
Adrazell,sargeras,96,mage,frost,6,1,5
Mastacombust,illidan,96,mage,frost,6,1,5
Ñõxx,sargeras,96,mage,frost,6,1,5
Magicmom,wyrmrest-accord,96,mage,frost,6,1,5
Neverworks,tichondrius,96,mage,frost,6,1,5
Gíldrin,proudmoore,96,mage,frost,6,1,5
Fortemage,tichondrius,96,mage,frost,6,1,5
Stormfrieza,tichondrius,96,mage,frost,6,1,5
Freezze,malganis,96,mage,frost,6,1,5
Klinkr,illidan,96,mage,frost,6,1,5
Dathoe,laughing-skull,96,mage,frost,6,1,5
Linadeslayer,chogall,96,mage,frost,6,1,5
Wuzzo,tichondrius,96,mage,frost,6,1,5
Truewinter,tichondrius,96,mage,frost,6,1,5
Snowjôb,illidan,96,mage,frost,6,1,5
Annalee,ragnaros,96,mage,frost,6,1,5
Covil,tichondrius,96,mage,frost,6,1,5
Nairmage,tichondrius,96,mage,frost,8,1,7
Pyrophobia,mannoroth,96,mage,frost,12,1,11
Pizzatest,area-52,96,mage,frost,12,1,11
Taladas,suramar,96,mage,frost,12,1,11
Icestory,tichondrius,96,mage,frost,13,1,12
Eirwan,illidan,95,mage,frost,6,1,5
Notria,illidan,79,mage,frost,5,1,4
Buckybever,illidan,79,mage,frost,11,1,10
Taevy,tichondrius,64,mage,frost,4,1,3
Barkäi,ragnaros,48,mage,frost,3,1,2
Dazby,tichondrius,42,mage,frost,11,3,8
Hotpeachpie,zuljin,42,mage,frost,8,2,6
Woezx,stormreaver,2264,monk,mistweaver,68,47,21
Garbagemonk,scilla,2259,monk,mistweaver,72,53,19
Linlol,tichondrius,2219,monk,mistweaver,206,121,85
Zenjj,thorium-brotherhood,2211,monk,mistweaver,158,92,66
Jep,tichondrius,2202,monk,mistweaver,126,82,44
Mysticallx,sargeras,2175,monk,mistweaver,72,47,25
Emoeres,kelthuzad,2151,monk,mistweaver,104,55,49
Oblivæon,tichondrius,2143,monk,mistweaver,72,45,27
Cuteballs,tichondrius,2138,monk,mistweaver,81,50,31
Oldmanswirl,mugthol,2137,monk,mistweaver,84,50,34
Crunchyrollx,tichondrius,2135,monk,mistweaver,66,49,17
Weavied,sargeras,2129,monk,mistweaver,120,63,57
Griefgodx,tichondrius,2127,monk,mistweaver,88,49,39
Moonym,nagrand,2126,monk,mistweaver,68,41,27
Vaen,kelthuzad,2126,monk,mistweaver,78,47,31
Wheatsli,malganis,2126,monk,mistweaver,138,81,57
Mãsterpõ,tichondrius,2125,monk,mistweaver,147,77,70
Cool,crushridge,2124,monk,mistweaver,102,60,42
Sloppyroppy,tichondrius,2124,monk,mistweaver,95,54,41
Drdabz,illidan,2122,monk,mistweaver,54,33,21
Purgenm,tichondrius,2122,monk,mistweaver,90,52,38
Hernameplz,proudmoore,2120,monk,mistweaver,99,53,46
Originull,darkspear,2119,monk,mistweaver,77,46,31
Proghouse,illidan,2118,monk,mistweaver,78,42,36
Kicub,emerald-dream,2115,monk,mistweaver,84,44,40
Heywhatsup,emerald-dream,2115,monk,mistweaver,96,48,48
Oliveirarr,tichondrius,2114,monk,mistweaver,114,64,50
Firewatches,emerald-dream,2113,monk,mistweaver,72,42,30
Akkiira,sargeras,2112,monk,mistweaver,72,42,30
Glqjkglbfgdl,zuljin,2105,monk,mistweaver,126,70,56
Thet,sargeras,2094,monk,mistweaver,135,72,63
Woggitie,jubeithos,2093,monk,mistweaver,62,41,21
Itzokinlol,malganis,2072,monk,mistweaver,96,60,36
Nohandslost,blackrock,2063,monk,mistweaver,170,84,86
Jiwå,terenas,2058,monk,mistweaver,367,195,172
Dãnwun,tichondrius,2048,monk,mistweaver,66,40,26
Ðrägønéyèz,malygos,2043,monk,mistweaver,129,74,55
Timermørk,kalecgos,2042,monk,mistweaver,66,46,20
Babyfaceqt,skullcrusher,2036,monk,mistweaver,101,55,46
Fizzlefarmer,moon-guard,2031,monk,mistweaver,89,54,35
Zhoku,tichondrius,2020,monk,mistweaver,58,34,24
Speedcapped,area-52,2016,monk,mistweaver,126,63,63
Punchgodx,greymane,2010,monk,mistweaver,78,46,32
Igriefidiots,tichondrius,2003,monk,mistweaver,53,32,21
Huaren,tichondrius,2002,monk,mistweaver,119,67,52
Tyrfan,sargeras,1994,monk,mistweaver,154,84,70
Brazfu,skullcrusher,1993,monk,mistweaver,117,70,47
Bhoredom,kiljaeden,1989,monk,mistweaver,116,65,51
Gabîmaru,area-52,1978,monk,mistweaver,87,55,32
Leetcoder,tichondrius,1977,monk,mistweaver,159,102,57
Waggìes,moon-guard,1977,monk,mistweaver,65,40,25
Dowsk,tichondrius,1970,monk,mistweaver,58,33,25
Voidstate,stormrage,1967,monk,mistweaver,119,63,56
Wagfu,moon-guard,1966,monk,mistweaver,46,27,19
Venfuki,tichondrius,1963,monk,mistweaver,60,35,25
Jakethegreat,moknathal,1963,monk,mistweaver,163,95,68
Vongg,tichondrius,1950,monk,mistweaver,66,36,30
Praggers,proudmoore,1950,monk,mistweaver,65,35,30
Zukki,zuljin,1949,monk,mistweaver,88,54,34
Zuhakmw,tichondrius,1947,monk,mistweaver,78,39,39
Orbgodx,darkspear,1941,monk,mistweaver,48,30,18
Wetchickennz,tichondrius,1940,monk,mistweaver,130,75,55
Mavvi,tichondrius,1938,monk,mistweaver,86,51,35
Swurvex,bleeding-hollow,1938,monk,mistweaver,54,29,25
Àvríam,stormrage,1933,monk,mistweaver,59,30,29
Liltuna,icecrown,1930,monk,mistweaver,36,23,13
Wrxx,kelthuzad,1928,monk,mistweaver,268,136,132
Gsdfjskpx,sargeras,1926,monk,mistweaver,126,64,62
Gameníne,tichondrius,1924,monk,mistweaver,48,31,17
Pandacottoco,azralon,1924,monk,mistweaver,78,44,34
Imdabes,velen,1923,monk,mistweaver,72,39,33
Vethosis,illidan,1921,monk,mistweaver,43,27,16
Lmhs,tichondrius,1920,monk,mistweaver,54,32,22
Ònó,quelthalas,1919,monk,mistweaver,67,39,28
Brewsome,bloodhoof,1919,monk,mistweaver,82,43,39
Grif,nazjatar,1918,monk,mistweaver,160,81,79
Parodies,illidan,1915,monk,mistweaver,55,28,27
Canghaigg,tichondrius,1910,monk,mistweaver,77,49,28
Abellmonk,tichondrius,1910,monk,mistweaver,203,117,86
Tirionx,area-52,1907,monk,mistweaver,185,114,71
Zuhak,tichondrius,1901,monk,mistweaver,30,20,10
Wootzhu,zuljin,1900,monk,mistweaver,98,53,45
Liteup,smolderthorn,1900,monk,mistweaver,300,154,146
Dræmwalker,malygos,1900,monk,mistweaver,283,145,138
Akiramenaide,tichondrius,1899,monk,mistweaver,24,20,4
Gentleuncle,tichondrius,1898,monk,mistweaver,65,44,21
Toyotasupra,emerald-dream,1898,monk,mistweaver,72,46,26
Kristië,stormrage,1891,monk,mistweaver,42,30,12
Celerein,illidan,1889,monk,mistweaver,76,44,32
Heha,tichondrius,1886,monk,mistweaver,53,31,22
Poscom,tichondrius,1885,monk,mistweaver,89,68,21
Shad,frostmourne,1883,monk,mistweaver,90,53,37
Nezly,sargeras,1882,monk,mistweaver,60,29,31
Sintifissti,sargeras,1877,monk,mistweaver,42,28,14
Wingchungus,sargeras,1876,monk,mistweaver,30,23,7
Paperfist,stormrage,1876,monk,mistweaver,120,83,37
Toozmania,stormrage,1876,monk,mistweaver,52,31,21
Postmark,tichondrius,1876,monk,mistweaver,54,31,23
Taeeun,tichondrius,1874,monk,mistweaver,45,30,15
Martiálfarts,malganis,1873,monk,mistweaver,36,25,11
Sifu,bleeding-hollow,1873,monk,mistweaver,59,36,23
Spicyx,kiljaeden,1871,monk,mistweaver,30,24,6
Dro,khadgar,1870,monk,mistweaver,42,22,20
Robocto,area-52,1869,monk,mistweaver,102,61,41
Dalillama,stormreaver,1865,monk,mistweaver,48,31,17
Logtich,moon-guard,1864,monk,mistweaver,78,42,36
Nesoween,tichondrius,1863,monk,mistweaver,39,30,9
Mcoos,tichondrius,1863,monk,mistweaver,108,66,42
Taichí,tichondrius,1863,monk,mistweaver,59,33,26
Gummycat,bonechewer,1862,monk,mistweaver,114,68,46
Papermade,barthilas,1860,monk,mistweaver,48,26,22
Suhjoon,bleeding-hollow,1859,monk,mistweaver,70,34,36
Sevenmonk,tichondrius,1857,monk,mistweaver,54,36,18
Esqu,sargeras,1856,monk,mistweaver,36,22,14
Cmonk,turalyon,1856,monk,mistweaver,40,24,16
Piilsburry,sargeras,1855,monk,mistweaver,48,26,22
Assez,tichondrius,1847,monk,mistweaver,56,30,26
Proxy,ragnaros,1846,monk,mistweaver,46,31,15
Tonyboloney,tichondrius,1845,monk,mistweaver,42,25,17
Fîstweave,emerald-dream,1844,monk,mistweaver,77,45,32
Moremoretea,tichondrius,1843,monk,mistweaver,39,25,14
Crabfest,zuljin,1843,monk,mistweaver,60,35,25
Stonemists,ragnaros,1841,monk,mistweaver,47,32,15
Xinergy,illidan,1840,monk,mistweaver,98,65,33
Vaemonka,stormrage,1840,monk,mistweaver,73,44,29
Rokkon,sargeras,1840,monk,mistweaver,60,35,25
Fluval,moon-guard,1839,monk,mistweaver,59,41,18
Nakedidiot,kelthuzad,1839,monk,mistweaver,48,32,16
Nabunaga,illidan,1837,monk,mistweaver,42,34,8
Hinåta,thrall,1837,monk,mistweaver,40,26,14
Okchat,emerald-dream,1837,monk,mistweaver,113,72,41
Baychiz,sargeras,1837,monk,mistweaver,42,25,17
Irraeine,malganis,1836,monk,mistweaver,48,31,17
Djkungfu,thrall,1836,monk,mistweaver,138,88,50
Shiinobi,area-52,1836,monk,mistweaver,81,46,35
Zarenki,tichondrius,1835,monk,mistweaver,73,33,40
Guarantee,tichondrius,1832,monk,mistweaver,182,102,80
Secdog,tichondrius,1832,monk,mistweaver,60,27,33
Cmonkey,turalyon,1831,monk,mistweaver,48,31,17
Drracaryss,sargeras,1830,monk,mistweaver,146,86,60
Michæ,quelthalas,1830,monk,mistweaver,202,111,91
Carzzy,sargeras,1829,monk,mistweaver,35,23,12
Monklike,illidan,1827,monk,mistweaver,60,30,30
Suamw,tichondrius,1827,monk,mistweaver,68,32,36
Sillyguy,stormrage,1825,monk,mistweaver,89,56,33
Jackouse,frostmourne,1824,monk,mistweaver,50,31,19
Hugdealer,warsong,1823,monk,mistweaver,80,47,33
Caffeinated,barthilas,1823,monk,mistweaver,136,64,72
Gtmdyjs,illidan,1822,monk,mistweaver,29,20,9
Ekn,tichondrius,1822,monk,mistweaver,30,20,10
Voltio,frostmane,1820,monk,mistweaver,103,68,35
Monknutt,tichondrius,1819,monk,mistweaver,56,32,24
Ilovefrogs,stormrage,1819,monk,mistweaver,60,30,30
Intra,exodar,1818,monk,mistweaver,117,62,55
Ándi,barthilas,1817,monk,mistweaver,53,28,25
Wolf,shattered-hand,1816,monk,mistweaver,30,19,11
Yobeel,tichondrius,1816,monk,mistweaver,54,23,31
Xhilong,quelthalas,1815,monk,mistweaver,48,28,20
Lexxbtw,thrall,1815,monk,mistweaver,107,59,48
Dancah,eitrigg,1813,monk,mistweaver,30,19,11
Mistpump,tichondrius,1811,monk,mistweaver,48,26,22
Aviee,illidan,1811,monk,mistweaver,36,19,17
Kansú,ragnaros,1811,monk,mistweaver,76,37,39
Chadweave,moon-guard,1809,monk,mistweaver,96,50,46
Phattea,thrall,1808,monk,mistweaver,48,31,17
Yokuu,thunderlord,1808,monk,mistweaver,54,29,25
Abeldra,moon-guard,1807,monk,mistweaver,82,42,40
Tokol,tichondrius,1806,monk,mistweaver,78,43,35
Cööked,illidan,1806,monk,mistweaver,60,33,27
Timed,shuhalo,1806,monk,mistweaver,49,26,23
Astrino,zuljin,1805,monk,mistweaver,42,29,13
Strongmandan,twisting-nether,1805,monk,mistweaver,42,23,19
Onlyfansx,ragnaros,1805,monk,mistweaver,256,139,117
Cenfu,malganis,1805,monk,mistweaver,72,29,43
Vrieden,illidan,1804,monk,mistweaver,99,42,57
Kungfoocious,tichondrius,1802,monk,mistweaver,57,33,24
Mixflo,bleeding-hollow,1802,monk,mistweaver,39,20,19
Mistweave,aerie-peak,1801,monk,mistweaver,54,34,20
Squalicorax,area-52,1801,monk,mistweaver,47,24,23
Jiucho,dalaran,1800,monk,mistweaver,35,23,12
Tiptea,stormrage,1799,monk,mistweaver,42,23,19
Cardrik,thrall,1798,monk,mistweaver,101,50,51
Mackiechan,kelthuzad,1797,monk,mistweaver,128,73,55
Imdabes,destromath,1795,monk,mistweaver,48,23,25
Natalié,caelestrasz,1793,monk,mistweaver,36,25,11
Decompress,illidan,1789,monk,mistweaver,60,35,25
Rexfiend,tichondrius,1782,monk,mistweaver,24,19,5
Raddxd,illidan,1781,monk,mistweaver,30,21,9
Triarcs,area-52,1781,monk,mistweaver,36,24,12
Gamesuxlol,the-underbog,1775,monk,mistweaver,72,44,28
Lgee,kelthuzad,1774,monk,mistweaver,30,19,11
Beboté,quelthalas,1774,monk,mistweaver,77,41,36
Zundor,ghostlands,1769,monk,mistweaver,26,20,6
Ilovekok,sargeras,1767,monk,mistweaver,36,33,3
Trackstarx,area-52,1767,monk,mistweaver,30,25,5
Daito,jubeithos,1767,monk,mistweaver,110,62,48
Monjimen,ragnaros,1763,monk,mistweaver,137,81,56
Wigglygiggly,mannoroth,1762,monk,mistweaver,66,38,28
Greenbrews,area-52,1760,monk,mistweaver,138,75,63
Crypomunkz,malganis,1758,monk,mistweaver,35,23,12
Femalejam,darkspear,1757,monk,mistweaver,47,29,18
Dwánesan,tichondrius,1756,monk,mistweaver,36,23,13
Mikamonk,illidan,1755,monk,mistweaver,75,45,30
Ileffsinll,illidan,1755,monk,mistweaver,60,32,28
Rîce,burning-blade,1754,monk,mistweaver,42,29,13
Fistofchanny,tichondrius,1752,monk,mistweaver,68,41,27
Spinharder,stormrage,1750,monk,mistweaver,65,38,27
Ðescubra,stormrage,1750,monk,mistweaver,74,42,32
Callmekoldi,dalaran,1748,monk,mistweaver,93,52,41
Ringofpeace,sargeras,1746,monk,mistweaver,30,22,8
Tippity,stormrage,1746,monk,mistweaver,37,24,13
Bebuu,proudmoore,1744,monk,mistweaver,65,44,21
Cangry,area-52,1740,monk,mistweaver,54,27,27
Vernki,laughing-skull,1738,monk,mistweaver,59,36,23
Worldhopperx,area-52,1735,monk,mistweaver,48,30,18
Xdfu,stormrage,1734,monk,mistweaver,36,26,10
Ellesig,ragnaros,1731,monk,mistweaver,130,69,61
Mariabaraks,darkspear,1729,monk,mistweaver,78,46,32
Sleeks,bonechewer,1727,monk,mistweaver,51,31,20
Alekun,quelthalas,1724,monk,mistweaver,59,35,24
Slunka,tichondrius,1723,monk,mistweaver,36,21,15
Steelcase,frostmourne,1722,monk,mistweaver,47,26,21
Mvqws,tichondrius,1721,monk,mistweaver,30,24,6
Gramazen,tichondrius,1718,monk,mistweaver,42,25,17
Dupaweaver,stormrage,1717,monk,mistweaver,41,21,20
Ensaymada,frostmourne,1716,monk,mistweaver,72,37,35
Canghaimonk,tichondrius,1714,monk,mistweaver,54,25,29
Phtarded,stormreaver,1712,monk,mistweaver,44,27,17
Iightning,dentarg,1712,monk,mistweaver,54,32,22
Snuggubae,moon-guard,1710,monk,mistweaver,66,36,30
Starçandy,tichondrius,1710,monk,mistweaver,96,51,45
Jaja,kiljaeden,1708,monk,mistweaver,36,22,14
Betasquadxd,bleeding-hollow,1707,monk,mistweaver,43,25,18
Coomweaver,stormrage,1706,monk,mistweaver,36,18,18
Gnappyy,tichondrius,1705,monk,mistweaver,30,18,12
Røllitup,illidan,1704,monk,mistweaver,54,34,20
Aegea,illidan,1703,monk,mistweaver,30,21,9
Turbokíll,proudmoore,1703,monk,mistweaver,36,22,14
Mð,vashj,1700,monk,mistweaver,78,38,40
Qxt,tichondrius,1699,monk,mistweaver,52,31,21
Danarolls,spirestone,1697,monk,mistweaver,48,21,27
Krömbopulos,magtheridon,1696,monk,mistweaver,36,24,12
Mistweaverxo,malganis,1696,monk,mistweaver,104,60,44
Tazi,chromaggus,1696,monk,mistweaver,48,27,21
Zaqqari,wyrmrest-accord,1695,monk,mistweaver,48,24,24
Motogp,tichondrius,1694,monk,mistweaver,116,56,60
Bubblepony,illidan,1691,monk,mistweaver,179,92,87
Epî,tichondrius,1691,monk,mistweaver,110,53,57
Hansul,tichondrius,1691,monk,mistweaver,65,29,36
Gauche,arygos,1686,monk,mistweaver,144,74,70
Unclety,tichondrius,1685,monk,mistweaver,42,24,18
Cystweaver,dalaran,1684,monk,mistweaver,42,27,15
Shlunks,illidan,1683,monk,mistweaver,165,92,73
Cromulent,saurfang,1682,monk,mistweaver,71,34,37
Canadá,bleeding-hollow,1681,monk,mistweaver,24,18,6
Discurzed,barthilas,1681,monk,mistweaver,33,20,13
Aráshicage,malganis,1681,monk,mistweaver,48,29,19
Moushindeiru,sargeras,1680,monk,mistweaver,36,30,6
Gujunpyó,sargeras,1678,monk,mistweaver,48,33,15
Soprà,zuljin,1677,monk,mistweaver,33,20,13
Stepfistz,aegwynn,1677,monk,mistweaver,66,36,30
Nuriva,tichondrius,1674,monk,mistweaver,30,23,7
Baoma,tichondrius,1673,monk,mistweaver,48,26,22
Drunkentoker,illidan,1673,monk,mistweaver,48,26,22
Takugava,illidan,1671,monk,mistweaver,60,40,20
Stonymcblaze,malganis,1671,monk,mistweaver,42,25,17
Xcrispy,scilla,1670,monk,mistweaver,30,20,10
Tamonger,stormrage,1670,monk,mistweaver,179,100,79
Zuen,ragnaros,1670,monk,mistweaver,101,51,50
Boogstyle,malganis,1668,monk,mistweaver,34,21,13
Cmonktwo,turalyon,1668,monk,mistweaver,36,22,14
Velenious,tichondrius,1667,monk,mistweaver,68,46,22
Harkwind,azralon,1666,monk,mistweaver,108,60,48
Nugskis,dalaran,1666,monk,mistweaver,263,135,128
Mememories,tichondrius,1665,monk,mistweaver,74,46,28
Cherep,kiljaeden,1665,monk,mistweaver,93,49,44
Smallboots,area-52,1662,monk,mistweaver,24,20,4
Gomon,terenas,1661,monk,mistweaver,29,20,9
Rectus,proudmoore,1659,monk,mistweaver,30,22,8
Copula,illidan,1658,monk,mistweaver,68,32,36
Èmacs,barthilas,1655,monk,mistweaver,29,21,8
Greenrice,thrall,1655,monk,mistweaver,52,33,19
Ttvchickchau,tichondrius,1654,monk,mistweaver,36,24,12
Lilsloptop,moon-guard,1653,monk,mistweaver,125,78,47
Calvana,tichondrius,1653,monk,mistweaver,101,40,61
Yeji,altar-of-storms,1652,monk,mistweaver,43,21,22
Ludan,eredar,1651,monk,mistweaver,109,61,48
Rexzilla,tichondrius,1648,monk,mistweaver,36,25,11
Ropturttlê,tichondrius,1646,monk,mistweaver,30,22,8
Swuseng,tichondrius,1646,monk,mistweaver,36,21,15
Mexii,hellscream,1646,monk,mistweaver,149,69,80
Miillkz,zuljin,1644,monk,mistweaver,47,25,22
Qup,lightbringer,1643,monk,mistweaver,37,28,9
Swoleypoley,tichondrius,1642,monk,mistweaver,36,21,15
Itspoils,illidan,1641,monk,mistweaver,37,27,10
Místme,tichondrius,1641,monk,mistweaver,36,22,14
Tenoseven,area-52,1640,monk,mistweaver,21,19,2
Djux,zuljin,1639,monk,mistweaver,30,20,10
Ææøææôææôææô,illidan,1636,monk,mistweaver,78,58,20
Paralee,tichondrius,1635,monk,mistweaver,48,34,14
Beerflow,stormrage,1635,monk,mistweaver,42,23,19
Xhangtu,thrall,1632,monk,mistweaver,76,50,26
Akkiraa,sargeras,1631,monk,mistweaver,24,17,7
Integrity,durotan,1630,monk,mistweaver,59,34,25
Tezcatyo,malganis,1629,monk,mistweaver,36,23,13
Wittymonk,illidan,1629,monk,mistweaver,69,42,27
Lovehate,zuljin,1629,monk,mistweaver,48,23,25
Proventos,azralon,1628,monk,mistweaver,180,101,79
Baldbutcute,darkspear,1627,monk,mistweaver,28,19,9
Barelroll,proudmoore,1626,monk,mistweaver,59,44,15
Wildfists,tichondrius,1626,monk,mistweaver,313,160,153
Breadweaver,malganis,1626,monk,mistweaver,36,17,19
Winfred,bleeding-hollow,1625,monk,mistweaver,48,31,17
Innerchii,tichondrius,1624,monk,mistweaver,24,17,7
Misthealz,black-dragonflight,1624,monk,mistweaver,48,31,17
Noremaç,frostmourne,1624,monk,mistweaver,30,17,13
Xzeer,illidan,1623,monk,mistweaver,18,17,1
Nicotinetap,tichondrius,1623,monk,mistweaver,30,18,12
Briàr,area-52,1623,monk,mistweaver,30,17,13
Kaylux,stormrage,1623,monk,mistweaver,30,17,13
Waataafaak,malganis,1622,monk,mistweaver,54,30,24
Whaes,thrall,1621,monk,mistweaver,24,17,7
Manggi,tichondrius,1621,monk,mistweaver,85,52,33
Rizzdriver,moon-guard,1620,monk,mistweaver,30,19,11
Monkwalker,tichondrius,1620,monk,mistweaver,66,35,31
Swolington,proudmoore,1619,monk,mistweaver,41,26,15
Intertwine,frostmourne,1619,monk,mistweaver,30,17,13
Seokdenam,tichondrius,1619,monk,mistweaver,78,42,36
Avz,azralon,1618,monk,mistweaver,30,21,9
Hunkymonky,thrall,1618,monk,mistweaver,45,29,16
Nekzí,sargeras,1615,monk,mistweaver,30,20,10
Pacee,deathwing,1613,monk,mistweaver,24,17,7
Kendro,trollbane,1613,monk,mistweaver,59,38,21
Somebodym,illidan,1613,monk,mistweaver,36,22,14
Qords,tichondrius,1612,monk,mistweaver,148,77,71
Jojostar,shadowsong,1611,monk,mistweaver,30,17,13
Pingpang,stormreaver,1610,monk,mistweaver,81,46,35
Sixsticks,tichondrius,1610,monk,mistweaver,58,30,28
Furyjames,quelthalas,1610,monk,mistweaver,72,31,41
Hîbîscus,illidan,1609,monk,mistweaver,32,17,15
Chessyx,ragnaros,1608,monk,mistweaver,36,17,19
Eatmykïtty,dalaran,1607,monk,mistweaver,30,22,8
Guïnness,tichondrius,1605,monk,mistweaver,27,18,9
Hiiyaa,tichondrius,1605,monk,mistweaver,78,43,35
Tamingpanda,wildhammer,1605,monk,mistweaver,60,33,27
Pandaiax,area-52,1605,monk,mistweaver,59,31,28
Oblivion,wildhammer,1604,monk,mistweaver,61,36,25
Luvdeluxe,skullcrusher,1603,monk,mistweaver,42,20,22
Goochtickles,bleeding-hollow,1602,monk,mistweaver,128,79,49
Xuenws,tichondrius,1602,monk,mistweaver,84,36,48
Elvenmonk,frostmane,1601,monk,mistweaver,30,19,11
Roogymw,emerald-dream,1601,monk,mistweaver,48,24,24
Lunarc,mannoroth,1600,monk,mistweaver,58,41,17
Slipperybobs,tichondrius,1599,monk,mistweaver,65,43,22
Valian,tichondrius,1599,monk,mistweaver,36,19,17
Greenstar,bleeding-hollow,1599,monk,mistweaver,125,65,60
Mistastep,tichondrius,1599,monk,mistweaver,78,38,40
Gooncave,stormrage,1599,monk,mistweaver,46,22,24
Endér,tichondrius,1597,monk,mistweaver,147,81,66
Onees,tichondrius,1596,monk,mistweaver,77,39,38
Lightskinmon,area-52,1595,monk,mistweaver,42,23,19
Centalink,barthilas,1594,monk,mistweaver,44,30,14
Stormpounder,proudmoore,1594,monk,mistweaver,54,36,18
Grabbitz,kelthuzad,1592,monk,mistweaver,30,19,11
Pp,icecrown,1589,monk,mistweaver,31,27,4
Neonep,stormrage,1586,monk,mistweaver,130,72,58
Kwoon,hyjal,1585,monk,mistweaver,52,30,22
Zawlp,sargeras,1582,monk,mistweaver,24,17,7
Ekèl,tichondrius,1581,monk,mistweaver,48,29,19
Yepcocc,lightbringer,1581,monk,mistweaver,29,17,12
Patfu,area-52,1581,monk,mistweaver,29,17,12
Gess,stormscale,1581,monk,mistweaver,48,24,24
Ywingtsuan,frostmourne,1578,monk,mistweaver,35,18,17
Moonhealsyou,moon-guard,1573,monk,mistweaver,67,41,26
Boneykicks,tichondrius,1569,monk,mistweaver,42,21,21
Missweaver,sargeras,1566,monk,mistweaver,45,26,19
Mwgodqtxtko,nazjatar,1564,monk,mistweaver,48,27,21
Buffmonkdmg,tichondrius,1563,monk,mistweaver,66,35,31
Tiduskies,crushridge,1562,monk,mistweaver,54,25,29
Fistuhcuffs,sargeras,1561,monk,mistweaver,87,49,38
Spaazz,tichondrius,1559,monk,mistweaver,83,53,30
Bebess,moon-guard,1558,monk,mistweaver,39,22,17
Planetariumz,bleeding-hollow,1556,monk,mistweaver,259,135,124
Showshoway,tichondrius,1556,monk,mistweaver,41,20,21
Bobbybiz,bleeding-hollow,1553,monk,mistweaver,72,45,27
Kariwanji,tichondrius,1553,monk,mistweaver,130,74,56
Chopschtichs,kiljaeden,1552,monk,mistweaver,30,19,11
Nelly,grizzly-hills,1552,monk,mistweaver,36,17,19
Sabersatin,sargeras,1550,monk,mistweaver,42,21,21
Rañga,caelestrasz,1548,monk,mistweaver,30,17,13
Notfw,tichondrius,1547,monk,mistweaver,62,27,35
Grizzm,sargeras,1542,monk,mistweaver,36,22,14
Romdansik,tichondrius,1542,monk,mistweaver,107,60,47
Janeil,wyrmrest-accord,1541,monk,mistweaver,111,61,50
Rakia,moon-guard,1539,monk,mistweaver,112,54,58
Buhmonk,thrall,1537,monk,mistweaver,30,17,13
Snoozzy,kelthuzad,1536,monk,mistweaver,36,17,19
Forgèt,kelthuzad,1534,monk,mistweaver,30,16,14
Lonebamboo,tichondrius,1534,monk,mistweaver,50,24,26
Keileas,moon-guard,1534,monk,mistweaver,94,43,51
Hyori,saurfang,1532,monk,mistweaver,30,16,14
Chaddington,malorne,1531,monk,mistweaver,24,16,8
Dryungpwnz,zuljin,1530,monk,mistweaver,72,44,28
Jadestørmz,illidan,1529,monk,mistweaver,18,16,2
Brucechez,tichondrius,1529,monk,mistweaver,24,16,8
Carzo,area-52,1527,monk,mistweaver,38,23,15
Axellrod,tichondrius,1526,monk,mistweaver,48,33,15
Timbomist,kelthuzad,1526,monk,mistweaver,30,16,14
Lépøissøn,tichondrius,1525,monk,mistweaver,30,16,14
Nailtech,tichondrius,1524,monk,mistweaver,56,31,25
Sóntix,sargeras,1523,monk,mistweaver,29,17,12
Bunnygal,thaurissan,1522,monk,mistweaver,83,41,42
Metakillër,ragnaros,1522,monk,mistweaver,76,37,39
Dedracula,quelthalas,1521,monk,mistweaver,45,33,12
Kiqz,stormrage,1519,monk,mistweaver,30,16,14
Gnetic,nemesis,1516,monk,mistweaver,68,33,35
Zhíu,ragnaros,1515,monk,mistweaver,36,20,16
Tenshu,runetotem,1514,monk,mistweaver,81,46,35
Chelada,sargeras,1513,monk,mistweaver,48,22,26
Themonkfunk,bleeding-hollow,1511,monk,mistweaver,36,25,11
Monke,onyxia,1510,monk,mistweaver,30,16,14
Teewin,area-52,1509,monk,mistweaver,27,23,4
Aioffe,emerald-dream,1509,monk,mistweaver,30,16,14
Pagtuk,daggerspine,1507,monk,mistweaver,48,23,25
Greenpigo,tichondrius,1504,monk,mistweaver,18,17,1
Drinkkin,bleeding-hollow,1504,monk,mistweaver,72,42,30
Sshri,illidan,1503,monk,mistweaver,45,20,25
Snoodle,korgath,1501,monk,mistweaver,72,41,31
Lekrosa,thrall,1499,monk,mistweaver,71,38,33
Aledal,agamaggan,1497,monk,mistweaver,48,31,17
Xenitate,bleeding-hollow,1497,monk,mistweaver,30,17,13
Märthä,azralon,1497,monk,mistweaver,97,51,46
Tinypunch,emerald-dream,1496,monk,mistweaver,72,34,38
Jerumay,tichondrius,1491,monk,mistweaver,35,20,15
Mungka,tichondrius,1487,monk,mistweaver,82,43,39
Fistnanweavn,dawnbringer,1487,monk,mistweaver,62,27,35
Warzsong,azralon,1486,monk,mistweaver,54,33,21
Oakleet,bleeding-hollow,1486,monk,mistweaver,42,23,19
Buddhabud,sargeras,1483,monk,mistweaver,42,22,20
Fehthermane,area-52,1482,monk,mistweaver,64,39,25
Soothinn,tichondrius,1481,monk,mistweaver,36,26,10
Slothman,nagrand,1481,monk,mistweaver,48,27,21
Âfrika,ysondre,1480,monk,mistweaver,65,31,34
Sangthos,darkspear,1479,monk,mistweaver,78,33,45
Talented,azuremyst,1477,monk,mistweaver,63,41,22
Monkpowaz,stormrage,1476,monk,mistweaver,42,26,16
Cranekicks,moon-guard,1476,monk,mistweaver,134,74,60
Aokuâng,malganis,1473,monk,mistweaver,36,26,10
Mòñk,shattered-halls,1473,monk,mistweaver,42,26,16
Santiaguiño,ragnaros,1473,monk,mistweaver,47,16,31
Wheygodx,lothar,1471,monk,mistweaver,42,28,14
Slashsmack,caelestrasz,1470,monk,mistweaver,42,19,23
Hadryan,proudmoore,1469,monk,mistweaver,80,43,37
Swiftyboi,tichondrius,1469,monk,mistweaver,42,19,23
Scrapfu,proudmoore,1467,monk,mistweaver,48,22,26
Gotmonk,aggramar,1464,monk,mistweaver,30,19,11
Healzpapi,tichondrius,1461,monk,mistweaver,90,49,41
Seung,duskwood,1461,monk,mistweaver,204,94,110
Gnomepuncher,dalaran,1459,monk,mistweaver,48,25,23
Kazov,proudmoore,1458,monk,mistweaver,178,92,86
Fidgetspinna,zuljin,1457,monk,mistweaver,38,18,20
Banterx,sargeras,1457,monk,mistweaver,47,20,27
Bussyweaver,sargeras,1455,monk,mistweaver,81,51,30
Bastilaqt,korgath,1454,monk,mistweaver,49,28,21
Ferrarí,quelthalas,1454,monk,mistweaver,165,93,72
Americå,zuljin,1453,monk,mistweaver,60,39,21
Rockcalm,malganis,1452,monk,mistweaver,44,18,26
Sudury,tichondrius,1451,monk,mistweaver,54,29,25
Baee,cairne,1451,monk,mistweaver,43,17,26
Deathsteel,emerald-dream,1450,monk,mistweaver,23,16,7
Pomonk,nazjatar,1450,monk,mistweaver,69,45,24
Aramonk,tichondrius,1449,monk,mistweaver,52,32,20
Xtrememisty,frostmourne,1449,monk,mistweaver,66,35,31
Versachi,stormreaver,1446,monk,mistweaver,42,18,24
Yurm,moon-guard,1445,monk,mistweaver,24,20,4
Lidela,sargeras,1445,monk,mistweaver,52,27,25
Josciel,ragnaros,1444,monk,mistweaver,242,117,125
Meshugah,quelthalas,1443,monk,mistweaver,42,18,24
Bruceteå,area-52,1441,monk,mistweaver,23,17,6
Supbro,hyjal,1439,monk,mistweaver,24,15,9
Yasysy,tichondrius,1439,monk,mistweaver,24,15,9
Basedbuck,dalaran,1439,monk,mistweaver,24,15,9
Elcidx,tichondrius,1438,monk,mistweaver,24,15,9
Vïolët,moon-guard,1437,monk,mistweaver,48,31,17
Mukboo,tichondrius,1435,monk,mistweaver,30,15,15
Dhomonk,rexxar,1434,monk,mistweaver,29,17,12
Vorikson,stormrage,1434,monk,mistweaver,84,37,47
Zengriff,ysondre,1433,monk,mistweaver,24,15,9
Safiel,proudmoore,1433,monk,mistweaver,118,51,67
Pichau,zuljin,1431,monk,mistweaver,21,16,5
Grandpå,tichondrius,1431,monk,mistweaver,24,15,9
Bromonster,zuljin,1431,monk,mistweaver,30,15,15
Rokk,rivendare,1430,monk,mistweaver,18,15,3
Iamamonk,kelthuzad,1429,monk,mistweaver,20,17,3
Fuqame,kiljaeden,1428,monk,mistweaver,42,19,23
Ïtächï,illidan,1428,monk,mistweaver,36,15,21
Hepp,stormrage,1425,monk,mistweaver,24,15,9
Tarkir,quelthalas,1425,monk,mistweaver,36,21,15
Glad,stormscale,1425,monk,mistweaver,196,105,91
Zeroxe,area-52,1424,monk,mistweaver,18,15,3
Pøkemonk,malganis,1424,monk,mistweaver,24,15,9
Mcfisted,area-52,1423,monk,mistweaver,51,23,28
Vegoku,moon-guard,1422,monk,mistweaver,66,38,28
Shandaspanda,rivendare,1422,monk,mistweaver,43,23,20
Friskyfister,tichondrius,1422,monk,mistweaver,30,15,15
Phatcheeks,aegwynn,1421,monk,mistweaver,60,35,25
Spencere,hyjal,1421,monk,mistweaver,30,15,15
Taijutzu,darkspear,1419,monk,mistweaver,24,15,9
Mightbweavin,bleeding-hollow,1419,monk,mistweaver,90,41,49
Swiftm,thrall,1414,monk,mistweaver,81,48,33
Ralphiex,tichondrius,1411,monk,mistweaver,101,53,48
Tirêd,sargeras,1409,monk,mistweaver,66,33,33
Ungankable,sargeras,1408,monk,mistweaver,60,32,28
Ghorb,boulderfist,1406,monk,mistweaver,41,20,21
Ojiin,wyrmrest-accord,1405,monk,mistweaver,197,105,92
Bungfist,stormrage,1404,monk,mistweaver,23,15,8
Kungfused,frostmourne,1403,monk,mistweaver,30,15,15
Thirteendads,turalyon,1403,monk,mistweaver,35,17,18
Crypslegacy,tichondrius,1402,monk,mistweaver,90,43,47
Kylièjenner,gilneas,1401,monk,mistweaver,42,26,16
Fister,garithos,1398,monk,mistweaver,28,20,8
Leemîn,tichondrius,1395,monk,mistweaver,30,20,10
Htm,barthilas,1392,monk,mistweaver,41,16,25
Pumakicks,tichondrius,1389,monk,mistweaver,61,30,31
Ckqt,stormrage,1388,monk,mistweaver,23,15,8
Vum,quelthalas,1385,monk,mistweaver,21,16,5
Drama,tichondrius,1384,monk,mistweaver,26,18,8
Dlysezzic,tichondrius,1381,monk,mistweaver,29,15,14
Rhynoo,lothar,1378,monk,mistweaver,72,39,33
Monktor,dalaran,1378,monk,mistweaver,42,21,21
Puoll,gallywix,1376,monk,mistweaver,87,47,40
Pablojám,ragnaros,1375,monk,mistweaver,36,20,16
Afabled,drakkari,1373,monk,mistweaver,48,26,22
Ozen,burning-blade,1373,monk,mistweaver,72,37,35
Baroon,chogall,1373,monk,mistweaver,93,40,53
Troutline,bonechewer,1368,monk,mistweaver,84,50,34
Nelda,gorgonnash,1367,monk,mistweaver,24,16,8
Iloki,shuhalo,1366,monk,mistweaver,54,30,24
Omii,darkspear,1366,monk,mistweaver,28,15,13
Vonn,drakkari,1364,monk,mistweaver,66,33,33
Tianji,malganis,1363,monk,mistweaver,42,26,16
Ric,gundrak,1363,monk,mistweaver,63,37,26
Lõgan,azralon,1362,monk,mistweaver,46,24,22
Jackphan,azralon,1362,monk,mistweaver,48,25,23
Docwang,malganis,1356,monk,mistweaver,30,20,10
Muzzye,frostmourne,1355,monk,mistweaver,52,31,21
Äncient,quelthalas,1351,monk,mistweaver,27,19,8
Boozebear,spirestone,1349,monk,mistweaver,76,41,35
Pandemikmonk,turalyon,1349,monk,mistweaver,48,22,26
Damemasduro,ragnaros,1347,monk,mistweaver,123,57,66
Ninjatoots,aerie-peak,1346,monk,mistweaver,59,36,23
Mcfluffey,area-52,1345,monk,mistweaver,56,30,26
Veejaex,stormreaver,1343,monk,mistweaver,18,14,4
Rylens,draka,1343,monk,mistweaver,40,25,15
Siserfister,sargeras,1343,monk,mistweaver,24,14,10
Damogen,spinebreaker,1343,monk,mistweaver,30,14,16
Pragma,kiljaeden,1342,monk,mistweaver,24,14,10
Kris,llane,1342,monk,mistweaver,24,14,10
Cnww,tichondrius,1342,monk,mistweaver,24,14,10
Sinistuhm,tichondrius,1342,monk,mistweaver,35,18,17
Séthrogèn,tichondrius,1341,monk,mistweaver,18,14,4
Reque,illidan,1341,monk,mistweaver,102,59,43
Jèricho,thrall,1340,monk,mistweaver,48,23,25
Turbofist,bleeding-hollow,1337,monk,mistweaver,24,14,10
Zenmasta,exodar,1336,monk,mistweaver,30,17,13
Ryantiger,tichondrius,1336,monk,mistweaver,30,14,16
Lazeekick,sargeras,1335,monk,mistweaver,30,14,16
Iielia,wyrmrest-accord,1335,monk,mistweaver,35,16,19
Chañi,ragnaros,1333,monk,mistweaver,59,33,26
Zettelkasten,tichondrius,1332,monk,mistweaver,24,14,10
Chongal,whisperwind,1332,monk,mistweaver,24,14,10
Toastage,tichondrius,1328,monk,mistweaver,24,14,10
Tenzing,azgalor,1324,monk,mistweaver,24,14,10
Momochi,malygos,1323,monk,mistweaver,30,16,14
Nerfmonk,spirestone,1322,monk,mistweaver,24,14,10
Cisneros,doomhammer,1322,monk,mistweaver,69,31,38
Shon,frostmourne,1316,monk,mistweaver,24,14,10
Albusventos,azralon,1315,monk,mistweaver,35,21,14
Smackdat,azjolnerub,1315,monk,mistweaver,58,29,29
Johnkreese,andorhal,1313,monk,mistweaver,30,14,16
Sweatweaver,frostmourne,1313,monk,mistweaver,64,28,36
Keyszz,tichondrius,1312,monk,mistweaver,104,43,61
Dashenna,illidan,1310,monk,mistweaver,78,29,49
Abdoolah,illidan,1309,monk,mistweaver,24,14,10
Punch,lothar,1309,monk,mistweaver,31,18,13
Brewmanchew,frostmourne,1308,monk,mistweaver,24,14,10
Kemmy,ravencrest,1305,monk,mistweaver,25,14,11
Flixz,stormrage,1304,monk,mistweaver,30,15,15
Dextr,arthas,1302,monk,mistweaver,27,14,13
Onekickman,dalaran,1301,monk,mistweaver,30,20,10
Güwop,tichondrius,1294,monk,mistweaver,30,14,16
Ermac,kiljaeden,1289,monk,mistweaver,23,14,9
Dblfistez,stormreaver,1287,monk,mistweaver,40,16,24
Kìmjungheal,tichondrius,1281,monk,mistweaver,41,21,20
Zeiana,proudmoore,1280,monk,mistweaver,38,22,16
Byakugan,moon-guard,1277,monk,mistweaver,35,20,15
Jeffdagnome,moon-guard,1276,monk,mistweaver,84,40,44
Poundmedaddi,tichondrius,1270,monk,mistweaver,42,27,15
Darkheälzz,sargeras,1265,monk,mistweaver,67,33,34
Tert,aerie-peak,1262,monk,mistweaver,86,48,38
Gallorex,frostmourne,1262,monk,mistweaver,36,20,16
Yunmen,blades-edge,1262,monk,mistweaver,29,14,15
Jasonmonk,sargeras,1257,monk,mistweaver,25,15,10
Dokfu,tichondrius,1254,monk,mistweaver,115,69,46
Omimonk,sargeras,1251,monk,mistweaver,56,24,32
Ninjagordu,nemesis,1250,monk,mistweaver,67,27,40
Avãrîce,stormrage,1247,monk,mistweaver,18,13,5
Ticmonk,frostmourne,1247,monk,mistweaver,18,13,5
Beefyteet,tichondrius,1247,monk,mistweaver,18,13,5
Gothamonk,tichondrius,1247,monk,mistweaver,24,13,11
Sparksgamer,ragnaros,1247,monk,mistweaver,24,13,11
Evilstep,tichondrius,1247,monk,mistweaver,60,31,29
Elesm,area-52,1247,monk,mistweaver,30,13,17
Antriai,icecrown,1247,monk,mistweaver,36,13,23
Hîddëncløùdx,tichondrius,1245,monk,mistweaver,18,13,5
Makimä,stormrage,1245,monk,mistweaver,30,16,14
Ieatshrooms,malfurion,1245,monk,mistweaver,60,25,35
Yuï,bleeding-hollow,1244,monk,mistweaver,18,13,5
Qarmax,azralon,1244,monk,mistweaver,24,13,11
React,frostwolf,1242,monk,mistweaver,18,13,5
Liké,tichondrius,1241,monk,mistweaver,18,13,5
Brewy,bloodhoof,1240,monk,mistweaver,18,13,5
Poppyharlow,saurfang,1240,monk,mistweaver,24,17,7
Monkeynut,whisperwind,1240,monk,mistweaver,29,16,13
Manchu,stormrage,1237,monk,mistweaver,24,13,11
Monxellius,moon-guard,1237,monk,mistweaver,69,34,35
Zenquadz,elune,1234,monk,mistweaver,30,21,9
Lolkungfu,spirestone,1234,monk,mistweaver,24,13,11
Chiban,misha,1232,monk,mistweaver,24,13,11
Azizyzz,barthilas,1231,monk,mistweaver,42,20,22
Shizunô,stormrage,1229,monk,mistweaver,30,14,16
Emporertrump,bleeding-hollow,1227,monk,mistweaver,31,15,16
Fkedyourwife,dalaran,1227,monk,mistweaver,30,13,17
Närza,kelthuzad,1225,monk,mistweaver,24,13,11
Chnzhs,tichondrius,1222,monk,mistweaver,37,13,24
Cammy,aerie-peak,1219,monk,mistweaver,32,20,12
ßrewslèè,tichondrius,1216,monk,mistweaver,38,20,18
Chuks,nerzhul,1215,monk,mistweaver,134,70,64
Marimonkori,stormscale,1214,monk,mistweaver,51,24,27
Shinarri,thrall,1213,monk,mistweaver,30,19,11
Spook,kalecgos,1212,monk,mistweaver,20,14,6
Phoenixspark,gnomeregan,1211,monk,mistweaver,18,13,5
Darrhon,illidan,1200,monk,mistweaver,78,37,41
Kreacher,ravencrest,1199,monk,mistweaver,65,32,33
Menadraene,wyrmrest-accord,1198,monk,mistweaver,26,14,12
Puffpuffp,nazgrel,1196,monk,mistweaver,24,13,11
Poppinbrews,thrall,1191,monk,mistweaver,28,15,13
Shùù,tichondrius,1181,monk,mistweaver,23,13,10
Anthuri,frostmourne,1178,monk,mistweaver,41,28,13
Iseeyouqt,tichondrius,1176,monk,mistweaver,20,13,7
Kodrik,tichondrius,1175,monk,mistweaver,48,23,25
Miçrosoft,area-52,1174,monk,mistweaver,42,24,18
Puya,nemesis,1174,monk,mistweaver,30,14,16
Afw,moon-guard,1168,monk,mistweaver,26,15,11
Lanifear,area-52,1167,monk,mistweaver,23,13,10
Hie,laughing-skull,1166,monk,mistweaver,90,38,52
Shwankeesha,thrall,1165,monk,mistweaver,28,14,14
Monkoala,illidan,1160,monk,mistweaver,30,17,13
Valdosta,bloodscalp,1158,monk,mistweaver,36,19,17
Kickbone,tichondrius,1157,monk,mistweaver,42,14,28
Callibella,amanthul,1155,monk,mistweaver,26,13,13
Xaurian,firetree,1153,monk,mistweaver,22,13,9
Magmuruk,garrosh,1152,monk,mistweaver,18,12,6
Dannycarey,tichondrius,1152,monk,mistweaver,18,12,6
Madmint,illidan,1151,monk,mistweaver,36,14,22
Ericshin,sargeras,1149,monk,mistweaver,20,12,8
Santhz,ragnaros,1148,monk,mistweaver,18,12,6
Himah,area-52,1148,monk,mistweaver,24,12,12
Strixx,silvermoon,1147,monk,mistweaver,18,14,4
Avm,azralon,1147,monk,mistweaver,24,12,12
Korata,frostwolf,1147,monk,mistweaver,24,12,12
Oochi,illidan,1146,monk,mistweaver,24,12,12
Kaniou,proudmoore,1146,monk,mistweaver,29,13,16
Jagichan,area-52,1145,monk,mistweaver,18,12,6
Monkaveli,ursin,1145,monk,mistweaver,78,37,41
Thyfist,frostmourne,1139,monk,mistweaver,22,13,9
Pcyesh,nemesis,1138,monk,mistweaver,22,13,9
Lumïnous,moon-guard,1136,monk,mistweaver,30,14,16
Kexti,wyrmrest-accord,1135,monk,mistweaver,45,18,27
Affrika,ragnaros,1133,monk,mistweaver,47,21,26
Szuka,tichondrius,1131,monk,mistweaver,18,12,6
Herbivorous,sargeras,1131,monk,mistweaver,24,12,12
Modelman,area-52,1130,monk,mistweaver,26,14,12
Gobfu,emerald-dream,1130,monk,mistweaver,65,26,39
Boostmonk,terenas,1126,monk,mistweaver,78,34,44
Fistmeister,tichondrius,1125,monk,mistweaver,30,19,11
Sedition,emerald-dream,1123,monk,mistweaver,198,99,99
Søpra,zuljin,1114,monk,mistweaver,26,13,13
Orbii,tichondrius,1111,monk,mistweaver,42,29,13
Fitmonje,drakkari,1107,monk,mistweaver,31,15,16
Biggoosie,korgath,1106,monk,mistweaver,52,31,21
Waxxi,barthilas,1104,monk,mistweaver,54,25,29
Baittor,proudmoore,1100,monk,mistweaver,21,13,8
Meepmonk,kilrogg,1098,monk,mistweaver,27,13,14
Purging,draka,1096,monk,mistweaver,44,30,14
Confa,ragnaros,1095,monk,mistweaver,50,18,32
Gentle,cenarius,1093,monk,mistweaver,26,12,14
Brewamp,zuljin,1091,monk,mistweaver,29,13,16
Ataxic,illidan,1083,monk,mistweaver,23,12,11
Hache,azjolnerub,1078,monk,mistweaver,74,32,42
Duelist,the-scryers,1056,monk,mistweaver,12,11,1
Threefanandy,kelthuzad,1056,monk,mistweaver,12,11,1
Lustymonk,kelthuzad,1056,monk,mistweaver,12,11,1
Benneroy,moon-guard,1056,monk,mistweaver,18,11,7
Mistussy,sargeras,1056,monk,mistweaver,18,11,7
Melonmuncher,duskwood,1056,monk,mistweaver,18,11,7
Mixon,archimonde,1056,monk,mistweaver,18,11,7
Quitw,tichondrius,1056,monk,mistweaver,24,11,13
Undertickle,illidan,1055,monk,mistweaver,18,11,7
Kynalla,thunderlord,1055,monk,mistweaver,18,11,7
Iplus,thrall,1055,monk,mistweaver,18,11,7
Focalors,proudmoore,1055,monk,mistweaver,18,11,7
Fkinbis,area-52,1055,monk,mistweaver,18,11,7
Oppsimop,frostmourne,1055,monk,mistweaver,24,11,13
Chillionaíre,proudmoore,1055,monk,mistweaver,24,11,13
Dreadknotz,hyjal,1054,monk,mistweaver,42,17,25
Wungpo,the-forgotten-coast,1052,monk,mistweaver,18,11,7
Havasupai,turalyon,1052,monk,mistweaver,18,11,7
Karnbroo,frostmourne,1052,monk,mistweaver,24,11,13
Sipu,wyrmrest-accord,1051,monk,mistweaver,18,13,5
Fistful,destromath,1050,monk,mistweaver,12,11,1
Dégg,thrall,1050,monk,mistweaver,18,11,7
Tobyblack,illidan,1049,monk,mistweaver,18,11,7
Ilani,malganis,1047,monk,mistweaver,18,11,7
Proctology,tichondrius,1047,monk,mistweaver,18,11,7
Shaolinmists,malganis,1045,monk,mistweaver,12,11,1
Delassian,moon-guard,1044,monk,mistweaver,34,16,18
Raidenmnx,tichondrius,1042,monk,mistweaver,24,11,13
Knaveus,frostmourne,1039,monk,mistweaver,18,11,7
Teancrumpets,wyrmrest-accord,1038,monk,mistweaver,48,20,28
Tadaku,dalaran,1033,monk,mistweaver,37,17,20
Merand,tichondrius,1031,monk,mistweaver,36,20,16
Xulieng,tichondrius,1030,monk,mistweaver,178,88,90
Marnartou,zuljin,1026,monk,mistweaver,12,11,1
Dalillamas,sargeras,1023,monk,mistweaver,14,12,2
Razod,stormrage,1021,monk,mistweaver,124,57,67
Gomey,bleeding-hollow,1018,monk,mistweaver,20,12,8
Kpeste,tichondrius,1016,monk,mistweaver,36,21,15
Ainz,nagrand,1016,monk,mistweaver,30,15,15
Clutchinmist,malganis,1016,monk,mistweaver,28,12,16
Kfpanda,hellscream,1015,monk,mistweaver,30,14,16
Boojaa,silvermoon,1010,monk,mistweaver,36,14,22
Twizzurp,magtheridon,1007,monk,mistweaver,21,12,9
Ratioed,moon-guard,1005,monk,mistweaver,29,16,13
Vencö,tichondrius,1001,monk,mistweaver,33,11,22
Wmo,tichondrius,997,monk,mistweaver,17,11,6
Kimonk,proudmoore,996,monk,mistweaver,18,11,7
Telrande,ysondre,994,monk,mistweaver,35,24,11
Mintbear,illidan,984,monk,mistweaver,14,11,3
Monkgringo,azralon,983,monk,mistweaver,48,27,21
Bomer,moknathal,980,monk,mistweaver,49,29,20
Winniethepoo,borean-tundra,975,monk,mistweaver,19,11,8
Drizzywow,arathor,960,monk,mistweaver,12,10,2
Hype,ursin,960,monk,mistweaver,12,10,2
Bréwmaster,stormrage,960,monk,mistweaver,18,10,8
Dapperdabz,illidan,960,monk,mistweaver,18,10,8
Greenfriend,illidan,960,monk,mistweaver,18,10,8
Fheng,emerald-dream,960,monk,mistweaver,18,10,8
Inkar,tichondrius,960,monk,mistweaver,18,10,8
Bouncymoo,frostmourne,960,monk,mistweaver,18,10,8
Mywave,bleeding-hollow,960,monk,mistweaver,18,10,8
Yangroumo,tichondrius,960,monk,mistweaver,18,10,8
Nahr,tichondrius,960,monk,mistweaver,18,10,8
Actualcrime,tichondrius,960,monk,mistweaver,24,10,14
Shâdòw,ragnaros,959,monk,mistweaver,12,10,2
Chadmw,illidan,959,monk,mistweaver,12,10,2
Blasê,frostmourne,959,monk,mistweaver,12,10,2
Sodamint,sargeras,959,monk,mistweaver,18,10,8
Chanîng,frostmourne,959,monk,mistweaver,18,10,8
Botweaver,proudmoore,959,monk,mistweaver,18,10,8
Rehder,barthilas,959,monk,mistweaver,18,10,8
Cymonka,sargeras,959,monk,mistweaver,18,10,8
Miniswag,arthas,959,monk,mistweaver,24,10,14
Squaanched,emerald-dream,959,monk,mistweaver,30,10,20
Lostinmistz,tichondrius,958,monk,mistweaver,18,10,8
Songwei,barthilas,958,monk,mistweaver,18,10,8
Fisticufs,bleeding-hollow,958,monk,mistweaver,24,10,14
Wohrfnok,illidan,955,monk,mistweaver,18,10,8
Zarma,stormrage,955,monk,mistweaver,18,10,8
Wessex,sargeras,954,monk,mistweaver,18,10,8
Deadlyzz,gilneas,954,monk,mistweaver,70,37,33
Hapgido,deathwing,954,monk,mistweaver,31,14,17
Zeroskil,thrall,953,monk,mistweaver,21,13,8
Cdeez,malganis,952,monk,mistweaver,18,10,8
Brewtalitops,illidan,950,monk,mistweaver,18,10,8
Lolcutie,shandris,948,monk,mistweaver,25,12,13
Pepperoncini,korgath,947,monk,mistweaver,36,10,26
Akfourseven,barthilas,945,monk,mistweaver,69,31,38
Mortimir,echo-isles,945,monk,mistweaver,24,10,14
Mirokushan,skywall,915,monk,mistweaver,24,10,14
Monkybidness,tichondrius,910,monk,mistweaver,21,11,10
Xbrewtal,tichondrius,909,monk,mistweaver,30,17,13
Frogsarecool,stormrage,903,monk,mistweaver,28,12,16
Statue,cenarius,895,monk,mistweaver,11,10,1
Stickbundle,illidan,888,monk,mistweaver,15,11,4
Monkgyfatso,tichondrius,878,monk,mistweaver,11,10,1
Gino,proudmoore,877,monk,mistweaver,100,48,52
Kyndrïa,tichondrius,865,monk,mistweaver,42,17,25
Flicksx,arthas,864,monk,mistweaver,12,9,3
Horndog,skullcrusher,864,monk,mistweaver,12,9,3
Qtmonk,emerald-dream,864,monk,mistweaver,12,9,3
Jonnymon,sargeras,864,monk,mistweaver,12,9,3
Sâx,stormreaver,864,monk,mistweaver,12,9,3
Imnumberone,alterac-mountains,864,monk,mistweaver,12,9,3
Alternatives,sargeras,864,monk,mistweaver,12,9,3
Ggonext,wyrmrest-accord,864,monk,mistweaver,12,9,3
Mistyfisty,laughing-skull,864,monk,mistweaver,14,9,5
Kriticalkush,kelthuzad,864,monk,mistweaver,18,9,9
Sqmw,tichondrius,864,monk,mistweaver,18,9,9
Bobbytheorc,tichondrius,864,monk,mistweaver,18,9,9
Kármah,emerald-dream,864,monk,mistweaver,18,9,9
Gottí,sargeras,864,monk,mistweaver,18,9,9
Keiirah,zuluhed,864,monk,mistweaver,24,9,15
Seaja,malganis,864,monk,mistweaver,69,14,55
Hulkhogan,mugthol,863,monk,mistweaver,14,11,3
Ghðst,ragnaros,863,monk,mistweaver,12,9,3
Senseii,dathremar,863,monk,mistweaver,12,9,3
Theminivan,sargeras,863,monk,mistweaver,12,9,3
Dwãrf,tichondrius,863,monk,mistweaver,12,9,3
Tjab,kiljaeden,863,monk,mistweaver,18,9,9
Breezymist,doomhammer,863,monk,mistweaver,18,9,9
Fisetèrr,kelthuzad,863,monk,mistweaver,18,9,9
Calmemaybe,darkspear,862,monk,mistweaver,12,9,3
Kungupanda,nesingwary,862,monk,mistweaver,24,9,15
Kromrax,stormrage,862,monk,mistweaver,24,9,15
Pimpolhona,nemesis,862,monk,mistweaver,24,9,15
Odogin,tichondrius,861,monk,mistweaver,12,9,3
Göat,emerald-dream,861,monk,mistweaver,24,9,15
Palomagozzu,ragnaros,860,monk,mistweaver,12,9,3
Bobthedrag,illidan,860,monk,mistweaver,18,9,9
Jugies,emerald-dream,860,monk,mistweaver,18,9,9
Håzê,kul-tiras,860,monk,mistweaver,18,9,9
Monkqi,lightbringer,859,monk,mistweaver,12,9,3
Fludz,burning-blade,859,monk,mistweaver,24,9,15
Monkism,warsong,855,monk,mistweaver,12,9,3
Zefta,moon-guard,855,monk,mistweaver,24,9,15
Winwakamank,sargeras,855,monk,mistweaver,24,9,15
Eago,sargeras,852,monk,mistweaver,24,9,15
Bullshido,aerie-peak,851,monk,mistweaver,18,9,9
Giatzo,barthilas,851,monk,mistweaver,31,9,22
Lilbee,azjolnerub,845,monk,mistweaver,18,9,9
Sìrtankallot,stormrage,837,monk,mistweaver,32,9,23
Sihgriid,tichondrius,826,monk,mistweaver,20,10,10
Goodluck,madoran,809,monk,mistweaver,27,10,17
Jæmz,moon-guard,800,monk,mistweaver,30,9,21
Mastahp,tichondrius,797,monk,mistweaver,22,9,13
Dreamy,mugthol,769,monk,mistweaver,30,10,20
Torakigai,ghostlands,768,monk,mistweaver,12,8,4
Garg,malganis,768,monk,mistweaver,12,8,4
Scrypter,proudmoore,768,monk,mistweaver,12,8,4
Ninjachavez,tichondrius,768,monk,mistweaver,12,8,4
Tuladura,tichondrius,768,monk,mistweaver,12,8,4
Zamist,sargeras,768,monk,mistweaver,12,8,4
Pantypirate,tichondrius,768,monk,mistweaver,12,8,4
Cuckoon,malganis,768,monk,mistweaver,12,8,4
Monkzilla,tichondrius,768,monk,mistweaver,12,8,4
Yamatoqt,frostmourne,768,monk,mistweaver,12,8,4
Jiskweaver,sargeras,768,monk,mistweaver,12,8,4
Locusta,tichondrius,768,monk,mistweaver,12,8,4
Catmonk,the-forgotten-coast,768,monk,mistweaver,12,8,4
Ricearolli,area-52,768,monk,mistweaver,12,8,4
Sàìñtàsønìà,kelthuzad,768,monk,mistweaver,12,8,4
Zipmw,tichondrius,768,monk,mistweaver,12,8,4
Shquiz,sargeras,768,monk,mistweaver,12,8,4
Floka,bleeding-hollow,768,monk,mistweaver,12,8,4
Chevvyy,azshara,768,monk,mistweaver,12,8,4
Lýøp,illidan,768,monk,mistweaver,12,8,4
Furiousfrank,stormrage,768,monk,mistweaver,12,8,4
Ojarax,bleeding-hollow,768,monk,mistweaver,12,8,4
Zenox,rexxar,768,monk,mistweaver,18,8,10
Dreamscapexo,kelthuzad,768,monk,mistweaver,18,8,10
Docpalpatine,tichondrius,768,monk,mistweaver,18,8,10
Imafqnbaby,tichondrius,768,monk,mistweaver,18,8,10
Kwatann,bonechewer,768,monk,mistweaver,18,8,10
Velzarria,zuljin,768,monk,mistweaver,18,8,10
Lørðjimmy,sargeras,767,monk,mistweaver,12,8,4
Dragonwhirl,stormrage,767,monk,mistweaver,12,8,4
Cryptmist,frostmourne,767,monk,mistweaver,12,8,4
Blitzcombo,thrall,767,monk,mistweaver,12,8,4
Rileyreidfan,azjolnerub,767,monk,mistweaver,12,8,4
Jeolmyung,tichondrius,767,monk,mistweaver,12,8,4
Lenee,frostmourne,767,monk,mistweaver,12,8,4
Originalmonk,tichondrius,767,monk,mistweaver,12,8,4
Mistpowaz,stormrage,767,monk,mistweaver,12,8,4
Juchiyosamu,illidan,767,monk,mistweaver,15,8,7
Barleygar,tichondrius,767,monk,mistweaver,18,8,10
Raígon,ragnaros,767,monk,mistweaver,18,8,10
Dabnhash,emerald-dream,767,monk,mistweaver,18,8,10
Bogez,area-52,767,monk,mistweaver,18,8,10
Elfass,bleeding-hollow,767,monk,mistweaver,18,8,10
Artomist,stormrage,766,monk,mistweaver,12,8,4
Apexian,kelthuzad,766,monk,mistweaver,12,8,4
Sobuu,wyrmrest-accord,765,monk,mistweaver,12,8,4
Wzzi,tichondrius,765,monk,mistweaver,18,8,10
Orenj,boulderfist,764,monk,mistweaver,12,8,4
Scips,fizzcrank,764,monk,mistweaver,18,8,10
Gazzoxsan,chogall,764,monk,mistweaver,19,8,11
Mahhnaga,tichondrius,760,monk,mistweaver,22,9,13
Prddoss,quelthalas,745,monk,mistweaver,12,8,4
Sätsu,bleeding-hollow,735,monk,mistweaver,17,8,9
Kryflex,frostmourne,720,monk,mistweaver,15,9,6
Iluvthugnmcz,sargeras,717,monk,mistweaver,23,8,15
Raphzen,stormrage,714,monk,mistweaver,21,9,12
Karynia,illidan,712,monk,mistweaver,15,9,6
Rektfu,emerald-dream,708,monk,mistweaver,21,9,12
Diagrams,tichondrius,703,monk,mistweaver,11,8,3
Hirav,khazgoroth,697,monk,mistweaver,21,9,12
Copamine,dalaran,672,monk,mistweaver,12,7,5
Flavier,illidan,672,monk,mistweaver,12,7,5
Darong,tichondrius,672,monk,mistweaver,12,7,5
Nerf,malganis,672,monk,mistweaver,12,7,5
Mongénoio,nemesis,672,monk,mistweaver,12,7,5
Stinkycok,tichondrius,672,monk,mistweaver,12,7,5
Prisonike,bleeding-hollow,672,monk,mistweaver,12,7,5
Boorams,tichondrius,672,monk,mistweaver,12,7,5
Shefcurry,boulderfist,672,monk,mistweaver,12,7,5
Alphamist,thrall,672,monk,mistweaver,12,7,5
Noogiie,barthilas,672,monk,mistweaver,12,7,5
Knuqz,stormrage,672,monk,mistweaver,12,7,5
Ashmisty,kelthuzad,672,monk,mistweaver,12,7,5
Yujiro,draktharon,672,monk,mistweaver,12,7,5
Laggytoodope,kelthuzad,672,monk,mistweaver,12,7,5
Sharkpiggie,illidan,672,monk,mistweaver,12,7,5
Mundane,sargeras,672,monk,mistweaver,12,7,5
Saiyañ,proudmoore,672,monk,mistweaver,12,7,5
Annisokay,bleeding-hollow,672,monk,mistweaver,12,7,5
Tuesdây,wyrmrest-accord,672,monk,mistweaver,12,7,5
Aniwhy,tichondrius,672,monk,mistweaver,12,7,5
Zerker,nagrand,672,monk,mistweaver,12,7,5
Itdreams,illidan,672,monk,mistweaver,12,7,5
Yangzai,tichondrius,672,monk,mistweaver,12,7,5
Bloodyxmonk,firetree,672,monk,mistweaver,13,7,6
Fistay,burning-legion,672,monk,mistweaver,15,8,7
Beejae,tichondrius,672,monk,mistweaver,14,7,7
Èxpèrtisè,jubeithos,672,monk,mistweaver,14,7,7
Babychi,frostmourne,672,monk,mistweaver,18,7,11
Caliroll,gorefiend,672,monk,mistweaver,18,7,11
Thevy,area-52,672,monk,mistweaver,18,7,11
Monktu,frostmourne,672,monk,mistweaver,18,7,11
Kurtall,area-52,671,monk,mistweaver,12,7,5
Pappaya,tichondrius,671,monk,mistweaver,12,7,5
Touzin,bleeding-hollow,671,monk,mistweaver,12,7,5
Monkydoo,blackhand,671,monk,mistweaver,12,7,5
Alisoly,tichondrius,671,monk,mistweaver,12,7,5
Shórtlived,skullcrusher,671,monk,mistweaver,13,7,6
Táishen,wyrmrest-accord,671,monk,mistweaver,16,8,8
Soderbergh,ysera,671,monk,mistweaver,18,7,11
Bükki,ragnaros,671,monk,mistweaver,18,7,11
Chitacos,trollbane,671,monk,mistweaver,18,7,11
Diligentmonk,illidan,671,monk,mistweaver,21,8,13
Slinger,kalecgos,670,monk,mistweaver,10,8,2
Luxurys,stormrage,670,monk,mistweaver,12,7,5
Gerranni,wyrmrest-accord,670,monk,mistweaver,12,7,5
Zonianman,tichondrius,670,monk,mistweaver,18,7,11
Pandaranga,saurfang,670,monk,mistweaver,28,8,20
Wraithfire,uldum,669,monk,mistweaver,18,7,11
Djwushu,blackhand,668,monk,mistweaver,18,7,11
Balooballs,frostmourne,667,monk,mistweaver,18,7,11
Hafu,wildhammer,667,monk,mistweaver,24,7,17
Rènh,ragnaros,639,monk,mistweaver,17,7,10
Haruko,baelgun,639,monk,mistweaver,28,7,21
Tekuto,tichondrius,624,monk,mistweaver,15,7,8
Sourcandyx,area-52,624,monk,mistweaver,15,7,8
Dasubb,crushridge,623,monk,mistweaver,11,7,4
Praydoh,tichondrius,623,monk,mistweaver,11,7,4
Azz,barthilas,623,monk,mistweaver,11,7,4
Brüce,ragnaros,623,monk,mistweaver,15,7,8
Aerona,stormreaver,617,monk,mistweaver,12,8,4
Keeanuweaves,tichondrius,592,monk,mistweaver,7,7,0
Fistergand,frostwolf,576,monk,mistweaver,6,6,0
Evilbit,boulderfist,576,monk,mistweaver,6,6,0
Bowstâff,lightbringer,576,monk,mistweaver,6,6,0
Ezqueue,area-52,576,monk,mistweaver,6,6,0
Watty,zuljin,576,monk,mistweaver,6,6,0
Psypalm,zuljin,576,monk,mistweaver,6,6,0
Chrîstmas,proudmoore,576,monk,mistweaver,6,6,0
Chainwax,korgath,576,monk,mistweaver,6,6,0
Strugglebus,sargeras,576,monk,mistweaver,6,6,0
Titofresh,quelthalas,576,monk,mistweaver,12,6,6
Lumiän,area-52,576,monk,mistweaver,12,6,6
Dreamfist,emerald-dream,576,monk,mistweaver,12,6,6
Grimaku,tichondrius,576,monk,mistweaver,12,6,6
Meepmonk,tichondrius,576,monk,mistweaver,12,6,6
Sumaran,hydraxis,576,monk,mistweaver,12,6,6
Eppsmonk,tichondrius,576,monk,mistweaver,12,6,6
Chignar,dathremar,576,monk,mistweaver,12,6,6
Faccemelter,illidan,576,monk,mistweaver,12,6,6
Boppweave,tichondrius,576,monk,mistweaver,12,6,6
Aiswalle,illidan,576,monk,mistweaver,12,6,6
Bearmode,wyrmrest-accord,576,monk,mistweaver,12,6,6
Magnustavick,bleeding-hollow,576,monk,mistweaver,12,6,6
Karrigwyn,tichondrius,576,monk,mistweaver,12,6,6
Zeçe,tichondrius,576,monk,mistweaver,12,6,6
Danceofchiji,tichondrius,576,monk,mistweaver,12,6,6
Jieterchan,malganis,576,monk,mistweaver,12,6,6
Wèave,tichondrius,576,monk,mistweaver,12,6,6
Fïish,stormrage,576,monk,mistweaver,12,6,6
Transcend,nerzhul,576,monk,mistweaver,12,6,6
Khungfeu,area-52,576,monk,mistweaver,12,6,6
Vayce,barthilas,576,monk,mistweaver,12,6,6
Inkers,detheroc,576,monk,mistweaver,12,6,6
Titti,korgath,576,monk,mistweaver,12,6,6
Underpants,skullcrusher,576,monk,mistweaver,12,6,6
Pai,sargeras,576,monk,mistweaver,12,6,6
Mlngo,illidan,576,monk,mistweaver,12,6,6
Até,azralon,576,monk,mistweaver,12,6,6
Dracc,zuljin,576,monk,mistweaver,12,6,6
Comonk,area-52,576,monk,mistweaver,12,6,6
Milkshayx,kiljaeden,576,monk,mistweaver,12,6,6
Donnieyen,area-52,576,monk,mistweaver,12,6,6
Nukeproof,stormreaver,576,monk,mistweaver,12,6,6
Sharkpiglet,illidan,576,monk,mistweaver,12,6,6
Xitearith,ragnaros,576,monk,mistweaver,12,6,6
Simarity,kelthuzad,576,monk,mistweaver,18,6,12
Taelinn,moonrunner,576,monk,mistweaver,18,6,12
Fistweebin,area-52,576,monk,mistweaver,18,6,12
Stonefists,ysondre,576,monk,mistweaver,18,6,12
Edbtz,illidan,575,monk,mistweaver,12,9,3
Kung,tichondrius,575,monk,mistweaver,12,6,6
Misha,akama,575,monk,mistweaver,12,6,6
Telospateo,ragnaros,575,monk,mistweaver,12,6,6
Putisucia,nordrassil,575,monk,mistweaver,12,6,6
Nf,zuljin,575,monk,mistweaver,12,6,6
Glitchi,area-52,575,monk,mistweaver,12,6,6
Itsjohnnylol,azuremyst,575,monk,mistweaver,12,6,6
Bresmeatfore,barthilas,575,monk,mistweaver,12,6,6
Tanskee,sargeras,575,monk,mistweaver,12,6,6
Ormchi,stormrage,575,monk,mistweaver,13,6,7
Freepunchz,frostmourne,575,monk,mistweaver,18,6,12
Blorkk,area-52,574,monk,mistweaver,12,6,6
Monjepa,illidan,574,monk,mistweaver,18,6,12
Tubbytiph,ghostlands,574,monk,mistweaver,24,6,18
Dirtyshef,deathwing,574,monk,mistweaver,30,6,24
Ironfistorm,stormrage,573,monk,mistweaver,12,6,6
Mënace,skullcrusher,572,monk,mistweaver,12,6,6
Gaturis,tichondrius,572,monk,mistweaver,21,7,14
Bógus,tichondrius,571,monk,mistweaver,12,6,6
Boofie,perenolde,559,monk,mistweaver,11,6,5
Sohéi,proudmoore,559,monk,mistweaver,17,6,11
Bradyfour,moon-guard,553,monk,mistweaver,25,8,17
Mîstchievous,sargeras,544,monk,mistweaver,10,7,3
Monkeybooze,sargeras,543,monk,mistweaver,14,7,7
Domisalamii,sargeras,527,monk,mistweaver,11,6,5
Benex,tichondrius,527,monk,mistweaver,11,6,5
Ursorcen,frostmourne,526,monk,mistweaver,15,6,9
Mastamonksta,illidan,512,monk,mistweaver,16,6,10
Fonnf,nemesis,511,monk,mistweaver,8,6,2
Oldmanwalker,mannoroth,511,monk,mistweaver,11,6,5
Pinkfairy,wyrmrest-accord,480,monk,mistweaver,6,5,1
Kayflock,tichondrius,480,monk,mistweaver,6,5,1
Pinot,dragonmaw,480,monk,mistweaver,6,5,1
Woes,stormreaver,480,monk,mistweaver,6,5,1
Koyon,sargeras,480,monk,mistweaver,6,5,1
Coralys,sargeras,480,monk,mistweaver,6,5,1
Rivnn,sargeras,480,monk,mistweaver,6,5,1
Bombshellxo,illidan,480,monk,mistweaver,6,5,1
Mistwalk,tichondrius,480,monk,mistweaver,6,5,1
Omnly,stormrage,480,monk,mistweaver,6,5,1
Yuldaddy,tichondrius,480,monk,mistweaver,6,5,1
Fistlord,zuljin,480,monk,mistweaver,6,5,1
Themys,zuljin,480,monk,mistweaver,6,5,1
Møzy,tichondrius,480,monk,mistweaver,6,5,1
Stepfíster,tichondrius,480,monk,mistweaver,6,5,1
Dragonwarior,zuluhed,480,monk,mistweaver,6,5,1
Elcidw,tichondrius,480,monk,mistweaver,6,5,1
Alvinete,tichondrius,480,monk,mistweaver,6,5,1
Bootÿmagic,tichondrius,480,monk,mistweaver,6,5,1
Pungeebi,tichondrius,480,monk,mistweaver,6,5,1
Grumpî,tichondrius,480,monk,mistweaver,6,5,1
Donatello,arthas,480,monk,mistweaver,6,5,1
Zbhm,illidan,480,monk,mistweaver,6,5,1
Vitcheztein,ragnaros,480,monk,mistweaver,6,5,1
Genia,ragnaros,480,monk,mistweaver,6,5,1
Spirits,dreadmaul,480,monk,mistweaver,6,5,1
Whipllash,tichondrius,480,monk,mistweaver,12,5,7
Bigolbootay,tichondrius,480,monk,mistweaver,12,5,7
Lemmetouch,illidan,480,monk,mistweaver,12,5,7
Otzyy,turalyon,480,monk,mistweaver,12,5,7
Kaiøken,tichondrius,480,monk,mistweaver,12,5,7
Amybaby,sargeras,480,monk,mistweaver,12,5,7
Odindad,tichondrius,480,monk,mistweaver,12,5,7
Reinah,malganis,480,monk,mistweaver,12,5,7
Rosellina,kelthuzad,480,monk,mistweaver,12,5,7
Rockyßalboa,sargeras,480,monk,mistweaver,12,5,7
Eraticmonk,illidan,480,monk,mistweaver,12,5,7
Redweave,moon-guard,480,monk,mistweaver,12,5,7
Thors,gorgonnash,480,monk,mistweaver,12,5,7
Catchmemaybe,stormscale,480,monk,mistweaver,12,5,7
Ocmonk,hyjal,480,monk,mistweaver,12,5,7
Onak,illidan,480,monk,mistweaver,12,5,7
Kênpächi,rexxar,480,monk,mistweaver,12,5,7
Judo,khadgar,480,monk,mistweaver,12,5,7
Crìstiano,malganis,480,monk,mistweaver,12,5,7
Snuzzao,darkspear,480,monk,mistweaver,12,5,7
Fortyozkilla,thrall,480,monk,mistweaver,12,5,7
Gundamfish,tichondrius,480,monk,mistweaver,12,5,7
Marsha,tichondrius,480,monk,mistweaver,18,5,13
Màngø,ragnaros,480,monk,mistweaver,18,5,13
Xblingtron,malganis,480,monk,mistweaver,18,5,13
Oyyo,tichondrius,480,monk,mistweaver,18,5,13
Blackflag,queldorei,480,monk,mistweaver,18,5,13
Cckknckr,sargeras,480,monk,mistweaver,24,5,19
Halfaling,tichondrius,479,monk,mistweaver,6,5,1
Angrybrewski,tichondrius,479,monk,mistweaver,6,5,1
Wisepaw,tichondrius,479,monk,mistweaver,12,5,7
Troutz,sargeras,479,monk,mistweaver,12,5,7
Maiitoguy,illidan,479,monk,mistweaver,12,5,7
Stephani,turalyon,479,monk,mistweaver,12,5,7
Tianhu,sargeras,479,monk,mistweaver,12,5,7
Bitrau,destromath,479,monk,mistweaver,12,5,7
Annara,tichondrius,479,monk,mistweaver,12,5,7
Satchelgizmo,tichondrius,479,monk,mistweaver,18,5,13
Sahalee,emerald-dream,478,monk,mistweaver,12,5,7
Cahuun,baelgun,478,monk,mistweaver,12,5,7
Safigirl,doomhammer,478,monk,mistweaver,12,5,7
Wetspaghetti,malganis,477,monk,mistweaver,12,5,7
Bengal,arthas,447,monk,mistweaver,11,5,6
Beefdadyfist,tichondrius,440,monk,mistweaver,24,8,16
Blessedbalor,tichondrius,432,monk,mistweaver,9,5,4
Ogsimpsonn,tichondrius,432,monk,mistweaver,9,5,4
Manicata,tichondrius,431,monk,mistweaver,11,5,6
Lovechabill,darkspear,431,monk,mistweaver,11,5,6
Boomtac,moon-guard,426,monk,mistweaver,9,6,3
Obàma,tichondrius,426,monk,mistweaver,13,6,7
Monkatron,arthas,384,monk,mistweaver,6,4,2
Drunkgiraffe,zuljin,384,monk,mistweaver,6,4,2
Vynchi,area-52,384,monk,mistweaver,6,4,2
Tubescreamer,barthilas,384,monk,mistweaver,6,4,2
Lita,barthilas,384,monk,mistweaver,6,4,2
Onlythumbs,area-52,384,monk,mistweaver,6,4,2
Jâzze,zuljin,384,monk,mistweaver,6,4,2
Globalmonk,emerald-dream,384,monk,mistweaver,6,4,2
Nipfuu,maelstrom,384,monk,mistweaver,6,4,2
Rolybones,boulderfist,384,monk,mistweaver,6,4,2
Mêlon,tichondrius,384,monk,mistweaver,6,4,2
Teddybéar,illidan,384,monk,mistweaver,6,4,2
Nakiki,cenarion-circle,384,monk,mistweaver,6,4,2
Treysongz,illidan,384,monk,mistweaver,6,4,2
Keyndanlamor,sargeras,384,monk,mistweaver,6,4,2
Ludafist,whisperwind,384,monk,mistweaver,6,4,2
Nfm,cairne,384,monk,mistweaver,6,4,2
Truefists,stormrage,384,monk,mistweaver,6,4,2
Tinyboots,area-52,384,monk,mistweaver,6,4,2
Mightbewôrth,thunderhorn,384,monk,mistweaver,6,4,2
Sekushî,kelthuzad,384,monk,mistweaver,6,4,2
Zbell,sargeras,384,monk,mistweaver,6,4,2
Zenspice,stormrage,384,monk,mistweaver,6,4,2
Taichichuan,tichondrius,384,monk,mistweaver,6,4,2
Axibar,tichondrius,384,monk,mistweaver,6,4,2
Ragemore,emerald-dream,384,monk,mistweaver,6,4,2
Meisterbrew,garona,384,monk,mistweaver,6,4,2
Picklefartjr,malfurion,384,monk,mistweaver,6,4,2
Lingerer,aerie-peak,384,monk,mistweaver,6,4,2
Blpkosher,tichondrius,384,monk,mistweaver,6,4,2
Millé,frostmourne,384,monk,mistweaver,6,4,2
Howziexd,tichondrius,384,monk,mistweaver,6,4,2
Fairyeflora,hellscream,384,monk,mistweaver,6,4,2
Austinm,tichondrius,384,monk,mistweaver,6,4,2
Hornymonkale,thrall,384,monk,mistweaver,6,4,2
Kharazina,azralon,384,monk,mistweaver,6,4,2
Zac,veknilash,384,monk,mistweaver,6,4,2
Brantkicks,tichondrius,384,monk,mistweaver,6,4,2
Abird,tichondrius,384,monk,mistweaver,6,4,2
Biglinky,sargeras,384,monk,mistweaver,6,4,2
Justamönk,moon-guard,384,monk,mistweaver,6,4,2
Brewtillis,tichondrius,384,monk,mistweaver,6,4,2
Miley,lethon,384,monk,mistweaver,6,4,2
Keepcryin,gorefiend,384,monk,mistweaver,6,4,2
Dareelyst,arygos,384,monk,mistweaver,6,4,2
Mizzycash,malganis,384,monk,mistweaver,12,4,8
Madussy,zuljin,384,monk,mistweaver,12,4,8
Valkana,kelthuzad,384,monk,mistweaver,12,4,8
Sim,frostmourne,384,monk,mistweaver,12,4,8
Jhaded,tichondrius,384,monk,mistweaver,12,4,8
Crakgirl,malganis,384,monk,mistweaver,12,4,8
Macktickle,zuljin,384,monk,mistweaver,12,4,8
Pax,boulderfist,384,monk,mistweaver,12,4,8
Hoyocochino,quelthalas,384,monk,mistweaver,12,4,8
Samzo,barthilas,384,monk,mistweaver,12,4,8
Áasuna,ragnaros,384,monk,mistweaver,12,4,8
Neuron,spirestone,384,monk,mistweaver,12,4,8
Zoltwo,sargeras,384,monk,mistweaver,12,4,8
Darkeiji,stormrage,384,monk,mistweaver,12,4,8
Nicolascåge,destromath,384,monk,mistweaver,12,4,8
Nutbag,norgannon,384,monk,mistweaver,12,4,8
Eqoy,moon-guard,384,monk,mistweaver,12,4,8
Darylphilbin,emerald-dream,384,monk,mistweaver,12,4,8
Jimbojenkins,bleeding-hollow,384,monk,mistweaver,12,4,8
Sprinkli,sargeras,384,monk,mistweaver,12,4,8
Åvå,emerald-dream,384,monk,mistweaver,18,4,14
Epptwo,aggramar,383,monk,mistweaver,12,4,8
Bluemyselph,tichondrius,383,monk,mistweaver,12,4,8
Zyemell,tichondrius,383,monk,mistweaver,12,4,8
Esleif,moonrunner,383,monk,mistweaver,12,4,8
Jigong,bleeding-hollow,383,monk,mistweaver,12,4,8
Kushmintz,whisperwind,383,monk,mistweaver,12,4,8
Izgoku,frostmane,383,monk,mistweaver,18,4,14
Metalmønk,nerzhul,360,monk,mistweaver,13,7,6
Sáble,stormrage,351,monk,mistweaver,11,4,7
Kimchidelite,gorefiend,319,monk,mistweaver,5,4,1
Willowa,frostmourne,319,monk,mistweaver,8,4,4
Fiztingfaded,area-52,319,monk,mistweaver,11,4,7
Whatdaheal,darkspear,313,monk,mistweaver,26,5,21
Drkeen,frostmourne,288,monk,mistweaver,10,5,5
Karaka,ysera,288,monk,mistweaver,6,3,3
Saltyone,firetree,288,monk,mistweaver,6,3,3
Fammi,stormrage,288,monk,mistweaver,6,3,3
Ammonk,bloodhoof,288,monk,mistweaver,6,3,3
Chingu,ragnaros,288,monk,mistweaver,6,3,3
Növa,alterac-mountains,288,monk,mistweaver,6,3,3
Shinobui,jubeithos,288,monk,mistweaver,6,3,3
Austaar,frostmourne,288,monk,mistweaver,6,3,3
Imisswodxo,illidan,288,monk,mistweaver,6,3,3
Lemeta,tichondrius,288,monk,mistweaver,6,3,3
Ðreadhot,malganis,288,monk,mistweaver,6,3,3
Möösê,moon-guard,288,monk,mistweaver,6,3,3
Maripaulita,ragnaros,288,monk,mistweaver,6,3,3
Teclas,ragnaros,288,monk,mistweaver,6,3,3
Maybeyooshi,kelthuzad,288,monk,mistweaver,6,3,3
Lawroadp,tichondrius,288,monk,mistweaver,6,3,3
Zeelos,kelthuzad,288,monk,mistweaver,6,3,3
Saeloon,frostmourne,288,monk,mistweaver,6,3,3
Shredmw,tichondrius,288,monk,mistweaver,6,3,3
Sterow,kiljaeden,288,monk,mistweaver,6,3,3
Ophibrew,zuljin,288,monk,mistweaver,6,3,3
Stigzz,stormrage,288,monk,mistweaver,6,3,3
Jbonk,hyjal,288,monk,mistweaver,6,3,3
Spiritmist,sargeras,288,monk,mistweaver,6,3,3
Grogio,wyrmrest-accord,288,monk,mistweaver,6,3,3
Valelarus,doomhammer,288,monk,mistweaver,6,3,3
Fistin,laughing-skull,288,monk,mistweaver,6,3,3
Gguldduck,tichondrius,288,monk,mistweaver,6,3,3
Lindraice,illidan,288,monk,mistweaver,6,3,3
Cädemaddöx,stormrage,288,monk,mistweaver,6,3,3
Pisswalker,area-52,288,monk,mistweaver,6,3,3
Galeindra,whisperwind,288,monk,mistweaver,6,3,3
Loppjr,tichondrius,288,monk,mistweaver,6,3,3
Inebriated,auchindoun,288,monk,mistweaver,6,3,3
Aphrodîîte,area-52,288,monk,mistweaver,6,3,3
Monktease,tichondrius,288,monk,mistweaver,6,3,3
Brosiedon,sargeras,288,monk,mistweaver,6,3,3
Brews,black-dragonflight,288,monk,mistweaver,6,3,3
Zaçh,frostmane,288,monk,mistweaver,6,3,3
Quartztiger,sargeras,288,monk,mistweaver,6,3,3
Mauvem,tichondrius,288,monk,mistweaver,6,3,3
Hogarg,emerald-dream,288,monk,mistweaver,6,3,3
Fânnybâws,stormrage,288,monk,mistweaver,6,3,3
Hazelbazel,bleeding-hollow,288,monk,mistweaver,6,3,3
Graoul,thaurissan,288,monk,mistweaver,6,3,3
Pandàmonium,frostmourne,288,monk,mistweaver,6,3,3
Fijiwater,stormrage,288,monk,mistweaver,9,3,6
Kúrios,azralon,288,monk,mistweaver,10,3,7
Chilliweaver,frostmourne,288,monk,mistweaver,12,3,9
Wørm,emerald-dream,288,monk,mistweaver,12,3,9
Korvishka,malganis,288,monk,mistweaver,12,3,9
Mwtouch,nemesis,288,monk,mistweaver,12,3,9
Roloyolo,illidan,288,monk,mistweaver,12,3,9
Iamapotato,tichondrius,288,monk,mistweaver,12,3,9
Wizcaulifa,stormrage,288,monk,mistweaver,12,3,9
Vchii,tichondrius,288,monk,mistweaver,12,3,9
Holandri,moon-guard,287,monk,mistweaver,6,3,3
Rosinhood,illidan,287,monk,mistweaver,6,3,3
Shaolyyn,zuljin,287,monk,mistweaver,6,3,3
Madmoose,smolderthorn,287,monk,mistweaver,6,3,3
Deyseddia,azgalor,287,monk,mistweaver,6,3,3
Minttea,kiljaeden,287,monk,mistweaver,12,3,9
Tokkyo,frostmourne,287,monk,mistweaver,24,3,21
Lilpielover,zuljin,286,monk,mistweaver,9,4,5
Lildae,burning-legion,256,monk,mistweaver,4,4,0
Bigjuicers,bleeding-hollow,239,monk,mistweaver,5,3,2
Excitable,moon-guard,234,monk,mistweaver,8,4,4
Sputnîk,nemesis,234,monk,mistweaver,14,6,8
Zeisei,wyrmrest-accord,234,monk,mistweaver,10,4,6
Friedpanda,kelthuzad,234,monk,mistweaver,16,4,12
Gguldduk,tichondrius,192,monk,mistweaver,4,3,1
Rubntug,zuljin,192,monk,mistweaver,6,2,4
Ashenn,area-52,192,monk,mistweaver,6,2,4
Zengoku,zuljin,192,monk,mistweaver,6,2,4
Barlyfe,tichondrius,192,monk,mistweaver,6,2,4
Fortnight,emerald-dream,192,monk,mistweaver,6,2,4
Anabolicx,khazgoroth,192,monk,mistweaver,6,2,4
Bodyshot,area-52,192,monk,mistweaver,6,2,4
Melocotonn,goldrinn,192,monk,mistweaver,6,2,4
Mistbeard,aggramar,192,monk,mistweaver,6,2,4
Apparent,lightnings-blade,192,monk,mistweaver,6,2,4
Hymasterlol,tichondrius,192,monk,mistweaver,6,2,4
Wamii,tichondrius,192,monk,mistweaver,6,2,4
Acena,stormrage,192,monk,mistweaver,6,2,4
Foxmacleod,bleeding-hollow,192,monk,mistweaver,6,2,4
Privm,moonrunner,192,monk,mistweaver,6,2,4
Yanedin,dalaran,192,monk,mistweaver,6,2,4
Musachi,barthilas,192,monk,mistweaver,6,2,4
Silkymoves,tichondrius,192,monk,mistweaver,6,2,4
Taipanni,sargeras,192,monk,mistweaver,6,2,4
Krob,bleeding-hollow,192,monk,mistweaver,6,2,4
Iililiililil,stormrage,192,monk,mistweaver,6,2,4
Theriní,stormrage,192,monk,mistweaver,6,2,4
Nilonsso,sargeras,192,monk,mistweaver,6,2,4
Xanzee,area-52,192,monk,mistweaver,6,2,4
Gngrbeardman,tichondrius,192,monk,mistweaver,6,2,4
Fäded,trollbane,192,monk,mistweaver,6,2,4
Minaffection,tichondrius,192,monk,mistweaver,6,2,4
Zåz,nazgrel,192,monk,mistweaver,6,2,4
Lilknucks,bonechewer,192,monk,mistweaver,6,2,4
Fistorcstar,daggerspine,192,monk,mistweaver,6,2,4
Alandis,spinebreaker,192,monk,mistweaver,6,2,4
Skadouch,wyrmrest-accord,192,monk,mistweaver,6,2,4
Jaybum,sargeras,192,monk,mistweaver,6,2,4
Sukrit,darkspear,192,monk,mistweaver,6,2,4
Shoumi,turalyon,192,monk,mistweaver,6,2,4
Sebasu,perenolde,192,monk,mistweaver,6,2,4
Jayjaybrew,area-52,192,monk,mistweaver,6,2,4
Rockemsockem,gorefiend,192,monk,mistweaver,6,2,4
Selocke,bleeding-hollow,192,monk,mistweaver,6,2,4
Caralia,exodar,192,monk,mistweaver,6,2,4
Hugerichard,wyrmrest-accord,192,monk,mistweaver,6,2,4
Jincíe,area-52,192,monk,mistweaver,6,2,4
Jittersx,silvermoon,192,monk,mistweaver,6,2,4
Onepunch,exodar,192,monk,mistweaver,7,2,5
Coffeek,area-52,192,monk,mistweaver,8,2,6
Glowsgreenby,area-52,192,monk,mistweaver,8,2,6
Whynotec,tichondrius,192,monk,mistweaver,12,2,10
Monkik,laughing-skull,192,monk,mistweaver,12,2,10
Drfoochi,tichondrius,192,monk,mistweaver,12,2,10
Ghim,frostmourne,192,monk,mistweaver,12,2,10
Missmagda,darkspear,192,monk,mistweaver,12,2,10
Ðetroitsmash,sargeras,192,monk,mistweaver,12,2,10
Damndaniel,hyjal,192,monk,mistweaver,12,2,10
Mung,boulderfist,192,monk,mistweaver,12,2,10
Tragictea,zuljin,192,monk,mistweaver,12,2,10
Senzmist,lightbringer,191,monk,mistweaver,6,2,4
Jeme,tichondrius,191,monk,mistweaver,6,2,4
Phystweaver,malganis,175,monk,mistweaver,11,2,9
Hyugga,azralon,159,monk,mistweaver,5,2,3
Craziediemon,malganis,138,monk,mistweaver,8,3,5
ßøøstêðçhåñ,illidan,138,monk,mistweaver,9,3,6
Matsakaicin,azralon,138,monk,mistweaver,10,3,7
Vyostao,ragnaros,138,monk,mistweaver,11,3,8
Averagéjoe,tichondrius,127,monk,mistweaver,8,2,6
Figurines,sargeras,112,monk,mistweaver,7,2,5
Zrza,tichondrius,96,monk,mistweaver,6,1,5
Kungfucheeks,illidan,96,monk,mistweaver,6,1,5
Danicah,altar-of-storms,96,monk,mistweaver,6,1,5
Ezpzmonk,bloodscalp,96,monk,mistweaver,6,1,5
Súprä,stormrage,96,monk,mistweaver,6,1,5
Lainerya,moon-guard,96,monk,mistweaver,6,1,5
Lomist,nazjatar,96,monk,mistweaver,6,1,5
Charrek,zuljin,96,monk,mistweaver,6,1,5
Kenvuki,emerald-dream,96,monk,mistweaver,6,1,5
Onegai,illidan,96,monk,mistweaver,6,1,5
Börg,bleeding-hollow,96,monk,mistweaver,6,1,5
Dankestkhan,korialstrasz,96,monk,mistweaver,6,1,5
Ltsneaky,bladefist,96,monk,mistweaver,6,1,5
Stinx,ragnaros,96,monk,mistweaver,6,1,5
Stickyloads,illidan,96,monk,mistweaver,6,1,5
Kimmyfists,tichondrius,96,monk,mistweaver,6,1,5
Fatboyswag,tichondrius,96,monk,mistweaver,6,1,5
Kick,dragonmaw,96,monk,mistweaver,6,1,5
Turkeydinner,frostmourne,96,monk,mistweaver,6,1,5
Linsey,frostmourne,96,monk,mistweaver,6,1,5
Frankènmonk,illidan,96,monk,mistweaver,6,1,5
Ogmonk,skullcrusher,96,monk,mistweaver,6,1,5
Eliwenn,ragnaros,96,monk,mistweaver,12,1,11
Ghostsofur,tichondrius,96,monk,mistweaver,12,1,11
Selectra,malfurion,95,monk,mistweaver,6,1,5
Pinkgucci,thrall,79,monk,mistweaver,5,1,4
Fairymonk,frostwolf,79,monk,mistweaver,5,1,4
Clixstermonk,area-52,79,monk,mistweaver,5,1,4
Braindi,arathor,79,monk,mistweaver,5,1,4
Majinyooshi,kelthuzad,64,monk,mistweaver,4,1,3
ßiggiesmallz,barthilas,42,monk,mistweaver,6,2,4
Sivedrafely,arthas,42,monk,mistweaver,17,2,15
Daesun,quelthalas,672,monk,brewmaster,12,7,5
Worldpvp,nerzhul,672,monk,brewmaster,21,8,13
Robbo,tichondrius,288,monk,brewmaster,6,3,3
Quaria,moon-guard,288,monk,brewmaster,18,3,15
Drunkfight,zuljin,192,monk,brewmaster,18,2,16
Encry,zuljin,191,monk,brewmaster,6,2,4
Ferrarí,quelthalas,79,monk,brewmaster,11,1,10
Neighbors,sargeras,2250,monk,windwalker,91,51,40
Keyam,illidan,2208,monk,windwalker,101,54,47
Sean,nazjatar,2143,monk,windwalker,72,38,34
Senseiww,sargeras,2143,monk,windwalker,126,64,62
Thewy,tichondrius,2132,monk,windwalker,108,55,53
Cmx,sargeras,2125,monk,windwalker,172,88,84
Droguex,tichondrius,2120,monk,windwalker,156,80,76
Iílílílílílí,area-52,2101,monk,windwalker,84,43,41
Stárset,illidan,2047,monk,windwalker,90,49,41
Spotifyfan,ysera,2029,monk,windwalker,82,51,31
Pacmankr,tichondrius,2016,monk,windwalker,99,49,50
Fueld,burning-legion,2013,monk,windwalker,160,83,77
Blackpandax,tichondrius,2008,monk,windwalker,107,55,52
Vybïn,tichondrius,1980,monk,windwalker,158,83,75
Kabals,frostmourne,1967,monk,windwalker,66,34,32
Flattsww,tichondrius,1961,monk,windwalker,244,120,124
Bdw,tichondrius,1956,monk,windwalker,94,60,34
Nehji,illidan,1956,monk,windwalker,57,31,26
Hypnøtìze,frostmourne,1955,monk,windwalker,66,37,29
Wondý,quelthalas,1943,monk,windwalker,161,80,81
Jaxvisto,dalaran,1940,monk,windwalker,89,48,41
Helvectius,tichondrius,1930,monk,windwalker,132,63,69
Repbrew,sargeras,1927,monk,windwalker,69,35,34
Catgallery,tichondrius,1924,monk,windwalker,119,57,62
Lodbork,tichondrius,1918,monk,windwalker,224,118,106
Shïvïr,azralon,1908,monk,windwalker,77,40,37
Bigherosixx,tichondrius,1907,monk,windwalker,60,34,26
Napbox,bleeding-hollow,1900,monk,windwalker,62,37,25
Threnody,malganis,1891,monk,windwalker,65,33,32
Madtiger,scilla,1885,monk,windwalker,66,33,33
Alps,darkspear,1884,monk,windwalker,30,20,10
Wwlékinhø,azralon,1882,monk,windwalker,42,26,16
Weathermanxv,kelthuzad,1882,monk,windwalker,80,34,46
Touchofdeáth,stormrage,1880,monk,windwalker,95,51,44
Baddi,uldum,1874,monk,windwalker,82,41,41
Rytes,moon-guard,1871,monk,windwalker,132,65,67
Serthean,illidan,1863,monk,windwalker,128,64,64
Yuujitsu,sargeras,1854,monk,windwalker,54,30,24
Tschi,illidan,1844,monk,windwalker,42,29,13
Rickybobbyx,vashj,1840,monk,windwalker,60,30,30
Kuranchi,sargeras,1836,monk,windwalker,42,23,19
Fatal,bonechewer,1835,monk,windwalker,52,30,22
Conngaline,stormreaver,1835,monk,windwalker,144,66,78
Inbu,tichondrius,1833,monk,windwalker,69,30,39
Edenx,sargeras,1825,monk,windwalker,42,23,19
Nelariah,wyrmrest-accord,1822,monk,windwalker,59,28,31
Sentomaru,bleeding-hollow,1820,monk,windwalker,66,33,33
Smokechief,hyjal,1813,monk,windwalker,42,25,17
Allmight,wyrmrest-accord,1812,monk,windwalker,99,54,45
Turbofist,bleeding-hollow,1803,monk,windwalker,42,25,17
Sunfistway,sargeras,1792,monk,windwalker,62,37,25
Yerky,stormrage,1789,monk,windwalker,42,24,18
Maozhën,tichondrius,1786,monk,windwalker,42,23,19
Cuteirl,tichondrius,1785,monk,windwalker,24,19,5
Frootsmoothi,thrall,1780,monk,windwalker,47,23,24
Omnly,stormrage,1762,monk,windwalker,42,21,21
Crashandflow,zuljin,1757,monk,windwalker,36,20,16
Jükedx,stormrage,1756,monk,windwalker,85,52,33
Mechamonk,aerie-peak,1747,monk,windwalker,85,37,48
Bruceteå,area-52,1744,monk,windwalker,36,19,17
Zynflex,tichondrius,1743,monk,windwalker,59,27,32
Lopez,sargeras,1741,monk,windwalker,42,26,16
Lker,sargeras,1740,monk,windwalker,60,31,29
Windmónk,tichondrius,1738,monk,windwalker,66,34,32
Xanaxåddict,sargeras,1736,monk,windwalker,104,51,53
Pandagirlw,tichondrius,1735,monk,windwalker,72,43,29
Chopt,zuljin,1735,monk,windwalker,48,25,23
Ambal,hellscream,1734,monk,windwalker,55,32,23
Jasey,area-52,1729,monk,windwalker,29,21,8
Dzq,stormrage,1723,monk,windwalker,48,27,21
Khawai,sargeras,1720,monk,windwalker,36,23,13
Boostedww,bloodscalp,1720,monk,windwalker,48,25,23
Monkatron,arthas,1718,monk,windwalker,65,30,35
Rockyßalboa,sargeras,1715,monk,windwalker,75,43,32
Guylian,tichondrius,1710,monk,windwalker,41,20,21
Titanus,chogall,1709,monk,windwalker,241,126,115
Wolffangfist,sargeras,1695,monk,windwalker,69,42,27
Jåðëðrägøñ,sargeras,1688,monk,windwalker,55,31,24
Bamron,fizzcrank,1686,monk,windwalker,101,52,49
Shids,barthilas,1686,monk,windwalker,47,22,25
Vanmonk,eonar,1681,monk,windwalker,36,18,18
Zenigma,area-52,1670,monk,windwalker,45,24,21
Dea,thrall,1670,monk,windwalker,84,43,41
Hèllòkîttý,illidan,1666,monk,windwalker,30,19,11
Fistnu,aggramar,1665,monk,windwalker,71,45,26
Hæt,stormrage,1665,monk,windwalker,48,23,25
Screwz,tichondrius,1661,monk,windwalker,40,20,20
Liamllama,barthilas,1659,monk,windwalker,42,22,20
Hotwatertank,area-52,1658,monk,windwalker,48,29,19
Fuqmeh,darkspear,1649,monk,windwalker,36,19,17
Monkgyatso,drakthul,1646,monk,windwalker,60,29,31
Haharetsdead,illidan,1645,monk,windwalker,83,46,37
Foxchik,zuljin,1641,monk,windwalker,76,42,34
Xradu,dawnbringer,1639,monk,windwalker,54,36,18
Rakije,barthilas,1639,monk,windwalker,42,27,15
Galaxystrike,illidan,1638,monk,windwalker,36,20,16
Jigong,bleeding-hollow,1620,monk,windwalker,42,23,19
Homun,tichondrius,1619,monk,windwalker,41,20,21
Karelio,wyrmrest-accord,1619,monk,windwalker,48,22,26
Aidenww,area-52,1618,monk,windwalker,24,17,7
Pankekz,tichondrius,1618,monk,windwalker,66,33,33
Jbills,muradin,1617,monk,windwalker,53,32,21
Corsan,illidan,1616,monk,windwalker,42,30,12
Hadoukeñ,thrall,1616,monk,windwalker,41,22,19
Euman,sargeras,1613,monk,windwalker,36,21,15
Takkeya,zuljin,1613,monk,windwalker,36,20,16
Sonsia,arthas,1610,monk,windwalker,76,46,30
Kagebunshin,kelthuzad,1605,monk,windwalker,30,19,11
Snebyos,tichondrius,1605,monk,windwalker,36,22,14
Tôpsônworld,tichondrius,1604,monk,windwalker,36,22,14
Flyingfury,illidan,1604,monk,windwalker,54,25,29
Bruhmesoftly,thrall,1601,monk,windwalker,54,31,23
Ronk,the-forgotten-coast,1600,monk,windwalker,30,17,13
Rigi,stormrage,1600,monk,windwalker,59,23,36
Dirtypunch,proudmoore,1598,monk,windwalker,42,19,23
Windwalker,blackhand,1597,monk,windwalker,35,19,16
Oxli,emerald-dream,1593,monk,windwalker,34,19,15
Lingerer,aerie-peak,1593,monk,windwalker,110,57,53
Marcusm,bleeding-hollow,1592,monk,windwalker,33,20,13
Surgarush,moon-guard,1592,monk,windwalker,106,64,42
Reprap,elune,1582,monk,windwalker,58,33,25
Robbo,tichondrius,1580,monk,windwalker,36,18,18
Wonderx,darkspear,1579,monk,windwalker,30,20,10
Råii,sargeras,1579,monk,windwalker,30,20,10
Copenfist,black-dragonflight,1578,monk,windwalker,36,21,15
Dïsturbedtko,azralon,1578,monk,windwalker,42,20,22
Kogoli,frostwolf,1575,monk,windwalker,84,38,46
Hagano,drakkari,1573,monk,windwalker,59,33,26
Unlike,tichondrius,1566,monk,windwalker,84,40,44
Zaabuza,azralon,1552,monk,windwalker,30,25,5
Fistnafurry,tichondrius,1550,monk,windwalker,42,21,21
Nagato,nemesis,1545,monk,windwalker,23,17,6
Chingu,ragnaros,1543,monk,windwalker,123,59,64
Dabzin,stormrage,1536,monk,windwalker,73,39,34
Odi,stonemaul,1535,monk,windwalker,89,42,47
Maomaogun,tichondrius,1533,monk,windwalker,18,16,2
Çraßsßùrgêr,bonechewer,1533,monk,windwalker,24,16,8
Kutz,proudmoore,1526,monk,windwalker,61,30,31
Shishosenin,quelthalas,1523,monk,windwalker,108,51,57
Byakugun,wyrmrest-accord,1522,monk,windwalker,36,21,15
Vai,korgath,1522,monk,windwalker,30,16,14
Naagg,tichondrius,1521,monk,windwalker,30,16,14
Yoshifistsu,malganis,1521,monk,windwalker,54,26,28
Dumplíngs,emerald-dream,1521,monk,windwalker,44,17,27
Odogin,tichondrius,1520,monk,windwalker,65,42,23
Therapeutics,moon-guard,1517,monk,windwalker,72,31,41
Bløødÿ,ragnaros,1516,monk,windwalker,21,17,4
Göllyjee,tichondrius,1516,monk,windwalker,72,30,42
Rockemsockem,gorefiend,1515,monk,windwalker,84,46,38
Cpapi,sargeras,1512,monk,windwalker,42,17,25
Sgarbossa,tortheldrin,1509,monk,windwalker,42,16,26
Arizøna,illidan,1507,monk,windwalker,80,44,36
Mastashaolin,kelthuzad,1506,monk,windwalker,30,16,14
Themanski,area-52,1504,monk,windwalker,30,16,14
Geekweek,frostmourne,1503,monk,windwalker,30,17,13
Harde,thrall,1492,monk,windwalker,65,29,36
Muritors,ragnaros,1488,monk,windwalker,30,16,14
Varn,frostmourne,1488,monk,windwalker,74,35,39
Banyasong,tichondrius,1468,monk,windwalker,30,17,13
Showshoway,tichondrius,1467,monk,windwalker,42,18,24
Mastahp,tichondrius,1457,monk,windwalker,42,23,19
Tyroneßanks,stormrage,1456,monk,windwalker,30,17,13
Jerax,thunderlord,1456,monk,windwalker,69,35,34
Lickthefist,sargeras,1445,monk,windwalker,24,16,8
Lavinci,area-52,1437,monk,windwalker,30,15,15
Npepper,khadgar,1437,monk,windwalker,40,17,23
Larryjonés,area-52,1436,monk,windwalker,36,15,21
Jegann,tichondrius,1435,monk,windwalker,86,38,48
Fistys,area-52,1433,monk,windwalker,117,60,57
Katsübooy,azralon,1431,monk,windwalker,203,104,99
Bakedmonk,smolderthorn,1431,monk,windwalker,30,15,15
Elfoverde,stormrage,1430,monk,windwalker,24,15,9
Astrofu,tichondrius,1429,monk,windwalker,58,25,33
Pinot,dragonmaw,1427,monk,windwalker,36,15,21
Pokinpooters,stormrage,1424,monk,windwalker,54,24,30
Simonb,tichondrius,1415,monk,windwalker,30,15,15
Shlumpuh,tichondrius,1412,monk,windwalker,36,16,20
Druta,illidan,1404,monk,windwalker,18,15,3
Mists,velen,1393,monk,windwalker,30,15,15
Milkychi,frostmourne,1392,monk,windwalker,40,15,25
Iminglee,area-52,1391,monk,windwalker,23,15,8
Backfliptime,ragnaros,1383,monk,windwalker,34,19,15
Pepepunch,bleeding-hollow,1381,monk,windwalker,36,15,21
Brewmaker,sargeras,1372,monk,windwalker,46,22,24
Killmachine,farstriders,1368,monk,windwalker,87,41,46
Tassmonk,hyjal,1367,monk,windwalker,36,17,19
Daracus,kelthuzad,1364,monk,windwalker,26,18,8
Bluntdoctor,stormreaver,1361,monk,windwalker,60,22,38
Kriticalkush,kelthuzad,1353,monk,windwalker,24,17,7
Sarious,lightbringer,1350,monk,windwalker,115,62,53
Owned,dreadmaul,1349,monk,windwalker,36,23,13
Gún,ragnaros,1344,monk,windwalker,72,34,38
Furiamvp,stormrage,1343,monk,windwalker,24,14,10
Daslow,quelthalas,1343,monk,windwalker,78,38,40
Zuì,sargeras,1342,monk,windwalker,24,14,10
Karmerr,proudmoore,1339,monk,windwalker,30,14,16
Pangpoong,tichondrius,1339,monk,windwalker,45,20,25
Jümmy,area-52,1338,monk,windwalker,30,14,16
Fistyuh,illidan,1335,monk,windwalker,18,14,4
Tnsnow,illidan,1335,monk,windwalker,24,14,10
Zenluckydo,grizzly-hills,1334,monk,windwalker,24,14,10
Ghaelessi,senjin,1334,monk,windwalker,53,30,23
Garmakasmonk,skullcrusher,1329,monk,windwalker,28,17,11
Trapeez,kelthuzad,1326,monk,windwalker,58,32,26
Saltystepbro,illidan,1323,monk,windwalker,24,14,10
Kawasakii,tichondrius,1321,monk,windwalker,94,44,50
Acharä,tichondrius,1305,monk,windwalker,36,20,16
Goonkeg,frostmourne,1304,monk,windwalker,30,14,16
Anarska,thrall,1303,monk,windwalker,64,31,33
Zionk,tichondrius,1298,monk,windwalker,18,14,4
Smoothboxing,tichondrius,1293,monk,windwalker,72,39,33
Dodried,ragnaros,1290,monk,windwalker,52,24,28
Fanetö,stormrage,1283,monk,windwalker,48,15,33
Sleýin,tichondrius,1280,monk,windwalker,36,15,21
Hinakii,dalaran,1267,monk,windwalker,54,22,32
Zettelkasten,tichondrius,1266,monk,windwalker,42,21,21
Tino,kelthuzad,1264,monk,windwalker,42,22,20
Weezzyboi,tichondrius,1263,monk,windwalker,42,22,20
Kungfüsed,stormrage,1260,monk,windwalker,24,14,10
Gurda,wyrmrest-accord,1260,monk,windwalker,48,24,24
Tianhu,sargeras,1256,monk,windwalker,24,14,10
Opmother,elune,1252,monk,windwalker,35,19,16
Hamyu,illidan,1247,monk,windwalker,30,15,15
Percentx,tichondrius,1247,monk,windwalker,30,13,17
Prostotak,area-52,1246,monk,windwalker,18,13,5
Pamii,quelthalas,1246,monk,windwalker,36,13,23
Båshkin,terenas,1245,monk,windwalker,42,19,23
Nightww,area-52,1241,monk,windwalker,24,13,11
Napoleonic,vashj,1239,monk,windwalker,18,13,5
Xiaowën,nemesis,1226,monk,windwalker,37,16,21
Ruckm,stormrage,1225,monk,windwalker,24,13,11
Stickyloads,illidan,1220,monk,windwalker,72,33,39
Wutangkillaß,kiljaeden,1214,monk,windwalker,30,13,17
Razielic,frostmourne,1207,monk,windwalker,36,15,21
Ofn,moon-guard,1202,monk,windwalker,96,45,51
Xéia,area-52,1201,monk,windwalker,60,23,37
Ohgiddyttv,dalaran,1188,monk,windwalker,36,13,23
Screwballz,blackrock,1187,monk,windwalker,45,14,31
Yrn,crushridge,1175,monk,windwalker,24,13,11
Healzpapi,tichondrius,1170,monk,windwalker,24,13,11
Torkscrew,bleeding-hollow,1152,monk,windwalker,18,12,6
Linkya,daggerspine,1152,monk,windwalker,22,14,8
Xedou,azralon,1151,monk,windwalker,18,12,6
Pikotaro,tichondrius,1150,monk,windwalker,24,12,12
Leehofook,azshara,1143,monk,windwalker,54,23,31
Tigerstrikes,sargeras,1142,monk,windwalker,18,12,6
Shôckley,tichondrius,1142,monk,windwalker,24,12,12
Kandinarra,jubeithos,1138,monk,windwalker,28,16,12
Milktank,medivh,1137,monk,windwalker,53,31,22
Eavale,destromath,1135,monk,windwalker,24,12,12
Kfpeeves,sargeras,1134,monk,windwalker,30,15,15
Sleepÿ,area-52,1130,monk,windwalker,54,18,36
Shinaniganz,chogall,1128,monk,windwalker,42,17,25
Jacquelline,moon-guard,1127,monk,windwalker,24,12,12
Stigzz,stormrage,1118,monk,windwalker,23,12,11
Jimothydab,lightbringer,1117,monk,windwalker,23,12,11
Imonkalot,destromath,1111,monk,windwalker,43,17,26
Fitmonje,drakkari,1108,monk,windwalker,28,13,15
Moopdahoop,stormrage,1096,monk,windwalker,25,15,10
Astteell,proudmoore,1089,monk,windwalker,39,13,26
Drektarz,area-52,1085,monk,windwalker,75,33,42
Ojiin,wyrmrest-accord,1079,monk,windwalker,24,13,11
Quanon,stormreaver,1071,monk,windwalker,33,14,19
Hím,garrosh,1065,monk,windwalker,19,12,7
Sultanofwind,malganis,1056,monk,windwalker,18,11,7
Xyän,bleeding-hollow,1056,monk,windwalker,18,11,7
Mikeyx,area-52,1056,monk,windwalker,18,11,7
Sandii,azralon,1056,monk,windwalker,48,28,20
Yavaxye,stormrage,1056,monk,windwalker,24,11,13
Baconbiscuit,area-52,1056,monk,windwalker,24,11,13
Rubntug,zuljin,1055,monk,windwalker,18,11,7
Songokusan,thrall,1055,monk,windwalker,18,11,7
Jdanîel,ragnaros,1055,monk,windwalker,24,11,13
Calmpunchman,mannoroth,1055,monk,windwalker,24,11,13
Jamut,stormrage,1055,monk,windwalker,36,11,25
Monkamax,tichondrius,1054,monk,windwalker,18,11,7
Daddyrugburn,area-52,1052,monk,windwalker,18,11,7
Bonflur,quelthalas,1051,monk,windwalker,126,62,64
Chowlaos,coilfang,1048,monk,windwalker,18,11,7
Mcwallets,moon-guard,1048,monk,windwalker,48,22,26
Chaosrose,area-52,1044,monk,windwalker,18,11,7
Lexivixi,khazgoroth,1044,monk,windwalker,24,12,12
Tremonk,kelthuzad,1043,monk,windwalker,18,11,7
Rbs,tichondrius,1041,monk,windwalker,36,11,25
Shinjiki,tichondrius,1039,monk,windwalker,23,11,12
Jnx,emerald-dream,1038,monk,windwalker,24,11,13
Arshavin,skullcrusher,1038,monk,windwalker,30,11,19
Mcnipple,moonrunner,1036,monk,windwalker,18,11,7
Rollsroycist,trollbane,1032,monk,windwalker,37,23,14
Steenkk,tichondrius,1023,monk,windwalker,24,11,13
Marstol,bleeding-hollow,1020,monk,windwalker,18,11,7
Natintell,drakkari,976,monk,windwalker,30,12,18
Senritsuh,drakkari,974,monk,windwalker,28,11,17
Wind,misha,972,monk,windwalker,13,11,2
Syerzie,dalaran,970,monk,windwalker,33,15,18
Aýre,ravencrest,960,monk,windwalker,12,10,2
Shadmtwo,tichondrius,960,monk,windwalker,12,10,2
Fettywhopper,kaelthas,960,monk,windwalker,12,10,2
Zhoku,tichondrius,960,monk,windwalker,12,10,2
Telospateo,ragnaros,960,monk,windwalker,18,10,8
Mikephoenix,tichondrius,960,monk,windwalker,18,10,8
Innerverse,tichondrius,960,monk,windwalker,18,10,8
Bearface,blades-edge,960,monk,windwalker,24,10,14
Dwarfmonk,tichondrius,960,monk,windwalker,24,10,14
Domiik,ragnaros,959,monk,windwalker,18,10,8
Quanyaozu,ragnaros,959,monk,windwalker,18,10,8
Akanq,tichondrius,959,monk,windwalker,18,10,8
Squidie,tichondrius,959,monk,windwalker,30,10,20
Creonus,proudmoore,958,monk,windwalker,18,10,8
Mônkdunk,daggerspine,957,monk,windwalker,18,10,8
Tenshu,runetotem,957,monk,windwalker,18,10,8
Avz,azralon,957,monk,windwalker,24,10,14
Megatraun,tichondrius,953,monk,windwalker,18,10,8
Xìðñ,moon-guard,952,monk,windwalker,18,10,8
Alcaquito,goldrinn,950,monk,windwalker,18,10,8
Judo,agamaggan,943,monk,windwalker,27,11,16
Brewzllee,tichondrius,942,monk,windwalker,60,29,31
Tobearus,stormscale,939,monk,windwalker,24,11,13
Nutcrakerz,tichondrius,935,monk,windwalker,24,13,11
Anavara,drakkari,930,monk,windwalker,24,10,14
Brewbaker,hyjal,925,monk,windwalker,16,10,6
Rïggen,thrall,893,monk,windwalker,17,10,7
Ipmán,moon-guard,892,monk,windwalker,41,18,23
Monkii,bonechewer,890,monk,windwalker,15,11,4
Scarlos,tichondrius,884,monk,windwalker,144,66,78
Rhyskrispiez,sargeras,864,monk,windwalker,12,9,3
Poormanx,illidan,864,monk,windwalker,12,9,3
Danimalz,stormrage,864,monk,windwalker,12,9,3
Garypool,emerald-dream,864,monk,windwalker,15,9,6
Phistea,area-52,864,monk,windwalker,18,9,9
Jaige,illidan,864,monk,windwalker,18,9,9
Molta,tichondrius,864,monk,windwalker,18,9,9
Shaszx,zuljin,864,monk,windwalker,18,9,9
Lolqtxd,sargeras,864,monk,windwalker,18,9,9
Fátë,tichondrius,864,monk,windwalker,24,9,15
Tmjojo,tichondrius,864,monk,windwalker,24,9,15
Chiang,chogall,864,monk,windwalker,24,9,15
Thåi,anubarak,864,monk,windwalker,24,9,15
Bükki,ragnaros,863,monk,windwalker,12,9,3
Stepsista,sargeras,863,monk,windwalker,18,9,9
Helicopter,borean-tundra,863,monk,windwalker,18,9,9
Píñg,area-52,863,monk,windwalker,24,9,15
Chingwang,frostmourne,862,monk,windwalker,12,9,3
Somethingre,sargeras,862,monk,windwalker,12,9,3
Duwhack,wyrmrest-accord,862,monk,windwalker,18,9,9
Romeonjuliet,tichondrius,859,monk,windwalker,18,9,9
Wwmonks,sargeras,857,monk,windwalker,12,9,3
Acindian,malganis,853,monk,windwalker,18,9,9
Agroétudo,azralon,838,monk,windwalker,18,9,9
Sébástián,drakkari,832,monk,windwalker,24,10,14
Thekilla,aegwynn,827,monk,windwalker,18,9,9
Silvopanda,azralon,814,monk,windwalker,35,10,25
Bradyfour,moon-guard,812,monk,windwalker,17,9,8
Drakfu,tichondrius,806,monk,windwalker,21,10,11
Rykouu,area-52,784,monk,windwalker,19,9,10
Hitchslapz,tichondrius,783,monk,windwalker,13,9,4
Facekandy,tichondrius,768,monk,windwalker,10,9,1
Mcbluffin,onyxia,768,monk,windwalker,12,8,4
Xølik,draenor,768,monk,windwalker,12,8,4
Micai,thrall,768,monk,windwalker,12,8,4
Marçi,moon-guard,768,monk,windwalker,12,8,4
Zoomerxd,stormrage,768,monk,windwalker,12,8,4
Slimcognito,zuljin,768,monk,windwalker,18,8,10
Taggz,thunderlord,768,monk,windwalker,18,8,10
Hitt,barthilas,768,monk,windwalker,18,8,10
Rerolled,moon-guard,768,monk,windwalker,18,8,10
Mahatmä,dalaran,768,monk,windwalker,18,8,10
Stepfistz,aegwynn,768,monk,windwalker,18,8,10
Monke,onyxia,768,monk,windwalker,24,8,16
Ezpzmonk,bloodscalp,767,monk,windwalker,15,9,6
Niked,tichondrius,767,monk,windwalker,18,8,10
Saiyajinsoul,ragnaros,767,monk,windwalker,18,8,10
Zukki,zuljin,767,monk,windwalker,18,8,10
Anatomyx,kelthuzad,766,monk,windwalker,12,8,4
Finesse,frostwolf,766,monk,windwalker,12,8,4
Nf,zuljin,766,monk,windwalker,12,8,4
Angerday,illidan,765,monk,windwalker,18,8,10
Shocclol,stormrage,764,monk,windwalker,15,9,6
Boldyr,sargeras,764,monk,windwalker,18,8,10
Dazzler,ragnaros,764,monk,windwalker,24,8,16
Natus,greymane,763,monk,windwalker,18,8,10
Extinctión,stormscale,762,monk,windwalker,12,8,4
Ryucko,azralon,761,monk,windwalker,12,8,4
Hehex,bleeding-hollow,751,monk,windwalker,17,8,9
Deadlyfist,stormrage,729,monk,windwalker,23,8,15
Bakha,illidan,703,monk,windwalker,11,8,3
Shiphappens,barthilas,672,monk,windwalker,12,7,5
Ristion,moon-guard,672,monk,windwalker,12,7,5
Ázão,stormrage,672,monk,windwalker,12,7,5
Yoojimin,kiljaeden,672,monk,windwalker,12,7,5
Dragonwhirl,stormrage,672,monk,windwalker,12,7,5
Porxhub,tichondrius,672,monk,windwalker,12,7,5
Gigagirth,emerald-dream,672,monk,windwalker,12,7,5
Richywayne,bleeding-hollow,672,monk,windwalker,12,7,5
Bramicaye,malganis,672,monk,windwalker,12,7,5
Wizcaulifa,stormrage,672,monk,windwalker,12,7,5
Goldfornudez,area-52,672,monk,windwalker,12,7,5
Duhäst,sargeras,672,monk,windwalker,12,7,5
Fimeu,kiljaeden,672,monk,windwalker,12,7,5
Kudrix,frostwolf,672,monk,windwalker,12,7,5
Tokyozesty,area-52,672,monk,windwalker,12,7,5
Vuadeira,azralon,672,monk,windwalker,12,7,5
Verizani,stormrage,672,monk,windwalker,18,7,11
Awcfanboy,bleeding-hollow,672,monk,windwalker,21,8,13
Judgevr,frostmourne,672,monk,windwalker,23,8,15
Onepunch,exodar,671,monk,windwalker,12,7,5
Keys,earthen-ring,671,monk,windwalker,12,7,5
Quietbegger,sargeras,671,monk,windwalker,12,7,5
Omimonk,sargeras,671,monk,windwalker,12,7,5
Shianjuo,ragnaros,671,monk,windwalker,18,7,11
Chuchinga,tichondrius,670,monk,windwalker,13,8,5
Cryptique,tichondrius,670,monk,windwalker,12,7,5
Loadedfries,frostmourne,670,monk,windwalker,12,7,5
Minusmonk,dalaran,670,monk,windwalker,12,7,5
Rufaso,sargeras,670,monk,windwalker,18,7,11
Samaelsin,emerald-dream,670,monk,windwalker,24,7,17
Kuungfoo,tichondrius,667,monk,windwalker,12,7,5
Hyun,stormrage,666,monk,windwalker,12,7,5
Kush,dalvengyr,665,monk,windwalker,12,7,5
Kómugi,area-52,638,monk,windwalker,17,7,10
Skymonge,stormrage,607,monk,windwalker,14,7,7
Sistafistaa,akama,606,monk,windwalker,14,7,7
Bussÿ,area-52,591,monk,windwalker,11,7,4
Srýbrø,illidan,576,monk,windwalker,6,6,0
Veso,tichondrius,576,monk,windwalker,6,6,0
Monkfy,moon-guard,576,monk,windwalker,6,6,0
Griswolld,ragnaros,576,monk,windwalker,6,6,0
Miýagi,sargeras,576,monk,windwalker,6,6,0
Makgøra,malganis,576,monk,windwalker,6,6,0
Hòlygòd,dalaran,576,monk,windwalker,12,6,6
Tulalong,area-52,576,monk,windwalker,12,6,6
Thalreyzian,vashj,576,monk,windwalker,12,6,6
Affected,lightninghoof,576,monk,windwalker,12,6,6
Tahs,azralon,576,monk,windwalker,12,6,6
Sterow,kiljaeden,576,monk,windwalker,12,6,6
Silvyrx,boulderfist,576,monk,windwalker,12,6,6
Vandamme,durotan,576,monk,windwalker,12,6,6
Ludanford,eitrigg,576,monk,windwalker,12,6,6
Metalmønk,nerzhul,576,monk,windwalker,12,6,6
Xua,sargeras,576,monk,windwalker,12,6,6
Monksoon,tichondrius,576,monk,windwalker,12,6,6
Artam,thrall,576,monk,windwalker,12,6,6
Jaspier,quelthalas,576,monk,windwalker,12,6,6
Xuenfu,tichondrius,576,monk,windwalker,12,6,6
Gójó,tichondrius,576,monk,windwalker,12,6,6
Creamchop,stormreaver,576,monk,windwalker,12,6,6
Pipochen,ragnaros,576,monk,windwalker,12,6,6
Kinkykyle,emerald-dream,576,monk,windwalker,12,6,6
Sínsayer,tichondrius,576,monk,windwalker,12,6,6
Tinypunch,emerald-dream,576,monk,windwalker,12,6,6
Neejitsu,malganis,576,monk,windwalker,12,6,6
Forthekicks,tichondrius,576,monk,windwalker,19,8,11
Hîddènsõündx,tichondrius,576,monk,windwalker,18,6,12
Monjimen,ragnaros,576,monk,windwalker,18,6,12
Káizen,area-52,576,monk,windwalker,18,6,12
Awsmonk,malygos,576,monk,windwalker,18,6,12
Ahrk,emerald-dream,576,monk,windwalker,30,6,24
Kalrsk,frostmourne,575,monk,windwalker,12,6,6
Rowenoa,tichondrius,575,monk,windwalker,18,6,12
Linwong,garithos,574,monk,windwalker,12,6,6
Mynamegeorge,area-52,572,monk,windwalker,12,6,6
Tøxicø,quelthalas,572,monk,windwalker,16,7,9
Shindoro,bonechewer,521,monk,windwalker,16,10,6
Onepunchman,quelthalas,480,monk,windwalker,6,5,1
Miresa,kelthuzad,480,monk,windwalker,6,5,1
Poem,grizzly-hills,480,monk,windwalker,6,5,1
Yenjung,azralon,480,monk,windwalker,6,5,1
Varimå,area-52,480,monk,windwalker,6,5,1
Tews,quelthalas,480,monk,windwalker,6,5,1
Nitrobrewed,stormrage,480,monk,windwalker,6,5,1
Kimmyfists,tichondrius,480,monk,windwalker,6,5,1
Hennyww,dalaran,480,monk,windwalker,6,5,1
Iloveabby,sargeras,480,monk,windwalker,6,5,1
Muhli,kiljaeden,480,monk,windwalker,6,5,1
Monkskiiz,tichondrius,480,monk,windwalker,6,5,1
Shevchenkô,quelthalas,480,monk,windwalker,6,5,1
Lilpøøter,tichondrius,480,monk,windwalker,6,5,1
Xunzao,emerald-dream,480,monk,windwalker,6,5,1
Pleasetouch,emerald-dream,480,monk,windwalker,6,5,1
Pikadejegue,nemesis,480,monk,windwalker,6,5,1
Orkmonk,tichondrius,480,monk,windwalker,6,5,1
Tyrus,kelthuzad,480,monk,windwalker,9,5,4
Ragraxx,quelthalas,480,monk,windwalker,12,5,7
Stevezee,barthilas,480,monk,windwalker,12,5,7
Djjackyd,stormrage,480,monk,windwalker,12,5,7
Zhíu,ragnaros,480,monk,windwalker,12,5,7
Akrethar,medivh,480,monk,windwalker,12,5,7
Valdur,sargeras,480,monk,windwalker,12,5,7
Ddoongmonk,tichondrius,480,monk,windwalker,12,5,7
Izu,senjin,480,monk,windwalker,12,5,7
Zadaa,alleria,480,monk,windwalker,12,5,7
Ferknights,moon-guard,480,monk,windwalker,12,5,7
Shírÿu,azralon,480,monk,windwalker,12,5,7
Mepepegaclap,malganis,480,monk,windwalker,12,5,7
Pepeloser,illidan,480,monk,windwalker,12,5,7
Tenkix,zuljin,480,monk,windwalker,12,5,7
Plagai,fizzcrank,480,monk,windwalker,12,5,7
Rocketfrogg,bleeding-hollow,480,monk,windwalker,12,5,7
Güwop,tichondrius,480,monk,windwalker,12,5,7
Aydowon,illidan,480,monk,windwalker,12,5,7
Lokimana,zuljin,480,monk,windwalker,12,5,7
Butjaum,stormrage,480,monk,windwalker,16,6,10
Gabaan,azralon,480,monk,windwalker,18,5,13
Jatzai,emerald-dream,480,monk,windwalker,22,5,17
Kiukiukiu,tichondrius,479,monk,windwalker,12,5,7
Tzidkiyahu,barthilas,478,monk,windwalker,6,5,1
Kilabit,azshara,476,monk,windwalker,12,5,7
Mcmaplol,tichondrius,447,monk,windwalker,11,5,6
Kungxxl,kiljaeden,415,monk,windwalker,8,5,3
Barleygar,tichondrius,384,monk,windwalker,6,4,2
Aedalithe,stormrage,384,monk,windwalker,6,4,2
Iarw,tichondrius,384,monk,windwalker,6,4,2
Liucang,archimonde,384,monk,windwalker,6,4,2
Fiddletix,stormrage,384,monk,windwalker,6,4,2
Vernki,laughing-skull,384,monk,windwalker,6,4,2
Xoir,tichondrius,384,monk,windwalker,6,4,2
Xulieng,tichondrius,384,monk,windwalker,6,4,2
Livitsu,aerie-peak,384,monk,windwalker,6,4,2
Pathad,stormrage,384,monk,windwalker,6,4,2
Azizyzz,barthilas,384,monk,windwalker,6,4,2
Kiggo,bonechewer,384,monk,windwalker,6,4,2
Convectuoso,illidan,384,monk,windwalker,6,4,2
Sistuhfista,tichondrius,384,monk,windwalker,6,4,2
Gorton,lightbringer,384,monk,windwalker,6,4,2
Champoo,executus,384,monk,windwalker,6,4,2
Gothamonk,tichondrius,384,monk,windwalker,6,4,2
Molific,gurubashi,384,monk,windwalker,6,4,2
Xuenws,tichondrius,384,monk,windwalker,6,4,2
Kame,moon-guard,384,monk,windwalker,6,4,2
Thewyjr,illidan,384,monk,windwalker,6,4,2
Beverage,frostmourne,384,monk,windwalker,6,4,2
Satchelgizmo,tichondrius,384,monk,windwalker,6,4,2
Ðøhkø,nemesis,384,monk,windwalker,6,4,2
Preceptonk,azralon,384,monk,windwalker,6,4,2
Delorenzi,hellscream,384,monk,windwalker,6,4,2
Touchbot,tichondrius,384,monk,windwalker,6,4,2
Orbgodx,darkspear,384,monk,windwalker,6,4,2
Monkespin,stormrage,384,monk,windwalker,6,4,2
Buffmonkdmg,tichondrius,384,monk,windwalker,9,5,4
Mysticzen,tichondrius,384,monk,windwalker,12,4,8
Wheresmyjuul,malganis,384,monk,windwalker,12,4,8
Ohtani,frostwolf,384,monk,windwalker,12,4,8
Bhodie,zuljin,384,monk,windwalker,12,4,8
Züdo,area-52,384,monk,windwalker,12,4,8
Solrise,wyrmrest-accord,384,monk,windwalker,12,4,8
Lhiri,moon-guard,384,monk,windwalker,12,4,8
Ramisan,barthilas,384,monk,windwalker,12,4,8
Littlemw,tichondrius,384,monk,windwalker,12,4,8
Evilstep,tichondrius,384,monk,windwalker,12,4,8
Jayr,bleeding-hollow,384,monk,windwalker,12,4,8
Ferrarí,quelthalas,384,monk,windwalker,12,4,8
Rookz,drakthul,384,monk,windwalker,12,4,8
Xinvictus,frostmourne,384,monk,windwalker,12,4,8
Fruitpünch,tichondrius,384,monk,windwalker,12,4,8
Chijinx,area-52,384,monk,windwalker,12,4,8
Plucky,tichondrius,384,monk,windwalker,12,4,8
Merand,tichondrius,384,monk,windwalker,12,4,8
Traxshin,kelthuzad,383,monk,windwalker,6,4,2
Zanmonk,moon-guard,383,monk,windwalker,6,4,2
Felgolos,azralon,383,monk,windwalker,9,5,4
Broxxenidas,quelthalas,351,monk,windwalker,11,4,7
Mùnkey,nagrand,351,monk,windwalker,11,4,7
Sahhalea,sargeras,319,monk,windwalker,14,4,10
Nakuang,tichondrius,297,monk,windwalker,14,5,9
Redami,gnomeregan,288,monk,windwalker,6,3,3
Kárma,malganis,288,monk,windwalker,6,3,3
Highaskite,tichondrius,288,monk,windwalker,6,3,3
Rafyww,tichondrius,288,monk,windwalker,6,3,3
Gulmokk,tichondrius,288,monk,windwalker,6,3,3
Atezo,tichondrius,288,monk,windwalker,6,3,3
Imasterl,proudmoore,288,monk,windwalker,6,3,3
Slurrpslutt,proudmoore,288,monk,windwalker,6,3,3
Röllö,tichondrius,288,monk,windwalker,6,3,3
Lomist,nazjatar,288,monk,windwalker,6,3,3
Madtigon,scilla,288,monk,windwalker,6,3,3
Choibaedal,tichondrius,288,monk,windwalker,6,3,3
Bromonster,zuljin,288,monk,windwalker,6,3,3
Gngrbeardman,tichondrius,288,monk,windwalker,6,3,3
Jubei,dragonmaw,288,monk,windwalker,6,3,3
Trunkx,area-52,288,monk,windwalker,6,3,3
Mlngo,illidan,288,monk,windwalker,6,3,3
Mcfluffey,area-52,288,monk,windwalker,6,3,3
Lidä,tichondrius,288,monk,windwalker,6,3,3
Currycooker,tichondrius,288,monk,windwalker,6,3,3
Mistérfister,blackrock,288,monk,windwalker,6,3,3
Dkdakìng,stormrage,288,monk,windwalker,6,3,3
Mitras,dragonblight,288,monk,windwalker,6,3,3
Brewtool,tichondrius,288,monk,windwalker,6,3,3
Raires,tichondrius,288,monk,windwalker,6,3,3
Iilmachoggy,stormrage,288,monk,windwalker,6,3,3
Frimayadri,area-52,288,monk,windwalker,6,3,3
Rhonco,quelthalas,288,monk,windwalker,6,3,3
Bakicaa,dalaran,288,monk,windwalker,6,3,3
Xas,sentinels,288,monk,windwalker,6,3,3
Mgzx,kelthuzad,288,monk,windwalker,6,3,3
Hábìtz,area-52,288,monk,windwalker,6,3,3
Dublefist,draktharon,288,monk,windwalker,6,3,3
Monklad,malganis,288,monk,windwalker,6,3,3
Bogez,area-52,288,monk,windwalker,6,3,3
Adamthemonk,proudmoore,288,monk,windwalker,6,3,3
Sosm,kelthuzad,288,monk,windwalker,6,3,3
Swurvex,bleeding-hollow,288,monk,windwalker,6,3,3
Dripharder,tichondrius,288,monk,windwalker,6,3,3
Yamoshì,stormrage,288,monk,windwalker,6,3,3
Giatzo,barthilas,288,monk,windwalker,6,3,3
Pinkgucci,thrall,288,monk,windwalker,6,3,3
Hitman,thrall,288,monk,windwalker,6,3,3
Idonthustle,area-52,288,monk,windwalker,6,3,3
Silestial,sargeras,288,monk,windwalker,6,3,3
Lahri,silvermoon,288,monk,windwalker,6,3,3
Heavytrain,azralon,288,monk,windwalker,6,3,3
Kahpital,azralon,288,monk,windwalker,6,3,3
Tictox,sargeras,288,monk,windwalker,6,3,3
Fistay,burning-legion,288,monk,windwalker,6,3,3
Goodluck,madoran,288,monk,windwalker,6,3,3
Spaaca,kelthuzad,288,monk,windwalker,6,3,3
Faashbae,illidan,288,monk,windwalker,6,3,3
Tigerlust,sargeras,288,monk,windwalker,6,3,3
Reflexsivex,malganis,288,monk,windwalker,6,3,3
Detox,sargeras,288,monk,windwalker,6,3,3
Karkata,sargeras,288,monk,windwalker,6,3,3
Rockxtv,illidan,288,monk,windwalker,12,3,9
Honkbazz,illidan,288,monk,windwalker,12,3,9
Hira,zuljin,288,monk,windwalker,12,3,9
Dmhsaint,sargeras,288,monk,windwalker,12,3,9
Bujiburger,frostmourne,288,monk,windwalker,12,3,9
Vova,bleeding-hollow,288,monk,windwalker,12,3,9
Paramendic,frostwolf,288,monk,windwalker,12,3,9
Meatcleave,kiljaeden,288,monk,windwalker,12,3,9
Liänä,quelthalas,287,monk,windwalker,6,3,3
Gaziee,tichondrius,271,monk,windwalker,11,3,8
Ighostgirls,thrall,239,monk,windwalker,5,3,2
Primez,frostmourne,239,monk,windwalker,5,3,2
Klamfu,thrall,192,monk,windwalker,4,3,1
Mùk,tichondrius,192,monk,windwalker,4,3,1
Kfchi,tichondrius,192,monk,windwalker,4,3,1
Toxicaff,dalaran,192,monk,windwalker,6,2,4
Icesmoker,frostmourne,192,monk,windwalker,6,2,4
Tadaku,dalaran,192,monk,windwalker,6,2,4
Fistpumps,thrall,192,monk,windwalker,6,2,4
Lìpz,zuljin,192,monk,windwalker,6,2,4
Ghooch,illidan,192,monk,windwalker,6,2,4
Spirits,dreadmaul,192,monk,windwalker,6,2,4
Pvptone,bleeding-hollow,192,monk,windwalker,6,2,4
Wât,bleeding-hollow,192,monk,windwalker,6,2,4
Xarra,bleeding-hollow,192,monk,windwalker,6,2,4
Gumrag,illidan,192,monk,windwalker,6,2,4
Salanzoww,bleeding-hollow,192,monk,windwalker,6,2,4
Homunculusx,bleeding-hollow,192,monk,windwalker,6,2,4
Selfless,gilneas,192,monk,windwalker,6,2,4
Senseî,altar-of-storms,192,monk,windwalker,6,2,4
Monkbro,altar-of-storms,192,monk,windwalker,6,2,4
Sickbanga,barthilas,192,monk,windwalker,6,2,4
Flicksx,arthas,192,monk,windwalker,6,2,4
Monkuban,destromath,192,monk,windwalker,6,2,4
Thöran,ragnaros,192,monk,windwalker,6,2,4
Induhca,area-52,192,monk,windwalker,6,2,4
Röllup,area-52,192,monk,windwalker,6,2,4
Imafqnbaby,tichondrius,192,monk,windwalker,6,2,4
Mannkin,zuluhed,192,monk,windwalker,6,2,4
Averagéjoe,tichondrius,192,monk,windwalker,6,2,4
Cranjis,agamaggan,192,monk,windwalker,6,2,4
Coomerww,kelthuzad,192,monk,windwalker,6,2,4
Resolver,stormscale,192,monk,windwalker,6,2,4
Paracetamonk,kelthuzad,192,monk,windwalker,6,2,4
Grocerymonk,malganis,192,monk,windwalker,6,2,4
Excalibrew,malganis,192,monk,windwalker,6,2,4
Saywha,windrunner,192,monk,windwalker,6,2,4
Liw,quelthalas,192,monk,windwalker,6,2,4
Novoctek,quelthalas,192,monk,windwalker,6,2,4
Senseixww,sargeras,192,monk,windwalker,6,2,4
Joreg,moon-guard,192,monk,windwalker,6,2,4
Möösê,moon-guard,192,monk,windwalker,6,2,4
Deathgoku,norgannon,192,monk,windwalker,6,2,4
Youngnudy,sargeras,192,monk,windwalker,6,2,4
Ked,ragnaros,192,monk,windwalker,6,2,4
Fuchizaki,ragnaros,192,monk,windwalker,6,2,4
Jüdo,barthilas,192,monk,windwalker,6,2,4
Hydraoxy,moon-guard,192,monk,windwalker,6,2,4
Bvndio,ragnaros,192,monk,windwalker,6,2,4
Giorhno,ragnaros,192,monk,windwalker,6,2,4
Rampant,anubarak,192,monk,windwalker,6,2,4
Taringa,drakkari,192,monk,windwalker,6,2,4
Nyofu,moon-guard,192,monk,windwalker,6,2,4
Privix,tichondrius,192,monk,windwalker,6,2,4
Lonebamboo,tichondrius,192,monk,windwalker,6,2,4
Epî,tichondrius,192,monk,windwalker,6,2,4
Flattswwjr,tichondrius,192,monk,windwalker,6,2,4
Romeoe,muradin,192,monk,windwalker,6,2,4
Sinistuhm,tichondrius,192,monk,windwalker,6,2,4
Takazawas,bonechewer,192,monk,windwalker,6,2,4
Troutz,sargeras,192,monk,windwalker,6,2,4
Bhoredom,kiljaeden,192,monk,windwalker,6,2,4
Kitfisty,kiljaeden,192,monk,windwalker,6,2,4
Hossdelgadoe,kiljaeden,192,monk,windwalker,6,2,4
Kreese,rivendare,192,monk,windwalker,6,2,4
Dankestkhan,korialstrasz,192,monk,windwalker,12,2,10
Eliwenn,ragnaros,192,monk,windwalker,12,2,10
Razekahl,wyrmrest-accord,192,monk,windwalker,12,2,10
Wheatsli,malganis,159,monk,windwalker,5,2,3
Clytpuncher,emerald-dream,159,monk,windwalker,5,2,3
Captnmurphy,tichondrius,159,monk,windwalker,5,2,3
Habzz,tichondrius,159,monk,windwalker,5,2,3
Goku,frostmourne,159,monk,windwalker,5,2,3
Fendi,stormrage,159,monk,windwalker,5,2,3
Chisuschrist,hyjal,144,monk,windwalker,9,2,7
Broomooster,bleeding-hollow,138,monk,windwalker,17,6,11
Heartsies,sargeras,128,monk,windwalker,4,2,2
Raninn,bleeding-hollow,128,monk,windwalker,4,2,2
Prettyflacko,thrall,128,monk,windwalker,4,2,2
Jayjaybrew,area-52,96,monk,windwalker,3,2,1
Neaxain,tichondrius,96,monk,windwalker,3,2,1
Sprinkli,sargeras,96,monk,windwalker,6,1,5
Cerocool,hyjal,96,monk,windwalker,6,1,5
Obiiwan,tichondrius,96,monk,windwalker,6,1,5
Chunlee,tichondrius,96,monk,windwalker,6,1,5
Mistyfist,bleeding-hollow,96,monk,windwalker,6,1,5
Ökami,tichondrius,96,monk,windwalker,6,1,5
Ischys,kelthuzad,96,monk,windwalker,6,1,5
Molsonicee,tichondrius,96,monk,windwalker,6,1,5
Memurk,bleeding-hollow,96,monk,windwalker,6,1,5
Fínzy,ragnaros,96,monk,windwalker,6,1,5
Piccolo,emerald-dream,96,monk,windwalker,6,1,5
Srgtbingo,azgalor,96,monk,windwalker,6,1,5
Phukyu,moon-guard,96,monk,windwalker,6,1,5
Zinque,emerald-dream,96,monk,windwalker,6,1,5
Teewin,area-52,96,monk,windwalker,6,1,5
Smigz,area-52,96,monk,windwalker,6,1,5
Buddaba,tichondrius,96,monk,windwalker,6,1,5
Æsir,moon-guard,96,monk,windwalker,6,1,5
Lainerya,moon-guard,96,monk,windwalker,6,1,5
Munnk,stormreaver,96,monk,windwalker,6,1,5
Bwan,kelthuzad,96,monk,windwalker,6,1,5
Okuraseru,bleeding-hollow,96,monk,windwalker,6,1,5
Kajjou,illidan,96,monk,windwalker,6,1,5
Imingleejr,illidan,96,monk,windwalker,6,1,5
Giriom,thrall,96,monk,windwalker,6,1,5
Yípman,uldum,96,monk,windwalker,6,1,5
Saruyo,frostmourne,96,monk,windwalker,6,1,5
Windlordx,illidan,96,monk,windwalker,6,1,5
Cudzingtin,dalaran,96,monk,windwalker,6,1,5
Leisa,jaedenar,79,monk,windwalker,5,1,4
Zhatafaq,ragnaros,48,monk,windwalker,3,1,2
Notamønk,bonechewer,31,monk,windwalker,2,1,1
Veganbacon,mannoroth,31,monk,windwalker,2,1,1
Mommysalamii,moon-guard,16,monk,windwalker,1,1,0
Raskalnikov,kelthuzad,9,monk,windwalker,8,2,6
Rèxpéi,area-52,2157,paladin,holy,84,48,36
Pattar,area-52,2107,paladin,holy,66,37,29
Sunita,arthas,2085,paladin,holy,183,94,89
Holylolz,ragnaros,2046,paladin,holy,156,79,77
Tmborn,tichondrius,2016,paladin,holy,72,34,38
Digglesx,area-52,2012,paladin,holy,78,35,43
Thejustice,tichondrius,2007,paladin,holy,64,37,27
Eskerda,azralon,1939,paladin,holy,160,77,83
Hamsti,sargeras,1909,paladin,holy,125,63,62
Bilmurii,zuljin,1907,paladin,holy,78,40,38
Flashv,barthilas,1896,paladin,holy,62,32,30
Bombboyoz,area-52,1893,paladin,holy,36,20,16
Angrycubanx,black-dragonflight,1887,paladin,holy,50,25,25
Nyctemavanna,ragnaros,1863,paladin,holy,82,44,38
Sojupapi,area-52,1862,paladin,holy,72,38,34
Curator,emerald-dream,1859,paladin,holy,56,29,27
Nickimahoj,tichondrius,1841,paladin,holy,52,27,25
Cynthianna,tichondrius,1839,paladin,holy,116,61,55
Csupremacy,tichondrius,1839,paladin,holy,64,30,34
Bushyy,tichondrius,1838,paladin,holy,54,26,28
Saacbot,area-52,1831,paladin,holy,69,25,44
Ðáx,sargeras,1828,paladin,holy,75,39,36
Ppgdx,azralon,1826,paladin,holy,78,34,44
Cyphinx,darkspear,1822,paladin,holy,103,48,55
Memnoche,frostmane,1821,paladin,holy,89,53,36
Sacbubldead,area-52,1820,paladin,holy,126,79,47
Truluck,area-52,1820,paladin,holy,111,56,55
Deadlyassian,sargeras,1819,paladin,holy,100,54,46
Fonypally,tichondrius,1815,paladin,holy,332,171,161
Fukndibs,kiljaeden,1811,paladin,holy,172,85,87
Sd,kelthuzad,1811,paladin,holy,123,59,64
Bubblist,tichondrius,1811,paladin,holy,68,28,40
Bravepl,tichondrius,1808,paladin,holy,73,28,45
Overwhelm,muradin,1806,paladin,holy,40,22,18
Dyppally,moon-guard,1803,paladin,holy,102,51,51
Wtbmana,frostmourne,1801,paladin,holy,72,39,33
Dreathhammer,muradin,1787,paladin,holy,36,21,15
Amourranth,stormrage,1785,paladin,holy,52,30,22
Mvpj,medivh,1780,paladin,holy,101,56,45
Fixyouz,mannoroth,1779,paladin,holy,52,27,25
Hongwoosang,tichondrius,1770,paladin,holy,140,64,76
Zilea,kiljaeden,1768,paladin,holy,48,24,24
Hps,argent-dawn,1759,paladin,holy,42,22,20
Evylinn,burning-legion,1744,paladin,holy,66,42,24
Beyondsausag,malganis,1734,paladin,holy,53,24,29
Minefujiko,tichondrius,1732,paladin,holy,259,136,123
Ihaveajob,zuluhed,1730,paladin,holy,42,23,19
Brynnhild,stormrage,1722,paladin,holy,102,55,47
Ddeuk,tichondrius,1720,paladin,holy,259,137,122
Dracfire,zuljin,1716,paladin,holy,33,19,14
Braindeadrsj,anetheron,1715,paladin,holy,48,27,21
Softsister,tichondrius,1713,paladin,holy,42,22,20
Bpalaayo,kelthuzad,1706,paladin,holy,66,26,40
Taargaryenn,tichondrius,1701,paladin,holy,60,32,28
Richpiana,nathrezim,1697,paladin,holy,76,40,36
Fortold,bloodhoof,1692,paladin,holy,54,23,31
Virabelle,gurubashi,1690,paladin,holy,48,25,23
Landrysdad,malorne,1690,paladin,holy,48,24,24
Hats,icecrown,1690,paladin,holy,136,66,70
Defensezone,tichondrius,1678,paladin,holy,56,26,30
Cheerleader,bleeding-hollow,1676,paladin,holy,114,50,64
Tenêbrae,area-52,1674,paladin,holy,52,33,19
Sàga,hyjal,1671,paladin,holy,47,26,21
Guerrer,hyjal,1671,paladin,holy,309,165,144
Imshmackedd,darkspear,1663,paladin,holy,84,35,49
Sacridas,fizzcrank,1657,paladin,holy,36,20,16
Zunit,laughing-skull,1656,paladin,holy,46,22,24
Bushÿ,tichondrius,1652,paladin,holy,66,42,24
Pallice,queldorei,1651,paladin,holy,96,43,53
Xciss,kiljaeden,1650,paladin,holy,101,46,55
Ppgddxx,azralon,1643,paladin,holy,30,18,12
Nerfretpls,area-52,1642,paladin,holy,42,20,22
Tylennis,archimonde,1641,paladin,holy,126,53,73
Dazargeros,moon-guard,1638,paladin,holy,132,66,66
Ellyarian,emerald-dream,1635,paladin,holy,42,22,20
Yuuichi,moon-guard,1634,paladin,holy,64,29,35
Deepnasty,galakrond,1632,paladin,holy,36,21,15
Ængelic,barthilas,1632,paladin,holy,148,73,75
Caveyodeler,zuluhed,1620,paladin,holy,30,17,13
Ascion,tichondrius,1614,paladin,holy,119,58,61
Sde,kelthuzad,1614,paladin,holy,53,21,32
Pála,dalaran,1610,paladin,holy,108,52,56
Jealp,sargeras,1608,paladin,holy,42,26,16
Larryhoova,malganis,1608,paladin,holy,36,20,16
Crâfty,bleeding-hollow,1608,paladin,holy,83,45,38
Gjoker,azralon,1600,paladin,holy,42,25,17
Jiraya,nemesis,1598,paladin,holy,79,39,40
Pelletbrain,emerald-dream,1598,paladin,holy,48,18,30
Perfect,crushridge,1597,paladin,holy,32,18,14
Wuhb,aerie-peak,1596,paladin,holy,88,44,44
Saveursavior,bleeding-hollow,1595,paladin,holy,99,49,50
Crabsaladpal,illidan,1594,paladin,holy,94,55,39
Avengom,tichondrius,1591,paladin,holy,248,122,126
Drägonmynuts,tichondrius,1587,paladin,holy,55,22,33
Erikx,smolderthorn,1585,paladin,holy,66,39,27
Regivän,azralon,1575,paladin,holy,78,39,39
Pasda,frostmourne,1575,paladin,holy,53,22,31
Teenytoots,burning-legion,1568,paladin,holy,51,19,32
Hônòr,thrall,1564,paladin,holy,51,29,22
Nrpzy,stormrage,1558,paladin,holy,53,29,24
Forsakenlite,sargeras,1555,paladin,holy,78,33,45
Gorgona,illidan,1551,paladin,holy,107,53,54
Solfire,stormreaver,1540,paladin,holy,56,24,32
Discordnitro,illidan,1539,paladin,holy,36,20,16
Ivan,tichondrius,1534,paladin,holy,48,17,31
Jiberish,illidan,1529,paladin,holy,68,32,36
Paladinaa,lothar,1529,paladin,holy,74,33,41
Bigoldman,tichondrius,1526,paladin,holy,60,32,28
Rodrigo,frostmourne,1524,paladin,holy,69,34,35
Kidstable,nathrezim,1523,paladin,holy,70,27,43
Beyönd,quelthalas,1520,paladin,holy,78,39,39
Rarth,nemesis,1519,paladin,holy,35,18,17
Riptonix,stormrage,1514,paladin,holy,105,56,49
Rhunon,dalaran,1512,paladin,holy,42,19,23
Mabia,tichondrius,1511,paladin,holy,186,100,86
Sinfolly,whisperwind,1510,paladin,holy,42,19,23
Humañ,tichondrius,1507,paladin,holy,60,32,28
Raigha,stormrage,1507,paladin,holy,30,16,14
Cjqcjq,tichondrius,1507,paladin,holy,41,21,20
Kdex,tichondrius,1505,paladin,holy,84,37,47
Ageroÿ,sargeras,1503,paladin,holy,61,31,30
Doofum,stormrage,1503,paladin,holy,131,58,73
Handsomedan,twisting-nether,1497,paladin,holy,48,21,27
Rg,nerzhul,1496,paladin,holy,179,86,93
Jeromee,area-52,1496,paladin,holy,48,19,29
Lightkillerx,thrall,1494,paladin,holy,84,37,47
Ibury,quelthalas,1492,paladin,holy,101,46,55
Gospel,duskwood,1490,paladin,holy,47,23,24
Handyandy,kelthuzad,1487,paladin,holy,94,50,44
Prettylightx,kelthuzad,1486,paladin,holy,60,29,31
Dreadrot,azralon,1484,paladin,holy,46,24,22
Condone,earthen-ring,1484,paladin,holy,90,41,49
Runihaveaids,stormrage,1483,paladin,holy,77,37,40
Brumm,quelthalas,1481,paladin,holy,65,32,33
Senorbaxter,emerald-dream,1478,paladin,holy,48,17,31
Granklol,tichondrius,1476,paladin,holy,50,25,25
Percüles,sargeras,1473,paladin,holy,66,38,28
Devöut,aggramar,1473,paladin,holy,85,40,45
Judgemode,the-scryers,1468,paladin,holy,96,41,55
Konvi,tichondrius,1464,paladin,holy,60,24,36
Cohesion,draenor,1461,paladin,holy,77,35,42
Kihluxo,frostmourne,1459,paladin,holy,84,48,36
Indemnity,wildhammer,1457,paladin,holy,69,40,29
Dewlight,zuljin,1454,paladin,holy,157,75,82
Holyterror,dentarg,1451,paladin,holy,42,23,19
Zoeyxo,tichondrius,1448,paladin,holy,80,42,38
Noback,ragnaros,1448,paladin,holy,66,31,35
Holyknight,veknilash,1446,paladin,holy,71,32,39
Donkeydumper,wyrmrest-accord,1445,paladin,holy,60,37,23
Sigmapepe,quelthalas,1444,paladin,holy,84,48,36
Celsica,kelthuzad,1444,paladin,holy,90,42,48
Vurian,uther,1444,paladin,holy,42,19,23
Holyprotectr,tichondrius,1442,paladin,holy,30,17,13
Careless,malganis,1435,paladin,holy,30,15,15
Daenrahh,azralon,1433,paladin,holy,116,59,57
Moonmi,tichondrius,1430,paladin,holy,97,53,44
Kustp,tichondrius,1428,paladin,holy,33,19,14
Nanøha,frostmourne,1423,paladin,holy,78,22,56
Jpwx,barthilas,1419,paladin,holy,30,15,15
Saeranella,moon-guard,1419,paladin,holy,88,37,51
Sekitar,ragnaros,1419,paladin,holy,72,29,43
Galeras,norgannon,1417,paladin,holy,70,32,38
Danpros,azralon,1417,paladin,holy,66,24,42
Friedpaladin,frostmourne,1416,paladin,holy,87,46,41
Rezmefool,tichondrius,1414,paladin,holy,85,38,47
Allitharis,tichondrius,1413,paladin,holy,79,41,38
Xuanxingchai,tichondrius,1413,paladin,holy,72,30,42
Hodl,barthilas,1406,paladin,holy,71,41,30
Wonpai,frostmourne,1406,paladin,holy,30,15,15
Gankstapwn,tichondrius,1405,paladin,holy,36,16,20
Talantyr,zuljin,1398,paladin,holy,48,23,25
Decalli,tichondrius,1391,paladin,holy,63,31,32
Boomda,tichondrius,1389,paladin,holy,36,15,21
Anea,kelthuzad,1388,paladin,holy,32,17,15
Summercarma,area-52,1387,paladin,holy,27,15,12
Heaven,gurubashi,1382,paladin,holy,35,16,19
Nxkita,sargeras,1376,paladin,holy,36,18,18
Twck,hyjal,1374,paladin,holy,96,46,50
Lu,the-venture-co,1371,paladin,holy,34,15,19
Fiate,azralon,1370,paladin,holy,36,16,20
Therealdeal,sargeras,1362,paladin,holy,39,23,16
Tiernoo,illidan,1354,paladin,holy,44,15,29
Holyhades,auchindoun,1351,paladin,holy,55,30,25
Galabanja,malganis,1350,paladin,holy,42,24,18
Hawtwangs,proudmoore,1349,paladin,holy,48,26,22
Flippo,sargeras,1346,paladin,holy,36,17,19
Ryhighh,sargeras,1344,paladin,holy,75,30,45
Vitabro,bleeding-hollow,1342,paladin,holy,41,20,21
Uxe,zuljin,1338,paladin,holy,36,14,22
Xiaoladin,frostmourne,1337,paladin,holy,25,16,9
Güido,stormrage,1337,paladin,holy,42,23,19
Finerkane,quelthalas,1334,paladin,holy,138,62,76
Quertz,sargeras,1333,paladin,holy,23,15,8
Alphanerd,burning-blade,1333,paladin,holy,55,27,28
Zergmé,executus,1330,paladin,holy,30,14,16
Goodwood,ghostlands,1330,paladin,holy,36,16,20
Buri,tichondrius,1330,paladin,holy,42,17,25
Savagegirlz,tichondrius,1329,paladin,holy,72,33,39
Uprise,chogall,1328,paladin,holy,36,17,19
Syrenz,khazgoroth,1327,paladin,holy,42,24,18
Castleknight,tichondrius,1327,paladin,holy,36,14,22
Catechism,laughing-skull,1325,paladin,holy,44,24,20
Consecrated,daggerspine,1324,paladin,holy,75,30,45
Quadrifoglio,moon-guard,1323,paladin,holy,187,93,94
Mcllovin,kiljaeden,1323,paladin,holy,60,28,32
Paladinaiko,nemesis,1322,paladin,holy,111,56,55
Zantdemption,frostmourne,1322,paladin,holy,30,15,15
Xinqingle,tichondrius,1318,paladin,holy,76,36,40
Ùnholypally,jubeithos,1316,paladin,holy,71,42,29
Ozpal,burning-blade,1305,paladin,holy,38,24,14
Kriegmeister,amanthul,1305,paladin,holy,30,14,16
Santiadin,ragnaros,1304,paladin,holy,20,15,5
Sorkar,tichondrius,1301,paladin,holy,129,66,63
Ironpaladin,sargeras,1297,paladin,holy,90,39,51
Sinay,azshara,1296,paladin,holy,34,22,12
Beejae,stormreaver,1292,paladin,holy,35,14,21
Errant,bonechewer,1285,paladin,holy,47,27,20
Wokeinator,malganis,1282,paladin,holy,65,29,36
Tandury,tichondrius,1277,paladin,holy,42,22,20
Vithar,bleeding-hollow,1276,paladin,holy,92,44,48
Merll,ragnaros,1265,paladin,holy,115,55,60
Mundomaloo,quelthalas,1264,paladin,holy,36,21,15
Quarall,blackhand,1263,paladin,holy,52,25,27
Röniin,ragnaros,1258,paladin,holy,143,74,69
Salipally,dalaran,1258,paladin,holy,101,46,55
Thorfinaa,moon-guard,1257,paladin,holy,23,14,9
Negodoskate,nemesis,1256,paladin,holy,144,70,74
Holysplonk,stonemaul,1255,paladin,holy,72,30,42
Wukongsunn,dalaran,1251,paladin,holy,30,14,16
Brenenk,quelthalas,1247,paladin,holy,59,28,31
Judgejim,barthilas,1247,paladin,holy,30,13,17
Colbroggins,crushridge,1246,paladin,holy,36,18,18
Mayru,ragnaros,1245,paladin,holy,24,13,11
Sologriefer,sargeras,1242,paladin,holy,30,13,17
Scarlet,skywall,1241,paladin,holy,30,13,17
Barbaluzz,quelthalas,1236,paladin,holy,93,46,47
Kristienna,boulderfist,1236,paladin,holy,35,16,19
Cbm,tichondrius,1235,paladin,holy,23,14,9
Dimior,quelthalas,1235,paladin,holy,30,15,15
Oldgrumpster,stormrage,1232,paladin,holy,81,37,44
Bubblebuddyx,tichondrius,1231,paladin,holy,29,13,16
Bubblepigo,tichondrius,1230,paladin,holy,30,18,12
Aoishie,bleeding-hollow,1229,paladin,holy,84,38,46
Justizz,vashj,1228,paladin,holy,65,35,30
Enuug,malfurion,1226,paladin,holy,42,23,19
Crocfacex,tichondrius,1226,paladin,holy,46,18,28
Liå,frostmourne,1224,paladin,holy,30,13,17
Elizzabeth,skullcrusher,1220,paladin,holy,35,21,14
Ramspartan,drakkari,1218,paladin,holy,106,52,54
Bárdokø,ragnaros,1215,paladin,holy,42,21,21
Boarfarmer,tichondrius,1215,paladin,holy,81,35,46
Saffranzord,azralon,1214,paladin,holy,73,35,38
Malakor,thrall,1212,paladin,holy,24,13,11
Kamaelyn,proudmoore,1211,paladin,holy,121,62,59
Hóbbs,trollbane,1210,paladin,holy,95,35,60
Capedcrusade,area-52,1208,paladin,holy,24,13,11
Yérn,barthilas,1208,paladin,holy,42,15,27
Dbolpala,frostmourne,1199,paladin,holy,42,24,18
Mörphêus,tichondrius,1197,paladin,holy,54,30,24
Encantado,thrall,1196,paladin,holy,31,15,16
Shorthordeon,kelthuzad,1194,paladin,holy,54,30,24
Deepsearide,illidan,1193,paladin,holy,30,17,13
Ihr,kiljaeden,1192,paladin,holy,42,19,23
Sixtynine,nathrezim,1180,paladin,holy,78,35,43
Dawnhammer,mugthol,1178,paladin,holy,36,19,17
Myrthedara,kargath,1178,paladin,holy,33,16,17
Kënsi,quelthalas,1175,paladin,holy,122,64,58
Hawianbread,stormrage,1174,paladin,holy,24,13,11
Hammercy,tichondrius,1169,paladin,holy,55,30,25
Solanin,frostmourne,1169,paladin,holy,51,26,25
Coltlocks,sargeras,1168,paladin,holy,36,14,22
Chopsparks,khadgar,1164,paladin,holy,80,39,41
Ziggzag,hyjal,1155,paladin,holy,66,29,37
Onecmpeter,kelthuzad,1152,paladin,holy,67,38,29
Htmlar,tichondrius,1152,paladin,holy,33,14,19
Dwarrior,quelthalas,1151,paladin,holy,24,12,12
Colepal,zuljin,1151,paladin,holy,30,12,18
Dageraad,tichondrius,1150,paladin,holy,24,12,12
Boxjang,tichondrius,1149,paladin,holy,24,12,12
Dodgeandhoj,nerzhul,1147,paladin,holy,24,12,12
Kevinthecube,nerzhul,1146,paladin,holy,18,12,6
Bubblebooty,drakthul,1146,paladin,holy,48,30,18
Luminainre,zuljin,1146,paladin,holy,24,12,12
Renteria,sargeras,1144,paladin,holy,24,12,12
Fuzed,frostmourne,1140,paladin,holy,126,65,61
Dazztrain,barthilas,1139,paladin,holy,24,12,12
Exxin,turalyon,1139,paladin,holy,90,40,50
Shocka,norgannon,1138,paladin,holy,84,47,37
Flareous,moon-guard,1138,paladin,holy,30,12,18
Toroke,nemesis,1133,paladin,holy,42,23,19
Toesy,area-52,1128,paladin,holy,46,17,29
Dóminos,quelthalas,1127,paladin,holy,24,12,12
Stompcomp,tichondrius,1127,paladin,holy,59,29,30
Kentö,area-52,1123,paladin,holy,30,14,16
Balanoriaa,azralon,1122,paladin,holy,50,24,26
Faileeria,malganis,1121,paladin,holy,24,16,8
Bonz,ragnaros,1121,paladin,holy,24,12,12
Airbad,tichondrius,1119,paladin,holy,35,12,23
Biwi,zuljin,1115,paladin,holy,61,25,36
Acori,azralon,1108,paladin,holy,39,18,21
Lovehan,tichondrius,1103,paladin,holy,27,12,15
Holysols,zuljin,1102,paladin,holy,24,12,12
Orphandog,zuljin,1100,paladin,holy,17,12,5
Swordstrikes,tichondrius,1096,paladin,holy,23,12,11
Rykeran,warsong,1088,paladin,holy,72,43,29
Maín,tichondrius,1085,paladin,holy,22,12,10
Teloniow,quelthalas,1084,paladin,holy,38,19,19
Spikele,barthilas,1079,paladin,holy,30,13,17
Rajava,gallywix,1076,paladin,holy,24,14,10
Vasar,tichondrius,1070,paladin,holy,19,13,6
Lycheelz,illidan,1064,paladin,holy,48,26,22
Lobõ,ragnaros,1063,paladin,holy,42,14,28
Hivers,stormrage,1059,paladin,holy,42,18,24
Malakk,zuljin,1058,paladin,holy,35,19,16
Mèdic,illidan,1057,paladin,holy,62,34,28
Burgalveist,azgalor,1056,paladin,holy,19,12,7
Odriew,sargeras,1056,paladin,holy,18,11,7
Dýstopia,stormrage,1056,paladin,holy,24,11,13
Waifu,area-52,1055,paladin,holy,18,11,7
Bushys,tichondrius,1055,paladin,holy,18,11,7
Chenzo,exodar,1055,paladin,holy,18,11,7
Wonpaiv,frostmourne,1054,paladin,holy,23,11,12
Aldrion,stormrage,1054,paladin,holy,24,11,13
Amiigo,tichondrius,1052,paladin,holy,24,11,13
Ramhammerz,sargeras,1051,paladin,holy,54,23,31
Minereth,quelthalas,1044,paladin,holy,24,11,13
Hybbo,runetotem,1042,paladin,holy,24,12,12
Sinara,detheroc,1040,paladin,holy,73,31,42
Nugsbunne,tichondrius,1038,paladin,holy,98,40,58
Mcduss,proudmoore,1037,paladin,holy,18,11,7
Lukas,vashj,1033,paladin,holy,95,46,49
Va,onyxia,1029,paladin,holy,54,26,28
Ahundo,stonemaul,1022,paladin,holy,35,18,17
Iamholyman,dragonmaw,1014,paladin,holy,29,14,15
Vamir,magtheridon,1014,paladin,holy,30,13,17
Buckybarnes,gorefiend,1013,paladin,holy,18,12,6
Jazzmatic,dalaran,1012,paladin,holy,23,11,12
Unworn,proudmoore,1012,paladin,holy,30,12,18
Overthrrow,kelthuzad,1010,paladin,holy,95,47,48
Palaadiin,sargeras,1009,paladin,holy,36,18,18
Paulx,malganis,999,paladin,holy,69,37,32
Gigadunker,tichondrius,999,paladin,holy,29,13,16
Kaina,wildhammer,999,paladin,holy,41,16,25
Scoopzi,frostmourne,988,paladin,holy,26,11,15
Agravaine,moon-guard,986,paladin,holy,23,11,12
Ckemosabe,emerald-dream,985,paladin,holy,32,11,21
Photons,emerald-dream,966,paladin,holy,24,13,11
Hammerabi,moon-guard,963,paladin,holy,21,13,8
Thoryin,tichondrius,960,paladin,holy,12,10,2
Síríús,malganis,960,paladin,holy,15,11,4
Lavarball,tichondrius,960,paladin,holy,30,10,20
Leónrey,stormrage,958,paladin,holy,33,10,23
Kencyxx,tichondrius,957,paladin,holy,24,10,14
Avahir,moon-guard,956,paladin,holy,24,10,14
Raenilil,area-52,955,paladin,holy,30,12,18
Gotomars,tichondrius,955,paladin,holy,30,10,20
Dragonchaos,ragnaros,953,paladin,holy,27,11,16
Motoa,stormrage,951,paladin,holy,18,10,8
Lilfingered,malganis,951,paladin,holy,18,10,8
Sventyn,frostmourne,951,paladin,holy,25,11,14
Starfaith,illidan,951,paladin,holy,49,15,34
Affrika,ysondre,950,paladin,holy,18,10,8
Nikopala,tichondrius,945,paladin,holy,18,10,8
Tolliver,area-52,944,paladin,holy,18,11,7
Snnow,stormrage,938,paladin,holy,24,15,9
Eradrae,mannoroth,933,paladin,holy,18,10,8
Saìdelia,moon-guard,929,paladin,holy,71,24,47
Colombía,illidan,928,paladin,holy,48,21,27
Sutadansa,doomhammer,921,paladin,holy,49,24,25
Svitanie,bleeding-hollow,909,paladin,holy,62,28,34
Thaedrun,hydraxis,896,paladin,holy,54,26,28
Fedpowell,tichondrius,894,paladin,holy,23,10,13
Shananakin,azshara,892,paladin,holy,29,13,16
Huijji,illidan,891,paladin,holy,18,11,7
Zakh,proudmoore,882,paladin,holy,26,11,15
Sovice,illidan,864,paladin,holy,12,9,3
Bobthemad,proudmoore,864,paladin,holy,12,9,3
Trâshcårt,sargeras,864,paladin,holy,12,9,3
Scamlikely,tichondrius,864,paladin,holy,18,9,9
Deadry,ysera,864,paladin,holy,18,9,9
Rachaelucky,malganis,864,paladin,holy,18,9,9
Zilzag,moon-guard,864,paladin,holy,23,9,14
Diamondwater,tichondrius,864,paladin,holy,24,9,15
Kusotarão,nemesis,861,paladin,holy,18,9,9
Chånïng,frostmourne,859,paladin,holy,24,9,15
Spamsalot,malganis,857,paladin,holy,24,9,15
Holyiseasy,alleria,853,paladin,holy,29,11,18
Holyredx,bleeding-hollow,847,paladin,holy,24,9,15
Varenka,stormrage,846,paladin,holy,24,9,15
Maalik,thrall,844,paladin,holy,18,9,9
Adventholy,tichondrius,836,paladin,holy,24,9,15
Ascension,amanthul,826,paladin,holy,114,39,75
Bainn,nerzhul,822,paladin,holy,73,31,42
Psychorino,tichondrius,813,paladin,holy,21,9,12
Nea,argent-dawn,808,paladin,holy,47,16,31
Shâka,stormrage,805,paladin,holy,21,11,10
Praisin,zuljin,805,paladin,holy,18,9,9
Maleguz,azralon,797,paladin,holy,22,9,13
Nualrossan,veknilash,776,paladin,holy,42,14,28
Twichy,tichondrius,768,paladin,holy,12,8,4
Alkyna,kelthuzad,768,paladin,holy,12,8,4
Swellowsx,tichondrius,768,paladin,holy,12,8,4
Holymooie,frostmourne,768,paladin,holy,18,8,10
Duallkore,stormrage,768,paladin,holy,18,8,10
Artús,ragnaros,768,paladin,holy,18,8,10
Kensyzs,tichondrius,768,paladin,holy,18,8,10
Blarr,azshara,768,paladin,holy,24,8,16
Blessthfall,bleeding-hollow,768,paladin,holy,36,8,28
Bestpally,alterac-mountains,767,paladin,holy,12,8,4
Nume,nesingwary,767,paladin,holy,12,8,4
Mhera,sargeras,767,paladin,holy,12,8,4
Tigranes,proudmoore,767,paladin,holy,18,8,10
Wálker,ragnaros,767,paladin,holy,18,8,10
Wonpai,barthilas,767,paladin,holy,18,8,10
Trancelancer,kelthuzad,767,paladin,holy,18,8,10
Miniweiner,proudmoore,767,paladin,holy,18,8,10
Caike,frostmourne,766,paladin,holy,12,8,4
Hruuhwa,wyrmrest-accord,766,paladin,holy,12,8,4
Bebebig,tichondrius,766,paladin,holy,12,8,4
Thonar,stormrage,765,paladin,holy,12,8,4
Elogant,mannoroth,764,paladin,holy,12,8,4
Whangsta,tichondrius,764,paladin,holy,18,8,10
Pambam,thrall,763,paladin,holy,18,9,9
Darkbringer,frostmourne,763,paladin,holy,18,8,10
Vidalia,barthilas,763,paladin,holy,18,8,10
Randuir,proudmoore,760,paladin,holy,18,8,10
Cowladino,tichondrius,760,paladin,holy,24,8,16
Vaalbara,fizzcrank,757,paladin,holy,18,8,10
Ëd,moon-guard,756,paladin,holy,24,8,16
Willycrow,nordrassil,740,paladin,holy,18,8,10
Gênji,eldrethalas,737,paladin,holy,24,8,16
Mirotchburns,illidan,724,paladin,holy,16,9,7
Chewiipal,dalaran,719,paladin,holy,9,9,0
Stemi,kelthuzad,712,paladin,holy,29,8,21
Censy,tichondrius,672,paladin,holy,12,7,5
Aulty,sargeras,672,paladin,holy,12,7,5
Loganholy,tichondrius,672,paladin,holy,12,7,5
Everrlasting,tichondrius,672,paladin,holy,12,7,5
Xiaoholy,barthilas,672,paladin,holy,12,7,5
Boundric,emerald-dream,672,paladin,holy,12,7,5
Bubblet,bleeding-hollow,672,paladin,holy,12,7,5
Ilovecanada,sargeras,672,paladin,holy,12,7,5
Oîn,area-52,672,paladin,holy,12,7,5
Dadcantsac,frostmourne,672,paladin,holy,12,7,5
Crinject,sargeras,672,paladin,holy,12,7,5
Shxz,illidan,672,paladin,holy,12,7,5
Busdid,sargeras,672,paladin,holy,12,7,5
Imsuffering,zuljin,672,paladin,holy,12,7,5
Lightswitchx,stormrage,672,paladin,holy,12,7,5
Klam,kelthuzad,672,paladin,holy,18,7,11
Jorik,lightbringer,672,paladin,holy,18,7,11
Danyuel,zuljin,672,paladin,holy,18,7,11
Orekilol,stormrage,672,paladin,holy,18,7,11
Stompedlawl,illidan,672,paladin,holy,24,7,17
Boraz,bleeding-hollow,672,paladin,holy,36,7,29
Evanlina,bleeding-hollow,671,paladin,holy,12,7,5
Oralen,daggerspine,671,paladin,holy,12,7,5
Doktavius,lightbringer,671,paladin,holy,12,7,5
Samaze,tichondrius,671,paladin,holy,12,7,5
Lördnextdoor,tichondrius,671,paladin,holy,12,7,5
Virkas,area-52,671,paladin,holy,18,7,11
Loguto,stormrage,671,paladin,holy,18,7,11
Odiinn,stormscale,671,paladin,holy,22,7,15
Tyriam,stormscale,670,paladin,holy,12,7,5
Holodecoy,bleeding-hollow,670,paladin,holy,12,7,5
Korvén,area-52,670,paladin,holy,12,7,5
Yadiyadiyada,barthilas,670,paladin,holy,12,7,5
Paladam,burning-blade,670,paladin,holy,18,7,11
Pluto,the-underbog,669,paladin,holy,12,7,5
Røusseff,azralon,669,paladin,holy,18,7,11
Stationarity,frostmourne,669,paladin,holy,18,7,11
Kimahri,anvilmar,669,paladin,holy,36,7,29
Swazanaseger,frostmourne,668,paladin,holy,18,7,11
Maldobarr,stormrage,668,paladin,holy,18,7,11
Cephadrome,proudmoore,667,paladin,holy,12,7,5
Resio,illidan,667,paladin,holy,18,7,11
Daik,proudmoore,666,paladin,holy,12,7,5
Snowdawg,blackhand,654,paladin,holy,24,7,17
Darkwingdad,illidan,640,paladin,holy,19,10,9
Emojunz,ragnaros,638,paladin,holy,11,7,4
Mycow,tichondrius,638,paladin,holy,17,7,10
Molki,tichondrius,617,paladin,holy,18,8,10
Mojiberus,wyrmrest-accord,606,paladin,holy,14,7,7
Turnevil,wyrmrest-accord,591,paladin,holy,19,7,12
Wonpait,frostmourne,576,paladin,holy,9,7,2
Squarehammer,blackrock,576,paladin,holy,12,6,6
Dequincy,tichondrius,576,paladin,holy,12,6,6
Catharsis,tichondrius,576,paladin,holy,12,6,6
Tolentino,elune,576,paladin,holy,12,6,6
Glørythrives,tichondrius,576,paladin,holy,12,6,6
Bërzerk,zuluhed,576,paladin,holy,12,6,6
Caitthegreat,malorne,576,paladin,holy,12,6,6
Fadiez,sargeras,576,paladin,holy,12,6,6
Kencyz,tichondrius,576,paladin,holy,12,6,6
Sensible,sargeras,576,paladin,holy,12,6,6
Zakath,the-underbog,576,paladin,holy,12,6,6
Veejayx,tichondrius,576,paladin,holy,12,6,6
Amadin,winterhoof,576,paladin,holy,12,6,6
Kolmourn,deathwing,576,paladin,holy,18,6,12
Remibear,tichondrius,576,paladin,holy,18,6,12
Lickmysacx,tichondrius,576,paladin,holy,18,6,12
Kelosia,bonechewer,576,paladin,holy,18,6,12
Madorian,bleeding-hollow,576,paladin,holy,18,6,12
Santiagolol,ragnaros,576,paladin,holy,24,6,18
Athanaiëll,proudmoore,575,paladin,holy,6,6,0
Choonsly,tichondrius,575,paladin,holy,12,6,6
Kipow,proudmoore,575,paladin,holy,12,6,6
Leatherfase,dalaran,575,paladin,holy,12,6,6
Cassiel,barthilas,575,paladin,holy,12,6,6
Diebeatus,zuljin,575,paladin,holy,12,6,6
Hojadin,area-52,575,paladin,holy,18,6,12
Sixthycent,kiljaeden,574,paladin,holy,12,6,6
Hitsilent,warsong,574,paladin,holy,12,6,6
Belmonte,greymane,574,paladin,holy,12,6,6
Sloppybobby,zuljin,573,paladin,holy,12,6,6
Blacktemplar,area-52,573,paladin,holy,12,6,6
Bangerzzx,sargeras,572,paladin,holy,12,6,6
Ducii,stormrage,571,paladin,holy,12,6,6
Cloûd,tichondrius,570,paladin,holy,12,6,6
Maplleafs,kelthuzad,560,paladin,holy,24,6,18
Fayernaa,proudmoore,557,paladin,holy,10,7,3
Center,ragnaros,543,paladin,holy,11,6,5
Powtilted,thrall,543,paladin,holy,11,6,5
Redpally,emerald-dream,543,paladin,holy,16,6,10
Møcha,moon-guard,542,paladin,holy,14,7,7
Eboi,daggerspine,542,paladin,holy,26,7,19
Kbot,zuljin,528,paladin,holy,9,6,3
Mfn,tichondrius,522,paladin,holy,12,7,5
Grumpybubble,sargeras,522,paladin,holy,13,7,6
Granitei,quelthalas,521,paladin,holy,15,7,8
Mianheyo,quelthalas,521,paladin,holy,20,8,12
Trivana,durotan,496,paladin,holy,7,6,1
Holythunderx,tichondrius,496,paladin,holy,19,6,13
Kritzyx,stormrage,480,paladin,holy,6,5,1
Bopthebomb,sargeras,480,paladin,holy,6,5,1
Usebandage,sargeras,480,paladin,holy,6,5,1
Badboí,azralon,480,paladin,holy,6,5,1
Thejustices,tichondrius,480,paladin,holy,6,5,1
Zanduncy,stormrage,480,paladin,holy,6,5,1
Zenastra,moon-guard,480,paladin,holy,6,5,1
Hzo,tichondrius,480,paladin,holy,6,5,1
Miswalkpally,ragnaros,480,paladin,holy,12,5,7
Mightypally,area-52,480,paladin,holy,12,5,7
Airbusx,tichondrius,480,paladin,holy,12,5,7
Lyticmartyr,bleeding-hollow,480,paladin,holy,12,5,7
Twoshockz,stormrage,480,paladin,holy,12,5,7
Zero,anetheron,480,paladin,holy,12,5,7
Garethorne,illidan,480,paladin,holy,12,5,7
Inmortall,illidan,480,paladin,holy,12,5,7
Vaerume,sargeras,480,paladin,holy,12,5,7
Sprjustice,frostmourne,480,paladin,holy,12,5,7
Tèhflip,tichondrius,480,paladin,holy,12,5,7
Fartburger,saurfang,480,paladin,holy,12,5,7
Beila,illidan,480,paladin,holy,12,5,7
Adrizzyx,barthilas,480,paladin,holy,12,5,7
Chunzhangsqs,tichondrius,480,paladin,holy,12,5,7
Zhangliyi,tichondrius,480,paladin,holy,12,5,7
Harryhui,tichondrius,480,paladin,holy,12,5,7
Gareyn,moon-guard,480,paladin,holy,12,5,7
Hamen,frostwolf,480,paladin,holy,12,5,7
Trycider,lightninghoof,480,paladin,holy,12,5,7
Bíteme,sargeras,480,paladin,holy,15,6,9
Chrisgrin,malganis,480,paladin,holy,18,5,13
Trevmagoosey,tichondrius,480,paladin,holy,18,5,13
Ricopal,frostmourne,480,paladin,holy,18,5,13
Bubbleosèven,tichondrius,479,paladin,holy,6,5,1
Loabandit,malorne,479,paladin,holy,12,5,7
Doidyph,frostmourne,479,paladin,holy,12,5,7
Tankgreed,quelthalas,479,paladin,holy,12,5,7
Gyle,stormrage,479,paladin,holy,12,5,7
Kilion,illidan,479,paladin,holy,12,5,7
Minouther,area-52,479,paladin,holy,18,5,13
Meistyr,thrall,479,paladin,holy,18,5,13
Moogmodular,malganis,479,paladin,holy,18,5,13
Boiducéu,azralon,478,paladin,holy,12,5,7
Yobnai,zuljin,478,paladin,holy,12,5,7
Sovereignt,aggramar,477,paladin,holy,12,5,7
Chaós,queldorei,476,paladin,holy,12,5,7
Parts,aerie-peak,468,paladin,holy,30,5,25
Fleshoflíght,azjolnerub,463,paladin,holy,11,5,6
Toastedheals,stormreaver,463,paladin,holy,17,5,12
Blancaflór,ragnaros,447,paladin,holy,11,5,6
Ziggerqt,stormrage,432,paladin,holy,15,5,10
Paladinomoto,sargeras,430,paladin,holy,11,5,6
Nivie,moon-guard,430,paladin,holy,15,5,10
Rashell,garrosh,426,paladin,holy,16,7,9
Retribution,mannoroth,426,paladin,holy,23,6,17
Monts,azralon,425,paladin,holy,20,7,13
Ziti,bonechewer,415,paladin,holy,8,5,3
Cyandra,moon-guard,400,paladin,holy,7,5,2
Neurôtoxins,frostmourne,384,paladin,holy,6,4,2
Decree,rexxar,384,paladin,holy,6,4,2
Ohthatguy,sargeras,384,paladin,holy,6,4,2
Thin,ragnaros,384,paladin,holy,6,4,2
Holywoof,agamaggan,384,paladin,holy,6,4,2
Arleos,mannoroth,384,paladin,holy,6,4,2
Ladanthal,barthilas,384,paladin,holy,6,4,2
Respect,black-dragonflight,384,paladin,holy,6,4,2
Eladore,hakkar,384,paladin,holy,6,4,2
Zenkk,sargeras,384,paladin,holy,6,4,2
Notdjalex,zuljin,384,paladin,holy,6,4,2
Cheers,garona,384,paladin,holy,6,4,2
Immensepower,tichondrius,384,paladin,holy,6,4,2
Rc,tichondrius,384,paladin,holy,6,4,2
Undefeatæd,korgath,384,paladin,holy,6,4,2
Dumpytrucks,sargeras,384,paladin,holy,6,4,2
Lightwerk,frostmourne,384,paladin,holy,6,4,2
Leddie,stormrage,384,paladin,holy,6,4,2
Icac,stormrage,384,paladin,holy,6,4,2
Nikkixo,ysera,384,paladin,holy,12,4,8
Emilywilis,sargeras,384,paladin,holy,12,4,8
Footjob,baelgun,384,paladin,holy,12,4,8
Devsrdumb,bonechewer,384,paladin,holy,12,4,8
Wangzu,wildhammer,384,paladin,holy,12,4,8
Lesauceboss,tichondrius,384,paladin,holy,12,4,8
Daflash,emerald-dream,384,paladin,holy,12,4,8
Swolsus,illidan,384,paladin,holy,12,4,8
Bighardshock,aggramar,384,paladin,holy,12,4,8
Bigtimepali,tichondrius,384,paladin,holy,12,4,8
Nontheism,malganis,384,paladin,holy,12,4,8
Waldir,silver-hand,384,paladin,holy,12,4,8
Barcie,lothar,384,paladin,holy,12,4,8
Bloodangelz,sargeras,384,paladin,holy,18,4,14
Amadeo,hyjal,384,paladin,holy,18,4,14
Caobobby,tichondrius,384,paladin,holy,18,4,14
Kaminasol,quelthalas,384,paladin,holy,18,4,14
Mikeawk,tichondrius,384,paladin,holy,18,4,14
Holyflux,winterhoof,383,paladin,holy,6,4,2
Vorex,ragnaros,383,paladin,holy,12,4,8
Lightbeard,feathermoon,383,paladin,holy,12,4,8
Thulamon,zuljin,383,paladin,holy,12,4,8
Anjøs,azralon,383,paladin,holy,18,4,14
Alyosya,barthilas,383,paladin,holy,24,4,20
Imajeala,thrall,382,paladin,holy,6,4,2
Unsungherø,skywall,382,paladin,holy,6,4,2
Inarit,thrall,382,paladin,holy,18,4,14
Jaok,tichondrius,381,paladin,holy,15,5,10
Rustacian,area-52,380,paladin,holy,12,4,8
Orleenz,zuljin,379,paladin,holy,12,4,8
Aärøn,stormrage,351,paladin,holy,11,4,7
Gnomeslapper,frostmourne,351,paladin,holy,11,4,7
Heniou,tichondrius,351,paladin,holy,11,4,7
Tarnak,kelthuzad,336,paladin,holy,15,4,11
Veeve,emerald-dream,304,paladin,holy,7,4,3
Nulric,moon-guard,304,paladin,holy,13,4,9
Clehley,turalyon,288,paladin,holy,6,3,3
Clare,burning-blade,288,paladin,holy,6,3,3
Mindfoolness,sargeras,288,paladin,holy,6,3,3
Whitekao,illidan,288,paladin,holy,6,3,3
Luxsit,tichondrius,288,paladin,holy,6,3,3
Repgodx,illidan,288,paladin,holy,6,3,3
Kharissia,proudmoore,288,paladin,holy,6,3,3
Holysheesh,cenarion-circle,288,paladin,holy,6,3,3
Hughmyron,stormrage,288,paladin,holy,6,3,3
Vajuicy,dalaran,288,paladin,holy,6,3,3
Aduhrawl,moon-guard,288,paladin,holy,6,3,3
Lamas,kelthuzad,288,paladin,holy,6,3,3
Lachaple,illidan,288,paladin,holy,6,3,3
Twodkittyy,kelthuzad,288,paladin,holy,6,3,3
Nipon,stormrage,288,paladin,holy,6,3,3
Hálløwéð,firetree,288,paladin,holy,6,3,3
Vëlar,tichondrius,288,paladin,holy,6,3,3
Sevenword,tichondrius,288,paladin,holy,6,3,3
Zacháry,sargeras,288,paladin,holy,6,3,3
Palqq,tichondrius,288,paladin,holy,6,3,3
Loyantal,tichondrius,288,paladin,holy,6,3,3
Leronos,zuljin,288,paladin,holy,6,3,3
Beerüs,crushridge,288,paladin,holy,6,3,3
Hazkal,sargeras,288,paladin,holy,6,3,3
Alîcë,wyrmrest-accord,288,paladin,holy,6,3,3
Dayatthespa,stormrage,288,paladin,holy,6,3,3
Kaleroenin,cenarius,288,paladin,holy,6,3,3
Botburger,stormrage,288,paladin,holy,6,3,3
Paintthinner,frostmourne,288,paladin,holy,6,3,3
Laythoz,hyjal,288,paladin,holy,6,3,3
Archerxx,ragnaros,288,paladin,holy,6,3,3
Mileihot,quelthalas,288,paladin,holy,6,3,3
Wonpæi,frostmourne,288,paladin,holy,6,3,3
Holzinger,quelthalas,288,paladin,holy,6,3,3
Schwârts,blackrock,288,paladin,holy,6,3,3
Mamothman,barthilas,288,paladin,holy,9,4,5
Dráugus,azralon,288,paladin,holy,12,3,9
Marleigh,kelthuzad,288,paladin,holy,12,3,9
Maeyz,sargeras,288,paladin,holy,12,3,9
Dartherion,shandris,288,paladin,holy,12,3,9
Judgynomnom,the-underbog,288,paladin,holy,12,3,9
Haldry,wyrmrest-accord,288,paladin,holy,12,3,9
Tig,alleria,288,paladin,holy,12,3,9
Prâytorian,illidan,288,paladin,holy,12,3,9
Onlycams,sargeras,288,paladin,holy,12,3,9
Hugokpz,quelthalas,288,paladin,holy,18,3,15
Jacobhowda,tichondrius,288,paladin,holy,18,3,15
Alogagain,frostmourne,288,paladin,holy,18,3,15
Mathalt,area-52,288,paladin,holy,18,3,15
Valandiel,proudmoore,288,paladin,holy,20,3,17
Holyslapz,nazjatar,287,paladin,holy,6,3,3
Bullivan,sisters-of-elune,287,paladin,holy,12,3,9
Schnabdain,exodar,285,paladin,holy,18,3,15
Ryuzu,arathor,256,paladin,holy,4,4,0
Antivaxer,frostmourne,255,paladin,holy,11,3,8
Iradruidz,tichondrius,255,paladin,holy,11,3,8
Itheternal,dalaran,234,paladin,holy,9,4,5
Turnipfãrmer,tichondrius,192,paladin,holy,6,2,4
Bakapal,tichondrius,192,paladin,holy,6,2,4
Svane,thunderlord,192,paladin,holy,6,2,4
Ajlol,thrall,192,paladin,holy,6,2,4
Hitabull,hyjal,192,paladin,holy,6,2,4
Elchupalibre,tichondrius,192,paladin,holy,6,2,4
Flexxborn,thrall,192,paladin,holy,6,2,4
Stormwinter,azralon,192,paladin,holy,6,2,4
Rawpaladin,blackrock,192,paladin,holy,6,2,4
Regivan,nemesis,192,paladin,holy,6,2,4
Borngood,tichondrius,192,paladin,holy,6,2,4
Zhula,nerzhul,192,paladin,holy,6,2,4
Goldirock,quelthalas,192,paladin,holy,6,2,4
Lazydin,tichondrius,192,paladin,holy,6,2,4
Chinaballoon,moonrunner,192,paladin,holy,6,2,4
Jastella,illidan,192,paladin,holy,6,2,4
Romaztlan,area-52,192,paladin,holy,6,2,4
Lørdthemar,azralon,192,paladin,holy,6,2,4
Raywhite,kelthuzad,192,paladin,holy,6,2,4
Toonchies,barthilas,192,paladin,holy,6,2,4
Ahsys,tichondrius,192,paladin,holy,6,2,4
Davinity,senjin,192,paladin,holy,6,2,4
Holyshasha,tichondrius,192,paladin,holy,6,2,4
Mangchì,tichondrius,192,paladin,holy,6,2,4
Raiel,aegwynn,192,paladin,holy,6,2,4
Razzypal,sargeras,192,paladin,holy,6,2,4
Traumaboy,terenas,192,paladin,holy,6,2,4
Sainttom,sargeras,192,paladin,holy,6,2,4
Smôres,sargeras,192,paladin,holy,6,2,4
Antoniano,ragnaros,192,paladin,holy,6,2,4
Gilazhar,eldrethalas,192,paladin,holy,6,2,4
Naxzero,shadowsong,192,paladin,holy,8,2,6
Anderentonso,tichondrius,192,paladin,holy,9,2,7
Carmiínha,azralon,192,paladin,holy,12,2,10
Levarious,thunderlord,192,paladin,holy,12,2,10
Einheilagr,stormrage,192,paladin,holy,12,2,10
Juuzou,turalyon,192,paladin,holy,12,2,10
Gavril,kirin-tor,192,paladin,holy,12,2,10
Cutebtw,zuljin,192,paladin,holy,12,2,10
Shoresy,terokkar,192,paladin,holy,18,2,16
Milkovir,quelthalas,192,paladin,holy,18,2,16
Arobelse,sargeras,191,paladin,holy,6,2,4
Prh,frostmourne,191,paladin,holy,6,2,4
Shkafell,ragnaros,159,paladin,holy,5,2,3
Ashera,amanthul,159,paladin,holy,8,3,5
Itsoverninek,emerald-dream,159,paladin,holy,17,2,15
Whitedozer,darkspear,138,paladin,holy,10,4,6
Myû,korgath,112,paladin,holy,7,2,5
Mobitz,dalvengyr,96,paladin,holy,6,1,5
Lgbtq,trollbane,96,paladin,holy,6,1,5
Tetulia,quelthalas,96,paladin,holy,6,1,5
Jordenz,bonechewer,96,paladin,holy,6,1,5
Wrekster,tichondrius,96,paladin,holy,6,1,5
Zwilliam,frostmourne,96,paladin,holy,6,1,5
Yikyok,stormrage,96,paladin,holy,6,1,5
Sevina,twisting-nether,96,paladin,holy,6,1,5
Ploppers,sargeras,96,paladin,holy,6,1,5
Silreck,ragnaros,96,paladin,holy,6,1,5
Chakris,wyrmrest-accord,96,paladin,holy,6,1,5
Syrenadrel,hydraxis,96,paladin,holy,6,1,5
Vexe,emerald-dream,96,paladin,holy,6,1,5
Khaosactual,proudmoore,96,paladin,holy,6,1,5
Arturias,kiljaeden,96,paladin,holy,6,1,5
Elronda,malganis,96,paladin,holy,6,1,5
Kamí,elune,96,paladin,holy,6,1,5
Purdicks,emerald-dream,96,paladin,holy,6,1,5
Deadlyassian,ysera,96,paladin,holy,6,1,5
Netéro,skywall,96,paladin,holy,6,1,5
Trixzthot,barthilas,96,paladin,holy,6,1,5
Therëv,zuljin,96,paladin,holy,6,1,5
Palabora,kelthuzad,96,paladin,holy,6,1,5
Bigboppapump,lightnings-blade,96,paladin,holy,6,1,5
ßls,illidan,96,paladin,holy,6,1,5
Evilpallie,illidan,96,paladin,holy,6,1,5
Trojani,malganis,96,paladin,holy,6,1,5
Criaharn,turalyon,96,paladin,holy,6,1,5
Nikxx,tichondrius,96,paladin,holy,6,1,5
Mfpink,thrall,96,paladin,holy,6,1,5
Krypton,tichondrius,96,paladin,holy,6,1,5
Keltheas,rivendare,96,paladin,holy,6,1,5
Wings,arygos,96,paladin,holy,6,1,5
Vîxey,ragnaros,96,paladin,holy,6,1,5
Delilahxoxo,mugthol,96,paladin,holy,9,1,8
Ripadin,dunemaul,96,paladin,holy,11,1,10
Vanquishyr,stormrage,96,paladin,holy,12,1,11
Ordained,moonrunner,96,paladin,holy,12,1,11
Acpally,tichondrius,96,paladin,holy,12,1,11
Zentrick,whisperwind,96,paladin,holy,12,1,11
Midnightboto,dragonmaw,96,paladin,holy,12,1,11
Retholyprot,tichondrius,96,paladin,holy,12,1,11
Palaknight,tichondrius,95,paladin,holy,6,1,5
Ååron,thrall,89,paladin,holy,11,3,8
Tmzoeyqt,tichondrius,84,paladin,holy,9,4,5
Athenia,moon-guard,63,paladin,holy,6,3,3
Jkethuhsnake,ghostlands,48,paladin,holy,21,1,20
Alpinestârs,tichondrius,42,paladin,holy,9,2,7
Justinbebr,tichondrius,42,paladin,holy,14,3,11
Kziwei,stormrage,31,paladin,holy,2,1,1
Oghal,frostmourne,9,paladin,holy,23,3,20
Vanguards,tichondrius,2192,paladin,retribution,78,43,35
Imitlol,alexstrasza,2143,paladin,retribution,152,76,76
Yuji,darkspear,2133,paladin,retribution,96,49,47
Hollyflame,tichondrius,2119,paladin,retribution,119,62,57
Picachü,ragnaros,2104,paladin,retribution,125,63,62
Bullmarket,tichondrius,2104,paladin,retribution,114,57,57
Lanteranth,drenden,2072,paladin,retribution,114,56,58
Dreamcastx,tichondrius,2040,paladin,retribution,113,57,56
Angryvelic,tichondrius,2019,paladin,retribution,87,41,46
Wasteddwolf,tichondrius,1992,paladin,retribution,99,50,49
Aldda,azralon,1992,paladin,retribution,110,51,59
Asukaba,sargeras,1981,paladin,retribution,62,32,30
Xexe,stormreaver,1974,paladin,retribution,126,60,66
Smortain,tichondrius,1973,paladin,retribution,84,39,45
Maledraenei,sargeras,1970,paladin,retribution,113,54,59
Ämoureux,bleeding-hollow,1970,paladin,retribution,141,67,74
Caveyodeler,zuluhed,1962,paladin,retribution,66,31,35
Mashbringer,moon-guard,1958,paladin,retribution,60,33,27
Theblèss,tichondrius,1956,paladin,retribution,61,30,31
Conndiment,earthen-ring,1942,paladin,retribution,72,35,37
Dratzq,ragnaros,1938,paladin,retribution,90,49,41
Rasler,stormrage,1919,paladin,retribution,96,54,42
Coolvelic,tichondrius,1909,paladin,retribution,78,35,43
Retroreq,tichondrius,1907,paladin,retribution,107,60,47
Yccorz,frostmourne,1904,paladin,retribution,107,54,53
Kamadonezuko,illidan,1903,paladin,retribution,53,30,23
Notvelic,tichondrius,1901,paladin,retribution,63,30,33
Alpinestârs,tichondrius,1900,paladin,retribution,68,35,33
Angelguards,tichondrius,1900,paladin,retribution,60,30,30
Luosiding,tichondrius,1896,paladin,retribution,141,63,78
Cønk,khadgar,1892,paladin,retribution,170,100,70
Vendatha,darkspear,1887,paladin,retribution,30,25,5
Hellsingwolf,zuljin,1885,paladin,retribution,30,20,10
Condiments,earthen-ring,1876,paladin,retribution,66,34,32
Voidaz,stormscale,1873,paladin,retribution,60,31,29
Fuchí,tichondrius,1873,paladin,retribution,149,73,76
Evanguards,tichondrius,1870,paladin,retribution,75,34,41
Alexjones,stormrage,1866,paladin,retribution,78,43,35
Dampenedxd,bleeding-hollow,1866,paladin,retribution,80,39,41
Xilio,tichondrius,1865,paladin,retribution,72,36,36
Simplybést,zuljin,1865,paladin,retribution,102,45,57
Younghova,kelthuzad,1857,paladin,retribution,66,32,34
Indivisionxp,tichondrius,1855,paladin,retribution,49,30,19
Ozzium,ragnaros,1855,paladin,retribution,113,54,59
Vânguards,tichondrius,1852,paladin,retribution,42,24,18
Solanin,frostmourne,1849,paladin,retribution,35,20,15
Hurv,area-52,1848,paladin,retribution,53,30,23
Quitzz,tichondrius,1847,paladin,retribution,63,32,31
Pécorino,malganis,1843,paladin,retribution,46,29,17
Kurôsh,kalecgos,1842,paladin,retribution,60,31,29
Divinehammer,proudmoore,1842,paladin,retribution,60,28,32
Mikhàël,stormscale,1840,paladin,retribution,52,37,15
Popje,zuljin,1839,paladin,retribution,36,20,16
Grifnballs,agamaggan,1839,paladin,retribution,56,31,25
Immobilized,frostmourne,1839,paladin,retribution,58,29,29
Reypally,dalaran,1838,paladin,retribution,93,48,45
Kushsessions,zuljin,1837,paladin,retribution,42,20,22
Alodorx,tichondrius,1836,paladin,retribution,36,23,13
Kangsang,illidan,1835,paladin,retribution,70,33,37
Lilglick,illidan,1833,paladin,retribution,36,21,15
Antlkd,quelthalas,1833,paladin,retribution,53,29,24
Leonilx,tichondrius,1832,paladin,retribution,48,21,27
ßò,area-52,1830,paladin,retribution,46,31,15
Eldenblade,moon-guard,1829,paladin,retribution,54,31,23
Coldzerox,ragnaros,1829,paladin,retribution,161,82,79
Honeydutchtv,black-dragonflight,1829,paladin,retribution,174,79,95
Hammrekt,kelthuzad,1829,paladin,retribution,47,20,27
Bornterrible,queldorei,1828,paladin,retribution,54,25,29
Idenline,moon-guard,1827,paladin,retribution,59,30,29
Xxwitcherxx,stormrage,1826,paladin,retribution,63,33,30
Zanur,tichondrius,1826,paladin,retribution,83,41,42
Wolfs,firetree,1826,paladin,retribution,66,29,37
Metallíka,nemesis,1826,paladin,retribution,71,31,40
Apollidin,malganis,1824,paladin,retribution,57,23,34
Saradomin,kelthuzad,1822,paladin,retribution,129,66,63
Dtaitou,tichondrius,1821,paladin,retribution,54,24,30
Kíngkáísér,azralon,1820,paladin,retribution,29,20,9
Geöspäwn,tichondrius,1819,paladin,retribution,39,20,19
Anbivilent,moon-guard,1819,paladin,retribution,48,23,25
Furgalicious,area-52,1819,paladin,retribution,107,48,59
Dwimberlike,ragnaros,1816,paladin,retribution,56,37,19
Kooi,illidan,1816,paladin,retribution,78,35,43
Tyrillian,aerie-peak,1816,paladin,retribution,48,21,27
Kíngkáiser,azralon,1815,paladin,retribution,46,27,19
Bigdickrick,ragnaros,1814,paladin,retribution,36,23,13
Danceholy,tichondrius,1814,paladin,retribution,57,30,27
Zulmay,malganis,1814,paladin,retribution,156,78,78
Gelosagrado,illidan,1814,paladin,retribution,77,31,46
Dorktanian,stormrage,1813,paladin,retribution,78,40,38
Daxxj,akama,1813,paladin,retribution,68,31,37
Damionblade,proudmoore,1812,paladin,retribution,72,39,33
Rethumtv,tichondrius,1812,paladin,retribution,72,30,42
Arkadiano,drakkari,1812,paladin,retribution,78,29,49
Animepower,moon-guard,1811,paladin,retribution,94,56,38
Triston,area-52,1810,paladin,retribution,120,66,54
Lilcyans,ragnaros,1810,paladin,retribution,66,34,32
Downways,sargeras,1807,paladin,retribution,73,39,34
Velstadt,sargeras,1807,paladin,retribution,66,29,37
Jhasøn,quelthalas,1806,paladin,retribution,60,40,20
Pornenjoyer,dalaran,1806,paladin,retribution,30,19,11
Darcobs,ragnaros,1806,paladin,retribution,172,90,82
Erodan,moon-guard,1806,paladin,retribution,82,35,47
Panncakeman,tichondrius,1804,paladin,retribution,60,33,27
Ironblade,zuljin,1804,paladin,retribution,54,29,25
Lumbersnack,moon-guard,1804,paladin,retribution,75,36,39
Niubcjq,tichondrius,1803,paladin,retribution,42,19,23
Sâdê,bleeding-hollow,1802,paladin,retribution,36,19,17
Mürlin,illidan,1802,paladin,retribution,105,52,53
Aleríon,ragnaros,1800,paladin,retribution,139,78,61
Kádabrak,tichondrius,1794,paladin,retribution,54,34,20
Mikeqiaodan,tichondrius,1790,paladin,retribution,91,40,51
Hargol,stormrage,1788,paladin,retribution,78,36,42
Bubblemark,tichondrius,1782,paladin,retribution,74,34,40
Zakladchick,illidan,1778,paladin,retribution,48,26,22
Venguards,azralon,1771,paladin,retribution,51,28,23
Lundor,ragnaros,1769,paladin,retribution,77,37,40
Syleith,shadow-council,1768,paladin,retribution,115,54,61
Bartharious,malganis,1768,paladin,retribution,60,27,33
Rahkinishu,khaz-modan,1766,paladin,retribution,189,109,80
Bohring,bleeding-hollow,1763,paladin,retribution,42,22,20
Usdacertifed,lightnings-blade,1758,paladin,retribution,66,33,33
Voodoovon,tichondrius,1753,paladin,retribution,77,38,39
Primaryee,tichondrius,1752,paladin,retribution,115,48,67
Lokâr,lightbringer,1751,paladin,retribution,54,26,28
Scarotv,malganis,1750,paladin,retribution,54,26,28
Memorisë,ragnaros,1744,paladin,retribution,45,25,20
Rashbringer,azgalor,1742,paladin,retribution,67,34,33
Ryuseiblade,ragnaros,1741,paladin,retribution,60,26,34
Retxsilver,thrall,1739,paladin,retribution,89,41,48
Bigdaddysdic,illidan,1736,paladin,retribution,72,36,36
Dippedxd,tichondrius,1735,paladin,retribution,54,29,25
Ðiviñe,zuluhed,1734,paladin,retribution,48,25,23
Crayt,tichondrius,1732,paladin,retribution,45,24,21
Konesky,dalaran,1732,paladin,retribution,40,21,19
Alyena,area-52,1728,paladin,retribution,34,19,15
Riseandgrind,tichondrius,1723,paladin,retribution,36,18,18
Getmeabag,tichondrius,1721,paladin,retribution,36,18,18
Zeldoul,magtheridon,1721,paladin,retribution,59,27,32
Konsentrate,tichondrius,1719,paladin,retribution,150,78,72
Bøgård,sargeras,1717,paladin,retribution,42,22,20
Scrubble,thrall,1717,paladin,retribution,80,40,40
Notae,icecrown,1717,paladin,retribution,42,21,21
Retrachet,thrall,1717,paladin,retribution,42,21,21
Éætûgýäëí,area-52,1716,paladin,retribution,42,18,24
Jvbai,area-52,1714,paladin,retribution,54,26,28
Jonathein,barthilas,1713,paladin,retribution,82,40,42
Fylerz,blackhand,1710,paladin,retribution,54,30,24
Fussyotter,stormreaver,1709,paladin,retribution,73,41,32
Svinadin,emerald-dream,1708,paladin,retribution,36,21,15
Teknik,stormscale,1708,paladin,retribution,94,45,49
Sasorï,stormrage,1706,paladin,retribution,72,33,39
Holywaffle,nemesis,1705,paladin,retribution,54,29,25
Johnmacclane,azralon,1704,paladin,retribution,77,42,35
Pramethious,sargeras,1704,paladin,retribution,48,22,26
Bakafish,tichondrius,1702,paladin,retribution,24,18,6
Flykzu,azralon,1702,paladin,retribution,82,40,42
Trippën,tichondrius,1699,paladin,retribution,91,52,39
Nhsvikings,bleeding-hollow,1699,paladin,retribution,47,26,21
Buckey,kilrogg,1699,paladin,retribution,52,28,24
Toughxguy,sargeras,1699,paladin,retribution,62,28,34
Bestowed,moon-guard,1697,paladin,retribution,51,25,26
Lvladen,sargeras,1697,paladin,retribution,48,20,28
Swiftskillz,bleeding-hollow,1696,paladin,retribution,89,53,36
Handyandy,kelthuzad,1695,paladin,retribution,48,22,26
Practícal,moon-guard,1693,paladin,retribution,66,35,31
Homelanderp,tichondrius,1693,paladin,retribution,51,25,26
Dazn,tichondrius,1693,paladin,retribution,78,26,52
Roushex,sargeras,1692,paladin,retribution,42,18,24
Kubota,sargeras,1690,paladin,retribution,30,20,10
Peledin,azralon,1689,paladin,retribution,59,31,28
Beautiful,proudmoore,1689,paladin,retribution,66,31,35
Pickleret,emerald-dream,1689,paladin,retribution,78,36,42
Neonblade,illidan,1689,paladin,retribution,54,23,31
Apnea,ragnaros,1689,paladin,retribution,78,32,46
Thoreal,thrall,1686,paladin,retribution,60,30,30
Nah,emerald-dream,1685,paladin,retribution,51,27,24
Palimedic,sargeras,1685,paladin,retribution,60,26,34
Palli,moon-guard,1684,paladin,retribution,42,24,18
Justnikop,tichondrius,1681,paladin,retribution,63,30,33
Whyta,azralon,1680,paladin,retribution,97,54,43
Bravepala,tichondrius,1680,paladin,retribution,54,20,34
Tagex,malganis,1678,paladin,retribution,114,57,57
Mordirhar,tichondrius,1678,paladin,retribution,54,23,31
Kaithen,quelthalas,1676,paladin,retribution,131,66,65
Zozo,zuljin,1674,paladin,retribution,36,22,14
Genericuser,sargeras,1674,paladin,retribution,42,20,22
Fionno,quelthalas,1673,paladin,retribution,92,50,42
Quinnzel,barthilas,1673,paladin,retribution,50,27,23
Vip,frostmourne,1671,paladin,retribution,42,21,21
Chriskriego,frostmourne,1671,paladin,retribution,60,24,36
Lleo,nemesis,1670,paladin,retribution,112,52,60
Soverejgn,bleeding-hollow,1670,paladin,retribution,100,40,60
Ashkandi,tichondrius,1669,paladin,retribution,48,25,23
Pumperjer,tichondrius,1669,paladin,retribution,53,26,27
Boarfarmer,tichondrius,1669,paladin,retribution,48,23,25
Mílkywayx,stormrage,1665,paladin,retribution,61,31,30
Haiden,goldrinn,1665,paladin,retribution,55,23,32
Ohuo,tichondrius,1663,paladin,retribution,125,62,63
Stompëd,proudmoore,1663,paladin,retribution,62,29,33
Finaljustice,sargeras,1661,paladin,retribution,30,19,11
Dârkk,tichondrius,1661,paladin,retribution,30,18,12
Clownfister,barthilas,1661,paladin,retribution,36,21,15
Profundity,area-52,1659,paladin,retribution,48,23,25
Goldnhart,wyrmrest-accord,1657,paladin,retribution,42,21,21
Bakapal,tichondrius,1656,paladin,retribution,36,20,16
Sabotsaint,tichondrius,1656,paladin,retribution,49,20,29
Xbloodknight,malganis,1654,paladin,retribution,38,23,15
Agamemnom,tichondrius,1654,paladin,retribution,82,44,38
Itzcupcake,illidan,1653,paladin,retribution,120,69,51
Backdrop,proudmoore,1652,paladin,retribution,133,67,66
Nitemareforu,stormreaver,1651,paladin,retribution,24,18,6
Lanach,lightbringer,1651,paladin,retribution,64,33,31
Comeuppance,wyrmrest-accord,1649,paladin,retribution,72,38,34
Tramatic,sargeras,1648,paladin,retribution,42,21,21
Zalndraeda,barthilas,1647,paladin,retribution,66,37,29
Parkwons,tichondrius,1646,paladin,retribution,60,23,37
Geedee,ysera,1645,paladin,retribution,70,39,31
Beaconlol,proudmoore,1644,paladin,retribution,43,29,14
Beefjustice,velen,1643,paladin,retribution,48,27,21
Serås,silvermoon,1640,paladin,retribution,66,43,23
Forthestreet,tichondrius,1640,paladin,retribution,82,45,37
Dimdabbin,malganis,1637,paladin,retribution,42,22,20
Jud,frostmourne,1636,paladin,retribution,90,43,47
Marehk,thrall,1635,paladin,retribution,53,30,23
Lightowen,draka,1634,paladin,retribution,46,22,24
Koketsu,ragnaros,1634,paladin,retribution,97,40,57
Hamburgeryu,tichondrius,1632,paladin,retribution,46,21,25
Cristø,stormrage,1631,paladin,retribution,60,23,37
Azoruken,quelthalas,1630,paladin,retribution,41,22,19
Mixz,bleeding-hollow,1630,paladin,retribution,42,22,20
Bigjiba,proudmoore,1630,paladin,retribution,42,21,21
Zèrà,thunderhorn,1629,paladin,retribution,36,17,19
Kíbá,malganis,1627,paladin,retribution,33,18,15
Remethea,sargeras,1627,paladin,retribution,90,44,46
Hólyélf,illidan,1627,paladin,retribution,48,18,30
Watchamebaba,malganis,1624,paladin,retribution,42,17,25
Radacos,emerald-dream,1623,paladin,retribution,160,80,80
Trixtur,tichondrius,1623,paladin,retribution,42,21,21
Litler,tichondrius,1622,paladin,retribution,44,30,14
Gobblerr,blackrock,1622,paladin,retribution,30,20,10
Evangelìne,darkspear,1622,paladin,retribution,30,18,12
Borrus,malygos,1621,paladin,retribution,48,27,21
Hazexd,illidan,1621,paladin,retribution,36,20,16
Faladrim,moon-guard,1621,paladin,retribution,160,84,76
Divínos,area-52,1619,paladin,retribution,42,21,21
Orivia,spirestone,1619,paladin,retribution,42,19,23
Bbtea,frostmourne,1619,paladin,retribution,48,20,28
Caribourider,tichondrius,1618,paladin,retribution,41,20,21
Glørious,drakkari,1618,paladin,retribution,90,42,48
Hedilyan,azralon,1617,paladin,retribution,60,31,29
Lawmower,sargeras,1616,paladin,retribution,54,32,22
Techno,tichondrius,1616,paladin,retribution,48,25,23
Tuuro,stormrage,1616,paladin,retribution,54,22,32
Lyrz,sargeras,1615,paladin,retribution,57,33,24
Moolishous,frostmourne,1615,paladin,retribution,65,34,31
Raelan,icecrown,1614,paladin,retribution,71,49,22
Lightlana,frostwolf,1614,paladin,retribution,48,25,23
Zett,jubeithos,1612,paladin,retribution,41,17,24
Allîe,malganis,1611,paladin,retribution,72,37,35
Rahmie,kiljaeden,1611,paladin,retribution,96,41,55
Titannious,stormrage,1610,paladin,retribution,77,34,43
Beeftink,tichondrius,1609,paladin,retribution,100,51,49
Regivan,nemesis,1609,paladin,retribution,54,21,33
Luzoscura,quelthalas,1608,paladin,retribution,36,21,15
Sololeveling,malganis,1608,paladin,retribution,98,48,50
Golden,tichondrius,1608,paladin,retribution,42,20,22
Alxndrr,area-52,1607,paladin,retribution,30,17,13
Ladeon,proudmoore,1607,paladin,retribution,42,22,20
Trolladin,rivendare,1607,paladin,retribution,110,51,59
Andrilsteh,malganis,1607,paladin,retribution,66,29,37
Sukilol,tichondrius,1607,paladin,retribution,54,22,32
Ópsv,quelthalas,1606,paladin,retribution,101,58,43
Mathalt,area-52,1605,paladin,retribution,43,24,19
Chrisader,stormrage,1605,paladin,retribution,36,19,17
Dïlly,area-52,1605,paladin,retribution,78,40,38
Xeniél,illidan,1604,paladin,retribution,36,19,17
Rycerzforge,ragnaros,1604,paladin,retribution,68,35,33
Actionb,aggramar,1604,paladin,retribution,90,41,49
Loisterly,bladefist,1603,paladin,retribution,80,39,41
Skylinator,bleeding-hollow,1603,paladin,retribution,59,26,33
Traceless,emerald-dream,1601,paladin,retribution,69,40,29
Cyrenity,tichondrius,1601,paladin,retribution,54,17,37
Telarøn,stormrage,1600,paladin,retribution,165,83,82
Ítsyôúñötmé,tichondrius,1599,paladin,retribution,50,28,22
Raxadin,stormrage,1599,paladin,retribution,36,19,17
Thrax,spirestone,1597,paladin,retribution,40,18,22
Paladinomg,darkspear,1596,paladin,retribution,106,60,46
Zarrakra,daggerspine,1596,paladin,retribution,51,27,24
Happybubbles,tichondrius,1594,paladin,retribution,36,20,16
Layonhánd,ragnaros,1593,paladin,retribution,48,22,26
Dankrachet,thrall,1593,paladin,retribution,48,19,29
Matthrian,moon-guard,1591,paladin,retribution,54,19,35
Auralyon,tichondrius,1590,paladin,retribution,42,17,25
Pantufä,stormrage,1588,paladin,retribution,35,17,18
Thastrian,stormreaver,1586,paladin,retribution,42,23,19
Renckay,ragnaros,1585,paladin,retribution,42,22,20
Benoít,zuljin,1583,paladin,retribution,72,40,32
Josxth,stormrage,1583,paladin,retribution,36,19,17
Dashhighborn,sargeras,1583,paladin,retribution,48,25,23
Taphos,icecrown,1581,paladin,retribution,53,30,23
Chancellor,azralon,1580,paladin,retribution,120,68,52
Oppressive,moon-guard,1579,paladin,retribution,194,91,103
Vasharien,nerzhul,1577,paladin,retribution,42,23,19
Fuknshané,area-52,1577,paladin,retribution,68,32,36
Ibullyourmom,tichondrius,1576,paladin,retribution,41,18,23
Kozk,quelthalas,1575,paladin,retribution,87,55,32
Malacriianza,quelthalas,1574,paladin,retribution,30,18,12
Víkk,zuljin,1573,paladin,retribution,96,40,56
Stônemôuntan,moon-guard,1573,paladin,retribution,54,19,35
Stackmymoney,kelthuzad,1572,paladin,retribution,50,22,28
Ðoflamingo,area-52,1570,paladin,retribution,48,27,21
Oathen,proudmoore,1570,paladin,retribution,50,21,29
Djdiogø,azralon,1568,paladin,retribution,51,20,31
Purejudgemnt,area-52,1567,paladin,retribution,36,22,14
Obsolete,onyxia,1567,paladin,retribution,36,18,18
Coffeepal,tichondrius,1567,paladin,retribution,48,23,25
Deepsearide,illidan,1566,paladin,retribution,54,30,24
Émiluss,stormrage,1566,paladin,retribution,36,18,18
Tantradin,area-52,1564,paladin,retribution,48,20,28
Killeralan,quelthalas,1556,paladin,retribution,54,27,27
Vêgenace,proudmoore,1556,paladin,retribution,48,24,24
Missusomutch,azralon,1556,paladin,retribution,50,17,33
Valardaharis,thunderlord,1555,paladin,retribution,70,32,38
ßountystrike,sargeras,1554,paladin,retribution,48,18,30
Crybátt,quelthalas,1553,paladin,retribution,62,32,30
Shaidd,bleeding-hollow,1553,paladin,retribution,62,32,30
Luminiscente,ragnaros,1553,paladin,retribution,58,29,29
Alexieus,wyrmrest-accord,1553,paladin,retribution,71,32,39
Dorex,moon-guard,1552,paladin,retribution,63,39,24
Malakor,thrall,1552,paladin,retribution,84,36,48
Lumaros,wyrmrest-accord,1550,paladin,retribution,42,22,20
Holyjoint,uther,1550,paladin,retribution,68,27,41
Brokeniron,wyrmrest-accord,1546,paladin,retribution,42,19,23
Baeflux,kelthuzad,1544,paladin,retribution,42,18,24
Parlore,moon-guard,1544,paladin,retribution,72,30,42
Brightstar,azjolnerub,1542,paladin,retribution,48,24,24
Forlam,sargeras,1542,paladin,retribution,90,38,52
Thaldun,wyrmrest-accord,1541,paladin,retribution,95,41,54
Ascetic,barthilas,1540,paladin,retribution,72,23,49
Frùglé,sargeras,1538,paladin,retribution,36,20,16
Beshiki,hakkar,1538,paladin,retribution,204,100,104
Greciâ,ragnaros,1535,paladin,retribution,42,18,24
Xuantianchai,tichondrius,1534,paladin,retribution,18,16,2
Hammrekt,sargeras,1534,paladin,retribution,24,16,8
Jager,medivh,1533,paladin,retribution,71,41,30
Álkair,ragnaros,1533,paladin,retribution,65,27,38
Popwings,azralon,1532,paladin,retribution,28,17,11
Kookamønga,tichondrius,1532,paladin,retribution,45,22,23
Rohrn,firetree,1531,paladin,retribution,43,27,16
Mortaine,moon-guard,1530,paladin,retribution,30,16,14
Elëssar,ragnaros,1530,paladin,retribution,77,40,37
Bramot,moon-guard,1529,paladin,retribution,24,16,8
Nishru,sargeras,1529,paladin,retribution,30,16,14
Christtel,stormrage,1528,paladin,retribution,27,17,10
Unfairness,skullcrusher,1528,paladin,retribution,63,33,30
Ástridr,moon-guard,1528,paladin,retribution,95,43,52
Mazaltoff,proudmoore,1528,paladin,retribution,60,26,34
Sneeber,stormrage,1527,paladin,retribution,54,25,29
Chiphazard,stormscale,1526,paladin,retribution,44,17,27
Kenpachí,doomhammer,1525,paladin,retribution,36,27,9
Venxpeita,azralon,1525,paladin,retribution,24,16,8
Grîshnâkh,ragnaros,1525,paladin,retribution,83,44,39
Gokuu,korgath,1525,paladin,retribution,50,26,24
Purdicks,emerald-dream,1525,paladin,retribution,48,21,27
Shiryn,illidan,1524,paladin,retribution,36,16,20
Lucianz,ragnaros,1523,paladin,retribution,48,20,28
Ezcoatl,stormrage,1522,paladin,retribution,80,40,40
Utherpendrag,bladefist,1522,paladin,retribution,60,20,40
Filthyape,wyrmrest-accord,1520,paladin,retribution,24,17,7
Yovan,proudmoore,1518,paladin,retribution,42,24,18
Souyiro,sargeras,1517,paladin,retribution,36,16,20
Getdiswork,malygos,1517,paladin,retribution,57,25,32
Joltie,quelthalas,1515,paladin,retribution,125,68,57
Jdgmnt,sargeras,1515,paladin,retribution,54,28,26
Haunter,akama,1513,paladin,retribution,48,23,25
Paladincane,sargeras,1512,paladin,retribution,30,16,14
Greasysteve,stormrage,1511,paladin,retribution,36,22,14
Mysticblade,sargeras,1508,paladin,retribution,54,31,23
Anivan,moon-guard,1507,paladin,retribution,36,19,17
Beardy,emerald-dream,1507,paladin,retribution,48,25,23
Faowin,sargeras,1505,paladin,retribution,48,22,26
Elegan,frostmourne,1504,paladin,retribution,36,16,20
Alanthor,ragnaros,1503,paladin,retribution,108,48,60
Xk,kiljaeden,1502,paladin,retribution,30,16,14
Lecheroø,tichondrius,1502,paladin,retribution,30,16,14
Notneo,zuljin,1501,paladin,retribution,35,19,16
Audris,chogall,1497,paladin,retribution,65,29,36
Sovereignt,aggramar,1495,paladin,retribution,133,73,60
Preacherfudd,area-52,1493,paladin,retribution,30,16,14
Dazedpal,tichondrius,1492,paladin,retribution,164,86,78
Arquidea,tichondrius,1492,paladin,retribution,36,16,20
Týrael,uldum,1491,paladin,retribution,36,21,15
Castïël,area-52,1488,paladin,retribution,139,67,72
Folgimar,moon-guard,1484,paladin,retribution,60,32,28
Kellissandra,aerie-peak,1482,paladin,retribution,42,18,24
Dalgren,quelthalas,1482,paladin,retribution,81,30,51
Cyniaria,moon-guard,1480,paladin,retribution,36,21,15
Cloaxy,azgalor,1480,paladin,retribution,60,23,37
Areuss,tichondrius,1479,paladin,retribution,29,16,13
Mcholy,thrall,1479,paladin,retribution,38,20,18
Janokaluo,wyrmrest-accord,1479,paladin,retribution,72,37,35
Quadrifoglio,moon-guard,1479,paladin,retribution,60,29,31
Arecht,moon-guard,1474,paladin,retribution,30,19,11
Fressbee,nathrezim,1473,paladin,retribution,41,19,22
Belgrieve,proudmoore,1472,paladin,retribution,36,19,17
Zuthora,alleria,1471,paladin,retribution,70,37,33
Yoboyindahiz,stormrage,1471,paladin,retribution,57,23,34
Schwârts,blackrock,1469,paladin,retribution,52,26,26
Dimmadome,frostmourne,1465,paladin,retribution,66,44,22
Freiermoth,shadowmoon,1462,paladin,retribution,111,57,54
Dreyan,wyrmrest-accord,1462,paladin,retribution,47,23,24
Onitenshi,stormscale,1461,paladin,retribution,48,23,25
Snussp,emerald-dream,1461,paladin,retribution,69,32,37
Bilbain,proudmoore,1459,paladin,retribution,113,58,55
Kiritazuma,ravencrest,1459,paladin,retribution,48,20,28
Dentarg,garrosh,1456,paladin,retribution,54,29,25
Arturias,kiljaeden,1456,paladin,retribution,54,24,30
Kadbury,icecrown,1455,paladin,retribution,73,26,47
Lolslikeomg,malganis,1454,paladin,retribution,60,23,37
Monchy,bleeding-hollow,1453,paladin,retribution,52,27,25
Bañe,lightbringer,1452,paladin,retribution,63,26,37
Samgonz,tichondrius,1450,paladin,retribution,36,18,18
Liaadrin,azralon,1450,paladin,retribution,32,16,16
Solandiis,tichondrius,1450,paladin,retribution,67,32,35
Kawkpaladin,kaelthas,1450,paladin,retribution,36,17,19
Airplane,malygos,1449,paladin,retribution,24,16,8
Insideous,kelthuzad,1448,paladin,retribution,48,19,29
Sammyste,elune,1446,paladin,retribution,56,29,27
Aoishie,bleeding-hollow,1444,paladin,retribution,96,45,51
Carnagias,bleeding-hollow,1443,paladin,retribution,65,34,31
Saccro,area-52,1443,paladin,retribution,54,20,34
Iluminadoor,nemesis,1442,paladin,retribution,29,19,10
Lumíty,sargeras,1442,paladin,retribution,77,40,37
Kkgame,tichondrius,1439,paladin,retribution,37,19,18
Istril,ragnaros,1438,paladin,retribution,133,69,64
Iäl,tichondrius,1438,paladin,retribution,36,15,21
Furylolz,tichondrius,1438,paladin,retribution,36,15,21
Justicejosh,frostmourne,1435,paladin,retribution,24,15,9
Gimli,mannoroth,1434,paladin,retribution,36,15,21
Holydiver,sargeras,1433,paladin,retribution,60,23,37
Granisdh,aegwynn,1432,paladin,retribution,42,22,20
Jowliet,stormrage,1432,paladin,retribution,30,15,15
Sprinkills,frostmourne,1430,paladin,retribution,25,18,7
Forged,steamwheedle-cartel,1430,paladin,retribution,66,29,37
Ellanaria,thrall,1429,paladin,retribution,36,20,16
Lmd,tichondrius,1429,paladin,retribution,54,29,25
Sunwrath,quelthalas,1426,paladin,retribution,48,22,26
Dallyon,stormrage,1425,paladin,retribution,24,15,9
Powermonster,tichondrius,1425,paladin,retribution,36,15,21
Zadquel,ragnaros,1423,paladin,retribution,45,22,23
Sanguinata,shadowsong,1421,paladin,retribution,36,23,13
Tesak,emerald-dream,1421,paladin,retribution,36,16,20
Arahann,bleeding-hollow,1420,paladin,retribution,29,16,13
Astharor,nemesis,1419,paladin,retribution,40,23,17
Çestlavie,korgath,1419,paladin,retribution,30,15,15
Annhette,sargeras,1418,paladin,retribution,31,15,16
Droden,tichondrius,1417,paladin,retribution,49,27,22
Landeren,khazgoroth,1417,paladin,retribution,36,15,21
Nasnyl,stormrage,1415,paladin,retribution,36,15,21
Zolktro,stormrage,1413,paladin,retribution,36,19,17
Savagedemise,barthilas,1413,paladin,retribution,55,28,27
Justicierø,aegwynn,1412,paladin,retribution,36,18,18
Therëv,zuljin,1412,paladin,retribution,41,15,26
Kevybevy,stormrage,1410,paladin,retribution,115,57,58
Vaqoh,ragnaros,1409,paladin,retribution,36,15,21
Reìarthur,stormrage,1408,paladin,retribution,72,32,40
Kulandis,stormrage,1408,paladin,retribution,57,24,33
Ddeadwhisper,executus,1407,paladin,retribution,92,52,40
Wasembroder,ragnaros,1406,paladin,retribution,53,25,28
Talantyr,zuljin,1406,paladin,retribution,54,23,31
Thalorian,azshara,1404,paladin,retribution,45,20,25
Zimzob,stormscale,1403,paladin,retribution,30,15,15
Swietomierz,proudmoore,1403,paladin,retribution,48,20,28
Tacien,tichondrius,1402,paladin,retribution,47,19,28
Viclovin,stormrage,1400,paladin,retribution,34,17,17
Albïreo,drakkari,1394,paladin,retribution,30,15,15
Tmac,azralon,1393,paladin,retribution,68,35,33
Belregn,illidan,1393,paladin,retribution,78,36,42
Richiggaa,illidan,1391,paladin,retribution,42,25,17
Slowedreverb,stormrage,1387,paladin,retribution,81,42,39
Naverpay,tichondrius,1385,paladin,retribution,29,15,14
Erowyn,tichondrius,1385,paladin,retribution,30,15,15
Ulrah,moon-guard,1383,paladin,retribution,62,30,32
Hdmi,darkspear,1382,paladin,retribution,35,17,18
Levian,spirestone,1380,paladin,retribution,66,31,35
Theretpally,kelthuzad,1378,paladin,retribution,36,16,20
Elsinore,senjin,1377,paladin,retribution,35,19,16
Mitchyc,stormrage,1376,paladin,retribution,60,28,32
Morneau,malganis,1375,paladin,retribution,98,47,51
Broxon,tichondrius,1372,paladin,retribution,46,27,19
Stdee,zuljin,1372,paladin,retribution,57,30,27
Falaran,azralon,1368,paladin,retribution,44,21,23
Wîckèd,tichondrius,1366,paladin,retribution,35,15,20
Bebopin,tichondrius,1365,paladin,retribution,34,16,18
Perzeføne,quelthalas,1364,paladin,retribution,30,15,15
Hamertime,wyrmrest-accord,1363,paladin,retribution,48,20,28
Alvick,icecrown,1363,paladin,retribution,39,16,23
Áthz,ragnaros,1362,paladin,retribution,40,20,20
Brightsaber,tichondrius,1357,paladin,retribution,51,29,22
Dfbattlepass,kelthuzad,1357,paladin,retribution,61,32,29
Wickedwingz,sargeras,1356,paladin,retribution,30,15,15
Wesdarian,jaedenar,1354,paladin,retribution,54,20,34
Urfavxbf,baelgun,1353,paladin,retribution,80,43,37
Avantasias,sargeras,1348,paladin,retribution,46,22,24
Øxøxø,emerald-dream,1347,paladin,retribution,72,38,34
Hazmât,illidan,1347,paladin,retribution,81,32,49
Dwurim,moon-guard,1346,paladin,retribution,42,23,19
Chinsta,zuljin,1344,paladin,retribution,24,16,8
Iqt,moon-guard,1343,paladin,retribution,30,14,16
Clapstick,illidan,1343,paladin,retribution,30,14,16
Kumdonia,illidan,1343,paladin,retribution,30,14,16
Cardynivans,tichondrius,1343,paladin,retribution,36,14,22
Holychris,shadowmoon,1343,paladin,retribution,36,14,22
Worder,tichondrius,1342,paladin,retribution,24,15,9
Sweetfish,kiljaeden,1341,paladin,retribution,24,14,10
Lazypally,frostmourne,1341,paladin,retribution,30,14,16
Retsonictwo,tichondrius,1340,paladin,retribution,30,14,16
Stöneblood,moon-guard,1339,paladin,retribution,36,14,22
Notoriouus,bleeding-hollow,1338,paladin,retribution,30,14,16
Neró,quelthalas,1337,paladin,retribution,55,25,30
Oldicktwist,garrosh,1336,paladin,retribution,42,23,19
Bigolcriddys,barthilas,1334,paladin,retribution,24,14,10
Väkariän,quelthalas,1333,paladin,retribution,30,14,16
Heraolympian,black-dragonflight,1331,paladin,retribution,24,15,9
Trogdorpwn,bonechewer,1331,paladin,retribution,30,17,13
Seraphini,illidan,1329,paladin,retribution,30,14,16
Amanzhul,quelthalas,1329,paladin,retribution,36,14,22
Melize,area-52,1328,paladin,retribution,93,44,49
Messeb,veknilash,1324,paladin,retribution,70,38,32
Christman,illidan,1323,paladin,retribution,78,33,45
Sländers,sargeras,1322,paladin,retribution,36,15,21
Sventyn,frostmourne,1320,paladin,retribution,41,14,27
Rasc,barthilas,1318,paladin,retribution,30,14,16
Wésters,quelthalas,1316,paladin,retribution,62,27,35
Aztraseneco,ragnaros,1313,paladin,retribution,62,33,29
Hurukpaly,azralon,1312,paladin,retribution,30,14,16
Andrinn,nemesis,1312,paladin,retribution,30,14,16
Formergf,crushridge,1311,paladin,retribution,48,24,24
Yamush,silver-hand,1309,paladin,retribution,30,14,16
Retrah,azralon,1306,paladin,retribution,24,14,10
Malorian,azgalor,1306,paladin,retribution,42,17,25
Shecara,malygos,1305,paladin,retribution,42,23,19
Charleyy,stormscale,1304,paladin,retribution,30,16,14
Hùck,alexstrasza,1303,paladin,retribution,91,40,51
Holyroro,area-52,1300,paladin,retribution,26,15,11
Atrayeus,dawnbringer,1300,paladin,retribution,48,21,27
Oneminute,nerzhul,1299,paladin,retribution,42,21,21
Krawmwell,lothar,1298,paladin,retribution,48,31,17
Dzx,nemesis,1298,paladin,retribution,90,41,49
Gixpal,skullcrusher,1297,paladin,retribution,24,14,10
Davinshki,stormrage,1297,paladin,retribution,26,15,11
Vtyr,nemesis,1297,paladin,retribution,51,23,28
Athenariel,bleeding-hollow,1295,paladin,retribution,36,16,20
Pallytoot,aerie-peak,1294,paladin,retribution,24,15,9
Scubàlicous,magtheridon,1294,paladin,retribution,36,15,21
Paladingirl,darkspear,1292,paladin,retribution,92,50,42
Ilovecl,tichondrius,1292,paladin,retribution,30,14,16
Hwanko,tichondrius,1291,paladin,retribution,22,16,6
Vêndar,ragnaros,1289,paladin,retribution,78,33,45
Konthrus,azralon,1287,paladin,retribution,27,18,9
Fabolouss,tichondrius,1287,paladin,retribution,48,25,23
Tutankhammer,stormrage,1286,paladin,retribution,58,28,30
Critxx,tichondrius,1286,paladin,retribution,71,32,39
Heindallr,nemesis,1284,paladin,retribution,36,18,18
Navicc,zuljin,1279,paladin,retribution,29,14,15
Cyreus,emerald-dream,1278,paladin,retribution,33,14,19
Mikehawkhuge,area-52,1276,paladin,retribution,42,22,20
Hinataa,illidan,1273,paladin,retribution,45,24,21
Webothhateme,tichondrius,1272,paladin,retribution,30,17,13
Khorgus,gundrak,1271,paladin,retribution,54,27,27
Melloow,azralon,1270,paladin,retribution,61,26,35
Jursch,emerald-dream,1268,paladin,retribution,48,18,30
Nqe,area-52,1264,paladin,retribution,26,14,12
Galaxahan,bonechewer,1262,paladin,retribution,64,30,34
Ajoladin,illidan,1262,paladin,retribution,42,16,26
Punative,darkspear,1262,paladin,retribution,48,16,32
Canadianeh,malganis,1260,paladin,retribution,66,28,38
Toyotasupra,azgalor,1258,paladin,retribution,36,21,15
Belena,jaedenar,1258,paladin,retribution,36,16,20
Aretwin,dalaran,1255,paladin,retribution,30,14,16
Balster,moon-guard,1254,paladin,retribution,43,18,25
Tobaz,azralon,1249,paladin,retribution,34,14,20
Szeq,tichondrius,1248,paladin,retribution,24,13,11
Zanthus,shadow-council,1248,paladin,retribution,24,13,11
Yawnbringer,tichondrius,1248,paladin,retribution,54,20,34
Venturep,azralon,1247,paladin,retribution,24,13,11
Hammrekt,illidan,1247,paladin,retribution,24,13,11
Mwqyyds,tichondrius,1247,paladin,retribution,24,13,11
Genovah,sargeras,1246,paladin,retribution,18,13,5
Davinchi,laughing-skull,1246,paladin,retribution,41,24,17
Olixx,blackrock,1246,paladin,retribution,24,13,11
Beyönd,quelthalas,1246,paladin,retribution,30,13,17
Yuccalicious,area-52,1246,paladin,retribution,35,15,20
Zephyrvalor,sargeras,1245,paladin,retribution,54,32,22
Semellem,bloodhoof,1245,paladin,retribution,24,13,11
Gainen,illidan,1245,paladin,retribution,35,17,18
Tribiani,lightbringer,1244,paladin,retribution,18,13,5
Moød,ragnaros,1244,paladin,retribution,27,14,13
Lucy,sargeras,1244,paladin,retribution,36,13,23
Likzebawlz,tichondrius,1243,paladin,retribution,18,13,5
Doktavius,lightbringer,1243,paladin,retribution,24,13,11
Deployed,kaelthas,1243,paladin,retribution,36,13,23
Pocserpala,drakkari,1242,paladin,retribution,18,13,5
Bebitufiufiu,illidan,1242,paladin,retribution,24,13,11
Tedward,emerald-dream,1242,paladin,retribution,24,13,11
Happywow,tichondrius,1242,paladin,retribution,41,19,22
Napstër,ragnaros,1242,paladin,retribution,30,13,17
Eurekasret,ragnaros,1241,paladin,retribution,24,13,11
Inmortall,illidan,1240,paladin,retribution,24,13,11
Såssy,moon-guard,1240,paladin,retribution,48,18,30
Saintpower,stormscale,1239,paladin,retribution,24,13,11
Rukkas,sargeras,1239,paladin,retribution,42,13,29
Deftonia,stormrage,1238,paladin,retribution,65,31,34
Siaaryn,darkspear,1237,paladin,retribution,30,13,17
Pristinne,darkspear,1237,paladin,retribution,82,34,48
Sconey,andorhal,1237,paladin,retribution,34,14,20
Streetsaint,frostmourne,1236,paladin,retribution,36,21,15
Hammerzite,whisperwind,1234,paladin,retribution,24,13,11
Lustros,stormrage,1234,paladin,retribution,30,13,17
Talivar,kelthuzad,1233,paladin,retribution,24,13,11
Rykorth,moon-guard,1232,paladin,retribution,21,13,8
Shiadfang,tichondrius,1231,paladin,retribution,30,13,17
Nicret,tichondrius,1230,paladin,retribution,18,13,5
Saucepally,laughing-skull,1229,paladin,retribution,36,18,18
Legible,tichondrius,1228,paladin,retribution,28,15,13
Drágons,stormrage,1228,paladin,retribution,42,19,23
Thorsenâ,sargeras,1226,paladin,retribution,27,17,10
Amarith,queldorei,1222,paladin,retribution,64,25,39
Bigdoosa,frostmourne,1221,paladin,retribution,24,13,11
Füriøsa,quelthalas,1221,paladin,retribution,59,29,30
Demihoj,illidan,1220,paladin,retribution,36,13,23
Redeviliu,tichondrius,1217,paladin,retribution,41,15,26
Reptaur,bleeding-hollow,1214,paladin,retribution,34,18,16
Kalgormoth,ragnaros,1213,paladin,retribution,29,13,16
Brsjak,frostmourne,1212,paladin,retribution,41,18,23
Dárí,stormrage,1210,paladin,retribution,54,23,31
Huitz,drakkari,1207,paladin,retribution,36,16,20
Longinus,eredar,1206,paladin,retribution,24,13,11
Soana,alexstrasza,1203,paladin,retribution,42,28,14
Rediems,drakkari,1203,paladin,retribution,42,21,21
Noskill,moonrunner,1202,paladin,retribution,42,27,15
Shusekki,drakkari,1201,paladin,retribution,24,13,11
Stõnêdpimp,agamaggan,1201,paladin,retribution,29,13,16
Arnblass,magtheridon,1199,paladin,retribution,45,16,29
Finishearlyx,kelthuzad,1198,paladin,retribution,35,13,22
Elbigboy,tichondrius,1195,paladin,retribution,77,41,36
Ulessys,bleeding-hollow,1194,paladin,retribution,36,17,19
Holybirkkal,arthas,1189,paladin,retribution,23,13,10
Zadragon,sargeras,1189,paladin,retribution,36,13,23
Balrok,cenarius,1181,paladin,retribution,119,53,66
Meanlight,zuljin,1178,paladin,retribution,36,19,17
Hokkan,quelthalas,1176,paladin,retribution,17,13,4
Schnabdain,exodar,1171,paladin,retribution,66,36,30
Uglymugz,area-52,1170,paladin,retribution,31,14,17
Linias,quelthalas,1169,paladin,retribution,21,14,7
Beastyone,tichondrius,1164,paladin,retribution,82,44,38
Soopadupa,trollbane,1164,paladin,retribution,68,36,32
Tonnerre,silvermoon,1164,paladin,retribution,37,17,20
Battlepope,thrall,1162,paladin,retribution,35,13,22
Grimhammer,the-scryers,1160,paladin,retribution,44,25,19
Mechelle,thrall,1157,paladin,retribution,42,19,23
Puredecuy,ragnaros,1152,paladin,retribution,18,12,6
Vânguârds,tichondrius,1152,paladin,retribution,24,12,12
Cöjax,dalaran,1151,paladin,retribution,18,12,6
Yorøchi,azralon,1151,paladin,retribution,24,12,12
Rektwings,area-52,1151,paladin,retribution,24,12,12
Galeast,tichondrius,1151,paladin,retribution,30,12,18
Dragynfist,malganis,1151,paladin,retribution,30,12,18
Xandia,aegwynn,1151,paladin,retribution,36,12,24
Juffury,illidan,1151,paladin,retribution,36,12,24
Traize,kelthuzad,1150,paladin,retribution,18,12,6
Britanybich,area-52,1150,paladin,retribution,24,12,12
Triginhall,moon-guard,1150,paladin,retribution,30,12,18
Hurrîcane,illidan,1150,paladin,retribution,30,12,18
Jaikerino,emerald-dream,1150,paladin,retribution,30,12,18
Lilthroatbby,malganis,1150,paladin,retribution,42,12,30
Yeeter,thrall,1149,paladin,retribution,24,12,12
Retosterone,stormrage,1149,paladin,retribution,30,12,18
Cøøkïë,frostmourne,1148,paladin,retribution,24,12,12
Accépting,sargeras,1148,paladin,retribution,24,12,12
Bigdpally,frostmourne,1148,paladin,retribution,36,12,24
Suncrashkid,nerzhul,1147,paladin,retribution,18,15,3
Fótm,bleeding-hollow,1147,paladin,retribution,24,12,12
Snoogans,korgath,1147,paladin,retribution,30,12,18
Cowsecration,ragnaros,1146,paladin,retribution,18,12,6
Barcar,area-52,1146,paladin,retribution,24,12,12
Rhegyna,quelthalas,1146,paladin,retribution,24,12,12
Xdiegox,stormrage,1145,paladin,retribution,30,12,18
Atterz,azralon,1144,paladin,retribution,30,12,18
Thoti,tichondrius,1143,paladin,retribution,25,12,13
Stormwinter,azralon,1143,paladin,retribution,36,12,24
Ginbirdup,kelthuzad,1141,paladin,retribution,18,12,6
Follower,sargeras,1141,paladin,retribution,37,14,23
Armstrongz,bleeding-hollow,1140,paladin,retribution,30,12,18
Victidin,quelthalas,1138,paladin,retribution,24,12,12
Scudstock,tichondrius,1138,paladin,retribution,36,16,20
Sophany,shattered-halls,1134,paladin,retribution,18,12,6
Arun,arthas,1128,paladin,retribution,33,15,18
Chbestafera,nemesis,1127,paladin,retribution,18,12,6
Damorte,ragnaros,1125,paladin,retribution,30,15,15
Sparkchaser,proudmoore,1125,paladin,retribution,24,12,12
Canadapants,kelthuzad,1120,paladin,retribution,18,12,6
Aowynd,tichondrius,1119,paladin,retribution,49,26,23
Zaklehblue,daggerspine,1118,paladin,retribution,60,24,36
Tronzyy,trollbane,1116,paladin,retribution,29,12,17
Deathwyz,thunderlord,1116,paladin,retribution,36,14,22
Sandicang,azuremyst,1114,paladin,retribution,36,18,18
Willhookah,azralon,1111,paladin,retribution,30,16,14
Palpinga,kelthuzad,1110,paladin,retribution,38,13,25
Vanillur,tichondrius,1109,paladin,retribution,38,16,22
Wasimodo,emerald-dream,1106,paladin,retribution,54,28,26
Greatgirthy,hyjal,1106,paladin,retribution,30,13,17
Adrockiller,quelthalas,1104,paladin,retribution,26,13,13
Galeatus,tichondrius,1102,paladin,retribution,35,13,22
Aellâ,bloodscalp,1096,paladin,retribution,68,33,35
Joelanson,blood-furnace,1092,paladin,retribution,30,16,14
Omenix,laughing-skull,1091,paladin,retribution,29,12,17
Cheesetitan,tichondrius,1090,paladin,retribution,52,22,30
Billnighy,alleria,1089,paladin,retribution,30,14,16
Mcbraín,quelthalas,1089,paladin,retribution,30,12,18
Trappadin,sargeras,1088,paladin,retribution,24,12,12
Salvations,queldorei,1085,paladin,retribution,30,15,15
Ôdenswrath,stormscale,1083,paladin,retribution,30,13,17
Zantdemption,frostmourne,1081,paladin,retribution,23,12,11
Orestis,stormrage,1079,paladin,retribution,23,12,11
Jinfandi,gurubashi,1079,paladin,retribution,30,12,18
Snowcrow,tichondrius,1078,paladin,retribution,26,12,14
Eliasor,illidan,1077,paladin,retribution,18,13,5
Bubblegums,nagrand,1072,paladin,retribution,60,34,26
Clefairy,arathor,1067,paladin,retribution,33,19,14
Kittylickers,tichondrius,1066,paladin,retribution,48,25,23
Alairius,tichondrius,1059,paladin,retribution,17,13,4
Andras,emerald-dream,1059,paladin,retribution,22,12,10
Andelko,tichondrius,1056,paladin,retribution,18,11,7
Pambeazley,bronzebeard,1056,paladin,retribution,24,11,13
Hefaista,ragnaros,1056,paladin,retribution,30,11,19
Siq,arthas,1056,paladin,retribution,30,11,19
Shôtgun,tichondrius,1056,paladin,retribution,30,11,19
Dippedlol,tichondrius,1055,paladin,retribution,18,11,7
Saakadin,illidan,1055,paladin,retribution,18,11,7
Hägär,tichondrius,1055,paladin,retribution,18,11,7
Pallysmack,stormrage,1055,paladin,retribution,24,11,13
Eneraxx,proudmoore,1055,paladin,retribution,24,11,13
Whosyadaddy,tichondrius,1055,paladin,retribution,24,11,13
Áldin,ragnaros,1054,paladin,retribution,20,12,8
Pallyzo,zuljin,1054,paladin,retribution,24,11,13
Minitas,blackrock,1054,paladin,retribution,24,11,13
Craq,alexstrasza,1054,paladin,retribution,28,12,16
Midheaven,moon-guard,1053,paladin,retribution,18,11,7
Palban,tichondrius,1053,paladin,retribution,24,11,13
Sancthia,area-52,1053,paladin,retribution,24,11,13
Alpengeist,turalyon,1053,paladin,retribution,24,11,13
Coleta,stormrage,1052,paladin,retribution,18,11,7
Cripplemakër,stormrage,1052,paladin,retribution,18,11,7
Vynesonia,emerald-dream,1052,paladin,retribution,21,12,9
Rimjobrachel,barthilas,1052,paladin,retribution,24,11,13
Albion,sargeras,1052,paladin,retribution,24,11,13
Brolando,hyjal,1052,paladin,retribution,24,11,13
Angrytitan,tichondrius,1052,paladin,retribution,30,11,19
Shlaps,crushridge,1051,paladin,retribution,18,11,7
Iesous,kiljaeden,1051,paladin,retribution,18,11,7
Athenauwu,illidan,1051,paladin,retribution,24,11,13
Libertylol,tichondrius,1051,paladin,retribution,28,12,16
Ranthoril,hydraxis,1050,paladin,retribution,12,11,1
Kaélthas,eonar,1050,paladin,retribution,24,11,13
Ødin,turalyon,1049,paladin,retribution,18,11,7
Mangguo,tichondrius,1049,paladin,retribution,24,11,13
Lïgma,dalaran,1048,paladin,retribution,18,11,7
Solomonss,frostmourne,1048,paladin,retribution,24,11,13
Mfgspally,kelthuzad,1048,paladin,retribution,24,11,13
Theldart,ragnaros,1046,paladin,retribution,24,11,13
Simplesam,draenor,1046,paladin,retribution,30,11,19
Statícx,ragnaros,1045,paladin,retribution,25,12,13
Dedsxy,tichondrius,1045,paladin,retribution,24,11,13
Guji,jubeithos,1045,paladin,retribution,24,11,13
Kalboko,twisting-nether,1045,paladin,retribution,27,12,15
Sïrenek,tichondrius,1044,paladin,retribution,19,11,8
Lostkanvas,azralon,1043,paladin,retribution,18,11,7
Tyrswrath,sargeras,1040,paladin,retribution,30,18,12
Mikezheng,tichondrius,1039,paladin,retribution,30,11,19
Bayaz,emerald-dream,1038,paladin,retribution,18,11,7
Gramaton,malfurion,1034,paladin,retribution,30,11,19
Jeinova,barthilas,1033,paladin,retribution,24,17,7
Thanatiel,area-52,1033,paladin,retribution,27,15,12
Mortika,frostmourne,1033,paladin,retribution,30,14,16
Herrit,frostmourne,1024,paladin,retribution,18,11,7
Fortueni,illidan,1024,paladin,retribution,70,39,31
Lejeñd,stormrage,1021,paladin,retribution,35,11,24
Thirtyfivemm,area-52,1020,paladin,retribution,24,11,13
Meltedcheese,destromath,1018,paladin,retribution,24,11,13
Sanctum,barthilas,1017,paladin,retribution,123,59,64
Missoutale,aerie-peak,1013,paladin,retribution,64,24,40
Exulta,illidan,1011,paladin,retribution,36,19,17
Durothar,dalaran,1006,paladin,retribution,24,11,13
Atreuss,moon-guard,996,paladin,retribution,24,12,12
Tøpbløke,frostmourne,993,paladin,retribution,25,12,13
Irantir,drakkari,991,paladin,retribution,29,11,18
Paim,tol-barad,990,paladin,retribution,26,11,15
Lêe,dalaran,987,paladin,retribution,15,12,3
Tharkeves,cenarius,987,paladin,retribution,22,11,11
Cuthroat,area-52,978,paladin,retribution,98,49,49
Garruckadin,dalaran,976,paladin,retribution,19,11,8
Hammerhitter,lightbringer,972,paladin,retribution,36,14,22
Ghøjan,malganis,968,paladin,retribution,17,11,6
Meleegodx,darkspear,960,paladin,retribution,18,10,8
Kmackk,tichondrius,960,paladin,retribution,18,10,8
Burnning,tichondrius,960,paladin,retribution,18,10,8
Zeyrox,stormrage,960,paladin,retribution,18,10,8
Talymra,ragnaros,960,paladin,retribution,18,10,8
Caperx,tichondrius,960,paladin,retribution,24,10,14
Komonai,illidan,960,paladin,retribution,24,10,14
Avati,sargeras,959,paladin,retribution,12,10,2
Darguen,ragnaros,959,paladin,retribution,16,11,5
Palajeans,stormrage,959,paladin,retribution,18,10,8
Clubs,sargeras,959,paladin,retribution,18,10,8
Daeyang,tichondrius,959,paladin,retribution,18,10,8
Ibustcheeks,sargeras,959,paladin,retribution,18,10,8
Déathkiing,area-52,959,paladin,retribution,24,10,14
Helldevil,zuljin,959,paladin,retribution,24,10,14
Yiqieyouwei,proudmoore,959,paladin,retribution,24,10,14
Anafensa,malganis,959,paladin,retribution,30,10,20
Varaben,sargeras,959,paladin,retribution,30,10,20
Thepinkdept,proudmoore,958,paladin,retribution,18,10,8
Nuggetpusher,thunderlord,958,paladin,retribution,21,10,11
Delanadras,kelthuzad,958,paladin,retribution,24,10,14
Skilladin,zuljin,958,paladin,retribution,24,10,14
Verdicts,moon-guard,958,paladin,retribution,30,10,20
Pockopea,arygos,957,paladin,retribution,18,10,8
Grünt,ragnaros,957,paladin,retribution,18,10,8
Luxord,ysera,957,paladin,retribution,22,11,11
Angriel,azralon,957,paladin,retribution,24,10,14
Esçanór,darkspear,957,paladin,retribution,24,10,14
Vulkaros,azralon,956,paladin,retribution,12,10,2
Rusinator,bonechewer,956,paladin,retribution,18,10,8
Solgrïm,wyrmrest-accord,956,paladin,retribution,18,10,8
Xalixxa,wyrmrest-accord,956,paladin,retribution,18,10,8
Kokuryuha,quelthalas,956,paladin,retribution,33,16,17
Vejita,frostmourne,955,paladin,retribution,18,10,8
Bulioevn,emerald-dream,955,paladin,retribution,18,10,8
Vanthor,emerald-dream,955,paladin,retribution,18,10,8
Retman,azuremyst,955,paladin,retribution,24,10,14
Winbott,sargeras,955,paladin,retribution,30,10,20
Naghret,area-52,954,paladin,retribution,18,10,8
Cacaine,goldrinn,954,paladin,retribution,21,11,10
Sòl,stormrage,954,paladin,retribution,24,10,14
Justsmiteit,dalaran,953,paladin,retribution,18,10,8
Hiikari,silver-hand,953,paladin,retribution,18,10,8
Giltronix,thrall,952,paladin,retribution,18,10,8
Exeneyder,elune,952,paladin,retribution,25,10,15
ßlððdyßðnez,malganis,949,paladin,retribution,18,10,8
Hijinxx,antonidas,947,paladin,retribution,24,10,14
Crosshammer,quelthalas,946,paladin,retribution,18,10,8
Xhotbutters,korgath,945,paladin,retribution,31,13,18
Ekyu,sargeras,942,paladin,retribution,19,12,7
Kènjii,sargeras,938,paladin,retribution,28,13,15
Bigjwpb,illidan,935,paladin,retribution,106,48,58
Nerfret,zuljin,926,paladin,retribution,14,11,3
Superzooted,sargeras,925,paladin,retribution,22,10,12
Diësëlsmoke,bronzebeard,917,paladin,retribution,18,10,8
Sosalo,sargeras,912,paladin,retribution,39,15,24
Thørmento,azralon,912,paladin,retribution,33,10,23
Rönän,sargeras,911,paladin,retribution,17,10,7
Rebukezz,dalaran,911,paladin,retribution,23,10,13
Drtom,mannoroth,908,paladin,retribution,21,10,11
Reti,ursin,902,paladin,retribution,65,31,34
Lilsquirt,proudmoore,901,paladin,retribution,23,14,9
Goldranger,hakkar,896,paladin,retribution,30,15,15
Luret,tichondrius,896,paladin,retribution,22,10,12
Zir,frostmourne,896,paladin,retribution,23,10,13
Keu,emerald-dream,896,paladin,retribution,51,16,35
Bladetm,proudmoore,895,paladin,retribution,17,10,7
Toguro,kelthuzad,894,paladin,retribution,22,10,12
Dralkou,kaelthas,893,paladin,retribution,28,10,18
Toepuller,doomhammer,866,paladin,retribution,24,11,13
Slivkoff,wyrmrest-accord,864,paladin,retribution,12,9,3
Wölfheärt,tichondrius,864,paladin,retribution,12,9,3
Chadsteroid,sargeras,864,paladin,retribution,12,9,3
Dkdldkdld,tichondrius,864,paladin,retribution,12,9,3
Kaetix,frostmourne,864,paladin,retribution,12,9,3
Naughtygames,area-52,864,paladin,retribution,12,9,3
Warstompgg,ragnaros,864,paladin,retribution,12,9,3
Chrigpal,tichondrius,864,paladin,retribution,12,9,3
Wogyu,area-52,864,paladin,retribution,18,9,9
Beardedbrute,korgath,864,paladin,retribution,18,9,9
Beefdaddyx,tichondrius,864,paladin,retribution,18,9,9
Redemptiøn,nemesis,864,paladin,retribution,18,9,9
Bigdixss,tichondrius,864,paladin,retribution,18,9,9
Huuzhaa,tichondrius,864,paladin,retribution,18,9,9
Brohtato,area-52,864,paladin,retribution,18,9,9
Héber,nemesis,864,paladin,retribution,18,9,9
Hardnow,emerald-dream,864,paladin,retribution,18,9,9
Alicê,moon-guard,864,paladin,retribution,18,9,9
Samphlty,azralon,864,paladin,retribution,18,9,9
Kishou,stormrage,864,paladin,retribution,21,10,11
Justeight,stormrage,864,paladin,retribution,21,9,12
Wde,zuljin,864,paladin,retribution,25,10,15
Geospawn,tichondrius,864,paladin,retribution,24,9,15
Pérona,tichondrius,864,paladin,retribution,24,9,15
Gabbynator,emerald-dream,864,paladin,retribution,24,9,15
Pistis,kelthuzad,864,paladin,retribution,24,9,15
Traevel,moon-guard,864,paladin,retribution,24,9,15
Joeyrat,area-52,864,paladin,retribution,24,9,15
Sukmyret,sargeras,864,paladin,retribution,24,9,15
Saintgeórge,frostmourne,864,paladin,retribution,25,9,16
Berryblast,shadowmoon,863,paladin,retribution,12,9,3
Merculios,stormrage,863,paladin,retribution,12,9,3
Zayblade,dragonblight,863,paladin,retribution,12,9,3
Inquisídor,nemesis,863,paladin,retribution,12,9,3
Theseusz,tichondrius,863,paladin,retribution,12,9,3
Garlond,moon-guard,863,paladin,retribution,18,9,9
Mormdring,fizzcrank,863,paladin,retribution,18,9,9
Avacii,illidan,863,paladin,retribution,18,9,9
Røshea,hydraxis,863,paladin,retribution,18,9,9
Pàladwarf,stormrage,863,paladin,retribution,18,9,9
Loraven,wyrmrest-accord,863,paladin,retribution,18,9,9
Sniper,uther,863,paladin,retribution,18,9,9
Paliwarrior,illidan,863,paladin,retribution,18,9,9
Blasstar,quelthalas,863,paladin,retribution,18,9,9
Teewrecks,frostmourne,863,paladin,retribution,18,9,9
Todesgott,tichondrius,863,paladin,retribution,18,9,9
Heizero,area-52,863,paladin,retribution,18,9,9
Veroth,caelestrasz,863,paladin,retribution,18,9,9
Waffletrain,tichondrius,863,paladin,retribution,22,10,12
Sevik,garithos,863,paladin,retribution,24,9,15
Rivzx,tichondrius,863,paladin,retribution,24,9,15
Galadriele,zuljin,863,paladin,retribution,24,9,15
Caonizumu,area-52,863,paladin,retribution,24,9,15
Zerohöur,emerald-dream,863,paladin,retribution,30,9,21
Badboí,azralon,862,paladin,retribution,12,9,3
Salaminhoo,azralon,862,paladin,retribution,12,9,3
Konarik,stormrage,862,paladin,retribution,18,9,9
Lebowski,nordrassil,862,paladin,retribution,18,9,9
Playandrunn,illidan,862,paladin,retribution,18,9,9
Restitution,area-52,862,paladin,retribution,24,9,15
Kelthálas,illidan,862,paladin,retribution,24,9,15
Vexxa,nerzhul,861,paladin,retribution,18,9,9
Rennalux,stormrage,861,paladin,retribution,24,9,15
Cyäbyë,frostmourne,860,paladin,retribution,18,9,9
Aeroßlaze,dragonmaw,860,paladin,retribution,18,9,9
Emmastoned,bleeding-hollow,860,paladin,retribution,24,9,15
Tekar,altar-of-storms,860,paladin,retribution,30,9,21
Layonthis,the-venture-co,859,paladin,retribution,18,9,9
Khetzi,thunderhorn,859,paladin,retribution,18,9,9
Irongiant,grizzly-hills,858,paladin,retribution,18,9,9
Alysca,tichondrius,858,paladin,retribution,18,9,9
Derethen,emerald-dream,858,paladin,retribution,18,9,9
Xenagos,akama,858,paladin,retribution,24,9,15
Holyzeen,darkspear,857,paladin,retribution,17,11,6
Alerz,moon-guard,857,paladin,retribution,15,9,6
Dynamais,barthilas,855,paladin,retribution,30,9,21
Leyon,alterac-mountains,847,paladin,retribution,18,9,9
Morthalos,moon-guard,845,paladin,retribution,23,9,14
Modjytech,tichondrius,845,paladin,retribution,35,9,26
Rensvall,frostmourne,844,paladin,retribution,18,9,9
Hotdgwatr,bleeding-hollow,843,paladin,retribution,24,10,14
Avaheal,dragonmaw,842,paladin,retribution,23,9,14
Biggin,garona,838,paladin,retribution,42,9,33
Pallehx,tichondrius,831,paladin,retribution,23,9,14
Killumminati,tichondrius,812,paladin,retribution,15,10,5
Cozzey,amanthul,810,paladin,retribution,17,9,8
Chuoo,proudmoore,810,paladin,retribution,28,10,18
Thadose,bonechewer,808,paladin,retribution,22,9,13
Páláx,stormrage,806,paladin,retribution,27,9,18
Ðetroity,stormrage,800,paladin,retribution,21,10,11
Lizzyz,illidan,799,paladin,retribution,20,9,11
Erós,azralon,798,paladin,retribution,22,9,13
Lightfdre,rexxar,797,paladin,retribution,33,11,22
Jdisco,bonechewer,782,paladin,retribution,19,9,10
Noholy,nemesis,777,paladin,retribution,31,10,21
Kadryck,drakkari,768,paladin,retribution,12,8,4
Akabanee,ragnaros,768,paladin,retribution,12,8,4
Bubblless,thrall,768,paladin,retribution,12,8,4
Laboøn,stormrage,768,paladin,retribution,12,8,4
Nornix,fenris,768,paladin,retribution,12,8,4
Clee,sargeras,768,paladin,retribution,12,8,4
Yezzyll,korgath,768,paladin,retribution,12,8,4
Tanishalfelf,stormrage,768,paladin,retribution,12,8,4
Djangø,azuremyst,768,paladin,retribution,12,8,4
Soymilkdrnka,sargeras,768,paladin,retribution,12,8,4
Swellows,tichondrius,768,paladin,retribution,12,8,4
Gannecus,bleeding-hollow,768,paladin,retribution,12,8,4
Mortalbeef,zuljin,768,paladin,retribution,12,8,4
Unicornslayr,antonidas,768,paladin,retribution,12,8,4
Arellis,barthilas,768,paladin,retribution,12,8,4
Tolliver,area-52,768,paladin,retribution,12,8,4
Tearet,tichondrius,768,paladin,retribution,12,8,4
Cutebtw,zuljin,768,paladin,retribution,16,9,7
Grimreaperx,azralon,768,paladin,retribution,17,8,9
Ponytail,dark-iron,768,paladin,retribution,18,8,10
Shakalot,illidan,768,paladin,retribution,18,8,10
Aurken,ragnaros,768,paladin,retribution,18,8,10
Jebpal,tichondrius,768,paladin,retribution,18,8,10
Hôtt,kul-tiras,768,paladin,retribution,18,8,10
Roshord,quelthalas,768,paladin,retribution,18,8,10
Tævèn,tichondrius,768,paladin,retribution,18,8,10
Southerly,tichondrius,768,paladin,retribution,18,8,10
Hamerfall,tichondrius,768,paladin,retribution,18,8,10
Protein,magtheridon,768,paladin,retribution,18,8,10
Jakkatähn,malganis,768,paladin,retribution,18,8,10
Hojdin,tichondrius,768,paladin,retribution,18,8,10
Blackpie,bleeding-hollow,768,paladin,retribution,18,8,10
Gorostas,kelthuzad,768,paladin,retribution,18,8,10
Nozfferatu,drakkari,768,paladin,retribution,18,8,10
Duffnroses,tichondrius,768,paladin,retribution,24,8,16
Fây,sargeras,768,paladin,retribution,24,8,16
Ðori,tichondrius,768,paladin,retribution,24,8,16
Rexpeitaboot,azralon,768,paladin,retribution,24,8,16
Zoliz,tichondrius,768,paladin,retribution,24,8,16
Vibránium,tichondrius,768,paladin,retribution,24,8,16
Ktwocrank,dalaran,768,paladin,retribution,24,8,16
Warmpôcket,proudmoore,768,paladin,retribution,29,8,21
Garethorne,illidan,768,paladin,retribution,30,8,22
Beachyo,tichondrius,767,paladin,retribution,12,8,4
Greybrox,barthilas,767,paladin,retribution,12,8,4
Wickedpälly,kelthuzad,767,paladin,retribution,12,8,4
Husurdaddy,dalaran,767,paladin,retribution,12,8,4
Keit,moon-guard,767,paladin,retribution,12,8,4
Mægenta,tichondrius,767,paladin,retribution,12,8,4
Smorezz,bonechewer,767,paladin,retribution,12,8,4
Smitetheweak,rivendare,767,paladin,retribution,12,8,4
Hqknight,moon-guard,767,paladin,retribution,12,8,4
Chewyjitsu,tichondrius,767,paladin,retribution,12,8,4
Cókelol,zuljin,767,paladin,retribution,12,8,4
Dachenkov,tichondrius,767,paladin,retribution,12,8,4
Arreliya,sargeras,767,paladin,retribution,18,8,10
Amlovích,quelthalas,767,paladin,retribution,18,8,10
Heälmeñow,tichondrius,767,paladin,retribution,18,8,10
Dontsleep,magtheridon,767,paladin,retribution,18,8,10
Fogonaventa,nemesis,767,paladin,retribution,18,8,10
Doobiehigh,proudmoore,767,paladin,retribution,18,8,10
Ashess,sargeras,767,paladin,retribution,18,8,10
Wagyou,skywall,767,paladin,retribution,18,8,10
Ralo,khaz-modan,767,paladin,retribution,18,8,10
Nutsmashèr,illidan,767,paladin,retribution,18,8,10
Throwable,illidan,767,paladin,retribution,18,8,10
Nightfallz,farstriders,767,paladin,retribution,18,8,10
Sermon,moon-guard,767,paladin,retribution,18,8,10
Lightcast,moon-guard,767,paladin,retribution,18,8,10
Phanna,the-forgotten-coast,767,paladin,retribution,18,8,10
Temote,anvilmar,767,paladin,retribution,18,8,10
Pallynation,korgath,767,paladin,retribution,18,8,10
Holyskeeter,thunderhorn,767,paladin,retribution,19,8,11
Krinkin,illidan,767,paladin,retribution,24,8,16
Kylarha,stormrage,766,paladin,retribution,12,8,4
Lainn,zuljin,766,paladin,retribution,12,8,4
Deesqueezie,area-52,766,paladin,retribution,12,8,4
Otorten,bladefist,766,paladin,retribution,12,8,4
Passion,wyrmrest-accord,766,paladin,retribution,12,8,4
Dresdén,skullcrusher,766,paladin,retribution,12,8,4
Xoxoxoxoxoxo,aegwynn,766,paladin,retribution,18,8,10
Oschy,moon-guard,766,paladin,retribution,18,8,10
Mathieü,zuljin,766,paladin,retribution,18,8,10
Lyricism,tichondrius,766,paladin,retribution,18,8,10
Holyfilers,thunderlord,766,paladin,retribution,24,8,16
Cederas,sargeras,765,paladin,retribution,12,8,4
Gírthbrooks,hyjal,765,paladin,retribution,12,8,4
Nikinaki,stormrage,765,paladin,retribution,12,8,4
Gigadorff,stormrage,765,paladin,retribution,18,8,10
Ichigò,sargeras,765,paladin,retribution,18,8,10
Krixes,firetree,765,paladin,retribution,18,8,10
Iceburg,shadowmoon,764,paladin,retribution,18,8,10
Xanamun,magtheridon,764,paladin,retribution,18,8,10
Goldfînger,zuljin,763,paladin,retribution,18,8,10
Deathblazer,blades-edge,763,paladin,retribution,18,8,10
Guccii,quelthalas,763,paladin,retribution,18,8,10
Avelane,caelestrasz,763,paladin,retribution,18,8,10
Jebadia,proudmoore,762,paladin,retribution,12,8,4
Holyshôckz,stormrage,762,paladin,retribution,24,8,16
Flisk,garona,761,paladin,retribution,12,8,4
Eldirn,bleeding-hollow,761,paladin,retribution,12,8,4
Drekgor,drakkari,760,paladin,retribution,18,8,10
Volorick,dalaran,759,paladin,retribution,26,8,18
Aladid,aggramar,758,paladin,retribution,12,8,4
Populate,tichondrius,752,paladin,retribution,12,8,4
Fumaçaa,nemesis,751,paladin,retribution,18,8,10
Maelie,shadowmoon,749,paladin,retribution,12,8,4
Tonimâster,misha,735,paladin,retribution,17,8,9
Hekki,ragnaros,735,paladin,retribution,19,8,11
Decareos,tichondrius,719,paladin,retribution,17,8,9
Mádz,ragnaros,718,paladin,retribution,17,8,9
Mareaaturbo,azralon,716,paladin,retribution,17,8,9
Lilbursty,tichondrius,714,paladin,retribution,19,9,10
Andorsi,elune,714,paladin,retribution,21,9,12
Pantheeon,altar-of-storms,713,paladin,retribution,30,9,21
Connextion,terenas,704,paladin,retribution,16,8,8
Swurvezx,bleeding-hollow,703,paladin,retribution,11,8,3
Wadalee,tichondrius,702,paladin,retribution,26,8,18
Procs,hyjal,701,paladin,retribution,11,9,2
Palaðu,azralon,700,paladin,retribution,14,8,6
Àmárìs,tichondrius,700,paladin,retribution,16,8,8
Turtlehoof,thrall,684,paladin,retribution,19,8,11
Araguaney,bleeding-hollow,672,paladin,retribution,12,7,5
Holreshee,tichondrius,672,paladin,retribution,12,7,5
Âllmíght,quelthalas,672,paladin,retribution,12,7,5
Nosferätu,illidan,672,paladin,retribution,12,7,5
Hèlfar,wyrmrest-accord,672,paladin,retribution,12,7,5
Mes,dragonmaw,672,paladin,retribution,12,7,5
Arkoth,kelthuzad,672,paladin,retribution,12,7,5
Anjurus,moon-guard,672,paladin,retribution,12,7,5
Mikâel,cairne,672,paladin,retribution,12,7,5
Greatwyrm,illidan,672,paladin,retribution,12,7,5
Shadoweelite,sargeras,672,paladin,retribution,12,7,5
Bomdia,stormrage,672,paladin,retribution,12,7,5
Cesah,tichondrius,672,paladin,retribution,12,7,5
Celethor,wyrmrest-accord,672,paladin,retribution,12,7,5
Wèbb,burning-legion,672,paladin,retribution,12,7,5
Zcho,proudmoore,672,paladin,retribution,12,7,5
Siire,darkspear,672,paladin,retribution,12,7,5
Montyer,ragnaros,672,paladin,retribution,12,7,5
Bighoochie,moon-guard,672,paladin,retribution,12,7,5
Gattís,stormrage,672,paladin,retribution,12,7,5
Dabbicus,tichondrius,672,paladin,retribution,12,7,5
Pathalerix,eonar,672,paladin,retribution,12,7,5
Nest,stormrage,672,paladin,retribution,12,7,5
Cillessá,kelthuzad,672,paladin,retribution,12,7,5
Theehopper,shandris,672,paladin,retribution,12,7,5
Jachugz,tichondrius,672,paladin,retribution,12,7,5
Iloveket,blackrock,672,paladin,retribution,12,7,5
Paltarrd,bleeding-hollow,672,paladin,retribution,12,7,5
Zözo,zuljin,672,paladin,retribution,12,7,5
Greasy,quelthalas,672,paladin,retribution,12,7,5
Trejetë,tichondrius,672,paladin,retribution,12,7,5
Chäinswellx,area-52,672,paladin,retribution,12,7,5
Fakesimp,illidan,672,paladin,retribution,12,7,5
Pinkies,frostmourne,672,paladin,retribution,12,7,5
Giørther,ragnaros,672,paladin,retribution,12,7,5
Aurðra,kiljaeden,672,paladin,retribution,12,7,5
Armstrong,azralon,672,paladin,retribution,12,7,5
Noitra,azralon,672,paladin,retribution,12,7,5
Unitiss,velen,672,paladin,retribution,12,7,5
Diebygcd,tichondrius,672,paladin,retribution,12,7,5
Holycar,illidan,672,paladin,retribution,12,7,5
Lhacius,drakkari,672,paladin,retribution,16,8,8
Hakson,stormrage,672,paladin,retribution,18,7,11
Friendfriend,proudmoore,672,paladin,retribution,18,7,11
Uoenò,moon-guard,672,paladin,retribution,18,7,11
Moistbible,kelthuzad,672,paladin,retribution,18,7,11
Cuteluna,tichondrius,672,paladin,retribution,18,7,11
Shoresy,terokkar,672,paladin,retribution,18,7,11
Detrimentãl,nagrand,672,paladin,retribution,18,7,11
Auxilio,arathor,672,paladin,retribution,18,7,11
Kipow,proudmoore,672,paladin,retribution,18,7,11
Hølyshyt,tichondrius,672,paladin,retribution,18,7,11
Ziti,bonechewer,672,paladin,retribution,18,7,11
Kloud,sargeras,672,paladin,retribution,18,7,11
Mcconnell,sargeras,672,paladin,retribution,18,7,11
Cliftôn,illidan,672,paladin,retribution,18,7,11
Ganan,frostmane,672,paladin,retribution,18,7,11
Amntir,sargeras,672,paladin,retribution,18,7,11
Trfreedomz,frostmourne,672,paladin,retribution,18,7,11
Polypal,zuljin,672,paladin,retribution,18,7,11
Aledin,frostmourne,672,paladin,retribution,18,7,11
Loyality,sargeras,672,paladin,retribution,18,7,11
Tothegravetv,illidan,672,paladin,retribution,18,7,11
Teamamerica,proudmoore,672,paladin,retribution,18,7,11
Palaxoto,nemesis,672,paladin,retribution,21,8,13
Sôck,zuljin,672,paladin,retribution,20,7,13
Lestaroth,goldrinn,672,paladin,retribution,24,7,17
Goozlight,area-52,672,paladin,retribution,24,7,17
Thenextx,illidan,672,paladin,retribution,24,7,17
Thantore,scilla,672,paladin,retribution,24,7,17
Goldmembër,malganis,672,paladin,retribution,24,7,17
Haimdallr,azralon,672,paladin,retribution,24,7,17
Ledster,kelthuzad,672,paladin,retribution,24,7,17
Cryof,illidan,672,paladin,retribution,30,7,23
Tonytoi,aegwynn,671,paladin,retribution,12,7,5
Neutroo,stormrage,671,paladin,retribution,12,7,5
Thorean,sargeras,671,paladin,retribution,12,7,5
Koohny,stormrage,671,paladin,retribution,12,7,5
Darktank,malganis,671,paladin,retribution,12,7,5
Jaybbers,malganis,671,paladin,retribution,12,7,5
Azëitona,azralon,671,paladin,retribution,12,7,5
Crematória,azralon,671,paladin,retribution,12,7,5
Ironpaladin,sargeras,671,paladin,retribution,12,7,5
Stonekey,warsong,671,paladin,retribution,12,7,5
Torujo,drakkari,671,paladin,retribution,12,7,5
Miitt,blackrock,671,paladin,retribution,12,7,5
Lystia,malfurion,671,paladin,retribution,12,7,5
Darawin,korgath,671,paladin,retribution,12,7,5
Emethala,windrunner,671,paladin,retribution,12,7,5
Showfet,dalaran,671,paladin,retribution,16,8,8
Auriol,azshara,671,paladin,retribution,14,7,7
Pallyhealed,tichondrius,671,paladin,retribution,15,7,8
Ziberax,chogall,671,paladin,retribution,16,7,9
Vaelicus,emerald-dream,671,paladin,retribution,18,7,11
Giorgyos,ragnaros,671,paladin,retribution,18,7,11
Tyelca,zuljin,671,paladin,retribution,18,7,11
Äeriah,fizzcrank,671,paladin,retribution,18,7,11
Sona,jubeithos,671,paladin,retribution,18,7,11
Golozzakum,tichondrius,671,paladin,retribution,18,7,11
Valtariel,wyrmrest-accord,671,paladin,retribution,18,7,11
Ane,gorefiend,671,paladin,retribution,18,7,11
Misskilljoy,proudmoore,671,paladin,retribution,18,7,11
Doraléous,illidan,671,paladin,retribution,24,7,17
Daddytoad,tichondrius,671,paladin,retribution,30,7,23
Holychach,tichondrius,670,paladin,retribution,12,7,5
Hanno,azshara,670,paladin,retribution,12,7,5
Agonyss,quelthalas,670,paladin,retribution,12,7,5
Riek,sargeras,670,paladin,retribution,16,8,8
Taîno,thrall,670,paladin,retribution,18,7,11
Rampetos,mannoroth,670,paladin,retribution,18,7,11
Nadrela,burning-blade,669,paladin,retribution,12,7,5
Terroll,bonechewer,669,paladin,retribution,13,7,6
Vargonha,azralon,669,paladin,retribution,18,9,9
Denstain,kul-tiras,669,paladin,retribution,18,7,11
Kiergann,quelthalas,669,paladin,retribution,24,7,17
Retgasm,drakthul,668,paladin,retribution,12,7,5
Marshman,kelthuzad,668,paladin,retribution,12,7,5
Mandow,tichondrius,667,paladin,retribution,22,8,14
Imsoosmall,sargeras,666,paladin,retribution,12,7,5
Pìerre,ragnaros,666,paladin,retribution,18,7,11
Jonnywick,duskwood,665,paladin,retribution,12,7,5
Palgiga,tichondrius,664,paladin,retribution,12,7,5
Tectorr,proudmoore,661,paladin,retribution,12,7,5
Nicepally,moon-guard,657,paladin,retribution,18,7,11
Deltajk,drakkari,654,paladin,retribution,18,7,11
Anyatay,ragnaros,650,paladin,retribution,35,7,28
Epòc,frostmourne,639,paladin,retribution,20,8,12
Carliitoz,quelthalas,639,paladin,retribution,23,7,16
Quotation,silvermoon,638,paladin,retribution,14,8,6
Spartus,area-52,636,paladin,retribution,14,8,6
Fatalpally,antonidas,633,paladin,retribution,17,7,10
Californía,bleeding-hollow,623,paladin,retribution,11,7,4
Táçô,illidan,623,paladin,retribution,11,7,4
Mäýhëm,sargeras,623,paladin,retribution,15,8,7
Krossfyre,kiljaeden,623,paladin,retribution,17,7,10
Allixis,wyrmrest-accord,623,paladin,retribution,23,7,16
Jortesh,tichondrius,622,paladin,retribution,15,7,8
Johnyfresh,jubeithos,621,paladin,retribution,21,8,13
Bizzaz,moon-guard,618,paladin,retribution,20,8,12
Marvallous,area-52,608,paladin,retribution,16,7,9
Chestbrah,nemesis,607,paladin,retribution,14,7,7
Tolkki,dalaran,607,paladin,retribution,26,7,19
Witewolf,illidan,606,paladin,retribution,13,8,5
Krønos,nordrassil,602,paladin,retribution,22,7,15
Warswordz,stormrage,595,paladin,retribution,28,9,19
Sixtynine,nathrezim,592,paladin,retribution,31,7,24
Warbird,lightnings-blade,591,paladin,retribution,13,7,6
Árèz,frostmourne,591,paladin,retribution,15,7,8
Theomere,sargeras,586,paladin,retribution,21,10,11
Ashley,sargeras,576,paladin,retribution,6,6,0
Céllash,tichondrius,576,paladin,retribution,6,6,0
Liht,blood-furnace,576,paladin,retribution,6,6,0
Kasoon,illidan,576,paladin,retribution,6,6,0
Thøradin,moon-guard,576,paladin,retribution,6,6,0
Lucard,drakkari,576,paladin,retribution,6,6,0
Holycrp,proudmoore,576,paladin,retribution,12,6,6
Immensepower,tichondrius,576,paladin,retribution,12,6,6
Zägreus,moon-guard,576,paladin,retribution,12,6,6
Trixzthot,barthilas,576,paladin,retribution,12,6,6
Gambitdin,moon-guard,576,paladin,retribution,12,6,6
Onixx,kargath,576,paladin,retribution,12,6,6
Virtuosi,area-52,576,paladin,retribution,12,6,6
Escanøor,stormrage,576,paladin,retribution,12,6,6
Miktley,area-52,576,paladin,retribution,12,6,6
Gánico,ragnaros,576,paladin,retribution,12,6,6
Aura,emerald-dream,576,paladin,retribution,12,6,6
Däkh,sargeras,576,paladin,retribution,12,6,6
Crânkdât,frostmourne,576,paladin,retribution,12,6,6
Margit,moon-guard,576,paladin,retribution,12,6,6
Brpistol,azralon,576,paladin,retribution,12,6,6
Vanquishy,burning-legion,576,paladin,retribution,12,6,6
Illëst,stormrage,576,paladin,retribution,12,6,6
Brioc,tichondrius,576,paladin,retribution,12,6,6
Glynisir,sargeras,576,paladin,retribution,12,6,6
Koûtt,ragnaros,576,paladin,retribution,12,6,6
Memepaladin,area-52,576,paladin,retribution,12,6,6
Retboy,archimonde,576,paladin,retribution,12,6,6
Kuico,ragnaros,576,paladin,retribution,12,6,6
Vaaga,quelthalas,576,paladin,retribution,12,6,6
Jxke,barthilas,576,paladin,retribution,12,6,6
Contritus,kiljaeden,576,paladin,retribution,12,6,6
Yungcheezy,illidan,576,paladin,retribution,12,6,6
Subtilizer,tichondrius,576,paladin,retribution,12,6,6
Crtinsideyou,skullcrusher,576,paladin,retribution,12,6,6
Onnakishi,azralon,576,paladin,retribution,12,6,6
Enril,azgalor,576,paladin,retribution,12,6,6
Bloodyängel,emerald-dream,576,paladin,retribution,12,6,6
Pâpito,drakkari,576,paladin,retribution,12,6,6
Eurthswrath,lightbringer,576,paladin,retribution,12,6,6
Cübe,malganis,576,paladin,retribution,12,6,6
Dúrnir,stormscale,576,paladin,retribution,12,6,6
Jabrohnie,sargeras,576,paladin,retribution,12,6,6
Duhvine,malganis,576,paladin,retribution,12,6,6
Tazanian,aegwynn,576,paladin,retribution,12,6,6
Banzz,azralon,576,paladin,retribution,12,6,6
Sacerbelator,zuluhed,576,paladin,retribution,12,6,6
Bronytime,illidan,576,paladin,retribution,12,6,6
Palabora,kelthuzad,576,paladin,retribution,12,6,6
Hrota,laughing-skull,576,paladin,retribution,12,6,6
Raywhite,kelthuzad,576,paladin,retribution,12,6,6
Emetselchs,tichondrius,576,paladin,retribution,12,6,6
Pállyho,tichondrius,576,paladin,retribution,12,6,6
Cybopig,kelthuzad,576,paladin,retribution,12,6,6
Relentless,magtheridon,576,paladin,retribution,12,6,6
Rakzan,nerzhul,576,paladin,retribution,12,6,6
Thuggrnaut,darkspear,576,paladin,retribution,12,6,6
Zèró,terokkar,576,paladin,retribution,12,6,6
Proctrlx,tichondrius,576,paladin,retribution,12,6,6
Articilia,ragnaros,576,paladin,retribution,12,6,6
Rigotakp,illidan,576,paladin,retribution,12,6,6
Cvpal,stormrage,576,paladin,retribution,12,6,6
Ogholyhands,bleeding-hollow,576,paladin,retribution,12,6,6
Çhñkzrèt,illidan,576,paladin,retribution,12,6,6
Rohad,thrall,576,paladin,retribution,12,6,6
Gronmpa,nemesis,576,paladin,retribution,12,6,6
Stankylordz,sargeras,576,paladin,retribution,15,7,8
Sozmsjackson,barthilas,576,paladin,retribution,15,7,8
Deosfires,ragnaros,576,paladin,retribution,16,7,9
Lit,alexstrasza,576,paladin,retribution,16,7,9
Galedance,tichondrius,576,paladin,retribution,16,7,9
Sunwalker,tichondrius,576,paladin,retribution,17,6,11
Dogf,tichondrius,576,paladin,retribution,17,6,11
Xinqingle,tichondrius,576,paladin,retribution,18,6,12
Goldskìn,sargeras,576,paladin,retribution,18,6,12
Liandroa,stormrage,576,paladin,retribution,18,6,12
Felwythe,emerald-dream,576,paladin,retribution,18,6,12
Respect,moon-guard,576,paladin,retribution,18,6,12
Lightslion,stormrage,576,paladin,retribution,18,6,12
Astolfo,tortheldrin,576,paladin,retribution,18,6,12
Emaus,tichondrius,576,paladin,retribution,18,6,12
Tåine,bladefist,576,paladin,retribution,18,6,12
Kochinodin,ragnaros,576,paladin,retribution,18,6,12
Gogofisco,moonrunner,576,paladin,retribution,18,6,12
Niksilp,malfurion,576,paladin,retribution,18,6,12
Isayas,tichondrius,576,paladin,retribution,18,6,12
Nufi,magtheridon,576,paladin,retribution,18,6,12
Shiftybugar,tichondrius,576,paladin,retribution,18,6,12
Jivvy,eredar,576,paladin,retribution,18,6,12
Lorenzinho,azralon,576,paladin,retribution,18,6,12
Egirlret,tichondrius,576,paladin,retribution,18,6,12
Mïkhael,nemesis,576,paladin,retribution,18,6,12
Mixnut,tichondrius,576,paladin,retribution,18,6,12
Bizaro,malganis,576,paladin,retribution,18,6,12
Retz,tichondrius,576,paladin,retribution,18,6,12
Exorcìst,tichondrius,576,paladin,retribution,18,6,12
Ellyee,jaedenar,576,paladin,retribution,22,7,15
Dayuanzhong,tichondrius,576,paladin,retribution,20,6,14
Againstfilet,azralon,576,paladin,retribution,24,6,18
Nume,nesingwary,576,paladin,retribution,24,6,18
Vick,zuljin,575,paladin,retribution,6,6,0
Dirkadirkka,stormrage,575,paladin,retribution,12,6,6
Heiinneken,queldorei,575,paladin,retribution,12,6,6
Crixius,eredar,575,paladin,retribution,12,6,6
Ikanacanyon,stormrage,575,paladin,retribution,12,6,6
Bingbingcd,tichondrius,575,paladin,retribution,12,6,6
Mobitz,dalvengyr,575,paladin,retribution,12,6,6
Yuzuru,mannoroth,575,paladin,retribution,12,6,6
Snowcrest,cenarius,575,paladin,retribution,12,6,6
Haziel,darkspear,575,paladin,retribution,12,6,6
Sîegfried,moon-guard,575,paladin,retribution,12,6,6
Synthetic,moon-guard,575,paladin,retribution,12,6,6
Potiguar,azralon,575,paladin,retribution,12,6,6
Pocacoco,azralon,575,paladin,retribution,12,6,6
Souiler,thunderlord,575,paladin,retribution,16,7,9
Oceangal,illidan,575,paladin,retribution,18,6,12
Sponce,kirin-tor,575,paladin,retribution,24,6,18
Slar,emerald-dream,574,paladin,retribution,12,6,6
Ihmperiuus,quelthalas,574,paladin,retribution,12,6,6
Quickthing,dalaran,574,paladin,retribution,12,6,6
Hibrael,azralon,574,paladin,retribution,12,6,6
Leennoox,quelthalas,574,paladin,retribution,12,6,6
Akeero,khaz-modan,574,paladin,retribution,12,6,6
Tamahu,azralon,574,paladin,retribution,18,6,12
Thaly,shadowmoon,574,paladin,retribution,18,6,12
Darqtank,smolderthorn,574,paladin,retribution,18,6,12
Tauyoshi,azjolnerub,573,paladin,retribution,12,6,6
Holyshoc,kiljaeden,573,paladin,retribution,20,6,14
Kalerien,wildhammer,571,paladin,retribution,12,6,6
Ajaex,area-52,571,paladin,retribution,12,6,6
Niáa,quelthalas,570,paladin,retribution,18,6,12
Luke,frostwolf,559,paladin,retribution,17,6,11
Varlip,wyrmrest-accord,559,paladin,retribution,23,6,17
Yulasa,area-52,544,paladin,retribution,10,6,4
Bellamor,burning-blade,543,paladin,retribution,11,6,5
Hapii,tichondrius,543,paladin,retribution,11,6,5
Galatus,tichondrius,543,paladin,retribution,17,6,11
Gloren,garrosh,543,paladin,retribution,17,6,11
Suslazin,area-52,543,paladin,retribution,20,7,13
Gtate,azjolnerub,527,paladin,retribution,11,6,5
Cexus,tichondrius,527,paladin,retribution,11,6,5
Shuckles,windrunner,522,paladin,retribution,20,7,13
Briaelyne,tichondrius,522,paladin,retribution,25,8,17
Ha,bleeding-hollow,522,paladin,retribution,22,7,15
Lítebearer,kelthuzad,521,paladin,retribution,11,6,5
Noblelight,saurfang,520,paladin,retribution,12,7,5
Judgmentor,malganis,512,paladin,retribution,22,6,16
Elcíd,quelthalas,512,paladin,retribution,22,6,16
Nathaniel,galakrond,511,paladin,retribution,14,6,8
ßìgdám,bleeding-hollow,511,paladin,retribution,17,6,11
Slashnroses,tichondrius,511,paladin,retribution,20,6,14
Senorwang,dalaran,494,paladin,retribution,13,6,7
Mikkylol,tichondrius,494,paladin,retribution,16,6,10
Chuckvandam,illidan,480,paladin,retribution,6,5,1
Mattilla,tichondrius,480,paladin,retribution,6,5,1
Chopsparks,khadgar,480,paladin,retribution,6,5,1
Kelimir,dathremar,480,paladin,retribution,6,5,1
Worshipmex,tichondrius,480,paladin,retribution,6,5,1
Ignasius,blood-furnace,480,paladin,retribution,6,5,1
Mollymatt,drenden,480,paladin,retribution,6,5,1
Solidifyxz,area-52,480,paladin,retribution,6,5,1
Mmrdonator,icecrown,480,paladin,retribution,6,5,1
Zeprikito,nemesis,480,paladin,retribution,6,5,1
Kimitail,tichondrius,480,paladin,retribution,6,5,1
Healsonyou,windrunner,480,paladin,retribution,6,5,1
Kanaki,gilneas,480,paladin,retribution,6,5,1
Rikkupìgu,sargeras,480,paladin,retribution,6,5,1
Heathen,spirestone,480,paladin,retribution,6,5,1
Taeret,tichondrius,480,paladin,retribution,6,5,1
Ashbrînger,emerald-dream,480,paladin,retribution,6,5,1
Capsiel,caelestrasz,480,paladin,retribution,6,5,1
Dividin,stormrage,480,paladin,retribution,6,5,1
Sweetcandy,sargeras,480,paladin,retribution,6,5,1
Mizumaru,sargeras,480,paladin,retribution,6,5,1
Totalaustin,sargeras,480,paladin,retribution,6,5,1
Cathode,area-52,480,paladin,retribution,6,5,1
Ganrof,mugthol,480,paladin,retribution,6,5,1
Jaimi,stormreaver,480,paladin,retribution,6,5,1
Geospawn,bleeding-hollow,480,paladin,retribution,6,5,1
Annii,aegwynn,480,paladin,retribution,6,5,1
Moozafa,kiljaeden,480,paladin,retribution,6,5,1
Sonatas,ursin,480,paladin,retribution,9,6,3
Fìlìgree,tichondrius,480,paladin,retribution,12,5,7
Callandør,illidan,480,paladin,retribution,12,5,7
Minzyp,illidan,480,paladin,retribution,12,5,7
Toojazzyleah,proudmoore,480,paladin,retribution,12,5,7
Vapanor,ragnaros,480,paladin,retribution,12,5,7
Cropcircles,whisperwind,480,paladin,retribution,12,5,7
Makayla,kiljaeden,480,paladin,retribution,12,5,7
Buddyolpally,proudmoore,480,paladin,retribution,12,5,7
Liadryn,kiljaeden,480,paladin,retribution,12,5,7
Valkaurus,drakkari,480,paladin,retribution,12,5,7
Connore,stormrage,480,paladin,retribution,12,5,7
Faithkiller,garrosh,480,paladin,retribution,12,5,7
Kaidoz,aegwynn,480,paladin,retribution,12,5,7
Ravage,lothar,480,paladin,retribution,12,5,7
Dragomnnm,stormrage,480,paladin,retribution,12,5,7
Maanuel,ragnaros,480,paladin,retribution,12,5,7
Athamon,nemesis,480,paladin,retribution,12,5,7
Noleyboo,proudmoore,480,paladin,retribution,12,5,7
Mvpj,medivh,480,paladin,retribution,12,5,7
Són,ragnaros,480,paladin,retribution,12,5,7
Stroods,stormrage,480,paladin,retribution,12,5,7
Rikku,undermine,480,paladin,retribution,12,5,7
Delaswing,quelthalas,480,paladin,retribution,12,5,7
ßraveheart,zuljin,480,paladin,retribution,12,5,7
Holytankadin,alleria,480,paladin,retribution,12,5,7
Nadinebb,proudmoore,480,paladin,retribution,12,5,7
Vain,shuhalo,480,paladin,retribution,12,5,7
Incubus,rexxar,480,paladin,retribution,12,5,7
Hallastus,stormrage,480,paladin,retribution,12,5,7
Joonzu,frostmane,480,paladin,retribution,12,5,7
Dirtbagg,demon-soul,480,paladin,retribution,12,5,7
Gummybearz,doomhammer,480,paladin,retribution,12,5,7
Lepirate,emerald-dream,480,paladin,retribution,12,5,7
Holycots,stormrage,480,paladin,retribution,12,5,7
Bettyböp,bleeding-hollow,480,paladin,retribution,12,5,7
Zhaslk,ragnaros,480,paladin,retribution,12,5,7
Shadòw,emerald-dream,480,paladin,retribution,12,5,7
Mikeawk,tichondrius,480,paladin,retribution,12,5,7
Ragarèn,emerald-dream,480,paladin,retribution,12,5,7
Critadins,thrall,480,paladin,retribution,12,5,7
Pique,malganis,480,paladin,retribution,12,5,7
Thickgirl,bleeding-hollow,480,paladin,retribution,12,5,7
Hegarth,archimonde,480,paladin,retribution,12,5,7
Chadatron,tichondrius,480,paladin,retribution,12,5,7
Beatman,blades-edge,480,paladin,retribution,12,5,7
Randvi,sargeras,480,paladin,retribution,12,5,7
Bullpaladin,barthilas,480,paladin,retribution,12,5,7
Borélock,kelthuzad,480,paladin,retribution,12,5,7
Leaelda,wyrmrest-accord,480,paladin,retribution,12,5,7
Attkdamdam,illidan,480,paladin,retribution,12,5,7
Bold,frostmourne,480,paladin,retribution,12,5,7
Methor,thrall,480,paladin,retribution,12,5,7
Retcuzyaknow,illidan,480,paladin,retribution,12,5,7
Shinymoo,laughing-skull,480,paladin,retribution,12,5,7
Yérn,barthilas,480,paladin,retribution,12,5,7
Smiteup,sargeras,480,paladin,retribution,12,5,7
Tpane,kelthuzad,480,paladin,retribution,12,5,7
Dalance,draka,480,paladin,retribution,12,5,7
Thrasheric,ragnaros,480,paladin,retribution,12,5,7
Farmerzonly,tichondrius,480,paladin,retribution,12,5,7
Aeoliá,moon-guard,480,paladin,retribution,12,5,7
Dinobe,arthas,480,paladin,retribution,12,5,7
Lücid,arthas,480,paladin,retribution,12,5,7
Jaenus,azralon,480,paladin,retribution,12,5,7
Itaghí,sargeras,480,paladin,retribution,12,5,7
Adrexious,dalaran,480,paladin,retribution,12,5,7
Dipho,area-52,480,paladin,retribution,12,5,7
Suro,moon-guard,480,paladin,retribution,12,5,7
Dazargeros,moon-guard,480,paladin,retribution,12,5,7
Koreancannon,tichondrius,480,paladin,retribution,15,6,9
Boogerred,korialstrasz,480,paladin,retribution,18,5,13
Aduhrawl,moon-guard,480,paladin,retribution,18,5,13
Møemøeda,illidan,480,paladin,retribution,18,5,13
Valinorean,nemesis,480,paladin,retribution,18,5,13
Midnightboto,dragonmaw,480,paladin,retribution,18,5,13
Melgamis,quelthalas,480,paladin,retribution,18,5,13
Zightmare,azralon,480,paladin,retribution,18,5,13
Rxes,frostmourne,480,paladin,retribution,18,5,13
Butchur,area-52,480,paladin,retribution,18,5,13
Chriscoz,korgath,480,paladin,retribution,18,5,13
Gimlias,kelthuzad,480,paladin,retribution,18,5,13
Downs,tichondrius,480,paladin,retribution,18,5,13
Photons,emerald-dream,480,paladin,retribution,18,5,13
Ulcerà,azralon,480,paladin,retribution,18,5,13
Typheuz,wyrmrest-accord,480,paladin,retribution,18,5,13
Deecompose,sargeras,480,paladin,retribution,18,5,13
Purged,wyrmrest-accord,480,paladin,retribution,18,5,13
Artherion,kelthuzad,480,paladin,retribution,27,6,21
Saifollah,area-52,480,paladin,retribution,24,5,19
Véxv,emerald-dream,480,paladin,retribution,24,5,19
Zero,garona,480,paladin,retribution,30,5,25
Mybadfoo,lethon,479,paladin,retribution,6,5,1
Nerfmehpls,ragnaros,479,paladin,retribution,6,5,1
Kremation,zuljin,479,paladin,retribution,6,5,1
Industry,firetree,479,paladin,retribution,9,6,3
Cowsavior,terenas,479,paladin,retribution,12,5,7
Thørîm,nazjatar,479,paladin,retribution,12,5,7
Thal,silvermoon,479,paladin,retribution,12,5,7
Onemorelight,area-52,479,paladin,retribution,12,5,7
Murderous,frostmourne,479,paladin,retribution,12,5,7
Inqa,thunderlord,479,paladin,retribution,12,5,7
Dredberserk,stormrage,479,paladin,retribution,12,5,7
Noctis,nerzhul,479,paladin,retribution,12,5,7
Memoríez,zuljin,479,paladin,retribution,12,5,7
Zelrich,moon-guard,479,paladin,retribution,12,5,7
Lucigiorna,stormrage,479,paladin,retribution,18,5,13
Palypunchh,darrowmere,478,paladin,retribution,12,6,6
Lucent,duskwood,478,paladin,retribution,12,5,7
Neipala,ragnaros,478,paladin,retribution,12,5,7
Chengduqq,illidan,478,paladin,retribution,12,5,7
Jammsheed,arthas,477,paladin,retribution,12,5,7
Kaminasol,quelthalas,477,paladin,retribution,18,5,13
Pickypally,moon-guard,475,paladin,retribution,12,5,7
Solstein,dalaran,474,paladin,retribution,12,5,7
Vengecide,proudmoore,473,paladin,retribution,12,5,7
Mehchelol,azgalor,472,paladin,retribution,12,5,7
Sycomaniac,illidan,463,paladin,retribution,17,5,12
Cleavix,tichondrius,463,paladin,retribution,23,5,18
Pablito,fizzcrank,457,paladin,retribution,21,7,14
Zzf,turalyon,431,paladin,retribution,11,5,6
Regivän,azralon,426,paladin,retribution,12,6,6
Theboxx,frostmourne,426,paladin,retribution,16,7,9
Sathandrä,sargeras,426,paladin,retribution,15,6,9
Rashrind,moon-guard,426,paladin,retribution,23,8,15
Kimochiyuh,illidan,425,paladin,retribution,17,7,10
Lalatinx,quelthalas,416,paladin,retribution,10,5,5
Frêyr,barthilas,416,paladin,retribution,16,5,11
Bullzor,aerie-peak,415,paladin,retribution,8,5,3
Epxilon,ragnaros,415,paladin,retribution,14,5,9
Shartea,moon-guard,399,paladin,retribution,5,5,0
Sydnneeyy,kelthuzad,399,paladin,retribution,5,5,0
Wyrmblood,moon-guard,384,paladin,retribution,6,4,2
Cherrypally,area-52,384,paladin,retribution,6,4,2
Dwarfineas,dalaran,384,paladin,retribution,6,4,2
Pvppaulx,moon-guard,384,paladin,retribution,6,4,2
Careyprice,area-52,384,paladin,retribution,6,4,2
Glexann,sargeras,384,paladin,retribution,6,4,2
Anstyl,moon-guard,384,paladin,retribution,6,4,2
Takinvcards,area-52,384,paladin,retribution,6,4,2
Plophero,moon-guard,384,paladin,retribution,6,4,2
Trisøn,area-52,384,paladin,retribution,6,4,2
Rafaela,alterac-mountains,384,paladin,retribution,6,4,2
Ðorlie,malganis,384,paladin,retribution,6,4,2
Healmeboi,tichondrius,384,paladin,retribution,6,4,2
Khanid,emerald-dream,384,paladin,retribution,6,4,2
Neovincent,aggramar,384,paladin,retribution,6,4,2
Keenos,frostmourne,384,paladin,retribution,6,4,2
Hellcallerl,quelthalas,384,paladin,retribution,6,4,2
Notaefc,icecrown,384,paladin,retribution,6,4,2
Haiyaa,frostwolf,384,paladin,retribution,6,4,2
Rohlin,boulderfist,384,paladin,retribution,6,4,2
Anaxxie,azralon,384,paladin,retribution,6,4,2
Tifalockhart,dathremar,384,paladin,retribution,6,4,2
Easiestclass,azshara,384,paladin,retribution,6,4,2
Mikeyqt,nemesis,384,paladin,retribution,6,4,2
Übermane,illidan,384,paladin,retribution,6,4,2
Lashlan,barthilas,384,paladin,retribution,6,4,2
Crewsade,sargeras,384,paladin,retribution,6,4,2
Dazztrain,barthilas,384,paladin,retribution,6,4,2
Gellehar,barthilas,384,paladin,retribution,6,4,2
Wing,frostwolf,384,paladin,retribution,6,4,2
Taiffan,azralon,384,paladin,retribution,6,4,2
Leoros,blackrock,384,paladin,retribution,6,4,2
Thrandeill,bleeding-hollow,384,paladin,retribution,6,4,2
Nizzy,caelestrasz,384,paladin,retribution,6,4,2
Mothh,terokkar,384,paladin,retribution,6,4,2
Tayvar,stormrage,384,paladin,retribution,6,4,2
Geesworld,nazjatar,384,paladin,retribution,6,4,2
Gilgamesh,moonrunner,384,paladin,retribution,6,4,2
Qsx,bleeding-hollow,384,paladin,retribution,6,4,2
Crocfacex,tichondrius,384,paladin,retribution,6,4,2
Bigolhammer,khadgar,384,paladin,retribution,6,4,2
Saulhudson,bleeding-hollow,384,paladin,retribution,6,4,2
Ascencer,spirestone,384,paladin,retribution,6,4,2
Souljahgirl,demon-soul,384,paladin,retribution,6,4,2
Ironpallyx,garrosh,384,paladin,retribution,6,4,2
Hellhawk,hellscream,384,paladin,retribution,6,4,2
Torinel,illidan,384,paladin,retribution,6,4,2
Madalynn,quelthalas,384,paladin,retribution,6,4,2
Temptrez,bleeding-hollow,384,paladin,retribution,6,4,2
Reclusiarch,tichondrius,384,paladin,retribution,6,4,2
Bubbletaunt,frostmourne,384,paladin,retribution,6,4,2
Puresight,kelthuzad,384,paladin,retribution,6,4,2
Eduardoap,azralon,384,paladin,retribution,6,4,2
Luluwu,stormrage,384,paladin,retribution,6,4,2
Minikalina,ragnaros,384,paladin,retribution,6,4,2
Furnost,drenden,384,paladin,retribution,6,4,2
Fxxku,tichondrius,384,paladin,retribution,6,4,2
Pinelli,aegwynn,384,paladin,retribution,6,4,2
Seven,blackwing-lair,384,paladin,retribution,6,4,2
Fâmed,tichondrius,384,paladin,retribution,6,4,2
Pappablanco,stormrage,384,paladin,retribution,6,4,2
Sasukee,quelthalas,384,paladin,retribution,6,4,2
Izidar,tichondrius,384,paladin,retribution,10,5,5
Bigddady,quelthalas,384,paladin,retribution,8,4,4
Aewynn,nemesis,384,paladin,retribution,12,4,8
Aricen,thunderhorn,384,paladin,retribution,12,4,8
Smontis,sargeras,384,paladin,retribution,12,4,8
Adrn,tichondrius,384,paladin,retribution,12,4,8
Grimdel,moon-guard,384,paladin,retribution,12,4,8
Litium,frostmourne,384,paladin,retribution,12,4,8
Krypton,tichondrius,384,paladin,retribution,12,4,8
Smöke,frostmourne,384,paladin,retribution,12,4,8
Tieberion,bleeding-hollow,384,paladin,retribution,12,4,8
Adauto,illidan,384,paladin,retribution,12,4,8
Promethèus,jubeithos,384,paladin,retribution,12,4,8
Drriz,stormrage,384,paladin,retribution,12,4,8
Dohsevèn,tichondrius,384,paladin,retribution,12,4,8
Hrizul,drakthul,384,paladin,retribution,12,4,8
Juliusplzher,area-52,384,paladin,retribution,12,4,8
Msjudged,blackrock,384,paladin,retribution,12,4,8
Scathol,tichondrius,384,paladin,retribution,12,4,8
Phattpump,tichondrius,384,paladin,retribution,12,4,8
Ddawz,proudmoore,384,paladin,retribution,12,4,8
Simpforomenx,emerald-dream,384,paladin,retribution,12,4,8
Bigpin,shattered-hand,384,paladin,retribution,12,4,8
Imcomingbro,blackrock,384,paladin,retribution,12,4,8
Lenneth,nordrassil,384,paladin,retribution,12,4,8
Tëmplar,bleeding-hollow,384,paladin,retribution,12,4,8
Rëtribution,tichondrius,384,paladin,retribution,12,4,8
Dmghack,tichondrius,384,paladin,retribution,12,4,8
Malandru,darrowmere,384,paladin,retribution,12,4,8
Theril,kelthuzad,384,paladin,retribution,12,4,8
Lânnâ,tichondrius,384,paladin,retribution,12,4,8
Kronicle,bleeding-hollow,384,paladin,retribution,12,4,8
Baptism,shattered-hand,384,paladin,retribution,12,4,8
Gripadin,tichondrius,384,paladin,retribution,12,4,8
Oroürke,stormrage,384,paladin,retribution,12,4,8
Toxanator,frostmourne,384,paladin,retribution,12,4,8
Sixty,sargeras,384,paladin,retribution,12,4,8
Galess,tichondrius,384,paladin,retribution,12,4,8
Senion,velen,384,paladin,retribution,12,4,8
Dawncröwn,stormrage,384,paladin,retribution,12,4,8
Mordered,proudmoore,384,paladin,retribution,12,4,8
Veshral,arthas,384,paladin,retribution,12,4,8
Goloh,shadowmoon,384,paladin,retribution,12,4,8
Stoof,arygos,384,paladin,retribution,12,4,8
Roundhere,area-52,384,paladin,retribution,12,4,8
Strugglèbus,thrall,384,paladin,retribution,12,4,8
Orin,guldan,384,paladin,retribution,12,4,8
Imrahilaf,korialstrasz,384,paladin,retribution,12,4,8
Draenkz,quelthalas,384,paladin,retribution,12,4,8
Bauldrin,moon-guard,384,paladin,retribution,12,4,8
Varuul,nerzhul,384,paladin,retribution,12,4,8
Riggen,thrall,384,paladin,retribution,12,4,8
Torosagrado,drakkari,384,paladin,retribution,12,4,8
Àpolo,stormrage,384,paladin,retribution,12,4,8
Avlystein,wyrmrest-accord,384,paladin,retribution,12,4,8
Eutectic,moon-guard,384,paladin,retribution,12,4,8
Rusticles,aerie-peak,384,paladin,retribution,12,4,8
Jimithing,senjin,384,paladin,retribution,12,4,8
Retspec,darkspear,384,paladin,retribution,12,4,8
Stax,moon-guard,384,paladin,retribution,12,4,8
Ibull,stormscale,384,paladin,retribution,12,4,8
Elflicious,illidan,384,paladin,retribution,12,4,8
Júdgedredd,illidan,384,paladin,retribution,12,4,8
Clariten,ghostlands,384,paladin,retribution,12,4,8
Kurook,moon-guard,384,paladin,retribution,12,4,8
Niolite,ragnaros,384,paladin,retribution,12,4,8
Psadin,thunderlord,384,paladin,retribution,12,4,8
Greenracer,kiljaeden,384,paladin,retribution,12,4,8
Botch,drenden,384,paladin,retribution,12,4,8
Vecknilashx,quelthalas,384,paladin,retribution,12,4,8
Kyrianjutsu,area-52,384,paladin,retribution,12,4,8
Crystahlmeth,sargeras,384,paladin,retribution,12,4,8
Dezul,stormscale,384,paladin,retribution,12,4,8
Mabia,tichondrius,384,paladin,retribution,12,4,8
Anastos,anvilmar,384,paladin,retribution,12,4,8
Dréveleth,quelthalas,384,paladin,retribution,12,4,8
Roodictz,zuljin,384,paladin,retribution,12,4,8
Bawek,azralon,384,paladin,retribution,12,4,8
Zøzø,zuljin,384,paladin,retribution,12,4,8
Fiate,azralon,384,paladin,retribution,12,4,8
Fossilz,sargeras,384,paladin,retribution,12,4,8
Acquiesce,bleeding-hollow,384,paladin,retribution,16,5,11
Batmanp,quelthalas,384,paladin,retribution,13,4,9
Kamí,elune,384,paladin,retribution,15,4,11
Ongang,illidan,384,paladin,retribution,18,4,14
Hayden,stormscale,384,paladin,retribution,18,4,14
Talurius,azralon,384,paladin,retribution,18,4,14
Ccpx,area-52,384,paladin,retribution,18,4,14
Caityaj,illidan,384,paladin,retribution,18,4,14
Lüuz,area-52,384,paladin,retribution,18,4,14
Theholysword,tichondrius,384,paladin,retribution,18,4,14
Powercelest,quelthalas,384,paladin,retribution,18,4,14
Essexqt,blackhand,384,paladin,retribution,18,4,14
Goons,frostmourne,384,paladin,retribution,18,4,14
Hupa,crushridge,384,paladin,retribution,18,4,14
Pallyfreddyy,frostmourne,384,paladin,retribution,18,4,14
Indemnity,wildhammer,384,paladin,retribution,18,4,14
Mhakoi,bleeding-hollow,384,paladin,retribution,24,4,20
Iskándar,tichondrius,384,paladin,retribution,24,4,20
Dabsmaster,dalaran,383,paladin,retribution,6,4,2
Morddrohung,hyjal,383,paladin,retribution,6,4,2
Brandforge,thunderlord,383,paladin,retribution,6,4,2
Lucifuge,twisting-nether,383,paladin,retribution,6,4,2
Praisin,zuljin,383,paladin,retribution,6,4,2
Holyqt,thunderlord,383,paladin,retribution,12,4,8
Holyburger,hakkar,383,paladin,retribution,12,4,8
Hølydiver,rivendare,383,paladin,retribution,12,4,8
Vonfraud,lightbringer,383,paladin,retribution,12,4,8
Funkknight,sargeras,383,paladin,retribution,18,4,14
Hadrianus,azralon,383,paladin,retribution,24,4,20
Kenbad,aegwynn,382,paladin,retribution,6,4,2
Diablosgrim,stormrage,382,paladin,retribution,6,4,2
Dweezill,daggerspine,382,paladin,retribution,12,4,8
Sparklepuss,turalyon,379,paladin,retribution,12,4,8
Killmönger,tichondrius,378,paladin,retribution,22,6,16
Crucifine,wyrmrest-accord,367,paladin,retribution,11,4,7
Barzø,tichondrius,367,paladin,retribution,11,4,7
Bibimbop,boulderfist,352,paladin,retribution,13,5,8
Páladian,quelthalas,351,paladin,retribution,11,4,7
Vietnomeez,tichondrius,351,paladin,retribution,11,4,7
Xcream,nemesis,351,paladin,retribution,20,5,15
Bruujqt,moon-guard,336,paladin,retribution,9,5,4
Hadagoodlay,zuljin,336,paladin,retribution,9,4,5
Meduselda,kelthuzad,335,paladin,retribution,9,5,4
Stinaz,quelthalas,335,paladin,retribution,11,4,7
Ethernaly,quelthalas,335,paladin,retribution,11,4,7
Exwars,moon-guard,330,paladin,retribution,8,5,3
Vegetå,malganis,330,paladin,retribution,29,6,23
Wellowar,moon-guard,320,paladin,retribution,10,4,6
Bastiion,stormrage,320,paladin,retribution,10,4,6
Làzårus,area-52,320,paladin,retribution,16,4,12
Iammj,skywall,319,paladin,retribution,5,4,1
Ruulight,tichondrius,319,paladin,retribution,5,4,1
Laysonus,moon-guard,319,paladin,retribution,8,4,4
Karig,sargeras,319,paladin,retribution,8,4,4
Palavittar,azralon,319,paladin,retribution,8,4,4
Holyshasha,tichondrius,319,paladin,retribution,8,4,4
Bubbletop,tichondrius,319,paladin,retribution,8,4,4
Jnxzster,sargeras,319,paladin,retribution,8,4,4
Dexko,silvermoon,319,paladin,retribution,8,4,4
Jadelong,azshara,319,paladin,retribution,8,4,4
Gryphin,moon-guard,319,paladin,retribution,8,4,4
Holynaps,malganis,319,paladin,retribution,9,4,5
Rainingrets,tichondrius,308,paladin,retribution,25,8,17
Paullokis,gallywix,304,paladin,retribution,7,4,3
Iamriched,illidan,304,paladin,retribution,7,4,3
Torrthak,area-52,304,paladin,retribution,7,4,3
Releváncé,frostmourne,304,paladin,retribution,19,4,15
Cocodog,kiljaeden,288,paladin,retribution,6,3,3
Dev,frostwolf,288,paladin,retribution,6,3,3
Ltt,dalaran,288,paladin,retribution,6,3,3
Varezion,vashj,288,paladin,retribution,6,3,3
Dfz,mannoroth,288,paladin,retribution,6,3,3
Rockbell,kiljaeden,288,paladin,retribution,6,3,3
Joeschmo,area-52,288,paladin,retribution,6,3,3
Chajaaro,ragnaros,288,paladin,retribution,6,3,3
Zaxxous,hyjal,288,paladin,retribution,6,3,3
Deadlyskills,arathor,288,paladin,retribution,6,3,3
Heamis,thunderlord,288,paladin,retribution,6,3,3
Smashnasty,area-52,288,paladin,retribution,6,3,3
Outlivz,hyjal,288,paladin,retribution,6,3,3
Reptila,bonechewer,288,paladin,retribution,6,3,3
Cause,farstriders,288,paladin,retribution,6,3,3
Catuvalos,kiljaeden,288,paladin,retribution,6,3,3
Elhoj,illidan,288,paladin,retribution,6,3,3
Nalenne,alexstrasza,288,paladin,retribution,6,3,3
Boladosx,azralon,288,paladin,retribution,6,3,3
Trg,azralon,288,paladin,retribution,6,3,3
Tadaki,dalaran,288,paladin,retribution,6,3,3
Assaultron,dalaran,288,paladin,retribution,6,3,3
Ximenita,ragnaros,288,paladin,retribution,6,3,3
Elri,ragnaros,288,paladin,retribution,6,3,3
Jovolur,dalaran,288,paladin,retribution,6,3,3
Joeseph,stormrage,288,paladin,retribution,6,3,3
Darkknes,quelthalas,288,paladin,retribution,6,3,3
Principe,queldorei,288,paladin,retribution,6,3,3
Brahlix,area-52,288,paladin,retribution,6,3,3
Meith,ragnaros,288,paladin,retribution,6,3,3
Àxçël,hyjal,288,paladin,retribution,6,3,3
Retrodino,anvilmar,288,paladin,retribution,6,3,3
Lomis,azgalor,288,paladin,retribution,6,3,3
Xupalaa,azralon,288,paladin,retribution,6,3,3
Mvpp,dalaran,288,paladin,retribution,6,3,3
Buttflapster,proudmoore,288,paladin,retribution,6,3,3
Kahleesy,sargeras,288,paladin,retribution,6,3,3
Shakemup,stormrage,288,paladin,retribution,6,3,3
Disappearing,stormrage,288,paladin,retribution,6,3,3
Volcathos,moon-guard,288,paladin,retribution,6,3,3
Eleonorr,proudmoore,288,paladin,retribution,6,3,3
Cinacalcet,dalaran,288,paladin,retribution,6,3,3
Gstbubble,hyjal,288,paladin,retribution,6,3,3
Jugheadqc,mugthol,288,paladin,retribution,6,3,3
Doogo,cenarius,288,paladin,retribution,6,3,3
Obbzz,spirestone,288,paladin,retribution,6,3,3
Nâtion,cenarius,288,paladin,retribution,6,3,3
Halnarran,area-52,288,paladin,retribution,6,3,3
Givinpowpows,korgath,288,paladin,retribution,6,3,3
Justsaiyen,bleeding-hollow,288,paladin,retribution,6,3,3
Dráugus,azralon,288,paladin,retribution,6,3,3
Lightballz,vashj,288,paladin,retribution,6,3,3
Beato,silvermoon,288,paladin,retribution,6,3,3
Laluce,malganis,288,paladin,retribution,6,3,3
Zercker,ragnaros,288,paladin,retribution,6,3,3
Talionz,illidan,288,paladin,retribution,6,3,3
Everith,bleeding-hollow,288,paladin,retribution,6,3,3
Menjo,malganis,288,paladin,retribution,6,3,3
Pvar,stormrage,288,paladin,retribution,6,3,3
Nerilliah,sargeras,288,paladin,retribution,6,3,3
Maxduo,bleeding-hollow,288,paladin,retribution,6,3,3
Zakh,proudmoore,288,paladin,retribution,6,3,3
Sellenagomez,malganis,288,paladin,retribution,6,3,3
Wálker,ragnaros,288,paladin,retribution,6,3,3
Beepsmash,executus,288,paladin,retribution,6,3,3
Palinator,bleeding-hollow,288,paladin,retribution,6,3,3
Hybrix,tichondrius,288,paladin,retribution,6,3,3
Selivara,zuljin,288,paladin,retribution,6,3,3
Mèdic,illidan,288,paladin,retribution,6,3,3
Apocryphx,stormrage,288,paladin,retribution,6,3,3
Purekiller,destromath,288,paladin,retribution,6,3,3
Kayaman,tichondrius,288,paladin,retribution,6,3,3
Runebane,doomhammer,288,paladin,retribution,6,3,3
Cowhair,tichondrius,288,paladin,retribution,6,3,3
Zenpally,doomhammer,288,paladin,retribution,6,3,3
Ýøg,tichondrius,288,paladin,retribution,6,3,3
Pahlevahn,stormrage,288,paladin,retribution,6,3,3
Stamptime,emerald-dream,288,paladin,retribution,6,3,3
Reaslovak,jubeithos,288,paladin,retribution,6,3,3
Senisse,illidan,288,paladin,retribution,6,3,3
Frepz,illidan,288,paladin,retribution,6,3,3
Carolena,thaurissan,288,paladin,retribution,6,3,3
Theßest,baelgun,288,paladin,retribution,6,3,3
Lawdeedawh,tichondrius,288,paladin,retribution,6,3,3
Timu,suramar,288,paladin,retribution,6,3,3
Aidillon,shadowsong,288,paladin,retribution,6,3,3
Zeroret,tichondrius,288,paladin,retribution,6,3,3
Merphy,tichondrius,288,paladin,retribution,6,3,3
Jónò,tichondrius,288,paladin,retribution,6,3,3
Nerfretpls,area-52,288,paladin,retribution,6,3,3
Astasia,laughing-skull,288,paladin,retribution,6,3,3
Dasp,nagrand,288,paladin,retribution,6,3,3
Tlahtoani,illidan,288,paladin,retribution,6,3,3
Palman,frostmourne,288,paladin,retribution,6,3,3
Minlarkwa,frostmourne,288,paladin,retribution,6,3,3
Yellowmay,sargeras,288,paladin,retribution,6,3,3
Rickadin,bleeding-hollow,288,paladin,retribution,6,3,3
Jaslexa,illidan,288,paladin,retribution,6,3,3
Orangepa,dalaran,288,paladin,retribution,6,3,3
Ahzreal,garona,288,paladin,retribution,6,3,3
Mki,kargath,288,paladin,retribution,6,3,3
Leá,illidan,288,paladin,retribution,6,3,3
Krackanut,kelthuzad,288,paladin,retribution,6,3,3
Troegenator,stormrage,288,paladin,retribution,6,3,3
Dontaylor,tichondrius,288,paladin,retribution,6,3,3
Ironboxer,tichondrius,288,paladin,retribution,6,3,3
Layoya,aerie-peak,288,paladin,retribution,6,3,3
Jestiny,amanthul,288,paladin,retribution,6,3,3
Bubblet,bleeding-hollow,288,paladin,retribution,6,3,3
Tacohuntter,stormrage,288,paladin,retribution,6,3,3
Venter,bleeding-hollow,288,paladin,retribution,6,3,3
Nickotines,kelthuzad,288,paladin,retribution,6,3,3
Valadinna,tichondrius,288,paladin,retribution,6,3,3
Uneazyxx,tichondrius,288,paladin,retribution,6,3,3
Poisson,wildhammer,288,paladin,retribution,6,3,3
Reallyfe,skullcrusher,288,paladin,retribution,6,3,3
Moox,wyrmrest-accord,288,paladin,retribution,6,3,3
Flareous,moon-guard,288,paladin,retribution,6,3,3
Scamadin,tichondrius,288,paladin,retribution,6,3,3
Aiethyria,tichondrius,288,paladin,retribution,6,3,3
Warchaos,skullcrusher,288,paladin,retribution,6,3,3
Taynos,tichondrius,288,paladin,retribution,6,3,3
Kanachi,bleeding-hollow,288,paladin,retribution,6,3,3
Kôld,tichondrius,288,paladin,retribution,6,3,3
Olsen,stormrage,288,paladin,retribution,6,3,3
Lmac,frostmourne,288,paladin,retribution,6,3,3
Ankhz,area-52,288,paladin,retribution,6,3,3
Tarnyb,illidan,288,paladin,retribution,6,3,3
Finnthepally,proudmoore,288,paladin,retribution,6,3,3
Cedwarlancy,sargeras,288,paladin,retribution,6,3,3
Gashlycrumb,tichondrius,288,paladin,retribution,6,3,3
Halordriest,tichondrius,288,paladin,retribution,6,3,3
Drágônbôrn,tichondrius,288,paladin,retribution,6,3,3
Ssparkk,stormrage,288,paladin,retribution,6,3,3
Reedeemer,bonechewer,288,paladin,retribution,6,3,3
Merkzz,arthas,288,paladin,retribution,6,3,3
Holyshrekt,frostmourne,288,paladin,retribution,6,3,3
Tatánka,ragnaros,288,paladin,retribution,6,3,3
Bíteme,sargeras,288,paladin,retribution,6,3,3
Vindictacho,tichondrius,288,paladin,retribution,6,3,3
Bigkspally,korgath,288,paladin,retribution,6,3,3
Sóláris,moon-guard,288,paladin,retribution,6,3,3
Kiboko,tichondrius,288,paladin,retribution,7,3,4
Ivanko,dalaran,288,paladin,retribution,7,3,4
Baconsock,kelthuzad,288,paladin,retribution,12,3,9
Kyuubî,bloodhoof,288,paladin,retribution,12,3,9
Hetodo,blood-furnace,288,paladin,retribution,12,3,9
Asukaxt,illidan,288,paladin,retribution,12,3,9
Leronos,zuljin,288,paladin,retribution,12,3,9
Slowmoshend,illidan,288,paladin,retribution,12,3,9
Koltar,stormrage,288,paladin,retribution,12,3,9
Ucvnt,illidan,288,paladin,retribution,12,3,9
Tíron,dalaran,288,paladin,retribution,12,3,9
Rxxkiee,tichondrius,288,paladin,retribution,12,3,9
Cromsecrate,dalaran,288,paladin,retribution,12,3,9
Varthinator,stormrage,288,paladin,retribution,12,3,9
Palâdin,zuljin,288,paladin,retribution,12,3,9
Tarkovkappa,illidan,288,paladin,retribution,12,3,9
Paladatrox,ragnaros,288,paladin,retribution,12,3,9
Wälly,garona,288,paladin,retribution,12,3,9
Dalden,trollbane,288,paladin,retribution,12,3,9
Slania,area-52,288,paladin,retribution,12,3,9
Vaaleria,dalaran,288,paladin,retribution,12,3,9
Marthellus,quelthalas,288,paladin,retribution,12,3,9
Jontapally,stormrage,288,paladin,retribution,12,3,9
Levarious,thunderlord,288,paladin,retribution,12,3,9
Bigplucker,kelthuzad,288,paladin,retribution,12,3,9
Dragonbait,khadgar,288,paladin,retribution,12,3,9
Kaupe,barthilas,288,paladin,retribution,12,3,9
Tolleytrain,malganis,288,paladin,retribution,12,3,9
Provail,stormrage,288,paladin,retribution,12,3,9
Bdaws,tichondrius,288,paladin,retribution,12,3,9
Elpal,thrall,288,paladin,retribution,12,3,9
Yeluh,malganis,288,paladin,retribution,12,3,9
Hyperforce,area-52,288,paladin,retribution,12,3,9
Uzbadkhazad,ragnaros,288,paladin,retribution,12,3,9
Reehzlol,stormrage,288,paladin,retribution,12,3,9
Hahe,tichondrius,288,paladin,retribution,12,3,9
Wreathy,sargeras,288,paladin,retribution,12,3,9
Smokeys,sargeras,288,paladin,retribution,12,3,9
Hardclimacks,frostmourne,288,paladin,retribution,12,3,9
Zaeris,proudmoore,288,paladin,retribution,12,3,9
Jafbe,mugthol,288,paladin,retribution,12,3,9
Brightfire,dawnbringer,288,paladin,retribution,12,3,9
Säv,tichondrius,288,paladin,retribution,12,3,9
Onemassacre,spirestone,288,paladin,retribution,12,3,9
Nik,the-underbog,288,paladin,retribution,12,3,9
Arkanica,moon-guard,288,paladin,retribution,12,3,9
Kuoch,shandris,288,paladin,retribution,12,3,9
Quelite,sargeras,288,paladin,retribution,12,3,9
Bubblebooty,drakthul,288,paladin,retribution,12,3,9
Gämä,azralon,288,paladin,retribution,12,3,9
Spiritkeep,veknilash,288,paladin,retribution,12,3,9
Madworld,moon-guard,288,paladin,retribution,12,3,9
Marrike,moon-guard,288,paladin,retribution,12,3,9
Boopif,sargeras,288,paladin,retribution,12,3,9
Lue,boulderfist,288,paladin,retribution,12,3,9
Mesmi,moon-guard,288,paladin,retribution,12,3,9
Razuel,frostmourne,288,paladin,retribution,12,3,9
Bakednub,malganis,288,paladin,retribution,17,3,14
Fourchon,tichondrius,288,paladin,retribution,18,3,15
Whangsta,tichondrius,288,paladin,retribution,24,3,21
Matøs,stormrage,287,paladin,retribution,6,3,3
Covidxlx,hakkar,287,paladin,retribution,6,3,3
Soyafed,mugthol,287,paladin,retribution,6,3,3
Bubbleöseven,agamaggan,281,paladin,retribution,11,5,6
Milkmi,frostmourne,271,paladin,retribution,11,3,8
Strabic,stormrage,271,paladin,retribution,11,3,8
Gabrielú,lightninghoof,256,paladin,retribution,10,3,7
Logaen,stormrage,256,paladin,retribution,16,3,13
Gusset,tichondrius,255,paladin,retribution,8,4,4
Lorgax,alterac-mountains,240,paladin,retribution,9,3,6
Neverforgot,quelthalas,239,paladin,retribution,5,3,2
Badmix,tichondrius,239,paladin,retribution,5,3,2
Sôsaboy,tichondrius,239,paladin,retribution,5,3,2
Palitard,tichondrius,234,paladin,retribution,7,5,2
Antoniano,ragnaros,234,paladin,retribution,7,4,3
Swiftysh,ragnaros,234,paladin,retribution,9,4,5
Stinkystan,korgath,234,paladin,retribution,10,4,6
Wainkywink,malganis,234,paladin,retribution,15,4,11
Ducii,stormrage,234,paladin,retribution,16,4,12
Wabukis,twisting-nether,223,paladin,retribution,8,3,5
Waffulzz,moonrunner,223,paladin,retribution,8,3,5
Emiaru,illidan,192,paladin,retribution,4,3,1
Keegân,area-52,192,paladin,retribution,4,3,1
Zhspeilian,tichondrius,192,paladin,retribution,11,4,7
Anonymvs,eredar,192,paladin,retribution,9,3,6
Lilpally,frostmourne,192,paladin,retribution,6,2,4
Jaok,tichondrius,192,paladin,retribution,6,2,4
Shanehere,thrall,192,paladin,retribution,6,2,4
Noscajj,tichondrius,192,paladin,retribution,6,2,4
Snuggymuffin,barthilas,192,paladin,retribution,6,2,4
Xoppo,tichondrius,192,paladin,retribution,6,2,4
Voro,barthilas,192,paladin,retribution,6,2,4
Inexcusable,tichondrius,192,paladin,retribution,6,2,4
Bootcrusader,thrall,192,paladin,retribution,6,2,4
Dynamism,frostmourne,192,paladin,retribution,6,2,4
Fairbairn,tichondrius,192,paladin,retribution,6,2,4
Mikeelul,tichondrius,192,paladin,retribution,6,2,4
Johnygoodboi,khazgoroth,192,paladin,retribution,6,2,4
Lxwd,tichondrius,192,paladin,retribution,6,2,4
Danaimei,tichondrius,192,paladin,retribution,6,2,4
Armasexodus,barthilas,192,paladin,retribution,6,2,4
Holypoizan,tichondrius,192,paladin,retribution,6,2,4
Repèntance,stormrage,192,paladin,retribution,6,2,4
Angelscrÿ,stormrage,192,paladin,retribution,6,2,4
Schooiez,tichondrius,192,paladin,retribution,6,2,4
Greatblade,barthilas,192,paladin,retribution,6,2,4
Avengzeus,tichondrius,192,paladin,retribution,6,2,4
Buri,tichondrius,192,paladin,retribution,6,2,4
Gwff,tichondrius,192,paladin,retribution,6,2,4
Blessinofsac,nagrand,192,paladin,retribution,6,2,4
Steelbreaker,deathwing,192,paladin,retribution,6,2,4
Enjoy,frostmourne,192,paladin,retribution,6,2,4
Lightkillerx,thrall,192,paladin,retribution,6,2,4
Quinnl,dreadmaul,192,paladin,retribution,6,2,4
Ratkiller,barthilas,192,paladin,retribution,6,2,4
Passinpeace,tichondrius,192,paladin,retribution,6,2,4
Holyginger,barthilas,192,paladin,retribution,6,2,4
Smolbeef,tichondrius,192,paladin,retribution,6,2,4
Felkor,caelestrasz,192,paladin,retribution,6,2,4
Blëssëd,zuljin,192,paladin,retribution,6,2,4
Reepr,tichondrius,192,paladin,retribution,6,2,4
Diänë,ragnaros,192,paladin,retribution,6,2,4
Thaléros,tichondrius,192,paladin,retribution,6,2,4
Kennysun,azralon,192,paladin,retribution,6,2,4
Roundbutts,stormrage,192,paladin,retribution,6,2,4
Bigdret,moon-guard,192,paladin,retribution,6,2,4
Taddedpally,tichondrius,192,paladin,retribution,6,2,4
Zoeyxo,tichondrius,192,paladin,retribution,6,2,4
Cïelo,dragonmaw,192,paladin,retribution,6,2,4
Ramises,nemesis,192,paladin,retribution,6,2,4
Neydisa,sargeras,192,paladin,retribution,6,2,4
Zentrick,whisperwind,192,paladin,retribution,6,2,4
Watersesh,baelgun,192,paladin,retribution,6,2,4
Oxycleän,doomhammer,192,paladin,retribution,6,2,4
Mercuryx,tichondrius,192,paladin,retribution,6,2,4
Dabakle,stormrage,192,paladin,retribution,6,2,4
Ordinary,greymane,192,paladin,retribution,6,2,4
Brucitenjr,illidan,192,paladin,retribution,6,2,4
Thejüdge,malfurion,192,paladin,retribution,6,2,4
Toto,sargeras,192,paladin,retribution,6,2,4
Donsagrado,quelthalas,192,paladin,retribution,6,2,4
Supermetroid,vashj,192,paladin,retribution,6,2,4
Parkhwi,tichondrius,192,paladin,retribution,6,2,4
Savøx,illidan,192,paladin,retribution,6,2,4
Chàrron,garrosh,192,paladin,retribution,6,2,4
Krabbiepatty,wyrmrest-accord,192,paladin,retribution,6,2,4
Astrøworld,sargeras,192,paladin,retribution,6,2,4
Shaqueefah,illidan,192,paladin,retribution,6,2,4
Tìg,proudmoore,192,paladin,retribution,6,2,4
Quiznossubs,kelthuzad,192,paladin,retribution,6,2,4
Airane,sargeras,192,paladin,retribution,6,2,4
Alexandros,the-underbog,192,paladin,retribution,6,2,4
Misease,illidan,192,paladin,retribution,6,2,4
Mazexd,illidan,192,paladin,retribution,6,2,4
Bøzø,stormrage,192,paladin,retribution,6,2,4
Crazysyco,proudmoore,192,paladin,retribution,6,2,4
Haznthley,proudmoore,192,paladin,retribution,6,2,4
Roity,proudmoore,192,paladin,retribution,6,2,4
Ablunedion,illidan,192,paladin,retribution,6,2,4
Spanx,blackwing-lair,192,paladin,retribution,6,2,4
Pállymán,proudmoore,192,paladin,retribution,6,2,4
Herbzilla,haomarush,192,paladin,retribution,6,2,4
Thepallyx,silvermoon,192,paladin,retribution,6,2,4
Rây,stormrage,192,paladin,retribution,6,2,4
Tyberas,wyrmrest-accord,192,paladin,retribution,6,2,4
Leztatium,quelthalas,192,paladin,retribution,6,2,4
Outofholy,stormrage,192,paladin,retribution,6,2,4
Exalter,malganis,192,paladin,retribution,6,2,4
Kêy,the-venture-co,192,paladin,retribution,6,2,4
Alasper,malganis,192,paladin,retribution,6,2,4
Whittia,wyrmrest-accord,192,paladin,retribution,6,2,4
Ðuel,area-52,192,paladin,retribution,6,2,4
Alexese,area-52,192,paladin,retribution,6,2,4
Dose,moon-guard,192,paladin,retribution,6,2,4
Gîmply,proudmoore,192,paladin,retribution,6,2,4
Blastoise,drakkari,192,paladin,retribution,6,2,4
Pallypallyy,aerie-peak,192,paladin,retribution,6,2,4
Mesaa,illidan,192,paladin,retribution,6,2,4
Holypumper,moon-guard,192,paladin,retribution,6,2,4
Trê,sargeras,192,paladin,retribution,6,2,4
Varianpally,kelthuzad,192,paladin,retribution,6,2,4
Corthic,area-52,192,paladin,retribution,6,2,4
Paintpumper,malganis,192,paladin,retribution,6,2,4
Solånar,bloodscalp,192,paladin,retribution,6,2,4
Tyrack,ragnaros,192,paladin,retribution,6,2,4
Tufybighamer,malganis,192,paladin,retribution,6,2,4
Rochet,kiljaeden,192,paladin,retribution,6,2,4
Juiicebox,darrowmere,192,paladin,retribution,6,2,4
Pearlx,ragnaros,192,paladin,retribution,6,2,4
Lunchboxz,nazjatar,192,paladin,retribution,6,2,4
Pallylyfe,wyrmrest-accord,192,paladin,retribution,6,2,4
Svane,thunderlord,192,paladin,retribution,6,2,4
Giulio,moon-guard,192,paladin,retribution,6,2,4
Narcolepso,azralon,192,paladin,retribution,6,2,4
Rite,azralon,192,paladin,retribution,6,2,4
Crijr,ragnaros,192,paladin,retribution,6,2,4
Tacosmells,thunderlord,192,paladin,retribution,6,2,4
Pelegroot,azralon,192,paladin,retribution,6,2,4
Sinsy,moon-guard,192,paladin,retribution,6,2,4
Rightz,muradin,192,paladin,retribution,6,2,4
Crânkz,blackrock,192,paladin,retribution,6,2,4
Juanvaldez,muradin,192,paladin,retribution,6,2,4
Drízzy,ragnaros,192,paladin,retribution,6,2,4
Liht,khazgoroth,192,paladin,retribution,6,2,4
Ironcoco,ragnaros,192,paladin,retribution,6,2,4
Aleio,moon-guard,192,paladin,retribution,6,2,4
Eljosco,nordrassil,192,paladin,retribution,6,2,4
Uunjaaku,kiljaeden,192,paladin,retribution,6,2,4
Troyamat,nemesis,192,paladin,retribution,6,2,4
Felourian,malganis,192,paladin,retribution,6,2,4
Forprophet,blackrock,192,paladin,retribution,6,2,4
Toscadin,ragnaros,192,paladin,retribution,6,2,4
Blargnarg,area-52,192,paladin,retribution,6,2,4
Machoo,laughing-skull,192,paladin,retribution,6,2,4
Khels,gilneas,192,paladin,retribution,6,2,4
Talions,illidan,192,paladin,retribution,6,2,4
Ohsoclose,bleeding-hollow,192,paladin,retribution,6,2,4
Pushabuton,illidan,192,paladin,retribution,6,2,4
Guelmin,azralon,192,paladin,retribution,6,2,4
Vengx,sargeras,192,paladin,retribution,6,2,4
Rhodius,dalaran,192,paladin,retribution,6,2,4
Botïs,sargeras,192,paladin,retribution,6,2,4
Brand,emerald-dream,192,paladin,retribution,6,2,4
Paladam,burning-blade,192,paladin,retribution,6,2,4
Roseheart,emerald-dream,192,paladin,retribution,6,2,4
Adavinn,azjolnerub,192,paladin,retribution,6,2,4
Øexørcistta,nemesis,192,paladin,retribution,6,2,4
Hekcthor,ragnaros,192,paladin,retribution,6,2,4
Pallydin,smolderthorn,192,paladin,retribution,6,2,4
Bubzfordubz,sargeras,192,paladin,retribution,6,2,4
Nicerice,dalaran,192,paladin,retribution,6,2,4
Killerspally,area-52,192,paladin,retribution,6,2,4
Motrîn,sargeras,192,paladin,retribution,6,2,4
Dynastyhero,area-52,192,paladin,retribution,6,2,4
Tomackin,quelthalas,192,paladin,retribution,6,2,4
Yeshayah,dalaran,192,paladin,retribution,6,2,4
Jazzmatic,dalaran,192,paladin,retribution,6,2,4
Ghatte,azralon,192,paladin,retribution,6,2,4
Kraggar,arthas,192,paladin,retribution,6,2,4
Spyglas,quelthalas,192,paladin,retribution,6,2,4
Alphönsë,quelthalas,192,paladin,retribution,6,2,4
Desterro,quelthalas,192,paladin,retribution,6,2,4
Nocomus,andorhal,192,paladin,retribution,6,2,4
Chrisqwa,sargeras,192,paladin,retribution,6,2,4
Oynx,emerald-dream,192,paladin,retribution,6,2,4
Hulc,ysera,192,paladin,retribution,6,2,4
Erethonis,bladefist,192,paladin,retribution,6,2,4
Gunderbok,emerald-dream,192,paladin,retribution,6,2,4
Brifos,sargeras,192,paladin,retribution,6,2,4
Blaeng,shandris,192,paladin,retribution,6,2,4
Byonsay,zuljin,192,paladin,retribution,6,2,4
Riggar,uther,192,paladin,retribution,6,2,4
Freslys,zuljin,192,paladin,retribution,6,2,4
Sethy,feathermoon,192,paladin,retribution,6,2,4
Malakk,zuljin,192,paladin,retribution,6,2,4
Crosjudge,zuljin,192,paladin,retribution,6,2,4
Sac,sargeras,192,paladin,retribution,6,2,4
Ödin,scarlet-crusade,192,paladin,retribution,6,2,4
Madnhairy,zuljin,192,paladin,retribution,6,2,4
Strîkes,emerald-dream,192,paladin,retribution,6,2,4
Psychlight,quelthalas,192,paladin,retribution,6,2,4
Hafra,zuljin,192,paladin,retribution,6,2,4
Mynnorath,emerald-dream,192,paladin,retribution,6,2,4
Benzen,bleeding-hollow,192,paladin,retribution,6,2,4
Ret,onyxia,192,paladin,retribution,6,2,4
Sigmapepe,quelthalas,192,paladin,retribution,6,2,4
Andronik,bleeding-hollow,192,paladin,retribution,9,2,7
Azajudgeman,nemesis,192,paladin,retribution,9,2,7
Aeterias,dalaran,192,paladin,retribution,10,2,8
Pepepally,area-52,192,paladin,retribution,12,2,10
Anahl,icecrown,192,paladin,retribution,12,2,10
Yawnday,farstriders,192,paladin,retribution,12,2,10
Rayli,dalaran,192,paladin,retribution,12,2,10
Cabacarl,quelthalas,192,paladin,retribution,12,2,10
Lamer,proudmoore,192,paladin,retribution,12,2,10
Bennygee,moonrunner,192,paladin,retribution,12,2,10
Aetol,proudmoore,192,paladin,retribution,12,2,10
Kaiyleigh,sargeras,192,paladin,retribution,12,2,10
Seratox,illidan,192,paladin,retribution,12,2,10
Slithix,stormreaver,192,paladin,retribution,12,2,10
Milfcrusader,tichondrius,192,paladin,retribution,12,2,10
Holyshifts,exodar,192,paladin,retribution,12,2,10
Ghratadin,bleeding-hollow,192,paladin,retribution,12,2,10
Goomie,icecrown,192,paladin,retribution,12,2,10
Sïncere,frostmourne,192,paladin,retribution,12,2,10
Seltzer,tichondrius,192,paladin,retribution,12,2,10
Dgâza,tichondrius,192,paladin,retribution,12,2,10
Arminhamer,sargeras,192,paladin,retribution,12,2,10
Fazoéli,stormrage,192,paladin,retribution,12,2,10
Ricopal,frostmourne,192,paladin,retribution,12,2,10
Thorsmites,sargeras,192,paladin,retribution,12,2,10
Dirtfunk,illidan,192,paladin,retribution,12,2,10
Nr,blood-furnace,192,paladin,retribution,12,2,10
Clrty,area-52,192,paladin,retribution,12,2,10
Criixx,malganis,192,paladin,retribution,12,2,10
Dorisseline,emerald-dream,192,paladin,retribution,18,2,16
Imnoracist,thrall,192,paladin,retribution,18,2,16
Zensargge,tichondrius,192,paladin,retribution,24,2,22
Savagefck,sargeras,191,paladin,retribution,6,2,4
Nejie,nazjatar,191,paladin,retribution,6,2,4
Thugmuffin,thrall,176,paladin,retribution,7,3,4
Wokeinator,malganis,175,paladin,retribution,11,3,8
Palejandro,illidan,175,paladin,retribution,11,2,9
Baalduru,borean-tundra,175,paladin,retribution,11,2,9
Attkdmgcurry,illidan,175,paladin,retribution,11,2,9
Gordonryan,bleeding-hollow,160,paladin,retribution,10,2,8
Drholypurp,tichondrius,159,paladin,retribution,5,2,3
Bringbackrmp,tichondrius,159,paladin,retribution,5,2,3
Thorviim,azralon,159,paladin,retribution,5,2,3
Whoopsie,dragonmaw,159,paladin,retribution,5,2,3
Pallydeen,illidan,159,paladin,retribution,5,2,3
Zyllo,area-52,159,paladin,retribution,5,2,3
Holeesheett,tichondrius,144,paladin,retribution,9,2,7
Åddict,kelthuzad,138,paladin,retribution,10,3,7
Iæl,stormrage,138,paladin,retribution,10,3,7
Dathromir,stormrage,138,paladin,retribution,15,3,12
Bubbleosèven,tichondrius,138,paladin,retribution,16,3,13
Modafinil,bonechewer,138,paladin,retribution,20,3,17
Mikwa,ragnaros,128,paladin,retribution,4,2,2
Sugnidrom,frostmourne,128,paladin,retribution,4,2,2
Yemotis,emerald-dream,128,paladin,retribution,4,2,2
Kforty,kiljaeden,128,paladin,retribution,4,2,2
Khileeha,sargeras,128,paladin,retribution,10,2,8
Utho,wyrmrest-accord,96,paladin,retribution,3,2,1
Thortanous,icecrown,96,paladin,retribution,3,2,1
Dazak,ragnaros,96,paladin,retribution,3,2,1
Smaugg,boulderfist,96,paladin,retribution,3,2,1
Swordstrikes,tichondrius,96,paladin,retribution,3,2,1
Bruwdblood,bleeding-hollow,96,paladin,retribution,6,1,5
Boundric,emerald-dream,96,paladin,retribution,6,1,5
Asellusarc,kelthuzad,96,paladin,retribution,6,1,5
Acpally,tichondrius,96,paladin,retribution,6,1,5
Gotdrò,tichondrius,96,paladin,retribution,6,1,5
Holyflopper,malganis,96,paladin,retribution,6,1,5
Chaosbubble,burning-legion,96,paladin,retribution,6,1,5
Rîf,malganis,96,paladin,retribution,6,1,5
Chakin,burning-legion,96,paladin,retribution,6,1,5
Kreigvar,moon-guard,96,paladin,retribution,6,1,5
Roosterface,azjolnerub,96,paladin,retribution,6,1,5
Lygophobia,frostmourne,96,paladin,retribution,6,1,5
Brynleigh,malganis,96,paladin,retribution,6,1,5
Inareus,agamaggan,96,paladin,retribution,6,1,5
Rynis,arthas,96,paladin,retribution,6,1,5
Warhero,sargeras,96,paladin,retribution,6,1,5
Erindor,emerald-dream,96,paladin,retribution,6,1,5
Retsarro,frostmourne,96,paladin,retribution,6,1,5
Marcovk,quelthalas,96,paladin,retribution,6,1,5
Mentalíssues,moon-guard,96,paladin,retribution,6,1,5
Rg,nerzhul,96,paladin,retribution,6,1,5
Cyona,gallywix,96,paladin,retribution,6,1,5
Rodrigo,frostmourne,96,paladin,retribution,6,1,5
Fourwives,sargeras,96,paladin,retribution,6,1,5
Hanael,quelthalas,96,paladin,retribution,6,1,5
Cupidxbye,tichondrius,96,paladin,retribution,6,1,5
Angusbeef,hyjal,96,paladin,retribution,6,1,5
Nytto,lightnings-blade,96,paladin,retribution,6,1,5
Partenna,quelthalas,96,paladin,retribution,6,1,5
Kënsi,quelthalas,96,paladin,retribution,6,1,5
Miniell,tichondrius,96,paladin,retribution,6,1,5
Javiermiléi,quelthalas,96,paladin,retribution,6,1,5
Valadinn,tichondrius,96,paladin,retribution,6,1,5
Chainjustice,area-52,96,paladin,retribution,6,1,5
Simple,ghostlands,96,paladin,retribution,6,1,5
Zwilliam,frostmourne,96,paladin,retribution,6,1,5
Ahrieze,moon-guard,96,paladin,retribution,6,1,5
Rodt,dalaran,96,paladin,retribution,6,1,5
Conámi,ragnaros,96,paladin,retribution,6,1,5
Flashstark,area-52,96,paladin,retribution,6,1,5
Retrib,tichondrius,96,paladin,retribution,6,1,5
Pallypòwer,garrosh,96,paladin,retribution,6,1,5
Daelann,moon-guard,96,paladin,retribution,6,1,5
Kentö,area-52,96,paladin,retribution,6,1,5
Giita,quelthalas,96,paladin,retribution,6,1,5
Urudith,azralon,96,paladin,retribution,6,1,5
Torvus,bonechewer,96,paladin,retribution,6,1,5
Aragonns,illidan,96,paladin,retribution,6,1,5
Odos,zuljin,96,paladin,retribution,6,1,5
Aduynn,tichondrius,96,paladin,retribution,6,1,5
Zulzander,kelthuzad,96,paladin,retribution,6,1,5
Miketavius,moon-guard,96,paladin,retribution,6,1,5
Smallhammer,aegwynn,96,paladin,retribution,6,1,5
Deviill,winterhoof,96,paladin,retribution,6,1,5
Slantee,illidan,96,paladin,retribution,6,1,5
Fknnoath,frostmourne,96,paladin,retribution,6,1,5
Bogùs,tichondrius,96,paladin,retribution,6,1,5
Thumos,sargeras,96,paladin,retribution,6,1,5
Justtrollin,black-dragonflight,96,paladin,retribution,6,1,5
Édzor,area-52,96,paladin,retribution,6,1,5
Tradalia,illidan,96,paladin,retribution,6,1,5
Yoroding,tichondrius,96,paladin,retribution,6,1,5
Synnderilla,wyrmrest-accord,96,paladin,retribution,6,1,5
Amorimbr,area-52,96,paladin,retribution,6,1,5
Matrium,kiljaeden,96,paladin,retribution,6,1,5
Volphorix,illidan,96,paladin,retribution,6,1,5
Smudgexy,frostmourne,96,paladin,retribution,6,1,5
Wantsome,frostmourne,96,paladin,retribution,6,1,5
Parts,aerie-peak,96,paladin,retribution,6,1,5
Kamakazê,sargeras,96,paladin,retribution,6,1,5
Bosmoklikdat,moon-guard,96,paladin,retribution,6,1,5
Ashlïe,moon-guard,96,paladin,retribution,6,1,5
Shiningtendi,aerie-peak,96,paladin,retribution,6,1,5
Momhips,bloodscalp,96,paladin,retribution,6,1,5
Mindfoolness,sargeras,96,paladin,retribution,6,1,5
Talahar,boulderfist,96,paladin,retribution,6,1,5
Donoph,blades-edge,96,paladin,retribution,6,1,5
Scuffedhoj,tichondrius,96,paladin,retribution,6,1,5
Carloss,drakkari,96,paladin,retribution,6,1,5
Chuggawhugga,area-52,96,paladin,retribution,6,1,5
Liongolden,azralon,96,paladin,retribution,6,1,5
Kadabrak,area-52,96,paladin,retribution,6,1,5
Balloony,stormrage,96,paladin,retribution,6,1,5
Smïthh,area-52,96,paladin,retribution,6,1,5
Luiiguii,drakkari,96,paladin,retribution,6,1,5
Pugnacity,stormrage,96,paladin,retribution,6,1,5
Ssjgodvy,illidan,96,paladin,retribution,6,1,5
Solambul,tichondrius,96,paladin,retribution,6,1,5
Djset,blackhand,96,paladin,retribution,6,1,5
Gazef,proudmoore,96,paladin,retribution,6,1,5
Këys,earthen-ring,96,paladin,retribution,6,1,5
Jüstice,tichondrius,96,paladin,retribution,6,1,5
Hodne,blackhand,96,paladin,retribution,6,1,5
Judgémental,bleeding-hollow,96,paladin,retribution,6,1,5
Chapichapi,illidan,96,paladin,retribution,6,1,5
Holyclapzy,stormrage,96,paladin,retribution,6,1,5
Holiness,stormreaver,96,paladin,retribution,6,1,5
Gdesign,tichondrius,96,paladin,retribution,6,1,5
Terppy,stormrage,96,paladin,retribution,6,1,5
Valdi,stonemaul,96,paladin,retribution,6,1,5
Dankpaladin,frostwolf,96,paladin,retribution,6,1,5
Clayban,stormrage,96,paladin,retribution,6,1,5
Poeboyz,stormrage,96,paladin,retribution,6,1,5
Wwanntae,tichondrius,96,paladin,retribution,6,1,5
Dafoq,stormrage,96,paladin,retribution,6,1,5
Sunnix,illidan,96,paladin,retribution,6,1,5
Paldan,illidan,96,paladin,retribution,6,1,5
Palajem,stormrage,96,paladin,retribution,6,1,5
Skadooshh,illidan,96,paladin,retribution,6,1,5
Aldwyn,deathwing,96,paladin,retribution,6,1,5
Narsys,tichondrius,96,paladin,retribution,6,1,5
Wilmâ,ragnaros,96,paladin,retribution,6,1,5
Tehgodofdmg,tichondrius,96,paladin,retribution,6,1,5
Ariolo,baelgun,96,paladin,retribution,6,1,5
Scah,illidan,96,paladin,retribution,6,1,5
Zealotry,tichondrius,96,paladin,retribution,6,1,5
Actionman,bleeding-hollow,96,paladin,retribution,6,1,5
Yøu,tichondrius,96,paladin,retribution,6,1,5
Ryudoshël,nemesis,96,paladin,retribution,6,1,5
Scarllye,illidan,96,paladin,retribution,6,1,5
Xkillz,korgath,96,paladin,retribution,6,1,5
Màli,akama,96,paladin,retribution,6,1,5
Krulu,thrall,96,paladin,retribution,6,1,5
Shádøwy,nemesis,96,paladin,retribution,6,1,5
Dragollias,anvilmar,96,paladin,retribution,6,1,5
Brutaldeath,area-52,96,paladin,retribution,6,1,5
Howlerhead,illidan,96,paladin,retribution,6,1,5
Theodrei,darrowmere,96,paladin,retribution,6,1,5
Maeyz,sargeras,96,paladin,retribution,6,1,5
Flashbubble,sargeras,96,paladin,retribution,6,1,5
Lelythia,bleeding-hollow,96,paladin,retribution,7,1,6
Yobnai,zuljin,96,paladin,retribution,12,1,11
Reinhardburm,quelthalas,96,paladin,retribution,12,1,11
Shamo,stormreaver,96,paladin,retribution,12,1,11
Rimorse,illidan,96,paladin,retribution,12,1,11
Whosyourdady,azjolnerub,96,paladin,retribution,12,1,11
Astralweed,quelthalas,96,paladin,retribution,12,1,11
Séykän,ragnaros,96,paladin,retribution,12,1,11
Hondacivicsi,mannoroth,96,paladin,retribution,12,1,11
Lorenzojr,sargeras,96,paladin,retribution,12,1,11
Malisaa,tichondrius,96,paladin,retribution,12,1,11
Oshia,destromath,96,paladin,retribution,12,1,11
Æpaldin,tichondrius,96,paladin,retribution,12,1,11
Hojpocketx,tichondrius,96,paladin,retribution,12,1,11
Catholica,tichondrius,96,paladin,retribution,12,1,11
Nbtv,tichondrius,96,paladin,retribution,12,1,11
Amerok,malfurion,95,paladin,retribution,12,1,11
Hottest,wyrmrest-accord,84,paladin,retribution,13,5,8
Bowdown,wildhammer,79,paladin,retribution,5,1,4
Goldieg,tichondrius,79,paladin,retribution,5,1,4
Maverickxz,nemesis,79,paladin,retribution,5,1,4
Hivers,stormrage,79,paladin,retribution,11,1,10
Lawbandit,tichondrius,42,paladin,retribution,10,3,7
Eljefee,emerald-dream,42,paladin,retribution,11,3,8
Newwow,tichondrius,42,paladin,retribution,9,2,7
Kletüs,quelthalas,16,paladin,retribution,1,1,0
Moistsaiyan,blood-furnace,15,paladin,retribution,1,1,0
ßleider,quelthalas,1906,paladin,protection,55,39,16
Ëlmaster,nemesis,1831,paladin,protection,120,75,45
Kierolechita,ragnaros,1807,paladin,protection,118,63,55
Zhspeilian,tichondrius,1730,paladin,protection,84,47,37
Sutadansa,doomhammer,1711,paladin,protection,98,46,52
Eclipsor,bleeding-hollow,1657,paladin,protection,48,30,18
Vondonna,moon-guard,1655,paladin,protection,113,65,48
Lxwd,tichondrius,1655,paladin,protection,113,56,57
Uglyboyryan,sargeras,1652,paladin,protection,78,46,32
Aopidsfihjov,stormrage,1649,paladin,protection,42,30,12
Motates,malganis,1621,paladin,protection,60,28,32
Höpönpöppö,frostmourne,1589,paladin,protection,36,17,19
Aeythyr,wyrmrest-accord,1558,paladin,protection,48,26,22
Rehtua,bleeding-hollow,1557,paladin,protection,83,35,48
Zephyrvalor,sargeras,1525,paladin,protection,69,31,38
Chozverialyz,ysondre,1494,paladin,protection,68,32,36
Modafinil,bonechewer,1456,paladin,protection,87,42,45
Íaan,drakkari,1433,paladin,protection,64,40,24
Wowmike,sargeras,1421,paladin,protection,42,17,25
Arcilys,illidan,1398,paladin,protection,60,29,31
Bighardshock,aggramar,1339,paladin,protection,24,14,10
Khrome,cenarion-circle,1328,paladin,protection,134,44,90
Domocho,azgalor,1315,paladin,protection,24,14,10
Jkethuhsnake,ghostlands,1306,paladin,protection,51,31,20
Thorsmites,sargeras,1273,paladin,protection,48,18,30
Lelythia,bleeding-hollow,1161,paladin,protection,65,25,40
Zakh,proudmoore,1053,paladin,protection,18,11,7
Ndnpaly,bonechewer,953,paladin,protection,12,10,2
Borrus,malygos,863,paladin,protection,18,9,9
Bubblemark,tichondrius,768,paladin,protection,18,8,10
Courageousz,dalaran,768,paladin,protection,18,8,10
Crusâder,area-52,767,paladin,protection,24,8,16
Herimi,drakkari,766,paladin,protection,18,8,10
Kittié,proudmoore,760,paladin,protection,24,8,16
Halnoth,dethecus,702,paladin,protection,11,8,3
Dirkdigglerz,bleeding-hollow,670,paladin,protection,18,7,11
Sôlux,quelthalas,576,paladin,protection,12,6,6
Almeta,kelthuzad,576,paladin,protection,12,6,6
Øziris,goldrinn,528,paladin,protection,15,7,8
Stormvikingx,darkspear,480,paladin,protection,6,5,1
Danthorin,malfurion,480,paladin,protection,12,5,7
Kiehui,lightbringer,480,paladin,protection,12,5,7
Bullivan,sisters-of-elune,480,paladin,protection,12,5,7
Negativeiq,moon-guard,399,paladin,protection,5,5,0
Aluvia,malygos,384,paladin,protection,6,4,2
Gîmply,proudmoore,384,paladin,protection,12,4,8
Goldjade,khazgoroth,384,paladin,protection,12,4,8
Belmorlin,moon-guard,384,paladin,protection,12,4,8
Isecretly,stormrage,335,paladin,protection,7,7,0
Ronor,thorium-brotherhood,288,paladin,protection,6,3,3
Poorly,thorium-brotherhood,288,paladin,protection,6,3,3
Sølis,alleria,288,paladin,protection,6,3,3
Bt,quelthalas,288,paladin,protection,6,3,3
Saeranella,moon-guard,240,paladin,protection,9,3,6
Blâckhârt,saurfang,234,paladin,protection,9,4,5
Lewstelamon,korialstrasz,192,paladin,protection,6,2,4
Xinqingle,tichondrius,192,paladin,protection,6,2,4
Consecrated,daggerspine,192,paladin,protection,12,2,10
Holyknight,veknilash,96,paladin,protection,8,2,6
Bullmarket,tichondrius,96,paladin,protection,6,1,5
Yötönyö,sargeras,2082,priest,holy,114,57,57
Fluent,emerald-dream,2016,priest,holy,102,52,50
Dogbutt,burning-legion,1996,priest,holy,222,111,111
Priestlike,tichondrius,1986,priest,holy,105,56,49
Zenelu,tichondrius,1900,priest,holy,164,86,78
Tirrify,frostmourne,1899,priest,holy,54,29,25
Cokeheals,kelthuzad,1897,priest,holy,42,26,16
Fusira,gurubashi,1894,priest,holy,36,20,16
Pianohouse,illidan,1893,priest,holy,54,29,25
Jjmms,akama,1876,priest,holy,116,66,50
Peat,hyjal,1844,priest,holy,54,27,27
Superduperr,illidan,1840,priest,holy,66,33,33
Citrinesta,illidan,1835,priest,holy,197,121,76
Mastuti,azralon,1817,priest,holy,59,27,32
Iniquitatem,tichondrius,1817,priest,holy,60,23,37
Tromnasty,area-52,1816,priest,holy,90,53,37
Whitetails,illidan,1816,priest,holy,54,31,23
Onikûdaki,sargeras,1814,priest,holy,86,37,49
Cinnalite,darkspear,1813,priest,holy,36,26,10
Sweatynick,proudmoore,1813,priest,holy,227,109,118
Bloodlinex,malganis,1806,priest,holy,171,102,69
Ninbara,tichondrius,1806,priest,holy,96,46,50
Pipelayerx,illidan,1804,priest,holy,50,25,25
Murkd,tichondrius,1804,priest,holy,145,68,77
Nickydamous,moon-guard,1799,priest,holy,60,34,26
Lëønë,nemesis,1796,priest,holy,106,70,36
Gerpe,stormrage,1789,priest,holy,183,101,82
Immthuggin,tichondrius,1780,priest,holy,102,43,59
Moonideli,moon-guard,1765,priest,holy,72,36,36
Vandalia,shadowsong,1763,priest,holy,124,57,67
Cheekypriest,stormrage,1747,priest,holy,54,25,29
Heavyflo,kelthuzad,1746,priest,holy,96,49,47
Dreckie,sargeras,1734,priest,holy,83,39,44
Zazul,frostmane,1729,priest,holy,101,58,43
Wøo,area-52,1727,priest,holy,135,75,60
Icychain,area-52,1726,priest,holy,35,19,16
Hyouka,area-52,1726,priest,holy,193,99,94
Saintjpii,tichondrius,1715,priest,holy,84,50,34
Cryptron,tichondrius,1706,priest,holy,74,32,42
Scyner,bleeding-hollow,1696,priest,holy,123,67,56
Gill,proudmoore,1689,priest,holy,104,52,52
Goodlife,frostmourne,1687,priest,holy,95,43,52
Nanatoo,sargeras,1686,priest,holy,36,18,18
Geoffrred,illidan,1686,priest,holy,54,21,33
Rustymvp,nagrand,1685,priest,holy,38,19,19
Wankenobi,stormrage,1684,priest,holy,176,90,86
Elbowbeans,tichondrius,1680,priest,holy,64,31,33
Gaudthree,tichondrius,1675,priest,holy,48,26,22
Óst,tichondrius,1673,priest,holy,42,18,24
Candohp,frostmourne,1653,priest,holy,36,18,18
Iluvthgnmicz,sargeras,1652,priest,holy,51,27,24
Pws,azralon,1646,priest,holy,60,25,35
Bopang,emerald-dream,1638,priest,holy,59,27,32
Bubbles,drakthul,1634,priest,holy,232,118,114
Punkndrublic,sargeras,1631,priest,holy,83,43,40
Tòxìç,stormrage,1623,priest,holy,127,74,53
Soloqqt,tichondrius,1622,priest,holy,36,21,15
Tookiex,stormrage,1622,priest,holy,37,17,20
Washdp,frostmourne,1621,priest,holy,48,21,27
Dypkillet,moon-guard,1618,priest,holy,102,48,54
Leoshi,turalyon,1615,priest,holy,36,21,15
Archbishop,stormscale,1610,priest,holy,31,18,13
Matthiass,thrall,1610,priest,holy,77,41,36
Nielbomb,tichondrius,1606,priest,holy,253,130,123
Soaphia,kelthuzad,1599,priest,holy,88,48,40
Snowymooie,frostmourne,1586,priest,holy,42,19,23
Sacrifer,moon-guard,1570,priest,holy,84,45,39
Cutiepriest,gnomeregan,1564,priest,holy,84,53,31
Dgpriest,tichondrius,1559,priest,holy,42,19,23
Krobs,bleeding-hollow,1559,priest,holy,48,20,28
Cerebrill,bleeding-hollow,1557,priest,holy,45,22,23
ßeautiful,sargeras,1544,priest,holy,36,19,17
Avis,illidan,1539,priest,holy,110,54,56
Dawnside,wyrmrest-accord,1534,priest,holy,208,126,82
Tazzi,chromaggus,1522,priest,holy,66,29,37
Sukeena,malganis,1510,priest,holy,54,23,31
Bestgirlna,area-52,1509,priest,holy,30,16,14
Applepieyum,illidan,1508,priest,holy,42,19,23
Chervz,chogall,1503,priest,holy,42,18,24
Tranquilty,tichondrius,1501,priest,holy,72,31,41
Heluupa,illidan,1495,priest,holy,71,47,24
Giveheadpats,moon-guard,1492,priest,holy,152,74,78
Vampiric,laughing-skull,1490,priest,holy,30,21,9
Wrinkletink,whisperwind,1489,priest,holy,25,16,9
Xedus,mannoroth,1485,priest,holy,62,28,34
Kostantina,kelthuzad,1484,priest,holy,42,18,24
Symbolofhope,moon-guard,1474,priest,holy,45,20,25
Necroplasma,area-52,1473,priest,holy,49,30,19
Illyasviel,terenas,1472,priest,holy,103,41,62
Soleyxo,frostmourne,1463,priest,holy,36,21,15
Owlchubz,mannoroth,1445,priest,holy,48,20,28
Plebiss,burning-blade,1441,priest,holy,114,60,54
Artiannaa,bleeding-hollow,1436,priest,holy,63,39,24
Mizzbehavn,tichondrius,1430,priest,holy,44,24,20
Ayanamil,tichondrius,1429,priest,holy,56,42,14
Pesca,proudmoore,1429,priest,holy,36,15,21
Edmen,stormrage,1427,priest,holy,78,37,41
Anguishment,stormrage,1416,priest,holy,153,73,80
Esvary,quelthalas,1411,priest,holy,86,50,36
Reverenced,stormrage,1409,priest,holy,60,36,24
Littlebat,proudmoore,1408,priest,holy,60,33,27
Mkenze,moon-guard,1386,priest,holy,102,47,55
Akaneo,tichondrius,1380,priest,holy,36,18,18
Cruxave,aegwynn,1379,priest,holy,34,18,16
Pettypriest,dalaran,1377,priest,holy,69,26,43
Ænußís,stormrage,1375,priest,holy,48,30,18
Methodist,proudmoore,1374,priest,holy,78,28,50
Kovaxx,frostmourne,1373,priest,holy,76,33,43
Sabene,greymane,1364,priest,holy,91,44,47
Heist,kelthuzad,1353,priest,holy,26,16,10
Quartzolio,azralon,1353,priest,holy,59,35,24
Holyb,tichondrius,1352,priest,holy,36,18,18
Shaldra,bleeding-hollow,1348,priest,holy,109,64,45
Holyshytt,tichondrius,1346,priest,holy,55,30,25
Sappes,area-52,1346,priest,holy,54,27,27
Eccentricx,sargeras,1342,priest,holy,24,14,10
Lilyxo,bleeding-hollow,1339,priest,holy,30,14,16
Saetia,drenden,1338,priest,holy,20,16,4
Soapfan,kelthuzad,1336,priest,holy,72,29,43
Spriest,kul-tiras,1332,priest,holy,74,41,33
Trufumthunzi,illidan,1330,priest,holy,26,17,9
Healztonic,dalaran,1323,priest,holy,85,38,47
Handsumheals,kiljaeden,1322,priest,holy,24,14,10
Strivedaily,proudmoore,1314,priest,holy,31,14,17
Discospider,sargeras,1313,priest,holy,30,15,15
Ksâh,bleeding-hollow,1309,priest,holy,36,17,19
Xinferesia,sargeras,1305,priest,holy,61,25,36
Xrafa,azralon,1301,priest,holy,84,38,46
Rihen,tichondrius,1300,priest,holy,127,53,74
Merellia,moon-guard,1297,priest,holy,42,18,24
Animè,zuluhed,1275,priest,holy,60,36,24
Mercý,zuljin,1273,priest,holy,48,27,21
Raskreia,dragonmaw,1268,priest,holy,30,14,16
Junatoh,area-52,1266,priest,holy,37,21,16
Threesclass,tichondrius,1262,priest,holy,29,14,15
Lexiié,area-52,1261,priest,holy,49,28,21
Preacherr,bonechewer,1256,priest,holy,24,14,10
Galadrael,quelthalas,1252,priest,holy,35,16,19
Bjorke,tichondrius,1247,priest,holy,30,13,17
Onemission,whisperwind,1247,priest,holy,30,13,17
Turnipp,sargeras,1246,priest,holy,30,13,17
Minipriest,sargeras,1245,priest,holy,30,13,17
Joeschmoe,proudmoore,1235,priest,holy,24,13,11
Nowwow,tichondrius,1230,priest,holy,30,14,16
Aiwa,winterhoof,1229,priest,holy,18,13,5
Holiermilk,demon-soul,1227,priest,holy,176,77,99
Zerolimitzz,arthas,1225,priest,holy,48,22,26
Dagaen,thunderlord,1223,priest,holy,186,93,93
Cléah,sargeras,1218,priest,holy,107,49,58
Firewatcher,sisters-of-elune,1214,priest,holy,30,17,13
Dóctóre,thrall,1205,priest,holy,61,24,37
Veltaxis,moon-guard,1203,priest,holy,98,44,54
Valkur,aegwynn,1202,priest,holy,66,28,38
Stayhealed,tichondrius,1201,priest,holy,45,22,23
Chemod,quelthalas,1201,priest,holy,29,14,15
Fanseband,dalaran,1199,priest,holy,24,14,10
Ranøth,deathwing,1197,priest,holy,53,24,29
Theophobe,illidan,1190,priest,holy,79,42,37
Kälashnikova,ragnaros,1177,priest,holy,92,45,47
Pílí,drakkari,1174,priest,holy,54,24,30
Haushauha,azralon,1164,priest,holy,48,23,25
Trompiscola,quelthalas,1151,priest,holy,30,12,18
Leonihpriest,nemesis,1151,priest,holy,30,12,18
Ukizeal,moknathal,1151,priest,holy,42,15,27
Etros,wyrmrest-accord,1150,priest,holy,72,29,43
Maiyennefer,proudmoore,1146,priest,holy,34,13,21
Meiev,quelthalas,1139,priest,holy,24,12,12
Boboxiao,illidan,1134,priest,holy,41,12,29
Benjamints,thrall,1124,priest,holy,24,12,12
Dactylion,moon-guard,1119,priest,holy,24,12,12
Æsir,skullcrusher,1119,priest,holy,30,12,18
Niná,arathor,1114,priest,holy,20,13,7
Zojhira,khazgoroth,1114,priest,holy,66,32,34
Selket,stormscale,1107,priest,holy,66,26,40
Kytiana,blackwing-lair,1104,priest,holy,280,135,145
Floppytatas,illidan,1102,priest,holy,81,37,44
Dolandir,quelthalas,1085,priest,holy,24,13,11
Deathrina,moon-guard,1079,priest,holy,27,13,14
Mavuiss,barthilas,1069,priest,holy,25,12,13
Tarlex,illidan,1068,priest,holy,31,12,19
Yinaiteen,drakkari,1061,priest,holy,47,29,18
Dotdotdead,earthen-ring,1049,priest,holy,18,11,7
Arçhángël,moon-guard,1048,priest,holy,18,11,7
Dylirium,dathremar,1044,priest,holy,18,11,7
Droneboy,moon-guard,1037,priest,holy,24,11,13
Sanaconda,sargeras,1035,priest,holy,30,11,19
Seråphim,sargeras,1015,priest,holy,48,27,21
Sybenela,proudmoore,994,priest,holy,61,28,33
Djdazzle,kargath,991,priest,holy,23,11,12
Artemix,azralon,991,priest,holy,90,36,54
Priesttess,skullcrusher,981,priest,holy,23,11,12
Healgirls,dalaran,980,priest,holy,29,12,17
Ragekiller,lothar,968,priest,holy,48,23,25
Oxynor,zuljin,960,priest,holy,18,10,8
Jameswarren,silvermoon,959,priest,holy,11,11,0
Santyel,ragnaros,959,priest,holy,18,10,8
Pèrona,tichondrius,959,priest,holy,24,10,14
Trickyhobo,area-52,958,priest,holy,12,10,2
Iaptop,tichondrius,958,priest,holy,18,10,8
Phearix,zuljin,957,priest,holy,24,10,14
Adrenalinn,illidan,955,priest,holy,18,10,8
Pottime,tichondrius,955,priest,holy,24,10,14
Cappoo,tichondrius,955,priest,holy,36,10,26
Delthas,nagrand,952,priest,holy,124,60,64
Dovoso,kargath,951,priest,holy,26,10,16
Hycinamun,malganis,949,priest,holy,24,10,14
Flemyth,eitrigg,947,priest,holy,21,11,10
Novous,area-52,944,priest,holy,30,10,20
Celinsa,ragnaros,942,priest,holy,24,10,14
Taylorsmites,emerald-dream,931,priest,holy,42,18,24
Souljourner,stormrage,930,priest,holy,18,10,8
Jol,aggramar,928,priest,holy,24,10,14
Dipanddøts,area-52,926,priest,holy,17,10,7
Rustymvpfan,nagrand,864,priest,holy,18,9,9
Dioecesis,moon-guard,864,priest,holy,29,9,20
Holyxb,bleeding-hollow,863,priest,holy,18,9,9
Lickless,illidan,863,priest,holy,18,9,9
Glöws,area-52,863,priest,holy,24,9,15
Falsegodx,tichondrius,863,priest,holy,24,9,15
Çummiñs,malganis,862,priest,holy,18,9,9
Berzum,chogall,862,priest,holy,18,9,9
Padreamarol,ragnaros,859,priest,holy,18,9,9
Sondrak,doomhammer,846,priest,holy,41,16,25
Psïren,quelthalas,831,priest,holy,28,9,19
ßsimp,darrowmere,799,priest,holy,26,9,17
Híkarí,windrunner,796,priest,holy,14,9,5
Stennic,emerald-dream,795,priest,holy,16,9,7
Gbumy,tichondrius,784,priest,holy,13,9,4
Rebirthed,kelthuzad,772,priest,holy,79,39,40
Tookz,stormrage,768,priest,holy,12,8,4
Fotmtrash,the-underbog,768,priest,holy,12,8,4
Turnip,zuljin,768,priest,holy,12,8,4
Voidzx,tichondrius,768,priest,holy,18,8,10
Endure,moon-guard,768,priest,holy,18,8,10
Khalesî,ragnaros,767,priest,holy,12,8,4
Ripcvs,sargeras,766,priest,holy,18,8,10
Zeroo,maiev,765,priest,holy,12,8,4
Zolpidem,quelthalas,765,priest,holy,18,8,10
Manatea,moon-guard,765,priest,holy,18,8,10
Hälø,moon-guard,762,priest,holy,12,8,4
Holyfizzle,dethecus,752,priest,holy,12,8,4
Rylance,burning-blade,720,priest,holy,21,8,13
Msdash,tichondrius,717,priest,holy,15,8,7
Jaytee,aggramar,703,priest,holy,14,9,5
Clarifytwo,arathor,672,priest,holy,12,7,5
Iilmama,area-52,672,priest,holy,12,7,5
Pevis,thrall,672,priest,holy,12,7,5
Tylexus,tichondrius,672,priest,holy,18,7,11
Chaynal,proudmoore,671,priest,holy,12,7,5
Jordandoesnt,tichondrius,671,priest,holy,12,7,5
Deidre,illidan,671,priest,holy,16,8,8
Braevera,wyrmrest-accord,671,priest,holy,18,7,11
Releknosleep,frostwolf,634,priest,holy,17,7,10
Fayth,maiev,620,priest,holy,11,7,4
Punishing,illidan,606,priest,holy,16,7,9
Tegridyfarm,malganis,605,priest,holy,16,7,9
Papadarkness,tichondrius,603,priest,holy,14,7,7
Pikachuwu,moon-guard,586,priest,holy,11,7,4
Skylust,azralon,576,priest,holy,12,6,6
Shockterror,area-52,576,priest,holy,12,6,6
Sigx,area-52,576,priest,holy,12,6,6
Kaelthos,quelthalas,576,priest,holy,12,6,6
Jezebëll,nemesis,576,priest,holy,12,6,6
Folate,frostmourne,576,priest,holy,12,6,6
Doob,ghostlands,576,priest,holy,12,6,6
Didntâsk,arthas,576,priest,holy,12,6,6
Hysteria,dalaran,576,priest,holy,12,6,6
Oyy,barthilas,576,priest,holy,18,6,12
Musashibo,kelthuzad,576,priest,holy,18,6,12
Suirr,tichondrius,576,priest,holy,18,6,12
Griddly,alterac-mountains,576,priest,holy,25,6,19
Darkheals,azralon,575,priest,holy,12,6,6
Bismund,chogall,575,priest,holy,12,6,6
Mattkoster,mannoroth,575,priest,holy,12,6,6
Kephrek,eonar,575,priest,holy,18,6,12
Daisie,bleeding-hollow,574,priest,holy,12,6,6
Veni,kiljaeden,574,priest,holy,18,6,12
Soulhealer,shadowmoon,572,priest,holy,12,6,6
Aldryth,lightbringer,571,priest,holy,12,6,6
Zual,hakkar,569,priest,holy,12,6,6
Altara,malygos,569,priest,holy,12,6,6
Satíva,dark-iron,543,priest,holy,11,6,5
Suzzanna,frostmourne,525,priest,holy,11,6,5
Xanky,frostmourne,511,priest,holy,10,6,4
Vìxèn,zuljin,496,priest,holy,19,6,13
Soulghast,gorefiend,480,priest,holy,6,5,1
Dylbags,frostmourne,480,priest,holy,6,5,1
Etain,bloodscalp,480,priest,holy,6,5,1
Canibumsmoke,illidan,480,priest,holy,6,5,1
Kernelious,illidan,480,priest,holy,12,5,7
Secrèt,tichondrius,480,priest,holy,12,5,7
Milkgulper,illidan,480,priest,holy,12,5,7
Maelei,ragnaros,480,priest,holy,12,5,7
Timbobaloo,thrall,480,priest,holy,12,5,7
Chadopri,stormrage,480,priest,holy,12,5,7
Cardinalpéll,frostmourne,480,priest,holy,12,5,7
Snookp,kiljaeden,480,priest,holy,12,5,7
Selidri,proudmoore,480,priest,holy,12,5,7
Blackoss,sargeras,480,priest,holy,12,5,7
Tytusx,stormrage,480,priest,holy,12,5,7
Ducky,drakthul,480,priest,holy,12,5,7
Hotguysixpak,drakthul,480,priest,holy,12,5,7
Holyharlot,sargeras,480,priest,holy,18,5,13
Lieuwe,kelthuzad,479,priest,holy,6,5,1
Klassa,thrall,479,priest,holy,11,6,5
Adjectives,nerzhul,479,priest,holy,12,5,7
Unni,azralon,479,priest,holy,18,5,13
Smellybox,area-52,463,priest,holy,13,6,7
Shadowchárm,bleeding-hollow,447,priest,holy,11,5,6
Illooj,eonar,447,priest,holy,11,5,6
Patchyemoly,frostmourne,384,priest,holy,6,4,2
Chanyt,azralon,384,priest,holy,6,4,2
Schátten,spirestone,384,priest,holy,6,4,2
Dankpope,malganis,384,priest,holy,6,4,2
Xusin,tichondrius,384,priest,holy,6,4,2
Priestybear,illidan,384,priest,holy,6,4,2
Dadcantdeath,frostmourne,384,priest,holy,6,4,2
Yav,exodar,384,priest,holy,6,4,2
Frozencherry,elune,384,priest,holy,12,4,8
Döyöuliftbro,tichondrius,384,priest,holy,12,4,8
Giusep,tichondrius,384,priest,holy,12,4,8
Hoglet,moon-guard,384,priest,holy,12,4,8
Clarify,arathor,384,priest,holy,12,4,8
Yumä,kiljaeden,384,priest,holy,12,4,8
Whalexo,kelthuzad,384,priest,holy,12,4,8
Sätîvá,tichondrius,384,priest,holy,12,4,8
Aeøns,sargeras,384,priest,holy,18,4,14
Hynzor,barthilas,384,priest,holy,24,4,20
Freshtodeath,malganis,383,priest,holy,12,4,8
Dyianah,wyrmrest-accord,383,priest,holy,12,4,8
Blackprez,dathremar,381,priest,holy,12,4,8
Hatxsu,emerald-dream,372,priest,holy,22,8,14
Stradey,tichondrius,367,priest,holy,11,4,7
Sharkda,frostmourne,350,priest,holy,17,4,13
Santamuerte,agamaggan,336,priest,holy,15,4,11
Yidra,illidan,335,priest,holy,11,4,7
Edessa,lothar,335,priest,holy,17,4,13
Qtasiangirl,emerald-dream,330,priest,holy,21,5,16
Boogiedo,area-52,319,priest,holy,5,4,1
Discountay,burning-legion,288,priest,holy,6,3,3
Zesho,firetree,288,priest,holy,6,3,3
Grindr,ragnaros,288,priest,holy,6,3,3
Duonaiameng,illidan,288,priest,holy,6,3,3
Orderic,ragnaros,288,priest,holy,6,3,3
Laurens,fenris,288,priest,holy,6,3,3
Miamama,hydraxis,288,priest,holy,6,3,3
Vynlanesh,illidan,288,priest,holy,6,3,3
Tseirpyeroc,area-52,288,priest,holy,6,3,3
Xtcbtc,sargeras,288,priest,holy,6,3,3
Xoraya,proudmoore,288,priest,holy,6,3,3
Smiteyducks,stormrage,288,priest,holy,6,3,3
Swrvlol,emerald-dream,288,priest,holy,6,3,3
Purgeoften,sargeras,288,priest,holy,6,3,3
Meatboxmoldy,blood-furnace,288,priest,holy,6,3,3
Becrixx,thunderlord,288,priest,holy,6,3,3
Ñÿx,arthas,288,priest,holy,6,3,3
Estaria,the-forgotten-coast,288,priest,holy,6,3,3
Nerfdisc,azralon,288,priest,holy,6,3,3
Charbosan,gorgonnash,288,priest,holy,6,3,3
Madomie,bladefist,288,priest,holy,6,3,3
Raphan,stormrage,288,priest,holy,6,3,3
Wubbi,blackrock,288,priest,holy,6,3,3
Dividëd,stormrage,288,priest,holy,6,3,3
Toje,korgath,288,priest,holy,6,3,3
Jezuz,aerie-peak,288,priest,holy,12,3,9
Lalight,tichondrius,288,priest,holy,12,3,9
Ísábella,ragnaros,288,priest,holy,12,3,9
Irilde,proudmoore,288,priest,holy,12,3,9
Swis,area-52,288,priest,holy,12,3,9
Disperse,vashj,288,priest,holy,12,3,9
Sêtsunà,dalaran,288,priest,holy,12,3,9
Smitepie,malganis,288,priest,holy,12,3,9
Fertalize,maiev,288,priest,holy,18,3,15
Pringlés,suramar,288,priest,holy,18,3,15
Korhíl,ragnaros,287,priest,holy,6,3,3
Priestognic,azralon,287,priest,holy,6,3,3
Auradaluz,stormrage,287,priest,holy,12,3,9
Ftheman,tichondrius,234,priest,holy,17,4,13
Verboden,kelthuzad,192,priest,holy,6,2,4
Tuulipp,aegwynn,192,priest,holy,6,2,4
Igotubrah,malganis,192,priest,holy,6,2,4
Spïcÿ,frostmourne,192,priest,holy,6,2,4
Xeras,ravencrest,192,priest,holy,6,2,4
Arodar,wyrmrest-accord,192,priest,holy,6,2,4
Belfortx,tichondrius,192,priest,holy,6,2,4
Mendx,tichondrius,192,priest,holy,6,2,4
Gusho,frostmourne,192,priest,holy,6,2,4
Jilt,aerie-peak,192,priest,holy,6,2,4
Mommyafk,moon-guard,192,priest,holy,6,2,4
Faedre,smolderthorn,192,priest,holy,6,2,4
Twodxo,kelthuzad,192,priest,holy,6,2,4
Mindgoblin,terokkar,192,priest,holy,6,2,4
Voltstein,dalaran,192,priest,holy,6,2,4
Wagnerr,jubeithos,192,priest,holy,6,2,4
Gles,quelthalas,192,priest,holy,6,2,4
Hypodontia,caelestrasz,192,priest,holy,6,2,4
Pancakeboi,tichondrius,192,priest,holy,6,2,4
Sinthe,stormrage,192,priest,holy,6,2,4
Opas,rivendare,192,priest,holy,6,2,4
Ôp,sargeras,192,priest,holy,6,2,4
Holynug,stormrage,192,priest,holy,6,2,4
Fraggydaddy,frostmourne,192,priest,holy,12,2,10
Nevertelsp,malganis,192,priest,holy,12,2,10
Rootandboot,frostmourne,192,priest,holy,12,2,10
Remixcandoit,malganis,191,priest,holy,6,2,4
Mikeliteo,blades-edge,190,priest,holy,12,2,10
Ascian,daggerspine,138,priest,holy,6,3,3
Pumpss,area-52,138,priest,holy,11,3,8
Plzhelp,cairne,136,priest,holy,9,3,6
Kabutta,stormrage,127,priest,holy,8,2,6
Lilpaprika,sargeras,96,priest,holy,6,1,5
Badgoy,dalaran,96,priest,holy,6,1,5
Alaskaa,moon-guard,96,priest,holy,6,1,5
Minamy,tichondrius,96,priest,holy,6,1,5
Kagura,dunemaul,96,priest,holy,6,1,5
Missjules,illidan,96,priest,holy,6,1,5
Alëssana,illidan,96,priest,holy,6,1,5
Hüde,stormrage,96,priest,holy,6,1,5
Angelicduck,illidan,96,priest,holy,6,1,5
Lagemela,quelthalas,96,priest,holy,6,1,5
Deryus,dalaran,96,priest,holy,6,1,5
Rakel,nathrezim,96,priest,holy,6,1,5
Burtier,zuljin,96,priest,holy,6,1,5
Celani,gilneas,96,priest,holy,6,1,5
Qnarisha,tichondrius,96,priest,holy,6,1,5
Shadyvoodoo,barthilas,96,priest,holy,6,1,5
Janova,tichondrius,96,priest,holy,6,1,5
Tammyone,emerald-dream,96,priest,holy,6,1,5
Øliverxp,lightbringer,96,priest,holy,6,1,5
Dmgisop,illidan,96,priest,holy,6,1,5
Hiroshikun,azshara,96,priest,holy,6,1,5
Sarïya,moon-guard,96,priest,holy,6,1,5
Barryp,wyrmrest-accord,96,priest,holy,12,1,11
Gillís,thrall,96,priest,holy,12,1,11
Djriest,sargeras,96,priest,holy,12,1,11
Brownsnooter,sargeras,79,priest,holy,5,1,4
Helorren,nagrand,79,priest,holy,11,1,10
Halö,doomhammer,31,priest,holy,8,1,7
Èfflux,sargeras,2252,priest,discipline,97,56,41
Whammiez,tichondrius,2243,priest,discipline,84,50,34
Strickmaney,nathrezim,2237,priest,discipline,258,139,119
Gentlewoman,ragnaros,2160,priest,discipline,81,50,31
Pesian,dalaran,2153,priest,discipline,233,121,112
Cinnamontage,illidan,2142,priest,discipline,114,64,50
Castsmite,tichondrius,2141,priest,discipline,99,52,47
Shikinomi,illidan,2133,priest,discipline,78,46,32
Wcnmb,blackrock,2123,priest,discipline,72,46,26
Nusrah,tichondrius,2114,priest,discipline,87,45,42
Kovulol,area-52,2107,priest,discipline,126,67,59
Woolp,frostmourne,2102,priest,discipline,100,58,42
Ante,stonemaul,2101,priest,discipline,103,58,45
Søryn,madoran,2100,priest,discipline,102,52,50
Classmaster,stormrage,2082,priest,discipline,159,90,69
Néylo,illidan,2077,priest,discipline,106,52,54
Psyches,dalaran,2047,priest,discipline,85,36,49
Esqueue,illidan,2044,priest,discipline,54,26,28
Redonkulos,shattered-hand,2036,priest,discipline,133,71,62
Smokezter,area-52,2031,priest,discipline,87,47,40
Frksake,area-52,2030,priest,discipline,162,97,65
Sÿnpriest,illidan,2030,priest,discipline,300,149,151
Instoway,illidan,2029,priest,discipline,150,89,61
Zxxkawaii,tichondrius,2029,priest,discipline,148,78,70
Crutched,blackhand,2022,priest,discipline,60,35,25
Zámmy,area-52,2021,priest,discipline,65,44,21
Idkmyname,proudmoore,2018,priest,discipline,58,29,29
Reedyjrrtv,tichondrius,2015,priest,discipline,77,42,35
Markers,spinebreaker,2012,priest,discipline,118,59,59
Cosmicyiff,area-52,2010,priest,discipline,100,57,43
Changwongpk,kelthuzad,2008,priest,discipline,226,114,112
Fádé,illidan,2003,priest,discipline,67,41,26
Reilacoste,moon-guard,2002,priest,discipline,83,41,42
Sonicboomsz,azralon,1995,priest,discipline,104,54,50
Proxs,sargeras,1995,priest,discipline,201,101,100
Kkelly,stormrage,1986,priest,discipline,209,102,107
Xajen,illidan,1976,priest,discipline,78,37,41
Baldzx,sargeras,1972,priest,discipline,119,66,53
Amine,tichondrius,1970,priest,discipline,60,34,26
Poporeborn,tichondrius,1968,priest,discipline,135,65,70
Astüty,illidan,1967,priest,discipline,66,37,29
Blessxo,ragnaros,1966,priest,discipline,84,39,45
Twocrshort,area-52,1965,priest,discipline,83,53,30
Abepriest,zuljin,1964,priest,discipline,204,106,98
Dayx,malganis,1962,priest,discipline,78,38,40
Supaflute,tichondrius,1962,priest,discipline,66,31,35
Etharass,illidan,1960,priest,discipline,78,34,44
Rukiyou,frostwolf,1957,priest,discipline,84,37,47
Awàken,sargeras,1952,priest,discipline,57,35,22
Iilmama,area-52,1948,priest,discipline,105,55,50
Hospetal,tichondrius,1946,priest,discipline,122,62,60
Adûnaic,frostmourne,1946,priest,discipline,148,74,74
Gotdro,kelthuzad,1942,priest,discipline,68,36,32
Mimikyú,tichondrius,1941,priest,discipline,96,41,55
Gosharbg,tichondrius,1940,priest,discipline,34,24,10
Goodlife,frostmourne,1936,priest,discipline,65,30,35
Ccgo,tichondrius,1933,priest,discipline,84,42,42
Plaedo,stormscale,1932,priest,discipline,52,28,24
Miamama,hydraxis,1931,priest,discipline,76,42,34
Duw,icecrown,1930,priest,discipline,133,69,64
Praeyer,area-52,1928,priest,discipline,231,117,114
Praitne,tichondrius,1926,priest,discipline,71,37,34
Indiglo,arthas,1925,priest,discipline,60,37,23
Balsak,zuljin,1924,priest,discipline,152,72,80
Pancakeboi,tichondrius,1923,priest,discipline,83,35,48
Crabsp,illidan,1919,priest,discipline,108,53,55
Thefiveoh,malganis,1914,priest,discipline,27,23,4
Quaree,stormrage,1914,priest,discipline,363,189,174
Elybele,sargeras,1912,priest,discipline,98,54,44
Yanye,tichondrius,1911,priest,discipline,109,59,50
Artíst,sargeras,1911,priest,discipline,119,64,55
Penanceperry,bleeding-hollow,1911,priest,discipline,167,76,91
Varenon,stormrage,1910,priest,discipline,159,90,69
Invincible,ragnaros,1908,priest,discipline,50,32,18
Lovelike,tichondrius,1907,priest,discipline,63,36,27
Omhz,tichondrius,1905,priest,discipline,96,49,47
Leorid,stormrage,1905,priest,discipline,118,55,63
Jiangfeng,tichondrius,1904,priest,discipline,42,20,22
Riseandshine,illidan,1896,priest,discipline,54,38,16
Evicereith,ragnaros,1896,priest,discipline,42,25,17
Pølupoker,illidan,1895,priest,discipline,59,27,32
Haunting,nerzhul,1893,priest,discipline,201,100,101
Boriz,frostmourne,1892,priest,discipline,79,44,35
Alisas,malganis,1892,priest,discipline,89,38,51
Aitri,hakkar,1890,priest,discipline,85,41,44
Zerorizz,tichondrius,1890,priest,discipline,42,20,22
Ndzy,malganis,1890,priest,discipline,48,21,27
Meoveryou,stormrage,1884,priest,discipline,74,43,31
Usefirstaid,sargeras,1883,priest,discipline,42,26,16
Usedwrap,sargeras,1881,priest,discipline,78,43,35
Throatgoated,moon-guard,1881,priest,discipline,47,21,26
Touchrr,tichondrius,1877,priest,discipline,88,50,38
Likethis,ragnaros,1877,priest,discipline,197,101,96
Notatk,tichondrius,1877,priest,discipline,185,82,103
Sñ,illidan,1874,priest,discipline,48,27,21
Budings,tichondrius,1874,priest,discipline,95,51,44
Rileymcgerr,tichondrius,1873,priest,discipline,42,24,18
Exdric,kiljaeden,1873,priest,discipline,72,36,36
Mumrah,antonidas,1873,priest,discipline,113,56,57
Shieldspamx,tichondrius,1873,priest,discipline,71,33,38
Dellaptop,sargeras,1871,priest,discipline,88,51,37
Clearclouds,tichondrius,1871,priest,discipline,119,60,59
Sarkozzlol,tichondrius,1867,priest,discipline,78,37,41
Lidoradra,zuljin,1867,priest,discipline,77,36,41
Candyshack,area-52,1863,priest,discipline,88,51,37
Vizzy,stormrage,1863,priest,discipline,66,37,29
Frostinal,illidan,1863,priest,discipline,84,45,39
Spoõks,darkspear,1862,priest,discipline,141,69,72
Cokeheals,tichondrius,1861,priest,discipline,60,29,31
Bubblekanush,tichondrius,1859,priest,discipline,36,22,14
Reecepack,moon-guard,1859,priest,discipline,53,31,22
Highskrizzle,thrall,1857,priest,discipline,67,37,30
Jjmms,akama,1857,priest,discipline,114,59,55
Phludd,malganis,1856,priest,discipline,82,45,37
Ravnica,kelthuzad,1856,priest,discipline,82,43,39
Shadey,onyxia,1855,priest,discipline,54,26,28
Nayzoh,darkspear,1855,priest,discipline,78,37,41
Vidzar,area-52,1854,priest,discipline,42,28,14
Drsquiddy,tichondrius,1854,priest,discipline,47,30,17
Cremona,tichondrius,1854,priest,discipline,72,32,40
Cardinaldave,frostmourne,1850,priest,discipline,48,26,22
Bigshieldlol,illidan,1847,priest,discipline,60,39,21
Tzïñåçåñ,tichondrius,1847,priest,discipline,54,29,25
Fibbre,tichondrius,1846,priest,discipline,115,52,63
Cavityx,illidan,1844,priest,discipline,52,30,22
Boykoz,zuljin,1843,priest,discipline,49,29,20
Dacine,illidan,1843,priest,discipline,60,30,30
Nickydamous,moon-guard,1843,priest,discipline,66,31,35
Jiangfenglol,tichondrius,1843,priest,discipline,54,24,30
Zelená,trollbane,1841,priest,discipline,128,77,51
Syliva,frostmourne,1840,priest,discipline,65,30,35
Koalakazamza,shadow-council,1839,priest,discipline,62,28,34
Shamáng,tichondrius,1838,priest,discipline,62,33,29
Didy,dark-iron,1838,priest,discipline,40,20,20
Wapriest,blades-edge,1838,priest,discipline,389,194,195
Khaoshealer,destromath,1838,priest,discipline,112,53,59
Lotion,icecrown,1837,priest,discipline,48,25,23
Namilol,tichondrius,1836,priest,discipline,42,22,20
Mauvex,stormrage,1836,priest,discipline,308,143,165
Binipriest,tichondrius,1835,priest,discipline,67,40,27
Vaaynee,ragnaros,1835,priest,discipline,96,53,43
Jamino,jubeithos,1835,priest,discipline,111,60,51
Tmeugene,tichondrius,1835,priest,discipline,40,21,19
Shazdo,illidan,1834,priest,discipline,42,29,13
Bugweeb,sargeras,1834,priest,discipline,87,56,31
Thottsteal,queldorei,1834,priest,discipline,60,31,29
Reignen,tichondrius,1833,priest,discipline,124,73,51
Ameliarys,sargeras,1833,priest,discipline,103,51,52
Sons,zuljin,1832,priest,discipline,54,29,25
Montagehey,illidan,1831,priest,discipline,47,27,20
Msai,tichondrius,1830,priest,discipline,114,68,46
Lemonmint,tichondrius,1829,priest,discipline,58,28,30
Cpks,tichondrius,1828,priest,discipline,76,48,28
Misatomori,tichondrius,1828,priest,discipline,54,28,26
Hamstip,sargeras,1827,priest,discipline,42,27,15
Eluneslight,tichondrius,1827,priest,discipline,60,30,30
Fracxured,sargeras,1827,priest,discipline,68,31,37
Stepxo,sargeras,1826,priest,discipline,72,34,38
Bloodyxx,bleeding-hollow,1825,priest,discipline,34,23,11
Buffle,zuluhed,1825,priest,discipline,66,38,28
Yokuz,thunderlord,1825,priest,discipline,48,26,22
Mackulate,tichondrius,1825,priest,discipline,65,34,31
Aprîl,quelthalas,1825,priest,discipline,72,37,35
Däzzlë,quelthalas,1825,priest,discipline,72,35,37
Chk,moon-guard,1825,priest,discipline,88,41,47
Pnsp,perenolde,1824,priest,discipline,42,30,12
Xholyshietz,emerald-dream,1824,priest,discipline,71,48,23
Anasuzana,stormrage,1824,priest,discipline,48,28,20
Cya,deathwing,1824,priest,discipline,54,30,24
Senzy,tichondrius,1824,priest,discipline,144,79,65
Swurvexo,bleeding-hollow,1823,priest,discipline,47,28,19
Valothrian,area-52,1823,priest,discipline,124,67,57
Sprankels,bleeding-hollow,1823,priest,discipline,108,55,53
Luhkx,stormrage,1823,priest,discipline,54,25,29
Dairy,the-underbog,1822,priest,discipline,49,29,20
Zachon,sargeras,1822,priest,discipline,54,27,27
Oohso,chogall,1821,priest,discipline,91,43,48
Ultrà,ragnaros,1820,priest,discipline,71,44,27
Wreklol,tichondrius,1820,priest,discipline,60,34,26
Ujelin,kiljaeden,1820,priest,discipline,48,24,24
Nerfthedoc,blackrock,1819,priest,discipline,49,31,18
Tophr,illidan,1819,priest,discipline,41,24,17
Soojwa,frostmourne,1819,priest,discipline,54,24,30
Novel,moon-guard,1817,priest,discipline,30,24,6
Capcana,tichondrius,1817,priest,discipline,48,28,20
Akuzaki,illidan,1817,priest,discipline,54,25,29
Cynthus,dalvengyr,1816,priest,discipline,102,60,42
Lichtschreit,zuljin,1816,priest,discipline,41,24,17
Juicyturon,moon-guard,1816,priest,discipline,77,45,32
Woodowl,tichondrius,1816,priest,discipline,46,25,21
Jackski,nemesis,1816,priest,discipline,48,25,23
Meloxicamm,tichondrius,1816,priest,discipline,64,33,31
Discopenguin,kelthuzad,1815,priest,discipline,54,30,24
Jezebëll,nemesis,1815,priest,discipline,168,91,77
Engle,arathor,1815,priest,discipline,42,22,20
Ousïa,quelthalas,1815,priest,discipline,164,81,83
Mommyafk,moon-guard,1815,priest,discipline,48,22,26
Abt,proudmoore,1815,priest,discipline,60,27,33
Fullmetals,azralon,1814,priest,discipline,53,30,23
Celestiah,kelthuzad,1814,priest,discipline,36,19,17
Zuwukey,kirin-tor,1814,priest,discipline,163,85,78
Tanmo,illidan,1814,priest,discipline,96,50,46
Razdaz,twisting-nether,1814,priest,discipline,66,29,37
ßeyonder,tichondrius,1814,priest,discipline,78,34,44
Layons,nemesis,1813,priest,discipline,128,82,46
Relicx,firetree,1813,priest,discipline,54,33,21
Morboo,proudmoore,1813,priest,discipline,78,43,35
Svzy,illidan,1813,priest,discipline,48,26,22
Ritzzx,ragnaros,1813,priest,discipline,59,31,28
Fhinky,tichondrius,1813,priest,discipline,185,95,90
Sasha,muradin,1813,priest,discipline,142,70,72
Psyjes,stormrage,1812,priest,discipline,90,58,32
Ahoy,sargeras,1812,priest,discipline,75,46,29
Shallwedance,tichondrius,1812,priest,discipline,44,26,18
Fatbellyx,sargeras,1812,priest,discipline,72,36,36
Størmy,kiljaeden,1811,priest,discipline,180,105,75
Tyrrshadow,skywall,1811,priest,discipline,104,58,46
Wübbie,emerald-dream,1810,priest,discipline,72,40,32
Arguseonp,proudmoore,1809,priest,discipline,54,37,17
Jemine,tichondrius,1809,priest,discipline,108,64,44
Thepumps,sargeras,1809,priest,discipline,73,43,30
Paramour,laughing-skull,1809,priest,discipline,108,59,49
Dabaojian,tichondrius,1809,priest,discipline,60,28,32
Vbear,dunemaul,1808,priest,discipline,71,39,32
Pkkdestiny,archimonde,1808,priest,discipline,71,37,34
Pns,perenolde,1808,priest,discipline,66,32,34
Hazzang,tichondrius,1807,priest,discipline,54,32,22
Dopeypriest,area-52,1807,priest,discipline,120,68,52
Gices,area-52,1806,priest,discipline,36,24,12
Ayakashi,frostmourne,1806,priest,discipline,75,46,29
Wormface,moon-guard,1806,priest,discipline,58,35,23
Releriel,area-52,1806,priest,discipline,58,31,27
Inthemix,stormreaver,1806,priest,discipline,376,197,179
Yezhua,zuljin,1806,priest,discipline,84,44,40
Forti,sargeras,1806,priest,discipline,114,57,57
Rylla,illidan,1805,priest,discipline,66,34,32
Öxhö,tichondrius,1804,priest,discipline,44,31,13
Ðsco,tichondrius,1804,priest,discipline,36,24,12
Absorbs,stormrage,1804,priest,discipline,30,19,11
Fearmen,tichondrius,1804,priest,discipline,59,33,26
Selath,ragnaros,1804,priest,discipline,47,26,21
Angelumlucis,frostmane,1804,priest,discipline,145,80,65
Astroverse,tichondrius,1804,priest,discipline,52,28,24
Memoria,emerald-dream,1804,priest,discipline,114,57,57
Cln,bleeding-hollow,1804,priest,discipline,65,32,33
Thaldrum,tichondrius,1804,priest,discipline,79,30,49
Phillthevoid,sargeras,1803,priest,discipline,45,29,16
Applecare,illidan,1803,priest,discipline,102,60,42
Tarlex,illidan,1803,priest,discipline,168,94,74
Goldsunx,emerald-dream,1803,priest,discipline,152,85,67
Cbalnom,tichondrius,1803,priest,discipline,70,37,33
Manyhot,tichondrius,1802,priest,discipline,51,32,19
Yrñwiotøø,illidan,1802,priest,discipline,54,33,21
Narakku,sargeras,1802,priest,discipline,96,53,43
Seifong,frostmourne,1802,priest,discipline,125,68,57
Retardèr,tichondrius,1801,priest,discipline,97,68,29
Reverendtun,area-52,1801,priest,discipline,83,55,28
Cupitan,tichondrius,1801,priest,discipline,50,22,28
Bigmomcook,tichondrius,1800,priest,discipline,215,125,90
Imissdave,dethecus,1800,priest,discipline,48,27,21
Rilad,icecrown,1800,priest,discipline,84,47,37
Alola,illidan,1800,priest,discipline,135,69,66
Aratis,bleeding-hollow,1800,priest,discipline,42,19,23
Fearinoculúm,bleeding-hollow,1798,priest,discipline,24,19,5
Comebaack,stormrage,1797,priest,discipline,98,51,47
Impvp,tichondrius,1795,priest,discipline,89,49,40
Sleetherp,barthilas,1793,priest,discipline,58,33,25
Shnozberry,tichondrius,1790,priest,discipline,102,43,59
Bublehead,zuljin,1789,priest,discipline,114,56,58
Xiaoqunzi,tichondrius,1787,priest,discipline,36,22,14
Stinkiez,area-52,1787,priest,discipline,46,26,20
Hugemilkys,tichondrius,1787,priest,discipline,79,44,35
Osis,rivendare,1786,priest,discipline,112,53,59
Tmversace,tichondrius,1781,priest,discipline,112,56,56
Usedmedkit,sargeras,1780,priest,discipline,47,28,19
Usebindwound,sargeras,1779,priest,discipline,72,43,29
Wânda,tichondrius,1779,priest,discipline,96,48,48
Pesca,proudmoore,1774,priest,discipline,125,59,66
Compxx,barthilas,1772,priest,discipline,48,30,18
Nohéalforu,stormrage,1770,priest,discipline,47,25,22
Auxp,tichondrius,1769,priest,discipline,59,23,36
Owstepbro,sargeras,1768,priest,discipline,81,61,20
Deathtones,barthilas,1768,priest,discipline,84,47,37
Åpples,tichondrius,1768,priest,discipline,65,30,35
Írithyll,stormrage,1767,priest,discipline,59,33,26
Barthol,malygos,1767,priest,discipline,202,102,100
Breakmoon,tichondrius,1767,priest,discipline,66,27,39
Hoonjojjyang,tichondrius,1765,priest,discipline,54,29,25
Nxghtmares,tichondrius,1764,priest,discipline,294,146,148
Isilador,moon-guard,1764,priest,discipline,71,32,39
Kostantina,kelthuzad,1762,priest,discipline,118,53,65
Myles,alexstrasza,1761,priest,discipline,40,22,18
Gochuxx,tichondrius,1761,priest,discipline,66,34,32
Raysx,stormrage,1759,priest,discipline,83,37,46
Discflips,dalaran,1758,priest,discipline,204,102,102
Velftrixi,sargeras,1758,priest,discipline,96,44,52
Mancito,mannoroth,1757,priest,discipline,120,59,61
Crypcanheal,sargeras,1757,priest,discipline,256,125,131
Kaddy,mannoroth,1757,priest,discipline,130,60,70
Taipriest,frostmourne,1757,priest,discipline,90,36,54
Hotgirlshiit,dalaran,1756,priest,discipline,226,107,119
Demaholy,illidan,1755,priest,discipline,107,56,51
Asthenia,saurfang,1754,priest,discipline,96,49,47
Jaytee,aggramar,1754,priest,discipline,72,33,39
Catbabyorz,tichondrius,1754,priest,discipline,60,26,34
Vinnydiesel,tichondrius,1753,priest,discipline,48,23,25
Quèénstar,tichondrius,1752,priest,discipline,73,29,44
Pervysaged,sargeras,1746,priest,discipline,24,19,5
Xtcbtc,sargeras,1746,priest,discipline,63,29,34
Leapofdoubt,zuljin,1745,priest,discipline,232,121,111
Deadpriesst,arthas,1743,priest,discipline,48,23,25
Selenitax,sargeras,1743,priest,discipline,62,28,34
Qtasiangirl,emerald-dream,1742,priest,discipline,85,38,47
Evilear,tichondrius,1741,priest,discipline,48,22,26
Orderic,ragnaros,1736,priest,discipline,57,32,25
Marcìano,bleeding-hollow,1736,priest,discipline,64,35,29
Pgpriest,kelthuzad,1736,priest,discipline,84,41,43
Kelthax,sargeras,1736,priest,discipline,54,23,31
Niark,frostmourne,1736,priest,discipline,48,20,28
Maybedead,tichondrius,1734,priest,discipline,42,26,16
Merit,emerald-dream,1734,priest,discipline,120,66,54
Obscure,malygos,1734,priest,discipline,74,32,42
Trebrooke,sargeras,1732,priest,discipline,149,83,66
Vcainyfairy,stormrage,1732,priest,discipline,168,87,81
Saelom,frostmourne,1730,priest,discipline,78,49,29
Bennito,moon-guard,1730,priest,discipline,66,28,38
Murth,laughing-skull,1729,priest,discipline,47,30,17
Syo,dreadmaul,1729,priest,discipline,36,22,14
Airelia,sargeras,1728,priest,discipline,54,28,26
Apoorstudent,tichondrius,1726,priest,discipline,116,72,44
Mxfd,tichondrius,1726,priest,discipline,47,27,20
Dévore,dalaran,1726,priest,discipline,46,25,21
Conifer,emerald-dream,1725,priest,discipline,60,35,25
Xidis,vashj,1723,priest,discipline,71,29,42
Sobamian,tichondrius,1723,priest,discipline,90,36,54
Zaryx,wildhammer,1722,priest,discipline,42,24,18
Vegetable,suramar,1722,priest,discipline,36,18,18
Resisted,gorefiend,1720,priest,discipline,226,117,109
Rmpmeeper,kilrogg,1719,priest,discipline,30,18,12
Bamboon,tanaris,1718,priest,discipline,54,28,26
Ooit,tichondrius,1717,priest,discipline,24,22,2
Vandamnation,barthilas,1717,priest,discipline,87,42,45
Kabugi,illidan,1716,priest,discipline,36,20,16
Priceléss,tichondrius,1715,priest,discipline,24,18,6
Bloodyx,bleeding-hollow,1715,priest,discipline,41,22,19
Kragenn,malganis,1713,priest,discipline,165,83,82
Celestiah,illidan,1713,priest,discipline,48,24,24
Ukishizumi,tichondrius,1712,priest,discipline,91,46,45
Dorgondra,wyrmrest-accord,1709,priest,discipline,48,26,22
Diabloluckie,tichondrius,1709,priest,discipline,47,25,22
Healum,nemesis,1708,priest,discipline,36,22,14
Meltmeltz,nerzhul,1708,priest,discipline,65,29,36
Sodezz,stormrage,1705,priest,discipline,36,21,15
Dietcokee,stormrage,1705,priest,discipline,50,24,26
Squaanchy,bleeding-hollow,1705,priest,discipline,129,61,68
Leticia,magtheridon,1704,priest,discipline,58,27,31
Vànhendrix,tichondrius,1703,priest,discipline,41,24,17
Geon,sargeras,1703,priest,discipline,89,45,44
Bholebender,tichondrius,1703,priest,discipline,41,20,21
Nightcráwler,illidan,1702,priest,discipline,89,47,42
Hadoka,ragnaros,1702,priest,discipline,42,18,24
Tistapriest,proudmoore,1701,priest,discipline,46,27,19
Discgoddess,proudmoore,1700,priest,discipline,70,40,30
Philmacrakn,stormrage,1700,priest,discipline,131,62,69
Beowulfy,stormrage,1699,priest,discipline,48,27,21
Toastspriest,tichondrius,1698,priest,discipline,59,37,22
Gibens,tichondrius,1698,priest,discipline,124,63,61
Séxgodx,tichondrius,1698,priest,discipline,53,24,29
Priestreto,zuljin,1697,priest,discipline,53,35,18
Clydeington,illidan,1697,priest,discipline,49,29,20
Saviorlol,tichondrius,1697,priest,discipline,53,23,30
Mixful,bleeding-hollow,1696,priest,discipline,40,27,13
Tiestô,tichondrius,1696,priest,discipline,30,18,12
Undrcvr,sargeras,1695,priest,discipline,42,23,19
Nickzx,tichondrius,1694,priest,discipline,52,36,16
Pleasant,dathremar,1693,priest,discipline,93,41,52
Acpriest,tichondrius,1692,priest,discipline,87,46,41
Elilium,tichondrius,1690,priest,discipline,74,46,28
Pigogo,tichondrius,1690,priest,discipline,45,26,19
Highprofile,proudmoore,1690,priest,discipline,36,18,18
Zymmie,moon-guard,1690,priest,discipline,60,29,31
Mastaspell,illidan,1689,priest,discipline,31,18,13
Opriest,queldorei,1688,priest,discipline,48,25,23
Sweetnipsbro,tichondrius,1688,priest,discipline,71,35,36
Luciuz,tichondrius,1688,priest,discipline,55,25,30
Rotbaron,bleeding-hollow,1687,priest,discipline,54,23,31
Jiñx,destromath,1686,priest,discipline,139,81,58
Twopiece,blackrock,1683,priest,discipline,30,18,12
Bfts,illidan,1683,priest,discipline,84,46,38
Holyfall,sargeras,1682,priest,discipline,130,72,58
Jexso,tichondrius,1682,priest,discipline,73,33,40
Justafkoutpr,gorefiend,1680,priest,discipline,30,23,7
Lingdums,tichondrius,1680,priest,discipline,31,18,13
Jaquels,sargeras,1680,priest,discipline,82,36,46
Caveria,emerald-dream,1679,priest,discipline,72,39,33
Poosydoodlez,malganis,1679,priest,discipline,105,48,57
Rámmstein,wyrmrest-accord,1678,priest,discipline,120,65,55
Doutoodou,tichondrius,1677,priest,discipline,87,53,34
Pawnza,tichondrius,1676,priest,discipline,60,30,30
Fordranger,frostmourne,1676,priest,discipline,40,20,20
Oyy,barthilas,1675,priest,discipline,42,22,20
Hungrybone,proudmoore,1675,priest,discipline,430,215,215
Slickwilly,bloodhoof,1675,priest,discipline,203,100,103
Barthbelro,kiljaeden,1674,priest,discipline,48,27,21
Reydehaiti,ragnaros,1674,priest,discipline,42,20,22
Aco,tichondrius,1672,priest,discipline,150,79,71
Claverr,stormrage,1670,priest,discipline,33,20,13
Tallïa,stormrage,1670,priest,discipline,125,60,65
Holécriss,tichondrius,1669,priest,discipline,125,68,57
Boostedpi,tichondrius,1669,priest,discipline,44,21,23
Nopang,tichondrius,1669,priest,discipline,161,75,86
Jmlz,tichondrius,1668,priest,discipline,36,23,13
Klitarus,barthilas,1668,priest,discipline,48,23,25
Jammeslight,quelthalas,1667,priest,discipline,74,42,32
Bkwhopper,emerald-dream,1667,priest,discipline,54,30,24
Rythmzz,kiljaeden,1666,priest,discipline,54,27,27
Nelpesh,tichondrius,1666,priest,discipline,60,27,33
Stoneflute,emerald-dream,1665,priest,discipline,106,62,44
Crysknife,korgath,1664,priest,discipline,35,20,15
Ketapriest,frostmourne,1664,priest,discipline,94,47,47
Kastep,tichondrius,1663,priest,discipline,76,36,40
Shocklol,stormrage,1662,priest,discipline,29,22,7
Apathist,sargeras,1662,priest,discipline,66,44,22
Heart,misha,1662,priest,discipline,90,49,41
Azureslaps,tichondrius,1662,priest,discipline,92,50,42
Hallucinogen,kelthuzad,1662,priest,discipline,95,51,44
Fisp,moon-guard,1661,priest,discipline,72,33,39
Dontlineme,tichondrius,1661,priest,discipline,101,46,55
Høwtokill,azralon,1660,priest,discipline,59,19,40
Alarin,whisperwind,1659,priest,discipline,42,20,22
Skunkbishop,sargeras,1659,priest,discipline,161,75,86
Olark,durotan,1659,priest,discipline,197,87,110
Rawze,tichondrius,1659,priest,discipline,41,18,23
Liteztvp,tichondrius,1659,priest,discipline,96,42,54
Cody,magtheridon,1657,priest,discipline,36,28,8
Arianagrande,garona,1656,priest,discipline,78,43,35
Woobgasm,sargeras,1655,priest,discipline,36,26,10
Theravus,moon-guard,1655,priest,discipline,124,67,57
Evilspreist,arthas,1655,priest,discipline,60,30,30
Darknuz,sargeras,1654,priest,discipline,53,27,26
Perceptions,dalaran,1653,priest,discipline,36,23,13
Kathere,tichondrius,1653,priest,discipline,42,23,19
Zunitpriest,laughing-skull,1653,priest,discipline,36,18,18
Grizzlysmite,stormrage,1653,priest,discipline,260,129,131
Adrio,malorne,1653,priest,discipline,186,89,97
Glassbirds,stormrage,1652,priest,discipline,48,25,23
Mindseye,azgalor,1652,priest,discipline,72,31,41
Memoriesorz,tichondrius,1650,priest,discipline,147,84,63
Mcfref,tichondrius,1650,priest,discipline,54,29,25
Syrillia,wildhammer,1650,priest,discipline,82,42,40
Chañing,frostmourne,1649,priest,discipline,72,33,39
Andreslol,sargeras,1648,priest,discipline,36,21,15
Cixelpvp,area-52,1648,priest,discipline,47,22,25
Krewesin,ravencrest,1647,priest,discipline,43,22,21
Sinday,zuljin,1647,priest,discipline,42,20,22
Synsparks,tichondrius,1647,priest,discipline,60,25,35
Beeffdaddy,tichondrius,1646,priest,discipline,57,25,32
Gankdez,kelthuzad,1645,priest,discipline,63,35,28
Rosaparksxo,sargeras,1645,priest,discipline,70,35,35
Döllyy,illidan,1645,priest,discipline,42,21,21
Centalinkxo,frostmourne,1645,priest,discipline,48,22,26
Scab,anetheron,1644,priest,discipline,106,49,57
Serakiki,nemesis,1642,priest,discipline,42,25,17
Ÿsk,tichondrius,1642,priest,discipline,84,47,37
Selfless,barthilas,1642,priest,discipline,60,26,34
Hanley,tichondrius,1641,priest,discipline,49,30,19
Badhabit,zuluhed,1641,priest,discipline,73,34,39
Lolcrafthd,ragnaros,1640,priest,discipline,64,36,28
Eetsqt,barthilas,1638,priest,discipline,75,49,26
Darknus,sargeras,1638,priest,discipline,54,26,28
Lunarina,hyjal,1638,priest,discipline,167,75,92
Marejaynez,tichondrius,1638,priest,discipline,105,45,60
Bigsmart,tichondrius,1637,priest,discipline,44,22,22
Evvylou,stormrage,1637,priest,discipline,42,19,23
Umadcüzubad,azralon,1635,priest,discipline,88,43,45
Mangolatte,frostmourne,1634,priest,discipline,55,41,14
Alguîen,ragnaros,1634,priest,discipline,103,55,48
Beejaex,stormreaver,1634,priest,discipline,48,22,26
Havocshadows,deathwing,1633,priest,discipline,153,98,55
Mclyte,whisperwind,1633,priest,discipline,149,77,72
Jâmïè,gurubashi,1632,priest,discipline,41,31,10
Kalilol,tichondrius,1632,priest,discipline,84,43,41
Leonilcx,tichondrius,1631,priest,discipline,216,104,112
Chewey,tichondrius,1631,priest,discipline,48,23,25
Onikûdaki,sargeras,1631,priest,discipline,41,18,23
Meip,illidan,1630,priest,discipline,24,17,7
Skadín,stormrage,1630,priest,discipline,155,92,63
Inquisitionx,frostmourne,1629,priest,discipline,90,51,39
Rlzpriest,tichondrius,1629,priest,discipline,79,36,43
Wildsmite,hyjal,1629,priest,discipline,192,85,107
Bloodify,azralon,1628,priest,discipline,59,30,29
Çammy,frostmourne,1626,priest,discipline,24,17,7
Andrew,sargeras,1626,priest,discipline,30,20,10
Discavow,bleeding-hollow,1626,priest,discipline,51,31,20
Azzäm,tichondrius,1626,priest,discipline,30,17,13
Brothercarl,stormrage,1626,priest,discipline,89,48,41
Karebenniian,area-52,1626,priest,discipline,90,48,42
Raxekk,stormrage,1626,priest,discipline,48,25,23
Argylemomo,emerald-dream,1626,priest,discipline,172,85,87
Psycozis,hyjal,1625,priest,discipline,262,138,124
Bustit,azgalor,1624,priest,discipline,41,22,19
Shastea,crushridge,1624,priest,discipline,46,24,22
Ayabae,illidan,1624,priest,discipline,407,196,211
Vinvictus,tichondrius,1624,priest,discipline,225,108,117
Ussmissouri,area-52,1624,priest,discipline,141,63,78
Jatral,azralon,1624,priest,discipline,47,20,27
Caesus,sargeras,1623,priest,discipline,124,70,54
Vanderbeek,frostmourne,1622,priest,discipline,42,23,19
Kûrtt,azralon,1622,priest,discipline,42,19,23
Cokeheals,kelthuzad,1621,priest,discipline,30,17,13
Samirah,arthas,1620,priest,discipline,36,20,16
Trollpreist,tichondrius,1620,priest,discipline,87,44,43
Halfcutt,tichondrius,1620,priest,discipline,48,23,25
Wickedpriest,malganis,1620,priest,discipline,48,22,26
Danceslol,area-52,1619,priest,discipline,36,17,19
Baddmachine,illidan,1619,priest,discipline,47,21,26
Archìtects,wyrmrest-accord,1618,priest,discipline,42,25,17
Timbobaloo,thrall,1618,priest,discipline,58,33,25
Syrul,tichondrius,1618,priest,discipline,63,34,29
Esciel,ragnaros,1618,priest,discipline,72,32,40
Punisherror,area-52,1618,priest,discipline,52,22,30
Jmr,onyxia,1617,priest,discipline,24,17,7
Tammyone,emerald-dream,1617,priest,discipline,60,39,21
Hoshx,sargeras,1615,priest,discipline,66,40,26
Kraamur,area-52,1615,priest,discipline,96,57,39
Jîtters,silvermoon,1615,priest,discipline,84,45,39
Downturn,tichondrius,1615,priest,discipline,36,17,19
Snackermz,tichondrius,1615,priest,discipline,53,20,33
Bellaelle,stormrage,1614,priest,discipline,30,17,13
Famemolol,tichondrius,1614,priest,discipline,100,50,50
Stayspooked,moon-guard,1613,priest,discipline,30,17,13
Lines,sargeras,1613,priest,discipline,64,36,28
Sâsh,stormrage,1613,priest,discipline,72,40,32
Nolar,shadowmoon,1613,priest,discipline,36,20,16
ßðßßÿ,area-52,1613,priest,discipline,42,21,21
Hadtogothere,kelthuzad,1613,priest,discipline,92,44,48
Sanddglokta,tichondrius,1613,priest,discipline,152,71,81
Wonpaipri,frostmourne,1612,priest,discipline,59,26,33
Gsek,nemesis,1611,priest,discipline,36,23,13
Zllik,illidan,1611,priest,discipline,42,26,16
Haill,quelthalas,1611,priest,discipline,76,38,38
Shrax,emerald-dream,1611,priest,discipline,102,49,53
Grimacê,sargeras,1611,priest,discipline,42,20,22
Cinsare,moon-guard,1610,priest,discipline,84,49,35
Blathers,malganis,1610,priest,discipline,92,48,44
Somefire,proudmoore,1610,priest,discipline,131,64,67
Interworld,illidan,1610,priest,discipline,50,24,26
Mortteus,agamaggan,1610,priest,discipline,60,28,32
Ryno,cenarion-circle,1609,priest,discipline,38,20,18
Fõrcedtowipe,tichondrius,1609,priest,discipline,180,93,87
Gsek,azralon,1608,priest,discipline,54,34,20
Wandynha,nemesis,1608,priest,discipline,30,17,13
Wrekkit,area-52,1608,priest,discipline,84,42,42
Milkkz,zuljin,1607,priest,discipline,36,20,16
Healbaby,illidan,1607,priest,discipline,95,50,45
Oogs,tichondrius,1607,priest,discipline,47,17,30
Swagraptor,stormreaver,1606,priest,discipline,72,42,30
Lovesy,burning-legion,1606,priest,discipline,60,30,30
Darkispriest,tichondrius,1606,priest,discipline,36,17,19
Trojanphobia,bleeding-hollow,1605,priest,discipline,36,20,16
Yoggismydad,emerald-dream,1605,priest,discipline,185,95,90
Snakedoc,emerald-dream,1605,priest,discipline,66,33,33
Mintadnade,nemesis,1605,priest,discipline,89,42,47
Hoglet,moon-guard,1604,priest,discipline,65,39,26
Priestass,bleeding-hollow,1604,priest,discipline,78,37,41
Vern,laughing-skull,1604,priest,discipline,78,29,49
Iamgess,kilrogg,1603,priest,discipline,42,22,20
Scræm,sargeras,1603,priest,discipline,79,38,41
Fäctor,bleeding-hollow,1603,priest,discipline,78,36,42
Resortv,illidan,1602,priest,discipline,42,32,10
Holyhõ,stormrage,1602,priest,discipline,36,20,16
Gromkekz,area-52,1602,priest,discipline,73,38,35
Ünagi,thrall,1602,priest,discipline,77,34,43
Mealmassttr,frostmourne,1602,priest,discipline,66,27,39
Mepisth,sargeras,1600,priest,discipline,66,36,30
Obsolete,area-52,1600,priest,discipline,36,17,19
Marython,tichondrius,1600,priest,discipline,52,22,30
Zunari,thrall,1599,priest,discipline,48,23,25
Andypr,illidan,1599,priest,discipline,54,20,34
Bonehead,warsong,1598,priest,discipline,37,19,18
Ragretsxo,darkspear,1598,priest,discipline,36,17,19
Dupaforted,stormrage,1598,priest,discipline,71,26,45
Ivorytiger,bleeding-hollow,1596,priest,discipline,42,19,23
Sacrify,ragnaros,1594,priest,discipline,42,22,20
Gummachine,tichondrius,1594,priest,discipline,36,17,19
Comana,frostmourne,1594,priest,discipline,53,25,28
Shadöwtest,quelthalas,1591,priest,discipline,101,45,56
Dolm,tichondrius,1590,priest,discipline,166,86,80
Isteri,thrall,1590,priest,discipline,52,26,26
Woosanghong,tichondrius,1590,priest,discipline,90,44,46
Emotionally,sargeras,1589,priest,discipline,30,20,10
Feymuhs,blackrock,1589,priest,discipline,48,26,22
Kks,tichondrius,1589,priest,discipline,54,28,26
Athênå,tichondrius,1588,priest,discipline,102,53,49
Eggsdenny,illidan,1588,priest,discipline,36,17,19
Planchebois,zuljin,1587,priest,discipline,30,17,13
Primael,tichondrius,1587,priest,discipline,40,18,22
Conezy,frostmourne,1586,priest,discipline,60,32,28
Hideonlight,barthilas,1586,priest,discipline,140,68,72
Betterheals,tichondrius,1585,priest,discipline,101,61,40
Alaran,magtheridon,1584,priest,discipline,35,21,14
Aerdaras,illidan,1584,priest,discipline,68,33,35
Zerokool,moonrunner,1583,priest,discipline,42,25,17
Prayussy,tichondrius,1582,priest,discipline,93,50,43
Rómmul,azralon,1582,priest,discipline,65,33,32
Tecnica,kelthuzad,1582,priest,discipline,107,51,56
Nutshotxx,skullcrusher,1582,priest,discipline,131,57,74
Persimmons,lightbringer,1581,priest,discipline,30,17,13
Indigojuly,sargeras,1580,priest,discipline,40,24,16
Mistàclean,tichondrius,1580,priest,discipline,47,27,20
Gus,the-venture-co,1580,priest,discipline,78,44,34
Linarindil,hyjal,1580,priest,discipline,47,23,24
Amberturd,cenarius,1580,priest,discipline,42,18,24
Thadino,nagrand,1579,priest,discipline,30,17,13
Yoozi,sargeras,1579,priest,discipline,84,46,38
Juckerr,tichondrius,1578,priest,discipline,134,72,62
Krusheal,tichondrius,1578,priest,discipline,35,18,17
Vampirê,tichondrius,1578,priest,discipline,42,19,23
Astrøpriest,tichondrius,1577,priest,discipline,48,19,29
Ixchelune,kelthuzad,1576,priest,discipline,219,107,112
Predolph,illidan,1575,priest,discipline,48,26,22
Sêlbus,stormrage,1575,priest,discipline,143,74,69
Playsoon,shattered-hand,1574,priest,discipline,84,44,40
Daburnz,bleeding-hollow,1574,priest,discipline,48,23,25
Anahka,tichondrius,1574,priest,discipline,42,18,24
Zenobiai,hyjal,1573,priest,discipline,104,59,45
Klttzz,sargeras,1573,priest,discipline,36,20,16
Erinzdern,quelthalas,1573,priest,discipline,53,29,24
Kihlupr,frostmourne,1573,priest,discipline,58,25,33
Tokaru,frostmourne,1572,priest,discipline,38,20,18
Dellitor,illidan,1572,priest,discipline,41,21,20
Malpractíce,zuljin,1571,priest,discipline,95,50,45
Charbosan,gorgonnash,1571,priest,discipline,382,201,181
Shesaidthat,stormrage,1571,priest,discipline,135,67,68
Valdurai,stormrage,1570,priest,discipline,41,23,18
Änanti,tichondrius,1570,priest,discipline,36,19,17
Mudshadow,tichondrius,1570,priest,discipline,57,30,27
Life,thrall,1570,priest,discipline,95,48,47
Catbabyeah,tichondrius,1566,priest,discipline,24,20,4
Spliffs,tichondrius,1566,priest,discipline,59,20,39
Deathwisher,illidan,1564,priest,discipline,30,18,12
Scarabless,bleeding-hollow,1564,priest,discipline,138,62,76
Bubblebuddí,tichondrius,1562,priest,discipline,57,31,26
Önagashøw,azralon,1562,priest,discipline,203,103,100
Kazuret,ragnaros,1561,priest,discipline,146,76,70
Verna,dunemaul,1560,priest,discipline,85,47,38
Tyksu,area-52,1560,priest,discipline,94,50,44
Shadzx,andorhal,1559,priest,discipline,35,17,18
Moustachío,stormrage,1559,priest,discipline,53,24,29
Twêet,frostmourne,1559,priest,discipline,144,60,84
Melitele,magtheridon,1558,priest,discipline,36,21,15
Vanco,tichondrius,1558,priest,discipline,59,32,27
Twistinfate,hyjal,1558,priest,discipline,119,58,61
Toddmund,tichondrius,1558,priest,discipline,52,18,34
Gucciflops,tichondrius,1557,priest,discipline,48,25,23
Xerzosh,area-52,1556,priest,discipline,108,62,46
Pheener,stormreaver,1556,priest,discipline,36,18,18
Joezyxz,tichondrius,1553,priest,discipline,43,20,23
Grannieslove,sargeras,1551,priest,discipline,48,28,20
Trengodqt,destromath,1550,priest,discipline,96,47,49
Fámóus,stormrage,1549,priest,discipline,83,30,53
Illuminare,sargeras,1548,priest,discipline,136,70,66
Fairlightpp,zuljin,1548,priest,discipline,54,26,28
Jugeumx,proudmoore,1547,priest,discipline,48,19,29
Uriyel,quelthalas,1546,priest,discipline,119,62,57
Sacredlight,malygos,1546,priest,discipline,99,51,48
Goo,boulderfist,1544,priest,discipline,36,22,14
Incisions,moon-guard,1544,priest,discipline,42,25,17
Rmxx,illidan,1544,priest,discipline,72,38,34
Jâldabaoth,area-52,1543,priest,discipline,42,27,15
Justashadow,zangarmarsh,1542,priest,discipline,103,59,44
Kimjongdots,illidan,1542,priest,discipline,44,24,20
Zórg,stormrage,1541,priest,discipline,56,30,26
Makuwu,area-52,1541,priest,discipline,93,49,44
Moalboal,tichondrius,1541,priest,discipline,66,31,35
Qmabayteckkl,tichondrius,1540,priest,discipline,42,23,19
Ballzach,ysera,1540,priest,discipline,152,81,71
Alex,boulderfist,1540,priest,discipline,189,90,99
Avis,illidan,1538,priest,discipline,50,33,17
Skillfull,chogall,1538,priest,discipline,187,103,84
Daddydoeet,zuljin,1538,priest,discipline,36,19,17
Ðiscipline,kelthuzad,1537,priest,discipline,55,27,28
Natoshi,illidan,1535,priest,discipline,30,16,14
Swartzp,tichondrius,1535,priest,discipline,80,40,40
Zroheals,illidan,1534,priest,discipline,95,43,52
Dëàthwîsh,tichondrius,1533,priest,discipline,30,16,14
Arcalon,thrall,1532,priest,discipline,74,36,38
Hennywhite,sargeras,1532,priest,discipline,63,26,37
Vañity,malganis,1531,priest,discipline,66,33,33
Inssania,ragnaros,1531,priest,discipline,48,23,25
Johanna,tichondrius,1530,priest,discipline,24,16,8
Icetraygang,suramar,1529,priest,discipline,280,155,125
Corvenna,zuljin,1529,priest,discipline,30,16,14
Halö,area-52,1529,priest,discipline,54,26,28
Nidüz,stormrage,1529,priest,discipline,102,48,54
Sleezi,emerald-dream,1528,priest,discipline,24,17,7
Falsity,kelthuzad,1528,priest,discipline,30,16,14
Truce,moon-guard,1528,priest,discipline,77,39,38
Valyx,tichondrius,1527,priest,discipline,84,45,39
Legendary,ragnaros,1527,priest,discipline,42,16,26
Alëssana,illidan,1526,priest,discipline,122,60,62
Friendzonefw,illidan,1526,priest,discipline,72,34,38
Umbrous,ysera,1525,priest,discipline,42,18,24
Thedude,spirestone,1524,priest,discipline,36,16,20
Nyluh,deathwing,1523,priest,discipline,26,16,10
Sonofbetch,emerald-dream,1523,priest,discipline,55,30,25
Drully,moon-guard,1523,priest,discipline,36,19,17
Madhairy,ragnaros,1522,priest,discipline,126,65,61
Jacksreturne,kelthuzad,1522,priest,discipline,192,95,97
Niurouchuan,tichondrius,1522,priest,discipline,123,60,63
Winsforgoldd,area-52,1521,priest,discipline,34,17,17
Magpul,arthas,1521,priest,discipline,36,16,20
Zulazane,azralon,1520,priest,discipline,70,43,27
Ezzy,bleeding-hollow,1520,priest,discipline,48,24,24
Zilah,ravencrest,1520,priest,discipline,66,31,35
Hideyason,area-52,1519,priest,discipline,60,31,29
Dædrà,stormrage,1519,priest,discipline,76,37,39
Crizem,bleeding-hollow,1519,priest,discipline,212,101,111
Kaguyä,ragnaros,1518,priest,discipline,29,18,11
Bobelgum,emerald-dream,1517,priest,discipline,36,26,10
Säcrilege,drakkari,1517,priest,discipline,124,63,61
Pinchevato,ragnaros,1517,priest,discipline,170,86,84
Razledazzled,grizzly-hills,1517,priest,discipline,48,21,27
Bonnieron,frostmourne,1516,priest,discipline,77,39,38
Dingldangle,tichondrius,1514,priest,discipline,126,62,64
Marantbourge,frostmourne,1514,priest,discipline,122,57,65
Blobble,tichondrius,1514,priest,discipline,60,25,35
Finnabustt,tichondrius,1513,priest,discipline,64,32,32
Shadowblax,thrall,1513,priest,discipline,148,72,76
Valixia,sargeras,1512,priest,discipline,36,17,19
Brxddx,sargeras,1512,priest,discipline,54,23,31
Mse,eonar,1511,priest,discipline,48,26,22
Probs,frostmourne,1511,priest,discipline,78,39,39
Luxyel,azralon,1511,priest,discipline,101,42,59
Cexcexyomi,tichondrius,1509,priest,discipline,55,30,25
Nanoboost,dark-iron,1509,priest,discipline,394,192,202
Bloodytears,kiljaeden,1509,priest,discipline,90,41,49
Pibkac,stormrage,1508,priest,discipline,45,18,27
Kflexx,hydraxis,1508,priest,discipline,86,26,60
Cringepriest,area-52,1507,priest,discipline,48,27,21
Herder,zuljin,1506,priest,discipline,29,18,11
Alexsp,amanthul,1506,priest,discipline,40,23,17
Yorp,tichondrius,1506,priest,discipline,48,24,24
Zinnar,dalaran,1506,priest,discipline,96,38,58
Chainsalight,stormrage,1505,priest,discipline,144,77,67
Nijoral,tichondrius,1505,priest,discipline,214,112,102
Altarboy,agamaggan,1505,priest,discipline,62,30,32
Perothon,garrosh,1505,priest,discipline,60,27,33
Këyglock,kelthuzad,1505,priest,discipline,59,26,33
Sorrowful,mannoroth,1504,priest,discipline,24,16,8
Deathallpoly,tichondrius,1504,priest,discipline,42,18,24
Aríola,frostmourne,1503,priest,discipline,52,28,24
Shrimpouh,illidan,1503,priest,discipline,30,16,14
Gommacura,stormrage,1503,priest,discipline,136,70,66
Ropriest,frostmourne,1503,priest,discipline,41,18,23
Propagàndhi,daggerspine,1503,priest,discipline,71,28,43
Sasaberry,frostmourne,1502,priest,discipline,93,43,50
Azaradet,ragnaros,1502,priest,discipline,54,21,33
Seyr,bleeding-hollow,1501,priest,discipline,179,100,79
Luffzie,barthilas,1500,priest,discipline,54,35,19
Unisia,tichondrius,1500,priest,discipline,84,37,47
Tiannatrump,stormrage,1499,priest,discipline,47,30,17
Valtres,tichondrius,1499,priest,discipline,30,16,14
Jpray,bleeding-hollow,1498,priest,discipline,109,59,50
Healther,firetree,1498,priest,discipline,30,16,14
Approved,moon-guard,1498,priest,discipline,150,72,78
Inkders,detheroc,1498,priest,discipline,58,26,32
Ferguss,ragnaros,1495,priest,discipline,25,18,7
Amarexlol,stormrage,1495,priest,discipline,54,27,27
Rourk,medivh,1495,priest,discipline,42,19,23
Growth,fizzcrank,1495,priest,discipline,48,20,28
Sgiath,alleria,1493,priest,discipline,36,27,9
Weezyxo,tichondrius,1493,priest,discipline,46,19,27
Pootzy,malganis,1491,priest,discipline,72,27,45
Devinere,tichondrius,1490,priest,discipline,202,99,103
Windroseh,proudmoore,1486,priest,discipline,60,32,28
Akëla,nemesis,1486,priest,discipline,36,17,19
Prayf,area-52,1486,priest,discipline,62,29,33
Malavidax,malganis,1486,priest,discipline,96,42,54
Griddly,alterac-mountains,1485,priest,discipline,62,34,28
Tëmpting,moon-guard,1485,priest,discipline,50,25,25
Disperse,vashj,1484,priest,discipline,102,45,57
Vincejddp,zuljin,1483,priest,discipline,181,91,90
Blacklightz,korgath,1483,priest,discipline,91,42,49
Thottee,bleeding-hollow,1483,priest,discipline,72,30,42
Shunio,illidan,1483,priest,discipline,42,17,25
Tartapelle,zuljin,1481,priest,discipline,78,44,34
Vemilli,tichondrius,1481,priest,discipline,40,20,20
Sstar,area-52,1479,priest,discipline,24,16,8
Luvenia,sargeras,1477,priest,discipline,72,35,37
Mfynch,sargeras,1476,priest,discipline,42,25,17
Puttles,tichondrius,1476,priest,discipline,48,16,32
Slipzie,sargeras,1475,priest,discipline,53,31,22
Spookynun,moon-guard,1475,priest,discipline,198,114,84
Shieldharder,stormrage,1475,priest,discipline,33,16,17
Labraidor,tichondrius,1474,priest,discipline,113,44,69
Swagndragon,zuljin,1473,priest,discipline,86,42,44
Sâishâ,proudmoore,1473,priest,discipline,108,41,67
Bryelx,ragnaros,1472,priest,discipline,84,40,44
Hasby,area-52,1471,priest,discipline,42,24,18
Ricekak,haomarush,1471,priest,discipline,66,37,29
Dreadpriate,emerald-dream,1471,priest,discipline,86,45,41
Rufían,quelthalas,1471,priest,discipline,48,25,23
Haizsu,tichondrius,1471,priest,discipline,35,17,18
Feorlar,tichondrius,1471,priest,discipline,66,32,34
Bigtimeplay,tichondrius,1470,priest,discipline,42,25,17
Artista,quelthalas,1470,priest,discipline,76,41,35
Doesine,area-52,1469,priest,discipline,42,25,17
Shakky,queldorei,1468,priest,discipline,42,18,24
Chimiechurro,proudmoore,1467,priest,discipline,60,33,27
Sandfire,thrall,1467,priest,discipline,30,16,14
Stargoddess,illidan,1467,priest,discipline,168,84,84
Bubblerwrapp,malganis,1466,priest,discipline,30,16,14
Puddín,area-52,1466,priest,discipline,78,40,38
Yeyoz,tichondrius,1466,priest,discipline,70,33,37
Brian,lightnings-blade,1465,priest,discipline,46,24,22
Wisher,tichondrius,1465,priest,discipline,96,38,58
Fearnought,stormrage,1464,priest,discipline,55,29,26
Oiled,barthilas,1463,priest,discipline,41,26,15
Besó,proudmoore,1463,priest,discipline,48,29,19
Dib,arathor,1463,priest,discipline,48,25,23
Jacob,shadowmoon,1462,priest,discipline,141,69,72
Fallenumbra,area-52,1461,priest,discipline,77,44,33
Braffuki,frostmourne,1461,priest,discipline,77,38,39
Keyoshe,altar-of-storms,1461,priest,discipline,60,27,33
Oopsy,bleeding-hollow,1460,priest,discipline,36,17,19
Saiyana,frostmourne,1460,priest,discipline,100,46,54
Syfy,thrall,1460,priest,discipline,108,45,63
Oesobagi,tichondrius,1459,priest,discipline,24,16,8
Tainna,quelthalas,1459,priest,discipline,66,39,27
Yugewap,hyjal,1458,priest,discipline,79,48,31
Bater,mugthol,1458,priest,discipline,28,17,11
Darenlor,tichondrius,1458,priest,discipline,93,40,53
Sensaye,dalaran,1458,priest,discipline,54,22,32
Shykaii,azralon,1456,priest,discipline,108,61,47
Purged,shadowmoon,1456,priest,discipline,180,94,86
Merkinhealz,darkspear,1456,priest,discipline,48,24,24
Draazja,dalaran,1456,priest,discipline,54,24,30
Jilt,aerie-peak,1455,priest,discipline,60,39,21
Iinu,tichondrius,1455,priest,discipline,77,39,38
Bistek,bleeding-hollow,1455,priest,discipline,101,50,51
Winss,tichondrius,1455,priest,discipline,166,82,84
Modotszilla,bleeding-hollow,1454,priest,discipline,36,16,20
Hermeneutic,illidan,1454,priest,discipline,39,17,22
Jaindoe,illidan,1453,priest,discipline,84,46,38
Oomed,bonechewer,1452,priest,discipline,71,39,32
Xeras,misha,1452,priest,discipline,47,21,26
Vivián,tichondrius,1450,priest,discipline,51,32,19
Phasmaaxd,tichondrius,1450,priest,discipline,53,26,27
Rhima,tichondrius,1450,priest,discipline,65,30,35
Bonoo,tichondrius,1448,priest,discipline,180,87,93
Specialed,wildhammer,1447,priest,discipline,48,28,20
Zeusqt,azralon,1447,priest,discipline,96,50,46
Heallarious,stormrage,1446,priest,discipline,42,26,16
Sadnez,illidan,1446,priest,discipline,55,31,24
Zäelly,moon-guard,1446,priest,discipline,186,95,91
Tajee,area-52,1445,priest,discipline,71,37,34
Daluu,tichondrius,1445,priest,discipline,47,18,29
Giveheadpats,moon-guard,1444,priest,discipline,78,35,43
Yótecuro,quelthalas,1443,priest,discipline,66,31,35
Raisonpriest,tichondrius,1442,priest,discipline,84,44,40
Curemeste,illidan,1442,priest,discipline,78,40,38
Ankhxiety,area-52,1442,priest,discipline,63,31,32
Jamesxupttv,draenor,1441,priest,discipline,45,26,19
Mannius,tichondrius,1441,priest,discipline,54,26,28
Triggaz,tichondrius,1440,priest,discipline,80,44,36
Nerfdisc,azralon,1440,priest,discipline,130,66,64
Kristyenna,boulderfist,1440,priest,discipline,42,20,22
Saentha,sargeras,1440,priest,discipline,42,20,22
Docmcstufins,darkspear,1440,priest,discipline,53,25,28
Cubski,darkspear,1439,priest,discipline,30,15,15
Buchöna,quelthalas,1439,priest,discipline,53,26,27
Keepyaheadup,malganis,1438,priest,discipline,18,15,3
Priøst,tichondrius,1438,priest,discipline,51,32,19
Helarix,malganis,1438,priest,discipline,92,42,50
Akovob,tichondrius,1437,priest,discipline,44,22,22
Nabukom,destromath,1437,priest,discipline,34,16,18
Compåctdisc,sargeras,1436,priest,discipline,36,18,18
Mandymuze,barthilas,1436,priest,discipline,71,31,40
Pphill,aegwynn,1436,priest,discipline,48,19,29
Murdock,the-forgotten-coast,1435,priest,discipline,44,25,19
Bootycough,malganis,1435,priest,discipline,63,32,31
Sliding,wyrmrest-accord,1435,priest,discipline,30,15,15
Lumies,tichondrius,1435,priest,discipline,30,15,15
Miix,proudmoore,1434,priest,discipline,18,15,3
Mangueroide,quelthalas,1434,priest,discipline,48,27,21
Phayzz,area-52,1433,priest,discipline,117,61,56
Fenian,frostmourne,1433,priest,discipline,113,55,58
Epitoh,bleeding-hollow,1433,priest,discipline,36,15,21
Amorus,illidan,1432,priest,discipline,60,40,20
Bailez,malganis,1432,priest,discipline,36,18,18
Rôôk,kiljaeden,1432,priest,discipline,56,26,30
Teeds,stormrage,1431,priest,discipline,45,22,23
Aåurøra,stormrage,1429,priest,discipline,24,15,9
Cezure,stormrage,1429,priest,discipline,184,99,85
Kwaremont,sargeras,1429,priest,discipline,30,15,15
Healthreat,area-52,1428,priest,discipline,58,31,27
Rexîfy,zuljin,1427,priest,discipline,29,16,13
Luanwanx,tichondrius,1427,priest,discipline,48,26,22
Cherryfuzz,sargeras,1427,priest,discipline,89,45,44
Blodwell,illidan,1425,priest,discipline,96,48,48
Spazmode,malganis,1424,priest,discipline,60,31,29
Shadoris,antonidas,1424,priest,discipline,30,15,15
Lydra,ragnaros,1423,priest,discipline,165,71,94
Nolan,drakkari,1422,priest,discipline,47,27,20
Watchemeyolo,tichondrius,1422,priest,discipline,36,20,16
Ketaminè,tichondrius,1422,priest,discipline,48,25,23
Eavin,laughing-skull,1422,priest,discipline,231,115,116
Healmedaddyy,korgath,1422,priest,discipline,64,30,34
Wpj,barthilas,1422,priest,discipline,51,17,34
Izikial,illidan,1421,priest,discipline,48,24,24
Crashed,frostmourne,1420,priest,discipline,24,16,8
Holycast,arygos,1420,priest,discipline,24,15,9
Sackura,quelthalas,1420,priest,discipline,49,26,23
Machinecoach,stormrage,1419,priest,discipline,30,15,15
Raydz,altar-of-storms,1418,priest,discipline,135,65,70
Holyish,proudmoore,1418,priest,discipline,42,19,23
Voltstein,dalaran,1416,priest,discipline,56,27,29
Xyló,area-52,1415,priest,discipline,112,63,49
Rëckful,area-52,1415,priest,discipline,389,194,195
Aubine,sargeras,1414,priest,discipline,41,15,26
Clancygilroy,thrall,1413,priest,discipline,90,44,46
Accismus,khadgar,1412,priest,discipline,78,37,41
Angusb,sargeras,1410,priest,discipline,80,35,45
Meditåtion,tichondrius,1409,priest,discipline,66,32,34
Shelak,frostmourne,1408,priest,discipline,62,33,29
Mamabless,quelthalas,1408,priest,discipline,347,180,167
Justanoutlaw,darkspear,1407,priest,discipline,36,21,15
Kawin,goldrinn,1407,priest,discipline,101,54,47
Sunenergy,tichondrius,1407,priest,discipline,78,41,37
Lilblackguys,stormrage,1407,priest,discipline,90,45,45
Priesmatco,area-52,1407,priest,discipline,48,19,29
Sistamaggie,bleeding-hollow,1406,priest,discipline,54,28,26
Tryst,the-underbog,1404,priest,discipline,60,37,23
Delrey,sargeras,1404,priest,discipline,32,16,16
Langyi,tichondrius,1403,priest,discipline,48,28,20
Kafarmer,frostmourne,1403,priest,discipline,59,34,25
Gwyneth,whisperwind,1403,priest,discipline,80,35,45
Nek,malganis,1402,priest,discipline,85,50,35
Lelenia,tichondrius,1402,priest,discipline,30,15,15
Nicety,skywall,1402,priest,discipline,50,22,28
Vampiric,laughing-skull,1401,priest,discipline,24,15,9
Jelzz,area-52,1401,priest,discipline,28,17,11
Khyonne,nemesis,1400,priest,discipline,68,37,31
Hunanbeef,kiljaeden,1400,priest,discipline,58,29,29
Strawson,quelthalas,1400,priest,discipline,42,19,23
Bloatie,zuljin,1399,priest,discipline,36,24,12
Smirkinlive,illidan,1399,priest,discipline,29,18,11
Napzz,sargeras,1399,priest,discipline,36,21,15
Welovan,sargeras,1399,priest,discipline,34,17,17
Shnítzel,thrall,1399,priest,discipline,103,51,52
Smegmancer,korgath,1399,priest,discipline,54,24,30
Cathêlay,bleeding-hollow,1397,priest,discipline,61,29,32
Ðohko,ragnaros,1395,priest,discipline,36,20,16
Laüren,ragnaros,1395,priest,discipline,94,42,52
Ems,dawnbringer,1394,priest,discipline,29,15,14
Scriptz,frostwolf,1393,priest,discipline,66,30,36
Raggasoca,malganis,1393,priest,discipline,99,44,55
Ðiplø,tichondrius,1392,priest,discipline,35,21,14
Ünarû,illidan,1392,priest,discipline,66,38,28
Tluoc,nemesis,1391,priest,discipline,47,25,22
Darkquinn,boulderfist,1390,priest,discipline,182,83,99
Bubbahotep,laughing-skull,1388,priest,discipline,40,19,21
Dårc,tichondrius,1387,priest,discipline,65,39,26
Unholywizard,sargeras,1386,priest,discipline,66,37,29
Vexyy,tichondrius,1385,priest,discipline,32,19,13
Arkenes,dalaran,1383,priest,discipline,78,41,37
Mursey,sargeras,1382,priest,discipline,105,48,57
Bøness,area-52,1379,priest,discipline,94,50,44
Halcyon,eonar,1377,priest,discipline,45,21,24
Lexinalis,stormrage,1376,priest,discipline,29,17,12
Fádéd,tichondrius,1376,priest,discipline,29,15,14
Dlysexic,barthilas,1375,priest,discipline,66,35,31
Zivn,tichondrius,1375,priest,discipline,468,240,228
Whehaw,kelthuzad,1375,priest,discipline,66,29,37
Replacednewb,chogall,1374,priest,discipline,39,22,17
Risedead,azralon,1373,priest,discipline,91,50,41
Zombieheals,gundrak,1373,priest,discipline,53,27,26
Blaydun,elune,1371,priest,discipline,90,56,34
Karazhan,burning-legion,1371,priest,discipline,44,19,25
Jìtters,silvermoon,1370,priest,discipline,36,17,19
Drinkndrive,tichondrius,1368,priest,discipline,48,25,23
Huevos,blackwing-lair,1368,priest,discipline,120,61,59
Maid,demon-soul,1368,priest,discipline,39,16,23
Eshimä,quelthalas,1366,priest,discipline,41,25,16
Solsano,stormrage,1365,priest,discipline,76,44,32
Luminous,moon-guard,1365,priest,discipline,131,67,64
Toxictampax,azjolnerub,1364,priest,discipline,64,25,39
Halfyo,dragonmaw,1363,priest,discipline,90,49,41
Handyheals,frostmourne,1362,priest,discipline,101,54,47
Bionix,stormrage,1362,priest,discipline,54,28,26
Füuzin,stormrage,1362,priest,discipline,66,34,32
Curasia,drakkari,1360,priest,discipline,57,37,20
Eatmyfear,quelthalas,1360,priest,discipline,160,73,87
Nêrô,dalaran,1359,priest,discipline,48,21,27
Nomsayin,stormrage,1358,priest,discipline,19,15,4
Crucïfïx,stormrage,1358,priest,discipline,70,41,29
Nexoox,drakkari,1358,priest,discipline,42,23,19
Feedya,tichondrius,1358,priest,discipline,227,103,124
Nometh,emerald-dream,1357,priest,discipline,42,18,24
Aerdune,dalaran,1356,priest,discipline,68,36,32
Powerwordzz,dragonmaw,1356,priest,discipline,60,30,30
Luthiene,area-52,1355,priest,discipline,90,42,48
Rháényra,tichondrius,1354,priest,discipline,30,15,15
Victrix,tichondrius,1353,priest,discipline,112,47,65
Chìbiusa,gurubashi,1352,priest,discipline,106,52,54
Beñzi,sargeras,1348,priest,discipline,26,16,10
Dxskadi,stormrage,1348,priest,discipline,156,68,88
Theheal,ragnaros,1347,priest,discipline,51,18,33
Revreal,thrall,1346,priest,discipline,48,25,23
Pelagius,suramar,1345,priest,discipline,44,19,25
Juliusceazer,skywall,1344,priest,discipline,88,52,36
Temkcalb,ragnaros,1344,priest,discipline,72,36,36
Hoppus,stormrage,1344,priest,discipline,90,44,46
Mååxxee,zuljin,1343,priest,discipline,24,14,10
Míssdank,tichondrius,1343,priest,discipline,36,18,18
Crazykitsune,thaurissan,1342,priest,discipline,42,27,15
Klydasoreass,malganis,1342,priest,discipline,24,14,10
Lawroade,tichondrius,1342,priest,discipline,67,36,31
Emytoty,ragnaros,1342,priest,discipline,30,15,15
Mitoloshi,ragnaros,1342,priest,discipline,114,55,59
Redcoolaid,moon-guard,1341,priest,discipline,24,14,10
Armî,ragnaros,1341,priest,discipline,30,15,15
Zoap,stormrage,1341,priest,discipline,60,26,34
Orzington,laughing-skull,1341,priest,discipline,36,15,21
Storylord,malganis,1340,priest,discipline,30,14,16
Protega,illidan,1339,priest,discipline,18,14,4
Abstention,area-52,1339,priest,discipline,24,14,10
Fleckyy,tichondrius,1339,priest,discipline,36,14,22
Basisc,frostmourne,1338,priest,discipline,115,63,52
Vehlind,quelthalas,1338,priest,discipline,101,52,49
Knoskeezy,proudmoore,1337,priest,discipline,18,14,4
Smittën,barthilas,1336,priest,discipline,48,26,22
Ínfocus,area-52,1336,priest,discipline,36,15,21
Tûbes,trollbane,1336,priest,discipline,95,38,57
Xxqq,illidan,1335,priest,discipline,24,14,10
Metagameswag,tichondrius,1335,priest,discipline,24,14,10
Weapestrong,tichondrius,1333,priest,discipline,24,14,10
Rblood,emerald-dream,1332,priest,discipline,54,33,21
Ngin,queldorei,1332,priest,discipline,24,14,10
Benedictüs,tichondrius,1332,priest,discipline,98,49,49
Scrollozaddy,illidan,1331,priest,discipline,51,34,17
Rickjames,laughing-skull,1330,priest,discipline,50,30,20
Sevÿ,malygos,1330,priest,discipline,24,14,10
Bathenape,bleeding-hollow,1330,priest,discipline,40,23,17
Decline,balnazzar,1330,priest,discipline,30,14,16
Ieveling,skywall,1330,priest,discipline,36,14,22
Xuun,illidan,1329,priest,discipline,71,42,29
Tungus,shadowsong,1329,priest,discipline,88,44,44
Joktips,proudmoore,1329,priest,discipline,48,23,25
Highasf,sargeras,1328,priest,discipline,24,14,10
Muuq,frostmourne,1328,priest,discipline,39,19,20
Mythica,gurubashi,1327,priest,discipline,84,50,34
Danrien,azralon,1326,priest,discipline,34,20,14
Edmust,black-dragonflight,1324,priest,discipline,24,14,10
Rvxy,tichondrius,1324,priest,discipline,84,42,42
Holyfromrmp,tichondrius,1324,priest,discipline,54,26,28
Jaysontatum,gurubashi,1323,priest,discipline,33,17,16
Penetron,tichondrius,1322,priest,discipline,30,14,16
Hawtzp,stormrage,1321,priest,discipline,24,14,10
Sineater,zuljin,1321,priest,discipline,30,14,16
Srwilly,ragnaros,1320,priest,discipline,75,39,36
Mkowns,tichondrius,1319,priest,discipline,24,14,10
Nadiaxo,moon-guard,1319,priest,discipline,65,35,30
Nøzmonica,kelthuzad,1319,priest,discipline,32,15,17
Fakechow,nathrezim,1319,priest,discipline,30,14,16
Kms,sargeras,1313,priest,discipline,51,26,25
Femìnazzi,ragnaros,1313,priest,discipline,37,18,19
Médíc,dalaran,1312,priest,discipline,48,24,24
Yeshùa,drakkari,1312,priest,discipline,76,35,41
Itsme,quelthalas,1312,priest,discipline,47,18,29
Jsuschristix,zuljin,1311,priest,discipline,36,23,13
Sòraka,tichondrius,1311,priest,discipline,36,19,17
Goodvybes,tichondrius,1311,priest,discipline,36,14,22
Diabiitus,stormrage,1309,priest,discipline,63,36,27
Soméone,sargeras,1309,priest,discipline,47,24,23
Gaudthree,tichondrius,1309,priest,discipline,28,14,14
Gongá,moon-guard,1309,priest,discipline,30,14,16
Badnsweaty,sargeras,1308,priest,discipline,28,15,13
Booyâh,muradin,1308,priest,discipline,54,27,27
Kiritomauti,ragnaros,1308,priest,discipline,30,14,16
Majesticar,moon-guard,1307,priest,discipline,30,20,10
Knucklesandy,tichondrius,1306,priest,discipline,29,14,15
Aveil,bloodscalp,1305,priest,discipline,28,17,11
Ruthlèss,ragnaros,1305,priest,discipline,54,28,26
Deadpla,ragnaros,1304,priest,discipline,35,14,21
Plznokill,tichondrius,1303,priest,discipline,36,18,18
Msdash,tichondrius,1303,priest,discipline,36,18,18
ßræcher,black-dragonflight,1302,priest,discipline,18,14,4
Poorass,sargeras,1301,priest,discipline,30,19,11
Aedarelyn,ysera,1301,priest,discipline,42,22,20
Dmlx,frostmourne,1300,priest,discipline,24,18,6
Itsmaám,moon-guard,1299,priest,discipline,30,15,15
Krané,area-52,1298,priest,discipline,51,24,27
Masochist,barthilas,1297,priest,discipline,60,39,21
Wildmanfrank,tichondrius,1297,priest,discipline,37,21,16
Sportsgloss,tichondrius,1295,priest,discipline,36,16,20
Dadthegreat,bonechewer,1292,priest,discipline,42,25,17
Halliburton,illidan,1292,priest,discipline,56,26,30
Namî,barthilas,1291,priest,discipline,108,59,49
Mellerwine,azralon,1291,priest,discipline,196,104,92
Lyxx,kelthuzad,1290,priest,discipline,22,15,7
Malevolently,illidan,1290,priest,discipline,113,49,64
Troublmaker,illidan,1288,priest,discipline,40,21,19
Rmx,illidan,1288,priest,discipline,29,14,15
Markspell,stormrage,1286,priest,discipline,133,72,61
Iwonthealu,senjin,1286,priest,discipline,30,16,14
Brounly,drakkari,1285,priest,discipline,72,36,36
Xpera,dalaran,1285,priest,discipline,65,30,35
Klowdz,burning-blade,1285,priest,discipline,48,20,28
Chîna,hyjal,1284,priest,discipline,114,69,45
Bonkerwaffle,kelthuzad,1282,priest,discipline,30,20,10
Jaskil,skywall,1282,priest,discipline,60,32,28
Lifeswap,area-52,1281,priest,discipline,54,21,33
Winnzhor,bonechewer,1280,priest,discipline,30,18,12
Elixia,maiev,1280,priest,discipline,36,20,16
Dzpi,azralon,1280,priest,discipline,48,23,25
Dahrwin,thrall,1276,priest,discipline,36,20,16
Supôrte,nemesis,1276,priest,discipline,27,14,13
Knifê,moon-guard,1276,priest,discipline,102,52,50
Goodwin,darkspear,1275,priest,discipline,42,24,18
Rbgeezus,lightnings-blade,1275,priest,discipline,107,55,52
Weakwind,burning-blade,1275,priest,discipline,28,14,14
Soaphia,kelthuzad,1274,priest,discipline,48,29,19
Glauga,azralon,1274,priest,discipline,36,14,22
Pocserpriest,drakkari,1272,priest,discipline,32,14,18
Geekynerd,frostmourne,1271,priest,discipline,24,15,9
Fanatic,nemesis,1271,priest,discipline,97,48,49
Themøn,quelthalas,1270,priest,discipline,30,16,14
Twotimechamp,azshara,1269,priest,discipline,50,26,24
Tyreliy,eitrigg,1269,priest,discipline,108,54,54
Takethat,emerald-dream,1267,priest,discipline,24,14,10
Mechahomo,dalaran,1267,priest,discipline,34,18,16
Aggravating,mugthol,1267,priest,discipline,176,89,87
Derlanger,frostmourne,1266,priest,discipline,36,18,18
Cathiah,darkspear,1265,priest,discipline,42,22,20
Quickq,barthilas,1264,priest,discipline,30,18,12
Matchakatt,tichondrius,1263,priest,discipline,42,26,16
Saràh,stormscale,1262,priest,discipline,94,43,51
Emlix,tichondrius,1262,priest,discipline,42,14,28
Hideyourkids,stormreaver,1261,priest,discipline,42,18,24
Souriel,tichondrius,1260,priest,discipline,66,34,32
Trummp,tichondrius,1260,priest,discipline,35,17,18
Kymosolop,sargeras,1258,priest,discipline,25,14,11
Penitentrowr,illidan,1258,priest,discipline,39,20,19
Wrathchildd,azralon,1257,priest,discipline,54,29,25
Kenzao,nemesis,1257,priest,discipline,64,30,34
Lge,kelthuzad,1257,priest,discipline,31,14,17
Zjqf,akama,1257,priest,discipline,107,46,61
Dartonya,thrall,1257,priest,discipline,36,15,21
Visse,auchindoun,1256,priest,discipline,128,65,63
Eleeira,zuljin,1256,priest,discipline,36,15,21
Fadewench,sargeras,1255,priest,discipline,35,16,19
Thotznprayrz,bleeding-hollow,1254,priest,discipline,36,23,13
Fatherßrian,draktharon,1253,priest,discipline,30,16,14
Cajl,dathremar,1253,priest,discipline,109,48,61
Mchinder,tanaris,1252,priest,discipline,33,18,15
Nìght,trollbane,1251,priest,discipline,66,36,30
Kapriestun,tichondrius,1250,priest,discipline,54,32,22
Dosarix,sargeras,1250,priest,discipline,40,23,17
Aliciab,andorhal,1250,priest,discipline,48,26,22
Burpees,dalaran,1250,priest,discipline,28,15,13
Vancake,quelthalas,1250,priest,discipline,150,68,82
Donzorro,ragnaros,1250,priest,discipline,42,18,24
Nóin,tichondrius,1249,priest,discipline,42,19,23
Allhubris,stormrage,1248,priest,discipline,24,13,11
Mason,winterhoof,1247,priest,discipline,18,13,5
Kayern,kelthuzad,1247,priest,discipline,18,13,5
Iyoui,tichondrius,1247,priest,discipline,18,13,5
Meatboxmoldy,blood-furnace,1247,priest,discipline,24,13,11
Tanzen,andorhal,1247,priest,discipline,24,13,11
Pce,korialstrasz,1247,priest,discipline,34,13,21
Dispassion,dalaran,1246,priest,discipline,22,14,8
Caveron,tichondrius,1246,priest,discipline,24,13,11
Picurry,frostmourne,1246,priest,discipline,24,13,11
Veejae,tichondrius,1246,priest,discipline,30,13,17
Staysmall,stormrage,1245,priest,discipline,24,13,11
Chaøz,emerald-dream,1245,priest,discipline,35,18,17
Youaint,sargeras,1245,priest,discipline,30,13,17
Joní,malganis,1244,priest,discipline,24,13,11
Alawn,wyrmrest-accord,1244,priest,discipline,102,42,60
Haetas,zuljin,1243,priest,discipline,30,13,17
Meiev,quelthalas,1243,priest,discipline,36,13,23
Zizziz,tichondrius,1242,priest,discipline,24,13,11
Sanitater,frostmourne,1242,priest,discipline,54,26,28
Grapës,jubeithos,1242,priest,discipline,48,23,25
Kukion,uldum,1242,priest,discipline,30,13,17
Tarny,tichondrius,1241,priest,discipline,34,20,14
Sofhya,ragnaros,1241,priest,discipline,94,49,45
Tempgnome,stonemaul,1241,priest,discipline,49,25,24
Creòle,area-52,1240,priest,discipline,24,13,11
Santhiel,ragnaros,1239,priest,discipline,30,13,17
Misaosan,azralon,1238,priest,discipline,60,29,31
Lvcia,thrall,1237,priest,discipline,52,26,26
Akayayuelol,tichondrius,1236,priest,discipline,18,13,5
Aurajade,queldorei,1235,priest,discipline,18,13,5
Voidathon,sargeras,1235,priest,discipline,24,13,11
Betrthenadam,bleeding-hollow,1235,priest,discipline,66,32,34
Quavö,tichondrius,1235,priest,discipline,63,28,35
Karmatron,chogall,1235,priest,discipline,30,13,17
Charybdis,bonechewer,1234,priest,discipline,42,30,12
Jinniu,azralon,1234,priest,discipline,30,13,17
Mauriel,proudmoore,1234,priest,discipline,30,13,17
Icyspicy,shadowsong,1231,priest,discipline,53,25,28
Peristalsis,nesingwary,1231,priest,discipline,30,13,17
Holyxb,bleeding-hollow,1231,priest,discipline,36,13,23
Presto,kalecgos,1230,priest,discipline,18,14,4
Shïtheals,frostmourne,1230,priest,discipline,42,25,17
Mileslol,azgalor,1230,priest,discipline,24,13,11
Starshollow,ragnaros,1230,priest,discipline,25,13,12
Nottahealer,anvilmar,1230,priest,discipline,30,13,17
Lichae,ragnaros,1229,priest,discipline,42,21,21
Aipata,stormrage,1228,priest,discipline,30,17,13
Kurtsheals,destromath,1228,priest,discipline,60,31,29
Krypticus,tichondrius,1227,priest,discipline,48,28,20
Aape,frostmourne,1227,priest,discipline,24,13,11
Nanabritches,moon-guard,1226,priest,discipline,62,33,29
Jestiann,aegwynn,1226,priest,discipline,167,85,82
Newchaos,hakkar,1225,priest,discipline,24,13,11
Bendoverbb,tichondrius,1225,priest,discipline,30,13,17
Wise,wildhammer,1224,priest,discipline,53,27,26
Sappes,area-52,1224,priest,discipline,51,25,26
Ahitaro,ragnaros,1223,priest,discipline,60,18,42
Aesudan,dalaran,1222,priest,discipline,19,13,6
Sauile,kelthuzad,1222,priest,discipline,30,15,15
Luminatio,quelthalas,1220,priest,discipline,64,32,32
Pòba,malganis,1220,priest,discipline,30,13,17
Nonamegame,sargeras,1218,priest,discipline,78,42,36
Anymoon,tichondrius,1218,priest,discipline,30,16,14
Pixa,tichondrius,1218,priest,discipline,54,25,29
Deadlydocc,illidan,1217,priest,discipline,27,16,11
Aynone,blood-furnace,1217,priest,discipline,120,57,63
Orìsel,wyrmrest-accord,1214,priest,discipline,93,42,51
Inferis,ragnaros,1213,priest,discipline,204,101,103
Armspriest,stormrage,1212,priest,discipline,47,24,23
Dotersacer,quelthalas,1211,priest,discipline,26,15,11
Testament,greymane,1210,priest,discipline,84,37,47
Deckardkane,stormrage,1209,priest,discipline,32,14,18
Ariavish,area-52,1208,priest,discipline,48,25,23
Kodaks,frostmourne,1208,priest,discipline,75,37,38
Kithlas,emerald-dream,1206,priest,discipline,18,13,5
Nothinsexual,frostmourne,1206,priest,discipline,26,14,12
Kaonn,frostmourne,1206,priest,discipline,51,24,27
Dpshealer,azralon,1206,priest,discipline,66,29,37
Fairylìght,stormrage,1206,priest,discipline,43,14,29
Tdmheals,zuluhed,1204,priest,discipline,24,18,6
Pactosombrio,azralon,1204,priest,discipline,94,52,42
Psychiatrist,darkspear,1204,priest,discipline,58,25,33
Ithvedriel,moon-guard,1203,priest,discipline,67,32,35
Healzyew,dragonmaw,1201,priest,discipline,73,28,45
Terenor,thrall,1199,priest,discipline,42,13,29
Fozil,area-52,1194,priest,discipline,62,33,29
Alizeë,illidan,1192,priest,discipline,96,56,40
Josquin,illidan,1192,priest,discipline,23,13,10
Tomseleck,frostmourne,1191,priest,discipline,29,13,16
Theboogieman,magtheridon,1190,priest,discipline,42,18,24
Rinmaru,dark-iron,1188,priest,discipline,24,14,10
Yukih,tichondrius,1188,priest,discipline,41,17,24
Inarius,dragonblight,1188,priest,discipline,42,17,25
Kruciphix,tichondrius,1187,priest,discipline,29,20,9
Kaxleigh,emerald-dream,1187,priest,discipline,29,18,11
Krindil,korgath,1186,priest,discipline,29,14,15
Unwòke,dalaran,1182,priest,discipline,24,14,10
Belletrael,wyrmrest-accord,1182,priest,discipline,70,32,38
Kßnstuff,area-52,1182,priest,discipline,37,15,22
Doubtmyfaith,frostmourne,1181,priest,discipline,42,21,21
Iwillsaveyou,tichondrius,1177,priest,discipline,40,16,24
Damoclexz,area-52,1176,priest,discipline,72,38,34
Invocational,moon-guard,1175,priest,discipline,29,14,15
Kethseth,ragnaros,1175,priest,discipline,102,45,57
Hiheals,anvilmar,1174,priest,discipline,36,20,16
Mindlames,bleeding-hollow,1173,priest,discipline,68,30,38
Minimelo,stormrage,1172,priest,discipline,23,13,10
Spyzz,gilneas,1172,priest,discipline,36,18,18
Såge,chogall,1169,priest,discipline,117,60,57
Phaille,chromaggus,1169,priest,discipline,36,18,18
Kerazul,sargeras,1169,priest,discipline,42,20,22
Cypress,dreadmaul,1166,priest,discipline,94,49,45
Zadae,area-52,1166,priest,discipline,51,26,25
Xmasmiracle,korgath,1164,priest,discipline,64,35,29
Kafzial,zuljin,1162,priest,discipline,74,43,31
Priést,stormrage,1162,priest,discipline,36,13,23
Keskima,malganis,1159,priest,discipline,40,25,15
Yidra,illidan,1159,priest,discipline,24,14,10
Holyycrit,kelthuzad,1158,priest,discipline,24,13,11
Semirg,moon-guard,1158,priest,discipline,30,13,17
Köto,dalaran,1157,priest,discipline,23,13,10
Coldphobia,uldum,1157,priest,discipline,32,14,18
Gobnik,illidan,1156,priest,discipline,24,16,8
Xaerwolaeth,area-52,1155,priest,discipline,34,16,18
Optîmuskrayt,tichondrius,1153,priest,discipline,71,35,36
Maraagsdad,tichondrius,1152,priest,discipline,18,12,6
Qenq,tichondrius,1152,priest,discipline,18,12,6
Yobell,tichondrius,1152,priest,discipline,18,12,6
Kalyndaxo,frostmourne,1152,priest,discipline,24,12,12
Cavatea,illidan,1152,priest,discipline,24,12,12
Swagdemøn,kelthuzad,1152,priest,discipline,24,12,12
Ømegagødx,illidan,1152,priest,discipline,30,12,18
Addisonraee,tichondrius,1151,priest,discipline,12,12,0
Lullabya,tichondrius,1151,priest,discipline,18,12,6
Faithbuild,emerald-dream,1151,priest,discipline,18,12,6
Sshhaaddooww,tichondrius,1151,priest,discipline,24,12,12
Randrimm,stormrage,1151,priest,discipline,24,12,12
Pewwpew,malganis,1151,priest,discipline,24,12,12
Alphôn,bleeding-hollow,1151,priest,discipline,24,12,12
Attenea,illidan,1151,priest,discipline,36,12,24
Ilmx,illidan,1150,priest,discipline,12,12,0
Aaff,tichondrius,1150,priest,discipline,18,12,6
Rhaist,sargeras,1150,priest,discipline,36,18,18
Wartrix,bonechewer,1150,priest,discipline,24,12,12
Cenrtrix,stormrage,1150,priest,discipline,24,12,12
Abercromby,malganis,1150,priest,discipline,25,12,13
Maxximuss,bleeding-hollow,1150,priest,discipline,42,17,25
Dayquills,illidan,1150,priest,discipline,30,12,18
Bakara,jubeithos,1150,priest,discipline,36,12,24
Clockwororan,tichondrius,1149,priest,discipline,18,12,6
Profpepper,tichondrius,1149,priest,discipline,18,12,6
Pakc,tichondrius,1149,priest,discipline,24,12,12
Gigaflex,sargeras,1148,priest,discipline,24,12,12
Amaranth,the-forgotten-coast,1148,priest,discipline,24,12,12
Metick,illidan,1148,priest,discipline,30,12,18
Holycoww,lightnings-blade,1147,priest,discipline,18,12,6
Ekros,illidan,1147,priest,discipline,25,13,12
Cigarillõ,thrall,1147,priest,discipline,24,12,12
Opscurum,bleeding-hollow,1147,priest,discipline,24,12,12
Suitoo,ragnaros,1147,priest,discipline,24,12,12
Nutsin,tichondrius,1147,priest,discipline,30,12,18
Scrubgames,garrosh,1146,priest,discipline,12,12,0
Pico,spirestone,1146,priest,discipline,24,13,11
Smightful,garona,1146,priest,discipline,24,12,12
Lilbaldjosh,frostmourne,1146,priest,discipline,36,12,24
Luciellis,sargeras,1145,priest,discipline,30,12,18
Lethalrosé,thrall,1144,priest,discipline,18,12,6
Chiot,tichondrius,1144,priest,discipline,18,12,6
Mashpotato,aerie-peak,1144,priest,discipline,24,13,11
Augustrox,ragnaros,1144,priest,discipline,24,12,12
Hanuroa,tichondrius,1143,priest,discipline,150,76,74
Grimspriest,moon-guard,1143,priest,discipline,24,12,12
Depressedboy,wyrmrest-accord,1143,priest,discipline,24,12,12
Mutilla,tichondrius,1142,priest,discipline,18,12,6
Dbod,tichondrius,1142,priest,discipline,24,12,12
Norastanne,moon-guard,1142,priest,discipline,24,12,12
Killían,darkspear,1141,priest,discipline,31,17,14
Osombra,azralon,1139,priest,discipline,36,17,19
Elvspriesly,doomhammer,1138,priest,discipline,104,51,53
Drywàter,tichondrius,1137,priest,discipline,81,45,36
Sadistic,hyjal,1137,priest,discipline,36,12,24
Brotherheals,nagrand,1136,priest,discipline,60,30,30
Blessings,aerie-peak,1135,priest,discipline,66,34,32
Senumbra,tichondrius,1134,priest,discipline,24,12,12
Faerline,kelthuzad,1134,priest,discipline,29,12,17
Volkova,quelthalas,1133,priest,discipline,18,12,6
Goodbyekiss,illidan,1132,priest,discipline,59,28,31
Corthien,thrall,1129,priest,discipline,30,12,18
Leprêtre,hakkar,1128,priest,discipline,24,12,12
Mäy,greymane,1128,priest,discipline,24,12,12
Cyrilien,tichondrius,1127,priest,discipline,52,29,23
Ragnarøk,warsong,1127,priest,discipline,30,12,18
Wísh,emerald-dream,1126,priest,discipline,36,19,17
Reindharth,quelthalas,1125,priest,discipline,36,12,24
Bröke,nemesis,1122,priest,discipline,30,14,16
Lynnar,stormrage,1121,priest,discipline,42,22,20
Sinnon,turalyon,1121,priest,discipline,24,12,12
Primeevil,black-dragonflight,1119,priest,discipline,24,14,10
Finake,kelthuzad,1116,priest,discipline,18,12,6
Kujox,tichondrius,1116,priest,discipline,35,12,23
Cvstodia,tichondrius,1115,priest,discipline,24,12,12
Jtewatch,zuljin,1114,priest,discipline,18,14,4
Vitalizes,nagrand,1114,priest,discipline,30,13,17
Tetha,fizzcrank,1112,priest,discipline,30,14,16
Libationz,area-52,1110,priest,discipline,90,36,54
Makkima,area-52,1107,priest,discipline,36,14,22
Ickarus,anubarak,1105,priest,discipline,54,26,28
Abbot,zangarmarsh,1105,priest,discipline,120,56,64
Ataraksija,sargeras,1103,priest,discipline,21,13,8
Anäster,ragnaros,1103,priest,discipline,47,24,23
Súlfuro,quelthalas,1103,priest,discipline,83,39,44
Averli,moon-guard,1103,priest,discipline,42,18,24
Tiskka,magtheridon,1103,priest,discipline,32,13,19
Steezyy,black-dragonflight,1102,priest,discipline,36,14,22
Cyphrus,hyjal,1100,priest,discipline,29,12,17
Khamata,kelthuzad,1100,priest,discipline,30,12,18
Goingserious,frostmourne,1099,priest,discipline,51,26,25
Wheresmyvape,tichondrius,1098,priest,discipline,20,13,7
Vákc,quelthalas,1096,priest,discipline,23,12,11
Draiger,quelthalas,1096,priest,discipline,36,14,22
Mcdizzle,bloodscalp,1095,priest,discipline,24,13,11
Lowkii,malfurion,1095,priest,discipline,23,12,11
Novoc,blackhand,1094,priest,discipline,30,15,15
Shaytyme,tichondrius,1094,priest,discipline,34,13,21
Zacksnotcool,sargeras,1090,priest,discipline,33,13,20
Bigdaddyku,hyjal,1088,priest,discipline,34,20,14
Holysmokesx,tichondrius,1087,priest,discipline,22,12,10
Fatherfilth,frostwolf,1086,priest,discipline,30,14,16
Dispelbot,kelthuzad,1085,priest,discipline,52,29,23
Deehilie,illidan,1085,priest,discipline,37,19,18
Vaddaru,kirin-tor,1083,priest,discipline,66,38,28
Slavoj,gurubashi,1083,priest,discipline,29,15,14
Sadury,tichondrius,1081,priest,discipline,47,30,17
Puralux,balnazzar,1080,priest,discipline,24,15,9
Psïren,quelthalas,1070,priest,discipline,24,13,11
Lusch,stormscale,1069,priest,discipline,28,17,11
Miraz,the-venture-co,1067,priest,discipline,17,12,5
Kyoku,tanaris,1067,priest,discipline,23,12,11
Zhaann,kelthuzad,1067,priest,discipline,30,14,16
Twinkmuncher,proudmoore,1065,priest,discipline,25,12,13
Foxyy,wildhammer,1065,priest,discipline,30,12,18
Vahlen,azralon,1062,priest,discipline,23,12,11
Discgolfsux,sargeras,1059,priest,discipline,36,13,23
Praemal,tichondrius,1056,priest,discipline,18,11,7
Psÿçhë,stormrage,1056,priest,discipline,18,11,7
Jmjeezy,tichondrius,1056,priest,discipline,18,11,7
Cazuex,ragnaros,1056,priest,discipline,18,11,7
Ogneus,crushridge,1056,priest,discipline,30,11,19
Naelsaze,tichondrius,1055,priest,discipline,12,11,1
Crucifer,proudmoore,1055,priest,discipline,12,11,1
Canibumsmoke,illidan,1055,priest,discipline,18,11,7
Zins,emerald-dream,1055,priest,discipline,24,11,13
Oghealz,lightnings-blade,1055,priest,discipline,24,11,13
Bòngu,tichondrius,1055,priest,discipline,24,11,13
Tooziq,stormrage,1055,priest,discipline,24,11,13
Turrec,illidan,1054,priest,discipline,12,11,1
Aiss,malganis,1054,priest,discipline,16,12,4
Ãbelladanger,area-52,1054,priest,discipline,18,11,7
Blindingstar,area-52,1054,priest,discipline,18,11,7
Sentactic,illidan,1054,priest,discipline,27,13,14
Datdarnbéar,stormrage,1054,priest,discipline,24,11,13
Dpsmercy,sargeras,1054,priest,discipline,24,11,13
Seriosity,kelthuzad,1054,priest,discipline,24,11,13
Reiae,malganis,1054,priest,discipline,39,12,27
Neverbeen,tichondrius,1053,priest,discipline,12,11,1
Namemetwo,malganis,1053,priest,discipline,18,11,7
Themoon,tichondrius,1053,priest,discipline,18,11,7
Naranjitá,ragnaros,1052,priest,discipline,18,11,7
Antagzy,bleeding-hollow,1052,priest,discipline,18,11,7
ßlackøut,sargeras,1052,priest,discipline,24,11,13
Triangle,draka,1052,priest,discipline,24,11,13
Silkydeath,frostmourne,1052,priest,discipline,24,11,13
Efrem,tichondrius,1051,priest,discipline,54,25,29
Gamist,area-52,1051,priest,discipline,24,11,13
Darkills,tichondrius,1051,priest,discipline,24,11,13
Zarakonna,illidan,1051,priest,discipline,24,11,13
Lumia,quelthalas,1051,priest,discipline,30,11,19
Moopha,zuljin,1050,priest,discipline,12,11,1
Lalight,tichondrius,1050,priest,discipline,30,11,19
Posabilties,bleeding-hollow,1049,priest,discipline,24,11,13
Slippedadisc,kelthuzad,1048,priest,discipline,24,11,13
Jackflashh,hakkar,1047,priest,discipline,78,35,43
Quinnx,tichondrius,1046,priest,discipline,24,11,13
Zeas,moon-guard,1046,priest,discipline,42,15,27
Aud,kiljaeden,1045,priest,discipline,12,11,1
Knez,ragnaros,1045,priest,discipline,18,11,7
Karminha,azralon,1044,priest,discipline,18,11,7
Sixfiggas,darkspear,1044,priest,discipline,18,11,7
Erossenin,proudmoore,1044,priest,discipline,24,11,13
Eneco,alleria,1043,priest,discipline,25,20,5
Lilbabe,stormrage,1043,priest,discipline,24,11,13
Cezanne,tichondrius,1043,priest,discipline,107,47,60
Femalema,tichondrius,1042,priest,discipline,27,13,14
Holyhog,whisperwind,1042,priest,discipline,33,13,20
Dottinu,area-52,1040,priest,discipline,12,11,1
Sendia,hydraxis,1038,priest,discipline,66,31,35
Dalowks,area-52,1038,priest,discipline,30,11,19
Sajahsa,moon-guard,1035,priest,discipline,19,12,7
Gungagingong,queldorei,1035,priest,discipline,18,11,7
Uchihalol,tichondrius,1032,priest,discipline,24,11,13
Geulis,illidan,1030,priest,discipline,65,30,35
Hèáls,tichondrius,1028,priest,discipline,53,25,28
Phonomena,malganis,1028,priest,discipline,24,11,13
Classifiedcc,illidan,1025,priest,discipline,17,12,5
Svrite,area-52,1024,priest,discipline,23,11,12
Bakharftw,nemesis,1023,priest,discipline,28,17,11
Alomari,zuljin,1022,priest,discipline,20,12,8
Astalail,emerald-dream,1022,priest,discipline,22,11,11
Mxd,bleeding-hollow,1021,priest,discipline,20,12,8
Mgfoxxie,scarlet-crusade,1020,priest,discipline,30,12,18
Thadan,uldaman,1019,priest,discipline,24,11,13
Sév,frostmane,1017,priest,discipline,190,89,101
Gðttlich,stormrage,1016,priest,discipline,26,12,14
Eluv,area-52,1016,priest,discipline,24,11,13
Jèf,stormrage,1015,priest,discipline,23,11,12
Nardhead,sargeras,1014,priest,discipline,24,12,12
Profît,stormrage,1014,priest,discipline,24,12,12
Uljinoo,blackwing-lair,1010,priest,discipline,32,13,19
Macoa,zuljin,1009,priest,discipline,36,16,20
Dynopriest,kelthuzad,1007,priest,discipline,29,11,18
Voidwyrm,tichondrius,1006,priest,discipline,36,14,22
Jebadiia,tichondrius,1005,priest,discipline,28,12,16
Safetyy,bleeding-hollow,1003,priest,discipline,23,11,12
Lördgrim,stormrage,1002,priest,discipline,25,13,12
Tikel,ragnaros,1001,priest,discipline,21,11,10
Beefoverload,durotan,1000,priest,discipline,29,13,16
Kerith,ragnaros,995,priest,discipline,22,15,7
Ketone,malganis,995,priest,discipline,57,29,28
Mottsarella,mugthol,993,priest,discipline,48,26,22
Rescueherø,tichondrius,992,priest,discipline,24,14,10
Cilpri,emerald-dream,991,priest,discipline,16,11,5
Zaemyn,dalaran,987,priest,discipline,26,11,15
Gäindalt,tichondrius,979,priest,discipline,17,11,6
Diamontie,tichondrius,977,priest,discipline,26,16,10
Alurand,bleeding-hollow,976,priest,discipline,18,11,7
Chavkoraken,stormrage,976,priest,discipline,32,11,21
Cellestine,aggramar,975,priest,discipline,31,11,20
Tricklee,tichondrius,974,priest,discipline,17,11,6
Fulldesire,dalaran,972,priest,discipline,21,13,8
Steck,illidan,969,priest,discipline,24,11,13
Varbirttok,sargeras,969,priest,discipline,31,12,19
Sharkda,frostmourne,965,priest,discipline,33,17,16
Toastanator,wyrmrest-accord,962,priest,discipline,83,39,44
Tesserak,tichondrius,961,priest,discipline,52,18,34
Swaggie,skullcrusher,960,priest,discipline,12,10,2
Plaguebaby,stormrage,960,priest,discipline,15,11,4
Harlei,tichondrius,960,priest,discipline,18,11,7
Ggwizkaboo,tichondrius,960,priest,discipline,18,10,8
Likehisname,tichondrius,960,priest,discipline,18,10,8
Smitelytius,tichondrius,960,priest,discipline,18,10,8
Shadina,gorefiend,960,priest,discipline,18,10,8
Barley,chogall,960,priest,discipline,18,10,8
Pitayakiller,tichondrius,960,priest,discipline,18,10,8
Bswagxx,illidan,960,priest,discipline,18,10,8
Cheechee,executus,960,priest,discipline,18,10,8
Mimz,trollbane,960,priest,discipline,18,10,8
Belielosong,moon-guard,960,priest,discipline,57,29,28
Summersetisl,tichondrius,960,priest,discipline,24,10,14
Anyra,stormrage,960,priest,discipline,24,10,14
Fotmtrash,the-underbog,960,priest,discipline,24,10,14
Aube,frostmourne,960,priest,discipline,27,10,17
Ppsp,azralon,959,priest,discipline,12,10,2
Rustypinball,bleeding-hollow,959,priest,discipline,12,10,2
Henchwoman,stormrage,959,priest,discipline,12,10,2
Hm,the-scryers,959,priest,discipline,12,10,2
Gamepass,tichondrius,959,priest,discipline,18,10,8
Oduum,tichondrius,959,priest,discipline,18,10,8
Gutrìck,tichondrius,959,priest,discipline,18,10,8
Budlyy,dalaran,959,priest,discipline,18,10,8
Pocket,alleria,959,priest,discipline,18,10,8
Heltor,sargeras,959,priest,discipline,18,10,8
Tshik,ragnaros,959,priest,discipline,24,10,14
Narodiz,nemesis,959,priest,discipline,24,10,14
Mosquito,tichondrius,959,priest,discipline,24,10,14
Johadorr,shadowsong,959,priest,discipline,24,10,14
Bibleblak,stormrage,959,priest,discipline,24,10,14
Stynke,bleeding-hollow,959,priest,discipline,30,10,20
Phrìke,illidan,958,priest,discipline,18,10,8
Leliane,tichondrius,958,priest,discipline,18,10,8
Overpriest,ragnaros,958,priest,discipline,18,10,8
Xävier,farstriders,958,priest,discipline,24,10,14
Rhennythal,tichondrius,958,priest,discipline,24,10,14
Lyrä,kiljaeden,957,priest,discipline,18,10,8
Senpriest,ragnaros,957,priest,discipline,18,10,8
Wilburre,sargeras,957,priest,discipline,18,10,8
Rellington,frostwolf,957,priest,discipline,24,10,14
Xora,frostmourne,957,priest,discipline,30,10,20
Chanyt,azralon,956,priest,discipline,12,10,2
Huck,khazgoroth,955,priest,discipline,18,10,8
Bachaterah,skullcrusher,955,priest,discipline,24,10,14
Chastised,moon-guard,955,priest,discipline,93,30,63
Hanklin,lightnings-blade,954,priest,discipline,18,10,8
Chinsta,tichondrius,954,priest,discipline,24,10,14
Anthoras,stormrage,953,priest,discipline,18,10,8
Flagged,azgalor,953,priest,discipline,24,10,14
Khaleth,suramar,953,priest,discipline,24,10,14
Jessicä,malganis,952,priest,discipline,18,10,8
Nexp,tichondrius,952,priest,discipline,18,10,8
Moomagic,sargeras,952,priest,discipline,30,11,19
Gnralways,andorhal,952,priest,discipline,30,10,20
Atyourcervix,emerald-dream,951,priest,discipline,18,10,8
Daijoubu,lightnings-blade,951,priest,discipline,24,10,14
Webbii,frostmourne,951,priest,discipline,24,10,14
Usmond,azralon,949,priest,discipline,24,10,14
Howdydoo,azshara,949,priest,discipline,31,10,21
Atelios,azralon,948,priest,discipline,12,10,2
Filterz,korgath,948,priest,discipline,24,10,14
Riotgearmd,sargeras,945,priest,discipline,18,10,8
Magicßoy,magtheridon,945,priest,discipline,24,10,14
Throwinshadê,stormrage,944,priest,discipline,72,36,36
Praiz,tichondrius,942,priest,discipline,24,15,9
Sisterdeáth,area-52,938,priest,discipline,24,11,13
Preezoo,tichondrius,932,priest,discipline,30,10,20
Castnngcouch,tichondrius,928,priest,discipline,84,31,53
Toastedheal,stormreaver,927,priest,discipline,20,11,9
Kauldër,illidan,924,priest,discipline,23,10,13
Luxah,bloodhoof,911,priest,discipline,15,11,4
Mando,area-52,911,priest,discipline,20,12,8
Kitenix,proudmoore,911,priest,discipline,29,10,19
Brock,lightbringer,905,priest,discipline,27,11,16
Ðanté,the-venture-co,904,priest,discipline,22,13,9
Kuell,ragnaros,904,priest,discipline,20,11,9
Eluko,tichondrius,904,priest,discipline,21,11,10
Haø,stormrage,902,priest,discipline,21,10,11
Tootsieroll,dark-iron,901,priest,discipline,23,10,13
Sätîvá,tichondrius,895,priest,discipline,20,10,10
Paidtowin,frostmourne,895,priest,discipline,26,10,16
Fujinpriest,azralon,894,priest,discipline,28,10,18
Tezcatyo,area-52,891,priest,discipline,17,10,7
Serana,maelstrom,882,priest,discipline,89,45,44
Khinthazin,barthilas,878,priest,discipline,42,20,22
Dotsfortots,malfurion,878,priest,discipline,23,10,13
Crutch,blackhand,864,priest,discipline,12,9,3
Néy,illidan,864,priest,discipline,12,9,3
Arfaxad,quelthalas,864,priest,discipline,12,9,3
Gillette,thunderlord,864,priest,discipline,12,9,3
Squiddyjr,tichondrius,864,priest,discipline,12,9,3
Exøtic,tichondrius,864,priest,discipline,12,9,3
Marcalus,garrosh,864,priest,discipline,15,9,6
Zlowbly,ragnaros,864,priest,discipline,18,9,9
Gekko,azgalor,864,priest,discipline,18,9,9
Challengerz,suramar,864,priest,discipline,18,9,9
Sinnskløft,tichondrius,864,priest,discipline,18,9,9
Healthyadult,zuluhed,864,priest,discipline,18,9,9
Arcmage,malganis,864,priest,discipline,18,9,9
Hyoeun,dragonmaw,864,priest,discipline,18,9,9
Cinnalite,darkspear,864,priest,discipline,18,9,9
Ilovedailies,frostmourne,864,priest,discipline,18,9,9
Holyster,tichondrius,864,priest,discipline,18,9,9
Phurbosjr,sargeras,864,priest,discipline,18,9,9
Biggunsaint,icecrown,864,priest,discipline,18,9,9
Peelforheals,nordrassil,864,priest,discipline,18,9,9
Lostmind,malganis,864,priest,discipline,24,9,15
Dasaq,sargeras,864,priest,discipline,24,9,15
Voidgames,area-52,864,priest,discipline,24,9,15
Soulcleave,dark-iron,864,priest,discipline,24,9,15
Luwoona,tichondrius,864,priest,discipline,24,9,15
Qipriest,tichondrius,864,priest,discipline,36,9,27
Djxkidrock,moon-guard,863,priest,discipline,12,9,3
Jhivagosp,tichondrius,863,priest,discipline,12,9,3
Dachenchen,tichondrius,863,priest,discipline,12,9,3
Helleamh,tichondrius,863,priest,discipline,12,9,3
Stroserous,hyjal,863,priest,discipline,12,9,3
Davinatrans,azralon,863,priest,discipline,12,9,3
Starpass,illidan,863,priest,discipline,12,9,3
Oprst,tichondrius,863,priest,discipline,18,9,9
Fugazy,barthilas,863,priest,discipline,18,9,9
Forsakenz,jaedenar,863,priest,discipline,18,9,9
Exploded,moon-guard,863,priest,discipline,18,9,9
Digop,azralon,863,priest,discipline,18,9,9
Iamrisen,tichondrius,863,priest,discipline,18,9,9
Galestick,illidan,863,priest,discipline,18,9,9
Pryst,bonechewer,863,priest,discipline,18,9,9
Frotters,kiljaeden,863,priest,discipline,18,9,9
Stormìst,korgath,862,priest,discipline,12,9,3
Defilex,tichondrius,862,priest,discipline,12,9,3
Ppomx,tichondrius,862,priest,discipline,18,9,9
Absørptiøn,area-52,862,priest,discipline,18,9,9
Dokthekim,frostmourne,862,priest,discipline,18,9,9
Redclover,tichondrius,862,priest,discipline,18,9,9
Rondrica,stormscale,862,priest,discipline,18,9,9
Miaria,chogall,862,priest,discipline,18,9,9
Easypriest,tichondrius,862,priest,discipline,18,9,9
Satanshealer,terokkar,862,priest,discipline,18,9,9
Supski,destromath,862,priest,discipline,18,9,9
Tyrea,kiljaeden,862,priest,discipline,18,9,9
Lacerating,illidan,862,priest,discipline,18,9,9
Padragon,tichondrius,862,priest,discipline,24,9,15
Sinnertitanz,quelthalas,861,priest,discipline,18,9,9
Dipadre,azralon,861,priest,discipline,18,9,9
Ayakoji,proudmoore,861,priest,discipline,24,9,15
Blinxed,tichondrius,861,priest,discipline,24,9,15
Séraphin,proudmoore,860,priest,discipline,19,11,8
Imcringing,illidan,860,priest,discipline,18,9,9
Bingleboi,area-52,860,priest,discipline,20,9,11
Chkashaa,emerald-dream,859,priest,discipline,18,9,9
Moresbo,frostmourne,859,priest,discipline,18,9,9
Misfyt,emerald-dream,859,priest,discipline,24,9,15
Divinity,hellscream,858,priest,discipline,24,9,15
Gurkorr,boulderfist,857,priest,discipline,24,9,15
Caiitlynn,quelthalas,856,priest,discipline,24,9,15
Eîr,tichondrius,856,priest,discipline,30,9,21
Igotdots,scilla,854,priest,discipline,42,18,24
Coachbombae,tichondrius,853,priest,discipline,12,9,3
Mangoes,scilla,853,priest,discipline,20,9,11
Menorsita,tichondrius,853,priest,discipline,24,9,15
Zolibeth,azshara,851,priest,discipline,12,9,3
Whitegirlirl,blackrock,850,priest,discipline,12,9,3
Brahskeet,illidan,841,priest,discipline,30,9,21
Thelonioüs,tichondrius,832,priest,discipline,55,20,35
Rockrock,zuljin,831,priest,discipline,14,11,3
Rigityrekt,aggramar,831,priest,discipline,12,9,3
Onineko,bleeding-hollow,830,priest,discipline,23,9,14
Curachon,darkspear,816,priest,discipline,45,9,36
Googolplex,tichondrius,815,priest,discipline,15,10,5
Faxingberlin,sargeras,814,priest,discipline,29,9,20
Shadowdeathx,bleeding-hollow,813,priest,discipline,17,9,8
Lilbabynaga,stormrage,808,priest,discipline,21,10,11
Wellheeled,norgannon,806,priest,discipline,21,9,12
Painpaws,moon-guard,800,priest,discipline,16,9,7
Slaac,malfurion,799,priest,discipline,17,9,8
Aladdinlol,tichondrius,799,priest,discipline,28,9,19
Ðrip,burning-legion,796,priest,discipline,16,9,7
Unholydomina,zuljin,794,priest,discipline,15,9,6
Cityboyy,tichondrius,784,priest,discipline,19,9,10
Deusthanatos,medivh,783,priest,discipline,23,9,14
Gurlyounasty,khazgoroth,782,priest,discipline,20,9,11
Voidwulf,azgalor,776,priest,discipline,77,38,39
Caz,sargeras,775,priest,discipline,24,12,12
Blesstwo,ragnaros,768,priest,discipline,12,8,4
Airalia,bleeding-hollow,768,priest,discipline,12,8,4
Csjy,illidan,768,priest,discipline,12,8,4
Evèlyn,dathremar,768,priest,discipline,12,8,4
Voltekkeh,tichondrius,768,priest,discipline,12,8,4
Lovesthebox,frostmourne,768,priest,discipline,12,8,4
Yansuanmu,tichondrius,768,priest,discipline,12,8,4
Wholeness,kelthuzad,768,priest,discipline,12,8,4
Heeka,kelthuzad,768,priest,discipline,12,8,4
Discipline,the-scryers,768,priest,discipline,12,8,4
Spriestbro,emerald-dream,768,priest,discipline,12,8,4
Criiltwo,area-52,768,priest,discipline,12,8,4
Müsic,stormrage,768,priest,discipline,12,8,4
Myòvó,tichondrius,768,priest,discipline,12,8,4
Joeyslaps,frostwolf,768,priest,discipline,12,8,4
Censyz,tichondrius,768,priest,discipline,12,8,4
Curney,stormrage,768,priest,discipline,12,8,4
Ñightelf,area-52,768,priest,discipline,12,8,4
Saintpleb,sargeras,768,priest,discipline,12,8,4
Soupbean,zuljin,768,priest,discipline,12,8,4
Bananass,sargeras,768,priest,discipline,12,8,4
Tastyloads,illidan,768,priest,discipline,12,8,4
Soloqqt,tichondrius,768,priest,discipline,12,8,4
Testzpriests,dalaran,768,priest,discipline,12,8,4
Sotore,bleeding-hollow,768,priest,discipline,18,8,10
Dojacatx,frostmourne,768,priest,discipline,18,8,10
Melielectra,tichondrius,768,priest,discipline,18,8,10
Troja,malganis,768,priest,discipline,18,8,10
Kck,sentinels,768,priest,discipline,18,8,10
Voidrisu,sargeras,768,priest,discipline,18,8,10
Shadowchaos,malganis,768,priest,discipline,18,8,10
Gödtier,frostwolf,768,priest,discipline,18,8,10
Papafajita,area-52,768,priest,discipline,18,8,10
Vsat,illidan,768,priest,discipline,18,8,10
Waggers,moon-guard,768,priest,discipline,18,8,10
Ggsaurusrex,area-52,768,priest,discipline,18,8,10
Aikinorz,tichondrius,768,priest,discipline,18,8,10
Diwara,ragnaros,768,priest,discipline,18,8,10
Smiliebomb,tichondrius,768,priest,discipline,18,8,10
Sussywussy,stormrage,768,priest,discipline,18,8,10
Manbelow,bleeding-hollow,768,priest,discipline,27,9,18
Robdàwg,illidan,768,priest,discipline,24,8,16
Melshiesty,stormrage,768,priest,discipline,24,8,16
Archeo,area-52,768,priest,discipline,24,8,16
Dylan,shuhalo,768,priest,discipline,24,8,16
Hugeshield,stormrage,768,priest,discipline,24,8,16
Silnetlee,tichondrius,767,priest,discipline,12,8,4
Lucènt,frostmourne,767,priest,discipline,12,8,4
Ryuuka,sargeras,767,priest,discipline,12,8,4
Lelyna,stormrage,767,priest,discipline,12,8,4
Iulu,doomhammer,767,priest,discipline,12,8,4
Jjløver,tichondrius,767,priest,discipline,12,8,4
Icônz,malganis,767,priest,discipline,12,8,4
Elkies,area-52,767,priest,discipline,12,8,4
Kencyy,tichondrius,767,priest,discipline,12,8,4
Zarfel,ragnaros,767,priest,discipline,12,8,4
Jabreez,illidan,767,priest,discipline,12,8,4
Shinemyhead,stormrage,767,priest,discipline,12,8,4
Discobluntzz,tichondrius,767,priest,discipline,12,8,4
Rainny,proudmoore,767,priest,discipline,12,8,4
Alarisa,chogall,767,priest,discipline,12,8,4
Javox,drakkari,767,priest,discipline,12,8,4
Urgetopurge,dunemaul,767,priest,discipline,12,8,4
Powerranger,senjin,767,priest,discipline,12,8,4
Analiesa,moon-guard,767,priest,discipline,18,8,10
Hellsembrace,lightbringer,767,priest,discipline,18,8,10
Zyklonova,frostmourne,767,priest,discipline,18,8,10
Kinkypriest,tichondrius,767,priest,discipline,18,8,10
Therialjp,ragnaros,767,priest,discipline,18,8,10
Celf,ragnaros,767,priest,discipline,18,8,10
Ohgiddy,dalaran,767,priest,discipline,18,8,10
Datspice,stormrage,767,priest,discipline,18,8,10
Fatherdan,blackrock,767,priest,discipline,24,8,16
Manryu,tichondrius,767,priest,discipline,24,8,16
Healmegently,bonechewer,767,priest,discipline,24,8,16
Yürika,emerald-dream,767,priest,discipline,24,8,16
Èuneekz,thrall,767,priest,discipline,24,8,16
Zørb,area-52,766,priest,discipline,12,8,4
Xhaajyh,area-52,766,priest,discipline,12,8,4
Ðåmìéñ,tichondrius,766,priest,discipline,12,8,4
Juniorfloyd,tichondrius,766,priest,discipline,12,8,4
Dorós,coilfang,766,priest,discipline,12,8,4
Spriest,kul-tiras,766,priest,discipline,18,8,10
Gõd,zuluhed,766,priest,discipline,18,8,10
Pollyphia,kiljaeden,765,priest,discipline,12,8,4
Bandaidvibes,tichondrius,765,priest,discipline,12,8,4
Unfriend,sargeras,765,priest,discipline,18,8,10
Healrat,thrall,764,priest,discipline,18,8,10
Lätöxïkä,alleria,763,priest,discipline,17,8,9
Rókue,silvermoon,763,priest,discipline,18,8,10
Squatrack,tichondrius,763,priest,discipline,24,8,16
Badazzfrank,tichondrius,762,priest,discipline,18,8,10
Fluxus,sargeras,760,priest,discipline,12,8,4
Whitepi,tichondrius,751,priest,discipline,21,9,12
Peacebewithu,echo-isles,749,priest,discipline,12,8,4
Iseeyoulookn,stormrage,743,priest,discipline,23,10,13
Sölemn,barthilas,741,priest,discipline,28,11,17
Pokebox,frostmourne,735,priest,discipline,16,8,8
Itssehctap,chogall,732,priest,discipline,14,9,5
Skall,kirin-tor,729,priest,discipline,23,8,15
Bradythree,moon-guard,720,priest,discipline,15,8,7
Muhfinx,tichondrius,719,priest,discipline,11,8,3
Invoice,bloodscalp,719,priest,discipline,17,8,9
Vtp,frostmourne,719,priest,discipline,17,8,9
Holypuffs,burning-legion,719,priest,discipline,17,8,9
Pðpë,area-52,718,priest,discipline,11,8,3
Clarity,arthas,718,priest,discipline,15,9,6
Inmøthep,ragnaros,713,priest,discipline,22,9,13
Trashdiscx,stormrage,707,priest,discipline,25,11,14
Azrïel,mannoroth,700,priest,discipline,17,8,9
Styléßéndérx,illidan,687,priest,discipline,11,8,3
Läsombra,area-52,684,priest,discipline,17,9,8
Termiina,hyjal,684,priest,discipline,25,8,17
Sadsadge,sargeras,672,priest,discipline,12,7,5
Fäÿë,tichondrius,672,priest,discipline,12,7,5
Apâthy,area-52,672,priest,discipline,12,7,5
Hypes,korgath,672,priest,discipline,12,7,5
Anmu,illidan,672,priest,discipline,12,7,5
Taboogie,tichondrius,672,priest,discipline,12,7,5
Littlehcl,tichondrius,672,priest,discipline,12,7,5
Washdp,frostmourne,672,priest,discipline,12,7,5
Greyx,moon-guard,672,priest,discipline,12,7,5
Iol,spinebreaker,672,priest,discipline,12,7,5
Fukneasy,darkspear,672,priest,discipline,12,7,5
Sylvphrena,stormrage,672,priest,discipline,12,7,5
Marethelia,stonemaul,672,priest,discipline,12,7,5
Kiriko,mannoroth,672,priest,discipline,12,7,5
Ffej,bleeding-hollow,672,priest,discipline,12,7,5
Vaticly,hyjal,672,priest,discipline,12,7,5
Kencys,tichondrius,672,priest,discipline,12,7,5
Skcits,sargeras,672,priest,discipline,12,7,5
Raivn,illidan,672,priest,discipline,12,7,5
Kymomeh,sargeras,672,priest,discipline,12,7,5
Bigchalupaz,sargeras,672,priest,discipline,12,7,5
Sentenel,duskwood,672,priest,discipline,12,7,5
Littleshower,illidan,672,priest,discipline,12,7,5
Dráugr,ragnaros,672,priest,discipline,12,7,5
Neuroflex,proudmoore,672,priest,discipline,12,7,5
Buhroketwo,thrall,672,priest,discipline,12,7,5
Nosgoróth,quelthalas,672,priest,discipline,12,7,5
Clevelandboy,blackrock,672,priest,discipline,12,7,5
Vels,blackrock,672,priest,discipline,12,7,5
Kazgry,illidan,672,priest,discipline,12,7,5
Walpurgis,skywall,672,priest,discipline,12,7,5
Carboload,thrall,672,priest,discipline,12,7,5
Dirtydebbie,lightnings-blade,672,priest,discipline,12,7,5
Teiam,skullcrusher,672,priest,discipline,12,7,5
Thewaker,tichondrius,672,priest,discipline,12,7,5
Sibble,boulderfist,672,priest,discipline,12,7,5
Siddhar,illidan,672,priest,discipline,13,7,6
Tîg,nemesis,672,priest,discipline,15,7,8
Dawgshiz,tichondrius,672,priest,discipline,16,7,9
Meepsw,stormrage,672,priest,discipline,18,7,11
Dakp,sargeras,672,priest,discipline,18,7,11
Louisé,hydraxis,672,priest,discipline,18,7,11
Jugeum,proudmoore,672,priest,discipline,18,7,11
Joeybats,frostwolf,672,priest,discipline,18,7,11
Rigotakx,illidan,672,priest,discipline,18,7,11
Iwillrezguys,tichondrius,672,priest,discipline,18,7,11
Dawnsy,arygos,672,priest,discipline,18,7,11
Aryeinna,illidan,672,priest,discipline,18,7,11
Glöws,area-52,672,priest,discipline,18,7,11
Dippyboi,whisperwind,672,priest,discipline,18,7,11
Xayda,area-52,672,priest,discipline,18,7,11
Mastahspell,illidan,672,priest,discipline,18,7,11
Stríkes,emerald-dream,672,priest,discipline,24,7,17
Howiecakes,bloodhoof,672,priest,discipline,24,7,17
Horzp,bleeding-hollow,672,priest,discipline,24,7,17
Lamont,archimonde,672,priest,discipline,24,7,17
Honypot,ysondre,671,priest,discipline,12,7,5
Methodist,sargeras,671,priest,discipline,12,7,5
Lightschosen,malganis,671,priest,discipline,12,7,5
Hobbs,trollbane,671,priest,discipline,12,7,5
Zarfs,burning-blade,671,priest,discipline,12,7,5
Debigheal,stormrage,671,priest,discipline,12,7,5
Popeofdope,queldorei,671,priest,discipline,12,7,5
Unholyio,barthilas,671,priest,discipline,12,7,5
Bakerstr,tichondrius,671,priest,discipline,12,7,5
Travakel,proudmoore,671,priest,discipline,12,7,5
Bombinburbon,durotan,671,priest,discipline,12,7,5
Xiöm,quelthalas,671,priest,discipline,12,7,5
Lucsor,malganis,671,priest,discipline,12,7,5
Discbubbles,moonrunner,671,priest,discipline,12,7,5
Trinidy,illidan,671,priest,discipline,12,7,5
Worthy,runetotem,671,priest,discipline,12,7,5
Clerkbum,emerald-dream,671,priest,discipline,12,7,5
Fatherjerry,kiljaeden,671,priest,discipline,12,7,5
Nenemsis,drakkari,671,priest,discipline,12,7,5
Beocca,nerzhul,671,priest,discipline,12,7,5
Linlight,stormrage,671,priest,discipline,12,7,5
Mahelet,drakkari,671,priest,discipline,12,7,5
Galaxypepe,medivh,671,priest,discipline,12,7,5
Arodar,wyrmrest-accord,671,priest,discipline,12,7,5
Jeremey,darkspear,671,priest,discipline,12,7,5
Demonwizard,sargeras,671,priest,discipline,12,7,5
Maenard,emerald-dream,671,priest,discipline,12,7,5
Randomheal,dunemaul,671,priest,discipline,18,7,11
Adofthealer,illidan,671,priest,discipline,18,7,11
Vania,tortheldrin,671,priest,discipline,18,7,11
Elexy,tichondrius,671,priest,discipline,18,7,11
ßoogey,tichondrius,671,priest,discipline,18,7,11
Sreykalip,frostmourne,671,priest,discipline,18,7,11
Shastyr,tichondrius,671,priest,discipline,24,7,17
Jeresh,sargeras,671,priest,discipline,36,7,29
Evpray,area-52,670,priest,discipline,9,8,1
Thrudarkness,thrall,670,priest,discipline,12,7,5
Jivita,lightbringer,670,priest,discipline,12,7,5
Fesix,akama,670,priest,discipline,12,7,5
Samsunglions,tichondrius,670,priest,discipline,12,7,5
Happydot,stormrage,670,priest,discipline,12,7,5
Antìdote,tichondrius,670,priest,discipline,12,7,5
Londog,vashj,670,priest,discipline,12,7,5
Donus,frostmane,670,priest,discipline,12,7,5
Kaeshia,proudmoore,670,priest,discipline,12,7,5
Panelopie,maiev,670,priest,discipline,12,7,5
Angelicduck,illidan,670,priest,discipline,12,7,5
Xð,jubeithos,670,priest,discipline,12,7,5
Spiceenjoyer,emerald-dream,670,priest,discipline,15,8,7
Feelmyheels,frostmourne,669,priest,discipline,12,7,5
Donoras,ursin,669,priest,discipline,12,7,5
Exsufficate,frostmourne,669,priest,discipline,13,7,6
Gabryanna,emerald-dream,669,priest,discipline,18,7,11
Jikoguu,stormscale,669,priest,discipline,24,7,17
Nielic,arygos,668,priest,discipline,12,7,5
Albertth,ragnaros,668,priest,discipline,18,7,11
Butterblessr,thunderlord,668,priest,discipline,19,7,12
Mortecraft,sargeras,666,priest,discipline,12,7,5
Tenet,stormscale,666,priest,discipline,18,7,11
Trustheals,tichondrius,665,priest,discipline,12,7,5
Crossblesser,alleria,663,priest,discipline,12,7,5
Alterboy,garrosh,658,priest,discipline,12,7,5
Sinthe,stormrage,655,priest,discipline,12,8,4
Neutrino,quelthalas,655,priest,discipline,17,7,10
Rcx,sargeras,655,priest,discipline,17,7,10
Ohsop,chogall,640,priest,discipline,16,7,9
Creamedcorn,tichondrius,639,priest,discipline,11,7,4
Spicer,eredar,639,priest,discipline,11,7,4
Sofluffy,burning-blade,638,priest,discipline,17,7,10
Lalo,bleeding-hollow,638,priest,discipline,23,7,16
Fumes,ghostlands,638,priest,discipline,24,7,17
Jeffo,baelgun,636,priest,discipline,17,7,10
Futatsi,zuljin,634,priest,discipline,23,7,16
Aerîs,magtheridon,633,priest,discipline,28,8,20
Briefs,stormrage,624,priest,discipline,9,8,1
Swagacious,malganis,624,priest,discipline,13,8,5
Holysmegma,dreadmaul,623,priest,discipline,11,7,4
Archcerion,stormreaver,621,priest,discipline,15,8,7
Ivf,darrowmere,618,priest,discipline,23,9,14
Methodist,proudmoore,618,priest,discipline,22,8,14
Youngboys,stormreaver,617,priest,discipline,17,11,6
Wöödy,area-52,617,priest,discipline,19,8,11
Forober,queldorei,616,priest,discipline,37,13,24
Arzaei,quelthalas,608,priest,discipline,16,7,9
Åffliction,sargeras,607,priest,discipline,11,7,4
Meatguzzler,tichondrius,607,priest,discipline,11,7,4
Astroluma,illidan,607,priest,discipline,17,7,10
Played,dark-iron,607,priest,discipline,26,7,19
Pyta,frostmourne,606,priest,discipline,14,7,7
Codiroli,tichondrius,606,priest,discipline,14,7,7
Forprophet,proudmoore,606,priest,discipline,22,7,15
Dreamskull,aegwynn,605,priest,discipline,14,7,7
Fashion,bleeding-hollow,576,priest,discipline,6,6,0
Càptain,moon-guard,576,priest,discipline,6,6,0
Porffy,malygos,576,priest,discipline,6,6,0
Thirddps,illidan,576,priest,discipline,6,6,0
Eudog,zuljin,576,priest,discipline,6,6,0
Delai,dalaran,576,priest,discipline,6,6,0
Wizeau,dalaran,576,priest,discipline,6,6,0
Syndrox,kelthuzad,576,priest,discipline,6,6,0
Zygotes,tichondrius,576,priest,discipline,6,6,0
Septmoon,tichondrius,576,priest,discipline,6,6,0
Euphotic,tichondrius,576,priest,discipline,6,6,0
Pastapizza,zuljin,576,priest,discipline,6,6,0
Eldoras,zuljin,576,priest,discipline,6,6,0
Wøah,stormrage,576,priest,discipline,12,6,6
Nikkazul,drakkari,576,priest,discipline,12,6,6
Wodpriestx,stormrage,576,priest,discipline,12,6,6
Napr,proudmoore,576,priest,discipline,12,6,6
Bhoyka,ragnaros,576,priest,discipline,12,6,6
Ultradumb,ragnaros,576,priest,discipline,12,6,6
Saelomism,frostmourne,576,priest,discipline,12,6,6
Hiraa,frostmourne,576,priest,discipline,12,6,6
Janna,jubeithos,576,priest,discipline,12,6,6
Bloodfaith,stormrage,576,priest,discipline,12,6,6
Spacecowboyz,stormrage,576,priest,discipline,12,6,6
Purpskurp,stormrage,576,priest,discipline,12,6,6
Neep,turalyon,576,priest,discipline,12,6,6
Randompreest,stormrage,576,priest,discipline,12,6,6
Decades,moon-guard,576,priest,discipline,12,6,6
Darkinfusion,illidan,576,priest,discipline,12,6,6
Lisau,tichondrius,576,priest,discipline,12,6,6
Cency,tichondrius,576,priest,discipline,12,6,6
Bladam,bleeding-hollow,576,priest,discipline,12,6,6
Teddyy,tichondrius,576,priest,discipline,12,6,6
Xiaochenchen,tichondrius,576,priest,discipline,12,6,6
Wabie,illidan,576,priest,discipline,12,6,6
Bigsàd,proudmoore,576,priest,discipline,12,6,6
Glitterballs,khazgoroth,576,priest,discipline,12,6,6
Epik,moknathal,576,priest,discipline,12,6,6
Ilovemia,zuljin,576,priest,discipline,12,6,6
Tuxen,wyrmrest-accord,576,priest,discipline,12,6,6
Drerrdaytv,kelthuzad,576,priest,discipline,12,6,6
Kencyx,tichondrius,576,priest,discipline,12,6,6
Mthwz,tichondrius,576,priest,discipline,12,6,6
Aloxc,drakkari,576,priest,discipline,12,6,6
Fatherjohnny,azuremyst,576,priest,discipline,12,6,6
Celypriest,moon-guard,576,priest,discipline,12,6,6
Flarkyllama,area-52,576,priest,discipline,12,6,6
Physics,frostmane,576,priest,discipline,12,6,6
Jimmythedon,mugthol,576,priest,discipline,12,6,6
Syncope,garona,576,priest,discipline,12,6,6
Prostrat,deathwing,576,priest,discipline,12,6,6
Moselol,tichondrius,576,priest,discipline,12,6,6
Barrenbuffet,zuljin,576,priest,discipline,12,6,6
Vundead,tichondrius,576,priest,discipline,12,6,6
Cäpriestsunn,thrall,576,priest,discipline,12,6,6
Wv,kelthuzad,576,priest,discipline,12,6,6
Nokzo,dalaran,576,priest,discipline,12,6,6
Jùdas,ravencrest,576,priest,discipline,12,6,6
Padrë,tichondrius,576,priest,discipline,12,6,6
Trezz,hakkar,576,priest,discipline,12,6,6
Lemmiewinkzx,sargeras,576,priest,discipline,12,6,6
Azurestorm,tichondrius,576,priest,discipline,12,6,6
Shoepooper,kelthuzad,576,priest,discipline,12,6,6
Scripture,stormreaver,576,priest,discipline,12,6,6
Nelfpriest,khadgar,576,priest,discipline,12,6,6
Pissfeet,tichondrius,576,priest,discipline,12,6,6
Stankychimpo,malganis,576,priest,discipline,12,6,6
Metius,smolderthorn,576,priest,discipline,12,6,6
Thelastfight,frostmourne,576,priest,discipline,12,6,6
Redkiwi,illidan,576,priest,discipline,12,6,6
Deathlullaby,malganis,576,priest,discipline,12,6,6
Zerola,sargeras,576,priest,discipline,12,6,6
Jpgpng,tichondrius,576,priest,discipline,12,6,6
Tamzy,eredar,576,priest,discipline,12,6,6
Ariste,tichondrius,576,priest,discipline,12,6,6
Slobmygnob,illidan,576,priest,discipline,12,6,6
Nisagerx,tichondrius,576,priest,discipline,12,6,6
Imfresh,illidan,576,priest,discipline,12,6,6
Punchyxz,illidan,576,priest,discipline,12,6,6
Kawasakix,tichondrius,576,priest,discipline,12,6,6
Saintjpii,tichondrius,576,priest,discipline,12,6,6
Repriest,malganis,576,priest,discipline,18,6,12
Ancilx,area-52,576,priest,discipline,18,6,12
Jiedx,tichondrius,576,priest,discipline,18,6,12
Dgpriest,tichondrius,576,priest,discipline,18,6,12
Synaptikk,proudmoore,576,priest,discipline,18,6,12
Fartnutts,dalaran,576,priest,discipline,18,6,12
Priestmass,dalaran,576,priest,discipline,18,6,12
Keepsleepin,stormrage,576,priest,discipline,18,6,12
Çørrúptíøñz,tichondrius,576,priest,discipline,18,6,12
Peaky,moonrunner,576,priest,discipline,18,6,12
Chernota,kiljaeden,576,priest,discipline,18,6,12
Sandelios,aggramar,576,priest,discipline,18,6,12
Hårper,area-52,576,priest,discipline,18,6,12
Ärchangél,tichondrius,576,priest,discipline,18,6,12
Slthrysnake,area-52,576,priest,discipline,18,6,12
Mylà,ragnaros,576,priest,discipline,20,6,14
Felixfire,moon-guard,576,priest,discipline,24,6,18
Drupith,dalaran,576,priest,discipline,24,6,18
Nachòs,wildhammer,575,priest,discipline,6,6,0
Kephrek,eonar,575,priest,discipline,6,6,0
Astrìx,tichondrius,575,priest,discipline,6,6,0
Wickedmoon,emerald-dream,575,priest,discipline,12,6,6
Demimo,frostwolf,575,priest,discipline,12,6,6
Lúçíd,sargeras,575,priest,discipline,12,6,6
Silveri,thrall,575,priest,discipline,12,6,6
Göats,emerald-dream,575,priest,discipline,12,6,6
Exanthrope,stormrage,575,priest,discipline,12,6,6
Ðelight,ragnaros,575,priest,discipline,12,6,6
Discotecno,tichondrius,575,priest,discipline,12,6,6
Moarhaste,kelthuzad,575,priest,discipline,12,6,6
Kajagoogoö,emerald-dream,575,priest,discipline,12,6,6
Mortaroth,doomhammer,575,priest,discipline,12,6,6
Aybaby,kiljaeden,575,priest,discipline,12,6,6
Pacopriest,tichondrius,575,priest,discipline,12,6,6
Imhotap,illidan,575,priest,discipline,12,6,6
Aloragon,tichondrius,575,priest,discipline,12,6,6
Aanora,illidan,575,priest,discipline,12,6,6
Threlad,elune,575,priest,discipline,12,6,6
Brahmin,nazjatar,575,priest,discipline,12,6,6
Jeraphìm,tichondrius,575,priest,discipline,12,6,6
Peeinbottles,stormrage,575,priest,discipline,16,7,9
Biltpeter,tichondrius,575,priest,discipline,15,6,9
Flexxwzkaboo,thrall,575,priest,discipline,18,6,12
Feløre,quelthalas,574,priest,discipline,10,7,3
Cast,bronzebeard,574,priest,discipline,18,6,12
Spellpower,azralon,574,priest,discipline,18,6,12
Papadarkness,tichondrius,574,priest,discipline,24,6,18
Reilean,sargeras,573,priest,discipline,12,6,6
Prebruisz,baelgun,573,priest,discipline,12,6,6
Ságrádá,area-52,573,priest,discipline,12,6,6
Pharaoh,deathwing,573,priest,discipline,12,6,6
Lookfig,frostmourne,573,priest,discipline,18,6,12
Frostslime,area-52,573,priest,discipline,18,6,12
Bigchip,sargeras,573,priest,discipline,24,6,18
Antiraus,aerie-peak,571,priest,discipline,12,6,6
Clergy,arthas,571,priest,discipline,12,6,6
Thøt,malganis,570,priest,discipline,12,6,6
Jaster,proudmoore,570,priest,discipline,14,6,8
Cravex,stormrage,569,priest,discipline,12,6,6
Antipreist,bonechewer,567,priest,discipline,12,6,6
Crossbones,cenarion-circle,566,priest,discipline,12,6,6
Emmarîl,sargeras,559,priest,discipline,17,6,11
Timeglass,kelthuzad,558,priest,discipline,11,6,5
Rymzxx,ragnaros,555,priest,discipline,13,7,6
Matafuka,ragnaros,543,priest,discipline,10,7,3
Baali,moon-guard,543,priest,discipline,11,6,5
Earface,blades-edge,543,priest,discipline,14,7,7
Awaken,nerzhul,543,priest,discipline,17,6,11
Harborcoat,whisperwind,542,priest,discipline,17,6,11
Itxo,quelthalas,540,priest,discipline,10,7,3
Thekingheals,draenor,537,priest,discipline,22,10,12
Moonlightx,destromath,528,priest,discipline,9,7,2
Lesserfaith,sargeras,528,priest,discipline,15,6,9
Nuvea,tichondrius,528,priest,discipline,15,6,9
Dotdotdead,earthen-ring,522,priest,discipline,16,7,9
Ethari,crushridge,520,priest,discipline,21,7,14
Chapitä,drakkari,512,priest,discipline,10,6,4
Swapsy,illidan,511,priest,discipline,11,6,5
Oneinurdome,moknathal,511,priest,discipline,14,6,8
Lilmad,stormrage,511,priest,discipline,20,6,14
Moneymurph,blackrock,511,priest,discipline,26,6,20
Athzziry,ragnaros,507,priest,discipline,15,6,9
Jerserra,emerald-dream,480,priest,discipline,6,5,1
Çøçø,tichondrius,480,priest,discipline,6,5,1
Subvert,zuljin,480,priest,discipline,6,5,1
Jinforever,tichondrius,480,priest,discipline,6,5,1
Xîîaotong,tichondrius,480,priest,discipline,6,5,1
Phantømz,zuljin,480,priest,discipline,6,5,1
Lildubs,bloodhoof,480,priest,discipline,6,5,1
Aetonyx,anvilmar,480,priest,discipline,6,5,1
Bulleitrye,emerald-dream,480,priest,discipline,6,5,1
Despairx,tichondrius,480,priest,discipline,6,5,1
Sixnoh,moonrunner,480,priest,discipline,6,5,1
Laggytwodope,tichondrius,480,priest,discipline,6,5,1
Privx,bleeding-hollow,480,priest,discipline,6,5,1
Akkassha,zuljin,480,priest,discipline,6,5,1
Elimix,frostmourne,480,priest,discipline,6,5,1
Unholyshield,frostmourne,480,priest,discipline,6,5,1
Eneldz,quelthalas,480,priest,discipline,6,5,1
Hateutoo,sargeras,480,priest,discipline,6,5,1
Afflickzz,kelthuzad,480,priest,discipline,6,5,1
Nawtyforever,tichondrius,480,priest,discipline,6,5,1
Grizzblessed,sargeras,480,priest,discipline,6,5,1
Stegp,kelthuzad,480,priest,discipline,6,5,1
Kebab,tichondrius,480,priest,discipline,6,5,1
Antts,tichondrius,480,priest,discipline,6,5,1
Kiloe,tichondrius,480,priest,discipline,6,5,1
Azari,illidan,480,priest,discipline,6,5,1
Vérse,stormrage,480,priest,discipline,12,5,7
Djc,tichondrius,480,priest,discipline,12,5,7
Jackymv,kelthuzad,480,priest,discipline,12,5,7
Alleeyy,tichondrius,480,priest,discipline,12,5,7
Altaeres,tichondrius,480,priest,discipline,12,5,7
Jacqueline,tichondrius,480,priest,discipline,12,5,7
Ajxoz,thrall,480,priest,discipline,12,5,7
Ptam,tichondrius,480,priest,discipline,12,5,7
Gránd,emerald-dream,480,priest,discipline,12,5,7
Matics,tichondrius,480,priest,discipline,12,5,7
Vyrah,area-52,480,priest,discipline,12,5,7
Justgoon,tichondrius,480,priest,discipline,12,5,7
Dweem,stormrage,480,priest,discipline,12,5,7
Qoon,tichondrius,480,priest,discipline,12,5,7
Wtfamdoing,quelthalas,480,priest,discipline,12,5,7
Ajazz,zuljin,480,priest,discipline,12,5,7
Shôta,kelthuzad,480,priest,discipline,12,5,7
Euphorz,tichondrius,480,priest,discipline,12,5,7
Bubblebeasst,area-52,480,priest,discipline,12,5,7
Bibops,area-52,480,priest,discipline,12,5,7
Discobish,sargeras,480,priest,discipline,12,5,7
Câstiêl,malganis,480,priest,discipline,12,5,7
Jangma,tichondrius,480,priest,discipline,12,5,7
Whosjoe,tichondrius,480,priest,discipline,12,5,7
Jonesypriest,tichondrius,480,priest,discipline,12,5,7
Ricksanchez,moonrunner,480,priest,discipline,12,5,7
Pumice,destromath,480,priest,discipline,12,5,7
Canswersp,sargeras,480,priest,discipline,12,5,7
Hotlink,daggerspine,480,priest,discipline,12,5,7
Lolkwtf,sargeras,480,priest,discipline,12,5,7
Tamtwo,the-forgotten-coast,480,priest,discipline,12,5,7
Lilgeek,kelthuzad,480,priest,discipline,12,5,7
Fishondabeat,proudmoore,480,priest,discipline,12,5,7
Sungji,tichondrius,480,priest,discipline,12,5,7
Deeply,tichondrius,480,priest,discipline,12,5,7
Naxiest,stormrage,480,priest,discipline,12,5,7
Anellas,sargeras,480,priest,discipline,12,5,7
Jarzo,thunderhorn,480,priest,discipline,12,5,7
Skwishee,illidan,480,priest,discipline,12,5,7
Asmødeus,bleeding-hollow,480,priest,discipline,12,5,7
Providennce,tichondrius,480,priest,discipline,12,5,7
Tòxìç,stormrage,480,priest,discipline,12,5,7
Eyolo,tichondrius,480,priest,discipline,12,5,7
Feyns,illidan,480,priest,discipline,12,5,7
Cheekypriest,stormrage,480,priest,discipline,12,5,7
Bluffzp,boulderfist,480,priest,discipline,12,5,7
Krazyapollo,tichondrius,480,priest,discipline,12,5,7
Htx,dunemaul,480,priest,discipline,12,5,7
Nursébeardy,whisperwind,480,priest,discipline,12,5,7
Yaheals,gorefiend,480,priest,discipline,12,5,7
Blavkata,area-52,480,priest,discipline,12,5,7
Ón,tichondrius,480,priest,discipline,12,5,7
Alphe,sargeras,480,priest,discipline,12,5,7
Goosemongler,bleeding-hollow,480,priest,discipline,12,5,7
Momorabbit,tichondrius,480,priest,discipline,12,5,7
Renfury,bleeding-hollow,480,priest,discipline,12,5,7
Makeshiftz,zuljin,480,priest,discipline,12,5,7
Doublesix,malganis,480,priest,discipline,12,5,7
Äpriest,sargeras,480,priest,discipline,12,5,7
Rompenepes,drakkari,480,priest,discipline,12,5,7
Auras,boulderfist,480,priest,discipline,12,5,7
Góndhi,tichondrius,480,priest,discipline,12,5,7
Lchcl,tichondrius,480,priest,discipline,12,5,7
Drmattydubz,tichondrius,480,priest,discipline,12,5,7
Amperx,wyrmrest-accord,480,priest,discipline,12,5,7
Hottymcdotty,black-dragonflight,480,priest,discipline,12,5,7
Rúbybest,tichondrius,480,priest,discipline,12,5,7
Mywifesaidno,sargeras,480,priest,discipline,12,5,7
Lampvpgerl,illidan,480,priest,discipline,12,5,7
Alpacasama,illidan,480,priest,discipline,12,5,7
Arcosis,turalyon,480,priest,discipline,12,5,7
Velandrys,earthen-ring,480,priest,discipline,12,5,7
Rofrofmu,aegwynn,480,priest,discipline,12,5,7
Raslin,bonechewer,480,priest,discipline,12,5,7
Giraffebaitt,zuljin,480,priest,discipline,12,5,7
Shadowcrash,zuljin,480,priest,discipline,12,5,7
Batiatus,moon-guard,480,priest,discipline,12,5,7
Yunnan,executus,480,priest,discipline,12,5,7
Manascythe,illidan,480,priest,discipline,12,5,7
Ophiuchus,jubeithos,480,priest,discipline,12,5,7
Criminalsp,frostmourne,480,priest,discipline,12,5,7
Taikosqt,azralon,480,priest,discipline,12,5,7
Soulbane,frostmourne,480,priest,discipline,12,5,7
Humblemumble,barthilas,480,priest,discipline,12,5,7
Goonie,spirestone,480,priest,discipline,12,5,7
Sabela,moon-guard,480,priest,discipline,12,5,7
Stubby,shadowsong,480,priest,discipline,12,5,7
Sacredmoon,dreadmaul,480,priest,discipline,12,5,7
Healryyduff,barthilas,480,priest,discipline,12,5,7
Somethingkoo,sargeras,480,priest,discipline,17,7,10
Fleshliight,area-52,480,priest,discipline,15,6,9
Gatty,kiljaeden,480,priest,discipline,13,5,8
Naniwa,ragnaros,480,priest,discipline,16,6,10
Mygameslaggy,area-52,480,priest,discipline,18,5,13
Melforn,moon-guard,480,priest,discipline,18,5,13
Klerick,kiljaeden,480,priest,discipline,18,5,13
Zachlol,area-52,480,priest,discipline,18,5,13
Pasher,sargeras,480,priest,discipline,18,5,13
Aguadejamica,tichondrius,480,priest,discipline,18,5,13
Vetisrx,thrall,480,priest,discipline,18,5,13
Healiesuwu,kiljaeden,480,priest,discipline,18,5,13
Fidalus,stormrage,480,priest,discipline,18,5,13
Muffinboy,illidan,480,priest,discipline,18,5,13
Bebe,fizzcrank,480,priest,discipline,18,5,13
Fearufaraway,tichondrius,480,priest,discipline,18,5,13
Remixcandoit,malganis,479,priest,discipline,6,5,1
Sevioletté,wyrmrest-accord,479,priest,discipline,6,5,1
Cheuksin,korgath,479,priest,discipline,6,5,1
Berzap,frostmourne,479,priest,discipline,6,5,1
Kasamm,nazjatar,479,priest,discipline,6,5,1
Ghettobarbie,kelthuzad,479,priest,discipline,6,5,1
Blackbubba,tichondrius,479,priest,discipline,12,5,7
Ibuyfeetpics,tichondrius,479,priest,discipline,12,5,7
Aalicya,tanaris,479,priest,discipline,12,5,7
Drayen,korgath,479,priest,discipline,12,5,7
Healzutwo,tichondrius,479,priest,discipline,12,5,7
Zóe,eredar,479,priest,discipline,12,5,7
Chopstix,senjin,479,priest,discipline,12,5,7
Chofis,nathrezim,479,priest,discipline,12,5,7
Gaaq,stormrage,479,priest,discipline,12,5,7
Techninë,chogall,479,priest,discipline,12,5,7
Frazzysparks,stormrage,479,priest,discipline,12,5,7
Krynoobz,senjin,479,priest,discipline,12,5,7
Healloween,stormrage,478,priest,discipline,6,5,1
Kaladaz,destromath,478,priest,discipline,12,5,7
Jeanmarc,aerie-peak,478,priest,discipline,18,5,13
Lotzofhealz,wyrmrest-accord,476,priest,discipline,12,5,7
Delithara,tichondrius,474,priest,discipline,12,5,7
Faíthless,sargeras,447,priest,discipline,11,5,6
Hungzilla,malganis,447,priest,discipline,11,5,6
Shadowkr,tichondrius,447,priest,discipline,11,5,6
Ibangedaqt,malganis,441,priest,discipline,19,8,11
Fxxkdamn,tichondrius,432,priest,discipline,21,6,15
Frenchfries,sargeras,431,priest,discipline,11,5,6
Slumpbusterx,bonechewer,415,priest,discipline,14,5,9
Melsebek,stormrage,415,priest,discipline,20,5,15
Anakou,emerald-dream,414,priest,discipline,8,5,3
Elbowbeans,tichondrius,414,priest,discipline,16,5,11
Brotatochip,andorhal,400,priest,discipline,13,5,8
Whodatpriest,blackhand,399,priest,discipline,5,5,0
Jinxaleyster,ragnaros,399,priest,discipline,5,5,0
Kakao,stormreaver,384,priest,discipline,6,4,2
Optimism,frostmane,384,priest,discipline,6,4,2
Rakpriest,nerzhul,384,priest,discipline,6,4,2
Altari,whisperwind,384,priest,discipline,6,4,2
Lexaprö,moon-guard,384,priest,discipline,6,4,2
Jixxersp,malganis,384,priest,discipline,6,4,2
Demongodtren,blackrock,384,priest,discipline,6,4,2
Popeachini,sargeras,384,priest,discipline,6,4,2
Lilazngirl,stormrage,384,priest,discipline,6,4,2
Goyqqp,illidan,384,priest,discipline,6,4,2
Sensitive,eitrigg,384,priest,discipline,6,4,2
Fenty,nemesis,384,priest,discipline,6,4,2
Metéora,nemesis,384,priest,discipline,6,4,2
Zil,spinebreaker,384,priest,discipline,6,4,2
Äni,sargeras,384,priest,discipline,6,4,2
Fialiadia,illidan,384,priest,discipline,6,4,2
Chocopp,illidan,384,priest,discipline,6,4,2
Djchickpea,chogall,384,priest,discipline,6,4,2
Nordheal,stormrage,384,priest,discipline,6,4,2
Gardiancloun,sargeras,384,priest,discipline,6,4,2
Benin,shattered-hand,384,priest,discipline,6,4,2
Celani,gilneas,384,priest,discipline,6,4,2
Mitras,moon-guard,384,priest,discipline,6,4,2
Ranthrough,tichondrius,384,priest,discipline,6,4,2
Jaxthree,illidan,384,priest,discipline,6,4,2
Babygsuss,tichondrius,384,priest,discipline,6,4,2
June,dragonmaw,384,priest,discipline,6,4,2
Payperbuff,tichondrius,384,priest,discipline,6,4,2
Kàobeini,tichondrius,384,priest,discipline,6,4,2
Pridesp,tichondrius,384,priest,discipline,6,4,2
Fadedyourgo,tichondrius,384,priest,discipline,6,4,2
Wilita,drakkari,384,priest,discipline,6,4,2
Ahealer,alterac-mountains,384,priest,discipline,6,4,2
Febronia,aerie-peak,384,priest,discipline,6,4,2
Spyderco,mugthol,384,priest,discipline,6,4,2
Priêsty,stormrage,384,priest,discipline,6,4,2
Yunganal,sargeras,384,priest,discipline,6,4,2
Qohoo,tichondrius,384,priest,discipline,6,4,2
Dreaminz,tichondrius,384,priest,discipline,6,4,2
Zaperama,tichondrius,384,priest,discipline,6,4,2
Lavazzå,tichondrius,384,priest,discipline,6,4,2
Prniss,tichondrius,384,priest,discipline,6,4,2
Aethestan,zuljin,384,priest,discipline,6,4,2
Yotinha,stormrage,384,priest,discipline,6,4,2
Granger,senjin,384,priest,discipline,6,4,2
Priesticules,illidan,384,priest,discipline,6,4,2
Fûsoya,zuljin,384,priest,discipline,6,4,2
Bubbleboi,malganis,384,priest,discipline,6,4,2
Jylertason,kelthuzad,384,priest,discipline,6,4,2
Batface,frostmourne,384,priest,discipline,6,4,2
Tristanp,frostmourne,384,priest,discipline,6,4,2
Mightydrëk,malganis,384,priest,discipline,6,4,2
Miniambá,tichondrius,384,priest,discipline,6,4,2
Lebanese,frostmourne,384,priest,discipline,6,4,2
Merçy,zuljin,384,priest,discipline,6,4,2
Lithelin,frostmourne,384,priest,discipline,6,4,2
Croissånt,illidan,384,priest,discipline,6,4,2
Prïestitute,zuljin,384,priest,discipline,6,4,2
Yea,shadow-council,384,priest,discipline,6,4,2
Dimedaddy,tichondrius,384,priest,discipline,6,4,2
Mattgarska,tichondrius,384,priest,discipline,6,4,2
Acenthe,sargeras,384,priest,discipline,6,4,2
Gregorovich,ragnaros,384,priest,discipline,6,4,2
Soupbeanx,zuljin,384,priest,discipline,6,4,2
Woolly,tichondrius,384,priest,discipline,6,4,2
Deathrina,moon-guard,384,priest,discipline,6,4,2
Chü,dalaran,384,priest,discipline,6,4,2
Ruems,area-52,384,priest,discipline,6,4,2
Healaryduff,skullcrusher,384,priest,discipline,6,4,2
Stepbrohelp,barthilas,384,priest,discipline,6,4,2
Tomp,tichondrius,384,priest,discipline,6,4,2
Ticheals,tichondrius,384,priest,discipline,6,4,2
Blzy,area-52,384,priest,discipline,6,4,2
Zumbaoqepdqt,quelthalas,384,priest,discipline,6,4,2
Dehf,bleeding-hollow,384,priest,discipline,6,4,2
Johncrank,bleeding-hollow,384,priest,discipline,6,4,2
Faeleath,emerald-dream,384,priest,discipline,6,4,2
Sebpriest,proudmoore,384,priest,discipline,6,4,2
Takosoufflé,emerald-dream,384,priest,discipline,6,4,2
Béépboop,tichondrius,384,priest,discipline,6,4,2
Subscribe,khazgoroth,384,priest,discipline,6,4,2
Mswatermelon,malganis,384,priest,discipline,10,5,5
Brodel,dark-iron,384,priest,discipline,9,4,5
Nvøsuperstar,zuljin,384,priest,discipline,15,5,10
Akewnón,stormrage,384,priest,discipline,12,4,8
Tangykiwi,dalaran,384,priest,discipline,12,4,8
Billiard,stormrage,384,priest,discipline,12,4,8
Fotmvark,stormrage,384,priest,discipline,12,4,8
Evelien,kiljaeden,384,priest,discipline,12,4,8
Echoos,proudmoore,384,priest,discipline,12,4,8
Larisa,moon-guard,384,priest,discipline,12,4,8
Haruspex,azralon,384,priest,discipline,12,4,8
Chaxiubao,stormrage,384,priest,discipline,12,4,8
Hysteria,dalaran,384,priest,discipline,12,4,8
Barclan,destromath,384,priest,discipline,12,4,8
Helibix,bleeding-hollow,384,priest,discipline,12,4,8
Danceofpales,bleeding-hollow,384,priest,discipline,12,4,8
Disperse,sargeras,384,priest,discipline,12,4,8
Pnub,aggramar,384,priest,discipline,12,4,8
Noveh,tichondrius,384,priest,discipline,12,4,8
Ioudas,ragnaros,384,priest,discipline,12,4,8
Vyvivienx,tichondrius,384,priest,discipline,12,4,8
Lìlí,tichondrius,384,priest,discipline,12,4,8
Yeeseafood,tichondrius,384,priest,discipline,12,4,8
Conorpriest,tichondrius,384,priest,discipline,12,4,8
Srazul,azralon,384,priest,discipline,12,4,8
Auttø,area-52,384,priest,discipline,12,4,8
Sìrena,tichondrius,384,priest,discipline,12,4,8
Wìd,khazgoroth,384,priest,discipline,12,4,8
Phobe,windrunner,384,priest,discipline,12,4,8
Plebiss,burning-blade,384,priest,discipline,12,4,8
Nancynibbler,bleeding-hollow,384,priest,discipline,12,4,8
Someonesxy,aggramar,384,priest,discipline,12,4,8
Ranksix,area-52,384,priest,discipline,12,4,8
Jonahas,sargeras,384,priest,discipline,12,4,8
Papabrokuttv,sargeras,384,priest,discipline,12,4,8
Zaphfkiel,ragnaros,384,priest,discipline,12,4,8
Littlean,frostmourne,384,priest,discipline,12,4,8
Mudbuttman,kelthuzad,384,priest,discipline,12,4,8
Mezervescent,thrall,384,priest,discipline,12,4,8
Healbilli,archimonde,384,priest,discipline,12,4,8
Skydemons,malganis,384,priest,discipline,12,4,8
Phenic,aggramar,384,priest,discipline,12,4,8
Gooseundead,tichondrius,384,priest,discipline,12,4,8
Holyshiitzz,illidan,384,priest,discipline,12,4,8
Lankyschlong,frostmourne,384,priest,discipline,12,4,8
Kibariyb,drakkari,384,priest,discipline,18,4,14
Rainms,sargeras,384,priest,discipline,18,4,14
Disçxrespeçt,cairne,384,priest,discipline,18,4,14
Tmpriest,tichondrius,384,priest,discipline,18,4,14
Lípjju,tichondrius,384,priest,discipline,18,4,14
Polythis,kelthuzad,384,priest,discipline,18,4,14
Kymohek,sargeras,384,priest,discipline,18,4,14
Discodork,bleeding-hollow,383,priest,discipline,6,4,2
Itchybubble,emerald-dream,383,priest,discipline,6,4,2
Fanaeth,arathor,383,priest,discipline,6,4,2
Lifesavér,tichondrius,383,priest,discipline,6,4,2
Shén,barthilas,383,priest,discipline,6,4,2
Mirex,tichondrius,383,priest,discipline,6,4,2
Theleena,malorne,383,priest,discipline,12,4,8
Rhayzel,ragnaros,383,priest,discipline,12,4,8
Sybal,suramar,383,priest,discipline,12,4,8
Goldenlilly,moon-guard,383,priest,discipline,12,4,8
Whatisholy,bleeding-hollow,383,priest,discipline,12,4,8
Marpi,quelthalas,383,priest,discipline,18,4,14
Sublety,aerie-peak,382,priest,discipline,12,4,8
Malhotra,amanthul,381,priest,discipline,12,4,8
Primela,sargeras,381,priest,discipline,12,4,8
Touchedbygud,frostmourne,381,priest,discipline,12,4,8
Divinebones,gurubashi,381,priest,discipline,12,4,8
Väin,proudmoore,381,priest,discipline,12,4,8
Wagonss,stormrage,372,priest,discipline,25,7,18
Shenanigans,illidan,367,priest,discipline,11,4,7
Burtier,zuljin,367,priest,discipline,11,4,7
Elomszz,tichondrius,352,priest,discipline,10,4,6
Llaarrkkss,tichondrius,351,priest,discipline,11,4,7
Ninbara,tichondrius,351,priest,discipline,11,4,7
Proftimothy,tichondrius,336,priest,discipline,9,5,4
Kuwapre,proudmoore,336,priest,discipline,9,5,4
Rosabell,ragnaros,336,priest,discipline,21,4,17
Takedisdisc,tichondrius,330,priest,discipline,17,6,11
Xiangjiao,tichondrius,330,priest,discipline,17,6,11
Shadowdaddy,barthilas,320,priest,discipline,10,4,6
Smarttakka,emerald-dream,319,priest,discipline,8,4,4
Klizzy,tichondrius,319,priest,discipline,14,4,10
Manachai,the-forgotten-coast,319,priest,discipline,14,4,10
Daryldeath,tichondrius,288,priest,discipline,6,3,3
Megz,zuljin,288,priest,discipline,6,3,3
Jjaeminkim,area-52,288,priest,discipline,6,3,3
Ææae,nemesis,288,priest,discipline,6,3,3
Yannigirl,area-52,288,priest,discipline,6,3,3
Kelody,zuljin,288,priest,discipline,6,3,3
Starp,tichondrius,288,priest,discipline,6,3,3
Tooeasy,vashj,288,priest,discipline,6,3,3
Bessias,area-52,288,priest,discipline,6,3,3
Toteme,proudmoore,288,priest,discipline,6,3,3
Tmall,tichondrius,288,priest,discipline,6,3,3
Kakera,tichondrius,288,priest,discipline,6,3,3
Khaospriest,proudmoore,288,priest,discipline,6,3,3
Ifortalot,lothar,288,priest,discipline,6,3,3
Killduran,hellscream,288,priest,discipline,6,3,3
Tigrania,proudmoore,288,priest,discipline,6,3,3
Deadnyx,tichondrius,288,priest,discipline,6,3,3
Kaiah,gorefiend,288,priest,discipline,6,3,3
Fackinheals,kelthuzad,288,priest,discipline,6,3,3
Psyfriend,area-52,288,priest,discipline,6,3,3
Alleviate,frostmourne,288,priest,discipline,6,3,3
Irar,tichondrius,288,priest,discipline,6,3,3
Dudurr,zuluhed,288,priest,discipline,6,3,3
Aia,frostwolf,288,priest,discipline,6,3,3
Tarwow,moon-guard,288,priest,discipline,6,3,3
Filthmaster,moon-guard,288,priest,discipline,6,3,3
Bigpoppapwn,darkspear,288,priest,discipline,6,3,3
Midget,darkspear,288,priest,discipline,6,3,3
Icarryozz,darkspear,288,priest,discipline,6,3,3
Buc,barthilas,288,priest,discipline,6,3,3
Umbramortìs,tichondrius,288,priest,discipline,6,3,3
Xiaz,lightbringer,288,priest,discipline,6,3,3
Haquin,malganis,288,priest,discipline,6,3,3
Eiricka,kelthuzad,288,priest,discipline,6,3,3
Heelznfeelz,tichondrius,288,priest,discipline,6,3,3
Barackhobama,malganis,288,priest,discipline,6,3,3
Nikci,tichondrius,288,priest,discipline,6,3,3
Magazíne,tichondrius,288,priest,discipline,6,3,3
Kynnen,mannoroth,288,priest,discipline,6,3,3
Gawlas,azshara,288,priest,discipline,6,3,3
Oofx,darkspear,288,priest,discipline,6,3,3
Pilixil,bleeding-hollow,288,priest,discipline,6,3,3
Sypii,stormrage,288,priest,discipline,6,3,3
Adelda,nazjatar,288,priest,discipline,6,3,3
Germanica,area-52,288,priest,discipline,6,3,3
Wøo,area-52,288,priest,discipline,6,3,3
Havefaith,whisperwind,288,priest,discipline,6,3,3
Hellokuti,silvermoon,288,priest,discipline,6,3,3
Poøpoopeepee,tichondrius,288,priest,discipline,6,3,3
Methandrial,hyjal,288,priest,discipline,6,3,3
Iamsatan,illidan,288,priest,discipline,6,3,3
Pumpkinpino,stormrage,288,priest,discipline,6,3,3
Mks,barthilas,288,priest,discipline,6,3,3
Såx,stormreaver,288,priest,discipline,6,3,3
Bernietopper,tichondrius,288,priest,discipline,6,3,3
Blackdeathx,tichondrius,288,priest,discipline,6,3,3
Heratic,malganis,288,priest,discipline,6,3,3
Lobstersock,malganis,288,priest,discipline,6,3,3
Wïgjaw,tichondrius,288,priest,discipline,6,3,3
Sterycraiied,stormreaver,288,priest,discipline,6,3,3
Vezaxx,barthilas,288,priest,discipline,6,3,3
Empyreanlite,dalaran,288,priest,discipline,6,3,3
Dìngobaby,stormrage,288,priest,discipline,6,3,3
Vanzera,thrall,288,priest,discipline,6,3,3
Xeras,ravencrest,288,priest,discipline,6,3,3
Pulso,area-52,288,priest,discipline,6,3,3
Panikâ,thrall,288,priest,discipline,6,3,3
Freck,stormrage,288,priest,discipline,6,3,3
Grafîx,frostmourne,288,priest,discipline,6,3,3
Flab,tichondrius,288,priest,discipline,6,3,3
Namecusein,ragnaros,288,priest,discipline,6,3,3
Kleiâ,tichondrius,288,priest,discipline,6,3,3
Edmen,stormrage,288,priest,discipline,6,3,3
Nyxvoid,ragnaros,288,priest,discipline,6,3,3
Furydos,zuljin,288,priest,discipline,6,3,3
Frye,bleeding-hollow,288,priest,discipline,6,3,3
Dumbthott,illidan,288,priest,discipline,6,3,3
Spiritbear,thrall,288,priest,discipline,6,3,3
Serenderpity,moon-guard,288,priest,discipline,6,3,3
Aupascamarad,tichondrius,288,priest,discipline,6,3,3
Dredre,aggramar,288,priest,discipline,6,3,3
Relianth,stormrage,288,priest,discipline,6,3,3
Zugzugheal,bleeding-hollow,288,priest,discipline,6,3,3
Mcfluffin,aggramar,288,priest,discipline,6,3,3
Lostnthought,aggramar,288,priest,discipline,6,3,3
Mindgamez,stormreaver,288,priest,discipline,6,3,3
Wale,akama,288,priest,discipline,6,3,3
Kaldoon,azjolnerub,288,priest,discipline,6,3,3
Healyhaney,stormrage,288,priest,discipline,6,3,3
Boppdot,tichondrius,288,priest,discipline,6,3,3
Zuuji,frostmourne,288,priest,discipline,6,3,3
Cromagnøn,dalaran,288,priest,discipline,6,3,3
Àneres,illidan,288,priest,discipline,6,3,3
Amãnita,illidan,288,priest,discipline,6,3,3
Calcifer,drakkari,288,priest,discipline,6,3,3
Illegalkill,tichondrius,288,priest,discipline,6,3,3
Popeofhope,queldorei,288,priest,discipline,6,3,3
Healznfeel,tichondrius,288,priest,discipline,6,3,3
Fenders,stormrage,288,priest,discipline,6,3,3
Nsquared,illidan,288,priest,discipline,6,3,3
Darrong,darkspear,288,priest,discipline,6,3,3
Keyohh,tichondrius,288,priest,discipline,6,3,3
Sojumike,proudmoore,288,priest,discipline,6,3,3
Fausto,kiljaeden,288,priest,discipline,6,3,3
Zzavidwong,tichondrius,288,priest,discipline,6,3,3
Xusin,tichondrius,288,priest,discipline,6,3,3
Wiseguise,illidan,288,priest,discipline,6,3,3
Priestøuchme,tichondrius,288,priest,discipline,6,3,3
Minzyx,tichondrius,288,priest,discipline,6,3,3
Numinous,wyrmrest-accord,288,priest,discipline,6,3,3
Moirâ,silvermoon,288,priest,discipline,6,3,3
Bestworldxz,illidan,288,priest,discipline,6,3,3
Sabene,greymane,288,priest,discipline,6,3,3
Dradinx,illidan,288,priest,discipline,6,3,3
Swinee,tichondrius,288,priest,discipline,6,3,3
Sandreth,bonechewer,288,priest,discipline,6,3,3
Rotnn,thrall,288,priest,discipline,6,3,3
Aleykz,illidan,288,priest,discipline,6,3,3
Sassygayboyx,bleeding-hollow,288,priest,discipline,6,3,3
Treri,bleeding-hollow,288,priest,discipline,6,3,3
Bunked,bleeding-hollow,288,priest,discipline,6,3,3
Idhealthat,tichondrius,288,priest,discipline,6,3,3
Aspéct,aegwynn,288,priest,discipline,6,3,3
Alladys,shattered-hand,288,priest,discipline,6,3,3
Sæýfír,illidan,288,priest,discipline,6,3,3
Trezz,aegwynn,288,priest,discipline,6,3,3
Chervz,chogall,288,priest,discipline,6,3,3
Niniua,tichondrius,288,priest,discipline,6,3,3
Jinzp,area-52,288,priest,discipline,6,3,3
Nokizzgrizz,sargeras,288,priest,discipline,6,3,3
Kovie,twisting-nether,288,priest,discipline,6,3,3
Aexdawg,malganis,288,priest,discipline,6,3,3
Haedn,azralon,288,priest,discipline,6,3,3
Bgundy,sargeras,288,priest,discipline,6,3,3
Kawesha,emerald-dream,288,priest,discipline,6,3,3
Illiteratex,sargeras,288,priest,discipline,6,3,3
Diamondz,emerald-dream,288,priest,discipline,6,3,3
Epicp,sargeras,288,priest,discipline,6,3,3
Îcecube,sargeras,288,priest,discipline,6,3,3
Inukimi,sargeras,288,priest,discipline,6,3,3
Elise,ravenholdt,288,priest,discipline,6,3,3
Kloudypriest,moon-guard,288,priest,discipline,6,3,3
Tempname,thunderhorn,288,priest,discipline,6,3,3
Oxicontin,sargeras,288,priest,discipline,6,3,3
Whackagnome,kelthuzad,288,priest,discipline,9,4,5
Waterßoÿ,emerald-dream,288,priest,discipline,9,4,5
Aarei,stormrage,288,priest,discipline,10,4,6
Gäindalf,tichondrius,288,priest,discipline,10,4,6
Theophobe,illidan,288,priest,discipline,16,4,12
Showakoi,ragnaros,288,priest,discipline,16,4,12
Paztech,arthas,288,priest,discipline,12,3,9
Frag,frostmourne,288,priest,discipline,12,3,9
Kurnak,arthas,288,priest,discipline,12,3,9
Aaxahfon,moon-guard,288,priest,discipline,12,3,9
Bandagebabe,sargeras,288,priest,discipline,12,3,9
Quartzolio,azralon,288,priest,discipline,12,3,9
Cûrry,bleeding-hollow,288,priest,discipline,12,3,9
Skimpdubs,bleeding-hollow,288,priest,discipline,12,3,9
Xyberius,barthilas,288,priest,discipline,12,3,9
Soleyxo,frostmourne,288,priest,discipline,12,3,9
Twohpriest,aerie-peak,288,priest,discipline,12,3,9
Zrn,bleeding-hollow,288,priest,discipline,12,3,9
Die,crushridge,288,priest,discipline,12,3,9
Itha,illidan,288,priest,discipline,12,3,9
Lightshizzle,illidan,288,priest,discipline,12,3,9
Nogetget,frostmourne,288,priest,discipline,12,3,9
Hail,kaelthas,288,priest,discipline,12,3,9
Ulzaar,nerzhul,288,priest,discipline,12,3,9
Doomageddon,thorium-brotherhood,288,priest,discipline,12,3,9
Pedialyte,kiljaeden,288,priest,discipline,12,3,9
Zsofi,rivendare,288,priest,discipline,12,3,9
Gwenoviere,whisperwind,288,priest,discipline,12,3,9
Disconelf,barthilas,288,priest,discipline,12,3,9
Pïque,proudmoore,288,priest,discipline,12,3,9
Phantøms,zuljin,288,priest,discipline,12,3,9
Slackinhealz,thrall,288,priest,discipline,12,3,9
Realheal,tichondrius,288,priest,discipline,12,3,9
Phillyrivers,area-52,288,priest,discipline,12,3,9
Shenanígans,malganis,288,priest,discipline,12,3,9
Gloomswrath,illidan,288,priest,discipline,12,3,9
Jahratu,tichondrius,288,priest,discipline,12,3,9
Solestro,malganis,288,priest,discipline,12,3,9
Bån,ragnaros,288,priest,discipline,12,3,9
Chaddadbod,emerald-dream,288,priest,discipline,12,3,9
Oniizanagi,thrall,288,priest,discipline,12,3,9
Abefromann,sargeras,288,priest,discipline,12,3,9
Bree,area-52,288,priest,discipline,12,3,9
Xalatath,stormrage,288,priest,discipline,12,3,9
Krewtoo,illidan,288,priest,discipline,12,3,9
Muriaticacid,tichondrius,288,priest,discipline,12,3,9
Kuriyasu,emerald-dream,288,priest,discipline,15,3,12
Kaztorz,tichondrius,288,priest,discipline,16,3,13
Lunett,area-52,288,priest,discipline,18,3,15
Chirho,malganis,288,priest,discipline,18,3,15
Moc,jubeithos,288,priest,discipline,18,3,15
Pravant,illidan,288,priest,discipline,18,3,15
Imgold,emerald-dream,287,priest,discipline,6,3,3
Solzal,korgath,287,priest,discipline,6,3,3
Roufa,wyrmrest-accord,287,priest,discipline,12,3,9
Priestkofwa,tichondrius,287,priest,discipline,12,3,9
Kagayaku,aegwynn,287,priest,discipline,12,3,9
Kataró,tichondrius,286,priest,discipline,12,3,9
Wingchick,azshara,284,priest,discipline,18,3,15
Poodledad,wyrmrest-accord,255,priest,discipline,8,4,4
Stormlighter,proudmoore,255,priest,discipline,11,3,8
Prèèst,proudmoore,255,priest,discipline,11,3,8
Plaguepumper,sargeras,255,priest,discipline,11,3,8
Holycwap,stormrage,240,priest,discipline,9,3,6
Ezpríest,kelthuzad,239,priest,discipline,5,3,2
Canô,quelthalas,239,priest,discipline,5,3,2
Yumä,kiljaeden,239,priest,discipline,5,3,2
Murillio,moon-guard,239,priest,discipline,5,3,2
Mawwt,moon-guard,239,priest,discipline,5,3,2
Jtheals,illidan,239,priest,discipline,5,3,2
Skruffles,black-dragonflight,239,priest,discipline,5,3,2
Wodturbo,bleeding-hollow,234,priest,discipline,7,4,3
Gloomyspp,illidan,234,priest,discipline,14,4,10
Onahaihu,tichondrius,234,priest,discipline,14,4,10
Islada,illidan,233,priest,discipline,18,4,14
Holyshield,jubeithos,223,priest,discipline,8,3,5
Reâpêr,kelthuzad,201,priest,discipline,13,4,9
Zortroz,tichondrius,192,priest,discipline,4,3,1
Jedrick,malganis,192,priest,discipline,4,3,1
Notthebappo,malganis,192,priest,discipline,11,4,7
Tedesq,stormrage,192,priest,discipline,9,3,6
Kaeruz,stormrage,192,priest,discipline,6,2,4
Holytipz,stormrage,192,priest,discipline,6,2,4
Shalther,thrall,192,priest,discipline,6,2,4
Çherished,stormrage,192,priest,discipline,6,2,4
Heartsblood,whisperwind,192,priest,discipline,6,2,4
Marmintor,stormrage,192,priest,discipline,6,2,4
Benjamints,thrall,192,priest,discipline,6,2,4
Wiccano,stormrage,192,priest,discipline,6,2,4
Ayani,khadgar,192,priest,discipline,6,2,4
Penicilin,terokkar,192,priest,discipline,6,2,4
Dinkk,stormrage,192,priest,discipline,6,2,4
Vivø,nemesis,192,priest,discipline,6,2,4
Dimanche,thunderlord,192,priest,discipline,6,2,4
Ocxpriest,azralon,192,priest,discipline,6,2,4
Haushauha,azralon,192,priest,discipline,6,2,4
Zarakih,azralon,192,priest,discipline,6,2,4
Slenden,illidan,192,priest,discipline,6,2,4
Mindgoblin,terokkar,192,priest,discipline,6,2,4
Goatedhp,dalaran,192,priest,discipline,6,2,4
Plaguesus,dalaran,192,priest,discipline,6,2,4
Krossvoid,thrall,192,priest,discipline,6,2,4
Rbmxp,barthilas,192,priest,discipline,6,2,4
Helorren,nagrand,192,priest,discipline,6,2,4
Trienolone,emerald-dream,192,priest,discipline,6,2,4
Irixus,zuljin,192,priest,discipline,6,2,4
Discogs,frostmourne,192,priest,discipline,6,2,4
Snowlily,illidan,192,priest,discipline,6,2,4
Tulip,frostmourne,192,priest,discipline,6,2,4
Myeryc,frostmourne,192,priest,discipline,6,2,4
Mayzal,emerald-dream,192,priest,discipline,6,2,4
Keygodx,illidan,192,priest,discipline,6,2,4
Davedawg,emerald-dream,192,priest,discipline,6,2,4
Robbailey,dalvengyr,192,priest,discipline,6,2,4
Thangthangin,icecrown,192,priest,discipline,6,2,4
Halloweenx,area-52,192,priest,discipline,6,2,4
Stiffmeister,bleeding-hollow,192,priest,discipline,6,2,4
Kimbeloria,bleeding-hollow,192,priest,discipline,6,2,4
Nars,draka,192,priest,discipline,6,2,4
Hotdice,bleeding-hollow,192,priest,discipline,6,2,4
Bigskill,proudmoore,192,priest,discipline,6,2,4
Bubblewrap,wyrmrest-accord,192,priest,discipline,6,2,4
Stennic,emerald-dream,192,priest,discipline,6,2,4
Mavalie,zuljin,192,priest,discipline,6,2,4
Schadên,wyrmrest-accord,192,priest,discipline,6,2,4
Riztwo,moon-guard,192,priest,discipline,6,2,4
Discountay,burning-legion,192,priest,discipline,6,2,4
Linkolln,sargeras,192,priest,discipline,6,2,4
Noteenurse,blackrock,192,priest,discipline,6,2,4
Googus,bleeding-hollow,192,priest,discipline,6,2,4
Mindfak,bleeding-hollow,192,priest,discipline,6,2,4
Roivas,bleeding-hollow,192,priest,discipline,6,2,4
Príest,nordrassil,192,priest,discipline,6,2,4
Járngreipr,nerzhul,192,priest,discipline,6,2,4
Beansofdean,proudmoore,192,priest,discipline,6,2,4
Phatheals,norgannon,192,priest,discipline,6,2,4
Mhanaburn,nerzhul,192,priest,discipline,6,2,4
Novakaynersj,anetheron,192,priest,discipline,6,2,4
Jaq,altar-of-storms,192,priest,discipline,6,2,4
Releknosleep,frostwolf,192,priest,discipline,6,2,4
Holydrop,sargeras,192,priest,discipline,6,2,4
Holyslap,nerzhul,192,priest,discipline,6,2,4
Coldstone,bloodhoof,192,priest,discipline,6,2,4
Rickmason,frostmane,192,priest,discipline,6,2,4
Easywins,sargeras,192,priest,discipline,6,2,4
Kìttý,cenarius,192,priest,discipline,6,2,4
Mtito,drakkari,192,priest,discipline,6,2,4
Vikingkøng,ragnaros,192,priest,discipline,6,2,4
Bmox,borean-tundra,192,priest,discipline,6,2,4
Brakála,ragnaros,192,priest,discipline,6,2,4
Zereht,ragnaros,192,priest,discipline,6,2,4
Cub,darkspear,192,priest,discipline,6,2,4
Dabrat,darkspear,192,priest,discipline,6,2,4
Xìdís,vashj,192,priest,discipline,6,2,4
Nejisaiyan,sargeras,192,priest,discipline,6,2,4
Hankspank,hakkar,192,priest,discipline,6,2,4
Chazzwizz,area-52,192,priest,discipline,6,2,4
Giannis,garrosh,192,priest,discipline,6,2,4
Gwendalynne,tichondrius,192,priest,discipline,6,2,4
Icychain,area-52,192,priest,discipline,6,2,4
Gwenholy,hakkar,192,priest,discipline,6,2,4
Onjah,kiljaeden,192,priest,discipline,6,2,4
Genevieve,aggramar,192,priest,discipline,6,2,4
Râven,proudmoore,192,priest,discipline,6,2,4
Lunarras,aggramar,192,priest,discipline,6,2,4
Dilonpi,area-52,192,priest,discipline,6,2,4
Spampws,aerie-peak,192,priest,discipline,6,2,4
Canharm,tichondrius,192,priest,discipline,6,2,4
Krevs,proudmoore,192,priest,discipline,6,2,4
Budheals,spirestone,192,priest,discipline,6,2,4
Haduth,area-52,192,priest,discipline,6,2,4
Dudebanger,sargeras,192,priest,discipline,6,2,4
Winston,tichondrius,192,priest,discipline,6,2,4
Axelrod,tichondrius,192,priest,discipline,6,2,4
Linaelinatia,area-52,192,priest,discipline,6,2,4
Makdaddy,skullcrusher,192,priest,discipline,6,2,4
Bestwizardx,tichondrius,192,priest,discipline,6,2,4
Kustem,tichondrius,192,priest,discipline,6,2,4
Insomnya,sargeras,192,priest,discipline,6,2,4
Pimeharder,tichondrius,192,priest,discipline,6,2,4
Yoxxoo,tichondrius,192,priest,discipline,6,2,4
Patagoniabae,kelthuzad,192,priest,discipline,6,2,4
Skêptic,tichondrius,192,priest,discipline,6,2,4
Prff,ragnaros,192,priest,discipline,6,2,4
Soulclap,sargeras,192,priest,discipline,6,2,4
Faedre,smolderthorn,192,priest,discipline,6,2,4
Holymagetv,tichondrius,192,priest,discipline,6,2,4
Coffeek,sargeras,192,priest,discipline,6,2,4
Qnarisha,tichondrius,192,priest,discipline,6,2,4
Pingleangel,tichondrius,192,priest,discipline,6,2,4
Verboden,kelthuzad,192,priest,discipline,6,2,4
Holyshafted,kelthuzad,192,priest,discipline,6,2,4
Ôp,sargeras,192,priest,discipline,6,2,4
Smallz,silvermoon,192,priest,discipline,6,2,4
Meaning,tichondrius,192,priest,discipline,6,2,4
Dxs,hydraxis,192,priest,discipline,6,2,4
Karmapi,malganis,192,priest,discipline,6,2,4
Keaina,malganis,192,priest,discipline,6,2,4
Issaley,tichondrius,192,priest,discipline,6,2,4
Nevertelsp,malganis,192,priest,discipline,6,2,4
Skellieman,malorne,192,priest,discipline,6,2,4
Whitesharks,tichondrius,192,priest,discipline,6,2,4
Preyforme,tichondrius,192,priest,discipline,7,2,5
Brokennurse,area-52,192,priest,discipline,7,2,5
Patchyemoly,frostmourne,192,priest,discipline,8,2,6
Bolognypony,norgannon,192,priest,discipline,12,2,10
Toguol,stormrage,192,priest,discipline,12,2,10
Lûdløw,kelthuzad,192,priest,discipline,12,2,10
Canyounaut,kelthuzad,192,priest,discipline,12,2,10
Baldpate,tichondrius,192,priest,discipline,12,2,10
Grâfix,barthilas,192,priest,discipline,12,2,10
Ularim,tichondrius,192,priest,discipline,12,2,10
Nearo,barthilas,192,priest,discipline,12,2,10
Fearward,silvermoon,192,priest,discipline,12,2,10
Kagemetsu,sargeras,192,priest,discipline,12,2,10
Feff,shuhalo,192,priest,discipline,12,2,10
Meatbaoo,tichondrius,192,priest,discipline,12,2,10
Fiéstah,illidan,192,priest,discipline,12,2,10
Jordiest,dalaran,192,priest,discipline,12,2,10
Ggums,tichondrius,192,priest,discipline,12,2,10
Prilance,hyjal,192,priest,discipline,12,2,10
Rewena,silver-hand,192,priest,discipline,12,2,10
Charlie,azshara,191,priest,discipline,6,2,4
Leoi,fenris,191,priest,discipline,6,2,4
Myobi,tichondrius,191,priest,discipline,6,2,4
Terric,shattered-hand,191,priest,discipline,6,2,4
Frothyfran,icecrown,191,priest,discipline,12,2,10
Mynigajeff,zuljin,185,priest,discipline,14,4,10
Gabuncher,barthilas,175,priest,discipline,11,2,9
Akåsha,zuljin,175,priest,discipline,11,2,9
Imamu,tichondrius,167,priest,discipline,25,11,14
Dinogingy,lightbringer,159,priest,discipline,5,2,3
Yait,tichondrius,159,priest,discipline,5,2,3
Pochis,bleeding-hollow,159,priest,discipline,8,3,5
Yayoo,exodar,144,priest,discipline,9,2,7
Mesiausx,stormrage,138,priest,discipline,8,3,5
Prayanmantis,tichondrius,138,priest,discipline,8,3,5
Tylennin,hyjal,138,priest,discipline,13,4,9
Ariadneminos,illidan,138,priest,discipline,11,3,8
Càipirinha,tichondrius,128,priest,discipline,4,2,2
Dangerhealz,frostmourne,128,priest,discipline,4,2,2
Allaurah,thrall,96,priest,discipline,3,2,1
Deckx,khazgoroth,96,priest,discipline,3,2,1
Juvell,illidan,96,priest,discipline,3,2,1
Standback,wyrmrest-accord,96,priest,discipline,3,2,1
Junethegreat,tichondrius,96,priest,discipline,6,1,5
Aeøns,sargeras,96,priest,discipline,6,1,5
Nineoneoneh,stormrage,96,priest,discipline,6,1,5
Nekkz,sargeras,96,priest,discipline,6,1,5
Drmuhammad,sargeras,96,priest,discipline,6,1,5
Aneresxo,illidan,96,priest,discipline,6,1,5
Spspsp,illidan,96,priest,discipline,6,1,5
Ilikis,tichondrius,96,priest,discipline,6,1,5
Ariês,tichondrius,96,priest,discipline,6,1,5
Minamy,tichondrius,96,priest,discipline,6,1,5
Djriest,sargeras,96,priest,discipline,6,1,5
Shaylari,kelthuzad,96,priest,discipline,6,1,5
Tooflyy,sargeras,96,priest,discipline,6,1,5
Tichealstwo,tichondrius,96,priest,discipline,6,1,5
Bunnychloe,sargeras,96,priest,discipline,6,1,5
Hionlife,tichondrius,96,priest,discipline,6,1,5
Virydian,stormrage,96,priest,discipline,6,1,5
Goneqt,illidan,96,priest,discipline,6,1,5
Tiernocookie,illidan,96,priest,discipline,6,1,5
Apbrady,sargeras,96,priest,discipline,6,1,5
Regzi,stormrage,96,priest,discipline,6,1,5
Lzzp,azralon,96,priest,discipline,6,1,5
Common,tichondrius,96,priest,discipline,6,1,5
Clárke,tichondrius,96,priest,discipline,6,1,5
Shadowgobbo,thrall,96,priest,discipline,6,1,5
Sukeena,malganis,96,priest,discipline,6,1,5
Veiveilol,tichondrius,96,priest,discipline,6,1,5
Snotanygood,alleria,96,priest,discipline,6,1,5
Reginaa,nemesis,96,priest,discipline,6,1,5
Yessír,stormrage,96,priest,discipline,6,1,5
Kyrabon,ragnaros,96,priest,discipline,6,1,5
Mêga,illidan,96,priest,discipline,6,1,5
Trickyhobo,area-52,96,priest,discipline,6,1,5
Ugamie,proudmoore,96,priest,discipline,6,1,5
Thasar,azgalor,96,priest,discipline,6,1,5
Pastortee,sargeras,96,priest,discipline,6,1,5
Kagura,dunemaul,96,priest,discipline,6,1,5
Priestmika,illidan,96,priest,discipline,6,1,5
Nonbinary,trollbane,96,priest,discipline,6,1,5
Rookieone,thrall,96,priest,discipline,6,1,5
Mêatpuppet,kiljaeden,96,priest,discipline,6,1,5
Baerybonds,kiljaeden,96,priest,discipline,6,1,5
Oymay,illidan,96,priest,discipline,6,1,5
Barelylegalx,tichondrius,96,priest,discipline,6,1,5
Edessa,lothar,96,priest,discipline,6,1,5
Robinophelia,sargeras,96,priest,discipline,6,1,5
Holddacheese,area-52,96,priest,discipline,6,1,5
Keynnish,sargeras,96,priest,discipline,6,1,5
Lindsanp,illidan,96,priest,discipline,6,1,5
Remusha,dalaran,96,priest,discipline,6,1,5
Ivermectin,eredar,96,priest,discipline,6,1,5
Orethon,thrall,96,priest,discipline,6,1,5
Terripriest,sargeras,96,priest,discipline,6,1,5
Lifejuice,tichondrius,96,priest,discipline,6,1,5
Fades,hellscream,96,priest,discipline,6,1,5
Halfcab,runetotem,96,priest,discipline,6,1,5
Jaseyrae,emerald-dream,96,priest,discipline,6,1,5
Trixor,area-52,96,priest,discipline,6,1,5
Leach,darkspear,96,priest,discipline,6,1,5
Mistnamed,emerald-dream,96,priest,discipline,6,1,5
Gódriç,emerald-dream,96,priest,discipline,6,1,5
Runecarver,anvilmar,96,priest,discipline,6,1,5
Burroviejo,quelthalas,96,priest,discipline,6,1,5
Chewboppa,zuljin,96,priest,discipline,6,1,5
Cenzlyor,arthas,96,priest,discipline,6,1,5
Necrodiva,magtheridon,96,priest,discipline,6,1,5
Pavarotti,laughing-skull,96,priest,discipline,6,1,5
Trupriest,alleria,96,priest,discipline,6,1,5
Lildes,tichondrius,96,priest,discipline,6,1,5
Billyscousin,chogall,96,priest,discipline,6,1,5
Luxury,blackrock,96,priest,discipline,6,1,5
Fréákk,ragnaros,96,priest,discipline,6,1,5
Lenigrast,blackrock,96,priest,discipline,6,1,5
Rickitz,bleeding-hollow,96,priest,discipline,6,1,5
Maomaoangel,tichondrius,96,priest,discipline,6,1,5
Siobhin,wyrmrest-accord,96,priest,discipline,6,1,5
Galice,archimonde,96,priest,discipline,6,1,5
Thinmintt,wyrmrest-accord,96,priest,discipline,6,1,5
Shwayp,zuljin,96,priest,discipline,6,1,5
Religions,wyrmrest-accord,96,priest,discipline,6,1,5
Thh,emerald-dream,96,priest,discipline,6,1,5
Ndz,wyrmrest-accord,96,priest,discipline,6,1,5
Ayzen,emerald-dream,96,priest,discipline,6,1,5
Gustavustus,barthilas,96,priest,discipline,6,1,5
Fatherwyatt,bleeding-hollow,96,priest,discipline,6,1,5
Kireepilef,ragnaros,96,priest,discipline,6,1,5
Wilcarfegus,draka,96,priest,discipline,6,1,5
Kunof,ragnaros,96,priest,discipline,6,1,5
Blosinrosin,lightbringer,96,priest,discipline,6,1,5
Shåde,skullcrusher,96,priest,discipline,6,1,5
Kryoff,illidan,96,priest,discipline,6,1,5
Uckuck,illidan,96,priest,discipline,6,1,5
Vandi,moon-guard,96,priest,discipline,6,1,5
Scenekîd,moon-guard,96,priest,discipline,6,1,5
Throwshade,moon-guard,96,priest,discipline,6,1,5
Prayforhealz,tichondrius,96,priest,discipline,6,1,5
Shadeven,nagrand,96,priest,discipline,6,1,5
Canklez,stormscale,96,priest,discipline,6,1,5
Púrg,frostmourne,96,priest,discipline,6,1,5
Hokon,tortheldrin,96,priest,discipline,6,1,5
Powerwordqt,kalecgos,96,priest,discipline,6,1,5
Moonideli,moon-guard,96,priest,discipline,6,1,5
Niik,tichondrius,96,priest,discipline,6,1,5
Legó,illidan,96,priest,discipline,6,1,5
Lòthnalar,ragnaros,96,priest,discipline,6,1,5
Spêc,frostmourne,96,priest,discipline,6,1,5
Artiannaa,bleeding-hollow,96,priest,discipline,6,1,5
Miel,kargath,96,priest,discipline,6,1,5
Ssmushi,tichondrius,96,priest,discipline,12,1,11
Notfandy,tichondrius,96,priest,discipline,12,1,11
Mallzahar,darkspear,96,priest,discipline,12,1,11
Sifts,proudmoore,96,priest,discipline,12,1,11
Dawnside,wyrmrest-accord,96,priest,discipline,12,1,11
Ergoproxy,barthilas,96,priest,discipline,12,1,11
Torgasm,frostmourne,96,priest,discipline,12,1,11
Sevenlions,stormrage,96,priest,discipline,12,1,11
Erinyn,area-52,96,priest,discipline,12,1,11
Timéo,zuljin,96,priest,discipline,18,1,17
Mixxd,shuhalo,95,priest,discipline,6,1,5
Flexeggette,illidan,84,priest,discipline,13,4,9
Sáito,area-52,79,priest,discipline,5,1,4
Gringotaco,tichondrius,74,priest,discipline,14,4,10
Yuhstin,sargeras,63,priest,discipline,2,2,0
Oldmanlou,spirestone,63,priest,discipline,14,2,12
Wyldpiece,frostmourne,42,priest,discipline,7,3,4
Jqueryy,tichondrius,42,priest,discipline,11,3,8
Küno,kelthuzad,42,priest,discipline,10,2,8
Londy,area-52,42,priest,discipline,16,3,13
Alathan,sargeras,31,priest,discipline,2,1,1
Nås,elune,31,priest,discipline,2,1,1
Hycinamun,malganis,31,priest,discipline,2,1,1
Yeazy,stormrage,2296,priest,shadow,108,62,46
Jennaôrtega,tichondrius,2258,priest,shadow,78,50,28
Orchidp,tichondrius,2230,priest,shadow,155,98,57
Ejr,altar-of-storms,2212,priest,shadow,97,51,46
Techbadar,tichondrius,2185,priest,shadow,125,65,60
Yeona,tichondrius,2179,priest,shadow,95,57,38
Eradication,frostmourne,2158,priest,shadow,87,58,29
Zçythe,tichondrius,2158,priest,shadow,84,51,33
Geovanni,barthilas,2147,priest,shadow,89,47,42
Kishoengi,sargeras,2146,priest,shadow,73,47,26
Strwbrynaner,sargeras,2145,priest,shadow,96,55,41
Zlipz,frostmourne,2125,priest,shadow,66,42,24
Mearas,kelthuzad,2113,priest,shadow,76,46,30
Kottun,stormrage,2110,priest,shadow,66,38,28
Lìám,frostmourne,2110,priest,shadow,187,102,85
Edd,tichondrius,2109,priest,shadow,146,74,72
Dyrr,barthilas,2107,priest,shadow,84,45,39
Maskali,tichondrius,2106,priest,shadow,96,49,47
Bayter,frostmourne,2105,priest,shadow,181,97,84
Scandi,tichondrius,2053,priest,shadow,60,35,25
Ombravuota,blades-edge,2053,priest,shadow,147,79,68
Vtp,frostmourne,2052,priest,shadow,116,66,50
Laundryday,korgath,2041,priest,shadow,90,48,42
Knowknow,tichondrius,2013,priest,shadow,108,57,51
Ousïa,quelthalas,2009,priest,shadow,78,40,38
Babyh,tichondrius,1994,priest,shadow,77,41,36
Kiriko,mannoroth,1989,priest,shadow,71,42,29
Soapee,illidan,1982,priest,shadow,143,75,68
Keygodx,illidan,1977,priest,shadow,59,36,23
Blax,stormscale,1977,priest,shadow,60,35,25
Viyana,stormrage,1977,priest,shadow,204,104,100
Urelz,illidan,1956,priest,shadow,30,21,9
Greaterfade,stormrage,1952,priest,shadow,60,34,26
Omenx,emerald-dream,1949,priest,shadow,42,26,16
Nekroscream,queldorei,1948,priest,shadow,47,27,20
Maìden,sargeras,1945,priest,shadow,48,27,21
Yenïza,illidan,1943,priest,shadow,124,63,61
Expr,area-52,1936,priest,shadow,60,34,26
Tamajka,the-forgotten-coast,1933,priest,shadow,69,40,29
Xiaozhui,tichondrius,1932,priest,shadow,57,31,26
Arobahn,tichondrius,1932,priest,shadow,75,39,36
Helmsman,tichondrius,1931,priest,shadow,94,52,42
Zlips,frostmourne,1929,priest,shadow,65,31,34
Katallyst,tichondrius,1926,priest,shadow,77,36,41
Targora,lightninghoof,1924,priest,shadow,60,35,25
Cheesëburg,illidan,1915,priest,shadow,54,28,26
Moraver,kelthuzad,1907,priest,shadow,36,20,16
Apbrady,sargeras,1906,priest,shadow,60,31,29
Kuraga,bleeding-hollow,1904,priest,shadow,314,167,147
Gâdzêd,kelthuzad,1900,priest,shadow,48,30,18
Erebusz,tichondrius,1894,priest,shadow,54,29,25
Sin,guldan,1893,priest,shadow,214,117,97
Disemble,illidan,1887,priest,shadow,54,26,28
Meehx,illidan,1886,priest,shadow,102,65,37
Delasoul,malganis,1876,priest,shadow,63,37,26
Creapture,zuluhed,1864,priest,shadow,42,24,18
Asmødeus,bleeding-hollow,1863,priest,shadow,59,35,24
Keliarc,sargeras,1863,priest,shadow,60,34,26
Voidkay,tichondrius,1862,priest,shadow,42,35,7
Stinkiez,area-52,1861,priest,shadow,162,85,77
Puppyboyx,moon-guard,1861,priest,shadow,62,31,31
Plztrainme,spinebreaker,1860,priest,shadow,94,53,41
Itkev,area-52,1854,priest,shadow,35,27,8
Metasp,sargeras,1854,priest,shadow,54,30,24
Blackoss,sargeras,1852,priest,shadow,35,20,15
Kattallyst,tichondrius,1851,priest,shadow,42,24,18
Dotall,illidan,1849,priest,shadow,65,44,21
Echoos,proudmoore,1849,priest,shadow,42,28,14
Yoggismydad,emerald-dream,1847,priest,shadow,48,29,19
Sapoopettas,quelthalas,1845,priest,shadow,54,26,28
Remixsp,malganis,1840,priest,shadow,42,24,18
Bagjoe,illidan,1839,priest,shadow,74,43,31
Atarri,illidan,1837,priest,shadow,48,29,19
Emopriestqt,tichondrius,1836,priest,shadow,114,68,46
Xayp,kelthuzad,1835,priest,shadow,83,64,19
Louloudots,malganis,1835,priest,shadow,60,31,29
Phubar,stormreaver,1831,priest,shadow,78,34,44
Yb,kelthuzad,1829,priest,shadow,54,32,22
Auttø,area-52,1829,priest,shadow,45,26,19
Kalantris,ragnaros,1828,priest,shadow,64,41,23
Throwshade,moon-guard,1828,priest,shadow,89,56,33
Giriosp,thrall,1827,priest,shadow,31,22,9
Pbxx,tichondrius,1826,priest,shadow,46,27,19
Gromkekz,area-52,1826,priest,shadow,72,33,39
Ptam,tichondrius,1825,priest,shadow,47,26,21
Garpd,tichondrius,1824,priest,shadow,54,35,19
Idiotgarbage,moon-guard,1824,priest,shadow,48,26,22
Evenly,tichondrius,1822,priest,shadow,90,51,39
Snozberry,malganis,1822,priest,shadow,66,36,30
Mindslips,tichondrius,1821,priest,shadow,144,82,62
Bearoom,frostmourne,1820,priest,shadow,66,39,27
Plaguesus,dalaran,1820,priest,shadow,64,35,29
Griffsp,sargeras,1820,priest,shadow,167,82,85
Mythsnake,ragnaros,1819,priest,shadow,43,25,18
Vil,lightnings-blade,1819,priest,shadow,90,50,40
Spamndam,tichondrius,1815,priest,shadow,24,19,5
Ysuran,moon-guard,1815,priest,shadow,144,82,62
Pboo,tichondrius,1815,priest,shadow,36,19,17
Irasponsible,stormrage,1814,priest,shadow,42,23,19
Holytalk,tichondrius,1814,priest,shadow,60,30,30
Melonsoda,stormrage,1813,priest,shadow,48,26,22
Resonator,laughing-skull,1813,priest,shadow,46,22,24
Invain,executus,1812,priest,shadow,30,24,6
Tomcruisé,zuljin,1810,priest,shadow,54,31,23
Llamabush,malganis,1809,priest,shadow,39,26,13
Cixelpvp,area-52,1809,priest,shadow,54,26,28
Doublesix,malganis,1808,priest,shadow,66,40,26
Ericxd,area-52,1807,priest,shadow,77,38,39
Pesca,proudmoore,1805,priest,shadow,60,35,25
Jomm,area-52,1805,priest,shadow,69,37,32
Exoticfather,area-52,1805,priest,shadow,60,30,30
Pdfileclass,tichondrius,1803,priest,shadow,24,19,5
Panndaz,tichondrius,1803,priest,shadow,30,19,11
Metricdotem,terenas,1803,priest,shadow,42,26,16
Brickzyhehe,dalaran,1803,priest,shadow,89,46,43
Korrà,turalyon,1802,priest,shadow,30,19,11
Welplayedman,emerald-dream,1800,priest,shadow,36,22,14
Soyul,tichondrius,1795,priest,shadow,66,38,28
Axelrod,tichondrius,1792,priest,shadow,48,29,19
Mamísonga,ragnaros,1790,priest,shadow,44,24,20
Sleepynuj,stormrage,1786,priest,shadow,54,36,18
Yberisa,zuljin,1785,priest,shadow,43,28,15
Girthed,bloodscalp,1785,priest,shadow,68,40,28
Orgasmiq,frostmourne,1783,priest,shadow,72,40,32
Ericzssp,tichondrius,1779,priest,shadow,45,25,20
Jojotwo,illidan,1777,priest,shadow,54,27,27
Palmerin,ravencrest,1775,priest,shadow,81,45,36
Couldntbeme,sargeras,1773,priest,shadow,48,27,21
Talbadar,tichondrius,1770,priest,shadow,42,28,14
Kydraah,ragnaros,1770,priest,shadow,41,24,17
Shelize,kirin-tor,1770,priest,shadow,137,72,65
Soar,ravencrest,1769,priest,shadow,35,20,15
Katarot,area-52,1768,priest,shadow,45,27,18
Nøfaith,area-52,1762,priest,shadow,64,34,30
Zlowbly,ragnaros,1762,priest,shadow,89,46,43
Hollister,illidan,1758,priest,shadow,228,121,107
Crbandit,moon-guard,1751,priest,shadow,61,43,18
Jugeumx,proudmoore,1751,priest,shadow,36,20,16
Lauretânia,nemesis,1751,priest,shadow,54,29,25
Afromon,suramar,1750,priest,shadow,72,45,27
Derisha,ragnaros,1745,priest,shadow,48,28,20
Impérial,stormrage,1744,priest,shadow,179,107,72
Zhiwanam,tichondrius,1744,priest,shadow,53,31,22
Hástür,quelthalas,1735,priest,shadow,91,50,41
Ðantex,thrall,1731,priest,shadow,159,83,76
Dildocrates,darkspear,1730,priest,shadow,48,28,20
Inflate,frostmourne,1728,priest,shadow,54,29,25
Wizkxg,tichondrius,1726,priest,shadow,24,18,6
Estéve,wyrmrest-accord,1723,priest,shadow,89,42,47
Vashrapani,stormrage,1721,priest,shadow,123,67,56
Peggable,moon-guard,1718,priest,shadow,42,23,19
Brokentrojan,moon-guard,1718,priest,shadow,48,23,25
Sênju,thrall,1717,priest,shadow,47,24,23
Wafflezsp,frostmourne,1710,priest,shadow,84,39,45
Arthrix,sargeras,1709,priest,shadow,36,25,11
Snookp,kiljaeden,1709,priest,shadow,94,47,47
Niurouchuan,tichondrius,1709,priest,shadow,44,22,22
Nishishabi,tichondrius,1707,priest,shadow,48,24,24
Twoboo,bleeding-hollow,1701,priest,shadow,72,40,32
Pestee,quelthalas,1700,priest,shadow,124,76,48
Voidazepam,zuljin,1700,priest,shadow,84,49,35
Cavaliersr,ragnaros,1696,priest,shadow,90,53,37
Deadsp,thrall,1693,priest,shadow,85,44,41
Mepisth,sargeras,1692,priest,shadow,60,38,22
Mindgoblin,terokkar,1689,priest,shadow,36,18,18
Pengwinxl,agamaggan,1683,priest,shadow,36,20,16
Insanity,azuremyst,1682,priest,shadow,95,51,44
Deuz,quelthalas,1682,priest,shadow,48,23,25
Saintpleb,sargeras,1680,priest,shadow,80,53,27
Shadowforsho,sargeras,1680,priest,shadow,40,22,18
Woodney,ragnaros,1676,priest,shadow,30,19,11
Darkvagician,malganis,1676,priest,shadow,36,19,17
Evx,demon-soul,1673,priest,shadow,96,50,46
Ensanity,stormrage,1673,priest,shadow,48,24,24
Swungzebra,stormrage,1672,priest,shadow,134,81,53
Dream,tichondrius,1672,priest,shadow,42,22,20
Edai,malganis,1670,priest,shadow,110,60,50
Mindburn,nemesis,1670,priest,shadow,78,32,46
Shadowblastx,sargeras,1668,priest,shadow,42,25,17
Trenbologni,illidan,1668,priest,shadow,150,88,62
Fantasía,moon-guard,1668,priest,shadow,54,24,30
Kovie,twisting-nether,1667,priest,shadow,106,66,40
Desaros,tichondrius,1667,priest,shadow,42,24,18
Felrynpr,malganis,1665,priest,shadow,35,21,14
Nuggs,mannoroth,1665,priest,shadow,42,21,21
Mushill,tichondrius,1662,priest,shadow,48,26,22
Ellindria,spinebreaker,1658,priest,shadow,36,21,15
Zachlol,area-52,1658,priest,shadow,66,36,30
Kultil,dalaran,1656,priest,shadow,42,27,15
Gusho,frostmourne,1655,priest,shadow,169,87,82
Moonideli,moon-guard,1654,priest,shadow,30,19,11
Ilovealina,gorefiend,1653,priest,shadow,30,21,9
Shalla,blackrock,1652,priest,shadow,66,35,31
Disxlyec,barthilas,1640,priest,shadow,47,25,22
Partypriest,tichondrius,1637,priest,shadow,66,36,30
Murkqz,stormrage,1634,priest,shadow,42,24,18
Slasheal,caelestrasz,1633,priest,shadow,84,43,41
Nevertelsp,malganis,1632,priest,shadow,47,34,13
Cixelp,area-52,1631,priest,shadow,42,23,19
Amarexlol,stormrage,1629,priest,shadow,54,30,24
Safe,illidan,1629,priest,shadow,97,51,46
Milan,dalaran,1621,priest,shadow,30,20,10
Holydose,moon-guard,1621,priest,shadow,48,20,28
Drupith,dalaran,1620,priest,shadow,36,17,19
Dirtyysanta,tichondrius,1619,priest,shadow,29,18,11
Clownface,tichondrius,1619,priest,shadow,36,21,15
Bandages,stormreaver,1619,priest,shadow,92,51,41
Solstunn,moon-guard,1619,priest,shadow,48,24,24
Iogical,kelthuzad,1618,priest,shadow,116,70,46
Krazé,tichondrius,1617,priest,shadow,48,26,22
Skrillô,emerald-dream,1617,priest,shadow,42,20,22
Sodíum,wyrmrest-accord,1616,priest,shadow,42,20,22
Jeanbi,ragnaros,1615,priest,shadow,88,55,33
Psyfiend,alterac-mountains,1614,priest,shadow,30,17,13
Shwayp,zuljin,1612,priest,shadow,30,17,13
Mêdúsa,area-52,1611,priest,shadow,30,18,12
Ussmissouri,area-52,1611,priest,shadow,60,30,30
Littlewench,sargeras,1609,priest,shadow,43,25,18
Adopted,wyrmrest-accord,1607,priest,shadow,54,31,23
Manofmystery,dalaran,1605,priest,shadow,30,19,11
Sarâda,moon-guard,1604,priest,shadow,126,67,59
Clamchowdy,kiljaeden,1603,priest,shadow,27,18,9
Milkgrabber,bleeding-hollow,1603,priest,shadow,60,36,24
Dillydackx,sargeras,1601,priest,shadow,96,53,43
Hotphoyou,moon-guard,1600,priest,shadow,60,39,21
Manifestor,illidan,1600,priest,shadow,86,51,35
Scalpell,tichondrius,1600,priest,shadow,118,62,56
Giveheadpats,moon-guard,1599,priest,shadow,116,65,51
Wifegrip,tichondrius,1598,priest,shadow,42,19,23
Shadowkr,tichondrius,1594,priest,shadow,36,21,15
Voidshift,tichondrius,1593,priest,shadow,161,85,76
Graviton,tichondrius,1591,priest,shadow,54,31,23
Sigx,area-52,1590,priest,shadow,24,17,7
Fâêlyn,wyrmrest-accord,1589,priest,shadow,52,24,28
Xmewo,sargeras,1588,priest,shadow,35,19,16
Aethestan,zuljin,1587,priest,shadow,65,30,35
Voiders,area-52,1582,priest,shadow,139,80,59
Dovoso,kargath,1582,priest,shadow,30,17,13
Ajazz,zuljin,1578,priest,shadow,36,22,14
Khelleya,moon-guard,1578,priest,shadow,42,24,18
Krytical,illidan,1575,priest,shadow,86,52,34
Çummiñs,malganis,1575,priest,shadow,36,21,15
Heàvenly,moon-guard,1573,priest,shadow,36,21,15
Álvarez,tichondrius,1573,priest,shadow,44,22,22
Pumpss,area-52,1572,priest,shadow,44,24,20
Ezrashade,tichondrius,1570,priest,shadow,65,34,31
Iuka,emerald-dream,1570,priest,shadow,59,29,30
Moralism,moon-guard,1568,priest,shadow,115,70,45
Marantbourge,frostmourne,1566,priest,shadow,75,45,30
Sorrentin,ragnaros,1566,priest,shadow,58,31,27
Crazyherb,azralon,1565,priest,shadow,83,47,36
Ranthrough,tichondrius,1561,priest,shadow,42,29,13
Manic,skywall,1558,priest,shadow,78,42,36
Alex,boulderfist,1557,priest,shadow,54,31,23
Priestine,dreadmaul,1557,priest,shadow,96,48,48
Sìnz,area-52,1554,priest,shadow,24,20,4
Fig,nazgrel,1554,priest,shadow,66,33,33
Occult,bloodscalp,1552,priest,shadow,63,29,34
Softs,area-52,1549,priest,shadow,83,42,41
Cyanovoid,thrall,1549,priest,shadow,36,18,18
Nonamegame,sargeras,1548,priest,shadow,30,18,12
Wenger,crushridge,1546,priest,shadow,83,41,42
Ratleen,malganis,1545,priest,shadow,152,72,80
Whorticiå,area-52,1535,priest,shadow,53,25,28
Silero,dalaran,1534,priest,shadow,57,36,21
Carniosso,azralon,1532,priest,shadow,36,19,17
Imabeast,stormrage,1532,priest,shadow,52,26,26
Mealmassttr,frostmourne,1531,priest,shadow,36,18,18
Raptorjésus,azjolnerub,1530,priest,shadow,30,16,14
Lowkii,malfurion,1528,priest,shadow,45,33,12
Sochron,stormrage,1526,priest,shadow,62,28,34
Purpskurp,stormrage,1525,priest,shadow,42,20,22
Nexumbra,dunemaul,1521,priest,shadow,42,22,20
Shadowdurps,area-52,1520,priest,shadow,54,27,27
Rhoku,nesingwary,1519,priest,shadow,36,21,15
Márceline,stormrage,1514,priest,shadow,60,37,23
Delbringer,moon-guard,1513,priest,shadow,31,19,12
Faeinia,elune,1509,priest,shadow,75,45,30
Astoshan,moon-guard,1505,priest,shadow,83,53,30
Frankeebutt,stormrage,1501,priest,shadow,36,22,14
Swp,sargeras,1499,priest,shadow,30,21,9
Shibuu,moon-guard,1499,priest,shadow,28,16,12
Whitehandpr,tichondrius,1497,priest,shadow,175,86,89
Snuffp,sargeras,1494,priest,shadow,90,56,34
Marni,akama,1492,priest,shadow,36,22,14
Chenny,darkspear,1491,priest,shadow,44,27,17
Azheel,stormrage,1490,priest,shadow,65,26,39
Fïo,proudmoore,1488,priest,shadow,66,32,34
Øbara,frostmourne,1479,priest,shadow,28,18,10
Eunu,tichondrius,1478,priest,shadow,39,21,18
Azagthøth,ravenholdt,1478,priest,shadow,239,122,117
Antìdote,tichondrius,1474,priest,shadow,74,42,32
Dotdotwin,illidan,1472,priest,shadow,59,35,24
Methandrial,hyjal,1469,priest,shadow,42,22,20
Toddmund,tichondrius,1466,priest,shadow,29,16,13
Rhick,azralon,1462,priest,shadow,24,17,7
Plzdontlos,hyjal,1461,priest,shadow,36,22,14
Fritzi,shattered-hand,1456,priest,shadow,30,17,13
Numinous,wyrmrest-accord,1456,priest,shadow,68,35,33
Lelyna,stormrage,1454,priest,shadow,36,22,14
Habann,frostmourne,1451,priest,shadow,101,53,48
Thelordx,barthilas,1450,priest,shadow,48,23,25
Cuaiminator,ragnaros,1448,priest,shadow,72,39,33
Kadralin,illidan,1445,priest,shadow,42,21,21
Kokai,area-52,1440,priest,shadow,18,15,3
Plebcakès,sargeras,1440,priest,shadow,38,19,19
Bobbyvagene,area-52,1438,priest,shadow,30,15,15
Inmotion,tichondrius,1437,priest,shadow,24,15,9
Rida,zuljin,1436,priest,shadow,38,24,14
Drmuhammad,sargeras,1436,priest,shadow,24,15,9
Onegil,tichondrius,1436,priest,shadow,75,38,37
Sînkaî,demon-soul,1433,priest,shadow,48,29,19
Londy,area-52,1432,priest,shadow,194,95,99
ßroßraßroski,sargeras,1431,priest,shadow,36,22,14
Minamy,tichondrius,1430,priest,shadow,24,15,9
Vynlanesh,illidan,1429,priest,shadow,42,16,26
Esteedees,bonechewer,1427,priest,shadow,30,15,15
Brokenspc,tichondrius,1426,priest,shadow,24,15,9
Aguitardient,ragnaros,1426,priest,shadow,33,19,14
Stusy,tichondrius,1425,priest,shadow,47,32,15
Beckðn,tichondrius,1420,priest,shadow,43,21,22
Bigmollet,tichondrius,1418,priest,shadow,77,32,45
Bûdussy,bonechewer,1417,priest,shadow,31,17,14
Kilal,sargeras,1414,priest,shadow,30,20,10
Strokkerx,azralon,1411,priest,shadow,30,19,11
Sandelios,aggramar,1408,priest,shadow,42,28,14
Voidscrypt,thrall,1406,priest,shadow,100,60,40
Urspareparts,sargeras,1406,priest,shadow,81,45,36
Chewthefat,darkspear,1406,priest,shadow,29,15,14
Frorgnence,stormrage,1400,priest,shadow,30,22,8
Bigboyadam,frostmourne,1396,priest,shadow,34,23,11
Pepps,proudmoore,1396,priest,shadow,136,67,69
Deeaann,tichondrius,1395,priest,shadow,131,66,65
Suicider,emerald-dream,1395,priest,shadow,80,34,46
Mindboink,malganis,1392,priest,shadow,67,36,31
Dipírex,azralon,1389,priest,shadow,84,40,44
Lilmix,hydraxis,1388,priest,shadow,35,22,13
Fäÿë,tichondrius,1386,priest,shadow,54,26,28
Healztonic,dalaran,1380,priest,shadow,72,32,40
Wongÿ,tichondrius,1377,priest,shadow,24,20,4
Miniimenx,azralon,1375,priest,shadow,41,29,12
Saphet,draktharon,1373,priest,shadow,40,31,9
Locjawbe,area-52,1372,priest,shadow,23,16,7
Boogle,frostmourne,1370,priest,shadow,35,17,18
Spõõky,illidan,1368,priest,shadow,26,15,11
Tyisanity,tichondrius,1367,priest,shadow,62,29,33
Kwõnc,tichondrius,1355,priest,shadow,29,15,14
Showakoi,ragnaros,1355,priest,shadow,42,21,21
Maynard,ragnaros,1354,priest,shadow,36,19,17
Bastét,skullcrusher,1353,priest,shadow,99,54,45
Cmg,sargeras,1344,priest,shadow,24,14,10
Poague,area-52,1343,priest,shadow,24,14,10
Flay,dragonmaw,1342,priest,shadow,18,14,4
Cixelp,tichondrius,1342,priest,shadow,30,14,16
Aro,tichondrius,1342,priest,shadow,30,14,16
Xæl,tichondrius,1339,priest,shadow,30,17,13
Shén,barthilas,1336,priest,shadow,77,51,26
Shadork,area-52,1335,priest,shadow,25,15,10
Hüde,stormrage,1334,priest,shadow,90,47,43
Aedaki,garona,1333,priest,shadow,53,32,21
Nvøsuperstar,zuljin,1333,priest,shadow,30,14,16
Kuazi,khazgoroth,1327,priest,shadow,83,35,48
Dawnkìn,bleeding-hollow,1319,priest,shadow,54,26,28
Brothofnzoth,emerald-dream,1319,priest,shadow,30,14,16
Rammstèin,sargeras,1314,priest,shadow,30,14,16
Dahliá,frostmourne,1313,priest,shadow,36,16,20
Timreaper,barthilas,1311,priest,shadow,35,21,14
Cheez,tichondrius,1305,priest,shadow,46,18,28
Uncletouches,thrall,1303,priest,shadow,30,14,16
Mamofwar,arthas,1296,priest,shadow,66,29,37
Healingstats,tichondrius,1295,priest,shadow,23,14,9
Øvøxø,emerald-dream,1295,priest,shadow,33,15,18
Alvorr,ragnaros,1292,priest,shadow,24,15,9
Onipapae,frostmourne,1292,priest,shadow,24,14,10
Ancene,illidan,1290,priest,shadow,42,24,18
Vílja,moon-guard,1290,priest,shadow,35,15,20
Xannis,thrall,1285,priest,shadow,30,14,16
Zyræl,stormrage,1280,priest,shadow,61,26,35
Chádeervas,nemesis,1270,priest,shadow,27,17,10
Lyriczx,kelthuzad,1265,priest,shadow,36,15,21
Shadyvoodoo,barthilas,1260,priest,shadow,30,15,15
Bugsbright,tichondrius,1257,priest,shadow,50,21,29
Synergize,korgath,1254,priest,shadow,60,30,30
Jwx,malganis,1248,priest,shadow,18,13,5
Criminalsp,frostmourne,1248,priest,shadow,18,13,5
Madcuzyaknow,bleeding-hollow,1248,priest,shadow,24,13,11
Drossv,shadowmoon,1247,priest,shadow,30,13,17
Chinchillin,demon-soul,1246,priest,shadow,54,32,22
Avraf,sargeras,1246,priest,shadow,24,13,11
Jthreetx,kelthuzad,1246,priest,shadow,24,13,11
Headbrake,malganis,1246,priest,shadow,24,13,11
Bubblepop,blackhand,1245,priest,shadow,18,13,5
Blissily,sargeras,1245,priest,shadow,18,13,5
Yayonaise,tichondrius,1244,priest,shadow,24,13,11
Crayon,stormrage,1244,priest,shadow,30,13,17
Ashidox,proudmoore,1242,priest,shadow,27,14,13
Ascian,daggerspine,1239,priest,shadow,30,13,17
Dilly,tichondrius,1238,priest,shadow,21,14,7
Iuvrainee,area-52,1236,priest,shadow,24,13,11
Kaermor,stormrage,1227,priest,shadow,66,28,38
Simplyfaded,black-dragonflight,1226,priest,shadow,24,13,11
Harisleidy,quelthalas,1226,priest,shadow,24,13,11
Juicymist,moon-guard,1217,priest,shadow,18,13,5
Sorrowful,mannoroth,1208,priest,shadow,29,13,16
Discpi,illidan,1202,priest,shadow,78,34,44
Greyyan,wyrmrest-accord,1200,priest,shadow,71,35,36
Xedus,mannoroth,1192,priest,shadow,56,31,25
Ashtahius,ragnaros,1183,priest,shadow,35,20,15
Shadøwheal,stormrage,1180,priest,shadow,18,13,5
Darksheals,barthilas,1176,priest,shadow,30,22,8
Scriptö,fizzcrank,1172,priest,shadow,34,23,11
Nums,tichondrius,1168,priest,shadow,24,13,11
ßarracuda,illidan,1160,priest,shadow,24,13,11
Nozp,stormrage,1152,priest,shadow,24,12,12
Chazzwizz,area-52,1152,priest,shadow,24,12,12
Bubbyflay,area-52,1151,priest,shadow,18,12,6
Stresscube,tichondrius,1151,priest,shadow,22,13,9
Cozies,stormreaver,1151,priest,shadow,24,12,12
Zolgeta,exodar,1150,priest,shadow,18,13,5
Invincible,ragnaros,1149,priest,shadow,24,12,12
Flickmybick,sargeras,1146,priest,shadow,21,13,8
Aflstan,frostmourne,1146,priest,shadow,45,27,18
Shmage,malganis,1146,priest,shadow,24,12,12
Dayquills,illidan,1145,priest,shadow,24,12,12
Iminyou,kelthuzad,1144,priest,shadow,18,12,6
Bloodify,azralon,1143,priest,shadow,18,12,6
Knglizward,stormrage,1140,priest,shadow,59,33,26
Malikeht,drakkari,1136,priest,shadow,24,12,12
Lawgiva,thrall,1135,priest,shadow,18,12,6
Abolita,korgath,1112,priest,shadow,54,26,28
Antoz,kelthuzad,1107,priest,shadow,23,12,11
Aformoflove,tichondrius,1087,priest,shadow,23,12,11
Dots,tichondrius,1085,priest,shadow,23,12,11
Scormm,runetotem,1073,priest,shadow,24,13,11
Manofmystery,drenden,1071,priest,shadow,17,12,5
Urmorphine,area-52,1060,priest,shadow,152,78,74
Discipline,chogall,1056,priest,shadow,18,11,7
Patagoniabae,kelthuzad,1055,priest,shadow,12,11,1
Taylorsp,tichondrius,1055,priest,shadow,18,11,7
Xaneo,kelthuzad,1055,priest,shadow,18,11,7
Goodlife,frostmourne,1055,priest,shadow,18,11,7
Pwrwordsquee,lightbringer,1055,priest,shadow,18,11,7
Dispèrsion,darkspear,1055,priest,shadow,24,11,13
Büd,sargeras,1054,priest,shadow,18,11,7
Fouroneo,tichondrius,1054,priest,shadow,18,11,7
Darkshadows,ravenholdt,1052,priest,shadow,18,11,7
Senumbra,tichondrius,1049,priest,shadow,30,13,17
Badnfluence,kiljaeden,1046,priest,shadow,18,11,7
Coors,lightnings-blade,1046,priest,shadow,24,11,13
Layrissa,whisperwind,1043,priest,shadow,18,11,7
Xammys,malganis,1043,priest,shadow,18,11,7
Vinasky,moon-guard,1022,priest,shadow,26,12,14
Pluse,bonechewer,1020,priest,shadow,22,11,11
Galice,archimonde,1004,priest,shadow,42,19,23
Sinkz,ragnaros,992,priest,shadow,16,11,5
Pocket,alleria,991,priest,shadow,22,11,11
Healtheze,kelthuzad,989,priest,shadow,14,11,3
Jhivagosp,tichondrius,988,priest,shadow,22,11,11
Daemoon,deathwing,973,priest,shadow,20,12,8
Discountay,burning-legion,965,priest,shadow,20,11,9
Illushadio,area-52,963,priest,shadow,15,12,3
Mmrassassin,stormrage,960,priest,shadow,12,10,2
Claudiosip,tichondrius,960,priest,shadow,12,10,2
Ðemi,zuljin,960,priest,shadow,12,10,2
Anoumenon,tichondrius,960,priest,shadow,18,10,8
Evilgeniusx,area-52,960,priest,shadow,18,10,8
Alisasa,tichondrius,960,priest,shadow,18,10,8
Gelato,velen,960,priest,shadow,18,10,8
Inflìctìøn,frostmourne,959,priest,shadow,12,10,2
Synergia,drakkari,959,priest,shadow,12,10,2
Verbeka,nemesis,959,priest,shadow,12,10,2
Míslead,kelthuzad,959,priest,shadow,12,10,2
Philmacrakn,stormrage,959,priest,shadow,18,10,8
Radicional,azralon,959,priest,shadow,18,10,8
Sakuraginero,illidan,959,priest,shadow,18,10,8
Xtradotz,tichondrius,959,priest,shadow,18,10,8
Dorraheals,tichondrius,959,priest,shadow,21,11,10
Nodoubt,barthilas,959,priest,shadow,24,10,14
Terý,dalaran,959,priest,shadow,24,10,14
Ightdoe,zuljin,958,priest,shadow,12,10,2
Porffy,malygos,958,priest,shadow,18,10,8
Volkova,quelthalas,958,priest,shadow,18,10,8
Eraseme,bleeding-hollow,958,priest,shadow,18,10,8
Amideus,dunemaul,958,priest,shadow,24,10,14
Exigyo,quelthalas,957,priest,shadow,23,13,10
Nightcráwler,illidan,957,priest,shadow,18,10,8
Tye,medivh,957,priest,shadow,18,10,8
Rizzle,emerald-dream,956,priest,shadow,18,10,8
Kibariyb,drakkari,956,priest,shadow,24,10,14
Gankdalf,draktharon,955,priest,shadow,18,10,8
Emlix,tichondrius,954,priest,shadow,24,10,14
Thrageqt,sargeras,908,priest,shadow,20,11,9
Machinecoach,stormrage,895,priest,shadow,22,10,12
Exen,moon-guard,894,priest,shadow,18,11,7
Yoggsarodney,tichondrius,880,priest,shadow,13,10,3
Palumorp,deathwing,864,priest,shadow,12,9,3
Jeseck,quelthalas,864,priest,shadow,12,9,3
Feverx,tichondrius,864,priest,shadow,12,9,3
Gershwinner,daggerspine,864,priest,shadow,18,9,9
Royx,stormreaver,864,priest,shadow,18,9,9
Teddipriest,tichondrius,864,priest,shadow,18,9,9
Beloriath,ragnaros,863,priest,shadow,12,9,3
Ðecease,thrall,863,priest,shadow,18,9,9
Vaala,jubeithos,863,priest,shadow,18,9,9
Sempiternus,barthilas,863,priest,shadow,18,9,9
Delrey,sargeras,863,priest,shadow,18,9,9
Stepho,dalaran,863,priest,shadow,18,9,9
Woosanghong,tichondrius,863,priest,shadow,18,9,9
Fancycorpse,tichondrius,863,priest,shadow,24,9,15
Suirr,tichondrius,862,priest,shadow,12,9,3
Shadowyeti,illidan,862,priest,shadow,12,9,3
Everblack,executus,862,priest,shadow,12,9,3
Touchypriest,jaedenar,862,priest,shadow,18,9,9
Constentien,tichondrius,862,priest,shadow,18,9,9
Ikillfast,tichondrius,862,priest,shadow,18,9,9
Dóctóre,thrall,862,priest,shadow,18,9,9
Shadowflux,thunderlord,862,priest,shadow,30,9,21
Wobbleskank,tichondrius,861,priest,shadow,12,9,3
Grimdox,tichondrius,861,priest,shadow,12,9,3
Melas,stormrage,861,priest,shadow,24,9,15
Viejiyoh,ragnaros,860,priest,shadow,18,9,9
Beansontoast,wyrmrest-accord,857,priest,shadow,12,9,3
Zaxine,moon-guard,854,priest,shadow,30,9,21
Hibot,illidan,849,priest,shadow,24,9,15
Kagamì,frostmane,843,priest,shadow,31,9,22
Cymin,dalaran,816,priest,shadow,21,10,11
Jydge,tichondrius,815,priest,shadow,15,10,5
Jeängrey,tichondrius,815,priest,shadow,15,10,5
Stylonious,hyjal,815,priest,shadow,15,9,6
Buc,barthilas,813,priest,shadow,15,9,6
Pristoleiro,azralon,799,priest,shadow,11,9,2
Fedodesubaco,gallywix,782,priest,shadow,21,10,11
Nutdrip,tichondrius,768,priest,shadow,12,8,4
Stungods,frostmourne,768,priest,shadow,12,8,4
Oxycodex,thrall,768,priest,shadow,12,8,4
Nohealerhere,frostmourne,768,priest,shadow,12,8,4
Lastbubble,area-52,768,priest,shadow,12,8,4
Aspéct,aegwynn,768,priest,shadow,12,8,4
Saintjudys,tichondrius,768,priest,shadow,12,8,4
Skraitbussin,tichondrius,768,priest,shadow,12,8,4
Ruzhi,moon-guard,768,priest,shadow,12,8,4
Dazull,bleeding-hollow,768,priest,shadow,12,8,4
Cloribestmom,tichondrius,768,priest,shadow,12,8,4
Silentólògy,malganis,768,priest,shadow,12,8,4
Remedio,emerald-dream,768,priest,shadow,15,8,7
Lillyp,malganis,768,priest,shadow,18,8,10
Deacoderx,area-52,768,priest,shadow,18,8,10
Àústîn,moon-guard,768,priest,shadow,18,8,10
Madcaddies,bonechewer,768,priest,shadow,18,8,10
Originull,emerald-dream,768,priest,shadow,18,8,10
Skepix,lightbringer,768,priest,shadow,18,8,10
Krelaeren,tichondrius,768,priest,shadow,24,8,16
Deadcode,frostmane,768,priest,shadow,25,8,17
Trollypriest,darkspear,767,priest,shadow,12,8,4
Tungus,shadowsong,767,priest,shadow,12,8,4
Easyrevenge,kelthuzad,767,priest,shadow,12,8,4
Shadowlords,emerald-dream,767,priest,shadow,12,8,4
Rogspriest,sargeras,767,priest,shadow,12,8,4
Hairyboxx,frostmourne,767,priest,shadow,12,8,4
Priestzerath,azralon,767,priest,shadow,18,8,10
Chinkatron,frostmourne,767,priest,shadow,18,8,10
Badxjuju,frostmourne,767,priest,shadow,18,8,10
Xora,frostmourne,766,priest,shadow,12,8,4
Krypts,shadow-council,766,priest,shadow,12,8,4
Aránhell,ragnaros,766,priest,shadow,12,8,4
Grianné,mannoroth,766,priest,shadow,12,8,4
Solrina,khazgoroth,766,priest,shadow,12,8,4
Jinzan,stormrage,766,priest,shadow,18,8,10
Leach,darkspear,766,priest,shadow,24,8,16
Aeingel,amanthul,766,priest,shadow,24,8,16
Drkwispers,stormrage,762,priest,shadow,18,8,10
Castnngcouch,tichondrius,762,priest,shadow,18,8,10
Sôuljah,skywall,760,priest,shadow,26,10,16
Battlepope,the-scryers,755,priest,shadow,20,9,11
Memoria,emerald-dream,751,priest,shadow,15,9,6
Vyabl,thrall,734,priest,shadow,18,9,9
Võid,tichondrius,719,priest,shadow,17,8,9
Meegoshy,azuremyst,718,priest,shadow,17,8,9
Silmeriá,darkspear,714,priest,shadow,23,9,14
Mikó,dawnbringer,714,priest,shadow,29,10,19
Blackaries,frostmourne,672,priest,shadow,12,7,5
Bestpimp,frostmane,672,priest,shadow,12,7,5
Fireballingg,tichondrius,672,priest,shadow,12,7,5
Duhpriest,frostmourne,672,priest,shadow,12,7,5
Didy,dark-iron,672,priest,shadow,12,7,5
Ethandryl,kelthuzad,672,priest,shadow,12,7,5
Iluvwizkx,malganis,672,priest,shadow,12,7,5
Soný,stormrage,672,priest,shadow,12,7,5
Smitepie,malganis,672,priest,shadow,12,7,5
Moonlightx,destromath,672,priest,shadow,12,7,5
Phéonìx,zuljin,672,priest,shadow,12,7,5
Fatzoid,the-forgotten-coast,672,priest,shadow,12,7,5
Bucksp,zuljin,672,priest,shadow,12,7,5
Bugweeb,sargeras,672,priest,shadow,12,7,5
Xtcbtc,sargeras,672,priest,shadow,12,7,5
Bornagain,gundrak,672,priest,shadow,12,7,5
Nightelffeet,stormrage,672,priest,shadow,12,7,5
Grëýmåttèr,moon-guard,672,priest,shadow,12,7,5
Lontra,zangarmarsh,672,priest,shadow,12,7,5
Oohhmágáá,azralon,672,priest,shadow,12,7,5
Jojoxxz,illidan,672,priest,shadow,12,7,5
Scarabless,bleeding-hollow,672,priest,shadow,12,7,5
Aeøns,sargeras,672,priest,shadow,12,7,5
Gles,quelthalas,672,priest,shadow,13,7,6
Netheerix,tichondrius,672,priest,shadow,13,7,6
Evelën,azralon,672,priest,shadow,18,7,11
Acpriest,tichondrius,672,priest,shadow,18,7,11
Chês,tichondrius,672,priest,shadow,24,7,17
Foli,zuljin,671,priest,shadow,12,7,5
Darkrics,barthilas,671,priest,shadow,12,7,5
Moonpenance,windrunner,671,priest,shadow,12,7,5
Voltstein,dalaran,671,priest,shadow,12,7,5
Havefaith,whisperwind,671,priest,shadow,18,7,11
Jiedx,tichondrius,671,priest,shadow,18,7,11
Mortivore,azralon,671,priest,shadow,18,7,11
Pottime,tichondrius,671,priest,shadow,18,7,11
Deffaultz,turalyon,671,priest,shadow,18,7,11
Task,korgath,671,priest,shadow,18,7,11
Montcrief,tichondrius,670,priest,shadow,12,7,5
Puerquirri,quelthalas,670,priest,shadow,12,7,5
Nerfdisc,azralon,670,priest,shadow,12,7,5
Tonybromoo,kelthuzad,670,priest,shadow,12,7,5
Iseeyoulookn,stormrage,670,priest,shadow,16,8,8
Shadzie,sargeras,670,priest,shadow,18,7,11
Gabryanna,emerald-dream,669,priest,shadow,24,7,17
Fightgirl,kelthuzad,666,priest,shadow,12,7,5
Popejack,stormrage,654,priest,shadow,17,7,10
Metaila,aerie-peak,639,priest,shadow,11,7,4
Lucifena,darkspear,639,priest,shadow,11,7,4
Propumper,dalaran,607,priest,shadow,11,7,4
Nizeurflayzz,tichondrius,607,priest,shadow,11,7,4
Flowerpetals,emerald-dream,599,priest,shadow,21,7,14
Mastahmind,illidan,591,priest,shadow,13,7,6
Ìforted,zuljin,587,priest,shadow,19,7,12
Àx,draka,584,priest,shadow,17,8,9
Freebolte,frostmourne,576,priest,shadow,6,6,0
Madmelter,emerald-dream,576,priest,shadow,6,6,0
Nekkz,sargeras,576,priest,shadow,6,6,0
Sydgames,area-52,576,priest,shadow,6,6,0
Moonwald,moon-guard,576,priest,shadow,6,6,0
Dernièreplac,blackrock,576,priest,shadow,8,6,2
Deckx,khazgoroth,576,priest,shadow,10,7,3
Tiernocookie,illidan,576,priest,shadow,12,6,6
Arzeuz,ragnaros,576,priest,shadow,12,6,6
Xionys,sargeras,576,priest,shadow,12,6,6
Disembly,illidan,576,priest,shadow,12,6,6
Imhðtep,ragnaros,576,priest,shadow,12,6,6
Heàl,akama,576,priest,shadow,12,6,6
Cxrsed,illidan,576,priest,shadow,12,6,6
Fxxkdamn,tichondrius,576,priest,shadow,12,6,6
Tidals,sargeras,576,priest,shadow,12,6,6
Evansong,frostmane,576,priest,shadow,12,6,6
Virsyti,area-52,576,priest,shadow,12,6,6
Bearuwu,frostmourne,576,priest,shadow,12,6,6
Verbane,frostmourne,576,priest,shadow,12,6,6
Pootzy,malganis,576,priest,shadow,12,6,6
Bipölar,area-52,576,priest,shadow,12,6,6
Imshadow,azralon,576,priest,shadow,12,6,6
Lirien,kelthuzad,576,priest,shadow,12,6,6
Spriestbro,emerald-dream,576,priest,shadow,12,6,6
Lostnlight,aggramar,576,priest,shadow,12,6,6
Cathery,tichondrius,576,priest,shadow,12,6,6
Rachelstarrx,hyjal,576,priest,shadow,12,6,6
Sped,saurfang,576,priest,shadow,12,6,6
Studiosxz,tichondrius,576,priest,shadow,12,6,6
Qadris,tichondrius,576,priest,shadow,12,6,6
Shadeven,nagrand,576,priest,shadow,12,6,6
Ticklefingrs,malganis,576,priest,shadow,12,6,6
Nüt,malganis,576,priest,shadow,12,6,6
Voidhearted,tichondrius,576,priest,shadow,12,6,6
Mks,barthilas,576,priest,shadow,12,6,6
Mindgamez,stormreaver,576,priest,shadow,18,6,12
Caeda,icecrown,576,priest,shadow,18,6,12
Swurvexo,bleeding-hollow,576,priest,shadow,18,6,12
Finfangfoom,laughing-skull,576,priest,shadow,18,6,12
Soulrulerx,tichondrius,576,priest,shadow,18,6,12
Cykle,blackrock,576,priest,shadow,24,6,18
Xð,jubeithos,575,priest,shadow,12,6,6
Ed,crushridge,575,priest,shadow,12,6,6
Vashyy,stormrage,575,priest,shadow,12,6,6
Synkiz,darkspear,575,priest,shadow,12,6,6
Crashed,frostmourne,575,priest,shadow,12,6,6
Drsonny,proudmoore,575,priest,shadow,12,6,6
Nyktøs,quelthalas,575,priest,shadow,18,6,12
Likeleela,azshara,575,priest,shadow,18,6,12
Duhk,moon-guard,574,priest,shadow,12,6,6
Pandarue,tichondrius,574,priest,shadow,15,7,8
Jamashud,mannoroth,571,priest,shadow,12,6,6
Raelintha,kelthuzad,571,priest,shadow,15,7,8
Rotass,hyjal,559,priest,shadow,11,6,5
Niark,frostmourne,527,priest,shadow,11,6,5
Holydestroyr,dentarg,527,priest,shadow,21,6,15
Kundalini,boulderfist,526,priest,shadow,11,6,5
Totorostarp,tichondrius,521,priest,shadow,22,8,14
Wololo,emerald-dream,480,priest,shadow,6,5,1
Rattyp,barthilas,480,priest,shadow,6,5,1
Ahleven,tichondrius,480,priest,shadow,6,5,1
Altera,drakkari,480,priest,shadow,6,5,1
Hadoka,ragnaros,480,priest,shadow,6,5,1
Voltétt,tichondrius,480,priest,shadow,6,5,1
Nawtyforever,tichondrius,480,priest,shadow,6,5,1
Valerift,moon-guard,480,priest,shadow,6,5,1
Fiéstah,illidan,480,priest,shadow,6,5,1
Jezebëll,nemesis,480,priest,shadow,6,5,1
Aqurielen,turalyon,480,priest,shadow,6,5,1
Celypriest,moon-guard,480,priest,shadow,6,5,1
Talkura,tichondrius,480,priest,shadow,6,5,1
Lillyspr,malganis,480,priest,shadow,6,5,1
Diyel,area-52,480,priest,shadow,6,5,1
Chervz,chogall,480,priest,shadow,6,5,1
Kaidow,wyrmrest-accord,480,priest,shadow,6,5,1
Tensorflow,tichondrius,480,priest,shadow,6,5,1
Rykispriest,tichondrius,480,priest,shadow,6,5,1
Megamind,elune,480,priest,shadow,6,5,1
Bradythree,moon-guard,480,priest,shadow,6,5,1
Seanuts,emerald-dream,480,priest,shadow,6,5,1
Drteabaghaam,zuljin,480,priest,shadow,6,5,1
Flynni,bleeding-hollow,480,priest,shadow,6,5,1
Shadowjisha,emerald-dream,480,priest,shadow,9,6,3
Veressà,quelthalas,480,priest,shadow,10,6,4
Goblindruid,bleeding-hollow,480,priest,shadow,12,5,7
Helleamh,tichondrius,480,priest,shadow,12,5,7
Pokeyoobutt,hydraxis,480,priest,shadow,12,5,7
Flukex,tichondrius,480,priest,shadow,12,5,7
Healixd,area-52,480,priest,shadow,12,5,7
Littledog,velen,480,priest,shadow,12,5,7
Sársaukis,illidan,480,priest,shadow,12,5,7
Minnowhead,kelthuzad,480,priest,shadow,12,5,7
Lucariö,area-52,480,priest,shadow,12,5,7
Sècret,tichondrius,480,priest,shadow,12,5,7
Ramaven,arygos,480,priest,shadow,12,5,7
Arataxx,area-52,480,priest,shadow,12,5,7
Stankychimpo,malganis,480,priest,shadow,12,5,7
Moä,nemesis,480,priest,shadow,12,5,7
Orderic,ragnaros,480,priest,shadow,12,5,7
Wowgreatgame,tichondrius,480,priest,shadow,12,5,7
Cryptron,tichondrius,480,priest,shadow,12,5,7
Onizukakeiji,hyjal,480,priest,shadow,12,5,7
Optimism,frostmane,480,priest,shadow,12,5,7
Hygeïa,lightbringer,480,priest,shadow,12,5,7
Spriest,kul-tiras,480,priest,shadow,12,5,7
Keepsleepin,stormrage,480,priest,shadow,12,5,7
Faydes,arthas,480,priest,shadow,13,5,8
Zerohoür,emerald-dream,480,priest,shadow,16,6,10
Stillmatick,tichondrius,480,priest,shadow,16,6,10
Nedajoon,tichondrius,480,priest,shadow,17,6,11
Sybal,suramar,480,priest,shadow,19,5,14
Halselin,senjin,479,priest,shadow,12,5,7
Amestroada,nemesis,479,priest,shadow,12,5,7
Wolfeclipse,sargeras,479,priest,shadow,12,5,7
Sacerthu,goldrinn,479,priest,shadow,12,5,7
Ragnálodbrok,ragnaros,479,priest,shadow,12,5,7
Rippmmr,frostmourne,479,priest,shadow,18,5,13
Antiraus,aerie-peak,478,priest,shadow,12,5,7
Wiiuwiiu,malganis,447,priest,shadow,11,5,6
Forober,queldorei,446,priest,shadow,10,6,4
Ryanrealz,tichondrius,432,priest,shadow,9,6,3
Sohalex,tichondrius,431,priest,shadow,11,5,6
Reignsp,malganis,400,priest,shadow,7,5,2
Ampela,dalaran,400,priest,shadow,13,5,8
Nizr,bleeding-hollow,399,priest,shadow,5,5,0
Ikiteforhash,zuljin,384,priest,shadow,6,4,2
Krythe,laughing-skull,384,priest,shadow,6,4,2
Sungsh,zuljin,384,priest,shadow,6,4,2
Whosjoe,tichondrius,384,priest,shadow,6,4,2
Zeacho,proudmoore,384,priest,shadow,6,4,2
Äni,sargeras,384,priest,shadow,6,4,2
Guillotine,azralon,384,priest,shadow,6,4,2
Wodturbo,bleeding-hollow,384,priest,shadow,6,4,2
Seedisc,kelthuzad,384,priest,shadow,6,4,2
Bax,kilrogg,384,priest,shadow,6,4,2
Minarhy,moon-guard,384,priest,shadow,6,4,2
Delai,dalaran,384,priest,shadow,6,4,2
Nås,elune,384,priest,shadow,6,4,2
Ayzen,emerald-dream,384,priest,shadow,6,4,2
Chicoryx,illidan,384,priest,shadow,6,4,2
Haedn,azralon,384,priest,shadow,6,4,2
Uploading,moon-guard,384,priest,shadow,6,4,2
Airil,mugthol,384,priest,shadow,6,4,2
Diskordia,stormrage,384,priest,shadow,6,4,2
Shieldspamx,tichondrius,384,priest,shadow,6,4,2
Cheach,echo-isles,384,priest,shadow,6,4,2
Yuricksus,malganis,384,priest,shadow,6,4,2
Rôss,tichondrius,384,priest,shadow,6,4,2
Plushys,emerald-dream,384,priest,shadow,6,4,2
Comoli,tichondrius,384,priest,shadow,6,4,2
Prostrat,deathwing,384,priest,shadow,6,4,2
Jah,frostmourne,384,priest,shadow,6,4,2
Mentalprison,khazgoroth,384,priest,shadow,6,4,2
Mòrbídìtý,area-52,384,priest,shadow,6,4,2
Ydonburi,tichondrius,384,priest,shadow,6,4,2
Sleezi,emerald-dream,384,priest,shadow,6,4,2
Slimfo,sargeras,384,priest,shadow,6,4,2
Feminizm,tichondrius,384,priest,shadow,6,4,2
Itha,illidan,384,priest,shadow,6,4,2
Sãoleozinho,azralon,384,priest,shadow,6,4,2
Voidathon,sargeras,384,priest,shadow,6,4,2
Valtres,tichondrius,384,priest,shadow,6,4,2
Killían,darkspear,384,priest,shadow,6,4,2
Härpocrates,area-52,384,priest,shadow,6,4,2
Sukes,korgath,384,priest,shadow,6,4,2
Floofball,medivh,384,priest,shadow,6,4,2
Oldmanlou,spirestone,384,priest,shadow,6,4,2
Tiinkerbell,moon-guard,384,priest,shadow,6,4,2
Ciem,tichondrius,384,priest,shadow,6,4,2
Kynyssaelz,proudmoore,384,priest,shadow,6,4,2
Duckdemon,ragnaros,384,priest,shadow,6,4,2
Icarryozz,darkspear,384,priest,shadow,6,4,2
Saevita,area-52,384,priest,shadow,6,4,2
Prydas,tichondrius,384,priest,shadow,6,4,2
Mitogen,malganis,384,priest,shadow,6,4,2
Despairx,tichondrius,384,priest,shadow,6,4,2
Marfas,illidan,384,priest,shadow,8,5,3
Mfn,deathwing,384,priest,shadow,11,4,7
Dialis,frostmourne,384,priest,shadow,12,4,8
Holydrop,sargeras,384,priest,shadow,12,4,8
Fatäl,moon-guard,384,priest,shadow,12,4,8
Alucardibee,turalyon,384,priest,shadow,12,4,8
Akuvurá,nemesis,384,priest,shadow,12,4,8
Nonbinary,trollbane,384,priest,shadow,12,4,8
Elogant,frostmourne,384,priest,shadow,12,4,8
Influencing,moon-guard,384,priest,shadow,12,4,8
Reverendpope,tichondrius,384,priest,shadow,12,4,8
Deathbyhot,gorefiend,384,priest,shadow,12,4,8
Jikoguu,stormscale,384,priest,shadow,12,4,8
Junethegreat,tichondrius,384,priest,shadow,12,4,8
Tokaru,frostmourne,384,priest,shadow,12,4,8
Himikko,illidan,384,priest,shadow,12,4,8
Lätöxïkä,alleria,384,priest,shadow,12,4,8
Mannyelf,ragnaros,384,priest,shadow,12,4,8
Heheheg,tichondrius,384,priest,shadow,12,4,8
Vaeryl,stormrage,384,priest,shadow,12,4,8
Tenaebreu,tichondrius,384,priest,shadow,13,4,9
Arca,cenarion-circle,384,priest,shadow,18,4,14
Unfriend,sargeras,383,priest,shadow,12,4,8
Whisper,zuljin,383,priest,shadow,12,4,8
Lightbanter,emerald-dream,383,priest,shadow,12,4,8
Jammý,barthilas,383,priest,shadow,12,4,8
Kkpriest,frostmourne,382,priest,shadow,6,4,2
Geulis,illidan,382,priest,shadow,12,4,8
Bwansandi,blackrock,370,priest,shadow,38,8,30
Thotsndots,blood-furnace,351,priest,shadow,8,5,3
Maldicius,emerald-dream,351,priest,shadow,11,4,7
Swaggylee,tichondrius,320,priest,shadow,10,4,6
Yrrep,kelthuzad,320,priest,shadow,10,4,6
Dtbündertree,nordrassil,319,priest,shadow,5,4,1
Chü,dalaran,319,priest,shadow,8,4,4
Peazyqt,tichondrius,304,priest,shadow,7,4,3
Jeffgordo,tichondrius,288,priest,shadow,6,3,3
Shakarot,illidan,288,priest,shadow,6,3,3
ßoy,amanthul,288,priest,shadow,6,3,3
Xandir,kaelthas,288,priest,shadow,6,3,3
Voidballs,tichondrius,288,priest,shadow,6,3,3
Rigotakx,illidan,288,priest,shadow,6,3,3
Ayooblitz,guldan,288,priest,shadow,6,3,3
Likesshadows,tichondrius,288,priest,shadow,6,3,3
Eddysmokes,tichondrius,288,priest,shadow,6,3,3
Hårper,area-52,288,priest,shadow,6,3,3
Chroma,amanthul,288,priest,shadow,6,3,3
Ripchadman,tichondrius,288,priest,shadow,6,3,3
Bbeaie,tichondrius,288,priest,shadow,6,3,3
Soloqqt,tichondrius,288,priest,shadow,6,3,3
Empyreanlite,dalaran,288,priest,shadow,6,3,3
Lucènt,frostmourne,288,priest,shadow,6,3,3
Sealife,kelthuzad,288,priest,shadow,6,3,3
Hriest,tichondrius,288,priest,shadow,6,3,3
Unholyreáper,magtheridon,288,priest,shadow,6,3,3
Fenix,bloodhoof,288,priest,shadow,6,3,3
Moselol,tichondrius,288,priest,shadow,6,3,3
Whittysp,tichondrius,288,priest,shadow,6,3,3
Cappoo,tichondrius,288,priest,shadow,6,3,3
Halîth,terenas,288,priest,shadow,6,3,3
Döllyy,illidan,288,priest,shadow,6,3,3
Leyspring,moon-guard,288,priest,shadow,6,3,3
Samio,area-52,288,priest,shadow,6,3,3
Drognar,lightbringer,288,priest,shadow,6,3,3
Shadelink,tichondrius,288,priest,shadow,6,3,3
Reâpêr,kelthuzad,288,priest,shadow,6,3,3
Vanisa,hellscream,288,priest,shadow,6,3,3
Twistedtéa,garrosh,288,priest,shadow,6,3,3
Issaley,tichondrius,288,priest,shadow,6,3,3
Creata,frostmourne,288,priest,shadow,6,3,3
Unclelively,dragonmaw,288,priest,shadow,6,3,3
Furìøns,nemesis,288,priest,shadow,6,3,3
Wrathhealer,hellscream,288,priest,shadow,6,3,3
Slogger,illidan,288,priest,shadow,6,3,3
Achllia,proudmoore,288,priest,shadow,6,3,3
Nizanz,illidan,288,priest,shadow,6,3,3
Caiitlynn,quelthalas,288,priest,shadow,6,3,3
Fhelurian,quelthalas,288,priest,shadow,6,3,3
Pogchamp,alterac-mountains,288,priest,shadow,6,3,3
Dumpesitwo,frostmourne,288,priest,shadow,6,3,3
Lolsodacans,malganis,288,priest,shadow,6,3,3
Nuclease,turalyon,288,priest,shadow,6,3,3
Elitë,frostmourne,288,priest,shadow,6,3,3
Mallox,quelthalas,288,priest,shadow,6,3,3
Studpriest,tichondrius,288,priest,shadow,6,3,3
Diddlur,black-dragonflight,288,priest,shadow,6,3,3
Aliciab,andorhal,288,priest,shadow,6,3,3
Badbwoi,frostmourne,288,priest,shadow,6,3,3
Xuxu,frostmourne,288,priest,shadow,6,3,3
Snackabre,moon-guard,288,priest,shadow,6,3,3
Kindyx,ragnaros,288,priest,shadow,6,3,3
Intheway,bleeding-hollow,288,priest,shadow,6,3,3
Jugeum,proudmoore,288,priest,shadow,6,3,3
Zuuji,frostmourne,288,priest,shadow,6,3,3
Quantumgoat,tichondrius,288,priest,shadow,6,3,3
Toxictampax,azjolnerub,288,priest,shadow,6,3,3
Haransimongo,area-52,288,priest,shadow,6,3,3
Etherrion,area-52,288,priest,shadow,6,3,3
Heihunüwang,kargath,288,priest,shadow,6,3,3
Sandrö,sargeras,288,priest,shadow,6,3,3
Valloren,kalecgos,288,priest,shadow,6,3,3
Xxmewo,sargeras,288,priest,shadow,6,3,3
Worldhealer,area-52,288,priest,shadow,6,3,3
Îcecube,sargeras,288,priest,shadow,6,3,3
Thaumaturgy,chogall,288,priest,shadow,6,3,3
Alykus,emerald-dream,288,priest,shadow,6,3,3
Shadhoee,sargeras,288,priest,shadow,6,3,3
Synisteria,sargeras,288,priest,shadow,6,3,3
Sohalexs,tichondrius,288,priest,shadow,6,3,3
Ossirus,emerald-dream,288,priest,shadow,6,3,3
Limèria,emerald-dream,288,priest,shadow,6,3,3
Seniorpickle,emerald-dream,288,priest,shadow,6,3,3
Nawzyh,emerald-dream,288,priest,shadow,6,3,3
Onahaihu,tichondrius,288,priest,shadow,9,4,5
Dunnbledore,area-52,288,priest,shadow,12,3,9
Alphawon,area-52,288,priest,shadow,12,3,9
Stantz,burning-legion,288,priest,shadow,12,3,9
Shadowpain,the-underbog,288,priest,shadow,12,3,9
Torangi,tichondrius,288,priest,shadow,12,3,9
Csonka,stormrage,288,priest,shadow,12,3,9
Sybenela,proudmoore,288,priest,shadow,12,3,9
Azrothlol,kul-tiras,288,priest,shadow,12,3,9
Shadowbishop,barthilas,287,priest,shadow,6,3,3
Angro,ragnaros,287,priest,shadow,6,3,3
Grímmz,veknilash,287,priest,shadow,7,3,4
Bernhard,azralon,239,priest,shadow,5,3,2
Wetleaftx,chogall,234,priest,shadow,6,4,2
Alip,tichondrius,192,priest,shadow,4,3,1
Shadowblax,thrall,192,priest,shadow,4,3,1
Vtplz,bleeding-hollow,192,priest,shadow,4,3,1
Kryoff,illidan,192,priest,shadow,6,2,4
Wdnmmd,proudmoore,192,priest,shadow,6,2,4
Senadori,azjolnerub,192,priest,shadow,6,2,4
Lzzp,azralon,192,priest,shadow,6,2,4
Pikeysplol,illidan,192,priest,shadow,6,2,4
Fatzzbtw,illidan,192,priest,shadow,6,2,4
Sekhen,area-52,192,priest,shadow,6,2,4
Bumbleedot,azralon,192,priest,shadow,6,2,4
Cryptoccocus,zuljin,192,priest,shadow,6,2,4
Darkenside,moon-guard,192,priest,shadow,6,2,4
Innergee,aegwynn,192,priest,shadow,6,2,4
Midget,darkspear,192,priest,shadow,6,2,4
Murkqz,azralon,192,priest,shadow,6,2,4
Byungsik,terenas,192,priest,shadow,6,2,4
Ateras,emerald-dream,192,priest,shadow,6,2,4
Scaryspise,nathrezim,192,priest,shadow,6,2,4
Orethon,thrall,192,priest,shadow,6,2,4
Benjamints,thrall,192,priest,shadow,6,2,4
Furryoflife,suramar,192,priest,shadow,6,2,4
Yungjim,the-forgotten-coast,192,priest,shadow,6,2,4
Hurtfeet,sargeras,192,priest,shadow,6,2,4
Warklaw,frostmourne,192,priest,shadow,6,2,4
Dippyzs,alterac-mountains,192,priest,shadow,6,2,4
Såx,stormreaver,192,priest,shadow,6,2,4
Projectalice,ravencrest,192,priest,shadow,6,2,4
Xeras,ravencrest,192,priest,shadow,6,2,4
Sâishâ,proudmoore,192,priest,shadow,6,2,4
Mitoloshi,ragnaros,192,priest,shadow,6,2,4
Hail,kaelthas,192,priest,shadow,6,2,4
Emmitson,scarlet-crusade,192,priest,shadow,6,2,4
Laq,proudmoore,192,priest,shadow,6,2,4
Slctivhealng,area-52,192,priest,shadow,6,2,4
Hevnlyst,proudmoore,192,priest,shadow,6,2,4
Shrax,emerald-dream,192,priest,shadow,6,2,4
Psychohazard,area-52,192,priest,shadow,6,2,4
Priést,stormrage,192,priest,shadow,6,2,4
Anxìetý,area-52,192,priest,shadow,6,2,4
Apâthy,area-52,192,priest,shadow,6,2,4
Kabutta,stormrage,192,priest,shadow,6,2,4
Quinnx,tichondrius,192,priest,shadow,6,2,4
Ëlliot,stormrage,192,priest,shadow,6,2,4
Sshhaaddooww,tichondrius,192,priest,shadow,6,2,4
Horsegirls,kelthuzad,192,priest,shadow,6,2,4
Selspriest,kelthuzad,192,priest,shadow,6,2,4
Onlyphantoms,kelthuzad,192,priest,shadow,6,2,4
Zyte,stormrage,192,priest,shadow,6,2,4
Bmô,stormrage,192,priest,shadow,6,2,4
Scenekîd,moon-guard,192,priest,shadow,6,2,4
Voidork,tichondrius,192,priest,shadow,6,2,4
Shmmoie,frostmourne,192,priest,shadow,6,2,4
Holydarkness,quelthalas,192,priest,shadow,6,2,4
Seraphims,moon-guard,192,priest,shadow,6,2,4
Kälashnikova,ragnaros,192,priest,shadow,6,2,4
Púrg,frostmourne,192,priest,shadow,6,2,4
Cpoppa,sargeras,192,priest,shadow,6,2,4
Dogfrompark,illidan,192,priest,shadow,6,2,4
Layons,nemesis,192,priest,shadow,6,2,4
Knoxy,fizzcrank,192,priest,shadow,6,2,4
Lemmiewinkzx,sargeras,192,priest,shadow,6,2,4
Dotdotdead,earthen-ring,192,priest,shadow,6,2,4
Brounly,drakkari,192,priest,shadow,6,2,4
Barelylegalx,tichondrius,192,priest,shadow,6,2,4
Ptheld,tichondrius,192,priest,shadow,6,2,4
Lifejuice,tichondrius,192,priest,shadow,6,2,4
Laokele,tichondrius,192,priest,shadow,6,2,4
Lolsithlord,tichondrius,192,priest,shadow,6,2,4
Alizhe,ragnaros,192,priest,shadow,12,2,10
Farnkxd,bleeding-hollow,192,priest,shadow,12,2,10
Kulrig,shuhalo,192,priest,shadow,12,2,10
Ozztwo,tichondrius,192,priest,shadow,12,2,10
Gobananas,bleeding-hollow,159,priest,shadow,5,2,3
Tiizz,malganis,159,priest,shadow,5,2,3
Saltheril,burning-blade,159,priest,shadow,5,2,3
Zyrith,sargeras,159,priest,shadow,9,2,7
Gaeira,azralon,159,priest,shadow,11,2,9
Sgiath,alleria,138,priest,shadow,9,4,5
Winss,tichondrius,128,priest,shadow,4,2,2
Samsypriest,frostmourne,126,priest,shadow,4,4,0
Pnub,aggramar,96,priest,shadow,3,2,1
Libationz,area-52,96,priest,shadow,3,2,1
Priestthingz,area-52,96,priest,shadow,8,2,6
Younext,sargeras,96,priest,shadow,6,1,5
Glek,tichondrius,96,priest,shadow,6,1,5
Teccalil,tichondrius,96,priest,shadow,6,1,5
Psyward,tichondrius,96,priest,shadow,6,1,5
Jaquels,sargeras,96,priest,shadow,6,1,5
Lôvecraft,frostmourne,96,priest,shadow,6,1,5
Lleak,tichondrius,96,priest,shadow,6,1,5
Shadowreck,malganis,96,priest,shadow,6,1,5
Oxyy,aerie-peak,96,priest,shadow,6,1,5
Sadury,tichondrius,96,priest,shadow,6,1,5
Althlon,emerald-dream,96,priest,shadow,6,1,5
Allsmite,aerie-peak,96,priest,shadow,6,1,5
Lukaspriest,proudmoore,96,priest,shadow,6,1,5
Milliyakk,area-52,96,priest,shadow,6,1,5
Lyxorr,area-52,96,priest,shadow,6,1,5
Óst,tichondrius,96,priest,shadow,6,1,5
Nightboxer,tichondrius,96,priest,shadow,6,1,5
Irilde,proudmoore,96,priest,shadow,6,1,5
Omygawd,tichondrius,96,priest,shadow,6,1,5
Mauriel,proudmoore,96,priest,shadow,6,1,5
Baerybonds,kiljaeden,96,priest,shadow,6,1,5
Shadolord,illidan,96,priest,shadow,6,1,5
Drosslolz,illidan,96,priest,shadow,6,1,5
Shadowftw,illidan,96,priest,shadow,6,1,5
Dawnbréaker,azralon,96,priest,shadow,6,1,5
Whatsittoya,tichondrius,96,priest,shadow,6,1,5
Mangemoélqc,darkspear,96,priest,shadow,6,1,5
Galestick,illidan,96,priest,shadow,6,1,5
Vdip,illidan,96,priest,shadow,6,1,5
Lilskizz,dalaran,96,priest,shadow,6,1,5
Nancynibbler,bleeding-hollow,96,priest,shadow,6,1,5
Kelody,zuljin,96,priest,shadow,6,1,5
Wrinkletink,whisperwind,96,priest,shadow,6,1,5
Dadsalad,zuljin,96,priest,shadow,6,1,5
Jèf,stormrage,96,priest,shadow,6,1,5
Shadylotion,stormrage,96,priest,shadow,6,1,5
Amikam,barthilas,96,priest,shadow,6,1,5
Vyndictus,shattered-hand,96,priest,shadow,6,1,5
Jxkep,frostmourne,96,priest,shadow,6,1,5
Lilpika,illidan,96,priest,shadow,6,1,5
Nachòs,wildhammer,96,priest,shadow,6,1,5
Ibangedaqt,malganis,96,priest,shadow,6,1,5
Jpray,bleeding-hollow,96,priest,shadow,12,1,11
Tmpriest,tichondrius,79,priest,shadow,5,1,4
Kunof,ragnaros,79,priest,shadow,5,1,4
Bublethenrun,cenarius,48,priest,shadow,3,1,2
Fledgeling,frostmourne,31,priest,shadow,2,1,1
Trågédy,azjolnerub,16,priest,shadow,1,1,0
Weran,tichondrius,1890,rogue,outlaw,54,28,26
Dvn,stormrage,1844,rogue,outlaw,54,32,22
Millspec,tichondrius,1762,rogue,outlaw,117,58,59
Welinth,thunderlord,1744,rogue,outlaw,312,159,153
Yellowrose,kelthuzad,1695,rogue,outlaw,38,23,15
Dennerdz,tichondrius,1688,rogue,outlaw,47,19,28
Lycanthropî,illidan,1655,rogue,outlaw,80,37,43
Xylvána,kiljaeden,1640,rogue,outlaw,66,31,35
Lazeestab,sargeras,1619,rogue,outlaw,148,83,65
Sadiator,illidan,1616,rogue,outlaw,30,20,10
Supherr,sargeras,1616,rogue,outlaw,35,18,17
Càgil,stormrage,1607,rogue,outlaw,34,19,15
Jmaxx,tichondrius,1603,rogue,outlaw,45,29,16
Millspec,zuljin,1602,rogue,outlaw,30,17,13
Lardiconn,thrall,1600,rogue,outlaw,36,26,10
Trêl,velen,1597,rogue,outlaw,60,33,27
Gnøver,ragnaros,1585,rogue,outlaw,88,45,43
Supine,illidan,1539,rogue,outlaw,103,55,48
Mirâge,illidan,1533,rogue,outlaw,50,28,22
Karambit,frostmourne,1530,rogue,outlaw,66,28,38
Kentaki,tichondrius,1515,rogue,outlaw,60,33,27
Jolly,frostmourne,1440,rogue,outlaw,53,22,31
Jenaki,gurubashi,1409,rogue,outlaw,56,28,28
Sapsis,shandris,1409,rogue,outlaw,47,22,25
Shindeiru,area-52,1399,rogue,outlaw,43,30,13
Gotosor,quelthalas,1399,rogue,outlaw,89,45,44
Disrawen,ragnaros,1382,rogue,outlaw,186,87,99
Blackmont,bleeding-hollow,1379,rogue,outlaw,30,17,13
Bleaklord,emerald-dream,1373,rogue,outlaw,48,17,31
Combo,norgannon,1357,rogue,outlaw,68,39,29
Hobblefoot,proudmoore,1339,rogue,outlaw,40,21,19
Jakamungo,area-52,1315,rogue,outlaw,36,17,19
Reyskywalker,kelthuzad,1303,rogue,outlaw,24,15,9
Wátchyoúrbák,wyrmrest-accord,1247,rogue,outlaw,30,14,16
Redimído,quelthalas,1244,rogue,outlaw,27,14,13
Fastblast,wyrmrest-accord,1146,rogue,outlaw,24,12,12
Omnïslash,stormrage,1144,rogue,outlaw,30,12,18
Itsuksiko,quelthalas,1141,rogue,outlaw,22,13,9
Mgzx,tichondrius,1135,rogue,outlaw,18,12,6
Johnnyelbows,tichondrius,1078,rogue,outlaw,27,13,14
Wujn,tichondrius,1050,rogue,outlaw,24,11,13
Lumifer,quelthalas,1050,rogue,outlaw,54,18,36
Azarha,zuljin,1035,rogue,outlaw,30,15,15
Farstrider,tichondrius,1029,rogue,outlaw,54,20,34
Zarthrox,bladefist,1027,rogue,outlaw,24,12,12
Thuganomics,dark-iron,1008,rogue,outlaw,27,12,15
Adevoir,hakkar,998,rogue,outlaw,30,13,17
Emoond,ragnaros,989,rogue,outlaw,27,13,14
Inhume,eredar,960,rogue,outlaw,24,10,14
Larmx,tichondrius,960,rogue,outlaw,24,10,14
Quapi,tichondrius,959,rogue,outlaw,18,10,8
Straite,area-52,959,rogue,outlaw,18,10,8
Dross,shadowmoon,958,rogue,outlaw,24,10,14
Houlton,moon-guard,957,rogue,outlaw,18,10,8
Preceptor,azralon,956,rogue,outlaw,24,10,14
Nitroxy,quelthalas,950,rogue,outlaw,24,10,14
Ntrfighter,tichondrius,949,rogue,outlaw,24,10,14
Valefarr,emerald-dream,938,rogue,outlaw,18,10,8
Shninzy,senjin,910,rogue,outlaw,31,11,20
Stabbythorus,stormrage,862,rogue,outlaw,18,9,9
Bebesita,sisters-of-elune,860,rogue,outlaw,18,9,9
Mabushi,sargeras,853,rogue,outlaw,30,9,21
Phraze,silvermoon,840,rogue,outlaw,24,11,13
Coalie,tichondrius,816,rogue,outlaw,15,9,6
Deepsyo,frostmourne,768,rogue,outlaw,12,8,4
Slitherex,thunderlord,763,rogue,outlaw,21,9,12
Thompson,bloodscalp,672,rogue,outlaw,12,7,5
Snakeblisken,emerald-dream,672,rogue,outlaw,18,7,11
Luolan,kargath,672,rogue,outlaw,30,7,23
Drsinz,tichondrius,671,rogue,outlaw,18,7,11
Slowtime,quelthalas,671,rogue,outlaw,18,7,11
Cosmicò,trollbane,670,rogue,outlaw,12,7,5
Evilkoreanz,tichondrius,670,rogue,outlaw,12,7,5
Jamesallen,silvermoon,659,rogue,outlaw,12,7,5
Arena,uldum,623,rogue,outlaw,11,7,4
Roxy,ghostlands,623,rogue,outlaw,17,7,10
Esky,tichondrius,576,rogue,outlaw,12,6,6
Tarnished,ravenholdt,576,rogue,outlaw,12,6,6
Deeppockets,sargeras,576,rogue,outlaw,12,6,6
Xyleth,azgalor,575,rogue,outlaw,12,6,6
Mechamind,draka,574,rogue,outlaw,12,6,6
Deddyy,zuljin,574,rogue,outlaw,18,6,12
Bonizzi,stormrage,573,rogue,outlaw,12,6,6
Marraya,area-52,573,rogue,outlaw,12,6,6
Maglove,nemesis,571,rogue,outlaw,12,6,6
Listrew,stormrage,571,rogue,outlaw,12,6,6
Tsubamë,tichondrius,480,rogue,outlaw,6,5,1
Lesty,kelthuzad,480,rogue,outlaw,6,5,1
Tmpikaboo,tichondrius,480,rogue,outlaw,6,5,1
Galfuran,burning-legion,480,rogue,outlaw,12,5,7
Deadracer,moon-guard,480,rogue,outlaw,12,5,7
Gothamzzing,tichondrius,480,rogue,outlaw,12,5,7
Spikiera,silvermoon,480,rogue,outlaw,18,5,13
Badpatatas,proudmoore,479,rogue,outlaw,18,5,13
Darthkelso,arathor,465,rogue,outlaw,24,5,19
Kents,tichondrius,384,rogue,outlaw,6,4,2
Krypticstab,malganis,384,rogue,outlaw,6,4,2
Flashmob,zuljin,384,rogue,outlaw,6,4,2
Alandoril,tichondrius,384,rogue,outlaw,6,4,2
Blingtronx,malganis,384,rogue,outlaw,12,4,8
Earthinhorn,frostmourne,384,rogue,outlaw,12,4,8
Showclass,stormrage,384,rogue,outlaw,12,4,8
Dayvanie,area-52,384,rogue,outlaw,12,4,8
Sprork,kiljaeden,384,rogue,outlaw,12,4,8
Subnini,kelthuzad,384,rogue,outlaw,18,4,14
Gheez,quelthalas,383,rogue,outlaw,6,4,2
Katanië,moon-guard,383,rogue,outlaw,12,4,8
Daftjack,bleeding-hollow,381,rogue,outlaw,12,4,8
Houdinilogic,skullcrusher,381,rogue,outlaw,12,4,8
Ningaturtle,korgath,376,rogue,outlaw,18,4,14
Fennick,tanaris,351,rogue,outlaw,11,4,7
Kasharo,tichondrius,288,rogue,outlaw,6,3,3
Alexdelion,tichondrius,288,rogue,outlaw,6,3,3
Homeschoolx,moon-guard,288,rogue,outlaw,6,3,3
Bootypie,hyjal,288,rogue,outlaw,6,3,3
Movze,area-52,288,rogue,outlaw,6,3,3
Karmagoodttv,stormrage,288,rogue,outlaw,6,3,3
Whaazz,emerald-dream,288,rogue,outlaw,6,3,3
Machos,azralon,288,rogue,outlaw,6,3,3
Hedillyan,azralon,288,rogue,outlaw,6,3,3
Drakariano,ragnaros,288,rogue,outlaw,12,3,9
Drpibb,ghostlands,288,rogue,outlaw,12,3,9
Xzarfi,moon-guard,288,rogue,outlaw,18,3,15
Stabyou,sentinels,287,rogue,outlaw,6,3,3
Grimthorn,icecrown,285,rogue,outlaw,12,3,9
Fryphilip,dalaran,256,rogue,outlaw,10,3,7
Hotboxthefox,illidan,253,rogue,outlaw,11,3,8
Prisonshank,arthas,192,rogue,outlaw,6,2,4
Touchthetip,bleeding-hollow,192,rogue,outlaw,6,2,4
Remonezero,moon-guard,192,rogue,outlaw,6,2,4
Mud,saurfang,192,rogue,outlaw,6,2,4
Duskeron,cenarius,192,rogue,outlaw,6,2,4
Jsyn,kiljaeden,192,rogue,outlaw,6,2,4
Sxs,kiljaeden,192,rogue,outlaw,6,2,4
Creamcakepop,stormrage,192,rogue,outlaw,6,2,4
Zogbu,stormrage,192,rogue,outlaw,6,2,4
Asdestroyerr,tichondrius,192,rogue,outlaw,6,2,4
Slobernocker,stormrage,192,rogue,outlaw,6,2,4
Òklahomie,frostwolf,191,rogue,outlaw,6,2,4
Philliamson,azgalor,190,rogue,outlaw,12,2,10
Vîllâîn,tichondrius,96,rogue,outlaw,6,1,5
Happyslice,stormrage,96,rogue,outlaw,6,1,5
Lu,lethon,96,rogue,outlaw,6,1,5
Rinestiria,arthas,96,rogue,outlaw,6,1,5
Neilyo,barthilas,96,rogue,outlaw,6,1,5
Downsix,sargeras,96,rogue,outlaw,6,1,5
Xm,sargeras,96,rogue,outlaw,6,1,5
Sindor,azralon,96,rogue,outlaw,6,1,5
Cidi,moon-guard,96,rogue,outlaw,6,1,5
Hîzzÿ,ghostlands,96,rogue,outlaw,12,1,11
Culpera,undermine,95,rogue,outlaw,6,1,5
Zelosse,area-52,16,rogue,outlaw,1,1,0
Erebüs,thunderlord,2111,rogue,subtlety,60,41,19
Battzii,wyrmrest-accord,2087,rogue,subtlety,321,168,153
Lies,dalaran,2010,rogue,subtlety,87,43,44
Ymxxworld,tichondrius,1921,rogue,subtlety,66,32,34
Danrathm,sargeras,1916,rogue,subtlety,73,41,32
Rangoons,tichondrius,1894,rogue,subtlety,60,36,24
Alexdelion,tichondrius,1865,rogue,subtlety,60,31,29
Needbuff,tichondrius,1865,rogue,subtlety,54,25,29
Coopi,tichondrius,1853,rogue,subtlety,115,60,55
Scuffedjr,tichondrius,1852,rogue,subtlety,72,31,41
Himitu,tichondrius,1849,rogue,subtlety,89,46,43
Coregx,tichondrius,1842,rogue,subtlety,36,24,12
Stunsofpuns,sargeras,1833,rogue,subtlety,60,33,27
Maulline,tichondrius,1828,rogue,subtlety,42,20,22
Stealthypoop,kelthuzad,1825,rogue,subtlety,83,40,43
Smkgpvp,stormrage,1823,rogue,subtlety,68,43,25
Clern,emerald-dream,1818,rogue,subtlety,65,35,30
Celèphaïs,tichondrius,1817,rogue,subtlety,63,30,33
Díor,azralon,1807,rogue,subtlety,124,70,54
Silentkush,arthas,1774,rogue,subtlety,48,28,20
Gyokkó,sargeras,1770,rogue,subtlety,36,20,16
Zerogh,tichondrius,1765,rogue,subtlety,105,61,44
Axtually,proudmoore,1750,rogue,subtlety,48,32,16
Wizlysnipz,tichondrius,1748,rogue,subtlety,48,27,21
Aaronjlol,tichondrius,1747,rogue,subtlety,36,23,13
Kellenx,moon-guard,1733,rogue,subtlety,94,46,48
Bruítzy,barthilas,1729,rogue,subtlety,120,61,59
Brucerogue,tichondrius,1727,rogue,subtlety,119,63,56
Ganknvanish,tichondrius,1723,rogue,subtlety,74,35,39
Roguesparrow,illidan,1703,rogue,subtlety,56,29,27
Dvin,stormrage,1700,rogue,subtlety,48,25,23
Stabem,moon-guard,1693,rogue,subtlety,39,24,15
Yesua,ragnaros,1691,rogue,subtlety,120,62,58
Jaos,tichondrius,1667,rogue,subtlety,42,22,20
Wetit,illidan,1666,rogue,subtlety,54,35,19
Nicoaa,tichondrius,1666,rogue,subtlety,84,45,39
Wowamaze,aegwynn,1652,rogue,subtlety,46,30,16
Steef,arygos,1638,rogue,subtlety,80,48,32
Bigpump,lothar,1634,rogue,subtlety,36,18,18
Shinigâmì,tichondrius,1633,rogue,subtlety,54,36,18
Furt,frostmourne,1633,rogue,subtlety,44,25,19
Ulley,sargeras,1627,rogue,subtlety,66,33,33
Kenpàchi,kelthuzad,1626,rogue,subtlety,36,21,15
Preceptor,azralon,1614,rogue,subtlety,86,44,42
Zipperx,tichondrius,1613,rogue,subtlety,59,30,29
Eekz,illidan,1609,rogue,subtlety,107,68,39
Pxb,sargeras,1609,rogue,subtlety,36,17,19
Poizzon,emerald-dream,1603,rogue,subtlety,35,21,14
Runakó,kelthuzad,1603,rogue,subtlety,48,21,27
Kalvish,dalaran,1597,rogue,subtlety,29,17,12
Bobsaget,kiljaeden,1590,rogue,subtlety,47,22,25
Assassìn,moon-guard,1584,rogue,subtlety,92,49,43
Îzu,ysera,1581,rogue,subtlety,45,25,20
Norbury,tichondrius,1581,rogue,subtlety,41,18,23
Kainm,stormrage,1580,rogue,subtlety,152,85,67
Ajl,drenden,1561,rogue,subtlety,34,18,16
Blakezilla,tichondrius,1557,rogue,subtlety,36,20,16
Grelinho,stormrage,1554,rogue,subtlety,66,26,40
Eekz,sargeras,1540,rogue,subtlety,116,58,58
Vyrenn,destromath,1537,rogue,subtlety,65,29,36
Cut,ragnaros,1534,rogue,subtlety,60,29,31
Fela,crushridge,1531,rogue,subtlety,132,67,65
Camlaw,area-52,1529,rogue,subtlety,42,24,18
Killmebaby,lightnings-blade,1514,rogue,subtlety,42,23,19
Illmatíc,kelthuzad,1502,rogue,subtlety,29,16,13
Galaxybrain,icecrown,1498,rogue,subtlety,120,76,44
Turtlespeed,thrall,1492,rogue,subtlety,42,22,20
Xleo,drakkari,1485,rogue,subtlety,90,46,44
Tulis,frostmourne,1479,rogue,subtlety,96,62,34
Garrotte,tichondrius,1478,rogue,subtlety,69,26,43
Trizin,frostmourne,1477,rogue,subtlety,60,30,30
Sapyalater,thrall,1475,rogue,subtlety,96,54,42
Mosedz,tichondrius,1474,rogue,subtlety,48,28,20
Lurios,rivendare,1474,rogue,subtlety,50,26,24
Bezeta,azralon,1472,rogue,subtlety,77,41,36
Kinbaal,bleeding-hollow,1461,rogue,subtlety,30,18,12
Luradfate,dalaran,1458,rogue,subtlety,94,51,43
Scenna,stormrage,1457,rogue,subtlety,72,30,42
Trucidovaco,daggerspine,1456,rogue,subtlety,76,34,42
Åer,dalaran,1453,rogue,subtlety,71,34,37
Quinity,wyrmrest-accord,1446,rogue,subtlety,73,39,34
Epipenqt,dark-iron,1431,rogue,subtlety,42,26,16
Hunchó,area-52,1431,rogue,subtlety,65,38,27
Tarny,illidan,1431,rogue,subtlety,40,17,23
Cydonian,ragnaros,1422,rogue,subtlety,30,15,15
Rougething,bleeding-hollow,1415,rogue,subtlety,36,17,19
Fulkrem,wyrmrest-accord,1410,rogue,subtlety,74,34,40
Greasybbsea,illidan,1410,rogue,subtlety,54,23,31
Drsinz,tichondrius,1399,rogue,subtlety,56,24,32
Narcoleptic,dalaran,1394,rogue,subtlety,54,26,28
Sasugay,sargeras,1391,rogue,subtlety,38,21,17
Klâng,tichondrius,1389,rogue,subtlety,49,22,27
Neuschurke,warsong,1386,rogue,subtlety,42,23,19
Sgtbuttfat,dalaran,1385,rogue,subtlety,41,20,21
Lyfallah,proudmoore,1384,rogue,subtlety,85,49,36
Sapùwú,stormrage,1384,rogue,subtlety,54,30,24
Lagault,muradin,1380,rogue,subtlety,42,28,14
Secrettecbot,barthilas,1379,rogue,subtlety,24,15,9
Kolander,tichondrius,1366,rogue,subtlety,56,27,29
Mistnazgul,quelthalas,1365,rogue,subtlety,47,28,19
Ironfistofcn,tichondrius,1364,rogue,subtlety,60,32,28
Kyubïx,ragnaros,1362,rogue,subtlety,30,15,15
Raymga,tichondrius,1355,rogue,subtlety,48,29,19
Deadguys,tichondrius,1344,rogue,subtlety,54,25,29
Kibbs,korgath,1344,rogue,subtlety,42,18,24
Fátálíty,tichondrius,1342,rogue,subtlety,24,14,10
Kidcutti,proudmoore,1340,rogue,subtlety,30,14,16
Tolthe,hyjal,1340,rogue,subtlety,36,16,20
Spacebase,illidan,1337,rogue,subtlety,24,14,10
Eridian,tichondrius,1335,rogue,subtlety,37,16,21
Saltypwncake,illidan,1331,rogue,subtlety,30,14,16
Chãlons,tichondrius,1327,rogue,subtlety,54,23,31
Søprøle,ragnaros,1324,rogue,subtlety,56,34,22
Gnøver,ragnaros,1320,rogue,subtlety,48,28,20
Cahlee,sargeras,1319,rogue,subtlety,35,15,20
Gankolicious,nerzhul,1317,rogue,subtlety,18,14,4
Speedboi,skullcrusher,1311,rogue,subtlety,63,39,24
Lisnp,tichondrius,1306,rogue,subtlety,176,83,93
Cv,proudmoore,1304,rogue,subtlety,24,14,10
Odelöt,drakkari,1302,rogue,subtlety,48,26,22
Pocketman,barthilas,1299,rogue,subtlety,59,24,35
Abacura,moon-guard,1292,rogue,subtlety,36,20,16
Ikmagine,icecrown,1281,rogue,subtlety,42,17,25
Täy,thrall,1280,rogue,subtlety,47,23,24
Worrglaive,dalaran,1271,rogue,subtlety,24,14,10
Hollfex,nemesis,1265,rogue,subtlety,38,19,19
Shellby,tichondrius,1258,rogue,subtlety,38,21,17
Gothblade,malganis,1258,rogue,subtlety,30,15,15
Lilstab,hakkar,1249,rogue,subtlety,92,46,46
Tmpikaboo,tichondrius,1248,rogue,subtlety,18,13,5
Wazowskiy,tichondrius,1246,rogue,subtlety,36,13,23
Emrogr,tichondrius,1244,rogue,subtlety,42,20,22
Endlesswaltz,zuljin,1243,rogue,subtlety,30,13,17
Prrey,hydraxis,1242,rogue,subtlety,30,13,17
Liryth,lightninghoof,1240,rogue,subtlety,39,22,17
Sahima,tichondrius,1221,rogue,subtlety,63,33,30
Trâshy,stormrage,1215,rogue,subtlety,25,14,11
Swanl,stormrage,1212,rogue,subtlety,30,13,17
Variat,azralon,1206,rogue,subtlety,48,21,27
Dessenia,illidan,1205,rogue,subtlety,67,41,26
Imgunnacrumb,malganis,1200,rogue,subtlety,77,38,39
Mirajoo,tichondrius,1199,rogue,subtlety,34,15,19
Arbitér,moonrunner,1191,rogue,subtlety,58,20,38
Kylerxius,korgath,1190,rogue,subtlety,30,18,12
Roxeni,tichondrius,1181,rogue,subtlety,28,13,15
Abogansterr,ragnaros,1167,rogue,subtlety,72,39,33
Poohpants,frostmourne,1165,rogue,subtlety,59,28,31
Guiguzidr,illidan,1159,rogue,subtlety,48,24,24
Paulpitation,blood-furnace,1155,rogue,subtlety,39,15,24
Håkünämãtåtä,stormrage,1152,rogue,subtlety,18,12,6
Mitsurí,sargeras,1152,rogue,subtlety,18,12,6
Slashthunder,blades-edge,1152,rogue,subtlety,18,12,6
Bèstworld,dalaran,1152,rogue,subtlety,24,12,12
Rõý,area-52,1151,rogue,subtlety,24,12,12
Itskanashi,frostmourne,1151,rogue,subtlety,45,18,27
Kaylyth,whisperwind,1151,rogue,subtlety,30,12,18
Onîkudaki,sargeras,1151,rogue,subtlety,30,12,18
Stealthyxd,arthas,1150,rogue,subtlety,36,12,24
Dysxliec,dalaran,1149,rogue,subtlety,24,12,12
Smormu,bonechewer,1144,rogue,subtlety,24,12,12
Oilydaimon,tichondrius,1143,rogue,subtlety,61,29,32
Hypermix,tichondrius,1129,rogue,subtlety,24,12,12
Cutthroat,aegwynn,1121,rogue,subtlety,45,20,25
Venace,agamaggan,1104,rogue,subtlety,23,12,11
Prisonshank,arthas,1093,rogue,subtlety,61,36,25
Santyno,ragnaros,1092,rogue,subtlety,30,14,16
Jaanmonty,frostmourne,1081,rogue,subtlety,24,12,12
Hotcarl,kiljaeden,1077,rogue,subtlety,28,14,14
Riskgo,frostwolf,1071,rogue,subtlety,24,12,12
Jeri,gundrak,1070,rogue,subtlety,24,13,11
Sabedoria,barthilas,1070,rogue,subtlety,28,13,15
Sixcombopts,area-52,1056,rogue,subtlety,18,11,7
Esmeraldas,frostmourne,1054,rogue,subtlety,18,11,7
Haiev,tichondrius,1054,rogue,subtlety,24,11,13
Corntens,area-52,1050,rogue,subtlety,20,11,9
Négrá,ragnaros,1048,rogue,subtlety,18,11,7
Ðarkrøøxs,stormrage,1048,rogue,subtlety,24,11,13
Laotrec,nemesis,1045,rogue,subtlety,33,12,21
Olg,arathor,1043,rogue,subtlety,71,36,35
Hyperdexia,stormrage,1042,rogue,subtlety,88,47,41
Soulvex,barthilas,1040,rogue,subtlety,18,11,7
Abaløne,tichondrius,1037,rogue,subtlety,55,22,33
Kaminokage,barthilas,1035,rogue,subtlety,33,12,21
Doklim,spinebreaker,1034,rogue,subtlety,52,28,24
Miraclesap,stormrage,1032,rogue,subtlety,42,25,17
Kachimodo,illidan,1029,rogue,subtlety,42,20,22
Vanishman,ragnaros,1026,rogue,subtlety,18,11,7
Korviz,area-52,1008,rogue,subtlety,60,30,30
Bloodwish,tichondrius,1007,rogue,subtlety,23,11,12
Ghost,shattered-halls,1006,rogue,subtlety,68,27,41
Plado,tichondrius,1005,rogue,subtlety,17,11,6
Relidria,thrall,1002,rogue,subtlety,30,18,12
Skallywagg,emerald-dream,1001,rogue,subtlety,30,14,16
Kawagreen,tichondrius,990,rogue,subtlety,21,11,10
Gyrfalcon,spirestone,990,rogue,subtlety,109,48,61
Bubblesr,whisperwind,980,rogue,subtlety,48,22,26
Undreas,kiljaeden,961,rogue,subtlety,41,19,22
Ascherx,veknilash,960,rogue,subtlety,12,10,2
Eazyg,tichondrius,959,rogue,subtlety,18,10,8
Rabe,nagrand,959,rogue,subtlety,18,10,8
Tigerinu,stormreaver,959,rogue,subtlety,18,10,8
Spaca,kelthuzad,959,rogue,subtlety,18,10,8
Stealthkid,tichondrius,958,rogue,subtlety,18,10,8
Lucki,tichondrius,958,rogue,subtlety,18,10,8
Harkknight,sargeras,958,rogue,subtlety,86,44,42
Lululee,tichondrius,958,rogue,subtlety,30,10,20
Aszombie,tichondrius,957,rogue,subtlety,12,10,2
Tapwaterx,illidan,957,rogue,subtlety,24,10,14
Jadier,emerald-dream,955,rogue,subtlety,18,10,8
Topapple,mugthol,952,rogue,subtlety,24,11,13
Moufwash,sargeras,952,rogue,subtlety,24,10,14
Humphugull,skullcrusher,925,rogue,subtlety,23,10,13
Vanvanlords,azralon,923,rogue,subtlety,26,11,15
Lesliechow,sargeras,910,rogue,subtlety,28,14,14
Slackness,bleeding-hollow,909,rogue,subtlety,31,17,14
Ojibwe,tichondrius,896,rogue,subtlety,16,10,6
Feragho,tichondrius,896,rogue,subtlety,28,10,18
Elßronkas,quelthalas,895,rogue,subtlety,36,17,19
Meer,balnazzar,865,rogue,subtlety,16,11,5
Bimbogirl,dalaran,865,rogue,subtlety,22,11,11
Votekanye,bleeding-hollow,864,rogue,subtlety,12,9,3
Zeiss,tichondrius,864,rogue,subtlety,18,9,9
Greyyfox,illidan,864,rogue,subtlety,27,10,17
Illoo,frostmourne,863,rogue,subtlety,18,9,9
Proddivus,stormrage,863,rogue,subtlety,30,9,21
Neilyo,barthilas,862,rogue,subtlety,18,9,9
Twotimed,magtheridon,862,rogue,subtlety,18,9,9
Biggisdiggis,tichondrius,860,rogue,subtlety,12,9,3
Overzz,azralon,859,rogue,subtlety,21,9,12
Jhors,tichondrius,856,rogue,subtlety,18,9,9
Esker,dragonmaw,854,rogue,subtlety,18,9,9
Suñg,tichondrius,854,rogue,subtlety,24,9,15
Dizzm,area-52,847,rogue,subtlety,12,9,3
Revelationzz,turalyon,846,rogue,subtlety,16,10,6
Aelnoor,ragnaros,846,rogue,subtlety,24,9,15
Ayo,exodar,845,rogue,subtlety,18,9,9
Cutindle,illidan,842,rogue,subtlety,18,9,9
Nadari,cenarius,837,rogue,subtlety,24,9,15
Flashmob,zuljin,831,rogue,subtlety,20,10,10
Trillkage,tichondrius,797,rogue,subtlety,20,9,11
Hahaurblind,perenolde,796,rogue,subtlety,22,9,13
Wîzz,bleeding-hollow,768,rogue,subtlety,12,8,4
Originalfake,sargeras,768,rogue,subtlety,12,8,4
Ozzinton,kelthuzad,768,rogue,subtlety,12,8,4
Czd,frostmourne,768,rogue,subtlety,12,8,4
Köfy,quelthalas,768,rogue,subtlety,17,8,9
Taidath,area-52,768,rogue,subtlety,18,8,10
Dionavelynn,area-52,767,rogue,subtlety,12,8,4
Kiingspade,tichondrius,767,rogue,subtlety,12,8,4
Ilesire,frostmourne,767,rogue,subtlety,18,8,10
Errorless,moon-guard,767,rogue,subtlety,18,8,10
Eraticrogue,illidan,767,rogue,subtlety,18,8,10
Înfêrnô,emerald-dream,767,rogue,subtlety,18,8,10
Usernameqtxo,kelthuzad,767,rogue,subtlety,18,8,10
Reclusivexo,tichondrius,767,rogue,subtlety,18,8,10
Razmir,malfurion,766,rogue,subtlety,18,8,10
Yato,mugthol,764,rogue,subtlety,12,8,4
Mcromance,khadgar,764,rogue,subtlety,24,8,16
Zarkans,proudmoore,763,rogue,subtlety,12,8,4
Vexyz,tichondrius,763,rogue,subtlety,18,8,10
Fearnomore,destromath,763,rogue,subtlety,48,16,32
Shivlightnin,tichondrius,762,rogue,subtlety,24,8,16
Mhasto,azralon,759,rogue,subtlety,18,8,10
Draculà,wyrmrest-accord,758,rogue,subtlety,18,8,10
Nijanari,wyrmrest-accord,754,rogue,subtlety,24,8,16
Arakine,uldaman,748,rogue,subtlety,15,9,6
Alexon,wyrmrest-accord,740,rogue,subtlety,54,19,35
Bladefang,quelthalas,732,rogue,subtlety,17,10,7
Ikerz,tichondrius,719,rogue,subtlety,15,8,7
Kerimoynihan,barthilas,695,rogue,subtlety,24,8,16
Tootsio,tichondrius,672,rogue,subtlety,12,7,5
Yoskit,tichondrius,672,rogue,subtlety,12,7,5
Joeyzord,stormrage,672,rogue,subtlety,12,7,5
Bobfoonk,tichondrius,672,rogue,subtlety,12,7,5
Xvds,tichondrius,672,rogue,subtlety,12,7,5
Frooty,stormrage,672,rogue,subtlety,12,7,5
Àsgà,area-52,672,rogue,subtlety,12,7,5
Coughsyrup,sargeras,672,rogue,subtlety,12,7,5
Feyahni,wyrmrest-accord,672,rogue,subtlety,12,7,5
Axerax,draka,672,rogue,subtlety,12,7,5
Memoríst,frostmourne,672,rogue,subtlety,18,7,11
Clicksbtns,area-52,672,rogue,subtlety,18,7,11
Niwbor,azralon,672,rogue,subtlety,24,7,17
Toxsith,tichondrius,671,rogue,subtlety,12,7,5
Stanley,mugthol,671,rogue,subtlety,12,7,5
Pince,black-dragonflight,671,rogue,subtlety,12,7,5
Ninetaildfox,arthas,671,rogue,subtlety,12,7,5
Murked,barthilas,671,rogue,subtlety,12,7,5
Pichichi,frostmourne,671,rogue,subtlety,12,7,5
Keepitshadow,frostmourne,671,rogue,subtlety,12,7,5
Christiaan,area-52,671,rogue,subtlety,12,7,5
Rosoma,kelthuzad,671,rogue,subtlety,16,8,8
Gannjalord,frostmane,671,rogue,subtlety,18,7,11
Frusciante,nemesis,671,rogue,subtlety,18,7,11
Sapzz,tichondrius,671,rogue,subtlety,18,7,11
Nezumikami,malganis,671,rogue,subtlety,18,7,11
Jdmg,azralon,670,rogue,subtlety,12,7,5
Pleodonis,tichondrius,670,rogue,subtlety,24,7,17
Rykojin,sargeras,669,rogue,subtlety,12,7,5
Anteccessor,tichondrius,669,rogue,subtlety,18,7,11
Jagó,malganis,667,rogue,subtlety,12,7,5
Srmazakre,ragnaros,667,rogue,subtlety,18,7,11
Chompycat,tichondrius,667,rogue,subtlety,18,7,11
Rarkalth,azralon,667,rogue,subtlety,24,7,17
Toe,boulderfist,659,rogue,subtlety,15,8,7
Kody,dalaran,639,rogue,subtlety,17,7,10
Lilshanker,tichondrius,617,rogue,subtlety,22,8,14
Gptcodeplay,tichondrius,576,rogue,subtlety,6,6,0
Caldø,tichondrius,576,rogue,subtlety,6,6,0
Deadshank,bleeding-hollow,576,rogue,subtlety,6,6,0
Homarx,quelthalas,576,rogue,subtlety,10,7,3
Tmpikaboo,mugthol,576,rogue,subtlety,12,6,6
Vlone,icecrown,576,rogue,subtlety,12,6,6
Turec,illidan,576,rogue,subtlety,12,6,6
Mermm,burning-blade,576,rogue,subtlety,12,6,6
Lymon,azralon,576,rogue,subtlety,12,6,6
Kindasorry,illidan,576,rogue,subtlety,12,6,6
Rufian,ursin,576,rogue,subtlety,12,6,6
Jannie,rexxar,576,rogue,subtlety,12,6,6
Unholydood,bonechewer,576,rogue,subtlety,12,6,6
Fkq,emerald-dream,576,rogue,subtlety,12,6,6
Palumor,deathwing,576,rogue,subtlety,12,6,6
Xedi,illidan,576,rogue,subtlety,12,6,6
ßeep,windrunner,576,rogue,subtlety,12,6,6
Mayhemghost,rexxar,576,rogue,subtlety,12,6,6
Candren,area-52,576,rogue,subtlety,12,6,6
Kaliasteddin,area-52,576,rogue,subtlety,12,6,6
Shadxr,tichondrius,576,rogue,subtlety,12,6,6
Cinnashank,darkspear,576,rogue,subtlety,18,6,12
Goopthicc,sargeras,576,rogue,subtlety,18,6,12
Drakariano,ragnaros,576,rogue,subtlety,18,6,12
Swippz,tichondrius,576,rogue,subtlety,18,6,12
Jácket,area-52,576,rogue,subtlety,24,6,18
Mcnastier,dunemaul,575,rogue,subtlety,12,6,6
Krolczz,tichondrius,575,rogue,subtlety,12,6,6
Maulgryve,frostwolf,575,rogue,subtlety,12,6,6
Hiarolson,stormrage,575,rogue,subtlety,12,6,6
Thugspice,stormrage,575,rogue,subtlety,12,6,6
Jinxkiller,tichondrius,575,rogue,subtlety,12,6,6
Fofree,hyjal,575,rogue,subtlety,12,6,6
Calvin,moon-guard,575,rogue,subtlety,12,6,6
Raqed,eredar,575,rogue,subtlety,12,6,6
Gank,jubeithos,575,rogue,subtlety,12,6,6
Poofus,vashj,575,rogue,subtlety,18,6,12
Dreamcatcher,azralon,575,rogue,subtlety,18,6,12
Zogbu,stormrage,575,rogue,subtlety,18,6,12
Threeplates,silvermoon,575,rogue,subtlety,18,6,12
Alttee,proudmoore,573,rogue,subtlety,12,6,6
Xylow,garona,571,rogue,subtlety,27,6,21
Degrok,quelthalas,568,rogue,subtlety,12,6,6
Ghoarie,sargeras,480,rogue,subtlety,6,5,1
Wimpz,hyjal,480,rogue,subtlety,6,5,1
Mendiant,azralon,480,rogue,subtlety,6,5,1
Idsapdat,illidan,480,rogue,subtlety,6,5,1
Pamaaj,sargeras,480,rogue,subtlety,6,5,1
Littlescrub,frostmourne,480,rogue,subtlety,6,5,1
Roguetrix,stormrage,480,rogue,subtlety,9,6,3
Decóm,zuljin,480,rogue,subtlety,10,6,4
Xandroesh,darkspear,480,rogue,subtlety,12,5,7
Scrubzz,barthilas,480,rogue,subtlety,12,5,7
Killdrunk,stormrage,480,rogue,subtlety,12,5,7
Henya,magtheridon,480,rogue,subtlety,12,5,7
Monkeykongr,lightnings-blade,480,rogue,subtlety,12,5,7
Chimpo,ravencrest,480,rogue,subtlety,12,5,7
Axiy,stormrage,480,rogue,subtlety,12,5,7
Orihimesz,azralon,480,rogue,subtlety,12,5,7
Brilliance,skywall,480,rogue,subtlety,12,5,7
Jon,the-venture-co,480,rogue,subtlety,12,5,7
Defthands,tichondrius,480,rogue,subtlety,12,5,7
Milafortnite,tichondrius,480,rogue,subtlety,12,5,7
Uchihaputin,tichondrius,480,rogue,subtlety,12,5,7
Wowcode,tichondrius,480,rogue,subtlety,12,5,7
Twnice,tichondrius,480,rogue,subtlety,12,5,7
Blinky,blades-edge,480,rogue,subtlety,12,5,7
Tiladar,tichondrius,480,rogue,subtlety,12,5,7
Blakezillax,tichondrius,480,rogue,subtlety,12,5,7
Atulano,wyrmrest-accord,480,rogue,subtlety,12,5,7
Pjh,sargeras,480,rogue,subtlety,12,5,7
Liqwid,stormrage,480,rogue,subtlety,12,5,7
Faelanna,stormrage,480,rogue,subtlety,13,5,8
Greasymario,kelthuzad,480,rogue,subtlety,18,5,13
Psychostabby,tichondrius,480,rogue,subtlety,18,5,13
Vyll,stormrage,480,rogue,subtlety,18,5,13
Reinaldojr,azralon,480,rogue,subtlety,18,5,13
Zitihait,amanthul,479,rogue,subtlety,6,5,1
Qlog,tichondrius,479,rogue,subtlety,12,5,7
Catoline,bleeding-hollow,479,rogue,subtlety,12,5,7
Noriel,dathremar,479,rogue,subtlety,12,5,7
Arÿaa,azralon,479,rogue,subtlety,12,5,7
Khorgan,mugthol,479,rogue,subtlety,18,5,13
Silentmoralz,tichondrius,479,rogue,subtlety,23,5,18
Shadownibba,illidan,478,rogue,subtlety,12,5,7
Indivisible,thunderlord,477,rogue,subtlety,12,5,7
Liamoz,amanthul,475,rogue,subtlety,12,5,7
Yellowdeep,tichondrius,447,rogue,subtlety,8,6,2
Backtoch,sargeras,447,rogue,subtlety,11,5,6
Arwy,stormrage,447,rogue,subtlety,11,5,6
Sketchyweas,sargeras,426,rogue,subtlety,14,6,8
Cayladin,tichondrius,416,rogue,subtlety,10,5,5
Astutý,illidan,384,rogue,subtlety,6,4,2
Gatõ,quelthalas,384,rogue,subtlety,6,4,2
Flaremagnet,whisperwind,384,rogue,subtlety,6,4,2
Donpeon,hellscream,384,rogue,subtlety,6,4,2
Unoshade,illidan,384,rogue,subtlety,6,4,2
Seerenai,moon-guard,384,rogue,subtlety,6,4,2
Bloodyhairy,area-52,384,rogue,subtlety,6,4,2
Unshut,tichondrius,384,rogue,subtlety,6,4,2
Bootimus,illidan,384,rogue,subtlety,6,4,2
Wrldstars,illidan,384,rogue,subtlety,6,4,2
Foreverioi,tichondrius,384,rogue,subtlety,6,4,2
Nines,icecrown,384,rogue,subtlety,6,4,2
Acid,warsong,384,rogue,subtlety,6,4,2
Deadopps,stormrage,384,rogue,subtlety,6,4,2
Æsshayádlay,tichondrius,384,rogue,subtlety,6,4,2
Chauva,zuljin,384,rogue,subtlety,6,4,2
Memnõch,emerald-dream,384,rogue,subtlety,6,4,2
Coldkill,bleeding-hollow,384,rogue,subtlety,6,4,2
Nightcloud,tichondrius,384,rogue,subtlety,6,4,2
Xemnxnt,stormrage,384,rogue,subtlety,6,4,2
Sapntapx,malganis,384,rogue,subtlety,6,4,2
Klawz,norgannon,384,rogue,subtlety,6,4,2
Pwnsauce,frostmourne,384,rogue,subtlety,6,4,2
Genève,dreadmaul,384,rogue,subtlety,6,4,2
Altaureen,thrall,384,rogue,subtlety,6,4,2
Smang,mugthol,384,rogue,subtlety,6,4,2
Thèllè,sargeras,384,rogue,subtlety,6,4,2
Siyeong,tichondrius,384,rogue,subtlety,6,4,2
Muggzy,emerald-dream,384,rogue,subtlety,12,4,8
Elishadowed,proudmoore,384,rogue,subtlety,12,4,8
Miamiganster,lothar,384,rogue,subtlety,12,4,8
Mercaderps,frostmourne,384,rogue,subtlety,12,4,8
Tàlion,emerald-dream,384,rogue,subtlety,12,4,8
Flankks,sargeras,384,rogue,subtlety,12,4,8
Morpheûs,tichondrius,384,rogue,subtlety,12,4,8
Zzffqsm,tichondrius,384,rogue,subtlety,12,4,8
Ntshaav,illidan,384,rogue,subtlety,12,4,8
Micromoon,windrunner,384,rogue,subtlety,12,4,8
Lazaruslong,stormrage,384,rogue,subtlety,12,4,8
Shreddér,tichondrius,384,rogue,subtlety,12,4,8
ßaltø,bleeding-hollow,384,rogue,subtlety,12,4,8
Seutobinhaa,stormrage,384,rogue,subtlety,12,4,8
Takamoto,windrunner,384,rogue,subtlety,12,4,8
Xiaozhi,tichondrius,384,rogue,subtlety,12,4,8
Oksanaastan,tichondrius,384,rogue,subtlety,18,4,14
Freego,quelthalas,383,rogue,subtlety,6,4,2
Sildin,sargeras,383,rogue,subtlety,6,4,2
Zamji,tichondrius,383,rogue,subtlety,6,4,2
Vangroen,quelthalas,383,rogue,subtlety,6,4,2
Swayo,tichondrius,383,rogue,subtlety,6,4,2
Ràinê,dalaran,383,rogue,subtlety,12,4,8
Hènnéssy,frostmourne,383,rogue,subtlety,12,4,8
Maewyn,aerie-peak,383,rogue,subtlety,13,4,9
Toxiccarnage,ghostlands,383,rogue,subtlety,14,4,10
Shadowpunx,nemesis,382,rogue,subtlety,6,4,2
Knife,moon-guard,381,rogue,subtlety,12,4,8
Jjp,tichondrius,367,rogue,subtlety,11,4,7
Sinice,draka,351,rogue,subtlety,8,5,3
Samuraii,zuljin,335,rogue,subtlety,11,4,7
Peeryl,daggerspine,327,rogue,subtlety,15,5,10
Rawdawged,illidan,320,rogue,subtlety,16,4,12
Leftyleaf,proudmoore,288,rogue,subtlety,6,3,3
Sinfate,bleeding-hollow,288,rogue,subtlety,6,3,3
Lozion,malganis,288,rogue,subtlety,6,3,3
Topfloorboss,illidan,288,rogue,subtlety,6,3,3
Orangez,malfurion,288,rogue,subtlety,6,3,3
Snackable,tichondrius,288,rogue,subtlety,6,3,3
Revila,bleeding-hollow,288,rogue,subtlety,6,3,3
Commodore,arthas,288,rogue,subtlety,6,3,3
Beanlord,spinebreaker,288,rogue,subtlety,6,3,3
Roguish,kiljaeden,288,rogue,subtlety,6,3,3
Hemorrhages,tichondrius,288,rogue,subtlety,6,3,3
Corrier,tichondrius,288,rogue,subtlety,6,3,3
Stunjunky,area-52,288,rogue,subtlety,6,3,3
Whothekilla,tichondrius,288,rogue,subtlety,6,3,3
Lesty,kelthuzad,288,rogue,subtlety,6,3,3
Mhün,malganis,288,rogue,subtlety,6,3,3
Dödoubleg,stormrage,288,rogue,subtlety,6,3,3
Zarrth,malganis,288,rogue,subtlety,6,3,3
Reverel,tichondrius,288,rogue,subtlety,6,3,3
Kazzo,tichondrius,288,rogue,subtlety,6,3,3
Luriél,stormrage,288,rogue,subtlety,6,3,3
Amatoxin,tichondrius,288,rogue,subtlety,6,3,3
Yamillpgk,ragnaros,288,rogue,subtlety,6,3,3
Creayuncle,area-52,288,rogue,subtlety,6,3,3
Isonlydosex,tichondrius,288,rogue,subtlety,6,3,3
Cron,arygos,288,rogue,subtlety,6,3,3
Yurkarogue,tichondrius,288,rogue,subtlety,6,3,3
Xoltin,tichondrius,288,rogue,subtlety,6,3,3
Junemylove,tichondrius,288,rogue,subtlety,6,3,3
Draiygo,nerzhul,288,rogue,subtlety,6,3,3
Dìngapoof,tichondrius,288,rogue,subtlety,6,3,3
Darkìs,tichondrius,288,rogue,subtlety,6,3,3
Anbuartist,dalaran,288,rogue,subtlety,6,3,3
Gåñðøñ,stormscale,288,rogue,subtlety,6,3,3
Ãnimefãnx,moon-guard,288,rogue,subtlety,6,3,3
Luolan,kargath,288,rogue,subtlety,6,3,3
Ralæriel,wyrmrest-accord,288,rogue,subtlety,6,3,3
Noxik,blackrock,288,rogue,subtlety,6,3,3
Støné,azjolnerub,288,rogue,subtlety,6,3,3
Shadowreapz,barthilas,288,rogue,subtlety,6,3,3
Castsequence,khaz-modan,288,rogue,subtlety,6,3,3
Antijax,stormrage,288,rogue,subtlety,6,3,3
Sit,frostwolf,288,rogue,subtlety,6,3,3
Taraminkadot,sargeras,288,rogue,subtlety,9,4,5
ßutthead,malganis,288,rogue,subtlety,7,3,4
Struggle,sargeras,288,rogue,subtlety,12,3,9
Maløkeirø,stormrage,288,rogue,subtlety,12,3,9
Grinz,sargeras,288,rogue,subtlety,12,3,9
Kekdasneak,dragonmaw,288,rogue,subtlety,12,3,9
Hogstradamus,malganis,288,rogue,subtlety,12,3,9
Carpe,barthilas,288,rogue,subtlety,12,3,9
Ideology,azgalor,288,rogue,subtlety,12,3,9
Yülia,skywall,288,rogue,subtlety,12,3,9
Miloandotis,malganis,288,rogue,subtlety,12,3,9
Falra,wyrmrest-accord,288,rogue,subtlety,12,3,9
Veatrix,zuljin,288,rogue,subtlety,12,3,9
Zapersapp,malygos,288,rogue,subtlety,12,3,9
Jexy,barthilas,288,rogue,subtlety,12,3,9
Relaxsingh,tichondrius,288,rogue,subtlety,18,3,15
Witherblade,area-52,287,rogue,subtlety,6,3,3
Urukzog,ragnaros,287,rogue,subtlety,6,3,3
Framsteg,kelthuzad,287,rogue,subtlety,6,3,3
Cerebrian,malygos,286,rogue,subtlety,6,3,3
Tareduwu,area-52,286,rogue,subtlety,18,3,15
Youngdraco,tichondrius,239,rogue,subtlety,5,3,2
Jalaroot,frostmourne,234,rogue,subtlety,11,5,6
Radagon,fenris,234,rogue,subtlety,9,4,5
Pootymunchin,daggerspine,192,rogue,subtlety,6,2,4
Meadview,bleeding-hollow,192,rogue,subtlety,6,2,4
Jâm,nerzhul,192,rogue,subtlety,6,2,4
Nlynn,veknilash,192,rogue,subtlety,6,2,4
Frèyjä,bleeding-hollow,192,rogue,subtlety,6,2,4
Jsnlol,zuljin,192,rogue,subtlety,6,2,4
Pikabuu,bleeding-hollow,192,rogue,subtlety,6,2,4
Skorsh,wyrmrest-accord,192,rogue,subtlety,6,2,4
Xyltann,bleeding-hollow,192,rogue,subtlety,6,2,4
Chêckmatê,darkspear,192,rogue,subtlety,6,2,4
Jujudaddy,darkspear,192,rogue,subtlety,6,2,4
Lmorningstar,altar-of-storms,192,rogue,subtlety,6,2,4
Elvesnknives,stormrage,192,rogue,subtlety,6,2,4
Nubes,illidan,192,rogue,subtlety,6,2,4
Draef,illidan,192,rogue,subtlety,6,2,4
Runescape,frostmourne,192,rogue,subtlety,6,2,4
Rigotak,illidan,192,rogue,subtlety,6,2,4
Zelthy,frostmourne,192,rogue,subtlety,6,2,4
Lenik,azuremyst,192,rogue,subtlety,6,2,4
Tìlt,whisperwind,192,rogue,subtlety,6,2,4
Weenies,illidan,192,rogue,subtlety,6,2,4
Sapsis,shandris,192,rogue,subtlety,6,2,4
Wètdream,sargeras,192,rogue,subtlety,6,2,4
Slíçk,tichondrius,192,rogue,subtlety,6,2,4
Buddymelon,thrall,192,rogue,subtlety,6,2,4
Åaron,thrall,192,rogue,subtlety,6,2,4
Grue,gundrak,192,rogue,subtlety,6,2,4
Getfkdkid,tichondrius,192,rogue,subtlety,6,2,4
Grinjuk,area-52,192,rogue,subtlety,6,2,4
Abdullahh,tichondrius,192,rogue,subtlety,6,2,4
Terrorstrike,tichondrius,192,rogue,subtlety,6,2,4
Nemoye,tichondrius,192,rogue,subtlety,6,2,4
Skitsöu,tichondrius,192,rogue,subtlety,6,2,4
Slycndice,tortheldrin,192,rogue,subtlety,6,2,4
Tothegravetv,sargeras,192,rogue,subtlety,6,2,4
Jeezy,shadowmoon,192,rogue,subtlety,6,2,4
Söda,emerald-dream,192,rogue,subtlety,6,2,4
Reflexiv,malganis,192,rogue,subtlety,6,2,4
Smakkey,tichondrius,192,rogue,subtlety,6,2,4
Wyyre,hyjal,192,rogue,subtlety,6,2,4
Coalie,tichondrius,192,rogue,subtlety,6,2,4
Picaropanda,quelthalas,192,rogue,subtlety,6,2,4
Icantsleep,tichondrius,192,rogue,subtlety,6,2,4
Surplus,stormscale,192,rogue,subtlety,6,2,4
Teribád,area-52,192,rogue,subtlety,6,2,4
Joegamer,sargeras,192,rogue,subtlety,6,2,4
Macklittle,area-52,192,rogue,subtlety,6,2,4
Stateless,kelthuzad,192,rogue,subtlety,6,2,4
Brustent,icecrown,192,rogue,subtlety,6,2,4
Kami,kelthuzad,192,rogue,subtlety,6,2,4
Bâerâ,bloodscalp,192,rogue,subtlety,8,2,6
Cerel,baelgun,192,rogue,subtlety,12,2,10
Brickjohnson,illidan,192,rogue,subtlety,12,2,10
Flèè,illidan,192,rogue,subtlety,12,2,10
Zeriek,stormrage,192,rogue,subtlety,12,2,10
Onulyo,tichondrius,192,rogue,subtlety,12,2,10
Kidcudi,bonechewer,192,rogue,subtlety,12,2,10
Kilrogga,azshara,191,rogue,subtlety,6,2,4
Lancarlorïus,ragnaros,191,rogue,subtlety,6,2,4
Allirra,ragnaros,191,rogue,subtlety,6,2,4
Confianzudo,ragnaros,191,rogue,subtlety,6,2,4
Opensap,tichondrius,159,rogue,subtlety,5,2,3
Koobbo,tichondrius,159,rogue,subtlety,5,2,3
Eliasael,moon-guard,159,rogue,subtlety,5,2,3
Suhwooh,area-52,159,rogue,subtlety,5,2,3
Ganksterqt,dentarg,138,rogue,subtlety,10,3,7
Lxw,frostmourne,138,rogue,subtlety,10,3,7
Namig,cenarion-circle,128,rogue,subtlety,4,2,2
Mdrogue,sargeras,128,rogue,subtlety,4,2,2
Cheapdeal,frostmourne,128,rogue,subtlety,4,2,2
Fadedx,darkspear,128,rogue,subtlety,4,2,2
Swickwockdus,azralon,112,rogue,subtlety,7,2,5
Tamsy,the-forgotten-coast,96,rogue,subtlety,3,2,1
Amonn,arthas,96,rogue,subtlety,3,2,1
Røgüë,malganis,96,rogue,subtlety,6,1,5
Mídnìght,aegwynn,96,rogue,subtlety,6,1,5
Kestor,barthilas,96,rogue,subtlety,6,1,5
Páige,ragnaros,96,rogue,subtlety,6,1,5
Cotuffa,drakkari,96,rogue,subtlety,6,1,5
Valekk,stormscale,96,rogue,subtlety,6,1,5
Quackerjacks,lightnings-blade,96,rogue,subtlety,6,1,5
Slobernocker,stormrage,96,rogue,subtlety,6,1,5
Toodlles,stormrage,96,rogue,subtlety,6,1,5
Sxs,kiljaeden,96,rogue,subtlety,6,1,5
Nevatell,malganis,96,rogue,subtlety,6,1,5
Steffmaister,tichondrius,96,rogue,subtlety,6,1,5
Bloodyblades,blackhand,96,rogue,subtlety,6,1,5
Satanicrizz,tichondrius,96,rogue,subtlety,6,1,5
Ivanapavlov,kelthuzad,96,rogue,subtlety,6,1,5
Jokerr,proudmoore,96,rogue,subtlety,6,1,5
Dedrater,shadowmoon,96,rogue,subtlety,6,1,5
Frootylol,stormrage,96,rogue,subtlety,6,1,5
Docheatt,dalaran,96,rogue,subtlety,6,1,5
Illidin,executus,96,rogue,subtlety,6,1,5
Ballflicker,malganis,96,rogue,subtlety,6,1,5
Trinktick,doomhammer,96,rogue,subtlety,6,1,5
Twinkrogue,firetree,96,rogue,subtlety,6,1,5
Dabrat,frostwolf,96,rogue,subtlety,6,1,5
Bonizzi,stormrage,96,rogue,subtlety,6,1,5
Originkorean,terenas,96,rogue,subtlety,6,1,5
Vex,durotan,96,rogue,subtlety,6,1,5
Sawred,bonechewer,96,rogue,subtlety,6,1,5
Uchihà,sargeras,95,rogue,subtlety,6,1,5
Ricros,bleeding-hollow,89,rogue,subtlety,8,3,5
Drpibb,ghostlands,63,rogue,subtlety,2,2,0
Saraelith,moon-guard,48,rogue,subtlety,3,1,2
Rocanról,quelthalas,42,rogue,subtlety,6,2,4
Thenelis,dalaran,42,rogue,subtlety,11,2,9
Demonioverde,ragnaros,31,rogue,subtlety,2,1,1
Traumashears,proudmoore,31,rogue,subtlety,2,1,1
Mirrorx,tichondrius,2167,rogue,assassination,84,44,40
Sllabymkcus,sargeras,2126,rogue,assassination,72,37,35
Zarkk,kelthuzad,2017,rogue,assassination,119,57,62
Larmx,tichondrius,1960,rogue,assassination,60,30,30
Snortedgfuel,drenden,1871,rogue,assassination,48,23,25
Lemon,arygos,1851,rogue,assassination,47,20,27
Relän,ragnaros,1846,rogue,assassination,53,32,21
Poonanixo,frostmourne,1846,rogue,assassination,78,38,40
Alethal,tichondrius,1838,rogue,assassination,54,31,23
Jon,the-venture-co,1838,rogue,assassination,54,27,27
Sio,bleeding-hollow,1837,rogue,assassination,60,30,30
Ajúmma,tichondrius,1831,rogue,assassination,57,23,34
Jjp,tichondrius,1827,rogue,assassination,65,33,32
Köfy,quelthalas,1826,rogue,assassination,66,31,35
Xiaochulol,tichondrius,1808,rogue,assassination,36,19,17
Sairak,tichondrius,1803,rogue,assassination,89,43,46
Plumblossomx,tichondrius,1803,rogue,assassination,54,24,30
Slickyo,malganis,1792,rogue,assassination,30,20,10
Bloodlessftw,azralon,1783,rogue,assassination,75,33,42
Ybby,tichondrius,1714,rogue,assassination,68,34,34
Gyutaro,black-dragonflight,1703,rogue,assassination,210,110,100
Feinting,moon-guard,1700,rogue,assassination,58,26,32
Niarzz,tichondrius,1692,rogue,assassination,48,28,20
Bellamor,tichondrius,1690,rogue,assassination,84,50,34
Vmoney,draenor,1685,rogue,assassination,30,18,12
Lunatixz,emerald-dream,1680,rogue,assassination,35,19,16
Whooxx,khazgoroth,1673,rogue,assassination,66,29,37
Doraz,tichondrius,1670,rogue,assassination,60,31,29
Riventrix,zuljin,1668,rogue,assassination,59,27,32
Johnnycryp,barthilas,1650,rogue,assassination,41,21,20
Ivanrah,zuljin,1648,rogue,assassination,45,20,25
Gøblìn,tichondrius,1643,rogue,assassination,36,19,17
Rapcher,illidan,1632,rogue,assassination,148,75,73
Josex,lightbringer,1632,rogue,assassination,48,20,28
Sheerlol,stormrage,1626,rogue,assassination,49,24,25
Beaconlight,tichondrius,1624,rogue,assassination,48,20,28
Assassìn,moon-guard,1618,rogue,assassination,48,27,21
Osuba,proudmoore,1604,rogue,assassination,60,27,33
Elinarra,sargeras,1603,rogue,assassination,42,21,21
Vél,blackrock,1600,rogue,assassination,30,17,13
Seroth,tichondrius,1590,rogue,assassination,24,17,7
Sparqxx,tichondrius,1589,rogue,assassination,199,100,99
Chêckmatê,darkspear,1589,rogue,assassination,54,25,29
Devstrike,sargeras,1587,rogue,assassination,53,25,28
Xagreth,illidan,1579,rogue,assassination,40,20,20
Purplechil,garrosh,1564,rogue,assassination,49,22,27
Wxvi,tichondrius,1557,rogue,assassination,36,21,15
Xilorio,skullcrusher,1552,rogue,assassination,42,23,19
Nsns,drenden,1550,rogue,assassination,119,58,61
Miamiganster,lothar,1550,rogue,assassination,120,54,66
Replayz,stormrage,1547,rogue,assassination,48,20,28
Foreverioi,tichondrius,1532,rogue,assassination,42,22,20
Kidneyshiv,stormrage,1531,rogue,assassination,36,20,16
Cutercarver,proudmoore,1514,rogue,assassination,36,16,20
Kiosh,tichondrius,1513,rogue,assassination,72,34,38
Tryedge,moon-guard,1512,rogue,assassination,36,19,17
Staabzz,thrall,1505,rogue,assassination,66,27,39
Sizka,sargeras,1495,rogue,assassination,36,17,19
Stabem,moon-guard,1487,rogue,assassination,153,82,71
Hypnothot,tichondrius,1487,rogue,assassination,78,23,55
Paraisbae,tichondrius,1480,rogue,assassination,36,20,16
Camlaw,area-52,1477,rogue,assassination,55,26,29
Creamypeach,stormrage,1477,rogue,assassination,51,24,27
Notjawn,arthas,1465,rogue,assassination,84,45,39
Bellicoses,tichondrius,1460,rogue,assassination,95,47,48
Smkgpvp,stormrage,1456,rogue,assassination,29,16,13
Blackmont,bleeding-hollow,1456,rogue,assassination,60,26,34
Coquìn,proudmoore,1429,rogue,assassination,80,39,41
Pirrow,moon-guard,1426,rogue,assassination,46,25,21
Lcl,proudmoore,1420,rogue,assassination,178,91,87
Nightdelphya,azralon,1411,rogue,assassination,42,15,27
Youwho,kiljaeden,1410,rogue,assassination,87,42,45
Playmaker,frostwolf,1396,rogue,assassination,150,79,71
Isàputàp,tichondrius,1378,rogue,assassination,30,15,15
Valråvn,bloodscalp,1359,rogue,assassination,23,15,8
Boonee,frostmourne,1345,rogue,assassination,48,21,27
Strîkér,tichondrius,1339,rogue,assassination,31,15,16
Swexee,area-52,1339,rogue,assassination,60,26,34
Røgüë,malganis,1338,rogue,assassination,30,14,16
Lucidstorm,tichondrius,1337,rogue,assassination,24,14,10
Greenlemons,lightnings-blade,1335,rogue,assassination,30,19,11
Galaily,proudmoore,1334,rogue,assassination,42,18,24
Shankeez,tichondrius,1319,rogue,assassination,30,14,16
Keepitshadow,frostmourne,1317,rogue,assassination,60,32,28
Vannisshh,shattered-halls,1316,rogue,assassination,42,16,26
Gorgdrake,illidan,1306,rogue,assassination,65,33,32
Powerjuicer,tichondrius,1300,rogue,assassination,60,28,32
Kindasorry,illidan,1290,rogue,assassination,54,23,31
Aynrand,drakkari,1281,rogue,assassination,36,16,20
Keylâ,thrall,1264,rogue,assassination,44,24,20
Seengivenchy,zuljin,1262,rogue,assassination,26,14,12
Sinnister,queldorei,1259,rogue,assassination,47,20,27
Regios,shadowmoon,1255,rogue,assassination,71,31,40
Spooky,bleeding-hollow,1248,rogue,assassination,30,15,15
Lemonlemon,arygos,1247,rogue,assassination,24,13,11
Doomcore,barthilas,1246,rogue,assassination,35,17,18
Sênorita,tichondrius,1246,rogue,assassination,36,13,23
Morgoophh,azralon,1234,rogue,assassination,56,30,26
Wujn,tichondrius,1233,rogue,assassination,26,13,13
Pst,spirestone,1227,rogue,assassination,24,14,10
Shinobick,kelthuzad,1222,rogue,assassination,30,15,15
Itokuri,ysera,1218,rogue,assassination,30,13,17
Hiddencosts,proudmoore,1200,rogue,assassination,67,30,37
Lórdx,illidan,1178,rogue,assassination,50,23,27
Fakie,quelthalas,1176,rogue,assassination,37,21,16
Odetodindel,nerzhul,1176,rogue,assassination,54,30,24
Mìtsuru,proudmoore,1165,rogue,assassination,36,20,16
Rizzboy,tichondrius,1153,rogue,assassination,30,13,17
Kenteenx,tichondrius,1151,rogue,assassination,30,12,18
Kriszov,moon-guard,1149,rogue,assassination,124,62,62
Tortador,quelthalas,1140,rogue,assassination,30,16,14
Indivisible,thunderlord,1136,rogue,assassination,30,16,14
Skigskag,shadowsong,1117,rogue,assassination,55,28,27
Gogothirteen,kiljaeden,1117,rogue,assassination,30,15,15
Ulley,sargeras,1113,rogue,assassination,26,13,13
Nikhlaus,ragnaros,1107,rogue,assassination,24,13,11
Altarys,ragnaros,1103,rogue,assassination,27,15,12
Copler,tichondrius,1098,rogue,assassination,30,12,18
Roguepvp,stormrage,1095,rogue,assassination,52,28,24
Smoketoad,tichondrius,1081,rogue,assassination,30,15,15
Ninjadoo,tichondrius,1075,rogue,assassination,32,12,20
Ziggee,sargeras,1061,rogue,assassination,38,19,19
Aiden,burning-legion,1056,rogue,assassination,18,11,7
Lycanthropî,illidan,1056,rogue,assassination,24,11,13
Quefist,sargeras,1054,rogue,assassination,20,11,9
Nayle,dalaran,1054,rogue,assassination,24,11,13
Wxva,tichondrius,1054,rogue,assassination,24,11,13
Zipperx,tichondrius,1053,rogue,assassination,30,11,19
Hickery,frostmourne,1053,rogue,assassination,30,11,19
Stuns,azshara,1052,rogue,assassination,18,11,7
Kazzo,tichondrius,1050,rogue,assassination,18,11,7
Slycndice,tortheldrin,1048,rogue,assassination,54,29,25
Roollz,nemesis,1048,rogue,assassination,24,11,13
Looprevil,andorhal,1043,rogue,assassination,24,14,10
Cashbigknife,area-52,1030,rogue,assassination,36,12,24
Dothras,stormrage,1022,rogue,assassination,75,33,42
Apocalipto,barthilas,1010,rogue,assassination,35,11,24
Pegglerogue,fizzcrank,977,rogue,assassination,72,31,41
Jonuts,bleeding-hollow,960,rogue,assassination,18,10,8
Kents,tichondrius,960,rogue,assassination,24,10,14
Dizzymoods,stormrage,960,rogue,assassination,24,10,14
Lesentixd,stormrage,959,rogue,assassination,24,10,14
Ãnimefãnx,moon-guard,957,rogue,assassination,24,10,14
Raskapashan,moon-guard,956,rogue,assassination,30,10,20
Driprat,area-52,955,rogue,assassination,18,10,8
Problemchild,rexxar,949,rogue,assassination,24,10,14
Vozzy,proudmoore,947,rogue,assassination,30,17,13
Elithr,nemesis,944,rogue,assassination,18,10,8
Sergioz,quelthalas,935,rogue,assassination,30,10,20
Atomicgoat,tichondrius,928,rogue,assassination,33,12,21
Osiriko,thunderlord,925,rogue,assassination,55,26,29
Roguecity,tichondrius,917,rogue,assassination,76,21,55
Wolgan,nemesis,916,rogue,assassination,55,25,30
Headless,dragonmaw,909,rogue,assassination,23,12,11
Grasiel,tichondrius,906,rogue,assassination,27,10,17
Thenelis,dalaran,897,rogue,assassination,43,10,33
Unlucký,sargeras,864,rogue,assassination,12,9,3
Brendantko,arthas,863,rogue,assassination,18,9,9
Whoox,khazgoroth,863,rogue,assassination,30,9,21
Cleam,darkspear,861,rogue,assassination,18,9,9
Laotrec,nemesis,859,rogue,assassination,18,9,9
Ballflicker,malganis,857,rogue,assassination,30,9,21
Jeshka,wyrmrest-accord,856,rogue,assassination,18,9,9
Chingado,kaelthas,855,rogue,assassination,24,9,15
Snoopdrogado,sargeras,850,rogue,assassination,12,9,3
Omnìslash,area-52,847,rogue,assassination,17,9,8
Adrianstab,dalaran,839,rogue,assassination,18,9,9
Píxíedúst,black-dragonflight,812,rogue,assassination,34,10,24
Zapersapp,malygos,803,rogue,assassination,28,10,18
Ôñéèýèdkíñg,stormrage,768,rogue,assassination,12,8,4
Clairered,tichondrius,768,rogue,assassination,18,8,10
Ånko,tichondrius,768,rogue,assassination,18,8,10
Nhic,tichondrius,768,rogue,assassination,18,8,10
Snakegødx,sargeras,768,rogue,assassination,21,9,12
Dockside,stormrage,767,rogue,assassination,12,8,4
Happyslice,stormrage,767,rogue,assassination,15,9,6
Gøblìn,stormrage,767,rogue,assassination,15,9,6
Shiddlesz,area-52,767,rogue,assassination,18,8,10
Zetéra,ragnaros,767,rogue,assassination,18,8,10
Dianiss,ragnaros,767,rogue,assassination,18,8,10
Xshadowt,ragnaros,767,rogue,assassination,24,8,16
Sindor,azralon,767,rogue,assassination,30,8,22
Mylovejunex,tichondrius,766,rogue,assassination,12,8,4
ßackshots,kelthuzad,766,rogue,assassination,18,8,10
Hattrìck,area-52,763,rogue,assassination,24,8,16
Picaroxp,drakkari,762,rogue,assassination,12,8,4
Zropi,quelthalas,762,rogue,assassination,24,8,16
Pikacuulo,ragnaros,760,rogue,assassination,31,9,22
Snoor,nemesis,753,rogue,assassination,21,9,12
Killua,dalaran,752,rogue,assassination,18,8,10
Endlesswaltz,zuljin,720,rogue,assassination,21,8,13
Ultranumb,sargeras,714,rogue,assassination,14,9,5
Snub,aerie-peak,713,rogue,assassination,28,8,20
Ghoulzer,tichondrius,704,rogue,assassination,10,8,2
Zirkir,mannoroth,672,rogue,assassination,12,7,5
Sotypical,area-52,672,rogue,assassination,12,7,5
Skitsöu,tichondrius,672,rogue,assassination,12,7,5
Jaganz,stormrage,672,rogue,assassination,12,7,5
Mydearest,tichondrius,672,rogue,assassination,18,7,11
Nogodplsno,stormrage,672,rogue,assassination,18,7,11
Lakeshark,stormrage,672,rogue,assassination,24,7,17
Deepman,gorefiend,671,rogue,assassination,12,7,5
Alizashea,stormrage,671,rogue,assassination,12,7,5
Sangreale,nemesis,671,rogue,assassination,12,7,5
Torshe,sargeras,671,rogue,assassination,12,7,5
Showclass,stormrage,671,rogue,assassination,18,7,11
Johnthefum,malganis,671,rogue,assassination,18,7,11
Worm,demon-soul,671,rogue,assassination,18,7,11
Ezzdeath,tichondrius,671,rogue,assassination,18,7,11
Tìnkerton,wyrmrest-accord,671,rogue,assassination,24,7,17
Jagó,malganis,669,rogue,assassination,18,7,11
Sinistro,bleeding-hollow,667,rogue,assassination,12,7,5
Rodanheim,burning-blade,667,rogue,assassination,18,7,11
Jakkov,blackrock,666,rogue,assassination,18,7,11
Slootslayer,azshara,662,rogue,assassination,18,7,11
Runakó,kelthuzad,623,rogue,assassination,11,7,4
Pochomän,ragnaros,618,rogue,assassination,16,9,7
Páïgèvêntürã,bleeding-hollow,607,rogue,assassination,14,7,7
Twoheaded,frostmourne,576,rogue,assassination,12,6,6
Thargal,tichondrius,576,rogue,assassination,12,6,6
Viicky,ghostlands,576,rogue,assassination,12,6,6
Stabasaurus,blood-furnace,576,rogue,assassination,12,6,6
Luriél,stormrage,576,rogue,assassination,12,6,6
Grafting,tichondrius,576,rogue,assassination,12,6,6
Mosedz,tichondrius,576,rogue,assassination,12,6,6
Bloodygoat,area-52,576,rogue,assassination,12,6,6
Núm,tichondrius,576,rogue,assassination,12,6,6
Olé,azralon,576,rogue,assassination,12,6,6
Turec,illidan,576,rogue,assassination,12,6,6
Øsi,icecrown,576,rogue,assassination,18,6,12
Leônhart,thrall,576,rogue,assassination,18,6,12
Ahjii,malganis,576,rogue,assassination,18,6,12
Cox,bleeding-hollow,575,rogue,assassination,6,6,0
Robinsony,tichondrius,575,rogue,assassination,12,6,6
Blaçkout,thrall,575,rogue,assassination,12,6,6
Sgnome,quelthalas,575,rogue,assassination,18,6,12
Papadopolous,zuluhed,575,rogue,assassination,18,6,12
Aurrora,kiljaeden,574,rogue,assassination,17,6,11
Mcvillain,kelthuzad,573,rogue,assassination,12,6,6
Escape,elune,571,rogue,assassination,12,6,6
Vitalz,bloodscalp,568,rogue,assassination,18,6,12
Euweu,nemesis,567,rogue,assassination,18,6,12
Karing,onyxia,511,rogue,assassination,10,6,4
Lvx,frostmourne,480,rogue,assassination,6,5,1
Kzx,illidan,480,rogue,assassination,6,5,1
Pwnsauce,frostmourne,480,rogue,assassination,7,5,2
Dysxliec,dalaran,480,rogue,assassination,12,5,7
Fuzzyslow,stormrage,480,rogue,assassination,12,5,7
Spikiera,silvermoon,480,rogue,assassination,12,5,7
Breakxcvii,bleeding-hollow,480,rogue,assassination,12,5,7
Bloore,fizzcrank,480,rogue,assassination,12,5,7
Lakeshark,tichondrius,480,rogue,assassination,12,5,7
Tberg,emerald-dream,480,rogue,assassination,12,5,7
Xm,sargeras,480,rogue,assassination,18,5,13
Zamorant,emerald-dream,480,rogue,assassination,30,5,25
Rêdrum,illidan,480,rogue,assassination,30,5,25
Mashad,moon-guard,479,rogue,assassination,12,5,7
Eliasael,moon-guard,479,rogue,assassination,15,6,9
Rinestiria,arthas,479,rogue,assassination,18,5,13
Addvilpm,wyrmrest-accord,478,rogue,assassination,6,5,1
Maison,ragnaros,478,rogue,assassination,12,5,7
Bonizzi,stormrage,478,rogue,assassination,12,5,7
Lethalist,whisperwind,476,rogue,assassination,12,5,7
Killdead,warsong,473,rogue,assassination,12,5,7
Savagedeeps,stormreaver,472,rogue,assassination,12,5,7
Julius,malganis,447,rogue,assassination,8,6,2
Shizz,tichondrius,447,rogue,assassination,14,6,8
Vastørogue,azralon,426,rogue,assassination,13,6,7
Betakong,quelthalas,384,rogue,assassination,6,4,2
Arlom,daggerspine,384,rogue,assassination,6,4,2
Slizard,boulderfist,384,rogue,assassination,6,4,2
Kayriss,antonidas,384,rogue,assassination,6,4,2
Chokonet,gurubashi,384,rogue,assassination,6,4,2
Hollowtipzz,tichondrius,384,rogue,assassination,6,4,2
Kágé,ragnaros,384,rogue,assassination,6,4,2
Fofree,hyjal,384,rogue,assassination,6,4,2
Onulyo,tichondrius,384,rogue,assassination,6,4,2
Tmpikaboo,tichondrius,384,rogue,assassination,6,4,2
Colom,moon-guard,384,rogue,assassination,6,4,2
Schleazy,emerald-dream,384,rogue,assassination,6,4,2
Buckbreaker,stormrage,384,rogue,assassination,6,4,2
Kargargar,thrall,384,rogue,assassination,12,4,8
Pandrogue,shadowsong,384,rogue,assassination,12,4,8
Gridisx,wyrmrest-accord,384,rogue,assassination,12,4,8
Cv,proudmoore,384,rogue,assassination,12,4,8
Sillikitti,tichondrius,384,rogue,assassination,12,4,8
Manersi,akama,384,rogue,assassination,12,4,8
Pãndã,stormrage,384,rogue,assassination,12,4,8
Rîa,area-52,384,rogue,assassination,12,4,8
Girio,thrall,384,rogue,assassination,12,4,8
Cryoph,illidan,384,rogue,assassination,12,4,8
Azrek,sargeras,384,rogue,assassination,18,4,14
Alterfate,wyrmrest-accord,384,rogue,assassination,18,4,14
Gladlol,stormrage,384,rogue,assassination,18,4,14
Kiorz,tichondrius,383,rogue,assassination,6,4,2
Corteleve,nemesis,383,rogue,assassination,12,4,8
Akalio,laughing-skull,383,rogue,assassination,12,4,8
Steeldiesel,sargeras,383,rogue,assassination,12,4,8
Setsu,sargeras,383,rogue,assassination,13,4,9
Tiptoez,bleeding-hollow,382,rogue,assassination,6,4,2
Hésta,moon-guard,382,rogue,assassination,12,4,8
Wrinklevoss,proudmoore,382,rogue,assassination,12,4,8
Tralisong,azshara,382,rogue,assassination,12,4,8
Slobernocker,stormrage,381,rogue,assassination,12,4,8
Tolthe,hyjal,351,rogue,assassination,11,4,7
Coopi,tichondrius,320,rogue,assassination,10,4,6
Pícáróóná,ragnaros,320,rogue,assassination,16,4,12
Xvds,tichondrius,319,rogue,assassination,14,4,10
Ziedrich,frostmourne,318,rogue,assassination,10,4,6
Prodixybn,illidan,288,rogue,assassination,6,3,3
Steffmaister,tichondrius,288,rogue,assassination,6,3,3
Jannie,rexxar,288,rogue,assassination,6,3,3
Punkyass,azralon,288,rogue,assassination,6,3,3
Katovo,tichondrius,288,rogue,assassination,6,3,3
Cron,arygos,288,rogue,assassination,6,3,3
Chipetan,hyjal,288,rogue,assassination,6,3,3
Saltypwncake,illidan,288,rogue,assassination,6,3,3
Twinkasz,nemesis,288,rogue,assassination,6,3,3
Blindfun,emerald-dream,288,rogue,assassination,6,3,3
Corrier,tichondrius,288,rogue,assassination,6,3,3
Brlsels,azralon,288,rogue,assassination,6,3,3
Sinepymkcus,illidan,288,rogue,assassination,6,3,3
Løgîc,tichondrius,288,rogue,assassination,6,3,3
Deeshdosh,illidan,288,rogue,assassination,6,3,3
Lyapunov,tichondrius,288,rogue,assassination,6,3,3
Maciota,area-52,288,rogue,assassination,6,3,3
Cjayy,bleeding-hollow,288,rogue,assassination,6,3,3
Rýuu,bleeding-hollow,288,rogue,assassination,6,3,3
Dïeb,zuljin,288,rogue,assassination,6,3,3
Wowamaze,aegwynn,288,rogue,assassination,6,3,3
Ixìa,vashj,288,rogue,assassination,6,3,3
Thâïßòÿgøóñ,jubeithos,288,rogue,assassination,6,3,3
Calebrogue,illidan,288,rogue,assassination,6,3,3
Lakki,chromaggus,288,rogue,assassination,6,3,3
Bigtengu,tichondrius,288,rogue,assassination,6,3,3
Aevaela,duskwood,288,rogue,assassination,12,3,9
Atulano,wyrmrest-accord,288,rogue,assassination,12,3,9
Alttee,proudmoore,288,rogue,assassination,12,3,9
Sanozü,azralon,288,rogue,assassination,12,3,9
Karmagoodttv,stormrage,288,rogue,assassination,12,3,9
Elevorra,frostmourne,288,rogue,assassination,12,3,9
Trinktick,doomhammer,288,rogue,assassination,12,3,9
Cydonian,ragnaros,288,rogue,assassination,12,3,9
Sunshinezx,frostmourne,288,rogue,assassination,12,3,9
Shortcut,khadgar,288,rogue,assassination,12,3,9
Loligotyou,stormrage,288,rogue,assassination,18,3,15
Moridra,demon-soul,287,rogue,assassination,6,3,3
Criptoniø,azralon,287,rogue,assassination,6,3,3
Gilhela,bloodhoof,287,rogue,assassination,6,3,3
Anarusekkusu,wyrmrest-accord,287,rogue,assassination,12,3,9
Wreatus,moon-guard,287,rogue,assassination,12,3,9
Olg,arathor,287,rogue,assassination,12,3,9
Peeryl,daggerspine,286,rogue,assassination,6,3,3
Clothies,zuljin,285,rogue,assassination,12,3,9
Sanguinnar,nemesis,285,rogue,assassination,12,3,9
Synesh,moon-guard,255,rogue,assassination,11,3,8
Thoxic,barthilas,239,rogue,assassination,5,3,2
Tamsy,the-forgotten-coast,239,rogue,assassination,5,3,2
Walnutrog,area-52,234,rogue,assassination,11,5,6
Skairipa,agamaggan,232,rogue,assassination,7,4,3
Zaozaa,frostmourne,192,rogue,assassination,6,2,4
Karmakula,wildhammer,192,rogue,assassination,6,2,4
Saiine,drenden,192,rogue,assassination,6,2,4
Haeqn,nemesis,192,rogue,assassination,6,2,4
Ninjamf,bleeding-hollow,192,rogue,assassination,6,2,4
Ssjseem,sargeras,192,rogue,assassination,6,2,4
Yoodoo,nemesis,192,rogue,assassination,6,2,4
Wowslayer,bleeding-hollow,192,rogue,assassination,6,2,4
Apssal,tichondrius,192,rogue,assassination,6,2,4
Historymaker,tichondrius,192,rogue,assassination,6,2,4
Psilocin,sargeras,192,rogue,assassination,6,2,4
Karlemagne,blackrock,192,rogue,assassination,6,2,4
Quickflash,bloodhoof,192,rogue,assassination,6,2,4
Jerzs,tichondrius,192,rogue,assassination,6,2,4
Skeezy,vashj,192,rogue,assassination,6,2,4
Theblindsap,dalaran,192,rogue,assassination,6,2,4
Pkkrevolt,archimonde,192,rogue,assassination,6,2,4
Combo,norgannon,192,rogue,assassination,6,2,4
Slashinsteev,dalaran,192,rogue,assassination,6,2,4
Sellers,tichondrius,192,rogue,assassination,6,2,4
Vimit,tichondrius,192,rogue,assassination,6,2,4
Zogbu,stormrage,192,rogue,assassination,6,2,4
Cerut,illidan,192,rogue,assassination,6,2,4
Vindzl,azralon,192,rogue,assassination,6,2,4
Joeyzord,stormrage,192,rogue,assassination,6,2,4
Wansuiye,tichondrius,192,rogue,assassination,6,2,4
Salätzar,quelthalas,192,rogue,assassination,6,2,4
Stepper,aegwynn,192,rogue,assassination,6,2,4
Thepitt,stormrage,192,rogue,assassination,6,2,4
Gentlesaop,blackrock,192,rogue,assassination,6,2,4
Støné,azjolnerub,192,rogue,assassination,6,2,4
Miloandotis,malganis,192,rogue,assassination,6,2,4
Frostheartyy,azralon,192,rogue,assassination,6,2,4
Bladä,area-52,192,rogue,assassination,6,2,4
Nicknasty,kelthuzad,192,rogue,assassination,6,2,4
Cktko,stormrage,192,rogue,assassination,6,2,4
Escurecer,azralon,192,rogue,assassination,6,2,4
Swickwockdus,azralon,192,rogue,assassination,6,2,4
Ilesire,frostmourne,192,rogue,assassination,6,2,4
Ennmaa,azralon,192,rogue,assassination,6,2,4
Vanishcdc,area-52,192,rogue,assassination,6,2,4
Darkfalleng,azralon,192,rogue,assassination,6,2,4
Jaanmonty,frostmourne,192,rogue,assassination,6,2,4
Roguemain,smolderthorn,192,rogue,assassination,6,2,4
Gilbertgr,boulderfist,192,rogue,assassination,6,2,4
Mermm,burning-blade,192,rogue,assassination,6,2,4
Sneakysharky,frostmourne,192,rogue,assassination,6,2,4
Youngtugger,daggerspine,192,rogue,assassination,11,2,9
Liridor,quelthalas,192,rogue,assassination,11,2,9
Seltzie,bleeding-hollow,192,rogue,assassination,12,2,10
Kdrx,thrall,192,rogue,assassination,12,2,10
Onetwostep,tichondrius,192,rogue,assassination,12,2,10
Geradyn,stormrage,192,rogue,assassination,12,2,10
Nines,icecrown,192,rogue,assassination,12,2,10
Bloodwish,tichondrius,192,rogue,assassination,12,2,10
Pleodonis,tichondrius,192,rogue,assassination,12,2,10
Slowtime,quelthalas,192,rogue,assassination,12,2,10
Cryptixx,blades-edge,191,rogue,assassination,6,2,4
Diatonic,illidan,191,rogue,assassination,6,2,4
Swiftbones,burning-blade,191,rogue,assassination,6,2,4
Dabrat,frostwolf,191,rogue,assassination,12,2,10
Donpablò,area-52,175,rogue,assassination,11,2,9
ßalto,bleeding-hollow,160,rogue,assassination,10,2,8
Stâbitha,bloodscalp,138,rogue,assassination,20,4,16
Superharry,tichondrius,128,rogue,assassination,4,2,2
Garrotte,tichondrius,127,rogue,assassination,8,2,6
Teach,illidan,96,rogue,assassination,9,2,7
Lululee,tichondrius,96,rogue,assassination,6,1,5
Brianä,quelthalas,96,rogue,assassination,6,1,5
Enyr,frostmourne,96,rogue,assassination,6,1,5
Lu,lethon,96,rogue,assassination,6,1,5
Nightmarës,frostmourne,96,rogue,assassination,6,1,5
Darkdessoft,ragnaros,96,rogue,assassination,6,1,5
Assakiller,azralon,96,rogue,assassination,6,1,5
Icantsleep,tichondrius,96,rogue,assassination,6,1,5
Deathxx,destromath,96,rogue,assassination,6,1,5
Wuzi,azralon,96,rogue,assassination,6,1,5
Bubbski,area-52,96,rogue,assassination,6,1,5
Clicksbtns,area-52,96,rogue,assassination,6,1,5
Zitihait,amanthul,96,rogue,assassination,6,1,5
Preceptor,azralon,96,rogue,assassination,6,1,5
Nikosneako,tichondrius,96,rogue,assassination,6,1,5
Kiskapolyus,thrall,96,rogue,assassination,6,1,5
Nebiroth,illidan,96,rogue,assassination,6,1,5
Nubes,illidan,96,rogue,assassination,6,1,5
Ntshaav,illidan,96,rogue,assassination,6,1,5
Khlapncheeks,emerald-dream,96,rogue,assassination,6,1,5
Urukzog,ragnaros,96,rogue,assassination,6,1,5
Scylas,stormrage,96,rogue,assassination,6,1,5
Canesuckr,stormrage,96,rogue,assassination,6,1,5
Flinchyy,dalaran,96,rogue,assassination,6,1,5
Combøz,tichondrius,96,rogue,assassination,6,1,5
Docheatt,dalaran,96,rogue,assassination,6,1,5
Ràinê,dalaran,96,rogue,assassination,6,1,5
Greased,arthas,96,rogue,assassination,6,1,5
Twotimed,magtheridon,96,rogue,assassination,6,1,5
Touchthetip,bleeding-hollow,96,rogue,assassination,6,1,5
Stêf,zuljin,96,rogue,assassination,6,1,5
Sømeøne,malygos,96,rogue,assassination,6,1,5
Yohigo,quelthalas,96,rogue,assassination,6,1,5
Burtonee,aegwynn,96,rogue,assassination,6,1,5
Meritra,ragnaros,96,rogue,assassination,6,1,5
Twinkrogue,firetree,96,rogue,assassination,6,1,5
Mirâge,illidan,96,rogue,assassination,6,1,5
Rokkhan,blackrock,96,rogue,assassination,6,1,5
Sevrow,wyrmrest-accord,96,rogue,assassination,6,1,5
Rykojin,sargeras,96,rogue,assassination,6,1,5
Voidbrain,area-52,96,rogue,assassination,12,1,11
Karparog,ragnaros,96,rogue,assassination,12,1,11
Véndéttá,area-52,96,rogue,assassination,12,1,11
Kistef,moon-guard,96,rogue,assassination,12,1,11
Vladtsepesh,stormrage,96,rogue,assassination,12,1,11
Sneakyfoot,gorgonnash,95,rogue,assassination,7,1,6
Averagepimpn,tichondrius,79,rogue,assassination,5,1,4
Radiantrogue,nordrassil,79,rogue,assassination,5,1,4
Botches,bonechewer,48,rogue,assassination,3,1,2
Stabbindude,illidan,48,rogue,assassination,3,1,2
Sûshì,tichondrius,48,rogue,assassination,9,1,8
Ajy,tichondrius,31,rogue,assassination,2,1,1
Ascherx,illidan,16,rogue,assassination,1,1,0
Plewt,zuljin,2189,shaman,restoration,94,51,43
Xtremeorc,area-52,2159,shaman,restoration,66,39,27
Spagetje,tichondrius,2154,shaman,restoration,102,57,45
Zavoky,tichondrius,2138,shaman,restoration,108,63,45
Timpossible,tichondrius,2135,shaman,restoration,260,138,122
Aameng,tichondrius,2111,shaman,restoration,90,48,42
Akwesy,stormrage,2108,shaman,restoration,83,47,36
Shamaen,kelthuzad,2107,shaman,restoration,86,51,35
Selketh,area-52,2107,shaman,restoration,79,46,33
Skipperx,thrall,2097,shaman,restoration,60,37,23
Iissham,darkspear,2038,shaman,restoration,104,53,51
Kantok,quelthalas,2036,shaman,restoration,65,42,23
Itsallgoodx,tichondrius,2008,shaman,restoration,114,55,59
Ilavayoualot,malganis,2006,shaman,restoration,130,62,68
Smlz,garrosh,1998,shaman,restoration,68,38,30
Sizure,frostmourne,1984,shaman,restoration,118,60,58
Abovesky,proudmoore,1979,shaman,restoration,102,50,52
Svanteson,wyrmrest-accord,1979,shaman,restoration,78,37,41
Berquon,tichondrius,1974,shaman,restoration,78,40,38
Lötus,tichondrius,1963,shaman,restoration,80,44,36
Boyfromhell,stormrage,1941,shaman,restoration,97,47,50
Cruv,thrall,1936,shaman,restoration,96,47,49
Slimdavey,tichondrius,1934,shaman,restoration,113,64,49
Jangbi,malganis,1934,shaman,restoration,246,129,117
Gragomga,area-52,1920,shaman,restoration,84,44,40
Kurtcx,tichondrius,1914,shaman,restoration,153,78,75
Kimflo,tichondrius,1912,shaman,restoration,175,89,86
Oryxx,kiljaeden,1912,shaman,restoration,72,33,39
Plorenz,illidan,1905,shaman,restoration,54,34,20
Corianderism,tichondrius,1894,shaman,restoration,65,33,32
Semtechs,tichondrius,1892,shaman,restoration,154,76,78
Nepos,dragonmaw,1891,shaman,restoration,66,34,32
Stormtitan,malganis,1888,shaman,restoration,78,38,40
Däbü,tichondrius,1887,shaman,restoration,84,40,44
Breuer,tichondrius,1885,shaman,restoration,72,35,37
Bigbadsac,frostmourne,1884,shaman,restoration,78,38,40
Terapatrik,area-52,1869,shaman,restoration,126,63,63
Dehsaw,illidan,1867,shaman,restoration,96,50,46
Ravaburst,sargeras,1865,shaman,restoration,60,29,31
Hódoong,tichondrius,1857,shaman,restoration,46,24,22
Peyn,shadowsong,1856,shaman,restoration,54,31,23
Moistbeans,tichondrius,1854,shaman,restoration,48,26,22
Chomang,stormreaver,1851,shaman,restoration,78,39,39
Baodan,azshara,1847,shaman,restoration,83,42,41
Helga,hellscream,1845,shaman,restoration,48,29,19
Nemix,barthilas,1844,shaman,restoration,42,27,15
Shamcena,the-scryers,1842,shaman,restoration,51,28,23
Üchihamadarâ,tichondrius,1841,shaman,restoration,49,30,19
Restobyte,moon-guard,1837,shaman,restoration,42,24,18
Crazyshamañ,akama,1837,shaman,restoration,53,27,26
Caibeeshammy,tichondrius,1835,shaman,restoration,162,77,85
Chobawn,tichondrius,1829,shaman,restoration,60,32,28
Bluekid,barthilas,1828,shaman,restoration,54,30,24
Beyoncé,lethon,1826,shaman,restoration,53,30,23
Hathul,bleeding-hollow,1826,shaman,restoration,60,33,27
Tuskcrusher,dalaran,1825,shaman,restoration,72,30,42
Ogctkoy,illidan,1824,shaman,restoration,102,51,51
Gjök,nemesis,1824,shaman,restoration,54,22,32
Cryochemist,tichondrius,1819,shaman,restoration,29,23,6
Bigspaghetti,thrall,1818,shaman,restoration,66,31,35
Nayro,bleeding-hollow,1816,shaman,restoration,277,157,120
Ogran,stormscale,1815,shaman,restoration,54,25,29
Dantheman,twisting-nether,1810,shaman,restoration,42,23,19
Meatballs,kirin-tor,1809,shaman,restoration,62,31,31
Desee,bleeding-hollow,1809,shaman,restoration,48,24,24
Ookmetide,bleeding-hollow,1807,shaman,restoration,52,29,23
Oridean,area-52,1807,shaman,restoration,36,19,17
Willy,icecrown,1807,shaman,restoration,87,44,43
Nediar,tichondrius,1805,shaman,restoration,30,23,7
Totemgripper,moon-guard,1804,shaman,restoration,65,39,26
Hydrocheck,tichondrius,1804,shaman,restoration,94,54,40
Astrøcyte,tichondrius,1804,shaman,restoration,96,46,50
Cmsi,tichondrius,1803,shaman,restoration,42,23,19
Bogz,korgath,1802,shaman,restoration,84,42,42
Papatooties,tichondrius,1801,shaman,restoration,160,76,84
Nktx,tichondrius,1800,shaman,restoration,118,66,52
Shockmematty,tichondrius,1798,shaman,restoration,36,25,11
Shanasty,bleeding-hollow,1797,shaman,restoration,54,29,25
Inmø,ragnaros,1797,shaman,restoration,36,19,17
Hodoongs,tichondrius,1797,shaman,restoration,49,23,26
Cigaretter,tichondrius,1793,shaman,restoration,56,25,31
Moldymeatbox,emerald-dream,1785,shaman,restoration,80,37,43
Bozzyy,illidan,1784,shaman,restoration,54,31,23
Booramqt,tichondrius,1780,shaman,restoration,47,27,20
Podcognito,bleeding-hollow,1777,shaman,restoration,83,49,34
Dyllbar,tichondrius,1768,shaman,restoration,50,26,24
Mybbro,kiljaeden,1768,shaman,restoration,69,32,37
Magma,spirestone,1761,shaman,restoration,66,46,20
Vlly,tichondrius,1753,shaman,restoration,47,23,24
Bobbybigdam,tichondrius,1752,shaman,restoration,93,50,43
Grymn,sargeras,1750,shaman,restoration,48,22,26
Mastashamsta,illidan,1745,shaman,restoration,48,25,23
Blackfancy,thrall,1744,shaman,restoration,56,32,24
Blazingtotem,dunemaul,1743,shaman,restoration,101,51,50
Suzhixie,akama,1740,shaman,restoration,60,27,33
Rantòn,bleeding-hollow,1733,shaman,restoration,59,27,32
Møp,spirestone,1730,shaman,restoration,103,54,49
Toazty,stormscale,1729,shaman,restoration,48,30,18
Shacewoman,altar-of-storms,1724,shaman,restoration,139,63,76
Bômi,tichondrius,1722,shaman,restoration,112,55,57
Samyeh,tichondrius,1721,shaman,restoration,36,24,12
Ribbeye,tichondrius,1716,shaman,restoration,107,53,54
Itsyabøiwill,area-52,1712,shaman,restoration,48,30,18
Nanosec,tichondrius,1711,shaman,restoration,30,18,12
Vrom,whisperwind,1710,shaman,restoration,60,37,23
Sìxnìne,tichondrius,1706,shaman,restoration,62,28,34
Haedodae,tichondrius,1706,shaman,restoration,57,24,33
Hustlenflow,tichondrius,1704,shaman,restoration,54,29,25
Menc,frostmourne,1704,shaman,restoration,48,21,27
Cpplol,tichondrius,1702,shaman,restoration,41,25,16
Uncleilli,tichondrius,1699,shaman,restoration,47,20,27
Lingduacn,tichondrius,1698,shaman,restoration,36,18,18
Illiteratex,tichondrius,1689,shaman,restoration,32,19,13
Ittøki,tichondrius,1689,shaman,restoration,41,24,17
Texmawave,moon-guard,1688,shaman,restoration,73,47,26
Wraethy,illidan,1685,shaman,restoration,97,53,44
Bizzarro,azgalor,1685,shaman,restoration,73,36,37
Solidhomme,tichondrius,1684,shaman,restoration,42,23,19
Záheer,arthas,1683,shaman,restoration,54,29,25
Exshocks,tichondrius,1680,shaman,restoration,42,25,17
Ibreakanklez,bleeding-hollow,1669,shaman,restoration,36,18,18
Erwin,bonechewer,1668,shaman,restoration,112,62,50
Raywhiter,tichondrius,1667,shaman,restoration,56,26,30
Vayces,barthilas,1664,shaman,restoration,164,86,78
Reppinsix,sargeras,1662,shaman,restoration,58,24,34
Chazzwozza,area-52,1660,shaman,restoration,41,22,19
Semnicktotem,area-52,1660,shaman,restoration,54,27,27
Phxhouse,illidan,1660,shaman,restoration,222,102,120
Lingdusm,tichondrius,1657,shaman,restoration,36,20,16
Jizzlewizwiz,tichondrius,1657,shaman,restoration,78,40,38
Shawmen,zuljin,1653,shaman,restoration,105,55,50
Shamsom,tichondrius,1653,shaman,restoration,86,43,43
Peegee,zuluhed,1652,shaman,restoration,54,22,32
Win,blackwing-lair,1651,shaman,restoration,36,21,15
Bolteon,malganis,1648,shaman,restoration,30,21,9
Groundingtot,hydraxis,1648,shaman,restoration,36,22,14
Rollintotems,bleeding-hollow,1648,shaman,restoration,54,23,31
Zeonard,ragnaros,1647,shaman,restoration,46,26,20
Jsell,zuljin,1646,shaman,restoration,56,28,28
Laydboiyo,tichondrius,1646,shaman,restoration,42,21,21
Bigmontana,tichondrius,1644,shaman,restoration,36,21,15
Whameradetu,suramar,1644,shaman,restoration,59,25,34
Urga,hyjal,1643,shaman,restoration,30,18,12
Fujiyama,dark-iron,1642,shaman,restoration,102,58,44
Weoo,doomhammer,1642,shaman,restoration,48,23,25
Thunderspark,tichondrius,1641,shaman,restoration,36,24,12
Krazyc,sargeras,1640,shaman,restoration,72,34,38
Cheddaman,kiljaeden,1637,shaman,restoration,48,21,27
Krilick,blackrock,1635,shaman,restoration,104,57,47
Xruok,kelthuzad,1633,shaman,restoration,33,20,13
Quitnectar,aggramar,1633,shaman,restoration,48,24,24
Shortbusqt,hyjal,1631,shaman,restoration,42,23,19
Wawsham,tichondrius,1631,shaman,restoration,48,19,29
Lacid,tichondrius,1627,shaman,restoration,62,40,22
Lilgeeh,kelthuzad,1626,shaman,restoration,36,18,18
Grizze,bonechewer,1626,shaman,restoration,90,41,49
Sin,bleeding-hollow,1625,shaman,restoration,30,17,13
Elementz,tichondrius,1624,shaman,restoration,162,83,79
Inpantsment,barthilas,1622,shaman,restoration,82,40,42
Zaapi,dalaran,1622,shaman,restoration,72,34,38
Horizonsham,stormrage,1621,shaman,restoration,30,18,12
Thuntard,bleeding-hollow,1621,shaman,restoration,48,23,25
Skoobasteeve,sargeras,1614,shaman,restoration,69,39,30
Blackpïnk,tichondrius,1614,shaman,restoration,96,44,52
Quendella,aggramar,1613,shaman,restoration,42,25,17
Drammah,malganis,1610,shaman,restoration,48,19,29
Ðoomed,kiljaeden,1608,shaman,restoration,30,19,11
Plzdontlos,illidan,1607,shaman,restoration,113,69,44
Randomshammy,area-52,1606,shaman,restoration,30,17,13
Astrauk,nemesis,1606,shaman,restoration,76,43,33
Hurú,azralon,1604,shaman,restoration,36,21,15
Erbicklet,ragnaros,1604,shaman,restoration,69,34,35
Kratór,kelthuzad,1603,shaman,restoration,47,31,16
Fernetbrança,ragnaros,1603,shaman,restoration,42,23,19
Oldguy,ragnaros,1603,shaman,restoration,53,26,27
Milkkshake,illidan,1603,shaman,restoration,124,59,65
Gjok,nemesis,1603,shaman,restoration,53,18,35
Telchar,quelthalas,1602,shaman,restoration,102,62,40
Gyrogg,scilla,1601,shaman,restoration,339,174,165
Foilcap,bonechewer,1600,shaman,restoration,296,144,152
Gulmuwu,zuljin,1599,shaman,restoration,38,22,16
Xzxz,sargeras,1593,shaman,restoration,63,37,26
Epicthesloth,sargeras,1592,shaman,restoration,35,17,18
Warríed,sargeras,1586,shaman,restoration,41,19,22
Hehew,kelthuzad,1585,shaman,restoration,92,49,43
Kellogsz,malganis,1585,shaman,restoration,60,19,41
Tevya,dalvengyr,1582,shaman,restoration,66,37,29
Turborundat,area-52,1579,shaman,restoration,201,115,86
Sewerperson,zuljin,1578,shaman,restoration,36,18,18
Bearmanshrek,tichondrius,1577,shaman,restoration,48,20,28
Pookiexo,illidan,1572,shaman,restoration,29,17,12
Rockzoa,tichondrius,1571,shaman,restoration,42,19,23
Amdshaman,thrall,1570,shaman,restoration,51,26,25
Moosk,zuluhed,1567,shaman,restoration,51,27,24
Waater,lightbringer,1562,shaman,restoration,86,49,37
Intruzionall,barthilas,1562,shaman,restoration,124,66,58
Bwinthewomb,stormrage,1561,shaman,restoration,136,74,62
Héadshot,bleeding-hollow,1559,shaman,restoration,41,17,24
Bluepigo,tichondrius,1558,shaman,restoration,47,18,29
Rainz,aggramar,1557,shaman,restoration,36,19,17
Tzyorz,illidan,1554,shaman,restoration,36,21,15
Bigamez,azuremyst,1551,shaman,restoration,98,55,43
Akubai,kelthuzad,1550,shaman,restoration,42,22,20
Sasgöb,illidan,1550,shaman,restoration,41,17,24
Lanzero,chogall,1547,shaman,restoration,42,30,12
Hairyrichard,zuljin,1547,shaman,restoration,387,202,185
Mandleman,tichondrius,1546,shaman,restoration,39,21,18
Steveyy,frostmourne,1544,shaman,restoration,27,17,10
Goatedsham,dalaran,1544,shaman,restoration,54,30,24
Tyar,area-52,1543,shaman,restoration,137,64,73
Chainstuff,area-52,1541,shaman,restoration,29,17,12
Wilmar,ragnaros,1541,shaman,restoration,48,24,24
Brainal,sargeras,1541,shaman,restoration,54,25,29
Sikotics,area-52,1540,shaman,restoration,93,48,45
Riptideafk,sargeras,1536,shaman,restoration,48,25,23
Namso,tichondrius,1534,shaman,restoration,30,16,14
Tides,skullcrusher,1533,shaman,restoration,42,18,24
Dingfu,sargeras,1532,shaman,restoration,37,28,9
Draidosh,area-52,1532,shaman,restoration,36,23,13
Shamxrob,sargeras,1530,shaman,restoration,60,37,23
Stylesp,tichondrius,1529,shaman,restoration,30,16,14
Defac,proudmoore,1526,shaman,restoration,48,31,17
Benta,zuljin,1526,shaman,restoration,58,32,26
Rinnan,malganis,1524,shaman,restoration,97,48,49
Muggz,sargeras,1524,shaman,restoration,36,16,20
Platewalrus,illidan,1523,shaman,restoration,30,16,14
Furrytotems,darkspear,1523,shaman,restoration,114,53,61
Bighaircut,darkspear,1521,shaman,restoration,38,17,21
Rocyt,sargeras,1520,shaman,restoration,66,35,31
Prowdt,azralon,1520,shaman,restoration,149,78,71
Kromgul,malfurion,1520,shaman,restoration,36,16,20
Besylate,illidan,1518,shaman,restoration,68,30,38
Enalen,argent-dawn,1515,shaman,restoration,42,24,18
Zuralah,nemesis,1515,shaman,restoration,46,25,21
Strives,icecrown,1515,shaman,restoration,42,17,25
Pawbed,aegwynn,1512,shaman,restoration,40,26,14
Heniu,tichondrius,1511,shaman,restoration,36,16,20
Shamansrock,tichondrius,1509,shaman,restoration,36,16,20
Gemoz,tichondrius,1508,shaman,restoration,24,16,8
Charlesby,tichondrius,1508,shaman,restoration,60,37,23
Agharn,moon-guard,1508,shaman,restoration,39,20,19
Bubbacheeks,area-52,1506,shaman,restoration,30,16,14
Trapghost,cenarius,1506,shaman,restoration,87,41,46
Packspiritqt,tichondrius,1505,shaman,restoration,42,21,21
Shadowz,alexstrasza,1502,shaman,restoration,30,18,12
Kaytahn,proudmoore,1501,shaman,restoration,36,20,16
Foragorn,stormrage,1499,shaman,restoration,97,44,53
Ban,blackrock,1498,shaman,restoration,39,21,18
Hachikø,frostmourne,1498,shaman,restoration,54,25,29
Killercam,maiev,1497,shaman,restoration,172,83,89
Elementàlius,quelthalas,1497,shaman,restoration,71,32,39
Succmytotems,tichondrius,1493,shaman,restoration,57,25,32
Ärtful,illidan,1492,shaman,restoration,24,18,6
Mentyb,emerald-dream,1491,shaman,restoration,42,16,26
Hyonkh,tichondrius,1487,shaman,restoration,77,45,32
Cultsulyvahn,tichondrius,1487,shaman,restoration,43,21,22
Ironcrag,moon-guard,1486,shaman,restoration,128,70,58
Shockszz,onyxia,1484,shaman,restoration,66,30,36
Thegil,tichondrius,1484,shaman,restoration,72,32,40
Bigdampurge,illidan,1483,shaman,restoration,54,26,28
Trenhance,stormrage,1481,shaman,restoration,30,23,7
Krewesham,uldaman,1481,shaman,restoration,28,17,11
Chitoss,gorgonnash,1481,shaman,restoration,35,18,17
Wuruizec,illidan,1481,shaman,restoration,41,20,21
Worldx,barthilas,1481,shaman,restoration,42,18,24
Tawahka,hyjal,1478,shaman,restoration,47,24,23
Kabasan,illidan,1478,shaman,restoration,42,20,22
Ryukims,tichondrius,1477,shaman,restoration,35,17,18
Angelabaaby,proudmoore,1475,shaman,restoration,60,28,32
Yossarabi,bleeding-hollow,1475,shaman,restoration,54,23,31
Bigdictuna,sargeras,1461,shaman,restoration,54,30,24
Hirah,frostmourne,1460,shaman,restoration,23,16,7
Philbert,boulderfist,1460,shaman,restoration,30,19,11
Badião,azralon,1459,shaman,restoration,117,55,62
Ballistíc,boulderfist,1458,shaman,restoration,48,28,20
Nilstorm,quelthalas,1458,shaman,restoration,72,38,34
Kwzy,stormrage,1457,shaman,restoration,51,26,25
Goatpornbad,sargeras,1457,shaman,restoration,96,44,52
Ssaotizi,tichondrius,1454,shaman,restoration,196,91,105
Buffdestru,azralon,1452,shaman,restoration,77,48,29
Kephax,eonar,1451,shaman,restoration,45,25,20
Tidalstorm,ragnaros,1450,shaman,restoration,90,52,38
Cinematticz,tichondrius,1449,shaman,restoration,71,38,33
Buffduude,shadowsong,1449,shaman,restoration,48,22,26
Ãrthor,stormrage,1444,shaman,restoration,36,21,15
Joltik,area-52,1444,shaman,restoration,173,84,89
Harth,zuljin,1443,shaman,restoration,60,34,26
Kolanji,akama,1441,shaman,restoration,29,16,13
Vicioushands,illidan,1439,shaman,restoration,24,15,9
Nezzuk,quelthalas,1439,shaman,restoration,42,22,20
Kafkaesk,tichondrius,1437,shaman,restoration,42,15,27
Creatine,area-52,1436,shaman,restoration,71,37,34
Tenyks,tichondrius,1436,shaman,restoration,51,26,25
Prøduce,tichondrius,1435,shaman,restoration,39,26,13
Wanghaisham,kelthuzad,1435,shaman,restoration,24,15,9
Wardruna,andorhal,1434,shaman,restoration,24,15,9
Geser,silvermoon,1432,shaman,restoration,44,26,18
Gordonramsai,sargeras,1432,shaman,restoration,162,85,77
Hulan,tichondrius,1432,shaman,restoration,30,15,15
Message,agamaggan,1431,shaman,restoration,367,182,185
Totem,burning-legion,1431,shaman,restoration,36,16,20
Fatherrtime,illidan,1430,shaman,restoration,48,26,22
Shazik,spirestone,1430,shaman,restoration,48,20,28
Rumkin,malganis,1429,shaman,restoration,60,34,26
Erthshawk,wildhammer,1429,shaman,restoration,60,30,30
Subnôize,bleeding-hollow,1428,shaman,restoration,32,23,9
Halfinha,nemesis,1427,shaman,restoration,75,35,40
Kelta,kelthuzad,1423,shaman,restoration,30,15,15
Vzla,ragnaros,1422,shaman,restoration,54,28,26
Freesolo,barthilas,1421,shaman,restoration,88,41,47
Neosham,frostwolf,1421,shaman,restoration,36,15,21
Smartakkar,emerald-dream,1414,shaman,restoration,31,21,10
World,frostmourne,1414,shaman,restoration,30,15,15
Djshammy,barthilas,1412,shaman,restoration,48,26,22
Tumble,frostmourne,1411,shaman,restoration,77,39,38
Orkwa,bleeding-hollow,1410,shaman,restoration,68,32,36
Catchclause,eonar,1409,shaman,restoration,30,15,15
ßøvîn,thrall,1407,shaman,restoration,54,28,26
Whoshealing,lightninghoof,1406,shaman,restoration,36,18,18
Zizö,barthilas,1404,shaman,restoration,42,19,23
Wuargh,area-52,1403,shaman,restoration,101,56,45
Supdaug,vashj,1402,shaman,restoration,66,32,34
Pissticles,bleeding-hollow,1400,shaman,restoration,72,32,40
Drinkharder,stormrage,1395,shaman,restoration,34,16,18
Redek,sargeras,1392,shaman,restoration,65,35,30
Springtide,thrall,1392,shaman,restoration,41,19,22
Nomediocur,moknathal,1390,shaman,restoration,59,23,36
Rizam,malganis,1389,shaman,restoration,42,33,9
Shaquillius,tichondrius,1389,shaman,restoration,36,17,19
Stylesp,area-52,1389,shaman,restoration,123,56,67
Soowecide,tichondrius,1387,shaman,restoration,60,23,37
Tundertotem,tichondrius,1386,shaman,restoration,51,28,23
ßread,illidan,1386,shaman,restoration,44,19,25
Fungus,firetree,1384,shaman,restoration,42,23,19
Onepunchsham,illidan,1382,shaman,restoration,70,31,39
Çruces,illidan,1381,shaman,restoration,36,17,19
Lanuur,moon-guard,1379,shaman,restoration,54,31,23
Tizz,quelthalas,1376,shaman,restoration,70,37,33
Kandin,icecrown,1373,shaman,restoration,71,36,35
Harigomi,tichondrius,1370,shaman,restoration,64,25,39
Praxis,tichondrius,1369,shaman,restoration,95,46,49
Bluetooth,stormrage,1365,shaman,restoration,83,34,49
Kaili,illidan,1363,shaman,restoration,23,18,5
Voluptuous,mannoroth,1359,shaman,restoration,271,134,137
Wyått,emerald-dream,1359,shaman,restoration,95,43,52
Fàrrò,thrall,1355,shaman,restoration,30,20,10
Shamorrhoids,frostmourne,1354,shaman,restoration,113,61,52
Tedmosbe,tichondrius,1350,shaman,restoration,54,24,30
Køtømine,ragnaros,1349,shaman,restoration,58,36,22
Elemen,quelthalas,1348,shaman,restoration,88,43,45
Chandye,proudmoore,1348,shaman,restoration,72,27,45
Orjamba,barthilas,1347,shaman,restoration,29,17,12
Daddyk,gnomeregan,1347,shaman,restoration,53,30,23
Crittingbull,veknilash,1347,shaman,restoration,88,42,46
Gromgrai,bleeding-hollow,1346,shaman,restoration,47,26,21
Kiojin,ragnaros,1346,shaman,restoration,150,80,70
Breadx,khaz-modan,1344,shaman,restoration,24,14,10
Kultirio,quelthalas,1344,shaman,restoration,61,32,29
Jîneth,tichondrius,1343,shaman,restoration,24,14,10
Squimbert,tichondrius,1343,shaman,restoration,30,14,16
Kachupinsito,ragnaros,1339,shaman,restoration,62,31,31
Montageb,illidan,1336,shaman,restoration,21,15,6
Alraxion,ragnaros,1336,shaman,restoration,66,34,32
Durogh,darkspear,1336,shaman,restoration,36,14,22
Nyathera,barthilas,1335,shaman,restoration,36,21,15
Hexrz,area-52,1335,shaman,restoration,30,14,16
Shakrakhan,tichondrius,1335,shaman,restoration,30,14,16
Aseew,drakkari,1334,shaman,restoration,66,31,35
Azhen,ragnaros,1333,shaman,restoration,102,51,51
Pherolex,tichondrius,1331,shaman,restoration,24,14,10
Rogrim,malganis,1331,shaman,restoration,24,14,10
Jbalvi,ragnaros,1329,shaman,restoration,30,15,15
Randomshammy,stormrage,1325,shaman,restoration,24,14,10
Meatballer,queldorei,1325,shaman,restoration,77,42,35
Ulala,azshara,1325,shaman,restoration,66,30,36
Zuljiba,illidan,1322,shaman,restoration,60,35,25
Restosud,crushridge,1320,shaman,restoration,30,18,12
Cleanfossil,stormrage,1319,shaman,restoration,41,24,17
Eekumbokum,bleeding-hollow,1317,shaman,restoration,44,26,18
Ithappens,senjin,1310,shaman,restoration,30,16,14
Amperage,spirestone,1310,shaman,restoration,31,15,16
Absorblife,barthilas,1309,shaman,restoration,69,31,38
Feldstar,stormrage,1306,shaman,restoration,95,43,52
Greenpiece,azshara,1305,shaman,restoration,82,42,40
Youneverknow,frostmourne,1305,shaman,restoration,84,43,41
Wunderwaffe,the-underbog,1303,shaman,restoration,46,22,24
Hüsky,dalaran,1303,shaman,restoration,42,14,28
Samanl,tichondrius,1302,shaman,restoration,23,15,8
Tumble,barthilas,1302,shaman,restoration,52,26,26
Badgeshock,area-52,1301,shaman,restoration,108,48,60
Kirawindu,zuljin,1300,shaman,restoration,30,17,13
Polared,hyjal,1299,shaman,restoration,34,14,20
Aelwydx,quelthalas,1298,shaman,restoration,138,72,66
Bearlysober,draka,1297,shaman,restoration,30,16,14
Bigtoy,frostmane,1296,shaman,restoration,36,14,22
Charmize,azralon,1295,shaman,restoration,48,23,25
Oceangrown,emerald-dream,1293,shaman,restoration,27,15,12
Slaggdaddy,durotan,1292,shaman,restoration,30,14,16
Thunderborn,laughing-skull,1292,shaman,restoration,30,14,16
Afgoox,tichondrius,1291,shaman,restoration,66,36,30
Graveman,illidan,1289,shaman,restoration,75,37,38
Aviator,muradin,1288,shaman,restoration,36,19,17
Belgrom,tichondrius,1287,shaman,restoration,42,23,19
Drazic,area-52,1286,shaman,restoration,49,28,21
Ketaminedrip,illidan,1284,shaman,restoration,42,22,20
Beefstocks,area-52,1284,shaman,restoration,54,28,26
Stargun,korgath,1284,shaman,restoration,147,76,71
Hasselshock,area-52,1280,shaman,restoration,94,40,54
Aemi,tichondrius,1279,shaman,restoration,102,45,57
Slothstorm,barthilas,1274,shaman,restoration,35,17,18
Retgarr,tichondrius,1272,shaman,restoration,30,17,13
Tákhisis,darkspear,1271,shaman,restoration,72,33,39
Angelicrain,stormrage,1269,shaman,restoration,30,16,14
Thomastides,tichondrius,1268,shaman,restoration,78,36,42
Pushaheal,tichondrius,1267,shaman,restoration,42,23,19
Shiestys,tichondrius,1264,shaman,restoration,33,23,10
Bitxxnumber,tichondrius,1262,shaman,restoration,122,68,54
Defnotheals,kelthuzad,1261,shaman,restoration,84,38,46
Menah,moon-guard,1260,shaman,restoration,36,20,16
Shimansham,aegwynn,1260,shaman,restoration,54,24,30
Hauby,zuljin,1259,shaman,restoration,48,15,33
Taò,tichondrius,1256,shaman,restoration,70,32,38
Ragerax,trollbane,1254,shaman,restoration,23,16,7
Brislin,sargeras,1252,shaman,restoration,99,48,51
Blodbar,kiljaeden,1249,shaman,restoration,36,24,12
Shaokhang,emerald-dream,1249,shaman,restoration,46,17,29
Madoka,llane,1248,shaman,restoration,18,13,5
Dogecoincäsh,sargeras,1248,shaman,restoration,31,18,13
Cæl,azralon,1248,shaman,restoration,29,16,13
Totempack,stormrage,1248,shaman,restoration,24,13,11
Bigwave,zuluhed,1248,shaman,restoration,30,15,15
Prêttylights,bleeding-hollow,1247,shaman,restoration,18,13,5
Tôôz,stormrage,1247,shaman,restoration,18,13,5
Cardïß,tichondrius,1247,shaman,restoration,24,13,11
Toteapole,malganis,1247,shaman,restoration,32,17,15
Miketheseal,bleeding-hollow,1247,shaman,restoration,30,13,17
Barbosina,stormrage,1246,shaman,restoration,160,81,79
Tacho,bleeding-hollow,1246,shaman,restoration,34,15,19
Hooldcool,tichondrius,1245,shaman,restoration,77,41,36
Tayictwo,tichondrius,1244,shaman,restoration,24,13,11
Jsoto,ghostlands,1243,shaman,restoration,30,13,17
Sharmut,bleeding-hollow,1242,shaman,restoration,117,59,58
Trúnks,magtheridon,1241,shaman,restoration,32,15,17
Raxshock,stormrage,1240,shaman,restoration,24,13,11
Hicys,azralon,1239,shaman,restoration,26,17,9
Lastdwarf,tichondrius,1237,shaman,restoration,18,13,5
Sleepysham,kelthuzad,1237,shaman,restoration,36,13,23
Bazinguinha,azralon,1235,shaman,restoration,24,13,11
Peppito,illidan,1234,shaman,restoration,39,23,16
Chingobling,illidan,1234,shaman,restoration,24,13,11
Krolii,tichondrius,1234,shaman,restoration,80,33,47
Kimchimi,tichondrius,1232,shaman,restoration,18,13,5
Shamicare,stormrage,1232,shaman,restoration,136,75,61
Kinjin,dragonmaw,1232,shaman,restoration,30,13,17
Quakess,zuljin,1232,shaman,restoration,36,13,23
Xajsham,tichondrius,1231,shaman,restoration,96,51,45
Draüguss,azralon,1231,shaman,restoration,30,13,17
Kikkóman,malganis,1230,shaman,restoration,48,25,23
Edemental,area-52,1229,shaman,restoration,129,61,68
Hammerme,barthilas,1227,shaman,restoration,60,19,41
Sindury,tichondrius,1226,shaman,restoration,54,28,26
Terdsammich,malganis,1225,shaman,restoration,24,14,10
Foodlust,sargeras,1222,shaman,restoration,96,49,47
Crazytotems,dalaran,1221,shaman,restoration,82,39,43
Mlpz,black-dragonflight,1220,shaman,restoration,24,13,11
Hoong,garrosh,1219,shaman,restoration,32,17,15
Lavablurst,stormrage,1218,shaman,restoration,59,23,36
Babytiramisu,stormrage,1217,shaman,restoration,36,16,20
Ekuku,tichondrius,1215,shaman,restoration,40,19,21
Killdeaderer,barthilas,1209,shaman,restoration,90,54,36
Certz,dark-iron,1209,shaman,restoration,39,15,24
Patoron,proudmoore,1204,shaman,restoration,34,17,17
Bluffin,stormrage,1200,shaman,restoration,18,14,4
Cruelface,sargeras,1196,shaman,restoration,26,14,12
Rsdyxjh,tichondrius,1192,shaman,restoration,33,14,19
Furti,daggerspine,1190,shaman,restoration,34,16,18
Mynigabob,zuljin,1186,shaman,restoration,83,47,36
Luto,tichondrius,1186,shaman,restoration,61,34,27
Getwetand,quelthalas,1182,shaman,restoration,103,51,52
Stabix,tichondrius,1181,shaman,restoration,66,31,35
Rimmington,frostmourne,1179,shaman,restoration,54,24,30
Dcãicer,quelthalas,1178,shaman,restoration,25,15,10
Käck,tichondrius,1178,shaman,restoration,50,24,26
Daddybeaarr,thrall,1178,shaman,restoration,31,14,17
Flametide,proudmoore,1175,shaman,restoration,29,17,12
Ralinta,tichondrius,1170,shaman,restoration,49,14,35
Hedbang,kiljaeden,1169,shaman,restoration,60,24,36
Restoramen,frostmourne,1166,shaman,restoration,24,13,11
Senzxlolxz,lightbringer,1165,shaman,restoration,45,29,16
Truemooin,wyrmrest-accord,1162,shaman,restoration,121,57,64
Stahlman,blackhand,1160,shaman,restoration,48,17,31
Drboidzerg,tichondrius,1154,shaman,restoration,32,20,12
Dbmx,tichondrius,1152,shaman,restoration,24,12,12
Rawdòggin,emerald-dream,1152,shaman,restoration,33,13,20
Ruupaul,kiljaeden,1151,shaman,restoration,18,12,6
Sunyang,tichondrius,1151,shaman,restoration,24,12,12
Mandinga,warsong,1151,shaman,restoration,59,26,33
Dawnyshock,arygos,1151,shaman,restoration,30,12,18
Mitchestic,illidan,1151,shaman,restoration,30,12,18
Stórmstruck,area-52,1150,shaman,restoration,18,12,6
Jazzlightnin,tichondrius,1150,shaman,restoration,30,12,18
Rynoh,dalaran,1149,shaman,restoration,24,12,12
Jineluki,emerald-dream,1148,shaman,restoration,53,23,30
Xiaoxiboy,tichondrius,1147,shaman,restoration,24,12,12
Wazöö,sargeras,1146,shaman,restoration,57,24,33
Gattious,illidan,1143,shaman,restoration,24,12,12
Oomshamm,area-52,1140,shaman,restoration,82,44,38
Lokhtar,zuljin,1138,shaman,restoration,30,14,16
Shohzegky,azralon,1133,shaman,restoration,73,32,41
Gsync,tichondrius,1131,shaman,restoration,41,27,14
Dahmerjr,area-52,1131,shaman,restoration,36,20,16
Dinaliia,lothar,1126,shaman,restoration,36,16,20
Zetli,tichondrius,1120,shaman,restoration,36,12,24
Fencepost,bleeding-hollow,1118,shaman,restoration,18,12,6
Shammyguy,stormreaver,1103,shaman,restoration,50,23,27
Totemist,tichondrius,1100,shaman,restoration,36,12,24
Saicey,zuljin,1092,shaman,restoration,36,16,20
Delayy,destromath,1089,shaman,restoration,47,18,29
Ðno,frostmourne,1086,shaman,restoration,17,12,5
Unchaman,ragnaros,1083,shaman,restoration,38,14,24
Grimmzhul,daggerspine,1077,shaman,restoration,90,43,47
Turbluscious,frostmourne,1074,shaman,restoration,49,26,23
Reuxxe,area-52,1071,shaman,restoration,31,13,18
Grullander,hakkar,1063,shaman,restoration,36,20,16
Sekkuo,kiljaeden,1061,shaman,restoration,60,28,32
Lfgzookeeper,malganis,1056,shaman,restoration,18,11,7
Biofly,thrall,1056,shaman,restoration,18,11,7
Censyzz,tichondrius,1056,shaman,restoration,24,11,13
Brocules,aerie-peak,1056,shaman,restoration,24,11,13
Pingatronx,ragnaros,1056,shaman,restoration,24,11,13
Jtrxs,tichondrius,1055,shaman,restoration,24,11,13
Pericazo,sargeras,1055,shaman,restoration,24,11,13
Chessyc,ragnaros,1055,shaman,restoration,30,11,19
Earthfirex,ragnaros,1054,shaman,restoration,18,11,7
Scroogz,emerald-dream,1054,shaman,restoration,24,11,13
Murm,burning-blade,1053,shaman,restoration,18,11,7
Maxchungie,azshara,1053,shaman,restoration,18,11,7
Fwwrs,illidan,1052,shaman,restoration,18,11,7
Velesa,kiljaeden,1052,shaman,restoration,30,11,19
Bluebones,frostmane,1050,shaman,restoration,18,11,7
Windfrenzy,thrall,1048,shaman,restoration,30,11,19
Watchmytrem,ragnaros,1046,shaman,restoration,30,11,19
Tràuma,caelestrasz,1045,shaman,restoration,45,13,32
Gl,nordrassil,1043,shaman,restoration,18,11,7
Genjuu,proudmoore,1043,shaman,restoration,24,11,13
Saraguthix,dalaran,1043,shaman,restoration,30,11,19
Zugzugthug,moon-guard,1040,shaman,restoration,84,33,51
Exportgold,barthilas,1039,shaman,restoration,24,11,13
Joocer,emerald-dream,1037,shaman,restoration,30,11,19
Satrixss,ragnaros,1036,shaman,restoration,40,17,23
Ozzai,ragnaros,1033,shaman,restoration,36,11,25
Sploosh,norgannon,1031,shaman,restoration,30,15,15
Stormburst,sargeras,1030,shaman,restoration,24,12,12
Bóòchainz,tichondrius,1024,shaman,restoration,16,12,4
Mastrionilol,stormrage,1023,shaman,restoration,34,11,23
Jìmmybuckets,tichondrius,1022,shaman,restoration,17,11,6
Dextex,azralon,1022,shaman,restoration,47,26,21
Lavatotem,stormrage,1021,shaman,restoration,41,20,21
Littledream,quelthalas,1021,shaman,restoration,28,12,16
Volsdeep,illidan,1007,shaman,restoration,21,11,10
Speedranger,stormrage,1004,shaman,restoration,42,15,27
Taquitho,quelthalas,1003,shaman,restoration,51,18,33
Hentaistorm,kiljaeden,998,shaman,restoration,80,41,39
Nupi,thaurissan,993,shaman,restoration,36,15,21
Wâgu,moon-guard,992,shaman,restoration,28,11,17
Kencyzz,tichondrius,991,shaman,restoration,17,11,6
Nottrhall,azralon,990,shaman,restoration,14,11,3
Teardrinker,korgath,988,shaman,restoration,30,11,19
Faegle,area-52,984,shaman,restoration,24,11,13
Redbulls,azralon,983,shaman,restoration,73,39,34
Laterallus,nagrand,980,shaman,restoration,43,21,22
Banterx,emerald-dream,979,shaman,restoration,35,12,23
Andrastia,thrall,976,shaman,restoration,24,15,9
Shammystic,quelthalas,972,shaman,restoration,48,17,31
Shamadran,hyjal,971,shaman,restoration,23,11,12
Njjshamm,thrall,969,shaman,restoration,36,16,20
Twinkolava,nemesis,961,shaman,restoration,19,11,8
Yooseafood,tichondrius,960,shaman,restoration,12,10,2
Naisayyds,tichondrius,960,shaman,restoration,18,10,8
Chocopuff,bleeding-hollow,960,shaman,restoration,18,10,8
Patzog,area-52,960,shaman,restoration,18,10,8
Yunotho,sargeras,960,shaman,restoration,18,10,8
Hst,barthilas,960,shaman,restoration,18,10,8
Fluxxy,tichondrius,960,shaman,restoration,24,10,14
Fierymoo,frostmourne,960,shaman,restoration,24,10,14
Chenguanxi,tichondrius,959,shaman,restoration,12,10,2
Nethyxsoy,frostmourne,959,shaman,restoration,12,10,2
Shoxx,wyrmrest-accord,959,shaman,restoration,18,10,8
Colterr,thunderhorn,959,shaman,restoration,18,10,8
Arkerus,emerald-dream,959,shaman,restoration,18,10,8
Forcè,bleeding-hollow,959,shaman,restoration,24,10,14
Huroth,proudmoore,959,shaman,restoration,30,10,20
Ggoong,tichondrius,959,shaman,restoration,36,10,26
Vinceshamwow,lightbringer,958,shaman,restoration,12,10,2
Torric,kalecgos,958,shaman,restoration,18,10,8
Zechary,proudmoore,958,shaman,restoration,18,10,8
Lawlsham,korgath,957,shaman,restoration,12,10,2
Athayis,malorne,957,shaman,restoration,59,31,28
Bluedynamite,tichondrius,957,shaman,restoration,24,10,14
Eggrollninja,illidan,956,shaman,restoration,12,10,2
Zinns,dalaran,956,shaman,restoration,18,10,8
Totemgoddess,nemesis,956,shaman,restoration,24,10,14
Karaaka,ysera,956,shaman,restoration,30,10,20
Carltonbanks,aggramar,955,shaman,restoration,24,10,14
Mikeyodinson,area-52,952,shaman,restoration,24,10,14
Bruhh,stormscale,951,shaman,restoration,18,10,8
Soulmiracle,tichondrius,951,shaman,restoration,24,10,14
Kisimi,proudmoore,950,shaman,restoration,18,10,8
Haether,madoran,949,shaman,restoration,65,31,34
Shamankïng,proudmoore,938,shaman,restoration,29,11,18
Anttoekneeoh,thrall,933,shaman,restoration,18,10,8
Doomgodx,tichondrius,933,shaman,restoration,24,11,13
Boppshock,tichondrius,928,shaman,restoration,16,11,5
Mikeoxxgigg,kelthuzad,927,shaman,restoration,51,28,23
Superchunk,shattered-hand,927,shaman,restoration,30,15,15
Tokuma,illidan,927,shaman,restoration,23,10,13
Roostershama,tichondrius,925,shaman,restoration,20,11,9
Psilocypher,nazjatar,923,shaman,restoration,18,11,7
Klev,frostmourne,921,shaman,restoration,33,12,21
Malløry,mugthol,917,shaman,restoration,30,12,18
Joyrex,spinebreaker,912,shaman,restoration,21,11,10
Flexexpress,stormrage,911,shaman,restoration,17,10,7
Privxd,bleeding-hollow,910,shaman,restoration,17,10,7
Synkrona,tichondrius,905,shaman,restoration,32,13,19
Alestorm,nemesis,899,shaman,restoration,28,12,16
Holdmytotum,tichondrius,895,shaman,restoration,17,10,7
Swifteyy,area-52,883,shaman,restoration,22,10,12
Sàuron,tichondrius,874,shaman,restoration,19,10,9
Washedupty,illidan,864,shaman,restoration,12,9,3
Owtyobwol,area-52,864,shaman,restoration,12,9,3
Orochishaman,stormrage,864,shaman,restoration,12,9,3
Èmaxx,barthilas,864,shaman,restoration,12,9,3
Bakenquake,tichondrius,864,shaman,restoration,12,9,3
Seiunsky,area-52,864,shaman,restoration,12,9,3
Sweetpotatoe,malganis,864,shaman,restoration,18,9,9
Wtbtotem,tichondrius,864,shaman,restoration,18,9,9
Yungtooth,emerald-dream,864,shaman,restoration,18,9,9
Huáxià,tichondrius,864,shaman,restoration,18,9,9
Polarities,malganis,864,shaman,restoration,24,9,15
Dawny,arygos,864,shaman,restoration,24,9,15
Wildmaster,ragnaros,864,shaman,restoration,30,9,21
Køre,tichondrius,863,shaman,restoration,12,9,3
Snoff,burning-blade,863,shaman,restoration,18,9,9
Darcheros,quelthalas,863,shaman,restoration,18,9,9
Murica,area-52,863,shaman,restoration,18,9,9
Jnzz,area-52,863,shaman,restoration,18,9,9
Ryeqt,illidan,863,shaman,restoration,18,9,9
Gangzmmsk,tichondrius,862,shaman,restoration,12,9,3
Turtleinmud,frostmourne,862,shaman,restoration,18,9,9
Drekkhal,area-52,862,shaman,restoration,18,9,9
Vywolf,frostmourne,862,shaman,restoration,27,11,16
Lildunny,tichondrius,862,shaman,restoration,24,9,15
Milkstress,whisperwind,861,shaman,restoration,24,9,15
Macdab,malganis,860,shaman,restoration,18,9,9
Esanim,tichondrius,860,shaman,restoration,18,9,9
Overcåst,barthilas,860,shaman,restoration,30,9,21
Wagesisdeath,illidan,859,shaman,restoration,24,9,15
Blois,thunderlord,857,shaman,restoration,18,9,9
Yakella,trollbane,854,shaman,restoration,12,9,3
Mtnju,eredar,852,shaman,restoration,18,9,9
Dabmarinø,tichondrius,850,shaman,restoration,18,9,9
Ayahuassca,illidan,847,shaman,restoration,44,19,25
Rastablaze,darkspear,844,shaman,restoration,47,13,34
Spampurge,blackwing-lair,841,shaman,restoration,25,11,14
Pèpé,sargeras,840,shaman,restoration,20,13,7
Dreadxtotems,illidan,830,shaman,restoration,17,9,8
Deadlyshocks,gilneas,827,shaman,restoration,35,17,18
Angelbie,tichondrius,815,shaman,restoration,15,10,5
Coreygunz,illidan,768,shaman,restoration,12,8,4
Ggdumpy,tichondrius,768,shaman,restoration,12,8,4
Xiaoshaman,tichondrius,768,shaman,restoration,12,8,4
Multran,stormscale,768,shaman,restoration,12,8,4
Booramz,tichondrius,768,shaman,restoration,12,8,4
Damoclez,jubeithos,768,shaman,restoration,12,8,4
Vernzi,laughing-skull,768,shaman,restoration,12,8,4
Kensyz,tichondrius,768,shaman,restoration,12,8,4
Shxl,zuljin,768,shaman,restoration,12,8,4
Xannysnapper,zuljin,768,shaman,restoration,12,8,4
Animus,dark-iron,768,shaman,restoration,12,8,4
Stormlashx,sargeras,768,shaman,restoration,12,8,4
Rookieshaman,tichondrius,768,shaman,restoration,12,8,4
Hexistential,tichondrius,768,shaman,restoration,12,8,4
Chairstain,kelthuzad,768,shaman,restoration,12,8,4
Shamanbini,tichondrius,768,shaman,restoration,16,9,7
Freerath,tichondrius,768,shaman,restoration,16,8,8
Songo,frostmane,768,shaman,restoration,18,8,10
Goranzo,emerald-dream,768,shaman,restoration,18,8,10
Yoshìmìtsu,illidan,768,shaman,restoration,18,8,10
Evilabev,bonechewer,768,shaman,restoration,18,8,10
Gorillox,chogall,768,shaman,restoration,18,8,10
Wolvez,tichondrius,768,shaman,restoration,18,8,10
Toastjr,frostmourne,768,shaman,restoration,18,8,10
Taronì,zuljin,768,shaman,restoration,18,8,10
Mistarklean,malganis,768,shaman,restoration,24,8,16
Belarix,emerald-dream,768,shaman,restoration,30,8,22
Klimax,tichondrius,767,shaman,restoration,12,8,4
Squirtrussel,boulderfist,767,shaman,restoration,12,8,4
Totemism,warsong,767,shaman,restoration,12,8,4
Veeve,kelthuzad,767,shaman,restoration,12,8,4
Zombaschamy,ragnaros,767,shaman,restoration,18,8,10
Earthentotem,tichondrius,767,shaman,restoration,18,8,10
Agrîm,tichondrius,767,shaman,restoration,24,8,16
Thunderfucj,tichondrius,767,shaman,restoration,24,8,16
Improvize,malganis,767,shaman,restoration,24,8,16
Skylet,azralon,766,shaman,restoration,18,8,10
Totemlord,lightnings-blade,766,shaman,restoration,18,8,10
Rapwnzel,tichondrius,766,shaman,restoration,18,8,10
Santral,ragnaros,766,shaman,restoration,19,8,11
Magatotem,sargeras,766,shaman,restoration,24,8,16
Angron,barthilas,765,shaman,restoration,12,8,4
Darrann,kiljaeden,765,shaman,restoration,12,8,4
Vulcanik,quelthalas,764,shaman,restoration,24,8,16
ßøn,altar-of-storms,762,shaman,restoration,12,8,4
Cremecheese,crushridge,760,shaman,restoration,12,8,4
Eleshortal,azuremyst,759,shaman,restoration,18,8,10
Getpurged,thrall,751,shaman,restoration,17,8,9
Shubba,thrall,747,shaman,restoration,12,8,4
Treris,bleeding-hollow,719,shaman,restoration,11,8,3
Notragii,kelthuzad,719,shaman,restoration,17,8,9
Immabòt,tichondrius,719,shaman,restoration,17,8,9
Shocksauce,tichondrius,714,shaman,restoration,23,11,12
Kencysz,tichondrius,714,shaman,restoration,23,9,14
Luxiaa,tichondrius,714,shaman,restoration,23,9,14
Trouvaille,tichondrius,714,shaman,restoration,25,9,16
Zuescannon,kelthuzad,704,shaman,restoration,16,8,8
Xinz,guldan,703,shaman,restoration,11,8,3
Garbagedump,burning-legion,703,shaman,restoration,14,8,6
Dizzyswift,tichondrius,672,shaman,restoration,12,7,5
Glark,tichondrius,672,shaman,restoration,12,7,5
Kencyi,tichondrius,672,shaman,restoration,12,7,5
Zerwyn,senjin,672,shaman,restoration,12,7,5
Sorgal,area-52,672,shaman,restoration,12,7,5
Santiagodx,ragnaros,672,shaman,restoration,12,7,5
Specifyz,arathor,672,shaman,restoration,12,7,5
Elmonkeyloco,bleeding-hollow,672,shaman,restoration,12,7,5
Gornu,nemesis,672,shaman,restoration,12,7,5
Laji,cairne,672,shaman,restoration,12,7,5
Miroen,tichondrius,672,shaman,restoration,12,7,5
Symbox,tichondrius,672,shaman,restoration,12,7,5
Girthquake,agamaggan,672,shaman,restoration,12,7,5
Dadbar,tichondrius,672,shaman,restoration,12,7,5
Elîas,tichondrius,672,shaman,restoration,12,7,5
Restosêxual,tichondrius,672,shaman,restoration,12,7,5
Crakmane,kelthuzad,672,shaman,restoration,12,7,5
Keybordternr,tichondrius,672,shaman,restoration,18,7,11
Nosekandyz,chogall,672,shaman,restoration,18,7,11
Chlckenx,tichondrius,672,shaman,restoration,18,7,11
Earthuncle,illidan,672,shaman,restoration,18,7,11
Mastrionilol,dragonmaw,672,shaman,restoration,18,7,11
Rokvahn,illidan,671,shaman,restoration,12,7,5
Lurue,tichondrius,671,shaman,restoration,12,7,5
Problamatic,tichondrius,671,shaman,restoration,12,7,5
Vibration,akama,671,shaman,restoration,12,7,5
Pakdis,sargeras,671,shaman,restoration,12,7,5
Chebbs,bleeding-hollow,671,shaman,restoration,12,7,5
Meanbetty,illidan,671,shaman,restoration,12,7,5
Lvcianrs,thrall,671,shaman,restoration,18,7,11
Mishalla,tichondrius,671,shaman,restoration,18,7,11
Caobuloso,azralon,671,shaman,restoration,18,7,11
Hamshamwitch,shadowmoon,671,shaman,restoration,18,7,11
Pýe,bleeding-hollow,671,shaman,restoration,24,7,17
Stormcallerr,sargeras,670,shaman,restoration,12,7,5
Mengemort,crushridge,670,shaman,restoration,12,7,5
Crynoobs,senjin,670,shaman,restoration,12,7,5
Bethorá,suramar,670,shaman,restoration,12,7,5
Totori,stormscale,670,shaman,restoration,12,7,5
Shamanastic,tichondrius,670,shaman,restoration,12,7,5
Kunio,proudmoore,670,shaman,restoration,12,7,5
Grakkah,thrall,670,shaman,restoration,18,7,11
Lechaman,hakkar,670,shaman,restoration,30,7,23
Vulkova,illidan,669,shaman,restoration,18,7,11
Evilraven,tichondrius,668,shaman,restoration,18,7,11
Illeh,illidan,668,shaman,restoration,18,7,11
Kordir,kiljaeden,667,shaman,restoration,18,7,11
Cameltotêm,frostmourne,666,shaman,restoration,12,7,5
Lfhotmoms,moon-guard,665,shaman,restoration,11,9,2
Ruadhri,moon-guard,665,shaman,restoration,12,7,5
Tharapita,bleeding-hollow,665,shaman,restoration,21,8,13
Lamente,ragnaros,655,shaman,restoration,17,7,10
Stormsurgë,bleeding-hollow,640,shaman,restoration,10,8,2
Deacoderz,area-52,618,shaman,restoration,14,8,6
Vogaz,ragnaros,608,shaman,restoration,22,7,15
Matrìx,sargeras,594,shaman,restoration,26,8,18
Kaaying,tichondrius,592,shaman,restoration,19,7,12
Onpoint,frostmourne,591,shaman,restoration,11,7,4
Diulama,tichondrius,576,shaman,restoration,6,6,0
Pangniu,illidan,576,shaman,restoration,6,6,0
Gödöfbüdå,tichondrius,576,shaman,restoration,6,6,0
Kassix,illidan,576,shaman,restoration,6,6,0
Jordnöt,moon-guard,576,shaman,restoration,9,6,3
Ggezlmao,bleeding-hollow,576,shaman,restoration,12,6,6
Littleshasha,tichondrius,576,shaman,restoration,12,6,6
Nyf,khazgoroth,576,shaman,restoration,12,6,6
Lunds,tichondrius,576,shaman,restoration,12,6,6
Noolube,barthilas,576,shaman,restoration,12,6,6
Chrigshock,black-dragonflight,576,shaman,restoration,12,6,6
Shamfold,illidan,576,shaman,restoration,12,6,6
Szeav,tichondrius,576,shaman,restoration,12,6,6
Cencyzz,tichondrius,576,shaman,restoration,12,6,6
Atsukaia,tichondrius,576,shaman,restoration,12,6,6
Ryùko,proudmoore,576,shaman,restoration,12,6,6
Fevolution,dreadmaul,576,shaman,restoration,12,6,6
Aespeon,stormrage,576,shaman,restoration,12,6,6
Nickwoper,emerald-dream,576,shaman,restoration,12,6,6
Caprise,tichondrius,576,shaman,restoration,12,6,6
Motatos,malganis,576,shaman,restoration,12,6,6
Icehole,kelthuzad,576,shaman,restoration,12,6,6
Lavalavalava,eonar,576,shaman,restoration,12,6,6
Lindnerx,malganis,576,shaman,restoration,12,6,6
Xenvale,illidan,576,shaman,restoration,12,6,6
Trewlolz,sargeras,576,shaman,restoration,12,6,6
Potf,illidan,576,shaman,restoration,12,6,6
Ataia,tichondrius,576,shaman,restoration,12,6,6
Medullarum,suramar,576,shaman,restoration,12,6,6
Abev,bonechewer,576,shaman,restoration,12,6,6
Conjunction,azjolnerub,576,shaman,restoration,12,6,6
Scadouche,korgath,576,shaman,restoration,12,6,6
Pex,sargeras,576,shaman,restoration,12,6,6
Ccmeifbald,moon-guard,576,shaman,restoration,12,6,6
Weqeqwqwqex,ragnaros,576,shaman,restoration,12,6,6
Urin,emerald-dream,576,shaman,restoration,15,6,9
Fishman,exodar,576,shaman,restoration,18,6,12
Rugmat,tichondrius,576,shaman,restoration,18,6,12
Rubmytiki,skywall,576,shaman,restoration,18,6,12
Jukedlawl,illidan,576,shaman,restoration,18,6,12
Kÿlé,darkspear,576,shaman,restoration,18,6,12
Blck,malorne,576,shaman,restoration,23,7,16
Shampowl,jaedenar,576,shaman,restoration,20,6,14
Anußis,stormrage,576,shaman,restoration,24,6,18
Klaital,boulderfist,575,shaman,restoration,6,6,0
Toroph,azralon,575,shaman,restoration,12,6,6
Lhost,tanaris,575,shaman,restoration,12,6,6
Shockburst,dalaran,575,shaman,restoration,12,6,6
Redds,tichondrius,575,shaman,restoration,12,6,6
Fallhazard,malganis,575,shaman,restoration,12,6,6
Infsham,hyjal,575,shaman,restoration,12,6,6
Donojo,zuljin,575,shaman,restoration,12,6,6
Zqshaman,tichondrius,575,shaman,restoration,12,6,6
Splonkydonky,stonemaul,575,shaman,restoration,12,6,6
Ryuukas,illidan,575,shaman,restoration,12,6,6
Tagliatelle,kelthuzad,575,shaman,restoration,15,7,8
Numbreseven,frostmourne,575,shaman,restoration,14,6,8
Ragnarüz,ragnaros,575,shaman,restoration,19,7,12
Spiritwler,tichondrius,575,shaman,restoration,18,6,12
Killerphreak,mannoroth,574,shaman,restoration,12,6,6
Dodirt,laughing-skull,574,shaman,restoration,12,6,6
Kikahna,stormreaver,574,shaman,restoration,15,7,8
Kunshíí,bleeding-hollow,574,shaman,restoration,15,6,9
Tabby,emerald-dream,574,shaman,restoration,18,6,12
Twoflower,frostmourne,574,shaman,restoration,24,6,18
Gimlyman,madoran,567,shaman,restoration,12,6,6
Bloodmoôn,frostmourne,566,shaman,restoration,18,6,12
Hazorele,nagrand,547,shaman,restoration,18,9,9
Earthnsky,bleeding-hollow,543,shaman,restoration,11,6,5
Hoghlinn,stormrage,541,shaman,restoration,8,7,1
Tsunamic,sargeras,528,shaman,restoration,15,6,9
Ttvfoxyllama,tichondrius,522,shaman,restoration,22,8,14
Dgshaman,tichondrius,480,shaman,restoration,6,5,1
Spekgawd,emerald-dream,480,shaman,restoration,6,5,1
Goobie,crushridge,480,shaman,restoration,6,5,1
Çhïcagø,aegwynn,480,shaman,restoration,6,5,1
Blowurbubble,tichondrius,480,shaman,restoration,6,5,1
Dankestmemes,illidan,480,shaman,restoration,6,5,1
Cantshear,zuljin,480,shaman,restoration,6,5,1
Nymrose,stormrage,480,shaman,restoration,6,5,1
Blueclass,akama,480,shaman,restoration,6,5,1
Tequíla,quelthalas,480,shaman,restoration,6,5,1
Slm,bleeding-hollow,480,shaman,restoration,6,5,1
Oprawinfuryy,thrall,480,shaman,restoration,6,5,1
Lavamon,illidan,480,shaman,restoration,6,5,1
Hexgodx,illidan,480,shaman,restoration,6,5,1
Laodo,tichondrius,480,shaman,restoration,10,6,4
Juicypork,moon-guard,480,shaman,restoration,12,5,7
Weebzealot,kelthuzad,480,shaman,restoration,12,5,7
Enzÿte,tichondrius,480,shaman,restoration,12,5,7
Woodrose,frostmourne,480,shaman,restoration,12,5,7
Sixtyninelol,thunderlord,480,shaman,restoration,12,5,7
Boryndor,stormrage,480,shaman,restoration,12,5,7
Vegaslights,tichondrius,480,shaman,restoration,12,5,7
Tobírama,bleeding-hollow,480,shaman,restoration,12,5,7
Daintydan,illidan,480,shaman,restoration,12,5,7
Goresx,tichondrius,480,shaman,restoration,12,5,7
Azrlol,illidan,480,shaman,restoration,12,5,7
Shamankie,tichondrius,480,shaman,restoration,12,5,7
Ericzlassoz,tichondrius,480,shaman,restoration,12,5,7
Deyodin,illidan,480,shaman,restoration,12,5,7
Derbain,caelestrasz,480,shaman,restoration,12,5,7
Improvedx,akama,480,shaman,restoration,12,5,7
Maserati,korialstrasz,480,shaman,restoration,12,5,7
Nagish,alexstrasza,480,shaman,restoration,12,5,7
Sâxman,stormreaver,480,shaman,restoration,12,5,7
Kwesy,tichondrius,480,shaman,restoration,12,5,7
Nøir,drakkari,480,shaman,restoration,12,5,7
Devastian,quelthalas,480,shaman,restoration,12,5,7
Maakasarg,tichondrius,480,shaman,restoration,12,5,7
Totemfizzle,spirestone,480,shaman,restoration,12,5,7
Shämpäin,moon-guard,480,shaman,restoration,12,5,7
Saviørkai,barthilas,480,shaman,restoration,12,5,7
Astotems,tichondrius,480,shaman,restoration,12,5,7
Kakiscala,proudmoore,480,shaman,restoration,12,5,7
Baltarian,emerald-dream,480,shaman,restoration,12,5,7
Jisthexx,senjin,480,shaman,restoration,12,5,7
Synkronaqt,tichondrius,480,shaman,restoration,12,5,7
Doop,kiljaeden,480,shaman,restoration,12,5,7
Deathwards,frostmane,480,shaman,restoration,12,5,7
Larvabust,azralon,480,shaman,restoration,12,5,7
Huulu,blades-edge,480,shaman,restoration,12,5,7
Edisto,darkspear,480,shaman,restoration,12,5,7
Fidelityfx,sargeras,480,shaman,restoration,12,5,7
Mvpstorm,darkspear,480,shaman,restoration,12,5,7
Zingysham,tichondrius,480,shaman,restoration,12,5,7
Dùffman,jubeithos,480,shaman,restoration,16,6,10
Thunderphury,proudmoore,480,shaman,restoration,18,5,13
Rekashaki,illidan,480,shaman,restoration,18,5,13
Animac,bleeding-hollow,480,shaman,restoration,18,5,13
Krisu,kelthuzad,480,shaman,restoration,18,5,13
Siyusm,illidan,480,shaman,restoration,24,5,19
Derkx,thrall,479,shaman,restoration,6,5,1
Sâvage,zuljin,479,shaman,restoration,6,5,1
Greenberry,bonechewer,479,shaman,restoration,10,6,4
Highmountain,tichondrius,479,shaman,restoration,12,5,7
Bobaflexqt,korgath,479,shaman,restoration,12,5,7
Beardedone,durotan,479,shaman,restoration,12,5,7
Fläkky,area-52,479,shaman,restoration,12,5,7
Tattoö,elune,479,shaman,restoration,12,5,7
Youngneal,sargeras,479,shaman,restoration,12,5,7
Blkpowerfist,malganis,479,shaman,restoration,12,5,7
Turksham,tichondrius,479,shaman,restoration,12,5,7
Nytestalker,sargeras,479,shaman,restoration,18,5,13
Alphamael,lightbringer,479,shaman,restoration,19,5,14
Aceshamm,kelthuzad,478,shaman,restoration,12,8,4
Amonamarth,tichondrius,478,shaman,restoration,12,5,7
Dennwoop,sargeras,478,shaman,restoration,16,6,10
Stahlye,proudmoore,477,shaman,restoration,6,5,1
Timprecu,azralon,477,shaman,restoration,12,5,7
Enflexi,lightbringer,463,shaman,restoration,17,5,12
Uderlol,tichondrius,448,shaman,restoration,10,5,5
Akhae,duskwood,445,shaman,restoration,14,6,8
Lampstand,wildhammer,431,shaman,restoration,11,5,6
Mythruxx,sargeras,426,shaman,restoration,14,6,8
Lebs,barthilas,415,shaman,restoration,8,5,3
Shockjoy,malganis,415,shaman,restoration,11,5,6
Shamakazi,tichondrius,400,shaman,restoration,7,5,2
Akheeta,tichondrius,400,shaman,restoration,9,5,4
Chûnk,tichondrius,400,shaman,restoration,13,5,8
Clapton,darkspear,400,shaman,restoration,19,5,14
Aeølus,tichondrius,384,shaman,restoration,6,4,2
Teftx,area-52,384,shaman,restoration,6,4,2
Boonno,tichondrius,384,shaman,restoration,6,4,2
Hoonjojjyans,tichondrius,384,shaman,restoration,6,4,2
Shamankofwa,tichondrius,384,shaman,restoration,6,4,2
Tpokes,sargeras,384,shaman,restoration,6,4,2
Balsonz,zuljin,384,shaman,restoration,6,4,2
Aletcheoddox,sargeras,384,shaman,restoration,6,4,2
Totesmcgoatz,arthas,384,shaman,restoration,6,4,2
Ârtík,tichondrius,384,shaman,restoration,6,4,2
Kaîowas,malganis,384,shaman,restoration,6,4,2
Viprus,nerzhul,384,shaman,restoration,6,4,2
Éarl,sargeras,384,shaman,restoration,6,4,2
Bakayarøu,tichondrius,384,shaman,restoration,6,4,2
Skippe,hyjal,384,shaman,restoration,6,4,2
Intravz,tichondrius,384,shaman,restoration,6,4,2
Arkilios,tichondrius,384,shaman,restoration,6,4,2
Thormodin,destromath,384,shaman,restoration,6,4,2
Xiaoya,tichondrius,384,shaman,restoration,6,4,2
Bhann,tichondrius,384,shaman,restoration,6,4,2
Tarròò,bleeding-hollow,384,shaman,restoration,6,4,2
Tisaa,tichondrius,384,shaman,restoration,6,4,2
Curador,nemesis,384,shaman,restoration,6,4,2
Kustum,tichondrius,384,shaman,restoration,6,4,2
Gotmolk,illidan,384,shaman,restoration,6,4,2
Bigboorst,kelthuzad,384,shaman,restoration,6,4,2
Xillicit,sargeras,384,shaman,restoration,6,4,2
Sagester,illidan,384,shaman,restoration,6,4,2
Nepshock,stormrage,384,shaman,restoration,6,4,2
Strykked,illidan,384,shaman,restoration,6,4,2
Jaegertotem,stormrage,384,shaman,restoration,6,4,2
Castia,sargeras,384,shaman,restoration,6,4,2
Udungoofedd,the-underbog,384,shaman,restoration,6,4,2
Awyiss,dreadmaul,384,shaman,restoration,6,4,2
Drfentanylx,emerald-dream,384,shaman,restoration,6,4,2
Thonty,sargeras,384,shaman,restoration,6,4,2
Shyva,frostmourne,384,shaman,restoration,6,4,2
Smeeza,frostmourne,384,shaman,restoration,6,4,2
Cháningtotem,frostmourne,384,shaman,restoration,6,4,2
Weathersmell,sargeras,384,shaman,restoration,6,4,2
Sweatshirtz,tanaris,384,shaman,restoration,6,4,2
Qitian,tichondrius,384,shaman,restoration,12,4,8
Fluiid,tichondrius,384,shaman,restoration,12,4,8
Lollzerz,the-forgotten-coast,384,shaman,restoration,12,4,8
Romcomx,tichondrius,384,shaman,restoration,12,4,8
Healswin,sargeras,384,shaman,restoration,12,4,8
Krevsham,proudmoore,384,shaman,restoration,12,4,8
Shâmbulance,hyjal,384,shaman,restoration,12,4,8
Misakism,sargeras,384,shaman,restoration,12,4,8
Boyyo,maiev,384,shaman,restoration,12,4,8
Pjtremblay,frostmourne,384,shaman,restoration,12,4,8
Galeswind,sargeras,384,shaman,restoration,12,4,8
Muscleyuan,tichondrius,384,shaman,restoration,12,4,8
Bacnbitz,hellscream,384,shaman,restoration,12,4,8
Kermut,frostmourne,384,shaman,restoration,12,4,8
Petzah,barthilas,384,shaman,restoration,12,4,8
Cosmô,sargeras,384,shaman,restoration,12,4,8
Ayev,illidan,384,shaman,restoration,12,4,8
Nooch,malganis,384,shaman,restoration,12,4,8
Oilburner,malganis,384,shaman,restoration,12,4,8
Sittinn,malganis,384,shaman,restoration,12,4,8
Dukaman,malganis,384,shaman,restoration,18,4,14
Conductivity,frostmourne,384,shaman,restoration,18,4,14
Syü,barthilas,383,shaman,restoration,6,4,2
Hexnation,frostmourne,383,shaman,restoration,6,4,2
Huugsnkissez,sargeras,383,shaman,restoration,12,4,8
Rikswordfire,wyrmrest-accord,383,shaman,restoration,12,4,8
Tandarin,burning-legion,383,shaman,restoration,12,4,8
Turbö,hyjal,382,shaman,restoration,12,4,8
Shockshow,zuljin,382,shaman,restoration,12,4,8
Rainingheals,auchindoun,352,shaman,restoration,14,5,9
Shamanakin,emerald-dream,351,shaman,restoration,8,5,3
Koomrog,frostmourne,351,shaman,restoration,8,5,3
Moocatpie,illidan,351,shaman,restoration,11,4,7
Tineer,tichondrius,336,shaman,restoration,9,4,5
Hwyl,frostmourne,335,shaman,restoration,11,4,7
Avidas,malganis,331,shaman,restoration,15,4,11
Eloquent,emerald-dream,328,shaman,restoration,12,5,7
Oninobu,sargeras,320,shaman,restoration,10,4,6
Vanty,proudmoore,319,shaman,restoration,5,4,1
Msooli,tichondrius,319,shaman,restoration,5,4,1
Elevatezxo,stormrage,304,shaman,restoration,7,4,3
Kawixxi,ysondre,301,shaman,restoration,7,4,3
Gucciblunts,sargeras,288,shaman,restoration,6,3,3
Fàlc,stormrage,288,shaman,restoration,6,3,3
Megadabs,malganis,288,shaman,restoration,6,3,3
Kanntok,quelthalas,288,shaman,restoration,6,3,3
Shamanese,emerald-dream,288,shaman,restoration,6,3,3
Naturasol,quelthalas,288,shaman,restoration,6,3,3
Pressyocds,darkspear,288,shaman,restoration,6,3,3
Smeagles,ragnaros,288,shaman,restoration,6,3,3
Taproots,ursin,288,shaman,restoration,6,3,3
Hannamayzing,arathor,288,shaman,restoration,6,3,3
Fruityrudyy,area-52,288,shaman,restoration,6,3,3
Yamishka,dalaran,288,shaman,restoration,6,3,3
Sreve,malganis,288,shaman,restoration,6,3,3
Bombadil,korgath,288,shaman,restoration,6,3,3
Hexmix,muradin,288,shaman,restoration,6,3,3
Youngie,dathremar,288,shaman,restoration,6,3,3
Sumdumshaman,illidan,288,shaman,restoration,6,3,3
Biased,sargeras,288,shaman,restoration,6,3,3
Uggerz,barthilas,288,shaman,restoration,6,3,3
Bovinefever,kiljaeden,288,shaman,restoration,6,3,3
Zoltide,sargeras,288,shaman,restoration,6,3,3
Voron,kiljaeden,288,shaman,restoration,6,3,3
Laucian,malganis,288,shaman,restoration,6,3,3
Smooths,bloodscalp,288,shaman,restoration,6,3,3
Bigbadpercy,frostmourne,288,shaman,restoration,6,3,3
Shearx,illidan,288,shaman,restoration,6,3,3
Apathcat,the-forgotten-coast,288,shaman,restoration,6,3,3
Rakkasham,blackrock,288,shaman,restoration,6,3,3
Wreckaholic,alterac-mountains,288,shaman,restoration,6,3,3
Stitchez,illidan,288,shaman,restoration,6,3,3
Akupapu,illidan,288,shaman,restoration,6,3,3
Shamjam,moon-guard,288,shaman,restoration,6,3,3
Cloudsh,silvermoon,288,shaman,restoration,6,3,3
Sonsii,tichondrius,288,shaman,restoration,6,3,3
Ñoobshaman,tichondrius,288,shaman,restoration,6,3,3
Totemtots,illidan,288,shaman,restoration,6,3,3
Slimshämmy,area-52,288,shaman,restoration,6,3,3
Slimcube,illidan,288,shaman,restoration,6,3,3
Eleresto,tichondrius,288,shaman,restoration,6,3,3
Daggonet,sargeras,288,shaman,restoration,6,3,3
Spencêrf,illidan,288,shaman,restoration,6,3,3
Spiritbb,area-52,288,shaman,restoration,6,3,3
Catnïp,maelstrom,288,shaman,restoration,6,3,3
Tehrani,winterhoof,288,shaman,restoration,6,3,3
Totumstroker,thrall,288,shaman,restoration,6,3,3
Ajj,thrall,288,shaman,restoration,6,3,3
Mudtide,tichondrius,288,shaman,restoration,6,3,3
Nanishock,area-52,288,shaman,restoration,6,3,3
Millionvoltz,tichondrius,288,shaman,restoration,6,3,3
Duregar,tichondrius,288,shaman,restoration,6,3,3
Ozmats,malganis,288,shaman,restoration,6,3,3
Wastedlink,tichondrius,288,shaman,restoration,6,3,3
Cloudycloud,tichondrius,288,shaman,restoration,6,3,3
Tigs,alleria,288,shaman,restoration,6,3,3
Elementorx,stormrage,288,shaman,restoration,6,3,3
Phinoi,tichondrius,288,shaman,restoration,6,3,3
Chacham,tichondrius,288,shaman,restoration,6,3,3
Hiermy,tichondrius,288,shaman,restoration,6,3,3
Samac,ravencrest,288,shaman,restoration,6,3,3
Alexustexas,tichondrius,288,shaman,restoration,6,3,3
Restoele,tichondrius,288,shaman,restoration,6,3,3
Slëvin,frostmourne,288,shaman,restoration,6,3,3
Ixis,bleeding-hollow,288,shaman,restoration,6,3,3
Digglr,tichondrius,288,shaman,restoration,6,3,3
Skrubbles,bleeding-hollow,288,shaman,restoration,6,3,3
Obrahma,burning-legion,288,shaman,restoration,6,3,3
Momolagbbit,tichondrius,288,shaman,restoration,6,3,3
Yunqboichay,kelthuzad,288,shaman,restoration,6,3,3
Porkbrains,emerald-dream,288,shaman,restoration,10,4,6
Rebelutioni,lothar,288,shaman,restoration,11,3,8
Sooweecide,tichondrius,288,shaman,restoration,12,3,9
Possessing,illidan,288,shaman,restoration,12,3,9
Scion,thaurissan,288,shaman,restoration,12,3,9
Víì,tichondrius,288,shaman,restoration,12,3,9
Oomme,area-52,288,shaman,restoration,12,3,9
Mondaymood,illidan,288,shaman,restoration,12,3,9
Mochomò,ragnaros,288,shaman,restoration,12,3,9
Sliccricc,doomhammer,288,shaman,restoration,12,3,9
Chocobomb,burning-blade,288,shaman,restoration,12,3,9
Trysts,wyrmrest-accord,288,shaman,restoration,12,3,9
Showkinho,azralon,288,shaman,restoration,12,3,9
Dragum,blackrock,288,shaman,restoration,12,3,9
Meatyball,tichondrius,288,shaman,restoration,12,3,9
Calliope,burning-legion,288,shaman,restoration,12,3,9
Zéwel,tichondrius,288,shaman,restoration,12,3,9
Galarix,nerzhul,288,shaman,restoration,18,3,15
Chablez,shattered-hand,287,shaman,restoration,6,3,3
Trovac,azralon,287,shaman,restoration,6,3,3
Churgarm,zuljin,287,shaman,restoration,12,3,9
Nottoshammy,dalaran,287,shaman,restoration,12,3,9
Garurt,daggerspine,286,shaman,restoration,12,6,6
Aureal,malganis,282,shaman,restoration,10,6,4
Tarlonygg,malganis,281,shaman,restoration,15,6,9
Shazikial,illidan,255,shaman,restoration,8,4,4
Hilung,lightnings-blade,255,shaman,restoration,11,3,8
Glocksitotem,malganis,240,shaman,restoration,9,3,6
Lupog,illidan,239,shaman,restoration,5,3,2
Lickerman,stormreaver,239,shaman,restoration,5,3,2
Smniss,tichondrius,239,shaman,restoration,5,3,2
Shamyshame,quelthalas,234,shaman,restoration,6,4,2
Pileef,thrall,234,shaman,restoration,8,4,4
Circuits,malganis,234,shaman,restoration,11,5,6
Bigripnow,sargeras,234,shaman,restoration,20,4,16
Tokelahoma,stormrage,234,shaman,restoration,22,4,18
Yoloswage,tichondrius,192,shaman,restoration,9,3,6
Timbosteve,thrall,192,shaman,restoration,6,2,4
Rocksteddy,area-52,192,shaman,restoration,6,2,4
Zhangyider,illidan,192,shaman,restoration,6,2,4
Kupnicki,zuljin,192,shaman,restoration,6,2,4
Umadilia,area-52,192,shaman,restoration,6,2,4
Dhalishama,thrall,192,shaman,restoration,6,2,4
Chainandrain,frostmourne,192,shaman,restoration,6,2,4
Shäman,anetheron,192,shaman,restoration,6,2,4
Ara,zuljin,192,shaman,restoration,6,2,4
Jimmybutler,tichondrius,192,shaman,restoration,6,2,4
Hefestos,nemesis,192,shaman,restoration,6,2,4
Sphaerus,tichondrius,192,shaman,restoration,6,2,4
Cpkzlol,tichondrius,192,shaman,restoration,6,2,4
Wragnus,tichondrius,192,shaman,restoration,6,2,4
Chungxs,illidan,192,shaman,restoration,6,2,4
Sid,frostmourne,192,shaman,restoration,6,2,4
Sannyasin,azralon,192,shaman,restoration,6,2,4
Twistër,illidan,192,shaman,restoration,6,2,4
Eatmymeatbal,illidan,192,shaman,restoration,6,2,4
Dallìa,tichondrius,192,shaman,restoration,6,2,4
Ituma,tichondrius,192,shaman,restoration,6,2,4
Xoweeknd,stormrage,192,shaman,restoration,6,2,4
Mjxholland,aegwynn,192,shaman,restoration,6,2,4
Aderra,garrosh,192,shaman,restoration,6,2,4
Waterspinach,tichondrius,192,shaman,restoration,6,2,4
Keldara,aerie-peak,192,shaman,restoration,6,2,4
Huukron,emerald-dream,192,shaman,restoration,6,2,4
Plutoshaker,tichondrius,192,shaman,restoration,6,2,4
Relâx,icecrown,192,shaman,restoration,6,2,4
Oprawîndfury,tichondrius,192,shaman,restoration,6,2,4
Drünk,hyjal,192,shaman,restoration,6,2,4
Chonchastic,darkspear,192,shaman,restoration,6,2,4
Flamehorns,malganis,192,shaman,restoration,6,2,4
Tremór,frostmourne,192,shaman,restoration,6,2,4
Purpose,nerzhul,192,shaman,restoration,6,2,4
Linkandwink,nerzhul,192,shaman,restoration,6,2,4
Dabrat,lightnings-blade,192,shaman,restoration,6,2,4
Raxxom,tichondrius,192,shaman,restoration,6,2,4
Zâppý,stormrage,192,shaman,restoration,6,2,4
Juraf,malganis,192,shaman,restoration,6,2,4
Handzum,blades-edge,192,shaman,restoration,6,2,4
Lolcàt,tichondrius,192,shaman,restoration,6,2,4
Bitruff,tichondrius,192,shaman,restoration,6,2,4
Yngvii,tichondrius,192,shaman,restoration,6,2,4
Eccentrix,mannoroth,192,shaman,restoration,6,2,4
Flubydont,icecrown,192,shaman,restoration,6,2,4
Thundertusks,norgannon,192,shaman,restoration,6,2,4
Bloodlustxo,frostmourne,192,shaman,restoration,6,2,4
Cawlin,stormrage,192,shaman,restoration,6,2,4
Ioki,spirestone,192,shaman,restoration,6,2,4
Novoz,tichondrius,192,shaman,restoration,6,2,4
Duality,shattered-halls,192,shaman,restoration,6,2,4
Óompaloompa,frostmourne,192,shaman,restoration,6,2,4
Konga,korialstrasz,192,shaman,restoration,6,2,4
Karnnages,cenarion-circle,192,shaman,restoration,6,2,4
Notviscent,illidan,192,shaman,restoration,6,2,4
Shamiggels,sargeras,192,shaman,restoration,6,2,4
Lequandarius,sargeras,192,shaman,restoration,6,2,4
Gwenstifani,sargeras,192,shaman,restoration,6,2,4
Suspend,gorgonnash,192,shaman,restoration,9,2,7
Wasiri,illidan,192,shaman,restoration,12,2,10
Soomer,frostmourne,192,shaman,restoration,12,2,10
Slowpo,illidan,192,shaman,restoration,12,2,10
Bizzy,black-dragonflight,192,shaman,restoration,12,2,10
Kayadee,stormrage,192,shaman,restoration,12,2,10
Kitanoo,kiljaeden,192,shaman,restoration,12,2,10
Solaraa,proudmoore,192,shaman,restoration,12,2,10
Monchsham,area-52,192,shaman,restoration,13,2,11
Shockbot,stormscale,192,shaman,restoration,18,2,16
Kicksave,illidan,192,shaman,restoration,18,2,16
Bootsix,area-52,192,shaman,restoration,18,2,16
Donix,destromath,191,shaman,restoration,6,2,4
Malsturm,stormrage,191,shaman,restoration,6,2,4
Vazan,arthas,191,shaman,restoration,6,2,4
Fóurelements,malganis,191,shaman,restoration,6,2,4
Machalo,sargeras,191,shaman,restoration,6,2,4
Nolij,sargeras,159,shaman,restoration,5,2,3
Restomilk,tichondrius,159,shaman,restoration,5,2,3
Galaxiya,blackhand,144,shaman,restoration,9,3,6
Drowsbad,tichondrius,138,shaman,restoration,10,4,6
Hueymagoo,firetree,112,shaman,restoration,13,2,11
Jbahr,hyjal,96,shaman,restoration,3,2,1
Liltex,malganis,96,shaman,restoration,6,1,5
Shamoover,kelthuzad,96,shaman,restoration,6,1,5
Teathin,ragnaros,96,shaman,restoration,6,1,5
Billydreams,drakkari,96,shaman,restoration,6,1,5
Thenewsherek,maelstrom,96,shaman,restoration,6,1,5
Dasckisham,area-52,96,shaman,restoration,6,1,5
Twizzhurp,bleeding-hollow,96,shaman,restoration,6,1,5
Mcwindyfists,zuljin,96,shaman,restoration,6,1,5
Ogeez,area-52,96,shaman,restoration,6,1,5
Galiffa,area-52,96,shaman,restoration,6,1,5
Wannabecdeww,kelthuzad,96,shaman,restoration,6,1,5
Dodey,malganis,96,shaman,restoration,6,1,5
Shapaman,tichondrius,96,shaman,restoration,6,1,5
Dókki,tichondrius,96,shaman,restoration,6,1,5
Shamnnoodlez,area-52,96,shaman,restoration,6,1,5
Scrototëm,azralon,96,shaman,restoration,6,1,5
Finnaburstt,tichondrius,96,shaman,restoration,6,1,5
Cluffatty,tichondrius,96,shaman,restoration,6,1,5
Schmutz,emerald-dream,96,shaman,restoration,6,1,5
Pootergash,shadowmoon,96,shaman,restoration,6,1,5
Sshhammann,tichondrius,96,shaman,restoration,6,1,5
Eleshamanz,tichondrius,96,shaman,restoration,6,1,5
Restorates,tichondrius,96,shaman,restoration,6,1,5
Restoz,thrall,96,shaman,restoration,6,1,5
Célty,moon-guard,96,shaman,restoration,6,1,5
Average,bonechewer,96,shaman,restoration,6,1,5
Tchamí,blackrock,96,shaman,restoration,6,1,5
Meshugga,scarlet-crusade,96,shaman,restoration,6,1,5
Toyletpaper,mugthol,96,shaman,restoration,6,1,5
Iightning,frostwolf,96,shaman,restoration,6,1,5
Finark,tichondrius,96,shaman,restoration,7,1,6
Calicø,durotan,96,shaman,restoration,7,1,6
Tinytiddies,chogall,96,shaman,restoration,12,1,11
Njolmir,khazgoroth,96,shaman,restoration,12,1,11
Tehbeast,khadgar,96,shaman,restoration,12,1,11
Hexpert,firetree,96,shaman,restoration,12,1,11
Meatlog,dalaran,96,shaman,restoration,12,1,11
Interwebzz,tichondrius,95,shaman,restoration,18,1,17
Dirtyshammy,mugthol,79,shaman,restoration,11,1,10
Totèm,tichondrius,64,shaman,restoration,4,1,3
Ryforges,frostmourne,63,shaman,restoration,2,2,0
Annöying,ysera,42,shaman,restoration,6,2,4
Applicable,tichondrius,42,shaman,restoration,9,2,7
Julíp,tichondrius,42,shaman,restoration,10,2,8
Darkn,cenarion-circle,31,shaman,restoration,2,1,1
Cashe,kiljaeden,2368,shaman,elemental,126,80,46
Meatbeaterx,aggramar,2184,shaman,elemental,59,35,24
Bronzer,tichondrius,2183,shaman,elemental,55,40,15
Bøøgaa,proudmoore,2181,shaman,elemental,83,46,37
Thegloc,illidan,2168,shaman,elemental,59,36,23
Isdozzy,tichondrius,2147,shaman,elemental,64,40,24
Crøwgød,tichondrius,2145,shaman,elemental,91,55,36
Jimmysporty,malganis,2135,shaman,elemental,84,43,41
Jgmbs,dalaran,2134,shaman,elemental,106,64,42
Hitzz,malganis,2127,shaman,elemental,78,49,29
Iavalash,bleeding-hollow,2125,shaman,elemental,142,74,68
Lardaz,darkspear,2118,shaman,elemental,60,37,23
Detonations,tichondrius,2108,shaman,elemental,62,40,22
Jeasham,malganis,2047,shaman,elemental,89,46,43
Ranjeesh,frostmourne,2038,shaman,elemental,114,63,51
Manofsand,drenden,2027,shaman,elemental,149,79,70
Bakenquake,tichondrius,1947,shaman,elemental,92,48,44
Itzgucci,illidan,1941,shaman,elemental,57,35,22
Hollowbaby,tichondrius,1938,shaman,elemental,42,29,13
Axelsteel,illidan,1933,shaman,elemental,42,28,14
Kaandel,azralon,1933,shaman,elemental,90,41,49
Sasageyo,tichondrius,1923,shaman,elemental,76,44,32
Scaman,tichondrius,1903,shaman,elemental,36,23,13
Ultron,deathwing,1890,shaman,elemental,143,74,69
Matikz,boulderfist,1878,shaman,elemental,142,78,64
Powerdown,blackrock,1878,shaman,elemental,65,32,33
Safeword,nesingwary,1873,shaman,elemental,56,32,24
Sleepysham,kelthuzad,1851,shaman,elemental,48,27,21
Johnsju,sargeras,1847,shaman,elemental,63,33,30
Chemjenn,korgath,1838,shaman,elemental,84,37,47
Skkarz,malganis,1834,shaman,elemental,65,40,25
Mavz,moon-guard,1831,shaman,elemental,59,35,24
Gaymakaí,sargeras,1828,shaman,elemental,48,27,21
Tyar,area-52,1822,shaman,elemental,39,27,12
Trenzix,sargeras,1815,shaman,elemental,136,64,72
Snookìe,sargeras,1813,shaman,elemental,58,28,30
Notbpage,burning-blade,1809,shaman,elemental,72,40,32
Shockay,tichondrius,1807,shaman,elemental,50,26,24
Tisaa,tichondrius,1807,shaman,elemental,42,19,23
Elefusion,sargeras,1806,shaman,elemental,36,22,14
Swigadee,tichondrius,1806,shaman,elemental,72,33,39
Drazziqt,malganis,1803,shaman,elemental,45,27,18
Nonomori,frostmourne,1802,shaman,elemental,48,30,18
Torchic,drakkari,1801,shaman,elemental,60,31,29
Monkeysham,dathremar,1800,shaman,elemental,48,30,18
Utilitytotem,moon-guard,1800,shaman,elemental,102,56,46
Foudre,malganis,1798,shaman,elemental,30,19,11
Chunchünmaru,area-52,1793,shaman,elemental,53,28,25
Makazar,tichondrius,1792,shaman,elemental,36,21,15
Vkzz,sargeras,1784,shaman,elemental,49,23,26
Ãmg,tichondrius,1779,shaman,elemental,36,24,12
Molerat,illidan,1772,shaman,elemental,134,60,74
Zqsyyds,illidan,1770,shaman,elemental,35,19,16
Møp,spirestone,1766,shaman,elemental,66,39,27
Gravygumdrop,tichondrius,1763,shaman,elemental,62,34,28
Hotdogwaterx,tichondrius,1760,shaman,elemental,48,33,15
Soyboyxxo,barthilas,1749,shaman,elemental,71,36,35
Brezel,azralon,1740,shaman,elemental,42,27,15
Juicébox,tichondrius,1738,shaman,elemental,42,24,18
Yejinok,tichondrius,1735,shaman,elemental,36,22,14
Hexistential,tichondrius,1731,shaman,elemental,34,26,8
Chajaa,ragnaros,1730,shaman,elemental,102,56,46
Uglymuger,tichondrius,1730,shaman,elemental,62,30,32
Bronzers,tichondrius,1723,shaman,elemental,30,18,12
Mackq,tichondrius,1721,shaman,elemental,61,30,31
Apyôn,tichondrius,1719,shaman,elemental,42,24,18
Ayumihamasai,tichondrius,1710,shaman,elemental,54,30,24
Orksham,tichondrius,1709,shaman,elemental,42,21,21
Notahappyone,area-52,1703,shaman,elemental,48,34,14
Osev,stormrage,1703,shaman,elemental,36,21,15
Mytotemisbig,lothar,1694,shaman,elemental,59,38,21
Emppege,tichondrius,1691,shaman,elemental,51,24,27
Taranís,sargeras,1689,shaman,elemental,36,18,18
Shockyshock,emerald-dream,1683,shaman,elemental,46,29,17
Jerkdaddy,aggramar,1668,shaman,elemental,30,19,11
Streetmeat,crushridge,1667,shaman,elemental,103,54,49
Reckfulq,proudmoore,1658,shaman,elemental,30,21,9
Dampenedxx,bleeding-hollow,1657,shaman,elemental,72,38,34
Joedna,tichondrius,1653,shaman,elemental,34,19,15
Kawj,eonar,1652,shaman,elemental,36,21,15
Dyxlol,tichondrius,1652,shaman,elemental,56,25,31
Thaelia,azgalor,1650,shaman,elemental,40,23,17
Hexzy,moon-guard,1645,shaman,elemental,47,23,24
Smoketide,stormrage,1644,shaman,elemental,47,21,26
Shockisha,sisters-of-elune,1644,shaman,elemental,52,23,29
Illmental,kelthuzad,1636,shaman,elemental,79,40,39
Triknolov,dalaran,1636,shaman,elemental,47,22,25
Zipzsham,maiev,1635,shaman,elemental,33,24,9
Carondes,proudmoore,1632,shaman,elemental,48,22,26
Imnumberl,sargeras,1630,shaman,elemental,78,51,27
Meatbeaterx,bleeding-hollow,1630,shaman,elemental,30,17,13
Deckìn,proudmoore,1630,shaman,elemental,106,57,49
Elementàlius,quelthalas,1629,shaman,elemental,53,26,27
Fiftybeers,frostmourne,1627,shaman,elemental,35,19,16
Gangstà,stormrage,1620,shaman,elemental,48,21,27
Ssjgreen,illidan,1617,shaman,elemental,42,22,20
Loxshox,gnomeregan,1617,shaman,elemental,104,54,50
Squealer,sargeras,1617,shaman,elemental,50,25,25
Mulak,frostmourne,1616,shaman,elemental,110,54,56
Donkeyteeth,bleeding-hollow,1612,shaman,elemental,24,17,7
Thündermoose,tichondrius,1608,shaman,elemental,42,21,21
Billydreams,drakkari,1604,shaman,elemental,111,52,59
Scherzer,frostwolf,1604,shaman,elemental,48,17,31
Jaimenohex,illidan,1603,shaman,elemental,36,19,17
Opaltsing,tichondrius,1601,shaman,elemental,39,19,20
Daddykooll,tichondrius,1600,shaman,elemental,36,22,14
Sonire,tichondrius,1596,shaman,elemental,125,56,69
Igotu,tichondrius,1595,shaman,elemental,30,17,13
Zeylhe,proudmoore,1593,shaman,elemental,48,22,26
Setò,quelthalas,1591,shaman,elemental,42,22,20
Buju,bleeding-hollow,1590,shaman,elemental,54,32,22
Tulol,tichondrius,1579,shaman,elemental,84,38,46
ßævis,magtheridon,1572,shaman,elemental,24,17,7
Tenyks,tichondrius,1563,shaman,elemental,34,18,16
Washedupty,illidan,1560,shaman,elemental,78,39,39
Climhazard,senjin,1555,shaman,elemental,36,18,18
Shellshocka,korgath,1554,shaman,elemental,38,20,18
Dtab,tichondrius,1552,shaman,elemental,36,18,18
Hadèes,zuljin,1550,shaman,elemental,84,41,43
Doodleburger,dathremar,1545,shaman,elemental,50,41,9
Thundermatt,aegwynn,1544,shaman,elemental,65,32,33
Univearth,emerald-dream,1543,shaman,elemental,48,25,23
Duality,shattered-halls,1541,shaman,elemental,30,21,9
Billycool,tichondrius,1535,shaman,elemental,24,16,8
Óompaloompa,frostmourne,1534,shaman,elemental,30,18,12
Caserguy,sargeras,1531,shaman,elemental,42,16,26
Harrypotqueu,zuljin,1527,shaman,elemental,30,16,14
Draghul,frostwolf,1520,shaman,elemental,41,23,18
Zap,wyrmrest-accord,1519,shaman,elemental,66,31,35
Borheals,tichondrius,1516,shaman,elemental,24,16,8
Zugzugthug,moon-guard,1494,shaman,elemental,87,50,37
Soulrak,tichondrius,1489,shaman,elemental,60,27,33
Cyhren,illidan,1487,shaman,elemental,30,16,14
Chandye,proudmoore,1485,shaman,elemental,36,16,20
Huskër,tichondrius,1483,shaman,elemental,58,35,23
Gloi,ragnaros,1481,shaman,elemental,31,19,12
Generators,area-52,1473,shaman,elemental,111,52,59
Joehogan,stormrage,1463,shaman,elemental,67,40,27
Sweatshock,frostmourne,1446,shaman,elemental,36,22,14
Stitchis,black-dragonflight,1439,shaman,elemental,39,22,17
Biberom,kelthuzad,1434,shaman,elemental,57,32,25
Isekai,alterac-mountains,1429,shaman,elemental,69,28,41
Gumballin,sargeras,1421,shaman,elemental,76,37,39
Hufflefluffs,kiljaeden,1418,shaman,elemental,38,23,15
Taxd,sargeras,1418,shaman,elemental,30,15,15
Letronix,azralon,1418,shaman,elemental,36,15,21
Flüke,tichondrius,1417,shaman,elemental,30,15,15
Plotious,antonidas,1413,shaman,elemental,36,19,17
Dumpweed,stormscale,1413,shaman,elemental,42,21,21
Tuntar,ragnaros,1401,shaman,elemental,68,37,31
Telain,quelthalas,1401,shaman,elemental,60,31,29
Saraguthix,dalaran,1399,shaman,elemental,54,23,31
Evilraven,tichondrius,1395,shaman,elemental,143,67,76
Malrom,kelthuzad,1392,shaman,elemental,133,72,61
Liloggie,illidan,1385,shaman,elemental,23,15,8
Shampainn,demon-soul,1383,shaman,elemental,65,33,32
Ceedlamb,kelthuzad,1381,shaman,elemental,66,34,32
Lenin,nathrezim,1375,shaman,elemental,50,20,30
Rss,barthilas,1373,shaman,elemental,29,15,14
Zechary,proudmoore,1372,shaman,elemental,48,19,29
Hurky,sargeras,1369,shaman,elemental,55,29,26
Mhaal,wyrmrest-accord,1364,shaman,elemental,74,31,43
Ekstasiel,azralon,1362,shaman,elemental,42,23,19
Clapton,darkspear,1361,shaman,elemental,35,15,20
Bujii,frostmourne,1357,shaman,elemental,29,16,13
Conductivity,frostmourne,1351,shaman,elemental,30,15,15
Hexecute,tichondrius,1344,shaman,elemental,24,14,10
Morluné,tichondrius,1343,shaman,elemental,33,16,17
Zugzugdogg,destromath,1339,shaman,elemental,24,14,10
Illbuyurmom,tichondrius,1333,shaman,elemental,31,14,17
Heavyboxer,tichondrius,1328,shaman,elemental,30,14,16
Totem,burning-legion,1327,shaman,elemental,24,14,10
Luvstospooj,thaurissan,1325,shaman,elemental,49,21,28
Groundme,malganis,1295,shaman,elemental,23,14,9
Hueymagoo,firetree,1295,shaman,elemental,24,14,10
Jaapo,barthilas,1284,shaman,elemental,42,20,22
Orkuss,illidan,1281,shaman,elemental,23,14,9
Ffaísca,azralon,1279,shaman,elemental,38,19,19
Mittss,sargeras,1273,shaman,elemental,65,32,33
Shamanzinh,azralon,1262,shaman,elemental,36,19,17
Sugirukifuja,stormrage,1258,shaman,elemental,23,16,7
Robot,illidan,1248,shaman,elemental,24,13,11
Hecstacy,dalaran,1245,shaman,elemental,18,13,5
Ragnards,ragnaros,1242,shaman,elemental,32,14,18
Clarix,quelthalas,1241,shaman,elemental,24,13,11
Edenorion,ragnaros,1238,shaman,elemental,40,20,20
Indika,stormrage,1234,shaman,elemental,24,13,11
Yasuriyamile,illidan,1232,shaman,elemental,52,22,30
Moacmathi,quelthalas,1232,shaman,elemental,48,20,28
Yasmiel,zuljin,1232,shaman,elemental,36,13,23
Cptnmagma,bleeding-hollow,1231,shaman,elemental,82,38,44
Zhokal,quelthalas,1225,shaman,elemental,77,43,34
Rolltìde,tichondrius,1223,shaman,elemental,69,38,31
Nøir,drakkari,1223,shaman,elemental,36,13,23
Engara,frostmane,1216,shaman,elemental,29,13,16
Øten,area-52,1214,shaman,elemental,30,20,10
Beerofdoom,proudmoore,1214,shaman,elemental,30,15,15
Geodude,executus,1213,shaman,elemental,23,13,10
Grezzkall,malganis,1207,shaman,elemental,39,19,20
Omegaman,lightninghoof,1204,shaman,elemental,57,29,28
Faygodream,illidan,1203,shaman,elemental,30,13,17
Rafiki,haomarush,1196,shaman,elemental,36,14,22
Alphamael,lightbringer,1195,shaman,elemental,41,21,20
Forgediniron,stormrage,1195,shaman,elemental,36,17,19
Gorjun,stormrage,1175,shaman,elemental,33,16,17
Kumer,tichondrius,1171,shaman,elemental,22,13,9
Bazinguinha,azralon,1169,shaman,elemental,36,15,21
Jaycobb,area-52,1159,shaman,elemental,30,13,17
Venekk,shattered-hand,1158,shaman,elemental,23,13,10
Gangmembr,illidan,1152,shaman,elemental,18,12,6
Zoeytur,sargeras,1152,shaman,elemental,24,12,12
Kang,terenas,1150,shaman,elemental,18,12,6
Smiteums,sargeras,1150,shaman,elemental,24,12,12
Zugdabou,bonechewer,1150,shaman,elemental,36,16,20
Blacklm,tichondrius,1148,shaman,elemental,18,12,6
Electriik,kiljaeden,1146,shaman,elemental,18,12,6
Ratson,ragnaros,1144,shaman,elemental,24,12,12
Johnwilke,area-52,1123,shaman,elemental,43,17,26
Bravederp,kelthuzad,1120,shaman,elemental,63,31,32
Starmaker,malganis,1119,shaman,elemental,26,13,13
Sshaman,tichondrius,1119,shaman,elemental,28,12,16
Yodahh,daggerspine,1110,shaman,elemental,24,13,11
Zappz,thunderlord,1109,shaman,elemental,48,29,19
Shockazulu,vashj,1109,shaman,elemental,36,19,17
Gahaa,tichondrius,1099,shaman,elemental,17,12,5
Yunow,ragnaros,1096,shaman,elemental,48,20,28
Geladoo,gallywix,1087,shaman,elemental,30,14,16
Topax,vashj,1083,shaman,elemental,17,12,5
Omnath,zuluhed,1083,shaman,elemental,35,19,16
Shammpain,barthilas,1074,shaman,elemental,35,19,16
Semasham,khazgoroth,1068,shaman,elemental,25,12,13
Saanrixa,jubeithos,1061,shaman,elemental,48,15,33
Bestshamus,sargeras,1056,shaman,elemental,18,11,7
Hazzathxy,tichondrius,1056,shaman,elemental,18,11,7
Petrafk,illidan,1056,shaman,elemental,18,11,7
Miroen,tichondrius,1056,shaman,elemental,24,11,13
Highsteakss,tichondrius,1055,shaman,elemental,12,11,1
Bootietootie,bleeding-hollow,1055,shaman,elemental,18,11,7
Kymo,tichondrius,1055,shaman,elemental,18,11,7
Bismarks,frostmourne,1055,shaman,elemental,18,11,7
Hexxás,bloodscalp,1055,shaman,elemental,21,12,9
Thuntard,bleeding-hollow,1055,shaman,elemental,24,11,13
Kigoros,bleeding-hollow,1054,shaman,elemental,18,11,7
Sumnah,sargeras,1054,shaman,elemental,42,22,20
Snewboii,malganis,1053,shaman,elemental,18,11,7
Blastuh,kiljaeden,1053,shaman,elemental,18,11,7
Rollypolli,gnomeregan,1052,shaman,elemental,66,34,32
Taeilendar,ragnaros,1050,shaman,elemental,24,11,13
Skwiglz,tichondrius,1045,shaman,elemental,63,29,34
Minzysm,illidan,1045,shaman,elemental,24,11,13
Baltharzhard,saurfang,1040,shaman,elemental,24,11,13
Darkrock,echo-isles,1033,shaman,elemental,24,12,12
Treesntotemz,darkspear,1020,shaman,elemental,18,11,7
Blmqt,stormrage,1006,shaman,elemental,17,11,6
Firecracker,warsong,1003,shaman,elemental,52,29,23
Cheweydadawg,shandris,990,shaman,elemental,23,11,12
Wälee,sargeras,976,shaman,elemental,65,30,35
Mistayl,bleeding-hollow,968,shaman,elemental,30,12,18
Dewoverload,garithos,960,shaman,elemental,12,10,2
Smrtdeath,zuljin,960,shaman,elemental,12,10,2
Smeagles,ragnaros,960,shaman,elemental,18,10,8
Spoonforkorc,thrall,960,shaman,elemental,18,10,8
Ñîmåbè,tichondrius,959,shaman,elemental,18,10,8
Tidalstorm,thrall,959,shaman,elemental,18,10,8
Imense,sargeras,958,shaman,elemental,18,10,8
Moartotems,kelthuzad,957,shaman,elemental,12,10,2
Korlog,tichondrius,957,shaman,elemental,12,10,2
Charabon,ragnaros,957,shaman,elemental,18,10,8
Shockshammy,kiljaeden,956,shaman,elemental,18,10,8
Honeybean,tichondrius,956,shaman,elemental,24,10,14
Chaposz,tichondrius,955,shaman,elemental,24,10,14
Tinkd,stormrage,953,shaman,elemental,18,10,8
Izreborn,tichondrius,953,shaman,elemental,24,10,14
Yippeekiyay,zuluhed,953,shaman,elemental,27,11,16
Shamanic,dunemaul,953,shaman,elemental,77,27,50
Gorron,frostwolf,929,shaman,elemental,24,10,14
Zappynips,frostmourne,909,shaman,elemental,17,10,7
Nooglee,malganis,907,shaman,elemental,21,10,11
Aragog,malygos,899,shaman,elemental,32,16,16
Srbski,emerald-dream,892,shaman,elemental,20,10,10
Threehandz,bleeding-hollow,886,shaman,elemental,55,20,35
Trilz,barthilas,880,shaman,elemental,19,10,9
Jer,tichondrius,864,shaman,elemental,12,9,3
Helga,hellscream,864,shaman,elemental,12,9,3
Pikopiko,tichondrius,864,shaman,elemental,12,9,3
Handzum,blades-edge,864,shaman,elemental,12,9,3
Koalatricks,shadow-council,864,shaman,elemental,12,9,3
Tremordrfear,lightbringer,864,shaman,elemental,12,9,3
Notragii,kelthuzad,864,shaman,elemental,12,9,3
Owtyobwol,area-52,864,shaman,elemental,18,9,9
Zuescannon,kelthuzad,864,shaman,elemental,18,9,9
Buffele,tichondrius,864,shaman,elemental,18,9,9
Däbü,tichondrius,864,shaman,elemental,18,9,9
Earthclap,tichondrius,864,shaman,elemental,24,9,15
Ðomzy,tichondrius,863,shaman,elemental,12,9,3
Eimear,kelthuzad,863,shaman,elemental,18,9,9
Earthfirex,ragnaros,863,shaman,elemental,18,9,9
Poseidon,kiljaeden,863,shaman,elemental,18,9,9
Uglymugshock,tichondrius,863,shaman,elemental,24,9,15
Thaél,proudmoore,863,shaman,elemental,24,9,15
Luxenor,kelthuzad,862,shaman,elemental,12,9,3
Tottemic,blackrock,862,shaman,elemental,18,9,9
Phagocytosis,illidan,861,shaman,elemental,18,9,9
Vulkuro,quelthalas,861,shaman,elemental,18,9,9
Grandwolf,ragnaros,861,shaman,elemental,18,9,9
Jensenx,proudmoore,861,shaman,elemental,24,9,15
Drazzella,arthas,861,shaman,elemental,24,9,15
Grukall,galakrond,860,shaman,elemental,12,9,3
Ayahuaskah,illidan,860,shaman,elemental,18,9,9
Sanlu,tichondrius,860,shaman,elemental,23,10,13
Velekar,moon-guard,858,shaman,elemental,24,9,15
Totemtown,darkspear,857,shaman,elemental,24,9,15
Gorakh,illidan,856,shaman,elemental,18,9,9
Asanako,illidan,850,shaman,elemental,18,9,9
Vegaslights,tichondrius,816,shaman,elemental,21,9,12
Thanwirn,ragnaros,809,shaman,elemental,24,9,15
Pasto,bleeding-hollow,768,shaman,elemental,12,8,4
Luhz,tichondrius,768,shaman,elemental,12,8,4
Àspect,aegwynn,768,shaman,elemental,12,8,4
Bagovs,tichondrius,768,shaman,elemental,12,8,4
Morabebi,tichondrius,768,shaman,elemental,12,8,4
Walabi,tichondrius,768,shaman,elemental,18,8,10
Beyoncé,lethon,768,shaman,elemental,18,8,10
Cepheí,bleeding-hollow,768,shaman,elemental,18,8,10
Krupto,tichondrius,768,shaman,elemental,18,8,10
Gambezee,kelthuzad,768,shaman,elemental,18,8,10
Caninius,sargeras,768,shaman,elemental,18,8,10
Olani,nesingwary,768,shaman,elemental,27,9,18
Momothewolf,malganis,767,shaman,elemental,12,8,4
Nazz,cenarion-circle,767,shaman,elemental,12,8,4
Endorovich,mannoroth,767,shaman,elemental,18,8,10
Cheddatotz,illidan,764,shaman,elemental,12,8,4
Maldini,tol-barad,764,shaman,elemental,18,8,10
Teekona,tichondrius,763,shaman,elemental,18,8,10
Bronan,laughing-skull,749,shaman,elemental,30,8,22
Syile,stormrage,735,shaman,elemental,14,9,5
Hüsky,dalaran,735,shaman,elemental,17,8,9
Golozok,zuljin,734,shaman,elemental,17,8,9
Malosa,hyjal,734,shaman,elemental,23,8,15
Lowiqpleb,tichondrius,719,shaman,elemental,17,8,9
Dmt,exodar,704,shaman,elemental,22,8,14
Glizzyjamon,sargeras,672,shaman,elemental,12,7,5
Cuban,kelthuzad,672,shaman,elemental,12,7,5
Ðøææøð,stormrage,672,shaman,elemental,12,7,5
Fàlç,stormrage,672,shaman,elemental,12,7,5
Snapstr,illidan,672,shaman,elemental,12,7,5
Willy,icecrown,672,shaman,elemental,12,7,5
Pericazo,sargeras,672,shaman,elemental,12,7,5
Drmeatballmd,tichondrius,672,shaman,elemental,12,7,5
Tatespeech,barthilas,672,shaman,elemental,12,7,5
Humorlava,tichondrius,672,shaman,elemental,12,7,5
Mazadu,malganis,672,shaman,elemental,12,7,5
Ayetex,kelthuzad,672,shaman,elemental,12,7,5
Pipesable,ragnaros,672,shaman,elemental,12,7,5
Thoraq,bleeding-hollow,672,shaman,elemental,12,7,5
Chazzwozza,area-52,672,shaman,elemental,12,7,5
Kkangsiki,tichondrius,672,shaman,elemental,18,7,11
Hengler,emerald-dream,672,shaman,elemental,18,7,11
Eravas,thrall,672,shaman,elemental,18,7,11
Desdìnova,tortheldrin,672,shaman,elemental,18,7,11
Neotrad,proudmoore,672,shaman,elemental,18,7,11
Dansham,zuljin,672,shaman,elemental,24,7,17
Jacori,malganis,671,shaman,elemental,12,7,5
Destroçadorx,azralon,671,shaman,elemental,12,7,5
Hairyrichard,zuljin,671,shaman,elemental,12,7,5
Lenå,moon-guard,671,shaman,elemental,12,7,5
Ôprawindfury,mugthol,671,shaman,elemental,12,7,5
Galabanjø,malganis,671,shaman,elemental,18,7,11
Vktr,drakkari,671,shaman,elemental,18,7,11
Exoticz,barthilas,671,shaman,elemental,26,7,19
Xoelement,borean-tundra,669,shaman,elemental,12,7,5
Grimlên,skullcrusher,669,shaman,elemental,18,7,11
Phuamya,dalaran,667,shaman,elemental,12,7,5
Jyster,area-52,664,shaman,elemental,24,7,17
Cheesewheelz,arthas,651,shaman,elemental,22,7,15
Megalithic,moon-guard,639,shaman,elemental,14,8,6
Koongram,area-52,623,shaman,elemental,11,7,4
Bushdeedit,stormrage,623,shaman,elemental,17,7,10
Illchayqt,frostmourne,591,shaman,elemental,11,7,4
Kasparøv,tichondrius,576,shaman,elemental,6,6,0
Boltadeez,tichondrius,576,shaman,elemental,6,6,0
Dxxlol,tichondrius,576,shaman,elemental,6,6,0
Hexoffend,zuljin,576,shaman,elemental,12,6,6
Finark,tichondrius,576,shaman,elemental,12,6,6
Storminlorka,sargeras,576,shaman,elemental,12,6,6
Rubmytotêm,tichondrius,576,shaman,elemental,12,6,6
Zelthakaru,emerald-dream,576,shaman,elemental,12,6,6
Tairen,ragnaros,576,shaman,elemental,12,6,6
Doommjölnir,sargeras,576,shaman,elemental,12,6,6
Getwetand,quelthalas,576,shaman,elemental,12,6,6
Bustinbooty,kiljaeden,576,shaman,elemental,12,6,6
Hydroponicz,sargeras,576,shaman,elemental,12,6,6
Jnzz,area-52,576,shaman,elemental,12,6,6
Innvious,sargeras,576,shaman,elemental,12,6,6
Doorti,area-52,576,shaman,elemental,12,6,6
Zzarit,tichondrius,576,shaman,elemental,13,6,7
Datbigthing,frostmourne,576,shaman,elemental,18,6,12
Toho,ragnaros,575,shaman,elemental,12,6,6
Shøckolate,magtheridon,575,shaman,elemental,12,6,6
Drewshammy,zuljin,575,shaman,elemental,12,6,6
Seinnome,azralon,575,shaman,elemental,12,6,6
Moctezumma,area-52,575,shaman,elemental,12,6,6
Nemei,zuljin,575,shaman,elemental,12,6,6
Shachone,zuljin,575,shaman,elemental,12,6,6
Nomahuata,cenarion-circle,575,shaman,elemental,18,6,12
Shamarock,stonemaul,571,shaman,elemental,12,6,6
Justballs,stormscale,571,shaman,elemental,12,6,6
Totempaul,frostmourne,570,shaman,elemental,18,6,12
Asy,tichondrius,559,shaman,elemental,11,6,5
Aitex,kelthuzad,543,shaman,elemental,15,7,8
Thanen,the-scryers,541,shaman,elemental,16,6,10
Aseew,drakkari,522,shaman,elemental,21,9,12
Lfhotmoms,moon-guard,480,shaman,elemental,6,5,1
Lff,stormrage,480,shaman,elemental,6,5,1
Totemzie,illidan,480,shaman,elemental,6,5,1
Kebboz,frostmourne,480,shaman,elemental,6,5,1
Sxr,moon-guard,480,shaman,elemental,6,5,1
Vulcansh,azralon,480,shaman,elemental,6,5,1
Farku,illidan,480,shaman,elemental,6,5,1
Richode,burning-legion,480,shaman,elemental,12,5,7
Chomolungma,azralon,480,shaman,elemental,12,5,7
Eluulne,silvermoon,480,shaman,elemental,12,5,7
Daerönn,azralon,480,shaman,elemental,12,5,7
Baddaboom,sargeras,480,shaman,elemental,12,5,7
Stayz,tichondrius,480,shaman,elemental,12,5,7
Slumpinator,tichondrius,480,shaman,elemental,12,5,7
Chonkymilk,illidan,480,shaman,elemental,12,5,7
Xodeus,frostmourne,480,shaman,elemental,12,5,7
Cùìó,barthilas,480,shaman,elemental,12,5,7
Flamestrife,illidan,480,shaman,elemental,12,5,7
Shamigo,tichondrius,480,shaman,elemental,12,5,7
Vashidda,stormrage,480,shaman,elemental,12,5,7
Delement,ragnaros,480,shaman,elemental,12,5,7
Kanasya,quelthalas,480,shaman,elemental,12,5,7
Zajashuna,malganis,480,shaman,elemental,12,5,7
Jènova,whisperwind,480,shaman,elemental,12,5,7
Wobbleshock,tichondrius,480,shaman,elemental,12,5,7
Totemchucker,stormrage,480,shaman,elemental,15,6,9
Shiggenbasta,tichondrius,480,shaman,elemental,13,5,8
Arialial,hyjal,480,shaman,elemental,18,5,13
Nírnez,ragnaros,480,shaman,elemental,18,5,13
Advìl,area-52,480,shaman,elemental,18,5,13
Helapoon,area-52,480,shaman,elemental,18,5,13
Lugak,ragnaros,480,shaman,elemental,18,5,13
Killdeaderer,barthilas,479,shaman,elemental,6,5,1
Madeleines,goldrinn,479,shaman,elemental,6,5,1
Shanão,nemesis,479,shaman,elemental,6,5,1
Ðarkvolts,stormrage,479,shaman,elemental,12,5,7
Doughboy,khadgar,478,shaman,elemental,14,6,8
Dizzytotem,dalaran,478,shaman,elemental,12,5,7
Dellnar,nagrand,478,shaman,elemental,12,5,7
Shàmpow,darkspear,446,shaman,elemental,11,5,6
Kinjin,dragonmaw,415,shaman,elemental,14,5,9
Thandius,arygos,384,shaman,elemental,6,4,2
Wodgodx,sargeras,384,shaman,elemental,6,4,2
Bigdaddyion,thrall,384,shaman,elemental,6,4,2
Stormflow,dalaran,384,shaman,elemental,6,4,2
Magtark,frostwolf,384,shaman,elemental,6,4,2
Drakhe,proudmoore,384,shaman,elemental,6,4,2
Zenan,stormreaver,384,shaman,elemental,6,4,2
Enkix,drakkari,384,shaman,elemental,6,4,2
Shammyqua,tichondrius,384,shaman,elemental,6,4,2
Novoz,tichondrius,384,shaman,elemental,6,4,2
Dromus,dalvengyr,384,shaman,elemental,6,4,2
Graveshocks,illidan,384,shaman,elemental,6,4,2
Munchies,madoran,384,shaman,elemental,6,4,2
Pubechin,jubeithos,384,shaman,elemental,6,4,2
Kustys,tichondrius,384,shaman,elemental,6,4,2
Dgshaman,tichondrius,384,shaman,elemental,6,4,2
Borgmash,chogall,384,shaman,elemental,6,4,2
Dragaru,illidan,384,shaman,elemental,6,4,2
Rahkarg,korgath,384,shaman,elemental,6,4,2
Clamson,tichondrius,384,shaman,elemental,6,4,2
Weebdestroyr,illidan,384,shaman,elemental,6,4,2
Creativemind,ragnaros,384,shaman,elemental,6,4,2
Aishel,area-52,384,shaman,elemental,6,4,2
Blueku,tichondrius,384,shaman,elemental,6,4,2
Thorlottie,stormrage,384,shaman,elemental,6,4,2
Ktom,runetotem,384,shaman,elemental,6,4,2
Lukora,stonemaul,384,shaman,elemental,6,4,2
Vodord,arathor,384,shaman,elemental,6,4,2
Redpocket,zuluhed,384,shaman,elemental,6,4,2
Boogiefever,area-52,384,shaman,elemental,6,4,2
Seraøth,area-52,384,shaman,elemental,6,4,2
Super,azshara,384,shaman,elemental,14,5,9
Lavasurge,area-52,384,shaman,elemental,12,4,8
Kushnations,chogall,384,shaman,elemental,12,4,8
Feetfungus,area-52,384,shaman,elemental,12,4,8
Sjostrom,proudmoore,384,shaman,elemental,12,4,8
Skyten,quelthalas,384,shaman,elemental,12,4,8
Grimitt,suramar,384,shaman,elemental,12,4,8
Popsoot,area-52,384,shaman,elemental,12,4,8
Shrektar,cenarius,384,shaman,elemental,12,4,8
Elryl,sargeras,384,shaman,elemental,12,4,8
Pozcaster,tichondrius,384,shaman,elemental,12,4,8
Fatherrtime,illidan,384,shaman,elemental,12,4,8
Krimz,executus,384,shaman,elemental,12,4,8
Hansolorz,tichondrius,384,shaman,elemental,18,4,14
Vjeze,frostmourne,384,shaman,elemental,18,4,14
Pepîllo,ragnaros,384,shaman,elemental,24,4,20
Nezzuk,quelthalas,383,shaman,elemental,6,4,2
Machalo,sargeras,383,shaman,elemental,12,4,8
Mîkâ,area-52,383,shaman,elemental,12,4,8
Coffeeblacc,magtheridon,379,shaman,elemental,12,4,8
Babyblake,malganis,351,shaman,elemental,8,5,3
Råys,turalyon,350,shaman,elemental,11,4,7
Nondracil,ragnaros,336,shaman,elemental,9,4,5
Stormfronts,kelthuzad,336,shaman,elemental,9,4,5
Taraneh,garrosh,325,shaman,elemental,15,5,10
Soartotes,sargeras,320,shaman,elemental,10,4,6
Sweetbabyraé,bleeding-hollow,304,shaman,elemental,7,4,3
Tsunamibrew,moon-guard,302,shaman,elemental,9,4,5
Procdepartme,area-52,288,shaman,elemental,6,3,3
Groink,kiljaeden,288,shaman,elemental,6,3,3
Simada,tichondrius,288,shaman,elemental,6,3,3
Doop,kiljaeden,288,shaman,elemental,6,3,3
Traindablue,malganis,288,shaman,elemental,6,3,3
Ryukims,tichondrius,288,shaman,elemental,6,3,3
Relâx,icecrown,288,shaman,elemental,6,3,3
Scrymax,area-52,288,shaman,elemental,6,3,3
Passion,sargeras,288,shaman,elemental,6,3,3
Groundfaults,bleeding-hollow,288,shaman,elemental,6,3,3
Tokelahoma,stormrage,288,shaman,elemental,6,3,3
Vanëssão,stormrage,288,shaman,elemental,6,3,3
Improvize,malganis,288,shaman,elemental,6,3,3
Gjaj,tichondrius,288,shaman,elemental,6,3,3
Malgrave,ragnaros,288,shaman,elemental,6,3,3
Nuofu,illidan,288,shaman,elemental,6,3,3
Häzel,nerzhul,288,shaman,elemental,6,3,3
Gödöfbüdå,tichondrius,288,shaman,elemental,6,3,3
Sheriffbj,emerald-dream,288,shaman,elemental,6,3,3
Shammany,stormrage,288,shaman,elemental,6,3,3
Trenhance,stormrage,288,shaman,elemental,6,3,3
Shambix,illidan,288,shaman,elemental,6,3,3
Bolteon,malganis,288,shaman,elemental,6,3,3
Applicable,tichondrius,288,shaman,elemental,6,3,3
Dràgoon,thrall,288,shaman,elemental,6,3,3
Rokogg,thrall,288,shaman,elemental,6,3,3
Fruityrudyy,area-52,288,shaman,elemental,6,3,3
Shàman,durotan,288,shaman,elemental,6,3,3
Mønønøke,tichondrius,288,shaman,elemental,6,3,3
Bizle,jaedenar,288,shaman,elemental,6,3,3
Orkshammy,illidan,288,shaman,elemental,6,3,3
Fluffyhex,sargeras,288,shaman,elemental,6,3,3
Noslol,bronzebeard,288,shaman,elemental,6,3,3
Shizamm,hyjal,288,shaman,elemental,6,3,3
Ieeguen,tichondrius,288,shaman,elemental,6,3,3
Zlateral,malganis,288,shaman,elemental,6,3,3
Zerium,nemesis,288,shaman,elemental,6,3,3
Ioki,spirestone,288,shaman,elemental,6,3,3
Kowabounga,ragnaros,288,shaman,elemental,6,3,3
Kimkar,bleeding-hollow,288,shaman,elemental,6,3,3
Ggoong,tichondrius,288,shaman,elemental,6,3,3
Beatryx,the-scryers,288,shaman,elemental,6,3,3
Éarl,sargeras,288,shaman,elemental,6,3,3
Shamtactic,thrall,288,shaman,elemental,6,3,3
Blakki,barthilas,288,shaman,elemental,6,3,3
Sin,bleeding-hollow,288,shaman,elemental,6,3,3
Talfur,area-52,288,shaman,elemental,6,3,3
Blaydin,elune,288,shaman,elemental,6,3,3
Largerwang,sargeras,288,shaman,elemental,6,3,3
Exceedër,ragnaros,288,shaman,elemental,6,3,3
Healingtime,nerzhul,288,shaman,elemental,6,3,3
Shajay,area-52,288,shaman,elemental,6,3,3
Mabite,frostmourne,288,shaman,elemental,6,3,3
Earthfurÿ,quelthalas,288,shaman,elemental,6,3,3
Zon,laughing-skull,288,shaman,elemental,6,3,3
Deyodin,illidan,288,shaman,elemental,6,3,3
Autisty,sargeras,288,shaman,elemental,6,3,3
Malito,ursin,288,shaman,elemental,6,3,3
Arckos,thrall,288,shaman,elemental,6,3,3
Ragor,quelthalas,288,shaman,elemental,6,3,3
Shadeele,cenarius,288,shaman,elemental,6,3,3
Grimnur,bleeding-hollow,288,shaman,elemental,11,3,8
Oznog,bleeding-hollow,288,shaman,elemental,12,3,9
Rythia,elune,288,shaman,elemental,12,3,9
Káládin,malganis,288,shaman,elemental,12,3,9
Bloodytotemz,emerald-dream,288,shaman,elemental,12,3,9
Taquitho,quelthalas,288,shaman,elemental,12,3,9
Emptee,area-52,288,shaman,elemental,12,3,9
Arakye,stormrage,287,shaman,elemental,6,3,3
Strikzjr,frostmourne,287,shaman,elemental,6,3,3
Potatopirate,burning-legion,287,shaman,elemental,12,3,9
Cropdustr,sargeras,286,shaman,elemental,6,3,3
Nuggitz,tichondrius,286,shaman,elemental,9,4,5
Cardanø,illidan,271,shaman,elemental,17,3,14
Hannibol,tichondrius,255,shaman,elemental,11,3,8
Oxxnabatko,amanthul,240,shaman,elemental,9,3,6
Sarahfe,wyrmrest-accord,239,shaman,elemental,5,3,2
Spunjie,frostmourne,239,shaman,elemental,5,3,2
Mercs,frostmourne,234,shaman,elemental,17,8,9
Firedchips,tichondrius,192,shaman,elemental,11,5,6
Naextramus,ragnaros,192,shaman,elemental,6,2,4
Smellyogre,area-52,192,shaman,elemental,6,2,4
Ric,malganis,192,shaman,elemental,6,2,4
Bitflip,jubeithos,192,shaman,elemental,6,2,4
Tartar,lightbringer,192,shaman,elemental,6,2,4
Grandmaster,frostmourne,192,shaman,elemental,6,2,4
Sid,frostmourne,192,shaman,elemental,6,2,4
Dadadabang,frostmourne,192,shaman,elemental,6,2,4
Tampíco,ragnaros,192,shaman,elemental,6,2,4
Krilick,blackrock,192,shaman,elemental,6,2,4
Bigbadbolt,malganis,192,shaman,elemental,6,2,4
Sgorr,illidan,192,shaman,elemental,6,2,4
Withinfinity,stormrage,192,shaman,elemental,6,2,4
Jbahr,hyjal,192,shaman,elemental,6,2,4
Twistedteas,tichondrius,192,shaman,elemental,6,2,4
Britisy,stormrage,192,shaman,elemental,6,2,4
Funeropolis,stormrage,192,shaman,elemental,6,2,4
Dehsaw,illidan,192,shaman,elemental,6,2,4
Killtotem,illidan,192,shaman,elemental,6,2,4
Ínfected,azralon,192,shaman,elemental,6,2,4
Heniu,tichondrius,192,shaman,elemental,6,2,4
Wempa,moon-guard,192,shaman,elemental,6,2,4
Trizzeh,moon-guard,192,shaman,elemental,6,2,4
Praisegodx,stormrage,192,shaman,elemental,6,2,4
Hehew,kelthuzad,192,shaman,elemental,6,2,4
Pacapinchhit,azgalor,192,shaman,elemental,6,2,4
Zaxibow,area-52,192,shaman,elemental,6,2,4
Beazel,moon-guard,192,shaman,elemental,6,2,4
Gorillox,chogall,192,shaman,elemental,6,2,4
Ladash,ragnaros,192,shaman,elemental,6,2,4
Oriyani,sargeras,192,shaman,elemental,6,2,4
Kanbar,emerald-dream,192,shaman,elemental,6,2,4
Sumyl,ragnaros,192,shaman,elemental,6,2,4
Matzahmeal,skywall,192,shaman,elemental,6,2,4
Pãníç,bladefist,192,shaman,elemental,6,2,4
Zeldrys,emerald-dream,192,shaman,elemental,6,2,4
Yangsangchu,tichondrius,192,shaman,elemental,6,2,4
Boodissy,tichondrius,192,shaman,elemental,6,2,4
Tuksha,alleria,192,shaman,elemental,6,2,4
Shåmwowz,sargeras,192,shaman,elemental,6,2,4
Deggle,frostwolf,192,shaman,elemental,6,2,4
Shamsky,tichondrius,192,shaman,elemental,6,2,4
Blastj,tichondrius,192,shaman,elemental,6,2,4
Saltywap,proudmoore,192,shaman,elemental,6,2,4
Yellowfev,thrall,192,shaman,elemental,6,2,4
Piffzorz,tichondrius,192,shaman,elemental,6,2,4
Manitbaggins,earthen-ring,192,shaman,elemental,6,2,4
Zuroster,kiljaeden,192,shaman,elemental,7,2,5
Fluffy,smolderthorn,192,shaman,elemental,12,2,10
Fulingyu,moon-guard,192,shaman,elemental,12,2,10
Jazzblast,tichondrius,192,shaman,elemental,12,2,10
Harrìson,tichondrius,192,shaman,elemental,12,2,10
Dtrumpx,tichondrius,192,shaman,elemental,12,2,10
Rìddles,malygos,192,shaman,elemental,12,2,10
Eleveil,emerald-dream,191,shaman,elemental,6,2,4
Stormsanta,emerald-dream,159,shaman,elemental,5,2,3
Hazzardttvz,illidan,159,shaman,elemental,5,2,3
Kidkovid,illidan,159,shaman,elemental,17,2,15
Uracemytotem,kiljaeden,138,shaman,elemental,10,3,7
Mynigabob,zuljin,128,shaman,elemental,4,2,2
Rahloo,sargeras,127,shaman,elemental,8,2,6
Rudoboy,ragnaros,96,shaman,elemental,6,1,5
Mugiwára,ragnaros,96,shaman,elemental,6,1,5
Teathin,ragnaros,96,shaman,elemental,6,1,5
Seanie,bleeding-hollow,96,shaman,elemental,6,1,5
Ripklanian,blood-furnace,96,shaman,elemental,6,1,5
Drmn,frostmourne,96,shaman,elemental,6,1,5
Whameradetu,suramar,96,shaman,elemental,6,1,5
Ludacrìtz,stormrage,96,shaman,elemental,6,1,5
Oohkillemm,silvermoon,96,shaman,elemental,6,1,5
Juicemcroose,zuljin,96,shaman,elemental,6,1,5
Oldshammy,eldrethalas,96,shaman,elemental,6,1,5
Stormklepter,fizzcrank,96,shaman,elemental,6,1,5
Bullcowsby,darkspear,96,shaman,elemental,6,1,5
Obiwonsamdi,illidan,96,shaman,elemental,6,1,5
Jalgago,tichondrius,96,shaman,elemental,6,1,5
Sinsar,illidan,96,shaman,elemental,6,1,5
Jedley,azshara,96,shaman,elemental,6,1,5
Gan,silvermoon,96,shaman,elemental,6,1,5
Succies,emerald-dream,96,shaman,elemental,6,1,5
Sparkyy,kelthuzad,96,shaman,elemental,6,1,5
Shøckys,tichondrius,96,shaman,elemental,6,1,5
Healsquish,area-52,96,shaman,elemental,6,1,5
Sàuron,tichondrius,96,shaman,elemental,6,1,5
Winiethepoöh,stormrage,96,shaman,elemental,6,1,5
Zral,emerald-dream,96,shaman,elemental,6,1,5
Toxidizetkö,azralon,96,shaman,elemental,6,1,5
Ëìê,tichondrius,96,shaman,elemental,18,1,17
Eleshamanz,tichondrius,79,shaman,elemental,5,1,4
Esbet,echo-isles,79,shaman,elemental,11,1,10
Mcstop,tanaris,64,shaman,elemental,4,1,3
Gurdle,frostwolf,48,shaman,elemental,3,1,2
Hentaistorm,kiljaeden,48,shaman,elemental,3,1,2
Fwwrs,illidan,31,shaman,elemental,2,1,1
Veggiess,emerald-dream,2194,shaman,enhancement,150,79,71
Aýanokoji,tichondrius,2152,shaman,enhancement,119,63,56
Alleys,tichondrius,2145,shaman,enhancement,165,84,81
Nopnopajnin,tichondrius,2135,shaman,enhancement,112,57,55
Doomwìnds,stormrage,2133,shaman,enhancement,132,76,56
Dopeysimida,illidan,2131,shaman,enhancement,76,50,26
Mítsurí,tichondrius,2121,shaman,enhancement,70,36,34
Ftyue,area-52,2116,shaman,enhancement,112,59,53
Stew,illidan,2111,shaman,enhancement,101,55,46
Pizzashaman,illidan,2077,shaman,enhancement,76,46,30
Baseballcap,sargeras,2070,shaman,enhancement,96,58,38
Rauthgar,dalaran,2060,shaman,enhancement,78,42,36
Opoy,sargeras,2054,shaman,enhancement,171,94,77
Lustingchery,area-52,2045,shaman,enhancement,57,38,19
Jimmyjobs,tichondrius,2027,shaman,enhancement,66,44,22
Axegerd,quelthalas,2016,shaman,enhancement,123,68,55
Realypump,area-52,2015,shaman,enhancement,78,42,36
Zarktwo,azralon,2009,shaman,enhancement,108,54,54
Wetdraenei,moon-guard,2005,shaman,enhancement,163,95,68
Musclebrain,tichondrius,1994,shaman,enhancement,120,57,63
Futeuncle,tichondrius,1991,shaman,enhancement,54,28,26
Watergirl,thaurissan,1982,shaman,enhancement,92,51,41
Shakeys,tichondrius,1978,shaman,enhancement,65,40,25
Zarasvati,tichondrius,1978,shaman,enhancement,107,56,51
Saul,tichondrius,1969,shaman,enhancement,42,29,13
Zootywild,tichondrius,1963,shaman,enhancement,123,69,54
Grommi,proudmoore,1958,shaman,enhancement,172,86,86
Musclebrainz,tichondrius,1952,shaman,enhancement,54,26,28
Swrdfsh,tichondrius,1947,shaman,enhancement,120,66,54
Beañ,barthilas,1933,shaman,enhancement,177,95,82
Superc094E5D,altar-of-storms,1925,shaman,enhancement,80,46,34
Eityhdz,tichondrius,1925,shaman,enhancement,293,154,139
Imchuckbass,tichondrius,1923,shaman,enhancement,98,51,47
Jayhastotems,area-52,1918,shaman,enhancement,90,67,23
Skydre,area-52,1916,shaman,enhancement,47,28,19
Smxxn,tichondrius,1913,shaman,enhancement,66,31,35
Heisna,stormrage,1904,shaman,enhancement,196,111,85
Balgron,emerald-dream,1902,shaman,enhancement,46,23,23
Ohmálley,tichondrius,1901,shaman,enhancement,56,36,20
Oosheratchet,illidan,1896,shaman,enhancement,52,36,16
Kushnations,chogall,1896,shaman,enhancement,36,20,16
Doomberrie,thrall,1890,shaman,enhancement,66,42,24
Dano,tichondrius,1887,shaman,enhancement,42,24,18
Shk,illidan,1878,shaman,enhancement,54,32,22
Plsnerfret,stormrage,1876,shaman,enhancement,48,33,15
Rozboiclique,frostmourne,1875,shaman,enhancement,126,84,42
Stormrageman,tichondrius,1875,shaman,enhancement,81,49,32
Zanderpla,kelthuzad,1856,shaman,enhancement,60,35,25
Ogeezkush,zuljin,1855,shaman,enhancement,71,46,25
Bestshamus,sargeras,1855,shaman,enhancement,63,37,26
Proctopus,moon-guard,1855,shaman,enhancement,88,47,41
Lavitris,illidan,1854,shaman,enhancement,42,29,13
Mcshockturds,tichondrius,1848,shaman,enhancement,89,55,34
Rawdòggin,emerald-dream,1844,shaman,enhancement,42,30,12
Xakaeri,hyjal,1844,shaman,enhancement,60,36,24
Vanhalestorm,frostmourne,1841,shaman,enhancement,58,30,28
Artenior,stormrage,1841,shaman,enhancement,89,44,45
Megalithic,moon-guard,1840,shaman,enhancement,62,44,18
Ishano,area-52,1839,shaman,enhancement,48,23,25
Xibalba,khaz-modan,1836,shaman,enhancement,42,31,11
Kiddfurious,kelthuzad,1826,shaman,enhancement,42,21,21
Shamanabuser,illidan,1825,shaman,enhancement,60,27,33
Blueraccoon,tichondrius,1821,shaman,enhancement,57,35,22
Hooftoface,moon-guard,1821,shaman,enhancement,72,40,32
Gladdorta,azralon,1821,shaman,enhancement,54,30,24
Whírlwínd,area-52,1818,shaman,enhancement,30,19,11
Undertów,area-52,1818,shaman,enhancement,42,24,18
Temar,sargeras,1817,shaman,enhancement,63,42,21
Harrypotqueu,zuljin,1817,shaman,enhancement,54,29,25
Thrallas,frostmourne,1814,shaman,enhancement,54,33,21
Louiev,bleeding-hollow,1812,shaman,enhancement,48,28,20
Legendslayar,area-52,1811,shaman,enhancement,42,27,15
Typhe,bleeding-hollow,1811,shaman,enhancement,30,19,11
Kltz,sargeras,1811,shaman,enhancement,35,21,14
Sassyx,steamwheedle-cartel,1810,shaman,enhancement,48,27,21
Bikboisteez,barthilas,1808,shaman,enhancement,92,47,45
Lashandtrash,tichondrius,1806,shaman,enhancement,30,19,11
Darkcnight,stormrage,1805,shaman,enhancement,36,26,10
Niuniudada,illidan,1805,shaman,enhancement,84,39,45
Madonion,zuljin,1803,shaman,enhancement,60,31,29
Landlordxx,area-52,1795,shaman,enhancement,52,32,20
Wautyriex,area-52,1783,shaman,enhancement,48,23,25
Nyckysh,illidan,1779,shaman,enhancement,46,29,17
Garai,emerald-dream,1778,shaman,enhancement,87,45,42
Stormnala,zuljin,1775,shaman,enhancement,30,21,9
Konfuzious,emerald-dream,1770,shaman,enhancement,99,57,42
Novedz,illidan,1767,shaman,enhancement,62,32,30
Wingshaman,illidan,1764,shaman,enhancement,166,92,74
Soshatsumi,tichondrius,1749,shaman,enhancement,76,42,34
Slapnarp,wyrmrest-accord,1747,shaman,enhancement,54,29,25
Btruez,tichondrius,1747,shaman,enhancement,54,29,25
Kalvishdam,dalaran,1746,shaman,enhancement,36,25,11
Elryl,sargeras,1743,shaman,enhancement,110,63,47
Metako,sargeras,1742,shaman,enhancement,41,24,17
Cammeez,area-52,1742,shaman,enhancement,51,27,24
Rukagar,barthilas,1741,shaman,enhancement,42,25,17
Spippippin,illidan,1738,shaman,enhancement,56,26,30
Windfury,chogall,1737,shaman,enhancement,54,26,28
Keyturn,tichondrius,1734,shaman,enhancement,42,19,23
Thromjin,ragnaros,1728,shaman,enhancement,42,30,12
Bbshock,stormrage,1727,shaman,enhancement,78,48,30
Windshearbøt,tichondrius,1723,shaman,enhancement,42,23,19
Døømsdáy,thrall,1713,shaman,enhancement,48,30,18
Thunderlaw,area-52,1704,shaman,enhancement,64,31,33
Wrathics,emerald-dream,1702,shaman,enhancement,60,32,28
Blakki,barthilas,1699,shaman,enhancement,48,29,19
Tastydonut,blackrock,1699,shaman,enhancement,41,24,17
Tdlz,tichondrius,1698,shaman,enhancement,62,41,21
Bitsuey,frostmourne,1698,shaman,enhancement,48,28,20
Halfzugzug,sargeras,1697,shaman,enhancement,30,21,9
Axelsteel,illidan,1697,shaman,enhancement,48,21,27
Stonetrog,blackrock,1695,shaman,enhancement,24,19,5
Reflexsivx,malganis,1694,shaman,enhancement,42,27,15
Xiaoxiaoxi,tichondrius,1694,shaman,enhancement,42,23,19
Miketideson,proudmoore,1693,shaman,enhancement,72,38,34
Zappithorus,stormrage,1691,shaman,enhancement,36,24,12
Electricity,tichondrius,1691,shaman,enhancement,67,27,40
Pla,tichondrius,1689,shaman,enhancement,125,73,52
Shamezee,stormreaver,1689,shaman,enhancement,47,22,25
Jàro,thrall,1688,shaman,enhancement,42,20,22
Xaltas,moon-guard,1685,shaman,enhancement,42,29,13
Vortexfury,area-52,1682,shaman,enhancement,42,20,22
Turdfergesen,destromath,1681,shaman,enhancement,48,23,25
Ðr,earthen-ring,1680,shaman,enhancement,80,49,31
Hallofcost,illidan,1674,shaman,enhancement,42,27,15
Bòómz,stormrage,1669,shaman,enhancement,94,44,50
Cowaii,illidan,1667,shaman,enhancement,42,23,19
Onlyshams,dalaran,1666,shaman,enhancement,36,22,14
Asumo,azralon,1665,shaman,enhancement,33,19,14
Plzbuffme,dalaran,1664,shaman,enhancement,50,31,19
Timzero,tichondrius,1659,shaman,enhancement,36,22,14
Windflex,emerald-dream,1656,shaman,enhancement,68,34,34
Crowns,tichondrius,1649,shaman,enhancement,42,18,24
Haishoe,stormrage,1647,shaman,enhancement,46,28,18
Judgeesham,bleeding-hollow,1647,shaman,enhancement,45,23,22
Askpuntee,sargeras,1635,shaman,enhancement,42,25,17
Lavamon,illidan,1631,shaman,enhancement,48,26,22
Tettnanger,azralon,1630,shaman,enhancement,31,19,12
Slashpity,stormrage,1630,shaman,enhancement,63,33,30
Antek,quelthalas,1626,shaman,enhancement,108,61,47
Hxzard,stormrage,1626,shaman,enhancement,36,17,19
Åvarice,shattered-halls,1626,shaman,enhancement,54,22,32
Muisor,quelthalas,1625,shaman,enhancement,36,19,17
Ceasebelief,tichondrius,1619,shaman,enhancement,30,21,9
Deyodin,illidan,1619,shaman,enhancement,26,18,8
Shamgawd,illidan,1617,shaman,enhancement,36,20,16
Keeba,wyrmrest-accord,1615,shaman,enhancement,36,21,15
Stýlébéñdér,kelthuzad,1613,shaman,enhancement,24,17,7
Yakora,stormrage,1613,shaman,enhancement,36,22,14
Poizele,tichondrius,1608,shaman,enhancement,232,129,103
Robdaman,tichondrius,1607,shaman,enhancement,24,18,6
Ëxceeder,ragnaros,1606,shaman,enhancement,36,20,16
Turbowolf,sargeras,1606,shaman,enhancement,56,23,33
Kindaretro,tichondrius,1605,shaman,enhancement,42,27,15
Shamom,silver-hand,1605,shaman,enhancement,88,51,37
Zavar,tichondrius,1604,shaman,enhancement,53,29,24
Orkuss,illidan,1602,shaman,enhancement,36,19,17
Gìmli,tichondrius,1602,shaman,enhancement,41,21,20
Beaviis,frostmourne,1601,shaman,enhancement,30,20,10
Shamanees,area-52,1597,shaman,enhancement,88,44,44
Eyecandi,barthilas,1596,shaman,enhancement,52,27,25
Smash,fenris,1596,shaman,enhancement,76,38,38
Aibheit,area-52,1592,shaman,enhancement,24,22,2
Gorillahazed,tichondrius,1590,shaman,enhancement,72,34,38
Iamashaman,malganis,1586,shaman,enhancement,272,131,141
Sonofabat,spirestone,1580,shaman,enhancement,46,24,22
Venmoo,illidan,1576,shaman,enhancement,36,18,18
Harrìson,tichondrius,1575,shaman,enhancement,29,17,12
Flirstatic,nemesis,1573,shaman,enhancement,65,40,25
Gambazzlok,terokkar,1573,shaman,enhancement,42,25,17
Zeroshocks,kelthuzad,1572,shaman,enhancement,30,19,11
Drakhe,proudmoore,1572,shaman,enhancement,44,25,19
Ràntòn,bleeding-hollow,1571,shaman,enhancement,29,19,10
Arlikai,arthas,1571,shaman,enhancement,41,17,24
Nÿh,quelthalas,1569,shaman,enhancement,48,27,21
Alablast,malganis,1568,shaman,enhancement,30,18,12
Wortwort,tichondrius,1568,shaman,enhancement,66,33,33
Smartbunny,illidan,1568,shaman,enhancement,174,86,88
Shmnsm,kiljaeden,1565,shaman,enhancement,42,18,24
Jerykco,drakkari,1564,shaman,enhancement,30,18,12
Uracemytotem,kiljaeden,1562,shaman,enhancement,84,51,33
Dcg,hyjal,1555,shaman,enhancement,35,17,18
Cayed,stormscale,1553,shaman,enhancement,72,38,34
Elementin,kelthuzad,1553,shaman,enhancement,60,30,30
Ironaddictz,kiljaeden,1551,shaman,enhancement,36,20,16
Beaversniper,tichondrius,1549,shaman,enhancement,42,20,22
Montí,moon-guard,1547,shaman,enhancement,78,50,28
Totemnikiel,stormrage,1544,shaman,enhancement,66,28,38
Grx,tichondrius,1539,shaman,enhancement,41,22,19
Small,alleria,1538,shaman,enhancement,60,32,28
Derzwaz,draka,1532,shaman,enhancement,29,17,12
Larrylardazz,tichondrius,1529,shaman,enhancement,85,51,34
Thuntard,bleeding-hollow,1528,shaman,enhancement,36,16,20
Loadiez,frostmourne,1527,shaman,enhancement,30,21,9
Toobeastly,deathwing,1526,shaman,enhancement,30,17,13
Speedrush,nagrand,1520,shaman,enhancement,26,18,8
Dankthunda,stormrage,1517,shaman,enhancement,66,37,29
Chalked,stormrage,1516,shaman,enhancement,90,46,44
Mindfields,barthilas,1511,shaman,enhancement,67,38,29
Hehew,kelthuzad,1508,shaman,enhancement,42,26,16
Deshamann,illidan,1507,shaman,enhancement,59,24,35
Kronkxd,malganis,1501,shaman,enhancement,30,16,14
Justincasé,sargeras,1494,shaman,enhancement,48,22,26
Nøname,azshara,1493,shaman,enhancement,96,44,52
Hephron,area-52,1493,shaman,enhancement,72,32,40
Quakenbake,emerald-dream,1491,shaman,enhancement,33,20,13
Scrototëm,azralon,1485,shaman,enhancement,45,24,21
Ragnarocck,sargeras,1479,shaman,enhancement,75,36,39
Thewindman,sargeras,1478,shaman,enhancement,42,18,24
Lakindrentv,gorefiend,1467,shaman,enhancement,30,17,13
Khormac,moon-guard,1464,shaman,enhancement,46,31,15
Earthfirex,ragnaros,1455,shaman,enhancement,30,16,14
Clenlift,emerald-dream,1451,shaman,enhancement,54,31,23
Calich,kelthuzad,1445,shaman,enhancement,38,23,15
Mudroller,moon-guard,1445,shaman,enhancement,46,22,24
Atthegates,illidan,1445,shaman,enhancement,72,27,45
Split,zuljin,1441,shaman,enhancement,118,63,55
Jazzlightnin,tichondrius,1438,shaman,enhancement,24,15,9
Tamtam,gorefiend,1438,shaman,enhancement,24,15,9
Algresh,muradin,1437,shaman,enhancement,30,15,15
Forksin,tichondrius,1437,shaman,enhancement,30,15,15
Qvibin,tichondrius,1435,shaman,enhancement,30,21,9
Daddyzap,stormrage,1435,shaman,enhancement,98,54,44
Dalianyen,bladefist,1435,shaman,enhancement,30,15,15
Däbü,tichondrius,1435,shaman,enhancement,30,15,15
Shockmehard,area-52,1433,shaman,enhancement,47,41,6
Cwippin,proudmoore,1433,shaman,enhancement,78,39,39
Shamwows,dalaran,1433,shaman,enhancement,82,36,46
Iamurfather,magtheridon,1432,shaman,enhancement,53,27,26
Struck,emerald-dream,1430,shaman,enhancement,60,39,21
Shamikazi,crushridge,1430,shaman,enhancement,65,35,30
Boboyaga,emerald-dream,1429,shaman,enhancement,30,15,15
Convolutedx,tichondrius,1427,shaman,enhancement,30,15,15
Ventus,thrall,1427,shaman,enhancement,48,22,26
Krovn,stormrage,1426,shaman,enhancement,30,15,15
Getacho,stormrage,1426,shaman,enhancement,48,20,28
Rexoss,hyjal,1422,shaman,enhancement,91,46,45
Silyshamshyt,stormrage,1421,shaman,enhancement,24,15,9
Mixn,frostmourne,1421,shaman,enhancement,39,24,15
Shamann,azshara,1421,shaman,enhancement,51,27,24
ßurstmedaddy,bleeding-hollow,1420,shaman,enhancement,24,17,7
Mybadshawty,tichondrius,1419,shaman,enhancement,55,26,29
Stubbywayne,area-52,1415,shaman,enhancement,58,26,32
Krûde,tichondrius,1413,shaman,enhancement,59,32,27
Lazugga,area-52,1410,shaman,enhancement,63,35,28
Armønixx,ragnaros,1410,shaman,enhancement,78,42,36
Trashfarmer,tichondrius,1409,shaman,enhancement,36,17,19
Fhenh,proudmoore,1408,shaman,enhancement,64,35,29
Dashmmy,dalaran,1404,shaman,enhancement,30,15,15
Surtel,tichondrius,1401,shaman,enhancement,66,28,38
Raazzasham,moon-guard,1398,shaman,enhancement,60,31,29
Amasaei,bleeding-hollow,1397,shaman,enhancement,48,21,27
Firevag,hakkar,1395,shaman,enhancement,54,31,23
Djelemental,darkspear,1394,shaman,enhancement,27,17,10
Dugomik,malganis,1394,shaman,enhancement,34,19,15
Zktz,warsong,1385,shaman,enhancement,31,17,14
Shipmatekev,sargeras,1384,shaman,enhancement,30,17,13
Gettatotem,frostmourne,1373,shaman,enhancement,30,17,13
Shamrockcawk,malganis,1372,shaman,enhancement,30,21,9
Mackandal,tichondrius,1372,shaman,enhancement,36,16,20
Prymalfury,illidan,1368,shaman,enhancement,78,36,42
Tyzek,illidan,1363,shaman,enhancement,36,22,14
Lüca,wyrmrest-accord,1362,shaman,enhancement,100,52,48
Uglykunt,barthilas,1360,shaman,enhancement,90,52,38
Grohltusk,barthilas,1360,shaman,enhancement,42,24,18
Rbmx,frostmourne,1355,shaman,enhancement,46,28,18
Drumman,skullcrusher,1346,shaman,enhancement,70,39,31
Keyturns,tichondrius,1342,shaman,enhancement,18,14,4
Heäven,malganis,1342,shaman,enhancement,86,42,44
Tsaheylu,barthilas,1342,shaman,enhancement,48,22,26
Kaediea,moon-guard,1341,shaman,enhancement,18,14,4
Hagass,tichondrius,1341,shaman,enhancement,38,18,20
Stickysham,illidan,1339,shaman,enhancement,24,16,8
Stormgraves,moon-guard,1337,shaman,enhancement,24,14,10
Tandrian,daggerspine,1336,shaman,enhancement,30,14,16
Stormbash,ragnaros,1336,shaman,enhancement,36,14,22
Thromir,blackwing-lair,1333,shaman,enhancement,30,17,13
Thunda,black-dragonflight,1331,shaman,enhancement,18,14,4
Eliteshamann,tichondrius,1330,shaman,enhancement,24,14,10
Johnwilke,area-52,1327,shaman,enhancement,107,52,55
Hurrikaine,dalaran,1325,shaman,enhancement,30,14,16
Atroll,moonrunner,1325,shaman,enhancement,36,16,20
Bessame,sargeras,1320,shaman,enhancement,82,41,41
Taò,tichondrius,1315,shaman,enhancement,51,27,24
Deemmorti,stormrage,1311,shaman,enhancement,28,15,13
Raylord,ragnaros,1311,shaman,enhancement,77,41,36
Obeilius,illidan,1303,shaman,enhancement,49,25,24
Rokogg,thrall,1296,shaman,enhancement,87,46,41
Vapus,area-52,1294,shaman,enhancement,89,47,42
Murlook,sargeras,1292,shaman,enhancement,58,37,21
Mairn,tichondrius,1282,shaman,enhancement,42,20,22
Boombigshaq,ysera,1279,shaman,enhancement,20,14,6
Deathjoker,icecrown,1279,shaman,enhancement,48,26,22
Midwestern,emerald-dream,1278,shaman,enhancement,26,14,12
Zechary,proudmoore,1273,shaman,enhancement,54,33,21
Jäyp,thrall,1270,shaman,enhancement,30,14,16
Datblueboi,dalaran,1263,shaman,enhancement,76,39,37
Gorebog,feathermoon,1259,shaman,enhancement,42,23,19
Robis,thrall,1254,shaman,enhancement,48,23,25
Holosoul,bleeding-hollow,1254,shaman,enhancement,67,27,40
Piffenstien,malganis,1252,shaman,enhancement,36,15,21
Nygiants,tichondrius,1247,shaman,enhancement,18,13,5
Woof,agamaggan,1238,shaman,enhancement,24,13,11
Synivabyatch,eonar,1238,shaman,enhancement,24,13,11
Makocc,tichondrius,1233,shaman,enhancement,32,13,19
Willy,icecrown,1230,shaman,enhancement,23,13,10
Scrötotem,saurfang,1229,shaman,enhancement,24,13,11
Djasura,blackhand,1228,shaman,enhancement,35,15,20
Lamagra,nemesis,1227,shaman,enhancement,18,13,5
Tyven,tichondrius,1227,shaman,enhancement,36,13,23
Netherfury,illidan,1224,shaman,enhancement,51,28,23
Shámdemons,area-52,1222,shaman,enhancement,24,13,11
Gdiafplox,thunderhorn,1213,shaman,enhancement,42,22,20
Hammeredd,hyjal,1212,shaman,enhancement,36,18,18
Vozs,proudmoore,1203,shaman,enhancement,54,30,24
Shamorrhoids,frostmourne,1203,shaman,enhancement,71,36,35
Sinsar,illidan,1200,shaman,enhancement,35,13,22
Enhancementz,azralon,1174,shaman,enhancement,68,37,31
Finnaburstt,tichondrius,1162,shaman,enhancement,54,29,25
Parallels,blackrock,1161,shaman,enhancement,45,16,29
Splendapapi,stormrage,1155,shaman,enhancement,38,13,25
Anzet,ragnaros,1152,shaman,enhancement,18,12,6
Gangmember,shadowmoon,1152,shaman,enhancement,18,12,6
Jyupaonaiwa,tichondrius,1152,shaman,enhancement,18,12,6
Musclebrains,tichondrius,1152,shaman,enhancement,24,12,12
Crownsx,tichondrius,1152,shaman,enhancement,24,12,12
Stewtwo,illidan,1151,shaman,enhancement,21,12,9
Norlak,antonidas,1151,shaman,enhancement,24,12,12
Lutheran,dragonmaw,1151,shaman,enhancement,35,14,21
Anadal,kargath,1150,shaman,enhancement,30,12,18
Täcti,tichondrius,1147,shaman,enhancement,24,12,12
Olíndo,tichondrius,1146,shaman,enhancement,18,12,6
Cowely,madoran,1144,shaman,enhancement,18,12,6
Shoresy,kaelthas,1143,shaman,enhancement,24,12,12
Hanhze,quelthalas,1142,shaman,enhancement,24,15,9
Nîghtstalker,vashj,1142,shaman,enhancement,40,16,24
Fourstorms,gundrak,1141,shaman,enhancement,37,19,18
Synshenrongt,thrall,1140,shaman,enhancement,154,63,91
Sydstorm,frostmourne,1137,shaman,enhancement,18,12,6
Skyzik,area-52,1133,shaman,enhancement,18,12,6
Whydead,sargeras,1133,shaman,enhancement,24,12,12
Zzar,daggerspine,1129,shaman,enhancement,24,12,12
Popz,dark-iron,1128,shaman,enhancement,18,12,6
ßøn,altar-of-storms,1125,shaman,enhancement,33,16,17
Astroglyde,emerald-dream,1123,shaman,enhancement,24,12,12
Drokron,azralon,1118,shaman,enhancement,30,14,16
Schlemiel,barthilas,1112,shaman,enhancement,82,36,46
Lassoway,illidan,1110,shaman,enhancement,30,12,18
Hannibol,tichondrius,1108,shaman,enhancement,60,22,38
Ashida,stormrage,1086,shaman,enhancement,26,14,12
Pùffball,anvilmar,1068,shaman,enhancement,45,25,20
Shamgødx,dalaran,1056,shaman,enhancement,12,11,1
Gamergirlx,area-52,1056,shaman,enhancement,18,11,7
Pedaphil,frostmourne,1056,shaman,enhancement,18,11,7
Nomoreswap,zuljin,1055,shaman,enhancement,12,11,1
Leaning,wyrmrest-accord,1055,shaman,enhancement,18,11,7
Shampowl,jaedenar,1055,shaman,enhancement,24,11,13
Möuthbläster,malganis,1054,shaman,enhancement,12,11,1
Adalid,thrall,1054,shaman,enhancement,12,11,1
Olxsixsm,illidan,1054,shaman,enhancement,18,11,7
Peepingtotem,tichondrius,1052,shaman,enhancement,24,11,13
Thilv,ravenholdt,1051,shaman,enhancement,18,11,7
Elementalïst,durotan,1051,shaman,enhancement,18,11,7
Friednocap,kelthuzad,1051,shaman,enhancement,24,11,13
Kungfuvoodoo,tichondrius,1050,shaman,enhancement,18,11,7
Dronesum,tichondrius,1050,shaman,enhancement,24,11,13
Svddëndëath,sargeras,1046,shaman,enhancement,48,15,33
Leschaises,skullcrusher,1044,shaman,enhancement,18,11,7
Jamblee,sargeras,1043,shaman,enhancement,18,11,7
Dirtyunique,tichondrius,1043,shaman,enhancement,24,11,13
Onezap,trollbane,1042,shaman,enhancement,24,11,13
Trulos,stormrage,1041,shaman,enhancement,18,11,7
Cseril,bonechewer,1041,shaman,enhancement,59,32,27
Bobaflexqt,korgath,1039,shaman,enhancement,18,11,7
Killbro,blackrock,1038,shaman,enhancement,30,11,19
Zalkran,area-52,1034,shaman,enhancement,24,15,9
Sevare,area-52,1023,shaman,enhancement,21,12,9
Omaguap,tichondrius,1019,shaman,enhancement,20,12,8
Stormwolf,azjolnerub,1011,shaman,enhancement,30,16,14
Bigbólts,emerald-dream,1001,shaman,enhancement,18,12,6
Stroheim,warsong,1000,shaman,enhancement,21,12,9
Poseidonxd,lightbringer,1000,shaman,enhancement,23,13,10
Nankdug,tichondrius,1000,shaman,enhancement,21,11,10
Neyavv,tichondrius,1000,shaman,enhancement,27,12,15
Slaughterdog,coilfang,995,shaman,enhancement,22,13,9
Shammybreakx,malganis,971,shaman,enhancement,35,20,15
Clumpen,thunderhorn,964,shaman,enhancement,23,11,12
Mcb,barthilas,960,shaman,enhancement,18,10,8
Enhance,sargeras,960,shaman,enhancement,18,10,8
Beanerburst,frostwolf,960,shaman,enhancement,24,11,13
Zatchbell,lightnings-blade,960,shaman,enhancement,30,13,17
Pwnôgraphy,kelthuzad,959,shaman,enhancement,12,10,2
Syraak,elune,959,shaman,enhancement,12,10,2
Vonnsmallpp,area-52,959,shaman,enhancement,18,10,8
Unezx,tichondrius,958,shaman,enhancement,12,10,2
Ggsggs,akama,958,shaman,enhancement,18,10,8
Clappadactyl,frostmourne,958,shaman,enhancement,18,10,8
Tootshock,illidan,958,shaman,enhancement,24,10,14
Leotis,tichondrius,957,shaman,enhancement,18,10,8
Raxabico,nemesis,957,shaman,enhancement,24,10,14
Kandin,icecrown,957,shaman,enhancement,24,10,14
Lavabone,dalaran,957,shaman,enhancement,30,10,20
Harvesting,azralon,956,shaman,enhancement,24,10,14
Súrtr,sargeras,955,shaman,enhancement,18,10,8
Teeroll,frostmourne,954,shaman,enhancement,18,10,8
Aelpian,emerald-dream,954,shaman,enhancement,18,10,8
Beardcramps,tichondrius,954,shaman,enhancement,30,10,20
Argrax,sargeras,946,shaman,enhancement,18,10,8
Iamegirl,moon-guard,935,shaman,enhancement,23,10,13
Hazak,nemesis,930,shaman,enhancement,24,10,14
Çhïcagø,aegwynn,928,shaman,enhancement,16,10,6
Konga,korialstrasz,924,shaman,enhancement,20,11,9
Thanwirn,ragnaros,924,shaman,enhancement,30,13,17
Rongkhan,tichondrius,921,shaman,enhancement,17,10,7
Oct,thrall,912,shaman,enhancement,36,18,18
Grimlên,skullcrusher,910,shaman,enhancement,32,12,20
Fwwrs,illidan,905,shaman,enhancement,20,11,9
Djshammy,barthilas,904,shaman,enhancement,22,12,10
Ongruge,hyjal,895,shaman,enhancement,54,19,35
Dashinra,stormrage,890,shaman,enhancement,20,10,10
Kamíhameha,stormrage,879,shaman,enhancement,32,11,21
Deixw,tichondrius,864,shaman,enhancement,12,9,3
Bjorengahr,emerald-dream,864,shaman,enhancement,12,9,3
Lickerman,stormreaver,863,shaman,enhancement,12,9,3
Biubiuz,tichondrius,863,shaman,enhancement,12,9,3
Dalsun,turalyon,863,shaman,enhancement,18,9,9
Hellamental,malganis,863,shaman,enhancement,18,9,9
Chaac,firetree,863,shaman,enhancement,18,9,9
Rubious,cenarius,863,shaman,enhancement,19,9,10
Shabenn,proudmoore,863,shaman,enhancement,24,9,15
Okkoto,malfurion,862,shaman,enhancement,12,9,3
Îvôry,bloodhoof,862,shaman,enhancement,18,9,9
Gorgrom,thunderlord,861,shaman,enhancement,12,9,3
Dilfmaster,tichondrius,861,shaman,enhancement,21,10,11
Mullten,sargeras,859,shaman,enhancement,18,9,9
Rikswordfire,wyrmrest-accord,859,shaman,enhancement,18,9,9
Whichdoctah,proudmoore,858,shaman,enhancement,24,9,15
Spiderjohn,sargeras,851,shaman,enhancement,18,9,9
Pingatronx,ragnaros,849,shaman,enhancement,19,12,7
Hordeymaori,jubeithos,838,shaman,enhancement,18,9,9
Googurt,barthilas,831,shaman,enhancement,17,9,8
Britisy,stormrage,825,shaman,enhancement,24,10,14
Thorael,borean-tundra,798,shaman,enhancement,11,9,2
Shomani,madoran,798,shaman,enhancement,23,9,14
Earthlsflat,tichondrius,781,shaman,enhancement,13,9,4
Gatorwaves,bleeding-hollow,768,shaman,enhancement,12,8,4
Onamakawash,black-dragonflight,768,shaman,enhancement,12,8,4
Mobiediqônú,skywall,768,shaman,enhancement,12,8,4
Gorgonash,magtheridon,768,shaman,enhancement,12,8,4
Crøwgød,tichondrius,768,shaman,enhancement,12,8,4
Riptiedx,barthilas,768,shaman,enhancement,12,8,4
Dalthragoz,tichondrius,768,shaman,enhancement,12,8,4
Valkriie,tichondrius,768,shaman,enhancement,12,8,4
Ennoku,khadgar,768,shaman,enhancement,12,8,4
Totemclass,bleeding-hollow,768,shaman,enhancement,12,8,4
Arázi,wyrmrest-accord,768,shaman,enhancement,18,8,10
Sethbrogen,vashj,768,shaman,enhancement,18,8,10
Pinechanga,ragnaros,768,shaman,enhancement,18,8,10
Killavicious,area-52,768,shaman,enhancement,18,8,10
Balldo,stormrage,768,shaman,enhancement,24,8,16
Elevatezxo,stormrage,767,shaman,enhancement,12,8,4
Popsmoke,gnomeregan,767,shaman,enhancement,12,8,4
Keroh,blackrock,767,shaman,enhancement,12,8,4
Blasho,ragnaros,767,shaman,enhancement,12,8,4
Faultline,khadgar,767,shaman,enhancement,12,8,4
Sparkqt,sargeras,767,shaman,enhancement,12,8,4
Isbabani,moon-guard,767,shaman,enhancement,12,8,4
Cuban,kelthuzad,767,shaman,enhancement,18,8,10
Volrog,magtheridon,767,shaman,enhancement,18,8,10
Finaplex,spirestone,767,shaman,enhancement,18,8,10
Chamxz,ragnaros,766,shaman,enhancement,12,8,4
Borwald,dalaran,766,shaman,enhancement,18,8,10
Orendail,jubeithos,758,shaman,enhancement,24,8,16
Shimshak,destromath,756,shaman,enhancement,18,8,10
Dedlystorm,dalaran,754,shaman,enhancement,12,8,4
Kumu,stormscale,735,shaman,enhancement,11,8,3
Ryb,sargeras,735,shaman,enhancement,14,9,5
Radan,kelthuzad,735,shaman,enhancement,17,8,9
Jackofstorms,veknilash,734,shaman,enhancement,20,9,11
Dàfèng,wyrmrest-accord,719,shaman,enhancement,23,8,15
Blackshami,quelthalas,718,shaman,enhancement,18,8,10
Pwnskillz,area-52,712,shaman,enhancement,17,8,9
Àspec,aegwynn,704,shaman,enhancement,10,8,2
Psilocypher,nazjatar,700,shaman,enhancement,14,8,6
Rtÿo,area-52,672,shaman,enhancement,12,7,5
Goondruka,area-52,672,shaman,enhancement,12,7,5
Marginalized,tichondrius,672,shaman,enhancement,12,7,5
Napski,cenarius,672,shaman,enhancement,12,7,5
Overpowered,korgath,672,shaman,enhancement,12,7,5
Lividelement,area-52,672,shaman,enhancement,12,7,5
Jofstrom,tichondrius,672,shaman,enhancement,12,7,5
Vlal,tichondrius,672,shaman,enhancement,12,7,5
Asy,tichondrius,672,shaman,enhancement,12,7,5
Peynful,shadowsong,672,shaman,enhancement,12,7,5
Shearx,illidan,672,shaman,enhancement,12,7,5
Flukz,nazjatar,672,shaman,enhancement,12,7,5
Shockshack,illidan,672,shaman,enhancement,12,7,5
Bodai,magtheridon,672,shaman,enhancement,12,7,5
Yaytotems,sargeras,672,shaman,enhancement,12,7,5
Shokaria,frostwolf,672,shaman,enhancement,17,8,9
Hecks,malorne,672,shaman,enhancement,18,7,11
Raywhiter,tichondrius,672,shaman,enhancement,22,8,14
Hexondabeach,barthilas,671,shaman,enhancement,12,7,5
Roysoy,stormrage,671,shaman,enhancement,12,7,5
Checkmâte,emerald-dream,671,shaman,enhancement,12,7,5
Gaelfury,malganis,671,shaman,enhancement,18,7,11
Gwyste,moon-guard,671,shaman,enhancement,18,7,11
Zald,shattered-halls,671,shaman,enhancement,18,7,11
Nondracil,ragnaros,671,shaman,enhancement,18,7,11
Dimitrio,azralon,671,shaman,enhancement,18,7,11
Velekar,moon-guard,671,shaman,enhancement,21,8,13
Slowgrath,burning-legion,670,shaman,enhancement,12,7,5
Drewshammy,zuljin,670,shaman,enhancement,12,7,5
Totesmagotes,scilla,670,shaman,enhancement,12,7,5
Kigorami,nerzhul,670,shaman,enhancement,18,7,11
Orcgirth,kiljaeden,670,shaman,enhancement,21,8,13
Allmeatie,hyjal,669,shaman,enhancement,12,7,5
Vladd,hellscream,669,shaman,enhancement,18,7,11
Helljumper,illidan,669,shaman,enhancement,21,8,13
Blaçktide,thrall,665,shaman,enhancement,12,7,5
Scams,bleeding-hollow,664,shaman,enhancement,12,7,5
Facebooksux,sargeras,657,shaman,enhancement,12,7,5
Orfelix,nemesis,656,shaman,enhancement,24,7,17
Shammich,vashj,655,shaman,enhancement,11,7,4
Darshidarsh,emerald-dream,640,shaman,enhancement,16,7,9
Wonima,tichondrius,639,shaman,enhancement,17,7,10
Chapope,quelthalas,637,shaman,enhancement,10,8,2
Rhagnar,warsong,623,shaman,enhancement,11,7,4
Zmogon,quelthalas,607,shaman,enhancement,20,7,13
Eanne,moon-guard,592,shaman,enhancement,19,7,12
Totegoat,nazjatar,576,shaman,enhancement,6,6,0
Eletastic,tichondrius,576,shaman,enhancement,6,6,0
Pikoom,tichondrius,576,shaman,enhancement,6,6,0
Ambevsulfr,deathwing,576,shaman,enhancement,6,6,0
Ftierspec,frostmourne,576,shaman,enhancement,6,6,0
Troxigan,ragnaros,576,shaman,enhancement,12,6,6
Owtyobwol,area-52,576,shaman,enhancement,12,6,6
Ginjij,thrall,576,shaman,enhancement,12,6,6
Uggoluga,dalaran,576,shaman,enhancement,12,6,6
Ephraalin,frostmourne,576,shaman,enhancement,12,6,6
Enhpower,area-52,576,shaman,enhancement,12,6,6
Kyzen,tichondrius,576,shaman,enhancement,12,6,6
Kêtchpup,wyrmrest-accord,576,shaman,enhancement,12,6,6
Zapnclap,tichondrius,576,shaman,enhancement,12,6,6
Scarlo,bleeding-hollow,576,shaman,enhancement,12,6,6
Crucybletv,korgath,576,shaman,enhancement,12,6,6
Léxar,sargeras,576,shaman,enhancement,12,6,6
Fischerman,barthilas,576,shaman,enhancement,12,6,6
Yâmz,area-52,576,shaman,enhancement,16,7,9
Groovesh,thrall,576,shaman,enhancement,14,6,8
Ferdashock,tichondrius,576,shaman,enhancement,18,6,12
Volsdeep,illidan,576,shaman,enhancement,18,6,12
Naextramus,ragnaros,575,shaman,enhancement,12,6,6
Somethingdop,sargeras,575,shaman,enhancement,12,6,6
Nuofu,illidan,575,shaman,enhancement,16,7,9
Gundar,chogall,575,shaman,enhancement,18,6,12
Talfur,area-52,575,shaman,enhancement,18,6,12
Møp,spirestone,575,shaman,enhancement,18,6,12
Zeebouzy,illidan,575,shaman,enhancement,18,6,12
Bloodytotemz,emerald-dream,574,shaman,enhancement,12,6,6
Golkork,quelthalas,574,shaman,enhancement,12,6,6
Xapoxy,nemesis,574,shaman,enhancement,12,6,6
Obrahma,burning-legion,574,shaman,enhancement,12,6,6
Windfuryshm,emerald-dream,573,shaman,enhancement,12,6,6
Fadesrp,moon-guard,571,shaman,enhancement,12,6,6
Charr,nemesis,571,shaman,enhancement,12,6,6
Cunkinator,stormrage,527,shaman,enhancement,9,7,2
Tukkutz,moon-guard,526,shaman,enhancement,15,6,9
Noveske,arthas,522,shaman,enhancement,15,7,8
Monadazs,ragnaros,511,shaman,enhancement,8,6,2
Zaxibow,area-52,496,shaman,enhancement,19,6,13
Fiercegoblin,drakkari,493,shaman,enhancement,19,6,13
Iava,dalaran,480,shaman,enhancement,6,5,1
Geeblast,area-52,480,shaman,enhancement,6,5,1
Bofah,draktharon,480,shaman,enhancement,6,5,1
Raídyn,sargeras,480,shaman,enhancement,6,5,1
Beatmán,blades-edge,480,shaman,enhancement,6,5,1
Nekorii,bleeding-hollow,480,shaman,enhancement,6,5,1
Daysub,crushridge,480,shaman,enhancement,6,5,1
Zappiiboii,malganis,480,shaman,enhancement,6,5,1
Tactíc,chromaggus,480,shaman,enhancement,6,5,1
Mynigabob,zuljin,480,shaman,enhancement,6,5,1
Nakamora,tichondrius,480,shaman,enhancement,6,5,1
Tigtotem,malganis,480,shaman,enhancement,6,5,1
Rokudo,dragonmaw,480,shaman,enhancement,6,5,1
Tizzl,kelthuzad,480,shaman,enhancement,6,5,1
Vöödooranger,stormrage,480,shaman,enhancement,6,5,1
Spencesham,sargeras,480,shaman,enhancement,12,5,7
Tiostroke,stormrage,480,shaman,enhancement,12,5,7
Loliqueenfae,illidan,480,shaman,enhancement,12,5,7
Gluestick,shadowmoon,480,shaman,enhancement,12,5,7
Matzahmeal,skywall,480,shaman,enhancement,12,5,7
Shometrin,tichondrius,480,shaman,enhancement,12,5,7
Scrototæm,area-52,480,shaman,enhancement,12,5,7
Kultirio,quelthalas,480,shaman,enhancement,12,5,7
Earthclap,tichondrius,480,shaman,enhancement,12,5,7
Soupi,illidan,480,shaman,enhancement,12,5,7
Aldinatir,ragnaros,480,shaman,enhancement,12,5,7
Macumbolo,nemesis,480,shaman,enhancement,12,5,7
Meatlog,dalaran,480,shaman,enhancement,12,5,7
Stankydad,tichondrius,480,shaman,enhancement,12,5,7
Fíren,area-52,480,shaman,enhancement,18,5,13
Tøtëm,tichondrius,480,shaman,enhancement,18,5,13
Gyokuken,stormrage,480,shaman,enhancement,18,5,13
Hazorele,nagrand,479,shaman,enhancement,12,5,7
Tugnar,ragnaros,479,shaman,enhancement,12,5,7
Shamvandám,kiljaeden,479,shaman,enhancement,15,5,10
Pockethealer,emerald-dream,479,shaman,enhancement,18,5,13
Trenbolone,maiev,478,shaman,enhancement,12,5,7
Brorogan,aerie-peak,478,shaman,enhancement,12,5,7
Enkkiz,ragnaros,477,shaman,enhancement,12,5,7
Baloneyfiveo,kiljaeden,447,shaman,enhancement,14,6,8
Curtrex,amanthul,431,shaman,enhancement,11,5,6
Cinderfury,magtheridon,384,shaman,enhancement,6,4,2
Yildiri,area-52,384,shaman,enhancement,6,4,2
Ryuuraix,area-52,384,shaman,enhancement,6,4,2
Måståçåstå,bleeding-hollow,384,shaman,enhancement,6,4,2
Rngena,trollbane,384,shaman,enhancement,6,4,2
Electrikz,moonrunner,384,shaman,enhancement,6,4,2
Katojune,tichondrius,384,shaman,enhancement,6,4,2
Utilitytotem,moon-guard,384,shaman,enhancement,6,4,2
Protoaster,tichondrius,384,shaman,enhancement,6,4,2
Lilpump,boulderfist,384,shaman,enhancement,6,4,2
Hooluu,frostmourne,384,shaman,enhancement,6,4,2
Shalkahn,malganis,384,shaman,enhancement,6,4,2
Angrytotems,ragnaros,384,shaman,enhancement,6,4,2
Ayahuaska,darkspear,384,shaman,enhancement,6,4,2
Shamcowhah,frostmourne,384,shaman,enhancement,6,4,2
Aureal,malganis,384,shaman,enhancement,6,4,2
Ezzroz,guldan,384,shaman,enhancement,6,4,2
Halajo,thrall,384,shaman,enhancement,6,4,2
Kylani,thrall,384,shaman,enhancement,6,4,2
Jènova,whisperwind,384,shaman,enhancement,6,4,2
Stormdancer,elune,384,shaman,enhancement,6,4,2
Slurslinger,area-52,384,shaman,enhancement,6,4,2
Lukora,stonemaul,384,shaman,enhancement,6,4,2
Agpx,tichondrius,384,shaman,enhancement,6,4,2
Shomminn,tichondrius,384,shaman,enhancement,6,4,2
Grimwind,tichondrius,384,shaman,enhancement,6,4,2
Bioshocked,korgath,384,shaman,enhancement,6,4,2
Mastrionilol,dragonmaw,384,shaman,enhancement,6,4,2
Sorgal,area-52,384,shaman,enhancement,6,4,2
Freyía,illidan,384,shaman,enhancement,6,4,2
Indaka,kiljaeden,384,shaman,enhancement,6,4,2
Gammacide,sargeras,384,shaman,enhancement,6,4,2
Bloudabadee,emerald-dream,384,shaman,enhancement,12,4,8
Gaurudon,zuljin,384,shaman,enhancement,12,4,8
Tictactotem,lothar,384,shaman,enhancement,12,4,8
Durozu,tichondrius,384,shaman,enhancement,12,4,8
Mercó,bleeding-hollow,384,shaman,enhancement,12,4,8
Greenydapooh,nerzhul,384,shaman,enhancement,12,4,8
Niteshammy,lothar,384,shaman,enhancement,12,4,8
Gangdan,emerald-dream,384,shaman,enhancement,12,4,8
Neeman,malganis,384,shaman,enhancement,12,4,8
Wagar,dawnbringer,384,shaman,enhancement,12,4,8
Vertrág,malganis,384,shaman,enhancement,12,4,8
Grimdil,moon-guard,384,shaman,enhancement,18,4,14
Ghogann,bleeding-hollow,383,shaman,enhancement,6,4,2
Toeto,darrowmere,383,shaman,enhancement,6,4,2
Rocktor,alleria,383,shaman,enhancement,6,4,2
Rhal,ragnaros,383,shaman,enhancement,6,4,2
Kalashnikov,maiev,383,shaman,enhancement,12,4,8
Ðg,tichondrius,382,shaman,enhancement,12,4,8
Speedmonster,hellscream,368,shaman,enhancement,13,5,8
Admetis,vashj,351,shaman,enhancement,17,4,13
Groundfaults,bleeding-hollow,335,shaman,enhancement,11,4,7
Thorsén,ursin,335,shaman,enhancement,17,4,13
Jeaunoo,darkspear,330,shaman,enhancement,14,5,9
Sasageyo,tichondrius,319,shaman,enhancement,8,4,4
Tempestsmash,tichondrius,304,shaman,enhancement,7,4,3
Corkrain,sargeras,288,shaman,enhancement,6,3,3
Lightnessx,stormrage,288,shaman,enhancement,6,3,3
Sleepysham,kelthuzad,288,shaman,enhancement,6,3,3
Slowdown,malganis,288,shaman,enhancement,6,3,3
Lennylemons,stormrage,288,shaman,enhancement,6,3,3
Sourcreamqtx,stormrage,288,shaman,enhancement,6,3,3
Murig,bladefist,288,shaman,enhancement,6,3,3
Shamaro,malganis,288,shaman,enhancement,6,3,3
Argena,bonechewer,288,shaman,enhancement,6,3,3
Getwetand,quelthalas,288,shaman,enhancement,6,3,3
Botu,malorne,288,shaman,enhancement,6,3,3
Gojiras,barthilas,288,shaman,enhancement,6,3,3
Haititnahtou,kaelthas,288,shaman,enhancement,6,3,3
Stoneseed,steamwheedle-cartel,288,shaman,enhancement,6,3,3
Painfury,zuljin,288,shaman,enhancement,6,3,3
Gorszu,proudmoore,288,shaman,enhancement,6,3,3
Shayymann,exodar,288,shaman,enhancement,6,3,3
Cluffatty,tichondrius,288,shaman,enhancement,6,3,3
Korgen,area-52,288,shaman,enhancement,6,3,3
Newele,thrall,288,shaman,enhancement,6,3,3
Luxenor,kelthuzad,288,shaman,enhancement,6,3,3
Ulala,azshara,288,shaman,enhancement,6,3,3
Shlongers,illidan,288,shaman,enhancement,6,3,3
Torvi,saurfang,288,shaman,enhancement,6,3,3
Zarrka,tichondrius,288,shaman,enhancement,6,3,3
Gingeroo,stonemaul,288,shaman,enhancement,6,3,3
Ban,blackrock,288,shaman,enhancement,6,3,3
Fevolution,dreadmaul,288,shaman,enhancement,6,3,3
Defiant,azgalor,288,shaman,enhancement,6,3,3
Swifteyy,area-52,288,shaman,enhancement,6,3,3
Mavz,moon-guard,288,shaman,enhancement,6,3,3
Tumble,frostmourne,288,shaman,enhancement,6,3,3
Oaktar,bleeding-hollow,288,shaman,enhancement,6,3,3
Kidkovid,illidan,288,shaman,enhancement,6,3,3
Jibbajabber,laughing-skull,288,shaman,enhancement,6,3,3
Rainjig,emerald-dream,288,shaman,enhancement,6,3,3
Tkarfuno,exodar,288,shaman,enhancement,6,3,3
Vanmaichet,azshara,288,shaman,enhancement,6,3,3
Stormwolf,emerald-dream,288,shaman,enhancement,6,3,3
Plznostepmom,tichondrius,288,shaman,enhancement,6,3,3
Zoma,elune,288,shaman,enhancement,6,3,3
Gimpanzee,kiljaeden,288,shaman,enhancement,6,3,3
Owiez,sargeras,288,shaman,enhancement,6,3,3
Freshoranges,blood-furnace,288,shaman,enhancement,6,3,3
Adhdeeznuts,frostmourne,288,shaman,enhancement,6,3,3
Slowkeeper,azralon,288,shaman,enhancement,6,3,3
Jokerxksx,tichondrius,288,shaman,enhancement,6,3,3
Smeeza,frostmourne,288,shaman,enhancement,6,3,3
Arckos,thrall,288,shaman,enhancement,6,3,3
Jumoma,thrall,288,shaman,enhancement,6,3,3
Mundi,madoran,288,shaman,enhancement,6,3,3
Emtflakes,darkspear,288,shaman,enhancement,6,3,3
Aruçar,drakkari,288,shaman,enhancement,6,3,3
Radiology,garithos,288,shaman,enhancement,6,3,3
Rockbass,sargeras,288,shaman,enhancement,6,3,3
Dogcompany,tichondrius,288,shaman,enhancement,6,3,3
Nìke,nazgrel,288,shaman,enhancement,6,3,3
Argues,tichondrius,288,shaman,enhancement,6,3,3
Seltheran,tichondrius,288,shaman,enhancement,6,3,3
Gudac,tichondrius,288,shaman,enhancement,12,3,9
Jajxshammy,rivendare,288,shaman,enhancement,12,3,9
Regeneration,darkspear,288,shaman,enhancement,12,3,9
Azão,stormrage,288,shaman,enhancement,12,3,9
Hammaam,illidan,288,shaman,enhancement,12,3,9
Wickyz,moon-guard,288,shaman,enhancement,12,3,9
Jireñ,area-52,288,shaman,enhancement,12,3,9
Drgiggleheim,tichondrius,288,shaman,enhancement,12,3,9
Smeagðl,tichondrius,288,shaman,enhancement,12,3,9
Fishmoley,zuljin,288,shaman,enhancement,12,3,9
Orcshamen,tichondrius,288,shaman,enhancement,12,3,9
Malsturm,stormrage,288,shaman,enhancement,12,3,9
Aegaeonlol,tichondrius,288,shaman,enhancement,12,3,9
Jyster,area-52,288,shaman,enhancement,18,3,15
Størmbreäker,tichondrius,287,shaman,enhancement,6,3,3
Thanen,the-scryers,287,shaman,enhancement,8,3,5
Relyts,tichondrius,255,shaman,enhancement,11,5,6
Sølbi,tichondrius,239,shaman,enhancement,5,3,2
Vonvulviln,emerald-dream,239,shaman,enhancement,5,3,2
Caobuloso,azralon,239,shaman,enhancement,5,3,2
Smooths,bloodscalp,234,shaman,enhancement,19,5,14
Hothandxo,illidan,192,shaman,enhancement,6,2,4
Valcannos,area-52,192,shaman,enhancement,6,2,4
Stormfronts,kelthuzad,192,shaman,enhancement,6,2,4
Díesel,azralon,192,shaman,enhancement,6,2,4
Ectomee,tichondrius,192,shaman,enhancement,6,2,4
Tamzlol,the-forgotten-coast,192,shaman,enhancement,6,2,4
Emptyy,azralon,192,shaman,enhancement,6,2,4
Brofessor,frostwolf,192,shaman,enhancement,6,2,4
Thorlottie,stormrage,192,shaman,enhancement,6,2,4
Zeldrys,emerald-dream,192,shaman,enhancement,6,2,4
Boj,magtheridon,192,shaman,enhancement,6,2,4
Durogh,darkspear,192,shaman,enhancement,6,2,4
Canabal,eonar,192,shaman,enhancement,6,2,4
Ceedlamb,kelthuzad,192,shaman,enhancement,6,2,4
Electrica,quelthalas,192,shaman,enhancement,6,2,4
Víì,tichondrius,192,shaman,enhancement,6,2,4
Lenin,nathrezim,192,shaman,enhancement,6,2,4
Dadajuju,azralon,192,shaman,enhancement,6,2,4
Friedshammy,frostmourne,192,shaman,enhancement,6,2,4
ßeesy,emerald-dream,192,shaman,enhancement,6,2,4
Totemzie,illidan,192,shaman,enhancement,6,2,4
Meattoilet,tichondrius,192,shaman,enhancement,6,2,4
Shamnick,malganis,192,shaman,enhancement,6,2,4
Stallos,zuljin,192,shaman,enhancement,6,2,4
Killamanjaro,alterac-mountains,192,shaman,enhancement,6,2,4
Mishalla,tichondrius,192,shaman,enhancement,6,2,4
Tyranitaur,frostmourne,192,shaman,enhancement,6,2,4
Bitxxnumber,tichondrius,192,shaman,enhancement,6,2,4
Hammerdog,illidan,192,shaman,enhancement,6,2,4
Vjeze,frostmourne,192,shaman,enhancement,6,2,4
Shamanakin,emerald-dream,192,shaman,enhancement,6,2,4
Thrallzballz,firetree,192,shaman,enhancement,6,2,4
Vitaminc,garona,192,shaman,enhancement,6,2,4
Denki,nesingwary,192,shaman,enhancement,6,2,4
Jammylol,frostmourne,192,shaman,enhancement,6,2,4
Jahahahamon,arthas,192,shaman,enhancement,6,2,4
Kulnash,auchindoun,192,shaman,enhancement,6,2,4
Shamflu,tichondrius,192,shaman,enhancement,6,2,4
Scarshamxn,frostmourne,192,shaman,enhancement,6,2,4
Shocksrus,arthas,192,shaman,enhancement,6,2,4
Amärök,area-52,192,shaman,enhancement,6,2,4
Böc,tichondrius,192,shaman,enhancement,6,2,4
Girthquake,agamaggan,192,shaman,enhancement,6,2,4
Zentius,thunderhorn,192,shaman,enhancement,6,2,4
Kinzle,tichondrius,192,shaman,enhancement,6,2,4
Pissticles,bleeding-hollow,192,shaman,enhancement,6,2,4
Cutedraenei,destromath,192,shaman,enhancement,6,2,4
Sparklebunny,dark-iron,192,shaman,enhancement,6,2,4
Twistër,illidan,192,shaman,enhancement,6,2,4
Jasonnworb,tichondrius,192,shaman,enhancement,6,2,4
Skyten,quelthalas,192,shaman,enhancement,6,2,4
Bullcowsby,darkspear,192,shaman,enhancement,6,2,4
Solka,illidan,192,shaman,enhancement,6,2,4
Reptimus,sargeras,192,shaman,enhancement,6,2,4
Bootsix,area-52,192,shaman,enhancement,6,2,4
Pericazo,sargeras,192,shaman,enhancement,6,2,4
Hèllzpyro,sargeras,192,shaman,enhancement,6,2,4
Soapmactavis,sargeras,192,shaman,enhancement,6,2,4
Dennwoop,sargeras,192,shaman,enhancement,6,2,4
Tarresh,azralon,192,shaman,enhancement,12,2,10
Zuljiba,illidan,192,shaman,enhancement,12,2,10
Legendmatic,illidan,192,shaman,enhancement,12,2,10
Calmconflict,daggerspine,191,shaman,enhancement,6,2,4
Skuffedx,spirestone,159,shaman,enhancement,5,2,3
Nuggitz,tichondrius,159,shaman,enhancement,5,2,3
Taowth,area-52,159,shaman,enhancement,5,2,3
Shamto,zuljin,144,shaman,enhancement,3,3,0
Reavs,illidan,138,shaman,enhancement,16,3,13
Flashyjoe,tichondrius,128,shaman,enhancement,4,2,2
Badgeshock,area-52,128,shaman,enhancement,4,2,2
Intress,moon-guard,128,shaman,enhancement,4,2,2
Bogz,korgath,128,shaman,enhancement,4,2,2
Ludacrìtz,stormrage,112,shaman,enhancement,7,2,5
Tekdar,kiljaeden,96,shaman,enhancement,3,2,1
Sinestario,illidan,96,shaman,enhancement,6,1,5
Geladoo,gallywix,96,shaman,enhancement,6,1,5
Shockfreak,stormrage,96,shaman,enhancement,6,1,5
Beazel,moon-guard,96,shaman,enhancement,6,1,5
Wangbangjr,mugthol,96,shaman,enhancement,6,1,5
Esko,magtheridon,96,shaman,enhancement,6,1,5
Succies,emerald-dream,96,shaman,enhancement,6,1,5
Wälee,sargeras,96,shaman,enhancement,6,1,5
Kinjin,dragonmaw,96,shaman,enhancement,6,1,5
Paramecium,sargeras,96,shaman,enhancement,6,1,5
Kumboi,frostmourne,96,shaman,enhancement,6,1,5
Alferian,moon-guard,96,shaman,enhancement,6,1,5
Sèktor,dalaran,96,shaman,enhancement,6,1,5
Sweettooth,area-52,96,shaman,enhancement,6,1,5
Zoeyzour,illidan,96,shaman,enhancement,6,1,5
Drekkhal,area-52,96,shaman,enhancement,6,1,5
Mawcus,zuljin,96,shaman,enhancement,6,1,5
Capivarãão,stormrage,96,shaman,enhancement,6,1,5
Zapsquidzap,illidan,96,shaman,enhancement,6,1,5
Acéz,korgath,96,shaman,enhancement,6,1,5
Shamikkazee,illidan,96,shaman,enhancement,6,1,5
Hangellyca,azralon,96,shaman,enhancement,6,1,5
Axshaman,darkspear,96,shaman,enhancement,6,1,5
Karmar,proudmoore,96,shaman,enhancement,6,1,5
Sandmanatee,crushridge,96,shaman,enhancement,6,1,5
Azzula,tichondrius,96,shaman,enhancement,7,1,6
Threehandz,bleeding-hollow,96,shaman,enhancement,8,1,7
Thallor,stormrage,96,shaman,enhancement,12,1,11
Poagrious,bonechewer,96,shaman,enhancement,12,1,11
Smokeymcpots,khazgoroth,95,shaman,enhancement,6,1,5
Dilldoughnut,sargeras,79,shaman,enhancement,5,1,4
Engorgdshock,tichondrius,63,shaman,enhancement,2,2,0
Totemlord,lightnings-blade,31,shaman,enhancement,2,1,1
Mlx,proudmoore,2345,warlock,demonology,113,66,47
Wildimp,aerie-peak,2251,warlock,demonology,84,49,35
Mixtape,stormrage,2178,warlock,demonology,77,47,30
Etuskaa,tichondrius,2164,warlock,demonology,101,54,47
Beyourselff,tichondrius,2156,warlock,demonology,91,48,43
Gentleq,tichondrius,2149,warlock,demonology,99,53,46
Wzxx,tichondrius,2143,warlock,demonology,66,37,29
Fishorz,tichondrius,2128,warlock,demonology,89,47,42
Harambê,sargeras,2127,warlock,demonology,36,27,9
Ztlivid,area-52,2118,warlock,demonology,152,84,68
Awdam,tichondrius,2114,warlock,demonology,96,50,46
Zuelu,tichondrius,2113,warlock,demonology,61,39,22
Ensebado,azralon,2111,warlock,demonology,140,78,62
Falco,azshara,2110,warlock,demonology,66,38,28
Cosmosxx,illidan,2110,warlock,demonology,112,58,54
Ogchaos,tichondrius,2107,warlock,demonology,78,45,33
Btsfangirl,moon-guard,2031,warlock,demonology,65,39,26
Sslock,sargeras,2008,warlock,demonology,71,37,34
Ziffy,emerald-dream,2008,warlock,demonology,66,34,32
Nocrackrocks,stormrage,2007,warlock,demonology,117,66,51
Zydiva,sargeras,2006,warlock,demonology,76,46,30
Xadge,tichondrius,2004,warlock,demonology,67,36,31
Elbrujon,sargeras,2004,warlock,demonology,89,46,43
Wesyane,anetheron,2004,warlock,demonology,79,39,40
Extreme,blackwing-lair,1978,warlock,demonology,78,53,25
Petattack,nerzhul,1968,warlock,demonology,107,54,53
Kaossqt,azralon,1968,warlock,demonology,78,38,40
Ihaveapowers,maiev,1965,warlock,demonology,102,52,50
Amazingamez,sargeras,1963,warlock,demonology,131,64,67
Bronzerl,tichondrius,1947,warlock,demonology,29,21,8
Awangdemon,tichondrius,1942,warlock,demonology,48,23,25
Toiletghost,tichondrius,1934,warlock,demonology,38,25,13
Bahamas,bleeding-hollow,1931,warlock,demonology,60,34,26
Erock,korgath,1922,warlock,demonology,36,29,7
Thranlock,area-52,1918,warlock,demonology,72,38,34
Naughtybolts,sargeras,1916,warlock,demonology,74,42,32
Lilballz,tichondrius,1909,warlock,demonology,36,20,16
Vexxes,malganis,1907,warlock,demonology,60,35,25
Babydots,stormreaver,1903,warlock,demonology,112,59,53
Daerde,malganis,1900,warlock,demonology,47,27,20
Siphoned,darkspear,1900,warlock,demonology,53,27,26
Ofc,malganis,1899,warlock,demonology,42,26,16
Deadlpoo,stormscale,1899,warlock,demonology,81,41,40
Littlerod,tichondrius,1896,warlock,demonology,30,20,10
Lemmepvponu,illidan,1896,warlock,demonology,48,30,18
Alisa,moon-guard,1896,warlock,demonology,60,28,32
Ketahole,warsong,1895,warlock,demonology,57,30,27
Gianni,chogall,1893,warlock,demonology,59,28,31
Lrry,dalaran,1892,warlock,demonology,84,54,30
Bleachkk,tichondrius,1888,warlock,demonology,42,29,13
Baka,moon-guard,1884,warlock,demonology,42,23,19
Kimchiblast,tichondrius,1876,warlock,demonology,48,28,20
Fatass,cairne,1875,warlock,demonology,48,25,23
Devilman,darkspear,1874,warlock,demonology,57,33,24
Huajianmanwu,tichondrius,1873,warlock,demonology,136,72,64
Sàill,tichondrius,1871,warlock,demonology,35,22,13
Bwonsamdijin,tichondrius,1863,warlock,demonology,71,34,37
Atheø,ragnaros,1854,warlock,demonology,42,23,19
Wildimpx,sargeras,1853,warlock,demonology,53,29,24
Bigdaddylol,ragnaros,1849,warlock,demonology,53,30,23
Unhòólylck,ragnaros,1848,warlock,demonology,46,25,21
Phóbòs,tichondrius,1843,warlock,demonology,54,40,14
Debao,malganis,1843,warlock,demonology,54,27,27
Rakshama,chogall,1842,warlock,demonology,36,23,13
Spicyfingers,illidan,1829,warlock,demonology,48,29,19
Evildeath,tichondrius,1829,warlock,demonology,48,26,22
Stopdot,lightnings-blade,1829,warlock,demonology,58,31,27
Bic,thrall,1828,warlock,demonology,66,45,21
Lowrcase,zuljin,1828,warlock,demonology,42,24,18
Tarth,sargeras,1827,warlock,demonology,84,43,41
Ceeloftw,tichondrius,1827,warlock,demonology,78,39,39
Xoboroz,moon-guard,1827,warlock,demonology,60,29,31
Playtoy,moon-guard,1826,warlock,demonology,142,71,71
Castingfear,barthilas,1825,warlock,demonology,48,27,21
Arcinian,kelthuzad,1817,warlock,demonology,66,39,27
Villaìn,moon-guard,1817,warlock,demonology,75,34,41
Boltqt,tichondrius,1815,warlock,demonology,36,22,14
Ltr,moon-guard,1811,warlock,demonology,30,22,8
Abrocket,alleria,1811,warlock,demonology,30,19,11
Voidxo,tichondrius,1811,warlock,demonology,36,22,14
Raegon,kiljaeden,1811,warlock,demonology,39,23,16
Kerrigan,the-venture-co,1810,warlock,demonology,54,33,21
Errogant,area-52,1810,warlock,demonology,60,30,30
Chilipeppa,wyrmrest-accord,1808,warlock,demonology,60,34,26
Chaosthekid,malganis,1807,warlock,demonology,40,25,15
Tessarath,area-52,1807,warlock,demonology,36,22,14
Xacayth,ragnaros,1804,warlock,demonology,80,47,33
Rakudemon,ragnaros,1804,warlock,demonology,141,74,67
Darkborkain,tichondrius,1803,warlock,demonology,30,19,11
Thelockzx,azralon,1801,warlock,demonology,60,28,32
Broccoleh,area-52,1799,warlock,demonology,41,25,16
Paygo,tichondrius,1795,warlock,demonology,30,19,11
Hugebolt,tichondrius,1793,warlock,demonology,48,28,20
Keylloggz,sargeras,1786,warlock,demonology,48,26,22
Dapete,malorne,1774,warlock,demonology,47,27,20
Ccona,tichondrius,1770,warlock,demonology,36,20,16
Spreadlove,emerald-dream,1766,warlock,demonology,138,74,64
Åmön,zuljin,1766,warlock,demonology,54,28,26
Jaganshi,tichondrius,1764,warlock,demonology,46,26,20
Döremi,tichondrius,1760,warlock,demonology,35,21,14
Sharaßha,moon-guard,1759,warlock,demonology,45,27,18
Lockeslock,sargeras,1755,warlock,demonology,72,38,34
Dowal,whisperwind,1747,warlock,demonology,42,23,19
Axelrodx,tichondrius,1745,warlock,demonology,36,23,13
Magë,ursin,1745,warlock,demonology,60,27,33
Mcpickls,illidan,1740,warlock,demonology,48,26,22
Chanigay,tichondrius,1737,warlock,demonology,35,20,15
Dreadlõck,malganis,1737,warlock,demonology,78,39,39
Sofan,dalaran,1729,warlock,demonology,40,25,15
Overclocked,destromath,1726,warlock,demonology,24,18,6
Domenic,sentinels,1725,warlock,demonology,46,26,20
Xygg,tichondrius,1724,warlock,demonology,30,18,12
Playßøy,area-52,1724,warlock,demonology,30,18,12
Demondisco,tichondrius,1724,warlock,demonology,40,19,21
Drakatattwo,tichondrius,1722,warlock,demonology,36,18,18
Muchas,area-52,1717,warlock,demonology,30,18,12
Fadedemon,area-52,1716,warlock,demonology,42,32,10
Aramith,tichondrius,1715,warlock,demonology,42,25,17
Toestye,lightbringer,1715,warlock,demonology,90,51,39
Teivlol,mugthol,1713,warlock,demonology,30,18,12
Skanckqt,malganis,1711,warlock,demonology,42,25,17
Ðëâthløck,tichondrius,1708,warlock,demonology,41,24,17
Milkybøng,area-52,1705,warlock,demonology,99,61,38
Dlchem,tichondrius,1700,warlock,demonology,52,30,22
Ourlegacy,tichondrius,1695,warlock,demonology,40,24,16
Houdneeznuts,tichondrius,1694,warlock,demonology,114,63,51
Beatinu,draenor,1693,warlock,demonology,36,24,12
Fksm,tichondrius,1692,warlock,demonology,36,20,16
Stopdottroll,zuljin,1690,warlock,demonology,30,18,12
Dìablo,area-52,1690,warlock,demonology,60,34,26
Metrow,area-52,1688,warlock,demonology,30,18,12
Leeka,tichondrius,1687,warlock,demonology,48,23,25
Lockiator,moon-guard,1686,warlock,demonology,41,24,17
Eazyw,stormrage,1685,warlock,demonology,53,21,32
Notomorrow,tichondrius,1682,warlock,demonology,128,78,50
Vcain,stormrage,1680,warlock,demonology,60,29,31
Säbrine,zuljin,1679,warlock,demonology,73,35,38
Erlandesher,tichondrius,1677,warlock,demonology,30,19,11
Shinyballz,tichondrius,1673,warlock,demonology,35,18,17
Harrydotterr,bonechewer,1670,warlock,demonology,54,29,25
Aroug,aggramar,1665,warlock,demonology,78,38,40
Smallj,zuljin,1660,warlock,demonology,42,24,18
Atheô,ragnaros,1655,warlock,demonology,41,22,19
Gihaewon,tichondrius,1650,warlock,demonology,30,20,10
Jerclard,proudmoore,1650,warlock,demonology,54,27,27
Stonelocke,area-52,1649,warlock,demonology,42,24,18
Caesaros,quelthalas,1649,warlock,demonology,36,20,16
Eriebos,area-52,1647,warlock,demonology,48,27,21
Xaryl,stormrage,1646,warlock,demonology,48,25,23
Soreanus,illidan,1645,warlock,demonology,42,28,14
Zantol1F9FDC,frostmourne,1644,warlock,demonology,48,29,19
Amour,wyrmrest-accord,1644,warlock,demonology,52,25,27
Jyhoona,chromaggus,1643,warlock,demonology,142,72,70
Cinderwhip,moon-guard,1643,warlock,demonology,105,50,55
Juxsr,nerzhul,1642,warlock,demonology,42,22,20
Yükina,stormrage,1641,warlock,demonology,48,27,21
Demonicsmoke,darrowmere,1638,warlock,demonology,89,49,40
Blastfinger,tichondrius,1637,warlock,demonology,42,24,18
Suzüki,tichondrius,1635,warlock,demonology,36,19,17
Fearedu,thunderhorn,1633,warlock,demonology,101,47,54
Mälwaré,tichondrius,1633,warlock,demonology,40,18,22
Gørb,wyrmrest-accord,1630,warlock,demonology,30,19,11
Innocentius,illidan,1630,warlock,demonology,70,37,33
Dëvïl,ragnaros,1626,warlock,demonology,30,21,9
Altairo,illidan,1621,warlock,demonology,36,20,16
Missalice,nesingwary,1619,warlock,demonology,30,17,13
Funkminot,illidan,1619,warlock,demonology,175,91,84
Mhael,lightninghoof,1618,warlock,demonology,30,20,10
Mcpickles,illidan,1618,warlock,demonology,30,19,11
Forsâken,tichondrius,1618,warlock,demonology,83,39,44
Buymymixtåpe,ursin,1615,warlock,demonology,33,21,12
Eastwitch,ragnaros,1615,warlock,demonology,36,17,19
Ministàff,ursin,1615,warlock,demonology,36,17,19
Xlilgee,kelthuzad,1614,warlock,demonology,30,17,13
Bagn,tichondrius,1614,warlock,demonology,36,20,16
Abismoarmdr,ragnaros,1613,warlock,demonology,115,66,49
Alndron,thrall,1613,warlock,demonology,36,17,19
Juswannarock,tichondrius,1610,warlock,demonology,39,21,18
Rathul,bonechewer,1609,warlock,demonology,31,18,13
Aidadeshu,tichondrius,1608,warlock,demonology,36,17,19
Fullxd,quelthalas,1607,warlock,demonology,42,27,15
Ciprýan,azralon,1607,warlock,demonology,42,20,22
Cambolts,tichondrius,1604,warlock,demonology,36,20,16
Zver,drakkari,1602,warlock,demonology,36,21,15
Kreâtor,tichondrius,1600,warlock,demonology,53,30,23
Valkynaris,chogall,1594,warlock,demonology,30,20,10
Warlocklmao,malganis,1594,warlock,demonology,36,19,17
Doombaby,zuljin,1588,warlock,demonology,48,30,18
Spooknjuke,bleeding-hollow,1576,warlock,demonology,35,24,11
Raidspot,bleeding-hollow,1572,warlock,demonology,42,25,17
Hoana,azralon,1570,warlock,demonology,87,50,37
Yanlexx,stormrage,1568,warlock,demonology,68,34,34
Xephostwo,area-52,1567,warlock,demonology,42,20,22
Redbullsz,bleeding-hollow,1549,warlock,demonology,56,27,29
Wickdways,daggerspine,1546,warlock,demonology,54,32,22
Hulkyy,illidan,1546,warlock,demonology,65,35,30
Bauchalain,area-52,1541,warlock,demonology,36,21,15
Darkzell,azralon,1534,warlock,demonology,24,16,8
Eriand,nordrassil,1534,warlock,demonology,42,23,19
Soulrulerxc,tichondrius,1534,warlock,demonology,30,16,14
Isometrics,barthilas,1534,warlock,demonology,30,16,14
Canobio,tichondrius,1531,warlock,demonology,18,16,2
Cilium,illidan,1530,warlock,demonology,35,20,15
Almostoogood,illidan,1526,warlock,demonology,24,16,8
Silentfears,tichondrius,1523,warlock,demonology,25,18,7
Wollylock,dark-iron,1520,warlock,demonology,52,25,27
Lazymongoose,frostmourne,1518,warlock,demonology,25,17,8
Lockedinn,mannoroth,1515,warlock,demonology,30,16,14
Curseifier,frostmourne,1514,warlock,demonology,38,19,19
Fãttyqt,sargeras,1513,warlock,demonology,52,35,17
Obséssèd,aggramar,1510,warlock,demonology,30,16,14
Krolczdots,tichondrius,1505,warlock,demonology,30,18,12
Proletariat,moon-guard,1504,warlock,demonology,48,31,17
Parmenides,tichondrius,1502,warlock,demonology,112,56,56
Bigdotenergi,tichondrius,1501,warlock,demonology,24,16,8
Icemanliddel,area-52,1500,warlock,demonology,35,16,19
Blavindy,illidan,1489,warlock,demonology,48,24,24
Fearmebro,bleeding-hollow,1478,warlock,demonology,30,20,10
Rotsndotss,thrall,1469,warlock,demonology,42,19,23
Khanaan,illidan,1466,warlock,demonology,30,16,14
Deathcyth,crushridge,1462,warlock,demonology,89,48,41
Sugarwaffles,area-52,1460,warlock,demonology,60,33,27
Iselltacos,dalaran,1451,warlock,demonology,25,16,9
Dreamsw,frostmourne,1439,warlock,demonology,24,15,9
Patoquenn,azralon,1439,warlock,demonology,24,15,9
Darkwîngduck,illidan,1439,warlock,demonology,24,15,9
Sosahawk,stormrage,1437,warlock,demonology,30,15,15
Chaosboltlol,tichondrius,1436,warlock,demonology,30,15,15
Synisterlock,moon-guard,1432,warlock,demonology,36,18,18
Larixpotanin,tichondrius,1431,warlock,demonology,24,15,9
Dárklórd,dalaran,1431,warlock,demonology,96,49,47
Cornboil,tichondrius,1431,warlock,demonology,55,27,28
Mcjoy,akama,1430,warlock,demonology,50,31,19
Kandrus,moon-guard,1430,warlock,demonology,80,36,44
Aomniloltv,zuljin,1426,warlock,demonology,24,15,9
Empiratore,quelthalas,1423,warlock,demonology,30,15,15
Smartpimp,tichondrius,1414,warlock,demonology,24,15,9
Kuyog,illidan,1412,warlock,demonology,48,24,24
Lamo,dawnbringer,1408,warlock,demonology,76,35,41
Sadgellation,arthas,1402,warlock,demonology,24,15,9
Kìllèrgf,area-52,1401,warlock,demonology,36,15,21
Monstir,sargeras,1396,warlock,demonology,31,16,15
Suminl,tichondrius,1392,warlock,demonology,24,15,9
Guisls,azralon,1390,warlock,demonology,36,16,20
Lemongillo,stormrage,1378,warlock,demonology,35,20,15
Mysteryannie,tichondrius,1371,warlock,demonology,70,42,28
Prägä,drakkari,1353,warlock,demonology,33,18,15
Dlhmlock,tichondrius,1343,warlock,demonology,18,14,4
Ellynaria,nemesis,1343,warlock,demonology,18,14,4
Biubius,tichondrius,1343,warlock,demonology,24,14,10
Dotman,tichondrius,1343,warlock,demonology,24,14,10
Wrathh,stormscale,1343,warlock,demonology,27,15,12
Doomdm,zuljin,1342,warlock,demonology,24,14,10
Maral,kelthuzad,1341,warlock,demonology,27,15,12
Dogegg,tichondrius,1340,warlock,demonology,30,14,16
Demonalien,malganis,1339,warlock,demonology,18,14,4
Zhoull,thrall,1336,warlock,demonology,36,15,21
Arlenna,sargeras,1330,warlock,demonology,86,36,50
Th,kiljaeden,1327,warlock,demonology,36,14,22
Eldriptch,kelthuzad,1325,warlock,demonology,27,15,12
Superjuno,sargeras,1319,warlock,demonology,18,14,4
Dcpwns,arthas,1314,warlock,demonology,30,14,16
Kuroyt,drakkari,1311,warlock,demonology,30,14,16
Jokerks,tichondrius,1310,warlock,demonology,23,14,9
Gotfear,zuljin,1310,warlock,demonology,99,51,48
Avoidence,tanaris,1308,warlock,demonology,24,14,10
Ktlock,frostmourne,1306,warlock,demonology,29,15,14
Shadowflame,skullcrusher,1299,warlock,demonology,91,48,43
Salacia,chogall,1297,warlock,demonology,60,29,31
Qp,thrall,1295,warlock,demonology,21,15,6
Gauul,illidan,1281,warlock,demonology,70,39,31
Heathncraig,illidan,1279,warlock,demonology,50,29,21
Screampied,sargeras,1279,warlock,demonology,53,24,29
Valerilma,azralon,1276,warlock,demonology,36,16,20
Bluffzlock,boulderfist,1260,warlock,demonology,23,14,9
Wazog,jubeithos,1250,warlock,demonology,30,16,14
Oymmander,illidan,1248,warlock,demonology,18,13,5
Scalpelx,tichondrius,1248,warlock,demonology,18,13,5
Drakatat,tichondrius,1248,warlock,demonology,24,13,11
Ediya,tichondrius,1248,warlock,demonology,24,13,11
Deathboltx,zuljin,1248,warlock,demonology,24,13,11
Feinnx,dalaran,1246,warlock,demonology,30,13,17
Necronemesis,arthas,1243,warlock,demonology,24,13,11
Amgs,frostmourne,1239,warlock,demonology,18,13,5
Alaren,korgath,1231,warlock,demonology,36,13,23
Tizzy,malganis,1192,warlock,demonology,26,19,7
Narmazulnn,area-52,1180,warlock,demonology,17,13,4
Sû,stormrage,1177,warlock,demonology,46,22,24
Syndrielle,emerald-dream,1175,warlock,demonology,42,16,26
Artmaster,nordrassil,1174,warlock,demonology,30,20,10
Narcan,arthas,1170,warlock,demonology,23,13,10
Snuffer,detheroc,1164,warlock,demonology,30,13,17
Medzor,tichondrius,1152,warlock,demonology,24,12,12
Blliizz,aegwynn,1151,warlock,demonology,18,12,6
Mongobros,illidan,1151,warlock,demonology,24,12,12
Snuufels,area-52,1151,warlock,demonology,24,12,12
Lentil,zuljin,1150,warlock,demonology,18,12,6
Felorc,wyrmrest-accord,1150,warlock,demonology,24,13,11
Eternalsmile,tichondrius,1149,warlock,demonology,18,12,6
Chipt,kelthuzad,1149,warlock,demonology,24,12,12
Yuengling,illidan,1148,warlock,demonology,24,12,12
Tickleskin,windrunner,1146,warlock,demonology,25,13,12
Goorock,area-52,1146,warlock,demonology,24,12,12
Diabolock,proudmoore,1146,warlock,demonology,24,12,12
Valerik,azralon,1143,warlock,demonology,24,12,12
Voltshot,tichondrius,1142,warlock,demonology,24,12,12
Critthis,illidan,1141,warlock,demonology,24,12,12
Saltiernuts,malganis,1128,warlock,demonology,48,22,26
Arcaangell,sargeras,1117,warlock,demonology,36,16,20
Löksöflöve,sargeras,1101,warlock,demonology,60,25,35
Bigfatballz,tichondrius,1098,warlock,demonology,28,15,13
Gromy,lightnings-blade,1084,warlock,demonology,23,12,11
Politepvperx,kelthuzad,1070,warlock,demonology,17,12,5
Lilmollyboy,demon-soul,1068,warlock,demonology,13,12,1
Voidxx,tichondrius,1056,warlock,demonology,12,11,1
Bøltqt,tichondrius,1056,warlock,demonology,12,11,1
Coèrce,tichondrius,1056,warlock,demonology,18,11,7
Zörkô,zuljin,1056,warlock,demonology,18,11,7
Bronzel,tichondrius,1056,warlock,demonology,18,11,7
Zzooxxqt,area-52,1056,warlock,demonology,24,11,13
Maadhum,illidan,1056,warlock,demonology,27,12,15
Dounutlock,area-52,1055,warlock,demonology,18,11,7
Shooterg,tichondrius,1055,warlock,demonology,24,11,13
Comina,kelthuzad,1055,warlock,demonology,24,11,13
Drain,proudmoore,1054,warlock,demonology,12,11,1
Archibalding,area-52,1054,warlock,demonology,18,11,7
Zinkro,quelthalas,1049,warlock,demonology,22,12,10
Tròll,moon-guard,1049,warlock,demonology,54,25,29
Tsunamibaby,anvilmar,1041,warlock,demonology,24,11,13
Tartamuda,ragnaros,1037,warlock,demonology,30,11,19
Rickrock,gnomeregan,1034,warlock,demonology,18,11,7
Tiná,tichondrius,1006,warlock,demonology,21,11,10
Wls,frostmourne,1006,warlock,demonology,23,11,12
Meltlordqt,mannoroth,960,warlock,demonology,12,10,2
Hecataeus,stormrage,960,warlock,demonology,12,10,2
Xiyangpvp,tichondrius,960,warlock,demonology,18,10,8
Reneqtxo,jubeithos,960,warlock,demonology,18,10,8
Joung,tichondrius,960,warlock,demonology,18,10,8
Vexice,firetree,960,warlock,demonology,18,10,8
Babyaga,illidan,960,warlock,demonology,18,10,8
Persistencss,tichondrius,960,warlock,demonology,18,10,8
Idiocy,stormrage,960,warlock,demonology,18,10,8
Tazerr,sargeras,960,warlock,demonology,18,10,8
Slothycrip,emerald-dream,960,warlock,demonology,24,10,14
Fabriziø,ragnaros,959,warlock,demonology,12,10,2
Búmchúm,frostmourne,959,warlock,demonology,12,10,2
Syraxi,illidan,959,warlock,demonology,18,10,8
Hâm,dalaran,959,warlock,demonology,36,10,26
Dawdrax,gallywix,958,warlock,demonology,12,10,2
Daesire,moon-guard,957,warlock,demonology,18,10,8
Zaintv,illidan,955,warlock,demonology,18,10,8
Leine,proudmoore,955,warlock,demonology,24,10,14
Methrocks,emerald-dream,953,warlock,demonology,24,10,14
Uzag,mugthol,949,warlock,demonology,24,10,14
Jojofann,nemesis,911,warlock,demonology,17,10,7
Welendiock,malganis,899,warlock,demonology,28,12,16
Apples,ravencrest,894,warlock,demonology,17,10,7
Impenjoyer,tichondrius,864,warlock,demonology,12,9,3
Lemmewin,illidan,864,warlock,demonology,12,9,3
Bewær,deathwing,864,warlock,demonology,12,9,3
Discordance,zuljin,864,warlock,demonology,12,9,3
Evanylock,proudmoore,864,warlock,demonology,18,9,9
Louu,emerald-dream,864,warlock,demonology,18,9,9
Juleno,quelthalas,864,warlock,demonology,21,10,11
Deboltzaru,ragnaros,864,warlock,demonology,19,9,10
Flocka,agamaggan,863,warlock,demonology,12,9,3
Gulßad,tichondrius,863,warlock,demonology,12,9,3
Jorloz,ragnaros,863,warlock,demonology,12,9,3
Ezgamejr,tichondrius,863,warlock,demonology,12,9,3
Skullsoul,arthas,863,warlock,demonology,18,9,9
Criticalpets,stormrage,863,warlock,demonology,18,9,9
Päpï,tichondrius,862,warlock,demonology,12,9,3
Warlockafk,darkspear,856,warlock,demonology,12,9,3
Braylon,azuremyst,856,warlock,demonology,18,9,9
Zeeref,stormrage,830,warlock,demonology,18,9,9
Demoniclily,kiljaeden,816,warlock,demonology,21,9,12
Haxtoss,stormrage,815,warlock,demonology,11,9,2
Yoyoling,illidan,794,warlock,demonology,19,10,9
Kotica,stormrage,781,warlock,demonology,16,9,7
Mukkamuk,shadowmoon,768,warlock,demonology,12,8,4
Bigboltkazar,tichondrius,768,warlock,demonology,12,8,4
Marshyxd,tichondrius,768,warlock,demonology,12,8,4
Miredö,tichondrius,768,warlock,demonology,12,8,4
Westhofs,sargeras,768,warlock,demonology,12,8,4
Fotmspec,area-52,768,warlock,demonology,12,8,4
Pvtpotato,tichondrius,768,warlock,demonology,12,8,4
Asmion,earthen-ring,768,warlock,demonology,12,8,4
Gnumbnutz,blades-edge,768,warlock,demonology,12,8,4
Bestwarlock,skywall,768,warlock,demonology,12,8,4
Garcheros,ragnaros,768,warlock,demonology,15,9,6
Avery,mannoroth,768,warlock,demonology,18,8,10
Joseph,draktharon,768,warlock,demonology,18,8,10
Nismo,trollbane,768,warlock,demonology,18,8,10
Bïcho,queldorei,768,warlock,demonology,18,8,10
Krumlax,thrall,767,warlock,demonology,12,8,4
Gibberishss,tichondrius,767,warlock,demonology,12,8,4
Rosacrutian,tichondrius,767,warlock,demonology,12,8,4
Spookyfurry,area-52,767,warlock,demonology,12,8,4
Shâdowman,stormrage,767,warlock,demonology,12,8,4
Fullmelt,azjolnerub,767,warlock,demonology,18,8,10
Boltsfordays,dalaran,767,warlock,demonology,24,8,16
Nezsarek,sargeras,766,warlock,demonology,12,8,4
Bojàck,stormrage,766,warlock,demonology,12,8,4
Cvntpvntcans,kelthuzad,764,warlock,demonology,18,8,10
Pulentinskin,quelthalas,764,warlock,demonology,24,8,16
Døtyou,area-52,735,warlock,demonology,17,8,9
Eklypso,kelthuzad,714,warlock,demonology,20,9,11
Sasaology,frostmourne,703,warlock,demonology,14,8,6
Twinklockxx,mannoroth,703,warlock,demonology,17,8,9
Sorenbjerga,zuljin,672,warlock,demonology,12,7,5
Djvetis,blackhand,672,warlock,demonology,12,7,5
Deammon,tichondrius,672,warlock,demonology,12,7,5
Aruotnof,nemesis,672,warlock,demonology,12,7,5
Isömetrics,barthilas,672,warlock,demonology,12,7,5
Løckyun,tichondrius,672,warlock,demonology,12,7,5
Spicyfingerx,illidan,672,warlock,demonology,12,7,5
Protomán,agamaggan,672,warlock,demonology,12,7,5
Betterone,azralon,672,warlock,demonology,12,7,5
Dadtired,tichondrius,672,warlock,demonology,12,7,5
Daxxter,tichondrius,672,warlock,demonology,12,7,5
Procalypse,stormrage,672,warlock,demonology,12,7,5
Percadu,barthilas,672,warlock,demonology,12,7,5
Xyguoguo,tichondrius,672,warlock,demonology,12,7,5
Agla,quelthalas,672,warlock,demonology,12,7,5
Evarona,gorefiend,672,warlock,demonology,18,7,11
Matrriixx,proudmoore,672,warlock,demonology,18,7,11
Guldorum,kiljaeden,671,warlock,demonology,12,7,5
Lpharji,tichondrius,671,warlock,demonology,12,7,5
Saldori,malganis,671,warlock,demonology,12,7,5
Celindeyn,stormrage,671,warlock,demonology,12,7,5
Zorah,quelthalas,671,warlock,demonology,12,7,5
Pollodelight,deathwing,671,warlock,demonology,12,7,5
Elioknight,area-52,671,warlock,demonology,12,7,5
Glortheeb,spirestone,671,warlock,demonology,12,7,5
Dotsfired,crushridge,671,warlock,demonology,18,7,11
Menedemus,amanthul,671,warlock,demonology,18,7,11
Deanwarlock,sargeras,670,warlock,demonology,12,7,5
Lokiiee,azuremyst,664,warlock,demonology,12,7,5
Tsmcfker,tichondrius,654,warlock,demonology,17,7,10
Thekook,illidan,639,warlock,demonology,14,8,6
Memon,frostmane,638,warlock,demonology,17,7,10
Chaosboltex,tichondrius,618,warlock,demonology,14,8,6
Demyo,tichondrius,618,warlock,demonology,20,8,12
Ritzhul,nordrassil,576,warlock,demonology,6,6,0
Phyxylock,stormrage,576,warlock,demonology,6,6,0
Gløcked,area-52,576,warlock,demonology,6,6,0
Kyralena,stormrage,576,warlock,demonology,12,6,6
Chaosblade,burning-blade,576,warlock,demonology,12,6,6
Destructio,tichondrius,576,warlock,demonology,12,6,6
Zoerina,fizzcrank,576,warlock,demonology,12,6,6
Aoepump,tichondrius,576,warlock,demonology,12,6,6
Hers,vashj,576,warlock,demonology,12,6,6
Speakeasy,malygos,576,warlock,demonology,12,6,6
Jæja,wyrmrest-accord,576,warlock,demonology,12,6,6
Scarletdemon,malganis,576,warlock,demonology,12,6,6
Theseance,dalaran,576,warlock,demonology,12,6,6
Yaldin,nemesis,576,warlock,demonology,12,6,6
Bellath,azralon,576,warlock,demonology,12,6,6
Projectpump,kelthuzad,576,warlock,demonology,12,6,6
Krýptizl,frostmourne,576,warlock,demonology,12,6,6
Dalah,illidan,576,warlock,demonology,12,6,6
Seekma,gallywix,576,warlock,demonology,12,6,6
Marothredd,nathrezim,576,warlock,demonology,12,6,6
Sorath,blackrock,576,warlock,demonology,12,6,6
Muchopower,ragnaros,576,warlock,demonology,12,6,6
Eddybigbolts,tichondrius,576,warlock,demonology,12,6,6
Davidofbowie,burning-legion,576,warlock,demonology,12,6,6
Artzul,tichondrius,576,warlock,demonology,15,7,8
Dreadful,frostmourne,576,warlock,demonology,18,6,12
Shadü,tichondrius,576,warlock,demonology,25,6,19
Voidgown,moon-guard,575,warlock,demonology,12,6,6
Sylvanes,emerald-dream,575,warlock,demonology,12,6,6
Canning,shuhalo,575,warlock,demonology,18,6,12
Undeadcurse,frostmourne,574,warlock,demonology,24,6,18
Westhøf,sargeras,543,warlock,demonology,11,6,5
Kronicdotz,bleeding-hollow,528,warlock,demonology,9,7,2
Penzer,stormrage,528,warlock,demonology,15,6,9
Lukelock,azralon,512,warlock,demonology,10,6,4
Zjxy,tichondrius,480,warlock,demonology,6,5,1
Bâppo,antonidas,480,warlock,demonology,6,5,1
Sinixx,tichondrius,480,warlock,demonology,6,5,1
Fatals,thrall,480,warlock,demonology,6,5,1
Tiatiatia,illidan,480,warlock,demonology,6,5,1
Drainedd,blades-edge,480,warlock,demonology,6,5,1
Symplicìty,area-52,480,warlock,demonology,6,5,1
Aînzooalgown,ragnaros,480,warlock,demonology,6,5,1
Gavvi,frostmourne,480,warlock,demonology,6,5,1
Dätura,tichondrius,480,warlock,demonology,6,5,1
Ötì,altar-of-storms,480,warlock,demonology,6,5,1
Igniz,tichondrius,480,warlock,demonology,6,5,1
Cidkagenou,sargeras,480,warlock,demonology,7,5,2
Zarinista,veknilash,480,warlock,demonology,12,5,7
Dewandoritos,kelthuzad,480,warlock,demonology,12,5,7
Pfhear,area-52,480,warlock,demonology,12,5,7
Wheremyshoes,area-52,480,warlock,demonology,12,5,7
Grineed,emerald-dream,480,warlock,demonology,12,5,7
Tribulatiön,moon-guard,480,warlock,demonology,12,5,7
Grandpapapa,tichondrius,480,warlock,demonology,12,5,7
Søcks,tichondrius,480,warlock,demonology,12,5,7
Breeak,sargeras,480,warlock,demonology,12,5,7
Dapperdanxy,tichondrius,480,warlock,demonology,12,5,7
Liuh,tichondrius,480,warlock,demonology,12,5,7
Yungwilly,silvermoon,480,warlock,demonology,12,5,7
Mânuel,akama,480,warlock,demonology,12,5,7
Sinápsís,ragnaros,480,warlock,demonology,12,5,7
Alataar,sargeras,480,warlock,demonology,12,5,7
Rasildur,ragnaros,480,warlock,demonology,12,5,7
Invisibles,barthilas,480,warlock,demonology,12,5,7
Paleontology,moon-guard,480,warlock,demonology,14,5,9
Nécromonster,illidan,479,warlock,demonology,12,5,7
Stinkmeaner,chogall,479,warlock,demonology,12,5,7
Omegawarlock,quelthalas,479,warlock,demonology,18,5,13
Kymochaos,sargeras,463,warlock,demonology,11,5,6
Sathorastus,spirestone,448,warlock,demonology,10,6,4
Agaros,zuljin,426,warlock,demonology,17,6,11
Shadowmoonon,tichondrius,400,warlock,demonology,13,5,8
Lambe,tichondrius,384,warlock,demonology,6,4,2
Curpt,the-scryers,384,warlock,demonology,6,4,2
Dashaad,illidan,384,warlock,demonology,6,4,2
Bellatriks,nemesis,384,warlock,demonology,6,4,2
Nerolock,frostmourne,384,warlock,demonology,6,4,2
Mazzaleen,area-52,384,warlock,demonology,6,4,2
Xekk,wyrmrest-accord,384,warlock,demonology,6,4,2
Xenagos,antonidas,384,warlock,demonology,6,4,2
Menemies,malganis,384,warlock,demonology,6,4,2
Rodneyjones,emerald-dream,384,warlock,demonology,6,4,2
Conjur,barthilas,384,warlock,demonology,6,4,2
Eflock,barthilas,384,warlock,demonology,6,4,2
Coomerdoomer,stormrage,384,warlock,demonology,6,4,2
Ethero,emerald-dream,384,warlock,demonology,6,4,2
Vesaloth,zuljin,384,warlock,demonology,6,4,2
Frustration,darkspear,384,warlock,demonology,6,4,2
Hélà,sargeras,384,warlock,demonology,6,4,2
Michae,tichondrius,384,warlock,demonology,6,4,2
Kothoped,wyrmrest-accord,384,warlock,demonology,6,4,2
Oniyooshi,kelthuzad,384,warlock,demonology,6,4,2
Deatthmoon,stormrage,384,warlock,demonology,6,4,2
Fokâi,sargeras,384,warlock,demonology,6,4,2
Alchan,tichondrius,384,warlock,demonology,6,4,2
Ardam,cenarion-circle,384,warlock,demonology,6,4,2
Meep,madoran,384,warlock,demonology,6,4,2
Thefunk,tichondrius,384,warlock,demonology,6,4,2
Dottcha,blackrock,384,warlock,demonology,6,4,2
Nüts,blackrock,384,warlock,demonology,6,4,2
Brujever,ragnaros,384,warlock,demonology,6,4,2
Antigotenent,sargeras,384,warlock,demonology,6,4,2
Kyrionn,azralon,384,warlock,demonology,6,4,2
Hordefella,malganis,384,warlock,demonology,6,4,2
Kronii,jubeithos,384,warlock,demonology,6,4,2
Quonton,tichondrius,384,warlock,demonology,6,4,2
Shigero,tichondrius,384,warlock,demonology,6,4,2
Logixo,sargeras,384,warlock,demonology,7,4,3
Warlooch,area-52,384,warlock,demonology,9,5,4
Woudini,malganis,384,warlock,demonology,10,5,5
Çheesestick,dalaran,384,warlock,demonology,12,4,8
Soulrman,tichondrius,384,warlock,demonology,12,4,8
Dagadon,arathor,384,warlock,demonology,12,4,8
Arsaurelica,blackrock,384,warlock,demonology,12,4,8
Puchador,sargeras,384,warlock,demonology,12,4,8
Saevitar,area-52,384,warlock,demonology,12,4,8
Naz,shadowsong,384,warlock,demonology,12,4,8
Ddorangmoon,tichondrius,384,warlock,demonology,12,4,8
Ven,dalaran,384,warlock,demonology,12,4,8
Vasqu,stormrage,384,warlock,demonology,12,4,8
Millions,barthilas,384,warlock,demonology,12,4,8
Tahmrin,quelthalas,384,warlock,demonology,12,4,8
Uarus,tichondrius,384,warlock,demonology,12,4,8
Diekast,tichondrius,384,warlock,demonology,12,4,8
Warlack,jubeithos,384,warlock,demonology,12,4,8
Dogcookie,moon-guard,384,warlock,demonology,12,4,8
Ragnalock,laughing-skull,384,warlock,demonology,14,4,10
Tofulery,tichondrius,384,warlock,demonology,18,4,14
Greems,tichondrius,383,warlock,demonology,6,4,2
Freshimps,blood-furnace,367,warlock,demonology,11,4,7
Sharee,azuremyst,363,warlock,demonology,11,4,7
Ärminvßuurën,barthilas,351,warlock,demonology,11,4,7
Minichompei,frostmourne,319,warlock,demonology,5,4,1
Darthael,stormrage,288,warlock,demonology,6,3,3
Pìnto,illidan,288,warlock,demonology,6,3,3
Asmodeun,malganis,288,warlock,demonology,6,3,3
Psyløck,bleeding-hollow,288,warlock,demonology,6,3,3
Diebydots,blackrock,288,warlock,demonology,6,3,3
Ðamndaddy,sargeras,288,warlock,demonology,6,3,3
Tynks,mannoroth,288,warlock,demonology,6,3,3
Moryan,malfurion,288,warlock,demonology,6,3,3
Pikslol,bleeding-hollow,288,warlock,demonology,6,3,3
Sangala,malganis,288,warlock,demonology,6,3,3
Emperator,quelthalas,288,warlock,demonology,6,3,3
Naokishi,stormrage,288,warlock,demonology,6,3,3
Nyhn,bleeding-hollow,288,warlock,demonology,6,3,3
Locksoul,area-52,288,warlock,demonology,6,3,3
Neruvian,tichondrius,288,warlock,demonology,6,3,3
Superbroly,area-52,288,warlock,demonology,6,3,3
Keezus,area-52,288,warlock,demonology,6,3,3
Sooshi,malganis,288,warlock,demonology,6,3,3
Thelocker,stormrage,288,warlock,demonology,6,3,3
Areolaz,kelthuzad,288,warlock,demonology,6,3,3
Drerrday,kelthuzad,288,warlock,demonology,6,3,3
Nightterrour,frostmourne,288,warlock,demonology,6,3,3
Lockinha,azralon,288,warlock,demonology,6,3,3
Schrader,sargeras,288,warlock,demonology,6,3,3
Elementzero,malorne,288,warlock,demonology,6,3,3
Juankkii,bonechewer,288,warlock,demonology,6,3,3
Azland,proudmoore,288,warlock,demonology,6,3,3
Cragalt,tichondrius,288,warlock,demonology,6,3,3
Jennifear,sargeras,288,warlock,demonology,6,3,3
Zanlockos,dalaran,288,warlock,demonology,6,3,3
Wineburger,frostmourne,288,warlock,demonology,6,3,3
Niava,tichondrius,288,warlock,demonology,6,3,3
Graveland,frostwolf,288,warlock,demonology,6,3,3
Yury,scarlet-crusade,288,warlock,demonology,6,3,3
Nockdreal,azralon,288,warlock,demonology,6,3,3
Hauntsin,hyjal,288,warlock,demonology,6,3,3
Khatrat,azralon,288,warlock,demonology,6,3,3
Schofen,tichondrius,288,warlock,demonology,6,3,3
Ðemented,bleeding-hollow,288,warlock,demonology,6,3,3
Capslock,arthas,288,warlock,demonology,6,3,3
Soulruler,tichondrius,288,warlock,demonology,6,3,3
Drelgun,aerie-peak,288,warlock,demonology,6,3,3
Agonie,tichondrius,288,warlock,demonology,6,3,3
Bral,hyjal,288,warlock,demonology,6,3,3
Rumpology,illidan,288,warlock,demonology,6,3,3
Saffuky,frostmourne,288,warlock,demonology,6,3,3
Hgma,tichondrius,288,warlock,demonology,6,3,3
Asiopdu,tichondrius,288,warlock,demonology,6,3,3
Deadlylock,gilneas,288,warlock,demonology,6,3,3
Lhordeign,area-52,288,warlock,demonology,6,3,3
Bbangtimo,tichondrius,288,warlock,demonology,6,3,3
Mindfulchimp,sargeras,288,warlock,demonology,6,3,3
Munick,spirestone,288,warlock,demonology,6,3,3
Gandreleda,wyrmrest-accord,288,warlock,demonology,10,4,6
Immortallock,tichondrius,288,warlock,demonology,12,3,9
Dàmagicman,drakthul,288,warlock,demonology,12,3,9
Agertis,frostmourne,288,warlock,demonology,12,3,9
Killvilock,kelthuzad,288,warlock,demonology,12,3,9
Crispee,azuremyst,288,warlock,demonology,12,3,9
Albbanoo,tichondrius,288,warlock,demonology,12,3,9
Orbvoid,sargeras,287,warlock,demonology,12,3,9
Ijustsharded,area-52,255,warlock,demonology,11,3,8
Slugworth,rivendare,239,warlock,demonology,5,3,2
Quetzâlcoâtl,sargeras,239,warlock,demonology,5,3,2
Bänno,bleeding-hollow,239,warlock,demonology,5,3,2
Uwantpeach,tichondrius,239,warlock,demonology,5,3,2
Predictions,sargeras,234,warlock,demonology,10,5,5
Cocoabuttâ,stormrage,192,warlock,demonology,4,3,1
Kaertis,emerald-dream,192,warlock,demonology,9,3,6
Trippednfel,stormrage,192,warlock,demonology,6,2,4
Warfeen,malganis,192,warlock,demonology,6,2,4
Infecçäo,stormrage,192,warlock,demonology,6,2,4
Creepydotman,mannoroth,192,warlock,demonology,6,2,4
Constantine,exodar,192,warlock,demonology,6,2,4
Boon,spirestone,192,warlock,demonology,6,2,4
Draino,tichondrius,192,warlock,demonology,6,2,4
Watchmeport,onyxia,192,warlock,demonology,6,2,4
Vendareth,earthen-ring,192,warlock,demonology,6,2,4
Sheshð,stormrage,192,warlock,demonology,6,2,4
Lilbiackguy,stormrage,192,warlock,demonology,6,2,4
Zerowarlock,stormrage,192,warlock,demonology,6,2,4
Kaosqt,nemesis,192,warlock,demonology,6,2,4
Capïrota,nemesis,192,warlock,demonology,6,2,4
Easymac,thunderlord,192,warlock,demonology,6,2,4
Buboñic,area-52,192,warlock,demonology,6,2,4
Rôsé,tichondrius,192,warlock,demonology,6,2,4
Xoxoxu,frostmourne,192,warlock,demonology,6,2,4
Xblessed,stormrage,192,warlock,demonology,6,2,4
Xuker,tichondrius,192,warlock,demonology,6,2,4
Anukh,emerald-dream,192,warlock,demonology,6,2,4
Qic,runetotem,192,warlock,demonology,6,2,4
Damerus,illidan,192,warlock,demonology,6,2,4
Yuckytoetoe,emerald-dream,192,warlock,demonology,6,2,4
Adlfcritler,emerald-dream,192,warlock,demonology,6,2,4
Knobbynobbas,stormrage,192,warlock,demonology,6,2,4
Sakyameil,area-52,192,warlock,demonology,6,2,4
Darkboltz,area-52,192,warlock,demonology,6,2,4
Rokdas,area-52,192,warlock,demonology,6,2,4
Irene,nagrand,192,warlock,demonology,6,2,4
Shadowhax,area-52,192,warlock,demonology,6,2,4
Koffay,bleeding-hollow,192,warlock,demonology,6,2,4
Stuffs,wyrmrest-accord,192,warlock,demonology,6,2,4
Nanicide,kelthuzad,192,warlock,demonology,6,2,4
Ziroken,crushridge,192,warlock,demonology,6,2,4
Geauxst,tichondrius,192,warlock,demonology,6,2,4
Caesis,illidan,192,warlock,demonology,6,2,4
Destructo,illidan,192,warlock,demonology,6,2,4
Evilempire,sargeras,192,warlock,demonology,6,2,4
Barbieelf,sargeras,192,warlock,demonology,6,2,4
Zalissel,proudmoore,192,warlock,demonology,6,2,4
Griffoz,frostwolf,192,warlock,demonology,6,2,4
Heartpvp,tichondrius,192,warlock,demonology,6,2,4
Daliadark,sargeras,192,warlock,demonology,6,2,4
Greenbeanzs,tichondrius,192,warlock,demonology,6,2,4
Nefertarie,illidan,192,warlock,demonology,6,2,4
Drkdestro,boulderfist,192,warlock,demonology,12,2,10
Jafi,coilfang,159,warlock,demonology,5,2,3
Wårloçk,tichondrius,159,warlock,demonology,5,2,3
Gartlarrey,daggerspine,158,warlock,demonology,14,3,11
Cslice,magtheridon,128,warlock,demonology,4,2,2
Tazlock,blackrock,128,warlock,demonology,10,2,8
Amauder,moon-guard,96,warlock,demonology,6,1,5
Skured,maiev,96,warlock,demonology,6,1,5
Shortbuhz,tichondrius,96,warlock,demonology,6,1,5
Laklin,stormscale,96,warlock,demonology,6,1,5
Flangy,kiljaeden,96,warlock,demonology,6,1,5
Yora,illidan,96,warlock,demonology,6,1,5
Strax,shattered-hand,96,warlock,demonology,6,1,5
Velondris,illidan,96,warlock,demonology,6,1,5
Eriss,exodar,96,warlock,demonology,6,1,5
Varvanta,proudmoore,96,warlock,demonology,6,1,5
Ñinelyfe,frostmourne,96,warlock,demonology,6,1,5
Bilidin,azralon,96,warlock,demonology,6,1,5
Badstepbro,sargeras,96,warlock,demonology,6,1,5
Erimegara,ragnaros,96,warlock,demonology,6,1,5
Borthrel,moon-guard,96,warlock,demonology,6,1,5
Nùts,frostmourne,96,warlock,demonology,6,1,5
Decrepticus,kargath,96,warlock,demonology,6,1,5
Fearedit,bleeding-hollow,96,warlock,demonology,6,1,5
Rylal,illidan,96,warlock,demonology,6,1,5
Damdochael,bleeding-hollow,96,warlock,demonology,6,1,5
Sidiouss,dreadmaul,96,warlock,demonology,6,1,5
Overlard,illidan,96,warlock,demonology,6,1,5
Hâunted,khazgoroth,96,warlock,demonology,6,1,5
Sinful,darkspear,96,warlock,demonology,6,1,5
Fashon,barthilas,96,warlock,demonology,6,1,5
Xalithra,moon-guard,96,warlock,demonology,6,1,5
Uggaboogga,malganis,96,warlock,demonology,6,1,5
Malzahard,ragnaros,96,warlock,demonology,6,1,5
Thugpenus,frostmane,96,warlock,demonology,6,1,5
Bmó,stormrage,96,warlock,demonology,6,1,5
Neutrinowal,tichondrius,96,warlock,demonology,6,1,5
Halloweèn,kelthuzad,96,warlock,demonology,6,1,5
Jazzycj,bleeding-hollow,96,warlock,demonology,6,1,5
Osteogenesis,quelthalas,96,warlock,demonology,6,1,5
Tonyxx,tichondrius,96,warlock,demonology,6,1,5
Fluximilian,azralon,96,warlock,demonology,7,1,6
Kecca,azralon,96,warlock,demonology,15,1,14
Mamabolts,kelthuzad,79,warlock,demonology,5,1,4
Shaurial,zuljin,48,warlock,demonology,3,1,2
Warlow,mugthol,31,warlock,demonology,8,1,7
Reverence,tichondrius,2283,warlock,destruction,101,64,37
Voidchaos,whisperwind,2229,warlock,destruction,130,70,60
Mengqil,tichondrius,2189,warlock,destruction,96,54,42
Dannyl,tichondrius,2178,warlock,destruction,60,41,19
Søülætër,bleeding-hollow,2161,warlock,destruction,66,42,24
Impenjoyer,tichondrius,2154,warlock,destruction,66,41,25
Playßøy,area-52,2154,warlock,destruction,78,45,33
Jonboyy,illidan,2154,warlock,destruction,96,51,45
Truetime,tichondrius,2147,warlock,destruction,84,46,38
Ihatemyson,tichondrius,2144,warlock,destruction,59,33,26
Ellynaria,nemesis,2142,warlock,destruction,78,51,27
Kamohoalii,bleeding-hollow,2142,warlock,destruction,60,39,21
Tomatobob,thrall,2136,warlock,destruction,84,44,40
Igortrikadva,zuljin,2135,warlock,destruction,72,43,29
Leredi,stormrage,2135,warlock,destruction,146,78,68
Deideimeow,illidan,2130,warlock,destruction,65,42,23
Nos,bleeding-hollow,2130,warlock,destruction,65,40,25
Ihavestds,tichondrius,2129,warlock,destruction,54,31,23
Drâkedog,illidan,2128,warlock,destruction,66,38,28
Sockems,guldan,2125,warlock,destruction,90,51,39
Dodgeykun,khaz-modan,2123,warlock,destruction,83,53,30
Hahahahahha,stormrage,2123,warlock,destruction,65,40,25
Zyzx,malganis,2120,warlock,destruction,59,37,22
Hudwinx,illidan,2119,warlock,destruction,78,47,31
Drakedogee,illidan,2119,warlock,destruction,66,35,31
Warzog,wyrmrest-accord,2117,warlock,destruction,66,41,25
Dxxz,tichondrius,2117,warlock,destruction,79,45,34
Bananapan,tichondrius,2116,warlock,destruction,66,44,22
Mcdudebro,malganis,2115,warlock,destruction,54,37,17
Usurpest,bleeding-hollow,2114,warlock,destruction,79,50,29
Mclovn,suramar,2114,warlock,destruction,77,44,33
Singleaf,stormrage,2113,warlock,destruction,81,47,34
Idotû,tichondrius,2111,warlock,destruction,90,53,37
Mjn,tichondrius,2107,warlock,destruction,100,51,49
Stingzz,azralon,2106,warlock,destruction,61,38,23
Chaosboltex,tichondrius,2106,warlock,destruction,72,41,31
Babyaga,illidan,2106,warlock,destruction,85,42,43
Jcm,hyjal,2104,warlock,destruction,59,41,18
Dottle,frostmourne,2104,warlock,destruction,66,39,27
Dae,burning-legion,2103,warlock,destruction,59,38,21
Bufflockmore,tichondrius,2103,warlock,destruction,112,62,50
Kaytoxic,tichondrius,2103,warlock,destruction,72,39,33
Ohmend,thrall,2102,warlock,destruction,69,45,24
Disembolt,illidan,2102,warlock,destruction,66,41,25
Rainbowdate,tichondrius,2101,warlock,destruction,36,29,7
Implify,tichondrius,2101,warlock,destruction,142,73,69
Pillçosby,bleeding-hollow,2095,warlock,destruction,72,38,34
Quinsnyder,zuljin,2083,warlock,destruction,121,61,60
Foresthills,sargeras,2082,warlock,destruction,66,38,28
Thugonomicz,demon-soul,2071,warlock,destruction,54,37,17
Brainless,tichondrius,2067,warlock,destruction,91,58,33
Diabolicalz,sargeras,2067,warlock,destruction,81,42,39
Luvana,kelthuzad,2066,warlock,destruction,65,42,23
Darthael,stormrage,2064,warlock,destruction,152,92,60
Woahlock,thrall,2054,warlock,destruction,58,35,23
Warlockwars,amanthul,2054,warlock,destruction,118,66,52
Dean,frostmourne,2051,warlock,destruction,54,28,26
Revenid,tichondrius,2049,warlock,destruction,72,42,30
Breeped,tichondrius,2044,warlock,destruction,108,68,40
Hàrrydotter,darkspear,2041,warlock,destruction,58,36,22
Loopsy,stormrage,2041,warlock,destruction,79,43,36
Rizzard,lightnings-blade,2039,warlock,destruction,89,52,37
Drexia,tichondrius,2034,warlock,destruction,42,32,10
Sarcophagus,duskwood,2032,warlock,destruction,84,43,41
Instabilityx,tichondrius,2028,warlock,destruction,71,42,29
Audition,ragnaros,2026,warlock,destruction,90,47,43
Gimmeprecog,tichondrius,2025,warlock,destruction,44,34,10
Deadlpoo,stormscale,2018,warlock,destruction,118,64,54
Duukka,malganis,2015,warlock,destruction,96,53,43
Colombø,gallywix,2015,warlock,destruction,104,55,49
Kruxxqt,illidan,2014,warlock,destruction,186,99,87
Truenatestes,proudmoore,2012,warlock,destruction,59,33,26
Albbanoo,tichondrius,2012,warlock,destruction,131,71,60
Cc,hellscream,2009,warlock,destruction,84,59,25
Thumperrz,frostmourne,2009,warlock,destruction,60,33,27
Butteredbun,stormrage,1998,warlock,destruction,84,52,32
Ghoul,demon-soul,1998,warlock,destruction,48,28,20
Epícburn,illidan,1996,warlock,destruction,30,21,9
Kyranu,tichondrius,1990,warlock,destruction,85,46,39
Scørrgx,azralon,1990,warlock,destruction,66,34,32
Usainboltzz,tichondrius,1986,warlock,destruction,36,30,6
Kaidow,tichondrius,1981,warlock,destruction,60,40,20
Tacobelf,magtheridon,1980,warlock,destruction,129,73,56
Demonman,kirin-tor,1978,warlock,destruction,54,33,21
Uwantpeach,tichondrius,1975,warlock,destruction,36,29,7
Dazzuu,illidan,1972,warlock,destruction,95,51,44
Zeari,sargeras,1972,warlock,destruction,109,55,54
Lopenx,korgath,1970,warlock,destruction,80,43,37
Hrrpeuh,zuljin,1969,warlock,destruction,52,28,24
Nðm,tichondrius,1968,warlock,destruction,96,48,48
Salanzø,bleeding-hollow,1965,warlock,destruction,54,31,23
Mizmagius,moon-guard,1965,warlock,destruction,65,31,34
Boltsnhoes,illidan,1961,warlock,destruction,78,46,32
Blackyeonnam,tichondrius,1959,warlock,destruction,86,46,40
Insanetroll,stormrage,1935,warlock,destruction,54,36,18
Ignorai,illidan,1935,warlock,destruction,94,56,38
Beegbeechy,nesingwary,1932,warlock,destruction,60,37,23
Abrocket,alleria,1931,warlock,destruction,59,33,26
Amgs,frostmourne,1930,warlock,destruction,77,46,31
Sourslock,shadowsong,1929,warlock,destruction,72,44,28
Archimondee,rivendare,1928,warlock,destruction,84,42,42
Ztlivid,area-52,1926,warlock,destruction,36,28,8
Felfeels,area-52,1926,warlock,destruction,54,33,21
Fingerslock,malganis,1926,warlock,destruction,96,50,46
Yuoalx,tichondrius,1922,warlock,destruction,72,38,34
Kaelith,kelthuzad,1920,warlock,destruction,97,50,47
Napiersdot,tichondrius,1919,warlock,destruction,60,34,26
Wwlock,area-52,1919,warlock,destruction,98,54,44
Disgustingfk,illidan,1916,warlock,destruction,60,37,23
Chaosjedi,stormrage,1916,warlock,destruction,54,31,23
Cux,malganis,1913,warlock,destruction,60,33,27
Milkdrunk,blackrock,1913,warlock,destruction,107,57,50
Yoyoyosup,stormrage,1905,warlock,destruction,48,32,16
Hellsparks,malganis,1903,warlock,destruction,48,29,19
Laiquisha,zuljin,1900,warlock,destruction,49,29,20
Ozmat,spirestone,1900,warlock,destruction,36,20,16
Amez,grizzly-hills,1900,warlock,destruction,60,33,27
Nvlnx,tichondrius,1899,warlock,destruction,60,32,28
Twinklockxx,mannoroth,1899,warlock,destruction,101,46,55
Zaef,kelthuzad,1894,warlock,destruction,31,21,10
Maadhum,illidan,1894,warlock,destruction,72,32,40
Stilltrilly,tichondrius,1892,warlock,destruction,36,25,11
Sitomey,emerald-dream,1892,warlock,destruction,54,33,21
Eggós,sargeras,1891,warlock,destruction,114,60,54
Sidgnosis,stormrage,1888,warlock,destruction,93,56,37
Sinápsís,ragnaros,1886,warlock,destruction,42,27,15
Ðlrwêcïûj,stormrage,1884,warlock,destruction,24,20,4
Madthelock,sargeras,1884,warlock,destruction,42,20,22
Warcalk,stormrage,1879,warlock,destruction,54,34,20
Eqx,illidan,1877,warlock,destruction,42,26,16
Xavier,wyrmrest-accord,1877,warlock,destruction,53,30,23
Roxmysox,darkspear,1875,warlock,destruction,84,43,41
Medzor,tichondrius,1872,warlock,destruction,57,33,24
Zarinista,veknilash,1872,warlock,destruction,73,38,35
Alchandil,tichondrius,1868,warlock,destruction,36,26,10
Pernicious,bladefist,1868,warlock,destruction,89,39,50
Reneqtxo,frostmourne,1866,warlock,destruction,68,47,21
Dustywlx,area-52,1865,warlock,destruction,74,45,29
Pheadas,deathwing,1865,warlock,destruction,42,20,22
Sweatystain,tichondrius,1862,warlock,destruction,52,33,19
Calvarr,bleeding-hollow,1859,warlock,destruction,54,32,22
Freddiewill,tichondrius,1857,warlock,destruction,54,36,18
Cosmosxx,illidan,1856,warlock,destruction,30,26,4
Luhgëek,tichondrius,1856,warlock,destruction,47,29,18
Soulrulerxc,tichondrius,1854,warlock,destruction,42,27,15
Darksummoner,kaelthas,1853,warlock,destruction,84,46,38
Drugmuffin,tichondrius,1852,warlock,destruction,48,28,20
Synkz,blood-furnace,1849,warlock,destruction,42,24,18
Sosahawk,stormrage,1848,warlock,destruction,72,53,19
Genzy,tichondrius,1847,warlock,destruction,54,24,30
Verbzz,tichondrius,1846,warlock,destruction,36,23,13
Narila,firetree,1846,warlock,destruction,36,21,15
Magnetix,arthas,1846,warlock,destruction,157,85,72
Lemmepvponu,illidan,1846,warlock,destruction,59,28,31
Brujoalfa,ragnaros,1845,warlock,destruction,63,43,20
Dreadful,frostmourne,1845,warlock,destruction,54,34,20
Ñpç,bleeding-hollow,1844,warlock,destruction,83,44,39
Tott,hellscream,1843,warlock,destruction,44,23,21
Chilipeppa,wyrmrest-accord,1842,warlock,destruction,36,27,9
Benafflockzz,kelthuzad,1840,warlock,destruction,66,44,22
Millidots,bleeding-hollow,1840,warlock,destruction,54,31,23
Darkmagicc,tichondrius,1840,warlock,destruction,60,31,29
Enter,saurfang,1838,warlock,destruction,36,24,12
Demonicxs,area-52,1836,warlock,destruction,59,31,28
Wife,bleeding-hollow,1836,warlock,destruction,60,31,29
Nosw,bleeding-hollow,1835,warlock,destruction,42,26,16
Badstep,tichondrius,1835,warlock,destruction,51,30,21
Shadowhax,area-52,1835,warlock,destruction,72,35,37
Gigabiga,area-52,1834,warlock,destruction,24,20,4
Soragen,barthilas,1834,warlock,destruction,54,37,17
Farathos,ragnaros,1834,warlock,destruction,114,71,43
Isodjdojk,sargeras,1834,warlock,destruction,52,29,23
Gotthmog,nerzhul,1833,warlock,destruction,48,30,18
Giantgobrin,zuljin,1832,warlock,destruction,36,24,12
Rhelialock,stormrage,1830,warlock,destruction,36,21,15
Destroyy,greymane,1830,warlock,destruction,42,23,19
Nezlock,moon-guard,1829,warlock,destruction,92,45,47
Shequita,stormrage,1825,warlock,destruction,48,37,11
Doughnut,mugthol,1825,warlock,destruction,48,30,18
Agaros,zuljin,1825,warlock,destruction,49,30,19
Cróhns,bleeding-hollow,1824,warlock,destruction,121,78,43
Dipicrowcaw,tichondrius,1822,warlock,destruction,24,19,5
Heckindoggø,tichondrius,1822,warlock,destruction,51,28,23
Drazh,area-52,1821,warlock,destruction,57,32,25
Róckroad,lightnings-blade,1820,warlock,destruction,42,26,16
Puginlock,illidan,1819,warlock,destruction,60,38,22
Panna,tichondrius,1819,warlock,destruction,54,28,26
Latchlock,malganis,1818,warlock,destruction,78,48,30
Bumbleebolt,azralon,1817,warlock,destruction,24,19,5
Wraithlord,chogall,1816,warlock,destruction,51,32,19
Bismorc,frostmourne,1816,warlock,destruction,42,23,19
Dunnin,dalaran,1815,warlock,destruction,36,22,14
Horror,moon-guard,1815,warlock,destruction,36,19,17
Shinjuro,stormrage,1814,warlock,destruction,36,24,12
Slpxoxo,sargeras,1814,warlock,destruction,54,30,24
Famerap,tichondrius,1813,warlock,destruction,36,25,11
Wiredftw,illidan,1813,warlock,destruction,30,19,11
Sacalawia,drakkari,1813,warlock,destruction,45,27,18
Zauber,magtheridon,1812,warlock,destruction,44,29,15
Destructio,tichondrius,1812,warlock,destruction,54,31,23
Marshyw,tichondrius,1812,warlock,destruction,36,19,17
Nevermindxd,barthilas,1812,warlock,destruction,60,30,30
Naroy,malygos,1811,warlock,destruction,38,21,17
Thegodd,nemesis,1811,warlock,destruction,54,28,26
Darkwidow,sargeras,1811,warlock,destruction,90,45,45
Venticm,tichondrius,1810,warlock,destruction,42,26,16
Alchan,tichondrius,1810,warlock,destruction,65,38,27
Tonnon,stormrage,1810,warlock,destruction,72,42,30
Fartymårty,tichondrius,1810,warlock,destruction,36,21,15
Omnireaper,tichondrius,1810,warlock,destruction,54,29,25
Oof,dalaran,1809,warlock,destruction,30,22,8
Payn,kiljaeden,1808,warlock,destruction,54,26,28
Whodatman,illidan,1807,warlock,destruction,30,25,5
Drthiccbolts,malganis,1807,warlock,destruction,47,29,18
Aidadeshu,tichondrius,1807,warlock,destruction,60,32,28
Yeepzbytre,bleeding-hollow,1806,warlock,destruction,42,32,10
Nigthdeath,nemesis,1806,warlock,destruction,173,91,82
Döremi,tichondrius,1805,warlock,destruction,48,28,20
Vulcke,kelthuzad,1805,warlock,destruction,47,23,24
Tommybahama,velen,1804,warlock,destruction,46,32,14
Expiredfood,stormreaver,1803,warlock,destruction,42,26,16
Scârecrow,stormrage,1802,warlock,destruction,72,46,26
Struggles,emerald-dream,1802,warlock,destruction,159,85,74
Mamosa,stormrage,1801,warlock,destruction,72,52,20
Leeroydots,area-52,1801,warlock,destruction,48,34,14
Yidhra,aerie-peak,1801,warlock,destruction,75,46,29
Geekmonster,tichondrius,1801,warlock,destruction,54,33,21
Rizzofsparta,stormrage,1801,warlock,destruction,42,25,17
Xervas,frostmourne,1800,warlock,destruction,54,33,21
Soulbane,nemesis,1800,warlock,destruction,36,22,14
Twilson,moon-guard,1798,warlock,destruction,48,27,21
Sherlóck,duskwood,1798,warlock,destruction,54,28,26
Brazlem,blackrock,1796,warlock,destruction,43,30,13
Maggotworm,sargeras,1794,warlock,destruction,111,69,42
Chaosbolt,bloodhoof,1794,warlock,destruction,48,26,22
Feardotjpg,stormrage,1791,warlock,destruction,42,29,13
Salival,chogall,1786,warlock,destruction,24,19,5
Wreyz,mannoroth,1783,warlock,destruction,72,39,33
Neghros,illidan,1783,warlock,destruction,77,39,38
Blackchinese,zuljin,1778,warlock,destruction,126,66,60
Drdoom,sargeras,1777,warlock,destruction,30,19,11
Agni,gurubashi,1776,warlock,destruction,108,59,49
Dragonixs,ragnaros,1776,warlock,destruction,78,42,36
Deangood,tichondrius,1775,warlock,destruction,96,53,43
Kartharian,wyrmrest-accord,1773,warlock,destruction,47,24,23
Alùcärd,tichondrius,1772,warlock,destruction,54,25,29
Herpalock,illidan,1768,warlock,destruction,72,28,44
Podda,shuhalo,1767,warlock,destruction,41,28,13
Trundle,area-52,1766,warlock,destruction,29,21,8
Niava,tichondrius,1764,warlock,destruction,48,26,22
Kogath,thunderlord,1763,warlock,destruction,86,50,36
Azaradx,sargeras,1762,warlock,destruction,72,46,26
Andelaylas,tichondrius,1758,warlock,destruction,48,33,15
Nick,llane,1757,warlock,destruction,36,23,13
Turiggyjr,tichondrius,1756,warlock,destruction,41,26,15
Làsko,area-52,1756,warlock,destruction,66,36,30
Locodwarf,frostmourne,1755,warlock,destruction,203,96,107
Obliceress,crushridge,1754,warlock,destruction,42,26,16
Ibrroski,proudmoore,1753,warlock,destruction,24,20,4
Åbyssal,stormrage,1749,warlock,destruction,60,42,18
Punstable,tichondrius,1749,warlock,destruction,64,36,28
Buu,veknilash,1747,warlock,destruction,48,28,20
Reallymagic,malganis,1743,warlock,destruction,83,49,34
Sîthfu,tichondrius,1743,warlock,destruction,139,80,59
Løcalplugxø,barthilas,1739,warlock,destruction,48,39,9
Benafflockz,kelthuzad,1734,warlock,destruction,29,19,10
Razzakka,stormrage,1733,warlock,destruction,83,45,38
Mânuel,akama,1731,warlock,destruction,30,22,8
Oblivious,firetree,1731,warlock,destruction,96,51,45
Firenzy,dalaran,1730,warlock,destruction,48,28,20
Antinurse,bleeding-hollow,1730,warlock,destruction,60,33,27
Barbieelf,sargeras,1729,warlock,destruction,85,45,40
Rotshtëin,tichondrius,1728,warlock,destruction,97,50,47
Scathey,area-52,1726,warlock,destruction,78,49,29
Shadøwy,nemesis,1724,warlock,destruction,125,70,55
Daylyt,sargeras,1723,warlock,destruction,27,19,8
Popdotdropit,frostwolf,1723,warlock,destruction,66,39,27
Ribman,stormrage,1722,warlock,destruction,36,18,18
Realgodlock,proudmoore,1722,warlock,destruction,57,27,30
Inmøtion,tichondrius,1721,warlock,destruction,36,18,18
Chaoticchaos,kelthuzad,1719,warlock,destruction,29,19,10
Bigulinhos,nemesis,1717,warlock,destruction,30,18,12
Meatmanxtrem,sargeras,1717,warlock,destruction,48,27,21
Spooked,khadgar,1716,warlock,destruction,36,24,12
Jierd,tichondrius,1716,warlock,destruction,34,20,14
Halloweèn,kelthuzad,1716,warlock,destruction,107,61,46
Fearmebro,bleeding-hollow,1715,warlock,destruction,124,67,57
Azlloa,tichondrius,1713,warlock,destruction,36,22,14
Hehimx,bleeding-hollow,1711,warlock,destruction,24,18,6
Screampies,tichondrius,1711,warlock,destruction,40,25,15
Symaitiel,azralon,1710,warlock,destruction,54,29,25
Bod,bleeding-hollow,1709,warlock,destruction,30,18,12
Richãrd,area-52,1709,warlock,destruction,49,26,23
Hakai,bleeding-hollow,1708,warlock,destruction,38,26,12
Seangnong,tichondrius,1708,warlock,destruction,30,18,12
Neverending,malganis,1707,warlock,destruction,31,18,13
Cocaineparty,tichondrius,1707,warlock,destruction,53,29,24
Fredwinsta,laughing-skull,1706,warlock,destruction,24,18,6
Evatar,malganis,1705,warlock,destruction,30,19,11
Urukái,dalaran,1704,warlock,destruction,72,40,32
Eggpower,tichondrius,1703,warlock,destruction,40,23,17
Wzxx,tichondrius,1703,warlock,destruction,57,29,28
Jaspieno,illidan,1702,warlock,destruction,30,18,12
Grandmama,tichondrius,1702,warlock,destruction,36,21,15
Stormrift,sargeras,1701,warlock,destruction,68,39,29
Vileröze,zuljin,1700,warlock,destruction,42,25,17
Wolfstein,tichondrius,1699,warlock,destruction,24,18,6
Aryoc,ragnaros,1698,warlock,destruction,42,28,14
Karimbenzema,tichondrius,1698,warlock,destruction,36,24,12
Nasn,black-dragonflight,1698,warlock,destruction,44,28,16
Daartaru,quelthalas,1698,warlock,destruction,90,48,42
Spaceghóst,bleeding-hollow,1697,warlock,destruction,81,45,36
Krikxy,tichondrius,1697,warlock,destruction,44,24,20
Feetsampler,stormrage,1697,warlock,destruction,46,21,25
Iskiplegday,illidan,1697,warlock,destruction,101,43,58
Sairic,azralon,1696,warlock,destruction,48,36,12
Terrorbytes,frostmourne,1695,warlock,destruction,54,32,22
Philsbad,lightbringer,1693,warlock,destruction,35,22,13
Pk,azralon,1691,warlock,destruction,24,18,6
Dotandforget,tichondrius,1691,warlock,destruction,36,24,12
Nightmanx,sargeras,1691,warlock,destruction,29,18,11
Dferreira,azralon,1691,warlock,destruction,96,56,40
Cbx,kelthuzad,1690,warlock,destruction,36,28,8
Chaosbeard,korgath,1690,warlock,destruction,62,36,26
Buboñic,area-52,1690,warlock,destruction,47,27,20
Drakwlya,tichondrius,1689,warlock,destruction,30,18,12
Demonicsnap,bleeding-hollow,1689,warlock,destruction,41,24,17
Mazewl,illidan,1686,warlock,destruction,32,23,9
Bobbyshmurdå,frostmourne,1686,warlock,destruction,48,29,19
Lapidate,malganis,1685,warlock,destruction,47,23,24
Cvoaw,bonechewer,1683,warlock,destruction,36,23,13
Meep,madoran,1682,warlock,destruction,53,34,19
Vamprixlz,illidan,1680,warlock,destruction,37,25,12
Gavrhin,area-52,1678,warlock,destruction,41,26,15
Katrisse,aegwynn,1678,warlock,destruction,48,27,21
Breeak,sargeras,1676,warlock,destruction,48,31,17
Ðiêsel,malganis,1676,warlock,destruction,54,31,23
Dipixd,tichondrius,1675,warlock,destruction,24,22,2
Locean,tichondrius,1674,warlock,destruction,30,19,11
Suaveaye,tichondrius,1674,warlock,destruction,36,21,15
Savlonicsego,stormrage,1672,warlock,destruction,60,31,29
Pyatpree,bleeding-hollow,1671,warlock,destruction,30,19,11
Doclove,destromath,1668,warlock,destruction,76,40,36
Vasago,jubeithos,1667,warlock,destruction,37,23,14
Chaosbôlt,proudmoore,1667,warlock,destruction,60,30,30
Kissmybolts,frostmourne,1666,warlock,destruction,42,23,19
Zimer,moon-guard,1665,warlock,destruction,60,34,26
Curse,agamaggan,1665,warlock,destruction,48,27,21
Ardentia,malganis,1664,warlock,destruction,48,28,20
Babybolt,frostmourne,1664,warlock,destruction,48,22,26
Evilempire,sargeras,1663,warlock,destruction,36,22,14
Olgee,tortheldrin,1663,warlock,destruction,53,30,23
Cairo,emerald-dream,1658,warlock,destruction,126,68,58
Bytezlk,area-52,1657,warlock,destruction,30,20,10
Kâyn,area-52,1657,warlock,destruction,59,30,29
Kernlberton,tichondrius,1652,warlock,destruction,36,22,14
Zoagen,ragnaros,1650,warlock,destruction,28,20,8
Tahmrin,quelthalas,1646,warlock,destruction,34,20,14
Keylloggz,sargeras,1646,warlock,destruction,62,34,28
Neverportx,kirin-tor,1645,warlock,destruction,36,21,15
Critthis,illidan,1644,warlock,destruction,35,25,10
Kairiesmirk,illidan,1644,warlock,destruction,46,26,20
Krokusx,illidan,1643,warlock,destruction,72,38,34
Devilman,darkspear,1643,warlock,destruction,109,57,52
Debigbolt,area-52,1642,warlock,destruction,30,22,8
Josaith,moon-guard,1642,warlock,destruction,83,49,34
Butterboyx,stormrage,1642,warlock,destruction,36,21,15
Barovir,tichondrius,1642,warlock,destruction,42,22,20
Derok,bleeding-hollow,1641,warlock,destruction,155,77,78
Degred,tichondrius,1640,warlock,destruction,33,27,6
Lilbiackguy,stormrage,1639,warlock,destruction,54,39,15
Apøçàlÿpsè,firetree,1639,warlock,destruction,54,30,24
Razlock,moon-guard,1639,warlock,destruction,153,81,72
Veleza,kiljaeden,1639,warlock,destruction,48,24,24
Demonclock,sargeras,1637,warlock,destruction,39,24,15
Killabeesack,tichondrius,1635,warlock,destruction,43,25,18
Drain,proudmoore,1634,warlock,destruction,48,30,18
Doombaby,zuljin,1632,warlock,destruction,70,45,25
Marcelium,greymane,1631,warlock,destruction,24,17,7
Sagatt,illidan,1631,warlock,destruction,68,37,31
Lafourche,tichondrius,1631,warlock,destruction,48,26,22
Dipixyz,tichondrius,1630,warlock,destruction,30,17,13
Koramoz,area-52,1630,warlock,destruction,81,37,44
Deathhawkz,ravencrest,1629,warlock,destruction,24,17,7
Psyløck,bleeding-hollow,1629,warlock,destruction,48,29,19
Dewandoritos,kelthuzad,1629,warlock,destruction,30,17,13
Whitexzz,tichondrius,1629,warlock,destruction,30,17,13
Threeinches,kelthuzad,1628,warlock,destruction,24,19,5
Fotmspec,area-52,1627,warlock,destruction,24,21,3
Deathair,tichondrius,1626,warlock,destruction,30,17,13
Vvivienx,tichondrius,1625,warlock,destruction,30,17,13
Tìdals,zuljin,1624,warlock,destruction,27,18,9
Muffîn,moon-guard,1624,warlock,destruction,62,40,22
Matafé,kelthuzad,1623,warlock,destruction,30,20,10
Boxtrolls,ragnaros,1623,warlock,destruction,30,17,13
Thotblood,stormrage,1622,warlock,destruction,24,18,6
Elmobolt,thrall,1620,warlock,destruction,37,27,10
Jarasseck,malganis,1620,warlock,destruction,48,25,23
Xylâ,emerald-dream,1619,warlock,destruction,33,20,13
Qualio,thrall,1619,warlock,destruction,39,21,18
Penzer,stormrage,1618,warlock,destruction,36,20,16
Puchador,sargeras,1618,warlock,destruction,90,41,49
Scatz,sargeras,1617,warlock,destruction,18,17,1
Tribulatiön,moon-guard,1617,warlock,destruction,101,59,42
Dolut,azralon,1617,warlock,destruction,54,31,23
Restolock,destromath,1617,warlock,destruction,60,34,26
Mephizar,moon-guard,1617,warlock,destruction,50,25,25
Infecçäo,stormrage,1616,warlock,destruction,72,43,29
Sithaholic,wildhammer,1616,warlock,destruction,30,17,13
Feardadots,tichondrius,1615,warlock,destruction,45,32,13
Ashlet,kelthuzad,1615,warlock,destruction,30,20,10
Dxhusky,illidan,1614,warlock,destruction,36,20,16
Calidaze,tichondrius,1613,warlock,destruction,50,29,21
Belzebud,area-52,1612,warlock,destruction,93,56,37
Hypnotikal,illidan,1611,warlock,destruction,30,22,8
Brettmackson,area-52,1611,warlock,destruction,45,28,17
Bigjmmywiggl,illidan,1611,warlock,destruction,67,36,31
Positivity,thunderhorn,1610,warlock,destruction,24,17,7
Brickedx,malfurion,1609,warlock,destruction,71,35,36
Lostanubis,tichondrius,1607,warlock,destruction,39,24,15
Sakyameil,area-52,1607,warlock,destruction,36,21,15
Illinkin,illidan,1607,warlock,destruction,36,20,16
Gianni,chogall,1606,warlock,destruction,36,20,16
Tanskeeh,sargeras,1604,warlock,destruction,52,28,24
Ðarkñess,burning-legion,1603,warlock,destruction,60,35,25
Mursay,tichondrius,1602,warlock,destruction,24,20,4
Nosferatu,arthas,1602,warlock,destruction,26,20,6
Daimonic,bronzebeard,1602,warlock,destruction,24,17,7
Hynnis,nemesis,1602,warlock,destruction,42,27,15
Sslock,sargeras,1602,warlock,destruction,46,26,20
Locknug,tichondrius,1601,warlock,destruction,84,50,34
Hâm,dalaran,1601,warlock,destruction,90,43,47
Dapete,malorne,1600,warlock,destruction,36,26,10
Holunging,illidan,1600,warlock,destruction,30,17,13
Bellaswans,hyjal,1599,warlock,destruction,30,20,10
Closetslut,moon-guard,1596,warlock,destruction,24,20,4
Warmandei,dalaran,1596,warlock,destruction,42,25,17
Gingery,the-underbog,1595,warlock,destruction,35,21,14
Dotcoin,tichondrius,1594,warlock,destruction,30,17,13
Rotfull,burning-legion,1594,warlock,destruction,39,18,21
Omegapasta,illidan,1592,warlock,destruction,36,19,17
Demonkiiller,kelthuzad,1591,warlock,destruction,48,19,29
Mindrekt,azralon,1588,warlock,destruction,42,30,12
Buffwarlocks,senjin,1587,warlock,destruction,48,26,22
Levantine,barthilas,1587,warlock,destruction,39,18,21
Tothegrave,sargeras,1585,warlock,destruction,35,22,13
Kuroyt,drakkari,1583,warlock,destruction,42,26,16
Gerthclas,aggramar,1579,warlock,destruction,29,21,8
Bbclover,thrall,1579,warlock,destruction,29,19,10
Nefandous,malganis,1578,warlock,destruction,54,36,18
Sonlyc,tichondrius,1578,warlock,destruction,42,18,24
Bénâfflock,area-52,1577,warlock,destruction,48,27,21
Derfflinger,tichondrius,1577,warlock,destruction,90,42,48
Soreanus,illidan,1576,warlock,destruction,28,20,8
Stocktonslap,saurfang,1576,warlock,destruction,55,34,21
Leônidos,ghostlands,1575,warlock,destruction,54,28,26
Kurifodo,illidan,1573,warlock,destruction,53,29,24
Carmelasin,moon-guard,1570,warlock,destruction,60,39,21
Melôck,area-52,1569,warlock,destruction,30,20,10
Korose,tichondrius,1569,warlock,destruction,114,58,56
Strykerliath,bleeding-hollow,1568,warlock,destruction,37,21,16
Niked,sargeras,1565,warlock,destruction,96,58,38
Khrom,illidan,1565,warlock,destruction,64,32,32
Meraz,zuljin,1564,warlock,destruction,28,17,11
Uow,stormrage,1564,warlock,destruction,42,20,22
Larryfisher,drenden,1561,warlock,destruction,24,17,7
Dartthvader,azralon,1561,warlock,destruction,38,18,20
Khurze,area-52,1558,warlock,destruction,57,29,28
Dynamó,tichondrius,1555,warlock,destruction,62,34,28
Anujy,moon-guard,1551,warlock,destruction,42,27,15
Pyralock,malfurion,1551,warlock,destruction,30,18,12
Wiildgoose,area-52,1550,warlock,destruction,30,21,9
Resuah,tichondrius,1549,warlock,destruction,51,25,26
Shadowxlock,misha,1548,warlock,destruction,77,45,32
Bayfayth,zuljin,1546,warlock,destruction,92,52,40
Jnxzlock,sargeras,1546,warlock,destruction,61,34,27
Bellanomikus,stormrage,1546,warlock,destruction,36,18,18
Dovahkini,stormrage,1545,warlock,destruction,29,17,12
Galfear,malganis,1544,warlock,destruction,135,70,65
Promethian,proudmoore,1544,warlock,destruction,41,18,23
Notspeedy,tichondrius,1543,warlock,destruction,45,18,27
Dragoska,kiljaeden,1540,warlock,destruction,30,17,13
Yisuschríst,quelthalas,1540,warlock,destruction,35,18,17
Deboltzaru,ragnaros,1540,warlock,destruction,73,37,36
Gluestik,shadowmoon,1540,warlock,destruction,42,21,21
Cryptos,kalecgos,1538,warlock,destruction,38,22,16
Noggét,frostmourne,1538,warlock,destruction,84,48,36
Hadouh,stormrage,1537,warlock,destruction,29,17,12
Warlockmf,sargeras,1536,warlock,destruction,49,30,19
Conradlenoir,illidan,1535,warlock,destruction,24,16,8
Siccwidit,area-52,1535,warlock,destruction,72,34,38
Chadica,malganis,1534,warlock,destruction,18,16,2
Bosongo,boulderfist,1534,warlock,destruction,59,35,24
Thinktank,tichondrius,1534,warlock,destruction,30,16,14
Odiums,area-52,1532,warlock,destruction,71,42,29
Scarletdemon,malganis,1532,warlock,destruction,65,35,30
Mayelinvail,moon-guard,1530,warlock,destruction,18,16,2
Eav,area-52,1529,warlock,destruction,24,16,8
Rocketman,hydraxis,1528,warlock,destruction,24,16,8
Brucelock,proudmoore,1528,warlock,destruction,24,16,8
Ezdagor,quelthalas,1527,warlock,destruction,88,50,38
Somethingud,tichondrius,1527,warlock,destruction,77,31,46
Dàmagicman,drakthul,1526,warlock,destruction,24,16,8
Isarac,zuljin,1524,warlock,destruction,54,35,19
Conspiration,sargeras,1522,warlock,destruction,24,19,5
Xêlsnåp,steamwheedle-cartel,1519,warlock,destruction,91,53,38
Lockforyou,frostmourne,1519,warlock,destruction,30,17,13
Yükina,stormrage,1518,warlock,destruction,35,19,16
Cheqmate,moon-guard,1516,warlock,destruction,31,17,14
Zetsu,zuljin,1515,warlock,destruction,128,67,61
Austeeny,wyrmrest-accord,1513,warlock,destruction,31,21,10
Politex,malganis,1513,warlock,destruction,64,40,24
Trewlocke,sargeras,1511,warlock,destruction,24,16,8
Joseph,draktharon,1509,warlock,destruction,66,35,31
Goomgoom,doomhammer,1509,warlock,destruction,83,36,47
Espyn,silvermoon,1508,warlock,destruction,64,26,38
Kuoma,boulderfist,1507,warlock,destruction,85,41,44
Whathurts,tichondrius,1507,warlock,destruction,49,21,28
Pigmahz,malganis,1505,warlock,destruction,35,17,18
Droptopp,malganis,1503,warlock,destruction,24,16,8
Dinglerdots,tichondrius,1502,warlock,destruction,27,21,6
Jugaa,arthas,1502,warlock,destruction,41,29,12
Deammon,tichondrius,1502,warlock,destruction,24,16,8
Jennifear,sargeras,1499,warlock,destruction,50,28,22
Balveer,tichondrius,1497,warlock,destruction,29,16,13
Sidious,jubeithos,1490,warlock,destruction,32,21,11
Darkÿoda,malganis,1490,warlock,destruction,44,22,22
Nattydots,sargeras,1490,warlock,destruction,47,23,24
Fshi,frostmourne,1486,warlock,destruction,72,43,29
Stølo,deathwing,1484,warlock,destruction,60,42,18
Yaldin,nemesis,1483,warlock,destruction,91,53,38
Humanreapers,malganis,1482,warlock,destruction,31,22,9
Dunbu,illidan,1481,warlock,destruction,85,49,36
Dercair,korgath,1480,warlock,destruction,30,18,12
Beyourselff,tichondrius,1479,warlock,destruction,35,16,19
Borthrel,moon-guard,1478,warlock,destruction,72,42,30
Chàõs,tichondrius,1477,warlock,destruction,54,27,27
Warlockgomes,azralon,1476,warlock,destruction,85,43,42
Tofulery,tichondrius,1475,warlock,destruction,50,23,27
Sickgurl,stormrage,1474,warlock,destruction,42,26,16
Bauchalain,area-52,1474,warlock,destruction,38,19,19
Gatewayoncd,frostmourne,1474,warlock,destruction,54,25,29
Sauromann,sargeras,1470,warlock,destruction,48,27,21
Demondots,sargeras,1469,warlock,destruction,54,31,23
Magy,deathwing,1467,warlock,destruction,48,30,18
Koitis,tichondrius,1466,warlock,destruction,26,16,10
Lockybalboah,turalyon,1465,warlock,destruction,48,25,23
Meatybolts,nagrand,1462,warlock,destruction,60,36,24
Wheremyshoes,area-52,1454,warlock,destruction,105,45,60
Nezsarek,sargeras,1449,warlock,destruction,93,38,55
Mcjoy,akama,1445,warlock,destruction,224,114,110
Maleficmango,tichondrius,1444,warlock,destruction,36,23,13
Jaboltz,tichondrius,1441,warlock,destruction,25,16,9
Discordant,trollbane,1439,warlock,destruction,36,23,13
Heresucacok,frostmourne,1439,warlock,destruction,24,15,9
Janeciap,tichondrius,1439,warlock,destruction,24,15,9
Xiyangpvp,tichondrius,1439,warlock,destruction,30,15,15
Danaowns,spirestone,1439,warlock,destruction,30,15,15
Äran,azralon,1439,warlock,destruction,30,15,15
Spectro,laughing-skull,1438,warlock,destruction,18,15,3
Sâlâñzø,bleeding-hollow,1438,warlock,destruction,18,15,3
Goofycupcake,drakthul,1437,warlock,destruction,18,15,3
Lockssy,tichondrius,1437,warlock,destruction,84,52,32
Imbooms,blackrock,1437,warlock,destruction,30,15,15
Artzul,tichondrius,1436,warlock,destruction,60,25,35
Luxenna,malganis,1435,warlock,destruction,54,28,26
Blindingsun,kiljaeden,1435,warlock,destruction,60,24,36
Rakshama,chogall,1434,warlock,destruction,30,15,15
Hellwish,tichondrius,1433,warlock,destruction,24,15,9
Dance,sargeras,1431,warlock,destruction,18,15,3
Dotorama,sargeras,1429,warlock,destruction,24,15,9
Demontos,darkspear,1427,warlock,destruction,42,21,21
Aluaris,earthen-ring,1426,warlock,destruction,18,15,3
Harmfuul,illidan,1425,warlock,destruction,27,16,11
Shadowfork,illidan,1424,warlock,destruction,24,15,9
Straightlock,sargeras,1424,warlock,destruction,47,19,28
Kanekiskid,mannoroth,1423,warlock,destruction,42,29,13
Laklin,stormscale,1423,warlock,destruction,62,29,33
Wackykid,azralon,1423,warlock,destruction,44,20,24
Demonicus,thunderlord,1423,warlock,destruction,42,18,24
Fearloom,tichondrius,1422,warlock,destruction,94,49,45
Wizlox,illidan,1422,warlock,destruction,54,22,32
Tulu,muradin,1421,warlock,destruction,42,26,16
Hellcon,area-52,1420,warlock,destruction,46,31,15
Decrepticus,kargath,1419,warlock,destruction,44,26,18
Kascade,drakkari,1418,warlock,destruction,24,15,9
Gingerlocky,barthilas,1417,warlock,destruction,64,32,32
Mordekhay,tichondrius,1415,warlock,destruction,36,23,13
Deatthmoon,stormrage,1415,warlock,destruction,24,15,9
Jezwazerox,area-52,1413,warlock,destruction,69,36,33
Budgetkroozz,illidan,1413,warlock,destruction,30,15,15
Munar,quelthalas,1413,warlock,destruction,75,37,38
Bilidin,azralon,1413,warlock,destruction,93,41,52
Vindicated,azgalor,1412,warlock,destruction,25,20,5
Yorchziel,ragnaros,1412,warlock,destruction,88,47,41
Guula,alexstrasza,1412,warlock,destruction,30,15,15
Javirr,ragnaros,1411,warlock,destruction,24,15,9
Thicclöcc,tichondrius,1410,warlock,destruction,30,15,15
Parmenides,tichondrius,1410,warlock,destruction,42,19,23
Johnnybegood,frostmourne,1409,warlock,destruction,24,15,9
Kalellock,azralon,1407,warlock,destruction,66,33,33
Lightname,arthas,1404,warlock,destruction,24,17,7
Blockk,moknathal,1403,warlock,destruction,48,21,27
Adderall,altar-of-storms,1402,warlock,destruction,42,20,22
Jpepps,perenolde,1398,warlock,destruction,24,15,9
Momshutup,sargeras,1397,warlock,destruction,23,15,8
Obscurity,tichondrius,1397,warlock,destruction,30,15,15
Getpissed,emerald-dream,1395,warlock,destruction,59,30,29
Bobbygoulant,tichondrius,1394,warlock,destruction,192,92,100
Flor,khadgar,1392,warlock,destruction,74,34,40
Exilegd,proudmoore,1390,warlock,destruction,23,15,8
Locker,lightnings-blade,1390,warlock,destruction,24,15,9
Noxdolor,stormreaver,1390,warlock,destruction,24,15,9
Adhauto,illidan,1390,warlock,destruction,113,62,51
Lòthloria,mannoroth,1389,warlock,destruction,107,55,52
Jhop,sargeras,1388,warlock,destruction,30,20,10
Gnomlette,smolderthorn,1385,warlock,destruction,39,17,22
Yipláw,stormrage,1383,warlock,destruction,24,16,8
Falcorr,area-52,1380,warlock,destruction,31,17,14
Chachanoobx,sargeras,1379,warlock,destruction,43,29,14
Necrotic,antonidas,1379,warlock,destruction,66,33,33
Eldriptch,kelthuzad,1379,warlock,destruction,30,15,15
Dloq,azgalor,1378,warlock,destruction,93,54,39
Coreleron,proudmoore,1378,warlock,destruction,43,20,23
Felacid,tichondrius,1377,warlock,destruction,42,23,19
Mycelium,greymane,1375,warlock,destruction,28,15,13
Lockonthc,korgath,1375,warlock,destruction,32,16,16
Drudotzz,hyjal,1373,warlock,destruction,24,15,9
Connect,borean-tundra,1371,warlock,destruction,35,18,17
Mantis,proudmoore,1371,warlock,destruction,37,18,19
Birez,kelthuzad,1370,warlock,destruction,20,15,5
Lladyyheartt,nesingwary,1368,warlock,destruction,48,26,22
Extinção,azralon,1366,warlock,destruction,56,35,21
Picklepuller,arthas,1364,warlock,destruction,24,15,9
Spongebobjrj,tichondrius,1363,warlock,destruction,30,18,12
Spicywhite,tichondrius,1359,warlock,destruction,25,15,10
Freggen,shadowsong,1358,warlock,destruction,24,15,9
Antistar,barthilas,1353,warlock,destruction,30,19,11
Xoxoxu,frostmourne,1352,warlock,destruction,26,15,11
Ptheven,area-52,1351,warlock,destruction,28,19,9
Pwz,azralon,1346,warlock,destruction,76,41,35
Dotsyu,frostmourne,1346,warlock,destruction,38,19,19
Odjure,zuljin,1344,warlock,destruction,23,14,9
Soulruler,tichondrius,1344,warlock,destruction,24,14,10
Spreadnhiv,thrall,1344,warlock,destruction,42,18,24
Súpersonic,tichondrius,1343,warlock,destruction,24,14,10
Notprint,sargeras,1343,warlock,destruction,24,14,10
Çrayoneater,tichondrius,1343,warlock,destruction,34,15,19
Flattsl,tichondrius,1342,warlock,destruction,24,14,10
Absoluté,nemesis,1340,warlock,destruction,24,14,10
Shadowsloc,tichondrius,1340,warlock,destruction,24,14,10
Zírds,stormrage,1339,warlock,destruction,24,14,10
Kyrmax,malganis,1339,warlock,destruction,30,14,16
Aemma,proudmoore,1338,warlock,destruction,18,14,4
Pantypeeler,barthilas,1338,warlock,destruction,48,29,19
Lockfaceguy,agamaggan,1338,warlock,destruction,24,14,10
Scãryz,jubeithos,1338,warlock,destruction,50,29,21
Veerdz,area-52,1338,warlock,destruction,30,14,16
Éx,jubeithos,1337,warlock,destruction,18,14,4
Yifaruhún,illidan,1337,warlock,destruction,24,14,10
Memon,frostmane,1336,warlock,destruction,36,19,17
Hurriicane,stormrage,1335,warlock,destruction,68,38,30
Tunacanthicc,moon-guard,1335,warlock,destruction,49,20,29
Swapsfour,area-52,1334,warlock,destruction,24,14,10
Kombat,amanthul,1334,warlock,destruction,59,28,31
Majinbuû,malganis,1334,warlock,destruction,30,14,16
Omleaf,malganis,1334,warlock,destruction,30,14,16
Agonie,tichondrius,1329,warlock,destruction,120,57,63
Freestyle,blackwater-raiders,1328,warlock,destruction,48,31,17
Celeden,emerald-dream,1327,warlock,destruction,30,18,12
Arenis,stormrage,1327,warlock,destruction,24,14,10
Hordeadlock,illidan,1327,warlock,destruction,30,14,16
Mocreia,azralon,1325,warlock,destruction,35,19,16
Karadelice,stormrage,1325,warlock,destruction,48,25,23
Predictions,sargeras,1315,warlock,destruction,35,17,18
Lockerdoo,aegwynn,1313,warlock,destruction,24,14,10
Jecklez,tichondrius,1312,warlock,destruction,135,70,65
Evilyññ,tichondrius,1312,warlock,destruction,42,19,23
Krokodiil,tichondrius,1311,warlock,destruction,18,14,4
Jakeyboii,frostmourne,1310,warlock,destruction,21,15,6
Verdoso,stormrage,1310,warlock,destruction,30,16,14
Razizzles,malganis,1308,warlock,destruction,54,32,22
Dotyoazz,tichondrius,1308,warlock,destruction,26,15,11
Thralord,blackrock,1305,warlock,destruction,24,14,10
Ehcsrop,doomhammer,1304,warlock,destruction,38,19,19
Gscar,area-52,1303,warlock,destruction,42,25,17
Vexedconvex,area-52,1303,warlock,destruction,157,71,86
Felqueenn,windrunner,1301,warlock,destruction,30,19,11
Kecca,azralon,1301,warlock,destruction,42,21,21
Voidchaos,korgath,1300,warlock,destruction,18,14,4
Nueleth,frostmourne,1298,warlock,destruction,23,14,9
Gukky,misha,1294,warlock,destruction,48,33,15
Doublebolt,illidan,1293,warlock,destruction,39,24,15
Zalord,mannoroth,1286,warlock,destruction,35,14,21
Awfeelya,sargeras,1281,warlock,destruction,29,17,12
Beldiinlock,khazgoroth,1277,warlock,destruction,44,25,19
Ahrimus,area-52,1275,warlock,destruction,28,14,14
Woezz,tichondrius,1271,warlock,destruction,33,14,19
Booßiemiles,area-52,1270,warlock,destruction,17,14,3
Prinzheinric,quelthalas,1267,warlock,destruction,33,21,12
Magiaoscurax,quelthalas,1258,warlock,destruction,30,14,16
Ticktóck,ghostlands,1253,warlock,destruction,19,14,5
Ltoplaylock,area-52,1248,warlock,destruction,18,13,5
Vugaddi,illidan,1248,warlock,destruction,18,13,5
Maldíta,quelthalas,1248,warlock,destruction,63,27,36
Frightbright,sargeras,1247,warlock,destruction,18,13,5
Pressurë,tichondrius,1247,warlock,destruction,18,13,5
Kimsoul,zuljin,1247,warlock,destruction,24,13,11
Eskyx,tichondrius,1247,warlock,destruction,24,13,11
Bigdamege,tichondrius,1246,warlock,destruction,22,14,8
Inaane,thrall,1246,warlock,destruction,24,13,11
Hauntsin,hyjal,1246,warlock,destruction,30,13,17
Bouldrlickr,dragonmaw,1245,warlock,destruction,18,13,5
Destructo,illidan,1245,warlock,destruction,30,13,17
Toastwl,tichondrius,1244,warlock,destruction,18,13,5
Squishyboy,tichondrius,1244,warlock,destruction,24,13,11
Lhandus,drakkari,1243,warlock,destruction,24,13,11
Uranusa,proudmoore,1243,warlock,destruction,30,13,17
Nigsy,nagrand,1242,warlock,destruction,24,13,11
Guldåniel,tichondrius,1242,warlock,destruction,24,13,11
Spòngwò,tichondrius,1242,warlock,destruction,24,13,11
Saltiez,sargeras,1239,warlock,destruction,18,13,5
Covírus,azralon,1237,warlock,destruction,18,13,5
Chaosage,sargeras,1237,warlock,destruction,18,13,5
Burnzul,bleeding-hollow,1237,warlock,destruction,24,13,11
Fiddlesticks,draka,1236,warlock,destruction,18,13,5
Pruevolf,tichondrius,1236,warlock,destruction,68,29,39
Ganosh,aggramar,1235,warlock,destruction,30,18,12
Stankbigly,thrall,1234,warlock,destruction,21,14,7
Rainymood,frostmourne,1233,warlock,destruction,18,13,5
Munick,spirestone,1233,warlock,destruction,24,13,11
Darknessgodd,goldrinn,1232,warlock,destruction,25,14,11
Chaotíc,zuljin,1231,warlock,destruction,24,13,11
Ellneggro,zuljin,1226,warlock,destruction,18,13,5
Gorelami,tichondrius,1226,warlock,destruction,24,13,11
Rickyspanish,malygos,1226,warlock,destruction,30,13,17
Nhen,daggerspine,1225,warlock,destruction,83,49,34
Chaosmorty,tichondrius,1225,warlock,destruction,24,13,11
Kyrionn,azralon,1225,warlock,destruction,24,13,11
Cascades,icecrown,1224,warlock,destruction,36,16,20
Kyle,shandris,1217,warlock,destruction,24,13,11
Lolimalock,bleeding-hollow,1215,warlock,destruction,29,14,15
Zydaria,stormrage,1213,warlock,destruction,30,18,12
Dealcloud,tichondrius,1210,warlock,destruction,26,13,13
Daeykras,crushridge,1209,warlock,destruction,28,17,11
Zaeloc,ragnaros,1195,warlock,destruction,42,13,29
Fanzhiyi,illidan,1193,warlock,destruction,22,16,6
Spookyfurry,area-52,1192,warlock,destruction,30,13,17
Bénn,moon-guard,1189,warlock,destruction,60,39,21
Cørruption,emerald-dream,1188,warlock,destruction,47,22,25
Sylestrio,feathermoon,1186,warlock,destruction,30,13,17
Kärên,proudmoore,1185,warlock,destruction,20,15,5
Chodetamer,lethon,1180,warlock,destruction,29,18,11
Necrodeath,malygos,1180,warlock,destruction,30,15,15
Iiferna,sargeras,1177,warlock,destruction,77,33,44
Kidsoul,illidan,1176,warlock,destruction,49,22,27
Ilovedemons,aegwynn,1168,warlock,destruction,42,26,16
Zoluraan,proudmoore,1168,warlock,destruction,33,20,13
Ðemented,bleeding-hollow,1165,warlock,destruction,21,13,8
Bawldimort,stormrage,1165,warlock,destruction,89,46,43
Glenfarclas,tichondrius,1157,warlock,destruction,31,13,18
Guldoom,tichondrius,1152,warlock,destruction,12,12,0
Rightwaylovê,illidan,1152,warlock,destruction,18,12,6
Osmatz,area-52,1152,warlock,destruction,18,12,6
Dxhusky,tichondrius,1151,warlock,destruction,18,12,6
Rettek,bleeding-hollow,1151,warlock,destruction,18,12,6
Kossnen,shandris,1151,warlock,destruction,18,12,6
Shutupthug,illidan,1151,warlock,destruction,18,12,6
Lockdotsftw,illidan,1151,warlock,destruction,24,12,12
Beetlejoos,stormreaver,1151,warlock,destruction,24,12,12
Oceangrownx,emerald-dream,1151,warlock,destruction,24,12,12
Flûké,tichondrius,1151,warlock,destruction,24,12,12
Asmit,firetree,1151,warlock,destruction,28,13,15
Dralok,area-52,1150,warlock,destruction,18,12,6
Nocrackrocks,stormrage,1150,warlock,destruction,18,12,6
Cesily,frostmourne,1150,warlock,destruction,24,12,12
Isoldmysoul,stormrage,1150,warlock,destruction,33,13,20
Iggyiggy,sargeras,1149,warlock,destruction,24,12,12
Omarlil,kelthuzad,1147,warlock,destruction,18,12,6
Nadirius,shadowmoon,1146,warlock,destruction,18,12,6
Mchawi,tichondrius,1146,warlock,destruction,24,12,12
Screwed,tichondrius,1146,warlock,destruction,36,12,24
Jerearderedo,thrall,1145,warlock,destruction,24,12,12
Avelmi,daggerspine,1144,warlock,destruction,24,12,12
Thravis,tichondrius,1143,warlock,destruction,24,12,12
Tergale,illidan,1141,warlock,destruction,30,12,18
Sunkuna,aerie-peak,1141,warlock,destruction,36,13,23
Nadek,tichondrius,1140,warlock,destruction,24,12,12
Drcameron,zuljin,1138,warlock,destruction,18,12,6
Lessance,dalaran,1138,warlock,destruction,24,12,12
Év,azralon,1137,warlock,destruction,24,12,12
Austen,tichondrius,1136,warlock,destruction,37,13,24
Eurygnomous,thrall,1135,warlock,destruction,24,12,12
Cælohin,tichondrius,1132,warlock,destruction,24,12,12
Felpsychosis,illidan,1130,warlock,destruction,18,12,6
Rodimus,hyjal,1121,warlock,destruction,54,32,22
Demofire,tichondrius,1119,warlock,destruction,22,12,10
Handler,earthen-ring,1113,warlock,destruction,36,24,12
Covenslave,nemesis,1113,warlock,destruction,157,69,88
Zhaphrax,frostmourne,1113,warlock,destruction,29,12,17
Undies,demon-soul,1106,warlock,destruction,24,12,12
Anstik,area-52,1103,warlock,destruction,15,13,2
Wìckedelf,area-52,1098,warlock,destruction,39,21,18
Madgettike,stormrage,1094,warlock,destruction,36,22,14
Varuuss,ragnaros,1092,warlock,destruction,21,12,9
Mindfulchimp,sargeras,1092,warlock,destruction,23,12,11
Cheiff,tichondrius,1092,warlock,destruction,42,16,26
Taìnted,lightbringer,1088,warlock,destruction,28,12,16
Kracky,tichondrius,1076,warlock,destruction,80,45,35
Felinå,hyjal,1076,warlock,destruction,27,14,13
Kemchaos,illidan,1073,warlock,destruction,30,12,18
Nikôlas,stormrage,1070,warlock,destruction,36,18,18
Grandpa,daggerspine,1069,warlock,destruction,19,12,7
Toby,azralon,1066,warlock,destruction,25,12,13
Immolate,eitrigg,1056,warlock,destruction,12,11,1
Bumbleebolts,azralon,1056,warlock,destruction,12,11,1
Boltsnhoez,tichondrius,1056,warlock,destruction,16,12,4
Lockfoxyy,tichondrius,1056,warlock,destruction,18,11,7
Hiddentech,saurfang,1056,warlock,destruction,18,11,7
Vapeboi,bleeding-hollow,1056,warlock,destruction,18,11,7
Eyoeyo,tichondrius,1056,warlock,destruction,18,11,7
Lockonomicz,tichondrius,1056,warlock,destruction,18,11,7
Drböb,area-52,1056,warlock,destruction,18,11,7
Xertling,sargeras,1055,warlock,destruction,12,11,1
Tuzadin,tichondrius,1055,warlock,destruction,18,11,7
Sahdude,illidan,1055,warlock,destruction,18,11,7
Dreadxbolts,stormrage,1055,warlock,destruction,18,11,7
Verminosa,nemesis,1055,warlock,destruction,18,11,7
Mindheist,stormrage,1055,warlock,destruction,18,11,7
Alktrz,azralon,1055,warlock,destruction,18,11,7
Esså,jaedenar,1055,warlock,destruction,24,11,13
Ole,area-52,1055,warlock,destruction,24,11,13
Faënn,zuljin,1053,warlock,destruction,18,11,7
Dipz,zuljin,1053,warlock,destruction,18,11,7
Belford,tichondrius,1053,warlock,destruction,24,11,13
Cenich,darkspear,1052,warlock,destruction,18,11,7
Baldandugly,illidan,1052,warlock,destruction,18,11,7
Unprønuncea,azralon,1050,warlock,destruction,25,11,14
Tirp,illidan,1048,warlock,destruction,24,11,13
Avae,frostmourne,1046,warlock,destruction,18,11,7
Pokemebutt,hydraxis,1046,warlock,destruction,18,11,7
Nazgal,tichondrius,1046,warlock,destruction,21,12,9
Ltr,moon-guard,1045,warlock,destruction,18,11,7
Haloren,moon-guard,1044,warlock,destruction,18,11,7
Xenagos,antonidas,1043,warlock,destruction,30,11,19
Nathalyâ,drakkari,1041,warlock,destruction,36,17,19
Seeword,sargeras,1039,warlock,destruction,18,11,7
Baiss,tichondrius,1030,warlock,destruction,18,11,7
Pancakestack,stormrage,1029,warlock,destruction,48,20,28
Matdamon,barthilas,1029,warlock,destruction,30,11,19
Noriaeradra,illidan,1025,warlock,destruction,24,13,11
Shedara,ragnaros,1023,warlock,destruction,17,11,6
Evanylock,proudmoore,1022,warlock,destruction,23,11,12
Alfaflux,tol-barad,1006,warlock,destruction,23,11,12
Faliceu,sargeras,1006,warlock,destruction,26,11,15
Panyc,tichondrius,1002,warlock,destruction,23,11,12
Ticklebolts,tichondrius,1001,warlock,destruction,34,12,22
Luulloo,proudmoore,997,warlock,destruction,24,11,13
Rauwërrs,azralon,992,warlock,destruction,33,12,21
Parishiltoon,frostmourne,991,warlock,destruction,23,11,12
Thirdsol,stormrage,989,warlock,destruction,17,11,6
Wingzerø,tichondrius,988,warlock,destruction,23,11,12
Nevermorde,area-52,986,warlock,destruction,23,11,12
Escro,azgalor,979,warlock,destruction,30,17,13
Hanoaa,tichondrius,975,warlock,destruction,11,11,0
Zíppen,proudmoore,970,warlock,destruction,61,30,31
Plagueis,zuluhed,969,warlock,destruction,25,11,14
Kimis,azralon,963,warlock,destruction,24,14,10
Jaboy,dragonmaw,960,warlock,destruction,12,10,2
Fxckyuo,tichondrius,960,warlock,destruction,12,10,2
Pigii,tichondrius,960,warlock,destruction,12,10,2
Wanglock,blackrock,960,warlock,destruction,12,10,2
Maldivà,tichondrius,960,warlock,destruction,12,10,2
Kammuany,sargeras,960,warlock,destruction,12,10,2
Letmecastpls,tichondrius,960,warlock,destruction,12,10,2
Drwongmd,sargeras,960,warlock,destruction,12,10,2
Lilshedon,kelthuzad,960,warlock,destruction,12,10,2
Vallàx,area-52,960,warlock,destruction,12,10,2
Metamòrph,malganis,960,warlock,destruction,12,10,2
Nino,barthilas,960,warlock,destruction,12,10,2
Gucciflops,bleeding-hollow,960,warlock,destruction,18,10,8
Tacticalderp,bleeding-hollow,960,warlock,destruction,18,10,8
Teivlol,mugthol,960,warlock,destruction,18,10,8
Crayonchewer,alleria,960,warlock,destruction,18,10,8
Veryezgame,tichondrius,960,warlock,destruction,18,10,8
Areufearious,sargeras,960,warlock,destruction,18,10,8
Contägion,bleeding-hollow,960,warlock,destruction,24,10,14
Percaddict,illidan,959,warlock,destruction,12,10,2
Dkdakìng,dalaran,959,warlock,destruction,12,10,2
Evapilot,tichondrius,959,warlock,destruction,12,10,2
Foxar,stormrage,959,warlock,destruction,12,10,2
Midoolock,proudmoore,959,warlock,destruction,12,10,2
Thânàtös,malganis,959,warlock,destruction,18,10,8
Maral,kelthuzad,959,warlock,destruction,18,10,8
Kylaria,emerald-dream,959,warlock,destruction,18,10,8
Soulicit,kelthuzad,959,warlock,destruction,18,10,8
Wickedry,antonidas,959,warlock,destruction,18,10,8
Notatryhard,emerald-dream,959,warlock,destruction,18,10,8
Knockknock,llane,959,warlock,destruction,18,10,8
Years,moon-guard,959,warlock,destruction,18,10,8
Iconicxo,thrall,959,warlock,destruction,18,10,8
Covidmaster,frostmourne,959,warlock,destruction,18,10,8
Charnoob,kelthuzad,959,warlock,destruction,18,10,8
Juicestarr,barthilas,959,warlock,destruction,24,10,14
Pykorrg,ragnaros,959,warlock,destruction,24,10,14
Trobgol,bleeding-hollow,958,warlock,destruction,12,10,2
Yuh,moon-guard,958,warlock,destruction,12,10,2
Kyoarnez,quelthalas,958,warlock,destruction,18,10,8
Macdeezylock,sargeras,958,warlock,destruction,18,10,8
Ddorangmoon,tichondrius,958,warlock,destruction,18,10,8
Dotte,tichondrius,958,warlock,destruction,18,10,8
Marlett,destromath,958,warlock,destruction,101,54,47
Dots,haomarush,958,warlock,destruction,24,10,14
Felnightz,area-52,958,warlock,destruction,24,10,14
Misolock,sargeras,958,warlock,destruction,24,10,14
Chuwhee,sargeras,958,warlock,destruction,30,10,20
Dialalock,frostmourne,957,warlock,destruction,18,10,8
Greasymario,area-52,957,warlock,destruction,22,11,11
Løvesick,zuljin,957,warlock,destruction,24,10,14
Dippidydot,illidan,957,warlock,destruction,24,10,14
Iongestpp,bleeding-hollow,956,warlock,destruction,18,10,8
Graced,dalaran,956,warlock,destruction,18,10,8
Flxmin,area-52,956,warlock,destruction,24,10,14
Eriess,burning-blade,956,warlock,destruction,24,10,14
Chaoticstorm,area-52,955,warlock,destruction,18,10,8
Zaintv,illidan,955,warlock,destruction,18,10,8
Friendd,frostmourne,955,warlock,destruction,18,10,8
Dvorakk,frostmourne,954,warlock,destruction,15,11,4
Harleyjames,ravenholdt,953,warlock,destruction,18,10,8
Jeramie,darkspear,953,warlock,destruction,24,10,14
Downbad,ysera,953,warlock,destruction,30,10,20
Siliconsnipe,tichondrius,952,warlock,destruction,12,10,2
Punjj,jubeithos,952,warlock,destruction,18,10,8
Huuchie,moon-guard,951,warlock,destruction,18,10,8
Sojupain,kaelthas,950,warlock,destruction,12,10,2
Felryssa,kiljaeden,948,warlock,destruction,24,10,14
Luke,lightnings-blade,946,warlock,destruction,12,10,2
Hamadan,azralon,946,warlock,destruction,24,10,14
Cursé,stormrage,944,warlock,destruction,18,10,8
Terrival,illidan,941,warlock,destruction,17,10,7
Mogran,twisting-nether,934,warlock,destruction,18,10,8
Goal,malganis,927,warlock,destruction,20,11,9
Ralerhard,kelthuzad,926,warlock,destruction,22,10,12
Astarõth,zuljin,926,warlock,destruction,26,11,15
Twohandedkil,stormrage,920,warlock,destruction,26,11,15
Warsmock,tichondrius,911,warlock,destruction,17,10,7
Xekk,wyrmrest-accord,910,warlock,destruction,23,10,13
Ppoonlock,tichondrius,896,warlock,destruction,22,10,12
Funnysoxx,caelestrasz,895,warlock,destruction,16,10,6
Fiennx,dalaran,894,warlock,destruction,17,10,7
Katsby,moon-guard,894,warlock,destruction,17,10,7
Rakudemon,ragnaros,894,warlock,destruction,20,10,10
Notchinese,kiljaeden,893,warlock,destruction,17,10,7
Pyria,boulderfist,877,warlock,destruction,13,10,3
Caesaros,quelthalas,875,warlock,destruction,19,10,9
Raxxis,moon-guard,864,warlock,destruction,12,9,3
Lokiy,ragnaros,864,warlock,destruction,12,9,3
Whaad,tichondrius,864,warlock,destruction,12,9,3
Sëcond,azralon,864,warlock,destruction,12,9,3
Snerp,frostmourne,864,warlock,destruction,12,9,3
Liuh,tichondrius,864,warlock,destruction,12,9,3
Gottawiz,illidan,864,warlock,destruction,12,9,3
Bourrasq,illidan,864,warlock,destruction,12,9,3
Wenotcoo,tichondrius,864,warlock,destruction,12,9,3
Pauldiesel,ragnaros,864,warlock,destruction,12,9,3
Lysitheä,moon-guard,864,warlock,destruction,12,9,3
Loksoflove,tichondrius,864,warlock,destruction,12,9,3
Necroboi,alterac-mountains,864,warlock,destruction,16,10,6
Miroir,illidan,864,warlock,destruction,18,9,9
Oymmander,illidan,864,warlock,destruction,18,9,9
Voidxo,tichondrius,864,warlock,destruction,18,9,9
Bigolehogger,area-52,864,warlock,destruction,18,9,9
Scarified,illidan,864,warlock,destruction,18,9,9
Reflexlock,malganis,864,warlock,destruction,18,9,9
Stuffs,wyrmrest-accord,864,warlock,destruction,18,9,9
Woopie,malfurion,864,warlock,destruction,18,9,9
Azrezzael,area-52,863,warlock,destruction,12,9,3
Ahrimaan,illidan,863,warlock,destruction,12,9,3
Gòtti,frostmourne,863,warlock,destruction,12,9,3
Buffwarlockz,stormrage,863,warlock,destruction,12,9,3
Ragnalock,laughing-skull,863,warlock,destruction,12,9,3
Pacopico,illidan,863,warlock,destruction,12,9,3
Hädes,frostwolf,863,warlock,destruction,12,9,3
Greedy,garrosh,863,warlock,destruction,12,9,3
Glergarby,stormscale,863,warlock,destruction,15,10,5
Cyio,zuljin,863,warlock,destruction,18,9,9
Wåbi,tichondrius,863,warlock,destruction,18,9,9
Minzyw,illidan,863,warlock,destruction,18,9,9
Nethron,the-venture-co,863,warlock,destruction,18,9,9
Ruknài,barthilas,863,warlock,destruction,18,9,9
Goarage,tichondrius,863,warlock,destruction,22,10,12
Gingerspise,nathrezim,863,warlock,destruction,24,9,15
Rokdas,area-52,863,warlock,destruction,24,9,15
Cogitoergo,stormrage,862,warlock,destruction,12,9,3
Namig,aerie-peak,862,warlock,destruction,12,9,3
Pyresworn,wyrmrest-accord,862,warlock,destruction,12,9,3
Locklockdead,earthen-ring,862,warlock,destruction,12,9,3
Çhåos,destromath,862,warlock,destruction,12,9,3
Aksness,stormrage,862,warlock,destruction,18,9,9
Jugerdotz,sargeras,862,warlock,destruction,18,9,9
Taylôr,proudmoore,862,warlock,destruction,18,9,9
Perples,dalaran,862,warlock,destruction,18,9,9
Artheás,azralon,862,warlock,destruction,18,9,9
Breaad,tichondrius,862,warlock,destruction,24,9,15
Tanathoz,thrall,862,warlock,destruction,28,10,18
Impdad,destromath,860,warlock,destruction,12,9,3
Sugmabone,zuluhed,860,warlock,destruction,12,9,3
Griget,runetotem,860,warlock,destruction,18,9,9
Damdochael,bleeding-hollow,860,warlock,destruction,24,9,15
Githany,hyjal,859,warlock,destruction,18,9,9
Aeonora,akama,858,warlock,destruction,12,9,3
Cynwise,arathor,858,warlock,destruction,18,9,9
Hookslinger,barthilas,856,warlock,destruction,18,9,9
Boltsfordays,dalaran,856,warlock,destruction,18,9,9
Theporkchunk,nordrassil,855,warlock,destruction,12,9,3
Azöd,tichondrius,855,warlock,destruction,12,9,3
Shadohz,lightnings-blade,855,warlock,destruction,12,9,3
Josemb,ragnaros,853,warlock,destruction,18,9,9
Aerozyn,wyrmrest-accord,852,warlock,destruction,18,9,9
Klummzy,tichondrius,850,warlock,destruction,18,9,9
Freakdoa,blades-edge,834,warlock,destruction,53,20,33
Nocchi,amanthul,832,warlock,destruction,16,9,7
Ovosound,tichondrius,815,warlock,destruction,11,9,2
Rockzilatour,tichondrius,815,warlock,destruction,17,9,8
Sutra,tichondrius,806,warlock,destruction,17,9,8
Medeia,tichondrius,799,warlock,destruction,17,9,8
Memnøch,emerald-dream,798,warlock,destruction,17,9,8
Felancholy,illidan,788,warlock,destruction,14,10,4
Tempestzone,barthilas,775,warlock,destruction,19,10,9
Flavakid,malganis,768,warlock,destruction,12,8,4
Roblockz,illidan,768,warlock,destruction,12,8,4
Smeezles,frostmourne,768,warlock,destruction,12,8,4
Palumorl,deathwing,768,warlock,destruction,12,8,4
Bopplock,tichondrius,768,warlock,destruction,12,8,4
Devi,executus,768,warlock,destruction,12,8,4
Diznei,nemesis,768,warlock,destruction,12,8,4
Clorvenna,zuljin,768,warlock,destruction,12,8,4
Grq,stormrage,768,warlock,destruction,12,8,4
Shinagae,tichondrius,768,warlock,destruction,12,8,4
Fearsponce,dragonmaw,768,warlock,destruction,12,8,4
Searinox,scilla,768,warlock,destruction,12,8,4
Feinnx,dalaran,768,warlock,destruction,12,8,4
Narzhul,drakkari,768,warlock,destruction,12,8,4
Belandyr,stormrage,768,warlock,destruction,12,8,4
Vigius,dalaran,768,warlock,destruction,12,8,4
Manapouli,area-52,768,warlock,destruction,12,8,4
Dmox,darkspear,768,warlock,destruction,12,8,4
Nahz,tichondrius,768,warlock,destruction,12,8,4
Zunexx,malganis,768,warlock,destruction,12,8,4
Kápz,darkspear,768,warlock,destruction,12,8,4
Flackory,tichondrius,768,warlock,destruction,12,8,4
Aptukk,archimonde,768,warlock,destruction,12,8,4
Thragèqt,sargeras,768,warlock,destruction,12,8,4
Xivra,thrall,768,warlock,destruction,12,8,4
Munje,bleeding-hollow,768,warlock,destruction,12,8,4
Identiti,tichondrius,768,warlock,destruction,12,8,4
Nyhn,bleeding-hollow,768,warlock,destruction,13,8,5
Radicalz,ragnaros,768,warlock,destruction,14,8,6
Homeboyardee,the-venture-co,768,warlock,destruction,18,8,10
Iniboltquity,tichondrius,768,warlock,destruction,18,8,10
Theredwoman,emerald-dream,768,warlock,destruction,18,8,10
Reficul,frostmourne,768,warlock,destruction,18,8,10
Chazzlock,area-52,768,warlock,destruction,18,8,10
Chrishasnen,moon-guard,768,warlock,destruction,18,8,10
Gneçro,area-52,768,warlock,destruction,18,8,10
Westhofxx,sargeras,768,warlock,destruction,18,8,10
Xerozus,tichondrius,767,warlock,destruction,12,8,4
Diabolous,malganis,767,warlock,destruction,12,8,4
Malagas,tichondrius,767,warlock,destruction,12,8,4
Lynnilock,area-52,767,warlock,destruction,12,8,4
Accentuate,tichondrius,767,warlock,destruction,12,8,4
Vilebeing,frostmourne,767,warlock,destruction,12,8,4
Yonz,area-52,767,warlock,destruction,12,8,4
Egirlgamer,sargeras,767,warlock,destruction,12,8,4
Bunnyhugs,gorefiend,767,warlock,destruction,12,8,4
Lilibe,tichondrius,767,warlock,destruction,12,8,4
Horloc,moon-guard,767,warlock,destruction,18,8,10
Hargol,azralon,767,warlock,destruction,18,8,10
Shikyo,lightnings-blade,767,warlock,destruction,18,8,10
Barathron,tichondrius,767,warlock,destruction,18,8,10
Windwolff,dalvengyr,767,warlock,destruction,18,8,10
Esteedees,moon-guard,767,warlock,destruction,18,8,10
Hellbòund,mugthol,767,warlock,destruction,18,8,10
Exofilth,thrall,767,warlock,destruction,18,8,10
Gridwild,drakkari,767,warlock,destruction,18,8,10
Raglans,amanthul,766,warlock,destruction,12,8,4
Faldoras,kalecgos,766,warlock,destruction,12,8,4
Doomers,frostmourne,766,warlock,destruction,12,8,4
Lockednloade,tichondrius,766,warlock,destruction,12,8,4
Gorskij,frostwolf,766,warlock,destruction,13,8,5
Titusvorenus,runetotem,766,warlock,destruction,18,8,10
Mandley,nazgrel,766,warlock,destruction,18,8,10
Grandpapapa,tichondrius,766,warlock,destruction,24,8,16
Telvanni,sargeras,765,warlock,destruction,12,8,4
Stinkychef,hyjal,765,warlock,destruction,12,8,4
Shadü,tichondrius,765,warlock,destruction,24,8,16
Dewars,aggramar,765,warlock,destruction,24,8,16
Esoo,kul-tiras,763,warlock,destruction,12,8,4
Caryn,dalaran,763,warlock,destruction,18,8,10
Kelifan,sargeras,763,warlock,destruction,18,8,10
Vampir,hellscream,762,warlock,destruction,18,8,10
Nanodingo,tichondrius,762,warlock,destruction,18,8,10
Disrespex,kelthuzad,762,warlock,destruction,18,8,10
Shooterg,tichondrius,761,warlock,destruction,18,8,10
Mshyde,gurubashi,760,warlock,destruction,12,8,4
Rageraff,trollbane,758,warlock,destruction,12,8,4
Oldwing,illidan,735,warlock,destruction,23,8,15
Remua,tichondrius,719,warlock,destruction,11,8,3
Sotera,bleeding-hollow,719,warlock,destruction,11,8,3
Tharki,darkspear,714,warlock,destruction,13,9,4
Castngcouch,tichondrius,711,warlock,destruction,21,10,11
Tinyjo,sargeras,703,warlock,destruction,11,8,3
Ihaveapowers,maiev,703,warlock,destruction,11,8,3
Bäbz,barthilas,703,warlock,destruction,11,8,3
Demotional,wyrmrest-accord,703,warlock,destruction,14,8,6
Liljamie,stormrage,703,warlock,destruction,17,8,9
Punishment,jubeithos,702,warlock,destruction,11,8,3
Getfeared,emerald-dream,672,warlock,destruction,10,8,2
Tamzin,kelthuzad,672,warlock,destruction,12,7,5
Mattypatty,the-forgotten-coast,672,warlock,destruction,12,7,5
Missmonday,tichondrius,672,warlock,destruction,12,7,5
Salties,magtheridon,672,warlock,destruction,12,7,5
Clingrita,tichondrius,672,warlock,destruction,12,7,5
Thewkama,tichondrius,672,warlock,destruction,12,7,5
Nooko,frostmourne,672,warlock,destruction,12,7,5
Boodizz,frostmourne,672,warlock,destruction,12,7,5
Ðòt,nagrand,672,warlock,destruction,12,7,5
Lockdogg,mannoroth,672,warlock,destruction,12,7,5
Lokintots,darkspear,672,warlock,destruction,12,7,5
Poock,goldrinn,672,warlock,destruction,12,7,5
Tatordotzz,tichondrius,672,warlock,destruction,12,7,5
Zelophobiaz,crushridge,672,warlock,destruction,12,7,5
Revérence,sargeras,672,warlock,destruction,12,7,5
Sendnudez,nemesis,672,warlock,destruction,12,7,5
Cragalt,tichondrius,672,warlock,destruction,12,7,5
Hellfires,ragnaros,672,warlock,destruction,12,7,5
Almostoogood,illidan,672,warlock,destruction,12,7,5
Annereyn,stormrage,672,warlock,destruction,12,7,5
Ðòm,tichondrius,672,warlock,destruction,12,7,5
Uggaboogga,malganis,672,warlock,destruction,12,7,5
Starta,tichondrius,672,warlock,destruction,12,7,5
Mokfernal,tichondrius,672,warlock,destruction,12,7,5
Sixonenine,boulderfist,672,warlock,destruction,12,7,5
Says,gorefiend,672,warlock,destruction,12,7,5
Suminl,tichondrius,672,warlock,destruction,12,7,5
Busterbob,tichondrius,672,warlock,destruction,12,7,5
Blair,wildhammer,672,warlock,destruction,12,7,5
Westhofz,sargeras,672,warlock,destruction,12,7,5
Snikpan,silver-hand,672,warlock,destruction,12,7,5
Luciusvrenus,tichondrius,672,warlock,destruction,12,7,5
Sylvarri,stormrage,672,warlock,destruction,12,7,5
Ztc,dalaran,672,warlock,destruction,12,7,5
Dötkill,illidan,672,warlock,destruction,12,7,5
Ashoraya,area-52,672,warlock,destruction,12,7,5
Flicks,arthas,672,warlock,destruction,12,7,5
Trastham,malganis,672,warlock,destruction,12,7,5
Kountdrakula,tichondrius,672,warlock,destruction,12,7,5
Forestfruit,tichondrius,672,warlock,destruction,12,7,5
Rothslock,tichondrius,672,warlock,destruction,12,7,5
Dipgodx,bleeding-hollow,672,warlock,destruction,12,7,5
Dex,jubeithos,672,warlock,destruction,18,7,11
Dmacxl,tichondrius,672,warlock,destruction,18,7,11
Sladez,tichondrius,672,warlock,destruction,18,7,11
Necrófear,tichondrius,672,warlock,destruction,18,7,11
Zyraxx,moon-guard,671,warlock,destruction,12,7,5
Watchmegate,darkspear,671,warlock,destruction,12,7,5
Boltondahoes,sargeras,671,warlock,destruction,12,7,5
Grimzo,mugthol,671,warlock,destruction,12,7,5
Wadoom,tichondrius,671,warlock,destruction,12,7,5
Aroris,silver-hand,671,warlock,destruction,12,7,5
Manã,wyrmrest-accord,671,warlock,destruction,12,7,5
Irunaways,stormrage,671,warlock,destruction,12,7,5
Demosthenes,nazjatar,671,warlock,destruction,12,7,5
Atrofourth,tichondrius,671,warlock,destruction,12,7,5
Wollylock,dark-iron,671,warlock,destruction,18,7,11
Fearlord,shattered-hand,671,warlock,destruction,24,7,17
Altazor,thunderlord,671,warlock,destruction,24,7,17
Foxfoxfel,thrall,670,warlock,destruction,12,7,5
Mèrlin,aerie-peak,670,warlock,destruction,12,7,5
Moreedotss,malganis,670,warlock,destruction,24,7,17
Otus,echo-isles,669,warlock,destruction,12,7,5
Kristenßell,senjin,669,warlock,destruction,12,7,5
Revenancer,smolderthorn,669,warlock,destruction,12,7,5
Gambel,duskwood,669,warlock,destruction,18,7,11
Sumonníng,tichondrius,669,warlock,destruction,18,7,11
Juan,borean-tundra,668,warlock,destruction,18,7,11
Sneakywarlok,dalaran,668,warlock,destruction,19,7,12
Keleiron,velen,663,warlock,destruction,12,7,5
Saltboi,azjolnerub,640,warlock,destruction,16,7,9
Voidxx,tichondrius,639,warlock,destruction,11,7,4
Ðeãdman,bleeding-hollow,638,warlock,destruction,14,8,6
Demondan,magtheridon,638,warlock,destruction,23,7,16
Buildsuccess,tichondrius,623,warlock,destruction,17,7,10
Furrlokc,tichondrius,607,warlock,destruction,16,7,9
Studathlete,tichondrius,592,warlock,destruction,13,7,6
Mitchosx,frostmourne,576,warlock,destruction,6,6,0
Blanklee,tichondrius,576,warlock,destruction,6,6,0
Menggoth,tichondrius,576,warlock,destruction,6,6,0
Ebølarot,tichondrius,576,warlock,destruction,6,6,0
Schrader,sargeras,576,warlock,destruction,6,6,0
Edeklock,frostmourne,576,warlock,destruction,6,6,0
Naughtybolts,sargeras,576,warlock,destruction,6,6,0
Redsolojdc,tichondrius,576,warlock,destruction,6,6,0
Slackjaww,kiljaeden,576,warlock,destruction,6,6,0
Darkmagician,kelthuzad,576,warlock,destruction,6,6,0
Gabbagoul,sargeras,576,warlock,destruction,6,6,0
Deathmásk,ragnaros,576,warlock,destruction,6,6,0
Malevolent,velen,576,warlock,destruction,6,6,0
Kòngal,tichondrius,576,warlock,destruction,6,6,0
Winipuhmalo,quelthalas,576,warlock,destruction,6,6,0
Retwarr,tichondrius,576,warlock,destruction,6,6,0
Chaoscoach,sargeras,576,warlock,destruction,6,6,0
Notstingz,azralon,576,warlock,destruction,6,6,0
Hommer,tichondrius,576,warlock,destruction,9,7,2
Naughtybôlts,sargeras,576,warlock,destruction,9,6,3
Broovid,tichondrius,576,warlock,destruction,13,7,6
Crimsonela,emerald-dream,576,warlock,destruction,12,6,6
Charmandfarm,nerzhul,576,warlock,destruction,12,6,6
Aldaill,moon-guard,576,warlock,destruction,12,6,6
Alizondemdik,azralon,576,warlock,destruction,12,6,6
Sauzith,area-52,576,warlock,destruction,12,6,6
Rothmar,bleeding-hollow,576,warlock,destruction,12,6,6
Dessoft,ragnaros,576,warlock,destruction,12,6,6
Draxxus,barthilas,576,warlock,destruction,12,6,6
Dauntx,proudmoore,576,warlock,destruction,12,6,6
Vravras,kelthuzad,576,warlock,destruction,12,6,6
Soulripped,area-52,576,warlock,destruction,12,6,6
Anasúi,quelthalas,576,warlock,destruction,12,6,6
Marware,quelthalas,576,warlock,destruction,12,6,6
Tonifortnite,emerald-dream,576,warlock,destruction,12,6,6
Plutö,thrall,576,warlock,destruction,12,6,6
Girthlock,tichondrius,576,warlock,destruction,12,6,6
Morcegø,azralon,576,warlock,destruction,12,6,6
Pikslol,bleeding-hollow,576,warlock,destruction,12,6,6
Kreemy,ysera,576,warlock,destruction,12,6,6
Zedonius,dragonmaw,576,warlock,destruction,12,6,6
Wolfib,tichondrius,576,warlock,destruction,12,6,6
Ronnietherat,tichondrius,576,warlock,destruction,12,6,6
Plaintive,moon-guard,576,warlock,destruction,12,6,6
Asamsbinladn,illidan,576,warlock,destruction,12,6,6
Emptysoul,illidan,576,warlock,destruction,12,6,6
Kmüz,drakkari,576,warlock,destruction,12,6,6
Zantol1F9FDC,frostmourne,576,warlock,destruction,12,6,6
Kulgar,aerie-peak,576,warlock,destruction,12,6,6
Itsmeagain,area-52,576,warlock,destruction,12,6,6
Canobio,tichondrius,576,warlock,destruction,12,6,6
Shigero,tichondrius,576,warlock,destruction,12,6,6
Andrewpg,zuljin,576,warlock,destruction,12,6,6
Coffeezx,malganis,576,warlock,destruction,12,6,6
Daenon,kiljaeden,576,warlock,destruction,12,6,6
Hiro,steamwheedle-cartel,576,warlock,destruction,12,6,6
Flu,darkspear,576,warlock,destruction,12,6,6
Liability,zuljin,576,warlock,destruction,12,6,6
Djvetis,blackhand,576,warlock,destruction,12,6,6
Mothmayhem,moon-guard,576,warlock,destruction,12,6,6
Manalis,zuljin,576,warlock,destruction,12,6,6
Sumrule,dreadmaul,576,warlock,destruction,12,6,6
Tenletters,kirin-tor,576,warlock,destruction,18,6,12
Lenestus,stormrage,576,warlock,destruction,18,6,12
Plutheros,stormrage,576,warlock,destruction,18,6,12
Paparoxy,illidan,576,warlock,destruction,18,6,12
Feoona,hyjal,576,warlock,destruction,18,6,12
Bêlthazor,kelthuzad,576,warlock,destruction,18,6,12
Beelzibub,firetree,575,warlock,destruction,12,6,6
Bobthedoc,sargeras,575,warlock,destruction,12,6,6
Méhoe,bleeding-hollow,575,warlock,destruction,12,6,6
Rathianna,sargeras,575,warlock,destruction,12,6,6
Naparima,stormreaver,575,warlock,destruction,12,6,6
Skullsoul,arthas,575,warlock,destruction,12,6,6
Crankshaft,nordrassil,575,warlock,destruction,12,6,6
Daimon,kaelthas,575,warlock,destruction,12,6,6
Superbroly,area-52,575,warlock,destruction,12,6,6
Oluluo,andorhal,575,warlock,destruction,18,6,12
Trayga,illidan,574,warlock,destruction,6,6,0
Tesdeez,tichondrius,574,warlock,destruction,12,6,6
Persephoné,blackrock,574,warlock,destruction,12,6,6
Hungovermate,barthilas,574,warlock,destruction,12,6,6
Supercracker,bleeding-hollow,572,warlock,destruction,18,6,12
Friend,frostmourne,559,warlock,destruction,17,6,11
Rustý,illidan,557,warlock,destruction,11,6,5
Drdotngo,tichondrius,543,warlock,destruction,8,7,1
Tm,dalaran,527,warlock,destruction,11,6,5
Lyonesse,frostmourne,527,warlock,destruction,11,6,5
Loch,destromath,527,warlock,destruction,11,6,5
Exillis,barthilas,527,warlock,destruction,17,6,11
Davnport,frostmourne,511,warlock,destruction,14,6,8
Oreganow,icecrown,480,warlock,destruction,6,5,1
Felegance,proudmoore,480,warlock,destruction,6,5,1
Yuckytoetoe,emerald-dream,480,warlock,destruction,6,5,1
Selwitch,dalaran,480,warlock,destruction,6,5,1
Mydots,frostmourne,480,warlock,destruction,6,5,1
Limeriax,emerald-dream,480,warlock,destruction,6,5,1
Efuc,tichondrius,480,warlock,destruction,6,5,1
Virûs,vashj,480,warlock,destruction,6,5,1
Zycas,tichondrius,480,warlock,destruction,6,5,1
Dippindotz,scilla,480,warlock,destruction,6,5,1
Lockbtw,altar-of-storms,480,warlock,destruction,6,5,1
Jalean,illidan,480,warlock,destruction,6,5,1
Addonic,hyjal,480,warlock,destruction,6,5,1
Blodrain,tichondrius,480,warlock,destruction,6,5,1
Rentblod,azralon,480,warlock,destruction,6,5,1
Kubera,mannoroth,480,warlock,destruction,6,5,1
Ascendant,amanthul,480,warlock,destruction,6,5,1
Beranflakes,darkspear,480,warlock,destruction,6,5,1
Arnan,korgath,480,warlock,destruction,6,5,1
Hellparks,malganis,480,warlock,destruction,6,5,1
Ikite,zuljin,480,warlock,destruction,6,5,1
Jfet,sargeras,480,warlock,destruction,6,5,1
Delarae,frostmourne,480,warlock,destruction,6,5,1
Tonyxx,tichondrius,480,warlock,destruction,6,5,1
Khaozx,ragnaros,480,warlock,destruction,6,5,1
Mørøs,tichondrius,480,warlock,destruction,6,5,1
Indelock,drenden,480,warlock,destruction,6,5,1
Darkboltz,area-52,480,warlock,destruction,6,5,1
Unicornspit,tichondrius,480,warlock,destruction,6,5,1
Elprup,tichondrius,480,warlock,destruction,6,5,1
Sepültüra,quelthalas,480,warlock,destruction,6,5,1
Leîa,tichondrius,480,warlock,destruction,6,5,1
Vexe,tichondrius,480,warlock,destruction,6,5,1
Shïrõ,tichondrius,480,warlock,destruction,6,5,1
Helraz,darkspear,480,warlock,destruction,6,5,1
Humblegodd,illidan,480,warlock,destruction,6,5,1
Phyxylock,stormrage,480,warlock,destruction,6,5,1
Destructium,stormrage,480,warlock,destruction,6,5,1
Wodwarlock,thrall,480,warlock,destruction,6,5,1
Maèlstrom,area-52,480,warlock,destruction,6,5,1
Xidothewitch,stormrage,480,warlock,destruction,6,5,1
Reportmenerd,tichondrius,480,warlock,destruction,6,5,1
Wasrenai,tichondrius,480,warlock,destruction,6,5,1
Fabiusbilex,tichondrius,480,warlock,destruction,6,5,1
Dëception,ragnaros,480,warlock,destruction,6,5,1
Cloperry,area-52,480,warlock,destruction,6,5,1
Malékíth,ragnaros,480,warlock,destruction,6,5,1
Pugnatwo,kelthuzad,480,warlock,destruction,6,5,1
Elfwarlock,aerie-peak,480,warlock,destruction,10,6,4
Macnab,malganis,480,warlock,destruction,12,5,7
Daremyth,azralon,480,warlock,destruction,12,5,7
Grenswood,arathor,480,warlock,destruction,12,5,7
Bellgrande,shadowmoon,480,warlock,destruction,12,5,7
Rytaint,emerald-dream,480,warlock,destruction,12,5,7
Rhabdo,ravenholdt,480,warlock,destruction,12,5,7
Sereniaa,sargeras,480,warlock,destruction,12,5,7
Gnimms,sargeras,480,warlock,destruction,12,5,7
Pveisboring,tichondrius,480,warlock,destruction,12,5,7
Mitryc,illidan,480,warlock,destruction,12,5,7
Asetiks,tichondrius,480,warlock,destruction,12,5,7
Daemonixx,vashj,480,warlock,destruction,12,5,7
Souljäboy,bleeding-hollow,480,warlock,destruction,12,5,7
Gameface,garrosh,480,warlock,destruction,12,5,7
Døomsday,hyjal,480,warlock,destruction,12,5,7
Shadowflame,skullcrusher,480,warlock,destruction,12,5,7
Rèdrùm,tichondrius,480,warlock,destruction,12,5,7
Dommön,ragnaros,480,warlock,destruction,12,5,7
Errogant,area-52,480,warlock,destruction,12,5,7
Totsdots,blackrock,480,warlock,destruction,12,5,7
Seraphserius,laughing-skull,480,warlock,destruction,12,5,7
Snapp,kelthuzad,480,warlock,destruction,12,5,7
Dautenit,illidan,480,warlock,destruction,12,5,7
Cloudynightz,tichondrius,480,warlock,destruction,12,5,7
Justganmore,tichondrius,480,warlock,destruction,12,5,7
Jankity,kelthuzad,480,warlock,destruction,12,5,7
Gallynna,moon-guard,480,warlock,destruction,12,5,7
Ëliphas,tichondrius,480,warlock,destruction,12,5,7
Lockandload,malfurion,480,warlock,destruction,12,5,7
Yurick,frostmourne,480,warlock,destruction,12,5,7
Necrotic,mannoroth,480,warlock,destruction,12,5,7
Topboypepito,tichondrius,480,warlock,destruction,12,5,7
Hellslayer,frostmourne,480,warlock,destruction,12,5,7
Lildottythot,malganis,480,warlock,destruction,12,5,7
Sukmalock,proudmoore,480,warlock,destruction,15,6,9
Doomtome,moon-guard,480,warlock,destruction,14,5,9
Dottcha,blackrock,480,warlock,destruction,18,5,13
Cursedtool,quelthalas,479,warlock,destruction,9,6,3
Loccdawg,laughing-skull,479,warlock,destruction,12,5,7
Vordz,amanthul,479,warlock,destruction,12,5,7
Grix,uldaman,479,warlock,destruction,12,5,7
Superbvious,lothar,478,warlock,destruction,18,5,13
Marvolö,darkspear,476,warlock,destruction,12,5,7
Klapincheeks,malganis,468,warlock,destruction,38,8,30
Mordror,azralon,462,warlock,destruction,11,5,6
Viejitaa,quelthalas,447,warlock,destruction,10,6,4
Døtbomb,stormrage,447,warlock,destruction,11,5,6
Getsmoked,moknathal,447,warlock,destruction,11,5,6
Britnyfears,korgath,447,warlock,destruction,16,5,11
Umdur,zuljin,432,warlock,destruction,9,5,4
Notoriusmma,illidan,432,warlock,destruction,13,7,6
Brútek,moon-guard,431,warlock,destruction,11,5,6
Glôck,lightbringer,426,warlock,destruction,14,7,7
Empowerdlock,garrosh,416,warlock,destruction,10,5,5
Ràistlin,madoran,399,warlock,destruction,5,5,0
Aegywn,gorgonnash,384,warlock,destruction,6,4,2
Kály,azralon,384,warlock,destruction,6,4,2
Sprenn,bleeding-hollow,384,warlock,destruction,6,4,2
Damienn,wyrmrest-accord,384,warlock,destruction,6,4,2
Drgiggles,tichondrius,384,warlock,destruction,6,4,2
Soulbane,jubeithos,384,warlock,destruction,6,4,2
Bustednut,nerzhul,384,warlock,destruction,6,4,2
Thelynx,chogall,384,warlock,destruction,6,4,2
Fatherbolt,tichondrius,384,warlock,destruction,6,4,2
Saicinxd,darkspear,384,warlock,destruction,6,4,2
Baka,moon-guard,384,warlock,destruction,6,4,2
Galtur,azralon,384,warlock,destruction,6,4,2
Rendori,the-scryers,384,warlock,destruction,6,4,2
Litemeatlary,kelthuzad,384,warlock,destruction,6,4,2
Elldiablo,darkspear,384,warlock,destruction,6,4,2
Necrotko,malganis,384,warlock,destruction,6,4,2
Hadit,malganis,384,warlock,destruction,6,4,2
Moóndust,bleeding-hollow,384,warlock,destruction,6,4,2
Roota,dalaran,384,warlock,destruction,6,4,2
Donttouchme,azralon,384,warlock,destruction,6,4,2
Smnslock,emerald-dream,384,warlock,destruction,6,4,2
Sheetzlock,azgalor,384,warlock,destruction,6,4,2
Rodneyjones,emerald-dream,384,warlock,destruction,6,4,2
Shivalx,tichondrius,384,warlock,destruction,6,4,2
Gladyr,frostmourne,384,warlock,destruction,6,4,2
Hawtchili,illidan,384,warlock,destruction,6,4,2
Khaos,norgannon,384,warlock,destruction,6,4,2
Rhelialock,icecrown,384,warlock,destruction,6,4,2
Wreckquiem,burning-blade,384,warlock,destruction,6,4,2
Iamfear,shuhalo,384,warlock,destruction,6,4,2
Fullmelt,azjolnerub,384,warlock,destruction,6,4,2
Extreme,blackwing-lair,384,warlock,destruction,6,4,2
Locksolo,tichondrius,384,warlock,destruction,6,4,2
Vyrecks,hyjal,384,warlock,destruction,6,4,2
Qfear,tichondrius,384,warlock,destruction,6,4,2
Newty,zuljin,384,warlock,destruction,6,4,2
Dottzie,malganis,384,warlock,destruction,6,4,2
Lockiana,zuljin,384,warlock,destruction,6,4,2
Warfeen,malganis,384,warlock,destruction,6,4,2
Doubledigit,tichondrius,384,warlock,destruction,6,4,2
Zonss,tichondrius,384,warlock,destruction,6,4,2
Drezx,frostmourne,384,warlock,destruction,6,4,2
Pengliyuaner,illidan,384,warlock,destruction,6,4,2
Crackhammer,sargeras,384,warlock,destruction,6,4,2
Cowboydann,malganis,384,warlock,destruction,6,4,2
Agla,quelthalas,384,warlock,destruction,6,4,2
Mérli,quelthalas,384,warlock,destruction,6,4,2
Amilkman,area-52,384,warlock,destruction,6,4,2
Wafflezcb,frostmourne,384,warlock,destruction,6,4,2
Synisterlock,moon-guard,384,warlock,destruction,6,4,2
Cursebolt,tichondrius,384,warlock,destruction,6,4,2
Smallj,zuljin,384,warlock,destruction,6,4,2
Overlard,illidan,384,warlock,destruction,6,4,2
Syraxi,illidan,384,warlock,destruction,6,4,2
Eboknight,area-52,384,warlock,destruction,6,4,2
Jxstinl,tichondrius,384,warlock,destruction,6,4,2
Pegorn,illidan,384,warlock,destruction,6,4,2
Fearem,tichondrius,384,warlock,destruction,6,4,2
Deathcoill,frostmourne,384,warlock,destruction,6,4,2
Sdiaz,illidan,384,warlock,destruction,6,4,2
Saruon,proudmoore,384,warlock,destruction,6,4,2
Cønsfèáracy,sargeras,384,warlock,destruction,6,4,2
Asalaviik,illidan,384,warlock,destruction,6,4,2
Chumbing,sargeras,384,warlock,destruction,6,4,2
Dadtired,tichondrius,384,warlock,destruction,6,4,2
Lemonfire,area-52,384,warlock,destruction,6,4,2
Manethail,aegwynn,384,warlock,destruction,6,4,2
Fearoshimá,thrall,384,warlock,destruction,6,4,2
Norastrum,area-52,384,warlock,destruction,6,4,2
Richards,thrall,384,warlock,destruction,6,4,2
Outkãst,illidan,384,warlock,destruction,6,4,2
Baphomët,tichondrius,384,warlock,destruction,6,4,2
Quetzâlcoâtl,sargeras,384,warlock,destruction,6,4,2
Sonovabeech,winterhoof,384,warlock,destruction,6,4,2
Thinkchair,sargeras,384,warlock,destruction,6,4,2
Grammapatty,tichondrius,384,warlock,destruction,6,4,2
Ñever,winterhoof,384,warlock,destruction,6,4,2
Bhris,wildhammer,384,warlock,destruction,6,4,2
Stizzy,eredar,384,warlock,destruction,6,4,2
Slappndemons,mugthol,384,warlock,destruction,6,4,2
Danoinfelizz,nemesis,384,warlock,destruction,6,4,2
Calcadius,zuljin,384,warlock,destruction,6,4,2
Honne,sargeras,384,warlock,destruction,6,4,2
Deebeel,sargeras,384,warlock,destruction,6,4,2
Balepyre,moon-guard,384,warlock,destruction,6,4,2
Superspreadr,silvermoon,384,warlock,destruction,6,4,2
Ozidus,tichondrius,384,warlock,destruction,6,4,2
Gordoxin,area-52,384,warlock,destruction,6,4,2
Laytome,stormreaver,384,warlock,destruction,6,4,2
Dazedl,stormrage,384,warlock,destruction,6,4,2
Corruptblxck,tichondrius,384,warlock,destruction,6,4,2
Ardamelech,quelthalas,384,warlock,destruction,6,4,2
Souwantwar,kiljaeden,384,warlock,destruction,6,4,2
Warmstreak,blackrock,384,warlock,destruction,6,4,2
Frem,eonar,384,warlock,destruction,6,4,2
Eatmybeef,ravencrest,384,warlock,destruction,6,4,2
Bosswarlock,tichondrius,384,warlock,destruction,6,4,2
Kryl,kiljaeden,384,warlock,destruction,6,4,2
Sonnagalook,sargeras,384,warlock,destruction,6,4,2
Adøràßøltz,tichondrius,384,warlock,destruction,6,4,2
Yury,scarlet-crusade,384,warlock,destruction,6,4,2
Arredivh,blackhand,384,warlock,destruction,6,4,2
Esolock,malganis,384,warlock,destruction,6,4,2
Wiredftwx,illidan,384,warlock,destruction,6,4,2
Zzat,area-52,384,warlock,destruction,6,4,2
Coil,kiljaeden,384,warlock,destruction,6,4,2
Asiopdu,tichondrius,384,warlock,destruction,6,4,2
Menedemus,amanthul,384,warlock,destruction,6,4,2
Moramont,stormrage,384,warlock,destruction,6,4,2
Eazyw,stormrage,384,warlock,destruction,6,4,2
Zver,drakkari,384,warlock,destruction,6,4,2
Deathtones,moon-guard,384,warlock,destruction,6,4,2
Árkadiano,drakkari,384,warlock,destruction,6,4,2
Ahp,stormrage,384,warlock,destruction,9,5,4
Renatis,malganis,384,warlock,destruction,9,5,4
Darksòúl,stormrage,384,warlock,destruction,12,4,8
Soulinite,fizzcrank,384,warlock,destruction,12,4,8
Stepmommie,moon-guard,384,warlock,destruction,12,4,8
Fearsntears,stormrage,384,warlock,destruction,12,4,8
Catastrophk,malganis,384,warlock,destruction,12,4,8
Kholdstarev,thunderlord,384,warlock,destruction,12,4,8
Medraut,wyrmrest-accord,384,warlock,destruction,12,4,8
Cursedoll,ragnaros,384,warlock,destruction,12,4,8
Giggideez,bleeding-hollow,384,warlock,destruction,12,4,8
Nazrakin,malganis,384,warlock,destruction,12,4,8
Jáws,zuljin,384,warlock,destruction,12,4,8
Poisondeepnu,malganis,384,warlock,destruction,12,4,8
Oxylock,magtheridon,384,warlock,destruction,12,4,8
Mostlyundead,darkspear,384,warlock,destruction,12,4,8
Rumpology,illidan,384,warlock,destruction,12,4,8
Hateslocks,bladefist,384,warlock,destruction,12,4,8
Offendor,stormrage,384,warlock,destruction,12,4,8
Destructing,hyjal,384,warlock,destruction,12,4,8
Evarona,gorefiend,384,warlock,destruction,12,4,8
Pãni,area-52,384,warlock,destruction,12,4,8
Mozbet,kiljaeden,384,warlock,destruction,12,4,8
Threk,quelthalas,384,warlock,destruction,12,4,8
Flocka,agamaggan,384,warlock,destruction,12,4,8
Tarth,sargeras,384,warlock,destruction,12,4,8
Daedayus,frostwolf,384,warlock,destruction,12,4,8
Locdup,sargeras,384,warlock,destruction,12,4,8
Awangdemon,tichondrius,384,warlock,destruction,12,4,8
Pitou,akama,384,warlock,destruction,12,4,8
Perfidien,tichondrius,384,warlock,destruction,12,4,8
Letsfckingo,tichondrius,384,warlock,destruction,12,4,8
Fowll,frostwolf,384,warlock,destruction,12,4,8
Carcine,frostwolf,384,warlock,destruction,12,4,8
Syileria,frostmourne,384,warlock,destruction,12,4,8
Dotington,frostmourne,384,warlock,destruction,12,4,8
Valerilma,azralon,384,warlock,destruction,12,4,8
Ravikk,dalaran,384,warlock,destruction,18,4,14
Pvman,onyxia,384,warlock,destruction,18,4,14
Destroyaz,stormreaver,383,warlock,destruction,6,4,2
Mysophobia,frostmourne,383,warlock,destruction,6,4,2
Halkroz,nathrezim,383,warlock,destruction,6,4,2
Fearanddots,moon-guard,383,warlock,destruction,12,4,8
Downing,drakkari,383,warlock,destruction,12,4,8
Asheräh,stormrage,383,warlock,destruction,12,4,8
Kurmenos,uldum,382,warlock,destruction,6,4,2
Mageline,thrall,382,warlock,destruction,18,4,14
Valintine,khadgar,367,warlock,destruction,9,5,4
Vanvídd,ragnaros,351,warlock,destruction,11,4,7
Shendotigans,illidan,351,warlock,destruction,11,4,7
Gobbledeez,moknathal,349,warlock,destruction,13,5,8
Lökdown,dalaran,330,warlock,destruction,9,7,2
Lockazo,quelthalas,330,warlock,destruction,11,6,5
Sooshi,malganis,330,warlock,destruction,11,6,5
Sojulord,sargeras,320,warlock,destruction,10,4,6
Wayce,burning-blade,320,warlock,destruction,10,4,6
Saintläurent,bleeding-hollow,319,warlock,destruction,5,4,1
Seltzi,illidan,319,warlock,destruction,5,4,1
Romminus,cenarius,304,warlock,destruction,7,4,3
Romminus,zuljin,304,warlock,destruction,7,4,3
Ceeloftw,tichondrius,288,warlock,destruction,6,3,3
Dogcookie,moon-guard,288,warlock,destruction,6,3,3
Amauder,moon-guard,288,warlock,destruction,6,3,3
Ganondolph,sargeras,288,warlock,destruction,6,3,3
Metaphors,stormrage,288,warlock,destruction,6,3,3
Drelgun,aerie-peak,288,warlock,destruction,6,3,3
Deejaye,frostmourne,288,warlock,destruction,6,3,3
Aomniloltv,zuljin,288,warlock,destruction,6,3,3
Søulswap,tichondrius,288,warlock,destruction,6,3,3
Eiram,ragnaros,288,warlock,destruction,6,3,3
Muchoprecogo,tichondrius,288,warlock,destruction,6,3,3
Tomathus,moon-guard,288,warlock,destruction,6,3,3
Aboode,blackrock,288,warlock,destruction,6,3,3
Muchopower,ragnaros,288,warlock,destruction,6,3,3
Atheô,ragnaros,288,warlock,destruction,6,3,3
Yikës,stormrage,288,warlock,destruction,6,3,3
Zehoc,thrall,288,warlock,destruction,6,3,3
Brutalsummon,frostmourne,288,warlock,destruction,6,3,3
Jishtructo,frostmourne,288,warlock,destruction,6,3,3
Sauronne,illidan,288,warlock,destruction,6,3,3
Joung,tichondrius,288,warlock,destruction,6,3,3
Xblessed,stormrage,288,warlock,destruction,6,3,3
Feartool,stormrage,288,warlock,destruction,6,3,3
Quadrillion,stormrage,288,warlock,destruction,6,3,3
Ÿoucantwin,kiljaeden,288,warlock,destruction,6,3,3
Djfear,tichondrius,288,warlock,destruction,6,3,3
Slantsix,tichondrius,288,warlock,destruction,6,3,3
Lillpfudd,area-52,288,warlock,destruction,6,3,3
Papablasty,nagrand,288,warlock,destruction,6,3,3
Demfearslol,terokkar,288,warlock,destruction,6,3,3
Tjdotter,stormrage,288,warlock,destruction,6,3,3
Unquit,frostmourne,288,warlock,destruction,6,3,3
Gattsonn,kiljaeden,288,warlock,destruction,6,3,3
Merlinsbeard,zuluhed,288,warlock,destruction,6,3,3
Shâdowman,stormrage,288,warlock,destruction,6,3,3
Pillçosby,tichondrius,288,warlock,destruction,6,3,3
Markov,goldrinn,288,warlock,destruction,6,3,3
Uwubolt,moon-guard,288,warlock,destruction,6,3,3
Cocoabuttâ,stormrage,288,warlock,destruction,6,3,3
Vxms,barthilas,288,warlock,destruction,6,3,3
Skynflute,tichondrius,288,warlock,destruction,6,3,3
Vampydark,quelthalas,288,warlock,destruction,6,3,3
Hairydottr,malganis,288,warlock,destruction,6,3,3
Pennÿ,quelthalas,288,warlock,destruction,6,3,3
Bunami,kiljaeden,288,warlock,destruction,6,3,3
Warlocknroll,frostmourne,288,warlock,destruction,6,3,3
Pocserlock,drakkari,288,warlock,destruction,6,3,3
Gotfear,zuljin,288,warlock,destruction,6,3,3
Devi,destromath,288,warlock,destruction,6,3,3
Vafa,kelthuzad,288,warlock,destruction,6,3,3
Phénom,tichondrius,288,warlock,destruction,6,3,3
Ägnar,nemesis,288,warlock,destruction,6,3,3
Famelol,tichondrius,288,warlock,destruction,6,3,3
Necrotiá,tichondrius,288,warlock,destruction,6,3,3
Borudo,thrall,288,warlock,destruction,6,3,3
Wondon,tichondrius,288,warlock,destruction,6,3,3
Aruotnof,nemesis,288,warlock,destruction,6,3,3
Saffuky,frostmourne,288,warlock,destruction,6,3,3
Tørturë,tichondrius,288,warlock,destruction,6,3,3
Zuelu,tichondrius,288,warlock,destruction,6,3,3
Pheríe,sargeras,288,warlock,destruction,6,3,3
Milkybøng,area-52,288,warlock,destruction,6,3,3
Iemonv,vashj,288,warlock,destruction,6,3,3
Anastadora,proudmoore,288,warlock,destruction,6,3,3
Siellisele,illidan,288,warlock,destruction,6,3,3
Skanckqt,malganis,288,warlock,destruction,6,3,3
Blastamastah,tichondrius,288,warlock,destruction,6,3,3
Lockedyaup,skullcrusher,288,warlock,destruction,6,3,3
Nismo,trollbane,288,warlock,destruction,6,3,3
Dashaad,illidan,288,warlock,destruction,6,3,3
Jerclard,proudmoore,288,warlock,destruction,6,3,3
Speakeasy,malygos,288,warlock,destruction,6,3,3
Tamzlock,the-forgotten-coast,288,warlock,destruction,6,3,3
Avadakedavra,warsong,288,warlock,destruction,6,3,3
Nihilus,anvilmar,288,warlock,destruction,6,3,3
Ijustsharded,area-52,288,warlock,destruction,6,3,3
Massivebolts,area-52,288,warlock,destruction,6,3,3
Darthzugzug,gorefiend,288,warlock,destruction,6,3,3
Damerus,illidan,288,warlock,destruction,6,3,3
Zephee,queldorei,288,warlock,destruction,6,3,3
Byndedlock,dragonmaw,288,warlock,destruction,6,3,3
Fungiforest,kelthuzad,288,warlock,destruction,6,3,3
Lübelock,illidan,288,warlock,destruction,6,3,3
Ragnorök,medivh,288,warlock,destruction,6,3,3
Shatteroidz,darkspear,288,warlock,destruction,6,3,3
Dìpndots,wyrmrest-accord,288,warlock,destruction,6,3,3
Yuvirayz,illidan,288,warlock,destruction,6,3,3
Blaxzlock,stormscale,288,warlock,destruction,6,3,3
Hamdulla,tichondrius,288,warlock,destruction,6,3,3
Embraces,tichondrius,288,warlock,destruction,6,3,3
Crashcrash,area-52,288,warlock,destruction,6,3,3
Souldotz,proudmoore,288,warlock,destruction,6,3,3
Dohmie,argent-dawn,288,warlock,destruction,6,3,3
Xephostwo,area-52,288,warlock,destruction,6,3,3
Carpedemon,malganis,288,warlock,destruction,6,3,3
Bhalthazar,staghelm,288,warlock,destruction,6,3,3
Siphoned,darkspear,288,warlock,destruction,6,3,3
Háydn,azuremyst,288,warlock,destruction,6,3,3
Dluttysots,emerald-dream,288,warlock,destruction,6,3,3
Ðëâthløck,tichondrius,288,warlock,destruction,6,3,3
Heizx,area-52,288,warlock,destruction,6,3,3
Nutzosaurus,darkspear,288,warlock,destruction,6,3,3
Creedmore,sargeras,288,warlock,destruction,6,3,3
Síkaría,malganis,288,warlock,destruction,6,3,3
Warlooch,area-52,288,warlock,destruction,6,3,3
Gurlock,illidan,288,warlock,destruction,6,3,3
Insànity,bleeding-hollow,288,warlock,destruction,6,3,3
Mørgoth,thrall,288,warlock,destruction,6,3,3
Meltingface,bleeding-hollow,288,warlock,destruction,6,3,3
Oleg,bleeding-hollow,288,warlock,destruction,6,3,3
Cancer,bloodscalp,288,warlock,destruction,6,3,3
Poggyjones,tichondrius,288,warlock,destruction,6,3,3
Valkynaris,chogall,288,warlock,destruction,6,3,3
Ciprýan,azralon,288,warlock,destruction,6,3,3
Fatals,thrall,288,warlock,destruction,6,3,3
Youkeyoh,illidan,288,warlock,destruction,6,3,3
Matilla,tichondrius,288,warlock,destruction,6,3,3
Geofar,bleeding-hollow,288,warlock,destruction,6,3,3
Neversoft,bleeding-hollow,288,warlock,destruction,6,3,3
Rainali,tichondrius,288,warlock,destruction,6,3,3
Maleficist,bleeding-hollow,288,warlock,destruction,6,3,3
Hauntgød,tichondrius,288,warlock,destruction,6,3,3
Saraphina,maiev,288,warlock,destruction,15,4,11
Xdta,frostmourne,288,warlock,destruction,12,3,9
Gulliftonan,zuljin,288,warlock,destruction,12,3,9
Hachiui,galakrond,288,warlock,destruction,12,3,9
Gorgaron,zuljin,288,warlock,destruction,12,3,9
Shendù,stormrage,288,warlock,destruction,12,3,9
Reluxify,dalaran,288,warlock,destruction,12,3,9
Shaddaj,illidan,288,warlock,destruction,12,3,9
Darkhadouken,sargeras,288,warlock,destruction,12,3,9
Impieties,emerald-dream,288,warlock,destruction,12,3,9
Mireffect,auchindoun,288,warlock,destruction,12,3,9
Gdpx,malganis,288,warlock,destruction,12,3,9
Fazzlock,nagrand,288,warlock,destruction,12,3,9
Drsmegmaz,dreadmaul,288,warlock,destruction,12,3,9
Drwolfman,bonechewer,288,warlock,destruction,12,3,9
Rabiesdot,tichondrius,288,warlock,destruction,12,3,9
Izmadara,frostmane,287,warlock,destruction,6,3,3
Infortunium,sargeras,287,warlock,destruction,6,3,3
Kklock,frostmourne,287,warlock,destruction,6,3,3
Verybaked,sargeras,287,warlock,destruction,6,3,3
Trrolling,jubeithos,287,warlock,destruction,12,5,7
Alvatio,tichondrius,287,warlock,destruction,12,3,9
Evilbacon,stormrage,287,warlock,destruction,12,3,9
Myshadow,gorefiend,287,warlock,destruction,18,3,15
Casusita,area-52,286,warlock,destruction,6,3,3
Drunklockdot,tichondrius,271,warlock,destruction,11,3,8
Sophia,wildhammer,255,warlock,destruction,8,4,4
Yaresly,kelthuzad,255,warlock,destruction,8,4,4
Nobuyori,tichondrius,255,warlock,destruction,11,3,8
Draisien,moon-guard,250,warlock,destruction,7,5,2
Blightbeast,area-52,239,warlock,destruction,5,3,2
Nawtychannel,aegwynn,239,warlock,destruction,5,3,2
Lockyy,khaz-modan,234,warlock,destruction,14,4,10
Nozixx,thrall,224,warlock,destruction,10,3,7
Mldxd,undermine,192,warlock,destruction,4,3,1
Perfidious,altar-of-storms,192,warlock,destruction,4,3,1
Particles,proudmoore,192,warlock,destruction,4,3,1
Tlock,azjolnerub,192,warlock,destruction,6,2,4
Sulívan,azralon,192,warlock,destruction,6,2,4
Morganith,ravenholdt,192,warlock,destruction,6,2,4
Ricklock,aggramar,192,warlock,destruction,6,2,4
Conorloco,tichondrius,192,warlock,destruction,6,2,4
Shanelle,korgath,192,warlock,destruction,6,2,4
Guisls,azralon,192,warlock,destruction,6,2,4
Sinsky,darkspear,192,warlock,destruction,6,2,4
Gihaewon,tichondrius,192,warlock,destruction,6,2,4
Adalaya,emerald-dream,192,warlock,destruction,6,2,4
Sorenbjerga,zuljin,192,warlock,destruction,6,2,4
Mistrnesbitt,malganis,192,warlock,destruction,6,2,4
Cityswimmer,malganis,192,warlock,destruction,6,2,4
Abbyshapiro,kelthuzad,192,warlock,destruction,6,2,4
Ðuckworth,azralon,192,warlock,destruction,6,2,4
Nazug,dark-iron,192,warlock,destruction,6,2,4
Iadminl,moon-guard,192,warlock,destruction,6,2,4
Shadowy,dragonblight,192,warlock,destruction,6,2,4
Dêmonique,azralon,192,warlock,destruction,6,2,4
Voltshot,tichondrius,192,warlock,destruction,6,2,4
Donutd,stormrage,192,warlock,destruction,6,2,4
Omegawarlock,quelthalas,192,warlock,destruction,6,2,4
Dotcòm,illidan,192,warlock,destruction,6,2,4
Outlanderr,tichondrius,192,warlock,destruction,6,2,4
Hollows,burning-blade,192,warlock,destruction,6,2,4
Deiformis,malganis,192,warlock,destruction,6,2,4
Qbl,wyrmrest-accord,192,warlock,destruction,6,2,4
Theboss,arygos,192,warlock,destruction,6,2,4
Dach,moon-guard,192,warlock,destruction,6,2,4
Loçkshow,hyjal,192,warlock,destruction,6,2,4
Ramone,turalyon,192,warlock,destruction,6,2,4
Terminall,quelthalas,192,warlock,destruction,6,2,4
Yordich,kelthuzad,192,warlock,destruction,6,2,4
Aededa,proudmoore,192,warlock,destruction,6,2,4
Ozgwad,thunderhorn,192,warlock,destruction,6,2,4
Oopsíe,nagrand,192,warlock,destruction,6,2,4
Savemykoalas,tichondrius,192,warlock,destruction,6,2,4
Asaveyous,wyrmrest-accord,192,warlock,destruction,6,2,4
Cynnd,tichondrius,192,warlock,destruction,6,2,4
Daesire,moon-guard,192,warlock,destruction,6,2,4
Ourlegacy,tichondrius,192,warlock,destruction,6,2,4
Aliciayd,andorhal,192,warlock,destruction,6,2,4
Theredwolf,zuljin,192,warlock,destruction,6,2,4
Ibanez,bleeding-hollow,192,warlock,destruction,6,2,4
Apokálipse,frostmourne,192,warlock,destruction,6,2,4
Yungwilly,silvermoon,192,warlock,destruction,6,2,4
Disapoin,stormrage,192,warlock,destruction,6,2,4
Gløcked,area-52,192,warlock,destruction,6,2,4
Fstndantilus,moonrunner,192,warlock,destruction,6,2,4
Cholock,anubarak,192,warlock,destruction,6,2,4
Screampied,sargeras,192,warlock,destruction,6,2,4
Imindanger,frostmourne,192,warlock,destruction,6,2,4
Nuradzec,illidan,192,warlock,destruction,6,2,4
Squatchamp,sargeras,192,warlock,destruction,6,2,4
Peeberson,tichondrius,192,warlock,destruction,6,2,4
Muffinlol,frostmourne,192,warlock,destruction,6,2,4
Leine,proudmoore,192,warlock,destruction,6,2,4
Sinnâcle,illidan,192,warlock,destruction,6,2,4
Zoboo,zuljin,192,warlock,destruction,6,2,4
Sathorastus,spirestone,192,warlock,destruction,6,2,4
Harambê,sargeras,192,warlock,destruction,6,2,4
Marcedlc,ragnaros,192,warlock,destruction,6,2,4
Reckzet,stormrage,192,warlock,destruction,6,2,4
Æonas,bladefist,192,warlock,destruction,6,2,4
Osteogenesis,quelthalas,192,warlock,destruction,6,2,4
Mutexlock,whisperwind,192,warlock,destruction,6,2,4
Rxjr,sargeras,192,warlock,destruction,6,2,4
Funnelcakies,area-52,192,warlock,destruction,6,2,4
Sugarfire,nemesis,192,warlock,destruction,6,2,4
Fjklock,nemesis,192,warlock,destruction,6,2,4
Ðamndaddy,sargeras,192,warlock,destruction,6,2,4
Darkbaron,khadgar,192,warlock,destruction,6,2,4
Gadalann,area-52,192,warlock,destruction,6,2,4
Spicyfingers,illidan,192,warlock,destruction,6,2,4
Falsaqt,area-52,192,warlock,destruction,6,2,4
Njunx,queldorei,192,warlock,destruction,6,2,4
Medusablood,area-52,192,warlock,destruction,6,2,4
Revenus,tichondrius,192,warlock,destruction,6,2,4
Dedremus,korialstrasz,192,warlock,destruction,6,2,4
Nameflagged,arathor,192,warlock,destruction,6,2,4
Lazzie,thrall,192,warlock,destruction,6,2,4
Deanwarlock,sargeras,192,warlock,destruction,6,2,4
Albuuss,daggerspine,192,warlock,destruction,6,2,4
Diabolock,proudmoore,192,warlock,destruction,6,2,4
Gvz,tichondrius,192,warlock,destruction,6,2,4
Dotdoctor,thrall,192,warlock,destruction,9,2,7
Wizie,arthas,192,warlock,destruction,12,2,10
Luntrazz,arthas,192,warlock,destruction,12,2,10
Brough,illidan,192,warlock,destruction,12,2,10
Yetiaids,tichondrius,192,warlock,destruction,12,2,10
Abramerlin,tichondrius,192,warlock,destruction,12,2,10
Dapperdanxy,tichondrius,192,warlock,destruction,12,2,10
Asumi,nemesis,192,warlock,destruction,12,2,10
Mystickittie,aerie-peak,191,warlock,destruction,6,2,4
Fartonomus,illidan,191,warlock,destruction,6,2,4
Rnicu,bonechewer,191,warlock,destruction,6,2,4
Eldrien,spirestone,191,warlock,destruction,6,2,4
Hayhatchie,nagrand,159,warlock,destruction,5,2,3
Dotyoazz,stormrage,159,warlock,destruction,5,2,3
Eatmyboltz,hyjal,159,warlock,destruction,5,2,3
Prds,illidan,159,warlock,destruction,5,2,3
Fearfeaster,tichondrius,159,warlock,destruction,5,2,3
Tesowenn,tichondrius,138,warlock,destruction,9,3,6
Rosacrutian,tichondrius,128,warlock,destruction,4,2,2
Crankak,zuljin,96,warlock,destruction,3,2,1
Goodforyou,stormscale,96,warlock,destruction,3,2,1
Deathboltx,zuljin,96,warlock,destruction,3,2,1
Biigdaddyy,kelthuzad,96,warlock,destruction,6,1,5
Ensanaty,dalaran,96,warlock,destruction,6,1,5
Cornboil,tichondrius,96,warlock,destruction,6,1,5
Slipnslide,malganis,96,warlock,destruction,6,1,5
Blastyboat,terenas,96,warlock,destruction,6,1,5
Elaïla,area-52,96,warlock,destruction,6,1,5
Wesyane,anetheron,96,warlock,destruction,6,1,5
Gsr,bleeding-hollow,96,warlock,destruction,6,1,5
Mílkduds,zuljin,96,warlock,destruction,6,1,5
Lokiiee,azuremyst,96,warlock,destruction,6,1,5
Daemonddred,hakkar,96,warlock,destruction,6,1,5
Chilevael,sargeras,96,warlock,destruction,6,1,5
Koillock,bleeding-hollow,96,warlock,destruction,6,1,5
Adlfcritler,emerald-dream,96,warlock,destruction,6,1,5
Fearfactory,lethon,96,warlock,destruction,6,1,5
Esoteríc,sargeras,96,warlock,destruction,6,1,5
Corezach,proudmoore,96,warlock,destruction,6,1,5
Wickedicky,alleria,96,warlock,destruction,6,1,5
Saytiri,tichondrius,96,warlock,destruction,6,1,5
Gulgrin,eldrethalas,96,warlock,destruction,6,1,5
Vexxes,malganis,96,warlock,destruction,6,1,5
Lawkdown,dark-iron,96,warlock,destruction,6,1,5
Lockedinn,mannoroth,96,warlock,destruction,6,1,5
Sheara,silver-hand,96,warlock,destruction,6,1,5
Badufin,azralon,96,warlock,destruction,6,1,5
Charlîe,vashj,96,warlock,destruction,6,1,5
Ezgamejr,tichondrius,96,warlock,destruction,6,1,5
Amour,wyrmrest-accord,96,warlock,destruction,6,1,5
Siinistuh,tichondrius,96,warlock,destruction,6,1,5
Kaotiq,area-52,96,warlock,destruction,6,1,5
Alcorick,moon-guard,96,warlock,destruction,6,1,5
Yuengling,illidan,96,warlock,destruction,6,1,5
Katastrophïk,area-52,96,warlock,destruction,6,1,5
Resima,stormscale,96,warlock,destruction,6,1,5
Lazymongoose,frostmourne,96,warlock,destruction,6,1,5
Tartamuda,ragnaros,96,warlock,destruction,6,1,5
Juniorsalanu,quelthalas,96,warlock,destruction,6,1,5
Darkmatter,frostmourne,96,warlock,destruction,6,1,5
Pspot,kiljaeden,96,warlock,destruction,6,1,5
Kurtcodrain,blackhand,96,warlock,destruction,6,1,5
Plaguedoctor,stormrage,96,warlock,destruction,6,1,5
Karpawarlock,ragnaros,96,warlock,destruction,6,1,5
Acribal,quelthalas,96,warlock,destruction,6,1,5
Voky,whisperwind,96,warlock,destruction,6,1,5
Demonist,moon-guard,96,warlock,destruction,6,1,5
Monstir,sargeras,96,warlock,destruction,6,1,5
Lizlock,stormrage,96,warlock,destruction,6,1,5
Jill,thunderhorn,96,warlock,destruction,6,1,5
Vendareth,earthen-ring,96,warlock,destruction,6,1,5
Gamecobra,greymane,96,warlock,destruction,6,1,5
Proletariat,moon-guard,96,warlock,destruction,6,1,5
Teefgap,sargeras,96,warlock,destruction,6,1,5
Mcpickl,illidan,96,warlock,destruction,6,1,5
Bigdoinks,nagrand,96,warlock,destruction,6,1,5
Kraguenöth,drakkari,96,warlock,destruction,6,1,5
Wherelock,area-52,96,warlock,destruction,7,1,6
Beamac,cenarius,96,warlock,destruction,8,1,7
Anubís,vashj,79,warlock,destruction,5,1,4
Chéztér,proudmoore,79,warlock,destruction,11,1,10
Felse,stormrage,64,warlock,destruction,10,1,9
Fellraiser,bleeding-hollow,48,warlock,destruction,3,1,2
Mickylock,tichondrius,48,warlock,destruction,3,1,2
Kosugi,kelthuzad,42,warlock,destruction,8,2,6
Humanwarlock,spirestone,42,warlock,destruction,9,2,7
Moräl,frostmourne,31,warlock,destruction,2,1,1
Heathncraig,illidan,31,warlock,destruction,2,1,1
Amarexd,stormrage,31,warlock,destruction,2,1,1
Nt,burning-legion,16,warlock,destruction,1,1,0
Cbolt,tichondrius,16,warlock,destruction,1,1,0
Cabelastwo,tichondrius,2124,warrior,fury,87,46,41
Cabelas,tichondrius,2121,warrior,fury,77,41,36
Grimgrip,frostmane,2114,warrior,fury,72,43,29
Riproarin,stormrage,2105,warrior,fury,92,53,39
Joshiman,area-52,2075,warrior,fury,72,39,33
Sworda,sargeras,2017,warrior,fury,77,48,29
Americanbull,moon-guard,2008,warrior,fury,199,103,96
Eno,ragnaros,1967,warrior,fury,63,44,19
Thrator,wyrmrest-accord,1967,warrior,fury,90,41,49
Ragwreck,bleeding-hollow,1959,warrior,fury,68,35,33
Gazzef,thrall,1950,warrior,fury,60,36,24
Lahired,drakkari,1886,warrior,fury,89,40,49
Dowser,goldrinn,1884,warrior,fury,101,55,46
Melifehorde,tichondrius,1877,warrior,fury,168,87,81
Warqt,kelthuzad,1851,warrior,fury,59,32,27
Hlt,tichondrius,1839,warrior,fury,48,28,20
Jenjang,proudmoore,1834,warrior,fury,83,52,31
Zanzaa,sargeras,1830,warrior,fury,67,37,30
Ragwreckz,bleeding-hollow,1826,warrior,fury,52,32,20
Soymong,frostmourne,1825,warrior,fury,116,74,42
Mty,tichondrius,1824,warrior,fury,54,35,19
Szauren,stormrage,1824,warrior,fury,63,31,32
Bosswin,tichondrius,1820,warrior,fury,53,28,25
Skyja,quelthalas,1820,warrior,fury,42,22,20
Wienertoes,tichondrius,1820,warrior,fury,78,40,38
Isahri,moon-guard,1818,warrior,fury,110,64,46
Brodestar,sargeras,1816,warrior,fury,30,20,10
Zujuzo,moon-guard,1815,warrior,fury,111,64,47
Neôn,frostmourne,1815,warrior,fury,66,37,29
Donutwar,proudmoore,1813,warrior,fury,54,30,24
Kennäy,azralon,1810,warrior,fury,46,28,18
Psychogenic,barthilas,1810,warrior,fury,102,60,42
Zyzz,scarlet-crusade,1807,warrior,fury,72,41,31
Killuall,sargeras,1807,warrior,fury,42,23,19
Yawdamper,illidan,1805,warrior,fury,51,32,19
Seoní,wyrmrest-accord,1805,warrior,fury,76,43,33
Franticlol,tichondrius,1802,warrior,fury,90,59,31
Cubie,malganis,1802,warrior,fury,75,40,35
Tøpg,sargeras,1801,warrior,fury,55,32,23
Shibaraku,tichondrius,1797,warrior,fury,88,47,41
Ágsdóùblémàú,bleeding-hollow,1794,warrior,fury,108,60,48
Rekatron,area-52,1783,warrior,fury,49,25,24
Sandronb,illidan,1781,warrior,fury,60,28,32
Sàndman,malganis,1775,warrior,fury,39,23,16
Bigfatork,area-52,1774,warrior,fury,70,36,34
Choppiechop,area-52,1763,warrior,fury,42,26,16
Gooberbear,frostmourne,1763,warrior,fury,85,50,35
Apocalyptist,stormrage,1763,warrior,fury,87,50,37
Vèév,proudmoore,1761,warrior,fury,36,24,12
Rendwarchief,garrosh,1748,warrior,fury,66,39,27
Kholusia,kul-tiras,1739,warrior,fury,65,33,32
Shadax,bleeding-hollow,1730,warrior,fury,128,69,59
Beanstrom,tichondrius,1729,warrior,fury,77,39,38
Escånor,moon-guard,1728,warrior,fury,25,19,6
Duochuanjun,illidan,1710,warrior,fury,42,25,17
Barafang,wyrmrest-accord,1710,warrior,fury,213,111,102
Zangetsy,sargeras,1696,warrior,fury,51,32,19
Mochigome,moon-guard,1696,warrior,fury,97,49,48
Scolpi,stormrage,1695,warrior,fury,76,42,34
Slughorn,moon-guard,1694,warrior,fury,54,26,28
Chopped,wyrmrest-accord,1694,warrior,fury,75,32,43
Festergrin,area-52,1692,warrior,fury,36,21,15
Blgjb,tichondrius,1691,warrior,fury,54,23,31
Dripgodx,malganis,1682,warrior,fury,48,26,22
Ðåddý,stormrage,1682,warrior,fury,101,51,50
Rôxi,malganis,1682,warrior,fury,47,23,24
Scrotedog,area-52,1680,warrior,fury,55,24,31
Tyroe,thunderhorn,1679,warrior,fury,36,22,14
Fearless,moon-guard,1675,warrior,fury,126,68,58
Thugdorr,sargeras,1675,warrior,fury,102,53,49
Veyrin,stormrage,1674,warrior,fury,108,61,47
Morfoggore,ragnaros,1673,warrior,fury,55,25,30
Wampzug,azshara,1664,warrior,fury,54,28,26
Damiansuv,moon-guard,1660,warrior,fury,42,27,15
Drashi,nazjatar,1657,warrior,fury,36,25,11
Zuggrok,zuljin,1655,warrior,fury,54,26,28
Ruuthless,sargeras,1653,warrior,fury,46,29,17
Onîkudakì,sargeras,1651,warrior,fury,73,45,28
Faren,agamaggan,1648,warrior,fury,113,64,49
Keltanas,quelthalas,1647,warrior,fury,53,28,25
Larrybiscuit,moon-guard,1644,warrior,fury,72,46,26
Alteryx,sargeras,1639,warrior,fury,100,60,40
Daedrion,dalaran,1638,warrior,fury,48,25,23
Onionsauce,frostmourne,1628,warrior,fury,66,35,31
Ediann,elune,1619,warrior,fury,77,45,32
Damonadrann,proudmoore,1616,warrior,fury,36,20,16
Jimjinjin,tichondrius,1606,warrior,fury,36,20,16
Eggroll,emerald-dream,1605,warrior,fury,60,35,25
Youaredafeds,moon-guard,1604,warrior,fury,89,52,37
Wolfcultist,moon-guard,1603,warrior,fury,99,46,53
Lilgucci,stonemaul,1602,warrior,fury,36,20,16
Bulgrim,moon-guard,1601,warrior,fury,42,21,21
Soulfang,stormscale,1600,warrior,fury,36,20,16
Nixe,caelestrasz,1599,warrior,fury,50,28,22
Gaazhel,quelthalas,1598,warrior,fury,97,49,48
Brutality,kirin-tor,1597,warrior,fury,66,36,30
Tádakatsu,sargeras,1594,warrior,fury,91,49,42
Jírky,ragnaros,1594,warrior,fury,132,70,62
Gigatroll,tichondrius,1592,warrior,fury,59,30,29
Kellyboitv,frostmourne,1588,warrior,fury,36,17,19
Igoboom,bleeding-hollow,1585,warrior,fury,46,25,21
Gnomageddon,anetheron,1583,warrior,fury,47,19,28
Rikbielo,dragonmaw,1582,warrior,fury,61,35,26
Ragnararagor,ragnaros,1581,warrior,fury,198,101,97
Sithlõrd,moon-guard,1580,warrior,fury,54,27,27
Furíous,thunderhorn,1580,warrior,fury,42,20,22
Påpi,sargeras,1575,warrior,fury,54,33,21
Jorked,drakkari,1574,warrior,fury,36,21,15
Raggnarsøøn,ragnaros,1572,warrior,fury,93,44,49
Damburga,tichondrius,1569,warrior,fury,30,20,10
Colorx,sargeras,1569,warrior,fury,40,22,18
Darkbunny,thaurissan,1569,warrior,fury,54,27,27
Wöûlöû,trollbane,1567,warrior,fury,73,40,33
Flexid,tichondrius,1564,warrior,fury,30,17,13
Garobber,stormrage,1552,warrior,fury,36,17,19
Crohdey,madoran,1547,warrior,fury,114,63,51
Zareshi,sargeras,1546,warrior,fury,116,64,52
Sugmad,area-52,1545,warrior,fury,48,22,26
Bigßiceps,tichondrius,1544,warrior,fury,30,18,12
Ohdang,dark-iron,1535,warrior,fury,48,30,18
Romus,spirestone,1532,warrior,fury,30,19,11
Khrull,khazgoroth,1529,warrior,fury,50,25,25
Ragemane,illidan,1528,warrior,fury,24,16,8
Starshattr,bleeding-hollow,1528,warrior,fury,42,22,20
Warrmachine,mannoroth,1520,warrior,fury,132,75,57
Chounshiryu,drakkari,1520,warrior,fury,135,71,64
Zitfrlt,wildhammer,1515,warrior,fury,87,39,48
Playbox,area-52,1514,warrior,fury,83,37,46
Hairygrundel,area-52,1512,warrior,fury,24,16,8
Mytharion,sargeras,1511,warrior,fury,30,18,12
Tanorai,area-52,1510,warrior,fury,36,21,15
Gûard,stormrage,1504,warrior,fury,35,20,15
Anandamide,frostwolf,1503,warrior,fury,51,27,24
Nimna,moon-guard,1499,warrior,fury,59,29,30
Hôdû,tichondrius,1498,warrior,fury,38,24,14
Morguez,tichondrius,1492,warrior,fury,48,26,22
Splasch,kelthuzad,1492,warrior,fury,35,16,19
Brøsk,azralon,1491,warrior,fury,42,21,21
Albinosword,azralon,1488,warrior,fury,74,37,37
Tenger,velen,1485,warrior,fury,76,41,35
Dwarlan,stormrage,1481,warrior,fury,48,30,18
Know,anetheron,1480,warrior,fury,39,25,14
Ikoré,saurfang,1480,warrior,fury,81,44,37
Rhann,kelthuzad,1473,warrior,fury,36,20,16
Karusuke,stormrage,1472,warrior,fury,36,21,15
Dcashmoney,moon-guard,1468,warrior,fury,29,17,12
Trôca,ragnaros,1462,warrior,fury,30,19,11
Celere,azralon,1453,warrior,fury,36,16,20
Khargrok,ragnaros,1451,warrior,fury,45,25,20
Varith,sargeras,1439,warrior,fury,48,21,27
Venirith,moon-guard,1438,warrior,fury,70,35,35
Elken,haomarush,1434,warrior,fury,48,26,22
Furrytakeda,kelthuzad,1434,warrior,fury,30,15,15
Apeal,skullcrusher,1432,warrior,fury,78,42,36
Mankus,tichondrius,1432,warrior,fury,90,45,45
Éomer,eitrigg,1428,warrior,fury,42,27,15
Iskandr,amanthul,1428,warrior,fury,39,19,20
Gorrtog,stormrage,1425,warrior,fury,60,25,35
Errejota,illidan,1424,warrior,fury,36,18,18
Heenguer,azralon,1420,warrior,fury,60,31,29
Majindoom,illidan,1418,warrior,fury,47,27,20
Grômm,tichondrius,1413,warrior,fury,45,21,24
Burtiera,wyrmrest-accord,1411,warrior,fury,42,27,15
Zombad,azralon,1411,warrior,fury,24,15,9
Warsongwolf,tichondrius,1409,warrior,fury,78,36,42
Aarmii,ragnaros,1408,warrior,fury,36,18,18
Exëqt,area-52,1404,warrior,fury,60,25,35
Xurug,zuljin,1400,warrior,fury,30,15,15
Slaggdad,illidan,1395,warrior,fury,62,26,36
Zekken,blades-edge,1392,warrior,fury,77,39,38
Fearlessxq,tichondrius,1390,warrior,fury,72,38,34
Swiftslaýer,vashj,1383,warrior,fury,35,16,19
Eatmyblade,wyrmrest-accord,1383,warrior,fury,124,55,69
Lyonele,moon-guard,1380,warrior,fury,33,19,14
Hellframe,ysondre,1377,warrior,fury,36,17,19
Swiffy,stormrage,1375,warrior,fury,46,29,17
Kaladbolg,tichondrius,1369,warrior,fury,24,15,9
Wuushang,area-52,1369,warrior,fury,36,21,15
Ensïs,moon-guard,1366,warrior,fury,42,17,25
Fearlessly,moon-guard,1365,warrior,fury,60,29,31
Crushanater,tichondrius,1364,warrior,fury,33,17,16
Spaceguybro,whisperwind,1364,warrior,fury,36,18,18
Weesten,aerie-peak,1361,warrior,fury,90,54,36
Nebgleb,bleeding-hollow,1360,warrior,fury,24,16,8
Emotionaldps,malygos,1360,warrior,fury,141,74,67
Fendimonster,tichondrius,1357,warrior,fury,68,39,29
Matthegreat,area-52,1354,warrior,fury,51,25,26
Rageinc,jubeithos,1347,warrior,fury,56,24,32
Oddyseey,moon-guard,1341,warrior,fury,24,14,10
Torbajhorn,moon-guard,1337,warrior,fury,24,14,10
Lighttaker,proudmoore,1335,warrior,fury,54,31,23
Bondeye,stormrage,1325,warrior,fury,83,38,45
Dhaemom,azralon,1324,warrior,fury,47,23,24
Mandremin,moon-guard,1322,warrior,fury,18,14,4
Ivanzaytsev,ragnaros,1321,warrior,fury,66,32,34
Galaxarr,bonechewer,1319,warrior,fury,65,32,33
Cohëëd,kelthuzad,1318,warrior,fury,36,16,20
Ciellë,proudmoore,1312,warrior,fury,24,15,9
Darkduke,tichondrius,1307,warrior,fury,23,14,9
Tüssèll,khazgoroth,1306,warrior,fury,97,48,49
Wurrukattezz,tichondrius,1299,warrior,fury,32,19,13
Xeto,ragnaros,1296,warrior,fury,34,20,14
Fabian,kelthuzad,1296,warrior,fury,76,40,36
Youserg,khazgoroth,1296,warrior,fury,52,23,29
Attractive,silvermoon,1293,warrior,fury,58,30,28
Kelandrin,illidan,1292,warrior,fury,24,15,9
Savikk,earthen-ring,1287,warrior,fury,36,21,15
Varlekt,frostmourne,1285,warrior,fury,30,16,14
Rsage,lightbringer,1284,warrior,fury,71,37,34
Thywub,proudmoore,1284,warrior,fury,30,14,16
Tdaddy,lightbringer,1280,warrior,fury,91,47,44
Grumok,tichondrius,1267,warrior,fury,26,14,12
Ivoryana,kelthuzad,1266,warrior,fury,48,25,23
Paí,nemesis,1265,warrior,fury,24,15,9
Vandrad,stormrage,1255,warrior,fury,98,43,55
Garce,aerie-peak,1253,warrior,fury,31,16,15
Wariorphilip,moon-guard,1250,warrior,fury,30,18,12
Wakkawar,stormrage,1248,warrior,fury,48,24,24
Braxxínn,tichondrius,1247,warrior,fury,18,13,5
Cannabiddies,illidan,1247,warrior,fury,24,13,11
Ssamba,shattered-hand,1244,warrior,fury,24,13,11
Torkscreww,bleeding-hollow,1243,warrior,fury,24,13,11
Buckleboot,illidan,1242,warrior,fury,24,13,11
Skipowawa,area-52,1237,warrior,fury,30,16,14
Atracasöl,ragnaros,1236,warrior,fury,24,13,11
Zephyron,moonrunner,1231,warrior,fury,38,18,20
Cjay,bleeding-hollow,1229,warrior,fury,30,13,17
Kaíroz,quelthalas,1223,warrior,fury,30,19,11
Furiousangel,area-52,1223,warrior,fury,36,19,17
Vornicar,moon-guard,1221,warrior,fury,32,14,18
Elonownesme,zuljin,1216,warrior,fury,24,13,11
Koraciá,illidan,1215,warrior,fury,36,17,19
Grosjambes,turalyon,1214,warrior,fury,30,18,12
Tenebrocity,stormrage,1213,warrior,fury,42,19,23
Cougaloo,sargeras,1211,warrior,fury,30,13,17
Osannd,tichondrius,1207,warrior,fury,30,13,17
Breinan,ragnaros,1205,warrior,fury,51,26,25
Rendus,hyjal,1198,warrior,fury,54,21,33
Hammerock,ragnaros,1195,warrior,fury,23,13,10
Nemesioh,tichondrius,1184,warrior,fury,59,25,34
Zorhn,skywall,1161,warrior,fury,24,18,6
Darthwarr,bleeding-hollow,1156,warrior,fury,35,23,12
Philsbbqnow,dark-iron,1151,warrior,fury,18,12,6
Stavsie,tichondrius,1150,warrior,fury,18,12,6
Ganzism,tichondrius,1150,warrior,fury,24,12,12
Notcoverage,tichondrius,1150,warrior,fury,24,12,12
Brainhaze,tichondrius,1150,warrior,fury,24,12,12
Ganzar,nesingwary,1148,warrior,fury,24,12,12
Zuggyboi,moon-guard,1147,warrior,fury,18,12,6
Zarxc,quelthalas,1147,warrior,fury,24,12,12
Honduranhary,sargeras,1145,warrior,fury,22,13,9
Kanekhy,ragnaros,1143,warrior,fury,28,13,15
Braxtön,moon-guard,1143,warrior,fury,30,12,18
Balbyo,shattered-hand,1139,warrior,fury,24,12,12
Originalkhan,stormrage,1138,warrior,fury,30,12,18
Talismantate,quelthalas,1135,warrior,fury,18,12,6
Makcumba,ragnaros,1132,warrior,fury,24,12,12
Noten,thunderlord,1129,warrior,fury,24,12,12
Chahta,shadowsong,1125,warrior,fury,18,12,6
Roxon,hellscream,1124,warrior,fury,64,33,31
Zèldris,gallywix,1120,warrior,fury,76,43,33
Líliúm,ragnaros,1111,warrior,fury,25,15,10
Sphílly,thrall,1107,warrior,fury,36,19,17
Renseven,frostmourne,1107,warrior,fury,24,12,12
Chillawigs,kelthuzad,1103,warrior,fury,21,13,8
Tyraelius,kiljaeden,1103,warrior,fury,39,24,15
Brodîn,tichondrius,1092,warrior,fury,30,18,12
Screwz,blackrock,1091,warrior,fury,24,12,12
Undmyaxe,shattered-halls,1078,warrior,fury,24,13,11
Fatguy,tichondrius,1076,warrior,fury,60,29,31
Badoosh,kaelthas,1075,warrior,fury,17,12,5
Lucymay,kelthuzad,1072,warrior,fury,30,16,14
Xcuses,area-52,1055,warrior,fury,18,11,7
Rekill,emerald-dream,1055,warrior,fury,18,11,7
Nicfury,alterac-mountains,1055,warrior,fury,18,11,7
Tctc,emerald-dream,1055,warrior,fury,18,11,7
Gorbagglúk,azralon,1055,warrior,fury,30,15,15
Robocöp,quelthalas,1054,warrior,fury,18,11,7
Alarìon,malganis,1054,warrior,fury,18,11,7
Zerkxi,kelthuzad,1053,warrior,fury,18,11,7
Moistt,nesingwary,1052,warrior,fury,18,11,7
Jubeithos,draktharon,1051,warrior,fury,24,11,13
Radisa,sargeras,1051,warrior,fury,30,11,19
Mäjka,dalaran,1050,warrior,fury,24,11,13
Impalle,nazjatar,1049,warrior,fury,25,14,11
Trco,quelthalas,1047,warrior,fury,18,11,7
Assaulttank,drenden,1046,warrior,fury,24,11,13
Kratøz,tichondrius,1045,warrior,fury,24,11,13
Marcuss,bonechewer,1043,warrior,fury,18,11,7
Garmeg,nemesis,1041,warrior,fury,42,16,26
Owwycowwy,area-52,1032,warrior,fury,36,15,21
Smallestwar,zuljin,1028,warrior,fury,33,12,21
Rekitralph,tichondrius,1027,warrior,fury,24,11,13
Rumka,draktharon,1015,warrior,fury,65,26,39
Wyrmscream,moon-guard,1008,warrior,fury,78,37,41
Zweihänder,nemesis,1005,warrior,fury,17,11,6
Tinycutty,frostmourne,1004,warrior,fury,17,11,6
Crazysharpz,thaurissan,1001,warrior,fury,29,12,17
Yêawen,tichondrius,990,warrior,fury,20,11,9
Curacao,dark-iron,987,warrior,fury,26,11,15
Pulp,sargeras,976,warrior,fury,19,11,8
Smexxin,tichondrius,960,warrior,fury,18,10,8
Mphx,tichondrius,960,warrior,fury,18,10,8
Gladheateher,bonechewer,960,warrior,fury,18,10,8
Éeu,anubarak,960,warrior,fury,90,45,45
Ymìr,moon-guard,959,warrior,fury,18,10,8
Farklesnarf,tichondrius,957,warrior,fury,18,10,8
Arfzz,zangarmarsh,957,warrior,fury,18,10,8
Quuavo,tichondrius,957,warrior,fury,18,10,8
Rafurk,area-52,957,warrior,fury,18,10,8
Limpninny,dalaran,957,warrior,fury,21,10,11
Violençe,malganis,956,warrior,fury,24,10,14
Harlow,spirestone,955,warrior,fury,24,10,14
Lilcha,stormrage,951,warrior,fury,24,10,14
Serviettski,zuljin,943,warrior,fury,18,10,8
Sperow,malygos,925,warrior,fury,20,11,9
Hùlksmâsh,zuljin,924,warrior,fury,23,13,10
Ghostlyedge,turalyon,918,warrior,fury,72,25,47
Samdarkblade,kilrogg,898,warrior,fury,33,10,23
Firmware,illidan,896,warrior,fury,22,10,12
Grievouz,nemesis,894,warrior,fury,17,10,7
Warroiser,quelthalas,879,warrior,fury,19,10,9
Agragar,zuljin,864,warrior,fury,12,9,3
Astrëa,quelthalas,864,warrior,fury,18,9,9
Baylîfe,illidan,864,warrior,fury,18,9,9
Likelygood,tichondrius,863,warrior,fury,12,9,3
Okkin,cairne,863,warrior,fury,12,9,3
Kombatwombat,kaelthas,863,warrior,fury,12,9,3
Hoodlark,lightbringer,863,warrior,fury,12,9,3
Coldshots,stormreaver,863,warrior,fury,12,9,3
Squonks,kelthuzad,863,warrior,fury,12,9,3
Zastrow,dalaran,863,warrior,fury,18,9,9
Liltom,sargeras,863,warrior,fury,18,9,9
Setseno,stormrage,863,warrior,fury,18,9,9
Gzilla,queldorei,863,warrior,fury,24,9,15
Nowarriororc,thrall,862,warrior,fury,18,9,9
Wazy,ragnaros,862,warrior,fury,24,9,15
Mikejustice,kelthuzad,861,warrior,fury,21,10,11
Rageraz,trollbane,860,warrior,fury,12,9,3
Maddzspin,tichondrius,860,warrior,fury,18,9,9
Asuna,burning-blade,860,warrior,fury,18,9,9
Stunninchaos,shattered-hand,859,warrior,fury,24,9,15
Lovehandlez,proudmoore,858,warrior,fury,18,9,9
Rücküs,tichondrius,858,warrior,fury,18,9,9
Goinberserk,tichondrius,854,warrior,fury,22,9,13
Rocketcayton,veknilash,845,warrior,fury,18,9,9
Trufsoturi,bleeding-hollow,845,warrior,fury,23,9,14
Kajing,boulderfist,836,warrior,fury,19,10,9
Machâ,illidan,830,warrior,fury,17,9,8
Jellyjamz,zuljin,825,warrior,fury,24,9,15
Bargorengar,skullcrusher,797,warrior,fury,108,48,60
Benchpress,bleeding-hollow,782,warrior,fury,19,9,10
Klim,grizzly-hills,781,warrior,fury,25,9,16
Orrof,antonidas,779,warrior,fury,27,9,18
Cüba,nemesis,770,warrior,fury,24,9,15
Ragingboner,aggramar,768,warrior,fury,12,8,4
Beforever,kiljaeden,768,warrior,fury,12,8,4
Sonyanalogue,frostmourne,768,warrior,fury,12,8,4
Bigglyjoobs,tichondrius,768,warrior,fury,12,8,4
Bamag,dethecus,768,warrior,fury,12,8,4
Rimshotts,sargeras,768,warrior,fury,12,8,4
Asstastic,bonechewer,768,warrior,fury,18,8,10
Oohsht,tichondrius,768,warrior,fury,18,8,10
Jimseung,tichondrius,768,warrior,fury,18,8,10
Icebringer,frostmourne,768,warrior,fury,24,8,16
Kortera,malganis,767,warrior,fury,12,8,4
Dann,ragnaros,767,warrior,fury,12,8,4
Moggos,firetree,767,warrior,fury,12,8,4
Galigiggs,emerald-dream,767,warrior,fury,12,8,4
Rodahn,emerald-dream,767,warrior,fury,12,8,4
Mulish,frostmourne,767,warrior,fury,19,10,9
Zêtt,drakkari,767,warrior,fury,18,8,10
Bigjier,proudmoore,767,warrior,fury,18,8,10
Wíldcat,illidan,767,warrior,fury,18,8,10
Droggo,cenarius,766,warrior,fury,12,8,4
Theßull,frostmourne,766,warrior,fury,12,8,4
Corbray,frostmourne,766,warrior,fury,24,8,16
Akusenshi,dragonblight,764,warrior,fury,15,9,6
Trendxx,stormrage,763,warrior,fury,24,8,16
Irontarkus,garrosh,762,warrior,fury,12,8,4
Creedz,dreadmaul,761,warrior,fury,18,8,10
Alandris,icecrown,760,warrior,fury,18,10,8
Uhtred,moonrunner,757,warrior,fury,18,8,10
Kilp,thrall,751,warrior,fury,17,8,9
Moriax,azralon,747,warrior,fury,23,8,15
Marleau,bleeding-hollow,742,warrior,fury,21,9,12
Brugo,area-52,713,warrior,fury,13,9,4
Pigonhae,zuljin,713,warrior,fury,19,10,9
Eleronogoth,draka,704,warrior,fury,16,8,8
Zaraki,moon-guard,704,warrior,fury,16,8,8
Kolosaltwo,tichondrius,703,warrior,fury,11,8,3
Koffray,malfurion,687,warrior,fury,11,8,3
Ðrëäd,area-52,672,warrior,fury,12,7,5
Whitetaure,arthas,672,warrior,fury,12,7,5
Krunas,quelthalas,672,warrior,fury,12,7,5
Sypii,malganis,672,warrior,fury,12,7,5
Giannï,chogall,672,warrior,fury,12,7,5
Ruckw,stormrage,672,warrior,fury,12,7,5
Canduin,queldorei,672,warrior,fury,12,7,5
Illaedan,quelthalas,672,warrior,fury,12,7,5
Maar,lightbringer,672,warrior,fury,12,7,5
Dardash,ragnaros,672,warrior,fury,12,7,5
Dós,emerald-dream,672,warrior,fury,12,7,5
Ðow,burning-blade,672,warrior,fury,12,7,5
Eino,llane,672,warrior,fury,12,7,5
Wishayzka,drakkari,672,warrior,fury,12,7,5
Funsyze,garona,672,warrior,fury,12,7,5
Lòrdnasher,tichondrius,672,warrior,fury,12,7,5
Ciege,illidan,672,warrior,fury,12,7,5
Endlesskilla,destromath,672,warrior,fury,18,7,11
Gorehardt,illidan,672,warrior,fury,18,7,11
Youjumpijump,frostmourne,672,warrior,fury,18,7,11
Warhand,frostmourne,672,warrior,fury,18,7,11
Mardrex,korgath,672,warrior,fury,18,7,11
Tayne,ragnaros,671,warrior,fury,12,7,5
Linker,ragnaros,671,warrior,fury,12,7,5
Calzonez,bloodscalp,671,warrior,fury,12,7,5
Abomlnatlon,tichondrius,671,warrior,fury,12,7,5
Nokak,borean-tundra,671,warrior,fury,12,7,5
Iorak,queldorei,671,warrior,fury,12,7,5
Pelikanesis,arthas,671,warrior,fury,12,7,5
Sensho,azralon,671,warrior,fury,12,7,5
Ragnir,kelthuzad,671,warrior,fury,18,7,11
Remudan,tichondrius,671,warrior,fury,18,7,11
Judessi,kiljaeden,670,warrior,fury,12,7,5
Tiqokz,sargeras,670,warrior,fury,12,7,5
Ganon,garrosh,670,warrior,fury,12,7,5
Carnemontana,shadowsong,667,warrior,fury,12,7,5
Siiss,stormrage,665,warrior,fury,21,9,12
Zoldian,tichondrius,655,warrior,fury,17,9,8
Naughtytwat,tichondrius,639,warrior,fury,14,8,6
Ashwalker,malganis,639,warrior,fury,14,8,6
Velarrine,illidan,639,warrior,fury,17,7,10
Zovudo,area-52,638,warrior,fury,14,8,6
Wintz,dreadmaul,638,warrior,fury,14,8,6
Donjuan,skullcrusher,637,warrior,fury,20,8,12
Harkeigh,wyrmrest-accord,623,warrior,fury,11,7,4
Ourhero,malganis,623,warrior,fury,15,7,8
Warchine,malganis,618,warrior,fury,15,8,7
Furryhorv,frostmourne,608,warrior,fury,22,7,15
Vorthax,korgath,607,warrior,fury,14,7,7
Noktyn,haomarush,591,warrior,fury,11,7,4
Taiine,moon-guard,576,warrior,fury,6,6,0
Progesterone,bleeding-hollow,576,warrior,fury,12,6,6
Yükana,quelthalas,576,warrior,fury,12,6,6
Lurtras,exodar,576,warrior,fury,12,6,6
Ggull,tichondrius,576,warrior,fury,12,6,6
Carnemølida,thrall,576,warrior,fury,12,6,6
Ðrënch,tichondrius,576,warrior,fury,12,6,6
Disarmed,proudmoore,576,warrior,fury,12,6,6
Whateverzhan,tichondrius,576,warrior,fury,12,6,6
Arågòrn,stormrage,576,warrior,fury,12,6,6
Prestico,ragnaros,576,warrior,fury,12,6,6
Tacrolimus,thrall,576,warrior,fury,12,6,6
Alysson,moon-guard,576,warrior,fury,12,6,6
Rohkvan,illidan,576,warrior,fury,12,6,6
Strongerjaw,tichondrius,576,warrior,fury,12,6,6
Dëåth,azgalor,576,warrior,fury,12,6,6
Eazyc,tichondrius,576,warrior,fury,12,6,6
Snowflakee,jaedenar,576,warrior,fury,12,6,6
Endurefen,sargeras,576,warrior,fury,12,6,6
Kaivax,tichondrius,576,warrior,fury,12,6,6
Mers,garrosh,576,warrior,fury,12,6,6
Venóm,moon-guard,576,warrior,fury,12,6,6
Vinvivenna,emerald-dream,576,warrior,fury,12,6,6
Digitaldj,frostmourne,576,warrior,fury,18,6,12
Eregor,sargeras,576,warrior,fury,18,6,12
Isitorganic,nesingwary,575,warrior,fury,12,6,6
Sálieri,ragnaros,575,warrior,fury,12,6,6
Xenyn,malganis,575,warrior,fury,12,6,6
Burninated,tichondrius,575,warrior,fury,12,6,6
Luckychaos,bleeding-hollow,575,warrior,fury,12,6,6
Uggtrick,zuljin,575,warrior,fury,12,6,6
Trackhawk,moon-guard,575,warrior,fury,12,6,6
Joxer,nordrassil,575,warrior,fury,12,6,6
Redblade,bleeding-hollow,575,warrior,fury,18,6,12
Badairplane,gilneas,574,warrior,fury,12,6,6
Kurishjadar,tichondrius,574,warrior,fury,18,6,12
Xfootman,quelthalas,570,warrior,fury,12,6,6
Jonÿ,sargeras,549,warrior,fury,15,7,8
Freakin,ragnaros,543,warrior,fury,16,6,10
Ghonad,windrunner,541,warrior,fury,17,6,11
Sinbãd,sargeras,527,warrior,fury,11,6,5
Leturen,emerald-dream,527,warrior,fury,19,7,12
Futtmebuck,emerald-dream,522,warrior,fury,12,7,5
Nïckböï,misha,519,warrior,fury,11,6,5
Zenrrei,ragnaros,512,warrior,fury,10,6,4
Antei,thunderlord,511,warrior,fury,11,6,5
Ironpanzer,thrall,480,warrior,fury,6,5,1
Deseroth,illidan,480,warrior,fury,6,5,1
Finnin,nathrezim,480,warrior,fury,6,5,1
Onyx,auchindoun,480,warrior,fury,6,5,1
Hasbullaa,proudmoore,480,warrior,fury,6,5,1
Shimizuken,tichondrius,480,warrior,fury,6,5,1
Groguu,windrunner,480,warrior,fury,6,5,1
Tinyexcute,tichondrius,480,warrior,fury,6,5,1
Orkussw,illidan,480,warrior,fury,6,5,1
Yepkorean,tichondrius,480,warrior,fury,6,5,1
Invinciblé,tichondrius,480,warrior,fury,6,5,1
Hydrolisk,area-52,480,warrior,fury,6,5,1
Tryhardr,sargeras,480,warrior,fury,6,5,1
Azázyel,quelthalas,480,warrior,fury,6,5,1
Bornclueless,illidan,480,warrior,fury,6,5,1
Sulze,tichondrius,480,warrior,fury,9,6,3
Slamuëladams,bleeding-hollow,480,warrior,fury,12,5,7
Yzoth,sargeras,480,warrior,fury,12,5,7
Rinima,tichondrius,480,warrior,fury,12,5,7
Maltrate,hyjal,480,warrior,fury,12,5,7
Trekk,azralon,480,warrior,fury,12,5,7
Axesomebody,tichondrius,480,warrior,fury,12,5,7
Wrniss,tichondrius,480,warrior,fury,12,5,7
Clansy,moon-guard,480,warrior,fury,12,5,7
Marimadelene,aegwynn,480,warrior,fury,12,5,7
Gurukakko,ragnaros,480,warrior,fury,12,5,7
Izhansheni,illidan,480,warrior,fury,12,5,7
Coalpit,emerald-dream,480,warrior,fury,12,5,7
Dawx,thrall,480,warrior,fury,12,5,7
Pápý,ragnaros,480,warrior,fury,12,5,7
Buhurt,sargeras,480,warrior,fury,12,5,7
Conflíct,illidan,480,warrior,fury,12,5,7
Chop,khadgar,480,warrior,fury,12,5,7
Funk,illidan,480,warrior,fury,12,5,7
Iwillcrushyo,darkspear,480,warrior,fury,12,5,7
Wangjianguo,illidan,480,warrior,fury,12,5,7
Kræzee,kelthuzad,480,warrior,fury,12,5,7
Chainsa,stormrage,480,warrior,fury,12,5,7
Spinspin,borean-tundra,480,warrior,fury,18,5,13
Honorloxo,bleeding-hollow,480,warrior,fury,18,5,13
Dragonrage,tanaris,480,warrior,fury,18,5,13
Vonkinky,sargeras,479,warrior,fury,6,5,1
Zirtag,proudmoore,479,warrior,fury,6,5,1
Warsero,tichondrius,479,warrior,fury,12,5,7
Olegg,laughing-skull,479,warrior,fury,12,5,7
Rodorn,frostmourne,479,warrior,fury,16,6,10
Supersquish,moon-guard,479,warrior,fury,18,5,13
Arrad,sargeras,479,warrior,fury,18,5,13
Keateane,frostmourne,478,warrior,fury,6,5,1
Fabszord,nemesis,476,warrior,fury,12,5,7
Crashacorn,stormrage,476,warrior,fury,12,5,7
Veganwarrior,quelthalas,469,warrior,fury,18,5,13
Rageverd,malganis,432,warrior,fury,9,5,4
Avatarl,ragnaros,432,warrior,fury,15,5,10
Thalloom,thaurissan,432,warrior,fury,15,5,10
Glaros,blood-furnace,431,warrior,fury,11,5,6
Panterra,azralon,426,warrior,fury,16,7,9
Israelelel,azralon,416,warrior,fury,10,5,5
Stompgnomes,malganis,414,warrior,fury,14,5,9
Cenanuandra,gnomeregan,400,warrior,fury,7,5,2
Chippurrz,illidan,399,warrior,fury,5,5,0
Midweststuna,kul-tiras,384,warrior,fury,6,4,2
Suzushi,tichondrius,384,warrior,fury,6,4,2
Xiosè,ragnaros,384,warrior,fury,6,4,2
Braxxinn,tichondrius,384,warrior,fury,6,4,2
Willcharge,tichondrius,384,warrior,fury,6,4,2
Kamidaren,tichondrius,384,warrior,fury,6,4,2
Chash,frostmourne,384,warrior,fury,6,4,2
Youdumbaut,tichondrius,384,warrior,fury,6,4,2
Akaínu,area-52,384,warrior,fury,6,4,2
Casmier,tichondrius,384,warrior,fury,6,4,2
Techanina,aerie-peak,384,warrior,fury,6,4,2
Zartren,khazgoroth,384,warrior,fury,6,4,2
Gtrain,barthilas,384,warrior,fury,6,4,2
Verigan,barthilas,384,warrior,fury,6,4,2
Brogdar,moon-guard,384,warrior,fury,6,4,2
Zikeno,dalaran,384,warrior,fury,6,4,2
Unpaused,kelthuzad,384,warrior,fury,6,4,2
Nikomasked,kelthuzad,384,warrior,fury,6,4,2
Zerríck,moon-guard,384,warrior,fury,6,4,2
Testees,senjin,384,warrior,fury,6,4,2
Breké,moon-guard,384,warrior,fury,6,4,2
Cidrick,stormrage,384,warrior,fury,6,4,2
Hellsinga,stormrage,384,warrior,fury,6,4,2
Starplatinum,aerie-peak,384,warrior,fury,6,4,2
Phandrosa,ragnaros,384,warrior,fury,6,4,2
Varkiren,moon-guard,384,warrior,fury,6,4,2
Blackbaba,illidan,384,warrior,fury,6,4,2
Affeine,malganis,384,warrior,fury,6,4,2
Jàmiè,wyrmrest-accord,384,warrior,fury,6,4,2
Inocencius,ragnaros,384,warrior,fury,6,4,2
Alerish,quelthalas,384,warrior,fury,6,4,2
Copinhodagua,azralon,384,warrior,fury,6,4,2
Hasbullá,ragnaros,384,warrior,fury,6,4,2
Angryexe,zuljin,384,warrior,fury,6,4,2
Tyranatusk,malganis,384,warrior,fury,6,4,2
Dagrone,drakkari,384,warrior,fury,6,4,2
Sarachnis,area-52,384,warrior,fury,6,4,2
Murghol,malganis,384,warrior,fury,6,4,2
Heyzulnut,whisperwind,384,warrior,fury,6,4,2
Slashen,sargeras,384,warrior,fury,6,4,2
Ymirock,area-52,384,warrior,fury,6,4,2
Arágorn,sargeras,384,warrior,fury,11,4,7
Negrus,sargeras,384,warrior,fury,11,4,7
Cryposlice,malganis,384,warrior,fury,12,4,8
Daelganis,blood-furnace,384,warrior,fury,12,4,8
Rägnarök,stormrage,384,warrior,fury,12,4,8
Skrot,stormrage,384,warrior,fury,12,4,8
Groggam,illidan,384,warrior,fury,12,4,8
Goremack,hellscream,384,warrior,fury,12,4,8
Hukzula,illidan,384,warrior,fury,12,4,8
Muradinpica,stormrage,384,warrior,fury,12,4,8
Gorm,greymane,384,warrior,fury,12,4,8
Goatmanee,tichondrius,384,warrior,fury,12,4,8
Ráionshin,quelthalas,384,warrior,fury,12,4,8
Çampbêll,area-52,384,warrior,fury,12,4,8
Eamonvalda,dalaran,384,warrior,fury,12,4,8
Easons,tichondrius,384,warrior,fury,12,4,8
Bladetko,tichondrius,384,warrior,fury,12,4,8
Xochicotzin,mugthol,384,warrior,fury,12,4,8
Ghurrk,hyjal,384,warrior,fury,12,4,8
Dotlom,wyrmrest-accord,384,warrior,fury,12,4,8
Rezzett,wyrmrest-accord,384,warrior,fury,12,4,8
Lsays,tichondrius,384,warrior,fury,18,4,14
Siegeshatter,moon-guard,384,warrior,fury,18,4,14
Awell,azralon,383,warrior,fury,6,4,2
Madaroy,stormrage,383,warrior,fury,6,4,2
Assmut,stormrage,383,warrior,fury,12,4,8
Drovik,malygos,383,warrior,fury,12,4,8
Hæmomancy,moon-guard,383,warrior,fury,12,4,8
Rahmholz,bonechewer,383,warrior,fury,12,4,8
Anger,zuljin,383,warrior,fury,24,4,20
Zambonibob,eonar,382,warrior,fury,6,4,2
Painfulangel,nesingwary,382,warrior,fury,6,4,2
Bonebreakr,tichondrius,381,warrior,fury,24,4,20
Baxel,arthas,367,warrior,fury,11,4,7
Ghazzghkull,illidan,351,warrior,fury,11,4,7
Gotrekson,azralon,351,warrior,fury,11,4,7
Darkrevel,dalvengyr,335,warrior,fury,11,4,7
Kíngkaisér,azralon,330,warrior,fury,15,6,9
Huleo,tichondrius,330,warrior,fury,14,5,9
Hithen,quelthalas,288,warrior,fury,6,3,3
Ruffless,skullcrusher,288,warrior,fury,6,3,3
Pancárcho,quelthalas,288,warrior,fury,6,3,3
Connero,stormrage,288,warrior,fury,6,3,3
Vengxdor,stormrage,288,warrior,fury,6,3,3
Lightswords,stormrage,288,warrior,fury,6,3,3
Riechst,quelthalas,288,warrior,fury,6,3,3
Aeros,winterhoof,288,warrior,fury,6,3,3
Archibaldo,darkspear,288,warrior,fury,6,3,3
Razzik,emerald-dream,288,warrior,fury,6,3,3
Gryl,stormrage,288,warrior,fury,6,3,3
Colössal,moon-guard,288,warrior,fury,6,3,3
Slãmpiece,stormrage,288,warrior,fury,6,3,3
Rohde,nemesis,288,warrior,fury,6,3,3
Demøletiøn,stormrage,288,warrior,fury,6,3,3
Tâlos,magtheridon,288,warrior,fury,6,3,3
Kàli,kiljaeden,288,warrior,fury,6,3,3
Instakill,garrosh,288,warrior,fury,6,3,3
Pongk,tichondrius,288,warrior,fury,6,3,3
Doczz,malganis,288,warrior,fury,6,3,3
Wwesheamus,frostmourne,288,warrior,fury,6,3,3
Glexecute,sargeras,288,warrior,fury,6,3,3
Ironbark,elune,288,warrior,fury,6,3,3
Vongrave,moonrunner,288,warrior,fury,6,3,3
Kreamyumyums,tichondrius,288,warrior,fury,6,3,3
Decimateme,tichondrius,288,warrior,fury,6,3,3
Barbarìan,bleeding-hollow,288,warrior,fury,6,3,3
Jethrix,kelthuzad,288,warrior,fury,6,3,3
Riggs,stonemaul,288,warrior,fury,6,3,3
Corvesio,wyrmrest-accord,288,warrior,fury,6,3,3
Deáthwing,steamwheedle-cartel,288,warrior,fury,6,3,3
Madblackcat,illidan,288,warrior,fury,6,3,3
Whittyxc,tichondrius,288,warrior,fury,6,3,3
Executie,duskwood,288,warrior,fury,6,3,3
Kénblock,tichondrius,288,warrior,fury,6,3,3
Beârz,the-underbog,288,warrior,fury,6,3,3
Lechee,silvermoon,288,warrior,fury,6,3,3
Kåyotix,proudmoore,288,warrior,fury,6,3,3
Maarilayne,wyrmrest-accord,288,warrior,fury,6,3,3
Aggravation,bleeding-hollow,288,warrior,fury,6,3,3
Drumann,hyjal,288,warrior,fury,6,3,3
Painfulsin,tichondrius,288,warrior,fury,6,3,3
Nertharul,zuljin,288,warrior,fury,6,3,3
Zootonius,bloodscalp,288,warrior,fury,6,3,3
Kimed,nordrassil,288,warrior,fury,6,3,3
Xragnar,area-52,288,warrior,fury,6,3,3
Lodog,proudmoore,288,warrior,fury,6,3,3
Rowdyanders,area-52,288,warrior,fury,6,3,3
Arthurston,tichondrius,288,warrior,fury,6,3,3
Skoll,illidan,288,warrior,fury,6,3,3
Zangre,stormrage,288,warrior,fury,6,3,3
Nginx,queldorei,288,warrior,fury,6,3,3
Vodak,daggerspine,288,warrior,fury,6,3,3
Liljon,windrunner,288,warrior,fury,6,3,3
Commandó,proudmoore,288,warrior,fury,6,3,3
Corgii,khaz-modan,288,warrior,fury,6,3,3
Sixtydolla,kelthuzad,288,warrior,fury,6,3,3
Zerrekarr,wyrmrest-accord,288,warrior,fury,6,3,3
Rynkae,moon-guard,288,warrior,fury,6,3,3
Guillotinè,area-52,288,warrior,fury,6,3,3
Elleaux,bloodscalp,288,warrior,fury,6,3,3
Ianprime,the-scryers,288,warrior,fury,6,3,3
Blackscale,grizzly-hills,288,warrior,fury,12,3,9
Tríxman,moon-guard,288,warrior,fury,12,3,9
Lootacris,illidan,288,warrior,fury,12,3,9
Blxckbeard,hyjal,288,warrior,fury,12,3,9
Rólex,tichondrius,288,warrior,fury,12,3,9
Apolio,magtheridon,288,warrior,fury,12,3,9
Goleus,emerald-dream,288,warrior,fury,12,3,9
Kuragdem,trollbane,288,warrior,fury,12,3,9
Flexìn,tichondrius,288,warrior,fury,12,3,9
Zelekron,emerald-dream,288,warrior,fury,12,3,9
Kimuraa,hyjal,288,warrior,fury,12,3,9
Ratface,frostmourne,288,warrior,fury,12,3,9
Goaco,drakkari,288,warrior,fury,12,3,9
Leonz,undermine,288,warrior,fury,12,3,9
Veevz,proudmoore,288,warrior,fury,12,3,9
Axekill,bleeding-hollow,288,warrior,fury,12,3,9
Banggo,frostmourne,288,warrior,fury,12,3,9
Krimmjðw,sargeras,288,warrior,fury,12,3,9
Warseed,ragnaros,288,warrior,fury,12,3,9
Barcëlð,frostmourne,288,warrior,fury,12,3,9
Eadsmasher,jubeithos,287,warrior,fury,6,3,3
Disclone,tichondrius,287,warrior,fury,6,3,3
Lourdadmiwal,aegwynn,287,warrior,fury,6,3,3
Cannan,the-underbog,287,warrior,fury,15,4,11
Monsterpepe,tichondrius,287,warrior,fury,12,3,9
Boothtowolf,the-forgotten-coast,286,warrior,fury,6,3,3
Bigdaddyzees,bleeding-hollow,255,warrior,fury,11,3,8
Thorkéll,proudmoore,255,warrior,fury,11,3,8
Offthecharts,mannoroth,254,warrior,fury,11,3,8
Sukstofuk,frostmourne,239,warrior,fury,5,3,2
Shapur,tichondrius,239,warrior,fury,5,3,2
Chupelo,tichondrius,239,warrior,fury,5,3,2
Leónard,moon-guard,239,warrior,fury,5,3,2
Moelolita,illidan,239,warrior,fury,5,3,2
Onionlord,wyrmrest-accord,239,warrior,fury,5,3,2
Reagzy,stormrage,234,warrior,fury,10,4,6
Schlosh,laughing-skull,223,warrior,fury,8,3,5
Heirel,kelthuzad,208,warrior,fury,7,3,4
Çórý,area-52,192,warrior,fury,4,3,1
Shaøkahn,azralon,192,warrior,fury,9,3,6
Noor,tichondrius,192,warrior,fury,6,2,4
Basedaf,frostmourne,192,warrior,fury,6,2,4
Gromkhor,tichondrius,192,warrior,fury,6,2,4
Wariorwang,tichondrius,192,warrior,fury,6,2,4
Tigas,icecrown,192,warrior,fury,6,2,4
Jägernaught,stormrage,192,warrior,fury,6,2,4
Cellyndia,area-52,192,warrior,fury,6,2,4
Ragetide,illidan,192,warrior,fury,6,2,4
Drugdilla,zuljin,192,warrior,fury,6,2,4
Jäëgër,moon-guard,192,warrior,fury,6,2,4
Plidan,shuhalo,192,warrior,fury,6,2,4
Darkarus,drakkari,192,warrior,fury,6,2,4
Sabers,mannoroth,192,warrior,fury,6,2,4
Itzyourmom,nazjatar,192,warrior,fury,6,2,4
Halò,thrall,192,warrior,fury,6,2,4
Aboveaverage,arthas,192,warrior,fury,6,2,4
Sveenn,area-52,192,warrior,fury,6,2,4
Ultraa,lightbringer,192,warrior,fury,6,2,4
Horahloux,ragnaros,192,warrior,fury,6,2,4
Beatmeat,frostmourne,192,warrior,fury,6,2,4
Rundai,zuljin,192,warrior,fury,6,2,4
Boombop,zuljin,192,warrior,fury,6,2,4
Xorjak,tichondrius,192,warrior,fury,6,2,4
Munanio,stormrage,192,warrior,fury,6,2,4
Hughmungús,frostmourne,192,warrior,fury,6,2,4
Zareos,azralon,192,warrior,fury,6,2,4
Xauce,queldorei,192,warrior,fury,6,2,4
Còlòssal,moknathal,192,warrior,fury,6,2,4
Cartmain,illidan,192,warrior,fury,6,2,4
Mfgodofwar,kelthuzad,192,warrior,fury,6,2,4
Bighamm,tichondrius,192,warrior,fury,6,2,4
Krodah,quelthalas,192,warrior,fury,6,2,4
Xårren,stormrage,192,warrior,fury,6,2,4
Kaniks,dalaran,192,warrior,fury,6,2,4
Axesage,tichondrius,192,warrior,fury,6,2,4
Erikx,ragnaros,192,warrior,fury,6,2,4
Amberlym,ragnaros,192,warrior,fury,6,2,4
Gangelx,illidan,192,warrior,fury,6,2,4
Nordrages,stormrage,192,warrior,fury,6,2,4
Shrexecute,tichondrius,192,warrior,fury,6,2,4
Outo,stormrage,192,warrior,fury,6,2,4
Mandragorn,kelthuzad,192,warrior,fury,6,2,4
Druckerz,lightnings-blade,192,warrior,fury,6,2,4
Ëdwärd,moon-guard,192,warrior,fury,6,2,4
Good,garona,192,warrior,fury,6,2,4
Warbane,barthilas,192,warrior,fury,6,2,4
Ghostkin,ragnaros,192,warrior,fury,6,2,4
Blademaw,stormreaver,192,warrior,fury,6,2,4
Murderwalk,shadowmoon,192,warrior,fury,6,2,4
Painstake,illidan,192,warrior,fury,6,2,4
Tortag,malganis,192,warrior,fury,6,2,4
Bobisyourmom,tichondrius,192,warrior,fury,6,2,4
Riftgar,hyjal,192,warrior,fury,6,2,4
Tempusbane,proudmoore,192,warrior,fury,6,2,4
Mortaldznuts,tichondrius,192,warrior,fury,6,2,4
Kokixz,tichondrius,192,warrior,fury,6,2,4
Therealflex,zuljin,192,warrior,fury,6,2,4
Clerond,tichondrius,192,warrior,fury,6,2,4
Lox,blades-edge,192,warrior,fury,6,2,4
Stoopkid,uldum,192,warrior,fury,6,2,4
Maintarget,malganis,192,warrior,fury,6,2,4
Galadon,amanthul,192,warrior,fury,6,2,4
Hadowar,thrall,192,warrior,fury,6,2,4
Furyknight,velen,192,warrior,fury,6,2,4
Gromtalin,sargeras,192,warrior,fury,6,2,4
Assamith,nemesis,192,warrior,fury,6,2,4
Sîn,sargeras,192,warrior,fury,6,2,4
Illicitiri,sargeras,192,warrior,fury,6,2,4
Rerollrogue,thrall,192,warrior,fury,6,2,4
Kachigas,sargeras,192,warrior,fury,6,2,4
Eîghtysîx,sargeras,192,warrior,fury,6,2,4
Twilightzza,sargeras,192,warrior,fury,6,2,4
Zdokk,sargeras,192,warrior,fury,6,2,4
Tankieone,aggramar,192,warrior,fury,8,2,6
Bonesheild,ursin,192,warrior,fury,11,2,9
Norru,moon-guard,192,warrior,fury,12,2,10
Doappy,darkspear,192,warrior,fury,12,2,10
Queterompo,ragnaros,192,warrior,fury,12,2,10
Baeowar,area-52,192,warrior,fury,18,2,16
Werrewolf,kul-tiras,191,warrior,fury,6,2,4
Shoteiotoshi,ragnaros,191,warrior,fury,6,2,4
Alexthar,drakkari,191,warrior,fury,6,2,4
Rediger,aggramar,190,warrior,fury,4,3,1
Crankyhorn,stormrage,159,warrior,fury,5,2,3
Dodiru,azralon,159,warrior,fury,5,2,3
Rhohan,ysera,128,warrior,fury,4,2,2
Forerunner,tichondrius,128,warrior,fury,4,2,2
Bradockqt,azralon,96,warrior,fury,3,2,1
Pingolona,nemesis,96,warrior,fury,6,1,5
Draann,kirin-tor,96,warrior,fury,6,1,5
Lifaen,zangarmarsh,96,warrior,fury,6,1,5
Genesisxp,barthilas,96,warrior,fury,6,1,5
Grândmâ,zuljin,96,warrior,fury,6,1,5
Dokoba,bleeding-hollow,96,warrior,fury,6,1,5
Smashkuntz,lightnings-blade,96,warrior,fury,6,1,5
Broxar,area-52,96,warrior,fury,6,1,5
Freanor,azralon,96,warrior,fury,6,1,5
Ustadbaba,area-52,96,warrior,fury,6,1,5
ßallinjr,illidan,96,warrior,fury,6,1,5
Gymnopolar,barthilas,96,warrior,fury,6,1,5
Orsex,ragnaros,96,warrior,fury,6,1,5
Srze,azralon,96,warrior,fury,6,1,5
Carnagè,area-52,96,warrior,fury,6,1,5
Vvengencezz,the-underbog,96,warrior,fury,6,1,5
Spartacam,frostmourne,96,warrior,fury,6,1,5
Icon,tichondrius,96,warrior,fury,6,1,5
Bumrushed,tichondrius,96,warrior,fury,6,1,5
Kevinersaa,frostmourne,96,warrior,fury,6,1,5
Hìm,tichondrius,96,warrior,fury,6,1,5
Trollchopo,kiljaeden,96,warrior,fury,6,1,5
Flabergaster,skullcrusher,96,warrior,fury,6,1,5
Dabdaddyy,dawnbringer,96,warrior,fury,6,1,5
Tamagoshi,kiljaeden,96,warrior,fury,6,1,5
Murrdock,nesingwary,96,warrior,fury,6,1,5
Andro,arthas,96,warrior,fury,6,1,5
Aftershóck,daggerspine,96,warrior,fury,6,1,5
Polox,ragnaros,96,warrior,fury,6,1,5
Neotico,quelthalas,96,warrior,fury,6,1,5
Trén,hydraxis,96,warrior,fury,6,1,5
Horabad,terenas,96,warrior,fury,6,1,5
Aladarith,moon-guard,96,warrior,fury,6,1,5
Arkayla,moon-guard,96,warrior,fury,6,1,5
Magarrior,shadowsong,96,warrior,fury,6,1,5
Nasrôth,korialstrasz,96,warrior,fury,6,1,5
Warrbull,spirestone,96,warrior,fury,6,1,5
Jujuassgeter,darkspear,96,warrior,fury,12,1,11
Glennyballs,dalaran,95,warrior,fury,6,1,5
Cremosö,azralon,64,warrior,fury,4,1,3
Gigglamesh,muradin,64,warrior,fury,4,1,3
Thiccbiscuit,area-52,2168,warrior,arms,133,67,66
Zhanwudix,tichondrius,2162,warrior,arms,111,62,49
Killbørn,azralon,2156,warrior,arms,90,47,43
Todory,moon-guard,2137,warrior,arms,155,78,77
Ðêed,area-52,2133,warrior,arms,81,46,35
Río,area-52,2133,warrior,arms,112,57,55
Huzha,tichondrius,2114,warrior,arms,117,64,53
Warried,sargeras,2113,warrior,arms,66,37,29
Strife,sargeras,2112,warrior,arms,56,32,24
Edgarllama,sargeras,2103,warrior,arms,87,48,39
ßallinjr,illidan,2103,warrior,arms,90,46,44
Récksus,tichondrius,2101,warrior,arms,74,43,31
Schonkopf,moon-guard,2100,warrior,arms,90,46,44
Vø,agamaggan,2097,warrior,arms,141,73,68
Leans,sargeras,2048,warrior,arms,143,78,65
Exespamtwo,area-52,2046,warrior,arms,114,67,47
Vituu,sargeras,2044,warrior,arms,98,49,49
Orclog,illidan,2033,warrior,arms,72,37,35
Perfs,bleeding-hollow,2031,warrior,arms,90,48,42
Exzistance,area-52,2026,warrior,arms,71,40,31
Gyracide,area-52,2016,warrior,arms,101,49,52
Ironbad,sargeras,1996,warrior,arms,76,42,34
Turtleboy,feathermoon,1994,warrior,arms,61,36,25
Trezturbo,tichondrius,1983,warrior,arms,81,48,33
Sziw,tichondrius,1981,warrior,arms,138,76,62
Executeqt,azralon,1980,warrior,arms,101,62,39
Nikomasked,kelthuzad,1974,warrior,arms,48,28,20
Icarryrats,tichondrius,1967,warrior,arms,77,37,40
Massacretko,area-52,1962,warrior,arms,88,50,38
Salgadoryan,stormrage,1950,warrior,arms,107,53,54
Yermalx,tichondrius,1941,warrior,arms,54,30,24
Hapigirl,tichondrius,1929,warrior,arms,42,30,12
Kalpok,tichondrius,1928,warrior,arms,58,30,28
Ricorecklezz,korgath,1925,warrior,arms,66,32,34
Lyrics,tichondrius,1920,warrior,arms,56,29,27
Tryhardr,sargeras,1914,warrior,arms,66,40,26
Cosmicsteel,tichondrius,1908,warrior,arms,88,51,37
Destrey,emerald-dream,1905,warrior,arms,71,41,30
Yermalt,tichondrius,1905,warrior,arms,80,41,39
Ælilblessedñ,azralon,1904,warrior,arms,148,76,72
Madblackcat,illidan,1902,warrior,arms,58,34,24
Foxxfighter,thrall,1902,warrior,arms,53,31,22
Islonely,tichondrius,1902,warrior,arms,72,34,38
Og,shattered-hand,1900,warrior,arms,41,25,16
Kimchikick,tichondrius,1899,warrior,arms,126,64,62
Gormag,sargeras,1897,warrior,arms,48,30,18
Ssamök,ragnaros,1894,warrior,arms,173,82,91
Ignid,tichondrius,1893,warrior,arms,60,26,34
Bhaldur,sargeras,1889,warrior,arms,74,43,31
Joshiguy,area-52,1889,warrior,arms,78,36,42
Etchiasoko,gurubashi,1888,warrior,arms,42,30,12
Pezy,frostmourne,1887,warrior,arms,114,57,57
Buckwar,zuljin,1886,warrior,arms,48,26,22
Mítos,quelthalas,1880,warrior,arms,120,61,59
Masumura,kaelthas,1876,warrior,arms,44,24,20
Xîonorc,ragnaros,1873,warrior,arms,120,62,58
Ikkyuo,proudmoore,1872,warrior,arms,54,27,27
Huugg,skullcrusher,1871,warrior,arms,69,37,32
Zacharyx,tichondrius,1868,warrior,arms,119,59,60
Kawakamigens,azralon,1866,warrior,arms,84,41,43
Zankets,area-52,1866,warrior,arms,96,46,50
Bacchanal,illidan,1864,warrior,arms,66,32,34
Dawx,thrall,1862,warrior,arms,65,32,33
Smorc,stormrage,1860,warrior,arms,54,28,26
Spìke,thrall,1856,warrior,arms,149,75,74
Arivok,hyjal,1855,warrior,arms,71,35,36
Pooshshi,illidan,1855,warrior,arms,60,29,31
Archosaurs,illidan,1854,warrior,arms,48,23,25
Evnine,illidan,1853,warrior,arms,39,29,10
Ksharer,tichondrius,1853,warrior,arms,65,31,34
Ruzoc,frostmourne,1851,warrior,arms,112,50,62
Comehnrfce,illidan,1850,warrior,arms,80,36,44
Rageroidz,area-52,1848,warrior,arms,48,27,21
Icon,tichondrius,1846,warrior,arms,46,35,11
Blozar,illidan,1846,warrior,arms,60,30,30
Blackpînk,tichondrius,1845,warrior,arms,54,32,22
Pdbq,tichondrius,1845,warrior,arms,48,28,20
Battousai,kiljaeden,1844,warrior,arms,54,27,27
Sukonamí,draka,1842,warrior,arms,60,33,27
Krunnknator,azralon,1840,warrior,arms,41,26,15
Kigame,tichondrius,1840,warrior,arms,96,53,43
Narwhål,tichondrius,1840,warrior,arms,90,44,46
Uzza,stormrage,1838,warrior,arms,60,34,26
Ânticide,darkspear,1836,warrior,arms,72,37,35
Azaks,drakkari,1834,warrior,arms,42,24,18
Fleegugeegu,malganis,1834,warrior,arms,90,45,45
Brilliance,suramar,1832,warrior,arms,60,30,30
Darrowshire,moon-guard,1831,warrior,arms,41,23,18
Solastro,malganis,1830,warrior,arms,56,26,30
Damage,malganis,1829,warrior,arms,48,23,25
Ruinenlust,zuljin,1828,warrior,arms,60,28,32
Elpappa,tichondrius,1827,warrior,arms,48,42,6
Undefied,moon-guard,1827,warrior,arms,39,25,14
Sanquelme,ragnaros,1827,warrior,arms,63,32,31
Jonathann,suramar,1827,warrior,arms,132,65,67
Samuluo,tichondrius,1827,warrior,arms,66,30,36
Blaíze,ragnaros,1826,warrior,arms,44,24,20
Grayview,sargeras,1826,warrior,arms,77,41,36
Rebied,ragnaros,1826,warrior,arms,90,40,50
Warriorbloo,sargeras,1825,warrior,arms,72,39,33
Lebanesemvp,tichondrius,1825,warrior,arms,85,45,40
Granzelion,tichondrius,1825,warrior,arms,72,34,38
Marfas,hyjal,1824,warrior,arms,105,56,49
Ígnatius,malganis,1823,warrior,arms,36,27,9
Foraken,dragonmaw,1823,warrior,arms,48,29,19
Coby,wildhammer,1823,warrior,arms,65,36,29
Cloudxxy,kiljaeden,1821,warrior,arms,51,27,24
Soloqandy,moon-guard,1821,warrior,arms,60,29,31
Meccsecute,tichondrius,1820,warrior,arms,102,54,48
Anautumnday,tichondrius,1820,warrior,arms,48,24,24
Honock,ragnaros,1820,warrior,arms,72,34,38
Yeawen,tichondrius,1818,warrior,arms,42,23,19
Barrbarossa,stormrage,1818,warrior,arms,92,46,46
Thugdorr,sargeras,1818,warrior,arms,70,33,37
Berzek,area-52,1816,warrior,arms,59,23,36
Destram,kelthuzad,1815,warrior,arms,107,57,50
Anti,nerzhul,1814,warrior,arms,57,30,27
Zapatín,quelthalas,1814,warrior,arms,67,32,35
Mäddôx,tichondrius,1814,warrior,arms,126,60,66
Paoxiaolol,tichondrius,1813,warrior,arms,61,38,23
Ðìbs,moon-guard,1813,warrior,arms,59,31,28
Knuklez,tichondrius,1811,warrior,arms,64,33,31
Dangerousd,kiljaeden,1811,warrior,arms,60,30,30
Kaimedran,moon-guard,1810,warrior,arms,48,30,18
Jadeemerald,kelthuzad,1810,warrior,arms,54,31,23
Melifehorde,tichondrius,1809,warrior,arms,42,25,17
Møcat,illidan,1809,warrior,arms,90,52,38
Ciz,emerald-dream,1808,warrior,arms,64,34,30
Crøm,tichondrius,1807,warrior,arms,48,29,19
Sickwidit,kiljaeden,1805,warrior,arms,49,28,21
Noblewinter,sargeras,1805,warrior,arms,36,19,17
Menethíl,tichondrius,1805,warrior,arms,52,27,25
Peinx,ragnaros,1804,warrior,arms,59,31,28
Blackpinkx,tichondrius,1804,warrior,arms,42,19,23
Chakø,tichondrius,1803,warrior,arms,66,36,30
Ariést,bleeding-hollow,1803,warrior,arms,42,20,22
Hìm,tichondrius,1801,warrior,arms,54,28,26
Strongbaby,tichondrius,1800,warrior,arms,42,23,19
Dogmar,staghelm,1800,warrior,arms,68,35,33
Zira,thrall,1800,warrior,arms,115,59,56
Këther,tichondrius,1800,warrior,arms,66,33,33
Cåfe,tichondrius,1798,warrior,arms,83,50,33
Kustybuckets,korgath,1798,warrior,arms,46,27,19
Szw,tichondrius,1796,warrior,arms,65,45,20
Zindawg,frostmourne,1795,warrior,arms,128,61,67
Sponsored,argent-dawn,1792,warrior,arms,59,26,33
Dramalas,lightbringer,1787,warrior,arms,161,85,76
Mildlol,tichondrius,1786,warrior,arms,30,19,11
Missrend,hyjal,1785,warrior,arms,108,53,55
Mecc,tichondrius,1780,warrior,arms,48,23,25
Xiaoheihei,tichondrius,1779,warrior,arms,75,38,37
Nanchobo,tichondrius,1778,warrior,arms,66,28,38
Cushman,tichondrius,1776,warrior,arms,66,40,26
Hoboedd,area-52,1776,warrior,arms,40,22,18
Orçaos,ragnaros,1772,warrior,arms,114,65,49
Franziskaner,frostmourne,1769,warrior,arms,84,41,43
Nozmok,proudmoore,1767,warrior,arms,54,27,27
Ürürææae,sargeras,1767,warrior,arms,150,73,77
Draus,nemesis,1766,warrior,arms,113,61,52
Betterthanu,azralon,1766,warrior,arms,84,42,42
Rólex,tichondrius,1766,warrior,arms,54,25,29
Heater,stormrage,1765,warrior,arms,47,25,22
Stáclin,ragnaros,1764,warrior,arms,236,139,97
Krbigcow,tichondrius,1764,warrior,arms,96,49,47
Wulouzhan,tichondrius,1759,warrior,arms,65,39,26
Dawxw,thrall,1759,warrior,arms,41,24,17
Recksus,tichondrius,1755,warrior,arms,36,27,9
Veilsidewar,kelthuzad,1754,warrior,arms,72,42,30
Matesan,jubeithos,1753,warrior,arms,42,25,17
Wartrue,tichondrius,1753,warrior,arms,84,40,44
Icanfixher,moon-guard,1749,warrior,arms,207,97,110
Hoodrch,azralon,1747,warrior,arms,59,31,28
Tankypandazd,stormrage,1746,warrior,arms,144,64,80
Ogrelurd,malygos,1743,warrior,arms,42,22,20
Ollena,wyrmrest-accord,1743,warrior,arms,66,32,34
Støne,draktharon,1742,warrior,arms,47,27,20
Madwolf,tichondrius,1742,warrior,arms,67,29,38
Goodlikeplay,ragnaros,1735,warrior,arms,42,22,20
Vascoes,alleria,1733,warrior,arms,111,61,50
Kylewalker,tichondrius,1733,warrior,arms,65,26,39
Hoobaz,area-52,1732,warrior,arms,34,19,15
Mantistabogn,zuluhed,1730,warrior,arms,43,26,17
Kromgrall,tichondrius,1728,warrior,arms,143,69,74
Frëdsmite,kelthuzad,1727,warrior,arms,129,65,64
Krakatóa,kelthuzad,1726,warrior,arms,48,30,18
Rocta,tichondrius,1726,warrior,arms,62,36,26
Isnlonely,tichondrius,1725,warrior,arms,30,18,12
Athalen,nemesis,1724,warrior,arms,67,33,34
Bigglyjoobs,tichondrius,1723,warrior,arms,48,21,27
Adaana,kargath,1722,warrior,arms,59,36,23
Swordborne,moon-guard,1722,warrior,arms,94,43,51
Itsfall,tichondrius,1721,warrior,arms,42,21,21
Stonesoup,kelthuzad,1721,warrior,arms,58,24,34
Noodlezz,moon-guard,1719,warrior,arms,53,23,30
Slaught,kelthuzad,1717,warrior,arms,59,30,29
Arthurjlol,tichondrius,1716,warrior,arms,42,18,24
Kraftyx,bleeding-hollow,1714,warrior,arms,30,21,9
Asstastic,bonechewer,1714,warrior,arms,119,53,66
Bigladmike,sargeras,1714,warrior,arms,48,21,27
Basedaf,frostmourne,1713,warrior,arms,78,42,36
Aggnilia,proudmoore,1712,warrior,arms,73,32,41
Murderbell,tichondrius,1711,warrior,arms,60,30,30
Lindsanv,illidan,1710,warrior,arms,74,44,30
Warginger,malygos,1710,warrior,arms,41,23,18
Boomergodx,stormrage,1708,warrior,arms,78,43,35
Pachacutecxx,ragnaros,1708,warrior,arms,63,34,29
Smashies,kelthuzad,1708,warrior,arms,47,24,23
Exëqt,nemesis,1705,warrior,arms,42,22,20
Míasma,ragnaros,1703,warrior,arms,54,24,30
Tùngrâu,frostmourne,1702,warrior,arms,112,57,55
Maddawgg,mugthol,1702,warrior,arms,46,23,23
Glocç,sargeras,1701,warrior,arms,64,31,33
Zarrdune,darkspear,1700,warrior,arms,30,21,9
Stick,tichondrius,1699,warrior,arms,71,42,29
Thrator,wyrmrest-accord,1699,warrior,arms,42,23,19
Yonkerss,garrosh,1699,warrior,arms,71,37,34
Randydanger,illidan,1698,warrior,arms,54,24,30
Wolfsbanne,khadgar,1693,warrior,arms,96,55,41
Wartruë,tichondrius,1691,warrior,arms,157,85,72
Dpoy,tichondrius,1690,warrior,arms,48,23,25
Lostsummer,frostmourne,1689,warrior,arms,58,31,27
Bbyè,tichondrius,1688,warrior,arms,86,46,40
Crushedlol,bleeding-hollow,1686,warrior,arms,36,20,16
Thlam,muradin,1686,warrior,arms,54,27,27
Beanbags,zangarmarsh,1686,warrior,arms,48,24,24
Spartus,kelthuzad,1686,warrior,arms,60,24,36
Meowdaa,proudmoore,1686,warrior,arms,72,24,48
Bebob,tichondrius,1684,warrior,arms,62,33,29
Bmo,chogall,1684,warrior,arms,87,44,43
Zastrow,dalaran,1684,warrior,arms,48,18,30
Raveve,area-52,1683,warrior,arms,41,23,18
Nazraill,aggramar,1683,warrior,arms,75,42,33
Ragefused,illidan,1683,warrior,arms,102,49,53
Darkduet,tichondrius,1683,warrior,arms,46,20,26
Bakadoom,illidan,1682,warrior,arms,42,23,19
Trágus,azralon,1680,warrior,arms,77,47,30
Bromro,tichondrius,1680,warrior,arms,66,32,34
Gtr,illidan,1679,warrior,arms,48,31,17
Kazecap,proudmoore,1678,warrior,arms,48,22,26
Partyx,tichondrius,1677,warrior,arms,140,71,69
Morioso,boulderfist,1677,warrior,arms,42,19,23
Hildemir,tichondrius,1675,warrior,arms,42,23,19
Tiredkev,tichondrius,1674,warrior,arms,42,23,19
Bussupshut,kelthuzad,1673,warrior,arms,47,24,23
Doublezuglol,tichondrius,1671,warrior,arms,71,35,36
Smokes,sargeras,1670,warrior,arms,90,41,49
Qingmei,illidan,1670,warrior,arms,60,26,34
Brøly,sargeras,1669,warrior,arms,78,35,43
Trackstarz,llane,1668,warrior,arms,78,46,32
Amlahj,stormrage,1668,warrior,arms,53,30,23
Delphont,stormrage,1667,warrior,arms,53,31,22
Razw,frostmourne,1666,warrior,arms,30,19,11
Twshizgd,proudmoore,1665,warrior,arms,78,37,41
Jottman,tichondrius,1665,warrior,arms,66,29,37
Legoyoda,zuljin,1663,warrior,arms,54,29,25
Colössal,moon-guard,1663,warrior,arms,94,48,46
Ystkk,tichondrius,1662,warrior,arms,42,25,17
Bozzy,illidan,1662,warrior,arms,47,22,25
Khørnë,ragnaros,1661,warrior,arms,54,30,24
Rookìe,illidan,1661,warrior,arms,83,44,39
Axazel,drakkari,1661,warrior,arms,44,22,22
Genghiz,azralon,1660,warrior,arms,30,20,10
Bugsberserk,tichondrius,1658,warrior,arms,101,54,47
Illing,tichondrius,1657,warrior,arms,112,60,52
Chimbrila,azralon,1656,warrior,arms,96,40,56
Kames,garrosh,1655,warrior,arms,95,43,52
Sineatér,frostmourne,1654,warrior,arms,61,30,31
Maktarax,zuljin,1654,warrior,arms,40,18,22
Kilgorath,area-52,1652,warrior,arms,54,23,31
Dalan,korgath,1647,warrior,arms,36,22,14
Blodreìna,hyjal,1645,warrior,arms,76,38,38
Hjogg,moon-guard,1644,warrior,arms,42,22,20
Rainingblooð,blackrock,1644,warrior,arms,97,50,47
Pipedoctor,kelthuzad,1642,warrior,arms,30,21,9
Fluffyarm,sargeras,1642,warrior,arms,102,51,51
Pepétí,azralon,1641,warrior,arms,101,50,51
Sonjeba,malganis,1640,warrior,arms,70,32,38
Fulaixiong,illidan,1639,warrior,arms,51,34,17
Hickorie,sargeras,1638,warrior,arms,54,28,26
Gryffith,bleeding-hollow,1638,warrior,arms,54,22,32
Ragetodef,illidan,1636,warrior,arms,84,44,40
Ngu,eldrethalas,1636,warrior,arms,53,26,27
Sinbãd,sargeras,1633,warrior,arms,53,25,28
Malerick,illidan,1631,warrior,arms,57,25,32
Delakos,frostmourne,1630,warrior,arms,66,37,29
Hanadaddy,frostmourne,1629,warrior,arms,48,26,22
Furykets,proudmoore,1629,warrior,arms,38,19,19
Bøek,area-52,1629,warrior,arms,60,25,35
Zeroskill,cenarius,1626,warrior,arms,60,28,32
Orgnosh,tichondrius,1625,warrior,arms,96,52,44
Bigbrick,stormrage,1625,warrior,arms,42,22,20
Gutting,moon-guard,1625,warrior,arms,36,18,18
Kiggs,tichondrius,1624,warrior,arms,30,17,13
Jgillz,sargeras,1624,warrior,arms,30,17,13
Testflight,tichondrius,1623,warrior,arms,54,30,24
Bwandøn,moon-guard,1623,warrior,arms,76,38,38
Mynameyaff,tichondrius,1621,warrior,arms,75,44,31
Droguernaut,tichondrius,1620,warrior,arms,44,23,21
Invalidoath,tichondrius,1618,warrior,arms,36,20,16
Seblleddo,drakkari,1617,warrior,arms,30,17,13
Achilex,sargeras,1617,warrior,arms,127,66,61
Ryängosling,azralon,1616,warrior,arms,150,83,67
Necroticism,bleeding-hollow,1616,warrior,arms,36,17,19
Timbermack,moon-guard,1615,warrior,arms,78,43,35
Ichirisw,tichondrius,1615,warrior,arms,47,23,24
Hônor,ragnaros,1615,warrior,arms,42,20,22
Belàriá,tichondrius,1615,warrior,arms,36,17,19
Metalchileno,ragnaros,1614,warrior,arms,48,20,28
Willcharge,tichondrius,1614,warrior,arms,49,17,32
Picarus,thunderhorn,1612,warrior,arms,30,17,13
Hofukumizuki,tichondrius,1612,warrior,arms,54,21,33
Xwarz,drakkari,1610,warrior,arms,36,17,19
Sindevelor,tichondrius,1609,warrior,arms,43,25,18
Thebigsmash,tichondrius,1609,warrior,arms,42,23,19
Fartazz,zuljin,1608,warrior,arms,48,22,26
Furydudz,tichondrius,1607,warrior,arms,42,21,21
Dokgö,tichondrius,1607,warrior,arms,54,24,30
Brainhaze,tichondrius,1606,warrior,arms,48,21,27
Mitigated,bleeding-hollow,1605,warrior,arms,42,22,20
Myxz,barthilas,1605,warrior,arms,120,59,61
Ethuil,azshara,1605,warrior,arms,53,23,30
Zaràki,area-52,1604,warrior,arms,174,89,85
Ðrex,nagrand,1603,warrior,arms,36,22,14
Bleedx,bleeding-hollow,1603,warrior,arms,51,30,21
Sosimi,tichondrius,1602,warrior,arms,48,28,20
Sheriff,eldrethalas,1600,warrior,arms,54,31,23
Zenrrei,ragnaros,1600,warrior,arms,42,24,18
Yabahdabah,stormrage,1600,warrior,arms,75,41,34
Arx,frostwolf,1598,warrior,arms,81,43,38
Patwong,frostmourne,1597,warrior,arms,66,36,30
Pelonna,drakkari,1597,warrior,arms,54,27,27
Lôwkeyfix,illidan,1597,warrior,arms,42,20,22
Rapcherawr,illidan,1593,warrior,arms,33,20,13
Elchacál,ragnaros,1592,warrior,arms,60,27,33
Crowsfall,aggramar,1590,warrior,arms,136,67,69
Mistrpower,bleeding-hollow,1589,warrior,arms,78,44,34
Wutains,tichondrius,1589,warrior,arms,36,19,17
Rafheeki,tichondrius,1589,warrior,arms,42,20,22
Cutgirl,quelthalas,1589,warrior,arms,44,19,25
Kirown,quelthalas,1589,warrior,arms,50,20,30
Anukhar,emerald-dream,1588,warrior,arms,36,20,16
Groundpound,sargeras,1586,warrior,arms,54,26,28
Arkkaine,sargeras,1586,warrior,arms,48,23,25
Indominate,tichondrius,1586,warrior,arms,68,27,41
Sheetss,tichondrius,1585,warrior,arms,48,23,25
Sakutarou,lightbringer,1583,warrior,arms,112,51,61
Dukà,hyjal,1582,warrior,arms,42,24,18
Swagramarr,area-52,1582,warrior,arms,63,33,30
Jrod,boulderfist,1582,warrior,arms,156,81,75
Sinsinatra,azralon,1582,warrior,arms,139,70,69
Gannïcûs,drakkari,1582,warrior,arms,53,20,33
Destructör,nagrand,1581,warrior,arms,69,37,32
Twilightrain,tichondrius,1581,warrior,arms,183,98,85
Hydrolisk,area-52,1581,warrior,arms,108,54,54
Ottø,area-52,1578,warrior,arms,60,33,27
Slitt,azralon,1577,warrior,arms,48,28,20
Därkzh,stormrage,1576,warrior,arms,30,20,10
Spartacam,frostmourne,1575,warrior,arms,90,47,43
Theokos,dalaran,1575,warrior,arms,54,25,29
Aumni,illidan,1574,warrior,arms,86,39,47
Roidraging,thunderlord,1573,warrior,arms,107,48,59
Johnnysmizle,kelthuzad,1573,warrior,arms,53,23,30
Monstersynde,nemesis,1572,warrior,arms,78,41,37
Yarock,malganis,1571,warrior,arms,84,38,46
Stooklol,tichondrius,1571,warrior,arms,48,19,29
Matrias,tichondrius,1570,warrior,arms,60,36,24
Creøn,silvermoon,1570,warrior,arms,42,20,22
Ÿüñí,tichondrius,1570,warrior,arms,42,19,23
Rongor,drakkari,1569,warrior,arms,36,18,18
Cniggs,korgath,1567,warrior,arms,55,35,20
Smokedaperc,illidan,1566,warrior,arms,70,41,29
Jdubzr,frostmourne,1566,warrior,arms,42,18,24
Meatbone,emerald-dream,1565,warrior,arms,78,44,34
Pigzig,nagrand,1564,warrior,arms,36,18,18
Myndon,area-52,1562,warrior,arms,30,22,8
Chogar,proudmoore,1562,warrior,arms,64,34,30
Executie,duskwood,1562,warrior,arms,73,36,37
Kakamallo,black-dragonflight,1559,warrior,arms,159,86,73
Naejwar,ragnaros,1559,warrior,arms,131,70,61
Ashbringera,proudmoore,1556,warrior,arms,78,40,38
Beaerboy,darkspear,1556,warrior,arms,72,34,38
Ôn,tichondrius,1555,warrior,arms,96,44,52
Rockstedy,area-52,1552,warrior,arms,44,22,22
Crystaríum,stormrage,1552,warrior,arms,42,20,22
Traumaj,bleeding-hollow,1551,warrior,arms,97,53,44
Ghóstx,alleria,1550,warrior,arms,53,37,16
Titanzz,quelthalas,1550,warrior,arms,71,35,36
Tatsuu,tichondrius,1550,warrior,arms,157,75,82
Themudcrab,frostmourne,1549,warrior,arms,75,32,43
Raahjz,sargeras,1548,warrior,arms,30,17,13
Juuz,frostmourne,1548,warrior,arms,90,43,47
Krimgar,quelthalas,1548,warrior,arms,46,19,27
Garrmash,hyjal,1547,warrior,arms,116,56,60
Homebody,uldaman,1546,warrior,arms,26,18,8
Itskel,stormreaver,1546,warrior,arms,44,23,21
Ewenki,tichondrius,1544,warrior,arms,58,32,26
Zyppz,sargeras,1543,warrior,arms,38,26,12
Fyruz,sargeras,1542,warrior,arms,74,41,33
Know,anetheron,1542,warrior,arms,98,45,53
Marvachi,moon-guard,1537,warrior,arms,38,18,20
Hookahboss,area-52,1534,warrior,arms,28,17,11
Ashantia,stormrage,1532,warrior,arms,55,29,26
Yunnkel,ragnaros,1532,warrior,arms,58,30,28
Ashtonx,sargeras,1531,warrior,arms,24,16,8
Rokgral,tichondrius,1531,warrior,arms,56,29,27
Wingedknight,malganis,1531,warrior,arms,94,45,49
Bigbait,hyjal,1529,warrior,arms,36,16,20
Dewbae,whisperwind,1528,warrior,arms,42,20,22
Gravewurm,twisting-nether,1527,warrior,arms,24,16,8
Dotlom,wyrmrest-accord,1527,warrior,arms,66,30,36
Lehzera,frostmourne,1526,warrior,arms,44,20,24
Flynnstone,tichondrius,1524,warrior,arms,30,19,11
Magicalol,tichondrius,1523,warrior,arms,30,16,14
Stinkyw,tichondrius,1522,warrior,arms,37,21,16
Chaytin,bleeding-hollow,1521,warrior,arms,26,16,10
Kimed,nordrassil,1520,warrior,arms,30,16,14
Randysnapper,zuljin,1519,warrior,arms,24,16,8
Wouili,zuljin,1519,warrior,arms,85,54,31
Fraannky,windrunner,1519,warrior,arms,42,24,18
Ichigö,gundrak,1519,warrior,arms,51,25,26
Ramzeé,kelthuzad,1518,warrior,arms,67,38,29
Wmf,frostmourne,1518,warrior,arms,72,33,39
Damiansuv,moon-guard,1516,warrior,arms,153,73,80
Brayitann,illidan,1514,warrior,arms,49,27,22
Yamadaflash,tichondrius,1514,warrior,arms,31,17,14
Dtrumpo,moon-guard,1513,warrior,arms,52,27,25
Firesx,tichondrius,1512,warrior,arms,30,17,13
Tuvia,malganis,1511,warrior,arms,171,86,85
Bìgpoppapump,tichondrius,1511,warrior,arms,36,17,19
Cathillex,eonar,1510,warrior,arms,24,16,8
Tríxman,moon-guard,1510,warrior,arms,104,60,44
Michaelrossx,bloodhoof,1509,warrior,arms,132,64,68
Línfert,stormrage,1508,warrior,arms,77,39,38
Flexeçute,moon-guard,1508,warrior,arms,66,30,36
Lyliumn,frostmourne,1508,warrior,arms,42,19,23
Lionbuster,ragnaros,1507,warrior,arms,30,19,11
Machete,nemesis,1507,warrior,arms,76,40,36
Punknicanor,quelthalas,1507,warrior,arms,54,27,27
Rukittenme,area-52,1507,warrior,arms,36,16,20
Sulze,tichondrius,1505,warrior,arms,93,38,55
Alator,gorgonnash,1501,warrior,arms,30,17,13
Stickybladez,frostmourne,1501,warrior,arms,66,33,33
Nerdstompêr,illidan,1501,warrior,arms,42,17,25
Duroxzee,area-52,1500,warrior,arms,132,74,58
Rampage,azralon,1498,warrior,arms,89,46,43
Zalakan,malganis,1497,warrior,arms,24,16,8
Thurman,spirestone,1497,warrior,arms,36,23,13
Tcchmm,akama,1497,warrior,arms,64,28,36
Lòrdnasher,tichondrius,1496,warrior,arms,42,24,18
Spartiguss,emerald-dream,1496,warrior,arms,29,16,13
Gorenay,nemesis,1496,warrior,arms,30,16,14
Utgarde,stormrage,1496,warrior,arms,176,92,84
Hotdadparty,frostmourne,1496,warrior,arms,54,25,29
Danield,illidan,1496,warrior,arms,42,16,26
Flintish,moon-guard,1495,warrior,arms,42,27,15
Jichelei,tichondrius,1495,warrior,arms,54,28,26
Xunxie,tichondrius,1494,warrior,arms,41,20,21
Amaragos,tichondrius,1493,warrior,arms,56,35,21
Lsays,tichondrius,1492,warrior,arms,68,34,34
Tenchuu,azralon,1491,warrior,arms,47,21,26
Garadiels,tichondrius,1490,warrior,arms,61,25,36
Karrok,zuluhed,1489,warrior,arms,138,64,74
Warriordanim,tichondrius,1489,warrior,arms,110,46,64
Ôxluck,ragnaros,1489,warrior,arms,74,27,47
Taywar,sargeras,1488,warrior,arms,42,20,22
Metalwarr,illidan,1487,warrior,arms,30,16,14
Blightscream,bleeding-hollow,1487,warrior,arms,60,28,32
Zänn,dalaran,1486,warrior,arms,60,38,22
Furyass,bleeding-hollow,1486,warrior,arms,60,35,25
Ihadnochoice,barthilas,1486,warrior,arms,112,54,58
Muskratz,tichondrius,1485,warrior,arms,30,16,14
Karnakk,thrall,1485,warrior,arms,41,16,25
Disarmiea,cairne,1484,warrior,arms,45,22,23
Ogeezus,crushridge,1484,warrior,arms,36,17,19
Shiv,illidan,1484,warrior,arms,48,22,26
Dorianfrost,ravenholdt,1483,warrior,arms,54,20,34
Frankoiz,quelthalas,1482,warrior,arms,42,19,23
Tern,emerald-dream,1481,warrior,arms,58,33,25
Hoodlark,lightbringer,1481,warrior,arms,42,16,26
Xenogears,boulderfist,1480,warrior,arms,84,46,38
Aloregorey,malganis,1480,warrior,arms,78,34,44
Kissmyaxê,tichondrius,1480,warrior,arms,51,21,30
Brutallicus,kelthuzad,1479,warrior,arms,33,17,16
Arot,bloodhoof,1479,warrior,arms,75,34,41
Volstraya,frostmourne,1478,warrior,arms,36,18,18
Slyith,shadow-council,1477,warrior,arms,54,27,27
Rainzy,stormrage,1476,warrior,arms,36,16,20
Weedow,proudmoore,1474,warrior,arms,29,16,13
Velarrine,illidan,1474,warrior,arms,86,39,47
Skronkar,illidan,1473,warrior,arms,72,33,39
Chinamonk,tichondrius,1473,warrior,arms,53,23,30
Naughtytwat,tichondrius,1472,warrior,arms,183,90,93
Dann,ragnaros,1472,warrior,arms,84,39,45
Yirko,quelthalas,1472,warrior,arms,38,16,22
Banhaezzi,tichondrius,1469,warrior,arms,96,45,51
Rittylord,frostmourne,1468,warrior,arms,36,17,19
Morfoggore,ragnaros,1467,warrior,arms,36,16,20
Ðarkstar,zuljin,1465,warrior,arms,117,54,63
Eggroll,emerald-dream,1465,warrior,arms,47,17,30
Gwendolynl,hyjal,1464,warrior,arms,55,29,26
Toughguts,saurfang,1464,warrior,arms,60,29,31
Sertss,proudmoore,1462,warrior,arms,71,30,41
Shortgoofy,sargeras,1460,warrior,arms,116,54,62
Nabiouscx,malganis,1460,warrior,arms,101,47,54
Warlow,korgath,1458,warrior,arms,58,26,32
Mommysharky,illidan,1457,warrior,arms,36,26,10
Naxxiki,wyrmrest-accord,1457,warrior,arms,24,17,7
Rads,stormscale,1457,warrior,arms,57,31,26
Zeerohkool,malganis,1457,warrior,arms,68,31,37
Lunartime,sargeras,1457,warrior,arms,36,16,20
Dji,tichondrius,1456,warrior,arms,161,80,81
Pongk,tichondrius,1456,warrior,arms,57,17,40
Jotto,zuljin,1455,warrior,arms,36,18,18
Xaka,tichondrius,1455,warrior,arms,42,19,23
Draganovich,aerie-peak,1454,warrior,arms,36,19,17
Zhânshen,tichondrius,1454,warrior,arms,42,21,21
Doves,tichondrius,1453,warrior,arms,33,16,17
Mailløche,bleeding-hollow,1452,warrior,arms,60,32,28
Raala,cenarius,1451,warrior,arms,33,23,10
Dualip,tichondrius,1451,warrior,arms,72,38,34
Biznizwar,sargeras,1450,warrior,arms,124,61,63
Wellowarr,moon-guard,1448,warrior,arms,78,34,44
Shawnemd,proudmoore,1445,warrior,arms,54,29,25
Iigotu,tichondrius,1445,warrior,arms,84,39,45
Oppressor,darkspear,1445,warrior,arms,46,20,26
Arctures,stormrage,1442,warrior,arms,60,35,25
Frashes,darkspear,1442,warrior,arms,49,22,27
Riskydevil,azralon,1441,warrior,arms,40,23,17
Muertededios,quelthalas,1441,warrior,arms,123,62,61
Fuknazum,gundrak,1440,warrior,arms,72,36,36
Allgas,barthilas,1439,warrior,arms,48,30,18
Ðêad,area-52,1439,warrior,arms,24,15,9
Crownzz,tichondrius,1439,warrior,arms,30,15,15
Darkfang,icecrown,1438,warrior,arms,48,26,22
Slamix,area-52,1438,warrior,arms,45,24,21
Kowboy,stormrage,1438,warrior,arms,72,34,38
Graelus,terenas,1437,warrior,arms,43,24,19
Nikon,bleeding-hollow,1435,warrior,arms,42,16,26
Grumtak,azralon,1434,warrior,arms,29,16,13
Bozwar,tichondrius,1434,warrior,arms,30,16,14
Grantlol,illidan,1434,warrior,arms,30,15,15
Vatix,sargeras,1434,warrior,arms,30,15,15
Xenowar,alleria,1434,warrior,arms,66,29,37
Nightheller,stormrage,1433,warrior,arms,36,15,21
Lègèndáry,dark-iron,1431,warrior,arms,42,21,21
Badguys,illidan,1431,warrior,arms,36,15,21
Golkän,goldrinn,1430,warrior,arms,42,21,21
Powerhard,area-52,1430,warrior,arms,51,25,26
Klouddraft,tichondrius,1428,warrior,arms,39,22,17
Orahard,illidan,1428,warrior,arms,128,57,71
Shiiftybuga,frostmourne,1427,warrior,arms,50,27,23
Machineofwar,zuluhed,1427,warrior,arms,96,46,50
Hulkbuster,ragnaros,1427,warrior,arms,42,18,24
Cgelangdula,tichondrius,1427,warrior,arms,36,15,21
Slamuëladams,bleeding-hollow,1427,warrior,arms,36,15,21
Kadira,stormrage,1427,warrior,arms,90,37,53
Iwillcrushyo,darkspear,1426,warrior,arms,36,15,21
Aaryn,caelestrasz,1425,warrior,arms,92,50,42
Warsaínt,area-52,1425,warrior,arms,53,27,26
Mezdrì,quelthalas,1424,warrior,arms,24,15,9
Rèckit,thrall,1424,warrior,arms,30,15,15
Tergll,illidan,1423,warrior,arms,51,23,28
Cjz,tichondrius,1422,warrior,arms,42,25,17
Neozsmash,thrall,1422,warrior,arms,36,20,16
Saîyanroyce,barthilas,1422,warrior,arms,101,49,52
Automator,proudmoore,1422,warrior,arms,36,15,21
Wapistun,thrall,1421,warrior,arms,36,19,17
Kralo,moon-guard,1421,warrior,arms,33,16,17
Typhön,tichondrius,1421,warrior,arms,44,17,27
Braxin,dalaran,1420,warrior,arms,60,31,29
Mahkrash,quelthalas,1420,warrior,arms,41,19,22
Noyel,tichondrius,1419,warrior,arms,31,15,16
Apallô,tichondrius,1418,warrior,arms,71,32,39
Avoraçado,nemesis,1418,warrior,arms,49,21,28
Overswing,tichondrius,1418,warrior,arms,60,22,38
Bobu,area-52,1416,warrior,arms,28,16,12
Kilrosao,nordrassil,1415,warrior,arms,47,26,21
Ártorius,sargeras,1415,warrior,arms,36,17,19
Ukris,area-52,1414,warrior,arms,83,45,38
Kahuwuna,tichondrius,1414,warrior,arms,30,15,15
Korboc,malganis,1413,warrior,arms,60,29,31
Luosifen,tichondrius,1413,warrior,arms,89,42,47
Slickpapi,area-52,1413,warrior,arms,81,38,43
Unkultom,stormrage,1412,warrior,arms,39,19,20
Armsprotfury,tichondrius,1411,warrior,arms,36,21,15
Dcashmoney,moon-guard,1409,warrior,arms,54,20,34
Warthorns,malganis,1408,warrior,arms,49,17,32
Dolkal,tichondrius,1407,warrior,arms,51,19,32
Bigdingus,frostwolf,1406,warrior,arms,54,23,31
Unstàble,frostmourne,1405,warrior,arms,36,16,20
Kréix,sargeras,1405,warrior,arms,36,15,21
Yummysushi,gorgonnash,1404,warrior,arms,76,31,45
Aloloco,ragnaros,1403,warrior,arms,66,30,36
Gusbus,malganis,1402,warrior,arms,30,19,11
Torimzor,nemesis,1402,warrior,arms,78,42,36
Armamortal,kelthuzad,1401,warrior,arms,107,52,55
Horsekok,tichondrius,1399,warrior,arms,24,15,9
Peeb,tichondrius,1399,warrior,arms,30,15,15
Doomreaper,hellscream,1398,warrior,arms,35,18,17
Tenebrous,nemesis,1397,warrior,arms,48,20,28
Zaexx,stormrage,1393,warrior,arms,35,18,17
Vanglorio,azralon,1392,warrior,arms,81,44,37
Mjorn,sargeras,1392,warrior,arms,58,28,30
Fatnfurious,dunemaul,1392,warrior,arms,44,21,23
Chanchoswar,ragnaros,1392,warrior,arms,57,23,34
Belldor,barthilas,1392,warrior,arms,66,23,43
Magnar,zuljin,1391,warrior,arms,30,19,11
Nicegirl,sargeras,1391,warrior,arms,69,36,33
Azog,bleeding-hollow,1389,warrior,arms,42,24,18
Khargrok,ragnaros,1389,warrior,arms,30,15,15
Ralphy,lightnings-blade,1388,warrior,arms,48,24,24
Scumrat,frostmourne,1388,warrior,arms,42,19,23
Momojojo,daggerspine,1385,warrior,arms,26,18,8
Tzumugi,ragnaros,1383,warrior,arms,177,84,93
Ghostss,tichondrius,1382,warrior,arms,67,29,38
Supremegalek,tichondrius,1381,warrior,arms,39,21,18
Verain,thrall,1381,warrior,arms,36,17,19
Dúmßlòwn,tichondrius,1378,warrior,arms,114,53,61
Jeffe,khadgar,1378,warrior,arms,62,25,37
Rohta,kiljaeden,1376,warrior,arms,35,15,20
Luckyw,draktharon,1375,warrior,arms,42,23,19
Aesom,wyrmrest-accord,1375,warrior,arms,103,56,47
Jellybomb,sargeras,1374,warrior,arms,48,21,27
Irix,tichondrius,1372,warrior,arms,62,32,30
Nagaboner,frostmourne,1371,warrior,arms,47,25,22
Asc,barthilas,1365,warrior,arms,87,47,40
Jalaskâ,azralon,1364,warrior,arms,40,21,19
Sevala,spinebreaker,1363,warrior,arms,58,32,26
Mervyn,aegwynn,1360,warrior,arms,48,29,19
Tusktrollmon,illidan,1360,warrior,arms,43,21,22
Saltyundies,tichondrius,1359,warrior,arms,99,44,55
Korsarro,frostmourne,1357,warrior,arms,68,32,36
Ëssex,tichondrius,1356,warrior,arms,48,19,29
Chawp,emerald-dream,1355,warrior,arms,41,23,18
Bùlk,barthilas,1355,warrior,arms,77,33,44
Nviv,proudmoore,1354,warrior,arms,66,28,38
Morhgath,bonechewer,1352,warrior,arms,43,22,21
Swordmasters,icecrown,1350,warrior,arms,42,18,24
Thegoochgoon,malorne,1347,warrior,arms,57,31,26
Dimus,area-52,1347,warrior,arms,36,15,21
Rasgriz,moon-guard,1346,warrior,arms,43,20,23
Eîghtysîx,sargeras,1346,warrior,arms,76,30,46
Zroz,ragnaros,1345,warrior,arms,30,17,13
Xufoxpikmin,gurubashi,1345,warrior,arms,64,26,38
Radamäntthys,nemesis,1345,warrior,arms,54,16,38
ßaldbornë,stormrage,1344,warrior,arms,94,47,47
Excaliburz,frostmourne,1344,warrior,arms,59,29,30
Sludgthwaps,stormrage,1344,warrior,arms,36,17,19
Aldérmach,zuljin,1343,warrior,arms,92,44,48
Ddaÿ,tichondrius,1342,warrior,arms,36,14,22
Bahlahkay,proudmoore,1341,warrior,arms,30,14,16
Dissector,ragnaros,1341,warrior,arms,30,14,16
Saleem,tichondrius,1341,warrior,arms,73,32,41
Chargeback,zuljin,1340,warrior,arms,57,32,25
Bagur,ragnaros,1340,warrior,arms,41,23,18
Sunamys,illidan,1340,warrior,arms,36,14,22
Erple,eldrethalas,1340,warrior,arms,60,22,38
Raph,barthilas,1339,warrior,arms,24,14,10
Warbeshar,area-52,1339,warrior,arms,30,14,16
Jimjinjin,tichondrius,1338,warrior,arms,24,14,10
Kelidar,kaelthas,1338,warrior,arms,42,22,20
Swiftui,nemesis,1338,warrior,arms,48,21,27
Gohrgroc,quelthalas,1337,warrior,arms,24,14,10
Loothar,goldrinn,1337,warrior,arms,66,33,33
Lowlow,lightbringer,1337,warrior,arms,30,15,15
Kourny,frostmourne,1337,warrior,arms,60,29,31
Duxor,sargeras,1337,warrior,arms,30,14,16
Thorado,nemesis,1337,warrior,arms,45,19,26
Viagraliker,tichondrius,1336,warrior,arms,44,19,25
Zeerohkool,tichondrius,1336,warrior,arms,72,29,43
Xampuu,ragnaros,1335,warrior,arms,28,17,11
Shadderaz,sargeras,1334,warrior,arms,18,14,4
Ybo,illidan,1333,warrior,arms,63,39,24
Varekai,frostmourne,1330,warrior,arms,38,20,18
Gooshin,sargeras,1330,warrior,arms,37,19,18
Himer,tichondrius,1330,warrior,arms,30,14,16
Papaming,tichondrius,1330,warrior,arms,48,21,27
Ludicrous,dreadmaul,1330,warrior,arms,79,34,45
Larrylurker,proudmoore,1328,warrior,arms,24,14,10
Retros,kelthuzad,1327,warrior,arms,66,32,34
Deamonkiller,kelthuzad,1327,warrior,arms,79,36,43
Soez,tichondrius,1325,warrior,arms,22,15,7
Druckerz,lightnings-blade,1325,warrior,arms,36,14,22
Aoste,tichondrius,1324,warrior,arms,31,16,15
Rokó,illidan,1324,warrior,arms,42,16,26
Waraze,tichondrius,1320,warrior,arms,30,14,16
Rekem,malganis,1320,warrior,arms,60,27,33
Ønì,tichondrius,1319,warrior,arms,42,33,9
Macsen,zuljin,1319,warrior,arms,36,18,18
Kannzox,quelthalas,1319,warrior,arms,61,28,33
Warthok,turalyon,1319,warrior,arms,36,14,22
Niudazhuang,tichondrius,1318,warrior,arms,70,39,31
Babyguns,tichondrius,1316,warrior,arms,24,14,10
Brontok,darkspear,1316,warrior,arms,35,18,17
Orcaine,ursin,1315,warrior,arms,41,27,14
Valder,akama,1315,warrior,arms,30,15,15
Scrümp,illidan,1315,warrior,arms,31,14,17
Storkos,moon-guard,1313,warrior,arms,77,40,37
Coolade,thunderhorn,1312,warrior,arms,46,18,28
Dubstoob,illidan,1311,warrior,arms,94,47,47
Brotu,nemesis,1310,warrior,arms,88,49,39
Qtcrow,frostmourne,1310,warrior,arms,78,39,39
Brynjah,azralon,1306,warrior,arms,84,39,45
Raekor,tichondrius,1305,warrior,arms,30,19,11
Varith,sargeras,1305,warrior,arms,24,14,10
Knghtofseven,nemesis,1305,warrior,arms,72,39,33
Coisini,tichondrius,1305,warrior,arms,38,17,21
Ivanovh,quelthalas,1304,warrior,arms,81,42,39
Calynn,frostmourne,1304,warrior,arms,90,46,44
Aleniá,tichondrius,1304,warrior,arms,62,31,31
Killtarget,tichondrius,1303,warrior,arms,61,32,29
Legolant,uther,1301,warrior,arms,30,14,16
Enilaw,proudmoore,1300,warrior,arms,30,14,16
Pvpheart,tichondrius,1299,warrior,arms,47,27,20
Spritez,malganis,1299,warrior,arms,67,27,40
Deadee,aerie-peak,1297,warrior,arms,64,30,34
Guitter,nazjatar,1297,warrior,arms,30,14,16
Forakenna,dragonmaw,1295,warrior,arms,17,14,3
Bajheera,sargeras,1295,warrior,arms,23,14,9
Beeny,tichondrius,1295,warrior,arms,33,14,19
Superpot,bleeding-hollow,1294,warrior,arms,42,19,23
Rockystyle,proudmoore,1293,warrior,arms,42,24,18
Gromkhor,tichondrius,1292,warrior,arms,29,14,15
Solano,illidan,1290,warrior,arms,24,15,9
Noobslayr,wyrmrest-accord,1290,warrior,arms,30,18,12
Grumok,tichondrius,1289,warrior,arms,57,24,33
Warnick,illidan,1288,warrior,arms,30,15,15
Hôdû,tichondrius,1286,warrior,arms,75,36,39
Aràthor,stormrage,1284,warrior,arms,48,22,26
Putong,tichondrius,1282,warrior,arms,41,23,18
Bfrenzy,dalaran,1278,warrior,arms,42,18,24
Helandas,moknathal,1277,warrior,arms,77,43,34
Shadowstingg,tichondrius,1277,warrior,arms,34,14,20
Tkazo,tichondrius,1275,warrior,arms,23,14,9
Torzzen,azralon,1273,warrior,arms,29,14,15
Gorez,ragnaros,1270,warrior,arms,30,15,15
Kuchikilla,borean-tundra,1267,warrior,arms,30,15,15
Brocky,malorne,1266,warrior,arms,237,105,132
Swamis,stormreaver,1265,warrior,arms,30,15,15
Krimmjðw,sargeras,1263,warrior,arms,36,14,22
ßloodshed,frostmourne,1261,warrior,arms,19,14,5
Laynarri,hyjal,1260,warrior,arms,60,28,32
Rayks,tichondrius,1259,warrior,arms,30,16,14
Dhaemom,azralon,1257,warrior,arms,64,32,32
Gritrog,thrall,1255,warrior,arms,38,27,11
Queterompo,ragnaros,1255,warrior,arms,60,33,27
Gwlade,sargeras,1254,warrior,arms,29,14,15
Áres,malganis,1251,warrior,arms,128,68,60
Ujumpijump,andorhal,1249,warrior,arms,36,15,21
Coldlòve,akama,1248,warrior,arms,18,13,5
Lagzistance,area-52,1248,warrior,arms,24,13,11
Killbórn,azralon,1247,warrior,arms,18,13,5
Areaves,moon-guard,1247,warrior,arms,24,13,11
Falindrah,moon-guard,1247,warrior,arms,24,13,11
Kruma,stormscale,1247,warrior,arms,25,13,12
Barricade,velen,1247,warrior,arms,101,47,54
Überwältigen,thrall,1247,warrior,arms,30,13,17
Scotteh,eredar,1247,warrior,arms,30,13,17
Szeo,tichondrius,1246,warrior,arms,18,13,5
Xvett,drakkari,1246,warrior,arms,36,20,16
Hbrandy,tichondrius,1246,warrior,arms,24,13,11
Schizogeist,malganis,1246,warrior,arms,40,18,22
Yossarrion,frostwolf,1246,warrior,arms,30,13,17
Heylol,blackhand,1245,warrior,arms,30,13,17
Blaiize,ragnaros,1245,warrior,arms,36,13,23
Maraudertko,area-52,1244,warrior,arms,24,13,11
Qookymonster,zuljin,1244,warrior,arms,36,18,18
Blíding,ragnaros,1243,warrior,arms,39,14,25
Theregulator,area-52,1242,warrior,arms,42,25,17
Ystk,tichondrius,1242,warrior,arms,24,13,11
Koberos,queldorei,1242,warrior,arms,36,13,23
Chillimus,tichondrius,1240,warrior,arms,24,13,11
Methwitch,moon-guard,1240,warrior,arms,24,13,11
Qtxd,malganis,1240,warrior,arms,24,13,11
Grimjouw,sargeras,1240,warrior,arms,24,13,11
Amputate,akama,1240,warrior,arms,36,13,23
Ðhrâgøn,ragnaros,1239,warrior,arms,18,15,3
Balroge,illidan,1239,warrior,arms,24,13,11
Mitigation,hyjal,1239,warrior,arms,34,15,19
Thorablade,barthilas,1239,warrior,arms,72,31,41
Noitrak,azralon,1239,warrior,arms,33,14,19
Ãleister,stormrage,1238,warrior,arms,39,17,22
Flavor,aegwynn,1238,warrior,arms,30,13,17
Aggorak,illidan,1238,warrior,arms,30,13,17
Kiddoe,rivendare,1237,warrior,arms,60,28,32
Squeekzz,frostmane,1236,warrior,arms,50,24,26
Chupelo,tichondrius,1235,warrior,arms,18,13,5
Mickyplate,tichondrius,1235,warrior,arms,54,25,29
Arkayko,quelthalas,1234,warrior,arms,24,13,11
Hoodlord,tichondrius,1234,warrior,arms,54,24,30
Crustyfella,stormrage,1233,warrior,arms,24,13,11
Nyle,zuljin,1233,warrior,arms,30,13,17
Standsonkegs,illidan,1233,warrior,arms,30,13,17
Crú,stormrage,1232,warrior,arms,24,13,11
Goldbêrg,malganis,1232,warrior,arms,24,13,11
Milough,nesingwary,1232,warrior,arms,30,13,17
Wankcelot,kiljaeden,1231,warrior,arms,48,21,27
Gorash,gundrak,1230,warrior,arms,69,33,36
Mussashí,stormrage,1226,warrior,arms,20,14,6
Rárict,moon-guard,1226,warrior,arms,28,14,14
Tunchi,runetotem,1224,warrior,arms,90,47,43
Ohanaglad,illidan,1224,warrior,arms,30,13,17
Tommytimbo,destromath,1224,warrior,arms,31,13,18
Armorlancer,stormrage,1223,warrior,arms,24,13,11
Juff,hakkar,1223,warrior,arms,24,13,11
Kenshín,ragnaros,1222,warrior,arms,41,14,27
Diamict,wyrmrest-accord,1221,warrior,arms,18,13,5
Daddymoist,moon-guard,1220,warrior,arms,48,23,25
Colosal,drakkari,1218,warrior,arms,18,13,5
Loucha,nagrand,1218,warrior,arms,30,13,17
Rekcd,sargeras,1217,warrior,arms,18,13,5
Thelgrath,quelthalas,1216,warrior,arms,72,32,40
Qetimporta,quelthalas,1214,warrior,arms,24,13,11
Krostyx,ragnaros,1213,warrior,arms,30,17,13
Dippindabz,area-52,1213,warrior,arms,47,26,21
Titanika,wyrmrest-accord,1213,warrior,arms,60,21,39
Pandaniela,area-52,1212,warrior,arms,24,15,9
Thebruce,nemesis,1211,warrior,arms,52,26,26
Deomer,quelthalas,1211,warrior,arms,30,14,16
Baadomishram,ragnaros,1208,warrior,arms,30,14,16
Superdah,kiljaeden,1205,warrior,arms,36,14,22
Aclipse,nagrand,1197,warrior,arms,65,34,31
Nosetackle,area-52,1197,warrior,arms,58,29,29
Arthwarf,proudmoore,1194,warrior,arms,42,16,26
Vemue,tichondrius,1192,warrior,arms,96,42,54
Yuccaleaptus,area-52,1191,warrior,arms,59,27,32
Devilsbane,khaz-modan,1191,warrior,arms,42,17,25
Bazironbeard,ravencrest,1190,warrior,arms,17,13,4
Annaliyah,wyrmrest-accord,1190,warrior,arms,66,36,30
Perrin,burning-blade,1190,warrior,arms,29,13,16
Davidorco,drakkari,1188,warrior,arms,29,13,16
Gohawn,hyjal,1186,warrior,arms,37,20,17
Xyazhiro,ragnaros,1186,warrior,arms,54,25,29
Iyamii,hyjal,1183,warrior,arms,23,13,10
Hadesz,nazjatar,1183,warrior,arms,71,34,37
Lícketysplít,ysondre,1182,warrior,arms,22,13,9
Nightshauyia,kelthuzad,1182,warrior,arms,27,14,13
Kannerhus,quelthalas,1182,warrior,arms,41,18,23
Evilkorean,tichondrius,1181,warrior,arms,23,13,10
Shingeki,wyrmrest-accord,1179,warrior,arms,108,51,57
Akj,sargeras,1178,warrior,arms,31,13,18
Archonian,stormscale,1177,warrior,arms,28,18,10
Fkndog,tichondrius,1177,warrior,arms,54,24,30
Orsex,ragnaros,1176,warrior,arms,26,13,13
Zarrock,emerald-dream,1174,warrior,arms,26,14,12
Süspicious,malfurion,1174,warrior,arms,35,14,21
Cowbøycrytoo,azralon,1173,warrior,arms,77,40,37
Tÿ,haomarush,1172,warrior,arms,25,14,11
Droogust,tichondrius,1172,warrior,arms,30,15,15
Rauh,emerald-dream,1171,warrior,arms,22,13,9
Sherway,quelthalas,1170,warrior,arms,138,68,70
Medusaann,proudmoore,1166,warrior,arms,33,15,18
Soltrain,stormrage,1165,warrior,arms,32,14,18
Groxxigore,chogall,1161,warrior,arms,42,20,22
Mortilant,perenolde,1160,warrior,arms,75,34,41
Bigsvit,trollbane,1159,warrior,arms,48,24,24
Youtank,kiljaeden,1159,warrior,arms,60,29,31
Bùbbájr,emerald-dream,1152,warrior,arms,18,12,6
Anotee,kelthuzad,1152,warrior,arms,76,40,36
Aelrog,malganis,1152,warrior,arms,88,45,43
Demetor,skywall,1152,warrior,arms,24,12,12
Bighamm,tichondrius,1151,warrior,arms,18,12,6
Flexìn,tichondrius,1151,warrior,arms,24,12,12
Cammerz,area-52,1151,warrior,arms,30,12,18
Bigdude,frostwolf,1150,warrior,arms,18,12,6
Hàru,illidan,1150,warrior,arms,18,12,6
Einnarr,tichondrius,1150,warrior,arms,19,12,7
Pocserwar,drakkari,1150,warrior,arms,24,12,12
Malakaimapk,korgath,1150,warrior,arms,24,12,12
Gordofofo,azralon,1149,warrior,arms,18,12,6
Auzery,emerald-dream,1149,warrior,arms,30,12,18
Woth,deathwing,1148,warrior,arms,24,12,12
Suicider,stormrage,1148,warrior,arms,30,12,18
Dragvovar,thrall,1148,warrior,arms,30,12,18
Dajva,ragnaros,1147,warrior,arms,24,12,12
Misclickëd,dalaran,1147,warrior,arms,24,12,12
Vodkagoblin,sargeras,1147,warrior,arms,24,12,12
Painfulsin,tichondrius,1145,warrior,arms,30,12,18
Kénjar,tichondrius,1144,warrior,arms,18,12,6
Skittlesxo,bleeding-hollow,1144,warrior,arms,24,12,12
Invared,stormrage,1143,warrior,arms,18,12,6
Radagøn,drakkari,1143,warrior,arms,30,12,18
Lucidx,malfurion,1142,warrior,arms,18,12,6
Nibbzy,sargeras,1142,warrior,arms,18,12,6
Haldeer,shadow-council,1142,warrior,arms,24,12,12
Philbert,alexstrasza,1141,warrior,arms,33,17,16
Dinogc,barthilas,1141,warrior,arms,24,12,12
Yisunshin,azralon,1141,warrior,arms,24,12,12
Hblock,barthilas,1140,warrior,arms,24,12,12
Brocc,tichondrius,1139,warrior,arms,24,12,12
Sloppyglucks,moon-guard,1138,warrior,arms,24,12,12
Tappia,quelthalas,1138,warrior,arms,36,12,24
Warrimon,nemesis,1138,warrior,arms,36,12,24
Dizgraceful,malganis,1137,warrior,arms,18,12,6
Nervoxztwo,ragnaros,1134,warrior,arms,24,12,12
Drahconian,aggramar,1134,warrior,arms,24,12,12
Demðnslayer,kelthuzad,1134,warrior,arms,54,24,30
Tripleblack,mugthol,1132,warrior,arms,18,12,6
Isildur,nerzhul,1132,warrior,arms,36,20,16
Ragebladë,tichondrius,1131,warrior,arms,42,26,16
Âmânthul,alexstrasza,1131,warrior,arms,80,43,37
Stoul,illidan,1129,warrior,arms,24,18,6
Lunks,kelthuzad,1128,warrior,arms,18,12,6
Dsz,nemesis,1128,warrior,arms,29,13,16
Bulletfodder,tichondrius,1127,warrior,arms,24,12,12
Cocainiouz,dalaran,1125,warrior,arms,30,13,17
Vâìn,tichondrius,1125,warrior,arms,30,12,18
Tamagoshi,kiljaeden,1122,warrior,arms,24,12,12
Beowúlf,burning-blade,1122,warrior,arms,35,13,22
Clovê,ragnaros,1118,warrior,arms,36,21,15
Roughknuckle,kelthuzad,1118,warrior,arms,23,12,11
Pangpou,tichondrius,1116,warrior,arms,54,24,30
Rhohan,ysera,1116,warrior,arms,41,13,28
Carriney,illidan,1115,warrior,arms,53,26,27
Thunderclapz,stormscale,1114,warrior,arms,24,12,12
Looffy,saurfang,1114,warrior,arms,30,12,18
Alejandros,azgalor,1111,warrior,arms,23,12,11
Bersorcker,ragnaros,1111,warrior,arms,26,13,13
Warriorlee,jubeithos,1111,warrior,arms,44,19,25
Jhave,ragnaros,1111,warrior,arms,30,12,18
Sudavis,alleria,1109,warrior,arms,23,16,7
Târtàrûs,tichondrius,1108,warrior,arms,24,15,9
Robotríp,illidan,1108,warrior,arms,30,13,17
Dvhwec,tichondrius,1105,warrior,arms,28,12,16
Thebeastwar,area-52,1101,warrior,arms,36,19,17
Tipincider,perenolde,1100,warrior,arms,21,12,9
Adunken,ragnaros,1099,warrior,arms,18,12,6
Soupwar,moon-guard,1099,warrior,arms,29,12,17
Tyrantwolf,ragnaros,1097,warrior,arms,45,17,28
Knocks,blackrock,1094,warrior,arms,21,13,8
Melankoma,sargeras,1094,warrior,arms,30,12,18
Arrogated,emerald-dream,1092,warrior,arms,84,41,43
Shishokun,quelthalas,1085,warrior,arms,34,15,19
Bløødy,lethon,1084,warrior,arms,14,12,2
Babybears,tichondrius,1084,warrior,arms,26,12,14
Aquannas,bloodscalp,1082,warrior,arms,24,14,10
Malok,deathwing,1082,warrior,arms,57,20,37
Flexakute,malganis,1080,warrior,arms,20,12,8
Scaredwarr,stormrage,1079,warrior,arms,27,13,14
Pingorosho,quelthalas,1078,warrior,arms,30,13,17
Gongos,doomhammer,1077,warrior,arms,93,48,45
Purefury,whisperwind,1076,warrior,arms,93,41,52
Theøcritus,korgath,1075,warrior,arms,18,12,6
Rockedanger,stormrage,1075,warrior,arms,25,14,11
Ooze,darkspear,1075,warrior,arms,30,12,18
Ødïñ,sargeras,1071,warrior,arms,75,37,38
Selathiel,burning-blade,1070,warrior,arms,28,12,16
Úmarth,azralon,1062,warrior,arms,36,15,21
Imcute,senjin,1058,warrior,arms,60,21,39
Midorikwa,area-52,1056,warrior,arms,18,11,7
Nuqipq,tichondrius,1056,warrior,arms,24,11,13
Wizcleavuh,area-52,1056,warrior,arms,24,11,13
Pkgd,tichondrius,1055,warrior,arms,12,11,1
Aranacn,tichondrius,1055,warrior,arms,12,11,1
Shaõkahn,nemesis,1055,warrior,arms,18,11,7
Turtlestorm,tichondrius,1055,warrior,arms,18,11,7
Gladiator,azshara,1055,warrior,arms,18,11,7
Dutchyy,frostmourne,1055,warrior,arms,18,11,7
Kâdé,malganis,1055,warrior,arms,18,11,7
Kydrav,khadgar,1055,warrior,arms,22,12,10
Wheyprotein,illidan,1055,warrior,arms,24,11,13
Omnïslash,tichondrius,1055,warrior,arms,24,11,13
Abomlnatlon,tichondrius,1055,warrior,arms,24,11,13
Laddèrx,area-52,1055,warrior,arms,24,11,13
Feedzz,area-52,1055,warrior,arms,24,11,13
Duckyuwu,tichondrius,1055,warrior,arms,24,11,13
Kpc,tichondrius,1055,warrior,arms,30,11,19
Joebo,thrall,1054,warrior,arms,12,11,1
Datneck,tichondrius,1054,warrior,arms,18,11,7
Chopped,wyrmrest-accord,1054,warrior,arms,18,11,7
Leoneceo,azralon,1054,warrior,arms,18,11,7
Okita,bleeding-hollow,1054,warrior,arms,30,11,19
Wolfsrage,frostmourne,1054,warrior,arms,30,11,19
Twistwarr,area-52,1053,warrior,arms,18,11,7
Awm,wyrmrest-accord,1053,warrior,arms,24,11,13
Môrôdin,area-52,1053,warrior,arms,30,11,19
Theisius,tichondrius,1052,warrior,arms,27,11,16
Sharpen,terokkar,1051,warrior,arms,18,11,7
Cokeroom,tichondrius,1051,warrior,arms,21,12,9
Drillbit,wyrmrest-accord,1051,warrior,arms,30,11,19
Grimreáper,bleeding-hollow,1051,warrior,arms,36,11,25
Athin,azralon,1050,warrior,arms,24,11,13
Wesih,ragnaros,1050,warrior,arms,30,11,19
Thecolor,tichondrius,1050,warrior,arms,30,11,19
Myceliumlog,frostmourne,1049,warrior,arms,18,11,7
Týrodar,moon-guard,1049,warrior,arms,24,11,13
Holddapoop,area-52,1048,warrior,arms,18,11,7
Silverkiller,drakkari,1048,warrior,arms,18,11,7
Snewdawg,malganis,1048,warrior,arms,22,12,10
Zareos,azralon,1048,warrior,arms,30,11,19
Thedargz,trollbane,1047,warrior,arms,48,23,25
Dwarfanage,tichondrius,1047,warrior,arms,28,12,16
Blaxst,gorgonnash,1046,warrior,arms,30,16,14
Njjszn,thrall,1046,warrior,arms,78,33,45
Midge,proudmoore,1044,warrior,arms,59,30,29
Vyndronor,illidan,1044,warrior,arms,24,11,13
Orphasmic,moon-guard,1044,warrior,arms,36,11,25
Thedin,gorefiend,1043,warrior,arms,42,11,31
Blokz,arthas,1042,warrior,arms,18,11,7
Fòntaine,shandris,1042,warrior,arms,24,11,13
Areiden,sargeras,1042,warrior,arms,30,11,19
Carrito,perenolde,1041,warrior,arms,20,13,7
Creator,dalaran,1041,warrior,arms,24,11,13
Raserei,moonrunner,1041,warrior,arms,69,30,39
Stolz,dragonmaw,1040,warrior,arms,24,11,13
Golîath,mannoroth,1040,warrior,arms,30,11,19
Grömäash,ragnaros,1039,warrior,arms,26,11,15
Dylaiin,kelthuzad,1038,warrior,arms,30,11,19
Rageloading,amanthul,1037,warrior,arms,18,11,7
Wrekkshop,tichondrius,1037,warrior,arms,27,13,14
Wrrx,frostmourne,1037,warrior,arms,24,11,13
Dëkm,quelthalas,1035,warrior,arms,30,11,19
Nobowar,tichondrius,1032,warrior,arms,24,11,13
Potan,thrall,1030,warrior,arms,60,25,35
Cronie,steamwheedle-cartel,1027,warrior,arms,36,16,20
Zenchi,nerzhul,1022,warrior,arms,29,11,18
Nøzerker,kelthuzad,1020,warrior,arms,26,12,14
Stygïàn,draenor,1016,warrior,arms,80,45,35
Northhill,tichondrius,1014,warrior,arms,17,11,6
Galuf,malygos,1014,warrior,arms,18,11,7
Tucô,skullcrusher,1010,warrior,arms,43,20,23
Kalnor,dark-iron,1009,warrior,arms,26,12,14
Halis,illidan,1006,warrior,arms,21,13,8
Blackstamp,tichondrius,1006,warrior,arms,35,18,17
Hexenbæne,tichondrius,1006,warrior,arms,23,11,12
Starplatinum,aerie-peak,1004,warrior,arms,32,11,21
Gorepig,sargeras,1002,warrior,arms,29,11,18
Kreeper,farstriders,1001,warrior,arms,23,11,12
Elpish,ragnaros,1000,warrior,arms,30,11,19
Tribbally,silver-hand,998,warrior,arms,17,11,6
Lokityr,tichondrius,995,warrior,arms,42,16,26
Estivador,kelthuzad,995,warrior,arms,32,12,20
Kyritto,azralon,994,warrior,arms,35,18,17
Altruiel,sargeras,994,warrior,arms,39,19,20
Hagud,tichondrius,993,warrior,arms,23,11,12
Szee,tichondrius,991,warrior,arms,17,11,6
Elsamok,ragnaros,991,warrior,arms,17,11,6
Neekka,tichondrius,990,warrior,arms,28,12,16
Kalaxe,quelthalas,990,warrior,arms,36,11,25
Ambiss,azjolnerub,988,warrior,arms,23,11,12
Riuk,goldrinn,985,warrior,arms,23,12,11
Gargameld,stormrage,984,warrior,arms,27,15,12
Budzie,frostwolf,984,warrior,arms,22,11,11
Sneaknyoface,sargeras,982,warrior,arms,26,11,15
Thråsh,area-52,977,warrior,arms,36,16,20
Zuggarnaught,tichondrius,976,warrior,arms,22,11,11
Dishonorkill,dentarg,975,warrior,arms,19,11,8
Sudokubrain,tichondrius,974,warrior,arms,19,11,8
Djfredsd,tichondrius,972,warrior,arms,13,11,2
Nitechaos,thrall,972,warrior,arms,19,12,7
Afrikunt,tichondrius,960,warrior,arms,12,10,2
Anticiðe,zuljin,960,warrior,arms,12,10,2
Kaÿip,tichondrius,960,warrior,arms,18,10,8
Swifty,anvilmar,960,warrior,arms,18,10,8
Varrior,wyrmrest-accord,960,warrior,arms,18,10,8
Szew,tichondrius,960,warrior,arms,18,10,8
Paoxiaoevs,tichondrius,960,warrior,arms,18,10,8
Adios,tichondrius,960,warrior,arms,18,10,8
Escanòr,malganis,960,warrior,arms,18,10,8
Wtssap,ragnaros,960,warrior,arms,18,10,8
Pkkcrisis,archimonde,960,warrior,arms,18,10,8
Facefïster,malganis,960,warrior,arms,18,10,8
Abbastanza,tichondrius,960,warrior,arms,24,10,14
Jarheadz,bleeding-hollow,960,warrior,arms,24,10,14
Choppin,sargeras,960,warrior,arms,24,10,14
Tastý,moon-guard,960,warrior,arms,30,10,20
Iløveaysla,azralon,960,warrior,arms,30,10,20
Boblennon,tichondrius,960,warrior,arms,30,10,20
Ragedump,shadowsong,959,warrior,arms,18,10,8
Bâlthor,quelthalas,959,warrior,arms,18,10,8
Bamxz,sargeras,959,warrior,arms,18,10,8
Kaìju,dragonmaw,959,warrior,arms,18,10,8
Tantei,moon-guard,959,warrior,arms,18,10,8
Shinigamix,steamwheedle-cartel,959,warrior,arms,18,10,8
Kekbyemmr,illidan,959,warrior,arms,24,10,14
Drdelicious,tichondrius,959,warrior,arms,24,10,14
Lvlthreemage,fizzcrank,959,warrior,arms,24,10,14
Jiszle,sargeras,959,warrior,arms,30,10,20
Glacierrsz,sargeras,958,warrior,arms,18,10,8
Macray,proudmoore,958,warrior,arms,18,10,8
Dennlss,quelthalas,958,warrior,arms,18,10,8
Fixafflock,bleeding-hollow,958,warrior,arms,18,10,8
Icrìtmypants,dragonmaw,958,warrior,arms,18,10,8
Ghianna,quelthalas,958,warrior,arms,24,10,14
Ryank,bonechewer,958,warrior,arms,24,10,14
Moozz,dreadmaul,958,warrior,arms,24,10,14
Bryk,korgath,957,warrior,arms,18,10,8
Bionikus,nemesis,957,warrior,arms,78,33,45
Doomtree,zuljin,956,warrior,arms,12,10,2
Ángron,ragnaros,956,warrior,arms,18,10,8
Wydstepwar,malganis,956,warrior,arms,18,10,8
Devildriver,malganis,956,warrior,arms,18,10,8
Mcluffin,proudmoore,956,warrior,arms,18,10,8
Numb,moon-guard,956,warrior,arms,26,11,15
Sayyaf,moon-guard,956,warrior,arms,39,11,28
Bigster,malganis,955,warrior,arms,18,10,8
Pocketaxe,blackwater-raiders,955,warrior,arms,66,32,34
Starshattr,bleeding-hollow,954,warrior,arms,30,10,20
Coffeebottom,wyrmrest-accord,953,warrior,arms,18,10,8
Toky,malganis,952,warrior,arms,18,10,8
Carken,kiljaeden,952,warrior,arms,18,10,8
Creepi,sargeras,952,warrior,arms,24,10,14
Aaltara,barthilas,951,warrior,arms,18,10,8
Rageinice,tichondrius,951,warrior,arms,24,10,14
Helaume,arathor,950,warrior,arms,18,10,8
Discopogo,nemesis,950,warrior,arms,24,10,14
Waabi,emerald-dream,949,warrior,arms,18,10,8
Royye,blood-furnace,949,warrior,arms,18,10,8
Odrath,tichondrius,949,warrior,arms,27,11,16
Tikkò,tichondrius,946,warrior,arms,24,10,14
Småckin,frostmourne,945,warrior,arms,18,10,8
Deathsmirk,illidan,945,warrior,arms,37,17,20
Meatdrps,frostmane,941,warrior,arms,26,11,15
Vezixx,dragonmaw,939,warrior,arms,18,10,8
Märiä,ragnaros,927,warrior,arms,24,11,13
Tyránny,stormrage,927,warrior,arms,23,10,13
Wargasmx,tichondrius,926,warrior,arms,26,11,15
Darkthok,drakkari,918,warrior,arms,28,12,16
Brutallypwnd,tichondrius,917,warrior,arms,18,11,7
Shazbøt,tichondrius,911,warrior,arms,27,10,17
Skarkla,thrall,911,warrior,arms,29,10,19
Jägernaught,stormrage,910,warrior,arms,23,10,13
Tandiko,wyrmrest-accord,908,warrior,arms,17,10,7
Jeffo,amanthul,905,warrior,arms,20,11,9
Swiftynifty,area-52,905,warrior,arms,24,11,13
Spitts,frostmourne,904,warrior,arms,21,10,11
Lionssong,bleeding-hollow,903,warrior,arms,35,13,22
Atrocithy,ragnaros,896,warrior,arms,16,10,6
Lootacris,illidan,894,warrior,arms,17,10,7
Malathire,illidan,893,warrior,arms,22,10,12
Kagerou,ragnaros,889,warrior,arms,26,10,16
Vamtoro,illidan,888,warrior,arms,16,10,6
Wallzar,sargeras,887,warrior,arms,20,10,10
Stufit,emerald-dream,876,warrior,arms,16,11,5
Breyns,garrosh,875,warrior,arms,19,10,9
Sígmar,dreadmaul,869,warrior,arms,18,10,8
Whiteclouds,blood-furnace,867,warrior,arms,36,15,21
Moonyxx,frostmourne,864,warrior,arms,12,9,3
Youngmoneyd,illidan,864,warrior,arms,12,9,3
Dripgodx,malganis,864,warrior,arms,12,9,3
Dedgamesucks,darkspear,864,warrior,arms,12,9,3
Scoopdog,stormrage,864,warrior,arms,18,9,9
Warrmoose,tichondrius,864,warrior,arms,18,9,9
Stÿgian,blood-furnace,864,warrior,arms,18,9,9
Wtbfriends,malganis,864,warrior,arms,18,9,9
Goonassassin,tichondrius,864,warrior,arms,18,9,9
Alchera,fizzcrank,864,warrior,arms,18,9,9
Sharer,tichondrius,864,warrior,arms,18,9,9
Hyperdevil,ragnaros,864,warrior,arms,18,9,9
Ârmstrong,quelthalas,864,warrior,arms,18,9,9
Legday,stormrage,864,warrior,arms,18,9,9
Rogôsh,tichondrius,864,warrior,arms,24,9,15
Sejac,moon-guard,864,warrior,arms,24,9,15
Reave,wyrmrest-accord,863,warrior,arms,12,9,3
Virillius,wyrmrest-accord,863,warrior,arms,16,10,6
Realthiccbbw,tichondrius,863,warrior,arms,18,9,9
Suntore,malganis,863,warrior,arms,18,9,9
Moonär,emerald-dream,863,warrior,arms,18,9,9
Chañ,tichondrius,863,warrior,arms,18,9,9
Terneitor,ragnaros,863,warrior,arms,18,9,9
Lilmerman,laughing-skull,863,warrior,arms,18,9,9
Aragorn,mannoroth,863,warrior,arms,18,9,9
Brewstrike,dalaran,863,warrior,arms,18,9,9
Sleazedog,kelthuzad,863,warrior,arms,18,9,9
Zaynafein,emerald-dream,863,warrior,arms,18,9,9
Erradic,sargeras,863,warrior,arms,18,9,9
Ygucheng,emerald-dream,863,warrior,arms,19,9,10
Wrecktang,tichondrius,863,warrior,arms,24,9,15
Kelmor,thunderhorn,863,warrior,arms,24,9,15
Urscrewed,frostmane,863,warrior,arms,24,9,15
Ävdol,emerald-dream,863,warrior,arms,24,9,15
Warwslayer,tichondrius,863,warrior,arms,30,9,21
Dreweth,altar-of-storms,862,warrior,arms,12,9,3
Tdestroy,ragnaros,862,warrior,arms,15,9,6
Hazew,kelthuzad,862,warrior,arms,18,9,9
Wargorin,bleeding-hollow,862,warrior,arms,18,9,9
Eiendira,proudmoore,862,warrior,arms,18,9,9
Um,moon-guard,862,warrior,arms,18,9,9
Sigfir,ragnaros,862,warrior,arms,18,9,9
Lögän,azralon,862,warrior,arms,24,9,15
Ghostmourne,ragnaros,862,warrior,arms,24,9,15
Topmeoff,bleeding-hollow,862,warrior,arms,24,9,15
Volkz,ragnaros,862,warrior,arms,24,9,15
Overfury,azralon,861,warrior,arms,18,9,9
Deathengine,area-52,861,warrior,arms,18,9,9
Jodoro,malfurion,861,warrior,arms,18,9,9
Greywo,tichondrius,860,warrior,arms,12,9,3
Gunnaoffxans,sargeras,860,warrior,arms,18,9,9
Torkus,ragnaros,860,warrior,arms,18,9,9
Shattering,fizzcrank,860,warrior,arms,18,9,9
Durtmcsmash,stormrage,860,warrior,arms,18,9,9
Stormit,illidan,860,warrior,arms,19,9,10
Dysensor,illidan,860,warrior,arms,24,9,15
Layllassa,moon-guard,860,warrior,arms,24,9,15
Nishtana,quelthalas,859,warrior,arms,18,9,9
Depthsii,lightbringer,859,warrior,arms,18,9,9
Vio,mannoroth,859,warrior,arms,18,9,9
Grimus,bleeding-hollow,859,warrior,arms,18,9,9
Tasesino,quelthalas,859,warrior,arms,24,9,15
Lujzika,stormreaver,859,warrior,arms,27,10,17
Féril,ragnaros,858,warrior,arms,18,9,9
Tolette,quelthalas,858,warrior,arms,18,9,9
Mfmuggz,thunderlord,857,warrior,arms,18,9,9
Joshums,warsong,857,warrior,arms,26,10,16
Indoondabeat,azgalor,857,warrior,arms,26,10,16
Karusuke,stormrage,857,warrior,arms,24,9,15
Rebelzudo,azralon,856,warrior,arms,12,9,3
Preschool,sargeras,854,warrior,arms,12,9,3
Garusok,thrall,853,warrior,arms,12,9,3
Bigolpeen,sargeras,852,warrior,arms,18,9,9
Asiyurekhans,borean-tundra,851,warrior,arms,12,9,3
Jaimey,malganis,845,warrior,arms,23,9,14
Rainiki,stormrage,845,warrior,arms,24,9,15
Macdollibee,barthilas,834,warrior,arms,18,9,9
Soulcalibur,zuljin,830,warrior,arms,23,9,14
Stormlørd,frostmourne,830,warrior,arms,26,10,16
Psýchótic,tichondrius,827,warrior,arms,17,9,8
Panzerian,area-52,826,warrior,arms,17,9,8
Bargorengar,skullcrusher,823,warrior,arms,48,21,27
Eskama,hyjal,823,warrior,arms,23,9,14
Hjoz,illidan,822,warrior,arms,16,9,7
Kolosal,tichondrius,816,warrior,arms,15,9,6
Pusspeepers,kelthuzad,816,warrior,arms,21,9,12
Tunasurprize,stormrage,814,warrior,arms,21,9,12
Edgárllama,sargeras,810,warrior,arms,20,11,9
Paí,nemesis,808,warrior,arms,17,9,8
Gigazug,stormrage,799,warrior,arms,20,9,11
Fatmân,tichondrius,798,warrior,arms,22,9,13
Vandalizer,sargeras,788,warrior,arms,20,10,10
Patékphilípe,area-52,768,warrior,arms,12,8,4
Saucebussin,emerald-dream,768,warrior,arms,12,8,4
Spinspin,borean-tundra,768,warrior,arms,12,8,4
Msallsunday,nerzhul,768,warrior,arms,12,8,4
Slvrback,stormrage,768,warrior,arms,12,8,4
Hõdõnsin,tichondrius,768,warrior,arms,12,8,4
Retrospex,black-dragonflight,768,warrior,arms,12,8,4
Janjannodie,tichondrius,768,warrior,arms,12,8,4
Erdnase,ragnaros,768,warrior,arms,12,8,4
Executiepie,hyjal,768,warrior,arms,12,8,4
Smallbrainx,tichondrius,768,warrior,arms,12,8,4
Dadslapper,illidan,768,warrior,arms,12,8,4
Jianhung,tichondrius,768,warrior,arms,18,8,10
Supermieo,illidan,768,warrior,arms,18,8,10
Thulsan,emerald-dream,768,warrior,arms,18,8,10
Jehocc,tichondrius,768,warrior,arms,18,8,10
Dreadtøøth,tichondrius,768,warrior,arms,18,8,10
Wârtorn,darkspear,768,warrior,arms,18,8,10
Elitistx,bleeding-hollow,768,warrior,arms,18,8,10
Elky,area-52,768,warrior,arms,18,8,10
Kanamechan,area-52,768,warrior,arms,18,8,10
Betterwar,zuljin,768,warrior,arms,18,8,10
Tuggernaut,khadgar,768,warrior,arms,18,8,10
Dabdaddyy,dawnbringer,768,warrior,arms,21,9,12
Nyloras,illidan,768,warrior,arms,22,9,13
Nïcowo,ragnaros,768,warrior,arms,32,11,21
Yueren,tichondrius,768,warrior,arms,24,8,16
Ochinching,tichondrius,768,warrior,arms,24,8,16
Killborn,tichondrius,768,warrior,arms,24,8,16
Longzhan,tichondrius,768,warrior,arms,24,8,16
Bornne,doomhammer,768,warrior,arms,30,8,22
Leapsalp,proudmoore,767,warrior,arms,12,8,4
Drjuicce,tichondrius,767,warrior,arms,12,8,4
Kixxel,sargeras,767,warrior,arms,12,8,4
Kàkarot,illidan,767,warrior,arms,12,8,4
Angrybulky,illidan,767,warrior,arms,12,8,4
Executefreak,illidan,767,warrior,arms,12,8,4
Vecira,moon-guard,767,warrior,arms,12,8,4
Winota,frostmourne,767,warrior,arms,12,8,4
Letsgosmokes,stormrage,767,warrior,arms,12,8,4
Wantor,lightnings-blade,767,warrior,arms,12,8,4
Ketasshi,kelthuzad,767,warrior,arms,12,8,4
Bullmastic,deathwing,767,warrior,arms,16,9,7
Atróx,quelthalas,767,warrior,arms,18,8,10
Empriux,quelthalas,767,warrior,arms,18,8,10
Vayper,illidan,767,warrior,arms,18,8,10
Croxxs,aegwynn,767,warrior,arms,18,8,10
Cagrekk,wyrmrest-accord,767,warrior,arms,18,8,10
Drusillaa,deathwing,767,warrior,arms,18,8,10
Nanor,zuljin,767,warrior,arms,18,8,10
Cevadix,azralon,767,warrior,arms,18,8,10
Moarbrainz,mannoroth,767,warrior,arms,18,8,10
Carnith,arthas,767,warrior,arms,18,8,10
Ihazlolstorm,area-52,767,warrior,arms,18,8,10
Onionion,stormrage,767,warrior,arms,18,8,10
Orgreshin,area-52,767,warrior,arms,21,9,12
Saskouach,stormrage,767,warrior,arms,20,8,12
Kinzi,quelthalas,767,warrior,arms,24,8,16
Techanina,aerie-peak,767,warrior,arms,24,8,16
Xenoblade,wildhammer,767,warrior,arms,24,8,16
Brawnforce,shadowsong,767,warrior,arms,24,8,16
Raves,quelthalas,767,warrior,arms,30,8,22
Dropopen,tichondrius,767,warrior,arms,30,8,22
Homicideted,frostmourne,766,warrior,arms,12,8,4
Warrdawg,tichondrius,766,warrior,arms,12,8,4
Zaurka,sargeras,766,warrior,arms,12,8,4
Ragarok,jubeithos,766,warrior,arms,12,8,4
Warriorc,laughing-skull,766,warrior,arms,12,8,4
Jackhanma,kelthuzad,766,warrior,arms,12,8,4
Rineer,tichondrius,766,warrior,arms,18,8,10
Sálieri,ragnaros,766,warrior,arms,18,8,10
Beatmeat,frostmourne,766,warrior,arms,24,8,16
Ligerii,quelthalas,765,warrior,arms,18,8,10
Loktarrogar,illidan,765,warrior,arms,24,8,16
Catastrophie,mugthol,765,warrior,arms,24,8,16
Nosfuratuzod,frostmourne,764,warrior,arms,18,8,10
Alexarchos,chogall,764,warrior,arms,18,8,10
Garìk,moon-guard,764,warrior,arms,24,10,14
Plssaveme,ysera,764,warrior,arms,24,8,16
Thing,gorgonnash,763,warrior,arms,18,8,10
Friends,azjolnerub,763,warrior,arms,18,8,10
Joed,quelthalas,763,warrior,arms,18,8,10
Sllvrbck,tichondrius,762,warrior,arms,16,9,7
Tarmer,moon-guard,762,warrior,arms,18,8,10
Revenn,greymane,761,warrior,arms,12,8,4
Rágnárr,ragnaros,759,warrior,arms,18,8,10
Trapwar,malganis,755,warrior,arms,12,8,4
Jragonmaster,borean-tundra,755,warrior,arms,24,8,16
Gladiattor,tol-barad,749,warrior,arms,18,8,10
Vetinari,nazjatar,735,warrior,arms,11,8,3
Outo,stormrage,735,warrior,arms,17,8,9
Casmier,tichondrius,734,warrior,arms,17,8,9
Mêlo,area-52,719,warrior,arms,17,8,9
Wreckthis,area-52,718,warrior,arms,17,8,9
Layoon,azralon,718,warrior,arms,17,8,9
Bloodfx,darkspear,709,warrior,arms,29,11,18
Fraccx,area-52,704,warrior,arms,16,8,8
Bloodbath,kiljaeden,703,warrior,arms,17,8,9
Bluthammer,wyrmrest-accord,701,warrior,arms,20,8,12
Elfmonger,proudmoore,687,warrior,arms,13,8,5
Wreckerr,area-52,680,warrior,arms,20,10,10
Cugij,frostmourne,672,warrior,arms,12,7,5
Dáinsleif,frostmourne,672,warrior,arms,12,7,5
Arsis,whisperwind,672,warrior,arms,12,7,5
Furryhorv,frostmourne,672,warrior,arms,12,7,5
Ryalaeth,moon-guard,672,warrior,arms,12,7,5
Heojae,tichondrius,672,warrior,arms,12,7,5
Grounyl,azralon,672,warrior,arms,12,7,5
Yrz,malganis,672,warrior,arms,12,7,5
Nànchobo,tichondrius,672,warrior,arms,12,7,5
Stompyocouch,mugthol,672,warrior,arms,12,7,5
Turtleofhope,barthilas,672,warrior,arms,12,7,5
Xdoombringer,area-52,672,warrior,arms,12,7,5
Ttl,dalaran,672,warrior,arms,12,7,5
Battousäi,kiljaeden,672,warrior,arms,12,7,5
Toxxel,wyrmrest-accord,672,warrior,arms,12,7,5
Hannibalkng,zangarmarsh,672,warrior,arms,12,7,5
Mõgorrin,area-52,672,warrior,arms,12,7,5
Dashballer,sargeras,672,warrior,arms,12,7,5
Reichbeast,area-52,672,warrior,arms,12,7,5
Faronstompz,sargeras,672,warrior,arms,12,7,5
Scran,sargeras,672,warrior,arms,12,7,5
Draugus,azralon,672,warrior,arms,12,7,5
Alemão,bleeding-hollow,672,warrior,arms,12,7,5
Jahrakál,thunderlord,672,warrior,arms,12,7,5
Titanrage,tichondrius,672,warrior,arms,12,7,5
Turecw,illidan,672,warrior,arms,12,7,5
Bloodshêdz,stormrage,672,warrior,arms,12,7,5
Okayge,proudmoore,672,warrior,arms,12,7,5
Havocsmash,tichondrius,672,warrior,arms,12,7,5
Mardrex,korgath,672,warrior,arms,12,7,5
Gbrz,stormrage,672,warrior,arms,12,7,5
Roiboy,stormrage,672,warrior,arms,12,7,5
Magnusz,zuljin,672,warrior,arms,12,7,5
Nerdstorm,tichondrius,672,warrior,arms,12,7,5
Studdythejet,zuljin,672,warrior,arms,12,7,5
Morboo,illidan,672,warrior,arms,12,7,5
Salthouse,sargeras,672,warrior,arms,12,7,5
Bricksquad,mannoroth,672,warrior,arms,12,7,5
Kevy,arygos,672,warrior,arms,12,7,5
Vids,aegwynn,672,warrior,arms,12,7,5
Warrgawd,illidan,672,warrior,arms,12,7,5
Tatërs,zuljin,672,warrior,arms,12,7,5
Skolltonxoxo,tichondrius,672,warrior,arms,12,7,5
Imyourdaddy,chogall,672,warrior,arms,16,8,8
Thètrùth,duskwood,672,warrior,arms,18,7,11
Yamzprime,stormrage,672,warrior,arms,18,7,11
Bigbadbaka,thaurissan,672,warrior,arms,18,7,11
Hydranoid,ragnaros,672,warrior,arms,18,7,11
Timotheapple,stormrage,672,warrior,arms,18,7,11
Warhji,malganis,672,warrior,arms,18,7,11
Ivory,emerald-dream,672,warrior,arms,18,7,11
Danceylol,barthilas,672,warrior,arms,18,7,11
Ciskokido,illidan,672,warrior,arms,18,7,11
Xkickaxes,tichondrius,672,warrior,arms,18,7,11
Ryänlord,mugthol,672,warrior,arms,18,7,11
Ggtk,tichondrius,672,warrior,arms,18,7,11
Goyqqw,illidan,672,warrior,arms,18,7,11
Galehna,ragnaros,672,warrior,arms,23,7,16
Festerclaws,wyrmrest-accord,672,warrior,arms,24,7,17
Alexitwo,ragnaros,671,warrior,arms,12,7,5
Arox,ghostlands,671,warrior,arms,12,7,5
Irongummy,frostmourne,671,warrior,arms,12,7,5
Makcumba,ragnaros,671,warrior,arms,12,7,5
Cecchino,zuluhed,671,warrior,arms,12,7,5
Bouk,bloodscalp,671,warrior,arms,12,7,5
Rägar,quelthalas,671,warrior,arms,12,7,5
Calmaah,frostmourne,671,warrior,arms,12,7,5
Jedeva,stormrage,671,warrior,arms,12,7,5
Furiousangel,area-52,671,warrior,arms,12,7,5
Baul,area-52,671,warrior,arms,12,7,5
Bifilar,frostmourne,671,warrior,arms,12,7,5
Maddzspin,tichondrius,671,warrior,arms,12,7,5
Pipeman,blackhand,671,warrior,arms,12,7,5
Glizzarms,dalaran,671,warrior,arms,12,7,5
Nehpets,akama,671,warrior,arms,12,7,5
Crnogorac,hakkar,671,warrior,arms,12,7,5
Gunnëy,malganis,671,warrior,arms,12,7,5
Menestz,dreadmaul,671,warrior,arms,17,9,8
Aisinbro,illidan,671,warrior,arms,18,7,11
Isarat,illidan,671,warrior,arms,18,7,11
Chumbinhu,stormrage,671,warrior,arms,18,7,11
Destoryhamer,illidan,671,warrior,arms,18,7,11
Rikuduo,quelthalas,671,warrior,arms,18,7,11
Kasheeka,spirestone,671,warrior,arms,18,7,11
Vauquelin,tichondrius,671,warrior,arms,18,7,11
Paratech,thrall,671,warrior,arms,18,7,11
Ironhide,malorne,671,warrior,arms,18,7,11
Layøut,azralon,671,warrior,arms,18,7,11
Stepzugger,illidan,671,warrior,arms,18,7,11
Deadhawk,wyrmrest-accord,671,warrior,arms,24,7,17
Danzael,quelthalas,671,warrior,arms,24,7,17
Nraged,illidan,670,warrior,arms,12,7,5
Dhano,drakkari,670,warrior,arms,18,7,11
Franc,kiljaeden,670,warrior,arms,18,7,11
Sygw,area-52,670,warrior,arms,18,7,11
Dizzygal,hyjal,670,warrior,arms,18,7,11
Reidahn,zuljin,670,warrior,arms,24,7,17
Gíal,ragnaros,670,warrior,arms,24,7,17
Regthar,illidan,669,warrior,arms,17,7,10
Harnor,garrosh,669,warrior,arms,18,7,11
Teyliemond,amanthul,668,warrior,arms,12,7,5
Yanïka,barthilas,667,warrior,arms,13,7,6
Rogkhan,tichondrius,667,warrior,arms,18,7,11
Kevasaurr,sargeras,667,warrior,arms,24,7,17
Prunebery,area-52,666,warrior,arms,12,7,5
Marcolatus,ragnaros,666,warrior,arms,18,7,11
Terribletom,stormrage,665,warrior,arms,18,7,11
Tanatos,the-venture-co,664,warrior,arms,18,7,11
Jötunn,dalaran,663,warrior,arms,12,7,5
Dierdris,gnomeregan,659,warrior,arms,13,7,6
Lieutemajor,nemesis,657,warrior,arms,19,7,12
Guanyúu,tichondrius,639,warrior,arms,11,7,4
Kappis,illidan,639,warrior,arms,11,7,4
Parmizan,hydraxis,639,warrior,arms,16,7,9
Casteleiro,azralon,639,warrior,arms,20,8,12
Fewfingers,sargeras,638,warrior,arms,16,7,9
Monowarx,frostmourne,638,warrior,arms,22,7,15
Irishhammer,malfurion,637,warrior,arms,17,7,10
Twinxin,thrall,637,warrior,arms,17,7,10
Valde,stormrage,624,warrior,arms,15,7,8
Kratosxx,quelthalas,623,warrior,arms,11,7,4
Allenwalker,dreadmaul,623,warrior,arms,13,7,6
Warney,tichondrius,623,warrior,arms,17,7,10
Bigboycandy,malganis,621,warrior,arms,11,7,4
Justfair,barthilas,607,warrior,arms,14,7,7
Exxic,zuljin,606,warrior,arms,14,7,7
Bullkathoss,bleeding-hollow,605,warrior,arms,22,7,15
Bigdaddyxo,whisperwind,591,warrior,arms,11,7,4
Stoneshield,senjin,576,warrior,arms,6,6,0
Bean,ragnaros,576,warrior,arms,6,6,0
Akkar,gilneas,576,warrior,arms,6,6,0
Baltusrol,hydraxis,576,warrior,arms,6,6,0
Dóminus,malfurion,576,warrior,arms,6,6,0
Cassetto,icecrown,576,warrior,arms,12,6,6
Tmjakeful,area-52,576,warrior,arms,12,6,6
Amortens,area-52,576,warrior,arms,12,6,6
Biorhn,area-52,576,warrior,arms,12,6,6
Jaybers,malganis,576,warrior,arms,12,6,6
Moxxyy,tichondrius,576,warrior,arms,12,6,6
Tooto,kelthuzad,576,warrior,arms,12,6,6
Blazight,dunemaul,576,warrior,arms,12,6,6
Atuey,area-52,576,warrior,arms,12,6,6
Tankomode,area-52,576,warrior,arms,12,6,6
Adryina,zuljin,576,warrior,arms,12,6,6
Benkenobi,khaz-modan,576,warrior,arms,12,6,6
Jsolucky,thrall,576,warrior,arms,12,6,6
Bonclay,nerzhul,576,warrior,arms,12,6,6
Illmindofboo,tichondrius,576,warrior,arms,12,6,6
Headsour,thunderhorn,576,warrior,arms,12,6,6
Luckychaos,bleeding-hollow,576,warrior,arms,12,6,6
Sunderstruck,boulderfist,576,warrior,arms,12,6,6
Bailu,ragnaros,576,warrior,arms,12,6,6
Hololeave,tichondrius,576,warrior,arms,12,6,6
Gladdz,moon-guard,576,warrior,arms,12,6,6
Riggragg,tichondrius,576,warrior,arms,12,6,6
Jerebeloz,proudmoore,576,warrior,arms,12,6,6
Linios,tichondrius,576,warrior,arms,12,6,6
Marîn,stormrage,576,warrior,arms,12,6,6
Breaker,undermine,576,warrior,arms,12,6,6
Areiana,stormrage,576,warrior,arms,12,6,6
Tàlent,thrall,576,warrior,arms,12,6,6
Aladarith,moon-guard,576,warrior,arms,12,6,6
Robodad,illidan,576,warrior,arms,12,6,6
Sigrik,moon-guard,576,warrior,arms,12,6,6
Xargosh,magtheridon,576,warrior,arms,12,6,6
Barbatenaz,ragnaros,576,warrior,arms,12,6,6
Ratherfull,ragnaros,576,warrior,arms,12,6,6
Inkurushio,suramar,576,warrior,arms,12,6,6
Kilgrah,emerald-dream,576,warrior,arms,12,6,6
Kilrok,thunderlord,576,warrior,arms,12,6,6
Chronek,sargeras,576,warrior,arms,12,6,6
Rembrand,blackhand,576,warrior,arms,12,6,6
Zuans,azralon,576,warrior,arms,12,6,6
Hülkamanïa,sargeras,576,warrior,arms,12,6,6
Bagginses,quelthalas,576,warrior,arms,12,6,6
Gorek,illidan,576,warrior,arms,12,6,6
Roflcombo,illidan,576,warrior,arms,12,6,6
Fûry,barthilas,576,warrior,arms,12,6,6
Truecarnage,emerald-dream,576,warrior,arms,12,6,6
Luminiere,sargeras,576,warrior,arms,12,6,6
Raahj,sargeras,576,warrior,arms,12,6,6
Jdubz,frostmourne,576,warrior,arms,12,6,6
Assamith,nemesis,576,warrior,arms,12,6,6
Monkeystrike,barthilas,576,warrior,arms,12,6,6
Zizwe,proudmoore,576,warrior,arms,12,6,6
Geubsalx,tichondrius,576,warrior,arms,12,6,6
Wurua,tichondrius,576,warrior,arms,12,6,6
Toegap,illidan,576,warrior,arms,12,6,6
Bamlin,sargeras,576,warrior,arms,12,6,6
Arozay,illidan,576,warrior,arms,12,6,6
Glourfindel,quelthalas,576,warrior,arms,12,6,6
Auxthas,tichondrius,576,warrior,arms,12,6,6
Hemmyroidz,tichondrius,576,warrior,arms,12,6,6
Maywarro,ragnaros,576,warrior,arms,12,6,6
Dreamwarr,tichondrius,576,warrior,arms,12,6,6
Musclehead,moon-guard,576,warrior,arms,12,6,6
Flidumpling,tichondrius,576,warrior,arms,12,6,6
Rargou,illidan,576,warrior,arms,12,6,6
Ganzism,tichondrius,576,warrior,arms,13,6,7
Warsongwolf,tichondrius,576,warrior,arms,15,6,9
Maintarget,malganis,576,warrior,arms,17,6,11
Ontull,emerald-dream,576,warrior,arms,18,6,12
Browneyed,area-52,576,warrior,arms,18,6,12
Májorrobot,area-52,576,warrior,arms,18,6,12
Xgraves,sargeras,576,warrior,arms,18,6,12
Winso,blood-furnace,576,warrior,arms,18,6,12
Nillor,emerald-dream,576,warrior,arms,18,6,12
Egoist,malganis,576,warrior,arms,18,6,12
Slaten,barthilas,576,warrior,arms,18,6,12
Flexinbooty,kelthuzad,576,warrior,arms,18,6,12
Ezgamelol,azralon,576,warrior,arms,18,6,12
Hariban,shuhalo,576,warrior,arms,18,6,12
Eabywarrs,tichondrius,576,warrior,arms,18,6,12
Cowboybeast,tanaris,576,warrior,arms,18,6,12
Swìll,illidan,576,warrior,arms,18,6,12
Dirkdallas,tichondrius,576,warrior,arms,18,6,12
Benw,dawnbringer,576,warrior,arms,18,6,12
Asgér,quelthalas,576,warrior,arms,18,6,12
Kennäy,azralon,576,warrior,arms,18,6,12
Contentious,moon-guard,576,warrior,arms,24,6,18
Kurodia,quelthalas,576,warrior,arms,24,6,18
Fenømenoide,ragnaros,575,warrior,arms,6,6,0
Ereborh,ragnaros,575,warrior,arms,12,6,6
Vapòr,frostmourne,575,warrior,arms,12,6,6
Nospace,tichondrius,575,warrior,arms,12,6,6
Xarlon,stormrage,575,warrior,arms,12,6,6
Amrap,dentarg,575,warrior,arms,12,6,6
Pangean,sargeras,575,warrior,arms,12,6,6
Bolx,archimonde,575,warrior,arms,12,6,6
Thornakh,stormrage,575,warrior,arms,12,6,6
Gahii,barthilas,575,warrior,arms,12,6,6
Pandatrue,azralon,575,warrior,arms,12,6,6
Uragiri,shadowsong,575,warrior,arms,12,6,6
Bkdorbandit,illidan,575,warrior,arms,12,6,6
Kitonic,proudmoore,575,warrior,arms,12,6,6
Balthazãr,quelthalas,575,warrior,arms,12,6,6
Banggo,frostmourne,575,warrior,arms,12,6,6
Teyrn,stormrage,575,warrior,arms,12,6,6
Desul,tichondrius,575,warrior,arms,12,6,6
Vioar,hyjal,575,warrior,arms,12,6,6
Percthirty,blackrock,575,warrior,arms,12,6,6
Marvél,quelthalas,575,warrior,arms,15,7,8
Maltrate,hyjal,575,warrior,arms,15,7,8
Kapalua,darkspear,575,warrior,arms,13,6,7
Bärdock,ragnaros,575,warrior,arms,16,7,9
Filthyrandy,proudmoore,575,warrior,arms,18,6,12
Eorik,stormrage,575,warrior,arms,18,6,12
Umogarmac,draktharon,575,warrior,arms,18,6,12
Dragmös,nemesis,574,warrior,arms,6,6,0
Kenroc,illidan,574,warrior,arms,12,6,6
Darkshrek,quelthalas,574,warrior,arms,12,6,6
Iblowloads,illidan,574,warrior,arms,12,6,6
Masami,moon-guard,574,warrior,arms,18,6,12
Môgwai,kelthuzad,573,warrior,arms,12,6,6
Rafaelwar,drakkari,573,warrior,arms,12,6,6
Ugrundan,zuljin,572,warrior,arms,18,6,12
Ecopolis,azshara,544,warrior,arms,16,6,10
Ballzindeep,tichondrius,543,warrior,arms,8,7,1
Tastyskeet,illidan,543,warrior,arms,11,6,5
Gorakis,barthilas,543,warrior,arms,14,7,7
Battlestance,shadowsong,543,warrior,arms,17,6,11
Verigislena,moon-guard,542,warrior,arms,14,7,7
Randywar,tichondrius,528,warrior,arms,15,6,9
Beyblade,jubeithos,527,warrior,arms,11,6,5
Warwik,stormscale,527,warrior,arms,17,6,11
Hrókr,kiljaeden,522,warrior,arms,19,8,11
Warrage,kiljaeden,519,warrior,arms,21,9,12
Sáítámá,tichondrius,512,warrior,arms,16,6,10
Kvobash,area-52,511,warrior,arms,11,6,5
Jackjaeger,area-52,511,warrior,arms,16,6,10
Ruiend,bonechewer,510,warrior,arms,14,6,8
Ripstorm,emerald-dream,510,warrior,arms,14,6,8
Tyraelius,kiljaeden,510,warrior,arms,17,6,11
Lishajr,malganis,507,warrior,arms,8,6,2
Magarrior,shadowsong,495,warrior,arms,13,7,6
Painqt,area-52,480,warrior,arms,6,5,1
Tigris,nesingwary,480,warrior,arms,6,5,1
Vainamóinen,kelthuzad,480,warrior,arms,6,5,1
Gízzmo,tichondrius,480,warrior,arms,6,5,1
Swólepetrol,tichondrius,480,warrior,arms,6,5,1
Geàrbreaker,tichondrius,480,warrior,arms,6,5,1
Noreaga,tichondrius,480,warrior,arms,6,5,1
Xaenne,zuljin,480,warrior,arms,6,5,1
Vanlur,khaz-modan,480,warrior,arms,6,5,1
Fatty,mugthol,480,warrior,arms,6,5,1
Dtitanzz,quelthalas,480,warrior,arms,6,5,1
Millywhopz,thrall,480,warrior,arms,6,5,1
Dukagã,tichondrius,480,warrior,arms,6,5,1
Pigblind,azralon,480,warrior,arms,6,5,1
Noor,tichondrius,480,warrior,arms,6,5,1
Billythunda,tichondrius,480,warrior,arms,6,5,1
Ryü,khaz-modan,480,warrior,arms,6,5,1
Vanexx,tichondrius,480,warrior,arms,6,5,1
Tâlos,magtheridon,480,warrior,arms,6,5,1
Onefourfifty,tichondrius,480,warrior,arms,6,5,1
Hotshótz,kelthuzad,480,warrior,arms,6,5,1
Ousetadoidao,nemesis,480,warrior,arms,6,5,1
Armsupx,tichondrius,480,warrior,arms,6,5,1
Biggesttoees,tichondrius,480,warrior,arms,6,5,1
Orctiddy,emerald-dream,480,warrior,arms,6,5,1
Himurinha,nemesis,480,warrior,arms,6,5,1
Hashwar,area-52,480,warrior,arms,6,5,1
Saladin,gnomeregan,480,warrior,arms,6,5,1
Houk,frostmourne,480,warrior,arms,6,5,1
Juicylumpia,moon-guard,480,warrior,arms,6,5,1
Iskandr,amanthul,480,warrior,arms,6,5,1
Grehk,sargeras,480,warrior,arms,6,5,1
Jenkin,korgath,480,warrior,arms,6,5,1
Rickywarx,illidan,480,warrior,arms,6,5,1
Lexíbelle,korgath,480,warrior,arms,6,5,1
Jarlaix,dragonmaw,480,warrior,arms,6,5,1
Ashrah,emerald-dream,480,warrior,arms,6,5,1
Jackox,sargeras,480,warrior,arms,6,5,1
Domminux,darkspear,480,warrior,arms,6,5,1
Roadglide,korgath,480,warrior,arms,6,5,1
Whittyxc,tichondrius,480,warrior,arms,9,5,4
Huleo,tichondrius,480,warrior,arms,12,5,7
Dillý,area-52,480,warrior,arms,12,5,7
Wcb,sargeras,480,warrior,arms,12,5,7
Thalfor,emerald-dream,480,warrior,arms,12,5,7
Baaltica,ragnaros,480,warrior,arms,12,5,7
Sabers,mannoroth,480,warrior,arms,12,5,7
Ericthegreat,azuremyst,480,warrior,arms,12,5,7
Purrava,tichondrius,480,warrior,arms,12,5,7
Karik,proudmoore,480,warrior,arms,12,5,7
Sylvanos,arthas,480,warrior,arms,12,5,7
Clamjammed,thrall,480,warrior,arms,12,5,7
Durres,tichondrius,480,warrior,arms,12,5,7
Spincycle,khadgar,480,warrior,arms,12,5,7
Felorelea,moon-guard,480,warrior,arms,12,5,7
Toddlovesu,kelthuzad,480,warrior,arms,12,5,7
Rushour,quelthalas,480,warrior,arms,12,5,7
Axellent,gilneas,480,warrior,arms,12,5,7
Ricksanches,shadowmoon,480,warrior,arms,12,5,7
Maniel,greymane,480,warrior,arms,12,5,7
Andrexion,moon-guard,480,warrior,arms,12,5,7
Buffwar,tichondrius,480,warrior,arms,12,5,7
Psilly,sargeras,480,warrior,arms,12,5,7
Sideon,frostmourne,480,warrior,arms,12,5,7
Peters,malfurion,480,warrior,arms,12,5,7
Easylel,stormrage,480,warrior,arms,12,5,7
Kriegsheer,bleeding-hollow,480,warrior,arms,12,5,7
Spredforbred,area-52,480,warrior,arms,12,5,7
Angertooth,tichondrius,480,warrior,arms,12,5,7
Claymation,tichondrius,480,warrior,arms,12,5,7
Takenotez,sargeras,480,warrior,arms,12,5,7
Rezzett,wyrmrest-accord,480,warrior,arms,12,5,7
Rivenz,moon-guard,480,warrior,arms,12,5,7
Monardaid,uldum,480,warrior,arms,12,5,7
Pathelsonsus,stormrage,480,warrior,arms,12,5,7
Warb,aggramar,480,warrior,arms,12,5,7
Gonzwold,drenden,480,warrior,arms,12,5,7
Cheeriozz,thrall,480,warrior,arms,12,5,7
Igoon,dentarg,480,warrior,arms,12,5,7
Haowar,tichondrius,480,warrior,arms,12,5,7
Zewl,barthilas,480,warrior,arms,12,5,7
Shwip,tichondrius,480,warrior,arms,12,5,7
Elíte,kelthuzad,480,warrior,arms,12,5,7
Mirado,tichondrius,480,warrior,arms,12,5,7
Skornnd,malganis,480,warrior,arms,12,5,7
Beerstorm,stormrage,480,warrior,arms,12,5,7
Tepaste,ragnaros,480,warrior,arms,12,5,7
Martydom,proudmoore,480,warrior,arms,12,5,7
Blackwulff,korgath,480,warrior,arms,12,5,7
Kð,zuljin,480,warrior,arms,12,5,7
Wootzu,zuljin,480,warrior,arms,12,5,7
Slamoholic,turalyon,480,warrior,arms,12,5,7
Dynamiite,bleeding-hollow,480,warrior,arms,12,5,7
Targos,frostwolf,480,warrior,arms,12,5,7
Bddg,tichondrius,480,warrior,arms,12,5,7
Cabi,frostmourne,480,warrior,arms,12,5,7
Hatedßyßlízz,area-52,480,warrior,arms,12,5,7
Blakeb,area-52,480,warrior,arms,12,5,7
Loveføx,stormrage,480,warrior,arms,12,5,7
Wargasms,alterac-mountains,480,warrior,arms,12,5,7
Ahkimih,ragnaros,480,warrior,arms,12,5,7
Mantrà,skullcrusher,480,warrior,arms,12,5,7
Samwolok,tichondrius,480,warrior,arms,12,5,7
Gentlehugs,illidan,480,warrior,arms,12,5,7
Unitsven,barthilas,480,warrior,arms,12,5,7
Excalibruh,frostmourne,480,warrior,arms,12,5,7
Dondà,illidan,480,warrior,arms,12,5,7
Notmagnusz,zuljin,480,warrior,arms,12,5,7
Tbagg,area-52,480,warrior,arms,12,5,7
Empyrius,exodar,480,warrior,arms,12,5,7
Lanco,kiljaeden,480,warrior,arms,12,5,7
Schoolbuhs,tichondrius,480,warrior,arms,12,5,7
Deadhate,sargeras,480,warrior,arms,12,5,7
Arcâdio,cairne,480,warrior,arms,12,5,7
Kaikah,aegwynn,480,warrior,arms,12,5,7
Grandtank,veknilash,480,warrior,arms,15,6,9
Peacemake,tichondrius,480,warrior,arms,15,6,9
Mág,burning-legion,480,warrior,arms,13,5,8
Siegfriéd,bleeding-hollow,480,warrior,arms,14,5,9
Tigershárk,tichondrius,480,warrior,arms,16,5,11
Loosz,stormrage,480,warrior,arms,18,5,13
Modzilla,aerie-peak,480,warrior,arms,18,5,13
Imprw,stormrage,480,warrior,arms,18,5,13
Omlas,azralon,480,warrior,arms,18,5,13
Cyllyzie,emerald-dream,480,warrior,arms,18,5,13
Goaco,drakkari,480,warrior,arms,18,5,13
Mahoogler,hakkar,480,warrior,arms,18,5,13
Bruttallis,frostmane,480,warrior,arms,18,5,13
Lorinzer,zuljin,480,warrior,arms,18,5,13
Calto,tichondrius,480,warrior,arms,18,5,13
Odrak,ragnaros,480,warrior,arms,18,5,13
Tsathoggua,kiljaeden,480,warrior,arms,18,5,13
Elsee,drakkari,480,warrior,arms,30,5,25
Rinngo,proudmoore,479,warrior,arms,6,5,1
Carralee,azralon,479,warrior,arms,6,5,1
Tanger,korgath,479,warrior,arms,6,5,1
Tigo,khaz-modan,479,warrior,arms,9,6,3
Arrozkonlech,proudmoore,479,warrior,arms,10,6,4
Sweetdeé,zuljin,479,warrior,arms,12,5,7
Orcbreaker,quelthalas,479,warrior,arms,12,5,7
Azaeil,tanaris,479,warrior,arms,12,5,7
Wondaimon,drakkari,479,warrior,arms,12,5,7
Cueromodel,ragnaros,479,warrior,arms,12,5,7
Dirtyrandy,zuluhed,479,warrior,arms,12,5,7
Vynfull,area-52,479,warrior,arms,12,5,7
Mezi,tichondrius,479,warrior,arms,12,5,7
Borgee,tichondrius,479,warrior,arms,12,5,7
Alderr,frostmourne,479,warrior,arms,12,5,7
Synestira,frostmourne,479,warrior,arms,12,5,7
Loaksz,tichondrius,479,warrior,arms,12,5,7
Lozakuran,tichondrius,479,warrior,arms,12,5,7
Trufsoturi,bleeding-hollow,479,warrior,arms,12,5,7
Qqmachine,tichondrius,479,warrior,arms,12,5,7
Zeldrissx,quelthalas,479,warrior,arms,18,5,13
Helscreem,hyjal,479,warrior,arms,18,5,13
Skumwarr,moon-guard,479,warrior,arms,22,5,17
Fleshtuxedo,stormrage,478,warrior,arms,6,5,1
Otyek,proudmoore,478,warrior,arms,12,5,7
Tmible,ragnaros,477,warrior,arms,6,5,1
Lazyclap,nagrand,477,warrior,arms,18,5,13
Pumpuup,bleeding-hollow,476,warrior,arms,12,5,7
Acanof,azjolnerub,474,warrior,arms,9,6,3
Orkuduro,azralon,474,warrior,arms,18,5,13
Conchalover,illidan,463,warrior,arms,11,5,6
Evoltoad,illidan,463,warrior,arms,17,5,12
Danalle,area-52,448,warrior,arms,10,6,4
Sick,azralon,448,warrior,arms,10,6,4
Gbar,azralon,448,warrior,arms,10,6,4
Notcoverage,tichondrius,447,warrior,arms,11,5,6
Thistleberry,aegwynn,447,warrior,arms,11,5,6
Dontkiteme,frostmourne,447,warrior,arms,17,5,12
Jrodrick,nemesis,432,warrior,arms,9,6,3
Jaminos,frostmourne,432,warrior,arms,9,5,4
Danzohh,dalaran,432,warrior,arms,15,5,10
Llewellenar,stormrage,431,warrior,arms,11,5,6
Gurgak,illidan,431,warrior,arms,11,5,6
Boombasta,shuhalo,426,warrior,arms,15,6,9
Yarocktoo,kelthuzad,415,warrior,arms,8,5,3
Thano,kiljaeden,415,warrior,arms,10,5,5
Edwiddin,frostmourne,415,warrior,arms,14,5,9
Murrdock,nesingwary,414,warrior,arms,8,5,3
Soultarius,area-52,400,warrior,arms,7,5,2
Gushyguts,tichondrius,399,warrior,arms,13,5,8
Hordrek,moon-guard,384,warrior,arms,6,4,2
Bloodbottle,darkspear,384,warrior,arms,6,4,2
Swillzz,illidan,384,warrior,arms,6,4,2
Lisande,sargeras,384,warrior,arms,6,4,2
Fancysin,malganis,384,warrior,arms,6,4,2
Painsoul,illidan,384,warrior,arms,6,4,2
Killaen,thrall,384,warrior,arms,6,4,2
Brøxigár,quelthalas,384,warrior,arms,6,4,2
Sìkarío,illidan,384,warrior,arms,6,4,2
Elbelgon,ragnaros,384,warrior,arms,6,4,2
Dazfury,barthilas,384,warrior,arms,6,4,2
Gamörä,illidan,384,warrior,arms,6,4,2
Oddyseey,moon-guard,384,warrior,arms,6,4,2
Raime,sargeras,384,warrior,arms,6,4,2
Thiccyb,area-52,384,warrior,arms,6,4,2
Donivan,illidan,384,warrior,arms,6,4,2
Itsaustinn,sargeras,384,warrior,arms,6,4,2
Rúz,illidan,384,warrior,arms,6,4,2
Rinima,tichondrius,384,warrior,arms,6,4,2
Zarttorius,quelthalas,384,warrior,arms,6,4,2
Míaguiulfo,ragnaros,384,warrior,arms,6,4,2
Amérus,moon-guard,384,warrior,arms,6,4,2
Boomtacular,moon-guard,384,warrior,arms,6,4,2
Slapywar,illidan,384,warrior,arms,6,4,2
Bajheeraz,sargeras,384,warrior,arms,6,4,2
Kimbö,quelthalas,384,warrior,arms,6,4,2
Blazingguard,stormrage,384,warrior,arms,6,4,2
Wariorwang,tichondrius,384,warrior,arms,6,4,2
Tickej,dragonmaw,384,warrior,arms,6,4,2
Yêawen,tichondrius,384,warrior,arms,6,4,2
Hemkcus,zuluhed,384,warrior,arms,6,4,2
Karrosh,agamaggan,384,warrior,arms,6,4,2
Fazeo,madoran,384,warrior,arms,6,4,2
Hamburgezo,quelthalas,384,warrior,arms,6,4,2
Odalp,tichondrius,384,warrior,arms,6,4,2
Aægekaz,proudmoore,384,warrior,arms,6,4,2
Bottlecaps,shadowmoon,384,warrior,arms,6,4,2
Hèphæstús,sargeras,384,warrior,arms,6,4,2
Slaughtér,tichondrius,384,warrior,arms,6,4,2
Houdinix,stormrage,384,warrior,arms,6,4,2
Varyanguard,quelthalas,384,warrior,arms,6,4,2
Dathalidus,area-52,384,warrior,arms,6,4,2
Toungy,kelthuzad,384,warrior,arms,6,4,2
Relerocker,area-52,384,warrior,arms,6,4,2
Trevmo,bloodscalp,384,warrior,arms,6,4,2
Styiex,ragnaros,384,warrior,arms,6,4,2
Báhamut,area-52,384,warrior,arms,6,4,2
Swordfighter,moon-guard,384,warrior,arms,6,4,2
Pineapplezz,kelthuzad,384,warrior,arms,6,4,2
Izârâk,frostmourne,384,warrior,arms,6,4,2
Ragingboner,aggramar,384,warrior,arms,6,4,2
Silac,drenden,384,warrior,arms,6,4,2
Neon,wildhammer,384,warrior,arms,6,4,2
Gtatewarr,azjolnerub,384,warrior,arms,6,4,2
Traglos,ragnaros,384,warrior,arms,6,4,2
Keffdog,laughing-skull,384,warrior,arms,6,4,2
Sakuraya,tichondrius,384,warrior,arms,6,4,2
Gabv,shadowmoon,384,warrior,arms,6,4,2
Hipower,lethon,384,warrior,arms,6,4,2
Tinyguysmall,eredar,384,warrior,arms,6,4,2
Ziggeraut,cenarion-circle,384,warrior,arms,6,4,2
Hamur,azralon,384,warrior,arms,6,4,2
Fulreck,tichondrius,384,warrior,arms,6,4,2
Appolyonn,hyjal,384,warrior,arms,6,4,2
Tsutsana,lightninghoof,384,warrior,arms,6,4,2
Còlòssal,moknathal,384,warrior,arms,6,4,2
Kamoo,bonechewer,384,warrior,arms,6,4,2
Airhood,frostmourne,384,warrior,arms,6,4,2
Sygurd,drakkari,384,warrior,arms,6,4,2
Jakslasfa,aegwynn,384,warrior,arms,6,4,2
Vâlôr,tichondrius,384,warrior,arms,6,4,2
Whórm,kelthuzad,384,warrior,arms,6,4,2
Dysazter,ravencrest,384,warrior,arms,6,4,2
Diãbel,azralon,384,warrior,arms,6,4,2
Croc,frostmourne,384,warrior,arms,6,4,2
Balakay,drenden,384,warrior,arms,6,4,2
Zleam,area-52,384,warrior,arms,6,4,2
Vodkalol,bleeding-hollow,384,warrior,arms,6,4,2
Bailo,dathremar,384,warrior,arms,6,4,2
Ermeji,ragnaros,384,warrior,arms,6,4,2
Yivicus,sargeras,384,warrior,arms,6,4,2
Bütch,stormrage,384,warrior,arms,6,4,2
Littlegengar,tichondrius,384,warrior,arms,6,4,2
Islik,stormrage,384,warrior,arms,6,4,2
Swaystko,sargeras,384,warrior,arms,6,4,2
Bruisebanner,area-52,384,warrior,arms,6,4,2
Flëët,tichondrius,384,warrior,arms,6,4,2
Gnasty,hyjal,384,warrior,arms,6,4,2
Koalabear,shadow-council,384,warrior,arms,6,4,2
Chrom,illidan,384,warrior,arms,6,4,2
Gáren,quelthalas,384,warrior,arms,6,4,2
Larrythelob,kelthuzad,384,warrior,arms,6,4,2
Bigdumborc,tichondrius,384,warrior,arms,6,4,2
Buntpunt,mannoroth,384,warrior,arms,9,5,4
Greenishfox,illidan,384,warrior,arms,9,5,4
Crackersmack,stormrage,384,warrior,arms,9,5,4
Omnismash,stormrage,384,warrior,arms,8,4,4
Maxprotein,area-52,384,warrior,arms,8,4,4
Ailes,hakkar,384,warrior,arms,11,4,7
Wárriór,tichondrius,384,warrior,arms,12,4,8
Guerra,goldrinn,384,warrior,arms,12,4,8
Sandrine,fizzcrank,384,warrior,arms,12,4,8
Koraciá,illidan,384,warrior,arms,12,4,8
Stoneball,kiljaeden,384,warrior,arms,12,4,8
Totenhammer,nathrezim,384,warrior,arms,12,4,8
Demonsláyer,illidan,384,warrior,arms,12,4,8
Warriormikey,tichondrius,384,warrior,arms,12,4,8
Hunnam,illidan,384,warrior,arms,12,4,8
Misakizs,illidan,384,warrior,arms,12,4,8
Tappyc,tichondrius,384,warrior,arms,12,4,8
Stewwar,wyrmrest-accord,384,warrior,arms,12,4,8
Mindgoblin,bleeding-hollow,384,warrior,arms,12,4,8
Datsongz,proudmoore,384,warrior,arms,12,4,8
Gìraffe,illidan,384,warrior,arms,12,4,8
Izhansheni,illidan,384,warrior,arms,12,4,8
Käggai,khadgar,384,warrior,arms,12,4,8
Gfree,kiljaeden,384,warrior,arms,12,4,8
Snack,stormreaver,384,warrior,arms,12,4,8
Rexxous,hyjal,384,warrior,arms,12,4,8
Palumorw,deathwing,384,warrior,arms,12,4,8
Jaclksparrow,azralon,384,warrior,arms,12,4,8
Joekenshield,stonemaul,384,warrior,arms,12,4,8
Draiken,dalaran,384,warrior,arms,12,4,8
Laokan,illidan,384,warrior,arms,12,4,8
Iargestpp,bleeding-hollow,384,warrior,arms,12,4,8
Mefus,wyrmrest-accord,384,warrior,arms,12,4,8
Renclave,wyrmrest-accord,384,warrior,arms,12,4,8
Jasonsdady,illidan,384,warrior,arms,12,4,8
Licona,wyrmrest-accord,384,warrior,arms,12,4,8
Iridikron,dalaran,384,warrior,arms,12,4,8
Heliza,ragnaros,384,warrior,arms,12,4,8
Furyofrage,dalaran,384,warrior,arms,12,4,8
Rawlur,zuljin,384,warrior,arms,12,4,8
Ronak,vashj,384,warrior,arms,12,4,8
Chadblade,tichondrius,384,warrior,arms,12,4,8
Flexyx,arthas,384,warrior,arms,12,4,8
Icestormray,illidan,384,warrior,arms,12,4,8
Nginx,queldorei,384,warrior,arms,12,4,8
Naelynh,quelthalas,384,warrior,arms,12,4,8
Amaus,queldorei,384,warrior,arms,12,4,8
Durango,duskwood,384,warrior,arms,12,4,8
Grândmâ,zuljin,384,warrior,arms,12,4,8
Barrocops,kiljaeden,384,warrior,arms,12,4,8
Fatherkelso,tichondrius,384,warrior,arms,12,4,8
Koei,illidan,384,warrior,arms,12,4,8
Rocketbom,tichondrius,384,warrior,arms,12,4,8
Dâvo,area-52,384,warrior,arms,12,4,8
Turkin,proudmoore,384,warrior,arms,12,4,8
Tehfury,area-52,384,warrior,arms,12,4,8
Hameey,sargeras,384,warrior,arms,12,4,8
Daymiian,blackrock,384,warrior,arms,12,4,8
Genesisxp,barthilas,384,warrior,arms,12,4,8
Handikap,stormrage,384,warrior,arms,12,4,8
Broodthorne,tichondrius,384,warrior,arms,12,4,8
Zugface,tichondrius,384,warrior,arms,12,4,8
Marsshine,tichondrius,384,warrior,arms,12,4,8
Twoshoutz,stormrage,384,warrior,arms,12,4,8
Lundyswung,silver-hand,384,warrior,arms,12,4,8
Donnacha,garona,384,warrior,arms,12,4,8
Franticlol,tichondrius,384,warrior,arms,12,4,8
Ballsy,fenris,384,warrior,arms,12,4,8
Hârambe,kiljaeden,384,warrior,arms,12,4,8
Gangaa,barthilas,384,warrior,arms,12,4,8
Lui,the-forgotten-coast,384,warrior,arms,12,4,8
Magmaheart,lightbringer,384,warrior,arms,12,4,8
Filth,tichondrius,384,warrior,arms,12,4,8
Visenyä,mannoroth,384,warrior,arms,12,4,8
Kolossux,ragnaros,384,warrior,arms,12,4,8
Còsmico,trollbane,384,warrior,arms,12,4,8
Brownman,saurfang,384,warrior,arms,12,4,8
Grullhamer,ragnaros,384,warrior,arms,12,4,8
Angrybrog,malfurion,384,warrior,arms,12,4,8
Steelfist,grizzly-hills,384,warrior,arms,12,4,8
Ðirtyboy,tichondrius,384,warrior,arms,12,4,8
Montibello,moon-guard,384,warrior,arms,12,4,8
Xunaco,quelthalas,384,warrior,arms,17,4,13
Retiarius,tichondrius,384,warrior,arms,18,4,14
Gladicus,zuljin,384,warrior,arms,18,4,14
Casablancas,azralon,384,warrior,arms,18,4,14
Noppô,tichondrius,384,warrior,arms,18,4,14
Cowsgomerr,tichondrius,384,warrior,arms,18,4,14
Asphyxiating,illidan,384,warrior,arms,18,4,14
Sartin,boulderfist,384,warrior,arms,18,4,14
Riga,tichondrius,383,warrior,arms,6,4,2
Tookbeki,tichondrius,383,warrior,arms,6,4,2
Shìromìzù,eredar,383,warrior,arms,6,4,2
Chisum,gnomeregan,383,warrior,arms,6,4,2
Yeit,tichondrius,383,warrior,arms,6,4,2
Shabus,moon-guard,383,warrior,arms,12,4,8
Bitiatus,scilla,383,warrior,arms,12,4,8
Pandamoanman,moon-guard,383,warrior,arms,12,4,8
Spitbeard,kargath,383,warrior,arms,12,4,8
Kempachii,ragnaros,383,warrior,arms,12,4,8
Christellà,dalaran,383,warrior,arms,18,4,14
Gadderhammer,azgalor,383,warrior,arms,18,4,14
Tsebaoth,quelthalas,382,warrior,arms,12,4,8
Tankadin,dragonmaw,381,warrior,arms,12,4,8
Dingoe,wyrmrest-accord,379,warrior,arms,12,4,8
Såmmÿ,moon-guard,379,warrior,arms,12,4,8
Warsins,bonechewer,367,warrior,arms,17,4,13
Ironwarr,hyjal,366,warrior,arms,11,4,7
Everchosen,proudmoore,352,warrior,arms,10,4,6
Vaetren,area-52,351,warrior,arms,11,4,7
Thøros,moon-guard,351,warrior,arms,11,4,7
Jindyn,boulderfist,349,warrior,arms,10,4,6
Ginormous,rivendare,336,warrior,arms,9,4,5
Caynos,stormrage,335,warrior,arms,11,4,7
Toir,bladefist,335,warrior,arms,11,4,7
Macray,zuljin,330,warrior,arms,18,5,13
Machatlan,stormrage,324,warrior,arms,16,7,9
Lildumptruck,emerald-dream,320,warrior,arms,10,4,6
Berzerc,stormrage,320,warrior,arms,10,4,6
Painstake,illidan,320,warrior,arms,19,5,14
Toetoeto,darrowmere,319,warrior,arms,5,4,1
Cptdrako,alterac-mountains,319,warrior,arms,8,4,4
Rauwers,azralon,319,warrior,arms,8,4,4
Tyférious,tichondrius,319,warrior,arms,14,4,10
Handkerchief,bleeding-hollow,304,warrior,arms,7,4,3
Kleavage,korgath,304,warrior,arms,13,4,9
Vexwar,bleeding-hollow,288,warrior,arms,6,3,3
Glowstick,tichondrius,288,warrior,arms,6,3,3
Jutank,sargeras,288,warrior,arms,6,3,3
Zenmore,illidan,288,warrior,arms,6,3,3
Geubsal,tichondrius,288,warrior,arms,6,3,3
Drakr,ragnaros,288,warrior,arms,6,3,3
Asgaurdius,thunderlord,288,warrior,arms,6,3,3
Ellx,sargeras,288,warrior,arms,6,3,3
Exdilla,zuljin,288,warrior,arms,6,3,3
Dazuu,illidan,288,warrior,arms,6,3,3
Qutuz,illidan,288,warrior,arms,6,3,3
Johnburns,tichondrius,288,warrior,arms,6,3,3
Fivewarrior,tichondrius,288,warrior,arms,6,3,3
Cheekclapps,tichondrius,288,warrior,arms,6,3,3
Cryptex,illidan,288,warrior,arms,6,3,3
Swifty,tichondrius,288,warrior,arms,6,3,3
Cbum,quelthalas,288,warrior,arms,6,3,3
Idarkshakra,illidan,288,warrior,arms,6,3,3
Críxus,sargeras,288,warrior,arms,6,3,3
Warrgodlol,illidan,288,warrior,arms,6,3,3
Kzw,illidan,288,warrior,arms,6,3,3
Az,malorne,288,warrior,arms,6,3,3
Orkussw,illidan,288,warrior,arms,6,3,3
Axeslaps,illidan,288,warrior,arms,6,3,3
Selarila,illidan,288,warrior,arms,6,3,3
Schlosh,laughing-skull,288,warrior,arms,6,3,3
Smashndspin,sargeras,288,warrior,arms,6,3,3
Hanginaround,zuluhed,288,warrior,arms,6,3,3
Tiitlefight,bleeding-hollow,288,warrior,arms,6,3,3
Bingchilly,aegwynn,288,warrior,arms,6,3,3
Biggiesmash,bleeding-hollow,288,warrior,arms,6,3,3
Gläedr,dalaran,288,warrior,arms,6,3,3
Daedrion,dalaran,288,warrior,arms,6,3,3
Helrise,sargeras,288,warrior,arms,6,3,3
Zulataza,zuljin,288,warrior,arms,6,3,3
Bigshett,sargeras,288,warrior,arms,6,3,3
Legbreaker,tichondrius,288,warrior,arms,6,3,3
Papazugs,kelthuzad,288,warrior,arms,6,3,3
Humanlog,illidan,288,warrior,arms,6,3,3
Painremaìns,dunemaul,288,warrior,arms,6,3,3
Rockybâlboa,illidan,288,warrior,arms,6,3,3
Mustachelove,bleeding-hollow,288,warrior,arms,6,3,3
Baye,kargath,288,warrior,arms,6,3,3
Thunderess,illidan,288,warrior,arms,6,3,3
Evôlutiôn,kelthuzad,288,warrior,arms,6,3,3
Uzy,proudmoore,288,warrior,arms,6,3,3
Sambojüjü,stormrage,288,warrior,arms,6,3,3
Tnytank,burning-legion,288,warrior,arms,6,3,3
Jerveen,quelthalas,288,warrior,arms,6,3,3
Hukzula,illidan,288,warrior,arms,6,3,3
Hopefulki,duskwood,288,warrior,arms,6,3,3
Unwarmas,ragnaros,288,warrior,arms,6,3,3
Tread,mugthol,288,warrior,arms,6,3,3
Bornclueless,illidan,288,warrior,arms,6,3,3
Udmwarrior,zuljin,288,warrior,arms,6,3,3
Yawdamper,illidan,288,warrior,arms,6,3,3
Daduké,stormrage,288,warrior,arms,6,3,3
Mortaryon,malganis,288,warrior,arms,6,3,3
Tomatogodx,sargeras,288,warrior,arms,6,3,3
Caalypso,stormrage,288,warrior,arms,6,3,3
Spirìt,illidan,288,warrior,arms,6,3,3
Solembuumm,illidan,288,warrior,arms,6,3,3
Skullsplittr,illidan,288,warrior,arms,6,3,3
Robio,tichondrius,288,warrior,arms,6,3,3
Imperiial,stormrage,288,warrior,arms,6,3,3
Outterspace,illidan,288,warrior,arms,6,3,3
Assmut,stormrage,288,warrior,arms,6,3,3
Husyuzhi,tichondrius,288,warrior,arms,6,3,3
Kokurawr,burning-legion,288,warrior,arms,6,3,3
Pummels,area-52,288,warrior,arms,6,3,3
Magthor,warsong,288,warrior,arms,6,3,3
Zugsok,thrall,288,warrior,arms,6,3,3
Venecus,stormrage,288,warrior,arms,6,3,3
Ei,darrowmere,288,warrior,arms,6,3,3
Êraser,tichondrius,288,warrior,arms,6,3,3
Magnuszx,zuljin,288,warrior,arms,6,3,3
Kàli,kiljaeden,288,warrior,arms,6,3,3
Seymourbot,illidan,288,warrior,arms,6,3,3
Milbën,tichondrius,288,warrior,arms,6,3,3
Kazabare,tichondrius,288,warrior,arms,6,3,3
Tothepain,thrall,288,warrior,arms,6,3,3
Jamajuicedx,thrall,288,warrior,arms,6,3,3
Rockhardt,tichondrius,288,warrior,arms,6,3,3
Iwishiknew,kargath,288,warrior,arms,6,3,3
Demetrïus,moon-guard,288,warrior,arms,6,3,3
Andorane,bleeding-hollow,288,warrior,arms,6,3,3
Rubbers,thrall,288,warrior,arms,6,3,3
Oxia,quelthalas,288,warrior,arms,6,3,3
Nazakeen,tichondrius,288,warrior,arms,6,3,3
Aggor,trollbane,288,warrior,arms,6,3,3
Notawar,stormrage,288,warrior,arms,6,3,3
Erzawälkër,quelthalas,288,warrior,arms,6,3,3
Allmotor,zuljin,288,warrior,arms,6,3,3
Deadlypsycho,moonrunner,288,warrior,arms,6,3,3
Girthstick,eredar,288,warrior,arms,6,3,3
Salveknight,ragnaros,288,warrior,arms,6,3,3
Tharsìs,emerald-dream,288,warrior,arms,6,3,3
Orryn,proudmoore,288,warrior,arms,6,3,3
Ghomory,quelthalas,288,warrior,arms,6,3,3
Buddhahood,tichondrius,288,warrior,arms,6,3,3
Fyle,stormrage,288,warrior,arms,6,3,3
Grapegush,bleeding-hollow,288,warrior,arms,6,3,3
Tokugawaieya,nemesis,288,warrior,arms,6,3,3
Pípe,nemesis,288,warrior,arms,6,3,3
Retrô,uldum,288,warrior,arms,6,3,3
Grognäk,malganis,288,warrior,arms,6,3,3
Nukehazard,bleeding-hollow,288,warrior,arms,6,3,3
Swizzly,tichondrius,288,warrior,arms,6,3,3
Endurefen,sargeras,288,warrior,arms,6,3,3
Potero,ragnaros,288,warrior,arms,6,3,3
Maddorlon,thrall,288,warrior,arms,6,3,3
Madhouse,tanaris,288,warrior,arms,6,3,3
Huffzo,tichondrius,288,warrior,arms,6,3,3
Sneakyhand,draktharon,288,warrior,arms,6,3,3
Chadwarr,tichondrius,288,warrior,arms,6,3,3
Sandycrack,blackrock,288,warrior,arms,6,3,3
Drugdilla,zuljin,288,warrior,arms,6,3,3
Buffalobob,bronzebeard,288,warrior,arms,6,3,3
Zåzriel,tichondrius,288,warrior,arms,6,3,3
Zemi,sargeras,288,warrior,arms,6,3,3
Mavrus,malganis,288,warrior,arms,6,3,3
Execute,kirin-tor,288,warrior,arms,6,3,3
Dre,anubarak,288,warrior,arms,6,3,3
Onebraincell,stormrage,288,warrior,arms,6,3,3
Bachyr,stormrage,288,warrior,arms,6,3,3
Xårren,stormrage,288,warrior,arms,6,3,3
Fakktwo,blackhand,288,warrior,arms,6,3,3
Struka,drakkari,288,warrior,arms,6,3,3
Aztecvil,drakkari,288,warrior,arms,6,3,3
Badboyjan,tichondrius,288,warrior,arms,6,3,3
Robostergler,tichondrius,288,warrior,arms,6,3,3
Faywarsong,area-52,288,warrior,arms,6,3,3
Vinetic,kiljaeden,288,warrior,arms,6,3,3
Puertorc,ragnaros,288,warrior,arms,6,3,3
Tommygunns,area-52,288,warrior,arms,6,3,3
Ålbedo,malganis,288,warrior,arms,6,3,3
Warpenguin,kelthuzad,288,warrior,arms,6,3,3
Sodarzok,thaurissan,288,warrior,arms,6,3,3
Sweetmojito,vashj,288,warrior,arms,6,3,3
Doucherocket,kelthuzad,288,warrior,arms,6,3,3
Matasimio,drakkari,288,warrior,arms,6,3,3
Croton,moon-guard,288,warrior,arms,6,3,3
Kuntahkintah,tichondrius,288,warrior,arms,6,3,3
Bøgz,kelthuzad,288,warrior,arms,6,3,3
Estiria,kelthuzad,288,warrior,arms,6,3,3
Trén,hydraxis,288,warrior,arms,6,3,3
Taürok,azralon,288,warrior,arms,6,3,3
Duglug,malganis,288,warrior,arms,6,3,3
Mikero,terenas,288,warrior,arms,6,3,3
Telynne,frostmourne,288,warrior,arms,6,3,3
Soyu,tichondrius,288,warrior,arms,6,3,3
Biggieswords,madoran,288,warrior,arms,6,3,3
Éten,drakkari,288,warrior,arms,6,3,3
Vikkz,frostmourne,288,warrior,arms,6,3,3
Elessarr,moon-guard,288,warrior,arms,6,3,3
Redrumman,demon-soul,288,warrior,arms,6,3,3
Rendron,frostmourne,288,warrior,arms,6,3,3
Spartanfury,tichondrius,288,warrior,arms,6,3,3
Redneckk,emerald-dream,288,warrior,arms,6,3,3
Kénblock,tichondrius,288,warrior,arms,6,3,3
Aalrua,moon-guard,288,warrior,arms,6,3,3
Ðuffman,jubeithos,288,warrior,arms,6,3,3
Liltotey,frostmourne,288,warrior,arms,6,3,3
Warnuk,lightnings-blade,288,warrior,arms,6,3,3
Supersquish,moon-guard,288,warrior,arms,6,3,3
Hìtchslap,tichondrius,288,warrior,arms,6,3,3
Dublinn,llane,288,warrior,arms,6,3,3
Sauceslinga,frostmourne,288,warrior,arms,6,3,3
Readytoflee,moon-guard,288,warrior,arms,6,3,3
Moonsworn,moon-guard,288,warrior,arms,6,3,3
Slamedi,frostmourne,288,warrior,arms,6,3,3
Davien,tichondrius,288,warrior,arms,6,3,3
Kror,garona,288,warrior,arms,6,3,3
Ragemelon,icecrown,288,warrior,arms,6,3,3
Bigjbs,tichondrius,288,warrior,arms,6,3,3
Faelzerá,azralon,288,warrior,arms,6,3,3
Trackhawk,moon-guard,288,warrior,arms,6,3,3
Kushe,moon-guard,288,warrior,arms,6,3,3
Fregory,moon-guard,288,warrior,arms,6,3,3
Shiromiya,tichondrius,288,warrior,arms,6,3,3
Tinylimbs,frostmourne,288,warrior,arms,6,3,3
Polox,ragnaros,288,warrior,arms,6,3,3
Osselan,moon-guard,288,warrior,arms,6,3,3
Gale,kelthuzad,288,warrior,arms,6,3,3
Kryptïç,moon-guard,288,warrior,arms,6,3,3
Clerond,tichondrius,288,warrior,arms,6,3,3
Joran,dathremar,288,warrior,arms,9,4,5
Ohdang,dark-iron,288,warrior,arms,8,3,5
Shewar,ragnaros,288,warrior,arms,9,3,6
Hunchless,detheroc,288,warrior,arms,10,3,7
Fupatwo,moon-guard,288,warrior,arms,12,3,9
Notoxzy,tichondrius,288,warrior,arms,12,3,9
Brokthard,ragnaros,288,warrior,arms,12,3,9
Scrubzwarr,barthilas,288,warrior,arms,12,3,9
Edmaghar,ragnaros,288,warrior,arms,12,3,9
Morgithia,suramar,288,warrior,arms,12,3,9
Warrbull,spirestone,288,warrior,arms,12,3,9
Gnomas,destromath,288,warrior,arms,12,3,9
Friendnoodle,frostmourne,288,warrior,arms,12,3,9
Kregnar,gundrak,288,warrior,arms,12,3,9
Callad,tichondrius,288,warrior,arms,12,3,9
Flexecute,senjin,288,warrior,arms,12,3,9
Kiillwar,smolderthorn,288,warrior,arms,12,3,9
Jethrix,kelthuzad,288,warrior,arms,12,3,9
Greenmachine,twisting-nether,288,warrior,arms,12,3,9
Xdragonfirex,terenas,288,warrior,arms,12,3,9
Legnar,malganis,288,warrior,arms,12,3,9
Kero,malganis,288,warrior,arms,12,3,9
Minnysota,area-52,288,warrior,arms,12,3,9
Smallraccoon,tichondrius,288,warrior,arms,12,3,9
Odinsglory,mugthol,288,warrior,arms,12,3,9
Pretending,dalaran,288,warrior,arms,12,3,9
Basingsei,area-52,288,warrior,arms,12,3,9
Brütalize,wyrmrest-accord,288,warrior,arms,12,3,9
Kkuzo,bleeding-hollow,288,warrior,arms,12,3,9
Huacai,tichondrius,288,warrior,arms,12,3,9
Gorgan,ragnaros,288,warrior,arms,12,3,9
Nirax,burning-legion,288,warrior,arms,14,3,11
Gorrthrax,area-52,288,warrior,arms,18,3,15
Khallell,illidan,288,warrior,arms,18,3,15
Boardslide,proudmoore,288,warrior,arms,18,3,15
Macbride,blackrock,288,warrior,arms,24,3,21
Saintgeorge,thorium-brotherhood,287,warrior,arms,6,3,3
Tramplehaste,barthilas,287,warrior,arms,6,3,3
Magtharas,dunemaul,287,warrior,arms,6,3,3
Kì,moon-guard,287,warrior,arms,6,3,3
Yomaaln,blackrock,287,warrior,arms,6,3,3
Brutekush,barthilas,287,warrior,arms,12,3,9
Leosax,drakthul,287,warrior,arms,12,3,9
Borgosa,wyrmrest-accord,287,warrior,arms,18,3,15
Raktrazbirt,dalaran,286,warrior,arms,6,3,3
Dazanor,moon-guard,271,warrior,arms,11,3,8
Azindar,gilneas,256,warrior,arms,4,4,0
Thorsën,sargeras,256,warrior,arms,8,4,4
Winjerrywin,frostwolf,255,warrior,arms,4,4,0
Spicywagyu,tichondrius,255,warrior,arms,11,3,8
ßlitzxkreig,tichondrius,239,warrior,arms,5,3,2
Kalphok,tichondrius,239,warrior,arms,5,3,2
Rynrak,tichondrius,239,warrior,arms,5,3,2
Likearock,thrall,239,warrior,arms,5,3,2
Bersérk,area-52,234,warrior,arms,8,5,3
Orz,sargeras,234,warrior,arms,19,4,15
Alzuga,quelthalas,223,warrior,arms,8,3,5
Nayaqt,tichondrius,223,warrior,arms,8,3,5
Benchpress,bleeding-hollow,223,warrior,arms,8,3,5
Sugarpanties,moon-guard,223,warrior,arms,14,3,11
Condemnd,area-52,207,warrior,arms,8,3,5
Itskinggrizz,thrall,192,warrior,arms,4,3,1
Elyn,tichondrius,192,warrior,arms,4,3,1
Ragnarlbrok,goldrinn,192,warrior,arms,4,3,1
Wonderjack,akama,192,warrior,arms,4,3,1
Berru,bleeding-hollow,192,warrior,arms,9,3,6
Cugino,tichondrius,192,warrior,arms,9,3,6
Anabolicjim,frostmourne,192,warrior,arms,6,2,4
Trouz,ragnaros,192,warrior,arms,6,2,4
Jírky,ragnaros,192,warrior,arms,6,2,4
Juggerboo,frostmourne,192,warrior,arms,6,2,4
Èxecutè,area-52,192,warrior,arms,6,2,4
Bennybrock,crushridge,192,warrior,arms,6,2,4
Nogèt,frostmourne,192,warrior,arms,6,2,4
Rekshor,wyrmrest-accord,192,warrior,arms,6,2,4
Agoge,stormrage,192,warrior,arms,6,2,4
Hbbaboy,nagrand,192,warrior,arms,6,2,4
Wl,ragnaros,192,warrior,arms,6,2,4
Befòx,tichondrius,192,warrior,arms,6,2,4
Neltar,nagrand,192,warrior,arms,6,2,4
Soldiër,proudmoore,192,warrior,arms,6,2,4
Corazondleón,ragnaros,192,warrior,arms,6,2,4
Greyknights,kiljaeden,192,warrior,arms,6,2,4
Bigdickgomez,frostmourne,192,warrior,arms,6,2,4
Jäëgër,moon-guard,192,warrior,arms,6,2,4
Mixx,bleeding-hollow,192,warrior,arms,6,2,4
Noblêsix,dalaran,192,warrior,arms,6,2,4
Tsurik,malfurion,192,warrior,arms,6,2,4
Pippysmallz,tichondrius,192,warrior,arms,6,2,4
Orphenkaos,bleeding-hollow,192,warrior,arms,6,2,4
Icebringer,frostmourne,192,warrior,arms,6,2,4
Gátzú,ragnaros,192,warrior,arms,6,2,4
Fùzzy,zuluhed,192,warrior,arms,6,2,4
Bilmuuri,illidan,192,warrior,arms,6,2,4
Iapologiz,illidan,192,warrior,arms,6,2,4
Uprisèn,illidan,192,warrior,arms,6,2,4
Enzoh,zuljin,192,warrior,arms,6,2,4
Ggrone,ragnaros,192,warrior,arms,6,2,4
Endlesskilla,destromath,192,warrior,arms,6,2,4
Rí,moon-guard,192,warrior,arms,6,2,4
Aliminar,zuluhed,192,warrior,arms,6,2,4
Loveliuna,illidan,192,warrior,arms,6,2,4
Deldramor,proudmoore,192,warrior,arms,6,2,4
Bearlornan,frostmourne,192,warrior,arms,6,2,4
Åmowarr,illidan,192,warrior,arms,6,2,4
Nordrages,stormrage,192,warrior,arms,6,2,4
Drashka,ragnaros,192,warrior,arms,6,2,4
Bladebuster,stormrage,192,warrior,arms,6,2,4
Kratøz,tichondrius,192,warrior,arms,6,2,4
Tobiwan,ragnaros,192,warrior,arms,6,2,4
Taigola,aggramar,192,warrior,arms,6,2,4
Kirikash,illidan,192,warrior,arms,6,2,4
Verwischen,zuljin,192,warrior,arms,6,2,4
Playbox,area-52,192,warrior,arms,6,2,4
Flexo,moon-guard,192,warrior,arms,6,2,4
Wakkawar,stormrage,192,warrior,arms,6,2,4
Draenøk,tichondrius,192,warrior,arms,6,2,4
Hellabandz,bleeding-hollow,192,warrior,arms,6,2,4
Skalvi,moon-guard,192,warrior,arms,6,2,4
Aistine,alterac-mountains,192,warrior,arms,6,2,4
Flakesskillz,darkspear,192,warrior,arms,6,2,4
Gigglamesh,muradin,192,warrior,arms,6,2,4
Pép,malganis,192,warrior,arms,6,2,4
Passionjar,bleeding-hollow,192,warrior,arms,6,2,4
Mongofiera,quelthalas,192,warrior,arms,6,2,4
Riggs,stonemaul,192,warrior,arms,6,2,4
Burstful,bleeding-hollow,192,warrior,arms,6,2,4
Brenrainn,thrall,192,warrior,arms,6,2,4
Hugz,thrall,192,warrior,arms,6,2,4
Annubiis,tichondrius,192,warrior,arms,6,2,4
Sosaalmigh,tichondrius,192,warrior,arms,6,2,4
Bondadoso,stormrage,192,warrior,arms,6,2,4
Wolfcultist,moon-guard,192,warrior,arms,6,2,4
Bradic,bladefist,192,warrior,arms,6,2,4
Irondefense,thrall,192,warrior,arms,6,2,4
Hagger,quelthalas,192,warrior,arms,6,2,4
Kimuraa,hyjal,192,warrior,arms,6,2,4
Baloraj,barthilas,192,warrior,arms,6,2,4
Wooglinx,stormrage,192,warrior,arms,6,2,4
Trôca,ragnaros,192,warrior,arms,6,2,4
Ðåddý,stormrage,192,warrior,arms,6,2,4
Drtbag,tichondrius,192,warrior,arms,6,2,4
Valestrike,moon-guard,192,warrior,arms,6,2,4
Rendus,hyjal,192,warrior,arms,6,2,4
Rageslayer,area-52,192,warrior,arms,6,2,4
Uldrath,hyjal,192,warrior,arms,6,2,4
Akaínu,area-52,192,warrior,arms,6,2,4
Chuck,zangarmarsh,192,warrior,arms,6,2,4
Huri,nemesis,192,warrior,arms,6,2,4
Hkbdynamus,black-dragonflight,192,warrior,arms,6,2,4
Elimination,tichondrius,192,warrior,arms,6,2,4
Bbyzugga,kelthuzad,192,warrior,arms,6,2,4
Primørdíal,tichondrius,192,warrior,arms,6,2,4
Aventajadu,ragnaros,192,warrior,arms,6,2,4
Dessindir,quelthalas,192,warrior,arms,6,2,4
Lacorte,ragnaros,192,warrior,arms,6,2,4
Deloum,tichondrius,192,warrior,arms,6,2,4
Shiestyzug,tichondrius,192,warrior,arms,6,2,4
Osannd,tichondrius,192,warrior,arms,6,2,4
Guanabacoa,area-52,192,warrior,arms,6,2,4
Xurug,zuljin,192,warrior,arms,6,2,4
Fabszord,nemesis,192,warrior,arms,6,2,4
Lawyer,quelthalas,192,warrior,arms,6,2,4
Squonks,kelthuzad,192,warrior,arms,6,2,4
Tüssèll,khazgoroth,192,warrior,arms,6,2,4
Danskmand,tichondrius,192,warrior,arms,6,2,4
Cupper,tichondrius,192,warrior,arms,6,2,4
Chura,kiljaeden,192,warrior,arms,6,2,4
Negrolas,nemesis,192,warrior,arms,6,2,4
Ghostkin,ragnaros,192,warrior,arms,6,2,4
Trigon,chromaggus,192,warrior,arms,6,2,4
Mahknut,moon-guard,192,warrior,arms,6,2,4
Superbest,tichondrius,192,warrior,arms,6,2,4
Sypii,malganis,192,warrior,arms,6,2,4
Àyo,frostmourne,192,warrior,arms,6,2,4
Jakelope,proudmoore,192,warrior,arms,6,2,4
Kantorowicz,goldrinn,192,warrior,arms,6,2,4
Scrubwarrior,black-dragonflight,192,warrior,arms,6,2,4
Tallix,smolderthorn,192,warrior,arms,6,2,4
Düde,whisperwind,192,warrior,arms,6,2,4
Trenbopanda,tichondrius,192,warrior,arms,6,2,4
Ronipastrami,kelthuzad,192,warrior,arms,6,2,4
Hamslamm,area-52,192,warrior,arms,6,2,4
Blacksmiff,malganis,192,warrior,arms,6,2,4
Bonetotem,azralon,192,warrior,arms,6,2,4
Helminth,kirin-tor,192,warrior,arms,6,2,4
Dahakawar,malganis,192,warrior,arms,6,2,4
Dalmor,stormrage,192,warrior,arms,6,2,4
Slamzftw,stormreaver,192,warrior,arms,6,2,4
Reignwolf,azralon,192,warrior,arms,6,2,4
Hawaiianko,guldan,192,warrior,arms,6,2,4
Annihilataur,blackhand,192,warrior,arms,6,2,4
Rahgnarson,kelthuzad,192,warrior,arms,6,2,4
Rudakoff,ragnaros,192,warrior,arms,6,2,4
Rekatron,area-52,192,warrior,arms,6,2,4
Lgnasty,area-52,192,warrior,arms,6,2,4
Bogii,area-52,192,warrior,arms,6,2,4
Lazarenthus,stormrage,192,warrior,arms,6,2,4
Eleenoor,drakkari,192,warrior,arms,6,2,4
Kinaed,durotan,192,warrior,arms,6,2,4
Frankal,aegwynn,192,warrior,arms,6,2,4
Wxxz,tichondrius,192,warrior,arms,6,2,4
Maxalyss,stormrage,192,warrior,arms,6,2,4
Ningz,tichondrius,192,warrior,arms,6,2,4
Orcbum,kiljaeden,192,warrior,arms,6,2,4
Esko,tichondrius,192,warrior,arms,6,2,4
Jijiyeya,tichondrius,192,warrior,arms,6,2,4
Lopotron,sargeras,192,warrior,arms,6,2,4
Tâte,sargeras,192,warrior,arms,6,2,4
Relaxnerdlol,antonidas,192,warrior,arms,6,2,4
Flexid,tichondrius,192,warrior,arms,6,2,4
Moosoka,malorne,192,warrior,arms,6,2,4
Berserkchow,sargeras,192,warrior,arms,6,2,4
Airolol,tichondrius,192,warrior,arms,6,2,4
Kostikk,tichondrius,192,warrior,arms,6,2,4
Kamuwarr,azralon,192,warrior,arms,6,2,4
Braxxinn,tichondrius,192,warrior,arms,6,2,4
Iden,vashj,192,warrior,arms,6,2,4
Benjiprice,sargeras,192,warrior,arms,6,2,4
Guroku,tichondrius,192,warrior,arms,6,2,4
Sylvannlee,tichondrius,192,warrior,arms,6,2,4
Donni,kelthuzad,192,warrior,arms,6,2,4
Shrëkslovaki,tichondrius,192,warrior,arms,6,2,4
Shrexecute,tichondrius,192,warrior,arms,6,2,4
Thresdan,emerald-dream,192,warrior,arms,6,2,4
Zerosends,kelthuzad,192,warrior,arms,6,2,4
Deseroth,sargeras,192,warrior,arms,6,2,4
Ogpapabear,stormscale,192,warrior,arms,6,2,4
Zekken,blades-edge,192,warrior,arms,6,2,4
Daechoochoo,frostwolf,192,warrior,arms,6,2,4
Rücküs,tichondrius,192,warrior,arms,6,2,4
Valky,sargeras,192,warrior,arms,6,2,4
Fugmaface,sargeras,192,warrior,arms,6,2,4
Derr,tichondrius,192,warrior,arms,6,2,4
Cyster,proudmoore,192,warrior,arms,6,2,4
Nanaru,tichondrius,192,warrior,arms,6,2,4
Vegr,queldorei,192,warrior,arms,6,2,4
Theragar,kilrogg,192,warrior,arms,6,2,4
Crushingnews,sargeras,192,warrior,arms,6,2,4
Bradockqt,azralon,192,warrior,arms,6,2,4
Hugezs,tichondrius,192,warrior,arms,6,2,4
Pollere,firetree,192,warrior,arms,6,2,4
Wasabiz,tichondrius,192,warrior,arms,6,2,4
Oðín,emerald-dream,192,warrior,arms,6,2,4
Suhwoosh,bleeding-hollow,192,warrior,arms,10,3,7
Hiddensquids,laughing-skull,192,warrior,arms,11,2,9
Rios,jubeithos,192,warrior,arms,12,2,10
Arthurston,tichondrius,192,warrior,arms,12,2,10
Malvadin,stormrage,192,warrior,arms,12,2,10
Abidis,tichondrius,192,warrior,arms,12,2,10
Loktaromoose,frostmourne,192,warrior,arms,12,2,10
Kittybang,quelthalas,192,warrior,arms,12,2,10
Item,nerzhul,192,warrior,arms,12,2,10
Haruq,tichondrius,192,warrior,arms,12,2,10
Toutie,tichondrius,192,warrior,arms,12,2,10
Kurzix,crushridge,192,warrior,arms,12,2,10
Léonwow,tichondrius,192,warrior,arms,12,2,10
Jamil,illidan,192,warrior,arms,12,2,10
Leunitas,shadow-council,192,warrior,arms,12,2,10
Kaimera,echo-isles,192,warrior,arms,12,2,10
Sõnics,tichondrius,192,warrior,arms,12,2,10
Gornal,sargeras,192,warrior,arms,12,2,10
Containerbox,korgath,192,warrior,arms,12,2,10
Warhoofz,malganis,192,warrior,arms,12,2,10
Humminity,quelthalas,192,warrior,arms,14,2,12
Blackkcow,zuljin,191,warrior,arms,6,2,4
Hazell,gundrak,191,warrior,arms,6,2,4
Edrelang,bronzebeard,191,warrior,arms,6,2,4
Krátös,farstriders,191,warrior,arms,6,2,4
Deathhit,barthilas,191,warrior,arms,6,2,4
Krokgoldmane,drakkari,191,warrior,arms,6,2,4
Ybsorc,kelthuzad,160,warrior,arms,10,2,8
Förkz,ragnaros,159,warrior,arms,5,2,3
Swordblood,ragnaros,159,warrior,arms,5,2,3
Nècroxious,hellscream,159,warrior,arms,5,2,3
Kellsbro,hyjal,159,warrior,arms,5,2,3
Ediict,illidan,159,warrior,arms,5,2,3
Brysontiller,frostmourne,159,warrior,arms,5,2,3
Vapyr,moon-guard,159,warrior,arms,5,2,3
Gontore,thrall,159,warrior,arms,5,2,3
Eatscrayons,barthilas,159,warrior,arms,11,2,9
Meadsweats,tichondrius,138,warrior,arms,11,6,5
Strongtall,tichondrius,138,warrior,arms,12,3,9
Scottie,cairne,136,warrior,arms,7,3,4
Clarityw,illidan,128,warrior,arms,4,2,2
Nosors,kelthuzad,128,warrior,arms,4,2,2
Eatmyblade,wyrmrest-accord,128,warrior,arms,10,2,8
Syradar,ragnaros,112,warrior,arms,7,2,5
Berserko,gurubashi,112,warrior,arms,7,2,5
Ryuulion,proudmoore,96,warrior,arms,3,2,1
Rimz,sargeras,96,warrior,arms,3,2,1
Azyxia,emerald-dream,96,warrior,arms,3,2,1
Battosaì,bonechewer,96,warrior,arms,3,2,1
Kevs,sargeras,96,warrior,arms,3,2,1
Ragemane,illidan,96,warrior,arms,3,2,1
Eihn,quelthalas,96,warrior,arms,15,3,12
Khâi,tichondrius,96,warrior,arms,6,1,5
Tfd,tichondrius,96,warrior,arms,6,1,5
Boypartz,onyxia,96,warrior,arms,6,1,5
Kanekhy,ragnaros,96,warrior,arms,6,1,5
Fréäkk,ragnaros,96,warrior,arms,6,1,5
Kevinersaa,frostmourne,96,warrior,arms,6,1,5
Wolurog,emerald-dream,96,warrior,arms,6,1,5
Striphex,trollbane,96,warrior,arms,6,1,5
Däger,ragnaros,96,warrior,arms,6,1,5
Atomicboxer,tichondrius,96,warrior,arms,6,1,5
Betsisword,stormrage,96,warrior,arms,6,1,5
Kåyotix,proudmoore,96,warrior,arms,6,1,5
Zørg,bleeding-hollow,96,warrior,arms,6,1,5
Soymong,frostmourne,96,warrior,arms,6,1,5
Grosjambes,turalyon,96,warrior,arms,6,1,5
Flabergaster,skullcrusher,96,warrior,arms,6,1,5
Uub,malganis,96,warrior,arms,6,1,5
Rollz,amanthul,96,warrior,arms,6,1,5
Warrmachine,scarlet-crusade,96,warrior,arms,6,1,5
Erwin,kiljaeden,96,warrior,arms,6,1,5
Faintswar,stormrage,96,warrior,arms,6,1,5
Beenbag,aerie-peak,96,warrior,arms,6,1,5
Skärz,azshara,96,warrior,arms,6,1,5
Porori,proudmoore,96,warrior,arms,6,1,5
Beatstickz,malganis,96,warrior,arms,6,1,5
Killimanjaro,aggramar,96,warrior,arms,6,1,5
Deathislovê,moonrunner,96,warrior,arms,6,1,5
Dogmar,moon-guard,96,warrior,arms,6,1,5
Hergo,spirestone,96,warrior,arms,6,1,5
Maxtavius,baelgun,96,warrior,arms,6,1,5
Adav,arthas,96,warrior,arms,6,1,5
Blitzkrieegz,drakkari,96,warrior,arms,6,1,5
Kluster,kelthuzad,96,warrior,arms,6,1,5
Facekilla,nordrassil,96,warrior,arms,6,1,5
Noktyn,haomarush,96,warrior,arms,6,1,5
Jazz,frostwolf,96,warrior,arms,6,1,5
Gromhell,azralon,96,warrior,arms,6,1,5
Shagstrike,azralon,96,warrior,arms,6,1,5
Gizzmo,bonechewer,96,warrior,arms,6,1,5
Zépileque,azralon,96,warrior,arms,6,1,5
Klobnslob,mannoroth,96,warrior,arms,6,1,5
Neotico,quelthalas,96,warrior,arms,6,1,5
Tangö,barthilas,96,warrior,arms,6,1,5
Codey,stormrage,96,warrior,arms,6,1,5
Wienertoes,tichondrius,96,warrior,arms,6,1,5
Silverdeadl,ragnaros,96,warrior,arms,6,1,5
Wmuuzh,quelthalas,96,warrior,arms,6,1,5
Bhuppzz,barthilas,96,warrior,arms,6,1,5
Droggo,cenarius,96,warrior,arms,6,1,5
Arantxa,destromath,96,warrior,arms,6,1,5
Meytuglin,stormrage,96,warrior,arms,6,1,5
Dámöuse,stormrage,96,warrior,arms,6,1,5
Wartrué,tichondrius,96,warrior,arms,6,1,5
Immortal,icecrown,96,warrior,arms,6,1,5
Vhagaar,emerald-dream,96,warrior,arms,6,1,5
Augutra,moon-guard,96,warrior,arms,6,1,5
Dokoba,bleeding-hollow,96,warrior,arms,6,1,5
Eightballerz,barthilas,96,warrior,arms,6,1,5
Amberlym,ragnaros,96,warrior,arms,6,1,5
Colnar,stormrage,96,warrior,arms,6,1,5
Draxxarlol,zuljin,96,warrior,arms,6,1,5
Bootysmelly,mannoroth,96,warrior,arms,6,1,5
Weechubber,bleeding-hollow,96,warrior,arms,6,1,5
Goywarr,illidan,96,warrior,arms,6,1,5
Erhue,sargeras,96,warrior,arms,6,1,5
Durseyturm,area-52,96,warrior,arms,6,1,5
Aidenwr,area-52,96,warrior,arms,6,1,5
Berawar,tichondrius,96,warrior,arms,6,1,5
Jimhoffa,bonechewer,96,warrior,arms,6,1,5
Fayttful,area-52,96,warrior,arms,6,1,5
Ghostierip,illidan,96,warrior,arms,6,1,5
Ohhgeekush,proudmoore,96,warrior,arms,6,1,5
Gordurin,akama,96,warrior,arms,6,1,5
Draann,kirin-tor,96,warrior,arms,6,1,5
Roxesc,area-52,96,warrior,arms,6,1,5
Flexxinpapi,exodar,96,warrior,arms,6,1,5
Doriax,sentinels,96,warrior,arms,6,1,5
Kargan,thrall,96,warrior,arms,6,1,5
Alvitr,kelthuzad,96,warrior,arms,6,1,5
Kintownhero,aegwynn,96,warrior,arms,6,1,5
Xeno,steamwheedle-cartel,96,warrior,arms,6,1,5
Beastro,rexxar,96,warrior,arms,6,1,5
Regax,thrall,96,warrior,arms,6,1,5
Cindabotica,sargeras,96,warrior,arms,6,1,5
Sneeze,kul-tiras,96,warrior,arms,6,1,5
Bigwarrior,stonemaul,96,warrior,arms,6,1,5
Mauler,medivh,96,warrior,arms,6,1,5
Xalë,tichondrius,96,warrior,arms,6,1,5
Paralyzed,malganis,96,warrior,arms,6,1,5
Raokao,senjin,96,warrior,arms,6,1,5
Heyzulnut,whisperwind,96,warrior,arms,6,1,5
Aymadommy,illidan,96,warrior,arms,6,1,5
Pachacutec,area-52,96,warrior,arms,6,1,5
Smoogzz,tichondrius,96,warrior,arms,6,1,5
Bootstraps,hyjal,96,warrior,arms,6,1,5
Hadrum,turalyon,96,warrior,arms,6,1,5
Notacop,malygos,96,warrior,arms,6,1,5
Berzerk,dentarg,96,warrior,arms,6,1,5
Darkromel,quelthalas,96,warrior,arms,6,1,5
Slamspam,the-underbog,96,warrior,arms,7,1,6
Falkur,amanthul,96,warrior,arms,12,1,11
Drdalidou,zuljin,96,warrior,arms,12,1,11
Dicedup,stormrage,96,warrior,arms,12,1,11
Ragnarloðbró,tichondrius,96,warrior,arms,12,1,11
Akunaswar,dalaran,96,warrior,arms,12,1,11
Georgedubya,illidan,96,warrior,arms,12,1,11
Odyssey,vashj,96,warrior,arms,12,1,11
Cartou,stormscale,96,warrior,arms,12,1,11
Bushwook,emerald-dream,96,warrior,arms,12,1,11
Integrâl,tichondrius,96,warrior,arms,12,1,11
Roxon,hellscream,79,warrior,arms,5,1,4
Psykd,arathor,79,warrior,arms,5,1,4
Loomine,illidan,79,warrior,arms,5,1,4
Rokmok,frostmane,79,warrior,arms,5,1,4
Savagetko,illidan,79,warrior,arms,5,1,4
Møønnlight,quelthalas,79,warrior,arms,5,1,4
Keringan,stormrage,79,warrior,arms,5,1,4
Naindejardin,sargeras,79,warrior,arms,5,1,4
Garrossh,thunderhorn,64,warrior,arms,4,1,3
Haveya,ghostlands,48,warrior,arms,3,1,2
Warriorba,tichondrius,48,warrior,arms,3,1,2
Thewarrior,tichondrius,48,warrior,arms,3,1,2
Rumka,draktharon,42,warrior,arms,6,2,4
Zulgadark,ragnaros,42,warrior,arms,8,2,6
Goofyahwok,doomhammer,42,warrior,arms,9,2,7
Billy,area-52,31,warrior,arms,2,1,1
Bruze,hellscream,31,warrior,arms,2,1,1
Armada,sargeras,31,warrior,arms,2,1,1
Zachw,stormrage,16,warrior,arms,1,1,0
Shwutty,stormrage,16,warrior,arms,1,1,0
Psyrush,area-52,16,warrior,arms,7,1,6
Americanbull,moon-guard,1455,warrior,protection,62,34,28
Graventhal,tichondrius,1192,warrior,protection,47,22,25
Appolyonn,hyjal,855,warrior,protection,30,12,18
Thororan,whisperwind,845,warrior,protection,27,10,17
Logan,twisting-nether,727,warrior,protection,26,9,17
Mileigh,kelthuzad,668,warrior,protection,24,7,17
Stophitingme,bloodscalp,469,warrior,protection,18,5,13
Ksubîî,frostmourne,448,warrior,protection,16,5,11
Percaderp,barthilas,384,warrior,protection,6,4,2
Dabdaddyy,dawnbringer,384,warrior,protection,6,4,2
Kidkolby,moon-guard,384,warrior,protection,12,4,8
Toothnnailz,destromath,284,warrior,protection,12,3,9
Executespam,madoran,192,warrior,protection,6,2,4
Littlefatman,terokkar,192,warrior,protection,12,2,10
Varith,sargeras,96,warrior,protection,12,1,11
Jindyn,boulderfist,95,warrior,protection,6,1,5
