name,realm,rating,cls,spec,play,win,lose
Rahbekius,kazzak,1519,deathknight,blood,225,103,122
Bloodzin,frostwhisper,1515,deathknight,blood,60,28,32
Эваер,blackscar,1506,deathknight,blood,60,29,31
Hoggster,kazzak,1416,deathknight,blood,81,31,50
Maylined,antonidas,1284,deathknight,blood,54,23,31
Horrorda,defias-brotherhood,1236,deathknight,blood,56,29,27
Nîghtmáre,ravencrest,1124,deathknight,blood,47,24,23
Wickedgray,outland,954,deathknight,blood,30,10,20
Ducados,forscherliga,952,deathknight,blood,24,12,12
Minoporc,archimonde,858,deathknight,blood,63,24,39
Rahbekies,kazzak,781,deathknight,blood,19,9,10
Goochtickler,kazzak,767,deathknight,blood,18,8,10
Schiva,eredar,745,deathknight,blood,35,12,23
Rakia,defias-brotherhood,687,deathknight,blood,30,8,22
Helixnc,silvermoon,576,deathknight,blood,18,6,12
Smalldk,silvermoon,574,deathknight,blood,18,6,12
Оосака,gordunni,573,deathknight,blood,24,6,18
Pechugona,zuljin,566,deathknight,blood,36,6,30
Hjertesalat,ravencrest,502,deathknight,blood,14,6,8
Downtoclown,argent-dawn,480,deathknight,blood,12,5,7
Schwuischädl,eredar,479,deathknight,blood,12,5,7
Zdan,sylvanas,476,deathknight,blood,12,5,7
Oxcidium,archimonde,473,deathknight,blood,18,5,13
Akamechân,frostmourne,382,deathknight,blood,6,4,2
Airok,proudmoore,381,deathknight,blood,12,4,8
Hellcrosser,blackrock,381,deathknight,blood,12,4,8
Naxmet,dun-modr,381,deathknight,blood,30,4,26
Pinkish,argent-dawn,379,deathknight,blood,12,4,8
Барагган,thermaplugg,288,deathknight,blood,6,3,3
Кмамехочу,howling-fjord,288,deathknight,blood,18,3,15
Buklow,argent-dawn,287,deathknight,blood,9,3,6
Dromadeus,sylvanas,286,deathknight,blood,12,3,9
Ciørkîng,archimonde,192,deathknight,blood,6,2,4
Calculated,spinebreaker,192,deathknight,blood,6,2,4
Cyphîllyth,auchindoun,192,deathknight,blood,6,2,4
Fixmybones,frostmane,96,deathknight,blood,6,1,5
Dreodis,der-mithrilorden,96,deathknight,blood,6,1,5
Livanto,ahnqiraj,96,deathknight,blood,6,1,5
Drruiel,twisting-nether,96,deathknight,blood,6,1,5
Maradk,drakthul,96,deathknight,blood,6,1,5
Geraltbg,twisting-nether,96,deathknight,blood,6,1,5
Ilopango,blackmoore,96,deathknight,blood,6,1,5
Страхолит,soulflayer,2160,deathknight,unholy,224,113,111
Кромгона,soulflayer,2154,deathknight,unholy,178,109,69
Хайвейтухэлл,soulflayer,2153,deathknight,unholy,108,56,52
Нишимба,soulflayer,2136,deathknight,unholy,222,112,110
Lilshiet,stormreaver,2121,deathknight,unholy,102,51,51
Bóby,ravencrest,2039,deathknight,unholy,396,194,202
Aryash,silvermoon,2035,deathknight,unholy,90,46,44
Murky,kazzak,2014,deathknight,unholy,322,161,161
Elite,xavius,2012,deathknight,unholy,253,130,123
Bíllÿ,kazzak,2003,deathknight,unholy,104,56,48
Валькейн,blackscar,1997,deathknight,unholy,72,38,34
Conqueròr,tarren-mill,1994,deathknight,unholy,243,116,127
Leónid,kazzak,1962,deathknight,unholy,72,36,36
Дайтоолгоун,gordunni,1937,deathknight,unholy,113,56,57
Enzy,drakthul,1936,deathknight,unholy,53,30,23
Zd,ghostlands,1933,deathknight,unholy,106,50,56
Worlviuz,argent-dawn,1932,deathknight,unholy,153,77,76
Smallbaboon,stormreaver,1926,deathknight,unholy,72,33,39
Bøby,kul-tiras,1917,deathknight,unholy,60,31,29
Кромгон,soulflayer,1917,deathknight,unholy,127,64,63
Fxckingmad,ravencrest,1913,deathknight,unholy,96,50,46
Shadowdeathj,kazzak,1913,deathknight,unholy,54,27,27
Ðavy,silvermoon,1910,deathknight,unholy,72,36,36
Zdi,tarren-mill,1905,deathknight,unholy,81,40,41
Annabolik,ravencrest,1901,deathknight,unholy,47,25,22
Bedstemoor,ravencrest,1899,deathknight,unholy,144,72,72
Storhøf,sanguino,1897,deathknight,unholy,120,64,56
Azüla,ysondre,1892,deathknight,unholy,72,33,39
Frege,tarren-mill,1891,deathknight,unholy,120,63,57
Шайбовёрт,gordunni,1884,deathknight,unholy,130,66,64
Yazga,blackmoore,1883,deathknight,unholy,71,32,39
Râke,teldrassil,1881,deathknight,unholy,78,34,44
Likewise,twisting-nether,1878,deathknight,unholy,132,63,69
Akaliz,die-aldor,1876,deathknight,unholy,66,35,31
Ipanic,argent-dawn,1875,deathknight,unholy,228,120,108
Eyyoo,blackmoore,1875,deathknight,unholy,70,35,35
Necrølyte,sylvanas,1874,deathknight,unholy,120,64,56
Hotcherryx,dun-modr,1871,deathknight,unholy,255,126,129
Narali,argent-dawn,1859,deathknight,unholy,72,34,38
Марактус,gordunni,1858,deathknight,unholy,90,55,35
Fabricius,blackrock,1847,deathknight,unholy,66,36,30
Bephomet,onyxia,1847,deathknight,unholy,141,66,75
Shanariel,khaz-modan,1846,deathknight,unholy,186,104,82
Vallenhal,twisting-nether,1846,deathknight,unholy,60,27,33
Cässius,dun-modr,1846,deathknight,unholy,54,23,31
Меланндрис,gordunni,1845,deathknight,unholy,60,44,16
Zerachy,blackmoore,1844,deathknight,unholy,42,28,14
Лордпафос,blackscar,1844,deathknight,unholy,66,37,29
Øtherànóther,stormscale,1843,deathknight,unholy,54,30,24
Ezlyy,ravencrest,1843,deathknight,unholy,114,60,54
Nómòre,ravencrest,1839,deathknight,unholy,60,30,30
Leomordf,doomhammer,1837,deathknight,unholy,280,151,129
Happsor,eredar,1837,deathknight,unholy,95,47,48
Mockingbirdo,sanguino,1836,deathknight,unholy,36,24,12
Fennro,ysondre,1836,deathknight,unholy,300,147,153
Аронас,blackscar,1833,deathknight,unholy,83,42,41
Butthurtx,stormscale,1831,deathknight,unholy,52,31,21
Péterpain,antonidas,1829,deathknight,unholy,108,54,54
Namzera,draenor,1827,deathknight,unholy,114,70,44
Рыжаяпедаль,soulflayer,1826,deathknight,unholy,60,36,24
Undeadcell,ravencrest,1826,deathknight,unholy,60,34,26
Oj,darkspear,1825,deathknight,unholy,211,112,99
Zokko,blackrock,1820,deathknight,unholy,59,31,28
Cealdris,blackmoore,1819,deathknight,unholy,30,20,10
Обледенение,gordunni,1819,deathknight,unholy,36,19,17
Bigdickdk,ragnaros,1819,deathknight,unholy,58,27,31
Lutcher,hellfire,1818,deathknight,unholy,36,20,16
Charlytango,archimonde,1818,deathknight,unholy,60,29,31
Ampdk,ravencrest,1817,deathknight,unholy,72,41,31
Väkü,silvermoon,1816,deathknight,unholy,63,34,29
Necrofear,grim-batol,1816,deathknight,unholy,126,62,64
Thezftw,kazzak,1815,deathknight,unholy,123,62,61
Catloaf,silvermoon,1815,deathknight,unholy,48,21,27
Змейняша,soulflayer,1814,deathknight,unholy,121,62,59
Holîx,kazzak,1814,deathknight,unholy,95,43,52
Andreàs,silvermoon,1813,deathknight,unholy,60,30,30
Брексиен,gordunni,1813,deathknight,unholy,54,20,34
Amyntasz,twisting-nether,1812,deathknight,unholy,54,23,31
Sélyne,dalaran,1811,deathknight,unholy,60,27,33
Unhóly,tarren-mill,1810,deathknight,unholy,127,72,55
Аоепупс,gordunni,1809,deathknight,unholy,57,28,29
Allmawt,argent-dawn,1808,deathknight,unholy,89,51,38
Вирко,eversong,1806,deathknight,unholy,232,123,109
Èvíl,stormscale,1805,deathknight,unholy,54,28,26
Køley,draenor,1804,deathknight,unholy,53,30,23
Ronsôn,terrordar,1803,deathknight,unholy,66,36,30
Icegrin,silvermoon,1803,deathknight,unholy,150,81,69
Dk,tarren-mill,1802,deathknight,unholy,102,46,56
Бургер,soulflayer,1802,deathknight,unholy,78,33,45
Dräpârn,sylvanas,1801,deathknight,unholy,111,64,47
Exoflake,kazzak,1801,deathknight,unholy,64,36,28
Maylined,blackrock,1801,deathknight,unholy,48,19,29
Кромгак,soulflayer,1800,deathknight,unholy,86,46,40
Grepetta,argent-dawn,1800,deathknight,unholy,243,121,122
Sanlex,twisting-nether,1800,deathknight,unholy,139,67,72
Quizon,tarren-mill,1800,deathknight,unholy,114,54,60
Gladiadk,ysondre,1797,deathknight,unholy,95,40,55
Verminosis,stormscale,1791,deathknight,unholy,78,31,47
Jesûsx,ravencrest,1787,deathknight,unholy,130,69,61
Rankor,grim-batol,1786,deathknight,unholy,78,41,37
Amnésyx,ysondre,1785,deathknight,unholy,70,33,37
Дайтоолгоун,deathguard,1783,deathknight,unholy,69,38,31
Zdlol,ghostlands,1783,deathknight,unholy,90,46,44
Nazgül,drakthul,1781,deathknight,unholy,157,88,69
Darkertimes,ragnaros,1780,deathknight,unholy,345,172,173
Олинфия,soulflayer,1780,deathknight,unholy,66,31,35
Дэхон,gordunni,1777,deathknight,unholy,85,45,40
Oscman,silvermoon,1777,deathknight,unholy,129,67,62
Mirídiuss,silvermoon,1769,deathknight,unholy,70,36,34
Oweiowei,blackrock,1767,deathknight,unholy,54,32,22
Акамахи,ashenvale,1767,deathknight,unholy,101,54,47
Тхиро,gordunni,1764,deathknight,unholy,113,49,64
Argonat,silvermoon,1759,deathknight,unholy,192,103,89
Wôrgenator,kazzak,1758,deathknight,unholy,54,21,33
Фростинг,gordunni,1757,deathknight,unholy,42,23,19
Некросморк,soulflayer,1755,deathknight,unholy,52,31,21
Рамкар,howling-fjord,1755,deathknight,unholy,98,46,52
Synthwave,tarren-mill,1751,deathknight,unholy,147,73,74
Sendurd,ragnaros,1744,deathknight,unholy,119,53,66
Deathmonsta,auchindoun,1741,deathknight,unholy,128,61,67
Азуэла,gordunni,1738,deathknight,unholy,48,35,13
Slade,blackrock,1734,deathknight,unholy,60,23,37
Mammacitaa,argent-dawn,1733,deathknight,unholy,71,41,30
Rahbekius,kazzak,1731,deathknight,unholy,60,24,36
Elyth,kazzak,1730,deathknight,unholy,123,65,58
Apacstanya,ragnaros,1728,deathknight,unholy,108,48,60
Elliipirelli,doomhammer,1726,deathknight,unholy,82,48,34
Ктунец,blackscar,1726,deathknight,unholy,66,34,32
Nèrfx,ragnaros,1725,deathknight,unholy,90,45,45
Motvinden,stormscale,1724,deathknight,unholy,100,54,46
Zagoôo,outland,1723,deathknight,unholy,60,25,35
Vexxed,magtheridon,1722,deathknight,unholy,141,81,60
Vakü,burning-legion,1721,deathknight,unholy,684,331,353
Merekx,emerald-dream,1720,deathknight,unholy,60,32,28
Inâste,thrall,1719,deathknight,unholy,48,26,22
Ashgôrath,defias-brotherhood,1719,deathknight,unholy,50,22,28
Кулькулегал,ashenvale,1717,deathknight,unholy,66,34,32
Geraltbg,twisting-nether,1716,deathknight,unholy,48,22,26
Адэлина,soulflayer,1715,deathknight,unholy,67,39,28
Sangíus,blackmoore,1715,deathknight,unholy,461,227,234
Garrinchá,stormscale,1715,deathknight,unholy,54,25,29
Koranderx,argent-dawn,1713,deathknight,unholy,30,18,12
Шадоудез,gordunni,1713,deathknight,unholy,40,21,19
Inflex,silvermoon,1713,deathknight,unholy,141,68,73
Вовчан,howling-fjord,1712,deathknight,unholy,180,86,94
Ayra,nethersturm,1709,deathknight,unholy,75,42,33
Ràiven,blackmoore,1701,deathknight,unholy,65,31,34
Évìl,stormscale,1700,deathknight,unholy,45,24,21
Sprangers,ravencrest,1699,deathknight,unholy,36,18,18
Tharassian,chamber-of-aspects,1699,deathknight,unholy,78,38,40
Enzÿ,drakthul,1698,deathknight,unholy,54,29,25
Darkknights,archimonde,1698,deathknight,unholy,109,58,51
Zff,hyjal,1697,deathknight,unholy,100,62,38
Aeneriah,tarren-mill,1697,deathknight,unholy,133,74,59
Альдафьод,howling-fjord,1696,deathknight,unholy,30,19,11
Эриданс,gordunni,1696,deathknight,unholy,142,79,63
Crenshawx,twisting-nether,1696,deathknight,unholy,231,112,119
Tenzøftw,archimonde,1695,deathknight,unholy,90,48,42
Fraeya,sunstrider,1695,deathknight,unholy,213,107,106
Wombo,dentarg,1692,deathknight,unholy,113,59,54
Гронташ,howling-fjord,1692,deathknight,unholy,159,82,77
Vainajala,die-aldor,1691,deathknight,unholy,77,46,31
Arizon,drakthul,1691,deathknight,unholy,98,40,58
Necrotic,blackrock,1690,deathknight,unholy,53,30,23
Deathlog,silvermoon,1690,deathknight,unholy,138,71,67
Itreachesout,ravencrest,1690,deathknight,unholy,191,93,98
Impey,kazzak,1689,deathknight,unholy,30,18,12
Reidemorte,minahonda,1689,deathknight,unholy,140,81,59
Sang,deathwing,1687,deathknight,unholy,125,63,62
Garasu,eredar,1684,deathknight,unholy,83,34,49
Ûñhølýðéåthj,tarren-mill,1683,deathknight,unholy,59,28,31
Qtxi,nozdormu,1682,deathknight,unholy,357,188,169
ßankoedno,stormscale,1681,deathknight,unholy,120,62,58
Stely,alonsus,1678,deathknight,unholy,36,21,15
Yusehz,kazzak,1677,deathknight,unholy,69,32,37
Lovroo,silvermoon,1677,deathknight,unholy,93,43,50
Sanuky,blackrock,1677,deathknight,unholy,42,18,24
Vatø,tarren-mill,1676,deathknight,unholy,60,27,33
Doozz,draenor,1675,deathknight,unholy,193,87,106
Dämos,blackmoore,1673,deathknight,unholy,75,36,39
Ghostreign,tarren-mill,1673,deathknight,unholy,125,59,66
Oßitø,ravencrest,1671,deathknight,unholy,73,42,31
Femilista,dun-modr,1671,deathknight,unholy,42,23,19
Krisigaped,blackhand,1669,deathknight,unholy,42,21,21
Judin,kazzak,1668,deathknight,unholy,48,25,23
Sugarcakedk,blackrock,1667,deathknight,unholy,113,57,56
Sakiko,thrall,1667,deathknight,unholy,54,26,28
Zugzugdecay,kazzak,1665,deathknight,unholy,42,23,19
Xawias,ulduar,1665,deathknight,unholy,66,35,31
Lurkkiss,ravencrest,1664,deathknight,unholy,66,30,36
Blazeberg,blackrock,1661,deathknight,unholy,70,39,31
Deathgrab,twisting-nether,1661,deathknight,unholy,142,70,72
Смердонос,grom,1660,deathknight,unholy,283,154,129
Олинф,deathguard,1658,deathknight,unholy,98,44,54
Yandeäth,chants-éternels,1657,deathknight,unholy,318,163,155
Seal,lightnings-blade,1657,deathknight,unholy,50,25,25
Raizhen,ragnaros,1656,deathknight,unholy,48,24,24
Средозавр,howling-fjord,1655,deathknight,unholy,48,31,17
Сантамо,soulflayer,1655,deathknight,unholy,152,77,75
Heyä,ysondre,1655,deathknight,unholy,54,25,29
Dasvidania,ragnaros,1651,deathknight,unholy,30,18,12
Тыпидо,howling-fjord,1650,deathknight,unholy,72,41,31
Panorboy,tarren-mill,1650,deathknight,unholy,54,23,31
Reann,argent-dawn,1649,deathknight,unholy,55,31,24
Glower,burning-blade,1648,deathknight,unholy,35,19,16
Triffdich,blackrock,1648,deathknight,unholy,172,86,86
Aifam,twisting-nether,1648,deathknight,unholy,246,120,126
Кидер,blackscar,1647,deathknight,unholy,53,29,24
Zoree,draenor,1647,deathknight,unholy,233,124,109
Неондк,eversong,1646,deathknight,unholy,224,107,117
Руин,blackscar,1645,deathknight,unholy,142,77,65
Skulm,twisting-nether,1645,deathknight,unholy,72,30,42
Alessia,alonsus,1644,deathknight,unholy,66,34,32
Raziee,twisting-nether,1644,deathknight,unholy,102,51,51
Leanâdle,hyjal,1644,deathknight,unholy,134,66,68
Vezthel,stormscale,1643,deathknight,unholy,48,24,24
Дарргг,ashenvale,1642,deathknight,unholy,64,35,29
Alti,blackmoore,1641,deathknight,unholy,136,72,64
Økah,outland,1641,deathknight,unholy,72,32,40
Ghaloob,draenor,1640,deathknight,unholy,78,39,39
Nasxsy,blackmoore,1640,deathknight,unholy,72,36,36
Spom,elune,1639,deathknight,unholy,48,21,27
Çruél,silvermoon,1638,deathknight,unholy,48,21,27
Leyir,shendralar,1637,deathknight,unholy,42,27,15
Ecormcpz,eredar,1637,deathknight,unholy,42,21,21
Smörj,aggramar,1637,deathknight,unholy,112,53,59
Дрогдош,howling-fjord,1633,deathknight,unholy,48,29,19
Olriklol,dentarg,1632,deathknight,unholy,35,21,14
Rabbijacob,ysondre,1631,deathknight,unholy,135,64,71
Deathvid,ravencrest,1630,deathknight,unholy,114,62,52
Uvros,bloodhoof,1630,deathknight,unholy,48,23,25
Castlevanía,ravencrest,1629,deathknight,unholy,165,83,82
Моровой,blackscar,1629,deathknight,unholy,100,48,52
Radan,stormscale,1629,deathknight,unholy,36,17,19
Лапочки,gordunni,1628,deathknight,unholy,84,49,35
Herumor,nerzhul,1627,deathknight,unholy,60,32,28
Dejkå,silvermoon,1627,deathknight,unholy,66,30,36
Aladonreith,zenedar,1626,deathknight,unholy,52,23,29
Deadlyorca,tarren-mill,1625,deathknight,unholy,42,18,24
Лордэскорт,gordunni,1624,deathknight,unholy,144,64,80
Puzikovatr,tarren-mill,1624,deathknight,unholy,42,17,25
Senkingodx,ravencrest,1624,deathknight,unholy,90,33,57
Сгеатог,gordunni,1623,deathknight,unholy,36,17,19
Drachnor,kazzak,1623,deathknight,unholy,65,30,35
Armanelo,stormscale,1623,deathknight,unholy,48,22,26
Ghoulish,outland,1622,deathknight,unholy,191,94,97
Apacsom,ragnaros,1621,deathknight,unholy,30,17,13
Quetza,twisting-nether,1621,deathknight,unholy,36,17,19
Giandam,draenor,1621,deathknight,unholy,76,31,45
Ipanicfart,argent-dawn,1619,deathknight,unholy,36,17,19
Abomination,emeriss,1618,deathknight,unholy,274,131,143
Xenfos,tarren-mill,1618,deathknight,unholy,54,23,31
Baltersa,blackhand,1618,deathknight,unholy,60,25,35
Rottenpete,grim-batol,1617,deathknight,unholy,36,20,16
Pandahapci,ragnaros,1617,deathknight,unholy,54,23,31
Maxto,outland,1617,deathknight,unholy,48,20,28
Apoikia,argent-dawn,1616,deathknight,unholy,90,47,43
Verminosis,argent-dawn,1615,deathknight,unholy,39,22,17
Джонаджеймсн,soulflayer,1614,deathknight,unholy,154,77,77
Taylorswiftz,tarren-mill,1614,deathknight,unholy,36,17,19
Линфео,galakrond,1614,deathknight,unholy,54,22,32
Lichbørn,ragnaros,1613,deathknight,unholy,132,65,67
Pellizquitas,sanguino,1612,deathknight,unholy,30,17,13
Unholyspîrît,outland,1612,deathknight,unholy,36,20,16
Cayliadk,tarren-mill,1612,deathknight,unholy,170,91,79
Vidofnir,argent-dawn,1612,deathknight,unholy,60,31,29
Ðaserka,blackrock,1611,deathknight,unholy,39,19,20
Инлакеш,howling-fjord,1611,deathknight,unholy,57,25,32
Stinglelz,chogall,1610,deathknight,unholy,30,19,11
Deathcaller,dun-modr,1609,deathknight,unholy,56,29,27
Apoikos,argent-dawn,1609,deathknight,unholy,78,40,38
Cheethdoom,ragnaros,1609,deathknight,unholy,59,30,29
Spøøk,defias-brotherhood,1606,deathknight,unholy,54,26,28
Вондум,howling-fjord,1606,deathknight,unholy,42,18,24
Orktra,stormscale,1604,deathknight,unholy,48,25,23
Derfitt,sanguino,1604,deathknight,unholy,125,63,62
Khalifamia,alonsus,1604,deathknight,unholy,66,32,34
Gøretterog,ysondre,1603,deathknight,unholy,30,18,12
Sølîta,archimonde,1603,deathknight,unholy,89,47,42
Trialist,dun-modr,1602,deathknight,unholy,54,30,24
Bloodraynee,twisting-nether,1602,deathknight,unholy,114,58,56
Nurekindk,argent-dawn,1602,deathknight,unholy,179,89,90
Маххес,howling-fjord,1601,deathknight,unholy,101,48,53
Aceléss,drakthul,1600,deathknight,unholy,42,20,22
Hellguy,draenor,1599,deathknight,unholy,347,168,179
Apatheia,stormscale,1595,deathknight,unholy,62,30,32
Deathcaller,zuljin,1594,deathknight,unholy,71,35,36
Ahilus,bladefist,1593,deathknight,unholy,85,43,42
Мионеелол,goldrinn,1593,deathknight,unholy,54,22,32
Karisteur,azuremyst,1592,deathknight,unholy,48,21,27
Äyrenn,draenor,1591,deathknight,unholy,95,50,45
Кокосоус,gordunni,1591,deathknight,unholy,89,41,48
Анзорини,gordunni,1591,deathknight,unholy,54,20,34
Goùlag,culte-de-la-rive-noire,1588,deathknight,unholy,128,58,70
Branchë,stormscale,1587,deathknight,unholy,182,91,91
Kwc,kazzak,1586,deathknight,unholy,117,54,63
Faznik,twisting-nether,1585,deathknight,unholy,218,106,112
Greymarker,kirin-tor,1583,deathknight,unholy,115,63,52
Dklékata,archimonde,1583,deathknight,unholy,93,47,46
Jäätynyt,zenedar,1582,deathknight,unholy,522,257,265
Bredox,ravencrest,1582,deathknight,unholy,63,27,36
Halez,antonidas,1581,deathknight,unholy,198,101,97
Yagoora,silvermoon,1581,deathknight,unholy,88,35,53
Linuzbunny,zenedar,1580,deathknight,unholy,30,18,12
Skórm,burning-legion,1580,deathknight,unholy,36,17,19
Neorteriona,argent-dawn,1578,deathknight,unholy,123,73,50
Jiodythyy,archimonde,1578,deathknight,unholy,66,28,38
Drogba,burning-blade,1575,deathknight,unholy,42,22,20
Jollíe,tarren-mill,1574,deathknight,unholy,89,49,40
Mercdk,ravencrest,1574,deathknight,unholy,84,37,47
Нарилуне,blackscar,1572,deathknight,unholy,480,244,236
Слендер,howling-fjord,1572,deathknight,unholy,119,57,62
Inudworf,outland,1571,deathknight,unholy,81,41,40
Zektal,thrall,1571,deathknight,unholy,139,62,77
Zariia,twisting-nether,1566,deathknight,unholy,144,79,65
Аркёт,howling-fjord,1566,deathknight,unholy,125,59,66
Изуалу,blackscar,1565,deathknight,unholy,42,19,23
Utyr,ragnaros,1563,deathknight,unholy,167,86,81
Körthazz,hyjal,1563,deathknight,unholy,55,27,28
Руариди,gordunni,1562,deathknight,unholy,42,23,19
Промештейн,gordunni,1562,deathknight,unholy,129,64,65
Shabiri,twisting-nether,1560,deathknight,unholy,145,81,64
Feministi,stormreaver,1560,deathknight,unholy,150,72,78
Goreshovel,stormscale,1559,deathknight,unholy,90,50,40
Шуршаня,blackscar,1559,deathknight,unholy,81,34,47
Prekliatylad,burning-blade,1556,deathknight,unholy,71,31,40
Dzemoo,drakthul,1555,deathknight,unholy,77,41,36
Хассандра,galakrond,1554,deathknight,unholy,117,58,59
Hokdk,voljin,1552,deathknight,unholy,93,38,55
Aleejha,draenor,1551,deathknight,unholy,70,39,31
Yamisukehiro,drakthul,1551,deathknight,unholy,60,28,32
Ластофас,gordunni,1551,deathknight,unholy,138,64,74
Emphendk,twisting-nether,1550,deathknight,unholy,120,55,65
Blízna,kazzak,1549,deathknight,unholy,162,81,81
Gushik,twisting-nether,1548,deathknight,unholy,65,36,29
Gargalon,drakthul,1547,deathknight,unholy,102,52,50
Turboface,kazzak,1546,deathknight,unholy,60,34,26
Knoxhult,kazzak,1546,deathknight,unholy,42,19,23
Rûnâr,proudmoore,1545,deathknight,unholy,39,25,14
Dekayo,blackrock,1544,deathknight,unholy,50,27,23
Элекна,deepholm,1541,deathknight,unholy,48,24,24
Creatar,kazzak,1538,deathknight,unholy,69,36,33
Nødder,ragnaros,1537,deathknight,unholy,132,70,62
Дерайв,gordunni,1536,deathknight,unholy,138,68,70
Abcdk,sargeras,1535,deathknight,unholy,56,31,25
Спавни,blackscar,1535,deathknight,unholy,183,90,93
Форнителли,howling-fjord,1532,deathknight,unholy,102,47,55
Necrotickiss,frostwolf,1531,deathknight,unholy,32,18,14
Хорссэ,soulflayer,1529,deathknight,unholy,73,39,34
Lockhead,stormscale,1529,deathknight,unholy,205,104,101
Söttguetsi,blackrock,1528,deathknight,unholy,47,25,22
Exanex,ragnaros,1527,deathknight,unholy,42,24,18
Pawcio,argent-dawn,1527,deathknight,unholy,135,74,61
Алсидис,gordunni,1527,deathknight,unholy,72,29,43
Babsyknight,wildhammer,1526,deathknight,unholy,208,100,108
Полонит,gordunni,1523,deathknight,unholy,82,41,41
Gharzhul,xavius,1523,deathknight,unholy,44,22,22
Протосеня,soulflayer,1523,deathknight,unholy,126,61,65
Deadroses,tarren-mill,1522,deathknight,unholy,114,68,46
Моорта,soulflayer,1522,deathknight,unholy,390,200,190
Арцевус,gordunni,1522,deathknight,unholy,145,74,71
Dörfl,antonidas,1521,deathknight,unholy,87,42,45
Gripbroblem,nemesis,1521,deathknight,unholy,42,16,26
Woddey,blackrock,1520,deathknight,unholy,72,39,33
Leonis,arthas,1520,deathknight,unholy,30,16,14
Slawtér,arathor,1520,deathknight,unholy,42,21,21
Misazabanshi,blackrock,1519,deathknight,unholy,108,59,49
Yousaindk,blackrock,1519,deathknight,unholy,60,29,31
Reapocalypse,blackhand,1518,deathknight,unholy,285,143,142
Hólix,kazzak,1517,deathknight,unholy,24,16,8
Ахелекус,blackscar,1517,deathknight,unholy,88,45,43
Торедх,howling-fjord,1516,deathknight,unholy,66,27,39
Ðiesel,stormscale,1514,deathknight,unholy,165,76,89
Ехтрим,howling-fjord,1512,deathknight,unholy,65,30,35
Manego,eredar,1511,deathknight,unholy,30,18,12
Bokrak,norgannon,1511,deathknight,unholy,153,85,68
Teljujad,sanguino,1511,deathknight,unholy,115,59,56
Hawkthuglife,dun-modr,1511,deathknight,unholy,125,62,63
Катаринья,howling-fjord,1511,deathknight,unholy,53,24,29
Grendul,blackmoore,1510,deathknight,unholy,60,26,34
Erodevil,kazzak,1509,deathknight,unholy,81,37,44
Lastprophet,drakthul,1509,deathknight,unholy,52,20,32
Anathela,dalaran,1508,deathknight,unholy,85,40,45
Трибунальщик,gordunni,1508,deathknight,unholy,60,27,33
Larrydk,tarren-mill,1506,deathknight,unholy,30,16,14
Barnalord,dentarg,1506,deathknight,unholy,54,27,27
Тумм,howling-fjord,1506,deathknight,unholy,36,17,19
Агереро,howling-fjord,1505,deathknight,unholy,88,46,42
Juliean,blackmoore,1505,deathknight,unholy,72,34,38
Rebeast,blackhand,1505,deathknight,unholy,36,16,20
Salezians,drakthul,1503,deathknight,unholy,107,59,48
Lavonobatas,kazzak,1503,deathknight,unholy,60,30,30
Винерас,soulflayer,1503,deathknight,unholy,72,32,40
Numnuts,alakir,1502,deathknight,unholy,36,21,15
Deathcam,emerald-dream,1502,deathknight,unholy,95,45,50
Nysaia,blackmoore,1502,deathknight,unholy,78,34,44
Unchaindk,outland,1500,deathknight,unholy,136,68,68
Bertonilo,burning-legion,1500,deathknight,unholy,84,39,45
Thánátós,hyjal,1499,deathknight,unholy,60,27,33
Serelis,argent-dawn,1497,deathknight,unholy,60,27,33
Mávé,tarren-mill,1495,deathknight,unholy,69,32,37
Katatönias,archimonde,1494,deathknight,unholy,58,27,31
Rimewraith,argent-dawn,1493,deathknight,unholy,62,31,31
Енваки,gordunni,1493,deathknight,unholy,60,29,31
Recoil,blackrock,1490,deathknight,unholy,26,17,9
Gegham,ravencrest,1490,deathknight,unholy,52,29,23
Metalmanethé,tarren-mill,1489,deathknight,unholy,284,140,144
Rizzlerdk,blackhand,1489,deathknight,unholy,114,49,65
Sxyd,silvermoon,1489,deathknight,unholy,102,41,61
Кланки,soulflayer,1488,deathknight,unholy,106,52,54
Nuadar,outland,1488,deathknight,unholy,42,16,26
Анихиме,howling-fjord,1487,deathknight,unholy,98,51,47
Кадавров,gordunni,1486,deathknight,unholy,140,76,64
Segrim,drakthul,1486,deathknight,unholy,125,65,60
Majlus,outland,1486,deathknight,unholy,56,27,29
Riceeater,kazzak,1483,deathknight,unholy,59,29,30
Дкшрёдингера,gordunni,1481,deathknight,unholy,126,63,63
Nommad,archimonde,1481,deathknight,unholy,173,81,92
Frags,arathor,1480,deathknight,unholy,97,47,50
Calina,frostwolf,1480,deathknight,unholy,72,26,46
Leipä,scarshield-legion,1478,deathknight,unholy,42,19,23
Rektsohard,ravencrest,1477,deathknight,unholy,96,49,47
Darhma,archimonde,1477,deathknight,unholy,92,40,52
Вирзерагна,howling-fjord,1476,deathknight,unholy,126,71,55
Ezlar,silvermoon,1476,deathknight,unholy,61,34,27
Ilius,kelthuzad,1474,deathknight,unholy,105,54,51
Polimeh,draenor,1473,deathknight,unholy,84,45,39
Maradk,drakthul,1473,deathknight,unholy,213,108,105
Walkeni,defias-brotherhood,1473,deathknight,unholy,122,60,62
Сивкабурка,fordragon,1473,deathknight,unholy,48,22,26
Ультерис,deathguard,1468,deathknight,unholy,24,17,7
Шинратенсеи,howling-fjord,1468,deathknight,unholy,65,37,28
Arxelas,sylvanas,1467,deathknight,unholy,115,60,55
Moko,defias-brotherhood,1467,deathknight,unholy,54,25,29
Zóur,rajaxx,1466,deathknight,unholy,119,66,53
Kérmít,tarren-mill,1465,deathknight,unholy,160,88,72
Ârtjom,aegwynn,1465,deathknight,unholy,58,30,28
Thanatus,aggra-português,1465,deathknight,unholy,48,23,25
Xênôrr,archimonde,1464,deathknight,unholy,66,36,30
Gûuts,archimonde,1463,deathknight,unholy,313,164,149
Nauser,kazzak,1463,deathknight,unholy,83,41,42
Емтвоюкиску,soulflayer,1462,deathknight,unholy,52,24,28
Zeghor,ragnaros,1462,deathknight,unholy,114,51,63
Turkknight,outland,1462,deathknight,unholy,36,16,20
Zandruq,twisting-nether,1461,deathknight,unholy,177,93,84
Bärdk,forscherliga,1461,deathknight,unholy,95,47,48
Veçh,turalyon,1460,deathknight,unholy,155,73,82
Шифычдк,howling-fjord,1460,deathknight,unholy,60,27,33
Axram,ravencrest,1459,deathknight,unholy,78,38,40
Nospets,kazzak,1459,deathknight,unholy,54,25,29
Frostplague,aegwynn,1459,deathknight,unholy,54,24,30
Глэмнутый,howling-fjord,1459,deathknight,unholy,60,25,35
Ardros,eredar,1458,deathknight,unholy,102,49,53
Gethunts,drakthul,1457,deathknight,unholy,42,25,17
Deusmort,ravencrest,1457,deathknight,unholy,66,26,40
Hêalz,ungoro,1456,deathknight,unholy,114,60,54
Вурдулакх,gordunni,1456,deathknight,unholy,168,81,87
Athanatøs,archimonde,1456,deathknight,unholy,116,50,66
Hordak,stormscale,1455,deathknight,unholy,45,16,29
Ceranto,frostwolf,1453,deathknight,unholy,77,46,31
Petardodupy,burning-legion,1453,deathknight,unholy,72,38,34
Gødofredo,dun-modr,1452,deathknight,unholy,108,57,51
Kebabpizza,argent-dawn,1452,deathknight,unholy,85,42,43
Skèltòn,rexxar,1451,deathknight,unholy,73,47,26
Megdeath,silvermoon,1451,deathknight,unholy,138,65,73
Dharniman,sylvanas,1450,deathknight,unholy,52,23,29
Sathmayla,silvermoon,1448,deathknight,unholy,53,32,21
Xado,frostwolf,1448,deathknight,unholy,120,65,55
Лекъса,gordunni,1448,deathknight,unholy,259,129,130
Arkaris,blackmoore,1447,deathknight,unholy,32,21,11
Сванхильда,grom,1447,deathknight,unholy,190,91,99
Demrior,hellfire,1447,deathknight,unholy,66,27,39
Fuzzyofc,draenor,1446,deathknight,unholy,102,42,60
Âlîce,culte-de-la-rive-noire,1445,deathknight,unholy,66,40,26
Борнтудай,borean-tundra,1445,deathknight,unholy,48,17,31
Quantumshift,ravencrest,1444,deathknight,unholy,36,23,13
Unholy,ragnaros,1444,deathknight,unholy,38,20,18
Sîck,bladefist,1444,deathknight,unholy,78,29,49
Израф,fordragon,1441,deathknight,unholy,44,17,27
Metalist,ravencrest,1440,deathknight,unholy,101,51,50
Sorostew,twisting-nether,1439,deathknight,unholy,56,29,27
Morinosei,twisting-nether,1438,deathknight,unholy,125,69,56
Drãka,twisting-nether,1438,deathknight,unholy,78,43,35
Huekun,draenor,1438,deathknight,unholy,74,36,38
Notsyndra,nemesis,1437,deathknight,unholy,49,25,24
Капустас,gordunni,1437,deathknight,unholy,108,50,58
Nîghtmáre,ravencrest,1437,deathknight,unholy,60,27,33
Galayn,burning-legion,1436,deathknight,unholy,56,23,33
Demonicaltar,dalaran,1436,deathknight,unholy,42,16,26
Касуляпвнз,gordunni,1435,deathknight,unholy,54,26,28
Freakabiceps,draenor,1435,deathknight,unholy,78,35,43
Mîîkkaa,blackhand,1435,deathknight,unholy,42,15,27
Дедхо,soulflayer,1434,deathknight,unholy,62,28,34
Таможникс,soulflayer,1433,deathknight,unholy,65,36,29
Chrispbacøn,ragnaros,1433,deathknight,unholy,40,19,21
Fixmybones,frostmane,1433,deathknight,unholy,60,27,33
Кристер,lich-king,1433,deathknight,unholy,36,16,20
Darknemesis,nemesis,1432,deathknight,unholy,44,18,26
Reezeer,stormscale,1431,deathknight,unholy,35,17,18
Lorvetis,malorne,1431,deathknight,unholy,54,26,28
Fýhr,silvermoon,1430,deathknight,unholy,66,34,32
Wtfisthisdmg,blackmoore,1430,deathknight,unholy,54,26,28
Шмуркич,gordunni,1430,deathknight,unholy,59,27,32
Bigblackgrip,hyjal,1430,deathknight,unholy,36,15,21
Рэндрей,gordunni,1427,deathknight,unholy,51,27,24
Grubbins,kul-tiras,1427,deathknight,unholy,55,29,26
Фалькра,soulflayer,1427,deathknight,unholy,30,15,15
Барагган,thermaplugg,1427,deathknight,unholy,114,55,59
Шейзо,soulflayer,1424,deathknight,unholy,39,22,17
Draforce,quelthalas,1424,deathknight,unholy,75,42,33
Exoduss,dunemaul,1424,deathknight,unholy,103,50,53
Ganessha,sanguino,1423,deathknight,unholy,97,49,48
Мёрдерфэйсх,soulflayer,1423,deathknight,unholy,217,108,109
Judythegreat,silvermoon,1422,deathknight,unholy,83,39,44
Späwn,ysondre,1422,deathknight,unholy,64,24,40
Xirra,tarren-mill,1421,deathknight,unholy,79,40,39
Discochoppa,blackmoore,1421,deathknight,unholy,36,15,21
Ohsevèn,ravencrest,1419,deathknight,unholy,71,38,33
Анкара,ashenvale,1419,deathknight,unholy,83,41,42
Logoz,dun-modr,1418,deathknight,unholy,36,18,18
Ínví,aegwynn,1418,deathknight,unholy,96,47,49
Apolyio,outland,1418,deathknight,unholy,128,56,72
Wallenschøld,kazzak,1418,deathknight,unholy,36,15,21
Mìa,kragjin,1417,deathknight,unholy,85,39,46
Аирфрост,howling-fjord,1416,deathknight,unholy,54,25,29
Arxelas,stormscale,1416,deathknight,unholy,72,30,42
Wolfyy,antonidas,1415,deathknight,unholy,78,36,42
Ridire,saurfang,1414,deathknight,unholy,65,35,30
Estoico,ragnaros,1414,deathknight,unholy,89,44,45
Бреч,gordunni,1413,deathknight,unholy,59,23,36
Скизм,howling-fjord,1413,deathknight,unholy,42,15,27
Сенкрул,gordunni,1412,deathknight,unholy,78,50,28
Dkbladet,ravencrest,1411,deathknight,unholy,132,68,64
Gorruk,malorne,1410,deathknight,unholy,104,51,53
Terren,ravencrest,1409,deathknight,unholy,52,29,23
Ðeadghøul,silvermoon,1409,deathknight,unholy,42,20,22
Micaiah,dun-modr,1408,deathknight,unholy,36,15,21
Manovar,archimonde,1407,deathknight,unholy,239,113,126
Assgripper,hyjal,1406,deathknight,unholy,42,26,16
Holaroris,drakthul,1405,deathknight,unholy,42,23,19
Sorcc,burning-legion,1405,deathknight,unholy,144,70,74
Unglück,die-aldor,1405,deathknight,unholy,68,32,36
Томиганн,grom,1401,deathknight,unholy,102,52,50
Дядьдим,soulflayer,1401,deathknight,unholy,51,24,27
Deathlïght,nemesis,1400,deathknight,unholy,101,53,48
Zracul,nordrassil,1399,deathknight,unholy,141,74,67
Fosswire,stormscale,1399,deathknight,unholy,36,18,18
Dunkàn,silvermoon,1398,deathknight,unholy,88,55,33
Calhoun,teldrassil,1398,deathknight,unholy,35,15,20
Cleverb,silvermoon,1397,deathknight,unholy,57,26,31
Балаар,galakrond,1395,deathknight,unholy,60,27,33
Kekebas,twisting-nether,1394,deathknight,unholy,96,54,42
Thecurator,ragnaros,1393,deathknight,unholy,105,47,58
Bonethugg,burning-legion,1393,deathknight,unholy,48,21,27
Анфалагон,gordunni,1392,deathknight,unholy,114,56,58
Anaralien,ravencrest,1391,deathknight,unholy,143,65,78
Blorin,sylvanas,1391,deathknight,unholy,91,41,50
Civilredevil,ravencrest,1391,deathknight,unholy,42,18,24
Dzwiadke,burning-legion,1390,deathknight,unholy,152,71,81
Варделон,gordunni,1388,deathknight,unholy,36,23,13
Ithis,zuljin,1386,deathknight,unholy,239,115,124
Juicyjayho,stormscale,1385,deathknight,unholy,48,20,28
Десхоб,soulflayer,1385,deathknight,unholy,175,71,104
Akelæ,draenor,1383,deathknight,unholy,130,68,62
Epoch,azjolnerub,1383,deathknight,unholy,115,52,63
Gaurk,aggra-português,1382,deathknight,unholy,66,36,30
Tobtób,antonidas,1381,deathknight,unholy,48,17,31
Gengàr,tarren-mill,1379,deathknight,unholy,30,15,15
Raust,xavius,1378,deathknight,unholy,110,46,64
Ecoya,blackrock,1376,deathknight,unholy,53,24,29
Ullefuz,silvermoon,1375,deathknight,unholy,77,39,38
Fizzdk,pozzo-delleternità,1375,deathknight,unholy,60,28,32
Puppétmastér,kazzak,1374,deathknight,unholy,96,47,49
Flawstmourne,kazzak,1374,deathknight,unholy,35,15,20
Sveinnhran,kazzak,1373,deathknight,unholy,249,123,126
Sevatar,zuljin,1372,deathknight,unholy,24,16,8
Veyrøn,kazzak,1372,deathknight,unholy,84,45,39
Bloodbane,burning-blade,1371,deathknight,unholy,72,32,40
Ziuziu,twisting-nether,1371,deathknight,unholy,48,15,33
Roaredrick,draenor,1370,deathknight,unholy,109,52,57
Venexia,kazzak,1369,deathknight,unholy,54,26,28
Tyvra,blackhand,1369,deathknight,unholy,47,17,30
Alroc,blackrock,1369,deathknight,unholy,42,15,27
Empiu,blackhand,1368,deathknight,unholy,60,34,26
Wintersir,tarren-mill,1366,deathknight,unholy,53,28,25
Pavkata,outland,1364,deathknight,unholy,206,99,107
Persefal,nemesis,1363,deathknight,unholy,85,39,46
Lilyxtulle,tarren-mill,1362,deathknight,unholy,274,140,134
Nellath,kazzak,1362,deathknight,unholy,119,49,70
Eddrich,aegwynn,1361,deathknight,unholy,48,23,25
Bloodkatana,drakthul,1359,deathknight,unholy,66,27,39
Grezak,defias-brotherhood,1358,deathknight,unholy,30,15,15
Мурмадонище,soulflayer,1356,deathknight,unholy,50,29,21
Dorkmoal,blackmoore,1355,deathknight,unholy,114,55,59
Unholycard,argent-dawn,1353,deathknight,unholy,78,39,39
Nekote,silvermoon,1350,deathknight,unholy,33,17,16
Skøurge,silvermoon,1349,deathknight,unholy,236,117,119
Fishtruction,tarren-mill,1344,deathknight,unholy,318,165,153
Mamanica,sanguino,1344,deathknight,unholy,48,23,25
Jalapeñofan,tarren-mill,1344,deathknight,unholy,81,38,43
Julezer,malganis,1342,deathknight,unholy,30,14,16
Хейткрю,howling-fjord,1342,deathknight,unholy,48,21,27
Кромгондк,soulflayer,1342,deathknight,unholy,42,14,28
Бешенсство,soulflayer,1341,deathknight,unholy,24,14,10
Darkeron,dun-modr,1339,deathknight,unholy,30,17,13
Lothqgar,burning-legion,1338,deathknight,unholy,80,38,42
Züg,draenor,1336,deathknight,unholy,120,56,64
Goblinslayer,zuljin,1336,deathknight,unholy,54,23,31
Aesthaetik,draenor,1332,deathknight,unholy,28,16,12
Arthrex,twisting-nether,1332,deathknight,unholy,54,29,25
Mawdrym,twisting-nether,1332,deathknight,unholy,35,15,20
Ymirzo,outland,1331,deathknight,unholy,24,14,10
Scotty,ravencrest,1330,deathknight,unholy,30,14,16
Jöndas,drakthul,1329,deathknight,unholy,54,28,26
Ahlat,blackmoore,1328,deathknight,unholy,107,63,44
Sonofalích,aerie-peak,1328,deathknight,unholy,73,37,36
Zarad,scarshield-legion,1328,deathknight,unholy,64,30,34
Планус,booty-bay,1327,deathknight,unholy,39,24,15
Mayaya,malganis,1326,deathknight,unholy,34,18,16
Sictir,stormscale,1326,deathknight,unholy,288,141,147
Flinsen,blackmoore,1325,deathknight,unholy,140,77,63
Plagueknight,ravencrest,1322,deathknight,unholy,60,24,36
Demonium,twisting-nether,1321,deathknight,unholy,39,15,24
Teflonphobos,stormreaver,1320,deathknight,unholy,18,14,4
Msvine,kazzak,1320,deathknight,unholy,136,72,64
Bloodykushin,burning-legion,1320,deathknight,unholy,42,22,20
Booneuh,kazzak,1319,deathknight,unholy,54,26,28
Zegaan,kazzak,1319,deathknight,unholy,126,59,67
Drayvinn,twisting-nether,1319,deathknight,unholy,60,25,35
Darkhallow,thrall,1318,deathknight,unholy,142,76,66
Jujudk,tarren-mill,1317,deathknight,unholy,207,100,107
Prænklý,blackrock,1316,deathknight,unholy,60,28,32
Bitdead,doomhammer,1315,deathknight,unholy,54,31,23
Detrah,argent-dawn,1315,deathknight,unholy,52,27,25
Fineral,argent-dawn,1314,deathknight,unholy,68,33,35
Deadkilla,stormreaver,1314,deathknight,unholy,30,14,16
Mennal,the-maelstrom,1311,deathknight,unholy,30,16,14
Homunculas,twisting-nether,1311,deathknight,unholy,29,14,15
Scareanger,argent-dawn,1309,deathknight,unholy,47,26,21
Vrez,argent-dawn,1309,deathknight,unholy,36,14,22
Riannoc,argent-dawn,1308,deathknight,unholy,30,17,13
Tölp,ravencrest,1302,deathknight,unholy,102,50,52
Алкеокол,soulflayer,1301,deathknight,unholy,33,15,18
Defeated,thrall,1300,deathknight,unholy,177,84,93
Syncros,blackrock,1300,deathknight,unholy,42,19,23
Mojodango,outland,1299,deathknight,unholy,26,15,11
Крикед,soulflayer,1297,deathknight,unholy,102,55,47
Negzul,blackmoore,1297,deathknight,unholy,85,41,44
Дэбон,howling-fjord,1297,deathknight,unholy,156,74,82
Beherith,sunstrider,1296,deathknight,unholy,35,22,13
Plagueherald,ravencrest,1296,deathknight,unholy,30,14,16
Izanagii,exodar,1296,deathknight,unholy,36,16,20
Астартэс,deathguard,1295,deathknight,unholy,59,29,30
Зибак,soulflayer,1295,deathknight,unholy,75,35,40
Энвилион,howling-fjord,1295,deathknight,unholy,108,47,61
Kazildark,ravencrest,1294,deathknight,unholy,30,16,14
Táli,tarren-mill,1294,deathknight,unholy,33,14,19
Блодскал,howling-fjord,1293,deathknight,unholy,84,37,47
Asakim,tarren-mill,1291,deathknight,unholy,29,14,15
Альмон,howling-fjord,1290,deathknight,unholy,42,19,23
Ничер,thermaplugg,1289,deathknight,unholy,24,14,10
Jihm,silvermoon,1286,deathknight,unholy,141,72,69
Endlesspain,burning-legion,1280,deathknight,unholy,58,24,34
Funnboon,alleria,1279,deathknight,unholy,30,18,12
Брюшина,gordunni,1279,deathknight,unholy,90,36,54
Laobeef,twisting-nether,1278,deathknight,unholy,53,23,30
Elíta,draenor,1278,deathknight,unholy,42,18,24
Dizin,ravencrest,1273,deathknight,unholy,38,16,22
Mediul,magtheridon,1272,deathknight,unholy,48,20,28
Reportmeplz,ragnaros,1270,deathknight,unholy,48,22,26
Necrozy,aggra-português,1269,deathknight,unholy,84,43,41
Azrìal,agamaggan,1269,deathknight,unholy,48,21,27
Katakurî,blackmoore,1269,deathknight,unholy,74,29,45
Роземайер,ashenvale,1267,deathknight,unholy,90,43,47
Dunklerlord,malfurion,1267,deathknight,unholy,48,20,28
Westdx,hyjal,1265,deathknight,unholy,30,14,16
Undtot,azshara,1264,deathknight,unholy,36,16,20
Ммиднайтт,blackscar,1264,deathknight,unholy,36,15,21
Pjthedk,lightbringer,1263,deathknight,unholy,42,21,21
Drenodur,amanthul,1261,deathknight,unholy,24,14,10
Superere,hyjal,1261,deathknight,unholy,36,17,19
Sound,shadowsong,1260,deathknight,unholy,124,59,65
Younix,silvermoon,1258,deathknight,unholy,54,20,34
Бенечках,gordunni,1257,deathknight,unholy,40,16,24
Kratagon,thrall,1257,deathknight,unholy,90,34,56
Tesasd,silvermoon,1255,deathknight,unholy,58,26,32
Orcborg,zuljin,1254,deathknight,unholy,37,18,19
Razzvy,darkspear,1252,deathknight,unholy,99,44,55
Goochtickler,kazzak,1247,deathknight,unholy,24,13,11
Kaletorn,ragnaros,1247,deathknight,unholy,106,53,53
Chocopeanut,ravencrest,1246,deathknight,unholy,25,15,10
Grubyr,burning-legion,1246,deathknight,unholy,54,24,30
Heyabigail,wildhammer,1245,deathknight,unholy,97,41,56
Дуонза,blackscar,1244,deathknight,unholy,36,20,16
Halohuntress,outland,1243,deathknight,unholy,60,28,32
Schweezlord,tarren-mill,1241,deathknight,unholy,24,13,11
Tyranus,quelthalas,1241,deathknight,unholy,186,85,101
Патриаррх,gordunni,1240,deathknight,unholy,47,25,22
Zúrg,stormscale,1240,deathknight,unholy,30,14,16
Høpes,chogall,1239,deathknight,unholy,24,13,11
Fenixflexin,ravencrest,1239,deathknight,unholy,42,13,29
Kéréos,hyjal,1238,deathknight,unholy,24,13,11
Kalantii,draenor,1237,deathknight,unholy,53,24,29
Feekus,deathwing,1236,deathknight,unholy,24,16,8
Diatriss,argent-dawn,1236,deathknight,unholy,69,32,37
Khorag,lordaeron,1235,deathknight,unholy,30,13,17
Morvain,silvermoon,1232,deathknight,unholy,89,41,48
Ogomegee,ravencrest,1231,deathknight,unholy,28,15,13
Funds,kazzak,1230,deathknight,unholy,30,13,17
Аданаэль,howling-fjord,1228,deathknight,unholy,47,21,26
Evelys,kazzak,1228,deathknight,unholy,70,31,39
Крус,blackscar,1227,deathknight,unholy,89,39,50
Nilodk,nemesis,1219,deathknight,unholy,445,222,223
Fluffínator,kazzak,1219,deathknight,unholy,118,57,61
Sigarå,twisting-nether,1219,deathknight,unholy,42,19,23
Bämbämpewpew,ravencrest,1218,deathknight,unholy,30,13,17
Jixcore,draenor,1217,deathknight,unholy,48,16,32
Джайвана,soulflayer,1216,deathknight,unholy,321,160,161
Sarkasm,malganis,1216,deathknight,unholy,102,48,54
Kazagul,blackrock,1214,deathknight,unholy,45,22,23
Tanenoss,kazzak,1213,deathknight,unholy,54,21,33
Gothenburger,darksorrow,1212,deathknight,unholy,48,24,24
Feugen,hyjal,1211,deathknight,unholy,24,13,11
Thedx,blades-edge,1208,deathknight,unholy,52,20,32
Деркхаус,soulflayer,1206,deathknight,unholy,30,18,12
Lobotomia,burning-blade,1200,deathknight,unholy,91,43,48
Zpartan,ragnaros,1197,deathknight,unholy,66,25,41
Kazagoth,draenor,1196,deathknight,unholy,30,16,14
Squeeze,drakthul,1196,deathknight,unholy,42,17,25
Obstwald,blackrock,1195,deathknight,unholy,133,67,66
Zelbørk,medivh,1194,deathknight,unholy,54,26,28
Crostrike,kazzak,1193,deathknight,unholy,29,15,14
Necrocancerr,twisting-nether,1193,deathknight,unholy,133,61,72
Nestia,emerald-dream,1192,deathknight,unholy,91,45,46
Tarfu,kazzak,1188,deathknight,unholy,90,45,45
Vegz,archimonde,1187,deathknight,unholy,37,20,17
Asakurai,grim-batol,1184,deathknight,unholy,54,30,24
Mellowqt,aegwynn,1181,deathknight,unholy,79,40,39
Darkqüeen,sanguino,1180,deathknight,unholy,30,14,16
Homoforsluts,silvermoon,1178,deathknight,unholy,24,15,9
Fentanil,elune,1170,deathknight,unholy,258,125,133
Ezreo,neptulon,1167,deathknight,unholy,31,14,17
Vrark,forscherliga,1166,deathknight,unholy,28,13,15
Eltorro,ravencrest,1165,deathknight,unholy,42,14,28
Микелон,gordunni,1164,deathknight,unholy,22,13,9
Mupak,drakthul,1164,deathknight,unholy,29,17,12
Dezzi,azuremyst,1160,deathknight,unholy,62,31,31
Gùra,sanguino,1160,deathknight,unholy,42,14,28
Дэдушка,gordunni,1159,deathknight,unholy,23,13,10
Fyrkadk,aegwynn,1151,deathknight,unholy,24,12,12
Dariusgrip,kazzak,1150,deathknight,unholy,30,12,18
Dklol,dun-morogh,1150,deathknight,unholy,36,14,22
Numnutz,alakir,1149,deathknight,unholy,25,13,12
Usbdock,stormscale,1149,deathknight,unholy,24,12,12
Auru,tarren-mill,1149,deathknight,unholy,63,31,32
Клиссанг,razuvious,1146,deathknight,unholy,42,12,30
Larvalîs,blackmoore,1145,deathknight,unholy,78,43,35
Euphorius,azuremyst,1142,deathknight,unholy,46,26,20
Mãshi,hyjal,1140,deathknight,unholy,59,26,33
Pamplemouse,burning-blade,1139,deathknight,unholy,97,49,48
Tilixdk,draenor,1138,deathknight,unholy,30,12,18
Shewoman,stormreaver,1138,deathknight,unholy,30,12,18
Abnormus,tarren-mill,1137,deathknight,unholy,114,52,62
Ennigmá,stormscale,1134,deathknight,unholy,30,17,13
Mcrune,ravencrest,1134,deathknight,unholy,30,12,18
Kailara,draenor,1133,deathknight,unholy,29,12,17
Niex,destromath,1133,deathknight,unholy,30,12,18
Jowân,blackmoore,1131,deathknight,unholy,24,13,11
Dêku,aegwynn,1130,deathknight,unholy,79,44,35
Beinlausi,dalaran,1130,deathknight,unholy,55,30,25
Волграл,howling-fjord,1130,deathknight,unholy,34,18,16
Артушадк,soulflayer,1127,deathknight,unholy,78,41,37
Kazay,madmortem,1119,deathknight,unholy,24,12,12
Некронн,grom,1116,deathknight,unholy,181,95,86
Gravetitan,shattrath,1116,deathknight,unholy,127,60,67
Кмамехочу,howling-fjord,1115,deathknight,unholy,18,12,6
Híruzen,blackrock,1115,deathknight,unholy,30,15,15
Roykoopa,hyjal,1115,deathknight,unholy,54,24,30
Qmy,outland,1110,deathknight,unholy,64,25,39
Saromón,ravencrest,1101,deathknight,unholy,30,18,12
Zdan,sylvanas,1098,deathknight,unholy,55,26,29
Cremefresh,ragnaros,1098,deathknight,unholy,27,12,15
Cykeljävel,stormreaver,1097,deathknight,unholy,35,12,23
Moartèa,blackhand,1095,deathknight,unholy,29,12,17
Frostmommy,argent-dawn,1092,deathknight,unholy,89,37,52
Zathron,blackmoore,1088,deathknight,unholy,65,30,35
Karalun,nagrand,1087,deathknight,unholy,96,49,47
Skeggjold,drakthul,1083,deathknight,unholy,24,12,12
Narrua,die-aldor,1082,deathknight,unholy,47,17,30
Orochimaruo,stormscale,1080,deathknight,unholy,36,15,21
Фиджибро,soulflayer,1079,deathknight,unholy,50,21,29
Deadpòól,twisting-nether,1079,deathknight,unholy,45,13,32
Highmelli,ambossar,1071,deathknight,unholy,84,30,54
Vadamee,ravencrest,1068,deathknight,unholy,71,25,46
Kaldhan,nemesis,1065,deathknight,unholy,41,20,21
Badbrian,draenor,1061,deathknight,unholy,22,13,9
Hqxdd,twisting-nether,1061,deathknight,unholy,134,63,71
Darkarthás,aegwynn,1056,deathknight,unholy,24,11,13
Sythuss,argent-dawn,1054,deathknight,unholy,30,11,19
Karvaturare,ravencrest,1054,deathknight,unholy,98,33,65
Ураан,gordunni,1053,deathknight,unholy,22,12,10
Noizt,ravencrest,1053,deathknight,unholy,24,11,13
Feelmyfuri,mazrigos,1053,deathknight,unholy,24,11,13
Synchronic,stormscale,1053,deathknight,unholy,24,11,13
Дискодансер,ashenvale,1051,deathknight,unholy,18,11,7
Хенстор,gordunni,1051,deathknight,unholy,24,11,13
Regniér,frostwolf,1050,deathknight,unholy,18,11,7
Mefhesto,tarren-mill,1049,deathknight,unholy,30,11,19
Olm,guldan,1048,deathknight,unholy,72,35,37
Рэкставр,soulflayer,1046,deathknight,unholy,70,37,33
Нуурргл,howling-fjord,1046,deathknight,unholy,48,19,29
Auggee,ravencrest,1045,deathknight,unholy,24,11,13
Shakour,argent-dawn,1044,deathknight,unholy,18,11,7
Zyknight,silvermoon,1044,deathknight,unholy,30,11,19
Rammsteïn,ravencrest,1042,deathknight,unholy,33,12,21
Ilovegouàng,khaz-modan,1041,deathknight,unholy,36,15,21
Eibon,drakthul,1037,deathknight,unholy,18,11,7
Порнпанда,gordunni,1037,deathknight,unholy,24,11,13
Valeriania,burning-legion,1035,deathknight,unholy,44,24,20
Crazyanimal,silvermoon,1031,deathknight,unholy,27,14,13
Ahin,antonidas,1030,deathknight,unholy,40,22,18
Мокраявода,soulflayer,1026,deathknight,unholy,94,49,45
Adlatus,malganis,1025,deathknight,unholy,24,15,9
Taylorswiift,tarren-mill,1023,deathknight,unholy,17,11,6
Lifetakergr,sylvanas,1023,deathknight,unholy,22,11,11
Nenadvs,ravencrest,1022,deathknight,unholy,23,11,12
Icyplague,ravencrest,1018,deathknight,unholy,20,12,8
Малп,gordunni,1018,deathknight,unholy,42,24,18
Assasínator,tarren-mill,1017,deathknight,unholy,205,105,100
Трибублика,howling-fjord,1016,deathknight,unholy,30,11,19
Scorbion,kilrogg,1015,deathknight,unholy,24,11,13
Grisig,twisting-nether,1007,deathknight,unholy,66,34,32
Krinoe,dalaran,1007,deathknight,unholy,26,12,14
Kachie,stormscale,1004,deathknight,unholy,23,11,12
Takåtry,archimonde,1004,deathknight,unholy,30,14,16
Gothral,doomhammer,1002,deathknight,unholy,24,12,12
Alameda,nathrezim,1001,deathknight,unholy,30,12,18
Tyrannus,earthen-ring,1000,deathknight,unholy,23,13,10
Braastad,sylvanas,989,deathknight,unholy,66,35,31
Bølvar,zuljin,988,deathknight,unholy,20,11,9
Gowther,blackmoore,988,deathknight,unholy,132,67,65
Gathalion,the-maelstrom,980,deathknight,unholy,48,28,20
Хуаролуксс,gordunni,978,deathknight,unholy,111,44,67
Sidious,auchindoun,977,deathknight,unholy,36,13,23
Kisenth,doomhammer,974,deathknight,unholy,60,33,27
Mailasse,dalaran,974,deathknight,unholy,22,12,10
Fpsrvg,minahonda,972,deathknight,unholy,77,35,42
Kixx,bloodfeather,971,deathknight,unholy,94,38,56
Потный,soulflayer,967,deathknight,unholy,39,14,25
Flytomoon,argent-dawn,962,deathknight,unholy,96,43,53
Kaliro,sylvanas,960,deathknight,unholy,18,10,8
Cervâ,twisting-nether,960,deathknight,unholy,24,10,14
Barnëylord,argent-dawn,959,deathknight,unholy,18,10,8
Ravencraft,azjolnerub,959,deathknight,unholy,18,10,8
Silvergreed,kazzak,959,deathknight,unholy,24,10,14
Inmau,sanguino,959,deathknight,unholy,27,11,16
Rimda,twisting-nether,958,deathknight,unholy,18,10,8
Xisaark,blackrock,958,deathknight,unholy,30,10,20
Cyphîllyth,auchindoun,957,deathknight,unholy,18,10,8
Smightydk,kazzak,956,deathknight,unholy,18,10,8
Kàrásu,eredar,956,deathknight,unholy,30,10,20
Twardobaba,burning-legion,954,deathknight,unholy,18,10,8
Keenda,kirin-tor,954,deathknight,unholy,25,12,13
Корольбич,soulflayer,954,deathknight,unholy,24,10,14
Nickolass,skullcrusher,953,deathknight,unholy,48,22,26
Valanaari,argent-dawn,953,deathknight,unholy,30,10,20
Охъламон,soulflayer,951,deathknight,unholy,154,70,84
Saerus,kazzak,951,deathknight,unholy,24,10,14
Mêlian,blackmoore,951,deathknight,unholy,30,10,20
Khoragän,hyjal,948,deathknight,unholy,18,10,8
Ashlëy,kaelthas,948,deathknight,unholy,179,84,95
Aguroh,khaz-modan,937,deathknight,unholy,36,16,20
Unzul,twisting-nether,935,deathknight,unholy,30,16,14
Luciferyan,twisting-nether,934,deathknight,unholy,30,11,19
Sarconis,quelthalas,927,deathknight,unholy,17,10,7
Rognvald,les-sentinelles,927,deathknight,unholy,59,30,29
Restodrowd,tarren-mill,927,deathknight,unholy,75,37,38
Jess,blackhand,923,deathknight,unholy,77,39,38
Fidaii,sylvanas,923,deathknight,unholy,36,16,20
Квашонка,howling-fjord,898,deathknight,unholy,118,43,75
Rayliegh,silvermoon,891,deathknight,unholy,17,10,7
Лордэнергон,gordunni,888,deathknight,unholy,16,10,6
Джагат,gordunni,886,deathknight,unholy,36,16,20
Kahp,tarren-mill,883,deathknight,unholy,37,14,23
Erector,norgannon,871,deathknight,unholy,29,15,14
Thyrandre,khaz-modan,865,deathknight,unholy,94,38,56
Gáïà,blackmoore,864,deathknight,unholy,12,9,3
Punctilio,argent-dawn,864,deathknight,unholy,12,9,3
Fabricios,blackrock,864,deathknight,unholy,12,9,3
Diabeticus,the-maelstrom,864,deathknight,unholy,18,9,9
Диджейфрау,deathguard,864,deathknight,unholy,18,9,9
Fringles,twisting-nether,864,deathknight,unholy,18,9,9
Mateusz,lightbringer,863,deathknight,unholy,12,9,3
Dromor,echsenkessel,863,deathknight,unholy,12,9,3
Hailandher,nemesis,863,deathknight,unholy,24,12,12
Kyusuke,blackhand,863,deathknight,unholy,18,9,9
Styxdk,blackhand,863,deathknight,unholy,18,9,9
Toshiroo,draenor,863,deathknight,unholy,18,9,9
Gosuhat,kazzak,863,deathknight,unholy,18,9,9
Råyzen,draenor,863,deathknight,unholy,24,9,15
Oxxöw,draenor,863,deathknight,unholy,24,9,15
Dimania,the-maelstrom,863,deathknight,unholy,30,9,21
Vinczergripz,silvermoon,862,deathknight,unholy,12,9,3
Luzifear,bloodscalp,862,deathknight,unholy,30,9,21
Kaeyz,blackmoore,861,deathknight,unholy,30,9,21
Dreamgirl,sylvanas,860,deathknight,unholy,30,14,16
Тзинч,soulflayer,859,deathknight,unholy,18,9,9
Dzahnecro,archimonde,858,deathknight,unholy,18,9,9
Данарион,howling-fjord,858,deathknight,unholy,24,9,15
Lulubadgirl,perenolde,858,deathknight,unholy,45,13,32
Pierun,dunemaul,857,deathknight,unholy,18,9,9
Dalenn,kazzak,856,deathknight,unholy,24,9,15
Arâsk,blackmoore,856,deathknight,unholy,24,9,15
Бланки,deathweaver,855,deathknight,unholy,24,9,15
Oldu,haomarush,853,deathknight,unholy,99,47,52
Marcianorock,dalaran,850,deathknight,unholy,18,9,9
Hacknorris,aegwynn,845,deathknight,unholy,18,9,9
Deathcleave,burning-legion,845,deathknight,unholy,23,9,14
Lastdragon,dun-modr,840,deathknight,unholy,42,16,26
Жекабыкует,borean-tundra,836,deathknight,unholy,38,14,24
Dànté,eitrigg,833,deathknight,unholy,28,13,15
Cryistyx,draenor,828,deathknight,unholy,14,10,4
Zot,twisting-nether,814,deathknight,unholy,18,10,8
Arrakìs,nemesis,811,deathknight,unholy,21,10,11
Jodure,silvermoon,806,deathknight,unholy,29,10,19
Alielib,eredar,804,deathknight,unholy,82,29,53
Shackles,ravencrest,803,deathknight,unholy,17,9,8
Flúrrý,ravencrest,799,deathknight,unholy,17,9,8
Angalor,argent-dawn,798,deathknight,unholy,17,9,8
Darkarnø,chants-éternels,787,deathknight,unholy,71,28,43
Aldramil,gorgonnash,786,deathknight,unholy,30,12,18
Wórzzag,arygos,768,deathknight,unholy,12,8,4
Силдэус,galakrond,768,deathknight,unholy,12,8,4
Dìscus,nemesis,768,deathknight,unholy,12,8,4
Critycal,draenor,768,deathknight,unholy,12,8,4
Preddktwo,twisting-nether,768,deathknight,unholy,12,8,4
Psychopathz,tarren-mill,768,deathknight,unholy,12,8,4
Fatøumatata,archimonde,768,deathknight,unholy,18,8,10
Féarless,archimonde,768,deathknight,unholy,18,8,10
Wpízdu,aegwynn,768,deathknight,unholy,18,8,10
Спамлюоковы,gordunni,768,deathknight,unholy,18,8,10
Zatrina,blackrock,768,deathknight,unholy,24,8,16
Dreshtarg,draenor,768,deathknight,unholy,24,8,16
Quazy,draenor,768,deathknight,unholy,30,8,22
Menstruelle,chants-éternels,767,deathknight,unholy,12,8,4
Mcbc,silvermoon,767,deathknight,unholy,12,8,4
Soulrender,kirin-tor,767,deathknight,unholy,12,8,4
Deathpaladin,blackmoore,767,deathknight,unholy,12,8,4
Amelia,ambossar,767,deathknight,unholy,12,8,4
Tenzøjr,archimonde,767,deathknight,unholy,18,8,10
Mauor,argent-dawn,767,deathknight,unholy,18,8,10
Apocalypse,ravencrest,767,deathknight,unholy,18,8,10
Blácklíght,silvermoon,767,deathknight,unholy,18,8,10
Deathkanta,antonidas,767,deathknight,unholy,18,8,10
Cyliandra,silvermoon,767,deathknight,unholy,27,9,18
Elmyo,argent-dawn,767,deathknight,unholy,24,8,16
Sarunâs,antonidas,767,deathknight,unholy,24,8,16
Deathj,ravencrest,766,deathknight,unholy,12,8,4
Payat,aegwynn,766,deathknight,unholy,12,8,4
Brogard,tarren-mill,766,deathknight,unholy,12,8,4
Bloodflayer,argent-dawn,766,deathknight,unholy,16,9,7
Nevmyrayka,silvermoon,766,deathknight,unholy,16,9,7
Zombienatíon,silvermoon,766,deathknight,unholy,24,8,16
Shiryú,ravencrest,765,deathknight,unholy,30,8,22
Xiddy,quelthalas,764,deathknight,unholy,12,8,4
Appdeath,azjolnerub,764,deathknight,unholy,12,8,4
Trigárdon,antonidas,764,deathknight,unholy,58,28,30
Zanretxd,outland,764,deathknight,unholy,20,8,12
Mjölnir,sanguino,764,deathknight,unholy,24,8,16
Vahllas,blackhand,764,deathknight,unholy,30,8,22
Vexinux,outland,763,deathknight,unholy,24,8,16
Жупело,gordunni,762,deathknight,unholy,12,8,4
Latindvergur,sylvanas,762,deathknight,unholy,18,8,10
Iiwen,blackrock,762,deathknight,unholy,24,8,16
Mangemicro,archimonde,760,deathknight,unholy,18,8,10
Maagbloeding,sylvanas,760,deathknight,unholy,24,8,16
Gigazord,ysondre,758,deathknight,unholy,18,8,10
Unsuspected,kazzak,758,deathknight,unholy,24,8,16
Arthursq,stormscale,752,deathknight,unholy,157,58,99
Milfgrabber,archimonde,751,deathknight,unholy,23,8,15
Bhishma,blades-edge,749,deathknight,unholy,12,8,4
Kolman,drakthul,748,deathknight,unholy,12,8,4
Ricardiob,argent-dawn,748,deathknight,unholy,16,9,7
Morssal,outland,748,deathknight,unholy,17,8,9
Stepknìght,draenor,734,deathknight,unholy,17,8,9
Eli,dalaran,709,deathknight,unholy,29,8,21
Ceedrik,nemesis,704,deathknight,unholy,22,8,14
Deathuss,silvermoon,702,deathknight,unholy,22,8,14
Bericks,silvermoon,672,deathknight,unholy,12,7,5
Moonpoxdk,nerathor,672,deathknight,unholy,12,7,5
Døddrukken,ragnaros,672,deathknight,unholy,12,7,5
Vorrén,tarren-mill,672,deathknight,unholy,12,7,5
Cortessá,rexxar,672,deathknight,unholy,12,7,5
Roundoné,kazzak,672,deathknight,unholy,12,7,5
Prêstij,stormscale,672,deathknight,unholy,12,7,5
Cervä,kazzak,672,deathknight,unholy,12,7,5
Vaalur,dalaran,672,deathknight,unholy,12,7,5
Hyperflexz,blackrock,672,deathknight,unholy,14,7,7
Clérora,argent-dawn,672,deathknight,unholy,18,7,11
Wttdmg,kazzak,672,deathknight,unholy,18,7,11
Gadres,aegwynn,672,deathknight,unholy,18,7,11
Soulchaos,ravencrest,672,deathknight,unholy,18,7,11
Никнейм,gordunni,672,deathknight,unholy,18,7,11
Adlian,twisting-nether,672,deathknight,unholy,18,7,11
Unholykebab,defias-brotherhood,672,deathknight,unholy,18,7,11
Moccababe,argent-dawn,672,deathknight,unholy,18,7,11
Skylerblack,kazzak,672,deathknight,unholy,18,7,11
Dextroyersx,sanguino,672,deathknight,unholy,18,7,11
Deadduchess,argent-dawn,672,deathknight,unholy,18,7,11
Чумазная,howling-fjord,672,deathknight,unholy,18,7,11
Hoar,blackrock,672,deathknight,unholy,18,7,11
Keet,turalyon,672,deathknight,unholy,21,8,13
Depleterus,blackrock,672,deathknight,unholy,24,7,17
Madseason,burning-legion,672,deathknight,unholy,30,7,23
Darkéi,outland,671,deathknight,unholy,12,7,5
Rotbone,drakthul,671,deathknight,unholy,12,7,5
Моргаррок,soulflayer,671,deathknight,unholy,12,7,5
Theamine,silvermoon,671,deathknight,unholy,12,7,5
Lùrtzz,frostwolf,671,deathknight,unholy,12,7,5
Ardulin,burning-legion,671,deathknight,unholy,12,7,5
Cmonbruvv,outland,671,deathknight,unholy,12,7,5
Падшийрыцарь,gordunni,671,deathknight,unholy,12,7,5
Дезентирия,soulflayer,671,deathknight,unholy,15,7,8
Badnew,tarren-mill,671,deathknight,unholy,18,7,11
Беларам,gordunni,671,deathknight,unholy,18,7,11
Lìlïth,kazzak,671,deathknight,unholy,18,7,11
Creepzor,tarren-mill,671,deathknight,unholy,18,7,11
Ráisy,outland,671,deathknight,unholy,24,7,17
Думсдэйи,gordunni,670,deathknight,unholy,12,7,5
Riseofpovver,twisting-nether,670,deathknight,unholy,12,7,5
Crudelias,aegwynn,670,deathknight,unholy,12,7,5
Amencore,kazzak,670,deathknight,unholy,14,7,7
Dmaarr,drakthul,670,deathknight,unholy,18,7,11
Kranker,thrall,670,deathknight,unholy,18,7,11
Sulf,burning-legion,670,deathknight,unholy,18,7,11
Darkboss,minahonda,670,deathknight,unholy,18,7,11
Deathclapp,twisting-nether,670,deathknight,unholy,18,7,11
Ertzuo,blackrock,670,deathknight,unholy,24,7,17
Akuji,dragonmaw,669,deathknight,unholy,12,7,5
Smalldk,silvermoon,669,deathknight,unholy,12,7,5
Naerys,ysondre,662,deathknight,unholy,18,7,11
Jarhèad,grim-batol,658,deathknight,unholy,28,9,19
Redzone,ravencrest,639,deathknight,unholy,23,7,16
Keltòr,antonidas,629,deathknight,unholy,23,7,16
Дкмонт,deathguard,623,deathknight,unholy,17,7,10
Vargass,darksorrow,598,deathknight,unholy,14,7,7
Constantyn,blackrock,590,deathknight,unholy,19,7,12
Petergrippin,dragonblight,576,deathknight,unholy,12,6,6
Ketnissq,blackrock,576,deathknight,unholy,12,6,6
Lemain,drakthul,576,deathknight,unholy,12,6,6
Gigadk,ragnaros,576,deathknight,unholy,12,6,6
Ebonsword,kazzak,576,deathknight,unholy,12,6,6
Alamo,doomhammer,576,deathknight,unholy,12,6,6
Uqrdk,twisting-nether,576,deathknight,unholy,12,6,6
Tombkeeper,silvermoon,576,deathknight,unholy,12,6,6
Swordkill,drakthul,576,deathknight,unholy,12,6,6
Nephalêm,thrall,576,deathknight,unholy,12,6,6
Duriel,stormscale,576,deathknight,unholy,12,6,6
Babs,sylvanas,576,deathknight,unholy,12,6,6
Kurían,burning-legion,576,deathknight,unholy,12,6,6
Янатащи,gordunni,576,deathknight,unholy,12,6,6
Myeltior,kazzak,576,deathknight,unholy,12,6,6
Huxleeyys,draenor,576,deathknight,unholy,12,6,6
Sfintter,uldum,576,deathknight,unholy,12,6,6
Nerinth,burning-legion,576,deathknight,unholy,12,6,6
Kane,destromath,576,deathknight,unholy,13,6,7
Critgødx,draenor,576,deathknight,unholy,13,6,7
Elisaron,silvermoon,576,deathknight,unholy,18,6,12
Bubbledeath,tarren-mill,576,deathknight,unholy,18,6,12
Pestikus,thrall,576,deathknight,unholy,18,6,12
Morgianà,argent-dawn,576,deathknight,unholy,18,6,12
Itokawa,tarren-mill,576,deathknight,unholy,18,6,12
Deathboost,archimonde,576,deathknight,unholy,18,6,12
Exult,twisting-nether,576,deathknight,unholy,18,6,12
Hycecream,archimonde,576,deathknight,unholy,18,6,12
Furyáns,arathor,576,deathknight,unholy,24,6,18
Tyranuse,kazzak,576,deathknight,unholy,24,6,18
Helixsdk,outland,576,deathknight,unholy,26,6,20
Nefertitï,kazzak,576,deathknight,unholy,30,6,24
Pangen,ravencrest,576,deathknight,unholy,36,6,30
Oldiseas,grim-batol,575,deathknight,unholy,12,6,6
Ququ,twisting-nether,575,deathknight,unholy,12,6,6
Havi,thunderhorn,575,deathknight,unholy,12,6,6
Deathmaiden,outland,575,deathknight,unholy,12,6,6
Zathy,twisting-nether,575,deathknight,unholy,12,6,6
Archdemonio,wildhammer,575,deathknight,unholy,12,6,6
Dekatos,twisting-nether,575,deathknight,unholy,12,6,6
Zegò,silvermoon,575,deathknight,unholy,12,6,6
Mosscraciun,kazzak,575,deathknight,unholy,12,6,6
Aliostar,sylvanas,575,deathknight,unholy,14,6,8
Брейвз,gordunni,575,deathknight,unholy,18,6,12
Namfuuh,blackrock,575,deathknight,unholy,24,6,18
Хлопайпопой,howling-fjord,575,deathknight,unholy,24,6,18
Nephenty,der-rat-von-dalaran,574,deathknight,unholy,12,6,6
Adria,jaedenar,574,deathknight,unholy,12,6,6
Fortinateur,suramar,573,deathknight,unholy,12,6,6
Ideath,executus,572,deathknight,unholy,12,6,6
Zoomieh,bloodfeather,572,deathknight,unholy,12,6,6
Cervanteso,uldum,571,deathknight,unholy,12,6,6
Ослаад,gordunni,571,deathknight,unholy,12,6,6
Darkangelina,aggra-português,553,deathknight,unholy,18,6,12
Darklotus,chamber-of-aspects,543,deathknight,unholy,22,6,16
Darkarthâs,ravencrest,528,deathknight,unholy,9,7,2
Даркслэш,howling-fjord,522,deathknight,unholy,23,8,15
Nirna,argent-dawn,514,deathknight,unholy,39,6,33
Náthrakh,argent-dawn,480,deathknight,unholy,6,5,1
Roids,twisting-nether,480,deathknight,unholy,6,5,1
Ilovebigass,ravencrest,480,deathknight,unholy,6,5,1
Darthlenin,dentarg,480,deathknight,unholy,6,5,1
Frostich,ragnaros,480,deathknight,unholy,12,5,7
Rêxaks,dun-modr,480,deathknight,unholy,12,5,7
Шэйп,fordragon,480,deathknight,unholy,12,5,7
Painrune,nordrassil,480,deathknight,unholy,12,5,7
Zhugzug,ragnaros,480,deathknight,unholy,12,5,7
Aest,blackhand,480,deathknight,unholy,12,5,7
Fenn,dentarg,480,deathknight,unholy,12,5,7
Дэспэр,gordunni,480,deathknight,unholy,12,5,7
Cipisza,drakthul,480,deathknight,unholy,12,5,7
Unholybezerk,darkspear,480,deathknight,unholy,12,5,7
Kaenor,sporeggar,480,deathknight,unholy,12,5,7
Boreghar,drakthul,480,deathknight,unholy,12,5,7
Dêeath,madmortem,480,deathknight,unholy,12,5,7
Миракл,howling-fjord,480,deathknight,unholy,12,5,7
Gripshiftr,kazzak,480,deathknight,unholy,12,5,7
Urkanis,hyjal,480,deathknight,unholy,12,5,7
Christldeath,blackrock,480,deathknight,unholy,12,5,7
Kelebglin,silvermoon,480,deathknight,unholy,12,5,7
Gigacow,outland,480,deathknight,unholy,12,5,7
Sipsip,tarren-mill,480,deathknight,unholy,12,5,7
Torbille,archimonde,480,deathknight,unholy,12,5,7
Омадесала,thermaplugg,480,deathknight,unholy,12,5,7
Dktyro,ravencrest,480,deathknight,unholy,12,5,7
Stipemiocic,nemesis,480,deathknight,unholy,12,5,7
Cbalife,ragnaros,480,deathknight,unholy,12,5,7
Phrek,outland,480,deathknight,unholy,12,5,7
Salzalara,draenor,480,deathknight,unholy,12,5,7
Galsi,silvermoon,480,deathknight,unholy,12,5,7
Тидог,ashenvale,480,deathknight,unholy,12,5,7
Plaguecloud,kazzak,480,deathknight,unholy,18,5,13
Xad,blackrock,480,deathknight,unholy,18,5,13
Bytedk,aggra-português,480,deathknight,unholy,18,5,13
Frostbone,ravencrest,480,deathknight,unholy,18,5,13
Necroslap,blackhand,480,deathknight,unholy,18,5,13
Тоши,fordragon,480,deathknight,unholy,18,5,13
Luciferon,zenedar,480,deathknight,unholy,18,5,13
Maxïmus,argent-dawn,480,deathknight,unholy,24,5,19
Rafuki,stormscale,479,deathknight,unholy,12,6,6
Мордаворот,gordunni,479,deathknight,unholy,12,5,7
Heresjohny,stormrage,479,deathknight,unholy,12,5,7
Еххел,soulflayer,479,deathknight,unholy,12,5,7
Darioo,magtheridon,479,deathknight,unholy,12,5,7
Bàdtank,hyjal,479,deathknight,unholy,18,5,13
Kraken,aerie-peak,479,deathknight,unholy,18,5,13
Jonyo,silvermoon,479,deathknight,unholy,24,5,19
Droughun,drakthul,477,deathknight,unholy,21,6,15
Superpotatoh,silvermoon,463,deathknight,unholy,17,5,12
Kavour,tarren-mill,447,deathknight,unholy,8,6,2
Boyanmaga,stormscale,447,deathknight,unholy,16,5,11
Shadowgohst,dun-morogh,440,deathknight,unholy,14,6,8
Kirkster,terokkar,420,deathknight,unholy,21,6,15
Runeburst,draenor,399,deathknight,unholy,13,5,8
Тунелин,howling-fjord,384,deathknight,unholy,6,4,2
Kalhyst,archimonde,384,deathknight,unholy,6,4,2
Lichkunt,stormscale,384,deathknight,unholy,6,4,2
Shlongripper,silvermoon,384,deathknight,unholy,6,4,2
Viseria,wrathbringer,384,deathknight,unholy,6,4,2
Redduck,silvermoon,384,deathknight,unholy,6,4,2
Runeblade,shattered-hand,384,deathknight,unholy,6,4,2
Валерамопс,soulflayer,384,deathknight,unholy,6,4,2
Yerssinia,sylvanas,384,deathknight,unholy,6,4,2
Buldog,laughing-skull,384,deathknight,unholy,6,4,2
Deathfrqst,ysondre,384,deathknight,unholy,6,4,2
Kãzan,archimonde,384,deathknight,unholy,6,4,2
Dragamanca,shendralar,384,deathknight,unholy,6,4,2
Tigros,burning-legion,384,deathknight,unholy,6,4,2
Yggrauthr,argent-dawn,384,deathknight,unholy,6,4,2
Cówboylayla,stormscale,384,deathknight,unholy,6,4,2
Радиосмерти,gordunni,384,deathknight,unholy,6,4,2
Basedzog,silvermoon,384,deathknight,unholy,6,4,2
Ruppix,stormscale,384,deathknight,unholy,6,4,2
Copium,hyjal,384,deathknight,unholy,6,4,2
Neph,sanguino,384,deathknight,unholy,6,4,2
Zyôs,blackmoore,384,deathknight,unholy,6,4,2
Budgetarthas,arthas,384,deathknight,unholy,6,4,2
Helmich,frostmane,384,deathknight,unholy,6,4,2
Wlcrealworld,ravencrest,384,deathknight,unholy,12,4,8
Amenokoim,blackrock,384,deathknight,unholy,12,4,8
Razdig,dun-modr,384,deathknight,unholy,12,4,8
Fatuglyrat,kazzak,384,deathknight,unholy,12,4,8
Skypowerxx,darkspear,384,deathknight,unholy,12,4,8
Dëmise,ravencrest,384,deathknight,unholy,12,4,8
Derimathras,stormscale,384,deathknight,unholy,12,4,8
Пикачухха,soulflayer,384,deathknight,unholy,12,4,8
Raspad,tarren-mill,384,deathknight,unholy,12,4,8
Виндрукс,soulflayer,384,deathknight,unholy,12,4,8
Intrigo,blackmoore,384,deathknight,unholy,12,4,8
Szayestra,draenor,384,deathknight,unholy,12,4,8
Rouskkoff,hyjal,384,deathknight,unholy,12,4,8
Binknight,argent-dawn,384,deathknight,unholy,12,4,8
Nathriel,stormscale,384,deathknight,unholy,12,4,8
Taylorswifts,tarren-mill,384,deathknight,unholy,12,4,8
Thoir,ahnqiraj,384,deathknight,unholy,12,4,8
Servein,stormscale,384,deathknight,unholy,12,4,8
Mustapha,kazzak,384,deathknight,unholy,12,4,8
Sekkah,tarren-mill,384,deathknight,unholy,12,4,8
Amesz,tarren-mill,384,deathknight,unholy,12,4,8
Trashdk,blackrock,384,deathknight,unholy,12,4,8
Gruzzaghkull,azuremyst,384,deathknight,unholy,12,4,8
Morgued,ravencrest,384,deathknight,unholy,12,4,8
Колхозник,howling-fjord,384,deathknight,unholy,12,4,8
Sovietonions,marécage-de-zangar,384,deathknight,unholy,12,4,8
Dreadmind,blackrock,384,deathknight,unholy,12,4,8
Pängei,frostwolf,384,deathknight,unholy,12,4,8
Tixoz,archimonde,384,deathknight,unholy,12,4,8
Volkovitch,archimonde,384,deathknight,unholy,12,4,8
Fait,blackrock,384,deathknight,unholy,12,4,8
Bayur,antonidas,384,deathknight,unholy,12,4,8
Лордтемар,howling-fjord,384,deathknight,unholy,12,4,8
Mustakäsi,ravencrest,384,deathknight,unholy,12,4,8
Rædbull,ravencrest,384,deathknight,unholy,16,5,11
Majkântês,drakthul,384,deathknight,unholy,18,4,14
Rades,sanguino,384,deathknight,unholy,18,4,14
Pottifar,tarren-mill,384,deathknight,unholy,18,4,14
Pändörä,uldum,384,deathknight,unholy,18,4,14
Brurf,ysondre,384,deathknight,unholy,18,4,14
Blòópy,silvermoon,384,deathknight,unholy,18,4,14
Bargane,twilights-hammer,383,deathknight,unholy,6,4,2
Deathanos,kazzak,383,deathknight,unholy,6,4,2
Zoombie,draenor,383,deathknight,unholy,6,4,2
Flippmo,argent-dawn,383,deathknight,unholy,9,5,4
Хворной,howling-fjord,383,deathknight,unholy,12,4,8
Украшение,galakrond,383,deathknight,unholy,12,4,8
Aczheron,argent-dawn,383,deathknight,unholy,12,4,8
Jimundo,ravencrest,382,deathknight,unholy,12,4,8
Narancha,haomarush,381,deathknight,unholy,12,4,8
Müldgren,ysondre,381,deathknight,unholy,18,4,14
Варрлнишнс,soulflayer,367,deathknight,unholy,11,4,7
Zehahaha,defias-brotherhood,367,deathknight,unholy,17,4,13
Millknight,norgannon,341,deathknight,unholy,15,6,9
Shining,blackrock,330,deathknight,unholy,25,6,19
Ikarack,twisting-nether,319,deathknight,unholy,8,4,4
Makisnk,archimonde,319,deathknight,unholy,8,4,4
Melleril,sylvanas,319,deathknight,unholy,14,4,10
Saryn,burning-steppes,304,deathknight,unholy,13,4,9
Randomdkxd,ravencrest,304,deathknight,unholy,13,4,9
Darkeolos,twisting-nether,303,deathknight,unholy,7,4,3
Amentet,anetheron,288,deathknight,unholy,10,5,5
Soseiuchi,sargeras,288,deathknight,unholy,6,3,3
Карвалан,eversong,288,deathknight,unholy,6,3,3
Небишоп,howling-fjord,288,deathknight,unholy,6,3,3
Kalenis,nemesis,288,deathknight,unholy,6,3,3
Тряпьё,galakrond,288,deathknight,unholy,6,3,3
Gbdk,xavius,288,deathknight,unholy,6,3,3
Kärringandré,silvermoon,288,deathknight,unholy,6,3,3
Grippyb,tarren-mill,288,deathknight,unholy,6,3,3
Krookidk,archimonde,288,deathknight,unholy,6,3,3
Jénga,ghostlands,288,deathknight,unholy,6,3,3
Vip,argent-dawn,288,deathknight,unholy,6,3,3
Zêlëph,archimonde,288,deathknight,unholy,6,3,3
Hurubur,ravencrest,288,deathknight,unholy,6,3,3
Израф,soulflayer,288,deathknight,unholy,6,3,3
Рончикк,gordunni,288,deathknight,unholy,6,3,3
Deãth,archimonde,288,deathknight,unholy,6,3,3
Spliddy,ravencrest,288,deathknight,unholy,6,3,3
Krozzytwo,draenor,288,deathknight,unholy,6,3,3
Ahzee,alleria,288,deathknight,unholy,6,3,3
Luñatic,sylvanas,288,deathknight,unholy,6,3,3
Zfeuda,azshara,288,deathknight,unholy,6,3,3
Zaxrel,burning-legion,288,deathknight,unholy,6,3,3
Masakryczny,burning-legion,288,deathknight,unholy,6,3,3
Ватачка,gordunni,288,deathknight,unholy,6,3,3
Snowlegend,der-mithrilorden,288,deathknight,unholy,6,3,3
Lividity,blackhand,288,deathknight,unholy,6,3,3
Soloqueuedk,ravencrest,288,deathknight,unholy,6,3,3
Antrinian,turalyon,288,deathknight,unholy,6,3,3
Mocca,aegwynn,288,deathknight,unholy,6,3,3
Grabbinass,silvermoon,288,deathknight,unholy,6,3,3
Dakyforfun,ravencrest,288,deathknight,unholy,6,3,3
Darkrolexx,blackhand,288,deathknight,unholy,6,3,3
Joyt,argent-dawn,288,deathknight,unholy,6,3,3
Rävjakt,twisting-nether,288,deathknight,unholy,6,3,3
Bigbaboon,stormreaver,288,deathknight,unholy,6,3,3
Fredriksend,argent-dawn,288,deathknight,unholy,6,3,3
Пашина,gordunni,288,deathknight,unholy,6,3,3
Uridk,sanguino,288,deathknight,unholy,6,3,3
Blueironjr,kazzak,288,deathknight,unholy,6,3,3
Hasbullagødx,blackrock,288,deathknight,unholy,6,3,3
Legixd,outland,288,deathknight,unholy,6,3,3
Løz,kazzak,288,deathknight,unholy,6,3,3
Galgalí,blackmoore,288,deathknight,unholy,6,3,3
Badock,eredar,288,deathknight,unholy,6,3,3
Sonervous,hyjal,288,deathknight,unholy,6,3,3
Spratz,kazzak,288,deathknight,unholy,11,3,8
Nmedk,grim-batol,288,deathknight,unholy,15,4,11
Hukana,confrérie-du-thorium,288,deathknight,unholy,12,3,9
Chains,sanguino,288,deathknight,unholy,12,3,9
Lair,shendralar,288,deathknight,unholy,12,3,9
Infamousmobb,archimonde,288,deathknight,unholy,12,3,9
Oxcidium,archimonde,288,deathknight,unholy,12,3,9
Эвессом,goldrinn,288,deathknight,unholy,12,3,9
Ste,tarren-mill,288,deathknight,unholy,12,3,9
Хемелия,azuregos,288,deathknight,unholy,12,3,9
Drraugrinn,tarren-mill,288,deathknight,unholy,12,3,9
Zixcommixx,hyjal,288,deathknight,unholy,12,3,9
Морталес,azuregos,288,deathknight,unholy,12,3,9
Ecatholicus,silvermoon,288,deathknight,unholy,12,3,9
Worldwiynd,ravencrest,288,deathknight,unholy,12,3,9
Lewro,drakthul,288,deathknight,unholy,12,3,9
Plaguebones,ravencrest,288,deathknight,unholy,12,3,9
Smurm,stormscale,288,deathknight,unholy,12,3,9
Hexenköníg,frostmourne,288,deathknight,unholy,12,3,9
Alakiah,khaz-modan,288,deathknight,unholy,12,3,9
Yeamaon,ravencrest,288,deathknight,unholy,12,3,9
Mizrael,burning-blade,288,deathknight,unholy,12,3,9
Benetleilax,bronzebeard,288,deathknight,unholy,12,3,9
Asarth,silvermoon,288,deathknight,unholy,12,3,9
Dagë,twisting-nether,288,deathknight,unholy,12,3,9
Gongroosh,blackrock,288,deathknight,unholy,12,3,9
Sélyne,ysondre,288,deathknight,unholy,12,3,9
Whiskine,aggramar,288,deathknight,unholy,12,3,9
Акерисса,gordunni,288,deathknight,unholy,12,3,9
Atakan,nemesis,287,deathknight,unholy,6,3,3
Каскадёрка,howling-fjord,287,deathknight,unholy,12,3,9
Mámmôn,malygos,287,deathknight,unholy,13,3,10
Minitehnicus,stormscale,286,deathknight,unholy,6,3,3
Abyad,dalaran,285,deathknight,unholy,12,3,9
Шарабум,howling-fjord,272,deathknight,unholy,17,4,13
Ghary,blackhand,256,deathknight,unholy,10,3,7
Отвян,gordunni,256,deathknight,unholy,10,3,7
Hateem,sylvanas,255,deathknight,unholy,11,3,8
Miruvar,tarren-mill,240,deathknight,unholy,9,3,6
Gogeta,zirkel-des-cenarius,239,deathknight,unholy,5,3,2
Fearax,terenas,239,deathknight,unholy,5,3,2
Difestia,silvermoon,239,deathknight,unholy,5,3,2
Charai,blackhand,234,deathknight,unholy,14,4,10
Xerone,turalyon,223,deathknight,unholy,8,3,5
Vîrus,kazzak,208,deathknight,unholy,13,3,10
Zeldêrx,tarren-mill,192,deathknight,unholy,4,3,1
Nexium,outland,192,deathknight,unholy,4,3,1
Tenofas,nemesis,192,deathknight,unholy,9,3,6
Cursed,guldan,192,deathknight,unholy,6,2,4
Dk,earthen-ring,192,deathknight,unholy,6,2,4
Lén,malygos,192,deathknight,unholy,6,2,4
Norux,alonsus,192,deathknight,unholy,6,2,4
Ивитил,gordunni,192,deathknight,unholy,6,2,4
Yaxa,sylvanas,192,deathknight,unholy,6,2,4
Hyomi,ravencrest,192,deathknight,unholy,6,2,4
Буризан,blackscar,192,deathknight,unholy,6,2,4
Maëra,ysondre,192,deathknight,unholy,6,2,4
Suksiboksi,shattered-hand,192,deathknight,unholy,6,2,4
Nokti,ravencrest,192,deathknight,unholy,6,2,4
Bestkhalifä,ravencrest,192,deathknight,unholy,6,2,4
Varogo,drakthul,192,deathknight,unholy,6,2,4
Hasoyro,burning-legion,192,deathknight,unholy,6,2,4
Feldøøm,nemesis,192,deathknight,unholy,6,2,4
Engelinä,ysondre,192,deathknight,unholy,6,2,4
Kacpèr,burning-legion,192,deathknight,unholy,6,2,4
Hoggster,kazzak,192,deathknight,unholy,6,2,4
Valkion,nemesis,192,deathknight,unholy,6,2,4
Postura,kazzak,192,deathknight,unholy,6,2,4
Lithics,blades-edge,192,deathknight,unholy,6,2,4
Karatedomi,blackmoore,192,deathknight,unholy,6,2,4
Unholyysteel,silvermoon,192,deathknight,unholy,6,2,4
Jizzburga,blackhand,192,deathknight,unholy,6,2,4
Kromas,silvermoon,192,deathknight,unholy,6,2,4
Гнилец,soulflayer,192,deathknight,unholy,6,2,4
Bårêlýgød,blackmoore,192,deathknight,unholy,6,2,4
Yoinkw,tarren-mill,192,deathknight,unholy,6,2,4
Thryndiel,ravencrest,192,deathknight,unholy,6,2,4
Dilbil,tarren-mill,192,deathknight,unholy,6,2,4
Woltorme,archimonde,192,deathknight,unholy,6,2,4
Firebladesa,ravencrest,192,deathknight,unholy,6,2,4
Artwørk,blackrock,192,deathknight,unholy,6,2,4
Homelándér,blackmoore,192,deathknight,unholy,6,2,4
Fdkgotbuffed,tarren-mill,192,deathknight,unholy,6,2,4
Doubledead,the-maelstrom,192,deathknight,unholy,6,2,4
Горосов,gordunni,192,deathknight,unholy,6,2,4
Iziqroi,archimonde,192,deathknight,unholy,6,2,4
Mcdreamy,grim-batol,192,deathknight,unholy,6,2,4
Clipe,sanguino,192,deathknight,unholy,6,2,4
Urukaye,silvermoon,192,deathknight,unholy,6,2,4
Diseasecow,tarren-mill,192,deathknight,unholy,6,2,4
Hemopathy,tarren-mill,192,deathknight,unholy,6,2,4
Eigrin,argent-dawn,192,deathknight,unholy,6,2,4
Sjöstedt,twisting-nether,192,deathknight,unholy,6,2,4
Mangalitsa,twisting-nether,192,deathknight,unholy,6,2,4
Nihilistyx,blackrock,192,deathknight,unholy,6,2,4
Kaysto,blackrock,192,deathknight,unholy,6,2,4
Draghonis,argent-dawn,192,deathknight,unholy,6,2,4
Letudra,outland,192,deathknight,unholy,6,2,4
Necrosiss,sunstrider,192,deathknight,unholy,6,2,4
Tirno,dun-modr,192,deathknight,unholy,6,2,4
Haeydez,draenor,192,deathknight,unholy,6,2,4
Эъя,howling-fjord,192,deathknight,unholy,6,2,4
Elendren,blackrock,192,deathknight,unholy,6,2,4
Njor,twisting-nether,192,deathknight,unholy,6,2,4
Xartukî,dun-modr,192,deathknight,unholy,6,2,4
Penumbris,silvermoon,192,deathknight,unholy,6,2,4
Имбазомбарь,howling-fjord,192,deathknight,unholy,6,2,4
Asumasdeath,kazzak,192,deathknight,unholy,6,2,4
Xvlane,silvermoon,192,deathknight,unholy,6,2,4
Аэрит,howling-fjord,192,deathknight,unholy,6,2,4
Szendeffy,ragnaros,192,deathknight,unholy,6,2,4
ßambøøzle,draenor,192,deathknight,unholy,13,3,10
Sénta,tarren-mill,192,deathknight,unholy,12,2,10
Iluzis,kazzak,192,deathknight,unholy,12,2,10
Deathdayben,kazzak,192,deathknight,unholy,12,2,10
Azrail,alonsus,192,deathknight,unholy,12,2,10
Arthaslegend,magtheridon,192,deathknight,unholy,12,2,10
Lumerix,drakthul,192,deathknight,unholy,12,2,10
Carnificis,nefarian,192,deathknight,unholy,12,2,10
Goldins,doomhammer,192,deathknight,unholy,12,2,10
Niilø,antonidas,192,deathknight,unholy,12,2,10
Гадиния,soulflayer,191,deathknight,unholy,4,3,1
Àragørn,blackrock,191,deathknight,unholy,6,2,4
Whitedead,destromath,191,deathknight,unholy,6,2,4
Xyasw,rashgarroth,191,deathknight,unholy,6,2,4
Strigoih,argent-dawn,190,deathknight,unholy,12,2,10
Ândi,alleria,190,deathknight,unholy,12,2,10
Scalina,naxxramas,159,deathknight,unholy,5,2,3
Dødsmanna,twisting-nether,144,deathknight,unholy,9,2,7
Sämäël,outland,137,deathknight,unholy,8,3,5
Auto,hyjal,128,deathknight,unholy,4,2,2
Árnèr,tyrande,96,deathknight,unholy,3,2,1
Veleran,blackrock,96,deathknight,unholy,6,1,5
Drfatnuts,kazzak,96,deathknight,unholy,6,1,5
Routasydän,outland,96,deathknight,unholy,6,1,5
Úñçháíñéd,kazzak,96,deathknight,unholy,6,1,5
Gdubet,kazzak,96,deathknight,unholy,6,1,5
Cameltôe,frostwolf,96,deathknight,unholy,6,1,5
Brotén,grim-batol,96,deathknight,unholy,6,1,5
Verssatus,archimonde,96,deathknight,unholy,6,1,5
Abusedk,archimonde,96,deathknight,unholy,6,1,5
Hemki,archimonde,96,deathknight,unholy,6,1,5
Tsoupunisher,ravencrest,96,deathknight,unholy,6,1,5
Vlaakith,thunderhorn,96,deathknight,unholy,6,1,5
Dumbclass,wildhammer,96,deathknight,unholy,6,1,5
Unholygunnds,ravencrest,96,deathknight,unholy,6,1,5
Коилкоилкоил,blackscar,96,deathknight,unholy,6,1,5
Кернесса,blackscar,96,deathknight,unholy,6,1,5
Диманекротик,blackscar,96,deathknight,unholy,6,1,5
Nyzak,stormscale,96,deathknight,unholy,6,1,5
Имерсий,gordunni,96,deathknight,unholy,6,1,5
Yagashi,stormscale,96,deathknight,unholy,6,1,5
Melicia,anubarak,96,deathknight,unholy,6,1,5
Orrengo,blackrock,96,deathknight,unholy,6,1,5
Cowsoup,stormscale,96,deathknight,unholy,6,1,5
Wavemaker,kazzak,96,deathknight,unholy,6,1,5
Armax,stormscale,96,deathknight,unholy,6,1,5
Dextèr,stormreaver,96,deathknight,unholy,6,1,5
Инфлюминс,soulflayer,96,deathknight,unholy,6,1,5
Гачимучий,soulflayer,96,deathknight,unholy,6,1,5
Хеллхэйм,soulflayer,96,deathknight,unholy,6,1,5
Antexdk,drakthul,96,deathknight,unholy,6,1,5
Madsgrip,tarren-mill,96,deathknight,unholy,6,1,5
Lieven,tarren-mill,96,deathknight,unholy,6,1,5
Grimgôr,kazzak,96,deathknight,unholy,6,1,5
Sìrmooalot,twisting-nether,96,deathknight,unholy,6,1,5
Natanio,area-52,96,deathknight,unholy,6,1,5
Ôcb,marécage-de-zangar,96,deathknight,unholy,6,1,5
Eívór,garrosh,96,deathknight,unholy,6,1,5
Tributus,perenolde,96,deathknight,unholy,6,1,5
Rongos,norgannon,96,deathknight,unholy,6,1,5
Fefefasza,ragnaros,96,deathknight,unholy,6,1,5
Seuchensturz,zirkel-des-cenarius,96,deathknight,unholy,6,1,5
Itrailblazer,turalyon,96,deathknight,unholy,6,1,5
Såphirå,doomhammer,96,deathknight,unholy,6,1,5
Beliall,draenor,96,deathknight,unholy,6,1,5
Джеттар,howling-fjord,96,deathknight,unholy,6,1,5
Axemastery,draenor,96,deathknight,unholy,6,1,5
Муунрок,howling-fjord,96,deathknight,unholy,6,1,5
Skrati,das-syndikat,96,deathknight,unholy,6,1,5
Lionello,stormscale,96,deathknight,unholy,6,1,5
Êroô,azjolnerub,96,deathknight,unholy,6,1,5
Arthasuk,dun-modr,96,deathknight,unholy,6,1,5
Искрос,gordunni,96,deathknight,unholy,6,1,5
Ohris,silvermoon,96,deathknight,unholy,6,1,5
Blackpeper,silvermoon,96,deathknight,unholy,6,1,5
Shadowevil,silvermoon,96,deathknight,unholy,6,1,5
Brasith,outland,96,deathknight,unholy,12,1,11
Gosting,kirin-tor,96,deathknight,unholy,12,1,11
Hathriel,blackmoore,96,deathknight,unholy,12,1,11
Buzknight,twisting-nether,96,deathknight,unholy,12,1,11
Peiie,ravencrest,96,deathknight,unholy,12,1,11
Erezar,burning-legion,96,deathknight,unholy,12,1,11
Cynthiia,sylvanas,96,deathknight,unholy,18,1,17
Bestiaccia,nemesis,95,deathknight,unholy,6,1,5
Beurkbeurk,la-croisade-écarlate,95,deathknight,unholy,14,1,13
Tørbåk,ysondre,79,deathknight,unholy,5,1,4
Bonthejovi,tarren-mill,79,deathknight,unholy,5,1,4
Шалелая,soulflayer,79,deathknight,unholy,5,1,4
Necromedes,kazzak,64,deathknight,unholy,4,1,3
Custardo,grim-batol,63,deathknight,unholy,8,2,6
Kevsdk,arthas,48,deathknight,unholy,3,1,2
Fooji,stormscale,42,deathknight,unholy,7,2,5
Kalenjii,burning-legion,31,deathknight,unholy,2,1,1
Errøar,aegwynn,31,deathknight,unholy,2,1,1
Серинокс,howling-fjord,31,deathknight,unholy,2,1,1
Skylerblack,kazzak,2139,deathknight,frost,113,72,41
Никнейм,gordunni,2136,deathknight,frost,126,67,59
Имерсий,gordunni,2104,deathknight,frost,72,43,29
Fdkgotbuffed,tarren-mill,2072,deathknight,frost,84,42,42
Nellion,kazzak,2060,deathknight,frost,90,41,49
Garrinchá,stormscale,2053,deathknight,frost,66,39,27
Murbastic,draenor,2024,deathknight,frost,278,142,136
Anotherdkx,ravencrest,2002,deathknight,frost,66,39,27
Leónid,kazzak,2001,deathknight,frost,69,33,36
Arrèsted,aegwynn,1947,deathknight,frost,75,39,36
Igetmount,draenor,1924,deathknight,frost,78,39,39
Малтель,howling-fjord,1900,deathknight,frost,66,33,33
Viuff,kazzak,1894,deathknight,frost,42,23,19
Justaniceguy,silvermoon,1864,deathknight,frost,84,46,38
Diogenisis,arthas,1845,deathknight,frost,124,58,66
Jeanice,blackhand,1833,deathknight,frost,50,26,24
Moreau,eredar,1818,deathknight,frost,235,123,112
Lylíth,archimonde,1817,deathknight,frost,99,65,34
Эриданс,gordunni,1806,deathknight,frost,48,32,16
Bedstemoor,ravencrest,1805,deathknight,frost,41,25,16
Картафилиус,soulflayer,1804,deathknight,frost,66,28,38
Ayro,aegwynn,1795,deathknight,frost,100,53,47
Frostlux,archimonde,1795,deathknight,frost,733,363,370
Sonnedeath,tarren-mill,1773,deathknight,frost,70,36,34
Nîghtmáre,ravencrest,1772,deathknight,frost,140,72,68
Narali,argent-dawn,1759,deathknight,frost,54,24,30
Zektal,thrall,1735,deathknight,frost,72,34,38
Кулькулегал,ashenvale,1731,deathknight,frost,66,39,27
Mkom,ravencrest,1728,deathknight,frost,78,41,37
Mikagoddess,argent-dawn,1723,deathknight,frost,118,61,57
Geunieve,ysondre,1723,deathknight,frost,71,30,41
Re,stormrage,1717,deathknight,frost,48,25,23
Kisyhrâ,aegwynn,1703,deathknight,frost,64,35,29
Frege,tarren-mill,1684,deathknight,frost,42,23,19
Duriel,stormscale,1683,deathknight,frost,216,112,104
Arxelas,stormscale,1663,deathknight,frost,80,50,30
Rêxaks,dun-modr,1662,deathknight,frost,66,31,35
Arxelas,sylvanas,1637,deathknight,frost,196,103,93
Ниффер,deathguard,1627,deathknight,frost,34,18,16
Dktroll,blackmoore,1627,deathknight,frost,193,95,98
Espatula,ravencrest,1619,deathknight,frost,48,23,25
Frace,tyrande,1619,deathknight,frost,84,38,46
Cyliandra,silvermoon,1615,deathknight,frost,48,27,21
Banishabomb,ragnaros,1615,deathknight,frost,78,39,39
Neitoperho,frostmane,1613,deathknight,frost,57,24,33
Дарргг,ashenvale,1612,deathknight,frost,167,79,88
Dakyforfun,ravencrest,1611,deathknight,frost,30,20,10
Vidofnir,argent-dawn,1611,deathknight,frost,56,31,25
Verssatus,archimonde,1611,deathknight,frost,42,20,22
Veneera,emeriss,1610,deathknight,frost,24,17,7
Винкис,gordunni,1610,deathknight,frost,146,78,68
Raylenx,uldaman,1609,deathknight,frost,75,39,36
Fallenjaina,kazzak,1608,deathknight,frost,290,149,141
Diatriss,argent-dawn,1600,deathknight,frost,127,73,54
Blácked,draenor,1598,deathknight,frost,114,64,50
Джонаджеймсн,soulflayer,1597,deathknight,frost,36,17,19
Rektsohard,ravencrest,1590,deathknight,frost,75,44,31
Deucàlyqt,nemesis,1589,deathknight,frost,64,28,36
Selena,blackmoore,1587,deathknight,frost,30,17,13
Dexterlul,blackmoore,1579,deathknight,frost,60,28,32
Ärkhas,ragnaros,1577,deathknight,frost,30,17,13
Kailara,draenor,1574,deathknight,frost,167,87,80
Chakko,ravencrest,1573,deathknight,frost,117,56,61
Клиссанг,razuvious,1572,deathknight,frost,30,19,11
Tørbåk,ysondre,1572,deathknight,frost,48,21,27
Xolaani,outland,1566,deathknight,frost,90,39,51
Gorobijec,drakthul,1558,deathknight,frost,215,103,112
Hatriox,outland,1551,deathknight,frost,159,87,72
Maryø,drakthul,1543,deathknight,frost,42,18,24
Gauloupin,lightnings-blade,1540,deathknight,frost,87,44,43
Orcborg,zuljin,1539,deathknight,frost,97,58,39
Deucalyqt,nemesis,1538,deathknight,frost,66,31,35
Лордтемар,howling-fjord,1530,deathknight,frost,54,25,29
Darlyn,grim-batol,1529,deathknight,frost,48,31,17
Dripgrip,ravencrest,1529,deathknight,frost,77,36,41
Tenzøftw,archimonde,1527,deathknight,frost,31,17,14
Abadonn,archimonde,1521,deathknight,frost,48,20,28
Frostymel,ravencrest,1513,deathknight,frost,78,36,42
Adär,kazzak,1512,deathknight,frost,78,39,39
Nymfo,tirion,1510,deathknight,frost,76,44,32
Kooklynn,aggra-português,1505,deathknight,frost,66,37,29
Akril,tarren-mill,1505,deathknight,frost,114,58,56
Brawlerbabe,stormscale,1502,deathknight,frost,126,56,70
Cleverb,silvermoon,1501,deathknight,frost,36,18,18
Даркслэш,howling-fjord,1500,deathknight,frost,39,19,20
Sipsip,tarren-mill,1494,deathknight,frost,141,74,67
Drkok,blackmoore,1487,deathknight,frost,59,31,28
Wildsword,sylvanas,1483,deathknight,frost,69,37,32
Dzengiskhan,draenor,1483,deathknight,frost,151,76,75
Grendul,blackmoore,1478,deathknight,frost,66,35,31
Wrathlich,tyrande,1476,deathknight,frost,71,34,37
Leyc,argent-dawn,1476,deathknight,frost,41,19,22
Геннош,howling-fjord,1475,deathknight,frost,90,45,45
Blendamed,outland,1472,deathknight,frost,54,20,34
Madseason,burning-legion,1467,deathknight,frost,48,24,24
Murky,kazzak,1467,deathknight,frost,36,16,20
Indrette,archimonde,1463,deathknight,frost,28,16,12
Deathvarg,argent-dawn,1457,deathknight,frost,78,31,47
Regniér,frostwolf,1454,deathknight,frost,267,129,138
Ullefuz,silvermoon,1453,deathknight,frost,54,27,27
Катаринья,howling-fjord,1447,deathknight,frost,105,50,55
Jumbogrip,tarren-mill,1446,deathknight,frost,55,29,26
Prokszii,turalyon,1441,deathknight,frost,47,26,21
Desolatiøn,ravencrest,1441,deathknight,frost,48,24,24
Вурдулакх,gordunni,1440,deathknight,frost,61,33,28
Leahthemad,sylvanas,1435,deathknight,frost,51,25,26
Halez,antonidas,1434,deathknight,frost,48,28,20
Фростмаран,soulflayer,1432,deathknight,frost,114,56,58
Сенкрул,gordunni,1432,deathknight,frost,51,24,27
Jizzburga,blackhand,1421,deathknight,frost,72,33,39
Маклайкнайт,gordunni,1419,deathknight,frost,212,103,109
Chillfyre,argent-dawn,1419,deathknight,frost,42,20,22
Obliterate,frostmourne,1416,deathknight,frost,74,37,37
Stevensdk,darkspear,1416,deathknight,frost,66,32,34
Balrot,burning-legion,1411,deathknight,frost,48,18,30
Furleyc,argent-dawn,1410,deathknight,frost,66,37,29
Bàbarus,dun-morogh,1407,deathknight,frost,66,42,24
Arthaslegend,magtheridon,1403,deathknight,frost,66,27,39
Thiccsnack,ragnaros,1399,deathknight,frost,30,15,15
Angalor,argent-dawn,1399,deathknight,frost,44,18,26
Истинна,grom,1394,deathknight,frost,36,20,16
Асаала,soulflayer,1393,deathknight,frost,33,21,12
Солист,soulflayer,1391,deathknight,frost,107,59,48
Skorice,dalaran,1389,deathknight,frost,48,19,29
Düksito,dun-modr,1387,deathknight,frost,99,50,49
Mocca,aegwynn,1385,deathknight,frost,58,25,33
Scørn,thrall,1384,deathknight,frost,162,79,83
Флаттершайдк,booty-bay,1383,deathknight,frost,37,16,21
Отвян,gordunni,1377,deathknight,frost,48,17,31
Kãra,ysondre,1376,deathknight,frost,133,69,64
Reapocalypse,blackhand,1376,deathknight,frost,36,16,20
Sinabre,eitrigg,1367,deathknight,frost,54,23,31
Dükss,dun-modr,1366,deathknight,frost,65,38,27
Keronaterol,blackhand,1363,deathknight,frost,84,46,38
Gøtrek,archimonde,1361,deathknight,frost,48,19,29
Cdp,ragnaros,1359,deathknight,frost,90,50,40
Ðeucaly,nemesis,1357,deathknight,frost,66,30,36
Yeamaon,ravencrest,1353,deathknight,frost,79,38,41
Reezeer,stormscale,1351,deathknight,frost,30,15,15
Arthasuk,dun-modr,1348,deathknight,frost,224,119,105
Вирко,eversong,1345,deathknight,frost,33,16,17
Neorteriona,argent-dawn,1328,deathknight,frost,34,17,17
Superere,hyjal,1326,deathknight,frost,150,80,70
Касуляпвнз,gordunni,1326,deathknight,frost,77,41,36
Comehere,norgannon,1321,deathknight,frost,30,19,11
Tofin,dunemaul,1320,deathknight,frost,38,18,20
Sound,shadowsong,1319,deathknight,frost,84,38,46
Cayliadk,tarren-mill,1315,deathknight,frost,191,89,102
Morbidx,ravencrest,1315,deathknight,frost,64,25,39
Wardrickxdd,ravencrest,1314,deathknight,frost,30,16,14
Iaccidens,stormscale,1313,deathknight,frost,156,77,79
Wintersons,tarren-mill,1313,deathknight,frost,60,29,31
Darkdémn,eldrethalas,1310,deathknight,frost,36,15,21
Buldog,laughing-skull,1307,deathknight,frost,100,46,54
Mcrune,ravencrest,1306,deathknight,frost,50,23,27
Zoree,draenor,1306,deathknight,frost,54,19,35
Deathknight,spinebreaker,1303,deathknight,frost,90,42,48
Wlcrealworld,ravencrest,1302,deathknight,frost,108,51,57
Deucalygodx,nemesis,1301,deathknight,frost,60,22,38
Âlîce,culte-de-la-rive-noire,1297,deathknight,frost,54,26,28
Odaijini,archimonde,1284,deathknight,frost,29,14,15
Soulrender,kirin-tor,1283,deathknight,frost,36,15,21
Barathéøn,les-sentinelles,1282,deathknight,frost,53,19,34
Zúrg,stormscale,1273,deathknight,frost,96,54,42
Ihatelife,frostwolf,1271,deathknight,frost,102,49,53
Torbrand,ravencrest,1270,deathknight,frost,57,29,28
Spøøk,defias-brotherhood,1268,deathknight,frost,217,104,113
Ilovebigass,ravencrest,1267,deathknight,frost,30,14,16
Sukadino,ragnaros,1264,deathknight,frost,60,31,29
Leahthebad,sylvanas,1261,deathknight,frost,32,15,17
Môrgøth,nemesis,1256,deathknight,frost,72,32,40
Кроуфрост,gordunni,1254,deathknight,frost,84,40,44
Ziuziu,twisting-nether,1253,deathknight,frost,94,49,45
Elendren,blackrock,1247,deathknight,frost,24,13,11
Ваатерло,soulflayer,1246,deathknight,frost,54,22,32
Ubiystvo,kazzak,1245,deathknight,frost,84,42,42
Piri,defias-brotherhood,1244,deathknight,frost,40,18,22
Slexor,kargath,1241,deathknight,frost,42,18,24
Dextroyersx,sanguino,1240,deathknight,frost,53,23,30
Pandahapci,ragnaros,1239,deathknight,frost,24,13,11
Dktyro,ravencrest,1238,deathknight,frost,24,13,11
Leonis,arthas,1237,deathknight,frost,35,13,22
Hî,malganis,1234,deathknight,frost,67,35,32
Меланндрис,gordunni,1232,deathknight,frost,27,16,11
Unchaindk,outland,1226,deathknight,frost,66,32,34
Exodiuss,dalaran,1225,deathknight,frost,46,24,22
Satyriasis,twisting-nether,1224,deathknight,frost,28,16,12
Moosbirne,blackhand,1218,deathknight,frost,48,20,28
Frostmommy,argent-dawn,1214,deathknight,frost,41,16,25
Zuggandk,tarren-mill,1209,deathknight,frost,48,26,22
Dämäger,proudmoore,1204,deathknight,frost,113,57,56
Êbøla,sanguino,1202,deathknight,frost,66,28,38
Azrador,frostwolf,1197,deathknight,frost,100,46,54
Inaëlys,medivh,1195,deathknight,frost,43,22,21
Morgouse,kazzak,1192,deathknight,frost,137,63,74
Krasny,hyjal,1185,deathknight,frost,156,81,75
Fixmybones,frostmane,1183,deathknight,frost,54,27,27
Íbossit,doomhammer,1180,deathknight,frost,28,17,11
Gageth,shadowsong,1180,deathknight,frost,45,15,30
Twardobaba,burning-legion,1176,deathknight,frost,56,25,31
Monkeydclaus,arathor,1175,deathknight,frost,90,45,45
Vampire,ahnqiraj,1172,deathknight,frost,33,14,19
Predatormkdd,ravencrest,1171,deathknight,frost,41,26,15
Clàymax,kazzak,1171,deathknight,frost,51,21,30
Düks,dun-modr,1166,deathknight,frost,124,55,69
Archa,shendralar,1164,deathknight,frost,89,42,47
Zandruq,twisting-nether,1162,deathknight,frost,58,24,34
Collinná,aegwynn,1162,deathknight,frost,42,16,26
Селес,ashenvale,1151,deathknight,frost,24,12,12
Aceléss,drakthul,1150,deathknight,frost,18,12,6
Necrølyte,sylvanas,1149,deathknight,frost,18,12,6
Eynoway,blackmoore,1148,deathknight,frost,24,12,12
Разлажение,gordunni,1147,deathknight,frost,66,33,33
Decayz,thrall,1147,deathknight,frost,24,12,12
Belía,blackmoore,1146,deathknight,frost,62,27,35
Nôsferatú,amanthul,1145,deathknight,frost,78,39,39
Worlviuz,argent-dawn,1145,deathknight,frost,30,12,18
Darkchas,silvermoon,1144,deathknight,frost,24,12,12
Erbugul,uldum,1143,deathknight,frost,30,12,18
Zerodude,silvermoon,1142,deathknight,frost,60,30,30
Enizul,kazzak,1134,deathknight,frost,24,12,12
Polimeh,draenor,1132,deathknight,frost,66,38,28
Posinkautta,silvermoon,1131,deathknight,frost,24,17,7
Mattesøs,drakthul,1130,deathknight,frost,36,13,23
Abnormus,tarren-mill,1129,deathknight,frost,143,72,71
Zdi,tarren-mill,1118,deathknight,frost,28,12,16
Dreodis,der-mithrilorden,1116,deathknight,frost,41,14,27
Dkruffos,draenor,1115,deathknight,frost,66,27,39
Khelthalas,teldrassil,1114,deathknight,frost,37,26,11
Thenrys,culte-de-la-rive-noire,1113,deathknight,frost,98,40,58
Nathriel,stormscale,1110,deathknight,frost,41,17,24
Alastoras,nemesis,1108,deathknight,frost,37,19,18
Akantras,blackmoore,1106,deathknight,frost,59,28,31
Woddey,blackrock,1101,deathknight,frost,60,29,31
Nelahh,the-maelstrom,1098,deathknight,frost,41,21,20
Angôs,sanguino,1098,deathknight,frost,84,43,41
Zioan,jaedenar,1085,deathknight,frost,74,39,35
Regys,argent-dawn,1080,deathknight,frost,28,12,16
Rakhash,antonidas,1075,deathknight,frost,42,21,21
Вафельнаяфея,blackscar,1073,deathknight,frost,43,17,26
Zaouros,silvermoon,1070,deathknight,frost,48,12,36
Ivik,the-maelstrom,1060,deathknight,frost,68,39,29
Maxto,outland,1055,deathknight,frost,18,11,7
Elcapìtan,silvermoon,1054,deathknight,frost,18,11,7
Dursall,thrall,1052,deathknight,frost,272,138,134
Døuffy,hyjal,1052,deathknight,frost,199,95,104
Некробасс,deathguard,1052,deathknight,frost,24,11,13
Unaxito,sanguino,1052,deathknight,frost,24,11,13
Khagra,ravencrest,1051,deathknight,frost,24,11,13
Primø,malganis,1050,deathknight,frost,22,12,10
Rubbann,ravencrest,1048,deathknight,frost,24,11,13
Merdraut,alakir,1037,deathknight,frost,18,11,7
Deathcardos,die-aldor,1035,deathknight,frost,60,23,37
Darkride,shattrath,1034,deathknight,frost,18,11,7
Gravehammer,sylvanas,1032,deathknight,frost,24,14,10
Папичдк,gordunni,1031,deathknight,frost,23,13,10
Блодскал,howling-fjord,1031,deathknight,frost,30,11,19
Krylow,draenor,1020,deathknight,frost,42,17,25
Dreadnight,sanguino,1017,deathknight,frost,26,12,14
Dødsgud,khaz-modan,1013,deathknight,frost,57,29,28
Rogerwaterz,twisting-nether,1009,deathknight,frost,18,11,7
Quantumshift,ravencrest,1004,deathknight,frost,17,11,6
Bari,the-venture-co,1003,deathknight,frost,128,53,75
Zerdon,frostmane,1001,deathknight,frost,55,29,26
Empar,nethersturm,1000,deathknight,frost,21,11,10
Sooran,blackhand,994,deathknight,frost,24,16,8
Кунимэнгус,soulflayer,973,deathknight,frost,42,17,25
Порция,greymane,972,deathknight,frost,66,35,31
Fullbusterr,hyjal,960,deathknight,frost,41,18,23
Flúrrý,kazzak,960,deathknight,frost,24,10,14
Shicheria,blackrock,959,deathknight,frost,18,10,8
Zsozsodk,ragnaros,958,deathknight,frost,18,10,8
Asphyxias,alleria,957,deathknight,frost,24,10,14
Eívór,garrosh,957,deathknight,frost,24,10,14
Kerastrell,doomhammer,957,deathknight,frost,24,10,14
Söttguetsi,blackrock,956,deathknight,frost,18,10,8
Mâxî,hyjal,956,deathknight,frost,24,10,14
Nifllheimr,outland,954,deathknight,frost,18,10,8
Urzza,ysondre,953,deathknight,frost,30,10,20
Vîrus,kazzak,949,deathknight,frost,24,10,14
Scorbion,kilrogg,947,deathknight,frost,33,16,17
Grumpykathi,blackmoore,945,deathknight,frost,18,10,8
Bäy,archimonde,938,deathknight,frost,72,24,48
Këus,hyjal,933,deathknight,frost,12,10,2
Trogkhar,blackrock,933,deathknight,frost,24,10,14
Фэйлстрайк,azuregos,930,deathknight,frost,29,13,16
Assølid,arathor,928,deathknight,frost,51,22,29
Kixx,bloodfeather,927,deathknight,frost,71,24,47
Dípps,outland,908,deathknight,frost,24,11,13
Hatcherb,sylvanas,903,deathknight,frost,18,10,8
Morvain,silvermoon,903,deathknight,frost,172,75,97
Sunwrath,magtheridon,903,deathknight,frost,48,19,29
Нифер,deathguard,894,deathknight,frost,20,10,10
Dànté,eitrigg,889,deathknight,frost,48,24,24
Карвалан,eversong,886,deathknight,frost,42,21,21
Assasínator,tarren-mill,872,deathknight,frost,49,24,25
Mauryr,drakthul,869,deathknight,frost,100,40,60
Mellion,ragnaros,864,deathknight,frost,12,9,3
ßambøøzle,draenor,864,deathknight,frost,18,9,9
Løz,kazzak,864,deathknight,frost,18,9,9
Ñogg,kazzak,864,deathknight,frost,24,9,15
Nathaniall,drakthul,863,deathknight,frost,18,9,9
Zhigan,ravencrest,862,deathknight,frost,18,9,9
Gringly,tarren-mill,862,deathknight,frost,18,9,9
Nerinth,burning-legion,860,deathknight,frost,25,9,16
Sindó,blackrock,858,deathknight,frost,18,9,9
Orkishblack,tarren-mill,857,deathknight,frost,18,9,9
Dkinta,colinas-pardas,857,deathknight,frost,18,9,9
Triddion,sylvanas,857,deathknight,frost,18,9,9
Soulwalker,sylvanas,854,deathknight,frost,19,9,10
Deadkilla,stormreaver,851,deathknight,frost,18,9,9
Pavkata,outland,851,deathknight,frost,24,9,15
Peachvajz,turalyon,849,deathknight,frost,111,55,56
Darklich,blackmoore,835,deathknight,frost,72,32,40
Guillemet,turalyon,830,deathknight,frost,16,10,6
Elbaqwan,the-shatar,827,deathknight,frost,30,13,17
Fentanil,elune,814,deathknight,frost,23,9,14
Fuzzyofc,draenor,796,deathknight,frost,17,9,8
Afadk,kazzak,796,deathknight,frost,102,40,62
Slayrr,blackrock,789,deathknight,frost,23,10,13
Fareast,nerathor,783,deathknight,frost,114,52,62
Craftmaker,eonar,778,deathknight,frost,53,21,32
Letumnex,tarren-mill,768,deathknight,frost,12,8,4
Tenzøjr,archimonde,768,deathknight,frost,12,8,4
Wpízdu,aegwynn,768,deathknight,frost,12,8,4
Feelmyfuri,mazrigos,768,deathknight,frost,18,8,10
Salaahadin,darkspear,768,deathknight,frost,18,8,10
Nazgül,drakthul,767,deathknight,frost,12,8,4
Jollíe,tarren-mill,767,deathknight,frost,24,8,16
Sødax,sanguino,767,deathknight,frost,24,8,16
Stetch,darkspear,767,deathknight,frost,24,8,16
Goring,confrérie-du-thorium,766,deathknight,frost,18,8,10
Æew,kazzak,766,deathknight,frost,18,8,10
Zombíe,laughing-skull,765,deathknight,frost,12,8,4
Aegwynnêr,blackmoore,765,deathknight,frost,20,10,10
Дрогдош,howling-fjord,765,deathknight,frost,24,8,16
Арнорос,lich-king,764,deathknight,frost,12,8,4
Xtream,blackmoore,762,deathknight,frost,18,8,10
Горгамель,howling-fjord,759,deathknight,frost,24,8,16
Akmens,aggramar,754,deathknight,frost,18,8,10
Lichfils,chogall,745,deathknight,frost,27,8,19
Брейвз,gordunni,731,deathknight,frost,17,8,9
Шадоудез,gordunni,672,deathknight,frost,12,7,5
Gorefiend,kazzak,672,deathknight,frost,12,7,5
Импостик,blackscar,672,deathknight,frost,12,7,5
Oweiowei,blackrock,672,deathknight,frost,12,7,5
Ithêrius,blackmoore,672,deathknight,frost,12,7,5
Дедвбане,gordunni,672,deathknight,frost,14,7,7
Darkarthás,aegwynn,672,deathknight,frost,18,7,11
Fault,burning-legion,672,deathknight,frost,18,7,11
Darxiera,drakthul,671,deathknight,frost,12,7,5
Iceludwig,nemesis,671,deathknight,frost,12,7,5
Kaeyz,blackmoore,671,deathknight,frost,18,7,11
Halohuntress,outland,671,deathknight,frost,18,7,11
Holîx,kazzak,671,deathknight,frost,30,7,23
Blurek,lordaeron,670,deathknight,frost,12,7,5
Karthor,teldrassil,670,deathknight,frost,12,7,5
Uthn,outland,670,deathknight,frost,24,7,17
Annecanos,ravencrest,668,deathknight,frost,12,7,5
Blackjaxn,thrall,668,deathknight,frost,18,7,11
Merà,antonidas,668,deathknight,frost,24,7,17
Menacê,ravencrest,662,deathknight,frost,18,7,11
Aczheron,argent-dawn,660,deathknight,frost,24,7,17
Antîlâ,antonidas,658,deathknight,frost,12,7,5
Dekagramcz,drakthul,653,deathknight,frost,24,7,17
Хуаролуксс,gordunni,643,deathknight,frost,35,7,28
Kleophatra,drakthul,637,deathknight,frost,11,7,4
Arthursq,stormscale,630,deathknight,frost,30,8,22
Tayuyu,sylvanas,607,deathknight,frost,14,7,7
Ставраас,gordunni,605,deathknight,frost,20,7,13
Спамлюоковы,gordunni,576,deathknight,frost,6,6,0
Doping,eredar,576,deathknight,frost,12,6,6
Garùn,sylvanas,576,deathknight,frost,12,6,6
Руянгрубиян,howling-fjord,576,deathknight,frost,12,6,6
Azslan,skullcrusher,576,deathknight,frost,12,6,6
Liija,blackrock,576,deathknight,frost,12,6,6
Тайберзанн,grom,576,deathknight,frost,12,6,6
Orangatang,dalaran,576,deathknight,frost,12,6,6
Volestral,emeriss,576,deathknight,frost,12,6,6
Silvergreed,kazzak,576,deathknight,frost,12,6,6
Планус,booty-bay,576,deathknight,frost,12,6,6
Flúrry,ravencrest,576,deathknight,frost,12,6,6
Køley,draenor,576,deathknight,frost,12,6,6
Xeliora,ragnaros,576,deathknight,frost,15,7,8
Rompå,ravencrest,576,deathknight,frost,18,6,12
Residenta,dun-modr,576,deathknight,frost,18,6,12
Qus,twisting-nether,576,deathknight,frost,18,6,12
Parayysite,eredar,576,deathknight,frost,18,6,12
Deathmike,steamwheedle-cartel,576,deathknight,frost,18,6,12
Oj,darkspear,576,deathknight,frost,18,6,12
Raihor,outland,576,deathknight,frost,20,6,14
Moko,defias-brotherhood,575,deathknight,frost,12,6,6
Dunkàn,silvermoon,575,deathknight,frost,12,6,6
Fatbutdead,malganis,575,deathknight,frost,12,6,6
Gotendk,draenor,575,deathknight,frost,12,6,6
Coldstrike,sunstrider,575,deathknight,frost,12,6,6
Marcellinus,hellfire,575,deathknight,frost,12,6,6
Xenake,kazzak,575,deathknight,frost,18,6,12
Tugarinzmey,tarren-mill,575,deathknight,frost,18,6,12
Killerazog,rexxar,575,deathknight,frost,18,6,12
Aracnys,dalaran,575,deathknight,frost,18,6,12
Grithala,draenor,574,deathknight,frost,12,6,6
Ahnuk,aggra-português,574,deathknight,frost,12,6,6
Angrist,terokkar,573,deathknight,frost,12,6,6
Фламмивир,gordunni,572,deathknight,frost,12,6,6
Izanagii,exodar,572,deathknight,frost,12,6,6
Сааттана,soulflayer,570,deathknight,frost,12,6,6
Tzunâ,blackmoore,537,deathknight,frost,28,8,20
Tyranuse,kazzak,527,deathknight,frost,17,6,11
Greiz,aggramar,494,deathknight,frost,19,6,13
Deckbulle,blackhand,480,deathknight,frost,6,5,1
Grimmoth,argent-dawn,480,deathknight,frost,6,5,1
Thebangman,ravencrest,480,deathknight,frost,9,6,3
Smardacus,silvermoon,480,deathknight,frost,12,5,7
Smellysock,tarren-mill,480,deathknight,frost,12,5,7
Дэвайна,gordunni,480,deathknight,frost,12,5,7
Руин,blackscar,480,deathknight,frost,12,5,7
Goochtickler,kazzak,480,deathknight,frost,12,5,7
Ûñhølýðéåthj,tarren-mill,480,deathknight,frost,12,5,7
Hemopathy,tarren-mill,480,deathknight,frost,12,5,7
Khnïshou,silvermoon,480,deathknight,frost,12,5,7
Ларкусдк,howling-fjord,480,deathknight,frost,12,5,7
Runepride,argent-dawn,480,deathknight,frost,12,5,7
Nommad,archimonde,480,deathknight,frost,12,5,7
Stteff,sylvanas,480,deathknight,frost,15,6,9
Freeks,die-aldor,480,deathknight,frost,18,5,13
Nightglade,kilrogg,480,deathknight,frost,18,5,13
Pestilerous,draenor,480,deathknight,frost,18,5,13
Xiddy,quelthalas,479,deathknight,frost,6,5,1
Sêmelia,blackrock,479,deathknight,frost,9,6,3
Rilledred,stormscale,479,deathknight,frost,12,5,7
Talge,sylvanas,479,deathknight,frost,12,5,7
Чёбышек,gordunni,479,deathknight,frost,12,5,7
Trigoth,die-aldor,479,deathknight,frost,12,5,7
Jowân,blackmoore,479,deathknight,frost,12,5,7
Смердонос,grom,479,deathknight,frost,12,5,7
Hellcrosser,blackrock,479,deathknight,frost,12,5,7
Ostridz,grim-batol,479,deathknight,frost,12,5,7
Deadpòól,twisting-nether,479,deathknight,frost,18,5,13
Roids,twisting-nether,479,deathknight,frost,18,5,13
Bigspider,aggramar,479,deathknight,frost,30,5,25
Scárebear,outland,478,deathknight,frost,18,5,13
Copium,hyjal,477,deathknight,frost,12,5,7
Fishtruction,tarren-mill,476,deathknight,frost,12,5,7
Sawishere,sanguino,476,deathknight,frost,18,5,13
Eisentorte,nerathor,476,deathknight,frost,26,5,21
Kejpo,drakthul,473,deathknight,frost,12,5,7
Докторктан,eversong,468,deathknight,frost,18,5,13
Husarz,kazzak,447,deathknight,frost,11,5,6
Sjöstedt,twisting-nether,447,deathknight,frost,17,5,12
Ilopango,blackmoore,447,deathknight,frost,17,5,12
Whooz,dun-morogh,447,deathknight,frost,29,5,24
Gozuryu,kazzak,384,deathknight,frost,6,4,2
Lemmegetuuh,chogall,384,deathknight,frost,6,4,2
Wuurzaag,twisting-nether,384,deathknight,frost,6,4,2
Servein,stormscale,384,deathknight,frost,6,4,2
Unholyysteel,silvermoon,384,deathknight,frost,6,4,2
Oßitø,ravencrest,384,deathknight,frost,6,4,2
Воргтень,borean-tundra,384,deathknight,frost,6,4,2
Reann,argent-dawn,384,deathknight,frost,6,4,2
Oldiseas,grim-batol,384,deathknight,frost,6,4,2
Enzy,drakthul,384,deathknight,frost,6,4,2
Namzera,draenor,384,deathknight,frost,6,4,2
Джайвана,soulflayer,384,deathknight,frost,12,4,8
Anasûrimbor,tarren-mill,384,deathknight,frost,12,4,8
Йохан,greymane,384,deathknight,frost,12,4,8
Kane,destromath,384,deathknight,frost,12,4,8
Глэмнутый,howling-fjord,384,deathknight,frost,12,4,8
Primesnow,twisting-nether,384,deathknight,frost,12,4,8
Zeldahell,dalaran,384,deathknight,frost,12,4,8
Крозох,howling-fjord,384,deathknight,frost,12,4,8
Apraxia,ravencrest,384,deathknight,frost,12,4,8
Doodcraft,tarren-mill,384,deathknight,frost,12,4,8
Pawnzqtie,stormscale,384,deathknight,frost,12,4,8
Maxmo,twilights-hammer,384,deathknight,frost,12,4,8
Спиддоз,fordragon,384,deathknight,frost,12,4,8
Leomordf,doomhammer,384,deathknight,frost,12,4,8
Кокосоус,gordunni,384,deathknight,frost,17,4,13
Hordak,stormscale,384,deathknight,frost,18,4,14
Мертвячино,deathguard,383,deathknight,frost,6,4,2
Beherith,sunstrider,383,deathknight,frost,6,4,2
Tÿnak,der-mithrilorden,383,deathknight,frost,9,4,5
Kivo,marécage-de-zangar,383,deathknight,frost,12,4,8
Бранс,gordunni,383,deathknight,frost,12,4,8
Гадиния,soulflayer,383,deathknight,frost,12,4,8
Breeze,xavius,383,deathknight,frost,12,4,8
Dkdiz,kazzak,383,deathknight,frost,12,4,8
Eckodk,aggra-português,383,deathknight,frost,12,4,8
Arond,arygos,383,deathknight,frost,12,4,8
Reyu,ambossar,383,deathknight,frost,16,4,12
Rades,sanguino,383,deathknight,frost,18,4,14
Belâam,archimonde,383,deathknight,frost,24,4,20
Группер,gordunni,382,deathknight,frost,6,4,2
Mahfel,twisting-nether,382,deathknight,frost,6,4,2
Дневнои,howling-fjord,382,deathknight,frost,12,4,8
Vicoperian,stormscale,382,deathknight,frost,12,4,8
Poaka,outland,380,deathknight,frost,12,4,8
Iikarus,eredar,376,deathknight,frost,18,4,14
Saurøn,chogall,349,deathknight,frost,11,4,7
Душанерзула,howling-fjord,330,deathknight,frost,18,6,12
Macskye,malfurion,320,deathknight,frost,10,4,6
Vín,silvermoon,319,deathknight,frost,10,4,6
Hailay,ysondre,288,deathknight,frost,6,3,3
Myzouth,silvermoon,288,deathknight,frost,6,3,3
Nÿr,dalaran,288,deathknight,frost,6,3,3
Dudik,sylvanas,288,deathknight,frost,6,3,3
Lukus,sanguino,288,deathknight,frost,6,3,3
Ogomegee,ravencrest,288,deathknight,frost,6,3,3
Трибунальщик,gordunni,288,deathknight,frost,6,3,3
Modelo,twisting-nether,288,deathknight,frost,6,3,3
Xanthic,ravencrest,288,deathknight,frost,6,3,3
Средозавр,howling-fjord,288,deathknight,frost,6,3,3
Кромгонище,soulflayer,288,deathknight,frost,6,3,3
Molgoth,outland,288,deathknight,frost,6,3,3
Oscman,silvermoon,288,deathknight,frost,6,3,3
Vexxed,magtheridon,288,deathknight,frost,6,3,3
Джеттар,howling-fjord,288,deathknight,frost,6,3,3
Necrozy,aggra-português,288,deathknight,frost,6,3,3
Шэйп,fordragon,288,deathknight,frost,6,3,3
Винерас,soulflayer,288,deathknight,frost,6,3,3
Toshiroo,draenor,288,deathknight,frost,6,3,3
Микелон,gordunni,288,deathknight,frost,6,3,3
Nasxsy,blackmoore,288,deathknight,frost,6,3,3
Petardodupy,burning-legion,288,deathknight,frost,6,3,3
Tómér,outland,288,deathknight,frost,6,3,3
Vaanor,draenor,288,deathknight,frost,6,3,3
Dêeath,madmortem,288,deathknight,frost,6,3,3
Jjayker,kazzak,288,deathknight,frost,6,3,3
Mauor,argent-dawn,288,deathknight,frost,6,3,3
Гурий,ashenvale,288,deathknight,frost,6,3,3
Madsgrip,tarren-mill,288,deathknight,frost,6,3,3
Kèén,kazzak,288,deathknight,frost,6,3,3
Keridíin,twisting-nether,288,deathknight,frost,6,3,3
Whippy,ravencrest,288,deathknight,frost,6,3,3
Савамура,gordunni,288,deathknight,frost,6,3,3
Neptunium,archimonde,288,deathknight,frost,6,3,3
Hellcrusher,kazzak,288,deathknight,frost,6,3,3
Loorda,kazzak,288,deathknight,frost,6,3,3
Cyphîllyth,auchindoun,288,deathknight,frost,6,3,3
Lair,shendralar,288,deathknight,frost,6,3,3
Bêllør,archimonde,288,deathknight,frost,6,3,3
Castlevanía,ravencrest,288,deathknight,frost,6,3,3
Cptneverdie,stormscale,288,deathknight,frost,6,3,3
Fallén,stormrage,288,deathknight,frost,6,3,3
Persefal,nemesis,288,deathknight,frost,6,3,3
Desulól,tarren-mill,288,deathknight,frost,9,4,5
Merdenhall,argent-dawn,288,deathknight,frost,7,3,4
Nexxel,blackhand,288,deathknight,frost,11,3,8
Gorruk,malorne,288,deathknight,frost,12,3,9
Powerlifting,los-errantes,288,deathknight,frost,12,3,9
Milchimhaus,dun-morogh,288,deathknight,frost,12,3,9
Prekliatylad,burning-blade,288,deathknight,frost,12,3,9
Thilior,silvermoon,288,deathknight,frost,12,3,9
Yäägöö,tarren-mill,288,deathknight,frost,12,3,9
Thedk,voljin,288,deathknight,frost,12,3,9
Obstwald,blackrock,288,deathknight,frost,12,3,9
Râke,teldrassil,288,deathknight,frost,12,3,9
Moohammood,argent-dawn,288,deathknight,frost,12,3,9
Discochoppa,blackmoore,288,deathknight,frost,12,3,9
Семиран,gordunni,288,deathknight,frost,12,3,9
Emielf,silvermoon,288,deathknight,frost,12,3,9
Ezlar,silvermoon,288,deathknight,frost,12,3,9
Тенелла,gordunni,288,deathknight,frost,12,3,9
Chifuyu,azjolnerub,288,deathknight,frost,12,3,9
Корольбич,soulflayer,288,deathknight,frost,13,3,10
Ilumëo,quelthalas,287,deathknight,frost,6,3,3
Balekouille,eldrethalas,287,deathknight,frost,6,3,3
Brantiss,defias-brotherhood,287,deathknight,frost,6,3,3
Itzdarklord,blackhand,286,deathknight,frost,6,3,3
Whitedead,destromath,286,deathknight,frost,6,3,3
Tiunping,silvermoon,286,deathknight,frost,12,3,9
Housemeyster,antonidas,286,deathknight,frost,12,3,9
Deadorcy,kazzak,285,deathknight,frost,9,4,5
Venthyrgwa,kazzak,284,deathknight,frost,7,5,2
Rubyblood,aggra-português,271,deathknight,frost,11,3,8
Blueironjr,kazzak,239,deathknight,frost,5,3,2
Aeneriah,tarren-mill,223,deathknight,frost,8,3,5
ßæst,archimonde,208,deathknight,frost,7,3,4
Dimania,the-maelstrom,192,deathknight,frost,4,3,1
Necrossis,stormscale,192,deathknight,frost,6,2,4
Dreadmind,blackrock,192,deathknight,frost,6,2,4
Tyró,ravencrest,192,deathknight,frost,6,2,4
Vadamee,ravencrest,192,deathknight,frost,6,2,4
Royalcrown,stormscale,192,deathknight,frost,6,2,4
Likell,argent-dawn,192,deathknight,frost,6,2,4
Сивкабурка,fordragon,192,deathknight,frost,6,2,4
Капустас,gordunni,192,deathknight,frost,6,2,4
Archdemonio,wildhammer,192,deathknight,frost,6,2,4
Babsyknight,wildhammer,192,deathknight,frost,6,2,4
Ilovegouàng,khaz-modan,192,deathknight,frost,6,2,4
Dklol,dun-morogh,192,deathknight,frost,6,2,4
Ðeathceptiøn,dun-modr,192,deathknight,frost,6,2,4
Аирфрост,howling-fjord,192,deathknight,frost,6,2,4
Arjaden,doomhammer,192,deathknight,frost,6,2,4
Lemonhazebg,stormscale,192,deathknight,frost,6,2,4
Mennal,the-maelstrom,192,deathknight,frost,6,2,4
Darksoulk,frostmane,192,deathknight,frost,6,2,4
Frostplague,aegwynn,192,deathknight,frost,6,2,4
Notstacy,dragonblight,192,deathknight,frost,6,2,4
Doubledead,the-maelstrom,192,deathknight,frost,6,2,4
Эвессом,goldrinn,192,deathknight,frost,6,2,4
Vaffe,tarren-mill,192,deathknight,frost,6,2,4
Nergål,sanguino,192,deathknight,frost,6,2,4
Ratge,hyjal,192,deathknight,frost,6,2,4
Dysnomiya,antonidas,192,deathknight,frost,6,2,4
Doozz,draenor,192,deathknight,frost,6,2,4
Nèrfx,ragnaros,192,deathknight,frost,6,2,4
Pandahapcii,ragnaros,192,deathknight,frost,6,2,4
Rømnie,la-croisade-écarlate,192,deathknight,frost,6,2,4
Karaliuss,draenor,192,deathknight,frost,6,2,4
Highblood,tarren-mill,192,deathknight,frost,6,2,4
Seasonfive,arathor,192,deathknight,frost,6,2,4
Ikarack,twisting-nether,192,deathknight,frost,6,2,4
Силдэус,galakrond,192,deathknight,frost,6,2,4
Bytedk,aggra-português,192,deathknight,frost,6,2,4
Abomination,emeriss,192,deathknight,frost,6,2,4
Ghaloob,draenor,192,deathknight,frost,6,2,4
Windieselx,ragnaros,192,deathknight,frost,6,2,4
Olexeshh,blackhand,192,deathknight,frost,6,2,4
Toffy,anetheron,192,deathknight,frost,6,2,4
Unholz,kazzak,192,deathknight,frost,6,2,4
Deadlygnome,silvermoon,192,deathknight,frost,12,2,10
Бахлыщ,soulflayer,192,deathknight,frost,12,2,10
Kenseisan,kazzak,192,deathknight,frost,12,2,10
Erilisa,malorne,192,deathknight,frost,12,2,10
Adreak,defias-brotherhood,192,deathknight,frost,12,2,10
Narrua,die-aldor,192,deathknight,frost,12,2,10
Lillekas,outland,192,deathknight,frost,12,2,10
Dklékata,archimonde,192,deathknight,frost,12,2,10
Tüsa,exodar,192,deathknight,frost,18,2,16
Moograine,anachronos,191,deathknight,frost,6,2,4
Lithirion,ysondre,191,deathknight,frost,6,2,4
Ренкус,grom,191,deathknight,frost,6,2,4
Bloodywife,die-ewige-wacht,159,deathknight,frost,5,2,3
Endlesspain,burning-legion,138,deathknight,frost,8,3,5
Xyrosa,argent-dawn,128,deathknight,frost,4,2,2
Негинд,fordragon,96,deathknight,frost,3,2,1
Alameda,nathrezim,96,deathknight,frost,11,5,6
Hydross,archimonde,96,deathknight,frost,6,1,5
Hurz,archimonde,96,deathknight,frost,6,1,5
Буризан,blackscar,96,deathknight,frost,6,1,5
Dïkcite,archimonde,96,deathknight,frost,6,1,5
Brurf,ysondre,96,deathknight,frost,6,1,5
Thryndiel,ravencrest,96,deathknight,frost,6,1,5
Wântted,archimonde,96,deathknight,frost,6,1,5
Feddk,stormscale,96,deathknight,frost,6,1,5
Thirtyfour,aegwynn,96,deathknight,frost,6,1,5
Идзанаги,blackscar,96,deathknight,frost,6,1,5
Armanelo,stormscale,96,deathknight,frost,6,1,5
Mârlák,blackhand,96,deathknight,frost,6,1,5
Slimez,magtheridon,96,deathknight,frost,6,1,5
Veleran,blackrock,96,deathknight,frost,6,1,5
Rudysek,dunemaul,96,deathknight,frost,6,1,5
Zagoôo,outland,96,deathknight,frost,6,1,5
Дкшрёдингера,gordunni,96,deathknight,frost,6,1,5
Jenkk,drakthul,96,deathknight,frost,6,1,5
Mizrael,burning-blade,96,deathknight,frost,6,1,5
Thínkk,ysondre,96,deathknight,frost,6,1,5
Jacksc,aggramar,96,deathknight,frost,6,1,5
Synthwave,tarren-mill,96,deathknight,frost,6,1,5
Syncros,blackrock,96,deathknight,frost,6,1,5
Zpartan,ragnaros,96,deathknight,frost,6,1,5
Thyrandre,khaz-modan,96,deathknight,frost,6,1,5
Pokkel,silvermoon,96,deathknight,frost,6,1,5
Greatgrips,argent-dawn,96,deathknight,frost,6,1,5
Gigadk,ragnaros,96,deathknight,frost,6,1,5
Sokkara,silvermoon,96,deathknight,frost,6,1,5
Apacstanya,ragnaros,96,deathknight,frost,6,1,5
Gotbaked,outland,96,deathknight,frost,6,1,5
Ischozâr,blackmoore,96,deathknight,frost,6,1,5
Veçh,turalyon,96,deathknight,frost,6,1,5
Lusankyaa,argent-dawn,96,deathknight,frost,6,1,5
Umadßroh,sanguino,96,deathknight,frost,6,1,5
Rognvald,les-sentinelles,96,deathknight,frost,6,1,5
Lilliith,sanguino,96,deathknight,frost,6,1,5
Urukaye,silvermoon,96,deathknight,frost,6,1,5
Yoroh,magtheridon,96,deathknight,frost,6,1,5
Промештейн,gordunni,96,deathknight,frost,9,1,8
Shaturi,antonidas,96,deathknight,frost,12,1,11
Burebistà,eonar,96,deathknight,frost,12,1,11
Лятеха,gordunni,96,deathknight,frost,12,1,11
Nirna,argent-dawn,96,deathknight,frost,18,1,17
Pandòrà,dun-modr,79,deathknight,frost,5,1,4
Infamousmobb,archimonde,79,deathknight,frost,5,1,4
Zýnês,thrall,79,deathknight,frost,5,1,4
Ilaenu,ravencrest,42,deathknight,frost,8,2,6
Grubyr,burning-legion,31,deathknight,frost,2,1,1
Norgan,die-aldor,2339,demonhunter,havoc,153,85,68
Norgàn,die-aldor,2297,demonhunter,havoc,98,56,42
Glìmpsêgøðx,twisting-nether,2296,demonhunter,havoc,202,110,92
Íllìðåñgøðx,twisting-nether,2287,demonhunter,havoc,202,104,98
Dripcatchér,ravencrest,2237,demonhunter,havoc,78,46,32
Elswavé,kazzak,2231,demonhunter,havoc,168,95,73
Guësswho,twisting-nether,2201,demonhunter,havoc,105,54,51
Zuklio,ysondre,2189,demonhunter,havoc,158,82,76
Razzagall,elune,2186,demonhunter,havoc,66,35,31
Mips,ghostlands,2181,demonhunter,havoc,114,59,55
Zslebaans,dun-modr,2173,demonhunter,havoc,266,134,132
Ðesz,sanguino,2153,demonhunter,havoc,95,52,43
Itsdampbaby,kazzak,2151,demonhunter,havoc,121,63,58
Majînßûü,ravencrest,2147,demonhunter,havoc,77,42,35
Battlebruh,ghostlands,2143,demonhunter,havoc,116,59,57
Мортрэд,gordunni,2133,demonhunter,havoc,107,66,41
Siuli,minahonda,2133,demonhunter,havoc,84,42,42
Brolafsen,ravencrest,2128,demonhunter,havoc,108,57,51
Ewynadh,die-aldor,2127,demonhunter,havoc,241,124,117
Enysia,twisting-nether,2127,demonhunter,havoc,122,62,60
Badtime,malganis,2126,demonhunter,havoc,218,117,101
Çøçáîné,argent-dawn,2126,demonhunter,havoc,168,87,81
Natosyywaor,dun-modr,2124,demonhunter,havoc,77,40,37
Hellwynne,archimonde,2117,demonhunter,havoc,134,78,56
Rùkîbazùkï,ravencrest,2116,demonhunter,havoc,77,47,30
Melan,sanguino,2116,demonhunter,havoc,108,54,54
Лфгхиро,soulflayer,2101,demonhunter,havoc,65,37,28
Milanto,antonidas,2094,demonhunter,havoc,131,69,62
Paschli,tarren-mill,2069,demonhunter,havoc,246,130,116
Boostbydh,archimonde,2059,demonhunter,havoc,279,143,136
Heatx,ysondre,2058,demonhunter,havoc,198,107,91
Évø,silvermoon,2056,demonhunter,havoc,119,58,61
Gíftig,ravencrest,2038,demonhunter,havoc,137,76,61
Cuddlypeanut,argent-dawn,2034,demonhunter,havoc,249,123,126
Истребитель,blackscar,2031,demonhunter,havoc,372,204,168
Betterevoker,outland,2026,demonhunter,havoc,270,144,126
Læsy,antonidas,2023,demonhunter,havoc,157,81,76
Wibez,twisting-nether,2018,demonhunter,havoc,172,96,76
Demonalpha,stormscale,2018,demonhunter,havoc,61,34,27
Nèvér,silvermoon,2014,demonhunter,havoc,143,74,69
Neunelfturbo,ravencrest,2007,demonhunter,havoc,77,48,29
Avye,tichondrius,2006,demonhunter,havoc,78,41,37
Brawndow,draenor,1999,demonhunter,havoc,206,107,99
Gilletteabdi,argent-dawn,1999,demonhunter,havoc,139,71,68
Illíllìllî,twisting-nether,1998,demonhunter,havoc,60,33,27
Диджейвжух,gordunni,1996,demonhunter,havoc,143,72,71
Scubaman,tarren-mill,1992,demonhunter,havoc,120,64,56
Smydi,blackmoore,1991,demonhunter,havoc,112,82,30
Ææçëñ,ravencrest,1990,demonhunter,havoc,82,46,36
Veon,ravencrest,1988,demonhunter,havoc,281,136,145
Ezrnkone,stormscale,1983,demonhunter,havoc,83,51,32
Wàýztøpgx,ravencrest,1983,demonhunter,havoc,131,60,71
Yúki,blackrock,1979,demonhunter,havoc,72,36,36
Apfelbaum,die-aldor,1971,demonhunter,havoc,72,50,22
Bämbøué,hyjal,1970,demonhunter,havoc,113,56,57
Anabbele,kazzak,1968,demonhunter,havoc,96,52,44
Skywålker,stormscale,1965,demonhunter,havoc,105,56,49
Depure,blackrock,1964,demonhunter,havoc,99,47,52
Ohseri,defias-brotherhood,1962,demonhunter,havoc,239,117,122
Finwe,outland,1959,demonhunter,havoc,75,44,31
Майотх,gordunni,1949,demonhunter,havoc,235,121,114
Lelaniae,blackhand,1947,demonhunter,havoc,78,34,44
Mavorz,blackhand,1946,demonhunter,havoc,54,32,22
Aiean,ravencrest,1945,demonhunter,havoc,342,170,172
Sofun,stormscale,1944,demonhunter,havoc,410,205,205
Battlebruuh,ghostlands,1935,demonhunter,havoc,66,27,39
Lassudan,stormreaver,1932,demonhunter,havoc,80,41,39
Lòsêr,ravencrest,1932,demonhunter,havoc,72,36,36
Tórstenstøck,ravencrest,1928,demonhunter,havoc,71,48,23
Satånist,outland,1928,demonhunter,havoc,310,162,148
Kïng,frostmane,1923,demonhunter,havoc,126,82,44
Майвэйх,soulflayer,1922,demonhunter,havoc,124,62,62
Chïbrøne,archimonde,1922,demonhunter,havoc,78,35,43
Carritoscrm,outland,1920,demonhunter,havoc,90,40,50
Dpsspec,draenor,1919,demonhunter,havoc,108,52,56
Нэйтиси,soulflayer,1918,demonhunter,havoc,86,46,40
Ïfï,archimonde,1918,demonhunter,havoc,177,94,83
Burchulica,sylvanas,1917,demonhunter,havoc,66,39,27
Cydh,auchindoun,1917,demonhunter,havoc,90,45,45
Zkrdh,kazzak,1914,demonhunter,havoc,83,41,42
Maytherel,blackhand,1911,demonhunter,havoc,180,89,91
Pulsefuzzy,burning-legion,1908,demonhunter,havoc,71,39,32
Krm,dun-modr,1907,demonhunter,havoc,67,36,31
Viced,kazzak,1905,demonhunter,havoc,78,38,40
Antrix,ravencrest,1899,demonhunter,havoc,42,23,19
Bigmóm,stormscale,1899,demonhunter,havoc,78,37,41
Солфдх,fordragon,1898,demonhunter,havoc,90,42,48
Зарах,gordunni,1897,demonhunter,havoc,96,55,41
Írony,draenor,1897,demonhunter,havoc,152,72,80
Çrymemøre,dun-modr,1893,demonhunter,havoc,132,71,61
Shattre,silvermoon,1892,demonhunter,havoc,107,53,54
Ourius,blackmoore,1891,demonhunter,havoc,48,27,21
Mojothejojo,ravencrest,1891,demonhunter,havoc,124,69,55
Pipeandy,kazzak,1891,demonhunter,havoc,101,53,48
Моигваза,soulflayer,1890,demonhunter,havoc,59,30,29
Åáäàáåàáäàáå,dun-modr,1890,demonhunter,havoc,69,35,34
Yukiz,ravencrest,1889,demonhunter,havoc,72,35,37
Хэллшок,eversong,1888,demonhunter,havoc,120,61,59
Evilidan,hyjal,1886,demonhunter,havoc,54,26,28
Perojeina,draenor,1885,demonhunter,havoc,41,22,19
Dizbi,argent-dawn,1884,demonhunter,havoc,153,90,63
Wibergdh,kazzak,1882,demonhunter,havoc,72,38,34
Schrewneil,twisting-nether,1882,demonhunter,havoc,72,30,42
Рензокукеен,gordunni,1881,demonhunter,havoc,60,33,27
Damatche,outland,1880,demonhunter,havoc,178,88,90
Ûro,dun-modr,1879,demonhunter,havoc,72,34,38
Mittÿ,tarren-mill,1878,demonhunter,havoc,119,58,61
Brunhity,twisting-nether,1878,demonhunter,havoc,59,28,31
Cuirnoir,ravencrest,1877,demonhunter,havoc,60,35,25
Клопобойка,gordunni,1876,demonhunter,havoc,91,49,42
Máédhros,ravencrest,1875,demonhunter,havoc,64,33,31
Boxssabanned,archimonde,1875,demonhunter,havoc,137,67,70
Jumpmeister,ragnaros,1873,demonhunter,havoc,48,30,18
Nøbodyx,tarren-mill,1873,demonhunter,havoc,102,50,52
Yerla,burning-legion,1873,demonhunter,havoc,69,30,39
Dämonbumm,blackmoore,1870,demonhunter,havoc,57,31,26
Donkeydh,tarren-mill,1868,demonhunter,havoc,54,36,18
Nèvér,kazzak,1866,demonhunter,havoc,56,34,22
Empúsa,stormscale,1864,demonhunter,havoc,158,84,74
Sturmimon,arthas,1864,demonhunter,havoc,78,36,42
Zireáel,stormscale,1861,demonhunter,havoc,68,39,29
Jincksdh,kazzak,1861,demonhunter,havoc,61,29,32
Rvnx,archimonde,1859,demonhunter,havoc,323,174,149
Ranked,drakthul,1858,demonhunter,havoc,191,93,98
Kebabidin,kazzak,1858,demonhunter,havoc,67,31,36
Kindablind,aggramar,1857,demonhunter,havoc,119,60,59
Chxpo,twisting-nether,1855,demonhunter,havoc,95,51,44
Mädchen,blackhand,1854,demonhunter,havoc,48,23,25
Mongoose,drakthul,1853,demonhunter,havoc,166,86,80
Mønkeyx,kazzak,1849,demonhunter,havoc,60,36,24
Iryut,onyxia,1848,demonhunter,havoc,108,54,54
Notlars,chamber-of-aspects,1847,demonhunter,havoc,65,37,28
Flyingwhale,terokkar,1846,demonhunter,havoc,81,46,35
Shotraklul,zuljin,1846,demonhunter,havoc,60,29,31
Grimjow,arthas,1843,demonhunter,havoc,73,34,39
Bloodwatcher,twisting-nether,1842,demonhunter,havoc,54,27,27
Alundil,ravencrest,1841,demonhunter,havoc,84,48,36
Màuul,ravencrest,1839,demonhunter,havoc,207,102,105
Rxor,eredar,1838,demonhunter,havoc,120,66,54
Çøððøøððøøðð,blackmoore,1838,demonhunter,havoc,336,169,167
Fotmdehatwo,blackrock,1837,demonhunter,havoc,61,32,29
Ilovelilith,zuljin,1837,demonhunter,havoc,129,67,62
Minifranger,archimonde,1837,demonhunter,havoc,195,101,94
Smoothbraiin,ravencrest,1836,demonhunter,havoc,137,76,61
Delanoss,blackmoore,1836,demonhunter,havoc,157,81,76
Whøo,stormscale,1835,demonhunter,havoc,26,24,2
Ðoksy,archimonde,1835,demonhunter,havoc,60,31,29
Lasaka,stormscale,1833,demonhunter,havoc,155,95,60
Deehâ,eredar,1832,demonhunter,havoc,84,48,36
Itadora,antonidas,1832,demonhunter,havoc,95,48,47
Zeroques,frostmane,1831,demonhunter,havoc,66,33,33
Сасун,galakrond,1831,demonhunter,havoc,69,32,37
Supay,rexxar,1830,demonhunter,havoc,58,31,27
Demoncyka,twisting-nether,1830,demonhunter,havoc,76,34,42
Mür,nordrassil,1830,demonhunter,havoc,59,26,33
Charteryo,eredar,1829,demonhunter,havoc,60,35,25
Kardyö,archimonde,1829,demonhunter,havoc,120,57,63
Аркантт,soulflayer,1828,demonhunter,havoc,207,99,108
Yamehd,stormreaver,1827,demonhunter,havoc,42,26,16
Pogdh,silvermoon,1827,demonhunter,havoc,81,46,35
Sayph,hyjal,1826,demonhunter,havoc,54,30,24
Anerana,malganis,1826,demonhunter,havoc,154,73,81
Leýara,blackmoore,1825,demonhunter,havoc,56,35,21
Сибу,soulflayer,1825,demonhunter,havoc,48,21,27
Ricedh,blackhand,1824,demonhunter,havoc,48,27,21
Shtahuntna,tarren-mill,1824,demonhunter,havoc,317,178,139
Mürh,nordrassil,1824,demonhunter,havoc,54,25,29
Malignantx,ragnaros,1823,demonhunter,havoc,56,31,25
Barneeéy,tarren-mill,1823,demonhunter,havoc,113,62,51
Chàk,marécage-de-zangar,1822,demonhunter,havoc,162,76,86
Brainlessdmg,ragnaros,1821,demonhunter,havoc,48,28,20
Khétí,tarren-mill,1821,demonhunter,havoc,101,53,48
Uldren,defias-brotherhood,1821,demonhunter,havoc,200,102,98
Zedxx,kazzak,1820,demonhunter,havoc,135,70,65
Dadøw,dun-modr,1820,demonhunter,havoc,72,34,38
Onof,hyjal,1820,demonhunter,havoc,96,43,53
Элизар,howling-fjord,1819,demonhunter,havoc,138,70,68
Камуи,gordunni,1818,demonhunter,havoc,111,57,54
Amnésysx,ysondre,1818,demonhunter,havoc,72,35,37
Luwayne,blackmoore,1818,demonhunter,havoc,47,21,26
Corvox,argent-dawn,1818,demonhunter,havoc,75,32,43
Dreamslash,tarren-mill,1817,demonhunter,havoc,52,29,23
Shyynedh,grim-batol,1817,demonhunter,havoc,87,47,40
Bogren,sylvanas,1817,demonhunter,havoc,107,51,56
Elipireli,doomhammer,1817,demonhunter,havoc,72,34,38
Zhadrom,ragnaros,1817,demonhunter,havoc,72,31,41
Сосочков,soulflayer,1816,demonhunter,havoc,265,137,128
Dhgoddess,kazzak,1815,demonhunter,havoc,48,25,23
Drmanaburn,ravencrest,1814,demonhunter,havoc,42,26,16
Perna,ghostlands,1814,demonhunter,havoc,74,34,40
Unseenshadow,ragnaros,1813,demonhunter,havoc,60,25,35
Гранкрю,blackscar,1812,demonhunter,havoc,60,36,24
Найтшифт,blackscar,1811,demonhunter,havoc,46,29,17
Enjøybrah,nemesis,1811,demonhunter,havoc,139,79,60
Revérse,stormscale,1811,demonhunter,havoc,36,19,17
Vexanic,chamber-of-aspects,1811,demonhunter,havoc,93,49,44
Djratatouill,kazzak,1810,demonhunter,havoc,42,27,15
Firstwolf,twisting-nether,1810,demonhunter,havoc,65,31,34
Хменчик,soulflayer,1809,demonhunter,havoc,97,47,50
Mandariâ,blackmoore,1808,demonhunter,havoc,60,32,28
Sàskiàn,draenor,1808,demonhunter,havoc,102,50,52
Felom,garona,1806,demonhunter,havoc,138,75,63
Дантеллиан,gordunni,1806,demonhunter,havoc,216,117,99
Rabæ,blackhand,1806,demonhunter,havoc,102,54,48
Fullsënd,ragnaros,1805,demonhunter,havoc,250,129,121
Eréthrus,ravencrest,1805,demonhunter,havoc,67,32,35
Simshady,stormscale,1803,demonhunter,havoc,120,70,50
Illidarisi,auchindoun,1803,demonhunter,havoc,102,58,44
Kividari,dun-modr,1803,demonhunter,havoc,101,50,51
Jawohunt,rexxar,1803,demonhunter,havoc,108,49,59
Stràt,ysondre,1803,demonhunter,havoc,72,31,41
Mazöku,ravencrest,1802,demonhunter,havoc,158,84,74
Phesxdh,sylvanas,1801,demonhunter,havoc,122,77,45
Konydh,outland,1801,demonhunter,havoc,184,92,92
Barbarinjo,silvermoon,1800,demonhunter,havoc,36,22,14
Jimfromsales,argent-dawn,1800,demonhunter,havoc,36,19,17
Onlyfangodx,antonidas,1800,demonhunter,havoc,36,19,17
Carboen,tarren-mill,1800,demonhunter,havoc,102,53,49
Batik,blackmoore,1800,demonhunter,havoc,226,114,112
Vaiprix,ragnaros,1800,demonhunter,havoc,48,24,24
Weback,ravencrest,1800,demonhunter,havoc,78,37,41
Jco,kazzak,1800,demonhunter,havoc,50,23,27
Миелион,gordunni,1800,demonhunter,havoc,65,29,36
Allosa,argent-dawn,1799,demonhunter,havoc,54,31,23
Badtimes,malganis,1799,demonhunter,havoc,249,123,126
Mentalìst,blackmoore,1797,demonhunter,havoc,141,80,61
Icekissl,hyjal,1797,demonhunter,havoc,40,20,20
Bestro,tarren-mill,1796,demonhunter,havoc,98,52,46
Бабкамопед,howling-fjord,1796,demonhunter,havoc,155,80,75
Broilerx,balnazzar,1796,demonhunter,havoc,102,52,50
Maurî,tarren-mill,1796,demonhunter,havoc,55,25,30
Демонблэйдс,gordunni,1795,demonhunter,havoc,78,40,38
Khrtdh,silvermoon,1794,demonhunter,havoc,42,24,18
Уполномочен,howling-fjord,1794,demonhunter,havoc,60,32,28
Camtoe,ravencrest,1793,demonhunter,havoc,264,144,120
Ozu,blackrock,1793,demonhunter,havoc,60,29,31
Fiveyearques,sylvanas,1792,demonhunter,havoc,111,51,60
Funkiller,stormscale,1790,demonhunter,havoc,82,43,39
Mazeeken,kazzak,1790,demonhunter,havoc,75,38,37
Ethína,kazzak,1790,demonhunter,havoc,72,35,37
Дезлее,gordunni,1788,demonhunter,havoc,66,36,30
Kostiq,kazzak,1787,demonhunter,havoc,59,30,29
Brawngodx,draenor,1786,demonhunter,havoc,97,62,35
Кайренсс,howling-fjord,1786,demonhunter,havoc,42,19,23
Нереалочка,blackscar,1785,demonhunter,havoc,36,19,17
Dânÿ,elune,1785,demonhunter,havoc,123,62,61
Amatèrasú,kazzak,1784,demonhunter,havoc,58,29,29
Jeannedäsh,archimonde,1784,demonhunter,havoc,91,43,48
Oniramqt,aegwynn,1784,demonhunter,havoc,84,37,47
Krmâ,blackrock,1784,demonhunter,havoc,83,36,47
Dbolmami,twisting-nether,1783,demonhunter,havoc,40,27,13
Ráiku,ravencrest,1783,demonhunter,havoc,54,27,27
Nyalah,eredar,1781,demonhunter,havoc,60,32,28
Mollamaija,defias-brotherhood,1781,demonhunter,havoc,67,32,35
Kâsúxôxô,ravencrest,1780,demonhunter,havoc,46,27,19
Oldforwow,outland,1780,demonhunter,havoc,192,97,95
Скинр,soulflayer,1779,demonhunter,havoc,90,51,39
Dooj,sylvanas,1779,demonhunter,havoc,42,21,21
Xarôth,eredar,1779,demonhunter,havoc,72,33,39
Gøat,nemesis,1777,demonhunter,havoc,110,61,49
Walkmyshoes,twisting-nether,1777,demonhunter,havoc,126,59,67
Врежимеэтти,soulflayer,1776,demonhunter,havoc,70,37,33
Gnarpump,emeriss,1776,demonhunter,havoc,54,27,27
Maevê,frostmourne,1776,demonhunter,havoc,49,23,26
Merelini,twisting-nether,1775,demonhunter,havoc,46,25,21
Nuxzhell,tarren-mill,1774,demonhunter,havoc,388,196,192
Cláw,ravencrest,1774,demonhunter,havoc,102,50,52
Demonmatheo,stormscale,1771,demonhunter,havoc,60,34,26
Daemonax,ragnaros,1767,demonhunter,havoc,80,39,41
Гвинович,blackscar,1764,demonhunter,havoc,142,71,71
Tozpak,sylvanas,1764,demonhunter,havoc,68,30,38
Nillrogthedh,stormscale,1763,demonhunter,havoc,203,120,83
Eyasluna,twisting-nether,1762,demonhunter,havoc,94,42,52
Broglaive,sylvanas,1760,demonhunter,havoc,96,52,44
Подэхилла,galakrond,1760,demonhunter,havoc,116,62,54
Accurate,sanguino,1760,demonhunter,havoc,54,27,27
Mâdzylîa,archimonde,1760,demonhunter,havoc,53,24,29
Cumbayá,draenor,1759,demonhunter,havoc,36,22,14
Hunee,kazzak,1759,demonhunter,havoc,129,72,57
Reckqt,eredar,1759,demonhunter,havoc,48,23,25
Ted,frostwolf,1759,demonhunter,havoc,78,36,42
Солстрэйл,gordunni,1758,demonhunter,havoc,59,33,26
Nørðìç,nordrassil,1756,demonhunter,havoc,36,21,15
Dantert,zuljin,1756,demonhunter,havoc,42,24,18
Солевыеглефы,gordunni,1755,demonhunter,havoc,50,33,17
Yarrøck,silvermoon,1755,demonhunter,havoc,150,79,71
Wyna,aggra-português,1755,demonhunter,havoc,160,80,80
Rïmðh,haomarush,1754,demonhunter,havoc,53,28,25
Shanaplow,hyjal,1754,demonhunter,havoc,72,33,39
Zerinitý,outland,1753,demonhunter,havoc,78,42,36
Qqski,kazzak,1752,demonhunter,havoc,36,22,14
Primolover,outland,1751,demonhunter,havoc,66,33,33
Anzz,kazzak,1750,demonhunter,havoc,78,42,36
Calloww,kazzak,1750,demonhunter,havoc,37,19,18
Dasein,tarren-mill,1750,demonhunter,havoc,72,34,38
Zy,ahnqiraj,1748,demonhunter,havoc,41,23,18
Nopredh,blackrock,1748,demonhunter,havoc,71,34,37
Sailen,blackmoore,1748,demonhunter,havoc,59,28,31
Coolpizzaguy,twisting-nether,1748,demonhunter,havoc,66,29,37
Happýk,kazzak,1747,demonhunter,havoc,30,20,10
Nerronaxd,silvermoon,1746,demonhunter,havoc,147,77,70
Luunz,argent-dawn,1746,demonhunter,havoc,219,109,110
Ehrin,lightbringer,1746,demonhunter,havoc,100,49,51
Xotourlife,stormscale,1744,demonhunter,havoc,36,22,14
Xenits,kazzak,1744,demonhunter,havoc,83,43,40
Lagseven,ravencrest,1744,demonhunter,havoc,63,31,32
Véin,stormscale,1744,demonhunter,havoc,53,23,30
Chotzbrocke,blackhand,1743,demonhunter,havoc,42,23,19
Турботашш,soulflayer,1743,demonhunter,havoc,144,72,72
Billyhassan,kazzak,1742,demonhunter,havoc,48,31,17
Автокикер,soulflayer,1742,demonhunter,havoc,66,36,30
Íamprepared,tarren-mill,1742,demonhunter,havoc,54,24,30
Kïallz,hyjal,1741,demonhunter,havoc,487,253,234
Filthyape,ravencrest,1741,demonhunter,havoc,54,26,28
Jórúnn,twisting-nether,1739,demonhunter,havoc,72,39,33
Dxæn,archimonde,1739,demonhunter,havoc,77,40,37
Jotaros,ravencrest,1739,demonhunter,havoc,48,20,28
Anubias,ravencrest,1738,demonhunter,havoc,96,44,52
Makwah,kazzak,1737,demonhunter,havoc,48,20,28
Susanoø,eredar,1735,demonhunter,havoc,213,116,97
Lemondehunta,twisting-nether,1734,demonhunter,havoc,48,28,20
Edh,dalaran,1734,demonhunter,havoc,107,56,51
Фавлав,ashenvale,1734,demonhunter,havoc,56,29,27
Razex,kazzak,1734,demonhunter,havoc,162,83,79
Мэйзиквин,howling-fjord,1734,demonhunter,havoc,309,156,153
Stickidan,malganis,1734,demonhunter,havoc,90,42,48
Bojestvena,twisting-nether,1733,demonhunter,havoc,264,128,136
Dêyza,archimonde,1733,demonhunter,havoc,58,26,32
Йактон,soulflayer,1731,demonhunter,havoc,42,20,22
Voicechat,tarren-mill,1730,demonhunter,havoc,36,22,14
Séphrióth,frostwolf,1730,demonhunter,havoc,72,43,29
Zakaji,blackmoore,1730,demonhunter,havoc,56,33,23
Blæm,archimonde,1730,demonhunter,havoc,63,33,30
Usaïnbolts,archimonde,1730,demonhunter,havoc,66,31,35
Ewlyna,stormscale,1730,demonhunter,havoc,48,22,26
Narlà,silvermoon,1729,demonhunter,havoc,36,27,9
Malabala,grim-batol,1729,demonhunter,havoc,47,28,19
Barny,skullcrusher,1729,demonhunter,havoc,275,140,135
Turbomenak,drakthul,1728,demonhunter,havoc,54,34,20
Faufilé,garona,1728,demonhunter,havoc,185,93,92
Азместь,howling-fjord,1727,demonhunter,havoc,42,20,22
Hopéless,aggra-português,1726,demonhunter,havoc,64,30,34
Shadowjambo,twisting-nether,1725,demonhunter,havoc,81,45,36
Эссенденс,gordunni,1725,demonhunter,havoc,58,29,29
Kinstak,sanguino,1725,demonhunter,havoc,54,27,27
Slaanaesh,kazzak,1724,demonhunter,havoc,80,36,44
Opmuch,eonar,1723,demonhunter,havoc,144,79,65
Airelidari,tyrande,1723,demonhunter,havoc,215,106,109
Immørtaldh,tarren-mill,1723,demonhunter,havoc,48,23,25
Eyecandy,scarshield-legion,1723,demonhunter,havoc,138,66,72
Yousaindh,blackrock,1723,demonhunter,havoc,72,33,39
Sepdy,draenor,1722,demonhunter,havoc,140,76,64
Maskinegoðx,tarren-mill,1722,demonhunter,havoc,48,24,24
Fruchtzwerg,tarren-mill,1721,demonhunter,havoc,131,71,60
Felpsita,kazzak,1721,demonhunter,havoc,60,30,30
Illislan,darksorrow,1721,demonhunter,havoc,275,134,141
Koiskdh,tarren-mill,1719,demonhunter,havoc,58,33,25
Baddxd,ragnaros,1719,demonhunter,havoc,62,31,31
Balberith,twisting-nether,1718,demonhunter,havoc,132,69,63
Cheetòs,blackmoore,1717,demonhunter,havoc,57,33,24
Håssan,ravencrest,1717,demonhunter,havoc,42,24,18
Aarondh,ravencrest,1716,demonhunter,havoc,40,26,14
Periphere,eredar,1715,demonhunter,havoc,42,22,20
Felen,zuljin,1715,demonhunter,havoc,149,73,76
Imslapping,draenor,1714,demonhunter,havoc,126,68,58
Гивюрхартми,gordunni,1714,demonhunter,havoc,95,42,53
Purpleturtle,blackrock,1712,demonhunter,havoc,54,26,28
Aethinos,sylvanas,1711,demonhunter,havoc,66,39,27
Enfy,twisting-nether,1711,demonhunter,havoc,95,47,48
Ðemøñsåy,blackrock,1711,demonhunter,havoc,296,146,150
Нсэнс,soulflayer,1710,demonhunter,havoc,60,34,26
Nyalaah,eredar,1710,demonhunter,havoc,48,26,22
Teladar,outland,1709,demonhunter,havoc,50,28,22
Demonkata,twisting-nether,1709,demonhunter,havoc,128,71,57
Лизарин,gordunni,1708,demonhunter,havoc,101,46,55
Haldin,kazzak,1707,demonhunter,havoc,94,47,47
Vizh,aegwynn,1707,demonhunter,havoc,60,25,35
Mcfitty,stormscale,1706,demonhunter,havoc,60,35,25
Kezumå,tarren-mill,1706,demonhunter,havoc,114,57,57
Yaboyferv,tarren-mill,1705,demonhunter,havoc,48,19,29
Belákor,twisting-nether,1704,demonhunter,havoc,319,161,158
Neralith,ravencrest,1703,demonhunter,havoc,119,62,57
Kryux,blackrock,1702,demonhunter,havoc,39,22,17
Авилолз,gordunni,1702,demonhunter,havoc,48,25,23
Donipwnz,blackrock,1702,demonhunter,havoc,107,46,61
Kolísenn,drakthul,1701,demonhunter,havoc,114,61,53
Aeko,silvermoon,1701,demonhunter,havoc,90,43,47
Hcsgötze,dalaran,1700,demonhunter,havoc,118,67,51
Найтбладия,gordunni,1699,demonhunter,havoc,113,59,54
Eurobeat,dun-modr,1697,demonhunter,havoc,185,97,88
Tanjero,stormscale,1696,demonhunter,havoc,53,36,17
Possomhd,kazzak,1695,demonhunter,havoc,195,105,90
Olddemon,ravencrest,1694,demonhunter,havoc,98,67,31
Trashcarlitô,eredar,1693,demonhunter,havoc,80,41,39
Myuøu,hyjal,1692,demonhunter,havoc,35,18,17
Tyssra,argent-dawn,1692,demonhunter,havoc,335,161,174
Indral,argent-dawn,1691,demonhunter,havoc,95,52,43
Despèradø,archimonde,1691,demonhunter,havoc,182,98,84
Ðêmønìnsìðê,blackmoore,1690,demonhunter,havoc,42,25,17
Axxad,kazzak,1690,demonhunter,havoc,66,35,31
Demobob,tarren-mill,1686,demonhunter,havoc,48,23,25
Batx,ravencrest,1686,demonhunter,havoc,64,28,36
Rasenhunt,blackmoore,1684,demonhunter,havoc,88,41,47
Slutkitten,ravencrest,1684,demonhunter,havoc,48,21,27
Omegasyx,dun-modr,1683,demonhunter,havoc,81,44,37
Бананчикус,gordunni,1683,demonhunter,havoc,72,37,35
Emurid,les-sentinelles,1682,demonhunter,havoc,54,26,28
Míàkhãlîfâýð,stormscale,1682,demonhunter,havoc,62,26,36
Øoröra,hyjal,1681,demonhunter,havoc,94,58,36
Культсмерти,howling-fjord,1681,demonhunter,havoc,90,36,54
Yorxdh,eredar,1680,demonhunter,havoc,45,27,18
Хингарский,deathguard,1680,demonhunter,havoc,92,53,39
Hofisis,kazzak,1680,demonhunter,havoc,48,27,21
Demonzøku,ravencrest,1680,demonhunter,havoc,36,18,18
Zahadius,silvermoon,1679,demonhunter,havoc,53,35,18
Schøck,blackhand,1679,demonhunter,havoc,48,29,19
Altsta,draenor,1679,demonhunter,havoc,64,33,31
Maøu,hyjal,1678,demonhunter,havoc,41,24,17
Zintu,draenor,1678,demonhunter,havoc,180,93,87
Asmonsmash,twisting-nether,1678,demonhunter,havoc,56,27,29
Ïîï,archimonde,1678,demonhunter,havoc,173,75,98
Hialdoo,bladefist,1676,demonhunter,havoc,54,26,28
Авалиас,gordunni,1675,demonhunter,havoc,48,31,17
Vorbis,twisting-nether,1675,demonhunter,havoc,180,93,87
Jaquees,stormscale,1674,demonhunter,havoc,54,29,25
Çôæ,twisting-nether,1674,demonhunter,havoc,255,125,130
Ifeeldirty,draenor,1673,demonhunter,havoc,45,26,19
Soizis,drakthul,1673,demonhunter,havoc,72,37,35
Twopumpchump,twisting-nether,1673,demonhunter,havoc,98,48,50
Hialdoo,sylvanas,1672,demonhunter,havoc,66,29,37
Soysoyum,draenor,1671,demonhunter,havoc,54,27,27
Azaleia,archimonde,1670,demonhunter,havoc,184,96,88
Lanadelbae,teldrassil,1670,demonhunter,havoc,178,91,87
Demondulle,kazzak,1670,demonhunter,havoc,66,25,41
Neverdance,ravencrest,1669,demonhunter,havoc,48,22,26
Badreal,sylvanas,1668,demonhunter,havoc,78,35,43
Bokajr,ragnaros,1664,demonhunter,havoc,64,34,30
Øctågøñ,blackrock,1664,demonhunter,havoc,116,60,56
Thingawoop,tarren-mill,1664,demonhunter,havoc,73,36,37
Gwoodza,archimonde,1664,demonhunter,havoc,48,20,28
Demondusk,silvermoon,1663,demonhunter,havoc,42,21,21
Márcin,burning-legion,1663,demonhunter,havoc,88,42,46
Felski,outland,1663,demonhunter,havoc,67,30,37
Âyro,ravencrest,1662,demonhunter,havoc,84,48,36
Weez,kilrogg,1662,demonhunter,havoc,248,121,127
Elenôy,antonidas,1661,demonhunter,havoc,42,22,20
Ferihokurva,outland,1660,demonhunter,havoc,54,26,28
Nisirae,argent-dawn,1659,demonhunter,havoc,138,80,58
Crappyftw,ravencrest,1659,demonhunter,havoc,530,275,255
Nagatobimaru,tarren-mill,1659,demonhunter,havoc,109,55,54
Shabalda,dun-morogh,1659,demonhunter,havoc,112,54,58
Lilydrop,varimathras,1659,demonhunter,havoc,51,20,31
Мишаметапамп,grom,1658,demonhunter,havoc,44,23,21
Nøvillain,blackrock,1657,demonhunter,havoc,102,59,43
Hornyhexy,stormscale,1657,demonhunter,havoc,270,141,129
Shadyblady,nemesis,1656,demonhunter,havoc,208,102,106
Carablue,hyjal,1656,demonhunter,havoc,42,20,22
Jnfd,outland,1656,demonhunter,havoc,50,22,28
Fizzpep,eredar,1655,demonhunter,havoc,52,25,27
Èfiie,culte-de-la-rive-noire,1655,demonhunter,havoc,95,45,50
Vayshi,turalyon,1654,demonhunter,havoc,42,20,22
Шизванаденс,gordunni,1653,demonhunter,havoc,47,26,21
Инферналка,howling-fjord,1652,demonhunter,havoc,98,54,44
Эллий,blackscar,1652,demonhunter,havoc,72,33,39
Anayihh,dun-modr,1652,demonhunter,havoc,65,29,36
Illidiangød,sanguino,1650,demonhunter,havoc,36,21,15
Hagana,tirion,1650,demonhunter,havoc,42,22,20
Дэн,blackscar,1650,demonhunter,havoc,112,52,60
Dldb,dentarg,1649,demonhunter,havoc,48,32,16
Deocleo,draenor,1649,demonhunter,havoc,43,24,19
Sandem,blackrock,1649,demonhunter,havoc,54,30,24
Аллидариан,howling-fjord,1649,demonhunter,havoc,41,20,21
Dhhduhd,blackrock,1649,demonhunter,havoc,45,19,26
Tamtheone,silvermoon,1648,demonhunter,havoc,114,61,53
Demonichanta,azjolnerub,1648,demonhunter,havoc,208,106,102
Амбату,howling-fjord,1646,demonhunter,havoc,56,38,18
Gigasloth,outland,1645,demonhunter,havoc,42,29,13
Lhya,tarren-mill,1645,demonhunter,havoc,60,32,28
Lilfly,twisting-nether,1645,demonhunter,havoc,36,19,17
Felwinter,ravencrest,1645,demonhunter,havoc,210,102,108
Prepared,kaelthas,1645,demonhunter,havoc,63,29,34
Aofaye,aegwynn,1645,demonhunter,havoc,77,29,48
Ekaõs,les-sentinelles,1644,demonhunter,havoc,53,28,25
Alythes,stormscale,1644,demonhunter,havoc,176,90,86
Рейз,howling-fjord,1644,demonhunter,havoc,144,70,74
Benihimee,twisting-nether,1644,demonhunter,havoc,72,35,37
Hauntedseoul,grim-batol,1643,demonhunter,havoc,138,83,55
Spiriteru,archimonde,1643,demonhunter,havoc,48,26,22
Мэртольятти,soulflayer,1643,demonhunter,havoc,157,81,76
Alareey,antonidas,1643,demonhunter,havoc,183,91,92
Killia,lothar,1642,demonhunter,havoc,42,24,18
Jolyh,nemesis,1641,demonhunter,havoc,95,53,42
Zamassu,kazzak,1641,demonhunter,havoc,48,25,23
Bestboytoy,ravencrest,1641,demonhunter,havoc,53,27,26
Депрессивдед,gordunni,1641,demonhunter,havoc,72,35,37
Elsynn,dalaran,1640,demonhunter,havoc,132,62,70
Ranzerg,tarren-mill,1639,demonhunter,havoc,60,38,22
Firebringer,silvermoon,1639,demonhunter,havoc,42,23,19
Persio,sanguino,1639,demonhunter,havoc,135,73,62
Loucee,blackhand,1639,demonhunter,havoc,90,47,43
Муими,soulflayer,1639,demonhunter,havoc,84,37,47
Bizl,arygos,1638,demonhunter,havoc,30,19,11
Flys,doomhammer,1637,demonhunter,havoc,122,64,58
Mêgumi,kirin-tor,1637,demonhunter,havoc,232,119,113
Zayláh,ravencrest,1637,demonhunter,havoc,93,46,47
Picpouc,archimonde,1637,demonhunter,havoc,54,24,30
Sturmovik,ravencrest,1636,demonhunter,havoc,36,23,13
Brodor,alakir,1636,demonhunter,havoc,48,24,24
Phudi,tarren-mill,1635,demonhunter,havoc,274,142,132
ßerdína,tarren-mill,1635,demonhunter,havoc,93,47,46
Riptos,blackhand,1635,demonhunter,havoc,46,22,24
Ðêmønìç,area-52,1634,demonhunter,havoc,54,32,22
Verybigdps,aegwynn,1634,demonhunter,havoc,42,23,19
Nepthýs,blackhand,1634,demonhunter,havoc,75,33,42
Azraethx,ravencrest,1633,demonhunter,havoc,66,38,28
Èstefany,stormscale,1633,demonhunter,havoc,96,53,43
Djdeathsweep,blackrock,1633,demonhunter,havoc,36,19,17
Смутсайбот,howling-fjord,1633,demonhunter,havoc,48,22,26
Moojdh,malganis,1632,demonhunter,havoc,96,57,39
Kamoridh,blackhand,1632,demonhunter,havoc,36,21,15
Zernoid,kazzak,1630,demonhunter,havoc,36,21,15
Великаямыша,blackscar,1628,demonhunter,havoc,56,33,23
Velysaría,guldan,1628,demonhunter,havoc,121,62,59
Блъя,gordunni,1628,demonhunter,havoc,42,21,21
Юзлескласс,gordunni,1627,demonhunter,havoc,36,20,16
Felbannedguy,twisting-nether,1627,demonhunter,havoc,42,23,19
Dinastye,archimonde,1627,demonhunter,havoc,168,90,78
Шахдан,howling-fjord,1627,demonhunter,havoc,103,55,48
Tdh,sanguino,1627,demonhunter,havoc,36,19,17
Оригамушка,gordunni,1627,demonhunter,havoc,48,23,25
Крикадский,howling-fjord,1626,demonhunter,havoc,90,54,36
Illidankxx,sylvanas,1626,demonhunter,havoc,73,43,30
Omegapump,ravencrest,1626,demonhunter,havoc,36,19,17
Akaria,blackrock,1625,demonhunter,havoc,99,64,35
Vênedri,eredar,1625,demonhunter,havoc,63,39,24
Jumboo,tarren-mill,1625,demonhunter,havoc,53,29,24
Isito,draenor,1625,demonhunter,havoc,66,35,31
Stazó,drakthul,1625,demonhunter,havoc,145,71,74
Azmodían,silvermoon,1625,demonhunter,havoc,75,36,39
Sonreye,kazzak,1625,demonhunter,havoc,41,18,23
Lindzor,frostmane,1624,demonhunter,havoc,47,32,15
Ðârksìðê,stormscale,1624,demonhunter,havoc,48,28,20
Bruxdh,colinas-pardas,1624,demonhunter,havoc,40,21,19
Soysoyum,argent-dawn,1624,demonhunter,havoc,42,19,23
Onecho,ragnaros,1623,demonhunter,havoc,30,18,12
Koomaliha,outland,1623,demonhunter,havoc,85,42,43
Talisnar,nemesis,1623,demonhunter,havoc,117,52,65
Urukguy,silvermoon,1622,demonhunter,havoc,66,37,29
Garoteromani,draenor,1622,demonhunter,havoc,154,86,68
Бельторо,soulflayer,1622,demonhunter,havoc,123,68,55
Âspen,archimonde,1622,demonhunter,havoc,143,78,65
Saisahan,archimonde,1621,demonhunter,havoc,119,68,51
Akkixy,die-aldor,1621,demonhunter,havoc,53,30,23
Ilidrax,hyjal,1621,demonhunter,havoc,48,23,25
Dhvyx,hyjal,1621,demonhunter,havoc,106,46,60
Doomcake,emeriss,1619,demonhunter,havoc,48,27,21
Dragontwist,sylvanas,1619,demonhunter,havoc,42,22,20
Alcóhon,ravencrest,1619,demonhunter,havoc,41,21,20
Huntoverkill,hyjal,1618,demonhunter,havoc,54,31,23
Midoaa,nerathor,1618,demonhunter,havoc,42,22,20
Rylqt,blackmoore,1618,demonhunter,havoc,121,59,62
Fazero,silvermoon,1618,demonhunter,havoc,90,43,47
Heimnar,frostmane,1618,demonhunter,havoc,36,17,19
Keanujeeves,dentarg,1617,demonhunter,havoc,114,68,46
Nowhereturun,stormscale,1617,demonhunter,havoc,48,26,22
Cptncucumber,blackmoore,1617,demonhunter,havoc,201,100,101
Dedemøn,ysondre,1617,demonhunter,havoc,51,23,28
Abuelodosaka,dun-modr,1616,demonhunter,havoc,36,20,16
Пибзянка,howling-fjord,1616,demonhunter,havoc,36,20,16
Ðisgraze,argent-dawn,1616,demonhunter,havoc,245,126,119
Ботология,gordunni,1616,demonhunter,havoc,78,37,41
Aroxos,draenor,1616,demonhunter,havoc,64,29,35
Abendro,twisting-nether,1615,demonhunter,havoc,134,75,59
Xalgalor,silvermoon,1615,demonhunter,havoc,72,40,32
Wojtall,silvermoon,1615,demonhunter,havoc,378,194,184
Muyoni,eredar,1615,demonhunter,havoc,48,20,28
Itàchì,kazzak,1614,demonhunter,havoc,36,23,13
Leesplays,ravencrest,1614,demonhunter,havoc,60,36,24
Kuromiya,nemesis,1614,demonhunter,havoc,36,21,15
Trickstero,ragnaros,1614,demonhunter,havoc,92,43,49
Фэсс,soulflayer,1613,demonhunter,havoc,65,35,30
Integer,tarren-mill,1613,demonhunter,havoc,116,59,57
Nyxxeria,drakthul,1613,demonhunter,havoc,57,28,29
Влажныйдемон,soulflayer,1612,demonhunter,havoc,30,25,5
Venatica,twisting-nether,1612,demonhunter,havoc,108,62,46
Havocer,burning-legion,1612,demonhunter,havoc,120,63,57
Kéftëmé,ravencrest,1612,demonhunter,havoc,84,43,41
Thedudex,dunemaul,1612,demonhunter,havoc,44,21,23
Sekørm,ragnaros,1612,demonhunter,havoc,48,21,27
Кейтпрнстарс,howling-fjord,1611,demonhunter,havoc,148,75,73
Netherim,twisting-nether,1611,demonhunter,havoc,122,52,70
Азелира,gordunni,1610,demonhunter,havoc,84,47,37
Kéøn,ravencrest,1610,demonhunter,havoc,102,55,47
Gündüzgezen,silvermoon,1610,demonhunter,havoc,59,30,29
Ultîma,hyjal,1610,demonhunter,havoc,54,21,33
Crylater,twisting-nether,1609,demonhunter,havoc,42,26,16
Дайкиаомине,soulflayer,1609,demonhunter,havoc,36,19,17
Akalàkarcher,hyjal,1608,demonhunter,havoc,130,67,63
Breezzdh,twisting-nether,1608,demonhunter,havoc,71,32,39
Demøniac,ravencrest,1607,demonhunter,havoc,102,59,43
Enthia,antonidas,1607,demonhunter,havoc,119,65,54
Râindra,twisting-nether,1607,demonhunter,havoc,168,87,81
Geauxinue,archimonde,1607,demonhunter,havoc,42,20,22
Майкелелекек,gordunni,1606,demonhunter,havoc,36,17,19
Kins,dun-modr,1606,demonhunter,havoc,66,29,37
Pvpabuser,ravencrest,1605,demonhunter,havoc,71,43,28
Höllymedx,blackmoore,1605,demonhunter,havoc,30,17,13
Destinado,aggra-português,1605,demonhunter,havoc,54,30,24
ßerdíná,tarren-mill,1605,demonhunter,havoc,60,31,29
Rhinozerg,kazzak,1605,demonhunter,havoc,39,18,21
Demonjagge,tarren-mill,1604,demonhunter,havoc,36,24,12
Escaboyx,stormscale,1604,demonhunter,havoc,41,27,14
Aedilles,ravencrest,1604,demonhunter,havoc,54,33,21
Szexypopsi,ragnaros,1604,demonhunter,havoc,89,50,39
Gonextbg,tarren-mill,1604,demonhunter,havoc,187,100,87
Nixzon,thrall,1604,demonhunter,havoc,78,31,47
Tylleröwittu,grim-batol,1603,demonhunter,havoc,66,35,31
Trashclass,draenor,1603,demonhunter,havoc,34,18,16
Блэйденрифтс,soulflayer,1603,demonhunter,havoc,40,20,20
Lolliance,talnivarr,1603,demonhunter,havoc,42,20,22
Jamzydemon,kazzak,1602,demonhunter,havoc,24,17,7
Coniras,dun-morogh,1602,demonhunter,havoc,54,30,24
Вскрыша,soulflayer,1602,demonhunter,havoc,36,20,16
Kekburagól,kazzak,1602,demonhunter,havoc,39,21,18
Draxie,turalyon,1602,demonhunter,havoc,111,58,53
Freylis,burning-legion,1602,demonhunter,havoc,62,31,31
Синнэрлити,soulflayer,1602,demonhunter,havoc,54,25,29
Zoyle,blackrock,1602,demonhunter,havoc,54,22,32
Тяннейм,deathguard,1601,demonhunter,havoc,72,37,35
Riñ,twisting-nether,1601,demonhunter,havoc,70,27,43
Hextechz,stormscale,1600,demonhunter,havoc,81,45,36
Yarudh,blackrock,1600,demonhunter,havoc,78,41,37
Jinwoo,area-52,1600,demonhunter,havoc,42,19,23
Ícéìnmývèins,stormscale,1600,demonhunter,havoc,45,20,25
Släshes,kazzak,1599,demonhunter,havoc,74,36,38
Sweetpety,tarren-mill,1598,demonhunter,havoc,153,81,72
Ryänåir,ravencrest,1598,demonhunter,havoc,85,45,40
Razrsolo,tarren-mill,1598,demonhunter,havoc,111,58,53
Cappaowx,ravencrest,1597,demonhunter,havoc,30,21,9
Wintalker,nemesis,1597,demonhunter,havoc,94,48,46
Thorno,argent-dawn,1597,demonhunter,havoc,60,22,38
Maupau,ravencrest,1596,demonhunter,havoc,60,36,24
Schejtan,blackmoore,1596,demonhunter,havoc,60,36,24
Knmdemon,draenor,1596,demonhunter,havoc,36,21,15
Antidevil,kazzak,1596,demonhunter,havoc,129,73,56
Malakbel,nemesis,1595,demonhunter,havoc,294,152,142
Matally,khaz-modan,1595,demonhunter,havoc,60,30,30
Цезарий,gordunni,1594,demonhunter,havoc,195,101,94
Calcïum,archimonde,1594,demonhunter,havoc,106,46,60
Inolia,argent-dawn,1594,demonhunter,havoc,52,22,30
Ячмо,gordunni,1593,demonhunter,havoc,40,22,18
Glayvie,kazzak,1593,demonhunter,havoc,69,32,37
Bhairav,silvermoon,1591,demonhunter,havoc,36,21,15
Smâshêd,stormscale,1591,demonhunter,havoc,98,53,45
Hatemaker,burning-legion,1590,demonhunter,havoc,80,44,36
Shirra,shadowsong,1590,demonhunter,havoc,95,44,51
Speedførce,antonidas,1590,demonhunter,havoc,138,63,75
Onebuttonxd,ravencrest,1588,demonhunter,havoc,66,39,27
Soulstacker,outland,1587,demonhunter,havoc,36,19,17
Lghdtv,ravencrest,1587,demonhunter,havoc,78,40,38
Deathe,kilrogg,1587,demonhunter,havoc,66,31,35
Tatenzex,stormscale,1586,demonhunter,havoc,36,24,12
Evil,uldum,1586,demonhunter,havoc,149,77,72
Pinkberry,outland,1586,demonhunter,havoc,42,21,21
Khray,archimonde,1585,demonhunter,havoc,42,21,21
Киттигоплей,soulflayer,1585,demonhunter,havoc,102,48,54
Baball,kazzak,1584,demonhunter,havoc,123,70,53
Shivarræ,stormreaver,1584,demonhunter,havoc,48,27,21
Telarris,twisting-nether,1584,demonhunter,havoc,305,166,139
Трукейт,gordunni,1582,demonhunter,havoc,56,33,23
Кельдарк,soulflayer,1582,demonhunter,havoc,265,133,132
Demonmancer,ravencrest,1581,demonhunter,havoc,282,144,138
Onizukadh,archimonde,1581,demonhunter,havoc,48,20,28
Gushìñgwøuñð,blackmoore,1580,demonhunter,havoc,23,17,6
Ðanizâ,aegwynn,1579,demonhunter,havoc,48,24,24
Ydrael,terokkar,1578,demonhunter,havoc,54,29,25
Gïzmó,tarren-mill,1578,demonhunter,havoc,60,30,30
Полутемный,howling-fjord,1577,demonhunter,havoc,42,24,18
Кавайтити,howling-fjord,1577,demonhunter,havoc,60,32,28
Coffeecount,twisting-nether,1577,demonhunter,havoc,36,19,17
Аитерия,gordunni,1576,demonhunter,havoc,30,23,7
Геммула,howling-fjord,1576,demonhunter,havoc,150,73,77
Davidastt,drakthul,1576,demonhunter,havoc,95,43,52
Kãzïn,archimonde,1574,demonhunter,havoc,65,30,35
Róxor,twisting-nether,1574,demonhunter,havoc,87,35,52
Shylaría,blackhand,1573,demonhunter,havoc,42,20,22
Shaihulud,sanguino,1571,demonhunter,havoc,336,174,162
Molntuss,ravencrest,1571,demonhunter,havoc,86,37,49
Крикетчсв,soulflayer,1570,demonhunter,havoc,54,30,24
Shadoss,ravencrest,1570,demonhunter,havoc,132,66,66
Junkai,echsenkessel,1569,demonhunter,havoc,57,30,27
Lòsâng,sanguino,1569,demonhunter,havoc,117,53,64
Táti,blackrock,1568,demonhunter,havoc,36,17,19
Ignasei,archimonde,1568,demonhunter,havoc,81,36,45
Flaybalbooll,ragnaros,1566,demonhunter,havoc,309,164,145
Драксх,gordunni,1566,demonhunter,havoc,54,26,28
Minadng,silvermoon,1565,demonhunter,havoc,36,20,16
Xekaul,tarren-mill,1565,demonhunter,havoc,367,177,190
Dhqoo,blackrock,1565,demonhunter,havoc,42,18,24
Jugøbænned,blackrock,1564,demonhunter,havoc,42,27,15
Liladan,sylvanas,1564,demonhunter,havoc,30,17,13
Solarae,silvermoon,1564,demonhunter,havoc,127,67,60
Faytundh,kult-der-verdammten,1561,demonhunter,havoc,42,19,23
Eliyz,dalaran,1561,demonhunter,havoc,47,21,26
Nuitrayer,hyjal,1560,demonhunter,havoc,68,44,24
Аянамирейко,blackscar,1560,demonhunter,havoc,78,49,29
Xenca,ravencrest,1560,demonhunter,havoc,154,85,69
Smoochygodx,antonidas,1558,demonhunter,havoc,156,87,69
Ricmorphis,grim-batol,1557,demonhunter,havoc,65,28,37
Lawus,blackhand,1557,demonhunter,havoc,42,18,24
Quazr,outland,1556,demonhunter,havoc,236,129,107
Terrminator,darksorrow,1554,demonhunter,havoc,72,40,32
Akkita,ravencrest,1554,demonhunter,havoc,131,67,64
Guáca,draenor,1554,demonhunter,havoc,135,67,68
Êlva,alleria,1554,demonhunter,havoc,45,21,24
Thkingragnar,sanguino,1553,demonhunter,havoc,36,23,13
Slinks,silvermoon,1553,demonhunter,havoc,77,48,29
Kayzel,argent-dawn,1553,demonhunter,havoc,262,131,131
Illidrax,outland,1553,demonhunter,havoc,48,18,30
Suitcåséguy,ravencrest,1553,demonhunter,havoc,48,18,30
Glímpse,ravencrest,1552,demonhunter,havoc,78,39,39
Dhzor,twisting-nether,1552,demonhunter,havoc,64,32,32
Parmesano,tyrande,1551,demonhunter,havoc,90,55,35
Shylea,ravencrest,1551,demonhunter,havoc,126,66,60
Nolitara,exodar,1551,demonhunter,havoc,98,47,51
Felthunder,twisting-nether,1551,demonhunter,havoc,36,17,19
Fellespont,hellscream,1550,demonhunter,havoc,87,39,48
Spicysteve,tarren-mill,1549,demonhunter,havoc,99,61,38
Talamacus,outland,1549,demonhunter,havoc,54,31,23
Дэйзиджонсон,soulflayer,1549,demonhunter,havoc,59,30,29
Safedaddy,silvermoon,1548,demonhunter,havoc,33,18,15
Sebyk,doomhammer,1548,demonhunter,havoc,89,48,41
Самадиэль,soulflayer,1548,demonhunter,havoc,124,63,61
Padalecki,blackmoore,1548,demonhunter,havoc,35,17,18
Rezer,stormscale,1547,demonhunter,havoc,122,54,68
Kalr,silvermoon,1546,demonhunter,havoc,59,36,23
Elvenfrey,kazzak,1546,demonhunter,havoc,76,36,40
Cyfel,auchindoun,1545,demonhunter,havoc,35,17,18
Mephîsto,sylvanas,1544,demonhunter,havoc,144,76,68
Ragel,grim-batol,1544,demonhunter,havoc,59,25,34
Däshgødx,stormscale,1543,demonhunter,havoc,54,31,23
Exoqt,blackhand,1542,demonhunter,havoc,95,45,50
Valarauk,ravencrest,1541,demonhunter,havoc,255,138,117
Przemson,mazrigos,1540,demonhunter,havoc,113,55,58
Cynmatic,kargath,1540,demonhunter,havoc,74,36,38
Asporos,pozzo-delleternità,1540,demonhunter,havoc,55,23,32
Xetalar,burning-legion,1539,demonhunter,havoc,192,105,87
Штормдоттэр,howling-fjord,1539,demonhunter,havoc,48,26,22
Чанпэн,soulflayer,1539,demonhunter,havoc,128,68,60
Duffin,doomhammer,1538,demonhunter,havoc,138,69,69
Cantseêyou,blackmoore,1536,demonhunter,havoc,128,70,58
Evildeeb,kazzak,1536,demonhunter,havoc,36,18,18
Roaf,twisting-nether,1536,demonhunter,havoc,99,48,51
Winxclub,ravencrest,1535,demonhunter,havoc,113,62,51
Dominik,the-maelstrom,1535,demonhunter,havoc,150,82,68
Tachala,khaz-modan,1535,demonhunter,havoc,51,23,28
Méruème,hyjal,1534,demonhunter,havoc,43,22,21
Øhka,outland,1534,demonhunter,havoc,66,28,38
Rybn,eredar,1534,demonhunter,havoc,48,17,31
Ambudh,kazzak,1533,demonhunter,havoc,30,16,14
Клитозавр,gordunni,1533,demonhunter,havoc,36,16,20
Bichmicher,earthen-ring,1533,demonhunter,havoc,54,19,35
Demonade,ravencrest,1532,demonhunter,havoc,107,62,45
Asylèm,draenor,1532,demonhunter,havoc,36,19,17
Thorair,ravenholdt,1532,demonhunter,havoc,72,33,39
Zevsa,ravencrest,1531,demonhunter,havoc,63,31,32
Snibsxdh,silvermoon,1531,demonhunter,havoc,60,27,33
Kanabiztwo,outland,1528,demonhunter,havoc,95,48,47
Pibzya,ravencrest,1527,demonhunter,havoc,69,32,37
Morgothe,ysondre,1526,demonhunter,havoc,44,17,27
Niklâûs,ysondre,1525,demonhunter,havoc,48,33,15
Цэрри,soulflayer,1525,demonhunter,havoc,66,34,32
Ymmotep,draenor,1525,demonhunter,havoc,369,190,179
Drilloz,ravencrest,1524,demonhunter,havoc,30,18,12
Aenirá,tarren-mill,1524,demonhunter,havoc,95,47,48
Kranta,blackmoore,1524,demonhunter,havoc,52,23,29
Геннитиро,deathguard,1523,demonhunter,havoc,34,20,14
Snitchezz,blackmoore,1523,demonhunter,havoc,102,55,47
Yeedhlol,blackmoore,1523,demonhunter,havoc,30,16,14
Darrkmoff,sylvanas,1522,demonhunter,havoc,114,64,50
Турбосвинья,gordunni,1522,demonhunter,havoc,286,143,143
Zwizch,draenor,1522,demonhunter,havoc,71,32,39
Shyuk,sanguino,1521,demonhunter,havoc,24,16,8
Shiefwiggum,aegwynn,1521,demonhunter,havoc,42,22,20
Knùbbz,ravencrest,1520,demonhunter,havoc,86,43,43
Ðèaðlýsins,kazzak,1517,demonhunter,havoc,72,38,34
Unkqt,dalaran,1517,demonhunter,havoc,54,25,29
Imsickleavme,draenor,1516,demonhunter,havoc,118,60,58
Azzïnoth,sargeras,1515,demonhunter,havoc,36,17,19
Demonicdingo,lightnings-blade,1515,demonhunter,havoc,102,48,54
Exceltor,sanguino,1515,demonhunter,havoc,66,25,41
Dhsheesh,draenor,1514,demonhunter,havoc,48,25,23
Myztiko,hellscream,1514,demonhunter,havoc,188,97,91
Monkeypox,twisting-nether,1514,demonhunter,havoc,160,81,79
Ноубрейндыха,gordunni,1514,demonhunter,havoc,443,224,219
Felguard,darksorrow,1514,demonhunter,havoc,72,33,39
Torporu,tarren-mill,1513,demonhunter,havoc,48,25,23
Taÿkyn,archimonde,1513,demonhunter,havoc,42,21,21
Эинхерия,soulflayer,1513,demonhunter,havoc,87,41,46
Satanmanna,twisting-nether,1513,demonhunter,havoc,84,39,45
Atlizzdh,twisting-nether,1513,demonhunter,havoc,54,25,29
Mephilax,stormscale,1512,demonhunter,havoc,30,17,13
Kanabiz,outland,1512,demonhunter,havoc,310,160,150
Länika,drakthul,1511,demonhunter,havoc,30,16,14
Ruíko,dun-morogh,1511,demonhunter,havoc,77,39,38
Ybou,archimonde,1510,demonhunter,havoc,42,16,26
Blacklidan,blackrock,1509,demonhunter,havoc,40,17,23
Сложныйдх,howling-fjord,1508,demonhunter,havoc,70,40,30
Fumbiidhx,thrall,1508,demonhunter,havoc,87,46,41
Bohchín,zuljin,1508,demonhunter,havoc,192,99,93
Neomicha,blackmoore,1508,demonhunter,havoc,77,39,38
Гневлуны,lich-king,1508,demonhunter,havoc,115,56,59
Sabe,ravencrest,1507,demonhunter,havoc,53,34,19
Geashy,blackrock,1507,demonhunter,havoc,52,31,21
Exact,throkferoth,1507,demonhunter,havoc,83,42,41
Ceyye,blackrock,1507,demonhunter,havoc,54,26,28
Mâlefiz,blackmoore,1507,demonhunter,havoc,48,22,26
Gandzsä,ragnaros,1507,demonhunter,havoc,78,35,43
Azaeel,blackhand,1507,demonhunter,havoc,42,17,25
Tenawees,blackmoore,1506,demonhunter,havoc,66,37,29
Lilitlovesme,blackmoore,1506,demonhunter,havoc,42,23,19
Ashiharademo,twilights-hammer,1506,demonhunter,havoc,102,53,49
Boozlike,tarren-mill,1506,demonhunter,havoc,120,60,60
Theaisbae,twisting-nether,1506,demonhunter,havoc,54,25,29
Tapio,burning-legion,1505,demonhunter,havoc,97,46,51
Ibeem,dentarg,1504,demonhunter,havoc,87,55,32
Änyä,ravencrest,1504,demonhunter,havoc,34,18,16
Ziltush,archimonde,1504,demonhunter,havoc,173,88,85
Дрэгонборн,howling-fjord,1504,demonhunter,havoc,60,29,31
Lyanadh,blackhand,1504,demonhunter,havoc,35,16,19
Sidekiq,silvermoon,1503,demonhunter,havoc,58,29,29
Felsbane,argent-dawn,1501,demonhunter,havoc,27,17,10
Кирсена,gordunni,1501,demonhunter,havoc,47,23,24
Хирако,booty-bay,1501,demonhunter,havoc,36,17,19
Iphanaa,frostmane,1500,demonhunter,havoc,116,57,59
Íllìðåñgøðx,antonidas,1500,demonhunter,havoc,118,57,61
Demonetized,blackrock,1500,demonhunter,havoc,36,17,19
Kanata,kazzak,1500,demonhunter,havoc,36,17,19
Мужна,grom,1499,demonhunter,havoc,58,31,27
Mikezilla,drakthul,1498,demonhunter,havoc,48,24,24
Версомния,gordunni,1497,demonhunter,havoc,42,20,22
Insaneomg,blackmoore,1497,demonhunter,havoc,40,16,24
Nxtpls,silvermoon,1496,demonhunter,havoc,96,48,48
Demonicrage,burning-legion,1495,demonhunter,havoc,32,18,14
Sonnefel,tarren-mill,1495,demonhunter,havoc,65,32,33
Cptxo,tarren-mill,1495,demonhunter,havoc,133,64,69
Kiirtach,dun-modr,1494,demonhunter,havoc,27,18,9
Blizdliksk,outland,1494,demonhunter,havoc,54,30,24
Amionisiken,amanthul,1493,demonhunter,havoc,109,61,48
Этмер,soulflayer,1493,demonhunter,havoc,60,31,29
Ashcan,tarren-mill,1493,demonhunter,havoc,88,44,44
Спииртт,blackscar,1493,demonhunter,havoc,48,16,32
Ayö,draenor,1492,demonhunter,havoc,139,76,63
Drphillidan,tarren-mill,1492,demonhunter,havoc,78,34,44
Vaimustus,outland,1492,demonhunter,havoc,54,19,35
Drakhiel,hyjal,1491,demonhunter,havoc,36,16,20
Мужичок,soulflayer,1490,demonhunter,havoc,183,93,90
Анавеллка,howling-fjord,1490,demonhunter,havoc,36,17,19
Exoduss,ravencrest,1489,demonhunter,havoc,69,33,36
Échô,tarren-mill,1489,demonhunter,havoc,40,18,22
Demogen,sylvanas,1488,demonhunter,havoc,162,89,73
Kolrex,ragnaros,1488,demonhunter,havoc,59,29,30
Läderjoel,ravencrest,1488,demonhunter,havoc,71,34,37
Alithy,kazzak,1487,demonhunter,havoc,150,84,66
Âyoôrts,archimonde,1487,demonhunter,havoc,53,27,26
Эльгастон,howling-fjord,1487,demonhunter,havoc,84,40,44
Дахану,soulflayer,1487,demonhunter,havoc,36,17,19
Фумиан,soulflayer,1486,demonhunter,havoc,94,44,50
Древиал,gordunni,1485,demonhunter,havoc,62,35,27
Hanuta,alleria,1485,demonhunter,havoc,30,16,14
Împd,ravencrest,1485,demonhunter,havoc,96,47,49
Zulthealbino,tarren-mill,1484,demonhunter,havoc,50,29,21
Zumei,stormreaver,1484,demonhunter,havoc,74,40,34
Покахонта,soulflayer,1484,demonhunter,havoc,100,54,46
Onlytwokeys,dun-modr,1483,demonhunter,havoc,96,48,48
Grimberg,tarren-mill,1482,demonhunter,havoc,126,66,60
Oonn,outland,1482,demonhunter,havoc,45,21,24
Morskivuk,draenor,1481,demonhunter,havoc,44,26,18
Gullveîg,archimonde,1481,demonhunter,havoc,60,33,27
Misli,stormscale,1480,demonhunter,havoc,54,29,25
Trinchensdh,blackhand,1480,demonhunter,havoc,66,33,33
Ülquiorrä,kazzak,1478,demonhunter,havoc,59,38,21
Хорбелий,deathguard,1478,demonhunter,havoc,102,52,50
Oggidanbuu,tarren-mill,1478,demonhunter,havoc,49,22,27
Toonsdh,kazzak,1477,demonhunter,havoc,127,71,56
Экселия,howling-fjord,1476,demonhunter,havoc,119,64,55
Jedbrazander,ragnaros,1476,demonhunter,havoc,36,18,18
Lolbalanced,burning-legion,1475,demonhunter,havoc,83,40,43
Неффкодх,howling-fjord,1475,demonhunter,havoc,55,26,29
Кррюкс,gordunni,1474,demonhunter,havoc,36,18,18
Ckboo,kazzak,1474,demonhunter,havoc,59,28,31
Siio,antonidas,1473,demonhunter,havoc,129,72,57
Thehûnt,outland,1472,demonhunter,havoc,101,55,46
Ryuwar,dun-modr,1472,demonhunter,havoc,105,51,54
Cielis,outland,1471,demonhunter,havoc,42,19,23
Treehunter,ravencrest,1470,demonhunter,havoc,30,16,14
Darrkdemon,kazzak,1470,demonhunter,havoc,321,160,161
Ардатйякши,borean-tundra,1470,demonhunter,havoc,98,39,59
Bippsy,zuljin,1469,demonhunter,havoc,57,33,24
Khalestya,shendralar,1469,demonhunter,havoc,205,104,101
Шалдарон,howling-fjord,1467,demonhunter,havoc,40,21,19
Zitx,ravencrest,1467,demonhunter,havoc,138,71,67
Piloudh,dalaran,1466,demonhunter,havoc,39,20,19
Spheria,outland,1465,demonhunter,havoc,183,82,101
Dyamo,sylvanas,1464,demonhunter,havoc,491,242,249
Incanator,tarren-mill,1464,demonhunter,havoc,142,69,73
Рэгес,howling-fjord,1463,demonhunter,havoc,30,16,14
Miyabí,drakthul,1463,demonhunter,havoc,60,23,37
Kiwicrash,tarren-mill,1462,demonhunter,havoc,66,32,34
Wirsing,azshara,1462,demonhunter,havoc,66,28,38
Frevee,outland,1460,demonhunter,havoc,137,75,62
Æä,draenor,1460,demonhunter,havoc,77,37,40
Pettitebang,ravencrest,1459,demonhunter,havoc,94,52,42
Kvye,archimonde,1459,demonhunter,havoc,30,16,14
Blîndmaster,ravencrest,1459,demonhunter,havoc,130,65,65
Métakagoule,ysondre,1459,demonhunter,havoc,93,45,48
Шэдоуштормх,soulflayer,1458,demonhunter,havoc,108,61,47
Feluron,silvermoon,1457,demonhunter,havoc,30,24,6
Actuallytrol,argent-dawn,1457,demonhunter,havoc,59,27,32
Toddsnuggles,thrall,1456,demonhunter,havoc,60,37,23
Yugsiturath,drakthul,1456,demonhunter,havoc,66,33,33
Merizane,antonidas,1455,demonhunter,havoc,68,35,33
Icelucard,argent-dawn,1454,demonhunter,havoc,99,53,46
Ratho,ragnaros,1453,demonhunter,havoc,53,32,21
Slaanesh,xavius,1451,demonhunter,havoc,39,25,14
Бичерезх,soulflayer,1451,demonhunter,havoc,67,39,28
Emerelle,die-aldor,1451,demonhunter,havoc,203,97,106
Kenzaii,aegwynn,1451,demonhunter,havoc,36,16,20
Skyborn,tarren-mill,1450,demonhunter,havoc,39,24,15
Dibo,blackmoore,1448,demonhunter,havoc,99,48,51
Lastactiondh,dun-morogh,1447,demonhunter,havoc,54,32,22
Charleyzard,argent-dawn,1447,demonhunter,havoc,33,17,16
Kyru,frostwhisper,1445,demonhunter,havoc,78,47,31
Karakas,drakthul,1445,demonhunter,havoc,30,18,12
Themen,ragnaros,1445,demonhunter,havoc,36,21,15
Malzehar,tarren-mill,1444,demonhunter,havoc,30,16,14
Szopóvadász,ragnaros,1444,demonhunter,havoc,48,20,28
Vexblade,silvermoon,1443,demonhunter,havoc,290,154,136
Qtt,arthas,1443,demonhunter,havoc,36,16,20
Tursal,dun-morogh,1442,demonhunter,havoc,39,22,17
Stellarvore,nemesis,1442,demonhunter,havoc,120,57,63
Ázârìûs,draenor,1440,demonhunter,havoc,42,19,23
Zopekztropek,burning-legion,1439,demonhunter,havoc,60,37,23
Дашажмимету,blackscar,1439,demonhunter,havoc,32,16,16
Nerudas,blackhand,1436,demonhunter,havoc,42,24,18
Bamßi,ragnaros,1436,demonhunter,havoc,36,16,20
Netrisha,ravencrest,1436,demonhunter,havoc,72,28,44
Джастх,howling-fjord,1435,demonhunter,havoc,24,15,9
Obitum,burning-legion,1435,demonhunter,havoc,188,100,88
Fiepsy,alexstrasza,1435,demonhunter,havoc,50,26,24
Erzàuwu,silvermoon,1435,demonhunter,havoc,36,15,21
Jïsoo,blackhand,1434,demonhunter,havoc,46,22,24
Kamaz,twisting-nether,1433,demonhunter,havoc,69,37,32
Isp,kazzak,1433,demonhunter,havoc,96,49,47
Shõ,twisting-nether,1433,demonhunter,havoc,42,15,27
Arnokia,kazzak,1432,demonhunter,havoc,132,63,69
Ashrena,ysondre,1431,demonhunter,havoc,48,32,16
Albunico,draenor,1431,demonhunter,havoc,147,77,70
Ðevl,blackmoore,1430,demonhunter,havoc,30,15,15
Guccibaby,silvermoon,1430,demonhunter,havoc,90,42,48
Остроухйй,blackscar,1430,demonhunter,havoc,66,30,36
Nvampire,draenor,1429,demonhunter,havoc,24,17,7
Øbsessiøn,kazzak,1429,demonhunter,havoc,107,53,54
Tyhaxx,ravencrest,1429,demonhunter,havoc,96,46,50
Bhaz,tichondrius,1428,demonhunter,havoc,30,16,14
Yvrig,eredar,1427,demonhunter,havoc,79,42,37
Mareen,pozzo-delleternità,1427,demonhunter,havoc,54,28,26
Aminféryadi,twisting-nether,1427,demonhunter,havoc,120,58,62
Blish,blackhand,1427,demonhunter,havoc,36,15,21
Kîrîto,nethersturm,1426,demonhunter,havoc,47,16,31
Deponiajkm,dun-modr,1424,demonhunter,havoc,30,15,15
Dhhuu,kazzak,1423,demonhunter,havoc,30,15,15
Nanana,doomhammer,1422,demonhunter,havoc,168,81,87
Daekon,ahnqiraj,1422,demonhunter,havoc,42,17,25
Enhtailo,draenor,1421,demonhunter,havoc,24,15,9
Chaosfist,blackrock,1421,demonhunter,havoc,73,38,35
Tayo,dun-modr,1421,demonhunter,havoc,71,35,36
Алькирена,howling-fjord,1420,demonhunter,havoc,36,21,15
Cheethless,ragnaros,1420,demonhunter,havoc,54,29,25
Келадор,soulflayer,1420,demonhunter,havoc,95,44,51
Kerog,blackmoore,1419,demonhunter,havoc,24,15,9
Fruttidimare,frostwolf,1419,demonhunter,havoc,153,79,74
Glavesong,burning-legion,1418,demonhunter,havoc,33,19,14
Palaurx,kazzak,1418,demonhunter,havoc,29,16,13
Spankoproof,kazzak,1418,demonhunter,havoc,30,16,14
Brisingamen,outland,1418,demonhunter,havoc,82,40,42
Dirtydoggy,dun-modr,1418,demonhunter,havoc,84,37,47
Aphulucky,kazzak,1418,demonhunter,havoc,48,21,27
Biü,tarren-mill,1418,demonhunter,havoc,42,16,26
Mëwë,hyjal,1417,demonhunter,havoc,32,19,13
Сочняга,gordunni,1417,demonhunter,havoc,42,15,27
Kékw,stormscale,1415,demonhunter,havoc,225,117,108
Razziyel,ragnaros,1415,demonhunter,havoc,65,33,32
Jazhz,dalaran,1415,demonhunter,havoc,36,17,19
Ðhgøðx,outland,1414,demonhunter,havoc,48,26,22
Alury,blackrock,1414,demonhunter,havoc,78,41,37
Felcaller,sylvanas,1414,demonhunter,havoc,65,34,31
Kélida,dun-modr,1414,demonhunter,havoc,45,17,28
Illyriel,antonidas,1413,demonhunter,havoc,70,33,37
Силдеус,galakrond,1412,demonhunter,havoc,24,18,6
Havocnslash,ragnaros,1411,demonhunter,havoc,42,23,19
Illiada,spinebreaker,1411,demonhunter,havoc,30,15,15
Afuwarrior,doomhammer,1408,demonhunter,havoc,100,52,48
Jesana,argent-dawn,1408,demonhunter,havoc,151,76,75
Рагнос,goldrinn,1408,demonhunter,havoc,48,16,32
Jennyßright,sargeras,1407,demonhunter,havoc,24,15,9
Ziplar,tarren-mill,1406,demonhunter,havoc,66,34,32
Kanéki,sylvanas,1405,demonhunter,havoc,29,22,7
Ììîîííììîîíí,tarren-mill,1404,demonhunter,havoc,30,15,15
Choclatballs,stormscale,1404,demonhunter,havoc,125,59,66
Saleny,blackrock,1404,demonhunter,havoc,36,15,21
Demonicano,draenor,1404,demonhunter,havoc,55,19,36
Cayssaelle,argent-dawn,1403,demonhunter,havoc,30,15,15
Thalamis,kazzak,1403,demonhunter,havoc,120,58,62
Apokalypsra,blackmoore,1403,demonhunter,havoc,115,55,60
Sayee,drakthul,1401,demonhunter,havoc,36,23,13
Vaynahi,grim-batol,1401,demonhunter,havoc,72,36,36
Баттлрэп,soulflayer,1401,demonhunter,havoc,92,42,50
Дикаяособа,howling-fjord,1400,demonhunter,havoc,63,32,31
Ragingbladex,kazzak,1399,demonhunter,havoc,53,29,24
Деструкцыя,howling-fjord,1399,demonhunter,havoc,57,30,27
Сихая,howling-fjord,1399,demonhunter,havoc,30,15,15
Demonsqueezy,nemesis,1398,demonhunter,havoc,53,31,22
Тириола,howling-fjord,1398,demonhunter,havoc,36,20,16
Pówèr,ravencrest,1398,demonhunter,havoc,60,33,27
Åelita,burning-legion,1398,demonhunter,havoc,34,17,17
Дэйнни,blackscar,1398,demonhunter,havoc,66,31,35
Нейроуз,howling-fjord,1396,demonhunter,havoc,166,90,76
Mihaliana,argent-dawn,1396,demonhunter,havoc,45,24,21
Philona,die-aldor,1396,demonhunter,havoc,164,85,79
Demonbean,stormscale,1396,demonhunter,havoc,52,23,29
Дартарин,gordunni,1395,demonhunter,havoc,62,34,28
Headlessdh,ragnaros,1395,demonhunter,havoc,75,36,39
Tòd,silvermoon,1395,demonhunter,havoc,74,34,40
Ikari,neptulon,1394,demonhunter,havoc,59,35,24
Убийца,soulflayer,1394,demonhunter,havoc,70,35,35
Aååááååââåâå,arygos,1394,demonhunter,havoc,30,15,15
Sadzari,burning-legion,1394,demonhunter,havoc,30,15,15
Ämi,blackmoore,1394,demonhunter,havoc,112,55,57
Immune,aegwynn,1394,demonhunter,havoc,36,17,19
Харольд,deepholm,1392,demonhunter,havoc,76,38,38
Нокаруру,gordunni,1392,demonhunter,havoc,42,20,22
Culywurly,silvermoon,1392,demonhunter,havoc,66,30,36
Testorex,kazzak,1392,demonhunter,havoc,42,19,23
Testôdh,blackrock,1392,demonhunter,havoc,52,18,34
Extraxtreme,ravencrest,1391,demonhunter,havoc,30,20,10
Coca,stormreaver,1391,demonhunter,havoc,54,30,24
Morvash,nemesis,1390,demonhunter,havoc,84,44,40
Paiz,grim-batol,1389,demonhunter,havoc,21,15,6
Нуунас,soulflayer,1388,demonhunter,havoc,92,40,52
Camilysu,perenolde,1388,demonhunter,havoc,41,16,25
Nørkos,ysondre,1387,demonhunter,havoc,28,16,12
Níghtwing,wildhammer,1386,demonhunter,havoc,65,32,33
Ihløøx,minahonda,1385,demonhunter,havoc,110,54,56
Иланари,gordunni,1384,demonhunter,havoc,35,24,11
Кайриель,gordunni,1384,demonhunter,havoc,30,17,13
Hatemrankone,outland,1383,demonhunter,havoc,51,23,28
Valkorion,chamber-of-aspects,1382,demonhunter,havoc,51,23,28
Scarebearz,outland,1381,demonhunter,havoc,150,86,64
Adraelia,archimonde,1381,demonhunter,havoc,87,48,39
Lydaro,malganis,1379,demonhunter,havoc,24,16,8
Zamp,deathwing,1379,demonhunter,havoc,48,22,26
Imlegalblind,ragnaros,1378,demonhunter,havoc,85,37,48
Shäck,archimonde,1374,demonhunter,havoc,96,47,49
Savagee,ragnaros,1373,demonhunter,havoc,36,16,20
Sua,outland,1372,demonhunter,havoc,132,70,62
Syonis,archimonde,1372,demonhunter,havoc,55,29,26
Tkr,zuljin,1371,demonhunter,havoc,108,56,52
Anstict,kazzak,1371,demonhunter,havoc,48,22,26
Bloodconte,darksorrow,1369,demonhunter,havoc,28,17,11
Baileeh,blackmoore,1369,demonhunter,havoc,42,23,19
Никкэс,gordunni,1369,demonhunter,havoc,42,22,20
Error,ravencrest,1369,demonhunter,havoc,34,16,18
Коньх,goldrinn,1369,demonhunter,havoc,101,45,56
Súrinox,blackrock,1367,demonhunter,havoc,83,48,35
Adapterinput,auchindoun,1367,demonhunter,havoc,132,69,63
Fleshes,draenor,1367,demonhunter,havoc,40,20,20
Seyran,silvermoon,1367,demonhunter,havoc,30,15,15
Иллиферрат,blackscar,1367,demonhunter,havoc,219,109,110
Sakumi,azshara,1366,demonhunter,havoc,169,75,94
Poutanaola,twisting-nether,1365,demonhunter,havoc,30,15,15
Luckertwo,tarren-mill,1362,demonhunter,havoc,219,112,107
Nezruslfive,dun-modr,1361,demonhunter,havoc,36,18,18
Orenrg,dun-modr,1359,demonhunter,havoc,54,34,20
Demonpegasus,draenor,1359,demonhunter,havoc,38,15,23
Easywaay,kazzak,1356,demonhunter,havoc,86,43,43
Wrakdh,archimonde,1355,demonhunter,havoc,56,34,22
Ðraudræm,ravencrest,1352,demonhunter,havoc,143,70,73
Tharysan,sanguino,1351,demonhunter,havoc,54,35,19
Fotmfgt,eredar,1351,demonhunter,havoc,30,15,15
Moonbeàm,kazzak,1351,demonhunter,havoc,71,30,41
Impatìence,tarren-mill,1351,demonhunter,havoc,36,15,21
Orochimaruu,kargath,1351,demonhunter,havoc,93,38,55
Ávto,stormscale,1350,demonhunter,havoc,65,42,23
Stringsz,ragnaros,1350,demonhunter,havoc,178,103,75
Garretos,senjin,1349,demonhunter,havoc,49,29,20
Агрочика,borean-tundra,1349,demonhunter,havoc,36,16,20
Natazia,eredar,1345,demonhunter,havoc,84,45,39
Bosskuw,kazzak,1343,demonhunter,havoc,24,14,10
Ðezs,dun-modr,1343,demonhunter,havoc,24,14,10
Morphiyy,tarren-mill,1343,demonhunter,havoc,48,23,25
Flowen,stormreaver,1343,demonhunter,havoc,54,25,29
Ларэгар,azuregos,1343,demonhunter,havoc,76,31,45
Sghemon,pozzo-delleternità,1342,demonhunter,havoc,24,14,10
Brolafsen,tarren-mill,1342,demonhunter,havoc,24,14,10
Zephyrê,blackrock,1342,demonhunter,havoc,146,73,73
Gwx,draenor,1342,demonhunter,havoc,87,39,48
Teletubby,blackrock,1342,demonhunter,havoc,36,14,22
Narkiza,tarren-mill,1341,demonhunter,havoc,24,14,10
Zavoc,the-maelstrom,1341,demonhunter,havoc,26,15,11
Дхашуля,gordunni,1340,demonhunter,havoc,30,18,12
Даблкорк,soulflayer,1340,demonhunter,havoc,125,70,55
Illídana,azjolnerub,1340,demonhunter,havoc,62,32,30
Mìkélol,stormscale,1340,demonhunter,havoc,30,14,16
Newgens,kazzak,1339,demonhunter,havoc,30,14,16
Lifel,nemesis,1339,demonhunter,havoc,56,26,30
Yäkku,drakthul,1339,demonhunter,havoc,96,42,54
Rehagen,ysondre,1339,demonhunter,havoc,36,14,22
Полетела,gordunni,1338,demonhunter,havoc,54,28,26
Yarakobama,blackrock,1338,demonhunter,havoc,30,14,16
Бропинг,soulflayer,1337,demonhunter,havoc,147,80,67
Dhogge,emerald-dream,1337,demonhunter,havoc,36,14,22
Miscóde,twisting-nether,1336,demonhunter,havoc,30,14,16
Aryuna,frostwolf,1335,demonhunter,havoc,36,21,15
Balsza,burning-legion,1335,demonhunter,havoc,54,26,28
Kainenn,silvermoon,1335,demonhunter,havoc,60,26,34
Hawoc,chamber-of-aspects,1334,demonhunter,havoc,42,26,16
Thulânn,twisting-nether,1334,demonhunter,havoc,30,14,16
Thugrøse,blackrock,1333,demonhunter,havoc,144,70,74
Demongodxx,twisting-nether,1333,demonhunter,havoc,30,14,16
Devildust,ravencrest,1333,demonhunter,havoc,42,14,28
Sinninse,blackmoore,1332,demonhunter,havoc,48,27,21
Lexim,khaz-modan,1331,demonhunter,havoc,72,40,32
Jyrpä,stormscale,1331,demonhunter,havoc,71,38,33
Irenzy,twisting-nether,1331,demonhunter,havoc,30,14,16
Amylia,perenolde,1331,demonhunter,havoc,58,27,31
Beerseewälk,ragnaros,1331,demonhunter,havoc,76,34,42
Äzräël,dun-modr,1330,demonhunter,havoc,138,62,76
Грингекс,gordunni,1330,demonhunter,havoc,36,16,20
Notcrashy,eredar,1329,demonhunter,havoc,35,22,13
Checakore,argent-dawn,1329,demonhunter,havoc,66,34,32
Luzifer,ambossar,1329,demonhunter,havoc,212,108,104
Pichkachu,sylvanas,1329,demonhunter,havoc,36,18,18
Kaylaz,eredar,1329,demonhunter,havoc,42,20,22
Naïtipa,arathi,1326,demonhunter,havoc,36,14,22
Sionar,kazzak,1325,demonhunter,havoc,24,15,9
Adroenz,twisting-nether,1325,demonhunter,havoc,48,22,26
Шмальнуть,gordunni,1325,demonhunter,havoc,63,26,37
Крикетгодх,howling-fjord,1324,demonhunter,havoc,24,14,10
Флеркенкот,galakrond,1324,demonhunter,havoc,304,165,139
Егордемон,soulflayer,1323,demonhunter,havoc,46,25,21
Iaml,ravencrest,1323,demonhunter,havoc,67,32,35
Ibnia,azjolnerub,1323,demonhunter,havoc,32,14,18
Destructs,sylvanas,1321,demonhunter,havoc,67,33,34
Kâtsulol,ysondre,1321,demonhunter,havoc,30,14,16
Sokal,dun-modr,1321,demonhunter,havoc,104,44,60
Hairyjapgirl,silvermoon,1320,demonhunter,havoc,41,24,17
Lockmylips,kazzak,1320,demonhunter,havoc,42,17,25
Devilmonkey,ambossar,1320,demonhunter,havoc,78,30,48
Ragnirok,deathwing,1318,demonhunter,havoc,138,66,72
Felleaf,ragnaros,1318,demonhunter,havoc,64,27,37
Lovesong,the-shatar,1316,demonhunter,havoc,30,14,16
Watchmepoop,stormscale,1315,demonhunter,havoc,24,15,9
Lexuirca,tarren-mill,1315,demonhunter,havoc,48,23,25
Sarissa,dun-modr,1314,demonhunter,havoc,48,29,19
Trekxx,ragnaros,1314,demonhunter,havoc,90,47,43
Jahannam,ysondre,1314,demonhunter,havoc,90,45,45
Daemonai,neptulon,1314,demonhunter,havoc,84,42,42
Wauway,ragnaros,1314,demonhunter,havoc,48,24,24
Seedor,archimonde,1314,demonhunter,havoc,68,32,36
Isila,alakir,1314,demonhunter,havoc,131,57,74
Noitradh,zuljin,1313,demonhunter,havoc,27,15,12
Demonguard,draenor,1313,demonhunter,havoc,135,70,65
Bestdemon,tarren-mill,1313,demonhunter,havoc,57,29,28
Thëos,argent-dawn,1313,demonhunter,havoc,108,54,54
Obey,exodar,1312,demonhunter,havoc,47,22,25
Jayhan,chamber-of-aspects,1311,demonhunter,havoc,68,37,31
Gurvan,kazzak,1311,demonhunter,havoc,91,47,44
Demozzer,ravencrest,1310,demonhunter,havoc,61,34,27
Bluespe,twisting-nether,1310,demonhunter,havoc,83,43,40
Posterboy,tarren-mill,1310,demonhunter,havoc,49,25,24
Liondrix,sanguino,1310,demonhunter,havoc,70,35,35
Hupon,drakthul,1310,demonhunter,havoc,40,20,20
Аликана,blackscar,1309,demonhunter,havoc,42,17,25
Мицлейн,gordunni,1309,demonhunter,havoc,57,21,36
Slowcuzclick,stormscale,1307,demonhunter,havoc,85,44,41
Порядокх,soulflayer,1306,demonhunter,havoc,36,21,15
Стрепа,grom,1306,demonhunter,havoc,112,65,47
Тарапынька,gordunni,1305,demonhunter,havoc,158,83,75
Scotcheggs,argent-dawn,1305,demonhunter,havoc,113,55,58
Saehila,kirin-tor,1303,demonhunter,havoc,143,68,75
Каралас,soulflayer,1301,demonhunter,havoc,36,21,15
Эфемерид,howling-fjord,1301,demonhunter,havoc,36,18,18
Mìrkø,nemesis,1301,demonhunter,havoc,30,14,16
Viridisignis,silvermoon,1300,demonhunter,havoc,125,71,54
Годиксгёрл,gordunni,1299,demonhunter,havoc,48,29,19
Felni,lightbringer,1299,demonhunter,havoc,66,38,28
Picotea,argent-dawn,1298,demonhunter,havoc,30,20,10
Archadric,ravencrest,1298,demonhunter,havoc,30,14,16
Adalya,stormrage,1298,demonhunter,havoc,100,41,59
Сильверган,soulflayer,1296,demonhunter,havoc,317,162,155
Illidanio,xavius,1296,demonhunter,havoc,42,18,24
Muharaar,ravencrest,1295,demonhunter,havoc,22,15,7
Momochi,silvermoon,1295,demonhunter,havoc,42,22,20
Ilyerias,twisting-nether,1295,demonhunter,havoc,125,55,70
Жемчужинка,eversong,1294,demonhunter,havoc,59,29,30
Soca,ysondre,1294,demonhunter,havoc,66,29,37
Chrístíe,sanguino,1294,demonhunter,havoc,34,14,20
Varedisa,kazzak,1293,demonhunter,havoc,99,45,54
Schonevrouw,aszune,1292,demonhunter,havoc,60,36,24
Turkoïs,silvermoon,1292,demonhunter,havoc,27,14,13
Unreally,tarren-mill,1292,demonhunter,havoc,39,15,24
Осхимс,deathguard,1291,demonhunter,havoc,72,42,30
Coltender,drakthul,1290,demonhunter,havoc,79,37,42
Охотникн,howling-fjord,1290,demonhunter,havoc,54,21,33
Byakugaan,drakthul,1289,demonhunter,havoc,78,42,36
Bicskas,ragnaros,1288,demonhunter,havoc,51,21,30
Maryjane,nordrassil,1287,demonhunter,havoc,84,50,34
Эридали,gordunni,1286,demonhunter,havoc,108,53,55
Féileacán,kazzak,1286,demonhunter,havoc,48,20,28
Тэлэсык,gordunni,1285,demonhunter,havoc,42,18,24
Jëtman,ravencrest,1284,demonhunter,havoc,62,37,25
Itheos,kazzak,1284,demonhunter,havoc,232,113,119
Nasghul,drakthul,1284,demonhunter,havoc,66,30,36
Sarrabulho,magtheridon,1284,demonhunter,havoc,72,32,40
Кевалат,gordunni,1283,demonhunter,havoc,24,17,7
Délyria,blackhand,1283,demonhunter,havoc,66,37,29
Sangita,tarren-mill,1283,demonhunter,havoc,93,50,43
Fläsktorped,stormscale,1282,demonhunter,havoc,29,14,15
Billidan,eredar,1282,demonhunter,havoc,54,25,29
Лолбичьпро,blackscar,1281,demonhunter,havoc,60,33,27
Æroa,antonidas,1281,demonhunter,havoc,56,30,26
Ozeey,draenor,1280,demonhunter,havoc,29,14,15
Asmedios,twisting-nether,1279,demonhunter,havoc,598,302,296
Cassitä,chogall,1278,demonhunter,havoc,72,36,36
Antrixa,ravencrest,1278,demonhunter,havoc,29,14,15
Konoth,kirin-tor,1277,demonhunter,havoc,59,32,27
Valendriel,archimonde,1277,demonhunter,havoc,78,40,38
Brazahart,silvermoon,1277,demonhunter,havoc,72,31,41
Арат,ashenvale,1276,demonhunter,havoc,30,18,12
Зографос,fordragon,1276,demonhunter,havoc,29,16,13
Kaizzy,twisting-nether,1276,demonhunter,havoc,119,62,57
Тонниданза,howling-fjord,1274,demonhunter,havoc,274,137,137
Manga,aegwynn,1274,demonhunter,havoc,60,25,35
Нксин,howling-fjord,1273,demonhunter,havoc,36,18,18
Pleskdh,malganis,1272,demonhunter,havoc,54,23,31
Hellboii,kilrogg,1271,demonhunter,havoc,67,42,25
Louloulou,aegwynn,1271,demonhunter,havoc,123,65,58
Zayl,defias-brotherhood,1271,demonhunter,havoc,77,29,48
Sephiris,argent-dawn,1270,demonhunter,havoc,25,16,9
Harha,stormscale,1270,demonhunter,havoc,46,22,24
Slyblades,tarren-mill,1270,demonhunter,havoc,48,20,28
Makri,outland,1269,demonhunter,havoc,120,64,56
Жаркийсекс,soulflayer,1268,demonhunter,havoc,48,17,31
Munamasa,archimonde,1267,demonhunter,havoc,29,15,14
Lùcîfer,hellfire,1267,demonhunter,havoc,90,45,45
Moonhorns,deathwing,1266,demonhunter,havoc,30,15,15
Calthmon,shattrath,1266,demonhunter,havoc,30,14,16
Chancelvie,outland,1266,demonhunter,havoc,76,33,43
Minutte,twisting-nether,1265,demonhunter,havoc,48,27,21
Gamaö,khaz-modan,1265,demonhunter,havoc,41,16,25
Luceafaru,draenor,1264,demonhunter,havoc,42,14,28
Marmotaa,ragnaros,1261,demonhunter,havoc,135,67,68
Anödyth,kirin-tor,1261,demonhunter,havoc,51,23,28
Azn,twisting-nether,1260,demonhunter,havoc,54,23,31
Ìllídán,ravencrest,1259,demonhunter,havoc,116,61,55
Даудаев,gordunni,1257,demonhunter,havoc,54,29,25
Hirbs,silvermoon,1257,demonhunter,havoc,78,35,43
Yorkaj,kazzak,1257,demonhunter,havoc,95,37,58
Killeedan,darksorrow,1257,demonhunter,havoc,36,14,22
Chapzi,ragnaros,1256,demonhunter,havoc,51,26,25
Gurthalak,alakir,1256,demonhunter,havoc,59,30,29
Dârhma,archimonde,1255,demonhunter,havoc,41,25,16
Bessus,aggra-português,1254,demonhunter,havoc,82,43,39
Waviel,burning-legion,1254,demonhunter,havoc,59,27,32
Дисофи,soulflayer,1254,demonhunter,havoc,70,30,40
Száraz,ragnaros,1254,demonhunter,havoc,42,14,28
Lozakum,draenor,1252,demonhunter,havoc,114,55,59
Symbul,blackrock,1252,demonhunter,havoc,79,37,42
Schahmiran,kargath,1252,demonhunter,havoc,30,14,16
Zøóm,tarren-mill,1250,demonhunter,havoc,24,14,10
Bosque,ragnaros,1249,demonhunter,havoc,60,30,30
Norac,silvermoon,1248,demonhunter,havoc,41,16,25
Necorinex,silvermoon,1247,demonhunter,havoc,18,13,5
Anwenox,argent-dawn,1247,demonhunter,havoc,18,13,5
Sweåfy,outland,1247,demonhunter,havoc,18,13,5
Folygale,outland,1247,demonhunter,havoc,24,13,11
Nstea,cthun,1247,demonhunter,havoc,24,13,11
Demonzeus,sylvanas,1247,demonhunter,havoc,85,46,39
Demonpun,the-venture-co,1247,demonhunter,havoc,64,32,32
Ironjòe,eredar,1247,demonhunter,havoc,30,14,16
Shinsen,archimonde,1247,demonhunter,havoc,36,16,20
Fróstdh,ravencrest,1247,demonhunter,havoc,30,13,17
Bläckdëvïl,uldum,1246,demonhunter,havoc,58,33,25
Ittas,archimonde,1246,demonhunter,havoc,24,13,11
Like,shattrath,1246,demonhunter,havoc,26,14,12
Velvetrain,ravencrest,1246,demonhunter,havoc,36,13,23
Sikke,draenor,1244,demonhunter,havoc,24,13,11
Fyell,antonidas,1244,demonhunter,havoc,24,13,11
Kimberleh,doomhammer,1243,demonhunter,havoc,24,13,11
Ilídos,blackmoore,1243,demonhunter,havoc,92,39,53
Demonpotatô,draenor,1242,demonhunter,havoc,36,21,15
Meleidar,kazzak,1242,demonhunter,havoc,30,13,17
Falanar,ysondre,1242,demonhunter,havoc,30,13,17
Verrottung,blackhand,1240,demonhunter,havoc,24,13,11
Mooty,drekthar,1240,demonhunter,havoc,24,13,11
Ðarckjojo,hyjal,1240,demonhunter,havoc,94,44,50
Hakakuri,ravencrest,1240,demonhunter,havoc,30,14,16
Nidorino,aegwynn,1240,demonhunter,havoc,30,13,17
Drushii,shattrath,1240,demonhunter,havoc,30,13,17
Pyleá,malganis,1238,demonhunter,havoc,24,13,11
Zejza,ragnaros,1238,demonhunter,havoc,43,19,24
Opsidaisi,tarren-mill,1238,demonhunter,havoc,30,13,17
Galuna,deathwing,1238,demonhunter,havoc,31,13,18
Hotshoxx,blackmoore,1237,demonhunter,havoc,30,13,17
Xellnaga,twisting-nether,1236,demonhunter,havoc,38,18,20
Embruixada,sanguino,1235,demonhunter,havoc,118,64,54
Nekkëtsu,archimonde,1235,demonhunter,havoc,24,13,11
Shytan,tarren-mill,1235,demonhunter,havoc,90,39,51
Solrosfrön,stormscale,1234,demonhunter,havoc,28,14,14
Watnntietnn,burning-blade,1234,demonhunter,havoc,81,35,46
Medievils,silvermoon,1234,demonhunter,havoc,96,40,56
Demonk,nemesis,1233,demonhunter,havoc,93,47,46
Demonjay,stormscale,1233,demonhunter,havoc,28,14,14
Titanslayyer,azjolnerub,1233,demonhunter,havoc,30,13,17
Sèptember,draenor,1232,demonhunter,havoc,36,13,23
Juha,bronze-dragonflight,1231,demonhunter,havoc,69,38,31
Goatcorpse,blackmoore,1230,demonhunter,havoc,42,20,22
Нохелет,deepholm,1229,demonhunter,havoc,344,181,163
Djaris,ghostlands,1228,demonhunter,havoc,18,13,5
Azkerash,draenor,1228,demonhunter,havoc,77,35,42
Fôns,sanguino,1227,demonhunter,havoc,18,13,5
Inasyndre,argent-dawn,1226,demonhunter,havoc,30,13,17
Anero,draenor,1226,demonhunter,havoc,37,14,23
Sindweller,arathi,1225,demonhunter,havoc,36,14,22
Katheros,garrosh,1224,demonhunter,havoc,72,41,31
Shreddern,ragnaros,1224,demonhunter,havoc,31,14,17
Tokoloshë,ragnaros,1223,demonhunter,havoc,78,41,37
Hatred,argent-dawn,1223,demonhunter,havoc,36,14,22
Kaitlyyn,norgannon,1222,demonhunter,havoc,36,14,22
Дитяхаоса,howling-fjord,1221,demonhunter,havoc,72,31,41
Овецловец,deathguard,1220,demonhunter,havoc,24,13,11
Biànca,outland,1220,demonhunter,havoc,38,15,23
Artï,ravencrest,1219,demonhunter,havoc,22,14,8
Badgyalriri,hyjal,1218,demonhunter,havoc,33,15,18
Dmgchris,sylvanas,1218,demonhunter,havoc,36,13,23
Quakes,pozzo-delleternità,1216,demonhunter,havoc,54,28,26
Fikyx,draenor,1215,demonhunter,havoc,110,54,56
Ferndejar,draenor,1215,demonhunter,havoc,40,14,26
Leloine,trollbane,1214,demonhunter,havoc,68,40,28
Velgetox,blackrock,1214,demonhunter,havoc,30,16,14
Valen,die-aldor,1214,demonhunter,havoc,69,29,40
Dharuel,cthun,1214,demonhunter,havoc,36,13,23
Shishiro,alakir,1213,demonhunter,havoc,42,21,21
Betråyêr,draenor,1213,demonhunter,havoc,38,15,23
Иллидал,greymane,1212,demonhunter,havoc,36,18,18
Sîvîct,uldum,1210,demonhunter,havoc,24,13,11
Cameclc,hyjal,1209,demonhunter,havoc,28,13,15
Jyzu,festung-der-stürme,1209,demonhunter,havoc,36,13,23
Lîllîv,wrathbringer,1207,demonhunter,havoc,30,13,17
Kalimbä,suramar,1206,demonhunter,havoc,40,20,20
Kladius,skullcrusher,1205,demonhunter,havoc,45,22,23
Dadicek,drakthul,1204,demonhunter,havoc,30,20,10
Clexa,thrall,1204,demonhunter,havoc,30,13,17
Jimdh,quelthalas,1204,demonhunter,havoc,66,22,44
Maltok,ysondre,1203,demonhunter,havoc,73,36,37
Даргсайд,gordunni,1203,demonhunter,havoc,107,48,59
Kumoko,burning-legion,1203,demonhunter,havoc,39,16,23
Эридэм,gordunni,1202,demonhunter,havoc,24,13,11
Bøøgý,silvermoon,1202,demonhunter,havoc,54,24,30
Emmunka,drakthul,1201,demonhunter,havoc,29,13,16
Ghiocelulog,draenor,1201,demonhunter,havoc,50,21,29
Самуройд,gordunni,1199,demonhunter,havoc,42,18,24
Aûrelian,kragjin,1197,demonhunter,havoc,45,20,25
Vozol,stormscale,1195,demonhunter,havoc,30,20,10
Hellarious,ragnaros,1195,demonhunter,havoc,72,30,42
Slinks,ragnaros,1195,demonhunter,havoc,72,28,44
Sholon,kiljaeden,1194,demonhunter,havoc,24,14,10
Claere,blackhand,1191,demonhunter,havoc,129,66,63
Кейсимег,soulflayer,1190,demonhunter,havoc,182,84,98
Danedemlia,magtheridon,1190,demonhunter,havoc,61,28,33
Джигурдинец,gordunni,1188,demonhunter,havoc,36,21,15
Khamzath,blackhand,1186,demonhunter,havoc,72,36,36
Liisza,blackhand,1184,demonhunter,havoc,22,15,7
Demonligos,draenor,1183,demonhunter,havoc,72,36,36
Artexxen,kazzak,1182,demonhunter,havoc,42,14,28
Дронкрылатый,soulflayer,1180,demonhunter,havoc,101,51,50
Ohshietwadap,twisting-nether,1180,demonhunter,havoc,34,13,21
Heàvic,outland,1179,demonhunter,havoc,69,37,32
Aloii,kazzak,1179,demonhunter,havoc,36,16,20
Daemis,dun-modr,1176,demonhunter,havoc,27,15,12
Сангвиннус,howling-fjord,1176,demonhunter,havoc,29,15,14
Õmen,ravencrest,1176,demonhunter,havoc,26,13,13
Munja,hyjal,1174,demonhunter,havoc,272,138,134
Kaletoq,ragnaros,1172,demonhunter,havoc,34,20,14
Моуровани,eversong,1172,demonhunter,havoc,30,16,14
Sharhan,sylvanas,1172,demonhunter,havoc,67,30,37
Lovzuu,draenor,1171,demonhunter,havoc,24,17,7
Demonronin,the-maelstrom,1169,demonhunter,havoc,80,40,40
Øutsider,blackmoore,1169,demonhunter,havoc,114,52,62
Leäf,drakthul,1168,demonhunter,havoc,24,13,11
Kiriall,blackmoore,1166,demonhunter,havoc,78,36,42
Oxydh,ravencrest,1165,demonhunter,havoc,28,13,15
Люцифэйль,gordunni,1165,demonhunter,havoc,50,23,27
Shizá,burning-legion,1165,demonhunter,havoc,86,39,47
Diabloman,stormscale,1164,demonhunter,havoc,42,18,24
Demonakis,twisting-nether,1164,demonhunter,havoc,31,13,18
Tizefik,stormscale,1163,demonhunter,havoc,57,28,29
Morthorr,grim-batol,1163,demonhunter,havoc,37,17,20
Doccholiday,doomhammer,1162,demonhunter,havoc,41,18,23
Lagordin,aggramar,1161,demonhunter,havoc,18,14,4
Hawek,madmortem,1160,demonhunter,havoc,76,41,35
Реалистик,deathweaver,1159,demonhunter,havoc,115,49,66
Giace,drakthul,1159,demonhunter,havoc,72,29,43
Letidyr,ravencrest,1158,demonhunter,havoc,54,17,37
Hvc,twisting-nether,1157,demonhunter,havoc,47,21,26
Wréckful,ravencrest,1155,demonhunter,havoc,48,17,31
Itsukix,stormscale,1153,demonhunter,havoc,36,21,15
Аоешный,howling-fjord,1152,demonhunter,havoc,24,12,12
Nairra,blackmoore,1152,demonhunter,havoc,30,13,17
Fuseton,kazzak,1152,demonhunter,havoc,30,12,18
Kímínøséí,kazzak,1151,demonhunter,havoc,18,12,6
Izzidan,magtheridon,1151,demonhunter,havoc,24,12,12
Uthinare,silvermoon,1151,demonhunter,havoc,44,18,26
Onlyw,ravencrest,1150,demonhunter,havoc,17,13,4
Teinzy,stormscale,1150,demonhunter,havoc,24,12,12
Raïley,archimonde,1150,demonhunter,havoc,30,12,18
Seleverkauft,antonidas,1149,demonhunter,havoc,18,12,6
Evul,blackmoore,1149,demonhunter,havoc,18,12,6
Bigboychaos,twisting-nether,1149,demonhunter,havoc,36,19,17
Rasmekul,defias-brotherhood,1149,demonhunter,havoc,24,12,12
ßroken,ragnaros,1149,demonhunter,havoc,24,12,12
Bignugs,ravencrest,1149,demonhunter,havoc,30,12,18
Илджес,gordunni,1149,demonhunter,havoc,36,12,24
Heidihauge,silvermoon,1148,demonhunter,havoc,30,12,18
Íhithard,drakthul,1147,demonhunter,havoc,24,12,12
Lodjay,hyjal,1147,demonhunter,havoc,24,12,12
Mèlfurion,hyjal,1147,demonhunter,havoc,97,42,55
Badess,malfurion,1147,demonhunter,havoc,30,12,18
Alioshad,ravencrest,1146,demonhunter,havoc,58,30,28
Zhartax,dun-modr,1146,demonhunter,havoc,24,12,12
Деирдевил,blackscar,1146,demonhunter,havoc,24,12,12
Spideymon,ragnaros,1146,demonhunter,havoc,44,15,29
Aruzar,twisting-nether,1145,demonhunter,havoc,36,14,22
Morow,die-ewige-wacht,1144,demonhunter,havoc,18,12,6
Grazilo,outland,1144,demonhunter,havoc,44,19,25
Zuldekdh,sanguino,1143,demonhunter,havoc,24,12,12
Mëy,thrall,1143,demonhunter,havoc,36,12,24
Lennöx,silvermoon,1142,demonhunter,havoc,19,12,7
Mojois,ravenholdt,1142,demonhunter,havoc,103,54,49
Эндимэн,soulflayer,1142,demonhunter,havoc,62,32,30
Xellidan,dun-modr,1142,demonhunter,havoc,30,14,16
Ræko,sanguino,1142,demonhunter,havoc,30,12,18
Anandria,blutkessel,1140,demonhunter,havoc,71,42,29
Karxarias,silvermoon,1140,demonhunter,havoc,36,20,16
Lanaël,kaelthas,1140,demonhunter,havoc,24,12,12
Yuka,earthen-ring,1140,demonhunter,havoc,42,20,22
Allalina,draenor,1139,demonhunter,havoc,78,41,37
Lilithxz,blackmoore,1139,demonhunter,havoc,24,12,12
Мейьибейьи,howling-fjord,1139,demonhunter,havoc,24,12,12
Dreggath,doomhammer,1139,demonhunter,havoc,59,29,30
Kebiz,ragnaros,1139,demonhunter,havoc,29,13,16
Apsodemon,twisting-nether,1138,demonhunter,havoc,18,12,6
Kouloukas,ragnaros,1138,demonhunter,havoc,30,12,18
Winchesterxx,sanguino,1136,demonhunter,havoc,96,48,48
Mirajen,dun-modr,1136,demonhunter,havoc,30,13,17
Кельселай,soulflayer,1136,demonhunter,havoc,36,12,24
Тушино,lich-king,1135,demonhunter,havoc,18,12,6
Гарражж,howling-fjord,1135,demonhunter,havoc,24,12,12
Merelîn,eredar,1135,demonhunter,havoc,47,23,24
Sombessat,tarren-mill,1134,demonhunter,havoc,65,33,32
Basiliskus,argent-dawn,1134,demonhunter,havoc,30,12,18
Талона,fordragon,1132,demonhunter,havoc,48,25,23
Metadel,outland,1130,demonhunter,havoc,275,142,133
Athoribos,silvermoon,1130,demonhunter,havoc,66,34,32
Iaozh,culte-de-la-rive-noire,1130,demonhunter,havoc,54,23,31
Miragirl,stormscale,1130,demonhunter,havoc,30,12,18
Petefile,kazzak,1129,demonhunter,havoc,88,45,43
Giboo,emerald-dream,1127,demonhunter,havoc,18,12,6
Marsterkush,malygos,1127,demonhunter,havoc,43,22,21
Accursius,blackmoore,1126,demonhunter,havoc,92,54,38
Txullidan,twisting-nether,1126,demonhunter,havoc,54,27,27
Vio,jaedenar,1124,demonhunter,havoc,60,36,24
Coaxial,twisting-nether,1121,demonhunter,havoc,24,12,12
Megrella,stormscale,1121,demonhunter,havoc,36,12,24
Nvm,wrathbringer,1119,demonhunter,havoc,48,21,27
Vaenil,hyjal,1118,demonhunter,havoc,41,14,27
Mcsmackface,hellfire,1117,demonhunter,havoc,69,26,43
Zyasea,blackmoore,1116,demonhunter,havoc,107,41,66
Teoma,hyjal,1115,demonhunter,havoc,180,94,86
Nelairia,tarren-mill,1114,demonhunter,havoc,36,20,16
Yeéydh,tarren-mill,1114,demonhunter,havoc,22,12,10
Музакант,gordunni,1113,demonhunter,havoc,57,33,24
Daweeo,the-maelstrom,1113,demonhunter,havoc,24,12,12
Roostidh,shattered-hand,1112,demonhunter,havoc,78,42,36
Youjosenki,magtheridon,1111,demonhunter,havoc,23,15,8
Milkeyes,ravencrest,1111,demonhunter,havoc,94,50,44
Zengor,twilights-hammer,1109,demonhunter,havoc,28,14,14
Мотек,howling-fjord,1109,demonhunter,havoc,120,57,63
Tatsukiyuzu,hyjal,1107,demonhunter,havoc,54,35,19
Välhöll,kirin-tor,1107,demonhunter,havoc,53,18,35
Тэниан,gordunni,1106,demonhunter,havoc,65,21,44
Yousif,stormscale,1105,demonhunter,havoc,115,57,58
Dämokröte,ambossar,1104,demonhunter,havoc,92,46,46
Aidae,sylvanas,1104,demonhunter,havoc,36,12,24
Nylaria,dethecus,1102,demonhunter,havoc,24,13,11
Gigipletosu,ravencrest,1100,demonhunter,havoc,36,14,22
Napastak,blackrock,1100,demonhunter,havoc,47,17,30
Сумърак,grom,1097,demonhunter,havoc,143,63,80
Darkustos,blackrock,1096,demonhunter,havoc,26,14,12
Wingedfelcat,argent-dawn,1095,demonhunter,havoc,23,12,11
Azzinoth,outland,1095,demonhunter,havoc,69,24,45
Аллилания,fordragon,1092,demonhunter,havoc,50,32,18
Téthis,uldaman,1091,demonhunter,havoc,96,41,55
Cirino,defias-brotherhood,1090,demonhunter,havoc,73,35,38
Eranduur,draenor,1088,demonhunter,havoc,24,13,11
Айвэнгос,thermaplugg,1086,demonhunter,havoc,91,48,43
Âkazza,archimonde,1086,demonhunter,havoc,26,12,14
Илизарнный,gordunni,1085,demonhunter,havoc,30,13,17
Azazelkw,ragnaros,1084,demonhunter,havoc,66,34,32
Thegamesucks,ravencrest,1084,demonhunter,havoc,214,104,110
Дэрзлорд,fordragon,1082,demonhunter,havoc,23,12,11
Noire,zuljin,1079,demonhunter,havoc,35,12,23
Typhoonxq,tarren-mill,1078,demonhunter,havoc,41,21,20
Lögan,uldum,1078,demonhunter,havoc,36,16,20
Sgravo,nemesis,1076,demonhunter,havoc,30,18,12
Dombra,kult-der-verdammten,1071,demonhunter,havoc,23,14,9
Sintoraz,amanthul,1071,demonhunter,havoc,56,34,22
Twistyy,drakthul,1070,demonhunter,havoc,78,43,35
Yiùna,hyjal,1070,demonhunter,havoc,54,26,28
Luciferio,quelthalas,1069,demonhunter,havoc,46,18,28
Нотреди,howling-fjord,1067,demonhunter,havoc,138,74,64
Scurenzio,outland,1065,demonhunter,havoc,42,24,18
Ôlowain,blackmoore,1065,demonhunter,havoc,30,12,18
Venøøm,eldrethalas,1064,demonhunter,havoc,108,49,59
Noctilucent,executus,1061,demonhunter,havoc,90,49,41
Aamonath,tarren-mill,1060,demonhunter,havoc,36,20,16
Hernandez,sanguino,1060,demonhunter,havoc,36,18,18
Makkivar,terenas,1060,demonhunter,havoc,36,15,21
Prismio,ysondre,1059,demonhunter,havoc,21,12,9
Alkann,chogall,1057,demonhunter,havoc,47,24,23
Nanocsika,twisting-nether,1057,demonhunter,havoc,196,91,105
Happykx,draenor,1056,demonhunter,havoc,12,11,1
Ayyo,agamaggan,1056,demonhunter,havoc,24,11,13
Annaboliik,ravencrest,1056,demonhunter,havoc,24,11,13
Fiduci,archimonde,1056,demonhunter,havoc,24,11,13
Asukakazama,twisting-nether,1056,demonhunter,havoc,30,12,18
Hûora,stormscale,1055,demonhunter,havoc,18,11,7
Dhlee,ravencrest,1055,demonhunter,havoc,18,11,7
Kakashî,darksorrow,1055,demonhunter,havoc,18,11,7
Thorskinius,ravencrest,1055,demonhunter,havoc,56,26,30
Draqula,ravencrest,1055,demonhunter,havoc,24,11,13
Radamantyz,drakthul,1055,demonhunter,havoc,24,11,13
Skippydemon,nozdormu,1055,demonhunter,havoc,30,11,19
Vrekur,sanguino,1055,demonhunter,havoc,36,11,25
Løum,blackrock,1054,demonhunter,havoc,18,11,7
Дайленрия,eversong,1054,demonhunter,havoc,30,14,16
Lyzzra,blackmoore,1054,demonhunter,havoc,24,11,13
Chaosstrike,twisting-nether,1054,demonhunter,havoc,24,11,13
Përry,archimonde,1054,demonhunter,havoc,24,11,13
Mårcxb,blackhand,1054,demonhunter,havoc,24,11,13
Demonicat,twisting-nether,1054,demonhunter,havoc,30,11,19
Цион,soulflayer,1053,demonhunter,havoc,47,22,25
Бистлайк,soulflayer,1053,demonhunter,havoc,24,11,13
Tenx,auchindoun,1053,demonhunter,havoc,24,11,13
Beörn,stormscale,1053,demonhunter,havoc,30,11,19
Darktérror,silvermoon,1053,demonhunter,havoc,30,11,19
Aelìa,ysondre,1053,demonhunter,havoc,30,11,19
Satti,sargeras,1053,demonhunter,havoc,30,11,19
Никельдон,howling-fjord,1052,demonhunter,havoc,54,33,21
Ascanius,nemesis,1052,demonhunter,havoc,71,38,33
Watermelonqt,tarren-mill,1052,demonhunter,havoc,24,11,13
Шавермье,gordunni,1052,demonhunter,havoc,36,11,25
Bud,lightnings-blade,1051,demonhunter,havoc,18,11,7
Squan,blackmoore,1050,demonhunter,havoc,20,12,8
Синяша,howling-fjord,1049,demonhunter,havoc,18,11,7
Vìdhar,tarren-mill,1049,demonhunter,havoc,24,11,13
Akhyra,ysondre,1049,demonhunter,havoc,24,11,13
Maddificator,silvermoon,1048,demonhunter,havoc,32,22,10
Besnik,stormscale,1048,demonhunter,havoc,50,20,30
Plec,alakir,1047,demonhunter,havoc,76,31,45
Nerfy,silvermoon,1046,demonhunter,havoc,18,11,7
Siscia,outland,1042,demonhunter,havoc,74,40,34
Dântés,silvermoon,1040,demonhunter,havoc,60,23,37
Vengeful,alonsus,1039,demonhunter,havoc,17,11,6
Estarloco,blackmoore,1038,demonhunter,havoc,36,19,17
Nephylon,draenor,1038,demonhunter,havoc,24,11,13
Shnshon,kazzak,1036,demonhunter,havoc,18,12,6
Talwen,guldan,1036,demonhunter,havoc,18,11,7
Lightkick,archimonde,1035,demonhunter,havoc,48,29,19
Haýuken,kazzak,1035,demonhunter,havoc,24,13,11
Lailâh,blackmoore,1035,demonhunter,havoc,24,11,13
Vaterdenke,defias-brotherhood,1032,demonhunter,havoc,18,11,7
Électrâs,archimonde,1032,demonhunter,havoc,50,21,29
Shiqqi,blackhand,1031,demonhunter,havoc,34,16,18
Abalim,nemesis,1030,demonhunter,havoc,30,11,19
Kundán,antonidas,1028,demonhunter,havoc,30,14,16
Mdåll,chogall,1028,demonhunter,havoc,56,23,33
Starlightkid,kazzak,1027,demonhunter,havoc,30,13,17
Aggerpain,draenor,1026,demonhunter,havoc,68,24,44
Julmia,dragonblight,1025,demonhunter,havoc,47,12,35
Dèathless,pozzo-delleternità,1024,demonhunter,havoc,52,21,31
Cobayashi,der-mithrilorden,1023,demonhunter,havoc,38,21,17
Djsasan,kazzak,1022,demonhunter,havoc,18,11,7
Самфор,soulflayer,1022,demonhunter,havoc,85,41,44
Stonebanker,turalyon,1019,demonhunter,havoc,35,18,17
Увиден,eversong,1019,demonhunter,havoc,140,68,72
Methyza,thrall,1018,demonhunter,havoc,21,12,9
Гарнаш,howling-fjord,1018,demonhunter,havoc,83,43,40
Ragefighterr,ragnaros,1018,demonhunter,havoc,42,21,21
Heiltgalen,grim-batol,1017,demonhunter,havoc,20,12,8
Shirakava,quelthalas,1017,demonhunter,havoc,118,50,68
Meliòdas,draenor,1016,demonhunter,havoc,37,12,25
Sorowas,tichondrius,1015,demonhunter,havoc,30,17,13
Eviljunior,blackhand,1015,demonhunter,havoc,42,11,31
Ladj,blackmoore,1014,demonhunter,havoc,42,21,21
Tasi,dun-morogh,1014,demonhunter,havoc,58,23,35
Calainis,twisting-nether,1013,demonhunter,havoc,28,13,15
Entzuu,hyjal,1012,demonhunter,havoc,28,11,17
Ayido,xavius,1009,demonhunter,havoc,42,17,25
Gabquist,argent-dawn,1008,demonhunter,havoc,53,26,27
Tzigonline,silvermoon,1008,demonhunter,havoc,29,11,18
Aelita,twisting-nether,1006,demonhunter,havoc,96,53,43
Demontripo,silvermoon,1005,demonhunter,havoc,81,43,38
Delfee,twisting-nether,1005,demonhunter,havoc,54,25,29
Pismanik,drakthul,1002,demonhunter,havoc,24,15,9
Blisdon,argent-dawn,1002,demonhunter,havoc,114,53,61
Shadowkick,archimonde,1000,demonhunter,havoc,261,127,134
Гневныймомон,soulflayer,1000,demonhunter,havoc,79,38,41
Гадх,gordunni,1000,demonhunter,havoc,32,12,20
Ilidas,frostwolf,999,demonhunter,havoc,24,11,13
Vaco,la-croisade-écarlate,996,demonhunter,havoc,30,13,17
Nehmarath,doomhammer,995,demonhunter,havoc,36,11,25
Ànavar,twisting-nether,991,demonhunter,havoc,41,18,23
Zlett,draenor,990,demonhunter,havoc,22,11,11
Батявздане,soulflayer,988,demonhunter,havoc,23,11,12
Finsterfix,blackrock,986,demonhunter,havoc,27,13,14
Demonzeus,archimonde,985,demonhunter,havoc,25,12,13
Straizo,malganis,984,demonhunter,havoc,26,11,15
Zahif,kazzak,981,demonhunter,havoc,36,12,24
Itzmir,nethersturm,980,demonhunter,havoc,22,11,11
Takeshy,alleria,972,demonhunter,havoc,48,23,25
Фирулия,goldrinn,970,demonhunter,havoc,146,73,73
Огнод,gordunni,968,demonhunter,havoc,42,21,21
Silan,kiljaeden,965,demonhunter,havoc,40,21,19
Hunterston,twisting-nether,963,demonhunter,havoc,74,40,34
Êvê,blackmoore,962,demonhunter,havoc,22,12,10
Pijvijie,shattrath,961,demonhunter,havoc,55,18,37
Johncoffèy,ragnaros,960,demonhunter,havoc,12,10,2
Дианист,gordunni,960,demonhunter,havoc,16,11,5
Dhamp,kazzak,960,demonhunter,havoc,18,10,8
Tiktokfrida,twisting-nether,960,demonhunter,havoc,18,10,8
Karpandero,stormreaver,960,demonhunter,havoc,18,10,8
Keýrañe,ragnaros,960,demonhunter,havoc,18,10,8
Reckqqt,eredar,960,demonhunter,havoc,18,10,8
Анхардх,gordunni,960,demonhunter,havoc,18,10,8
Fantabolous,ragnaros,960,demonhunter,havoc,18,10,8
Zxcjklcasdlk,sylvanas,960,demonhunter,havoc,24,10,14
Krvckhead,hyjal,960,demonhunter,havoc,24,10,14
Iíïììïiíïìïï,alakir,960,demonhunter,havoc,24,10,14
Koger,twisting-nether,960,demonhunter,havoc,24,10,14
Neiìf,blackhand,960,demonhunter,havoc,30,10,20
Karaxd,stormscale,960,demonhunter,havoc,30,10,20
Rîasgremoryy,twisting-nether,960,demonhunter,havoc,30,10,20
Fishmicksh,twisting-nether,959,demonhunter,havoc,12,10,2
Völkswagen,dun-modr,959,demonhunter,havoc,18,10,8
Deadmaus,stormscale,959,demonhunter,havoc,18,10,8
Maddhxo,drakthul,959,demonhunter,havoc,18,10,8
Atômik,drakthul,959,demonhunter,havoc,18,10,8
Zmemroo,magtheridon,959,demonhunter,havoc,18,10,8
Darkshadow,turalyon,959,demonhunter,havoc,18,10,8
Катякрылышки,gordunni,959,demonhunter,havoc,18,10,8
Lucianloco,dun-morogh,959,demonhunter,havoc,18,10,8
Judditdhx,draenor,959,demonhunter,havoc,18,10,8
Innocuouss,twisting-nether,959,demonhunter,havoc,24,10,14
Yumhip,dun-modr,959,demonhunter,havoc,24,10,14
Richielou,outland,959,demonhunter,havoc,24,10,14
Darnke,silvermoon,959,demonhunter,havoc,30,10,20
Rijsel,dalaran,958,demonhunter,havoc,30,18,12
Elenôy,malganis,958,demonhunter,havoc,18,10,8
Avnanof,draenor,958,demonhunter,havoc,18,10,8
Desdh,blackmoore,958,demonhunter,havoc,24,10,14
Alervius,blackrock,958,demonhunter,havoc,24,10,14
Songur,blackhand,958,demonhunter,havoc,24,10,14
Skarvy,bronze-dragonflight,957,demonhunter,havoc,18,10,8
Цейн,azuregos,957,demonhunter,havoc,67,28,39
Skîllwhat,aegwynn,957,demonhunter,havoc,27,11,16
Bobdh,twisting-nether,957,demonhunter,havoc,35,10,25
Nightglaives,twisting-nether,956,demonhunter,havoc,12,10,2
Elfmonger,ravencrest,956,demonhunter,havoc,18,10,8
Такетомии,gordunni,956,demonhunter,havoc,24,10,14
Fulger,ghostlands,956,demonhunter,havoc,24,10,14
Shinydari,kazzak,956,demonhunter,havoc,24,10,14
Shadowweaver,earthen-ring,955,demonhunter,havoc,18,10,8
Dzidch,silvermoon,954,demonhunter,havoc,18,10,8
Anklàr,blackrock,954,demonhunter,havoc,24,10,14
Argnils,tarren-mill,953,demonhunter,havoc,12,10,2
Nuriia,arthas,953,demonhunter,havoc,54,30,24
Ravier,baelgun,953,demonhunter,havoc,75,39,36
Séleister,khaz-modan,953,demonhunter,havoc,42,19,23
Greedsmoke,kazzak,952,demonhunter,havoc,18,10,8
Илайора,galakrond,952,demonhunter,havoc,30,10,20
Enlightens,aegwynn,951,demonhunter,havoc,24,10,14
Sinorack,sargeras,951,demonhunter,havoc,24,10,14
Andij,frostwolf,950,demonhunter,havoc,65,29,36
Alandrisz,argent-dawn,949,demonhunter,havoc,30,10,20
Dàrkinette,archimonde,947,demonhunter,havoc,42,22,20
Giusifreddo,zuljin,947,demonhunter,havoc,28,12,16
Brolycoly,stormscale,947,demonhunter,havoc,28,10,18
Thelanora,zirkel-des-cenarius,947,demonhunter,havoc,35,12,23
Mamazboy,lightnings-blade,946,demonhunter,havoc,18,10,8
Sìnbad,khaz-modan,944,demonhunter,havoc,42,24,18
Максаналл,soulflayer,944,demonhunter,havoc,18,10,8
Hannipham,silvermoon,944,demonhunter,havoc,21,11,10
Zarkhyl,malygos,943,demonhunter,havoc,18,10,8
Hackstück,blackrock,943,demonhunter,havoc,28,14,14
Jemoer,twisting-nether,942,demonhunter,havoc,25,15,10
Caria,twisting-nether,942,demonhunter,havoc,24,12,12
Glaiverush,alakir,939,demonhunter,havoc,24,11,13
Byah,kazzak,933,demonhunter,havoc,146,65,81
Rockymarcia,archimonde,930,demonhunter,havoc,18,11,7
Winnztlol,chamber-of-aspects,927,demonhunter,havoc,36,17,19
Zermut,culte-de-la-rive-noire,925,demonhunter,havoc,17,10,7
Quavanity,sylvanas,925,demonhunter,havoc,23,10,13
Maßik,terokkar,922,demonhunter,havoc,21,11,10
Braserol,archimonde,922,demonhunter,havoc,50,19,31
Demonhyan,chants-éternels,918,demonhunter,havoc,85,39,46
Lorcanmar,draenor,918,demonhunter,havoc,87,39,48
Sinthetyx,quelthalas,917,demonhunter,havoc,36,19,17
Taliaa,drakthul,911,demonhunter,havoc,21,10,11
Skylinex,dentarg,909,demonhunter,havoc,66,33,33
Манапарда,howling-fjord,909,demonhunter,havoc,35,10,25
Hicgidik,outland,905,demonhunter,havoc,24,11,13
Fredoo,sylvanas,903,demonhunter,havoc,21,11,10
Ejder,anubarak,900,demonhunter,havoc,66,26,40
Kroepoeks,mazrigos,894,demonhunter,havoc,30,16,14
Ríasgremory,los-errantes,890,demonhunter,havoc,15,10,5
Anarcky,ravencrest,890,demonhunter,havoc,25,11,14
Jamule,dun-morogh,889,demonhunter,havoc,36,15,21
Losthunter,turalyon,888,demonhunter,havoc,63,24,39
Mortblede,outland,884,demonhunter,havoc,36,11,25
Cometofloki,outland,880,demonhunter,havoc,36,17,19
Карнавалыч,gordunni,869,demonhunter,havoc,129,49,80
Legionek,burning-blade,866,demonhunter,havoc,20,11,9
Azaeras,argent-dawn,864,demonhunter,havoc,12,9,3
Лфгнехиро,soulflayer,864,demonhunter,havoc,12,9,3
Saene,ravencrest,864,demonhunter,havoc,18,9,9
Lrdhavemercy,kiljaeden,864,demonhunter,havoc,18,9,9
Эридари,blackscar,864,demonhunter,havoc,18,9,9
Demxx,blackrock,864,demonhunter,havoc,18,9,9
Snäx,aggra-português,864,demonhunter,havoc,18,9,9
Notapistol,outland,864,demonhunter,havoc,18,9,9
Giftìg,ravencrest,864,demonhunter,havoc,18,9,9
Qweqweasd,outland,864,demonhunter,havoc,18,9,9
Toschadh,blackmoore,864,demonhunter,havoc,18,9,9
Realtrance,sanguino,864,demonhunter,havoc,18,9,9
Chosabreka,zuljin,864,demonhunter,havoc,18,9,9
Zophý,ragnaros,864,demonhunter,havoc,18,9,9
Папичгодх,borean-tundra,864,demonhunter,havoc,24,9,15
Neonishh,twisting-nether,864,demonhunter,havoc,24,9,15
Djaskmazi,archimonde,864,demonhunter,havoc,24,9,15
Kibiri,rajaxx,864,demonhunter,havoc,24,9,15
Albdh,kazzak,864,demonhunter,havoc,24,9,15
Evlos,hyjal,864,demonhunter,havoc,24,9,15
Puppygf,ravencrest,863,demonhunter,havoc,12,9,3
Sunestaa,kazzak,863,demonhunter,havoc,12,9,3
Felledelfine,kazzak,863,demonhunter,havoc,12,9,3
Drunkendemon,frostwolf,863,demonhunter,havoc,12,9,3
Деленна,azuregos,863,demonhunter,havoc,15,10,5
Пампу,howling-fjord,863,demonhunter,havoc,18,9,9
Hogidan,hellscream,863,demonhunter,havoc,18,9,9
Sutures,ravencrest,863,demonhunter,havoc,18,9,9
Spacedance,silvermoon,863,demonhunter,havoc,18,9,9
Illidaia,ravencrest,863,demonhunter,havoc,18,9,9
Bayerd,burning-legion,863,demonhunter,havoc,18,9,9
Халбренд,gordunni,863,demonhunter,havoc,18,9,9
Finstergraf,blackmoore,863,demonhunter,havoc,36,17,19
Djdhh,draenor,863,demonhunter,havoc,20,9,11
Slizer,draenor,863,demonhunter,havoc,24,9,15
Remn,archimonde,863,demonhunter,havoc,24,9,15
Lengadanger,durotan,863,demonhunter,havoc,24,9,15
Exodlia,silvermoon,862,demonhunter,havoc,18,9,9
Zappikdh,silvermoon,862,demonhunter,havoc,18,9,9
Grifht,zuljin,862,demonhunter,havoc,18,9,9
Крикетх,soulflayer,862,demonhunter,havoc,24,9,15
Demonstorpix,drakthul,862,demonhunter,havoc,24,9,15
Illidián,chamber-of-aspects,862,demonhunter,havoc,24,9,15
Aeshalla,blackmoore,862,demonhunter,havoc,24,9,15
Dawnsbreaker,twisting-nether,862,demonhunter,havoc,24,9,15
Guziel,kazzak,861,demonhunter,havoc,12,9,3
Tzklkn,sylvanas,861,demonhunter,havoc,12,9,3
Selénhe,silvermoon,861,demonhunter,havoc,18,9,9
Selcan,archimonde,861,demonhunter,havoc,18,9,9
Эска,razuvious,861,demonhunter,havoc,18,9,9
Actarüs,hyjal,861,demonhunter,havoc,24,9,15
Nameerr,ragnaros,860,demonhunter,havoc,18,9,9
Wrathill,draenor,860,demonhunter,havoc,24,9,15
Selfdestruct,tarren-mill,859,demonhunter,havoc,18,9,9
Defjax,argent-dawn,859,demonhunter,havoc,18,9,9
Doobregeesy,burning-legion,859,demonhunter,havoc,21,10,11
Nestrae,drakthul,859,demonhunter,havoc,24,9,15
Deathblades,twisting-nether,859,demonhunter,havoc,24,9,15
Approxis,archimonde,858,demonhunter,havoc,18,9,9
Шоеррей,gordunni,858,demonhunter,havoc,18,9,9
Hyggéè,sanguino,857,demonhunter,havoc,24,9,15
Crueldo,silvermoon,857,demonhunter,havoc,24,9,15
Naem,blackrock,856,demonhunter,havoc,18,9,9
Keiti,drakthul,856,demonhunter,havoc,36,9,27
Bhuta,aerie-peak,855,demonhunter,havoc,18,9,9
Æsenaw,argent-dawn,855,demonhunter,havoc,18,9,9
Deathsnote,marécage-de-zangar,854,demonhunter,havoc,24,9,15
Mobpsycho,draenor,852,demonhunter,havoc,12,9,3
Хитсхан,soulflayer,852,demonhunter,havoc,18,9,9
Chrititia,blackmoore,852,demonhunter,havoc,24,9,15
Butcherr,ulduar,851,demonhunter,havoc,30,11,19
Axyo,doomhammer,849,demonhunter,havoc,30,9,21
Judderzz,bronze-dragonflight,844,demonhunter,havoc,30,14,16
Heemaglobin,ravencrest,843,demonhunter,havoc,42,18,24
Fckmlf,outland,839,demonhunter,havoc,21,12,9
Seaburn,bronzebeard,839,demonhunter,havoc,46,14,32
Backflipgødx,uldaman,832,demonhunter,havoc,22,9,13
Toio,nemesis,831,demonhunter,havoc,24,9,15
Deadskill,alexstrasza,829,demonhunter,havoc,60,23,37
Flamme,amanthul,828,demonhunter,havoc,65,32,33
Дантавул,gordunni,825,demonhunter,havoc,24,9,15
Selvagg,archimonde,823,demonhunter,havoc,30,9,21
Afkah,chants-éternels,815,demonhunter,havoc,12,9,3
Daimon,pozzo-delleternità,813,demonhunter,havoc,21,10,11
Subelsiu,alakir,812,demonhunter,havoc,114,50,64
Critlerman,blackmoore,807,demonhunter,havoc,18,11,7
Demondik,aggramar,802,demonhunter,havoc,27,11,16
Illidaniellé,tarren-mill,799,demonhunter,havoc,17,9,8
Wukasin,kazzak,798,demonhunter,havoc,18,9,9
Demønlady,blackmoore,797,demonhunter,havoc,14,9,5
Blutox,antonidas,797,demonhunter,havoc,25,11,14
Herax,drakthul,796,demonhunter,havoc,17,9,8
Deadhuntor,daggerspine,795,demonhunter,havoc,17,9,8
Каталейна,howling-fjord,793,demonhunter,havoc,32,9,23
Sinjinzoo,blackrock,789,demonhunter,havoc,14,9,5
Dutchmadman,aerie-peak,788,demonhunter,havoc,85,38,47
Кусьзакиску,soulflayer,781,demonhunter,havoc,22,9,13
Smallnik,tarren-mill,768,demonhunter,havoc,12,8,4
Mesini,darksorrow,768,demonhunter,havoc,12,8,4
Gixota,silvermoon,768,demonhunter,havoc,12,8,4
Traumadh,tarren-mill,768,demonhunter,havoc,12,8,4
Babipanggang,kazzak,768,demonhunter,havoc,12,8,4
Qiera,grim-batol,768,demonhunter,havoc,12,8,4
Adexi,twisting-nether,768,demonhunter,havoc,12,8,4
Mongraal,tichondrius,768,demonhunter,havoc,12,8,4
Синтвеив,soulflayer,768,demonhunter,havoc,12,8,4
Eysndh,blackrock,768,demonhunter,havoc,12,8,4
Wèx,tarren-mill,768,demonhunter,havoc,12,8,4
Elønaria,antonidas,768,demonhunter,havoc,12,8,4
Viodemon,blackrock,768,demonhunter,havoc,12,8,4
Blankdh,outland,768,demonhunter,havoc,12,8,4
Snubbeldemon,outland,768,demonhunter,havoc,12,8,4
Dhaosh,nemesis,768,demonhunter,havoc,18,8,10
Thestrength,twisting-nether,768,demonhunter,havoc,18,8,10
Leväna,sanguino,768,demonhunter,havoc,18,8,10
Stinkymonkey,pozzo-delleternità,768,demonhunter,havoc,18,8,10
Praisethelrd,blackrock,768,demonhunter,havoc,18,8,10
Xocotl,blackmoore,768,demonhunter,havoc,18,8,10
Вирбль,gordunni,768,demonhunter,havoc,18,8,10
Mvqdh,stormscale,768,demonhunter,havoc,18,8,10
Nthday,draenor,768,demonhunter,havoc,18,8,10
Dzieciak,burning-legion,768,demonhunter,havoc,22,9,13
Ataddcay,outland,768,demonhunter,havoc,84,29,55
Rõb,magtheridon,768,demonhunter,havoc,24,8,16
Demoan,outland,768,demonhunter,havoc,24,8,16
Ebache,darksorrow,767,demonhunter,havoc,12,8,4
Art,tarren-mill,767,demonhunter,havoc,12,8,4
Ninetzqp,tarren-mill,767,demonhunter,havoc,12,8,4
Lilor,aegwynn,767,demonhunter,havoc,12,8,4
Marrie,area-52,767,demonhunter,havoc,12,8,4
Freddh,blackrock,767,demonhunter,havoc,18,8,10
Zmasteez,ahnqiraj,767,demonhunter,havoc,18,8,10
Paindemon,outland,767,demonhunter,havoc,18,8,10
Lirigizel,hellscream,767,demonhunter,havoc,18,8,10
Natzú,ravencrest,767,demonhunter,havoc,18,8,10
Вафлистикус,ashenvale,767,demonhunter,havoc,18,8,10
Joniod,stormreaver,767,demonhunter,havoc,18,8,10
Shax,hellscream,767,demonhunter,havoc,18,8,10
Kyuzo,sanguino,767,demonhunter,havoc,18,8,10
Illidrak,sylvanas,767,demonhunter,havoc,18,8,10
Kithan,zuljin,767,demonhunter,havoc,18,8,10
Niniach,burning-legion,767,demonhunter,havoc,18,8,10
Zedies,argent-dawn,767,demonhunter,havoc,18,8,10
Calendith,arathor,767,demonhunter,havoc,21,9,12
Salamihexler,dun-morogh,767,demonhunter,havoc,23,8,15
Klerikerin,blackmoore,766,demonhunter,havoc,12,8,4
Trøbblete,ragnaros,766,demonhunter,havoc,12,8,4
Skrelarent,argent-dawn,766,demonhunter,havoc,12,8,4
Thrina,blackmoore,766,demonhunter,havoc,18,8,10
Хандза,gordunni,766,demonhunter,havoc,18,8,10
Varthag,antonidas,766,demonhunter,havoc,18,8,10
Neiden,deathwing,766,demonhunter,havoc,24,8,16
Strikeforce,burning-legion,766,demonhunter,havoc,24,8,16
Granitaa,archimonde,765,demonhunter,havoc,12,8,4
Akäly,hyjal,765,demonhunter,havoc,19,9,10
Gruusha,kazzak,765,demonhunter,havoc,18,8,10
Vvdh,ravencrest,765,demonhunter,havoc,22,9,13
Zumbly,silvermoon,765,demonhunter,havoc,24,8,16
Aelzeran,stormscale,765,demonhunter,havoc,24,8,16
Noxxi,gorgonnash,764,demonhunter,havoc,18,8,10
Shàdoww,hyjal,764,demonhunter,havoc,24,8,16
Saìras,blackhand,763,demonhunter,havoc,18,8,10
Covidian,kilrogg,762,demonhunter,havoc,12,8,4
Ridweng,ravenholdt,762,demonhunter,havoc,13,8,5
Darksink,kazzak,762,demonhunter,havoc,18,8,10
Unsainted,blackhand,762,demonhunter,havoc,18,8,10
Merilidan,blackrock,762,demonhunter,havoc,18,8,10
Amaterasù,alleria,761,demonhunter,havoc,18,8,10
Rtz,malfurion,761,demonhunter,havoc,18,8,10
Норилайнн,gordunni,761,demonhunter,havoc,24,8,16
Sjox,dalaran,761,demonhunter,havoc,30,8,22
Гёнке,gordunni,757,demonhunter,havoc,28,9,19
Olaghkhan,minahonda,755,demonhunter,havoc,12,8,4
Alfazar,pozzo-delleternità,754,demonhunter,havoc,92,30,62
Lailat,alexstrasza,752,demonhunter,havoc,16,9,7
Liondam,pozzo-delleternità,749,demonhunter,havoc,36,12,24
Yanosses,la-croisade-écarlate,746,demonhunter,havoc,12,8,4
Shinyshuckle,stormscale,745,demonhunter,havoc,23,8,15
Maat,anetheron,742,demonhunter,havoc,26,10,16
Bearrockx,alleria,735,demonhunter,havoc,17,8,9
Wìxx,blackrock,735,demonhunter,havoc,23,8,15
Zealdancer,veknilash,734,demonhunter,havoc,17,8,9
Неверластх,gordunni,720,demonhunter,havoc,21,8,13
Mowiemow,argent-dawn,719,demonhunter,havoc,17,8,9
Bezdna,stormrage,718,demonhunter,havoc,15,8,7
Makiu,archimonde,717,demonhunter,havoc,21,8,13
Nithraim,kazzak,711,demonhunter,havoc,21,8,13
Yeyote,dun-modr,695,demonhunter,havoc,15,10,5
Stixxs,archimonde,691,demonhunter,havoc,14,8,6
Магнисс,fordragon,685,demonhunter,havoc,14,8,6
Itzrazor,ravencrest,683,demonhunter,havoc,25,8,17
Devendora,antonidas,681,demonhunter,havoc,23,10,13
Prouser,turalyon,678,demonhunter,havoc,27,9,18
Herzbann,madmortem,676,demonhunter,havoc,19,8,11
Víllaiin,tarren-mill,672,demonhunter,havoc,12,7,5
Pepenger,kazzak,672,demonhunter,havoc,12,7,5
Palangebahar,tarren-mill,672,demonhunter,havoc,12,7,5
Ilidansdaddy,twisting-nether,672,demonhunter,havoc,12,7,5
Izior,drakthul,672,demonhunter,havoc,12,7,5
Xpllen,shadowsong,672,demonhunter,havoc,12,7,5
Lemiisa,burning-blade,672,demonhunter,havoc,12,7,5
Gorinda,twisting-nether,672,demonhunter,havoc,12,7,5
Sfigmenos,sylvanas,672,demonhunter,havoc,12,7,5
Eliàna,twisting-nether,672,demonhunter,havoc,12,7,5
Dontmashme,cthun,672,demonhunter,havoc,12,7,5
Джэба,gordunni,672,demonhunter,havoc,12,7,5
Fumroned,twisting-nether,672,demonhunter,havoc,12,7,5
Chaosknight,outland,672,demonhunter,havoc,12,7,5
Alied,burning-blade,672,demonhunter,havoc,12,7,5
Caronte,los-errantes,672,demonhunter,havoc,12,7,5
Lëtho,colinas-pardas,672,demonhunter,havoc,12,7,5
Atrikagodx,kazzak,672,demonhunter,havoc,12,7,5
Umbraslash,argent-dawn,672,demonhunter,havoc,12,7,5
Brutodh,stormscale,672,demonhunter,havoc,12,7,5
Kalachiquezz,kazzak,672,demonhunter,havoc,12,7,5
Esadeáth,ravencrest,672,demonhunter,havoc,12,7,5
Ronstoppable,ravencrest,672,demonhunter,havoc,12,7,5
Stonedaf,ravencrest,672,demonhunter,havoc,12,7,5
Bwipøo,alakir,672,demonhunter,havoc,12,7,5
Damnituther,kazzak,672,demonhunter,havoc,12,7,5
Varkósa,sylvanas,672,demonhunter,havoc,12,7,5
Psynotic,kazzak,672,demonhunter,havoc,12,7,5
Glevenuschii,blackmoore,672,demonhunter,havoc,12,7,5
Styxdh,blackhand,672,demonhunter,havoc,12,7,5
Клаес,howling-fjord,672,demonhunter,havoc,12,7,5
Remiyo,eredar,672,demonhunter,havoc,12,7,5
Eydipha,blackmoore,672,demonhunter,havoc,12,7,5
Crispychick,stormscale,672,demonhunter,havoc,12,7,5
Fùth,ysondre,672,demonhunter,havoc,12,7,5
Vidagín,blackmoore,672,demonhunter,havoc,12,7,5
Dreamreaperx,ravencrest,672,demonhunter,havoc,12,7,5
Amovea,draenor,672,demonhunter,havoc,15,8,7
Itsfinee,outland,672,demonhunter,havoc,14,7,7
Reachfight,lothar,672,demonhunter,havoc,18,7,11
Kruthor,taerar,672,demonhunter,havoc,18,7,11
Шликшлик,blackscar,672,demonhunter,havoc,18,7,11
Illidany,eredar,672,demonhunter,havoc,18,7,11
Wrathia,rexxar,672,demonhunter,havoc,18,7,11
Alàstora,twisting-nether,672,demonhunter,havoc,18,7,11
Veryfunhaha,ravencrest,672,demonhunter,havoc,18,7,11
Hatabaa,argent-dawn,672,demonhunter,havoc,18,7,11
Tricki,kelthuzad,672,demonhunter,havoc,18,7,11
Maodh,veknilash,672,demonhunter,havoc,18,7,11
Størmrage,sanguino,672,demonhunter,havoc,18,7,11
Foltek,silvermoon,672,demonhunter,havoc,18,7,11
Pelko,sanguino,672,demonhunter,havoc,18,7,11
Келидаррия,soulflayer,672,demonhunter,havoc,18,7,11
Garfie,ravencrest,672,demonhunter,havoc,18,7,11
Ostosbigego,ravencrest,672,demonhunter,havoc,18,7,11
Ayimprepared,ragnaros,672,demonhunter,havoc,18,7,11
Abigorien,blackmoore,672,demonhunter,havoc,18,7,11
Ashivari,argent-dawn,672,demonhunter,havoc,18,7,11
Grazax,lightnings-blade,672,demonhunter,havoc,18,7,11
Illidorie,twisting-nether,672,demonhunter,havoc,24,7,17
Paîmon,hyjal,672,demonhunter,havoc,24,7,17
Jokas,archimonde,672,demonhunter,havoc,24,7,17
Iamayaqt,nemesis,672,demonhunter,havoc,24,7,17
Inflection,ravencrest,672,demonhunter,havoc,24,7,17
Enithy,twisting-nether,671,demonhunter,havoc,12,7,5
Funclass,blackrock,671,demonhunter,havoc,12,7,5
Randydhunt,draenor,671,demonhunter,havoc,12,7,5
Phaël,ravencrest,671,demonhunter,havoc,12,7,5
Aladír,malygos,671,demonhunter,havoc,12,7,5
Youngboost,blackrock,671,demonhunter,havoc,12,7,5
Marcellaa,ravencrest,671,demonhunter,havoc,12,7,5
Zenga,kazzak,671,demonhunter,havoc,12,7,5
Ddvh,drakthul,671,demonhunter,havoc,12,7,5
Nxmpys,sanguino,671,demonhunter,havoc,12,7,5
Deqthstrïke,ysondre,671,demonhunter,havoc,12,7,5
Mâdîta,todeswache,671,demonhunter,havoc,12,7,5
Meji,ravencrest,671,demonhunter,havoc,12,7,5
Rabischu,echsenkessel,671,demonhunter,havoc,15,8,7
Venkz,archimonde,671,demonhunter,havoc,18,7,11
Calicó,draenor,671,demonhunter,havoc,18,7,11
Тирандил,grom,671,demonhunter,havoc,18,7,11
Abrahêll,dun-modr,671,demonhunter,havoc,18,7,11
Takeshí,burning-legion,671,demonhunter,havoc,18,7,11
Norebb,sanguino,671,demonhunter,havoc,18,7,11
Rebelion,dun-modr,671,demonhunter,havoc,18,7,11
Okoral,dun-modr,671,demonhunter,havoc,18,7,11
Gearuzaki,ghostlands,671,demonhunter,havoc,18,7,11
Wårbÿ,ravencrest,671,demonhunter,havoc,18,7,11
Darkwing,silvermoon,671,demonhunter,havoc,18,7,11
Løkil,blackrock,671,demonhunter,havoc,18,7,11
Opvoksterxx,sylvanas,671,demonhunter,havoc,18,7,11
Illidarios,blackhand,671,demonhunter,havoc,18,7,11
Corelly,ragnaros,671,demonhunter,havoc,18,7,11
Koralentprix,twisting-nether,671,demonhunter,havoc,18,7,11
Maeb,cthun,671,demonhunter,havoc,18,7,11
Irenth,burning-legion,671,demonhunter,havoc,19,7,12
Яестьдима,howling-fjord,671,demonhunter,havoc,24,7,17
Daeneryz,drakthul,671,demonhunter,havoc,24,7,17
Talyrîs,aegwynn,671,demonhunter,havoc,24,7,17
Demonsfury,ravencrest,671,demonhunter,havoc,24,7,17
Милинайт,eversong,670,demonhunter,havoc,12,7,5
Jörgböhme,blackhand,670,demonhunter,havoc,12,7,5
Lahan,twisting-nether,670,demonhunter,havoc,12,7,5
Demonglide,moonglade,670,demonhunter,havoc,12,7,5
Nikkidesaint,twisting-nether,670,demonhunter,havoc,12,7,5
Älger,archimonde,670,demonhunter,havoc,12,7,5
Atronäx,dun-modr,670,demonhunter,havoc,18,7,11
Xtrmhunter,ysondre,670,demonhunter,havoc,18,7,11
Hyunkél,kirin-tor,670,demonhunter,havoc,18,7,11
Ungeist,blackrock,670,demonhunter,havoc,18,7,11
Rahteri,hellfire,669,demonhunter,havoc,12,7,5
Nmeule,turalyon,669,demonhunter,havoc,12,7,5
Akina,krasus,669,demonhunter,havoc,18,7,11
Necrotyle,twisting-nether,669,demonhunter,havoc,21,8,13
Elmindundi,shendralar,668,demonhunter,havoc,18,7,11
Gangrazorg,garona,667,demonhunter,havoc,18,7,11
Дядяэл,fordragon,667,demonhunter,havoc,24,7,17
Farlopon,dun-modr,667,demonhunter,havoc,36,7,29
Mormefiél,twisting-nether,666,demonhunter,havoc,12,7,5
Fugma,defias-brotherhood,666,demonhunter,havoc,12,7,5
Ðíablo,amanthul,666,demonhunter,havoc,20,7,13
Seeshark,thrall,665,demonhunter,havoc,16,8,8
Ztef,outland,665,demonhunter,havoc,30,7,23
Rúpél,thrall,664,demonhunter,havoc,24,7,17
Solian,ravencrest,661,demonhunter,havoc,12,7,5
Demoncancer,kazzak,657,demonhunter,havoc,12,7,5
Nazzan,destromath,657,demonhunter,havoc,12,7,5
Deamo,stormscale,655,demonhunter,havoc,17,7,10
Ёмайл,soulflayer,655,demonhunter,havoc,18,7,11
Anishara,die-nachtwache,653,demonhunter,havoc,19,8,11
Caesares,azjolnerub,653,demonhunter,havoc,24,7,17
Попкасиська,eversong,651,demonhunter,havoc,65,22,43
Летучий,howling-fjord,638,demonhunter,havoc,14,8,6
Lexxdh,blackmoore,637,demonhunter,havoc,14,8,6
Vesria,stormrage,627,demonhunter,havoc,16,8,8
Snelle,outland,624,demonhunter,havoc,15,7,8
Scarath,eredar,624,demonhunter,havoc,21,7,14
Акамамба,gordunni,622,demonhunter,havoc,17,7,10
Подкрадунзай,soulflayer,621,demonhunter,havoc,12,9,3
Makhabunda,terokkar,618,demonhunter,havoc,28,8,20
Hyperflex,blackrock,608,demonhunter,havoc,16,7,9
Phalekxox,ravencrest,607,demonhunter,havoc,11,7,4
Innostigma,dalaran,607,demonhunter,havoc,20,7,13
Predatrix,khaz-modan,606,demonhunter,havoc,14,7,7
Линдорм,deathguard,603,demonhunter,havoc,14,7,7
Nahlendris,darkmoon-faire,596,demonhunter,havoc,16,7,9
Saiyanblue,tarren-mill,591,demonhunter,havoc,13,7,6
Thesasuke,tarren-mill,590,demonhunter,havoc,11,7,4
Клиффорд,gordunni,576,demonhunter,havoc,6,6,0
Alasune,twisting-nether,576,demonhunter,havoc,6,6,0
Mímð,ravencrest,576,demonhunter,havoc,6,6,0
Lurtéx,kazzak,576,demonhunter,havoc,12,6,6
Mendøøza,hyjal,576,demonhunter,havoc,12,6,6
Dàrknight,azjolnerub,576,demonhunter,havoc,12,6,6
Ксен,howling-fjord,576,demonhunter,havoc,12,6,6
Tillidani,outland,576,demonhunter,havoc,12,6,6
Gzmo,tarren-mill,576,demonhunter,havoc,12,6,6
Tetedechaise,archimonde,576,demonhunter,havoc,12,6,6
Kazeha,tarren-mill,576,demonhunter,havoc,12,6,6
Tëvnic,kazzak,576,demonhunter,havoc,12,6,6
Sickdoci,kazzak,576,demonhunter,havoc,12,6,6
Lezzo,tarren-mill,576,demonhunter,havoc,12,6,6
Брилаброви,soulflayer,576,demonhunter,havoc,12,6,6
Noovedh,ravencrest,576,demonhunter,havoc,12,6,6
Jaace,silvermoon,576,demonhunter,havoc,12,6,6
Эрнерион,soulflayer,576,demonhunter,havoc,12,6,6
Threebuttøns,ravencrest,576,demonhunter,havoc,12,6,6
Felrunner,grim-batol,576,demonhunter,havoc,12,6,6
Fîrstwolf,silvermoon,576,demonhunter,havoc,12,6,6
Lundí,tarren-mill,576,demonhunter,havoc,12,6,6
Qk,ghostlands,576,demonhunter,havoc,12,6,6
Wasilij,ravencrest,576,demonhunter,havoc,12,6,6
Malethrienna,argent-dawn,576,demonhunter,havoc,12,6,6
Mortyb,kazzak,576,demonhunter,havoc,12,6,6
Mythnimue,tarren-mill,576,demonhunter,havoc,12,6,6
Zeyrax,ragnaros,576,demonhunter,havoc,12,6,6
Nélathas,twisting-nether,576,demonhunter,havoc,12,6,6
Dvex,stormscale,576,demonhunter,havoc,12,6,6
Miyxcu,aegwynn,576,demonhunter,havoc,12,6,6
Peacedopice,drakthul,576,demonhunter,havoc,12,6,6
Liädriss,tarren-mill,576,demonhunter,havoc,12,6,6
Dakydh,ravencrest,576,demonhunter,havoc,12,6,6
Alrashidi,ravencrest,576,demonhunter,havoc,12,6,6
Xyrs,draenor,576,demonhunter,havoc,12,6,6
Adírael,cthun,576,demonhunter,havoc,12,6,6
Swearix,twisting-nether,576,demonhunter,havoc,12,6,6
Zelidh,korgall,576,demonhunter,havoc,12,6,6
Credenzx,frostmane,576,demonhunter,havoc,12,6,6
Reppz,blackmoore,576,demonhunter,havoc,12,6,6
Gangstaboy,nemesis,576,demonhunter,havoc,12,6,6
Onkwang,twisting-nether,576,demonhunter,havoc,12,6,6
Stickihunt,malganis,576,demonhunter,havoc,12,6,6
Soulmortal,draenor,576,demonhunter,havoc,12,6,6
Nitrobeevz,blackmoore,576,demonhunter,havoc,12,6,6
Нулевыйчел,gordunni,576,demonhunter,havoc,12,6,6
Friidaadh,lightbringer,576,demonhunter,havoc,12,6,6
Avadåra,stormscale,576,demonhunter,havoc,12,6,6
Sfguild,kazzak,576,demonhunter,havoc,12,6,6
Illidangr,sylvanas,576,demonhunter,havoc,12,6,6
Elsibal,dunemaul,576,demonhunter,havoc,12,6,6
Mitzii,nazjatar,576,demonhunter,havoc,12,6,6
Ferrero,guldan,576,demonhunter,havoc,12,6,6
Bigbrain,festung-der-stürme,576,demonhunter,havoc,12,6,6
Shreeð,blackmoore,576,demonhunter,havoc,16,7,9
Dèsdemøna,nemesis,576,demonhunter,havoc,18,6,12
Mettdaemon,ravencrest,576,demonhunter,havoc,18,6,12
Кальнмиир,soulflayer,576,demonhunter,havoc,18,6,12
Zaÿn,antonidas,576,demonhunter,havoc,18,6,12
Dlarkyl,drakthul,576,demonhunter,havoc,18,6,12
Филеровщик,deathguard,576,demonhunter,havoc,18,6,12
Tthic,shadowsong,576,demonhunter,havoc,18,6,12
Becknárn,sylvanas,576,demonhunter,havoc,18,6,12
Pokálen,drakthul,576,demonhunter,havoc,18,6,12
Sorrøwblade,drakthul,576,demonhunter,havoc,18,6,12
Alandiel,twisting-nether,576,demonhunter,havoc,18,6,12
Pinx,archimonde,576,demonhunter,havoc,18,6,12
Chíwas,outland,576,demonhunter,havoc,18,6,12
Blueformeld,draenor,576,demonhunter,havoc,18,6,12
Lilpeepfan,hyjal,576,demonhunter,havoc,18,6,12
Shyoxdh,twisting-nether,576,demonhunter,havoc,18,6,12
Rurt,sanguino,576,demonhunter,havoc,18,6,12
Nøøßønline,hyjal,576,demonhunter,havoc,18,6,12
Carizmma,ravencrest,576,demonhunter,havoc,24,6,18
Redgi,tarren-mill,576,demonhunter,havoc,24,6,18
Pèpsì,kazzak,576,demonhunter,havoc,24,6,18
Sgit,doomhammer,576,demonhunter,havoc,24,6,18
Стараятварь,thermaplugg,576,demonhunter,havoc,24,6,18
Shizuuli,outland,576,demonhunter,havoc,30,6,24
Kramixx,thrall,575,demonhunter,havoc,12,6,6
Saftad,outland,575,demonhunter,havoc,12,6,6
Instinctivee,sylvanas,575,demonhunter,havoc,12,6,6
Tire,draenor,575,demonhunter,havoc,12,6,6
Devilord,sanguino,575,demonhunter,havoc,12,6,6
Jimlast,eredar,575,demonhunter,havoc,12,6,6
Unnachgiebig,antonidas,575,demonhunter,havoc,12,6,6
Plafos,sanguino,575,demonhunter,havoc,12,6,6
Davdavdh,tarren-mill,575,demonhunter,havoc,12,6,6
Tarók,ragnaros,575,demonhunter,havoc,12,6,6
Valshatt,sanguino,575,demonhunter,havoc,12,6,6
Nassou,hyjal,575,demonhunter,havoc,12,6,6
Bunzi,sylvanas,575,demonhunter,havoc,12,6,6
Arløw,archimonde,575,demonhunter,havoc,16,7,9
Joezus,draenor,575,demonhunter,havoc,18,6,12
Synistera,trollbane,575,demonhunter,havoc,18,6,12
Candylicks,kazzak,575,demonhunter,havoc,18,6,12
Зедю,howling-fjord,575,demonhunter,havoc,18,6,12
Vänöx,dun-modr,575,demonhunter,havoc,18,6,12
Talrundir,argent-dawn,575,demonhunter,havoc,18,6,12
Sinrii,archimonde,574,demonhunter,havoc,12,6,6
Grinchdemon,nagrand,574,demonhunter,havoc,12,6,6
Mandemz,nagrand,574,demonhunter,havoc,18,6,12
Dionyz,magtheridon,573,demonhunter,havoc,12,6,6
Klave,argent-dawn,573,demonhunter,havoc,18,6,12
Elindoria,dalaran,572,demonhunter,havoc,12,6,6
Arxaxe,sanguino,571,demonhunter,havoc,12,6,6
Hamssterek,magtheridon,571,demonhunter,havoc,18,6,12
Lillinète,archimonde,571,demonhunter,havoc,30,6,24
Bahmut,argent-dawn,569,demonhunter,havoc,12,6,6
Samurase,kazzak,569,demonhunter,havoc,18,6,12
Ysanix,drakthul,568,demonhunter,havoc,12,6,6
Glerog,ragnaros,558,demonhunter,havoc,10,7,3
Elldarion,blackhand,558,demonhunter,havoc,17,6,11
Drahîna,khaz-modan,541,demonhunter,havoc,20,7,13
Tiucciah,kirin-tor,539,demonhunter,havoc,11,6,5
Foxylama,stormscale,528,demonhunter,havoc,15,7,8
Panejo,drakthul,528,demonhunter,havoc,15,6,9
Vanereel,thrall,523,demonhunter,havoc,11,6,5
Хисаго,gordunni,522,demonhunter,havoc,15,7,8
Beraxulus,aegwynn,522,demonhunter,havoc,16,7,9
Ailis,drakthul,522,demonhunter,havoc,20,7,13
Алистреель,gordunni,521,demonhunter,havoc,13,7,6
Джэкмэн,soulflayer,520,demonhunter,havoc,29,8,21
Gotwings,sunstrider,512,demonhunter,havoc,10,6,4
Zethraxxur,outland,511,demonhunter,havoc,11,6,5
Gnjurac,outland,511,demonhunter,havoc,14,6,8
Asperity,antonidas,511,demonhunter,havoc,18,6,12
Cmi,tarren-mill,511,demonhunter,havoc,22,6,16
Plagues,quelthalas,510,demonhunter,havoc,20,10,10
Illidancz,thunderhorn,488,demonhunter,havoc,13,6,7
Avavidh,blackmoore,480,demonhunter,havoc,6,5,1
Ismelldemons,silvermoon,480,demonhunter,havoc,6,5,1
Morrion,blackmoore,480,demonhunter,havoc,6,5,1
Nanába,draenor,480,demonhunter,havoc,6,5,1
Lesamaritain,ysondre,480,demonhunter,havoc,6,5,1
Mouga,hyjal,480,demonhunter,havoc,6,5,1
Monion,defias-brotherhood,480,demonhunter,havoc,6,5,1
Katkott,kazzak,480,demonhunter,havoc,6,5,1
Patologia,burning-legion,480,demonhunter,havoc,6,5,1
Rooster,malganis,480,demonhunter,havoc,6,5,1
Harpyia,azshara,480,demonhunter,havoc,6,5,1
Wyzedh,blackrock,480,demonhunter,havoc,6,5,1
Loße,ragnaros,480,demonhunter,havoc,6,5,1
Odda,los-errantes,480,demonhunter,havoc,6,5,1
Miscodedh,ravencrest,480,demonhunter,havoc,9,6,3
Superchocowo,sanguino,480,demonhunter,havoc,12,5,7
Takad,twisting-nether,480,demonhunter,havoc,12,5,7
Nagh,archimonde,480,demonhunter,havoc,12,5,7
Generaaloo,ragnaros,480,demonhunter,havoc,12,5,7
Алекзей,gordunni,480,demonhunter,havoc,12,5,7
Spitface,aegwynn,480,demonhunter,havoc,12,5,7
Dzikalocha,burning-legion,480,demonhunter,havoc,12,5,7
Bruxdh,dun-modr,480,demonhunter,havoc,12,5,7
Véspé,naxxramas,480,demonhunter,havoc,12,5,7
Пупчански,howling-fjord,480,demonhunter,havoc,12,5,7
Максимлолпро,howling-fjord,480,demonhunter,havoc,12,5,7
Topg,bladefist,480,demonhunter,havoc,12,5,7
Zunada,ragnaros,480,demonhunter,havoc,12,5,7
Бусурманец,gordunni,480,demonhunter,havoc,12,5,7
Tatoos,bronze-dragonflight,480,demonhunter,havoc,12,5,7
Spiiky,kazzak,480,demonhunter,havoc,12,5,7
Rerien,blackmoore,480,demonhunter,havoc,12,5,7
Lårxx,draenor,480,demonhunter,havoc,12,5,7
Tastyblades,blackmoore,480,demonhunter,havoc,12,5,7
Korrupt,draenor,480,demonhunter,havoc,12,5,7
Malvax,tarren-mill,480,demonhunter,havoc,12,5,7
Лучшедк,gordunni,480,demonhunter,havoc,12,5,7
Fredhy,tarren-mill,480,demonhunter,havoc,12,5,7
Deccal,blackmoore,480,demonhunter,havoc,12,5,7
Ukumeqt,kazzak,480,demonhunter,havoc,12,5,7
Enami,kazzak,480,demonhunter,havoc,12,5,7
Jisoô,tarren-mill,480,demonhunter,havoc,12,5,7
Tomkis,ravencrest,480,demonhunter,havoc,12,5,7
Khenetai,silvermoon,480,demonhunter,havoc,12,5,7
Caøtix,blackrock,480,demonhunter,havoc,12,5,7
Noether,blackrock,480,demonhunter,havoc,12,5,7
Granite,blackrock,480,demonhunter,havoc,12,5,7
Eibemme,alleria,480,demonhunter,havoc,12,5,7
Беатриз,soulflayer,480,demonhunter,havoc,12,5,7
Icurogue,kazzak,480,demonhunter,havoc,12,5,7
Âstræa,antonidas,480,demonhunter,havoc,12,5,7
Yundmida,antonidas,480,demonhunter,havoc,12,5,7
Blind,kazzak,480,demonhunter,havoc,12,5,7
Daiten,outland,480,demonhunter,havoc,12,5,7
Блэйэмих,gordunni,480,demonhunter,havoc,12,5,7
Glìmpsêgøðx,antonidas,480,demonhunter,havoc,12,5,7
Дракомуфлон,gordunni,480,demonhunter,havoc,12,5,7
Kukulkanx,tarren-mill,480,demonhunter,havoc,12,5,7
Bigbootáy,silvermoon,480,demonhunter,havoc,12,5,7
Blizó,tarren-mill,480,demonhunter,havoc,12,5,7
Yuná,stormscale,480,demonhunter,havoc,12,5,7
Диртхамен,blackscar,480,demonhunter,havoc,12,5,7
Thelyan,ravencrest,480,demonhunter,havoc,12,5,7
Mythisa,blackrock,480,demonhunter,havoc,15,6,9
Dübler,gorgonnash,480,demonhunter,havoc,18,5,13
Crushidemon,draenor,480,demonhunter,havoc,18,5,13
Natarásh,blackmoore,480,demonhunter,havoc,18,5,13
Gagfordaddy,ravencrest,480,demonhunter,havoc,18,5,13
Drâparn,sylvanas,480,demonhunter,havoc,18,5,13
Zimmerdin,blackmoore,480,demonhunter,havoc,18,5,13
Aelina,area-52,480,demonhunter,havoc,18,5,13
Alleyezønme,outland,480,demonhunter,havoc,18,5,13
Разагеш,gordunni,480,demonhunter,havoc,18,5,13
Bengleng,draenor,480,demonhunter,havoc,18,5,13
Wajoglaive,blackhand,480,demonhunter,havoc,18,5,13
Aygael,archimonde,480,demonhunter,havoc,24,5,19
Dontrunaway,tarren-mill,479,demonhunter,havoc,6,5,1
Kalodir,malygos,479,demonhunter,havoc,6,5,1
Demontevz,outland,479,demonhunter,havoc,12,5,7
Макай,deathguard,479,demonhunter,havoc,12,5,7
Chàuvequipeu,dalaran,479,demonhunter,havoc,12,5,7
Jonasdh,antonidas,479,demonhunter,havoc,12,5,7
Shekny,sanguino,479,demonhunter,havoc,12,5,7
Manavoid,outland,479,demonhunter,havoc,12,5,7
Cindras,turalyon,479,demonhunter,havoc,12,5,7
Dedaronnes,hyjal,479,demonhunter,havoc,12,5,7
Мйрасаа,gordunni,479,demonhunter,havoc,12,5,7
Escoo,blackmoore,479,demonhunter,havoc,12,5,7
Gryphory,ravencrest,479,demonhunter,havoc,12,5,7
Asperatus,dalaran,479,demonhunter,havoc,18,5,13
Demonwithin,nerathor,479,demonhunter,havoc,18,5,13
Скудайвер,gordunni,478,demonhunter,havoc,12,5,7
Deasdh,tarren-mill,478,demonhunter,havoc,12,5,7
Thilanea,emeriss,478,demonhunter,havoc,12,5,7
Hummér,ravencrest,478,demonhunter,havoc,12,5,7
Greyfel,blackhand,478,demonhunter,havoc,20,7,13
Kairidemon,eredar,477,demonhunter,havoc,12,5,7
Язамясо,gordunni,477,demonhunter,havoc,18,5,13
Thefightergz,terokkar,477,demonhunter,havoc,18,5,13
Гачирабыня,lich-king,477,demonhunter,havoc,30,5,25
Vincbengt,tarren-mill,476,demonhunter,havoc,12,5,7
Illikan,stormscale,474,demonhunter,havoc,12,5,7
Hellforce,nemesis,474,demonhunter,havoc,12,5,7
Etraidor,turalyon,473,demonhunter,havoc,12,5,7
Mayyhem,blackrock,472,demonhunter,havoc,17,7,10
Кислотна,borean-tundra,471,demonhunter,havoc,13,5,8
Dakrey,blackmoore,467,demonhunter,havoc,18,5,13
Morathie,kazzak,462,demonhunter,havoc,11,5,6
Káhúsz,ragnaros,447,demonhunter,havoc,11,5,6
Илнари,soulflayer,447,demonhunter,havoc,11,5,6
Huntingmilfs,ravencrest,447,demonhunter,havoc,11,5,6
Shironeko,ysondre,447,demonhunter,havoc,11,5,6
Shaundead,drakthul,447,demonhunter,havoc,11,5,6
Иллианэль,howling-fjord,432,demonhunter,havoc,9,5,4
Xaro,quelthalas,431,demonhunter,havoc,11,5,6
Ailisdmgbotx,drakthul,426,demonhunter,havoc,15,7,8
Buttslapper,silvermoon,426,demonhunter,havoc,20,6,14
Killidance,outland,425,demonhunter,havoc,16,7,9
Bertori,dun-modr,416,demonhunter,havoc,10,5,5
Axeldardh,draenor,415,demonhunter,havoc,11,6,5
Meridah,twisting-nether,384,demonhunter,havoc,6,4,2
Варгаст,blackscar,384,demonhunter,havoc,6,4,2
Riema,bloodscalp,384,demonhunter,havoc,6,4,2
Вапатикяу,gordunni,384,demonhunter,havoc,6,4,2
Varonx,drakthul,384,demonhunter,havoc,6,4,2
Trenoth,drakthul,384,demonhunter,havoc,6,4,2
Mäxo,frostwolf,384,demonhunter,havoc,6,4,2
Valdrake,burning-legion,384,demonhunter,havoc,6,4,2
Diagonol,ragnaros,384,demonhunter,havoc,6,4,2
Kriszidan,arathor,384,demonhunter,havoc,6,4,2
Intøxixxixx,stormscale,384,demonhunter,havoc,6,4,2
Nelathas,twisting-nether,384,demonhunter,havoc,6,4,2
Shavidan,antonidas,384,demonhunter,havoc,6,4,2
Dimonhunta,tarren-mill,384,demonhunter,havoc,6,4,2
Firebladeza,ravencrest,384,demonhunter,havoc,6,4,2
Shïca,sanguino,384,demonhunter,havoc,6,4,2
Docos,genjuros,384,demonhunter,havoc,6,4,2
Wuzzabi,darksorrow,384,demonhunter,havoc,6,4,2
Akaniiaa,blackmoore,384,demonhunter,havoc,6,4,2
Rageglaive,ragnaros,384,demonhunter,havoc,6,4,2
Demoncalle,the-maelstrom,384,demonhunter,havoc,6,4,2
Atti,the-maelstrom,384,demonhunter,havoc,6,4,2
Çhïñêséðëmøñ,draenor,384,demonhunter,havoc,6,4,2
Mýg,ravencrest,384,demonhunter,havoc,6,4,2
Garra,chants-éternels,384,demonhunter,havoc,6,4,2
Tzs,blackrock,384,demonhunter,havoc,6,4,2
Exerzaria,twisting-nether,384,demonhunter,havoc,6,4,2
Timitär,mazrigos,384,demonhunter,havoc,6,4,2
Mymindead,ravencrest,384,demonhunter,havoc,6,4,2
Iken,ragnaros,384,demonhunter,havoc,6,4,2
Чуювонь,soulflayer,384,demonhunter,havoc,6,4,2
Niellarsc,ravencrest,384,demonhunter,havoc,6,4,2
Theend,das-konsortium,384,demonhunter,havoc,6,4,2
Милифесена,gordunni,384,demonhunter,havoc,6,4,2
Талисзора,gordunni,384,demonhunter,havoc,6,4,2
Bartoshek,auchindoun,384,demonhunter,havoc,6,4,2
Бтдыш,azuregos,384,demonhunter,havoc,6,4,2
Olessias,cthun,384,demonhunter,havoc,6,4,2
Memedhbtw,outland,384,demonhunter,havoc,6,4,2
Brajjo,frostmane,384,demonhunter,havoc,6,4,2
Bblock,silvermoon,384,demonhunter,havoc,6,4,2
Epicelf,hyjal,384,demonhunter,havoc,6,4,2
Daemonmatt,outland,384,demonhunter,havoc,6,4,2
Séismic,outland,384,demonhunter,havoc,6,4,2
Darmash,ambossar,384,demonhunter,havoc,9,5,4
Imprøve,ravencrest,384,demonhunter,havoc,9,5,4
Freakerzoid,kazzak,384,demonhunter,havoc,11,4,7
Toxicbaboon,nemesis,384,demonhunter,havoc,12,4,8
Blüëräin,draenor,384,demonhunter,havoc,12,4,8
Jabuzi,drakthul,384,demonhunter,havoc,12,4,8
Артёмблэйдх,blackscar,384,demonhunter,havoc,12,4,8
Ascindra,kazzak,384,demonhunter,havoc,12,4,8
Jimpanik,ravencrest,384,demonhunter,havoc,12,4,8
Mouz,thrall,384,demonhunter,havoc,12,4,8
Одзангейра,blackscar,384,demonhunter,havoc,12,4,8
Carnii,ambossar,384,demonhunter,havoc,12,4,8
Хреньещёта,booty-bay,384,demonhunter,havoc,12,4,8
Gendó,twisting-nether,384,demonhunter,havoc,12,4,8
Nobrainerz,twisting-nether,384,demonhunter,havoc,12,4,8
Mamio,chogall,384,demonhunter,havoc,12,4,8
Lenuna,frostmourne,384,demonhunter,havoc,12,4,8
Алмантиус,gordunni,384,demonhunter,havoc,12,4,8
Пвпфея,soulflayer,384,demonhunter,havoc,12,4,8
Deadrawdh,aegwynn,384,demonhunter,havoc,12,4,8
Graffyre,eonar,384,demonhunter,havoc,12,4,8
Maeltus,hyjal,384,demonhunter,havoc,12,4,8
Кеиичи,howling-fjord,384,demonhunter,havoc,12,4,8
Лупидолх,soulflayer,384,demonhunter,havoc,12,4,8
Huntingmaven,blackrock,384,demonhunter,havoc,12,4,8
Xendrina,blackrock,384,demonhunter,havoc,12,4,8
Ysirã,hyjal,384,demonhunter,havoc,12,4,8
Ellatriel,blackrock,384,demonhunter,havoc,12,4,8
Хокану,gordunni,384,demonhunter,havoc,12,4,8
Skylebeam,blackrock,384,demonhunter,havoc,12,4,8
Ågøny,outland,384,demonhunter,havoc,12,4,8
Deathbydeaf,terenas,384,demonhunter,havoc,12,4,8
Kinami,hyjal,384,demonhunter,havoc,12,4,8
Эвернесса,soulflayer,384,demonhunter,havoc,12,4,8
Mempaan,magtheridon,384,demonhunter,havoc,12,4,8
Rivy,magtheridon,384,demonhunter,havoc,12,4,8
Drædløcks,ysondre,384,demonhunter,havoc,12,4,8
Rúllio,rexxar,384,demonhunter,havoc,12,4,8
Slashyz,argent-dawn,384,demonhunter,havoc,12,4,8
Frostidh,ysondre,384,demonhunter,havoc,12,4,8
Imperio,tarren-mill,384,demonhunter,havoc,12,4,8
Illidarya,dunemaul,384,demonhunter,havoc,12,4,8
Dajjal,eredar,384,demonhunter,havoc,12,4,8
Ninjantiz,antonidas,384,demonhunter,havoc,12,4,8
Floridaboy,ravencrest,384,demonhunter,havoc,12,4,8
Factcox,magtheridon,384,demonhunter,havoc,12,4,8
Neulgød,zuljin,384,demonhunter,havoc,12,4,8
Dannyp,ravencrest,384,demonhunter,havoc,12,4,8
Cutforshred,zenedar,384,demonhunter,havoc,12,4,8
Mäcklepyah,tarren-mill,384,demonhunter,havoc,12,4,8
Valravnen,ravencrest,384,demonhunter,havoc,12,4,8
Gigawashed,ravencrest,384,demonhunter,havoc,12,4,8
Leylas,nagrand,384,demonhunter,havoc,12,4,8
Gorilla,korgall,384,demonhunter,havoc,12,4,8
Fbh,stormscale,384,demonhunter,havoc,12,4,8
Saikamango,blackhand,384,demonhunter,havoc,12,4,8
Headbanger,twisting-nether,384,demonhunter,havoc,12,4,8
Arkta,kazzak,384,demonhunter,havoc,12,4,8
Bratti,kazzak,384,demonhunter,havoc,12,4,8
Betterdk,twilights-hammer,384,demonhunter,havoc,12,4,8
Stormshred,stormscale,384,demonhunter,havoc,13,4,9
Pravda,terokkar,384,demonhunter,havoc,14,4,10
Linea,jaedenar,384,demonhunter,havoc,18,4,14
Skajlan,burning-legion,384,demonhunter,havoc,18,4,14
Nocluë,shattered-halls,384,demonhunter,havoc,18,4,14
Vandazza,argent-dawn,384,demonhunter,havoc,18,4,14
Братилидана,gordunni,384,demonhunter,havoc,18,4,14
Gouteça,la-croisade-écarlate,384,demonhunter,havoc,18,4,14
Sazukè,blackmoore,384,demonhunter,havoc,18,4,14
Zynês,draenor,384,demonhunter,havoc,18,4,14
Lisilis,neptulon,384,demonhunter,havoc,18,4,14
Ekhlipz,ysondre,384,demonhunter,havoc,18,4,14
Dìus,blackmoore,384,demonhunter,havoc,18,4,14
Jeandh,nerzhul,384,demonhunter,havoc,18,4,14
Rouzi,defias-brotherhood,383,demonhunter,havoc,6,4,2
Zaeros,archimonde,383,demonhunter,havoc,6,4,2
Jüdgedëad,archimonde,383,demonhunter,havoc,6,4,2
Yocolo,sinstralis,383,demonhunter,havoc,6,4,2
Walidaris,tarren-mill,383,demonhunter,havoc,6,4,2
Kalî,forscherliga,383,demonhunter,havoc,6,4,2
Némesîs,cthun,383,demonhunter,havoc,6,4,2
Poliex,khaz-modan,383,demonhunter,havoc,6,4,2
Chaordic,turalyon,383,demonhunter,havoc,12,4,8
Elenastar,kazzak,383,demonhunter,havoc,12,4,8
Frootloop,blades-edge,383,demonhunter,havoc,12,4,8
Stàmàzza,nemesis,383,demonhunter,havoc,12,4,8
Dæmonhønter,draenor,383,demonhunter,havoc,12,4,8
Сязекть,goldrinn,383,demonhunter,havoc,12,4,8
Vengatoria,cthun,383,demonhunter,havoc,12,4,8
Talerias,magtheridon,383,demonhunter,havoc,12,4,8
Lxantimagexl,silvermoon,381,demonhunter,havoc,12,4,8
Hollowflame,ravencrest,380,demonhunter,havoc,12,4,8
Deathniresa,argent-dawn,379,demonhunter,havoc,12,4,8
Amatèrasu,burning-legion,344,demonhunter,havoc,24,5,19
Mezo,outland,336,demonhunter,havoc,9,5,4
Lydari,die-arguswacht,330,demonhunter,havoc,17,5,12
Sorgnarol,dalaran,325,demonhunter,havoc,16,5,11
Felwaifu,tarren-mill,319,demonhunter,havoc,8,4,4
Ðmn,silvermoon,319,demonhunter,havoc,8,4,4
Yågåpøwér,twisting-nether,319,demonhunter,havoc,14,4,10
Oskarz,ravencrest,318,demonhunter,havoc,14,4,10
Squarty,wrathbringer,316,demonhunter,havoc,8,4,4
Anestes,dalaran,304,demonhunter,havoc,13,4,9
Cursedblade,archimonde,288,demonhunter,havoc,6,3,3
Резако,soulflayer,288,demonhunter,havoc,6,3,3
Андрюхадх,soulflayer,288,demonhunter,havoc,6,3,3
Lonedh,sylvanas,288,demonhunter,havoc,6,3,3
Skuz,archimonde,288,demonhunter,havoc,6,3,3
Tåkotsubo,archimonde,288,demonhunter,havoc,6,3,3
Тиктокденсер,gordunni,288,demonhunter,havoc,6,3,3
Trekpop,chamber-of-aspects,288,demonhunter,havoc,6,3,3
Xénôns,archimonde,288,demonhunter,havoc,6,3,3
Ашерис,deathguard,288,demonhunter,havoc,6,3,3
Ледехе,gordunni,288,demonhunter,havoc,6,3,3
Extitan,twisting-nether,288,demonhunter,havoc,6,3,3
Aoeshu,wildhammer,288,demonhunter,havoc,6,3,3
Cnbâckbb,archimonde,288,demonhunter,havoc,6,3,3
Mannie,twisting-nether,288,demonhunter,havoc,6,3,3
Niika,archimonde,288,demonhunter,havoc,6,3,3
Шрэдэр,thermaplugg,288,demonhunter,havoc,6,3,3
Тлюня,grom,288,demonhunter,havoc,6,3,3
Kätarïnas,confrérie-du-thorium,288,demonhunter,havoc,6,3,3
Demonkingx,twisting-nether,288,demonhunter,havoc,6,3,3
Mightyslayar,kazzak,288,demonhunter,havoc,6,3,3
Caramvp,eredar,288,demonhunter,havoc,6,3,3
Qualron,twisting-nether,288,demonhunter,havoc,6,3,3
Divia,anubarak,288,demonhunter,havoc,6,3,3
Bossmac,mugthol,288,demonhunter,havoc,6,3,3
Bludmask,silvermoon,288,demonhunter,havoc,6,3,3
Ravael,archimonde,288,demonhunter,havoc,6,3,3
Alfaa,outland,288,demonhunter,havoc,6,3,3
Felrage,tarren-mill,288,demonhunter,havoc,6,3,3
Yelans,twisting-nether,288,demonhunter,havoc,6,3,3
Nightfly,twisting-nether,288,demonhunter,havoc,6,3,3
Milleniumx,aegwynn,288,demonhunter,havoc,6,3,3
Mentallybòóm,tarren-mill,288,demonhunter,havoc,6,3,3
Mephedroni,kazzak,288,demonhunter,havoc,6,3,3
Kritflake,blackrock,288,demonhunter,havoc,6,3,3
Dadagodx,kazzak,288,demonhunter,havoc,6,3,3
Youngfelrush,blackrock,288,demonhunter,havoc,6,3,3
Чубрик,howling-fjord,288,demonhunter,havoc,6,3,3
Joeybadass,aegwynn,288,demonhunter,havoc,6,3,3
Kyoukaii,kazzak,288,demonhunter,havoc,6,3,3
Zorrø,blackmoore,288,demonhunter,havoc,6,3,3
Watdefack,outland,288,demonhunter,havoc,6,3,3
Shentarie,kazzak,288,demonhunter,havoc,6,3,3
Ortä,sanguino,288,demonhunter,havoc,6,3,3
Crasyface,kazzak,288,demonhunter,havoc,6,3,3
Marilu,nathrezim,288,demonhunter,havoc,6,3,3
Imvnrcvr,dalaran,288,demonhunter,havoc,6,3,3
Divnapani,drakthul,288,demonhunter,havoc,6,3,3
Fotmøngø,argent-dawn,288,demonhunter,havoc,6,3,3
Thoridin,draenor,288,demonhunter,havoc,6,3,3
Cienlowczyni,silvermoon,288,demonhunter,havoc,6,3,3
Neony,blackmoore,288,demonhunter,havoc,6,3,3
Demonsushi,tarren-mill,288,demonhunter,havoc,6,3,3
Solobolo,blackhand,288,demonhunter,havoc,6,3,3
Kyart,nemesis,288,demonhunter,havoc,6,3,3
Nephthyis,draenor,288,demonhunter,havoc,6,3,3
Tígél,argent-dawn,288,demonhunter,havoc,6,3,3
Stòrmý,thrall,288,demonhunter,havoc,6,3,3
Catchmebaby,sanguino,288,demonhunter,havoc,6,3,3
Zsídakabra,ragnaros,288,demonhunter,havoc,6,3,3
Lornashøre,blackmoore,288,demonhunter,havoc,6,3,3
Schwitte,tichondrius,288,demonhunter,havoc,6,3,3
Indominus,pozzo-delleternità,288,demonhunter,havoc,6,3,3
Ricd,aggra-português,288,demonhunter,havoc,6,3,3
Terboven,outland,288,demonhunter,havoc,6,3,3
Бану,howling-fjord,288,demonhunter,havoc,6,3,3
Jellyjoker,malganis,288,demonhunter,havoc,6,3,3
Froog,frostmane,288,demonhunter,havoc,6,3,3
Naargof,outland,288,demonhunter,havoc,6,3,3
Qiufan,eredar,288,demonhunter,havoc,6,3,3
Hyonzyyesh,silvermoon,288,demonhunter,havoc,6,3,3
Berlusconi,senjin,288,demonhunter,havoc,6,3,3
Hellboi,dun-modr,288,demonhunter,havoc,6,3,3
Rustedchurl,draenor,288,demonhunter,havoc,6,3,3
Darkshegal,dun-modr,288,demonhunter,havoc,6,3,3
Na,conseil-des-ombres,288,demonhunter,havoc,6,3,3
Uranoth,nemesis,288,demonhunter,havoc,6,3,3
Sîre,ravencrest,288,demonhunter,havoc,6,3,3
Killaden,ravenholdt,288,demonhunter,havoc,6,3,3
Hajeva,ravencrest,288,demonhunter,havoc,6,3,3
Vlexsuave,stormscale,288,demonhunter,havoc,6,3,3
Jinfel,outland,288,demonhunter,havoc,6,3,3
Cydonia,medivh,288,demonhunter,havoc,6,3,3
Shaadraz,stormscale,288,demonhunter,havoc,6,3,3
Linîlim,ysondre,288,demonhunter,havoc,6,3,3
Leïaprincess,hyjal,288,demonhunter,havoc,6,3,3
Cánoo,blackhand,288,demonhunter,havoc,6,3,3
Shinnu,antonidas,288,demonhunter,havoc,6,3,3
Vtoriavgust,silvermoon,288,demonhunter,havoc,6,3,3
Naxuitawowa,quelthalas,288,demonhunter,havoc,6,3,3
Deschacke,eredar,288,demonhunter,havoc,6,3,3
Nneverx,bladefist,288,demonhunter,havoc,6,3,3
Ravae,burning-legion,288,demonhunter,havoc,6,3,3
Demonyz,hyjal,288,demonhunter,havoc,6,3,3
Meserani,eredar,288,demonhunter,havoc,6,3,3
Vqqxx,stormreaver,288,demonhunter,havoc,6,3,3
Rehaell,burning-legion,288,demonhunter,havoc,6,3,3
Vùkal,kazzak,288,demonhunter,havoc,6,3,3
Wildest,blackmoore,288,demonhunter,havoc,9,4,5
Aethilios,silvermoon,288,demonhunter,havoc,11,3,8
Kiô,drakthul,288,demonhunter,havoc,15,4,11
Vijiny,sylvanas,288,demonhunter,havoc,15,4,11
Damenhunter,malganis,288,demonhunter,havoc,12,3,9
Fellout,burning-legion,288,demonhunter,havoc,12,3,9
Tuffêli,turalyon,288,demonhunter,havoc,12,3,9
Hicke,burning-legion,288,demonhunter,havoc,12,3,9
Sanfia,twisting-nether,288,demonhunter,havoc,12,3,9
Mordaer,twisting-nether,288,demonhunter,havoc,12,3,9
Naturalis,die-todeskrallen,288,demonhunter,havoc,12,3,9
Fullinaretta,archimonde,288,demonhunter,havoc,12,3,9
Wheelchairdh,twisting-nether,288,demonhunter,havoc,12,3,9
Bernhoftdh,ravencrest,288,demonhunter,havoc,12,3,9
Sazzox,blackrock,288,demonhunter,havoc,12,3,9
Холегдх,gordunni,288,demonhunter,havoc,12,3,9
Tødø,nemesis,288,demonhunter,havoc,12,3,9
Donstyle,anachronos,288,demonhunter,havoc,12,3,9
Domiinator,sylvanas,288,demonhunter,havoc,12,3,9
Metaman,archimonde,288,demonhunter,havoc,12,3,9
Shaely,arthas,288,demonhunter,havoc,12,3,9
Ганстапутин,howling-fjord,288,demonhunter,havoc,12,3,9
Хемах,howling-fjord,288,demonhunter,havoc,12,3,9
Арвулфик,eversong,288,demonhunter,havoc,12,3,9
Aaryaa,archimonde,288,demonhunter,havoc,12,3,9
Cptgmiasbria,eredar,288,demonhunter,havoc,12,3,9
Гелиосса,soulflayer,288,demonhunter,havoc,12,3,9
Râny,blackmoore,288,demonhunter,havoc,12,3,9
Silandara,grim-batol,288,demonhunter,havoc,12,3,9
Топдекдх,howling-fjord,288,demonhunter,havoc,12,3,9
Ïvø,sargeras,288,demonhunter,havoc,12,3,9
Mênding,kazzak,288,demonhunter,havoc,12,3,9
Ðèvìllìà,ragnaros,288,demonhunter,havoc,12,3,9
Rapp,nemesis,288,demonhunter,havoc,12,3,9
Laurana,argent-dawn,288,demonhunter,havoc,12,3,9
Valø,malganis,288,demonhunter,havoc,12,3,9
Nightwalk,blackmoore,288,demonhunter,havoc,12,3,9
Пухшайсти,soulflayer,288,demonhunter,havoc,12,3,9
Lamello,nemesis,288,demonhunter,havoc,12,3,9
Were,drakthul,288,demonhunter,havoc,12,3,9
Gpk,argent-dawn,288,demonhunter,havoc,12,3,9
Blacklance,ravencrest,288,demonhunter,havoc,12,3,9
Bitex,archimonde,288,demonhunter,havoc,12,3,9
Tenaebris,silvermoon,288,demonhunter,havoc,12,3,9
Nefastia,pozzo-delleternità,288,demonhunter,havoc,12,3,9
Bananabritta,aegwynn,288,demonhunter,havoc,12,3,9
Valdarîm,twisting-nether,288,demonhunter,havoc,12,3,9
Blíndgódx,ravencrest,288,demonhunter,havoc,12,3,9
Yataganac,draenor,288,demonhunter,havoc,12,3,9
Tacodhx,ravencrest,288,demonhunter,havoc,12,3,9
Vulcaan,ravencrest,288,demonhunter,havoc,12,3,9
Ambodh,thrall,288,demonhunter,havoc,12,3,9
Феяужаса,soulflayer,288,demonhunter,havoc,12,3,9
Nalleya,draenor,288,demonhunter,havoc,12,3,9
Artwar,stormscale,288,demonhunter,havoc,12,3,9
Diminhintir,draenor,288,demonhunter,havoc,12,3,9
Néèdgirly,malfurion,288,demonhunter,havoc,15,3,12
Zolvanith,tarren-mill,288,demonhunter,havoc,18,3,15
Lasthija,dun-modr,288,demonhunter,havoc,18,3,15
Dimonanta,grim-batol,287,demonhunter,havoc,6,3,3
Dethlyn,twisting-nether,287,demonhunter,havoc,6,3,3
Elfitoloco,sanguino,287,demonhunter,havoc,6,3,3
Chifra,dun-modr,287,demonhunter,havoc,6,3,3
Бумбумер,lich-king,287,demonhunter,havoc,6,3,3
Saturnein,stormscale,287,demonhunter,havoc,6,3,3
Menutzdh,tarren-mill,287,demonhunter,havoc,6,3,3
Séphora,confrérie-du-thorium,287,demonhunter,havoc,6,3,3
Greensøul,los-errantes,287,demonhunter,havoc,12,3,9
Дафард,ashenvale,286,demonhunter,havoc,6,3,3
Laylay,vashj,282,demonhunter,havoc,24,3,21
Lyxliraren,kazzak,271,demonhunter,havoc,11,3,8
Gêliôs,kazzak,271,demonhunter,havoc,11,3,8
Czl,silvermoon,256,demonhunter,havoc,10,3,7
Elosèn,magtheridon,255,demonhunter,havoc,11,3,8
Fèll,silvermoon,240,demonhunter,havoc,9,3,6
Dexterzx,stormscale,240,demonhunter,havoc,10,3,7
Itskarmax,outland,239,demonhunter,havoc,5,3,2
Rexchânce,archimonde,239,demonhunter,havoc,5,3,2
Ponn,blackmoore,239,demonhunter,havoc,5,3,2
Dreamhunt,stormreaver,239,demonhunter,havoc,5,3,2
Ðéstrøz,draenor,234,demonhunter,havoc,9,5,4
Джерегумо,howling-fjord,234,demonhunter,havoc,10,4,6
Manybuttons,tarren-mill,234,demonhunter,havoc,10,4,6
Ñítøryù,ravencrest,234,demonhunter,havoc,10,4,6
Estheris,sylvanas,233,demonhunter,havoc,9,5,4
Draecis,twisting-nether,223,demonhunter,havoc,8,3,5
Лэймрисх,gordunni,223,demonhunter,havoc,14,3,11
Luferite,burning-blade,223,demonhunter,havoc,14,3,11
Legoo,archimonde,208,demonhunter,havoc,7,3,4
Пересыщение,soulflayer,208,demonhunter,havoc,7,3,4
Sìena,ravencrest,208,demonhunter,havoc,7,3,4
Erenyeagerr,kazzak,192,demonhunter,havoc,4,3,1
Nëmesi,ravencrest,192,demonhunter,havoc,4,3,1
Demoqt,ragnaros,192,demonhunter,havoc,4,3,1
Tabsen,sanguino,192,demonhunter,havoc,6,2,4
Kayzer,hyjal,192,demonhunter,havoc,6,2,4
Martøsdh,uldum,192,demonhunter,havoc,6,2,4
Aionic,draenor,192,demonhunter,havoc,6,2,4
Harrah,archimonde,192,demonhunter,havoc,6,2,4
Darkdh,sanguino,192,demonhunter,havoc,6,2,4
Mnnmmnmnmnmn,zuljin,192,demonhunter,havoc,6,2,4
Evaristoff,sanguino,192,demonhunter,havoc,6,2,4
Тэнсу,borean-tundra,192,demonhunter,havoc,6,2,4
Nïcta,sanguino,192,demonhunter,havoc,6,2,4
Séo,draenor,192,demonhunter,havoc,6,2,4
Ôdhyn,hyjal,192,demonhunter,havoc,6,2,4
Satyna,der-mithrilorden,192,demonhunter,havoc,6,2,4
Kyiuz,archimonde,192,demonhunter,havoc,6,2,4
Kryshan,burning-legion,192,demonhunter,havoc,6,2,4
Gnaget,the-maelstrom,192,demonhunter,havoc,6,2,4
Dhslayer,magtheridon,192,demonhunter,havoc,6,2,4
Dikcitx,archimonde,192,demonhunter,havoc,6,2,4
Emkogødx,outland,192,demonhunter,havoc,6,2,4
Pablino,darksorrow,192,demonhunter,havoc,6,2,4
Haveadad,outland,192,demonhunter,havoc,6,2,4
Nörsedh,sanguino,192,demonhunter,havoc,6,2,4
Disconecting,outland,192,demonhunter,havoc,6,2,4
Янгфрукт,howling-fjord,192,demonhunter,havoc,6,2,4
Grìzmo,garona,192,demonhunter,havoc,6,2,4
Аврорамур,howling-fjord,192,demonhunter,havoc,6,2,4
Элунн,soulflayer,192,demonhunter,havoc,6,2,4
Шоксенсацияя,howling-fjord,192,demonhunter,havoc,6,2,4
Moratrasmus,the-maelstrom,192,demonhunter,havoc,6,2,4
Кораксс,howling-fjord,192,demonhunter,havoc,6,2,4
Neimfel,outland,192,demonhunter,havoc,6,2,4
Noxha,outland,192,demonhunter,havoc,6,2,4
Arasy,los-errantes,192,demonhunter,havoc,6,2,4
Draneka,argent-dawn,192,demonhunter,havoc,6,2,4
Stifeur,archimonde,192,demonhunter,havoc,6,2,4
Lopphaufen,onyxia,192,demonhunter,havoc,6,2,4
Schakalèn,ragnaros,192,demonhunter,havoc,6,2,4
Лорберн,soulflayer,192,demonhunter,havoc,6,2,4
Mhieltior,frostmane,192,demonhunter,havoc,6,2,4
Sephy,argent-dawn,192,demonhunter,havoc,6,2,4
Juicyglaives,ragnaros,192,demonhunter,havoc,6,2,4
Kaelisi,argent-dawn,192,demonhunter,havoc,6,2,4
Brolafsen,ragnaros,192,demonhunter,havoc,6,2,4
Khrum,rajaxx,192,demonhunter,havoc,6,2,4
Linkôs,aegwynn,192,demonhunter,havoc,6,2,4
Demontoolz,outland,192,demonhunter,havoc,6,2,4
Cíondra,aegwynn,192,demonhunter,havoc,6,2,4
Razzàl,sinstralis,192,demonhunter,havoc,6,2,4
Дабллди,soulflayer,192,demonhunter,havoc,6,2,4
Мэлифсб,blackscar,192,demonhunter,havoc,6,2,4
Kuzchooh,dalaran,192,demonhunter,havoc,6,2,4
Qúkn,tarren-mill,192,demonhunter,havoc,6,2,4
Tæyana,khaz-modan,192,demonhunter,havoc,6,2,4
Dreamøn,aegwynn,192,demonhunter,havoc,6,2,4
Chaeeri,twisting-nether,192,demonhunter,havoc,6,2,4
Sârgan,khaz-modan,192,demonhunter,havoc,6,2,4
Sñüîîâ,kazzak,192,demonhunter,havoc,6,2,4
Milaje,tarren-mill,192,demonhunter,havoc,6,2,4
Hykoolique,arakarahm,192,demonhunter,havoc,6,2,4
Реогансина,galakrond,192,demonhunter,havoc,6,2,4
Roxxis,mazrigos,192,demonhunter,havoc,6,2,4
Khinn,tyrande,192,demonhunter,havoc,6,2,4
Alatharx,dun-morogh,192,demonhunter,havoc,6,2,4
Маскитол,soulflayer,192,demonhunter,havoc,6,2,4
Omegahunterx,ravencrest,192,demonhunter,havoc,6,2,4
Anekk,kazzak,192,demonhunter,havoc,6,2,4
Flupo,stormscale,192,demonhunter,havoc,6,2,4
Артесдх,gordunni,192,demonhunter,havoc,6,2,4
Аххмхх,soulflayer,192,demonhunter,havoc,6,2,4
Kakovicz,gorgonnash,192,demonhunter,havoc,6,2,4
Shakso,tarren-mill,192,demonhunter,havoc,6,2,4
Kyvi,blackrock,192,demonhunter,havoc,6,2,4
Этимму,gordunni,192,demonhunter,havoc,6,2,4
Лилэйв,gordunni,192,demonhunter,havoc,6,2,4
Остинджейн,soulflayer,192,demonhunter,havoc,6,2,4
Haragazu,blackrock,192,demonhunter,havoc,6,2,4
Bâdboy,blackrock,192,demonhunter,havoc,6,2,4
Lexdh,blackrock,192,demonhunter,havoc,6,2,4
Kibikari,nemesis,192,demonhunter,havoc,6,2,4
Chlorel,arthas,192,demonhunter,havoc,6,2,4
Léeroy,blackmoore,192,demonhunter,havoc,6,2,4
Naltharian,drakthul,192,demonhunter,havoc,6,2,4
Alcadejas,pozzo-delleternità,192,demonhunter,havoc,6,2,4
Ryohìrst,stormscale,192,demonhunter,havoc,6,2,4
Lucziane,blackmoore,192,demonhunter,havoc,6,2,4
Lixxersmeta,stormscale,192,demonhunter,havoc,6,2,4
Dayo,archimonde,192,demonhunter,havoc,6,2,4
Jânnekê,blackmoore,192,demonhunter,havoc,6,2,4
Люблюмеф,gordunni,192,demonhunter,havoc,6,2,4
Andariell,sylvanas,192,demonhunter,havoc,6,2,4
Mäiskelinko,vashj,192,demonhunter,havoc,6,2,4
Деорру,gordunni,192,demonhunter,havoc,6,2,4
Sälexz,ysondre,192,demonhunter,havoc,6,2,4
Malkyor,ysondre,192,demonhunter,havoc,6,2,4
Wolfex,hellfire,192,demonhunter,havoc,6,2,4
Williamgrant,alonsus,192,demonhunter,havoc,6,2,4
Kaily,eredar,192,demonhunter,havoc,6,2,4
Mîlîm,silvermoon,192,demonhunter,havoc,6,2,4
Aerkex,kazzak,192,demonhunter,havoc,6,2,4
Skyzon,ravencrest,192,demonhunter,havoc,6,2,4
Ralffeh,auchindoun,192,demonhunter,havoc,6,2,4
Datejust,archimonde,192,demonhunter,havoc,6,2,4
Maddamon,malorne,192,demonhunter,havoc,6,2,4
Aggrodíte,antonidas,192,demonhunter,havoc,6,2,4
Saphira,laughing-skull,192,demonhunter,havoc,6,2,4
Barocs,antonidas,192,demonhunter,havoc,6,2,4
Amnestîa,antonidas,192,demonhunter,havoc,6,2,4
Zenô,antonidas,192,demonhunter,havoc,6,2,4
Qixl,blackhand,192,demonhunter,havoc,6,2,4
Флайрин,blackscar,192,demonhunter,havoc,6,2,4
Riveén,blackhand,192,demonhunter,havoc,6,2,4
Ragnarak,amanthul,192,demonhunter,havoc,6,2,4
Tvé,ravencrest,192,demonhunter,havoc,6,2,4
Cøldlean,ravencrest,192,demonhunter,havoc,6,2,4
Raenir,twisting-nether,192,demonhunter,havoc,7,2,5
Hârambe,stormscale,192,demonhunter,havoc,12,3,9
Врадость,soulflayer,192,demonhunter,havoc,8,2,6
Zadian,twisting-nether,192,demonhunter,havoc,10,2,8
Boo,sunstrider,192,demonhunter,havoc,12,2,10
Rettoz,aszune,192,demonhunter,havoc,12,2,10
Esseline,outland,192,demonhunter,havoc,12,2,10
Wruzna,shattered-halls,192,demonhunter,havoc,12,2,10
Sedorax,tarren-mill,192,demonhunter,havoc,12,2,10
Thenangel,alleria,192,demonhunter,havoc,12,2,10
Hairebutter,kult-der-verdammten,192,demonhunter,havoc,12,2,10
Aytèè,eredar,192,demonhunter,havoc,12,2,10
Deehoh,twisting-nether,192,demonhunter,havoc,12,2,10
Qweasda,stormscale,192,demonhunter,havoc,12,2,10
Kengoo,ravencrest,192,demonhunter,havoc,12,2,10
Themogar,earthen-ring,192,demonhunter,havoc,12,2,10
Kandres,ragnaros,192,demonhunter,havoc,12,2,10
Парагони,gordunni,192,demonhunter,havoc,12,2,10
Tbomb,ragnaros,192,demonhunter,havoc,12,2,10
Sickfck,ravencrest,192,demonhunter,havoc,12,2,10
Aloera,blackmoore,192,demonhunter,havoc,12,2,10
Dhogus,twisting-nether,192,demonhunter,havoc,12,2,10
Enygamy,frostmane,192,demonhunter,havoc,12,2,10
Zaydra,the-maelstrom,192,demonhunter,havoc,12,2,10
Tôx,dalaran,192,demonhunter,havoc,12,2,10
Sajr,twisting-nether,192,demonhunter,havoc,12,2,10
Shockzzyydh,ravencrest,192,demonhunter,havoc,12,2,10
Mayzhi,hyjal,192,demonhunter,havoc,12,2,10
Riplocksz,outland,192,demonhunter,havoc,18,2,16
Illidori,sunstrider,191,demonhunter,havoc,6,2,4
Zinzira,blackmoore,191,demonhunter,havoc,6,2,4
Fullmutter,twisting-nether,191,demonhunter,havoc,6,2,4
Manjirosano,blackmoore,191,demonhunter,havoc,12,2,10
Lilarii,argent-dawn,191,demonhunter,havoc,12,2,10
Noorrd,hyjal,191,demonhunter,havoc,12,2,10
Kurox,drakthul,191,demonhunter,havoc,18,2,16
Onorera,tarren-mill,160,demonhunter,havoc,10,2,8
Paranoiac,defias-brotherhood,159,demonhunter,havoc,5,2,3
Galafel,outland,159,demonhunter,havoc,5,2,3
Gucknicht,blackrock,144,demonhunter,havoc,9,2,7
Novacáne,silvermoon,138,demonhunter,havoc,9,4,5
Razerøø,ysondre,138,demonhunter,havoc,9,3,6
Hárald,sanguino,138,demonhunter,havoc,10,3,7
Kantklipper,ragnaros,138,demonhunter,havoc,10,3,7
Sorondos,ravencrest,138,demonhunter,havoc,12,3,9
Элледарий,soulflayer,128,demonhunter,havoc,4,2,2
Aradh,hyjal,128,demonhunter,havoc,4,2,2
Мегапташка,howling-fjord,128,demonhunter,havoc,4,2,2
Yuui,silvermoon,128,demonhunter,havoc,4,2,2
Drstn,blackmoore,128,demonhunter,havoc,4,2,2
Izanawi,outland,127,demonhunter,havoc,8,2,6
Zsari,ravencrest,127,demonhunter,havoc,8,2,6
Indagatrix,bladefist,112,demonhunter,havoc,7,2,5
Antbroo,twisting-nether,96,demonhunter,havoc,3,2,1
Glowfall,draenor,96,demonhunter,havoc,3,2,1
Chicorycofee,archimonde,96,demonhunter,havoc,3,2,1
Possíble,kazzak,96,demonhunter,havoc,9,2,7
Äzot,burning-legion,96,demonhunter,havoc,6,1,5
Medena,nemesis,96,demonhunter,havoc,6,1,5
ßaßayaga,blackhand,96,demonhunter,havoc,6,1,5
Fyy,sylvanas,96,demonhunter,havoc,6,1,5
Zyfu,antonidas,96,demonhunter,havoc,6,1,5
Спокоивич,soulflayer,96,demonhunter,havoc,6,1,5
Dhgoddess,ravencrest,96,demonhunter,havoc,6,1,5
Illiwonka,outland,96,demonhunter,havoc,6,1,5
Tareni,frostwolf,96,demonhunter,havoc,6,1,5
Nairu,doomhammer,96,demonhunter,havoc,6,1,5
Annee,eredar,96,demonhunter,havoc,6,1,5
Syldrae,hyjal,96,demonhunter,havoc,6,1,5
Pkdaemon,draenor,96,demonhunter,havoc,6,1,5
Stormma,kazzak,96,demonhunter,havoc,6,1,5
Mzyonhh,draenor,96,demonhunter,havoc,6,1,5
Zarafel,hyjal,96,demonhunter,havoc,6,1,5
Valkyal,nemesis,96,demonhunter,havoc,6,1,5
Camotheck,stormscale,96,demonhunter,havoc,6,1,5
Ilovesabrina,dun-modr,96,demonhunter,havoc,6,1,5
Jiínx,kazzak,96,demonhunter,havoc,6,1,5
Kassin,dun-modr,96,demonhunter,havoc,6,1,5
Bradzdh,outland,96,demonhunter,havoc,6,1,5
Satela,azjolnerub,96,demonhunter,havoc,6,1,5
Vg,blackhand,96,demonhunter,havoc,6,1,5
Askari,lothar,96,demonhunter,havoc,6,1,5
Reikuel,nemesis,96,demonhunter,havoc,6,1,5
Loreleyy,stormscale,96,demonhunter,havoc,6,1,5
Fisseslayer,ravencrest,96,demonhunter,havoc,6,1,5
Vrazjababa,dragonmaw,96,demonhunter,havoc,6,1,5
Bchj,ysondre,96,demonhunter,havoc,6,1,5
Azazël,turalyon,96,demonhunter,havoc,6,1,5
Gailiugas,kazzak,96,demonhunter,havoc,6,1,5
Evangelios,ravencrest,96,demonhunter,havoc,6,1,5
Cruptiq,kazzak,96,demonhunter,havoc,6,1,5
Oob,ysondre,96,demonhunter,havoc,6,1,5
Гоорыныч,howling-fjord,96,demonhunter,havoc,6,1,5
Xuruleitor,uldum,96,demonhunter,havoc,6,1,5
Рвей,howling-fjord,96,demonhunter,havoc,6,1,5
Shonal,defias-brotherhood,96,demonhunter,havoc,6,1,5
Wiizzs,defias-brotherhood,96,demonhunter,havoc,6,1,5
Rëdencounter,ravencrest,96,demonhunter,havoc,6,1,5
Bröwnye,dun-modr,96,demonhunter,havoc,6,1,5
Teimotevey,silvermoon,96,demonhunter,havoc,6,1,5
Áarón,der-mithrilorden,96,demonhunter,havoc,6,1,5
Kinderbueno,the-maelstrom,96,demonhunter,havoc,6,1,5
Demongorgon,arathor,96,demonhunter,havoc,6,1,5
Grobax,uldaman,96,demonhunter,havoc,6,1,5
Unk,outland,96,demonhunter,havoc,6,1,5
Frizzy,dethecus,96,demonhunter,havoc,6,1,5
Аззазэль,howling-fjord,96,demonhunter,havoc,6,1,5
Roxany,aszune,96,demonhunter,havoc,6,1,5
Maikko,los-errantes,96,demonhunter,havoc,6,1,5
Чесденьгамии,soulflayer,96,demonhunter,havoc,6,1,5
Mashaz,archimonde,96,demonhunter,havoc,6,1,5
Styggve,ragnaros,96,demonhunter,havoc,6,1,5
Permachill,blackmoore,96,demonhunter,havoc,6,1,5
Louú,blackmoore,96,demonhunter,havoc,6,1,5
Zaracky,khaz-modan,96,demonhunter,havoc,6,1,5
Ghetzlel,draenor,96,demonhunter,havoc,6,1,5
Соларт,howling-fjord,96,demonhunter,havoc,6,1,5
Dýlän,argent-dawn,96,demonhunter,havoc,6,1,5
Ergoo,blackmoore,96,demonhunter,havoc,6,1,5
Akron,magtheridon,96,demonhunter,havoc,6,1,5
Fantamazing,ragnaros,96,demonhunter,havoc,6,1,5
Ryuhayabusa,stormscale,96,demonhunter,havoc,6,1,5
Ellare,burning-blade,96,demonhunter,havoc,6,1,5
Mlecznygolem,silvermoon,96,demonhunter,havoc,6,1,5
Csav,ragnaros,96,demonhunter,havoc,6,1,5
Nætx,ravencrest,96,demonhunter,havoc,6,1,5
Croüp,draenor,96,demonhunter,havoc,6,1,5
Winchestèr,draenor,96,demonhunter,havoc,6,1,5
Flasqo,eredar,96,demonhunter,havoc,6,1,5
Demlilith,kazzak,96,demonhunter,havoc,6,1,5
Avandar,burning-legion,96,demonhunter,havoc,6,1,5
Niqel,blackrock,96,demonhunter,havoc,6,1,5
Blackdémon,blackrock,96,demonhunter,havoc,6,1,5
Shaelby,archimonde,96,demonhunter,havoc,6,1,5
Demonlia,blackrock,96,demonhunter,havoc,6,1,5
Tønyx,dalaran,96,demonhunter,havoc,6,1,5
Найлинель,fordragon,96,demonhunter,havoc,6,1,5
Earfâlass,twisting-nether,96,demonhunter,havoc,6,1,5
Jimbarend,argent-dawn,96,demonhunter,havoc,6,1,5
Alaw,anachronos,96,demonhunter,havoc,6,1,5
Sadclownz,blackrock,96,demonhunter,havoc,6,1,5
Esthá,argent-dawn,96,demonhunter,havoc,6,1,5
Zoer,kazzak,96,demonhunter,havoc,6,1,5
Blulake,silvermoon,96,demonhunter,havoc,6,1,5
Abere,drakthul,96,demonhunter,havoc,6,1,5
Распилил,gordunni,96,demonhunter,havoc,6,1,5
Hørnyßæ,drakthul,96,demonhunter,havoc,6,1,5
Булёхинс,howling-fjord,96,demonhunter,havoc,6,1,5
Youngføtmx,blackrock,96,demonhunter,havoc,6,1,5
Ripgodx,bronzebeard,96,demonhunter,havoc,6,1,5
Laethas,twisting-nether,96,demonhunter,havoc,6,1,5
Kuñkkïsh,twisting-nether,96,demonhunter,havoc,6,1,5
Romancutza,tarren-mill,96,demonhunter,havoc,6,1,5
Demonhapo,pozzo-delleternità,96,demonhunter,havoc,6,1,5
Bïquette,ysondre,96,demonhunter,havoc,6,1,5
Burritodh,tarren-mill,96,demonhunter,havoc,6,1,5
Nizano,kult-der-verdammten,96,demonhunter,havoc,6,1,5
Locomotiv,twisting-nether,96,demonhunter,havoc,6,1,5
Bootyspread,twisting-nether,96,demonhunter,havoc,6,1,5
Fertriz,arthas,96,demonhunter,havoc,6,1,5
Shaliel,madmortem,96,demonhunter,havoc,12,1,11
Бонятяф,gordunni,96,demonhunter,havoc,12,1,11
Диэльва,eversong,96,demonhunter,havoc,12,1,11
Anänke,twisting-nether,96,demonhunter,havoc,12,1,11
Ecthelionn,outland,96,demonhunter,havoc,12,1,11
Jásírá,shattrath,96,demonhunter,havoc,12,1,11
Babyyéah,sunstrider,96,demonhunter,havoc,12,1,11
Vasudev,blades-edge,96,demonhunter,havoc,13,1,12
Illemnorh,auchindoun,96,demonhunter,havoc,14,1,13
Sctrippi,frostwolf,96,demonhunter,havoc,18,1,17
Shinarei,silvermoon,95,demonhunter,havoc,6,1,5
Caluxe,blackmoore,79,demonhunter,havoc,5,1,4
Impulz,archimonde,42,demonhunter,havoc,9,2,7
Nibør,doomhammer,31,demonhunter,havoc,2,1,1
Neednerf,draenor,31,demonhunter,havoc,2,1,1
Frozensoules,turalyon,31,demonhunter,havoc,8,1,7
Vengeancezin,frostwhisper,1978,demonhunter,vengeance,222,115,107
Yamehd,stormreaver,1599,demonhunter,vengeance,48,26,22
Strqt,archimonde,1509,demonhunter,vengeance,54,29,25
Thewalker,argent-dawn,1496,demonhunter,vengeance,110,49,61
Zarín,outland,1394,demonhunter,vengeance,78,41,37
Paindemon,outland,1350,demonhunter,vengeance,126,70,56
Damodex,grim-batol,1076,demonhunter,vengeance,80,31,49
Enithy,twisting-nether,934,demonhunter,vengeance,18,10,8
Сумърак,grom,894,demonhunter,vengeance,35,10,25
Kubusz,ravencrest,885,demonhunter,vengeance,48,22,26
Dæmyst,outland,764,demonhunter,vengeance,30,8,22
Arussil,pozzo-delleternità,663,demonhunter,vengeance,24,7,17
Kekburagól,kazzak,575,demonhunter,vengeance,12,6,6
Quavanity,sylvanas,384,demonhunter,vengeance,18,4,14
Gauchino,aegwynn,287,demonhunter,vengeance,12,3,9
Demonlucy,colinas-pardas,287,demonhunter,vengeance,12,3,9
Zarafel,hyjal,280,demonhunter,vengeance,24,3,21
Nephthyis,draenor,192,demonhunter,vengeance,6,2,4
Геммула,howling-fjord,192,demonhunter,vengeance,6,2,4
Camtoe,ravencrest,192,demonhunter,vengeance,6,2,4
Askari,lothar,192,demonhunter,vengeance,6,2,4
Bigmóm,stormscale,192,demonhunter,vengeance,12,2,10
Xenits,kazzak,96,demonhunter,vengeance,6,1,5
Myztiko,hellscream,96,demonhunter,vengeance,6,1,5
Блъя,gordunni,96,demonhunter,vengeance,6,1,5
Kuzchooh,dalaran,96,demonhunter,vengeance,6,1,5
Øß,moonglade,96,demonhunter,vengeance,6,1,5
Vinniehacker,archimonde,2271,druid,restoration,89,53,36
Hibibi,kazzak,2257,druid,restoration,113,66,47
Nesedondon,stormscale,2188,druid,restoration,118,77,41
Sqx,ravencrest,2184,druid,restoration,286,155,131
Pegasu,kelthuzad,2182,druid,restoration,114,66,48
Vanostboom,kazzak,2181,druid,restoration,88,50,38
Håbibi,kazzak,2180,druid,restoration,113,59,54
Unohanâ,archimonde,2165,druid,restoration,156,93,63
Kev,elune,2165,druid,restoration,281,152,129
Miouzy,archimonde,2156,druid,restoration,66,36,30
Thotz,kazzak,2143,druid,restoration,292,153,139
Acondris,ravencrest,2135,druid,restoration,277,140,137
Surfingbirdx,ragnaros,2126,druid,restoration,66,33,33
Drjmy,silvermoon,2125,druid,restoration,107,76,31
Dokixo,kazzak,2121,druid,restoration,65,38,27
Trèes,outland,2120,druid,restoration,312,170,142
Kókushibò,archimonde,2113,druid,restoration,47,34,13
Niksidruid,grim-batol,2105,druid,restoration,58,37,21
Hånukkah,outland,2101,druid,restoration,129,65,64
Syví,outland,2093,druid,restoration,124,65,59
Rives,sylvanas,2079,druid,restoration,120,70,50
Nantou,stormscale,2067,druid,restoration,131,68,63
Chas,ravencrest,2063,druid,restoration,98,57,41
Maldrýn,stormscale,2038,druid,restoration,41,25,16
Zonsy,twisting-nether,2023,druid,restoration,76,47,29
Ovérheal,ravencrest,2023,druid,restoration,118,67,51
Pobrica,stormscale,2022,druid,restoration,59,34,25
Kætachy,archimonde,2022,druid,restoration,120,60,60
Sintiq,silvermoon,2020,druid,restoration,77,42,35
Galadronìa,aegwynn,2018,druid,restoration,77,42,35
Quabo,doomhammer,2009,druid,restoration,285,161,124
Friedbrocolí,tarren-mill,2009,druid,restoration,86,43,43
Doodlez,blackrock,2008,druid,restoration,136,69,67
Clone,aegwynn,2006,druid,restoration,292,158,134
Maxpojke,ravencrest,2002,druid,restoration,178,111,67
Bambambimbim,draenor,1998,druid,restoration,102,52,50
Yoogy,ravencrest,1995,druid,restoration,60,37,23
Shredzz,ravencrest,1994,druid,restoration,54,27,27
Rhonir,twisting-nether,1990,druid,restoration,113,61,52
Traick,antonidas,1990,druid,restoration,71,36,35
Hyggefinger,ravencrest,1988,druid,restoration,96,48,48
Píshi,silvermoon,1984,druid,restoration,66,36,30
Trèes,draenor,1982,druid,restoration,88,46,42
Iloveher,ravencrest,1981,druid,restoration,165,89,76
Jaytiz,ravencrest,1975,druid,restoration,65,33,32
Asgá,stormscale,1972,druid,restoration,36,26,10
Bloomitize,ravencrest,1967,druid,restoration,78,43,35
Tjxaxa,ravencrest,1966,druid,restoration,78,38,40
Renewer,argent-dawn,1965,druid,restoration,57,28,29
Dendariottvx,sunstrider,1963,druid,restoration,97,52,45
Threesixnìne,dun-morogh,1955,druid,restoration,294,158,136
Druidella,stormscale,1955,druid,restoration,60,32,28
Thysabtw,archimonde,1954,druid,restoration,99,58,41
Shinöbü,sanguino,1954,druid,restoration,87,49,38
Sheippi,stormreaver,1954,druid,restoration,120,61,59
Druidello,stormscale,1951,druid,restoration,64,32,32
Mentallyill,ravencrest,1949,druid,restoration,204,106,98
Theatrex,ravencrest,1945,druid,restoration,165,100,65
Leyô,archimonde,1941,druid,restoration,66,36,30
Angrykejton,silvermoon,1940,druid,restoration,276,138,138
Kyomã,burning-legion,1940,druid,restoration,156,78,78
Thebiggest,ravencrest,1937,druid,restoration,54,32,22
Druidrak,eredar,1923,druid,restoration,72,36,36
Cplazi,kazzak,1917,druid,restoration,60,34,26
Sprøut,drakthul,1916,druid,restoration,118,53,65
Alolexx,archimonde,1912,druid,restoration,51,31,20
Traickovic,antonidas,1909,druid,restoration,60,31,29
Дикаякиара,blackscar,1906,druid,restoration,391,199,192
Beesoup,blackrock,1905,druid,restoration,152,82,70
Traffix,outland,1904,druid,restoration,57,29,28
Joksica,draenor,1903,druid,restoration,65,32,33
Heçtôr,silvermoon,1902,druid,restoration,95,43,52
Stevedru,ravencrest,1901,druid,restoration,30,20,10
Yseraheal,drakthul,1899,druid,restoration,194,108,86
Lúh,kazzak,1895,druid,restoration,42,34,8
Solowlevel,ravencrest,1894,druid,restoration,72,33,39
Arthéas,archimonde,1892,druid,restoration,186,96,90
Orayin,ravencrest,1891,druid,restoration,406,222,184
Åä,ravencrest,1888,druid,restoration,38,23,15
Adokai,alleria,1888,druid,restoration,96,46,50
Asøri,antonidas,1883,druid,restoration,54,25,29
Shiftyshaft,tarren-mill,1882,druid,restoration,223,129,94
Lunamimi,argent-dawn,1878,druid,restoration,380,193,187
Tedel,kazzak,1877,druid,restoration,81,50,31
Afky,stormreaver,1876,druid,restoration,162,79,83
Naffelle,ysondre,1875,druid,restoration,77,36,41
Amaré,burning-legion,1873,druid,restoration,54,28,26
Matteps,outland,1873,druid,restoration,119,58,61
Spamclone,draenor,1872,druid,restoration,63,33,30
Thugzie,kazzak,1872,druid,restoration,226,110,116
Georn,sylvanas,1869,druid,restoration,98,53,45
Fantastix,silvermoon,1865,druid,restoration,96,55,41
Ralaa,guldan,1865,druid,restoration,54,29,25
Skrrlock,ravencrest,1865,druid,restoration,114,54,60
Aesha,los-errantes,1864,druid,restoration,60,31,29
Nediena,twisting-nether,1863,druid,restoration,60,28,32
Jìnró,ravencrest,1862,druid,restoration,159,79,80
Andr,voljin,1857,druid,restoration,114,53,61
Chacopic,archimonde,1852,druid,restoration,192,100,92
Lalalime,arthas,1851,druid,restoration,64,31,33
Moondra,outland,1849,druid,restoration,143,70,73
Jmdr,silvermoon,1848,druid,restoration,77,32,45
Skrood,kazzak,1847,druid,restoration,60,31,29
Kryptonîte,twisting-nether,1843,druid,restoration,64,32,32
Foxyfeet,outland,1841,druid,restoration,48,28,20
Køngx,blackhand,1840,druid,restoration,131,68,63
Хлайси,gordunni,1840,druid,restoration,54,25,29
Bellatrx,darksorrow,1835,druid,restoration,74,43,31
Zaeli,archimonde,1834,druid,restoration,42,23,19
Ammare,burning-legion,1834,druid,restoration,72,39,33
Telary,baelgun,1830,druid,restoration,48,29,19
Kìttÿ,dun-modr,1828,druid,restoration,66,41,25
Kanyevotèrx,ravencrest,1828,druid,restoration,54,25,29
Улдрэйн,deathguard,1824,druid,restoration,177,98,79
Gummysnake,aszune,1823,druid,restoration,42,25,17
Treliuz,twilights-hammer,1823,druid,restoration,346,190,156
Reins,silvermoon,1822,druid,restoration,163,85,78
Yesco,malganis,1821,druid,restoration,63,27,36
Panørax,archimonde,1819,druid,restoration,71,33,38
Erika,vashj,1817,druid,restoration,120,67,53
Eedaza,argent-dawn,1817,druid,restoration,140,78,62
Sorryblya,ravencrest,1817,druid,restoration,88,40,48
Skadooshee,kazzak,1816,druid,restoration,36,19,17
Bjoernbrudn,ravencrest,1816,druid,restoration,72,36,36
Migami,nemesis,1815,druid,restoration,113,54,59
Xvmon,draenor,1815,druid,restoration,99,45,54
Notsikaan,blackhand,1815,druid,restoration,83,37,46
Lyalis,kazzak,1814,druid,restoration,71,37,34
Diolives,stormscale,1813,druid,restoration,446,236,210
Metagrass,stormscale,1812,druid,restoration,147,67,80
Troc,karazhan,1811,druid,restoration,50,25,25
Pll,defias-brotherhood,1810,druid,restoration,81,48,33
Epicskin,kazzak,1810,druid,restoration,83,48,35
Bulldócer,sanguino,1810,druid,restoration,78,37,41
Myndrá,varimathras,1809,druid,restoration,72,36,36
Terenzyo,veklor,1808,druid,restoration,36,19,17
Muraglia,pozzo-delleternità,1806,druid,restoration,30,19,11
Uñsullied,kazzak,1806,druid,restoration,57,31,26
Morkius,ravencrest,1806,druid,restoration,36,19,17
Мафио,blackscar,1805,druid,restoration,48,25,23
Kittyperry,tarren-mill,1804,druid,restoration,113,61,52
Riplilpeep,grim-batol,1803,druid,restoration,54,28,26
Doodougie,silvermoon,1803,druid,restoration,76,37,39
Gaeldeth,silvermoon,1802,druid,restoration,105,63,42
Wraithshape,stormscale,1800,druid,restoration,60,32,28
Крашдру,gordunni,1799,druid,restoration,94,56,38
Sasosins,ravencrest,1799,druid,restoration,48,26,22
Maedic,outland,1799,druid,restoration,233,118,115
Hadok,azjolnerub,1798,druid,restoration,167,76,91
Кенкертайм,gordunni,1794,druid,restoration,84,43,41
Nastycat,magtheridon,1793,druid,restoration,251,122,129
Skillfall,ravencrest,1786,druid,restoration,90,43,47
Asklepion,twisting-nether,1785,druid,restoration,42,19,23
Gøðførm,silvermoon,1783,druid,restoration,124,67,57
Tommix,ravencrest,1781,druid,restoration,55,28,27
Dyloxe,silvermoon,1781,druid,restoration,48,24,24
Naruhot,archimonde,1780,druid,restoration,91,50,41
Lexopewpew,ravencrest,1779,druid,restoration,47,22,25
Zydrux,outland,1778,druid,restoration,54,37,17
Афклалка,gordunni,1778,druid,restoration,42,22,20
Druu,stormscale,1778,druid,restoration,60,28,32
Loleh,ragnaros,1776,druid,restoration,95,47,48
Amaree,burning-legion,1774,druid,restoration,131,59,72
Tj,frostmane,1773,druid,restoration,52,22,30
Baawz,blackmoore,1772,druid,restoration,132,56,76
Bigmeandruid,twisting-nether,1771,druid,restoration,60,32,28
Ltmx,ravencrest,1764,druid,restoration,59,25,34
Qjkuug,twisting-nether,1758,druid,restoration,178,104,74
Clonesy,outland,1758,druid,restoration,42,23,19
Wéédmâñ,ravencrest,1756,druid,restoration,45,30,15
Slayced,blackrock,1756,druid,restoration,71,34,37
Heavysmoker,emeriss,1753,druid,restoration,234,117,117
Evílz,kazzak,1752,druid,restoration,42,24,18
Hizzy,burning-legion,1751,druid,restoration,243,119,124
Lamatoes,ravencrest,1750,druid,restoration,59,24,35
Yö,deathwing,1749,druid,restoration,201,110,91
Mòzat,stormscale,1749,druid,restoration,54,28,26
Shiftypenny,ragnaros,1749,druid,restoration,41,21,20
Weezíng,ysondre,1747,druid,restoration,73,40,33
Promethezine,tarren-mill,1745,druid,restoration,440,223,217
Джелони,soulflayer,1745,druid,restoration,47,23,24
Rhapsodý,twisting-nether,1744,druid,restoration,48,27,21
Badashellm,ravencrest,1744,druid,restoration,66,37,29
Shiftycents,ravencrest,1743,druid,restoration,48,26,22
Treeførm,ravencrest,1742,druid,restoration,54,35,19
Kokanine,ravencrest,1739,druid,restoration,57,31,26
Naraia,aegwynn,1732,druid,restoration,191,97,94
Bellhooks,blackrock,1731,druid,restoration,42,28,14
Veganbtw,tarren-mill,1731,druid,restoration,50,21,29
Drøødis,archimonde,1730,druid,restoration,54,31,23
Hólo,blackrock,1727,druid,restoration,156,76,80
Asaj,argent-dawn,1725,druid,restoration,294,157,137
Филавтия,gordunni,1724,druid,restoration,60,32,28
Mafiasnipe,ravencrest,1723,druid,restoration,30,21,9
Monatamis,kazzak,1721,druid,restoration,72,43,29
Tommiz,silvermoon,1720,druid,restoration,36,18,18
Georn,bladefist,1719,druid,restoration,87,58,29
Sprøutt,drakthul,1719,druid,restoration,36,18,18
Jamuhlee,kult-der-verdammten,1719,druid,restoration,55,23,32
Bëstwôrld,archimonde,1718,druid,restoration,94,46,48
Hyggef,ravencrest,1718,druid,restoration,48,22,26
Luhmanish,thunderhorn,1716,druid,restoration,154,81,73
Ûnsullied,kazzak,1716,druid,restoration,54,25,29
Qjkuug,ravencrest,1714,druid,restoration,46,26,20
Cøwgirl,draenor,1714,druid,restoration,66,36,30
Soguu,thrall,1711,druid,restoration,42,24,18
Хуссипусси,galakrond,1711,druid,restoration,65,36,29
Kvalitet,outland,1711,druid,restoration,115,53,62
Buffshaman,sylvanas,1711,druid,restoration,54,22,32
Muraebbasta,pozzo-delleternità,1709,druid,restoration,42,18,24
Vijaja,aegwynn,1707,druid,restoration,76,44,32
Rozi,draenor,1705,druid,restoration,65,38,27
Wraithmoon,stormscale,1705,druid,restoration,36,18,18
Ittei,korgall,1704,druid,restoration,156,86,70
Lifelover,outland,1704,druid,restoration,60,28,32
Helløkittyßß,dun-modr,1702,druid,restoration,561,285,276
Lindorel,khaz-modan,1701,druid,restoration,84,39,45
Nevax,blackrock,1700,druid,restoration,36,18,18
Olaphy,elune,1699,druid,restoration,427,215,212
Bibeed,blackmoore,1699,druid,restoration,48,22,26
Ilarilén,blackmoore,1698,druid,restoration,84,45,39
Naphé,ysondre,1697,druid,restoration,54,33,21
Ninadobrev,ragnaros,1697,druid,restoration,57,26,31
Doktordudu,drakthul,1697,druid,restoration,83,28,55
Eyvimel,ravencrest,1695,druid,restoration,527,279,248
Брэвно,gordunni,1693,druid,restoration,335,182,153
Josedudu,twisting-nether,1692,druid,restoration,75,37,38
Drèamer,ravencrest,1692,druid,restoration,54,25,29
Happypeanut,blackmoore,1691,druid,restoration,36,19,17
Fryén,archimonde,1690,druid,restoration,111,52,59
Panigale,dun-modr,1690,druid,restoration,121,51,70
Wernøs,archimonde,1688,druid,restoration,63,32,31
Crownydrood,hyjal,1687,druid,restoration,66,39,27
Чекхмеаскохз,gordunni,1687,druid,restoration,72,42,30
Kroghelf,tarren-mill,1687,druid,restoration,52,25,27
Builtdiffy,kazzak,1681,druid,restoration,318,164,154
Велаине,gordunni,1680,druid,restoration,381,203,178
Synapes,outland,1680,druid,restoration,60,28,32
Pavelot,runetotem,1676,druid,restoration,107,58,49
Akumei,ravencrest,1676,druid,restoration,47,24,23
Plantpuzzl,silvermoon,1676,druid,restoration,106,46,60
Watchmebear,stormscale,1675,druid,restoration,60,34,26
Øhshift,drakthul,1674,druid,restoration,65,33,32
Praetorian,sylvanas,1674,druid,restoration,369,181,188
Zhosy,shattrath,1673,druid,restoration,73,30,43
Wømbat,ravencrest,1672,druid,restoration,42,20,22
Elviiradruid,tarren-mill,1668,druid,restoration,67,35,32
Olympïee,archimonde,1665,druid,restoration,42,23,19
Lunglung,blutkessel,1664,druid,restoration,120,63,57
Elayria,blackmoore,1663,druid,restoration,36,19,17
Аренатренер,gordunni,1663,druid,restoration,203,102,101
Çãm,magtheridon,1660,druid,restoration,137,77,60
Demerit,aegwynn,1657,druid,restoration,32,18,14
Sélia,sylvanas,1657,druid,restoration,116,57,59
Taurvid,outland,1657,druid,restoration,41,18,23
Bjútiful,silvermoon,1656,druid,restoration,53,31,22
Bâneth,destromath,1656,druid,restoration,60,33,27
Tooclosex,outland,1656,druid,restoration,167,89,78
Fabsl,archimonde,1656,druid,restoration,81,42,39
Andromedda,twisting-nether,1653,druid,restoration,210,112,98
Shufflebot,sylvanas,1650,druid,restoration,36,22,14
Estariol,auchindoun,1650,druid,restoration,42,18,24
Tunling,ravencrest,1649,druid,restoration,105,67,38
Zudwa,twisting-nether,1649,druid,restoration,56,34,22
Stiffýz,archimonde,1648,druid,restoration,42,21,21
Тэддибиар,gordunni,1646,druid,restoration,59,40,19
Scorlok,eredar,1646,druid,restoration,110,66,44
Mortalnight,sinstralis,1642,druid,restoration,532,266,266
Funnyjoker,outland,1641,druid,restoration,234,116,118
Kyssope,chants-éternels,1640,druid,restoration,42,25,17
Hatecrew,twisting-nether,1640,druid,restoration,101,60,41
Seherbaz,ravencrest,1638,druid,restoration,72,42,30
Setztes,tarren-mill,1638,druid,restoration,340,180,160
Mònsterz,archimonde,1637,druid,restoration,207,111,96
Ooktharg,turalyon,1637,druid,restoration,48,25,23
Pogoth,turalyon,1637,druid,restoration,192,98,94
Абраг,soulflayer,1637,druid,restoration,72,36,36
Siaz,archimonde,1636,druid,restoration,47,23,24
Adjaara,ravencrest,1635,druid,restoration,115,68,47
Pardus,ambossar,1635,druid,restoration,50,27,23
Xoriauz,archimonde,1635,druid,restoration,131,65,66
Trollisha,mannoroth,1635,druid,restoration,1420,700,720
Uknowwhaddup,silvermoon,1634,druid,restoration,108,51,57
Eduarda,dun-modr,1633,druid,restoration,54,21,33
Jimpä,outland,1631,druid,restoration,48,24,24
Cæsífer,area-52,1630,druid,restoration,71,37,34
Plsbuffdruid,ravencrest,1630,druid,restoration,40,19,21
Catgirlx,ravencrest,1629,druid,restoration,48,28,20
Bigborst,ravencrest,1628,druid,restoration,50,32,18
Asga,stormscale,1628,druid,restoration,30,17,13
Rougetreize,khaz-modan,1627,druid,restoration,54,31,23
Чухх,howling-fjord,1627,druid,restoration,103,53,50
Nozome,draenor,1627,druid,restoration,117,57,60
Rêvétoile,sinstralis,1627,druid,restoration,197,91,106
Lxstcentury,stormscale,1626,druid,restoration,30,17,13
Peterpain,grim-batol,1626,druid,restoration,30,17,13
Делоникс,soulflayer,1626,druid,restoration,48,21,27
Lfsecondreju,ravencrest,1625,druid,restoration,24,17,7
Bunzor,sylvanas,1624,druid,restoration,42,23,19
Ёу,soulflayer,1624,druid,restoration,161,85,76
Sangré,suramar,1623,druid,restoration,120,58,62
Tropjeune,dalaran,1623,druid,restoration,36,17,19
Animaldoh,kazzak,1623,druid,restoration,48,20,28
Demdeepconvx,twisting-nether,1623,druid,restoration,60,22,38
Hotsnthots,elune,1622,druid,restoration,48,24,24
Eldi,uldum,1622,druid,restoration,36,17,19
Chaboom,hyjal,1622,druid,restoration,60,25,35
Zevana,tarren-mill,1621,druid,restoration,42,23,19
Опапенелопа,blackscar,1620,druid,restoration,45,30,15
Миледистайпи,gordunni,1619,druid,restoration,32,18,14
Twerkdabooty,azjolnerub,1619,druid,restoration,60,29,31
Lyricx,kazzak,1619,druid,restoration,42,20,22
Zaelitwo,archimonde,1618,druid,restoration,48,33,15
Frances,auchindoun,1618,druid,restoration,63,36,27
Tamburoo,tarren-mill,1618,druid,restoration,303,150,153
Elu,eredar,1617,druid,restoration,48,28,20
Haszard,outland,1617,druid,restoration,134,68,66
Друлихаз,gordunni,1617,druid,restoration,54,20,34
Probablyahoe,ravencrest,1616,druid,restoration,42,21,21
Goldrax,outland,1615,druid,restoration,24,17,7
Bigdaddyshay,twisting-nether,1615,druid,restoration,42,24,18
Ына,gordunni,1615,druid,restoration,138,76,62
Tåylor,laughing-skull,1615,druid,restoration,41,21,20
Buffbloom,auchindoun,1615,druid,restoration,183,93,90
Драменбейз,gordunni,1615,druid,restoration,42,20,22
Dûdûrînâ,blackrock,1614,druid,restoration,66,42,24
Nímbs,tarren-mill,1612,druid,restoration,35,20,15
Solutionx,aegwynn,1612,druid,restoration,74,31,43
Shaelx,nethersturm,1610,druid,restoration,42,20,22
Skipperd,blackmoore,1610,druid,restoration,42,17,25
Xalio,ravencrest,1609,druid,restoration,161,90,71
Muminoses,burning-legion,1609,druid,restoration,54,26,28
Slaugh,zuljin,1608,druid,restoration,48,20,28
Ssonty,drakthul,1607,druid,restoration,77,37,40
Kheazar,blackmoore,1606,druid,restoration,115,69,46
Oceleaf,tarren-mill,1606,druid,restoration,46,21,25
Tarshish,outland,1605,druid,restoration,24,18,6
Блицклик,gordunni,1605,druid,restoration,148,73,75
Bîrke,blackrock,1604,druid,restoration,36,17,19
Diriculous,kazzak,1603,druid,restoration,60,20,40
Нубстримсс,gordunni,1602,druid,restoration,118,58,60
Viggez,outland,1601,druid,restoration,36,17,19
Ðarckness,kazzak,1600,druid,restoration,24,17,7
Zuuhhl,ravencrest,1600,druid,restoration,54,31,23
Swifte,argent-dawn,1600,druid,restoration,48,27,21
Dwaokut,ravencrest,1600,druid,restoration,242,125,117
Akmón,tarren-mill,1600,druid,restoration,58,20,38
Dïsä,ravencrest,1599,druid,restoration,30,17,13
Loltree,outland,1596,druid,restoration,54,26,28
Jackyblue,silvermoon,1596,druid,restoration,42,18,24
Smightydr,silvermoon,1595,druid,restoration,54,24,30
Ванечка,razuvious,1595,druid,restoration,42,17,25
Ксенона,gordunni,1594,druid,restoration,36,18,18
Nancey,auchindoun,1594,druid,restoration,161,80,81
Kll,defias-brotherhood,1593,druid,restoration,42,21,21
Donaarr,stormscale,1590,druid,restoration,101,45,56
Folzenqt,archimonde,1590,druid,restoration,68,27,41
Bêvêrly,ravencrest,1586,druid,restoration,70,37,33
Ystalgia,sylvanas,1584,druid,restoration,48,21,27
Zekmvp,silvermoon,1583,druid,restoration,42,19,23
Naridruidx,eredar,1578,druid,restoration,42,26,16
Artichte,archimonde,1575,druid,restoration,48,26,22
Möllemäck,sylvanas,1573,druid,restoration,72,46,26
Pega,archimonde,1572,druid,restoration,84,39,45
Néøu,archimonde,1572,druid,restoration,54,25,29
Eeivi,argent-dawn,1570,druid,restoration,303,163,140
Rawri,blackmoore,1570,druid,restoration,104,51,53
Lemicus,twisting-nether,1570,druid,restoration,60,25,35
Cheçhy,aegwynn,1568,druid,restoration,87,45,42
Skailzdruid,hyjal,1566,druid,restoration,256,148,108
Fatøumatä,archimonde,1566,druid,restoration,96,44,52
Devastras,ravencrest,1564,druid,restoration,58,29,29
Друмания,gordunni,1562,druid,restoration,97,44,53
Jnzymiau,blackrock,1559,druid,restoration,96,56,40
Kundz,dalaran,1558,druid,restoration,160,88,72
Jagerdog,archimonde,1558,druid,restoration,39,18,21
Treedog,ravencrest,1558,druid,restoration,48,20,28
Naturez,sylvanas,1557,druid,restoration,32,20,12
Bammedrudu,archimonde,1557,druid,restoration,54,32,22
Артекриодру,howling-fjord,1556,druid,restoration,60,31,29
Kasugia,aegwynn,1556,druid,restoration,48,20,28
Miyá,sylvanas,1554,druid,restoration,54,26,28
Hideme,tarren-mill,1553,druid,restoration,138,73,65
Crïn,ravencrest,1553,druid,restoration,36,17,19
Druncha,sunstrider,1553,druid,restoration,189,74,115
Bearform,blackhand,1548,druid,restoration,48,23,25
Khunahype,thrall,1546,druid,restoration,88,48,40
Ríkku,sargeras,1545,druid,restoration,120,58,62
Lyvuni,blackmoore,1543,druid,restoration,66,40,26
Pawful,malganis,1542,druid,restoration,366,191,175
Ihatemétoo,stormscale,1541,druid,restoration,100,51,49
Phelessa,silvermoon,1539,druid,restoration,54,23,31
Xoat,marécage-de-zangar,1538,druid,restoration,54,34,20
Tôrmêñtêd,outland,1535,druid,restoration,105,65,40
Уэсериктх,blackscar,1535,druid,restoration,51,28,23
Roshaga,blackrock,1535,druid,restoration,51,25,26
Директорх,blackscar,1534,druid,restoration,47,22,25
Nasgra,malganis,1534,druid,restoration,47,20,27
Ðès,ravencrest,1532,druid,restoration,156,72,84
Zuzam,bladefist,1531,druid,restoration,80,42,38
Eviscreator,stormscale,1529,druid,restoration,45,27,18
Kawèlz,archimonde,1529,druid,restoration,30,16,14
Styleexd,ragnaros,1528,druid,restoration,93,54,39
Kittý,terokkar,1528,druid,restoration,180,92,88
Billydruida,sanguino,1528,druid,restoration,36,16,20
Hasselhoof,eredar,1526,druid,restoration,63,26,37
Demiannie,argent-dawn,1525,druid,restoration,136,70,66
Melonmanx,outland,1523,druid,restoration,30,17,13
Floka,archimonde,1523,druid,restoration,60,32,28
Рамзес,gordunni,1523,druid,restoration,99,51,48
Felisin,ravencrest,1523,druid,restoration,41,21,20
Yzher,khaz-modan,1521,druid,restoration,37,22,15
Nyxxz,shattered-hand,1521,druid,restoration,54,30,24
Bullander,sylvanas,1521,druid,restoration,36,16,20
Snuffurious,ragnaros,1520,druid,restoration,54,32,22
Delviri,stormreaver,1520,druid,restoration,152,79,73
Mw,dun-modr,1520,druid,restoration,71,33,38
Oøom,stormscale,1518,druid,restoration,60,23,37
Cörelly,ravencrest,1517,druid,restoration,269,155,114
Apokalypse,stormreaver,1517,druid,restoration,168,84,84
Slimp,the-maelstrom,1516,druid,restoration,42,16,26
Deluron,malganis,1515,druid,restoration,194,99,95
Milkmepls,balnazzar,1514,druid,restoration,30,19,11
Нагетсмяу,howling-fjord,1514,druid,restoration,195,102,93
Utopiah,ravencrest,1513,druid,restoration,80,45,35
Eaglefox,aszune,1513,druid,restoration,83,41,42
Latêralus,silvermoon,1513,druid,restoration,67,26,41
Prayx,dalaran,1512,druid,restoration,59,27,32
Сладуляя,gordunni,1512,druid,restoration,59,26,33
Tînkerbèll,blackmoore,1511,druid,restoration,41,22,19
Kiggstar,blackmoore,1511,druid,restoration,47,24,23
Swisz,bronzebeard,1510,druid,restoration,113,57,56
Dartdogg,sanguino,1509,druid,restoration,89,37,52
Azchuk,blackmoore,1509,druid,restoration,53,22,31
Jìnro,stormscale,1508,druid,restoration,24,16,8
Лэвиш,blackscar,1508,druid,restoration,60,36,24
Bloomies,tarren-mill,1507,druid,restoration,100,59,41
Homek,eredar,1507,druid,restoration,186,96,90
Åzjôl,magtheridon,1507,druid,restoration,42,20,22
Malacella,marécage-de-zangar,1507,druid,restoration,42,16,26
Ravenfang,dun-modr,1506,druid,restoration,223,129,94
Mohyo,antonidas,1506,druid,restoration,78,44,34
Lukass,drakthul,1505,druid,restoration,212,112,100
Dadjus,kazzak,1505,druid,restoration,48,25,23
Ráw,dun-modr,1504,druid,restoration,120,59,61
Miyokô,grim-batol,1504,druid,restoration,48,23,25
Lÿter,dun-modr,1502,druid,restoration,60,27,33
Greenlips,ravencrest,1502,druid,restoration,60,23,37
Zaerox,ambossar,1501,druid,restoration,90,45,45
Stratocaster,blackmoore,1498,druid,restoration,54,26,28
Elwenyss,outland,1498,druid,restoration,65,30,35
Bearliheals,draenor,1496,druid,restoration,86,53,33
Trayndaras,drakthul,1495,druid,restoration,35,23,12
Ccmydcv,archimonde,1495,druid,restoration,37,19,18
Jìkkz,aegwynn,1495,druid,restoration,70,26,44
Kicki,outland,1494,druid,restoration,66,34,32
Pyctograhm,eldrethalas,1493,druid,restoration,60,26,34
Kaher,ravencrest,1492,druid,restoration,72,37,35
Cyclonebroo,blackmoore,1491,druid,restoration,46,24,22
Thanom,auchindoun,1491,druid,restoration,306,158,148
Jtepdru,ravencrest,1490,druid,restoration,132,67,65
Playaxo,eitrigg,1488,druid,restoration,220,115,105
Bakicadr,sylvanas,1488,druid,restoration,57,29,28
Atôtheex,kazzak,1488,druid,restoration,43,21,22
Theeix,silvermoon,1486,druid,restoration,138,72,66
Mnine,twisting-nether,1485,druid,restoration,42,23,19
Brorsnor,ravencrest,1484,druid,restoration,179,85,94
Kyjaa,eredar,1484,druid,restoration,60,25,35
Квирит,razuvious,1484,druid,restoration,72,23,49
Друрашка,soulflayer,1483,druid,restoration,123,63,60
Feelstreeman,twisting-nether,1482,druid,restoration,101,53,48
Flåppers,stormscale,1481,druid,restoration,64,26,38
Filyina,blackrock,1480,druid,restoration,164,79,85
Noosh,thrall,1480,druid,restoration,42,20,22
Shiftway,stormscale,1480,druid,restoration,57,27,30
Dârkacêû,blackmoore,1480,druid,restoration,68,31,37
Hótty,antonidas,1480,druid,restoration,71,32,39
Bigorkey,blackrock,1479,druid,restoration,211,101,110
Фатуомуэрте,razuvious,1479,druid,restoration,54,19,35
Legyna,ravencrest,1478,druid,restoration,77,43,34
Атмос,deathguard,1478,druid,restoration,198,109,89
Phala,outland,1478,druid,restoration,48,20,28
Supremecat,tarren-mill,1477,druid,restoration,66,38,28
Pureballs,twisting-nether,1477,druid,restoration,165,93,72
Cuxorb,rexxar,1477,druid,restoration,160,87,73
Xôárqt,aegwynn,1477,druid,restoration,72,33,39
Maqer,argent-dawn,1476,druid,restoration,56,31,25
Røxhot,archimonde,1475,druid,restoration,138,81,57
Høtbøt,ysera,1475,druid,restoration,75,37,38
Néllä,archimonde,1474,druid,restoration,54,31,23
Akasuky,thrall,1474,druid,restoration,98,54,44
Leafceld,aggra-português,1474,druid,restoration,108,55,53
Gvairon,silvermoon,1474,druid,restoration,36,17,19
Místergreen,ravencrest,1474,druid,restoration,36,16,20
Drozzie,twisting-nether,1472,druid,restoration,24,16,8
Buckié,twisting-nether,1472,druid,restoration,78,40,38
Malbo,archimonde,1472,druid,restoration,48,21,27
Taèzoth,terokkar,1471,druid,restoration,50,31,19
Halyconwings,outland,1470,druid,restoration,57,29,28
Islandbôy,blackrock,1470,druid,restoration,42,16,26
Neluun,die-aldor,1468,druid,restoration,42,24,18
Yandris,argent-dawn,1467,druid,restoration,30,16,14
Peerpope,draenor,1466,druid,restoration,304,163,141
Hashtagone,ysondre,1466,druid,restoration,57,27,30
Kormakurr,silvermoon,1463,druid,restoration,87,51,36
Làhen,ravencrest,1463,druid,restoration,327,162,165
Feyzoude,ysondre,1461,druid,restoration,40,24,16
Drbse,silvermoon,1461,druid,restoration,56,28,28
Isquatbrah,tarren-mill,1460,druid,restoration,45,16,29
Блумха,howling-fjord,1459,druid,restoration,78,41,37
Cliftshifter,outland,1458,druid,restoration,36,25,11
Маминапуська,soulflayer,1458,druid,restoration,57,32,25
Spliçe,draenor,1458,druid,restoration,48,24,24
Arlandia,drakthul,1458,druid,restoration,42,17,25
Jmaz,outland,1457,druid,restoration,84,49,35
Bägira,sylvanas,1457,druid,restoration,333,175,158
Davorian,frostmane,1457,druid,restoration,117,55,62
Cesn,vashj,1456,druid,restoration,88,38,50
Nelffie,kazzak,1455,druid,restoration,198,110,88
Budspencebär,draenor,1455,druid,restoration,64,35,29
Ööh,outland,1453,druid,restoration,48,25,23
Warami,eredar,1453,druid,restoration,54,24,30
Dafapa,twilights-hammer,1452,druid,restoration,48,24,24
Sandh,uldum,1451,druid,restoration,48,21,27
Euskal,chogall,1451,druid,restoration,42,18,24
Dêrbombär,guldan,1451,druid,restoration,52,21,31
Deltalol,blackmoore,1450,druid,restoration,48,25,23
Asanaria,ravencrest,1450,druid,restoration,101,45,56
Ààlunåhlolz,azjolnerub,1447,druid,restoration,24,17,7
Bigßoi,stormscale,1446,druid,restoration,164,87,77
Vashiko,tarren-mill,1446,druid,restoration,83,41,42
Hellcow,blackmoore,1444,druid,restoration,107,47,60
Yellow,sylvanas,1443,druid,restoration,39,16,23
Siuo,ravencrest,1442,druid,restoration,78,31,47
Kaamirach,blackmoore,1441,druid,restoration,160,97,63
Kajiun,silvermoon,1441,druid,restoration,54,32,22
Buckxxz,nazjatar,1441,druid,restoration,93,53,40
Xyruden,kazzak,1441,druid,restoration,171,69,102
Фапдрим,howling-fjord,1440,druid,restoration,252,124,128
Bananadru,stormscale,1439,druid,restoration,24,15,9
Sandirion,silvermoon,1439,druid,restoration,613,308,305
Цукерище,gordunni,1438,druid,restoration,64,36,28
Champaa,aggra-português,1437,druid,restoration,69,26,43
Síggíe,eredar,1436,druid,restoration,30,17,13
Lhûne,twisting-nether,1436,druid,restoration,30,15,15
Reya,hyjal,1435,druid,restoration,52,24,28
Nezpa,ravencrest,1434,druid,restoration,64,38,26
Solàryx,hyjal,1434,druid,restoration,72,38,34
Bloompuf,draenor,1434,druid,restoration,208,97,111
Starryraven,argent-dawn,1433,druid,restoration,199,105,94
Brosephiné,stormscale,1433,druid,restoration,62,32,30
Karenvolf,outland,1433,druid,restoration,30,15,15
Moonfetamine,silvermoon,1433,druid,restoration,157,78,79
Kukisanban,stormscale,1432,druid,restoration,314,168,146
Senoka,shattrath,1432,druid,restoration,335,174,161
Маккаланн,soulflayer,1430,druid,restoration,105,56,49
Reinulfen,blackmoore,1430,druid,restoration,258,131,127
Devióus,twilights-hammer,1430,druid,restoration,496,249,247
Elmáestró,aegwynn,1430,druid,restoration,54,24,30
Òniz,hyjal,1428,druid,restoration,46,30,16
Maethar,stormrage,1428,druid,restoration,111,67,44
Cylantus,eredar,1427,druid,restoration,72,45,27
Exïlla,archimonde,1427,druid,restoration,54,29,25
Analmonstret,shattered-hand,1427,druid,restoration,35,17,18
Salagkoydi,sylvanas,1425,druid,restoration,84,47,37
Вексиус,gordunni,1425,druid,restoration,54,26,28
Weisslogia,aegwynn,1424,druid,restoration,30,15,15
Febricyla,blackmoore,1424,druid,restoration,48,23,25
Ecological,outland,1423,druid,restoration,30,15,15
Wenciorek,kazzak,1423,druid,restoration,135,67,68
Edal,chogall,1421,druid,restoration,184,90,94
Lycann,burning-blade,1420,druid,restoration,42,25,17
Knzm,dun-modr,1420,druid,restoration,198,106,92
Nasduck,ravencrest,1420,druid,restoration,260,130,130
Moontriix,kazzak,1420,druid,restoration,43,21,22
Glückstaler,die-aldor,1420,druid,restoration,60,25,35
Tokifong,kazzak,1419,druid,restoration,36,15,21
Друлёнышь,eversong,1418,druid,restoration,194,100,94
Jcpenney,xavius,1418,druid,restoration,281,134,147
Juggmusicxd,hyjal,1418,druid,restoration,68,29,39
Jugaia,frostmourne,1417,druid,restoration,53,26,27
Althei,argent-dawn,1416,druid,restoration,110,59,51
Didi,frostwhisper,1416,druid,restoration,129,63,66
Drineh,ravencrest,1415,druid,restoration,42,19,23
Tehira,antonidas,1415,druid,restoration,100,41,59
Ráay,blackrock,1414,druid,restoration,66,34,32
Drukae,stormscale,1414,druid,restoration,72,33,39
Cptfalcony,outland,1413,druid,restoration,106,54,52
Barkingdog,tarren-mill,1412,druid,restoration,57,31,26
Кингкиса,gordunni,1412,druid,restoration,36,15,21
Antheiaa,frostmane,1411,druid,restoration,72,32,40
Moonbee,burning-blade,1410,druid,restoration,189,93,96
Mortagua,kazzak,1410,druid,restoration,36,15,21
Erebear,ravencrest,1406,druid,restoration,75,43,32
Wooshy,kazzak,1406,druid,restoration,105,52,53
Plàntz,tarren-mill,1406,druid,restoration,79,39,40
Obamos,stormscale,1405,druid,restoration,30,19,11
Bearinator,aggramar,1405,druid,restoration,454,240,214
Elysea,antonidas,1405,druid,restoration,102,53,49
Shadowmeld,stormreaver,1405,druid,restoration,44,22,22
Rytmusdudu,ragnaros,1403,druid,restoration,42,19,23
Béccàbtw,draenor,1402,druid,restoration,30,16,14
Suprot,aggramar,1402,druid,restoration,106,52,54
Blomberg,burning-legion,1400,druid,restoration,80,46,34
Cevto,drakthul,1400,druid,restoration,50,22,28
Schwertlilie,aegwynn,1400,druid,restoration,53,22,31
Pumplt,thrall,1399,druid,restoration,84,46,38
Hellofresh,silvermoon,1399,druid,restoration,54,21,33
Qri,ahnqiraj,1398,druid,restoration,36,22,14
Jikuni,ravencrest,1397,druid,restoration,72,35,37
Feinberg,stormscale,1397,druid,restoration,101,44,57
Phebzdrood,archimonde,1396,druid,restoration,45,27,18
Ивантяй,gordunni,1396,druid,restoration,227,113,114
Друидсимба,howling-fjord,1395,druid,restoration,182,97,85
Wagoneis,grim-batol,1395,druid,restoration,58,28,30
Tokitoc,archimonde,1394,druid,restoration,101,59,42
Daewen,blackhand,1394,druid,restoration,112,61,51
Ilyethea,earthen-ring,1392,druid,restoration,476,250,226
Djvapelordx,stormscale,1392,druid,restoration,87,43,44
Shufflê,blackmoore,1392,druid,restoration,125,57,68
Märe,defias-brotherhood,1391,druid,restoration,36,19,17
Sùmmêrz,outland,1391,druid,restoration,47,17,30
Grololotte,dalaran,1390,druid,restoration,342,178,164
Zyndril,silvermoon,1390,druid,restoration,38,17,21
Arogane,outland,1389,druid,restoration,108,56,52
Plúx,antonidas,1388,druid,restoration,44,18,26
Trúdl,das-konsortium,1386,druid,restoration,36,21,15
Yunalaa,blackmoore,1386,druid,restoration,62,33,29
Clovér,outland,1384,druid,restoration,77,35,42
Lestty,the-maelstrom,1383,druid,restoration,70,38,32
Rawillinen,kazzak,1383,druid,restoration,42,20,22
Sertris,kazzak,1380,druid,restoration,64,27,37
Gandraste,neptulon,1379,druid,restoration,24,19,5
Тое,soulflayer,1379,druid,restoration,60,32,28
Ponytheone,burning-legion,1378,druid,restoration,42,19,23
Uuni,sylvanas,1377,druid,restoration,60,25,35
Blacksage,dragonmaw,1376,druid,restoration,107,50,57
Zfaf,hyjal,1375,druid,restoration,54,30,24
Whiplazh,archimonde,1375,druid,restoration,47,26,21
Spacedout,taerar,1375,druid,restoration,61,33,28
Катяблум,gordunni,1375,druid,restoration,114,50,64
Steuerung,twisting-nether,1371,druid,restoration,60,21,39
Fth,dethecus,1370,druid,restoration,33,18,15
Badbloom,ravencrest,1370,druid,restoration,46,22,24
Sgtdrood,archimonde,1369,druid,restoration,42,20,22
Saintbiose,dalaran,1368,druid,restoration,24,17,7
Lindémann,blackhand,1367,druid,restoration,42,23,19
Мекс,gordunni,1366,druid,restoration,23,15,8
Будклим,blackscar,1366,druid,restoration,24,15,9
Fondü,outland,1366,druid,restoration,48,24,24
Рефикс,gordunni,1364,druid,restoration,115,72,43
Scra,anubarak,1363,druid,restoration,165,81,84
Orinkhealer,ravencrest,1362,druid,restoration,44,18,26
Hotsexpress,aegwynn,1360,druid,restoration,42,16,26
Badbeliø,hyjal,1360,druid,restoration,82,31,51
Morfer,grim-batol,1359,druid,restoration,157,84,73
Bronox,ragnaros,1358,druid,restoration,71,34,37
Ekaterina,dun-morogh,1357,druid,restoration,93,52,41
Zwierzyniec,jaedenar,1357,druid,restoration,60,27,33
Xontpos,stormscale,1356,druid,restoration,24,15,9
Afret,kazzak,1356,druid,restoration,111,57,54
Shinymoomoo,tarren-mill,1356,druid,restoration,74,38,36
Reiss,tarren-mill,1356,druid,restoration,75,38,37
Druidorie,ravencrest,1355,druid,restoration,36,19,17
Stonesight,argent-dawn,1354,druid,restoration,81,39,42
Dortalon,outland,1352,druid,restoration,83,37,46
Neri,shattered-hand,1351,druid,restoration,55,31,24
Nayokô,grim-batol,1351,druid,restoration,72,36,36
Царапкатян,gordunni,1351,druid,restoration,212,101,111
Kooglaash,kazzak,1351,druid,restoration,115,54,61
Mindru,sylvanas,1351,druid,restoration,63,28,35
Cønvoke,kazzak,1351,druid,restoration,48,21,27
Hotsandpot,outland,1346,druid,restoration,36,15,21
Duharbrahud,outland,1345,druid,restoration,54,22,32
Feralgodx,quelthalas,1344,druid,restoration,27,16,11
Soný,aegwynn,1344,druid,restoration,36,19,17
Ipossible,kazzak,1344,druid,restoration,54,18,36
Pzqlol,outland,1343,druid,restoration,18,14,4
Acxaryl,ravencrest,1343,druid,restoration,30,14,16
Brømberry,blackrock,1342,druid,restoration,155,75,80
Antimend,draenor,1341,druid,restoration,24,14,10
Nohos,blackrock,1340,druid,restoration,24,14,10
Yenwe,kazzak,1340,druid,restoration,197,102,95
Woohoo,ravencrest,1338,druid,restoration,24,14,10
Lathariuss,frostwhisper,1336,druid,restoration,42,21,21
Schrödínger,culte-de-la-rive-noire,1336,druid,restoration,42,19,23
Mangy,xavius,1334,druid,restoration,161,83,78
Rockyfella,alexstrasza,1334,druid,restoration,55,27,28
Shifthappénz,draenor,1334,druid,restoration,60,28,32
Basajáun,dun-modr,1334,druid,restoration,146,68,78
Likh,das-konsortium,1332,druid,restoration,24,14,10
Вакидзами,gordunni,1331,druid,restoration,48,28,20
Emodruid,sunstrider,1330,druid,restoration,24,14,10
Roshava,stormscale,1329,druid,restoration,46,27,19
Memento,kazzak,1328,druid,restoration,30,17,13
Scaleo,stormreaver,1328,druid,restoration,90,50,40
Nuwell,arathor,1328,druid,restoration,138,66,72
Spidete,sanguino,1327,druid,restoration,172,100,72
Forzendl,twisting-nether,1326,druid,restoration,48,26,22
Kramit,ravencrest,1326,druid,restoration,54,26,28
Hidras,tarren-mill,1326,druid,restoration,48,21,27
Leliaen,sylvanas,1325,druid,restoration,93,50,43
Biomat,norgannon,1325,druid,restoration,71,34,37
Minipilsen,outland,1325,druid,restoration,36,16,20
Teengirl,blackmoore,1323,druid,restoration,30,14,16
Армсдру,gordunni,1322,druid,restoration,48,23,25
Microw,ghostlands,1321,druid,restoration,111,59,52
Wwvwwvwwvwvw,burning-legion,1321,druid,restoration,87,32,55
Koemarkt,sunstrider,1319,druid,restoration,46,29,17
Endoplazmik,silvermoon,1319,druid,restoration,61,36,25
Eko,auchindoun,1318,druid,restoration,135,70,65
Benzimaax,ragnaros,1318,druid,restoration,60,31,29
Versatil,uldum,1318,druid,restoration,49,19,30
Bennydruid,kazzak,1317,druid,restoration,136,59,77
Karodoom,twisting-nether,1316,druid,restoration,48,30,18
Крайсонг,soulflayer,1316,druid,restoration,42,21,21
Rabacki,blackmoore,1316,druid,restoration,132,61,71
Aolynk,twisting-nether,1316,druid,restoration,41,17,24
Groundpovx,blackmoore,1315,druid,restoration,30,14,16
Leakybuttxx,kilrogg,1312,druid,restoration,28,15,13
Mchots,ragnaros,1311,druid,restoration,119,56,63
Glaskål,draenor,1310,druid,restoration,177,81,96
Иггдрассиль,blackscar,1309,druid,restoration,30,15,15
Инкуль,gordunni,1309,druid,restoration,30,15,15
Løùise,nemesis,1309,druid,restoration,43,16,27
Closér,stormscale,1307,druid,restoration,60,30,30
Disclaimed,twisting-nether,1307,druid,restoration,36,15,21
Cultivatedz,twisting-nether,1306,druid,restoration,54,24,30
Ensanglante,twisting-nether,1305,druid,restoration,36,19,17
Basilethe,hyjal,1304,druid,restoration,30,17,13
Feyzboom,ysondre,1304,druid,restoration,47,23,24
Азазиона,gordunni,1304,druid,restoration,48,20,28
Тырубльдуде,gordunni,1302,druid,restoration,51,26,25
Boomayé,archimonde,1301,druid,restoration,56,34,22
Bekkjin,todeswache,1300,druid,restoration,60,30,30
Maghh,ravencrest,1299,druid,restoration,58,30,28
Tigroufou,kaelthas,1298,druid,restoration,24,15,9
Hanibalector,silvermoon,1298,druid,restoration,45,24,21
Vioboomie,blackrock,1298,druid,restoration,33,17,16
Innos,azshara,1298,druid,restoration,36,14,22
Mojorising,drakthul,1297,druid,restoration,24,15,9
Maxekaxe,sylvanas,1296,druid,restoration,107,55,52
Ekologiskxx,outland,1296,druid,restoration,85,40,45
Cernacc,silvermoon,1295,druid,restoration,23,14,9
Wannabanhere,outland,1295,druid,restoration,41,16,25
Atsumåsterx,archimonde,1294,druid,restoration,46,19,27
Lynysae,blackmoore,1292,druid,restoration,41,18,23
Nøbødy,silvermoon,1292,druid,restoration,47,19,28
Тчаёк,gordunni,1291,druid,restoration,33,19,14
Funkagenda,silvermoon,1291,druid,restoration,30,17,13
Tanariel,ravencrest,1291,druid,restoration,53,27,26
Elainia,emerald-dream,1291,druid,restoration,85,32,53
Corroboree,archimonde,1290,druid,restoration,42,23,19
Flum,darksorrow,1289,druid,restoration,149,77,72
Jakeparkki,sylvanas,1289,druid,restoration,32,15,17
Mitnik,stormscale,1288,druid,restoration,158,91,67
Varriant,kazzak,1288,druid,restoration,91,42,49
Midnightowl,stormscale,1287,druid,restoration,76,40,36
Eyetea,terokkar,1286,druid,restoration,121,64,57
Thieane,blackhand,1285,druid,restoration,30,17,13
Hordzee,blackmoore,1285,druid,restoration,197,96,101
Parkydru,draenor,1284,druid,restoration,24,15,9
Silvyan,silvermoon,1284,druid,restoration,63,31,32
Kattig,grim-batol,1284,druid,restoration,44,21,23
Seikoo,defias-brotherhood,1284,druid,restoration,91,41,50
Yeats,blackmoore,1283,druid,restoration,48,20,28
Exoar,ravencrest,1282,druid,restoration,115,53,62
Kattbjörnen,ragnaros,1281,druid,restoration,236,123,113
Paawz,stormscale,1281,druid,restoration,65,33,32
Siako,sanguino,1281,druid,restoration,113,54,59
Vulcäin,ysondre,1281,druid,restoration,36,15,21
Khalec,silvermoon,1280,druid,restoration,52,29,23
Manuka,argent-dawn,1280,druid,restoration,94,50,44
Sariel,saurfang,1280,druid,restoration,263,129,134
Урька,blackscar,1280,druid,restoration,93,43,50
Diastra,silvermoon,1278,druid,restoration,255,128,127
Cubalitis,tarren-mill,1276,druid,restoration,39,24,15
Fangornn,outland,1276,druid,restoration,84,42,42
Papjin,blackhand,1276,druid,restoration,48,24,24
Zaratras,arathor,1276,druid,restoration,79,39,40
Rrayed,kazzak,1274,druid,restoration,94,47,47
Sarkophag,blackrock,1272,druid,restoration,41,25,16
Trõn,draenor,1272,druid,restoration,164,95,69
Ischumekcid,anubarak,1270,druid,restoration,36,19,17
Arulol,aegwynn,1270,druid,restoration,60,28,32
Дилайт,blackscar,1269,druid,restoration,64,29,35
Spacenoub,archimonde,1268,druid,restoration,42,20,22
Vertymbras,hyjal,1267,druid,restoration,86,52,34
Инский,howling-fjord,1267,druid,restoration,96,55,41
Idect,silvermoon,1267,druid,restoration,261,131,130
Walexx,kazzak,1266,druid,restoration,44,25,19
Ninø,gorgonnash,1266,druid,restoration,100,52,48
Кэлиборн,gordunni,1266,druid,restoration,65,33,32
Nalreaa,kazzak,1265,druid,restoration,48,27,21
Guccicken,garona,1265,druid,restoration,210,107,103
Lalon,blackrock,1265,druid,restoration,48,24,24
Noxlunaire,ravencrest,1265,druid,restoration,58,25,33
Irondruid,silvermoon,1264,druid,restoration,181,97,84
Elainx,thrall,1264,druid,restoration,30,16,14
Hotto,antonidas,1263,druid,restoration,18,15,3
Дюссельдорф,blackscar,1263,druid,restoration,30,19,11
Mayurí,kazzak,1263,druid,restoration,58,36,22
Chinoiserie,aszune,1263,druid,restoration,227,118,109
Bynxx,antonidas,1262,druid,restoration,136,69,67
Charliebaum,antonidas,1262,druid,restoration,75,33,42
Zelíx,bronzebeard,1261,druid,restoration,83,49,34
Обейрин,gordunni,1261,druid,restoration,78,40,38
Svass,ragnaros,1260,druid,restoration,44,27,17
Orten,dun-modr,1258,druid,restoration,48,25,23
Buitonix,khaz-modan,1258,druid,restoration,357,180,177
Delmond,sylvanas,1258,druid,restoration,248,124,124
Høttýbálbøà,blackrock,1256,druid,restoration,17,14,3
Trä,zenedar,1254,druid,restoration,43,22,21
Zadrood,rashgarroth,1254,druid,restoration,33,16,17
Devdude,blackrock,1254,druid,restoration,137,62,75
Närthex,kazzak,1253,druid,restoration,24,14,10
Кнесис,howling-fjord,1253,druid,restoration,61,33,28
Autoritär,gilneas,1253,druid,restoration,129,66,63
Лилкрип,soulflayer,1253,druid,restoration,30,15,15
Karakarrtaal,silvermoon,1252,druid,restoration,42,26,16
Shylanna,ragnaros,1252,druid,restoration,102,51,51
Simplydrood,archimonde,1252,druid,restoration,42,16,26
Випера,gordunni,1249,druid,restoration,36,19,17
Nizkul,dun-modr,1249,druid,restoration,80,37,43
Ishiftmyself,pozzo-delleternità,1248,druid,restoration,24,13,11
Shaize,dalaran,1248,druid,restoration,30,16,14
Phatbushy,silvermoon,1248,druid,restoration,75,32,43
Ownglow,sylvanas,1247,druid,restoration,18,13,5
Deltsur,stormscale,1247,druid,restoration,35,17,18
Yazari,nathrezim,1247,druid,restoration,48,22,26
Jaesax,twisting-nether,1247,druid,restoration,30,13,17
Jenelin,silvermoon,1246,druid,restoration,42,16,26
Xomeboci,draenor,1246,druid,restoration,42,14,28
Hotlotta,aegwynn,1244,druid,restoration,24,13,11
Alásea,kazzak,1244,druid,restoration,30,13,17
Sintiq,stormscale,1243,druid,restoration,24,13,11
Søykañ,hyjal,1243,druid,restoration,68,32,36
Кекичан,howling-fjord,1243,druid,restoration,36,13,23
Crìmz,aszune,1243,druid,restoration,48,13,35
Erdnuckèl,antonidas,1242,druid,restoration,33,21,12
Robutt,runetotem,1242,druid,restoration,40,25,15
Acwi,dun-morogh,1242,druid,restoration,90,46,44
Ghostpanther,outland,1241,druid,restoration,30,17,13
Namenloser,azshara,1240,druid,restoration,99,55,44
Cemiink,drakthul,1240,druid,restoration,107,58,49
Göli,argent-dawn,1240,druid,restoration,32,16,16
Shelby,tirion,1240,druid,restoration,135,67,68
Jiujiteiro,tarren-mill,1239,druid,restoration,89,51,38
Ромамаваши,soulflayer,1239,druid,restoration,69,34,35
Мехнакиске,howling-fjord,1239,druid,restoration,65,32,33
Лапыбонги,lich-king,1239,druid,restoration,30,13,17
Громозилка,soulflayer,1238,druid,restoration,36,17,19
Yaaji,archimonde,1237,druid,restoration,84,36,48
Telaroxx,die-nachtwache,1237,druid,restoration,54,20,34
Bloomer,stormreaver,1235,druid,restoration,71,35,36
Applestrudle,blackrock,1234,druid,restoration,24,15,9
Julss,archimonde,1233,druid,restoration,137,68,69
Ghaara,outland,1231,druid,restoration,49,28,21
Arazorwyn,ravencrest,1231,druid,restoration,125,70,55
Layzz,archimonde,1231,druid,restoration,29,13,16
Cazzette,grim-batol,1230,druid,restoration,61,36,25
Mimisiek,burning-legion,1230,druid,restoration,36,21,15
Eô,antonidas,1230,druid,restoration,53,26,27
ßløøm,outland,1229,druid,restoration,74,41,33
Корнерит,gordunni,1229,druid,restoration,82,43,39
Huayhey,the-maelstrom,1226,druid,restoration,42,28,14
Deví,twilights-hammer,1226,druid,restoration,24,13,11
Solstrale,ravencrest,1226,druid,restoration,144,67,77
Урголяфа,gordunni,1226,druid,restoration,36,15,21
Delarion,nemesis,1225,druid,restoration,59,31,28
Weregoon,blackmoore,1225,druid,restoration,191,91,100
Ningannel,argent-dawn,1224,druid,restoration,83,35,48
Heidepaa,tichondrius,1222,druid,restoration,36,18,18
Harei,archimonde,1221,druid,restoration,24,13,11
Chiendetalus,ysondre,1221,druid,restoration,35,18,17
Suunto,blackrock,1221,druid,restoration,30,14,16
Whiskers,emerald-dream,1221,druid,restoration,42,19,23
Chicobullz,ysondre,1220,druid,restoration,24,13,11
Farodiin,blackmoore,1220,druid,restoration,144,76,68
Lil,elune,1220,druid,restoration,43,15,28
Tsurío,thrall,1219,druid,restoration,138,76,62
Аммазония,gordunni,1219,druid,restoration,53,28,25
Khyalia,ysondre,1218,druid,restoration,39,19,20
Gyvunas,silvermoon,1217,druid,restoration,87,54,33
Digestivebis,defias-brotherhood,1217,druid,restoration,135,78,57
Halleyz,hyjal,1217,druid,restoration,150,79,71
Avimoo,tarren-mill,1217,druid,restoration,50,26,24
Madshad,draenor,1217,druid,restoration,67,26,41
Килаф,gordunni,1216,druid,restoration,76,36,40
Arear,frostmane,1216,druid,restoration,85,40,45
Jølinaar,twisting-nether,1215,druid,restoration,29,19,10
Crep,krasus,1215,druid,restoration,36,23,13
Vícvega,ravencrest,1215,druid,restoration,79,41,38
Bonsai,terrordar,1215,druid,restoration,43,21,22
Пупсики,gordunni,1215,druid,restoration,92,43,49
Пивч,soulflayer,1214,druid,restoration,75,37,38
Amakary,blackrock,1214,druid,restoration,48,23,25
Blazoor,frostwolf,1214,druid,restoration,76,36,40
Дуггизавр,howling-fjord,1213,druid,restoration,29,13,16
Азя,blackscar,1213,druid,restoration,62,24,38
Deretus,blackmoore,1213,druid,restoration,34,13,21
Kasjuz,tarren-mill,1212,druid,restoration,84,50,34
Knææl,argent-dawn,1211,druid,restoration,48,29,19
Ýanux,aegwynn,1210,druid,restoration,22,14,8
Кьюкамбер,gordunni,1210,druid,restoration,22,14,8
Dreaddot,archimonde,1210,druid,restoration,24,13,11
Ruberg,kazzak,1210,druid,restoration,51,26,25
Séyla,blackrock,1209,druid,restoration,24,13,11
Unionpivo,doomhammer,1209,druid,restoration,126,64,62
Tallu,das-konsortium,1209,druid,restoration,36,13,23
Aebí,dalaran,1208,druid,restoration,24,13,11
Berdix,ragnaros,1207,druid,restoration,31,18,13
Midnightstry,alakir,1207,druid,restoration,345,179,166
Wtfck,outland,1206,druid,restoration,96,45,51
Cäsïo,khaz-modan,1205,druid,restoration,78,47,31
Jyggz,azshara,1205,druid,restoration,39,21,18
Soratess,azshara,1204,druid,restoration,81,38,43
Lethius,silvermoon,1204,druid,restoration,140,63,77
Shenandoah,hyjal,1203,druid,restoration,54,32,22
Vickepicke,stormreaver,1203,druid,restoration,36,18,18
Эверих,soulflayer,1203,druid,restoration,71,34,37
Bonza,agamaggan,1202,druid,restoration,90,42,48
Saberrtooth,twisting-nether,1201,druid,restoration,66,25,41
Goodzychoo,silvermoon,1199,druid,restoration,36,17,19
Tosuncan,twisting-nether,1199,druid,restoration,42,17,25
Karlsn,ravencrest,1197,druid,restoration,25,14,11
Lailaqt,arthas,1197,druid,restoration,40,21,19
Mochiløxz,tarren-mill,1197,druid,restoration,190,97,93
Secondage,blackmoore,1196,druid,restoration,80,37,43
Хекзкор,ashenvale,1196,druid,restoration,36,13,23
Krizak,eredar,1195,druid,restoration,155,81,74
Shadraw,arakarahm,1195,druid,restoration,30,13,17
Rakúsh,thrall,1194,druid,restoration,112,57,55
Mutato,draenor,1193,druid,restoration,239,131,108
Raïby,archimonde,1191,druid,restoration,36,15,21
Коляскальяс,howling-fjord,1190,druid,restoration,148,60,88
Shifts,aggramar,1188,druid,restoration,42,19,23
Chable,hyjal,1187,druid,restoration,60,31,29
Wazam,kazzak,1187,druid,restoration,190,93,97
Chæmp,blackmoore,1187,druid,restoration,35,16,19
Proxis,the-maelstrom,1187,druid,restoration,73,31,42
Lïs,the-maelstrom,1186,druid,restoration,94,54,40
Lépaw,twisting-nether,1186,druid,restoration,107,51,56
Wiyah,hyjal,1186,druid,restoration,30,14,16
Yamsha,dalaran,1186,druid,restoration,46,14,32
Fettpumpad,karazhan,1185,druid,restoration,157,85,72
Baldurix,blackrock,1184,druid,restoration,32,15,17
Quorn,pozzo-delleternità,1184,druid,restoration,42,18,24
Exane,ragnaros,1182,druid,restoration,44,26,18
Inkeyes,outland,1182,druid,restoration,107,45,62
Vanlise,ravencrest,1181,druid,restoration,90,42,48
Fotmrerollér,darksorrow,1180,druid,restoration,114,64,50
Dridoxx,archimonde,1179,druid,restoration,72,28,44
Amberleaff,auchindoun,1178,druid,restoration,31,16,15
Weiden,twisting-nether,1178,druid,restoration,74,32,42
Tsuteymanga,veknilash,1177,druid,restoration,102,49,53
Imoen,hyjal,1177,druid,restoration,90,39,51
Ironveins,ravencrest,1176,druid,restoration,60,35,25
Theguyandbea,draenor,1174,druid,restoration,141,65,76
Hílarío,sanguino,1174,druid,restoration,38,13,25
Venedría,eredar,1173,druid,restoration,30,15,15
Сваткумбрат,eversong,1173,druid,restoration,149,64,85
Noballz,blackhand,1173,druid,restoration,38,13,25
Ubbeleg,kazzak,1172,druid,restoration,42,22,20
Dobbmaster,aegwynn,1168,druid,restoration,256,128,128
Callìa,sylvanas,1168,druid,restoration,107,48,59
Balanc,ragnaros,1167,druid,restoration,53,25,28
Spikill,uldaman,1166,druid,restoration,36,26,10
Xdrus,argent-dawn,1166,druid,restoration,50,26,24
Вертуос,soulflayer,1166,druid,restoration,57,26,31
Collîî,aegwynn,1165,druid,restoration,98,50,48
Денчикбратиш,soulflayer,1165,druid,restoration,54,19,35
Saimdude,blackrock,1164,druid,restoration,54,29,25
Бульбион,gordunni,1164,druid,restoration,264,131,133
Liquis,outland,1163,druid,restoration,196,95,101
Menolao,dun-morogh,1162,druid,restoration,98,53,45
Moundîr,archimonde,1162,druid,restoration,118,53,65
Mchøt,ravencrest,1162,druid,restoration,68,26,42
Qvadriologic,argent-dawn,1162,druid,restoration,42,16,26
Forzend,twisting-nether,1161,druid,restoration,20,13,7
Димитруа,howling-fjord,1161,druid,restoration,30,17,13
Дудумейстер,howling-fjord,1160,druid,restoration,144,60,84
Wyngx,blackrock,1158,druid,restoration,96,54,42
Makelsi,tarren-mill,1158,druid,restoration,36,15,21
Racadruid,antonidas,1158,druid,restoration,54,21,33
Ушастикэ,gordunni,1157,druid,restoration,32,27,5
Тевио,gordunni,1157,druid,restoration,130,64,66
Røsary,stormscale,1156,druid,restoration,81,43,38
Pròxy,hyjal,1156,druid,restoration,37,14,23
Docdruid,outland,1155,druid,restoration,42,16,26
Strave,azjolnerub,1155,druid,restoration,68,23,45
Kattman,tarren-mill,1154,druid,restoration,30,14,16
Corias,blackmoore,1154,druid,restoration,42,14,28
Márron,blackhand,1153,druid,restoration,28,15,13
Sllatkica,draenor,1152,druid,restoration,63,27,36
Amoreah,silvermoon,1152,druid,restoration,127,52,75
Pikkusuhnu,twisting-nether,1152,druid,restoration,30,12,18
Ÿdrassia,archimonde,1152,druid,restoration,44,17,27
Gøash,aegwynn,1151,druid,restoration,18,12,6
Ковамедведь,borean-tundra,1151,druid,restoration,65,27,38
Bamsemoms,sylvanas,1151,druid,restoration,30,12,18
Hotop,draenor,1151,druid,restoration,30,12,18
Dreathqt,twisting-nether,1150,druid,restoration,24,12,12
Rozt,ravencrest,1150,druid,restoration,24,12,12
Enggetsu,drakthul,1150,druid,restoration,60,25,35
Flensí,stormscale,1149,druid,restoration,30,12,18
Burattino,draenor,1147,druid,restoration,12,12,0
Restopesto,silvermoon,1147,druid,restoration,44,24,20
Thorns,blackrock,1147,druid,restoration,24,12,12
Eluñeãdore,silvermoon,1146,druid,restoration,41,26,15
Mykk,ravencrest,1146,druid,restoration,33,19,14
Granquercia,nemesis,1146,druid,restoration,30,12,18
Helkondr,thrall,1146,druid,restoration,36,12,24
Hypnosoad,outland,1145,druid,restoration,244,120,124
Ankhar,auchindoun,1145,druid,restoration,35,17,18
Mikshak,drakthul,1144,druid,restoration,24,12,12
Golddy,hyjal,1144,druid,restoration,140,66,74
Shapeshafter,twisting-nether,1144,druid,restoration,179,84,95
Enzymex,burning-blade,1144,druid,restoration,42,19,23
Holybarkzqt,aegwynn,1144,druid,restoration,30,12,18
Mcneil,wrathbringer,1142,druid,restoration,43,23,20
Trànsformer,nemesis,1142,druid,restoration,30,12,18
Euklid,frostwolf,1142,druid,restoration,30,12,18
Ajwen,tarren-mill,1141,druid,restoration,30,12,18
Clownrad,tarren-mill,1141,druid,restoration,30,12,18
Stuu,nathrezim,1140,druid,restoration,24,12,12
Relxc,outland,1139,druid,restoration,39,24,15
Lisovamavka,draenor,1138,druid,restoration,147,74,73
Adiycrazy,outland,1138,druid,restoration,54,22,32
Hót,ravencrest,1138,druid,restoration,42,14,28
Fanboij,kazzak,1137,druid,restoration,30,12,18
Огрызокрыбы,howling-fjord,1136,druid,restoration,23,13,10
Фонш,soulflayer,1136,druid,restoration,24,12,12
Symba,uldum,1136,druid,restoration,24,12,12
Lucael,blackmoore,1135,druid,restoration,66,24,42
Adawehi,ravencrest,1134,druid,restoration,143,66,77
Hælìñgtøúçh,ysondre,1134,druid,restoration,36,12,24
Driftmaster,defias-brotherhood,1133,druid,restoration,24,12,12
Curoahojas,silvermoon,1132,druid,restoration,130,56,74
Luneriá,blackmoore,1132,druid,restoration,48,16,32
Kirïllx,silvermoon,1131,druid,restoration,123,66,57
Дазашо,soulflayer,1131,druid,restoration,415,201,214
Scuta,sylvanas,1131,druid,restoration,36,12,24
Bioházard,blackrock,1130,druid,restoration,36,20,16
Feroxe,kazzak,1130,druid,restoration,24,12,12
Clonecity,ravencrest,1130,druid,restoration,35,12,23
Thunderzeus,mazrigos,1129,druid,restoration,40,20,20
Juicy,stormreaver,1129,druid,restoration,91,45,46
Mv,gorgonnash,1129,druid,restoration,106,49,57
Pinkpanda,arthas,1128,druid,restoration,30,12,18
Sâty,draenor,1128,druid,restoration,60,22,38
Druiddingo,lightnings-blade,1127,druid,restoration,24,12,12
Стенлимур,eversong,1127,druid,restoration,120,57,63
Druibe,burning-legion,1127,druid,restoration,56,23,33
Norkenis,neptulon,1127,druid,restoration,30,12,18
Kbåkå,ravencrest,1125,druid,restoration,42,19,23
Лайфдруид,blackscar,1125,druid,restoration,71,28,43
Trolléverte,archimonde,1124,druid,restoration,111,59,52
Сицилиец,galakrond,1124,druid,restoration,24,12,12
Vurgyl,hyjal,1121,druid,restoration,100,58,42
Vranz,draenor,1120,druid,restoration,67,32,35
Psitol,silvermoon,1120,druid,restoration,30,12,18
Herbiko,turalyon,1119,druid,restoration,206,106,100
Raysa,archimonde,1119,druid,restoration,69,35,34
Ayehotx,ragnaros,1119,druid,restoration,47,21,26
Mirana,drakthul,1117,druid,restoration,51,29,22
Flandersdru,ravencrest,1117,druid,restoration,23,12,11
Kikinho,argent-dawn,1117,druid,restoration,24,12,12
Zillo,stormscale,1116,druid,restoration,92,41,51
Celendiil,argent-dawn,1115,druid,restoration,103,30,73
Багетлюбви,howling-fjord,1114,druid,restoration,86,37,49
Ndnd,drakthul,1112,druid,restoration,82,42,40
Mayhh,ragnaros,1111,druid,restoration,90,41,49
Talyfox,outland,1111,druid,restoration,88,38,50
Legharta,ravencrest,1111,druid,restoration,84,31,53
Uvøgin,ragnaros,1109,druid,restoration,18,12,6
Ðelnôs,destromath,1109,druid,restoration,42,15,27
Лаегмерил,gordunni,1108,druid,restoration,58,32,26
Räysa,archimonde,1108,druid,restoration,216,107,109
Fricky,burning-blade,1107,druid,restoration,52,27,25
Dreäms,ravencrest,1106,druid,restoration,248,133,115
Arfedan,kazzak,1106,druid,restoration,66,35,31
Klerosa,moonglade,1105,druid,restoration,56,24,32
Tyraloll,ghostlands,1104,druid,restoration,54,23,31
Elysiá,twisting-nether,1104,druid,restoration,35,13,22
Relache,twisting-nether,1103,druid,restoration,57,32,25
Bullchóps,kazzak,1103,druid,restoration,37,14,23
Zirkuszwei,aegwynn,1102,druid,restoration,29,14,15
Mikeisbike,ragnaros,1101,druid,restoration,21,13,8
Auspicer,moonglade,1101,druid,restoration,34,17,17
Happyhoter,blackrock,1101,druid,restoration,30,12,18
Ankhenature,outland,1100,druid,restoration,71,40,31
Niknoom,azjolnerub,1100,druid,restoration,182,101,81
Catkayn,stormscale,1100,druid,restoration,36,12,24
Medvecica,twisting-nether,1099,druid,restoration,42,12,30
Croassant,archimonde,1097,druid,restoration,44,24,20
Аматэррасу,blackscar,1095,druid,restoration,54,28,26
Chidorî,twisting-nether,1095,druid,restoration,41,18,23
Papanik,tarren-mill,1094,druid,restoration,113,56,57
Snowrk,hyjal,1093,druid,restoration,54,31,23
Nissemand,ravencrest,1093,druid,restoration,78,36,42
Tharandrél,argent-dawn,1092,druid,restoration,72,20,52
Thornat,chamber-of-aspects,1091,druid,restoration,64,33,31
Тианна,razuvious,1091,druid,restoration,48,24,24
Ultrassick,kazzak,1090,druid,restoration,45,21,24
Hotouck,hyjal,1089,druid,restoration,38,22,16
Vextron,burning-legion,1089,druid,restoration,32,17,15
Thaibarian,shattered-hand,1089,druid,restoration,78,40,38
Djungelgrabb,twisting-nether,1089,druid,restoration,62,30,32
Mayte,ragnaros,1088,druid,restoration,23,14,9
Zagrem,antonidas,1088,druid,restoration,28,13,15
Ganoförd,zuljin,1087,druid,restoration,19,13,6
Maryjuanita,silvermoon,1087,druid,restoration,158,69,89
Taatz,stormscale,1087,druid,restoration,85,33,52
Iprex,outland,1086,druid,restoration,149,81,68
Alexstraza,arthas,1085,druid,restoration,49,23,26
Dadud,twisting-nether,1083,druid,restoration,48,25,23
Фераст,azuregos,1083,druid,restoration,48,21,27
Nyooxix,blackmoore,1082,druid,restoration,54,22,32
Draneis,les-sentinelles,1081,druid,restoration,104,62,42
Jimmorris,eredar,1079,druid,restoration,60,30,30
Ruhlide,anetheron,1079,druid,restoration,29,12,17
Làzerðjings,archimonde,1079,druid,restoration,30,12,18
Jøos,hyjal,1078,druid,restoration,24,12,12
Theridrax,twisting-nether,1078,druid,restoration,38,18,20
Thaldrenaar,argent-dawn,1078,druid,restoration,74,28,46
Drøod,kazzak,1076,druid,restoration,17,12,5
Razmus,lightbringer,1076,druid,restoration,25,13,12
Канимэ,howling-fjord,1076,druid,restoration,33,13,20
Zarlaac,ravencrest,1075,druid,restoration,66,27,39
Bloomly,tarren-mill,1073,druid,restoration,36,18,18
Shäylä,sinstralis,1072,druid,restoration,30,15,15
Xenva,blackmoore,1072,druid,restoration,60,28,32
Jàgêr,archimonde,1071,druid,restoration,43,12,31
Алунар,lich-king,1070,druid,restoration,84,39,45
Elleanarr,hyjal,1069,druid,restoration,36,21,15
Petitchät,archimonde,1069,druid,restoration,46,23,23
Древнина,gordunni,1069,druid,restoration,156,76,80
Fuzzy,the-venture-co,1069,druid,restoration,29,12,17
Itswoland,emeriss,1068,druid,restoration,17,12,5
Domsz,dalaran,1067,druid,restoration,134,63,71
Januzo,kazzak,1066,druid,restoration,42,16,26
Elanrya,argent-dawn,1066,druid,restoration,53,15,38
Киберужас,gordunni,1064,druid,restoration,175,90,85
Alexialol,silvermoon,1063,druid,restoration,19,12,7
Shadowcat,archimonde,1063,druid,restoration,25,12,13
Lunatrixs,dun-modr,1062,druid,restoration,47,23,24
Malandrin,khazgoroth,1059,druid,restoration,79,37,42
Felfran,ravencrest,1059,druid,restoration,66,28,38
Кишкинахир,razuvious,1058,druid,restoration,54,28,26
Meall,blackmoore,1057,druid,restoration,18,12,6
Greenhot,kult-der-verdammten,1057,druid,restoration,72,33,39
Ферний,gordunni,1057,druid,restoration,30,13,17
Justforgames,ravencrest,1056,druid,restoration,12,11,1
Degentiuso,alakir,1056,druid,restoration,30,21,9
Isitbleedin,silvermoon,1056,druid,restoration,18,11,7
Kobrá,ravencrest,1056,druid,restoration,18,11,7
Noramun,alexstrasza,1056,druid,restoration,18,11,7
Druidomedio,pozzo-delleternità,1056,druid,restoration,18,11,7
Лабирошка,blackscar,1056,druid,restoration,24,11,13
Exzotic,ravencrest,1056,druid,restoration,24,11,13
Galoony,blackrock,1056,druid,restoration,24,11,13
Bigbones,frostwolf,1056,druid,restoration,72,24,48
Wallenstein,outland,1055,druid,restoration,18,11,7
Chocofrijj,tarren-mill,1055,druid,restoration,24,11,13
Poporseven,archimonde,1055,druid,restoration,24,11,13
Caldino,tarren-mill,1055,druid,restoration,29,12,17
Арбузир,howling-fjord,1055,druid,restoration,54,21,33
Ðezo,stormscale,1055,druid,restoration,30,11,19
Sharlla,burning-legion,1055,druid,restoration,36,11,25
Oschlandor,blackmoore,1054,druid,restoration,12,11,1
Jagu,blackrock,1054,druid,restoration,48,26,22
Rootmoschner,blackmoore,1054,druid,restoration,89,41,48
Solern,ravencrest,1054,druid,restoration,24,11,13
Светдру,blackscar,1054,druid,restoration,24,11,13
Gladiata,tarren-mill,1054,druid,restoration,24,11,13
Рамчег,gordunni,1053,druid,restoration,18,11,7
Lïlja,tarren-mill,1053,druid,restoration,30,16,14
Гвенивар,soulflayer,1053,druid,restoration,24,11,13
Noskillx,auchindoun,1052,druid,restoration,12,11,1
Boomkïn,draenor,1052,druid,restoration,24,11,13
Healingwoods,outland,1052,druid,restoration,24,11,13
Иксджа,gordunni,1051,druid,restoration,30,11,19
Druidenbeton,antonidas,1050,druid,restoration,24,13,11
Larlye,dun-modr,1050,druid,restoration,24,11,13
Exilia,kragjin,1050,druid,restoration,24,11,13
Panøràmix,archimonde,1050,druid,restoration,41,12,29
Shlipshlap,eredar,1050,druid,restoration,42,11,31
Ilovealex,blackmoore,1049,druid,restoration,59,33,26
Zka,archimonde,1049,druid,restoration,24,11,13
Ximenia,argent-dawn,1048,druid,restoration,24,14,10
Влажныйдру,soulflayer,1048,druid,restoration,24,11,13
Tapex,ravencrest,1048,druid,restoration,27,12,15
Cigamt,kazzak,1047,druid,restoration,18,12,6
Sodamncute,ravencrest,1046,druid,restoration,24,11,13
Pzyhlol,anetheron,1045,druid,restoration,18,11,7
Santamonica,blackrock,1045,druid,restoration,48,19,29
Kaserion,sylvanas,1044,druid,restoration,72,26,46
Омгдру,gordunni,1043,druid,restoration,147,70,77
Greengolly,argent-dawn,1042,druid,restoration,30,11,19
Farashh,archimonde,1042,druid,restoration,41,14,27
Luarbak,kazzak,1041,druid,restoration,18,11,7
Walenok,thrall,1041,druid,restoration,298,146,152
Malleria,blackmoore,1041,druid,restoration,30,13,17
Spoco,defias-brotherhood,1040,druid,restoration,102,56,46
Ранок,fordragon,1040,druid,restoration,24,11,13
Жолудь,gordunni,1040,druid,restoration,66,28,38
Dfjguidfg,baelgun,1040,druid,restoration,36,13,23
Tângo,eredar,1039,druid,restoration,55,28,27
Дремлин,deathguard,1038,druid,restoration,212,99,113
Iseron,uldum,1037,druid,restoration,46,28,18
Murmétoile,chants-éternels,1037,druid,restoration,74,22,52
Hopê,burning-legion,1036,druid,restoration,126,71,55
Kezbaniye,silvermoon,1035,druid,restoration,18,11,7
Jambonmaster,archimonde,1034,druid,restoration,100,53,47
Pakù,archimonde,1033,druid,restoration,12,11,1
Ghostbustér,emeriss,1033,druid,restoration,182,92,90
Betelgues,kazzak,1032,druid,restoration,159,83,76
Dahelire,shendralar,1032,druid,restoration,42,21,21
Trikill,hyjal,1032,druid,restoration,78,38,40
Socialphobia,draenor,1032,druid,restoration,46,18,28
Haarbál,tarren-mill,1031,druid,restoration,18,11,7
Ella,kult-der-verdammten,1031,druid,restoration,205,103,102
Maníx,tarren-mill,1030,druid,restoration,24,11,13
Xadidruîd,blackrock,1030,druid,restoration,42,11,31
Mendozä,stormscale,1029,druid,restoration,82,38,44
Corrupthz,outland,1028,druid,restoration,24,11,13
Storpboom,drakthul,1028,druid,restoration,31,13,18
Chéchédroïd,marécage-de-zangar,1027,druid,restoration,64,30,34
Drúídárn,talnivarr,1027,druid,restoration,60,27,33
Klørfem,draenor,1027,druid,restoration,36,13,23
Шмору,deathguard,1026,druid,restoration,70,34,36
Davincidru,tarren-mill,1026,druid,restoration,68,32,36
Takuna,nemesis,1022,druid,restoration,30,12,18
Raysien,doomhammer,1021,druid,restoration,24,13,11
Moonshîne,arygos,1021,druid,restoration,120,63,57
Shanikya,argent-dawn,1021,druid,restoration,44,20,24
Elrroir,dun-modr,1021,druid,restoration,34,12,22
Akifumi,archimonde,1021,druid,restoration,52,14,38
Nøboorst,ravencrest,1019,druid,restoration,18,11,7
Driiptoohard,turalyon,1019,druid,restoration,195,99,96
Lutzmiller,eredar,1018,druid,restoration,340,163,177
Nezruslfour,dun-modr,1017,druid,restoration,30,18,12
Прожималодру,deathguard,1017,druid,restoration,72,32,40
Эмканегодяйк,galakrond,1016,druid,restoration,95,50,45
Фэйблуд,blackscar,1016,druid,restoration,174,90,84
Foaqi,aegwynn,1016,druid,restoration,22,11,11
Artracos,thrall,1016,druid,restoration,65,18,47
Lightboxx,ravencrest,1015,druid,restoration,42,25,17
Bubadruid,silvermoon,1015,druid,restoration,25,11,14
Kelerun,blackhand,1015,druid,restoration,42,17,25
Bug,eredar,1013,druid,restoration,27,18,9
Zêrg,ysondre,1012,druid,restoration,24,11,13
Nyha,garrosh,1012,druid,restoration,48,15,33
Komiker,ravencrest,1011,druid,restoration,47,29,18
Hâyâbusa,antonidas,1011,druid,restoration,30,11,19
Dirtyhacks,blackmoore,1010,druid,restoration,36,17,19
Дендринис,gordunni,1009,druid,restoration,30,19,11
Ceapamatii,sylvanas,1009,druid,restoration,88,40,48
Ukri,ravencrest,1008,druid,restoration,22,11,11
Growiêlle,ravencrest,1007,druid,restoration,65,33,32
Holykòw,silvermoon,1006,druid,restoration,60,26,34
Ånaðeårmas,outland,1005,druid,restoration,27,12,15
Akuda,blackrock,1004,druid,restoration,21,11,10
Feedbark,stormscale,1002,druid,restoration,23,13,10
Snakemane,tarren-mill,1001,druid,restoration,65,35,30
Noxann,archimonde,1001,druid,restoration,34,12,22
Spiralout,nemesis,1000,druid,restoration,298,144,154
Spankproof,kazzak,999,druid,restoration,20,12,8
Витшел,gordunni,999,druid,restoration,24,14,10
Dardargnan,throkferoth,999,druid,restoration,35,15,20
Hushorde,twisting-nether,998,druid,restoration,36,14,22
Pudseytree,doomhammer,996,druid,restoration,74,38,36
Cárnagè,stormscale,996,druid,restoration,92,40,52
Дела,eversong,994,druid,restoration,36,21,15
Gnaro,ragnaros,992,druid,restoration,142,61,81
Orangee,blackmoore,992,druid,restoration,53,18,35
Visurat,tarren-mill,990,druid,restoration,36,16,20
Sorahe,arthas,989,druid,restoration,20,12,8
Zalmoxiss,ravencrest,988,druid,restoration,30,19,11
Nokodo,silvermoon,988,druid,restoration,39,19,20
Sooamazing,korgall,987,druid,restoration,27,15,12
Shawtyx,argent-dawn,986,druid,restoration,69,27,42
Moonfan,darkmoon-faire,986,druid,restoration,48,17,31
Zalherbata,burning-legion,986,druid,restoration,42,13,29
Yespapa,kazzak,985,druid,restoration,273,140,133
Escortdruid,blackmoore,985,druid,restoration,70,23,47
Inspiredrood,archimonde,984,druid,restoration,107,58,49
Catbear,kazzak,982,druid,restoration,183,94,89
Simouch,archimonde,982,druid,restoration,201,97,104
Johndru,kazzak,982,druid,restoration,101,42,59
Weremyst,outland,982,druid,restoration,32,11,21
Arenus,argent-dawn,979,druid,restoration,50,17,33
Maiavin,earthen-ring,978,druid,restoration,15,12,3
Ellismera,argent-dawn,978,druid,restoration,36,17,19
Raylla,dun-modr,976,druid,restoration,36,19,17
Aègon,ravencrest,975,druid,restoration,30,13,17
Arydan,quelthalas,974,druid,restoration,28,11,17
Nali,arthas,972,druid,restoration,19,12,7
Sinthorasia,blackrock,972,druid,restoration,28,12,16
Jamburapro,sylvanas,971,druid,restoration,172,87,85
Tombenuit,tarren-mill,970,druid,restoration,30,15,15
Ревёрсс,soulflayer,970,druid,restoration,48,13,35
Torawara,ragnaros,969,druid,restoration,17,11,6
Teranaattori,the-maelstrom,968,druid,restoration,41,13,28
Lùmy,arygos,967,druid,restoration,42,18,24
Jehtrotull,nemesis,965,druid,restoration,46,18,28
Флиперкэт,howling-fjord,965,druid,restoration,98,38,60
Zerschmatzen,aegwynn,965,druid,restoration,75,23,52
Benjosef,blackmoore,963,druid,restoration,81,38,43
Naturaliista,burning-legion,963,druid,restoration,64,25,39
Wegian,sylvanas,962,druid,restoration,63,36,27
Alirynn,argent-dawn,962,druid,restoration,60,32,28
Blolzz,silvermoon,962,druid,restoration,48,25,23
Karochi,kazzak,961,druid,restoration,28,17,11
Wolfeiy,ravenholdt,961,druid,restoration,145,77,68
Nargaí,kargath,961,druid,restoration,60,26,34
Nuurah,silvermoon,960,druid,restoration,18,10,8
Bntyx,dun-modr,960,druid,restoration,18,10,8
Bárdiandru,blackhand,960,druid,restoration,18,10,8
Eviency,outland,960,druid,restoration,24,10,14
Worstdruid,sanguino,959,druid,restoration,12,10,2
Hotsy,ravencrest,959,druid,restoration,12,10,2
Mysao,dalaran,959,druid,restoration,18,10,8
Snedden,silvermoon,959,druid,restoration,30,15,15
Béstfriend,uldum,959,druid,restoration,24,10,14
Tjann,darksorrow,959,druid,restoration,24,10,14
Juhudy,kazzak,959,druid,restoration,24,10,14
Holybarkz,aegwynn,959,druid,restoration,24,10,14
Whatismeld,outland,959,druid,restoration,30,10,20
Zmira,outland,959,druid,restoration,30,10,20
Bäckey,silvermoon,958,druid,restoration,12,10,2
Rînaa,ravencrest,958,druid,restoration,18,10,8
Mancy,silvermoon,958,druid,restoration,18,10,8
Baroona,kazzak,958,druid,restoration,54,28,26
Bazilika,argent-dawn,958,druid,restoration,161,82,79
Vacaleiteira,aggra-português,958,druid,restoration,24,10,14
Krattos,outland,958,druid,restoration,24,10,14
Локотьдрева,gordunni,958,druid,restoration,30,10,20
Iqfrags,silvermoon,957,druid,restoration,27,18,9
Taylegøðx,ravencrest,957,druid,restoration,18,10,8
Takar,dalaran,957,druid,restoration,48,16,32
Roria,neptulon,956,druid,restoration,12,10,2
Cobradrood,culte-de-la-rive-noire,956,druid,restoration,85,39,46
Estrogenlord,auchindoun,956,druid,restoration,24,10,14
Esmerito,tarren-mill,955,druid,restoration,18,10,8
Indann,kazzak,955,druid,restoration,24,10,14
Patrík,twisting-nether,955,druid,restoration,30,10,20
Lzo,silvermoon,954,druid,restoration,18,10,8
Pøwêr,blackrock,954,druid,restoration,24,10,14
Wolfverina,sylvanas,953,druid,restoration,39,22,17
Featherball,tarren-mill,953,druid,restoration,48,27,21
Sfarcolacul,tarren-mill,953,druid,restoration,174,90,84
Allod,stormscale,953,druid,restoration,267,136,131
Tjruid,twisting-nether,952,druid,restoration,18,10,8
Geeorge,stormscale,952,druid,restoration,18,10,8
Wizår,outland,952,druid,restoration,24,10,14
Энчантерес,gordunni,952,druid,restoration,30,10,20
Yeroso,burning-legion,951,druid,restoration,18,10,8
Jenovas,argent-dawn,951,druid,restoration,24,10,14
Blòódý,ravencrest,950,druid,restoration,18,10,8
Magneziie,drakthul,949,druid,restoration,18,10,8
Dstarzu,archimonde,949,druid,restoration,29,13,16
Coolbro,hyjal,949,druid,restoration,42,13,29
Shaorma,ravencrest,947,druid,restoration,30,18,12
Wrak,eonar,947,druid,restoration,18,10,8
Ванилане,ashenvale,947,druid,restoration,72,29,43
Triplej,twisting-nether,946,druid,restoration,52,26,26
Альбигоиц,thermaplugg,944,druid,restoration,34,14,20
Zyska,outland,942,druid,restoration,318,145,173
Тиктиктак,fordragon,941,druid,restoration,83,28,55
Erinark,aegwynn,940,druid,restoration,42,10,32
Fajia,frostmane,939,druid,restoration,36,10,26
Buffspencer,ragnaros,936,druid,restoration,107,56,51
Nimèl,argent-dawn,936,druid,restoration,42,18,24
Aliani,trollbane,936,druid,restoration,36,10,26
Tuonq,sylvanas,933,druid,restoration,30,10,20
Fubarmeep,outland,932,druid,restoration,42,22,20
Narawenn,ysondre,932,druid,restoration,78,36,42
Gunqer,burning-legion,931,druid,restoration,42,18,24
Madschinken,malganis,931,druid,restoration,113,40,73
Borne,aggra-português,930,druid,restoration,24,10,14
Krollix,dun-morogh,929,druid,restoration,53,29,24
Revoidý,blackmoore,929,druid,restoration,72,20,52
Loumpa,hyjal,928,druid,restoration,28,16,12
Gribix,kazzak,927,druid,restoration,18,10,8
Ellinaki,neptulon,927,druid,restoration,84,42,42
Борзойрог,soulflayer,927,druid,restoration,66,31,35
Brooklynzoo,ravencrest,926,druid,restoration,16,11,5
Sinestah,ravencrest,926,druid,restoration,79,35,44
Argbjörn,sylvanas,926,druid,restoration,102,45,57
Kl,archimonde,924,druid,restoration,42,10,32
Drrood,stormscale,923,druid,restoration,14,11,3
Arminíus,die-silberne-hand,923,druid,restoration,101,39,62
Greyhøund,archimonde,922,druid,restoration,53,21,32
Luaavin,madmortem,921,druid,restoration,22,11,11
Мирафлоресс,booty-bay,921,druid,restoration,88,39,49
Варсан,howling-fjord,920,druid,restoration,42,19,23
Kkriss,stormscale,918,druid,restoration,22,11,11
Knoohz,twisting-nether,915,druid,restoration,18,10,8
Bunnykiss,kazzak,911,druid,restoration,42,20,22
Hairytree,outland,911,druid,restoration,26,12,14
Yam,thrall,911,druid,restoration,29,10,19
Бехеровка,grom,910,druid,restoration,58,24,34
Feanthur,drakthul,909,druid,restoration,227,112,115
Bigpopp,kazzak,909,druid,restoration,24,10,14
Woodrla,sylvanas,908,druid,restoration,54,30,24
Kirkey,terokkar,907,druid,restoration,106,51,55
Mimesis,argent-dawn,907,druid,restoration,129,50,79
Kárél,drakthul,906,druid,restoration,24,12,12
Kroshka,sylvanas,906,druid,restoration,24,10,14
Alligatordru,kazzak,905,druid,restoration,30,13,17
Nutzlos,azshara,903,druid,restoration,162,60,102
Dablolo,ravencrest,901,druid,restoration,18,11,7
Medreas,argent-dawn,901,druid,restoration,27,13,14
Bearshift,aggra-português,900,druid,restoration,72,28,44
Celéry,silvermoon,896,druid,restoration,16,10,6
Lorucka,die-nachtwache,894,druid,restoration,20,10,10
Gladyon,ravencrest,894,druid,restoration,30,13,17
Ктотоизкчр,gordunni,892,druid,restoration,14,10,4
Moonbloom,defias-brotherhood,891,druid,restoration,17,10,7
Thélon,antonidas,891,druid,restoration,87,44,43
Barbesco,zuljin,891,druid,restoration,130,62,68
Allagís,kul-tiras,890,druid,restoration,43,22,21
Yggdraasil,pozzo-delleternità,889,druid,restoration,30,14,16
Naturberserk,tarren-mill,887,druid,restoration,27,12,15
ßlackßåmßå,zuljin,886,druid,restoration,29,13,16
Missfar,doomhammer,886,druid,restoration,54,21,33
Liloè,onyxia,885,druid,restoration,108,52,56
Ihone,frostmane,883,druid,restoration,26,10,16
Nachtelf,lightbringer,881,druid,restoration,96,36,60
Purple,draenor,880,druid,restoration,48,22,26
Avadakodavra,ravencrest,879,druid,restoration,58,18,40
Arthoriana,thrall,878,druid,restoration,47,10,37
Do,alakir,876,druid,restoration,30,10,20
Pøzy,sanguino,875,druid,restoration,36,19,17
Lyarx,ragnaros,873,druid,restoration,42,20,22
Trol,malganis,871,druid,restoration,33,16,17
Arianator,culte-de-la-rive-noire,870,druid,restoration,101,47,54
Merakir,dun-modr,870,druid,restoration,72,25,47
Spaartaa,blackhand,870,druid,restoration,36,10,26
Элеарсия,gordunni,867,druid,restoration,54,17,37
Macanbre,tarren-mill,866,druid,restoration,78,36,42
Dokus,grim-batol,866,druid,restoration,30,11,19
Panacée,dalaran,864,druid,restoration,42,22,20
Nightmoon,hellscream,864,druid,restoration,18,9,9
Иксвовски,gordunni,864,druid,restoration,18,9,9
Noramun,blackmoore,864,druid,restoration,18,9,9
Pissbomb,ravencrest,864,druid,restoration,18,9,9
Koshai,twisting-nether,864,druid,restoration,18,9,9
Nyllou,culte-de-la-rive-noire,864,druid,restoration,18,9,9
Ponardo,outland,864,druid,restoration,19,9,10
Jàgër,archimonde,864,druid,restoration,24,9,15
Dóodlez,aegwynn,864,druid,restoration,24,9,15
Лабирон,soulflayer,864,druid,restoration,24,9,15
Dëlins,outland,864,druid,restoration,24,9,15
Ëlyt,blackmoore,863,druid,restoration,15,10,5
Kalihaze,silvermoon,863,druid,restoration,18,9,9
Madmanul,draenor,863,druid,restoration,18,9,9
Svanturken,kazzak,863,druid,restoration,18,9,9
Druidtar,burning-steppes,863,druid,restoration,18,9,9
Jtsoigne,ysondre,863,druid,restoration,40,19,21
Casic,echsenkessel,863,druid,restoration,24,9,15
Nellro,blackrock,863,druid,restoration,30,9,21
Zikloe,arathor,862,druid,restoration,18,9,9
Csmedruid,blackrock,862,druid,restoration,18,9,9
Ðaezk,archimonde,862,druid,restoration,18,9,9
Milkyheals,burning-blade,862,druid,restoration,18,9,9
Tigerroll,kazzak,862,druid,restoration,24,9,15
Bîloux,ysondre,861,druid,restoration,12,9,3
Skoony,kazzak,861,druid,restoration,18,9,9
Jugai,archimonde,861,druid,restoration,18,9,9
Qekw,blackhand,861,druid,restoration,18,9,9
Smucka,ragnaros,861,druid,restoration,24,9,15
Rumbusxx,dun-modr,861,druid,restoration,24,9,15
Furía,anubarak,861,druid,restoration,27,10,17
Fknmad,burning-blade,860,druid,restoration,12,9,3
Bâchl,antonidas,860,druid,restoration,24,12,12
Thardruid,stormscale,860,druid,restoration,18,9,9
Dopadruid,ravencrest,860,druid,restoration,18,9,9
Sneedlewøødz,exodar,860,druid,restoration,24,9,15
Helguard,silvermoon,860,druid,restoration,24,9,15
Caturday,terrordar,859,druid,restoration,30,13,17
Helpwss,outland,859,druid,restoration,24,9,15
Elo,dun-morogh,858,druid,restoration,18,9,9
Berkalicious,frostmane,857,druid,restoration,22,10,12
Synoe,la-croisade-écarlate,855,druid,restoration,18,9,9
Muffinjump,outland,855,druid,restoration,24,9,15
Bartoluca,twisting-nether,855,druid,restoration,52,11,41
Aivy,boulderfist,854,druid,restoration,37,17,20
Ballosh,hyjal,854,druid,restoration,24,9,15
Maylika,hyjal,854,druid,restoration,70,22,48
Nious,kazzak,853,druid,restoration,24,9,15
Rexadria,blackrock,853,druid,restoration,30,9,21
Tightaníc,sylvanas,852,druid,restoration,18,9,9
Djclonex,archimonde,851,druid,restoration,52,23,29
Инуараши,ashenvale,851,druid,restoration,38,14,24
Baineaordur,krasus,850,druid,restoration,18,9,9
Eriaeda,stormscale,850,druid,restoration,24,9,15
Relay,ragnaros,847,druid,restoration,24,12,12
Çhuucky,khaz-modan,847,druid,restoration,103,33,70
Faelune,argent-dawn,846,druid,restoration,18,9,9
Mirreska,silvermoon,846,druid,restoration,137,51,86
Друоид,howling-fjord,844,druid,restoration,30,9,21
Chujogrzmot,kazzak,843,druid,restoration,23,9,14
Speedlebee,malganis,841,druid,restoration,18,9,9
Seabath,kirin-tor,841,druid,restoration,24,9,15
Kaydjan,elune,839,druid,restoration,18,10,8
Pitsas,silvermoon,839,druid,restoration,300,140,160
Drutoomight,tarren-mill,838,druid,restoration,24,9,15
Skilloxus,gilneas,836,druid,restoration,147,54,93
Clearwipe,thunderhorn,835,druid,restoration,24,9,15
Shokazu,blackmoore,832,druid,restoration,165,75,90
Robeala,twisting-nether,832,druid,restoration,42,17,25
Ганаа,howling-fjord,832,druid,restoration,40,15,25
Махх,howling-fjord,832,druid,restoration,24,9,15
Rááy,blackrock,831,druid,restoration,17,9,8
Ånåphorå,archimonde,830,druid,restoration,17,9,8
Braxxiloa,nazjatar,830,druid,restoration,18,9,9
Roséa,ravencrest,828,druid,restoration,24,9,15
Nube,alonsus,826,druid,restoration,66,25,41
Nightshíft,onyxia,825,druid,restoration,28,9,19
Ruap,blackmoore,822,druid,restoration,20,10,10
Sveoris,malganis,821,druid,restoration,16,10,6
Ratskrone,alleria,821,druid,restoration,184,84,100
Oyoyo,kaelthas,819,druid,restoration,20,10,10
Metaboss,ravencrest,817,druid,restoration,71,24,47
Karvapersé,argent-dawn,816,druid,restoration,24,10,14
Sweetanglesz,khadgar,816,druid,restoration,54,12,42
Akindudu,twisting-nether,815,druid,restoration,15,9,6
Blacksnarl,kazzak,814,druid,restoration,573,263,310
Shakshun,draenor,813,druid,restoration,30,11,19
Morphûs,kaelthas,808,druid,restoration,63,25,38
Khalynn,eredar,808,druid,restoration,86,28,58
Omegaheals,scarshield-legion,807,druid,restoration,54,24,30
Droodfist,khaz-modan,805,druid,restoration,72,32,40
Bärførceøne,blackrock,805,druid,restoration,36,14,22
Leyea,ravencrest,800,druid,restoration,41,12,29
Kiadorn,stormreaver,799,druid,restoration,22,9,13
Healbrah,burning-blade,799,druid,restoration,90,23,67
Trytargetme,outland,796,druid,restoration,17,9,8
Detlaff,draenor,795,druid,restoration,28,9,19
Амильфийка,blackscar,794,druid,restoration,21,10,11
Corrosion,outland,787,druid,restoration,70,25,45
Котанет,gordunni,786,druid,restoration,48,16,32
Sacmycløne,draenor,786,druid,restoration,35,10,25
Bidodici,nemesis,783,druid,restoration,135,57,78
Buufu,kazzak,780,druid,restoration,19,9,10
Lyndruid,sylvanas,774,druid,restoration,138,51,87
Arrock,malfurion,773,druid,restoration,24,10,14
Kerataas,lightnings-blade,769,druid,restoration,35,14,21
Stinka,ravencrest,768,druid,restoration,12,8,4
Fusetòn,tarren-mill,768,druid,restoration,12,8,4
Jellyxdd,silvermoon,768,druid,restoration,12,8,4
Acxaryl,stormscale,768,druid,restoration,12,8,4
Dablol,draenor,768,druid,restoration,12,8,4
Målukah,archimonde,768,druid,restoration,12,8,4
Catdoge,thrall,768,druid,restoration,12,8,4
Kaod,outland,768,druid,restoration,35,17,18
Huebbi,blackmoore,768,druid,restoration,18,8,10
Murlwywy,blackmoore,768,druid,restoration,18,8,10
Arrvid,sylvanas,768,druid,restoration,18,8,10
Xanxiety,outland,768,druid,restoration,18,8,10
Skysrex,outland,768,druid,restoration,18,8,10
Jin,the-venture-co,768,druid,restoration,18,8,10
Neverfall,aegwynn,768,druid,restoration,24,10,14
Ajaÿ,sylvanas,768,druid,restoration,24,8,16
Taylrswftmnd,twisting-nether,767,druid,restoration,12,8,4
Piggo,tarren-mill,767,druid,restoration,12,8,4
Predattor,grim-batol,767,druid,restoration,20,10,10
Elyrai,drakthul,767,druid,restoration,18,8,10
Lavague,hyjal,767,druid,restoration,18,8,10
Hirodompa,archimonde,767,druid,restoration,18,8,10
Птицун,gordunni,767,druid,restoration,18,8,10
Brindefolie,archimonde,767,druid,restoration,18,8,10
Quasarx,ravencrest,767,druid,restoration,18,8,10
Vaacku,stormreaver,767,druid,restoration,18,8,10
Liunara,nemesis,767,druid,restoration,18,8,10
Adminble,alakir,767,druid,restoration,72,28,44
Seekx,silvermoon,766,druid,restoration,12,8,4
Thespanker,aggramar,766,druid,restoration,15,9,6
Ghxsty,silvermoon,766,druid,restoration,18,8,10
Uncleruccus,outland,766,druid,restoration,24,8,16
Skrith,stormscale,766,druid,restoration,24,8,16
Джунали,howling-fjord,766,druid,restoration,24,8,16
Мерлинз,lich-king,765,druid,restoration,12,8,4
Razudru,nerathor,765,druid,restoration,15,8,7
Crydotcom,aegwynn,765,druid,restoration,18,8,10
Biebear,sylvanas,765,druid,restoration,30,8,22
Wísh,stormscale,764,druid,restoration,18,8,10
Druul,frostwolf,764,druid,restoration,18,8,10
Pewpewflap,kazzak,764,druid,restoration,18,8,10
Speeddemonx,tarren-mill,764,druid,restoration,19,8,11
Jahmandudu,ragnaros,764,druid,restoration,24,8,16
Furbyz,kazzak,763,druid,restoration,18,8,10
Daluria,malganis,763,druid,restoration,18,8,10
Muju,stormscale,762,druid,restoration,70,30,40
Jendiiss,drakthul,762,druid,restoration,47,16,31
Boompjeh,chamber-of-aspects,761,druid,restoration,12,8,4
Celegorn,burning-legion,760,druid,restoration,12,8,4
Ðrake,eredar,759,druid,restoration,18,8,10
Зервес,gordunni,759,druid,restoration,30,8,22
Kkthanks,twisting-nether,757,druid,restoration,12,8,4
Semiflora,silvermoon,757,druid,restoration,24,8,16
Karmacowboy,ravencrest,756,druid,restoration,24,8,16
Mandy,spinebreaker,755,druid,restoration,18,8,10
Houwalia,archimonde,754,druid,restoration,60,25,35
Vestor,ravencrest,754,druid,restoration,24,8,16
Hootymactoot,magtheridon,752,druid,restoration,12,8,4
Ostara,blackmoore,751,druid,restoration,24,8,16
Norrma,silvermoon,751,druid,restoration,24,8,16
Oceanvibes,tarren-mill,750,druid,restoration,23,8,15
Creadora,ravencrest,750,druid,restoration,30,8,22
Malfis,the-maelstrom,748,druid,restoration,18,8,10
Wildblu,nemesis,748,druid,restoration,24,8,16
Foyboy,ravencrest,747,druid,restoration,62,13,49
Kiwara,malganis,745,druid,restoration,12,8,4
Frostfox,ghostlands,741,druid,restoration,22,9,13
Haveacoffee,stormscale,741,druid,restoration,55,18,37
Skraks,ysondre,739,druid,restoration,30,8,22
Krayzz,tarren-mill,736,druid,restoration,28,8,20
Nelfurion,twisting-nether,734,druid,restoration,20,9,11
Ivysun,auchindoun,734,druid,restoration,20,9,11
Saxondale,aszune,729,druid,restoration,18,8,10
Mjutun,outland,727,druid,restoration,20,9,11
Soezzdrood,archimonde,727,druid,restoration,19,8,11
Лордсенка,eversong,721,druid,restoration,18,8,10
Акетчи,howling-fjord,718,druid,restoration,11,8,3
Unt,emerald-dream,718,druid,restoration,17,8,9
Catman,eredar,717,druid,restoration,15,9,6
Prettysavage,blackhand,714,druid,restoration,31,9,22
Тремакулан,gordunni,711,druid,restoration,18,9,9
Chainbrake,sylvanas,707,druid,restoration,27,11,16
Rbosse,aszune,702,druid,restoration,14,8,6
Avemonthemus,silvermoon,701,druid,restoration,23,9,14
Sylocin,earthen-ring,699,druid,restoration,16,8,8
Найтед,gordunni,678,druid,restoration,17,10,7
Fòggie,silvermoon,675,druid,restoration,28,9,19
Магараганага,azuregos,675,druid,restoration,25,8,17
Drblackus,draenor,672,druid,restoration,9,8,1
Maiverdr,ravencrest,672,druid,restoration,12,7,5
Ekexd,grim-batol,672,druid,restoration,12,7,5
Jakeffsake,stormscale,672,druid,restoration,12,7,5
Bll,defias-brotherhood,672,druid,restoration,12,7,5
Мостурбаза,soulflayer,672,druid,restoration,12,7,5
Buckxxz,aegwynn,672,druid,restoration,12,7,5
Graouphro,hyjal,672,druid,restoration,12,7,5
Krewèlla,emerald-dream,672,druid,restoration,12,7,5
Jacksonh,blackmoore,672,druid,restoration,12,7,5
Zarune,sanguino,672,druid,restoration,12,7,5
Vertígo,ravencrest,672,druid,restoration,12,7,5
Astodruid,defias-brotherhood,672,druid,restoration,12,7,5
Антиблэк,soulflayer,672,druid,restoration,12,7,5
Mojakravicaa,stormscale,672,druid,restoration,12,7,5
Luuxiå,archimonde,672,druid,restoration,12,7,5
Nstt,dun-modr,672,druid,restoration,12,7,5
Icecöld,silvermoon,672,druid,restoration,12,7,5
Сумрачнный,gordunni,672,druid,restoration,12,7,5
Riddlerdruid,aegwynn,672,druid,restoration,12,7,5
Zhényá,ravencrest,672,druid,restoration,16,8,8
Eduthecat,dun-modr,672,druid,restoration,18,7,11
Juhato,outland,672,druid,restoration,18,7,11
Sonyk,drakthul,672,druid,restoration,18,7,11
Xanánioma,ravencrest,672,druid,restoration,18,7,11
Buzzlîghtyea,outland,672,druid,restoration,18,7,11
Bgwell,archimonde,672,druid,restoration,18,7,11
Mommymìlkers,archimonde,672,druid,restoration,18,7,11
Ldoctorl,ravencrest,672,druid,restoration,18,7,11
Djalexdruid,kazzak,672,druid,restoration,18,7,11
Darkyblood,archimonde,672,druid,restoration,18,7,11
Higuys,the-maelstrom,672,druid,restoration,18,7,11
Vivere,frostmane,672,druid,restoration,23,7,16
Стомпбр,gordunni,672,druid,restoration,24,7,17
Coineagan,frostmourne,672,druid,restoration,24,7,17
Stormendru,kazzak,672,druid,restoration,24,7,17
Kluggerz,silvermoon,672,druid,restoration,24,7,17
Inochi,ravencrest,672,druid,restoration,24,7,17
Sarxidor,defias-brotherhood,672,druid,restoration,36,7,29
Гимодера,gordunni,671,druid,restoration,12,7,5
Darktigrou,archimonde,671,druid,restoration,12,7,5
Мамамышь,gordunni,671,druid,restoration,12,7,5
Kladdkaka,earthen-ring,671,druid,restoration,12,7,5
Shackari,ravencrest,671,druid,restoration,12,7,5
Zatarmix,sylvanas,671,druid,restoration,12,7,5
Thyana,blackrock,671,druid,restoration,12,7,5
Нортикус,soulflayer,671,druid,restoration,12,7,5
Nicotic,kazzak,671,druid,restoration,12,7,5
Hristiana,outland,671,druid,restoration,12,7,5
Badballance,outland,671,druid,restoration,12,7,5
Pomdöner,echsenkessel,671,druid,restoration,12,7,5
Rosskemp,tarren-mill,671,druid,restoration,18,7,11
Zoura,ysondre,671,druid,restoration,18,7,11
Møonknight,ravencrest,671,druid,restoration,18,7,11
Bayerant,burning-legion,671,druid,restoration,24,7,17
Шеданна,gordunni,671,druid,restoration,24,7,17
Gstahr,taerar,671,druid,restoration,24,7,17
Azumera,silvermoon,670,druid,restoration,12,7,5
Behemothe,dalaran,670,druid,restoration,12,7,5
Greenberry,eonar,670,druid,restoration,12,7,5
Valoryon,outland,670,druid,restoration,12,7,5
Blooming,ravencrest,670,druid,restoration,12,7,5
Cerius,drakthul,670,druid,restoration,12,7,5
Alvee,ravencrest,670,druid,restoration,14,8,6
Imissclone,outland,670,druid,restoration,18,7,11
Skeolicious,hyjal,670,druid,restoration,18,7,11
Gotyoufam,tarren-mill,670,druid,restoration,21,8,13
Flomaster,stormscale,670,druid,restoration,24,7,17
Naicy,khaz-modan,670,druid,restoration,30,7,23
Nortii,drakthul,669,druid,restoration,12,7,5
Daarty,tarren-mill,669,druid,restoration,18,7,11
Xavoths,outland,669,druid,restoration,18,7,11
Melcharis,frostwolf,669,druid,restoration,18,7,11
Azenoir,ravencrest,669,druid,restoration,18,7,11
Derie,nazjatar,669,druid,restoration,18,7,11
Släshes,stormreaver,669,druid,restoration,18,7,11
Gailiûga,kazzak,669,druid,restoration,25,8,17
Fåtå,archimonde,669,druid,restoration,36,7,29
Druidbox,ravencrest,668,druid,restoration,12,7,5
Alfrëd,quelthalas,668,druid,restoration,18,7,11
Seasexsune,antonidas,668,druid,restoration,18,7,11
Belucky,outland,668,druid,restoration,24,7,17
Coínlíp,drakthul,668,druid,restoration,24,7,17
Scopar,aegwynn,668,druid,restoration,36,7,29
Thaeldres,argent-dawn,667,druid,restoration,18,7,11
Lùxs,silvermoon,667,druid,restoration,18,7,11
Myos,conseil-des-ombres,667,druid,restoration,18,7,11
Druidul,sylvanas,666,druid,restoration,12,7,5
Acalien,ambossar,666,druid,restoration,24,7,17
Bepanten,azshara,665,druid,restoration,18,7,11
Syre,pozzo-delleternità,664,druid,restoration,12,7,5
Bloomzy,outland,662,druid,restoration,18,7,11
Druiddamage,the-maelstrom,660,druid,restoration,18,7,11
Rukashi,die-aldor,659,druid,restoration,12,7,5
Raktav,kazzak,659,druid,restoration,12,7,5
Kinisha,dun-morogh,659,druid,restoration,18,7,11
Сутулоерыгло,howling-fjord,658,druid,restoration,20,7,13
Бацна,gordunni,656,druid,restoration,24,7,17
Florizar,elune,650,druid,restoration,18,7,11
Voodoodrood,draenor,645,druid,restoration,36,7,29
Lyvaley,dun-modr,629,druid,restoration,28,7,21
Унаген,howling-fjord,624,druid,restoration,15,8,7
Kùrámágødx,ravencrest,624,druid,restoration,17,7,10
Mymoms,stormscale,624,druid,restoration,21,7,14
Нюхнимедведя,blackscar,623,druid,restoration,11,7,4
Hotmenow,antonidas,622,druid,restoration,11,7,4
Fatdroodz,draenor,622,druid,restoration,30,8,22
Tmhaikyu,blackhand,621,druid,restoration,21,8,13
Justdmg,ravencrest,618,druid,restoration,13,8,5
Whitemaine,aggramar,615,druid,restoration,14,8,6
Kapidrooqt,suramar,615,druid,restoration,15,8,7
ßïgßúll,twisting-nether,614,druid,restoration,19,8,11
Shipmaster,ravencrest,613,druid,restoration,20,8,12
Vellusdruid,burning-legion,607,druid,restoration,14,7,7
Метафрея,gordunni,605,druid,restoration,11,7,4
Horkz,frostmourne,605,druid,restoration,17,7,10
Crazywild,archimonde,596,druid,restoration,18,8,10
Moonwrath,hyjal,591,druid,restoration,19,7,12
Abercrombx,thrall,576,druid,restoration,6,6,0
Draxedin,kazzak,576,druid,restoration,6,6,0
Mccarthy,archimonde,576,druid,restoration,12,6,6
Jincksdru,ravencrest,576,druid,restoration,12,6,6
Zaelithree,archimonde,576,druid,restoration,12,6,6
Freddyßear,draenor,576,druid,restoration,12,6,6
Pogidruid,ragnaros,576,druid,restoration,12,6,6
Hecatos,hyjal,576,druid,restoration,12,6,6
Tashani,blackhand,576,druid,restoration,12,6,6
Bilmo,ragnaros,576,druid,restoration,12,6,6
Tafsiri,stormscale,576,druid,restoration,12,6,6
Ferraribob,ravencrest,576,druid,restoration,12,6,6
Biggttgothgf,doomhammer,576,druid,restoration,12,6,6
Sakkosækk,ravencrest,576,druid,restoration,12,6,6
Thilethyl,aggra-português,576,druid,restoration,12,6,6
Jhiun,ragnaros,576,druid,restoration,12,6,6
Lolimadudu,silvermoon,576,druid,restoration,12,6,6
Nivcat,kazzak,576,druid,restoration,12,6,6
Shumamakan,nemesis,576,druid,restoration,12,6,6
Vacuumcleanr,ravencrest,576,druid,restoration,12,6,6
Cyriaan,eredar,576,druid,restoration,12,6,6
Bøømerswågxx,twisting-nether,576,druid,restoration,12,6,6
Telpha,onyxia,576,druid,restoration,12,6,6
Theforest,stormscale,576,druid,restoration,12,6,6
Sálty,aegwynn,576,druid,restoration,12,6,6
Outformpoly,ravencrest,576,druid,restoration,12,6,6
Vindruva,ravencrest,576,druid,restoration,12,6,6
Daurex,stormreaver,576,druid,restoration,12,6,6
Tinkérbell,blackmoore,576,druid,restoration,12,6,6
Rycnd,tarren-mill,576,druid,restoration,12,6,6
Piñaclo,archimonde,576,druid,restoration,12,6,6
Ravnac,aegwynn,576,druid,restoration,12,6,6
Dijii,the-maelstrom,576,druid,restoration,13,6,7
Worsteux,blackrock,576,druid,restoration,14,6,8
Âurum,silvermoon,576,druid,restoration,14,6,8
Ãmba,blackrock,576,druid,restoration,15,6,9
Randomnup,sanguino,576,druid,restoration,18,6,12
Deazydrood,blackrock,576,druid,restoration,18,6,12
Critdruid,kazzak,576,druid,restoration,18,6,12
Skuhlxz,thrall,576,druid,restoration,18,6,12
Neverpanic,stormscale,576,druid,restoration,18,6,12
Tjillevippen,tarren-mill,576,druid,restoration,18,6,12
Suevlaki,ragnaros,576,druid,restoration,18,6,12
Pölkky,argent-dawn,576,druid,restoration,18,6,12
Марголав,gordunni,575,druid,restoration,12,6,6
Jinxaran,culte-de-la-rive-noire,575,druid,restoration,12,6,6
Lucidor,frostmane,575,druid,restoration,12,6,6
Thiudaish,tarren-mill,575,druid,restoration,12,6,6
Lanmìe,malganis,575,druid,restoration,12,6,6
Fordirion,ravencrest,575,druid,restoration,12,6,6
Mistgone,hyjal,575,druid,restoration,12,6,6
Берды,gordunni,575,druid,restoration,12,6,6
Scarrymonsta,outland,575,druid,restoration,12,6,6
Bullwyse,malganis,575,druid,restoration,12,6,6
Garbloom,silvermoon,575,druid,restoration,12,6,6
Iamsocute,silvermoon,575,druid,restoration,12,6,6
Wykked,outland,575,druid,restoration,12,6,6
Ænea,aegwynn,575,druid,restoration,15,7,8
Jasof,sylvanas,575,druid,restoration,15,7,8
Chintawaz,archimonde,575,druid,restoration,16,7,9
Mascraxx,earthen-ring,575,druid,restoration,18,6,12
Sóratas,blackhand,575,druid,restoration,18,6,12
Dorange,stormscale,575,druid,restoration,18,6,12
Storfjåset,stormscale,575,druid,restoration,18,6,12
Fiq,silvermoon,575,druid,restoration,18,6,12
Séifér,auchindoun,575,druid,restoration,18,6,12
Ilovejager,archimonde,575,druid,restoration,18,6,12
Sartipus,draenor,575,druid,restoration,18,6,12
Eladhria,arakarahm,575,druid,restoration,18,6,12
Pouletqt,archimonde,575,druid,restoration,18,6,12
Drbark,blackmoore,575,druid,restoration,18,6,12
Ipiridian,kargath,575,druid,restoration,18,6,12
Emidrem,ravencrest,575,druid,restoration,22,7,15
Silverdice,thrall,574,druid,restoration,12,6,6
Tsihsel,ravencrest,574,druid,restoration,12,6,6
Paskixoxo,ravencrest,574,druid,restoration,12,6,6
Оксинаген,ashenvale,574,druid,restoration,12,6,6
Spritzer,tarren-mill,574,druid,restoration,12,6,6
Rìften,stormscale,574,druid,restoration,18,6,12
Monstret,dragonblight,574,druid,restoration,18,6,12
Goatmeal,draenor,574,druid,restoration,24,6,18
Magnusson,shadowsong,574,druid,restoration,24,6,18
Oaky,alonsus,573,druid,restoration,12,6,6
Hallibell,frostmane,573,druid,restoration,18,6,12
Swo,emeriss,573,druid,restoration,24,6,18
Ragdru,twisting-nether,573,druid,restoration,24,6,18
Shadówglen,defias-brotherhood,573,druid,restoration,30,6,24
Rouvikonas,silvermoon,572,druid,restoration,12,6,6
Deb,uldaman,572,druid,restoration,12,6,6
Taskingoman,twisting-nether,572,druid,restoration,12,6,6
Ковролин,gordunni,572,druid,restoration,22,6,16
Aspegic,grim-batol,572,druid,restoration,30,6,24
Gargasina,colinas-pardas,571,druid,restoration,16,9,7
Wildsoul,hyjal,571,druid,restoration,12,6,6
Diigga,eredar,571,druid,restoration,18,6,12
Neridris,argent-dawn,570,druid,restoration,12,6,6
Pussn,twisting-nether,570,druid,restoration,18,6,12
Dùrban,archimonde,569,druid,restoration,12,6,6
Uwina,silvermoon,569,druid,restoration,12,6,6
Эгерме24FA33,howling-fjord,569,druid,restoration,12,6,6
Barki,silvermoon,569,druid,restoration,18,6,12
Essya,earthen-ring,569,druid,restoration,31,7,24
Olekh,nemesis,568,druid,restoration,12,6,6
Walkao,tarren-mill,566,druid,restoration,12,6,6
Moonhenge,neptulon,565,druid,restoration,18,6,12
Wellsie,blackmoore,565,druid,restoration,18,6,12
Jusar,hyjal,564,druid,restoration,12,6,6
Xtrakul,bloodfeather,564,druid,restoration,15,7,8
Aglae,sylvanas,562,druid,restoration,30,6,24
Alatie,sylvanas,558,druid,restoration,21,6,15
Rakhajan,twisting-nether,553,druid,restoration,35,6,29
Fanso,burning-legion,543,druid,restoration,18,7,11
Vlookup,tarren-mill,543,druid,restoration,17,6,11
Siahra,khaz-modan,534,druid,restoration,48,6,42
Deliveru,outland,527,druid,restoration,17,6,11
Orgazmo,archimonde,526,druid,restoration,17,6,11
Noodledru,tarren-mill,526,druid,restoration,21,6,15
Laserlars,blackrock,522,druid,restoration,13,7,6
Diazepam,draenor,519,druid,restoration,21,7,14
Хуфра,greymane,514,druid,restoration,31,9,22
Sethdr,hyjal,511,druid,restoration,20,6,14
Coldyxzqt,blackrock,480,druid,restoration,6,5,1
Miskydruid,kazzak,480,druid,restoration,6,5,1
Bobthebull,ragnaros,480,druid,restoration,6,5,1
Bembz,twisting-nether,480,druid,restoration,6,5,1
Quadpulse,ravencrest,480,druid,restoration,6,5,1
Feinrippjoe,blackhand,480,druid,restoration,6,5,1
Мегабамбук,soulflayer,480,druid,restoration,6,5,1
Celetik,archimonde,480,druid,restoration,6,5,1
Umbutsebada,ravencrest,480,druid,restoration,12,5,7
Druidicchi,stormscale,480,druid,restoration,12,5,7
Crysís,sanguino,480,druid,restoration,12,5,7
Spoilers,amanthul,480,druid,restoration,12,5,7
Cheddar,tyrande,480,druid,restoration,12,5,7
Horstyolo,blackrock,480,druid,restoration,12,5,7
Thatzdmg,blackmoore,480,druid,restoration,12,5,7
Speegle,kazzak,480,druid,restoration,12,5,7
Feyzode,ysondre,480,druid,restoration,12,5,7
Adyllon,die-aldor,480,druid,restoration,12,5,7
Asude,outland,480,druid,restoration,12,5,7
Jebaitor,tarren-mill,480,druid,restoration,12,5,7
Druni,blackrock,480,druid,restoration,12,5,7
Búse,twisting-nether,480,druid,restoration,12,5,7
Marmotini,the-maelstrom,480,druid,restoration,12,5,7
Trashgamex,eredar,480,druid,restoration,12,5,7
Ppr,stormscale,480,druid,restoration,12,5,7
Daisyx,eredar,480,druid,restoration,12,5,7
Beerform,ravencrest,480,druid,restoration,12,5,7
Trollingt,draenor,480,druid,restoration,12,5,7
Demncow,twisting-nether,480,druid,restoration,12,5,7
Isaacpewton,antonidas,480,druid,restoration,12,5,7
Bloomitizé,ravencrest,480,druid,restoration,12,5,7
Аронэл,blackscar,480,druid,restoration,12,5,7
Napsta,sylvanas,480,druid,restoration,12,5,7
Skirr,kelthuzad,480,druid,restoration,12,5,7
Fjry,draenor,480,druid,restoration,12,5,7
Tokamon,blackrock,480,druid,restoration,12,5,7
Solonely,argent-dawn,480,druid,restoration,12,5,7
Димадубощит,blackscar,480,druid,restoration,12,5,7
Xenrakh,blackhand,480,druid,restoration,12,5,7
Neshalry,blackhand,480,druid,restoration,13,5,8
Emersyn,ragnaros,480,druid,restoration,17,5,12
Subu,drakthul,480,druid,restoration,18,5,13
Nubsi,aegwynn,480,druid,restoration,18,5,13
Pomjo,archimonde,480,druid,restoration,18,5,13
Bigbaddream,stormscale,480,druid,restoration,18,5,13
Erelieva,silvermoon,480,druid,restoration,18,5,13
Øxxy,ravencrest,480,druid,restoration,18,5,13
Zladium,laughing-skull,480,druid,restoration,18,5,13
Druma,stormscale,480,druid,restoration,18,5,13
Restaidpvs,wildhammer,480,druid,restoration,18,5,13
Mealann,drakthul,480,druid,restoration,18,5,13
Wikdruid,ravencrest,480,druid,restoration,18,5,13
Shapéshifter,argent-dawn,480,druid,restoration,18,5,13
Músclébéach,silvermoon,480,druid,restoration,18,5,13
Xkirtach,dun-modr,480,druid,restoration,24,5,19
Ashiothie,argent-dawn,479,druid,restoration,6,5,1
Ñãvy,archimonde,479,druid,restoration,6,5,1
Клиптыч,soulflayer,479,druid,restoration,6,5,1
Rocknrollà,doomhammer,479,druid,restoration,6,5,1
Nrathal,doomhammer,479,druid,restoration,12,5,7
Shadowdury,frostwolf,479,druid,restoration,12,5,7
Dáxó,thrall,479,druid,restoration,12,5,7
Epidruid,stormrage,479,druid,restoration,12,5,7
Xaeerow,archimonde,479,druid,restoration,12,5,7
Wozay,archimonde,479,druid,restoration,12,5,7
Bhorumir,colinas-pardas,479,druid,restoration,12,5,7
Skatten,the-maelstrom,479,druid,restoration,12,5,7
Greenthûmbs,sylvanas,479,druid,restoration,12,5,7
Inspira,teldrassil,479,druid,restoration,12,5,7
Delphina,dun-modr,479,druid,restoration,12,5,7
Qb,blackrock,479,druid,restoration,12,5,7
Sieur,archimonde,479,druid,restoration,12,5,7
Айшиш,gordunni,479,druid,restoration,12,5,7
Quiksx,blackrock,479,druid,restoration,13,5,8
Drix,frostwolf,479,druid,restoration,15,5,10
Akínos,tarren-mill,479,druid,restoration,18,5,13
Jemyd,aegwynn,479,druid,restoration,24,5,19
Absolutsprit,kazzak,479,druid,restoration,30,5,25
Capacious,drakthul,478,druid,restoration,6,5,1
Multihoopsi,ysondre,478,druid,restoration,6,5,1
Шмыгадру,eversong,478,druid,restoration,12,5,7
Kuivea,the-maelstrom,478,druid,restoration,18,5,13
Hurutuk,ysondre,478,druid,restoration,24,5,19
Yodox,kazzak,477,druid,restoration,6,5,1
Kodobursto,stormscale,477,druid,restoration,12,5,7
Wybsalt,dragonblight,477,druid,restoration,18,5,13
Sýrês,malganis,475,druid,restoration,12,5,7
Kufcuf,eredar,475,druid,restoration,12,5,7
Томография,howling-fjord,475,druid,restoration,12,5,7
Aelly,stormreaver,475,druid,restoration,12,5,7
Жекабиг,soulflayer,475,druid,restoration,20,5,15
Saltilac,ragnaros,474,druid,restoration,30,5,25
Prowlinger,silvermoon,473,druid,restoration,12,5,7
Dudu,sinstralis,473,druid,restoration,12,5,7
Retroix,nefarian,473,druid,restoration,19,5,14
Wolfheart,norgannon,472,druid,restoration,12,5,7
Minimuuh,blackhand,472,druid,restoration,12,5,7
Urgrull,baelgun,472,druid,restoration,18,5,13
Аллишана,howling-fjord,465,druid,restoration,25,8,17
Iamtheone,ragnaros,463,druid,restoration,17,5,12
Druidicmorr,sylvanas,447,druid,restoration,10,5,5
Happyhippo,arathor,447,druid,restoration,17,5,12
Dhomaris,emerald-dream,447,druid,restoration,17,5,12
Ambracer,silvermoon,444,druid,restoration,8,6,2
Sumecßeast,aegwynn,432,druid,restoration,15,6,9
Исмалат,howling-fjord,429,druid,restoration,11,5,6
Pfandmalle,blackrock,426,druid,restoration,14,6,8
Nythielle,argent-dawn,426,druid,restoration,20,6,14
Avilary,tarren-mill,425,druid,restoration,20,6,14
Rumjin,burning-blade,419,druid,restoration,34,7,27
Kotkacy,silvermoon,416,druid,restoration,10,5,5
Meridus,thrall,400,druid,restoration,13,5,8
Vineguhl,thrall,399,druid,restoration,5,5,0
Shegal,uldum,384,druid,restoration,6,4,2
Atí,the-maelstrom,384,druid,restoration,6,4,2
Cykablyaster,defias-brotherhood,384,druid,restoration,6,4,2
Hwrén,stormscale,384,druid,restoration,6,4,2
Балаклаваа,soulflayer,384,druid,restoration,6,4,2
Zuldram,uldaman,384,druid,restoration,6,4,2
Mentaldead,tarren-mill,384,druid,restoration,6,4,2
Juicypus,ragnaros,384,druid,restoration,6,4,2
Koala,temple-noir,384,druid,restoration,6,4,2
Neuroz,ravencrest,384,druid,restoration,6,4,2
Сокдобрый,gordunni,384,druid,restoration,6,4,2
Lerralol,eredar,384,druid,restoration,6,4,2
Zeroclones,the-maelstrom,384,druid,restoration,6,4,2
Bombiix,sanguino,384,druid,restoration,6,4,2
Theeix,twisting-nether,384,druid,restoration,6,4,2
Xandersito,sanguino,384,druid,restoration,6,4,2
Arcaníer,draenor,384,druid,restoration,6,4,2
Híraad,blackmoore,384,druid,restoration,6,4,2
Sensisdruid,blackmoore,384,druid,restoration,6,4,2
Divicîacøs,ysondre,384,druid,restoration,6,4,2
Jimmyjam,archimonde,384,druid,restoration,6,4,2
Claptastic,magtheridon,384,druid,restoration,6,4,2
Heathen,defias-brotherhood,384,druid,restoration,6,4,2
Феразинария,gordunni,384,druid,restoration,6,4,2
Notmyfriend,sylvanas,384,druid,restoration,6,4,2
Bullbash,twisting-nether,384,druid,restoration,6,4,2
Cyclonebot,kazzak,384,druid,restoration,6,4,2
Xanguinary,outland,384,druid,restoration,6,4,2
Bearmeister,kazzak,384,druid,restoration,6,4,2
Àrkange,hyjal,384,druid,restoration,6,4,2
Druidka,grim-batol,384,druid,restoration,6,4,2
Tormentedlol,outland,384,druid,restoration,6,4,2
Fadâ,archimonde,384,druid,restoration,6,4,2
Tlxrdlx,archimonde,384,druid,restoration,6,4,2
Maltøx,archimonde,384,druid,restoration,6,4,2
Starlites,silvermoon,384,druid,restoration,6,4,2
Mikba,blackrock,384,druid,restoration,10,4,6
Chelsealeart,frostmane,384,druid,restoration,15,5,10
Zivela,blackrock,384,druid,restoration,12,4,8
Toffyfee,anetheron,384,druid,restoration,12,4,8
Ravenfel,argent-dawn,384,druid,restoration,12,4,8
Curtainscall,kazzak,384,druid,restoration,12,4,8
Saadxd,sanguino,384,druid,restoration,12,4,8
Jabizz,azjolnerub,384,druid,restoration,12,4,8
Celtimi,antonidas,384,druid,restoration,12,4,8
Takuhmi,outland,384,druid,restoration,12,4,8
Ðon,nemesis,384,druid,restoration,12,4,8
Hûibûh,eredar,384,druid,restoration,12,4,8
Exilliá,twisting-nether,384,druid,restoration,12,4,8
Иная,grom,384,druid,restoration,12,4,8
Pharaah,stormscale,384,druid,restoration,12,4,8
Сулинея,blackscar,384,druid,restoration,12,4,8
Hotundwech,blackrock,384,druid,restoration,12,4,8
Randomhot,antonidas,384,druid,restoration,12,4,8
Meowu,twisting-nether,384,druid,restoration,12,4,8
Daleen,silvermoon,384,druid,restoration,12,4,8
Wheezygamer,aegwynn,384,druid,restoration,12,4,8
Farmmygold,dun-modr,384,druid,restoration,12,4,8
Northstarx,kazzak,384,druid,restoration,12,4,8
Flewks,silvermoon,384,druid,restoration,12,4,8
Baraforet,archimonde,384,druid,restoration,12,4,8
Pedra,zuljin,384,druid,restoration,12,4,8
Youdog,kazzak,384,druid,restoration,12,4,8
Найадра,gordunni,384,druid,restoration,12,4,8
Koniny,drakthul,384,druid,restoration,12,4,8
Muushu,aegwynn,384,druid,restoration,12,4,8
Wakefields,dun-modr,384,druid,restoration,12,4,8
Jöggel,perenolde,384,druid,restoration,12,4,8
Irrlycht,blackrock,384,druid,restoration,12,4,8
Monfroar,archimonde,384,druid,restoration,12,4,8
Àlec,silvermoon,384,druid,restoration,12,4,8
Kobra,twilights-hammer,384,druid,restoration,12,4,8
Swiftlife,blackrock,384,druid,restoration,12,4,8
Sìmbano,eredar,384,druid,restoration,12,4,8
Sqoopy,tarren-mill,384,druid,restoration,12,4,8
Wurzeldor,ravencrest,384,druid,restoration,12,4,8
Shapeshiptur,argent-dawn,384,druid,restoration,12,4,8
Astrobazooka,stormreaver,384,druid,restoration,12,4,8
Holdmabeer,blackmoore,384,druid,restoration,12,4,8
Bobromila,burning-blade,384,druid,restoration,12,4,8
Crazydos,tarren-mill,384,druid,restoration,12,4,8
Biglet,tarren-mill,384,druid,restoration,12,4,8
Cumulisama,sylvanas,384,druid,restoration,12,4,8
Litany,drakthul,384,druid,restoration,13,4,9
Moolß,uldaman,384,druid,restoration,18,4,14
Grüezi,sylvanas,384,druid,restoration,18,4,14
Feralcompat,aszune,384,druid,restoration,18,4,14
Grunka,silvermoon,384,druid,restoration,18,4,14
Sucukk,antonidas,384,druid,restoration,18,4,14
Bignunu,silvermoon,384,druid,restoration,18,4,14
Tacobender,tarren-mill,384,druid,restoration,18,4,14
Hrz,kazzak,384,druid,restoration,18,4,14
Nezara,kazzak,384,druid,restoration,18,4,14
Frequentist,ragnaros,384,druid,restoration,18,4,14
Ymagyne,frostmane,384,druid,restoration,24,4,20
Yøungreidzz,blackrock,384,druid,restoration,24,4,20
Kyoshima,blackhand,383,druid,restoration,6,4,2
Vinesolar,runetotem,383,druid,restoration,6,4,2
Santoniq,dun-morogh,383,druid,restoration,6,4,2
Бабазарулем,fordragon,383,druid,restoration,6,4,2
Entler,twilights-hammer,383,druid,restoration,6,4,2
Blackfür,sylvanas,383,druid,restoration,6,4,2
Jabbah,defias-brotherhood,383,druid,restoration,6,4,2
Lathlas,defias-brotherhood,383,druid,restoration,6,4,2
Cmfg,blackrock,383,druid,restoration,6,4,2
Xidenn,quelthalas,383,druid,restoration,12,4,8
Thornstar,sylvanas,383,druid,restoration,12,4,8
Сигстейнхохо,blackscar,383,druid,restoration,12,4,8
Zydruid,silvermoon,383,druid,restoration,12,4,8
Opla,nethersturm,383,druid,restoration,12,4,8
Noxndruid,blackhand,383,druid,restoration,12,4,8
Lazår,tarren-mill,383,druid,restoration,12,4,8
Høpè,die-silberne-hand,383,druid,restoration,12,4,8
Замакибо,howling-fjord,383,druid,restoration,12,4,8
Arns,kazzak,383,druid,restoration,12,4,8
Semenisback,archimonde,383,druid,restoration,12,4,8
Eoinsriaops,hyjal,383,druid,restoration,12,4,8
Venh,forscherliga,383,druid,restoration,12,4,8
Hefdgaharald,antonidas,383,druid,restoration,12,4,8
Druidguy,ghostlands,383,druid,restoration,12,4,8
Leeonore,burning-legion,383,druid,restoration,18,4,14
Itê,dun-morogh,383,druid,restoration,18,4,14
Каирон,deepholm,383,druid,restoration,24,4,20
Шикалат,howling-fjord,383,druid,restoration,24,4,20
Xele,destromath,382,druid,restoration,6,4,2
Mongetout,ravencrest,382,druid,restoration,6,4,2
Девочкамиши,soulflayer,382,druid,restoration,10,6,4
Murma,dalaran,382,druid,restoration,12,4,8
Pega,nazjatar,382,druid,restoration,12,4,8
Sabflordr,outland,381,druid,restoration,12,4,8
Nermax,kazzak,381,druid,restoration,12,4,8
Nàrina,der-abyssische-rat,381,druid,restoration,12,4,8
Amalou,ravencrest,381,druid,restoration,12,4,8
Dolob,ragnaros,381,druid,restoration,18,4,14
Lewy,aegwynn,381,druid,restoration,18,4,14
Thaurus,durotan,380,druid,restoration,12,4,8
Фигоначи,soulflayer,379,druid,restoration,12,4,8
Tranquillo,outland,379,druid,restoration,12,4,8
Кимоношка,gordunni,377,druid,restoration,14,8,6
Nøkki,draenor,367,druid,restoration,21,8,13
Jincksdru,anachronos,367,druid,restoration,11,4,7
Benfufu,kazzak,367,druid,restoration,11,4,7
Ymöthep,archimonde,351,druid,restoration,11,4,7
Stkk,dun-modr,351,druid,restoration,11,4,7
Wolig,tarren-mill,351,druid,restoration,11,4,7
Demerit,defias-brotherhood,351,druid,restoration,11,4,7
Biegel,ysera,351,druid,restoration,11,4,7
Moderjord,stormreaver,351,druid,restoration,14,5,9
Fapmasterx,eredar,351,druid,restoration,23,4,19
Lyhene,outland,339,druid,restoration,32,8,24
Incheon,archimonde,335,druid,restoration,11,4,7
Querasidru,ravencrest,330,druid,restoration,16,5,11
Wuppii,blackmoore,329,druid,restoration,10,6,4
Аелин,blackscar,329,druid,restoration,11,6,5
Swarmah,draenor,329,druid,restoration,18,5,13
Teix,aggra-português,329,druid,restoration,21,5,16
Hubek,silvermoon,328,druid,restoration,8,6,2
Chéon,nethersturm,319,druid,restoration,10,4,6
Lsdpinkcandy,twisting-nether,319,druid,restoration,16,4,12
Jirenthegrey,antonidas,318,druid,restoration,14,4,10
Mímír,frostmane,317,druid,restoration,10,4,6
Elsnorro,sylvanas,313,druid,restoration,19,5,14
Rëckiah,ysondre,304,druid,restoration,13,4,9
Ullainho,stormscale,288,druid,restoration,6,3,3
Snowlight,der-rat-von-dalaran,288,druid,restoration,6,3,3
Ærõxy,aegwynn,288,druid,restoration,6,3,3
Owldschool,blackmoore,288,druid,restoration,6,3,3
Nobrainopain,aegwynn,288,druid,restoration,6,3,3
Nøur,blackmoore,288,druid,restoration,6,3,3
Sportzdruid,argent-dawn,288,druid,restoration,6,3,3
Drullenobama,silvermoon,288,druid,restoration,6,3,3
Сайнтификх,gordunni,288,druid,restoration,6,3,3
Houkka,doomhammer,288,druid,restoration,6,3,3
Qwopeiqpwoid,kazzak,288,druid,restoration,6,3,3
Lolaven,turalyon,288,druid,restoration,6,3,3
Whisk,ravencrest,288,druid,restoration,6,3,3
Зурсага,deathguard,288,druid,restoration,6,3,3
Skrewu,silvermoon,288,druid,restoration,6,3,3
Jéssíé,silvermoon,288,druid,restoration,6,3,3
Djdishwasher,kazzak,288,druid,restoration,6,3,3
Numaresto,stormscale,288,druid,restoration,6,3,3
Garzok,rashgarroth,288,druid,restoration,6,3,3
Gehrkehotter,silvermoon,288,druid,restoration,6,3,3
Magiskeforme,draenor,288,druid,restoration,6,3,3
Armënovitch,ravencrest,288,druid,restoration,6,3,3
Dezcore,hyjal,288,druid,restoration,6,3,3
Koprogatos,twilights-hammer,288,druid,restoration,6,3,3
Thecousins,ravencrest,288,druid,restoration,6,3,3
Thundruid,archimonde,288,druid,restoration,6,3,3
Shyni,outland,288,druid,restoration,6,3,3
Myndraa,varimathras,288,druid,restoration,6,3,3
Scotchnsoda,twisting-nether,288,druid,restoration,6,3,3
Eftersmak,ravencrest,288,druid,restoration,6,3,3
Myxa,arthas,288,druid,restoration,6,3,3
Дробовик,soulflayer,288,druid,restoration,6,3,3
Sliffar,azshara,288,druid,restoration,6,3,3
Hoofysnoopy,outland,288,druid,restoration,6,3,3
Couleaf,stormscale,288,druid,restoration,6,3,3
Néxct,stormscale,288,druid,restoration,6,3,3
Ñark,archimonde,288,druid,restoration,6,3,3
Kazekengan,draenor,288,druid,restoration,6,3,3
Youngdipper,draenor,288,druid,restoration,6,3,3
Milknosugar,tarren-mill,288,druid,restoration,6,3,3
Qtdok,outland,288,druid,restoration,6,3,3
Астраджет,gordunni,288,druid,restoration,6,3,3
Zaethul,draenor,288,druid,restoration,6,3,3
Ilovekush,gilneas,288,druid,restoration,6,3,3
Ripmacmiller,grim-batol,288,druid,restoration,6,3,3
Vaspy,sylvanas,288,druid,restoration,6,3,3
Sygko,kazzak,288,druid,restoration,6,3,3
Zunixboosted,lothar,288,druid,restoration,6,3,3
Currare,aegwynn,288,druid,restoration,6,3,3
Hð,blackmoore,288,druid,restoration,6,3,3
Datshifter,magtheridon,288,druid,restoration,6,3,3
Fallken,burning-blade,288,druid,restoration,6,3,3
Whelpss,archimonde,288,druid,restoration,6,3,3
Dharli,stormscale,288,druid,restoration,6,3,3
Spielmann,ravencrest,288,druid,restoration,6,3,3
Juvencus,twisting-nether,288,druid,restoration,6,3,3
Ghøstavdruid,ravencrest,288,druid,restoration,6,3,3
Noobr,ravencrest,288,druid,restoration,6,3,3
Preda,thunderhorn,288,druid,restoration,6,3,3
Pipima,kazzak,288,druid,restoration,6,3,3
Friyiee,stormscale,288,druid,restoration,6,3,3
Meowmf,silvermoon,288,druid,restoration,6,3,3
Shìinx,hyjal,288,druid,restoration,6,3,3
Хамулл,howling-fjord,288,druid,restoration,6,3,3
Bêlion,dun-modr,288,druid,restoration,6,3,3
Ipsdray,ysondre,288,druid,restoration,6,3,3
ßot,hyjal,288,druid,restoration,6,3,3
Танганэку,howling-fjord,288,druid,restoration,6,3,3
Peaches,aerie-peak,288,druid,restoration,6,3,3
Faustîno,dun-modr,288,druid,restoration,6,3,3
Ðrøøði,dun-modr,288,druid,restoration,6,3,3
Darkömwz,ysondre,288,druid,restoration,6,3,3
Lèafy,silvermoon,288,druid,restoration,6,3,3
Droodyàz,hyjal,288,druid,restoration,6,3,3
Rumbus,sanguino,288,druid,restoration,7,3,4
Piñaclonada,archimonde,288,druid,restoration,9,3,6
Draawun,burning-legion,288,druid,restoration,11,3,8
Smarticle,aegwynn,288,druid,restoration,11,3,8
Paddyv,earthen-ring,288,druid,restoration,15,4,11
Coffeebean,twisting-nether,288,druid,restoration,12,3,9
Ritualofmoon,darkmoon-faire,288,druid,restoration,12,3,9
Kopet,the-maelstrom,288,druid,restoration,12,3,9
Ajày,sylvanas,288,druid,restoration,12,3,9
Lukøu,blackrock,288,druid,restoration,12,3,9
Taugenîchts,blackmoore,288,druid,restoration,12,3,9
Teah,darkmoon-faire,288,druid,restoration,12,3,9
Amazed,wildhammer,288,druid,restoration,12,3,9
Xecksi,twisting-nether,288,druid,restoration,12,3,9
Vregord,twisting-nether,288,druid,restoration,12,3,9
Trolthelhas,chogall,288,druid,restoration,12,3,9
Raila,pozzo-delleternità,288,druid,restoration,12,3,9
Shiotake,hyjal,288,druid,restoration,12,3,9
Areidhel,pozzo-delleternità,288,druid,restoration,12,3,9
Храмульчик,blackscar,288,druid,restoration,12,3,9
Cheezy,defias-brotherhood,288,druid,restoration,12,3,9
Ymgrawl,zuljin,288,druid,restoration,12,3,9
Trntydr,senjin,288,druid,restoration,12,3,9
Nebrahl,silvermoon,288,druid,restoration,12,3,9
Bluebear,der-rat-von-dalaran,288,druid,restoration,12,3,9
Elxa,silvermoon,288,druid,restoration,12,3,9
Shredz,destromath,288,druid,restoration,12,3,9
Fejgi,stormreaver,288,druid,restoration,12,3,9
Reehzx,ravencrest,288,druid,restoration,12,3,9
Megustatu,ravencrest,288,druid,restoration,12,3,9
Awienx,kazzak,288,druid,restoration,12,3,9
Sojiz,outland,288,druid,restoration,12,3,9
Sadgeconvoke,draenor,288,druid,restoration,12,3,9
Harrasmoes,ravencrest,288,druid,restoration,12,3,9
Marryat,argent-dawn,288,druid,restoration,12,3,9
Restodruidx,ravencrest,288,druid,restoration,12,3,9
Navra,ravencrest,288,druid,restoration,12,3,9
Kiirsi,arygos,288,druid,restoration,12,3,9
Nostigon,azshara,288,druid,restoration,12,3,9
Meowsovs,draenor,288,druid,restoration,12,3,9
Xbrokeaf,eredar,288,druid,restoration,12,3,9
Toacon,destromath,288,druid,restoration,12,3,9
Jonnaxø,ravencrest,288,druid,restoration,12,3,9
Chapawee,eredar,288,druid,restoration,12,3,9
Còwgummi,blackhand,288,druid,restoration,12,3,9
Emeskay,ravencrest,288,druid,restoration,12,3,9
Ezils,silvermoon,288,druid,restoration,12,3,9
Wheyproteín,dun-modr,288,druid,restoration,12,3,9
Tá,kazzak,288,druid,restoration,12,3,9
Untouchablè,outland,288,druid,restoration,12,3,9
Hérby,kazzak,288,druid,restoration,12,3,9
Doup,alakir,288,druid,restoration,12,3,9
Rakuy,thrall,288,druid,restoration,18,3,15
Квазарм,gordunni,288,druid,restoration,18,3,15
Amstaffio,blackhand,288,druid,restoration,18,3,15
Astralpandas,kazzak,288,druid,restoration,18,3,15
Boomdruud,tarren-mill,288,druid,restoration,18,3,15
Adrosus,blackrock,288,druid,restoration,24,3,21
Lalou,saurfang,287,druid,restoration,6,3,3
Tarneil,magtheridon,287,druid,restoration,6,3,3
Nehalem,blackrock,287,druid,restoration,6,3,3
Foxîo,frostmane,287,druid,restoration,6,3,3
Lundx,ravencrest,287,druid,restoration,6,3,3
Mgelolaf,doomhammer,287,druid,restoration,6,3,3
Grimmie,frostmane,287,druid,restoration,6,3,3
Smittly,bloodhoof,287,druid,restoration,6,3,3
Youngjin,ravencrest,287,druid,restoration,6,3,3
Touchpad,archimonde,287,druid,restoration,6,3,3
Kuokkanen,azuremyst,287,druid,restoration,6,3,3
Kuhlheit,der-rat-von-dalaran,287,druid,restoration,6,3,3
Senul,sanguino,287,druid,restoration,12,3,9
Reckóning,draenor,287,druid,restoration,12,3,9
Arysae,die-aldor,287,druid,restoration,12,3,9
Xulian,exodar,287,druid,restoration,12,3,9
Jeepers,quelthalas,287,druid,restoration,12,3,9
Лёшациклонх,deathguard,287,druid,restoration,12,3,9
Papalegba,kilrogg,287,druid,restoration,12,3,9
Grimbear,hellfire,287,druid,restoration,18,3,15
Kebanos,ravencrest,286,druid,restoration,6,3,3
Paniel,amanthul,286,druid,restoration,6,3,3
Elônea,antonidas,285,druid,restoration,12,3,9
Адаладиус,howling-fjord,285,druid,restoration,42,3,39
Charlierunkl,gorgonnash,283,druid,restoration,24,3,21
Smradzblech,drakthul,275,druid,restoration,25,6,19
Mooji,darksorrow,271,druid,restoration,11,3,8
Niél,sylvanas,271,druid,restoration,17,3,14
Kaliyuga,dalaran,255,druid,restoration,11,3,8
Duduque,twisting-nether,255,druid,restoration,11,3,8
Bunga,quelthalas,255,druid,restoration,11,3,8
Yopi,stormscale,240,druid,restoration,15,3,12
Потнаякиса,grom,239,druid,restoration,5,3,2
Amélor,ragnaros,239,druid,restoration,5,3,2
Woodbison,tarren-mill,239,druid,restoration,5,3,2
Lxz,blackhand,234,druid,restoration,8,4,4
Izhusky,ravencrest,234,druid,restoration,8,4,4
Hamilina,thunderhorn,234,druid,restoration,9,4,5
Noegang,hyjal,234,druid,restoration,15,5,10
Noggerglatze,blackrock,234,druid,restoration,13,4,9
Therøn,dun-modr,234,druid,restoration,17,5,12
Beerplusbeer,kazzak,234,druid,restoration,23,6,17
Bigdambitex,draenor,234,druid,restoration,16,4,12
Lynaee,cthun,224,druid,restoration,10,3,7
Razorleaf,turalyon,222,druid,restoration,14,3,11
Zenkillers,outland,192,druid,restoration,6,2,4
Hotseîdank,blackrock,192,druid,restoration,6,2,4
Droodu,dun-modr,192,druid,restoration,6,2,4
Falconn,outland,192,druid,restoration,6,2,4
Lootmann,die-silberne-hand,192,druid,restoration,6,2,4
Skavenlol,zuljin,192,druid,restoration,6,2,4
Beluga,uldum,192,druid,restoration,6,2,4
Gabbro,dalaran,192,druid,restoration,6,2,4
Slimsneeky,outland,192,druid,restoration,6,2,4
Restolol,outland,192,druid,restoration,6,2,4
Midrialis,sinstralis,192,druid,restoration,6,2,4
Brennariss,outland,192,druid,restoration,6,2,4
Luznyczeslaw,burning-legion,192,druid,restoration,6,2,4
Cpt,xavius,192,druid,restoration,6,2,4
Deép,nazjatar,192,druid,restoration,6,2,4
Disney,ragnaros,192,druid,restoration,6,2,4
Faintntt,outland,192,druid,restoration,6,2,4
Bulleyo,ysondre,192,druid,restoration,6,2,4
Droigan,die-aldor,192,druid,restoration,6,2,4
Кенарейка,howling-fjord,192,druid,restoration,6,2,4
Rtxy,hyjal,192,druid,restoration,6,2,4
Nightelvejkm,dun-modr,192,druid,restoration,6,2,4
Vandalís,garrosh,192,druid,restoration,6,2,4
Mjáy,tarren-mill,192,druid,restoration,6,2,4
Xerrean,ravencrest,192,druid,restoration,6,2,4
Sekunden,ravencrest,192,druid,restoration,6,2,4
Palavanus,stormscale,192,druid,restoration,6,2,4
Restoboi,stormscale,192,druid,restoration,6,2,4
Атитока,goldrinn,192,druid,restoration,6,2,4
Wörstplayêr,archimonde,192,druid,restoration,6,2,4
Alolexxtwo,archimonde,192,druid,restoration,6,2,4
Эйяфлятлайок,gordunni,192,druid,restoration,6,2,4
Yugelbaum,twisting-nether,192,druid,restoration,6,2,4
Zeyne,ravencrest,192,druid,restoration,6,2,4
Reyai,ravencrest,192,druid,restoration,6,2,4
Trusten,nemesis,192,druid,restoration,6,2,4
Baldhir,nemesis,192,druid,restoration,6,2,4
Thigh,blackrock,192,druid,restoration,6,2,4
Zerpent,silvermoon,192,druid,restoration,6,2,4
Kremhelt,outland,192,druid,restoration,6,2,4
Zhiwé,ravencrest,192,druid,restoration,6,2,4
Hydrochronic,ravencrest,192,druid,restoration,6,2,4
Drøda,aegwynn,192,druid,restoration,6,2,4
Адорабэль,deathguard,192,druid,restoration,6,2,4
Limmiited,ravencrest,192,druid,restoration,6,2,4
Sickomodê,blackmoore,192,druid,restoration,6,2,4
Kkona,silvermoon,192,druid,restoration,6,2,4
Kaldon,thrall,192,druid,restoration,6,2,4
Шокоокулист,gordunni,192,druid,restoration,6,2,4
Revølter,kazzak,192,druid,restoration,6,2,4
Nourishshen,silvermoon,192,druid,restoration,6,2,4
Tàazz,sargeras,192,druid,restoration,6,2,4
Esøterix,malganis,192,druid,restoration,6,2,4
Пикаббука,gordunni,192,druid,restoration,6,2,4
Benjiee,kazzak,192,druid,restoration,6,2,4
Rngmåchinéx,ravencrest,192,druid,restoration,6,2,4
Conn,ravencrest,192,druid,restoration,6,2,4
Griminal,norgannon,192,druid,restoration,6,2,4
Healnau,aegwynn,192,druid,restoration,6,2,4
Bosco,blutkessel,192,druid,restoration,6,2,4
Asharah,blutkessel,192,druid,restoration,6,2,4
Morphael,ravencrest,192,druid,restoration,6,2,4
Rédbullz,silvermoon,192,druid,restoration,6,2,4
Smokahontas,kilrogg,192,druid,restoration,6,2,4
Naraël,varimathras,192,druid,restoration,6,2,4
Harryjane,antonidas,192,druid,restoration,6,2,4
Megaball,sylvanas,192,druid,restoration,6,2,4
Nooz,thrall,192,druid,restoration,6,2,4
Moodee,kazzak,192,druid,restoration,6,2,4
Nyrrh,blackmoore,192,druid,restoration,6,2,4
Heejåe,archimonde,192,druid,restoration,6,2,4
Jamley,tarren-mill,192,druid,restoration,6,2,4
Celitharion,tarren-mill,192,druid,restoration,6,2,4
Chrisdruid,argent-dawn,192,druid,restoration,6,2,4
Gaiaa,kilrogg,192,druid,restoration,6,2,4
Príimé,kazzak,192,druid,restoration,6,2,4
Sajlol,doomhammer,192,druid,restoration,6,2,4
Heligakatten,twisting-nether,192,druid,restoration,10,3,7
Gonco,blackrock,192,druid,restoration,8,2,6
Baracüda,draenor,192,druid,restoration,16,3,13
Shaggí,draenor,192,druid,restoration,11,2,9
Drâcâ,antonidas,192,druid,restoration,12,2,10
Салона,deathguard,192,druid,restoration,12,2,10
Testomake,kazzak,192,druid,restoration,12,2,10
Mahero,outland,192,druid,restoration,12,2,10
Nakkikastike,magtheridon,192,druid,restoration,12,2,10
Imperador,tyrande,192,druid,restoration,12,2,10
Sveraés,draenor,192,druid,restoration,12,2,10
Wahahoo,la-croisade-écarlate,192,druid,restoration,12,2,10
Kizanimagus,magtheridon,192,druid,restoration,12,2,10
Piper,culte-de-la-rive-noire,192,druid,restoration,12,2,10
Tayswiftmend,defias-brotherhood,192,druid,restoration,12,2,10
Helpthebear,twisting-nether,192,druid,restoration,12,2,10
Keløkss,silvermoon,192,druid,restoration,12,2,10
Beazze,drakthul,192,druid,restoration,12,2,10
Darkstalker,arygos,192,druid,restoration,12,2,10
Jacksonella,dun-morogh,192,druid,restoration,12,2,10
Quentalius,argent-dawn,192,druid,restoration,12,2,10
Qocotte,archimonde,192,druid,restoration,12,2,10
Skorpo,blackrock,192,druid,restoration,12,2,10
Maceyx,ravencrest,192,druid,restoration,12,2,10
Lyj,dalaran,192,druid,restoration,12,2,10
Fâucon,eitrigg,192,druid,restoration,12,2,10
Màf,silvermoon,192,druid,restoration,12,2,10
Blâckrök,blackhand,192,druid,restoration,12,2,10
Lupiñ,sylvanas,192,druid,restoration,12,2,10
Álou,dalaran,192,druid,restoration,12,2,10
Milfurion,emerald-dream,192,druid,restoration,12,2,10
Snapeshifter,blackhand,192,druid,restoration,12,2,10
Jagogi,malfurion,192,druid,restoration,12,2,10
Anníe,tarren-mill,192,druid,restoration,12,2,10
Amaaja,blackmoore,192,druid,restoration,12,2,10
Vertabrain,twilights-hammer,192,druid,restoration,12,2,10
Bigstop,kazzak,192,druid,restoration,17,2,15
Quza,lightbringer,192,druid,restoration,18,2,16
Madmanz,arathor,192,druid,restoration,18,2,16
Охломон,gordunni,192,druid,restoration,24,2,22
Gobachi,emeriss,191,druid,restoration,6,2,4
Oldghost,doomhammer,191,druid,restoration,6,2,4
Lodne,defias-brotherhood,191,druid,restoration,6,2,4
Bingó,blutkessel,191,druid,restoration,6,2,4
Siyoo,thrall,191,druid,restoration,6,2,4
Зулгасилич,howling-fjord,191,druid,restoration,6,2,4
Snifa,the-venture-co,191,druid,restoration,7,2,5
Mômmôm,aggra-português,191,druid,restoration,12,2,10
Эхосна,howling-fjord,191,druid,restoration,12,2,10
Westbeast,doomhammer,191,druid,restoration,12,2,10
Bwonsamndi,frostwolf,191,druid,restoration,18,2,16
Amindenes,ragnaros,191,druid,restoration,18,2,16
Marynlord,dalaran,175,druid,restoration,11,2,9
Lyrvaz,ravencrest,159,druid,restoration,5,2,3
Zayrok,throkferoth,159,druid,restoration,8,3,5
Ихет,gordunni,144,druid,restoration,9,3,6
Сугрик,deathweaver,143,druid,restoration,15,2,13
Starcrash,amanthul,138,druid,restoration,6,3,3
Oaksage,kazzak,138,druid,restoration,8,3,5
Atomanna,blackmoore,138,druid,restoration,9,3,6
Zzblaah,archimonde,138,druid,restoration,10,3,7
Chauntee,draenor,138,druid,restoration,15,3,12
Citir,twisting-nether,136,druid,restoration,23,4,19
Ihatewhales,ravencrest,128,druid,restoration,4,2,2
Thaiboimbyy,veknilash,127,druid,restoration,4,2,2
Xneji,sylvanas,111,druid,restoration,13,2,11
Trä,earthen-ring,96,druid,restoration,3,2,1
Kwikninja,frostmane,96,druid,restoration,10,2,8
Сейтил,deathguard,96,druid,restoration,6,1,5
Monopolying,dentarg,96,druid,restoration,6,1,5
Druiruu,tarren-mill,96,druid,restoration,6,1,5
Îcetiger,elune,96,druid,restoration,6,1,5
Druvian,argent-dawn,96,druid,restoration,6,1,5
Meisterd,aegwynn,96,druid,restoration,6,1,5
Jooblob,guldan,96,druid,restoration,6,1,5
Ilikecaipi,eredar,96,druid,restoration,6,1,5
Effi,aggramar,96,druid,restoration,6,1,5
Druidguden,tarren-mill,96,druid,restoration,6,1,5
Winstonka,doomhammer,96,druid,restoration,6,1,5
Ragnahr,sanguino,96,druid,restoration,6,1,5
Teryx,blackmoore,96,druid,restoration,6,1,5
Kisyqt,aegwynn,96,druid,restoration,6,1,5
Deezforms,kazzak,96,druid,restoration,6,1,5
Fedelmae,nagrand,96,druid,restoration,6,1,5
Nøunøurss,dalaran,96,druid,restoration,6,1,5
Sylindra,argent-dawn,96,druid,restoration,6,1,5
Gámóra,argent-dawn,96,druid,restoration,6,1,5
Nikta,trollbane,96,druid,restoration,6,1,5
Taicoo,outland,96,druid,restoration,6,1,5
Vâkkrï,archimonde,96,druid,restoration,6,1,5
Eïdendog,hyjal,96,druid,restoration,6,1,5
Madmoss,twisting-nether,96,druid,restoration,6,1,5
Nuggetspøwa,dalaran,96,druid,restoration,6,1,5
Vicedxo,kazzak,96,druid,restoration,6,1,5
Gintoni,dun-modr,96,druid,restoration,6,1,5
Blackird,argent-dawn,96,druid,restoration,6,1,5
Oltoker,korgall,96,druid,restoration,6,1,5
Clonuts,sylvanas,96,druid,restoration,6,1,5
Hecaloth,drakthul,96,druid,restoration,6,1,5
Cumcowshot,sylvanas,96,druid,restoration,6,1,5
Søfiaa,argent-dawn,96,druid,restoration,6,1,5
Blanoz,ravencrest,96,druid,restoration,6,1,5
Kweelor,der-abyssische-rat,96,druid,restoration,6,1,5
Tranduiil,drakthul,96,druid,restoration,6,1,5
Bartige,blackmoore,96,druid,restoration,6,1,5
Cryßye,ragnaros,96,druid,restoration,6,1,5
Naturaven,sylvanas,96,druid,restoration,6,1,5
Sodapop,aszune,96,druid,restoration,6,1,5
Chapuk,kazzak,96,druid,restoration,6,1,5
Ka,the-maelstrom,96,druid,restoration,6,1,5
Kruwkamilka,burning-legion,96,druid,restoration,6,1,5
Kaliapari,nefarian,96,druid,restoration,6,1,5
Secô,sylvanas,96,druid,restoration,6,1,5
Mommonga,onyxia,96,druid,restoration,6,1,5
Элнут,gordunni,96,druid,restoration,6,1,5
Blark,sylvanas,96,druid,restoration,6,1,5
Vaizier,defias-brotherhood,96,druid,restoration,6,1,5
Пасторизсша,soulflayer,96,druid,restoration,6,1,5
Тзейн,howling-fjord,96,druid,restoration,6,1,5
Towaha,outland,96,druid,restoration,6,1,5
Zulk,draenor,96,druid,restoration,6,1,5
Nanuu,sylvanas,96,druid,restoration,6,1,5
Sozu,magtheridon,96,druid,restoration,6,1,5
Jordnötssmör,draenor,96,druid,restoration,6,1,5
Utuabzu,grim-batol,96,druid,restoration,6,1,5
Linkin,azshara,96,druid,restoration,6,1,5
Tilikum,stormscale,96,druid,restoration,6,1,5
Wildsoûl,kazzak,96,druid,restoration,6,1,5
Khaoix,draenor,96,druid,restoration,6,1,5
Дрейнсол,gordunni,96,druid,restoration,6,1,5
Horadruid,silvermoon,96,druid,restoration,6,1,5
Haginator,twisting-nether,96,druid,restoration,6,1,5
Snorg,twisting-nether,96,druid,restoration,6,1,5
Durlehardu,archimonde,96,druid,restoration,6,1,5
Anahots,silvermoon,96,druid,restoration,6,1,5
Mokeff,twisting-nether,96,druid,restoration,6,1,5
Cowárd,blackmoore,96,druid,restoration,6,1,5
Tshungubuäch,eredar,96,druid,restoration,6,1,5
Seekíng,blackmoore,96,druid,restoration,6,1,5
Dízzy,malganis,96,druid,restoration,6,1,5
Goldencat,blackhand,96,druid,restoration,6,1,5
Винш,grom,96,druid,restoration,6,1,5
Heala,malganis,96,druid,restoration,6,1,5
Kerydwen,silvermoon,96,druid,restoration,6,1,5
Enfy,lightbringer,96,druid,restoration,6,1,5
Злодзейка,gordunni,96,druid,restoration,6,1,5
Мунпраид,gordunni,96,druid,restoration,6,1,5
Dmai,burning-legion,96,druid,restoration,6,1,5
Kouribow,sargeras,96,druid,restoration,6,1,5
Амеллида,soulflayer,96,druid,restoration,6,1,5
Chimmi,ragnaros,96,druid,restoration,6,1,5
Blodemoon,ragnaros,96,druid,restoration,6,1,5
Aütumn,twisting-nether,96,druid,restoration,6,1,5
Жарищка,soulflayer,96,druid,restoration,6,1,5
Droodae,hyjal,96,druid,restoration,6,1,5
Pølïna,ysondre,96,druid,restoration,6,1,5
Qdrood,quelthalas,96,druid,restoration,6,1,5
Phatzoo,stormscale,96,druid,restoration,6,1,5
Mvpx,outland,96,druid,restoration,6,1,5
Neyribi,blackhand,96,druid,restoration,6,1,5
Thaïs,blackmoore,96,druid,restoration,6,1,5
Bøøstèdtréè,ravencrest,96,druid,restoration,6,1,5
Elarc,khaz-modan,96,druid,restoration,6,1,5
Thebartender,khaz-modan,96,druid,restoration,6,1,5
Nwal,thunderhorn,96,druid,restoration,6,1,5
Malurith,silvermoon,96,druid,restoration,6,1,5
Doodud,twisting-nether,96,druid,restoration,7,1,6
Faladriel,zirkel-des-cenarius,96,druid,restoration,7,1,6
Келиса,blackscar,96,druid,restoration,12,1,11
Tafs,stormscale,96,druid,restoration,12,1,11
Aisak,burning-legion,96,druid,restoration,12,1,11
Ra,stormscale,96,druid,restoration,12,1,11
Blietmachine,ravencrest,96,druid,restoration,12,1,11
Лапунька,gordunni,96,druid,restoration,12,1,11
Svartvit,sylvanas,96,druid,restoration,12,1,11
Feminhacked,outland,96,druid,restoration,12,1,11
Phëys,hyjal,96,druid,restoration,12,1,11
Bloodhoofjr,blackhand,96,druid,restoration,12,1,11
Kittycatmeow,stormscale,96,druid,restoration,12,1,11
Meowmeowmeow,stormscale,96,druid,restoration,12,1,11
Kindret,dun-modr,96,druid,restoration,12,1,11
Drudd,hellscream,96,druid,restoration,12,1,11
Natur,gorgonnash,96,druid,restoration,12,1,11
Kli,los-errantes,96,druid,restoration,12,1,11
Anniko,garona,96,druid,restoration,12,1,11
Alfadera,kazzak,96,druid,restoration,12,1,11
Чупакамра,gordunni,96,druid,restoration,12,1,11
Napukka,silvermoon,96,druid,restoration,12,1,11
Püpply,antonidas,96,druid,restoration,12,1,11
Athenex,azshara,96,druid,restoration,12,1,11
Xilmai,darksorrow,96,druid,restoration,12,1,11
Nevthren,aggra-português,96,druid,restoration,12,1,11
Mariss25076F,chogall,96,druid,restoration,12,1,11
Pesza,bloodscalp,96,druid,restoration,12,1,11
Avalora,the-maelstrom,96,druid,restoration,12,1,11
Griimmjjow,kazzak,96,druid,restoration,12,1,11
Raveous,tarren-mill,96,druid,restoration,18,1,17
Chijara,destromath,95,druid,restoration,6,1,5
Urlef,antonidas,95,druid,restoration,12,1,11
Bëniheal,la-croisade-écarlate,95,druid,restoration,12,1,11
Lübka,amanthul,95,druid,restoration,12,1,11
Arayura,kirin-tor,95,druid,restoration,18,1,17
Acidbrate,aegwynn,90,druid,restoration,12,3,9
Jý,die-arguswacht,84,druid,restoration,17,4,13
Watchmymoon,blackrock,84,druid,restoration,20,4,16
Sealife,destromath,79,druid,restoration,5,1,4
Rasserdruid,runetotem,63,druid,restoration,2,2,0
Druidenee,hyjal,63,druid,restoration,2,2,0
Jaykerlol,kazzak,48,druid,restoration,3,1,2
Shaolinkilla,ragnaros,48,druid,restoration,9,1,8
Restouz,twisting-nether,42,druid,restoration,6,2,4
Quizdarude,draenor,42,druid,restoration,10,3,7
Mnee,steamwheedle-cartel,42,druid,restoration,7,2,5
Zedomeld,auchindoun,42,druid,restoration,8,2,6
Merawr,ravencrest,42,druid,restoration,8,2,6
Growlithe,hellfire,42,druid,restoration,8,2,6
Ультраафина,gordunni,42,druid,restoration,9,2,7
Feráx,doomhammer,42,druid,restoration,9,2,7
Eceria,the-maelstrom,42,druid,restoration,9,2,7
Amadi,grim-batol,42,druid,restoration,9,2,7
Nytaleas,naxxramas,42,druid,restoration,10,2,8
Onacor,stormrage,42,druid,restoration,10,2,8
Uniquz,sylvanas,42,druid,restoration,11,2,9
Jimboza,stormscale,42,druid,restoration,11,2,9
Vanarea,argent-dawn,42,druid,restoration,14,2,12
Druiden,the-maelstrom,31,druid,restoration,2,1,1
Sendä,hyjal,31,druid,restoration,3,1,2
Bulleyo,ysondre,1627,druid,guardian,131,71,60
Djemdruid,argent-dawn,1585,druid,guardian,42,18,24
Sleepykitty,argent-dawn,1370,druid,guardian,52,17,35
Сверххищникк,soulflayer,1201,druid,guardian,124,59,65
Windythemilf,stormscale,1180,druid,guardian,201,99,102
Rbgbear,blackhand,1156,druid,guardian,36,15,21
Rapatera,argent-dawn,1115,druid,guardian,24,12,12
Reshifted,sunstrider,1085,druid,guardian,60,23,37
Durlehardu,archimonde,1054,druid,guardian,53,25,28
Микайо,goldrinn,986,druid,guardian,41,17,24
Laracroft,the-maelstrom,953,druid,guardian,22,11,11
Crazydudu,tarren-mill,950,druid,guardian,39,13,26
Lioky,dun-modr,949,druid,guardian,18,10,8
Avior,eonar,944,druid,guardian,142,63,79
Renaissancee,silvermoon,943,druid,guardian,68,21,47
Avisa,blackhand,831,druid,guardian,108,45,63
Овлай,razuvious,792,druid,guardian,18,9,9
Bigdomas,sylvanas,785,druid,guardian,40,15,25
Ноорру,gordunni,715,druid,guardian,11,8,3
Ксидронис,eversong,687,druid,guardian,22,8,14
Critter,kargath,661,druid,guardian,24,7,17
Гибрайт,soulflayer,623,druid,guardian,15,7,8
Xangy,drakthul,576,druid,guardian,12,6,6
Fatalis,zuljin,573,druid,guardian,18,6,12
Win,hellscream,496,druid,guardian,23,7,16
Slotheron,ravencrest,480,druid,guardian,12,5,7
Гохгерункянк,soulflayer,477,druid,guardian,12,5,7
Sheâ,nemesis,476,druid,guardian,12,5,7
Wildsoûl,kazzak,425,druid,guardian,27,6,21
Tigerbear,argent-dawn,384,druid,guardian,12,4,8
Pabloskyn,sanguino,383,druid,guardian,6,4,2
Horizonline,terokkar,350,druid,guardian,11,4,7
Icxigo,silvermoon,288,druid,guardian,6,3,3
Фэк,eversong,288,druid,guardian,6,3,3
Pumpick,doomhammer,285,druid,guardian,13,3,10
Justtrollîng,twisting-nether,192,druid,guardian,6,2,4
Sároman,ravencrest,192,druid,guardian,6,2,4
Джирас,gordunni,192,druid,guardian,6,2,4
Bulldozerkin,ragnaros,192,druid,guardian,6,2,4
Druidyy,exodar,192,druid,guardian,6,2,4
Jebga,thrall,192,druid,guardian,6,2,4
Zinister,hyjal,192,druid,guardian,6,2,4
Kaynine,lightnings-blade,192,druid,guardian,6,2,4
Фдру,eversong,192,druid,guardian,6,2,4
Skwair,garona,192,druid,guardian,6,2,4
Envidius,kazzak,192,druid,guardian,6,2,4
Kárrde,balnazzar,192,druid,guardian,6,2,4
Astralcore,stormscale,192,druid,guardian,6,2,4
Beteralsjij,frostwhisper,192,druid,guardian,12,2,10
Fynvola,anubarak,192,druid,guardian,12,2,10
Silver,terokkar,192,druid,guardian,12,2,10
Nwal,thunderhorn,192,druid,guardian,12,2,10
Pure,kul-tiras,190,druid,guardian,15,3,12
Plandros,draenor,96,druid,guardian,6,1,5
Oõ,aggra-português,96,druid,guardian,6,1,5
Жекакотик,eversong,96,druid,guardian,6,1,5
Anthlas,outland,96,druid,guardian,6,1,5
Leondir,quelthalas,96,druid,guardian,6,1,5
Almightydudu,draenor,96,druid,guardian,6,1,5
Cleandc,blackhand,96,druid,guardian,6,1,5
Beduin,stormscale,96,druid,guardian,6,1,5
Túrnip,aerie-peak,96,druid,guardian,6,1,5
Brutaldamage,ravencrest,2343,druid,feral,148,82,66
Verycringe,ravencrest,2279,druid,feral,210,109,101
Xercas,outland,2250,druid,feral,71,44,27
Ktx,aegwynn,2238,druid,feral,84,50,34
Lïved,nemesis,2210,druid,feral,141,85,56
Lïndalûnå,ravencrest,2182,druid,feral,78,47,31
Mabkferal,ravencrest,2146,druid,feral,133,67,66
Elîas,kazzak,2141,druid,feral,77,45,32
Twinklex,ravencrest,2135,druid,feral,197,96,101
Tael,elune,2119,druid,feral,120,60,60
Houmrx,ravencrest,2113,druid,feral,173,89,84
Bloodyredlyx,ysera,2112,druid,feral,90,46,44
Öøöøöøöøöøöø,anachronos,2110,druid,feral,72,47,25
Rubbershark,ravencrest,2107,druid,feral,223,136,87
Ромкабикстар,gordunni,2107,druid,feral,78,40,38
Desenlace,ravencrest,2101,druid,feral,369,191,178
Mmlprox,burning-legion,2099,druid,feral,139,71,68
Vârima,ravencrest,2095,druid,feral,66,45,21
Vulko,lightbringer,2071,druid,feral,126,63,63
Noxxìe,draenor,2070,druid,feral,116,63,53
Bleêds,dun-modr,2061,druid,feral,60,35,25
Mutaattori,sylvanas,2058,druid,feral,127,62,65
Nìm,outland,2057,druid,feral,124,60,64
Crøwnd,twisting-nether,2056,druid,feral,54,34,20
Desenlace,silvermoon,2047,druid,feral,156,77,79
Ðevilwhite,nemesis,2045,druid,feral,60,31,29
Zøte,ravencrest,2037,druid,feral,117,58,59
Tûêsdäÿblûês,ravencrest,2034,druid,feral,88,43,45
Calaftayou,ravencrest,2034,druid,feral,108,51,57
Tomyn,burning-legion,2033,druid,feral,72,43,29
Degmond,silvermoon,2033,druid,feral,162,84,78
Cåssidy,archimonde,2030,druid,feral,84,40,44
Uebiwe,silvermoon,2022,druid,feral,84,48,36
Rapatera,argent-dawn,2019,druid,feral,54,30,24
Cataferal,ravencrest,2006,druid,feral,144,73,71
Lxve,tarren-mill,1999,druid,feral,66,34,32
Djgírlßøssqt,argent-dawn,1996,druid,feral,174,88,86
Jakamx,ravencrest,1988,druid,feral,354,177,177
Yone,blackmoore,1978,druid,feral,101,52,49
Taladruide,archimonde,1970,druid,feral,138,67,71
Gurranq,argent-dawn,1964,druid,feral,60,32,28
Animålz,archimonde,1955,druid,feral,60,31,29
Trøüpäx,outland,1955,druid,feral,123,61,62
Cocaqt,nemesis,1947,druid,feral,101,61,40
Нимир,soulflayer,1947,druid,feral,96,46,50
Purgatxry,ravencrest,1944,druid,feral,491,246,245
Jåkeferalta,outland,1942,druid,feral,117,64,53
Mortality,proudmoore,1940,druid,feral,125,63,62
Kaldorei,nemesis,1937,druid,feral,109,60,49
Трэвисдог,gordunni,1936,druid,feral,59,31,28
Норланда,gordunni,1923,druid,feral,66,34,32
Dashfull,ravencrest,1922,druid,feral,420,214,206
Muckì,alleria,1917,druid,feral,66,34,32
Kàraba,archimonde,1909,druid,feral,106,53,53
Bigscarycatx,ravencrest,1901,druid,feral,57,31,26
Nîîght,ravencrest,1895,druid,feral,54,26,28
Iminz,ravencrest,1895,druid,feral,239,112,127
Mysticalmoon,ravencrest,1892,druid,feral,89,40,49
Wex,darksorrow,1883,druid,feral,42,28,14
Sleepykitty,argent-dawn,1882,druid,feral,280,148,132
Опакот,howling-fjord,1879,druid,feral,68,30,38
Garbagemonky,amanthul,1878,druid,feral,130,83,47
Kijan,silvermoon,1877,druid,feral,70,44,26
Khunahype,thrall,1873,druid,feral,60,39,21
Kaÿn,tarren-mill,1873,druid,feral,60,27,33
Trauller,outland,1872,druid,feral,72,30,42
Symbiosa,silvermoon,1870,druid,feral,30,20,10
Cløwnferalx,argent-dawn,1863,druid,feral,66,29,37
Kokünomajo,kazzak,1861,druid,feral,42,34,8
Блюгилли,ashenvale,1861,druid,feral,146,71,75
Obeseferal,outland,1859,druid,feral,66,31,35
Bigangrycatx,ravencrest,1859,druid,feral,68,31,37
Frzx,stormscale,1856,druid,feral,54,31,23
Shiftydruid,thunderhorn,1856,druid,feral,224,113,111
Ethryl,ravencrest,1849,druid,feral,95,48,47
Boostedbear,ragnaros,1848,druid,feral,65,30,35
Léxiny,blackrock,1846,druid,feral,35,23,12
Bigcrazycatx,ravencrest,1844,druid,feral,72,33,39
Kattenvoer,stormscale,1842,druid,feral,36,27,9
Dureka,tarren-mill,1842,druid,feral,64,42,22
Melsson,stormreaver,1842,druid,feral,66,31,35
Alexmeow,ravencrest,1841,druid,feral,56,34,22
Лардиан,gordunni,1838,druid,feral,48,27,21
Mykk,ravencrest,1836,druid,feral,66,40,26
Facerippin,proudmoore,1836,druid,feral,82,44,38
Skatch,sylvanas,1836,druid,feral,54,28,26
Yesbody,tarren-mill,1836,druid,feral,48,24,24
Февти,gordunni,1828,druid,feral,59,34,25
Skytek,silvermoon,1828,druid,feral,96,48,48
Indann,kazzak,1827,druid,feral,78,35,43
Annksunamún,ysondre,1824,druid,feral,279,152,127
Pilaf,emerald-dream,1824,druid,feral,227,113,114
Drbeef,sanguino,1823,druid,feral,45,28,17
Zelaron,twisting-nether,1823,druid,feral,42,22,20
Фейкхехе,gordunni,1822,druid,feral,48,27,21
Reward,ragnaros,1819,druid,feral,64,30,34
Rheasilvià,silvermoon,1818,druid,feral,54,31,23
Fyrkax,aegwynn,1818,druid,feral,48,26,22
Блиденг,gordunni,1818,druid,feral,87,46,41
Kroñm,dun-modr,1818,druid,feral,60,25,35
Fendrïl,varimathras,1814,druid,feral,90,55,35
Nøfåmïly,silvermoon,1814,druid,feral,160,83,77
Moonkniight,ravencrest,1810,druid,feral,30,22,8
Nfxdruid,argent-dawn,1810,druid,feral,102,60,42
Elfsu,ravencrest,1810,druid,feral,89,48,41
Furrykruger,the-maelstrom,1807,druid,feral,84,39,45
Caprïsun,archimonde,1804,druid,feral,42,24,18
Tilikum,stormscale,1804,druid,feral,311,156,155
Ratsimulator,tarren-mill,1802,druid,feral,54,32,22
Jhiun,ragnaros,1802,druid,feral,180,94,86
Klaerke,tarren-mill,1800,druid,feral,93,42,51
Cocomojo,outland,1795,druid,feral,110,59,51
Nzmdruid,burning-legion,1795,druid,feral,48,25,23
Feralwilder,turalyon,1794,druid,feral,291,140,151
Catkovic,kult-der-verdammten,1786,druid,feral,53,27,26
Nainket,ravencrest,1786,druid,feral,54,24,30
Buffshred,ravencrest,1785,druid,feral,30,21,9
Coineagan,frostmourne,1782,druid,feral,58,23,35
Dzandel,silvermoon,1781,druid,feral,500,249,251
Ålleyézoffme,ravencrest,1780,druid,feral,77,43,34
Kikihoux,ravencrest,1775,druid,feral,45,24,21
Goldrax,outland,1774,druid,feral,60,32,28
Noé,aegwynn,1766,druid,feral,189,115,74
Jarethy,dun-modr,1766,druid,feral,117,55,62
Каергорн,soulflayer,1766,druid,feral,54,19,35
Weyztwo,hyjal,1765,druid,feral,56,30,26
Селфика,gordunni,1757,druid,feral,66,21,45
Verbxp,kazzak,1756,druid,feral,101,54,47
Fallken,burning-blade,1755,druid,feral,42,26,16
Yaddas,draenor,1754,druid,feral,60,27,33
Fürfur,ravencrest,1749,druid,feral,48,29,19
Ddru,ravencrest,1744,druid,feral,46,26,20
Minaervea,antonidas,1744,druid,feral,156,72,84
Bigpapad,ravencrest,1741,druid,feral,48,25,23
Moldrokk,ravencrest,1739,druid,feral,52,31,21
Грязныекогти,gordunni,1737,druid,feral,89,55,34
Babynaty,ravencrest,1735,druid,feral,102,48,54
Шев,blackscar,1733,druid,feral,48,23,25
Bearmantlé,outland,1731,druid,feral,34,19,15
Apuasaatana,stormreaver,1731,druid,feral,36,20,16
Эриэс,gordunni,1726,druid,feral,82,38,44
Jukeboks,silvermoon,1726,druid,feral,55,25,30
Kouda,draenor,1724,druid,feral,92,44,48
Varø,aegwynn,1722,druid,feral,41,22,19
Zechey,stormreaver,1721,druid,feral,30,18,12
Themartyr,tarren-mill,1721,druid,feral,30,18,12
Мелталиора,soulflayer,1720,druid,feral,71,33,38
Zaibastus,doomhammer,1718,druid,feral,72,30,42
Opresse,archimonde,1717,druid,feral,66,28,38
Pänthërä,ravencrest,1711,druid,feral,36,18,18
Laguna,ravencrest,1709,druid,feral,77,35,42
Faveyo,die-nachtwache,1707,druid,feral,42,18,24
Goodtrip,hyjal,1704,druid,feral,42,27,15
Хэрес,gordunni,1698,druid,feral,30,19,11
Worgenshiftr,kazzak,1697,druid,feral,48,21,27
Апвель,gordunni,1694,druid,feral,42,20,22
Blvckðvitchz,ravencrest,1692,druid,feral,36,18,18
Tangela,stormreaver,1689,druid,feral,48,29,19
Fückøff,ravencrest,1689,druid,feral,65,33,32
Moskaros,turalyon,1689,druid,feral,108,52,56
Natakis,blades-edge,1688,druid,feral,48,25,23
Doopdroo,tarren-mill,1687,druid,feral,48,20,28
Hässelhoof,ragnaros,1686,druid,feral,132,57,75
Фейк,howling-fjord,1684,druid,feral,42,18,24
ßgøðx,argent-dawn,1681,druid,feral,79,45,34
Arfgtdispo,hyjal,1680,druid,feral,48,23,25
Jgltrainer,archimonde,1675,druid,feral,71,40,31
Jellytardx,outland,1675,druid,feral,75,41,34
Retzerbil,ravencrest,1675,druid,feral,46,23,23
Paranoia,outland,1675,druid,feral,94,46,48
Zifr,dalaran,1675,druid,feral,66,22,44
Faded,stormreaver,1673,druid,feral,48,20,28
Extracssion,ysondre,1672,druid,feral,128,65,63
Crazydos,tarren-mill,1671,druid,feral,57,27,30
Adastroeolo,sanguino,1669,druid,feral,87,49,38
Kittcatx,ravencrest,1668,druid,feral,38,24,14
Nèxtløls,twisting-nether,1668,druid,feral,110,63,47
Aedui,tarren-mill,1668,druid,feral,38,20,18
Banzeye,nordrassil,1668,druid,feral,184,96,88
Ðrüid,ravencrest,1668,druid,feral,72,34,38
Køgèr,kazzak,1667,druid,feral,30,19,11
Nøkki,draenor,1666,druid,feral,62,34,28
Silksharp,ravencrest,1663,druid,feral,60,31,29
Jasperqt,silvermoon,1661,druid,feral,36,23,13
Snapzy,sylvanas,1659,druid,feral,65,48,17
Triluxa,blackmoore,1659,druid,feral,54,28,26
Adabsurdum,kazzak,1659,druid,feral,124,55,69
Loyoq,elune,1658,druid,feral,35,19,16
Котосапенс,howling-fjord,1657,druid,feral,48,27,21
Phenova,sargeras,1657,druid,feral,117,49,68
Blakkowl,drakthul,1653,druid,feral,36,21,15
Katzovic,kult-der-verdammten,1648,druid,feral,30,18,12
Житмедветь,booty-bay,1648,druid,feral,74,43,31
Nasukka,grim-batol,1648,druid,feral,103,54,49
Ckelf,ravencrest,1646,druid,feral,42,18,24
Goodtrip,archimonde,1644,druid,feral,128,62,66
Nouin,twisting-nether,1643,druid,feral,184,89,95
Simdruid,stormscale,1641,druid,feral,36,19,17
Wucherwurzel,eredar,1640,druid,feral,136,64,72
Weedgras,eredar,1640,druid,feral,48,21,27
Fluffygoon,tarren-mill,1636,druid,feral,104,52,52
Bernfried,silvermoon,1631,druid,feral,76,33,43
Ñøpe,ravencrest,1630,druid,feral,30,17,13
Scaleo,stormreaver,1630,druid,feral,66,36,30
Fzx,aegwynn,1629,druid,feral,30,17,13
Алексина,fordragon,1629,druid,feral,236,132,104
Ringthaw,silvermoon,1626,druid,feral,36,19,17
Avanah,silvermoon,1626,druid,feral,72,35,37
Cjparker,archimonde,1625,druid,feral,62,31,31
Rami,sylvanas,1625,druid,feral,153,76,77
Spale,twisting-nether,1622,druid,feral,86,43,43
Gediminas,argent-dawn,1621,druid,feral,136,59,77
Cyborgz,archimonde,1620,druid,feral,30,17,13
Unreally,drakthul,1619,druid,feral,42,27,15
Neyok,blackrock,1619,druid,feral,50,26,24
Roska,archimonde,1619,druid,feral,36,17,19
Skypinho,blackhand,1616,druid,feral,48,22,26
Djmeowxd,blackrock,1616,druid,feral,69,30,39
Ipunishcatz,ravencrest,1615,druid,feral,72,34,38
Rayjinn,dun-modr,1613,druid,feral,36,17,19
Freyanah,argent-dawn,1612,druid,feral,128,54,74
Jabbari,outland,1610,druid,feral,263,130,133
Bulan,ghostlands,1609,druid,feral,96,55,41
Zhosy,shattrath,1609,druid,feral,59,24,35
Hugepepega,ravencrest,1608,druid,feral,48,27,21
Feytique,aegwynn,1607,druid,feral,59,30,29
Даркедес,gordunni,1607,druid,feral,48,24,24
Heyiamdan,tarren-mill,1606,druid,feral,229,124,105
Pitchou,karazhan,1606,druid,feral,76,38,38
Crtx,blackhand,1605,druid,feral,156,95,61
Crisspurolss,ysondre,1605,druid,feral,73,38,35
Реалаг,howling-fjord,1604,druid,feral,47,20,27
Evilshade,ravencrest,1604,druid,feral,127,53,74
Акиша,deepholm,1602,druid,feral,44,21,23
Køgér,kazzak,1601,druid,feral,30,17,13
Zarc,stormreaver,1601,druid,feral,37,20,17
Phïl,ravencrest,1601,druid,feral,144,74,70
Bomoth,kazzak,1601,druid,feral,48,24,24
Chronoqtxd,ravencrest,1601,druid,feral,52,24,28
Спудич,eversong,1601,druid,feral,54,21,33
Tani,kazzak,1600,druid,feral,63,34,29
Razoremperor,tarren-mill,1599,druid,feral,156,76,80
Sìa,frostmane,1599,druid,feral,59,22,37
Druidry,ragnaros,1595,druid,feral,90,51,39
Ajwen,tarren-mill,1593,druid,feral,30,20,10
Unoseeme,outland,1593,druid,feral,155,72,83
Frighton,ravencrest,1591,druid,feral,72,30,42
Bikiniwochen,antonidas,1585,druid,feral,48,24,24
Злодзейка,gordunni,1585,druid,feral,147,73,74
Narunis,tarren-mill,1584,druid,feral,114,54,60
Rbgbot,ragnaros,1583,druid,feral,63,35,28
Mooncarnatio,burning-legion,1583,druid,feral,60,23,37
Tonycatmeow,ravencrest,1582,druid,feral,30,18,12
Vëgâñgøðx,ragnaros,1582,druid,feral,170,90,80
Фекаллис,soulflayer,1582,druid,feral,57,27,30
Soofyan,kazzak,1581,druid,feral,71,29,42
Мунпраид,gordunni,1579,druid,feral,156,79,77
Leylå,ravencrest,1578,druid,feral,42,19,23
Panthéra,ravencrest,1577,druid,feral,280,142,138
Nédith,archimonde,1576,druid,feral,42,18,24
Sartipus,draenor,1575,druid,feral,48,24,24
Emph,ravencrest,1574,druid,feral,54,29,25
Trevorkki,korgall,1573,druid,feral,56,25,31
Raznos,ravencrest,1572,druid,feral,83,48,35
Asçdruid,kazzak,1572,druid,feral,56,24,32
Mbk,kazzak,1567,druid,feral,46,20,26
Notsad,dun-modr,1566,druid,feral,42,19,23
Unguis,outland,1565,druid,feral,74,43,31
Yongala,archimonde,1565,druid,feral,66,35,31
Stopwatching,outland,1565,druid,feral,42,18,24
Риама,blackscar,1564,druid,feral,90,44,46
Màz,blackmoore,1564,druid,feral,152,73,79
Rottweiler,doomhammer,1563,druid,feral,202,106,96
Тёмныйзверь,borean-tundra,1563,druid,feral,171,86,85
Alcik,silvermoon,1563,druid,feral,60,18,42
Fangornn,outland,1560,druid,feral,89,40,49
Unlit,draenor,1558,druid,feral,108,57,51
Drylle,argent-dawn,1555,druid,feral,93,50,43
Christàlyst,garona,1553,druid,feral,92,50,42
Tazdino,destromath,1553,druid,feral,60,22,38
Alessathrina,argent-dawn,1552,druid,feral,223,104,119
Cubswansón,outland,1550,druid,feral,85,46,39
Vlcák,drakthul,1549,druid,feral,291,149,142
Chiwsy,outland,1548,druid,feral,83,42,41
Féral,hyjal,1548,druid,feral,101,48,53
Smuktøs,twisting-nether,1546,druid,feral,47,28,19
Итильтириэль,gordunni,1546,druid,feral,239,110,129
Diow,elune,1546,druid,feral,54,22,32
Kärmä,eldrethalas,1543,druid,feral,173,89,84
Eranor,archimonde,1542,druid,feral,170,87,83
Texoria,twisting-nether,1537,druid,feral,175,88,87
Sadskia,sanguino,1537,druid,feral,85,40,45
Zurllyn,ravencrest,1536,druid,feral,78,36,42
Shyngodx,archimonde,1533,druid,feral,41,17,24
Furmagic,tarren-mill,1532,druid,feral,47,23,24
Зонкс,gordunni,1530,druid,feral,122,63,59
Thørkang,dun-modr,1530,druid,feral,113,58,55
Maccín,draenor,1530,druid,feral,52,18,34
Lenyl,dun-modr,1526,druid,feral,36,16,20
Тётявискас,howling-fjord,1524,druid,feral,100,52,48
Одряя,soulflayer,1521,druid,feral,125,68,57
Броодяга,razuvious,1521,druid,feral,53,24,29
Взп,gordunni,1519,druid,feral,48,24,24
Муумуумуу,howling-fjord,1519,druid,feral,207,102,105
Kattig,grim-batol,1519,druid,feral,54,26,28
Benyameow,ravencrest,1516,druid,feral,24,16,8
Bâbusch,blackmoore,1516,druid,feral,95,50,45
Бобасик,fordragon,1516,druid,feral,120,61,59
Bigdaddytate,kazzak,1515,druid,feral,83,49,34
Psychodeliya,ragnaros,1510,druid,feral,54,17,37
Jerrybeans,ravencrest,1504,druid,feral,120,57,63
Chromaticx,argent-dawn,1503,druid,feral,122,68,54
Cruelbunny,nemesis,1502,druid,feral,54,25,29
Ottur,argent-dawn,1502,druid,feral,137,62,75
Calîmerô,blackrock,1500,druid,feral,24,18,6
Eltroncazo,sanguino,1498,druid,feral,42,22,20
Kabraxis,silvermoon,1494,druid,feral,54,25,29
Арбузег,gordunni,1493,druid,feral,120,59,61
Xilmai,darksorrow,1493,druid,feral,48,21,27
Оудин,blackscar,1492,druid,feral,65,31,34
Carridwyn,argent-dawn,1492,druid,feral,66,30,36
Drunosio,magtheridon,1489,druid,feral,105,46,59
Sekunden,ravencrest,1487,druid,feral,144,71,73
Hkwoaf,chants-éternels,1487,druid,feral,47,18,29
Lunamimi,argent-dawn,1483,druid,feral,144,83,61
Tàlented,aggra-português,1482,druid,feral,53,26,27
Byet,kazzak,1478,druid,feral,42,17,25
Yamkar,blackrock,1477,druid,feral,45,17,28
Äcajou,hyjal,1476,druid,feral,114,65,49
Mooqt,alexstrasza,1476,druid,feral,42,23,19
Элисандра,gordunni,1470,druid,feral,48,31,17
Annksunamun,ysondre,1470,druid,feral,43,21,22
Larryburns,nathrezim,1462,druid,feral,134,67,67
Ponshü,hyjal,1461,druid,feral,51,30,21
Паинтер,blackscar,1461,druid,feral,107,46,61
Zaethul,draenor,1460,druid,feral,30,20,10
Беконайзер,howling-fjord,1460,druid,feral,46,24,22
Thecòntról,ravencrest,1459,druid,feral,75,43,32
Epicplays,sylvanas,1458,druid,feral,136,74,62
Rustÿ,hyjal,1454,druid,feral,28,20,8
Arlina,magtheridon,1454,druid,feral,57,26,31
Акетчи,howling-fjord,1452,druid,feral,94,54,40
Madeath,stormscale,1452,druid,feral,78,33,45
Baerminatør,blackrock,1449,druid,feral,84,38,46
Savvy,arthas,1449,druid,feral,36,16,20
Tanmax,blackmoore,1449,druid,feral,45,19,26
Хагисс,booty-bay,1448,druid,feral,48,20,28
Zhényá,ravencrest,1447,druid,feral,42,22,20
Daddyßangz,das-konsortium,1446,druid,feral,52,24,28
Smellykitten,ravencrest,1445,druid,feral,36,18,18
Rollozuu,blackrock,1444,druid,feral,210,102,108
Nariah,silvermoon,1443,druid,feral,51,17,34
Oleander,zuljin,1442,druid,feral,226,112,114
Vargall,silvermoon,1441,druid,feral,29,19,10
Kodobursto,stormscale,1438,druid,feral,121,69,52
Sÿlph,sylvanas,1437,druid,feral,126,66,60
Chirnaruk,ravencrest,1437,druid,feral,84,42,42
Docmedlove,aegwynn,1437,druid,feral,36,15,21
Køda,blackrock,1437,druid,feral,80,33,47
Dubakoo,outland,1435,druid,feral,85,46,39
Tîma,blackmoore,1435,druid,feral,262,131,131
Mònókox,eredar,1435,druid,feral,42,17,25
Vanhelsíng,dun-modr,1434,druid,feral,52,34,18
Clipsy,twilights-hammer,1434,druid,feral,464,229,235
Crinji,ravencrest,1433,druid,feral,24,15,9
Boomzter,frostmane,1433,druid,feral,75,36,39
Друличч,blackscar,1429,druid,feral,96,49,47
Arilíaxo,amanthul,1426,druid,feral,18,15,3
Ripgødx,outland,1426,druid,feral,152,81,71
Mimir,la-croisade-écarlate,1426,druid,feral,42,20,22
Margueriti,the-maelstrom,1424,druid,feral,129,60,69
Bløødberry,ravencrest,1423,druid,feral,36,18,18
Chexdruid,silvermoon,1420,druid,feral,33,16,17
Bagheera,archimonde,1420,druid,feral,137,66,71
Speedlebee,malganis,1420,druid,feral,42,20,22
Mervend,tarren-mill,1420,druid,feral,41,15,26
Ephixa,burning-legion,1419,druid,feral,47,23,24
Enock,hyjal,1418,druid,feral,34,18,16
Deehe,thrall,1413,druid,feral,72,34,38
Healníx,blackrock,1411,druid,feral,86,46,40
Муунфаер,gordunni,1410,druid,feral,97,44,53
Thaelyy,drakthul,1407,druid,feral,66,27,39
Tricklou,tarren-mill,1406,druid,feral,60,39,21
Degentiuso,alakir,1405,druid,feral,96,53,43
Микайо,goldrinn,1404,druid,feral,179,84,95
Cheddar,tyrande,1403,druid,feral,82,43,39
Starkeknolle,blackmoore,1403,druid,feral,54,27,27
Sabertoon,argent-dawn,1401,druid,feral,177,79,98
Luigina,blackmoore,1400,druid,feral,30,15,15
Phesxd,sylvanas,1400,druid,feral,60,29,31
Migah,stormscale,1397,druid,feral,122,71,51
Picatso,blackrock,1395,druid,feral,30,15,15
Seyyid,archimonde,1394,druid,feral,36,18,18
Neshalry,blackhand,1392,druid,feral,36,16,20
Trusten,nemesis,1391,druid,feral,146,82,64
Tyranderawr,ravencrest,1390,druid,feral,51,20,31
Котфилин,gordunni,1389,druid,feral,84,47,37
Сириль,soulflayer,1389,druid,feral,64,34,30
Chouan,marécage-de-zangar,1388,druid,feral,236,123,113
Legitx,dentarg,1385,druid,feral,43,17,26
Soléda,thrall,1384,druid,feral,165,83,82
Tsopúnisher,twisting-nether,1383,druid,feral,46,20,26
Carlitto,blackmoore,1382,druid,feral,33,23,10
Liqoú,tarren-mill,1380,druid,feral,54,31,23
Donoz,ravencrest,1378,druid,feral,42,26,16
Wadles,draenor,1378,druid,feral,52,27,25
Erelae,twisting-nether,1375,druid,feral,73,37,36
Pipima,kazzak,1374,druid,feral,48,20,28
Droodae,hyjal,1373,druid,feral,59,33,26
Kalan,eredar,1373,druid,feral,36,19,17
Эскоф,gordunni,1372,druid,feral,116,59,57
Hottad,tarren-mill,1369,druid,feral,162,89,73
Ganjeez,kazzak,1369,druid,feral,66,30,36
Сэднхорни,howling-fjord,1369,druid,feral,49,22,27
Cörelly,ravencrest,1368,druid,feral,96,48,48
Crow,saurfang,1368,druid,feral,135,67,68
Chepochem,stormscale,1368,druid,feral,50,20,30
Stûnßîtêðêâð,ravencrest,1367,druid,feral,54,28,26
Enjoik,drakthul,1366,druid,feral,171,84,87
Lugtedyr,draenor,1366,druid,feral,65,30,35
Hushorde,twisting-nether,1366,druid,feral,71,31,40
Nevercloneqt,argent-dawn,1366,druid,feral,35,15,20
Blintschiki,echsenkessel,1363,druid,feral,71,32,39
Kimpine,kirin-tor,1362,druid,feral,121,63,58
Nîchtsnutz,blackmoore,1361,druid,feral,65,29,36
Kovlian,argent-dawn,1360,druid,feral,82,37,45
Криашин,goldrinn,1359,druid,feral,93,44,49
Elitarian,argent-dawn,1356,druid,feral,219,108,111
Mônchô,sanguino,1355,druid,feral,124,71,53
Sløthy,uldum,1355,druid,feral,52,26,26
Dilleydank,ravencrest,1353,druid,feral,27,15,12
ßußßo,ravencrest,1352,druid,feral,30,24,6
Mímír,frostmane,1351,druid,feral,36,15,21
Darkcon,silvermoon,1346,druid,feral,72,28,44
Laxmînken,sylvanas,1345,druid,feral,60,33,27
Inuah,veknilash,1345,druid,feral,129,62,67
Yhavi,kazzak,1344,druid,feral,56,30,26
Ferøsse,hyjal,1344,druid,feral,48,23,25
Развалустоев,blackscar,1344,druid,feral,57,25,32
Shizën,bladefist,1343,druid,feral,24,14,10
Snapeshifter,blackhand,1343,druid,feral,36,19,17
Bignik,tarren-mill,1343,druid,feral,30,14,16
Nîghtz,ravencrest,1342,druid,feral,27,15,12
Sølaria,kazzak,1342,druid,feral,30,14,16
Ефомитстерша,gordunni,1339,druid,feral,36,17,19
Teám,tarren-mill,1338,druid,feral,54,21,33
Snøwden,twisting-nether,1337,druid,feral,48,27,21
Hydorn,cthun,1337,druid,feral,62,27,35
Kasualx,stormscale,1336,druid,feral,81,39,42
Tyldormeow,tarren-mill,1336,druid,feral,239,114,125
Vancis,ravencrest,1335,druid,feral,69,35,34
Шэйпшифт,fordragon,1334,druid,feral,76,33,43
Paws,dun-modr,1332,druid,feral,90,46,44
Лякокля,soulflayer,1328,druid,feral,96,52,44
Liliolivia,outland,1327,druid,feral,24,14,10
Starliner,ravencrest,1326,druid,feral,36,14,22
Symbiosîs,stormscale,1324,druid,feral,59,27,32
Dadzeus,khaz-modan,1323,druid,feral,68,36,32
Drupal,argent-dawn,1323,druid,feral,65,34,31
Quikahn,outland,1323,druid,feral,30,14,16
Gonco,blackrock,1323,druid,feral,76,34,42
Basedgôd,alakir,1321,druid,feral,24,14,10
Ялория,azuregos,1319,druid,feral,30,14,16
Koumma,archimonde,1318,druid,feral,161,79,82
Lukeyferalxo,argent-dawn,1317,druid,feral,162,75,87
Балаклаваа,soulflayer,1316,druid,feral,29,18,11
Levila,defias-brotherhood,1315,druid,feral,54,33,21
Stelthee,silvermoon,1315,druid,feral,66,31,35
Kardashìan,ravencrest,1312,druid,feral,25,14,11
Kajhan,silvermoon,1312,druid,feral,101,52,49
Nightdruidcz,turalyon,1312,druid,feral,84,40,44
Liony,aegwynn,1311,druid,feral,47,24,23
Sgourakoss,twilights-hammer,1311,druid,feral,36,16,20
Yoshia,shadowsong,1309,druid,feral,72,29,43
Медверх,gordunni,1308,druid,feral,66,30,36
Dijem,wildhammer,1307,druid,feral,86,53,33
Kømo,draenor,1307,druid,feral,24,14,10
Majokz,ravencrest,1307,druid,feral,44,23,21
Regelè,sylvanas,1305,druid,feral,86,45,41
Рэво,gordunni,1303,druid,feral,24,14,10
Redlung,outland,1303,druid,feral,29,14,15
Jenelin,silvermoon,1300,druid,feral,34,15,19
Диаболус,gordunni,1299,druid,feral,68,33,35
Shàka,ravencrest,1299,druid,feral,29,14,15
Henessi,ragnaros,1299,druid,feral,62,27,35
Darkangelus,dethecus,1296,druid,feral,24,15,9
Kindermaxii,ravencrest,1295,druid,feral,78,38,40
Drudonja,silvermoon,1294,druid,feral,150,74,76
Eprophet,stormscale,1293,druid,feral,54,20,34
Канвус,gordunni,1292,druid,feral,81,40,41
Liya,ravencrest,1292,druid,feral,48,15,33
Ghettoven,kazzak,1290,druid,feral,93,45,48
Golddy,hyjal,1289,druid,feral,37,18,19
Turkus,draenor,1289,druid,feral,150,69,81
Bilis,nazjatar,1289,druid,feral,48,19,29
Grimgoor,burning-legion,1288,druid,feral,100,53,47
Chinoiserie,aszune,1287,druid,feral,48,26,22
Druidicmorr,sylvanas,1287,druid,feral,79,33,46
Nå,outland,1285,druid,feral,167,81,86
Biffsteak,blackhand,1282,druid,feral,344,168,176
Naetsch,blackrock,1281,druid,feral,50,21,29
Malfurryon,drakthul,1272,druid,feral,72,36,36
Хокан,deepholm,1271,druid,feral,31,15,16
Loryaayroll,stormscale,1271,druid,feral,36,14,22
Йванныч,gordunni,1268,druid,feral,55,27,28
Беркамп,howling-fjord,1267,druid,feral,129,55,74
Nøwørnever,ulduar,1267,druid,feral,122,51,71
Manoestouro,draenor,1267,druid,feral,60,22,38
Owling,antonidas,1266,druid,feral,120,67,53
Everglow,argent-dawn,1266,druid,feral,284,139,145
Ayahuàzka,dalaran,1262,druid,feral,42,14,28
Baccthana,auchindoun,1261,druid,feral,109,41,68
Cleandc,blackhand,1260,druid,feral,40,24,16
Koffee,archimonde,1259,druid,feral,48,23,25
Shinshìva,twisting-nether,1255,druid,feral,211,107,104
Naturalie,silvermoon,1255,druid,feral,78,31,47
Pepeja,doomhammer,1253,druid,feral,24,15,9
Dougi,argent-dawn,1252,druid,feral,60,28,32
Garfield,uldum,1249,druid,feral,47,25,22
Ведмедив,blackscar,1249,druid,feral,84,36,48
Herten,tarren-mill,1249,druid,feral,36,15,21
Ferrariferal,nethersturm,1248,druid,feral,18,13,5
Bignoober,blackrock,1248,druid,feral,29,13,16
Taigarus,aerie-peak,1246,druid,feral,72,34,38
Weedum,kazzak,1246,druid,feral,36,14,22
Druiidou,dalaran,1246,druid,feral,36,13,23
Malvakten,kazzak,1244,druid,feral,31,17,14
Whizkazz,ravencrest,1243,druid,feral,45,26,19
Samian,turalyon,1243,druid,feral,24,13,11
Shifthappens,dun-modr,1242,druid,feral,24,13,11
Twyty,khaz-modan,1242,druid,feral,173,84,89
Nalaa,festung-der-stürme,1242,druid,feral,142,63,79
Shiningztar,twisting-nether,1240,druid,feral,59,33,26
Hecky,xavius,1240,druid,feral,30,15,15
Jxst,tarren-mill,1240,druid,feral,54,21,33
Righttwix,blackrock,1239,druid,feral,24,13,11
Salseo,uldum,1239,druid,feral,33,14,19
Storslev,stormscale,1237,druid,feral,192,84,108
Blacknight,aggramar,1236,druid,feral,51,21,30
Нуаду,gordunni,1235,druid,feral,129,57,72
Кеорл,gordunni,1234,druid,feral,108,46,62
Zyhm,archimonde,1233,druid,feral,24,13,11
Krekigaadzre,draenor,1231,druid,feral,67,36,31
Webla,blackmoore,1231,druid,feral,29,15,14
Deviantdruid,tarren-mill,1231,druid,feral,39,20,19
Hàlunkè,eredar,1230,druid,feral,24,13,11
Weydjin,garona,1230,druid,feral,36,17,19
Катяблум,gordunni,1230,druid,feral,30,13,17
Jaghut,burning-legion,1229,druid,feral,36,20,16
Kintax,drakthul,1229,druid,feral,93,51,42
Shifabull,kazzak,1229,druid,feral,35,17,18
Iloveadriana,kiljaeden,1229,druid,feral,42,19,23
Beckett,aszune,1229,druid,feral,36,13,23
Andros,arathor,1229,druid,feral,42,15,27
Shaggery,stormscale,1227,druid,feral,93,39,54
Ildrin,ragnaros,1226,druid,feral,30,19,11
Whísperclaw,ravencrest,1226,druid,feral,41,21,20
Dawodz,archimonde,1222,druid,feral,38,16,22
Jdogger,tarren-mill,1219,druid,feral,24,13,11
Noyake,ragnaros,1214,druid,feral,60,28,32
Azmerloth,antonidas,1214,druid,feral,36,13,23
Moonglade,deathwing,1214,druid,feral,39,14,25
Defløwer,aegwynn,1213,druid,feral,42,21,21
Pitý,kaelthas,1213,druid,feral,41,13,28
Niknikola,silvermoon,1212,druid,feral,36,13,23
Kageioshi,kazzak,1211,druid,feral,84,47,37
Putzé,blackrock,1209,druid,feral,30,19,11
Смизм,gordunni,1209,druid,feral,38,19,19
Treeflogger,ravencrest,1205,druid,feral,102,47,55
Dudeimgodly,ravencrest,1205,druid,feral,42,13,29
Jaxtn,tarren-mill,1204,druid,feral,52,25,27
Dirtyfantasy,alakir,1199,druid,feral,66,36,30
Malfyurion,ragnaros,1199,druid,feral,232,114,118
Azenoir,ravencrest,1199,druid,feral,39,14,25
Slaaya,ravencrest,1198,druid,feral,24,14,10
Juraci,forscherliga,1198,druid,feral,23,13,10
Liionheart,khaz-modan,1198,druid,feral,60,29,31
Devonshira,ravencrest,1198,druid,feral,36,14,22
Kittasek,drakthul,1197,druid,feral,48,30,18
Kirmelastas,kazzak,1197,druid,feral,104,50,54
Agè,stormscale,1196,druid,feral,50,16,34
Богарт,soulflayer,1193,druid,feral,24,14,10
Xqeon,blackrock,1190,druid,feral,36,19,17
Yøløswag,naxxramas,1188,druid,feral,139,77,62
Womanhood,ravencrest,1188,druid,feral,42,13,29
Icqnot,arthas,1187,druid,feral,36,13,23
Collnaris,ravencrest,1186,druid,feral,26,15,11
Snootxt,blackmoore,1185,druid,feral,54,23,31
Класк,gordunni,1183,druid,feral,36,19,17
Фэк,eversong,1183,druid,feral,32,14,18
Nightfáll,tarren-mill,1181,druid,feral,101,45,56
Zaltaruk,sanguino,1173,druid,feral,257,128,129
Cemiink,drakthul,1170,druid,feral,28,13,15
Скагуар,blackscar,1165,druid,feral,110,49,61
Менстряк,howling-fjord,1165,druid,feral,36,14,22
Maylon,darksorrow,1164,druid,feral,113,51,62
Yorashi,blackhand,1162,druid,feral,42,27,15
Tranduiil,drakthul,1162,druid,feral,138,78,60
Moonpuff,kazzak,1161,druid,feral,51,27,24
Mgelolaf,doomhammer,1159,druid,feral,36,19,17
Lorcàn,argent-dawn,1159,druid,feral,98,44,54
Voreli,silvermoon,1152,druid,feral,24,12,12
Howtonio,archimonde,1151,druid,feral,18,12,6
Zbear,kazzak,1151,druid,feral,36,16,20
Råbi,ravencrest,1151,druid,feral,33,13,20
Noobbiiee,silvermoon,1150,druid,feral,24,13,11
Sùmmèrz,ravencrest,1150,druid,feral,24,12,12
Zethane,ragnaros,1149,druid,feral,54,22,32
Amandial,silvermoon,1149,druid,feral,30,12,18
Mavne,outland,1147,druid,feral,24,12,12
Frs,bladefist,1147,druid,feral,30,12,18
Tibozx,stormscale,1146,druid,feral,36,21,15
Melondru,dun-modr,1145,druid,feral,24,12,12
Ra,stormscale,1145,druid,feral,24,12,12
Sethread,ragnaros,1145,druid,feral,30,12,18
Veryfast,blackhand,1142,druid,feral,24,12,12
Xoat,marécage-de-zangar,1140,druid,feral,30,12,18
Kyoshî,blackmoore,1139,druid,feral,248,125,123
Mickayøyø,khaz-modan,1138,druid,feral,42,13,29
Jinxaran,culte-de-la-rive-noire,1135,druid,feral,36,12,24
Vicendius,drakthul,1132,druid,feral,48,23,25
Lakaport,dun-modr,1132,druid,feral,30,13,17
Catbear,kazzak,1130,druid,feral,30,14,16
Шйшка,gordunni,1129,druid,feral,92,33,59
Millenia,darkmoon-faire,1127,druid,feral,133,65,68
Käissi,blackmoore,1127,druid,feral,60,27,33
Михася,gordunni,1125,druid,feral,29,13,16
Lemmí,frostwolf,1125,druid,feral,54,24,30
Кыцко,soulflayer,1124,druid,feral,24,12,12
Domänia,onyxia,1124,druid,feral,43,15,28
Naheliaqt,outland,1121,druid,feral,24,12,12
Swagmode,draenor,1119,druid,feral,49,30,19
Miracoplixx,blackrock,1119,druid,feral,33,13,20
Tussenfryd,draenor,1117,druid,feral,221,100,121
Zeyne,ravencrest,1117,druid,feral,48,21,27
Progodd,silvermoon,1116,druid,feral,78,40,38
Dash,the-maelstrom,1116,druid,feral,30,13,17
Taco,eredar,1115,druid,feral,67,22,45
Carakal,outland,1109,druid,feral,101,42,59
Denadu,turalyon,1109,druid,feral,90,28,62
Papan,sylvanas,1100,druid,feral,66,34,32
Mudpie,stormscale,1100,druid,feral,61,26,35
Арвелл,gordunni,1099,druid,feral,30,13,17
Bæghira,draenor,1095,druid,feral,100,55,45
Mistic,twisting-nether,1095,druid,feral,55,29,26
Arnwaald,kaelthas,1095,druid,feral,54,25,29
Мукару,howling-fjord,1094,druid,feral,48,26,22
Mîyukí,ravencrest,1094,druid,feral,48,23,25
Zivertgodx,argent-dawn,1093,druid,feral,48,23,25
Терамин,howling-fjord,1093,druid,feral,42,17,25
Nicos,elune,1091,druid,feral,29,13,16
Vidlna,outland,1089,druid,feral,60,26,34
Йонарк,gordunni,1087,druid,feral,41,20,21
Teacherr,quelthalas,1087,druid,feral,122,50,72
Greengünter,blackmoore,1086,druid,feral,22,12,10
Derzis,eonar,1084,druid,feral,72,35,37
Rootznloots,draenor,1082,druid,feral,48,26,22
Feraligator,sanguino,1081,druid,feral,180,84,96
Isaye,archimonde,1080,druid,feral,153,69,84
Emrys,teldrassil,1079,druid,feral,53,14,39
Sherkàn,dalaran,1074,druid,feral,43,24,19
Aniprimal,auchindoun,1074,druid,feral,24,12,12
Mcservietsky,chogall,1073,druid,feral,40,13,27
Blazoor,frostwolf,1072,druid,feral,58,29,29
Tombenuit,tarren-mill,1072,druid,feral,24,12,12
Брэмблс,soulflayer,1068,druid,feral,44,22,22
Shymä,hyjal,1068,druid,feral,103,41,62
Taatz,stormscale,1066,druid,feral,45,28,17
Álex,anachronos,1061,druid,feral,96,41,55
Exortas,kazzak,1058,druid,feral,112,49,63
Sumecx,aegwynn,1056,druid,feral,18,11,7
Асония,deathguard,1056,druid,feral,24,11,13
Vahid,antonidas,1055,druid,feral,12,11,1
Garoh,dalaran,1055,druid,feral,24,11,13
Salviaf,silvermoon,1055,druid,feral,94,43,51
Belsebub,ravencrest,1055,druid,feral,30,11,19
Wizzlafa,ravencrest,1054,druid,feral,18,11,7
Starasta,magtheridon,1054,druid,feral,24,11,13
Ashtral,kazzak,1054,druid,feral,24,11,13
Wildmushroom,drakthul,1054,druid,feral,41,12,29
Runeclaws,twisting-nether,1053,druid,feral,18,11,7
Liptonbite,blackhand,1053,druid,feral,36,11,25
Lenzork,thrall,1051,druid,feral,30,11,19
Togara,kazzak,1050,druid,feral,24,11,13
Tsajj,stormreaver,1049,druid,feral,63,34,29
Muffinjump,outland,1049,druid,feral,65,28,37
Huginmuninn,outland,1046,druid,feral,54,28,26
Maethar,stormrage,1046,druid,feral,30,11,19
Zaibiendormi,kirin-tor,1045,druid,feral,71,32,39
Stéely,ravencrest,1044,druid,feral,42,24,18
Growshax,nerzhul,1043,druid,feral,20,13,7
Ivìs,nemesis,1043,druid,feral,132,55,77
Battleray,twisting-nether,1040,druid,feral,75,34,41
Zokix,doomhammer,1040,druid,feral,30,12,18
Darrkseid,kazzak,1038,druid,feral,18,11,7
Larkos,grim-batol,1038,druid,feral,78,37,41
Oblivark,draenor,1038,druid,feral,24,11,13
Jamaican,outland,1038,druid,feral,78,33,45
Bäkø,dun-modr,1038,druid,feral,36,13,23
Спэкк,gordunni,1037,druid,feral,72,29,43
Herbstkind,frostmourne,1034,druid,feral,35,12,23
Melfir,dun-modr,1033,druid,feral,46,17,29
Reawen,drakthul,1033,druid,feral,30,11,19
Kermit,die-aldor,1032,druid,feral,81,32,49
Ripndip,eredar,1031,druid,feral,106,52,54
Kynji,twisting-nether,1030,druid,feral,170,78,92
Tastyrawr,blackhand,1029,druid,feral,24,11,13
Eternas,elune,1027,druid,feral,82,37,45
Ивантяй,gordunni,1026,druid,feral,24,11,13
Hetalia,culte-de-la-rive-noire,1025,druid,feral,24,13,11
Dooferdudu,azshara,1023,druid,feral,33,11,22
Amoonaa,kazzak,1020,druid,feral,54,28,26
Whiterun,pozzo-delleternità,1020,druid,feral,31,13,18
Hönör,ysondre,1016,druid,feral,183,87,96
Boombassador,stormscale,1012,druid,feral,36,20,16
Phanterus,chamber-of-aspects,1012,druid,feral,24,11,13
Твойбарсик,gordunni,1012,druid,feral,48,13,35
Chlambak,archimonde,1009,druid,feral,30,17,13
Carldroid,sylvanas,1009,druid,feral,28,13,15
Knææl,argent-dawn,1006,druid,feral,68,28,40
Bumsbert,teldrassil,1005,druid,feral,54,30,24
Smittly,bloodhoof,1005,druid,feral,58,23,35
Ytzù,archimonde,1004,druid,feral,17,11,6
Harryharrt,veknilash,1004,druid,feral,42,18,24
Rellena,khaz-modan,1003,druid,feral,63,31,32
Маветт,blackscar,1002,druid,feral,81,40,41
Пивч,soulflayer,1002,druid,feral,33,12,21
Clawdiá,silvermoon,1001,druid,feral,63,30,33
Morfâns,ragnaros,1001,druid,feral,60,27,33
Grynoth,silvermoon,1000,druid,feral,36,14,22
Неваляка,gordunni,997,druid,feral,23,11,12
Poxu,eredar,996,druid,feral,36,12,24
Фаллендэл,gordunni,993,druid,feral,43,24,19
Trikill,hyjal,990,druid,feral,55,19,36
Sìíta,dun-modr,986,druid,feral,36,13,23
Muryo,der-rat-von-dalaran,985,druid,feral,66,25,41
Tl,archimonde,983,druid,feral,151,66,85
Terror,agamaggan,983,druid,feral,36,12,24
Rakuy,thrall,981,druid,feral,27,11,16
Mpounia,twilights-hammer,979,druid,feral,107,53,54
Descendance,ysondre,978,druid,feral,103,51,52
Janjalism,silvermoon,973,druid,feral,63,34,29
Élmunia,ravencrest,970,druid,feral,48,23,25
Impertinent,outland,970,druid,feral,26,11,15
Lutis,magtheridon,967,druid,feral,84,36,48
Ryseqt,nemesis,960,druid,feral,12,10,2
Tjxaxa,ravencrest,960,druid,feral,12,10,2
Flufie,alexstrasza,960,druid,feral,18,10,8
Shylovez,aegwynn,960,druid,feral,18,10,8
Møonknight,ravencrest,960,druid,feral,18,10,8
Tatabomba,archimonde,960,druid,feral,102,50,52
Suggly,ysondre,959,druid,feral,18,10,8
Mikor,aegwynn,959,druid,feral,18,10,8
Beerista,tarren-mill,959,druid,feral,24,11,13
Luphrekfurry,ysondre,959,druid,feral,24,10,14
Hahafun,ravencrest,959,druid,feral,24,10,14
Filiduttkatt,ravencrest,958,druid,feral,18,10,8
Dipz,frostwolf,958,druid,feral,18,10,8
Cyph,shadowsong,958,druid,feral,18,10,8
Saabeq,hyjal,958,druid,feral,24,10,14
Nefertiti,baelgun,958,druid,feral,30,10,20
Chikiz,ghostlands,957,druid,feral,18,10,8
Sadasch,dun-morogh,956,druid,feral,66,20,46
Zjukov,ragnaros,955,druid,feral,24,10,14
Corrupthz,outland,955,druid,feral,24,10,14
Tøktøk,blackhand,954,druid,feral,18,10,8
Мехнакиске,howling-fjord,954,druid,feral,22,10,12
Pointlez,frostmane,954,druid,feral,24,10,14
Шонгу,soulflayer,953,druid,feral,24,10,14
Друлевой,greymane,948,druid,feral,24,12,12
Ультраафина,gordunni,946,druid,feral,24,10,14
Glanis,malorne,945,druid,feral,31,11,20
Реептилоид,soulflayer,942,druid,feral,24,10,14
Ðexteroth,sanguino,940,druid,feral,30,15,15
Wuzzington,outland,940,druid,feral,24,10,14
Papricat,kazzak,938,druid,feral,34,19,15
Беррсс,gordunni,938,druid,feral,36,10,26
Zhabka,silvermoon,937,druid,feral,99,51,48
Kratzbeiß,blackmoore,936,druid,feral,42,11,31
Sorron,blades-edge,926,druid,feral,36,19,17
Neischa,das-konsortium,925,druid,feral,36,16,20
Mordpaw,stormscale,925,druid,feral,26,11,15
Klatro,terokkar,923,druid,feral,95,47,48
Hermetic,turalyon,922,druid,feral,60,21,39
Леминвинкс,eversong,920,druid,feral,30,17,13
Teddîursa,kazzak,915,druid,feral,34,10,24
Blacksagex,dragonmaw,910,druid,feral,17,10,7
Loafy,the-maelstrom,910,druid,feral,48,16,32
Maaghera,silvermoon,908,druid,feral,367,175,192
Zâtok,kargath,908,druid,feral,48,19,29
Gató,kazzak,899,druid,feral,32,11,21
Bislait,archimonde,896,druid,feral,66,24,42
Lohki,eredar,895,druid,feral,21,12,9
Jooriell,defias-brotherhood,893,druid,feral,42,21,21
Жекакотик,eversong,888,druid,feral,90,42,48
Düldül,kargath,883,druid,feral,235,111,124
Джирас,gordunni,883,druid,feral,38,14,24
Verbat,cthun,882,druid,feral,48,25,23
Эвгедент,deathguard,877,druid,feral,42,15,27
Phandris,argent-dawn,876,druid,feral,103,51,52
Maräanhatähr,silvermoon,876,druid,feral,42,12,30
Кошикк,azuregos,875,druid,feral,22,10,12
Nkoyi,argent-dawn,872,druid,feral,30,10,20
Béar,arathor,870,druid,feral,76,28,48
Saltow,archimonde,866,druid,feral,58,16,42
Urfi,tyrande,864,druid,feral,12,9,3
Fuzzylol,haomarush,864,druid,feral,18,9,9
Sixmonthbann,ravencrest,864,druid,feral,18,9,9
Vãrima,ravencrest,864,druid,feral,18,9,9
Aleatório,grim-batol,864,druid,feral,18,9,9
Rysejr,nemesis,864,druid,feral,18,9,9
Paramore,outland,864,druid,feral,18,9,9
Dragonferal,tarren-mill,864,druid,feral,18,9,9
Fyrka,aegwynn,864,druid,feral,18,9,9
Pølymorphe,ysondre,864,druid,feral,24,9,15
Rszn,ravencrest,864,druid,feral,24,9,15
Nicodruid,ravencrest,863,druid,feral,18,9,9
Fíja,blackmoore,863,druid,feral,18,9,9
Rbg,dun-modr,863,druid,feral,22,10,12
Aendy,tarren-mill,863,druid,feral,23,10,13
Àzà,dun-modr,863,druid,feral,21,9,12
Moderntalkin,aegwynn,863,druid,feral,29,12,17
Bearmeister,kazzak,863,druid,feral,24,9,15
Пиггипоп,soulflayer,863,druid,feral,24,9,15
Олежасутра,howling-fjord,863,druid,feral,30,9,21
Aggoth,drakthul,862,druid,feral,12,9,3
Erenalby,draenor,862,druid,feral,18,9,9
Мунфайр,galakrond,862,druid,feral,18,9,9
Кецян,gordunni,862,druid,feral,19,9,10
Линнер,lich-king,862,druid,feral,24,9,15
Эверблуми,howling-fjord,862,druid,feral,30,9,21
Currare,aegwynn,861,druid,feral,18,9,9
Exïlla,archimonde,861,druid,feral,18,9,9
Буйныйкот,gordunni,861,druid,feral,24,9,15
Minaye,hyjal,859,druid,feral,18,9,9
Nalreaa,kazzak,859,druid,feral,18,9,9
Caèlas,outland,859,druid,feral,18,9,9
Cøcøpøpsmøke,archimonde,859,druid,feral,30,12,18
Бруан,gordunni,859,druid,feral,24,9,15
Hadespool,sanguino,859,druid,feral,24,9,15
Feralzeus,sylvanas,858,druid,feral,24,9,15
Плагиат,grom,858,druid,feral,36,10,26
Wathen,argent-dawn,857,druid,feral,34,12,22
Toaa,antonidas,857,druid,feral,30,9,21
Астраджет,gordunni,856,druid,feral,12,9,3
Arntooth,burning-legion,856,druid,feral,94,39,55
Мегасв,gordunni,856,druid,feral,24,9,15
Hornet,sanguino,855,druid,feral,18,9,9
Hadesx,blackhand,855,druid,feral,60,26,34
Wainl,hyjal,854,druid,feral,30,9,21
Bgam,ravencrest,853,druid,feral,12,9,3
Мендея,gordunni,853,druid,feral,18,9,9
Croucher,shattrath,850,druid,feral,42,9,33
Plingan,argent-dawn,847,druid,feral,17,9,8
Lirtiasan,forscherliga,847,druid,feral,18,9,9
Muju,stormscale,847,druid,feral,35,16,19
Almightydudu,draenor,846,druid,feral,24,9,15
Frökensuss,stormscale,844,druid,feral,27,12,15
Ziovris,silvermoon,839,druid,feral,33,9,24
Miukïna,archimonde,837,druid,feral,12,9,3
Fyralion,silvermoon,832,druid,feral,20,10,10
Горртек,howling-fjord,831,druid,feral,48,18,30
Рефикс,gordunni,827,druid,feral,17,9,8
Itzferal,durotan,820,druid,feral,20,9,11
Snupy,outland,815,druid,feral,17,9,8
Зенза,howling-fjord,815,druid,feral,27,9,18
Kîñg,tarren-mill,814,druid,feral,106,48,58
Nuashoa,argent-dawn,806,druid,feral,22,10,12
Eivy,frostmane,793,druid,feral,67,21,46
Dulidica,tarren-mill,789,druid,feral,22,9,13
Bimoon,archimonde,788,druid,feral,22,10,12
Zulazain,bladefist,787,druid,feral,91,35,56
Mommonga,onyxia,777,druid,feral,56,21,35
Snkxo,perenolde,768,druid,feral,12,8,4
Kgn,blackmoore,768,druid,feral,12,8,4
Hakuchey,aegwynn,768,druid,feral,12,8,4
Kattenover,stormscale,768,druid,feral,12,8,4
Drach,ravencrest,768,druid,feral,12,8,4
Gódcómplèx,silvermoon,768,druid,feral,15,9,6
Iproxy,dalaran,768,druid,feral,18,8,10
Muucat,twisting-nether,768,druid,feral,24,8,16
Svxstarz,archimonde,768,druid,feral,30,8,22
Älênkâ,drakthul,768,druid,feral,30,8,22
Mapitom,stormscale,768,druid,feral,34,9,25
Kørnuto,nemesis,767,druid,feral,12,8,4
Firrothe,die-aldor,767,druid,feral,15,9,6
Léxa,sunstrider,767,druid,feral,18,8,10
Стэлларпауэр,gordunni,767,druid,feral,18,8,10
Braindamage,aegwynn,767,druid,feral,18,8,10
Jeezuschrist,archimonde,767,druid,feral,18,8,10
Seysso,silvermoon,767,druid,feral,18,8,10
Baummaschine,blackrock,767,druid,feral,24,8,16
Pneuma,xavius,767,druid,feral,24,8,16
Laek,chogall,767,druid,feral,24,8,16
Imsothorny,genjuros,767,druid,feral,24,8,16
Acéré,archimonde,767,druid,feral,24,8,16
Взпешка,gordunni,766,druid,feral,12,8,4
Kutjing,dun-modr,766,druid,feral,12,8,4
Harbis,silvermoon,766,druid,feral,18,8,10
Thielyy,blackmoore,766,druid,feral,18,8,10
Cosiris,elune,766,druid,feral,36,12,24
Krvopito,tarren-mill,765,druid,feral,12,8,4
Dracaan,boulderfist,765,druid,feral,12,8,4
Plankface,ravencrest,765,druid,feral,18,8,10
Koshde,blackrock,765,druid,feral,18,8,10
Chunkeykill,alonsus,765,druid,feral,18,8,10
Шадараф,howling-fjord,765,druid,feral,21,9,12
Vorag,dalaran,765,druid,feral,24,8,16
Lukass,drakthul,764,druid,feral,18,8,10
Bâlou,nathrezim,764,druid,feral,18,8,10
Djsnigel,stormscale,764,druid,feral,24,8,16
Shuffey,frostmane,763,druid,feral,12,8,4
Jimmorris,eredar,763,druid,feral,20,10,10
Flippintwit,quelthalas,763,druid,feral,24,8,16
Holditorsken,grim-batol,761,druid,feral,18,8,10
Razorleaf,turalyon,761,druid,feral,24,8,16
Théó,grim-batol,759,druid,feral,47,19,28
Druidou,kaelthas,756,druid,feral,30,8,22
Jupter,burning-blade,755,druid,feral,18,8,10
Kaycea,ragnaros,754,druid,feral,30,8,22
Khai,argent-dawn,748,druid,feral,24,8,16
Nuada,skullcrusher,745,druid,feral,17,8,9
Pegert,aegwynn,736,druid,feral,16,8,8
Âltashamane,elune,733,druid,feral,17,8,9
Ellefina,suramar,723,druid,feral,29,8,21
Aègon,ravencrest,719,druid,feral,15,8,7
Cyriaan,eredar,719,druid,feral,17,8,9
Payday,darksorrow,712,druid,feral,21,8,13
Greenfingerz,azjolnerub,712,druid,feral,30,8,22
Деникин,thermaplugg,711,druid,feral,36,12,24
Euskal,chogall,703,druid,feral,14,8,6
Asarune,hyjal,703,druid,feral,20,9,11
Xarxius,sanguino,699,druid,feral,32,8,24
Hrtbrkn,ravencrest,672,druid,feral,12,7,5
Lolhaha,ravencrest,672,druid,feral,12,7,5
Snkyferalmov,aegwynn,672,druid,feral,12,7,5
Goretterog,archimonde,672,druid,feral,12,7,5
Necorine,silvermoon,672,druid,feral,12,7,5
Jincksdruid,anachronos,672,druid,feral,12,7,5
Glookies,dun-modr,672,druid,feral,12,7,5
Pàntoffel,thrall,672,druid,feral,12,7,5
Симбиозный,howling-fjord,672,druid,feral,12,7,5
Диздру,howling-fjord,672,druid,feral,12,7,5
Zoobidu,garona,672,druid,feral,12,7,5
Колайна,gordunni,672,druid,feral,18,7,11
Flawkin,kazzak,672,druid,feral,18,7,11
Luveena,kazzak,672,druid,feral,18,7,11
Oni,kelthuzad,672,druid,feral,18,7,11
Coldkíng,twisting-nether,672,druid,feral,18,7,11
Dryáde,ravencrest,672,druid,feral,18,7,11
Marshy,kazzak,672,druid,feral,20,7,13
Zulucat,aegwynn,672,druid,feral,24,7,17
Zðe,la-croisade-écarlate,672,druid,feral,24,7,17
Déme,twisting-nether,671,druid,feral,12,7,5
Sôalôgel,blackrock,671,druid,feral,12,7,5
Druikraut,silvermoon,671,druid,feral,12,7,5
Bozidarka,burning-legion,671,druid,feral,12,7,5
Ytzü,archimonde,671,druid,feral,12,7,5
Kig,ragnaros,671,druid,feral,18,7,11
Bærbell,blackrock,671,druid,feral,18,7,11
Toron,dalaran,671,druid,feral,18,7,11
Tropicqt,ravencrest,671,druid,feral,18,7,11
Sheradel,argent-dawn,671,druid,feral,18,7,11
Falbâlas,hyjal,671,druid,feral,18,7,11
Lazerbinks,blackmoore,671,druid,feral,24,7,17
Axiu,kazzak,671,druid,feral,24,7,17
Aøn,silvermoon,671,druid,feral,24,7,17
Biorythm,draenor,670,druid,feral,12,7,5
Котпартизан,gordunni,670,druid,feral,18,7,11
Tepni,ragnaros,670,druid,feral,18,7,11
Aubenuit,dalaran,670,druid,feral,24,7,17
Radime,khaz-modan,669,druid,feral,12,7,5
Envidius,kazzak,669,druid,feral,12,7,5
Toredorxy,blackrock,669,druid,feral,12,7,5
Leidbulle,blackrock,669,druid,feral,18,7,11
Stoormrage,deathwing,668,druid,feral,12,7,5
Afta,ysondre,668,druid,feral,12,7,5
Nidaalee,thrall,667,druid,feral,12,7,5
Rastinfalle,argent-dawn,667,druid,feral,18,7,11
Грэкхэк,soulflayer,666,druid,feral,15,8,7
Xicobahn,aggra-português,666,druid,feral,24,7,17
Fiagard,antonidas,662,druid,feral,12,7,5
Blejkv,defias-brotherhood,658,druid,feral,18,7,11
Mãui,blackhand,658,druid,feral,27,8,19
Ôpium,eldrethalas,658,druid,feral,24,7,17
Wingnutz,argent-dawn,654,druid,feral,24,7,17
Asrekar,karazhan,652,druid,feral,18,7,11
Drujdjel,die-todeskrallen,641,druid,feral,17,7,10
Nspirit,ravencrest,639,druid,feral,17,7,10
Лорирэнд,gordunni,623,druid,feral,23,7,16
Shalys,archimonde,622,druid,feral,11,7,4
Diktus,outland,618,druid,feral,14,8,6
Хённим,howling-fjord,607,druid,feral,11,7,4
Àyóorts,archimonde,607,druid,feral,14,7,7
Halabanaha,silvermoon,606,druid,feral,11,7,4
Zink,sanguino,590,druid,feral,25,7,18
Hadoukan,ravencrest,576,druid,feral,6,6,0
Flaiq,twisting-nether,576,druid,feral,6,6,0
Borja,malganis,576,druid,feral,12,6,6
Rimpularaisa,grim-batol,576,druid,feral,12,6,6
Túskér,stormscale,576,druid,feral,12,6,6
Asoli,aegwynn,576,druid,feral,12,6,6
Arlandia,drakthul,576,druid,feral,12,6,6
Seekx,silvermoon,576,druid,feral,12,6,6
Гримах,soulflayer,576,druid,feral,12,6,6
Imbadxx,kazzak,576,druid,feral,12,6,6
Biggestnick,ravencrest,576,druid,feral,12,6,6
Migaah,stormscale,576,druid,feral,12,6,6
Kittý,terokkar,576,druid,feral,12,6,6
Cagaboliches,sanguino,576,druid,feral,12,6,6
Swagdemonxd,outland,576,druid,feral,12,6,6
Iathem,dun-modr,576,druid,feral,12,6,6
Exoar,ravencrest,576,druid,feral,12,6,6
Druiderex,outland,576,druid,feral,12,6,6
Мцк,deathguard,576,druid,feral,12,6,6
Migalo,outland,576,druid,feral,12,6,6
Snkyexpress,aegwynn,576,druid,feral,12,6,6
Aslanah,hyjal,576,druid,feral,12,6,6
Ataxyhehe,sylvanas,576,druid,feral,12,6,6
Mikecat,aegwynn,576,druid,feral,12,6,6
Сиэн,ashenvale,576,druid,feral,12,6,6
Forrest,bronze-dragonflight,576,druid,feral,12,6,6
Дикарьчик,goldrinn,576,druid,feral,12,6,6
Iamtaladruid,archimonde,576,druid,feral,12,6,6
Mdtwoxo,tarren-mill,576,druid,feral,12,6,6
Svass,ragnaros,576,druid,feral,18,6,12
Taurendruid,the-maelstrom,576,druid,feral,18,6,12
Hasted,kazzak,576,druid,feral,18,6,12
Radauronny,malganis,576,druid,feral,18,6,12
Fur,antonidas,576,druid,feral,23,6,17
Трясишатай,gordunni,576,druid,feral,24,6,18
Teknó,ragnaros,575,druid,feral,6,6,0
Xurta,kazzak,575,druid,feral,12,6,6
Broccoliform,eredar,575,druid,feral,12,6,6
Patrík,twisting-nether,575,druid,feral,12,6,6
Druul,frostwolf,575,druid,feral,12,6,6
Ацкийдру,gordunni,575,druid,feral,12,6,6
Omegaheals,scarshield-legion,575,druid,feral,12,6,6
Psixx,blackhand,575,druid,feral,12,6,6
Varìx,ysondre,575,druid,feral,12,6,6
Kime,ysondre,575,druid,feral,12,6,6
Тое,soulflayer,575,druid,feral,12,6,6
Tróllinger,blackrock,575,druid,feral,12,6,6
Леромейкен,fordragon,575,druid,feral,12,6,6
Chrîslol,twisting-nether,575,druid,feral,18,6,12
Скайтибрайдх,gordunni,575,druid,feral,24,6,18
Docdruid,outland,575,druid,feral,24,6,18
Artjin,shattered-hand,574,druid,feral,12,6,6
Окнет,grom,574,druid,feral,12,6,6
Naxfae,argent-dawn,574,druid,feral,24,6,18
Alimona,the-venture-co,573,druid,feral,30,6,24
Avior,eonar,571,druid,feral,12,6,6
Грегориан,galakrond,571,druid,feral,12,6,6
Annajak,bloodfeather,570,druid,feral,12,6,6
Элинна,ashenvale,570,druid,feral,18,6,12
Catsgomeow,outland,558,druid,feral,17,6,11
Nuktuk,blackhand,554,druid,feral,17,6,11
Spangle,stormscale,554,druid,feral,21,7,14
Nefariz,dun-modr,544,druid,feral,16,6,10
Tayløre,ysondre,543,druid,feral,11,6,5
Shapeshifts,kul-tiras,543,druid,feral,11,6,5
Диджейкошка,howling-fjord,527,druid,feral,11,6,5
Sároman,ravencrest,526,druid,feral,17,6,11
Lionquokk,azjolnerub,512,druid,feral,10,6,4
Amuini,draenor,511,druid,feral,14,6,8
Ilsydur,shadowsong,510,druid,feral,20,6,14
Ryselol,nemesis,480,druid,feral,6,5,1
Shanikya,argent-dawn,480,druid,feral,6,5,1
Demiannie,argent-dawn,480,druid,feral,9,6,3
Aliyxo,aegwynn,480,druid,feral,9,6,3
Synzuu,turalyon,480,druid,feral,10,6,4
Xunjeral,blackhand,480,druid,feral,12,7,5
Einsfünfkcat,madmortem,480,druid,feral,12,5,7
Jabizz,azjolnerub,480,druid,feral,12,5,7
West,drakthul,480,druid,feral,12,5,7
Adileath,argent-dawn,480,druid,feral,12,5,7
Pronkson,tarren-mill,480,druid,feral,12,5,7
Chpochm,stormscale,480,druid,feral,12,5,7
Jooblob,guldan,480,druid,feral,12,5,7
Hipølita,zuljin,480,druid,feral,12,5,7
Guiltyas,turalyon,480,druid,feral,12,5,7
Акуламатата,soulflayer,480,druid,feral,12,5,7
Rapzr,argent-dawn,480,druid,feral,12,5,7
Bloomly,tarren-mill,480,druid,feral,12,5,7
Flum,darksorrow,480,druid,feral,12,5,7
Siire,ravencrest,480,druid,feral,12,5,7
Domturbo,blackhand,480,druid,feral,12,5,7
Epidruid,stormrage,480,druid,feral,12,5,7
Cnox,argent-dawn,480,druid,feral,12,5,7
Bezrark,arathor,480,druid,feral,12,5,7
Hardbasior,burning-legion,480,druid,feral,12,5,7
Vlashi,twisting-nether,480,druid,feral,12,5,7
Elarya,ragnaros,480,druid,feral,12,5,7
Deßradator,stormscale,480,druid,feral,12,5,7
Sketz,stormscale,480,druid,feral,12,5,7
Hrabioid,burning-legion,480,druid,feral,12,5,7
Refractory,jaedenar,480,druid,feral,12,5,7
Жеводанский,gordunni,480,druid,feral,12,5,7
Rímeru,blackmoore,480,druid,feral,12,5,7
Rèvelyth,nemesis,480,druid,feral,12,5,7
Мидинваернэ,gordunni,480,druid,feral,12,5,7
Оссава,blackscar,480,druid,feral,12,5,7
Shutupsandra,archimonde,480,druid,feral,12,5,7
Namata,archimonde,480,druid,feral,12,5,7
Johnnybims,eredar,480,druid,feral,12,5,7
Xirxy,silvermoon,480,druid,feral,18,5,13
Enylasi,hyjal,480,druid,feral,18,5,13
Bloodyredyx,ysera,480,druid,feral,18,5,13
Yiradur,stormscale,480,druid,feral,18,5,13
Wølveríne,frostmane,480,druid,feral,18,5,13
Derrezzed,stormscale,480,druid,feral,18,5,13
Pethebär,tarren-mill,480,druid,feral,18,5,13
Outtanowhere,drakthul,480,druid,feral,18,5,13
Mérias,archimonde,480,druid,feral,18,5,13
Tskilli,draenor,480,druid,feral,18,5,13
Лорья,azuregos,480,druid,feral,18,5,13
Cdsxr,outland,480,druid,feral,24,5,19
Eccology,silvermoon,480,druid,feral,24,5,19
Shifts,the-maelstrom,479,druid,feral,12,5,7
Thibagon,ysondre,479,druid,feral,12,5,7
Poskehh,outland,479,druid,feral,12,5,7
Zayam,archimonde,479,druid,feral,12,5,7
Telpha,onyxia,479,druid,feral,12,5,7
Astlanes,ysondre,479,druid,feral,12,5,7
Gatojuan,dun-modr,479,druid,feral,12,5,7
Mambalol,sanguino,479,druid,feral,12,5,7
Morsee,hellfire,479,druid,feral,12,5,7
Dorcelvision,archimonde,479,druid,feral,12,5,7
Iwillninjau,tarren-mill,479,druid,feral,18,5,13
Plandros,draenor,479,druid,feral,24,5,19
Vapuro,blackmoore,479,druid,feral,24,5,19
Перекурю,eversong,478,druid,feral,12,5,7
Агнотар,soulflayer,478,druid,feral,12,5,7
Эндердру,gordunni,478,druid,feral,12,5,7
Cattastrophe,bronzebeard,477,druid,feral,12,5,7
Marceeh,blackhand,477,druid,feral,30,5,25
Mitomen,ragnaros,476,druid,feral,12,5,7
Skylarr,alexstrasza,475,druid,feral,12,5,7
Altramuz,uldum,474,druid,feral,9,6,3
Jamera,stormscale,463,druid,feral,17,5,12
Apetino,dun-modr,447,druid,feral,11,5,6
Infêrno,twisting-nether,446,druid,feral,22,5,17
Гимодера,gordunni,431,druid,feral,11,5,6
Овналь,gordunni,431,druid,feral,11,5,6
Zynmeow,lordaeron,416,druid,feral,19,6,13
Бабакошка,gordunni,415,druid,feral,11,5,6
Nipply,ravencrest,415,druid,feral,15,6,9
Lybell,antonidas,414,druid,feral,14,5,9
Svarre,outland,413,druid,feral,10,5,5
Staness,khaz-modan,413,druid,feral,32,5,27
Dystaleon,blackrock,384,druid,feral,6,4,2
Plumitelv,outland,384,druid,feral,6,4,2
Høtz,dalaran,384,druid,feral,6,4,2
Kralox,hyjal,384,druid,feral,6,4,2
Ryáanz,ravencrest,384,druid,feral,6,4,2
Takamizy,ysondre,384,druid,feral,6,4,2
Naraxz,ravencrest,384,druid,feral,6,4,2
Rêdx,archimonde,384,druid,feral,6,4,2
Notaxtin,ravencrest,384,druid,feral,6,4,2
Ábomínatíon,draenor,384,druid,feral,6,4,2
Catleyia,ravencrest,384,druid,feral,6,4,2
Furiol,darksorrow,384,druid,feral,6,4,2
Коксвейн,ashenvale,384,druid,feral,6,4,2
Noxxzar,stormscale,384,druid,feral,6,4,2
Knatch,outland,384,druid,feral,6,4,2
Gyome,sargeras,384,druid,feral,6,4,2
Kowtuerz,silvermoon,384,druid,feral,6,4,2
Шабашиоргия,soulflayer,384,druid,feral,6,4,2
Greenlips,ravencrest,384,druid,feral,6,4,2
Idraly,kirin-tor,384,druid,feral,6,4,2
Akifumi,archimonde,384,druid,feral,6,4,2
Improved,hyjal,384,druid,feral,6,4,2
Kkriss,stormscale,384,druid,feral,6,4,2
Крофтт,goldrinn,384,druid,feral,6,4,2
Osaviciosa,shendralar,384,druid,feral,6,4,2
Epikeks,blackmoore,384,druid,feral,10,5,5
Dèxò,blackmoore,384,druid,feral,17,7,10
ßlackßåmßå,zuljin,384,druid,feral,12,4,8
Мумя,howling-fjord,384,druid,feral,12,4,8
Ociroza,outland,384,druid,feral,12,4,8
Drodiax,outland,384,druid,feral,12,4,8
Турбокалясик,gordunni,384,druid,feral,12,4,8
Алендор,deathguard,384,druid,feral,12,4,8
Солнцеедка,gordunni,384,druid,feral,12,4,8
Ushioxtora,outland,384,druid,feral,12,4,8
Klayx,rexxar,384,druid,feral,12,4,8
Nibbl,doomhammer,384,druid,feral,12,4,8
Valkeryu,hyjal,384,druid,feral,12,4,8
Goatmeal,draenor,384,druid,feral,12,4,8
Skinnyleg,baelgun,384,druid,feral,12,4,8
Фдру,eversong,384,druid,feral,12,4,8
Giaya,turalyon,384,druid,feral,12,4,8
Vitaex,blackrock,384,druid,feral,12,4,8
Wikus,kazzak,384,druid,feral,12,4,8
Risibisi,blackmoore,384,druid,feral,12,4,8
Kidabductorx,draenor,384,druid,feral,12,4,8
Éxy,kazzak,384,druid,feral,12,4,8
Gruffeline,marécage-de-zangar,384,druid,feral,12,4,8
Derni,burning-legion,384,druid,feral,12,4,8
Tenader,draenor,384,druid,feral,12,4,8
Ðeathwatch,ravencrest,384,druid,feral,12,4,8
Noxxll,gorgonnash,384,druid,feral,12,4,8
Helltoothz,ragnaros,384,druid,feral,12,4,8
Milkniatrump,tarren-mill,384,druid,feral,12,4,8
Deranion,drakthul,384,druid,feral,12,4,8
Dawgydawg,emerald-dream,384,druid,feral,12,4,8
Shiotake,hyjal,384,druid,feral,12,4,8
Lupa,drakthul,384,druid,feral,18,4,14
Wooden,terokkar,384,druid,feral,18,4,14
Bullhoezerx,silvermoon,384,druid,feral,18,4,14
Tigerroll,kazzak,384,druid,feral,30,4,26
Fendoras,argent-dawn,383,druid,feral,6,4,2
Kôhon,blackhand,383,druid,feral,6,4,2
Bearshift,aggra-português,383,druid,feral,6,4,2
Hartzig,blackmoore,383,druid,feral,6,4,2
Tsukuyómi,ragnaros,383,druid,feral,6,4,2
Vaalya,hyjal,383,druid,feral,12,4,8
Tettsu,silvermoon,383,druid,feral,12,4,8
Murraywolf,dun-modr,383,druid,feral,12,4,8
Fòggie,silvermoon,383,druid,feral,12,4,8
Asterya,dun-modr,383,druid,feral,16,5,11
Sheiheda,kazzak,383,druid,feral,18,4,14
Astøriøn,elune,383,druid,feral,18,4,14
Vanarea,argent-dawn,383,druid,feral,19,4,15
Jamaicanherb,bronzebeard,382,druid,feral,12,4,8
Hasdruida,zuljin,382,druid,feral,14,4,10
Kyth,forscherliga,382,druid,feral,18,4,14
Viølin,silvermoon,381,druid,feral,12,4,8
Yopi,stormscale,351,druid,feral,11,4,7
Rapuun,kult-der-verdammten,336,druid,feral,9,5,4
Wintx,ragnaros,329,druid,feral,24,7,17
Rixdudu,silvermoon,319,druid,feral,5,4,1
Ninmah,quelthalas,303,druid,feral,25,4,21
Alkurosa,sylvanas,288,druid,feral,6,3,3
Elflord,nemesis,288,druid,feral,6,3,3
Lyrasanna,argent-dawn,288,druid,feral,6,3,3
Swiftblow,argent-dawn,288,druid,feral,6,3,3
Madgazfanboi,ravencrest,288,druid,feral,6,3,3
Tofuchan,argent-dawn,288,druid,feral,6,3,3
Павлорион,gordunni,288,druid,feral,6,3,3
Millya,sargeras,288,druid,feral,6,3,3
Fraptal,dalaran,288,druid,feral,6,3,3
Kikïnøu,garona,288,druid,feral,6,3,3
Koudru,emerald-dream,288,druid,feral,6,3,3
Жексоул,gordunni,288,druid,feral,6,3,3
Snky,perenolde,288,druid,feral,6,3,3
Амахасла,deathweaver,288,druid,feral,6,3,3
Sylvy,dun-modr,288,druid,feral,6,3,3
Kúùsh,frostwolf,288,druid,feral,6,3,3
Druidicchi,stormscale,288,druid,feral,6,3,3
Высерыш,galakrond,288,druid,feral,6,3,3
Gargnda,tarren-mill,288,druid,feral,6,3,3
Yepnesse,khaz-modan,288,druid,feral,6,3,3
Cacatus,tarren-mill,288,druid,feral,6,3,3
Miruush,malganis,288,druid,feral,6,3,3
Hundavidsad,quelthalas,288,druid,feral,6,3,3
Muntherx,twisting-nether,288,druid,feral,6,3,3
Lunanikuya,ravencrest,288,druid,feral,6,3,3
Krïsu,ravencrest,288,druid,feral,6,3,3
Kørn,drakthul,288,druid,feral,6,3,3
Вагинн,soulflayer,288,druid,feral,6,3,3
Muffler,ragnaros,288,druid,feral,6,3,3
Syniixmeow,ravencrest,288,druid,feral,6,3,3
Drafter,ravencrest,288,druid,feral,6,3,3
Fearthecat,defias-brotherhood,288,druid,feral,6,3,3
Reservebär,blackhand,288,druid,feral,6,3,3
Ferpylul,ragnaros,288,druid,feral,6,3,3
Ðjkillercat,ravencrest,288,druid,feral,6,3,3
Бритаякиска,gordunni,288,druid,feral,6,3,3
Quentalius,argent-dawn,288,druid,feral,6,3,3
Starryraven,argent-dawn,288,druid,feral,6,3,3
Zusaria,azshara,288,druid,feral,6,3,3
Urgrull,baelgun,288,druid,feral,6,3,3
Nikta,trollbane,288,druid,feral,6,3,3
Мивинчик,ashenvale,288,druid,feral,6,3,3
Theonlydruid,frostmane,288,druid,feral,6,3,3
Dianabigby,silvermoon,288,druid,feral,6,3,3
Sweazx,archimonde,288,druid,feral,6,3,3
Oddform,silvermoon,288,druid,feral,6,3,3
Mäffu,silvermoon,288,druid,feral,6,3,3
Vigôuróuz,blackmoore,288,druid,feral,6,3,3
Wildthing,blackmoore,288,druid,feral,6,3,3
Pyaw,kazzak,288,druid,feral,6,3,3
Feign,blackmoore,288,druid,feral,6,3,3
Ysomnia,tirion,288,druid,feral,6,3,3
Shirí,hyjal,288,druid,feral,6,3,3
Bigbrrd,outland,288,druid,feral,6,3,3
Xercàs,outland,288,druid,feral,6,3,3
Zantill,chamber-of-aspects,288,druid,feral,7,3,4
Vrisanaar,bladefist,288,druid,feral,10,4,6
Shingeki,alonsus,288,druid,feral,8,3,5
Senoka,shattrath,288,druid,feral,12,3,9
Healnpeel,turalyon,288,druid,feral,12,3,9
Myex,exodar,288,druid,feral,12,3,9
Norlanda,ravencrest,288,druid,feral,12,3,9
Murzzilka,kazzak,288,druid,feral,12,3,9
Drocos,genjuros,288,druid,feral,12,3,9
Оленяпеченя,gordunni,288,druid,feral,12,3,9
Wheen,dun-morogh,288,druid,feral,12,3,9
Ferdax,outland,288,druid,feral,12,3,9
Kajirä,archimonde,288,druid,feral,12,3,9
Kittyclâw,perenolde,288,druid,feral,12,3,9
Xdrive,blackrock,288,druid,feral,12,3,9
Joshmoldr,aszune,288,druid,feral,12,3,9
Ddggss,ragnaros,288,druid,feral,12,3,9
Käisur,doomhammer,288,druid,feral,12,3,9
Qfrost,ragnaros,288,druid,feral,12,3,9
Zitusk,ragnaros,288,druid,feral,12,3,9
Phòènìx,twisting-nether,288,druid,feral,12,3,9
Azyol,argent-dawn,288,druid,feral,12,3,9
Ripern,silvermoon,288,druid,feral,12,3,9
Bénjî,khazgoroth,288,druid,feral,12,3,9
Onmyass,dragonblight,288,druid,feral,12,3,9
Elocat,blackmoore,288,druid,feral,12,3,9
Hahnvm,stormscale,288,druid,feral,12,3,9
Гибрайт,soulflayer,288,druid,feral,12,3,9
Skywíng,stormscale,288,druid,feral,12,3,9
Шокшо,soulflayer,288,druid,feral,12,3,9
Некрокэт,gordunni,288,druid,feral,17,3,14
Frincessa,burning-legion,288,druid,feral,18,3,15
Tallbutshort,stormscale,288,druid,feral,18,3,15
Ashamane,outland,288,druid,feral,18,3,15
Cemendur,bronzebeard,287,druid,feral,6,3,3
Moxxim,ragnaros,287,druid,feral,6,3,3
Giosis,stormscale,287,druid,feral,6,3,3
Vólotyr,ravencrest,287,druid,feral,12,3,9
Papírzsepi,ragnaros,287,druid,feral,18,3,15
Búll,aegwynn,287,druid,feral,24,3,21
Bakar,ghostlands,286,druid,feral,6,3,3
Puuhalí,stormreaver,286,druid,feral,6,3,3
Zottelmahne,blackrock,286,druid,feral,6,3,3
Dildor,ysondre,286,druid,feral,6,3,3
Rakúsh,thrall,286,druid,feral,13,4,9
Creadora,ravencrest,255,druid,feral,11,3,8
Bartax,culte-de-la-rive-noire,240,druid,feral,9,3,6
Ripbot,grim-batol,239,druid,feral,5,3,2
Persefal,garona,239,druid,feral,11,3,8
Anyône,dun-morogh,229,druid,feral,16,4,12
Tarmara,outland,223,druid,feral,8,3,5
Skiiter,draenor,223,druid,feral,14,3,11
Банихоуп,gordunni,192,druid,feral,4,3,1
Tommyferal,outland,192,druid,feral,4,3,1
Móurningwood,hellfire,192,druid,feral,6,2,4
Druipa,sylvanas,192,druid,feral,6,2,4
Seekíng,blackmoore,192,druid,feral,6,2,4
Growlithe,hellfire,192,druid,feral,6,2,4
Melcharis,frostwolf,192,druid,feral,6,2,4
Smirnó,aegwynn,192,druid,feral,6,2,4
Sàngha,frostwolf,192,druid,feral,6,2,4
Snûx,antonidas,192,druid,feral,6,2,4
Сверххищникк,soulflayer,192,druid,feral,6,2,4
Кентухен,gordunni,192,druid,feral,6,2,4
Buffaloh,antonidas,192,druid,feral,6,2,4
Likë,frostwolf,192,druid,feral,6,2,4
Casiu,blackmoore,192,druid,feral,6,2,4
Hairydøtter,aegwynn,192,druid,feral,6,2,4
Kormakurr,silvermoon,192,druid,feral,6,2,4
Leafceld,aggra-português,192,druid,feral,6,2,4
Cylàn,sylvanas,192,druid,feral,6,2,4
Yeats,blackmoore,192,druid,feral,6,2,4
Nidra,silvermoon,192,druid,feral,6,2,4
Jimmyxdd,kazzak,192,druid,feral,6,2,4
Indräkah,dun-modr,192,druid,feral,6,2,4
Lilkâzzam,blackrock,192,druid,feral,6,2,4
Angrykefir,draenor,192,druid,feral,6,2,4
Kokotinka,drakthul,192,druid,feral,6,2,4
Rabatout,eitrigg,192,druid,feral,6,2,4
Bomchickawah,antonidas,192,druid,feral,6,2,4
Feralsaber,ghostlands,192,druid,feral,6,2,4
Redyogurt,outland,192,druid,feral,6,2,4
Атиса,gordunni,192,druid,feral,6,2,4
Sandirion,silvermoon,192,druid,feral,6,2,4
Bïscøte,archimonde,192,druid,feral,6,2,4
Druiddamage,the-maelstrom,192,druid,feral,6,2,4
Rabacki,blackmoore,192,druid,feral,6,2,4
Smat,thunderhorn,192,druid,feral,6,2,4
Pöttli,blackhand,192,druid,feral,6,2,4
Lechaource,silvermoon,192,druid,feral,6,2,4
Womzas,blackhand,192,druid,feral,6,2,4
Ôkeanos,blackhand,192,druid,feral,6,2,4
Santamonica,blackrock,192,druid,feral,6,2,4
Tøpkittyg,twisting-nether,192,druid,feral,6,2,4
Píshi,silvermoon,192,druid,feral,6,2,4
Kiizal,twisting-nether,192,druid,feral,6,2,4
Kisskossa,stormscale,192,druid,feral,6,2,4
Lsdpinkcandy,twisting-nether,192,druid,feral,6,2,4
Sasðri,argent-dawn,192,druid,feral,6,2,4
Каирон,deepholm,192,druid,feral,6,2,4
Nelfboyuk,tarren-mill,192,druid,feral,6,2,4
Mjáy,tarren-mill,192,druid,feral,6,2,4
Leylajr,ravencrest,192,druid,feral,6,2,4
Jokiri,argent-dawn,192,druid,feral,6,2,4
Pitsas,silvermoon,192,druid,feral,6,2,4
Friidaf,lightbringer,192,druid,feral,6,2,4
Melcow,eredar,192,druid,feral,6,2,4
Nonstérilisé,dalaran,192,druid,feral,6,2,4
Aryitu,blackrock,192,druid,feral,6,2,4
Zooluu,ragnaros,192,druid,feral,6,2,4
Вендьета,blackscar,192,druid,feral,6,2,4
Snuggums,argent-dawn,192,druid,feral,6,2,4
Jænne,ysondre,192,druid,feral,6,2,4
Savagehèals,ravencrest,192,druid,feral,6,2,4
Csacsikuki,ragnaros,192,druid,feral,6,2,4
Comodruid,nemesis,192,druid,feral,6,2,4
Dwaokut,ravencrest,192,druid,feral,6,2,4
Getsomefunny,archimonde,192,druid,feral,6,2,4
Shyasiandru,area-52,192,druid,feral,6,2,4
Narawenn,ysondre,192,druid,feral,6,2,4
Avicî,ravencrest,192,druid,feral,6,2,4
Catwild,blackmoore,192,druid,feral,6,2,4
Szondykhan,ragnaros,192,druid,feral,6,2,4
Papjin,blackhand,192,druid,feral,6,2,4
Citrus,sargeras,192,druid,feral,6,2,4
Bóssít,doomhammer,192,druid,feral,6,2,4
Variolus,dun-modr,192,druid,feral,6,2,4
Zyron,sanguino,192,druid,feral,6,2,4
Lorya,terokkar,192,druid,feral,6,2,4
Цветий,howling-fjord,192,druid,feral,6,2,4
Lyvaley,dun-modr,192,druid,feral,6,2,4
Вохако,howling-fjord,192,druid,feral,6,2,4
Bigbear,stormrage,192,druid,feral,6,2,4
Lunaarria,blackrock,192,druid,feral,6,2,4
Metamø,blackrock,192,druid,feral,6,2,4
Senjí,archimonde,192,druid,feral,6,2,4
Routasydän,shattered-hand,192,druid,feral,6,2,4
Beginníng,outland,192,druid,feral,6,2,4
Glyn,earthen-ring,192,druid,feral,6,2,4
Voyerka,drakthul,192,druid,feral,6,2,4
Rrayed,kazzak,192,druid,feral,6,2,4
Erundrood,ysondre,192,druid,feral,6,2,4
Badbird,thunderhorn,192,druid,feral,6,2,4
Flewks,silvermoon,192,druid,feral,6,2,4
Zibark,nemesis,192,druid,feral,6,2,4
Glenn,alakir,192,druid,feral,6,2,4
Treepoloski,stormscale,192,druid,feral,6,2,4
Zouzouille,ravencrest,192,druid,feral,6,2,4
Frunze,sylvanas,192,druid,feral,9,2,7
Spidete,sanguino,192,druid,feral,9,2,7
Skyreapa,burning-legion,192,druid,feral,15,3,12
Ellaria,burning-legion,192,druid,feral,12,2,10
Steakotaur,chamber-of-aspects,192,druid,feral,12,2,10
Adawehi,ravencrest,192,druid,feral,12,2,10
Erelieva,silvermoon,192,druid,feral,12,2,10
Nicotex,draenor,192,druid,feral,12,2,10
Trànsformer,nemesis,192,druid,feral,12,2,10
Affines,the-maelstrom,192,druid,feral,12,2,10
Aaune,argent-dawn,192,druid,feral,12,2,10
Touchmehere,stormscale,192,druid,feral,12,2,10
Silverriver,ragnaros,192,druid,feral,12,2,10
Инфернох,gordunni,192,druid,feral,12,2,10
Rasgath,kazzak,192,druid,feral,12,2,10
Daìs,dalaran,192,druid,feral,12,2,10
Moundîr,archimonde,192,druid,feral,12,2,10
Naturexbot,silvermoon,192,druid,feral,12,2,10
Speegle,kazzak,192,druid,feral,12,2,10
Amoveo,argent-dawn,192,druid,feral,12,2,10
Kuw,archimonde,192,druid,feral,12,2,10
Klintxweed,hyjal,192,druid,feral,12,2,10
Gachal,kazzak,192,druid,feral,18,2,16
Jompemanfish,stormscale,191,druid,feral,6,2,4
Sellsarya,blackmoore,191,druid,feral,6,2,4
Citral,balnazzar,191,druid,feral,6,2,4
Luhxius,khaz-modan,191,druid,feral,6,2,4
Mivlang,kazzak,191,druid,feral,6,2,4
Nayato,draenor,191,druid,feral,12,2,10
Loriann,twisting-nether,191,druid,feral,18,2,16
Meuhtéki,hyjal,190,druid,feral,13,3,10
Avisa,blackhand,190,druid,feral,12,2,10
Shadøwdruid,silvermoon,190,druid,feral,18,2,16
Wolfly,ravencrest,179,druid,feral,21,7,14
Ilyethea,earthen-ring,175,druid,feral,11,2,9
Mazàr,pozzo-delleternità,160,druid,feral,10,2,8
Scisan,aggra-português,159,druid,feral,5,2,3
Korkskruven,draenor,159,druid,feral,5,2,3
Совулька,howling-fjord,159,druid,feral,5,2,3
Hiloqtdruid,blackmoore,159,druid,feral,5,2,3
Grawlex,silvermoon,159,druid,feral,11,2,9
Szamoca,hellfire,159,druid,feral,11,2,9
Bearfôrceône,blackrock,159,druid,feral,11,2,9
Loserforever,archimonde,144,druid,feral,3,3,0
Найадра,gordunni,144,druid,feral,9,2,7
Несессари,howling-fjord,144,druid,feral,15,2,13
Azaría,aegwynn,128,druid,feral,4,2,2
Belvrin,argent-dawn,128,druid,feral,4,2,2
Baniaucygana,draenor,127,druid,feral,4,2,2
Wurnas,silvermoon,121,druid,feral,15,3,12
Wolfheart,norgannon,96,druid,feral,3,2,1
Kátzumoto,kazzak,96,druid,feral,6,1,5
Legyna,ravencrest,96,druid,feral,6,1,5
Cowronavirus,zuljin,96,druid,feral,6,1,5
Benfufu,kazzak,96,druid,feral,6,1,5
Hyza,bronzebeard,96,druid,feral,6,1,5
Elhezar,dun-modr,96,druid,feral,6,1,5
Ayatola,conseil-des-ombres,96,druid,feral,6,1,5
Dohn,ravencrest,96,druid,feral,6,1,5
Thecousins,ravencrest,96,druid,feral,6,1,5
Horkz,frostmourne,96,druid,feral,6,1,5
Thaneo,blackmoore,96,druid,feral,6,1,5
Haragmancs,arathor,96,druid,feral,6,1,5
Fabulous,genjuros,96,druid,feral,6,1,5
Lemaromewmew,draenor,96,druid,feral,6,1,5
Aahboom,draenor,96,druid,feral,6,1,5
Albinoape,doomhammer,96,druid,feral,6,1,5
Hecone,los-errantes,96,druid,feral,6,1,5
Nidrien,doomhammer,96,druid,feral,6,1,5
Cegorach,xavius,96,druid,feral,6,1,5
Spoco,defias-brotherhood,96,druid,feral,6,1,5
Yaaji,archimonde,96,druid,feral,6,1,5
Anorixx,outland,96,druid,feral,6,1,5
Saliencias,kazzak,96,druid,feral,6,1,5
Majesty,nagrand,96,druid,feral,6,1,5
Bíerling,antonidas,96,druid,feral,6,1,5
Bolhás,defias-brotherhood,96,druid,feral,6,1,5
Stjärna,kult-der-verdammten,96,druid,feral,6,1,5
Bakslat,draenor,96,druid,feral,6,1,5
Арбузир,howling-fjord,96,druid,feral,6,1,5
Ragnai,emerald-dream,96,druid,feral,6,1,5
Teddytree,ravencrest,96,druid,feral,6,1,5
Plazmo,ravencrest,96,druid,feral,6,1,5
Бьеорн,gordunni,96,druid,feral,6,1,5
Benduu,doomhammer,96,druid,feral,6,1,5
Catgirlx,ravencrest,96,druid,feral,6,1,5
Seraxi,der-mithrilorden,96,druid,feral,6,1,5
Feyzode,ysondre,96,druid,feral,6,1,5
Hefdgaharald,antonidas,96,druid,feral,6,1,5
Мурталор,soulflayer,96,druid,feral,6,1,5
Hävefunny,archimonde,96,druid,feral,6,1,5
Strand,ragnaros,96,druid,feral,6,1,5
Папакамбэк,grom,96,druid,feral,6,1,5
Tael,argent-dawn,96,druid,feral,6,1,5
Markuslanz,blackrock,96,druid,feral,6,1,5
Yamsha,dalaran,96,druid,feral,6,1,5
Théodên,dalaran,96,druid,feral,6,1,5
Aristrea,dun-morogh,96,druid,feral,6,1,5
Tshungubuäch,eredar,96,druid,feral,6,1,5
Абапер,galakrond,96,druid,feral,6,1,5
Опаснокрасив,soulflayer,96,druid,feral,6,1,5
Plantz,argent-dawn,96,druid,feral,6,1,5
Sabresheep,twisting-nether,96,druid,feral,6,1,5
Moonroxx,elune,96,druid,feral,6,1,5
Zinister,hyjal,96,druid,feral,6,1,5
Имбахилка,lich-king,96,druid,feral,6,1,5
Onmamama,die-aldor,96,druid,feral,6,1,5
Yarrp,stormscale,96,druid,feral,6,1,5
Tinykiwi,silvermoon,96,druid,feral,6,1,5
Awán,aegwynn,96,druid,feral,6,1,5
Ashleyx,antonidas,96,druid,feral,6,1,5
Ãnimal,argent-dawn,96,druid,feral,6,1,5
Laaide,blackmoore,96,druid,feral,6,1,5
Venomjr,bloodhoof,96,druid,feral,6,1,5
Sodniss,aggra-português,96,druid,feral,6,1,5
Tartáros,blackrock,96,druid,feral,6,1,5
Jellybra,tarren-mill,96,druid,feral,6,1,5
Plàntz,tarren-mill,96,druid,feral,6,1,5
Lucianis,drakthul,96,druid,feral,6,1,5
Xenrakh,blackhand,96,druid,feral,6,1,5
Hârâohshît,blackmoore,96,druid,feral,6,1,5
Cesty,silvermoon,96,druid,feral,6,1,5
Nyç,tarren-mill,96,druid,feral,6,1,5
Hccl,blackhand,96,druid,feral,6,1,5
Muhehe,burning-blade,96,druid,feral,6,1,5
Eneel,malganis,96,druid,feral,6,1,5
Rbgbear,blackhand,96,druid,feral,6,1,5
Gurudru,tarren-mill,96,druid,feral,6,1,5
Heav,kiljaeden,96,druid,feral,6,1,5
Esyae,silvermoon,96,druid,feral,6,1,5
Каиавасе,gordunni,96,druid,feral,7,1,6
Arceuss,lothar,96,druid,feral,9,1,8
Toxii,argent-dawn,96,druid,feral,10,1,9
Dinopwns,silvermoon,96,druid,feral,11,1,10
Snorlaxza,ravencrest,96,druid,feral,12,1,11
Veyronn,burning-legion,96,druid,feral,12,1,11
Treébeárd,draenor,96,druid,feral,12,1,11
Voraxdr,draenor,96,druid,feral,12,1,11
Mäywen,ravencrest,96,druid,feral,12,1,11
Farnae,kirin-tor,96,druid,feral,12,1,11
Nakkikastike,magtheridon,96,druid,feral,12,1,11
Raferalston,nathrezim,96,druid,feral,12,1,11
Mássive,darkmoon-faire,96,druid,feral,12,1,11
Yabooni,ravencrest,96,druid,feral,12,1,11
Sempai,hyjal,96,druid,feral,18,1,17
Bidodici,nemesis,95,druid,feral,6,1,5
Allîyâ,archimonde,79,druid,feral,5,1,4
Forigiver,draenor,64,druid,feral,4,1,3
Tamakie,blackmoore,64,druid,feral,4,1,3
Прокси,gordunni,64,druid,feral,4,1,3
Lycal,chogall,63,druid,feral,2,2,0
Niowën,ragnaros,48,druid,feral,3,1,2
Cus,tarren-mill,48,druid,feral,3,1,2
Methàz,stormscale,31,druid,feral,2,1,1
Гримах,gordunni,16,druid,feral,1,1,0
Fuséton,tarren-mill,2490,druid,balance,427,255,172
Maroxd,stormscale,2419,druid,balance,126,87,39
Kaabeedo,ravencrest,2416,druid,balance,120,74,46
Immuz,kazzak,2407,druid,balance,178,103,75
Bbl,rexxar,2358,druid,balance,126,79,47
Gigacooker,ravencrest,2340,druid,balance,108,77,31
Merceý,ravencrest,2323,druid,balance,97,65,32
Brøkéday,kazzak,2304,druid,balance,114,71,43
Vabore,twisting-nether,2288,druid,balance,120,66,54
Shayîa,nozdormu,2284,druid,balance,98,63,35
Afky,stormreaver,2281,druid,balance,161,91,70
Melby,tarren-mill,2273,druid,balance,189,101,88
Shåmss,kazzak,2265,druid,balance,72,43,29
Wriong,ravencrest,2262,druid,balance,163,99,64
Wwboomy,kazzak,2261,druid,balance,156,82,74
Dezarden,die-aldor,2237,druid,balance,183,108,75
Moodý,aegwynn,2236,druid,balance,124,83,41
Celtimi,antonidas,2231,druid,balance,94,70,24
Muhammadali,ravencrest,2228,druid,balance,84,51,33
Bd,stormscale,2225,druid,balance,83,49,34
Skivesnulle,kazzak,2219,druid,balance,345,177,168
Zødzin,kazzak,2217,druid,balance,126,70,56
Tmeister,kazzak,2202,druid,balance,156,91,65
Batboomie,zuljin,2198,druid,balance,280,156,124
Trungoo,blackrock,2194,druid,balance,120,81,39
Broccoliboy,sylvanas,2190,druid,balance,222,118,104
Sleepz,blackrock,2185,druid,balance,137,91,46
Ackiz,ravencrest,2181,druid,balance,105,61,44
Isatá,ravencrest,2179,druid,balance,72,46,26
Eôxxd,blackrock,2177,druid,balance,125,80,45
Feelstreeman,twisting-nether,2174,druid,balance,78,46,32
Norgand,die-aldor,2173,druid,balance,42,33,9
Flanagân,hyjal,2171,druid,balance,60,36,24
Ursulaboomer,blackrock,2171,druid,balance,120,69,51
Handsoff,stormscale,2169,druid,balance,276,147,129
Øncê,durotan,2165,druid,balance,108,60,48
Zaoow,stormscale,2162,druid,balance,191,116,75
Shayia,aegwynn,2156,druid,balance,143,78,65
Catchmê,archimonde,2154,druid,balance,92,55,37
Deép,nazjatar,2149,druid,balance,138,71,67
Jwrld,stormscale,2145,druid,balance,78,40,38
Senfkai,kelthuzad,2144,druid,balance,66,53,13
Sleepyhallow,blackmoore,2143,druid,balance,106,61,45
Стомпбр,gordunni,2141,druid,balance,144,89,55
Sadgeconvoke,draenor,2141,druid,balance,394,226,168
Mopboomkin,twisting-nether,2140,druid,balance,90,48,42
Bigdambitex,draenor,2135,druid,balance,54,40,14
Jettad,ravencrest,2135,druid,balance,106,61,45
Slaugh,zuljin,2132,druid,balance,150,85,65
Agagagagagag,ravencrest,2129,druid,balance,108,59,49
Eviscreator,stormscale,2127,druid,balance,156,96,60
Shivany,twisting-nether,2126,druid,balance,192,100,92
Starbro,grim-batol,2125,druid,balance,78,42,36
Стомпбр,howling-fjord,2123,druid,balance,131,77,54
Ganqb,ravencrest,2121,druid,balance,519,286,233
Yore,tichondrius,2120,druid,balance,102,72,30
Jerrybeans,ravencrest,2120,druid,balance,102,64,38
Bumkin,bloodhoof,2120,druid,balance,72,41,31
Ööh,outland,2120,druid,balance,186,99,87
Kirexz,blackrock,2119,druid,balance,89,58,31
Klimakleber,ravencrest,2119,druid,balance,182,94,88
Thelire,silvermoon,2118,druid,balance,425,218,207
Эё,howling-fjord,2113,druid,balance,118,78,40
Okøë,marécage-de-zangar,2112,druid,balance,72,42,30
Boomky,blackmoore,2112,druid,balance,72,42,30
Winkler,kazzak,2109,druid,balance,50,38,12
Quadpulse,ravencrest,2109,druid,balance,75,42,33
Pikatwo,tyrande,2107,druid,balance,56,42,14
Shivany,outland,2105,druid,balance,204,120,84
Løsër,ravencrest,2105,druid,balance,110,58,52
Blanoz,ravencrest,2105,druid,balance,204,105,99
Bambye,stormscale,2104,druid,balance,242,146,96
Бубаджек,howling-fjord,2102,druid,balance,48,31,17
Connorz,blackmoore,2102,druid,balance,249,141,108
Lifeseed,ravencrest,2101,druid,balance,131,74,57
Bompfer,blackmoore,2095,druid,balance,78,43,35
Positivîty,stormscale,2093,druid,balance,182,106,76
Antahka,archimonde,2091,druid,balance,66,36,30
Izhusky,ravencrest,2087,druid,balance,174,100,74
Anéry,ravencrest,2081,druid,balance,76,46,30
Bittebads,stormscale,2079,druid,balance,72,46,26
Frapucino,ravencrest,2077,druid,balance,93,67,26
Ôwlnur,kult-der-verdammten,2077,druid,balance,103,59,44
Gulmi,outland,2069,druid,balance,147,84,63
Cioaralba,sylvanas,2068,druid,balance,163,97,66
Tomyn,burning-legion,2064,druid,balance,82,48,34
Wrathgodx,aegwynn,2061,druid,balance,66,42,24
Gonyogonyo,blackmoore,2061,druid,balance,66,38,28
Votionex,tarren-mill,2060,druid,balance,88,54,34
Oskol,tarren-mill,2057,druid,balance,70,37,33
Dincks,draenor,2054,druid,balance,100,61,39
Mephîs,ravencrest,2053,druid,balance,94,57,37
Rexonadudu,kazzak,2053,druid,balance,183,104,79
Carnivals,twisting-nether,2053,druid,balance,222,122,100
Maijs,ravencrest,2053,druid,balance,96,46,50
Sleepystacy,argent-dawn,2050,druid,balance,192,111,81
Saufeb,stormscale,2049,druid,balance,123,71,52
Win,hellscream,2046,druid,balance,114,65,49
Владисзади,gordunni,2046,druid,balance,131,71,60
Bulla,culte-de-la-rive-noire,2045,druid,balance,213,122,91
Veganvapex,draenor,2044,druid,balance,127,80,47
Crippaa,tarren-mill,2044,druid,balance,133,79,54
Kabôôm,stormscale,2042,druid,balance,96,55,41
Рейзакх,howling-fjord,2041,druid,balance,204,108,96
Nutsnack,tarren-mill,2039,druid,balance,78,38,40
Juicew,stormscale,2038,druid,balance,53,37,16
Nevermeldx,blackrock,2034,druid,balance,95,54,41
Рябчиик,blackscar,2032,druid,balance,282,158,124
Starsy,frostmane,2032,druid,balance,89,42,47
Høtpøket,ravencrest,2028,druid,balance,54,36,18
Zuterlø,ragnaros,2025,druid,balance,190,99,91
Bakkú,ravencrest,2024,druid,balance,53,35,18
Grässoppa,tarren-mill,2024,druid,balance,71,41,30
Hefnerd,grim-batol,2023,druid,balance,53,39,14
Rek,sanguino,2023,druid,balance,105,56,49
Nuvemone,stormscale,2022,druid,balance,200,112,88
Méáckós,aegwynn,2022,druid,balance,170,84,86
Credenz,frostmane,2021,druid,balance,180,103,77
Tronchetto,nemesis,2018,druid,balance,90,48,42
Flanagàn,hyjal,2016,druid,balance,82,41,41
Iloveher,ravencrest,2014,druid,balance,66,43,23
Citróne,blackrock,2012,druid,balance,60,38,22
Secrägodx,ragnaros,2011,druid,balance,90,54,36
Mønrøe,ravencrest,2011,druid,balance,59,35,24
Detü,blackrock,2010,druid,balance,131,78,53
Rootzxx,ravencrest,2008,druid,balance,197,104,93
Rlwlwlwlwr,twisting-nether,2007,druid,balance,66,45,21
Admeliora,ravencrest,2007,druid,balance,83,54,29
Øsbura,silvermoon,2006,druid,balance,78,47,31
Shakso,stormscale,2005,druid,balance,171,94,77
Výragosa,der-rat-von-dalaran,2004,druid,balance,158,86,72
Didiee,kazzak,2003,druid,balance,171,95,76
Tuttu,kazzak,2003,druid,balance,150,82,68
Smøkewéed,ravencrest,2001,druid,balance,60,37,23
Akinimod,ravencrest,2000,druid,balance,120,69,51
Pvekek,stormscale,1998,druid,balance,145,85,60
Zâe,archimonde,1996,druid,balance,58,37,21
Kënzo,ravencrest,1996,druid,balance,242,141,101
Punxybear,ravencrest,1995,druid,balance,484,250,234
Stb,outland,1994,druid,balance,66,43,23
Drcaøs,sanguino,1993,druid,balance,152,91,61
Kruwkamilka,burning-legion,1988,druid,balance,194,106,88
Ljóskan,kazzak,1988,druid,balance,93,49,44
Zendda,hyjal,1987,druid,balance,91,48,43
Pultsarí,tarren-mill,1986,druid,balance,99,54,45
Limme,ravencrest,1985,druid,balance,133,83,50
Superchïcken,archimonde,1985,druid,balance,66,38,28
Muufasa,blackmoore,1984,druid,balance,272,142,130
Zulucat,aegwynn,1983,druid,balance,24,21,3
Brovis,sylvanas,1983,druid,balance,67,49,18
Даирлин,gordunni,1981,druid,balance,172,86,86
Newaccount,kazzak,1980,druid,balance,216,120,96
Broflovskii,tarren-mill,1980,druid,balance,84,42,42
Luphrekfurry,ysondre,1979,druid,balance,60,39,21
Knùbz,ravencrest,1979,druid,balance,137,73,64
Thcpositiv,aegwynn,1978,druid,balance,267,140,127
Lilpumpz,outland,1978,druid,balance,89,45,44
Ferraridudux,ravencrest,1977,druid,balance,36,26,10
Rbgkári,draenor,1974,druid,balance,127,76,51
Flanders,blackrock,1973,druid,balance,54,40,14
Lappe,stormreaver,1973,druid,balance,41,24,17
Kankstery,stormscale,1972,druid,balance,83,56,27
Memphiswhx,drakthul,1970,druid,balance,120,67,53
Anpassad,outland,1966,druid,balance,81,46,35
Greenful,drakthul,1964,druid,balance,96,56,40
Taveirasurge,kazzak,1963,druid,balance,125,79,46
Starcowx,ragnaros,1963,druid,balance,153,86,67
Hppsr,eredar,1963,druid,balance,131,70,61
Turtleform,blackrock,1961,druid,balance,138,64,74
ßa,blackmoore,1960,druid,balance,59,38,21
Uglyrasputin,blackmoore,1960,druid,balance,156,94,62
Wizzlafa,ravencrest,1960,druid,balance,82,48,34
Dyroxs,twisting-nether,1960,druid,balance,253,133,120
Опущеныйкелх,gordunni,1960,druid,balance,65,33,32
Cmfg,blackrock,1959,druid,balance,116,69,47
Миртлэкшн,gordunni,1959,druid,balance,107,61,46
Яммаккаасии,grom,1959,druid,balance,78,41,37
Brîvaëlle,silvermoon,1957,druid,balance,78,54,24
Hotflora,aegwynn,1957,druid,balance,66,39,27
Gurru,xavius,1957,druid,balance,209,110,99
Björnskift,tarren-mill,1952,druid,balance,90,51,39
Tobid,blackrock,1949,druid,balance,66,47,19
Flæppy,blackmoore,1948,druid,balance,343,174,169
Fredhqt,tarren-mill,1947,druid,balance,65,40,25
Kayllie,silvermoon,1947,druid,balance,108,63,45
Ледруд,gordunni,1946,druid,balance,110,56,54
Yalojr,blackmoore,1945,druid,balance,50,31,19
Justyo,archimonde,1943,druid,balance,99,65,34
Eddiethepunk,ravencrest,1942,druid,balance,376,210,166
Néllÿ,elune,1942,druid,balance,108,54,54
Ovérheal,ravencrest,1941,druid,balance,111,69,42
Найттир,gordunni,1940,druid,balance,87,49,38
Crnkie,sylvanas,1937,druid,balance,66,42,24
Cassiddyy,draenor,1937,druid,balance,78,45,33
Ciucciotutto,nemesis,1934,druid,balance,66,46,20
Вбг,soulflayer,1933,druid,balance,281,149,132
Vermz,tarren-mill,1931,druid,balance,65,41,24
Светдру,blackscar,1929,druid,balance,59,36,23
Näela,archimonde,1928,druid,balance,60,31,29
Captaïn,twisting-nether,1927,druid,balance,84,54,30
Æøøm,blackmoore,1927,druid,balance,261,144,117
Gambós,kazzak,1927,druid,balance,59,30,29
Låsèrpêwpéw,tarren-mill,1926,druid,balance,215,121,94
Veonski,argent-dawn,1925,druid,balance,105,57,48
Boomjutzu,kazzak,1924,druid,balance,48,28,20
Meowcry,outland,1924,druid,balance,132,76,56
Artistdubose,kazzak,1923,druid,balance,72,46,26
Ezeke,eredar,1923,druid,balance,184,94,90
Wrldx,twisting-nether,1922,druid,balance,178,101,77
Mooskie,draenor,1921,druid,balance,54,37,17
Transmangodx,tarren-mill,1921,druid,balance,108,62,46
Sartipus,draenor,1921,druid,balance,168,96,72
Aggroasian,tarren-mill,1920,druid,balance,287,155,132
Tommyruin,the-venture-co,1917,druid,balance,185,100,85
Euphørie,twisting-nether,1916,druid,balance,354,194,160
Kÿara,khaz-modan,1914,druid,balance,96,50,46
Bastodonte,skullcrusher,1912,druid,balance,238,124,114
Narq,sylvanas,1911,druid,balance,84,51,33
Malex,auchindoun,1910,druid,balance,114,63,51
Linkin,azshara,1910,druid,balance,221,120,101
Millions,tarren-mill,1909,druid,balance,129,82,47
Chavinelf,twisting-nether,1908,druid,balance,60,35,25
Ïndrä,arathi,1907,druid,balance,214,112,102
Trntydr,senjin,1906,druid,balance,41,30,11
Siuo,ravencrest,1906,druid,balance,95,51,44
Hehehahahah,kazzak,1905,druid,balance,40,31,9
Randomnup,sanguino,1905,druid,balance,102,57,45
Andreud,dunemaul,1904,druid,balance,125,64,61
Sentería,sylvanas,1904,druid,balance,96,44,52
Sylindra,argent-dawn,1902,druid,balance,136,84,52
Afret,kazzak,1902,druid,balance,371,191,180
Kjøttberit,moonglade,1901,druid,balance,42,32,10
Mdrgtwo,ravencrest,1901,druid,balance,63,43,20
Ilovestacy,outland,1901,druid,balance,72,46,26
Trekkertt,zuljin,1901,druid,balance,65,35,30
Lucidz,kazzak,1899,druid,balance,50,27,23
Månemannen,outland,1898,druid,balance,30,20,10
Rlwlwlwrtwo,twisting-nether,1898,druid,balance,60,31,29
Laker,stormscale,1897,druid,balance,181,96,85
Interaktio,ravencrest,1896,druid,balance,34,24,10
Eñzo,stormscale,1895,druid,balance,66,46,20
Disvikz,outland,1895,druid,balance,111,63,48
Boomdruud,tarren-mill,1894,druid,balance,36,22,14
Heiden,terokkar,1894,druid,balance,64,38,26
Qtkitty,outland,1893,druid,balance,398,212,186
Даена,razuvious,1892,druid,balance,84,57,27
Karvajyrä,stormreaver,1892,druid,balance,371,198,173
ßoomin,tarren-mill,1892,druid,balance,54,27,27
Shàal,ysondre,1889,druid,balance,146,80,66
Хальтенис,gordunni,1889,druid,balance,124,66,58
Kokslina,sylvanas,1889,druid,balance,71,32,39
Øhmygød,stormscale,1887,druid,balance,102,54,48
Ampdru,ravencrest,1886,druid,balance,58,38,20
Kenzia,stormrage,1886,druid,balance,72,43,29
Juicypus,ragnaros,1885,druid,balance,109,61,48
Calê,blackrock,1885,druid,balance,285,158,127
Сосисосочка,gordunni,1883,druid,balance,108,57,51
Blopstar,stormscale,1879,druid,balance,54,34,20
Druvex,blackrock,1876,druid,balance,35,25,10
Knastx,ravencrest,1876,druid,balance,48,34,14
Mqs,stormscale,1876,druid,balance,163,97,66
Bmybmybmybmy,outland,1875,druid,balance,30,24,6
Bîjaqt,blackmoore,1875,druid,balance,42,27,15
Gabedru,agamaggan,1874,druid,balance,48,34,14
Nóque,ravencrest,1873,druid,balance,106,59,47
Lóvebeam,ravencrest,1872,druid,balance,48,29,19
Kabòöóm,outland,1871,druid,balance,66,44,22
Goagain,silvermoon,1869,druid,balance,179,101,78
Melábufes,dun-modr,1869,druid,balance,73,37,36
Restaidpvs,wildhammer,1868,druid,balance,66,34,32
Hyperbêast,blackrock,1866,druid,balance,41,31,10
Xerlog,thrall,1866,druid,balance,60,39,21
Tjillevippen,tarren-mill,1866,druid,balance,42,27,15
Damagebot,tarren-mill,1865,druid,balance,105,62,43
Dràkàn,dethecus,1864,druid,balance,78,42,36
Senzuli,stormscale,1863,druid,balance,78,56,22
Rudabaebey,draenor,1863,druid,balance,42,28,14
Orangeterror,stormscale,1861,druid,balance,90,56,34
Escaa,stormscale,1861,druid,balance,48,28,20
Арадия,gordunni,1860,druid,balance,107,56,51
Beanery,aegwynn,1859,druid,balance,66,43,23
Luphrekmeow,ravencrest,1859,druid,balance,47,30,17
Taurendruid,the-maelstrom,1858,druid,balance,185,103,82
Peaches,aerie-peak,1857,druid,balance,77,50,27
Vregord,twisting-nether,1857,druid,balance,54,35,19
Yosimoo,draenor,1857,druid,balance,107,69,38
Shamerika,tarren-mill,1857,druid,balance,154,87,67
Gallokiriko,zuljin,1857,druid,balance,126,66,60
Laserchicken,malganis,1857,druid,balance,343,169,174
Pyaw,kazzak,1856,druid,balance,114,69,45
Trytargetme,outland,1855,druid,balance,114,64,50
Emmdru,silvermoon,1854,druid,balance,101,63,38
Embrangle,silvermoon,1854,druid,balance,78,45,33
Dudukid,nemesis,1854,druid,balance,184,93,91
Shyoxdr,twisting-nether,1853,druid,balance,102,70,32
Brittmagi,sylvanas,1853,druid,balance,89,57,32
Shyngodx,archimonde,1853,druid,balance,179,103,76
Phucme,the-maelstrom,1853,druid,balance,78,43,35
Bearpawzz,kazzak,1852,druid,balance,82,47,35
Commonsense,kazzak,1852,druid,balance,36,20,16
Brucebruce,stormscale,1851,druid,balance,54,31,23
Âlhajillo,dun-modr,1850,druid,balance,74,41,33
Ðevilwhite,nemesis,1850,druid,balance,74,35,39
Boomco,stormscale,1849,druid,balance,36,25,11
Aionx,ravencrest,1849,druid,balance,64,37,27
Divref,tarren-mill,1848,druid,balance,30,24,6
Tzeeni,stormscale,1847,druid,balance,35,28,7
Sænxx,blackrock,1846,druid,balance,42,30,12
Друлякич,gordunni,1846,druid,balance,49,30,19
Naturez,sylvanas,1846,druid,balance,98,53,45
Elissian,silvermoon,1846,druid,balance,357,190,167
Klappskaft,outland,1845,druid,balance,41,24,17
Xora,kazzak,1845,druid,balance,197,106,91
Ghostpaws,ravencrest,1845,druid,balance,148,75,73
Mopferal,twisting-nether,1843,druid,balance,81,59,22
Gipi,ravencrest,1843,druid,balance,60,31,29
Füllxtrap,hyjal,1842,druid,balance,36,26,10
Amazed,wildhammer,1842,druid,balance,90,55,35
Kissachtak,blackrock,1841,druid,balance,51,33,18
Reichpoulet,archimonde,1840,druid,balance,36,26,10
Drooshy,ravencrest,1840,druid,balance,51,34,17
Hammd,kazzak,1840,druid,balance,196,104,92
Hrz,kazzak,1839,druid,balance,79,50,29
Ravneskrig,ravencrest,1839,druid,balance,104,59,45
Bàrathrum,blackrock,1839,druid,balance,163,91,72
Pluginbaby,stormscale,1838,druid,balance,64,41,23
Tykè,outland,1838,druid,balance,54,33,21
Skirr,kelthuzad,1838,druid,balance,42,23,19
Aleza,tarren-mill,1837,druid,balance,93,53,40
Nassii,antonidas,1836,druid,balance,162,99,63
Connydor,stormscale,1836,druid,balance,48,29,19
Metamoo,tarren-mill,1835,druid,balance,47,36,11
Воому,soulflayer,1835,druid,balance,42,30,12
Shåmssz,kazzak,1835,druid,balance,38,27,11
Atrosity,ravencrest,1835,druid,balance,66,40,26
Cøntrol,argent-dawn,1835,druid,balance,66,38,28
Drøøkîé,antonidas,1834,druid,balance,228,134,94
Sylvy,dun-modr,1834,druid,balance,142,79,63
Gehrkehotter,silvermoon,1833,druid,balance,102,65,37
Elandreth,twisting-nether,1833,druid,balance,49,31,18
Jøkèr,outland,1833,druid,balance,53,30,23
Hunkex,frostmane,1833,druid,balance,123,64,59
Кирукхэ,gordunni,1832,druid,balance,36,28,8
Bigpûmp,elune,1832,druid,balance,48,30,18
Добродейтель,soulflayer,1832,druid,balance,192,118,74
Slahnesh,aegwynn,1832,druid,balance,60,35,25
Tárzáñ,ravencrest,1832,druid,balance,114,64,50
Fantomasik,drakthul,1830,druid,balance,425,218,207
Likwidator,stormscale,1829,druid,balance,188,113,75
Tummus,blackrock,1829,druid,balance,60,32,28
Teebeidl,tarren-mill,1828,druid,balance,151,89,62
Мариантус,greymane,1828,druid,balance,98,53,45
Ахаххаха,howling-fjord,1827,druid,balance,78,52,26
Лёхалепеха,gordunni,1827,druid,balance,84,52,32
Elinaax,outland,1827,druid,balance,89,51,38
Eloahdruid,blackhand,1826,druid,balance,63,36,27
Valijan,blackrock,1826,druid,balance,58,28,30
Aliyxd,aegwynn,1825,druid,balance,42,28,14
ßoom,antonidas,1825,druid,balance,160,88,72
Stepgødx,twisting-nether,1825,druid,balance,75,35,40
Dizay,xavius,1823,druid,balance,60,40,20
Melyssea,argent-dawn,1823,druid,balance,59,35,24
Pine,aggramar,1822,druid,balance,28,23,5
Faxotium,argent-dawn,1822,druid,balance,30,21,9
Djemdruid,argent-dawn,1822,druid,balance,42,27,15
Kaalil,argent-dawn,1822,druid,balance,72,40,32
Alxzdru,auchindoun,1821,druid,balance,147,89,58
Howgh,destromath,1821,druid,balance,260,134,126
Hyac,the-maelstrom,1819,druid,balance,42,29,13
Jstdru,ravencrest,1819,druid,balance,78,53,25
Nyndrà,archimonde,1819,druid,balance,183,90,93
Totemdrood,blackmoore,1818,druid,balance,52,30,22
Mesmerizing,ravencrest,1818,druid,balance,108,57,51
Sunshinex,silvermoon,1818,druid,balance,96,47,49
Nctmé,tarren-mill,1818,druid,balance,71,33,38
Рейтэн,gordunni,1817,druid,balance,54,37,17
Nerem,blackrock,1817,druid,balance,84,44,40
Bákhar,ravencrest,1817,druid,balance,148,71,77
Twitchmoney,archimonde,1816,druid,balance,74,50,24
Htxo,kazzak,1816,druid,balance,42,26,16
Durkdriven,kazzak,1816,druid,balance,75,45,30
Treesus,blackrock,1816,druid,balance,42,25,17
Lunahu,argent-dawn,1816,druid,balance,72,42,30
Чупакабра,goldrinn,1816,druid,balance,235,130,105
Astrobazooka,stormreaver,1815,druid,balance,77,48,29
Neirdá,hyjal,1815,druid,balance,197,107,90
Meowmf,silvermoon,1814,druid,balance,101,62,39
Msb,the-maelstrom,1814,druid,balance,47,27,20
Lumi,culte-de-la-rive-noire,1813,druid,balance,36,25,11
Ånaðeårmas,outland,1813,druid,balance,83,51,32
Pouletqt,archimonde,1813,druid,balance,48,26,22
Kl,archimonde,1813,druid,balance,174,90,84
Bashmac,mugthol,1811,druid,balance,72,49,23
Yarinai,blackmoore,1811,druid,balance,102,59,43
Madhatterr,kazzak,1810,druid,balance,108,73,35
Owlbum,grim-batol,1810,druid,balance,48,31,17
Ахахахахахх,soulflayer,1810,druid,balance,143,84,59
Solariah,garona,1810,druid,balance,166,96,70
Shiffe,argent-dawn,1810,druid,balance,66,37,29
Scaleo,stormreaver,1810,druid,balance,96,51,45
Frenkoz,outland,1809,druid,balance,120,70,50
Pneuma,xavius,1809,druid,balance,135,78,57
Núri,lordaeron,1809,druid,balance,80,46,34
Imaginarý,ravencrest,1809,druid,balance,47,26,21
Crywingz,antonidas,1809,druid,balance,205,104,101
Ashtral,kazzak,1808,druid,balance,33,24,9
Lashketchum,aszune,1808,druid,balance,106,71,35
Угощаюх,howling-fjord,1808,druid,balance,59,38,21
Ferawri,draenor,1808,druid,balance,42,24,18
Mochiløxz,tarren-mill,1808,druid,balance,220,124,96
Máedhros,ravencrest,1806,druid,balance,72,48,24
Icek,outland,1806,druid,balance,54,33,21
Xalio,ravencrest,1806,druid,balance,65,39,26
Leletmedie,ravencrest,1806,druid,balance,54,31,23
Dakotaboomer,ravencrest,1806,druid,balance,48,26,22
Otpboomie,dun-modr,1805,druid,balance,37,23,14
Khiree,archimonde,1805,druid,balance,50,31,19
Louisv,kazzak,1805,druid,balance,75,42,33
Crunchtime,ragnaros,1805,druid,balance,133,72,61
Akiíra,twisting-nether,1804,druid,balance,54,38,16
Loethen,argent-dawn,1804,druid,balance,110,74,36
Belvrin,argent-dawn,1804,druid,balance,100,66,34
Elunælle,les-sentinelles,1804,druid,balance,168,93,75
Ruetinjeri,blackmoore,1804,druid,balance,73,38,35
Ashidx,ragnaros,1803,druid,balance,48,30,18
Suomenlorgok,stormreaver,1803,druid,balance,85,52,33
Rnkx,sanguino,1803,druid,balance,57,33,24
Rozi,draenor,1802,druid,balance,42,25,17
Geîl,blackrock,1801,druid,balance,42,24,18
Batmòn,stormscale,1801,druid,balance,129,69,60
Maladorf,draenor,1800,druid,balance,66,43,23
Daÿdream,ravencrest,1800,druid,balance,60,39,21
Eselhirte,blackhand,1800,druid,balance,45,27,18
Cønvokê,tarren-mill,1800,druid,balance,121,69,52
Fiskmåsn,twisting-nether,1799,druid,balance,208,113,95
Онличикен,gordunni,1797,druid,balance,150,78,72
Whøðìspélmé,twisting-nether,1796,druid,balance,54,37,17
Mikhaili,stormreaver,1796,druid,balance,42,25,17
Qtrly,ravencrest,1796,druid,balance,68,35,33
Травкер,howling-fjord,1796,druid,balance,413,204,209
Nythielle,argent-dawn,1795,druid,balance,84,38,46
Abyssaldepth,ravencrest,1794,druid,balance,120,77,43
Imperiusx,ravencrest,1794,druid,balance,255,141,114
Legitx,dentarg,1794,druid,balance,85,46,39
Vamix,aegwynn,1793,druid,balance,24,19,5
Takemanstwix,ragnaros,1793,druid,balance,72,46,26
Rngmåchinéx,ravencrest,1793,druid,balance,140,89,51
Deepak,nemesis,1793,druid,balance,78,46,32
Shroomdoom,ravencrest,1793,druid,balance,53,25,28
Ohpfo,outland,1791,druid,balance,35,24,11
Mjáy,tarren-mill,1790,druid,balance,78,43,35
Snøø,frostwolf,1790,druid,balance,156,82,74
Moonhusky,blackrock,1789,druid,balance,60,36,24
Мунстрайк,borean-tundra,1789,druid,balance,121,69,52
Yinx,darksorrow,1788,druid,balance,72,42,30
Triskelion,burning-legion,1786,druid,balance,142,75,67
Лсдспайсы,soulflayer,1785,druid,balance,75,47,28
Sagezza,draenor,1785,druid,balance,306,164,142
Kivimon,dun-modr,1784,druid,balance,60,37,23
Трэйкотик,blackscar,1784,druid,balance,77,46,31
Longhornjohn,ragnaros,1784,druid,balance,58,33,25
Superdr,ragnaros,1783,druid,balance,52,37,15
Tâliah,silvermoon,1783,druid,balance,78,49,29
Jenovas,argent-dawn,1783,druid,balance,117,61,56
Исканет,gordunni,1781,druid,balance,54,32,22
Gudñ,tarren-mill,1779,druid,balance,71,42,29
Klørfem,draenor,1778,druid,balance,54,32,22
Adizero,blackrock,1777,druid,balance,55,35,20
Morlán,blackmoore,1777,druid,balance,30,19,11
Valijaelf,blackrock,1777,druid,balance,54,29,25
Fâucon,eitrigg,1776,druid,balance,40,27,13
Подпивасникх,gordunni,1776,druid,balance,54,34,20
Hugeragê,stormreaver,1776,druid,balance,95,47,48
Darktigrou,archimonde,1775,druid,balance,30,21,9
Whisker,outland,1774,druid,balance,36,25,11
Zkrd,kazzak,1774,druid,balance,61,33,28
Ccoco,aegwynn,1774,druid,balance,102,51,51
Rivella,blackrock,1773,druid,balance,75,39,36
Ñêkø,ravencrest,1771,druid,balance,60,42,18
Varokka,aegwynn,1770,druid,balance,48,29,19
Shakeme,zuljin,1770,druid,balance,54,29,25
Azurai,blackmoore,1769,druid,balance,108,63,45
Lunel,arathor,1769,druid,balance,115,64,51
Совёнушек,howling-fjord,1769,druid,balance,107,57,50
Moonenjoyer,kazzak,1768,druid,balance,48,31,17
Chøpzjr,blackrock,1768,druid,balance,84,49,35
Skarbowka,burning-legion,1767,druid,balance,42,29,13
Аронэл,blackscar,1766,druid,balance,30,24,6
Shiftowl,tarren-mill,1766,druid,balance,36,25,11
Euphoríax,ravencrest,1765,druid,balance,52,35,17
Baboss,chogall,1765,druid,balance,96,54,42
Hymìr,silvermoon,1764,druid,balance,147,79,68
Ipsdray,ysondre,1763,druid,balance,96,60,36
Mirynn,elune,1762,druid,balance,157,79,78
Èøèøèøèøè,stormscale,1760,druid,balance,24,23,1
Phobidru,thrall,1759,druid,balance,42,27,15
Kotaryzi,kazzak,1758,druid,balance,24,19,5
Större,twisting-nether,1758,druid,balance,56,41,15
Taylorshîft,burning-legion,1757,druid,balance,60,31,29
Ventrìx,alleria,1757,druid,balance,90,45,45
Bearlylegál,outland,1756,druid,balance,30,19,11
Kylaaz,die-ewige-wacht,1756,druid,balance,117,72,45
Sodapop,aszune,1755,druid,balance,167,100,67
Tenzuk,archimonde,1754,druid,balance,30,23,7
Cyclonejk,blackrock,1754,druid,balance,42,28,14
Felicìty,draenor,1753,druid,balance,54,34,20
Флаффер,soulflayer,1753,druid,balance,60,33,27
Мурдермашин,deathguard,1753,druid,balance,202,108,94
Зетзул,grom,1753,druid,balance,313,164,149
Tallu,das-konsortium,1752,druid,balance,84,48,36
Bashfui,draenor,1752,druid,balance,216,121,95
Крейзикет,eversong,1751,druid,balance,30,20,10
Moksy,outland,1750,druid,balance,72,42,30
Hornykarenn,bladefist,1749,druid,balance,36,25,11
Metzarqq,stormscale,1749,druid,balance,48,33,15
Hilom,grim-batol,1748,druid,balance,47,29,18
Cowgurl,stormscale,1748,druid,balance,60,33,27
Krathar,kazzak,1748,druid,balance,59,26,33
Chimmi,ragnaros,1747,druid,balance,84,44,40
Doublesunday,thrall,1747,druid,balance,63,33,30
Ðréws,ravencrest,1745,druid,balance,42,29,13
Айрокси,blackscar,1745,druid,balance,66,33,33
Babynaty,ravencrest,1745,druid,balance,188,91,97
Underrated,darksorrow,1744,druid,balance,30,19,11
Vulkayn,ysondre,1744,druid,balance,60,31,29
Págánxø,kazzak,1743,druid,balance,53,34,19
Justtrollîng,twisting-nether,1743,druid,balance,65,41,24
Senoxia,antonidas,1743,druid,balance,54,34,20
Иггдрасиль,gordunni,1743,druid,balance,139,84,55
Bum,ravencrest,1742,druid,balance,23,19,4
Opathecool,bladefist,1742,druid,balance,65,42,23
Pøpp,archimonde,1742,druid,balance,67,38,29
Dreathqt,twisting-nether,1742,druid,balance,114,55,59
Zapx,hyjal,1741,druid,balance,152,85,67
Pewpewflap,kazzak,1740,druid,balance,71,46,25
Starfallkey,dun-modr,1740,druid,balance,147,81,66
Ashleyx,antonidas,1738,druid,balance,36,30,6
Nuqa,thrall,1738,druid,balance,45,29,16
Kribie,aegwynn,1738,druid,balance,66,40,26
Esrín,the-maelstrom,1738,druid,balance,229,121,108
Elfsu,ravencrest,1737,druid,balance,119,76,43
Nevax,blackrock,1736,druid,balance,30,21,9
Hollymedx,blackmoore,1736,druid,balance,110,67,43
Fuzzylol,haomarush,1736,druid,balance,41,24,17
Haanook,ravencrest,1736,druid,balance,219,117,102
Jaiyen,ravencrest,1734,druid,balance,66,45,21
Sakkrethd,hyjal,1733,druid,balance,30,20,10
Alethorn,twisting-nether,1733,druid,balance,106,66,40
Bigbaddream,stormscale,1733,druid,balance,60,34,26
Pharaah,stormscale,1730,druid,balance,47,33,14
Isuckdruid,aegwynn,1730,druid,balance,133,73,60
Хрофт,blackscar,1730,druid,balance,87,43,44
Åkømo,aegwynn,1728,druid,balance,48,28,20
Synexi,sylvanas,1728,druid,balance,126,72,54
Мэдикейт,soulflayer,1727,druid,balance,135,76,59
Ахисса,gordunni,1727,druid,balance,78,37,41
Slaskêt,tarren-mill,1726,druid,balance,57,34,23
Rekked,alleria,1726,druid,balance,60,32,28
Traickovic,eredar,1725,druid,balance,30,18,12
Zømßie,outland,1724,druid,balance,126,73,53
Vitaex,blackrock,1723,druid,balance,45,30,15
Мягкийвисп,howling-fjord,1723,druid,balance,90,50,40
Nexirøs,hyjal,1722,druid,balance,116,74,42
Píøøx,tarren-mill,1722,druid,balance,84,53,31
Grisdrood,ragnaros,1722,druid,balance,66,40,26
Oommis,outland,1722,druid,balance,48,28,20
Blood,frostwolf,1722,druid,balance,66,36,30
Vaacku,stormreaver,1722,druid,balance,172,93,79
Smashella,pozzo-delleternità,1721,druid,balance,79,57,22
Pwnylol,teldrassil,1721,druid,balance,70,46,24
Zyndril,silvermoon,1721,druid,balance,30,18,12
Сибирячечка,greymane,1721,druid,balance,152,82,70
Duridlol,nemesis,1720,druid,balance,24,18,6
Siajin,frostwolf,1720,druid,balance,84,46,38
Xqzmybleedz,onyxia,1719,druid,balance,92,60,32
Iamobito,blackmoore,1719,druid,balance,42,24,18
Goldencat,blackhand,1719,druid,balance,60,32,28
Kalgarm,burning-legion,1719,druid,balance,66,29,37
Clonecity,ravencrest,1718,druid,balance,30,24,6
Navex,blackrock,1718,druid,balance,24,18,6
Balencìága,sanguino,1718,druid,balance,95,57,38
Narkiza,blackhand,1718,druid,balance,60,33,27
Lodikum,defias-brotherhood,1716,druid,balance,24,18,6
Maelkan,sanguino,1716,druid,balance,215,116,99
Güccïmane,twisting-nether,1715,druid,balance,86,61,25
Blownaway,outland,1715,druid,balance,62,37,25
Khålêd,kazzak,1714,druid,balance,52,38,14
Chäz,sanguino,1714,druid,balance,104,67,37
Gentle,tarren-mill,1714,druid,balance,62,37,25
Yapyapyapyap,eredar,1713,druid,balance,42,25,17
Valgo,twisting-nether,1713,druid,balance,54,31,23
Ymagyne,frostmane,1713,druid,balance,50,27,23
Featherfeet,kazzak,1713,druid,balance,78,41,37
Gnrio,twisting-nether,1712,druid,balance,60,38,22
Pradasurge,ravencrest,1712,druid,balance,179,99,80
Владибой,gordunni,1712,druid,balance,36,18,18
Zeaba,ravencrest,1711,druid,balance,24,18,6
Hotsincee,stormscale,1711,druid,balance,163,90,73
Scars,outland,1710,druid,balance,30,18,12
Kalthazar,twisting-nether,1710,druid,balance,48,28,20
Rootalot,blackrock,1710,druid,balance,54,31,23
Bignoober,blackrock,1709,druid,balance,29,20,9
Mirâculixx,dethecus,1709,druid,balance,30,19,11
Tôurnesol,khaz-modan,1709,druid,balance,176,104,72
Kørra,dun-modr,1707,druid,balance,73,42,31
Leqt,ravencrest,1706,druid,balance,138,75,63
Asinistar,ravencrest,1705,druid,balance,86,45,41
Слоич,howling-fjord,1705,druid,balance,268,135,133
Leywä,drekthar,1703,druid,balance,47,28,19
Replicusowl,doomhammer,1703,druid,balance,48,24,24
Quoting,ravencrest,1703,druid,balance,53,26,27
Nerfmemaybe,blackmoore,1702,druid,balance,29,20,9
Djsnigel,stormscale,1702,druid,balance,65,36,29
Yuhor,outland,1702,druid,balance,202,107,95
Небесныйхант,soulflayer,1702,druid,balance,123,63,60
Ròb,magtheridon,1702,druid,balance,72,36,36
Hyunâ,dalaran,1701,druid,balance,60,38,22
Neufcinqq,archimonde,1700,druid,balance,39,26,13
Nönö,tarren-mill,1700,druid,balance,42,24,18
Deßradator,stormscale,1699,druid,balance,48,31,17
Symbiosa,silvermoon,1699,druid,balance,99,63,36
Utiniutini,thrall,1699,druid,balance,87,52,35
Колтрэйнх,fordragon,1699,druid,balance,54,29,25
Duckiethotx,twisting-nether,1698,druid,balance,42,23,19
Cptnclone,blackmoore,1698,druid,balance,90,48,42
Ploho,blackmoore,1698,druid,balance,45,23,22
Zerozerosex,archimonde,1698,druid,balance,72,34,38
Shaakm,nerathor,1697,druid,balance,66,40,26
Cryspie,hyjal,1697,druid,balance,42,23,19
Raykk,culte-de-la-rive-noire,1696,druid,balance,30,18,12
Мэдикейт,gordunni,1696,druid,balance,84,47,37
Аласторвов,deathweaver,1696,druid,balance,170,86,84
Barneycatz,tarren-mill,1696,druid,balance,57,27,30
Rexadria,blackrock,1695,druid,balance,24,18,6
Bubadruid,silvermoon,1694,druid,balance,71,50,21
Sinalûlz,outland,1694,druid,balance,30,18,12
Bobobobobobo,blackrock,1694,druid,balance,215,117,98
Strix,dun-modr,1694,druid,balance,90,44,46
Balanc,ragnaros,1693,druid,balance,174,96,78
Moonasiahn,hyjal,1693,druid,balance,42,23,19
Suprachybre,arathi,1691,druid,balance,54,35,19
Imbadxx,kazzak,1691,druid,balance,42,26,16
Nastyclones,kazzak,1691,druid,balance,36,21,15
Mendorin,stormrage,1690,druid,balance,123,66,57
Nzmdruid,burning-legion,1689,druid,balance,36,21,15
Néxct,stormscale,1688,druid,balance,36,22,14
Kabuul,dun-modr,1688,druid,balance,131,79,52
Kubzii,archimonde,1687,druid,balance,147,79,68
Gnoobr,ravencrest,1686,druid,balance,24,18,6
Ykg,twisting-nether,1686,druid,balance,57,35,22
Nergi,darksorrow,1686,druid,balance,53,31,22
Noballz,blackhand,1686,druid,balance,52,30,22
Cyriaan,eredar,1686,druid,balance,101,55,46
Hirmo,ragnaros,1685,druid,balance,63,38,25
Grisdrood,draenor,1685,druid,balance,382,194,188
Dabudi,kazzak,1682,druid,balance,133,79,54
Бамболони,gordunni,1682,druid,balance,175,102,73
Philyoo,blackhand,1682,druid,balance,54,25,29
Dreamdoll,ravencrest,1681,druid,balance,30,23,7
Mäismz,hyjal,1680,druid,balance,54,37,17
Svend,kazzak,1680,druid,balance,83,49,34
Empi,sanguino,1680,druid,balance,66,38,28
Druidka,grim-batol,1679,druid,balance,82,46,36
Pròtodrù,twisting-nether,1677,druid,balance,190,99,91
Masakrelol,sanguino,1676,druid,balance,44,22,22
Owenwilson,twisting-nether,1675,druid,balance,60,35,25
Dotclass,outland,1675,druid,balance,44,25,19
Npml,tarren-mill,1675,druid,balance,111,59,52
Jrdleto,blackrock,1675,druid,balance,79,38,41
Holziger,azshara,1674,druid,balance,64,39,25
Wildrice,blackhand,1674,druid,balance,65,37,28
Djbéámgódx,ravencrest,1674,druid,balance,75,36,39
Ryuzu,aegwynn,1673,druid,balance,85,50,35
Ноунэймбич,blackscar,1671,druid,balance,36,20,16
Happybear,outland,1668,druid,balance,81,60,21
Valoruk,ravencrest,1668,druid,balance,45,26,19
Директорх,blackscar,1667,druid,balance,42,25,17
Кашаган,howling-fjord,1667,druid,balance,194,112,82
Thundruid,archimonde,1667,druid,balance,53,29,24
Gorthunx,kazzak,1665,druid,balance,104,65,39
Gstahr,taerar,1665,druid,balance,88,51,37
Hackamore,archimonde,1665,druid,balance,235,125,110
Zeptune,tarren-mill,1665,druid,balance,191,91,100
Beefsteaxs,thrall,1664,druid,balance,70,49,21
Fapmasterx,eredar,1664,druid,balance,36,23,13
Thardruid,stormscale,1664,druid,balance,77,43,34
Youngdinozzo,dalaran,1663,druid,balance,41,26,15
Abercrombx,thrall,1663,druid,balance,80,49,31
Gløbal,antonidas,1662,druid,balance,71,42,29
Treepoloski,stormscale,1661,druid,balance,69,41,28
Moffwastaken,kazzak,1661,druid,balance,231,118,113
Shapeshift,sanguino,1659,druid,balance,62,34,28
Suevlaki,ragnaros,1658,druid,balance,108,68,40
Møømøø,tarren-mill,1658,druid,balance,30,18,12
Dikc,twisting-nether,1657,druid,balance,24,21,3
Jamzydruid,kazzak,1657,druid,balance,72,37,35
Сансплэш,lich-king,1656,druid,balance,42,30,12
Кектахан,soulflayer,1656,druid,balance,30,20,10
Mahwi,das-konsortium,1655,druid,balance,24,18,6
Buffmeplz,medivh,1655,druid,balance,36,23,13
Wykked,outland,1655,druid,balance,54,26,28
Zwierzyniec,jaedenar,1654,druid,balance,36,26,10
Tshungubuäch,eredar,1654,druid,balance,42,28,14
Cupoftea,drakthul,1654,druid,balance,130,76,54
Sequisha,tarren-mill,1653,druid,balance,40,24,16
Leathy,eredar,1653,druid,balance,115,67,48
Frodds,grim-batol,1652,druid,balance,87,60,27
Xyzy,burning-legion,1652,druid,balance,155,75,80
Shreedex,blackmoore,1651,druid,balance,66,41,25
Yabooni,ravencrest,1650,druid,balance,78,47,31
Naicy,khaz-modan,1650,druid,balance,48,27,21
Pewpewdruid,blackmoore,1650,druid,balance,144,79,65
Zhof,ravencrest,1650,druid,balance,196,100,96
Borderliner,blackrock,1649,druid,balance,86,51,35
Deadmeøw,outland,1649,druid,balance,40,23,17
Trinket,frostmane,1648,druid,balance,42,30,12
Troc,karazhan,1648,druid,balance,30,21,9
Highonfire,grim-batol,1648,druid,balance,66,43,23
Moonfirecow,thrall,1648,druid,balance,66,36,30
Macron,terokkar,1648,druid,balance,70,38,32
Louieform,outland,1647,druid,balance,42,27,15
Frikolina,outland,1647,druid,balance,176,93,83
Gibsx,blackmoore,1646,druid,balance,48,33,15
Zì,stormscale,1646,druid,balance,66,38,28
Ayamiss,outland,1645,druid,balance,42,25,17
Санлесс,howling-fjord,1645,druid,balance,54,32,22
Veyronn,burning-legion,1644,druid,balance,102,54,48
Øffroadz,blackmoore,1643,druid,balance,30,20,10
Kittenmitten,ragnaros,1643,druid,balance,130,76,54
Toxicclones,tarren-mill,1642,druid,balance,24,21,3
Notmyfriend,sylvanas,1642,druid,balance,94,58,36
Milantu,antonidas,1642,druid,balance,30,18,12
Cyclønegodxd,dentarg,1641,druid,balance,105,65,40
Соникдогх,gordunni,1641,druid,balance,36,22,14
Woodzey,sylvanas,1641,druid,balance,60,35,25
Ibuyicecream,outland,1641,druid,balance,143,82,61
Sanaponic,burning-legion,1641,druid,balance,70,39,31
Teaser,dun-modr,1641,druid,balance,78,42,36
Elatadru,silvermoon,1641,druid,balance,51,25,26
Xoap,kazzak,1640,druid,balance,30,21,9
Legyna,ravencrest,1640,druid,balance,93,50,43
Хотдиллер,howling-fjord,1639,druid,balance,30,20,10
Drutro,hellfire,1639,druid,balance,54,27,27
Albás,kazzak,1638,druid,balance,48,35,13
Meganfoxdq,sanguino,1638,druid,balance,82,53,29
Kikïnøu,garona,1638,druid,balance,48,27,21
Shiftcaster,ravencrest,1638,druid,balance,48,22,26
Femboygodx,blackmoore,1637,druid,balance,36,22,14
Séxycàt,ravencrest,1637,druid,balance,220,119,101
Obrys,tarren-mill,1637,druid,balance,42,21,21
Kungbore,draenor,1636,druid,balance,36,25,11
Gotnaga,silvermoon,1636,druid,balance,30,20,10
Grafíx,blackrock,1636,druid,balance,30,18,12
Хастла,galakrond,1636,druid,balance,60,35,25
Druidflight,ravencrest,1636,druid,balance,60,34,26
Ånåphorå,archimonde,1636,druid,balance,45,25,20
Derfaï,kaelthas,1636,druid,balance,41,21,20
Hillarious,blackmoore,1635,druid,balance,117,69,48
Cøw,doomhammer,1635,druid,balance,78,42,36
Gretathnberg,ravencrest,1635,druid,balance,38,20,18
Deví,twilights-hammer,1634,druid,balance,48,30,18
Gsix,blackrock,1634,druid,balance,42,24,18
Niul,aegwynn,1634,druid,balance,172,98,74
Bobcup,tarren-mill,1634,druid,balance,97,55,42
Naturalbeef,argent-dawn,1634,druid,balance,40,22,18
Beamgødx,thrall,1633,druid,balance,28,19,9
Worsteux,blackrock,1633,druid,balance,49,31,18
Ævus,outland,1633,druid,balance,38,19,19
Cowxoxo,twisting-nether,1633,druid,balance,78,37,41
Felysae,kazzak,1630,druid,balance,24,17,7
Klßa,grim-batol,1630,druid,balance,30,21,9
Løgbjørnen,tarren-mill,1630,druid,balance,40,24,16
Feralenjoyer,drakthul,1630,druid,balance,30,17,13
Squirtdogx,drakthul,1630,druid,balance,30,17,13
Жизэ,galakrond,1629,druid,balance,62,39,23
Муниня,gordunni,1629,druid,balance,84,49,35
Porzi,eredar,1628,druid,balance,84,51,33
Saqartvelo,tarren-mill,1628,druid,balance,60,34,26
Izzual,tarren-mill,1628,druid,balance,36,20,16
Сицилиец,galakrond,1627,druid,balance,48,32,16
Pikamoo,kazzak,1627,druid,balance,35,20,15
Mokujiin,burning-blade,1627,druid,balance,45,24,21
Fluffypawz,shattered-hand,1626,druid,balance,42,25,17
Amøveo,draenor,1625,druid,balance,48,25,23
Bigbrrd,outland,1625,druid,balance,47,24,23
Jeaylqt,archimonde,1624,druid,balance,27,18,9
Disclaimed,twisting-nether,1624,druid,balance,74,44,30
Saltymoo,tarren-mill,1624,druid,balance,95,52,43
Pjuske,silvermoon,1624,druid,balance,48,26,22
Kkona,silvermoon,1624,druid,balance,77,41,36
Фигарофигаро,gordunni,1624,druid,balance,88,45,43
Çhîñêséðrüîð,kazzak,1623,druid,balance,36,21,15
Polymorphler,theradras,1623,druid,balance,66,29,37
Rassia,blackrock,1622,druid,balance,60,39,21
Храш,gordunni,1622,druid,balance,29,18,11
Druidïta,dun-modr,1622,druid,balance,48,24,24
Merfje,karazhan,1622,druid,balance,36,17,19
Gelubaboom,ravencrest,1621,druid,balance,30,17,13
Nizkul,dun-modr,1621,druid,balance,67,36,31
Kaïnak,dalaran,1621,druid,balance,66,33,33
Malvakten,kazzak,1621,druid,balance,194,94,100
Kåmen,ravenholdt,1620,druid,balance,91,53,38
Kolt,rajaxx,1620,druid,balance,92,52,40
Rasgath,kazzak,1620,druid,balance,285,157,128
Juvencus,twisting-nether,1620,druid,balance,36,19,17
Blackfür,sylvanas,1620,druid,balance,134,70,64
Moonzysunzy,sylvanas,1620,druid,balance,36,17,19
Landesverrat,kazzak,1619,druid,balance,24,21,3
Rosskemp,tarren-mill,1619,druid,balance,24,17,7
Lílpèëpgødx,archimonde,1619,druid,balance,24,17,7
Restouz,twisting-nether,1619,druid,balance,183,98,85
Xora,aegwynn,1618,druid,balance,38,23,15
Damigjat,sylvanas,1618,druid,balance,215,123,92
Rain,kazzak,1618,druid,balance,41,23,18
Xenuss,kazzak,1618,druid,balance,48,26,22
Thielyy,blackmoore,1618,druid,balance,89,48,41
Óffstér,kazzak,1618,druid,balance,84,27,57
Lörex,ravencrest,1617,druid,balance,37,23,14
Ðelix,ysera,1616,druid,balance,74,45,29
Fabuboomy,blackrock,1616,druid,balance,30,17,13
Obsessíon,kazzak,1616,druid,balance,65,36,29
Боблерсс,gordunni,1616,druid,balance,62,33,29
Alessàsavage,nemesis,1616,druid,balance,36,18,18
Pumpingurass,twisting-nether,1615,druid,balance,24,17,7
Куколдос,eversong,1615,druid,balance,30,20,10
Xirbtihs,stormscale,1615,druid,balance,50,32,18
Rhaf,argent-dawn,1615,druid,balance,167,95,72
Degnosaur,outland,1615,druid,balance,54,29,25
Aliandrel,teldrassil,1614,druid,balance,102,66,36
Nizrã,archimonde,1614,druid,balance,37,22,15
Someóne,stormreaver,1614,druid,balance,66,37,29
Milkywáys,draenor,1614,druid,balance,252,128,124
Drulier,doomhammer,1613,druid,balance,54,36,18
Rivenx,ravencrest,1613,druid,balance,59,37,22
Dabär,mannoroth,1613,druid,balance,45,28,17
Mîrxy,outland,1613,druid,balance,30,17,13
Gòrgoth,pozzo-delleternità,1613,druid,balance,42,23,19
Eysnd,blackrock,1613,druid,balance,48,25,23
Horadruid,silvermoon,1612,druid,balance,325,175,150
Jamley,tarren-mill,1612,druid,balance,36,19,17
Бонони,booty-bay,1612,druid,balance,114,57,57
Kuraina,the-maelstrom,1612,druid,balance,42,21,21
Zonsybtw,blackhand,1611,druid,balance,36,28,8
Rá,outland,1611,druid,balance,32,22,10
Pëchy,aggra-português,1611,druid,balance,66,39,27
Bears,outland,1611,druid,balance,220,115,105
Mianmar,silvermoon,1610,druid,balance,149,92,57
Ultrapoulet,archimonde,1610,druid,balance,30,17,13
Settembre,ragnaros,1610,druid,balance,86,47,39
Sitruu,zenedar,1609,druid,balance,36,22,14
Angelinax,silvermoon,1609,druid,balance,41,24,17
Wafflecat,outland,1609,druid,balance,36,21,15
Rode,magtheridon,1609,druid,balance,154,88,66
Ralffoosa,auchindoun,1609,druid,balance,65,36,29
Boomykush,twisting-nether,1608,druid,balance,86,48,38
Huxleyys,draenor,1607,druid,balance,30,17,13
Cptsponksa,tarren-mill,1607,druid,balance,135,76,59
Doncy,ragnaros,1607,druid,balance,54,24,30
Sqoopy,tarren-mill,1606,druid,balance,36,27,9
Ryng,nagrand,1606,druid,balance,60,41,19
Lillevän,tarren-mill,1606,druid,balance,30,18,12
Styggtryne,outland,1606,druid,balance,90,51,39
Smokahontas,kilrogg,1606,druid,balance,30,17,13
Scamlafsen,ragnaros,1606,druid,balance,42,22,20
Neverpanic,stormscale,1605,druid,balance,30,21,9
Tokitoc,archimonde,1605,druid,balance,122,66,56
Auches,argent-dawn,1605,druid,balance,42,22,20
Isylia,twisting-nether,1605,druid,balance,72,36,36
Emeraldhaze,sylvanas,1604,druid,balance,97,60,37
Andjuga,doomhammer,1604,druid,balance,178,90,88
Rachenketzy,stormscale,1604,druid,balance,42,19,23
Threesixnìne,dun-morogh,1604,druid,balance,71,30,41
Drufar,outland,1603,druid,balance,29,18,11
Winarchikxxl,tarren-mill,1603,druid,balance,217,115,102
Грандал,howling-fjord,1603,druid,balance,84,41,43
Alamâ,madmortem,1603,druid,balance,48,21,27
Irfrayl,antonidas,1602,druid,balance,30,22,8
Sintdru,rexxar,1602,druid,balance,30,21,9
Celitharion,tarren-mill,1602,druid,balance,30,19,11
Dematos,forscherliga,1602,druid,balance,114,68,46
Kartaorange,stormscale,1602,druid,balance,36,21,15
Veijari,deathwing,1602,druid,balance,40,23,17
Myllymatti,frostwhisper,1602,druid,balance,42,23,19
Risuoksa,tarren-mill,1601,druid,balance,24,17,7
Nomilkforyou,steamwheedle-cartel,1601,druid,balance,63,39,24
Catsareevil,silvermoon,1600,druid,balance,24,17,7
Aenrolz,hyjal,1600,druid,balance,30,21,9
Strinx,ragnaros,1600,druid,balance,117,74,43
Goom,rexxar,1600,druid,balance,214,124,90
Viverion,ravencrest,1600,druid,balance,141,77,64
Schannine,archimonde,1600,druid,balance,121,63,58
Kittyexpress,arygos,1600,druid,balance,93,47,46
Зенза,howling-fjord,1599,druid,balance,66,35,31
Bigtouch,draenor,1597,druid,balance,54,31,23
Wildanomaly,argent-dawn,1597,druid,balance,112,61,51
Møønhorn,nemesis,1597,druid,balance,173,92,81
Larryburns,nathrezim,1597,druid,balance,36,19,17
Bøøstèdtréè,ravencrest,1597,druid,balance,144,74,70
Zonsy,twisting-nether,1597,druid,balance,60,28,32
Cieniuu,burning-legion,1595,druid,balance,56,42,14
Stinkyicky,sylvanas,1594,druid,balance,60,38,22
Malaprljavca,kazzak,1594,druid,balance,67,40,27
Drugnag,blackmoore,1594,druid,balance,84,49,35
Hashishi,grim-batol,1594,druid,balance,72,40,32
Malfurien,magtheridon,1593,druid,balance,30,17,13
Monkeynight,ambossar,1593,druid,balance,44,24,20
Pitbull,archimonde,1593,druid,balance,96,50,46
Arecsne,turalyon,1593,druid,balance,139,72,67
Стампид,blackscar,1592,druid,balance,254,140,114
Lxz,blackhand,1591,druid,balance,76,41,35
Layle,argent-dawn,1591,druid,balance,114,54,60
Rwq,outland,1590,druid,balance,57,30,27
Mushröøms,nemesis,1590,druid,balance,59,28,31
Ôp,aegwynn,1589,druid,balance,65,31,34
Silvix,blackrock,1588,druid,balance,125,66,59
Sonjin,burning-legion,1588,druid,balance,54,28,26
Starcrash,amanthul,1588,druid,balance,66,32,34
Truffleßuttr,kazzak,1587,druid,balance,30,17,13
Xä,bloodscalp,1587,druid,balance,159,86,73
Topfrag,outland,1586,druid,balance,66,35,31
Døttore,garona,1586,druid,balance,146,74,72
Magnusson,shadowsong,1585,druid,balance,90,59,31
Lisbethqt,nemesis,1583,druid,balance,30,19,11
Twerkdabooty,azjolnerub,1582,druid,balance,30,19,11
Catten,sylvanas,1582,druid,balance,36,21,15
Moonwatcher,blackrock,1581,druid,balance,325,172,153
Ícekiss,hyjal,1580,druid,balance,36,25,11
Hotdóts,outland,1580,druid,balance,30,20,10
Shedzokey,tarren-mill,1580,druid,balance,110,64,46
Calambius,blackhand,1580,druid,balance,146,74,72
Chelsealeart,frostmane,1579,druid,balance,60,39,21
Lastcroptol,dun-modr,1579,druid,balance,36,19,17
Liften,blackhand,1579,druid,balance,42,20,22
Muhz,nathrezim,1578,druid,balance,110,60,50
Delmond,sylvanas,1577,druid,balance,216,115,101
Dámøn,stormscale,1577,druid,balance,42,22,20
Goüsta,archimonde,1576,druid,balance,66,38,28
Ларунс,blackscar,1576,druid,balance,44,23,21
Ittei,korgall,1575,druid,balance,36,22,14
Eärendir,ravencrest,1575,druid,balance,322,166,156
Dëåd,zenedar,1574,druid,balance,24,17,7
Høtbøx,aegwynn,1574,druid,balance,75,41,34
Amoveo,argent-dawn,1574,druid,balance,68,37,31
Brainjuice,blackrock,1574,druid,balance,36,19,17
Sifferx,stormscale,1574,druid,balance,93,48,45
Redlung,outland,1573,druid,balance,30,18,12
Merawr,ravencrest,1573,druid,balance,129,66,63
Saabeq,hyjal,1572,druid,balance,98,54,44
Elrroir,dun-modr,1571,druid,balance,66,38,28
Diggear,doomhammer,1570,druid,balance,36,24,12
Jaycutler,archimonde,1570,druid,balance,78,37,41
Kittyperry,blackmoore,1569,druid,balance,47,26,21
Bôoze,nathrezim,1569,druid,balance,36,19,17
Angrychicken,ravencrest,1568,druid,balance,54,33,21
Pansarbamse,outland,1568,druid,balance,68,35,33
Pawel,defias-brotherhood,1568,druid,balance,209,107,102
Freakyo,blackrock,1567,druid,balance,53,31,22
Chadru,magtheridon,1567,druid,balance,74,40,34
Elodìa,antonidas,1566,druid,balance,36,25,11
Jerie,silvermoon,1566,druid,balance,30,19,11
Insanexp,antonidas,1563,druid,balance,31,20,11
Vno,ravencrest,1562,druid,balance,24,18,6
Mindruid,kazzak,1561,druid,balance,36,22,14
Hotlife,ravencrest,1559,druid,balance,55,29,26
Corrupthz,outland,1556,druid,balance,82,46,36
Laødinay,hyjal,1556,druid,balance,78,39,39
Zabraim,blackhand,1555,druid,balance,36,22,14
Newdudu,draenor,1555,druid,balance,75,41,34
Rédbull,outland,1554,druid,balance,148,81,67
Hållkäften,twisting-nether,1554,druid,balance,119,62,57
Curzex,blackmoore,1554,druid,balance,36,18,18
Dharli,stormscale,1554,druid,balance,132,61,71
Wísh,stormscale,1553,druid,balance,60,34,26
Kâllîsto,eredar,1552,druid,balance,60,29,31
Баттнэйкед,gordunni,1551,druid,balance,83,41,42
Luckerdog,tarren-mill,1551,druid,balance,42,18,24
Boomzter,frostmane,1550,druid,balance,96,53,43
Сложныйдруид,howling-fjord,1550,druid,balance,60,32,28
Wildmistake,argent-dawn,1550,druid,balance,35,17,18
Potatodru,ragnaros,1549,druid,balance,30,17,13
Krosanx,outland,1549,druid,balance,42,20,22
Грибомания,soulflayer,1548,druid,balance,35,18,17
Duis,twilights-hammer,1547,druid,balance,124,64,60
Brokul,kazzak,1546,druid,balance,60,32,28
Кыцко,soulflayer,1546,druid,balance,63,32,31
Xaeia,aegwynn,1545,druid,balance,84,56,28
Lyø,draenor,1545,druid,balance,142,80,62
Vodkavodkaa,tarren-mill,1545,druid,balance,82,45,37
Majokz,ravencrest,1544,druid,balance,104,52,52
Gretl,blackrock,1544,druid,balance,72,36,36
Tigerroll,kazzak,1544,druid,balance,66,30,36
Fruntimmern,sylvanas,1543,druid,balance,36,22,14
Amhro,ragnaros,1543,druid,balance,60,36,24
Maaw,tarren-mill,1541,druid,balance,48,27,21
Seudoz,silvermoon,1540,druid,balance,60,37,23
Shaize,dalaran,1539,druid,balance,64,44,20
Jebga,thrall,1539,druid,balance,97,49,48
Algír,argent-dawn,1539,druid,balance,107,53,54
Knuffle,eredar,1538,druid,balance,99,57,42
Фонш,soulflayer,1538,druid,balance,50,26,24
Skadruid,blackmoore,1538,druid,balance,66,34,32
Кётре,ashenvale,1538,druid,balance,114,57,57
Экстазиус,borean-tundra,1538,druid,balance,71,29,42
Lazerbinks,blackmoore,1536,druid,balance,29,18,11
Gibx,ravencrest,1536,druid,balance,36,20,16
Bøllemís,silvermoon,1536,druid,balance,39,21,18
Jazzme,aegwynn,1535,druid,balance,24,16,8
Уэсериктх,blackscar,1534,druid,balance,36,18,18
Noou,aegwynn,1534,druid,balance,52,25,27
Slaughtér,stormscale,1533,druid,balance,72,44,28
Mortagua,kazzak,1533,druid,balance,53,30,23
Suitti,ravencrest,1532,druid,balance,29,17,12
Abbc,stormscale,1531,druid,balance,24,16,8
Thaeris,outland,1531,druid,balance,28,17,11
Szubotaj,ragnaros,1531,druid,balance,30,18,12
Whêylon,ragnaros,1531,druid,balance,30,16,14
Kénshin,blackhand,1531,druid,balance,60,30,30
Анестезий,soulflayer,1529,druid,balance,66,48,18
Hauntie,kazzak,1529,druid,balance,60,37,23
Sefinana,malganis,1528,druid,balance,154,74,80
Inkibek,burning-blade,1527,druid,balance,155,90,65
Migami,nemesis,1526,druid,balance,36,18,18
Эрраптор,borean-tundra,1524,druid,balance,29,18,11
Lasertipu,tarren-mill,1524,druid,balance,101,53,48
Хфикс,gordunni,1523,druid,balance,152,97,55
Anahots,silvermoon,1523,druid,balance,234,120,114
Rystafarian,kazzak,1523,druid,balance,74,36,38
Kattepis,argent-dawn,1523,druid,balance,42,17,25
Belzara,sanguino,1522,druid,balance,111,63,48
Seboom,outland,1522,druid,balance,123,69,54
Crackfat,stormscale,1521,druid,balance,52,34,18
Chillerin,draenor,1521,druid,balance,102,55,47
Kbdd,outland,1521,druid,balance,54,24,30
Erol,silvermoon,1520,druid,balance,43,29,14
Sofiadrood,stormreaver,1520,druid,balance,24,16,8
Massak,aegwynn,1520,druid,balance,37,24,13
Бадика,eversong,1520,druid,balance,75,45,30
Levéltetü,ragnaros,1520,druid,balance,30,18,12
Convokeboost,archimonde,1520,druid,balance,267,150,117
Phatbushy,silvermoon,1520,druid,balance,45,22,23
Мантоя,gordunni,1519,druid,balance,204,110,94
Exca,stormscale,1519,druid,balance,54,28,26
Àspro,hyjal,1518,druid,balance,72,33,39
Fransman,sylvanas,1517,druid,balance,68,32,36
Degentiuso,alakir,1516,druid,balance,60,40,20
Ylmh,archimonde,1516,druid,balance,24,16,8
Kielorn,stormscale,1514,druid,balance,66,36,30
Cantdonothig,ravencrest,1514,druid,balance,327,167,160
Zevis,outland,1514,druid,balance,168,84,84
Syremark,silvermoon,1514,druid,balance,54,25,29
Shapeit,blackrock,1513,druid,balance,36,25,11
Hiquien,silvermoon,1513,druid,balance,36,24,12
Birb,archimonde,1513,druid,balance,77,47,30
Trylune,blackmoore,1513,druid,balance,36,19,17
Magiskeforme,draenor,1512,druid,balance,44,30,14
Jónahfalcon,draenor,1512,druid,balance,24,16,8
Czarnykocur,burning-legion,1512,druid,balance,108,62,46
Tylercatmeow,burning-legion,1512,druid,balance,48,24,24
Lèafy,silvermoon,1511,druid,balance,43,26,17
Opla,nethersturm,1510,druid,balance,40,27,13
Morphael,ravencrest,1510,druid,balance,36,21,15
Rifthy,nemesis,1510,druid,balance,30,16,14
Dantet,the-maelstrom,1510,druid,balance,42,17,25
Puppen,alakir,1508,druid,balance,48,29,19
Ðrpressure,blackrock,1508,druid,balance,120,72,48
Pyqmi,stormscale,1508,druid,balance,60,36,24
Halouest,archimonde,1508,druid,balance,83,43,40
Ddggss,ragnaros,1507,druid,balance,49,29,20
Killxhard,ravencrest,1507,druid,balance,36,19,17
Pórts,kazzak,1507,druid,balance,42,20,22
ßouncy,twisting-nether,1506,druid,balance,24,16,8
Chrevarraige,saurfang,1506,druid,balance,294,156,138
Gurudru,tarren-mill,1506,druid,balance,114,50,64
Vongihkuhher,blackmoore,1505,druid,balance,30,16,14
Bagginston,nazjatar,1505,druid,balance,86,44,42
Bxxmkin,draenor,1504,druid,balance,42,27,15
Salvagã,outland,1503,druid,balance,24,16,8
Sløthy,uldum,1503,druid,balance,70,36,34
Оудин,blackscar,1502,druid,balance,79,47,32
Гнетея,howling-fjord,1501,druid,balance,83,45,38
Däkk,draenor,1500,druid,balance,90,43,47
Leechers,silvermoon,1500,druid,balance,54,22,32
Ихет,gordunni,1499,druid,balance,94,58,36
Ðiàblos,nemesis,1498,druid,balance,88,54,34
Yaniayip,blackrock,1498,druid,balance,208,117,91
Insølitø,sanguino,1498,druid,balance,111,61,50
Ezkatka,ravencrest,1497,druid,balance,24,16,8
Karodoom,twisting-nether,1497,druid,balance,125,68,57
Shuffey,frostmane,1496,druid,balance,67,37,30
Sweetner,outland,1495,druid,balance,64,38,26
Healol,sanguino,1495,druid,balance,87,47,40
Ziele,the-maelstrom,1494,druid,balance,58,33,25
Surps,ravencrest,1494,druid,balance,30,16,14
Carismatic,blackmoore,1494,druid,balance,224,116,108
Heejåe,archimonde,1494,druid,balance,59,29,30
Uptoyou,defias-brotherhood,1493,druid,balance,83,46,37
Tuwog,outland,1493,druid,balance,77,38,39
Oxe,malganis,1492,druid,balance,24,19,5
Salvaga,outland,1492,druid,balance,47,27,20
Karuck,ravencrest,1492,druid,balance,118,61,57
Tawaraki,outland,1491,druid,balance,245,130,115
Ассайоу,gordunni,1490,druid,balance,102,54,48
Kørn,drakthul,1490,druid,balance,79,39,40
Nixhot,blackmoore,1490,druid,balance,70,32,38
Deepqt,kargath,1489,druid,balance,75,41,34
Ратататата,blackscar,1489,druid,balance,44,23,21
Telbo,ravencrest,1489,druid,balance,113,59,54
Усыильвиры,soulflayer,1489,druid,balance,54,28,26
Aetheris,varimathras,1489,druid,balance,98,48,50
Ðämøñæ,drekthar,1488,druid,balance,30,16,14
Rilak,nordrassil,1487,druid,balance,118,63,55
Екфта,gordunni,1487,druid,balance,90,47,43
Hïrøshïmå,malganis,1487,druid,balance,43,19,24
Speegle,kazzak,1486,druid,balance,30,16,14
Урркке,soulflayer,1485,druid,balance,102,54,48
Smuktøs,twisting-nether,1484,druid,balance,63,43,20
Druidboss,tarren-mill,1484,druid,balance,156,87,69
Chángé,draenor,1483,druid,balance,60,37,23
Arkatt,outland,1482,druid,balance,36,24,12
Nømat,defias-brotherhood,1482,druid,balance,201,112,89
Feralspîrît,outland,1482,druid,balance,102,49,53
Malolepszy,burning-legion,1482,druid,balance,48,21,27
Dragonforcé,twisting-nether,1481,druid,balance,33,21,12
Brujo,azjolnerub,1481,druid,balance,65,30,35
Moler,hyjal,1480,druid,balance,73,44,29
Aègon,ravencrest,1480,druid,balance,131,70,61
Raszcal,blackhand,1479,druid,balance,40,23,17
Tonutc,sanguino,1479,druid,balance,75,39,36
Rât,blackmoore,1478,druid,balance,54,36,18
Demonbalance,silvermoon,1478,druid,balance,64,39,25
Paulskinbak,tarren-mill,1478,druid,balance,54,29,25
Ashkaxx,ragnaros,1478,druid,balance,106,55,51
Aurwen,silvermoon,1477,druid,balance,49,27,22
Редмун,soulflayer,1477,druid,balance,110,59,51
Whythis,archimonde,1477,druid,balance,176,88,88
Nujus,kazzak,1477,druid,balance,36,18,18
Snoxy,wrathbringer,1477,druid,balance,65,32,33
Chúcky,twisting-nether,1476,druid,balance,115,65,50
Niggler,magtheridon,1476,druid,balance,160,84,76
Varunys,blackrock,1475,druid,balance,161,84,77
Tongá,draenor,1474,druid,balance,60,32,28
Meuhtéki,hyjal,1473,druid,balance,24,16,8
Dingeren,stormscale,1473,druid,balance,30,19,11
Epidemic,argent-dawn,1473,druid,balance,49,26,23
Báco,dun-modr,1473,druid,balance,36,17,19
Tôrmêñtêd,outland,1473,druid,balance,35,16,19
Smøuler,sanguino,1472,druid,balance,45,25,20
Whiskers,emerald-dream,1472,druid,balance,90,45,45
Boomalot,auchindoun,1471,druid,balance,54,31,23
Imaduck,silvermoon,1471,druid,balance,97,49,48
Shapeshiptur,argent-dawn,1469,druid,balance,48,25,23
Prinzfarming,mugthol,1469,druid,balance,57,29,28
Wallaar,ragnaros,1469,druid,balance,84,37,47
Vrill,kazzak,1468,druid,balance,135,76,59
Traplordgen,outland,1468,druid,balance,33,18,15
Spaceshift,magtheridon,1468,druid,balance,216,113,103
Chispiwini,cthun,1467,druid,balance,73,39,34
Dudmæster,blackmoore,1466,druid,balance,39,21,18
Animalcruelt,silvermoon,1466,druid,balance,56,30,26
Toffyfee,anetheron,1464,druid,balance,68,47,21
Pfandmalle,blackrock,1464,druid,balance,36,24,12
Urilmæ,blackmoore,1463,druid,balance,54,28,26
Manuka,argent-dawn,1463,druid,balance,36,18,18
Vaizier,defias-brotherhood,1462,druid,balance,125,63,62
Wombati,blackrock,1462,druid,balance,60,30,30
Òniz,hyjal,1461,druid,balance,36,25,11
Druidere,outland,1461,druid,balance,106,56,50
Chansnax,thrall,1461,druid,balance,76,39,37
Alterejuv,ravencrest,1461,druid,balance,48,23,25
Meatwallet,defias-brotherhood,1460,druid,balance,47,27,20
Inghlo,blackmoore,1460,druid,balance,64,36,28
Mogi,pozzo-delleternità,1460,druid,balance,93,45,48
Entas,kazzak,1459,druid,balance,36,24,12
Jöggel,perenolde,1459,druid,balance,48,29,19
Kamzik,drakthul,1459,druid,balance,36,19,17
Primdâhl,ravencrest,1459,druid,balance,60,31,29
Arrakiz,sanguino,1458,druid,balance,89,58,31
Teddyxbear,nefarian,1458,druid,balance,30,18,12
Asterism,stormscale,1458,druid,balance,147,80,67
Rocknrollà,doomhammer,1457,druid,balance,42,19,23
Sojiz,outland,1456,druid,balance,33,23,10
Dypas,chogall,1456,druid,balance,42,24,18
Almrudi,blackrock,1456,druid,balance,42,20,22
Feign,blackmoore,1455,druid,balance,37,17,20
Shàarøn,archimonde,1454,druid,balance,40,28,12
Verenai,bloodfeather,1454,druid,balance,36,24,12
Ashirae,drakthul,1454,druid,balance,32,18,14
Матумбо,razuvious,1454,druid,balance,458,229,229
Brandyballix,twisting-nether,1454,druid,balance,122,58,64
Jejoueferal,chogall,1453,druid,balance,186,95,91
Endoplazmik,silvermoon,1453,druid,balance,165,83,82
Bjærky,silvermoon,1451,druid,balance,56,38,18
Kuhgucci,blackmoore,1451,druid,balance,30,16,14
Yiradur,stormscale,1451,druid,balance,96,49,47
Eloomie,rexxar,1451,druid,balance,39,19,20
Gúccî,blackrock,1450,druid,balance,30,22,8
Drrestospec,tarren-mill,1450,druid,balance,72,51,21
Ibêx,blackmoore,1450,druid,balance,36,22,14
Itadorikun,silvermoon,1450,druid,balance,101,58,43
Wize,pozzo-delleternità,1450,druid,balance,80,40,40
Кеорл,gordunni,1450,druid,balance,38,18,20
Callmev,hyjal,1449,druid,balance,28,24,4
Fluffykin,defias-brotherhood,1448,druid,balance,48,29,19
Wxw,stormscale,1448,druid,balance,36,17,19
Mahist,archimonde,1447,druid,balance,54,31,23
Maddixx,outland,1447,druid,balance,60,30,30
Wizår,outland,1446,druid,balance,24,16,8
Psycloniac,ravencrest,1446,druid,balance,36,19,17
Hunterkiller,azjolnerub,1446,druid,balance,42,21,21
Owlcápown,ravencrest,1446,druid,balance,36,18,18
Bëndover,uldaman,1445,druid,balance,42,25,17
Fruitdealer,antonidas,1444,druid,balance,78,42,36
Killforpakis,turalyon,1442,druid,balance,30,19,11
Buttkin,outland,1442,druid,balance,36,17,19
Dudana,argent-dawn,1441,druid,balance,48,29,19
Arrowfáx,kazzak,1441,druid,balance,60,35,25
Bruddanature,blackrock,1440,druid,balance,95,52,43
Téddý,tarren-mill,1440,druid,balance,54,28,26
Guthíx,silvermoon,1439,druid,balance,102,48,54
Lacÿn,twisting-nether,1438,druid,balance,18,15,3
Jatto,magtheridon,1438,druid,balance,36,20,16
Elfruidus,chogall,1436,druid,balance,30,22,8
Betobalance,blackmoore,1435,druid,balance,18,15,3
Néøu,archimonde,1434,druid,balance,24,15,9
Duskdawn,xavius,1434,druid,balance,66,33,33
Buurzalbai,drakthul,1434,druid,balance,126,61,65
Contrnahruk,kazzak,1433,druid,balance,18,15,3
Овероний,soulflayer,1433,druid,balance,54,32,22
Stêvé,silvermoon,1433,druid,balance,115,67,48
Cutiepain,kazzak,1432,druid,balance,18,15,3
Celtixthrash,tarren-mill,1432,druid,balance,24,15,9
Restromide,ravencrest,1432,druid,balance,30,15,15
Skywíng,stormscale,1432,druid,balance,54,25,29
Óðinn,stormscale,1431,druid,balance,18,15,3
Tøyz,stormscale,1431,druid,balance,18,15,3
Løö,archimonde,1431,druid,balance,24,15,9
Chouwa,korgall,1431,druid,balance,65,38,27
Хоточник,gordunni,1431,druid,balance,110,57,53
Xclonedotcom,aegwynn,1430,druid,balance,54,36,18
Лунныйфилин,deathguard,1430,druid,balance,31,16,15
Ibnform,archimonde,1429,druid,balance,18,15,3
Elilith,auchindoun,1429,druid,balance,18,15,3
Astralbody,auchindoun,1429,druid,balance,30,17,13
Кекичшрекич,soulflayer,1429,druid,balance,78,41,37
Kazuid,argent-dawn,1428,druid,balance,38,24,14
Vëgâñgøðx,ragnaros,1428,druid,balance,24,15,9
Fouser,shattered-hand,1428,druid,balance,36,17,19
Murenito,nemesis,1428,druid,balance,118,51,67
Rrayed,kazzak,1427,druid,balance,76,49,27
Exilara,twisting-nether,1427,druid,balance,66,39,27
Fluffeh,doomhammer,1426,druid,balance,36,22,14
Kriala,kazzak,1426,druid,balance,36,20,16
Saltilac,ragnaros,1426,druid,balance,72,39,33
Drutiful,outland,1426,druid,balance,72,31,41
Littleneo,ambossar,1425,druid,balance,95,47,48
Asrais,dun-modr,1424,druid,balance,30,16,14
Bloomly,tarren-mill,1424,druid,balance,38,17,21
Anabola,frostwhisper,1423,druid,balance,24,15,9
Crazzimus,tarren-mill,1423,druid,balance,126,62,64
Moonpoxdru,nerathor,1422,druid,balance,24,15,9
Mørshac,blackrock,1422,druid,balance,24,15,9
Nøny,gorgonnash,1422,druid,balance,86,45,41
Megaball,sylvanas,1421,druid,balance,132,76,56
Bearcosby,burning-legion,1421,druid,balance,29,16,13
Kroaxs,draenor,1421,druid,balance,206,110,96
Còwgummi,blackhand,1421,druid,balance,30,15,15
Petiteorange,archimonde,1420,druid,balance,24,16,8
Stárburst,auchindoun,1420,druid,balance,95,53,42
Wherismygold,ravencrest,1420,druid,balance,56,29,27
Малисеннта,gordunni,1420,druid,balance,42,21,21
Reed,sylvanas,1420,druid,balance,30,15,15
Karolg,tyrande,1420,druid,balance,75,35,40
Катяблум,gordunni,1419,druid,balance,39,25,14
Zedapalha,aggra-português,1418,druid,balance,63,39,24
Kanataka,stormscale,1418,druid,balance,54,32,22
Harrasmoes,ravencrest,1418,druid,balance,50,27,23
Wazam,kazzak,1417,druid,balance,50,34,16
Fishanchips,archimonde,1417,druid,balance,24,15,9
Daìs,dalaran,1417,druid,balance,24,15,9
Trol,malganis,1417,druid,balance,96,53,43
Zhyra,arathor,1417,druid,balance,132,68,64
Лардиан,gordunni,1417,druid,balance,30,15,15
Lyøñ,dun-modr,1417,druid,balance,35,16,19
Doruido,rashgarroth,1417,druid,balance,84,35,49
Storpboom,drakthul,1416,druid,balance,114,65,49
Kosmegpåøra,ravencrest,1416,druid,balance,30,15,15
Couleaf,stormscale,1415,druid,balance,43,29,14
Iskaarjx,archimonde,1415,druid,balance,41,23,18
Шубаиздуба,howling-fjord,1413,druid,balance,78,42,36
Ciaoxøxø,ragnaros,1413,druid,balance,96,51,45
Quorn,pozzo-delleternità,1413,druid,balance,88,40,48
Hypam,archimonde,1413,druid,balance,42,19,23
Wasïro,zuljin,1413,druid,balance,60,27,33
Seysso,silvermoon,1412,druid,balance,189,93,96
Forigiver,draenor,1410,druid,balance,30,19,11
Кортанус,gordunni,1410,druid,balance,58,29,29
Moujr,draenor,1409,druid,balance,46,26,20
Aastal,uldaman,1409,druid,balance,79,37,42
Youdog,kazzak,1406,druid,balance,108,47,61
Izzi,arathor,1405,druid,balance,56,31,25
Krtt,tarren-mill,1405,druid,balance,211,102,109
Коктявзер,deathweaver,1404,druid,balance,42,20,22
Heav,kiljaeden,1403,druid,balance,53,33,20
Ziouk,archimonde,1403,druid,balance,36,21,15
Rbgbear,blackhand,1403,druid,balance,59,32,27
Tulleku,azjolnerub,1403,druid,balance,33,17,16
Meretrizx,kazzak,1403,druid,balance,30,15,15
Buikstuk,kilrogg,1401,druid,balance,36,23,13
Джоннчек,gordunni,1401,druid,balance,58,36,22
Idk,blackhand,1401,druid,balance,62,33,29
Diolives,stormscale,1401,druid,balance,30,15,15
Sephir,shattrath,1400,druid,balance,60,33,27
Vulyr,outland,1400,druid,balance,167,88,79
Çãm,magtheridon,1399,druid,balance,24,16,8
Xyiz,ravencrest,1399,druid,balance,80,42,38
Ilovedruid,forscherliga,1397,druid,balance,52,27,25
Ramgis,sanguino,1397,druid,balance,36,17,19
Кулунхе,soulflayer,1394,druid,balance,96,57,39
Hardruid,sanguino,1394,druid,balance,35,18,17
Geizagobble,twisting-nether,1394,druid,balance,66,28,38
Giaya,turalyon,1393,druid,balance,35,21,14
Koffee,archimonde,1393,druid,balance,48,27,21
Makoes,tarren-mill,1393,druid,balance,32,18,14
Carebearlol,frostmane,1393,druid,balance,90,40,50
Жибка,howling-fjord,1391,druid,balance,44,21,23
Køßÿ,ysondre,1390,druid,balance,54,26,28
Kalàdin,ysondre,1390,druid,balance,50,19,31
Elonax,eredar,1389,druid,balance,67,39,28
Pantheraa,twisting-nether,1388,druid,balance,55,35,20
Cowárd,blackmoore,1388,druid,balance,38,18,20
Pfíirsich,blackmoore,1387,druid,balance,50,23,27
Fiomy,blackhand,1386,druid,balance,53,36,17
Tonie,stormscale,1385,druid,balance,38,19,19
Hárty,tarren-mill,1384,druid,balance,80,44,36
Dmgtràsh,dun-modr,1383,druid,balance,23,15,8
Myex,exodar,1383,druid,balance,61,32,29
Snedden,silvermoon,1383,druid,balance,79,38,41
Catsgomeow,outland,1382,druid,balance,54,27,27
Drazefin,twisting-nether,1382,druid,balance,42,15,27
Mercmydude,ravencrest,1381,druid,balance,111,54,57
Angharradh,arthas,1380,druid,balance,36,18,18
Srkameltouss,sanguino,1378,druid,balance,24,17,7
Древогрут,howling-fjord,1378,druid,balance,25,17,8
Sajah,outland,1378,druid,balance,34,15,19
Salseo,uldum,1377,druid,balance,72,46,26
Pavesino,nemesis,1377,druid,balance,30,18,12
Rexiehunty,aszune,1376,druid,balance,59,28,31
Данилсахарок,soulflayer,1376,druid,balance,47,20,27
Сэднхорни,howling-fjord,1375,druid,balance,66,32,34
Schneelol,outland,1374,druid,balance,66,33,33
Iupa,silvermoon,1373,druid,balance,107,61,46
Farmerone,tarren-mill,1373,druid,balance,96,54,42
Тёмныйзверь,borean-tundra,1373,druid,balance,84,43,41
Jarko,ysondre,1372,druid,balance,104,46,58
Darkillaa,anetheron,1371,druid,balance,53,29,24
Abadar,tarren-mill,1371,druid,balance,110,58,52
Neova,dun-modr,1371,druid,balance,57,29,28
Pø,blackrock,1371,druid,balance,59,26,33
Rinjindin,eredar,1370,druid,balance,90,48,42
Астралъх,gordunni,1370,druid,balance,90,39,51
Mayhh,ragnaros,1369,druid,balance,143,79,64
Patchlølx,blackmoore,1368,druid,balance,63,37,26
Elekträ,ravencrest,1368,druid,balance,51,21,30
Fillet,aggra-português,1367,druid,balance,65,45,20
Natoro,outland,1366,druid,balance,42,21,21
Chrîslol,twisting-nether,1366,druid,balance,103,49,54
Keynn,kazzak,1366,druid,balance,86,39,47
Arreton,silvermoon,1365,druid,balance,22,15,7
Shìrò,kelthuzad,1365,druid,balance,48,24,24
Convoke,burning-legion,1365,druid,balance,76,34,42
When,kirin-tor,1364,druid,balance,93,47,46
Gajani,stormscale,1364,druid,balance,35,17,18
Laylie,aegwynn,1364,druid,balance,35,16,19
Nefariz,dun-modr,1364,druid,balance,48,21,27
Jaile,burning-legion,1363,druid,balance,28,18,10
Heanra,frostmane,1363,druid,balance,35,22,13
Yungle,stormscale,1363,druid,balance,48,20,28
Druiddamage,the-maelstrom,1362,druid,balance,224,117,107
Nightingalee,stormscale,1361,druid,balance,42,18,24
Irishdemón,ravencrest,1360,druid,balance,90,47,43
Baracüda,draenor,1358,druid,balance,60,27,33
Ахелез,gordunni,1358,druid,balance,36,15,21
Anhoq,silvermoon,1357,druid,balance,141,71,70
Catmøm,blackmoore,1357,druid,balance,94,47,47
Thepiemaker,silvermoon,1356,druid,balance,30,18,12
Мегасв,gordunni,1356,druid,balance,42,24,18
Амахасла,deathweaver,1356,druid,balance,67,38,29
Nyetoo,dun-modr,1355,druid,balance,85,38,47
Narai,shadowsong,1354,druid,balance,60,33,27
Ennelle,silvermoon,1353,druid,balance,38,23,15
Cörelly,ravencrest,1352,druid,balance,63,39,24
Endoth,blackrock,1352,druid,balance,38,20,18
Губкобоб,galakrond,1352,druid,balance,46,23,23
Dudutrainer,blackmoore,1351,druid,balance,30,22,8
Ketama,sylvanas,1350,druid,balance,67,33,34
Icetep,sargeras,1349,druid,balance,66,32,34
Doncaino,amanthul,1349,druid,balance,48,19,29
Животноеыы,howling-fjord,1345,druid,balance,41,17,24
Yshára,darkmoon-faire,1343,druid,balance,18,14,4
Broxisqt,blackrock,1343,druid,balance,24,14,10
Bolskigg,stormreaver,1343,druid,balance,54,26,28
Wenciorek,kazzak,1343,druid,balance,36,17,19
Suppencaster,frostwolf,1342,druid,balance,18,14,4
Pôpcorn,ragnaros,1342,druid,balance,54,33,21
Амераки,blackscar,1342,druid,balance,24,14,10
Buhuu,blackmoore,1342,druid,balance,153,76,77
Weisslogia,aegwynn,1342,druid,balance,83,37,46
Schneéeule,blackrock,1342,druid,balance,36,15,21
Blackdrd,archimonde,1340,druid,balance,24,14,10
Boompjeh,chamber-of-aspects,1340,druid,balance,24,14,10
Wiligun,archimonde,1340,druid,balance,54,31,23
Cevto,drakthul,1340,druid,balance,42,21,21
Этъя,borean-tundra,1340,druid,balance,102,46,56
Släshes,stormreaver,1339,druid,balance,30,18,12
Santoniq,dun-morogh,1339,druid,balance,162,79,83
Popadegril,draenor,1339,druid,balance,36,14,22
Nolak,frostwolf,1338,druid,balance,66,34,32
Wainl,hyjal,1338,druid,balance,42,20,22
Claynoe,blackmoore,1337,druid,balance,27,15,12
Kheleñ,blackrock,1336,druid,balance,20,14,6
Sasosins,ravencrest,1336,druid,balance,24,14,10
Illebra,defias-brotherhood,1336,druid,balance,24,14,10
Reeves,lightbringer,1336,druid,balance,42,19,23
Ххансолл,gordunni,1335,druid,balance,173,92,81
Wartôn,blackhand,1334,druid,balance,100,58,42
Stalkdro,elune,1333,druid,balance,24,14,10
Mascraxx,earthen-ring,1333,druid,balance,91,50,41
Алендор,deathguard,1333,druid,balance,48,25,23
Soward,la-croisade-écarlate,1331,druid,balance,38,17,21
Бульбион,gordunni,1330,druid,balance,42,26,16
Deetaa,eredar,1330,druid,balance,24,14,10
Barbielolz,archimonde,1330,druid,balance,24,14,10
Jpxoxoq,blackhand,1330,druid,balance,33,18,15
Æîîs,blackrock,1330,druid,balance,151,78,73
Nëko,chamber-of-aspects,1330,druid,balance,59,23,36
Transformerr,silvermoon,1329,druid,balance,60,29,31
Lindémann,blackhand,1328,druid,balance,63,41,22
Mirikastiko,korgall,1328,druid,balance,24,14,10
Bigpopp,kazzak,1328,druid,balance,65,30,35
Aik,gorgonnash,1328,druid,balance,102,46,56
Ismackü,stormscale,1327,druid,balance,53,35,18
Stìck,archimonde,1327,druid,balance,83,43,40
Drmz,dalaran,1327,druid,balance,58,27,31
Bareforms,medivh,1326,druid,balance,51,33,18
Tankis,dalaran,1325,druid,balance,113,69,44
Bubak,deathwing,1325,druid,balance,24,14,10
Альмазар,lich-king,1325,druid,balance,98,50,48
Cráck,nagrand,1324,druid,balance,28,15,13
Kazzeria,stormscale,1324,druid,balance,42,21,21
Yabbah,blackrock,1322,druid,balance,24,14,10
Турбокалясик,gordunni,1322,druid,balance,31,15,16
Nymå,outland,1322,druid,balance,30,14,16
Zhroomx,blackmoore,1322,druid,balance,56,25,31
Neshalry,blackhand,1319,druid,balance,27,15,12
Hisoca,tarren-mill,1319,druid,balance,120,63,57
Antiseptik,ysondre,1319,druid,balance,53,27,26
Piiti,burning-legion,1319,druid,balance,48,20,28
Lucidx,blackrock,1319,druid,balance,54,20,34
Succee,stormscale,1318,druid,balance,207,108,99
Bigdx,blackrock,1317,druid,balance,102,51,51
Hardí,tarren-mill,1316,druid,balance,102,51,51
Bløødax,hyjal,1315,druid,balance,136,64,72
Fejgi,stormreaver,1314,druid,balance,48,29,19
Challi,nordrassil,1314,druid,balance,42,25,17
Zindaya,blades-edge,1314,druid,balance,38,20,18
Faqbàdi,twisting-nether,1313,druid,balance,30,14,16
Sethdr,hyjal,1312,druid,balance,29,16,13
Aryitu,blackrock,1312,druid,balance,68,35,33
Bulma,dun-modr,1312,druid,balance,48,23,25
Derrill,hellfire,1311,druid,balance,23,16,7
Jdogger,tarren-mill,1311,druid,balance,30,17,13
Albïnøs,arathi,1310,druid,balance,30,15,15
Hideinbushh,ravencrest,1309,druid,balance,20,15,5
Fûzzybear,ravencrest,1309,druid,balance,36,16,20
Zzblaah,archimonde,1309,druid,balance,42,15,27
Putzé,blackrock,1308,druid,balance,41,20,21
Kunya,tarren-mill,1308,druid,balance,228,111,117
Garthel,sylvanas,1307,druid,balance,69,29,40
Jeesman,sylvanas,1306,druid,balance,116,63,53
Pelagius,ravencrest,1305,druid,balance,33,21,12
Solarian,ravencrest,1304,druid,balance,42,26,16
Toondog,doomhammer,1303,druid,balance,24,14,10
Baz,nemesis,1301,druid,balance,30,16,14
Шадарлогот,gordunni,1300,druid,balance,90,52,38
Sazo,elune,1300,druid,balance,28,14,14
Âutumn,antonidas,1300,druid,balance,28,14,14
Swolecat,ravencrest,1300,druid,balance,29,14,15
Wtcseven,eredar,1300,druid,balance,42,20,22
Putitimoriri,pozzo-delleternità,1298,druid,balance,74,46,28
Balzàc,ravencrest,1298,druid,balance,82,46,36
Bénjî,khazgoroth,1298,druid,balance,113,59,54
Zeifana,khaz-modan,1297,druid,balance,30,18,12
Болггар,gordunni,1297,druid,balance,29,15,14
Doomkin,tichondrius,1297,druid,balance,52,26,26
Oiseth,tarren-mill,1297,druid,balance,78,36,42
Phanÿ,garona,1297,druid,balance,36,15,21
Yolobolo,ragnaros,1295,druid,balance,23,14,9
Druice,tyrande,1292,druid,balance,41,25,16
Tubi,darksorrow,1292,druid,balance,30,16,14
Ðãddy,ravencrest,1291,druid,balance,38,24,14
Revølter,kazzak,1291,druid,balance,62,27,35
Surgeshift,ravencrest,1291,druid,balance,42,14,28
Larbre,dalaran,1289,druid,balance,67,45,22
Roroa,ravencrest,1289,druid,balance,27,14,13
Rullader,draenor,1288,druid,balance,66,39,27
Whísperclaw,ravencrest,1288,druid,balance,114,59,55
Совуф,ashenvale,1288,druid,balance,36,17,19
Forestrun,sylvanas,1287,druid,balance,48,30,18
Lærken,the-maelstrom,1287,druid,balance,89,50,39
Wildthing,blackmoore,1286,druid,balance,68,36,32
Arenshimoon,kazzak,1286,druid,balance,30,15,15
Quiksx,blackrock,1286,druid,balance,43,20,23
Ralokian,drakthul,1285,druid,balance,53,34,19
Yomosh,eredar,1285,druid,balance,67,32,35
Fäcker,blackhand,1283,druid,balance,60,32,28
Sheâ,nemesis,1283,druid,balance,204,104,100
Scottparker,sylvanas,1282,druid,balance,36,24,12
Voorhess,blackmoore,1282,druid,balance,41,17,24
Fhi,antonidas,1281,druid,balance,42,23,19
Jabah,silvermoon,1280,druid,balance,24,18,6
Tekal,vashj,1280,druid,balance,36,20,16
Астраджет,gordunni,1279,druid,balance,30,15,15
Medreas,argent-dawn,1278,druid,balance,95,59,36
Óok,outland,1278,druid,balance,33,16,17
Yugene,dun-modr,1276,druid,balance,26,14,12
Видди,soulflayer,1276,druid,balance,42,21,21
Droodfarm,hyjal,1275,druid,balance,70,37,33
Kittyboomy,burning-blade,1275,druid,balance,75,33,42
Youngjin,ravencrest,1274,druid,balance,36,21,15
Meezy,ragnaros,1273,druid,balance,30,15,15
Rektjin,stormscale,1273,druid,balance,42,17,25
Altix,blackmoore,1272,druid,balance,72,40,32
Àsúnâ,eredar,1272,druid,balance,42,15,27
Applestrudle,blackrock,1271,druid,balance,67,30,37
Мутаборец,howling-fjord,1270,druid,balance,98,59,39
Zerofrenzy,hyjal,1269,druid,balance,223,102,121
Taylorshift,argent-dawn,1268,druid,balance,23,14,9
Vrillox,blackmoore,1268,druid,balance,33,15,18
Monopolying,dentarg,1267,druid,balance,42,27,15
Orious,dun-modr,1267,druid,balance,28,14,14
Melyo,blackmoore,1265,druid,balance,48,27,21
Caltvalai,ravencrest,1265,druid,balance,28,14,14
Bearhúg,kazzak,1265,druid,balance,41,16,25
Tytankon,silvermoon,1264,druid,balance,73,32,41
Coogee,malganis,1263,druid,balance,81,41,40
Ваандри,gordunni,1262,druid,balance,36,22,14
Petju,darksorrow,1262,druid,balance,48,21,27
Atbõs,stormscale,1261,druid,balance,35,18,17
Polimorphism,tarren-mill,1261,druid,balance,60,24,36
Bambøué,khaz-modan,1260,druid,balance,24,14,10
Jenelin,silvermoon,1260,druid,balance,42,20,22
Frenkiej,pozzo-delleternità,1259,druid,balance,56,31,25
Achre,thunderhorn,1259,druid,balance,30,14,16
Hypnosoad,outland,1259,druid,balance,41,17,24
Hushorde,twisting-nether,1259,druid,balance,48,17,31
Eýesburn,silvermoon,1259,druid,balance,52,17,35
Kimba,onyxia,1258,druid,balance,90,46,44
Bolinette,archimonde,1258,druid,balance,48,17,31
Braokhull,stormscale,1256,druid,balance,54,28,26
Нэйроуз,howling-fjord,1254,druid,balance,95,49,46
Mäo,sylvanas,1254,druid,balance,48,21,27
Игрог,soulflayer,1252,druid,balance,71,34,37
Mööñ,hyjal,1249,druid,balance,37,20,17
Zuldram,uldaman,1249,druid,balance,29,14,15
Tygra,blackrock,1248,druid,balance,18,13,5
Hadoukan,ravencrest,1248,druid,balance,47,24,23
Renewdex,thrall,1247,druid,balance,18,13,5
Lothadriel,sylvanas,1247,druid,balance,64,35,29
Suranaelle,argent-dawn,1247,druid,balance,73,38,35
Mariss25076F,chogall,1246,druid,balance,30,18,12
Mazalot,kazzak,1246,druid,balance,25,14,11
Venh,forscherliga,1246,druid,balance,61,33,28
Flippy,blackmoore,1246,druid,balance,217,106,111
Beutow,archimonde,1246,druid,balance,30,13,17
Xkirtach,dun-modr,1245,druid,balance,24,13,11
Àlec,silvermoon,1245,druid,balance,152,81,71
Øwlkin,ravencrest,1245,druid,balance,27,14,13
Chugs,draenor,1245,druid,balance,48,24,24
Djràkèâlòt,ravencrest,1244,druid,balance,18,13,5
Fatfingerx,blackrock,1244,druid,balance,24,13,11
Kermit,die-aldor,1244,druid,balance,168,77,91
Eranor,archimonde,1243,druid,balance,18,13,5
Ateli,kazzak,1243,druid,balance,21,14,7
Лякокля,soulflayer,1243,druid,balance,69,38,31
Smittly,bloodhoof,1243,druid,balance,36,17,19
Guccicken,garona,1242,druid,balance,18,13,5
Shùrã,archimonde,1242,druid,balance,78,43,35
Clonorrhea,tarren-mill,1242,druid,balance,24,13,11
Zulrája,outland,1242,druid,balance,24,13,11
Spoco,defias-brotherhood,1242,druid,balance,34,18,16
Mehgyver,ravencrest,1242,druid,balance,32,14,18
Qumina,azjolnerub,1242,druid,balance,34,14,20
Rengár,blackrock,1241,druid,balance,18,13,5
Fantaclause,tarren-mill,1240,druid,balance,240,116,124
Füsselviech,frostwolf,1239,druid,balance,18,13,5
Nyrrh,blackmoore,1239,druid,balance,24,13,11
Fangornn,outland,1239,druid,balance,30,13,17
Smilodon,blackrock,1239,druid,balance,30,13,17
Winnysfanboy,outland,1238,druid,balance,24,13,11
Midnightwisp,blackhand,1237,druid,balance,42,21,21
Prettyfunny,ravencrest,1236,druid,balance,18,13,5
Jokizy,burning-legion,1236,druid,balance,42,24,18
Conn,ravencrest,1236,druid,balance,81,45,36
Lunarveil,draenor,1236,druid,balance,24,13,11
Jmaz,outland,1236,druid,balance,27,14,13
Thyrena,argent-dawn,1236,druid,balance,86,37,49
Фераладзе,gordunni,1235,druid,balance,48,23,25
Trollskee,draenor,1235,druid,balance,52,24,28
Avimoo,tarren-mill,1235,druid,balance,30,13,17
Månljuset,outland,1234,druid,balance,24,16,8
Киллиманжаро,howling-fjord,1234,druid,balance,158,76,82
Мяурицао,howling-fjord,1233,druid,balance,113,62,51
Fakeztwo,eredar,1233,druid,balance,29,14,15
Makelsi,tarren-mill,1233,druid,balance,29,14,15
Lendron,malygos,1233,druid,balance,35,14,21
Amici,eredar,1232,druid,balance,24,13,11
Artío,the-maelstrom,1232,druid,balance,122,59,63
Dobradoonga,exodar,1231,druid,balance,33,20,13
Raízun,blackmoore,1230,druid,balance,24,13,11
Thruf,nemesis,1230,druid,balance,42,17,25
Мунмунмун,gordunni,1229,druid,balance,43,19,24
Abbî,aegwynn,1228,druid,balance,60,40,20
Oxox,defias-brotherhood,1227,druid,balance,25,14,11
Iamramen,blackmoore,1227,druid,balance,137,65,72
Ðoxi,draenor,1226,druid,balance,120,58,62
Requinymph,ravencrest,1226,druid,balance,31,14,17
Maurana,sylvanas,1225,druid,balance,30,13,17
Farodiin,blackmoore,1225,druid,balance,54,22,32
Cîalîs,blackmoore,1224,druid,balance,24,13,11
Trydru,blackmoore,1223,druid,balance,102,50,52
Demizeub,archimonde,1221,druid,balance,297,142,155
Ritualofmoon,darkmoon-faire,1220,druid,balance,63,31,32
Rayðii,archimonde,1219,druid,balance,44,24,20
Dancingrain,ravencrest,1219,druid,balance,30,13,17
Buzzlîghtyea,outland,1218,druid,balance,24,13,11
Gullíver,draenor,1216,druid,balance,51,21,30
Velnens,shattered-halls,1215,druid,balance,83,38,45
Rikiform,ravencrest,1215,druid,balance,35,16,19
Holyconvoke,stormscale,1213,druid,balance,22,14,8
Avior,eonar,1213,druid,balance,53,18,35
ßalmain,nethersturm,1212,druid,balance,58,33,25
Duhdudu,thrall,1211,druid,balance,59,37,22
Vasilona,sanguino,1211,druid,balance,24,13,11
Zac,quelthalas,1211,druid,balance,24,13,11
Semiflora,silvermoon,1211,druid,balance,46,19,27
Teldrastion,silvermoon,1209,druid,balance,54,17,37
Cagaboliches,sanguino,1208,druid,balance,30,14,16
Drudd,hellscream,1208,druid,balance,35,13,22
Jevcoh,area-52,1207,druid,balance,18,13,5
Talressian,argent-dawn,1206,druid,balance,54,18,36
Tílac,eredar,1202,druid,balance,24,13,11
Zoozian,antonidas,1201,druid,balance,18,16,2
Doggerz,aggra-português,1201,druid,balance,87,43,44
Kommarübär,tirion,1201,druid,balance,42,15,27
Gardenstate,silvermoon,1200,druid,balance,42,26,16
Terrays,the-maelstrom,1199,druid,balance,48,35,13
Søfiaa,argent-dawn,1199,druid,balance,131,74,57
Lucianis,drakthul,1197,druid,balance,48,17,31
Malammore,burning-legion,1195,druid,balance,77,49,28
Uglydruid,drakthul,1195,druid,balance,152,78,74
Sarkophag,blackrock,1193,druid,balance,36,13,23
Litany,drakthul,1192,druid,balance,35,16,19
Weregoon,blackmoore,1192,druid,balance,105,44,61
Trollisha,mannoroth,1191,druid,balance,32,17,15
Zeldaa,antonidas,1191,druid,balance,87,39,48
Сейтил,deathguard,1190,druid,balance,91,42,49
Gluqt,outland,1189,druid,balance,90,41,49
Laiquaril,ravencrest,1189,druid,balance,49,21,28
Máilo,aegwynn,1189,druid,balance,72,30,42
Naone,silvermoon,1188,druid,balance,102,52,50
Dêesse,archimonde,1188,druid,balance,42,20,22
Dremdra,draenor,1185,druid,balance,54,23,31
Ærîs,garona,1185,druid,balance,58,24,34
Blesya,ravencrest,1182,druid,balance,39,15,24
Chulainn,sylvanas,1181,druid,balance,24,18,6
Mlyzioz,ahnqiraj,1179,druid,balance,45,29,16
Tugnann,stormscale,1178,druid,balance,21,14,7
Oomhammer,darkspear,1178,druid,balance,22,13,9
Deadmorph,ysondre,1178,druid,balance,27,14,13
Grizzlyhills,silvermoon,1177,druid,balance,19,14,5
Split,rexxar,1177,druid,balance,41,22,19
Забурсчу,howling-fjord,1176,druid,balance,32,20,12
Bearhugzz,outland,1176,druid,balance,334,172,162
Пушистаялапа,blackscar,1175,druid,balance,34,19,15
Bazikk,kazzak,1174,druid,balance,76,44,32
Eliaster,ysondre,1174,druid,balance,36,20,16
Fey,stormrage,1174,druid,balance,35,13,22
Ashär,kirin-tor,1173,druid,balance,81,37,44
Попестовали,gordunni,1172,druid,balance,33,19,14
Trickpotato,terrordar,1172,druid,balance,42,24,18
Starcat,defias-brotherhood,1172,druid,balance,26,13,13
Leyarin,argent-dawn,1170,druid,balance,87,34,53
Wolfhealer,blackmoore,1168,druid,balance,54,29,25
Maelinou,archimonde,1168,druid,balance,36,19,17
Corkiri,tarren-mill,1167,druid,balance,17,13,4
Kotomer,defias-brotherhood,1167,druid,balance,255,121,134
Freedonnad,alleria,1166,druid,balance,23,14,9
Freshener,antonidas,1166,druid,balance,56,33,23
Notsikaan,blackhand,1165,druid,balance,31,13,18
Certton,arakarahm,1160,druid,balance,81,37,44
Toxida,antonidas,1157,druid,balance,71,35,36
Haginator,twisting-nether,1157,druid,balance,102,48,54
Cobradrood,culte-de-la-rive-noire,1157,druid,balance,48,21,27
Northstar,sylvanas,1156,druid,balance,18,13,5
Gnotten,thunderhorn,1154,druid,balance,23,13,10
Slurmms,sylvanas,1153,druid,balance,174,96,78
Sodniss,aggra-português,1153,druid,balance,40,17,23
Lêviàthäñ,blackhand,1152,druid,balance,24,12,12
Woc,thrall,1151,druid,balance,12,12,0
Minado,outland,1151,druid,balance,12,12,0
Renzay,ysondre,1151,druid,balance,18,12,6
Moonleaf,burning-steppes,1151,druid,balance,18,12,6
Bandinator,archimonde,1151,druid,balance,18,12,6
Nätsügødxqt,archimonde,1151,druid,balance,18,12,6
Vârima,ravencrest,1151,druid,balance,18,12,6
Bigfeeder,ravencrest,1151,druid,balance,20,12,8
Fabutwo,blackrock,1151,druid,balance,24,12,12
Friidaf,lightbringer,1151,druid,balance,24,12,12
Lazermonster,tarren-mill,1151,druid,balance,24,12,12
Nakkikastike,magtheridon,1151,druid,balance,64,28,36
Kiluavi,argent-dawn,1150,druid,balance,18,12,6
Бсуза,soulflayer,1149,druid,balance,42,14,28
Deblin,ragnaros,1148,druid,balance,41,23,18
Leafsandstuf,ragnaros,1147,druid,balance,18,12,6
Clâwdîte,blackrock,1147,druid,balance,24,13,11
Limmiited,ravencrest,1147,druid,balance,66,31,35
Rabbalala,twisting-nether,1147,druid,balance,30,12,18
Mnqn,ravencrest,1146,druid,balance,18,12,6
Merq,ravencrest,1146,druid,balance,18,12,6
Tjoepert,azjolnerub,1146,druid,balance,96,41,55
Lyorn,stormscale,1145,druid,balance,24,12,12
Aestûs,outland,1145,druid,balance,24,12,12
Zendrand,sylvanas,1145,druid,balance,37,16,21
Owltoy,frostmane,1144,druid,balance,23,13,10
Sháko,dun-modr,1144,druid,balance,38,17,21
Mythiaran,argent-dawn,1144,druid,balance,30,12,18
Lunairos,archimonde,1144,druid,balance,60,23,37
Klintxweed,hyjal,1143,druid,balance,18,12,6
Criaø,blackrock,1143,druid,balance,24,12,12
Drdudu,dun-morogh,1142,druid,balance,38,17,21
Hefdgaharald,antonidas,1141,druid,balance,24,12,12
Loriann,twisting-nether,1141,druid,balance,75,36,39
Two,silvermoon,1140,druid,balance,103,58,45
Trækvinden,ravencrest,1140,druid,balance,36,14,22
Blueedood,twisting-nether,1139,druid,balance,24,12,12
Ajgreed,grim-batol,1139,druid,balance,24,12,12
Shiotake,hyjal,1139,druid,balance,24,12,12
Lootmann,die-silberne-hand,1138,druid,balance,62,35,27
Zoxen,nefarian,1138,druid,balance,30,12,18
Aureliusx,drakthul,1138,druid,balance,36,13,23
Pogoth,turalyon,1137,druid,balance,24,12,12
Bztémor,archimonde,1137,druid,balance,24,12,12
Tarantinonon,kazzak,1135,druid,balance,92,43,49
Astarhot,cthun,1134,druid,balance,24,12,12
Blark,sylvanas,1133,druid,balance,30,12,18
Exactt,blackrock,1132,druid,balance,49,18,31
Kizerx,garona,1131,druid,balance,60,33,27
Lonedrood,blackrock,1130,druid,balance,24,12,12
Yunød,silvermoon,1129,druid,balance,120,48,72
Батлграуннт,soulflayer,1128,druid,balance,42,12,30
Shag,archimonde,1124,druid,balance,113,49,64
Epidruid,stormrage,1123,druid,balance,24,12,12
Pretender,arathi,1123,druid,balance,40,13,27
Vishin,kazzak,1120,druid,balance,41,24,17
Forthejoe,stormscale,1118,druid,balance,35,12,23
Bonza,agamaggan,1117,druid,balance,20,13,7
Erbaiolo,pozzo-delleternità,1117,druid,balance,30,18,12
Cirwen,silvermoon,1115,druid,balance,18,12,6
Enolcyc,frostmane,1113,druid,balance,36,12,24
Дайтеполено,howling-fjord,1112,druid,balance,70,30,40
Ronî,arthas,1112,druid,balance,36,13,23
Morlas,kazzak,1111,druid,balance,50,22,28
Gallorath,draenor,1110,druid,balance,28,12,16
Adoodo,argent-dawn,1107,druid,balance,35,21,14
Hightotem,hakkar,1104,druid,balance,29,16,13
Ooxx,rashgarroth,1104,druid,balance,29,12,17
Taskingoman,twisting-nether,1104,druid,balance,42,17,25
Darisom,alexstrasza,1096,druid,balance,272,144,128
Rèchy,blackrock,1096,druid,balance,27,12,15
Amalou,ravencrest,1095,druid,balance,115,58,57
Ruberg,kazzak,1091,druid,balance,21,12,9
Akâmè,blackrock,1091,druid,balance,27,12,15
Fotmrerollér,darksorrow,1089,druid,balance,20,13,7
Бруан,gordunni,1088,druid,balance,47,23,24
Исмалат,howling-fjord,1088,druid,balance,51,24,27
Ambracer,silvermoon,1088,druid,balance,35,16,19
Mâéviss,ysondre,1088,druid,balance,78,29,49
Ohndankalan,kazzak,1087,druid,balance,146,63,83
Bláithín,burning-legion,1086,druid,balance,30,13,17
Krausz,burning-legion,1085,druid,balance,52,30,22
Arntooth,burning-legion,1082,druid,balance,51,22,29
Orchard,silvermoon,1080,druid,balance,24,13,11
Kxk,blackmoore,1080,druid,balance,35,18,17
Kizilbuka,ragnaros,1074,druid,balance,42,25,17
Покекек,lich-king,1074,druid,balance,39,18,21
Jibirisong,zuljin,1068,druid,balance,44,18,26
Buckshee,doomhammer,1066,druid,balance,47,25,22
Jungleghost,sylvanas,1066,druid,balance,23,12,11
Cubir,turalyon,1065,druid,balance,23,12,11
Bluebanana,bronzebeard,1064,druid,balance,88,38,50
Athenã,blackmoore,1064,druid,balance,47,19,28
Вилдвестганс,howling-fjord,1063,druid,balance,24,13,11
Exiztenz,deathwing,1062,druid,balance,36,18,18
Вэдэшечка,howling-fjord,1062,druid,balance,55,25,30
Ellüna,ravencrest,1060,druid,balance,30,14,16
Tchoubouléru,throkferoth,1060,druid,balance,42,15,27
Потерявшийся,howling-fjord,1059,druid,balance,38,15,23
Colibrix,ravencrest,1057,druid,balance,56,20,36
Lazerftw,ravencrest,1056,druid,balance,12,11,1
Dyuuna,hyjal,1056,druid,balance,18,11,7
Feyzboom,ysondre,1055,druid,balance,12,11,1
Вестхем,howling-fjord,1055,druid,balance,12,11,1
Stkk,sanguino,1055,druid,balance,12,11,1
Drmoe,blackmoore,1055,druid,balance,15,12,3
Rapunzel,eredar,1055,druid,balance,18,11,7
Ccoco,blackrock,1055,druid,balance,18,11,7
Buckmysallz,archimonde,1055,druid,balance,18,11,7
Shìinx,hyjal,1055,druid,balance,18,11,7
Maedic,outland,1055,druid,balance,18,11,7
Crittler,forscherliga,1055,druid,balance,18,11,7
Lunor,kazzak,1055,druid,balance,18,11,7
Píps,ravencrest,1055,druid,balance,18,11,7
Lushe,kazzak,1055,druid,balance,18,11,7
Zenkay,naxxramas,1055,druid,balance,38,19,19
Speedpoppin,defias-brotherhood,1055,druid,balance,24,11,13
Nâganalf,hyjal,1055,druid,balance,24,11,13
Ajshadz,ravencrest,1054,druid,balance,18,11,7
Flukeyz,draenor,1054,druid,balance,18,11,7
Incont,nemesis,1054,druid,balance,63,36,27
Ìluan,ravencrest,1054,druid,balance,24,11,13
Lechaource,silvermoon,1053,druid,balance,18,11,7
Нортикус,soulflayer,1053,druid,balance,24,11,13
Bignunu,silvermoon,1053,druid,balance,24,11,13
Happysw,thrall,1053,druid,balance,98,38,60
Nyenna,twilights-hammer,1052,druid,balance,22,12,10
Dèxò,blackmoore,1051,druid,balance,24,11,13
Lifecycle,nemesis,1051,druid,balance,24,11,13
Aimwaré,ravencrest,1050,druid,balance,24,11,13
Hajukin,ravencrest,1050,druid,balance,24,11,13
Gøtten,tarren-mill,1050,druid,balance,24,11,13
Orazien,ravencrest,1049,druid,balance,18,11,7
Syurn,sanguino,1049,druid,balance,18,11,7
Wonderbear,blackrock,1049,druid,balance,18,11,7
Soguu,thrall,1049,druid,balance,18,11,7
Adelsten,tarren-mill,1049,druid,balance,27,12,15
Skyphi,silvermoon,1048,druid,balance,18,11,7
Wrathofstar,azjolnerub,1048,druid,balance,18,11,7
Димитруа,howling-fjord,1048,druid,balance,24,11,13
Ymúmu,sanguino,1047,druid,balance,24,11,13
Hengst,laughing-skull,1046,druid,balance,24,11,13
Hecone,los-errantes,1046,druid,balance,24,11,13
Feraligator,sanguino,1045,druid,balance,105,45,60
Rorugo,sanguino,1044,druid,balance,18,11,7
Stormspirit,hellscream,1044,druid,balance,18,11,7
Haarbál,tarren-mill,1044,druid,balance,18,11,7
Fallingmoon,ravencrest,1044,druid,balance,24,11,13
Jirenthegrey,antonidas,1043,druid,balance,18,11,7
Bærbell,blackrock,1043,druid,balance,18,11,7
Tharae,blackmoore,1041,druid,balance,18,11,7
Ðelnôs,destromath,1041,druid,balance,24,11,13
Shenzform,ysondre,1039,druid,balance,25,13,12
Maniek,defias-brotherhood,1039,druid,balance,24,11,13
Grinnox,outland,1038,druid,balance,24,11,13
Sabresheep,twisting-nether,1034,druid,balance,30,11,19
Àkøs,ragnaros,1033,druid,balance,63,27,36
Vorag,dalaran,1033,druid,balance,30,11,19
Diepauline,aegwynn,1030,druid,balance,42,22,20
Elmunia,ravencrest,1030,druid,balance,65,31,34
Anerol,arthas,1028,druid,balance,53,27,26
Mûcke,kazzak,1026,druid,balance,23,11,12
Закарпаття,galakrond,1024,druid,balance,16,12,4
Вёкс,howling-fjord,1023,druid,balance,14,12,2
Fx,mazrigos,1018,druid,balance,17,11,6
Deny,stormreaver,1015,druid,balance,26,12,14
Katharo,kult-der-verdammten,1014,druid,balance,60,22,38
Bullmarkets,kazzak,1013,druid,balance,24,12,12
Бигтедико,gordunni,1004,druid,balance,112,54,58
Kakaiy,shadowsong,1002,druid,balance,144,75,69
Merî,antonidas,994,druid,balance,42,20,22
Shainá,dun-modr,992,druid,balance,36,13,23
Eyune,tarren-mill,991,druid,balance,56,23,33
Skvll,silvermoon,987,druid,balance,26,11,15
Aloraysoda,doomhammer,986,druid,balance,65,17,48
Drdauwg,nazjatar,985,druid,balance,69,27,42
Budz,bloodfeather,984,druid,balance,16,11,5
Котангис,eversong,983,druid,balance,17,11,6
Vigôuróuz,blackmoore,983,druid,balance,21,12,9
Bulvai,medivh,979,druid,balance,14,11,3
Yaendra,dun-modr,974,druid,balance,63,32,31
Mondino,blackrock,972,druid,balance,48,14,34
Théodên,dalaran,969,druid,balance,218,106,112
Xevan,blackrock,960,druid,balance,12,10,2
Nàaz,stormscale,960,druid,balance,12,10,2
Câtchmê,archimonde,960,druid,balance,12,10,2
Vizir,stormscale,960,druid,balance,12,10,2
Ïmåkêïtråïñ,ravencrest,960,druid,balance,12,10,2
Rofyx,twisting-nether,960,druid,balance,18,10,8
Shapees,sylvanas,960,druid,balance,18,10,8
Applecake,defias-brotherhood,960,druid,balance,18,10,8
Djfukface,ravencrest,960,druid,balance,18,10,8
Locite,blackrock,960,druid,balance,18,10,8
Eroxx,blackrock,960,druid,balance,24,10,14
Smuttán,frostmane,959,druid,balance,12,10,2
Feralisser,ravencrest,959,druid,balance,12,10,2
Slâkkxz,kazzak,959,druid,balance,18,10,8
Simdruid,stormscale,959,druid,balance,18,10,8
Zarune,sanguino,959,druid,balance,18,10,8
Ruhex,silvermoon,959,druid,balance,18,10,8
Eftermalm,silvermoon,959,druid,balance,18,10,8
Häggrä,dalaran,959,druid,balance,18,10,8
Tiktokstar,blackrock,959,druid,balance,18,10,8
Kissaey,emeriss,959,druid,balance,18,10,8
Shumkott,kazzak,959,druid,balance,18,10,8
Bálur,thrall,959,druid,balance,18,10,8
Focusboomy,archimonde,959,druid,balance,18,10,8
Littlecok,blackmoore,959,druid,balance,18,10,8
Sün,kazzak,959,druid,balance,18,10,8
Димадубощит,blackscar,959,druid,balance,24,10,14
Thepuma,dun-modr,958,druid,balance,12,10,2
Éatshiftndie,tarren-mill,958,druid,balance,18,10,8
Муромлянка,blackscar,958,druid,balance,18,10,8
Clone,aegwynn,958,druid,balance,18,10,8
Pèps,dalaran,958,druid,balance,18,10,8
Píssoff,stormscale,958,druid,balance,18,10,8
Nelíno,twisting-nether,958,druid,balance,18,10,8
Élán,sylvanas,958,druid,balance,24,10,14
Ninoboyswag,stormscale,958,druid,balance,24,10,14
Ibroninad,ragnaros,958,druid,balance,24,10,14
Bildukas,ravencrest,958,druid,balance,28,11,17
Джасэл,howling-fjord,957,druid,balance,12,10,2
Coldleans,kazzak,957,druid,balance,12,10,2
Kahar,eredar,957,druid,balance,18,10,8
Amrul,hyjal,957,druid,balance,18,10,8
Owlaf,magtheridon,957,druid,balance,18,10,8
Gbq,ravencrest,957,druid,balance,18,10,8
Тираэлюшка,grom,956,druid,balance,18,10,8
Jokodo,silvermoon,956,druid,balance,18,10,8
Медведяра,howling-fjord,956,druid,balance,96,45,51
Nopsu,stormreaver,956,druid,balance,24,10,14
Sajlol,doomhammer,955,druid,balance,18,10,8
Prytek,turalyon,955,druid,balance,18,10,8
Ahylles,antonidas,955,druid,balance,18,10,8
Moordock,uldum,955,druid,balance,24,10,14
Thornat,chamber-of-aspects,955,druid,balance,24,10,14
Мерлинз,lich-king,955,druid,balance,30,10,20
Assterix,sylvanas,954,druid,balance,15,10,5
Lazerkito,aegwynn,953,druid,balance,12,10,2
Freefang,dun-modr,952,druid,balance,18,10,8
Metamorfurio,arthas,952,druid,balance,76,36,40
Kejî,blackrock,952,druid,balance,24,10,14
Justycare,ragnaros,952,druid,balance,24,10,14
Werevolf,drakthul,952,druid,balance,27,11,16
Kaspurr,ravencrest,951,druid,balance,12,10,2
Yeahbuddeh,draenor,951,druid,balance,28,11,17
Inspira,teldrassil,949,druid,balance,18,10,8
Kleinii,blackrock,949,druid,balance,24,10,14
Tombenuit,tarren-mill,948,druid,balance,24,11,13
Yepnesse,khaz-modan,946,druid,balance,18,10,8
Kûmo,blackmoore,946,druid,balance,18,10,8
Calistane,silvermoon,946,druid,balance,77,29,48
Phanos,twisting-nether,945,druid,balance,24,10,14
Astralarius,argent-dawn,945,druid,balance,124,43,81
Cöyote,hyjal,944,druid,balance,90,47,43
Jobbostibi,ragnaros,943,druid,balance,18,10,8
Карантини,howling-fjord,943,druid,balance,27,11,16
Chlambak,archimonde,938,druid,balance,24,10,14
Camika,antonidas,937,druid,balance,30,10,20
Resthunor,draenor,935,druid,balance,18,10,8
Neincat,sylvanas,935,druid,balance,23,10,13
Máximus,blades-edge,935,druid,balance,72,26,46
Momaa,neptulon,927,druid,balance,48,18,30
Numberonebs,silvermoon,925,druid,balance,17,10,7
Wîzzp,magtheridon,925,druid,balance,20,11,9
Kucsmagoomba,ragnaros,920,druid,balance,141,66,75
Saxondale,aszune,918,druid,balance,30,14,16
Fesenjon,blackhand,918,druid,balance,28,11,17
Rungohar,stormscale,917,druid,balance,40,11,29
Tarâkings,outland,911,druid,balance,30,13,17
Devióus,twilights-hammer,911,druid,balance,29,10,19
Катафей,deathguard,909,druid,balance,18,11,7
Суггуторр,howling-fjord,909,druid,balance,87,42,45
Древнина,gordunni,901,druid,balance,21,10,11
Flume,chromaggus,896,druid,balance,24,10,14
Durtidikdave,kazzak,895,druid,balance,23,10,13
Dao,aegwynn,893,druid,balance,20,10,10
Rønièl,tarren-mill,892,druid,balance,17,10,7
Schebäb,blackhand,892,druid,balance,28,10,18
Negríno,cthun,890,druid,balance,100,52,48
Ribuu,dun-morogh,886,druid,balance,24,11,13
Smexim,dalaran,876,druid,balance,49,26,23
Aggibääm,blackhand,868,druid,balance,24,12,12
Sabermoon,argent-dawn,868,druid,balance,226,95,131
Nareeik,tarren-mill,864,druid,balance,12,9,3
Beefyglutes,moonglade,864,druid,balance,12,9,3
Qwopeiqpwoid,kazzak,864,druid,balance,12,9,3
Marynlord,dalaran,864,druid,balance,12,9,3
Shandala,ragnaros,864,druid,balance,12,9,3
Flopparider,ravencrest,864,druid,balance,12,9,3
Chir,blackrock,864,druid,balance,12,9,3
Bearygrylls,sylvanas,864,druid,balance,12,9,3
Vezir,stormscale,864,druid,balance,12,9,3
Svp,ravencrest,864,druid,balance,18,9,9
Éldudu,ragnaros,864,druid,balance,18,9,9
Krustý,malganis,864,druid,balance,18,9,9
Jûggerslut,ysondre,864,druid,balance,18,9,9
Yseraheal,drakthul,864,druid,balance,18,9,9
Cioban,ravencrest,864,druid,balance,24,9,15
Aolynk,twisting-nether,863,druid,balance,12,9,3
Borticow,sanguino,863,druid,balance,12,9,3
Form,burning-legion,863,druid,balance,12,9,3
Pezuñera,sanguino,863,druid,balance,12,9,3
Jengá,nagrand,863,druid,balance,12,9,3
Lakersinfive,argent-dawn,863,druid,balance,12,9,3
Sweedrood,hyjal,863,druid,balance,16,10,6
Buckié,twisting-nether,863,druid,balance,18,9,9
Éxy,kazzak,863,druid,balance,18,9,9
Loasamdi,tarren-mill,863,druid,balance,18,9,9
Croquetoro,sanguino,863,druid,balance,18,9,9
Forthis,frostmane,863,druid,balance,18,9,9
Бонинайтх,gordunni,863,druid,balance,18,9,9
Enzymex,burning-blade,863,druid,balance,18,9,9
Redyogurt,outland,863,druid,balance,24,9,15
Epicplays,sylvanas,863,druid,balance,24,9,15
Zeromario,draenor,863,druid,balance,24,9,15
Metaboss,ravencrest,862,druid,balance,18,9,9
Slycey,eredar,862,druid,balance,18,9,9
Ábomínatíon,draenor,862,druid,balance,18,9,9
Qocotte,archimonde,862,druid,balance,18,9,9
Jabbah,defias-brotherhood,862,druid,balance,18,9,9
Neri,shattered-hand,861,druid,balance,18,9,9
Quza,lightbringer,861,druid,balance,18,9,9
Xërxës,outland,861,druid,balance,18,9,9
Noctilus,steamwheedle-cartel,861,druid,balance,18,9,9
Drocos,genjuros,860,druid,balance,18,9,9
Spacebeám,twisting-nether,860,druid,balance,24,9,15
Helguard,silvermoon,859,druid,balance,18,9,9
Rumjin,burning-blade,859,druid,balance,18,9,9
Kânjin,stormscale,859,druid,balance,24,9,15
Corias,blackmoore,859,druid,balance,36,9,27
Mongwau,blackrock,858,druid,balance,12,9,3
Summertearz,thrall,858,druid,balance,18,9,9
Herten,tarren-mill,857,druid,balance,12,9,3
Мяокусь,gordunni,857,druid,balance,12,9,3
Дайдорогу,blackscar,857,druid,balance,18,9,9
Lunably,silvermoon,855,druid,balance,18,9,9
Ghoonz,silvermoon,855,druid,balance,24,9,15
Moonkek,hyjal,854,druid,balance,18,9,9
Hiroshimaa,boulderfist,854,druid,balance,24,9,15
Namelèés,blackhand,854,druid,balance,24,9,15
Hogey,kazzak,845,druid,balance,17,9,8
Rockymarci,dalaran,840,druid,balance,12,9,3
Mirelawe,stormscale,831,druid,balance,23,9,14
Lodne,defias-brotherhood,831,druid,balance,30,11,19
Сомеваск,deathweaver,830,druid,balance,23,9,14
Eikthyrson,alleria,829,druid,balance,16,10,6
Feetpícs,ravencrest,826,druid,balance,17,9,8
Outofmyswamp,kazzak,815,druid,balance,14,10,4
Yungtrappy,stormscale,815,druid,balance,15,10,5
Ishaqu,bladefist,815,druid,balance,23,9,14
Nuggetspøwa,dalaran,814,druid,balance,17,9,8
Karyaga,tarren-mill,814,druid,balance,26,10,16
Burren,auchindoun,810,druid,balance,25,9,16
Hilliax,sanguino,807,druid,balance,31,10,21
Ellordann,ravencrest,806,druid,balance,20,12,8
Fréki,ravenholdt,791,druid,balance,20,9,11
Ðíør,ravencrest,768,druid,balance,12,8,4
Jimkungtwo,hyjal,768,druid,balance,12,8,4
Treeswinger,twisting-nether,768,druid,balance,12,8,4
Yiriy,baelgun,768,druid,balance,12,8,4
Súçúkbøømíe,aegwynn,768,druid,balance,12,8,4
Jometatile,hyjal,768,druid,balance,12,8,4
Mayfury,blackmoore,768,druid,balance,12,8,4
Cryspie,garona,768,druid,balance,12,8,4
Клыкояр,goldrinn,768,druid,balance,12,8,4
Hecatos,hyjal,768,druid,balance,12,8,4
Tritit,marécage-de-zangar,768,druid,balance,12,8,4
Soofiaa,ravencrest,768,druid,balance,12,8,4
Meillaeth,sylvanas,768,druid,balance,12,8,4
Ethiqd,aegwynn,768,druid,balance,12,8,4
Positivity,stormscale,768,druid,balance,12,8,4
Everdreamx,arathor,768,druid,balance,12,8,4
Луноэльф,gordunni,768,druid,balance,12,8,4
Emochicken,silvermoon,768,druid,balance,15,9,6
Mafakaclones,archimonde,768,druid,balance,88,47,41
Réhagen,archimonde,768,druid,balance,18,8,10
Heldil,chants-éternels,768,druid,balance,18,8,10
Superpoulet,archimonde,768,druid,balance,18,8,10
Klêe,blackmoore,768,druid,balance,18,8,10
Meliissa,hyjal,767,druid,balance,12,8,4
Bighike,drakthul,767,druid,balance,12,8,4
Seasexsune,antonidas,767,druid,balance,12,8,4
Zydrux,outland,767,druid,balance,12,8,4
Xtremeterror,blackmoore,767,druid,balance,12,8,4
Sebikboomie,ravencrest,767,druid,balance,12,8,4
Higuys,the-maelstrom,767,druid,balance,12,8,4
Ferdiboo,draenor,767,druid,balance,12,8,4
Milkmefast,magtheridon,767,druid,balance,18,8,10
Царапкатян,gordunni,767,druid,balance,18,8,10
Bogahcan,twisting-nether,767,druid,balance,18,8,10
Cotangens,tarren-mill,767,druid,balance,18,8,10
Fofosdru,kazzak,767,druid,balance,18,8,10
Nervious,la-croisade-écarlate,767,druid,balance,18,8,10
Käldorei,lightbringer,767,druid,balance,18,8,10
Isotopîa,antonidas,767,druid,balance,18,8,10
Ilovehannah,laughing-skull,767,druid,balance,18,8,10
Hugepepega,ravencrest,767,druid,balance,18,8,10
Arydan,quelthalas,767,druid,balance,18,8,10
Loswochos,blackmoore,767,druid,balance,18,8,10
Bigsmoké,die-aldor,767,druid,balance,18,8,10
Woopi,blackrock,767,druid,balance,24,8,16
Flxtn,hyjal,767,druid,balance,24,8,16
Doctóras,twisting-nether,766,druid,balance,12,8,4
Papacarlo,ravencrest,766,druid,balance,12,8,4
Vandalís,garrosh,766,druid,balance,12,8,4
Irithel,ravencrest,766,druid,balance,12,8,4
Benzinoid,silvermoon,766,druid,balance,12,8,4
Humanoidpt,aggra-português,766,druid,balance,12,8,4
Kheluna,the-maelstrom,766,druid,balance,18,8,10
Obois,archimonde,766,druid,balance,18,8,10
Fuzzykitten,ravencrest,766,druid,balance,18,8,10
Bigpoppaz,tarren-mill,766,druid,balance,18,8,10
Armadroød,hyjal,766,druid,balance,18,8,10
Variolus,dun-modr,766,druid,balance,18,8,10
Centurios,burning-legion,766,druid,balance,24,8,16
Hëstía,outland,765,druid,balance,12,8,4
Darthiud,outland,765,druid,balance,12,8,4
Machie,argent-dawn,765,druid,balance,18,8,10
Zaratras,arathor,765,druid,balance,18,8,10
Dxerm,colinas-pardas,765,druid,balance,28,8,20
Droodu,dun-modr,765,druid,balance,30,8,22
Mongobongo,onyxia,764,druid,balance,12,8,4
Fiberpäls,magtheridon,764,druid,balance,18,8,10
Zinnform,ragnaros,764,druid,balance,18,8,10
Dwaokut,ravencrest,763,druid,balance,12,8,4
Silverriver,ragnaros,763,druid,balance,18,8,10
Anchoring,argent-dawn,763,druid,balance,22,9,13
Mattdrood,kazzak,763,druid,balance,30,8,22
Sinmanos,eredar,762,druid,balance,18,8,10
Betol,das-konsortium,762,druid,balance,18,8,10
Moonsama,twisting-nether,762,druid,balance,24,8,16
Sorath,aggramar,761,druid,balance,24,8,16
Sároman,ravencrest,761,druid,balance,24,8,16
Mauzicek,drakthul,760,druid,balance,24,8,16
Iproxy,dalaran,759,druid,balance,12,8,4
Duveldruid,dragonblight,759,druid,balance,12,8,4
Celebras,chogall,756,druid,balance,12,8,4
Elrox,dunemaul,755,druid,balance,18,8,10
Fakers,the-maelstrom,747,druid,balance,12,8,4
Naraia,aegwynn,734,druid,balance,16,9,7
Vaea,hyjal,731,druid,balance,26,9,17
Tjeena,grim-batol,720,druid,balance,15,9,6
Roidcat,twisting-nether,719,druid,balance,17,8,9
Felischaus,twisting-nether,718,druid,balance,11,8,3
Maw,hellfire,717,druid,balance,11,8,3
Tsikarde,ravencrest,717,druid,balance,23,8,15
Humizon,silvermoon,714,druid,balance,21,9,12
Хуфра,greymane,714,druid,balance,23,8,15
Elpresidénté,blackmoore,713,druid,balance,12,9,3
Manbearcat,nagrand,713,druid,balance,14,10,4
Lockied,eredar,713,druid,balance,22,9,13
Dudukush,eredar,708,druid,balance,77,30,47
Martinesämst,outland,704,druid,balance,16,8,8
Fôxy,silvermoon,703,druid,balance,16,8,8
Delfin,aerie-peak,702,druid,balance,27,9,18
Papalegba,kilrogg,700,druid,balance,14,8,6
Bigbadcalf,burning-legion,696,druid,balance,20,8,12
Surlax,defias-brotherhood,672,druid,balance,12,7,5
Qyoon,argent-dawn,672,druid,balance,12,7,5
Jesreyna,silvermoon,672,druid,balance,12,7,5
Glúingél,tarren-mill,672,druid,balance,12,7,5
Elakpou,twisting-nether,672,druid,balance,12,7,5
Hajlol,sylvanas,672,druid,balance,12,7,5
Kosadoodoo,sylvanas,672,druid,balance,12,7,5
Denleende,ravencrest,672,druid,balance,12,7,5
Johnnybims,eredar,672,druid,balance,12,7,5
Трусырвущая,gordunni,672,druid,balance,12,7,5
Deeizm,ravencrest,672,druid,balance,12,7,5
Grunka,silvermoon,672,druid,balance,12,7,5
Därgon,archimonde,672,druid,balance,12,7,5
Формен,howling-fjord,672,druid,balance,12,7,5
Trønchetto,nemesis,672,druid,balance,12,7,5
Tease,blackrock,672,druid,balance,12,7,5
Ra,stormscale,672,druid,balance,12,7,5
Socialdistnc,silvermoon,672,druid,balance,12,7,5
Tapex,ravencrest,672,druid,balance,12,7,5
Harrydòtter,eredar,672,druid,balance,12,7,5
Emeskay,ravencrest,672,druid,balance,12,7,5
Heartleon,silvermoon,672,druid,balance,12,7,5
Тохи,howling-fjord,672,druid,balance,12,7,5
Delarion,nemesis,672,druid,balance,12,7,5
Ryzën,stormscale,672,druid,balance,12,7,5
Damöb,ravencrest,672,druid,balance,12,7,5
Actron,blackrock,672,druid,balance,12,7,5
Lzo,silvermoon,672,druid,balance,12,7,5
Epsona,dun-modr,672,druid,balance,12,7,5
Noggelicious,ragnaros,672,druid,balance,12,7,5
Mommymìlkers,archimonde,672,druid,balance,12,7,5
Аррерон,howling-fjord,672,druid,balance,12,7,5
Dullbear,ravencrest,672,druid,balance,12,7,5
Rootbeamftw,ravencrest,672,druid,balance,12,7,5
Noobr,ravencrest,672,druid,balance,12,7,5
Røsétte,archimonde,672,druid,balance,12,7,5
Spatchy,silvermoon,672,druid,balance,12,7,5
Pánjav,draenor,672,druid,balance,12,7,5
Pansaa,stormscale,672,druid,balance,15,8,7
Lifty,dun-modr,672,druid,balance,18,7,11
Solgarna,saurfang,672,druid,balance,18,7,11
Lilim,culte-de-la-rive-noire,672,druid,balance,18,7,11
Canezmvp,blackrock,672,druid,balance,18,7,11
Ravenfang,dun-modr,672,druid,balance,18,7,11
Emidrem,ravencrest,672,druid,balance,18,7,11
Quellwell,outland,672,druid,balance,18,7,11
Màlàkaii,hyjal,672,druid,balance,18,7,11
Lèthal,arakarahm,672,druid,balance,18,7,11
Mnt,pozzo-delleternità,672,druid,balance,18,7,11
Shreddít,tarren-mill,672,druid,balance,24,7,17
Halfback,blackhand,671,druid,balance,12,7,5
Asura,nozdormu,671,druid,balance,12,7,5
Maruuk,argent-dawn,671,druid,balance,12,7,5
Shehida,silvermoon,671,druid,balance,12,7,5
Alexuwu,draenor,671,druid,balance,12,7,5
Huayhey,the-maelstrom,671,druid,balance,12,7,5
Лидир,blackscar,671,druid,balance,12,7,5
Myxo,aggra-português,671,druid,balance,12,7,5
Jobberwock,outland,671,druid,balance,12,7,5
Unbeatâbull,kazzak,671,druid,balance,12,7,5
Зонкс,gordunni,671,druid,balance,12,7,5
Найадра,gordunni,671,druid,balance,12,7,5
Elíonora,grim-batol,671,druid,balance,12,7,5
Rikayn,tarren-mill,671,druid,balance,12,7,5
Kivu,blackrock,671,druid,balance,18,7,11
Psyquallia,hellscream,671,druid,balance,18,7,11
Tepni,ragnaros,671,druid,balance,18,7,11
Telära,argent-dawn,671,druid,balance,18,7,11
Drudonja,silvermoon,671,druid,balance,18,7,11
Pawsitive,sylvanas,671,druid,balance,18,7,11
Picatso,blackrock,671,druid,balance,18,7,11
Quin,frostwolf,671,druid,balance,18,7,11
Yaaji,archimonde,671,druid,balance,18,7,11
Phala,outland,671,druid,balance,18,7,11
Legevakten,grim-batol,671,druid,balance,18,7,11
Tidevar,wildhammer,671,druid,balance,18,7,11
Thunderzeus,mazrigos,671,druid,balance,18,7,11
Sãmba,pozzo-delleternità,671,druid,balance,24,7,17
Ghostfurr,silvermoon,671,druid,balance,24,7,17
Barniine,sylvanas,670,druid,balance,10,8,2
Dumbadum,blackmoore,670,druid,balance,12,7,5
Knindza,tarren-mill,670,druid,balance,12,7,5
Bíerling,antonidas,670,druid,balance,18,7,11
Корбан,howling-fjord,670,druid,balance,24,7,17
Klatu,doomhammer,670,druid,balance,24,7,17
Loum,blackrock,670,druid,balance,24,7,17
Garudas,eldrethalas,669,druid,balance,24,7,17
Ednaqt,grim-batol,669,druid,balance,24,7,17
Thyanya,blackmoore,668,druid,balance,18,7,11
Thrynitie,les-sentinelles,663,druid,balance,12,7,5
Bönüs,cthun,661,druid,balance,12,7,5
Nightshape,kragjin,661,druid,balance,18,7,11
Qra,area-52,660,druid,balance,12,7,5
Kawaíï,frostwolf,659,druid,balance,26,10,16
Nicolasdacry,das-syndikat,657,druid,balance,12,7,5
Ketash,ragnaros,657,druid,balance,12,7,5
Ciwone,blackrock,654,druid,balance,23,7,16
Puraza,kazzak,639,druid,balance,17,7,10
Yawawe,blackmoore,638,druid,balance,17,7,10
Ipossible,kazzak,623,druid,balance,15,7,8
Maartjé,thunderhorn,623,druid,balance,16,7,9
Boxosjohnny,ragnaros,618,druid,balance,23,8,15
Nille,tarren-mill,617,druid,balance,14,8,6
Blazek,sylvanas,617,druid,balance,14,8,6
Kidawi,frostwolf,617,druid,balance,16,8,8
Kamatea,eredar,607,druid,balance,11,7,4
Ktn,sanguino,607,druid,balance,11,7,4
Bubidiblumdr,twisting-nether,605,druid,balance,16,7,9
Músclébéach,silvermoon,605,druid,balance,22,7,15
Фэк,eversong,603,druid,balance,16,7,9
Rtfz,ravencrest,591,druid,balance,13,7,6
Qpoof,sylvanas,576,druid,balance,6,6,0
Flækket,tarren-mill,576,druid,balance,6,6,0
Starsurge,festung-der-stürme,576,druid,balance,6,6,0
Xirxy,silvermoon,576,druid,balance,6,6,0
Zamans,silvermoon,576,druid,balance,6,6,0
Owolu,kelthuzad,576,druid,balance,6,6,0
Ухухуня,gordunni,576,druid,balance,6,6,0
Náye,kazzak,576,druid,balance,6,6,0
Kindadumb,stormscale,576,druid,balance,6,6,0
Yuln,twisting-nether,576,druid,balance,12,6,6
Bigwurst,tarren-mill,576,druid,balance,12,6,6
Teryx,blackmoore,576,druid,balance,12,6,6
Daluria,malganis,576,druid,balance,12,6,6
Fèéli,twisting-nether,576,druid,balance,12,6,6
Maníx,tarren-mill,576,druid,balance,12,6,6
Bane,dun-modr,576,druid,balance,12,6,6
Nimalâ,antonidas,576,druid,balance,12,6,6
Shiftmeow,tarren-mill,576,druid,balance,12,6,6
Coqqbock,blackrock,576,druid,balance,12,6,6
Quinten,ulduar,576,druid,balance,12,6,6
Kamenká,aegwynn,576,druid,balance,12,6,6
Зулкхаку,soulflayer,576,druid,balance,12,6,6
Nancey,auchindoun,576,druid,balance,12,6,6
Thefudge,silvermoon,576,druid,balance,12,6,6
Wrx,sylvanas,576,druid,balance,12,6,6
Styxdr,blackhand,576,druid,balance,12,6,6
Vedee,tarren-mill,576,druid,balance,12,6,6
Mentaldead,tarren-mill,576,druid,balance,12,6,6
Pataleaqtp,sanguino,576,druid,balance,12,6,6
Святогор,greymane,576,druid,balance,12,6,6
Laaide,blackmoore,576,druid,balance,12,6,6
Inbml,silvermoon,576,druid,balance,12,6,6
Knozylg,kazzak,576,druid,balance,12,6,6
Naturexbot,silvermoon,576,druid,balance,12,6,6
Yenaiz,stormreaver,576,druid,balance,12,6,6
Polypheme,chogall,576,druid,balance,12,6,6
Слайкс,soulflayer,576,druid,balance,12,6,6
Мунпраид,gordunni,576,druid,balance,12,6,6
Seraxi,der-mithrilorden,576,druid,balance,12,6,6
Baldhir,nemesis,576,druid,balance,12,6,6
Póllen,magtheridon,576,druid,balance,12,6,6
Plev,chamber-of-aspects,576,druid,balance,12,6,6
Kâo,frostwolf,576,druid,balance,12,6,6
Shoca,die-ewige-wacht,576,druid,balance,12,6,6
Pælter,draenor,576,druid,balance,12,6,6
Ghostdoggie,stormscale,576,druid,balance,12,6,6
Islandbôy,blackrock,576,druid,balance,12,6,6
Kotkacy,silvermoon,576,druid,balance,18,6,12
Axrae,ravencrest,576,druid,balance,18,6,12
Fossilfuel,ragnaros,576,druid,balance,18,6,12
Disney,ragnaros,576,druid,balance,18,6,12
Mcbobb,ravencrest,576,druid,balance,18,6,12
Convulsivez,silvermoon,576,druid,balance,18,6,12
Smedoge,outland,576,druid,balance,18,6,12
Mugwa,blackmoore,575,druid,balance,6,6,0
Diazepam,draenor,575,druid,balance,13,7,6
Лицеторг,howling-fjord,575,druid,balance,12,6,6
Zàykz,dragonmaw,575,druid,balance,12,6,6
Gruvkatt,stormscale,575,druid,balance,12,6,6
Zuldëk,sanguino,575,druid,balance,12,6,6
Soneka,ravencrest,575,druid,balance,12,6,6
Postmaclone,thrall,575,druid,balance,12,6,6
Praythysun,khaz-modan,575,druid,balance,12,6,6
Raxona,blackmoore,575,druid,balance,12,6,6
Dinamitko,silvermoon,575,druid,balance,12,6,6
Shirokaze,argent-dawn,575,druid,balance,12,6,6
Graffyrre,eonar,575,druid,balance,13,6,7
Flagvan,ravencrest,575,druid,balance,13,6,7
Barkskin,grim-batol,575,druid,balance,15,6,9
Дарзамат,blackscar,575,druid,balance,18,6,12
Aimïn,sanguino,575,druid,balance,18,6,12
Аматэррасу,blackscar,575,druid,balance,18,6,12
Feraflux,dragonblight,575,druid,balance,18,6,12
Stjärna,kult-der-verdammten,575,druid,balance,18,6,12
Cosue,malganis,575,druid,balance,18,6,12
Ancón,silvermoon,575,druid,balance,18,6,12
Robinchwän,archimonde,575,druid,balance,18,6,12
Wardruíd,outland,575,druid,balance,24,6,18
Lúthiëñ,silvermoon,575,druid,balance,24,6,18
Тиликум,goldrinn,574,druid,balance,12,6,6
Raciness,grim-batol,574,druid,balance,12,6,6
Derie,nazjatar,574,druid,balance,12,6,6
Apodruid,tarren-mill,574,druid,balance,12,6,6
Tyreek,eredar,574,druid,balance,16,7,9
Жекакотик,eversong,574,druid,balance,24,6,18
Glumy,silvermoon,573,druid,balance,24,6,18
Kittasek,drakthul,572,druid,balance,12,6,6
Dagta,aggra-português,572,druid,balance,12,6,6
Starfalls,turalyon,570,druid,balance,12,6,6
Harryharrt,veknilash,570,druid,balance,18,6,12
Xkenz,archimonde,569,druid,balance,30,8,22
Keltaris,dun-modr,565,druid,balance,12,6,6
Ragingmilker,tarren-mill,558,druid,balance,11,8,3
Käisur,doomhammer,558,druid,balance,14,7,7
Duwaz,blackmoore,543,druid,balance,14,7,7
Ancientix,burning-legion,543,druid,balance,17,6,11
Starhopper,ravencrest,528,druid,balance,11,7,4
Blamer,thrall,527,druid,balance,17,6,11
Eliar,burning-legion,526,druid,balance,11,6,5
Felfran,ravencrest,521,druid,balance,18,7,11
Mynilia,blackhand,512,druid,balance,10,6,4
Kissa,blackrock,511,druid,balance,17,6,11
Ultimoos,aggra-português,510,druid,balance,14,6,8
Cowieowie,draenor,480,druid,balance,6,5,1
Murdok,suramar,480,druid,balance,6,5,1
Snupyjunior,silvermoon,480,druid,balance,6,5,1
Tellurr,draenor,480,druid,balance,6,5,1
Clawlessqtx,outland,480,druid,balance,6,5,1
Roral,silvermoon,480,druid,balance,6,5,1
Хлайси,gordunni,480,druid,balance,6,5,1
Brbrøyk,tarren-mill,480,druid,balance,6,5,1
Азраешль,gordunni,480,druid,balance,6,5,1
Hashtagone,ysondre,480,druid,balance,6,5,1
Xhifty,ravencrest,480,druid,balance,6,5,1
Surfingbirdx,ragnaros,480,druid,balance,6,5,1
Corkiy,tarren-mill,480,druid,balance,6,5,1
Rêidon,antonidas,480,druid,balance,6,5,1
Tåylor,laughing-skull,480,druid,balance,6,5,1
Pinkpanda,arthas,480,druid,balance,6,5,1
Mutaattori,sylvanas,480,druid,balance,6,5,1
Yalø,blackrock,480,druid,balance,6,5,1
Svartvit,sylvanas,480,druid,balance,6,5,1
Tschakadudu,kargath,480,druid,balance,6,5,1
Likh,das-konsortium,480,druid,balance,6,5,1
Deepgreen,malganis,480,druid,balance,6,5,1
Boomytunes,silvermoon,480,druid,balance,6,5,1
Asoli,aegwynn,480,druid,balance,6,5,1
Nogbraså,frostmane,480,druid,balance,6,5,1
Корбэндетка,deepholm,480,druid,balance,6,5,1
Smøkyyd,eredar,480,druid,balance,6,5,1
Напроломчег,soulflayer,480,druid,balance,6,5,1
Whaazzform,tarren-mill,480,druid,balance,6,5,1
Smølboi,ravencrest,480,druid,balance,6,5,1
Daisyx,eredar,480,druid,balance,9,6,3
Ischumekcid,anubarak,480,druid,balance,9,6,3
Cénârion,les-sentinelles,480,druid,balance,12,5,7
Tomixdd,stormrage,480,druid,balance,12,5,7
Quisp,ravencrest,480,druid,balance,12,5,7
Brunogösta,aerie-peak,480,druid,balance,12,5,7
Wotahn,antonidas,480,druid,balance,12,5,7
Notdrood,tarren-mill,480,druid,balance,12,5,7
Balls,ravenholdt,480,druid,balance,12,5,7
Erasil,exodar,480,druid,balance,12,5,7
Rayjin,bronzebeard,480,druid,balance,12,5,7
Balanced,blackhand,480,druid,balance,12,5,7
Theridrax,twisting-nether,480,druid,balance,12,5,7
Kovalawa,archimonde,480,druid,balance,12,5,7
Elrandir,tarren-mill,480,druid,balance,12,5,7
Razorleaf,turalyon,480,druid,balance,12,5,7
Fåtå,archimonde,480,druid,balance,12,5,7
Baccon,ravencrest,480,druid,balance,12,5,7
Doup,alakir,480,druid,balance,12,5,7
Zephris,grim-batol,480,druid,balance,12,5,7
Feraline,stormrage,480,druid,balance,12,5,7
Zebår,runetotem,480,druid,balance,12,5,7
Evølvë,burning-blade,480,druid,balance,12,5,7
Flowpowder,stormscale,480,druid,balance,12,5,7
Лолэтохег,soulflayer,480,druid,balance,12,5,7
Grîsh,burning-legion,480,druid,balance,12,5,7
Mîraculix,dun-morogh,480,druid,balance,12,5,7
Robsondruid,twisting-nether,480,druid,balance,12,5,7
Bafere,twisting-nether,480,druid,balance,12,5,7
Zomgcow,twisting-nether,480,druid,balance,12,5,7
Goated,stormscale,480,druid,balance,12,5,7
Yadon,the-maelstrom,480,druid,balance,12,5,7
Acwi,dun-morogh,480,druid,balance,12,5,7
Liiandri,khaz-modan,480,druid,balance,12,5,7
Dendru,ravencrest,480,druid,balance,12,5,7
Leliaen,sylvanas,480,druid,balance,12,5,7
Murmétoile,chants-éternels,480,druid,balance,12,5,7
Lyrvaz,ravencrest,480,druid,balance,12,5,7
Hairydøtter,aegwynn,480,druid,balance,12,5,7
Hansbørge,outland,480,druid,balance,12,5,7
Shreddies,the-maelstrom,480,druid,balance,12,5,7
Meowborghini,draenor,480,druid,balance,12,5,7
Nyooxix,blackmoore,480,druid,balance,12,5,7
Флексим,soulflayer,480,druid,balance,12,5,7
Hardbasior,burning-legion,480,druid,balance,12,5,7
Naturina,shattered-hand,480,druid,balance,12,5,7
Ragnahr,sanguino,480,druid,balance,12,5,7
Angrykejton,silvermoon,480,druid,balance,12,5,7
Norwy,kazzak,480,druid,balance,12,5,7
Yööi,nemesis,480,druid,balance,12,5,7
Astería,kazzak,480,druid,balance,12,5,7
Benghie,tarren-mill,480,druid,balance,12,5,7
Elayria,blackmoore,480,druid,balance,12,5,7
Vyzir,stormscale,480,druid,balance,12,5,7
Caddan,argent-dawn,480,druid,balance,12,5,7
Shawkz,kazzak,480,druid,balance,12,5,7
Qïx,outland,480,druid,balance,15,6,9
Vodibull,aegwynn,480,druid,balance,15,6,9
Whelpss,archimonde,480,druid,balance,15,6,9
Lemonjohn,outland,480,druid,balance,14,5,9
Teog,stormreaver,480,druid,balance,18,5,13
Miyá,sylvanas,480,druid,balance,18,5,13
Timanuel,ysondre,480,druid,balance,18,5,13
Hibo,dun-modr,480,druid,balance,18,5,13
Nyankash,draenor,480,druid,balance,18,5,13
Faedria,outland,479,druid,balance,6,5,1
Dereas,anetheron,479,druid,balance,6,5,1
Khàoticz,draenor,479,druid,balance,12,5,7
Leifbloomin,silvermoon,479,druid,balance,12,5,7
Larsia,nordrassil,479,druid,balance,12,5,7
Tassutan,stormreaver,479,druid,balance,12,5,7
Biologie,onyxia,479,druid,balance,12,5,7
Flãre,antonidas,479,druid,balance,12,5,7
Willferal,ravenholdt,479,druid,balance,12,5,7
Тахикамару,blackscar,479,druid,balance,18,5,13
Druza,draenor,478,druid,balance,12,5,7
Lysende,arathor,478,druid,balance,12,5,7
Чепенкос,gordunni,478,druid,balance,12,5,7
Барли,grom,478,druid,balance,16,6,10
Druvian,argent-dawn,478,druid,balance,24,5,19
Bøa,twisting-nether,477,druid,balance,12,5,7
Hetalia,culte-de-la-rive-noire,477,druid,balance,12,5,7
Stanjr,archimonde,476,druid,balance,18,5,13
Krakus,twisting-nether,473,druid,balance,12,5,7
Spellmáster,ravencrest,473,druid,balance,12,5,7
Drix,frostwolf,463,druid,balance,17,5,12
Chouan,marécage-de-zangar,457,druid,balance,21,7,14
Snec,draenor,431,druid,balance,11,5,6
Kimiza,hyjal,425,druid,balance,26,6,20
Foxîo,frostmane,415,druid,balance,8,5,3
Thaiboimbyy,veknilash,408,druid,balance,33,11,22
Aelins,twisting-nether,384,druid,balance,6,4,2
Kupalinka,nemesis,384,druid,balance,6,4,2
Kasugia,aegwynn,384,druid,balance,6,4,2
Hkguy,kazzak,384,druid,balance,6,4,2
Jwifgodx,archimonde,384,druid,balance,6,4,2
Mylanqx,ragnaros,384,druid,balance,6,4,2
Weremyst,outland,384,druid,balance,6,4,2
Kefaheden,kazzak,384,druid,balance,6,4,2
Çÿçløñëz,aegwynn,384,druid,balance,6,4,2
Freshpussyz,ravencrest,384,druid,balance,6,4,2
Skavenlol,zuljin,384,druid,balance,6,4,2
Sapheà,burning-legion,384,druid,balance,6,4,2
Kkriss,stormscale,384,druid,balance,6,4,2
Paatz,aegwynn,384,druid,balance,6,4,2
Sunisan,stormscale,384,druid,balance,6,4,2
Dekuul,stormscale,384,druid,balance,6,4,2
Jrir,argent-dawn,384,druid,balance,6,4,2
Didgeridru,silvermoon,384,druid,balance,6,4,2
Badbird,thunderhorn,384,druid,balance,6,4,2
Jp,eredar,384,druid,balance,6,4,2
Rugsul,kazzak,384,druid,balance,6,4,2
Ekologiskxx,outland,384,druid,balance,6,4,2
Mâlcøm,archimonde,384,druid,balance,6,4,2
Xvmon,draenor,384,druid,balance,6,4,2
Izzyb,draenor,384,druid,balance,6,4,2
Bákhar,kazzak,384,druid,balance,6,4,2
Lolodaad,tarren-mill,384,druid,balance,6,4,2
Doggydawg,tarren-mill,384,druid,balance,6,4,2
Rawr,dun-morogh,384,druid,balance,6,4,2
Mirde,ravencrest,384,druid,balance,6,4,2
Stoptheclone,nordrassil,384,druid,balance,6,4,2
Ponardo,outland,384,druid,balance,6,4,2
Bigbitez,kazzak,384,druid,balance,6,4,2
Lolaven,turalyon,384,druid,balance,6,4,2
Ieatbooty,blackrock,384,druid,balance,6,4,2
Kattbjörnen,ragnaros,384,druid,balance,6,4,2
Druikraut,silvermoon,384,druid,balance,6,4,2
Организмхд,soulflayer,384,druid,balance,6,4,2
Amellian,silvermoon,384,druid,balance,6,4,2
Supremedruid,twisting-nether,384,druid,balance,6,4,2
Kvalitet,outland,384,druid,balance,6,4,2
Youngdipper,draenor,384,druid,balance,6,4,2
Nøboorst,ravencrest,384,druid,balance,6,4,2
Zyzk,outland,384,druid,balance,6,4,2
Womzas,blackhand,384,druid,balance,6,4,2
Fzx,aegwynn,384,druid,balance,6,4,2
Vertabrain,twilights-hammer,384,druid,balance,6,4,2
Cmzdruidxdd,ravencrest,384,druid,balance,6,4,2
Petypeet,drakthul,384,druid,balance,6,4,2
Dermegon,outland,384,druid,balance,6,4,2
Chúnnk,kilrogg,384,druid,balance,6,4,2
Ejaculinho,malganis,384,druid,balance,6,4,2
Knatch,outland,384,druid,balance,6,4,2
Ljóskann,kazzak,384,druid,balance,6,4,2
Hyoyoe,stormreaver,384,druid,balance,6,4,2
Zootxd,ravencrest,384,druid,balance,6,4,2
Cpt,xavius,384,druid,balance,6,4,2
Fordragos,ravencrest,384,druid,balance,6,4,2
Tacodudu,ravencrest,384,druid,balance,6,4,2
Noodledru,tarren-mill,384,druid,balance,6,4,2
Rupali,darksorrow,384,druid,balance,6,4,2
Cursedmee,blackrock,384,druid,balance,9,5,4
Фамай,howling-fjord,384,druid,balance,8,4,4
Ralenia,ravencrest,384,druid,balance,12,4,8
Galadrys,defias-brotherhood,384,druid,balance,12,4,8
Druidytrudy,blackrock,384,druid,balance,12,4,8
Yee,twisting-nether,384,druid,balance,12,4,8
Kiggstar,blackmoore,384,druid,balance,12,4,8
Drodiax,outland,384,druid,balance,12,4,8
Hipnos,sanguino,384,druid,balance,12,4,8
Allîyâ,archimonde,384,druid,balance,12,4,8
Tønychopper,sanguino,384,druid,balance,12,4,8
Manimalia,kazzak,384,druid,balance,12,4,8
Fortuma,eredar,384,druid,balance,12,4,8
Astracat,korgall,384,druid,balance,12,4,8
Zerwurster,kazzak,384,druid,balance,12,4,8
Eralon,alleria,384,druid,balance,12,4,8
Spenkdetank,grim-batol,384,druid,balance,12,4,8
Alanpapi,sanguino,384,druid,balance,12,4,8
Феразинария,gordunni,384,druid,balance,12,4,8
Roxshifter,tarren-mill,384,druid,balance,12,4,8
Bellatrx,darksorrow,384,druid,balance,12,4,8
Lorucka,die-nachtwache,384,druid,balance,12,4,8
Elainx,thrall,384,druid,balance,12,4,8
Мукару,howling-fjord,384,druid,balance,12,4,8
Nighttsorrow,drakthul,384,druid,balance,12,4,8
Pengington,blackrock,384,druid,balance,12,4,8
Supacat,archimonde,384,druid,balance,12,4,8
Alillaeth,ravencrest,384,druid,balance,12,4,8
Delaghetto,kilrogg,384,druid,balance,12,4,8
Sixtyinches,burning-blade,384,druid,balance,12,4,8
Kasiopee,hyjal,384,druid,balance,12,4,8
Sâty,draenor,384,druid,balance,12,4,8
Rastamona,draenor,384,druid,balance,12,4,8
Laguna,ravencrest,384,druid,balance,12,4,8
Pathetik,archimonde,384,druid,balance,12,4,8
Мехнакиске,howling-fjord,384,druid,balance,14,4,10
Cholic,twisting-nether,384,druid,balance,18,4,14
Caatty,silvermoon,384,druid,balance,18,4,14
Gwendalyr,silvermoon,384,druid,balance,18,4,14
Fiagard,antonidas,383,druid,balance,6,4,2
Elm,trollbane,383,druid,balance,6,4,2
Hecaloth,drakthul,383,druid,balance,6,4,2
Храмульчик,blackscar,383,druid,balance,6,4,2
Mássacré,aegwynn,383,druid,balance,6,4,2
Fluke,thrall,383,druid,balance,11,4,7
Blablábla,silvermoon,383,druid,balance,12,4,8
Moonpouk,archimonde,383,druid,balance,12,4,8
Ondope,blackmoore,383,druid,balance,12,4,8
Rústy,baelgun,383,druid,balance,12,4,8
Manglefury,ravencrest,382,druid,balance,12,4,8
Wuki,conseil-des-ombres,379,druid,balance,12,4,8
Billybobb,dentarg,377,druid,balance,19,8,11
Ráw,dun-modr,367,druid,balance,11,4,7
Gôdzîllâ,silvermoon,352,druid,balance,10,4,6
Blakemonster,khaz-modan,351,druid,balance,8,5,3
Nightshaðe,argent-dawn,351,druid,balance,11,4,7
Zybri,ragnaros,351,druid,balance,11,4,7
Oaeb,stormscale,351,druid,balance,11,4,7
Soný,aegwynn,336,druid,balance,9,5,4
Sketit,grim-batol,335,druid,balance,11,4,7
Dresten,burning-blade,330,druid,balance,13,5,8
Bolaballen,stormscale,320,druid,balance,10,4,6
Kazekengan,draenor,319,druid,balance,5,4,1
Eclipße,silvermoon,319,druid,balance,5,4,1
Drúîid,kazzak,319,druid,balance,5,4,1
Shapeshifts,kul-tiras,319,druid,balance,8,4,4
Olula,blackmoore,319,druid,balance,8,4,4
Lazherra,drakthul,319,druid,balance,8,4,4
Høtbøt,ysera,288,druid,balance,6,3,3
Barbulloup,hyjal,288,druid,balance,6,3,3
Okboomi,hyjal,288,druid,balance,6,3,3
Flower,aggramar,288,druid,balance,6,3,3
Djclonebot,kazzak,288,druid,balance,6,3,3
Gnarrdrood,eredar,288,druid,balance,6,3,3
Veilath,tarren-mill,288,druid,balance,6,3,3
Jac,blackhand,288,druid,balance,6,3,3
Fayn,aggra-português,288,druid,balance,6,3,3
Fishe,twisting-nether,288,druid,balance,6,3,3
Porklife,tarren-mill,288,druid,balance,6,3,3
Motry,tarren-mill,288,druid,balance,6,3,3
Easypointsx,tarren-mill,288,druid,balance,6,3,3
Stealthslash,the-maelstrom,288,druid,balance,6,3,3
Yezzir,defias-brotherhood,288,druid,balance,6,3,3
Flaiq,twisting-nether,288,druid,balance,6,3,3
Ripmacmiller,grim-batol,288,druid,balance,6,3,3
Bloomin,sylvanas,288,druid,balance,6,3,3
Waymundo,blackhand,288,druid,balance,6,3,3
Shermi,eredar,288,druid,balance,6,3,3
Sweqt,argent-dawn,288,druid,balance,6,3,3
Veyra,dentarg,288,druid,balance,6,3,3
Telidari,argent-dawn,288,druid,balance,6,3,3
Pèreco,hyjal,288,druid,balance,6,3,3
Rallemaister,tarren-mill,288,druid,balance,6,3,3
Mogwaî,arygos,288,druid,balance,6,3,3
Hð,blackmoore,288,druid,balance,6,3,3
Byjiblznuk,kazzak,288,druid,balance,6,3,3
Taraka,blackmoore,288,druid,balance,6,3,3
Chavidruid,twisting-nether,288,druid,balance,6,3,3
Lorritha,sylvanas,288,druid,balance,6,3,3
Kvngthegoat,kazzak,288,druid,balance,6,3,3
Houwalia,archimonde,288,druid,balance,6,3,3
Hordepwnr,sylvanas,288,druid,balance,6,3,3
Svantte,stormreaver,288,druid,balance,6,3,3
Ihatemétoo,stormscale,288,druid,balance,6,3,3
Kooglaash,kazzak,288,druid,balance,6,3,3
Tribemeister,twisting-nether,288,druid,balance,6,3,3
Pandøøræ,archimonde,288,druid,balance,6,3,3
Napukka,silvermoon,288,druid,balance,6,3,3
Блинчек,gordunni,288,druid,balance,6,3,3
Ullainho,stormscale,288,druid,balance,6,3,3
Вооми,gordunni,288,druid,balance,6,3,3
Kesismahmut,twisting-nether,288,druid,balance,6,3,3
Baubles,ghostlands,288,druid,balance,6,3,3
Shamelêss,stormscale,288,druid,balance,6,3,3
Seey,thrall,288,druid,balance,6,3,3
Cáptnmorgan,blackmoore,288,druid,balance,6,3,3
Bámbí,sylvanas,288,druid,balance,6,3,3
Syx,conseil-des-ombres,288,druid,balance,6,3,3
Hippycraft,the-maelstrom,288,druid,balance,6,3,3
Weestevie,ragnaros,288,druid,balance,6,3,3
Hashoar,archimonde,288,druid,balance,6,3,3
Stiffýz,archimonde,288,druid,balance,6,3,3
Дизельпауэр,soulflayer,288,druid,balance,6,3,3
Quinteness,silvermoon,288,druid,balance,6,3,3
Treksta,draenor,288,druid,balance,6,3,3
Treerion,ravencrest,288,druid,balance,6,3,3
Durlehardu,archimonde,288,druid,balance,6,3,3
Zagrem,antonidas,288,druid,balance,6,3,3
Sucukk,antonidas,288,druid,balance,6,3,3
Sykzd,hyjal,288,druid,balance,6,3,3
Àyóorts,archimonde,288,druid,balance,6,3,3
Jazeera,ragnaros,288,druid,balance,6,3,3
Skailzdruid,hyjal,288,druid,balance,6,3,3
Skiiter,draenor,288,druid,balance,6,3,3
Maldrýn,stormscale,288,druid,balance,6,3,3
Måckïngsx,the-maelstrom,288,druid,balance,6,3,3
Leslra,agamaggan,288,druid,balance,6,3,3
Rêdx,archimonde,288,druid,balance,6,3,3
Gourdingodx,archimonde,288,druid,balance,6,3,3
Drester,blackrock,288,druid,balance,6,3,3
Блэкфорест,gordunni,288,druid,balance,6,3,3
Bäckey,silvermoon,288,druid,balance,6,3,3
Moonrake,antonidas,288,druid,balance,6,3,3
Mikeisbike,ragnaros,288,druid,balance,6,3,3
Phike,blackrock,288,druid,balance,6,3,3
Junglelist,antonidas,288,druid,balance,6,3,3
Moonskeng,quelthalas,288,druid,balance,6,3,3
Duchaliot,nemesis,288,druid,balance,6,3,3
Сэнтэс,soulflayer,288,druid,balance,6,3,3
Amakary,blackrock,288,druid,balance,6,3,3
Toritoso,sanguino,288,druid,balance,6,3,3
Блиденг,gordunni,288,druid,balance,6,3,3
Èspartana,dun-modr,288,druid,balance,6,3,3
Framoin,archimonde,288,druid,balance,6,3,3
Yeats,blackmoore,288,druid,balance,6,3,3
Filiduttkatt,ravencrest,288,druid,balance,6,3,3
Asterya,dun-modr,288,druid,balance,6,3,3
Rbg,dun-modr,288,druid,balance,6,3,3
Jaykerlol,kazzak,288,druid,balance,6,3,3
Erelieva,silvermoon,288,druid,balance,6,3,3
Bigmatty,defias-brotherhood,288,druid,balance,6,3,3
Mvpx,outland,288,druid,balance,6,3,3
Vícvega,ravencrest,288,druid,balance,6,3,3
Ilus,outland,288,druid,balance,6,3,3
Druidat,kazzak,288,druid,balance,6,3,3
Çúç,ravencrest,288,druid,balance,6,3,3
Auden,arathor,288,druid,balance,6,3,3
Llcooljay,ravencrest,288,druid,balance,6,3,3
Testopöllö,ravencrest,288,druid,balance,6,3,3
Jubbs,laughing-skull,288,druid,balance,6,3,3
Sparkex,ravencrest,288,druid,balance,6,3,3
Blietmachine,ravencrest,288,druid,balance,6,3,3
Dabulla,kazzak,288,druid,balance,6,3,3
Catgirlx,ravencrest,288,druid,balance,6,3,3
Дядявадядру,soulflayer,288,druid,balance,6,3,3
Замакибо,howling-fjord,288,druid,balance,11,5,6
Furíouz,darksorrow,288,druid,balance,9,4,5
Bootydrooty,thrall,288,druid,balance,9,3,6
Benduu,doomhammer,288,druid,balance,11,3,8
Astralpandas,kazzak,288,druid,balance,15,4,11
Leafceld,aggra-português,288,druid,balance,12,3,9
Nyomnom,ravencrest,288,druid,balance,12,3,9
Kidow,wrathbringer,288,druid,balance,12,3,9
Tayswiftmend,defias-brotherhood,288,druid,balance,12,3,9
Segundø,archimonde,288,druid,balance,12,3,9
Chickenlegx,blackmoore,288,druid,balance,12,3,9
Oxxy,arathor,288,druid,balance,12,3,9
Druidlaba,drakthul,288,druid,balance,12,3,9
Onlycustard,outland,288,druid,balance,12,3,9
Thaneo,blackmoore,288,druid,balance,12,3,9
Groncowski,blackmoore,288,druid,balance,12,3,9
Unohanâ,archimonde,288,druid,balance,12,3,9
Cosmovibe,terokkar,288,druid,balance,12,3,9
Akkamory,terokkar,288,druid,balance,12,3,9
Иссарил,gordunni,288,druid,balance,12,3,9
Astralcaller,kazzak,288,druid,balance,12,3,9
Zuwyldxd,blackrock,288,druid,balance,12,3,9
Loverace,dun-modr,288,druid,balance,12,3,9
Hävefunny,archimonde,288,druid,balance,18,3,15
Сейдр,grom,288,druid,balance,18,3,15
Kyth,forscherliga,287,druid,balance,6,3,3
Bigcappa,ahnqiraj,287,druid,balance,6,3,3
Puuhalí,stormreaver,287,druid,balance,6,3,3
Walkao,tarren-mill,287,druid,balance,6,3,3
Dasgrandeur,kazzak,287,druid,balance,6,3,3
Slachtafval,twisting-nether,287,druid,balance,14,3,11
Millworgen,norgannon,286,druid,balance,12,3,9
Rahkki,malfurion,284,druid,balance,12,3,9
Шев,blackscar,270,druid,balance,7,4,3
Jhiun,ragnaros,256,druid,balance,4,4,0
Calligenia,antonidas,256,druid,balance,16,3,13
Bóssít,doomhammer,255,druid,balance,11,3,8
Drulius,tarren-mill,240,druid,balance,9,4,5
Sinyi,arathor,239,druid,balance,11,3,8
Zyell,silvermoon,239,druid,balance,11,3,8
Treebearded,agamaggan,234,druid,balance,7,4,3
Tmhaikyu,blackhand,234,druid,balance,15,5,10
Boomlex,defias-brotherhood,234,druid,balance,12,4,8
Qoatazinha,malganis,192,druid,balance,4,3,1
Bidochonne,ravencrest,192,druid,balance,6,2,4
Foxglove,ravencrest,192,druid,balance,6,2,4
Jimmyxdd,kazzak,192,druid,balance,6,2,4
Sychlone,ravencrest,192,druid,balance,6,2,4
Twodaysordie,ravencrest,192,druid,balance,6,2,4
Jonnaxø,ravencrest,192,druid,balance,6,2,4
Halfaway,ravencrest,192,druid,balance,6,2,4
Herns,kazzak,192,druid,balance,6,2,4
Panørax,archimonde,192,druid,balance,6,2,4
Slakkielief,archimonde,192,druid,balance,6,2,4
Trueforms,ravencrest,192,druid,balance,6,2,4
Друнуар,gordunni,192,druid,balance,6,2,4
Lillu,aggramar,192,druid,balance,6,2,4
Старселлер,gordunni,192,druid,balance,6,2,4
Hotributionx,ravencrest,192,druid,balance,6,2,4
Энокей,gordunni,192,druid,balance,6,2,4
Svanturken,kazzak,192,druid,balance,6,2,4
Druidbox,ravencrest,192,druid,balance,6,2,4
Hâyâbusa,antonidas,192,druid,balance,6,2,4
Jéssíé,silvermoon,192,druid,balance,6,2,4
Galgaan,burning-legion,192,druid,balance,6,2,4
Mallahide,silvermoon,192,druid,balance,6,2,4
Adelåide,silvermoon,192,druid,balance,6,2,4
Raïby,archimonde,192,druid,balance,6,2,4
Jaffacakeqt,draenor,192,druid,balance,6,2,4
Wolflundgren,ravencrest,192,druid,balance,6,2,4
Xenoovia,silvermoon,192,druid,balance,6,2,4
Arzalor,burning-legion,192,druid,balance,6,2,4
Violess,burning-legion,192,druid,balance,6,2,4
Omegah,bladefist,192,druid,balance,6,2,4
Maxiturbogay,stormscale,192,druid,balance,6,2,4
Дробовик,soulflayer,192,druid,balance,6,2,4
Снэйк,borean-tundra,192,druid,balance,6,2,4
Csmedruid,blackrock,192,druid,balance,6,2,4
Biggestbirdx,stormscale,192,druid,balance,6,2,4
Zedmok,archimonde,192,druid,balance,6,2,4
Æsc,cthun,192,druid,balance,6,2,4
Natuh,outland,192,druid,balance,6,2,4
Bleati,silvermoon,192,druid,balance,6,2,4
Tallbutshort,stormscale,192,druid,balance,6,2,4
Deezforms,kazzak,192,druid,balance,6,2,4
Zolduran,archimonde,192,druid,balance,6,2,4
Chickenrice,blackhand,192,druid,balance,6,2,4
Fromeden,silvermoon,192,druid,balance,6,2,4
Sorkoxd,silvermoon,192,druid,balance,6,2,4
Filderah,doomhammer,192,druid,balance,6,2,4
Erkerkerk,twisting-nether,192,druid,balance,6,2,4
Trowbsi,blackmoore,192,druid,balance,6,2,4
Jordnötssmör,draenor,192,druid,balance,6,2,4
Héryse,hyjal,192,druid,balance,6,2,4
Chzycow,twisting-nether,192,druid,balance,6,2,4
Wheyproteín,dun-modr,192,druid,balance,6,2,4
Natzuri,lothar,192,druid,balance,6,2,4
Brømberry,blackrock,192,druid,balance,6,2,4
Lyj,dalaran,192,druid,balance,6,2,4
Escares,blackrock,192,druid,balance,6,2,4
Blacksage,dragonmaw,192,druid,balance,6,2,4
Faetish,hyjal,192,druid,balance,6,2,4
Çât,kazzak,192,druid,balance,6,2,4
Chickenboss,sanguino,192,druid,balance,6,2,4
Juggmusicxd,hyjal,192,druid,balance,6,2,4
Varìx,ysondre,192,druid,balance,6,2,4
Fripôuille,ysondre,192,druid,balance,6,2,4
Tranduiil,drakthul,192,druid,balance,6,2,4
Spidete,sanguino,192,druid,balance,6,2,4
Nilatsfloda,quelthalas,192,druid,balance,6,2,4
Катали,soulflayer,192,druid,balance,6,2,4
Kittyclâw,perenolde,192,druid,balance,6,2,4
Borne,aggra-português,192,druid,balance,6,2,4
Susaru,blackrock,192,druid,balance,6,2,4
Skrewu,silvermoon,192,druid,balance,6,2,4
Hotenhope,sylvanas,192,druid,balance,6,2,4
Kodislem,grim-batol,192,druid,balance,6,2,4
Tuuqa,draenor,192,druid,balance,6,2,4
Luveena,kazzak,192,druid,balance,6,2,4
Devill,grim-batol,192,druid,balance,6,2,4
Entelol,blackrock,192,druid,balance,6,2,4
Tamburoo,tarren-mill,192,druid,balance,6,2,4
Voganz,archimonde,192,druid,balance,6,2,4
Hulhorn,tarren-mill,192,druid,balance,6,2,4
Lözbox,kazzak,192,druid,balance,6,2,4
Bossdruid,aegwynn,192,druid,balance,6,2,4
Маалир,gordunni,192,druid,balance,6,2,4
Överskåp,tarren-mill,192,druid,balance,6,2,4
Chupapoya,pozzo-delleternità,192,druid,balance,6,2,4
Versality,lightnings-blade,192,druid,balance,6,2,4
Deadlydudu,magtheridon,192,druid,balance,6,2,4
Scopix,aegwynn,192,druid,balance,6,2,4
Psychócat,silvermoon,192,druid,balance,6,2,4
Eschatos,argent-dawn,192,druid,balance,6,2,4
Auntypat,defias-brotherhood,192,druid,balance,6,2,4
Mermelijn,argent-dawn,192,druid,balance,6,2,4
Имбахилка,lich-king,192,druid,balance,6,2,4
Kaamirach,blackmoore,192,druid,balance,6,2,4
Уличныйиисус,azuregos,192,druid,balance,6,2,4
Essaraah,dalaran,192,druid,balance,6,2,4
Окимоно,ashenvale,192,druid,balance,6,2,4
Roshgar,magtheridon,192,druid,balance,6,2,4
Maxreflect,pozzo-delleternità,192,druid,balance,6,2,4
Seøms,aegwynn,192,druid,balance,6,2,4
Successhaver,argent-dawn,192,druid,balance,6,2,4
Kwenden,arygos,192,druid,balance,6,2,4
Бабкавтанке,gordunni,192,druid,balance,6,2,4
Amberleaf,chamber-of-aspects,192,druid,balance,6,2,4
Marryat,argent-dawn,192,druid,balance,6,2,4
Wildkin,twisting-nether,192,druid,balance,6,2,4
Fanboij,kazzak,192,druid,balance,6,2,4
Underlaay,kazzak,192,druid,balance,6,2,4
Daunt,wrathbringer,192,druid,balance,6,2,4
Zeeqi,draenor,192,druid,balance,6,2,4
Biebear,sylvanas,192,druid,balance,6,2,4
Edal,chogall,192,druid,balance,6,2,4
Tadoson,blackmoore,192,druid,balance,6,2,4
Mmhcharal,voljin,192,druid,balance,6,2,4
Saliencias,kazzak,192,druid,balance,6,2,4
Meatus,ragnaros,192,druid,balance,6,2,4
Lïlara,elune,192,druid,balance,6,2,4
Pawnamera,norgannon,192,druid,balance,6,2,4
Pepenno,draenor,192,druid,balance,6,2,4
Jflow,draenor,192,druid,balance,6,2,4
Energäde,twisting-nether,192,druid,balance,7,2,5
Gurranq,argent-dawn,192,druid,balance,11,3,8
Gortarn,defias-brotherhood,192,druid,balance,8,2,6
Aceeu,dalaran,192,druid,balance,9,2,7
Barnea,malfurion,192,druid,balance,12,2,10
Druidja,sylvanas,192,druid,balance,12,2,10
Avanishri,defias-brotherhood,192,druid,balance,12,2,10
Aristrea,dun-morogh,192,druid,balance,12,2,10
Ãnimal,argent-dawn,192,druid,balance,12,2,10
Darksthero,draenor,192,druid,balance,12,2,10
Asanaria,ravencrest,192,druid,balance,12,2,10
Leekroom,forscherliga,192,druid,balance,12,2,10
Lelyssa,burning-legion,192,druid,balance,12,2,10
Onmyass,dragonblight,192,druid,balance,12,2,10
Querasidru,ravencrest,192,druid,balance,12,2,10
Kramit,ravencrest,192,druid,balance,12,2,10
Broasted,stormscale,192,druid,balance,12,2,10
Dørzz,blackmoore,192,druid,balance,12,2,10
Catbear,kazzak,191,druid,balance,6,2,4
Sumbahe,blackrock,191,druid,balance,6,2,4
Сугрик,deathweaver,191,druid,balance,9,2,7
Silvacustos,teldrassil,191,druid,balance,12,2,10
Arrock,malfurion,191,druid,balance,12,2,10
Myrddil,kult-der-verdammten,191,druid,balance,12,2,10
Garbagemonky,amanthul,169,druid,balance,12,5,7
Vendeqt,aegwynn,159,druid,balance,5,2,3
Testoprime,draenor,159,druid,balance,5,2,3
Fabsl,archimonde,159,druid,balance,5,2,3
Aütumn,twisting-nether,144,druid,balance,9,3,6
Иосси,soulflayer,138,druid,balance,9,5,4
Покусаютебя,gordunni,138,druid,balance,10,3,7
Tekilaz,sanguino,128,druid,balance,4,2,2
Xaahl,archimonde,128,druid,balance,4,2,2
Sendorac,die-silberne-hand,110,druid,balance,7,2,5
Ligoz,silvermoon,96,druid,balance,3,2,1
Nermax,kazzak,96,druid,balance,6,1,5
Shalysae,silvermoon,96,druid,balance,6,1,5
Kaira,kazzak,96,druid,balance,6,1,5
Leronox,blackmoore,96,druid,balance,6,1,5
Karbonaten,draenor,96,druid,balance,6,1,5
Satish,blackmoore,96,druid,balance,6,1,5
Drude,archimonde,96,druid,balance,6,1,5
Hotseîdank,blackrock,96,druid,balance,6,1,5
Avis,dethecus,96,druid,balance,6,1,5
Spielmann,ravencrest,96,druid,balance,6,1,5
Drroger,kazzak,96,druid,balance,6,1,5
Woolee,area-52,96,druid,balance,6,1,5
Nubsi,aegwynn,96,druid,balance,6,1,5
Druiduis,minahonda,96,druid,balance,6,1,5
Serafol,argent-dawn,96,druid,balance,6,1,5
Gracelock,argent-dawn,96,druid,balance,6,1,5
Stuntgirlcat,pozzo-delleternità,96,druid,balance,6,1,5
Ashiothie,argent-dawn,96,druid,balance,6,1,5
Beatball,aegwynn,96,druid,balance,6,1,5
Scarykejton,draenor,96,druid,balance,6,1,5
Enia,azjolnerub,96,druid,balance,6,1,5
Pudseytree,doomhammer,96,druid,balance,6,1,5
Nelfboyuk,tarren-mill,96,druid,balance,6,1,5
Liegremmah,blackmoore,96,druid,balance,6,1,5
Môõn,tarren-mill,96,druid,balance,6,1,5
Herekitykity,frostmane,96,druid,balance,6,1,5
Wolfverine,dentarg,96,druid,balance,6,1,5
Ayanakamurà,archimonde,96,druid,balance,6,1,5
Ckdruid,frostmane,96,druid,balance,6,1,5
Droodzerqt,archimonde,96,druid,balance,6,1,5
Titurel,zuljin,96,druid,balance,6,1,5
Chiendetalus,ysondre,96,druid,balance,6,1,5
Druwidess,archimonde,96,druid,balance,6,1,5
Tortugo,dun-modr,96,druid,balance,6,1,5
Apojeanne,hyjal,96,druid,balance,6,1,5
Lilkâzzam,blackrock,96,druid,balance,6,1,5
Ayven,kazzak,96,druid,balance,6,1,5
Skinnyleg,baelgun,96,druid,balance,6,1,5
Dramweida,eredar,96,druid,balance,6,1,5
Fullcyclone,stormscale,96,druid,balance,6,1,5
Bóómi,outland,96,druid,balance,6,1,5
Brownny,dun-modr,96,druid,balance,6,1,5
Panigale,dun-modr,96,druid,balance,6,1,5
Eredhion,stormscale,96,druid,balance,6,1,5
Maum,outland,96,druid,balance,6,1,5
Zombrex,blackrock,96,druid,balance,6,1,5
Blazoor,frostwolf,96,druid,balance,6,1,5
Lemónde,outland,96,druid,balance,6,1,5
Tigerbalm,ravenholdt,96,druid,balance,6,1,5
Хенет,blackscar,96,druid,balance,6,1,5
Cattdamon,outland,96,druid,balance,6,1,5
Xwerzz,stormscale,96,druid,balance,6,1,5
Ösdru,tarren-mill,96,druid,balance,6,1,5
Donoz,ravencrest,96,druid,balance,6,1,5
Beginníng,outland,96,druid,balance,6,1,5
Dreathie,kazzak,96,druid,balance,6,1,5
Basz,outland,96,druid,balance,6,1,5
Voodeen,burning-legion,96,druid,balance,6,1,5
Razah,ravencrest,96,druid,balance,6,1,5
Siahra,khaz-modan,96,druid,balance,6,1,5
Jamaicanherb,bronzebeard,96,druid,balance,6,1,5
Ferdax,outland,96,druid,balance,6,1,5
Periklasus,antonidas,96,druid,balance,6,1,5
Garudax,blackrock,96,druid,balance,6,1,5
Samuelito,ravencrest,96,druid,balance,6,1,5
Telavie,antonidas,96,druid,balance,6,1,5
Арбузир,howling-fjord,96,druid,balance,6,1,5
Пё,howling-fjord,96,druid,balance,6,1,5
Nayemi,blackmoore,96,druid,balance,6,1,5
Tàazz,sargeras,96,druid,balance,6,1,5
Котябра,gordunni,96,druid,balance,6,1,5
Lofastfox,ragnaros,96,druid,balance,6,1,5
Arún,nazjatar,96,druid,balance,6,1,5
Anahita,emerald-dream,96,druid,balance,6,1,5
Ewena,ragnaros,96,druid,balance,6,1,5
Frequentist,ragnaros,96,druid,balance,6,1,5
Buunchishi,archimonde,96,druid,balance,6,1,5
Blolzz,silvermoon,96,druid,balance,6,1,5
Маминапуська,soulflayer,96,druid,balance,6,1,5
Reyk,sunstrider,96,druid,balance,6,1,5
Сверххищникк,soulflayer,96,druid,balance,6,1,5
Ghxsty,silvermoon,96,druid,balance,6,1,5
Maaghera,silvermoon,96,druid,balance,6,1,5
Пасторизсша,soulflayer,96,druid,balance,6,1,5
Hussain,silvermoon,96,druid,balance,6,1,5
Soléda,thrall,96,druid,balance,6,1,5
Zaerox,ambossar,96,druid,balance,6,1,5
Nøwørnever,ulduar,96,druid,balance,6,1,5
Búll,aegwynn,96,druid,balance,7,1,6
Bìerchen,antonidas,96,druid,balance,12,1,11
Summër,los-errantes,96,druid,balance,12,1,11
Tarendil,argent-dawn,96,druid,balance,12,1,11
Maßka,terokkar,96,druid,balance,12,1,11
Ninmah,quelthalas,96,druid,balance,12,1,11
Grynoth,silvermoon,96,druid,balance,12,1,11
Noiir,malfurion,96,druid,balance,12,1,11
Lïs,the-maelstrom,96,druid,balance,12,1,11
Gawsworth,aerie-peak,95,druid,balance,6,1,5
Kocovali,frostmane,95,druid,balance,6,1,5
Truebadass,draenor,94,druid,balance,4,3,1
Bráveukrainé,ravencrest,79,druid,balance,5,1,4
Revoidý,blackmoore,79,druid,balance,5,1,4
Qb,blackrock,79,druid,balance,5,1,4
Kodobursto,stormscale,79,druid,balance,6,1,5
Ушастикэ,gordunni,64,druid,balance,4,1,3
Rakúsh,thrall,48,druid,balance,3,1,2
Soofyan,kazzak,48,druid,balance,3,1,2
Exïlla,archimonde,48,druid,balance,3,1,2
Møønlight,scarshield-legion,48,druid,balance,3,1,2
Detlaff,draenor,48,druid,balance,9,1,8
Madschinken,malganis,42,druid,balance,8,2,6
Melonjuicer,argent-dawn,42,druid,balance,9,2,7
Plankface,ravencrest,42,druid,balance,21,3,18
Tiemyrôpe,outland,31,druid,balance,2,1,1
Nalreaa,kazzak,31,druid,balance,8,1,7
Gejtu,the-venture-co,16,druid,balance,1,1,0
Báttlx,blackrock,16,druid,balance,7,1,6
Kankethyr,korgall,2241,evoker,preservation,113,67,46
Néthy,argent-dawn,2213,evoker,preservation,174,99,75
Nèthy,argent-dawn,2193,evoker,preservation,71,43,28
Nesedon,stormscale,2163,evoker,preservation,330,175,155
Бедныйгрузин,howling-fjord,2146,evoker,preservation,72,43,29
Zychodrac,draenor,2145,evoker,preservation,148,74,74
Haxyia,outland,2137,evoker,preservation,126,68,58
Bodytypezero,terenas,2133,evoker,preservation,140,77,63
Sukkmymadnes,draenor,2120,evoker,preservation,79,39,40
Сансетшторм,gordunni,2119,evoker,preservation,88,47,41
Kronata,sanguino,2112,evoker,preservation,102,45,57
Dn,shattered-hand,2111,evoker,preservation,89,46,43
Najikí,tarren-mill,2094,evoker,preservation,119,69,50
Dragonsweat,hyjal,2088,evoker,preservation,120,66,54
Bodytypefour,stormscale,2084,evoker,preservation,120,57,63
Драконсила,gordunni,2074,evoker,preservation,95,55,40
Nerfevøker,ragnaros,2056,evoker,preservation,118,62,56
Гачитварь,galakrond,2055,evoker,preservation,305,151,154
Ms,ravencrest,2052,evoker,preservation,82,43,39
Zimbello,nemesis,2025,evoker,preservation,156,90,66
Dizablise,burning-legion,2014,evoker,preservation,119,62,57
Rvrsl,outland,2014,evoker,preservation,263,137,126
Seafolk,stormscale,2013,evoker,preservation,259,143,116
Humòngóus,kazzak,2008,evoker,preservation,54,29,25
Sinéstrà,antonidas,2005,evoker,preservation,216,111,105
Gardennewt,ravencrest,2001,evoker,preservation,78,39,39
Drogon,shendralar,1992,evoker,preservation,84,48,36
Puzikloh,ravencrest,1992,evoker,preservation,48,24,24
Xays,ravencrest,1987,evoker,preservation,100,50,50
Шафлэнжоер,fordragon,1977,evoker,preservation,36,23,13
Theories,blackhand,1977,evoker,preservation,110,54,56
Asgá,kazzak,1973,evoker,preservation,50,24,26
Ноубадиаттак,soulflayer,1963,evoker,preservation,102,49,53
Smellybreath,ravencrest,1961,evoker,preservation,48,27,21
Dreamwalk,archimonde,1950,evoker,preservation,60,35,25
Vokedrak,eredar,1946,evoker,preservation,72,36,36
Sindragonk,ravencrest,1931,evoker,preservation,48,33,15
Onelastdance,ravencrest,1922,evoker,preservation,71,61,10
Dragondaddy,eredar,1917,evoker,preservation,114,63,51
Podonok,ravencrest,1912,evoker,preservation,108,56,52
Waifuwu,blackhand,1912,evoker,preservation,229,111,118
Jamesdéan,twisting-nether,1905,evoker,preservation,113,70,43
Plogi,twisting-nether,1905,evoker,preservation,78,43,35
Mistrßroducr,stormreaver,1905,evoker,preservation,42,21,21
Dracthal,blackmoore,1903,evoker,preservation,54,29,25
Lazey,stormscale,1901,evoker,preservation,171,88,83
Bluesaphir,ravencrest,1897,evoker,preservation,42,23,19
Elcocodrilo,tarren-mill,1891,evoker,preservation,54,26,28
Huxleysroar,draenor,1888,evoker,preservation,54,26,28
Ðåñîq,kazzak,1888,evoker,preservation,89,38,51
Phnx,blackrock,1886,evoker,preservation,246,125,121
Myxiwinxy,archimonde,1885,evoker,preservation,36,23,13
Jakelóng,ravencrest,1883,evoker,preservation,58,29,29
Däkuookami,twisting-nether,1881,evoker,preservation,42,28,14
Amadeusx,ravencrest,1881,evoker,preservation,108,53,55
Theories,aegwynn,1880,evoker,preservation,53,29,24
Baiyuekui,blackmoore,1879,evoker,preservation,410,206,204
Alusiedrake,ravencrest,1878,evoker,preservation,372,204,168
Matrixslave,tarren-mill,1876,evoker,preservation,123,67,56
Адоннис,gordunni,1872,evoker,preservation,101,56,45
Woodý,draenor,1867,evoker,preservation,42,25,17
Dragondn,alleria,1865,evoker,preservation,54,37,17
Lurkî,blackhand,1865,evoker,preservation,274,138,136
Bümber,stormscale,1859,evoker,preservation,195,99,96
Drookun,outland,1858,evoker,preservation,105,52,53
Ipho,twisting-nether,1856,evoker,preservation,100,45,55
Titnoute,archimonde,1856,evoker,preservation,60,25,35
Nahfr,terenas,1852,evoker,preservation,222,118,104
Ltmdrgn,ravencrest,1851,evoker,preservation,42,26,16
Myshagini,ravencrest,1846,evoker,preservation,45,27,18
Silverwingg,tarren-mill,1846,evoker,preservation,42,25,17
Æzorahai,area-52,1845,evoker,preservation,72,33,39
Yulinex,argent-dawn,1833,evoker,preservation,160,92,68
Keñwøød,ysondre,1832,evoker,preservation,66,37,29
Malboroasted,archimonde,1832,evoker,preservation,66,35,31
Хронолиса,blackscar,1832,evoker,preservation,321,167,154
Ramfurry,kazzak,1832,evoker,preservation,394,193,201
Cellv,kazzak,1829,evoker,preservation,156,88,68
Runewing,turalyon,1827,evoker,preservation,53,30,23
Talim,terrordar,1827,evoker,preservation,90,44,46
Froststraza,chamber-of-aspects,1825,evoker,preservation,66,31,35
Nakavoker,arygos,1823,evoker,preservation,169,81,88
Infidus,ravencrest,1822,evoker,preservation,157,89,68
Bòrís,kazzak,1821,evoker,preservation,30,28,2
Mauül,ravencrest,1821,evoker,preservation,66,44,22
Justyowxs,archimonde,1817,evoker,preservation,85,49,36
Smâûg,silvermoon,1812,evoker,preservation,48,27,21
Mixn,argent-dawn,1812,evoker,preservation,93,41,52
Gneltharion,draenor,1811,evoker,preservation,68,31,37
Puffthemagic,archimonde,1810,evoker,preservation,60,28,32
Dragonmeta,kazzak,1808,evoker,preservation,36,19,17
Shroudflight,draenor,1807,evoker,preservation,364,184,180
Nhoru,stormscale,1807,evoker,preservation,64,32,32
Wakûwakû,kazzak,1805,evoker,preservation,135,72,63
Evokis,tarren-mill,1804,evoker,preservation,71,40,31
Трейш,soulflayer,1804,evoker,preservation,90,42,48
Hornyxj,draenor,1804,evoker,preservation,78,33,45
Cptdrakon,twisting-nether,1802,evoker,preservation,77,43,34
Lerrastrasza,zirkel-des-cenarius,1802,evoker,preservation,48,24,24
Лабирон,blackscar,1802,evoker,preservation,83,39,44
Sính,ravencrest,1801,evoker,preservation,53,28,25
Kalevra,eredar,1801,evoker,preservation,175,92,83
Gardenewt,ravencrest,1795,evoker,preservation,54,28,26
Béatér,aegwynn,1780,evoker,preservation,120,64,56
Notadvanced,draenor,1779,evoker,preservation,42,21,21
Thèrèse,hyjal,1777,evoker,preservation,72,35,37
Notkzii,argent-dawn,1777,evoker,preservation,42,19,23
Swainsupp,archimonde,1776,evoker,preservation,42,19,23
Yayaxoxoxoxo,hyjal,1775,evoker,preservation,54,25,29
Púñterx,kazzak,1769,evoker,preservation,54,24,30
Wernøker,archimonde,1764,evoker,preservation,66,31,35
Антошадф,gordunni,1760,evoker,preservation,54,29,25
Drakela,frostwhisper,1756,evoker,preservation,60,32,28
Asyncgosa,ravencrest,1749,evoker,preservation,60,25,35
Soyd,dun-morogh,1747,evoker,preservation,57,33,24
Elleavo,tarren-mill,1743,evoker,preservation,60,28,32
Healevoker,aegwynn,1740,evoker,preservation,213,102,111
Сайберри,gordunni,1734,evoker,preservation,48,26,22
Novvae,hyjal,1727,evoker,preservation,66,36,30
Evocy,ravencrest,1725,evoker,preservation,66,35,31
Trainsaw,kazzak,1724,evoker,preservation,90,48,42
Evodorie,ravencrest,1724,evoker,preservation,56,26,30
Evoxter,twisting-nether,1719,evoker,preservation,99,57,42
Eccotwogay,frostwhisper,1719,evoker,preservation,48,26,22
Bònéz,blackmoore,1717,evoker,preservation,232,119,113
Âspên,archimonde,1717,evoker,preservation,263,132,131
Castytopg,blackrock,1714,evoker,preservation,60,29,31
Bugdul,twisting-nether,1713,evoker,preservation,74,46,28
Даэдра,gordunni,1712,evoker,preservation,186,94,92
Ранкондракон,lich-king,1712,evoker,preservation,95,42,53
Dragarius,tarren-mill,1712,evoker,preservation,66,27,39
Maxthecar,draenor,1710,evoker,preservation,136,87,49
Ezinice,hyjal,1710,evoker,preservation,118,59,59
Branados,argent-dawn,1707,evoker,preservation,36,22,14
Valkroth,argent-dawn,1704,evoker,preservation,257,128,129
Häröpallo,stormscale,1703,evoker,preservation,81,48,33
Carrotz,doomhammer,1703,evoker,preservation,60,28,32
Rondog,moonglade,1702,evoker,preservation,54,31,23
Dokkàmxk,archimonde,1702,evoker,preservation,42,19,23
Jaje,nerathor,1701,evoker,preservation,46,24,22
Pcerainer,stormscale,1699,evoker,preservation,53,26,27
Setraxia,argent-dawn,1698,evoker,preservation,160,97,63
Mobidra,twisting-nether,1698,evoker,preservation,42,24,18
Nyghtx,sanguino,1698,evoker,preservation,100,45,55
Nahkiainen,darksorrow,1697,evoker,preservation,60,27,33
Alphabét,ravencrest,1697,evoker,preservation,66,29,37
Крашевокер,soulflayer,1695,evoker,preservation,48,26,22
Brynesuge,ragnaros,1695,evoker,preservation,177,90,87
Бунтз,howling-fjord,1690,evoker,preservation,41,19,22
Kackaloch,tarren-mill,1689,evoker,preservation,81,46,35
Tombeelee,kazzak,1687,evoker,preservation,36,21,15
Nivoker,kazzak,1687,evoker,preservation,51,24,27
Camdaddy,magtheridon,1686,evoker,preservation,185,92,93
Odiin,dun-modr,1685,evoker,preservation,33,19,14
Flouzzx,blackmoore,1685,evoker,preservation,48,24,24
Themasktw,kazzak,1682,evoker,preservation,117,53,64
Панераи,gordunni,1678,evoker,preservation,75,36,39
Столаас,gordunni,1677,evoker,preservation,35,19,16
Quoz,ragnaros,1677,evoker,preservation,51,21,30
Profdrake,zuluhed,1673,evoker,preservation,42,24,18
Løcøtømmy,blackrock,1673,evoker,preservation,36,19,17
Jkdrage,stormscale,1670,evoker,preservation,36,19,17
Mixoö,throkferoth,1664,evoker,preservation,78,39,39
Эндемический,soulflayer,1664,evoker,preservation,79,39,40
Drakeadorie,twisting-nether,1663,evoker,preservation,66,31,35
Fearawr,malganis,1659,evoker,preservation,126,57,69
Аскми,blackscar,1658,evoker,preservation,130,59,71
Ambuy,kazzak,1656,evoker,preservation,35,21,14
Reska,archimonde,1654,evoker,preservation,72,33,39
Sebek,archimonde,1653,evoker,preservation,33,19,14
Swooshz,ragnaros,1646,evoker,preservation,42,23,19
Drazor,blackhand,1646,evoker,preservation,83,41,42
Detdragetid,zenedar,1646,evoker,preservation,123,52,71
Schwañ,twisting-nether,1639,evoker,preservation,78,37,41
Nekrosdrake,tarren-mill,1636,evoker,preservation,167,88,79
Mìnos,drakthul,1635,evoker,preservation,126,59,67
Valtion,stormscale,1634,evoker,preservation,42,23,19
Sanktcs,blackhand,1633,evoker,preservation,48,23,25
Rüllatorsven,stormscale,1631,evoker,preservation,36,21,15
Flyhacker,blackrock,1630,evoker,preservation,30,17,13
Тирэсплюс,soulflayer,1630,evoker,preservation,30,17,13
Kuubski,ravencrest,1628,evoker,preservation,110,58,52
Akaos,silvermoon,1628,evoker,preservation,79,33,46
Ацидракон,blackscar,1627,evoker,preservation,147,72,75
Devidra,defias-brotherhood,1626,evoker,preservation,302,144,158
Dwagonzuv,the-maelstrom,1624,evoker,preservation,66,39,27
Aeste,dun-modr,1624,evoker,preservation,42,23,19
Trixle,thrall,1624,evoker,preservation,66,28,38
Iblvicanfly,stormscale,1623,evoker,preservation,73,41,32
Buqxrawrr,antonidas,1622,evoker,preservation,56,31,25
Snällaldo,bladefist,1621,evoker,preservation,46,33,13
Drgigapump,blackmoore,1621,evoker,preservation,36,17,19
Methamfetami,kazzak,1619,evoker,preservation,72,40,32
Ashmoo,archimonde,1619,evoker,preservation,48,24,24
Chasxstrasza,ravencrest,1616,evoker,preservation,54,20,34
Omac,sylvanas,1615,evoker,preservation,42,22,20
Louftarion,ysondre,1614,evoker,preservation,83,38,45
Flipflapflop,twisting-nether,1613,evoker,preservation,36,20,16
Blueaizu,draenor,1612,evoker,preservation,137,78,59
Mysaldo,sylvanas,1611,evoker,preservation,36,23,13
Fartinhaler,ravencrest,1611,evoker,preservation,56,34,22
Dârys,kazzak,1611,evoker,preservation,46,20,26
Adriia,draenor,1610,evoker,preservation,24,17,7
Пидрактир,soulflayer,1608,evoker,preservation,66,32,34
Srache,frostwolf,1606,evoker,preservation,60,29,31
Rgedrake,blackrock,1605,evoker,preservation,114,67,47
Hjucen,twisting-nether,1603,evoker,preservation,90,49,41
Потныйдракон,soulflayer,1603,evoker,preservation,42,20,22
Alamostrasza,doomhammer,1602,evoker,preservation,54,27,27
Kajer,nemesis,1601,evoker,preservation,30,17,13
Akly,nemesis,1600,evoker,preservation,60,37,23
Bråckie,draenor,1600,evoker,preservation,84,49,35
Malowux,outland,1600,evoker,preservation,36,19,17
Dragonello,stormscale,1600,evoker,preservation,36,17,19
Visage,kul-tiras,1599,evoker,preservation,145,70,75
Silversnakex,ravencrest,1598,evoker,preservation,54,30,24
Crocodeal,ysondre,1597,evoker,preservation,54,29,25
Lytër,sanguino,1596,evoker,preservation,160,86,74
Kaipha,ravencrest,1596,evoker,preservation,89,43,46
Roth,stormreaver,1595,evoker,preservation,394,195,199
Draskathyr,sylvanas,1594,evoker,preservation,47,29,18
Ripgódx,bronzebeard,1594,evoker,preservation,371,190,181
Kremost,sylvanas,1593,evoker,preservation,48,19,29
Kapevok,sanguino,1592,evoker,preservation,30,21,9
Copíl,stormscale,1591,evoker,preservation,48,27,21
Ксенондрейк,gordunni,1591,evoker,preservation,36,17,19
Ystarblaze,tarren-mill,1590,evoker,preservation,57,26,31
Liliwood,ravencrest,1588,evoker,preservation,280,146,134
Berstrasz,frostwolf,1588,evoker,preservation,96,45,51
Scarydragôn,draenor,1584,evoker,preservation,152,86,66
Штеци,howling-fjord,1582,evoker,preservation,462,224,238
Madbreath,cthun,1582,evoker,preservation,70,27,43
Medeostrasz,throkferoth,1581,evoker,preservation,36,22,14
Odensbest,silvermoon,1580,evoker,preservation,79,48,31
Cith,ravencrest,1575,evoker,preservation,54,24,30
Gracyn,ravencrest,1570,evoker,preservation,30,20,10
Phyrrax,silvermoon,1569,evoker,preservation,94,50,44
Mithrandir,marécage-de-zangar,1569,evoker,preservation,48,25,23
Вексалис,gordunni,1567,evoker,preservation,54,26,28
Rawrus,blackrock,1567,evoker,preservation,53,24,29
Gg,wildhammer,1565,evoker,preservation,77,50,27
Drageye,tarren-mill,1565,evoker,preservation,195,109,86
Luderx,outland,1564,evoker,preservation,119,68,51
Ятромантис,gordunni,1563,evoker,preservation,709,359,350
Detixbae,blackrock,1563,evoker,preservation,53,22,31
Parodize,thrall,1561,evoker,preservation,59,31,28
Vyore,silvermoon,1560,evoker,preservation,66,34,32
Kuramir,twisting-nether,1560,evoker,preservation,54,27,27
Websensation,twisting-nether,1559,evoker,preservation,102,41,61
Flowerscale,tarren-mill,1558,evoker,preservation,69,23,46
Драгонпупс,soulflayer,1557,evoker,preservation,114,64,50
Динамика,borean-tundra,1556,evoker,preservation,301,159,142
Siìre,thrall,1555,evoker,preservation,65,36,29
Nexxà,archimonde,1553,evoker,preservation,129,83,46
Vydrag,der-rat-von-dalaran,1553,evoker,preservation,35,17,18
Oldwhiteman,guldan,1545,evoker,preservation,74,39,35
Zenvoker,silvermoon,1543,evoker,preservation,119,60,59
Torae,burning-legion,1541,evoker,preservation,144,73,71
Sárkány,ravencrest,1541,evoker,preservation,84,41,43
Jpeo,blackhand,1537,evoker,preservation,66,33,33
Antiflexx,ragnaros,1537,evoker,preservation,66,30,36
Нежныйболт,howling-fjord,1536,evoker,preservation,134,68,66
ßëkûsåùrús,ragnaros,1535,evoker,preservation,37,18,19
Dracum,kazzak,1534,evoker,preservation,30,16,14
Sedricae,twisting-nether,1534,evoker,preservation,137,70,67
Bountyk,sanguino,1533,evoker,preservation,24,16,8
Wingard,twisting-nether,1531,evoker,preservation,41,25,16
Hîppokrates,dethecus,1530,evoker,preservation,42,30,12
Xexií,blackmoore,1529,evoker,preservation,36,21,15
Evizard,nagrand,1529,evoker,preservation,172,94,78
Dracronix,the-maelstrom,1527,evoker,preservation,42,19,23
Kharduk,outland,1525,evoker,preservation,40,19,21
Vimoker,trollbane,1523,evoker,preservation,102,49,53
Dragnthsnuts,sylvanas,1523,evoker,preservation,74,35,39
Sürion,grim-batol,1520,evoker,preservation,84,44,40
Pokemongame,draenor,1516,evoker,preservation,34,22,12
Kirivoker,dun-modr,1515,evoker,preservation,77,38,39
Snow,ysera,1513,evoker,preservation,95,50,45
Sinistrea,conseil-des-ombres,1512,evoker,preservation,117,65,52
Зирухит,soulflayer,1512,evoker,preservation,97,47,50
Bubbleblower,stormscale,1511,evoker,preservation,36,24,12
Féféledragon,archimonde,1511,evoker,preservation,116,53,63
Etier,aegwynn,1509,evoker,preservation,60,34,26
Síire,ravencrest,1508,evoker,preservation,36,21,15
Nanthira,darksorrow,1508,evoker,preservation,145,73,72
Polzeig,dentarg,1507,evoker,preservation,57,24,33
Droyle,blackrock,1504,evoker,preservation,51,28,23
Dart,sanguino,1502,evoker,preservation,42,18,24
Draelaynex,eredar,1501,evoker,preservation,51,23,28
Didii,frostwhisper,1499,evoker,preservation,219,104,115
Дарконикс,gordunni,1499,evoker,preservation,158,73,85
Skypov,sylvanas,1498,evoker,preservation,41,24,17
Viseriøn,kazzak,1495,evoker,preservation,118,51,67
Eidachsal,antonidas,1495,evoker,preservation,78,28,50
Pflanz,nozdormu,1494,evoker,preservation,36,24,12
Indragon,blackmoore,1492,evoker,preservation,78,37,41
Tobbebakar,silvermoon,1490,evoker,preservation,48,22,26
Fiiery,deathwing,1488,evoker,preservation,82,42,40
Lytër,dun-modr,1488,evoker,preservation,63,28,35
Бадикабаер,thermaplugg,1486,evoker,preservation,218,114,104
Obbwoke,ravencrest,1486,evoker,preservation,120,53,67
Cirøvoke,ravencrest,1485,evoker,preservation,47,16,31
Tabalugaqt,eredar,1484,evoker,preservation,57,29,28
Baszz,aegwynn,1481,evoker,preservation,81,41,40
Sakade,archimonde,1480,evoker,preservation,40,18,22
Sysstrasza,archimonde,1479,evoker,preservation,54,29,25
Superflyy,kazzak,1477,evoker,preservation,214,104,110
Ámenó,stormscale,1476,evoker,preservation,48,25,23
Eagleflow,aszune,1471,evoker,preservation,97,47,50
Cragheart,ravencrest,1469,evoker,preservation,110,57,53
Cokayn,eonar,1468,evoker,preservation,82,41,41
Dazaar,kazzak,1467,evoker,preservation,78,48,30
Dragoncya,archimonde,1466,evoker,preservation,108,53,55
Korialstraz,aegwynn,1463,evoker,preservation,35,22,13
Viodragon,blackrock,1462,evoker,preservation,45,19,26
Adromed,kazzak,1460,evoker,preservation,114,59,55
Samidr,ravencrest,1460,evoker,preservation,41,16,25
Kelzoker,ysondre,1459,evoker,preservation,40,22,18
Lazurius,ravencrest,1459,evoker,preservation,107,45,62
Sissilisko,sylvanas,1458,evoker,preservation,85,53,32
Ptipangoevok,dalaran,1456,evoker,preservation,52,24,28
Beefwing,xavius,1454,evoker,preservation,48,21,27
Blokie,silvermoon,1454,evoker,preservation,56,19,37
Th,stormscale,1451,evoker,preservation,72,46,26
Fubukinoryuu,frostwolf,1451,evoker,preservation,112,61,51
Madelynxoxo,draenor,1450,evoker,preservation,30,25,5
Орехдракона,gordunni,1448,evoker,preservation,48,26,22
Condrage,grim-batol,1447,evoker,preservation,78,41,37
Bigaluga,blackmoore,1447,evoker,preservation,60,25,35
Шкуроносец,gordunni,1442,evoker,preservation,36,20,16
Rhaenaya,tarren-mill,1438,evoker,preservation,42,24,18
Nerõ,thrall,1437,evoker,preservation,48,24,24
Nutson,blackrock,1436,evoker,preservation,30,15,15
Conwoker,ravencrest,1435,evoker,preservation,30,15,15
Poporaight,archimonde,1432,evoker,preservation,30,15,15
Tarecgosa,sanguino,1431,evoker,preservation,245,118,127
Dramarx,dun-modr,1428,evoker,preservation,24,15,9
Natashtrasza,tarren-mill,1427,evoker,preservation,72,26,46
Scalo,kazzak,1425,evoker,preservation,143,73,70
Kda,die-nachtwache,1425,evoker,preservation,36,15,21
Ëvølûtïøñ,pozzo-delleternità,1424,evoker,preservation,34,16,18
Arniye,ravencrest,1422,evoker,preservation,175,91,84
Meteo,the-maelstrom,1422,evoker,preservation,45,23,22
Полковниксан,soulflayer,1422,evoker,preservation,54,26,28
Seboker,nemesis,1420,evoker,preservation,55,34,21
Sârmikas,blackhand,1420,evoker,preservation,30,15,15
Cheryl,aggra-português,1420,evoker,preservation,31,15,16
Dragonbrx,antonidas,1419,evoker,preservation,30,20,10
Choubalo,archimonde,1419,evoker,preservation,177,94,83
Àtòmìc,malorne,1419,evoker,preservation,30,15,15
Donns,frostmane,1418,evoker,preservation,76,46,30
Yeatsa,blackmoore,1417,evoker,preservation,24,15,9
Drachenlilie,aegwynn,1417,evoker,preservation,60,28,32
Beec,tarren-mill,1416,evoker,preservation,78,40,38
Aêro,malganis,1415,evoker,preservation,62,29,33
Djrabtah,sargeras,1414,evoker,preservation,82,43,39
Chronowalker,ragnaros,1413,evoker,preservation,30,15,15
Lichbõrne,outland,1411,evoker,preservation,42,18,24
Zezus,outland,1407,evoker,preservation,36,21,15
Thyrke,aegwynn,1407,evoker,preservation,94,52,42
Spiragon,ysondre,1406,evoker,preservation,154,76,78
Smrdimipytel,drakthul,1406,evoker,preservation,58,26,32
Емари,howling-fjord,1401,evoker,preservation,49,33,16
Evoketing,tarren-mill,1396,evoker,preservation,24,15,9
Yavak,blackmoore,1395,evoker,preservation,28,16,12
Jayrexx,doomhammer,1394,evoker,preservation,112,71,41
Omnipøtens,silvermoon,1394,evoker,preservation,48,28,20
Giü,archimonde,1394,evoker,preservation,87,44,43
Мефодийевок,howling-fjord,1394,evoker,preservation,60,23,37
Drackarys,tarren-mill,1393,evoker,preservation,60,31,29
Draxaer,outland,1391,evoker,preservation,252,134,118
Dracanus,bronze-dragonflight,1390,evoker,preservation,54,28,26
Xdxd,burning-blade,1390,evoker,preservation,33,17,16
Nadoney,hyjal,1389,evoker,preservation,67,42,25
Драмуся,gordunni,1389,evoker,preservation,66,25,41
Dragio,blackrock,1387,evoker,preservation,48,25,23
Ammendorn,blackrock,1384,evoker,preservation,46,27,19
Danriedrake,ravencrest,1383,evoker,preservation,41,22,19
Loveheart,die-aldor,1383,evoker,preservation,206,102,104
Azorgaron,outland,1383,evoker,preservation,60,26,34
Asraestrasz,silvermoon,1380,evoker,preservation,38,24,14
Jamiewing,ravencrest,1380,evoker,preservation,42,25,17
Matysniak,burning-legion,1376,evoker,preservation,109,55,54
Krayvoker,tarren-mill,1372,evoker,preservation,35,15,20
Dothemath,blackmoore,1371,evoker,preservation,48,22,26
Badrig,silvermoon,1369,evoker,preservation,144,70,74
Suhnrysanti,argent-dawn,1369,evoker,preservation,66,28,38
Hakuzah,terokkar,1367,evoker,preservation,36,19,17
Emberturd,blackmoore,1366,evoker,preservation,36,17,19
Drakkujjer,twisting-nether,1363,evoker,preservation,30,18,12
Dragonsimp,archimonde,1360,evoker,preservation,34,20,14
Sorextrazy,twisting-nether,1355,evoker,preservation,124,59,65
Scalie,ravencrest,1353,evoker,preservation,54,31,23
Rhaenîra,twisting-nether,1352,evoker,preservation,49,27,22
Dägon,drakthul,1351,evoker,preservation,156,78,78
Маркзук,gordunni,1350,evoker,preservation,112,53,59
Evokazoran,dentarg,1349,evoker,preservation,78,27,51
Balgardarth,chamber-of-aspects,1348,evoker,preservation,48,24,24
Cinquanteuro,hyjal,1347,evoker,preservation,101,45,56
Evoris,frostmane,1347,evoker,preservation,72,30,42
Rescuegirl,blackrock,1345,evoker,preservation,99,50,49
Varkoth,nemesis,1345,evoker,preservation,84,41,43
Navilism,kazzak,1344,evoker,preservation,437,231,206
Kitoed,aegwynn,1344,evoker,preservation,78,35,43
Zanarian,defias-brotherhood,1343,evoker,preservation,113,48,65
Soø,kazzak,1341,evoker,preservation,30,14,16
Alldru,outland,1341,evoker,preservation,83,31,52
Novadrake,blackrock,1340,evoker,preservation,24,14,10
Drarent,hyjal,1340,evoker,preservation,54,24,30
Kimwoker,kazzak,1338,evoker,preservation,36,17,19
Xdingo,blackrock,1338,evoker,preservation,36,14,22
Imperiux,outland,1335,evoker,preservation,66,39,27
Dragonflye,kazzak,1334,evoker,preservation,190,91,99
Anso,sanguino,1333,evoker,preservation,95,55,40
Лесанор,gordunni,1332,evoker,preservation,35,18,17
Pindaar,zenedar,1332,evoker,preservation,90,43,47
Druggz,burning-blade,1331,evoker,preservation,54,35,19
Icemushu,twisting-nether,1331,evoker,preservation,24,14,10
Ludracy,antonidas,1331,evoker,preservation,114,62,52
Draevil,emerald-dream,1330,evoker,preservation,42,22,20
Dragondznutz,defias-brotherhood,1330,evoker,preservation,80,35,45
Pelington,silvermoon,1329,evoker,preservation,59,27,32
Gissthebuzzy,dun-modr,1326,evoker,preservation,42,24,18
Chronicryder,draenor,1326,evoker,preservation,51,20,31
Drdrag,blackmoore,1324,evoker,preservation,24,18,6
Desnø,frostwolf,1324,evoker,preservation,42,24,18
Fetzi,blackhand,1324,evoker,preservation,126,63,63
Tenibris,die-nachtwache,1322,evoker,preservation,227,101,126
Scarlexo,ravencrest,1321,evoker,preservation,53,26,27
Uroegevoker,twisting-nether,1316,evoker,preservation,68,36,32
Aphelïon,dun-modr,1316,evoker,preservation,190,92,98
Dodgens,auchindoun,1315,evoker,preservation,30,14,16
Голденджо,gordunni,1315,evoker,preservation,59,21,38
Spánkpróof,kazzak,1313,evoker,preservation,31,15,16
Psheetae,kazzak,1311,evoker,preservation,30,14,16
Crunktusk,twisting-nether,1310,evoker,preservation,72,27,45
Thellon,frostwolf,1308,evoker,preservation,97,49,48
Xerragon,ravencrest,1306,evoker,preservation,60,20,40
Fredgobrr,tarren-mill,1305,evoker,preservation,102,62,40
Spudvoker,silvermoon,1305,evoker,preservation,30,15,15
Breall,tarren-mill,1305,evoker,preservation,617,300,317
Dagruel,exodar,1305,evoker,preservation,30,14,16
Cenca,blackmoore,1304,evoker,preservation,216,104,112
Horiz,kazzak,1302,evoker,preservation,36,14,22
Louiekin,outland,1302,evoker,preservation,36,14,22
Esalisko,kazzak,1299,evoker,preservation,54,31,23
Nagimurr,kazzak,1298,evoker,preservation,135,71,64
Nonolildrake,ysondre,1297,evoker,preservation,82,46,36
Vahamut,argent-dawn,1297,evoker,preservation,42,22,20
Saga,aegwynn,1297,evoker,preservation,184,90,94
Gloris,aegwynn,1295,evoker,preservation,36,22,14
Mortlalune,conseil-des-ombres,1295,evoker,preservation,162,82,80
Jimmytrivet,archimonde,1291,evoker,preservation,93,46,47
Психея,soulflayer,1289,evoker,preservation,60,33,27
Drakatha,kazzak,1288,evoker,preservation,76,41,35
Flygfjås,stormscale,1288,evoker,preservation,57,28,29
Eedava,argent-dawn,1285,evoker,preservation,30,18,12
Ксдз,soulflayer,1284,evoker,preservation,44,22,22
Drgnokn,silvermoon,1283,evoker,preservation,100,59,41
Malfø,exodar,1282,evoker,preservation,115,58,57
Cothikos,ysondre,1282,evoker,preservation,34,15,19
Mercoledi,aegwynn,1280,evoker,preservation,42,29,13
Airwaves,hyjal,1280,evoker,preservation,47,24,23
Xiomarita,frostmane,1280,evoker,preservation,60,29,31
Draagon,burning-legion,1280,evoker,preservation,42,18,24
Wrcdragon,drakthul,1277,evoker,preservation,160,75,85
Dragondisnut,sylvanas,1276,evoker,preservation,54,28,26
Blamdrake,blackhand,1275,evoker,preservation,36,14,22
Lynastrasza,silvermoon,1274,evoker,preservation,147,78,69
Эбиб,gordunni,1273,evoker,preservation,126,75,51
Dedx,sylvanas,1273,evoker,preservation,42,20,22
Mirajhti,blackrock,1273,evoker,preservation,40,15,25
Stormwing,twilights-hammer,1272,evoker,preservation,29,19,10
Elenaevoker,stormscale,1272,evoker,preservation,208,107,101
Beharot,silvermoon,1272,evoker,preservation,96,33,63
Vaermithor,tarren-mill,1270,evoker,preservation,59,33,26
Sondosa,twisting-nether,1270,evoker,preservation,36,18,18
Vyron,amanthul,1270,evoker,preservation,46,19,27
Boonvoker,the-maelstrom,1270,evoker,preservation,66,26,40
Discodidling,silvermoon,1269,evoker,preservation,74,37,37
Dragawn,grim-batol,1267,evoker,preservation,149,83,66
Goalkeeper,ravencrest,1264,evoker,preservation,84,41,43
Kleftra,stormscale,1263,evoker,preservation,30,14,16
Distinkd,draenor,1262,evoker,preservation,54,31,23
Howtodragon,twisting-nether,1262,evoker,preservation,48,26,22
Iscale,twisting-nether,1262,evoker,preservation,72,35,37
Zeigrem,antonidas,1261,evoker,preservation,18,15,3
Therzer,drakthul,1257,evoker,preservation,36,18,18
Darigo,ravencrest,1256,evoker,preservation,71,31,40
Dragonspaff,argent-dawn,1255,evoker,preservation,41,20,21
Detdragetid,stormscale,1254,evoker,preservation,36,21,15
Dragonerr,kiljaeden,1254,evoker,preservation,71,38,33
Geckonen,stormreaver,1253,evoker,preservation,225,114,111
Хвзрываюсьх,howling-fjord,1253,evoker,preservation,48,24,24
Ìzànamì,hyjal,1252,evoker,preservation,81,46,35
Filtendragon,stormscale,1252,evoker,preservation,73,32,41
Aebivoker,dalaran,1250,evoker,preservation,76,41,35
Dinotron,uldaman,1249,evoker,preservation,54,27,27
Ecovoker,outland,1247,evoker,preservation,24,13,11
Lynt,burning-blade,1247,evoker,preservation,84,42,42
Drogøn,khaz-modan,1247,evoker,preservation,48,23,25
Smokitor,kazzak,1246,evoker,preservation,54,28,26
Nazalath,eonar,1245,evoker,preservation,42,18,24
Rullatorsvên,sylvanas,1244,evoker,preservation,24,13,11
Nikoo,runetotem,1244,evoker,preservation,84,39,45
Dargenpont,turalyon,1244,evoker,preservation,30,13,17
Rozugos,blackrock,1243,evoker,preservation,24,13,11
Crottedezen,archimonde,1243,evoker,preservation,30,13,17
Apaçi,ravencrest,1243,evoker,preservation,51,19,32
Dragonsphera,sylvanas,1243,evoker,preservation,36,13,23
Holyvoker,aegwynn,1242,evoker,preservation,24,13,11
Thundermifln,nemesis,1242,evoker,preservation,66,34,32
Blazelt,blackrock,1241,evoker,preservation,24,13,11
Ithijin,blackmoore,1241,evoker,preservation,59,27,32
Nagoli,silvermoon,1240,evoker,preservation,67,31,36
Dreamevoker,draenor,1239,evoker,preservation,24,13,11
Kymura,archimonde,1239,evoker,preservation,30,13,17
Voraxos,silvermoon,1238,evoker,preservation,18,13,5
Stjáuni,ravencrest,1238,evoker,preservation,64,33,31
Тектрис,howling-fjord,1238,evoker,preservation,126,58,68
Kampe,nemesis,1237,evoker,preservation,36,17,19
Vafanede,twisting-nether,1236,evoker,preservation,30,13,17
Yorfyr,ravencrest,1234,evoker,preservation,43,20,23
Iphonetwo,ravencrest,1233,evoker,preservation,35,23,12
Erhvoker,veknilash,1231,evoker,preservation,117,51,66
Wïligun,archimonde,1229,evoker,preservation,18,13,5
Drackheal,kaelthas,1229,evoker,preservation,59,31,28
Yeetsera,thrall,1229,evoker,preservation,76,35,41
Beenus,doomhammer,1228,evoker,preservation,36,24,12
Glouglouti,drekthar,1228,evoker,preservation,90,45,45
Патриотика,howling-fjord,1228,evoker,preservation,143,68,75
Драгоблуд,soulflayer,1227,evoker,preservation,54,25,29
Âbs,archimonde,1227,evoker,preservation,99,41,58
Mikevoker,aegwynn,1224,evoker,preservation,30,17,13
Uztfuzt,blackmoore,1221,evoker,preservation,50,33,17
Уконэ,blackscar,1221,evoker,preservation,83,41,42
Drashiku,zuljin,1221,evoker,preservation,132,51,81
Douevnfly,ravencrest,1220,evoker,preservation,44,26,18
Cudius,archimonde,1220,evoker,preservation,128,72,56
Bestofriendo,eredar,1220,evoker,preservation,78,40,38
Folevo,stormreaver,1220,evoker,preservation,441,218,223
Мвпгуччи,blackscar,1219,evoker,preservation,36,13,23
Ladrieth,hyjal,1217,evoker,preservation,131,59,72
Ricidevo,nerathor,1217,evoker,preservation,36,13,23
Drakdilla,tarren-mill,1216,evoker,preservation,24,13,11
Shnptyr,ragnaros,1215,evoker,preservation,42,22,20
Dayandnight,quelthalas,1215,evoker,preservation,109,54,55
Setoc,blackrock,1215,evoker,preservation,31,15,16
Lojinevo,twisting-nether,1215,evoker,preservation,95,43,52
Драксинед,howling-fjord,1214,evoker,preservation,75,29,46
Ruinastrasza,silvermoon,1212,evoker,preservation,24,13,11
Ogzan,stormscale,1212,evoker,preservation,60,32,28
Varaug,veklor,1211,evoker,preservation,40,25,15
Dragonban,tarren-mill,1211,evoker,preservation,64,21,43
Awaboo,draenor,1210,evoker,preservation,24,13,11
Shosho,uldaman,1210,evoker,preservation,62,25,37
Everdrop,blackmoore,1209,evoker,preservation,24,13,11
Flyingaway,tarren-mill,1209,evoker,preservation,42,19,23
Amaterãsu,kazzak,1208,evoker,preservation,131,66,65
Orocimaaru,pozzo-delleternità,1207,evoker,preservation,51,23,28
Kutdraak,laughing-skull,1206,evoker,preservation,36,20,16
Drakutyr,defias-brotherhood,1205,evoker,preservation,49,27,22
Мэриджэин,soulflayer,1205,evoker,preservation,41,18,23
Draghini,silvermoon,1205,evoker,preservation,48,20,28
Lapaneri,sylvanas,1200,evoker,preservation,36,14,22
Whitelizzard,tarren-mill,1199,evoker,preservation,60,29,31
Corneflex,chogall,1196,evoker,preservation,27,13,14
Bambusák,draenor,1195,evoker,preservation,172,79,93
Sarapakara,burning-blade,1195,evoker,preservation,68,28,40
Muccavok,stormrage,1194,evoker,preservation,83,46,37
Lagadta,antonidas,1194,evoker,preservation,84,44,40
Kujira,draenor,1194,evoker,preservation,57,29,28
Kuzzan,blackhand,1193,evoker,preservation,48,23,25
Zethreus,silvermoon,1192,evoker,preservation,64,34,30
Asinitaris,ravencrest,1189,evoker,preservation,116,57,59
Sibvoker,kazzak,1188,evoker,preservation,108,52,56
Salamanderx,stormscale,1186,evoker,preservation,22,14,8
Drachenglas,antonidas,1185,evoker,preservation,66,28,38
Fusion,dun-modr,1184,evoker,preservation,54,28,26
Leblon,stormreaver,1182,evoker,preservation,66,33,33
Tsukiko,archimonde,1181,evoker,preservation,55,24,31
Sitdownnow,blackrock,1181,evoker,preservation,68,25,43
Belkavoker,zirkel-des-cenarius,1177,evoker,preservation,42,14,28
Colacorta,zuljin,1176,evoker,preservation,136,66,70
Ohcaralho,outland,1171,evoker,preservation,62,25,37
Dratsch,blackhand,1170,evoker,preservation,24,17,7
Aphi,frostwolf,1170,evoker,preservation,57,26,31
Saucy,sanguino,1166,evoker,preservation,43,26,17
Dreiwyn,kazzak,1165,evoker,preservation,54,36,18
Dolphdrago,outland,1164,evoker,preservation,34,17,17
Slimygecko,ravencrest,1163,evoker,preservation,70,34,36
Rafale,the-maelstrom,1162,evoker,preservation,186,97,89
Theocean,turalyon,1158,evoker,preservation,295,135,160
Парадпланет,howling-fjord,1158,evoker,preservation,36,13,23
Dracobelli,drakthul,1157,evoker,preservation,30,14,16
Tusibi,hyjal,1154,evoker,preservation,53,37,16
Verithian,kazzak,1153,evoker,preservation,72,34,38
Jmy,bloodhoof,1152,evoker,preservation,18,12,6
Nst,zuljin,1151,evoker,preservation,18,12,6
Flatterhipy,blackrock,1151,evoker,preservation,24,12,12
Hehehihihaha,ravencrest,1151,evoker,preservation,24,12,12
Dragonkim,draenor,1149,evoker,preservation,30,12,18
Favera,taerar,1149,evoker,preservation,36,14,22
Coarraze,eldrethalas,1148,evoker,preservation,18,12,6
Aayala,dalaran,1148,evoker,preservation,38,19,19
Laurenzos,tarren-mill,1148,evoker,preservation,30,12,18
Veryspikes,twisting-nether,1148,evoker,preservation,30,12,18
Reptak,stormscale,1146,evoker,preservation,24,12,12
Groovyy,hyjal,1145,evoker,preservation,114,61,53
Rngayzus,ysondre,1145,evoker,preservation,24,12,12
Dorkthyr,sylvanas,1145,evoker,preservation,72,32,40
Uwudyret,tarren-mill,1145,evoker,preservation,30,12,18
Candicewho,twisting-nether,1144,evoker,preservation,24,12,12
Dratheon,dun-modr,1144,evoker,preservation,56,23,33
Cryuu,burning-legion,1144,evoker,preservation,30,12,18
Blúéráý,ravencrest,1143,evoker,preservation,73,30,43
Sinusiitiis,destromath,1142,evoker,preservation,18,12,6
Jupezi,sylvanas,1142,evoker,preservation,35,20,15
Khaela,archimonde,1141,evoker,preservation,135,67,68
Molem,defias-brotherhood,1140,evoker,preservation,79,32,47
Ryujíin,kazzak,1139,evoker,preservation,23,12,11
Flymetothemo,twisting-nether,1134,evoker,preservation,75,41,34
Karristrasza,silvermoon,1134,evoker,preservation,30,12,18
Nisiris,doomhammer,1133,evoker,preservation,88,44,44
Kalerinozi,blackhand,1133,evoker,preservation,62,22,40
Xorago,guldan,1132,evoker,preservation,72,33,39
Steeken,haomarush,1130,evoker,preservation,60,29,31
Adnoc,tarren-mill,1127,evoker,preservation,37,17,20
Hyggëê,sanguino,1127,evoker,preservation,70,25,45
Draknr,alakir,1125,evoker,preservation,42,16,26
Djolero,silvermoon,1124,evoker,preservation,60,28,32
Дрэгтир,lich-king,1123,evoker,preservation,61,34,27
Raikirix,silvermoon,1123,evoker,preservation,24,12,12
Siderion,drakthul,1122,evoker,preservation,24,14,10
Baddragonn,nemesis,1118,evoker,preservation,23,12,11
Flawxy,blackmoore,1118,evoker,preservation,24,12,12
Elaijaz,turalyon,1117,evoker,preservation,48,32,16
Pe,dalaran,1117,evoker,preservation,24,12,12
Eosin,blackrock,1115,evoker,preservation,35,18,17
Drogoon,ravencrest,1114,evoker,preservation,29,12,17
Nynnaydoth,drakthul,1112,evoker,preservation,80,39,41
Sudrac,antonidas,1110,evoker,preservation,24,12,12
Raøug,blackmoore,1109,evoker,preservation,114,44,70
Kekvoker,antonidas,1107,evoker,preservation,84,37,47
Huusdrache,outland,1107,evoker,preservation,34,14,20
Renistra,argent-dawn,1105,evoker,preservation,102,49,53
Dangai,draenor,1103,evoker,preservation,23,12,11
Spïzz,dun-modr,1103,evoker,preservation,72,31,41
Bombrush,ragnaros,1102,evoker,preservation,33,20,13
Kédragon,archimonde,1102,evoker,preservation,31,13,18
Dragonna,argent-dawn,1100,evoker,preservation,117,56,61
Алекстраса,blackscar,1097,evoker,preservation,30,16,14
Dmn,defias-brotherhood,1097,evoker,preservation,54,24,30
Azdajae,gilneas,1096,evoker,preservation,42,25,17
Tennin,thrall,1095,evoker,preservation,63,33,30
Saphirá,hyjal,1094,evoker,preservation,28,13,15
Frreeyya,silvermoon,1094,evoker,preservation,29,13,16
Xidalulz,sylvanas,1093,evoker,preservation,12,12,0
Deathwinng,twisting-nether,1090,evoker,preservation,66,26,40
Mugeki,burning-legion,1089,evoker,preservation,68,31,37
Hems,bronzebeard,1088,evoker,preservation,82,41,41
Lusacan,tarren-mill,1085,evoker,preservation,33,17,16
Shenronox,ragnaros,1083,evoker,preservation,36,17,19
Doriangray,drakthul,1082,evoker,preservation,38,19,19
Targzæ,hyjal,1082,evoker,preservation,36,15,21
Draakoñ,outland,1082,evoker,preservation,29,12,17
Drakeish,kazzak,1077,evoker,preservation,29,13,16
Kharalambos,stormscale,1077,evoker,preservation,42,16,26
Пероник,gordunni,1076,evoker,preservation,106,42,64
Blackli,kazzak,1074,evoker,preservation,33,14,19
Pikiscalez,bronzebeard,1073,evoker,preservation,30,15,15
Haawwt,eredar,1071,evoker,preservation,36,16,20
Killafoolz,kazzak,1067,evoker,preservation,25,12,13
Nurant,blackmoore,1067,evoker,preservation,160,75,85
Чвкдрагонит,soulflayer,1066,evoker,preservation,60,23,37
Jurrassic,defias-brotherhood,1065,evoker,preservation,111,56,55
Dractarys,arathi,1062,evoker,preservation,90,46,44
Guntoker,tarren-mill,1062,evoker,preservation,156,73,83
Wingzy,chogall,1059,evoker,preservation,201,93,108
Lazorkröte,blackrock,1058,evoker,preservation,72,26,46
Вискписк,soulflayer,1056,evoker,preservation,12,11,1
Øoøoøoøo,outland,1056,evoker,preservation,12,11,1
Berlyvoke,stormscale,1056,evoker,preservation,18,11,7
Launisch,amanthul,1056,evoker,preservation,24,11,13
Fûrý,twisting-nether,1056,evoker,preservation,24,11,13
Шадофдрагон,deathweaver,1055,evoker,preservation,42,28,14
Xiarya,draenor,1055,evoker,preservation,24,11,13
Jessamy,ragnaros,1055,evoker,preservation,24,11,13
Tarystrasza,blackrock,1055,evoker,preservation,42,16,26
Lacer,minahonda,1055,evoker,preservation,30,11,19
Elathru,kazzak,1055,evoker,preservation,48,17,31
Enzetrius,argent-dawn,1054,evoker,preservation,24,11,13
Tojodormi,argent-dawn,1054,evoker,preservation,24,11,13
Adrienne,steamwheedle-cartel,1054,evoker,preservation,30,13,17
Thairesse,archimonde,1054,evoker,preservation,30,11,19
Momodragon,draenor,1050,evoker,preservation,18,11,7
Beetk,tarren-mill,1049,evoker,preservation,24,11,13
Ragnai,sunstrider,1047,evoker,preservation,24,11,13
Dåseskjuul,kazzak,1046,evoker,preservation,18,11,7
Faa,ravencrest,1046,evoker,preservation,24,11,13
Tritiana,blackrock,1046,evoker,preservation,36,11,25
Pyrestra,argent-dawn,1042,evoker,preservation,18,11,7
Predatax,drakthul,1039,evoker,preservation,142,71,71
Diggidydract,silvermoon,1039,evoker,preservation,23,11,12
Kurger,twisting-nether,1039,evoker,preservation,79,30,49
Ewings,archimonde,1036,evoker,preservation,48,16,32
Thedrake,aegwynn,1034,evoker,preservation,47,28,19
Hool,silvermoon,1034,evoker,preservation,207,103,104
Antistrasza,argent-dawn,1033,evoker,preservation,48,22,26
Dioni,sylvanas,1033,evoker,preservation,51,22,29
Dräcø,dalaran,1032,evoker,preservation,18,12,6
Chrisú,thrall,1029,evoker,preservation,30,12,18
Blackwing,twilights-hammer,1029,evoker,preservation,34,13,21
Athyrstria,blackmoore,1028,evoker,preservation,65,18,47
Zaverion,nathrezim,1027,evoker,preservation,36,18,18
Iceslinger,stormscale,1027,evoker,preservation,119,56,63
Zathîel,argent-dawn,1026,evoker,preservation,149,64,85
Axuli,blackrock,1026,evoker,preservation,30,12,18
Lizardofoz,argent-dawn,1023,evoker,preservation,42,23,19
Fernasdrake,aggra-português,1023,evoker,preservation,36,18,18
Ovipare,archimonde,1022,evoker,preservation,30,17,13
Kärlethos,dun-modr,1020,evoker,preservation,24,12,12
Drâker,twisting-nether,1020,evoker,preservation,35,11,24
Gilarys,silvermoon,1019,evoker,preservation,23,11,12
Cazé,archimonde,1019,evoker,preservation,48,21,27
Aevon,blackrock,1018,evoker,preservation,138,68,70
Aezthaza,outland,1018,evoker,preservation,26,12,14
Dreamiee,kazzak,1018,evoker,preservation,84,36,48
Ashla,nemesis,1016,evoker,preservation,36,18,18
Offering,ravencrest,1015,evoker,preservation,30,11,19
Klim,temple-noir,1014,evoker,preservation,42,11,31
Chromatus,azjolnerub,1013,evoker,preservation,51,28,23
Гопоп,gordunni,1011,evoker,preservation,31,14,17
Singe,nemesis,1010,evoker,preservation,120,42,78
Retyss,twisting-nether,1008,evoker,preservation,390,193,197
Rackelhahn,azshara,1006,evoker,preservation,17,11,6
Ryujinx,blackhand,1006,evoker,preservation,23,11,12
Schenlong,kelthuzad,1003,evoker,preservation,102,47,55
Лалиса,soulflayer,1003,evoker,preservation,36,12,24
Мйлкйвей,deathguard,1000,evoker,preservation,46,29,17
Kyrathir,hyjal,1000,evoker,preservation,72,31,41
Archont,eredar,999,evoker,preservation,42,12,30
Domynevoc,hyjal,996,evoker,preservation,79,42,37
Morlie,argent-dawn,996,evoker,preservation,82,37,45
Evooke,outland,989,evoker,preservation,34,11,23
Kathaa,archimonde,987,evoker,preservation,30,11,19
Deadfyre,dun-modr,986,evoker,preservation,30,15,15
Hios,twisting-nether,984,evoker,preservation,60,33,27
Kraaznus,ravencrest,984,evoker,preservation,20,11,9
Gantsu,blackhand,984,evoker,preservation,102,50,52
Palindre,argent-dawn,973,evoker,preservation,95,47,48
Runs,ravencrest,973,evoker,preservation,42,15,27
Norgam,chogall,967,evoker,preservation,24,15,9
Reddeaddrago,silvermoon,966,evoker,preservation,44,24,20
Алифсе,howling-fjord,965,evoker,preservation,84,23,61
Æwárosaurus,ravencrest,963,evoker,preservation,31,15,16
Zaraten,hyjal,962,evoker,preservation,57,31,26
Dontiá,draenor,962,evoker,preservation,93,43,50
Gilgakek,darksorrow,962,evoker,preservation,98,44,54
Voltyrh,antonidas,962,evoker,preservation,25,11,14
Drakares,la-croisade-écarlate,962,evoker,preservation,54,19,35
Cinnamoon,defias-brotherhood,960,evoker,preservation,21,12,9
Jacko,nemesis,960,evoker,preservation,18,10,8
Konzaa,argent-dawn,960,evoker,preservation,18,10,8
Escaaboy,stormscale,959,evoker,preservation,18,10,8
Blazeros,sylvanas,959,evoker,preservation,48,25,23
Argnir,archimonde,959,evoker,preservation,24,10,14
Hound,lordaeron,959,evoker,preservation,30,11,19
Benedict,die-ewige-wacht,958,evoker,preservation,18,10,8
Mesarin,eredar,957,evoker,preservation,18,10,8
Scottpula,tarren-mill,956,evoker,preservation,24,10,14
Resectxz,kazzak,955,evoker,preservation,24,10,14
Krestrazzos,blackmoore,955,evoker,preservation,54,20,34
Skrix,khadgar,953,evoker,preservation,18,10,8
Terrorwings,twisting-nether,952,evoker,preservation,24,10,14
Bobonakia,sylvanas,950,evoker,preservation,24,10,14
Тафл,blackscar,950,evoker,preservation,24,10,14
Ninecloud,executus,949,evoker,preservation,24,15,9
Difigiano,blackmoore,948,evoker,preservation,18,10,8
Slashlowe,archimonde,948,evoker,preservation,40,18,22
Burndaddy,dun-modr,947,evoker,preservation,24,10,14
Tettareddast,kazzak,944,evoker,preservation,24,10,14
Viseron,zuljin,944,evoker,preservation,111,40,71
Voryax,kirin-tor,943,evoker,preservation,36,12,24
Jhoanna,grim-batol,942,evoker,preservation,60,29,31
Vores,norgannon,942,evoker,preservation,94,44,50
Scaleyfurry,azshara,941,evoker,preservation,21,12,9
Zahaak,doomhammer,940,evoker,preservation,60,23,37
Altairion,dalaran,939,evoker,preservation,30,18,12
Lînkôs,aegwynn,938,evoker,preservation,71,35,36
Dracwyn,shattrath,938,evoker,preservation,25,11,14
Fumfum,twisting-nether,938,evoker,preservation,30,10,20
Винтер,azuregos,935,evoker,preservation,19,11,8
Vozzat,stormscale,934,evoker,preservation,24,11,13
Draklorn,moonglade,933,evoker,preservation,75,36,39
Dracnass,silvermoon,930,evoker,preservation,18,10,8
Jamesdouglas,eredar,929,evoker,preservation,48,27,21
Nicholbolas,nordrassil,929,evoker,preservation,29,16,13
Pigioto,silvermoon,929,evoker,preservation,228,110,118
Kalestis,arthas,925,evoker,preservation,38,20,18
Zymotîx,stormscale,919,evoker,preservation,36,10,26
Лунет,lich-king,917,evoker,preservation,54,25,29
Turmonk,nordrassil,917,evoker,preservation,24,10,14
Inspecto,turalyon,914,evoker,preservation,42,23,19
Schüppchên,antonidas,912,evoker,preservation,22,11,11
Grizu,die-ewige-wacht,911,evoker,preservation,24,10,14
Kamings,outland,907,evoker,preservation,32,17,15
Spirow,archimonde,903,evoker,preservation,66,28,38
Tf,doomhammer,903,evoker,preservation,70,26,44
Cárried,twilights-hammer,902,evoker,preservation,33,11,22
Quetzalcoâtl,burning-blade,901,evoker,preservation,54,27,27
Canitabravar,cthun,898,evoker,preservation,60,30,30
Modini,blackrock,895,evoker,preservation,21,11,10
Exxa,tarren-mill,894,evoker,preservation,26,10,16
Minifléx,burning-legion,893,evoker,preservation,22,10,12
Anlong,alakir,893,evoker,preservation,47,20,27
Drazikz,archimonde,891,evoker,preservation,88,44,44
Morsan,tichondrius,890,evoker,preservation,51,24,27
Балрогхаоса,gordunni,887,evoker,preservation,54,22,32
Drakars,kazzak,886,evoker,preservation,62,27,35
Drakmool,ysondre,885,evoker,preservation,36,17,19
Minikuja,culte-de-la-rive-noire,884,evoker,preservation,62,26,36
Калесгоз,howling-fjord,883,evoker,preservation,123,49,74
Drachi,ambossar,880,evoker,preservation,78,35,43
Skìttlês,antonidas,879,evoker,preservation,108,48,60
Leonarty,nemesis,879,evoker,preservation,36,16,20
Mergwahlbark,hyjal,878,evoker,preservation,29,10,19
Drakthur,terenas,874,evoker,preservation,39,11,28
Ятутглавный,howling-fjord,870,evoker,preservation,25,10,15
Escamosa,exodar,866,evoker,preservation,48,10,38
Zaffira,kazzak,864,evoker,preservation,12,9,3
Antifightx,kazzak,864,evoker,preservation,12,9,3
Dekaralol,ravencrest,864,evoker,preservation,12,9,3
Flystowardsu,argent-dawn,864,evoker,preservation,12,9,3
Moondraka,outland,864,evoker,preservation,18,9,9
Elpolioloco,culte-de-la-rive-noire,864,evoker,preservation,24,9,15
Skytrace,silvermoon,864,evoker,preservation,52,12,40
Мишанячешуя,gordunni,863,evoker,preservation,12,9,3
Cupcâke,dalaran,863,evoker,preservation,18,9,9
Nassuada,dalaran,863,evoker,preservation,18,9,9
Wjörm,outland,863,evoker,preservation,18,9,9
Teneja,malganis,863,evoker,preservation,24,9,15
Myntara,tarren-mill,863,evoker,preservation,24,9,15
Dractharion,blackrock,863,evoker,preservation,30,9,21
Zygumy,hyjal,862,evoker,preservation,18,9,9
Deathwingx,sylvanas,862,evoker,preservation,18,9,9
Jondal,kazzak,862,evoker,preservation,24,9,15
Навидх,howling-fjord,862,evoker,preservation,24,9,15
Mimic,scarshield-legion,861,evoker,preservation,18,9,9
Thymian,ambossar,861,evoker,preservation,195,90,105
Mistvoke,kazzak,860,evoker,preservation,18,9,9
Paizz,tarren-mill,859,evoker,preservation,18,9,9
Lithnxv,bladefist,859,evoker,preservation,18,9,9
Släshés,ravencrest,858,evoker,preservation,18,9,9
Evok,deathwing,858,evoker,preservation,24,10,14
Nedflanderss,silvermoon,856,evoker,preservation,18,9,9
Ophois,malygos,854,evoker,preservation,12,9,3
Dudebrö,arathor,854,evoker,preservation,18,9,9
Azurewings,argent-dawn,851,evoker,preservation,65,23,42
Javåscript,outland,849,evoker,preservation,18,9,9
Damssx,medivh,847,evoker,preservation,33,13,20
Evÿ,turalyon,846,evoker,preservation,48,19,29
Kaiser,trollbane,845,evoker,preservation,24,9,15
Drâkarys,khaz-modan,845,evoker,preservation,57,21,36
Yadormi,sylvanas,843,evoker,preservation,60,28,32
Sumo,burning-legion,841,evoker,preservation,36,16,20
Avizz,tarren-mill,837,evoker,preservation,23,12,11
Абьюз,galakrond,835,evoker,preservation,406,204,202
Hazizsarkany,ragnaros,833,evoker,preservation,12,9,3
Roastedpig,kazzak,831,evoker,preservation,17,9,8
Blewjobs,sylvanas,831,evoker,preservation,30,9,21
Zerario,blackhand,827,evoker,preservation,23,9,14
Viseriðn,archimonde,827,evoker,preservation,24,9,15
Mendes,kazzak,827,evoker,preservation,84,26,58
Xanthisa,malganis,824,evoker,preservation,57,25,32
Тирдде,deathweaver,820,evoker,preservation,126,56,70
Верметор,soulflayer,820,evoker,preservation,96,32,64
Drâcarys,destromath,819,evoker,preservation,37,17,20
Поплавочек,soulflayer,818,evoker,preservation,18,9,9
Кровит,soulflayer,817,evoker,preservation,29,9,20
Smoochbumble,argent-dawn,816,evoker,preservation,15,9,6
Miumyuki,drakthul,815,evoker,preservation,54,21,33
Absoto,dun-morogh,814,evoker,preservation,17,9,8
Kàzuée,outland,812,evoker,preservation,44,14,30
Drakelussac,silvermoon,809,evoker,preservation,22,10,12
Judragon,kazzak,809,evoker,preservation,26,10,16
Uxiono,dun-modr,808,evoker,preservation,38,10,28
Marasz,silvermoon,807,evoker,preservation,54,24,30
Purpledrac,draenor,797,evoker,preservation,18,9,9
Nochance,dentarg,795,evoker,preservation,127,45,82
Cheapdragon,tarren-mill,791,evoker,preservation,45,18,27
Scraier,ravenholdt,789,evoker,preservation,21,11,10
Эфирид,blackscar,779,evoker,preservation,59,22,37
Høt,nemesis,775,evoker,preservation,19,9,10
Zendaë,archimonde,768,evoker,preservation,12,8,4
Ghettovoke,sylvanas,768,evoker,preservation,12,8,4
Kanketopg,kazzak,768,evoker,preservation,12,8,4
Myshavion,hyjal,768,evoker,preservation,12,8,4
Zemar,dalaran,768,evoker,preservation,12,8,4
Naicover,kazzak,768,evoker,preservation,12,8,4
Mentallyoff,ravencrest,768,evoker,preservation,12,8,4
Nastywing,magtheridon,768,evoker,preservation,18,8,10
Nyxion,shattered-halls,768,evoker,preservation,18,8,10
Waytwohigh,ravencrest,768,evoker,preservation,18,8,10
Ringil,tarren-mill,768,evoker,preservation,18,8,10
Tetrís,blackhand,768,evoker,preservation,27,9,18
Дрейкорг,howling-fjord,768,evoker,preservation,24,8,16
Змеетян,gordunni,768,evoker,preservation,24,8,16
Krazuntus,argent-dawn,767,evoker,preservation,12,8,4
Mundyr,sylvanas,767,evoker,preservation,18,8,10
Ностепонснэк,ashenvale,767,evoker,preservation,18,8,10
Alariath,mannoroth,767,evoker,preservation,18,8,10
Shenronblue,bloodscalp,767,evoker,preservation,24,8,16
Woeisme,blackhand,766,evoker,preservation,18,8,10
Dragonsito,cthun,765,evoker,preservation,18,8,10
Daracthyr,arathor,765,evoker,preservation,18,8,10
Nêóô,blackrock,765,evoker,preservation,18,8,10
Toplevel,eredar,765,evoker,preservation,24,8,16
Mfdragon,grim-batol,765,evoker,preservation,24,8,16
Iswíftz,twisting-nether,765,evoker,preservation,30,8,22
Уполнамоченн,soulflayer,764,evoker,preservation,12,8,4
Urelix,ragnaros,763,evoker,preservation,12,8,4
Arecibo,tarren-mill,762,evoker,preservation,12,8,4
Drakhtyr,draenor,762,evoker,preservation,12,8,4
Dracanis,shendralar,761,evoker,preservation,27,12,15
Archedify,norgannon,759,evoker,preservation,36,8,28
Sarodari,blackhand,757,evoker,preservation,18,8,10
Dragonrocker,silvermoon,757,evoker,preservation,24,8,16
Cyclops,zuljin,756,evoker,preservation,24,8,16
Sáróman,ravencrest,755,evoker,preservation,44,16,28
Maverickx,nemesis,753,evoker,preservation,18,8,10
Lunariëlle,les-sentinelles,749,evoker,preservation,12,8,4
Fodom,medivh,744,evoker,preservation,18,8,10
Dragonpd,ysondre,727,evoker,preservation,23,8,15
Touge,varimathras,721,evoker,preservation,24,8,16
Nêrifiel,hyjal,707,evoker,preservation,23,8,15
Baléryon,archimonde,705,evoker,preservation,11,8,3
Sunfyres,frostmane,679,evoker,preservation,28,8,20
Zarikus,argent-dawn,672,evoker,preservation,12,7,5
Solutionevok,aegwynn,672,evoker,preservation,12,7,5
Evyzz,blackmoore,672,evoker,preservation,12,7,5
Stormnn,kazzak,672,evoker,preservation,12,7,5
Deadwing,eonar,672,evoker,preservation,18,7,11
Spacebreath,ravencrest,672,evoker,preservation,18,7,11
Rmplol,twisting-nether,672,evoker,preservation,18,7,11
Sulführer,sanguino,672,evoker,preservation,18,7,11
Kwynus,archimonde,672,evoker,preservation,18,7,11
Selectaa,grim-batol,672,evoker,preservation,18,7,11
Iwaavoker,archimonde,672,evoker,preservation,18,7,11
Óceiros,silvermoon,672,evoker,preservation,18,7,11
Tabalugajr,arthas,672,evoker,preservation,23,8,15
Dárnast,draenor,671,evoker,preservation,12,7,5
Feloñ,blackrock,671,evoker,preservation,12,7,5
Flookx,silvermoon,671,evoker,preservation,12,7,5
Cynicál,blackmoore,671,evoker,preservation,12,7,5
Draaxy,twisting-nether,671,evoker,preservation,15,8,7
Reolden,stormscale,671,evoker,preservation,14,7,7
Fusanabide,kazzak,671,evoker,preservation,14,7,7
Гневиан,eversong,671,evoker,preservation,18,7,11
Создать,deathguard,670,evoker,preservation,12,7,5
Liroo,hyjal,670,evoker,preservation,12,7,5
Coaxoch,thunderhorn,670,evoker,preservation,12,7,5
Myszostrasza,burning-legion,670,evoker,preservation,12,7,5
Alicendre,hyjal,670,evoker,preservation,12,7,5
Daxiniti,ragnaros,670,evoker,preservation,24,7,17
Meyowuo,doomhammer,670,evoker,preservation,24,7,17
Bobbyheal,blackmoore,670,evoker,preservation,30,7,23
Malfestio,zuljin,669,evoker,preservation,12,7,5
Avemonetemus,silvermoon,669,evoker,preservation,18,7,11
Morddragonx,draenor,669,evoker,preservation,18,7,11
Finnh,kazzak,669,evoker,preservation,24,7,17
Vatiras,magtheridon,669,evoker,preservation,24,7,17
Tamargon,frostwhisper,669,evoker,preservation,24,7,17
Entombevoker,twisting-nether,668,evoker,preservation,12,7,5
Wywill,eitrigg,668,evoker,preservation,12,7,5
Prikkedøden,grim-batol,668,evoker,preservation,18,7,11
Tokidormi,nemesis,668,evoker,preservation,18,7,11
Панкрок,thermaplugg,668,evoker,preservation,21,7,14
Morph,talnivarr,667,evoker,preservation,18,7,11
Hornbeam,tarren-mill,666,evoker,preservation,18,7,11
Acnologîa,ysondre,665,evoker,preservation,12,7,5
Gihzmo,tarren-mill,664,evoker,preservation,12,7,5
Büsselberg,blackmoore,658,evoker,preservation,18,7,11
Gimmetheloop,blackrock,655,evoker,preservation,20,7,13
Awfultrash,archimonde,655,evoker,preservation,23,7,16
Charezard,draenor,638,evoker,preservation,17,7,10
Myndragosa,varimathras,624,evoker,preservation,15,8,7
Blyatcuka,kazzak,617,evoker,preservation,17,8,9
Quewl,blackmoore,606,evoker,preservation,11,7,4
Shëitan,sinstralis,604,evoker,preservation,29,9,20
Gedzon,silvermoon,576,evoker,preservation,6,6,0
Cutegirlx,blackrock,576,evoker,preservation,12,6,6
Talynn,sylvanas,576,evoker,preservation,12,6,6
Scrípt,blackmoore,576,evoker,preservation,12,6,6
Darkevokoul,conseil-des-ombres,576,evoker,preservation,12,6,6
Drakarroar,ragnaros,576,evoker,preservation,12,6,6
Djsnake,twisting-nether,576,evoker,preservation,12,6,6
Luu,the-maelstrom,576,evoker,preservation,12,6,6
Dizatwo,silvermoon,576,evoker,preservation,12,6,6
Lasissi,dragonblight,576,evoker,preservation,12,6,6
Yesdaddyowo,draenor,576,evoker,preservation,12,6,6
Arfedar,kazzak,576,evoker,preservation,12,6,6
Kocaina,ravencrest,576,evoker,preservation,12,6,6
Rømmegrøt,tarren-mill,576,evoker,preservation,12,6,6
Antouxd,shadowsong,576,evoker,preservation,12,6,6
Glefs,stormscale,576,evoker,preservation,12,6,6
Dréegon,hyjal,576,evoker,preservation,12,6,6
Ritoplis,cthun,576,evoker,preservation,12,6,6
Snipy,burning-legion,576,evoker,preservation,12,6,6
Oceirós,draenor,576,evoker,preservation,12,6,6
Iandret,destromath,576,evoker,preservation,12,6,6
Krakadayle,archimonde,576,evoker,preservation,12,6,6
Nosnipeofc,blackmoore,576,evoker,preservation,18,6,12
Lolprevoker,outland,576,evoker,preservation,18,6,12
Discodraken,stormscale,576,evoker,preservation,18,6,12
Chrisussy,argent-dawn,576,evoker,preservation,18,6,12
Ydun,blackrock,576,evoker,preservation,18,6,12
Lorixia,argent-dawn,576,evoker,preservation,18,6,12
Lìssàndra,argent-dawn,576,evoker,preservation,24,6,18
Дэзвинк,gordunni,576,evoker,preservation,24,6,18
Drakuin,ravencrest,576,evoker,preservation,30,6,24
Viserione,outland,575,evoker,preservation,12,6,6
Drakeó,kazzak,575,evoker,preservation,12,6,6
Draccaris,silvermoon,575,evoker,preservation,12,6,6
Turdbreather,kazzak,575,evoker,preservation,12,6,6
Raegos,ravencrest,575,evoker,preservation,12,6,6
Adriia,ravencrest,575,evoker,preservation,12,6,6
Pasqvoker,ravencrest,575,evoker,preservation,12,6,6
Drachenbeton,blackhand,575,evoker,preservation,12,6,6
Nevara,ragnaros,575,evoker,preservation,12,6,6
Fivebeers,silvermoon,575,evoker,preservation,12,6,6
Dragonlet,twisting-nether,575,evoker,preservation,12,6,6
Timyst,outland,575,evoker,preservation,12,6,6
Сулистраза,blackscar,575,evoker,preservation,12,6,6
Nexevo,blackmoore,575,evoker,preservation,18,6,12
Lykine,blackrock,575,evoker,preservation,18,6,12
Dreamdoll,tarren-mill,575,evoker,preservation,24,6,18
Драколайт,eversong,574,evoker,preservation,12,6,6
Drakpojke,stormscale,574,evoker,preservation,12,6,6
Dikkedraak,dentarg,574,evoker,preservation,12,6,6
Etherwood,bronze-dragonflight,573,evoker,preservation,12,6,6
Apolerion,ragnaros,573,evoker,preservation,12,6,6
Dracarysfire,kazzak,573,evoker,preservation,12,6,6
Blainedragon,arathor,573,evoker,preservation,18,6,12
Seldar,steamwheedle-cartel,572,evoker,preservation,12,6,6
Jaratitz,dun-modr,572,evoker,preservation,18,6,12
Нирт,gordunni,572,evoker,preservation,18,6,12
Synpho,ahnqiraj,571,evoker,preservation,12,6,6
Фульфикс,soulflayer,571,evoker,preservation,18,6,12
Aevnon,sylvanas,569,evoker,preservation,12,6,6
Adônis,malorne,569,evoker,preservation,31,6,25
Адалдракулий,howling-fjord,568,evoker,preservation,12,6,6
Младодуб,soulflayer,565,evoker,preservation,36,6,30
Synhtol,ragnaros,564,evoker,preservation,18,6,12
Nordbert,draenor,542,evoker,preservation,11,6,5
Ahyllesevok,antonidas,527,evoker,preservation,15,7,8
Rasalhague,uldum,522,evoker,preservation,15,6,9
Asharys,argent-dawn,521,evoker,preservation,29,8,21
Dracarysx,grim-batol,520,evoker,preservation,15,7,8
Ddraig,thunderhorn,513,evoker,preservation,28,7,21
Drakinas,outland,511,evoker,preservation,11,6,5
Tyuz,antonidas,509,evoker,preservation,14,6,8
Draktoros,kazzak,504,evoker,preservation,30,11,19
Thenotelmat,twisting-nether,492,evoker,preservation,11,7,4
Hungryhank,ragnaros,480,evoker,preservation,6,5,1
Krustyvoker,sargeras,480,evoker,preservation,6,5,1
Jàcè,antonidas,480,evoker,preservation,6,5,1
Ralfferion,auchindoun,480,evoker,preservation,6,5,1
Tsunamì,ysondre,480,evoker,preservation,6,5,1
Stêwpit,blackhand,480,evoker,preservation,6,5,1
Jmyzard,tarren-mill,480,evoker,preservation,10,6,4
Drdrayk,balnazzar,480,evoker,preservation,12,5,7
Emeraldcomun,twisting-nether,480,evoker,preservation,12,5,7
Dzin,burning-legion,480,evoker,preservation,12,5,7
Драгонкокс,gordunni,480,evoker,preservation,12,5,7
Morkek,dun-modr,480,evoker,preservation,12,5,7
Катяламизил,howling-fjord,480,evoker,preservation,12,5,7
Feddra,twisting-nether,480,evoker,preservation,12,5,7
Tymían,burning-legion,480,evoker,preservation,12,5,7
Twocats,twisting-nether,480,evoker,preservation,12,5,7
Emeraldino,twisting-nether,480,evoker,preservation,12,5,7
Frozenblast,archimonde,480,evoker,preservation,12,5,7
Alanikus,silvermoon,480,evoker,preservation,12,5,7
Necorínexx,silvermoon,480,evoker,preservation,12,5,7
Vizdraken,tarren-mill,480,evoker,preservation,12,5,7
Fnom,hyjal,480,evoker,preservation,12,5,7
Interféctá,aegwynn,480,evoker,preservation,12,5,7
Soupmah,silvermoon,480,evoker,preservation,12,5,7
Lootharon,blackhand,480,evoker,preservation,12,5,7
Belzevoker,blackrock,480,evoker,preservation,12,5,7
Nemrák,blackmoore,480,evoker,preservation,12,5,7
Bigreddragon,outland,480,evoker,preservation,12,5,7
Evokoloko,outland,480,evoker,preservation,12,5,7
Murato,nemesis,480,evoker,preservation,12,5,7
Kanketo,ravencrest,480,evoker,preservation,12,5,7
Rímmer,kazzak,480,evoker,preservation,12,5,7
Safcøn,eredar,480,evoker,preservation,12,5,7
Invinite,blackrock,480,evoker,preservation,18,5,13
Theflight,ravencrest,480,evoker,preservation,18,5,13
Xyphoo,kazzak,480,evoker,preservation,18,5,13
Miraas,burning-blade,480,evoker,preservation,18,5,13
Siipiveíkko,stormreaver,480,evoker,preservation,18,5,13
Dragóndééz,draenor,480,evoker,preservation,18,5,13
Rise,tarren-mill,480,evoker,preservation,24,5,19
Néphrekh,archimonde,479,evoker,preservation,6,5,1
Chunlooi,baelgun,479,evoker,preservation,12,5,7
Naloqa,frostwolf,479,evoker,preservation,12,5,7
Darksaider,draenor,479,evoker,preservation,12,5,7
Dractopelle,garona,479,evoker,preservation,12,5,7
Scaleflux,argent-dawn,479,evoker,preservation,12,5,7
Eurydíke,blackhand,479,evoker,preservation,12,5,7
Luftwaffel,blackmoore,479,evoker,preservation,12,5,7
Puffdaddyxd,twisting-nether,479,evoker,preservation,12,5,7
Shosk,chamber-of-aspects,479,evoker,preservation,12,5,7
Миме,howling-fjord,479,evoker,preservation,18,5,13
Chizy,aegwynn,479,evoker,preservation,18,5,13
Kirinde,draenor,479,evoker,preservation,18,5,13
Effrt,ravencrest,479,evoker,preservation,24,5,19
Evobse,silvermoon,479,evoker,preservation,24,5,19
Widow,chromaggus,478,evoker,preservation,12,5,7
Eymo,archimonde,478,evoker,preservation,12,5,7
Bbuszek,outland,478,evoker,preservation,18,5,13
Vereeza,draenor,477,evoker,preservation,15,6,9
Exelott,ravencrest,477,evoker,preservation,14,5,9
Suicidel,silvermoon,477,evoker,preservation,18,5,13
Dragorasi,frostwolf,476,evoker,preservation,24,5,19
Гарил,grom,475,evoker,preservation,12,5,7
Ensîmîst,twisting-nether,475,evoker,preservation,12,5,7
Gladdrake,doomhammer,474,evoker,preservation,18,5,13
Ngaokoang,khaz-modan,473,evoker,preservation,24,5,19
Traumflügel,teldrassil,472,evoker,preservation,12,5,7
Iashiak,silvermoon,472,evoker,preservation,12,5,7
Fricandela,sanguino,472,evoker,preservation,18,5,13
Valasthor,argent-dawn,469,evoker,preservation,18,5,13
Ormqt,ravencrest,468,evoker,preservation,25,8,17
Incarnevoke,ravencrest,463,evoker,preservation,11,5,6
Thyriån,kazzak,447,evoker,preservation,11,5,6
Missnorway,blackmoore,447,evoker,preservation,11,5,6
Яссон,howling-fjord,447,evoker,preservation,14,6,8
Sentos,blackmoore,447,evoker,preservation,16,5,11
Kássadaín,the-maelstrom,447,evoker,preservation,16,5,11
Jcloud,shattered-hand,432,evoker,preservation,15,5,10
Giangiungiua,pozzo-delleternità,431,evoker,preservation,11,5,6
Uwulogie,tarren-mill,425,evoker,preservation,26,6,20
Grajade,dun-modr,422,evoker,preservation,15,6,9
Qiasyr,hyjal,416,evoker,preservation,10,5,5
Hazes,blackmoore,415,evoker,preservation,10,5,5
Alrakis,kragjin,415,evoker,preservation,16,5,11
Ahnë,archimonde,384,evoker,preservation,6,4,2
Aymoreth,argent-dawn,384,evoker,preservation,6,4,2
Variandre,ravencrest,384,evoker,preservation,6,4,2
Evossy,tarren-mill,384,evoker,preservation,6,4,2
Rhaeghal,hyjal,384,evoker,preservation,6,4,2
Killmeifucan,twisting-nether,384,evoker,preservation,6,4,2
Bindrasz,ahnqiraj,384,evoker,preservation,6,4,2
Snàx,aggra-português,384,evoker,preservation,6,4,2
Rbgdragon,silvermoon,384,evoker,preservation,6,4,2
Похмуррий,gordunni,384,evoker,preservation,6,4,2
Dragneel,ravenholdt,384,evoker,preservation,6,4,2
Drangonildo,turalyon,384,evoker,preservation,6,4,2
Wyrovoker,ragnaros,384,evoker,preservation,6,4,2
Clw,blackrock,384,evoker,preservation,6,4,2
Grumes,blackmoore,384,evoker,preservation,6,4,2
Quasarized,ravencrest,384,evoker,preservation,6,4,2
Aoryx,dun-modr,384,evoker,preservation,6,4,2
Creaxx,kirin-tor,384,evoker,preservation,6,4,2
Zankthorx,stormscale,384,evoker,preservation,6,4,2
Kyu,die-nachtwache,384,evoker,preservation,6,4,2
Toílet,blackmoore,384,evoker,preservation,12,4,8
Галактиг,thermaplugg,384,evoker,preservation,12,4,8
Epicfire,ravencrest,384,evoker,preservation,12,4,8
Whatisthis,archimonde,384,evoker,preservation,12,4,8
Tömmöfwarrs,archimonde,384,evoker,preservation,12,4,8
Feradely,thrall,384,evoker,preservation,12,4,8
Gryrdrid,draenor,384,evoker,preservation,12,4,8
Yaraxes,outland,384,evoker,preservation,12,4,8
Ñancey,draenor,384,evoker,preservation,12,4,8
Woke,the-venture-co,384,evoker,preservation,12,4,8
Azdaja,blackmoore,384,evoker,preservation,12,4,8
Ninhursag,hyjal,384,evoker,preservation,12,4,8
Feyrbrand,ysera,384,evoker,preservation,12,4,8
Tokvoker,tarren-mill,384,evoker,preservation,12,4,8
Evokker,antonidas,384,evoker,preservation,12,4,8
Larmédrio,archimonde,384,evoker,preservation,15,4,11
Lohis,grim-batol,384,evoker,preservation,18,4,14
Multytür,antonidas,384,evoker,preservation,18,4,14
Aldien,antonidas,384,evoker,preservation,18,4,14
Gaulavoker,ragnaros,384,evoker,preservation,18,4,14
Dragønlord,blackrock,384,evoker,preservation,18,4,14
Fogwing,ravencrest,384,evoker,preservation,18,4,14
Belzilian,dalaran,384,evoker,preservation,18,4,14
Firelizardxd,archimonde,384,evoker,preservation,24,4,20
Tisik,terokkar,383,evoker,preservation,6,4,2
Amarisnex,ragnaros,383,evoker,preservation,6,4,2
Nicnacx,stormscale,383,evoker,preservation,6,4,2
Timeshifter,stormscale,383,evoker,preservation,6,4,2
Кефтыме,soulflayer,383,evoker,preservation,6,4,2
Ignisaureus,silvermoon,383,evoker,preservation,12,4,8
Pureshot,archimonde,383,evoker,preservation,12,4,8
Evozilla,blackrock,383,evoker,preservation,12,4,8
Сантанико,grom,383,evoker,preservation,12,4,8
Astridae,kirin-tor,383,evoker,preservation,12,4,8
Pavel,steamwheedle-cartel,383,evoker,preservation,12,4,8
Batmanjasii,eredar,383,evoker,preservation,12,4,8
Dracarÿs,outland,383,evoker,preservation,12,4,8
Yaldthion,dun-modr,383,evoker,preservation,18,4,14
Steadyop,doomhammer,382,evoker,preservation,6,4,2
Dolceprada,stormscale,381,evoker,preservation,12,4,8
Dragonboss,doomhammer,380,evoker,preservation,12,4,8
Мизурион,gordunni,379,evoker,preservation,12,4,8
Ekko,nethersturm,379,evoker,preservation,13,4,9
Rãptør,tarren-mill,367,evoker,preservation,11,4,7
Nevagonafly,archimonde,351,evoker,preservation,10,6,4
Sinastral,sanguino,350,evoker,preservation,11,4,7
Lycêrâ,antonidas,330,evoker,preservation,9,6,3
Breathkiller,stormscale,330,evoker,preservation,10,6,4
Caida,stormscale,330,evoker,preservation,12,5,7
Zarog,frostwolf,303,evoker,preservation,7,4,3
Jugzie,twisting-nether,288,evoker,preservation,6,3,3
Jmý,tarren-mill,288,evoker,preservation,6,3,3
Ceroxs,aegwynn,288,evoker,preservation,6,3,3
Pfuffi,steamwheedle-cartel,288,evoker,preservation,6,3,3
Tactician,stormreaver,288,evoker,preservation,6,3,3
Limbimpi,twilights-hammer,288,evoker,preservation,6,3,3
Rippo,tarren-mill,288,evoker,preservation,6,3,3
Evokimag,grim-batol,288,evoker,preservation,6,3,3
Ivokerz,tarren-mill,288,evoker,preservation,6,3,3
Nezruslfarm,cthun,288,evoker,preservation,6,3,3
Monkeyvoker,archimonde,288,evoker,preservation,6,3,3
Botomforgold,ravencrest,288,evoker,preservation,6,3,3
Cauter,draenor,288,evoker,preservation,6,3,3
Моралдракон,soulflayer,288,evoker,preservation,6,3,3
Meezyevo,ragnaros,288,evoker,preservation,6,3,3
Tvmpzvoker,ravencrest,288,evoker,preservation,6,3,3
Renalia,blackrock,288,evoker,preservation,6,3,3
Ramilbest,ravencrest,288,evoker,preservation,6,3,3
Noogon,outland,288,evoker,preservation,6,3,3
Keizal,twisting-nether,288,evoker,preservation,6,3,3
Dokkamok,hyjal,288,evoker,preservation,6,3,3
Asrwea,draenor,288,evoker,preservation,6,3,3
Trixvoke,ragnaros,288,evoker,preservation,6,3,3
Saphiraa,lightnings-blade,288,evoker,preservation,6,3,3
Speckjarrow,blackrock,288,evoker,preservation,6,3,3
Zordrach,quelthalas,288,evoker,preservation,6,3,3
Azwel,khaz-modan,288,evoker,preservation,6,3,3
Konstraz,kazzak,288,evoker,preservation,6,3,3
Flâneur,ysondre,288,evoker,preservation,6,3,3
Griefgodx,draenor,288,evoker,preservation,6,3,3
Mvoker,blackmoore,288,evoker,preservation,6,3,3
Niffdra,twisting-nether,288,evoker,preservation,6,3,3
Gigabreath,ravencrest,288,evoker,preservation,6,3,3
Shôrty,ravencrest,288,evoker,preservation,6,3,3
Pruttburk,draenor,288,evoker,preservation,6,3,3
Jackarlys,outland,288,evoker,preservation,6,3,3
Espâgnøl,hyjal,288,evoker,preservation,6,3,3
Iso,ravencrest,288,evoker,preservation,6,3,3
Знамядрак,soulflayer,288,evoker,preservation,6,3,3
Petleg,sanguino,288,evoker,preservation,6,3,3
Margouillat,ysondre,288,evoker,preservation,6,3,3
Suirz,sanguino,288,evoker,preservation,9,4,5
Buuf,sanguino,288,evoker,preservation,12,3,9
Elderruan,shattered-hand,288,evoker,preservation,12,3,9
Cadwalader,blades-edge,288,evoker,preservation,12,3,9
Phillip,tarren-mill,288,evoker,preservation,12,3,9
Bemil,twisting-nether,288,evoker,preservation,12,3,9
Vaníliasodó,ragnaros,288,evoker,preservation,12,3,9
Боевойхомякд,howling-fjord,288,evoker,preservation,12,3,9
Edgybeb,archimonde,288,evoker,preservation,12,3,9
Monftroglou,archimonde,288,evoker,preservation,12,3,9
Taktcik,archimonde,288,evoker,preservation,12,3,9
Plexd,alleria,288,evoker,preservation,12,3,9
Reelona,silvermoon,288,evoker,preservation,12,3,9
Khaliy,blackrock,288,evoker,preservation,12,3,9
Siigge,draenor,288,evoker,preservation,12,3,9
Zenda,turalyon,288,evoker,preservation,12,3,9
Viscervanthe,tarren-mill,288,evoker,preservation,12,3,9
Moltenazo,dun-modr,288,evoker,preservation,13,3,10
Delta,blackhand,287,evoker,preservation,6,3,3
Милеис,soulflayer,287,evoker,preservation,6,3,3
Vicmilo,sanguino,287,evoker,preservation,6,3,3
Elexatra,hyjal,287,evoker,preservation,12,3,9
Drackial,zuljin,286,evoker,preservation,12,3,9
Òhrabzack,blackmoore,286,evoker,preservation,24,3,21
Valystrá,die-aldor,285,evoker,preservation,24,3,21
Kelisthrasa,antonidas,284,evoker,preservation,12,3,9
Quarsilly,frostwolf,271,evoker,preservation,11,3,8
Trellie,die-aldor,255,evoker,preservation,11,3,8
Agnî,sanguino,240,evoker,preservation,9,3,6
Zelenobelata,neptulon,234,evoker,preservation,16,4,12
Cxsmetic,antonidas,233,evoker,preservation,15,4,11
Provôker,tarren-mill,223,evoker,preservation,8,3,5
Baranzion,twisting-nether,207,evoker,preservation,8,3,5
Exitelolx,blackrock,192,evoker,preservation,4,3,1
Glargy,twisting-nether,192,evoker,preservation,4,3,1
Protesturken,shadowsong,192,evoker,preservation,4,3,1
Shinad,ravencrest,192,evoker,preservation,6,2,4
Vermithors,ravencrest,192,evoker,preservation,6,2,4
Glurakk,aegwynn,192,evoker,preservation,6,2,4
Chíliena,ravencrest,192,evoker,preservation,6,2,4
Rngmåchinè,ravencrest,192,evoker,preservation,6,2,4
Puzzles,ravencrest,192,evoker,preservation,6,2,4
Voldermort,ravencrest,192,evoker,preservation,6,2,4
Darker,garrosh,192,evoker,preservation,6,2,4
Dragonzo,arathor,192,evoker,preservation,6,2,4
Garussy,draenor,192,evoker,preservation,6,2,4
Popelka,shattered-halls,192,evoker,preservation,6,2,4
Иванза,howling-fjord,192,evoker,preservation,6,2,4
Maudragosa,blackmoore,192,evoker,preservation,6,2,4
Matyas,tarren-mill,192,evoker,preservation,6,2,4
Лфграб,howling-fjord,192,evoker,preservation,6,2,4
Sloeez,kazzak,192,evoker,preservation,6,2,4
Dno,archimonde,192,evoker,preservation,6,2,4
Campus,blackrock,192,evoker,preservation,6,2,4
Ysgrin,argent-dawn,192,evoker,preservation,6,2,4
Drunkvoker,stormscale,192,evoker,preservation,6,2,4
Crazylucifer,kazzak,192,evoker,preservation,6,2,4
Frogzey,kazzak,192,evoker,preservation,6,2,4
Chronogosa,argent-dawn,192,evoker,preservation,6,2,4
Magmarôs,argent-dawn,192,evoker,preservation,6,2,4
Змийх,gordunni,192,evoker,preservation,6,2,4
Nordomu,silvermoon,192,evoker,preservation,6,2,4
Sheràqt,blackrock,192,evoker,preservation,6,2,4
Eliteena,kazzak,192,evoker,preservation,6,2,4
Glurak,stormscale,192,evoker,preservation,6,2,4
Tacthyr,blackrock,192,evoker,preservation,6,2,4
Dragonlol,stormscale,192,evoker,preservation,6,2,4
Youzfull,blackrock,192,evoker,preservation,6,2,4
Zendervish,draenor,192,evoker,preservation,6,2,4
Vaporesso,dun-modr,192,evoker,preservation,6,2,4
Asunarion,silvermoon,192,evoker,preservation,6,2,4
Rex,stormreaver,192,evoker,preservation,6,2,4
Soondeleted,eredar,192,evoker,preservation,6,2,4
Braitnezdrag,blackrock,192,evoker,preservation,6,2,4
Arbîter,eredar,192,evoker,preservation,6,2,4
Mistime,twisting-nether,192,evoker,preservation,6,2,4
Azurog,blackmoore,192,evoker,preservation,6,2,4
Chalgoumax,ysondre,192,evoker,preservation,6,2,4
Sénkú,silvermoon,192,evoker,preservation,6,2,4
Ræyna,blackmoore,192,evoker,preservation,6,2,4
Язычник,thermaplugg,192,evoker,preservation,6,2,4
Timotheus,draenor,192,evoker,preservation,6,2,4
Xzarak,kazzak,192,evoker,preservation,6,2,4
Cousinbetty,defias-brotherhood,192,evoker,preservation,6,2,4
Notdasilva,twisting-nether,192,evoker,preservation,6,2,4
Johnpowell,defias-brotherhood,192,evoker,preservation,6,2,4
Freesckretx,archimonde,192,evoker,preservation,6,2,4
Überflieger,blackmoore,192,evoker,preservation,6,2,4
Rhäegal,kaelthas,192,evoker,preservation,12,2,10
Atotheerawr,kazzak,192,evoker,preservation,12,2,10
Mylittlepony,conseil-des-ombres,192,evoker,preservation,12,2,10
Dazzus,twilights-hammer,192,evoker,preservation,12,2,10
Flametender,silvermoon,192,evoker,preservation,12,2,10
Margouillax,archimonde,192,evoker,preservation,12,2,10
Lììn,hyjal,192,evoker,preservation,12,2,10
Dráthír,blackrock,192,evoker,preservation,12,2,10
Raeinar,tyrande,192,evoker,preservation,12,2,10
Teyvoker,blackmoore,192,evoker,preservation,12,2,10
Wuschwuscha,thrall,192,evoker,preservation,12,2,10
Pico,madmortem,192,evoker,preservation,12,2,10
Djage,kazzak,192,evoker,preservation,14,2,12
Dracipsouk,drakthul,192,evoker,preservation,18,2,16
Macdrac,area-52,192,evoker,preservation,18,2,16
Copíum,silvermoon,192,evoker,preservation,18,2,16
Mjoke,the-maelstrom,192,evoker,preservation,18,2,16
Yuyux,sanguino,191,evoker,preservation,6,2,4
Ясосалочка,howling-fjord,191,evoker,preservation,6,2,4
Morpheuzx,tarren-mill,191,evoker,preservation,6,2,4
Sinnkra,argent-dawn,191,evoker,preservation,6,2,4
Azza,uldum,191,evoker,preservation,12,2,10
Flameclaw,argent-dawn,191,evoker,preservation,12,2,10
Viorias,argent-dawn,191,evoker,preservation,27,2,25
Тримони,soulflayer,175,evoker,preservation,11,4,7
Eldrax,emerald-dream,159,evoker,preservation,5,2,3
Kynirà,magtheridon,159,evoker,preservation,5,2,3
Taynia,stormscale,144,evoker,preservation,9,2,7
Stinka,blackmoore,138,evoker,preservation,9,5,4
Primepewpew,ragnaros,138,evoker,preservation,15,3,12
Tizuki,twisting-nether,138,evoker,preservation,16,3,13
Zzaazaa,argent-dawn,137,evoker,preservation,10,3,7
Zuhana,twisting-nether,127,evoker,preservation,4,2,2
Marcelproust,burning-legion,127,evoker,preservation,4,2,2
Ajjemen,outland,96,evoker,preservation,6,1,5
Hizzo,burning-legion,96,evoker,preservation,6,1,5
Rickastley,ragnaros,96,evoker,preservation,6,1,5
Charovoker,blackmoore,96,evoker,preservation,6,1,5
Bisxcuit,dun-modr,96,evoker,preservation,6,1,5
Awienz,kazzak,96,evoker,preservation,6,1,5
Pipe,sanguino,96,evoker,preservation,6,1,5
Freyrn,drakthul,96,evoker,preservation,6,1,5
Ibexphénix,conseil-des-ombres,96,evoker,preservation,6,1,5
Mulqahdiiv,archimonde,96,evoker,preservation,6,1,5
Chocodragon,blackmoore,96,evoker,preservation,6,1,5
Foldoudoune,archimonde,96,evoker,preservation,6,1,5
Dragonpro,kazzak,96,evoker,preservation,6,1,5
Louzard,draenor,96,evoker,preservation,6,1,5
Lumberdrake,stormscale,96,evoker,preservation,6,1,5
Drachenlord,alakir,96,evoker,preservation,6,1,5
Ch,ghostlands,96,evoker,preservation,6,1,5
Kedel,tarren-mill,96,evoker,preservation,6,1,5
Jouke,dentarg,96,evoker,preservation,6,1,5
Kroqmoo,drekthar,96,evoker,preservation,6,1,5
Yaboismok,burning-legion,96,evoker,preservation,6,1,5
Varyse,stormscale,96,evoker,preservation,6,1,5
Brystrasza,quelthalas,96,evoker,preservation,6,1,5
Slaskenyah,tarren-mill,96,evoker,preservation,6,1,5
Woasid,outland,96,evoker,preservation,6,1,5
Pavelito,ysondre,96,evoker,preservation,6,1,5
Gwindora,azjolnerub,96,evoker,preservation,6,1,5
Kaezmasterx,blackrock,96,evoker,preservation,6,1,5
Drgn,blackhand,96,evoker,preservation,6,1,5
Llwyin,ragnaros,96,evoker,preservation,6,1,5
Drakenballen,ragnaros,96,evoker,preservation,6,1,5
Oogabuga,outland,96,evoker,preservation,6,1,5
Breathpitt,blackrock,96,evoker,preservation,6,1,5
Tályn,twisting-nether,96,evoker,preservation,6,1,5
Larrykoopa,hyjal,96,evoker,preservation,6,1,5
Xqa,hyjal,96,evoker,preservation,6,1,5
Хафр,deathguard,96,evoker,preservation,6,1,5
Huangzhang,burning-legion,96,evoker,preservation,6,1,5
Смехокрыл,deathguard,96,evoker,preservation,6,1,5
Dewi,anachronos,96,evoker,preservation,6,1,5
Азивокер,howling-fjord,96,evoker,preservation,6,1,5
Tarecgos,sanguino,96,evoker,preservation,6,1,5
Ceerdrogo,twisting-nether,96,evoker,preservation,9,1,8
Vänesiä,sylvanas,96,evoker,preservation,12,1,11
Baddragonxxl,sylvanas,96,evoker,preservation,12,1,11
Vullgred,sylvanas,96,evoker,preservation,12,1,11
Tatsuki,arthas,96,evoker,preservation,12,1,11
Duveloker,dragonblight,96,evoker,preservation,12,1,11
Mefedrone,argent-dawn,96,evoker,preservation,12,1,11
Sopollina,draenor,96,evoker,preservation,12,1,11
Heidrun,ravenholdt,95,evoker,preservation,6,1,5
Fluffykoi,silvermoon,95,evoker,preservation,12,1,11
Wirenth,chogall,95,evoker,preservation,12,1,11
Aarón,der-mithrilorden,79,evoker,preservation,5,1,4
Imend,stormscale,79,evoker,preservation,5,1,4
Draginy,blackrock,63,evoker,preservation,2,2,0
Dopëshow,drakthul,48,evoker,preservation,3,1,2
Faijer,blackmoore,42,evoker,preservation,10,3,7
Nickydragonx,stormscale,42,evoker,preservation,10,3,7
Flyvern,kazzak,42,evoker,preservation,8,2,6
Кеннокс,soulflayer,2272,evoker,devastation,120,67,53
Hehehihihaha,ravencrest,2161,evoker,devastation,120,61,59
Sârmikas,blackhand,2152,evoker,devastation,214,116,98
Animenorgam,alakir,2126,evoker,devastation,254,151,103
Пивнаябошка,soulflayer,2099,evoker,devastation,96,49,47
Drakenyasha,tarren-mill,2060,evoker,devastation,261,130,131
Babodrake,blackhand,2055,evoker,devastation,109,53,56
Дракшотик,soulflayer,2031,evoker,devastation,54,30,24
Darkssoul,outland,2018,evoker,devastation,138,76,62
Twodeep,blackrock,2016,evoker,devastation,147,77,70
Rexzstrasza,eredar,1998,evoker,devastation,125,67,58
Heõ,twisting-nether,1998,evoker,devastation,321,156,165
Kamehaméha,outland,1975,evoker,devastation,105,59,46
Uglylizard,stormscale,1968,evoker,devastation,66,42,24
Judda,stormscale,1963,evoker,devastation,137,68,69
Meust,blackrock,1960,evoker,devastation,48,33,15
Claxy,ragnaros,1952,evoker,devastation,72,38,34
Balthinar,argent-dawn,1951,evoker,devastation,108,54,54
Diznutz,kazzak,1945,evoker,devastation,108,54,54
Lesgrossman,ravencrest,1937,evoker,devastation,78,40,38
Wexvoker,darksorrow,1936,evoker,devastation,109,59,50
Brokz,twisting-nether,1931,evoker,devastation,125,65,60
Ryujíin,kazzak,1929,evoker,devastation,101,61,40
Myxker,burning-legion,1922,evoker,devastation,77,36,41
Kàido,ravencrest,1919,evoker,devastation,514,255,259
Dracohfeu,archimonde,1913,evoker,devastation,82,44,38
Evodraxx,hyjal,1911,evoker,devastation,72,32,40
Edvoker,twisting-nether,1905,evoker,devastation,156,81,75
Нерфсрочно,gordunni,1897,evoker,devastation,240,117,123
Ízma,ravencrest,1894,evoker,devastation,192,99,93
Salk,stormscale,1891,evoker,devastation,36,20,16
Драгонтьма,gordunni,1877,evoker,devastation,131,68,63
Ipanicsoar,tarren-mill,1869,evoker,devastation,128,64,64
Sintharion,ravencrest,1868,evoker,devastation,157,85,72
Lidldragon,argent-dawn,1862,evoker,devastation,38,28,10
Nigesaurus,burning-legion,1862,evoker,devastation,39,21,18
Enzetrius,argent-dawn,1861,evoker,devastation,36,22,14
Atoll,scarshield-legion,1858,evoker,devastation,55,29,26
Lizardbøi,blackhand,1855,evoker,devastation,72,37,35
Silvior,outland,1854,evoker,devastation,60,29,31
Hëroinhenry,tarren-mill,1853,evoker,devastation,66,44,22
Zmej,twisting-nether,1851,evoker,devastation,89,40,49
Xzvoker,kazzak,1848,evoker,devastation,134,67,67
Ryuu,mazrigos,1848,evoker,devastation,65,30,35
Sloeez,kazzak,1844,evoker,devastation,54,27,27
Calygosa,antonidas,1843,evoker,devastation,36,23,13
Advancedboy,archimonde,1839,evoker,devastation,69,32,37
Jeannedebruj,ravencrest,1837,evoker,devastation,183,94,89
Sagrax,silvermoon,1835,evoker,devastation,68,40,28
Mizamiza,blackrock,1832,evoker,devastation,142,75,67
Аксиомх,soulflayer,1831,evoker,devastation,76,39,37
Korvi,ravencrest,1830,evoker,devastation,44,25,19
Oontäälihis,ravencrest,1830,evoker,devastation,187,97,90
Keñwøød,ysondre,1829,evoker,devastation,56,27,29
Frozendragon,twisting-nether,1828,evoker,devastation,95,53,42
Zendaÿa,silvermoon,1822,evoker,devastation,72,37,35
Irvethius,argent-dawn,1822,evoker,devastation,203,103,100
Tremmérz,outland,1821,evoker,devastation,66,34,32
Bigmacfrite,ysondre,1821,evoker,devastation,88,45,43
Juhadormu,stormreaver,1820,evoker,devastation,137,69,68
Jamzyevoker,emerald-dream,1819,evoker,devastation,73,38,35
Soondeleted,eredar,1817,evoker,devastation,42,23,19
Jamiewing,ravencrest,1816,evoker,devastation,189,101,88
Ryuujin,outland,1815,evoker,devastation,66,30,36
Avë,kazzak,1814,evoker,devastation,89,46,43
Amadeusx,ravencrest,1810,evoker,devastation,55,30,25
Дреадди,soulflayer,1807,evoker,devastation,102,52,50
Sleyvoker,draenor,1806,evoker,devastation,42,26,16
Дарратель,gordunni,1806,evoker,devastation,195,106,89
Apacstrasza,ragnaros,1806,evoker,devastation,164,82,82
Ønce,durotan,1805,evoker,devastation,99,48,51
Wuiflyta,dun-modr,1805,evoker,devastation,65,29,36
Дракшотик,blackscar,1803,evoker,devastation,36,25,11
Zephlas,sunstrider,1803,evoker,devastation,49,27,22
Dracoli,eredar,1800,evoker,devastation,125,71,54
Elbozo,kazzak,1799,evoker,devastation,110,59,51
Azorgaron,outland,1796,evoker,devastation,42,24,18
Shaze,zuljin,1788,evoker,devastation,59,39,20
Rahzk,twisting-nether,1788,evoker,devastation,48,28,20
Lurkî,blackhand,1788,evoker,devastation,90,44,46
Dracofeuxd,archimonde,1787,evoker,devastation,57,29,28
Obbwoke,ravencrest,1783,evoker,devastation,102,54,48
Eldunaries,argent-dawn,1779,evoker,devastation,182,92,90
Evøkergøðx,outland,1778,evoker,devastation,171,88,83
Nerfmeplze,outland,1777,evoker,devastation,128,60,68
Nazyr,blackhand,1765,evoker,devastation,60,32,28
Infopaki,stormscale,1753,evoker,devastation,82,46,36
Melodio,outland,1751,evoker,devastation,72,44,28
Инсейнмэн,soulflayer,1748,evoker,devastation,205,112,93
Верестраз,howling-fjord,1746,evoker,devastation,72,34,38
Ralfferion,auchindoun,1745,evoker,devastation,48,25,23
Спайрок,gordunni,1742,evoker,devastation,188,98,90
Ceerdrogo,twisting-nether,1736,evoker,devastation,77,41,36
Hollowbreath,sanguino,1731,evoker,devastation,245,121,124
Devictxd,ragnaros,1730,evoker,devastation,59,34,25
Ларенил,gordunni,1729,evoker,devastation,72,32,40
Whaazzdragon,tarren-mill,1724,evoker,devastation,30,18,12
Valdrakon,doomhammer,1717,evoker,devastation,103,54,49
Kymaíra,hyjal,1716,evoker,devastation,48,22,26
Kôlaghan,archimonde,1711,evoker,devastation,59,32,27
Famouszorc,sanguino,1704,evoker,devastation,168,96,72
Скорукх,gordunni,1703,evoker,devastation,141,79,62
Ðø,antonidas,1703,evoker,devastation,47,23,24
Rokki,blackrock,1702,evoker,devastation,88,48,40
Shimmerscale,blackhand,1700,evoker,devastation,143,82,61
Homeoffice,zenedar,1699,evoker,devastation,90,47,43
Emmagosa,argent-dawn,1696,evoker,devastation,150,85,65
Krazuntus,argent-dawn,1695,evoker,devastation,57,29,28
Saintly,kult-der-verdammten,1694,evoker,devastation,92,49,43
Гневиан,eversong,1694,evoker,devastation,186,96,90
Duvahkahr,ragnaros,1693,evoker,devastation,69,33,36
Cybraxq,kazzak,1692,evoker,devastation,30,18,12
Merkels,blackmoore,1692,evoker,devastation,559,281,278
Sawk,archimonde,1690,evoker,devastation,108,63,45
Bubbleblower,stormscale,1688,evoker,devastation,46,30,16
Archdragon,argent-dawn,1687,evoker,devastation,151,82,69
Углекислот,howling-fjord,1683,evoker,devastation,90,44,46
Merqury,ravencrest,1677,evoker,devastation,36,23,13
Dispelgodx,eredar,1673,evoker,devastation,60,30,30
Rzektwo,eredar,1672,evoker,devastation,72,35,37
Amnevoker,dalaran,1671,evoker,devastation,30,18,12
Cinnannoe,tarren-mill,1670,evoker,devastation,151,85,66
Mørningstãr,ragnaros,1668,evoker,devastation,78,40,38
Dragonide,draenor,1667,evoker,devastation,41,23,18
Хетсв,gordunni,1663,evoker,devastation,102,57,45
Polbiwe,silvermoon,1660,evoker,devastation,74,36,38
Tetsú,tarren-mill,1659,evoker,devastation,128,71,57
Фиамниэль,gordunni,1655,evoker,devastation,48,22,26
Drákon,dalaran,1647,evoker,devastation,165,87,78
Hanoostrasz,tarren-mill,1646,evoker,devastation,129,70,59
Iíiìl,silvermoon,1643,evoker,devastation,60,40,20
Serulyon,draenor,1643,evoker,devastation,102,53,49
Sürion,grim-batol,1642,evoker,devastation,72,39,33
Ruinastrasza,silvermoon,1641,evoker,devastation,235,118,117
Ясъелинеры,gordunni,1640,evoker,devastation,54,31,23
Tezkaz,blackmoore,1639,evoker,devastation,283,145,138
Zaralek,stormscale,1638,evoker,devastation,36,25,11
Draxxys,blackmoore,1637,evoker,devastation,66,33,33
Telepathy,ravencrest,1636,evoker,devastation,58,35,23
Hyperan,twisting-nether,1635,evoker,devastation,82,40,42
Mekverath,stormscale,1634,evoker,devastation,60,30,30
Aegón,uldum,1633,evoker,devastation,90,41,49
Niddhøgg,ragnaros,1632,evoker,devastation,36,21,15
Stefanosxios,bloodfeather,1632,evoker,devastation,137,75,62
Papayoyo,draenor,1630,evoker,devastation,156,75,81
Crueh,outland,1628,evoker,devastation,36,17,19
Drôgon,archimonde,1627,evoker,devastation,71,36,35
Meust,destromath,1627,evoker,devastation,42,20,22
Deathdream,stormscale,1627,evoker,devastation,36,17,19
Voklath,kazzak,1626,evoker,devastation,133,65,68
Eskavoker,kazzak,1623,evoker,devastation,36,22,14
Skùzito,ysondre,1622,evoker,devastation,42,20,22
Thorhygos,sinstralis,1620,evoker,devastation,65,35,30
Kiwí,antonidas,1619,evoker,devastation,30,17,13
Грринч,deathweaver,1619,evoker,devastation,94,49,45
Paarthursnax,tarren-mill,1617,evoker,devastation,47,29,18
Hyperflexx,blackrock,1617,evoker,devastation,36,21,15
Балерия,blackscar,1615,evoker,devastation,36,23,13
Mazaw,burning-legion,1613,evoker,devastation,72,41,31
Batsquatch,argent-dawn,1612,evoker,devastation,36,23,13
Zapaflap,silvermoon,1612,evoker,devastation,119,65,54
Aclysia,outland,1612,evoker,devastation,66,35,31
Bakspek,kilrogg,1610,evoker,devastation,36,24,12
Zkrdrgn,kazzak,1610,evoker,devastation,98,53,45
Mommystrasza,dentarg,1610,evoker,devastation,110,59,51
Ysterja,darkspear,1608,evoker,devastation,42,31,11
Lilpooper,bloodhoof,1607,evoker,devastation,79,45,34
Hömeöffice,sylvanas,1607,evoker,devastation,80,43,37
Denegos,sylvanas,1606,evoker,devastation,66,40,26
Drakshoff,khaz-modan,1606,evoker,devastation,265,142,123
Ludwoker,tarren-mill,1605,evoker,devastation,73,47,26
Lizarduck,tarren-mill,1605,evoker,devastation,52,26,26
Voldermort,ravencrest,1603,evoker,devastation,89,52,37
Дракарион,ashenvale,1602,evoker,devastation,60,36,24
Delorraine,burning-legion,1602,evoker,devastation,30,17,13
Woasid,outland,1601,evoker,devastation,96,56,40
Glennett,silvermoon,1600,evoker,devastation,64,36,28
Мнякуня,howling-fjord,1600,evoker,devastation,46,24,22
Drakeflaps,lightnings-blade,1599,evoker,devastation,30,18,12
Soleric,drakthul,1599,evoker,devastation,127,60,67
Sadlylate,dentarg,1596,evoker,devastation,108,52,56
Flâneur,ysondre,1596,evoker,devastation,65,29,36
Piyuli,silvermoon,1595,evoker,devastation,61,33,28
Øseria,khaz-modan,1594,evoker,devastation,188,107,81
Dragonandyy,blackrock,1591,evoker,devastation,148,79,69
Krothus,outland,1590,evoker,devastation,124,67,57
Notadvanced,draenor,1589,evoker,devastation,36,19,17
Xendragon,kazzak,1585,evoker,devastation,80,41,39
Lagerstrasza,stormreaver,1582,evoker,devastation,48,25,23
Bindrasz,ahnqiraj,1579,evoker,devastation,42,19,23
Varagon,rexxar,1578,evoker,devastation,83,44,39
Dèéz,ravencrest,1574,evoker,devastation,51,34,17
Shumma,frostmane,1572,evoker,devastation,93,42,51
Släshés,ravencrest,1566,evoker,devastation,93,41,52
Lumberdrake,stormscale,1564,evoker,devastation,52,29,23
Enzospatalo,nemesis,1563,evoker,devastation,56,34,22
Ocanada,draenor,1563,evoker,devastation,84,45,39
Саммеракс,gordunni,1562,evoker,devastation,78,32,46
Кунидракон,gordunni,1561,evoker,devastation,122,62,60
Touchmywings,ravencrest,1560,evoker,devastation,24,17,7
Nagoli,silvermoon,1559,evoker,devastation,97,53,44
Spýröo,kazzak,1554,evoker,devastation,162,95,67
Kaskala,dun-morogh,1552,evoker,devastation,30,18,12
Yuhabahha,kazzak,1550,evoker,devastation,178,89,89
Draguzee,draenor,1546,evoker,devastation,66,37,29
Ch,ghostlands,1546,evoker,devastation,47,22,25
Gämeovêrkïd,archimonde,1544,evoker,devastation,83,47,36
Drazam,blackrock,1543,evoker,devastation,111,61,50
Âspên,archimonde,1542,evoker,devastation,26,17,9
Fogwing,ravencrest,1541,evoker,devastation,89,49,40
Kayly,twisting-nether,1540,evoker,devastation,42,29,13
Леерустан,howling-fjord,1537,evoker,devastation,50,26,24
Tiganj,silvermoon,1536,evoker,devastation,48,31,17
Øxyom,archimonde,1534,evoker,devastation,57,32,25
Gasparievok,sylvanas,1533,evoker,devastation,171,88,83
Syraxxes,sanguino,1532,evoker,devastation,39,19,20
Ironwing,sanguino,1531,evoker,devastation,543,278,265
Аймбадикабтв,howling-fjord,1530,evoker,devastation,78,35,43
Gle,ragnaros,1530,evoker,devastation,90,40,50
Tõyz,tarren-mill,1527,evoker,devastation,36,22,14
Evokimag,grim-batol,1527,evoker,devastation,36,17,19
Swapxyevo,ravencrest,1525,evoker,devastation,30,16,14
Филлид,gordunni,1525,evoker,devastation,43,19,24
Pêengei,blackrock,1524,evoker,devastation,84,42,42
Badrig,silvermoon,1523,evoker,devastation,210,112,98
Ольменго,fordragon,1523,evoker,devastation,44,18,26
Fyndassil,blackrock,1522,evoker,devastation,114,44,70
Cûddles,hyjal,1521,evoker,devastation,138,70,68
Storhorn,silvermoon,1520,evoker,devastation,42,18,24
Фаламэйн,soulflayer,1516,evoker,devastation,42,23,19
Skywitch,ragnaros,1516,evoker,devastation,84,40,44
Choubalo,archimonde,1515,evoker,devastation,36,21,15
Yol,bladefist,1514,evoker,devastation,144,71,73
Savaithnir,draenor,1513,evoker,devastation,30,16,14
Bodytypechad,ravencrest,1507,evoker,devastation,66,36,30
Lazurius,ravencrest,1507,evoker,devastation,54,26,28
Голденджо,gordunni,1506,evoker,devastation,94,51,43
Draghad,blackmoore,1506,evoker,devastation,75,37,38
Phanex,bloodhoof,1506,evoker,devastation,66,28,38
Draqthyr,frostmane,1505,evoker,devastation,47,28,19
Aesstrass,hyjal,1503,evoker,devastation,98,48,50
Màlakir,chogall,1499,evoker,devastation,119,57,62
Kuhi,twisting-nether,1498,evoker,devastation,96,51,45
Devoxz,tarren-mill,1497,evoker,devastation,78,40,38
Gypsydrake,tarren-mill,1496,evoker,devastation,55,31,24
Dikkondrus,twisting-nether,1495,evoker,devastation,127,65,62
Drãco,auchindoun,1495,evoker,devastation,78,29,49
Magmarôs,argent-dawn,1491,evoker,devastation,128,73,55
Kaynyxia,argent-dawn,1487,evoker,devastation,45,25,20
Deadlyvok,zenedar,1486,evoker,devastation,24,16,8
Лабриса,galakrond,1486,evoker,devastation,290,144,146
Gaargaveko,blackmoore,1484,evoker,devastation,42,20,22
Abehethan,archimonde,1482,evoker,devastation,36,19,17
Dreek,emerald-dream,1480,evoker,devastation,36,25,11
Dracyan,taerar,1479,evoker,devastation,42,24,18
Hellvarg,twisting-nether,1478,evoker,devastation,60,34,26
Beeragos,deathwing,1478,evoker,devastation,48,23,25
Phyx,talnivarr,1478,evoker,devastation,36,17,19
Childofdawn,blackmoore,1476,evoker,devastation,90,54,36
Emayra,argent-dawn,1475,evoker,devastation,29,19,10
Draakoñ,outland,1473,evoker,devastation,42,18,24
Dragorus,stormscale,1472,evoker,devastation,81,41,40
Burnrate,draenor,1472,evoker,devastation,80,36,44
Юнигоса,soulflayer,1471,evoker,devastation,120,64,56
Tályn,twisting-nether,1470,evoker,devastation,66,37,29
Kuve,stormscale,1470,evoker,devastation,95,49,46
Kroqmoo,drekthar,1470,evoker,devastation,213,108,105
Motloh,ravencrest,1468,evoker,devastation,42,20,22
Drunkino,aegwynn,1467,evoker,devastation,90,48,42
Shenronblue,bloodscalp,1465,evoker,devastation,30,16,14
Temeraire,argent-dawn,1463,evoker,devastation,42,22,20
Nuvese,tarren-mill,1459,evoker,devastation,48,19,29
Haltorr,ravencrest,1457,evoker,devastation,72,30,42
Baroqs,antonidas,1456,evoker,devastation,24,18,6
Простокоршун,howling-fjord,1456,evoker,devastation,30,20,10
Норимида,soulflayer,1455,evoker,devastation,109,61,48
Draconz,stormrage,1455,evoker,devastation,48,26,22
Mölnlycke,twisting-nether,1455,evoker,devastation,60,32,28
Potéto,rashgarroth,1455,evoker,devastation,129,64,65
Boostedape,ahnqiraj,1454,evoker,devastation,72,39,33
Ninhursag,hyjal,1452,evoker,devastation,36,22,14
Kaìdo,tarren-mill,1451,evoker,devastation,72,36,36
Ghiscar,dentarg,1451,evoker,devastation,102,50,52
Уфдрактир,howling-fjord,1451,evoker,devastation,66,32,34
Дыханиеочка,howling-fjord,1450,evoker,devastation,60,29,31
Dratheon,dun-modr,1447,evoker,devastation,45,26,19
Xtdrakaris,uldum,1443,evoker,devastation,678,339,339
Madeinhæven,ravencrest,1439,evoker,devastation,58,26,32
Dractaris,khaz-modan,1439,evoker,devastation,72,29,43
Grillkylling,outland,1437,evoker,devastation,75,40,35
Caliss,archimonde,1435,evoker,devastation,83,44,39
Паунфаунд,eversong,1435,evoker,devastation,96,45,51
Tayrona,sanguino,1434,evoker,devastation,38,21,17
Feyrbrand,ysera,1434,evoker,devastation,92,48,44
Йормунгандка,soulflayer,1434,evoker,devastation,49,25,24
Mushü,kazzak,1433,evoker,devastation,53,26,27
Drakea,sanguino,1432,evoker,devastation,98,49,49
Волккейн,soulflayer,1431,evoker,devastation,48,22,26
Дракарус,soulflayer,1429,evoker,devastation,30,15,15
Raagnar,kazzak,1428,evoker,devastation,90,50,40
Drâker,twisting-nether,1427,evoker,devastation,24,15,9
Firebutt,argent-dawn,1425,evoker,devastation,84,52,32
Malfoyer,arathor,1424,evoker,devastation,84,44,40
Flügelnix,blackmoore,1422,evoker,devastation,65,32,33
Smegma,norgannon,1421,evoker,devastation,48,25,23
Elitedraach,tarren-mill,1421,evoker,devastation,29,15,14
Tilwahlzok,pozzo-delleternità,1420,evoker,devastation,30,16,14
Dragonlia,blackrock,1418,evoker,devastation,24,15,9
Tibimbo,blackrock,1418,evoker,devastation,98,51,47
Arbylegion,outland,1418,evoker,devastation,124,64,60
Freaksy,blackmoore,1417,evoker,devastation,27,16,11
Tigurius,onyxia,1417,evoker,devastation,71,39,32
Chuckyy,archimonde,1416,evoker,devastation,66,34,32
Yála,anetheron,1416,evoker,devastation,232,116,116
Eldraegosa,argent-dawn,1415,evoker,devastation,36,16,20
Scalo,kazzak,1412,evoker,devastation,55,33,22
Solandor,kazzak,1411,evoker,devastation,24,15,9
Rowzy,sylvanas,1410,evoker,devastation,154,78,76
Ssjblack,archimonde,1409,evoker,devastation,47,24,23
Xéíoín,kazzak,1407,evoker,devastation,120,64,56
Pippomale,nemesis,1407,evoker,devastation,54,27,27
Shroomzthyr,blackmoore,1406,evoker,devastation,42,17,25
Dracsona,twisting-nether,1405,evoker,devastation,42,20,22
Evokíng,argent-dawn,1403,evoker,devastation,239,124,115
Thavion,forscherliga,1402,evoker,devastation,42,20,22
Dowaa,tarren-mill,1401,evoker,devastation,54,20,34
Hornytail,doomhammer,1400,evoker,devastation,64,32,32
Dreamfyrez,dun-modr,1399,evoker,devastation,63,31,32
Vagar,garona,1394,evoker,devastation,66,33,33
Bloodspiral,tarren-mill,1387,evoker,devastation,42,21,21
Yoshinora,archimonde,1386,evoker,devastation,42,21,21
Ouaitamaman,draenor,1386,evoker,devastation,30,15,15
Лечулечу,blackscar,1384,evoker,devastation,152,68,84
Honz,antonidas,1380,evoker,devastation,49,23,26
Keeqo,silvermoon,1378,evoker,devastation,54,33,21
Aeryz,burning-legion,1377,evoker,devastation,60,19,41
Nathraakhza,argent-dawn,1376,evoker,devastation,54,29,25
Ken,la-croisade-écarlate,1376,evoker,devastation,298,148,150
Lizzar,ravencrest,1374,evoker,devastation,54,26,28
Nurilla,twisting-nether,1370,evoker,devastation,54,27,27
Ксдз,soulflayer,1369,evoker,devastation,72,35,37
Shenrøn,defias-brotherhood,1368,evoker,devastation,61,20,41
Avizz,tarren-mill,1365,evoker,devastation,45,23,22
Dramec,dun-morogh,1364,evoker,devastation,46,29,17
Drackial,zuljin,1361,evoker,devastation,78,33,45
Dimethyr,silvermoon,1359,evoker,devastation,67,32,35
Sakade,archimonde,1359,evoker,devastation,66,22,44
Dragondeezs,silvermoon,1356,evoker,devastation,61,31,30
Драгтир,blackscar,1355,evoker,devastation,76,45,31
Yaldthion,dun-modr,1353,evoker,devastation,66,32,34
Marvok,bloodfeather,1351,evoker,devastation,127,55,72
Димадракон,gordunni,1350,evoker,devastation,94,56,38
Saragoza,kirin-tor,1350,evoker,devastation,30,15,15
Cuufizix,silvermoon,1349,evoker,devastation,76,40,36
Ferante,ragnaros,1346,evoker,devastation,131,60,71
Wjörm,outland,1345,evoker,devastation,30,24,6
Thyriån,kazzak,1344,evoker,devastation,42,19,23
Oudwood,onyxia,1343,evoker,devastation,42,16,26
Zsyntra,blackmoore,1342,evoker,devastation,73,29,44
Juicyjeffe,blackrock,1341,evoker,devastation,18,14,4
Dractyr,korgall,1341,evoker,devastation,30,14,16
Agnî,sanguino,1340,evoker,devastation,110,49,61
Galanix,argent-dawn,1338,evoker,devastation,24,14,10
Thebigsmoke,lightbringer,1337,evoker,devastation,124,67,57
Parisinka,silvermoon,1337,evoker,devastation,460,232,228
Yaboismok,burning-legion,1336,evoker,devastation,53,23,30
Ljudigusteri,kazzak,1335,evoker,devastation,24,15,9
Алексатэтсуя,ashenvale,1333,evoker,devastation,59,32,27
Dragonaked,silvermoon,1332,evoker,devastation,114,58,56
Sharaxis,blackmoore,1331,evoker,devastation,66,37,29
Chronoalis,nemesis,1326,evoker,devastation,44,30,14
Karnâks,silvermoon,1326,evoker,devastation,30,16,14
Hazzèr,blackrock,1326,evoker,devastation,264,132,132
Lecutos,sunstrider,1325,evoker,devastation,24,14,10
Калесгоз,howling-fjord,1325,evoker,devastation,36,14,22
Shoggoth,chogall,1320,evoker,devastation,507,251,256
Batmanjasii,eredar,1318,evoker,devastation,35,19,16
Darthagos,outland,1317,evoker,devastation,24,14,10
Geckonen,stormreaver,1316,evoker,devastation,88,48,40
Zenda,turalyon,1316,evoker,devastation,114,57,57
Yantaî,hyjal,1315,evoker,devastation,48,30,18
Tenshà,nemesis,1314,evoker,devastation,71,35,36
Steeken,haomarush,1313,evoker,devastation,159,76,83
Dakir,blackmoore,1312,evoker,devastation,38,26,12
Seryphys,blackhand,1312,evoker,devastation,54,27,27
Camilis,archimonde,1312,evoker,devastation,103,51,52
Favill,blackhand,1312,evoker,devastation,69,30,39
Füjür,dun-modr,1309,evoker,devastation,42,20,22
Kárás,silvermoon,1308,evoker,devastation,24,14,10
Kelebron,bloodscalp,1307,evoker,devastation,30,14,16
Nochance,dentarg,1305,evoker,devastation,102,51,51
Shyke,draenor,1304,evoker,devastation,54,30,24
Nazalath,eonar,1304,evoker,devastation,112,53,59
Magalàs,pozzo-delleternità,1303,evoker,devastation,24,14,10
Malithyr,blackmoore,1301,evoker,devastation,24,17,7
Tokzestra,hyjal,1301,evoker,devastation,141,70,71
Tendoker,ragnaros,1300,evoker,devastation,28,18,10
Skabaluga,blackrock,1300,evoker,devastation,60,30,30
Darktempest,onyxia,1300,evoker,devastation,66,32,34
Wircea,kazzak,1299,evoker,devastation,30,19,11
Iordred,kazzak,1294,evoker,devastation,48,27,21
Echoker,stormscale,1289,evoker,devastation,43,23,20
Abragan,aegwynn,1287,evoker,devastation,39,21,18
Héaven,nemesis,1286,evoker,devastation,77,36,41
Алыйкиви,howling-fjord,1284,evoker,devastation,76,44,32
Гекаш,soulflayer,1283,evoker,devastation,65,27,38
Ayders,khaz-modan,1280,evoker,devastation,174,85,89
Airbourne,sanguino,1280,evoker,devastation,38,18,20
Draxone,malfurion,1278,evoker,devastation,97,54,43
Драганайт,gordunni,1274,evoker,devastation,94,58,36
Shmog,stormscale,1272,evoker,devastation,41,15,26
Wôpz,archimonde,1271,evoker,devastation,60,32,28
Натссу,borean-tundra,1267,evoker,devastation,44,24,20
Loveheart,die-aldor,1266,evoker,devastation,105,49,56
Tazouu,marécage-de-zangar,1264,evoker,devastation,48,31,17
Ppiaxx,dalaran,1263,evoker,devastation,30,15,15
Itisabuse,antonidas,1262,evoker,devastation,36,18,18
Llael,blackhand,1259,evoker,devastation,92,39,53
Коляомон,gordunni,1256,evoker,devastation,71,38,33
Kirinde,draenor,1256,evoker,devastation,54,27,27
Akaitzu,blackmoore,1249,evoker,devastation,30,16,14
Ryuniss,argent-dawn,1249,evoker,devastation,36,18,18
Orazur,hyjal,1247,evoker,devastation,18,13,5
Jaimery,ravencrest,1247,evoker,devastation,18,13,5
Рептилойдина,howling-fjord,1247,evoker,devastation,136,69,67
Snoby,onyxia,1247,evoker,devastation,170,74,96
Jibobo,the-maelstrom,1247,evoker,devastation,30,13,17
Evojøa,tarren-mill,1246,evoker,devastation,24,13,11
Серцедраконн,gordunni,1246,evoker,devastation,83,37,46
Wingit,frostmane,1245,evoker,devastation,70,40,30
Hodnsak,blackmoore,1244,evoker,devastation,24,13,11
Veo,aggra-português,1244,evoker,devastation,42,20,22
Доракарис,deathweaver,1243,evoker,devastation,42,20,22
Kássadaín,the-maelstrom,1243,evoker,devastation,90,42,48
Tamargon,frostwhisper,1242,evoker,devastation,28,14,14
Nyedrak,kilrogg,1239,evoker,devastation,18,13,5
Xfckd,ragnaros,1237,evoker,devastation,71,35,36
Erenhan,archimonde,1237,evoker,devastation,36,13,23
Snitties,tarren-mill,1234,evoker,devastation,34,14,20
Шотнутый,soulflayer,1233,evoker,devastation,57,30,27
Bæxo,blackrock,1231,evoker,devastation,100,44,56
Abyssfyre,sylvanas,1229,evoker,devastation,22,14,8
Zalizopuz,tarren-mill,1229,evoker,devastation,36,13,23
Rufistraz,burning-legion,1228,evoker,devastation,91,42,49
Naömi,archimonde,1227,evoker,devastation,24,13,11
Xendrag,silvermoon,1227,evoker,devastation,96,45,51
Dopëshow,drakthul,1225,evoker,devastation,42,25,17
Кровит,soulflayer,1225,evoker,devastation,42,17,25
Душнот,fordragon,1224,evoker,devastation,77,39,38
Rafale,the-maelstrom,1222,evoker,devastation,66,32,34
Gharløk,outland,1219,evoker,devastation,86,44,42
Mesmerìze,khaz-modan,1219,evoker,devastation,54,26,28
Saratharion,argent-dawn,1216,evoker,devastation,66,28,38
Sleepnot,argent-dawn,1215,evoker,devastation,24,15,9
Hyunastraza,dalaran,1215,evoker,devastation,57,28,29
Dragoncloak,blackrock,1209,evoker,devastation,106,59,47
Leyca,outland,1208,evoker,devastation,98,42,56
Spyyrø,sanguino,1204,evoker,devastation,44,16,28
Isizzu,draenor,1203,evoker,devastation,103,52,51
Minikuja,culte-de-la-rive-noire,1201,evoker,devastation,416,216,200
Razthyr,twisting-nether,1201,evoker,devastation,70,33,37
Lugarius,gilneas,1192,evoker,devastation,53,30,23
Ryújín,blackhand,1183,evoker,devastation,29,13,16
Drakô,festung-der-stürme,1180,evoker,devastation,95,42,53
Папиич,soulflayer,1176,evoker,devastation,59,21,38
Flaminghot,stormreaver,1175,evoker,devastation,281,149,132
Fullyndra,archimonde,1174,evoker,devastation,72,30,42
Firaxis,kazzak,1173,evoker,devastation,60,32,28
Rhel,the-maelstrom,1170,evoker,devastation,36,18,18
Shenlongoat,ravencrest,1167,evoker,devastation,23,13,10
Nebulai,silvermoon,1167,evoker,devastation,37,17,20
Abcxqt,hyjal,1164,evoker,devastation,46,24,22
Deskölorio,shendralar,1163,evoker,devastation,34,20,14
Spicylizard,stormscale,1151,evoker,devastation,24,12,12
Kmzi,twisting-nether,1151,evoker,devastation,24,12,12
Deny,frostmane,1150,evoker,devastation,18,12,6
Emeraldino,twisting-nether,1150,evoker,devastation,30,12,18
Paizz,tarren-mill,1149,evoker,devastation,18,12,6
Luu,the-maelstrom,1148,evoker,devastation,24,12,12
Charocharo,silvermoon,1146,evoker,devastation,18,12,6
Zyevoker,silvermoon,1146,evoker,devastation,25,13,12
Imwhite,doomhammer,1144,evoker,devastation,48,22,26
Aintnospyro,silvermoon,1143,evoker,devastation,114,49,65
Emptynuts,ravencrest,1142,evoker,devastation,24,12,12
Matrixslave,tarren-mill,1142,evoker,devastation,30,12,18
Туймаада,soulflayer,1141,evoker,devastation,18,12,6
Dragônslayer,amanthul,1139,evoker,devastation,54,32,22
Gissthebuzzy,dun-modr,1138,evoker,devastation,24,12,12
Scathethrel,draenor,1135,evoker,devastation,24,12,12
Ignisaureus,silvermoon,1133,evoker,devastation,30,13,17
Antistrasza,argent-dawn,1125,evoker,devastation,33,15,18
Hijeon,ravencrest,1121,evoker,devastation,30,12,18
Billyhassan,stormscale,1118,evoker,devastation,17,12,5
Lektar,eredar,1118,evoker,devastation,29,13,16
Deathdula,draenor,1117,evoker,devastation,30,14,16
Rytoshi,medivh,1116,evoker,devastation,135,56,79
Dranke,silvermoon,1115,evoker,devastation,85,45,40
Lago,gorgonnash,1115,evoker,devastation,95,50,45
Dragomakry,blackmoore,1113,evoker,devastation,66,36,30
Clueless,nemesis,1112,evoker,devastation,29,12,17
Jelboen,draenor,1111,evoker,devastation,34,19,15
Azzul,teldrassil,1110,evoker,devastation,31,16,15
Theredpepper,outland,1104,evoker,devastation,30,12,18
Krithdow,terokkar,1097,evoker,devastation,29,16,13
Canitabravar,cthun,1095,evoker,devastation,78,40,38
Iolite,dun-modr,1093,evoker,devastation,119,59,60
Dàenérys,hyjal,1089,evoker,devastation,48,31,17
Morsan,tichondrius,1089,evoker,devastation,31,16,15
Mirazare,khadgar,1089,evoker,devastation,93,45,48
Dragis,die-aldor,1088,evoker,devastation,36,17,19
Dovakin,arathi,1087,evoker,devastation,26,15,11
Crygon,outland,1086,evoker,devastation,42,17,25
Evosker,zuljin,1083,evoker,devastation,77,27,50
Sethos,dalaran,1082,evoker,devastation,54,21,33
Fruhans,tarren-mill,1080,evoker,devastation,29,15,14
Rîncêwind,uldum,1079,evoker,devastation,60,36,24
Ekko,nethersturm,1079,evoker,devastation,60,31,29
Padrepì,nemesis,1078,evoker,devastation,18,13,5
Ferdibaba,aegwynn,1076,evoker,devastation,80,32,48
Syraxis,shadowsong,1074,evoker,devastation,28,12,16
Kirkgon,terokkar,1073,evoker,devastation,54,22,32
Raktoy,frostwolf,1071,evoker,devastation,70,28,42
Zhannezza,kazzak,1070,evoker,devastation,23,12,11
Akúda,blackhand,1069,evoker,devastation,42,20,22
Монархдракон,eversong,1068,evoker,devastation,43,16,27
Jkrowlingxox,ravencrest,1067,evoker,devastation,60,34,26
Дархо,goldrinn,1059,evoker,devastation,36,21,15
Nerõ,thrall,1055,evoker,devastation,24,11,13
Fabrizios,blackrock,1055,evoker,devastation,24,11,13
Viscervanthe,tarren-mill,1054,evoker,devastation,36,11,25
Pandagos,archimonde,1053,evoker,devastation,18,11,7
Pêrcevâl,archimonde,1053,evoker,devastation,24,11,13
Lonte,hyjal,1052,evoker,devastation,18,11,7
Алрад,gordunni,1051,evoker,devastation,21,12,9
Daboc,tarren-mill,1051,evoker,devastation,74,30,44
Скозложёп,ashenvale,1051,evoker,devastation,30,11,19
Orangechkn,ravencrest,1050,evoker,devastation,24,11,13
Лавеон,gordunni,1047,evoker,devastation,24,11,13
Axro,ravencrest,1039,evoker,devastation,18,11,7
Otr,draenor,1037,evoker,devastation,72,29,43
Starblazed,defias-brotherhood,1033,evoker,devastation,51,31,20
Vucashi,blackhand,1030,evoker,devastation,64,28,36
Craichead,defias-brotherhood,1028,evoker,devastation,24,11,13
Elorand,ulduar,1025,evoker,devastation,78,29,49
Vagar,dun-modr,1021,evoker,devastation,35,13,22
Pedogos,outland,1016,evoker,devastation,75,31,44
Dragonhero,arygos,1014,evoker,devastation,138,74,64
Rieper,twisting-nether,1009,evoker,devastation,223,106,117
Draganeel,frostwolf,1008,evoker,devastation,71,23,48
Ewoky,ravencrest,1007,evoker,devastation,36,15,21
Валказар,gordunni,1004,evoker,devastation,70,30,40
Kvothe,malygos,1001,evoker,devastation,30,11,19
Drakridarn,kazzak,999,evoker,devastation,29,11,18
Julerion,draenor,984,evoker,devastation,42,26,16
Kubae,ravencrest,981,evoker,devastation,24,11,13
Vrèsh,blackrock,970,evoker,devastation,36,11,25
Vanima,forscherliga,967,evoker,devastation,48,27,21
Mallor,kirin-tor,963,evoker,devastation,42,16,26
Rhegal,auchindoun,960,evoker,devastation,12,10,2
Bläckrow,tarren-mill,960,evoker,devastation,12,10,2
Azustraza,ysondre,960,evoker,devastation,24,10,14
Jinthyr,anachronos,959,evoker,devastation,12,10,2
Lùñe,hyjal,959,evoker,devastation,12,10,2
Terradòr,die-aldor,959,evoker,devastation,18,10,8
Bal,arakarahm,959,evoker,devastation,18,10,8
Hästdrake,the-maelstrom,959,evoker,devastation,30,10,20
Drevo,nemesis,958,evoker,devastation,12,10,2
Капрал,gordunni,958,evoker,devastation,12,10,2
Maccen,twisting-nether,955,evoker,devastation,18,10,8
Danaval,blackhand,955,evoker,devastation,18,10,8
Grajade,dun-modr,954,evoker,devastation,18,10,8
Cxsmetic,antonidas,954,evoker,devastation,18,10,8
Mijähh,taerar,953,evoker,devastation,24,10,14
Boulior,defias-brotherhood,952,evoker,devastation,24,10,14
Disizmaju,silvermoon,950,evoker,devastation,75,41,34
Ahiresegyfej,ragnaros,948,evoker,devastation,93,47,46
Lizzardhero,kazzak,948,evoker,devastation,24,10,14
Klim,temple-noir,945,evoker,devastation,30,10,20
Мизурион,gordunni,938,evoker,devastation,54,29,25
Shenrøn,garona,937,evoker,devastation,41,18,23
Arella,mannoroth,930,evoker,devastation,310,154,156
Ashlàr,earthen-ring,929,evoker,devastation,91,39,52
Leskano,aegwynn,923,evoker,devastation,30,14,16
Эллъис,gordunni,920,evoker,devastation,46,11,35
Drakkisat,archimonde,918,evoker,devastation,34,17,17
Быковскии,howling-fjord,916,evoker,devastation,90,48,42
Deimong,khaz-modan,913,evoker,devastation,35,16,19
Azza,uldum,912,evoker,devastation,36,14,22
Oeos,dragonblight,908,evoker,devastation,100,39,61
Stormydude,doomhammer,907,evoker,devastation,24,13,11
Donairian,doomhammer,902,evoker,devastation,128,65,63
Zpartadraga,ragnaros,900,evoker,devastation,32,16,16
Acedragniir,khaz-modan,896,evoker,devastation,48,25,23
Sleipnyr,garrosh,888,evoker,devastation,60,27,33
Blazinamazin,korgall,884,evoker,devastation,22,10,12
Dragotar,malygos,880,evoker,devastation,133,66,67
Дракариса,eversong,879,evoker,devastation,49,21,28
Tenkenfutsu,elune,879,evoker,devastation,100,41,59
Lifestrasza,drakthul,868,evoker,devastation,13,10,3
Thebabayag,kazzak,868,evoker,devastation,30,13,17
Drataniel,draenor,864,evoker,devastation,18,9,9
Pinacóladaqt,stormscale,864,evoker,devastation,18,9,9
Yimvoker,blackrock,864,evoker,devastation,18,9,9
Schmoker,stormscale,864,evoker,devastation,18,9,9
Пласедусакс,soulflayer,863,evoker,devastation,12,9,3
Dratsch,blackhand,863,evoker,devastation,12,9,3
Рогатыйдебик,gordunni,863,evoker,devastation,18,9,9
Féféledragon,archimonde,863,evoker,devastation,18,9,9
Setutekh,argent-dawn,863,evoker,devastation,24,9,15
Akumaryu,blackrock,862,evoker,devastation,12,9,3
Tholanía,baelgun,862,evoker,devastation,12,9,3
Runednmf,kazzak,862,evoker,devastation,18,9,9
Ernesti,draenor,862,evoker,devastation,18,9,9
Rfid,perenolde,862,evoker,devastation,18,9,9
Arbîter,eredar,862,evoker,devastation,18,9,9
Nanderoza,the-maelstrom,861,evoker,devastation,12,9,3
Rekinn,tarren-mill,861,evoker,devastation,18,9,9
Copíum,silvermoon,859,evoker,devastation,30,9,21
Dschíses,malganis,858,evoker,devastation,18,9,9
Karistrasza,sylvanas,854,evoker,devastation,24,9,15
Дрэгшторм,gordunni,851,evoker,devastation,12,9,3
Умгак,gordunni,845,evoker,devastation,23,9,14
Флардикас,gordunni,842,evoker,devastation,24,9,15
Xatures,twisting-nether,832,evoker,devastation,24,14,10
Sivaas,arathi,832,evoker,devastation,60,29,31
Scalash,drakthul,817,evoker,devastation,72,34,38
Crynerf,ravencrest,814,evoker,devastation,114,54,60
Dahwi,blackmoore,804,evoker,devastation,53,20,33
Dragneêl,nozdormu,803,evoker,devastation,27,10,17
Tsunamì,ysondre,768,evoker,devastation,12,8,4
Dromar,malganis,768,evoker,devastation,12,8,4
Xnazelou,hyjal,768,evoker,devastation,12,8,4
Moondragoon,ravencrest,768,evoker,devastation,12,8,4
Alusiedrake,ravencrest,768,evoker,devastation,12,8,4
Gloombloom,emeriss,768,evoker,devastation,13,8,5
Súnny,archimonde,768,evoker,devastation,15,8,7
Nekrosdrake,tarren-mill,768,evoker,devastation,18,8,10
Mazakqt,draenor,768,evoker,devastation,18,8,10
Zp,kazzak,768,evoker,devastation,18,8,10
Garussy,draenor,768,evoker,devastation,18,8,10
Lulvoker,blackrock,768,evoker,devastation,18,8,10
Elastrasza,burning-blade,767,evoker,devastation,12,8,4
Iblvicanfly,stormscale,767,evoker,devastation,12,8,4
Fayral,blackmoore,767,evoker,devastation,12,8,4
Balerioon,draenor,767,evoker,devastation,12,8,4
Tooltipshow,ragnaros,767,evoker,devastation,18,8,10
Deathwingx,sylvanas,767,evoker,devastation,18,8,10
Shazag,ragnaros,767,evoker,devastation,18,8,10
Mekez,draenor,767,evoker,devastation,18,8,10
Knööz,antonidas,767,evoker,devastation,18,8,10
Aiakès,marécage-de-zangar,766,evoker,devastation,12,8,4
Flawxy,blackmoore,766,evoker,devastation,18,8,10
Flypzz,stormscale,766,evoker,devastation,18,8,10
Zelëph,archimonde,766,evoker,devastation,24,8,16
Koris,arakarahm,765,evoker,devastation,12,8,4
Drokki,burning-legion,765,evoker,devastation,18,8,10
Ogienoddech,silvermoon,762,evoker,devastation,18,8,10
Котик,greymane,757,evoker,devastation,24,8,16
Zerotales,turalyon,755,evoker,devastation,12,8,4
Drakenballen,ragnaros,755,evoker,devastation,15,8,7
Viorias,argent-dawn,751,evoker,devastation,24,8,16
Davioncz,thunderhorn,749,evoker,devastation,12,8,4
Reptilebrain,twisting-nether,743,evoker,devastation,25,10,15
Evokraut,silvermoon,741,evoker,devastation,18,8,10
Dantex,ravencrest,719,evoker,devastation,15,8,7
Ominobari,silvermoon,699,evoker,devastation,31,9,22
Flythe,silvermoon,672,evoker,devastation,12,7,5
Zettaflare,nazjatar,672,evoker,devastation,12,7,5
Sebek,archimonde,672,evoker,devastation,12,7,5
Эбиб,gordunni,672,evoker,devastation,12,7,5
Arecibo,tarren-mill,672,evoker,devastation,12,7,5
Styxev,blackhand,672,evoker,devastation,12,7,5
Gonzalo,dun-modr,672,evoker,devastation,12,7,5
Jaykvoker,kazzak,672,evoker,devastation,12,7,5
Murrakhan,ravencrest,672,evoker,devastation,12,7,5
Cascadia,deathwing,672,evoker,devastation,15,8,7
Glurakk,aegwynn,672,evoker,devastation,18,7,11
Kda,die-nachtwache,672,evoker,devastation,18,7,11
Jrmdragik,kaelthas,672,evoker,devastation,18,7,11
Zexiø,blackmoore,672,evoker,devastation,18,7,11
Zaradreth,grim-batol,672,evoker,devastation,18,7,11
Drexxe,boulderfist,672,evoker,devastation,24,7,17
Эндемический,soulflayer,671,evoker,devastation,12,7,5
Dyrokan,blackhand,671,evoker,devastation,12,7,5
Evoslaps,norgannon,671,evoker,devastation,12,7,5
Ayon,frostwhisper,671,evoker,devastation,12,7,5
Dracofion,ravencrest,671,evoker,devastation,12,7,5
Iscale,twisting-nether,671,evoker,devastation,12,7,5
Dreadnés,runetotem,671,evoker,devastation,12,7,5
Gosuvoker,eredar,671,evoker,devastation,12,7,5
Jarhys,draenor,671,evoker,devastation,12,7,5
Kábutø,antonidas,671,evoker,devastation,12,7,5
Chck,ragnaros,671,evoker,devastation,18,7,11
Stalkhyr,elune,671,evoker,devastation,18,7,11
Draclight,nemesis,670,evoker,devastation,12,7,5
Azzazed,dun-modr,670,evoker,devastation,12,7,5
Wurm,shadowsong,670,evoker,devastation,12,7,5
Bullseiye,silvermoon,670,evoker,devastation,18,7,11
Enemi,twisting-nether,669,evoker,devastation,14,9,5
Flapant,archimonde,668,evoker,devastation,18,7,11
Kharon,garrosh,667,evoker,devastation,30,7,23
Антиброник,gordunni,666,evoker,devastation,12,7,5
Аверьятор,fordragon,663,evoker,devastation,18,7,11
Kayizer,archimonde,657,evoker,devastation,12,7,5
Flameclaw,argent-dawn,657,evoker,devastation,12,7,5
Chrysaetor,argent-dawn,657,evoker,devastation,12,7,5
Evokah,der-abyssische-rat,655,evoker,devastation,23,7,16
Draknil,ysondre,640,evoker,devastation,16,7,9
Auchedrax,argent-dawn,639,evoker,devastation,14,8,6
Zharas,nemesis,623,evoker,devastation,11,7,4
Henmon,defias-brotherhood,576,evoker,devastation,6,6,0
Kallistian,argent-dawn,576,evoker,devastation,6,6,0
Khimari,xavius,576,evoker,devastation,12,6,6
Dracalos,silvermoon,576,evoker,devastation,12,6,6
Scalewind,twisting-nether,576,evoker,devastation,12,6,6
Gendowyn,draenor,576,evoker,devastation,12,6,6
Charezard,draenor,576,evoker,devastation,12,6,6
Puffdaddyxd,twisting-nether,576,evoker,devastation,12,6,6
Gwamalak,archimonde,576,evoker,devastation,12,6,6
Terrorclaw,ragnaros,576,evoker,devastation,12,6,6
Nørgan,die-aldor,576,evoker,devastation,12,6,6
Selectaa,grim-batol,576,evoker,devastation,12,6,6
Gorgonn,cthun,576,evoker,devastation,12,6,6
Mattyastrasz,hyjal,576,evoker,devastation,12,6,6
Hørnythyria,hyjal,576,evoker,devastation,12,6,6
Митокада,soulflayer,576,evoker,devastation,18,6,12
Croker,ravencrest,576,evoker,devastation,18,6,12
Barneyxx,tarren-mill,576,evoker,devastation,24,6,18
Prismari,burning-legion,575,evoker,devastation,12,6,6
Drdrake,aszune,575,evoker,devastation,12,6,6
Alèd,hyjal,575,evoker,devastation,12,6,6
Ágarosz,sanguino,575,evoker,devastation,12,6,6
Chunlooi,baelgun,575,evoker,devastation,12,6,6
Mefedrone,argent-dawn,575,evoker,devastation,12,6,6
Zuhana,twisting-nether,575,evoker,devastation,12,6,6
Meyowuo,doomhammer,575,evoker,devastation,14,6,8
Skyfire,stormscale,575,evoker,devastation,18,6,12
Bruhwhat,ravencrest,575,evoker,devastation,18,6,12
Rodolpho,malganis,575,evoker,devastation,18,6,12
Uprover,kazzak,575,evoker,devastation,18,6,12
Малесиндра,gordunni,575,evoker,devastation,18,6,12
Jetfqds,archimonde,575,evoker,devastation,24,6,18
Mazzg,blackmoore,574,evoker,devastation,21,7,14
Dragonpastor,kazzak,574,evoker,devastation,18,6,12
Morph,talnivarr,574,evoker,devastation,18,6,12
Dragorona,kult-der-verdammten,572,evoker,devastation,12,6,6
Faijer,blackmoore,572,evoker,devastation,12,6,6
Voraxe,draenor,568,evoker,devastation,12,6,6
Sheego,anetheron,565,evoker,devastation,12,6,6
Torrik,drakthul,565,evoker,devastation,12,6,6
Sebiker,ravencrest,543,evoker,devastation,12,8,4
Molem,defias-brotherhood,543,evoker,devastation,11,6,5
Cenca,blackmoore,543,evoker,devastation,11,6,5
Lilvorki,silvermoon,543,evoker,devastation,17,6,11
Hekatonshire,hyjal,539,evoker,devastation,11,6,5
Argentrenard,twilights-hammer,526,evoker,devastation,11,6,5
Rise,tarren-mill,522,evoker,devastation,12,7,5
Somntersu,argent-dawn,511,evoker,devastation,14,7,7
Elvarg,ragnaros,480,evoker,devastation,6,5,1
Hösh,elune,480,evoker,devastation,6,5,1
Spýró,tarren-mill,480,evoker,devastation,6,5,1
Côlt,twisting-nether,480,evoker,devastation,6,5,1
Chronougi,ravencrest,480,evoker,devastation,6,5,1
Tovaro,xavius,480,evoker,devastation,6,5,1
Zendervish,draenor,480,evoker,devastation,6,5,1
Streetspyro,ravencrest,480,evoker,devastation,6,5,1
Icyevoker,ravencrest,480,evoker,devastation,12,5,7
Yongmun,hyjal,480,evoker,devastation,12,5,7
Drgndeznuts,kazzak,480,evoker,devastation,12,5,7
Niddhog,antonidas,480,evoker,devastation,12,5,7
Сансетшторм,gordunni,480,evoker,devastation,12,5,7
Skulblakas,blackmoore,480,evoker,devastation,12,5,7
Trocken,blackmoore,480,evoker,devastation,12,5,7
Bot,arathor,480,evoker,devastation,12,5,7
Ripgódx,bronzebeard,480,evoker,devastation,12,5,7
Pavelito,ysondre,480,evoker,devastation,12,5,7
Predictrash,archimonde,480,evoker,devastation,12,5,7
Chàrizàd,archimonde,480,evoker,devastation,12,5,7
Dracnass,silvermoon,480,evoker,devastation,12,5,7
Monstrosity,proudmoore,480,evoker,devastation,12,5,7
Spyro,bloodfeather,480,evoker,devastation,12,5,7
Arqeltzha,ravencrest,480,evoker,devastation,12,5,7
Wuschwuscha,thrall,480,evoker,devastation,12,5,7
Dedwing,silvermoon,480,evoker,devastation,12,5,7
Cooperevoker,blackrock,480,evoker,devastation,12,5,7
Rikji,blackmoore,480,evoker,devastation,18,5,13
Невердракон,howling-fjord,480,evoker,devastation,18,5,13
Кайрэс,gordunni,479,evoker,devastation,12,5,7
Драккалис,eversong,479,evoker,devastation,12,5,7
Magicae,drakthul,479,evoker,devastation,12,5,7
Vermithors,ravencrest,479,evoker,devastation,12,5,7
Tremola,twisting-nether,479,evoker,devastation,15,6,9
Кмандр,gordunni,479,evoker,devastation,18,5,13
Terenus,hellfire,479,evoker,devastation,18,5,13
Alberdo,outland,478,evoker,devastation,24,5,19
Aegonis,archimonde,477,evoker,devastation,18,5,13
Caomanjin,silvermoon,398,evoker,devastation,7,5,2
Штеци,howling-fjord,384,evoker,devastation,6,4,2
Drakeoo,twisting-nether,384,evoker,devastation,6,4,2
Skiora,argent-dawn,384,evoker,devastation,6,4,2
Hungryhank,ragnaros,384,evoker,devastation,6,4,2
Theralon,tarren-mill,384,evoker,devastation,6,4,2
Gulimvoker,aegwynn,384,evoker,devastation,6,4,2
Blamdrake,blackhand,384,evoker,devastation,6,4,2
Ceenaastra,ragnaros,384,evoker,devastation,6,4,2
Varenion,sylvanas,384,evoker,devastation,6,4,2
Drominus,die-silberne-hand,384,evoker,devastation,6,4,2
Killrogos,thrall,384,evoker,devastation,6,4,2
Spyróò,ravencrest,384,evoker,devastation,12,4,8
Huangzhang,burning-legion,384,evoker,devastation,12,4,8
Nózdormuwu,argent-dawn,384,evoker,devastation,12,4,8
Darkshadow,eldrethalas,384,evoker,devastation,12,4,8
Fueu,draenor,384,evoker,devastation,12,4,8
Граукасия,soulflayer,384,evoker,devastation,12,4,8
Safcøn,eredar,384,evoker,devastation,12,4,8
Draceon,argent-dawn,384,evoker,devastation,12,4,8
Shirim,tarren-mill,384,evoker,devastation,12,4,8
Pentraktar,pozzo-delleternità,384,evoker,devastation,12,4,8
Nynnaydoth,drakthul,384,evoker,devastation,12,4,8
Ãbl,silvermoon,384,evoker,devastation,12,4,8
Gazunkle,draenor,384,evoker,devastation,12,4,8
Dragondisnut,sylvanas,384,evoker,devastation,12,4,8
Babbendrakar,grim-batol,384,evoker,devastation,12,4,8
Dralija,sylvanas,384,evoker,devastation,12,4,8
Nydolir,hyjal,384,evoker,devastation,18,4,14
Jamesdouglas,eredar,383,evoker,devastation,6,4,2
Bombrush,ragnaros,383,evoker,devastation,9,5,4
Лериостраз,howling-fjord,383,evoker,devastation,10,5,5
Lafaevo,alakir,383,evoker,devastation,24,4,20
Quicksmoke,argent-dawn,379,evoker,devastation,21,6,15
Dracsamdi,tarren-mill,367,evoker,devastation,11,4,7
Crispywingz,draenor,366,evoker,devastation,11,4,7
Otøgí,antonidas,351,evoker,devastation,11,4,7
Renalia,blackrock,351,evoker,devastation,14,5,9
Oldlizard,blackrock,336,evoker,devastation,21,4,17
Krestrazzos,blackmoore,335,evoker,devastation,11,4,7
Calonddraig,turalyon,326,evoker,devastation,12,5,7
Belkavoker,zirkel-des-cenarius,319,evoker,devastation,5,4,1
Spyrothedrag,outland,319,evoker,devastation,8,4,4
Darksmouke,forscherliga,319,evoker,devastation,8,4,4
Ðragøn,argent-dawn,288,evoker,devastation,6,3,3
Azurog,blackmoore,288,evoker,devastation,6,3,3
Adônis,malorne,288,evoker,devastation,6,3,3
Драмуся,gordunni,288,evoker,devastation,6,3,3
Shåmsse,kazzak,288,evoker,devastation,6,3,3
Lìshrá,baelgun,288,evoker,devastation,6,3,3
Drachenwut,aegwynn,288,evoker,devastation,6,3,3
Psheetae,kazzak,288,evoker,devastation,6,3,3
Vyore,silvermoon,288,evoker,devastation,6,3,3
Kitoed,aegwynn,288,evoker,devastation,6,3,3
Brovoker,sylvanas,288,evoker,devastation,6,3,3
Feinerkerl,blackmoore,288,evoker,devastation,6,3,3
Ðragonite,frostmane,288,evoker,devastation,6,3,3
Hateroll,ravencrest,288,evoker,devastation,6,3,3
Ughvoker,kazzak,288,evoker,devastation,6,3,3
Feldrac,ravencrest,288,evoker,devastation,6,3,3
Nadrenion,argent-dawn,288,evoker,devastation,6,3,3
Nakavoker,arygos,288,evoker,devastation,6,3,3
Purplelizard,twisting-nether,288,evoker,devastation,6,3,3
Rizato,kazzak,288,evoker,devastation,6,3,3
Talim,terrordar,288,evoker,devastation,6,3,3
Mâhýo,rexxar,288,evoker,devastation,6,3,3
Fivebeers,silvermoon,288,evoker,devastation,6,3,3
Merrius,der-rat-von-dalaran,288,evoker,devastation,6,3,3
Навидх,howling-fjord,288,evoker,devastation,6,3,3
Bestofriendo,eredar,288,evoker,devastation,6,3,3
Malowux,outland,288,evoker,devastation,6,3,3
Griefgodx,draenor,288,evoker,devastation,6,3,3
Drakodêd,drakthul,288,evoker,devastation,6,3,3
Гиперзверь,gordunni,288,evoker,devastation,6,3,3
Louzard,draenor,288,evoker,devastation,6,3,3
Evoxir,draenor,288,evoker,devastation,6,3,3
Ursinne,ravencrest,288,evoker,devastation,6,3,3
Shroudflight,draenor,288,evoker,devastation,6,3,3
Dragenlul,tarren-mill,288,evoker,devastation,6,3,3
Iëemanjâä,dalaran,288,evoker,devastation,6,3,3
Aéras,blackhand,288,evoker,devastation,6,3,3
Rosiash,auchindoun,288,evoker,devastation,6,3,3
Mollÿ,sanguino,288,evoker,devastation,6,3,3
Keltullis,archimonde,288,evoker,devastation,6,3,3
Lajra,ragnaros,288,evoker,devastation,6,3,3
Flippmoker,argent-dawn,288,evoker,devastation,6,3,3
Barney,korgall,288,evoker,devastation,6,3,3
Dalsath,silvermoon,288,evoker,devastation,6,3,3
Silverscale,ragnaros,288,evoker,devastation,6,3,3
Норус,howling-fjord,288,evoker,devastation,6,3,3
Тектрис,howling-fjord,288,evoker,devastation,6,3,3
Gailliade,archimonde,288,evoker,devastation,12,3,9
Dundrion,outland,288,evoker,devastation,12,3,9
Абьюз,galakrond,288,evoker,devastation,12,3,9
Slyrax,nemesis,288,evoker,devastation,12,3,9
Raøug,blackmoore,288,evoker,devastation,12,3,9
Shindragøsa,ysondre,288,evoker,devastation,12,3,9
Vynestria,argent-dawn,288,evoker,devastation,12,3,9
Valdrakken,anubarak,288,evoker,devastation,12,3,9
Имбапвп,lich-king,288,evoker,devastation,12,3,9
Duveloker,dragonblight,288,evoker,devastation,12,3,9
Purge,sporeggar,288,evoker,devastation,12,3,9
Twinkillerx,dun-morogh,288,evoker,devastation,12,3,9
Sáróman,ravencrest,288,evoker,devastation,13,3,10
Fågelskräma,silvermoon,288,evoker,devastation,18,3,15
Òhrabzack,blackmoore,288,evoker,devastation,18,3,15
Nybxx,frostmane,288,evoker,devastation,18,3,15
Драгур,fordragon,287,evoker,devastation,6,3,3
Sliimshady,dalaran,287,evoker,devastation,6,3,3
Drakonovic,blackrock,287,evoker,devastation,6,3,3
Belianf,silvermoon,287,evoker,devastation,6,3,3
Drks,draenor,287,evoker,devastation,12,4,8
Syccs,blackrock,255,evoker,devastation,8,4,4
Kirien,blackhand,234,evoker,devastation,22,4,18
Färsia,drakthul,223,evoker,devastation,8,3,5
Draagon,burning-legion,192,evoker,devastation,6,2,4
Drazaru,sanguino,192,evoker,devastation,6,2,4
Bolgrod,dun-modr,192,evoker,devastation,6,2,4
Майтимаус,goldrinn,192,evoker,devastation,6,2,4
Flookx,silvermoon,192,evoker,devastation,6,2,4
Feloñ,blackrock,192,evoker,devastation,6,2,4
Draknr,alakir,192,evoker,devastation,6,2,4
Shenronn,zuljin,192,evoker,devastation,6,2,4
Bossen,magtheridon,192,evoker,devastation,6,2,4
Ellphi,illidan,192,evoker,devastation,6,2,4
Заднс,howling-fjord,192,evoker,devastation,6,2,4
Drakela,frostwhisper,192,evoker,devastation,6,2,4
Kavreel,draenor,192,evoker,devastation,6,2,4
Reddeaddrago,silvermoon,192,evoker,devastation,6,2,4
Iyaiya,draenor,192,evoker,devastation,6,2,4
Lelemion,arathor,192,evoker,devastation,6,2,4
Norskairline,kazzak,192,evoker,devastation,6,2,4
Timotheus,draenor,192,evoker,devastation,6,2,4
Drakary,chogall,192,evoker,devastation,6,2,4
Airplanepeek,draenor,192,evoker,devastation,6,2,4
Evøcado,blackmoore,192,evoker,devastation,6,2,4
Draconir,stormscale,192,evoker,devastation,6,2,4
Безлад,gordunni,192,evoker,devastation,6,2,4
Draaxy,twisting-nether,192,evoker,devastation,6,2,4
Azzaanan,kirin-tor,192,evoker,devastation,6,2,4
Drogoon,ravencrest,192,evoker,devastation,6,2,4
Gelamk,twisting-nether,192,evoker,devastation,6,2,4
Natrixx,tarren-mill,192,evoker,devastation,6,2,4
Adamâs,archimonde,192,evoker,devastation,6,2,4
Lifetime,ravencrest,192,evoker,devastation,6,2,4
Hahahahalolx,twisting-nether,192,evoker,devastation,6,2,4
Frogzey,kazzak,192,evoker,devastation,6,2,4
Kethrir,blackhand,192,evoker,devastation,6,2,4
Oogabuga,outland,192,evoker,devastation,6,2,4
Twokgbananas,blackhand,192,evoker,devastation,6,2,4
Malydra,blackhand,192,evoker,devastation,6,2,4
Авидогх,gordunni,192,evoker,devastation,6,2,4
Drevoker,daggerspine,192,evoker,devastation,6,2,4
Liljonson,stormscale,192,evoker,devastation,6,2,4
Emiltate,ravencrest,192,evoker,devastation,6,2,4
Orrub,azshara,192,evoker,devastation,6,2,4
Kandragor,antonidas,192,evoker,devastation,6,2,4
Bittewhyally,grim-batol,192,evoker,devastation,6,2,4
Niluslangbal,stormscale,192,evoker,devastation,6,2,4
Snàx,aggra-português,192,evoker,devastation,6,2,4
Exitelolx,blackrock,192,evoker,devastation,6,2,4
Grogar,hellfire,192,evoker,devastation,6,2,4
Chürbis,blackmoore,192,evoker,devastation,6,2,4
Moodyevo,kazzak,192,evoker,devastation,6,2,4
Sindras,frostmane,192,evoker,devastation,6,2,4
Lubyan,pozzo-delleternità,192,evoker,devastation,18,3,15
Shellfire,twisting-nether,192,evoker,devastation,12,2,10
Jacra,twisting-nether,192,evoker,devastation,12,2,10
Czerwonooki,turalyon,192,evoker,devastation,12,2,10
Jpeo,blackhand,192,evoker,devastation,12,2,10
Драконилья,azuregos,192,evoker,devastation,12,2,10
Andragosa,confrérie-du-thorium,192,evoker,devastation,12,2,10
Mireu,twisting-nether,192,evoker,devastation,12,2,10
Дракомант,eversong,192,evoker,devastation,12,2,10
Archidrake,ravencrest,192,evoker,devastation,15,2,13
Réku,ragnaros,192,evoker,devastation,18,2,16
Tatsuki,arthas,192,evoker,devastation,18,2,16
Fuecunizzu,pozzo-delleternità,191,evoker,devastation,6,2,4
Kraakraa,turalyon,191,evoker,devastation,6,2,4
Вжухкия,gordunni,159,evoker,devastation,5,2,3
Kekeri,blackhand,112,evoker,devastation,7,2,5
Tneen,stormscale,96,evoker,devastation,3,2,1
Craycry,argent-dawn,96,evoker,devastation,6,1,5
Holdya,archimonde,96,evoker,devastation,6,1,5
Dracarysfire,kazzak,96,evoker,devastation,6,1,5
Devanthar,argent-dawn,96,evoker,devastation,6,1,5
Белыйдракон,greymane,96,evoker,devastation,6,1,5
Тренакса,soulflayer,96,evoker,devastation,6,1,5
Gabbabomb,blackrock,96,evoker,devastation,6,1,5
Ronmanarmy,blackrock,96,evoker,devastation,6,1,5
Rawrdragon,twisting-nether,96,evoker,devastation,6,1,5
Kwynus,archimonde,96,evoker,devastation,6,1,5
Мельхиор,booty-bay,96,evoker,devastation,6,1,5
Xahal,hyjal,96,evoker,devastation,6,1,5
Zørix,hyjal,96,evoker,devastation,6,1,5
Dreamwing,ravencrest,96,evoker,devastation,6,1,5
Vahamut,argent-dawn,96,evoker,devastation,6,1,5
Zerario,blackhand,96,evoker,devastation,6,1,5
Uxiono,dun-modr,96,evoker,devastation,6,1,5
Erones,burning-blade,96,evoker,devastation,6,1,5
Asharys,argent-dawn,96,evoker,devastation,6,1,5
Rhaenyra,twilights-hammer,96,evoker,devastation,6,1,5
Piecemaker,malganis,96,evoker,devastation,6,1,5
Terrorwings,twisting-nether,96,evoker,devastation,6,1,5
Gacky,ysondre,96,evoker,devastation,6,1,5
Retyss,twisting-nether,96,evoker,devastation,6,1,5
Sléêpy,blackmoore,96,evoker,devastation,6,1,5
Suba,tarren-mill,96,evoker,devastation,6,1,5
Франкич,fordragon,96,evoker,devastation,6,1,5
Redemp,kazzak,96,evoker,devastation,6,1,5
Paintballhd,kazzak,96,evoker,devastation,6,1,5
Daragnarag,aegwynn,96,evoker,devastation,6,1,5
Shlea,kazzak,96,evoker,devastation,6,1,5
Gigabreath,ravencrest,96,evoker,devastation,6,1,5
Spioche,burning-legion,96,evoker,devastation,12,1,11
Effrt,ravencrest,96,evoker,devastation,12,1,11
Eosin,blackrock,96,evoker,devastation,12,1,11
Setur,outland,96,evoker,devastation,12,1,11
Manadrake,silvermoon,96,evoker,devastation,12,1,11
Provokerx,ravencrest,96,evoker,devastation,14,1,13
Драгоблуд,soulflayer,79,evoker,devastation,5,1,4
Evobse,silvermoon,79,evoker,devastation,5,1,4
Drakoonz,ravencrest,64,evoker,devastation,4,1,3
Xidalulz,sylvanas,63,evoker,devastation,2,2,0
Bulydracguir,kazzak,42,evoker,devastation,7,2,5
Kàzuée,outland,31,evoker,devastation,8,1,7
Jincksevoker,anachronos,16,evoker,devastation,1,1,0
Thundermifln,nemesis,16,evoker,devastation,7,1,6
Ceitronox,argent-dawn,2201,hunter,marksmanship,119,63,56
Olyleskotch,ravencrest,2171,hunter,marksmanship,96,49,47
Yasuohasagi,archimonde,2107,hunter,marksmanship,78,40,38
Nidaliyae,archimonde,2092,hunter,marksmanship,84,44,40
Yezzu,sylvanas,2072,hunter,marksmanship,92,50,42
Harrianlar,ravenholdt,2018,hunter,marksmanship,240,117,123
Арамор,blackscar,1985,hunter,marksmanship,87,49,38
Ancalarion,tarren-mill,1976,hunter,marksmanship,66,34,32
Chindala,zuljin,1964,hunter,marksmanship,73,34,39
Stavfel,kazzak,1954,hunter,marksmanship,107,55,52
Stylez,emeriss,1945,hunter,marksmanship,66,35,31
Drxta,blackrock,1937,hunter,marksmanship,72,36,36
Gorethaur,twisting-nether,1935,hunter,marksmanship,57,47,10
Matasso,burning-legion,1931,hunter,marksmanship,257,128,129
Wruck,echsenkessel,1929,hunter,marksmanship,126,71,55
Gukéx,stormscale,1921,hunter,marksmanship,60,30,30
Мартидэн,howling-fjord,1913,hunter,marksmanship,292,143,149
Cadvan,nagrand,1908,hunter,marksmanship,63,33,30
Cenaa,ragnaros,1898,hunter,marksmanship,31,23,8
Deuterium,stormscale,1889,hunter,marksmanship,68,46,22
Mogwai,stormscale,1888,hunter,marksmanship,86,43,43
Techpoint,silvermoon,1883,hunter,marksmanship,48,31,17
Zulthos,kazzak,1878,hunter,marksmanship,115,61,54
Pjållistani,ravencrest,1870,hunter,marksmanship,212,108,104
Душнила,razuvious,1868,hunter,marksmanship,137,70,67
Nennimi,ravencrest,1862,hunter,marksmanship,99,46,53
Samuru,auchindoun,1861,hunter,marksmanship,77,37,40
Sindorian,aggra-português,1857,hunter,marksmanship,119,67,52
Passalaqua,aegwynn,1849,hunter,marksmanship,106,63,43
Xoarqt,aegwynn,1847,hunter,marksmanship,84,37,47
Аккулэйд,blackscar,1844,hunter,marksmanship,89,40,49
Aimywinehaus,drakthul,1840,hunter,marksmanship,60,31,29
Spirys,drakthul,1838,hunter,marksmanship,60,28,32
Warbringerx,stormscale,1837,hunter,marksmanship,52,26,26
Эксп,ashenvale,1837,hunter,marksmanship,67,30,37
Dexter,ravencrest,1832,hunter,marksmanship,280,143,137
Onlystuns,sylvanas,1831,hunter,marksmanship,89,46,43
Alêx,outland,1829,hunter,marksmanship,150,70,80
Trapsfordays,tarren-mill,1827,hunter,marksmanship,70,41,29
Evacuatur,argent-dawn,1826,hunter,marksmanship,66,33,33
Wildheárt,aegwynn,1824,hunter,marksmanship,72,38,34
Spoonfingers,ravencrest,1817,hunter,marksmanship,56,30,26
Rashoumon,zuljin,1816,hunter,marksmanship,52,35,17
Hollyz,auchindoun,1816,hunter,marksmanship,36,22,14
Crôwley,twisting-nether,1816,hunter,marksmanship,54,30,24
Huntrag,tarren-mill,1815,hunter,marksmanship,271,138,133
Moonzsu,ravencrest,1813,hunter,marksmanship,46,30,16
Suchskill,stormreaver,1813,hunter,marksmanship,77,37,40
Mousysnok,ravencrest,1811,hunter,marksmanship,59,29,30
Xzmiq,outland,1810,hunter,marksmanship,98,55,43
Iceyx,stormscale,1810,hunter,marksmanship,48,21,27
Лесбиянюсь,gordunni,1809,hunter,marksmanship,30,19,11
Noobsnatcher,draenor,1804,hunter,marksmanship,279,149,130
Áñmy,ravencrest,1804,hunter,marksmanship,53,28,25
Aimshotx,stormscale,1801,hunter,marksmanship,48,28,20
Xawai,ragnaros,1793,hunter,marksmanship,111,53,58
Играсломана,howling-fjord,1790,hunter,marksmanship,57,33,24
Huprah,ravencrest,1788,hunter,marksmanship,161,77,84
Skilachi,stormscale,1787,hunter,marksmanship,102,46,56
Medgical,outland,1785,hunter,marksmanship,42,19,23
Ледо,deathguard,1779,hunter,marksmanship,110,58,52
Åíøñs,kazzak,1778,hunter,marksmanship,35,19,16
Kittykite,thunderhorn,1776,hunter,marksmanship,48,19,29
Самокаратель,gordunni,1772,hunter,marksmanship,78,50,28
Myice,twisting-nether,1771,hunter,marksmanship,66,36,30
Misstrap,drakthul,1769,hunter,marksmanship,53,35,18
Murtagh,khaz-modan,1763,hunter,marksmanship,84,44,40
Trapmanager,kazzak,1757,hunter,marksmanship,59,28,31
Amistat,kazzak,1756,hunter,marksmanship,169,85,84
Trashcarlito,eredar,1755,hunter,marksmanship,42,25,17
Triggery,ravencrest,1751,hunter,marksmanship,59,32,27
Hï,eitrigg,1740,hunter,marksmanship,153,73,80
Dis,twilights-hammer,1739,hunter,marksmanship,53,26,27
Maticshorter,blackmoore,1739,hunter,marksmanship,64,31,33
Podroto,tyrande,1733,hunter,marksmanship,112,50,62
Eldrekou,kazzak,1729,hunter,marksmanship,60,26,34
Лотариель,howling-fjord,1728,hunter,marksmanship,66,34,32
Klarix,outland,1723,hunter,marksmanship,98,50,48
Jodd,ragnaros,1722,hunter,marksmanship,30,18,12
Lègolas,sylvanas,1721,hunter,marksmanship,66,28,38
Миссклик,soulflayer,1720,hunter,marksmanship,96,60,36
Johnreapèr,sylvanas,1720,hunter,marksmanship,125,59,66
Setyouintrap,ravencrest,1717,hunter,marksmanship,60,34,26
Ynv,argent-dawn,1716,hunter,marksmanship,24,18,6
Hallé,frostmane,1714,hunter,marksmanship,84,46,38
Mógwaí,stormscale,1710,hunter,marksmanship,72,36,36
Naid,lordaeron,1709,hunter,marksmanship,52,30,22
Strikke,archimonde,1709,hunter,marksmanship,42,18,24
Nirn,ravencrest,1707,hunter,marksmanship,47,25,22
Dragnial,kazzak,1703,hunter,marksmanship,53,26,27
Xanter,blackrock,1698,hunter,marksmanship,68,32,36
Imfiné,outland,1697,hunter,marksmanship,54,30,24
Адвентурер,howling-fjord,1697,hunter,marksmanship,120,66,54
Bestregards,ravencrest,1695,hunter,marksmanship,154,71,83
Nutshotx,stormscale,1694,hunter,marksmanship,126,56,70
Kalimdoar,blackhand,1689,hunter,marksmanship,102,50,52
Jêsslíne,ravencrest,1684,hunter,marksmanship,36,20,16
Huntsmart,kazzak,1682,hunter,marksmanship,78,34,44
Lowcaskor,turalyon,1678,hunter,marksmanship,47,26,21
Velrox,blackmoore,1678,hunter,marksmanship,84,42,42
Snuupz,kazzak,1675,hunter,marksmanship,60,32,28
Ravensoulz,stormscale,1669,hunter,marksmanship,96,57,39
Pewpewstuff,draenor,1669,hunter,marksmanship,42,22,20
Elonyr,sanguino,1669,hunter,marksmanship,476,240,236
Jabela,eredar,1668,hunter,marksmanship,78,35,43
Pandanero,ravencrest,1660,hunter,marksmanship,36,20,16
Scheixanter,drakthul,1651,hunter,marksmanship,152,77,75
Murkek,drakthul,1650,hunter,marksmanship,54,32,22
Speedhack,argent-dawn,1650,hunter,marksmanship,63,35,28
Xqzmytrapz,blackrock,1650,hunter,marksmanship,36,18,18
Bekrepál,outland,1650,hunter,marksmanship,54,24,30
Lenooby,blades-edge,1649,hunter,marksmanship,144,69,75
Eenel,twisting-nether,1644,hunter,marksmanship,48,26,22
Xrey,ragnaros,1643,hunter,marksmanship,120,65,55
Jamesie,ravencrest,1642,hunter,marksmanship,30,18,12
Rizlay,the-maelstrom,1640,hunter,marksmanship,108,50,58
Triggaz,stormscale,1637,hunter,marksmanship,83,39,44
Mönster,ravenholdt,1635,hunter,marksmanship,164,91,73
Sùnzí,alakir,1633,hunter,marksmanship,30,21,9
Deathshots,ravencrest,1633,hunter,marksmanship,36,20,16
Everya,ravencrest,1632,hunter,marksmanship,69,41,28
Srsbsnshunta,kazzak,1632,hunter,marksmanship,43,24,19
Khregan,aerie-peak,1630,hunter,marksmanship,42,18,24
Nyjal,archimonde,1629,hunter,marksmanship,30,20,10
Дарктеххно,howling-fjord,1629,hunter,marksmanship,36,18,18
Амореселф,gordunni,1629,hunter,marksmanship,59,25,34
Куфачка,soulflayer,1627,hunter,marksmanship,36,17,19
Мизэрица,soulflayer,1625,hunter,marksmanship,91,47,44
Thysalee,hyjal,1624,hunter,marksmanship,61,29,32
Littlerat,kult-der-verdammten,1623,hunter,marksmanship,42,22,20
Natchell,ysondre,1623,hunter,marksmanship,48,22,26
Evengance,dragonblight,1620,hunter,marksmanship,96,58,38
Травок,gordunni,1620,hunter,marksmanship,64,34,30
Buffrøgues,ravencrest,1620,hunter,marksmanship,216,105,111
Streetxpres,nethersturm,1620,hunter,marksmanship,71,33,38
Nätzz,dun-modr,1618,hunter,marksmanship,67,29,38
Хальвеген,gordunni,1617,hunter,marksmanship,300,154,146
Chaussons,kazzak,1616,hunter,marksmanship,138,74,64
Mfbloom,blackmoore,1616,hunter,marksmanship,72,35,37
Ixxmhunt,blackrock,1616,hunter,marksmanship,54,24,30
Бипбип,galakrond,1615,hunter,marksmanship,35,20,15
Jetay,silvermoon,1613,hunter,marksmanship,60,33,27
Crudeconzept,talnivarr,1612,hunter,marksmanship,30,17,13
Metak,auchindoun,1611,hunter,marksmanship,44,26,18
Loretta,ragnaros,1609,hunter,marksmanship,47,27,20
Sizemattersx,kazzak,1608,hunter,marksmanship,124,59,65
Maverz,blackhand,1607,hunter,marksmanship,30,17,13
Desudi,tarren-mill,1607,hunter,marksmanship,107,55,52
Crétin,archimonde,1605,hunter,marksmanship,38,20,18
Legosoldaten,stormscale,1604,hunter,marksmanship,53,21,32
Çryneth,ravencrest,1602,hunter,marksmanship,92,49,43
Андреймвп,galakrond,1600,hunter,marksmanship,54,26,28
Gugenot,tarren-mill,1599,hunter,marksmanship,66,38,28
Rêmøórsêlês,outland,1594,hunter,marksmanship,39,19,20
Melriya,ravencrest,1593,hunter,marksmanship,58,31,27
Jurá,perenolde,1591,hunter,marksmanship,101,52,49
Hotshòt,silvermoon,1588,hunter,marksmanship,150,80,70
Крой,howling-fjord,1588,hunter,marksmanship,83,40,43
Bearmane,tarren-mill,1587,hunter,marksmanship,112,54,58
Elywiél,frostwolf,1587,hunter,marksmanship,71,31,40
Vangeroth,kazzak,1584,hunter,marksmanship,344,179,165
Cryneth,twisting-nether,1583,hunter,marksmanship,63,35,28
Zeanoff,ravencrest,1582,hunter,marksmanship,72,42,30
Ravator,azshara,1581,hunter,marksmanship,60,23,37
Sinplify,emeriss,1580,hunter,marksmanship,72,35,37
Arung,ravencrest,1580,hunter,marksmanship,60,27,33
Шотнес,gordunni,1579,hunter,marksmanship,90,42,48
Ремонтлицаа,gordunni,1575,hunter,marksmanship,139,74,65
Ekz,twisting-nether,1575,hunter,marksmanship,63,33,30
Джоуе,ashenvale,1574,hunter,marksmanship,42,18,24
Inayah,outland,1571,hunter,marksmanship,137,73,64
Hurion,sanguino,1571,hunter,marksmanship,46,21,25
Jeeves,outland,1567,hunter,marksmanship,48,20,28
Hävenofün,archimonde,1565,hunter,marksmanship,64,36,28
Nêzz,tarren-mill,1565,hunter,marksmanship,117,52,65
Лисатия,gordunni,1562,hunter,marksmanship,48,22,26
Килофвратх,gordunni,1560,hunter,marksmanship,212,103,109
Yarnvid,twisting-nether,1559,hunter,marksmanship,165,85,80
Pargz,auchindoun,1558,hunter,marksmanship,48,30,18
Gunlaugr,defias-brotherhood,1556,hunter,marksmanship,57,28,29
Rattentäter,alexstrasza,1554,hunter,marksmanship,66,36,30
Mantinell,hellfire,1553,hunter,marksmanship,36,20,16
Anschy,ambossar,1552,hunter,marksmanship,36,17,19
Zirilan,nemesis,1550,hunter,marksmanship,174,90,84
Recrent,kazzak,1544,hunter,marksmanship,153,80,73
Kayvaal,kaelthas,1541,hunter,marksmanship,54,28,26
Miladinorc,azjolnerub,1540,hunter,marksmanship,54,32,22
Jup,elune,1536,hunter,marksmanship,67,27,40
Lookmyezzy,ravencrest,1535,hunter,marksmanship,32,17,15
Brk,dun-modr,1534,hunter,marksmanship,30,16,14
Длинноемоджо,soulflayer,1534,hunter,marksmanship,549,274,275
Ронингуд,gordunni,1533,hunter,marksmanship,72,40,32
Elja,laughing-skull,1531,hunter,marksmanship,73,40,33
Boulaax,ysondre,1530,hunter,marksmanship,42,25,17
Jamzyhunter,emerald-dream,1530,hunter,marksmanship,42,17,25
Ditbjrapex,chants-éternels,1527,hunter,marksmanship,30,19,11
Хжв,ashenvale,1527,hunter,marksmanship,166,86,80
Focushunter,outland,1527,hunter,marksmanship,124,61,63
Bapt,blackrock,1527,hunter,marksmanship,101,49,52
Minisay,magtheridon,1525,hunter,marksmanship,308,153,155
Vethan,die-aldor,1525,hunter,marksmanship,50,23,27
Smekminbåge,tarren-mill,1524,hunter,marksmanship,60,29,31
Манаррия,soulflayer,1522,hunter,marksmanship,78,33,45
Kariss,khaz-modan,1521,hunter,marksmanship,143,71,72
Darts,outland,1521,hunter,marksmanship,150,73,77
Hardscoped,tarren-mill,1521,hunter,marksmanship,64,29,35
Doubletap,ysondre,1519,hunter,marksmanship,24,19,5
Trytoconnect,ravencrest,1518,hunter,marksmanship,90,47,43
Keskolica,outland,1518,hunter,marksmanship,116,60,56
Lore,hyjal,1518,hunter,marksmanship,54,27,27
Короткиствол,gordunni,1518,hunter,marksmanship,72,35,37
Eferos,quelthalas,1513,hunter,marksmanship,60,26,34
Daela,elune,1511,hunter,marksmanship,101,46,55
Glad,argent-dawn,1510,hunter,marksmanship,201,101,100
Ønske,azjolnerub,1509,hunter,marksmanship,107,57,50
Crowsza,archimonde,1508,hunter,marksmanship,35,19,16
Riflur,stormscale,1508,hunter,marksmanship,30,16,14
Mclooving,runetotem,1508,hunter,marksmanship,30,16,14
Dafhel,hyjal,1507,hunter,marksmanship,102,50,52
Mindgap,pozzo-delleternità,1506,hunter,marksmanship,134,69,65
Lebalaffré,arathi,1504,hunter,marksmanship,89,45,44
Mînérvá,blackhand,1503,hunter,marksmanship,78,46,32
Klinksz,ysondre,1503,hunter,marksmanship,61,26,35
Hunsed,sanguino,1501,hunter,marksmanship,48,31,17
Länika,ravencrest,1498,hunter,marksmanship,54,28,26
Смотрюанимэ,gordunni,1497,hunter,marksmanship,42,17,25
Barnabaz,skullcrusher,1495,hunter,marksmanship,78,40,38
Killitoss,blackmoore,1492,hunter,marksmanship,39,18,21
Coxxie,ragnaros,1489,hunter,marksmanship,48,20,28
Rikishot,ravencrest,1487,hunter,marksmanship,70,37,33
Reyst,moonglade,1483,hunter,marksmanship,24,16,8
Vruh,antonidas,1483,hunter,marksmanship,66,34,32
Cpflex,arthas,1480,hunter,marksmanship,86,36,50
Meinkoenig,frostwolf,1479,hunter,marksmanship,54,34,20
Оверман,azuregos,1475,hunter,marksmanship,36,17,19
Шимэйла,gordunni,1474,hunter,marksmanship,97,51,46
Koratoz,blackmoore,1473,hunter,marksmanship,114,66,48
Афигеннски,ashenvale,1473,hunter,marksmanship,66,31,35
Emnia,argent-dawn,1470,hunter,marksmanship,78,37,41
Migro,sylvanas,1469,hunter,marksmanship,56,26,30
Mervyl,burning-legion,1467,hunter,marksmanship,42,21,21
Epheso,daggerspine,1467,hunter,marksmanship,36,16,20
Дисконнэктор,soulflayer,1467,hunter,marksmanship,72,27,45
Wowkulaka,kazzak,1466,hunter,marksmanship,72,39,33
Deatharow,ravencrest,1463,hunter,marksmanship,115,57,58
Jimbow,blackrock,1462,hunter,marksmanship,58,30,28
Jocitwitch,ragnaros,1460,hunter,marksmanship,33,17,16
Hylzen,outland,1458,hunter,marksmanship,59,34,25
Soupsoupsòup,blackmoore,1458,hunter,marksmanship,36,19,17
Вееном,gordunni,1458,hunter,marksmanship,111,51,60
Fitzgerald,ragnaros,1457,hunter,marksmanship,60,28,32
Argahnim,azjolnerub,1454,hunter,marksmanship,232,118,114
Valkhen,boulderfist,1453,hunter,marksmanship,54,31,23
Fixel,pozzo-delleternità,1452,hunter,marksmanship,90,48,42
Summa,silvermoon,1452,hunter,marksmanship,72,34,38
Скартэкс,howling-fjord,1451,hunter,marksmanship,44,30,14
Bollo,malganis,1449,hunter,marksmanship,61,29,32
Будкусломаю,grom,1447,hunter,marksmanship,77,35,42
Pickaboo,defias-brotherhood,1445,hunter,marksmanship,215,106,109
Thallia,todeswache,1445,hunter,marksmanship,48,23,25
Snipèr,blackmoore,1443,hunter,marksmanship,32,19,13
Swïtchz,hyjal,1443,hunter,marksmanship,141,70,71
Asthorio,stormscale,1442,hunter,marksmanship,89,39,50
Hiðe,archimonde,1438,hunter,marksmanship,92,48,44
Surtfire,alonsus,1438,hunter,marksmanship,178,89,89
Luuszapfae,aegwynn,1436,hunter,marksmanship,29,16,13
Øßlíck,ysondre,1436,hunter,marksmanship,34,17,17
Bøøgy,silvermoon,1435,hunter,marksmanship,234,122,112
Nagu,antonidas,1435,hunter,marksmanship,30,15,15
Eledryn,bronze-dragonflight,1432,hunter,marksmanship,38,22,16
Skillzone,silvermoon,1432,hunter,marksmanship,36,15,21
Jeston,amanthul,1431,hunter,marksmanship,61,29,32
Stingarrow,stormscale,1428,hunter,marksmanship,78,44,34
Babclaar,culte-de-la-rive-noire,1426,hunter,marksmanship,72,40,32
Rex,chamber-of-aspects,1426,hunter,marksmanship,45,25,20
Роктджана,deathguard,1426,hunter,marksmanship,76,38,38
Kirimbald,blackmoore,1425,hunter,marksmanship,30,15,15
Begøne,draenor,1423,hunter,marksmanship,42,28,14
Ashimaru,sylvanas,1423,hunter,marksmanship,63,31,32
Poppson,magtheridon,1422,hunter,marksmanship,120,65,55
Shootingbob,blackrock,1421,hunter,marksmanship,42,23,19
Yoúmad,draenor,1421,hunter,marksmanship,34,17,17
Nharul,blackmoore,1419,hunter,marksmanship,36,15,21
Мейрелис,blackscar,1417,hunter,marksmanship,24,15,9
Kravên,anubarak,1417,hunter,marksmanship,63,32,31
Souljâh,ravencrest,1416,hunter,marksmanship,71,34,37
Draveric,drakthul,1416,hunter,marksmanship,59,27,32
Longblow,outland,1416,hunter,marksmanship,51,21,30
Белыйатомщик,howling-fjord,1416,hunter,marksmanship,54,22,32
Kalima,malfurion,1416,hunter,marksmanship,72,28,44
Kyudo,ravencrest,1415,hunter,marksmanship,142,71,71
Owyea,kazzak,1415,hunter,marksmanship,42,18,24
Fränko,ravencrest,1415,hunter,marksmanship,65,27,38
Aimnfire,anachronos,1411,hunter,marksmanship,79,42,37
Аскентр,gordunni,1411,hunter,marksmanship,67,31,36
Saejku,archimonde,1410,hunter,marksmanship,18,15,3
Ozzaty,drekthar,1407,hunter,marksmanship,48,22,26
Balamut,aegwynn,1405,hunter,marksmanship,92,48,44
Еввнух,gordunni,1401,hunter,marksmanship,72,31,41
Slmao,tarren-mill,1398,hunter,marksmanship,78,38,40
Darm,sunstrider,1398,hunter,marksmanship,36,15,21
Ghostriders,archimonde,1397,hunter,marksmanship,59,27,32
Ixlxlxlxl,kazzak,1395,hunter,marksmanship,72,44,28
Bluelol,ravencrest,1395,hunter,marksmanship,93,39,54
Rèyz,blackhand,1393,hunter,marksmanship,117,58,59
Nanns,silvermoon,1393,hunter,marksmanship,66,31,35
Firescorpion,onyxia,1392,hunter,marksmanship,48,27,21
Tackleberry,ysondre,1392,hunter,marksmanship,42,17,25
Muddí,ravencrest,1391,hunter,marksmanship,24,15,9
Plzdontrun,sylvanas,1389,hunter,marksmanship,47,24,23
Курунирка,gordunni,1388,hunter,marksmanship,42,18,24
Ëluna,burning-legion,1387,hunter,marksmanship,142,76,66
Duckling,argent-dawn,1387,hunter,marksmanship,54,25,29
Sharpeyezz,ravencrest,1387,hunter,marksmanship,71,28,43
Gwalëndil,hyjal,1384,hunter,marksmanship,66,33,33
Carpante,nemesis,1384,hunter,marksmanship,90,41,49
Elyar,eredar,1383,hunter,marksmanship,52,30,22
Poatan,outland,1383,hunter,marksmanship,216,117,99
Tntabsotrap,silvermoon,1383,hunter,marksmanship,88,44,44
Ashrîel,outland,1383,hunter,marksmanship,74,34,40
Ensomnia,silvermoon,1382,hunter,marksmanship,24,19,5
Treyzzor,blackmoore,1381,hunter,marksmanship,36,15,21
Amortên,silvermoon,1380,hunter,marksmanship,29,15,14
Хантнерюга,gordunni,1380,hunter,marksmanship,40,17,23
Kyßa,uldum,1377,hunter,marksmanship,39,22,17
Encore,sylvanas,1377,hunter,marksmanship,60,31,29
Mânhunt,blackhand,1375,hunter,marksmanship,70,36,34
Lincolne,ravencrest,1375,hunter,marksmanship,41,17,24
Kbesagrillo,sanguino,1372,hunter,marksmanship,42,18,24
Samhunt,blackrock,1370,hunter,marksmanship,35,15,20
Kértor,die-aldor,1370,hunter,marksmanship,52,21,31
Giwtus,blackmoore,1369,hunter,marksmanship,40,15,25
Noxxen,burning-legion,1368,hunter,marksmanship,37,22,15
Curtiss,sanguino,1368,hunter,marksmanship,82,46,36
Enfaktüs,silvermoon,1367,hunter,marksmanship,60,30,30
Doncar,stormscale,1367,hunter,marksmanship,99,44,55
Lobos,ravencrest,1367,hunter,marksmanship,60,25,35
Executéqt,frostmourne,1366,hunter,marksmanship,29,15,14
Ofortuna,silvermoon,1364,hunter,marksmanship,78,42,36
Athel,moonglade,1364,hunter,marksmanship,42,16,26
Absolutnoob,blackrock,1362,hunter,marksmanship,38,21,17
Crar,frostwolf,1360,hunter,marksmanship,94,50,44
Сынсема,blackscar,1358,hunter,marksmanship,61,33,28
Chrishyh,blackrock,1357,hunter,marksmanship,42,20,22
Faenor,arygos,1357,hunter,marksmanship,78,33,45
Anjeschka,nemesis,1356,hunter,marksmanship,60,32,28
Scatshot,grim-batol,1356,hunter,marksmanship,48,25,23
Llaz,silvermoon,1355,hunter,marksmanship,28,15,13
Szybky,defias-brotherhood,1354,hunter,marksmanship,60,25,35
Laskoo,tarren-mill,1353,hunter,marksmanship,114,59,55
Nezekielle,drekthar,1352,hunter,marksmanship,42,16,26
Itenik,frostwolf,1350,hunter,marksmanship,30,16,14
Тантрабой,howling-fjord,1348,hunter,marksmanship,30,18,12
Гусецап,gordunni,1348,hunter,marksmanship,144,65,79
Pekkoe,khaz-modan,1345,hunter,marksmanship,84,47,37
Vavabxl,ysondre,1345,hunter,marksmanship,114,52,62
Meskette,ravencrest,1344,hunter,marksmanship,36,18,18
Psychlolzxr,burning-legion,1343,hunter,marksmanship,47,24,23
Gromaya,elune,1342,hunter,marksmanship,53,26,27
Deadfire,hyjal,1340,hunter,marksmanship,54,27,27
Lofiv,turalyon,1340,hunter,marksmanship,40,17,23
Xalaar,frostwolf,1339,hunter,marksmanship,62,33,29
Smitheye,argent-dawn,1339,hunter,marksmanship,177,88,89
Antiork,doomhammer,1339,hunter,marksmanship,66,31,35
Muckel,area-52,1339,hunter,marksmanship,42,19,23
Enÿo,ysondre,1339,hunter,marksmanship,48,16,32
Tupalax,outland,1338,hunter,marksmanship,106,48,58
Selaesa,chamber-of-aspects,1336,hunter,marksmanship,63,32,31
Легчайшийбот,gordunni,1336,hunter,marksmanship,42,14,28
Høøli,nethersturm,1334,hunter,marksmanship,30,22,8
Hõth,kazzak,1334,hunter,marksmanship,30,14,16
Aerieshan,ravencrest,1333,hunter,marksmanship,78,38,40
Rzeezznik,burning-legion,1333,hunter,marksmanship,30,14,16
Lennylynx,garrosh,1333,hunter,marksmanship,66,29,37
Moschtix,forscherliga,1333,hunter,marksmanship,48,20,28
Огнеборик,howling-fjord,1333,hunter,marksmanship,71,28,43
Эльк,gordunni,1331,hunter,marksmanship,57,29,28
Travels,tarren-mill,1331,hunter,marksmanship,173,82,91
Skaedi,silvermoon,1327,hunter,marksmanship,25,16,9
Azmena,silvermoon,1327,hunter,marksmanship,29,15,14
Bæst,elune,1327,hunter,marksmanship,31,16,15
Meetyour,stormscale,1327,hunter,marksmanship,36,14,22
Àfpro,hyjal,1326,hunter,marksmanship,94,40,54
Diapositiv,draenor,1325,hunter,marksmanship,30,14,16
Maroxy,ragnaros,1325,hunter,marksmanship,35,14,21
Gilgharsh,rajaxx,1324,hunter,marksmanship,64,29,35
Beletor,medivh,1322,hunter,marksmanship,24,14,10
Amphi,stormscale,1320,hunter,marksmanship,66,36,30
Enfinici,eitrigg,1318,hunter,marksmanship,30,15,15
Имбакласс,howling-fjord,1316,hunter,marksmanship,86,42,44
Tiidus,burning-legion,1316,hunter,marksmanship,70,33,37
Heísenberg,ragnaros,1316,hunter,marksmanship,49,22,27
Snipekill,bronze-dragonflight,1315,hunter,marksmanship,36,20,16
Avaîo,ysondre,1315,hunter,marksmanship,64,24,40
Setis,uldaman,1315,hunter,marksmanship,42,14,28
Abraxan,twisting-nether,1314,hunter,marksmanship,58,34,24
Snípér,blackhand,1314,hunter,marksmanship,53,17,36
Doomhorg,quelthalas,1313,hunter,marksmanship,174,89,85
Хемари,eversong,1313,hunter,marksmanship,30,14,16
Khajiizu,frostwolf,1310,hunter,marksmanship,24,15,9
Arrowdoxx,silvermoon,1310,hunter,marksmanship,117,51,66
Viséeauto,confrérie-du-thorium,1309,hunter,marksmanship,42,24,18
Bazrzokh,elune,1308,hunter,marksmanship,30,17,13
Xaotsu,ravencrest,1308,hunter,marksmanship,45,21,24
Lrr,grim-batol,1306,hunter,marksmanship,30,19,11
Hollybuster,perenolde,1303,hunter,marksmanship,34,20,14
Narawinger,silvermoon,1303,hunter,marksmanship,54,30,24
Silvyina,todeswache,1302,hunter,marksmanship,86,43,43
Shieryu,archimonde,1301,hunter,marksmanship,44,18,26
Clouder,blackhand,1300,hunter,marksmanship,36,20,16
Cutehuntér,ragnaros,1299,hunter,marksmanship,120,55,65
Kaktus,shattered-hand,1298,hunter,marksmanship,30,16,14
Elmadre,arthas,1298,hunter,marksmanship,60,29,31
Deathshots,aggra-português,1297,hunter,marksmanship,72,29,43
Darilli,wildhammer,1296,hunter,marksmanship,54,23,31
Wmaximoff,tarren-mill,1296,hunter,marksmanship,86,34,52
Casey,zuluhed,1295,hunter,marksmanship,42,19,23
Adariana,archimonde,1295,hunter,marksmanship,90,40,50
Skyren,defias-brotherhood,1295,hunter,marksmanship,63,28,35
Bobleearrow,darkspear,1294,hunter,marksmanship,59,28,31
Booms,eonar,1290,hunter,marksmanship,99,49,50
Prodanhunts,frostmane,1289,hunter,marksmanship,96,46,50
Jeddaj,stormscale,1289,hunter,marksmanship,36,14,22
Donneraàn,blackrock,1288,hunter,marksmanship,72,38,34
Sïrrys,nemesis,1287,hunter,marksmanship,63,32,31
Zushji,ysondre,1287,hunter,marksmanship,315,149,166
Virdirthera,silvermoon,1286,hunter,marksmanship,54,26,28
Piit,elune,1286,hunter,marksmanship,90,35,55
Blowplac,moonglade,1285,hunter,marksmanship,100,49,51
Куников,booty-bay,1284,hunter,marksmanship,36,14,22
Elisande,die-aldor,1284,hunter,marksmanship,60,23,37
Røxxilia,blackmoore,1280,hunter,marksmanship,72,30,42
Tavira,zuljin,1279,hunter,marksmanship,97,47,50
Marcher,aggra-português,1279,hunter,marksmanship,38,15,23
Oatmeal,dun-morogh,1278,hunter,marksmanship,251,135,116
Воуб,gordunni,1278,hunter,marksmanship,66,29,37
Silverinn,turalyon,1277,hunter,marksmanship,39,17,22
Ксидре,eversong,1276,hunter,marksmanship,60,30,30
Opî,eldrethalas,1276,hunter,marksmanship,80,38,42
Waltuhwhite,teldrassil,1275,hunter,marksmanship,20,14,6
Féliché,elune,1275,hunter,marksmanship,84,36,48
Cxc,dun-modr,1274,hunter,marksmanship,42,19,23
Vanstro,ragnaros,1274,hunter,marksmanship,32,14,18
Ihateyoumore,ravencrest,1274,hunter,marksmanship,48,18,30
Scark,tarren-mill,1273,hunter,marksmanship,43,27,16
Rupeebtw,stormscale,1273,hunter,marksmanship,150,70,80
Дайпострелят,gordunni,1273,hunter,marksmanship,36,15,21
Krypzit,garona,1272,hunter,marksmanship,162,69,93
Atiyêsh,arthas,1272,hunter,marksmanship,42,17,25
Carnificis,sanguino,1272,hunter,marksmanship,42,14,28
Magmageul,archimonde,1271,hunter,marksmanship,54,26,28
Rmnsbm,blackmoore,1271,hunter,marksmanship,30,14,16
Yanger,burning-legion,1271,hunter,marksmanship,48,21,27
Shaib,kazzak,1270,hunter,marksmanship,28,15,13
Tokkie,burning-blade,1268,hunter,marksmanship,24,14,10
Арийская,gordunni,1267,hunter,marksmanship,77,36,41
Snaped,malganis,1265,hunter,marksmanship,61,24,37
Mmaaee,ravencrest,1263,hunter,marksmanship,81,41,40
Zendar,blackmoore,1263,hunter,marksmanship,123,61,62
Пулемётчик,eversong,1263,hunter,marksmanship,43,20,23
Barrex,guldan,1263,hunter,marksmanship,51,23,28
Hunterdream,aszune,1262,hunter,marksmanship,31,15,16
Nightshäde,aggra-português,1261,hunter,marksmanship,64,27,37
Kokowawaa,kazzak,1260,hunter,marksmanship,78,32,46
Шамагута,gordunni,1258,hunter,marksmanship,30,14,16
Хантвкроксах,gordunni,1257,hunter,marksmanship,22,14,8
Феорика,grom,1257,hunter,marksmanship,66,33,33
Zajaczek,burning-legion,1257,hunter,marksmanship,36,14,22
Mizumo,burning-legion,1254,hunter,marksmanship,151,77,74
Vïcødïnë,sinstralis,1254,hunter,marksmanship,89,42,47
Sinequanon,mannoroth,1254,hunter,marksmanship,54,21,33
Opsi,area-52,1251,hunter,marksmanship,96,45,51
Нереальнно,blackscar,1251,hunter,marksmanship,30,14,16
Aurah,les-clairvoyants,1250,hunter,marksmanship,30,14,16
Hunterbeck,ravencrest,1248,hunter,marksmanship,36,20,16
Mspt,archimonde,1248,hunter,marksmanship,30,13,17
Sallina,blutkessel,1247,hunter,marksmanship,30,15,15
Zajebantip,sylvanas,1247,hunter,marksmanship,87,38,49
Fetts,silvermoon,1246,hunter,marksmanship,68,37,31
Lightarròw,nordrassil,1246,hunter,marksmanship,42,17,25
Lísy,hyjal,1244,hunter,marksmanship,24,13,11
Phillon,blackrock,1243,hunter,marksmanship,24,18,6
Sarblade,bronze-dragonflight,1243,hunter,marksmanship,28,14,14
Iilac,argent-dawn,1242,hunter,marksmanship,184,104,80
Huntatard,silvermoon,1241,hunter,marksmanship,28,16,12
Рбг,blackscar,1241,hunter,marksmanship,30,13,17
Zurzok,blackrock,1239,hunter,marksmanship,60,24,36
Isohunt,alakir,1238,hunter,marksmanship,43,19,24
Рэмпейджшот,soulflayer,1238,hunter,marksmanship,36,13,23
Хакаар,grom,1236,hunter,marksmanship,119,62,57
Jðsi,dalaran,1235,hunter,marksmanship,83,38,45
Shedzargo,twisting-nether,1234,hunter,marksmanship,24,13,11
Металшот,blackscar,1234,hunter,marksmanship,74,36,38
Corrupth,outland,1233,hunter,marksmanship,33,14,19
Huntaloko,outland,1232,hunter,marksmanship,35,17,18
Mainblu,nemesis,1231,hunter,marksmanship,30,14,16
Анхантэй,lich-king,1230,hunter,marksmanship,196,104,92
Ôrïøn,archimonde,1229,hunter,marksmanship,24,13,11
Honzu,silvermoon,1229,hunter,marksmanship,36,18,18
Sivoh,silvermoon,1227,hunter,marksmanship,50,23,27
Huntazt,draenor,1225,hunter,marksmanship,24,13,11
Andtamed,thunderhorn,1225,hunter,marksmanship,54,25,29
Madtony,aegwynn,1224,hunter,marksmanship,38,19,19
Zelira,boulderfist,1224,hunter,marksmanship,112,49,63
Argato,eredar,1223,hunter,marksmanship,48,25,23
Loca,twilights-hammer,1222,hunter,marksmanship,93,46,47
Götthunter,antonidas,1220,hunter,marksmanship,62,27,35
Serihu,cthun,1219,hunter,marksmanship,96,42,54
Oneeyed,kazzak,1218,hunter,marksmanship,30,14,16
Bizzrip,kazzak,1217,hunter,marksmanship,24,14,10
Breier,argent-dawn,1215,hunter,marksmanship,125,64,61
Narziel,die-todeskrallen,1215,hunter,marksmanship,35,15,20
Lillynahh,argent-dawn,1214,hunter,marksmanship,157,76,81
Pappous,kul-tiras,1212,hunter,marksmanship,89,41,48
Autoturret,eredar,1211,hunter,marksmanship,112,47,65
Coft,sargeras,1209,hunter,marksmanship,24,13,11
Buzzle,sylvanas,1209,hunter,marksmanship,30,16,14
Ashide,dun-modr,1209,hunter,marksmanship,30,13,17
Overhït,hyjal,1208,hunter,marksmanship,191,95,96
Aneji,hyjal,1208,hunter,marksmanship,71,34,37
Rabiate,blackrock,1208,hunter,marksmanship,68,30,38
Gintønic,blackmoore,1207,hunter,marksmanship,42,13,29
Эвилтар,soulflayer,1206,hunter,marksmanship,26,14,12
Rosiee,dun-modr,1205,hunter,marksmanship,18,13,5
Hawkz,quelthalas,1204,hunter,marksmanship,67,32,35
Redneckjoe,draenor,1204,hunter,marksmanship,58,26,32
Elektrô,blackmoore,1204,hunter,marksmanship,39,14,25
Matarmeya,los-errantes,1203,hunter,marksmanship,46,26,20
Ililivillumi,tarren-mill,1202,hunter,marksmanship,42,18,24
Deneja,kilrogg,1202,hunter,marksmanship,36,14,22
Survivr,frostmane,1200,hunter,marksmanship,30,18,12
Skohal,draenor,1200,hunter,marksmanship,84,39,45
Xesih,twisting-nether,1200,hunter,marksmanship,77,34,43
Эннабонни,gordunni,1198,hunter,marksmanship,36,16,20
Fanstwo,tarren-mill,1198,hunter,marksmanship,42,14,28
Silvyn,pozzo-delleternità,1196,hunter,marksmanship,60,27,33
Sinsé,conseil-des-ombres,1195,hunter,marksmanship,46,25,21
Watty,chogall,1195,hunter,marksmanship,88,45,43
Glockzs,auchindoun,1194,hunter,marksmanship,42,15,27
Оленнька,howling-fjord,1191,hunter,marksmanship,84,44,40
Bigfoot,argent-dawn,1189,hunter,marksmanship,129,56,73
Cooroona,stormrage,1187,hunter,marksmanship,60,28,32
Zion,kul-tiras,1182,hunter,marksmanship,34,13,21
Elyxa,ysondre,1181,hunter,marksmanship,62,33,29
Enerhunt,ysondre,1179,hunter,marksmanship,68,35,33
Zerkarok,draenor,1179,hunter,marksmanship,42,17,25
Hoody,culte-de-la-rive-noire,1175,hunter,marksmanship,41,24,17
Swáy,twisting-nether,1175,hunter,marksmanship,274,133,141
Kakadoo,twisting-nether,1173,hunter,marksmanship,72,36,36
Одисенс,eversong,1173,hunter,marksmanship,115,57,58
Каизик,soulflayer,1173,hunter,marksmanship,35,14,21
Guevnerm,outland,1173,hunter,marksmanship,44,15,29
Soviectk,aggra-português,1171,hunter,marksmanship,30,13,17
Yunalèsca,eredar,1171,hunter,marksmanship,34,13,21
Milandria,antonidas,1169,hunter,marksmanship,86,50,36
Chaydee,stormscale,1169,hunter,marksmanship,42,17,25
Sâetha,dun-modr,1169,hunter,marksmanship,48,19,29
Chizuna,dun-morogh,1167,hunter,marksmanship,26,13,13
Kaminôr,antonidas,1167,hunter,marksmanship,36,15,21
Celtya,archimonde,1166,hunter,marksmanship,135,69,66
Linneâ,blackmoore,1166,hunter,marksmanship,32,15,17
Áragorn,frostmane,1165,hunter,marksmanship,36,20,16
Skitari,draenor,1165,hunter,marksmanship,48,14,34
Leafstorm,vashj,1163,hunter,marksmanship,66,27,39
Krothga,blackrock,1159,hunter,marksmanship,51,25,26
Tinlop,ragnaros,1159,hunter,marksmanship,143,68,75
Docchr,doomhammer,1159,hunter,marksmanship,84,39,45
Ромажиробас,gordunni,1159,hunter,marksmanship,42,19,23
Arrown,outland,1158,hunter,marksmanship,43,20,23
Naven,minahonda,1157,hunter,marksmanship,47,20,27
Azaella,tarren-mill,1156,hunter,marksmanship,36,16,20
Крипа,gordunni,1155,hunter,marksmanship,28,14,14
Жабра,gordunni,1155,hunter,marksmanship,52,21,31
Jozsiur,ragnaros,1152,hunter,marksmanship,30,18,12
Sipsomewater,ravencrest,1151,hunter,marksmanship,18,12,6
Bøost,stormscale,1151,hunter,marksmanship,18,12,6
Фанатшла,gordunni,1151,hunter,marksmanship,18,12,6
Kendow,blackrock,1150,hunter,marksmanship,78,36,42
Neldrassil,blackmoore,1149,hunter,marksmanship,173,87,86
Mycélium,outland,1149,hunter,marksmanship,36,12,24
Khâ,garona,1148,hunter,marksmanship,30,15,15
Zirgoo,outland,1148,hunter,marksmanship,81,31,50
Hxnk,argent-dawn,1147,hunter,marksmanship,18,12,6
Farmerjoee,alakir,1147,hunter,marksmanship,24,13,11
Bobihunt,argent-dawn,1147,hunter,marksmanship,53,27,26
Blackas,dun-modr,1147,hunter,marksmanship,90,41,49
Taveon,turalyon,1144,hunter,marksmanship,42,15,27
Bgkrasavec,stormscale,1142,hunter,marksmanship,75,36,39
Blacksyo,elune,1142,hunter,marksmanship,85,34,51
Pínnen,draenor,1140,hunter,marksmanship,24,12,12
Milhambré,ysondre,1140,hunter,marksmanship,24,12,12
Artémíss,kazzak,1138,hunter,marksmanship,30,12,18
Ruppig,nozdormu,1137,hunter,marksmanship,66,30,36
Sylphie,dalaran,1136,hunter,marksmanship,30,12,18
Kolgrim,temple-noir,1134,hunter,marksmanship,24,12,12
Partouche,sargeras,1134,hunter,marksmanship,30,12,18
Kilölek,ragnaros,1133,hunter,marksmanship,24,12,12
Zrijad,draenor,1133,hunter,marksmanship,24,12,12
Akyra,runetotem,1133,hunter,marksmanship,156,72,84
Хапмьюзик,howling-fjord,1133,hunter,marksmanship,96,39,57
Elcouche,draenor,1132,hunter,marksmanship,48,16,32
Aszasi,azjolnerub,1130,hunter,marksmanship,31,13,18
Touscahunter,kazzak,1129,hunter,marksmanship,270,134,136
Naghtel,die-silberne-hand,1127,hunter,marksmanship,87,47,40
Эолиана,borean-tundra,1127,hunter,marksmanship,57,29,28
Jägarbröje,kazzak,1126,hunter,marksmanship,30,18,12
Anpaytoo,antonidas,1124,hunter,marksmanship,48,20,28
Tránsphobic,kilrogg,1122,hunter,marksmanship,66,31,35
Lonewolfe,ravencrest,1121,hunter,marksmanship,319,156,163
Rediction,ravencrest,1121,hunter,marksmanship,55,20,35
Gorá,dethecus,1118,hunter,marksmanship,18,12,6
Hunntte,ravencrest,1118,hunter,marksmanship,38,15,23
Réja,norgannon,1117,hunter,marksmanship,61,28,33
Meläna,ysondre,1117,hunter,marksmanship,36,14,22
Aratoxx,blackmoore,1114,hunter,marksmanship,78,42,36
Narøs,blackhand,1113,hunter,marksmanship,88,34,54
Sàclak,ysondre,1113,hunter,marksmanship,66,25,41
Hunterixx,outland,1108,hunter,marksmanship,36,15,21
Ðepleter,outland,1108,hunter,marksmanship,30,12,18
Æthelflæd,nathrezim,1108,hunter,marksmanship,42,14,28
Серргио,soulflayer,1107,hunter,marksmanship,30,16,14
Harmonía,outland,1107,hunter,marksmanship,64,26,38
Corrwus,argent-dawn,1106,hunter,marksmanship,84,36,48
Bélier,hyjal,1105,hunter,marksmanship,56,31,25
Hollabackgrl,outland,1105,hunter,marksmanship,42,18,24
Barbrady,nethersturm,1103,hunter,marksmanship,36,16,20
Lamenob,neptulon,1103,hunter,marksmanship,42,13,29
Яриона,galakrond,1091,hunter,marksmanship,78,38,40
Laara,khaz-modan,1090,hunter,marksmanship,220,111,109
Naizoo,doomhammer,1090,hunter,marksmanship,24,12,12
Iòvól,azuremyst,1090,hunter,marksmanship,87,42,45
Травмаопасен,gordunni,1090,hunter,marksmanship,36,12,24
Брухлянка,gordunni,1089,hunter,marksmanship,49,27,22
Лорбан,gordunni,1089,hunter,marksmanship,44,20,24
Nezuqo,archimonde,1087,hunter,marksmanship,42,16,26
Leílah,kazzak,1085,hunter,marksmanship,72,24,48
Йошумитсу,howling-fjord,1084,hunter,marksmanship,56,29,27
Mántîs,argent-dawn,1084,hunter,marksmanship,73,32,41
Miezuu,ravencrest,1082,hunter,marksmanship,51,23,28
Robìnhood,nemesis,1080,hunter,marksmanship,42,22,20
Shubichou,illidan,1080,hunter,marksmanship,36,16,20
Thelasiel,aerie-peak,1079,hunter,marksmanship,67,33,34
Bendit,eredar,1075,hunter,marksmanship,67,32,35
Retroxia,stormreaver,1075,hunter,marksmanship,26,12,14
Slicer,arthas,1074,hunter,marksmanship,103,48,55
Jiton,grim-batol,1072,hunter,marksmanship,36,12,24
Talcaliste,archimonde,1071,hunter,marksmanship,93,41,52
Showdown,hellscream,1068,hunter,marksmanship,95,37,58
Sekeh,ragnaros,1068,hunter,marksmanship,60,22,38
Jisila,ravencrest,1067,hunter,marksmanship,93,46,47
Thauana,los-errantes,1060,hunter,marksmanship,30,14,16
Гилара,soulflayer,1059,hunter,marksmanship,34,12,22
Vèreesa,azjolnerub,1056,hunter,marksmanship,72,29,43
Сандабар,borean-tundra,1055,hunter,marksmanship,41,20,21
Axran,ravencrest,1055,hunter,marksmanship,24,11,13
Енвина,gordunni,1054,hunter,marksmanship,29,13,16
Uncø,kazzak,1053,hunter,marksmanship,18,11,7
Kissmyaxé,draenor,1053,hunter,marksmanship,18,11,7
Dunkenmere,kazzak,1053,hunter,marksmanship,24,11,13
Bladewing,archimonde,1053,hunter,marksmanship,30,11,19
Donfabio,norgannon,1052,hunter,marksmanship,24,11,13
Мальберна,eversong,1050,hunter,marksmanship,64,33,31
Хихихихх,gordunni,1050,hunter,marksmanship,24,11,13
Nìsalle,argent-dawn,1050,hunter,marksmanship,32,13,19
Слезыотлука,howling-fjord,1048,hunter,marksmanship,18,11,7
Voitelka,terokkar,1048,hunter,marksmanship,91,43,48
Bgxd,tarren-mill,1048,hunter,marksmanship,30,11,19
Costner,darksorrow,1046,hunter,marksmanship,30,11,19
Pøca,kaelthas,1045,hunter,marksmanship,18,11,7
Deathchoice,azshara,1045,hunter,marksmanship,30,11,19
Azsräel,dalaran,1044,hunter,marksmanship,205,96,109
Bulseye,kilrogg,1044,hunter,marksmanship,24,11,13
Seariko,draenor,1043,hunter,marksmanship,37,13,24
Ямакасси,thermaplugg,1042,hunter,marksmanship,124,52,72
Rydén,pozzo-delleternità,1042,hunter,marksmanship,30,11,19
Оркистор,eversong,1042,hunter,marksmanship,36,11,25
Винтаж,deepholm,1041,hunter,marksmanship,59,26,33
Cêdric,alleria,1041,hunter,marksmanship,28,12,16
Ричардн,howling-fjord,1040,hunter,marksmanship,24,11,13
Dentaar,draenor,1038,hunter,marksmanship,195,96,99
Fistiecuff,auchindoun,1038,hunter,marksmanship,36,14,22
Nyri,drakthul,1038,hunter,marksmanship,30,11,19
Jaggatee,senjin,1036,hunter,marksmanship,52,23,29
Djzntrap,outland,1035,hunter,marksmanship,30,12,18
Eéilin,the-maelstrom,1033,hunter,marksmanship,18,11,7
Weridia,der-rat-von-dalaran,1033,hunter,marksmanship,22,12,10
Rísu,argent-dawn,1033,hunter,marksmanship,24,11,13
Juliã,dalaran,1030,hunter,marksmanship,24,11,13
Artexxia,kazzak,1030,hunter,marksmanship,66,27,39
Gilgalat,drakthul,1029,hunter,marksmanship,47,20,27
Ispo,frostwolf,1028,hunter,marksmanship,94,45,49
Илюшааимшот,gordunni,1028,hunter,marksmanship,30,11,19
Heavenlyx,area-52,1026,hunter,marksmanship,48,16,32
Grinfall,archimonde,1025,hunter,marksmanship,44,15,29
Falenwing,blackmoore,1024,hunter,marksmanship,34,16,18
Olnàk,ysondre,1023,hunter,marksmanship,60,32,28
Thedoors,twisting-nether,1021,hunter,marksmanship,36,12,24
Fèhn,krasus,1019,hunter,marksmanship,24,14,10
Noobatala,tarren-mill,1018,hunter,marksmanship,36,17,19
Ygrittéé,blackrock,1018,hunter,marksmanship,32,13,19
Zlejkadlec,burning-blade,1018,hunter,marksmanship,28,11,17
Mendinar,sylvanas,1018,hunter,marksmanship,65,17,48
Kilshot,burning-legion,1016,hunter,marksmanship,24,13,11
Omixloua,ragnaros,1016,hunter,marksmanship,77,34,43
Hanzolo,uldum,1016,hunter,marksmanship,42,15,27
Crní,tarren-mill,1015,hunter,marksmanship,81,37,44
Kliantra,wildhammer,1013,hunter,marksmanship,87,40,47
Sisilianno,khaz-modan,1012,hunter,marksmanship,182,82,100
Noobhuntress,norgannon,1010,hunter,marksmanship,44,12,32
Nimrod,norgannon,1009,hunter,marksmanship,45,19,26
Myplague,darkmoon-faire,1008,hunter,marksmanship,36,22,14
Nonamenoskil,sylvanas,1008,hunter,marksmanship,24,13,11
Кикто,gordunni,1007,hunter,marksmanship,18,11,7
Tungusta,defias-brotherhood,1006,hunter,marksmanship,42,19,23
Nutzz,ragnaros,1006,hunter,marksmanship,47,18,29
Венгс,howling-fjord,1005,hunter,marksmanship,39,14,25
Gorett,kazzak,1004,hunter,marksmanship,36,12,24
Hkizzler,kazzak,1002,hunter,marksmanship,79,33,46
Sazak,draenor,1000,hunter,marksmanship,30,17,13
Ashkabous,kazzak,1000,hunter,marksmanship,36,19,17
Iniduhr,dalaran,999,hunter,marksmanship,27,12,15
Twak,kilrogg,997,hunter,marksmanship,18,11,7
Boomkillshot,zuljin,996,hunter,marksmanship,259,126,133
Fugass,ragnaros,994,hunter,marksmanship,23,11,12
Jaýlah,draenor,991,hunter,marksmanship,54,24,30
Bonquiesha,tarren-mill,991,hunter,marksmanship,25,11,14
Nivada,sylvanas,990,hunter,marksmanship,23,11,12
Agarez,blackrock,989,hunter,marksmanship,66,33,33
Nycto,norgannon,988,hunter,marksmanship,18,11,7
Ашмадей,eversong,988,hunter,marksmanship,30,13,17
Анреал,gordunni,988,hunter,marksmanship,38,16,22
Kanzlerkohl,frostwolf,986,hunter,marksmanship,17,11,6
Eskubar,burning-legion,985,hunter,marksmanship,108,45,63
Aidsmacka,shattered-hand,982,hunter,marksmanship,20,11,9
Yrtja,minahonda,979,hunter,marksmanship,61,31,30
Ядрис,gordunni,978,hunter,marksmanship,42,17,25
Wìndrunner,malfurion,977,hunter,marksmanship,107,54,53
Faelhorn,archimonde,976,hunter,marksmanship,36,19,17
Tomtus,aggramar,976,hunter,marksmanship,82,40,42
Фломидзе,gordunni,975,hunter,marksmanship,19,11,8
Ártemide,pozzo-delleternità,975,hunter,marksmanship,33,15,18
Tingly,grim-batol,975,hunter,marksmanship,26,11,15
Olendor,blackmoore,974,hunter,marksmanship,24,14,10
Missingno,sporeggar,972,hunter,marksmanship,30,12,18
Krøsh,blackmoore,967,hunter,marksmanship,130,65,65
Chassfurax,hyjal,965,hunter,marksmanship,96,39,57
Väärä,stormscale,963,hunter,marksmanship,33,14,19
Коватори,borean-tundra,963,hunter,marksmanship,42,12,30
Hnut,kazzak,961,hunter,marksmanship,41,16,25
Imonér,frostmane,960,hunter,marksmanship,18,10,8
Nyxìa,shattered-halls,960,hunter,marksmanship,18,10,8
Luzivarus,malganis,960,hunter,marksmanship,24,10,14
Квит,blackscar,960,hunter,marksmanship,24,10,14
Dregor,nemesis,959,hunter,marksmanship,18,10,8
Barrybigtoe,tarren-mill,959,hunter,marksmanship,18,10,8
Cill,ravencrest,959,hunter,marksmanship,18,10,8
Sazox,blackrock,959,hunter,marksmanship,24,10,14
Ahrtemís,destromath,959,hunter,marksmanship,24,10,14
Bãbas,sargeras,959,hunter,marksmanship,24,10,14
Velites,aggra-português,959,hunter,marksmanship,24,10,14
Тамирка,deathguard,958,hunter,marksmanship,12,10,2
Metalbaci,sylvanas,958,hunter,marksmanship,18,10,8
Therakal,culte-de-la-rive-noire,958,hunter,marksmanship,18,10,8
Jibolad,stormreaver,958,hunter,marksmanship,72,37,35
Birgitta,jaedenar,958,hunter,marksmanship,24,10,14
Angelcr,uldum,958,hunter,marksmanship,24,10,14
Tidèz,aegwynn,958,hunter,marksmanship,30,10,20
Yelanna,argent-dawn,957,hunter,marksmanship,18,10,8
Dasimir,blackrock,957,hunter,marksmanship,24,10,14
Zulthat,thrall,956,hunter,marksmanship,18,10,8
Сентуслип,fordragon,956,hunter,marksmanship,24,10,14
Selini,bloodfeather,955,hunter,marksmanship,36,17,19
Johnydep,silvermoon,955,hunter,marksmanship,30,10,20
Rickgrimés,silvermoon,954,hunter,marksmanship,24,10,14
Фузег,deathguard,953,hunter,marksmanship,18,10,8
Dúnknóé,nordrassil,953,hunter,marksmanship,18,10,8
Wlndrunner,ravencrest,953,hunter,marksmanship,18,10,8
Madida,ravencrest,953,hunter,marksmanship,65,35,30
Isarnexx,dun-modr,953,hunter,marksmanship,47,22,25
Napa,kazzak,953,hunter,marksmanship,24,10,14
Абунай,soulflayer,952,hunter,marksmanship,30,10,20
Makaxx,stormscale,952,hunter,marksmanship,30,10,20
Deathtrapper,bronzebeard,949,hunter,marksmanship,18,10,8
Lani,talnivarr,949,hunter,marksmanship,19,10,9
Aaryel,outland,948,hunter,marksmanship,18,10,8
Quinty,durotan,947,hunter,marksmanship,26,11,15
Foxhunt,turalyon,947,hunter,marksmanship,32,11,21
Neosmoke,shadowsong,946,hunter,marksmanship,160,69,91
Aureboby,hyjal,946,hunter,marksmanship,36,10,26
Freezyshinkn,blackrock,945,hunter,marksmanship,18,11,7
Quasar,arakarahm,944,hunter,marksmanship,95,38,57
Bloodfallen,onyxia,943,hunter,marksmanship,38,10,28
Saccä,ysondre,941,hunter,marksmanship,60,26,34
Aspéct,ravencrest,939,hunter,marksmanship,24,10,14
Ayshæ,tarren-mill,937,hunter,marksmanship,41,21,20
Niwariell,silvermoon,937,hunter,marksmanship,24,10,14
Armoredtiger,grim-batol,935,hunter,marksmanship,72,34,38
Maríschká,amanthul,935,hunter,marksmanship,46,21,25
Panfilmaaj,burning-legion,934,hunter,marksmanship,24,10,14
Mhood,dun-morogh,931,hunter,marksmanship,56,27,29
Speedofpain,kazzak,928,hunter,marksmanship,53,19,34
Sogoru,dun-modr,927,hunter,marksmanship,69,37,32
Iliketraps,blackmoore,927,hunter,marksmanship,23,10,13
Luckyshooter,nethersturm,925,hunter,marksmanship,83,40,43
Arkell,los-errantes,924,hunter,marksmanship,30,12,18
Кривоватый,galakrond,923,hunter,marksmanship,19,12,7
Euphellius,darkmoon-faire,923,hunter,marksmanship,42,18,24
Robros,dentarg,921,hunter,marksmanship,18,10,8
Zicko,argent-dawn,909,hunter,marksmanship,53,22,31
Honilsom,thunderhorn,907,hunter,marksmanship,61,16,45
Zaragattas,aggra-português,905,hunter,marksmanship,29,12,17
Honrø,hyjal,905,hunter,marksmanship,54,21,33
Шумогон,gordunni,903,hunter,marksmanship,66,18,48
Амобарбиталх,gordunni,901,hunter,marksmanship,33,11,22
Storphunt,drakthul,897,hunter,marksmanship,23,10,13
Thieuu,twisting-nether,894,hunter,marksmanship,17,10,7
Ранбоу,howling-fjord,893,hunter,marksmanship,121,57,64
Kælan,grim-batol,893,hunter,marksmanship,35,10,25
Deadyeyez,doomhammer,892,hunter,marksmanship,21,12,9
Rivery,azjolnerub,892,hunter,marksmanship,24,12,12
Burondeya,twisting-nether,888,hunter,marksmanship,36,16,20
Agnõr,chants-éternels,887,hunter,marksmanship,29,15,14
Cilia,suramar,885,hunter,marksmanship,42,13,29
Adventures,darkmoon-faire,881,hunter,marksmanship,18,10,8
Kenshinhu,turalyon,879,hunter,marksmanship,59,27,32
Шикаа,gordunni,876,hunter,marksmanship,23,11,12
Erdna,khaz-modan,875,hunter,marksmanship,54,27,27
Лордввт,howling-fjord,874,hunter,marksmanship,30,14,16
Aous,burning-legion,873,hunter,marksmanship,30,11,19
Irïna,arakarahm,871,hunter,marksmanship,114,59,55
Aliyah,blackmoore,867,hunter,marksmanship,66,33,33
Feelmyfurý,tarren-mill,864,hunter,marksmanship,12,9,3
Slo,sylvanas,864,hunter,marksmanship,12,9,3
Mòzetonq,ravencrest,864,hunter,marksmanship,18,9,9
Liquidhunter,quelthalas,864,hunter,marksmanship,18,9,9
Denkstah,tarren-mill,864,hunter,marksmanship,18,9,9
Ðõt,ravencrest,864,hunter,marksmanship,18,9,9
Weilerz,drakthul,864,hunter,marksmanship,18,9,9
Auxsan,outland,864,hunter,marksmanship,21,10,11
Watchouttah,the-maelstrom,864,hunter,marksmanship,24,9,15
Dariusmm,silvermoon,863,hunter,marksmanship,12,9,3
Fìnwë,varimathras,863,hunter,marksmanship,12,9,3
Jayri,ravencrest,863,hunter,marksmanship,18,9,9
Alluan,blackrock,863,hunter,marksmanship,18,9,9
Blackbane,ravencrest,863,hunter,marksmanship,18,9,9
Thugzilla,auchindoun,863,hunter,marksmanship,18,9,9
Vyana,sylvanas,863,hunter,marksmanship,18,9,9
Какжеплевать,gordunni,862,hunter,marksmanship,12,9,3
Beyzworld,antonidas,862,hunter,marksmanship,18,9,9
Gramyr,ysondre,862,hunter,marksmanship,18,9,9
Obii,stormscale,862,hunter,marksmanship,18,9,9
Chloros,ysondre,862,hunter,marksmanship,18,9,9
Retropunk,ravencrest,862,hunter,marksmanship,18,9,9
Stripedcani,kelthuzad,862,hunter,marksmanship,18,9,9
Jahunter,aggra-português,862,hunter,marksmanship,18,9,9
Fantus,sylvanas,862,hunter,marksmanship,18,9,9
Grolmgar,malganis,862,hunter,marksmanship,18,9,9
Thazur,blackmoore,862,hunter,marksmanship,18,9,9
Eilyn,quelthalas,862,hunter,marksmanship,24,9,15
Serpos,cthun,862,hunter,marksmanship,24,9,15
Eppinefrin,silvermoon,861,hunter,marksmanship,46,23,23
Lancer,aggra-português,861,hunter,marksmanship,18,9,9
Bosseleon,blackrock,861,hunter,marksmanship,18,9,9
Insanepvper,argent-dawn,861,hunter,marksmanship,24,9,15
Theuzikat,ragnaros,861,hunter,marksmanship,24,9,15
Vandathien,stormrage,861,hunter,marksmanship,24,9,15
Screewu,twisting-nether,861,hunter,marksmanship,27,9,18
Jalu,die-aldor,860,hunter,marksmanship,12,9,3
Ggproiettili,pozzo-delleternità,860,hunter,marksmanship,24,9,15
Gødzftw,kazzak,860,hunter,marksmanship,28,9,19
Jalcer,draenor,860,hunter,marksmanship,30,9,21
Джимуха,soulflayer,859,hunter,marksmanship,30,15,15
Warkum,zuljin,859,hunter,marksmanship,18,9,9
Enistee,silvermoon,859,hunter,marksmanship,19,9,10
Jägarenen,kazzak,857,hunter,marksmanship,18,9,9
Krippie,dun-modr,857,hunter,marksmanship,42,19,23
Bicepz,azjolnerub,856,hunter,marksmanship,18,9,9
Prougefate,darksorrow,855,hunter,marksmanship,18,9,9
Qmbonboni,ravencrest,855,hunter,marksmanship,24,9,15
Helioshin,pozzo-delleternità,855,hunter,marksmanship,30,9,21
Odyzeus,drakthul,854,hunter,marksmanship,24,9,15
Aliriana,doomhammer,853,hunter,marksmanship,18,9,9
Baldazr,shadowsong,853,hunter,marksmanship,24,9,15
Sasi,burning-legion,851,hunter,marksmanship,36,18,18
Thebalrog,korgall,851,hunter,marksmanship,18,9,9
Talanar,tarren-mill,850,hunter,marksmanship,18,9,9
Фридор,deathguard,850,hunter,marksmanship,24,10,14
Hunterhouse,draenor,847,hunter,marksmanship,29,9,20
Belkane,elune,841,hunter,marksmanship,18,9,9
Nogneteen,chamber-of-aspects,840,hunter,marksmanship,29,11,18
Petardas,outland,839,hunter,marksmanship,38,17,21
Koørai,outland,836,hunter,marksmanship,29,10,19
Calea,zirkel-des-cenarius,835,hunter,marksmanship,30,13,17
Куфа,blackscar,831,hunter,marksmanship,20,10,10
Digsholes,ravencrest,828,hunter,marksmanship,17,9,8
Annihllation,twilights-hammer,826,hunter,marksmanship,18,9,9
Eldrilaon,arthas,823,hunter,marksmanship,45,20,25
Aadarshh,turalyon,819,hunter,marksmanship,54,24,30
Rollei,uldum,816,hunter,marksmanship,18,9,9
Kartouche,culte-de-la-rive-noire,816,hunter,marksmanship,56,26,30
Lilsnipè,outland,815,hunter,marksmanship,17,9,8
Banàna,draenor,815,hunter,marksmanship,23,9,14
Rockymarciaa,dalaran,808,hunter,marksmanship,27,9,18
Фаффурион,gordunni,807,hunter,marksmanship,25,11,14
Umani,lightnings-blade,799,hunter,marksmanship,17,9,8
Ímpulsion,stormscale,799,hunter,marksmanship,20,9,11
Лордорион,gordunni,796,hunter,marksmanship,41,17,24
Greel,saurfang,787,hunter,marksmanship,98,42,56
Neiloh,defias-brotherhood,782,hunter,marksmanship,13,9,4
Biggusdickuz,tarren-mill,779,hunter,marksmanship,19,9,10
Grafhunter,antonidas,772,hunter,marksmanship,129,61,68
Мокку,howling-fjord,770,hunter,marksmanship,27,12,15
Tenkai,cthun,769,hunter,marksmanship,71,31,40
Luzivar,malganis,768,hunter,marksmanship,12,8,4
Srédder,defias-brotherhood,768,hunter,marksmanship,12,8,4
Küredent,archimonde,768,hunter,marksmanship,12,8,4
Ormsliskaren,shattered-hand,768,hunter,marksmanship,12,8,4
Îløvémêld,kazzak,768,hunter,marksmanship,12,8,4
Celesticx,chamber-of-aspects,768,hunter,marksmanship,18,8,10
Carre,twilights-hammer,768,hunter,marksmanship,18,8,10
Nelf,shattered-hand,768,hunter,marksmanship,18,8,10
Palav,outland,768,hunter,marksmanship,18,8,10
Wolfud,pozzo-delleternità,768,hunter,marksmanship,18,8,10
Birdemic,stormscale,768,hunter,marksmanship,18,8,10
Frágile,drakthul,768,hunter,marksmanship,18,8,10
Tyrone,saurfang,768,hunter,marksmanship,27,9,18
Луврен,deepholm,768,hunter,marksmanship,36,8,28
Sylverain,silvermoon,767,hunter,marksmanship,12,8,4
Zøk,stormscale,767,hunter,marksmanship,12,8,4
Prokh,twisting-nether,767,hunter,marksmanship,12,8,4
Nétharian,tarren-mill,767,hunter,marksmanship,12,8,4
Ðarrk,tarren-mill,767,hunter,marksmanship,12,8,4
Mareyn,argent-dawn,767,hunter,marksmanship,12,8,4
Ntw,aggra-português,767,hunter,marksmanship,15,8,7
Иттириса,gordunni,767,hunter,marksmanship,18,8,10
Рэкрэйван,gordunni,767,hunter,marksmanship,18,8,10
Lourse,ysondre,767,hunter,marksmanship,18,8,10
Raegal,sanguino,767,hunter,marksmanship,18,8,10
Jettraichu,aggra-português,767,hunter,marksmanship,18,8,10
Зуллден,soulflayer,767,hunter,marksmanship,18,8,10
Bicepflex,ragnaros,767,hunter,marksmanship,18,8,10
Starborne,draenor,767,hunter,marksmanship,18,8,10
Krooghan,outland,767,hunter,marksmanship,18,8,10
Progh,ragnaros,767,hunter,marksmanship,18,8,10
Halfogre,draenor,767,hunter,marksmanship,18,8,10
Иоссифсталин,soulflayer,767,hunter,marksmanship,24,8,16
Обнимуха,soulflayer,767,hunter,marksmanship,24,8,16
Nelftard,agamaggan,766,hunter,marksmanship,12,8,4
Aenina,kazzak,766,hunter,marksmanship,18,8,10
Shoót,blackmoore,766,hunter,marksmanship,18,8,10
Мафчик,razuvious,766,hunter,marksmanship,24,8,16
Warpo,ysondre,766,hunter,marksmanship,24,8,16
Galadris,kirin-tor,765,hunter,marksmanship,18,8,10
Ixôn,tarren-mill,765,hunter,marksmanship,24,8,16
Guerrilla,stormscale,765,hunter,marksmanship,24,8,16
Gyldain,argent-dawn,765,hunter,marksmanship,71,17,54
Amogustroll,burning-blade,764,hunter,marksmanship,16,8,8
Oneeyedjoe,the-maelstrom,764,hunter,marksmanship,18,8,10
Aourön,archimonde,764,hunter,marksmanship,18,8,10
Neuwi,stormreaver,764,hunter,marksmanship,18,8,10
Тайэре,blackscar,763,hunter,marksmanship,12,8,4
Shibai,outland,762,hunter,marksmanship,18,8,10
Galintzor,area-52,761,hunter,marksmanship,18,8,10
Nawwaf,tarren-mill,761,hunter,marksmanship,29,8,21
Конар,soulflayer,760,hunter,marksmanship,12,8,4
Wetto,ravencrest,759,hunter,marksmanship,18,8,10
Biggie,azshara,759,hunter,marksmanship,24,8,16
Tiph,argent-dawn,756,hunter,marksmanship,18,8,10
Diosteayuda,dun-modr,755,hunter,marksmanship,12,8,4
Skynner,blackrock,755,hunter,marksmanship,18,8,10
Thrund,burning-legion,751,hunter,marksmanship,12,8,4
Mimiop,hyjal,751,hunter,marksmanship,108,49,59
Bloodshot,nethersturm,749,hunter,marksmanship,24,8,16
Hellriderr,silvermoon,748,hunter,marksmanship,81,33,48
Спелла,goldrinn,748,hunter,marksmanship,29,8,21
Erestor,hellfire,747,hunter,marksmanship,12,8,4
Ønur,twisting-nether,747,hunter,marksmanship,18,8,10
Waresfido,nordrassil,740,hunter,marksmanship,38,12,26
Filizvogel,aegwynn,735,hunter,marksmanship,17,8,9
Deathøfrats,ravencrest,719,hunter,marksmanship,11,8,3
Gen,twisting-nether,719,hunter,marksmanship,17,8,9
Hantdown,defias-brotherhood,715,hunter,marksmanship,17,8,9
Ryhope,silvermoon,714,hunter,marksmanship,11,8,3
Чизано,deathguard,710,hunter,marksmanship,18,9,9
Загзигзаг,soulflayer,710,hunter,marksmanship,21,9,12
Ролингуд,galakrond,705,hunter,marksmanship,18,9,9
Sauer,stormreaver,704,hunter,marksmanship,24,8,16
Huntseeker,draenor,702,hunter,marksmanship,20,8,12
Grantafla,silvermoon,692,hunter,marksmanship,44,8,36
Tuskah,stormreaver,687,hunter,marksmanship,19,8,11
Killershadow,twisting-nether,672,hunter,marksmanship,12,7,5
Агелетка,gordunni,672,hunter,marksmanship,12,7,5
Elonmask,argent-dawn,672,hunter,marksmanship,12,7,5
Аабстрактная,gordunni,672,hunter,marksmanship,12,7,5
Fluttershy,terokkar,672,hunter,marksmanship,12,7,5
Lilsnuss,outland,672,hunter,marksmanship,12,7,5
Найтхантишка,gordunni,672,hunter,marksmanship,12,7,5
Zynga,sylvanas,672,hunter,marksmanship,12,7,5
Bigbowyahurd,draenor,672,hunter,marksmanship,12,7,5
Dtq,silvermoon,672,hunter,marksmanship,12,7,5
Bawzé,archimonde,672,hunter,marksmanship,12,7,5
Bonjwa,aegwynn,672,hunter,marksmanship,12,7,5
Brubeck,terokkar,672,hunter,marksmanship,12,7,5
Merquryh,ravencrest,672,hunter,marksmanship,12,7,5
Monnee,outland,672,hunter,marksmanship,12,7,5
Eliune,silvermoon,672,hunter,marksmanship,12,7,5
Alfacera,steamwheedle-cartel,672,hunter,marksmanship,12,7,5
Хвоостт,gordunni,672,hunter,marksmanship,12,7,5
Avaren,archimonde,672,hunter,marksmanship,12,7,5
Vrikenh,tarren-mill,672,hunter,marksmanship,12,7,5
Meeturmakerr,ravencrest,672,hunter,marksmanship,12,7,5
Vracarx,silvermoon,672,hunter,marksmanship,12,7,5
Veñom,stormscale,672,hunter,marksmanship,12,7,5
Джэймсхант,gordunni,672,hunter,marksmanship,12,7,5
Hesuss,kazzak,672,hunter,marksmanship,12,7,5
Bnji,hyjal,672,hunter,marksmanship,18,7,11
Трольболь,eversong,672,hunter,marksmanship,18,7,11
Påtrîckbátém,ravencrest,672,hunter,marksmanship,18,7,11
Doghxnter,ravencrest,672,hunter,marksmanship,18,7,11
Bluffmakarn,silvermoon,672,hunter,marksmanship,18,7,11
Землепух,howling-fjord,672,hunter,marksmanship,18,7,11
Антисерт,ashenvale,672,hunter,marksmanship,18,7,11
Scartet,blackmoore,672,hunter,marksmanship,18,7,11
Джарвиз,soulflayer,672,hunter,marksmanship,18,7,11
Darksmoky,forscherliga,672,hunter,marksmanship,24,7,17
Онкьяр,gordunni,672,hunter,marksmanship,24,7,17
Moroezxoxo,ravencrest,672,hunter,marksmanship,24,7,17
Piksî,kazzak,672,hunter,marksmanship,24,7,17
Griffithstew,blackmoore,672,hunter,marksmanship,24,7,17
Халикер,soulflayer,671,hunter,marksmanship,12,7,5
Хантероо,gordunni,671,hunter,marksmanship,12,7,5
Qiruun,draenor,671,hunter,marksmanship,12,7,5
Maknamara,tarren-mill,671,hunter,marksmanship,12,7,5
Недоношенная,howling-fjord,671,hunter,marksmanship,12,7,5
Полития,azuregos,671,hunter,marksmanship,15,8,7
Jomerin,thrall,671,hunter,marksmanship,18,7,11
Bobshmurda,defias-brotherhood,671,hunter,marksmanship,18,7,11
Hawkeyé,forscherliga,671,hunter,marksmanship,18,7,11
Ashrak,frostmourne,671,hunter,marksmanship,18,7,11
Famex,blackmoore,671,hunter,marksmanship,18,7,11
Thengill,draenor,671,hunter,marksmanship,18,7,11
Snaptrap,eredar,671,hunter,marksmanship,18,7,11
Majuli,stormrage,671,hunter,marksmanship,18,7,11
Hashaya,hyjal,671,hunter,marksmanship,18,7,11
Pôts,blackrock,671,hunter,marksmanship,24,7,17
Sjufemman,ravencrest,671,hunter,marksmanship,24,7,17
Multishot,dalaran,671,hunter,marksmanship,24,7,17
Ceres,kaelthas,671,hunter,marksmanship,24,7,17
Pewpewshotz,stormscale,670,hunter,marksmanship,12,7,5
Cheesychees,sylvanas,670,hunter,marksmanship,12,7,5
Yip,twisting-nether,670,hunter,marksmanship,18,7,11
Spêctrâ,sylvanas,670,hunter,marksmanship,18,7,11
Suburra,stormscale,670,hunter,marksmanship,18,7,11
Okumo,the-maelstrom,670,hunter,marksmanship,18,7,11
Anthélià,antonidas,670,hunter,marksmanship,18,7,11
Querro,azshara,670,hunter,marksmanship,24,7,17
Sanhunter,eredar,670,hunter,marksmanship,24,7,17
Huntbegin,burning-legion,669,hunter,marksmanship,12,7,5
Dahunter,blackmoore,669,hunter,marksmanship,12,7,5
Qqc,burning-legion,669,hunter,marksmanship,12,7,5
Aggyaceshot,silvermoon,669,hunter,marksmanship,18,7,11
Flintenwilly,die-aldor,669,hunter,marksmanship,18,7,11
Bloodhøund,draenor,669,hunter,marksmanship,18,7,11
Kaudza,archimonde,669,hunter,marksmanship,18,7,11
Marudô,aegwynn,669,hunter,marksmanship,24,7,17
Naregar,draenor,669,hunter,marksmanship,24,7,17
Rayzør,eitrigg,668,hunter,marksmanship,18,7,11
Lunalai,antonidas,668,hunter,marksmanship,18,7,11
Wishmeweed,kazzak,668,hunter,marksmanship,18,7,11
Jondone,silvermoon,668,hunter,marksmanship,36,7,29
Nevarline,twisting-nether,665,hunter,marksmanship,12,7,5
Basìcs,nemesis,665,hunter,marksmanship,12,7,5
Aleshanee,anetheron,664,hunter,marksmanship,18,7,11
Towknee,tarren-mill,663,hunter,marksmanship,12,7,5
Eilaa,ravencrest,662,hunter,marksmanship,18,7,11
Fernetcola,los-errantes,661,hunter,marksmanship,12,7,5
Banshees,sylvanas,661,hunter,marksmanship,12,7,5
Крошкамэг,eversong,661,hunter,marksmanship,19,8,11
Пуллятель,borean-tundra,660,hunter,marksmanship,22,10,12
Arkman,malganis,660,hunter,marksmanship,30,7,23
Shokre,silvermoon,657,hunter,marksmanship,12,7,5
Miisakaa,antonidas,656,hunter,marksmanship,18,7,11
Breezhunt,twisting-nether,655,hunter,marksmanship,17,7,10
Pulica,the-maelstrom,654,hunter,marksmanship,18,7,11
Есселин,thermaplugg,650,hunter,marksmanship,18,7,11
Пушкабомби,soulflayer,632,hunter,marksmanship,26,8,18
Механямка,gordunni,624,hunter,marksmanship,21,7,14
Элфй,gordunni,623,hunter,marksmanship,21,7,14
Kyliun,frostmane,620,hunter,marksmanship,17,7,10
Legöläs,tarren-mill,617,hunter,marksmanship,17,7,10
Sylasteria,twisting-nether,617,hunter,marksmanship,23,8,15
Trachunt,twisting-nether,607,hunter,marksmanship,11,7,4
Мюльфинштейн,howling-fjord,607,hunter,marksmanship,23,7,16
Саэсантессис,howling-fjord,601,hunter,marksmanship,16,7,9
Tudjuk,arathor,592,hunter,marksmanship,19,7,12
Connyrövöga,draenor,576,hunter,marksmanship,6,6,0
Dolwen,argent-dawn,576,hunter,marksmanship,12,6,6
Zhao,zenedar,576,hunter,marksmanship,12,6,6
Vorsia,tarren-mill,576,hunter,marksmanship,12,6,6
Grandiosity,tarren-mill,576,hunter,marksmanship,12,6,6
Swaggercatx,stormscale,576,hunter,marksmanship,12,6,6
Abaforth,bronze-dragonflight,576,hunter,marksmanship,12,6,6
Sketana,silvermoon,576,hunter,marksmanship,12,6,6
Destynarîa,illidan,576,hunter,marksmanship,12,6,6
Warmus,auchindoun,576,hunter,marksmanship,12,6,6
Инкризшот,gordunni,576,hunter,marksmanship,12,6,6
Артуша,booty-bay,576,hunter,marksmanship,12,6,6
Djidawn,ysondre,576,hunter,marksmanship,12,6,6
Smiren,ragnaros,576,hunter,marksmanship,12,6,6
Shína,argent-dawn,576,hunter,marksmanship,12,6,6
Оути,azuregos,576,hunter,marksmanship,12,6,6
Hunlin,kazzak,576,hunter,marksmanship,12,6,6
Greg,defias-brotherhood,576,hunter,marksmanship,12,6,6
Самоанец,gordunni,576,hunter,marksmanship,12,6,6
Dugini,ravencrest,576,hunter,marksmanship,12,6,6
Madjia,ravencrest,576,hunter,marksmanship,12,6,6
Bøgs,the-maelstrom,576,hunter,marksmanship,12,6,6
Kasperhawser,silvermoon,576,hunter,marksmanship,12,6,6
Кимчик,borean-tundra,576,hunter,marksmanship,12,6,6
Pantero,kazzak,576,hunter,marksmanship,12,6,6
Джинксан,blackscar,576,hunter,marksmanship,12,6,6
Sqedihunter,silvermoon,576,hunter,marksmanship,12,6,6
Гунныч,grom,576,hunter,marksmanship,12,6,6
Stamzer,drakthul,576,hunter,marksmanship,12,6,6
Freexkite,aegwynn,576,hunter,marksmanship,14,6,8
Antisniper,kazzak,576,hunter,marksmanship,17,6,11
Tomli,nemesis,576,hunter,marksmanship,18,6,12
Oobe,hyjal,576,hunter,marksmanship,18,6,12
Instinctx,agamaggan,576,hunter,marksmanship,18,6,12
Fiveshøt,blackmoore,576,hunter,marksmanship,18,6,12
Такувами,gordunni,576,hunter,marksmanship,18,6,12
Bloodymarìe,kelthuzad,576,hunter,marksmanship,18,6,12
Funkemarie,blackmoore,576,hunter,marksmanship,18,6,12
Ðayla,nethersturm,576,hunter,marksmanship,18,6,12
Somethíngmad,stormscale,576,hunter,marksmanship,24,6,18
Кэрнел,gordunni,576,hunter,marksmanship,24,6,18
Brake,kelthuzad,576,hunter,marksmanship,28,6,22
Тохадиско,gordunni,575,hunter,marksmanship,6,6,0
Memehunter,aegwynn,575,hunter,marksmanship,6,6,0
Vardnev,dun-modr,575,hunter,marksmanship,12,6,6
Stralthir,argent-dawn,575,hunter,marksmanship,12,6,6
Ina,tarren-mill,575,hunter,marksmanship,12,6,6
Evelhunter,kargath,575,hunter,marksmanship,12,6,6
Elladiel,blackmoore,575,hunter,marksmanship,12,6,6
Squidy,archimonde,575,hunter,marksmanship,12,6,6
Tolkienn,archimonde,575,hunter,marksmanship,12,6,6
Domsín,ravencrest,575,hunter,marksmanship,12,6,6
Xeragon,frostwolf,575,hunter,marksmanship,12,6,6
Slayné,silvermoon,575,hunter,marksmanship,12,6,6
Earlyspring,ragnaros,575,hunter,marksmanship,12,6,6
Пирс,eversong,575,hunter,marksmanship,12,6,6
Manatodamoon,aerie-peak,575,hunter,marksmanship,12,6,6
Maeba,shendralar,575,hunter,marksmanship,12,6,6
Dirtydolores,thrall,575,hunter,marksmanship,12,6,6
Nastytraps,blackrock,575,hunter,marksmanship,12,6,6
Donpromìlló,blackhand,575,hunter,marksmanship,15,7,8
Bawwykwipkee,ragnaros,575,hunter,marksmanship,18,6,12
Bourrinax,kazzak,575,hunter,marksmanship,18,6,12
Elvenian,twisting-nether,575,hunter,marksmanship,18,6,12
Deahtviper,blackmoore,575,hunter,marksmanship,18,6,12
Gxx,burning-blade,575,hunter,marksmanship,18,6,12
Джантига,howling-fjord,575,hunter,marksmanship,18,6,12
Ozaï,eredar,575,hunter,marksmanship,18,6,12
Dritzdòurden,dun-modr,575,hunter,marksmanship,18,6,12
Frilance,dun-modr,575,hunter,marksmanship,18,6,12
Переферия,galakrond,575,hunter,marksmanship,18,6,12
Spineshot,thrall,575,hunter,marksmanship,24,6,18
Aimeddead,doomhammer,574,hunter,marksmanship,12,6,6
Longshot,burning-legion,574,hunter,marksmanship,12,6,6
Egy,the-maelstrom,574,hunter,marksmanship,12,6,6
Løløsifredo,ysondre,574,hunter,marksmanship,12,6,6
Bâng,zuljin,574,hunter,marksmanship,18,6,12
Djurslavaren,draenor,574,hunter,marksmanship,18,6,12
Hitscan,ravencrest,572,hunter,marksmanship,12,6,6
Kveyther,silvermoon,572,hunter,marksmanship,12,6,6
Анариэлль,gordunni,572,hunter,marksmanship,12,6,6
Penelopé,darkmoon-faire,572,hunter,marksmanship,18,6,12
Orcgun,mugthol,572,hunter,marksmanship,18,6,12
Ginterjudo,burning-legion,571,hunter,marksmanship,12,6,6
Cronox,sporeggar,571,hunter,marksmanship,12,6,6
Kichassequi,khaz-modan,571,hunter,marksmanship,23,8,15
Algar,tarren-mill,570,hunter,marksmanship,12,6,6
Dødshøt,twisting-nether,569,hunter,marksmanship,18,6,12
Deadlymayhem,dragonblight,568,hunter,marksmanship,18,6,12
Jilkhar,twisting-nether,565,hunter,marksmanship,12,6,6
Mooj,malganis,559,hunter,marksmanship,11,6,5
Mirselle,drakthul,558,hunter,marksmanship,18,6,12
Slÿzqx,archimonde,543,hunter,marksmanship,11,6,5
Ratwithgat,argent-dawn,543,hunter,marksmanship,16,6,10
Hokro,thrall,542,hunter,marksmanship,14,6,8
Senelor,dalaran,514,hunter,marksmanship,27,7,20
Novifløw,archimonde,512,hunter,marksmanship,10,6,4
Emriye,antonidas,510,hunter,marksmanship,14,6,8
Фэйсконтроль,azuregos,506,hunter,marksmanship,20,6,14
Trapzila,aggra-português,480,hunter,marksmanship,6,5,1
Mecamoot,drekthar,480,hunter,marksmanship,6,5,1
Toptìérgoðx,drakthul,480,hunter,marksmanship,6,5,1
Soloist,sylvanas,480,hunter,marksmanship,6,5,1
Hawkinstinct,tarren-mill,480,hunter,marksmanship,6,5,1
Deepcleaning,kazzak,480,hunter,marksmanship,6,5,1
Wolder,burning-legion,480,hunter,marksmanship,6,5,1
Twinkhunter,pozzo-delleternità,480,hunter,marksmanship,6,5,1
Eveo,antonidas,480,hunter,marksmanship,6,5,1
Сальверди,gordunni,480,hunter,marksmanship,6,5,1
Athará,aegwynn,480,hunter,marksmanship,6,5,1
Hvaskøduenme,stormscale,480,hunter,marksmanship,6,5,1
Akkixz,antonidas,480,hunter,marksmanship,6,5,1
Кайсго,gordunni,480,hunter,marksmanship,12,5,7
Carrilynn,blackrock,480,hunter,marksmanship,12,5,7
Adhdbad,tarren-mill,480,hunter,marksmanship,12,5,7
Хароко,gordunni,480,hunter,marksmanship,12,5,7
Msir,kazzak,480,hunter,marksmanship,12,5,7
Ahpwall,archimonde,480,hunter,marksmanship,12,5,7
Mahuntah,drakthul,480,hunter,marksmanship,12,5,7
Denaik,ravencrest,480,hunter,marksmanship,12,5,7
Уайлен,gordunni,480,hunter,marksmanship,12,5,7
Присуньмне,galakrond,480,hunter,marksmanship,12,5,7
Givz,outland,480,hunter,marksmanship,12,5,7
Masthuhn,blackmoore,480,hunter,marksmanship,12,5,7
Headshott,agamaggan,480,hunter,marksmanship,12,5,7
Sissnik,thrall,480,hunter,marksmanship,12,5,7
Ðæom,outland,480,hunter,marksmanship,12,5,7
Яроняютрапу,gordunni,480,hunter,marksmanship,12,5,7
Yoggys,outland,480,hunter,marksmanship,12,5,7
Nothrokh,auchindoun,480,hunter,marksmanship,12,5,7
Sodavand,silvermoon,480,hunter,marksmanship,12,5,7
Djøgi,archimonde,480,hunter,marksmanship,12,5,7
Semda,blackmoore,480,hunter,marksmanship,12,5,7
Thúnar,aegwynn,480,hunter,marksmanship,12,5,7
Mercoman,bronze-dragonflight,480,hunter,marksmanship,12,5,7
Galou,ghostlands,480,hunter,marksmanship,12,5,7
Ghøst,madmortem,480,hunter,marksmanship,12,5,7
Olsenas,silvermoon,480,hunter,marksmanship,12,5,7
Capball,kelthuzad,480,hunter,marksmanship,12,5,7
Agbaba,twisting-nether,480,hunter,marksmanship,12,5,7
Sashobg,aerie-peak,480,hunter,marksmanship,12,5,7
Sloee,sylvanas,480,hunter,marksmanship,12,5,7
Deathmarks,blackrock,480,hunter,marksmanship,12,5,7
Spitchy,kazzak,480,hunter,marksmanship,12,5,7
Fylealaes,ravencrest,480,hunter,marksmanship,12,5,7
Huntardös,outland,480,hunter,marksmanship,12,5,7
Multigodx,draenor,480,hunter,marksmanship,12,5,7
Хипдо,soulflayer,480,hunter,marksmanship,12,5,7
Gakco,twisting-nether,480,hunter,marksmanship,12,5,7
Lambtron,tarren-mill,480,hunter,marksmanship,12,5,7
Kundra,ravencrest,480,hunter,marksmanship,12,5,7
Mazhug,stormreaver,480,hunter,marksmanship,12,5,7
Kikilirilivi,ysondre,480,hunter,marksmanship,12,5,7
Кукито,goldrinn,480,hunter,marksmanship,12,5,7
Gunfroor,the-maelstrom,480,hunter,marksmanship,12,5,7
Geete,kazzak,480,hunter,marksmanship,12,5,7
Ластшотик,gordunni,480,hunter,marksmanship,12,5,7
Meghanmarkle,tarren-mill,480,hunter,marksmanship,13,5,8
Draknik,nemesis,480,hunter,marksmanship,16,6,10
Wîldhunt,burning-legion,480,hunter,marksmanship,17,5,12
Booskihunter,burning-legion,480,hunter,marksmanship,18,5,13
Hÿyrøk,ysondre,480,hunter,marksmanship,18,5,13
Ätea,hyjal,480,hunter,marksmanship,18,5,13
Deathwallker,silvermoon,480,hunter,marksmanship,18,5,13
Outkást,sylvanas,480,hunter,marksmanship,18,5,13
Dramin,defias-brotherhood,480,hunter,marksmanship,18,5,13
Wielok,burning-legion,480,hunter,marksmanship,18,5,13
Rêxxer,blackmoore,480,hunter,marksmanship,18,5,13
Jakis,silvermoon,480,hunter,marksmanship,18,5,13
Тэуреэль,gordunni,480,hunter,marksmanship,18,5,13
Tetiscaza,sanguino,480,hunter,marksmanship,24,5,19
Arawnork,stormreaver,479,hunter,marksmanship,6,5,1
Nathah,burning-legion,479,hunter,marksmanship,6,5,1
Asâya,blackmoore,479,hunter,marksmanship,6,5,1
Золларис,deathguard,479,hunter,marksmanship,6,5,1
Hapocalypt,pozzo-delleternità,479,hunter,marksmanship,12,5,7
Живадер,ashenvale,479,hunter,marksmanship,12,5,7
Xeqter,ravencrest,479,hunter,marksmanship,12,5,7
Shogos,aggra-português,479,hunter,marksmanship,12,5,7
Whereismypet,azjolnerub,479,hunter,marksmanship,12,5,7
Razzét,stormscale,479,hunter,marksmanship,12,5,7
Ninjaskillss,ravencrest,479,hunter,marksmanship,12,5,7
Zäyk,zuljin,479,hunter,marksmanship,12,5,7
Grimazg,chogall,479,hunter,marksmanship,12,5,7
Typex,defias-brotherhood,479,hunter,marksmanship,12,5,7
Rasttrim,dun-modr,479,hunter,marksmanship,13,5,8
Attileus,ragnaros,479,hunter,marksmanship,15,5,10
Secrety,doomhammer,479,hunter,marksmanship,17,5,12
Smígol,stormreaver,479,hunter,marksmanship,18,5,13
Gêorge,teldrassil,479,hunter,marksmanship,18,5,13
Nígruløl,arthas,479,hunter,marksmanship,18,5,13
Hentt,burning-legion,479,hunter,marksmanship,18,5,13
Зиргус,gordunni,479,hunter,marksmanship,18,5,13
Cazaó,sanguino,479,hunter,marksmanship,18,5,13
Fugerlynipps,stormrage,479,hunter,marksmanship,24,5,19
Nightarrows,ravencrest,478,hunter,marksmanship,6,5,1
Bæbåk,frostmane,478,hunter,marksmanship,6,5,1
Cybertruck,cthun,478,hunter,marksmanship,12,5,7
Sodomaizer,turalyon,478,hunter,marksmanship,12,5,7
Лукорды,gordunni,478,hunter,marksmanship,12,5,7
Pylos,azshara,477,hunter,marksmanship,12,5,7
Bijuelfe,draenor,477,hunter,marksmanship,12,5,7
Legath,emerald-dream,477,hunter,marksmanship,12,5,7
Titanx,sylvanas,477,hunter,marksmanship,12,5,7
Zanrawo,blutkessel,476,hunter,marksmanship,12,5,7
Гекагека,gordunni,476,hunter,marksmanship,12,5,7
Klittcrit,bloodhoof,475,hunter,marksmanship,12,5,7
Sixty,rajaxx,474,hunter,marksmanship,18,5,13
Karmios,drakthul,473,hunter,marksmanship,12,5,7
Skapig,frostwolf,473,hunter,marksmanship,18,5,13
Juki,pozzo-delleternità,472,hunter,marksmanship,12,5,7
Banninymph,culte-de-la-rive-noire,464,hunter,marksmanship,26,8,18
Brønkø,azshara,463,hunter,marksmanship,17,5,12
Rdevill,outland,448,hunter,marksmanship,16,5,11
Шэнчи,greymane,447,hunter,marksmanship,11,6,5
Leontus,stormscale,447,hunter,marksmanship,10,5,5
Littlenugget,ravencrest,447,hunter,marksmanship,11,5,6
Urith,les-clairvoyants,447,hunter,marksmanship,14,6,8
Haleth,uldum,447,hunter,marksmanship,17,5,12
Rea,archimonde,442,hunter,marksmanship,22,5,17
Thedanchodak,stormrage,440,hunter,marksmanship,11,5,6
Grokis,blackhand,437,hunter,marksmanship,17,5,12
Dropthunthun,argent-dawn,431,hunter,marksmanship,21,5,16
Cais,drakthul,426,hunter,marksmanship,18,6,12
Сашатетива,gordunni,426,hunter,marksmanship,20,6,14
Neremyn,sylvanas,426,hunter,marksmanship,21,6,15
Ruger,hyjal,425,hunter,marksmanship,14,6,8
Obata,arathor,423,hunter,marksmanship,15,6,9
Sleepyarrow,chogall,420,hunter,marksmanship,12,6,6
Artaeos,lordaeron,416,hunter,marksmanship,16,5,11
Geruga,thrall,415,hunter,marksmanship,8,5,3
Kowaki,blackmoore,415,hunter,marksmanship,10,5,5
Thðr,elune,415,hunter,marksmanship,11,5,6
Gotha,festung-der-stürme,414,hunter,marksmanship,14,5,9
Kovx,turalyon,384,hunter,marksmanship,6,4,2
Lennyx,quelthalas,384,hunter,marksmanship,6,4,2
Skytraped,hyjal,384,hunter,marksmanship,6,4,2
Сацыви,gordunni,384,hunter,marksmanship,6,4,2
Sandchaton,ragnaros,384,hunter,marksmanship,6,4,2
Штейн,greymane,384,hunter,marksmanship,6,4,2
Deadhot,dun-morogh,384,hunter,marksmanship,6,4,2
Nöbody,khaz-modan,384,hunter,marksmanship,6,4,2
Natheldir,silvermoon,384,hunter,marksmanship,6,4,2
Snipinx,draenor,384,hunter,marksmanship,6,4,2
Éclipze,outland,384,hunter,marksmanship,6,4,2
Чэрпак,gordunni,384,hunter,marksmanship,6,4,2
Mcloppe,ravencrest,384,hunter,marksmanship,6,4,2
Exthaza,drakthul,384,hunter,marksmanship,6,4,2
Burninghunt,ravencrest,384,hunter,marksmanship,6,4,2
Myoui,silvermoon,384,hunter,marksmanship,6,4,2
Джеймсфранко,blackscar,384,hunter,marksmanship,6,4,2
Dezmoinez,twisting-nether,384,hunter,marksmanship,6,4,2
Benbutton,antonidas,384,hunter,marksmanship,6,4,2
Nßatrapper,outland,384,hunter,marksmanship,6,4,2
Darllene,kazzak,384,hunter,marksmanship,6,4,2
Øtemløol,sanguino,384,hunter,marksmanship,6,4,2
Тумбаюмб,howling-fjord,384,hunter,marksmanship,6,4,2
Pergola,spinebreaker,384,hunter,marksmanship,6,4,2
Doloresman,tarren-mill,384,hunter,marksmanship,6,4,2
Thain,stormscale,384,hunter,marksmanship,6,4,2
Yoey,tarren-mill,384,hunter,marksmanship,6,4,2
Hntudwn,azshara,384,hunter,marksmanship,6,4,2
Переснежник,howling-fjord,384,hunter,marksmanship,6,4,2
Стёпкахант,gordunni,384,hunter,marksmanship,6,4,2
Vantagepoint,arathor,384,hunter,marksmanship,6,4,2
Velen,pozzo-delleternità,384,hunter,marksmanship,6,4,2
Gaudio,outland,384,hunter,marksmanship,6,4,2
Intoxd,sylvanas,384,hunter,marksmanship,6,4,2
Rymous,nemesis,384,hunter,marksmanship,6,4,2
Comegetme,auchindoun,384,hunter,marksmanship,6,4,2
Idtrapthat,nagrand,384,hunter,marksmanship,6,4,2
Spyte,twisting-nether,384,hunter,marksmanship,6,4,2
Síden,sylvanas,384,hunter,marksmanship,6,4,2
Yuptae,alonsus,384,hunter,marksmanship,6,4,2
Bärlibupi,tarren-mill,384,hunter,marksmanship,6,4,2
Ðøper,hyjal,384,hunter,marksmanship,6,4,2
Yuichiro,senjin,384,hunter,marksmanship,6,4,2
Niffe,stormscale,384,hunter,marksmanship,6,4,2
Sovanz,aggra-português,384,hunter,marksmanship,6,4,2
Zøzø,stormscale,384,hunter,marksmanship,6,4,2
Томбомбадил,howling-fjord,384,hunter,marksmanship,6,4,2
Junqué,sanguino,384,hunter,marksmanship,6,4,2
Haranti,dun-modr,384,hunter,marksmanship,6,4,2
Likandria,blackmoore,384,hunter,marksmanship,6,4,2
Дарцетос,greymane,384,hunter,marksmanship,6,4,2
Kragán,silvermoon,384,hunter,marksmanship,6,4,2
Svèntratore,nemesis,384,hunter,marksmanship,6,4,2
Roke,malganis,384,hunter,marksmanship,6,4,2
Zoêva,blackhand,384,hunter,marksmanship,6,4,2
Леегголасс,fordragon,384,hunter,marksmanship,6,4,2
Unßørn,archimonde,384,hunter,marksmanship,6,4,2
Trapeure,archimonde,384,hunter,marksmanship,7,4,3
Áv,outland,384,hunter,marksmanship,14,5,9
Tytoyz,khaz-modan,384,hunter,marksmanship,12,4,8
Vohnívak,turalyon,384,hunter,marksmanship,12,4,8
Draoclick,hyjal,384,hunter,marksmanship,12,4,8
Araemveus,moonglade,384,hunter,marksmanship,12,4,8
Sharún,sylvanas,384,hunter,marksmanship,12,4,8
Rndhunt,shattrath,384,hunter,marksmanship,12,4,8
Графруру,soulflayer,384,hunter,marksmanship,12,4,8
Jskey,aggramar,384,hunter,marksmanship,12,4,8
Chaoticshot,ravencrest,384,hunter,marksmanship,12,4,8
Rapid,sylvanas,384,hunter,marksmanship,12,4,8
Dangerousfoe,argent-dawn,384,hunter,marksmanship,12,4,8
Hardshots,tarren-mill,384,hunter,marksmanship,12,4,8
Tartaupommes,hyjal,384,hunter,marksmanship,12,4,8
Лерочкалиса,gordunni,384,hunter,marksmanship,12,4,8
Верат,howling-fjord,384,hunter,marksmanship,12,4,8
Birdbow,sylvanas,384,hunter,marksmanship,12,4,8
Døømslayer,nemesis,384,hunter,marksmanship,12,4,8
Skyttelaj,stormscale,384,hunter,marksmanship,12,4,8
Cowmelk,stormscale,384,hunter,marksmanship,12,4,8
Jinxpeasant,twisting-nether,384,hunter,marksmanship,12,4,8
Jannolafrite,ysondre,384,hunter,marksmanship,12,4,8
Vallêria,malganis,384,hunter,marksmanship,12,4,8
Mexine,dun-morogh,384,hunter,marksmanship,12,4,8
Slinkywinky,eonar,384,hunter,marksmanship,12,4,8
Deeparrow,stormscale,384,hunter,marksmanship,12,4,8
Taurd,dragonmaw,384,hunter,marksmanship,12,4,8
Eykons,ragnaros,384,hunter,marksmanship,12,4,8
Wildslip,archimonde,384,hunter,marksmanship,12,4,8
Peonfarmer,argent-dawn,384,hunter,marksmanship,12,4,8
Sjins,draenor,384,hunter,marksmanship,12,4,8
Diqtore,aszune,384,hunter,marksmanship,12,4,8
Melvinn,shattered-hand,384,hunter,marksmanship,12,4,8
Zeyron,ravencrest,384,hunter,marksmanship,12,4,8
Kanlina,ravencrest,384,hunter,marksmanship,12,4,8
Jachtorc,kazzak,384,hunter,marksmanship,12,4,8
Becoming,burning-legion,384,hunter,marksmanship,12,4,8
Hiddenstalk,outland,384,hunter,marksmanship,12,4,8
Powerofanime,drakthul,384,hunter,marksmanship,12,4,8
Зангейра,blackscar,384,hunter,marksmanship,12,4,8
Fennecshand,colinas-pardas,384,hunter,marksmanship,12,4,8
Drágø,blackmoore,384,hunter,marksmanship,12,4,8
Свадебная,gordunni,384,hunter,marksmanship,12,4,8
Calyssae,shattered-halls,384,hunter,marksmanship,12,4,8
Oròg,hyjal,384,hunter,marksmanship,12,4,8
Tonttulul,draenor,384,hunter,marksmanship,12,4,8
Sylverein,silvermoon,384,hunter,marksmanship,12,4,8
Arkhantos,anetheron,384,hunter,marksmanship,12,4,8
Naestra,tarren-mill,384,hunter,marksmanship,12,4,8
Aimedbot,azjolnerub,384,hunter,marksmanship,12,4,8
Loydzz,hyjal,384,hunter,marksmanship,12,4,8
Linguinhas,aggra-português,384,hunter,marksmanship,12,4,8
Bugspitz,outland,384,hunter,marksmanship,12,4,8
Darkshe,dun-modr,384,hunter,marksmanship,12,4,8
Hakamael,kirin-tor,384,hunter,marksmanship,12,4,8
Egodennis,frostwolf,384,hunter,marksmanship,12,4,8
Poman,azjolnerub,384,hunter,marksmanship,12,4,8
Aamön,tarren-mill,384,hunter,marksmanship,12,4,8
Hallem,karazhan,384,hunter,marksmanship,12,4,8
Бладшоот,gordunni,384,hunter,marksmanship,12,4,8
Raínbow,aegwynn,384,hunter,marksmanship,12,4,8
Shadowxx,silvermoon,384,hunter,marksmanship,12,4,8
Dorkos,sanguino,384,hunter,marksmanship,12,4,8
Stefraton,tarren-mill,384,hunter,marksmanship,12,4,8
Marodan,ambossar,384,hunter,marksmanship,12,4,8
Косаяя,gordunni,384,hunter,marksmanship,12,4,8
Йинги,gordunni,384,hunter,marksmanship,12,4,8
Cachapas,ravencrest,384,hunter,marksmanship,18,4,14
Kêêpsmile,blackmoore,384,hunter,marksmanship,18,4,14
Soppatorsk,shadowsong,384,hunter,marksmanship,18,4,14
Haraigoshí,grim-batol,384,hunter,marksmanship,18,4,14
Маори,deepholm,384,hunter,marksmanship,18,4,14
Ruhen,aegwynn,384,hunter,marksmanship,18,4,14
Mewithoutyou,ragnaros,384,hunter,marksmanship,18,4,14
Kaldine,argent-dawn,384,hunter,marksmanship,18,4,14
Enablee,lightbringer,384,hunter,marksmanship,24,4,20
Chase,wildhammer,384,hunter,marksmanship,30,4,26
Køûrø,hyjal,383,hunter,marksmanship,6,4,2
Вевери,blackscar,383,hunter,marksmanship,6,4,2
Amiosi,sanguino,383,hunter,marksmanship,10,5,5
Jinzala,argent-dawn,383,hunter,marksmanship,12,4,8
Grognyre,silvermoon,383,hunter,marksmanship,12,4,8
Slicerfoot,ghostlands,383,hunter,marksmanship,12,4,8
Amsterdamer,sylvanas,383,hunter,marksmanship,12,4,8
Zirriath,mazrigos,383,hunter,marksmanship,12,4,8
Ushiuno,defias-brotherhood,383,hunter,marksmanship,12,4,8
Meletis,stormreaver,383,hunter,marksmanship,12,4,8
Kyéra,kirin-tor,383,hunter,marksmanship,12,4,8
Tervel,dun-morogh,383,hunter,marksmanship,12,4,8
Anguerande,khaz-modan,383,hunter,marksmanship,12,4,8
Beaupapa,archimonde,383,hunter,marksmanship,14,4,10
Trillu,madmortem,383,hunter,marksmanship,18,4,14
Koreic,silvermoon,383,hunter,marksmanship,18,4,14
Musux,uldum,383,hunter,marksmanship,18,4,14
Halfstone,frostmane,383,hunter,marksmanship,18,4,14
Bulhumt,draenor,382,hunter,marksmanship,6,4,2
Deadshout,kazzak,382,hunter,marksmanship,6,4,2
Metapouk,archimonde,382,hunter,marksmanship,12,4,8
Costae,aerie-peak,382,hunter,marksmanship,12,4,8
Бурбоньчик,soulflayer,382,hunter,marksmanship,12,4,8
Whitehor,ragnaros,382,hunter,marksmanship,18,4,14
Denixxia,bronzebeard,381,hunter,marksmanship,9,5,4
Enérgize,argent-dawn,380,hunter,marksmanship,18,4,14
Pâthfînder,destromath,379,hunter,marksmanship,12,4,8
Lumidii,burning-legion,379,hunter,marksmanship,12,4,8
Кисяныч,gordunni,372,hunter,marksmanship,18,7,11
Dhmuntar,ravencrest,367,hunter,marksmanship,11,4,7
Éddiémórphín,kazzak,367,hunter,marksmanship,11,4,7
Ketsh,antonidas,367,hunter,marksmanship,17,4,13
Jablaka,blackhand,366,hunter,marksmanship,23,4,19
Boehelientje,defias-brotherhood,351,hunter,marksmanship,11,4,7
Naepy,thrall,351,hunter,marksmanship,16,4,12
Lujägy,antonidas,344,hunter,marksmanship,14,5,9
Shadoox,argent-dawn,335,hunter,marksmanship,11,4,7
Waizen,archimonde,330,hunter,marksmanship,16,6,10
Nimri,kazzak,329,hunter,marksmanship,15,5,10
Arwenna,argent-dawn,328,hunter,marksmanship,11,6,5
Keritos,outland,320,hunter,marksmanship,10,4,6
Bloópy,silvermoon,320,hunter,marksmanship,10,4,6
Rakmo,blackmoore,320,hunter,marksmanship,10,4,6
Drakona,outland,319,hunter,marksmanship,5,4,1
Выпейдождь,gordunni,319,hunter,marksmanship,8,4,4
Гринмех,gordunni,288,hunter,marksmanship,6,3,3
Spunkybum,nagrand,288,hunter,marksmanship,6,3,3
Oogie,laughing-skull,288,hunter,marksmanship,6,3,3
Люблюлюбовь,gordunni,288,hunter,marksmanship,6,3,3
Neescafe,sylvanas,288,hunter,marksmanship,6,3,3
Комомура,soulflayer,288,hunter,marksmanship,6,3,3
Каэсс,gordunni,288,hunter,marksmanship,6,3,3
Qaedri,kazzak,288,hunter,marksmanship,6,3,3
Колякилшот,gordunni,288,hunter,marksmanship,6,3,3
Välk,sylvanas,288,hunter,marksmanship,6,3,3
Xborn,draenor,288,hunter,marksmanship,6,3,3
Chrysantes,forscherliga,288,hunter,marksmanship,6,3,3
Andrøk,archimonde,288,hunter,marksmanship,6,3,3
Graavi,silvermoon,288,hunter,marksmanship,6,3,3
Экономист,fordragon,288,hunter,marksmanship,6,3,3
Fize,blackmoore,288,hunter,marksmanship,6,3,3
Shall,outland,288,hunter,marksmanship,6,3,3
Ев,lich-king,288,hunter,marksmanship,6,3,3
Samasukë,grim-batol,288,hunter,marksmanship,6,3,3
Lithell,kazzak,288,hunter,marksmanship,6,3,3
Sylariel,die-aldor,288,hunter,marksmanship,6,3,3
Focüs,les-sentinelles,288,hunter,marksmanship,6,3,3
Naramir,ysondre,288,hunter,marksmanship,6,3,3
Hreo,twisting-nether,288,hunter,marksmanship,6,3,3
Mhb,quelthalas,288,hunter,marksmanship,6,3,3
Jetleesnipez,blackmoore,288,hunter,marksmanship,6,3,3
Ðøpèz,frostwolf,288,hunter,marksmanship,6,3,3
Celebor,sanguino,288,hunter,marksmanship,6,3,3
Rykini,twisting-nether,288,hunter,marksmanship,6,3,3
ßæro,hyjal,288,hunter,marksmanship,6,3,3
Søp,marécage-de-zangar,288,hunter,marksmanship,6,3,3
Deta,blackmoore,288,hunter,marksmanship,6,3,3
Rakshor,thrall,288,hunter,marksmanship,6,3,3
Kfcmanagerx,silvermoon,288,hunter,marksmanship,6,3,3
Techpøint,silvermoon,288,hunter,marksmanship,6,3,3
Burbutsuluki,silvermoon,288,hunter,marksmanship,6,3,3
Pläpp,stormscale,288,hunter,marksmanship,6,3,3
Velne,ravencrest,288,hunter,marksmanship,6,3,3
Kahbe,ravencrest,288,hunter,marksmanship,6,3,3
Aimshot,ravencrest,288,hunter,marksmanship,6,3,3
Bocek,silvermoon,288,hunter,marksmanship,6,3,3
Atranex,ravencrest,288,hunter,marksmanship,6,3,3
Zyhraa,ravencrest,288,hunter,marksmanship,6,3,3
Nerdhark,hyjal,288,hunter,marksmanship,6,3,3
Aliltoxic,silvermoon,288,hunter,marksmanship,6,3,3
Lowboblarry,ravencrest,288,hunter,marksmanship,6,3,3
Thebigboom,outland,288,hunter,marksmanship,6,3,3
Padancete,sanguino,288,hunter,marksmanship,6,3,3
Zwockeline,blutkessel,288,hunter,marksmanship,6,3,3
Deadluck,kazzak,288,hunter,marksmanship,6,3,3
Aamøn,nemesis,288,hunter,marksmanship,6,3,3
Shockzzyyh,ravencrest,288,hunter,marksmanship,6,3,3
Трапавграунд,howling-fjord,288,hunter,marksmanship,6,3,3
Misstrap,nemesis,288,hunter,marksmanship,6,3,3
Kofie,steamwheedle-cartel,288,hunter,marksmanship,6,3,3
Osie,kazzak,288,hunter,marksmanship,6,3,3
Phinecone,stormscale,288,hunter,marksmanship,6,3,3
Taenic,azshara,288,hunter,marksmanship,6,3,3
Kaznek,hyjal,288,hunter,marksmanship,6,3,3
Sheilare,doomhammer,288,hunter,marksmanship,6,3,3
Fizè,blackmoore,288,hunter,marksmanship,6,3,3
Feyoonxx,blackrock,288,hunter,marksmanship,6,3,3
Dreemshoot,stormscale,288,hunter,marksmanship,6,3,3
Brûmovitch,archimonde,288,hunter,marksmanship,6,3,3
Elnino,eonar,288,hunter,marksmanship,6,3,3
Topgrill,stormscale,288,hunter,marksmanship,6,3,3
Stimpak,nordrassil,288,hunter,marksmanship,6,3,3
Babûsch,blackmoore,288,hunter,marksmanship,6,3,3
Meridià,malorne,288,hunter,marksmanship,6,3,3
Jarhead,arthas,288,hunter,marksmanship,6,3,3
Vystrelil,drakthul,288,hunter,marksmanship,6,3,3
Ayiu,argent-dawn,288,hunter,marksmanship,6,3,3
Píkant,silvermoon,288,hunter,marksmanship,6,3,3
Borbotir,silvermoon,288,hunter,marksmanship,6,3,3
Zugzlug,tarren-mill,288,hunter,marksmanship,6,3,3
Dedral,aegwynn,288,hunter,marksmanship,6,3,3
Threeguns,blackrock,288,hunter,marksmanship,6,3,3
Tardoboy,blackrock,288,hunter,marksmanship,6,3,3
Kayflock,kazzak,288,hunter,marksmanship,6,3,3
Mariabanks,aegwynn,288,hunter,marksmanship,6,3,3
Cabuløsø,aggra-português,288,hunter,marksmanship,6,3,3
Ökisek,drakthul,288,hunter,marksmanship,6,3,3
Aimywinehaus,burning-blade,288,hunter,marksmanship,6,3,3
Nightarrowq,tarren-mill,288,hunter,marksmanship,9,4,5
Amdéa,boulderfist,288,hunter,marksmanship,10,4,6
Boen,nordrassil,288,hunter,marksmanship,8,3,5
Forthehordee,chamber-of-aspects,288,hunter,marksmanship,8,3,5
Нойран,eversong,288,hunter,marksmanship,9,3,6
Hidalgô,kult-der-verdammten,288,hunter,marksmanship,9,3,6
Лонтерикс,gordunni,288,hunter,marksmanship,11,3,8
Jensa,darksorrow,288,hunter,marksmanship,12,3,9
Zubro,kazzak,288,hunter,marksmanship,12,3,9
Missdarkness,shattered-hand,288,hunter,marksmanship,12,3,9
Augie,kazzak,288,hunter,marksmanship,12,3,9
Unclehowdy,sanguino,288,hunter,marksmanship,12,3,9
Foxmis,kazzak,288,hunter,marksmanship,12,3,9
Астериел,blackscar,288,hunter,marksmanship,12,3,9
Clickpao,outland,288,hunter,marksmanship,12,3,9
Sphinx,neptulon,288,hunter,marksmanship,12,3,9
Хедшоттер,blackscar,288,hunter,marksmanship,12,3,9
Nímren,ambossar,288,hunter,marksmanship,12,3,9
Бубунн,howling-fjord,288,hunter,marksmanship,12,3,9
Thalanel,arthas,288,hunter,marksmanship,12,3,9
Snipar,chogall,288,hunter,marksmanship,12,3,9
Dãhrn,sanguino,288,hunter,marksmanship,12,3,9
Скадхи,blackscar,288,hunter,marksmanship,12,3,9
Sokrám,sanguino,288,hunter,marksmanship,12,3,9
Saîtek,chogall,288,hunter,marksmanship,12,3,9
Flyingnipp,arthas,288,hunter,marksmanship,12,3,9
Fatfrumos,twisting-nether,288,hunter,marksmanship,12,3,9
Akù,magtheridon,288,hunter,marksmanship,12,3,9
Chassuu,khaz-modan,288,hunter,marksmanship,12,3,9
Lùchiean,kazzak,288,hunter,marksmanship,12,3,9
Oduross,minahonda,288,hunter,marksmanship,12,3,9
Zammies,aggramar,288,hunter,marksmanship,12,3,9
Deify,grim-batol,288,hunter,marksmanship,12,3,9
Горгудц,gordunni,288,hunter,marksmanship,12,3,9
Spítz,outland,288,hunter,marksmanship,12,3,9
Кактусджекк,gordunni,288,hunter,marksmanship,12,3,9
Incompetence,argent-dawn,288,hunter,marksmanship,12,3,9
Bowgamerx,ravencrest,288,hunter,marksmanship,12,3,9
Spakster,blackrock,288,hunter,marksmanship,12,3,9
Нэвлоск,gordunni,288,hunter,marksmanship,12,3,9
Lioness,ahnqiraj,288,hunter,marksmanship,12,3,9
Dafragger,blackmoore,288,hunter,marksmanship,12,3,9
Ghenter,sargeras,288,hunter,marksmanship,12,3,9
Aîmshot,ravencrest,288,hunter,marksmanship,12,3,9
Rløad,hyjal,288,hunter,marksmanship,12,3,9
Naaztko,stormscale,288,hunter,marksmanship,12,3,9
Flucxx,stormscale,288,hunter,marksmanship,12,3,9
Arslan,archimonde,288,hunter,marksmanship,16,3,13
Tsía,ysondre,288,hunter,marksmanship,17,3,14
Pulsaðenura,dun-modr,288,hunter,marksmanship,18,3,15
Gabbriel,ravencrest,288,hunter,marksmanship,18,3,15
Apolix,ragnaros,288,hunter,marksmanship,18,3,15
Sidera,der-rat-von-dalaran,288,hunter,marksmanship,18,3,15
Showdope,drakthul,288,hunter,marksmanship,18,3,15
Richidex,zuljin,288,hunter,marksmanship,18,3,15
Shademd,ahnqiraj,288,hunter,marksmanship,18,3,15
Оркос,deathweaver,287,hunter,marksmanship,6,3,3
Btk,sanguino,287,hunter,marksmanship,6,3,3
Kolskoot,kilrogg,287,hunter,marksmanship,6,3,3
Turkos,krasus,287,hunter,marksmanship,6,3,3
Cøbrâ,hyjal,287,hunter,marksmanship,10,3,7
Dwoas,darkspear,287,hunter,marksmanship,12,3,9
Worus,argent-dawn,287,hunter,marksmanship,12,3,9
Constantín,aegwynn,287,hunter,marksmanship,12,3,9
Lynx,chogall,287,hunter,marksmanship,12,3,9
Onexshot,draenor,287,hunter,marksmanship,12,3,9
Kerrveros,ravencrest,287,hunter,marksmanship,12,3,9
Guf,eredar,287,hunter,marksmanship,13,3,10
Zwerglogan,amanthul,287,hunter,marksmanship,18,3,15
Jomoguin,stormscale,286,hunter,marksmanship,6,3,3
Dambrä,eredar,286,hunter,marksmanship,6,3,3
Robinho,cthun,286,hunter,marksmanship,6,3,3
Rockét,malorne,286,hunter,marksmanship,18,3,15
Millhunter,norgannon,284,hunter,marksmanship,12,3,9
Darkstripe,turalyon,281,hunter,marksmanship,13,5,8
Najetazruda,drakthul,255,hunter,marksmanship,10,3,7
Eazzyy,auchindoun,239,hunter,marksmanship,5,3,2
Dracy,baelgun,239,hunter,marksmanship,5,3,2
Jaguarundy,dun-modr,239,hunter,marksmanship,5,3,2
Олдорк,howling-fjord,239,hunter,marksmanship,12,3,9
Incrediown,tarren-mill,234,hunter,marksmanship,7,4,3
Everz,silvermoon,234,hunter,marksmanship,13,4,9
Falakras,ragnaros,223,hunter,marksmanship,8,3,5
Dampfwâlzê,nozdormu,223,hunter,marksmanship,14,3,11
Skarra,zuljin,208,hunter,marksmanship,7,3,4
Olrik,dentarg,192,hunter,marksmanship,6,2,4
Gladodjurig,tarren-mill,192,hunter,marksmanship,6,2,4
Mcperra,zuljin,192,hunter,marksmanship,6,2,4
Miracleh,tarren-mill,192,hunter,marksmanship,6,2,4
Hadto,der-rat-von-dalaran,192,hunter,marksmanship,6,2,4
Powerslade,sanguino,192,hunter,marksmanship,6,2,4
Zulldek,sanguino,192,hunter,marksmanship,6,2,4
Sloe,sylvanas,192,hunter,marksmanship,6,2,4
Nashanael,argent-dawn,192,hunter,marksmanship,6,2,4
Flick,auchindoun,192,hunter,marksmanship,6,2,4
Linkinranger,tarren-mill,192,hunter,marksmanship,6,2,4
Lagich,sylvanas,192,hunter,marksmanship,6,2,4
Garrash,teldrassil,192,hunter,marksmanship,6,2,4
Bláckheart,doomhammer,192,hunter,marksmanship,6,2,4
Avp,sylvanas,192,hunter,marksmanship,6,2,4
Melloy,drakthul,192,hunter,marksmanship,6,2,4
Adkins,elune,192,hunter,marksmanship,6,2,4
Eilet,pozzo-delleternità,192,hunter,marksmanship,6,2,4
Сактарион,soulflayer,192,hunter,marksmanship,6,2,4
Охотуначал,soulflayer,192,hunter,marksmanship,6,2,4
Notikâ,aegwynn,192,hunter,marksmanship,6,2,4
Slayman,kazzak,192,hunter,marksmanship,6,2,4
Fenomhunt,silvermoon,192,hunter,marksmanship,6,2,4
Plilolz,archimonde,192,hunter,marksmanship,6,2,4
Illicit,silvermoon,192,hunter,marksmanship,6,2,4
Madeyhunt,burning-legion,192,hunter,marksmanship,6,2,4
Зихантер,soulflayer,192,hunter,marksmanship,6,2,4
Фетсол,soulflayer,192,hunter,marksmanship,6,2,4
Bóssit,skullcrusher,192,hunter,marksmanship,6,2,4
Traplørdx,sylvanas,192,hunter,marksmanship,6,2,4
Marrow,alleria,192,hunter,marksmanship,6,2,4
Eule,dun-modr,192,hunter,marksmanship,6,2,4
Arrowlight,archimonde,192,hunter,marksmanship,6,2,4
Bowner,frostmane,192,hunter,marksmanship,6,2,4
Kagan,nemesis,192,hunter,marksmanship,6,2,4
Bomshot,frostmane,192,hunter,marksmanship,6,2,4
Kírathril,blackhand,192,hunter,marksmanship,6,2,4
Carioca,blackhand,192,hunter,marksmanship,6,2,4
Bréanni,auchindoun,192,hunter,marksmanship,6,2,4
Machini,terokkar,192,hunter,marksmanship,6,2,4
Elvyns,silvermoon,192,hunter,marksmanship,6,2,4
Sinadoreck,sargeras,192,hunter,marksmanship,6,2,4
Hntard,stormscale,192,hunter,marksmanship,6,2,4
Yerî,die-aldor,192,hunter,marksmanship,6,2,4
Themehdi,silvermoon,192,hunter,marksmanship,6,2,4
Zinà,naxxramas,192,hunter,marksmanship,6,2,4
Ptx,stormscale,192,hunter,marksmanship,6,2,4
Гернриета,gordunni,192,hunter,marksmanship,6,2,4
Mìrilass,nemesis,192,hunter,marksmanship,6,2,4
Arunaky,uldum,192,hunter,marksmanship,6,2,4
Bellecoq,arathi,192,hunter,marksmanship,6,2,4
Bärberøusse,illidan,192,hunter,marksmanship,6,2,4
Köblow,khaz-modan,192,hunter,marksmanship,6,2,4
Jamais,stormscale,192,hunter,marksmanship,6,2,4
Ricoshet,silvermoon,192,hunter,marksmanship,6,2,4
Bignug,conseil-des-ombres,192,hunter,marksmanship,6,2,4
Трисциллочка,howling-fjord,192,hunter,marksmanship,6,2,4
Хисдед,howling-fjord,192,hunter,marksmanship,6,2,4
Jamesyy,ravencrest,192,hunter,marksmanship,6,2,4
Дианнесса,howling-fjord,192,hunter,marksmanship,6,2,4
Rhyle,hyjal,192,hunter,marksmanship,6,2,4
Sylvanaskwt,silvermoon,192,hunter,marksmanship,6,2,4
Keinzira,hyjal,192,hunter,marksmanship,6,2,4
Fullxtrap,hyjal,192,hunter,marksmanship,6,2,4
Ävírøñskÿ,ravencrest,192,hunter,marksmanship,6,2,4
Chenony,ravencrest,192,hunter,marksmanship,6,2,4
Sayn,la-croisade-écarlate,192,hunter,marksmanship,6,2,4
Brizza,talnivarr,192,hunter,marksmanship,6,2,4
Эвелан,soulflayer,192,hunter,marksmanship,6,2,4
Boarthrills,ravencrest,192,hunter,marksmanship,6,2,4
Upresa,sanguino,192,hunter,marksmanship,6,2,4
Шергала,soulflayer,192,hunter,marksmanship,6,2,4
Kodakcrack,draenor,192,hunter,marksmanship,6,2,4
Othellö,kazzak,192,hunter,marksmanship,6,2,4
Ðkð,archimonde,192,hunter,marksmanship,6,2,4
Nyght,ravencrest,192,hunter,marksmanship,6,2,4
Huntbeard,ragnaros,192,hunter,marksmanship,6,2,4
Aspergun,ragnaros,192,hunter,marksmanship,6,2,4
Hvnn,stormscale,192,hunter,marksmanship,6,2,4
Фираналь,blackscar,192,hunter,marksmanship,6,2,4
Vasco,chogall,192,hunter,marksmanship,6,2,4
Viktorijå,draenor,192,hunter,marksmanship,6,2,4
Najli,kazzak,192,hunter,marksmanship,6,2,4
Phanos,draenor,192,hunter,marksmanship,6,2,4
Шейхант,gordunni,192,hunter,marksmanship,6,2,4
Greenstar,twisting-nether,192,hunter,marksmanship,6,2,4
Nînux,frostwolf,192,hunter,marksmanship,6,2,4
Darkshàdow,archimonde,192,hunter,marksmanship,6,2,4
Mobshot,twisting-nether,192,hunter,marksmanship,6,2,4
Selvele,hyjal,192,hunter,marksmanship,6,2,4
Hunteraction,lightbringer,192,hunter,marksmanship,6,2,4
Røgrøck,archimonde,192,hunter,marksmanship,6,2,4
Denixilith,eredar,192,hunter,marksmanship,6,2,4
Dola,archimonde,192,hunter,marksmanship,6,2,4
Виндрунир,gordunni,192,hunter,marksmanship,6,2,4
Tòràk,twisting-nether,192,hunter,marksmanship,6,2,4
Hexorn,ysondre,192,hunter,marksmanship,6,2,4
Meztarinnan,twisting-nether,192,hunter,marksmanship,6,2,4
Rafaela,genjuros,192,hunter,marksmanship,6,2,4
Goldnug,karazhan,192,hunter,marksmanship,6,2,4
Sugmèg,dragonblight,192,hunter,marksmanship,6,2,4
Slickbackdan,the-maelstrom,192,hunter,marksmanship,6,2,4
Larrylegend,der-rat-von-dalaran,192,hunter,marksmanship,6,2,4
Dartas,outland,192,hunter,marksmanship,6,2,4
Nnoyk,defias-brotherhood,192,hunter,marksmanship,6,2,4
Sebrienne,defias-brotherhood,192,hunter,marksmanship,6,2,4
Tórbjorn,argent-dawn,192,hunter,marksmanship,6,2,4
Ecthelione,the-venture-co,192,hunter,marksmanship,6,2,4
Anklar,blackrock,192,hunter,marksmanship,6,2,4
Sankari,blackmoore,192,hunter,marksmanship,6,2,4
Reeceyree,outland,192,hunter,marksmanship,6,2,4
Entaiy,blackmoore,192,hunter,marksmanship,6,2,4
Arnakua,outland,192,hunter,marksmanship,6,2,4
Velvett,blackmoore,192,hunter,marksmanship,6,2,4
Realme,blackrock,192,hunter,marksmanship,6,2,4
Îratus,blackmoore,192,hunter,marksmanship,6,2,4
Vâleriaa,blackrock,192,hunter,marksmanship,6,2,4
Silenta,outland,192,hunter,marksmanship,6,2,4
Doknak,gilneas,192,hunter,marksmanship,6,2,4
Traenuss,azuremyst,192,hunter,marksmanship,6,2,4
Isokrates,das-syndikat,192,hunter,marksmanship,6,2,4
Gedept,blackrock,192,hunter,marksmanship,6,2,4
Cryka,blackmoore,192,hunter,marksmanship,6,2,4
Eilosh,outland,192,hunter,marksmanship,6,2,4
Anoroxx,arthas,192,hunter,marksmanship,6,2,4
Grytax,outland,192,hunter,marksmanship,6,2,4
Rixxâr,blackrock,192,hunter,marksmanship,6,2,4
Elfyhunter,outland,192,hunter,marksmanship,6,2,4
Corrector,outland,192,hunter,marksmanship,6,2,4
Drigs,blackrock,192,hunter,marksmanship,6,2,4
Lethalshotz,tarren-mill,192,hunter,marksmanship,7,2,5
Resputimothy,emeriss,192,hunter,marksmanship,9,2,7
Elitepeon,blackmoore,192,hunter,marksmanship,12,2,10
Explicits,stormscale,192,hunter,marksmanship,12,2,10
Vèla,ysondre,192,hunter,marksmanship,12,2,10
Negz,eredar,192,hunter,marksmanship,12,2,10
Weedonyhunt,hyjal,192,hunter,marksmanship,12,2,10
Dmanite,ravencrest,192,hunter,marksmanship,12,2,10
Kenpach,frostmane,192,hunter,marksmanship,12,2,10
Headshota,stormscale,192,hunter,marksmanship,12,2,10
Almêryck,ysondre,192,hunter,marksmanship,12,2,10
Pennymarks,blackhand,192,hunter,marksmanship,12,2,10
Spacenøub,archimonde,192,hunter,marksmanship,12,2,10
Gingiismydad,outland,192,hunter,marksmanship,12,2,10
Friskì,draenor,192,hunter,marksmanship,12,2,10
Katharyne,argent-dawn,192,hunter,marksmanship,12,2,10
Suchykeb,silvermoon,192,hunter,marksmanship,12,2,10
Youardead,arthas,192,hunter,marksmanship,12,2,10
Poszipabre,magtheridon,192,hunter,marksmanship,12,2,10
Zefirr,sanguino,192,hunter,marksmanship,12,2,10
Hyod,khaz-modan,192,hunter,marksmanship,12,2,10
Banglor,shattered-hand,192,hunter,marksmanship,12,2,10
Застрельщикц,soulflayer,192,hunter,marksmanship,12,2,10
Fedya,kazzak,192,hunter,marksmanship,12,2,10
Кетроуз,howling-fjord,192,hunter,marksmanship,12,2,10
Лиасон,howling-fjord,192,hunter,marksmanship,12,2,10
Сяову,gordunni,192,hunter,marksmanship,12,2,10
Oktoc,dalaran,192,hunter,marksmanship,13,2,11
Dannydynx,burning-legion,192,hunter,marksmanship,18,2,16
Kronzucker,eredar,192,hunter,marksmanship,18,2,16
Haïry,kazzak,192,hunter,marksmanship,18,2,16
Stormhoofd,bloodhoof,191,hunter,marksmanship,6,2,4
Fakepvper,darksorrow,191,hunter,marksmanship,6,2,4
Enanorabioso,minahonda,191,hunter,marksmanship,6,2,4
Traveler,earthen-ring,191,hunter,marksmanship,6,2,4
Sushimän,kaelthas,191,hunter,marksmanship,6,2,4
Downpipe,shattered-hand,191,hunter,marksmanship,6,2,4
Chalyto,dun-morogh,191,hunter,marksmanship,12,2,10
Fingon,alleria,191,hunter,marksmanship,12,2,10
Kure,blackrock,191,hunter,marksmanship,12,2,10
Inzyplatv,blackmoore,160,hunter,marksmanship,10,2,8
Doojas,archimonde,159,hunter,marksmanship,5,2,3
Buttsnipe,sylvanas,159,hunter,marksmanship,5,2,3
Jaguàr,kazzak,159,hunter,marksmanship,5,2,3
Tràpz,archimonde,144,hunter,marksmanship,9,2,7
Spagooters,argent-dawn,138,hunter,marksmanship,11,3,8
Robingood,alexstrasza,138,hunter,marksmanship,22,5,17
Primator,argent-dawn,128,hunter,marksmanship,4,2,2
Delanoche,exodar,112,hunter,marksmanship,7,2,5
Akahr,thrall,96,hunter,marksmanship,3,2,1
Ríffraff,silvermoon,96,hunter,marksmanship,3,2,1
Janoh,dalaran,96,hunter,marksmanship,3,2,1
Tryx,darksorrow,96,hunter,marksmanship,3,2,1
Åbomìnatïon,ravencrest,96,hunter,marksmanship,18,3,15
Beryllium,pozzo-delleternità,96,hunter,marksmanship,6,1,5
Обспн,borean-tundra,96,hunter,marksmanship,6,1,5
Камшотовна,blackscar,96,hunter,marksmanship,6,1,5
Горгонт,blackscar,96,hunter,marksmanship,6,1,5
Навальница,gordunni,96,hunter,marksmanship,6,1,5
Wonderbrax,nemesis,96,hunter,marksmanship,6,1,5
Гангстита,gordunni,96,hunter,marksmanship,6,1,5
Камсшотт,gordunni,96,hunter,marksmanship,6,1,5
Tesourinho,aggra-português,96,hunter,marksmanship,6,1,5
Killzo,sylvanas,96,hunter,marksmanship,6,1,5
Høøl,hyjal,96,hunter,marksmanship,6,1,5
Jtechasse,outland,96,hunter,marksmanship,6,1,5
Ренектон,soulflayer,96,hunter,marksmanship,6,1,5
Chillø,elune,96,hunter,marksmanship,6,1,5
Roupinol,aggra-português,96,hunter,marksmanship,6,1,5
Lòò,aegwynn,96,hunter,marksmanship,6,1,5
Левери,gordunni,96,hunter,marksmanship,6,1,5
Wèdra,hyjal,96,hunter,marksmanship,6,1,5
Superfacial,twisting-nether,96,hunter,marksmanship,6,1,5
Chapovito,twisting-nether,96,hunter,marksmanship,6,1,5
Udolff,twisting-nether,96,hunter,marksmanship,6,1,5
Faccacamoale,twisting-nether,96,hunter,marksmanship,6,1,5
Frapt,dalaran,96,hunter,marksmanship,6,1,5
Chassour,archimonde,96,hunter,marksmanship,6,1,5
Cléò,kazzak,96,hunter,marksmanship,6,1,5
Wàterloo,marécage-de-zangar,96,hunter,marksmanship,6,1,5
Púrefect,ragnaros,96,hunter,marksmanship,6,1,5
Darthbow,outland,96,hunter,marksmanship,6,1,5
Eowale,outland,96,hunter,marksmanship,6,1,5
Kongweaver,ragnaros,96,hunter,marksmanship,6,1,5
Санзи,howling-fjord,96,hunter,marksmanship,6,1,5
Badkirves,kazzak,96,hunter,marksmanship,6,1,5
Лсныйпамп,howling-fjord,96,hunter,marksmanship,6,1,5
Наладдчик,howling-fjord,96,hunter,marksmanship,6,1,5
Барев,howling-fjord,96,hunter,marksmanship,6,1,5
Гижуна,howling-fjord,96,hunter,marksmanship,6,1,5
Mehtäsika,xavius,96,hunter,marksmanship,6,1,5
Raverave,burning-legion,96,hunter,marksmanship,6,1,5
Wantsumsnipe,twisting-nether,96,hunter,marksmanship,6,1,5
Хантунец,soulflayer,96,hunter,marksmanship,6,1,5
Варсор,soulflayer,96,hunter,marksmanship,6,1,5
Dewshot,silvermoon,96,hunter,marksmanship,6,1,5
Mästerkill,dun-modr,96,hunter,marksmanship,6,1,5
Statik,deathwing,96,hunter,marksmanship,6,1,5
Xurrl,kazzak,96,hunter,marksmanship,6,1,5
Орталиус,deathguard,96,hunter,marksmanship,6,1,5
Drolarin,zuljin,96,hunter,marksmanship,6,1,5
Thefoxsay,draenor,96,hunter,marksmanship,6,1,5
Pestilencio,shendralar,96,hunter,marksmanship,6,1,5
Xarhunt,azjolnerub,96,hunter,marksmanship,6,1,5
Oneofus,malygos,96,hunter,marksmanship,6,1,5
Flechaoscurä,exodar,96,hunter,marksmanship,6,1,5
Iddqd,outland,96,hunter,marksmanship,6,1,5
Lyute,draenor,96,hunter,marksmanship,6,1,5
Pampers,silvermoon,96,hunter,marksmanship,6,1,5
Nortroll,draenor,96,hunter,marksmanship,6,1,5
Wolfmcquade,draenor,96,hunter,marksmanship,6,1,5
Cítyzens,drakthul,96,hunter,marksmanship,6,1,5
Feedbackloop,silvermoon,96,hunter,marksmanship,6,1,5
Galedjïn,conseil-des-ombres,96,hunter,marksmanship,6,1,5
Pagman,thrall,96,hunter,marksmanship,6,1,5
Tillhunt,kargath,96,hunter,marksmanship,6,1,5
Avizi,anachronos,96,hunter,marksmanship,6,1,5
Leaxs,onyxia,96,hunter,marksmanship,6,1,5
Arkancia,throkferoth,96,hunter,marksmanship,6,1,5
Guttz,chants-éternels,96,hunter,marksmanship,6,1,5
Elaresas,argent-dawn,96,hunter,marksmanship,6,1,5
Desow,blackrock,96,hunter,marksmanship,6,1,5
Olamay,blackmoore,96,hunter,marksmanship,6,1,5
Hanzú,argent-dawn,96,hunter,marksmanship,6,1,5
Jaysonmore,argent-dawn,96,hunter,marksmanship,6,1,5
Crowcifer,argent-dawn,96,hunter,marksmanship,6,1,5
Farkrin,silvermoon,96,hunter,marksmanship,6,1,5
Nalys,argent-dawn,96,hunter,marksmanship,6,1,5
Salie,argent-dawn,96,hunter,marksmanship,6,1,5
Avâlos,dentarg,96,hunter,marksmanship,6,1,5
Teedfredd,tarren-mill,96,hunter,marksmanship,6,1,5
Maity,die-ewige-wacht,96,hunter,marksmanship,6,1,5
Applix,tarren-mill,96,hunter,marksmanship,6,1,5
Toulouki,silvermoon,96,hunter,marksmanship,6,1,5
Pinocion,drakthul,96,hunter,marksmanship,6,1,5
Syx,amanthul,96,hunter,marksmanship,6,1,5
Castbuny,drakthul,96,hunter,marksmanship,6,1,5
Asery,blackmoore,96,hunter,marksmanship,6,1,5
Ashjen,aszune,96,hunter,marksmanship,6,1,5
Xaraimz,ravencrest,96,hunter,marksmanship,6,1,5
Valora,zuluhed,96,hunter,marksmanship,6,1,5
Tuljan,ravencrest,96,hunter,marksmanship,6,1,5
Akaname,ravencrest,96,hunter,marksmanship,6,1,5
Sângha,frostwolf,96,hunter,marksmanship,6,1,5
Ninjakimi,ravencrest,96,hunter,marksmanship,6,1,5
Cendrac,ravencrest,96,hunter,marksmanship,6,1,5
Nethria,antonidas,96,hunter,marksmanship,6,1,5
Chantalia,ravencrest,96,hunter,marksmanship,6,1,5
Velcy,ravencrest,96,hunter,marksmanship,6,1,5
Slimeshít,blackrock,96,hunter,marksmanship,6,1,5
Surprises,ysondre,96,hunter,marksmanship,6,1,5
Jagarbladet,ravencrest,96,hunter,marksmanship,6,1,5
Fayenia,ravencrest,96,hunter,marksmanship,6,1,5
Sagytaryus,nemesis,96,hunter,marksmanship,11,1,10
Mavis,bloodfeather,96,hunter,marksmanship,12,1,11
Yumyúm,antonidas,96,hunter,marksmanship,12,1,11
Donáldtrúmp,tarren-mill,96,hunter,marksmanship,12,1,11
Riplëy,dun-modr,96,hunter,marksmanship,12,1,11
Gorgorotha,ragnaros,96,hunter,marksmanship,12,1,11
Noskillbot,twisting-nether,96,hunter,marksmanship,12,1,11
Moskalhunter,terokkar,96,hunter,marksmanship,12,1,11
Râpton,blackmoore,96,hunter,marksmanship,12,1,11
Lardobrave,blackhand,96,hunter,marksmanship,12,1,11
Kayoo,stormscale,96,hunter,marksmanship,12,1,11
Tiguy,archimonde,96,hunter,marksmanship,12,1,11
Cauron,blackrock,96,hunter,marksmanship,12,1,11
Kratozs,outland,96,hunter,marksmanship,13,1,12
Volupting,confrérie-du-thorium,96,hunter,marksmanship,17,1,16
Magahra,thrall,95,hunter,marksmanship,6,1,5
Gohsthunter,dun-morogh,95,hunter,marksmanship,6,1,5
Wrymn,sanguino,79,hunter,marksmanship,5,1,4
Gettóbuxa,arathor,79,hunter,marksmanship,5,1,4
Aesrh,drakthul,79,hunter,marksmanship,5,1,4
Carnivorius,silvermoon,64,hunter,marksmanship,4,1,3
Dréws,kazzak,64,hunter,marksmanship,4,1,3
Draugrinnh,tarren-mill,48,hunter,marksmanship,3,1,2
Howlinjoe,darkspear,48,hunter,marksmanship,9,1,8
Merveilleux,hyjal,42,hunter,marksmanship,11,3,8
Aethelred,azjolnerub,41,hunter,marksmanship,9,2,7
Svinrbglol,arygos,31,hunter,marksmanship,2,1,1
Дунморг,grom,16,hunter,marksmanship,1,1,0
Elgango,blackrock,16,hunter,marksmanship,1,1,0
Imortaltroll,kazzak,16,hunter,marksmanship,1,1,0
Bicmex,ravencrest,2333,hunter,survival,146,83,63
Belaux,archimonde,2168,hunter,survival,299,153,146
Bonquiesha,tarren-mill,2163,hunter,survival,120,69,51
Corossity,blackmoore,2155,hunter,survival,107,71,36
Gíggí,malganis,2155,hunter,survival,72,40,32
Harrianlar,ravenholdt,2143,hunter,survival,196,100,96
Rynex,festung-der-stürme,2134,hunter,survival,78,45,33
Pridz,archimonde,2121,hunter,survival,186,94,92
Nikzeubii,archimonde,2113,hunter,survival,66,39,27
Goosebite,ravencrest,2113,hunter,survival,120,64,56
Krakenaspect,kazzak,2112,hunter,survival,68,44,24
Götdelen,kult-der-verdammten,2108,hunter,survival,266,140,126
Rayadz,nethersturm,2104,hunter,survival,240,124,116
Razoorine,blackrock,2102,hunter,survival,162,90,72
Josethepimpo,stormscale,2102,hunter,survival,263,135,128
Djheartstrng,argent-dawn,2100,hunter,survival,138,82,56
Earfalass,twisting-nether,2082,hunter,survival,256,143,113
Куфа,blackscar,2080,hunter,survival,72,39,33
Fíng,tarren-mill,2079,hunter,survival,216,109,107
Stormblãze,ravencrest,2076,hunter,survival,181,89,92
Uglybaboon,draenor,2064,hunter,survival,305,150,155
Ilovejwrld,dun-modr,2041,hunter,survival,94,50,44
Macrolaim,outland,2041,hunter,survival,269,132,137
Svinrbglol,arygos,2040,hunter,survival,90,48,42
Musen,draenor,2039,hunter,survival,60,34,26
Yeezu,sylvanas,2038,hunter,survival,84,45,39
Mestar,outland,2038,hunter,survival,258,131,127
Zpf,silvermoon,2034,hunter,survival,134,71,63
Urrane,archimonde,2027,hunter,survival,54,35,19
Jànet,ravencrest,2024,hunter,survival,102,48,54
Pokefangirlx,grim-batol,2014,hunter,survival,319,172,147
Zhulk,los-errantes,2009,hunter,survival,208,106,102
Akronis,outland,2006,hunter,survival,157,79,78
Marvelmary,ravencrest,2004,hunter,survival,83,38,45
Wickked,ravencrest,2003,hunter,survival,48,35,13
Brkh,ravencrest,2000,hunter,survival,66,37,29
Scypher,ragnaros,1995,hunter,survival,68,41,27
Crucfixion,kazzak,1993,hunter,survival,60,35,25
Gukéx,stormscale,1991,hunter,survival,174,91,83
Momohenní,archimonde,1988,hunter,survival,198,111,87
Mogumogu,blackhand,1985,hunter,survival,126,70,56
Лесбиянюсь,gordunni,1983,hunter,survival,137,77,60
Booxun,sylvanas,1982,hunter,survival,133,68,65
Epicsurvive,ravencrest,1982,hunter,survival,114,57,57
Imtpain,kazzak,1978,hunter,survival,60,35,25
Dackeldustin,norgannon,1970,hunter,survival,59,50,9
Huntity,kazzak,1968,hunter,survival,107,56,51
Feignfisto,draenor,1966,hunter,survival,69,38,31
Gukexa,outland,1965,hunter,survival,66,39,27
Hyderr,aegwynn,1964,hunter,survival,54,34,20
Mspt,archimonde,1956,hunter,survival,165,81,84
Marchik,outland,1955,hunter,survival,70,47,23
Yemistar,archimonde,1949,hunter,survival,90,48,42
Aboleon,ragnaros,1949,hunter,survival,110,55,55
Mmkekw,guldan,1946,hunter,survival,54,36,18
Jamboss,twisting-nether,1945,hunter,survival,60,29,31
Kfcmanagerx,silvermoon,1941,hunter,survival,130,71,59
Rewgodxq,ravencrest,1941,hunter,survival,250,127,123
Rubydacherrý,argent-dawn,1937,hunter,survival,54,35,19
Yake,kazzak,1934,hunter,survival,64,27,37
Cjezka,blackmoore,1931,hunter,survival,123,64,59
Майен,thermaplugg,1930,hunter,survival,90,44,46
Raelaf,zuljin,1929,hunter,survival,66,33,33
Jackjager,ravencrest,1925,hunter,survival,87,51,36
Lutza,sanguino,1923,hunter,survival,66,33,33
Djshibalxd,argent-dawn,1922,hunter,survival,174,89,85
Hyparion,kazzak,1903,hunter,survival,41,25,16
Nwnw,tarren-mill,1903,hunter,survival,42,25,17
Dyndns,blackmoore,1902,hunter,survival,120,59,61
Ksreport,stormscale,1894,hunter,survival,93,46,47
Exquisitor,draenor,1891,hunter,survival,370,190,180
Kyosoku,silvermoon,1875,hunter,survival,63,30,33
Ехесу,soulflayer,1874,hunter,survival,71,39,32
Астериел,blackscar,1873,hunter,survival,58,30,28
Horku,kazzak,1871,hunter,survival,72,35,37
Lugnåls,hyjal,1865,hunter,survival,141,73,68
Lágåta,outland,1864,hunter,survival,53,27,26
Øvade,argent-dawn,1861,hunter,survival,67,41,26
Síraw,tarren-mill,1860,hunter,survival,78,37,41
Calesthas,tarren-mill,1856,hunter,survival,96,51,45
Jske,silvermoon,1847,hunter,survival,74,45,29
Kagrot,silvermoon,1847,hunter,survival,102,49,53
Løvebombing,ravencrest,1841,hunter,survival,42,27,15
Бубунн,howling-fjord,1840,hunter,survival,129,78,51
Горгонт,blackscar,1840,hunter,survival,162,85,77
Dabeszt,draenor,1839,hunter,survival,114,66,48
Moustø,archimonde,1836,hunter,survival,47,29,18
Razôr,blackhand,1836,hunter,survival,48,27,21
Zerberas,blackrock,1835,hunter,survival,60,32,28
Åíøñs,kazzak,1834,hunter,survival,42,26,16
Квит,blackscar,1832,hunter,survival,30,20,10
Микихаса,galakrond,1830,hunter,survival,184,100,84
Боцекабузер,galakrond,1830,hunter,survival,48,22,26
Fwaffidack,tarren-mill,1829,hunter,survival,63,36,27
Svetlanatrap,stormscale,1829,hunter,survival,60,30,30
Vunter,malganis,1828,hunter,survival,48,26,22
Глефард,fordragon,1827,hunter,survival,54,36,18
Avaren,archimonde,1826,hunter,survival,118,61,57
Xexhel,twisting-nether,1824,hunter,survival,92,53,39
Clydefrog,outland,1824,hunter,survival,64,31,33
Zanpa,archimonde,1823,hunter,survival,141,78,63
Sarrow,ravencrest,1822,hunter,survival,115,64,51
Qwèrts,stormscale,1822,hunter,survival,60,33,27
Летмимейт,howling-fjord,1822,hunter,survival,148,81,67
Skewdar,hyjal,1821,hunter,survival,90,43,47
Skârlock,blackmoore,1819,hunter,survival,89,50,39
Зеленыйиисус,gordunni,1818,hunter,survival,153,84,69
Stuckstepbro,silvermoon,1818,hunter,survival,47,22,25
Nttcoopzz,silvermoon,1815,hunter,survival,36,23,13
Киссмайпет,howling-fjord,1815,hunter,survival,78,47,31
Frog,crushridge,1810,hunter,survival,78,46,32
Polaqu,burning-legion,1809,hunter,survival,60,37,23
Burbutsuluki,silvermoon,1809,hunter,survival,54,28,26
Yosia,draenor,1808,hunter,survival,156,82,74
Jabela,eredar,1806,hunter,survival,95,54,41
Mewithoutyou,ragnaros,1805,hunter,survival,292,144,148
Kurdo,outland,1804,hunter,survival,52,31,21
Betarayjinx,kazzak,1804,hunter,survival,75,43,32
Соняпиво,gordunni,1804,hunter,survival,72,41,31
Katzila,outland,1803,hunter,survival,59,34,25
Vènuhá,ravencrest,1803,hunter,survival,192,103,89
Chopitoo,blackmoore,1802,hunter,survival,126,69,57
Хансбург,howling-fjord,1802,hunter,survival,122,63,59
Minibicmex,aegwynn,1801,hunter,survival,82,43,39
Inter,hellscream,1801,hunter,survival,56,28,28
Lagich,stormscale,1799,hunter,survival,34,24,10
Killerkatze,outland,1794,hunter,survival,36,19,17
Djfortnite,ravencrest,1792,hunter,survival,36,24,12
Alexdi,kazzak,1792,hunter,survival,66,30,36
Бомбетта,grom,1789,hunter,survival,120,63,57
Fatbushpig,stormscale,1786,hunter,survival,30,19,11
Thugzilla,auchindoun,1784,hunter,survival,77,42,35
Блатнайт,blackscar,1784,hunter,survival,106,51,55
Ravebae,silvermoon,1777,hunter,survival,239,118,121
Kq,argent-dawn,1776,hunter,survival,63,34,29
Hûntyhunt,silvermoon,1775,hunter,survival,66,37,29
Merryhuntin,ravencrest,1775,hunter,survival,36,19,17
Saliressa,ravencrest,1775,hunter,survival,102,50,52
Glosendra,ravencrest,1774,hunter,survival,102,57,45
Grulog,kazzak,1774,hunter,survival,84,41,43
Onlylfg,drakthul,1772,hunter,survival,68,35,33
Dedral,aegwynn,1770,hunter,survival,78,43,35
Dreämhäck,ravencrest,1768,hunter,survival,78,47,31
Sneakyshoot,nemesis,1767,hunter,survival,59,31,28
Motri,tarren-mill,1764,hunter,survival,90,51,39
Скадхи,blackscar,1761,hunter,survival,156,79,77
Lìmpy,stormreaver,1757,hunter,survival,48,29,19
Pwon,ravencrest,1757,hunter,survival,248,129,119
Дарктеххно,howling-fjord,1756,hunter,survival,48,26,22
Easyclass,hyjal,1756,hunter,survival,78,40,38
Разплюханка,howling-fjord,1755,hunter,survival,126,67,59
Boops,ragnaros,1754,hunter,survival,96,45,51
Fotmspec,tarren-mill,1749,hunter,survival,30,21,9
Obbnfriends,ravencrest,1749,hunter,survival,66,30,36
Clifton,archimonde,1748,hunter,survival,42,27,15
Chrønôs,archimonde,1746,hunter,survival,42,24,18
Knokkelmann,outland,1743,hunter,survival,48,29,19
Waza,grim-batol,1743,hunter,survival,101,57,44
Ðévi,ravencrest,1742,hunter,survival,30,21,9
Agnêas,silvermoon,1740,hunter,survival,72,35,37
Sunyjuyono,ravencrest,1739,hunter,survival,60,31,29
Gurrmex,stormscale,1738,hunter,survival,30,20,10
Shøt,stormreaver,1737,hunter,survival,76,45,31
Calyssae,shattered-halls,1737,hunter,survival,141,82,59
Døvah,argent-dawn,1737,hunter,survival,54,30,24
Âmalphy,ravencrest,1737,hunter,survival,60,27,33
Kayhh,stormscale,1736,hunter,survival,24,19,5
Xiumiune,antonidas,1736,hunter,survival,105,61,44
Fablet,draenor,1736,hunter,survival,54,31,23
Nintara,outland,1734,hunter,survival,55,32,23
Monkeytrapz,norgannon,1733,hunter,survival,54,29,25
Субоота,gordunni,1733,hunter,survival,179,93,86
Kalthrog,ragnaros,1731,hunter,survival,66,37,29
Kukenisluken,stormscale,1729,hunter,survival,35,21,14
Фломидзе,gordunni,1725,hunter,survival,100,63,37
Оскорбление,howling-fjord,1725,hunter,survival,126,65,61
Смертонносна,lich-king,1724,hunter,survival,44,26,18
Alwaysthug,ravencrest,1724,hunter,survival,48,23,25
Buoma,kazzak,1723,hunter,survival,42,21,21
Ekexy,aegwynn,1722,hunter,survival,71,35,36
Hunjo,quelthalas,1721,hunter,survival,114,51,63
Гудхантер,blackscar,1719,hunter,survival,96,57,39
Errowini,blackmoore,1719,hunter,survival,54,29,25
Axehead,outland,1717,hunter,survival,60,30,30
Nienel,archimonde,1717,hunter,survival,161,78,83
Тэмплест,howling-fjord,1714,hunter,survival,48,32,16
Wicmex,les-sentinelles,1713,hunter,survival,33,21,12
Marryme,blackhand,1713,hunter,survival,98,59,39
Твояпомощь,gordunni,1710,hunter,survival,36,26,10
Zapzy,ravencrest,1710,hunter,survival,195,104,91
Draxil,archimonde,1709,hunter,survival,118,62,56
Xamisch,eredar,1708,hunter,survival,107,61,46
Sipsomewater,ravencrest,1707,hunter,survival,36,21,15
Hühneknubbel,blackmoore,1707,hunter,survival,42,24,18
Pecorinö,archimonde,1707,hunter,survival,42,23,19
Sneakyshot,nemesis,1706,hunter,survival,48,24,24
Doraxa,sanguino,1706,hunter,survival,104,49,55
Trapbot,drakthul,1705,hunter,survival,42,23,19
Karuso,ravencrest,1704,hunter,survival,54,18,36
Леоа,howling-fjord,1703,hunter,survival,54,24,30
Snippy,sanguino,1701,hunter,survival,198,96,102
Bnak,die-ewige-wacht,1700,hunter,survival,24,18,6
Veðir,argent-dawn,1700,hunter,survival,110,53,57
Sorozo,aegwynn,1699,hunter,survival,120,62,58
Focüs,les-sentinelles,1699,hunter,survival,38,19,19
Daweí,draenor,1697,hunter,survival,60,27,33
Yazqua,deathwing,1696,hunter,survival,70,42,28
Curbý,blackhand,1694,hunter,survival,42,22,20
Búddhìst,ravencrest,1694,hunter,survival,48,22,26
Åzey,hyjal,1689,hunter,survival,47,29,18
Paxiwtf,eredar,1686,hunter,survival,34,22,12
Frapt,dalaran,1684,hunter,survival,34,20,14
Natchell,ysondre,1684,hunter,survival,42,22,20
Детмазай,soulflayer,1684,hunter,survival,36,18,18
Skytraped,hyjal,1683,hunter,survival,47,30,17
Kurkelx,ravencrest,1683,hunter,survival,84,49,35
Mógwaí,stormscale,1681,hunter,survival,36,24,12
Nurki,the-maelstrom,1680,hunter,survival,53,26,27
Eunte,archimonde,1680,hunter,survival,78,38,40
Фираналь,blackscar,1678,hunter,survival,36,22,14
Shotazz,frostmane,1678,hunter,survival,48,28,20
Копия,azuregos,1676,hunter,survival,78,35,43
Slizzle,sporeggar,1675,hunter,survival,78,42,36
Ntwoõ,ravencrest,1673,hunter,survival,95,53,42
Regale,archimonde,1672,hunter,survival,156,74,82
Arrcher,thrall,1670,hunter,survival,36,26,10
Аркеро,soulflayer,1670,hunter,survival,61,31,30
Doghxnter,ravencrest,1668,hunter,survival,35,23,12
Iòvól,azuremyst,1668,hunter,survival,144,80,64
Laayopeh,argent-dawn,1668,hunter,survival,198,100,98
Véncsótány,ragnaros,1666,hunter,survival,54,29,25
Defix,argent-dawn,1666,hunter,survival,139,72,67
Liikes,arygos,1664,hunter,survival,48,25,23
Gedept,blackrock,1662,hunter,survival,98,51,47
Shiceloch,blackmoore,1662,hunter,survival,48,23,25
Иснсейшн,soulflayer,1660,hunter,survival,59,32,27
Waziralwazar,auchindoun,1660,hunter,survival,94,49,45
Wuad,silvermoon,1659,hunter,survival,60,34,26
Ledrox,ravencrest,1658,hunter,survival,42,25,17
Bnak,thrall,1657,hunter,survival,36,22,14
Lukez,ravencrest,1656,hunter,survival,48,28,20
Rizlay,the-maelstrom,1653,hunter,survival,180,92,88
Zäroury,ravencrest,1653,hunter,survival,64,32,32
Dribla,blackhand,1652,hunter,survival,57,30,27
Amilienne,nozdormu,1646,hunter,survival,45,22,23
Jögga,draenor,1645,hunter,survival,36,22,14
Zeer,sylvanas,1645,hunter,survival,195,94,101
Subha,quelthalas,1644,hunter,survival,69,39,30
Ryomen,garona,1644,hunter,survival,200,102,98
Robzyhunter,kazzak,1643,hunter,survival,106,58,48
Brattamer,twisting-nether,1642,hunter,survival,28,19,9
Kértor,die-aldor,1642,hunter,survival,45,26,19
Кисяныч,gordunni,1641,hunter,survival,42,25,17
Wonkeedx,ravencrest,1641,hunter,survival,42,21,21
Стингергодх,gordunni,1639,hunter,survival,103,52,51
Zulldek,sanguino,1638,hunter,survival,78,42,36
Avizi,anachronos,1637,hunter,survival,90,44,46
Morkahs,dalaran,1636,hunter,survival,42,23,19
Blvckjvckz,ravencrest,1636,hunter,survival,59,31,28
Bren,shattrath,1636,hunter,survival,145,75,70
Чууч,blackscar,1636,hunter,survival,205,98,107
Taurïel,stormscale,1634,hunter,survival,187,106,81
Cira,archimonde,1634,hunter,survival,54,28,26
Closeenought,ravencrest,1633,hunter,survival,102,51,51
Maiver,ravencrest,1631,hunter,survival,24,17,7
Maiverx,ravencrest,1631,hunter,survival,24,17,7
Madzynette,archimonde,1631,hunter,survival,83,45,38
Unsáinted,ravencrest,1630,hunter,survival,269,140,129
Olk,stormscale,1629,hunter,survival,30,17,13
Ashjen,aszune,1628,hunter,survival,55,29,26
Xhn,stormscale,1628,hunter,survival,78,38,40
Zacxx,ravencrest,1626,hunter,survival,89,58,31
Skyh,outland,1626,hunter,survival,115,55,60
ßlackjack,thrall,1624,hunter,survival,36,26,10
Petshøp,outland,1624,hunter,survival,24,17,7
Iceyx,stormscale,1624,hunter,survival,49,22,27
Kajtarn,outland,1621,hunter,survival,60,27,33
Жуткойкрот,lich-king,1620,hunter,survival,78,32,46
Urtanis,stormscale,1619,hunter,survival,113,60,53
Snarer,argent-dawn,1619,hunter,survival,114,59,55
Lxoh,turalyon,1619,hunter,survival,407,203,204
Gradevine,twisting-nether,1618,hunter,survival,128,74,54
Capullospawn,dun-morogh,1617,hunter,survival,60,36,24
Leviáckerman,ravencrest,1617,hunter,survival,36,17,19
Pizzafanatic,blackrock,1614,hunter,survival,49,25,24
Zérpent,kazzak,1612,hunter,survival,78,41,37
Neyv,blackmoore,1611,hunter,survival,45,23,22
Lottemor,tarren-mill,1609,hunter,survival,77,51,26
Zøk,stormscale,1609,hunter,survival,185,98,87
Savageone,frostwhisper,1609,hunter,survival,48,23,25
Ластшот,blackscar,1608,hunter,survival,30,17,13
Галятрицепс,eversong,1608,hunter,survival,79,43,36
Swïtchz,hyjal,1607,hunter,survival,42,27,15
Westcøãst,archimonde,1607,hunter,survival,60,37,23
Ruxhunter,sanguino,1607,hunter,survival,90,50,40
Jailevaccin,khaz-modan,1607,hunter,survival,151,77,74
Skydraz,ysondre,1606,hunter,survival,72,39,33
Renathir,argent-dawn,1606,hunter,survival,91,48,43
Mclooving,runetotem,1604,hunter,survival,49,29,20
Jexxa,draenor,1603,hunter,survival,54,34,20
Turdy,executus,1603,hunter,survival,82,45,37
Notikâ,aegwynn,1602,hunter,survival,204,108,96
Florya,blackhand,1602,hunter,survival,51,26,25
Horxxa,kul-tiras,1600,hunter,survival,96,60,36
Сабакаа,borean-tundra,1600,hunter,survival,90,50,40
Анариэльсин,soulflayer,1599,hunter,survival,148,80,68
Albumx,hyjal,1599,hunter,survival,277,141,136
Losiané,thrall,1599,hunter,survival,98,49,49
Darllene,kazzak,1599,hunter,survival,101,46,55
Dariusmm,silvermoon,1598,hunter,survival,58,32,26
Плутяра,blackscar,1597,hunter,survival,96,43,53
Смолильщик,gordunni,1594,hunter,survival,69,36,33
Жэш,howling-fjord,1594,hunter,survival,48,23,25
Løwg,drekthar,1590,hunter,survival,54,28,26
Yemmeth,argent-dawn,1589,hunter,survival,264,132,132
Оути,azuregos,1588,hunter,survival,138,76,62
Свадебная,gordunni,1588,hunter,survival,196,103,93
Nazona,blackmoore,1587,hunter,survival,24,17,7
Synthyxqt,silvermoon,1587,hunter,survival,128,66,62
Sznxøxo,ravencrest,1585,hunter,survival,42,24,18
Skzu,archimonde,1584,hunter,survival,41,27,14
Xelsera,antonidas,1580,hunter,survival,30,17,13
Kydérr,aegwynn,1580,hunter,survival,42,20,22
Cenesthesia,draenor,1578,hunter,survival,112,61,51
Oczkuhne,burning-legion,1577,hunter,survival,60,29,31
Danissia,argent-dawn,1576,hunter,survival,116,58,58
Rasmi,kazzak,1574,hunter,survival,77,36,41
Tillhunt,kargath,1573,hunter,survival,87,50,37
Xallis,outland,1573,hunter,survival,53,28,25
Jäegr,hyjal,1572,hunter,survival,72,40,32
Noop,sylvanas,1572,hunter,survival,147,73,74
Sparcùs,stormreaver,1569,hunter,survival,54,37,17
Juniorm,kazzak,1568,hunter,survival,42,22,20
Tiffanydoll,hyjal,1566,hunter,survival,78,41,37
Æblesaft,stormscale,1565,hunter,survival,36,19,17
Fusko,ysondre,1565,hunter,survival,66,30,36
Suzumebachi,twisting-nether,1562,hunter,survival,54,34,20
Aspergun,ragnaros,1562,hunter,survival,64,30,34
Глаззалмаз,howling-fjord,1561,hunter,survival,40,25,15
Jakis,silvermoon,1561,hunter,survival,49,23,26
Виралатта,gordunni,1558,hunter,survival,42,23,19
Clicktrap,runetotem,1558,hunter,survival,44,21,23
Saejku,archimonde,1556,hunter,survival,113,57,56
Bittercoast,stormscale,1555,hunter,survival,35,18,17
Coromant,blackrock,1555,hunter,survival,54,25,29
Jeanpisse,hyjal,1552,hunter,survival,53,28,25
Русланяшный,soulflayer,1550,hunter,survival,72,38,34
Kuzes,ravencrest,1547,hunter,survival,30,17,13
Sàvannah,ravencrest,1545,hunter,survival,107,54,53
Løngßeâm,ysondre,1545,hunter,survival,48,22,26
Babûsch,blackmoore,1545,hunter,survival,90,41,49
Пистоглазка,howling-fjord,1544,hunter,survival,29,18,11
Nemámponetí,drakthul,1540,hunter,survival,84,44,40
Halfogre,draenor,1540,hunter,survival,42,22,20
Wikariusz,kazzak,1540,hunter,survival,72,30,42
Capd,kazzak,1538,hunter,survival,71,39,32
Ищименявтени,gordunni,1538,hunter,survival,84,43,41
Миаур,gordunni,1537,hunter,survival,72,32,40
Riema,ragnaros,1536,hunter,survival,100,48,52
Santaana,twisting-nether,1535,hunter,survival,42,20,22
Xxø,ravencrest,1534,hunter,survival,30,16,14
Knoxblå,stormscale,1533,hunter,survival,24,16,8
Éddiémórphín,kazzak,1532,hunter,survival,36,18,18
Abeba,grim-batol,1531,hunter,survival,54,28,26
Куджикс,gordunni,1531,hunter,survival,44,17,27
Ódelagga,sylvanas,1529,hunter,survival,141,73,68
Sphexya,ravencrest,1528,hunter,survival,30,16,14
Garxzhunter,tarren-mill,1528,hunter,survival,30,16,14
Huntiika,silvermoon,1528,hunter,survival,98,49,49
Vâleriaa,blackrock,1527,hunter,survival,106,53,53
Warroan,kilrogg,1525,hunter,survival,24,16,8
Twitche,ravencrest,1521,hunter,survival,66,32,34
Хитвейн,gordunni,1521,hunter,survival,66,31,35
Ázurâ,blackhand,1519,hunter,survival,175,84,91
Khodii,aegwynn,1518,hunter,survival,24,16,8
Vexxed,thrall,1518,hunter,survival,36,21,15
Trapfish,dalaran,1518,hunter,survival,186,102,84
Lilsnuss,outland,1517,hunter,survival,42,25,17
Badboyxoxo,stormscale,1517,hunter,survival,139,81,58
Sharún,sylvanas,1516,hunter,survival,54,30,24
Outofcontrol,karazhan,1515,hunter,survival,30,17,13
Алекскиллшот,blackscar,1514,hunter,survival,24,16,8
Bågeniburen,draenor,1513,hunter,survival,30,17,13
Китас,soulflayer,1504,hunter,survival,171,99,72
Næ,kazzak,1504,hunter,survival,103,55,48
Молеандрис,gordunni,1503,hunter,survival,81,41,40
Vazaî,ravencrest,1502,hunter,survival,30,16,14
Bigbababotan,blackrock,1501,hunter,survival,75,46,29
Ðrãke,blackmoore,1500,hunter,survival,66,34,32
Oneshootqt,aegwynn,1498,hunter,survival,87,47,40
Melissax,silvermoon,1498,hunter,survival,69,30,39
Hreo,twisting-nether,1497,hunter,survival,84,43,41
Mahikosan,outland,1497,hunter,survival,36,16,20
Headhunterrz,burning-legion,1496,hunter,survival,66,36,30
Janoh,dalaran,1496,hunter,survival,153,73,80
Fmatzen,the-maelstrom,1495,hunter,survival,48,20,28
Танчибосс,soulflayer,1494,hunter,survival,133,65,68
Clicker,runetotem,1494,hunter,survival,72,34,38
Illnysa,silvermoon,1492,hunter,survival,47,24,23
Ðarrk,tarren-mill,1492,hunter,survival,72,36,36
Unferth,the-venture-co,1492,hunter,survival,72,35,37
Карвинн,soulflayer,1487,hunter,survival,36,18,18
Hakkoti,argent-dawn,1486,hunter,survival,72,36,36
Skumrask,outland,1486,hunter,survival,42,19,23
Andjelaa,kazzak,1482,hunter,survival,36,18,18
Flappypig,stormscale,1481,hunter,survival,30,16,14
Чужойй,howling-fjord,1478,hunter,survival,54,28,26
Rettoo,aszune,1478,hunter,survival,54,28,26
Huntaro,blackmoore,1478,hunter,survival,60,27,33
Каморан,grom,1476,hunter,survival,42,21,21
Petman,area-52,1474,hunter,survival,30,17,13
Штынь,gordunni,1471,hunter,survival,36,17,19
Zinà,naxxramas,1470,hunter,survival,40,23,17
Robinbuds,stormscale,1469,hunter,survival,52,27,25
Комомура,soulflayer,1469,hunter,survival,107,55,52
Jeddaj,stormscale,1469,hunter,survival,102,50,52
Гаррельд,blackscar,1468,hunter,survival,42,22,20
Raztreadör,dun-modr,1468,hunter,survival,330,167,163
Killitoss,blackmoore,1466,hunter,survival,54,26,28
Deathwallker,silvermoon,1465,hunter,survival,81,51,30
Яшатаю,soulflayer,1463,hunter,survival,39,26,13
Blackwarz,la-croisade-écarlate,1462,hunter,survival,44,29,15
Sarbacanes,hyjal,1462,hunter,survival,42,23,19
Zuggander,ravencrest,1462,hunter,survival,42,21,21
Рэдхаант,soulflayer,1462,hunter,survival,71,33,38
Bøøya,aegwynn,1461,hunter,survival,22,17,5
Graavi,silvermoon,1459,hunter,survival,62,32,30
Óneshóter,madmortem,1457,hunter,survival,80,43,37
Hoffen,dentarg,1456,hunter,survival,48,31,17
Хантзер,howling-fjord,1456,hunter,survival,122,56,66
Pentaboule,archimonde,1453,hunter,survival,144,76,68
Sayn,la-croisade-écarlate,1453,hunter,survival,68,35,33
Repap,defias-brotherhood,1451,hunter,survival,36,16,20
Atalnta,ravencrest,1451,hunter,survival,69,28,41
Pechvogel,blackmoore,1450,hunter,survival,39,18,21
Ðoñko,hyjal,1449,hunter,survival,186,92,94
Ballistix,elune,1448,hunter,survival,52,26,26
Подлыйстарик,gordunni,1447,hunter,survival,85,56,29
Nalys,argent-dawn,1447,hunter,survival,70,39,31
Twérk,blackmoore,1447,hunter,survival,59,32,27
Варкраб,blackscar,1446,hunter,survival,36,16,20
Makeawish,antonidas,1444,hunter,survival,64,37,27
Kazzaak,kazzak,1440,hunter,survival,126,63,63
Kasperle,frostwolf,1439,hunter,survival,30,20,10
Islide,ravencrest,1438,hunter,survival,36,15,21
Lultrap,nemesis,1436,hunter,survival,24,15,9
Zaphody,doomhammer,1435,hunter,survival,87,47,40
Jäinenool,outland,1435,hunter,survival,30,15,15
Psychotik,stormreaver,1434,hunter,survival,225,113,112
Huntsmart,kazzak,1432,hunter,survival,30,15,15
Eufumo,sanguino,1431,hunter,survival,53,26,27
Tyrone,saurfang,1431,hunter,survival,48,19,29
Pyrep,draenor,1430,hunter,survival,42,23,19
Sívér,antonidas,1430,hunter,survival,71,32,39
Dashaft,kazzak,1429,hunter,survival,93,52,41
Mahikotwo,arathor,1428,hunter,survival,24,15,9
Вилдфлекс,gordunni,1426,hunter,survival,36,25,11
Poggersdaddy,kazzak,1426,hunter,survival,24,15,9
Sarttrap,aerie-peak,1426,hunter,survival,48,27,21
Kalani,la-croisade-écarlate,1426,hunter,survival,137,65,72
Тэуреэль,gordunni,1426,hunter,survival,66,26,40
Rheyl,dun-morogh,1423,hunter,survival,18,15,3
Aspects,blackrock,1423,hunter,survival,30,15,15
Malgorn,burning-legion,1422,hunter,survival,69,44,25
Хипдо,soulflayer,1422,hunter,survival,30,15,15
Кулерквест,soulflayer,1421,hunter,survival,133,63,70
Shibai,outland,1420,hunter,survival,71,34,37
Ashendan,silvermoon,1420,hunter,survival,48,17,31
Мандалорецц,soulflayer,1418,hunter,survival,148,74,74
Перидот,howling-fjord,1417,hunter,survival,30,15,15
Hännibal,nazjatar,1417,hunter,survival,41,18,23
Torelk,dalaran,1416,hunter,survival,36,17,19
Itchy,das-syndikat,1414,hunter,survival,75,38,37
Zion,kul-tiras,1412,hunter,survival,35,16,19
Борькабритва,soulflayer,1412,hunter,survival,48,20,28
Bicepspump,dun-morogh,1412,hunter,survival,36,15,21
Сильвиина,eversong,1411,hunter,survival,48,24,24
Suxino,doomhammer,1410,hunter,survival,118,57,61
Kürze,silvermoon,1409,hunter,survival,58,27,31
Arykes,drakthul,1409,hunter,survival,59,27,32
Artemisïa,archimonde,1409,hunter,survival,60,25,35
Крэин,howling-fjord,1403,hunter,survival,60,30,30
Oggi,draenor,1402,hunter,survival,60,29,31
Согекхей,gordunni,1402,hunter,survival,72,29,43
Mert,ravencrest,1401,hunter,survival,132,68,64
Heliandra,dun-modr,1400,hunter,survival,36,20,16
Шадак,soulflayer,1400,hunter,survival,95,48,47
Survsen,kazzak,1400,hunter,survival,84,41,43
Bigmøist,ravencrest,1399,hunter,survival,110,57,53
Ниалла,thermaplugg,1399,hunter,survival,60,28,32
Boggy,outland,1396,hunter,survival,75,38,37
Dorota,auchindoun,1396,hunter,survival,48,24,24
Bôbby,kelthuzad,1395,hunter,survival,36,17,19
Живучийорех,gordunni,1394,hunter,survival,24,15,9
Floris,outland,1394,hunter,survival,66,36,30
Jónes,dunemaul,1394,hunter,survival,42,19,23
Вандамос,soulflayer,1392,hunter,survival,133,69,64
Кфоззи,soulflayer,1391,hunter,survival,30,15,15
Enistee,silvermoon,1391,hunter,survival,50,23,27
Кир,blackscar,1389,hunter,survival,76,43,33
Kabedon,drakthul,1389,hunter,survival,56,26,30
Littlhuntard,tarren-mill,1388,hunter,survival,30,17,13
Moralisa,eredar,1387,hunter,survival,60,28,32
Feignindeath,twisting-nether,1386,hunter,survival,44,25,19
Kobayashi,arathor,1386,hunter,survival,131,63,68
Spiffs,twisting-nether,1386,hunter,survival,54,21,33
Schwabbels,silvermoon,1384,hunter,survival,30,15,15
Crème,blackrock,1384,hunter,survival,117,52,65
Röwene,argent-dawn,1383,hunter,survival,50,28,22
Wastage,draenor,1383,hunter,survival,54,26,28
Santiägø,archimonde,1380,hunter,survival,66,37,29
Ajko,blackmoore,1378,hunter,survival,60,33,27
Regele,silvermoon,1378,hunter,survival,95,48,47
Shootingu,aegwynn,1376,hunter,survival,132,68,64
Chupsor,ravencrest,1376,hunter,survival,38,17,21
Shoty,zuluhed,1372,hunter,survival,112,52,60
Йинги,gordunni,1371,hunter,survival,77,40,37
Hotgrillexde,sylvanas,1369,hunter,survival,29,15,14
Whyareurunin,silvermoon,1369,hunter,survival,48,21,27
Dzago,burning-legion,1368,hunter,survival,38,15,23
Hunttes,nagrand,1365,hunter,survival,29,15,14
Harrak,ysondre,1362,hunter,survival,48,35,13
Cásper,tarren-mill,1360,hunter,survival,60,33,27
Rolky,silvermoon,1360,hunter,survival,30,16,14
Pls,blackmoore,1359,hunter,survival,35,16,19
Dîdierraoult,archimonde,1358,hunter,survival,29,15,14
Стивстифлер,razuvious,1357,hunter,survival,60,33,27
Vengefull,draenor,1357,hunter,survival,174,88,86
Torrë,sanguino,1356,hunter,survival,73,35,38
Chiwa,cthun,1356,hunter,survival,42,15,27
Mizumo,burning-legion,1352,hunter,survival,42,16,26
Wolder,burning-legion,1350,hunter,survival,29,15,14
Abovival,ragnaros,1349,hunter,survival,30,20,10
Sasquaczek,burning-legion,1343,hunter,survival,55,31,24
Ketaminösa,zuljin,1341,hunter,survival,24,14,10
Nozugzug,blackmoore,1341,hunter,survival,80,41,39
Icetrapped,eredar,1341,hunter,survival,30,14,16
Xaone,blackrock,1340,hunter,survival,18,14,4
Gakco,twisting-nether,1340,hunter,survival,42,24,18
Fiskerr,darksorrow,1339,hunter,survival,30,14,16
Айхана,gordunni,1337,hunter,survival,53,30,23
Skyyw,tarren-mill,1337,hunter,survival,85,45,40
Snôptas,blackmoore,1337,hunter,survival,32,15,17
Satantrapbot,outland,1337,hunter,survival,30,14,16
Kishunt,ravencrest,1336,hunter,survival,27,15,12
Kleiar,dun-modr,1335,hunter,survival,27,15,12
Jalcer,draenor,1334,hunter,survival,56,25,31
Забзаб,soulflayer,1333,hunter,survival,24,14,10
Spitchy,kazzak,1333,hunter,survival,48,26,22
Trappewpew,blackmoore,1331,hunter,survival,24,14,10
Nixerious,alakir,1331,hunter,survival,24,14,10
Bláckthorn,ravencrest,1330,hunter,survival,30,14,16
Ilørell,archimonde,1323,hunter,survival,71,31,40
Jamalinho,silvermoon,1322,hunter,survival,60,38,22
Макфлайь,howling-fjord,1322,hunter,survival,30,14,16
Бандерака,goldrinn,1321,hunter,survival,42,24,18
Huntanova,antonidas,1321,hunter,survival,54,21,33
Speartusk,blackhand,1319,hunter,survival,42,22,20
Ashablack,argent-dawn,1319,hunter,survival,202,104,98
Danaetia,aerie-peak,1317,hunter,survival,30,14,16
Алестея,gordunni,1316,hunter,survival,30,14,16
Yszï,dalaran,1315,hunter,survival,30,17,13
Zehned,ysondre,1315,hunter,survival,86,39,47
Slagatronic,ragnaros,1314,hunter,survival,114,60,54
Kamayail,skullcrusher,1312,hunter,survival,80,40,40
Дэнитрехо,soulflayer,1311,hunter,survival,36,14,22
Pãstèque,ravencrest,1309,hunter,survival,28,15,13
Занзуолли,howling-fjord,1309,hunter,survival,66,32,34
Getsniffarn,sylvanas,1306,hunter,survival,60,31,29
Grimazg,chogall,1305,hunter,survival,30,18,12
Пятницкий,soulflayer,1304,hunter,survival,33,17,16
Karabeg,twisting-nether,1301,hunter,survival,53,22,31
Thëoden,cthun,1298,hunter,survival,30,16,14
Herubin,doomhammer,1297,hunter,survival,86,43,43
Steezowl,kazzak,1297,hunter,survival,47,20,27
Prodanhunts,frostmane,1296,hunter,survival,30,14,16
Cliff,kiljaeden,1292,hunter,survival,49,25,24
Akibane,blackmoore,1291,hunter,survival,26,15,11
Vorsord,zuljin,1288,hunter,survival,60,27,33
Zwerghauer,arthas,1286,hunter,survival,42,20,22
Tôm,ravencrest,1282,hunter,survival,30,19,11
Wôôdsy,blackrock,1280,hunter,survival,48,22,26
Барабаша,deathguard,1278,hunter,survival,40,15,25
Фурболгов,gordunni,1274,hunter,survival,83,38,45
Junglez,nagrand,1268,hunter,survival,52,28,24
Sainttcc,thrall,1267,hunter,survival,66,34,32
Dhmain,frostmane,1267,hunter,survival,93,40,53
Ägris,die-todeskrallen,1266,hunter,survival,152,78,74
Foxyfoxo,guldan,1263,hunter,survival,54,26,28
Hopefol,ravencrest,1261,hunter,survival,48,17,31
Тике,soulflayer,1255,hunter,survival,68,34,34
Jomoguin,stormscale,1255,hunter,survival,54,27,27
Haku,burning-legion,1254,hunter,survival,57,27,30
Didzon,ravencrest,1249,hunter,survival,24,14,10
Куджикс,soulflayer,1248,hunter,survival,18,13,5
Zudith,sanguino,1248,hunter,survival,24,14,10
Tortillia,madmortem,1248,hunter,survival,93,41,52
Rollin,khaz-modan,1247,hunter,survival,24,15,9
Jumong,ragnaros,1246,hunter,survival,24,13,11
Spliinter,twisting-nether,1245,hunter,survival,58,37,21
Caelas,outland,1245,hunter,survival,36,17,19
Vargar,arygos,1245,hunter,survival,30,13,17
Guanchin,silvermoon,1245,hunter,survival,42,16,26
Cadier,argent-dawn,1244,hunter,survival,30,13,17
Thalanos,antonidas,1243,hunter,survival,30,13,17
Raínbow,aegwynn,1242,hunter,survival,24,13,11
Querro,azshara,1241,hunter,survival,54,17,37
Orcflayer,outland,1239,hunter,survival,24,13,11
Hasselunden,ravencrest,1237,hunter,survival,24,13,11
Myoui,silvermoon,1233,hunter,survival,24,13,11
Onefatalshot,the-maelstrom,1231,hunter,survival,31,15,16
Критпояйцам,howling-fjord,1230,hunter,survival,23,15,8
Турбоквардо,howling-fjord,1229,hunter,survival,36,13,23
Мертвыйпсарь,soulflayer,1228,hunter,survival,52,25,27
Mcgloebels,archimonde,1225,hunter,survival,27,14,13
Kapitannapas,deathwing,1225,hunter,survival,30,13,17
Girlfwiend,argent-dawn,1225,hunter,survival,36,14,22
Yakx,dun-modr,1224,hunter,survival,30,15,15
Bowmasterjay,kazzak,1221,hunter,survival,24,13,11
Bloodxx,ragnaros,1218,hunter,survival,102,48,54
Reðrighthånð,throkferoth,1209,hunter,survival,31,15,16
Тельдритис,gordunni,1207,hunter,survival,35,14,21
Nvukaze,argent-dawn,1205,hunter,survival,39,23,16
Caedus,argent-dawn,1205,hunter,survival,48,18,30
Eledanu,blackmoore,1200,hunter,survival,24,16,8
Bairex,magtheridon,1189,hunter,survival,72,41,31
Ayshæ,tarren-mill,1184,hunter,survival,84,36,48
Crapulegangz,archimonde,1181,hunter,survival,32,13,19
Trackmedown,kazzak,1180,hunter,survival,22,13,9
Dragonflayer,sylvanas,1180,hunter,survival,66,37,29
Sláyer,the-shatar,1176,hunter,survival,76,40,36
Otekkâ,hyjal,1175,hunter,survival,29,13,16
Binhoker,argent-dawn,1173,hunter,survival,18,13,5
Murotar,dalaran,1173,hunter,survival,24,13,11
Pàtküt,blackmoore,1173,hunter,survival,34,15,19
Platza,ragnaros,1162,hunter,survival,36,17,19
Скримзх,gordunni,1161,hunter,survival,36,20,16
Voltár,antonidas,1161,hunter,survival,42,17,25
Absolutnoob,blackrock,1160,hunter,survival,74,39,35
Doru,silvermoon,1160,hunter,survival,132,65,67
Sniperqueenx,bloodscalp,1151,hunter,survival,18,12,6
Ähäkutti,kazzak,1151,hunter,survival,30,12,18
Erhu,drakthul,1150,hunter,survival,18,12,6
Hexojs,outland,1150,hunter,survival,18,12,6
Nkl,archimonde,1150,hunter,survival,24,12,12
Niro,argent-dawn,1150,hunter,survival,24,12,12
Sadmasl,blackmoore,1149,hunter,survival,18,12,6
Еваджонсон,gordunni,1149,hunter,survival,24,12,12
Nevêrse,archimonde,1147,hunter,survival,24,12,12
Nunziatellà,nemesis,1147,hunter,survival,24,12,12
Terrorduni,tarren-mill,1147,hunter,survival,30,12,18
Звериныйпапа,gordunni,1146,hunter,survival,24,12,12
Eyvin,defias-brotherhood,1144,hunter,survival,24,12,12
Orcpie,defias-brotherhood,1143,hunter,survival,36,16,20
Äzul,ysondre,1142,hunter,survival,27,13,14
Såvëâmäzøñíà,stormscale,1142,hunter,survival,30,12,18
Akasa,twilights-hammer,1142,hunter,survival,30,12,18
Kaynor,dalaran,1141,hunter,survival,24,12,12
Pôîson,kazzak,1139,hunter,survival,149,69,80
Gilzog,exodar,1138,hunter,survival,30,12,18
Cabaim,eredar,1137,hunter,survival,18,12,6
Хантероо,gordunni,1137,hunter,survival,30,17,13
Autoturret,eredar,1130,hunter,survival,30,12,18
Cämper,aegwynn,1124,hunter,survival,24,12,12
Leemool,ysondre,1123,hunter,survival,30,18,12
Azuren,twisting-nether,1122,hunter,survival,29,13,16
Marvii,drakthul,1120,hunter,survival,48,17,31
Fãdê,ravencrest,1118,hunter,survival,20,13,7
Bâng,zuljin,1117,hunter,survival,24,12,12
Зомбим,soulflayer,1103,hunter,survival,53,20,33
Milandra,the-maelstrom,1101,hunter,survival,60,29,31
Apachy,amanthul,1100,hunter,survival,29,12,17
Aszasi,azjolnerub,1096,hunter,survival,23,12,11
Nith,ungoro,1095,hunter,survival,108,49,59
Eromoar,outland,1091,hunter,survival,45,20,25
Himba,dentarg,1088,hunter,survival,36,18,18
Dørrak,hyjal,1075,hunter,survival,100,40,60
Zrijad,draenor,1070,hunter,survival,20,12,8
Djsecousse,hyjal,1056,hunter,survival,18,11,7
Guccyfied,blackrock,1056,hunter,survival,18,11,7
Speedymarieh,argent-dawn,1056,hunter,survival,18,11,7
Djtrápálót,dragonmaw,1055,hunter,survival,18,11,7
Ранкон,lich-king,1055,hunter,survival,24,11,13
Ремонтлицаа,gordunni,1055,hunter,survival,24,11,13
Cataleýà,outland,1052,hunter,survival,18,11,7
Coopatron,silvermoon,1049,hunter,survival,24,11,13
Slickbackdan,the-maelstrom,1048,hunter,survival,18,11,7
Dauria,blackhand,1048,hunter,survival,30,11,19
Isøbu,hyjal,1047,hunter,survival,30,11,19
Haileyjones,darkmoon-faire,1046,hunter,survival,18,11,7
Klittcrit,bloodhoof,1046,hunter,survival,24,11,13
Riscante,dun-morogh,1041,hunter,survival,28,13,15
Volotyr,ravencrest,1033,hunter,survival,24,11,13
Grufflin,bronzebeard,1027,hunter,survival,32,12,20
Yinn,kilrogg,1026,hunter,survival,83,34,49
Daiking,pozzo-delleternità,1025,hunter,survival,100,37,63
Bawzé,archimonde,1022,hunter,survival,22,11,11
Shanè,blackrock,1021,hunter,survival,32,13,19
Оверман,azuregos,1021,hunter,survival,32,12,20
Szybky,defias-brotherhood,1017,hunter,survival,18,11,7
Фетсол,soulflayer,1017,hunter,survival,23,11,12
Giobi,draenor,1013,hunter,survival,36,20,16
Roacher,hyjal,1011,hunter,survival,29,11,18
Magicnanø,nemesis,1008,hunter,survival,27,11,16
Irefutabilâ,outland,1007,hunter,survival,23,11,12
Kinaou,sargeras,1003,hunter,survival,54,25,29
Animàl,argent-dawn,988,hunter,survival,22,11,11
Huntoruu,outland,983,hunter,survival,113,48,65
Naramir,ysondre,981,hunter,survival,38,11,27
Agarez,blackrock,978,hunter,survival,48,20,28
Änubïs,culte-de-la-rive-noire,973,hunter,survival,28,12,16
Крысюкпифпаф,blackscar,971,hunter,survival,19,11,8
Vilopez,arthas,960,hunter,survival,12,10,2
Аминотоксид,blackscar,960,hunter,survival,12,10,2
Reviam,ravencrest,960,hunter,survival,12,10,2
Iloveluna,silvermoon,960,hunter,survival,12,10,2
Tayu,throkferoth,960,hunter,survival,12,10,2
Jøki,blackmoore,960,hunter,survival,18,10,8
Мигнитюша,blackscar,960,hunter,survival,18,10,8
Vincex,ravencrest,960,hunter,survival,18,10,8
Hiddenstalke,argent-dawn,960,hunter,survival,18,10,8
Neilime,marécage-de-zangar,960,hunter,survival,80,37,43
Neddly,draenor,960,hunter,survival,24,10,14
Bubby,burning-legion,960,hunter,survival,24,10,14
Nayeem,silvermoon,959,hunter,survival,12,10,2
Патчхороший,howling-fjord,959,hunter,survival,18,10,8
Næmes,hyjal,959,hunter,survival,18,10,8
Tomasínos,drakthul,959,hunter,survival,18,10,8
Purée,ragnaros,959,hunter,survival,24,10,14
Ревирин,gordunni,958,hunter,survival,12,10,2
Менстряк,deathguard,958,hunter,survival,18,10,8
Grusijohn,executus,958,hunter,survival,18,10,8
Silverlaine,quelthalas,957,hunter,survival,12,10,2
Elyar,eredar,957,hunter,survival,18,10,8
Элфй,gordunni,956,hunter,survival,18,10,8
Starkt,ragnaros,956,hunter,survival,24,10,14
Цезарьрома,soulflayer,955,hunter,survival,33,10,23
Hevl,silvermoon,954,hunter,survival,18,10,8
Memli,uldaman,950,hunter,survival,18,10,8
Kaletorw,ragnaros,949,hunter,survival,18,10,8
Marluxiâ,archimonde,947,hunter,survival,30,11,19
Zipzâp,blackrock,936,hunter,survival,18,10,8
Bowkeeper,kazzak,916,hunter,survival,73,35,38
Chillibetv,blackrock,906,hunter,survival,27,11,16
Erethrus,ravencrest,895,hunter,survival,26,10,16
Bláckheart,doomhammer,888,hunter,survival,22,10,12
Ирртой,grom,885,hunter,survival,24,10,14
Tortoise,blackrock,864,hunter,survival,12,9,3
Crøxx,archimonde,864,hunter,survival,12,9,3
Veganmuscles,madmortem,864,hunter,survival,15,10,5
Nooksem,blackrock,864,hunter,survival,18,9,9
Mortybeans,ravencrest,864,hunter,survival,18,9,9
Bùddhíst,ravencrest,864,hunter,survival,18,9,9
Xlít,outland,864,hunter,survival,18,9,9
Rynextwo,khaz-modan,864,hunter,survival,18,9,9
Sandina,sylvanas,864,hunter,survival,18,9,9
Tomli,nemesis,863,hunter,survival,12,9,3
Jinxpeasant,twisting-nether,863,hunter,survival,12,9,3
Murkek,drakthul,863,hunter,survival,12,9,3
Dekax,blackhand,863,hunter,survival,12,9,3
Mileysaures,stormscale,863,hunter,survival,12,9,3
Nirn,ravencrest,863,hunter,survival,18,9,9
Nillaxy,blackmoore,863,hunter,survival,18,9,9
Shubou,silvermoon,863,hunter,survival,18,9,9
Kirax,ravencrest,863,hunter,survival,21,10,11
Нью,soulflayer,863,hunter,survival,30,9,21
Kailley,conseil-des-ombres,862,hunter,survival,12,9,3
Тиометра,gordunni,862,hunter,survival,12,9,3
Fluffiis,twisting-nether,861,hunter,survival,12,9,3
Kissnodig,outland,861,hunter,survival,18,9,9
Välk,sylvanas,860,hunter,survival,18,9,9
Secrety,doomhammer,860,hunter,survival,18,9,9
Misscreggor,ravencrest,860,hunter,survival,24,9,15
Пивпавнах,gordunni,859,hunter,survival,12,9,3
Henario,ravencrest,859,hunter,survival,19,9,10
Raenard,ragnaros,858,hunter,survival,21,10,11
Madtony,aegwynn,858,hunter,survival,24,9,15
Karasana,earthen-ring,855,hunter,survival,30,9,21
Beaupapa,archimonde,846,hunter,survival,18,9,9
Cosmokid,shadowsong,842,hunter,survival,16,10,6
Abeji,malygos,830,hunter,survival,23,9,14
Trabucones,sanguino,830,hunter,survival,24,9,15
Greel,saurfang,825,hunter,survival,30,10,20
Reenacer,dun-modr,810,hunter,survival,36,12,24
Drolig,blackmoore,793,hunter,survival,17,9,8
Dumbfoundead,argent-dawn,768,hunter,survival,12,8,4
Techpoint,silvermoon,768,hunter,survival,12,8,4
Velen,pozzo-delleternità,768,hunter,survival,12,8,4
Deuteríum,outland,768,hunter,survival,12,8,4
Jaggy,hyjal,768,hunter,survival,12,8,4
Adefthunt,kazzak,768,hunter,survival,12,8,4
Slighth,ragnaros,768,hunter,survival,12,8,4
Пьёт,gordunni,768,hunter,survival,18,8,10
Notrexx,kazzak,768,hunter,survival,18,8,10
Bø,burning-blade,768,hunter,survival,18,8,10
Трапавграунд,howling-fjord,768,hunter,survival,18,8,10
Louce,argent-dawn,768,hunter,survival,18,8,10
Epicsurvive,kazzak,768,hunter,survival,24,8,16
Lockshot,ragnaros,767,hunter,survival,12,8,4
Alissón,aegwynn,767,hunter,survival,12,8,4
Jäegarn,ravencrest,767,hunter,survival,12,8,4
Øpedro,kirin-tor,767,hunter,survival,12,8,4
Тиандриса,soulflayer,767,hunter,survival,12,8,4
Jimpage,eredar,767,hunter,survival,12,8,4
Nokti,die-ewige-wacht,767,hunter,survival,12,8,4
Luftikuss,arthas,767,hunter,survival,12,8,4
Assaultrifle,frostmane,767,hunter,survival,18,8,10
Arnakua,outland,767,hunter,survival,18,8,10
Double,sylvanas,767,hunter,survival,18,8,10
Haranti,dun-modr,766,hunter,survival,12,8,4
Noréaga,suramar,766,hunter,survival,18,8,10
Kaj,kelthuzad,766,hunter,survival,18,8,10
Вуйчеч,howling-fjord,766,hunter,survival,24,8,16
Pispirelul,ravencrest,765,hunter,survival,21,9,12
Buszos,burning-legion,764,hunter,survival,18,8,10
Cazados,shendralar,764,hunter,survival,22,9,13
Harmonía,outland,764,hunter,survival,24,8,16
Риппер,gordunni,762,hunter,survival,24,8,16
Thëhunter,tyrande,749,hunter,survival,17,8,9
Killdembro,sunstrider,747,hunter,survival,138,41,97
Hanibale,burning-blade,740,hunter,survival,31,8,23
Pjållistani,ravencrest,735,hunter,survival,11,8,3
Ватмано,gordunni,718,hunter,survival,11,8,3
Cinnè,frostwolf,704,hunter,survival,16,8,8
Reefa,the-maelstrom,702,hunter,survival,11,8,3
Dexx,kazzak,698,hunter,survival,17,9,8
Merquryh,ravencrest,672,hunter,survival,12,7,5
Tomorrow,ravencrest,672,hunter,survival,12,7,5
Волкорн,gordunni,672,hunter,survival,12,7,5
Morgard,uldum,672,hunter,survival,12,7,5
Трапгодикс,eversong,672,hunter,survival,12,7,5
Tràpz,archimonde,672,hunter,survival,12,7,5
Ilovemax,archimonde,672,hunter,survival,12,7,5
Laptopplayër,ravencrest,672,hunter,survival,12,7,5
Trapsgaye,blackmoore,672,hunter,survival,12,7,5
Nulles,ravencrest,672,hunter,survival,12,7,5
Davidghettô,dalaran,672,hunter,survival,12,7,5
Masthuhn,blackmoore,672,hunter,survival,12,7,5
Yonsa,blackmoore,672,hunter,survival,12,7,5
Amadia,defias-brotherhood,672,hunter,survival,12,7,5
Burninghunt,ravencrest,672,hunter,survival,12,7,5
Норапина,eversong,672,hunter,survival,33,15,18
Avashah,ravencrest,672,hunter,survival,16,7,9
Wórldz,dun-modr,672,hunter,survival,18,7,11
Chaxxqt,aegwynn,672,hunter,survival,18,7,11
Frozenpies,stormscale,672,hunter,survival,18,7,11
Kapowz,kazzak,672,hunter,survival,18,7,11
Moscowmule,tarren-mill,672,hunter,survival,18,7,11
Solotrap,kazzak,672,hunter,survival,18,7,11
Cryts,dun-modr,672,hunter,survival,18,7,11
Reelgigachad,archimonde,672,hunter,survival,18,7,11
Crostaws,terokkar,672,hunter,survival,18,7,11
Lowfet,neptulon,672,hunter,survival,18,7,11
Anklar,blackrock,672,hunter,survival,18,7,11
Oldlynx,ravencrest,671,hunter,survival,12,7,5
Koblajan,draenor,671,hunter,survival,12,7,5
Flamehand,kazzak,671,hunter,survival,12,7,5
Theme,aegwynn,671,hunter,survival,12,7,5
Fyoni,silvermoon,671,hunter,survival,12,7,5
Shanndu,ravencrest,671,hunter,survival,18,7,11
Neepal,archimonde,671,hunter,survival,18,7,11
Koblih,draenor,671,hunter,survival,30,7,23
Blackox,zirkel-des-cenarius,670,hunter,survival,12,7,5
Renegansnipe,silvermoon,670,hunter,survival,18,7,11
Panfilmaaj,burning-legion,670,hunter,survival,19,7,12
Tyràél,mugthol,669,hunter,survival,12,7,5
Санясурв,gordunni,665,hunter,survival,25,12,13
Thalanos,blackmoore,665,hunter,survival,20,9,11
Mahemi,mazrigos,664,hunter,survival,30,7,23
Skyythe,dun-morogh,649,hunter,survival,18,7,11
Powerhord,burning-legion,644,hunter,survival,23,9,14
Beersalma,arathor,623,hunter,survival,11,7,4
Iendx,silvermoon,623,hunter,survival,11,7,4
Axiøs,thrall,623,hunter,survival,17,7,10
Bugspitz,outland,622,hunter,survival,11,7,4
Хищник,gordunni,622,hunter,survival,14,8,6
Jezter,darksorrow,622,hunter,survival,21,7,14
Gharzok,blackrock,618,hunter,survival,14,8,6
Gitanìlla,dun-modr,576,hunter,survival,6,6,0
Charterjk,eredar,576,hunter,survival,6,6,0
Vinniehunter,archimonde,576,hunter,survival,6,6,0
Ernorx,stormscale,576,hunter,survival,6,6,0
Ävírøñskÿ,ravencrest,576,hunter,survival,6,6,0
Ямилигодц,soulflayer,576,hunter,survival,12,6,6
Milkyway,jaedenar,576,hunter,survival,12,6,6
Yezzu,sylvanas,576,hunter,survival,12,6,6
Weraxo,ravencrest,576,hunter,survival,12,6,6
Bicmeks,ravencrest,576,hunter,survival,12,6,6
Alibigjungle,ravencrest,576,hunter,survival,12,6,6
Maddoqx,frostwolf,576,hunter,survival,12,6,6
Anupephu,stormscale,576,hunter,survival,12,6,6
Gormlokar,kazzak,576,hunter,survival,12,6,6
Ravendy,stormscale,576,hunter,survival,12,6,6
Lightxyz,ravencrest,576,hunter,survival,12,6,6
Psghunt,argent-dawn,576,hunter,survival,12,6,6
Mouganstine,archimonde,576,hunter,survival,12,6,6
Jamoneame,sanguino,576,hunter,survival,12,6,6
Snoude,silvermoon,576,hunter,survival,12,6,6
Scarletgirl,draenor,576,hunter,survival,12,6,6
Zøøkëëper,silvermoon,576,hunter,survival,12,6,6
Zisqa,alleria,576,hunter,survival,12,6,6
Bkrbot,dun-modr,576,hunter,survival,12,6,6
Nobuno,dun-modr,576,hunter,survival,12,6,6
Uranîa,blackmoore,576,hunter,survival,12,6,6
Уроборос,gordunni,576,hunter,survival,12,6,6
Common,drakthul,576,hunter,survival,12,6,6
Seandeluxe,defias-brotherhood,576,hunter,survival,12,6,6
Faccacamoale,twisting-nether,576,hunter,survival,12,6,6
Surgethyme,ravencrest,576,hunter,survival,15,7,8
Bobshmurda,defias-brotherhood,576,hunter,survival,18,6,12
Zárnah,defias-brotherhood,576,hunter,survival,18,6,12
Янемилашка,howling-fjord,576,hunter,survival,18,6,12
Headshotxd,ragnaros,576,hunter,survival,18,6,12
Geralt,argent-dawn,576,hunter,survival,18,6,12
Эвилтар,soulflayer,576,hunter,survival,18,6,12
Pewpewronin,the-maelstrom,575,hunter,survival,12,6,6
Broomyuk,kilrogg,575,hunter,survival,12,6,6
Svinaset,shattered-hand,575,hunter,survival,12,6,6
Lucrecius,magtheridon,575,hunter,survival,12,6,6
Lòò,aegwynn,575,hunter,survival,12,6,6
Huntoon,doomhammer,575,hunter,survival,12,6,6
Йеттеринг,deathweaver,575,hunter,survival,15,7,8
Дондонандон,gordunni,575,hunter,survival,18,6,12
Sekkeh,ragnaros,575,hunter,survival,18,6,12
Amjamh,hyjal,575,hunter,survival,18,6,12
Sàclak,ysondre,575,hunter,survival,18,6,12
Mufassa,sinstralis,574,hunter,survival,12,6,6
Jwishrankone,outland,574,hunter,survival,12,6,6
Васябицепс,howling-fjord,574,hunter,survival,18,6,12
Vuloshi,twisting-nether,573,hunter,survival,18,6,12
Блоуйоэсс,howling-fjord,573,hunter,survival,24,6,18
Wolfína,drakthul,572,hunter,survival,24,6,18
Jackdaniéls,twisting-nether,559,hunter,survival,11,6,5
Mâjôô,blackhand,544,hunter,survival,10,6,4
Iyelee,malfurion,544,hunter,survival,16,6,10
Sumecxh,aegwynn,543,hunter,survival,11,6,5
Natheldir,silvermoon,527,hunter,survival,11,6,5
Maikbb,stormreaver,527,hunter,survival,17,6,11
Raley,archimonde,526,hunter,survival,17,6,11
Yvenne,uldaman,525,hunter,survival,11,6,5
Ilòóll,veknilash,511,hunter,survival,11,6,5
Mustyflor,ravencrest,511,hunter,survival,14,6,8
Aequitaz,blackhand,511,hunter,survival,20,6,14
Хантвкроксах,gordunni,496,hunter,survival,13,6,7
Glama,archimonde,480,hunter,survival,6,5,1
Unscripted,kazzak,480,hunter,survival,6,5,1
Dheredre,silvermoon,480,hunter,survival,6,5,1
Jelibon,ragnaros,480,hunter,survival,6,5,1
Spirys,drakthul,480,hunter,survival,6,5,1
Zybxd,drakthul,480,hunter,survival,6,5,1
Lilpancake,kazzak,480,hunter,survival,6,5,1
Lansha,hyjal,480,hunter,survival,6,5,1
Intensivigel,blackmoore,480,hunter,survival,6,5,1
Osskkar,uldum,480,hunter,survival,6,5,1
Sebikh,ravencrest,480,hunter,survival,6,5,1
Mòzetónq,ravencrest,480,hunter,survival,6,5,1
Deek,ysera,480,hunter,survival,6,5,1
Kayvaal,kaelthas,480,hunter,survival,6,5,1
Alohunt,archimonde,480,hunter,survival,6,5,1
Мюнхаусен,gordunni,480,hunter,survival,6,5,1
Lísy,hyjal,480,hunter,survival,6,5,1
Nastynutshot,stormscale,480,hunter,survival,6,5,1
Smellygroin,darksorrow,480,hunter,survival,6,5,1
Аскентр,gordunni,480,hunter,survival,12,5,7
Мэйвиан,gordunni,480,hunter,survival,12,5,7
Oof,lightnings-blade,480,hunter,survival,12,5,7
Acefyre,sylvanas,480,hunter,survival,12,5,7
Vypaz,twisting-nether,480,hunter,survival,12,5,7
Вкинулматрас,gordunni,480,hunter,survival,12,5,7
Asery,blackmoore,480,hunter,survival,12,5,7
Hekyna,ravencrest,480,hunter,survival,12,5,7
Gogolehunt,archimonde,480,hunter,survival,12,5,7
Djzntrap,outland,480,hunter,survival,12,5,7
Ðîe,ysondre,480,hunter,survival,12,5,7
Ormassey,drakthul,480,hunter,survival,12,5,7
Akyra,runetotem,480,hunter,survival,12,5,7
Noneedtotrap,darksorrow,480,hunter,survival,12,5,7
Supcuz,stormscale,480,hunter,survival,12,5,7
Kàisèr,shendralar,480,hunter,survival,12,5,7
Caìuz,pozzo-delleternità,480,hunter,survival,12,5,7
Bubboo,dun-modr,480,hunter,survival,12,5,7
Yakayoshi,kazzak,480,hunter,survival,12,5,7
Doloresman,tarren-mill,480,hunter,survival,12,5,7
Hunterado,burning-legion,480,hunter,survival,12,5,7
Cyhi,ravencrest,480,hunter,survival,12,5,7
Lostinmist,kazzak,480,hunter,survival,12,5,7
Discoråttan,stormscale,480,hunter,survival,12,5,7
Mercpet,tarren-mill,480,hunter,survival,12,5,7
Neyli,aegwynn,480,hunter,survival,12,5,7
Axered,outland,480,hunter,survival,12,5,7
Baconflips,ravencrest,480,hunter,survival,12,5,7
Beletor,medivh,480,hunter,survival,18,5,13
Aleenya,dalaran,480,hunter,survival,18,5,13
Ector,silvermoon,480,hunter,survival,18,5,13
Beaststeaks,thrall,480,hunter,survival,18,5,13
Sharpeyezz,ravencrest,480,hunter,survival,18,5,13
Amyst,senjin,480,hunter,survival,18,5,13
Oey,ravencrest,480,hunter,survival,18,5,13
Zireal,pozzo-delleternità,479,hunter,survival,6,5,1
Фемтто,greymane,479,hunter,survival,12,5,7
Daltyr,ravencrest,479,hunter,survival,12,5,7
Сногивкабину,soulflayer,479,hunter,survival,18,5,13
Sharrowkyn,twisting-nether,448,hunter,survival,10,6,4
Nazumåks,stormscale,448,hunter,survival,16,5,11
Katwizrø,hyjal,447,hunter,survival,11,5,6
Nektard,ravencrest,425,hunter,survival,14,6,8
Bubonciêl,archimonde,425,hunter,survival,22,7,15
Thresha,ravenholdt,384,hunter,survival,6,4,2
Donneraàn,blackrock,384,hunter,survival,6,4,2
Националь,gordunni,384,hunter,survival,6,4,2
Суперструнка,gordunni,384,hunter,survival,6,4,2
Mooj,malganis,384,hunter,survival,6,4,2
Giggiwho,malganis,384,hunter,survival,6,4,2
Jeppe,sylvanas,384,hunter,survival,6,4,2
Trapandstun,aszune,384,hunter,survival,6,4,2
Virzion,silvermoon,384,hunter,survival,6,4,2
Huntdekalité,khaz-modan,384,hunter,survival,6,4,2
Ледо,deathguard,384,hunter,survival,6,4,2
Nyxìa,shattered-halls,384,hunter,survival,6,4,2
Weedonyhunt,hyjal,384,hunter,survival,6,4,2
Antisober,ravencrest,384,hunter,survival,6,4,2
Hvaskøduenme,stormscale,384,hunter,survival,6,4,2
Borbotir,silvermoon,384,hunter,survival,6,4,2
Salvo,silvermoon,384,hunter,survival,6,4,2
Shenra,argent-dawn,384,hunter,survival,6,4,2
Tibaq,burning-legion,384,hunter,survival,6,4,2
Zhannezza,sylvanas,384,hunter,survival,6,4,2
Deyanirah,sanguino,384,hunter,survival,6,4,2
Nomorex,frostwhisper,384,hunter,survival,6,4,2
Youngbepse,blackrock,384,hunter,survival,6,4,2
Kayflock,kazzak,384,hunter,survival,6,4,2
Blhunt,magtheridon,384,hunter,survival,6,4,2
Rokmahr,stormscale,384,hunter,survival,6,4,2
Djøgi,archimonde,384,hunter,survival,6,4,2
Granteqar,ysondre,384,hunter,survival,6,4,2
Vádîazmeý,twisting-nether,384,hunter,survival,6,4,2
Fyrya,ravencrest,384,hunter,survival,6,4,2
Яналице,gordunni,384,hunter,survival,6,4,2
Bièretrand,les-clairvoyants,384,hunter,survival,6,4,2
Twinkies,ysondre,384,hunter,survival,6,4,2
Djurmästaren,ravencrest,384,hunter,survival,6,4,2
Olamay,blackmoore,384,hunter,survival,6,4,2
Jêsslíne,ravencrest,384,hunter,survival,11,5,6
Friendlyone,quelthalas,384,hunter,survival,12,4,8
Voldagor,hyjal,384,hunter,survival,12,4,8
Dettas,silvermoon,384,hunter,survival,12,4,8
Helvetiya,sylvanas,384,hunter,survival,12,4,8
Eâgleêyê,frostwolf,384,hunter,survival,12,4,8
Illuminate,laughing-skull,384,hunter,survival,12,4,8
Хикази,soulflayer,384,hunter,survival,12,4,8
Abgeherjoe,antonidas,384,hunter,survival,12,4,8
Nimoria,zuluhed,384,hunter,survival,12,4,8
Wärft,arathi,384,hunter,survival,12,4,8
Doojas,archimonde,384,hunter,survival,12,4,8
Esperion,ragnaros,384,hunter,survival,12,4,8
Афганыч,soulflayer,384,hunter,survival,12,4,8
Vukal,kazzak,384,hunter,survival,12,4,8
Эдерим,gordunni,384,hunter,survival,12,4,8
Rudimentary,ravencrest,384,hunter,survival,12,4,8
Simppeli,sylvanas,384,hunter,survival,12,4,8
Lrr,grim-batol,384,hunter,survival,12,4,8
Fíwhale,tarren-mill,384,hunter,survival,12,4,8
Geevhunt,hyjal,384,hunter,survival,12,4,8
Salie,argent-dawn,384,hunter,survival,12,4,8
Vvax,stormscale,384,hunter,survival,12,4,8
Hulnhigh,grim-batol,384,hunter,survival,12,4,8
Rákthar,blackmoore,384,hunter,survival,12,4,8
Claimi,silvermoon,384,hunter,survival,18,4,14
Keinzira,hyjal,384,hunter,survival,18,4,14
Døømslayer,nemesis,383,hunter,survival,6,4,2
Louårn,hyjal,383,hunter,survival,18,4,14
Wessin,ysondre,351,hunter,survival,8,5,3
Vhaagarr,blackmoore,351,hunter,survival,11,4,7
Meghanmarkle,tarren-mill,336,hunter,survival,9,4,5
Sliki,auchindoun,335,hunter,survival,11,4,7
Ghob,kazzak,330,hunter,survival,8,5,3
Эквинтия,soulflayer,319,hunter,survival,5,4,1
Sùnzí,alakir,319,hunter,survival,6,4,2
Джулибуба,howling-fjord,304,hunter,survival,7,4,3
Velrhegal,tarren-mill,304,hunter,survival,13,4,9
Kayflock,blackmoore,288,hunter,survival,6,3,3
Likandria,blackmoore,288,hunter,survival,6,3,3
Deskö,shendralar,288,hunter,survival,6,3,3
Spakster,blackrock,288,hunter,survival,6,3,3
Azeky,uldum,288,hunter,survival,6,3,3
Fjarla,aegwynn,288,hunter,survival,6,3,3
Slougshot,archimonde,288,hunter,survival,6,3,3
Remiss,sanguino,288,hunter,survival,6,3,3
Igyunk,ragnaros,288,hunter,survival,6,3,3
Hræsvëlg,archimonde,288,hunter,survival,6,3,3
Sworra,silvermoon,288,hunter,survival,6,3,3
Hiðe,archimonde,288,hunter,survival,6,3,3
Badwar,twisting-nether,288,hunter,survival,6,3,3
Crispystix,draenor,288,hunter,survival,6,3,3
Loading,garrosh,288,hunter,survival,6,3,3
Peppiz,ragnaros,288,hunter,survival,6,3,3
Westend,draenor,288,hunter,survival,6,3,3
Drandra,tarren-mill,288,hunter,survival,6,3,3
Aidsmacka,shattered-hand,288,hunter,survival,6,3,3
Ефимушка,howling-fjord,288,hunter,survival,6,3,3
Himatoumi,elune,288,hunter,survival,6,3,3
Badboybørge,draenor,288,hunter,survival,6,3,3
Narziel,die-todeskrallen,288,hunter,survival,6,3,3
Hawambae,draenor,288,hunter,survival,6,3,3
Kovokmah,lordaeron,288,hunter,survival,6,3,3
Monnezzus,nemesis,288,hunter,survival,6,3,3
Zwergjäger,aegwynn,288,hunter,survival,6,3,3
Рэкрэйван,gordunni,288,hunter,survival,6,3,3
Unöhänä,archimonde,288,hunter,survival,6,3,3
Марчик,blackscar,288,hunter,survival,6,3,3
Prinzz,blackmoore,288,hunter,survival,6,3,3
Xý,hyjal,288,hunter,survival,6,3,3
Aamøn,nemesis,288,hunter,survival,6,3,3
Grippage,draenor,288,hunter,survival,6,3,3
Beksha,blackrock,288,hunter,survival,6,3,3
Daddytrap,burning-legion,288,hunter,survival,6,3,3
Bacongodx,archimonde,288,hunter,survival,6,3,3
Металшот,blackscar,288,hunter,survival,6,3,3
Psychadelic,chamber-of-aspects,288,hunter,survival,6,3,3
Whis,blackrock,288,hunter,survival,6,3,3
Lajnus,frostmane,288,hunter,survival,6,3,3
Nyyrikkí,ravencrest,288,hunter,survival,6,3,3
Stellhammer,kazzak,288,hunter,survival,6,3,3
Никизаняты,ashenvale,288,hunter,survival,6,3,3
Jayquillen,sylvanas,288,hunter,survival,6,3,3
Sluhser,eredar,288,hunter,survival,6,3,3
Benbutton,antonidas,288,hunter,survival,6,3,3
Lootgobbo,antonidas,288,hunter,survival,6,3,3
Suetøløgx,shadowsong,288,hunter,survival,6,3,3
Нойран,eversong,288,hunter,survival,6,3,3
Thekev,ravencrest,288,hunter,survival,6,3,3
Паркх,soulflayer,288,hunter,survival,6,3,3
Nightvarn,burning-blade,288,hunter,survival,6,3,3
Goblinstyle,kazzak,288,hunter,survival,6,3,3
Properchub,ravencrest,288,hunter,survival,6,3,3
Engetsu,drakthul,288,hunter,survival,6,3,3
Dîzzy,malganis,288,hunter,survival,6,3,3
Чобушек,eversong,288,hunter,survival,6,3,3
Wållåce,rexxar,288,hunter,survival,6,3,3
Arrowknee,outland,288,hunter,survival,6,3,3
Oneeyedjoe,the-maelstrom,288,hunter,survival,6,3,3
Jorhan,ravencrest,288,hunter,survival,6,3,3
Hépheistos,kelthuzad,288,hunter,survival,6,3,3
Eazzyy,auchindoun,288,hunter,survival,6,3,3
Buekåre,outland,288,hunter,survival,6,3,3
Shrapnela,ravencrest,288,hunter,survival,6,3,3
Alvúk,kazzak,288,hunter,survival,9,4,5
Mechakænytwo,antonidas,288,hunter,survival,7,3,4
Telluric,silvermoon,288,hunter,survival,8,3,5
Dezmoinez,twisting-nether,288,hunter,survival,12,3,9
Àfpro,hyjal,288,hunter,survival,12,3,9
Sylverein,silvermoon,288,hunter,survival,12,3,9
Zäphiiro,archimonde,288,hunter,survival,12,3,9
Aella,thrall,288,hunter,survival,12,3,9
Ansâvage,ravencrest,288,hunter,survival,12,3,9
Piercing,stormrage,288,hunter,survival,12,3,9
Sláynôs,blackrock,288,hunter,survival,12,3,9
Шмалетар,gordunni,288,hunter,survival,12,3,9
Zoo,archimonde,288,hunter,survival,12,3,9
Ullburn,tyrande,288,hunter,survival,12,3,9
Nestór,todeswache,288,hunter,survival,12,3,9
Ubietza,aegwynn,288,hunter,survival,12,3,9
Bigfoot,argent-dawn,288,hunter,survival,12,3,9
Tessuti,doomhammer,288,hunter,survival,12,3,9
Diabloiv,doomhammer,288,hunter,survival,12,3,9
Plebtor,drakthul,288,hunter,survival,18,3,15
Lezigoulleur,marécage-de-zangar,287,hunter,survival,6,3,3
Charlet,archimonde,287,hunter,survival,6,3,3
Jarhead,arthas,287,hunter,survival,12,3,9
Arkeye,draenor,271,hunter,survival,11,3,8
Twinkhunter,pozzo-delleternità,256,hunter,survival,10,3,7
Jacobszy,outland,255,hunter,survival,8,4,4
Archfiend,stormscale,255,hunter,survival,11,3,8
Kubelwagen,dun-modr,239,hunter,survival,5,3,2
Arrowboss,kazzak,239,hunter,survival,5,3,2
Fakepvper,darksorrow,239,hunter,survival,5,3,2
Дочьпескова,gordunni,239,hunter,survival,5,3,2
Bowtreat,aggramar,239,hunter,survival,5,3,2
Sizemattersx,kazzak,239,hunter,survival,11,3,8
Utt,argent-dawn,239,hunter,survival,17,3,14
Himpy,twisting-nether,234,hunter,survival,14,4,10
Одисенс,eversong,233,hunter,survival,13,4,9
Shall,outland,223,hunter,survival,8,3,5
Rosiee,dun-modr,208,hunter,survival,7,3,4
Мусафа,eversong,192,hunter,survival,6,2,4
Пиворк,soulflayer,192,hunter,survival,6,2,4
Steffxd,twisting-nether,192,hunter,survival,6,2,4
Reijuan,doomhammer,192,hunter,survival,6,2,4
Тандеркейдж,gordunni,192,hunter,survival,6,2,4
Flexifys,tarren-mill,192,hunter,survival,6,2,4
Roscke,drakthul,192,hunter,survival,6,2,4
Rølyn,hyjal,192,hunter,survival,6,2,4
Drvix,outland,192,hunter,survival,6,2,4
Vasco,chogall,192,hunter,survival,6,2,4
Daarkkhunter,twisting-nether,192,hunter,survival,6,2,4
Yopps,draenor,192,hunter,survival,6,2,4
Fajitax,lightbringer,192,hunter,survival,6,2,4
Nøøtx,ravencrest,192,hunter,survival,6,2,4
Akhtabot,twisting-nether,192,hunter,survival,6,2,4
Toxical,ragnaros,192,hunter,survival,6,2,4
Malover,ravencrest,192,hunter,survival,6,2,4
Jablaka,blackhand,192,hunter,survival,6,2,4
Nýka,sanguino,192,hunter,survival,6,2,4
Alithanar,drekthar,192,hunter,survival,6,2,4
Tdapills,sanguino,192,hunter,survival,6,2,4
Púrefect,ragnaros,192,hunter,survival,6,2,4
Bloodyshot,dun-modr,192,hunter,survival,6,2,4
Gerzyy,drakthul,192,hunter,survival,6,2,4
Тофуитер,howling-fjord,192,hunter,survival,6,2,4
Bèâr,stormscale,192,hunter,survival,6,2,4
Arshino,argent-dawn,192,hunter,survival,6,2,4
Grundibg,chamber-of-aspects,192,hunter,survival,6,2,4
Brindefolìe,archimonde,192,hunter,survival,6,2,4
Geppet,pozzo-delleternità,192,hunter,survival,6,2,4
Hänta,hyjal,192,hunter,survival,6,2,4
Robosexual,ravencrest,192,hunter,survival,6,2,4
Aléx,ravencrest,192,hunter,survival,6,2,4
Pantherovich,ravencrest,192,hunter,survival,6,2,4
Petcan,twisting-nether,192,hunter,survival,6,2,4
Dhadhar,kazzak,192,hunter,survival,6,2,4
Talnaru,ravencrest,192,hunter,survival,6,2,4
Abomìnatìon,blackhand,192,hunter,survival,6,2,4
Наладдчик,howling-fjord,192,hunter,survival,6,2,4
Gransu,argent-dawn,192,hunter,survival,6,2,4
Ammò,kazzak,192,hunter,survival,6,2,4
Hallem,karazhan,192,hunter,survival,6,2,4
Castbuny,drakthul,192,hunter,survival,6,2,4
Evazeonhunt,antonidas,192,hunter,survival,6,2,4
Xaotsu,ravencrest,192,hunter,survival,6,2,4
Орталиус,deathguard,192,hunter,survival,6,2,4
Draugrinnh,tarren-mill,192,hunter,survival,6,2,4
Дунморг,grom,192,hunter,survival,6,2,4
Lithell,kazzak,192,hunter,survival,6,2,4
Fullxtrap,hyjal,192,hunter,survival,6,2,4
Gynax,hyjal,192,hunter,survival,6,2,4
Helloman,darksorrow,192,hunter,survival,6,2,4
Неужто,deathguard,192,hunter,survival,6,2,4
Jarekk,auchindoun,192,hunter,survival,6,2,4
Adram,burning-legion,192,hunter,survival,6,2,4
Millebobert,kazzak,192,hunter,survival,6,2,4
Valtondre,argent-dawn,192,hunter,survival,6,2,4
Sakaryali,silvermoon,192,hunter,survival,6,2,4
Bloópy,silvermoon,192,hunter,survival,6,2,4
Senedeck,silvermoon,192,hunter,survival,6,2,4
Honeytrap,blackmoore,192,hunter,survival,6,2,4
Aggrobatics,blackmoore,192,hunter,survival,6,2,4
Twobuttngodx,blackrock,192,hunter,survival,6,2,4
Layro,burning-legion,192,hunter,survival,9,2,7
Воррен,howling-fjord,192,hunter,survival,12,2,10
Nolsey,outland,192,hunter,survival,12,2,10
Ryztik,garona,192,hunter,survival,12,2,10
Réja,norgannon,192,hunter,survival,12,2,10
Ecthelione,the-venture-co,192,hunter,survival,12,2,10
Zéros,argent-dawn,192,hunter,survival,12,2,10
Sicktrigger,aegwynn,192,hunter,survival,12,2,10
Haskeer,shattrath,192,hunter,survival,12,2,10
Sixty,rajaxx,192,hunter,survival,18,2,16
Bélier,hyjal,191,hunter,survival,6,2,4
Bosnimph,bloodfeather,191,hunter,survival,12,2,10
Klarix,outland,159,hunter,survival,5,2,3
Naokyy,sanguino,159,hunter,survival,5,2,3
Blackbane,ravencrest,159,hunter,survival,5,2,3
Bnji,hyjal,159,hunter,survival,11,2,9
Trapyourheal,archimonde,138,hunter,survival,16,6,10
Rdwlf,draenor,138,hunter,survival,8,3,5
Alary,burning-legion,128,hunter,survival,4,2,2
Donaldtrap,archimonde,128,hunter,survival,4,2,2
Zethik,argent-dawn,128,hunter,survival,4,2,2
Sisilianno,khaz-modan,96,hunter,survival,10,2,8
Escaflôwn,aegwynn,96,hunter,survival,6,1,5
Durion,tichondrius,96,hunter,survival,6,1,5
Algar,tarren-mill,96,hunter,survival,6,1,5
Leaxs,onyxia,96,hunter,survival,6,1,5
Zuggi,defias-brotherhood,96,hunter,survival,6,1,5
Kideyosi,silvermoon,96,hunter,survival,6,1,5
Multigodx,draenor,96,hunter,survival,6,1,5
Axran,ravencrest,96,hunter,survival,6,1,5
Viperr,nemesis,96,hunter,survival,6,1,5
Gyurkicz,hyjal,96,hunter,survival,6,1,5
Aneji,hyjal,96,hunter,survival,6,1,5
Katzchen,burning-legion,96,hunter,survival,6,1,5
Oobe,hyjal,96,hunter,survival,6,1,5
Saksa,blackrock,96,hunter,survival,6,1,5
Panzershot,hyjal,96,hunter,survival,6,1,5
Ditbjrapex,chants-éternels,96,hunter,survival,6,1,5
Skidzo,alakir,96,hunter,survival,6,1,5
Hentt,burning-legion,96,hunter,survival,6,1,5
Lebalaffré,arathi,96,hunter,survival,6,1,5
Артуша,booty-bay,96,hunter,survival,6,1,5
Aimywinehaus,drakthul,96,hunter,survival,6,1,5
Куоль,gordunni,96,hunter,survival,6,1,5
Grollar,ragnaros,96,hunter,survival,6,1,5
Раелиин,gordunni,96,hunter,survival,6,1,5
Liljan,kult-der-verdammten,96,hunter,survival,6,1,5
Дакоока,deepholm,96,hunter,survival,6,1,5
Серомиг,eversong,96,hunter,survival,6,1,5
Хипстеркотик,gordunni,96,hunter,survival,6,1,5
Fantus,sylvanas,96,hunter,survival,6,1,5
Blackszpak,jaedenar,96,hunter,survival,6,1,5
Varkiza,sylvanas,96,hunter,survival,6,1,5
Neremyn,sylvanas,96,hunter,survival,6,1,5
Барановируса,soulflayer,96,hunter,survival,6,1,5
Yezzízo,ravencrest,96,hunter,survival,6,1,5
Zynga,sylvanas,96,hunter,survival,6,1,5
Stirea,alakir,96,hunter,survival,6,1,5
Эннабонни,gordunni,79,hunter,survival,5,1,4
Рангмар,howling-fjord,79,hunter,survival,5,1,4
Pilogbueferd,silvermoon,64,hunter,survival,4,1,3
Хароко,gordunni,42,hunter,survival,9,3,6
Фдшер,soulflayer,42,hunter,survival,10,2,8
Brajanush,silvermoon,31,hunter,survival,2,1,1
Mariabanks,aegwynn,2319,hunter,beastmastery,252,135,117
Hypse,kazzak,2296,hunter,beastmastery,423,214,209
Куфа,blackscar,2222,hunter,beastmastery,78,43,35
Brokeasalwys,ravencrest,2216,hunter,beastmastery,96,51,45
Kásúxôxô,ravencrest,2157,hunter,beastmastery,60,34,26
Cbã,ravencrest,2156,hunter,beastmastery,60,32,28
Марчик,blackscar,2136,hunter,beastmastery,69,38,31
Zxll,silvermoon,2136,hunter,beastmastery,86,44,42
Kachaxa,kazzak,2119,hunter,beastmastery,129,65,64
Nelida,ragnaros,2105,hunter,beastmastery,60,32,28
Noorky,kazzak,2093,hunter,beastmastery,78,43,35
Seviante,outland,2081,hunter,beastmastery,102,54,48
Roarmantic,blackrock,2072,hunter,beastmastery,84,41,43
Watchouttah,the-maelstrom,2063,hunter,beastmastery,66,37,29
Fãdê,ravencrest,2053,hunter,beastmastery,114,72,42
Kachaxaa,ravencrest,2042,hunter,beastmastery,106,51,55
Moscowmule,tarren-mill,2039,hunter,beastmastery,77,39,38
Eldrekou,kazzak,2037,hunter,beastmastery,156,83,73
Plugonbaby,hyjal,2035,hunter,beastmastery,77,37,40
Тружка,soulflayer,2027,hunter,beastmastery,102,48,54
Kfcmanagerx,silvermoon,2024,hunter,beastmastery,90,42,48
Baltímore,stormscale,2023,hunter,beastmastery,83,39,44
Wilfyre,twisting-nether,2020,hunter,beastmastery,187,98,89
Bøgs,the-maelstrom,2013,hunter,beastmastery,66,33,33
Voldtzeig,dentarg,2012,hunter,beastmastery,126,60,66
Doghxnter,ravencrest,2009,hunter,beastmastery,78,37,41
Jambomambo,twisting-nether,2008,hunter,beastmastery,90,46,44
Truejkee,silvermoon,2002,hunter,beastmastery,148,77,71
Jàsøn,ravencrest,2002,hunter,beastmastery,102,49,53
Deadshøt,outland,1993,hunter,beastmastery,59,42,17
Luzivarus,malganis,1993,hunter,beastmastery,83,40,43
Priceqtxd,ravencrest,1983,hunter,beastmastery,175,107,68
Mekerosh,burning-legion,1981,hunter,beastmastery,112,52,60
Esperion,ragnaros,1976,hunter,beastmastery,150,71,79
Gernoqz,frostwolf,1973,hunter,beastmastery,107,51,56
Xoarqt,aegwynn,1967,hunter,beastmastery,103,51,52
Каосси,gordunni,1966,hunter,beastmastery,78,39,39
Winiswin,stormscale,1966,hunter,beastmastery,201,100,101
Luzivar,malganis,1961,hunter,beastmastery,97,46,51
Irefutabil,stormscale,1959,hunter,beastmastery,84,40,44
Kabaro,rajaxx,1956,hunter,beastmastery,90,41,49
Expiraa,twisting-nether,1954,hunter,beastmastery,72,35,37
Гринмех,gordunni,1951,hunter,beastmastery,72,39,33
Nivshot,kazzak,1950,hunter,beastmastery,54,31,23
Raawy,blackmoore,1948,hunter,beastmastery,42,31,11
Dtq,silvermoon,1946,hunter,beastmastery,94,51,43
Raggeh,frostwhisper,1945,hunter,beastmastery,102,53,49
Sipsomewater,ravencrest,1943,hunter,beastmastery,69,36,33
Баянист,soulflayer,1941,hunter,beastmastery,141,70,71
Куфачка,soulflayer,1938,hunter,beastmastery,47,27,20
Zyphx,der-rat-von-dalaran,1935,hunter,beastmastery,146,68,78
Krampack,dun-modr,1933,hunter,beastmastery,61,37,24
Snarthelg,tarren-mill,1932,hunter,beastmastery,78,43,35
Thogel,hyjal,1928,hunter,beastmastery,108,53,55
Pfizershotx,khaz-modan,1925,hunter,beastmastery,114,57,57
Scrubbi,destromath,1923,hunter,beastmastery,71,36,35
Hypsenn,kazzak,1921,hunter,beastmastery,60,31,29
Odeôn,twisting-nether,1921,hunter,beastmastery,65,27,38
Мираклдримз,gordunni,1919,hunter,beastmastery,72,38,34
Masthuhn,blackmoore,1916,hunter,beastmastery,72,44,28
Tyranski,ravencrest,1913,hunter,beastmastery,147,82,65
Samanou,kazzak,1912,hunter,beastmastery,118,59,59
Aimshots,twisting-nether,1906,hunter,beastmastery,124,64,60
Ataxyz,draenor,1906,hunter,beastmastery,60,30,30
Экономист,fordragon,1905,hunter,beastmastery,60,37,23
Brokenpetman,defias-brotherhood,1902,hunter,beastmastery,48,26,22
Jägarn,stormscale,1902,hunter,beastmastery,78,35,43
Akrokillshot,outland,1901,hunter,beastmastery,57,39,18
Онкьяр,gordunni,1901,hunter,beastmastery,98,53,45
Беби,gordunni,1901,hunter,beastmastery,66,31,35
Thing,kazzak,1900,hunter,beastmastery,42,24,18
Trend,silvermoon,1898,hunter,beastmastery,405,200,205
Jawox,antonidas,1898,hunter,beastmastery,78,35,43
Màdnéss,blackmoore,1897,hunter,beastmastery,54,31,23
Ynv,argent-dawn,1895,hunter,beastmastery,194,98,96
Колякилшот,gordunni,1895,hunter,beastmastery,66,33,33
Trapgoddxx,archimonde,1894,hunter,beastmastery,65,44,21
Dogetrainer,silvermoon,1893,hunter,beastmastery,235,122,113
Teals,blackrock,1893,hunter,beastmastery,219,110,109
Рагнарианх,gordunni,1888,hunter,beastmastery,111,53,58
Tagz,ravencrest,1887,hunter,beastmastery,60,29,31
Feevah,frostmane,1885,hunter,beastmastery,283,140,143
Fullxtrap,hyjal,1884,hunter,beastmastery,53,25,28
Rndhunt,shattrath,1881,hunter,beastmastery,90,43,47
Miraculous,dalaran,1876,hunter,beastmastery,81,40,41
Huntchonk,kazzak,1874,hunter,beastmastery,65,31,34
Zyrøra,ravencrest,1874,hunter,beastmastery,84,38,46
Pussirotta,stormreaver,1869,hunter,beastmastery,60,30,30
Nexztwo,blackrock,1868,hunter,beastmastery,81,39,42
Биско,gordunni,1867,hunter,beastmastery,204,101,103
Phesx,sylvanas,1865,hunter,beastmastery,54,27,27
Ígrågøßñø,silvermoon,1864,hunter,beastmastery,44,30,14
Hanuong,ragnaros,1862,hunter,beastmastery,36,20,16
Infléx,silvermoon,1862,hunter,beastmastery,161,89,72
Pawzz,kazzak,1862,hunter,beastmastery,78,39,39
Safnirx,tarren-mill,1860,hunter,beastmastery,78,33,45
Draxil,archimonde,1855,hunter,beastmastery,60,27,33
Найстити,deathguard,1854,hunter,beastmastery,66,31,35
Ridbàck,archimonde,1853,hunter,beastmastery,89,35,54
Lysanhunt,zuljin,1852,hunter,beastmastery,72,36,36
Trapgodxx,archimonde,1852,hunter,beastmastery,54,22,32
Alpharaven,ravencrest,1851,hunter,beastmastery,90,45,45
Wêskêr,tarren-mill,1848,hunter,beastmastery,72,35,37
Âmalphy,ravencrest,1846,hunter,beastmastery,47,23,24
Gaeln,outland,1845,hunter,beastmastery,264,130,134
Kondy,twisting-nether,1843,hunter,beastmastery,43,29,14
Burninghunt,ravencrest,1843,hunter,beastmastery,72,39,33
Дианнесса,howling-fjord,1843,hunter,beastmastery,101,49,52
Nyzuri,die-aldor,1843,hunter,beastmastery,54,26,28
Мерзкийбот,gordunni,1843,hunter,beastmastery,74,33,41
Ashjen,aszune,1842,hunter,beastmastery,47,29,18
Sekzpitch,blackmoore,1842,hunter,beastmastery,78,40,38
Каоссхант,howling-fjord,1840,hunter,beastmastery,65,40,25
Izmad,archimonde,1840,hunter,beastmastery,323,179,144
Ashily,blackhand,1839,hunter,beastmastery,80,38,42
Лесбиянюсь,gordunni,1838,hunter,beastmastery,60,43,17
Dheredre,silvermoon,1835,hunter,beastmastery,48,27,21
Miløø,silvermoon,1835,hunter,beastmastery,48,26,22
Дашатрирубля,soulflayer,1835,hunter,beastmastery,54,27,27
Manj,blackhand,1835,hunter,beastmastery,65,32,33
Hlogic,tarren-mill,1834,hunter,beastmastery,108,51,57
Breezme,twisting-nether,1834,hunter,beastmastery,143,66,77
Ilovedf,dun-modr,1830,hunter,beastmastery,36,23,13
Næmes,hyjal,1830,hunter,beastmastery,66,32,34
Кразайс,ashenvale,1829,hunter,beastmastery,91,39,52
Крайдершот,howling-fjord,1828,hunter,beastmastery,59,30,29
Diktatos,kazzak,1828,hunter,beastmastery,64,31,33
Jêsslíne,ravencrest,1827,hunter,beastmastery,66,31,35
Ryxzn,eredar,1827,hunter,beastmastery,101,47,54
Bilbohunter,draenor,1825,hunter,beastmastery,48,27,21
Горгонт,blackscar,1825,hunter,beastmastery,47,25,22
Chillbroo,twisting-nether,1825,hunter,beastmastery,89,41,48
Saggymilkies,outland,1825,hunter,beastmastery,72,33,39
Mottorhead,kazzak,1823,hunter,beastmastery,45,30,15
Letsrock,outland,1823,hunter,beastmastery,80,47,33
Hawkeyé,forscherliga,1823,hunter,beastmastery,169,80,89
Libanais,archimonde,1823,hunter,beastmastery,269,125,144
Nystaleoss,grim-batol,1821,hunter,beastmastery,302,151,151
Kásúxøxø,ravencrest,1820,hunter,beastmastery,28,20,8
Куроните,howling-fjord,1820,hunter,beastmastery,48,27,21
Solò,eredar,1820,hunter,beastmastery,48,27,21
Кукито,goldrinn,1820,hunter,beastmastery,54,24,30
Bynen,tarren-mill,1819,hunter,beastmastery,77,33,44
Pryse,hyjal,1818,hunter,beastmastery,48,24,24
Hugø,twisting-nether,1818,hunter,beastmastery,161,71,90
Ветрослав,thermaplugg,1817,hunter,beastmastery,48,32,16
Omegakek,madmortem,1817,hunter,beastmastery,85,45,40
Pkz,dun-modr,1817,hunter,beastmastery,119,57,62
Wiffed,tarren-mill,1816,hunter,beastmastery,36,24,12
Haltrâdar,archimonde,1816,hunter,beastmastery,69,35,34
Blackszpak,jaedenar,1816,hunter,beastmastery,48,24,24
Играсломана,howling-fjord,1815,hunter,beastmastery,60,39,21
Antisniper,kazzak,1815,hunter,beastmastery,99,55,44
Bíllybobbs,argent-dawn,1815,hunter,beastmastery,36,19,17
Пожилойпупь,soulflayer,1815,hunter,beastmastery,66,32,34
Ooh,doomhammer,1815,hunter,beastmastery,120,56,64
Jabela,eredar,1814,hunter,beastmastery,59,42,17
Dangen,stormreaver,1814,hunter,beastmastery,36,19,17
Dohter,kazzak,1814,hunter,beastmastery,55,29,26
Cor,ravencrest,1814,hunter,beastmastery,113,54,59
Лордсахарок,gordunni,1814,hunter,beastmastery,90,40,50
Vrikenh,tarren-mill,1813,hunter,beastmastery,133,80,53
Djfury,archimonde,1813,hunter,beastmastery,52,25,27
Bobmàrley,frostwolf,1812,hunter,beastmastery,215,121,94
Twineyes,ravencrest,1812,hunter,beastmastery,154,75,79
Евилик,gordunni,1812,hunter,beastmastery,192,90,102
Txa,hyjal,1811,hunter,beastmastery,47,22,25
Babýrage,twisting-nether,1811,hunter,beastmastery,84,39,45
Dréws,kazzak,1811,hunter,beastmastery,58,26,32
Bøøya,aegwynn,1810,hunter,beastmastery,163,86,77
Jamesyy,ravencrest,1810,hunter,beastmastery,66,30,36
Антошадпс,gordunni,1809,hunter,beastmastery,126,70,56
Jungletime,outland,1809,hunter,beastmastery,48,26,22
Mòzetonq,ravencrest,1809,hunter,beastmastery,42,22,20
Corossity,blackmoore,1808,hunter,beastmastery,30,19,11
Negz,eredar,1808,hunter,beastmastery,54,33,21
Yarrgi,kazzak,1808,hunter,beastmastery,108,63,45
Ysina,arathi,1808,hunter,beastmastery,60,30,30
Hiddenx,blackmoore,1808,hunter,beastmastery,42,21,21
Хантунец,soulflayer,1807,hunter,beastmastery,101,59,42
Father,auchindoun,1807,hunter,beastmastery,119,65,54
Поппишот,blackscar,1806,hunter,beastmastery,36,19,17
Цитрукс,gordunni,1806,hunter,beastmastery,90,47,43
Imcuteandfun,ravencrest,1806,hunter,beastmastery,153,77,76
Spirys,drakthul,1806,hunter,beastmastery,47,20,27
Astari,outland,1804,hunter,beastmastery,60,29,31
Rïm,haomarush,1804,hunter,beastmastery,66,31,35
Jägarnmt,twisting-nether,1804,hunter,beastmastery,95,40,55
Irükandji,chants-éternels,1803,hunter,beastmastery,42,23,19
Johnblønn,stormscale,1803,hunter,beastmastery,86,46,40
Crippa,tarren-mill,1803,hunter,beastmastery,54,28,26
Tillhunt,kargath,1803,hunter,beastmastery,54,26,28
Drakona,outland,1803,hunter,beastmastery,65,31,34
Ayiu,argent-dawn,1802,hunter,beastmastery,53,24,29
Трапгодикс,eversong,1800,hunter,beastmastery,176,95,81
Ruffixvs,blackrock,1800,hunter,beastmastery,41,22,19
Fotmrerollér,aegwynn,1798,hunter,beastmastery,78,41,37
Pëâcêßß,outland,1795,hunter,beastmastery,54,32,22
Dìgítal,twisting-nether,1792,hunter,beastmastery,101,51,50
Kestlér,twisting-nether,1792,hunter,beastmastery,144,69,75
Ætå,blackmoore,1792,hunter,beastmastery,65,31,34
Пивопьюня,ashenvale,1790,hunter,beastmastery,71,34,37
Reptile,outland,1789,hunter,beastmastery,112,69,43
Smhx,stormscale,1788,hunter,beastmastery,30,21,9
Badboybørge,draenor,1788,hunter,beastmastery,54,27,27
Rákthar,blackmoore,1788,hunter,beastmastery,155,74,81
Wodhunterxdd,outland,1788,hunter,beastmastery,53,25,28
Hacx,ravencrest,1788,hunter,beastmastery,69,32,37
Nèxz,blackrock,1788,hunter,beastmastery,95,44,51
Appirc,tarren-mill,1785,hunter,beastmastery,48,24,24
Baïonnettex,archimonde,1785,hunter,beastmastery,54,22,32
Deathcode,stormscale,1784,hunter,beastmastery,66,27,39
Shroomynuts,kazzak,1782,hunter,beastmastery,120,70,50
Nevier,tarren-mill,1779,hunter,beastmastery,48,21,27
Thinkerer,silvermoon,1778,hunter,beastmastery,97,53,44
Sparcùs,stormreaver,1777,hunter,beastmastery,146,81,65
Дэнвин,deathweaver,1776,hunter,beastmastery,225,115,110
Nøne,sylvanas,1774,hunter,beastmastery,30,22,8
Hacz,bronzebeard,1774,hunter,beastmastery,156,78,78
Gucçi,kazzak,1773,hunter,beastmastery,73,42,31
Coltan,nemesis,1773,hunter,beastmastery,102,48,54
Pewpewcus,ravencrest,1772,hunter,beastmastery,183,115,68
Orcji,blackhand,1771,hunter,beastmastery,131,64,67
Sagethunt,blackrock,1771,hunter,beastmastery,65,29,36
Silverwolfa,dun-modr,1770,hunter,beastmastery,81,43,38
Келен,blackscar,1769,hunter,beastmastery,54,34,20
Petshopgirl,ravencrest,1769,hunter,beastmastery,66,32,34
Erethrus,ravencrest,1769,hunter,beastmastery,48,19,29
Fanjah,sylvanas,1767,hunter,beastmastery,63,36,27
Filaliel,outland,1767,hunter,beastmastery,48,26,22
Wîldhunt,burning-legion,1767,hunter,beastmastery,250,120,130
Наспидахх,blackscar,1766,hunter,beastmastery,72,41,31
Altimor,blackmoore,1765,hunter,beastmastery,35,19,16
Donixx,blackrock,1765,hunter,beastmastery,60,29,31
Скадхи,blackscar,1762,hunter,beastmastery,88,42,46
Dafhel,hyjal,1762,hunter,beastmastery,95,44,51
Vènuhá,ravencrest,1761,hunter,beastmastery,54,29,25
Jamzyhunter,emerald-dream,1761,hunter,beastmastery,102,51,51
Ansâvage,ravencrest,1761,hunter,beastmastery,120,57,63
Берх,gordunni,1761,hunter,beastmastery,226,103,123
Grynu,kazzak,1761,hunter,beastmastery,72,31,41
Шергала,soulflayer,1760,hunter,beastmastery,310,151,159
Guccihuntlol,ravencrest,1760,hunter,beastmastery,74,35,39
Chúx,twisting-nether,1759,hunter,beastmastery,149,79,70
Nimhunt,dentarg,1759,hunter,beastmastery,65,29,36
Avyo,tichondrius,1757,hunter,beastmastery,54,24,30
Порошокк,gordunni,1756,hunter,beastmastery,69,29,40
Nollieflip,stormscale,1754,hunter,beastmastery,114,67,47
Мэлвиса,borean-tundra,1754,hunter,beastmastery,90,50,40
Pewpewshotz,stormscale,1750,hunter,beastmastery,229,117,112
Ilovemax,archimonde,1750,hunter,beastmastery,46,20,26
Кронн,howling-fjord,1749,hunter,beastmastery,47,24,23
Порошокк,howling-fjord,1748,hunter,beastmastery,48,23,25
Такувами,gordunni,1747,hunter,beastmastery,114,47,67
Poggelicious,terenas,1744,hunter,beastmastery,36,19,17
Мориартис,ashenvale,1744,hunter,beastmastery,83,43,40
Джарвиз,soulflayer,1743,hunter,beastmastery,54,31,23
Bluefluclue,draenor,1743,hunter,beastmastery,146,68,78
Åsynåmvp,twisting-nether,1742,hunter,beastmastery,65,29,36
Treaz,sanguino,1741,hunter,beastmastery,72,36,36
Carioca,blackhand,1741,hunter,beastmastery,66,30,36
Amyndôr,ravencrest,1738,hunter,beastmastery,72,38,34
Дуссита,gordunni,1737,hunter,beastmastery,95,44,51
Piranhaa,archimonde,1737,hunter,beastmastery,45,19,26
Hunterla,tarren-mill,1733,hunter,beastmastery,69,36,33
Freemàén,drakthul,1733,hunter,beastmastery,95,42,53
Stingsz,chogall,1733,hunter,beastmastery,64,25,39
Lofiel,blackrock,1732,hunter,beastmastery,92,50,42
Arcø,dun-modr,1732,hunter,beastmastery,50,26,24
Wayland,dalaran,1732,hunter,beastmastery,54,23,31
Land,darkspear,1731,hunter,beastmastery,77,42,35
Sankari,blackmoore,1731,hunter,beastmastery,156,80,76
Mentalasylum,blackmoore,1731,hunter,beastmastery,51,24,27
Dogwatcher,outland,1729,hunter,beastmastery,54,27,27
Misstrap,nemesis,1728,hunter,beastmastery,78,36,42
Clockwerk,durotan,1728,hunter,beastmastery,76,35,41
Bearday,silvermoon,1727,hunter,beastmastery,84,37,47
Narolaf,doomhammer,1726,hunter,beastmastery,45,28,17
Valkrys,die-aldor,1726,hunter,beastmastery,70,35,35
Riflur,stormscale,1726,hunter,beastmastery,90,44,46
Duppdupp,eredar,1726,hunter,beastmastery,84,38,46
Oldbear,frostmane,1725,hunter,beastmastery,70,38,32
Круперок,howling-fjord,1725,hunter,beastmastery,66,31,35
Qtìp,aegwynn,1725,hunter,beastmastery,107,48,59
Mânhunt,blackhand,1721,hunter,beastmastery,535,267,268
Mtrider,twisting-nether,1721,hunter,beastmastery,105,50,55
Оуаоа,blackscar,1720,hunter,beastmastery,55,30,25
Fluphy,thrall,1719,hunter,beastmastery,100,53,47
Painaldeepz,stormscale,1718,hunter,beastmastery,54,29,25
Вождь,howling-fjord,1718,hunter,beastmastery,83,39,44
Ericspet,stormscale,1717,hunter,beastmastery,48,32,16
Híldir,draenor,1717,hunter,beastmastery,30,18,12
Sukzess,antonidas,1717,hunter,beastmastery,167,76,91
Laserkamel,aegwynn,1716,hunter,beastmastery,24,18,6
Космодиск,gordunni,1714,hunter,beastmastery,36,21,15
Futureman,blackrock,1713,hunter,beastmastery,61,32,29
Pagman,thrall,1713,hunter,beastmastery,53,23,30
Gostry,archimonde,1712,hunter,beastmastery,42,23,19
Фираналь,blackscar,1712,hunter,beastmastery,159,79,80
Noversia,aegwynn,1711,hunter,beastmastery,135,65,70
Xenvantos,stormscale,1711,hunter,beastmastery,54,26,28
Jägarntwo,stormscale,1710,hunter,beastmastery,51,20,31
Mogwai,stormscale,1709,hunter,beastmastery,42,18,24
Bebar,kazzak,1708,hunter,beastmastery,150,80,70
Eazzyy,auchindoun,1708,hunter,beastmastery,121,59,62
Fatmum,magtheridon,1707,hunter,beastmastery,117,60,57
Лвндскейп,gordunni,1707,hunter,beastmastery,65,29,36
Erilis,twisting-nether,1706,hunter,beastmastery,43,24,19
Spider,zuljin,1706,hunter,beastmastery,135,70,65
Lambo,laughing-skull,1706,hunter,beastmastery,42,21,21
Trendsetterx,pozzo-delleternità,1705,hunter,beastmastery,42,19,23
Bicmax,archimonde,1705,hunter,beastmastery,45,20,25
Sïmc,archimonde,1704,hunter,beastmastery,130,70,60
Ðéadsøulz,stormscale,1704,hunter,beastmastery,153,82,71
Impxgodx,outland,1704,hunter,beastmastery,51,24,27
Lobo,kazzak,1704,hunter,beastmastery,66,28,38
Earlygrey,ravencrest,1703,hunter,beastmastery,123,63,60
Sayn,la-croisade-écarlate,1703,hunter,beastmastery,125,60,65
Saiko,kazzak,1703,hunter,beastmastery,42,18,24
Nottberozz,silvermoon,1702,hunter,beastmastery,185,95,90
Galileo,sanguino,1702,hunter,beastmastery,68,33,35
Unßørn,archimonde,1702,hunter,beastmastery,96,38,58
Vilopez,arthas,1701,hunter,beastmastery,24,20,4
Parhainkoira,argent-dawn,1701,hunter,beastmastery,102,56,46
Murtagh,khaz-modan,1701,hunter,beastmastery,66,36,30
Tøkyô,ravencrest,1700,hunter,beastmastery,30,24,6
Krix,ragnaros,1700,hunter,beastmastery,114,64,50
Agrmash,drakthul,1699,hunter,beastmastery,42,26,16
Shinkichi,archimonde,1699,hunter,beastmastery,30,18,12
Elamondria,outland,1699,hunter,beastmastery,72,42,30
Sznxøxo,ravencrest,1699,hunter,beastmastery,54,29,25
Piky,nemesis,1699,hunter,beastmastery,48,24,24
Ingvi,antonidas,1699,hunter,beastmastery,175,85,90
Rakeesh,hyjal,1696,hunter,beastmastery,36,18,18
Адыгах,blackscar,1694,hunter,beastmastery,72,41,31
Merquryh,ravencrest,1693,hunter,beastmastery,48,27,21
Deathvain,tarren-mill,1693,hunter,beastmastery,80,34,46
Vinsanity,dunemaul,1693,hunter,beastmastery,54,21,33
Kamar,archimonde,1692,hunter,beastmastery,66,43,23
Séyena,outland,1692,hunter,beastmastery,54,22,32
Naraxis,blackrock,1691,hunter,beastmastery,102,51,51
Chrysantes,forscherliga,1691,hunter,beastmastery,44,21,23
Tauriêl,blutkessel,1690,hunter,beastmastery,48,24,24
Wlâd,archimonde,1689,hunter,beastmastery,41,25,16
Fize,blackmoore,1689,hunter,beastmastery,101,48,53
Utoast,ravencrest,1687,hunter,beastmastery,60,30,30
Easyclass,hyjal,1686,hunter,beastmastery,178,99,79
Balthazzarxx,ravencrest,1686,hunter,beastmastery,68,36,32
Ðxlz,archimonde,1683,hunter,beastmastery,71,35,36
Douglas,die-silberne-hand,1683,hunter,beastmastery,59,27,32
Liquidhunter,quelthalas,1681,hunter,beastmastery,42,25,17
Dhadhar,kazzak,1681,hunter,beastmastery,239,117,122
Taoshii,die-aldor,1680,hunter,beastmastery,84,48,36
Забзаб,soulflayer,1680,hunter,beastmastery,63,31,32
Vajraw,blackrock,1679,hunter,beastmastery,243,120,123
Nestór,todeswache,1678,hunter,beastmastery,47,28,19
Fåded,ravencrest,1674,hunter,beastmastery,83,42,41
Bigdog,eredar,1674,hunter,beastmastery,83,39,44
Mirmona,stormscale,1673,hunter,beastmastery,84,43,41
Janko,ravencrest,1673,hunter,beastmastery,434,220,214
Raindra,twisting-nether,1672,hunter,beastmastery,42,20,22
Ремонтлицаа,gordunni,1672,hunter,beastmastery,68,31,37
Xenvantoss,silvermoon,1671,hunter,beastmastery,36,19,17
Lsa,kazzak,1671,hunter,beastmastery,65,29,36
Танчибосс,soulflayer,1670,hunter,beastmastery,30,20,10
Dregor,nemesis,1670,hunter,beastmastery,42,24,18
Irefutabilâ,outland,1670,hunter,beastmastery,144,66,78
Techpøint,silvermoon,1669,hunter,beastmastery,35,18,17
Pekaxôxô,sanguino,1665,hunter,beastmastery,54,39,15
Ðrtrapx,blackmoore,1665,hunter,beastmastery,63,35,28
Triggaz,stormscale,1665,hunter,beastmastery,216,109,107
Imdepressed,sylvanas,1663,hunter,beastmastery,51,29,22
Lowfet,neptulon,1663,hunter,beastmastery,215,116,99
Zanpa,archimonde,1663,hunter,beastmastery,122,56,66
Atrisi,tarren-mill,1662,hunter,beastmastery,41,25,16
Bebiyo,sanguino,1662,hunter,beastmastery,124,61,63
Notx,ravencrest,1660,hunter,beastmastery,42,24,18
Ambarcrojas,kazzak,1659,hunter,beastmastery,87,48,39
Chasxc,kazzak,1659,hunter,beastmastery,84,45,39
Trenesta,tarren-mill,1659,hunter,beastmastery,34,18,16
Psymòn,ravencrest,1659,hunter,beastmastery,48,24,24
Омежка,deepholm,1659,hunter,beastmastery,41,18,23
Pérnix,tarren-mill,1657,hunter,beastmastery,30,18,12
Блэкстейдж,howling-fjord,1657,hunter,beastmastery,147,77,70
Lolez,dun-modr,1657,hunter,beastmastery,48,20,28
Meghanmarkle,tarren-mill,1655,hunter,beastmastery,111,56,55
Lëgølåslõrdx,blackrock,1653,hunter,beastmastery,80,41,39
Cnby,stormscale,1652,hunter,beastmastery,43,26,17
Memehunter,aegwynn,1651,hunter,beastmastery,72,46,26
Гигапупсх,howling-fjord,1651,hunter,beastmastery,183,100,83
Denkstah,tarren-mill,1649,hunter,beastmastery,57,23,34
Venomtrap,sanguino,1648,hunter,beastmastery,47,20,27
Røzy,twisting-nether,1647,hunter,beastmastery,48,35,13
Zisqa,alleria,1647,hunter,beastmastery,46,25,21
Вееном,gordunni,1647,hunter,beastmastery,66,32,34
Каэлланис,soulflayer,1647,hunter,beastmastery,53,24,29
Oldcocknbals,silvermoon,1645,hunter,beastmastery,100,54,46
Blupo,stormscale,1645,hunter,beastmastery,235,120,115
Djøgi,archimonde,1645,hunter,beastmastery,48,24,24
Palav,outland,1644,hunter,beastmastery,48,26,22
Darksmoke,forscherliga,1643,hunter,beastmastery,77,38,39
Ефрейя,gordunni,1643,hunter,beastmastery,56,25,31
Nkdchef,outland,1642,hunter,beastmastery,54,29,25
Peazý,ravencrest,1641,hunter,beastmastery,114,57,57
Sazox,blackrock,1641,hunter,beastmastery,36,18,18
Иоссифсталин,soulflayer,1641,hunter,beastmastery,92,44,48
Neïç,antonidas,1641,hunter,beastmastery,95,41,54
Смертонносна,lich-king,1641,hunter,beastmastery,71,30,41
Thogelle,hyjal,1640,hunter,beastmastery,120,58,62
Rynx,hellfire,1640,hunter,beastmastery,60,28,32
Askaway,sylvanas,1639,hunter,beastmastery,42,31,11
Simpyani,silvermoon,1639,hunter,beastmastery,32,19,13
Paraskámu,twisting-nether,1639,hunter,beastmastery,41,23,18
Povish,twisting-nether,1639,hunter,beastmastery,49,25,24
Shoranon,stormscale,1639,hunter,beastmastery,48,23,25
Kerólus,blackhand,1639,hunter,beastmastery,48,18,30
Slmao,tarren-mill,1638,hunter,beastmastery,227,114,113
Teestylee,stormscale,1638,hunter,beastmastery,42,21,21
Traplørdx,sylvanas,1638,hunter,beastmastery,48,21,27
Cubro,sanguino,1637,hunter,beastmastery,83,46,37
Drøøðqt,blackrock,1637,hunter,beastmastery,60,31,29
Hizzenstein,blackhand,1637,hunter,beastmastery,48,22,26
Jinxpeasant,twisting-nether,1636,hunter,beastmastery,36,24,12
Zusale,azshara,1636,hunter,beastmastery,60,33,27
Tháyn,tarren-mill,1636,hunter,beastmastery,71,39,32
Akaris,archimonde,1635,hunter,beastmastery,78,35,43
Daxhunter,twisting-nether,1635,hunter,beastmastery,54,23,31
Yolofant,blackhand,1634,hunter,beastmastery,36,22,14
Куоль,gordunni,1634,hunter,beastmastery,53,23,30
Snipertjuh,silvermoon,1633,hunter,beastmastery,145,75,70
Cicatrice,kazzak,1631,hunter,beastmastery,40,19,21
Horhyndan,ragnaros,1631,hunter,beastmastery,51,24,27
Calutis,blackmoore,1630,hunter,beastmastery,60,37,23
Hultasy,outland,1630,hunter,beastmastery,179,89,90
Pareia,blackrock,1629,hunter,beastmastery,30,20,10
Dragosvis,arathor,1629,hunter,beastmastery,54,31,23
Hasáblover,ragnaros,1629,hunter,beastmastery,30,17,13
Nickyhunt,stormscale,1629,hunter,beastmastery,71,37,34
Сенджогахара,greymane,1629,hunter,beastmastery,67,34,33
Ðesøtø,frostwolf,1628,hunter,beastmastery,66,33,33
Drewsx,ravencrest,1627,hunter,beastmastery,36,22,14
Nîøssx,blackrock,1627,hunter,beastmastery,71,36,35
Gondoo,tarren-mill,1627,hunter,beastmastery,36,18,18
Twirlylock,emerald-dream,1627,hunter,beastmastery,54,24,30
Eggcowmeow,azjolnerub,1626,hunter,beastmastery,42,22,20
Smegmagol,baelgun,1626,hunter,beastmastery,47,24,23
Wolder,burning-legion,1625,hunter,beastmastery,30,20,10
Strélka,blackrock,1625,hunter,beastmastery,54,29,25
Gibiswag,outland,1625,hunter,beastmastery,36,17,19
Uglybaboon,draenor,1625,hunter,beastmastery,42,17,25
Dispairge,antonidas,1624,hunter,beastmastery,48,21,27
Sicktrapbtw,hyjal,1624,hunter,beastmastery,42,17,25
Пихпахах,gordunni,1623,hunter,beastmastery,148,74,74
Brawnshunt,stormscale,1623,hunter,beastmastery,72,30,42
Jeskö,tarren-mill,1622,hunter,beastmastery,30,17,13
Fiftyóne,festung-der-stürme,1622,hunter,beastmastery,108,59,49
Акройя,gordunni,1622,hunter,beastmastery,132,70,62
Pluttbug,xavius,1622,hunter,beastmastery,38,20,18
Инкризшот,gordunni,1622,hunter,beastmastery,77,38,39
Podroto,tyrande,1622,hunter,beastmastery,47,22,25
Downey,azshara,1622,hunter,beastmastery,66,23,43
Santiino,silvermoon,1621,hunter,beastmastery,66,33,33
Grabbin,silvermoon,1621,hunter,beastmastery,58,28,30
Índigo,kazzak,1620,hunter,beastmastery,56,30,26
Ausgefuchst,forscherliga,1620,hunter,beastmastery,54,24,30
Flappypig,stormscale,1620,hunter,beastmastery,50,22,28
Jomerin,thrall,1620,hunter,beastmastery,53,23,30
Kissnodig,outland,1619,hunter,beastmastery,98,62,36
Ilovekatsu,archimonde,1619,hunter,beastmastery,30,17,13
Ðoxz,blackrock,1619,hunter,beastmastery,30,17,13
Jèrsèy,draenor,1619,hunter,beastmastery,42,22,20
Onof,archimonde,1619,hunter,beastmastery,36,17,19
Madeyhunt,burning-legion,1619,hunter,beastmastery,42,18,24
Vezeka,ravencrest,1618,hunter,beastmastery,42,26,16
Альриен,gordunni,1618,hunter,beastmastery,148,76,72
Dmanite,ravencrest,1617,hunter,beastmastery,132,68,64
Bobon,stormscale,1617,hunter,beastmastery,54,26,28
Poupoune,uldum,1617,hunter,beastmastery,84,40,44
Elmez,outland,1617,hunter,beastmastery,42,20,22
Notdilly,varimathras,1617,hunter,beastmastery,48,20,28
Criticalbomb,kazzak,1616,hunter,beastmastery,54,28,26
Zuxz,blackmoore,1616,hunter,beastmastery,97,47,50
Quasar,ravencrest,1616,hunter,beastmastery,42,17,25
Ганидони,soulflayer,1616,hunter,beastmastery,59,23,36
Thatsaturtle,arathor,1615,hunter,beastmastery,30,17,13
Tobbè,silvermoon,1615,hunter,beastmastery,36,17,19
Sentriks,tarren-mill,1615,hunter,beastmastery,36,17,19
Lufreak,ravencrest,1614,hunter,beastmastery,30,23,7
Swallowbaby,lothar,1614,hunter,beastmastery,48,21,27
Eltrapo,ravencrest,1613,hunter,beastmastery,24,17,7
Missmytraps,ravencrest,1613,hunter,beastmastery,39,20,19
Kawal,hyjal,1613,hunter,beastmastery,42,21,21
Feijfeij,stormreaver,1613,hunter,beastmastery,42,20,22
Feralhound,exodar,1612,hunter,beastmastery,299,152,147
Shenely,kazzak,1611,hunter,beastmastery,30,17,13
Aroeris,ravencrest,1611,hunter,beastmastery,57,32,25
Knocked,quelthalas,1611,hunter,beastmastery,78,31,47
Blmlooter,stormreaver,1610,hunter,beastmastery,33,18,15
Idtrapthat,nagrand,1610,hunter,beastmastery,96,43,53
Noór,silvermoon,1609,hunter,beastmastery,48,31,17
Мальберна,eversong,1609,hunter,beastmastery,48,30,18
Boomgorush,kazzak,1609,hunter,beastmastery,36,20,16
Ariabeast,archimonde,1609,hunter,beastmastery,54,26,28
Nordafrøst,antonidas,1609,hunter,beastmastery,66,27,39
Zugmypole,stormscale,1608,hunter,beastmastery,78,43,35
Eaglexx,twisting-nether,1608,hunter,beastmastery,78,39,39
Hîldegard,todeswache,1608,hunter,beastmastery,59,27,32
Símpíng,tarren-mill,1607,hunter,beastmastery,24,17,7
Nukenfoobs,draenor,1607,hunter,beastmastery,36,23,13
Ixix,blackhand,1607,hunter,beastmastery,66,32,34
Daveq,drakthul,1607,hunter,beastmastery,54,24,30
Axran,ravencrest,1607,hunter,beastmastery,52,23,29
Áñmy,ravencrest,1606,hunter,beastmastery,54,36,18
Paimen,darksorrow,1606,hunter,beastmastery,108,57,51
Заксель,soulflayer,1606,hunter,beastmastery,48,21,27
Æblesaft,stormscale,1605,hunter,beastmastery,94,45,49
Xxiioo,ravencrest,1604,hunter,beastmastery,103,59,44
Céah,blackrock,1604,hunter,beastmastery,54,28,26
Xiioo,ravencrest,1604,hunter,beastmastery,83,37,46
Chasseurcool,argent-dawn,1603,hunter,beastmastery,50,28,22
Bànsundara,hyjal,1603,hunter,beastmastery,97,53,44
Dragonbomb,tarren-mill,1603,hunter,beastmastery,48,20,28
Atlanta,arygos,1602,hunter,beastmastery,42,22,20
Sjins,draenor,1601,hunter,beastmastery,35,20,15
Hunterlolz,tarren-mill,1601,hunter,beastmastery,54,29,25
Ivanthebeast,twisting-nether,1600,hunter,beastmastery,111,65,46
Stickey,antonidas,1600,hunter,beastmastery,66,34,32
Йокуя,blackscar,1599,hunter,beastmastery,54,34,20
Sallya,kazzak,1597,hunter,beastmastery,48,26,22
Snaipergirl,twisting-nether,1597,hunter,beastmastery,66,30,36
Оути,azuregos,1595,hunter,beastmastery,69,37,32
Wrongtarget,auchindoun,1593,hunter,beastmastery,60,26,34
Morìtz,ravencrest,1592,hunter,beastmastery,36,20,16
Akhtabot,twisting-nether,1592,hunter,beastmastery,36,19,17
Eagletalon,twisting-nether,1590,hunter,beastmastery,57,27,30
Зоотян,gordunni,1589,hunter,beastmastery,111,55,56
Hecken,nemesis,1588,hunter,beastmastery,30,20,10
Brisbya,khaz-modan,1588,hunter,beastmastery,59,35,24
Arcaniz,ravencrest,1588,hunter,beastmastery,72,38,34
Porch,dragonmaw,1587,hunter,beastmastery,43,23,20
Hiddenxsabo,blackmoore,1585,hunter,beastmastery,30,17,13
Wolfster,kazzak,1584,hunter,beastmastery,78,38,40
Saymqt,blackrock,1584,hunter,beastmastery,81,39,42
Солевойй,gordunni,1583,hunter,beastmastery,75,38,37
Kibola,antonidas,1583,hunter,beastmastery,54,24,30
Жокра,greymane,1583,hunter,beastmastery,55,23,32
Survabuse,silvermoon,1581,hunter,beastmastery,33,20,13
Nycrom,ravencrest,1581,hunter,beastmastery,56,28,28
Búddhá,stormscale,1581,hunter,beastmastery,192,91,101
Spinella,antonidas,1580,hunter,beastmastery,137,67,70
Тиблэк,soulflayer,1579,hunter,beastmastery,101,51,50
Zäroury,ravencrest,1579,hunter,beastmastery,59,28,31
Yeign,eredar,1578,hunter,beastmastery,60,33,27
Noxin,blackrock,1577,hunter,beastmastery,36,20,16
Kafkules,outland,1577,hunter,beastmastery,155,83,72
Wèndy,blackrock,1576,hunter,beastmastery,94,46,48
Gigamesh,sporeggar,1575,hunter,beastmastery,180,96,84
Gramzy,blackmoore,1574,hunter,beastmastery,95,50,45
Siegbald,ragnaros,1574,hunter,beastmastery,52,26,26
Bówyóurfácé,outland,1573,hunter,beastmastery,42,21,21
Akïratqz,sanguino,1572,hunter,beastmastery,30,18,12
Drivenscope,twisting-nether,1572,hunter,beastmastery,52,29,23
Huntma,kazzak,1572,hunter,beastmastery,109,58,51
Ксила,blackscar,1572,hunter,beastmastery,47,25,22
Леао,howling-fjord,1571,hunter,beastmastery,45,30,15
Homesz,blackmoore,1570,hunter,beastmastery,41,23,18
Мунлэс,lich-king,1569,hunter,beastmastery,69,30,39
Pandanero,ravencrest,1568,hunter,beastmastery,36,18,18
Zubro,kazzak,1568,hunter,beastmastery,185,90,95
Комомура,soulflayer,1568,hunter,beastmastery,53,24,29
Smecher,ravencrest,1568,hunter,beastmastery,60,26,34
Pewmasters,stormscale,1567,hunter,beastmastery,37,21,16
Makaxx,stormscale,1565,hunter,beastmastery,42,27,15
Trapzila,aggra-português,1565,hunter,beastmastery,114,60,54
Øô,dun-morogh,1564,hunter,beastmastery,95,50,45
Miladinorc,azjolnerub,1562,hunter,beastmastery,30,19,11
Jagarbladet,ravencrest,1558,hunter,beastmastery,46,24,22
Charleramsey,outland,1558,hunter,beastmastery,60,30,30
Nolove,burning-legion,1557,hunter,beastmastery,137,67,70
Expoh,blackmoore,1556,hunter,beastmastery,49,25,24
Tigerups,burning-legion,1556,hunter,beastmastery,60,29,31
Zendra,sylvanas,1555,hunter,beastmastery,89,51,38
Shkorvi,drakthul,1555,hunter,beastmastery,36,17,19
Søuïlløn,archimonde,1553,hunter,beastmastery,48,30,18
Metalmaison,archimonde,1552,hunter,beastmastery,124,62,62
Azzazeal,drakthul,1552,hunter,beastmastery,36,17,19
Asery,blackmoore,1552,hunter,beastmastery,60,25,35
Gunde,kazzak,1551,hunter,beastmastery,102,52,50
Diapositiv,draenor,1550,hunter,beastmastery,66,35,31
Gnouminøu,archimonde,1550,hunter,beastmastery,163,86,77
Nallepuuoh,outland,1549,hunter,beastmastery,129,65,64
Sharún,sylvanas,1548,hunter,beastmastery,56,27,29
Сотк,howling-fjord,1547,hunter,beastmastery,53,24,29
Kethos,draenor,1545,hunter,beastmastery,69,40,29
Пулявзубах,gordunni,1544,hunter,beastmastery,110,58,52
Жэш,howling-fjord,1543,hunter,beastmastery,87,57,30
Grusijohn,executus,1543,hunter,beastmastery,72,35,37
Киборка,howling-fjord,1542,hunter,beastmastery,58,34,24
Spidak,stormscale,1541,hunter,beastmastery,54,27,27
Wraithlit,bronzebeard,1541,hunter,beastmastery,48,24,24
Jeeso,baelgun,1539,hunter,beastmastery,154,72,82
Crâsh,ysondre,1538,hunter,beastmastery,80,40,40
Антисерт,ashenvale,1538,hunter,beastmastery,70,33,37
Ryuwen,dun-modr,1537,hunter,beastmastery,113,55,58
Bortian,argent-dawn,1536,hunter,beastmastery,73,41,32
Corrupth,outland,1535,hunter,beastmastery,43,22,21
Orcoro,ysondre,1535,hunter,beastmastery,311,153,158
Rachelzane,blackrock,1534,hunter,beastmastery,30,16,14
Encore,sylvanas,1533,hunter,beastmastery,152,81,71
Gedzer,silvermoon,1533,hunter,beastmastery,70,33,37
Sonìc,kazzak,1531,hunter,beastmastery,44,25,19
Wondersnipes,stormrage,1531,hunter,beastmastery,51,23,28
Klausmanne,blackrock,1530,hunter,beastmastery,300,139,161
Druckwelle,frostwolf,1530,hunter,beastmastery,68,29,39
Massimox,draenor,1529,hunter,beastmastery,30,22,8
Grapemint,blackrock,1528,hunter,beastmastery,24,16,8
Crippler,arthas,1528,hunter,beastmastery,40,26,14
Отерон,gordunni,1528,hunter,beastmastery,182,96,86
Tayaa,draenor,1528,hunter,beastmastery,91,47,44
Снюсинка,gordunni,1527,hunter,beastmastery,76,40,36
Xraay,stormscale,1527,hunter,beastmastery,42,22,20
Córelly,outland,1527,hunter,beastmastery,119,57,62
Dragomirka,kazzak,1525,hunter,beastmastery,99,47,52
Anklar,blackrock,1525,hunter,beastmastery,65,25,40
Синглшот,blackscar,1524,hunter,beastmastery,37,21,16
Sarrow,ravencrest,1523,hunter,beastmastery,77,41,36
Pennymarks,blackhand,1523,hunter,beastmastery,62,31,31
Crowsza,archimonde,1522,hunter,beastmastery,91,50,41
Proccter,silvermoon,1522,hunter,beastmastery,132,72,60
Tiendat,kazzak,1522,hunter,beastmastery,48,24,24
Камшотовна,blackscar,1521,hunter,beastmastery,199,110,89
Exlune,sylvanas,1521,hunter,beastmastery,30,16,14
Renamexyz,blackmoore,1520,hunter,beastmastery,36,20,16
Эвилтар,soulflayer,1519,hunter,beastmastery,90,43,47
Greavius,kazzak,1519,hunter,beastmastery,36,16,20
Lightcheese,twisting-nether,1518,hunter,beastmastery,48,23,25
Cajakekw,madmortem,1517,hunter,beastmastery,24,16,8
Маунтдроп,gordunni,1517,hunter,beastmastery,171,91,80
Moistmán,kazzak,1517,hunter,beastmastery,218,106,112
Reijuan,doomhammer,1516,hunter,beastmastery,30,16,14
Субоота,gordunni,1515,hunter,beastmastery,58,21,37
Hitandtrap,stormscale,1512,hunter,beastmastery,36,16,20
Rdom,stormreaver,1511,hunter,beastmastery,126,64,62
Жажждущий,gordunni,1511,hunter,beastmastery,190,95,95
Lis,gorgonnash,1511,hunter,beastmastery,78,35,43
Draugrinnh,tarren-mill,1511,hunter,beastmastery,66,29,37
Кежма,howling-fjord,1507,hunter,beastmastery,42,26,16
Avatarofwoe,blackmoore,1507,hunter,beastmastery,48,20,28
Стэпси,gordunni,1506,hunter,beastmastery,56,23,33
Spizglub,defias-brotherhood,1504,hunter,beastmastery,83,43,40
Жмыххунтер,howling-fjord,1504,hunter,beastmastery,66,29,37
Lòò,aegwynn,1503,hunter,beastmastery,107,51,56
Yoorizz,outland,1503,hunter,beastmastery,42,16,26
Icetrapped,eredar,1502,hunter,beastmastery,41,25,16
Oife,auchindoun,1502,hunter,beastmastery,65,39,26
Leriath,shadowsong,1502,hunter,beastmastery,89,52,37
Зуланария,howling-fjord,1502,hunter,beastmastery,59,31,28
Bujie,ragnaros,1502,hunter,beastmastery,42,16,26
Kravchenko,draenor,1501,hunter,beastmastery,41,23,18
Soulthirsty,ravencrest,1501,hunter,beastmastery,132,62,70
Яроняютрапу,gordunni,1500,hunter,beastmastery,52,33,19
Ileira,blackmoore,1500,hunter,beastmastery,30,16,14
Kalt,twisting-nether,1498,hunter,beastmastery,70,41,29
Gumm,gorgonnash,1496,hunter,beastmastery,30,17,13
Palaur,kazzak,1496,hunter,beastmastery,184,94,90
Funkalation,ravencrest,1495,hunter,beastmastery,36,20,16
Ledrox,ravencrest,1494,hunter,beastmastery,90,42,48
Focuslhunt,archimonde,1493,hunter,beastmastery,36,23,13
Heoden,nemesis,1493,hunter,beastmastery,42,20,22
Raxedo,blackrock,1492,hunter,beastmastery,50,25,25
Idetylem,burning-legion,1490,hunter,beastmastery,84,44,40
Almogrote,sanguino,1490,hunter,beastmastery,90,43,47
Dzikapumpa,burning-legion,1490,hunter,beastmastery,51,24,27
Solot,silvermoon,1490,hunter,beastmastery,54,24,30
Laoriane,hyjal,1489,hunter,beastmastery,51,28,23
Chenony,ravencrest,1489,hunter,beastmastery,84,38,46
Assbúrgers,silvermoon,1487,hunter,beastmastery,88,44,44
Трэйсх,howling-fjord,1487,hunter,beastmastery,36,17,19
Wøden,ysondre,1485,hunter,beastmastery,90,39,51
Ahlgood,stormscale,1484,hunter,beastmastery,30,16,14
Trapyx,malganis,1484,hunter,beastmastery,393,195,198
Честнный,howling-fjord,1484,hunter,beastmastery,153,74,79
Recrent,kazzak,1483,hunter,beastmastery,36,26,10
Фдкд,howling-fjord,1483,hunter,beastmastery,84,39,45
Делар,howling-fjord,1483,hunter,beastmastery,68,29,39
Domnite,ravencrest,1482,hunter,beastmastery,139,74,65
Engetsu,drakthul,1482,hunter,beastmastery,98,48,50
Trapwann,argent-dawn,1481,hunter,beastmastery,60,28,32
Whazupdude,drakthul,1480,hunter,beastmastery,47,32,15
Tasdiingo,tarren-mill,1480,hunter,beastmastery,42,19,23
Váal,dun-modr,1479,hunter,beastmastery,85,49,36
Dirtydolores,thrall,1478,hunter,beastmastery,41,24,17
Valldes,argent-dawn,1478,hunter,beastmastery,75,33,42
Elfyhunter,outland,1478,hunter,beastmastery,41,16,25
Enîgmatîke,archimonde,1477,hunter,beastmastery,39,17,22
Bambamgalke,antonidas,1476,hunter,beastmastery,95,49,46
Jarekk,auchindoun,1475,hunter,beastmastery,77,42,35
Ubietza,aegwynn,1473,hunter,beastmastery,160,79,81
Аллони,booty-bay,1473,hunter,beastmastery,183,87,96
Wingclip,ravencrest,1472,hunter,beastmastery,40,17,23
Bastianapa,twisting-nether,1471,hunter,beastmastery,66,31,35
Sylariel,die-aldor,1469,hunter,beastmastery,46,23,23
Thyala,twisting-nether,1469,hunter,beastmastery,39,18,21
Lascazador,dun-modr,1469,hunter,beastmastery,80,33,47
Shieryu,archimonde,1468,hunter,beastmastery,60,26,34
Djbombastic,archimonde,1467,hunter,beastmastery,60,35,25
Dzikabestia,burning-legion,1467,hunter,beastmastery,36,21,15
Coldmonster,tarren-mill,1466,hunter,beastmastery,163,88,75
Hruon,sporeggar,1466,hunter,beastmastery,54,27,27
Råhl,zuljin,1466,hunter,beastmastery,41,17,24
Hyunkies,ysondre,1466,hunter,beastmastery,47,17,30
Bigfoot,argent-dawn,1465,hunter,beastmastery,186,96,90
Кейдлер,gordunni,1465,hunter,beastmastery,35,17,18
Лёт,azuregos,1464,hunter,beastmastery,62,36,26
Weiaw,blackmoore,1464,hunter,beastmastery,40,20,20
Halfogre,draenor,1464,hunter,beastmastery,36,18,18
Pancakesgo,twilights-hammer,1464,hunter,beastmastery,137,67,70
Asâya,blackmoore,1462,hunter,beastmastery,108,60,48
Yryyh,silvermoon,1462,hunter,beastmastery,66,27,39
Ayyubi,blackrock,1460,hunter,beastmastery,77,39,38
Zinco,ravencrest,1460,hunter,beastmastery,100,44,56
Johnwick,aerie-peak,1457,hunter,beastmastery,42,24,18
Mufdii,sylvanas,1457,hunter,beastmastery,34,16,18
Рэмпейджшот,soulflayer,1455,hunter,beastmastery,42,24,18
Dramin,defias-brotherhood,1455,hunter,beastmastery,233,125,108
Toosmall,stormscale,1454,hunter,beastmastery,46,28,18
Pego,grim-batol,1454,hunter,beastmastery,55,25,30
Freebïrd,shattered-hand,1453,hunter,beastmastery,54,25,29
Anjeschka,nemesis,1451,hunter,beastmastery,64,37,27
Ханзолес,gordunni,1451,hunter,beastmastery,36,20,16
Acmé,kazzak,1451,hunter,beastmastery,54,22,32
Tràxes,quelthalas,1450,hunter,beastmastery,157,74,83
Rhee,the-maelstrom,1450,hunter,beastmastery,126,58,68
Shawnrai,drakthul,1449,hunter,beastmastery,44,24,20
Vaelyste,doomhammer,1449,hunter,beastmastery,127,63,64
Толяарканшот,razuvious,1448,hunter,beastmastery,42,23,19
Latschodives,malorne,1448,hunter,beastmastery,73,33,40
Amigoss,argent-dawn,1446,hunter,beastmastery,72,36,36
Vypaz,twisting-nether,1446,hunter,beastmastery,60,30,30
Metrolog,twisting-nether,1446,hunter,beastmastery,99,48,51
Crossjob,kazzak,1445,hunter,beastmastery,42,23,19
Drigs,blackrock,1445,hunter,beastmastery,117,59,58
Githo,argent-dawn,1444,hunter,beastmastery,33,20,13
Эмомото,howling-fjord,1444,hunter,beastmastery,48,19,29
Рэттс,soulflayer,1440,hunter,beastmastery,110,55,55
Syniix,ravencrest,1439,hunter,beastmastery,30,15,15
Ghost,tarren-mill,1439,hunter,beastmastery,30,15,15
Tràpz,archimonde,1439,hunter,beastmastery,57,22,35
Luluxfire,burning-legion,1438,hunter,beastmastery,64,30,34
Earnzie,outland,1438,hunter,beastmastery,72,31,41
Tokyodripztv,drakthul,1437,hunter,beastmastery,48,27,21
Juha,the-maelstrom,1437,hunter,beastmastery,57,28,29
Бвонсамдик,howling-fjord,1435,hunter,beastmastery,42,23,19
Mágaz,draenor,1435,hunter,beastmastery,48,26,22
Wüst,tarren-mill,1435,hunter,beastmastery,30,16,14
Lootgobbo,antonidas,1435,hunter,beastmastery,51,27,24
Timec,outland,1435,hunter,beastmastery,36,15,21
Lännennopein,outland,1435,hunter,beastmastery,53,22,31
Rachelicious,ravencrest,1434,hunter,beastmastery,30,15,15
Crynomore,tarren-mill,1432,hunter,beastmastery,53,34,19
Cosmol,kazzak,1432,hunter,beastmastery,64,33,31
Джаствэл,howling-fjord,1432,hunter,beastmastery,30,15,15
Duïvell,grim-batol,1432,hunter,beastmastery,36,15,21
Бей,gordunni,1432,hunter,beastmastery,61,25,36
Gbureczka,burning-legion,1432,hunter,beastmastery,50,20,30
Tukene,kazzak,1432,hunter,beastmastery,45,17,28
Noréaga,suramar,1431,hunter,beastmastery,36,20,16
Zäyk,zuljin,1431,hunter,beastmastery,79,42,37
Budhunter,alakir,1431,hunter,beastmastery,78,41,37
Jaxteller,archimonde,1431,hunter,beastmastery,30,15,15
Zeniar,pozzo-delleternità,1431,hunter,beastmastery,47,20,27
Чапуршилов,lich-king,1430,hunter,beastmastery,220,110,110
Khatia,blackrock,1429,hunter,beastmastery,36,18,18
Yoggys,outland,1429,hunter,beastmastery,95,47,48
Glizzygobblr,kazzak,1429,hunter,beastmastery,52,25,27
Anca,aegwynn,1428,hunter,beastmastery,179,87,92
Eufumo,sanguino,1427,hunter,beastmastery,88,48,40
Bogüen,sanguino,1427,hunter,beastmastery,36,17,19
Хипдо,soulflayer,1426,hunter,beastmastery,48,15,33
Aenina,kazzak,1422,hunter,beastmastery,42,23,19
Туруханец,gordunni,1422,hunter,beastmastery,162,88,74
Гульнарамвд,gordunni,1422,hunter,beastmastery,36,15,21
Торая,gordunni,1421,hunter,beastmastery,30,15,15
Трапча,soulflayer,1420,hunter,beastmastery,24,15,9
Beeasty,aegwynn,1420,hunter,beastmastery,24,15,9
Medûse,stormscale,1420,hunter,beastmastery,79,40,39
Straybullet,kazzak,1420,hunter,beastmastery,197,99,98
Mariehunt,blackmoore,1420,hunter,beastmastery,108,52,56
Graavi,silvermoon,1420,hunter,beastmastery,45,18,27
Lobos,ravencrest,1418,hunter,beastmastery,110,54,56
Andjelaa,kazzak,1417,hunter,beastmastery,38,19,19
Flytomars,ravencrest,1417,hunter,beastmastery,30,15,15
Sbegodx,hyjal,1416,hunter,beastmastery,93,44,49
Badkirves,kazzak,1416,hunter,beastmastery,109,50,59
Toxical,ragnaros,1414,hunter,beastmastery,36,22,14
Miracleh,tarren-mill,1414,hunter,beastmastery,42,22,20
Xeld,outland,1414,hunter,beastmastery,30,15,15
Metsänmies,defias-brotherhood,1413,hunter,beastmastery,52,31,21
Dêstiny,dun-modr,1411,hunter,beastmastery,54,31,23
Velocity,nagrand,1411,hunter,beastmastery,41,19,22
Xüscha,ysera,1409,hunter,beastmastery,114,51,63
Waalth,ragnaros,1408,hunter,beastmastery,124,60,64
Стреладемона,gordunni,1407,hunter,beastmastery,69,40,29
Гернриета,gordunni,1407,hunter,beastmastery,36,16,20
Vivako,silvermoon,1406,hunter,beastmastery,54,30,24
Jas,kargath,1406,hunter,beastmastery,184,94,90
Jablaka,blackhand,1405,hunter,beastmastery,173,89,84
Arrowman,burning-legion,1405,hunter,beastmastery,36,18,18
Tizzlbang,ragnaros,1404,hunter,beastmastery,30,17,13
Mytown,hyjal,1404,hunter,beastmastery,197,97,100
Loógosh,blackmoore,1404,hunter,beastmastery,102,50,52
Àrsaidh,draenor,1403,hunter,beastmastery,59,33,26
Drestan,drakthul,1403,hunter,beastmastery,78,38,40
Elsasehunter,zuljin,1402,hunter,beastmastery,132,60,72
Geete,kazzak,1400,hunter,beastmastery,30,17,13
Phinecone,stormscale,1399,hunter,beastmastery,42,18,24
Джантига,howling-fjord,1398,hunter,beastmastery,36,21,15
Flunkytim,blackmoore,1398,hunter,beastmastery,108,58,50
Pufyrella,kilrogg,1398,hunter,beastmastery,60,30,30
Фузег,deathguard,1397,hunter,beastmastery,199,102,97
Lokiis,hyjal,1396,hunter,beastmastery,120,63,57
Artemisas,draenor,1396,hunter,beastmastery,54,20,34
Belorgrim,kirin-tor,1395,hunter,beastmastery,90,49,41
Berkobaggins,twisting-nether,1395,hunter,beastmastery,70,32,38
Беспокойный,soulflayer,1395,hunter,beastmastery,71,31,40
Hammertime,sanguino,1394,hunter,beastmastery,84,42,42
Mââl,archimonde,1394,hunter,beastmastery,36,16,20
Бубунн,howling-fjord,1394,hunter,beastmastery,96,42,54
Xystîco,thrall,1393,hunter,beastmastery,54,26,28
Hiðe,archimonde,1393,hunter,beastmastery,61,25,36
Câonimâ,twisting-nether,1392,hunter,beastmastery,90,46,44
Soen,zuljin,1392,hunter,beastmastery,52,26,26
Sníper,aggra-português,1392,hunter,beastmastery,125,58,67
Шионо,howling-fjord,1391,hunter,beastmastery,56,29,27
Traktorr,stormscale,1391,hunter,beastmastery,102,50,52
Ázurâ,blackhand,1390,hunter,beastmastery,86,42,44
Kareltje,stormscale,1388,hunter,beastmastery,37,21,16
Leáa,eredar,1388,hunter,beastmastery,30,15,15
Афигеннски,ashenvale,1387,hunter,beastmastery,54,25,29
Adram,burning-legion,1386,hunter,beastmastery,29,16,13
Penthesîlea,aegwynn,1386,hunter,beastmastery,80,42,38
Vimd,archimonde,1385,hunter,beastmastery,54,24,30
Reiign,burning-legion,1385,hunter,beastmastery,59,24,35
Shantala,frostwolf,1382,hunter,beastmastery,54,27,27
Chagaure,hyjal,1382,hunter,beastmastery,36,17,19
Rachelgg,ravencrest,1382,hunter,beastmastery,34,15,19
Viktorijå,draenor,1380,hunter,beastmastery,36,20,16
Beardmastery,auchindoun,1380,hunter,beastmastery,36,16,20
Joshalama,quelthalas,1377,hunter,beastmastery,52,29,23
Bibsy,tarren-mill,1376,hunter,beastmastery,30,16,14
Хлопс,howling-fjord,1376,hunter,beastmastery,36,16,20
Фетсол,soulflayer,1375,hunter,beastmastery,54,28,26
Esgar,blackrock,1374,hunter,beastmastery,74,34,40
Texaco,dun-modr,1374,hunter,beastmastery,55,25,30
Bøwjøb,arthas,1373,hunter,beastmastery,74,42,32
Baileé,onyxia,1373,hunter,beastmastery,74,39,35
Necromercy,burning-legion,1373,hunter,beastmastery,38,20,18
Neíth,the-maelstrom,1373,hunter,beastmastery,123,56,67
Гиладар,borean-tundra,1372,hunter,beastmastery,53,24,29
Pumbuboo,deathwing,1372,hunter,beastmastery,60,27,33
Glorfindhel,archimonde,1370,hunter,beastmastery,36,18,18
Jaky,illidan,1368,hunter,beastmastery,179,104,75
Анариэльсин,soulflayer,1368,hunter,beastmastery,36,15,21
Beletor,medivh,1365,hunter,beastmastery,30,15,15
Пиворк,soulflayer,1365,hunter,beastmastery,47,16,31
Zantorious,ravencrest,1363,hunter,beastmastery,63,37,26
Saromán,ravencrest,1362,hunter,beastmastery,42,23,19
Tåxi,silvermoon,1362,hunter,beastmastery,207,102,105
Бедствиие,galakrond,1362,hunter,beastmastery,48,18,30
Zúzú,hyjal,1358,hunter,beastmastery,54,32,22
Raymear,kazzak,1358,hunter,beastmastery,66,33,33
Pixxeel,khaz-modan,1356,hunter,beastmastery,30,15,15
Buc,burning-legion,1355,hunter,beastmastery,52,18,34
Gabbriel,ravencrest,1354,hunter,beastmastery,24,17,7
Blastarrow,the-maelstrom,1353,hunter,beastmastery,84,38,46
Cfueb,doomhammer,1351,hunter,beastmastery,42,15,27
Tsivoula,twisting-nether,1349,hunter,beastmastery,29,19,10
Boulaax,ysondre,1349,hunter,beastmastery,136,73,63
Neescafe,sylvanas,1349,hunter,beastmastery,83,42,41
Кэрнел,gordunni,1349,hunter,beastmastery,71,34,37
Афонадзе,gordunni,1349,hunter,beastmastery,122,57,65
Amitar,tarren-mill,1347,hunter,beastmastery,60,33,27
Sebastien,frostmane,1347,hunter,beastmastery,33,17,16
Grrizzly,kazzak,1347,hunter,beastmastery,61,31,30
Hogar,frostwolf,1347,hunter,beastmastery,38,17,21
Zelarun,ragnaros,1345,hunter,beastmastery,42,24,18
Felorya,kazzak,1345,hunter,beastmastery,46,25,21
Halessia,ravencrest,1345,hunter,beastmastery,166,83,83
Fizè,blackmoore,1344,hunter,beastmastery,29,15,14
Yezzu,sylvanas,1343,hunter,beastmastery,30,14,16
Сатарр,gordunni,1342,hunter,beastmastery,184,89,95
Чизано,deathguard,1342,hunter,beastmastery,53,25,28
Keoph,tarren-mill,1342,hunter,beastmastery,36,14,22
Retroxia,stormreaver,1341,hunter,beastmastery,36,20,16
Swâân,sanguino,1341,hunter,beastmastery,39,20,19
Karuso,ravencrest,1340,hunter,beastmastery,30,14,16
Meskette,ravencrest,1340,hunter,beastmastery,70,30,40
Reyko,stormscale,1340,hunter,beastmastery,36,14,22
Syveera,twisting-nether,1340,hunter,beastmastery,36,14,22
Unrealy,grim-batol,1339,hunter,beastmastery,182,95,87
Ххун,gordunni,1339,hunter,beastmastery,76,35,41
Clickbile,twisting-nether,1338,hunter,beastmastery,24,14,10
Дафирия,deathguard,1338,hunter,beastmastery,70,35,35
Стрелывалеры,gordunni,1338,hunter,beastmastery,36,14,22
Illaice,antonidas,1337,hunter,beastmastery,24,14,10
Demónhunter,frostmane,1337,hunter,beastmastery,32,15,17
Bláckheart,doomhammer,1336,hunter,beastmastery,38,16,22
Notikâ,aegwynn,1336,hunter,beastmastery,48,20,28
Coôkie,ysondre,1336,hunter,beastmastery,36,14,22
Bågeniburen,draenor,1335,hunter,beastmastery,44,23,21
Pammycakes,bronze-dragonflight,1335,hunter,beastmastery,194,96,98
Raythe,argent-dawn,1335,hunter,beastmastery,30,14,16
Хаурос,soulflayer,1335,hunter,beastmastery,36,14,22
Berenger,twisting-nether,1334,hunter,beastmastery,24,14,10
Kaaj,nemesis,1334,hunter,beastmastery,30,16,14
Кулинарк,howling-fjord,1334,hunter,beastmastery,72,37,35
Mckanê,ysondre,1333,hunter,beastmastery,30,14,16
Дэментед,soulflayer,1333,hunter,beastmastery,30,14,16
Hõth,kazzak,1333,hunter,beastmastery,36,14,22
Шурикцаревич,galakrond,1333,hunter,beastmastery,66,23,43
Ловихимеру,soulflayer,1332,hunter,beastmastery,60,27,33
Lustor,ravencrest,1332,hunter,beastmastery,83,34,49
Дэскрайт,soulflayer,1329,hunter,beastmastery,24,14,10
Desow,blackrock,1329,hunter,beastmastery,66,35,31
Feignindeath,twisting-nether,1328,hunter,beastmastery,60,35,25
Hantro,argent-dawn,1327,hunter,beastmastery,60,33,27
Vasu,azjolnerub,1326,hunter,beastmastery,39,21,18
Velites,aggra-português,1326,hunter,beastmastery,33,17,16
Sélenaé,hyjal,1324,hunter,beastmastery,58,24,34
Settisetä,defias-brotherhood,1323,hunter,beastmastery,24,14,10
Kiingsane,archimonde,1323,hunter,beastmastery,43,17,26
Лиор,howling-fjord,1323,hunter,beastmastery,84,32,52
Luniel,gilneas,1321,hunter,beastmastery,24,14,10
Napa,kazzak,1320,hunter,beastmastery,24,14,10
Tuskah,stormreaver,1320,hunter,beastmastery,24,14,10
Travels,tarren-mill,1320,hunter,beastmastery,165,82,83
Цумочка,blackscar,1319,hunter,beastmastery,30,16,14
Ríckybobby,kazzak,1319,hunter,beastmastery,43,22,21
Rushgarroth,ravencrest,1315,hunter,beastmastery,138,67,71
Vachekiki,archimonde,1314,hunter,beastmastery,60,41,19
Имбакласс,howling-fjord,1314,hunter,beastmastery,24,15,9
Øßlíck,ysondre,1314,hunter,beastmastery,30,14,16
Nomadest,silvermoon,1313,hunter,beastmastery,24,14,10
Meredo,burning-legion,1313,hunter,beastmastery,64,33,31
Dùmbo,khaz-modan,1313,hunter,beastmastery,96,46,50
Muspigen,tarren-mill,1313,hunter,beastmastery,83,38,45
Люблюлюбовь,gordunni,1310,hunter,beastmastery,42,27,15
Талигар,razuvious,1310,hunter,beastmastery,135,59,76
Platzpatron,eredar,1310,hunter,beastmastery,69,30,39
Blutack,stormscale,1309,hunter,beastmastery,93,39,54
Aneji,hyjal,1308,hunter,beastmastery,86,45,41
Xéraphine,mannoroth,1306,hunter,beastmastery,97,40,57
Môrkh,sanguino,1306,hunter,beastmastery,36,14,22
Expulse,eredar,1305,hunter,beastmastery,18,14,4
Heiltfürzwei,ungoro,1305,hunter,beastmastery,63,30,33
Showerhead,silvermoon,1305,hunter,beastmastery,32,14,18
Эннабонни,gordunni,1304,hunter,beastmastery,60,29,31
Zerisi,silvermoon,1302,hunter,beastmastery,41,25,16
Devøurer,blackmoore,1301,hunter,beastmastery,24,14,10
Ivvy,defias-brotherhood,1301,hunter,beastmastery,48,23,25
Маянашашлыки,galakrond,1300,hunter,beastmastery,61,33,28
Dotkor,laughing-skull,1300,hunter,beastmastery,138,70,68
Бирмингем,ashenvale,1299,hunter,beastmastery,60,30,30
Whatifany,tarren-mill,1299,hunter,beastmastery,96,39,57
Magarosh,eredar,1298,hunter,beastmastery,30,14,16
Footsy,twisting-nether,1298,hunter,beastmastery,48,22,26
Edùens,ysondre,1297,hunter,beastmastery,121,58,63
Mînérvá,blackhand,1296,hunter,beastmastery,42,22,20
Asousa,stormscale,1296,hunter,beastmastery,78,39,39
Paînfull,kazzak,1296,hunter,beastmastery,35,14,21
Tbeck,ragnaros,1295,hunter,beastmastery,30,15,15
Erenjaeger,onyxia,1294,hunter,beastmastery,54,32,22
Nyght,ravencrest,1294,hunter,beastmastery,134,63,71
Барбарисовна,ashenvale,1294,hunter,beastmastery,41,15,26
Jackjager,ravencrest,1292,hunter,beastmastery,33,14,19
Гримкааг,eversong,1291,hunter,beastmastery,73,39,34
Sixty,rajaxx,1291,hunter,beastmastery,42,22,20
Tidydarts,balnazzar,1291,hunter,beastmastery,43,22,21
Shaznak,argent-dawn,1290,hunter,beastmastery,48,25,23
Cêleste,kaelthas,1290,hunter,beastmastery,109,54,55
Kideyosi,silvermoon,1290,hunter,beastmastery,85,38,47
Poatan,outland,1289,hunter,beastmastery,114,61,53
Verathelon,drakthul,1288,hunter,beastmastery,69,35,34
Bourrinax,kazzak,1288,hunter,beastmastery,97,48,49
Keinzira,hyjal,1288,hunter,beastmastery,53,24,29
Nårgai,kargath,1286,hunter,beastmastery,84,45,39
Kekkistä,ravencrest,1286,hunter,beastmastery,40,15,25
Ikschietjou,frostmane,1285,hunter,beastmastery,33,17,16
Yoüllsuffer,twisting-nether,1285,hunter,beastmastery,36,15,21
Дзэнмашина,booty-bay,1284,hunter,beastmastery,110,55,55
Fahin,draenor,1284,hunter,beastmastery,68,32,36
Ynfik,sinstralis,1283,hunter,beastmastery,81,40,41
Halgen,medivh,1283,hunter,beastmastery,104,47,57
Lioness,ahnqiraj,1282,hunter,beastmastery,39,18,21
Nymmbtw,tarren-mill,1281,hunter,beastmastery,35,19,16
Bravestarr,blades-edge,1281,hunter,beastmastery,84,41,43
Nelthara,burning-blade,1281,hunter,beastmastery,36,15,21
Балласкиндер,gordunni,1279,hunter,beastmastery,82,46,36
Fenstad,dalaran,1279,hunter,beastmastery,52,25,27
Karên,blackmoore,1279,hunter,beastmastery,30,14,16
Snípér,blackhand,1279,hunter,beastmastery,48,21,27
Marleyson,uldum,1278,hunter,beastmastery,48,22,26
Rabyan,zuljin,1278,hunter,beastmastery,60,20,40
Ecalter,dun-modr,1277,hunter,beastmastery,60,31,29
Zamale,arakarahm,1277,hunter,beastmastery,42,17,25
Twinshot,anetheron,1276,hunter,beastmastery,36,22,14
Swargano,archimonde,1276,hunter,beastmastery,42,14,28
Cinan,twisting-nether,1271,hunter,beastmastery,210,110,100
Kürze,silvermoon,1271,hunter,beastmastery,66,33,33
Безос,soulflayer,1270,hunter,beastmastery,44,23,21
Watntietjes,burning-blade,1270,hunter,beastmastery,66,29,37
Дипшот,deathguard,1269,hunter,beastmastery,68,30,38
Тысячиимен,gordunni,1267,hunter,beastmastery,30,16,14
Bufosh,twisting-nether,1265,hunter,beastmastery,109,56,53
Krasavcik,shattrath,1264,hunter,beastmastery,24,14,10
Rxr,kazzak,1264,hunter,beastmastery,54,17,37
Salvia,chromaggus,1263,hunter,beastmastery,180,92,88
Vådesskudd,outland,1262,hunter,beastmastery,36,23,13
Waidø,blackhand,1261,hunter,beastmastery,36,17,19
Gheezana,blackhand,1260,hunter,beastmastery,36,14,22
Hoffarex,grim-batol,1259,hunter,beastmastery,30,14,16
Zalacko,ragnaros,1258,hunter,beastmastery,30,15,15
Gerentral,burning-legion,1258,hunter,beastmastery,30,14,16
Diac,dalaran,1256,hunter,beastmastery,24,16,8
Tsoutsoukoss,silvermoon,1255,hunter,beastmastery,175,91,84
Mikhäilxdløl,tarren-mill,1255,hunter,beastmastery,57,28,29
Linchpin,dentarg,1255,hunter,beastmastery,62,28,34
Axams,archimonde,1255,hunter,beastmastery,57,21,36
Lusifa,antonidas,1254,hunter,beastmastery,99,53,46
Mehtäsika,xavius,1254,hunter,beastmastery,45,21,24
Míoo,antonidas,1254,hunter,beastmastery,36,14,22
Koopo,stormreaver,1250,hunter,beastmastery,99,51,48
Measpy,blackrock,1249,hunter,beastmastery,30,14,16
Spergmeister,argent-dawn,1248,hunter,beastmastery,24,13,11
Oliene,twisting-nether,1248,hunter,beastmastery,58,27,31
Ðowz,ysondre,1248,hunter,beastmastery,30,13,17
Mazekhin,khaz-modan,1248,hunter,beastmastery,36,15,21
Кертион,howling-fjord,1247,hunter,beastmastery,24,13,11
Застрельщикц,soulflayer,1247,hunter,beastmastery,36,16,20
Lagich,sylvanas,1247,hunter,beastmastery,30,13,17
Omarah,sanguino,1247,hunter,beastmastery,53,21,32
Deunan,shattered-hand,1246,hunter,beastmastery,36,19,17
Eluun,saurfang,1246,hunter,beastmastery,47,23,24
Sâtaria,blackhand,1246,hunter,beastmastery,31,15,16
Ivanoé,archimonde,1246,hunter,beastmastery,30,13,17
Lothram,les-sentinelles,1245,hunter,beastmastery,24,13,11
Ommadawn,dun-modr,1244,hunter,beastmastery,72,33,39
Gnubbzn,aegwynn,1244,hunter,beastmastery,36,13,23
Dogthebounty,tarren-mill,1243,hunter,beastmastery,26,15,11
Digimørtal,kazzak,1243,hunter,beastmastery,24,13,11
Michaelvm,ravencrest,1243,hunter,beastmastery,42,21,21
Flugsmälla,kazzak,1242,hunter,beastmastery,24,13,11
Arkelion,argent-dawn,1242,hunter,beastmastery,24,13,11
Skytraped,hyjal,1242,hunter,beastmastery,24,13,11
Bêastî,blackrock,1242,hunter,beastmastery,30,13,17
Papramorgóó,ragnaros,1241,hunter,beastmastery,34,14,20
Хастла,greymane,1240,hunter,beastmastery,30,13,17
Blazeityolo,outland,1240,hunter,beastmastery,36,13,23
Kasperhawser,silvermoon,1239,hunter,beastmastery,24,13,11
Vescar,argent-dawn,1239,hunter,beastmastery,42,13,29
Bmazor,silvermoon,1238,hunter,beastmastery,18,13,5
Marsian,lordaeron,1238,hunter,beastmastery,43,20,23
Puska,gilneas,1237,hunter,beastmastery,34,18,16
Harpin,azuremyst,1237,hunter,beastmastery,89,46,43
Bisschen,azshara,1236,hunter,beastmastery,78,37,41
Skyren,defias-brotherhood,1236,hunter,beastmastery,56,25,31
Jyenety,stormscale,1234,hunter,beastmastery,54,27,27
Benbutton,antonidas,1234,hunter,beastmastery,58,27,31
Jollis,argent-dawn,1231,hunter,beastmastery,107,51,56
Skidzo,alakir,1231,hunter,beastmastery,32,15,17
Оксанчек,howling-fjord,1229,hunter,beastmastery,29,13,16
Loridana,tichondrius,1229,hunter,beastmastery,89,36,53
Zercore,echsenkessel,1227,hunter,beastmastery,41,20,21
Qmbonboni,ravencrest,1226,hunter,beastmastery,55,32,23
Kaletorw,ragnaros,1225,hunter,beastmastery,54,30,24
Toralfmoralf,aegwynn,1225,hunter,beastmastery,24,13,11
Davíncí,tarren-mill,1224,hunter,beastmastery,77,41,36
Neeske,sylvanas,1224,hunter,beastmastery,30,13,17
Tempestes,tarren-mill,1223,hunter,beastmastery,95,51,44
Noaim,blackrock,1222,hunter,beastmastery,26,14,12
Annisaqt,kazzak,1222,hunter,beastmastery,59,31,28
Vexhh,outland,1221,hunter,beastmastery,24,13,11
Lore,hyjal,1221,hunter,beastmastery,29,14,15
Ililivillumi,tarren-mill,1220,hunter,beastmastery,49,27,22
Robal,burning-legion,1219,hunter,beastmastery,42,19,23
Badhunt,stormscale,1218,hunter,beastmastery,36,13,23
Stogie,auchindoun,1217,hunter,beastmastery,24,13,11
Dravara,blackmoore,1217,hunter,beastmastery,108,57,51
Фитьфитий,howling-fjord,1216,hunter,beastmastery,53,26,27
Nerdhark,hyjal,1215,hunter,beastmastery,92,41,51
Тофуитер,howling-fjord,1214,hunter,beastmastery,57,25,32
Гримнар,borean-tundra,1213,hunter,beastmastery,23,13,10
Maglór,senjin,1213,hunter,beastmastery,92,43,49
Magrha,khaz-modan,1212,hunter,beastmastery,45,22,23
Ägris,die-todeskrallen,1212,hunter,beastmastery,168,80,88
Kiwala,burning-legion,1212,hunter,beastmastery,48,22,26
Heita,sylvanas,1212,hunter,beastmastery,30,13,17
Enty,blackrock,1209,hunter,beastmastery,20,14,6
Snipingdog,stormscale,1209,hunter,beastmastery,36,18,18
Heylie,senjin,1206,hunter,beastmastery,47,16,31
Bråndy,draenor,1204,hunter,beastmastery,28,14,14
Tracrium,hyjal,1204,hunter,beastmastery,36,13,23
Грознострел,gordunni,1203,hunter,beastmastery,88,49,39
Papithagore,hyjal,1203,hunter,beastmastery,29,13,16
Ниамх,blackscar,1203,hunter,beastmastery,47,21,26
Зихантер,soulflayer,1202,hunter,beastmastery,30,13,17
Sithrom,blackmoore,1201,hunter,beastmastery,28,13,15
Sillychilly,frostwolf,1201,hunter,beastmastery,36,13,23
Анютикус,gordunni,1199,hunter,beastmastery,60,34,26
Kyliun,frostmane,1197,hunter,beastmastery,77,35,42
Panbuczek,defias-brotherhood,1197,hunter,beastmastery,54,21,33
Shadowmiz,shattered-hand,1194,hunter,beastmastery,36,14,22
Cobra,magtheridon,1193,hunter,beastmastery,131,57,74
Angrypickle,defias-brotherhood,1192,hunter,beastmastery,64,27,37
Faramír,azjolnerub,1192,hunter,beastmastery,54,21,33
Nieki,eitrigg,1191,hunter,beastmastery,128,58,70
Hílfíger,kazzak,1191,hunter,beastmastery,42,13,29
Johntoffee,eredar,1190,hunter,beastmastery,35,14,21
Fivebabe,tarren-mill,1188,hunter,beastmastery,36,18,18
Oròme,pozzo-delleternità,1186,hunter,beastmastery,90,47,43
Быщь,gordunni,1186,hunter,beastmastery,29,14,15
Pitton,tarren-mill,1185,hunter,beastmastery,18,13,5
Heedbónger,tarren-mill,1185,hunter,beastmastery,35,14,21
Straikkeri,draenor,1184,hunter,beastmastery,111,54,57
Loyalman,blackmoore,1180,hunter,beastmastery,24,15,9
Винченцо,blackscar,1180,hunter,beastmastery,27,13,14
Haleth,uldum,1177,hunter,beastmastery,29,13,16
Амобарбиталх,gordunni,1173,hunter,beastmastery,39,20,19
Bigbababotan,blackrock,1173,hunter,beastmastery,33,14,19
Dariatate,eredar,1172,hunter,beastmastery,58,29,29
Spineshot,thrall,1172,hunter,beastmastery,69,27,42
Shnidelwoods,blackrock,1171,hunter,beastmastery,56,29,27
Skullstah,ravencrest,1169,hunter,beastmastery,24,13,11
Bakatumbah,draenor,1168,hunter,beastmastery,52,26,26
Eddy,the-maelstrom,1167,hunter,beastmastery,48,25,23
Tedohunter,ragnaros,1167,hunter,beastmastery,66,32,34
Ridlas,silvermoon,1167,hunter,beastmastery,72,32,40
Lakys,cthun,1165,hunter,beastmastery,82,33,49
Аквилеон,gordunni,1165,hunter,beastmastery,34,13,21
Jimmý,sylvanas,1164,hunter,beastmastery,56,27,29
Spycke,dalaran,1163,hunter,beastmastery,33,22,11
Cabuløsø,aggra-português,1162,hunter,beastmastery,24,13,11
Slojork,thrall,1162,hunter,beastmastery,122,54,68
Taemper,azshara,1162,hunter,beastmastery,30,13,17
Graltar,tarren-mill,1157,hunter,beastmastery,63,31,32
Armanny,sylvanas,1157,hunter,beastmastery,92,33,59
Cityhunter,archimonde,1156,hunter,beastmastery,64,30,34
Äyumi,chogall,1155,hunter,beastmastery,79,30,49
Gorett,kazzak,1154,hunter,beastmastery,84,41,43
Rafizox,kazzak,1152,hunter,beastmastery,18,12,6
Lajnus,frostmane,1152,hunter,beastmastery,24,12,12
Ravis,aegwynn,1151,hunter,beastmastery,18,12,6
Zæuz,outland,1151,hunter,beastmastery,24,12,12
Mercoßenz,kazzak,1151,hunter,beastmastery,24,12,12
Beeng,ravencrest,1151,hunter,beastmastery,30,14,16
Lyllidrop,varimathras,1151,hunter,beastmastery,30,12,18
Lilpancake,kazzak,1150,hunter,beastmastery,18,12,6
Kayluh,sylvanas,1150,hunter,beastmastery,18,12,6
Blazinghunt,kazzak,1150,hunter,beastmastery,18,12,6
Wicmex,les-sentinelles,1150,hunter,beastmastery,18,12,6
Fendros,kazzak,1150,hunter,beastmastery,18,12,6
Leza,kult-der-verdammten,1150,hunter,beastmastery,24,12,12
Амореселф,gordunni,1150,hunter,beastmastery,30,12,18
Outkást,sylvanas,1150,hunter,beastmastery,30,12,18
Næ,kazzak,1150,hunter,beastmastery,30,12,18
Mâjôô,blackhand,1149,hunter,beastmastery,22,13,9
Opalus,ravenholdt,1149,hunter,beastmastery,24,12,12
Мэдраэль,deathguard,1148,hunter,beastmastery,45,21,24
Petitsui,zuljin,1148,hunter,beastmastery,30,12,18
Garfie,tarren-mill,1147,hunter,beastmastery,22,13,9
Megagloc,shadowsong,1147,hunter,beastmastery,24,12,12
Envam,outland,1147,hunter,beastmastery,36,12,24
Подлыйстарик,gordunni,1146,hunter,beastmastery,24,12,12
Brmwall,twisting-nether,1146,hunter,beastmastery,30,12,18
Gorgorm,ravencrest,1146,hunter,beastmastery,36,12,24
Лсныйпамп,howling-fjord,1145,hunter,beastmastery,24,12,12
Eöe,ragnaros,1145,hunter,beastmastery,24,12,12
Брзенк,gordunni,1145,hunter,beastmastery,90,33,57
Hunterbeck,ravencrest,1144,hunter,beastmastery,78,32,46
Lunaunii,argent-dawn,1142,hunter,beastmastery,18,12,6
Haraigoshí,grim-batol,1142,hunter,beastmastery,24,12,12
Nissa,blackrock,1142,hunter,beastmastery,24,12,12
Hlynsson,tarren-mill,1140,hunter,beastmastery,18,12,6
Dunkelmut,arthas,1139,hunter,beastmastery,30,12,18
Mêshuggah,ravencrest,1138,hunter,beastmastery,24,12,12
Mordhunterx,draenor,1138,hunter,beastmastery,24,12,12
Pilogbueferd,silvermoon,1138,hunter,beastmastery,24,12,12
Jegeralv,argent-dawn,1138,hunter,beastmastery,30,12,18
Zpy,blackmoore,1137,hunter,beastmastery,18,12,6
Vavabxl,ysondre,1137,hunter,beastmastery,24,12,12
Abovival,ragnaros,1134,hunter,beastmastery,24,12,12
Tomli,nemesis,1133,hunter,beastmastery,27,13,14
Crmov,silvermoon,1131,hunter,beastmastery,18,12,6
Nidromel,stormscale,1130,hunter,beastmastery,125,61,64
Ázèrøñå,ravencrest,1129,hunter,beastmastery,27,16,11
Скелус,soulflayer,1129,hunter,beastmastery,24,12,12
Maknamara,tarren-mill,1127,hunter,beastmastery,63,32,31
Cdorak,zuljin,1126,hunter,beastmastery,24,12,12
Tremby,kazzak,1124,hunter,beastmastery,27,13,14
Румлис,gordunni,1122,hunter,beastmastery,63,33,30
Ønur,twisting-nether,1122,hunter,beastmastery,78,39,39
Quasar,arakarahm,1122,hunter,beastmastery,59,22,37
Plong,argent-dawn,1121,hunter,beastmastery,24,14,10
Sokyokuh,burning-legion,1119,hunter,beastmastery,24,12,12
Amdonesia,ravencrest,1119,hunter,beastmastery,60,20,40
Бэрими,gordunni,1118,hunter,beastmastery,29,12,17
Marudô,aegwynn,1118,hunter,beastmastery,35,12,23
Pêvépê,silvermoon,1116,hunter,beastmastery,18,12,6
Karstarkk,sanguino,1116,hunter,beastmastery,71,32,39
Самомаза,soulflayer,1115,hunter,beastmastery,71,33,38
Latira,eonar,1115,hunter,beastmastery,48,21,27
Soulshoot,khaz-modan,1113,hunter,beastmastery,94,48,46
Huntiio,khaz-modan,1113,hunter,beastmastery,60,25,35
Demolaiser,dun-modr,1111,hunter,beastmastery,54,24,30
Cäri,colinas-pardas,1109,hunter,beastmastery,36,16,20
Øutkast,silvermoon,1105,hunter,beastmastery,29,18,11
Ertestuing,tarren-mill,1105,hunter,beastmastery,33,16,17
Yoey,tarren-mill,1102,hunter,beastmastery,21,13,8
Angeedau,kazzak,1102,hunter,beastmastery,29,12,17
Guanchin,silvermoon,1102,hunter,beastmastery,40,15,25
Savori,kazzak,1100,hunter,beastmastery,37,21,16
Cyclontrapgg,antonidas,1100,hunter,beastmastery,23,13,10
Jaguarundy,dun-modr,1098,hunter,beastmastery,38,16,22
Atraxi,aegwynn,1096,hunter,beastmastery,64,28,36
Goonii,bronzebeard,1094,hunter,beastmastery,24,12,12
Janjal,silvermoon,1094,hunter,beastmastery,129,57,72
Papiou,les-sentinelles,1091,hunter,beastmastery,30,14,16
Basìcs,nemesis,1091,hunter,beastmastery,95,42,53
Salemenos,silvermoon,1085,hunter,beastmastery,22,12,10
Brometheus,sylvanas,1083,hunter,beastmastery,41,15,26
Nerfjuice,silvermoon,1081,hunter,beastmastery,81,41,40
Kure,blackrock,1080,hunter,beastmastery,137,69,68
Nesthor,sinstralis,1080,hunter,beastmastery,34,13,21
Авроратян,blackscar,1079,hunter,beastmastery,23,15,8
Seviaz,draenor,1077,hunter,beastmastery,29,12,17
Pawder,silvermoon,1077,hunter,beastmastery,42,15,27
Musraah,zuljin,1076,hunter,beastmastery,21,13,8
Hugechode,kazzak,1074,hunter,beastmastery,24,12,12
Айлиси,soulflayer,1074,hunter,beastmastery,49,12,37
Skribez,blackmoore,1073,hunter,beastmastery,23,12,11
Tunhaa,arthas,1070,hunter,beastmastery,42,18,24
Spiritshot,baelgun,1066,hunter,beastmastery,34,14,20
Hentt,burning-legion,1064,hunter,beastmastery,28,13,15
Venkox,archimonde,1062,hunter,beastmastery,79,42,37
Ezelina,lightnings-blade,1062,hunter,beastmastery,66,32,34
Sàclak,ysondre,1062,hunter,beastmastery,43,19,24
Cruelsummer,kul-tiras,1061,hunter,beastmastery,60,22,38
Arrowin,ravencrest,1060,hunter,beastmastery,24,12,12
Deblaze,aegwynn,1056,hunter,beastmastery,18,11,7
Dorkos,sanguino,1056,hunter,beastmastery,24,11,13
Vargar,arygos,1056,hunter,beastmastery,24,11,13
Ayaz,ravencrest,1056,hunter,beastmastery,30,11,19
Jaxxoo,outland,1055,hunter,beastmastery,18,11,7
Sehkmet,silvermoon,1055,hunter,beastmastery,36,14,22
Pjållistani,ravencrest,1055,hunter,beastmastery,30,11,19
Bazouf,outland,1054,hunter,beastmastery,18,11,7
Xarhunt,azjolnerub,1054,hunter,beastmastery,18,11,7
Dawil,ragnaros,1054,hunter,beastmastery,30,11,19
Зимняясказка,soulflayer,1053,hunter,beastmastery,29,11,18
Jakis,silvermoon,1052,hunter,beastmastery,18,11,7
Olamay,blackmoore,1052,hunter,beastmastery,84,39,45
Шмыгахант,gordunni,1052,hunter,beastmastery,24,11,13
Holdmypurse,kazzak,1052,hunter,beastmastery,24,11,13
Gobliniehoóo,azuremyst,1051,hunter,beastmastery,16,12,4
Greg,defias-brotherhood,1051,hunter,beastmastery,24,11,13
Unreachable,dethecus,1051,hunter,beastmastery,24,11,13
Darllene,kazzak,1051,hunter,beastmastery,30,11,19
Britannia,frostmane,1050,hunter,beastmastery,18,11,7
Auau,the-maelstrom,1050,hunter,beastmastery,49,23,26
Brotaniku,tarren-mill,1050,hunter,beastmastery,60,24,36
Шейхант,gordunni,1049,hunter,beastmastery,36,18,18
Bladestalker,trollbane,1049,hunter,beastmastery,24,11,13
Sourxete,silvermoon,1048,hunter,beastmastery,24,11,13
Коблазнх,howling-fjord,1048,hunter,beastmastery,24,11,13
Andraz,burning-legion,1048,hunter,beastmastery,30,11,19
Isaîas,uldum,1048,hunter,beastmastery,30,11,19
Sheilare,doomhammer,1047,hunter,beastmastery,18,11,7
Doômzi,ysondre,1047,hunter,beastmastery,24,13,11
Sylverein,silvermoon,1046,hunter,beastmastery,73,25,48
Bezi,tarren-mill,1045,hunter,beastmastery,47,21,26
Strade,argent-dawn,1044,hunter,beastmastery,24,11,13
Shinibon,blackmoore,1044,hunter,beastmastery,36,11,25
Luckyhunty,dalaran,1043,hunter,beastmastery,83,36,47
Ayaille,marécage-de-zangar,1043,hunter,beastmastery,40,14,26
Zhazha,chamber-of-aspects,1042,hunter,beastmastery,31,14,17
Vystrelil,drakthul,1041,hunter,beastmastery,196,104,92
Pigoen,sporeggar,1041,hunter,beastmastery,105,45,60
Yukina,frostmourne,1038,hunter,beastmastery,28,13,15
Arnatti,tyrande,1036,hunter,beastmastery,28,16,12
Sika,nozdormu,1031,hunter,beastmastery,30,11,19
Chillarn,tarren-mill,1030,hunter,beastmastery,70,29,41
Laerya,les-clairvoyants,1029,hunter,beastmastery,24,11,13
Attiladagun,hellfire,1027,hunter,beastmastery,67,19,48
Ládysháyà,blackrock,1024,hunter,beastmastery,126,60,66
Feigur,sanguino,1023,hunter,beastmastery,53,28,25
Ветиринарша,gordunni,1020,hunter,beastmastery,30,11,19
Bellecoq,arathi,1019,hunter,beastmastery,23,11,12
Leemool,ysondre,1017,hunter,beastmastery,24,12,12
Atnan,vashj,1016,hunter,beastmastery,42,18,24
Eilnu,zuljin,1016,hunter,beastmastery,72,21,51
Grollar,ragnaros,1014,hunter,beastmastery,80,42,38
Faze,hellfire,1013,hunter,beastmastery,60,30,30
Arakton,drakthul,1008,hunter,beastmastery,46,23,23
Sâranjágo,argent-dawn,1008,hunter,beastmastery,90,40,50
Orgasmatronn,stormscale,1008,hunter,beastmastery,30,11,19
Wolfmarko,ragnaros,1007,hunter,beastmastery,49,19,30
Crispystix,draenor,1006,hunter,beastmastery,23,11,12
Weisswinter,drakthul,1004,hunter,beastmastery,24,12,12
Ohwagga,pozzo-delleternità,1003,hunter,beastmastery,30,15,15
Фэннон,gordunni,1002,hunter,beastmastery,27,13,14
Schnezzler,nerathor,1001,hunter,beastmastery,124,59,65
Knokkelmann,outland,1001,hunter,beastmastery,28,13,15
Bouboule,elune,1000,hunter,beastmastery,68,40,28
Клак,howling-fjord,999,hunter,beastmastery,60,17,43
Kagan,nemesis,998,hunter,beastmastery,29,17,12
Sinux,lordaeron,995,hunter,beastmastery,17,11,6
Grandiosity,tarren-mill,992,hunter,beastmastery,17,11,6
Хантнерюга,gordunni,991,hunter,beastmastery,20,11,9
Хантвкроксах,gordunni,991,hunter,beastmastery,26,12,14
Enanorabioso,minahonda,991,hunter,beastmastery,30,12,18
Frencharena,the-venture-co,990,hunter,beastmastery,29,11,18
Neuromancien,archimonde,990,hunter,beastmastery,35,11,24
Kirky,terokkar,988,hunter,beastmastery,21,11,10
Pumukle,madmortem,987,hunter,beastmastery,45,18,27
Qled,sylvanas,986,hunter,beastmastery,37,15,22
Nixxay,antonidas,984,hunter,beastmastery,54,30,24
Rubyblack,archimonde,984,hunter,beastmastery,48,24,24
Lissudarlin,stormreaver,982,hunter,beastmastery,346,176,170
Floppybobby,burning-blade,980,hunter,beastmastery,29,12,17
Герциг,gordunni,978,hunter,beastmastery,22,11,11
Melèxè,ysondre,975,hunter,beastmastery,35,11,24
Вагар,blackscar,973,hunter,beastmastery,33,17,16
Shpider,burning-blade,973,hunter,beastmastery,64,27,37
Kikijojo,ravencrest,971,hunter,beastmastery,30,16,14
Jaydogg,lightbringer,970,hunter,beastmastery,19,11,8
Kruk,blackhand,968,hunter,beastmastery,22,11,11
Traenuss,azuremyst,968,hunter,beastmastery,48,19,29
Llamp,draenor,964,hunter,beastmastery,60,29,31
Woöky,dalaran,963,hunter,beastmastery,68,36,32
Jamaro,dun-modr,962,hunter,beastmastery,48,19,29
Ulyash,ysondre,962,hunter,beastmastery,60,22,38
Инойхохо,gordunni,960,hunter,beastmastery,12,10,2
Missmytrap,archimonde,960,hunter,beastmastery,12,10,2
Dathrixjr,ravencrest,960,hunter,beastmastery,12,10,2
Hahahxd,ragnaros,960,hunter,beastmastery,18,10,8
Dealtqt,ysondre,960,hunter,beastmastery,18,10,8
Bullterrier,ragnaros,960,hunter,beastmastery,18,10,8
Zeanort,nordrassil,960,hunter,beastmastery,24,10,14
Hollyz,auchindoun,960,hunter,beastmastery,24,10,14
Dashiro,drakthul,960,hunter,beastmastery,24,10,14
Миилленниум,howling-fjord,960,hunter,beastmastery,24,10,14
Vhalín,magtheridon,960,hunter,beastmastery,24,10,14
Jwah,tarren-mill,960,hunter,beastmastery,24,10,14
Nennimi,ravencrest,960,hunter,beastmastery,24,10,14
Gitanìlla,dun-modr,960,hunter,beastmastery,30,10,20
Silencxz,aegwynn,960,hunter,beastmastery,30,10,20
Bubby,burning-legion,960,hunter,beastmastery,34,11,23
Rashoumon,zuljin,959,hunter,beastmastery,18,10,8
Dragh,blackrock,959,hunter,beastmastery,18,10,8
Artze,outland,959,hunter,beastmastery,18,10,8
Thebigboom,outland,959,hunter,beastmastery,18,10,8
Thieuu,twisting-nether,959,hunter,beastmastery,18,10,8
Stòkke,stormscale,959,hunter,beastmastery,18,10,8
Dzördzo,kazzak,959,hunter,beastmastery,18,10,8
Bempl,onyxia,959,hunter,beastmastery,24,10,14
Appollo,magtheridon,959,hunter,beastmastery,24,10,14
Mdmalol,malganis,959,hunter,beastmastery,24,10,14
Alée,twisting-nether,959,hunter,beastmastery,30,10,20
Svolatch,blackrock,959,hunter,beastmastery,30,10,20
Rikitikii,burning-legion,958,hunter,beastmastery,15,11,4
Soblazed,twisting-nether,958,hunter,beastmastery,18,10,8
Komesz,ragnaros,958,hunter,beastmastery,18,10,8
Shikar,sanguino,958,hunter,beastmastery,18,10,8
Ritmkesh,draenor,958,hunter,beastmastery,18,10,8
Mahuntah,drakthul,958,hunter,beastmastery,24,10,14
Blainehunts,arathor,958,hunter,beastmastery,36,11,25
Choukzt,archimonde,957,hunter,beastmastery,18,10,8
Therasin,ravenholdt,957,hunter,beastmastery,18,10,8
Khaos,zuluhed,957,hunter,beastmastery,24,10,14
Nandrohunt,dalaran,957,hunter,beastmastery,24,10,14
Skipee,ravencrest,956,hunter,beastmastery,18,10,8
Feerea,burning-legion,956,hunter,beastmastery,24,10,14
Vassiliadis,bronze-dragonflight,956,hunter,beastmastery,30,10,20
Ahsóka,frostwhisper,955,hunter,beastmastery,18,10,8
Vruh,antonidas,955,hunter,beastmastery,18,10,8
Cirenivel,draenor,955,hunter,beastmastery,22,11,11
Beaststeaks,thrall,954,hunter,beastmastery,18,10,8
Rifle,dun-morogh,954,hunter,beastmastery,24,10,14
Herpray,blackmoore,953,hunter,beastmastery,18,10,8
Phillon,blackrock,952,hunter,beastmastery,24,10,14
Radley,conseil-des-ombres,952,hunter,beastmastery,24,10,14
Beefchops,draenor,951,hunter,beastmastery,18,10,8
Darkdexou,defias-brotherhood,951,hunter,beastmastery,18,10,8
Penelopé,darkmoon-faire,951,hunter,beastmastery,55,24,31
Misscreggor,ravencrest,951,hunter,beastmastery,24,10,14
Misfîre,tarren-mill,950,hunter,beastmastery,18,10,8
Zappikhunter,silvermoon,950,hunter,beastmastery,24,10,14
Crittix,kiljaeden,948,hunter,beastmastery,24,10,14
Zarlena,tarren-mill,947,hunter,beastmastery,43,19,24
Jorch,ahnqiraj,946,hunter,beastmastery,18,10,8
Goliathoz,blackmoore,946,hunter,beastmastery,64,34,30
Cernunnos,auchindoun,944,hunter,beastmastery,19,10,9
Lemeric,blackmoore,942,hunter,beastmastery,19,10,9
Deadlysnîpe,antonidas,941,hunter,beastmastery,16,11,5
Xyrone,bladefist,935,hunter,beastmastery,86,42,44
Belgorin,alexstrasza,934,hunter,beastmastery,90,46,44
Dioxis,silvermoon,932,hunter,beastmastery,118,57,61
Utopia,korgall,928,hunter,beastmastery,116,53,63
Towu,archimonde,918,hunter,beastmastery,30,11,19
Stjordal,chamber-of-aspects,917,hunter,beastmastery,63,30,33
Axg,burning-legion,916,hunter,beastmastery,53,21,32
Kronzucker,eredar,914,hunter,beastmastery,36,16,20
Allcollapse,outland,910,hunter,beastmastery,21,11,10
Zorana,twisting-nether,910,hunter,beastmastery,23,10,13
Нью,soulflayer,910,hunter,beastmastery,23,10,13
Bitig,argent-dawn,909,hunter,beastmastery,28,10,18
Mankkis,stormscale,909,hunter,beastmastery,48,14,34
Happyrme,thrall,906,hunter,beastmastery,30,14,16
Bjarnhild,die-aldor,906,hunter,beastmastery,24,11,13
Dafragger,blackmoore,905,hunter,beastmastery,25,12,13
Delazi,proudmoore,905,hunter,beastmastery,30,11,19
Ñava,dalaran,898,hunter,beastmastery,24,11,13
Drogostorm,steamwheedle-cartel,897,hunter,beastmastery,23,11,12
Zoomiesuwu,antonidas,895,hunter,beastmastery,17,10,7
Zimmoo,tarren-mill,895,hunter,beastmastery,48,21,27
Draknik,nemesis,895,hunter,beastmastery,39,10,29
Igotwatuneed,kazzak,894,hunter,beastmastery,24,11,13
Teacee,twisting-nether,894,hunter,beastmastery,29,13,16
Kënshiro,kazzak,893,hunter,beastmastery,20,10,10
Bornum,khaz-modan,892,hunter,beastmastery,31,10,21
Catmother,grim-batol,886,hunter,beastmastery,20,12,8
Kurtanâ,blackmoore,877,hunter,beastmastery,27,10,17
Wodlenprince,draenor,874,hunter,beastmastery,66,14,52
Баззи,grom,866,hunter,beastmastery,121,61,60
Akrepkral,kargath,866,hunter,beastmastery,82,40,42
Ледо,deathguard,864,hunter,beastmastery,12,9,3
Eenel,twisting-nether,864,hunter,beastmastery,12,9,3
Hispanøxd,sanguino,864,hunter,beastmastery,12,9,3
Onlyforfun,ravencrest,864,hunter,beastmastery,12,9,3
Тирин,ashenvale,864,hunter,beastmastery,12,9,3
Kapowz,kazzak,864,hunter,beastmastery,12,9,3
Cryptomars,twisting-nether,864,hunter,beastmastery,18,9,9
Lísy,hyjal,864,hunter,beastmastery,18,9,9
Weoneshot,ravencrest,864,hunter,beastmastery,18,9,9
Orosko,archimonde,864,hunter,beastmastery,18,9,9
Autopilot,aegwynn,864,hunter,beastmastery,18,9,9
Охотницагодх,borean-tundra,864,hunter,beastmastery,18,9,9
Dåo,doomhammer,864,hunter,beastmastery,18,9,9
Flouky,blackmoore,864,hunter,beastmastery,18,9,9
Dwgkia,ravencrest,864,hunter,beastmastery,18,9,9
Chipok,outland,864,hunter,beastmastery,29,11,18
Elionora,kazzak,864,hunter,beastmastery,24,9,15
Hunterstein,archimonde,864,hunter,beastmastery,24,9,15
Valhnir,sanguino,864,hunter,beastmastery,24,9,15
Леоа,howling-fjord,864,hunter,beastmastery,27,10,17
Skeng,xavius,863,hunter,beastmastery,12,9,3
Srvol,dun-modr,863,hunter,beastmastery,12,9,3
Fléxyz,sylvanas,863,hunter,beastmastery,18,9,9
Jahunter,aggra-português,863,hunter,beastmastery,18,9,9
Nillaxy,blackmoore,863,hunter,beastmastery,18,9,9
Iliíilíiílíl,outland,863,hunter,beastmastery,18,9,9
Scräppÿ,kazzak,863,hunter,beastmastery,18,9,9
Aliltoxic,silvermoon,863,hunter,beastmastery,18,9,9
Aryelis,draenor,863,hunter,beastmastery,18,9,9
Сальверди,gordunni,863,hunter,beastmastery,18,9,9
Midist,stormscale,863,hunter,beastmastery,18,9,9
Ванхогер,gordunni,863,hunter,beastmastery,18,9,9
Sgmarine,khaz-modan,863,hunter,beastmastery,18,9,9
Кишмякхант,howling-fjord,863,hunter,beastmastery,18,9,9
Markev,norgannon,863,hunter,beastmastery,18,9,9
Wolfyx,cthun,863,hunter,beastmastery,18,9,9
Reshka,dunemaul,863,hunter,beastmastery,18,9,9
Logales,dragonblight,863,hunter,beastmastery,18,9,9
Sarganno,archimonde,863,hunter,beastmastery,18,9,9
Генрах,soulflayer,863,hunter,beastmastery,18,9,9
Tjodalf,zuluhed,863,hunter,beastmastery,24,9,15
Nettie,arathor,863,hunter,beastmastery,24,9,15
Krâven,ysondre,863,hunter,beastmastery,36,9,27
Xndr,sanguino,862,hunter,beastmastery,12,9,3
Mecamoot,drekthar,862,hunter,beastmastery,18,9,9
Bluffmakarn,silvermoon,862,hunter,beastmastery,18,9,9
Ñápøléóñ,draenor,862,hunter,beastmastery,18,9,9
Vu,shattered-hand,862,hunter,beastmastery,18,9,9
Vyrê,ghostlands,862,hunter,beastmastery,18,9,9
Ecthelione,the-venture-co,862,hunter,beastmastery,24,9,15
Aamön,tarren-mill,862,hunter,beastmastery,24,9,15
Hävenofün,archimonde,862,hunter,beastmastery,30,9,21
Xalh,hyjal,861,hunter,beastmastery,18,9,9
Gamosh,anetheron,861,hunter,beastmastery,24,9,15
Nîco,nathrezim,861,hunter,beastmastery,24,9,15
Petfeelya,antonidas,860,hunter,beastmastery,18,9,9
Steìn,ysondre,860,hunter,beastmastery,24,9,15
Darilli,wildhammer,858,hunter,beastmastery,19,9,10
Hjørnz,stormscale,858,hunter,beastmastery,24,9,15
Rem,zuljin,858,hunter,beastmastery,24,9,15
Mindgap,pozzo-delleternità,858,hunter,beastmastery,24,9,15
Бруксиан,fordragon,857,hunter,beastmastery,19,9,10
Deathcrôwler,shattrath,857,hunter,beastmastery,24,9,15
Oneshotkill,laughing-skull,856,hunter,beastmastery,18,9,9
Biorson,silvermoon,856,hunter,beastmastery,24,9,15
Epheso,daggerspine,856,hunter,beastmastery,24,9,15
Фаталлити,grom,853,hunter,beastmastery,18,9,9
Arrechus,khaz-modan,852,hunter,beastmastery,174,81,93
Scatterinc,antonidas,851,hunter,beastmastery,24,9,15
Zinnady,outland,846,hunter,beastmastery,12,9,3
Зоопсихолог,gordunni,846,hunter,beastmastery,96,47,49
Greenstar,twisting-nether,846,hunter,beastmastery,27,10,17
Гоу,fordragon,843,hunter,beastmastery,30,9,21
Barzti,thrall,842,hunter,beastmastery,24,11,13
Glarco,eldrethalas,838,hunter,beastmastery,18,9,9
Olddèath,archimonde,837,hunter,beastmastery,24,9,15
Venõm,pozzo-delleternità,832,hunter,beastmastery,21,11,10
Deathmarks,blackrock,830,hunter,beastmastery,35,9,26
Võnbødefeld,frostmourne,827,hunter,beastmastery,17,9,8
Dreemshoot,stormscale,826,hunter,beastmastery,17,9,8
Oramar,archimonde,824,hunter,beastmastery,24,9,15
Anoroxx,arthas,815,hunter,beastmastery,17,9,8
Шаурмэ,gordunni,815,hunter,beastmastery,21,9,12
Speartusk,blackhand,813,hunter,beastmastery,23,9,14
Insanepvper,argent-dawn,812,hunter,beastmastery,21,9,12
Кустурица,azuregos,811,hunter,beastmastery,34,9,25
Kreiden,twisting-nether,810,hunter,beastmastery,34,11,23
Iamedward,silvermoon,803,hunter,beastmastery,15,9,6
Legosoldaten,stormscale,800,hunter,beastmastery,16,9,7
Abgeherjoe,antonidas,799,hunter,beastmastery,16,9,7
Colth,hyjal,799,hunter,beastmastery,29,9,20
Slaghunter,argent-dawn,798,hunter,beastmastery,17,9,8
Arkell,los-errantes,797,hunter,beastmastery,18,9,9
Bnji,hyjal,797,hunter,beastmastery,22,9,13
Dorollo,khaz-modan,791,hunter,beastmastery,56,25,31
Rozgnyy,silvermoon,783,hunter,beastmastery,11,9,2
Ceres,kaelthas,783,hunter,beastmastery,19,9,10
Zoo,archimonde,783,hunter,beastmastery,21,9,12
Сяову,gordunni,780,hunter,beastmastery,103,37,66
Marlaska,exodar,774,hunter,beastmastery,139,65,74
Ebobuss,tarren-mill,768,hunter,beastmastery,12,8,4
Papisbae,stormscale,768,hunter,beastmastery,12,8,4
Suffrebobbs,ravencrest,768,hunter,beastmastery,12,8,4
Khyleanxøxø,dun-modr,768,hunter,beastmastery,12,8,4
Focüs,les-sentinelles,768,hunter,beastmastery,12,8,4
Styxht,blackhand,768,hunter,beastmastery,12,8,4
Sejkxi,malganis,768,hunter,beastmastery,12,8,4
Mettämies,twisting-nether,768,hunter,beastmastery,12,8,4
Тоффи,blackscar,768,hunter,beastmastery,12,8,4
Deadshøt,thrall,768,hunter,beastmastery,12,8,4
Synaticx,thrall,768,hunter,beastmastery,18,8,10
Freakyhoe,twisting-nether,768,hunter,beastmastery,18,8,10
Bonobo,dentarg,768,hunter,beastmastery,18,8,10
Myriadx,sylvanas,768,hunter,beastmastery,18,8,10
Vasco,chogall,768,hunter,beastmastery,18,8,10
Ishotharambe,doomhammer,768,hunter,beastmastery,18,8,10
Рафлекс,eversong,768,hunter,beastmastery,18,8,10
Krâýnn,aegwynn,768,hunter,beastmastery,18,8,10
Белатраиса,gordunni,768,hunter,beastmastery,18,8,10
Недостижений,soulflayer,768,hunter,beastmastery,18,8,10
Zy,silvermoon,768,hunter,beastmastery,18,8,10
Páiz,tarren-mill,768,hunter,beastmastery,18,8,10
Leonidazar,draenor,768,hunter,beastmastery,18,8,10
Матопопа,gordunni,768,hunter,beastmastery,18,8,10
Krakenaspect,kazzak,768,hunter,beastmastery,18,8,10
Xalihuntio,ravencrest,768,hunter,beastmastery,18,8,10
Pewpewstuff,draenor,768,hunter,beastmastery,18,8,10
Digital,twisting-nether,768,hunter,beastmastery,21,9,12
Mobshot,twisting-nether,768,hunter,beastmastery,24,8,16
Haihappen,das-konsortium,768,hunter,beastmastery,24,8,16
Stuckstepbro,silvermoon,768,hunter,beastmastery,24,8,16
Ráptør,silvermoon,768,hunter,beastmastery,24,8,16
Mogumogu,blackhand,768,hunter,beastmastery,24,8,16
Джулибуба,howling-fjord,768,hunter,beastmastery,24,8,16
Zárnah,defias-brotherhood,768,hunter,beastmastery,24,8,16
Fridion,argent-dawn,768,hunter,beastmastery,24,8,16
Deepcleaning,kazzak,768,hunter,beastmastery,30,8,22
Huntyadaun,blackrock,767,hunter,beastmastery,12,8,4
Nulldmgmaker,malganis,767,hunter,beastmastery,12,8,4
Kuljaa,ravencrest,767,hunter,beastmastery,12,8,4
Callmepapi,kazzak,767,hunter,beastmastery,12,8,4
Aldra,kelthuzad,767,hunter,beastmastery,12,8,4
Macabremoon,silvermoon,767,hunter,beastmastery,12,8,4
Loydzz,hyjal,767,hunter,beastmastery,12,8,4
Нариса,soulflayer,767,hunter,beastmastery,12,8,4
Nocturr,ragnaros,767,hunter,beastmastery,12,8,4
Awoe,blackrock,767,hunter,beastmastery,12,8,4
Síthrom,blackmoore,767,hunter,beastmastery,12,8,4
Арнесс,deepholm,767,hunter,beastmastery,15,9,6
Венкара,gordunni,767,hunter,beastmastery,18,8,10
Amigosaa,draenor,767,hunter,beastmastery,18,8,10
Blàdê,blackrock,767,hunter,beastmastery,18,8,10
Deathwallker,silvermoon,767,hunter,beastmastery,18,8,10
Kurobi,kazzak,767,hunter,beastmastery,18,8,10
Jónes,dunemaul,767,hunter,beastmastery,18,8,10
Zajebantip,sylvanas,767,hunter,beastmastery,18,8,10
Ângell,kirin-tor,767,hunter,beastmastery,24,8,16
Xiaoly,kaelthas,767,hunter,beastmastery,24,8,16
Yayoo,cthun,767,hunter,beastmastery,24,8,16
Lurigalinda,twisting-nether,767,hunter,beastmastery,24,8,16
Prodanhunts,frostmane,767,hunter,beastmastery,24,8,16
Гунныч,grom,767,hunter,beastmastery,30,8,22
Sørha,chogall,766,hunter,beastmastery,12,8,4
Rdwlf,draenor,766,hunter,beastmastery,18,8,10
Druvnik,zenedar,766,hunter,beastmastery,18,8,10
Birdseye,thrall,766,hunter,beastmastery,18,8,10
Ziday,sargeras,766,hunter,beastmastery,24,8,16
Aluara,burning-legion,766,hunter,beastmastery,24,8,16
Msâka,blackrock,766,hunter,beastmastery,24,8,16
Ratul,pozzo-delleternità,766,hunter,beastmastery,24,8,16
Airtz,ysondre,766,hunter,beastmastery,24,8,16
Aguerex,alleria,766,hunter,beastmastery,24,8,16
Korneatza,twisting-nether,766,hunter,beastmastery,30,8,22
Tiratats,sylvanas,765,hunter,beastmastery,12,8,4
Graniz,archimonde,765,hunter,beastmastery,12,8,4
Rickh,ravencrest,765,hunter,beastmastery,12,8,4
Лузановка,gordunni,765,hunter,beastmastery,18,8,10
Cxc,dun-modr,765,hunter,beastmastery,18,8,10
Mykris,aegwynn,765,hunter,beastmastery,86,34,52
Poine,sylvanas,765,hunter,beastmastery,36,14,22
Castbuny,drakthul,765,hunter,beastmastery,24,8,16
Джэромо,gordunni,765,hunter,beastmastery,24,8,16
Goethe,ravencrest,764,hunter,beastmastery,21,9,12
Killzo,sylvanas,763,hunter,beastmastery,18,8,10
Maríschká,amanthul,763,hunter,beastmastery,18,8,10
Фаусти,gordunni,762,hunter,beastmastery,12,8,4
Furian,der-rat-von-dalaran,762,hunter,beastmastery,18,8,10
Djzntrap,outland,761,hunter,beastmastery,18,8,10
Boompuf,draenor,761,hunter,beastmastery,24,8,16
Aamøn,nemesis,760,hunter,beastmastery,12,8,4
Пушкабомби,soulflayer,760,hunter,beastmastery,106,44,62
Bessa,skullcrusher,760,hunter,beastmastery,24,8,16
Trollhunt,bloodscalp,759,hunter,beastmastery,21,9,12
Talentlos,guldan,759,hunter,beastmastery,29,8,21
Drakar,eredar,758,hunter,beastmastery,24,8,16
Ludo,chogall,757,hunter,beastmastery,58,24,34
Bliss,senjin,756,hunter,beastmastery,12,8,4
Арогорд,gordunni,756,hunter,beastmastery,24,8,16
Топотелло,ashenvale,754,hunter,beastmastery,18,8,10
Sushimän,kaelthas,751,hunter,beastmastery,12,8,4
Franzfuchs,blackmoore,751,hunter,beastmastery,17,8,9
Talija,nathrezim,751,hunter,beastmastery,18,8,10
Pîpî,blackrock,750,hunter,beastmastery,17,10,7
Lynx,garona,750,hunter,beastmastery,50,12,38
Begehunter,sylvanas,740,hunter,beastmastery,18,8,10
Remiss,sanguino,738,hunter,beastmastery,22,10,12
Rivery,azjolnerub,737,hunter,beastmastery,31,11,20
Huntercheese,ravencrest,733,hunter,beastmastery,17,8,9
Kakopaikths,sylvanas,733,hunter,beastmastery,23,8,15
Anesa,lightbringer,728,hunter,beastmastery,21,9,12
Guna,aggra-português,727,hunter,beastmastery,23,8,15
Stayswag,nemesis,718,hunter,beastmastery,21,8,13
Oogyboogy,draenor,718,hunter,beastmastery,23,8,15
Grufflin,bronzebeard,713,hunter,beastmastery,23,8,15
Eéilin,the-maelstrom,708,hunter,beastmastery,26,9,17
Дикийджош,soulflayer,707,hunter,beastmastery,17,9,8
Zevlove,kazzak,703,hunter,beastmastery,20,8,12
Feyoonx,blackrock,703,hunter,beastmastery,23,9,14
Grokis,blackhand,696,hunter,beastmastery,119,49,70
Хантетский,howling-fjord,696,hunter,beastmastery,20,8,12
Huntbeard,aegwynn,695,hunter,beastmastery,22,8,14
Адула,eversong,691,hunter,beastmastery,47,16,31
Attileus,ragnaros,687,hunter,beastmastery,17,8,9
Soulflyer,draenor,687,hunter,beastmastery,19,8,11
Jexxa,draenor,681,hunter,beastmastery,33,9,24
Elledrin,argent-dawn,680,hunter,beastmastery,21,11,10
Mspt,archimonde,672,hunter,beastmastery,12,7,5
Sylvænæs,stormscale,672,hunter,beastmastery,12,7,5
Fatihvahset,stormscale,672,hunter,beastmastery,12,7,5
Kioception,blackrock,672,hunter,beastmastery,12,7,5
Stillflowi,draenor,672,hunter,beastmastery,12,7,5
Зорэллка,soulflayer,672,hunter,beastmastery,12,7,5
Galduhr,silvermoon,672,hunter,beastmastery,12,7,5
Найтсол,greymane,672,hunter,beastmastery,12,7,5
Kdjschgzdsv,archimonde,672,hunter,beastmastery,12,7,5
Hølinkasbabe,blackmoore,672,hunter,beastmastery,12,7,5
Ulfrîc,exodar,672,hunter,beastmastery,12,7,5
Belaux,archimonde,672,hunter,beastmastery,12,7,5
Виралатта,gordunni,672,hunter,beastmastery,12,7,5
Varkiza,sylvanas,672,hunter,beastmastery,12,7,5
Shïndh,archimonde,672,hunter,beastmastery,12,7,5
Beorind,frostwolf,672,hunter,beastmastery,12,7,5
Wodhunterjr,ravencrest,672,hunter,beastmastery,12,7,5
Whiskeylover,outland,672,hunter,beastmastery,12,7,5
Vectør,anachronos,672,hunter,beastmastery,12,7,5
Bowere,kazzak,672,hunter,beastmastery,12,7,5
Clayh,silvermoon,672,hunter,beastmastery,12,7,5
Rânchiêk,ravencrest,672,hunter,beastmastery,12,7,5
Lïîlÿ,ysondre,672,hunter,beastmastery,12,7,5
Eisenhørn,archimonde,672,hunter,beastmastery,12,7,5
Gødcømplêx,ravencrest,672,hunter,beastmastery,12,7,5
Hunttes,nagrand,672,hunter,beastmastery,12,7,5
Ufecläimbe,eredar,672,hunter,beastmastery,12,7,5
Mewithoutyou,ragnaros,672,hunter,beastmastery,12,7,5
Wülfhart,argent-dawn,672,hunter,beastmastery,12,7,5
Razuye,nerathor,672,hunter,beastmastery,12,7,5
Potatobeast,twisting-nether,672,hunter,beastmastery,12,7,5
Exzö,outland,672,hunter,beastmastery,12,7,5
Ahotnik,aegwynn,672,hunter,beastmastery,12,7,5
Alexdi,kazzak,672,hunter,beastmastery,12,7,5
Lambikas,argent-dawn,672,hunter,beastmastery,12,7,5
Haxaids,sylvanas,672,hunter,beastmastery,12,7,5
Zamx,outland,672,hunter,beastmastery,12,7,5
Lultrap,nemesis,672,hunter,beastmastery,12,7,5
Stamzer,drakthul,672,hunter,beastmastery,12,7,5
Загзигзаг,soulflayer,672,hunter,beastmastery,12,7,5
Connyrøvøga,stormscale,672,hunter,beastmastery,12,7,5
Forthehordee,chamber-of-aspects,672,hunter,beastmastery,12,7,5
Bulletride,stormscale,672,hunter,beastmastery,12,7,5
Kissay,blackmoore,672,hunter,beastmastery,12,7,5
Nightvarn,burning-blade,672,hunter,beastmastery,12,7,5
Fôx,frostmane,672,hunter,beastmastery,12,7,5
Nihau,ravencrest,672,hunter,beastmastery,12,7,5
Сашказнаток,azuregos,672,hunter,beastmastery,12,7,5
Marcsman,blackrock,672,hunter,beastmastery,12,7,5
Slejpy,drakthul,672,hunter,beastmastery,12,7,5
Frods,dun-modr,672,hunter,beastmastery,16,8,8
Fyô,outland,672,hunter,beastmastery,15,7,8
Hask,pozzo-delleternità,672,hunter,beastmastery,15,7,8
Дьярэ,gordunni,672,hunter,beastmastery,18,7,11
Düivell,grim-batol,672,hunter,beastmastery,18,7,11
Wödën,argent-dawn,672,hunter,beastmastery,18,7,11
Chïefhunt,twisting-nether,672,hunter,beastmastery,18,7,11
Ромкола,gordunni,672,hunter,beastmastery,18,7,11
Bosessz,ragnaros,672,hunter,beastmastery,18,7,11
Slougshot,archimonde,672,hunter,beastmastery,18,7,11
Тандеркейдж,gordunni,672,hunter,beastmastery,18,7,11
Mårcxb,antonidas,672,hunter,beastmastery,18,7,11
Boybiron,silvermoon,672,hunter,beastmastery,18,7,11
Pilpetra,tarren-mill,672,hunter,beastmastery,18,7,11
Zublime,dragonblight,672,hunter,beastmastery,18,7,11
Svinrbglol,arygos,672,hunter,beastmastery,18,7,11
Бранцо,howling-fjord,672,hunter,beastmastery,18,7,11
Géeked,ravencrest,672,hunter,beastmastery,18,7,11
Goosebite,ravencrest,672,hunter,beastmastery,18,7,11
Sauce,alonsus,672,hunter,beastmastery,18,7,11
Uselessx,kazzak,672,hunter,beastmastery,24,7,17
Hêndricks,eredar,672,hunter,beastmastery,24,7,17
Setyouintrap,ravencrest,672,hunter,beastmastery,24,7,17
Летмимейт,howling-fjord,672,hunter,beastmastery,26,7,19
Cycada,antonidas,671,hunter,beastmastery,12,7,5
Sindørei,lightbringer,671,hunter,beastmastery,12,7,5
Aýsun,kazzak,671,hunter,beastmastery,12,7,5
Taveon,turalyon,671,hunter,beastmastery,12,7,5
Ashryqt,ravencrest,671,hunter,beastmastery,12,7,5
Junqué,sanguino,671,hunter,beastmastery,12,7,5
Бэталол,gordunni,671,hunter,beastmastery,12,7,5
Weedonyhunt,hyjal,671,hunter,beastmastery,12,7,5
Nakepw,stormscale,671,hunter,beastmastery,12,7,5
Døømslayer,nemesis,671,hunter,beastmastery,12,7,5
Doubleoseven,frostmane,671,hunter,beastmastery,12,7,5
Szrek,frostmane,671,hunter,beastmastery,12,7,5
Ragingdragon,turalyon,671,hunter,beastmastery,12,7,5
Yoimdjsebo,twisting-nether,671,hunter,beastmastery,12,7,5
Nith,ungoro,671,hunter,beastmastery,12,7,5
Álfié,ravencrest,671,hunter,beastmastery,18,7,11
Jezaja,draenor,671,hunter,beastmastery,18,7,11
Kaisêl,silvermoon,671,hunter,beastmastery,18,7,11
Lebalaffré,arathi,671,hunter,beastmastery,18,7,11
Dràcula,tarren-mill,671,hunter,beastmastery,18,7,11
Блудитролль,soulflayer,671,hunter,beastmastery,18,7,11
Orian,argent-dawn,671,hunter,beastmastery,18,7,11
Vorthrax,drakthul,671,hunter,beastmastery,18,7,11
Huntness,kazzak,671,hunter,beastmastery,21,7,14
Shakoor,argent-dawn,671,hunter,beastmastery,24,7,17
Løløsifredo,ysondre,671,hunter,beastmastery,24,7,17
Tstigaard,argent-dawn,671,hunter,beastmastery,24,7,17
Èlo,dun-morogh,670,hunter,beastmastery,12,7,5
Hugart,sylvanas,670,hunter,beastmastery,12,7,5
Hoppelchen,blackmoore,670,hunter,beastmastery,12,7,5
Хантмантхант,howling-fjord,670,hunter,beastmastery,12,7,5
Swaffel,draenor,670,hunter,beastmastery,15,8,7
Coxxie,ragnaros,670,hunter,beastmastery,18,7,11
Paradisiaco,sanguino,670,hunter,beastmastery,24,7,17
Gladiátor,kult-der-verdammten,669,hunter,beastmastery,12,7,5
Хантероо,gordunni,669,hunter,beastmastery,14,7,7
Darkhunt,ysondre,669,hunter,beastmastery,18,7,11
Casey,zuluhed,669,hunter,beastmastery,18,7,11
Sackboy,thrall,669,hunter,beastmastery,18,7,11
Nelerias,defias-brotherhood,669,hunter,beastmastery,24,7,17
Asharial,twisting-nether,668,hunter,beastmastery,21,8,13
Arhyah,medivh,668,hunter,beastmastery,24,7,17
Okumo,the-maelstrom,667,hunter,beastmastery,18,7,11
Rollei,uldum,666,hunter,beastmastery,12,7,5
Aroldo,kazzak,665,hunter,beastmastery,12,7,5
Саэсантессис,howling-fjord,665,hunter,beastmastery,18,7,11
Electrastar,illidan,664,hunter,beastmastery,12,7,5
Beerox,ysondre,664,hunter,beastmastery,18,7,11
Winfar,draenor,664,hunter,beastmastery,24,7,17
Yhiyhi,zuljin,663,hunter,beastmastery,12,7,5
Heegal,stormscale,661,hunter,beastmastery,12,7,5
Бодрыйсэм,soulflayer,660,hunter,beastmastery,18,7,11
Petoveri,stormreaver,653,hunter,beastmastery,18,7,11
Akù,magtheridon,653,hunter,beastmastery,23,7,16
Ârhya,ysondre,640,hunter,beastmastery,24,7,17
Хедшоттер,blackscar,638,hunter,beastmastery,26,8,18
Pennyflame,blackmoore,623,hunter,beastmastery,17,7,10
Craná,blackrock,618,hunter,beastmastery,27,8,19
Stukrotka,hellfire,617,hunter,beastmastery,15,7,8
Bigramy,sanguino,617,hunter,beastmastery,28,9,19
Zwergnàse,thrall,616,hunter,beastmastery,23,7,16
Truxp,tarren-mill,608,hunter,beastmastery,16,7,9
Kalá,defias-brotherhood,607,hunter,beastmastery,17,7,10
Rezgor,stormscale,606,hunter,beastmastery,11,7,4
Ôrly,outland,587,hunter,beastmastery,20,7,13
Luke,chromaggus,576,hunter,beastmastery,6,6,0
Curtiss,sanguino,576,hunter,beastmastery,12,6,6
Hidethegun,draenor,576,hunter,beastmastery,12,6,6
Fraps,garona,576,hunter,beastmastery,12,6,6
Therakal,culte-de-la-rive-noire,576,hunter,beastmastery,12,6,6
Bubboo,dun-modr,576,hunter,beastmastery,12,6,6
Skarra,zuljin,576,hunter,beastmastery,12,6,6
Malmet,shattered-hand,576,hunter,beastmastery,12,6,6
Zêrøtwø,draenor,576,hunter,beastmastery,12,6,6
Дэльфис,howling-fjord,576,hunter,beastmastery,12,6,6
Boen,nordrassil,576,hunter,beastmastery,12,6,6
Gréènthumbs,ragnaros,576,hunter,beastmastery,12,6,6
Darkstripe,turalyon,576,hunter,beastmastery,12,6,6
Kartantrax,culte-de-la-rive-noire,576,hunter,beastmastery,12,6,6
Raegal,sanguino,576,hunter,beastmastery,12,6,6
Iuyiuy,dalaran,576,hunter,beastmastery,12,6,6
Hï,eitrigg,576,hunter,beastmastery,12,6,6
Gîsh,burning-legion,576,hunter,beastmastery,12,6,6
Showdope,drakthul,576,hunter,beastmastery,12,6,6
Magicnanø,nemesis,576,hunter,beastmastery,12,6,6
Kaballa,ahnqiraj,576,hunter,beastmastery,12,6,6
Huntzki,tarren-mill,576,hunter,beastmastery,12,6,6
Metalbaci,sylvanas,576,hunter,beastmastery,12,6,6
Burbutsuluki,silvermoon,576,hunter,beastmastery,12,6,6
Guidomista,drakthul,576,hunter,beastmastery,12,6,6
Toptìérgoðx,drakthul,576,hunter,beastmastery,12,6,6
Xðxðxðxðxðxð,sylvanas,576,hunter,beastmastery,12,6,6
Double,sylvanas,576,hunter,beastmastery,12,6,6
Efficíent,auchindoun,576,hunter,beastmastery,12,6,6
Jannolafrite,ysondre,576,hunter,beastmastery,12,6,6
Bierbjörn,eredar,576,hunter,beastmastery,12,6,6
Hattoro,drakthul,576,hunter,beastmastery,12,6,6
Poke,aggra-português,576,hunter,beastmastery,12,6,6
Niedzwiedzor,silvermoon,576,hunter,beastmastery,12,6,6
Келентори,gordunni,576,hunter,beastmastery,12,6,6
Cítyzens,drakthul,576,hunter,beastmastery,12,6,6
Lökout,twilights-hammer,576,hunter,beastmastery,12,6,6
Flecheoeil,hyjal,576,hunter,beastmastery,12,6,6
Vepzen,haomarush,576,hunter,beastmastery,12,6,6
Nagu,antonidas,576,hunter,beastmastery,12,6,6
Стёпкахант,gordunni,576,hunter,beastmastery,12,6,6
Astair,hyjal,576,hunter,beastmastery,12,6,6
Ówl,silvermoon,576,hunter,beastmastery,12,6,6
Ptithoms,hyjal,576,hunter,beastmastery,12,6,6
Koffh,argent-dawn,576,hunter,beastmastery,12,6,6
Pareîa,alexstrasza,576,hunter,beastmastery,12,6,6
Зеленыйиисус,gordunni,576,hunter,beastmastery,12,6,6
Fogknows,ravencrest,576,hunter,beastmastery,12,6,6
Дайсё,soulflayer,576,hunter,beastmastery,12,6,6
Массовик,blackscar,576,hunter,beastmastery,12,6,6
Batony,ravencrest,576,hunter,beastmastery,12,6,6
Batcool,tarren-mill,576,hunter,beastmastery,12,6,6
Razoorine,blackrock,576,hunter,beastmastery,12,6,6
Maverz,blackhand,576,hunter,beastmastery,12,6,6
Xiviora,archimonde,576,hunter,beastmastery,12,6,6
Мишечкатоп,gordunni,576,hunter,beastmastery,12,6,6
Максиммужик,soulflayer,576,hunter,beastmastery,12,6,6
Healscare,dalaran,576,hunter,beastmastery,16,7,9
Ñibiru,archimonde,576,hunter,beastmastery,21,7,14
Wetto,ravencrest,576,hunter,beastmastery,18,6,12
Huntarbeît,eredar,576,hunter,beastmastery,18,6,12
Realme,blackrock,576,hunter,beastmastery,18,6,12
Bloodpanter,ragnaros,576,hunter,beastmastery,18,6,12
Suisiide,antonidas,576,hunter,beastmastery,18,6,12
Headhunterzz,dun-modr,576,hunter,beastmastery,18,6,12
Azrhu,ravencrest,576,hunter,beastmastery,18,6,12
Nerøz,ravencrest,576,hunter,beastmastery,18,6,12
Exwifey,ravencrest,576,hunter,beastmastery,18,6,12
Disyö,kazzak,576,hunter,beastmastery,18,6,12
Fotmspec,tarren-mill,576,hunter,beastmastery,18,6,12
Свадебная,gordunni,576,hunter,beastmastery,18,6,12
Safnirxx,tarren-mill,576,hunter,beastmastery,18,6,12
Qsun,auchindoun,576,hunter,beastmastery,18,6,12
Матанал,gordunni,576,hunter,beastmastery,18,6,12
Kayoo,stormscale,576,hunter,beastmastery,18,6,12
Pergola,spinebreaker,576,hunter,beastmastery,18,6,12
Седактив,grom,576,hunter,beastmastery,27,7,20
Сексишмекс,soulflayer,576,hunter,beastmastery,24,6,18
Mævis,ravencrest,576,hunter,beastmastery,24,6,18
Rheyl,dun-morogh,576,hunter,beastmastery,30,6,24
Nosfuratu,stormscale,575,hunter,beastmastery,12,6,6
Абунай,soulflayer,575,hunter,beastmastery,12,6,6
Jooetheman,stormscale,575,hunter,beastmastery,12,6,6
Труласек,blackscar,575,hunter,beastmastery,12,6,6
Haggy,die-nachtwache,575,hunter,beastmastery,12,6,6
Blacksyo,elune,575,hunter,beastmastery,12,6,6
Нагито,galakrond,575,hunter,beastmastery,12,6,6
Truedetectiv,aggramar,575,hunter,beastmastery,12,6,6
Deôrro,twisting-nether,575,hunter,beastmastery,12,6,6
Kairrux,twisting-nether,575,hunter,beastmastery,12,6,6
Iddqd,outland,575,hunter,beastmastery,12,6,6
Mentera,doomhammer,575,hunter,beastmastery,12,6,6
Hunteriye,twisting-nether,575,hunter,beastmastery,12,6,6
Splodge,kazzak,575,hunter,beastmastery,12,6,6
Kaktus,shattered-hand,575,hunter,beastmastery,12,6,6
Tukezz,outland,575,hunter,beastmastery,12,6,6
Ghanik,draenor,575,hunter,beastmastery,12,6,6
Bolgroth,balnazzar,575,hunter,beastmastery,12,6,6
Gløbi,malfurion,575,hunter,beastmastery,12,6,6
Hardo,guldan,575,hunter,beastmastery,12,6,6
Jimpage,eredar,575,hunter,beastmastery,12,6,6
Ipad,cthun,575,hunter,beastmastery,12,6,6
Hunterizi,silvermoon,575,hunter,beastmastery,12,6,6
Robingood,alexstrasza,575,hunter,beastmastery,12,6,6
Eyetto,dun-modr,575,hunter,beastmastery,12,6,6
Sylphie,dalaran,575,hunter,beastmastery,18,6,12
Hitray,stormscale,575,hunter,beastmastery,18,6,12
Piit,elune,575,hunter,beastmastery,18,6,12
Maxtozer,silvermoon,575,hunter,beastmastery,18,6,12
Ølympx,blackhand,575,hunter,beastmastery,18,6,12
Ápêx,ravencrest,575,hunter,beastmastery,18,6,12
Øï,outland,575,hunter,beastmastery,18,6,12
Täpy,arathor,575,hunter,beastmastery,18,6,12
Ketator,archimonde,574,hunter,beastmastery,12,6,6
Losc,blackrock,574,hunter,beastmastery,12,6,6
Musjägaretvå,silvermoon,574,hunter,beastmastery,15,7,8
Mizumi,frostmane,574,hunter,beastmastery,18,6,12
Kannon,twisting-nether,574,hunter,beastmastery,18,6,12
Вентрана,gordunni,574,hunter,beastmastery,18,6,12
Örrn,ragnaros,574,hunter,beastmastery,18,6,12
Talmïr,archimonde,574,hunter,beastmastery,24,6,18
Ranrôk,rexxar,573,hunter,beastmastery,12,6,6
Cliff,kiljaeden,572,hunter,beastmastery,30,6,24
Jsâ,blackmoore,571,hunter,beastmastery,12,6,6
Corrwus,argent-dawn,570,hunter,beastmastery,18,6,12
Merodin,nerathor,569,hunter,beastmastery,18,6,12
Кеоки,soulflayer,569,hunter,beastmastery,18,6,12
Zahgrug,aerie-peak,568,hunter,beastmastery,12,6,6
Олькахант,galakrond,568,hunter,beastmastery,12,6,6
Bloodxx,ragnaros,568,hunter,beastmastery,18,6,12
Hixia,archimonde,559,hunter,beastmastery,11,6,5
Béarrockx,alleria,543,hunter,beastmastery,11,6,5
Egoshôoter,eredar,543,hunter,beastmastery,14,7,7
Åånei,twisting-nether,528,hunter,beastmastery,15,6,9
Archfiend,stormscale,527,hunter,beastmastery,11,6,5
Dybhalsma,outland,527,hunter,beastmastery,11,6,5
Kukenisluken,stormscale,527,hunter,beastmastery,11,6,5
Braatski,stormscale,526,hunter,beastmastery,18,7,11
Raxxic,eredar,512,hunter,beastmastery,10,6,4
Buzzle,sylvanas,512,hunter,beastmastery,22,6,16
Sacroz,frostwhisper,510,hunter,beastmastery,20,6,14
Gnomslakter,ragnaros,509,hunter,beastmastery,16,6,10
Nefroo,defias-brotherhood,505,hunter,beastmastery,11,6,5
Notrapnaga,stormscale,480,hunter,beastmastery,6,5,1
Pantherovich,ravencrest,480,hunter,beastmastery,6,5,1
Sunyjuyono,ravencrest,480,hunter,beastmastery,6,5,1
Wellocérapt,confrérie-du-thorium,480,hunter,beastmastery,6,5,1
Sheeya,argent-dawn,480,hunter,beastmastery,6,5,1
Techpoint,silvermoon,480,hunter,beastmastery,6,5,1
Qaedri,kazzak,480,hunter,beastmastery,6,5,1
Мунмейстер,blackscar,480,hunter,beastmastery,6,5,1
Connyrövöga,draenor,480,hunter,beastmastery,6,5,1
Dogliz,stormscale,480,hunter,beastmastery,6,5,1
Jinxbomber,draenor,480,hunter,beastmastery,6,5,1
Smokerofweed,kazzak,480,hunter,beastmastery,6,5,1
Huntourd,eredar,480,hunter,beastmastery,6,5,1
Badboyxoxo,stormscale,480,hunter,beastmastery,6,5,1
Tøkÿöghøül,ravencrest,480,hunter,beastmastery,7,5,2
Deenkz,ravencrest,480,hunter,beastmastery,9,6,3
Peppiz,ragnaros,480,hunter,beastmastery,12,5,7
Benjtrapgodx,antonidas,480,hunter,beastmastery,12,5,7
Noraka,blackrock,480,hunter,beastmastery,12,5,7
Notley,thrall,480,hunter,beastmastery,12,5,7
Chalid,aegwynn,480,hunter,beastmastery,12,5,7
Quoicoubèh,hyjal,480,hunter,beastmastery,12,5,7
Eredark,zuljin,480,hunter,beastmastery,12,5,7
Waneìs,stormscale,480,hunter,beastmastery,12,5,7
Shimzz,twisting-nether,480,hunter,beastmastery,12,5,7
Jimbowjones,antonidas,480,hunter,beastmastery,12,5,7
Nashanael,argent-dawn,480,hunter,beastmastery,12,5,7
Elvenian,twisting-nether,480,hunter,beastmastery,12,5,7
Mjkhunt,tarren-mill,480,hunter,beastmastery,12,5,7
Crasharrow,stormscale,480,hunter,beastmastery,12,5,7
Klèo,frostwhisper,480,hunter,beastmastery,12,5,7
Maruxs,dun-modr,480,hunter,beastmastery,12,5,7
Китас,soulflayer,480,hunter,beastmastery,12,5,7
Stónéyyx,azjolnerub,480,hunter,beastmastery,12,5,7
Yésdave,stormscale,480,hunter,beastmastery,12,5,7
Yamadorî,blackrock,480,hunter,beastmastery,12,5,7
Bubbahubba,ragnaros,480,hunter,beastmastery,12,5,7
Feelmyfurý,tarren-mill,480,hunter,beastmastery,12,5,7
Bojestemrudy,outland,480,hunter,beastmastery,12,5,7
Ðìløx,ysondre,480,hunter,beastmastery,12,5,7
Zrijad,draenor,480,hunter,beastmastery,12,5,7
Kongharald,ravencrest,480,hunter,beastmastery,12,5,7
Hiff,burning-legion,480,hunter,beastmastery,12,5,7
Søtyz,dalaran,480,hunter,beastmastery,12,5,7
Dordok,ysondre,480,hunter,beastmastery,12,5,7
Katsa,ragnaros,480,hunter,beastmastery,12,5,7
Темпеест,gordunni,480,hunter,beastmastery,12,5,7
Келкузд,howling-fjord,480,hunter,beastmastery,12,5,7
Квит,blackscar,480,hunter,beastmastery,12,5,7
Bloodymarìe,kelthuzad,480,hunter,beastmastery,12,5,7
Khort,twisting-nether,480,hunter,beastmastery,12,5,7
Aleina,dentarg,480,hunter,beastmastery,12,5,7
Chase,wildhammer,480,hunter,beastmastery,12,5,7
Kanzlerkohl,frostwolf,480,hunter,beastmastery,12,5,7
Нитидон,howling-fjord,480,hunter,beastmastery,12,5,7
Sxmphxny,argent-dawn,480,hunter,beastmastery,12,5,7
Анастазис,soulflayer,480,hunter,beastmastery,12,5,7
Darkdrais,archimonde,480,hunter,beastmastery,12,5,7
Хихихихх,gordunni,480,hunter,beastmastery,12,5,7
Palomo,argent-dawn,480,hunter,beastmastery,12,5,7
Naposin,ragnaros,480,hunter,beastmastery,12,5,7
Juniorm,kazzak,480,hunter,beastmastery,12,5,7
Sarhina,draenor,480,hunter,beastmastery,12,5,7
Джеймсфранко,blackscar,480,hunter,beastmastery,12,5,7
Drandra,tarren-mill,480,hunter,beastmastery,12,5,7
Dyve,antonidas,480,hunter,beastmastery,12,5,7
Spazi,kazzak,480,hunter,beastmastery,12,5,7
Zithis,argent-dawn,480,hunter,beastmastery,12,5,7
Sharkeater,outland,480,hunter,beastmastery,12,5,7
Trapyoubro,blackrock,480,hunter,beastmastery,12,5,7
Вуйчеч,howling-fjord,480,hunter,beastmastery,12,5,7
Jins,illidan,480,hunter,beastmastery,12,5,7
Elðer,dentarg,480,hunter,beastmastery,16,6,10
Lepap,arygos,480,hunter,beastmastery,17,5,12
Abendstern,silvermoon,480,hunter,beastmastery,18,5,13
Stomugromova,ragnaros,480,hunter,beastmastery,18,5,13
Schwen,grim-batol,480,hunter,beastmastery,18,5,13
Chrishyh,blackrock,480,hunter,beastmastery,18,5,13
Duaij,outland,480,hunter,beastmastery,18,5,13
Tylahnem,hyjal,480,hunter,beastmastery,18,5,13
Begøne,draenor,480,hunter,beastmastery,18,5,13
Artexxia,kazzak,479,hunter,beastmastery,6,5,1
Скримзх,gordunni,479,hunter,beastmastery,6,5,1
Möttii,blackrock,479,hunter,beastmastery,6,5,1
Енвина,gordunni,479,hunter,beastmastery,12,5,7
Droubidi,garona,479,hunter,beastmastery,12,5,7
Baldazr,shadowsong,479,hunter,beastmastery,12,5,7
Ivanrockstar,draenor,479,hunter,beastmastery,12,5,7
Живучийорех,gordunni,479,hunter,beastmastery,12,5,7
Jana,ragnaros,479,hunter,beastmastery,12,5,7
Slett,twisting-nether,479,hunter,beastmastery,12,5,7
Hallem,karazhan,479,hunter,beastmastery,12,5,7
Swïtchz,hyjal,479,hunter,beastmastery,12,5,7
Ninjaskillss,ravencrest,479,hunter,beastmastery,12,5,7
Arielowy,doomhammer,479,hunter,beastmastery,18,5,13
Ceedlulz,antonidas,479,hunter,beastmastery,18,5,13
Snots,stormscale,479,hunter,beastmastery,18,5,13
Itssharpwall,stormscale,479,hunter,beastmastery,24,5,19
Kepâssa,ysondre,478,hunter,beastmastery,12,5,7
Добрыйклыкач,gordunni,478,hunter,beastmastery,12,5,7
Oldrocker,sylvanas,478,hunter,beastmastery,18,5,13
Bladius,ragnaros,478,hunter,beastmastery,24,5,19
Спиночух,lich-king,477,hunter,beastmastery,12,5,7
Bammbammx,twisting-nether,476,hunter,beastmastery,12,5,7
Ghostaim,kazzak,475,hunter,beastmastery,10,6,4
Alunite,sporeggar,475,hunter,beastmastery,12,5,7
Asca,eldrethalas,475,hunter,beastmastery,18,5,13
Ferax,alleria,472,hunter,beastmastery,12,5,7
Ahilleaa,aegwynn,472,hunter,beastmastery,12,5,7
Aryaae,les-clairvoyants,472,hunter,beastmastery,13,5,8
Dorkis,sanguino,463,hunter,beastmastery,11,5,6
Ruhen,aegwynn,463,hunter,beastmastery,11,5,6
Tiguy,archimonde,462,hunter,beastmastery,23,5,18
Momohenní,archimonde,448,hunter,beastmastery,10,5,5
Kabedon,drakthul,448,hunter,beastmastery,16,5,11
Artemmis,tarren-mill,447,hunter,beastmastery,11,5,6
Slide,dalaran,446,hunter,beastmastery,11,5,6
Prebranatz,the-shatar,432,hunter,beastmastery,15,5,10
Lovecjelenu,drakthul,431,hunter,beastmastery,11,5,6
Dis,twilights-hammer,431,hunter,beastmastery,11,5,6
Såvëâmäzøñíà,stormscale,431,hunter,beastmastery,11,5,6
Devilmilo,khaz-modan,429,hunter,beastmastery,9,5,4
Sarnak,thrall,416,hunter,beastmastery,10,5,5
Valamié,stormscale,415,hunter,beastmastery,8,5,3
Yasopp,draenor,415,hunter,beastmastery,8,5,3
Topbow,talnivarr,415,hunter,beastmastery,10,5,5
Darkshe,dun-modr,415,hunter,beastmastery,14,5,9
Elíonora,kazzak,400,hunter,beastmastery,7,5,2
Murkek,drakthul,384,hunter,beastmastery,6,4,2
Schwabbels,silvermoon,384,hunter,beastmastery,6,4,2
Zsara,ravencrest,384,hunter,beastmastery,6,4,2
Marksmaniak,ysondre,384,hunter,beastmastery,6,4,2
Evílíckxøxø,ravencrest,384,hunter,beastmastery,6,4,2
Sín,kirin-tor,384,hunter,beastmastery,6,4,2
Hetzenauer,nathrezim,384,hunter,beastmastery,6,4,2
Барногор,gordunni,384,hunter,beastmastery,6,4,2
Nomorepain,outland,384,hunter,beastmastery,6,4,2
Elonyr,sanguino,384,hunter,beastmastery,6,4,2
Nihae,drakthul,384,hunter,beastmastery,6,4,2
Няшуличка,gordunni,384,hunter,beastmastery,6,4,2
Вандамос,soulflayer,384,hunter,beastmastery,6,4,2
Ihsie,eredar,384,hunter,beastmastery,6,4,2
Mclooving,runetotem,384,hunter,beastmastery,6,4,2
Arellia,blackmoore,384,hunter,beastmastery,6,4,2
Kyarin,draenor,384,hunter,beastmastery,6,4,2
Mestar,outland,384,hunter,beastmastery,6,4,2
Robbingyou,tarren-mill,384,hunter,beastmastery,6,4,2
Sambucamasta,draenor,384,hunter,beastmastery,6,4,2
Noux,stormscale,384,hunter,beastmastery,6,4,2
Hakamael,kirin-tor,384,hunter,beastmastery,6,4,2
Djurmästaren,ravencrest,384,hunter,beastmastery,6,4,2
Ðøpèz,frostwolf,384,hunter,beastmastery,6,4,2
Garratha,burning-legion,384,hunter,beastmastery,6,4,2
Bæbækk,frostmane,384,hunter,beastmastery,6,4,2
Mórz,magtheridon,384,hunter,beastmastery,6,4,2
Jordlol,hellscream,384,hunter,beastmastery,6,4,2
Поторопись,gordunni,384,hunter,beastmastery,6,4,2
Moelester,eredar,384,hunter,beastmastery,6,4,2
Thursty,twisting-nether,384,hunter,beastmastery,6,4,2
Evengance,dragonblight,384,hunter,beastmastery,6,4,2
Ôrïøn,archimonde,384,hunter,beastmastery,6,4,2
Rollingpork,silvermoon,384,hunter,beastmastery,6,4,2
Mothmanx,kazzak,384,hunter,beastmastery,6,4,2
Bohemond,stormrage,384,hunter,beastmastery,6,4,2
Balamut,aegwynn,384,hunter,beastmastery,6,4,2
Патапум,deathguard,384,hunter,beastmastery,6,4,2
Khregan,aerie-peak,384,hunter,beastmastery,6,4,2
Sindaro,kazzak,384,hunter,beastmastery,6,4,2
Zyprix,blackrock,384,hunter,beastmastery,6,4,2
Celebor,sanguino,384,hunter,beastmastery,6,4,2
Szybky,defias-brotherhood,384,hunter,beastmastery,6,4,2
Кайсго,gordunni,384,hunter,beastmastery,6,4,2
Zanéy,ravencrest,384,hunter,beastmastery,6,4,2
Fajitax,lightbringer,384,hunter,beastmastery,6,4,2
Machinedream,sylvanas,384,hunter,beastmastery,6,4,2
Lávender,magtheridon,384,hunter,beastmastery,6,4,2
Вихтриэль,gordunni,384,hunter,beastmastery,6,4,2
Oobe,hyjal,384,hunter,beastmastery,6,4,2
Chindaliña,zuljin,384,hunter,beastmastery,6,4,2
Ntguilty,blackrock,384,hunter,beastmastery,6,4,2
Zbyrkana,neptulon,384,hunter,beastmastery,6,4,2
Bãldur,ravencrest,384,hunter,beastmastery,6,4,2
Wristflex,kazzak,384,hunter,beastmastery,6,4,2
Ahrtemís,destromath,384,hunter,beastmastery,6,4,2
Шадоуселект,howling-fjord,384,hunter,beastmastery,6,4,2
Thromkhar,sanguino,384,hunter,beastmastery,6,4,2
Кривоватый,galakrond,384,hunter,beastmastery,6,4,2
Саняприцел,howling-fjord,384,hunter,beastmastery,6,4,2
Riema,ragnaros,384,hunter,beastmastery,6,4,2
Vïcødïnë,sinstralis,384,hunter,beastmastery,6,4,2
Разплюханка,howling-fjord,384,hunter,beastmastery,6,4,2
Stingarrow,stormscale,384,hunter,beastmastery,6,4,2
Ещёвмете,blackscar,384,hunter,beastmastery,6,4,2
Psychotik,dalaran,384,hunter,beastmastery,6,4,2
Missmytraps,stormscale,384,hunter,beastmastery,6,4,2
Апельсинчес,howling-fjord,384,hunter,beastmastery,6,4,2
Kàisèr,shendralar,384,hunter,beastmastery,6,4,2
Трисциллочка,howling-fjord,384,hunter,beastmastery,6,4,2
Ghõst,frostmane,384,hunter,beastmastery,6,4,2
Quasarx,draenor,384,hunter,beastmastery,9,5,4
Lancer,aggra-português,384,hunter,beastmastery,12,6,6
Pson,draenor,384,hunter,beastmastery,10,5,5
Khanö,twisting-nether,384,hunter,beastmastery,12,4,8
Penehuntos,eredar,384,hunter,beastmastery,12,4,8
Xavers,outland,384,hunter,beastmastery,12,4,8
Nßatrapper,outland,384,hunter,beastmastery,12,4,8
Catman,stormreaver,384,hunter,beastmastery,12,4,8
Korkyra,outland,384,hunter,beastmastery,12,4,8
Teddybeardo,stormscale,384,hunter,beastmastery,12,4,8
Horxxa,kul-tiras,384,hunter,beastmastery,12,4,8
Monnee,outland,384,hunter,beastmastery,12,4,8
Malromero,outland,384,hunter,beastmastery,12,4,8
Brønkø,azshara,384,hunter,beastmastery,12,4,8
Bobtroll,twisting-nether,384,hunter,beastmastery,12,4,8
Khyleanqt,dun-modr,384,hunter,beastmastery,12,4,8
Sloter,stormscale,384,hunter,beastmastery,12,4,8
Fritzi,outland,384,hunter,beastmastery,12,4,8
Biciclentiu,twisting-nether,384,hunter,beastmastery,12,4,8
Tusibi,dalaran,384,hunter,beastmastery,12,4,8
Вейзу,ashenvale,384,hunter,beastmastery,12,4,8
Lexayah,twisting-nether,384,hunter,beastmastery,12,4,8
Trollohunt,twisting-nether,384,hunter,beastmastery,12,4,8
Valomeere,tarren-mill,384,hunter,beastmastery,12,4,8
Chui,twisting-nether,384,hunter,beastmastery,12,4,8
Focùs,eredar,384,hunter,beastmastery,12,4,8
Somethíngmad,stormscale,384,hunter,beastmastery,12,4,8
Katana,stormreaver,384,hunter,beastmastery,12,4,8
Zynga,sylvanas,384,hunter,beastmastery,12,4,8
Dissectiøn,hyjal,384,hunter,beastmastery,12,4,8
Sîriell,arthas,384,hunter,beastmastery,12,4,8
Zippyzen,twisting-nether,384,hunter,beastmastery,12,4,8
Örjans,tarren-mill,384,hunter,beastmastery,12,4,8
Tøixøna,tyrande,384,hunter,beastmastery,12,4,8
Staynador,turalyon,384,hunter,beastmastery,12,4,8
Zakert,zuljin,384,hunter,beastmastery,12,4,8
Серцебиение,soulflayer,384,hunter,beastmastery,12,4,8
Варсор,soulflayer,384,hunter,beastmastery,12,4,8
Killstreak,magtheridon,384,hunter,beastmastery,12,4,8
Neocb,ravencrest,384,hunter,beastmastery,12,4,8
Бочонок,goldrinn,384,hunter,beastmastery,12,4,8
Rockshredder,ravencrest,384,hunter,beastmastery,12,4,8
Navarro,nemesis,384,hunter,beastmastery,12,4,8
Дэлмор,greymane,384,hunter,beastmastery,12,4,8
Sharpeneye,ragnaros,384,hunter,beastmastery,12,4,8
Mógwaí,stormscale,384,hunter,beastmastery,12,4,8
Nastynutshot,stormscale,384,hunter,beastmastery,12,4,8
Nizzoz,blackmoore,384,hunter,beastmastery,12,4,8
Thekev,ravencrest,384,hunter,beastmastery,12,4,8
Thérón,ravencrest,384,hunter,beastmastery,12,4,8
Donbonz,blackmoore,384,hunter,beastmastery,12,4,8
Marzenielas,silvermoon,384,hunter,beastmastery,12,4,8
Hattorisama,ghostlands,384,hunter,beastmastery,12,4,8
Амадаре,howling-fjord,384,hunter,beastmastery,12,4,8
Sjufemman,ravencrest,384,hunter,beastmastery,12,4,8
Grigur,dalaran,384,hunter,beastmastery,12,4,8
Aléxy,sanguino,384,hunter,beastmastery,12,4,8
Petshopbøy,veklor,384,hunter,beastmastery,13,4,9
Дланьгоспода,soulflayer,384,hunter,beastmastery,13,4,9
Mélovéa,sinstralis,384,hunter,beastmastery,18,4,14
Darts,outland,384,hunter,beastmastery,18,4,14
Kayvaal,kaelthas,384,hunter,beastmastery,18,4,14
Bemtistaru,draenor,384,hunter,beastmastery,18,4,14
Tervueren,burning-blade,384,hunter,beastmastery,18,4,14
Gps,twilights-hammer,384,hunter,beastmastery,18,4,14
Jelezenchuk,outland,383,hunter,beastmastery,6,4,2
Xscaper,twilights-hammer,383,hunter,beastmastery,6,4,2
Lyute,draenor,383,hunter,beastmastery,6,4,2
Whyareurunin,silvermoon,383,hunter,beastmastery,6,4,2
Resonate,stormreaver,383,hunter,beastmastery,6,4,2
Beastmaster,ragnaros,383,hunter,beastmastery,12,4,8
Aaxecute,silvermoon,383,hunter,beastmastery,12,4,8
Зукипер,borean-tundra,383,hunter,beastmastery,12,4,8
Luvnoc,hyjal,383,hunter,beastmastery,12,4,8
Doguago,draenor,383,hunter,beastmastery,12,4,8
Steez,hyjal,383,hunter,beastmastery,12,4,8
Greenhorned,antonidas,383,hunter,beastmastery,12,4,8
Enerhunt,ysondre,383,hunter,beastmastery,12,4,8
Lalluna,malganis,383,hunter,beastmastery,12,4,8
Huntseeker,draenor,383,hunter,beastmastery,12,4,8
Machini,terokkar,383,hunter,beastmastery,17,4,13
Mugiwaras,eldrethalas,383,hunter,beastmastery,18,4,14
Neuwi,stormreaver,382,hunter,beastmastery,12,4,8
Яугеныч,blackscar,381,hunter,beastmastery,12,4,8
Sanite,dun-morogh,381,hunter,beastmastery,12,4,8
Jolox,blackrock,379,hunter,beastmastery,12,4,8
Thelasiel,aerie-peak,379,hunter,beastmastery,14,4,10
Uab,dun-morogh,371,hunter,beastmastery,24,4,20
Стрижкакаре,soulflayer,367,hunter,beastmastery,11,4,7
Crostaws,terokkar,351,hunter,beastmastery,11,4,7
Zakos,kirin-tor,351,hunter,beastmastery,17,4,13
Jaszczomp,magtheridon,350,hunter,beastmastery,16,4,12
Meridià,malorne,336,hunter,beastmastery,9,4,5
Harpers,kazzak,336,hunter,beastmastery,15,4,11
Itzcritch,tarren-mill,330,hunter,beastmastery,14,5,9
Skyh,outland,330,hunter,beastmastery,16,5,11
Foxielove,ghostlands,330,hunter,beastmastery,18,5,13
Diablohuntt,burning-legion,330,hunter,beastmastery,27,5,22
Random,sylvanas,320,hunter,beastmastery,14,5,9
Ozunâ,blackmoore,318,hunter,beastmastery,24,8,16
Greinktar,archimonde,317,hunter,beastmastery,10,4,6
Mooj,malganis,288,hunter,beastmastery,6,3,3
Dashaft,kazzak,288,hunter,beastmastery,6,3,3
Ostia,stormscale,288,hunter,beastmastery,6,3,3
Рофшор,gordunni,288,hunter,beastmastery,6,3,3
Lûnelle,argent-dawn,288,hunter,beastmastery,6,3,3
Оркос,deathweaver,288,hunter,beastmastery,6,3,3
Daela,elune,288,hunter,beastmastery,6,3,3
Saîtek,chogall,288,hunter,beastmastery,6,3,3
Whitehor,ragnaros,288,hunter,beastmastery,6,3,3
Zoophobiaqt,silvermoon,288,hunter,beastmastery,6,3,3
Akahr,thrall,288,hunter,beastmastery,6,3,3
Shtooko,conseil-des-ombres,288,hunter,beastmastery,6,3,3
Delaghettoo,kilrogg,288,hunter,beastmastery,6,3,3
Foxyyo,emerald-dream,288,hunter,beastmastery,6,3,3
Kanwfulldmg,stormscale,288,hunter,beastmastery,6,3,3
Prurt,pozzo-delleternità,288,hunter,beastmastery,6,3,3
Козладой,gordunni,288,hunter,beastmastery,6,3,3
Tuturz,la-croisade-écarlate,288,hunter,beastmastery,6,3,3
Кромен,eversong,288,hunter,beastmastery,6,3,3
Боураш,gordunni,288,hunter,beastmastery,6,3,3
Микихаса,galakrond,288,hunter,beastmastery,6,3,3
Колтрэйнборз,blackscar,288,hunter,beastmastery,6,3,3
Varøsch,thrall,288,hunter,beastmastery,6,3,3
Bârli,amanthul,288,hunter,beastmastery,6,3,3
Кискавтесте,gordunni,288,hunter,beastmastery,6,3,3
Onacid,tarren-mill,288,hunter,beastmastery,6,3,3
Люциферо,goldrinn,288,hunter,beastmastery,6,3,3
Скукота,grom,288,hunter,beastmastery,6,3,3
Kyudoka,sylvanas,288,hunter,beastmastery,6,3,3
Topgrill,stormscale,288,hunter,beastmastery,6,3,3
Birdwatcher,kazzak,288,hunter,beastmastery,6,3,3
Kondirox,twisting-nether,288,hunter,beastmastery,6,3,3
Enthur,sylvanas,288,hunter,beastmastery,6,3,3
Arsola,sylvanas,288,hunter,beastmastery,6,3,3
Katzchen,burning-legion,288,hunter,beastmastery,6,3,3
Râkim,blackmoore,288,hunter,beastmastery,6,3,3
Shedzargo,twisting-nether,288,hunter,beastmastery,6,3,3
Zdravkomamic,kazzak,288,hunter,beastmastery,6,3,3
Kronkh,nemesis,288,hunter,beastmastery,6,3,3
Демела,gordunni,288,hunter,beastmastery,6,3,3
Calyssae,shattered-halls,288,hunter,beastmastery,6,3,3
Sugutor,malfurion,288,hunter,beastmastery,6,3,3
Frendo,stormscale,288,hunter,beastmastery,6,3,3
Sebikh,ravencrest,288,hunter,beastmastery,6,3,3
Janoh,dalaran,288,hunter,beastmastery,6,3,3
Kíllshot,blades-edge,288,hunter,beastmastery,6,3,3
Lioneli,sylvanas,288,hunter,beastmastery,6,3,3
Nothrokh,auchindoun,288,hunter,beastmastery,6,3,3
Tonttulul,draenor,288,hunter,beastmastery,6,3,3
Killkekmand,ravencrest,288,hunter,beastmastery,6,3,3
Barrybigtoe,tarren-mill,288,hunter,beastmastery,6,3,3
Pispirelul,ravencrest,288,hunter,beastmastery,6,3,3
Будкусломаю,grom,288,hunter,beastmastery,6,3,3
Teasyh,sylvanas,288,hunter,beastmastery,6,3,3
Káfros,ravencrest,288,hunter,beastmastery,6,3,3
Стингергодх,gordunni,288,hunter,beastmastery,6,3,3
Bawzé,archimonde,288,hunter,beastmastery,6,3,3
Nestereo,zirkel-des-cenarius,288,hunter,beastmastery,6,3,3
Zyhraa,ravencrest,288,hunter,beastmastery,6,3,3
Chrønôs,archimonde,288,hunter,beastmastery,6,3,3
Jennïfer,archimonde,288,hunter,beastmastery,6,3,3
Ruttless,tarren-mill,288,hunter,beastmastery,6,3,3
Артекриогг,soulflayer,288,hunter,beastmastery,6,3,3
Taurïel,stormscale,288,hunter,beastmastery,6,3,3
Elbatale,sylvanas,288,hunter,beastmastery,6,3,3
Ekz,twisting-nether,288,hunter,beastmastery,6,3,3
Kobrán,gilneas,288,hunter,beastmastery,6,3,3
Sakaryali,silvermoon,288,hunter,beastmastery,6,3,3
Chasseeur,archimonde,288,hunter,beastmastery,6,3,3
Lunastrike,frostwolf,288,hunter,beastmastery,6,3,3
Keyshu,die-aldor,288,hunter,beastmastery,6,3,3
Visas,burning-legion,288,hunter,beastmastery,6,3,3
Innaria,argent-dawn,288,hunter,beastmastery,6,3,3
Anhur,blackmoore,288,hunter,beastmastery,6,3,3
Djtrapyasis,blackmoore,288,hunter,beastmastery,6,3,3
Kxx,kazzak,288,hunter,beastmastery,6,3,3
Kelp,silvermoon,288,hunter,beastmastery,6,3,3
Haeero,archimonde,288,hunter,beastmastery,6,3,3
Copenhyggen,silvermoon,288,hunter,beastmastery,6,3,3
Gordo,burning-legion,288,hunter,beastmastery,6,3,3
Dragnial,kazzak,288,hunter,beastmastery,6,3,3
Trapbing,ravencrest,288,hunter,beastmastery,6,3,3
Svinaset,shattered-hand,288,hunter,beastmastery,6,3,3
Bugspitz,outland,288,hunter,beastmastery,6,3,3
Japuog,kazzak,288,hunter,beastmastery,6,3,3
Popofles,outland,288,hunter,beastmastery,6,3,3
Anthorio,cthun,288,hunter,beastmastery,6,3,3
Lofiel,aegwynn,288,hunter,beastmastery,6,3,3
Huntaloko,outland,288,hunter,beastmastery,6,3,3
Darthbow,outland,288,hunter,beastmastery,6,3,3
Fangzahn,aegwynn,288,hunter,beastmastery,6,3,3
Nervetøxin,ravencrest,288,hunter,beastmastery,6,3,3
Valtondre,argent-dawn,288,hunter,beastmastery,6,3,3
Hinorist,ravencrest,288,hunter,beastmastery,6,3,3
Hexorn,ysondre,288,hunter,beastmastery,6,3,3
Naramir,ysondre,288,hunter,beastmastery,6,3,3
Djihadi,ysondre,288,hunter,beastmastery,6,3,3
Nathah,burning-legion,288,hunter,beastmastery,6,3,3
Yümekø,khaz-modan,288,hunter,beastmastery,6,3,3
Yssup,frostmane,288,hunter,beastmastery,6,3,3
Natchell,ysondre,288,hunter,beastmastery,6,3,3
Aimshot,ravencrest,288,hunter,beastmastery,6,3,3
Zelghor,frostwolf,288,hunter,beastmastery,6,3,3
Anayhh,dun-modr,288,hunter,beastmastery,6,3,3
Шеннокс,howling-fjord,288,hunter,beastmastery,6,3,3
Arcô,dun-modr,288,hunter,beastmastery,6,3,3
Шуггарэй,soulflayer,288,hunter,beastmastery,6,3,3
Mikâil,blackmoore,288,hunter,beastmastery,6,3,3
Bòw,antonidas,288,hunter,beastmastery,6,3,3
Scartet,blackmoore,288,hunter,beastmastery,6,3,3
Skrag,outland,288,hunter,beastmastery,6,3,3
Kragán,silvermoon,288,hunter,beastmastery,6,3,3
Blazeblue,hyjal,288,hunter,beastmastery,6,3,3
Eatmenow,antonidas,288,hunter,beastmastery,6,3,3
Shädoh,outland,288,hunter,beastmastery,6,3,3
Abonah,khaz-modan,288,hunter,beastmastery,6,3,3
Humanoidorc,the-maelstrom,288,hunter,beastmastery,6,3,3
Lookmyezzy,ravencrest,288,hunter,beastmastery,6,3,3
Трапавграунд,howling-fjord,288,hunter,beastmastery,6,3,3
Isøbu,hyjal,288,hunter,beastmastery,6,3,3
Gaiä,sanguino,288,hunter,beastmastery,6,3,3
Fedya,kazzak,288,hunter,beastmastery,6,3,3
Bâng,zuljin,288,hunter,beastmastery,6,3,3
Ðøømsðay,sanguino,288,hunter,beastmastery,6,3,3
Verøx,kazzak,288,hunter,beastmastery,6,3,3
Gilgämesh,hyjal,288,hunter,beastmastery,6,3,3
Eveo,antonidas,288,hunter,beastmastery,6,3,3
Imonér,frostmane,288,hunter,beastmastery,6,3,3
Lowpital,hyjal,288,hunter,beastmastery,6,3,3
Наладдчик,howling-fjord,288,hunter,beastmastery,6,3,3
Natashä,area-52,288,hunter,beastmastery,6,3,3
Доррети,howling-fjord,288,hunter,beastmastery,6,3,3
Prossh,ravencrest,288,hunter,beastmastery,9,4,5
Heavenknøws,dun-modr,288,hunter,beastmastery,9,4,5
Chêckpvp,outland,288,hunter,beastmastery,9,3,6
Mârked,argent-dawn,288,hunter,beastmastery,12,3,9
Spakster,blackrock,288,hunter,beastmastery,12,3,9
Vèreesa,azjolnerub,288,hunter,beastmastery,12,3,9
Deathshots,ravencrest,288,hunter,beastmastery,12,3,9
Smitheye,argent-dawn,288,hunter,beastmastery,12,3,9
Штейн,greymane,288,hunter,beastmastery,12,3,9
Kitrinos,silvermoon,288,hunter,beastmastery,12,3,9
Дарцетос,greymane,288,hunter,beastmastery,12,3,9
Hante,ravencrest,288,hunter,beastmastery,12,3,9
Ímpulsion,stormscale,288,hunter,beastmastery,12,3,9
Perkxd,stormscale,288,hunter,beastmastery,12,3,9
Riik,ragnaros,288,hunter,beastmastery,12,3,9
Squidy,archimonde,288,hunter,beastmastery,12,3,9
Венгс,howling-fjord,288,hunter,beastmastery,12,3,9
Jachu,blackhand,288,hunter,beastmastery,12,3,9
Narziel,die-todeskrallen,288,hunter,beastmastery,12,3,9
Mark,runetotem,288,hunter,beastmastery,12,3,9
Panlong,tarren-mill,288,hunter,beastmastery,12,3,9
Chambiann,tarren-mill,288,hunter,beastmastery,12,3,9
Faelendal,darksorrow,288,hunter,beastmastery,12,3,9
Lethalhands,neptulon,288,hunter,beastmastery,12,3,9
Krëmpai,frostmane,288,hunter,beastmastery,12,3,9
Хансбург,howling-fjord,288,hunter,beastmastery,12,3,9
Elgreedo,sylvanas,288,hunter,beastmastery,12,3,9
Rrushi,argent-dawn,288,hunter,beastmastery,12,3,9
Undefine,outland,288,hunter,beastmastery,12,3,9
Ohboy,dun-morogh,288,hunter,beastmastery,12,3,9
Raztreadör,dun-modr,288,hunter,beastmastery,12,3,9
Szafri,draenor,288,hunter,beastmastery,12,3,9
Frikandelli,outland,288,hunter,beastmastery,12,3,9
Sabnak,burning-blade,288,hunter,beastmastery,12,3,9
Götthunter,antonidas,288,hunter,beastmastery,12,3,9
Liikes,arygos,288,hunter,beastmastery,12,3,9
Cotxqt,outland,288,hunter,beastmastery,12,3,9
Teddy,perenolde,288,hunter,beastmastery,12,3,9
Drherbs,bloodhoof,288,hunter,beastmastery,12,3,9
Huntardxx,outland,288,hunter,beastmastery,12,3,9
Drakess,daggerspine,288,hunter,beastmastery,12,3,9
Shalinda,azshara,288,hunter,beastmastery,12,3,9
Marusmaskin,kazzak,288,hunter,beastmastery,12,3,9
Glückskiller,nozdormu,288,hunter,beastmastery,12,3,9
Jellyfat,silvermoon,288,hunter,beastmastery,12,3,9
Jamesbownd,ravencrest,288,hunter,beastmastery,12,3,9
Ядрис,gordunni,288,hunter,beastmastery,12,3,9
Drennak,kult-der-verdammten,288,hunter,beastmastery,12,3,9
Дварфмэн,gordunni,288,hunter,beastmastery,13,3,10
Drakono,draenor,288,hunter,beastmastery,18,3,15
Bloodkillzz,ragnaros,287,hunter,beastmastery,6,3,3
Dnuma,tarren-mill,287,hunter,beastmastery,14,4,10
Oatmeal,dun-morogh,287,hunter,beastmastery,12,3,9
Voraxh,draenor,287,hunter,beastmastery,12,3,9
Промахнулся,gordunni,287,hunter,beastmastery,12,3,9
Anghron,minahonda,287,hunter,beastmastery,12,3,9
Jazminluv,blackrock,287,hunter,beastmastery,12,3,9
Snehvit,bloodhoof,285,hunter,beastmastery,18,3,15
Trapgodz,ragnaros,271,hunter,beastmastery,11,3,8
Lightrandom,kazzak,269,hunter,beastmastery,11,3,8
Psailaa,azjolnerub,256,hunter,beastmastery,16,3,13
Ватмано,gordunni,255,hunter,beastmastery,8,4,4
Sarblade,bronze-dragonflight,255,hunter,beastmastery,11,3,8
Shoothim,destromath,254,hunter,beastmastery,8,4,4
Кулерквест,soulflayer,240,hunter,beastmastery,9,3,6
Kasyuo,outland,239,hunter,beastmastery,5,3,2
Waresfido,nordrassil,239,hunter,beastmastery,5,3,2
Zion,kul-tiras,239,hunter,beastmastery,5,3,2
Eilosh,outland,239,hunter,beastmastery,15,3,12
Braînbúg,blackmoore,234,hunter,beastmastery,6,4,2
Huntinger,twisting-nether,234,hunter,beastmastery,10,5,5
Silenthunter,blackrock,234,hunter,beastmastery,11,5,6
Слышумертвых,gordunni,234,hunter,beastmastery,15,5,10
Snakepit,archimonde,234,hunter,beastmastery,17,4,13
Shagora,dalaran,223,hunter,beastmastery,8,3,5
Fineas,theradras,192,hunter,beastmastery,4,3,1
Sinsirellam,twisting-nether,192,hunter,beastmastery,6,2,4
Sarbacanes,hyjal,192,hunter,beastmastery,6,2,4
Brummel,frostwolf,192,hunter,beastmastery,6,2,4
Фэйсконтроль,azuregos,192,hunter,beastmastery,6,2,4
Nektard,ravencrest,192,hunter,beastmastery,6,2,4
Thárkay,malygos,192,hunter,beastmastery,6,2,4
Gukéx,stormscale,192,hunter,beastmastery,6,2,4
Ønlýfans,ravencrest,192,hunter,beastmastery,6,2,4
Шимэйла,gordunni,192,hunter,beastmastery,6,2,4
Риперквин,gordunni,192,hunter,beastmastery,6,2,4
Meltox,blackhand,192,hunter,beastmastery,6,2,4
Xeragon,frostwolf,192,hunter,beastmastery,6,2,4
Гусецап,gordunni,192,hunter,beastmastery,6,2,4
Jayyke,frostmane,192,hunter,beastmastery,6,2,4
Korlog,kragjin,192,hunter,beastmastery,6,2,4
Maeba,shendralar,192,hunter,beastmastery,6,2,4
Trapzy,stormscale,192,hunter,beastmastery,6,2,4
Травок,gordunni,192,hunter,beastmastery,6,2,4
Klittcrit,bloodhoof,192,hunter,beastmastery,6,2,4
Ототрал,gordunni,192,hunter,beastmastery,6,2,4
Одисенс,eversong,192,hunter,beastmastery,6,2,4
Трольпифпаф,deathguard,192,hunter,beastmastery,6,2,4
Kuzes,ravencrest,192,hunter,beastmastery,6,2,4
Kabá,eredar,192,hunter,beastmastery,6,2,4
Bmo,zuljin,192,hunter,beastmastery,6,2,4
Powerfist,blackhand,192,hunter,beastmastery,6,2,4
Waveshoot,hyjal,192,hunter,beastmastery,6,2,4
Bethenny,draenor,192,hunter,beastmastery,6,2,4
Bernhardoder,blackhand,192,hunter,beastmastery,6,2,4
Doraxa,sanguino,192,hunter,beastmastery,6,2,4
Zähmbar,malganis,192,hunter,beastmastery,6,2,4
Shademd,ahnqiraj,192,hunter,beastmastery,6,2,4
Bæbåk,frostmane,192,hunter,beastmastery,6,2,4
Korrekt,stormscale,192,hunter,beastmastery,6,2,4
Znu,argent-dawn,192,hunter,beastmastery,6,2,4
Trickspar,bloodscalp,192,hunter,beastmastery,6,2,4
Phutkapre,doomhammer,192,hunter,beastmastery,6,2,4
Cheesychees,sylvanas,192,hunter,beastmastery,6,2,4
Jarran,karazhan,192,hunter,beastmastery,6,2,4
Deathhowl,stormscale,192,hunter,beastmastery,6,2,4
Marryme,blackhand,192,hunter,beastmastery,6,2,4
Nómarak,drakthul,192,hunter,beastmastery,6,2,4
Samasukë,grim-batol,192,hunter,beastmastery,6,2,4
Wolfariana,chamber-of-aspects,192,hunter,beastmastery,6,2,4
Lifeiscool,drakthul,192,hunter,beastmastery,6,2,4
Sylasteria,twisting-nether,192,hunter,beastmastery,6,2,4
Zulldek,sanguino,192,hunter,beastmastery,6,2,4
Nikzeubii,archimonde,192,hunter,beastmastery,6,2,4
Nerfit,argent-dawn,192,hunter,beastmastery,6,2,4
Kirinó,ragnaros,192,hunter,beastmastery,6,2,4
Holytrapqt,aegwynn,192,hunter,beastmastery,6,2,4
Teyo,blackhand,192,hunter,beastmastery,6,2,4
Arykes,drakthul,192,hunter,beastmastery,6,2,4
Stokesly,terenas,192,hunter,beastmastery,6,2,4
Хароко,gordunni,192,hunter,beastmastery,6,2,4
Talanar,tarren-mill,192,hunter,beastmastery,6,2,4
Privelle,argent-dawn,192,hunter,beastmastery,6,2,4
Realbigwilly,outland,192,hunter,beastmastery,6,2,4
Elastaplast,thunderhorn,192,hunter,beastmastery,6,2,4
Фломидзе,gordunni,192,hunter,beastmastery,6,2,4
Atticüs,burning-blade,192,hunter,beastmastery,6,2,4
Abraxan,twisting-nether,192,hunter,beastmastery,6,2,4
Longblow,outland,192,hunter,beastmastery,6,2,4
Aughtism,turalyon,192,hunter,beastmastery,6,2,4
Zeanoff,ravencrest,192,hunter,beastmastery,6,2,4
Starkt,ragnaros,192,hunter,beastmastery,6,2,4
Diabloiv,doomhammer,192,hunter,beastmastery,6,2,4
Elionora,grim-batol,192,hunter,beastmastery,6,2,4
Bradunov,sylvanas,192,hunter,beastmastery,6,2,4
Deskö,shendralar,192,hunter,beastmastery,6,2,4
Huntzie,argent-dawn,192,hunter,beastmastery,6,2,4
Сайнтификх,eversong,192,hunter,beastmastery,6,2,4
Ренектон,soulflayer,192,hunter,beastmastery,6,2,4
Progh,ragnaros,192,hunter,beastmastery,6,2,4
Jamestráp,dun-morogh,192,hunter,beastmastery,6,2,4
Lágåta,outland,192,hunter,beastmastery,6,2,4
Não,onyxia,192,hunter,beastmastery,6,2,4
Vör,drakthul,192,hunter,beastmastery,6,2,4
Avâlos,dentarg,192,hunter,beastmastery,6,2,4
Díkembe,aegwynn,192,hunter,beastmastery,6,2,4
Clawy,auchindoun,192,hunter,beastmastery,6,2,4
Zaakolack,burning-legion,192,hunter,beastmastery,6,2,4
Pets,aegwynn,192,hunter,beastmastery,6,2,4
Luuszapfae,aegwynn,192,hunter,beastmastery,6,2,4
Patrouifort,ysondre,192,hunter,beastmastery,6,2,4
Bilbogodx,outland,192,hunter,beastmastery,6,2,4
Comegetme,auchindoun,192,hunter,beastmastery,6,2,4
Pzz,archimonde,192,hunter,beastmastery,6,2,4
Dentaar,draenor,192,hunter,beastmastery,6,2,4
Skydraz,ysondre,192,hunter,beastmastery,6,2,4
Legolex,burning-blade,192,hunter,beastmastery,6,2,4
Ataxyjr,ravencrest,192,hunter,beastmastery,6,2,4
Willzz,ravencrest,192,hunter,beastmastery,6,2,4
Bodytypedog,ragnaros,192,hunter,beastmastery,6,2,4
Foleck,aegwynn,192,hunter,beastmastery,6,2,4
Tyrone,saurfang,192,hunter,beastmastery,6,2,4
Níne,sylvanas,192,hunter,beastmastery,6,2,4
Earfalass,twisting-nether,192,hunter,beastmastery,6,2,4
Snakepit,stormscale,192,hunter,beastmastery,6,2,4
Zetaph,argent-dawn,192,hunter,beastmastery,6,2,4
Phantoprowl,stormscale,192,hunter,beastmastery,6,2,4
Gunforhire,ravencrest,192,hunter,beastmastery,6,2,4
Спелла,goldrinn,192,hunter,beastmastery,6,2,4
Danstonpif,kaelthas,192,hunter,beastmastery,6,2,4
Avp,sylvanas,192,hunter,beastmastery,6,2,4
Thecorruptor,skullcrusher,192,hunter,beastmastery,6,2,4
Aliyaan,twisting-nether,192,hunter,beastmastery,6,2,4
Azahunt,kazzak,192,hunter,beastmastery,6,2,4
Cørvino,der-rat-von-dalaran,192,hunter,beastmastery,6,2,4
Ancalarion,tarren-mill,192,hunter,beastmastery,6,2,4
Yakayoshi,kazzak,192,hunter,beastmastery,6,2,4
Retropunk,ravencrest,192,hunter,beastmastery,6,2,4
Poccâ,die-nachtwache,192,hunter,beastmastery,6,2,4
Cøkø,sanguino,192,hunter,beastmastery,6,2,4
Atylla,ravencrest,192,hunter,beastmastery,6,2,4
Dogstrust,stormscale,192,hunter,beastmastery,6,2,4
Mufassa,sinstralis,192,hunter,beastmastery,6,2,4
Hvaskøduenme,stormscale,192,hunter,beastmastery,6,2,4
Brindefolìe,archimonde,192,hunter,beastmastery,6,2,4
Dola,archimonde,192,hunter,beastmastery,6,2,4
Lowboblarry,ravencrest,192,hunter,beastmastery,6,2,4
Raysist,arathor,192,hunter,beastmastery,6,2,4
Allessía,argent-dawn,192,hunter,beastmastery,6,2,4
Wakar,alakir,192,hunter,beastmastery,6,2,4
Sotu,stormscale,192,hunter,beastmastery,6,2,4
Какулимёт,gordunni,192,hunter,beastmastery,6,2,4
Phyllobates,blackrock,192,hunter,beastmastery,6,2,4
Miesmuschel,guldan,192,hunter,beastmastery,6,2,4
Dragoki,blackmoore,192,hunter,beastmastery,6,2,4
Droz,blackmoore,192,hunter,beastmastery,6,2,4
Mâgnesium,blackmoore,192,hunter,beastmastery,6,2,4
Annababygirl,silvermoon,192,hunter,beastmastery,6,2,4
Triopas,silvermoon,192,hunter,beastmastery,6,2,4
Bloópy,silvermoon,192,hunter,beastmastery,6,2,4
Zarrøn,thrall,192,hunter,beastmastery,6,2,4
Vôrtax,blackmoore,192,hunter,beastmastery,6,2,4
Iliketraps,blackmoore,192,hunter,beastmastery,6,2,4
Dödskatten,kazzak,192,hunter,beastmastery,6,2,4
Dahunter,blackmoore,192,hunter,beastmastery,6,2,4
Fofoulinaki,silvermoon,192,hunter,beastmastery,6,2,4
Scycs,nazjatar,192,hunter,beastmastery,6,2,4
Skalgor,thrall,192,hunter,beastmastery,6,2,4
Nythilia,blackrock,192,hunter,beastmastery,6,2,4
Feedbackloop,silvermoon,192,hunter,beastmastery,6,2,4
Lersey,blackmoore,192,hunter,beastmastery,6,2,4
Kahoonas,silvermoon,192,hunter,beastmastery,6,2,4
Gunmeister,bronzebeard,192,hunter,beastmastery,6,2,4
As,kazzak,192,hunter,beastmastery,6,2,4
Naid,lordaeron,192,hunter,beastmastery,6,2,4
Wildwingsebb,nazjatar,192,hunter,beastmastery,6,2,4
Gandro,blackmoore,192,hunter,beastmastery,6,2,4
Manatodamoon,aerie-peak,192,hunter,beastmastery,6,2,4
Stronkbeast,kazzak,192,hunter,beastmastery,6,2,4
Snôptas,blackmoore,192,hunter,beastmastery,6,2,4
Myoui,silvermoon,192,hunter,beastmastery,6,2,4
Жабра,gordunni,192,hunter,beastmastery,11,3,8
Киллкук,howling-fjord,192,hunter,beastmastery,9,2,7
Куджикс,soulflayer,192,hunter,beastmastery,19,4,15
Calesthas,tarren-mill,192,hunter,beastmastery,12,2,10
Dorakor,ysondre,192,hunter,beastmastery,12,2,10
Pôîson,kazzak,192,hunter,beastmastery,12,2,10
Фомкалол,howling-fjord,192,hunter,beastmastery,12,2,10
Zulkhan,nemesis,192,hunter,beastmastery,12,2,10
Bloodking,madmortem,192,hunter,beastmastery,12,2,10
Tyronjr,tarren-mill,192,hunter,beastmastery,12,2,10
Elja,laughing-skull,192,hunter,beastmastery,12,2,10
Schräubchen,antonidas,192,hunter,beastmastery,12,2,10
Hiphophunter,thunderhorn,192,hunter,beastmastery,12,2,10
Samodiva,twisting-nether,192,hunter,beastmastery,12,2,10
Donneraàn,blackrock,192,hunter,beastmastery,12,2,10
Vadász,chamber-of-aspects,192,hunter,beastmastery,12,2,10
Bleidarabm,silvermoon,192,hunter,beastmastery,12,2,10
Jeddaj,stormscale,192,hunter,beastmastery,12,2,10
Willýs,ysondre,192,hunter,beastmastery,12,2,10
Sërennà,chogall,192,hunter,beastmastery,12,2,10
Waraëlle,dalaran,192,hunter,beastmastery,12,2,10
Slayman,kazzak,192,hunter,beastmastery,18,2,16
Traknard,confrérie-du-thorium,191,hunter,beastmastery,6,2,4
Сливочкии,goldrinn,191,hunter,beastmastery,6,2,4
Charlet,archimonde,191,hunter,beastmastery,6,2,4
Kizscamander,magtheridon,191,hunter,beastmastery,12,2,10
Frittman,silvermoon,191,hunter,beastmastery,12,2,10
Aewena,hyjal,190,hunter,beastmastery,12,2,10
Masarusan,eredar,175,hunter,beastmastery,11,2,9
Ripulianneli,stormscale,159,hunter,beastmastery,6,3,3
Dolwen,argent-dawn,159,hunter,beastmastery,5,2,3
Rakmo,blackmoore,159,hunter,beastmastery,5,2,3
Carru,blackrock,159,hunter,beastmastery,5,2,3
Phinox,sanguino,159,hunter,beastmastery,11,2,9
Cadier,argent-dawn,144,hunter,beastmastery,3,3,0
Hakaîí,aegwynn,138,hunter,beastmastery,10,4,6
Tanteaab,blackmoore,138,hunter,beastmastery,11,4,7
Kauli,turalyon,138,hunter,beastmastery,9,3,6
Gzà,kazzak,138,hunter,beastmastery,17,4,13
Elnazar,archimonde,128,hunter,beastmastery,4,2,2
Bobihunt,argent-dawn,128,hunter,beastmastery,4,2,2
Иттириса,gordunni,128,hunter,beastmastery,4,2,2
Deathøfrats,ravencrest,128,hunter,beastmastery,4,2,2
Тауриэлль,soulflayer,126,hunter,beastmastery,21,7,14
Liscie,silvermoon,105,hunter,beastmastery,16,4,12
Dugini,ravencrest,96,hunter,beastmastery,6,1,5
Chillyourbon,ravencrest,96,hunter,beastmastery,6,1,5
Jägerjokke,blackrock,96,hunter,beastmastery,6,1,5
Ventaric,pozzo-delleternità,96,hunter,beastmastery,6,1,5
Bowlox,kazzak,96,hunter,beastmastery,6,1,5
Sláynôs,blackrock,96,hunter,beastmastery,6,1,5
Boudicok,archimonde,96,hunter,beastmastery,6,1,5
Anhyzer,nemesis,96,hunter,beastmastery,6,1,5
Oneshotbaby,archimonde,96,hunter,beastmastery,6,1,5
Exorbitant,blackrock,96,hunter,beastmastery,6,1,5
Doojas,archimonde,96,hunter,beastmastery,6,1,5
Nicoh,elune,96,hunter,beastmastery,6,1,5
Ichbringbier,blackrock,96,hunter,beastmastery,6,1,5
Gurkans,aggramar,96,hunter,beastmastery,6,1,5
Øô,blackrock,96,hunter,beastmastery,6,1,5
Wræqraxx,ravencrest,96,hunter,beastmastery,6,1,5
Ríse,blackhand,96,hunter,beastmastery,6,1,5
Clownchef,blackhand,96,hunter,beastmastery,6,1,5
Bensoussan,archimonde,96,hunter,beastmastery,6,1,5
Zulô,rexxar,96,hunter,beastmastery,6,1,5
Traptard,blackrock,96,hunter,beastmastery,6,1,5
Левери,gordunni,96,hunter,beastmastery,6,1,5
Justchill,ravencrest,96,hunter,beastmastery,6,1,5
Syjinny,kazzak,96,hunter,beastmastery,6,1,5
Zurzok,blackrock,96,hunter,beastmastery,6,1,5
Hntudwn,azshara,96,hunter,beastmastery,6,1,5
Imahuntard,frostmane,96,hunter,beastmastery,6,1,5
Дочьпескова,gordunni,96,hunter,beastmastery,6,1,5
Furheious,archimonde,96,hunter,beastmastery,6,1,5
Buoma,kazzak,96,hunter,beastmastery,6,1,5
Hechozar,kazzak,96,hunter,beastmastery,6,1,5
Fizí,stormscale,96,hunter,beastmastery,6,1,5
Механямка,gordunni,96,hunter,beastmastery,6,1,5
Oou,auchindoun,96,hunter,beastmastery,6,1,5
Loquenahak,grim-batol,96,hunter,beastmastery,6,1,5
Hashaya,hyjal,96,hunter,beastmastery,6,1,5
Akkixz,antonidas,96,hunter,beastmastery,6,1,5
Barneyarrow,tarren-mill,96,hunter,beastmastery,6,1,5
Betarayjinx,kazzak,96,hunter,beastmastery,6,1,5
Dasmusdrückn,antonidas,96,hunter,beastmastery,6,1,5
Xåndra,sylvanas,96,hunter,beastmastery,6,1,5
Травмаопасен,gordunni,96,hunter,beastmastery,6,1,5
Zugzlug,tarren-mill,96,hunter,beastmastery,6,1,5
Derhùnethàl,hyjal,96,hunter,beastmastery,6,1,5
Platano,hyjal,96,hunter,beastmastery,6,1,5
Hairyplottér,kazzak,96,hunter,beastmastery,6,1,5
Teedfredd,tarren-mill,96,hunter,beastmastery,6,1,5
Bobletty,tarren-mill,96,hunter,beastmastery,6,1,5
Drowranger,frostwolf,96,hunter,beastmastery,6,1,5
Nomorex,frostwhisper,96,hunter,beastmastery,6,1,5
Oneclickaway,tarren-mill,96,hunter,beastmastery,6,1,5
Koróth,tarren-mill,96,hunter,beastmastery,6,1,5
Xilo,eredar,96,hunter,beastmastery,6,1,5
Billythree,argent-dawn,96,hunter,beastmastery,6,1,5
Mehtämìes,kazzak,96,hunter,beastmastery,6,1,5
Táráh,proudmoore,96,hunter,beastmastery,6,1,5
Furiouslao,eredar,96,hunter,beastmastery,6,1,5
Leviaa,argent-dawn,96,hunter,beastmastery,6,1,5
Achiles,die-todeskrallen,96,hunter,beastmastery,6,1,5
Imthatbtch,argent-dawn,96,hunter,beastmastery,6,1,5
Grutoss,eredar,96,hunter,beastmastery,6,1,5
Пиппиракон,soulflayer,96,hunter,beastmastery,6,1,5
Weafster,outland,96,hunter,beastmastery,6,1,5
Valiriz,blackmoore,96,hunter,beastmastery,6,1,5
Turtíe,argent-dawn,96,hunter,beastmastery,6,1,5
Ройзх,gordunni,96,hunter,beastmastery,6,1,5
Hafarian,the-maelstrom,96,hunter,beastmastery,6,1,5
Hÿyrøk,ysondre,96,hunter,beastmastery,6,1,5
Буреклык,gordunni,96,hunter,beastmastery,6,1,5
Masimo,emerald-dream,96,hunter,beastmastery,6,1,5
Оркистор,eversong,96,hunter,beastmastery,6,1,5
Opasan,nordrassil,96,hunter,beastmastery,6,1,5
Bloodfallen,onyxia,96,hunter,beastmastery,6,1,5
Noxll,gorgonnash,96,hunter,beastmastery,6,1,5
Rayana,garrosh,96,hunter,beastmastery,6,1,5
Золларис,deathguard,96,hunter,beastmastery,6,1,5
Jozsiur,ragnaros,96,hunter,beastmastery,6,1,5
Wórldz,dun-modr,96,hunter,beastmastery,6,1,5
Foxhunt,turalyon,96,hunter,beastmastery,6,1,5
Перидот,howling-fjord,96,hunter,beastmastery,6,1,5
Aelridel,kirin-tor,96,hunter,beastmastery,6,1,5
Sokrám,sanguino,96,hunter,beastmastery,6,1,5
Anun,magtheridon,96,hunter,beastmastery,6,1,5
Runescimmy,twisting-nether,96,hunter,beastmastery,6,1,5
Fakepvper,darksorrow,96,hunter,beastmastery,6,1,5
Breidy,dun-modr,96,hunter,beastmastery,6,1,5
Zergst,nathrezim,96,hunter,beastmastery,6,1,5
Koraag,culte-de-la-rive-noire,96,hunter,beastmastery,6,1,5
Jackdaniéls,twisting-nether,96,hunter,beastmastery,6,1,5
Zogzøg,draenor,96,hunter,beastmastery,6,1,5
Луврен,deepholm,96,hunter,beastmastery,6,1,5
Nätzz,dun-modr,96,hunter,beastmastery,6,1,5
Rîsas,draenor,96,hunter,beastmastery,6,1,5
Jakuken,dun-modr,96,hunter,beastmastery,6,1,5
Börjeson,ragnaros,96,hunter,beastmastery,6,1,5
Оскорбление,howling-fjord,96,hunter,beastmastery,6,1,5
Odenssbest,silvermoon,96,hunter,beastmastery,6,1,5
Darkray,dalaran,96,hunter,beastmastery,6,1,5
Drolarin,zuljin,96,hunter,beastmastery,6,1,5
Vàlery,sanguino,96,hunter,beastmastery,6,1,5
Сочнаятурель,howling-fjord,96,hunter,beastmastery,6,1,5
Женистайл,howling-fjord,96,hunter,beastmastery,6,1,5
Enfaktüs,silvermoon,96,hunter,beastmastery,12,1,11
Johnnygnus,drakthul,96,hunter,beastmastery,12,1,11
Детмазай,soulflayer,96,hunter,beastmastery,12,1,11
Plagktos,conseil-des-ombres,96,hunter,beastmastery,12,1,11
Vandathien,stormrage,96,hunter,beastmastery,12,1,11
Døgtamer,twisting-nether,96,hunter,beastmastery,12,1,11
Thóorin,ravencrest,96,hunter,beastmastery,12,1,11
Tsyapka,tarren-mill,96,hunter,beastmastery,12,1,11
Chuntardi,stormscale,96,hunter,beastmastery,12,1,11
Mistledove,lightbringer,96,hunter,beastmastery,12,1,11
Лиасон,howling-fjord,96,hunter,beastmastery,12,1,11
Críted,blackmoore,96,hunter,beastmastery,12,1,11
Сыньйорита,howling-fjord,96,hunter,beastmastery,12,1,11
Schmaikell,blackmoore,96,hunter,beastmastery,12,1,11
Arthass,die-aldor,96,hunter,beastmastery,12,1,11
Milandria,antonidas,96,hunter,beastmastery,18,1,17
Бусюлька,gordunni,95,hunter,beastmastery,18,1,17
Халфен,eversong,79,hunter,beastmastery,5,1,4
Yahamenistos,ysondre,64,hunter,beastmastery,4,1,3
Quiarà,elune,64,hunter,beastmastery,4,1,3
Youngjinh,ravencrest,64,hunter,beastmastery,4,1,3
Acuatropatas,sanguino,64,hunter,beastmastery,4,1,3
Currahee,kirin-tor,64,hunter,beastmastery,4,1,3
Bmilfhunter,blackhand,64,hunter,beastmastery,4,1,3
Графруру,soulflayer,48,hunter,beastmastery,3,1,2
Illnysa,silvermoon,48,hunter,beastmastery,3,1,2
Trayomrusnik,stormscale,42,hunter,beastmastery,7,3,4
Biggbazzaa,aggramar,42,hunter,beastmastery,10,3,7
Rockymarciaa,dalaran,31,hunter,beastmastery,2,1,1
Melloy,drakthul,31,hunter,beastmastery,2,1,1
Martuk,aegwynn,31,hunter,beastmastery,2,1,1
Котюнечка,gordunni,31,hunter,beastmastery,2,1,1
Gwaan,outland,9,hunter,beastmastery,6,2,4
Boogeymanx,ravencrest,2080,mage,arcane,150,86,64
Макотшельник,gordunni,2059,mage,arcane,48,34,14
Проблембойх,gordunni,2059,mage,arcane,86,41,45
Cubis,archimonde,2047,mage,arcane,96,48,48
Aleteia,stormscale,2008,mage,arcane,150,75,75
Aleç,ravencrest,1971,mage,arcane,66,33,33
Magegôd,outland,1969,mage,arcane,81,44,37
Бигдикмаг,soulflayer,1884,mage,arcane,83,41,42
Choll,stormscale,1866,mage,arcane,30,20,10
Фоулли,howling-fjord,1864,mage,arcane,82,40,42
Wàneís,ravencrest,1843,mage,arcane,78,38,40
Млдбоярин,gordunni,1837,mage,arcane,42,23,19
Waterhagx,tarren-mill,1834,mage,arcane,53,35,18
Castorcato,kazzak,1823,mage,arcane,90,47,43
Obbcontrol,ravencrest,1820,mage,arcane,84,45,39
Tiqma,sylvanas,1812,mage,arcane,107,52,55
Belthesad,twisting-nether,1806,mage,arcane,62,42,20
Lemaroxd,draenor,1801,mage,arcane,59,33,26
Bebenm,archimonde,1795,mage,arcane,134,63,71
Tokerlol,stormscale,1780,mage,arcane,227,124,103
Nvpk,blackrock,1767,mage,arcane,60,34,26
Папущенный,soulflayer,1749,mage,arcane,97,51,46
Magijoana,silvermoon,1745,mage,arcane,50,26,24
Frostseeker,tarren-mill,1731,mage,arcane,54,30,24
Derett,stormscale,1725,mage,arcane,48,22,26
Raíku,ravencrest,1723,mage,arcane,30,18,12
Непутевыймаг,gordunni,1715,mage,arcane,24,23,1
Mercem,stormscale,1711,mage,arcane,30,21,9
Barbeuqx,garona,1711,mage,arcane,308,162,146
Wracrz,argent-dawn,1696,mage,arcane,114,61,53
Манкай,fordragon,1694,mage,arcane,337,182,155
Sallesauruus,outland,1694,mage,arcane,158,79,79
Alustrasz,skullcrusher,1693,mage,arcane,155,85,70
Shirrunn,the-maelstrom,1687,mage,arcane,38,19,19
Uskomaaginen,ravencrest,1686,mage,arcane,66,29,37
Ecovation,tarren-mill,1685,mage,arcane,133,72,61
Dardíe,ravencrest,1681,mage,arcane,54,31,23
Нефростмаг,gordunni,1681,mage,arcane,198,97,101
Ephreaym,stormscale,1677,mage,arcane,124,56,68
Fearbeäch,ravencrest,1666,mage,arcane,52,25,27
Dárdie,ravencrest,1662,mage,arcane,40,21,19
Astrryy,burning-legion,1650,mage,arcane,41,19,22
Covran,stormscale,1650,mage,arcane,65,29,36
Uknowhowwedu,blackrock,1649,mage,arcane,36,22,14
Сизаам,howling-fjord,1640,mage,arcane,83,43,40
Bullegong,archimonde,1636,mage,arcane,42,23,19
Nelg,silvermoon,1635,mage,arcane,72,46,26
Sérc,ravencrest,1626,mage,arcane,30,17,13
Shiranize,aegwynn,1623,mage,arcane,82,39,43
Медивера,gordunni,1622,mage,arcane,24,17,7
Orkamor,sylvanas,1622,mage,arcane,42,17,25
Persi,dentarg,1618,mage,arcane,269,133,136
Radagulf,outland,1617,mage,arcane,162,79,83
Ekron,sanguino,1609,mage,arcane,528,270,258
Burstology,kazzak,1597,mage,arcane,197,99,98
Димаскунфу,howling-fjord,1595,mage,arcane,76,35,41
Sÿmera,dun-modr,1586,mage,arcane,48,20,28
Absie,tarren-mill,1580,mage,arcane,84,52,32
Antaos,drakthul,1572,mage,arcane,138,77,61
Фемна,soulflayer,1551,mage,arcane,59,28,31
Radiantfury,outland,1533,mage,arcane,30,17,13
Ímnotback,outland,1529,mage,arcane,237,120,117
Vxvfrowstxvx,jaedenar,1517,mage,arcane,72,38,34
Poochmage,archimonde,1516,mage,arcane,66,31,35
Angryalways,stormscale,1500,mage,arcane,30,16,14
Vaerén,malganis,1495,mage,arcane,49,29,20
Inaruy,hyjal,1494,mage,arcane,35,18,17
Råståfåri,uldum,1490,mage,arcane,107,60,47
Helloimgone,blackmoore,1490,mage,arcane,30,16,14
Barspin,lightnings-blade,1489,mage,arcane,130,72,58
Samirra,stormscale,1487,mage,arcane,72,38,34
Nakamura,outland,1486,mage,arcane,344,171,173
Даанрен,galakrond,1456,mage,arcane,54,23,31
Akâri,silvermoon,1451,mage,arcane,113,65,48
Portal,scarshield-legion,1446,mage,arcane,48,27,21
Ahstin,teldrassil,1444,mage,arcane,24,18,6
Шттрвблнкт,soulflayer,1443,mage,arcane,103,48,55
Ogarcanefist,outland,1424,mage,arcane,69,35,34
Tokyodes,twisting-nether,1418,mage,arcane,185,95,90
Arkeus,turalyon,1414,mage,arcane,65,42,23
Раканчик,gordunni,1406,mage,arcane,86,42,44
Sukalamink,alonsus,1405,mage,arcane,48,22,26
Aloxigozal,shendralar,1400,mage,arcane,24,17,7
Jayhó,outland,1394,mage,arcane,24,15,9
Lusionator,defias-brotherhood,1394,mage,arcane,54,31,23
Másterdukè,silvermoon,1388,mage,arcane,116,53,63
Magikere,tarren-mill,1384,mage,arcane,131,76,55
Diper,burning-legion,1379,mage,arcane,41,18,23
Sapien,sanguino,1373,mage,arcane,64,27,37
Rayniß,blackmoore,1370,mage,arcane,30,17,13
Azuredragon,tarren-mill,1361,mage,arcane,61,30,31
Elor,eredar,1360,mage,arcane,51,26,25
Leanboy,dun-modr,1353,mage,arcane,55,24,31
Rmnzr,blackrock,1353,mage,arcane,36,15,21
Ðøæø,twisting-nether,1346,mage,arcane,93,46,47
Tnhigh,blackrock,1343,mage,arcane,57,31,26
Рбгпотаскуха,gordunni,1337,mage,arcane,18,14,4
Манаманна,gordunni,1337,mage,arcane,691,349,342
Gypsymagic,doomhammer,1337,mage,arcane,50,20,30
Sszz,ravencrest,1335,mage,arcane,257,139,118
Nefrendel,kazzak,1327,mage,arcane,133,67,66
Fadi,anachronos,1325,mage,arcane,30,14,16
Krykz,sanguino,1321,mage,arcane,60,26,34
Faxchungus,argent-dawn,1317,mage,arcane,30,19,11
Jhawkwizard,draenor,1314,mage,arcane,274,138,136
Mannenye,stormscale,1306,mage,arcane,47,17,30
Paradigma,sylvanas,1305,mage,arcane,30,14,16
Scaleeth,kazzak,1300,mage,arcane,36,14,22
Beardmorph,auchindoun,1299,mage,arcane,35,16,19
Mäalaka,archimonde,1289,mage,arcane,42,16,26
Pradapimp,ravencrest,1286,mage,arcane,32,15,17
Nimdáá,stormscale,1286,mage,arcane,54,24,30
Venchimage,silvermoon,1284,mage,arcane,62,26,36
Trucy,eredar,1275,mage,arcane,180,83,97
Estelliên,burning-legion,1273,mage,arcane,27,14,13
Noarcane,twisting-nether,1265,mage,arcane,153,86,67
Moxine,la-croisade-écarlate,1261,mage,arcane,77,36,41
Calientay,ragnaros,1261,mage,arcane,35,14,21
Säga,the-venture-co,1254,mage,arcane,177,86,91
Tiamorg,drakthul,1248,mage,arcane,23,14,9
Sadrã,kazzak,1247,mage,arcane,69,30,39
Яшабурстх,blackscar,1246,mage,arcane,30,13,17
Jînexo,shattrath,1243,mage,arcane,30,13,17
Нормалмап,soulflayer,1243,mage,arcane,54,21,33
Nécrømage,confrérie-du-thorium,1235,mage,arcane,18,13,5
Æones,kult-der-verdammten,1233,mage,arcane,36,13,23
Wolftemper,ravencrest,1232,mage,arcane,66,29,37
Hâplo,burning-legion,1228,mage,arcane,68,39,29
Весиал,deathguard,1227,mage,arcane,177,89,88
Nïo,ravencrest,1227,mage,arcane,110,45,65
Валбериса,deepholm,1226,mage,arcane,72,42,30
Xiaomofashi,quelthalas,1219,mage,arcane,144,72,72
Kazeen,silvermoon,1211,mage,arcane,82,45,37
Bananflickan,kazzak,1211,mage,arcane,150,81,69
Léa,rashgarroth,1209,mage,arcane,60,26,34
Канеллис,howling-fjord,1197,mage,arcane,37,14,23
Hruon,ravenholdt,1195,mage,arcane,30,14,16
Romethito,dun-modr,1186,mage,arcane,62,29,33
Айсъмэджик,azuregos,1185,mage,arcane,101,48,53
Ozdewish,hyjal,1182,mage,arcane,130,61,69
Meolchum,outland,1180,mage,arcane,51,23,28
Clappycheeks,antonidas,1162,mage,arcane,66,25,41
Nelluc,turalyon,1159,mage,arcane,26,13,13
Scaless,stormscale,1157,mage,arcane,52,19,33
Demizboub,archimonde,1154,mage,arcane,168,85,83
Wanrltw,ragnaros,1151,mage,arcane,24,12,12
Gorn,ravencrest,1150,mage,arcane,48,28,20
Knúbbz,ravencrest,1147,mage,arcane,36,12,24
Minglul,archimonde,1142,mage,arcane,24,12,12
Kobrass,spinebreaker,1132,mage,arcane,66,24,42
Khadgia,argent-dawn,1126,mage,arcane,24,12,12
Vaelwin,argent-dawn,1115,mage,arcane,48,23,25
Ihatemages,stormreaver,1113,mage,arcane,30,13,17
Iwannakissu,gorgonnash,1110,mage,arcane,95,51,44
Rezre,stormscale,1107,mage,arcane,125,60,65
Burnqq,twisting-nether,1101,mage,arcane,77,37,40
Malshash,outland,1100,mage,arcane,42,21,21
Sulteaxion,garrosh,1085,mage,arcane,24,12,12
Hardways,archimonde,1082,mage,arcane,297,139,158
Sosîbîos,blackmoore,1073,mage,arcane,54,32,22
Nelfchewer,ravencrest,1068,mage,arcane,23,12,11
Shedooxwrtx,antonidas,1063,mage,arcane,36,12,24
Fôôxy,aegwynn,1059,mage,arcane,36,16,20
Kilstine,outland,1056,mage,arcane,30,12,18
Gnarrly,tarren-mill,1052,mage,arcane,21,11,10
Soulraider,tarren-mill,1050,mage,arcane,24,11,13
Magitis,blackhand,1039,mage,arcane,48,13,35
Roulettefar,kazzak,1038,mage,arcane,24,11,13
Plor,exodar,1019,mage,arcane,26,13,13
Дантрий,gordunni,1012,mage,arcane,36,20,16
Sarjeta,grim-batol,997,mage,arcane,36,13,23
Вадимодесса,soulflayer,995,mage,arcane,91,47,44
Mylord,bronze-dragonflight,993,mage,arcane,53,21,32
Кронни,razuvious,979,mage,arcane,23,11,12
Banjó,twilights-hammer,959,mage,arcane,12,10,2
Arcticfury,ravencrest,959,mage,arcane,18,10,8
Magiwan,silvermoon,959,mage,arcane,30,10,20
Jamzymage,emerald-dream,958,mage,arcane,15,11,4
Jukedstreet,outland,958,mage,arcane,24,10,14
Remantin,blackrock,956,mage,arcane,24,10,14
Иссэя,borean-tundra,954,mage,arcane,37,21,16
Netomb,kazzak,953,mage,arcane,18,11,7
Чобон,soulflayer,952,mage,arcane,30,10,20
Дырявка,galakrond,949,mage,arcane,30,10,20
Elvesnomage,sylvanas,943,mage,arcane,65,26,39
Zezt,tarren-mill,939,mage,arcane,30,10,20
Syltris,drakthul,923,mage,arcane,69,29,40
Frostdeath,medivh,906,mage,arcane,24,10,14
Исусина,borean-tundra,884,mage,arcane,26,13,13
Uknowhowwedu,aegwynn,864,mage,arcane,12,9,3
Fuhry,tarren-mill,864,mage,arcane,12,9,3
Puni,emerald-dream,864,mage,arcane,12,9,3
Liga,outland,864,mage,arcane,12,9,3
Thegoodoctor,kazzak,864,mage,arcane,18,9,9
Techies,archimonde,863,mage,arcane,12,9,3
Letsa,stormscale,863,mage,arcane,12,9,3
Arcann,ravencrest,863,mage,arcane,18,9,9
Superduck,ragnaros,863,mage,arcane,24,9,15
Mðj,kazzak,862,mage,arcane,24,9,15
Zorqi,argent-dawn,860,mage,arcane,12,9,3
Сморгонец,gordunni,856,mage,arcane,26,11,15
Kaevelin,argent-dawn,852,mage,arcane,24,9,15
Angélique,ragnaros,852,mage,arcane,30,9,21
Merlïne,les-clairvoyants,838,mage,arcane,72,31,41
Roughfked,silvermoon,834,mage,arcane,68,37,31
Modjahead,tarren-mill,822,mage,arcane,29,9,20
Mageé,argent-dawn,807,mage,arcane,23,9,14
Neséri,blackmoore,800,mage,arcane,22,9,13
Odor,haomarush,793,mage,arcane,42,18,24
Diaflash,silvermoon,779,mage,arcane,76,31,45
Zimbabweborc,burning-legion,768,mage,arcane,12,8,4
Zehnvonzehn,antonidas,767,mage,arcane,18,8,10
Aristarco,outland,767,mage,arcane,18,8,10
Isralysa,ravencrest,767,mage,arcane,24,8,16
Dudè,azshara,766,mage,arcane,18,8,10
Sydrel,ragnaros,765,mage,arcane,12,8,4
Aeghis,darkspear,765,mage,arcane,18,8,10
Jambonpistol,archimonde,764,mage,arcane,24,8,16
Десскельтер,deathguard,764,mage,arcane,24,8,16
Phyzed,archimonde,735,mage,arcane,17,8,9
Sticlachivas,stormscale,730,mage,arcane,23,8,15
Dcolon,tarren-mill,719,mage,arcane,17,8,9
Зухвала,howling-fjord,708,mage,arcane,41,12,29
Freshforces,ragnaros,703,mage,arcane,22,8,14
Pyroden,stormscale,700,mage,arcane,20,8,12
Seraf,argent-dawn,688,mage,arcane,19,8,11
Doryy,silvermoon,672,mage,arcane,12,7,5
Aletheía,stormscale,672,mage,arcane,12,7,5
Jengele,argent-dawn,672,mage,arcane,12,7,5
Pizwiz,kazzak,672,mage,arcane,16,8,8
Ignyx,ragnaros,672,mage,arcane,24,7,17
Adetin,tarren-mill,671,mage,arcane,12,7,5
Nötmârtònxø,ragnaros,671,mage,arcane,12,7,5
Kaelasha,magtheridon,671,mage,arcane,18,7,11
Shockólot,outland,671,mage,arcane,24,7,17
Thorstäin,ragnaros,670,mage,arcane,18,7,11
Itzlucky,twisting-nether,670,mage,arcane,18,7,11
Mortlol,chamber-of-aspects,667,mage,arcane,18,7,11
Milton,dunemaul,666,mage,arcane,30,7,23
Brugg,antonidas,651,mage,arcane,18,7,11
Roslinda,outland,641,mage,arcane,18,7,11
Nergl,darksorrow,623,mage,arcane,27,7,20
Sheepthroat,forscherliga,576,mage,arcane,6,6,0
Chrome,ysondre,576,mage,arcane,12,6,6
Pyllymake,kazzak,576,mage,arcane,12,6,6
Яайку,gordunni,576,mage,arcane,18,6,12
Meisterg,frostwolf,575,mage,arcane,9,7,2
Spicymash,chogall,575,mage,arcane,12,6,6
Карраско,soulflayer,575,mage,arcane,12,6,6
Shõrty,thrall,575,mage,arcane,12,6,6
Apc,sylvanas,575,mage,arcane,12,6,6
Mysticbeard,argent-dawn,575,mage,arcane,12,6,6
Aod,chogall,575,mage,arcane,12,6,6
Tarovan,defias-brotherhood,575,mage,arcane,12,6,6
Dareah,blackmoore,575,mage,arcane,18,6,12
ßjwercke,stormscale,575,mage,arcane,18,6,12
Окости,howling-fjord,574,mage,arcane,12,6,6
Oao,chamber-of-aspects,572,mage,arcane,25,6,19
Egirllover,hyjal,570,mage,arcane,21,6,15
Corlys,defias-brotherhood,569,mage,arcane,12,6,6
Leil,die-todeskrallen,569,mage,arcane,24,6,18
Héstia,sylvanas,544,mage,arcane,10,6,4
Sparrowixx,turalyon,537,mage,arcane,14,7,7
Tamtheone,frostwhisper,480,mage,arcane,6,5,1
Línus,twisting-nether,480,mage,arcane,6,5,1
Pwntt,terenas,480,mage,arcane,12,5,7
Barryscótt,stormscale,480,mage,arcane,12,5,7
Auchenax,argent-dawn,480,mage,arcane,12,5,7
Alarak,drakthul,480,mage,arcane,12,5,7
Médivh,archimonde,480,mage,arcane,12,5,7
Magevnr,hyjal,480,mage,arcane,12,5,7
Ледянойкекс,gordunni,480,mage,arcane,18,5,13
Skankengine,twisting-nether,479,mage,arcane,6,5,1
Ewina,twisting-nether,479,mage,arcane,6,5,1
Insømnium,stormscale,479,mage,arcane,12,5,7
Winterblues,frostmourne,479,mage,arcane,12,5,7
Gripe,defias-brotherhood,478,mage,arcane,6,5,1
Reiggo,silvermoon,478,mage,arcane,9,6,3
Bogher,pozzo-delleternità,472,mage,arcane,12,5,7
Dambii,ravencrest,384,mage,arcane,6,4,2
Frostandrew,twisting-nether,384,mage,arcane,6,4,2
Wizkhafury,ravencrest,384,mage,arcane,6,4,2
Hexmath,tarren-mill,384,mage,arcane,6,4,2
Ccxz,draenor,384,mage,arcane,6,4,2
Apollohouse,ravencrest,384,mage,arcane,6,4,2
Yunox,stormscale,384,mage,arcane,6,4,2
Spellfolk,burning-legion,384,mage,arcane,6,4,2
Rizzlybear,outland,384,mage,arcane,6,4,2
Harpelmage,auchindoun,384,mage,arcane,6,4,2
Мглавечная,azuregos,384,mage,arcane,6,4,2
Boogeyone,drakthul,384,mage,arcane,12,4,8
Arimila,sylvanas,384,mage,arcane,12,4,8
Mupana,nagrand,384,mage,arcane,12,4,8
Uní,emerald-dream,384,mage,arcane,12,4,8
Soulkinq,blackmoore,384,mage,arcane,12,4,8
Zoot,ravencrest,384,mage,arcane,12,4,8
Cysbb,arathi,384,mage,arcane,12,4,8
Zgnilakus,burning-legion,384,mage,arcane,12,4,8
Mikaelà,blackmoore,383,mage,arcane,6,4,2
Динэй,blackscar,383,mage,arcane,6,4,2
Khebu,anubarak,380,mage,arcane,12,4,8
Némmesis,zuljin,378,mage,arcane,12,4,8
Bigshape,frostwolf,351,mage,arcane,11,4,7
Roxolani,defias-brotherhood,303,mage,arcane,14,4,10
Kyrn,zuljin,288,mage,arcane,6,3,3
Æskalatîøn,blackmoore,288,mage,arcane,6,3,3
Onlymage,outland,288,mage,arcane,6,3,3
Mylanq,ragnaros,288,mage,arcane,6,3,3
Hachiro,onyxia,288,mage,arcane,6,3,3
Brokenlegman,defias-brotherhood,288,mage,arcane,6,3,3
Hógwarts,aegwynn,288,mage,arcane,6,3,3
Альтанис,howling-fjord,288,mage,arcane,6,3,3
Purrpl,twisting-nether,288,mage,arcane,6,3,3
Euphorie,twisting-nether,288,mage,arcane,6,3,3
Núk,blackrock,288,mage,arcane,6,3,3
Rvca,shadowsong,288,mage,arcane,6,3,3
Ovrpwrdxd,kazzak,288,mage,arcane,6,3,3
Choise,stormscale,288,mage,arcane,6,3,3
Datpyrotho,stormscale,288,mage,arcane,6,3,3
Khoshgele,draenor,288,mage,arcane,6,3,3
Manafuzz,outland,288,mage,arcane,6,3,3
Astroknight,silvermoon,288,mage,arcane,6,3,3
Havokh,blackmoore,288,mage,arcane,6,3,3
Scoopssama,ravencrest,288,mage,arcane,6,3,3
Suidas,auchindoun,288,mage,arcane,6,3,3
Bmbiscuit,ravencrest,288,mage,arcane,6,3,3
Euklid,ravencrest,288,mage,arcane,6,3,3
Gagaj,ravencrest,288,mage,arcane,6,3,3
Szlay,blackmoore,288,mage,arcane,6,3,3
Колдрагос,gordunni,288,mage,arcane,6,3,3
Мактай,gordunni,288,mage,arcane,6,3,3
Seyece,silvermoon,288,mage,arcane,6,3,3
Serctheone,ravencrest,288,mage,arcane,9,4,5
Ionofrost,stormscale,288,mage,arcane,12,3,9
Noblockgødx,dun-modr,288,mage,arcane,12,3,9
Schøkø,eredar,288,mage,arcane,12,3,9
Kudakto,ravencrest,288,mage,arcane,12,3,9
Хблэйз,howling-fjord,288,mage,arcane,12,3,9
Lesoleil,archimonde,288,mage,arcane,12,3,9
Эпсиха,lich-king,288,mage,arcane,18,3,15
Chimará,eredar,288,mage,arcane,18,3,15
Arcadua,sanguino,287,mage,arcane,6,3,3
Магборода,soulflayer,287,mage,arcane,6,3,3
Burnem,kult-der-verdammten,287,mage,arcane,6,3,3
Frökenfrost,stormscale,287,mage,arcane,6,3,3
Kasus,sporeggar,286,mage,arcane,6,3,3
Ivoc,drakthul,254,mage,arcane,11,3,8
Naween,hyjal,239,mage,arcane,5,3,2
Kairøs,dragonblight,223,mage,arcane,16,3,13
Леракобольд,gordunni,192,mage,arcane,6,2,4
Галадриелька,gordunni,192,mage,arcane,6,2,4
Миднаит,gordunni,192,mage,arcane,6,2,4
Crinkles,laughing-skull,192,mage,arcane,6,2,4
Imbatto,quelthalas,192,mage,arcane,6,2,4
Gôodgame,frostmane,192,mage,arcane,6,2,4
Génociidz,archimonde,192,mage,arcane,6,2,4
Аненази,goldrinn,192,mage,arcane,6,2,4
Зерагуд,eversong,192,mage,arcane,6,2,4
Dramajohns,silvermoon,192,mage,arcane,6,2,4
Ãshs,archimonde,192,mage,arcane,6,2,4
Teeclis,twisting-nether,192,mage,arcane,6,2,4
Kjh,twisting-nether,192,mage,arcane,6,2,4
Mejtschazor,twisting-nether,192,mage,arcane,6,2,4
Azoru,twisting-nether,192,mage,arcane,6,2,4
Magepress,silvermoon,192,mage,arcane,6,2,4
Ryûblast,archimonde,192,mage,arcane,6,2,4
Capubell,nethersturm,192,mage,arcane,6,2,4
Sheeptowin,thrall,192,mage,arcane,6,2,4
Widepekka,ragnaros,192,mage,arcane,6,2,4
Йяу,howling-fjord,192,mage,arcane,6,2,4
Rommelo,ravencrest,192,mage,arcane,6,2,4
Oorly,aegwynn,192,mage,arcane,6,2,4
Lìx,ravencrest,192,mage,arcane,6,2,4
Nerzzhul,burning-legion,192,mage,arcane,6,2,4
Spellonfire,ravencrest,192,mage,arcane,6,2,4
Kold,stormscale,192,mage,arcane,6,2,4
Drinte,blackmoore,192,mage,arcane,6,2,4
Noxkin,stormscale,192,mage,arcane,6,2,4
Drencast,hyjal,192,mage,arcane,6,2,4
Naomypayton,tarren-mill,192,mage,arcane,6,2,4
Линклер,fordragon,192,mage,arcane,6,2,4
Kuhwar,echsenkessel,192,mage,arcane,6,2,4
Ashioth,argent-dawn,192,mage,arcane,6,2,4
Quaile,malygos,192,mage,arcane,6,2,4
Äßäm,outland,192,mage,arcane,6,2,4
Versachi,neptulon,192,mage,arcane,6,2,4
Baravar,blackrock,192,mage,arcane,6,2,4
Kbd,outland,192,mage,arcane,6,2,4
Schiattacap,doomhammer,192,mage,arcane,12,2,10
Smlx,outland,192,mage,arcane,12,2,10
Farciminis,outland,192,mage,arcane,12,2,10
Rusto,hellscream,192,mage,arcane,12,2,10
Magse,kirin-tor,191,mage,arcane,6,2,4
Icx,tarren-mill,191,mage,arcane,6,2,4
Veveroiu,defias-brotherhood,191,mage,arcane,6,2,4
Anderl,kirin-tor,191,mage,arcane,12,2,10
Deadtedd,twisting-nether,138,mage,arcane,9,3,6
Lumberth,sanguino,96,mage,arcane,6,1,5
Старкскрим,gordunni,96,mage,arcane,6,1,5
Autramage,emerald-dream,96,mage,arcane,6,1,5
Thelastmage,outland,96,mage,arcane,6,1,5
Grönmonster,shattered-hand,96,mage,arcane,6,1,5
Animaze,argent-dawn,96,mage,arcane,6,1,5
Шпексх,soulflayer,96,mage,arcane,6,1,5
Kalokoh,tarren-mill,96,mage,arcane,6,1,5
Akharthion,defias-brotherhood,96,mage,arcane,6,1,5
Sorrow,outland,96,mage,arcane,6,1,5
Facerollyo,tarren-mill,96,mage,arcane,6,1,5
Wushii,aggra-português,96,mage,arcane,6,1,5
Саназэр,soulflayer,96,mage,arcane,6,1,5
Мерац,howling-fjord,96,mage,arcane,6,1,5
Mfnz,stormreaver,96,mage,arcane,6,1,5
Dobbite,archimonde,96,mage,arcane,6,1,5
Souldemon,burning-legion,96,mage,arcane,6,1,5
Karysta,blackhand,96,mage,arcane,6,1,5
Firehasse,draenor,96,mage,arcane,6,1,5
Moosemæn,stormscale,96,mage,arcane,6,1,5
Адренохромх,gordunni,96,mage,arcane,6,1,5
Glacius,stormscale,96,mage,arcane,6,1,5
Рэймонд,howling-fjord,96,mage,arcane,6,1,5
Nohbrain,blackmoore,96,mage,arcane,6,1,5
Azakadabra,ysondre,96,mage,arcane,6,1,5
Bakeren,frostmane,96,mage,arcane,6,1,5
Hólmess,silvermoon,96,mage,arcane,6,1,5
Caesarclown,silvermoon,96,mage,arcane,6,1,5
Zerøsílgødx,antonidas,96,mage,arcane,6,1,5
Døomey,ravencrest,96,mage,arcane,6,1,5
Криаркана,howling-fjord,96,mage,arcane,6,1,5
Yungbambix,twisting-nether,96,mage,arcane,6,1,5
Sidildur,ravencrest,96,mage,arcane,6,1,5
Buttet,blackmoore,96,mage,arcane,12,1,11
Damnlate,blackmoore,96,mage,arcane,12,1,11
Patricstewrd,draenor,96,mage,arcane,12,1,11
Magicpowers,silvermoon,96,mage,arcane,12,1,11
Varini,twisting-nether,96,mage,arcane,12,1,11
Манднесс,azuregos,79,mage,arcane,11,1,10
Vinlimar,drakthul,64,mage,arcane,4,1,3
Stümpy,ravencrest,64,mage,arcane,5,1,4
Partypower,twisting-nether,2404,mage,fire,66,48,18
Laynerz,kazzak,2388,mage,fire,105,68,37
Raíku,ravencrest,2360,mage,fire,84,50,34
Jíncks,draenor,2291,mage,fire,125,74,51
Барсуктри,deathguard,2288,mage,fire,148,91,57
Oseri,defias-brotherhood,2264,mage,fire,155,86,69
Tommy,laughing-skull,2245,mage,fire,126,70,56
Gelußaßa,ravencrest,2244,mage,fire,101,57,44
Hatsu,kazzak,2237,mage,fire,165,87,78
Milkenjoyer,ravencrest,2205,mage,fire,82,53,29
Slôw,kazzak,2178,mage,fire,71,47,24
Nilitar,kazzak,2175,mage,fire,96,52,44
Håtsu,ravencrest,2160,mage,fire,209,107,102
Róseonly,ravencrest,2152,mage,fire,114,61,53
Thegoodoctor,kazzak,2145,mage,fire,325,168,157
Файрус,soulflayer,2132,mage,fire,176,94,82
Plexyoo,thrall,2123,mage,fire,74,40,34
Slashspít,ravencrest,2119,mage,fire,69,40,29
Диссоциация,greymane,2117,mage,fire,101,59,42
Fairus,ravencrest,2105,mage,fire,65,47,18
Serctheone,ravencrest,2100,mage,fire,76,46,30
Шипми,gordunni,2100,mage,fire,180,98,82
Файрусх,deathguard,2097,mage,fire,69,40,29
Cörnflekz,stormscale,2091,mage,fire,110,70,40
Octtmiss,twisting-nether,2061,mage,fire,104,64,40
Ðevlqt,blackmoore,2057,mage,fire,212,120,92
Яшабурстх,blackscar,2041,mage,fire,165,88,77
Lisanalgaib,kilrogg,2037,mage,fire,105,59,46
Espressno,ravencrest,2030,mage,fire,42,35,7
Ráìkù,ravencrest,2021,mage,fire,60,32,28
Røysi,ravencrest,2013,mage,fire,75,44,31
Dazz,ravencrest,2013,mage,fire,275,141,134
Setyouoncs,ravencrest,2010,mage,fire,160,89,71
Søz,agamaggan,1993,mage,fire,24,21,3
Mssilvy,sylvanas,1988,mage,fire,246,136,110
Nuj,blackrock,1982,mage,fire,30,21,9
Nilitarrgh,outland,1976,mage,fire,47,27,20
Реордиан,gordunni,1975,mage,fire,86,38,48
Dxdxdxdxdx,drakthul,1969,mage,fire,89,56,33
Tiáno,drakthul,1966,mage,fire,84,46,38
Рофкастер,gordunni,1963,mage,fire,180,88,92
Håtemebaby,kazzak,1962,mage,fire,90,39,51
Wheí,ravencrest,1951,mage,fire,84,51,33
Twizzkek,silvermoon,1951,mage,fire,195,94,101
Magijoana,silvermoon,1948,mage,fire,96,52,44
Lemaroxd,draenor,1942,mage,fire,81,43,38
Ввнд,galakrond,1941,mage,fire,66,33,33
Bigkent,stormscale,1936,mage,fire,80,40,40
Ygø,hyjal,1935,mage,fire,288,146,142
Evohz,stormscale,1932,mage,fire,91,49,42
Ãshs,archimonde,1927,mage,fire,36,24,12
Urkela,sylvanas,1923,mage,fire,144,80,64
Прауз,soulflayer,1921,mage,fire,151,79,72
Rizzlybear,outland,1918,mage,fire,75,35,40
Stümpy,ravencrest,1911,mage,fire,103,67,36
Symera,dun-modr,1910,mage,fire,89,58,31
Lyssæ,khaz-modan,1908,mage,fire,126,68,58
Síckmode,khadgar,1903,mage,fire,96,57,39
Reyown,archimonde,1901,mage,fire,82,58,24
Нереварин,soulflayer,1898,mage,fire,100,56,44
Fuego,sylvanas,1896,mage,fire,202,112,90
Choll,stormscale,1896,mage,fire,184,99,85
Obbcontrol,ravencrest,1894,mage,fire,240,130,110
Frozentwink,kul-tiras,1894,mage,fire,112,58,54
Mejtschazor,silvermoon,1893,mage,fire,89,56,33
Cornfloax,ravencrest,1893,mage,fire,60,37,23
Dizzy,ahnqiraj,1891,mage,fire,263,132,131
Wwjd,darksorrow,1885,mage,fire,55,31,24
Tìktokthot,outland,1882,mage,fire,36,23,13
Uknowhowwedu,aegwynn,1879,mage,fire,36,20,16
Altraftw,archimonde,1871,mage,fire,77,52,25
Uní,emerald-dream,1869,mage,fire,42,29,13
Shíróyama,ravencrest,1869,mage,fire,74,49,25
Smlx,outland,1868,mage,fire,78,42,36
Magiwan,silvermoon,1868,mage,fire,90,47,43
Avizura,kazzak,1865,mage,fire,30,24,6
Mßs,outland,1862,mage,fire,65,34,31
Uniquenoodle,alakir,1857,mage,fire,72,34,38
Dardie,ravencrest,1856,mage,fire,54,33,21
Зефенжо,howling-fjord,1854,mage,fire,59,31,28
Excuséme,ravencrest,1851,mage,fire,51,27,24
Frøstqt,ravencrest,1851,mage,fire,65,30,35
Isenhour,frostmane,1850,mage,fire,276,141,135
Dubbleblast,draenor,1849,mage,fire,48,33,15
Hazewrld,ravencrest,1848,mage,fire,132,62,70
Lotharie,aegwynn,1847,mage,fire,36,23,13
Фоулли,howling-fjord,1846,mage,fire,65,36,29
Spelltastíc,blackmoore,1844,mage,fire,54,34,20
Underscore,outland,1841,mage,fire,91,51,40
Timzør,outland,1837,mage,fire,60,37,23
Belled,silvermoon,1836,mage,fire,95,64,31
Колтрэйн,blackscar,1836,mage,fire,45,30,15
Watchmeclick,archimonde,1833,mage,fire,29,20,9
Skylezy,blackrock,1833,mage,fire,65,34,31
Evovar,silvermoon,1832,mage,fire,99,49,50
Archíques,kazzak,1831,mage,fire,46,24,22
Shîmmer,ravencrest,1830,mage,fire,48,23,25
Spelltastìc,blackmoore,1828,mage,fire,78,43,35
Wàneís,ravencrest,1827,mage,fire,116,58,58
Aryasa,silvermoon,1824,mage,fire,42,28,14
Твейзи,blackscar,1823,mage,fire,40,24,16
Excuses,chamber-of-aspects,1823,mage,fire,133,78,55
Вовзон,howling-fjord,1820,mage,fire,119,68,51
Хехгодх,gordunni,1818,mage,fire,33,20,13
Fireblood,runetotem,1818,mage,fire,102,53,49
Djflashz,archimonde,1817,mage,fire,100,51,49
Brokenlegman,defias-brotherhood,1816,mage,fire,36,22,14
Nøw,kazzak,1816,mage,fire,48,29,19
Hiryú,kazzak,1815,mage,fire,30,20,10
Elmaestró,aegwynn,1815,mage,fire,48,30,18
Haxyo,twisting-nether,1813,mage,fire,84,51,33
Wenant,ravencrest,1813,mage,fire,203,102,101
Шуткам,gordunni,1811,mage,fire,42,26,16
Рамблз,gordunni,1811,mage,fire,66,39,27
Mohammedjiba,ragnaros,1811,mage,fire,80,47,33
Jirt,stormscale,1809,mage,fire,59,35,24
Ókamí,ravencrest,1809,mage,fire,139,72,67
Cienaños,outland,1807,mage,fire,102,59,43
Миллерфест,howling-fjord,1807,mage,fire,88,47,41
Divey,draenor,1805,mage,fire,304,166,138
Prácticemàge,archimonde,1802,mage,fire,48,31,17
Goomba,tarren-mill,1800,mage,fire,83,35,48
Auchenax,argent-dawn,1796,mage,fire,79,47,32
Stoychav,outland,1795,mage,fire,193,105,88
Medivqt,ragnaros,1792,mage,fire,42,33,9
Dantiqa,ravencrest,1791,mage,fire,553,286,267
Sâkuya,blackrock,1790,mage,fire,100,57,43
Takayaki,terokkar,1790,mage,fire,112,63,49
Калихор,gordunni,1785,mage,fire,96,59,37
Uknowhowwedu,blackrock,1784,mage,fire,48,28,20
Larmp,outland,1783,mage,fire,60,32,28
Hooksclay,archimonde,1781,mage,fire,72,40,32
Nøw,ravencrest,1779,mage,fire,69,35,34
Shahnoza,thrall,1775,mage,fire,51,31,20
Ширм,blackscar,1774,mage,fire,42,22,20
Camefromzoo,outland,1773,mage,fire,34,21,13
Rizzycakes,silvermoon,1769,mage,fire,90,48,42
Shavay,blackmoore,1768,mage,fire,50,26,24
Czd,outland,1768,mage,fire,172,82,90
Consquens,aszune,1767,mage,fire,54,34,20
Nihilvm,dalaran,1767,mage,fire,88,43,45
Hey,khazgoroth,1765,mage,fire,140,75,65
Aleç,ravencrest,1764,mage,fire,28,20,8
Zoot,ravencrest,1760,mage,fire,54,26,28
Sanjoop,tarren-mill,1756,mage,fire,48,25,23
Anisovsky,archimonde,1754,mage,fire,59,26,33
Arcticfury,ravencrest,1753,mage,fire,36,22,14
Macheat,kazzak,1752,mage,fire,102,57,45
Titarie,ravencrest,1742,mage,fire,42,22,20
Cheerió,aggramar,1739,mage,fire,317,171,146
Гекомория,fordragon,1736,mage,fire,65,26,39
Nocturnes,sylvanas,1734,mage,fire,67,28,39
Cesi,silvermoon,1732,mage,fire,101,47,54
Âcryz,blackrock,1731,mage,fire,73,38,35
Smittywerbn,stormscale,1730,mage,fire,102,57,45
Cleophe,burning-legion,1728,mage,fire,101,65,36
Asterixus,sylvanas,1726,mage,fire,84,50,34
Funkyfriday,twisting-nether,1725,mage,fire,30,18,12
Zzpf,silvermoon,1725,mage,fire,102,48,54
Lìx,ravencrest,1722,mage,fire,36,24,12
Noxkin,stormscale,1722,mage,fire,54,28,26
Isildurone,ragnaros,1721,mage,fire,56,32,24
Enandia,darksorrow,1719,mage,fire,118,65,53
Проблембойх,gordunni,1719,mage,fire,60,25,35
Climatrix,twisting-nether,1718,mage,fire,47,35,12
Relik,sylvanas,1717,mage,fire,48,27,21
Cardioexpert,ravencrest,1711,mage,fire,36,29,7
Laciee,silvermoon,1711,mage,fire,80,44,36
Siérra,outland,1708,mage,fire,119,70,49
Авгурей,howling-fjord,1708,mage,fire,142,70,72
Insaneex,aegwynn,1707,mage,fire,48,27,21
Skrex,blackrock,1707,mage,fire,446,233,213
Kilstine,outland,1706,mage,fire,30,21,9
Triplesevenx,silvermoon,1706,mage,fire,283,151,132
Миднаит,gordunni,1705,mage,fire,126,73,53
Spicyboi,archimonde,1702,mage,fire,24,18,6
Rekzaop,ravencrest,1700,mage,fire,28,19,9
Hil,blackrock,1700,mage,fire,83,52,31
Magethings,kazzak,1700,mage,fire,192,102,90
Stepdaddyy,kazzak,1698,mage,fire,36,18,18
Saiyangodx,twisting-nether,1698,mage,fire,102,50,52
Quentin,grim-batol,1694,mage,fire,206,107,99
Достижений,soulflayer,1694,mage,fire,125,58,67
Акиххабара,gordunni,1693,mage,fire,60,36,24
Magnobi,sanguino,1692,mage,fire,42,24,18
Abêj,malygos,1691,mage,fire,44,23,21
Abruaa,tarren-mill,1688,mage,fire,41,24,17
Nùts,archimonde,1686,mage,fire,84,39,45
Jumpfanqt,stormscale,1685,mage,fire,30,23,7
Kurtcobain,draenor,1683,mage,fire,77,44,33
Harrisøn,dun-modr,1682,mage,fire,48,28,20
Onkela,arygos,1681,mage,fire,36,34,2
Castorcato,kazzak,1681,mage,fire,48,21,27
Naps,argent-dawn,1678,mage,fire,134,76,58
Koltom,ravencrest,1676,mage,fire,36,26,10
Nelfchewer,ravencrest,1676,mage,fire,46,26,20
Pumped,haomarush,1676,mage,fire,51,28,23
Icoz,nemesis,1673,mage,fire,100,55,45
Tacomagex,kazzak,1671,mage,fire,48,33,15
Magegødx,eredar,1668,mage,fire,78,48,30
Алаурс,howling-fjord,1665,mage,fire,84,48,36
Twoeightybpm,draenor,1664,mage,fire,58,33,25
Xîzy,outland,1663,mage,fire,48,24,24
Doonii,ragnaros,1661,mage,fire,71,34,37
Аквамэрис,gordunni,1658,mage,fire,36,21,15
Maguscarlsen,ravencrest,1658,mage,fire,156,89,67
Spellfaker,drakthul,1657,mage,fire,54,36,18
Pisini,tarren-mill,1656,mage,fire,48,22,26
Møøk,magtheridon,1654,mage,fire,30,19,11
Nàtcho,tichondrius,1654,mage,fire,47,24,23
Kindled,argent-dawn,1652,mage,fire,69,40,29
Пыроженное,deathguard,1652,mage,fire,72,35,37
Гнилоглазка,howling-fjord,1651,mage,fire,119,68,51
Elldiamage,draenor,1646,mage,fire,47,25,22
Denaleidi,stormscale,1645,mage,fire,45,24,21
Turbomedusa,draenor,1642,mage,fire,34,22,12
Akâri,silvermoon,1642,mage,fire,68,41,27
Ethiqq,gorgonnash,1639,mage,fire,48,24,24
Vulcanô,sanguino,1638,mage,fire,100,50,50
Agáné,ravencrest,1637,mage,fire,29,22,7
Snowbob,drakthul,1637,mage,fire,40,22,18
Magenerfed,archimonde,1637,mage,fire,42,21,21
Greaterkick,blackrock,1636,mage,fire,39,25,14
Asiman,eredar,1634,mage,fire,42,22,20
Двинск,soulflayer,1631,mage,fire,81,38,43
Fuhrem,blackrock,1630,mage,fire,36,23,13
Lilbolts,outland,1629,mage,fire,24,17,7
Арара,gordunni,1629,mage,fire,30,17,13
Zíru,outland,1629,mage,fire,69,37,32
Benjibop,ravencrest,1628,mage,fire,29,21,8
Мактай,gordunni,1628,mage,fire,36,23,13
Ayken,burning-legion,1628,mage,fire,42,26,16
Råståfåri,uldum,1627,mage,fire,87,47,40
Intz,twisting-nether,1627,mage,fire,105,55,50
Htwhy,kazzak,1627,mage,fire,210,108,102
Ipen,bloodfeather,1626,mage,fire,24,17,7
Ênizt,archimonde,1626,mage,fire,58,34,24
Roxxis,kazzak,1625,mage,fire,30,17,13
Дрраго,greymane,1625,mage,fire,167,92,75
Crooja,antonidas,1624,mage,fire,48,30,18
Gaárá,stormscale,1624,mage,fire,564,284,280
Нефростмаг,gordunni,1623,mage,fire,94,50,44
Radiantfury,outland,1623,mage,fire,88,41,47
Blix,sanguino,1622,mage,fire,36,20,16
Фюртэ,howling-fjord,1621,mage,fire,30,17,13
Игрдлпдров,gordunni,1621,mage,fire,163,91,72
Dauwen,silvermoon,1620,mage,fire,72,40,32
Sedmaka,neptulon,1619,mage,fire,63,39,24
Camelshaver,tarren-mill,1617,mage,fire,42,26,16
Combusturmum,outland,1617,mage,fire,36,19,17
Andors,conseil-des-ombres,1616,mage,fire,24,17,7
Yh,ragnaros,1616,mage,fire,24,17,7
Lilblinks,silvermoon,1616,mage,fire,126,67,59
Cenzored,chamber-of-aspects,1614,mage,fire,29,19,10
Xyfys,azshara,1613,mage,fire,36,22,14
Chrismage,argent-dawn,1613,mage,fire,103,56,47
Hambones,outland,1613,mage,fire,51,23,28
Einsmagus,blackrock,1612,mage,fire,54,32,22
Sendro,twisting-nether,1612,mage,fire,51,28,23
Sheepmeepbip,ravencrest,1612,mage,fire,166,77,89
Itsøkay,archimonde,1611,mage,fire,36,21,15
Витуз,gordunni,1610,mage,fire,66,35,31
Texmexguden,tarren-mill,1610,mage,fire,66,35,31
Badguy,arathor,1610,mage,fire,42,21,21
Línus,twisting-nether,1609,mage,fire,24,21,3
Хблэйз,howling-fjord,1609,mage,fire,61,35,26
Aronnax,ravencrest,1609,mage,fire,64,34,30
Hólmess,silvermoon,1609,mage,fire,97,46,51
Felìá,kazzak,1608,mage,fire,48,27,21
Аластормаг,deathweaver,1608,mage,fire,147,81,66
Firedeáth,kazzak,1608,mage,fire,100,55,45
Aimaniac,stormscale,1606,mage,fire,211,118,93
Jessaniel,chogall,1605,mage,fire,52,29,23
Sondremage,outland,1605,mage,fire,48,23,25
Tomia,burning-legion,1603,mage,fire,108,58,50
Незерёб,soulflayer,1603,mage,fire,42,22,20
Dcolon,tarren-mill,1603,mage,fire,48,23,25
Whats,korgall,1602,mage,fire,112,61,51
Айслэнц,howling-fjord,1602,mage,fire,42,21,21
Zimbabweborc,burning-legion,1600,mage,fire,36,25,11
Neuralnetwrk,sylvanas,1600,mage,fire,48,26,22
Emoden,silvermoon,1599,mage,fire,48,24,24
Aikamie,draenor,1597,mage,fire,152,83,69
Magão,frostmane,1597,mage,fire,112,56,56
Rewq,twisting-nether,1596,mage,fire,44,25,19
Wenndrid,draenor,1595,mage,fire,269,147,122
Witak,ysondre,1594,mage,fire,136,67,69
Thughunterqt,silvermoon,1590,mage,fire,218,113,105
Келлазар,gordunni,1590,mage,fire,90,46,44
Noblockgødx,dun-modr,1586,mage,fire,64,32,32
Säroumäne,archimonde,1584,mage,fire,55,28,27
Nurfdm,ravencrest,1581,mage,fire,29,20,9
Mons,the-venture-co,1581,mage,fire,188,99,89
Itrius,tarren-mill,1581,mage,fire,83,38,45
Kbd,outland,1580,mage,fire,60,33,27
Мосгормаг,gordunni,1579,mage,fire,35,21,14
Blinked,eredar,1578,mage,fire,48,34,14
Mëgu,silvermoon,1577,mage,fire,442,234,208
Satyrnaar,tarren-mill,1575,mage,fire,42,21,21
Steveishigh,tarren-mill,1574,mage,fire,61,33,28
Né,dalaran,1573,mage,fire,102,56,46
Дэлос,gordunni,1568,mage,fire,35,19,16
Bezelgeuse,pozzo-delleternità,1564,mage,fire,41,23,18
Смилер,gordunni,1563,mage,fire,108,59,49
Gnomag,argent-dawn,1563,mage,fire,184,97,87
Cinoox,blackrock,1562,mage,fire,181,103,78
Magegodx,rexxar,1559,mage,fire,92,55,37
Êigul,blackrock,1559,mage,fire,43,18,25
Uskomaaginen,ravencrest,1558,mage,fire,42,23,19
Hardtimes,blackhand,1556,mage,fire,74,38,36
Sekulicgoga,draenor,1555,mage,fire,132,82,50
Колдрагос,gordunni,1553,mage,fire,80,41,39
Shortchange,stormscale,1552,mage,fire,42,21,21
Сплитсистема,galakrond,1551,mage,fire,36,18,18
Gagaj,ravencrest,1549,mage,fire,66,32,34
Equálity,blackrock,1548,mage,fire,54,30,24
Alorin,dun-modr,1547,mage,fire,62,31,31
Büyübaba,twisting-nether,1547,mage,fire,87,42,45
Whócárés,dragonmaw,1546,mage,fire,30,17,13
Apócalyptic,tarren-mill,1546,mage,fire,249,130,119
Natchèl,ysondre,1544,mage,fire,42,25,17
Arcann,ravencrest,1544,mage,fire,42,25,17
Invinsible,xavius,1544,mage,fire,54,30,24
Terlon,ragnaros,1543,mage,fire,186,99,87
Poporciné,archimonde,1542,mage,fire,30,20,10
Kjh,twisting-nether,1540,mage,fire,26,17,9
Defrozen,twisting-nether,1540,mage,fire,82,41,41
Нетлель,soulflayer,1536,mage,fire,89,51,38
Pluggis,the-maelstrom,1536,mage,fire,54,27,27
Avb,twisting-nether,1535,mage,fire,24,16,8
Djdankzter,outland,1534,mage,fire,30,16,14
Consulalgeri,archimonde,1534,mage,fire,54,26,28
Razrkh,ragnaros,1533,mage,fire,102,57,45
Твейдей,blackscar,1533,mage,fire,30,16,14
Бингчилинг,howling-fjord,1533,mage,fire,48,24,24
Liendri,aegwynn,1532,mage,fire,90,49,41
Экзорсус,goldrinn,1530,mage,fire,160,81,79
Hbarftw,ravencrest,1528,mage,fire,30,20,10
Fakeklepter,sylvanas,1528,mage,fire,24,16,8
Stîckî,malganis,1528,mage,fire,29,19,10
Dázz,twisting-nether,1527,mage,fire,24,16,8
Magnopvp,sanguino,1527,mage,fire,24,16,8
Reqwyz,ragnaros,1527,mage,fire,56,32,24
Jonku,tarren-mill,1525,mage,fire,48,33,15
Цепнойпёс,goldrinn,1525,mage,fire,30,17,13
Ratedr,silvermoon,1525,mage,fire,46,26,20
Эарвенн,galakrond,1522,mage,fire,30,20,10
Robowhoore,silvermoon,1522,mage,fire,68,39,29
Фроз,soulflayer,1522,mage,fire,66,35,31
Аквамелис,gordunni,1522,mage,fire,84,36,48
Hexmath,tarren-mill,1518,mage,fire,53,30,23
Kyrn,zuljin,1517,mage,fire,117,63,54
Scoopssama,ravencrest,1517,mage,fire,96,51,45
Flypz,stormscale,1516,mage,fire,54,35,19
Banausisch,blackmoore,1514,mage,fire,58,30,28
Ahstin,teldrassil,1513,mage,fire,30,22,8
Baxeraa,draenor,1512,mage,fire,97,56,41
Tromie,archimonde,1511,mage,fire,156,84,72
Volksmagier,ravencrest,1510,mage,fire,25,17,8
Тачитачи,gordunni,1510,mage,fire,71,40,31
Pyrobomb,sylvanas,1509,mage,fire,96,45,51
Morphis,talnivarr,1508,mage,fire,42,23,19
Diper,burning-legion,1505,mage,fire,56,31,25
Mieria,argent-dawn,1504,mage,fire,54,30,24
Эстерленс,gordunni,1502,mage,fire,187,103,84
Magikere,tarren-mill,1502,mage,fire,54,26,28
Weedup,zuljin,1501,mage,fire,36,20,16
Neird,sinstralis,1500,mage,fire,78,44,34
Деозар,eversong,1499,mage,fire,338,171,167
Insanewizard,kazzak,1498,mage,fire,62,33,29
Camiina,shattered-hand,1497,mage,fire,149,78,71
Shinegami,hyjal,1497,mage,fire,42,21,21
Utarii,deathwing,1496,mage,fire,118,59,59
Cryptik,blackmoore,1495,mage,fire,121,66,55
Azakadabra,ysondre,1494,mage,fire,24,16,8
ßerkoßaggins,ravencrest,1492,mage,fire,86,44,42
Räikü,ravencrest,1490,mage,fire,66,42,24
Petar,tarren-mill,1490,mage,fire,127,62,65
Coqo,silvermoon,1490,mage,fire,78,35,43
Carinuz,blackmoore,1488,mage,fire,115,55,60
Fenrirson,drakthul,1487,mage,fire,210,115,95
Tokerlol,stormscale,1487,mage,fire,39,20,19
Aisha,neptulon,1486,mage,fire,30,16,14
Manvo,bloodscalp,1483,mage,fire,204,110,94
Firecold,silvermoon,1479,mage,fire,123,65,58
Calientay,ragnaros,1479,mage,fire,72,34,38
Rayniß,blackmoore,1475,mage,fire,108,54,54
Ghalanz,ravencrest,1474,mage,fire,141,70,71
Мозифорест,gordunni,1474,mage,fire,78,37,41
Mikefires,blackrock,1473,mage,fire,34,21,13
Pandathis,frostwolf,1472,mage,fire,30,20,10
Babidi,nemesis,1472,mage,fire,110,54,56
Kickyaa,twisting-nether,1471,mage,fire,84,43,41
Soxlol,sylvanas,1463,mage,fire,29,16,13
Frøzzen,blackrock,1463,mage,fire,41,22,19
Libre,stormscale,1463,mage,fire,440,219,221
Pradapimp,ravencrest,1462,mage,fire,49,25,24
Imtrynasheep,kazzak,1460,mage,fire,48,27,21
Netrinkuet,outland,1460,mage,fire,29,16,13
Bceps,stormscale,1459,mage,fire,96,48,48
Kalokoh,tarren-mill,1458,mage,fire,42,23,19
Anthrex,drakthul,1456,mage,fire,66,27,39
Hansdrol,outland,1455,mage,fire,60,33,27
Plætinum,ravencrest,1455,mage,fire,134,68,66
Røvso,ragnaros,1452,mage,fire,60,27,33
Elesios,blackmoore,1451,mage,fire,102,49,53
Musfis,burning-legion,1449,mage,fire,89,43,46
Lokilus,dalaran,1448,mage,fire,84,47,37
Estelliên,burning-legion,1448,mage,fire,54,25,29
Glïder,archimonde,1446,mage,fire,53,24,29
Bobbasor,defias-brotherhood,1445,mage,fire,121,63,58
Goodopeners,outland,1444,mage,fire,60,31,29
Tûttifrutti,ravencrest,1442,mage,fire,84,41,43
Marøjuniõr,draenor,1439,mage,fire,24,15,9
Secretagent,aegwynn,1439,mage,fire,66,37,29
Mäalaka,archimonde,1439,mage,fire,54,29,25
Akhali,chamber-of-aspects,1438,mage,fire,140,77,63
Bloodycast,archimonde,1436,mage,fire,105,51,54
Wizkidcutt,tarren-mill,1435,mage,fire,37,22,15
Ticklefinger,agamaggan,1434,mage,fire,24,15,9
Barbeuqx,garona,1432,mage,fire,47,24,23
Kappotjeplif,ravencrest,1431,mage,fire,120,64,56
Radagulf,outland,1431,mage,fire,35,17,18
Yshax,malganis,1431,mage,fire,91,38,53
Máximus,ravencrest,1429,mage,fire,32,16,16
Nøstradanus,archimonde,1428,mage,fire,102,65,37
Sticki,malganis,1428,mage,fire,24,15,9
Альвиам,borean-tundra,1426,mage,fire,39,23,16
Otpmage,tarren-mill,1425,mage,fire,24,15,9
Elynaé,draenor,1425,mage,fire,24,15,9
Bebenm,archimonde,1425,mage,fire,30,15,15
Bclaudiu,terokkar,1424,mage,fire,92,48,44
Mikaelà,blackmoore,1423,mage,fire,66,40,26
Shizzy,onyxia,1423,mage,fire,57,30,27
Bònk,sylvanas,1423,mage,fire,36,17,19
Magmarro,burning-legion,1422,mage,fire,149,78,71
Волшпробуда,gordunni,1421,mage,fire,70,41,29
Chucknoir,draenor,1420,mage,fire,30,16,14
Rictue,silvermoon,1419,mage,fire,55,33,22
Justjunzy,archimonde,1419,mage,fire,34,19,15
Pepsimaxlord,silvermoon,1417,mage,fire,30,15,15
Semiron,twisting-nether,1416,mage,fire,43,20,23
Mostevildude,blackhand,1414,mage,fire,24,15,9
Revanov,outland,1414,mage,fire,36,21,15
Elcølgaø,sanguino,1414,mage,fire,54,23,31
Charizard,emerald-dream,1413,mage,fire,21,16,5
Cooy,stormscale,1413,mage,fire,24,15,9
Szlay,blackmoore,1409,mage,fire,54,24,30
Versachi,neptulon,1407,mage,fire,42,22,20
Sukalamink,alonsus,1405,mage,fire,72,40,32
Yenkonidas,blackmoore,1405,mage,fire,48,26,22
Rockyballboa,silvermoon,1403,mage,fire,44,24,20
Exitelol,blackrock,1401,mage,fire,34,22,12
Atixx,aegwynn,1401,mage,fire,66,30,36
Malshash,outland,1400,mage,fire,24,15,9
Mejtschazor,twisting-nether,1400,mage,fire,29,16,13
Michellee,ravencrest,1399,mage,fire,29,15,14
Zéngã,kazzak,1399,mage,fire,61,31,30
Рифтиг,howling-fjord,1393,mage,fire,113,55,58
Ледянойкекс,gordunni,1390,mage,fire,52,26,26
Магмагистр,blackscar,1389,mage,fire,40,17,23
Yatsune,defias-brotherhood,1388,mage,fire,54,35,19
Gêrky,drakthul,1387,mage,fire,30,15,15
Mínêrvâ,blackrock,1386,mage,fire,29,16,13
Hængovêr,antonidas,1386,mage,fire,54,28,26
Silmara,shadowsong,1386,mage,fire,30,15,15
Fortian,boulderfist,1384,mage,fire,24,15,9
Tragíc,blackmoore,1383,mage,fire,29,15,14
Nohbrain,blackmoore,1383,mage,fire,100,51,49
Pawah,exodar,1380,mage,fire,48,28,20
Arckaen,elune,1378,mage,fire,54,32,22
Calegos,twisting-nether,1378,mage,fire,48,25,23
Xdu,silvermoon,1378,mage,fire,68,23,45
Rèsí,dun-morogh,1375,mage,fire,97,58,39
Ønlyfünds,archimonde,1373,mage,fire,57,26,31
Critr,sylvanas,1372,mage,fire,229,123,106
Sadrã,kazzak,1372,mage,fire,99,46,53
Freeyourmind,kazzak,1371,mage,fire,74,35,39
Frostytutes,ragnaros,1369,mage,fire,132,69,63
Prskalica,kazzak,1367,mage,fire,35,16,19
Zazatorica,tarren-mill,1366,mage,fire,198,101,97
Spellsteal,antonidas,1366,mage,fire,126,54,72
Stylaaz,twisting-nether,1365,mage,fire,83,44,39
Rilac,nordrassil,1365,mage,fire,63,29,34
Wëylin,chogall,1364,mage,fire,51,28,23
Zensheep,silvermoon,1364,mage,fire,30,15,15
Lepeps,silvermoon,1363,mage,fire,36,17,19
Avæ,stormscale,1363,mage,fire,36,16,20
Zigøuillette,hyjal,1363,mage,fire,48,20,28
Rapidfrost,drakthul,1362,mage,fire,72,49,23
Töframaður,draenor,1362,mage,fire,84,46,38
Kundry,tarren-mill,1362,mage,fire,30,15,15
Sylvîe,tarren-mill,1362,mage,fire,89,44,45
Wambamm,ravencrest,1362,mage,fire,39,16,23
Jorik,burning-legion,1361,mage,fire,33,19,14
Lompenlouder,ragnaros,1360,mage,fire,29,15,14
Cruscru,stormscale,1360,mage,fire,99,45,54
Jaídy,aegwynn,1359,mage,fire,94,47,47
Spispi,burning-legion,1359,mage,fire,44,19,25
Pewwpewwpeww,doomhammer,1354,mage,fire,161,81,80
Tiltedpapi,ravencrest,1353,mage,fire,59,26,33
Fingolfin,amanthul,1351,mage,fire,437,216,221
Caesarclown,silvermoon,1347,mage,fire,366,193,173
Icepiece,tarren-mill,1346,mage,fire,33,15,18
Immortanjoe,thrall,1345,mage,fire,84,44,40
Darkice,sanguino,1345,mage,fire,105,52,53
Borp,defias-brotherhood,1344,mage,fire,18,14,4
Росвенд,gordunni,1341,mage,fire,24,14,10
Magegôd,outland,1340,mage,fire,24,14,10
Sleepingfate,stormscale,1340,mage,fire,24,14,10
Searchy,blackhand,1339,mage,fire,212,113,99
Hérä,archimonde,1337,mage,fire,24,14,10
Wizandor,tarren-mill,1337,mage,fire,36,19,17
Jennao,stormscale,1336,mage,fire,24,14,10
Gandelfmaly,burning-legion,1335,mage,fire,24,14,10
Spacehoe,stormscale,1335,mage,fire,36,14,22
Olzaa,outland,1333,mage,fire,24,14,10
Zumbacafew,twisting-nether,1333,mage,fire,24,14,10
Séptímus,kazzak,1330,mage,fire,41,22,19
Koreanbbq,outland,1328,mage,fire,24,14,10
Ryzea,ravencrest,1328,mage,fire,90,46,44
Akrapovic,drakthul,1328,mage,fire,30,14,16
Resheep,kazzak,1327,mage,fire,24,14,10
Criticaldmg,malganis,1327,mage,fire,30,15,15
Plessx,sylvanas,1326,mage,fire,51,35,16
Animaze,argent-dawn,1324,mage,fire,138,74,64
Magicalmig,draenor,1323,mage,fire,126,75,51
Mirobol,hyjal,1318,mage,fire,60,29,31
Мерджреквест,howling-fjord,1315,mage,fire,78,40,38
Karima,drekthar,1314,mage,fire,28,15,13
Sonofdragon,frostwolf,1314,mage,fire,36,19,17
Quiwi,dun-modr,1313,mage,fire,45,30,15
Blackpantha,blackmoore,1312,mage,fire,50,29,21
Milgha,nemesis,1311,mage,fire,36,19,17
Moleester,twisting-nether,1311,mage,fire,36,14,22
Zestrax,kazzak,1310,mage,fire,48,31,17
Eddiee,outland,1305,mage,fire,126,60,66
Wormhole,kazzak,1305,mage,fire,40,15,25
Durdi,silvermoon,1303,mage,fire,73,41,32
Shreedmage,blackmoore,1303,mage,fire,75,33,42
Pyroden,stormscale,1301,mage,fire,54,32,22
Быкуня,gordunni,1299,mage,fire,102,54,48
Aulny,kaelthas,1298,mage,fire,105,47,58
Ziscine,tarren-mill,1297,mage,fire,51,23,28
Nuvx,ravencrest,1296,mage,fire,90,51,39
Shínsou,burning-blade,1294,mage,fire,90,42,48
Greey,blackhand,1293,mage,fire,38,21,17
Dobbite,archimonde,1292,mage,fire,72,46,26
Bakeren,frostmane,1290,mage,fire,30,14,16
Аваон,deathguard,1289,mage,fire,136,67,69
Momomagic,silvermoon,1289,mage,fire,70,33,37
Hahahehe,aegwynn,1288,mage,fire,45,24,21
Xkod,draenor,1283,mage,fire,36,17,19
Feuererdnuss,blackhand,1282,mage,fire,71,37,34
Skarxaa,sanguino,1280,mage,fire,108,49,59
Fiveboyjr,tarren-mill,1279,mage,fire,72,37,35
Интровертка,blackscar,1276,mage,fire,34,15,19
Wumz,blackrock,1274,mage,fire,51,21,30
Gerdâ,chants-éternels,1273,mage,fire,107,55,52
Maggresive,sylvanas,1272,mage,fire,46,20,26
Nïo,ravencrest,1272,mage,fire,79,33,46
Ihatemages,stormreaver,1270,mage,fire,66,27,39
Muzbi,turalyon,1267,mage,fire,40,17,23
Mauvé,blades-edge,1266,mage,fire,65,33,32
Gødstopmeplz,aegwynn,1265,mage,fire,29,14,15
Noviina,argent-dawn,1264,mage,fire,67,37,30
Cyrîll,malygos,1263,mage,fire,133,75,58
Kuríbo,gorgonnash,1262,mage,fire,33,19,14
Rhodghar,ravencrest,1259,mage,fire,60,24,36
Mohovik,wildhammer,1258,mage,fire,24,14,10
Varenca,blackrock,1256,mage,fire,75,35,40
Tombkiller,kult-der-verdammten,1256,mage,fire,60,27,33
Ethélinda,kirin-tor,1256,mage,fire,54,19,35
Luxxurious,xavius,1254,mage,fire,39,19,20
Buffenhance,ravencrest,1247,mage,fire,18,13,5
Фрозитв,blackscar,1247,mage,fire,18,13,5
Roohna,blackmoore,1247,mage,fire,103,52,51
Wizmec,silvermoon,1247,mage,fire,207,98,109
Knulljonný,kazzak,1247,mage,fire,30,13,17
Ioriyagami,dragonmaw,1245,mage,fire,23,14,9
Yanir,die-arguswacht,1245,mage,fire,24,13,11
Èverix,ravencrest,1245,mage,fire,24,13,11
Johnnydeepp,archimonde,1244,mage,fire,18,13,5
Sany,anubarak,1243,mage,fire,18,13,5
Romethito,dun-modr,1240,mage,fire,42,27,15
Diffa,tarren-mill,1240,mage,fire,24,13,11
Zivac,kazzak,1240,mage,fire,24,13,11
Astaden,die-aldor,1239,mage,fire,30,13,17
Grandbasile,hyjal,1235,mage,fire,42,13,29
Асидочка,soulflayer,1234,mage,fire,117,60,57
Skaleech,draenor,1234,mage,fire,30,13,17
Занерзулаа,soulflayer,1234,mage,fire,35,14,21
Вселениум,razuvious,1232,mage,fire,63,32,31
Faunas,kazzak,1230,mage,fire,46,27,19
Warwizz,sanguino,1226,mage,fire,24,13,11
Extracting,stormscale,1225,mage,fire,105,50,55
Darríck,argent-dawn,1225,mage,fire,53,23,30
Zuckerzimt,ravencrest,1224,mage,fire,30,13,17
Silatara,twisting-nether,1223,mage,fire,24,13,11
Shinzel,hyjal,1222,mage,fire,48,24,24
Ràyden,khaz-modan,1219,mage,fire,36,18,18
Magicuze,argent-dawn,1217,mage,fire,90,37,53
Zionara,stormscale,1216,mage,fire,66,33,33
Айсбоунт,eversong,1214,mage,fire,72,30,42
Джеззабэль,ashenvale,1204,mage,fire,24,15,9
Wankel,blackmoore,1201,mage,fire,89,38,51
Neoreactor,ravencrest,1198,mage,fire,24,13,11
Wîtchcurse,dentarg,1197,mage,fire,36,15,21
Blasic,stormscale,1194,mage,fire,36,16,20
Anshara,stormscale,1193,mage,fire,66,39,27
Hargun,the-maelstrom,1184,mage,fire,48,17,31
Bonto,tarren-mill,1182,mage,fire,52,23,29
Jezí,ghostlands,1181,mage,fire,17,13,4
Drunkpunk,kazzak,1179,mage,fire,74,43,31
Slashkiiss,archimonde,1179,mage,fire,107,55,52
Athenå,dalaran,1176,mage,fire,48,21,27
Ustafrr,argent-dawn,1175,mage,fire,25,14,11
Blitzo,madmortem,1174,mage,fire,53,29,24
Shadowmag,burning-legion,1172,mage,fire,160,79,81
Севериан,gordunni,1172,mage,fire,48,23,25
Darkoftw,ysondre,1166,mage,fire,25,13,12
Dóncójones,blackrock,1166,mage,fire,113,51,62
Xânârchy,minahonda,1164,mage,fire,42,17,25
Nezousta,sinstralis,1159,mage,fire,36,17,19
Isiah,kaelthas,1158,mage,fire,125,60,65
Линклер,fordragon,1158,mage,fire,48,19,29
Critzeklein,antonidas,1158,mage,fire,66,25,41
Roey,defias-brotherhood,1157,mage,fire,54,25,29
Мегумин,galakrond,1152,mage,fire,56,27,29
Илайза,fordragon,1151,mage,fire,12,12,0
Yésdávé,stormscale,1151,mage,fire,18,12,6
Moojob,kazzak,1151,mage,fire,24,12,12
Larah,les-clairvoyants,1151,mage,fire,30,13,17
Zøe,aggra-português,1150,mage,fire,18,12,6
Bzzr,tarren-mill,1150,mage,fire,18,12,6
Glacialspike,eredar,1150,mage,fire,18,12,6
Majinbo,doomhammer,1150,mage,fire,30,16,14
Kaki,stormscale,1150,mage,fire,36,19,17
Palpfiction,silvermoon,1150,mage,fire,24,12,12
Baldazzor,ravencrest,1149,mage,fire,18,12,6
Azulêera,archimonde,1149,mage,fire,24,12,12
Córgi,ravencrest,1149,mage,fire,24,12,12
Ahkkar,ravencrest,1147,mage,fire,24,12,12
Kold,stormscale,1147,mage,fire,24,12,12
Фрайзо,gordunni,1147,mage,fire,34,14,20
Wizarð,archimonde,1147,mage,fire,35,14,21
Hernêise,silvermoon,1146,mage,fire,24,12,12
Demensida,ravencrest,1145,mage,fire,28,13,15
Bamz,malganis,1144,mage,fire,24,12,12
Taylorswîft,ragnaros,1143,mage,fire,18,12,6
Avakadaver,draenor,1143,mage,fire,24,12,12
Ice,sargeras,1141,mage,fire,27,13,14
Themagicguy,silvermoon,1140,mage,fire,24,12,12
Blinklolz,ysondre,1140,mage,fire,24,12,12
Skitsó,shadowsong,1139,mage,fire,48,29,19
Drëâms,archimonde,1137,mage,fire,24,12,12
Fäust,drakthul,1136,mage,fire,52,16,36
Megancox,blackmoore,1133,mage,fire,38,19,19
Gàtsby,outland,1132,mage,fire,36,12,24
Castaneda,hellfire,1126,mage,fire,59,38,21
Piscialetto,nemesis,1126,mage,fire,66,29,37
Zaci,argent-dawn,1123,mage,fire,24,12,12
Pwntt,terenas,1123,mage,fire,30,12,18
Lybazinga,frostmane,1118,mage,fire,37,16,21
Rasputina,blackrock,1116,mage,fire,77,39,38
Дмблдр,soulflayer,1116,mage,fire,33,14,19
Самза,howling-fjord,1115,mage,fire,66,35,31
Buuszek,outland,1109,mage,fire,53,28,25
Illiaria,antonidas,1108,mage,fire,60,27,33
Дырявка,galakrond,1103,mage,fire,30,12,18
Мизерун,deathguard,1102,mage,fire,163,77,86
Вельдрик,soulflayer,1100,mage,fire,58,23,35
Worstlove,blackrock,1099,mage,fire,44,23,21
Zedsdeadbaby,argent-dawn,1096,mage,fire,30,15,15
Focusnik,silvermoon,1095,mage,fire,23,12,11
Kalyipso,blackrock,1095,mage,fire,48,19,29
Xue,azshara,1093,mage,fire,17,12,5
Mëismz,hyjal,1085,mage,fire,22,12,10
Fritmckhaine,archimonde,1084,mage,fire,66,35,31
Magicarno,kazzak,1083,mage,fire,42,15,27
Vyuca,argent-dawn,1075,mage,fire,26,13,13
Leontus,outland,1072,mage,fire,18,12,6
Gorleg,draenor,1072,mage,fire,47,17,30
Newtwo,ravencrest,1070,mage,fire,25,12,13
Xenodike,blackrock,1067,mage,fire,24,15,9
Wushii,aggra-português,1060,mage,fire,25,12,13
Dubstep,blackrock,1059,mage,fire,26,13,13
Ilikesheep,blackmoore,1056,mage,fire,18,11,7
Speedshatter,aegwynn,1056,mage,fire,18,11,7
Mowns,ravencrest,1056,mage,fire,24,11,13
Sérum,drakthul,1055,mage,fire,18,11,7
Únna,sanguino,1055,mage,fire,18,11,7
Covran,stormscale,1055,mage,fire,24,11,13
Dwang,nemesis,1054,mage,fire,18,11,7
Draquengar,tyrande,1054,mage,fire,18,11,7
Yoken,tarren-mill,1054,mage,fire,18,11,7
Xianji,ragnaros,1053,mage,fire,24,11,13
Coken,trollbane,1052,mage,fire,24,11,13
Zerøsílgødx,antonidas,1051,mage,fire,21,12,9
Estwald,arathor,1051,mage,fire,29,12,17
Zisseron,frostmane,1051,mage,fire,66,20,46
Cutiepanda,defias-brotherhood,1048,mage,fire,30,11,19
Bumboozling,kazzak,1046,mage,fire,24,11,13
Pablø,blackrock,1043,mage,fire,58,29,29
Laetitiah,archimonde,1042,mage,fire,26,11,15
Spader,argent-dawn,1040,mage,fire,30,12,18
Скиллао,gordunni,1037,mage,fire,47,19,28
Dyx,nemesis,1036,mage,fire,89,42,47
Mohrgan,malorne,1031,mage,fire,32,11,21
Freezandrun,tarren-mill,1030,mage,fire,59,31,28
Zymage,silvermoon,1030,mage,fire,33,12,21
Rmforever,archimonde,1029,mage,fire,42,21,21
Blazenaa,drakthul,1028,mage,fire,31,16,15
Магниффика,blackscar,1021,mage,fire,30,13,17
Sippebób,laughing-skull,1020,mage,fire,22,12,10
Vurtnez,kazzak,1019,mage,fire,24,11,13
Freezeballs,blackmoore,1017,mage,fire,37,12,25
Oiklo,eitrigg,1014,mage,fire,18,11,7
Бабайбайкала,gordunni,1006,mage,fire,73,27,46
Хээйлии,goldrinn,1001,mage,fire,30,15,15
Devilpain,zuluhed,1001,mage,fire,24,11,13
Krykz,sanguino,1001,mage,fire,27,11,16
Flocca,argent-dawn,997,mage,fire,26,13,13
Комонщик,howling-fjord,993,mage,fire,30,11,19
Icx,tarren-mill,989,mage,fire,120,61,59
Зубарол,gordunni,984,mage,fire,49,24,25
Lovesosa,malorne,977,mage,fire,45,21,24
Zyreanx,blackrock,976,mage,fire,19,11,8
Aurelius,kargath,971,mage,fire,19,11,8
Plazem,argent-dawn,971,mage,fire,54,20,34
Sèrum,drakthul,968,mage,fire,29,12,17
Vêganêr,blackmoore,965,mage,fire,65,37,28
Jæel,archimonde,965,mage,fire,84,29,55
Lanadorei,stormscale,964,mage,fire,27,11,16
Reeceburton,stormscale,960,mage,fire,12,10,2
Sukmikok,twisting-nether,960,mage,fire,12,10,2
Aletheía,stormscale,960,mage,fire,12,10,2
Lyrath,ghostlands,960,mage,fire,12,10,2
Benzol,eredar,960,mage,fire,18,10,8
Meisterg,frostwolf,960,mage,fire,18,10,8
Tfmchamp,ravencrest,959,mage,fire,18,10,8
Marybaguette,archimonde,959,mage,fire,18,10,8
Drè,daggerspine,959,mage,fire,18,10,8
Döom,chamber-of-aspects,959,mage,fire,24,10,14
Choccookies,lordaeron,959,mage,fire,27,11,16
Lilkiki,archimonde,958,mage,fire,12,10,2
Rambau,archimonde,958,mage,fire,18,10,8
Ахиригиз,gordunni,958,mage,fire,18,10,8
Слизерин,gordunni,958,mage,fire,24,10,14
Нехай,ashenvale,957,mage,fire,24,10,14
Kinetiq,kazzak,956,mage,fire,18,10,8
Anagramix,silvermoon,955,mage,fire,21,10,11
Shìnra,ravencrest,955,mage,fire,24,10,14
Mìsaki,hellscream,955,mage,fire,24,10,14
Чобон,soulflayer,955,mage,fire,24,10,14
Arandartis,kazzak,954,mage,fire,18,10,8
Santoz,blackrock,953,mage,fire,178,91,87
Tóadette,die-aldor,953,mage,fire,28,11,17
Firen,thrall,952,mage,fire,24,13,11
Benihimé,doomhammer,952,mage,fire,24,10,14
Çana,thrall,952,mage,fire,30,10,20
Shealá,blackhand,951,mage,fire,24,10,14
Firewitch,blackhand,950,mage,fire,24,10,14
Netherstorm,chogall,949,mage,fire,90,44,46
Cräzÿfrøst,archimonde,949,mage,fire,24,10,14
Hopewell,aszune,949,mage,fire,30,10,20
Halbattar,garona,944,mage,fire,36,17,19
Khalkazzar,darkspear,943,mage,fire,30,10,20
Кельтаз,soulflayer,932,mage,fire,30,15,15
Nécrømage,confrérie-du-thorium,926,mage,fire,17,10,7
Haelia,ysondre,926,mage,fire,18,10,8
Häddës,archimonde,925,mage,fire,24,14,10
Pyro,daggerspine,924,mage,fire,60,32,28
Warpx,aegwynn,922,mage,fire,221,106,115
Incenia,ravencrest,922,mage,fire,29,10,19
Drwrey,tarren-mill,905,mage,fire,23,10,13
Texhex,ahnqiraj,905,mage,fire,42,11,31
Nakamura,outland,901,mage,fire,26,11,15
Sagregas,silvermoon,899,mage,fire,99,45,54
Roberx,sanguino,894,mage,fire,22,10,12
Nåzmyz,outland,891,mage,fire,23,10,13
Vantimere,twisting-nether,886,mage,fire,31,11,20
Smî,aegwynn,875,mage,fire,42,21,21
Twizzax,silvermoon,864,mage,fire,12,9,3
Elysiar,kazzak,864,mage,fire,12,9,3
Dyen,hyjal,864,mage,fire,12,9,3
Gavno,ravencrest,864,mage,fire,12,9,3
Dastion,sylvanas,864,mage,fire,12,9,3
Mmrlancer,blackmoore,864,mage,fire,12,9,3
Grumpié,ravencrest,864,mage,fire,12,9,3
Shirrunn,the-maelstrom,864,mage,fire,12,9,3
Magerocks,ragnaros,864,mage,fire,12,9,3
Magebraín,ravencrest,864,mage,fire,12,9,3
Tills,kargath,864,mage,fire,18,9,9
Drfeeldgoodd,mazrigos,864,mage,fire,18,9,9
Sidek,sylvanas,864,mage,fire,18,9,9
Gadeplan,sylvanas,864,mage,fire,18,9,9
Aestus,outland,864,mage,fire,18,9,9
Smíte,kazzak,863,mage,fire,12,9,3
Tagrine,kaelthas,863,mage,fire,12,9,3
Vixis,dalaran,863,mage,fire,18,9,9
Katzron,twisting-nether,863,mage,fire,18,9,9
Sakuranosuke,twisting-nether,863,mage,fire,18,9,9
Alèxjones,stormscale,863,mage,fire,18,9,9
Idron,dunemaul,863,mage,fire,24,9,15
Spellhaze,outland,863,mage,fire,24,9,15
Lo,kilrogg,862,mage,fire,19,10,9
Ardu,burning-legion,862,mage,fire,18,9,9
Crackheads,hyjal,862,mage,fire,18,9,9
Sam,outland,862,mage,fire,18,9,9
Neférú,thrall,862,mage,fire,18,9,9
Феновар,goldrinn,862,mage,fire,24,9,15
Hokuspokicus,ravencrest,862,mage,fire,24,9,15
Bloodymage,zenedar,861,mage,fire,18,9,9
Loøgaã,ysondre,861,mage,fire,18,9,9
Abocajarro,dun-modr,861,mage,fire,18,9,9
Backped,kazzak,860,mage,fire,34,10,24
Неуклюжый,soulflayer,858,mage,fire,24,9,15
Чоуза,gordunni,858,mage,fire,24,9,15
Magyxk,blackmoore,857,mage,fire,12,9,3
Drewna,silvermoon,856,mage,fire,16,10,6
Magicspark,madmortem,856,mage,fire,83,39,44
Iceorb,azshara,856,mage,fire,30,9,21
Malicä,ravencrest,854,mage,fire,54,20,34
Bigbazzabean,silvermoon,849,mage,fire,42,17,25
Ofeu,archimonde,845,mage,fire,29,9,20
Айсфурия,gordunni,829,mage,fire,16,9,7
Óoj,outland,827,mage,fire,15,10,5
Nagano,deathwing,827,mage,fire,23,9,14
Veveroiu,defias-brotherhood,820,mage,fire,39,16,23
Blinkinpark,pozzo-delleternità,814,mage,fire,21,10,11
Løxyy,ysondre,793,mage,fire,36,12,24
Валбериса,deepholm,788,mage,fire,16,9,7
Kyani,mannoroth,787,mage,fire,28,9,19
Baconlife,tarren-mill,775,mage,fire,11,9,2
Zeddic,burning-legion,771,mage,fire,83,32,51
Lazuly,blackhand,771,mage,fire,25,9,16
Panikdoktor,silvermoon,768,mage,fire,12,8,4
Dardíe,ravencrest,768,mage,fire,12,8,4
Stockfísh,ravencrest,768,mage,fire,12,8,4
Seshlad,stormscale,768,mage,fire,12,8,4
Lestrangé,azjolnerub,768,mage,fire,12,8,4
Mlodysimba,burning-legion,768,mage,fire,12,8,4
Matsuratkø,nemesis,768,mage,fire,12,8,4
Worstdenmark,stormscale,768,mage,fire,12,8,4
Spellonfire,ravencrest,768,mage,fire,12,8,4
Watchmeclic,archimonde,768,mage,fire,12,8,4
Apollohouse,ravencrest,768,mage,fire,12,8,4
Soulraider,tarren-mill,768,mage,fire,12,8,4
Jörs,stormreaver,768,mage,fire,12,8,4
Sölø,stormscale,768,mage,fire,12,8,4
Dalaras,archimonde,768,mage,fire,18,8,10
Misay,outland,768,mage,fire,18,8,10
Zelimeth,outland,768,mage,fire,18,8,10
Gossipgirlz,outland,768,mage,fire,22,9,13
Airo,drakthul,768,mage,fire,24,8,16
Mðj,kazzak,768,mage,fire,24,8,16
Чиллмен,ashenvale,767,mage,fire,12,8,4
Codeincassie,blackhand,767,mage,fire,18,8,10
Coldwanderer,kazzak,767,mage,fire,18,8,10
Sszz,ravencrest,767,mage,fire,18,8,10
Grailandia,uldum,767,mage,fire,18,8,10
Dynamica,ravencrest,767,mage,fire,18,8,10
Suma,archimonde,767,mage,fire,18,8,10
Auzt,kazzak,767,mage,fire,18,8,10
Эммилиарда,gordunni,767,mage,fire,18,8,10
Alyraza,chamber-of-aspects,767,mage,fire,18,8,10
Testzerodeux,archimonde,767,mage,fire,18,8,10
Вендайса,soulflayer,767,mage,fire,18,8,10
Sapien,sanguino,767,mage,fire,18,8,10
Elreas,blackmoore,767,mage,fire,18,8,10
Teaeeth,silvermoon,766,mage,fire,12,8,4
Takiix,antonidas,766,mage,fire,12,8,4
Babymagici,kazzak,765,mage,fire,12,8,4
Copiüm,kazzak,765,mage,fire,18,8,10
Ølórin,silvermoon,765,mage,fire,60,16,44
Gregoss,elune,764,mage,fire,18,8,10
Zjap,argent-dawn,764,mage,fire,18,8,10
Solarian,nemesis,764,mage,fire,18,8,10
Exxylia,aegwynn,763,mage,fire,18,8,10
Iamslow,sylvanas,762,mage,fire,12,8,4
Linyah,arathor,762,mage,fire,18,8,10
Elterion,sylvanas,760,mage,fire,24,8,16
Mogettemagic,ysondre,760,mage,fire,33,9,24
Arcadua,sanguino,758,mage,fire,12,8,4
Фиеран,grom,747,mage,fire,26,10,16
Kalyypso,arygos,735,mage,fire,16,9,7
Ðjwåtermeløn,ravencrest,735,mage,fire,17,8,9
Фирдаркнесс,howling-fjord,734,mage,fire,23,8,15
Mitchmage,ravencrest,732,mage,fire,17,8,9
Mercem,stormscale,719,mage,fire,11,8,3
Iwannakissu,gorgonnash,719,mage,fire,17,8,9
Monfisback,archimonde,703,mage,fire,11,8,3
Тудысюдым,eversong,684,mage,fire,19,8,11
Pàntera,blackmoore,683,mage,fire,31,8,23
Fckkicks,thrall,672,mage,fire,12,7,5
Randommagexd,ravencrest,672,mage,fire,12,7,5
Melíssa,silvermoon,672,mage,fire,12,7,5
Sykz,hyjal,672,mage,fire,12,7,5
Pævl,drakthul,672,mage,fire,12,7,5
Lïppoutou,archimonde,672,mage,fire,12,7,5
Rotøk,burning-legion,672,mage,fire,12,7,5
Mfnz,stormreaver,672,mage,fire,12,7,5
Исендэя,gordunni,672,mage,fire,12,7,5
Iconic,eredar,672,mage,fire,12,7,5
Wizkhafury,ravencrest,672,mage,fire,12,7,5
Träshxd,sanguino,672,mage,fire,12,7,5
Кодимагх,gordunni,672,mage,fire,12,7,5
Pïeck,archimonde,672,mage,fire,12,7,5
Mýthos,sanguino,672,mage,fire,12,7,5
Gnðmeonfire,sylvanas,672,mage,fire,12,7,5
Джелиона,gordunni,672,mage,fire,12,7,5
Анзот,howling-fjord,672,mage,fire,18,7,11
Waan,sylvanas,672,mage,fire,18,7,11
Wmp,ravencrest,672,mage,fire,18,7,11
Anaxtra,guldan,672,mage,fire,18,7,11
Mante,antonidas,672,mage,fire,18,7,11
Mangiafuoco,nemesis,672,mage,fire,18,7,11
Ямм,blackscar,671,mage,fire,12,7,5
Barspin,lightnings-blade,671,mage,fire,12,7,5
Azîlko,frostwolf,671,mage,fire,12,7,5
Uwutehe,ravencrest,671,mage,fire,12,7,5
Нерария,howling-fjord,671,mage,fire,12,7,5
Ãzi,ravencrest,671,mage,fire,12,7,5
Sokardes,the-maelstrom,671,mage,fire,16,8,8
Schøkø,eredar,671,mage,fire,18,7,11
Julieliphie,silvermoon,671,mage,fire,18,7,11
Reeroll,arthas,671,mage,fire,24,7,17
Arhan,argent-dawn,670,mage,fire,12,7,5
Ceinxjk,ravencrest,670,mage,fire,12,7,5
Жгумпель,howling-fjord,670,mage,fire,24,7,17
Awart,burning-legion,670,mage,fire,24,7,17
Vanah,the-maelstrom,669,mage,fire,12,7,5
Dmme,dun-morogh,669,mage,fire,24,7,17
Tratuf,hyjal,668,mage,fire,18,7,11
Мьёрэ,soulflayer,667,mage,fire,12,7,5
Kaktuzze,antonidas,664,mage,fire,24,7,17
Houdiní,stormscale,658,mage,fire,18,7,11
Elypøde,ysondre,657,mage,fire,12,7,5
Ларавэл,blackscar,657,mage,fire,21,10,11
Eatmybarrage,ragnaros,638,mage,fire,17,7,10
Vulcanx,stormscale,638,mage,fire,17,7,10
ßåsåñ,archimonde,623,mage,fire,11,7,4
Goukakyu,ravencrest,618,mage,fire,11,7,4
Tigerblod,tarren-mill,618,mage,fire,16,8,8
Qusx,malganis,607,mage,fire,11,7,4
Lerdasza,exodar,607,mage,fire,22,7,15
Mirajânê,blackmoore,606,mage,fire,16,7,9
Kilféfroid,ysondre,589,mage,fire,13,7,6
Paiz,tarren-mill,576,mage,fire,6,6,0
Kippercarry,outland,576,mage,fire,6,6,0
Apcg,sylvanas,576,mage,fire,6,6,0
Ózí,ravencrest,576,mage,fire,6,6,0
Naween,hyjal,576,mage,fire,12,6,6
Inaruy,hyjal,576,mage,fire,12,6,6
Azraiël,burning-legion,576,mage,fire,12,6,6
Meign,eredar,576,mage,fire,12,6,6
Fullpolly,twisting-nether,576,mage,fire,12,6,6
Derchong,kazzak,576,mage,fire,12,6,6
Jengele,argent-dawn,576,mage,fire,12,6,6
Macey,ravencrest,576,mage,fire,12,6,6
Canceled,kazzak,576,mage,fire,12,6,6
Blästz,hyjal,576,mage,fire,12,6,6
Chareyla,argent-dawn,576,mage,fire,12,6,6
Frostvirgin,twisting-nether,576,mage,fire,12,6,6
Tainted,eredar,576,mage,fire,12,6,6
Qtpoof,sylvanas,576,mage,fire,12,6,6
Alterwhite,archimonde,576,mage,fire,12,6,6
Nihilum,dalaran,576,mage,fire,12,6,6
Frostwaffles,draenor,576,mage,fire,12,6,6
Santriss,defias-brotherhood,576,mage,fire,12,6,6
Мэджу,gordunni,576,mage,fire,12,6,6
Aurorax,ravencrest,576,mage,fire,12,6,6
Skylez,blackrock,576,mage,fire,12,6,6
Feath,ravencrest,576,mage,fire,12,6,6
Zaralarssòn,ravencrest,576,mage,fire,12,6,6
Lovësosa,hyjal,576,mage,fire,16,7,9
Nötmârtònxø,ragnaros,576,mage,fire,18,6,12
Susantek,antonidas,576,mage,fire,18,6,12
Sephron,malganis,576,mage,fire,18,6,12
Qwibbly,kazzak,576,mage,fire,18,6,12
Gunglefutz,the-maelstrom,576,mage,fire,18,6,12
Kitchimage,ravencrest,575,mage,fire,12,6,6
Gavra,ravencrest,575,mage,fire,12,6,6
Illius,kelthuzad,575,mage,fire,12,6,6
Sickles,thrall,575,mage,fire,12,6,6
Dibzz,sanguino,575,mage,fire,12,6,6
Levora,ragnaros,575,mage,fire,12,6,6
Wolftemper,ravencrest,575,mage,fire,15,7,8
Unresplandor,sanguino,575,mage,fire,16,7,9
Choons,twisting-nether,575,mage,fire,18,6,12
Umaguma,elune,575,mage,fire,18,6,12
Saturator,burning-legion,575,mage,fire,18,6,12
Lifymage,sylvanas,575,mage,fire,18,6,12
Cuishle,kaelthas,575,mage,fire,18,6,12
Arhi,silvermoon,575,mage,fire,18,6,12
Lupuus,anubarak,575,mage,fire,24,6,18
Explosìve,arthas,574,mage,fire,12,6,6
Йяу,howling-fjord,574,mage,fire,18,6,12
Shâykó,sylvanas,573,mage,fire,12,6,6
Поймайбелку,booty-bay,572,mage,fire,12,6,6
Melimar,khaz-modan,572,mage,fire,12,6,6
Труупоед,borean-tundra,571,mage,fire,12,6,6
Laviathan,die-aldor,568,mage,fire,12,6,6
Evrem,karazhan,566,mage,fire,12,6,6
Watchmepanda,ravencrest,544,mage,fire,10,6,4
Гунмаказ,gordunni,543,mage,fire,10,7,3
Hidrax,outland,543,mage,fire,16,6,10
Nâmiz,blackrock,528,mage,fire,9,6,3
Мэдраша,gordunni,527,mage,fire,23,6,17
Zeklo,frostmane,521,mage,fire,20,7,13
Dárdie,ravencrest,512,mage,fire,10,6,4
Jél,stormscale,480,mage,fire,6,5,1
Pyllymake,kazzak,480,mage,fire,6,5,1
Полеморв,soulflayer,480,mage,fire,6,5,1
Helloimgone,blackmoore,480,mage,fire,6,5,1
Ицка,fordragon,480,mage,fire,6,5,1
Yoku,nethersturm,480,mage,fire,6,5,1
Xigore,blackrock,480,mage,fire,6,5,1
Dastion,ravencrest,480,mage,fire,6,5,1
Arýà,blackmoore,480,mage,fire,6,5,1
Kiey,silvermoon,480,mage,fire,6,5,1
Soz,agamaggan,480,mage,fire,6,5,1
Iceterror,ravencrest,480,mage,fire,12,5,7
Capz,outland,480,mage,fire,12,5,7
Shifteurprõ,hyjal,480,mage,fire,12,5,7
Arcandor,tarren-mill,480,mage,fire,12,5,7
Sheepwithmeh,blackrock,480,mage,fire,12,5,7
Tessai,sargeras,480,mage,fire,12,5,7
Palyd,the-maelstrom,480,mage,fire,12,5,7
Mässîvècøx,ragnaros,480,mage,fire,12,5,7
Quincy,frostwolf,480,mage,fire,12,5,7
Sused,outland,480,mage,fire,12,5,7
Questgrills,kazzak,480,mage,fire,12,5,7
Dampgame,twisting-nether,480,mage,fire,12,5,7
Хаскивсказке,gordunni,480,mage,fire,12,5,7
Cleancc,blackhand,480,mage,fire,12,5,7
Ovrhà,kazzak,480,mage,fire,12,5,7
Teeclis,twisting-nether,480,mage,fire,12,5,7
Runbabyrun,hyjal,480,mage,fire,12,5,7
Mobjar,twisting-nether,480,mage,fire,12,5,7
Шарансул,soulflayer,480,mage,fire,12,5,7
Firever,sanguino,480,mage,fire,12,5,7
Namemage,stormscale,480,mage,fire,12,5,7
Magechonk,kazzak,480,mage,fire,12,5,7
Ccoco,anetheron,480,mage,fire,18,6,12
Damnlate,blackmoore,480,mage,fire,18,5,13
Halfanapple,the-maelstrom,480,mage,fire,18,5,13
Infamage,draenor,480,mage,fire,18,5,13
Mariiejanee,nozdormu,480,mage,fire,18,5,13
Rõdokunohi,darksorrow,479,mage,fire,12,5,7
Roythelan,steamwheedle-cartel,479,mage,fire,12,5,7
Эпсиха,lich-king,479,mage,fire,12,5,7
Qqcult,ravencrest,479,mage,fire,15,6,9
Heleng,draenor,479,mage,fire,18,5,13
Beardmorph,auchindoun,479,mage,fire,18,5,13
Bhalïn,dun-modr,479,mage,fire,36,5,31
Oneal,the-maelstrom,478,mage,fire,12,5,7
Exorifrigo,dun-modr,477,mage,fire,22,5,17
Eldiablo,dun-modr,476,mage,fire,12,5,7
Нубарь,thermaplugg,473,mage,fire,12,5,7
Draenaya,forscherliga,473,mage,fire,21,6,15
Begra,silvermoon,472,mage,fire,12,5,7
Nabucor,culte-de-la-rive-noire,468,mage,fire,31,6,25
Mimicassa,defias-brotherhood,451,mage,fire,34,17,17
Jondahr,emerald-dream,416,mage,fire,16,5,11
Сморгонец,gordunni,412,mage,fire,14,5,9
Ference,tichondrius,400,mage,fire,13,5,8
Stíckí,malganis,384,mage,fire,6,4,2
Fkndog,ravencrest,384,mage,fire,6,4,2
Drcs,kazzak,384,mage,fire,6,4,2
Cyser,kazzak,384,mage,fire,6,4,2
Praison,defias-brotherhood,384,mage,fire,6,4,2
Garbedge,silvermoon,384,mage,fire,6,4,2
Eìnì,kazzak,384,mage,fire,6,4,2
Mnday,ravencrest,384,mage,fire,6,4,2
Khronic,darksorrow,384,mage,fire,6,4,2
Curran,ravencrest,384,mage,fire,6,4,2
Bazemage,twisting-nether,384,mage,fire,6,4,2
Bergillos,sanguino,384,mage,fire,6,4,2
Facerollyo,tarren-mill,384,mage,fire,6,4,2
Ovrpwrdxd,kazzak,384,mage,fire,6,4,2
Waterhagx,tarren-mill,384,mage,fire,6,4,2
Shyasianmage,area-52,384,mage,fire,6,4,2
Euklid,ravencrest,384,mage,fire,6,4,2
Dsmoke,ravencrest,384,mage,fire,6,4,2
Stabmagey,twisting-nether,384,mage,fire,6,4,2
Смоукиайс,blackscar,384,mage,fire,6,4,2
Yenneferr,magtheridon,384,mage,fire,6,4,2
Szusigombóc,ragnaros,384,mage,fire,6,4,2
Machydapha,outland,384,mage,fire,6,4,2
Gennésïs,darksorrow,384,mage,fire,6,4,2
Pavlé,draenor,384,mage,fire,6,4,2
Esculapìo,nemesis,384,mage,fire,6,4,2
Wopi,sylvanas,384,mage,fire,6,4,2
Gidsor,silvermoon,384,mage,fire,6,4,2
Xsro,blackrock,384,mage,fire,6,4,2
Jínró,draenor,384,mage,fire,6,4,2
Âres,kargath,384,mage,fire,6,4,2
Vorst,shattered-hand,384,mage,fire,6,4,2
Pogböss,malorne,384,mage,fire,6,4,2
Nelway,hyjal,384,mage,fire,6,4,2
Xläderz,ravencrest,384,mage,fire,6,4,2
Kenjablejz,the-maelstrom,384,mage,fire,6,4,2
Kkohp,ravencrest,384,mage,fire,6,4,2
Гандолъер,soulflayer,384,mage,fire,6,4,2
Mythiox,antonidas,384,mage,fire,6,4,2
Botbotamba,hyjal,384,mage,fire,6,4,2
Farmassist,stormscale,384,mage,fire,6,4,2
Pstkstpst,ravencrest,384,mage,fire,6,4,2
Saryotheone,silvermoon,384,mage,fire,6,4,2
Doryy,silvermoon,384,mage,fire,6,4,2
Chièlui,silvermoon,384,mage,fire,6,4,2
Brãein,uldaman,384,mage,fire,6,4,2
Sinanspappa,argent-dawn,384,mage,fire,6,4,2
Blinker,frostwhisper,384,mage,fire,6,4,2
Whìtewalker,pozzo-delleternità,384,mage,fire,6,4,2
Henqo,burning-legion,384,mage,fire,15,5,10
Викликс,borean-tundra,384,mage,fire,12,4,8
Деорро,gordunni,384,mage,fire,12,4,8
Néiloth,frostmane,384,mage,fire,12,4,8
Rooven,aegwynn,384,mage,fire,12,4,8
Glacìal,ravencrest,384,mage,fire,12,4,8
Zhazam,blades-edge,384,mage,fire,12,4,8
Исполлин,howling-fjord,384,mage,fire,12,4,8
Warfio,garona,384,mage,fire,12,4,8
Muchmage,silvermoon,384,mage,fire,12,4,8
Popbg,outland,384,mage,fire,12,4,8
Aarcheon,kazzak,384,mage,fire,12,4,8
Аркагос,gordunni,384,mage,fire,12,4,8
Diji,the-maelstrom,384,mage,fire,12,4,8
Frígíd,outland,384,mage,fire,12,4,8
Øtemplmag,dun-modr,384,mage,fire,12,4,8
Símple,sylvanas,384,mage,fire,12,4,8
Exael,ravencrest,384,mage,fire,12,4,8
Vali,drakthul,384,mage,fire,12,4,8
Procahontas,ravencrest,384,mage,fire,12,4,8
Гелиадо,soulflayer,384,mage,fire,12,4,8
Feuern,antonidas,384,mage,fire,12,4,8
Дантрий,gordunni,384,mage,fire,12,4,8
Yennéfér,outland,384,mage,fire,12,4,8
Мелми,howling-fjord,384,mage,fire,12,4,8
Pølåris,outland,384,mage,fire,12,4,8
Kisik,die-ewige-wacht,384,mage,fire,12,4,8
Pipihu,silvermoon,384,mage,fire,12,4,8
Kazeen,silvermoon,384,mage,fire,12,4,8
Раканчик,gordunni,384,mage,fire,12,4,8
Genviedgiclé,arathi,384,mage,fire,12,4,8
Nelfpanda,ravencrest,384,mage,fire,12,4,8
Swansea,emeriss,384,mage,fire,14,4,10
Lusionator,defias-brotherhood,384,mage,fire,18,4,14
Djblink,twisting-nether,384,mage,fire,18,4,14
Drgyo,blackrock,384,mage,fire,18,4,14
Reapor,draenor,384,mage,fire,18,4,14
Birdlort,draenor,383,mage,fire,6,4,2
Timbaa,veklor,383,mage,fire,6,4,2
Anghim,tarren-mill,383,mage,fire,6,4,2
Ildrøv,stormscale,383,mage,fire,12,4,8
Unhedged,eredar,383,mage,fire,12,4,8
Мэджиксул,grom,383,mage,fire,12,4,8
Непоняли,gordunni,383,mage,fire,18,4,14
Kebkhadar,ravencrest,383,mage,fire,18,4,14
Chroniikk,hyjal,381,mage,fire,12,4,8
Chimará,eredar,367,mage,fire,17,4,13
Stillfrostin,blackrock,352,mage,fire,10,4,6
Lusifera,outland,336,mage,fire,9,4,5
Niivel,ysondre,336,mage,fire,15,4,11
Fkeverybody,ravencrest,330,mage,fire,8,5,3
Anev,sylvanas,330,mage,fire,11,5,6
Ayoubz,outland,320,mage,fire,10,4,6
Hansknechtt,frostwolf,288,mage,fire,6,3,3
Fleurdelacur,ravencrest,288,mage,fire,6,3,3
Макотшельник,gordunni,288,mage,fire,6,3,3
Сизаам,howling-fjord,288,mage,fire,6,3,3
Lëyra,ysondre,288,mage,fire,6,3,3
Clitch,blutkessel,288,mage,fire,6,3,3
Ccxz,draenor,288,mage,fire,6,3,3
Maveya,blackmoore,288,mage,fire,6,3,3
Îcecube,blackhand,288,mage,fire,6,3,3
Alearis,die-aldor,288,mage,fire,6,3,3
Coachrmp,ravencrest,288,mage,fire,6,3,3
Frozonë,draenor,288,mage,fire,6,3,3
Elor,eredar,288,mage,fire,6,3,3
Driana,dragonmaw,288,mage,fire,6,3,3
Couñterspell,eredar,288,mage,fire,6,3,3
Salvadordalí,ravencrest,288,mage,fire,6,3,3
Freelegend,ravencrest,288,mage,fire,6,3,3
Balderk,sanguino,288,mage,fire,6,3,3
Zenó,blackrock,288,mage,fire,6,3,3
Trowbe,blackmoore,288,mage,fire,6,3,3
Даатхедра,booty-bay,288,mage,fire,6,3,3
Kokirii,doomhammer,288,mage,fire,6,3,3
Zaruna,arathor,288,mage,fire,6,3,3
Kryptass,aegwynn,288,mage,fire,6,3,3
Calyppo,sanguino,288,mage,fire,6,3,3
Frøstdream,dun-modr,288,mage,fire,6,3,3
Insømnium,stormscale,288,mage,fire,6,3,3
Êgôn,perenolde,288,mage,fire,6,3,3
Botstyle,ravencrest,288,mage,fire,6,3,3
Tildetbfa,antonidas,288,mage,fire,6,3,3
Pyromaníac,blackrock,288,mage,fire,6,3,3
Midooa,nerathor,288,mage,fire,6,3,3
Pelsky,zenedar,288,mage,fire,6,3,3
Shermî,blackrock,288,mage,fire,6,3,3
Ørka,stormscale,288,mage,fire,6,3,3
Ascik,dalaran,288,mage,fire,6,3,3
Capphaow,ravencrest,288,mage,fire,6,3,3
Fuchso,area-52,288,mage,fire,6,3,3
Sylênna,kazzak,288,mage,fire,6,3,3
Gôodgame,frostmane,288,mage,fire,6,3,3
Rosady,ragnaros,288,mage,fire,6,3,3
Malanti,grim-batol,288,mage,fire,6,3,3
Sonybonanza,kazzak,288,mage,fire,6,3,3
Abovè,outland,288,mage,fire,6,3,3
Mága,grim-batol,288,mage,fire,6,3,3
Meskay,ravencrest,288,mage,fire,6,3,3
Ignyx,ragnaros,288,mage,fire,6,3,3
Aeghis,darkspear,288,mage,fire,6,3,3
Discast,anetheron,288,mage,fire,6,3,3
Adetin,tarren-mill,288,mage,fire,6,3,3
Bràndy,twisting-nether,288,mage,fire,6,3,3
Kaeser,ravencrest,288,mage,fire,6,3,3
Ozdewish,hyjal,288,mage,fire,6,3,3
Xlarb,kazzak,288,mage,fire,6,3,3
Narexa,silvermoon,288,mage,fire,6,3,3
Saucise,hyjal,288,mage,fire,6,3,3
Shinigamí,blackrock,288,mage,fire,6,3,3
Texita,sylvanas,288,mage,fire,6,3,3
Modrone,ragnaros,288,mage,fire,6,3,3
Matroze,sylvanas,288,mage,fire,6,3,3
Onlymage,ravencrest,288,mage,fire,6,3,3
Valimage,twisting-nether,288,mage,fire,6,3,3
Mylanq,ragnaros,288,mage,fire,6,3,3
Trxkxx,ragnaros,288,mage,fire,6,3,3
Darkseidez,alonsus,288,mage,fire,6,3,3
Inyøurassx,hyjal,288,mage,fire,6,3,3
Kàtsu,tarren-mill,288,mage,fire,6,3,3
Wracrz,argent-dawn,288,mage,fire,6,3,3
Zehnvonzehn,antonidas,288,mage,fire,6,3,3
Manafuzz,outland,288,mage,fire,6,3,3
Kanjani,antonidas,288,mage,fire,10,4,6
Necro,zuljin,288,mage,fire,16,4,12
Poochmage,archimonde,288,mage,fire,12,3,9
Milton,dunemaul,288,mage,fire,12,3,9
Juicedup,blackrock,288,mage,fire,12,3,9
Megart,stormscale,288,mage,fire,12,3,9
Frökenfrost,stormscale,288,mage,fire,12,3,9
Иньфанта,deathguard,288,mage,fire,12,3,9
Saivedija,blackmoore,288,mage,fire,12,3,9
Овеча,gordunni,288,mage,fire,12,3,9
Шишиня,gordunni,288,mage,fire,12,3,9
Lenka,ravencrest,288,mage,fire,12,3,9
Trenpapi,twisting-nether,288,mage,fire,12,3,9
Rasaku,argent-dawn,288,mage,fire,12,3,9
Shiiron,blackrock,288,mage,fire,12,3,9
Tsubas,blackmoore,288,mage,fire,12,3,9
Aylan,kazzak,288,mage,fire,12,3,9
Oblív,ravencrest,288,mage,fire,12,3,9
Кешунчик,soulflayer,288,mage,fire,12,3,9
Timeforplanb,frostwolf,288,mage,fire,12,3,9
Dbshèépgôdx,silvermoon,288,mage,fire,12,3,9
Rosenkrauz,kul-tiras,287,mage,fire,6,3,3
Maaleki,dalaran,287,mage,fire,6,3,3
Magimikey,tarren-mill,287,mage,fire,6,3,3
Arcáge,azjolnerub,287,mage,fire,6,3,3
Ceanna,argent-dawn,287,mage,fire,12,3,9
Kyrox,ysondre,287,mage,fire,12,3,9
Regenn,kazzak,286,mage,fire,6,3,3
Bulma,khaz-modan,286,mage,fire,6,3,3
Венлич,gordunni,271,mage,fire,9,4,5
Mostevilgirl,blackhand,265,mage,fire,13,5,8
Alarak,drakthul,256,mage,fire,10,3,7
Khalix,blackmoore,239,mage,fire,5,3,2
Ассих,soulflayer,239,mage,fire,6,3,3
Slíps,silvermoon,234,mage,fire,9,4,5
Søphiâ,thrall,234,mage,fire,10,4,6
Worstwòrld,draenor,208,mage,fire,7,3,4
Oizar,hyjal,192,mage,fire,6,2,4
Faitha,ravencrest,192,mage,fire,6,2,4
Magenox,blackrock,192,mage,fire,6,2,4
Blinkblank,ravencrest,192,mage,fire,6,2,4
Fadbunny,outland,192,mage,fire,6,2,4
Nyskal,tarren-mill,192,mage,fire,6,2,4
Nyíks,blackhand,192,mage,fire,6,2,4
Колинас,soulflayer,192,mage,fire,6,2,4
Grìmmjow,tarren-mill,192,mage,fire,6,2,4
Kairøs,dragonblight,192,mage,fire,6,2,4
Ikefire,draenor,192,mage,fire,6,2,4
Robsn,blackrock,192,mage,fire,6,2,4
Quínt,blackhand,192,mage,fire,6,2,4
Пиньон,borean-tundra,192,mage,fire,6,2,4
Skyliné,ravencrest,192,mage,fire,6,2,4
Skankengine,twisting-nether,192,mage,fire,6,2,4
Bænoß,ravencrest,192,mage,fire,6,2,4
Vxvfrowstxvx,jaedenar,192,mage,fire,6,2,4
Димаскунфу,howling-fjord,192,mage,fire,6,2,4
Sickßlink,outland,192,mage,fire,6,2,4
Hotafazz,ravencrest,192,mage,fire,6,2,4
Wortyvery,outland,192,mage,fire,6,2,4
Szarbán,ragnaros,192,mage,fire,6,2,4
Alberdoor,blackmoore,192,mage,fire,6,2,4
Nøxas,archimonde,192,mage,fire,6,2,4
Zeusmon,ragnaros,192,mage,fire,6,2,4
Minae,stormscale,192,mage,fire,6,2,4
Lêgólás,blackmoore,192,mage,fire,6,2,4
Cortis,outland,192,mage,fire,6,2,4
Jjustice,outland,192,mage,fire,6,2,4
Belthesad,twisting-nether,192,mage,fire,6,2,4
Transformo,draenor,192,mage,fire,6,2,4
Бигдикмаг,soulflayer,192,mage,fire,6,2,4
Дэката,grom,192,mage,fire,6,2,4
Solitaria,tarren-mill,192,mage,fire,6,2,4
Xatures,tarren-mill,192,mage,fire,6,2,4
Tirenia,bloodfeather,192,mage,fire,6,2,4
Thylren,argent-dawn,192,mage,fire,6,2,4
Krëkk,ragnaros,192,mage,fire,6,2,4
Audraptor,medivh,192,mage,fire,6,2,4
Femboywaifu,stormscale,192,mage,fire,6,2,4
Ôbsury,hyjal,192,mage,fire,6,2,4
Letitsnow,ravencrest,192,mage,fire,6,2,4
Atzin,sanguino,192,mage,fire,6,2,4
Halcyón,ravencrest,192,mage,fire,6,2,4
ßalca,twisting-nether,192,mage,fire,6,2,4
Интенса,gordunni,192,mage,fire,6,2,4
Гнег,gordunni,192,mage,fire,6,2,4
Dnt,twilights-hammer,192,mage,fire,6,2,4
Hasslad,tarren-mill,192,mage,fire,6,2,4
Magekaoz,sylvanas,192,mage,fire,6,2,4
Дарнивил,gordunni,192,mage,fire,6,2,4
Shyoxmage,rexxar,192,mage,fire,6,2,4
Wetx,kilrogg,192,mage,fire,6,2,4
Hêra,archimonde,192,mage,fire,6,2,4
Компромис,howling-fjord,192,mage,fire,6,2,4
Onemanrave,ravencrest,192,mage,fire,6,2,4
Mupana,nagrand,192,mage,fire,6,2,4
Mathematik,outland,192,mage,fire,6,2,4
Dríme,ravencrest,192,mage,fire,6,2,4
Jokiss,draenor,192,mage,fire,6,2,4
Decedé,dun-modr,192,mage,fire,6,2,4
Apc,sylvanas,192,mage,fire,6,2,4
Milminmage,ravencrest,192,mage,fire,6,2,4
Кеото,gordunni,192,mage,fire,6,2,4
Puracz,defias-brotherhood,192,mage,fire,6,2,4
Antaos,drakthul,192,mage,fire,6,2,4
Ruhea,silvermoon,192,mage,fire,6,2,4
Eksl,draenor,192,mage,fire,6,2,4
Magewarr,stormscale,192,mage,fire,6,2,4
Summermàge,ravencrest,192,mage,fire,6,2,4
Tudorthemage,xavius,192,mage,fire,6,2,4
Fleqs,antonidas,192,mage,fire,6,2,4
Lindsaylohan,silvermoon,192,mage,fire,6,2,4
Ghosty,festung-der-stürme,192,mage,fire,6,2,4
Zerobelow,silvermoon,192,mage,fire,6,2,4
Shédudé,silvermoon,192,mage,fire,6,2,4
ßigzok,kazzak,192,mage,fire,6,2,4
Harpelmage,auchindoun,192,mage,fire,7,2,5
Явернулси,soulflayer,192,mage,fire,12,2,10
Toxttr,drakthul,192,mage,fire,12,2,10
Buzzgnom,malfurion,192,mage,fire,12,2,10
Bekkmzi,drakthul,192,mage,fire,12,2,10
Mesvef,archimonde,192,mage,fire,12,2,10
Хопкиллер,ashenvale,192,mage,fire,12,2,10
Symbiano,twisting-nether,192,mage,fire,12,2,10
Firelight,argent-dawn,192,mage,fire,12,2,10
Çatàclysmík,kazzak,192,mage,fire,12,2,10
Tarryxa,kazzak,192,mage,fire,18,2,16
Kirripirri,doomhammer,191,mage,fire,12,2,10
Mamacitá,ravencrest,175,mage,fire,11,2,9
Shockólot,outland,159,mage,fire,5,2,3
Azegodxlul,kazzak,159,mage,fire,5,2,3
Tahiti,twisting-nether,159,mage,fire,5,2,3
Gotone,tarren-mill,159,mage,fire,8,3,5
Xhal,hyjal,138,mage,fire,9,3,6
Rukiax,blackrock,128,mage,fire,4,2,2
Máurus,antonidas,128,mage,fire,4,2,2
Xxi,gorgonnash,128,mage,fire,4,2,2
Burstology,kazzak,128,mage,fire,4,2,2
Imnis,outland,112,mage,fire,7,2,5
Gehrkeblock,silvermoon,96,mage,fire,6,1,5
Suidas,auchindoun,96,mage,fire,6,1,5
Phenoxi,sylvanas,96,mage,fire,6,1,5
Caststuffatu,sylvanas,96,mage,fire,6,1,5
Zagori,sylvanas,96,mage,fire,6,1,5
Anzzmage,kazzak,96,mage,fire,6,1,5
Cavadrex,arathor,96,mage,fire,6,1,5
Slashlife,wrathbringer,96,mage,fire,6,1,5
Пламяорды,soulflayer,96,mage,fire,6,1,5
Варриморыч,soulflayer,96,mage,fire,6,1,5
Zïa,kazzak,96,mage,fire,6,1,5
Sunburstz,sylvanas,96,mage,fire,6,1,5
Меззамоор,soulflayer,96,mage,fire,6,1,5
Fumachustas,kazzak,96,mage,fire,6,1,5
Masseman,sylvanas,96,mage,fire,6,1,5
Дизордерх,gordunni,96,mage,fire,6,1,5
Westx,blackmoore,96,mage,fire,6,1,5
Каппашилка,gordunni,96,mage,fire,6,1,5
Akadran,blackmoore,96,mage,fire,6,1,5
Prinskoekie,twisting-nether,96,mage,fire,6,1,5
Tsungy,twisting-nether,96,mage,fire,6,1,5
Zalfax,sinstralis,96,mage,fire,6,1,5
Фантомланс,howling-fjord,96,mage,fire,6,1,5
Камаёри,howling-fjord,96,mage,fire,6,1,5
Hotpockets,die-aldor,96,mage,fire,6,1,5
Nerzzhul,burning-legion,96,mage,fire,6,1,5
Thoria,sylvanas,96,mage,fire,6,1,5
Ckrax,sanguino,96,mage,fire,6,1,5
Dualin,sanguino,96,mage,fire,6,1,5
Dingin,bronze-dragonflight,96,mage,fire,6,1,5
Cexxar,kazzak,96,mage,fire,6,1,5
Kleisli,draenor,96,mage,fire,6,1,5
Mexxî,thrall,96,mage,fire,6,1,5
Alaster,culte-de-la-rive-noire,96,mage,fire,6,1,5
Одз,grom,96,mage,fire,6,1,5
Frostfettlol,onyxia,96,mage,fire,6,1,5
Incendi,ravencrest,96,mage,fire,6,1,5
Arcanik,archimonde,96,mage,fire,6,1,5
Crankjuice,argent-dawn,96,mage,fire,6,1,5
Mageé,argent-dawn,96,mage,fire,6,1,5
Laenadria,argent-dawn,96,mage,fire,6,1,5
Satheril,argent-dawn,96,mage,fire,6,1,5
Joulz,ravencrest,96,mage,fire,6,1,5
Quente,aegwynn,96,mage,fire,6,1,5
Jipa,tarren-mill,96,mage,fire,6,1,5
Zakardo,kazzak,96,mage,fire,6,1,5
Farciminis,outland,96,mage,fire,6,1,5
Maybeblood,kazzak,96,mage,fire,6,1,5
Gabbaq,blackrock,96,mage,fire,6,1,5
Slïnks,stormscale,96,mage,fire,6,1,5
Kushuka,burning-legion,96,mage,fire,6,1,5
Leonora,blackhand,96,mage,fire,6,1,5
Polÿmorph,stormscale,96,mage,fire,6,1,5
Amalou,stormscale,96,mage,fire,6,1,5
Martixx,stormscale,96,mage,fire,6,1,5
Nodnarb,dragonblight,96,mage,fire,6,1,5
Boredpeon,burning-legion,96,mage,fire,6,1,5
Latiny,blackrock,96,mage,fire,12,1,11
Tachipiirina,nemesis,96,mage,fire,12,1,11
Maregom,dun-modr,96,mage,fire,12,1,11
Ilikepoly,blackmoore,96,mage,fire,12,1,11
Lebron,blackrock,96,mage,fire,12,1,11
Mallphass,dalaran,96,mage,fire,12,1,11
Kenny,nerzhul,96,mage,fire,12,1,11
Syltris,drakthul,96,mage,fire,18,1,17
Pyrias,sylvanas,95,mage,fire,6,1,5
Shâdozy,blackmoore,89,mage,fire,6,3,3
Alkhazzar,defias-brotherhood,64,mage,fire,4,1,3
Hecht,burning-legion,64,mage,fire,4,1,3
Ecovation,tarren-mill,63,mage,fire,2,2,0
Preí,archimonde,42,mage,fire,12,3,9
Озобочений,greymane,31,mage,fire,2,1,1
Ðøæø,twisting-nether,16,mage,fire,1,1,0
Petronillo,dun-modr,16,mage,fire,1,1,0
Fayja,draenor,16,mage,fire,1,1,0
Mercem,stormscale,2339,mage,frost,74,46,28
Partypower,twisting-nether,2277,mage,frost,261,134,127
Laynerz,kazzak,2248,mage,frost,79,46,33
Ðeejkñ,archimonde,2218,mage,frost,78,50,28
Chikounet,archimonde,2188,mage,frost,150,78,72
Ràiku,ravencrest,2184,mage,frost,78,43,35
Dastion,ravencrest,2138,mage,frost,103,52,51
Avizura,kazzak,2134,mage,frost,60,35,25
Fakér,ravencrest,2130,mage,frost,190,94,96
Sìckofme,aegwynn,2126,mage,frost,60,42,18
Watchmeclic,archimonde,2126,mage,frost,108,54,54
Kilstine,outland,2126,mage,frost,78,39,39
Naynn,archimonde,2119,mage,frost,158,86,72
Tommy,laughing-skull,2113,mage,frost,100,48,52
Ãshs,archimonde,2095,mage,frost,92,45,47
Макотшельник,gordunni,2091,mage,frost,85,54,31
Philoû,archimonde,2089,mage,frost,133,66,67
Søz,agamaggan,2059,mage,frost,161,79,82
Медивера,gordunni,2048,mage,frost,107,55,52
Crylz,kazzak,2044,mage,frost,83,42,41
Serctheone,ravencrest,2041,mage,frost,226,112,114
Sóz,ravencrest,2033,mage,frost,109,51,58
Яшабурстх,blackscar,2029,mage,frost,95,53,42
Neverblockx,blackrock,2028,mage,frost,64,44,20
Akyrâz,blackrock,2017,mage,frost,253,123,130
Oscarwizyo,ravencrest,2005,mage,frost,89,40,49
Ticklefinger,agamaggan,2004,mage,frost,59,40,19
Øscarwizyo,ravencrest,2001,mage,frost,96,49,47
Arnoldkelly,tarren-mill,1998,mage,frost,55,32,23
Kurtkiels,draenor,1995,mage,frost,78,36,42
Барсуктри,deathguard,1984,mage,frost,60,30,30
Efes,dun-modr,1972,mage,frost,64,34,30
Gavno,ravencrest,1955,mage,frost,54,26,28
Buffenhance,ravencrest,1938,mage,frost,83,38,45
Setyouoncs,ravencrest,1927,mage,frost,84,42,42
Abovè,outland,1918,mage,frost,54,23,31
Missl,draenor,1916,mage,frost,92,47,45
Oseri,defias-brotherhood,1915,mage,frost,161,77,84
Gossipgirlz,outland,1913,mage,frost,292,151,141
Sukmikok,twisting-nether,1911,mage,frost,190,94,96
Nilitar,kazzak,1910,mage,frost,60,24,36
Watchmeclick,archimonde,1909,mage,frost,36,20,16
Dodgezdream,kazzak,1905,mage,frost,52,41,11
Незерёб,soulflayer,1903,mage,frost,132,67,65
Môv,tarren-mill,1902,mage,frost,63,31,32
Ëloenn,dalaran,1902,mage,frost,65,29,36
Kalamaras,quelthalas,1900,mage,frost,99,48,51
Evovar,silvermoon,1894,mage,frost,195,93,102
Santriss,defias-brotherhood,1883,mage,frost,84,42,42
Zimbabweborc,burning-legion,1875,mage,frost,100,62,38
Babyboyj,blackmoore,1871,mage,frost,42,20,22
Bigkent,stormscale,1870,mage,frost,78,38,40
Silverlining,ravencrest,1869,mage,frost,180,95,85
Ввнд,galakrond,1869,mage,frost,60,27,33
Datpolytho,twisting-nether,1865,mage,frost,145,92,53
Bombswag,bloodhoof,1865,mage,frost,197,103,94
Фоулли,howling-fjord,1864,mage,frost,63,34,29
Arkhaen,archimonde,1864,mage,frost,88,45,43
Zhodusqt,ragnaros,1859,mage,frost,54,27,27
Néiloth,frostmane,1857,mage,frost,59,28,31
Rufatopapari,ravencrest,1856,mage,frost,112,54,58
Henqo,burning-legion,1856,mage,frost,64,30,34
Rosady,ragnaros,1855,mage,frost,119,61,58
Praison,defias-brotherhood,1853,mage,frost,75,41,34
Cleophe,burning-legion,1853,mage,frost,81,44,37
Мэдвэйз,gordunni,1849,mage,frost,54,35,19
Ironhood,nemesis,1841,mage,frost,66,42,24
Rambau,archimonde,1840,mage,frost,311,158,153
Voerk,twisting-nether,1840,mage,frost,106,51,55
Аресуперпрес,gordunni,1838,mage,frost,79,37,42
Jocelynn,aggramar,1836,mage,frost,113,52,61
Ephixis,ravencrest,1833,mage,frost,96,45,51
Unsaîntly,kult-der-verdammten,1833,mage,frost,46,20,26
Sìsia,ragnaros,1832,mage,frost,42,24,18
Lìx,ravencrest,1832,mage,frost,47,25,22
Lzd,ravencrest,1830,mage,frost,48,26,22
Emoden,silvermoon,1828,mage,frost,325,169,156
Exone,sylvanas,1828,mage,frost,66,32,34
Lyndsey,dalaran,1826,mage,frost,65,31,34
Laurents,silvermoon,1825,mage,frost,128,86,42
Shíróyama,ravencrest,1824,mage,frost,217,119,98
Soz,agamaggan,1823,mage,frost,42,23,19
Layzzy,kazzak,1823,mage,frost,204,104,100
Zoot,ravencrest,1823,mage,frost,102,49,53
Goneforever,draenor,1820,mage,frost,42,27,15
Heathrow,ravencrest,1820,mage,frost,278,158,120
Tagrine,kaelthas,1817,mage,frost,158,83,75
Nightnovae,ravencrest,1817,mage,frost,157,76,81
Stîckî,malganis,1814,mage,frost,69,31,38
Pryt,ragnaros,1813,mage,frost,137,78,59
Soloqtarget,archimonde,1813,mage,frost,140,73,67
Djdankzter,outland,1812,mage,frost,42,19,23
Sunehx,blackrock,1811,mage,frost,66,36,30
Máximus,ravencrest,1809,mage,frost,53,27,26
Shakeándbake,ravencrest,1809,mage,frost,64,30,34
Reflexz,thrall,1805,mage,frost,42,25,17
Xmoo,blackrock,1805,mage,frost,48,24,24
Novaco,ravencrest,1805,mage,frost,59,29,30
Mßs,outland,1804,mage,frost,48,24,24
Aìnz,hyjal,1804,mage,frost,90,40,50
Baconlance,stormscale,1803,mage,frost,42,23,19
Tellysia,blackmoore,1802,mage,frost,47,26,21
Ghettomagé,aegwynn,1802,mage,frost,42,22,20
Símple,sylvanas,1802,mage,frost,60,27,33
Nickg,ravencrest,1801,mage,frost,60,30,30
Lidely,kazzak,1800,mage,frost,30,19,11
Wickedblink,ravencrest,1800,mage,frost,36,19,17
Whócárés,dragonmaw,1798,mage,frost,45,32,13
Stickiburn,malganis,1797,mage,frost,87,42,45
Knometsj,ravencrest,1796,mage,frost,48,26,22
Løwskìll,outland,1795,mage,frost,95,53,42
Einsmagus,blackrock,1793,mage,frost,60,31,29
Søbert,hyjal,1791,mage,frost,42,24,18
Ðazzftw,archimonde,1785,mage,frost,36,28,8
Mgtowforlife,ravencrest,1785,mage,frost,194,97,97
Gegovski,ravencrest,1784,mage,frost,36,22,14
Kahyo,argent-dawn,1784,mage,frost,65,34,31
Auchenax,argent-dawn,1783,mage,frost,173,85,88
Onnÿy,dun-modr,1781,mage,frost,80,37,43
Chazs,kazzak,1778,mage,frost,72,36,36
Rekzaop,ravencrest,1778,mage,frost,108,48,60
Mlodysimba,burning-legion,1776,mage,frost,76,36,40
Polÿmorph,stormscale,1774,mage,frost,65,33,32
Medara,darkspear,1769,mage,frost,78,41,37
Slôw,kazzak,1767,mage,frost,42,20,22
Drfeeldgoodd,mazrigos,1766,mage,frost,273,129,144
Ovrpwrdxd,kazzak,1763,mage,frost,24,20,4
Wmp,ravencrest,1763,mage,frost,42,23,19
Калихор,gordunni,1762,mage,frost,54,33,21
Sorrow,outland,1762,mage,frost,84,39,45
Lorothar,blackhand,1762,mage,frost,72,30,42
Reðemption,dun-modr,1760,mage,frost,47,29,18
Shakéx,outland,1758,mage,frost,51,26,25
Sâkuya,blackrock,1756,mage,frost,122,60,62
Nozarashí,hyjal,1750,mage,frost,133,67,66
Èverix,ravencrest,1750,mage,frost,136,59,77
Cavadrex,arathor,1749,mage,frost,96,54,42
Колинас,soulflayer,1749,mage,frost,107,53,54
Esscheppert,blackrock,1748,mage,frost,215,105,110
Mexxî,thrall,1747,mage,frost,78,41,37
Aleç,ravencrest,1747,mage,frost,47,23,24
Bebenm,archimonde,1745,mage,frost,60,33,27
Деорро,gordunni,1745,mage,frost,72,37,35
Nightfee,eredar,1745,mage,frost,42,21,21
Jirø,cthun,1738,mage,frost,130,65,65
Xall,silvermoon,1737,mage,frost,106,62,44
Whïm,ysondre,1737,mage,frost,107,45,62
Mumage,blackrock,1735,mage,frost,60,32,28
Zøe,aggra-português,1733,mage,frost,72,41,31
Fireblood,runetotem,1730,mage,frost,96,45,51
Slobbery,aggramar,1729,mage,frost,71,39,32
Darkoftw,ysondre,1729,mage,frost,125,58,67
Kyomachix,ahnqiraj,1727,mage,frost,60,31,29
Ishimura,eredar,1726,mage,frost,66,38,28
Blasty,guldan,1726,mage,frost,112,56,56
Neymar,aszune,1725,mage,frost,35,24,11
Blackfirez,ravencrest,1725,mage,frost,30,18,12
Kiirin,drakthul,1724,mage,frost,75,38,37
Гелиадо,soulflayer,1724,mage,frost,42,19,23
Sylbris,outland,1722,mage,frost,131,62,69
Naylz,archimonde,1718,mage,frost,42,24,18
Dastion,sylvanas,1718,mage,frost,36,18,18
Аквамелис,gordunni,1718,mage,frost,72,33,39
Swizzy,arathor,1716,mage,frost,76,42,34
Sweetcandy,outland,1715,mage,frost,107,62,45
Crzyubrdrver,blackrock,1709,mage,frost,30,18,12
Raíner,eredar,1708,mage,frost,78,44,34
Marybaguette,archimonde,1702,mage,frost,54,25,29
Axhole,darksorrow,1700,mage,frost,48,23,25
Mizt,ragnaros,1700,mage,frost,60,24,36
Tfmchamp,ravencrest,1698,mage,frost,33,22,11
Wracrz,argent-dawn,1696,mage,frost,102,51,51
Леракобольд,gordunni,1695,mage,frost,41,20,21
Mlogic,tarren-mill,1695,mage,frost,59,27,32
Mystikj,arathor,1694,mage,frost,54,27,27
Tabueno,kazzak,1694,mage,frost,90,39,51
Melíssa,silvermoon,1692,mage,frost,36,25,11
Arimila,sylvanas,1692,mage,frost,282,144,138
Vilain,tarren-mill,1692,mage,frost,88,44,44
Hambones,outland,1692,mage,frost,69,30,39
Dènzx,ravencrest,1690,mage,frost,24,18,6
Alearis,die-aldor,1690,mage,frost,72,38,34
Jaimey,blackhand,1690,mage,frost,161,75,86
Frostgodxqt,ravencrest,1689,mage,frost,105,58,47
Jennao,stormscale,1686,mage,frost,47,26,21
Thinamerican,defias-brotherhood,1684,mage,frost,54,33,21
Jezí,ghostlands,1684,mage,frost,48,22,26
Xep,ragnaros,1682,mage,frost,54,27,27
Kaeser,ravencrest,1681,mage,frost,151,79,72
Jenggot,ravencrest,1681,mage,frost,35,18,17
Chíefsheep,thrall,1680,mage,frost,65,31,34
Khimeron,twisting-nether,1679,mage,frost,72,30,42
Emerlyn,ragnaros,1677,mage,frost,36,20,16
Xirrasho,argent-dawn,1677,mage,frost,42,22,20
Fîsheye,blackrock,1676,mage,frost,30,18,12
Алаурс,howling-fjord,1676,mage,frost,194,94,100
Манахк,gordunni,1674,mage,frost,48,22,26
Tiqma,sylvanas,1673,mage,frost,42,23,19
Мэтаскрим,soulflayer,1673,mage,frost,132,59,73
Tjq,ravencrest,1672,mage,frost,308,160,148
Wýr,archimonde,1671,mage,frost,133,68,65
Sheepmaster,aegwynn,1669,mage,frost,48,26,22
Akâri,silvermoon,1669,mage,frost,61,28,33
Äntigood,outland,1668,mage,frost,179,91,88
Kaì,twisting-nether,1667,mage,frost,131,78,53
Саваннхмаег,blackscar,1665,mage,frost,57,34,23
Espressno,ravencrest,1664,mage,frost,35,22,13
Tdv,draenor,1664,mage,frost,45,23,22
Lïppoutou,archimonde,1663,mage,frost,35,18,17
Ioriyagami,dragonmaw,1663,mage,frost,56,24,32
Lilblinks,silvermoon,1661,mage,frost,109,60,49
Bigacombusta,tarren-mill,1661,mage,frost,72,33,39
Quinella,ravencrest,1660,mage,frost,137,73,64
Rankonedeep,kazzak,1659,mage,frost,57,34,23
Mecharience,rexxar,1659,mage,frost,56,29,27
Valyndra,twisting-nether,1658,mage,frost,67,34,33
Highrollerqt,tarren-mill,1657,mage,frost,84,47,37
Snowsánji,blackmoore,1656,mage,frost,41,21,20
Gensorèd,darksorrow,1655,mage,frost,74,36,38
Trowbe,blackmoore,1654,mage,frost,48,26,22
Гекомория,fordragon,1654,mage,frost,74,39,35
Манакса,gordunni,1654,mage,frost,54,24,30
Maege,ragnaros,1653,mage,frost,44,27,17
Barryscótt,stormscale,1651,mage,frost,24,18,6
Nebbur,dun-modr,1650,mage,frost,54,25,29
Lo,kilrogg,1649,mage,frost,120,57,63
Johnnydeepp,archimonde,1646,mage,frost,36,18,18
Senedai,stormscale,1645,mage,frost,115,59,56
Apeex,chamber-of-aspects,1645,mage,frost,142,72,70
Rukiax,blackrock,1645,mage,frost,54,18,36
Djflashz,archimonde,1644,mage,frost,42,18,24
Firebaw,tarren-mill,1643,mage,frost,36,25,11
Bestial,alexstrasza,1643,mage,frost,134,64,70
Shainax,dun-modr,1642,mage,frost,223,120,103
Helminsterr,archimonde,1642,mage,frost,90,47,43
Dostoïevskix,hyjal,1640,mage,frost,30,19,11
Pezi,outland,1640,mage,frost,61,37,24
Astaden,die-aldor,1637,mage,frost,105,61,44
Icekíss,hyjal,1637,mage,frost,103,55,48
Emesarry,scarshield-legion,1636,mage,frost,29,18,11
Ahdetärjag,silvermoon,1636,mage,frost,47,26,21
Magerocks,ragnaros,1635,mage,frost,36,20,16
Sondremage,outland,1635,mage,frost,134,60,74
Helloimgone,blackmoore,1635,mage,frost,47,19,28
Jonku,tarren-mill,1634,mage,frost,59,31,28
Demensida,ravencrest,1633,mage,frost,226,118,108
Obbcontrol,ravencrest,1633,mage,frost,48,21,27
Vilenciaga,kazzak,1632,mage,frost,72,37,35
Donishakur,ragnaros,1632,mage,frost,67,29,38
Scorchira,outland,1631,mage,frost,30,18,12
Asiman,eredar,1631,mage,frost,51,22,29
Shîmmer,ravencrest,1630,mage,frost,30,17,13
Knúbbz,ravencrest,1630,mage,frost,42,21,21
Frígíd,outland,1630,mage,frost,54,25,29
Naween,hyjal,1629,mage,frost,42,24,18
Thesiôu,ravencrest,1629,mage,frost,36,20,16
Buddi,burning-blade,1629,mage,frost,287,148,139
Icefix,dun-modr,1627,mage,frost,129,73,56
Проблембойх,gordunni,1627,mage,frost,36,20,16
Rihnou,blackmoore,1627,mage,frost,143,70,73
Seikatsu,sylvanas,1627,mage,frost,36,17,19
Dsmoke,ravencrest,1627,mage,frost,75,35,40
Unsaìntly,kult-der-verdammten,1625,mage,frost,37,17,20
Glowie,stormreaver,1623,mage,frost,36,20,16
Smashdown,blackrock,1623,mage,frost,60,32,28
Lyramage,draenor,1623,mage,frost,66,32,34
Xenant,ravencrest,1623,mage,frost,42,18,24
Риктусемпра,ashenvale,1621,mage,frost,51,36,15
Samath,conseil-des-ombres,1618,mage,frost,48,21,27
Digi,ravencrest,1617,mage,frost,57,22,35
Anaxtra,guldan,1616,mage,frost,147,70,77
Covran,stormscale,1614,mage,frost,30,17,13
Rodeyy,nathrezim,1614,mage,frost,57,32,25
Shøcked,blackrock,1612,mage,frost,114,56,58
Манаксаа,gordunni,1612,mage,frost,45,21,24
Джейнанис,gordunni,1611,mage,frost,88,50,38
Xæll,silvermoon,1611,mage,frost,120,64,56
Labyssra,argent-dawn,1611,mage,frost,68,33,35
Schmutzki,eredar,1610,mage,frost,59,35,24
Qtpoof,sylvanas,1610,mage,frost,42,22,20
Amyseven,kazzak,1610,mage,frost,54,26,28
Únna,sanguino,1609,mage,frost,99,58,41
Sheepthrillz,blackmoore,1609,mage,frost,41,24,17
Isralysa,ravencrest,1609,mage,frost,344,181,163
Фирдаркнесс,howling-fjord,1609,mage,frost,48,25,23
Pharohe,stormscale,1609,mage,frost,69,31,38
Mollymorph,ragnaros,1609,mage,frost,54,21,33
Frostandrew,twisting-nether,1608,mage,frost,41,23,18
Мэдраша,gordunni,1608,mage,frost,36,17,19
Mupana,nagrand,1607,mage,frost,150,76,74
Shalien,tarren-mill,1607,mage,frost,83,41,42
Fboltprocd,ragnaros,1606,mage,frost,30,17,13
Tills,kargath,1606,mage,frost,42,20,22
Zauberdose,blackhand,1605,mage,frost,42,20,22
Келлазар,gordunni,1605,mage,frost,83,38,45
Манахк,blackscar,1605,mage,frost,53,21,32
Jamzymage,emerald-dream,1604,mage,frost,30,17,13
Copyright,deathwing,1604,mage,frost,36,17,19
Rusdor,frostwhisper,1604,mage,frost,72,30,42
Noxkin,stormscale,1603,mage,frost,36,17,19
Magethings,kazzak,1603,mage,frost,54,25,29
Bzzr,tarren-mill,1601,mage,frost,54,35,19
Réd,earthen-ring,1601,mage,frost,77,36,41
Snaapz,kazzak,1600,mage,frost,48,22,26
Absoluteswag,tarren-mill,1598,mage,frost,39,22,17
Takayaki,terokkar,1598,mage,frost,80,42,38
Озобочений,greymane,1598,mage,frost,109,54,55
Icé,auchindoun,1596,mage,frost,60,26,34
Nightseven,emeriss,1592,mage,frost,24,17,7
Sersei,garona,1590,mage,frost,36,17,19
Hógwarts,aegwynn,1588,mage,frost,90,46,44
Sykz,hyjal,1587,mage,frost,71,37,34
Boomboomciao,nemesis,1583,mage,frost,120,58,62
Joulz,ravencrest,1583,mage,frost,200,94,106
Ôbsury,hyjal,1581,mage,frost,106,56,50
Гамаюнх,deathguard,1581,mage,frost,48,23,25
Óuíja,outland,1576,mage,frost,51,31,20
Nimdáá,stormscale,1575,mage,frost,204,113,91
Мибринк,soulflayer,1575,mage,frost,72,32,40
Homellander,silvermoon,1574,mage,frost,365,190,175
Bumbumdead,sylvanas,1573,mage,frost,66,33,33
Аваон,deathguard,1572,mage,frost,123,65,58
Opíum,tarren-mill,1570,mage,frost,48,27,21
Dubbleblast,draenor,1570,mage,frost,48,25,23
Petepan,argent-dawn,1570,mage,frost,109,53,56
Ингилейф,howling-fjord,1570,mage,frost,46,18,28
Realone,ragnaros,1569,mage,frost,81,39,42
Manafuzz,outland,1569,mage,frost,48,22,26
Scaleeth,kazzak,1568,mage,frost,52,26,26
Tánu,quelthalas,1568,mage,frost,173,80,93
Girldalf,silvermoon,1567,mage,frost,225,111,114
Microsmag,thrall,1566,mage,frost,24,17,7
Itzlucky,twisting-nether,1561,mage,frost,166,82,84
Dubstep,blackrock,1561,mage,frost,60,27,33
Walian,burning-blade,1560,mage,frost,48,28,20
Вендайса,soulflayer,1558,mage,frost,268,153,115
Chareyla,argent-dawn,1558,mage,frost,83,42,41
Råståfåri,uldum,1558,mage,frost,167,82,85
Левелнес,howling-fjord,1557,mage,frost,80,34,46
Afterimage,zuljin,1556,mage,frost,122,57,65
Gaduz,kazzak,1556,mage,frost,72,31,41
Okayhehexd,dun-morogh,1555,mage,frost,96,53,43
Exelo,rashgarroth,1552,mage,frost,37,23,14
Elcritadoré,ragnaros,1550,mage,frost,52,26,26
Aceripper,ragnaros,1548,mage,frost,152,84,68
Ёкай,soulflayer,1548,mage,frost,301,161,140
Xyfys,azshara,1547,mage,frost,41,23,18
Mxrrz,kazzak,1547,mage,frost,211,111,100
Icydeadsheep,draenor,1547,mage,frost,72,28,44
Chicke,outland,1546,mage,frost,52,29,23
Delvir,stormreaver,1546,mage,frost,96,46,50
Ghalanz,ravencrest,1545,mage,frost,60,29,31
Бингчилинг,howling-fjord,1543,mage,frost,64,30,34
Muchmage,silvermoon,1542,mage,frost,78,32,46
Koreanbbq,outland,1541,mage,frost,42,18,24
Find,archimonde,1539,mage,frost,190,94,96
Fullpolly,twisting-nether,1538,mage,frost,47,29,18
Farciminis,outland,1535,mage,frost,33,20,13
Nàtcho,tichondrius,1535,mage,frost,60,35,25
Sakuranosuke,twisting-nether,1534,mage,frost,36,20,16
Райоми,fordragon,1534,mage,frost,265,131,134
Alluryeine,draenor,1531,mage,frost,59,34,25
Aurelius,kargath,1531,mage,frost,42,24,18
Elldiamage,draenor,1531,mage,frost,30,16,14
Миднаит,gordunni,1531,mage,frost,111,50,61
Skretx,archimonde,1530,mage,frost,30,21,9
Karstnstenzl,blackrock,1530,mage,frost,60,30,30
Hbarftw,ravencrest,1528,mage,frost,71,35,36
Roberx,sanguino,1528,mage,frost,101,48,53
Airo,drakthul,1526,mage,frost,54,34,20
Kèj,kazzak,1526,mage,frost,57,27,30
Мосгормаг,gordunni,1525,mage,frost,47,24,23
Leafløver,ravencrest,1525,mage,frost,95,46,49
Evilmagíc,tarren-mill,1523,mage,frost,30,16,14
Qùb,eldrethalas,1519,mage,frost,42,23,19
Excuses,chamber-of-aspects,1519,mage,frost,314,155,159
Larmp,outland,1517,mage,frost,42,16,26
Ney,drakthul,1516,mage,frost,24,16,8
Sekulicgoga,draenor,1515,mage,frost,309,168,141
Wukidiwn,draenor,1515,mage,frost,60,25,35
Xoouuboo,eredar,1513,mage,frost,30,16,14
Elcølgaø,sanguino,1512,mage,frost,156,76,80
Vyuca,argent-dawn,1511,mage,frost,58,29,29
Mohovik,wildhammer,1510,mage,frost,42,23,19
Гатмир,gordunni,1510,mage,frost,291,148,143
Nelfchewer,ravencrest,1508,mage,frost,38,18,20
Nutsa,silvermoon,1507,mage,frost,35,18,17
Tromie,archimonde,1507,mage,frost,197,100,97
Phélenia,sargeras,1507,mage,frost,132,66,66
Rexør,frostwolf,1505,mage,frost,54,31,23
Denaleidi,stormscale,1505,mage,frost,54,30,24
Лакифриз,gordunni,1505,mage,frost,119,63,56
Ckrax,sanguino,1504,mage,frost,48,24,24
Borêta,blackrock,1504,mage,frost,168,82,86
Метох,soulflayer,1504,mage,frost,174,83,91
Ceillech,blackrock,1504,mage,frost,82,39,43
Newintown,blackmoore,1503,mage,frost,62,32,30
Gêrky,drakthul,1502,mage,frost,122,63,59
Vannq,silvermoon,1500,mage,frost,118,53,65
Phenoxi,sylvanas,1499,mage,frost,30,17,13
Iverson,kazzak,1497,mage,frost,98,41,57
Spellcast,ravencrest,1496,mage,frost,33,18,15
Нонекс,soulflayer,1496,mage,frost,106,53,53
Xue,azshara,1495,mage,frost,54,25,29
Trais,blackrock,1492,mage,frost,45,29,16
Aeternitaz,outland,1492,mage,frost,53,28,25
Averus,outland,1490,mage,frost,36,21,15
Pronyma,outland,1490,mage,frost,60,27,33
Мозифрост,gordunni,1490,mage,frost,62,23,39
Sukky,todeswache,1489,mage,frost,34,17,17
Сосулькина,gordunni,1488,mage,frost,95,50,45
Qqpwn,ragnaros,1488,mage,frost,76,38,38
Saucise,hyjal,1487,mage,frost,96,49,47
Borko,rashgarroth,1486,mage,frost,36,19,17
Оай,gordunni,1485,mage,frost,66,29,37
Файрусх,blackscar,1484,mage,frost,72,41,31
Datakrigern,tarren-mill,1484,mage,frost,65,34,31
Тачмахал,soulflayer,1484,mage,frost,64,33,31
Pølåris,outland,1484,mage,frost,72,37,35
Confine,twisting-nether,1483,mage,frost,174,91,83
Корадо,gordunni,1483,mage,frost,120,54,66
Knoxvit,tarren-mill,1481,mage,frost,57,33,24
Alicánte,silvermoon,1480,mage,frost,78,39,39
Lesoleil,archimonde,1479,mage,frost,48,28,20
Митгори,gordunni,1478,mage,frost,48,25,23
Drandis,blackmoore,1478,mage,frost,36,16,20
Kelthuzed,twisting-nether,1477,mage,frost,54,28,26
Octtmiss,twisting-nether,1476,mage,frost,33,17,16
Rodatudo,ravencrest,1474,mage,frost,130,61,69
Spamblink,archimonde,1474,mage,frost,63,18,45
Dumblemore,ragnaros,1473,mage,frost,60,33,27
Lyès,uldaman,1473,mage,frost,42,21,21
Zaruna,arathor,1472,mage,frost,87,45,42
Sciren,nagrand,1471,mage,frost,31,16,15
Ðíø,twisting-nether,1470,mage,frost,64,32,32
Venque,blackrock,1470,mage,frost,42,16,26
Widmage,silvermoon,1469,mage,frost,140,63,77
Destrech,aggra-português,1467,mage,frost,36,21,15
Tôke,kaelthas,1466,mage,frost,96,53,43
Grumpyorc,ravencrest,1466,mage,frost,102,48,54
Iulie,kazzak,1465,mage,frost,192,99,93
Фемна,soulflayer,1464,mage,frost,166,87,79
Alkhazzar,defias-brotherhood,1463,mage,frost,392,193,199
Stace,area-52,1463,mage,frost,54,19,35
Warwizz,sanguino,1461,mage,frost,57,30,27
Iroya,festung-der-stürme,1461,mage,frost,251,122,129
Рэймонд,howling-fjord,1461,mage,frost,47,19,28
Frostique,kazzak,1460,mage,frost,97,54,43
Surlancealot,outland,1458,mage,frost,59,25,34
Wslyx,dun-morogh,1458,mage,frost,78,30,48
Fïttan,stormscale,1457,mage,frost,83,40,43
Lolmageop,aegwynn,1457,mage,frost,35,16,19
Zoba,sylvanas,1457,mage,frost,42,18,24
Свдпро,deathguard,1456,mage,frost,64,30,34
Derbomber,guldan,1456,mage,frost,53,22,31
Frostvirgin,twisting-nether,1455,mage,frost,42,19,23
Spellfaker,drakthul,1454,mage,frost,27,18,9
Destruct,doomhammer,1454,mage,frost,119,69,50
Анзот,howling-fjord,1453,mage,frost,82,47,35
Sandalf,lightnings-blade,1453,mage,frost,50,25,25
Ia,kirin-tor,1452,mage,frost,46,25,21
Kokenn,hyjal,1452,mage,frost,78,42,36
Luxxurious,xavius,1451,mage,frost,58,27,31
Sangumage,silvermoon,1451,mage,frost,54,25,29
Azkarr,stormscale,1450,mage,frost,59,33,26
Spellsteal,antonidas,1450,mage,frost,98,49,49
Nilys,chogall,1449,mage,frost,30,22,8
Stillfrostin,blackrock,1449,mage,frost,95,57,38
Necizbored,tarren-mill,1449,mage,frost,61,33,28
Plætinum,ravencrest,1449,mage,frost,216,108,108
Dzikk,silvermoon,1449,mage,frost,74,36,38
Ímnotback,outland,1448,mage,frost,331,168,163
Dllarky,drakthul,1448,mage,frost,48,24,24
Woorm,sylvanas,1446,mage,frost,76,44,32
Цепнойпёс,goldrinn,1446,mage,frost,46,24,22
Akúmã,stormscale,1446,mage,frost,302,156,146
Darkseidez,alonsus,1446,mage,frost,54,26,28
Старкскрим,gordunni,1445,mage,frost,112,51,61
Summermàge,ravencrest,1444,mage,frost,60,29,31
Afklow,pozzo-delleternità,1442,mage,frost,39,21,18
Maquiwizz,aggra-português,1442,mage,frost,54,27,27
Eldariel,ravencrest,1442,mage,frost,83,39,44
Rusdorcito,frostwhisper,1442,mage,frost,51,18,33
Velâska,malganis,1440,mage,frost,102,60,42
Shunii,ravencrest,1437,mage,frost,32,16,16
Shnitz,stormscale,1436,mage,frost,24,15,9
Pipihu,silvermoon,1435,mage,frost,72,37,35
Charliezard,argent-dawn,1435,mage,frost,36,15,21
Нереварин,soulflayer,1435,mage,frost,42,15,27
Hazzá,ravencrest,1433,mage,frost,24,15,9
Fistersfrizz,aegwynn,1432,mage,frost,58,34,24
Quadekun,tarren-mill,1432,mage,frost,30,15,15
Ozon,sylvanas,1427,mage,frost,24,15,9
Пиньон,borean-tundra,1425,mage,frost,36,21,15
Azakadabra,ysondre,1425,mage,frost,55,31,24
Widurr,burning-legion,1423,mage,frost,42,18,24
Tainted,eredar,1422,mage,frost,89,43,46
Koreanbbq,kazzak,1422,mage,frost,65,31,34
Comodus,ragnaros,1422,mage,frost,130,61,69
Næj,hyjal,1421,mage,frost,30,15,15
Psika,kazzak,1420,mage,frost,106,48,58
Tærrëñshíll,tarren-mill,1420,mage,frost,36,15,21
Nightplays,sylvanas,1419,mage,frost,42,26,16
Iceiceice,stormscale,1418,mage,frost,54,30,24
Hellionblast,ragnaros,1416,mage,frost,30,15,15
Frèézê,frostwolf,1416,mage,frost,54,26,28
Däpper,ragnaros,1416,mage,frost,54,24,30
Сэрруденкент,soulflayer,1414,mage,frost,36,20,16
Ilovedana,dun-modr,1414,mage,frost,56,16,40
Hexmath,tarren-mill,1413,mage,frost,30,15,15
Messatsux,tarren-mill,1411,mage,frost,30,15,15
Zionw,frostwolf,1410,mage,frost,121,60,61
Seyece,silvermoon,1408,mage,frost,53,31,22
Lukewizard,twisting-nether,1405,mage,frost,92,51,41
Frostspree,wildhammer,1405,mage,frost,43,22,21
Ãzi,ravencrest,1403,mage,frost,28,20,8
Ayoubz,outland,1403,mage,frost,35,16,19
Nevaehine,ravencrest,1402,mage,frost,198,104,94
Snakebit,kazzak,1401,mage,frost,148,72,76
Sixx,aegwynn,1400,mage,frost,41,19,22
Shagee,stormscale,1399,mage,frost,30,16,14
Beaun,tarren-mill,1399,mage,frost,159,78,81
Crackheads,hyjal,1398,mage,frost,96,48,48
Kippercarry,outland,1398,mage,frost,30,15,15
Pluribusunum,outland,1398,mage,frost,38,17,21
Adagar,chamber-of-aspects,1397,mage,frost,77,39,38
Flavie,hellfire,1395,mage,frost,35,24,11
Novalia,wrathbringer,1395,mage,frost,113,59,54
Bebarz,darksorrow,1395,mage,frost,148,76,72
Hernêise,silvermoon,1395,mage,frost,185,94,91
Elynaé,draenor,1395,mage,frost,70,33,37
Raikøn,blackmoore,1394,mage,frost,56,29,27
Mdog,stormreaver,1393,mage,frost,102,55,47
Grismage,twisting-nether,1393,mage,frost,48,16,32
Apócalyptic,tarren-mill,1392,mage,frost,76,44,32
Immobilizer,eredar,1392,mage,frost,126,65,61
Wormhole,kazzak,1389,mage,frost,42,17,25
Вольняша,azuregos,1388,mage,frost,160,66,94
Викликс,borean-tundra,1387,mage,frost,64,37,27
Jedite,die-todeskrallen,1386,mage,frost,277,143,134
Dïabolike,archimonde,1384,mage,frost,78,45,33
Учительйода,ashenvale,1384,mage,frost,66,37,29
Shroomie,eredar,1381,mage,frost,154,79,75
Zice,antonidas,1380,mage,frost,34,18,16
Leonora,blackhand,1380,mage,frost,60,22,38
Nøw,kazzak,1378,mage,frost,39,16,23
Sleîhg,sanguino,1376,mage,frost,76,37,39
Tvångstralla,tarren-mill,1376,mage,frost,38,17,21
Arridon,echsenkessel,1375,mage,frost,65,35,30
Моритакаа,gordunni,1375,mage,frost,96,49,47
Eclyftw,blackmoore,1374,mage,frost,36,16,20
Lsdt,stormscale,1372,mage,frost,42,16,26
Oizar,hyjal,1371,mage,frost,48,25,23
Shüri,kazzak,1370,mage,frost,84,46,38
Medium,der-rat-von-dalaran,1369,mage,frost,66,38,28
Tarkún,dun-modr,1368,mage,frost,78,47,31
Дарнивил,gordunni,1368,mage,frost,212,105,107
Thry,bronzebeard,1368,mage,frost,116,56,60
Фростидзе,gordunni,1367,mage,frost,66,28,38
Aileean,burning-legion,1366,mage,frost,119,66,53
Орижн,howling-fjord,1366,mage,frost,53,29,24
Calina,azshara,1364,mage,frost,23,15,8
Iceorb,azshara,1364,mage,frost,114,52,62
Arlunea,blackmoore,1364,mage,frost,50,20,30
Umaguma,elune,1363,mage,frost,71,34,37
Laenadria,argent-dawn,1363,mage,frost,105,47,58
Фрайбл,gordunni,1361,mage,frost,31,16,15
Жемчужина,eversong,1361,mage,frost,36,18,18
Cheerió,aggramar,1360,mage,frost,254,118,136
Ymirë,khaz-modan,1357,mage,frost,51,22,29
Cardioexpert,ravencrest,1356,mage,frost,25,15,10
Illius,kelthuzad,1354,mage,frost,128,64,64
Гунмаказ,soulflayer,1353,mage,frost,58,34,24
Hayaka,sanguino,1352,mage,frost,77,36,41
Gàtsby,outland,1351,mage,frost,60,30,30
Løxyy,ysondre,1349,mage,frost,50,23,27
Feuererdnuss,blackhand,1348,mage,frost,35,16,19
Inaruy,hyjal,1347,mage,frost,26,15,11
Abolf,twisting-nether,1347,mage,frost,42,23,19
Sylênna,kazzak,1347,mage,frost,60,30,30
Corpusqq,eredar,1347,mage,frost,54,26,28
Morphees,twisting-nether,1345,mage,frost,42,25,17
Zwölfte,outland,1345,mage,frost,148,84,64
Bolesnimage,draenor,1345,mage,frost,59,33,26
Manvo,bloodscalp,1345,mage,frost,60,23,37
Jíncks,anachronos,1344,mage,frost,24,14,10
Nilitarrgh,outland,1344,mage,frost,24,14,10
Justleblanc,dalaran,1344,mage,frost,82,39,43
Осмотрфанеры,howling-fjord,1344,mage,frost,48,20,28
Preí,archimonde,1344,mage,frost,37,15,22
Shédudé,silvermoon,1343,mage,frost,36,19,17
Transformo,draenor,1342,mage,frost,24,14,10
Dabka,argent-dawn,1341,mage,frost,378,188,190
Daneliam,outland,1341,mage,frost,61,30,31
Dmmeforcam,archimonde,1340,mage,frost,26,15,11
Khivax,twisting-nether,1340,mage,frost,84,32,52
Jokiss,draenor,1339,mage,frost,114,57,57
Gliffy,terokkar,1338,mage,frost,83,50,33
Лемозюка,gordunni,1338,mage,frost,24,14,10
Iggilaus,blackhand,1338,mage,frost,487,245,242
Quail,anubarak,1338,mage,frost,208,101,107
Grandbasile,hyjal,1338,mage,frost,30,14,16
Tàylerdarden,nemesis,1338,mage,frost,113,51,62
Cinoox,blackrock,1337,mage,frost,34,15,19
Crooja,antonidas,1337,mage,frost,45,15,30
Хоф,deathguard,1336,mage,frost,53,24,29
Animaze,argent-dawn,1335,mage,frost,155,88,67
Frostytutes,ragnaros,1335,mage,frost,59,28,31
Mfnz,stormreaver,1335,mage,frost,41,18,23
Tirenia,bloodfeather,1335,mage,frost,41,15,26
Spelltastíc,blackmoore,1333,mage,frost,24,14,10
Marikisanx,blackmoore,1333,mage,frost,24,14,10
Javelintouch,eldrethalas,1333,mage,frost,33,16,17
Sinanspappa,argent-dawn,1332,mage,frost,24,14,10
Katarapower,silvermoon,1332,mage,frost,411,202,209
Imbatto,quelthalas,1332,mage,frost,42,20,22
Маушко,soulflayer,1331,mage,frost,170,87,83
Lovma,doomhammer,1331,mage,frost,54,27,27
Shinzel,hyjal,1331,mage,frost,64,26,38
Atixx,aegwynn,1329,mage,frost,54,18,36
Кройзис,howling-fjord,1328,mage,frost,80,46,34
Maxik,outland,1327,mage,frost,24,14,10
Xânârchy,minahonda,1327,mage,frost,84,42,42
Игрдлпдров,gordunni,1327,mage,frost,72,34,38
Mogettemagic,ysondre,1326,mage,frost,59,29,30
Tìnder,tarren-mill,1325,mage,frost,90,46,44
Magegodx,rexxar,1325,mage,frost,81,39,42
Nuvx,ravencrest,1325,mage,frost,44,19,25
Braxxorz,chamber-of-aspects,1324,mage,frost,59,38,21
Iceterror,ravencrest,1324,mage,frost,42,23,19
Caesarclown,silvermoon,1324,mage,frost,165,81,84
Bumboozling,kazzak,1324,mage,frost,30,14,16
Badguy,arathor,1323,mage,frost,30,14,16
Discomorph,the-maelstrom,1322,mage,frost,24,14,10
Quilava,ghostlands,1322,mage,frost,49,26,23
Pruneau,hyjal,1322,mage,frost,89,46,43
Sused,outland,1321,mage,frost,30,16,14
Morozuvko,tarren-mill,1321,mage,frost,30,15,15
Texita,sylvanas,1319,mage,frost,83,42,41
Nïo,ravencrest,1318,mage,frost,36,19,17
Remantin,blackrock,1318,mage,frost,92,42,50
Meydoum,archimonde,1316,mage,frost,30,17,13
Кварийм,howling-fjord,1316,mage,frost,80,36,44
Skarxaa,sanguino,1315,mage,frost,53,30,23
Лутиум,howling-fjord,1315,mage,frost,223,121,102
Hetaxata,kazzak,1313,mage,frost,32,16,16
Iceym,ravencrest,1313,mage,frost,41,17,24
Bænoß,ravencrest,1312,mage,frost,30,16,14
Фиджарь,soulflayer,1312,mage,frost,165,83,82
Addew,the-maelstrom,1310,mage,frost,24,14,10
Синийлед,galakrond,1310,mage,frost,156,72,84
Kaaguraa,ravencrest,1309,mage,frost,263,136,127
Glöden,ravencrest,1309,mage,frost,32,15,17
Левченкопро,soulflayer,1308,mage,frost,261,132,129
Smöked,tarren-mill,1308,mage,frost,306,154,152
Jackin,burning-legion,1308,mage,frost,78,38,40
Aûrûm,silvermoon,1306,mage,frost,90,44,46
Vrajitöru,doomhammer,1304,mage,frost,26,16,10
Alktraz,outland,1302,mage,frost,78,34,44
Magitron,wildhammer,1301,mage,frost,35,18,17
Nodmg,nefarian,1300,mage,frost,30,19,11
Cuishle,kaelthas,1299,mage,frost,36,14,22
Bokvar,twisting-nether,1298,mage,frost,48,28,20
Psychosiss,kazzak,1298,mage,frost,49,27,22
Veemi,blackmoore,1297,mage,frost,30,16,14
Енотмаг,gordunni,1297,mage,frost,70,32,38
Tjayy,kazzak,1295,mage,frost,81,36,45
Momolamoto,hyjal,1294,mage,frost,108,57,51
Xaerow,archimonde,1294,mage,frost,42,22,20
Pyro,eldrethalas,1294,mage,frost,68,30,38
Магсимум,ashenvale,1292,mage,frost,35,18,17
Winterblues,frostmourne,1291,mage,frost,36,20,16
Pwntt,terenas,1291,mage,frost,159,77,82
Fractox,ysondre,1290,mage,frost,166,84,82
Estupen,sanguino,1290,mage,frost,49,24,25
Kundry,tarren-mill,1289,mage,frost,42,16,26
Frostjävel,grim-batol,1288,mage,frost,46,24,22
Voldemort,bronzebeard,1284,mage,frost,51,24,27
Faunas,kazzak,1283,mage,frost,36,15,21
Aelire,die-aldor,1281,mage,frost,45,19,26
Lupuus,anubarak,1278,mage,frost,44,21,23
Гаразлик,howling-fjord,1278,mage,frost,198,92,106
Хадъюич,grom,1277,mage,frost,36,18,18
Xhal,hyjal,1277,mage,frost,36,18,18
Nups,ravencrest,1277,mage,frost,135,61,74
Orelox,kazzak,1277,mage,frost,35,14,21
Lovësosa,hyjal,1275,mage,frost,59,28,31
Шанлис,gordunni,1272,mage,frost,30,16,14
Silvariy,stormscale,1272,mage,frost,142,71,71
Teuboku,ysondre,1271,mage,frost,43,27,16
Frozenwisp,stormrage,1271,mage,frost,83,49,34
Edelvise,azjolnerub,1270,mage,frost,78,29,49
Asteria,twisting-nether,1268,mage,frost,190,91,99
Lenycz,burning-blade,1266,mage,frost,36,19,17
Вельдрик,soulflayer,1264,mage,frost,232,118,114
Kleini,die-aldor,1263,mage,frost,29,17,12
Vaessi,doomhammer,1263,mage,frost,29,14,15
Nuryielle,blackmoore,1256,mage,frost,30,15,15
Funakin,blackrock,1252,mage,frost,78,32,46
Zoubaz,archimonde,1251,mage,frost,37,17,20
Firehasse,draenor,1250,mage,frost,120,64,56
Sikaia,twisting-nether,1250,mage,frost,99,47,52
Suidas,auchindoun,1250,mage,frost,72,32,40
Dríme,ravencrest,1248,mage,frost,30,14,16
Bambaga,kazzak,1248,mage,frost,66,27,39
Abruaa,tarren-mill,1246,mage,frost,18,13,5
Scoxywoxy,ragnaros,1246,mage,frost,44,22,22
Schaap,tarren-mill,1245,mage,frost,18,13,5
Apic,blackrock,1245,mage,frost,29,19,10
Bengé,ragnaros,1245,mage,frost,22,14,8
Bceps,stormscale,1245,mage,frost,66,35,31
Brolyzerr,archimonde,1243,mage,frost,25,13,12
Synblink,eredar,1243,mage,frost,30,13,17
Oiklo,eitrigg,1242,mage,frost,61,25,36
Rinuria,blackrock,1241,mage,frost,18,13,5
Suikune,twisting-nether,1241,mage,frost,24,17,7
Njl,blackmoore,1241,mage,frost,24,13,11
Máurus,antonidas,1241,mage,frost,66,25,41
Dabina,sanguino,1240,mage,frost,60,28,32
Tradez,norgannon,1240,mage,frost,48,18,30
Track,blackhand,1238,mage,frost,30,13,17
Titanshao,silvermoon,1237,mage,frost,24,16,8
Bossgb,twisting-nether,1237,mage,frost,75,40,35
Fôôxy,aegwynn,1237,mage,frost,44,21,23
Криолетта,gordunni,1237,mage,frost,78,35,43
Дырявка,galakrond,1237,mage,frost,84,37,47
Noviina,argent-dawn,1237,mage,frost,58,25,33
Вайконд,howling-fjord,1236,mage,frost,50,23,27
Gameboycolor,ravencrest,1233,mage,frost,36,13,23
Faycia,blackhand,1232,mage,frost,96,43,53
Irreversal,ravencrest,1227,mage,frost,95,51,44
Zenó,blackrock,1227,mage,frost,36,13,23
Juicedup,blackrock,1226,mage,frost,30,13,17
Pyroden,stormscale,1224,mage,frost,42,18,24
Sásen,blackrock,1223,mage,frost,41,18,23
Dyx,nemesis,1222,mage,frost,78,33,45
Хблэйз,howling-fjord,1222,mage,frost,36,14,22
Eléaena,argent-dawn,1221,mage,frost,30,13,17
Vathalis,zuluhed,1217,mage,frost,113,48,65
Fleurdelacur,ravencrest,1216,mage,frost,69,36,33
Misscandy,doomhammer,1215,mage,frost,103,50,53
Keathlin,hyjal,1215,mage,frost,43,17,26
Deano,outland,1214,mage,frost,24,14,10
Klésh,nemesis,1210,mage,frost,24,13,11
Dollzer,khaz-modan,1209,mage,frost,24,13,11
Jaghahah,tarren-mill,1206,mage,frost,114,62,52
Nandie,stormreaver,1206,mage,frost,38,19,19
Olivaresa,ravencrest,1205,mage,frost,50,17,33
Zagori,sylvanas,1203,mage,frost,79,35,44
Zevúlòs,ravencrest,1202,mage,frost,42,28,14
Qwixxis,sylvanas,1201,mage,frost,125,64,61
Baravar,blackrock,1199,mage,frost,53,23,30
Tacto,ravencrest,1198,mage,frost,262,133,129
Rafaeala,argent-dawn,1197,mage,frost,145,78,67
Zeusmon,ragnaros,1197,mage,frost,107,48,59
Seelengott,onyxia,1196,mage,frost,310,151,159
Séptímus,kazzak,1195,mage,frost,64,28,36
Kapueca,jaedenar,1194,mage,frost,51,34,17
Шеллестун,soulflayer,1192,mage,frost,55,28,27
Phaege,defias-brotherhood,1192,mage,frost,32,15,17
Roxarch,nordrassil,1192,mage,frost,42,15,27
Søphiâ,thrall,1191,mage,frost,72,38,34
Rektd,blackhand,1191,mage,frost,157,73,84
Flamya,stormscale,1190,mage,frost,59,27,32
Mínêrvâ,blackrock,1189,mage,frost,28,15,13
Esculapìo,nemesis,1188,mage,frost,225,114,111
Вескнам,lich-king,1188,mage,frost,84,36,48
Zvuta,sanguino,1185,mage,frost,30,21,9
Сибиди,gordunni,1185,mage,frost,24,13,11
Popixx,magtheridon,1183,mage,frost,72,29,43
Magicdingo,lightnings-blade,1183,mage,frost,36,13,23
Хируэль,gordunni,1180,mage,frost,98,47,51
Zisseron,frostmane,1180,mage,frost,30,13,17
Pinkis,darkmoon-faire,1178,mage,frost,127,66,61
Elrorfiniel,draenor,1177,mage,frost,32,13,19
Scaless,stormscale,1176,mage,frost,77,37,40
Инкрионити,gordunni,1175,mage,frost,23,13,10
Ryydee,silvermoon,1175,mage,frost,430,213,217
Yenkonidas,blackmoore,1175,mage,frost,54,23,31
Niivel,ysondre,1172,mage,frost,178,100,78
Hagiko,archimonde,1171,mage,frost,57,31,26
Rutemarlene,draenor,1171,mage,frost,88,45,43
Gacosane,chamber-of-aspects,1170,mage,frost,97,42,55
Metaboi,ragnaros,1169,mage,frost,65,26,39
Zzombi,sylvanas,1166,mage,frost,81,39,42
Vermilia,darksorrow,1166,mage,frost,96,39,57
Hotafazz,ravencrest,1166,mage,frost,39,15,24
Faithseed,dun-modr,1164,mage,frost,42,27,15
Eìnì,kazzak,1164,mage,frost,25,14,11
Морозящий,howling-fjord,1162,mage,frost,165,84,81
Nazø,archimonde,1162,mage,frost,132,62,70
Icyshot,blackhand,1159,mage,frost,33,16,17
Isolia,silvermoon,1157,mage,frost,35,14,21
Zanazanelor,twisting-nether,1155,mage,frost,26,13,13
Лемозяра,gordunni,1152,mage,frost,18,12,6
Айсбоунт,eversong,1151,mage,frost,49,27,22
Andors,conseil-des-ombres,1151,mage,frost,24,12,12
Amicuta,ravencrest,1150,mage,frost,60,30,30
Ilikepoly,blackmoore,1150,mage,frost,30,14,16
Caststuffatu,sylvanas,1149,mage,frost,18,12,6
Arcticfury,ravencrest,1149,mage,frost,24,12,12
Rillia,argent-dawn,1149,mage,frost,24,12,12
Panlong,twisting-nether,1149,mage,frost,43,21,22
Quincy,frostwolf,1147,mage,frost,78,35,43
Prinskoekie,twisting-nether,1147,mage,frost,185,78,107
Manôu,kirin-tor,1146,mage,frost,24,12,12
Shivah,onyxia,1146,mage,frost,130,55,75
Чистокрут,gordunni,1146,mage,frost,36,12,24
Scoodles,kazzak,1145,mage,frost,30,12,18
Goukí,drakthul,1144,mage,frost,18,12,6
Tiltedpapi,ravencrest,1142,mage,frost,46,24,22
Qulinx,kazzak,1142,mage,frost,29,13,16
Maggresive,sylvanas,1140,mage,frost,30,15,15
Valkruz,nemesis,1140,mage,frost,30,12,18
Sqwiz,outland,1140,mage,frost,30,12,18
Iceicebáby,draenor,1139,mage,frost,36,17,19
Flakeh,outland,1138,mage,frost,122,55,67
Frostyfart,tarren-mill,1136,mage,frost,24,12,12
Boredpeon,burning-legion,1136,mage,frost,84,40,44
Aern,sinstralis,1136,mage,frost,30,12,18
Дивеансерт,blackscar,1136,mage,frost,36,13,23
Oathkeepper,silvermoon,1135,mage,frost,124,60,64
Mutly,kazzak,1133,mage,frost,32,19,13
Манднесс,azuregos,1133,mage,frost,24,12,12
ßooh,kazzak,1133,mage,frost,24,12,12
Souleh,ravencrest,1133,mage,frost,24,12,12
Momotemp,emerald-dream,1133,mage,frost,102,50,52
Broduy,draenor,1133,mage,frost,144,69,75
Коласольдом,gordunni,1133,mage,frost,36,16,20
Iamslow,sylvanas,1130,mage,frost,18,12,6
Айсвеном,gordunni,1129,mage,frost,78,36,42
Луциаз,gordunni,1128,mage,frost,53,31,22
Stryee,ragnaros,1128,mage,frost,24,12,12
Ewina,twisting-nether,1128,mage,frost,24,12,12
Tomuru,draenor,1127,mage,frost,74,44,30
Vignoni,the-maelstrom,1125,mage,frost,24,12,12
Çxçx,dun-modr,1125,mage,frost,36,14,22
Zyxiie,sylvanas,1122,mage,frost,50,14,36
Turandot,ravencrest,1121,mage,frost,30,20,10
Arogance,archimonde,1121,mage,frost,66,37,29
Lifemagic,chamber-of-aspects,1120,mage,frost,131,68,63
Lêgólás,blackmoore,1119,mage,frost,24,12,12
Блья,howling-fjord,1113,mage,frost,66,36,30
Djblink,twisting-nether,1113,mage,frost,43,22,21
Qtiepatootie,silvermoon,1113,mage,frost,202,103,99
Azadan,pozzo-delleternità,1111,mage,frost,23,12,11
Lenali,burning-legion,1111,mage,frost,42,18,24
Magjaw,twisting-nether,1110,mage,frost,36,20,16
Roey,defias-brotherhood,1110,mage,frost,30,14,16
Dominos,medivh,1110,mage,frost,36,15,21
Mordy,stormreaver,1109,mage,frost,23,12,11
Kótaranka,kazzak,1108,mage,frost,65,28,37
Tylic,doomhammer,1108,mage,frost,48,16,32
Lylla,cthun,1107,mage,frost,48,14,34
Килавый,eversong,1105,mage,frost,48,29,19
Vexperious,tarren-mill,1102,mage,frost,18,12,6
Arcáge,azjolnerub,1101,mage,frost,61,26,35
Kalyipso,blackrock,1097,mage,frost,48,14,34
Саназэр,soulflayer,1095,mage,frost,72,33,39
Kadsy,tarren-mill,1090,mage,frost,41,18,23
Kyrox,ysondre,1090,mage,frost,78,34,44
Melkyore,archimonde,1088,mage,frost,57,24,33
Xîzy,outland,1087,mage,frost,22,12,10
Euklid,ravencrest,1083,mage,frost,22,12,10
Goeb,kazzak,1083,mage,frost,35,14,21
Tygaone,tirion,1080,mage,frost,66,31,35
Gedzi,silvermoon,1075,mage,frost,30,18,12
Yojimbot,archimonde,1065,mage,frost,48,15,33
Arcanik,archimonde,1065,mage,frost,49,14,35
Miidi,doomhammer,1064,mage,frost,42,23,19
Дедамаг,eversong,1064,mage,frost,36,18,18
Smõóve,hyjal,1064,mage,frost,121,53,68
Jodiefroster,bronzebeard,1063,mage,frost,50,29,21
Gnoumen,shadowsong,1062,mage,frost,32,17,15
Forestie,silvermoon,1061,mage,frost,56,27,29
Edwiin,dun-morogh,1059,mage,frost,63,20,43
Xèrec,ysondre,1058,mage,frost,36,12,24
Funkyfriday,twisting-nether,1056,mage,frost,24,11,13
Унитазныймаг,howling-fjord,1056,mage,frost,24,11,13
Decedé,dun-modr,1055,mage,frost,18,11,7
Xläderz,ravencrest,1055,mage,frost,18,11,7
Tenetic,thrall,1055,mage,frost,20,11,9
Ramcoz,twisting-nether,1055,mage,frost,48,25,23
Stümpy,ravencrest,1055,mage,frost,24,11,13
Watchmylance,blackrock,1055,mage,frost,30,11,19
Xawokem,outland,1055,mage,frost,30,11,19
Yshax,malganis,1055,mage,frost,36,11,25
Síckmode,khadgar,1055,mage,frost,36,11,25
Iceteen,aegwynn,1054,mage,frost,18,11,7
Rere,zenedar,1054,mage,frost,26,13,13
Kõl,ravencrest,1054,mage,frost,24,11,13
Grömit,drakthul,1053,mage,frost,18,11,7
Tiefkühler,norgannon,1053,mage,frost,45,25,20
Xzp,der-rat-von-dalaran,1052,mage,frost,24,11,13
Pixlet,kazzak,1052,mage,frost,30,11,19
Bamz,malganis,1051,mage,frost,24,11,13
Рамблз,gordunni,1051,mage,frost,24,11,13
Винилочка,deathguard,1051,mage,frost,24,11,13
Бальзамон,eversong,1051,mage,frost,43,18,25
Ízumi,stormscale,1051,mage,frost,30,11,19
Primodious,kazzak,1050,mage,frost,24,11,13
Chililol,dun-modr,1048,mage,frost,24,11,13
Ryzea,ravencrest,1047,mage,frost,23,15,8
Obsidion,sporeggar,1047,mage,frost,42,13,29
Férécide,ysondre,1045,mage,frost,30,11,19
Умелецмаг,gordunni,1044,mage,frost,54,27,27
Bobbasor,defias-brotherhood,1044,mage,frost,37,14,23
Latiny,blackrock,1043,mage,frost,119,54,65
Arcaneiun,nagrand,1043,mage,frost,30,11,19
Ørcan,azshara,1042,mage,frost,78,29,49
Líquiçìty,ragnaros,1042,mage,frost,48,13,35
Blinklet,twisting-nether,1040,mage,frost,26,17,9
Fashes,sunstrider,1039,mage,frost,105,53,52
Юлианх,gordunni,1039,mage,frost,256,124,132
Khoshgele,draenor,1039,mage,frost,24,11,13
Nåzmyz,outland,1035,mage,frost,66,28,38
Ангилема,gordunni,1033,mage,frost,24,11,13
Clonefcf,sylvanas,1032,mage,frost,55,31,24
Mystto,silvermoon,1030,mage,frost,48,29,19
Snowrain,chogall,1030,mage,frost,47,23,24
Pinguíni,aegwynn,1030,mage,frost,60,29,31
Æyhvr,hyjal,1027,mage,frost,34,18,16
Ananaskana,ragnaros,1025,mage,frost,18,11,7
Skyra,les-sentinelles,1024,mage,frost,42,24,18
Elesand,kazzak,1024,mage,frost,57,25,32
Yasheaa,ysondre,1020,mage,frost,23,11,12
Didub,outland,1020,mage,frost,42,17,25
Dumbledores,aegwynn,1018,mage,frost,65,28,37
Erzà,todeswache,1017,mage,frost,53,28,25
Sântillius,twisting-nether,1016,mage,frost,18,11,7
Furoranight,malfurion,1016,mage,frost,78,39,39
Shíntaro,stormscale,1013,mage,frost,41,12,29
Ergonz,tarren-mill,1008,mage,frost,27,12,15
Илайла,booty-bay,1007,mage,frost,15,12,3
Arkanieer,blackrock,1006,mage,frost,48,24,24
Roughfked,silvermoon,1005,mage,frost,80,40,40
Zedsdeadbaby,argent-dawn,1005,mage,frost,115,56,59
Thalaja,kazzak,1005,mage,frost,29,11,18
Vamelia,blackmoore,1003,mage,frost,60,27,33
Экструдия,gordunni,1002,mage,frost,19,12,7
Aloona,malganis,1001,mage,frost,36,16,20
Соорка,gordunni,1001,mage,frost,27,11,16
Этридемус,howling-fjord,1000,mage,frost,42,11,31
Ogfreshlance,stormscale,990,mage,frost,23,11,12
Xakiha,kazzak,989,mage,frost,23,11,12
Thamagus,burning-legion,987,mage,frost,23,12,11
Darrnor,hyjal,986,mage,frost,17,11,6
Maximilian,pozzo-delleternità,983,mage,frost,32,11,21
Kumakara,archimonde,981,mage,frost,24,12,12
Дроййд,gordunni,981,mage,frost,52,14,38
Ón,burning-steppes,978,mage,frost,27,14,13
Lunnysvet,blackrock,977,mage,frost,64,31,33
Chogger,blackmoore,974,mage,frost,42,24,18
Dnt,twilights-hammer,974,mage,frost,24,11,13
Gravetaxi,twisting-nether,966,mage,frost,78,26,52
Lemonshelo,archimonde,965,mage,frost,33,11,22
Ezzekkiel,elune,962,mage,frost,36,18,18
Fujitoras,khaz-modan,961,mage,frost,65,31,34
Gelußaßa,ravencrest,960,mage,frost,18,10,8
Acx,drakthul,960,mage,frost,18,10,8
Cosmostms,ravencrest,960,mage,frost,18,10,8
Botanicula,the-maelstrom,960,mage,frost,18,10,8
Oblív,ravencrest,960,mage,frost,24,10,14
Reákan,ragnaros,959,mage,frost,18,10,8
Утрус,soulflayer,959,mage,frost,18,10,8
Jodíefroster,doomhammer,959,mage,frost,18,10,8
Shakamage,grim-batol,959,mage,frost,52,22,30
Spacehoe,stormscale,959,mage,frost,24,10,14
Тортикток,soulflayer,959,mage,frost,24,10,14
Tableau,blackrock,959,mage,frost,24,10,14
Gønzô,blackmoore,959,mage,frost,55,22,33
Джинетикс,deathguard,958,mage,frost,18,10,8
Iìíìíìíìíl,ravencrest,958,mage,frost,18,10,8
Doidadetanga,aggra-português,957,mage,frost,24,10,14
Bananabread,the-maelstrom,956,mage,frost,28,11,17
Gyanni,blackmoore,955,mage,frost,18,10,8
Anthrex,drakthul,955,mage,frost,24,10,14
Kanjani,antonidas,954,mage,frost,24,10,14
Poter,silvermoon,953,mage,frost,18,10,8
Hotpockets,die-aldor,953,mage,frost,18,10,8
Йяу,howling-fjord,953,mage,frost,54,19,35
Чобон,soulflayer,952,mage,frost,24,10,14
Райдзен,greymane,952,mage,frost,80,31,49
Thorstäin,ragnaros,951,mage,frost,18,10,8
Бабайбайкала,gordunni,951,mage,frost,36,10,26
Haljina,kazzak,949,mage,frost,255,117,138
Tyronesbone,stormscale,949,mage,frost,24,10,14
Celdra,blackrock,949,mage,frost,24,10,14
Shanny,argent-dawn,948,mage,frost,18,10,8
Maybeblood,kazzak,946,mage,frost,28,11,17
Frisstana,outland,946,mage,frost,30,10,20
Iceinmyveinz,silvermoon,945,mage,frost,24,10,14
Evuryl,nemesis,944,mage,frost,24,10,14
Мрперут,eversong,943,mage,frost,173,90,83
Лордбелиал,soulflayer,943,mage,frost,42,17,25
Hakunaplz,twisting-nether,940,mage,frost,33,11,22
Тестостеронс,gordunni,939,mage,frost,18,10,8
Флоррет,gordunni,939,mage,frost,24,10,14
Héidi,area-52,938,mage,frost,18,10,8
Полеморв,soulflayer,933,mage,frost,24,10,14
Speedshatter,aegwynn,928,mage,frost,22,10,12
Sesseel,veklor,926,mage,frost,25,10,15
Pickaachu,doomhammer,925,mage,frost,36,19,17
Terlon,ragnaros,925,mage,frost,23,10,13
Qwibbly,kazzak,921,mage,frost,17,10,7
Saphiregos,dalaran,919,mage,frost,146,70,76
Schtenen,silvermoon,919,mage,frost,300,139,161
Teals,turalyon,915,mage,frost,48,16,32
Jobarttrach,les-clairvoyants,913,mage,frost,246,123,123
Døliprane,garona,911,mage,frost,54,28,26
Madbad,auchindoun,911,mage,frost,24,10,14
Toxttr,drakthul,908,mage,frost,18,11,7
Coldnight,uldum,900,mage,frost,37,18,19
Deepfeed,ravencrest,895,mage,frost,14,10,4
Funnyzowie,minahonda,895,mage,frost,20,10,10
Sinanogan,draenor,895,mage,frost,36,12,24
Няо,howling-fjord,894,mage,frost,20,10,10
Familyfrost,thunderhorn,894,mage,frost,24,10,14
Мистркорбэн,soulflayer,893,mage,frost,20,10,10
Çana,thrall,893,mage,frost,22,10,12
Insanewizard,kazzak,890,mage,frost,16,10,6
Wopi,sylvanas,890,mage,frost,36,13,23
Neboonu,sylvanas,889,mage,frost,84,38,46
Magicoliwia,ysera,886,mage,frost,57,29,28
Êmmá,blackmoore,885,mage,frost,54,22,32
Setyon,burning-legion,885,mage,frost,26,10,16
Heavyfire,kazzak,884,mage,frost,23,12,11
Frigus,khaz-modan,884,mage,frost,33,10,23
Kleisli,draenor,864,mage,frost,12,9,3
Fakeklepter,sylvanas,864,mage,frost,12,9,3
Procahontas,ravencrest,864,mage,frost,18,9,9
Blockumad,ragnaros,864,mage,frost,18,9,9
Drencast,hyjal,863,mage,frost,18,9,9
Мирикон,gordunni,863,mage,frost,18,9,9
Ковенн,howling-fjord,863,mage,frost,18,9,9
Qqcult,ravencrest,863,mage,frost,18,9,9
Musé,kazzak,863,mage,frost,18,9,9
Авгурей,howling-fjord,863,mage,frost,18,9,9
Ascik,dalaran,863,mage,frost,18,9,9
Nergl,darksorrow,863,mage,frost,22,10,12
Løgi,drakthul,863,mage,frost,24,9,15
Слизерин,gordunni,863,mage,frost,30,9,21
Gotone,tarren-mill,862,mage,frost,18,9,9
Ibexia,blackrock,862,mage,frost,30,9,21
Shifteurprõ,hyjal,861,mage,frost,18,9,9
Lumberth,sanguino,861,mage,frost,18,9,9
Strychne,ragnaros,860,mage,frost,12,9,3
Amazona,veklor,859,mage,frost,38,18,20
Querasimar,blackrock,859,mage,frost,24,9,15
Naote,blackhand,858,mage,frost,18,9,9
Elitriz,grim-batol,857,mage,frost,12,9,3
Kyraja,arthas,857,mage,frost,36,9,27
Spankpróóf,kazzak,856,mage,frost,24,9,15
Thairlas,ragnaros,856,mage,frost,92,27,65
Markasaura,kazzak,856,mage,frost,38,11,27
Voralastor,doomhammer,855,mage,frost,12,9,3
Nargaroc,blackhand,855,mage,frost,24,9,15
Dzomage,kazzak,855,mage,frost,30,9,21
Farrä,dun-modr,854,mage,frost,53,26,27
Laureen,outland,851,mage,frost,18,9,9
Brandonjames,ragnaros,850,mage,frost,24,9,15
Narzoul,ysondre,849,mage,frost,18,9,9
Банана,lich-king,847,mage,frost,18,9,9
Hérésïa,kirin-tor,846,mage,frost,24,9,15
Sammelbot,kargath,845,mage,frost,60,29,31
Alefraide,la-croisade-écarlate,843,mage,frost,18,9,9
Ghostgivree,archimonde,839,mage,frost,54,24,30
Rintoh,pozzo-delleternità,828,mage,frost,30,9,21
Piego,turalyon,824,mage,frost,106,52,54
Lexalia,blackmoore,823,mage,frost,68,31,37
Xæl,ravencrest,814,mage,frost,153,74,79
Aerius,lightnings-blade,813,mage,frost,21,9,12
Cybercommand,blackmoore,805,mage,frost,85,38,47
Xyhno,eredar,798,mage,frost,19,10,9
Kukerr,burning-legion,797,mage,frost,22,9,13
Hooffer,stormscale,797,mage,frost,28,9,19
Lothymond,runetotem,793,mage,frost,26,9,17
Oryom,blackhand,784,mage,frost,24,10,14
Slôwz,kazzak,768,mage,frost,12,8,4
Séxmachiné,draenor,768,mage,frost,12,8,4
Drmng,stormscale,768,mage,frost,12,8,4
Serclulz,ravencrest,768,mage,frost,12,8,4
Arunx,magtheridon,768,mage,frost,12,8,4
Trashmage,blackrock,768,mage,frost,12,8,4
Ambulancex,kazzak,768,mage,frost,12,8,4
Subzeraxo,archimonde,768,mage,frost,12,8,4
Fearbeäch,ravencrest,768,mage,frost,18,8,10
Styxmg,blackhand,768,mage,frost,18,8,10
Саккер,gordunni,768,mage,frost,18,8,10
Jarim,alleria,768,mage,frost,18,8,10
Väänik,draenor,768,mage,frost,18,8,10
Terash,ravencrest,768,mage,frost,18,8,10
Wortyvery,outland,768,mage,frost,18,8,10
Bloodycast,archimonde,768,mage,frost,18,8,10
Mðj,kazzak,768,mage,frost,18,8,10
Naissa,arathor,768,mage,frost,18,8,10
Гдедипфриз,soulflayer,768,mage,frost,18,8,10
Reblink,draenor,768,mage,frost,24,8,16
Blinkfloyd,blackmoore,768,mage,frost,24,8,16
Wambamm,ravencrest,768,mage,frost,24,8,16
Zelimeth,outland,768,mage,frost,24,8,16
Elgriefo,sylvanas,768,mage,frost,24,8,16
Tajos,drakthul,767,mage,frost,12,8,4
Zili,draenor,767,mage,frost,12,8,4
Verygoodgame,blackrock,767,mage,frost,12,8,4
Gagaj,ravencrest,767,mage,frost,12,8,4
Karliah,azshara,767,mage,frost,12,8,4
Нуклер,howling-fjord,767,mage,frost,12,8,4
Vallas,drakthul,767,mage,frost,18,8,10
Okey,frostwhisper,767,mage,frost,18,8,10
Goodheadcake,ragnaros,767,mage,frost,18,8,10
Archyl,kazzak,767,mage,frost,18,8,10
Insømnium,stormscale,767,mage,frost,18,8,10
Alytà,ravencrest,767,mage,frost,18,8,10
Autramage,emerald-dream,767,mage,frost,18,8,10
Khorosho,draenor,767,mage,frost,24,8,16
Vinlimar,drakthul,767,mage,frost,24,8,16
Spell,blackmoore,766,mage,frost,18,8,10
Anoez,kargath,766,mage,frost,18,8,10
Kyrn,zuljin,766,mage,frost,24,8,16
Illastrov,silvermoon,766,mage,frost,24,8,16
Fatcasts,silvermoon,765,mage,frost,12,8,4
Illiaria,antonidas,765,mage,frost,12,8,4
Partagedeco,dalaran,765,mage,frost,18,8,10
Ærrflôw,frostwolf,765,mage,frost,18,8,10
Иньфанта,deathguard,764,mage,frost,18,8,10
Skinirp,dun-modr,764,mage,frost,24,8,16
Ezìl,nemesis,763,mage,frost,27,9,18
Нитро,soulflayer,763,mage,frost,24,8,16
Кельтузат,azuregos,762,mage,frost,12,8,4
Archilól,drakthul,762,mage,frost,18,8,10
Fumandalonso,sanguino,762,mage,frost,24,8,16
Devon,haomarush,760,mage,frost,30,8,22
Tomjedusor,hyjal,757,mage,frost,12,8,4
Мерджреквест,howling-fjord,745,mage,frost,17,8,9
Zenoss,khaz-modan,736,mage,frost,79,34,45
Qqlool,draenor,735,mage,frost,23,8,15
Amalou,stormscale,729,mage,frost,32,9,23
Magipus,anetheron,723,mage,frost,32,10,22
Mumpii,blackrock,719,mage,frost,23,8,15
Clitch,blutkessel,715,mage,frost,20,9,11
Ттэль,gordunni,714,mage,frost,88,35,53
Bibidibabidi,nefarian,711,mage,frost,23,9,14
Kaeki,khaz-modan,708,mage,frost,20,10,10
Rayniß,blackmoore,702,mage,frost,26,8,18
Aériza,silvermoon,695,mage,frost,23,10,13
Чогоце,eversong,690,mage,frost,90,26,64
Adunaphel,blackmoore,689,mage,frost,20,8,12
Щавзорву,gordunni,686,mage,frost,16,8,8
Lanere,argent-dawn,684,mage,frost,19,8,11
Atreu,mazrigos,684,mage,frost,26,10,16
Venu,dun-modr,677,mage,frost,77,40,37
Gizzoo,draenor,672,mage,frost,12,7,5
Monkeydmafia,blackrock,672,mage,frost,12,7,5
Icéy,kazzak,672,mage,frost,12,7,5
Cumburlok,silvermoon,672,mage,frost,12,7,5
Альмодера,gordunni,672,mage,frost,12,7,5
Kold,stormscale,672,mage,frost,12,7,5
Yobys,burning-legion,672,mage,frost,12,7,5
Hérä,archimonde,672,mage,frost,12,7,5
Skyblink,hyjal,672,mage,frost,12,7,5
Sölø,stormscale,672,mage,frost,12,7,5
Glindalefay,silvermoon,672,mage,frost,12,7,5
Agus,ravencrest,672,mage,frost,12,7,5
Hendersson,blackrock,672,mage,frost,12,7,5
Gøsu,rexxar,672,mage,frost,12,7,5
Birckin,sanguino,672,mage,frost,12,7,5
Drwrey,tarren-mill,672,mage,frost,18,7,11
Lillelord,defias-brotherhood,672,mage,frost,18,7,11
Magekaoz,sylvanas,672,mage,frost,18,7,11
Mageyreid,quelthalas,672,mage,frost,18,7,11
Candydead,alakir,672,mage,frost,18,7,11
Dalaras,archimonde,672,mage,frost,18,7,11
Azegodxlul,kazzak,672,mage,frost,18,7,11
Mezaiyh,blackmoore,672,mage,frost,18,7,11
Фристейт,soulflayer,672,mage,frost,18,7,11
Chrome,ysondre,672,mage,frost,18,7,11
Khanno,twisting-nether,672,mage,frost,18,7,11
Aterso,azshara,672,mage,frost,21,8,13
Viro,defias-brotherhood,672,mage,frost,21,8,13
Wàneís,ravencrest,672,mage,frost,24,7,17
Krookéd,tarren-mill,672,mage,frost,24,7,17
Nynduriella,teldrassil,671,mage,frost,12,7,5
Møstwãntêd,aegwynn,671,mage,frost,12,7,5
Badphaz,frostmane,671,mage,frost,12,7,5
Поэтик,soulflayer,671,mage,frost,12,7,5
Trøll,nemesis,671,mage,frost,12,7,5
Droll,kazzak,671,mage,frost,12,7,5
Ellyson,silvermoon,671,mage,frost,12,7,5
Geepie,twisting-nether,671,mage,frost,12,7,5
Alcatrax,bronze-dragonflight,671,mage,frost,18,7,11
Hardways,archimonde,671,mage,frost,18,7,11
Мэлфариус,soulflayer,671,mage,frost,18,7,11
Antaos,drakthul,671,mage,frost,18,7,11
Broccosoup,kazzak,671,mage,frost,18,7,11
Bigraphael,ravencrest,671,mage,frost,18,7,11
Crayz,magtheridon,671,mage,frost,18,7,11
Camaeel,aegwynn,671,mage,frost,18,7,11
Finkle,spinebreaker,671,mage,frost,18,7,11
Fyriel,burning-legion,671,mage,frost,18,7,11
Ice,sargeras,671,mage,frost,18,7,11
Chread,bronze-dragonflight,671,mage,frost,24,7,17
Suitx,draenor,670,mage,frost,12,7,5
Cns,tarren-mill,670,mage,frost,12,7,5
Hotpotatox,ravencrest,670,mage,frost,13,7,6
Madzía,ravencrest,670,mage,frost,37,17,20
Luckymango,alakir,670,mage,frost,18,7,11
Placidius,twisting-nether,670,mage,frost,18,7,11
Ronnyraggare,silvermoon,670,mage,frost,18,7,11
Unreadyx,archimonde,670,mage,frost,18,7,11
Misskity,blackrock,670,mage,frost,18,7,11
Nery,ravencrest,670,mage,frost,18,7,11
Комонщик,howling-fjord,670,mage,frost,18,7,11
Брюнхильда,deepholm,670,mage,frost,18,7,11
Quaile,malygos,670,mage,frost,24,7,17
Luckydo,turalyon,669,mage,frost,18,7,11
Crematorium,argent-dawn,669,mage,frost,19,7,12
Arinel,stormreaver,669,mage,frost,24,7,17
Zionara,stormscale,668,mage,frost,18,7,11
Allotropia,ravencrest,668,mage,frost,18,7,11
Bolthen,uldum,667,mage,frost,24,7,17
Vurtnez,kazzak,665,mage,frost,15,7,8
Xblaze,balnazzar,664,mage,frost,12,7,5
Listro,argent-dawn,664,mage,frost,12,7,5
Tyrannith,argent-dawn,664,mage,frost,24,7,17
Xatures,tarren-mill,653,mage,frost,23,7,16
Expulse,blackmoore,639,mage,frost,11,7,4
Shínsou,burning-blade,637,mage,frost,17,7,10
Neps,chamber-of-aspects,635,mage,frost,30,8,22
Margistikus,die-aldor,626,mage,frost,112,57,55
Lepronsito,kazzak,623,mage,frost,15,7,8
Escobar,frostmane,622,mage,frost,26,8,18
Skæde,ravencrest,618,mage,frost,17,11,6
Svanteg,kazzak,618,mage,frost,14,8,6
Hidrax,outland,617,mage,frost,15,9,6
Tsubas,blackmoore,617,mage,frost,21,8,13
Jockin,stormrage,616,mage,frost,19,8,11
Tharillion,drakthul,606,mage,frost,14,7,7
Éasy,blackmoore,606,mage,frost,14,7,7
Substitutes,draenor,606,mage,frost,26,7,19
Eliosia,drakthul,605,mage,frost,11,7,4
Estonka,ravencrest,576,mage,frost,6,6,0
Escapematrix,ravencrest,576,mage,frost,6,6,0
Mohammedjiba,ragnaros,576,mage,frost,6,6,0
Hardtimes,blackhand,576,mage,frost,6,6,0
Froststarr,burning-legion,576,mage,frost,12,6,6
Forgotenn,draenor,576,mage,frost,12,6,6
Sainth,sanguino,576,mage,frost,12,6,6
Alirya,stormscale,576,mage,frost,12,6,6
Azrx,blackmoore,576,mage,frost,12,6,6
Dragotus,dragonblight,576,mage,frost,12,6,6
Necro,zuljin,576,mage,frost,12,6,6
Yexo,draenor,576,mage,frost,12,6,6
Invinsible,xavius,576,mage,frost,12,6,6
Magicsheep,nemesis,576,mage,frost,12,6,6
Titarie,ravencrest,576,mage,frost,12,6,6
Wheí,ravencrest,576,mage,frost,12,6,6
Сизаам,howling-fjord,576,mage,frost,12,6,6
Jakora,bronze-dragonflight,576,mage,frost,12,6,6
Halfanapple,the-maelstrom,576,mage,frost,12,6,6
Ecnaclappy,blackrock,576,mage,frost,12,6,6
Olzaa,outland,576,mage,frost,12,6,6
Nécrømage,confrérie-du-thorium,576,mage,frost,12,6,6
Kurtcobain,draenor,576,mage,frost,12,6,6
Thughunterqt,silvermoon,576,mage,frost,12,6,6
Klueless,ravencrest,576,mage,frost,12,6,6
Мбапи,soulflayer,576,mage,frost,12,6,6
Søo,kazzak,576,mage,frost,12,6,6
Perfection,cthun,576,mage,frost,12,6,6
Ixbllyix,alonsus,576,mage,frost,12,6,6
Skdroople,ravencrest,576,mage,frost,12,6,6
Sekaia,hyjal,576,mage,frost,12,6,6
Миллерфест,howling-fjord,576,mage,frost,12,6,6
Kraliz,ysondre,576,mage,frost,12,6,6
ßalca,twisting-nether,576,mage,frost,12,6,6
Sickofme,blackmoore,576,mage,frost,12,6,6
Creden,frostmane,576,mage,frost,12,6,6
Ouija,kazzak,576,mage,frost,12,6,6
Зефенжо,howling-fjord,576,mage,frost,18,6,12
Articunoh,ravencrest,576,mage,frost,18,6,12
Elmaestró,aegwynn,576,mage,frost,18,6,12
Деметрадон,gordunni,576,mage,frost,18,6,12
Reeroll,arthas,576,mage,frost,18,6,12
Диппро,soulflayer,576,mage,frost,18,6,12
Zikyo,silvermoon,576,mage,frost,18,6,12
Ury,hyjal,576,mage,frost,18,6,12
Wenndrid,draenor,576,mage,frost,24,6,18
Ælirion,antonidas,575,mage,frost,12,6,6
Zulko,krasus,575,mage,frost,12,6,6
Pitbones,archimonde,575,mage,frost,12,6,6
Cafcaf,archimonde,575,mage,frost,12,6,6
Jokèr,silvermoon,575,mage,frost,12,6,6
Yvonnita,chamber-of-aspects,575,mage,frost,12,6,6
Razzìatore,pozzo-delleternità,575,mage,frost,13,6,7
Kairøs,dragonblight,575,mage,frost,21,7,14
Длинныеухи,blackscar,575,mage,frost,18,6,12
Bloodymage,zenedar,575,mage,frost,18,6,12
Kobana,ravencrest,575,mage,frost,18,6,12
Depai,blackrock,575,mage,frost,18,6,12
Cantbelieve,sylvanas,575,mage,frost,18,6,12
Tricolos,sanguino,575,mage,frost,18,6,12
Saturator,burning-legion,575,mage,frost,18,6,12
Crashleaf,argent-dawn,575,mage,frost,24,6,18
Kaptenski,stormscale,575,mage,frost,24,6,18
Larsimore,drakthul,574,mage,frost,12,6,6
Bhaâl,hyjal,574,mage,frost,12,6,6
Galdrari,sylvanas,574,mage,frost,12,6,6
Вхламинка,howling-fjord,574,mage,frost,12,6,6
Stilnox,nemesis,574,mage,frost,18,6,12
Pumpzy,tarren-mill,574,mage,frost,18,6,12
Lalaura,sanguino,573,mage,frost,12,6,6
Blark,malygos,573,mage,frost,18,6,12
Yennéfér,outland,573,mage,frost,30,6,24
Piscialetto,nemesis,572,mage,frost,18,6,12
Hurlscream,marécage-de-zangar,572,mage,frost,18,6,12
Støneð,blackhand,571,mage,frost,12,6,6
Фростмага,gordunni,569,mage,frost,12,6,6
Nytram,terokkar,569,mage,frost,18,6,12
Ploufatak,hyjal,567,mage,frost,36,6,30
Serlath,defias-brotherhood,565,mage,frost,12,6,6
Hadziaj,doomhammer,565,mage,frost,30,6,24
Soulcatcheus,archimonde,560,mage,frost,24,6,18
Maran,outland,555,mage,frost,24,6,18
Meign,eredar,537,mage,frost,22,8,14
Bessiie,ragnaros,536,mage,frost,16,6,10
Aoes,twisting-nether,527,mage,frost,11,6,5
Lidin,draenor,527,mage,frost,11,6,5
Nøxas,archimonde,527,mage,frost,17,6,11
Avb,twisting-nether,527,mage,frost,17,6,11
Modjahead,tarren-mill,521,mage,frost,27,8,19
Tschelo,eredar,512,mage,frost,16,6,10
Quente,aegwynn,511,mage,frost,10,6,4
Stylaaz,twisting-nether,511,mage,frost,14,6,8
Miihawkk,khaz-modan,510,mage,frost,20,6,14
Yoxt,blackhand,507,mage,frost,14,6,8
Regenn,kazzak,506,mage,frost,11,6,5
Magicstorm,anubarak,504,mage,frost,16,6,10
Fatefully,ravencrest,494,mage,frost,25,6,19
Vorst,shattered-hand,480,mage,frost,6,5,1
Iceage,nemesis,480,mage,frost,6,5,1
Pelsky,zenedar,480,mage,frost,6,5,1
Chucknoir,draenor,480,mage,frost,6,5,1
Jasmira,kazzak,480,mage,frost,6,5,1
Khronic,darksorrow,480,mage,frost,6,5,1
Zehnvonzehn,antonidas,480,mage,frost,6,5,1
Frostmyst,outland,480,mage,frost,6,5,1
Driana,dragonmaw,480,mage,frost,6,5,1
Crystalice,zuljin,480,mage,frost,6,5,1
Línus,twisting-nether,480,mage,frost,6,5,1
Magnopvp,sanguino,480,mage,frost,10,6,4
Moleester,twisting-nether,480,mage,frost,12,5,7
Betomage,blackmoore,480,mage,frost,12,5,7
Homper,argent-dawn,480,mage,frost,12,5,7
Moffmage,sylvanas,480,mage,frost,12,5,7
Beardyman,haomarush,480,mage,frost,12,5,7
Trevise,ravencrest,480,mage,frost,12,5,7
Нефростмаг,gordunni,480,mage,frost,12,5,7
Переливпро,blackscar,480,mage,frost,12,5,7
Shatterdude,kazzak,480,mage,frost,12,5,7
Snowberry,blackrock,480,mage,frost,12,5,7
Jakuub,outland,480,mage,frost,12,5,7
Chrømy,twisting-nether,480,mage,frost,12,5,7
Ikefire,draenor,480,mage,frost,12,5,7
Shirrunn,the-maelstrom,480,mage,frost,12,5,7
Jesjess,ravencrest,480,mage,frost,12,5,7
Vapurx,blackmoore,480,mage,frost,12,5,7
Pixlld,aegwynn,480,mage,frost,12,5,7
Lÿra,chants-éternels,480,mage,frost,12,5,7
Milkenjoyer,ravencrest,480,mage,frost,12,5,7
Zaurok,sanguino,480,mage,frost,12,5,7
Javellja,ravencrest,480,mage,frost,12,5,7
Reznøør,confrérie-du-thorium,480,mage,frost,12,5,7
Meroo,hyjal,480,mage,frost,12,5,7
Thelastmage,outland,480,mage,frost,12,5,7
Magenox,blackrock,480,mage,frost,12,5,7
Burnit,dalaran,480,mage,frost,12,5,7
Deathcast,ravencrest,480,mage,frost,12,5,7
Nyoto,silvermoon,480,mage,frost,12,5,7
Fîrestorm,doomhammer,480,mage,frost,12,5,7
Лрее,gordunni,480,mage,frost,12,5,7
Leontus,outland,480,mage,frost,12,5,7
Médivh,archimonde,480,mage,frost,12,5,7
Wumz,blackrock,480,mage,frost,12,5,7
Dueudafrøven,stormscale,480,mage,frost,12,5,7
Maestrá,outland,480,mage,frost,12,5,7
Barzle,blackmoore,480,mage,frost,12,5,7
Onemanrave,ravencrest,480,mage,frost,12,5,7
Kleptomania,archimonde,480,mage,frost,12,5,7
Vioulette,elune,480,mage,frost,18,5,13
Шипкастермвп,howling-fjord,480,mage,frost,18,5,13
Арара,gordunni,480,mage,frost,18,5,13
Осуждаюпве,gordunni,480,mage,frost,18,5,13
Facerollyo,tarren-mill,480,mage,frost,18,5,13
Malygassa,ragnaros,480,mage,frost,18,5,13
Intêrnet,archimonde,480,mage,frost,26,5,21
Restinnpiss,twisting-nether,479,mage,frost,6,5,1
Sheepster,sylvanas,479,mage,frost,9,5,4
Loøgaã,ysondre,479,mage,frost,12,5,7
Brutal,thrall,479,mage,frost,12,5,7
Coldstormz,terenas,479,mage,frost,12,5,7
Whitestiev,antonidas,479,mage,frost,12,5,7
Kalterfurz,thrall,479,mage,frost,12,5,7
Промагер,gordunni,479,mage,frost,12,5,7
Xýton,azjolnerub,479,mage,frost,12,5,7
Zyllu,argent-dawn,479,mage,frost,12,5,7
Шиллаа,blackscar,479,mage,frost,12,5,7
Olinourss,archimonde,479,mage,frost,12,5,7
Shallari,argent-dawn,479,mage,frost,18,5,13
Elreas,blackmoore,479,mage,frost,18,5,13
Deletron,ragnaros,479,mage,frost,18,5,13
Quickbolt,ravencrest,479,mage,frost,18,5,13
Faitha,ravencrest,479,mage,frost,18,5,13
Donfalken,anachronos,478,mage,frost,12,5,7
Feuerflamme,theradras,478,mage,frost,12,5,7
Потныйдпс,eversong,478,mage,frost,16,6,10
Rifinouu,archimonde,476,mage,frost,12,5,7
Polflop,sylvanas,476,mage,frost,12,5,7
Phibonaci,sylvanas,475,mage,frost,12,5,7
Blinkinggoat,ragnaros,448,mage,frost,16,5,11
Dcolon,tarren-mill,447,mage,frost,11,5,6
Blacksheep,ravencrest,447,mage,frost,14,6,8
Ákyraz,blackrock,447,mage,frost,14,6,8
Saytmage,ragnaros,447,mage,frost,17,5,12
Nebby,argent-dawn,447,mage,frost,17,5,12
Swemagus,outland,432,mage,frost,9,5,4
Dozono,silvermoon,428,mage,frost,15,5,10
Thegoodoctor,kazzak,426,mage,frost,16,7,9
Сайджена,howling-fjord,426,mage,frost,21,6,15
Торар,deathguard,415,mage,frost,16,5,11
Sephis,anubarak,415,mage,frost,20,5,15
Xerathon,ravencrest,414,mage,frost,16,5,11
Redsparrow,frostwolf,400,mage,frost,13,5,8
Leylus,blackmoore,399,mage,frost,5,5,0
Fuhry,tarren-mill,384,mage,frost,6,4,2
Sylvîe,tarren-mill,384,mage,frost,6,4,2
Anev,sylvanas,384,mage,frost,6,4,2
Hasslad,tarren-mill,384,mage,frost,6,4,2
Arcitech,tarren-mill,384,mage,frost,6,4,2
Pinkusbruh,aggra-português,384,mage,frost,6,4,2
Doryy,silvermoon,384,mage,frost,6,4,2
Icescreamer,auchindoun,384,mage,frost,6,4,2
Zetstez,tarren-mill,384,mage,frost,6,4,2
Rubzim,draenor,384,mage,frost,6,4,2
Zerobelow,silvermoon,384,mage,frost,6,4,2
Machydapha,outland,384,mage,frost,6,4,2
Minglul,archimonde,384,mage,frost,6,4,2
Syráx,blackmoore,384,mage,frost,6,4,2
Nötmârtònxø,ragnaros,384,mage,frost,6,4,2
Тризельда,soulflayer,384,mage,frost,6,4,2
Âres,kargath,384,mage,frost,6,4,2
Saiyangodx,twisting-nether,384,mage,frost,6,4,2
Génociidz,archimonde,384,mage,frost,6,4,2
Cesi,silvermoon,384,mage,frost,6,4,2
Friedkek,ravencrest,384,mage,frost,6,4,2
Fontaíne,doomhammer,384,mage,frost,6,4,2
Willmajacki,blackmoore,384,mage,frost,6,4,2
Proudmøøre,argent-dawn,384,mage,frost,6,4,2
Sneakii,the-maelstrom,384,mage,frost,6,4,2
Lusifera,outland,384,mage,frost,6,4,2
Phaynz,cthun,384,mage,frost,6,4,2
Màgí,stormscale,384,mage,frost,6,4,2
Bublesk,outland,384,mage,frost,6,4,2
Gravelegacy,quelthalas,384,mage,frost,6,4,2
Ahøllic,frostwolf,384,mage,frost,6,4,2
Spellhaze,outland,384,mage,frost,6,4,2
Nightcàller,pozzo-delleternità,384,mage,frost,6,4,2
Жестьх,blackscar,384,mage,frost,6,4,2
Dwang,nemesis,384,mage,frost,6,4,2
Xaryi,blackhand,384,mage,frost,6,4,2
Kirbi,blackmoore,384,mage,frost,10,5,5
Arýà,blackmoore,384,mage,frost,8,4,4
Пламяорды,soulflayer,384,mage,frost,12,4,8
Ëgï,azshara,384,mage,frost,12,4,8
Ðarkreaver,kaelthas,384,mage,frost,12,4,8
Gnðmeonfire,sylvanas,384,mage,frost,12,4,8
Юджегс,soulflayer,384,mage,frost,12,4,8
Flejb,kazzak,384,mage,frost,12,4,8
Equálity,blackrock,384,mage,frost,12,4,8
Stellarie,sylvanas,384,mage,frost,12,4,8
Newtwo,ravencrest,384,mage,frost,12,4,8
Mopus,ravencrest,384,mage,frost,12,4,8
Muntiks,ravencrest,384,mage,frost,12,4,8
Magicrex,alleria,384,mage,frost,12,4,8
Proffset,outland,384,mage,frost,12,4,8
Liinki,draenor,384,mage,frost,12,4,8
Mobjar,twisting-nether,384,mage,frost,12,4,8
Tarovan,defias-brotherhood,384,mage,frost,12,4,8
Badcouz,dalaran,384,mage,frost,12,4,8
Slithìce,kazzak,384,mage,frost,12,4,8
Jazzi,blackrock,384,mage,frost,12,4,8
Acclay,malganis,384,mage,frost,12,4,8
Халадель,howling-fjord,384,mage,frost,12,4,8
Kaschnatze,blackmoore,384,mage,frost,12,4,8
Kebkhadar,ravencrest,384,mage,frost,12,4,8
Вулльф,gordunni,384,mage,frost,12,4,8
Iceelance,tarren-mill,384,mage,frost,12,4,8
Fikkamika,ragnaros,384,mage,frost,12,4,8
Индаррил,howling-fjord,384,mage,frost,12,4,8
Гунмаказ,gordunni,384,mage,frost,12,4,8
Stærq,blackrock,384,mage,frost,12,4,8
Consulalgeri,archimonde,384,mage,frost,12,4,8
Arszéllius,dalaran,384,mage,frost,12,4,8
ßaßastarz,archimonde,384,mage,frost,12,4,8
Kuhwar,echsenkessel,384,mage,frost,12,4,8
Johnnyblazin,outland,384,mage,frost,12,4,8
Wwjd,darksorrow,384,mage,frost,12,4,8
Lambaa,thrall,384,mage,frost,12,4,8
Managurke,blackrock,384,mage,frost,12,4,8
Yajimage,archimonde,384,mage,frost,12,4,8
Elor,eredar,384,mage,frost,12,4,8
Alterwhite,archimonde,384,mage,frost,12,4,8
Pickindim,terokkar,384,mage,frost,13,4,9
Krykz,sanguino,384,mage,frost,18,4,14
Gylith,kirin-tor,384,mage,frost,18,4,14
Ripdeepfreez,culte-de-la-rive-noire,384,mage,frost,18,4,14
Ruténa,aegwynn,384,mage,frost,18,4,14
Blinkmehome,silvermoon,384,mage,frost,18,4,14
Бигдикмаг,soulflayer,384,mage,frost,18,4,14
Watchmepanda,ravencrest,384,mage,frost,18,4,14
Waîdø,blackhand,383,mage,frost,6,4,2
Nortohg,ragnaros,383,mage,frost,6,4,2
Capyla,blackmoore,383,mage,frost,6,4,2
Klita,blackmoore,383,mage,frost,6,4,2
Wuffwuffspik,grim-batol,383,mage,frost,6,4,2
Труупоед,borean-tundra,383,mage,frost,12,4,8
Juntara,stormscale,383,mage,frost,12,4,8
Magiocre,silvermoon,383,mage,frost,12,4,8
Скватро,gordunni,383,mage,frost,12,4,8
Khad,nemesis,383,mage,frost,12,4,8
Xenodike,blackrock,383,mage,frost,12,4,8
Ashkalor,frostwolf,383,mage,frost,17,4,13
Asnesh,silvermoon,383,mage,frost,18,4,14
Kaiyn,argent-dawn,383,mage,frost,18,4,14
Malicä,ravencrest,383,mage,frost,30,4,26
Perhorus,hyjal,382,mage,frost,6,4,2
Skankengine,twisting-nether,382,mage,frost,12,4,8
Dumbledoré,frostwolf,379,mage,frost,12,4,8
Bisuke,stormscale,367,mage,frost,11,4,7
Whosthemage,kazzak,351,mage,frost,8,5,3
Møøk,magtheridon,336,mage,frost,15,4,11
Pringlesrör,ragnaros,332,mage,frost,15,4,11
Grönmonster,shattered-hand,330,mage,frost,13,5,8
Pascalmabite,outland,330,mage,frost,14,5,9
Consquens,aszune,330,mage,frost,18,5,13
Scras,ragnaros,320,mage,frost,10,4,6
Tiduhasi,antonidas,319,mage,frost,11,4,7
Jambonpistol,archimonde,319,mage,frost,20,4,16
Flizwiz,ragnaros,303,mage,frost,13,4,9
Psicotropico,shendralar,288,mage,frost,6,3,3
Дмблдр,soulflayer,288,mage,frost,6,3,3
Mégaera,archimonde,288,mage,frost,6,3,3
Narcîsa,sanguino,288,mage,frost,6,3,3
Illîllîllî,blackrock,288,mage,frost,6,3,3
Rèkt,lightbringer,288,mage,frost,6,3,3
Bantos,khadgar,288,mage,frost,6,3,3
Swayyx,sylvanas,288,mage,frost,6,3,3
Овеча,gordunni,288,mage,frost,6,3,3
Sozie,tarren-mill,288,mage,frost,6,3,3
ßjwercke,stormscale,288,mage,frost,6,3,3
Ørixx,blackhand,288,mage,frost,6,3,3
Волшебну,soulflayer,288,mage,frost,6,3,3
Zlacked,tarren-mill,288,mage,frost,6,3,3
Halø,bloodhoof,288,mage,frost,6,3,3
Витуз,gordunni,288,mage,frost,6,3,3
Bigburns,draenor,288,mage,frost,6,3,3
Soulraider,tarren-mill,288,mage,frost,6,3,3
Haginatorr,twisting-nether,288,mage,frost,6,3,3
Laggynoob,ravencrest,288,mage,frost,6,3,3
Brunettdelux,archimonde,288,mage,frost,6,3,3
Meras,die-ewige-wacht,288,mage,frost,6,3,3
Tudorthemage,xavius,288,mage,frost,6,3,3
Айсъмэджик,azuregos,288,mage,frost,6,3,3
Àrtix,silvermoon,288,mage,frost,6,3,3
Merlín,malganis,288,mage,frost,6,3,3
Bóósh,alakir,288,mage,frost,6,3,3
Пвнзглад,gordunni,288,mage,frost,6,3,3
Диссоциация,greymane,288,mage,frost,6,3,3
Onegaisenpai,ragnaros,288,mage,frost,6,3,3
Periphery,zenedar,288,mage,frost,6,3,3
Kimfjongmajs,silvermoon,288,mage,frost,6,3,3
Diper,burning-legion,288,mage,frost,6,3,3
Баблби,greymane,288,mage,frost,6,3,3
Tommyboy,dragonblight,288,mage,frost,6,3,3
Askannor,norgannon,288,mage,frost,6,3,3
Каперниан,fordragon,288,mage,frost,6,3,3
Milminmage,ravencrest,288,mage,frost,6,3,3
Тейемор,gordunni,288,mage,frost,6,3,3
Vodjka,nemesis,288,mage,frost,6,3,3
Makez,draenor,288,mage,frost,6,3,3
Frìsko,sylvanas,288,mage,frost,6,3,3
Nevertøxic,ravencrest,288,mage,frost,6,3,3
Frökenfrost,stormscale,288,mage,frost,6,3,3
Muuckie,blackrock,288,mage,frost,6,3,3
Lepapes,doomhammer,288,mage,frost,6,3,3
Blåskjell,kazzak,288,mage,frost,6,3,3
Drfröst,kazzak,288,mage,frost,6,3,3
Gehrkeblock,silvermoon,288,mage,frost,6,3,3
Xlarb,kazzak,288,mage,frost,6,3,3
Zørïna,ysondre,288,mage,frost,6,3,3
Siérra,outland,288,mage,frost,6,3,3
Hutylo,ysondre,288,mage,frost,6,3,3
Radiantfury,outland,288,mage,frost,6,3,3
Justvik,eredar,288,mage,frost,6,3,3
Ballesteinen,outland,288,mage,frost,6,3,3
Filoux,frostwolf,288,mage,frost,6,3,3
Aestus,outland,288,mage,frost,6,3,3
Amaterâsu,antonidas,288,mage,frost,6,3,3
Fkeverybody,ravencrest,288,mage,frost,6,3,3
Timzør,outland,288,mage,frost,6,3,3
Ghayaa,defias-brotherhood,288,mage,frost,6,3,3
Gladxp,outland,288,mage,frost,6,3,3
Hànsól,antonidas,288,mage,frost,6,3,3
Blitzo,madmortem,288,mage,frost,6,3,3
Håtemebaby,kazzak,288,mage,frost,6,3,3
Chubbyjoe,blackmoore,288,mage,frost,6,3,3
Arandartis,kazzak,288,mage,frost,6,3,3
Flywoman,ravencrest,288,mage,frost,6,3,3
Triuno,sylvanas,288,mage,frost,10,4,6
Optimelk,bronzebeard,288,mage,frost,12,3,9
Flarriux,twisting-nether,288,mage,frost,12,3,9
Micklolz,blackmoore,288,mage,frost,12,3,9
Curran,ravencrest,288,mage,frost,12,3,9
Äßäm,outland,288,mage,frost,12,3,9
Jóhnnybravó,draenor,288,mage,frost,12,3,9
Чоуза,gordunni,288,mage,frost,12,3,9
Rusto,hellscream,288,mage,frost,12,3,9
Voraxma,draenor,288,mage,frost,12,3,9
Тудысюдым,eversong,288,mage,frost,12,3,9
Schøkø,eredar,288,mage,frost,12,3,9
Ypy,dragonmaw,288,mage,frost,12,3,9
Tadaa,blackmoore,288,mage,frost,12,3,9
Subtempo,silvermoon,288,mage,frost,12,3,9
Gogara,kazzak,288,mage,frost,12,3,9
Imasheeper,silvermoon,288,mage,frost,12,3,9
Phonkim,stormscale,288,mage,frost,12,3,9
Sérc,ravencrest,288,mage,frost,12,3,9
Xeldary,blackmoore,288,mage,frost,12,3,9
Hacimari,hyjal,288,mage,frost,12,3,9
Heatwavesa,ravencrest,288,mage,frost,12,3,9
Onlymage,outland,288,mage,frost,12,3,9
Avæ,stormscale,288,mage,frost,12,3,9
Waterhagx,tarren-mill,288,mage,frost,12,3,9
Fernandéz,ravencrest,288,mage,frost,12,3,9
Эммилиарда,gordunni,288,mage,frost,12,3,9
Котофайв,howling-fjord,288,mage,frost,12,3,9
Paradigma,sylvanas,288,mage,frost,12,3,9
Sérum,drakthul,288,mage,frost,12,3,9
Kryptass,aegwynn,288,mage,frost,12,3,9
Скайлуйт,gordunni,288,mage,frost,12,3,9
Ахиригиз,gordunni,288,mage,frost,12,3,9
Kilféfroid,ysondre,288,mage,frost,13,3,10
Cortis,outland,288,mage,frost,18,3,15
Icystar,antonidas,288,mage,frost,18,3,15
Reeyymmoo,draenor,287,mage,frost,6,3,3
Эпсиха,lich-king,287,mage,frost,6,3,3
Zuza,magtheridon,287,mage,frost,6,3,3
Напряжеметр,soulflayer,287,mage,frost,6,3,3
Valtarisoo,amanthul,287,mage,frost,6,3,3
Magó,eredar,287,mage,frost,6,3,3
Zhazam,blades-edge,287,mage,frost,6,3,3
Fumachustas,kazzak,287,mage,frost,6,3,3
Tsr,burning-legion,287,mage,frost,6,3,3
Kasus,sporeggar,287,mage,frost,12,3,9
Mexxlaz,eredar,287,mage,frost,12,3,9
Nekroulis,agamaggan,287,mage,frost,17,3,14
Morrigane,shattered-hand,286,mage,frost,6,3,3
Maélïne,hyjal,286,mage,frost,6,3,3
Freeto,blackmoore,286,mage,frost,6,3,3
Rosenkrauz,kul-tiras,280,mage,frost,26,3,23
Torryel,silvermoon,256,mage,frost,10,3,7
Кагумми,gordunni,256,mage,frost,16,3,13
Колдунская,gordunni,255,mage,frost,11,3,8
Iif,zirkel-des-cenarius,239,mage,frost,5,3,2
Förstörarn,stormscale,223,mage,frost,8,3,5
Colder,hyjal,192,mage,frost,6,2,4
Westellion,stormreaver,192,mage,frost,6,2,4
Ingibjorg,auchindoun,192,mage,frost,6,2,4
Adetin,tarren-mill,192,mage,frost,6,2,4
Ellianor,drakthul,192,mage,frost,6,2,4
Zulkas,stormreaver,192,mage,frost,6,2,4
Héstia,sylvanas,192,mage,frost,6,2,4
Exael,ravencrest,192,mage,frost,6,2,4
Harpelmage,auchindoun,192,mage,frost,6,2,4
Celestis,sylvanas,192,mage,frost,6,2,4
Bodyrocker,sylvanas,192,mage,frost,6,2,4
Alleii,kazzak,192,mage,frost,6,2,4
Robsn,blackrock,192,mage,frost,6,2,4
Галадриелька,gordunni,192,mage,frost,6,2,4
Эникор,gordunni,192,mage,frost,6,2,4
Magovix,archimonde,192,mage,frost,6,2,4
Gameart,alexstrasza,192,mage,frost,6,2,4
Kobrass,spinebreaker,192,mage,frost,6,2,4
Bugica,drakthul,192,mage,frost,6,2,4
Welt,drakthul,192,mage,frost,6,2,4
Dxdxdxdxdx,drakthul,192,mage,frost,6,2,4
Smokedaddy,stormscale,192,mage,frost,6,2,4
Frazztato,tarren-mill,192,mage,frost,6,2,4
Kàtsu,tarren-mill,192,mage,frost,6,2,4
Treyz,tichondrius,192,mage,frost,6,2,4
Liloz,aegwynn,192,mage,frost,6,2,4
Whìtewalker,pozzo-delleternità,192,mage,frost,6,2,4
Vareesy,drakthul,192,mage,frost,6,2,4
Budgetziqo,ravencrest,192,mage,frost,6,2,4
Ceinxjk,ravencrest,192,mage,frost,6,2,4
Sany,anubarak,192,mage,frost,6,2,4
Zerøsílgødx,antonidas,192,mage,frost,6,2,4
Vanser,kazzak,192,mage,frost,6,2,4
Shealá,blackhand,192,mage,frost,6,2,4
Фрайзо,gordunni,192,mage,frost,6,2,4
Tesho,sylvanas,192,mage,frost,6,2,4
Yinula,stormscale,192,mage,frost,6,2,4
Burnem,kult-der-verdammten,192,mage,frost,6,2,4
Skylezy,blackrock,192,mage,frost,6,2,4
Êgôn,perenolde,192,mage,frost,6,2,4
Swørd,aggra-português,192,mage,frost,6,2,4
Ehbehad,doomhammer,192,mage,frost,6,2,4
Бд,blackscar,192,mage,frost,6,2,4
Uwutehe,ravencrest,192,mage,frost,6,2,4
Balmak,doomhammer,192,mage,frost,6,2,4
Firecold,silvermoon,192,mage,frost,6,2,4
Naldora,turalyon,192,mage,frost,6,2,4
Kriokola,steamwheedle-cartel,192,mage,frost,6,2,4
Maveya,blackmoore,192,mage,frost,6,2,4
Laciee,silvermoon,192,mage,frost,6,2,4
Rizzlybear,outland,192,mage,frost,6,2,4
Barspin,lightnings-blade,192,mage,frost,6,2,4
Banausisch,blackmoore,192,mage,frost,6,2,4
Merwido,the-maelstrom,192,mage,frost,6,2,4
Cyreniax,the-maelstrom,192,mage,frost,6,2,4
Zeramage,eredar,192,mage,frost,6,2,4
Ahuenchik,stormscale,192,mage,frost,6,2,4
Alieni,stormreaver,192,mage,frost,6,2,4
Sebers,kazzak,192,mage,frost,6,2,4
Rachouu,archimonde,192,mage,frost,6,2,4
Flanor,pozzo-delleternità,192,mage,frost,6,2,4
Frostbringer,archimonde,192,mage,frost,6,2,4
Queuefiend,eredar,192,mage,frost,6,2,4
Xblaz,draenor,192,mage,frost,6,2,4
Levioosah,draenor,192,mage,frost,6,2,4
Feath,ravencrest,192,mage,frost,6,2,4
Berylton,argent-dawn,192,mage,frost,6,2,4
Wizoz,blackrock,192,mage,frost,6,2,4
Brísingamen,outland,192,mage,frost,6,2,4
Proxanlulz,ravencrest,192,mage,frost,6,2,4
Imnis,outland,192,mage,frost,6,2,4
Infamage,draenor,192,mage,frost,6,2,4
Flocca,argent-dawn,192,mage,frost,6,2,4
Missáh,archimonde,192,mage,frost,6,2,4
Goodopeners,outland,192,mage,frost,6,2,4
Vaerén,malganis,192,mage,frost,6,2,4
Maeflix,aegwynn,192,mage,frost,6,2,4
Creak,blackhand,192,mage,frost,6,2,4
Meteofrost,draenor,192,mage,frost,6,2,4
Usidore,sylvanas,192,mage,frost,6,2,4
Qalisp,twisting-nether,192,mage,frost,6,2,4
Jengele,argent-dawn,192,mage,frost,6,2,4
Zilus,gilneas,192,mage,frost,6,2,4
Nanet,cthun,192,mage,frost,6,2,4
Etherìon,los-errantes,192,mage,frost,6,2,4
Zheakz,kazzak,192,mage,frost,6,2,4
Ipen,bloodfeather,192,mage,frost,6,2,4
Димаскунфу,howling-fjord,192,mage,frost,6,2,4
Haxyo,twisting-nether,192,mage,frost,6,2,4
Toyash,ragnaros,192,mage,frost,6,2,4
Wroneq,burning-legion,192,mage,frost,6,2,4
Crite,blackmoore,192,mage,frost,6,2,4
Tomia,burning-legion,192,mage,frost,6,2,4
Youded,arthas,192,mage,frost,6,2,4
Yunion,burning-legion,192,mage,frost,6,2,4
Ðøæø,twisting-nether,192,mage,frost,6,2,4
Hacksopa,twisting-nether,192,mage,frost,6,2,4
Mässîvècøx,ragnaros,192,mage,frost,6,2,4
Mooryel,burning-legion,192,mage,frost,6,2,4
Sperow,marécage-de-zangar,192,mage,frost,6,2,4
Labius,dun-modr,192,mage,frost,6,2,4
Вовзон,howling-fjord,192,mage,frost,6,2,4
Ohateyz,burning-legion,192,mage,frost,6,2,4
Blastus,ragnaros,192,mage,frost,6,2,4
Ramires,xavius,192,mage,frost,6,2,4
Driäm,ragnaros,192,mage,frost,6,2,4
Tobie,bladefist,192,mage,frost,6,2,4
Betoxin,dunemaul,192,mage,frost,7,2,5
Kbd,outland,192,mage,frost,12,2,10
Bêta,dun-modr,192,mage,frost,12,2,10
Mariujana,ravencrest,192,mage,frost,12,2,10
Shiftea,argent-dawn,192,mage,frost,12,2,10
Kaevelin,argent-dawn,192,mage,frost,12,2,10
Nifer,tarren-mill,192,mage,frost,12,2,10
Illiot,twisting-nether,192,mage,frost,12,2,10
Shizzy,onyxia,192,mage,frost,12,2,10
Брэгг,gordunni,192,mage,frost,12,2,10
Atírpá,doomhammer,192,mage,frost,12,2,10
Qtoli,tarren-mill,192,mage,frost,12,2,10
Portnography,draenor,192,mage,frost,12,2,10
Rapidfrost,drakthul,192,mage,frost,12,2,10
Shadyexd,ravencrest,192,mage,frost,12,2,10
Braínfreeze,kazzak,192,mage,frost,12,2,10
Flamê,ragnaros,192,mage,frost,12,2,10
Магниффика,blackscar,192,mage,frost,12,2,10
Blinkyrascal,silvermoon,192,mage,frost,12,2,10
Myriel,thrall,192,mage,frost,12,2,10
Pogmage,blackrock,192,mage,frost,12,2,10
Freezeballs,blackmoore,192,mage,frost,12,2,10
Hruon,ravenholdt,192,mage,frost,15,2,13
Blainemagus,arathor,192,mage,frost,17,2,15
Aaropalli,kazzak,191,mage,frost,6,2,4
Duncanidaho,throkferoth,191,mage,frost,6,2,4
Mëtåøra,khaz-modan,191,mage,frost,6,2,4
Illusionx,grim-batol,191,mage,frost,6,2,4
Mallisto,magtheridon,191,mage,frost,6,2,4
Makkertje,silvermoon,191,mage,frost,6,2,4
Mátraxx,silvermoon,191,mage,frost,12,2,10
Proxj,stormscale,175,mage,frost,11,2,9
Hord,zuljin,159,mage,frost,5,2,3
Kyan,burning-legion,159,mage,frost,5,2,3
Aerathâ,blackrock,159,mage,frost,5,2,3
Dødo,archimonde,159,mage,frost,5,2,3
Ivailo,ravencrest,159,mage,frost,5,2,3
Королеваланс,deathguard,138,mage,frost,10,5,5
Codeincassie,blackhand,138,mage,frost,10,4,6
Zôot,ravencrest,138,mage,frost,11,4,7
Drinte,blackmoore,138,mage,frost,10,3,7
Winswin,stormscale,138,mage,frost,11,3,8
Distrophy,vashj,138,mage,frost,12,3,9
Lovesosa,malorne,138,mage,frost,13,3,10
Frostlocked,silvermoon,128,mage,frost,4,2,2
Klivapå,aggramar,128,mage,frost,4,2,2
Швайго,gordunni,128,mage,frost,4,2,2
Felmington,silvermoon,127,mage,frost,4,2,2
Skitsó,shadowsong,127,mage,frost,4,2,2
Arghen,nemesis,105,mage,frost,13,3,10
Firestárter,ravencrest,96,mage,frost,3,2,1
Ntintsec,tarren-mill,96,mage,frost,3,2,1
Akharthion,defias-brotherhood,96,mage,frost,3,2,1
Froostii,aegwynn,96,mage,frost,6,1,5
Capz,outland,96,mage,frost,6,1,5
Imshilling,ravencrest,96,mage,frost,6,1,5
Coombuster,kazzak,96,mage,frost,6,1,5
Pungvre,kazzak,96,mage,frost,6,1,5
Rmforever,archimonde,96,mage,frost,6,1,5
Shêepwithme,ravencrest,96,mage,frost,6,1,5
Knulljonný,kazzak,96,mage,frost,6,1,5
Ønlyfünds,archimonde,96,mage,frost,6,1,5
Meisterg,frostwolf,96,mage,frost,6,1,5
Lightbínder,antonidas,96,mage,frost,6,1,5
Dwarfyy,frostmane,96,mage,frost,6,1,5
Babynilli,ravencrest,96,mage,frost,6,1,5
Sheeptonreup,archimonde,96,mage,frost,6,1,5
Sendera,taerar,96,mage,frost,6,1,5
Chimará,eredar,96,mage,frost,6,1,5
Одз,grom,96,mage,frost,6,1,5
Колтрэйн,blackscar,96,mage,frost,6,1,5
Niladyel,hyjal,96,mage,frost,6,1,5
Мэджиксул,grom,96,mage,frost,6,1,5
Dóncójones,blackrock,96,mage,frost,6,1,5
Dyen,hyjal,96,mage,frost,6,1,5
Чаклунхитрун,gordunni,96,mage,frost,6,1,5
Dphalos,ravencrest,96,mage,frost,6,1,5
Генстащитка,gordunni,96,mage,frost,6,1,5
Сморгонец,gordunni,96,mage,frost,6,1,5
Magîny,antonidas,96,mage,frost,6,1,5
Aarcheon,kazzak,96,mage,frost,6,1,5
Eryssz,archimonde,96,mage,frost,6,1,5
Rouxbignol,archimonde,96,mage,frost,6,1,5
Fadead,stormreaver,96,mage,frost,6,1,5
Loskapaska,stormreaver,96,mage,frost,6,1,5
Homeessa,stormreaver,96,mage,frost,6,1,5
Graell,archimonde,96,mage,frost,6,1,5
Arcann,ravencrest,96,mage,frost,6,1,5
Silmara,shadowsong,96,mage,frost,6,1,5
Squirtee,drakthul,96,mage,frost,6,1,5
Rezre,stormscale,96,mage,frost,6,1,5
Vali,drakthul,96,mage,frost,6,1,5
Devòna,silvermoon,96,mage,frost,6,1,5
Ekyoo,blackrock,96,mage,frost,6,1,5
Ледянойкекс,gordunni,96,mage,frost,6,1,5
Ghelder,drakthul,96,mage,frost,6,1,5
Холдми,gordunni,96,mage,frost,6,1,5
Deathbrínger,alakir,96,mage,frost,6,1,5
Mëgu,silvermoon,96,mage,frost,6,1,5
Vildfogel,tarren-mill,96,mage,frost,6,1,5
Magemeni,sylvanas,96,mage,frost,6,1,5
Ibfear,twisting-nether,96,mage,frost,6,1,5
Mésai,silvermoon,96,mage,frost,6,1,5
Xcender,sylvanas,96,mage,frost,6,1,5
Dphz,tarren-mill,96,mage,frost,6,1,5
Keïji,khaz-modan,96,mage,frost,6,1,5
Hurtinlo,dun-modr,96,mage,frost,6,1,5
Kpacey,guldan,96,mage,frost,6,1,5
Wingman,tarren-mill,96,mage,frost,6,1,5
Cleanaf,hellfire,96,mage,frost,6,1,5
Wilhélm,twisting-nether,96,mage,frost,6,1,5
Víóla,nagrand,96,mage,frost,6,1,5
Teeclis,twisting-nether,96,mage,frost,6,1,5
Rilac,nordrassil,96,mage,frost,6,1,5
Nullso,zuljin,96,mage,frost,6,1,5
Petri,laughing-skull,96,mage,frost,6,1,5
Squìshy,magtheridon,96,mage,frost,6,1,5
Pflanzenn,nozdormu,96,mage,frost,6,1,5
Testoletku,twisting-nether,96,mage,frost,6,1,5
Sílvér,draenor,96,mage,frost,6,1,5
Rushhdj,exodar,96,mage,frost,6,1,5
Romaga,quelthalas,96,mage,frost,6,1,5
Alphaburstqx,ragnaros,96,mage,frost,6,1,5
Kosso,twisting-nether,96,mage,frost,6,1,5
Wàrpten,draenor,96,mage,frost,12,1,11
Vïto,zuljin,96,mage,frost,12,1,11
Fintexmex,ravencrest,96,mage,frost,12,1,11
Thoria,sylvanas,96,mage,frost,12,1,11
Snowy,sargeras,96,mage,frost,12,1,11
Bina,drakthul,95,mage,frost,6,1,5
Зухвала,howling-fjord,95,mage,frost,6,1,5
Floé,twisting-nether,95,mage,frost,6,1,5
Aurayaa,teldrassil,95,mage,frost,11,1,10
Elkayizer,archimonde,95,mage,frost,12,1,11
Bagss,ysondre,95,mage,frost,12,1,11
Nalord,saurfang,95,mage,frost,12,1,11
Milhoux,ysondre,79,mage,frost,5,1,4
Levora,ragnaros,79,mage,frost,5,1,4
Каппашилка,gordunni,64,mage,frost,4,1,3
Хаскивсказке,gordunni,64,mage,frost,4,1,3
Gocu,tarren-mill,63,mage,frost,2,2,0
Деозар,eversong,63,mage,frost,2,2,0
Magebraín,ravencrest,63,mage,frost,2,2,0
Ямурайхо,howling-fjord,48,mage,frost,3,1,2
Тачитачи,gordunni,48,mage,frost,3,1,2
Frostitutíon,kazzak,48,mage,frost,3,1,2
Firzen,defias-brotherhood,42,mage,frost,8,3,5
Aeghis,darkspear,42,mage,frost,10,3,7
Mayreel,antonidas,42,mage,frost,11,3,8
Флоой,gordunni,42,mage,frost,10,2,8
Boned,ravencrest,42,mage,frost,17,3,14
Интровертка,blackscar,31,mage,frost,2,1,1
Иксайс,soulflayer,18,mage,frost,33,10,23
Сенсемилия,soulflayer,16,mage,frost,1,1,0
Xaramael,colinas-pardas,8,mage,frost,9,3,6
Commadore,draenor,2318,monk,mistweaver,167,97,70
Fister,zuljin,2305,monk,mistweaver,83,58,25
Fisterino,zuljin,2304,monk,mistweaver,54,42,12
Donitrivegas,blackrock,2299,monk,mistweaver,273,173,100
Nnsstt,zuljin,2290,monk,mistweaver,110,69,41
Cocojones,tarren-mill,2286,monk,mistweaver,126,88,38
Brickeduptwo,twisting-nether,2268,monk,mistweaver,180,132,48
Brickedup,twisting-nether,2267,monk,mistweaver,157,92,65
Bankmw,tarren-mill,2265,monk,mistweaver,77,52,25
Botweaver,tarren-mill,2257,monk,mistweaver,117,73,44
Lp,mugthol,2256,monk,mistweaver,84,57,27
Фуфинус,gordunni,2254,monk,mistweaver,89,53,36
Sâu,twisting-nether,2249,monk,mistweaver,128,81,47
Керизз,gordunni,2245,monk,mistweaver,94,60,34
Umadbrohuh,outland,2237,monk,mistweaver,99,60,39
Kêkburagol,kazzak,2231,monk,mistweaver,240,146,94
Tryhârdx,stormscale,2224,monk,mistweaver,120,67,53
Kåtsumi,sanguino,2213,monk,mistweaver,148,99,49
Cømmadore,sylvanas,2211,monk,mistweaver,82,47,35
Montex,stormscale,2210,monk,mistweaver,96,53,43
Kanketoe,korgall,2210,monk,mistweaver,107,58,49
Sqxgodx,ragnaros,2209,monk,mistweaver,83,50,33
Chsx,ravencrest,2196,monk,mistweaver,162,110,52
Kurbanov,stormscale,2195,monk,mistweaver,201,109,92
Problematic,blackmoore,2192,monk,mistweaver,76,50,26
Shonbadatret,argent-dawn,2192,monk,mistweaver,120,74,46
Ballademager,magtheridon,2191,monk,mistweaver,108,65,43
Iminar,blackrock,2179,monk,mistweaver,126,75,51
Gloon,ravencrest,2176,monk,mistweaver,81,50,31
Swoshz,ragnaros,2175,monk,mistweaver,72,39,33
Monkdrak,eredar,2170,monk,mistweaver,75,48,27
Онимэшнеца,gordunni,2170,monk,mistweaver,77,48,29
Chichigneux,hyjal,2167,monk,mistweaver,116,75,41
Пиписечка,gordunni,2166,monk,mistweaver,97,59,38
Qwertyxo,draenor,2162,monk,mistweaver,271,164,107
Ínsanez,dun-modr,2158,monk,mistweaver,72,44,28
Kjñ,ravencrest,2158,monk,mistweaver,194,111,83
Sofunny,blackrock,2157,monk,mistweaver,141,86,55
Srdarr,kazzak,2156,monk,mistweaver,144,86,58
Ashm,shattered-halls,2156,monk,mistweaver,116,68,48
Zaerin,eredar,2155,monk,mistweaver,67,39,28
Quendiz,frostwolf,2152,monk,mistweaver,90,49,41
Loiyah,dun-modr,2149,monk,mistweaver,108,58,50
Bigbøøty,silvermoon,2145,monk,mistweaver,96,50,46
Nawak,archimonde,2144,monk,mistweaver,201,108,93
Meliowo,ravencrest,2141,monk,mistweaver,102,58,44
Çoomðragon,stormscale,2139,monk,mistweaver,48,33,15
Akanetsu,kazzak,2139,monk,mistweaver,138,80,58
Ðurîmar,ravencrest,2137,monk,mistweaver,93,54,39
Abdulhealer,stormscale,2134,monk,mistweaver,78,44,34
Pivø,ravencrest,2133,monk,mistweaver,88,56,32
Myeers,dun-modr,2133,monk,mistweaver,252,147,105
Xámell,ravencrest,2133,monk,mistweaver,96,49,47
Trashcarlita,eredar,2131,monk,mistweaver,96,54,42
Lyashi,dalaran,2131,monk,mistweaver,96,51,45
Buddiline,baelgun,2131,monk,mistweaver,78,40,38
Mønkeÿ,ravencrest,2130,monk,mistweaver,70,42,28
Loiythree,dun-modr,2130,monk,mistweaver,96,50,46
Ltmxy,ravencrest,2127,monk,mistweaver,66,40,26
Mibe,alonsus,2127,monk,mistweaver,222,113,109
Vivie,destromath,2126,monk,mistweaver,78,48,30
Willxmonk,silvermoon,2126,monk,mistweaver,101,56,45
Shorus,blackmoore,2125,monk,mistweaver,132,84,48
Фунтос,soulflayer,2124,monk,mistweaver,66,41,25
Loiyh,dun-modr,2124,monk,mistweaver,114,59,55
Veganweaver,ravencrest,2121,monk,mistweaver,72,48,24
Sinted,blackmoore,2120,monk,mistweaver,107,65,42
Beetlejuicé,stormscale,2118,monk,mistweaver,42,28,14
Loofey,ragnaros,2117,monk,mistweaver,218,128,90
Mharlie,stormscale,2117,monk,mistweaver,291,158,133
Дамбмонк,blackscar,2116,monk,mistweaver,76,46,30
Pennøe,ravencrest,2115,monk,mistweaver,92,55,37
Bmane,archimonde,2114,monk,mistweaver,71,40,31
Vanost,kazzak,2114,monk,mistweaver,90,45,45
Bjj,blackrock,2113,monk,mistweaver,83,48,35
Bighealz,aggra-português,2113,monk,mistweaver,77,43,34
Dekaramw,ravencrest,2112,monk,mistweaver,42,33,9
Jimpaa,outland,2111,monk,mistweaver,149,95,54
Brxndimonk,antonidas,2111,monk,mistweaver,117,68,49
Seeyoulater,nemesis,2110,monk,mistweaver,354,184,170
Cranex,terenas,2109,monk,mistweaver,118,72,46
Кулачонка,blackscar,2108,monk,mistweaver,83,51,32
Кимлейн,blackscar,2108,monk,mistweaver,48,29,19
Йорита,soulflayer,2107,monk,mistweaver,90,53,37
Mememaster,blackhand,2106,monk,mistweaver,172,105,67
Bigbummer,blackmoore,2106,monk,mistweaver,270,144,126
Lmnsx,ravencrest,2105,monk,mistweaver,90,53,37
Cítysushi,draenor,2105,monk,mistweaver,182,102,80
Bobthewild,draenor,2104,monk,mistweaver,449,233,216
Lifelessons,blackrock,2103,monk,mistweaver,57,34,23
Fisterbean,outland,2103,monk,mistweaver,72,40,32
Joke,ragnaros,2103,monk,mistweaver,126,66,60
Ruurruuru,archimonde,2102,monk,mistweaver,245,140,105
Blubberwurst,gorgonnash,2102,monk,mistweaver,130,74,56
Webhottie,twisting-nether,2102,monk,mistweaver,155,88,67
Karsat,hyjal,2102,monk,mistweaver,639,339,300
Wajoba,blackhand,2102,monk,mistweaver,114,58,56
Flowy,uldum,2101,monk,mistweaver,60,31,29
Nesedondondn,stormscale,2100,monk,mistweaver,60,41,19
Глитч,deepholm,2100,monk,mistweaver,66,43,23
Hiryu,argent-dawn,2100,monk,mistweaver,125,75,50
Yellowtape,kiljaeden,2100,monk,mistweaver,215,127,88
Dollyqt,ravencrest,2100,monk,mistweaver,90,46,44
Skïrmíshgødx,ravencrest,2100,monk,mistweaver,108,55,53
Zonsym,twisting-nether,2096,monk,mistweaver,156,87,69
Turricane,blackmoore,2090,monk,mistweaver,144,72,72
Lylleri,darksorrow,2089,monk,mistweaver,68,40,28
Førzãlêvskî,ravencrest,2088,monk,mistweaver,99,69,30
Nsnz,stormscale,2087,monk,mistweaver,102,59,43
Кербю,gordunni,2083,monk,mistweaver,137,74,63
Speedahx,dun-modr,2079,monk,mistweaver,196,115,81
Kêkbûrâgól,kazzak,2079,monk,mistweaver,163,92,71
Zabjudah,stormscale,2078,monk,mistweaver,82,54,28
Monkrah,blackmoore,2077,monk,mistweaver,96,54,42
Ðalvan,blackrock,2074,monk,mistweaver,84,44,40
Monkeyi,silvermoon,2071,monk,mistweaver,155,79,76
Pizzabud,ravencrest,2068,monk,mistweaver,64,43,21
Zevenblad,stormscale,2068,monk,mistweaver,87,47,40
Ltmdwarf,ravencrest,2067,monk,mistweaver,84,45,39
Боецкфц,soulflayer,2065,monk,mistweaver,76,43,33
Quendi,frostwolf,2065,monk,mistweaver,256,127,129
Кодизи,gordunni,2063,monk,mistweaver,83,53,30
Haìryplotter,kazzak,2063,monk,mistweaver,342,190,152
Neszesmonk,ragnaros,2061,monk,mistweaver,373,199,174
Syy,medivh,2058,monk,mistweaver,60,32,28
Tímmz,blackrock,2057,monk,mistweaver,120,67,53
Couchfrmikea,twisting-nether,2057,monk,mistweaver,96,52,44
Monkeystar,archimonde,2056,monk,mistweaver,137,75,62
Roadrunnér,ravencrest,2052,monk,mistweaver,90,49,41
Wajøba,blackhand,2051,monk,mistweaver,60,34,26
Meldi,ravencrest,2050,monk,mistweaver,72,42,30
Леолайт,borean-tundra,2048,monk,mistweaver,124,70,54
Monkeymain,tarren-mill,2048,monk,mistweaver,83,40,43
Rocknreroll,executus,2047,monk,mistweaver,288,162,126
Strillen,twisting-nether,2045,monk,mistweaver,216,117,99
Melysà,antonidas,2044,monk,mistweaver,63,38,25
Môûsè,ravencrest,2043,monk,mistweaver,126,76,50
Xadez,ravencrest,2033,monk,mistweaver,110,68,42
Residùe,kazzak,2030,monk,mistweaver,102,62,40
Loobee,ravencrest,2027,monk,mistweaver,66,37,29
Mergina,silvermoon,2026,monk,mistweaver,66,37,29
Texiq,drakthul,2025,monk,mistweaver,410,233,177
Wrynja,blackmoore,2021,monk,mistweaver,96,59,37
Youkâi,blackrock,2020,monk,mistweaver,89,46,43
Ûwù,ravencrest,2019,monk,mistweaver,48,40,8
Frkn,blackrock,2019,monk,mistweaver,126,74,52
Lîlilîlîlîlí,stormscale,2019,monk,mistweaver,60,34,26
Adgoh,tarren-mill,2018,monk,mistweaver,58,43,15
Tigermw,twisting-nether,2016,monk,mistweaver,100,62,38
Diorc,outland,2016,monk,mistweaver,164,87,77
Pabloboy,kazzak,2015,monk,mistweaver,94,43,51
Timmzý,blackmoore,2013,monk,mistweaver,131,81,50
Blacktee,eredar,2013,monk,mistweaver,66,37,29
Pwner,daggerspine,2012,monk,mistweaver,328,175,153
Shanlle,dun-modr,2011,monk,mistweaver,95,47,48
Fåtjøë,ravencrest,2010,monk,mistweaver,48,31,17
Flandersmonk,ravencrest,2008,monk,mistweaver,90,57,33
Шортмневноги,howling-fjord,2008,monk,mistweaver,137,74,63
Pennyflame,stormscale,2007,monk,mistweaver,143,76,67
Øméga,ravencrest,2006,monk,mistweaver,212,137,75
Stringg,zuljin,2006,monk,mistweaver,348,190,158
Ганссмонк,blackscar,2004,monk,mistweaver,180,94,86
Угвей,deepholm,2003,monk,mistweaver,52,38,14
Кулакх,blackscar,2003,monk,mistweaver,178,94,84
Ouhmaikgød,dun-modr,2003,monk,mistweaver,242,121,121
Суммрачная,gordunni,2002,monk,mistweaver,144,89,55
Toram,burning-legion,2001,monk,mistweaver,96,52,44
Féfè,archimonde,2000,monk,mistweaver,90,47,43
Zeoverx,ragnaros,2000,monk,mistweaver,84,39,45
Gronkr,draenor,1999,monk,mistweaver,106,59,47
Лабирончик,blackscar,1998,monk,mistweaver,77,55,22
Гроксси,howling-fjord,1998,monk,mistweaver,164,101,63
Jackål,silvermoon,1994,monk,mistweaver,88,50,38
Shadezz,blackmoore,1993,monk,mistweaver,94,61,33
Mösêê,eredar,1992,monk,mistweaver,88,39,49
Chitea,argent-dawn,1991,monk,mistweaver,82,43,39
Teampro,ragnaros,1990,monk,mistweaver,258,138,120
Mugenzen,sanguino,1989,monk,mistweaver,54,28,26
Egg,frostmane,1987,monk,mistweaver,66,42,24
Perceptîon,thrall,1985,monk,mistweaver,150,83,67
Snówtea,silvermoon,1984,monk,mistweaver,68,38,30
Holyrop,aegwynn,1982,monk,mistweaver,36,25,11
Trifogeorge,archimonde,1981,monk,mistweaver,60,38,22
Sookrates,ragnaros,1978,monk,mistweaver,117,68,49
Swagmonk,silvermoon,1978,monk,mistweaver,134,71,63
Sushiroller,blackrock,1976,monk,mistweaver,78,45,33
Demmonkz,stormreaver,1975,monk,mistweaver,90,53,37
Brofistmw,outland,1975,monk,mistweaver,156,88,68
Selendis,terrordar,1975,monk,mistweaver,136,71,65
Pyrìt,blackhand,1974,monk,mistweaver,89,57,32
Monkield,kazzak,1974,monk,mistweaver,319,182,137
Fullzi,dalaran,1973,monk,mistweaver,66,36,30
Howtoown,burning-legion,1971,monk,mistweaver,66,38,28
Uao,tarren-mill,1971,monk,mistweaver,66,31,35
Вульфхильда,soulflayer,1967,monk,mistweaver,288,159,129
Magixc,drakthul,1965,monk,mistweaver,104,62,42
Musclemage,turalyon,1965,monk,mistweaver,78,46,32
Эифорйя,howling-fjord,1963,monk,mistweaver,208,108,100
Jinxini,twisting-nether,1962,monk,mistweaver,42,31,11
Wrathx,draenor,1962,monk,mistweaver,132,85,47
Yexìu,kult-der-verdammten,1961,monk,mistweaver,72,41,31
Vienuolè,silvermoon,1961,monk,mistweaver,54,30,24
Manjini,blackhand,1961,monk,mistweaver,124,65,59
Homes,blackmoore,1959,monk,mistweaver,176,96,80
Neyoklol,blackrock,1958,monk,mistweaver,162,95,67
Kapud,twisting-nether,1958,monk,mistweaver,84,47,37
Notzaele,zuljin,1958,monk,mistweaver,138,72,66
Lanory,blackmoore,1957,monk,mistweaver,66,41,25
Mistkueefer,tarren-mill,1956,monk,mistweaver,42,26,16
Marqinio,archimonde,1956,monk,mistweaver,90,49,41
Prototyp,burning-legion,1956,monk,mistweaver,148,78,70
Maybeexm,ravencrest,1953,monk,mistweaver,60,37,23
Wh,terenas,1952,monk,mistweaver,48,27,21
Анстапоблх,grom,1951,monk,mistweaver,114,52,62
Mistyhoe,twisting-nether,1949,monk,mistweaver,282,145,137
Yoghurtz,frostmourne,1948,monk,mistweaver,246,135,111
Killibrew,ravencrest,1947,monk,mistweaver,132,80,52
Lanvia,argent-dawn,1946,monk,mistweaver,228,129,99
Beili,ravencrest,1946,monk,mistweaver,79,42,37
Wwvwwvwwvwwv,ragnaros,1946,monk,mistweaver,102,49,53
Chanzey,silvermoon,1945,monk,mistweaver,330,183,147
Skailzkrtwo,hyjal,1943,monk,mistweaver,72,41,31
Mickeyworms,archimonde,1942,monk,mistweaver,64,30,34
Aromipesäx,outland,1941,monk,mistweaver,107,57,50
Limbaskalol,dun-modr,1941,monk,mistweaver,271,144,127
Srav,archimonde,1939,monk,mistweaver,120,68,52
Nuke,steamwheedle-cartel,1939,monk,mistweaver,69,37,32
Zöumi,ravencrest,1935,monk,mistweaver,269,144,125
Babbub,tarren-mill,1934,monk,mistweaver,120,75,45
Nsq,ravencrest,1934,monk,mistweaver,66,38,28
Jam,aerie-peak,1931,monk,mistweaver,48,31,17
Threesíxníne,dun-morogh,1931,monk,mistweaver,60,38,22
Chisurgeon,outland,1931,monk,mistweaver,36,22,14
Incmines,ravencrest,1931,monk,mistweaver,92,50,42
Tierrax,cthun,1931,monk,mistweaver,105,53,52
Stemanit,draenor,1929,monk,mistweaver,77,47,30
Dicedkiwi,quelthalas,1929,monk,mistweaver,508,282,226
Exbuddhist,outland,1929,monk,mistweaver,60,31,29
Lildaddymunk,ravencrest,1928,monk,mistweaver,54,31,23
Thiiogg,archimonde,1928,monk,mistweaver,92,45,47
Fistus,dentarg,1927,monk,mistweaver,74,38,36
Arenatwo,outland,1925,monk,mistweaver,93,56,37
Zoida,azuremyst,1925,monk,mistweaver,285,146,139
Pudgefeed,silvermoon,1924,monk,mistweaver,108,65,43
Digzzy,draenor,1923,monk,mistweaver,93,51,42
Machó,kazzak,1922,monk,mistweaver,71,36,35
Çheeks,kazzak,1920,monk,mistweaver,60,31,29
Mafiazøo,hyjal,1919,monk,mistweaver,148,92,56
Gaalon,ravencrest,1916,monk,mistweaver,24,20,4
Déffly,ravencrest,1916,monk,mistweaver,48,29,19
Insanepace,blackmoore,1916,monk,mistweaver,79,41,38
Øllen,stormscale,1916,monk,mistweaver,157,79,78
Djsqx,outland,1915,monk,mistweaver,30,20,10
Tinydolls,archimonde,1915,monk,mistweaver,42,24,18
Wrox,sylvanas,1914,monk,mistweaver,107,71,36
Sleepleaf,silvermoon,1914,monk,mistweaver,64,36,28
Porcman,archimonde,1912,monk,mistweaver,207,108,99
Rolxx,twisting-nether,1911,monk,mistweaver,175,90,85
Ûnknöw,archimonde,1910,monk,mistweaver,66,39,27
Dmonk,aegwynn,1910,monk,mistweaver,179,84,95
Lxstcxntury,stormscale,1908,monk,mistweaver,47,32,15
Fansolini,burning-legion,1908,monk,mistweaver,75,40,35
Voltzeig,dentarg,1908,monk,mistweaver,358,185,173
Djreckx,kazzak,1907,monk,mistweaver,48,32,16
Cåpybårå,outland,1907,monk,mistweaver,386,205,181
Legsweep,blackhand,1906,monk,mistweaver,169,108,61
Yuukiiqt,kult-der-verdammten,1906,monk,mistweaver,137,73,64
Meemyo,blackmoore,1904,monk,mistweaver,83,34,49
Саас,gordunni,1903,monk,mistweaver,65,39,26
Muchobijca,defias-brotherhood,1903,monk,mistweaver,84,47,37
Notachi,doomhammer,1903,monk,mistweaver,285,159,126
Kóan,stormscale,1903,monk,mistweaver,153,82,71
Koguosa,outland,1902,monk,mistweaver,54,37,17
Brxmonki,antonidas,1902,monk,mistweaver,95,53,42
Ilovesanrio,kazzak,1900,monk,mistweaver,110,69,41
Crymonkya,aegwynn,1900,monk,mistweaver,202,124,78
Halùnkè,eredar,1900,monk,mistweaver,189,105,84
Panson,twisting-nether,1900,monk,mistweaver,84,41,43
Vingurd,terokkar,1899,monk,mistweaver,51,31,20
Subàru,draenor,1898,monk,mistweaver,93,60,33
Yamqt,thrall,1898,monk,mistweaver,51,32,19
Siignmonk,ravencrest,1898,monk,mistweaver,266,139,127
Munktjejen,argent-dawn,1896,monk,mistweaver,36,20,16
Seventhirty,ravencrest,1896,monk,mistweaver,36,20,16
Crñ,blackmoore,1894,monk,mistweaver,56,32,24
Bossmanfred,outland,1893,monk,mistweaver,96,66,30
Wernos,archimonde,1893,monk,mistweaver,66,38,28
Shirkán,ragnaros,1893,monk,mistweaver,168,92,76
Cptschneider,blackmoore,1892,monk,mistweaver,60,40,20
Jemp,ravencrest,1892,monk,mistweaver,592,328,264
Elmezz,burning-legion,1892,monk,mistweaver,57,30,27
Traickomonk,eredar,1891,monk,mistweaver,48,29,19
Uwû,ravencrest,1890,monk,mistweaver,107,73,34
Zanzetsu,twisting-nether,1890,monk,mistweaver,199,107,92
Rokux,kazzak,1887,monk,mistweaver,49,28,21
Pizelx,alakir,1887,monk,mistweaver,72,38,34
Statícx,twisting-nether,1886,monk,mistweaver,66,40,26
Millhouse,die-aldor,1880,monk,mistweaver,82,48,34
Dragzol,tarren-mill,1880,monk,mistweaver,150,76,74
Deepl,dun-modr,1880,monk,mistweaver,54,27,27
Лемонк,gordunni,1880,monk,mistweaver,46,23,23
Manatoiled,draenor,1879,monk,mistweaver,72,39,33
Vizfist,tarren-mill,1879,monk,mistweaver,60,29,31
Véxyra,draenor,1877,monk,mistweaver,54,35,19
Destom,archimonde,1877,monk,mistweaver,141,79,62
Yungsooth,stormscale,1876,monk,mistweaver,107,68,39
Коконгкд,blackscar,1876,monk,mistweaver,400,210,190
Нимбмонк,soulflayer,1876,monk,mistweaver,59,29,30
Nåwãk,archimonde,1875,monk,mistweaver,145,71,74
Людзяо,galakrond,1874,monk,mistweaver,119,68,51
Blantai,tarren-mill,1874,monk,mistweaver,78,38,40
Sikaan,blackhand,1871,monk,mistweaver,48,30,18
Monkeycoke,ragnaros,1870,monk,mistweaver,35,21,14
Pamtu,dun-modr,1869,monk,mistweaver,114,74,40
Фунтос,gordunni,1869,monk,mistweaver,54,35,19
Минимонахх,blackscar,1869,monk,mistweaver,90,58,32
Fisterinos,blackrock,1868,monk,mistweaver,192,123,69
Анимешнеца,gordunni,1868,monk,mistweaver,48,28,20
Kratzl,blackrock,1867,monk,mistweaver,60,37,23
Luru,outland,1867,monk,mistweaver,83,47,36
Oikodomos,twisting-nether,1867,monk,mistweaver,142,79,63
Séi,kazzak,1867,monk,mistweaver,48,25,23
Madraven,ravencrest,1866,monk,mistweaver,60,27,33
Ræïzò,dun-morogh,1865,monk,mistweaver,58,34,24
Chichi,ravencrest,1865,monk,mistweaver,136,79,57
Факингдог,blackscar,1864,monk,mistweaver,45,26,19
Carlteaz,drakthul,1863,monk,mistweaver,174,102,72
Jiafei,tarren-mill,1862,monk,mistweaver,42,25,17
Srchi,aggra-português,1862,monk,mistweaver,85,47,38
Jades,emeriss,1862,monk,mistweaver,210,106,104
Cptsensey,draenor,1861,monk,mistweaver,42,29,13
Hélpx,stormscale,1860,monk,mistweaver,42,23,19
Schøcker,blackmoore,1860,monk,mistweaver,71,38,33
Ранки,lich-king,1860,monk,mistweaver,66,31,35
Wåñmëíßãøx,sylvanas,1859,monk,mistweaver,58,34,24
Nule,outland,1859,monk,mistweaver,59,31,28
Джулибубба,borean-tundra,1858,monk,mistweaver,105,67,38
Rullsimpa,ravencrest,1858,monk,mistweaver,77,34,43
Waramow,eredar,1855,monk,mistweaver,36,25,11
Jabington,aegwynn,1855,monk,mistweaver,127,77,50
Butterbean,conseil-des-ombres,1855,monk,mistweaver,69,41,28
Репабликус,gordunni,1855,monk,mistweaver,42,23,19
Capkum,dun-modr,1855,monk,mistweaver,218,113,105
Crôcøpx,blackhand,1855,monk,mistweaver,78,39,39
Doffm,auchindoun,1854,monk,mistweaver,102,63,39
Рендикаое,soulflayer,1854,monk,mistweaver,211,117,94
Фейкнаут,soulflayer,1854,monk,mistweaver,132,69,63
Døk,twisting-nether,1852,monk,mistweaver,36,24,12
Táy,ravencrest,1852,monk,mistweaver,114,68,46
Mistyfox,aszune,1852,monk,mistweaver,107,52,55
Bicmex,archimonde,1852,monk,mistweaver,96,46,50
Muerb,die-arguswacht,1851,monk,mistweaver,45,28,17
Perelman,burning-legion,1851,monk,mistweaver,84,48,36
Ryx,twisting-nether,1851,monk,mistweaver,73,39,34
Siphem,ravencrest,1851,monk,mistweaver,293,155,138
Shâng,blackhand,1850,monk,mistweaver,72,41,31
Мичан,howling-fjord,1849,monk,mistweaver,146,88,58
Taeyhung,thrall,1849,monk,mistweaver,147,84,63
Shortinlegs,silvermoon,1849,monk,mistweaver,78,44,34
Bigmilkies,ysondre,1848,monk,mistweaver,160,86,74
Marvboy,aegwynn,1847,monk,mistweaver,54,32,22
Zxcursèd,tarren-mill,1844,monk,mistweaver,60,36,24
Baatu,frostmane,1844,monk,mistweaver,215,110,105
Tjann,stormscale,1843,monk,mistweaver,84,58,26
Neisha,drakthul,1843,monk,mistweaver,102,63,39
Enveløp,stormscale,1842,monk,mistweaver,42,29,13
Chazu,outland,1842,monk,mistweaver,78,41,37
Poohya,silvermoon,1842,monk,mistweaver,48,24,24
Hidekami,archimonde,1840,monk,mistweaver,90,46,44
Péppy,aegwynn,1839,monk,mistweaver,46,28,18
Cdriscas,aggra-português,1839,monk,mistweaver,172,94,78
Monkler,blackhand,1839,monk,mistweaver,114,57,57
Djsnake,blackrock,1837,monk,mistweaver,54,33,21
Pøhx,ragnaros,1837,monk,mistweaver,87,51,36
Astromune,draenor,1837,monk,mistweaver,59,33,26
Motang,blackmoore,1837,monk,mistweaver,68,38,30
Fashion,outland,1836,monk,mistweaver,48,32,16
Mwmonk,blackrock,1836,monk,mistweaver,65,42,23
Флориус,soulflayer,1836,monk,mistweaver,53,31,22
Fùckaround,emeriss,1836,monk,mistweaver,125,70,55
Hurri,krasus,1835,monk,mistweaver,48,32,16
Bonnybravo,wildhammer,1834,monk,mistweaver,54,36,18
Hajlong,outland,1834,monk,mistweaver,66,32,34
ßockwurst,tarren-mill,1832,monk,mistweaver,41,25,16
Wiwâ,outland,1832,monk,mistweaver,133,71,62
Monkbtw,kazzak,1831,monk,mistweaver,36,27,9
Jiest,outland,1831,monk,mistweaver,30,20,10
Ønlyfäns,kazzak,1831,monk,mistweaver,112,67,45
Belärus,outland,1831,monk,mistweaver,66,39,27
Jamiedhism,ravencrest,1831,monk,mistweaver,54,28,26
Brewstea,kazzak,1829,monk,mistweaver,96,50,46
Yum,anetheron,1829,monk,mistweaver,102,53,49
Santoron,baelgun,1829,monk,mistweaver,75,36,39
Callysra,archimonde,1828,monk,mistweaver,58,40,18
Bads,sanguino,1828,monk,mistweaver,66,37,29
Xameht,the-maelstrom,1828,monk,mistweaver,301,163,138
Нубстриимс,gordunni,1828,monk,mistweaver,62,33,29
Tøwtc,outland,1826,monk,mistweaver,90,58,32
Phyxone,twisting-nether,1826,monk,mistweaver,54,31,23
Ultdave,eredar,1826,monk,mistweaver,245,139,106
Playbîrd,archimonde,1826,monk,mistweaver,100,54,46
Soothz,uldaman,1824,monk,mistweaver,60,42,18
Scribzw,twisting-nether,1824,monk,mistweaver,77,43,34
Calmed,tarren-mill,1824,monk,mistweaver,295,163,132
Элонхаск,gordunni,1824,monk,mistweaver,54,29,25
Maesha,ahnqiraj,1823,monk,mistweaver,90,57,33
Fulgrem,stormscale,1823,monk,mistweaver,135,81,54
Dokternelg,silvermoon,1823,monk,mistweaver,54,32,22
Sugra,frostwolf,1823,monk,mistweaver,87,50,37
Actionsusi,area-52,1823,monk,mistweaver,54,31,23
Dmonkz,magtheridon,1823,monk,mistweaver,60,33,27
Grauwe,stormscale,1822,monk,mistweaver,57,35,22
Sadmw,archimonde,1822,monk,mistweaver,48,28,20
Patiencebro,archimonde,1822,monk,mistweaver,78,43,35
Lildaddymonk,ravencrest,1822,monk,mistweaver,54,24,30
Aessella,antonidas,1821,monk,mistweaver,48,29,19
Çhên,draenor,1821,monk,mistweaver,173,104,69
Batmanwife,stormscale,1821,monk,mistweaver,53,30,23
Karmasnitch,antonidas,1821,monk,mistweaver,78,44,34
Shehulkk,ravencrest,1821,monk,mistweaver,90,48,42
Амаранточка,howling-fjord,1820,monk,mistweaver,60,38,22
Kungfupanda,stormscale,1820,monk,mistweaver,110,64,46
Almonkdiga,sanguino,1819,monk,mistweaver,108,58,50
Kungfublyat,twisting-nether,1818,monk,mistweaver,59,43,16
Шэганэ,deathguard,1818,monk,mistweaver,74,45,29
Birgitbuddha,gorgonnash,1818,monk,mistweaver,90,53,37
Shushux,ysondre,1818,monk,mistweaver,36,21,15
Fistíe,sylvanas,1817,monk,mistweaver,33,22,11
Swaghäuser,blackmoore,1817,monk,mistweaver,192,106,86
Claudiå,kazzak,1817,monk,mistweaver,111,56,55
Аци,blackscar,1816,monk,mistweaver,88,57,31
Endir,mazrigos,1816,monk,mistweaver,161,101,60
Milkabtw,kazzak,1816,monk,mistweaver,91,52,39
Pogimonkey,ragnaros,1816,monk,mistweaver,79,44,35
Precocconx,stormreaver,1816,monk,mistweaver,36,19,17
Polch,archimonde,1816,monk,mistweaver,78,38,40
Твикса,soulflayer,1816,monk,mistweaver,114,54,60
Deeyna,defias-brotherhood,1815,monk,mistweaver,77,43,34
Papimonkx,garona,1815,monk,mistweaver,54,25,29
Zulein,defias-brotherhood,1814,monk,mistweaver,36,21,15
Alessîca,aegwynn,1814,monk,mistweaver,54,30,24
Тамаз,gordunni,1814,monk,mistweaver,59,24,35
Æøwyn,ragnaros,1813,monk,mistweaver,106,67,39
Basilbrushxd,stormscale,1813,monk,mistweaver,48,27,21
Фунтих,soulflayer,1813,monk,mistweaver,46,24,22
Колтиняшка,blackscar,1812,monk,mistweaver,77,59,18
Кекичан,gordunni,1812,monk,mistweaver,71,45,26
Mëñghûøx,sylvanas,1812,monk,mistweaver,31,19,12
Päws,kazzak,1812,monk,mistweaver,48,29,19
Inear,chogall,1812,monk,mistweaver,397,211,186
Onaiâ,ravencrest,1811,monk,mistweaver,49,35,14
Vxs,blackhand,1811,monk,mistweaver,72,45,27
Mônkykong,ravencrest,1811,monk,mistweaver,42,26,16
Natsuø,nemesis,1811,monk,mistweaver,72,42,30
Sugermum,outland,1811,monk,mistweaver,60,34,26
Errowin,blackmoore,1810,monk,mistweaver,153,93,60
Xoconut,kazzak,1810,monk,mistweaver,292,160,132
Moariann,drakthul,1810,monk,mistweaver,144,72,72
Shyheimyo,outland,1810,monk,mistweaver,54,27,27
Оргриммен,soulflayer,1810,monk,mistweaver,173,85,88
Evad,kazzak,1809,monk,mistweaver,113,69,44
Schizacademy,draenor,1809,monk,mistweaver,44,26,18
Yäffa,archimonde,1809,monk,mistweaver,144,80,64
Fìstpwnjk,forscherliga,1808,monk,mistweaver,145,93,52
Tanata,blackmoore,1807,monk,mistweaver,105,67,38
Brysiqtx,aegwynn,1807,monk,mistweaver,87,45,42
Дольчих,soulflayer,1806,monk,mistweaver,243,148,95
Kîrânâ,eredar,1806,monk,mistweaver,54,29,25
Xarêlla,aegwynn,1806,monk,mistweaver,120,62,58
Ipmanlol,archimonde,1805,monk,mistweaver,186,107,79
Мефодийкун,howling-fjord,1805,monk,mistweaver,159,88,71
Ninetz,tarren-mill,1804,monk,mistweaver,51,31,20
Amzu,kazzak,1804,monk,mistweaver,66,36,30
Yto,gorgonnash,1804,monk,mistweaver,54,26,28
Uckkm,ragnaros,1803,monk,mistweaver,65,39,26
Neyoklan,blackrock,1803,monk,mistweaver,60,36,24
Dewamønk,blackmoore,1803,monk,mistweaver,70,41,29
Handarbetare,ravencrest,1803,monk,mistweaver,147,78,69
Vanicweaver,aegwynn,1802,monk,mistweaver,36,26,10
Кроанла,howling-fjord,1802,monk,mistweaver,54,34,20
Cæsifer,ungoro,1802,monk,mistweaver,53,28,25
Bmwmthree,draenor,1802,monk,mistweaver,102,51,51
Dog,garona,1802,monk,mistweaver,90,42,48
Djpunchable,blackrock,1801,monk,mistweaver,50,38,12
Otemøøn,sanguino,1801,monk,mistweaver,81,44,37
Heramonk,dun-modr,1801,monk,mistweaver,58,30,28
Trollroll,defias-brotherhood,1800,monk,mistweaver,138,76,62
Hurricaine,hyjal,1799,monk,mistweaver,30,19,11
Axelight,chants-éternels,1798,monk,mistweaver,42,24,18
Nqar,ravencrest,1798,monk,mistweaver,72,41,31
Vienuole,silvermoon,1798,monk,mistweaver,53,27,26
Brewnox,ragnaros,1797,monk,mistweaver,59,30,29
Mobrac,twisting-nether,1795,monk,mistweaver,68,34,34
Sonydl,archimonde,1795,monk,mistweaver,70,32,38
Yulonian,argent-dawn,1794,monk,mistweaver,200,120,80
Wrv,kazzak,1791,monk,mistweaver,349,180,169
Bammemw,archimonde,1791,monk,mistweaver,60,27,33
Extrimist,sylvanas,1790,monk,mistweaver,239,129,110
Bearmw,draenor,1789,monk,mistweaver,71,44,27
Monkgolitaxd,dun-modr,1789,monk,mistweaver,452,234,218
Maikez,stormreaver,1788,monk,mistweaver,76,36,40
Лиянь,soulflayer,1787,monk,mistweaver,108,61,47
Jorahmarmond,tarren-mill,1786,monk,mistweaver,48,35,13
Kaezm,blackrock,1785,monk,mistweaver,48,28,20
Тащунаскилле,thermaplugg,1784,monk,mistweaver,80,45,35
Savagex,sanguino,1784,monk,mistweaver,100,51,49
Infamøus,uldum,1781,monk,mistweaver,56,33,23
Kwondo,archimonde,1779,monk,mistweaver,48,28,20
Shishasho,stormreaver,1778,monk,mistweaver,92,49,43
Adis,nerathor,1777,monk,mistweaver,66,40,26
Nêøø,blackrock,1777,monk,mistweaver,281,170,111
Monknice,sylvanas,1776,monk,mistweaver,83,42,41
Тсайм,howling-fjord,1774,monk,mistweaver,100,52,48
Stdzym,tarren-mill,1774,monk,mistweaver,92,42,50
Campix,blackmoore,1773,monk,mistweaver,147,87,60
Inuria,ravencrest,1772,monk,mistweaver,153,89,64
Pafia,sargeras,1772,monk,mistweaver,49,26,23
Shiftkin,stormscale,1770,monk,mistweaver,66,31,35
Effeots,blackrock,1769,monk,mistweaver,284,142,142
Pikemi,dun-modr,1768,monk,mistweaver,114,70,44
Mmrkick,kazzak,1768,monk,mistweaver,96,54,42
Fistpunk,kazzak,1767,monk,mistweaver,52,28,24
Soulring,kazzak,1767,monk,mistweaver,63,31,32
Sîono,antonidas,1766,monk,mistweaver,69,44,25
Mwrbg,shadowsong,1766,monk,mistweaver,125,71,54
Zlodey,laughing-skull,1766,monk,mistweaver,115,62,53
Shurdax,silvermoon,1766,monk,mistweaver,102,54,48
Cøcøøn,blackrock,1765,monk,mistweaver,146,79,67
Menecares,blackhand,1764,monk,mistweaver,35,20,15
Типмах,howling-fjord,1764,monk,mistweaver,80,45,35
Кикподхвост,blackscar,1763,monk,mistweaver,96,46,50
Mwaneu,archimonde,1762,monk,mistweaver,36,23,13
Varea,blackrock,1762,monk,mistweaver,131,70,61
Oukaläv,archimonde,1761,monk,mistweaver,80,40,40
Гачитварина,galakrond,1760,monk,mistweaver,108,67,41
Sícknéss,aegwynn,1759,monk,mistweaver,42,26,16
Dearmw,silvermoon,1759,monk,mistweaver,126,73,53
Nèver,dalaran,1759,monk,mistweaver,42,24,18
Riendy,silvermoon,1759,monk,mistweaver,302,167,135
Tavqtwo,tarren-mill,1759,monk,mistweaver,48,20,28
Monkwithlove,blackhand,1758,monk,mistweaver,210,113,97
Bigmckoy,kazzak,1757,monk,mistweaver,39,27,12
Mêshuggâh,malganis,1757,monk,mistweaver,48,28,20
Binkote,zuljin,1757,monk,mistweaver,213,120,93
Inlakech,auchindoun,1757,monk,mistweaver,225,110,115
Gréèñðrägôñ,stormscale,1756,monk,mistweaver,36,26,10
Callmeks,stormscale,1756,monk,mistweaver,156,86,70
Yukimøn,hyjal,1755,monk,mistweaver,115,79,36
Key,stormreaver,1755,monk,mistweaver,82,50,32
Holyropx,aegwynn,1755,monk,mistweaver,42,25,17
Aseidith,tarren-mill,1755,monk,mistweaver,54,32,22
Rogvi,argent-dawn,1755,monk,mistweaver,263,131,132
Sniffn,ravencrest,1754,monk,mistweaver,54,35,19
Hokespokus,silvermoon,1754,monk,mistweaver,89,57,32
Нунтяк,gordunni,1754,monk,mistweaver,140,75,65
Bluran,dalaran,1754,monk,mistweaver,99,53,46
Blamethegame,hyjal,1753,monk,mistweaver,35,24,11
Эрмонд,soulflayer,1753,monk,mistweaver,68,37,31
Esriin,shattered-hand,1752,monk,mistweaver,48,28,20
Januslapuce,culte-de-la-rive-noire,1752,monk,mistweaver,35,19,16
Stifmeister,tarren-mill,1750,monk,mistweaver,94,50,44
Jayber,laughing-skull,1749,monk,mistweaver,72,46,26
Tráïner,madmortem,1749,monk,mistweaver,239,121,118
Callim,blackrock,1748,monk,mistweaver,30,19,11
Ajay,outland,1748,monk,mistweaver,54,26,28
Hôn,sanguino,1746,monk,mistweaver,53,36,17
Nillebpgodx,kazzak,1745,monk,mistweaver,41,22,19
Seandyche,ravencrest,1744,monk,mistweaver,34,23,11
Imeon,dun-modr,1744,monk,mistweaver,54,31,23
Neash,silvermoon,1744,monk,mistweaver,90,51,39
Nabsi,aegwynn,1743,monk,mistweaver,66,36,30
Mommymonk,outland,1743,monk,mistweaver,91,47,44
Elhäbedehä,eredar,1743,monk,mistweaver,342,175,167
Teahihi,ravencrest,1742,monk,mistweaver,36,27,9
Mcscrub,ragnaros,1742,monk,mistweaver,35,24,11
Xadoqt,aegwynn,1742,monk,mistweaver,35,24,11
Tallein,drakthul,1742,monk,mistweaver,204,116,88
Encanthar,blackhand,1741,monk,mistweaver,273,145,128
Monkatapiti,malganis,1740,monk,mistweaver,66,41,25
Phyro,uldum,1740,monk,mistweaver,56,32,24
Coularx,stormscale,1740,monk,mistweaver,60,33,27
Powerloom,aegwynn,1739,monk,mistweaver,36,28,8
Konnîchîwa,kazzak,1737,monk,mistweaver,167,91,76
Annoyingtwo,archimonde,1736,monk,mistweaver,56,35,21
Donkeymønk,hyjal,1736,monk,mistweaver,367,195,172
Teamviewer,blackmoore,1735,monk,mistweaver,59,34,25
Zýru,ragnaros,1734,monk,mistweaver,124,75,49
Aklimist,stormscale,1734,monk,mistweaver,84,49,35
Táuriéll,eredar,1734,monk,mistweaver,42,21,21
Ellimak,archimonde,1732,monk,mistweaver,46,27,19
Nognegodx,ravencrest,1731,monk,mistweaver,168,75,93
Greentape,kiljaeden,1730,monk,mistweaver,42,27,15
Raveleth,silvermoon,1730,monk,mistweaver,54,31,23
Æbscourgê,azjolnerub,1729,monk,mistweaver,72,43,29
Milkhy,minahonda,1729,monk,mistweaver,203,102,101
Wørsthealxd,alakir,1728,monk,mistweaver,88,59,29
Dodomino,archimonde,1728,monk,mistweaver,36,22,14
Kæmará,blackrock,1728,monk,mistweaver,74,36,38
Súzy,stormscale,1727,monk,mistweaver,124,67,57
Pizelx,ravencrest,1727,monk,mistweaver,42,22,20
Bankdream,bronze-dragonflight,1726,monk,mistweaver,40,24,16
Ziibaa,outland,1726,monk,mistweaver,81,48,33
Taekwonroll,stormscale,1726,monk,mistweaver,48,25,23
Kyukoku,blackmoore,1725,monk,mistweaver,40,24,16
Meltfistqt,ravencrest,1725,monk,mistweaver,160,79,81
Fatdad,magtheridon,1725,monk,mistweaver,95,46,49
Таеуеоп,soulflayer,1724,monk,mistweaver,18,18,0
Фдма,soulflayer,1724,monk,mistweaver,41,26,15
Théverre,uldaman,1724,monk,mistweaver,195,121,74
Youssee,silvermoon,1724,monk,mistweaver,309,168,141
Alprox,moonglade,1724,monk,mistweaver,182,90,92
Yadokaí,darkmoon-faire,1724,monk,mistweaver,48,23,25
Notadrâgon,sylvanas,1723,monk,mistweaver,34,20,14
Kickin,burning-legion,1723,monk,mistweaver,64,37,27
Nrafflig,draenor,1722,monk,mistweaver,48,32,16
Babysaurus,ravencrest,1720,monk,mistweaver,60,40,20
Clemoine,archimonde,1719,monk,mistweaver,42,27,15
Simpavev,ravencrest,1719,monk,mistweaver,52,27,25
Risesx,blackmoore,1719,monk,mistweaver,103,53,50
Papours,ysondre,1718,monk,mistweaver,36,25,11
Demakis,stormscale,1718,monk,mistweaver,149,93,56
Chimara,kazzak,1718,monk,mistweaver,79,45,34
Барлиос,soulflayer,1718,monk,mistweaver,451,233,218
Wisear,silvermoon,1718,monk,mistweaver,53,25,28
Sushirøll,draenor,1717,monk,mistweaver,43,29,14
Sinnermonkk,outland,1717,monk,mistweaver,36,24,12
Løta,blackmoore,1717,monk,mistweaver,59,38,21
Frónzy,kazzak,1717,monk,mistweaver,229,131,98
Kackwalker,blackmoore,1715,monk,mistweaver,34,24,10
Jerymonk,tarren-mill,1715,monk,mistweaver,168,93,75
Kilograme,tarren-mill,1715,monk,mistweaver,95,47,48
Onlyfunds,blackrock,1713,monk,mistweaver,24,18,6
ßojo,kazzak,1713,monk,mistweaver,113,70,43
Räpeltäjä,stormreaver,1713,monk,mistweaver,78,46,32
Olympiiee,archimonde,1713,monk,mistweaver,293,157,136
Сазуко,gordunni,1713,monk,mistweaver,108,53,55
Lünara,ambossar,1712,monk,mistweaver,102,55,47
Boomxd,twisting-nether,1711,monk,mistweaver,61,38,23
Saibell,scarshield-legion,1711,monk,mistweaver,96,59,37
Atoóthéé,the-maelstrom,1711,monk,mistweaver,31,19,12
Ashjaxa,silvermoon,1710,monk,mistweaver,42,18,24
Ultrasense,outland,1709,monk,mistweaver,30,18,12
Jingfeng,arthas,1709,monk,mistweaver,179,87,92
Frednmonk,twisting-nether,1708,monk,mistweaver,54,32,22
Behrens,defias-brotherhood,1708,monk,mistweaver,39,23,16
Lyfah,archimonde,1708,monk,mistweaver,108,63,45
Bigdaddypump,blackmoore,1707,monk,mistweaver,42,25,17
Tidemist,argent-dawn,1707,monk,mistweaver,47,27,20
Zorkev,dun-modr,1707,monk,mistweaver,125,71,54
Rhatid,twisting-nether,1707,monk,mistweaver,343,182,161
Bonk,defias-brotherhood,1707,monk,mistweaver,53,26,27
Crazyninja,arathor,1706,monk,mistweaver,42,24,18
Ofwgkta,moonglade,1706,monk,mistweaver,48,26,22
Cubw,archimonde,1706,monk,mistweaver,54,29,25
Ahyllesmonk,azjolnerub,1705,monk,mistweaver,35,28,7
Shyheim,outland,1705,monk,mistweaver,48,36,12
Simonex,ravencrest,1705,monk,mistweaver,54,30,24
Jainagodxd,dun-modr,1705,monk,mistweaver,72,39,33
ßsøßxx,hyjal,1704,monk,mistweaver,24,18,6
Smoothia,outland,1704,monk,mistweaver,73,51,22
Öhlinmonk,outland,1704,monk,mistweaver,42,24,18
Kebabrolle,blackrock,1704,monk,mistweaver,42,21,21
Tû,nerathor,1703,monk,mistweaver,127,74,53
Moontríx,kazzak,1703,monk,mistweaver,48,21,27
Steveé,kazzak,1702,monk,mistweaver,42,29,13
Nerdmonkx,tarren-mill,1702,monk,mistweaver,88,53,35
Монккд,soulflayer,1701,monk,mistweaver,84,54,30
Mîstxd,kazzak,1701,monk,mistweaver,59,34,25
Shigong,hellscream,1700,monk,mistweaver,66,36,30
Jiuhjitsu,blackmoore,1700,monk,mistweaver,48,26,22
Rsk,antonidas,1699,monk,mistweaver,76,43,33
Mankee,kazzak,1699,monk,mistweaver,151,80,71
Spicyrice,twisting-nether,1699,monk,mistweaver,153,80,73
Orfantal,ravencrest,1698,monk,mistweaver,120,71,49
Rullefald,stormscale,1697,monk,mistweaver,102,57,45
Idrdob,kazzak,1696,monk,mistweaver,265,149,116
Bekachu,ragnaros,1695,monk,mistweaver,30,21,9
Onlyfunn,sanguino,1695,monk,mistweaver,86,48,38
Вакидзави,gordunni,1694,monk,mistweaver,48,31,17
Luvmollý,silvermoon,1694,monk,mistweaver,150,71,79
Piedliés,ravencrest,1693,monk,mistweaver,130,61,69
Enoffovicz,archimonde,1692,monk,mistweaver,84,52,32
Фучой,howling-fjord,1692,monk,mistweaver,57,34,23
Pitrols,twisting-nether,1692,monk,mistweaver,237,134,103
Trónìq,outland,1690,monk,mistweaver,42,28,14
Xado,aegwynn,1690,monk,mistweaver,42,28,14
Doll,stormscale,1689,monk,mistweaver,36,18,18
Devivify,twilights-hammer,1688,monk,mistweaver,132,77,55
Irêfutabil,sylvanas,1688,monk,mistweaver,63,34,29
Jûzô,illidan,1687,monk,mistweaver,42,23,19
Kukn,twisting-nether,1686,monk,mistweaver,87,44,43
Olgachocolat,blackmoore,1685,monk,mistweaver,126,90,36
Кувырбек,howling-fjord,1685,monk,mistweaver,30,20,10
Jolude,nemesis,1685,monk,mistweaver,156,83,73
Jacksa,bronze-dragonflight,1685,monk,mistweaver,248,124,124
Эрумонк,gordunni,1685,monk,mistweaver,36,18,18
Lukeybabyy,defias-brotherhood,1684,monk,mistweaver,191,108,83
Эрмилинда,gordunni,1684,monk,mistweaver,90,41,49
Sindresa,outland,1683,monk,mistweaver,269,141,128
Cochonhalall,archimonde,1683,monk,mistweaver,48,22,26
Esooz,defias-brotherhood,1682,monk,mistweaver,36,29,7
Bullergøjen,ravencrest,1682,monk,mistweaver,90,59,31
Egï,azshara,1682,monk,mistweaver,53,31,22
Papermakerx,blackrock,1681,monk,mistweaver,102,58,44
Vregorx,twisting-nether,1680,monk,mistweaver,42,25,17
Izuwumi,ragnaros,1680,monk,mistweaver,42,23,19
Mistbringer,kazzak,1680,monk,mistweaver,447,237,210
Merína,ragnaros,1680,monk,mistweaver,242,126,116
Varyat,uldum,1679,monk,mistweaver,59,34,25
Kñútølåfx,sylvanas,1679,monk,mistweaver,37,20,17
Milksbtw,kazzak,1676,monk,mistweaver,113,79,34
Galã,elune,1676,monk,mistweaver,126,72,54
Jum,blackhand,1675,monk,mistweaver,102,62,40
Quickmist,draenor,1675,monk,mistweaver,107,65,42
Монккд,gordunni,1675,monk,mistweaver,183,105,78
Qwértsy,stormscale,1674,monk,mistweaver,78,45,33
Mugotea,twisting-nether,1674,monk,mistweaver,178,90,88
Бладмонки,soulflayer,1672,monk,mistweaver,96,54,42
Knotseboenk,outland,1672,monk,mistweaver,101,54,47
Mistchorus,argent-dawn,1671,monk,mistweaver,30,21,9
Финуправ,soulflayer,1671,monk,mistweaver,36,24,12
Asho,outland,1671,monk,mistweaver,62,37,25
Deadlywuu,antonidas,1670,monk,mistweaver,89,56,33
Neehl,aegwynn,1670,monk,mistweaver,35,22,13
Артэкрио,soulflayer,1669,monk,mistweaver,54,37,17
Nirexi,blackrock,1669,monk,mistweaver,87,47,40
Ness,hyjal,1667,monk,mistweaver,36,22,14
Macpunchy,defias-brotherhood,1667,monk,mistweaver,48,28,20
Cykatea,dun-modr,1667,monk,mistweaver,934,482,452
Notdearmw,shattered-hand,1666,monk,mistweaver,36,24,12
Suliya,zuluhed,1666,monk,mistweaver,96,51,45
Diffenbachia,outland,1665,monk,mistweaver,87,58,29
Twerki,grim-batol,1665,monk,mistweaver,64,36,28
Даопецдын,howling-fjord,1664,monk,mistweaver,38,23,15
Saduh,thrall,1664,monk,mistweaver,54,30,24
Erapanzon,nemesis,1664,monk,mistweaver,72,39,33
Skailzkrt,hyjal,1664,monk,mistweaver,49,20,29
Tîptap,blackrock,1663,monk,mistweaver,42,20,22
Tokz,ravencrest,1662,monk,mistweaver,60,42,18
Caniluvz,eredar,1662,monk,mistweaver,48,32,16
Mistïnguette,dalaran,1661,monk,mistweaver,288,160,128
Xineeaa,outland,1661,monk,mistweaver,118,64,54
Dharmå,norgannon,1661,monk,mistweaver,56,29,27
Insømnia,ragnaros,1660,monk,mistweaver,34,21,13
Фистингкоуч,gordunni,1660,monk,mistweaver,75,44,31
Wwception,blackrock,1659,monk,mistweaver,44,25,19
Needthát,twisting-nether,1658,monk,mistweaver,60,38,22
Sploof,ravencrest,1657,monk,mistweaver,36,24,12
Бадика,howling-fjord,1657,monk,mistweaver,287,150,137
Аскмилол,deathweaver,1657,monk,mistweaver,136,71,65
Pikachi,ysondre,1656,monk,mistweaver,30,19,11
Radamonk,drakthul,1656,monk,mistweaver,47,28,19
Репаблликуес,gordunni,1656,monk,mistweaver,34,20,14
Knucklejuice,kazzak,1656,monk,mistweaver,54,28,26
Deusfist,ravencrest,1656,monk,mistweaver,48,23,25
Trollandroll,stormscale,1655,monk,mistweaver,131,71,60
Эддрос,gordunni,1655,monk,mistweaver,66,35,31
Mangi,rexxar,1655,monk,mistweaver,72,37,35
Kareek,sylvanas,1655,monk,mistweaver,48,24,24
Lazyslooth,ravencrest,1655,monk,mistweaver,47,21,26
Benenutz,archimonde,1654,monk,mistweaver,77,54,23
Kaàli,pozzo-delleternità,1654,monk,mistweaver,36,21,15
Шенген,soulflayer,1654,monk,mistweaver,149,75,74
Akkadianx,ravencrest,1653,monk,mistweaver,65,38,27
Pandare,bronze-dragonflight,1652,monk,mistweaver,62,40,22
Pleasure,laughing-skull,1652,monk,mistweaver,36,23,13
Jpstwo,gorgonnash,1652,monk,mistweaver,78,42,36
Ультрадевка,blackscar,1652,monk,mistweaver,40,21,19
Schane,zuluhed,1651,monk,mistweaver,76,44,32
Stramonk,nemesis,1650,monk,mistweaver,223,109,114
Wèéman,grim-batol,1648,monk,mistweaver,30,22,8
Loddarita,ravencrest,1648,monk,mistweaver,72,52,20
Xurf,draenor,1648,monk,mistweaver,64,41,23
Supaverli,archimonde,1647,monk,mistweaver,30,21,9
Leiwill,stormreaver,1647,monk,mistweaver,42,23,19
Палерм,gordunni,1646,monk,mistweaver,36,26,10
Etzu,shattrath,1646,monk,mistweaver,72,43,29
Òó,vashj,1646,monk,mistweaver,72,38,34
Jongxina,ravencrest,1646,monk,mistweaver,50,23,27
Rascah,archimonde,1645,monk,mistweaver,83,41,42
Drugashe,archimonde,1645,monk,mistweaver,360,177,183
Chünlii,dun-modr,1645,monk,mistweaver,90,41,49
Darlaa,ravencrest,1644,monk,mistweaver,29,18,11
Linshai,eredar,1644,monk,mistweaver,42,25,17
Chiuna,sylvanas,1644,monk,mistweaver,66,37,29
Unsanegodx,ravencrest,1643,monk,mistweaver,54,38,16
Psychoo,ragnaros,1643,monk,mistweaver,66,41,25
Eugenn,alonsus,1643,monk,mistweaver,52,29,23
Invadem,shattered-hand,1642,monk,mistweaver,33,22,11
Eedaza,blackrock,1642,monk,mistweaver,93,61,32
Pundok,blackrock,1642,monk,mistweaver,128,79,49
Proxxyqt,blackrock,1642,monk,mistweaver,96,59,37
Nepho,twisting-nether,1642,monk,mistweaver,38,23,15
Ilovesnoopy,blackmoore,1641,monk,mistweaver,42,25,17
Mòñkêÿgøðx,outland,1640,monk,mistweaver,47,32,15
Monkadorie,twisting-nether,1640,monk,mistweaver,97,65,32
Leblatt,blackhand,1640,monk,mistweaver,112,69,43
Aritisi,tarren-mill,1640,monk,mistweaver,36,20,16
Fistify,destromath,1639,monk,mistweaver,24,20,4
Saneshayne,ravencrest,1639,monk,mistweaver,29,18,11
Aironqqt,blackhand,1638,monk,mistweaver,94,61,33
Timboqt,blackmoore,1638,monk,mistweaver,70,43,27
Wushin,antonidas,1638,monk,mistweaver,55,30,25
Gernokz,antonidas,1638,monk,mistweaver,383,205,178
Apolskis,ravencrest,1636,monk,mistweaver,42,30,12
Blackphil,terenas,1636,monk,mistweaver,60,36,24
Mimimatrick,hyjal,1636,monk,mistweaver,54,32,22
Saáru,argent-dawn,1636,monk,mistweaver,78,45,33
Karoou,kelthuzad,1635,monk,mistweaver,89,48,41
Shokko,uldaman,1634,monk,mistweaver,71,38,33
Mistur,blackrock,1634,monk,mistweaver,42,22,20
Búns,draenor,1633,monk,mistweaver,71,42,29
Endif,stormscale,1633,monk,mistweaver,48,27,21
Boomboôom,outland,1633,monk,mistweaver,51,28,23
Pe,blackhand,1633,monk,mistweaver,106,58,48
Taylorghost,ravencrest,1632,monk,mistweaver,122,65,57
Chexmonk,silvermoon,1632,monk,mistweaver,72,38,34
Elamø,sanguino,1632,monk,mistweaver,59,31,28
Energyqt,twisting-nether,1631,monk,mistweaver,42,22,20
Airgirl,terrordar,1630,monk,mistweaver,64,38,26
Orcimon,draenor,1630,monk,mistweaver,30,17,13
Shyreen,zirkel-des-cenarius,1630,monk,mistweaver,47,25,22
Chanjike,anetheron,1629,monk,mistweaver,42,23,19
Quotes,darksorrow,1629,monk,mistweaver,78,38,40
Brüderlichke,elune,1629,monk,mistweaver,48,21,27
Авентусс,howling-fjord,1628,monk,mistweaver,42,31,11
Rashakura,blackrock,1628,monk,mistweaver,36,23,13
Kapitan,sanguino,1628,monk,mistweaver,123,72,51
Alë,argent-dawn,1628,monk,mistweaver,139,79,60
Elskling,earthen-ring,1628,monk,mistweaver,275,139,136
Angeryw,kazzak,1627,monk,mistweaver,30,20,10
Vooxis,drakthul,1627,monk,mistweaver,78,45,33
Punkfukanda,drakthul,1626,monk,mistweaver,33,24,9
Nihao,tarren-mill,1626,monk,mistweaver,85,50,35
Hamsster,ravencrest,1626,monk,mistweaver,170,85,85
Ðéliora,la-croisade-écarlate,1626,monk,mistweaver,60,30,30
Zaiyox,thrall,1626,monk,mistweaver,42,20,22
Twistie,aegwynn,1626,monk,mistweaver,36,17,19
Xeratino,ragnaros,1625,monk,mistweaver,41,24,17
Фапдао,howling-fjord,1625,monk,mistweaver,236,126,110
Старыйхиро,gordunni,1624,monk,mistweaver,24,17,7
Correforrest,dun-modr,1624,monk,mistweaver,105,66,39
Yotke,ravencrest,1624,monk,mistweaver,48,30,18
Rulletunna,grim-batol,1623,monk,mistweaver,42,25,17
Hollymêdx,blackmoore,1623,monk,mistweaver,96,56,40
Freyas,outland,1623,monk,mistweaver,95,53,42
Флориусс,soulflayer,1622,monk,mistweaver,29,19,10
Arcøtea,frostwolf,1622,monk,mistweaver,76,47,29
Telder,sylvanas,1622,monk,mistweaver,39,23,16
Larå,ravencrest,1622,monk,mistweaver,274,152,122
Akwaman,stormscale,1622,monk,mistweaver,54,23,31
Xanderpowa,sanguino,1621,monk,mistweaver,30,18,12
Córporation,outland,1621,monk,mistweaver,48,25,23
Lonechi,sylvanas,1621,monk,mistweaver,54,21,33
Zenmastêr,twisting-nether,1620,monk,mistweaver,249,140,109
Rheinair,antonidas,1620,monk,mistweaver,126,69,57
Issho,der-rat-von-dalaran,1620,monk,mistweaver,36,19,17
Glaphan,the-maelstrom,1619,monk,mistweaver,29,20,9
Dachilla,gilneas,1619,monk,mistweaver,46,27,19
Biftas,nagrand,1619,monk,mistweaver,75,42,33
Xoleck,aegwynn,1618,monk,mistweaver,48,21,27
Bruceliam,emerald-dream,1617,monk,mistweaver,84,48,36
Justacomma,outland,1617,monk,mistweaver,42,17,25
Emblax,blackhand,1616,monk,mistweaver,48,29,19
Monkéy,blackhand,1616,monk,mistweaver,54,30,24
Kwa,grim-batol,1616,monk,mistweaver,69,37,32
Ceeja,blackmoore,1615,monk,mistweaver,137,76,61
Whoszeus,archimonde,1615,monk,mistweaver,338,179,159
Harislkwamk,aegwynn,1614,monk,mistweaver,107,61,46
Sensorium,ravencrest,1614,monk,mistweaver,108,59,49
Basthek,blackhand,1614,monk,mistweaver,54,28,26
Ussak,stormreaver,1613,monk,mistweaver,102,67,35
Gôky,stormscale,1613,monk,mistweaver,53,30,23
Junâ,les-sentinelles,1613,monk,mistweaver,37,19,18
Namelessmist,drakthul,1612,monk,mistweaver,66,40,26
Dr,sylvanas,1612,monk,mistweaver,36,20,16
Sart,aerie-peak,1612,monk,mistweaver,42,22,20
Stonkss,ragnaros,1612,monk,mistweaver,94,38,56
Zodyiac,blackrock,1611,monk,mistweaver,41,29,12
Uftis,thrall,1611,monk,mistweaver,83,58,25
Garuda,darkspear,1611,monk,mistweaver,34,23,11
Lízãriñ,ravencrest,1611,monk,mistweaver,147,92,55
Andoran,hyjal,1611,monk,mistweaver,36,22,14
Makïi,archimonde,1611,monk,mistweaver,253,146,107
Garcon,tarren-mill,1611,monk,mistweaver,72,41,31
Йуппи,galakrond,1611,monk,mistweaver,30,17,13
Hydrôlîcz,blackrock,1611,monk,mistweaver,42,23,19
Koraxx,blackmoore,1611,monk,mistweaver,90,46,44
Сэм,gordunni,1610,monk,mistweaver,30,21,9
Botspec,twisting-nether,1610,monk,mistweaver,75,47,28
Биак,howling-fjord,1609,monk,mistweaver,38,23,15
Kitingbuddha,aegwynn,1609,monk,mistweaver,114,62,52
Plebmonkx,frostmane,1609,monk,mistweaver,185,98,87
Saadlol,sanguino,1609,monk,mistweaver,36,19,17
Soundzw,antonidas,1609,monk,mistweaver,42,20,22
Лолидевочка,soulflayer,1609,monk,mistweaver,61,24,37
Cbmonk,sylvanas,1608,monk,mistweaver,68,47,21
Mikeson,sylvanas,1608,monk,mistweaver,56,35,21
Zikzer,darksorrow,1608,monk,mistweaver,75,45,30
Erannas,turalyon,1608,monk,mistweaver,35,20,15
Ignygodx,ragnaros,1608,monk,mistweaver,35,19,16
Cerrya,silvermoon,1608,monk,mistweaver,48,21,27
Sprutleif,auchindoun,1607,monk,mistweaver,46,33,13
Molgar,tarren-mill,1607,monk,mistweaver,56,36,20
Sinthorasas,blackrock,1607,monk,mistweaver,126,71,55
Нопеурорсогп,soulflayer,1607,monk,mistweaver,36,20,16
Soulxq,blackrock,1607,monk,mistweaver,183,97,86
Pembi,blades-edge,1607,monk,mistweaver,98,51,47
Shkorwi,drakthul,1607,monk,mistweaver,54,28,26
Xdhehehexd,twisting-nether,1607,monk,mistweaver,70,34,36
Ulns,blackrock,1607,monk,mistweaver,60,25,35
Áyell,archimonde,1606,monk,mistweaver,171,95,76
Klotsobunidi,kazzak,1606,monk,mistweaver,191,100,91
Pìmpìnelle,garona,1606,monk,mistweaver,47,23,24
Shixen,ragnaros,1606,monk,mistweaver,36,17,19
Melamonk,ravencrest,1605,monk,mistweaver,335,172,163
Igozoom,draenor,1604,monk,mistweaver,36,29,7
Crazydingo,lightnings-blade,1604,monk,mistweaver,72,51,21
Rngmåchínè,ravencrest,1604,monk,mistweaver,98,50,48
Якунка,soulflayer,1604,monk,mistweaver,42,20,22
Lillklappz,outland,1603,monk,mistweaver,36,27,9
Ohmegah,frostmane,1603,monk,mistweaver,55,38,17
Waitaminute,outland,1603,monk,mistweaver,166,97,69
Bamiegoreng,aegwynn,1603,monk,mistweaver,30,17,13
Амаззонния,soulflayer,1603,monk,mistweaver,168,86,82
Saitamä,archimonde,1603,monk,mistweaver,110,54,56
Chundan,twisting-nether,1602,monk,mistweaver,93,62,31
Børis,draenor,1602,monk,mistweaver,165,94,71
Lizardspock,hyjal,1602,monk,mistweaver,30,17,13
Stealthsøul,outland,1602,monk,mistweaver,30,17,13
Räyh,outland,1602,monk,mistweaver,57,31,26
Leesun,burning-legion,1602,monk,mistweaver,47,25,22
Brummbierle,blackrock,1602,monk,mistweaver,46,24,22
Loma,drakthul,1601,monk,mistweaver,148,94,54
Kajï,frostmane,1601,monk,mistweaver,78,48,30
Snookzlol,aegwynn,1600,monk,mistweaver,65,38,27
Chinmachine,kazzak,1600,monk,mistweaver,84,48,36
Setup,thrall,1600,monk,mistweaver,197,111,86
Watchôut,blackmoore,1600,monk,mistweaver,170,93,77
Onlyvegan,ravencrest,1600,monk,mistweaver,40,21,19
Calli,auchindoun,1599,monk,mistweaver,100,49,51
Индоран,howling-fjord,1598,monk,mistweaver,78,55,23
Mugn,sanguino,1598,monk,mistweaver,26,18,8
Arimira,outland,1597,monk,mistweaver,116,63,53
Jcchi,xavius,1597,monk,mistweaver,72,37,35
Gronoz,drakthul,1596,monk,mistweaver,114,68,46
Stanimirov,outland,1596,monk,mistweaver,66,29,37
Xadu,frostwolf,1595,monk,mistweaver,77,46,31
Brêwjob,archimonde,1595,monk,mistweaver,100,57,43
Sigvald,kaelthas,1595,monk,mistweaver,30,17,13
Ivanzamonka,stormscale,1595,monk,mistweaver,113,64,49
Sanktxy,blackhand,1595,monk,mistweaver,99,44,55
Nouraxo,kazzak,1594,monk,mistweaver,64,31,33
Healinspam,twilights-hammer,1594,monk,mistweaver,42,20,22
Monkiful,haomarush,1594,monk,mistweaver,42,17,25
Zenfir,sylvanas,1593,monk,mistweaver,74,46,28
Zødiac,quelthalas,1593,monk,mistweaver,51,28,23
Jetleê,eredar,1593,monk,mistweaver,150,76,74
Кирэнви,soulflayer,1592,monk,mistweaver,48,30,18
Watchmedamp,draenor,1591,monk,mistweaver,218,124,94
Yörg,eredar,1591,monk,mistweaver,69,39,30
Elmonkodonko,draenor,1590,monk,mistweaver,30,17,13
Psychocop,drakthul,1588,monk,mistweaver,389,199,190
Lacasyto,sanguino,1586,monk,mistweaver,48,34,14
Windspiritt,ragnaros,1586,monk,mistweaver,78,42,36
Monkim,chogall,1585,monk,mistweaver,48,27,21
Quezatrix,ravencrest,1585,monk,mistweaver,292,153,139
Pitit,outland,1584,monk,mistweaver,78,31,47
Warsox,aegwynn,1583,monk,mistweaver,102,53,49
Toadmuncher,eredar,1583,monk,mistweaver,52,21,31
Conguitø,colinas-pardas,1582,monk,mistweaver,84,50,34
Zerym,silvermoon,1582,monk,mistweaver,30,17,13
Кулаквнос,gordunni,1582,monk,mistweaver,186,96,90
Факенщет,soulflayer,1581,monk,mistweaver,97,56,41
Слишкомхорош,thermaplugg,1580,monk,mistweaver,23,17,6
Amatör,frostwolf,1580,monk,mistweaver,84,42,42
Lurklee,blackhand,1579,monk,mistweaver,54,29,25
Dosakua,silvermoon,1578,monk,mistweaver,114,63,51
Hardi,chamber-of-aspects,1578,monk,mistweaver,151,74,77
Brewsli,ragnaros,1576,monk,mistweaver,49,28,21
Nylzz,archimonde,1576,monk,mistweaver,38,19,19
Benzzy,ragnaros,1573,monk,mistweaver,104,64,40
Bitbird,zirkel-des-cenarius,1573,monk,mistweaver,48,29,19
Farmander,silvermoon,1573,monk,mistweaver,203,120,83
Zaheer,xavius,1573,monk,mistweaver,54,17,37
Çz,tarren-mill,1572,monk,mistweaver,66,32,34
Vanoarabidze,ravencrest,1572,monk,mistweaver,78,36,42
Vasknem,hyjal,1571,monk,mistweaver,72,46,26
Medinâ,kult-der-verdammten,1571,monk,mistweaver,66,35,31
Kaizetsu,drakthul,1570,monk,mistweaver,42,28,14
Orgasmix,tarren-mill,1569,monk,mistweaver,42,21,21
Lenor,blackmoore,1569,monk,mistweaver,36,17,19
Тоталиспайс,lich-king,1568,monk,mistweaver,36,24,12
Mâxs,archimonde,1567,monk,mistweaver,24,17,7
Plaguer,nordrassil,1566,monk,mistweaver,66,38,28
Selici,defias-brotherhood,1565,monk,mistweaver,44,28,16
Zuvzuv,the-maelstrom,1565,monk,mistweaver,96,47,49
Meuhporgg,hyjal,1564,monk,mistweaver,60,42,18
Teacup,aegwynn,1564,monk,mistweaver,297,166,131
Syyn,twisting-nether,1564,monk,mistweaver,246,137,109
Progresse,tarren-mill,1564,monk,mistweaver,60,32,28
Mwmkgodxz,archimonde,1563,monk,mistweaver,27,18,9
Jasonbbmist,stormscale,1563,monk,mistweaver,72,40,32
Yuyuni,laughing-skull,1563,monk,mistweaver,54,28,26
Hokke,tarren-mill,1563,monk,mistweaver,66,34,32
Noni,gorgonnash,1563,monk,mistweaver,101,52,49
Jinhee,nemesis,1562,monk,mistweaver,66,44,22
Onepunchmon,ragnaros,1562,monk,mistweaver,40,22,18
Dmonk,alakir,1561,monk,mistweaver,107,53,54
Madafis,twisting-nether,1560,monk,mistweaver,42,28,14
Неэверида,deepholm,1560,monk,mistweaver,222,121,101
Simbabsu,thrall,1559,monk,mistweaver,52,35,17
Monarko,twisting-nether,1558,monk,mistweaver,79,44,35
Нийтринно,howling-fjord,1558,monk,mistweaver,174,86,88
Slizzlie,outland,1557,monk,mistweaver,51,26,25
Chikokon,silvermoon,1556,monk,mistweaver,81,52,29
Найтчерри,deathguard,1556,monk,mistweaver,169,92,77
Musslee,elune,1556,monk,mistweaver,105,54,51
Isadri,madmortem,1555,monk,mistweaver,36,21,15
Gravityfist,aegwynn,1555,monk,mistweaver,90,44,46
Mushush,draenor,1554,monk,mistweaver,62,34,28
Shiesel,draenor,1553,monk,mistweaver,68,39,29
Yumhai,dun-modr,1552,monk,mistweaver,66,36,30
Ouaipäül,archimonde,1552,monk,mistweaver,36,19,17
Elvand,twisting-nether,1552,monk,mistweaver,95,49,46
Monkymonka,antonidas,1551,monk,mistweaver,127,64,63
Hulkules,blackhand,1550,monk,mistweaver,58,42,16
Blondefurry,twisting-nether,1550,monk,mistweaver,42,28,14
Scpdevil,outland,1550,monk,mistweaver,117,67,50
Kbwser,silvermoon,1549,monk,mistweaver,42,26,16
Jusn,tarren-mill,1549,monk,mistweaver,137,77,60
Zanizu,blackhand,1549,monk,mistweaver,78,40,38
Deniise,kult-der-verdammten,1548,monk,mistweaver,36,23,13
Rzi,amanthul,1548,monk,mistweaver,155,86,69
Lumpiiná,antonidas,1547,monk,mistweaver,90,56,34
Heartless,sporeggar,1547,monk,mistweaver,118,73,45
Хилюзаоргазм,howling-fjord,1547,monk,mistweaver,56,32,24
Taìka,archimonde,1546,monk,mistweaver,27,17,10
Prettysus,silvermoon,1546,monk,mistweaver,66,41,25
Ønøf,rashgarroth,1545,monk,mistweaver,77,38,39
Painswîft,blackhand,1544,monk,mistweaver,54,34,20
Kirkeý,ravencrest,1544,monk,mistweaver,55,31,24
Barracüs,dun-modr,1544,monk,mistweaver,78,43,35
Shailene,kazzak,1543,monk,mistweaver,132,87,45
Inthepoopa,outland,1543,monk,mistweaver,102,56,46
Njursten,twilights-hammer,1543,monk,mistweaver,296,150,146
Eckø,rashgarroth,1542,monk,mistweaver,88,52,36
Gigilonis,korgall,1542,monk,mistweaver,211,115,96
Вдыхайтуман,gordunni,1542,monk,mistweaver,96,52,44
Calmpalms,tarren-mill,1542,monk,mistweaver,99,53,46
Wannabejoker,stormscale,1542,monk,mistweaver,66,35,31
Kiziibrla,archimonde,1541,monk,mistweaver,48,24,24
Headakzar,kazzak,1541,monk,mistweaver,66,30,36
Bîgmø,blades-edge,1540,monk,mistweaver,30,20,10
Kåýðø,archimonde,1540,monk,mistweaver,90,48,42
Bambøuéqtz,khaz-modan,1539,monk,mistweaver,60,40,20
Windwalkergy,chamber-of-aspects,1539,monk,mistweaver,54,28,26
Фешнмонк,soulflayer,1538,monk,mistweaver,72,38,34
Drylezm,twisting-nether,1537,monk,mistweaver,28,20,8
Тевикс,gordunni,1537,monk,mistweaver,102,53,49
Incapme,outland,1536,monk,mistweaver,127,74,53
Katmunk,kazzak,1535,monk,mistweaver,24,16,8
Absolutezen,tarren-mill,1535,monk,mistweaver,66,34,32
Desmî,ravencrest,1534,monk,mistweaver,26,20,6
Phébz,archimonde,1534,monk,mistweaver,38,21,17
Vitnam,auchindoun,1533,monk,mistweaver,84,51,33
Ashenore,outland,1533,monk,mistweaver,42,17,25
Fisterin,eredar,1532,monk,mistweaver,24,16,8
Chípmonk,earthen-ring,1532,monk,mistweaver,118,71,47
Jeanmartin,hyjal,1531,monk,mistweaver,84,46,38
Xloxloxloxy,outland,1530,monk,mistweaver,24,16,8
Ninjasven,bladefist,1530,monk,mistweaver,42,19,23
Blaeys,blackmoore,1528,monk,mistweaver,72,45,27
Karatekickyo,ravencrest,1528,monk,mistweaver,40,22,18
Happymonktwo,ravencrest,1528,monk,mistweaver,148,73,75
Mistreeker,tarren-mill,1527,monk,mistweaver,18,16,2
Timboxd,blackmoore,1527,monk,mistweaver,85,49,36
Shiguru,dun-morogh,1527,monk,mistweaver,185,103,82
Slugerpigen,stormscale,1527,monk,mistweaver,345,187,158
Urbàs,blackmoore,1526,monk,mistweaver,42,29,13
Àjay,outland,1526,monk,mistweaver,24,16,8
Visk,blackmoore,1526,monk,mistweaver,191,103,88
Swollboom,outland,1526,monk,mistweaver,33,17,16
Pikajeww,kazzak,1525,monk,mistweaver,74,54,20
Musashiden,twisting-nether,1525,monk,mistweaver,42,23,19
Jmmw,twisting-nether,1525,monk,mistweaver,30,16,14
Kungfuppl,kazzak,1525,monk,mistweaver,50,21,29
Modequillo,blackmoore,1525,monk,mistweaver,67,26,41
Marielo,blackmoore,1524,monk,mistweaver,57,38,19
Bigballs,ysera,1524,monk,mistweaver,48,22,26
Fithz,kaelthas,1522,monk,mistweaver,42,32,10
Uwugodx,archimonde,1522,monk,mistweaver,30,18,12
Aeolôs,hyjal,1522,monk,mistweaver,54,31,23
Refi,blackrock,1522,monk,mistweaver,66,34,32
Brapbrap,stormscale,1522,monk,mistweaver,39,20,19
Дилейнх,gordunni,1521,monk,mistweaver,24,16,8
Uncleheal,tarren-mill,1521,monk,mistweaver,37,21,16
Shreckmonk,burning-blade,1521,monk,mistweaver,80,43,37
Fungku,azjolnerub,1521,monk,mistweaver,345,175,170
Màru,blackrock,1520,monk,mistweaver,48,27,21
Bóber,kazzak,1519,monk,mistweaver,54,30,24
Aguerxf,alleria,1518,monk,mistweaver,36,17,19
Mightnorn,tarren-mill,1517,monk,mistweaver,36,20,16
Pøwcow,blackrock,1516,monk,mistweaver,185,101,84
Eynodiggity,blackmoore,1516,monk,mistweaver,72,38,34
Spîndêmôrt,stormscale,1515,monk,mistweaver,107,65,42
Ticktak,archimonde,1515,monk,mistweaver,86,52,34
Sobadzlolz,alexstrasza,1515,monk,mistweaver,60,28,32
Aryaz,ravencrest,1515,monk,mistweaver,69,32,37
Joshimitsu,sylvanas,1515,monk,mistweaver,98,45,53
Shàká,stormscale,1514,monk,mistweaver,36,25,11
Rollsamdi,tarren-mill,1514,monk,mistweaver,39,24,15
Notfist,kazzak,1513,monk,mistweaver,54,35,19
Drúdkh,tarren-mill,1513,monk,mistweaver,48,29,19
Уиннии,soulflayer,1513,monk,mistweaver,30,17,13
Dromarch,dun-modr,1513,monk,mistweaver,81,39,42
Dumplings,earthen-ring,1512,monk,mistweaver,60,39,21
Диванн,howling-fjord,1512,monk,mistweaver,44,25,19
Xiaokingqvq,silvermoon,1512,monk,mistweaver,78,41,37
Aryphus,blackmoore,1511,monk,mistweaver,36,18,18
Elity,archimonde,1510,monk,mistweaver,82,54,28
Ragenn,zuljin,1510,monk,mistweaver,49,32,17
Oogwai,twisting-nether,1510,monk,mistweaver,108,64,44
Лалафест,soulflayer,1510,monk,mistweaver,46,25,21
Rebekko,pozzo-delleternità,1510,monk,mistweaver,233,118,115
Shoryugrops,chants-éternels,1509,monk,mistweaver,26,18,8
Oneshotmacro,spinebreaker,1509,monk,mistweaver,24,16,8
Orkiya,archimonde,1509,monk,mistweaver,348,182,166
Reivil,kazzak,1508,monk,mistweaver,30,16,14
Масакрейн,howling-fjord,1508,monk,mistweaver,417,207,210
Ричфлекс,howling-fjord,1507,monk,mistweaver,230,128,102
Romk,darkspear,1506,monk,mistweaver,60,43,17
Backseatgmr,ravencrest,1506,monk,mistweaver,106,54,52
Smâsh,blackhand,1505,monk,mistweaver,88,51,37
Sneezao,ravencrest,1505,monk,mistweaver,162,89,73
Jacm,blackhand,1505,monk,mistweaver,47,25,22
Spoompls,argent-dawn,1505,monk,mistweaver,54,24,30
Вондерофъю,gordunni,1505,monk,mistweaver,54,24,30
Анамо,blackscar,1504,monk,mistweaver,36,24,12
Møjíto,stormscale,1504,monk,mistweaver,83,43,40
Darkkmonk,dun-modr,1504,monk,mistweaver,101,51,50
Инженерия,howling-fjord,1503,monk,mistweaver,60,36,24
Bullbøx,chamber-of-aspects,1503,monk,mistweaver,117,52,65
Torqualis,kazzak,1501,monk,mistweaver,262,139,123
Самадайка,howling-fjord,1501,monk,mistweaver,166,86,80
Børshka,nemesis,1500,monk,mistweaver,71,46,25
Nexìan,kazzak,1499,monk,mistweaver,36,27,9
Skusle,defias-brotherhood,1499,monk,mistweaver,36,22,14
Civix,sanguino,1499,monk,mistweaver,140,82,58
Shouling,outland,1499,monk,mistweaver,91,53,38
Timmyßênz,kaelthas,1499,monk,mistweaver,107,60,47
Quendi,arthas,1499,monk,mistweaver,299,161,138
Applestrûdel,blackrock,1498,monk,mistweaver,87,51,36
Medovic,blackmoore,1498,monk,mistweaver,214,118,96
Doingmaster,blackrock,1498,monk,mistweaver,54,27,27
Monkzdino,destromath,1497,monk,mistweaver,71,36,35
Zeldrís,ragnaros,1497,monk,mistweaver,102,51,51
Tríxìe,stormscale,1497,monk,mistweaver,56,27,29
Ароба,blackscar,1497,monk,mistweaver,41,19,22
Trnd,draenor,1497,monk,mistweaver,47,19,28
Jihaaz,nemesis,1496,monk,mistweaver,187,97,90
Chàrràth,blackmoore,1496,monk,mistweaver,207,103,104
Huricän,drakthul,1496,monk,mistweaver,51,25,26
Miînd,tarren-mill,1494,monk,mistweaver,66,39,27
Fistyboyuk,tarren-mill,1494,monk,mistweaver,29,17,12
Teninchwilly,outland,1494,monk,mistweaver,43,25,18
Kungfupandy,blackmoore,1494,monk,mistweaver,250,140,110
Gråce,nemesis,1494,monk,mistweaver,224,125,99
Smitheal,outland,1493,monk,mistweaver,49,36,13
Evilrui,ravencrest,1493,monk,mistweaver,93,49,44
Kernbohrung,ravencrest,1492,monk,mistweaver,24,16,8
Каземат,booty-bay,1492,monk,mistweaver,90,51,39
Hugemuffin,the-maelstrom,1492,monk,mistweaver,122,69,53
Píkachuu,ragnaros,1491,monk,mistweaver,65,41,24
Mer,outland,1490,monk,mistweaver,47,26,21
Thuz,kazzak,1489,monk,mistweaver,69,37,32
Chakuro,ravencrest,1488,monk,mistweaver,30,20,10
Vivir,stormreaver,1488,monk,mistweaver,174,98,76
Ätishâ,archimonde,1488,monk,mistweaver,44,24,20
Quicc,ravencrest,1488,monk,mistweaver,72,36,36
Caipha,ravencrest,1487,monk,mistweaver,30,16,14
Oregan,conseil-des-ombres,1487,monk,mistweaver,36,19,17
Endorrphine,ravencrest,1487,monk,mistweaver,122,51,71
Pandimaci,ragnaros,1486,monk,mistweaver,143,82,61
Edll,silvermoon,1486,monk,mistweaver,42,24,18
Kegrøll,doomhammer,1486,monk,mistweaver,54,29,25
Moveietss,stormscale,1485,monk,mistweaver,18,16,2
Spiritualia,kazzak,1484,monk,mistweaver,217,118,99
Nexyyfist,kazzak,1484,monk,mistweaver,69,36,33
Fluki,twisting-nether,1483,monk,mistweaver,60,30,30
Maiver,stormscale,1482,monk,mistweaver,139,78,61
Mekki,outland,1481,monk,mistweaver,21,17,4
Misthera,burning-legion,1481,monk,mistweaver,132,60,72
Degentz,alakir,1480,monk,mistweaver,68,34,34
Kano,burning-legion,1479,monk,mistweaver,38,23,15
Tyzin,blackrock,1479,monk,mistweaver,124,70,54
Fbmonk,kazzak,1478,monk,mistweaver,51,31,20
Zinnout,twisting-nether,1478,monk,mistweaver,107,62,45
Ajita,blackmoore,1478,monk,mistweaver,54,29,25
Ytonie,gorgonnash,1477,monk,mistweaver,36,28,8
Kreynich,blackhand,1477,monk,mistweaver,36,25,11
Тадоичи,soulflayer,1477,monk,mistweaver,84,51,33
Dìó,tarren-mill,1477,monk,mistweaver,210,117,93
Coopers,hyjal,1477,monk,mistweaver,108,60,48
Brucechi,kargath,1476,monk,mistweaver,81,59,22
Leôlulu,blackmoore,1476,monk,mistweaver,42,30,12
Simòna,dun-modr,1476,monk,mistweaver,503,246,257
Влажныйтач,soulflayer,1475,monk,mistweaver,30,19,11
Gucciweaver,tarren-mill,1474,monk,mistweaver,35,22,13
Skâte,dun-modr,1473,monk,mistweaver,71,39,32
Dembe,darksorrow,1472,monk,mistweaver,120,65,55
Lysanmonk,zuljin,1471,monk,mistweaver,60,30,30
Монкиннияя,gordunni,1471,monk,mistweaver,45,21,24
Toshi,argent-dawn,1470,monk,mistweaver,106,66,40
Qlmo,ravencrest,1469,monk,mistweaver,71,43,28
Caskgut,ravencrest,1468,monk,mistweaver,149,86,63
Moistweaver,hellfire,1468,monk,mistweaver,84,44,40
Zenified,ragnaros,1468,monk,mistweaver,82,40,42
Varanthyra,argent-dawn,1467,monk,mistweaver,54,28,26
Mystd,hyjal,1466,monk,mistweaver,41,24,17
Otuschxin,blackmoore,1465,monk,mistweaver,42,19,23
Rymz,sanguino,1463,monk,mistweaver,109,65,44
Rìnox,blackmoore,1463,monk,mistweaver,132,71,61
Gatubarnet,stormscale,1463,monk,mistweaver,77,41,36
Mønía,ysondre,1463,monk,mistweaver,54,22,32
Пивкотянка,gordunni,1462,monk,mistweaver,30,22,8
Fistarfrans,sylvanas,1461,monk,mistweaver,26,20,6
Dudulinda,silvermoon,1461,monk,mistweaver,120,64,56
Hærleyquin,ravencrest,1461,monk,mistweaver,42,20,22
Тучковский,lich-king,1460,monk,mistweaver,125,66,59
Hymonk,draenor,1459,monk,mistweaver,42,25,17
Atommyran,frostmane,1459,monk,mistweaver,90,48,42
Okdontnerf,kazzak,1459,monk,mistweaver,118,57,61
Muix,draenor,1457,monk,mistweaver,48,23,25
Zenzu,blackmoore,1455,monk,mistweaver,54,34,20
Diabolùs,blackmoore,1454,monk,mistweaver,48,20,28
Latsu,silvermoon,1451,monk,mistweaver,42,21,21
Kroyus,antonidas,1450,monk,mistweaver,120,63,57
Wryktas,aegwynn,1449,monk,mistweaver,24,20,4
Ashulera,archimonde,1449,monk,mistweaver,48,21,27
Aebì,dalaran,1448,monk,mistweaver,36,23,13
Nela,sanguino,1448,monk,mistweaver,54,31,23
Tetetete,silvermoon,1447,monk,mistweaver,151,77,74
Lökmedsmör,draenor,1446,monk,mistweaver,30,23,7
Изимонк,gordunni,1446,monk,mistweaver,41,25,16
Xfu,auchindoun,1446,monk,mistweaver,136,63,73
Chirukka,dun-modr,1445,monk,mistweaver,50,30,20
Guthäxlul,khazgoroth,1445,monk,mistweaver,377,200,177
Lefferubie,hyjal,1445,monk,mistweaver,60,30,30
Kungfubatti,stormscale,1444,monk,mistweaver,213,115,98
Aldèbarån,nemesis,1444,monk,mistweaver,96,50,46
Chìless,shadowsong,1443,monk,mistweaver,30,21,9
Scare,stormreaver,1443,monk,mistweaver,85,47,38
Venac,burning-legion,1442,monk,mistweaver,208,121,87
Guanglee,silvermoon,1441,monk,mistweaver,56,37,19
Xplosiv,twisting-nether,1441,monk,mistweaver,256,135,121
Mugenzenx,sanguino,1439,monk,mistweaver,24,15,9
Achtal,blackmoore,1439,monk,mistweaver,41,23,18
Daitaro,ravencrest,1439,monk,mistweaver,92,49,43
Draxed,kazzak,1438,monk,mistweaver,30,20,10
Bláckøutx,quelthalas,1438,monk,mistweaver,97,50,47
Yoogychi,ravencrest,1437,monk,mistweaver,24,15,9
Futtzi,thrall,1436,monk,mistweaver,59,34,25
Jøjo,argent-dawn,1436,monk,mistweaver,35,17,18
Kungfox,frostwolf,1436,monk,mistweaver,72,34,38
Slayâtwo,blackrock,1435,monk,mistweaver,27,17,10
Poyi,ravencrest,1434,monk,mistweaver,24,15,9
Ähronius,stormscale,1434,monk,mistweaver,24,15,9
Musaya,chamber-of-aspects,1434,monk,mistweaver,48,21,27
Freebírd,shattered-hand,1431,monk,mistweaver,45,31,14
Akùmawíns,archimonde,1431,monk,mistweaver,60,30,30
Nievah,argent-dawn,1430,monk,mistweaver,39,24,15
Malkaviano,kazzak,1430,monk,mistweaver,80,46,34
Monkgd,sylvanas,1428,monk,mistweaver,152,85,67
Saliya,draenor,1428,monk,mistweaver,34,16,18
Djalexmw,kazzak,1427,monk,mistweaver,24,15,9
Puddinpop,auchindoun,1427,monk,mistweaver,61,29,32
Mentonk,frostwolf,1426,monk,mistweaver,24,15,9
Скорпин,ashenvale,1426,monk,mistweaver,68,35,33
Monkasape,nemesis,1426,monk,mistweaver,30,15,15
Nrkbob,ysondre,1425,monk,mistweaver,101,54,47
Brewzleè,ravencrest,1425,monk,mistweaver,58,30,28
Atenazadonte,sanguino,1424,monk,mistweaver,33,20,13
Zavarius,silvermoon,1424,monk,mistweaver,36,17,19
Capwouk,tarren-mill,1423,monk,mistweaver,24,15,9
Yarie,blackmoore,1423,monk,mistweaver,78,39,39
Bigchaz,outland,1421,monk,mistweaver,24,15,9
Ikuyaa,ravencrest,1421,monk,mistweaver,29,15,14
Moohamood,argent-dawn,1421,monk,mistweaver,144,67,77
Meeralya,ravencrest,1421,monk,mistweaver,42,18,24
Xianxiaa,ravencrest,1420,monk,mistweaver,88,51,37
Imamonk,tarren-mill,1419,monk,mistweaver,30,15,15
Woushou,outland,1418,monk,mistweaver,178,98,80
Rizzwalker,ravencrest,1417,monk,mistweaver,83,49,34
ßountÿ,kazzak,1416,monk,mistweaver,66,46,20
Affrro,drakthul,1415,monk,mistweaver,42,25,17
Luffix,outland,1415,monk,mistweaver,54,29,25
Moonachi,tarren-mill,1414,monk,mistweaver,72,42,30
Zenvex,tarren-mill,1414,monk,mistweaver,50,27,23
Konïï,dalaran,1414,monk,mistweaver,30,15,15
Portugas,aegwynn,1414,monk,mistweaver,42,18,24
Tacktix,defias-brotherhood,1413,monk,mistweaver,35,22,13
Hanhunden,grim-batol,1413,monk,mistweaver,81,44,37
Salsina,nemesis,1413,monk,mistweaver,157,84,73
Tílidin,malganis,1412,monk,mistweaver,30,21,9
Siamesedream,outland,1412,monk,mistweaver,188,108,80
Lazuros,auchindoun,1412,monk,mistweaver,30,16,14
Boozmoo,stormscale,1411,monk,mistweaver,70,49,21
Tily,stormreaver,1411,monk,mistweaver,84,45,39
Bleja,blackhand,1411,monk,mistweaver,172,90,82
Suggy,kilrogg,1411,monk,mistweaver,46,24,22
Камикадзэн,gordunni,1410,monk,mistweaver,42,27,15
Malfius,shadowsong,1410,monk,mistweaver,24,15,9
Drâcømørt,dalaran,1410,monk,mistweaver,57,31,26
Eclipsè,dragonmaw,1409,monk,mistweaver,59,34,25
Snack,mannoroth,1408,monk,mistweaver,24,16,8
Жариха,soulflayer,1408,monk,mistweaver,41,25,16
Piednuques,archimonde,1408,monk,mistweaver,54,22,32
Юансноу,blackscar,1407,monk,mistweaver,90,52,38
Kéza,culte-de-la-rive-noire,1407,monk,mistweaver,28,16,12
Mareki,nethersturm,1407,monk,mistweaver,74,42,32
Shàllýn,antonidas,1407,monk,mistweaver,36,17,19
Soyuz,die-aldor,1406,monk,mistweaver,36,23,13
Cocoonkappa,dun-modr,1406,monk,mistweaver,33,19,14
Khapta,ysondre,1406,monk,mistweaver,78,40,38
Kandislee,ravencrest,1406,monk,mistweaver,42,19,23
Toaborsten,tarren-mill,1405,monk,mistweaver,58,49,9
Мирюзаки,gordunni,1404,monk,mistweaver,58,34,24
Dupengchi,blackrock,1403,monk,mistweaver,30,15,15
Kify,dun-modr,1402,monk,mistweaver,33,19,14
Amélith,kirin-tor,1402,monk,mistweaver,48,27,21
Saolin,emeriss,1401,monk,mistweaver,72,39,33
Hewlz,blackmoore,1401,monk,mistweaver,42,21,21
Astolfochan,silvermoon,1400,monk,mistweaver,36,18,18
Fizted,tarren-mill,1399,monk,mistweaver,42,22,20
Staane,hyjal,1399,monk,mistweaver,48,23,25
Yepp,blackmoore,1398,monk,mistweaver,32,16,16
Perseverance,illidan,1397,monk,mistweaver,42,26,16
Coliusz,bloodhoof,1396,monk,mistweaver,47,19,28
Loreo,burning-legion,1394,monk,mistweaver,183,102,81
Schaulong,blackmoore,1394,monk,mistweaver,108,57,51
Kushvendorx,silvermoon,1394,monk,mistweaver,66,34,32
Pantyypolice,blackrock,1393,monk,mistweaver,22,16,6
Folfimo,silvermoon,1393,monk,mistweaver,29,17,12
Qtonboard,garrosh,1393,monk,mistweaver,71,29,42
Wontdie,dalaran,1393,monk,mistweaver,90,25,65
Mistsen,kazzak,1391,monk,mistweaver,87,49,38
Panicfist,stormscale,1391,monk,mistweaver,45,21,24
Baddany,sanguino,1390,monk,mistweaver,102,57,45
Zukatan,tarren-mill,1389,monk,mistweaver,136,77,59
Popcornn,archimonde,1389,monk,mistweaver,54,29,25
Германика,soulflayer,1389,monk,mistweaver,249,121,128
Mistfistmw,outland,1387,monk,mistweaver,66,29,37
Cybert,blackmoore,1386,monk,mistweaver,70,28,42
Keksmash,ravencrest,1385,monk,mistweaver,80,38,42
Mythadeya,stormscale,1385,monk,mistweaver,90,39,51
Россиянин,thermaplugg,1384,monk,mistweaver,30,16,14
Саинтифик,gordunni,1384,monk,mistweaver,42,19,23
Банзашарик,gordunni,1383,monk,mistweaver,72,41,31
Umagon,chogall,1383,monk,mistweaver,60,29,31
Roidcarry,blackrock,1383,monk,mistweaver,41,16,25
Striptina,blackmoore,1382,monk,mistweaver,90,49,41
Aznreznzfdqs,grim-batol,1381,monk,mistweaver,30,22,8
Pandacus,silvermoon,1381,monk,mistweaver,90,40,50
Monkyou,hyjal,1380,monk,mistweaver,98,64,34
Haxxo,die-nachtwache,1379,monk,mistweaver,50,31,19
Smmithyy,draenor,1379,monk,mistweaver,34,19,15
Kégman,silvermoon,1379,monk,mistweaver,45,25,20
Kruemelkeks,frostwolf,1378,monk,mistweaver,57,33,24
Rbgmachine,burning-legion,1378,monk,mistweaver,30,17,13
Fatskeleton,stormreaver,1378,monk,mistweaver,457,209,248
Awesomebrah,the-maelstrom,1377,monk,mistweaver,24,15,9
Rakowo,arthas,1377,monk,mistweaver,30,16,14
Kobudo,burning-legion,1377,monk,mistweaver,197,90,107
Badcøwboy,archimonde,1377,monk,mistweaver,125,55,70
Jyll,malganis,1376,monk,mistweaver,149,58,91
Mischenka,thrall,1375,monk,mistweaver,78,43,35
Bukkits,argent-dawn,1375,monk,mistweaver,48,22,26
Xladerzz,kazzak,1374,monk,mistweaver,23,15,8
Jarô,silvermoon,1374,monk,mistweaver,130,58,72
Sshbrew,kazzak,1372,monk,mistweaver,60,28,32
Facetimee,ahnqiraj,1371,monk,mistweaver,62,35,27
Greenshortea,aegwynn,1370,monk,mistweaver,58,31,27
Thralg,neptulon,1369,monk,mistweaver,42,23,19
Neylin,stormscale,1369,monk,mistweaver,125,64,61
Jeydi,ravencrest,1368,monk,mistweaver,97,52,45
Discoelysia,outland,1368,monk,mistweaver,108,54,54
Faa,archimonde,1367,monk,mistweaver,23,17,6
Icantstopme,argent-dawn,1366,monk,mistweaver,42,23,19
Fuzzypunch,draenor,1366,monk,mistweaver,106,58,48
Krylin,antonidas,1366,monk,mistweaver,165,83,82
Beaglemo,blackrock,1366,monk,mistweaver,35,15,20
Myfresh,ysondre,1366,monk,mistweaver,38,16,22
Barks,archimonde,1365,monk,mistweaver,104,56,48
Fleecymonk,blackmoore,1365,monk,mistweaver,48,18,30
Konexzx,blackmoore,1364,monk,mistweaver,36,22,14
Ðoom,sylvanas,1364,monk,mistweaver,57,28,29
Coollann,drakthul,1364,monk,mistweaver,58,26,32
Carloz,drakthul,1363,monk,mistweaver,110,63,47
Sanhollo,stormscale,1361,monk,mistweaver,23,15,8
Monkehst,dun-modr,1360,monk,mistweaver,108,55,53
Heyami,ravencrest,1360,monk,mistweaver,48,16,32
Papasan,aggramar,1358,monk,mistweaver,36,22,14
Tinkerholic,frostmane,1358,monk,mistweaver,66,33,33
Vuzashiji,argent-dawn,1358,monk,mistweaver,91,42,49
Bendís,twisting-nether,1358,monk,mistweaver,48,22,26
Orenjis,kazzak,1358,monk,mistweaver,64,29,35
Фериго,gordunni,1357,monk,mistweaver,42,23,19
Oddessa,ravenholdt,1357,monk,mistweaver,172,91,81
Dipdop,blackhand,1356,monk,mistweaver,205,115,90
Nevelbeast,rexxar,1356,monk,mistweaver,69,38,31
Ðømínus,blackmoore,1356,monk,mistweaver,136,70,66
Bigdickmonk,blackmoore,1356,monk,mistweaver,81,41,40
Thayne,blades-edge,1354,monk,mistweaver,30,15,15
Nìkâ,blackmoore,1353,monk,mistweaver,87,48,39
Zands,ysondre,1352,monk,mistweaver,24,16,8
Rasputín,draenor,1352,monk,mistweaver,94,50,44
Патаомальчик,blackscar,1352,monk,mistweaver,35,15,20
Menazera,antonidas,1349,monk,mistweaver,75,33,42
Зелёныймонк,soulflayer,1348,monk,mistweaver,48,26,22
Touchofmonk,draenor,1348,monk,mistweaver,48,26,22
Garfeels,sylvanas,1347,monk,mistweaver,24,16,8
Erzull,doomhammer,1347,monk,mistweaver,78,46,32
Nîcko,ravencrest,1347,monk,mistweaver,30,17,13
Kwacisawhe,die-aldor,1347,monk,mistweaver,56,25,31
Beerbringer,kazzak,1345,monk,mistweaver,24,16,8
Сильфиета,gordunni,1345,monk,mistweaver,65,37,28
Jollaz,twisting-nether,1345,monk,mistweaver,29,15,14
Boomshaq,defias-brotherhood,1345,monk,mistweaver,238,121,117
Слишкомхорош,howling-fjord,1343,monk,mistweaver,24,14,10
Rokobasilisk,outland,1343,monk,mistweaver,24,14,10
Mordmonkx,draenor,1343,monk,mistweaver,114,58,56
Akuuji,silvermoon,1342,monk,mistweaver,24,14,10
Zagar,emeriss,1342,monk,mistweaver,24,14,10
Kryopumper,blackmoore,1342,monk,mistweaver,120,63,57
Mâki,ravencrest,1342,monk,mistweaver,30,14,16
Vibemonk,outland,1341,monk,mistweaver,18,14,4
Shyrea,nazjatar,1341,monk,mistweaver,24,14,10
Dihsa,ragnaros,1340,monk,mistweaver,18,14,4
Weavi,kazzak,1340,monk,mistweaver,53,28,25
Viggex,outland,1340,monk,mistweaver,36,14,22
Herdom,blackmoore,1339,monk,mistweaver,59,39,20
Fistingfury,burning-blade,1339,monk,mistweaver,132,62,70
Ewynamonk,silvermoon,1338,monk,mistweaver,24,14,10
Pvppenergy,silvermoon,1338,monk,mistweaver,30,17,13
Tokkz,eredar,1337,monk,mistweaver,20,17,3
Jeññie,stormscale,1337,monk,mistweaver,18,14,4
Yàfa,archimonde,1337,monk,mistweaver,24,14,10
Gilario,silvermoon,1337,monk,mistweaver,72,35,37
Monkiszonz,burning-legion,1336,monk,mistweaver,24,14,10
Picayune,mazrigos,1336,monk,mistweaver,101,54,47
Sigourney,ravencrest,1335,monk,mistweaver,24,14,10
Kswis,outland,1335,monk,mistweaver,50,25,25
Onlyfísts,stormscale,1334,monk,mistweaver,54,20,34
Bluebery,burning-legion,1332,monk,mistweaver,24,14,10
Гиббискус,gordunni,1332,monk,mistweaver,54,24,30
Maqs,argent-dawn,1331,monk,mistweaver,42,27,15
Acidflexx,kazzak,1331,monk,mistweaver,41,20,21
Kattlåda,darkspear,1330,monk,mistweaver,24,14,10
Valdaras,runetotem,1329,monk,mistweaver,30,14,16
Sajin,la-croisade-écarlate,1329,monk,mistweaver,36,15,21
Sÿldae,dun-modr,1328,monk,mistweaver,30,21,9
Zondanmw,aegwynn,1327,monk,mistweaver,24,14,10
Sînê,archimonde,1327,monk,mistweaver,114,65,49
Ariluna,tarren-mill,1326,monk,mistweaver,24,14,10
Salix,quelthalas,1325,monk,mistweaver,38,23,15
Ballongdjur,ravencrest,1324,monk,mistweaver,18,14,4
Brizs,outland,1324,monk,mistweaver,155,94,61
Løsang,blackrock,1324,monk,mistweaver,184,105,79
Kapauww,twisting-nether,1324,monk,mistweaver,48,26,22
Sneptichitz,draenor,1324,monk,mistweaver,77,34,43
Akalaja,alakir,1323,monk,mistweaver,52,28,24
Amemiya,sanguino,1322,monk,mistweaver,36,20,16
Moonica,zenedar,1320,monk,mistweaver,38,23,15
Lovange,silvermoon,1320,monk,mistweaver,24,14,10
Миамита,eversong,1320,monk,mistweaver,113,58,55
Renegatt,twisting-nether,1320,monk,mistweaver,30,14,16
Vørdèthxd,outland,1319,monk,mistweaver,66,43,23
Monkypunch,tarren-mill,1319,monk,mistweaver,46,23,23
Monkinamight,turalyon,1318,monk,mistweaver,42,25,17
Mécagnóme,dalaran,1318,monk,mistweaver,113,58,55
Адскиймех,deathweaver,1317,monk,mistweaver,69,36,33
Vetocorleone,kazzak,1317,monk,mistweaver,159,82,77
Хромдар,gordunni,1316,monk,mistweaver,38,21,17
Erenaar,nemesis,1315,monk,mistweaver,48,27,21
Genjosanso,kazzak,1315,monk,mistweaver,177,97,80
Йомо,borean-tundra,1315,monk,mistweaver,60,23,37
Thegrudge,dragonblight,1315,monk,mistweaver,42,16,26
Brewswíllis,tarren-mill,1312,monk,mistweaver,18,14,4
Lfmasctop,ravencrest,1312,monk,mistweaver,22,16,6
Pinkstar,kazzak,1312,monk,mistweaver,24,15,9
Tuppence,defias-brotherhood,1312,monk,mistweaver,24,14,10
Bruceflea,blackrock,1312,monk,mistweaver,210,111,99
Szilvia,sylvanas,1312,monk,mistweaver,96,50,46
Tobiboby,burning-legion,1312,monk,mistweaver,76,39,37
Ùrìel,dalaran,1311,monk,mistweaver,18,14,4
Blinkër,sanguino,1311,monk,mistweaver,36,19,17
Рекилоллз,gordunni,1311,monk,mistweaver,59,31,28
Leefang,neptulon,1311,monk,mistweaver,49,24,25
Sadfacetiki,kazzak,1311,monk,mistweaver,33,16,17
Kassducu,archimonde,1310,monk,mistweaver,45,31,14
Masumi,sanguino,1310,monk,mistweaver,24,14,10
Bulletproof,bloodscalp,1310,monk,mistweaver,66,38,28
Shaosshoshin,exodar,1310,monk,mistweaver,54,31,23
Rèddit,kazzak,1310,monk,mistweaver,78,37,41
Saintmoon,drakthul,1309,monk,mistweaver,54,32,22
Ragnametal,tarren-mill,1309,monk,mistweaver,34,19,15
Shakal,outland,1307,monk,mistweaver,48,30,18
Sukisukí,ragnaros,1307,monk,mistweaver,72,42,30
Bibidøng,drakthul,1307,monk,mistweaver,24,14,10
Garmuth,tarren-mill,1307,monk,mistweaver,52,28,24
Zaïn,hyjal,1306,monk,mistweaver,49,27,22
Drboombay,kazzak,1305,monk,mistweaver,50,28,22
Revii,anubarak,1305,monk,mistweaver,30,14,16
Néovo,blackmoore,1304,monk,mistweaver,30,15,15
Bizzet,jaedenar,1303,monk,mistweaver,27,17,10
Tintatama,aszune,1303,monk,mistweaver,130,65,65
Lésley,ravencrest,1302,monk,mistweaver,66,35,31
Murdalum,ravencrest,1301,monk,mistweaver,30,17,13
Ðëvx,argent-dawn,1300,monk,mistweaver,96,52,44
Mondrim,burning-legion,1300,monk,mistweaver,240,119,121
Lïtäø,archimonde,1300,monk,mistweaver,54,26,28
Æctò,blackmoore,1300,monk,mistweaver,135,63,72
Ogpandapo,stormscale,1300,monk,mistweaver,66,27,39
Звиздаатый,blackscar,1299,monk,mistweaver,18,14,4
Moinalisaa,outland,1299,monk,mistweaver,30,18,12
Kîârâ,frostwolf,1299,monk,mistweaver,40,23,17
Skaadoosh,aggra-português,1299,monk,mistweaver,44,21,23
Джоский,borean-tundra,1299,monk,mistweaver,72,29,43
Légit,argent-dawn,1298,monk,mistweaver,72,45,27
Assaalaria,argent-dawn,1298,monk,mistweaver,180,96,84
Rhemm,the-maelstrom,1298,monk,mistweaver,53,24,29
Stolas,spinebreaker,1297,monk,mistweaver,58,35,23
Lanuia,aegwynn,1295,monk,mistweaver,21,14,7
Zenmist,kazzak,1294,monk,mistweaver,23,14,9
Draxaxa,hyjal,1294,monk,mistweaver,30,17,13
Theichi,draenor,1293,monk,mistweaver,60,32,28
Moistyheals,kazzak,1293,monk,mistweaver,62,29,33
Rhuru,argent-dawn,1290,monk,mistweaver,55,28,27
Pämella,alleria,1289,monk,mistweaver,18,15,3
Shenson,mazrigos,1288,monk,mistweaver,73,35,38
Keímohansio,twisting-nether,1288,monk,mistweaver,30,14,16
Gøøgodx,tarren-mill,1287,monk,mistweaver,23,14,9
Galaxyfist,ragnaros,1286,monk,mistweaver,207,107,100
Tekwandn,shattrath,1285,monk,mistweaver,62,35,27
Spittq,ysondre,1284,monk,mistweaver,45,26,19
Trivi,blackrock,1284,monk,mistweaver,45,24,21
Bråin,ravenholdt,1284,monk,mistweaver,36,16,20
Saeedki,wildhammer,1283,monk,mistweaver,27,14,13
Хэйхати,gordunni,1282,monk,mistweaver,164,82,82
Freemann,archimonde,1281,monk,mistweaver,339,172,167
Янезнаюкенни,soulflayer,1279,monk,mistweaver,48,26,22
Marrave,chogall,1279,monk,mistweaver,90,37,53
Tnt,antonidas,1278,monk,mistweaver,42,19,23
Numpys,sanguino,1277,monk,mistweaver,29,14,15
Gottegrisen,sylvanas,1277,monk,mistweaver,51,21,30
Slâpzz,ravencrest,1276,monk,mistweaver,18,15,3
Safíx,hyjal,1276,monk,mistweaver,41,23,18
Декстрометор,greymane,1275,monk,mistweaver,24,14,10
Jimbearend,argent-dawn,1275,monk,mistweaver,24,14,10
Dánný,antonidas,1275,monk,mistweaver,92,48,44
Brofist,emeriss,1274,monk,mistweaver,103,42,61
Cranecannon,aegwynn,1272,monk,mistweaver,24,14,10
Carnat,blackrock,1272,monk,mistweaver,47,25,22
Mickjabber,aegwynn,1272,monk,mistweaver,36,19,17
Drpajhiwo,burning-legion,1271,monk,mistweaver,58,34,24
Profylaxist,arathor,1271,monk,mistweaver,149,73,76
Bloodpanci,ragnaros,1270,monk,mistweaver,57,32,25
Lûxz,ragnaros,1269,monk,mistweaver,54,24,30
Mishax,draenor,1268,monk,mistweaver,78,38,40
Трикленд,azuregos,1268,monk,mistweaver,60,29,31
Pawnzqt,stormscale,1267,monk,mistweaver,36,19,17
Juicyloux,aegwynn,1266,monk,mistweaver,51,35,16
Pandalezanda,silvermoon,1265,monk,mistweaver,39,24,15
Bluum,ravencrest,1263,monk,mistweaver,54,23,31
Vajawalker,twisting-nether,1262,monk,mistweaver,42,21,21
Monkeytoast,ahnqiraj,1261,monk,mistweaver,45,29,16
Karatemonk,stormscale,1261,monk,mistweaver,54,23,31
Алли,lich-king,1260,monk,mistweaver,72,31,41
Добраядушка,gordunni,1259,monk,mistweaver,45,22,23
Bbigttgothgf,doomhammer,1258,monk,mistweaver,24,14,10
Macgyverr,outland,1258,monk,mistweaver,24,14,10
Lcflay,archimonde,1258,monk,mistweaver,105,55,50
Rotkäppchen,blackmoore,1258,monk,mistweaver,65,33,32
Sandrafarm,ragnaros,1257,monk,mistweaver,102,65,37
Томтью,gordunni,1257,monk,mistweaver,190,95,95
Chígoku,grim-batol,1257,monk,mistweaver,52,23,29
Daltailr,silvermoon,1257,monk,mistweaver,54,22,32
Snitzla,drakthul,1256,monk,mistweaver,39,30,9
Mestro,argent-dawn,1255,monk,mistweaver,172,94,78
Applemonk,tarren-mill,1253,monk,mistweaver,64,29,35
Jumper,xavius,1252,monk,mistweaver,30,16,14
Jabarwackie,kiljaeden,1251,monk,mistweaver,24,19,5
Yokuboo,ysondre,1251,monk,mistweaver,78,41,37
Gozen,blackmoore,1250,monk,mistweaver,48,29,19
Eonyzi,kazzak,1250,monk,mistweaver,36,21,15
Stenhård,azjolnerub,1249,monk,mistweaver,30,15,15
Sheishot,kazzak,1249,monk,mistweaver,31,15,16
Speedwalker,defias-brotherhood,1248,monk,mistweaver,18,13,5
Plancton,kazzak,1248,monk,mistweaver,18,13,5
Hialdó,sylvanas,1248,monk,mistweaver,24,14,10
Szerzetesý,ravencrest,1248,monk,mistweaver,24,13,11
Mélêxe,ysondre,1247,monk,mistweaver,18,13,5
Chailatte,kazzak,1247,monk,mistweaver,18,13,5
Worf,haomarush,1247,monk,mistweaver,54,30,24
Catmønk,drakthul,1247,monk,mistweaver,24,13,11
Midgetyoda,outland,1247,monk,mistweaver,40,16,24
Badwithnames,stormscale,1246,monk,mistweaver,18,13,5
Naskon,nemesis,1246,monk,mistweaver,24,14,10
Deliveroo,twisting-nether,1246,monk,mistweaver,24,13,11
Nesthorian,draenor,1246,monk,mistweaver,123,61,62
Fredmonk,stormscale,1246,monk,mistweaver,30,13,17
Psyhooz,burning-legion,1245,monk,mistweaver,56,35,21
Katse,eredar,1245,monk,mistweaver,80,44,36
Deore,kazzak,1245,monk,mistweaver,24,13,11
Päjcsi,ragnaros,1244,monk,mistweaver,24,13,11
Ana,eredar,1244,monk,mistweaver,24,13,11
Zintsu,khaz-modan,1244,monk,mistweaver,24,13,11
Kunolis,kazzak,1244,monk,mistweaver,42,22,20
Karatelady,twisting-nether,1244,monk,mistweaver,27,14,13
Spinonyou,silvermoon,1243,monk,mistweaver,18,13,5
Кубермонкер,gordunni,1243,monk,mistweaver,24,13,11
Monkiz,veknilash,1243,monk,mistweaver,24,13,11
Shêd,sargeras,1243,monk,mistweaver,60,29,31
Yeetkunmeep,outland,1243,monk,mistweaver,54,25,29
Mistwave,eredar,1241,monk,mistweaver,18,13,5
Kuug,ravencrest,1241,monk,mistweaver,24,13,11
Kammia,drekthar,1241,monk,mistweaver,24,13,11
Windspirit,darksorrow,1241,monk,mistweaver,60,25,35
Chibuku,burning-legion,1240,monk,mistweaver,24,13,11
Ônlýféédx,burning-blade,1240,monk,mistweaver,24,13,11
Luciellie,archimonde,1240,monk,mistweaver,24,13,11
Ibsmonk,outland,1239,monk,mistweaver,24,13,11
Hazeroamer,tarren-mill,1239,monk,mistweaver,30,16,14
Bréwmáster,silvermoon,1238,monk,mistweaver,18,13,5
Виброолег,gordunni,1238,monk,mistweaver,24,13,11
Jbzzu,outland,1237,monk,mistweaver,24,13,11
Такиера,gordunni,1237,monk,mistweaver,24,13,11
Fredder,blackrock,1237,monk,mistweaver,173,91,82
Tsifsakari,silvermoon,1237,monk,mistweaver,182,79,103
Ugras,auchindoun,1237,monk,mistweaver,54,17,37
Norualy,tichondrius,1236,monk,mistweaver,65,35,30
Badonna,burning-legion,1236,monk,mistweaver,36,17,19
Mcloving,turalyon,1236,monk,mistweaver,41,18,23
Аникибой,gordunni,1233,monk,mistweaver,25,17,8
Mofisto,bladefist,1233,monk,mistweaver,65,33,32
Monksim,outland,1232,monk,mistweaver,66,30,36
Jozo,hyjal,1231,monk,mistweaver,36,18,18
Pepesmacks,kazzak,1230,monk,mistweaver,24,13,11
Punto,onyxia,1229,monk,mistweaver,72,41,31
Mcronald,blackhand,1229,monk,mistweaver,90,50,40
Chainster,defias-brotherhood,1229,monk,mistweaver,82,41,41
Jetchi,twisting-nether,1228,monk,mistweaver,107,60,47
Meihuaquan,ravencrest,1228,monk,mistweaver,24,13,11
Togahoshy,antonidas,1228,monk,mistweaver,49,24,25
Vladikus,tarren-mill,1228,monk,mistweaver,203,95,108
Namitsa,trollbane,1225,monk,mistweaver,78,40,38
Azouko,onyxia,1224,monk,mistweaver,25,14,11
Suigintirno,twisting-nether,1223,monk,mistweaver,24,13,11
Kakos,eldrethalas,1221,monk,mistweaver,30,22,8
Rgkekw,dun-modr,1220,monk,mistweaver,81,46,35
Tripitakâ,dun-modr,1220,monk,mistweaver,65,30,35
Fraideberoa,ravencrest,1219,monk,mistweaver,30,20,10
Cypriot,mazrigos,1219,monk,mistweaver,42,25,17
Onlybench,ysondre,1219,monk,mistweaver,54,26,28
Vattghern,blackhand,1219,monk,mistweaver,111,53,58
Ksll,silvermoon,1219,monk,mistweaver,54,24,30
Creatinin,ragnaros,1217,monk,mistweaver,54,28,26
Perraviciosa,sanguino,1217,monk,mistweaver,36,17,19
Wûcm,silvermoon,1216,monk,mistweaver,29,13,16
Yorlena,malganis,1215,monk,mistweaver,23,16,7
Ninpou,blackrock,1214,monk,mistweaver,26,16,10
Valky,bloodfeather,1213,monk,mistweaver,95,56,39
Evelios,blackmoore,1213,monk,mistweaver,59,30,29
Bhasundara,turalyon,1212,monk,mistweaver,88,51,37
Lilniccí,blackrock,1210,monk,mistweaver,62,34,28
Boredom,wildhammer,1210,monk,mistweaver,109,58,51
Chiroan,twisting-nether,1210,monk,mistweaver,30,13,17
Gozgajr,twisting-nether,1210,monk,mistweaver,54,22,32
Badonkamonk,twilights-hammer,1209,monk,mistweaver,42,26,16
Nezukoko,archimonde,1209,monk,mistweaver,22,13,9
Xwtdreamz,hyjal,1209,monk,mistweaver,42,18,24
Nainketx,ravencrest,1208,monk,mistweaver,29,13,16
Kesuke,stormreaver,1208,monk,mistweaver,48,19,29
Bensó,stormscale,1207,monk,mistweaver,57,38,19
Sensëi,bronze-dragonflight,1206,monk,mistweaver,49,21,28
Helixsfist,outland,1204,monk,mistweaver,23,13,10
Alurymnk,blackrock,1204,monk,mistweaver,43,20,23
Toon,eredar,1203,monk,mistweaver,118,56,62
Lunarès,antonidas,1201,monk,mistweaver,26,14,12
Kayen,frostwhisper,1201,monk,mistweaver,100,49,51
Wtfmonk,twisting-nether,1200,monk,mistweaver,47,28,19
Blackmonk,chromaggus,1199,monk,mistweaver,27,16,11
Нимоник,soulflayer,1198,monk,mistweaver,96,44,52
Níki,earthen-ring,1197,monk,mistweaver,24,15,9
Ivi,neptulon,1197,monk,mistweaver,58,29,29
Faares,tarren-mill,1196,monk,mistweaver,24,14,10
Токасзавода,soulflayer,1195,monk,mistweaver,18,13,5
Ricksancez,nemesis,1194,monk,mistweaver,30,20,10
Nasaislying,grim-batol,1194,monk,mistweaver,46,23,23
Stow,kazzak,1193,monk,mistweaver,21,13,8
Hvnm,ravencrest,1191,monk,mistweaver,218,112,106
Heretogo,draenor,1189,monk,mistweaver,72,39,33
Болетка,blackscar,1189,monk,mistweaver,104,51,53
Mitsukiseven,ravencrest,1188,monk,mistweaver,48,21,27
Liveitup,kazzak,1187,monk,mistweaver,18,14,4
Cudworth,silvermoon,1187,monk,mistweaver,48,33,15
Yahní,eredar,1187,monk,mistweaver,112,55,57
Putrezitu,ragnaros,1186,monk,mistweaver,51,26,25
Nyrkkiseski,outland,1183,monk,mistweaver,17,13,4
Shiyonô,aegwynn,1183,monk,mistweaver,29,15,14
Yunziwo,nemesis,1183,monk,mistweaver,30,15,15
Houzagackel,blackrock,1183,monk,mistweaver,48,17,31
Phrynè,silvermoon,1182,monk,mistweaver,31,16,15
Sosyc,malganis,1181,monk,mistweaver,23,13,10
Eltonj,sylvanas,1180,monk,mistweaver,64,36,28
Sydras,silvermoon,1180,monk,mistweaver,491,246,245
Ricegodx,kazzak,1178,monk,mistweaver,42,21,21
Highmonktain,alakir,1177,monk,mistweaver,41,25,16
Мистерхюй,gordunni,1177,monk,mistweaver,123,56,67
Holymonkx,nagrand,1176,monk,mistweaver,23,13,10
Elainmonk,thrall,1175,monk,mistweaver,17,13,4
Mahhist,archimonde,1174,monk,mistweaver,22,13,9
Wotaner,eredar,1174,monk,mistweaver,30,14,16
Kelechi,stormreaver,1172,monk,mistweaver,32,13,19
Fistweavr,antonidas,1171,monk,mistweaver,36,14,22
Arathos,tichondrius,1169,monk,mistweaver,145,76,69
Carcasce,la-croisade-écarlate,1166,monk,mistweaver,86,47,39
Ndj,hyjal,1165,monk,mistweaver,35,21,14
Andrah,blackmoore,1162,monk,mistweaver,46,16,30
Несочетаемая,soulflayer,1161,monk,mistweaver,19,13,6
Glivilalis,drekthar,1161,monk,mistweaver,28,14,14
Assfist,drakthul,1157,monk,mistweaver,117,62,55
Rag,burning-legion,1154,monk,mistweaver,78,31,47
Yayaxoxoxo,archimonde,1152,monk,mistweaver,18,12,6
Yuuhai,ravencrest,1152,monk,mistweaver,18,12,6
Chijis,blackmoore,1152,monk,mistweaver,24,12,12
Zorxen,argent-dawn,1151,monk,mistweaver,24,12,12
Kôtsvlêkjê,outland,1151,monk,mistweaver,24,12,12
Zesha,zuljin,1151,monk,mistweaver,30,12,18
Sosschi,silvermoon,1150,monk,mistweaver,18,12,6
Дилдобойс,gordunni,1150,monk,mistweaver,18,12,6
Gnasseschef,outland,1150,monk,mistweaver,18,12,6
Loorda,neptulon,1150,monk,mistweaver,24,13,11
Verlan,quelthalas,1150,monk,mistweaver,49,25,24
Starside,tarren-mill,1150,monk,mistweaver,24,12,12
Yshaolin,tarren-mill,1150,monk,mistweaver,24,12,12
Ronkingkong,ravencrest,1150,monk,mistweaver,30,12,18
Ciridely,thrall,1149,monk,mistweaver,18,12,6
Chiá,tarren-mill,1149,monk,mistweaver,47,26,21
Varolul,aegwynn,1149,monk,mistweaver,51,27,24
Angerymonk,kazzak,1149,monk,mistweaver,30,12,18
Akiiro,aegwynn,1147,monk,mistweaver,54,26,28
Egwane,argent-dawn,1147,monk,mistweaver,95,41,54
Wteg,emerald-dream,1147,monk,mistweaver,64,25,39
Zarona,outland,1146,monk,mistweaver,24,12,12
Fungxi,archimonde,1146,monk,mistweaver,30,12,18
Souhei,drakthul,1145,monk,mistweaver,18,12,6
Антошамв,gordunni,1145,monk,mistweaver,36,12,24
Cmk,outland,1145,monk,mistweaver,36,12,24
Nimander,burning-legion,1144,monk,mistweaver,24,12,12
Alphafist,argent-dawn,1144,monk,mistweaver,30,14,16
Siouxxsie,thunderhorn,1144,monk,mistweaver,132,57,75
Октай,gordunni,1143,monk,mistweaver,34,23,11
Pô,sanguino,1143,monk,mistweaver,18,12,6
Тильтоний,gordunni,1142,monk,mistweaver,24,12,12
Lucebree,nozdormu,1141,monk,mistweaver,78,39,39
Bigkim,khadgar,1141,monk,mistweaver,30,12,18
Hitsumia,archimonde,1141,monk,mistweaver,36,12,24
Lubeï,kirin-tor,1140,monk,mistweaver,58,33,25
Celestine,mugthol,1140,monk,mistweaver,191,99,92
Lugoxi,the-maelstrom,1140,monk,mistweaver,42,21,21
Irìss,nerzhul,1138,monk,mistweaver,86,47,39
Ukrytywaz,burning-legion,1138,monk,mistweaver,30,12,18
Cicera,kazzak,1138,monk,mistweaver,30,12,18
Lithenyx,bladefist,1137,monk,mistweaver,30,12,18
Алунам,soulflayer,1137,monk,mistweaver,30,12,18
Syyrø,silvermoon,1137,monk,mistweaver,36,12,24
Yèna,pozzo-delleternità,1136,monk,mistweaver,197,89,108
Валялекарь,gordunni,1135,monk,mistweaver,24,12,12
Fellatia,garrosh,1134,monk,mistweaver,36,24,12
Gantz,blackhand,1134,monk,mistweaver,72,28,44
Pandasia,kargath,1133,monk,mistweaver,76,34,42
Kyuumaa,ravencrest,1132,monk,mistweaver,26,13,13
Claudet,das-konsortium,1127,monk,mistweaver,70,32,38
Slý,archimonde,1126,monk,mistweaver,32,21,11
Vvårdenfell,hyjal,1126,monk,mistweaver,33,13,20
Sideswipes,the-maelstrom,1123,monk,mistweaver,30,12,18
Mislaw,silvermoon,1121,monk,mistweaver,27,16,11
Zuzuljin,chogall,1120,monk,mistweaver,48,16,32
Friartucker,bloodhoof,1118,monk,mistweaver,62,37,25
Dræk,twisting-nether,1118,monk,mistweaver,34,15,19
Chun,arathor,1117,monk,mistweaver,90,47,43
Brewm,silvermoon,1117,monk,mistweaver,24,12,12
Tsouli,twilights-hammer,1116,monk,mistweaver,24,12,12
Snakeéyés,kazzak,1115,monk,mistweaver,20,13,7
Limpópó,bloodfeather,1114,monk,mistweaver,24,15,9
Dankiron,darksorrow,1114,monk,mistweaver,42,13,29
Hornissy,antonidas,1113,monk,mistweaver,88,48,40
Twinny,drakthul,1113,monk,mistweaver,26,13,13
Shenlong,burning-blade,1112,monk,mistweaver,33,14,19
Zøubida,draenor,1111,monk,mistweaver,24,12,12
Fastblood,kazzak,1107,monk,mistweaver,30,19,11
Jolbucheron,hyjal,1104,monk,mistweaver,24,14,10
Cheriedevile,drakthul,1104,monk,mistweaver,30,12,18
Serilyah,aegwynn,1102,monk,mistweaver,25,14,11
Pussochkram,ravencrest,1101,monk,mistweaver,18,12,6
Brünó,kazzak,1099,monk,mistweaver,68,43,25
Ляосинь,deepholm,1099,monk,mistweaver,24,12,12
Gârdt,blackmoore,1098,monk,mistweaver,62,37,25
Ryanshazier,eredar,1097,monk,mistweaver,30,18,12
Vanquishlølz,archimonde,1094,monk,mistweaver,60,25,35
Thrallergik,ysondre,1093,monk,mistweaver,24,15,9
Kalet,ragnaros,1092,monk,mistweaver,77,36,41
Pawfong,draenor,1089,monk,mistweaver,54,29,25
Wôôp,blackrock,1088,monk,mistweaver,24,13,11
Shiftchenko,stormscale,1088,monk,mistweaver,50,27,23
Loctak,nathrezim,1082,monk,mistweaver,90,57,33
Baoton,blackmoore,1075,monk,mistweaver,36,12,24
ßam,ravencrest,1074,monk,mistweaver,47,21,26
Tondi,malygos,1073,monk,mistweaver,22,12,10
Moreløs,stormscale,1073,monk,mistweaver,30,14,16
Puñetaso,los-errantes,1073,monk,mistweaver,72,32,40
Liwong,antonidas,1072,monk,mistweaver,24,15,9
Bobbyknuckls,ravencrest,1064,monk,mistweaver,54,17,37
Äcé,sylvanas,1063,monk,mistweaver,31,12,19
Fardareismai,kazzak,1062,monk,mistweaver,75,34,41
Idkfa,sylvanas,1061,monk,mistweaver,31,13,18
Judochops,sylvanas,1056,monk,mistweaver,18,11,7
Vöyage,kazzak,1056,monk,mistweaver,18,11,7
Totemlygodx,alakir,1056,monk,mistweaver,18,11,7
Flãô,draenor,1056,monk,mistweaver,18,11,7
Coalsack,outland,1056,monk,mistweaver,22,12,10
Darkmonkky,tarren-mill,1056,monk,mistweaver,24,11,13
Ffxivrefugee,argent-dawn,1056,monk,mistweaver,24,11,13
Deii,frostwolf,1056,monk,mistweaver,42,15,27
Brutamonk,blackmoore,1055,monk,mistweaver,18,11,7
Kakor,gorgonnash,1055,monk,mistweaver,18,11,7
Busfâhrer,antonidas,1055,monk,mistweaver,18,11,7
Fabulistic,outland,1055,monk,mistweaver,18,11,7
Wheeslz,aegwynn,1055,monk,mistweaver,18,11,7
Fckisrael,archimonde,1055,monk,mistweaver,24,11,13
Gecli,stormscale,1055,monk,mistweaver,24,11,13
Unjie,outland,1054,monk,mistweaver,12,11,1
Jakethestake,twilights-hammer,1054,monk,mistweaver,12,11,1
Kispiszock,bloodscalp,1054,monk,mistweaver,18,11,7
Kragor,eredar,1054,monk,mistweaver,18,11,7
Апесиинка,gordunni,1054,monk,mistweaver,42,20,22
Barbielølz,archimonde,1053,monk,mistweaver,18,11,7
Psychømonk,antonidas,1053,monk,mistweaver,18,11,7
Jian,tarren-mill,1053,monk,mistweaver,21,12,9
Wangho,magtheridon,1052,monk,mistweaver,126,58,68
Rebeka,dun-modr,1052,monk,mistweaver,24,11,13
Lambofmonkz,stormscale,1052,monk,mistweaver,36,11,25
Elanahi,antonidas,1051,monk,mistweaver,24,11,13
Anoukxbabe,blackmoore,1051,monk,mistweaver,24,11,13
Hoshisora,ravencrest,1051,monk,mistweaver,24,11,13
Spinniboi,blackhand,1051,monk,mistweaver,24,11,13
Brewmâster,kazzak,1050,monk,mistweaver,24,11,13
Tisculaccio,pozzo-delleternità,1050,monk,mistweaver,122,55,67
Runakar,draenor,1049,monk,mistweaver,30,11,19
Shmidi,antonidas,1048,monk,mistweaver,117,61,56
Fisticuffs,tarren-mill,1048,monk,mistweaver,24,11,13
Missfist,stormscale,1047,monk,mistweaver,18,11,7
Orcput,minahonda,1044,monk,mistweaver,18,11,7
Riip,ysondre,1044,monk,mistweaver,18,11,7
Birdymonk,boulderfist,1044,monk,mistweaver,85,48,37
Hithxbye,stormscale,1044,monk,mistweaver,66,24,42
Joübar,archimonde,1043,monk,mistweaver,18,11,7
Irphan,ravencrest,1042,monk,mistweaver,18,11,7
Gammelbruno,azshara,1041,monk,mistweaver,23,12,11
Graffy,eonar,1040,monk,mistweaver,54,29,25
Stayinlosplz,ysondre,1039,monk,mistweaver,17,11,6
Ívó,ragnaros,1039,monk,mistweaver,24,11,13
Enceladion,burning-legion,1039,monk,mistweaver,66,30,36
Tolomèo,nemesis,1037,monk,mistweaver,24,11,13
Leikô,grim-batol,1033,monk,mistweaver,24,11,13
Rumiñawi,ravencrest,1033,monk,mistweaver,30,11,19
Samh,twisting-nether,1030,monk,mistweaver,47,29,18
Chimonk,ravencrest,1030,monk,mistweaver,18,11,7
Skharrbrew,norgannon,1029,monk,mistweaver,36,13,23
Kätelyys,dun-modr,1027,monk,mistweaver,24,11,13
Chukwandi,ravencrest,1025,monk,mistweaver,96,52,44
Eldunári,sanguino,1024,monk,mistweaver,60,22,38
Яутжа,soulflayer,1022,monk,mistweaver,24,11,13
Allosthenos,ravencrest,1019,monk,mistweaver,56,29,27
Ugotcraned,tarren-mill,1019,monk,mistweaver,72,27,45
Zedruu,tarren-mill,1015,monk,mistweaver,24,12,12
Sigvar,frostmane,1013,monk,mistweaver,40,13,27
Lascala,eredar,1011,monk,mistweaver,42,15,27
Tarzaki,hyjal,1010,monk,mistweaver,25,12,13
Munqqi,stormscale,1009,monk,mistweaver,22,14,8
Tmnmnk,alakir,1007,monk,mistweaver,17,11,6
Nathaanel,argent-dawn,1007,monk,mistweaver,42,20,22
Ivnatorx,outland,1006,monk,mistweaver,17,11,6
Candypoppe,argent-dawn,1004,monk,mistweaver,58,30,28
Kameltreiba,antonidas,1004,monk,mistweaver,23,11,12
Ronanze,silvermoon,1002,monk,mistweaver,90,48,42
Zenchî,ysondre,1001,monk,mistweaver,22,13,9
Эйдриса,howling-fjord,998,monk,mistweaver,24,12,12
Karmasfist,ravencrest,995,monk,mistweaver,65,30,35
Iamnudel,blackmoore,995,monk,mistweaver,24,11,13
Mjaweaver,stormscale,992,monk,mistweaver,80,31,49
Tootenchamun,veklor,987,monk,mistweaver,102,42,60
Andim,frostwolf,986,monk,mistweaver,42,24,18
Xuaolang,sanguino,986,monk,mistweaver,30,12,18
Bèfmoka,sargeras,984,monk,mistweaver,227,110,117
Yøøps,dalaran,982,monk,mistweaver,45,22,23
Woguo,drakthul,981,monk,mistweaver,36,15,21
Heäléna,ragnaros,979,monk,mistweaver,21,15,6
Hittokick,draenor,970,monk,mistweaver,25,11,14
Dèathpunch,doomhammer,966,monk,mistweaver,247,118,129
Suchergebnis,tarren-mill,964,monk,mistweaver,66,23,43
Horfus,stormscale,963,monk,mistweaver,36,12,24
Foaqer,aegwynn,960,monk,mistweaver,12,10,2
Watschensepp,arthas,960,monk,mistweaver,12,10,2
Kz,culte-de-la-rive-noire,960,monk,mistweaver,12,10,2
Habmit,ravencrest,960,monk,mistweaver,12,10,2
Vadrigar,drakthul,960,monk,mistweaver,12,10,2
Cannonk,blackhand,960,monk,mistweaver,18,10,8
Hurjat,stormreaver,960,monk,mistweaver,18,10,8
Tedelbrew,kazzak,960,monk,mistweaver,18,10,8
Klappzz,outland,960,monk,mistweaver,18,10,8
Irønmaxx,die-aldor,960,monk,mistweaver,18,10,8
Bidzi,kazzak,960,monk,mistweaver,18,10,8
Scribz,twisting-nether,960,monk,mistweaver,24,10,14
Kazutora,archimonde,959,monk,mistweaver,12,10,2
Citamonk,blackmoore,959,monk,mistweaver,12,10,2
Sioumoo,malganis,959,monk,mistweaver,16,11,5
Monkfriend,quelthalas,959,monk,mistweaver,18,10,8
Dexcore,draenor,959,monk,mistweaver,18,10,8
Zælyqt,archimonde,959,monk,mistweaver,18,10,8
Ricidora,nerathor,959,monk,mistweaver,18,10,8
Såvonnette,ysondre,959,monk,mistweaver,18,10,8
Grenreaper,twisting-nether,959,monk,mistweaver,18,10,8
Zekethegreat,tarren-mill,959,monk,mistweaver,18,10,8
Mahøni,malganis,959,monk,mistweaver,18,10,8
Mâjô,blackhand,959,monk,mistweaver,18,10,8
Synkek,tarren-mill,959,monk,mistweaver,18,10,8
Parlez,argent-dawn,959,monk,mistweaver,18,10,8
Хэймичх,gordunni,959,monk,mistweaver,24,10,14
Pikkupotkuri,stormreaver,959,monk,mistweaver,24,10,14
Zappikmonk,silvermoon,958,monk,mistweaver,12,10,2
Mynokxu,blackmoore,958,monk,mistweaver,12,10,2
Shainingzer,ysondre,958,monk,mistweaver,18,10,8
Fettakules,eredar,958,monk,mistweaver,18,10,8
Паклюха,howling-fjord,958,monk,mistweaver,18,10,8
Sèrafin,burning-legion,958,monk,mistweaver,18,10,8
Âechlz,malfurion,958,monk,mistweaver,18,10,8
Wkiller,outland,958,monk,mistweaver,24,10,14
Kanajambe,twisting-nether,957,monk,mistweaver,12,10,2
Angelofchaos,outland,956,monk,mistweaver,12,10,2
Teoroll,stormscale,956,monk,mistweaver,18,10,8
Spánkproóf,kazzak,956,monk,mistweaver,18,10,8
Gumar,antonidas,956,monk,mistweaver,18,10,8
Bbok,silvermoon,956,monk,mistweaver,36,10,26
Lobnx,kazzak,955,monk,mistweaver,18,10,8
Dath,outland,955,monk,mistweaver,18,10,8
Ossifist,blackhand,955,monk,mistweaver,24,10,14
Nartaran,archimonde,955,monk,mistweaver,30,10,20
Azkaal,marécage-de-zangar,953,monk,mistweaver,18,10,8
Tøngpø,argent-dawn,953,monk,mistweaver,18,10,8
Mitchell,sylvanas,953,monk,mistweaver,18,10,8
Kurzgesagt,destromath,953,monk,mistweaver,30,10,20
Chigee,kazzak,952,monk,mistweaver,18,10,8
Boloboc,auchindoun,951,monk,mistweaver,12,10,2
Tojokirumi,dalaran,951,monk,mistweaver,12,10,2
Dennó,mannoroth,951,monk,mistweaver,18,10,8
Garff,aggra-português,951,monk,mistweaver,26,10,16
Monkyd,stormscale,950,monk,mistweaver,18,10,8
Derok,twisting-nether,949,monk,mistweaver,24,10,14
Griffens,argent-dawn,943,monk,mistweaver,17,10,7
Serylliah,aegwynn,942,monk,mistweaver,24,10,14
Sqedi,draenor,941,monk,mistweaver,30,10,20
Røär,khaz-modan,934,monk,mistweaver,12,10,2
Madmonki,ragnaros,934,monk,mistweaver,106,59,47
Ariä,marécage-de-zangar,930,monk,mistweaver,24,13,11
Liathina,sylvanas,928,monk,mistweaver,25,10,15
Nikiz,festung-der-stürme,927,monk,mistweaver,42,11,31
Shoshin,stormscale,925,monk,mistweaver,81,41,40
Trancendent,silvermoon,925,monk,mistweaver,22,10,12
Шадялинь,howling-fjord,920,monk,mistweaver,23,10,13
Blackeyé,malganis,914,monk,mistweaver,47,25,22
Dinxfar,draenor,913,monk,mistweaver,21,11,10
Dícxi,ravencrest,910,monk,mistweaver,17,10,7
Leafsoup,argent-dawn,907,monk,mistweaver,156,75,81
Bottomoré,silvermoon,901,monk,mistweaver,95,34,61
Indris,dun-modr,895,monk,mistweaver,17,10,7
Мишапяточка,howling-fjord,890,monk,mistweaver,12,11,1
Keeba,kirin-tor,887,monk,mistweaver,236,110,126
Fréýáá,blackrock,882,monk,mistweaver,48,24,24
Тиктокмонк,gordunni,877,monk,mistweaver,26,11,15
Schellentano,defias-brotherhood,876,monk,mistweaver,48,22,26
Neifaust,silvermoon,874,monk,mistweaver,48,14,34
Киото,ashenvale,873,monk,mistweaver,89,33,56
Greez,tarren-mill,869,monk,mistweaver,22,10,12
Remyhadley,dun-modr,864,monk,mistweaver,12,9,3
Turbobär,blackrock,864,monk,mistweaver,12,9,3
Kookmin,doomhammer,864,monk,mistweaver,12,9,3
Iixil,sylvanas,864,monk,mistweaver,12,9,3
Jokkopapoo,archimonde,864,monk,mistweaver,12,9,3
Sanchios,twisting-nether,864,monk,mistweaver,12,9,3
Gemil,argent-dawn,864,monk,mistweaver,18,9,9
Dunkfjås,stormscale,864,monk,mistweaver,18,9,9
Miists,kazzak,864,monk,mistweaver,18,9,9
Ðisbalance,ravencrest,864,monk,mistweaver,18,9,9
Swoshz,sylvanas,864,monk,mistweaver,18,9,9
Kaguræ,hyjal,864,monk,mistweaver,18,9,9
Balia,blackrock,864,monk,mistweaver,24,9,15
Craneovic,kult-der-verdammten,864,monk,mistweaver,24,9,15
Flowey,uldum,864,monk,mistweaver,24,9,15
Kemari,argent-dawn,863,monk,mistweaver,12,9,3
Arlot,blackmoore,863,monk,mistweaver,12,9,3
Муррчалкин,howling-fjord,863,monk,mistweaver,12,9,3
Spinalot,eredar,863,monk,mistweaver,12,9,3
Shabaz,draenor,863,monk,mistweaver,12,9,3
Fiddle,archimonde,863,monk,mistweaver,18,9,9
Nowhaazzer,dun-modr,863,monk,mistweaver,18,9,9
Зарычал,soulflayer,863,monk,mistweaver,18,9,9
Jâdhe,zuljin,863,monk,mistweaver,18,9,9
Fènja,kult-der-verdammten,863,monk,mistweaver,18,9,9
Kyleestrutt,stormscale,863,monk,mistweaver,18,9,9
Zenfoxy,blackrock,863,monk,mistweaver,18,9,9
Torinia,madmortem,863,monk,mistweaver,18,9,9
Venemy,sanguino,863,monk,mistweaver,18,9,9
Vejbz,blackmoore,863,monk,mistweaver,18,9,9
Rminto,twisting-nether,863,monk,mistweaver,24,9,15
Niborc,doomhammer,862,monk,mistweaver,12,9,3
Deepfistehr,outland,862,monk,mistweaver,12,9,3
Ribbeh,draenor,862,monk,mistweaver,12,9,3
Missislee,aegwynn,862,monk,mistweaver,12,9,3
Колбасина,gordunni,862,monk,mistweaver,12,9,3
Monkjakt,draenor,862,monk,mistweaver,18,9,9
Mozzi,frostmane,862,monk,mistweaver,24,9,15
Mwsama,stormscale,861,monk,mistweaver,12,9,3
Verdi,tarren-mill,861,monk,mistweaver,12,9,3
Puñolou,sanguino,861,monk,mistweaver,12,9,3
Koldar,grim-batol,861,monk,mistweaver,17,12,5
Rustó,ravencrest,861,monk,mistweaver,18,9,9
Åshêrs,stormscale,861,monk,mistweaver,18,9,9
Tossen,ragnaros,861,monk,mistweaver,18,9,9
Eniyl,hyjal,860,monk,mistweaver,24,9,15
Nosugars,tarren-mill,859,monk,mistweaver,12,9,3
Mistya,ragnaros,859,monk,mistweaver,18,9,9
Mistréss,silvermoon,858,monk,mistweaver,18,9,9
Galaxumi,ragnaros,858,monk,mistweaver,24,9,15
Karmaclit,malganis,857,monk,mistweaver,18,9,9
Fhengwei,outland,857,monk,mistweaver,18,9,9
Thymesurge,ravencrest,856,monk,mistweaver,18,9,9
Bréwsléé,ragnaros,856,monk,mistweaver,18,9,9
Leyira,blackmoore,855,monk,mistweaver,12,9,3
Healmeup,anetheron,854,monk,mistweaver,18,9,9
Pepefocho,sanguino,848,monk,mistweaver,24,10,14
Geckazz,kazzak,847,monk,mistweaver,12,9,3
Changzu,sanguino,841,monk,mistweaver,78,36,42
Geeberz,twisting-nether,838,monk,mistweaver,18,9,9
ßæutiful,silvermoon,835,monk,mistweaver,30,13,17
Zuntze,guldan,834,monk,mistweaver,18,9,9
Drakzyr,argent-dawn,831,monk,mistweaver,16,9,7
Ràsetsu,nagrand,828,monk,mistweaver,23,10,13
Pikafume,hellfire,827,monk,mistweaver,14,10,4
Thiccbaby,kazzak,816,monk,mistweaver,15,9,6
Tèam,defias-brotherhood,810,monk,mistweaver,15,9,6
Zóma,ragnaros,810,monk,mistweaver,28,10,18
Saïtama,krasus,809,monk,mistweaver,22,10,12
Psychö,zuljin,808,monk,mistweaver,23,9,14
Rolegsweep,arathor,807,monk,mistweaver,40,10,30
Xalyà,archimonde,803,monk,mistweaver,18,12,6
Extaszeh,turalyon,802,monk,mistweaver,17,11,6
Mellu,kazzak,798,monk,mistweaver,14,9,5
Zerochi,kazzak,796,monk,mistweaver,19,10,9
Mistyheals,nagrand,796,monk,mistweaver,24,10,14
Jînex,shattrath,784,monk,mistweaver,13,9,4
Eshli,ahnqiraj,784,monk,mistweaver,19,9,10
Alfiemonk,ravencrest,775,monk,mistweaver,42,10,32
Kêza,culte-de-la-rive-noire,768,monk,mistweaver,12,8,4
Wisebeb,les-clairvoyants,768,monk,mistweaver,12,8,4
Starboyy,twisting-nether,768,monk,mistweaver,12,8,4
Ånåsenpåi,archimonde,768,monk,mistweaver,12,8,4
Mvm,outland,768,monk,mistweaver,12,8,4
Mialena,eredar,768,monk,mistweaver,12,8,4
Daisymerolli,nemesis,768,monk,mistweaver,12,8,4
Colin,aegwynn,768,monk,mistweaver,12,8,4
Miamalkøva,nemesis,768,monk,mistweaver,12,8,4
Savvuzzino,nemesis,768,monk,mistweaver,12,8,4
Adrianchase,ravencrest,768,monk,mistweaver,12,8,4
Kradder,nordrassil,768,monk,mistweaver,12,8,4
Guarnounet,hyjal,768,monk,mistweaver,12,8,4
Eradasmw,kazzak,768,monk,mistweaver,12,8,4
Kashino,frostwhisper,768,monk,mistweaver,12,8,4
Бэккс,howling-fjord,768,monk,mistweaver,12,8,4
Monfmonk,archimonde,768,monk,mistweaver,12,8,4
Jlo,stormscale,768,monk,mistweaver,12,8,4
Гуппер,howling-fjord,768,monk,mistweaver,12,8,4
Xoonaki,turalyon,768,monk,mistweaver,12,8,4
Cattleyah,ysondre,768,monk,mistweaver,12,8,4
Stvilde,tarren-mill,768,monk,mistweaver,12,8,4
Mástermônkèy,tarren-mill,768,monk,mistweaver,12,8,4
Hoibglotzn,antonidas,768,monk,mistweaver,18,8,10
Tino,sylvanas,768,monk,mistweaver,18,8,10
Kûngfu,tarren-mill,768,monk,mistweaver,18,8,10
Cocacolazeró,draenor,768,monk,mistweaver,18,8,10
Tøxicweaver,kazzak,768,monk,mistweaver,18,8,10
Orki,ragnaros,768,monk,mistweaver,18,8,10
Fistgodx,blackrock,768,monk,mistweaver,18,8,10
Träskolasse,tarren-mill,768,monk,mistweaver,18,8,10
Suhnukka,stormscale,768,monk,mistweaver,18,8,10
Eldaras,tarren-mill,768,monk,mistweaver,18,8,10
Adamlól,tarren-mill,768,monk,mistweaver,18,8,10
Lin,nathrezim,767,monk,mistweaver,12,8,4
Xerzulo,silvermoon,767,monk,mistweaver,12,8,4
Adzk,tarren-mill,767,monk,mistweaver,12,8,4
Sozzemonk,kazzak,767,monk,mistweaver,12,8,4
Hvdo,silvermoon,767,monk,mistweaver,12,8,4
Loth,archimonde,767,monk,mistweaver,12,8,4
Nêrfmeta,kazzak,767,monk,mistweaver,12,8,4
Maigraith,malganis,767,monk,mistweaver,12,8,4
Truelo,eredar,767,monk,mistweaver,12,8,4
Мистхоррор,gordunni,767,monk,mistweaver,12,8,4
Ракенрол,deathguard,767,monk,mistweaver,12,8,4
Alexiarofl,silvermoon,767,monk,mistweaver,12,8,4
Reyaiba,dalaran,767,monk,mistweaver,12,8,4
Shishalord,blackhand,767,monk,mistweaver,18,8,10
Rogeri,kazzak,767,monk,mistweaver,18,8,10
Lerouxx,archimonde,767,monk,mistweaver,18,8,10
Skelmir,dragonblight,767,monk,mistweaver,18,8,10
Gízmö,tarren-mill,767,monk,mistweaver,18,8,10
Aliyo,aegwynn,767,monk,mistweaver,18,8,10
Монкмяу,howling-fjord,767,monk,mistweaver,27,8,19
Qî,ravencrest,767,monk,mistweaver,30,8,22
Grintilif,malygos,766,monk,mistweaver,12,8,4
Lilithrevan,frostmourne,766,monk,mistweaver,12,8,4
Sinzy,dentarg,766,monk,mistweaver,12,8,4
Nulojeu,archimonde,766,monk,mistweaver,12,8,4
Lunì,nathrezim,766,monk,mistweaver,18,8,10
Gakunie,blackhand,766,monk,mistweaver,18,8,10
Lorkas,darkmoon-faire,765,monk,mistweaver,12,8,4
Hersmonk,drakthul,765,monk,mistweaver,12,8,4
Ebonymilfy,archimonde,765,monk,mistweaver,12,8,4
Kegbrew,kazzak,765,monk,mistweaver,12,8,4
Pô,nemesis,765,monk,mistweaver,18,8,10
Pusityv,silvermoon,765,monk,mistweaver,18,8,10
Trxy,argent-dawn,765,monk,mistweaver,36,8,28
Dazll,twisting-nether,764,monk,mistweaver,24,8,16
Aíkô,dun-morogh,763,monk,mistweaver,12,8,4
Bohjera,kazzak,762,monk,mistweaver,12,8,4
Breykhar,aegwynn,762,monk,mistweaver,18,8,10
Pekinn,sanguino,761,monk,mistweaver,18,8,10
Skrøn,kult-der-verdammten,760,monk,mistweaver,12,8,4
Kieteltje,sylvanas,760,monk,mistweaver,12,8,4
Lamne,quelthalas,760,monk,mistweaver,24,8,16
Сукавкимоно,soulflayer,758,monk,mistweaver,18,8,10
Shontal,ravencrest,758,monk,mistweaver,18,8,10
Gokentu,silvermoon,738,monk,mistweaver,43,15,28
Atralês,azshara,735,monk,mistweaver,17,8,9
Fetchd,blackmoore,733,monk,mistweaver,16,8,8
Ndaula,drakthul,733,monk,mistweaver,25,9,16
Matrim,arathor,732,monk,mistweaver,26,9,17
Muggen,minahonda,727,monk,mistweaver,23,8,15
Дядямаготика,deathguard,719,monk,mistweaver,27,9,18
Jsuispasheal,dalaran,718,monk,mistweaver,45,16,29
Zhanshì,blackmoore,714,monk,mistweaver,21,9,12
Elasha,archimonde,703,monk,mistweaver,11,8,3
Порвуседло,soulflayer,703,monk,mistweaver,28,10,18
Tingly,kazzak,687,monk,mistweaver,15,8,7
Шаолий,gordunni,683,monk,mistweaver,30,8,22
Biggesttaf,stormscale,672,monk,mistweaver,10,8,2
Vitessewagon,ysondre,672,monk,mistweaver,12,7,5
Ryutoo,silvermoon,672,monk,mistweaver,12,7,5
Franziskanus,das-syndikat,672,monk,mistweaver,12,7,5
Sindfist,ysondre,672,monk,mistweaver,12,7,5
Longpeng,ysera,672,monk,mistweaver,12,7,5
Kyliansètuit,ysondre,672,monk,mistweaver,12,7,5
Merçury,dun-morogh,672,monk,mistweaver,12,7,5
Monkamonk,blutkessel,672,monk,mistweaver,12,7,5
Alwaysme,grim-batol,672,monk,mistweaver,12,7,5
Prismaticx,ravencrest,672,monk,mistweaver,12,7,5
Mw,magtheridon,672,monk,mistweaver,12,7,5
Yulon,blackrock,672,monk,mistweaver,12,7,5
Mannmann,thrall,672,monk,mistweaver,12,7,5
Nastyføxÿ,ysondre,672,monk,mistweaver,12,7,5
Haruuka,thrall,672,monk,mistweaver,12,7,5
Soulcháos,ravencrest,672,monk,mistweaver,12,7,5
Podrugabomja,outland,672,monk,mistweaver,12,7,5
Flexify,outland,672,monk,mistweaver,12,7,5
Cmonbruh,ravencrest,672,monk,mistweaver,12,7,5
Павнмонк,gordunni,672,monk,mistweaver,12,7,5
Fugmonk,ravencrest,672,monk,mistweaver,12,7,5
Lamasauce,ravencrest,672,monk,mistweaver,12,7,5
Hessuzen,stormreaver,672,monk,mistweaver,12,7,5
Gôeller,stormscale,672,monk,mistweaver,12,7,5
Boytoyfist,ravencrest,672,monk,mistweaver,12,7,5
ßreacher,argent-dawn,672,monk,mistweaver,12,7,5
Monkel,frostwolf,672,monk,mistweaver,12,7,5
Osírìs,ravencrest,672,monk,mistweaver,12,7,5
Neptulion,ravencrest,672,monk,mistweaver,12,7,5
Jackwondo,blackmoore,672,monk,mistweaver,12,7,5
Sandbox,aszune,672,monk,mistweaver,12,7,5
Mjoo,blackrock,672,monk,mistweaver,12,7,5
Frajer,auchindoun,672,monk,mistweaver,12,7,5
Vazpy,sylvanas,672,monk,mistweaver,12,7,5
Astarrserran,drakthul,672,monk,mistweaver,12,7,5
Alutzharn,argent-dawn,672,monk,mistweaver,12,7,5
Kadoran,argent-dawn,672,monk,mistweaver,12,7,5
Вхукьютиикс,howling-fjord,672,monk,mistweaver,13,7,6
Leykom,ravencrest,672,monk,mistweaver,15,8,7
Sukmadika,twisting-nether,672,monk,mistweaver,16,8,8
Scz,draenor,672,monk,mistweaver,18,7,11
Boîndíl,malfurion,672,monk,mistweaver,18,7,11
Exru,draenor,672,monk,mistweaver,18,7,11
Fistweavingg,tarren-mill,672,monk,mistweaver,18,7,11
Кулаквтебе,borean-tundra,672,monk,mistweaver,18,7,11
Bâsarä,archimonde,672,monk,mistweaver,18,7,11
Atómic,eredar,672,monk,mistweaver,18,7,11
Päätöksiä,defias-brotherhood,672,monk,mistweaver,18,7,11
Rhodin,krasus,672,monk,mistweaver,24,7,17
Lenalé,sanguino,671,monk,mistweaver,12,7,5
Hitmon,kazzak,671,monk,mistweaver,12,7,5
Wudao,anubarak,671,monk,mistweaver,12,7,5
Lpm,draenor,671,monk,mistweaver,12,7,5
Fonk,blades-edge,671,monk,mistweaver,12,7,5
Castrø,argent-dawn,671,monk,mistweaver,12,7,5
Jagermonk,doomhammer,671,monk,mistweaver,12,7,5
Funkystach,archimonde,671,monk,mistweaver,12,7,5
Æternia,stormscale,671,monk,mistweaver,12,7,5
Anadia,blackrock,671,monk,mistweaver,12,7,5
Xanadoll,outland,671,monk,mistweaver,12,7,5
Кисеч,soulflayer,671,monk,mistweaver,12,7,5
Sylicia,alleria,671,monk,mistweaver,12,7,5
Pandereta,aggra-português,671,monk,mistweaver,12,7,5
Agodx,sanguino,671,monk,mistweaver,12,7,5
Mÿsphere,archimonde,671,monk,mistweaver,12,7,5
Tiddor,burning-legion,671,monk,mistweaver,18,7,11
Whinestein,the-venture-co,671,monk,mistweaver,18,7,11
Muaba,outland,671,monk,mistweaver,18,7,11
Kazume,pozzo-delleternità,670,monk,mistweaver,12,7,5
Zendyy,argent-dawn,670,monk,mistweaver,12,7,5
Аверлорд,fordragon,670,monk,mistweaver,12,7,5
Furynextdoor,hyjal,669,monk,mistweaver,12,7,5
Poklicka,deathwing,669,monk,mistweaver,12,7,5
Zywoo,emerald-dream,668,monk,mistweaver,18,7,11
Chenpô,gorgonnash,667,monk,mistweaver,12,7,5
Buddhamilch,nathrezim,667,monk,mistweaver,18,7,11
Dotheas,argent-dawn,667,monk,mistweaver,18,7,11
Senseithai,trollbane,665,monk,mistweaver,18,7,11
Wuchanglan,blackmoore,665,monk,mistweaver,30,7,23
Zoolloonn,norgannon,664,monk,mistweaver,18,7,11
Arukoru,kazzak,664,monk,mistweaver,24,7,17
Pandadoum,ysondre,663,monk,mistweaver,12,7,5
Brewteaful,outland,655,monk,mistweaver,11,7,4
Xarii,aegwynn,640,monk,mistweaver,10,8,2
Qdwdwqerdads,ravencrest,640,monk,mistweaver,16,8,8
Lylaei,argent-dawn,639,monk,mistweaver,17,7,10
Klischi,taerar,639,monk,mistweaver,17,7,10
Shapumvilla,alonsus,637,monk,mistweaver,8,8,0
Masimonk,blackrock,635,monk,mistweaver,17,7,10
Randomxbrew,draenor,624,monk,mistweaver,9,8,1
Vatsmijter,silvermoon,623,monk,mistweaver,11,7,4
Fistmeg,grim-batol,623,monk,mistweaver,23,7,16
Yøda,malganis,621,monk,mistweaver,15,7,8
Nxmonk,sylvanas,618,monk,mistweaver,16,8,8
Goamix,ravencrest,618,monk,mistweaver,20,8,12
Tanyà,hyjal,617,monk,mistweaver,12,8,4
Malroj,aggramar,617,monk,mistweaver,15,8,7
Cringefemboy,moonglade,607,monk,mistweaver,11,7,4
Hotmiist,kazzak,607,monk,mistweaver,11,7,4
Ronocs,turalyon,606,monk,mistweaver,14,7,7
Drunkenmønk,mannoroth,592,monk,mistweaver,7,7,0
Ýüñgßèëf,dun-modr,576,monk,mistweaver,6,6,0
Momomonku,hyjal,576,monk,mistweaver,6,6,0
Makíima,blackrock,576,monk,mistweaver,6,6,0
Redundänt,kazzak,576,monk,mistweaver,6,6,0
Batschmaia,shattrath,576,monk,mistweaver,6,6,0
Mowì,stormscale,576,monk,mistweaver,6,6,0
Althéia,dalaran,576,monk,mistweaver,6,6,0
Culédegallah,archimonde,576,monk,mistweaver,6,6,0
Testicolino,nemesis,576,monk,mistweaver,12,6,6
Миражмонк,howling-fjord,576,monk,mistweaver,12,6,6
Rudiculous,malganis,576,monk,mistweaver,12,6,6
Mamysuze,elune,576,monk,mistweaver,12,6,6
Mørbradgryde,silvermoon,576,monk,mistweaver,12,6,6
Yez,azjolnerub,576,monk,mistweaver,12,6,6
Ankelstrumpa,tarren-mill,576,monk,mistweaver,12,6,6
Potkuri,stormreaver,576,monk,mistweaver,12,6,6
Garfunkel,emeriss,576,monk,mistweaver,12,6,6
Meo,emeriss,576,monk,mistweaver,12,6,6
Gosphhell,archimonde,576,monk,mistweaver,12,6,6
Vàlky,outland,576,monk,mistweaver,12,6,6
Garweaver,frostwolf,576,monk,mistweaver,12,6,6
Icecoldbrew,outland,576,monk,mistweaver,12,6,6
Kâî,outland,576,monk,mistweaver,12,6,6
Oiorie,twisting-nether,576,monk,mistweaver,12,6,6
Дезмимонк,ashenvale,576,monk,mistweaver,12,6,6
Freemmrx,kazzak,576,monk,mistweaver,12,6,6
Мегаалюль,gordunni,576,monk,mistweaver,12,6,6
Fistandfury,outland,576,monk,mistweaver,12,6,6
Vedak,stormreaver,576,monk,mistweaver,12,6,6
Monjonagger,tyrande,576,monk,mistweaver,12,6,6
Deepênd,antonidas,576,monk,mistweaver,12,6,6
Iliketofist,ravencrest,576,monk,mistweaver,12,6,6
Faki,eredar,576,monk,mistweaver,12,6,6
Leashed,blackmoore,576,monk,mistweaver,12,6,6
Ryac,defias-brotherhood,576,monk,mistweaver,12,6,6
Xaw,sanguino,576,monk,mistweaver,12,6,6
Кончеглаз,soulflayer,576,monk,mistweaver,12,6,6
Sinensi,conseil-des-ombres,576,monk,mistweaver,12,6,6
Pivomamrad,drakthul,576,monk,mistweaver,12,6,6
Mönchalot,der-abyssische-rat,576,monk,mistweaver,12,6,6
Req,darksorrow,576,monk,mistweaver,12,6,6
Rashtamonk,blackmoore,576,monk,mistweaver,12,6,6
Åmba,blackrock,576,monk,mistweaver,12,6,6
Коумана,gordunni,576,monk,mistweaver,15,7,8
Siiderivalas,kazzak,576,monk,mistweaver,18,6,12
Ronnchi,twisting-nether,576,monk,mistweaver,18,6,12
Торен,soulflayer,576,monk,mistweaver,18,6,12
Vrexza,kazzak,576,monk,mistweaver,18,6,12
Ayanaami,pozzo-delleternità,576,monk,mistweaver,18,6,12
Itsthemonkky,tarren-mill,576,monk,mistweaver,24,6,18
Flawpa,blackmoore,575,monk,mistweaver,6,6,0
Skonk,frostmane,575,monk,mistweaver,12,6,6
Kushinaa,teldrassil,575,monk,mistweaver,12,6,6
Toweliè,thrall,575,monk,mistweaver,12,6,6
Samie,ravencrest,575,monk,mistweaver,12,6,6
Shenyen,silvermoon,575,monk,mistweaver,12,6,6
Drír,archimonde,575,monk,mistweaver,12,6,6
Drlyn,blackmoore,575,monk,mistweaver,12,6,6
Revna,auchindoun,575,monk,mistweaver,12,6,6
Khakk,elune,575,monk,mistweaver,12,6,6
Monkanna,ravencrest,575,monk,mistweaver,12,6,6
Vexzen,tarren-mill,575,monk,mistweaver,12,6,6
Incapp,ysondre,575,monk,mistweaver,12,6,6
Charlett,the-venture-co,575,monk,mistweaver,12,6,6
Tastyfists,blackmoore,575,monk,mistweaver,12,6,6
Loutremoine,archimonde,575,monk,mistweaver,12,6,6
Тэсси,blackscar,575,monk,mistweaver,12,6,6
Askmeout,ravencrest,575,monk,mistweaver,13,6,7
Azoka,cthun,575,monk,mistweaver,16,7,9
Snooponk,kazzak,575,monk,mistweaver,18,6,12
Latify,todeswache,575,monk,mistweaver,18,6,12
Mockmé,defias-brotherhood,575,monk,mistweaver,18,6,12
Mulana,sanguino,575,monk,mistweaver,18,6,12
Jamesxdeen,stormreaver,575,monk,mistweaver,18,6,12
Othalain,silvermoon,574,monk,mistweaver,12,6,6
Kungfusler,twisting-nether,574,monk,mistweaver,12,6,6
Chozen,blackmoore,574,monk,mistweaver,12,6,6
Nurthi,argent-dawn,574,monk,mistweaver,12,6,6
Irishdëmon,ravencrest,574,monk,mistweaver,16,6,10
Jackamonk,kazzak,574,monk,mistweaver,18,6,12
Xentimus,kazzak,573,monk,mistweaver,18,6,12
Cheechong,grim-batol,573,monk,mistweaver,28,8,20
Bearknuckles,darkmoon-faire,572,monk,mistweaver,12,6,6
Ghninscare,blackmoore,560,monk,mistweaver,13,8,5
Christien,ungoro,558,monk,mistweaver,23,6,17
Gingerbrew,hyjal,528,monk,mistweaver,9,7,2
Yesaya,sylvanas,528,monk,mistweaver,9,6,3
Lidalol,silvermoon,527,monk,mistweaver,9,7,2
Cråzymonk,ravencrest,527,monk,mistweaver,9,6,3
Esco,genjuros,527,monk,mistweaver,11,6,5
Insomniyah,tarren-mill,527,monk,mistweaver,17,6,11
Brewsmaster,archimonde,526,monk,mistweaver,23,6,17
Fshn,sylvanas,522,monk,mistweaver,14,7,7
Trymax,blackmoore,522,monk,mistweaver,17,7,10
Leïsha,ysondre,522,monk,mistweaver,18,7,11
Dråf,ysondre,522,monk,mistweaver,18,7,11
Schlaganfall,outland,520,monk,mistweaver,20,8,12
Годъяр,gordunni,510,monk,mistweaver,14,6,8
Samuelka,burning-blade,493,monk,mistweaver,11,6,5
Павнмонкх,gordunni,480,monk,mistweaver,6,5,1
Panzergonk,ravencrest,480,monk,mistweaver,6,5,1
Dukhi,kazzak,480,monk,mistweaver,6,5,1
Chingbag,dalaran,480,monk,mistweaver,6,5,1
Hyhu,burning-legion,480,monk,mistweaver,6,5,1
Seava,kazzak,480,monk,mistweaver,6,5,1
Lyganos,dalaran,480,monk,mistweaver,6,5,1
Saikwondo,silvermoon,480,monk,mistweaver,6,5,1
Requizen,ravencrest,480,monk,mistweaver,6,5,1
Saenxz,blackrock,480,monk,mistweaver,6,5,1
Nobrainfist,stormscale,480,monk,mistweaver,6,5,1
Ørcqt,tarren-mill,480,monk,mistweaver,6,5,1
Wannabeloa,silvermoon,480,monk,mistweaver,6,5,1
Jokkemonk,silvermoon,480,monk,mistweaver,6,5,1
Sloopkogel,tarren-mill,480,monk,mistweaver,6,5,1
Xàmell,kazzak,480,monk,mistweaver,6,5,1
Veladana,chamber-of-aspects,480,monk,mistweaver,6,5,1
Укусдракона,soulflayer,480,monk,mistweaver,6,5,1
Stromon,silvermoon,480,monk,mistweaver,6,5,1
Clydemonk,outland,480,monk,mistweaver,6,5,1
Подорожнник,gordunni,480,monk,mistweaver,6,5,1
Khabibs,hyjal,480,monk,mistweaver,6,5,1
Mkeev,blackrock,480,monk,mistweaver,6,5,1
Notgherit,nemesis,480,monk,mistweaver,6,5,1
Zoruun,quelthalas,480,monk,mistweaver,6,5,1
Xkäz,archimonde,480,monk,mistweaver,6,5,1
Anthufufu,ysondre,480,monk,mistweaver,6,5,1
Kaowar,nerzhul,480,monk,mistweaver,6,5,1
Sio,dentarg,480,monk,mistweaver,6,5,1
Peao,blackmoore,480,monk,mistweaver,6,5,1
Rivasstv,grim-batol,480,monk,mistweaver,7,5,2
Lycerá,antonidas,480,monk,mistweaver,9,5,4
Minervaez,grim-batol,480,monk,mistweaver,12,5,7
Mzdm,dalaran,480,monk,mistweaver,12,5,7
Andelicek,burning-blade,480,monk,mistweaver,12,5,7
Grïmgødx,ravencrest,480,monk,mistweaver,12,5,7
Erandja,silvermoon,480,monk,mistweaver,12,5,7
Ayelas,silvermoon,480,monk,mistweaver,12,5,7
Smahammonk,sylvanas,480,monk,mistweaver,12,5,7
Hon,sanguino,480,monk,mistweaver,12,5,7
Ðrçleañ,stormreaver,480,monk,mistweaver,12,5,7
Doyoubleed,twisting-nether,480,monk,mistweaver,12,5,7
Jodeen,shadowsong,480,monk,mistweaver,12,5,7
Tolachi,blackhand,480,monk,mistweaver,12,5,7
Аэрди,howling-fjord,480,monk,mistweaver,12,5,7
Místborn,ravencrest,480,monk,mistweaver,12,5,7
Rollarøund,outland,480,monk,mistweaver,12,5,7
Zenmaster,grim-batol,480,monk,mistweaver,12,5,7
Karmonk,outland,480,monk,mistweaver,12,5,7
Loveít,blackrock,480,monk,mistweaver,12,5,7
Miquella,scarshield-legion,480,monk,mistweaver,12,5,7
Bountyño,dun-modr,480,monk,mistweaver,12,5,7
Kmorhin,antonidas,480,monk,mistweaver,12,5,7
Potato,aggramar,480,monk,mistweaver,12,5,7
Монкпех,gordunni,480,monk,mistweaver,12,5,7
Iwtkms,magtheridon,480,monk,mistweaver,12,5,7
Kaichi,defias-brotherhood,480,monk,mistweaver,12,5,7
Генжуро,blackscar,480,monk,mistweaver,12,5,7
Тайви,deepholm,480,monk,mistweaver,12,5,7
Yinsho,stormscale,480,monk,mistweaver,12,5,7
Дэдлитрюк,soulflayer,480,monk,mistweaver,12,5,7
Skiqzy,ravencrest,480,monk,mistweaver,12,5,7
Похмелись,blackscar,480,monk,mistweaver,12,5,7
Cøntfarmer,ravencrest,480,monk,mistweaver,12,5,7
Rockié,blackmoore,480,monk,mistweaver,12,5,7
Siezlebabo,blackrock,480,monk,mistweaver,12,5,7
Jusex,stormreaver,480,monk,mistweaver,12,5,7
Mikefist,blackrock,480,monk,mistweaver,12,5,7
Dêsmî,ravencrest,480,monk,mistweaver,12,5,7
Kâfkas,twisting-nether,480,monk,mistweaver,12,5,7
Clenda,hyjal,480,monk,mistweaver,12,5,7
Aurelìá,aegwynn,480,monk,mistweaver,12,5,7
Tchitã,hyjal,480,monk,mistweaver,12,5,7
Mailyne,blackmoore,480,monk,mistweaver,12,5,7
Kärmma,sanguino,480,monk,mistweaver,12,5,7
Silentpedo,stormscale,480,monk,mistweaver,13,5,8
Kaztruman,draenor,480,monk,mistweaver,18,5,13
Drumonk,kelthuzad,480,monk,mistweaver,18,5,13
Копытька,gordunni,480,monk,mistweaver,18,5,13
Moistweaver,drakthul,480,monk,mistweaver,18,5,13
Whytoosxy,silvermoon,480,monk,mistweaver,18,5,13
Risomonk,blackrock,480,monk,mistweaver,24,5,19
Proxxona,eredar,479,monk,mistweaver,6,5,1
Mirøc,blackmoore,479,monk,mistweaver,6,5,1
Hadesboss,ravencrest,479,monk,mistweaver,14,6,8
Luigimonk,dun-modr,479,monk,mistweaver,12,5,7
Mîsts,aszune,479,monk,mistweaver,12,5,7
Дарума,grom,479,monk,mistweaver,12,5,7
Sotqyy,stormscale,479,monk,mistweaver,12,5,7
Âsmoran,blackmoore,479,monk,mistweaver,12,5,7
Danîi,dun-morogh,479,monk,mistweaver,12,5,7
Durand,blackhand,479,monk,mistweaver,12,5,7
Bovinebuddha,stormscale,479,monk,mistweaver,12,5,7
Mascrax,earthen-ring,479,monk,mistweaver,12,5,7
Schokoladexd,stormscale,479,monk,mistweaver,18,5,13
Nemevas,dun-modr,479,monk,mistweaver,18,5,13
Knotze,eredar,479,monk,mistweaver,18,5,13
Jinora,theradras,479,monk,mistweaver,18,5,13
Xèrá,antonidas,479,monk,mistweaver,24,5,19
Løkî,culte-de-la-rive-noire,479,monk,mistweaver,24,5,19
Backbone,auchindoun,478,monk,mistweaver,12,5,7
Wînk,amanthul,478,monk,mistweaver,12,5,7
Брэйки,lich-king,478,monk,mistweaver,18,5,13
Nosrewolwer,burning-legion,476,monk,mistweaver,12,5,7
Leffe,thunderhorn,476,monk,mistweaver,12,5,7
Drugarix,uldaman,475,monk,mistweaver,12,5,7
Чвка,booty-bay,475,monk,mistweaver,12,5,7
Chucknorrís,kilrogg,474,monk,mistweaver,18,7,11
Filomenata,rexxar,469,monk,mistweaver,19,5,14
Frodrin,kazzak,467,monk,mistweaver,21,6,15
Zinzyo,aegwynn,447,monk,mistweaver,11,5,6
Doctòrmónk,tarren-mill,447,monk,mistweaver,14,6,8
Mku,kazzak,432,monk,mistweaver,9,6,3
Kawaì,frostwolf,431,monk,mistweaver,17,5,12
Velicko,ravencrest,430,monk,mistweaver,15,5,10
Gruslinovica,archimonde,426,monk,mistweaver,13,6,7
Ygêrne,archimonde,426,monk,mistweaver,15,6,9
Chakarma,twisting-nether,416,monk,mistweaver,22,5,17
Lévanà,antonidas,415,monk,mistweaver,8,5,3
Sudoku,thrall,415,monk,mistweaver,14,5,9
Tasteh,cthun,400,monk,mistweaver,7,5,2
Kazéshini,doomhammer,384,monk,mistweaver,6,4,2
Meineaugen,blackhand,384,monk,mistweaver,6,4,2
Monkersquad,doomhammer,384,monk,mistweaver,6,4,2
Gyógyítóütés,ragnaros,384,monk,mistweaver,6,4,2
Zugzuwg,ahnqiraj,384,monk,mistweaver,6,4,2
Mistfeeder,burning-blade,384,monk,mistweaver,6,4,2
Леобтв,soulflayer,384,monk,mistweaver,6,4,2
Tuulijäbä,stormreaver,384,monk,mistweaver,6,4,2
Kbsanityproc,kul-tiras,384,monk,mistweaver,6,4,2
Klischi,blackhand,384,monk,mistweaver,6,4,2
Bigflex,conseil-des-ombres,384,monk,mistweaver,6,4,2
Immadbrew,blackmoore,384,monk,mistweaver,6,4,2
Themistius,kazzak,384,monk,mistweaver,6,4,2
Podekouil,ysondre,384,monk,mistweaver,6,4,2
Roudious,arathi,384,monk,mistweaver,6,4,2
Trácybéákérx,kazzak,384,monk,mistweaver,6,4,2
Plånck,archimonde,384,monk,mistweaver,6,4,2
Ennamoly,blackmoore,384,monk,mistweaver,6,4,2
Trâffix,kazzak,384,monk,mistweaver,6,4,2
Reidzqt,kazzak,384,monk,mistweaver,6,4,2
Олежатоксик,gordunni,384,monk,mistweaver,6,4,2
Pikahelp,ravencrest,384,monk,mistweaver,6,4,2
Thérin,silvermoon,384,monk,mistweaver,6,4,2
Tedicated,tarren-mill,384,monk,mistweaver,6,4,2
Peaceweaver,ravencrest,384,monk,mistweaver,6,4,2
Tüüdüülüü,blackrock,384,monk,mistweaver,6,4,2
Highline,draenor,384,monk,mistweaver,6,4,2
Zbamonk,burning-legion,384,monk,mistweaver,6,4,2
Jemijedno,drakthul,384,monk,mistweaver,6,4,2
Lennifer,ragnaros,384,monk,mistweaver,6,4,2
Mistydex,eredar,384,monk,mistweaver,6,4,2
Fakestrxx,aegwynn,384,monk,mistweaver,6,4,2
Horriblemonk,archimonde,384,monk,mistweaver,6,4,2
Claww,blackrock,384,monk,mistweaver,6,4,2
Slokwerk,dentarg,384,monk,mistweaver,6,4,2
Jifun,kazzak,384,monk,mistweaver,6,4,2
Camlen,draenor,384,monk,mistweaver,6,4,2
Vîsdom,kazzak,384,monk,mistweaver,6,4,2
Bratana,dun-morogh,384,monk,mistweaver,6,4,2
Харуказэ,howling-fjord,384,monk,mistweaver,6,4,2
Lilædi,draenor,384,monk,mistweaver,6,4,2
Bhrag,die-aldor,384,monk,mistweaver,6,4,2
Naìsh,arygos,384,monk,mistweaver,6,4,2
Profesàur,pozzo-delleternità,384,monk,mistweaver,6,4,2
Alomonk,archimonde,384,monk,mistweaver,6,4,2
Xevol,burning-legion,384,monk,mistweaver,6,4,2
Radrielinda,veknilash,384,monk,mistweaver,6,4,2
Shenexo,kazzak,384,monk,mistweaver,6,4,2
Stegtflæsk,ravencrest,384,monk,mistweaver,6,4,2
Gangichi,blackhand,384,monk,mistweaver,9,5,4
Dúlgor,blackmoore,384,monk,mistweaver,11,6,5
Häppÿ,kazzak,384,monk,mistweaver,8,4,4
Pandamums,frostwhisper,384,monk,mistweaver,12,4,8
Audaz,dun-modr,384,monk,mistweaver,12,4,8
Escopetin,los-errantes,384,monk,mistweaver,12,4,8
Obeliskbrew,kazzak,384,monk,mistweaver,12,4,8
Pompeflûte,archimonde,384,monk,mistweaver,12,4,8
Twåålf,kazzak,384,monk,mistweaver,12,4,8
Subzxftw,archimonde,384,monk,mistweaver,12,4,8
Nebelwandler,blackhand,384,monk,mistweaver,12,4,8
Bakersdozen,tarren-mill,384,monk,mistweaver,12,4,8
Bruceli,darkmoon-faire,384,monk,mistweaver,12,4,8
Eth,nagrand,384,monk,mistweaver,12,4,8
Jchi,ravencrest,384,monk,mistweaver,12,4,8
Woofi,tarren-mill,384,monk,mistweaver,12,4,8
Smøkÿý,eredar,384,monk,mistweaver,12,4,8
Mediumzin,twisting-nether,384,monk,mistweaver,12,4,8
Chimail,blackrock,384,monk,mistweaver,12,4,8
Карманедаун,howling-fjord,384,monk,mistweaver,12,4,8
Monkmonkesen,stormscale,384,monk,mistweaver,12,4,8
Moorf,ravencrest,384,monk,mistweaver,12,4,8
Invsionrush,crushridge,384,monk,mistweaver,12,4,8
Кукунколдыч,gordunni,384,monk,mistweaver,12,4,8
Bûl,blackmoore,384,monk,mistweaver,12,4,8
Betelgeuse,jaedenar,384,monk,mistweaver,18,4,14
Mîyüki,dalaran,384,monk,mistweaver,18,4,14
Wrathing,tarren-mill,383,monk,mistweaver,6,4,2
Goldenquinn,sylvanas,383,monk,mistweaver,6,4,2
Supwithat,kazzak,383,monk,mistweaver,6,4,2
Vzan,kazzak,383,monk,mistweaver,6,4,2
Havery,sanguino,383,monk,mistweaver,6,4,2
Eucalyptuz,draenor,383,monk,mistweaver,12,4,8
Doneithné,stormscale,383,monk,mistweaver,12,4,8
Ornithorynke,hyjal,383,monk,mistweaver,12,4,8
Shuzao,steamwheedle-cartel,383,monk,mistweaver,12,4,8
Gnomebrew,ravencrest,383,monk,mistweaver,12,4,8
Korrok,sanguino,383,monk,mistweaver,12,4,8
Nephi,kirin-tor,383,monk,mistweaver,12,4,8
Tarly,archimonde,383,monk,mistweaver,12,4,8
Jackiechann,kazzak,382,monk,mistweaver,6,4,2
Fkflying,defias-brotherhood,381,monk,mistweaver,12,4,8
Qungphu,silvermoon,366,monk,mistweaver,29,4,25
Plií,frostwolf,362,monk,mistweaver,19,6,13
Qizz,antonidas,352,monk,mistweaver,10,5,5
Hullumunkki,blackmoore,352,monk,mistweaver,10,4,6
Автотюн,gordunni,352,monk,mistweaver,16,4,12
Iluvfistinjk,sylvanas,351,monk,mistweaver,9,5,4
Buckersxo,kazzak,330,monk,mistweaver,11,6,5
Chimý,tarren-mill,330,monk,mistweaver,15,5,10
Votix,tarren-mill,319,monk,mistweaver,5,4,1
Ilikeducks,ravencrest,319,monk,mistweaver,5,4,1
Zaalleh,draenor,319,monk,mistweaver,5,4,1
Nabenja,madmortem,319,monk,mistweaver,14,4,10
Shàolïn,dalaran,288,monk,mistweaver,6,3,3
Shoskio,chamber-of-aspects,288,monk,mistweaver,6,3,3
Fairhand,emerald-dream,288,monk,mistweaver,6,3,3
Elmun,draenor,288,monk,mistweaver,6,3,3
Norbii,twisting-nether,288,monk,mistweaver,6,3,3
Louiemon,outland,288,monk,mistweaver,6,3,3
Culiacàn,blackmoore,288,monk,mistweaver,6,3,3
Kaskinhas,archimonde,288,monk,mistweaver,6,3,3
Píco,gorgonnash,288,monk,mistweaver,6,3,3
Akinhd,twisting-nether,288,monk,mistweaver,6,3,3
Rípple,alakir,288,monk,mistweaver,6,3,3
Zyrosmonk,blackmoore,288,monk,mistweaver,6,3,3
Koba,frostwolf,288,monk,mistweaver,6,3,3
Киликххл,deathguard,288,monk,mistweaver,6,3,3
Crommul,burning-legion,288,monk,mistweaver,6,3,3
Лён,ashenvale,288,monk,mistweaver,6,3,3
Friidam,lightbringer,288,monk,mistweaver,6,3,3
Тефтелъка,soulflayer,288,monk,mistweaver,6,3,3
Loempia,outland,288,monk,mistweaver,6,3,3
Domedagsdamp,draenor,288,monk,mistweaver,6,3,3
Màlydôr,outland,288,monk,mistweaver,6,3,3
Jadeterror,argent-dawn,288,monk,mistweaver,6,3,3
Shiìnx,hyjal,288,monk,mistweaver,6,3,3
Dunderfix,tarren-mill,288,monk,mistweaver,6,3,3
Relentlessly,blackrock,288,monk,mistweaver,6,3,3
Cmgxbrew,blackrock,288,monk,mistweaver,6,3,3
Shouldbeokai,ravencrest,288,monk,mistweaver,6,3,3
Helacoon,archimonde,288,monk,mistweaver,6,3,3
Mønkek,kazzak,288,monk,mistweaver,6,3,3
Metaphysic,tarren-mill,288,monk,mistweaver,6,3,3
Gaf,tarren-mill,288,monk,mistweaver,6,3,3
Ipès,archimonde,288,monk,mistweaver,6,3,3
Mistless,ragnaros,288,monk,mistweaver,6,3,3
Trubushatal,ravencrest,288,monk,mistweaver,6,3,3
Gaspacio,silvermoon,288,monk,mistweaver,6,3,3
Yogi,defias-brotherhood,288,monk,mistweaver,6,3,3
Nivi,aegwynn,288,monk,mistweaver,6,3,3
Wando,defias-brotherhood,288,monk,mistweaver,6,3,3
Napqi,malganis,288,monk,mistweaver,6,3,3
Lassador,onyxia,288,monk,mistweaver,6,3,3
Uggs,hyjal,288,monk,mistweaver,6,3,3
Шадофрейз,gordunni,288,monk,mistweaver,6,3,3
Kjeyro,ravencrest,288,monk,mistweaver,6,3,3
Kylâas,die-ewige-wacht,288,monk,mistweaver,6,3,3
Kaizenthor,runetotem,288,monk,mistweaver,6,3,3
Mecin,ragnaros,288,monk,mistweaver,6,3,3
Catwiø,hyjal,288,monk,mistweaver,6,3,3
Shnohh,blackmoore,288,monk,mistweaver,6,3,3
Yutahon,azjolnerub,288,monk,mistweaver,6,3,3
Fluxqt,ravencrest,288,monk,mistweaver,6,3,3
Flãay,ravencrest,288,monk,mistweaver,6,3,3
Ilsalumiere,nemesis,288,monk,mistweaver,6,3,3
Divljivepar,stormscale,288,monk,mistweaver,6,3,3
Píxels,ravencrest,288,monk,mistweaver,6,3,3
Fistwave,malganis,288,monk,mistweaver,6,3,3
Leifjuster,stormscale,288,monk,mistweaver,6,3,3
Baisi,blackhand,288,monk,mistweaver,6,3,3
Phyromonky,uldum,288,monk,mistweaver,6,3,3
Родо,blackscar,288,monk,mistweaver,6,3,3
Linçhi,dun-modr,288,monk,mistweaver,6,3,3
Perikencito,dun-modr,288,monk,mistweaver,6,3,3
Napari,tichondrius,288,monk,mistweaver,6,3,3
Коррелир,howling-fjord,288,monk,mistweaver,6,3,3
Brewdooms,laughing-skull,288,monk,mistweaver,12,3,9
Leøni,malfurion,288,monk,mistweaver,12,3,9
Incapfull,archimonde,288,monk,mistweaver,12,3,9
Albertã,doomhammer,288,monk,mistweaver,12,3,9
Drunklee,aegwynn,288,monk,mistweaver,12,3,9
Xvll,kaelthas,288,monk,mistweaver,12,3,9
Gaehitmonlee,ravencrest,288,monk,mistweaver,12,3,9
Mädravën,ragnaros,288,monk,mistweaver,12,3,9
Farkasmw,arathor,288,monk,mistweaver,12,3,9
Älys,outland,288,monk,mistweaver,12,3,9
Justfistyoux,archimonde,288,monk,mistweaver,12,3,9
Monkiky,hyjal,288,monk,mistweaver,12,3,9
Koreanbullet,archimonde,288,monk,mistweaver,12,3,9
Monkenya,kazzak,288,monk,mistweaver,12,3,9
Olîvê,ravencrest,288,monk,mistweaver,12,3,9
Danèè,defias-brotherhood,288,monk,mistweaver,12,3,9
Lottelita,tarren-mill,288,monk,mistweaver,12,3,9
Alilith,drakthul,288,monk,mistweaver,12,3,9
Loganess,sunstrider,288,monk,mistweaver,12,3,9
Deezspin,twisting-nether,288,monk,mistweaver,12,3,9
Qúázu,silvermoon,288,monk,mistweaver,12,3,9
Irorii,silvermoon,288,monk,mistweaver,12,3,9
Nikosonkush,archimonde,288,monk,mistweaver,12,3,9
Velita,dun-modr,288,monk,mistweaver,18,3,15
Phínez,thunderhorn,288,monk,mistweaver,18,3,15
Xilasa,blackrock,288,monk,mistweaver,18,3,15
Munkeguden,ravencrest,288,monk,mistweaver,22,3,19
Playboicarti,frostwolf,287,monk,mistweaver,6,3,3
Bo,malorne,287,monk,mistweaver,6,3,3
Athëlyn,hyjal,287,monk,mistweaver,6,3,3
Мастерхилфу,ashenvale,287,monk,mistweaver,16,7,9
Hanumahn,kilrogg,287,monk,mistweaver,12,3,9
Edenbllow,twisting-nether,287,monk,mistweaver,12,3,9
Shorebreak,argent-dawn,286,monk,mistweaver,6,3,3
Spinosa,zirkel-des-cenarius,271,monk,mistweaver,12,3,9
Mossadjr,blackmoore,256,monk,mistweaver,4,4,0
Maharaj,terenas,255,monk,mistweaver,11,3,8
Tidox,burning-legion,239,monk,mistweaver,5,3,2
Mð,blackmoore,239,monk,mistweaver,5,3,2
Moonloxe,silvermoon,239,monk,mistweaver,5,3,2
Khaven,hyjal,239,monk,mistweaver,5,3,2
Trueks,uldum,234,monk,mistweaver,10,4,6
Nypö,hyjal,234,monk,mistweaver,10,4,6
Mouhous,hellscream,234,monk,mistweaver,13,4,9
Арнольдовна,blackscar,234,monk,mistweaver,17,4,13
Colita,kazzak,233,monk,mistweaver,16,5,11
Mynaira,tarren-mill,208,monk,mistweaver,25,3,22
Злюкшо,howling-fjord,192,monk,mistweaver,10,4,6
Wifeeagro,doomhammer,192,monk,mistweaver,6,2,4
Trippyv,ragnaros,192,monk,mistweaver,6,2,4
Люсилью,howling-fjord,192,monk,mistweaver,6,2,4
Altairan,ragnaros,192,monk,mistweaver,6,2,4
Wilymonka,dalaran,192,monk,mistweaver,6,2,4
Jetsweep,kazzak,192,monk,mistweaver,6,2,4
Acbcz,draenor,192,monk,mistweaver,6,2,4
Axan,drekthar,192,monk,mistweaver,6,2,4
Moshka,blackhand,192,monk,mistweaver,6,2,4
Faustíne,blackmoore,192,monk,mistweaver,6,2,4
Izzana,onyxia,192,monk,mistweaver,6,2,4
Watermelon,laughing-skull,192,monk,mistweaver,6,2,4
Rokou,blackmoore,192,monk,mistweaver,6,2,4
Karatemooves,kazzak,192,monk,mistweaver,6,2,4
Køudbeap,archimonde,192,monk,mistweaver,6,2,4
Fistyxoxo,blackrock,192,monk,mistweaver,6,2,4
Permagone,argent-dawn,192,monk,mistweaver,6,2,4
Domingovivas,dun-modr,192,monk,mistweaver,6,2,4
Монахий,gordunni,192,monk,mistweaver,6,2,4
Jtepm,ravencrest,192,monk,mistweaver,6,2,4
Fettucini,anubarak,192,monk,mistweaver,6,2,4
Shinyin,outland,192,monk,mistweaver,6,2,4
Torpedopetra,baelgun,192,monk,mistweaver,6,2,4
Shaokz,sylvanas,192,monk,mistweaver,6,2,4
Wallmonker,blackrock,192,monk,mistweaver,6,2,4
Shynlee,frostwhisper,192,monk,mistweaver,6,2,4
Scorpìon,blackrock,192,monk,mistweaver,6,2,4
Brewzin,frostwhisper,192,monk,mistweaver,6,2,4
Brüshïë,kazzak,192,monk,mistweaver,6,2,4
Ahaa,kazzak,192,monk,mistweaver,6,2,4
Fisterxd,blackrock,192,monk,mistweaver,6,2,4
Sashun,blackmoore,192,monk,mistweaver,6,2,4
Jadefain,argent-dawn,192,monk,mistweaver,6,2,4
Xùen,blackrock,192,monk,mistweaver,6,2,4
Jolifine,alleria,192,monk,mistweaver,6,2,4
Халиосфа,gordunni,192,monk,mistweaver,6,2,4
Auaaua,ravencrest,192,monk,mistweaver,6,2,4
Bankmw,nordrassil,192,monk,mistweaver,6,2,4
Merlyñ,blackmoore,192,monk,mistweaver,6,2,4
Laagun,blackmoore,192,monk,mistweaver,6,2,4
Шиншири,gordunni,192,monk,mistweaver,6,2,4
Зараз,gordunni,192,monk,mistweaver,6,2,4
Liluzi,aszune,192,monk,mistweaver,6,2,4
Леронтас,gordunni,192,monk,mistweaver,6,2,4
Kravmaghar,arthas,192,monk,mistweaver,6,2,4
Хере,soulflayer,192,monk,mistweaver,6,2,4
Dennismansix,sylvanas,192,monk,mistweaver,6,2,4
Shanokee,blackrock,192,monk,mistweaver,6,2,4
Starwalkin,silvermoon,192,monk,mistweaver,6,2,4
Brogenhagen,silvermoon,192,monk,mistweaver,6,2,4
Morty,balnazzar,192,monk,mistweaver,6,2,4
Sînge,archimonde,192,monk,mistweaver,6,2,4
Nashli,kazzak,192,monk,mistweaver,6,2,4
Laesh,archimonde,192,monk,mistweaver,6,2,4
Mutai,tarren-mill,192,monk,mistweaver,6,2,4
Flyingraven,magtheridon,192,monk,mistweaver,6,2,4
Mystize,shattered-hand,192,monk,mistweaver,6,2,4
Chegweaver,ravencrest,192,monk,mistweaver,6,2,4
Toxicvxpe,archimonde,192,monk,mistweaver,6,2,4
Dalaipyjama,quelthalas,192,monk,mistweaver,6,2,4
Wizzad,blackmoore,192,monk,mistweaver,6,2,4
Ïnaho,hyjal,192,monk,mistweaver,6,2,4
Espectrå,dun-modr,192,monk,mistweaver,6,2,4
Beriberi,tichondrius,192,monk,mistweaver,7,2,5
Karun,ravencrest,192,monk,mistweaver,7,2,5
Xialongbao,khaz-modan,192,monk,mistweaver,12,2,10
Anifurry,tarren-mill,192,monk,mistweaver,12,2,10
Kinoshíta,draenor,192,monk,mistweaver,12,2,10
Johnsôn,blackmoore,192,monk,mistweaver,12,2,10
Jacksbäro,zirkel-des-cenarius,192,monk,mistweaver,12,2,10
Kapona,kazzak,192,monk,mistweaver,12,2,10
Alexandrovic,hyjal,192,monk,mistweaver,12,2,10
Chîca,ysondre,192,monk,mistweaver,12,2,10
Bierdame,blackhand,192,monk,mistweaver,12,2,10
Tality,outland,192,monk,mistweaver,12,2,10
Brixelol,kazzak,192,monk,mistweaver,12,2,10
Clonaz,silvermoon,192,monk,mistweaver,12,2,10
Bigfister,frostwhisper,192,monk,mistweaver,12,2,10
Ascrem,ragnaros,192,monk,mistweaver,12,2,10
Hisagi,khaz-modan,191,monk,mistweaver,6,2,4
Sargnorak,dalaran,191,monk,mistweaver,6,2,4
Nïkaa,dun-modr,168,monk,mistweaver,19,10,9
Uluwatu,sanguino,160,monk,mistweaver,10,2,8
Øsys,dun-modr,159,monk,mistweaver,5,2,3
Saimheal,blackrock,159,monk,mistweaver,5,2,3
Swiftmonky,azuremyst,159,monk,mistweaver,5,2,3
Мирксимонк,soulflayer,144,monk,mistweaver,3,3,0
Зрти,gordunni,138,monk,mistweaver,12,4,8
Mankzie,argent-dawn,138,monk,mistweaver,9,3,6
Ostarikyttä,stormscale,138,monk,mistweaver,10,3,7
Ghettomonk,blackmoore,138,monk,mistweaver,11,3,8
Kunleu,draenor,137,monk,mistweaver,10,4,6
Спартаннка,gordunni,137,monk,mistweaver,8,3,5
Wraq,tarren-mill,128,monk,mistweaver,4,2,2
Bêlebend,frostwolf,128,monk,mistweaver,4,2,2
Kamui,naxxramas,96,monk,mistweaver,6,1,5
Àómìñêdâìkí,lightnings-blade,96,monk,mistweaver,6,1,5
Rostick,drakthul,96,monk,mistweaver,6,1,5
Shîïna,ysondre,96,monk,mistweaver,6,1,5
Cbamonk,tarren-mill,96,monk,mistweaver,6,1,5
Havefunguys,alakir,96,monk,mistweaver,6,1,5
Itxelita,zuljin,96,monk,mistweaver,6,1,5
Рискасм,soulflayer,96,monk,mistweaver,6,1,5
Mongretod,ravencrest,96,monk,mistweaver,6,1,5
Brandy,kazzak,96,monk,mistweaver,6,1,5
Yeanwoo,burning-legion,96,monk,mistweaver,6,1,5
Monkolben,blackmoore,96,monk,mistweaver,6,1,5
Missblack,zuljin,96,monk,mistweaver,6,1,5
Кукуныч,deathguard,96,monk,mistweaver,6,1,5
Sooyung,kazzak,96,monk,mistweaver,6,1,5
Gargalondeze,twisting-nether,96,monk,mistweaver,6,1,5
Pream,blackrock,96,monk,mistweaver,6,1,5
Monkinator,stormreaver,96,monk,mistweaver,6,1,5
Fisten,xavius,96,monk,mistweaver,6,1,5
Toté,kazzak,96,monk,mistweaver,6,1,5
Botsmw,kazzak,96,monk,mistweaver,6,1,5
Bumbiere,outland,96,monk,mistweaver,6,1,5
Aang,blackrock,96,monk,mistweaver,6,1,5
Cai,blackrock,96,monk,mistweaver,6,1,5
Legpunch,the-maelstrom,96,monk,mistweaver,6,1,5
Fapmaster,aegwynn,96,monk,mistweaver,6,1,5
Duvelmonk,dragonblight,96,monk,mistweaver,6,1,5
Prezze,outland,96,monk,mistweaver,6,1,5
Mezz,ahnqiraj,96,monk,mistweaver,6,1,5
Fantazero,ravencrest,96,monk,mistweaver,6,1,5
Butrinto,hellfire,96,monk,mistweaver,6,1,5
Claptone,blackrock,96,monk,mistweaver,6,1,5
Yonahä,kazzak,96,monk,mistweaver,6,1,5
Skadchi,blackhand,96,monk,mistweaver,6,1,5
Jessiemonk,blackhand,96,monk,mistweaver,6,1,5
Smlpp,kazzak,96,monk,mistweaver,6,1,5
Afkmonk,archimonde,96,monk,mistweaver,6,1,5
Bruslie,cthun,96,monk,mistweaver,6,1,5
Brewbunnyqt,thrall,96,monk,mistweaver,6,1,5
Worldfamous,stormscale,96,monk,mistweaver,6,1,5
Aequïtas,nemesis,96,monk,mistweaver,6,1,5
Ytjin,draenor,96,monk,mistweaver,6,1,5
Lìlíy,taerar,96,monk,mistweaver,6,1,5
Capos,wrathbringer,96,monk,mistweaver,11,1,10
Jayline,kazzak,96,monk,mistweaver,12,1,11
Hotfist,outland,96,monk,mistweaver,12,1,11
Alexì,taerar,96,monk,mistweaver,12,1,11
Sigournémist,silvermoon,96,monk,mistweaver,12,1,11
Upbringer,ragnaros,96,monk,mistweaver,12,1,11
Xiâomèi,dun-modr,96,monk,mistweaver,12,1,11
Marrów,chamber-of-aspects,96,monk,mistweaver,14,1,13
Eijin,arathor,95,monk,mistweaver,6,1,5
Trlmøna,gorgonnash,90,monk,mistweaver,11,4,7
Jackíechen,draenor,84,monk,mistweaver,25,4,21
Barendhoff,sylvanas,64,monk,mistweaver,4,1,3
Бязь,gordunni,63,monk,mistweaver,2,2,0
Fae,kirin-tor,63,monk,mistweaver,14,2,12
Johnnybgood,tarren-mill,42,monk,mistweaver,10,3,7
Шалфевна,grom,42,monk,mistweaver,10,3,7
Axilane,outland,42,monk,mistweaver,7,2,5
Флокэ,soulflayer,42,monk,mistweaver,9,2,7
Monkeykung,defias-brotherhood,40,monk,mistweaver,16,3,13
Sandshark,argent-dawn,10,monk,mistweaver,12,2,10
Sinpho,ahnqiraj,1192,monk,brewmaster,48,19,29
Winchun,ravencrest,820,monk,brewmaster,32,14,18
Комбатпро,borean-tundra,790,monk,brewmaster,82,37,45
Padawang,twisting-nether,767,monk,brewmaster,24,8,16
Jademyst,outland,671,monk,brewmaster,18,7,11
Shirôhige,zirkel-des-cenarius,288,monk,brewmaster,6,3,3
Johnnykegs,draenor,288,monk,brewmaster,6,3,3
Tauroné,draenor,288,monk,brewmaster,12,3,9
Shurak,uldaman,192,monk,brewmaster,6,2,4
Zerendir,magtheridon,192,monk,brewmaster,6,2,4
Tayoo,aegwynn,192,monk,brewmaster,6,2,4
Fullzi,dalaran,192,monk,brewmaster,6,2,4
Youkaii,alexstrasza,192,monk,brewmaster,12,2,10
Badcøwboy,archimonde,96,monk,brewmaster,6,1,5
Yeanwoo,burning-legion,96,monk,brewmaster,6,1,5
Lubeï,kirin-tor,96,monk,brewmaster,6,1,5
Simbabsu,thrall,96,monk,brewmaster,6,1,5
Mezz,ahnqiraj,96,monk,brewmaster,6,1,5
Tylee,tarren-mill,96,monk,brewmaster,6,1,5
Lòthbar,confrérie-du-thorium,63,monk,brewmaster,2,2,0
Sîxmonths,stormscale,2347,monk,windwalker,90,60,30
Lîlilîlîlîlí,stormscale,2347,monk,windwalker,66,42,24
Queteapie,stormscale,2337,monk,windwalker,106,63,43
Fistyw,stormscale,2313,monk,windwalker,104,60,44
Ewynamonk,silvermoon,2310,monk,windwalker,150,81,69
Rmtexter,ravencrest,2250,monk,windwalker,143,76,67
Faxax,draenor,2243,monk,windwalker,144,75,69
Ilovehim,antonidas,2237,monk,windwalker,102,58,44
Locotommy,blackrock,2217,monk,windwalker,83,48,35
Keeferslover,dun-morogh,2187,monk,windwalker,66,39,27
Brñ,twisting-nether,2186,monk,windwalker,84,44,40
Daosh,nemesis,2178,monk,windwalker,97,51,46
Tianzu,twisting-nether,2173,monk,windwalker,228,122,106
Monkmeta,frostwolf,2171,monk,windwalker,114,70,44
Щищ,gordunni,2170,monk,windwalker,198,114,84
Teressah,argent-dawn,2169,monk,windwalker,84,48,36
Senretsu,shattered-halls,2165,monk,windwalker,120,62,58
Fistenjoyer,outland,2159,monk,windwalker,155,84,71
Edenmonk,dun-morogh,2152,monk,windwalker,72,42,30
Stÿvww,archimonde,2152,monk,windwalker,85,48,37
Lilcatlife,tyrande,2152,monk,windwalker,72,38,34
Plaww,dalaran,2148,monk,windwalker,138,83,55
Snusochnocco,the-maelstrom,2136,monk,windwalker,126,64,62
Hitsuwalker,archimonde,2130,monk,windwalker,228,124,104
Tabetai,tarren-mill,2125,monk,windwalker,90,46,44
Redundänt,kazzak,2122,monk,windwalker,84,46,38
Edenwalker,dun-morogh,2121,monk,windwalker,96,46,50
Shrimpcawk,alonsus,2100,monk,windwalker,271,152,119
Deretrox,twisting-nether,2097,monk,windwalker,101,54,47
Pichouhuahua,elune,2096,monk,windwalker,120,63,57
Muix,draenor,2091,monk,windwalker,60,34,26
Rivaz,archimonde,2090,monk,windwalker,102,53,49
Leppix,outland,2090,monk,windwalker,137,66,71
Unpruneable,stormscale,2086,monk,windwalker,220,109,111
Váinz,ravencrest,2077,monk,windwalker,90,44,46
Elinalia,burning-legion,2067,monk,windwalker,150,75,75
Rivazsunkick,archimonde,2055,monk,windwalker,238,116,122
Diagmonk,arathi,2054,monk,windwalker,77,46,31
Niamix,archimonde,2054,monk,windwalker,248,125,123
Theoww,dragonblight,2047,monk,windwalker,155,76,79
Troopmonk,ravencrest,2046,monk,windwalker,217,112,105
Hefners,grim-batol,2028,monk,windwalker,71,36,35
Dänÿww,elune,2020,monk,windwalker,92,50,42
Melyda,ravencrest,2018,monk,windwalker,252,135,117
Wonkeed,hyjal,2013,monk,windwalker,173,93,80
Аррани,thermaplugg,2012,monk,windwalker,76,42,34
Spectré,outland,2007,monk,windwalker,101,46,55
Venuki,blackrock,2005,monk,windwalker,108,65,43
Ilovealicia,ragnaros,2005,monk,windwalker,89,47,42
Нелегитимный,howling-fjord,2001,monk,windwalker,444,225,219
Stepsyzz,stormscale,2001,monk,windwalker,166,79,87
Имортарион,howling-fjord,2000,monk,windwalker,126,64,62
Gyto,archimonde,1998,monk,windwalker,71,39,32
Ladderfiend,stormscale,1998,monk,windwalker,173,81,92
Rismonk,twisting-nether,1995,monk,windwalker,155,80,75
Цеска,howling-fjord,1993,monk,windwalker,95,49,46
Минимонахх,blackscar,1985,monk,windwalker,99,46,53
Мистмастер,soulflayer,1984,monk,windwalker,48,30,18
Xinxanxonxin,zuljin,1981,monk,windwalker,72,38,34
Fistinguhuhu,outland,1978,monk,windwalker,150,71,79
Orkamonka,burning-legion,1977,monk,windwalker,54,31,23
Erazhen,blackrock,1977,monk,windwalker,60,31,29
Eth,nagrand,1975,monk,windwalker,84,42,42
Санварион,eversong,1971,monk,windwalker,114,60,54
Bulluh,blackmoore,1964,monk,windwalker,59,31,28
Juujika,ravencrest,1961,monk,windwalker,53,31,22
Shpunk,ravencrest,1959,monk,windwalker,196,99,97
Fotmwalker,ragnaros,1958,monk,windwalker,383,197,186
Дезмимонк,ashenvale,1957,monk,windwalker,55,29,26
Pandamoniun,aggra-português,1957,monk,windwalker,236,119,117
Vixia,outland,1956,monk,windwalker,35,21,14
Nicesky,ravencrest,1955,monk,windwalker,126,64,62
Ellipirelli,doomhammer,1953,monk,windwalker,115,55,60
Rismonk,frostmane,1952,monk,windwalker,78,40,38
Rêshi,draenor,1951,monk,windwalker,168,102,66
Fabrina,blackrock,1949,monk,windwalker,114,58,56
Däemon,twisting-nether,1946,monk,windwalker,84,43,41
Sørann,drekthar,1943,monk,windwalker,100,55,45
Милыйколян,soulflayer,1935,monk,windwalker,72,35,37
Wolmachégodx,archimonde,1933,monk,windwalker,54,30,24
Balia,blackrock,1929,monk,windwalker,106,50,56
Enerchi,ravencrest,1926,monk,windwalker,90,48,42
Jájsemshadow,drakthul,1922,monk,windwalker,72,37,35
Gararasu,eredar,1921,monk,windwalker,53,28,25
Сугробикк,soulflayer,1920,monk,windwalker,98,43,55
Mikedcrybaby,tarren-mill,1916,monk,windwalker,183,99,84
Dêsmî,ravencrest,1913,monk,windwalker,34,25,9
Sobadzlolz,alexstrasza,1911,monk,windwalker,184,104,80
Kåýðø,archimonde,1906,monk,windwalker,74,42,32
Джэкичача,soulflayer,1906,monk,windwalker,86,43,43
Riskcapcap,dentarg,1905,monk,windwalker,72,37,35
Hôllowx,throkferoth,1905,monk,windwalker,60,29,31
Devilmønk,thrall,1903,monk,windwalker,156,81,75
Fln,blackrock,1902,monk,windwalker,82,45,37
Pitball,ravencrest,1898,monk,windwalker,72,36,36
Ванфист,gordunni,1897,monk,windwalker,202,113,89
Ksâin,ravencrest,1896,monk,windwalker,66,34,32
Oberháupt,blackrock,1893,monk,windwalker,78,43,35
Ratslayerz,dun-modr,1890,monk,windwalker,90,50,40
Krothus,tarren-mill,1889,monk,windwalker,91,57,34
Копытька,gordunni,1889,monk,windwalker,63,35,28
Ревенджж,howling-fjord,1887,monk,windwalker,178,89,89
Bwayn,blackhand,1886,monk,windwalker,166,81,85
Zukatan,tarren-mill,1884,monk,windwalker,163,81,82
Муррчалкин,howling-fjord,1880,monk,windwalker,48,28,20
Rorkito,sanguino,1880,monk,windwalker,92,49,43
Shaolinthug,stormscale,1877,monk,windwalker,77,34,43
Vexíllum,sylvanas,1876,monk,windwalker,96,51,45
Инрэйджинкап,soulflayer,1874,monk,windwalker,246,121,125
Pelou,culte-de-la-rive-noire,1871,monk,windwalker,121,71,50
Ztl,twisting-nether,1871,monk,windwalker,191,104,87
Тихийпук,deathguard,1869,monk,windwalker,176,99,77
Stillwater,thrall,1868,monk,windwalker,244,124,120
Beernie,tarren-mill,1867,monk,windwalker,72,44,28
Wheelchairqt,stormscale,1865,monk,windwalker,30,20,10
Ellevance,draenor,1865,monk,windwalker,77,43,34
Эльморо,goldrinn,1865,monk,windwalker,54,30,24
Vandamme,archimonde,1864,monk,windwalker,68,36,32
Ãmaterasû,kazzak,1864,monk,windwalker,61,30,31
Doktormonk,blackrock,1863,monk,windwalker,232,128,104
Brüshïë,kazzak,1863,monk,windwalker,65,33,32
Mosch,blackrock,1862,monk,windwalker,76,40,36
Форгетх,soulflayer,1862,monk,windwalker,60,31,29
Niyka,silvermoon,1861,monk,windwalker,84,48,36
Ninadobrév,stormscale,1860,monk,windwalker,162,91,71
Uwuhehe,ravencrest,1859,monk,windwalker,64,38,26
Helloimfrank,tarren-mill,1857,monk,windwalker,54,28,26
Hôllowx,archimonde,1856,monk,windwalker,51,30,21
Маруты,soulflayer,1855,monk,windwalker,88,35,53
Adrianchase,ravencrest,1854,monk,windwalker,60,35,25
Kitcheneer,twisting-nether,1851,monk,windwalker,69,40,29
Kokushibo,cthun,1850,monk,windwalker,54,28,26
Tinjihn,magtheridon,1850,monk,windwalker,186,92,94
Яагрессивный,howling-fjord,1850,monk,windwalker,74,36,38
Lullerull,silvermoon,1849,monk,windwalker,69,39,30
Hurricrane,kazzak,1846,monk,windwalker,250,123,127
Trendyroxy,blackrock,1846,monk,windwalker,133,64,69
Carbozø,archimonde,1844,monk,windwalker,143,82,61
Boostarevine,stormscale,1842,monk,windwalker,59,38,21
Gorguts,stormscale,1842,monk,windwalker,72,39,33
Häshbulla,ragnaros,1840,monk,windwalker,51,30,21
Venrea,archimonde,1840,monk,windwalker,75,39,36
Santanax,ravencrest,1834,monk,windwalker,42,27,15
Zéroneufsix,silvermoon,1834,monk,windwalker,68,31,37
Kungfuhkyou,tarren-mill,1833,monk,windwalker,36,23,13
Peaceweaver,ravencrest,1832,monk,windwalker,118,65,53
Linuxx,ravencrest,1832,monk,windwalker,90,45,45
Chucknorrîs,doomhammer,1831,monk,windwalker,79,47,32
Këftêmé,kazzak,1831,monk,windwalker,66,39,27
Toyless,ravencrest,1831,monk,windwalker,54,27,27
Freehelper,stormscale,1831,monk,windwalker,66,28,38
Iløvealicia,ravencrest,1830,monk,windwalker,58,28,30
Диванн,howling-fjord,1827,monk,windwalker,53,27,26
Sàitama,hyjal,1827,monk,windwalker,58,29,29
Jinpachi,ravencrest,1826,monk,windwalker,48,23,25
Iceym,stormscale,1825,monk,windwalker,81,41,40
Monkini,kazzak,1823,monk,windwalker,54,27,27
Dévíllíá,ragnaros,1822,monk,windwalker,54,25,29
Blïss,kazzak,1820,monk,windwalker,84,47,37
Broner,dunemaul,1820,monk,windwalker,52,26,26
Domww,outland,1819,monk,windwalker,174,90,84
Iminzww,ravencrest,1819,monk,windwalker,90,45,45
Вагонюлеера,howling-fjord,1819,monk,windwalker,46,22,24
Denjasftw,culte-de-la-rive-noire,1818,monk,windwalker,42,27,15
Megatazz,hyjal,1818,monk,windwalker,105,60,45
Bläckijackï,hyjal,1818,monk,windwalker,50,28,22
Атммо,soulflayer,1817,monk,windwalker,60,32,28
Sayozz,hyjal,1817,monk,windwalker,407,204,203
Saadx,ravencrest,1816,monk,windwalker,205,111,94
Sultanofrizz,draenor,1815,monk,windwalker,48,26,22
Дуэльныйчел,howling-fjord,1815,monk,windwalker,152,79,73
Monkees,twisting-nether,1815,monk,windwalker,65,33,32
Pêterpump,blackrock,1813,monk,windwalker,180,95,85
Sinted,blackmoore,1813,monk,windwalker,61,30,31
Mónkâs,tarren-mill,1810,monk,windwalker,72,32,40
Mollytov,tarren-mill,1810,monk,windwalker,77,33,44
Moistpocket,stormscale,1809,monk,windwalker,66,29,37
Ugabugash,silvermoon,1808,monk,windwalker,60,36,24
Рэйвх,howling-fjord,1808,monk,windwalker,36,19,17
Sushiroll,stormrage,1808,monk,windwalker,111,55,56
Arsonists,argent-dawn,1807,monk,windwalker,52,28,24
Baltimore,stormscale,1806,monk,windwalker,36,25,11
Shaokïng,exodar,1806,monk,windwalker,120,67,53
Mebrin,ragnaros,1805,monk,windwalker,71,37,34
Madelnheaven,burning-legion,1805,monk,windwalker,73,38,35
Heyami,ravencrest,1805,monk,windwalker,60,29,31
Åbyssgòd,kazzak,1805,monk,windwalker,60,24,36
Möîne,arathi,1804,monk,windwalker,90,47,43
Unangebracht,silvermoon,1803,monk,windwalker,227,121,106
Pandafuki,ravencrest,1803,monk,windwalker,62,33,29
Saltotriks,tarren-mill,1802,monk,windwalker,62,28,34
Notmelo,dun-modr,1801,monk,windwalker,48,25,23
Windwanker,eredar,1800,monk,windwalker,36,22,14
Калестонз,howling-fjord,1797,monk,windwalker,60,33,27
Чеченборцуха,howling-fjord,1795,monk,windwalker,42,28,14
Yacum,blackrock,1795,monk,windwalker,77,35,42
Akuuji,silvermoon,1793,monk,windwalker,60,32,28
Karmaisabich,ragnaros,1792,monk,windwalker,30,19,11
Yukfou,tarren-mill,1792,monk,windwalker,59,28,31
Kaijam,argent-dawn,1792,monk,windwalker,78,33,45
Fapmaster,aegwynn,1791,monk,windwalker,54,26,28
Korié,ravencrest,1790,monk,windwalker,85,47,38
Domiqx,blackhand,1790,monk,windwalker,54,26,28
Projectasura,draenor,1787,monk,windwalker,233,118,115
Pàrádìsé,ravencrest,1787,monk,windwalker,119,60,59
Omnibar,kazzak,1786,monk,windwalker,42,24,18
Skailzkrt,hyjal,1786,monk,windwalker,51,23,28
Salvaje,stormscale,1783,monk,windwalker,170,96,74
Mcflaïe,ysondre,1783,monk,windwalker,54,29,25
Ravelbaby,blackrock,1783,monk,windwalker,61,31,30
Yassøux,archimonde,1783,monk,windwalker,323,160,163
Циорех,gordunni,1781,monk,windwalker,99,59,40
Heran,ravencrest,1781,monk,windwalker,205,98,107
Эвэйжион,gordunni,1780,monk,windwalker,102,62,40
Тэсти,blackscar,1779,monk,windwalker,75,38,37
Ampm,ravencrest,1779,monk,windwalker,56,27,29
Arachmk,drakthul,1779,monk,windwalker,90,41,49
Mynokxu,blackmoore,1775,monk,windwalker,98,56,42
Жъёь,howling-fjord,1775,monk,windwalker,59,30,29
Lonechi,sylvanas,1774,monk,windwalker,59,32,27
Anteric,sylvanas,1773,monk,windwalker,42,27,15
Sponkas,tarren-mill,1768,monk,windwalker,42,20,22
Shoura,blackmoore,1767,monk,windwalker,72,35,37
Lørðbrøñkø,blackrock,1766,monk,windwalker,112,64,48
Klumpenx,draenor,1766,monk,windwalker,86,44,42
Jiya,blackmoore,1766,monk,windwalker,143,70,73
Ароба,blackscar,1766,monk,windwalker,90,42,48
Twinny,drakthul,1765,monk,windwalker,96,54,42
Pwaff,kazzak,1765,monk,windwalker,90,47,43
Sororicide,stormscale,1764,monk,windwalker,179,88,91
Donvishas,aegwynn,1761,monk,windwalker,131,69,62
Nightingalê,silvermoon,1758,monk,windwalker,60,33,27
Moultsou,hyjal,1758,monk,windwalker,66,33,33
Flunkefar,defias-brotherhood,1758,monk,windwalker,102,45,57
Fistu,silvermoon,1757,monk,windwalker,55,33,22
Zandoy,draenor,1756,monk,windwalker,82,46,36
Такюн,howling-fjord,1752,monk,windwalker,467,236,231
Soulja,bloodfeather,1749,monk,windwalker,451,224,227
Ackken,twisting-nether,1748,monk,windwalker,51,26,25
Shînøbi,dalaran,1744,monk,windwalker,146,67,79
Фодз,soulflayer,1743,monk,windwalker,81,33,48
Gonkun,outland,1741,monk,windwalker,139,73,66
Yipmaan,kazzak,1737,monk,windwalker,67,39,28
Dwdw,aerie-peak,1737,monk,windwalker,54,28,26
Yungdrippy,eredar,1736,monk,windwalker,82,42,40
Xiâomèi,dun-modr,1735,monk,windwalker,132,63,69
Healbotzweik,frostwolf,1735,monk,windwalker,90,39,51
Shoenk,blackhand,1732,monk,windwalker,48,26,22
Charlett,the-venture-co,1730,monk,windwalker,87,53,34
Deuxmonk,outland,1729,monk,windwalker,60,23,37
Osalot,ravencrest,1728,monk,windwalker,72,37,35
Shagzy,ravencrest,1727,monk,windwalker,41,25,16
Yeratel,argent-dawn,1726,monk,windwalker,135,65,70
Kjeyro,ravencrest,1725,monk,windwalker,30,18,12
Виндволкерша,gordunni,1725,monk,windwalker,54,31,23
Agren,argent-dawn,1725,monk,windwalker,41,19,22
Senguro,frostwolf,1724,monk,windwalker,42,25,17
Roidcarry,blackrock,1720,monk,windwalker,83,45,38
Reõ,argent-dawn,1719,monk,windwalker,135,74,61
Varis,stormreaver,1718,monk,windwalker,39,19,20
Трэйци,blackscar,1716,monk,windwalker,39,23,16
Narstie,kazzak,1714,monk,windwalker,71,36,35
Виноипиво,soulflayer,1713,monk,windwalker,60,30,30
Ютуми,soulflayer,1712,monk,windwalker,48,24,24
Jjslag,stormscale,1712,monk,windwalker,102,48,54
Димакарма,howling-fjord,1712,monk,windwalker,101,45,56
Mystx,stormrage,1711,monk,windwalker,30,19,11
Béarly,outland,1710,monk,windwalker,36,18,18
Rerowine,magtheridon,1710,monk,windwalker,117,54,63
Aslêyia,antonidas,1709,monk,windwalker,49,26,23
Dansaam,tarren-mill,1706,monk,windwalker,24,18,6
Шейдла,soulflayer,1705,monk,windwalker,81,44,37
Лагвай,gordunni,1705,monk,windwalker,42,21,21
Рокебайбейби,howling-fjord,1704,monk,windwalker,264,137,127
Тхэгык,soulflayer,1704,monk,windwalker,42,18,24
Karateboy,dun-modr,1703,monk,windwalker,42,25,17
Wwfastsoloq,zenedar,1703,monk,windwalker,36,20,16
Reelaxyyz,outland,1703,monk,windwalker,84,42,42
Бадхидхаарма,booty-bay,1703,monk,windwalker,120,55,65
Pili,aegwynn,1702,monk,windwalker,42,25,17
Cheethfu,ragnaros,1700,monk,windwalker,58,36,22
Bugrika,tarren-mill,1700,monk,windwalker,48,24,24
Wuux,tarren-mill,1699,monk,windwalker,107,59,48
Chiscake,blackrock,1699,monk,windwalker,40,22,18
Tommypistol,runetotem,1698,monk,windwalker,226,109,117
Zéroneufsizz,silvermoon,1697,monk,windwalker,42,21,21
Sesi,drakthul,1697,monk,windwalker,82,36,46
Драконзмей,soulflayer,1696,monk,windwalker,82,38,44
Fistingbull,grim-batol,1694,monk,windwalker,126,67,59
Testmonial,hyjal,1694,monk,windwalker,48,21,27
Catchmee,agamaggan,1693,monk,windwalker,36,21,15
Waaks,archimonde,1692,monk,windwalker,102,56,46
Мандаирины,gordunni,1691,monk,windwalker,42,24,18
Янакаблуках,howling-fjord,1691,monk,windwalker,335,182,153
Cander,stormscale,1691,monk,windwalker,36,18,18
Ashânti,eredar,1691,monk,windwalker,62,30,32
Cranekickbot,ravencrest,1689,monk,windwalker,83,36,47
Шотгар,howling-fjord,1688,monk,windwalker,54,25,29
Bnî,blackmoore,1687,monk,windwalker,75,47,28
Ijji,argent-dawn,1687,monk,windwalker,60,25,35
Мионелолл,goldrinn,1686,monk,windwalker,82,47,35
Fistofrage,ravencrest,1686,monk,windwalker,63,36,27
Seyley,tarren-mill,1684,monk,windwalker,42,26,16
Greenshortea,aegwynn,1684,monk,windwalker,36,18,18
Jafandmeja,tarren-mill,1683,monk,windwalker,106,65,41
Гладастар,soulflayer,1682,monk,windwalker,156,79,77
Yobo,archimonde,1682,monk,windwalker,59,29,30
Khrylx,twisting-nether,1681,monk,windwalker,40,25,15
Pawsgodx,ragnaros,1681,monk,windwalker,48,27,21
Tenshinhann,outland,1681,monk,windwalker,78,37,41
Tisaki,blackhand,1680,monk,windwalker,41,25,16
Hilzaxsub,archimonde,1679,monk,windwalker,47,29,18
Pazü,ysondre,1679,monk,windwalker,119,57,62
Кианасоломид,gordunni,1678,monk,windwalker,236,118,118
Inkegomonk,draenor,1678,monk,windwalker,108,50,58
Эльторо,goldrinn,1678,monk,windwalker,89,40,49
Holmwalker,twisting-nether,1677,monk,windwalker,70,31,39
Saodiseng,outland,1675,monk,windwalker,113,60,53
Mädic,outland,1673,monk,windwalker,42,22,20
Zenothar,ravencrest,1672,monk,windwalker,42,28,14
Kebabvevaren,twisting-nether,1672,monk,windwalker,33,21,12
Whoszeus,archimonde,1672,monk,windwalker,45,26,19
Bloodfist,zuljin,1671,monk,windwalker,46,27,19
Vyneth,draenor,1669,monk,windwalker,41,25,16
Tubørg,ravencrest,1669,monk,windwalker,48,23,25
Idiot,outland,1667,monk,windwalker,70,35,35
Antomamonk,ravencrest,1666,monk,windwalker,87,43,44
Mîsts,aszune,1664,monk,windwalker,50,26,24
Morslee,burning-legion,1664,monk,windwalker,133,64,69
Gresmar,defias-brotherhood,1663,monk,windwalker,159,78,81
Bigfistah,tarren-mill,1663,monk,windwalker,52,25,27
Blwh,stormscale,1663,monk,windwalker,48,22,26
Vtx,blackrock,1662,monk,windwalker,30,18,12
Ilovefreddy,stormscale,1660,monk,windwalker,54,23,31
Hazzat,nordrassil,1659,monk,windwalker,60,35,25
Geeér,outland,1658,monk,windwalker,42,24,18
Chaospilot,sylvanas,1658,monk,windwalker,194,92,102
Базилмнк,howling-fjord,1655,monk,windwalker,35,22,13
Shardonay,ravencrest,1655,monk,windwalker,42,26,16
Трайтубайтми,gordunni,1653,monk,windwalker,63,32,31
Saduh,thrall,1653,monk,windwalker,44,20,24
Минагороси,galakrond,1652,monk,windwalker,54,31,23
Goldenww,sanguino,1650,monk,windwalker,117,70,47
Shirkán,ragnaros,1649,monk,windwalker,36,21,15
Hunkfur,ravencrest,1649,monk,windwalker,68,36,32
Thérez,les-sentinelles,1648,monk,windwalker,42,22,20
Yiannischan,draenor,1647,monk,windwalker,110,56,54
Bonepalm,kazzak,1646,monk,windwalker,23,18,5
Кишмякмонк,howling-fjord,1646,monk,windwalker,60,31,29
Гуппер,howling-fjord,1646,monk,windwalker,54,23,31
Capedbaldy,blackhand,1645,monk,windwalker,29,18,11
Meineaugen,blackhand,1644,monk,windwalker,29,19,10
Faustux,blackmoore,1644,monk,windwalker,60,28,32
Лазанья,grom,1642,monk,windwalker,90,39,51
Bubjuu,ravencrest,1642,monk,windwalker,54,22,32
Alkanphel,kazzak,1641,monk,windwalker,30,20,10
Miløøx,silvermoon,1641,monk,windwalker,76,40,36
Embodimonk,twisting-nether,1640,monk,windwalker,238,126,112
Хекмуги,borean-tundra,1639,monk,windwalker,163,84,79
Chigre,hyjal,1638,monk,windwalker,72,37,35
Kármo,thrall,1638,monk,windwalker,41,20,21
Shanokee,blackrock,1635,monk,windwalker,36,21,15
Futtefut,ravencrest,1635,monk,windwalker,60,25,35
Mefîsto,blackrock,1634,monk,windwalker,69,38,31
Zenified,ragnaros,1633,monk,windwalker,48,24,24
Акумах,blackscar,1632,monk,windwalker,111,55,56
Anhox,ragnaros,1629,monk,windwalker,54,27,27
Монголгодх,howling-fjord,1627,monk,windwalker,204,116,88
Samantonah,nemesis,1626,monk,windwalker,57,37,20
Пекинес,gordunni,1626,monk,windwalker,42,22,20
Løllapalooza,ragnaros,1626,monk,windwalker,57,29,28
Diefist,ravencrest,1625,monk,windwalker,46,21,25
Jonnyboxer,ravencrest,1624,monk,windwalker,30,20,10
Akhlÿs,ysondre,1624,monk,windwalker,30,17,13
Bossdog,mugthol,1623,monk,windwalker,33,21,12
Vark,bloodscalp,1623,monk,windwalker,42,22,20
Denji,kargath,1622,monk,windwalker,36,18,18
Дыня,gordunni,1621,monk,windwalker,24,18,6
Монкигодхх,howling-fjord,1621,monk,windwalker,31,21,10
Wwisalright,burning-legion,1621,monk,windwalker,50,28,22
Potsymist,twisting-nether,1621,monk,windwalker,37,19,18
Sylicia,alleria,1621,monk,windwalker,110,52,58
Hybridtheory,doomhammer,1620,monk,windwalker,159,81,78
Iastyn,kazzak,1620,monk,windwalker,99,50,49
Drýton,blackrock,1619,monk,windwalker,30,17,13
Sérrè,tarren-mill,1618,monk,windwalker,48,25,23
Qwizqwak,twisting-nether,1618,monk,windwalker,48,22,26
Mikz,ravencrest,1617,monk,windwalker,98,55,43
Shalysa,ravencrest,1616,monk,windwalker,47,27,20
Gaehitmonlee,ravencrest,1616,monk,windwalker,265,141,124
Erenaar,nemesis,1614,monk,windwalker,60,43,17
Karpanderi,stormreaver,1614,monk,windwalker,29,17,12
Fijiwater,draenor,1613,monk,windwalker,24,17,7
Тринх,ashenvale,1613,monk,windwalker,54,31,23
Nhola,sanguino,1613,monk,windwalker,136,76,60
Saisha,defias-brotherhood,1613,monk,windwalker,36,20,16
Tea,arathor,1613,monk,windwalker,134,70,64
Notsmol,quelthalas,1613,monk,windwalker,60,29,31
Owalker,ravencrest,1611,monk,windwalker,24,17,7
Tauti,dun-morogh,1610,monk,windwalker,36,21,15
Fablemayfly,tarren-mill,1610,monk,windwalker,115,60,55
Schøcker,blackmoore,1610,monk,windwalker,84,38,46
Dankiron,darksorrow,1610,monk,windwalker,56,24,32
Humpenpower,blackhand,1609,monk,windwalker,53,32,21
Гкдшка,blackscar,1609,monk,windwalker,45,20,25
Xullon,dragonblight,1608,monk,windwalker,100,50,50
Steros,die-aldor,1608,monk,windwalker,42,21,21
Тайммуайтай,howling-fjord,1606,monk,windwalker,90,50,40
Vayarah,antonidas,1605,monk,windwalker,54,28,26
Меняубило,howling-fjord,1605,monk,windwalker,94,43,51
Karmachi,ravencrest,1605,monk,windwalker,95,42,53
Такиера,gordunni,1604,monk,windwalker,36,20,16
Сандерстрайк,howling-fjord,1604,monk,windwalker,67,37,30
Thungara,emerald-dream,1604,monk,windwalker,42,22,20
Valduri,stormscale,1604,monk,windwalker,60,27,33
Фортрен,deepholm,1603,monk,windwalker,105,49,56
Faustix,blackmoore,1602,monk,windwalker,78,42,36
Thyf,drakthul,1602,monk,windwalker,72,30,42
Nigu,dun-modr,1601,monk,windwalker,79,44,35
Soxx,arthas,1601,monk,windwalker,137,74,63
Blizò,tarren-mill,1601,monk,windwalker,36,19,17
Lycké,silvermoon,1600,monk,windwalker,96,55,41
Lemmeportbk,ravencrest,1599,monk,windwalker,56,24,32
Stormymonk,blackrock,1599,monk,windwalker,53,21,32
Jeppehmonk,stormscale,1596,monk,windwalker,36,19,17
Sugura,dethecus,1595,monk,windwalker,54,28,26
Naschitüte,blackrock,1594,monk,windwalker,387,195,192
Vuzashiji,argent-dawn,1591,monk,windwalker,96,51,45
Ròux,blackmoore,1589,monk,windwalker,53,27,26
Mabkww,ravencrest,1587,monk,windwalker,30,17,13
Ocëane,sanguino,1584,monk,windwalker,224,111,113
Mionoor,aegwynn,1583,monk,windwalker,309,148,161
Bluumorc,ravencrest,1580,monk,windwalker,30,20,10
Skiplegsweeb,stormscale,1579,monk,windwalker,30,21,9
Fistedx,twisting-nether,1578,monk,windwalker,136,62,74
Belobe,stormscale,1577,monk,windwalker,42,22,20
Hosh,ysondre,1577,monk,windwalker,79,38,41
Нэдэлин,greymane,1575,monk,windwalker,42,25,17
Атакцуки,gordunni,1572,monk,windwalker,57,31,26
Fullzi,dalaran,1572,monk,windwalker,42,20,22
Sweeneyboo,outland,1570,monk,windwalker,120,60,60
Rayokhen,kazzak,1568,monk,windwalker,42,21,21
Heffertonne,eredar,1566,monk,windwalker,30,19,11
Djshady,sylvanas,1566,monk,windwalker,60,30,30
Leadgen,tarren-mill,1565,monk,windwalker,89,43,46
Монашкасюэ,howling-fjord,1564,monk,windwalker,36,24,12
Crewladal,arakarahm,1562,monk,windwalker,80,33,47
Monkenio,stormscale,1561,monk,windwalker,36,18,18
Луэнн,gordunni,1559,monk,windwalker,150,79,71
Ñinjakick,outland,1557,monk,windwalker,66,28,38
Permagone,argent-dawn,1555,monk,windwalker,60,33,27
Schmidti,kazzak,1553,monk,windwalker,48,17,31
Муайтайец,howling-fjord,1552,monk,windwalker,83,39,44
Gdkz,tarren-mill,1552,monk,windwalker,54,21,33
Ролитта,gordunni,1551,monk,windwalker,54,34,20
Räudiger,nazjatar,1551,monk,windwalker,269,140,129
Djinÿ,ysondre,1550,monk,windwalker,92,51,41
Sòftx,stormscale,1549,monk,windwalker,34,22,12
Ktrina,ravencrest,1548,monk,windwalker,51,26,25
Earendil,culte-de-la-rive-noire,1547,monk,windwalker,48,29,19
Kirkeý,ravencrest,1546,monk,windwalker,85,42,43
Chulli,stormscale,1546,monk,windwalker,55,27,28
Goldengem,silvermoon,1546,monk,windwalker,42,18,24
Deme,sylvanas,1545,monk,windwalker,81,46,35
Djbuttholex,tarren-mill,1539,monk,windwalker,35,18,17
Анпапаяя,galakrond,1535,monk,windwalker,53,30,23
Toúch,blackmoore,1535,monk,windwalker,88,39,49
Ryle,forscherliga,1534,monk,windwalker,42,21,21
Qdwdwqerdads,ravencrest,1533,monk,windwalker,42,21,21
Wajoba,blackhand,1533,monk,windwalker,36,16,20
Chireapz,blackrock,1532,monk,windwalker,48,25,23
Зестус,galakrond,1531,monk,windwalker,36,16,20
Defrinol,grim-batol,1529,monk,windwalker,42,21,21
Тшейши,howling-fjord,1526,monk,windwalker,54,28,26
Scribzw,twisting-nether,1524,monk,windwalker,24,16,8
Волкейн,soulflayer,1522,monk,windwalker,36,16,20
Mezz,ahnqiraj,1522,monk,windwalker,36,16,20
Eonyzi,kazzak,1521,monk,windwalker,54,27,27
Mink,uldum,1521,monk,windwalker,36,18,18
Jogiemonk,ravencrest,1520,monk,windwalker,24,16,8
Elpuncho,dentarg,1517,monk,windwalker,78,42,36
Litenværen,tarren-mill,1515,monk,windwalker,24,16,8
Orkuuddiu,pozzo-delleternità,1515,monk,windwalker,113,57,56
Ànklar,blackrock,1514,monk,windwalker,63,30,33
Хзт,howling-fjord,1514,monk,windwalker,111,49,62
Feyzmonk,ysondre,1513,monk,windwalker,30,16,14
Ноупэйн,soulflayer,1513,monk,windwalker,48,21,27
Prototypx,blackmoore,1511,monk,windwalker,48,31,17
Nèlvár,blackhand,1511,monk,windwalker,52,30,22
Fattony,bronzebeard,1510,monk,windwalker,46,30,16
Траблы,howling-fjord,1507,monk,windwalker,30,16,14
Дивипи,blackscar,1506,monk,windwalker,54,24,30
Kaztruman,draenor,1505,monk,windwalker,74,36,38
Bastos,blackrock,1504,monk,windwalker,363,183,180
Roptoglad,hyjal,1503,monk,windwalker,47,22,25
Artharox,anachronos,1501,monk,windwalker,36,22,14
Merilwyn,argent-dawn,1500,monk,windwalker,46,27,19
Lassith,ravencrest,1497,monk,windwalker,30,16,14
Okilexsan,sanguino,1495,monk,windwalker,41,30,11
Nggz,archimonde,1495,monk,windwalker,121,73,48
Kukazamura,silvermoon,1495,monk,windwalker,83,41,42
Kàrmà,aegwynn,1495,monk,windwalker,42,18,24
Zahj,ysondre,1493,monk,windwalker,25,16,9
Doobly,kazzak,1493,monk,windwalker,233,120,113
Shypanda,blackhand,1492,monk,windwalker,119,66,53
Байтли,gordunni,1490,monk,windwalker,84,42,42
Ívó,ragnaros,1490,monk,windwalker,84,41,43
Дайкиаомине,gordunni,1489,monk,windwalker,41,20,21
Annamonk,tarren-mill,1489,monk,windwalker,48,16,32
Jolbucheron,hyjal,1481,monk,windwalker,114,58,56
Plsnerfmemor,hyjal,1480,monk,windwalker,64,32,32
Awesomebrah,the-maelstrom,1478,monk,windwalker,36,19,17
Miyagisensei,ravencrest,1478,monk,windwalker,88,43,45
ßibip,hyjal,1475,monk,windwalker,38,25,13
Bèrïth,kazzak,1475,monk,windwalker,102,48,54
Mynaira,tarren-mill,1471,monk,windwalker,43,18,25
Kunjo,earthen-ring,1470,monk,windwalker,78,38,40
Senshí,stormscale,1468,monk,windwalker,42,20,22
Galaxyfists,blackhand,1467,monk,windwalker,132,68,64
Ìnconnu,dalaran,1466,monk,windwalker,124,63,61
Gotmonkon,tarren-mill,1466,monk,windwalker,42,19,23
Shapzxd,archimonde,1465,monk,windwalker,47,19,28
Реброперо,gordunni,1463,monk,windwalker,69,29,40
Крутотимс,howling-fjord,1463,monk,windwalker,47,18,29
Bîmbâmboom,blackmoore,1462,monk,windwalker,66,27,39
Gorskie,silvermoon,1461,monk,windwalker,39,19,20
Fungamelol,blackhand,1460,monk,windwalker,36,22,14
Rãkan,kazzak,1460,monk,windwalker,78,44,34
Fantazero,burning-legion,1459,monk,windwalker,35,16,19
Sagewhisper,ravencrest,1458,monk,windwalker,57,27,30
Dòrâ,archimonde,1458,monk,windwalker,93,43,50
Jackywayne,blackmoore,1457,monk,windwalker,65,33,32
Kneecapper,ravencrest,1457,monk,windwalker,171,86,85
Vibé,blackmoore,1454,monk,windwalker,47,27,20
Andyww,doomhammer,1454,monk,windwalker,54,17,37
Monzziess,draenor,1453,monk,windwalker,72,34,38
Lellaccio,pozzo-delleternità,1453,monk,windwalker,36,16,20
Boxpunchkick,kazzak,1452,monk,windwalker,62,30,32
Gatyz,archimonde,1450,monk,windwalker,69,31,38
Rationis,blackmoore,1449,monk,windwalker,30,16,14
Kamui,naxxramas,1446,monk,windwalker,57,32,25
Mcsmack,argent-dawn,1444,monk,windwalker,54,33,21
Купейчик,gordunni,1444,monk,windwalker,66,27,39
Spinntowin,blackmoore,1442,monk,windwalker,114,57,57
Street,nethersturm,1441,monk,windwalker,36,23,13
Cac,argent-dawn,1440,monk,windwalker,175,82,93
Risomonk,blackrock,1437,monk,windwalker,43,20,23
Артемиоксх,blackscar,1437,monk,windwalker,37,15,22
Gorfax,sanguino,1436,monk,windwalker,54,31,23
Ðâvàizskÿ,ysondre,1436,monk,windwalker,30,15,15
Wakmo,bladefist,1435,monk,windwalker,97,51,46
Såliten,tarren-mill,1435,monk,windwalker,30,15,15
Флурсон,gordunni,1434,monk,windwalker,24,15,9
Bigdickmonk,blackmoore,1434,monk,windwalker,48,22,26
Niyatî,draenor,1433,monk,windwalker,34,16,18
Agitoyamissj,burning-legion,1433,monk,windwalker,148,69,79
Flowér,auchindoun,1433,monk,windwalker,36,15,21
Простогаля,howling-fjord,1432,monk,windwalker,136,73,63
Домудароги,gordunni,1431,monk,windwalker,60,29,31
Nodzomi,shadowsong,1425,monk,windwalker,83,45,38
Jukei,blackmoore,1425,monk,windwalker,30,15,15
Pandarok,argent-dawn,1425,monk,windwalker,55,25,30
Hymek,defias-brotherhood,1424,monk,windwalker,24,15,9
Melaz,ravencrest,1423,monk,windwalker,24,15,9
Greytail,argent-dawn,1422,monk,windwalker,48,22,26
Jeydi,ravencrest,1421,monk,windwalker,111,65,46
Fratznkicker,blackhand,1421,monk,windwalker,119,63,56
Blutáar,khazgoroth,1421,monk,windwalker,60,27,33
Løwping,blackmoore,1421,monk,windwalker,95,41,54
Des,bronzebeard,1420,monk,windwalker,26,17,9
Wazari,nemesis,1420,monk,windwalker,109,55,54
Soleriasbrew,blackhand,1420,monk,windwalker,114,55,59
Exikûsh,frostwolf,1418,monk,windwalker,69,37,32
Thighdiver,emeriss,1416,monk,windwalker,108,60,48
Darré,sylvanas,1416,monk,windwalker,285,138,147
Nikchi,destromath,1416,monk,windwalker,79,35,44
Ketakarlsson,tarren-mill,1415,monk,windwalker,395,209,186
Misutò,tarren-mill,1414,monk,windwalker,48,28,20
Undefinedid,ravencrest,1414,monk,windwalker,146,78,68
Matlahon,kazzak,1413,monk,windwalker,143,71,72
Анике,howling-fjord,1413,monk,windwalker,33,16,17
Mirôku,onyxia,1412,monk,windwalker,48,27,21
Пампич,borean-tundra,1412,monk,windwalker,48,21,27
Votbo,kazzak,1412,monk,windwalker,60,25,35
Dræk,twisting-nether,1410,monk,windwalker,116,60,56
Klapptoast,blackmoore,1409,monk,windwalker,42,25,17
Odanobunaga,ravencrest,1408,monk,windwalker,77,39,38
Гномкия,gordunni,1408,monk,windwalker,30,15,15
Cowboy,veknilash,1404,monk,windwalker,30,15,15
Белено,deathguard,1402,monk,windwalker,30,15,15
Добраядушка,gordunni,1400,monk,windwalker,36,19,17
Fymvy,ravencrest,1400,monk,windwalker,30,15,15
Томтью,gordunni,1400,monk,windwalker,137,68,69
Брэгандерт,gordunni,1400,monk,windwalker,60,26,34
Akÿo,archimonde,1399,monk,windwalker,35,15,20
Pipatvs,drakthul,1398,monk,windwalker,31,21,10
Бладмонки,soulflayer,1395,monk,windwalker,42,18,24
Azato,hyjal,1394,monk,windwalker,60,29,31
Bakash,ysondre,1393,monk,windwalker,352,171,181
Kyraxs,silvermoon,1392,monk,windwalker,53,26,27
Vivvy,argent-dawn,1389,monk,windwalker,47,23,24
Монахнехилит,howling-fjord,1389,monk,windwalker,66,27,39
Laggedfist,kazzak,1388,monk,windwalker,33,15,18
Kîngjungeîle,dalaran,1384,monk,windwalker,30,17,13
Fisty,lightbringer,1384,monk,windwalker,36,15,21
Thekaj,kazzak,1381,monk,windwalker,36,23,13
Кюзичка,gordunni,1379,monk,windwalker,83,38,45
Nolo,outland,1379,monk,windwalker,99,43,56
Yesman,quelthalas,1378,monk,windwalker,205,106,99
Swiftmonky,azuremyst,1376,monk,windwalker,48,27,21
Icecoldish,tarren-mill,1376,monk,windwalker,84,45,39
Recklusa,stormscale,1374,monk,windwalker,69,39,30
Kanõ,outland,1373,monk,windwalker,94,48,46
Odelagga,draenor,1371,monk,windwalker,36,19,17
Lucaspires,sylvanas,1370,monk,windwalker,72,25,47
Îrønfist,blackmoore,1368,monk,windwalker,41,23,18
Yuffîe,sanguino,1367,monk,windwalker,43,18,25
Fífrelin,archimonde,1365,monk,windwalker,60,29,31
Lòthbar,confrérie-du-thorium,1364,monk,windwalker,126,70,56
Kalsdee,argent-dawn,1364,monk,windwalker,32,16,16
Euronymesis,silvermoon,1364,monk,windwalker,61,29,32
Migg,burning-legion,1360,monk,windwalker,40,16,24
Xuuan,argent-dawn,1358,monk,windwalker,125,65,60
Djînns,blackmoore,1356,monk,windwalker,42,22,20
Bobbyknuckls,ravencrest,1352,monk,windwalker,197,94,103
Tempestu,twisting-nether,1352,monk,windwalker,66,29,37
Вамптолкер,howling-fjord,1348,monk,windwalker,42,21,21
Bandiya,archimonde,1348,monk,windwalker,127,61,66
Boutarzi,hyjal,1347,monk,windwalker,54,25,29
Chígoku,grim-batol,1345,monk,windwalker,162,77,85
Intensivee,silvermoon,1345,monk,windwalker,77,36,41
Traxxus,sanguino,1344,monk,windwalker,42,20,22
Astriz,outland,1343,monk,windwalker,24,14,10
Джобишоп,howling-fjord,1340,monk,windwalker,27,15,12
Urgoll,silvermoon,1339,monk,windwalker,59,28,31
Tecisharmony,ravencrest,1338,monk,windwalker,24,14,10
Vulvie,ysondre,1337,monk,windwalker,120,63,57
Астрал,soulflayer,1336,monk,windwalker,24,14,10
Fantasiløs,twisting-nether,1336,monk,windwalker,60,30,30
Piedliés,ravencrest,1336,monk,windwalker,30,14,16
Rayneo,argent-dawn,1336,monk,windwalker,36,14,22
Weetaxx,tarren-mill,1333,monk,windwalker,30,14,16
Lesauceboss,kazzak,1332,monk,windwalker,30,14,16
Йетисан,gordunni,1327,monk,windwalker,167,77,90
Frictional,ravencrest,1324,monk,windwalker,68,27,41
Âdonis,twisting-nether,1323,monk,windwalker,24,14,10
Øbamakush,archimonde,1323,monk,windwalker,36,17,19
Монкфейс,howling-fjord,1323,monk,windwalker,42,16,26
Коркирас,howling-fjord,1322,monk,windwalker,90,50,40
Емопацан,gordunni,1321,monk,windwalker,42,27,15
Kyujushigu,silvermoon,1317,monk,windwalker,102,52,50
Blumonk,argent-dawn,1317,monk,windwalker,286,144,142
Czvibuh,drakthul,1309,monk,windwalker,66,32,34
Keberathom,stormscale,1309,monk,windwalker,131,58,73
Dianly,ravencrest,1308,monk,windwalker,44,15,29
Kungfumite,twisting-nether,1307,monk,windwalker,161,83,78
Mycki,dalaran,1306,monk,windwalker,101,48,53
Loocoos,ragnaros,1305,monk,windwalker,58,35,23
Sarmal,nemesis,1305,monk,windwalker,62,29,33
Fûràxx,hyjal,1300,monk,windwalker,120,61,59
Брысьли,howling-fjord,1300,monk,windwalker,50,23,27
Тейваан,soulflayer,1295,monk,windwalker,54,30,24
Xialongbao,khaz-modan,1291,monk,windwalker,47,19,28
Kylerøne,hyjal,1290,monk,windwalker,106,53,53
Hampocket,ravencrest,1290,monk,windwalker,38,15,23
Cptfist,argent-dawn,1289,monk,windwalker,29,14,15
Phyllochinon,blackrock,1288,monk,windwalker,52,32,20
Óó,los-errantes,1287,monk,windwalker,57,28,29
Яшкациган,howling-fjord,1286,monk,windwalker,88,40,48
Døwe,archimonde,1279,monk,windwalker,29,14,15
Sajin,la-croisade-écarlate,1279,monk,windwalker,29,14,15
Ketrie,argent-dawn,1279,monk,windwalker,60,26,34
Scedadle,outland,1277,monk,windwalker,27,14,13
Calyonn,archimonde,1275,monk,windwalker,87,37,50
Fatlazypanda,argent-dawn,1273,monk,windwalker,56,33,23
Krâr,onyxia,1271,monk,windwalker,48,24,24
Пивондэполо,gordunni,1271,monk,windwalker,46,22,24
Kaipo,ragnaros,1270,monk,windwalker,58,24,34
Mønkeydluffy,blackmoore,1269,monk,windwalker,66,33,33
Likethat,hyjal,1269,monk,windwalker,107,51,56
Miyaghï,dun-modr,1267,monk,windwalker,103,51,52
Nerd,argent-dawn,1265,monk,windwalker,30,14,16
Arshy,silvermoon,1263,monk,windwalker,29,14,15
Maino,dalaran,1262,monk,windwalker,30,19,11
Огненныйкит,blackscar,1259,monk,windwalker,66,32,34
Néroburnsred,eredar,1259,monk,windwalker,56,25,31
Malutkie,defias-brotherhood,1252,monk,windwalker,144,68,76
Hàtéppl,ravencrest,1248,monk,windwalker,30,13,17
Umagon,chogall,1248,monk,windwalker,42,17,25
Vajawalkerx,twisting-nether,1247,monk,windwalker,18,13,5
Thänkky,kazzak,1247,monk,windwalker,18,13,5
Fistyfast,hyjal,1247,monk,windwalker,24,13,11
Djpunchable,blackrock,1247,monk,windwalker,24,13,11
Askarg,hyjal,1247,monk,windwalker,42,20,22
Monk,shattered-hand,1247,monk,windwalker,36,13,23
Moonkeeye,stormscale,1246,monk,windwalker,114,59,55
Blyatfist,draenor,1243,monk,windwalker,24,13,11
Чвка,booty-bay,1242,monk,windwalker,138,68,70
Pacimaru,silvermoon,1242,monk,windwalker,30,13,17
Brandy,kazzak,1242,monk,windwalker,30,13,17
Monkeystar,archimonde,1240,monk,windwalker,18,13,5
Badcøwboy,archimonde,1238,monk,windwalker,24,13,11
Rhâzalgûl,khaz-modan,1238,monk,windwalker,24,13,11
Pandermann,antonidas,1238,monk,windwalker,30,16,14
Zymonks,silvermoon,1236,monk,windwalker,30,13,17
Кирокко,gordunni,1235,monk,windwalker,30,20,10
Kouradoskylo,twisting-nether,1234,monk,windwalker,29,16,13
Meltfistqt,ravencrest,1234,monk,windwalker,30,13,17
Blyatfast,draenor,1233,monk,windwalker,24,13,11
Lumpero,stormreaver,1232,monk,windwalker,24,16,8
Bal,tyrande,1232,monk,windwalker,33,20,13
Янасру,gordunni,1232,monk,windwalker,273,136,137
Kegrøll,doomhammer,1231,monk,windwalker,42,21,21
Phesxm,sylvanas,1229,monk,windwalker,23,13,10
Hazmad,archimonde,1229,monk,windwalker,60,28,32
Samh,twisting-nether,1227,monk,windwalker,52,28,24
Xamaan,sanguino,1226,monk,windwalker,30,14,16
Ricksancez,nemesis,1224,monk,windwalker,42,24,18
Jesmander,kazzak,1224,monk,windwalker,30,16,14
Ekincheng,twisting-nether,1222,monk,windwalker,84,51,33
Кримсон,blackscar,1221,monk,windwalker,88,45,43
Лаодзы,deathguard,1220,monk,windwalker,36,13,23
Digô,malganis,1218,monk,windwalker,18,13,5
Халиосфа,gordunni,1217,monk,windwalker,36,14,22
Bruzuh,outland,1215,monk,windwalker,31,15,16
Vushao,blackmoore,1215,monk,windwalker,174,81,93
Клепер,soulflayer,1213,monk,windwalker,24,14,10
Joshxao,blackmoore,1211,monk,windwalker,36,13,23
Keskonriz,ysondre,1209,monk,windwalker,108,46,62
Gúerrilla,tarren-mill,1206,monk,windwalker,111,60,51
Imvengeance,stormscale,1205,monk,windwalker,52,25,27
Joaquuin,sylvanas,1204,monk,windwalker,54,27,27
Билльбо,fordragon,1203,monk,windwalker,132,65,67
Trunks,turalyon,1194,monk,windwalker,54,27,27
Yøøps,dalaran,1191,monk,windwalker,71,33,38
Tysonwonka,thrall,1187,monk,windwalker,42,20,22
Bâmbêlvî,tyrande,1186,monk,windwalker,27,15,12
Smørc,the-maelstrom,1186,monk,windwalker,32,14,18
Bogey,ragnaros,1182,monk,windwalker,26,13,13
Stronkman,frostwhisper,1180,monk,windwalker,36,24,12
Malarie,magtheridon,1178,monk,windwalker,158,85,73
Wodniuch,defias-brotherhood,1173,monk,windwalker,27,13,14
Ayyee,blackmoore,1169,monk,windwalker,78,28,50
Monkgol,stormscale,1159,monk,windwalker,40,19,21
Pyto,sanguino,1156,monk,windwalker,61,33,28
Bellarika,nemesis,1152,monk,windwalker,12,12,0
Djstepmom,ravencrest,1152,monk,windwalker,12,12,0
Babyfax,draenor,1152,monk,windwalker,24,12,12
Buffwwx,silvermoon,1152,monk,windwalker,24,12,12
Deathmøøn,tyrande,1152,monk,windwalker,30,12,18
Tðptier,drakthul,1151,monk,windwalker,18,12,6
Çhina,twisting-nether,1151,monk,windwalker,24,12,12
Enju,tarren-mill,1150,monk,windwalker,18,12,6
Daybaobao,the-maelstrom,1150,monk,windwalker,28,14,14
Homelanderxx,tarren-mill,1150,monk,windwalker,24,12,12
Coollann,drakthul,1150,monk,windwalker,30,12,18
Hypern,twisting-nether,1149,monk,windwalker,22,13,9
Elfisto,baelgun,1149,monk,windwalker,26,13,13
Monk,dun-modr,1148,monk,windwalker,24,12,12
Brorsantuck,frostmane,1147,monk,windwalker,18,12,6
Panzeerotto,nemesis,1147,monk,windwalker,78,32,46
Одиниз,gordunni,1146,monk,windwalker,66,43,23
Kagëra,ysondre,1145,monk,windwalker,24,12,12
Ameri,burning-steppes,1145,monk,windwalker,24,12,12
Silvrt,tarren-mill,1145,monk,windwalker,24,12,12
Fedrra,twisting-nether,1144,monk,windwalker,24,12,12
Lottelita,tarren-mill,1143,monk,windwalker,26,12,14
Blickx,draenor,1141,monk,windwalker,28,13,15
Ехерех,blackscar,1140,monk,windwalker,48,29,19
Crockzy,twisting-nether,1140,monk,windwalker,24,12,12
Gozgoya,doomhammer,1137,monk,windwalker,71,32,39
Mistbeever,ragnaros,1136,monk,windwalker,24,12,12
Thichquang,sylvanas,1134,monk,windwalker,18,12,6
Senkaihero,nemesis,1132,monk,windwalker,24,13,11
Sixqtn,blackrock,1131,monk,windwalker,30,12,18
Monktoon,doomhammer,1124,monk,windwalker,24,12,12
Kirara,talnivarr,1121,monk,windwalker,18,12,6
Tetetete,silvermoon,1118,monk,windwalker,24,12,12
Azangar,kazzak,1114,monk,windwalker,22,12,10
Noodlesauce,silvermoon,1100,monk,windwalker,15,12,3
Qtv,arthas,1099,monk,windwalker,27,12,15
Непорядочная,gordunni,1094,monk,windwalker,42,17,25
Martial,arthas,1081,monk,windwalker,59,26,33
Ørlandéa,archimonde,1080,monk,windwalker,41,24,17
Monkiki,hyjal,1070,monk,windwalker,31,12,19
Jayline,kazzak,1069,monk,windwalker,54,21,33
Kusid,ragnaros,1066,monk,windwalker,21,12,9
Концептуалик,gordunni,1060,monk,windwalker,27,16,11
Wrizz,area-52,1056,monk,windwalker,18,11,7
Monksea,ravencrest,1056,monk,windwalker,24,11,13
Padawang,twisting-nether,1056,monk,windwalker,24,11,13
Diagmonk,kazzak,1056,monk,windwalker,24,11,13
Koreangirlx,archimonde,1055,monk,windwalker,12,11,1
Runefists,twisting-nether,1055,monk,windwalker,18,11,7
Гидрах,soulflayer,1055,monk,windwalker,18,11,7
Cirixx,outland,1055,monk,windwalker,18,11,7
Weezé,outland,1055,monk,windwalker,18,11,7
Rollah,ravencrest,1055,monk,windwalker,28,12,16
Garlä,archimonde,1054,monk,windwalker,18,11,7
Turbofistsqt,kazzak,1054,monk,windwalker,18,11,7
Leolilu,ravencrest,1054,monk,windwalker,18,11,7
Jam,aerie-peak,1054,monk,windwalker,24,11,13
Вэилэй,gordunni,1054,monk,windwalker,24,11,13
Daltailr,silvermoon,1054,monk,windwalker,27,11,16
Tiaqa,aegwynn,1053,monk,windwalker,12,11,1
Silcet,stormscale,1052,monk,windwalker,18,11,7
Cleør,blackmoore,1052,monk,windwalker,18,11,7
Degentz,alakir,1051,monk,windwalker,21,12,9
Kryzu,ragnaros,1051,monk,windwalker,24,11,13
Realiaze,tichondrius,1051,monk,windwalker,30,11,19
Pepperboer,magtheridon,1050,monk,windwalker,24,11,13
Sêssai,outland,1049,monk,windwalker,18,11,7
Dokuziq,twisting-nether,1046,monk,windwalker,28,12,16
Sholean,die-aldor,1045,monk,windwalker,18,11,7
Нежненький,gordunni,1045,monk,windwalker,24,11,13
Iluvatareru,twisting-nether,1038,monk,windwalker,24,11,13
Sillbis,bronzebeard,1034,monk,windwalker,42,11,31
Dofunk,eonar,1030,monk,windwalker,23,13,10
Xen,uldum,1027,monk,windwalker,18,11,7
Napqi,malganis,1023,monk,windwalker,17,11,6
Monkiatsu,turalyon,1021,monk,windwalker,50,25,25
Ahlu,argent-dawn,1021,monk,windwalker,37,12,25
Шоты,soulflayer,1019,monk,windwalker,18,11,7
Omoi,twisting-nether,1015,monk,windwalker,65,22,43
Secretmonk,ravencrest,1007,monk,windwalker,23,11,12
Yuchiiro,hyjal,997,monk,windwalker,24,12,12
Buggaa,dalaran,996,monk,windwalker,23,11,12
Dionee,twisting-nether,992,monk,windwalker,57,26,31
Zledriasa,ravencrest,990,monk,windwalker,26,11,15
Marcianorock,archimonde,987,monk,windwalker,30,13,17
Myiio,khaz-modan,987,monk,windwalker,42,12,30
Agress,sanguino,984,monk,windwalker,72,33,39
Vercya,dun-morogh,983,monk,windwalker,64,26,38
Votix,tarren-mill,960,monk,windwalker,12,10,2
Elfisto,eredar,960,monk,windwalker,12,10,2
Pïpöu,archimonde,960,monk,windwalker,12,10,2
Tuulijäbä,stormreaver,960,monk,windwalker,18,10,8
Mcscrub,ragnaros,960,monk,windwalker,18,10,8
Ðävàizskó,ysondre,960,monk,windwalker,18,10,8
Sqoobie,tarren-mill,960,monk,windwalker,18,10,8
Plånck,archimonde,960,monk,windwalker,18,10,8
Senniñ,ravencrest,960,monk,windwalker,18,10,8
Wreckpuss,tarren-mill,960,monk,windwalker,18,10,8
Rìnox,blackmoore,960,monk,windwalker,18,10,8
Kåtsumi,sanguino,960,monk,windwalker,24,10,14
Onlypressw,tarren-mill,960,monk,windwalker,24,10,14
Balance,laughing-skull,960,monk,windwalker,24,10,14
Martur,bronzebeard,960,monk,windwalker,24,10,14
Sebikm,ravencrest,959,monk,windwalker,12,10,2
Saikø,silvermoon,959,monk,windwalker,18,10,8
Nycea,blackrock,959,monk,windwalker,18,10,8
Eggroll,archimonde,959,monk,windwalker,18,10,8
Karatemonk,stormscale,959,monk,windwalker,18,10,8
Rulliya,kazzak,959,monk,windwalker,24,10,14
Miridius,silvermoon,959,monk,windwalker,24,10,14
Såsha,sanguino,959,monk,windwalker,24,10,14
Miamausebär,blackmoore,959,monk,windwalker,30,10,20
Qtk,arthas,959,monk,windwalker,30,10,20
Symaro,aegwynn,958,monk,windwalker,24,10,14
Sigath,emeriss,958,monk,windwalker,36,10,26
Turbofinger,doomhammer,957,monk,windwalker,18,10,8
Михот,eversong,957,monk,windwalker,30,15,15
Pimahz,aggra-português,956,monk,windwalker,18,10,8
Драгслер,howling-fjord,956,monk,windwalker,24,10,14
Doreese,moonglade,955,monk,windwalker,18,10,8
Duches,tarren-mill,955,monk,windwalker,24,10,14
Màrlux,kazzak,954,monk,windwalker,24,10,14
Sanshiro,defias-brotherhood,954,monk,windwalker,28,11,17
Orcword,ragnaros,953,monk,windwalker,18,10,8
Jgma,auchindoun,952,monk,windwalker,152,63,89
Chlamydious,silvermoon,951,monk,windwalker,120,52,68
Lokregar,blackmoore,950,monk,windwalker,24,10,14
Chæli,tarren-mill,944,monk,windwalker,29,12,17
Jawofiron,quelthalas,941,monk,windwalker,29,10,19
Trolleurz,archimonde,932,monk,windwalker,32,12,20
Runny,sanguino,930,monk,windwalker,36,10,26
Barbalekos,ragnaros,927,monk,windwalker,22,11,11
Sebbii,twisting-nether,927,monk,windwalker,23,10,13
Goltigald,archimonde,923,monk,windwalker,29,10,19
Moreløs,stormscale,920,monk,windwalker,23,10,13
Sîstâhfîstâh,kazzak,912,monk,windwalker,15,10,5
Astmönk,archimonde,910,monk,windwalker,24,11,13
Chilleê,blackmoore,909,monk,windwalker,17,10,7
Gidmonk,darkspear,904,monk,windwalker,42,22,20
Linocence,draenor,879,monk,windwalker,113,57,56
Апесиинка,gordunni,874,monk,windwalker,23,11,12
Broussly,voljin,871,monk,windwalker,36,15,21
Eternalmoose,grim-batol,864,monk,windwalker,12,9,3
Larsowns,ragnaros,864,monk,windwalker,12,9,3
Pattafixcrin,blackrock,864,monk,windwalker,12,9,3
Freemmrx,kazzak,864,monk,windwalker,12,9,3
Brols,dalaran,864,monk,windwalker,18,9,9
Notadrâgon,sylvanas,864,monk,windwalker,18,9,9
Snookzlol,aegwynn,864,monk,windwalker,18,9,9
Gankplank,nemesis,864,monk,windwalker,18,9,9
Zmile,ragnaros,864,monk,windwalker,18,9,9
Gîø,blackmoore,864,monk,windwalker,18,9,9
Skriptzy,blackmoore,864,monk,windwalker,18,9,9
Lrizz,argent-dawn,864,monk,windwalker,18,9,9
Øåæøæøåæ,ravencrest,864,monk,windwalker,18,9,9
Weaverman,ragnaros,864,monk,windwalker,18,9,9
Dorks,sanguino,864,monk,windwalker,24,9,15
Melombus,dun-modr,864,monk,windwalker,24,9,15
Alandriai,blackmoore,863,monk,windwalker,12,9,3
Alphalus,khaz-modan,863,monk,windwalker,18,9,9
Otp,hyjal,863,monk,windwalker,18,9,9
Wâgwân,hyjal,863,monk,windwalker,18,9,9
Barneyzan,tarren-mill,863,monk,windwalker,18,9,9
Fistingfury,burning-blade,863,monk,windwalker,18,9,9
Jakkeez,twisting-nether,863,monk,windwalker,18,9,9
Yeol,ravencrest,863,monk,windwalker,18,9,9
Thawy,sargeras,863,monk,windwalker,24,9,15
Gálaxyfist,blackhand,863,monk,windwalker,24,9,15
Dumbbell,magtheridon,862,monk,windwalker,18,9,9
Serizawã,hyjal,862,monk,windwalker,18,9,9
Krtinse,ravencrest,862,monk,windwalker,18,9,9
Nouraxo,kazzak,862,monk,windwalker,18,9,9
Sûûn,hyjal,862,monk,windwalker,18,9,9
Tharaën,archimonde,862,monk,windwalker,24,9,15
Пропесочило,gordunni,862,monk,windwalker,28,10,18
Tylavie,silvermoon,861,monk,windwalker,18,9,9
Lin,nathrezim,861,monk,windwalker,18,9,9
Teztouza,kazzak,861,monk,windwalker,18,9,9
Sooyung,kazzak,861,monk,windwalker,18,9,9
Авентусс,howling-fjord,861,monk,windwalker,24,9,15
Gødxq,hyjal,860,monk,windwalker,24,9,15
Franziskanus,das-syndikat,860,monk,windwalker,24,9,15
Rhift,draenor,859,monk,windwalker,18,9,9
Monkariuz,antonidas,859,monk,windwalker,26,9,17
Sinziana,silvermoon,858,monk,windwalker,12,9,3
Velita,dun-modr,858,monk,windwalker,27,9,18
Somonks,twisting-nether,857,monk,windwalker,18,9,9
Zoyrac,malygos,856,monk,windwalker,18,9,9
Meff,hyjal,855,monk,windwalker,16,10,6
Patadademijo,tarren-mill,855,monk,windwalker,24,9,15
Mozzaks,doomhammer,852,monk,windwalker,12,9,3
Grîmjaw,nordrassil,846,monk,windwalker,24,9,15
Югэн,azuregos,843,monk,windwalker,24,9,15
Jujujitsu,archimonde,833,monk,windwalker,41,18,23
Grìzzly,stormreaver,827,monk,windwalker,26,10,16
Apprentice,ravencrest,815,monk,windwalker,17,9,8
Yamo,blackrock,814,monk,windwalker,17,9,8
Iamzra,kazzak,812,monk,windwalker,23,9,14
Монкуем,gordunni,802,monk,windwalker,18,9,9
Dushimonk,runetotem,797,monk,windwalker,22,9,13
Karatiy,doomhammer,795,monk,windwalker,99,33,66
Mórrid,draenor,791,monk,windwalker,27,9,18
Socialxty,dun-modr,768,monk,windwalker,12,8,4
Stormsong,arthas,768,monk,windwalker,12,8,4
Gøøgodx,tarren-mill,768,monk,windwalker,12,8,4
Carmismonk,tarren-mill,768,monk,windwalker,12,8,4
Styxmk,blackhand,768,monk,windwalker,12,8,4
Wladqz,stormscale,768,monk,windwalker,12,8,4
Rezuz,draenor,768,monk,windwalker,12,8,4
Stealthsøul,outland,768,monk,windwalker,12,8,4
Gojò,outland,768,monk,windwalker,12,8,4
Rma,twisting-nether,768,monk,windwalker,12,8,4
Hilfe,stormscale,768,monk,windwalker,12,8,4
Slayh,archimonde,768,monk,windwalker,12,8,4
Denwont,twisting-nether,768,monk,windwalker,12,8,4
Arisua,blackhand,768,monk,windwalker,12,8,4
Ðìør,kazzak,768,monk,windwalker,12,8,4
Karels,archimonde,768,monk,windwalker,12,8,4
Mäismz,stormscale,768,monk,windwalker,12,8,4
Cptschneider,blackmoore,768,monk,windwalker,18,8,10
Jamiedhism,ravencrest,768,monk,windwalker,18,8,10
Luckyjones,tarren-mill,768,monk,windwalker,18,8,10
Twinkletoe,twisting-nether,768,monk,windwalker,18,8,10
Cuteshygirl,shattrath,768,monk,windwalker,18,8,10
Таайлиньх,gordunni,768,monk,windwalker,23,8,15
Daizz,magtheridon,767,monk,windwalker,12,8,4
Nízra,archimonde,767,monk,windwalker,12,8,4
Yungbaren,frostwolf,767,monk,windwalker,12,8,4
Marksanuwu,kilrogg,767,monk,windwalker,12,8,4
Johnsôn,blackmoore,767,monk,windwalker,18,8,10
Wutan,burning-legion,767,monk,windwalker,18,8,10
Olgachocolat,blackmoore,767,monk,windwalker,18,8,10
Nokitz,kazzak,767,monk,windwalker,18,8,10
Nandromonk,dalaran,767,monk,windwalker,18,8,10
Alurymnk,blackrock,767,monk,windwalker,18,8,10
Bansheerrz,hyjal,767,monk,windwalker,18,8,10
Válkyrìe,ravencrest,767,monk,windwalker,24,8,16
Бичмэн,deathguard,767,monk,windwalker,24,8,16
Wilywolxx,silvermoon,766,monk,windwalker,12,8,4
Plsnerfrogue,tarren-mill,766,monk,windwalker,12,8,4
Changsun,confrérie-du-thorium,766,monk,windwalker,18,8,10
Pocaa,arakarahm,766,monk,windwalker,18,8,10
Threevthree,kazzak,765,monk,windwalker,13,8,5
Verfa,twisting-nether,765,monk,windwalker,18,8,10
Chiroidz,kazzak,764,monk,windwalker,18,8,10
Nirvanabange,sylvanas,764,monk,windwalker,24,8,16
Ørgasm,magtheridon,763,monk,windwalker,24,8,16
Flyingraven,magtheridon,763,monk,windwalker,24,8,16
Brevduwan,ragnaros,762,monk,windwalker,18,8,10
Rangomind,silvermoon,761,monk,windwalker,12,8,4
Yeddek,archimonde,754,monk,windwalker,12,8,4
Sayonarami,frostmane,753,monk,windwalker,18,8,10
Wallky,burning-blade,743,monk,windwalker,30,8,22
Kûma,echsenkessel,735,monk,windwalker,16,8,8
Merjis,stormscale,719,monk,windwalker,17,8,9
Elayja,twisting-nether,717,monk,windwalker,17,8,9
Portugas,aegwynn,711,monk,windwalker,28,9,19
Takapotku,silvermoon,703,monk,windwalker,16,8,8
Fredder,blackrock,701,monk,windwalker,23,8,15
Vixiatwo,outland,672,monk,windwalker,12,7,5
Breezzmonka,twisting-nether,672,monk,windwalker,12,7,5
Мягкийпо,howling-fjord,672,monk,windwalker,12,7,5
Arthanaar,drakthul,672,monk,windwalker,12,7,5
Chryan,marécage-de-zangar,672,monk,windwalker,12,7,5
Njursten,twilights-hammer,672,monk,windwalker,12,7,5
Bryggarn,draenor,672,monk,windwalker,12,7,5
Dennismansix,sylvanas,672,monk,windwalker,12,7,5
Dopi,frostmane,672,monk,windwalker,12,7,5
Sizok,blackmoore,672,monk,windwalker,12,7,5
Chanzey,silvermoon,672,monk,windwalker,12,7,5
Shoelaren,ragnaros,672,monk,windwalker,12,7,5
Gargalondeze,twisting-nether,672,monk,windwalker,12,7,5
Pawsy,twisting-nether,672,monk,windwalker,12,7,5
Balanceqt,ravencrest,672,monk,windwalker,12,7,5
Dmeenmonk,kazzak,672,monk,windwalker,12,7,5
Sàlêxz,ysondre,672,monk,windwalker,12,7,5
Tortasauro,sanguino,672,monk,windwalker,12,7,5
Saburo,archimonde,672,monk,windwalker,12,7,5
Jekkar,uldum,672,monk,windwalker,12,7,5
Кунгфурер,lich-king,672,monk,windwalker,12,7,5
Despéradø,archimonde,672,monk,windwalker,12,7,5
Thailun,kazzak,672,monk,windwalker,12,7,5
Hästgodx,the-maelstrom,672,monk,windwalker,12,7,5
Wowweaver,outland,672,monk,windwalker,12,7,5
Мишадуротар,borean-tundra,672,monk,windwalker,19,9,10
Winifspin,twisting-nether,672,monk,windwalker,18,7,11
Galexuz,blackrock,672,monk,windwalker,18,7,11
Sungødx,blackrock,672,monk,windwalker,18,7,11
Elababe,ravencrest,672,monk,windwalker,18,7,11
Risingspud,frostmane,672,monk,windwalker,18,7,11
Bonkboi,tarren-mill,672,monk,windwalker,18,7,11
Márliene,twisting-nether,672,monk,windwalker,18,7,11
Jkmonkyo,blackrock,672,monk,windwalker,18,7,11
Джийви,goldrinn,672,monk,windwalker,18,7,11
Mayliene,stormscale,672,monk,windwalker,18,7,11
Чифую,lich-king,672,monk,windwalker,18,7,11
Quï,hyjal,672,monk,windwalker,18,7,11
Çùçé,dalaran,672,monk,windwalker,18,7,11
Quoc,blackmoore,672,monk,windwalker,23,7,16
Kajï,frostmane,672,monk,windwalker,24,7,17
Walie,twisting-nether,672,monk,windwalker,24,7,17
Эзархадон,lich-king,671,monk,windwalker,12,7,5
Dubhira,blackmoore,671,monk,windwalker,12,7,5
Tayoo,aegwynn,671,monk,windwalker,12,7,5
Räws,kirin-tor,671,monk,windwalker,12,7,5
Maelea,ysondre,671,monk,windwalker,12,7,5
Sonofelrond,twisting-nether,671,monk,windwalker,12,7,5
Bierdame,blackhand,671,monk,windwalker,12,7,5
Azouko,onyxia,671,monk,windwalker,12,7,5
Mystikmonk,blackrock,671,monk,windwalker,12,7,5
Fistberul,ravencrest,671,monk,windwalker,12,7,5
Iluvfistinjk,sylvanas,671,monk,windwalker,12,7,5
Discosean,frostmane,671,monk,windwalker,18,7,11
Zhiothe,argent-dawn,670,monk,windwalker,12,7,5
Kharnael,hyjal,670,monk,windwalker,12,7,5
Dummars,ragnaros,670,monk,windwalker,18,7,11
Mwoinesamdi,hyjal,670,monk,windwalker,18,7,11
Shaol,stormreaver,669,monk,windwalker,12,7,5
Рочч,gordunni,668,monk,windwalker,12,7,5
Brucilli,dalaran,666,monk,windwalker,12,7,5
Undgrund,burning-legion,661,monk,windwalker,18,7,11
Хосэ,gordunni,639,monk,windwalker,17,7,10
Fusetonww,tarren-mill,623,monk,windwalker,11,7,4
Armutschkerl,blackhand,618,monk,windwalker,29,9,20
Mistysausage,silvermoon,616,monk,windwalker,33,8,25
Pïpöu,kirin-tor,607,monk,windwalker,11,7,4
Sori,mazrigos,592,monk,windwalker,19,7,12
Fistlimc,eredar,576,monk,windwalker,6,6,0
Bloodsports,anubarak,576,monk,windwalker,6,6,0
Arlohan,argent-dawn,576,monk,windwalker,6,6,0
Kiial,blackmoore,576,monk,windwalker,12,6,6
Gramkin,ravencrest,576,monk,windwalker,12,6,6
Ilovecravmag,draenor,576,monk,windwalker,12,6,6
Hitsuww,archimonde,576,monk,windwalker,12,6,6
Vjelan,forscherliga,576,monk,windwalker,12,6,6
Муаннуар,soulflayer,576,monk,windwalker,12,6,6
Níko,korgall,576,monk,windwalker,12,6,6
Nyrkkikylpy,ravencrest,576,monk,windwalker,12,6,6
Geezer,the-maelstrom,576,monk,windwalker,12,6,6
Rigbone,kazzak,576,monk,windwalker,12,6,6
Fokdem,tarren-mill,576,monk,windwalker,12,6,6
Fiddyy,outland,576,monk,windwalker,12,6,6
Ferree,tarren-mill,576,monk,windwalker,12,6,6
Naynayrb,draenor,576,monk,windwalker,12,6,6
Gamerboydude,silvermoon,576,monk,windwalker,12,6,6
Мэрджик,soulflayer,576,monk,windwalker,12,6,6
Mcgregors,aszune,576,monk,windwalker,12,6,6
Ogelele,twisting-nether,576,monk,windwalker,12,6,6
Xàrslòulolz,kazzak,576,monk,windwalker,12,6,6
Pabu,emeriss,576,monk,windwalker,12,6,6
Jollyzug,blackrock,576,monk,windwalker,12,6,6
Rainymonday,ravencrest,576,monk,windwalker,12,6,6
Fistweavs,ravencrest,576,monk,windwalker,12,6,6
Worasemonk,hyjal,576,monk,windwalker,12,6,6
Doyoubleed,twisting-nether,576,monk,windwalker,12,6,6
Tenszangetsu,ragnaros,576,monk,windwalker,12,6,6
Ilcooljay,ravencrest,576,monk,windwalker,12,6,6
Bbcmonkinc,aegwynn,576,monk,windwalker,16,7,9
Fimis,alonsus,576,monk,windwalker,18,6,12
Moai,nemesis,576,monk,windwalker,18,6,12
Desmî,ravencrest,576,monk,windwalker,18,6,12
Xoconut,ravencrest,576,monk,windwalker,18,6,12
Glorïagaynor,archimonde,576,monk,windwalker,18,6,12
Ybnobama,outland,576,monk,windwalker,18,6,12
Keisy,kazzak,576,monk,windwalker,18,6,12
Norgamx,alakir,576,monk,windwalker,18,6,12
Fiststowin,blackrock,576,monk,windwalker,18,6,12
Muaba,outland,576,monk,windwalker,18,6,12
Немонахх,howling-fjord,576,monk,windwalker,24,6,18
Woknroll,draenor,575,monk,windwalker,12,6,6
Magharald,das-syndikat,575,monk,windwalker,12,6,6
Teetoor,argent-dawn,575,monk,windwalker,12,6,6
Hôók,blackhand,575,monk,windwalker,12,6,6
Okpm,marécage-de-zangar,575,monk,windwalker,12,6,6
Tofast,darksorrow,575,monk,windwalker,12,6,6
Raychi,draenor,575,monk,windwalker,12,6,6
Kykymbappe,archimonde,575,monk,windwalker,12,6,6
Trizeth,grim-batol,575,monk,windwalker,12,6,6
Woalter,silvermoon,575,monk,windwalker,12,6,6
Klotsobunidi,kazzak,575,monk,windwalker,15,7,8
Крэйзимедвед,howling-fjord,575,monk,windwalker,18,6,12
Mongole,hellscream,575,monk,windwalker,18,6,12
Psyhooz,burning-legion,575,monk,windwalker,18,6,12
Xem,azjolnerub,575,monk,windwalker,18,6,12
Jaylée,thrall,574,monk,windwalker,12,6,6
Mönchdog,blackmoore,573,monk,windwalker,12,6,6
Veila,the-maelstrom,573,monk,windwalker,12,6,6
Izabell,bronzebeard,573,monk,windwalker,18,6,12
Mullan,eonar,573,monk,windwalker,24,6,18
Энвишь,soulflayer,559,monk,windwalker,11,6,5
Жарптыца,gordunni,559,monk,windwalker,17,6,11
Básíl,frostwolf,559,monk,windwalker,23,6,17
Yamqt,thrall,528,monk,windwalker,15,6,9
Bayak,antonidas,523,monk,windwalker,17,6,11
Yanmonk,silvermoon,522,monk,windwalker,14,7,7
Kungfupandy,blackmoore,512,monk,windwalker,22,6,16
Nilssön,silvermoon,511,monk,windwalker,8,6,2
Everydayrain,ravencrest,511,monk,windwalker,14,6,8
Dasjinso,blackhand,511,monk,windwalker,14,6,8
Kassducu,archimonde,511,monk,windwalker,20,6,14
Eaghor,draenor,510,monk,windwalker,10,6,4
Жекадобряк,howling-fjord,503,monk,windwalker,15,7,8
Kapud,twisting-nether,480,monk,windwalker,6,5,1
Killabees,stormscale,480,monk,windwalker,6,5,1
Päjcsi,ragnaros,480,monk,windwalker,6,5,1
Loordcraft,silvermoon,480,monk,windwalker,6,5,1
Emptyeyés,kazzak,480,monk,windwalker,6,5,1
Quasarmonk,ravencrest,480,monk,windwalker,6,5,1
Boxarnsgrabb,shattered-hand,480,monk,windwalker,6,5,1
Монкигодх,howling-fjord,480,monk,windwalker,6,5,1
Nastyvibes,dun-modr,480,monk,windwalker,6,5,1
Udon,argent-dawn,480,monk,windwalker,12,5,7
Buddhaissara,ravencrest,480,monk,windwalker,12,5,7
Кунфумастер,gordunni,480,monk,windwalker,12,5,7
Yunà,twisting-nether,480,monk,windwalker,12,5,7
Popox,stormreaver,480,monk,windwalker,12,5,7
Pîna,onyxia,480,monk,windwalker,12,5,7
Bimberta,argent-dawn,480,monk,windwalker,12,5,7
Aljabbar,ravencrest,480,monk,windwalker,12,5,7
Мяуки,soulflayer,480,monk,windwalker,12,5,7
Killthemonk,rajaxx,480,monk,windwalker,12,5,7
Investing,silvermoon,480,monk,windwalker,12,5,7
Plingpong,sylvanas,480,monk,windwalker,12,5,7
Dertekk,archimonde,480,monk,windwalker,12,5,7
Emå,nemesis,480,monk,windwalker,12,5,7
Drfistalot,blackrock,480,monk,windwalker,12,5,7
Renegatt,twisting-nether,480,monk,windwalker,12,5,7
Käsefäuste,azshara,480,monk,windwalker,12,5,7
Nevertouch,blackrock,480,monk,windwalker,12,5,7
Fistus,dentarg,480,monk,windwalker,12,5,7
Mickjabber,aegwynn,480,monk,windwalker,12,5,7
Krazylegs,sanguino,480,monk,windwalker,12,5,7
Grintilif,malygos,480,monk,windwalker,12,5,7
Emejzy,draenor,480,monk,windwalker,12,5,7
Salesforce,cthun,480,monk,windwalker,12,5,7
Enrookiejr,aegwynn,480,monk,windwalker,12,5,7
Sneptichitz,draenor,480,monk,windwalker,12,5,7
Беглыйлаваш,gordunni,480,monk,windwalker,12,5,7
Sermuonelis,kazzak,480,monk,windwalker,12,5,7
Tonikor,kazzak,480,monk,windwalker,12,5,7
Kaelwind,burning-legion,480,monk,windwalker,12,5,7
Øåæøæøåæ,kazzak,480,monk,windwalker,12,5,7
Archnun,stormscale,480,monk,windwalker,12,5,7
Amislish,draenor,480,monk,windwalker,12,5,7
Npkwalker,outland,480,monk,windwalker,12,5,7
Расселкроу,galakrond,480,monk,windwalker,12,5,7
Kenjibsen,blackhand,480,monk,windwalker,12,5,7
Áutumnfalls,stormscale,480,monk,windwalker,12,5,7
Betelgeuse,jaedenar,480,monk,windwalker,12,5,7
Szoney,blackhand,480,monk,windwalker,12,5,7
Yaxleyx,dragonblight,480,monk,windwalker,12,5,7
Elmonkx,onyxia,480,monk,windwalker,18,5,13
Nicetrybuddy,draenor,480,monk,windwalker,18,5,13
Salderlol,stormscale,480,monk,windwalker,18,5,13
Medovic,blackmoore,480,monk,windwalker,18,5,13
Draxaxa,hyjal,480,monk,windwalker,18,5,13
Mikelangelo,frostmane,480,monk,windwalker,23,6,17
Диксэш,ashenvale,479,monk,windwalker,12,5,7
Sdk,silvermoon,479,monk,windwalker,12,5,7
Alopécida,voljin,479,monk,windwalker,15,6,9
Холанн,greymane,479,monk,windwalker,18,5,13
Effeots,blackrock,479,monk,windwalker,18,5,13
Mïsted,sylvanas,479,monk,windwalker,18,5,13
Øñ,cthun,479,monk,windwalker,18,5,13
Tjukkas,bloodhoof,479,monk,windwalker,24,5,19
Nichonne,khaz-modan,478,monk,windwalker,12,5,7
Blackdu,drakthul,477,monk,windwalker,16,6,10
Spiritclaw,kul-tiras,476,monk,windwalker,12,5,7
Sadwhi,turalyon,472,monk,windwalker,12,5,7
Манамба,blackscar,463,monk,windwalker,17,5,12
Lqp,outland,447,monk,windwalker,11,5,6
Chifù,silvermoon,432,monk,windwalker,19,6,13
Crokmoche,archimonde,428,monk,windwalker,12,7,5
Marqinio,archimonde,426,monk,windwalker,15,7,8
Twdabuser,tarren-mill,415,monk,windwalker,8,5,3
Камагами,howling-fjord,400,monk,windwalker,7,5,2
Theoalt,dragonblight,399,monk,windwalker,5,5,0
Vetocorleone,kazzak,384,monk,windwalker,6,4,2
Alâkhai,nerzhul,384,monk,windwalker,6,4,2
Hertel,boulderfist,384,monk,windwalker,6,4,2
Dadrael,argent-dawn,384,monk,windwalker,6,4,2
Nicomonk,ravencrest,384,monk,windwalker,6,4,2
Orênda,silvermoon,384,monk,windwalker,6,4,2
Màlydôr,outland,384,monk,windwalker,6,4,2
Karya,chogall,384,monk,windwalker,6,4,2
Disciprín,tarren-mill,384,monk,windwalker,6,4,2
Rayids,kazzak,384,monk,windwalker,6,4,2
Yeanwoo,burning-legion,384,monk,windwalker,6,4,2
Larrý,sylvanas,384,monk,windwalker,6,4,2
Sepi,hellfire,384,monk,windwalker,6,4,2
Jériícho,khaz-modan,384,monk,windwalker,6,4,2
Gléipnir,ravencrest,384,monk,windwalker,6,4,2
Ввмонкпбогх,gordunni,384,monk,windwalker,6,4,2
Пашаскороход,gordunni,384,monk,windwalker,6,4,2
Shailene,kazzak,384,monk,windwalker,6,4,2
Jetcee,kazzak,384,monk,windwalker,6,4,2
Trample,stormscale,384,monk,windwalker,6,4,2
Милиса,grom,384,monk,windwalker,6,4,2
Kurtfu,ravencrest,384,monk,windwalker,6,4,2
Venersere,eitrigg,384,monk,windwalker,6,4,2
Кокпанчер,soulflayer,384,monk,windwalker,6,4,2
Soulspar,ragnaros,384,monk,windwalker,6,4,2
Милосердие,eversong,384,monk,windwalker,6,4,2
Sprizzfuaz,blackmoore,384,monk,windwalker,6,4,2
Skymonkey,kul-tiras,384,monk,windwalker,6,4,2
Rugys,ravenholdt,384,monk,windwalker,6,4,2
Wingwalker,twisting-nether,384,monk,windwalker,6,4,2
Denau,aegwynn,384,monk,windwalker,6,4,2
Willempie,stormreaver,384,monk,windwalker,6,4,2
Ciuco,stormscale,384,monk,windwalker,6,4,2
Hotfist,outland,384,monk,windwalker,6,4,2
Ровк,howling-fjord,384,monk,windwalker,6,4,2
Palarîns,dalaran,384,monk,windwalker,6,4,2
Blazeuu,drakthul,384,monk,windwalker,6,4,2
Mystd,hyjal,384,monk,windwalker,6,4,2
Clìtfister,silvermoon,384,monk,windwalker,6,4,2
Windstormcro,ragnaros,384,monk,windwalker,6,4,2
Monkflexi,draenor,384,monk,windwalker,6,4,2
Àyoörts,archimonde,384,monk,windwalker,6,4,2
Ubap,emeriss,384,monk,windwalker,6,4,2
Vipergaming,aggra-português,384,monk,windwalker,6,4,2
Asceticism,twisting-nether,384,monk,windwalker,6,4,2
Sæ,kazzak,384,monk,windwalker,6,4,2
Rhèa,todeswache,384,monk,windwalker,6,4,2
Orenichi,antonidas,384,monk,windwalker,6,4,2
Tàlo,anachronos,384,monk,windwalker,6,4,2
Windvibes,antonidas,384,monk,windwalker,6,4,2
Tacktix,defias-brotherhood,384,monk,windwalker,6,4,2
Pandaria,bronze-dragonflight,384,monk,windwalker,6,4,2
Elahn,outland,384,monk,windwalker,6,4,2
Møønkëy,archimonde,384,monk,windwalker,6,4,2
Piednuques,archimonde,384,monk,windwalker,6,4,2
Karrin,ghostlands,384,monk,windwalker,6,4,2
Onn,outland,384,monk,windwalker,6,4,2
Baisi,blackhand,384,monk,windwalker,6,4,2
Wushin,antonidas,384,monk,windwalker,6,4,2
Garmore,blackmoore,384,monk,windwalker,9,5,4
Goremancey,draenor,384,monk,windwalker,12,4,8
Ожиганов,soulflayer,384,monk,windwalker,12,4,8
Knupi,dalaran,384,monk,windwalker,12,4,8
Jerrykhãn,archimonde,384,monk,windwalker,12,4,8
Loorda,neptulon,384,monk,windwalker,12,4,8
Fishweaver,ravencrest,384,monk,windwalker,12,4,8
Чистыйбаер,soulflayer,384,monk,windwalker,12,4,8
Axan,drekthar,384,monk,windwalker,12,4,8
Showmeskillz,blackmoore,384,monk,windwalker,12,4,8
Hoøo,hyjal,384,monk,windwalker,12,4,8
Аоепуп,soulflayer,384,monk,windwalker,12,4,8
Dunkfjås,stormscale,384,monk,windwalker,12,4,8
Гарчи,azuregos,384,monk,windwalker,12,4,8
Вамдампощам,blackscar,384,monk,windwalker,12,4,8
Løkî,culte-de-la-rive-noire,384,monk,windwalker,12,4,8
Azia,bronzebeard,384,monk,windwalker,12,4,8
Scribzz,twisting-nether,384,monk,windwalker,12,4,8
Jessie,bloodscalp,384,monk,windwalker,12,4,8
Bigkim,khadgar,384,monk,windwalker,12,4,8
Hitmônchan,ravencrest,384,monk,windwalker,12,4,8
Fueradeserie,dun-modr,384,monk,windwalker,12,4,8
Кириешек,deathguard,384,monk,windwalker,12,4,8
Kushvendorx,silvermoon,384,monk,windwalker,12,4,8
Bluum,ravencrest,384,monk,windwalker,12,4,8
Bobblasfists,tarren-mill,384,monk,windwalker,12,4,8
Dëvilliä,ragnaros,384,monk,windwalker,12,4,8
Andrah,blackmoore,384,monk,windwalker,12,4,8
Ledoz,ravencrest,384,monk,windwalker,12,4,8
Räyh,outland,384,monk,windwalker,12,4,8
Ragobd,argent-dawn,384,monk,windwalker,12,4,8
Aesthetìc,draenor,384,monk,windwalker,18,4,14
Gramary,silvermoon,383,monk,windwalker,6,4,2
Bbinzu,lothar,383,monk,windwalker,6,4,2
Erzull,doomhammer,383,monk,windwalker,11,4,7
Slight,ragnaros,352,monk,windwalker,10,4,6
Youngmonk,tarren-mill,351,monk,windwalker,23,4,19
Benkkei,ysondre,336,monk,windwalker,15,4,11
Shamarinator,kazzak,330,monk,windwalker,15,5,10
Shyriu,kazzak,320,monk,windwalker,10,4,6
Choje,blackmoore,319,monk,windwalker,5,4,1
Alë,argent-dawn,319,monk,windwalker,8,4,4
Gujja,doomhammer,319,monk,windwalker,14,4,10
Shàllýn,antonidas,304,monk,windwalker,13,4,9
Zìnko,eredar,288,monk,windwalker,6,3,3
Bg,blackhand,288,monk,windwalker,6,3,3
Twoßastard,kazzak,288,monk,windwalker,6,3,3
Exòar,ravencrest,288,monk,windwalker,6,3,3
Zéná,gilneas,288,monk,windwalker,6,3,3
Ratfacè,outland,288,monk,windwalker,6,3,3
Jâycrane,ravencrest,288,monk,windwalker,6,3,3
Møngøwéávé,argent-dawn,288,monk,windwalker,6,3,3
Ariesani,blackmoore,288,monk,windwalker,6,3,3
Vultzm,draenor,288,monk,windwalker,6,3,3
Mushush,draenor,288,monk,windwalker,6,3,3
Psychovirgîn,archimonde,288,monk,windwalker,6,3,3
Månkey,ahnqiraj,288,monk,windwalker,6,3,3
Пингкин,deathweaver,288,monk,windwalker,6,3,3
Woushou,outland,288,monk,windwalker,6,3,3
Ctrlqx,garona,288,monk,windwalker,6,3,3
Gangzone,eredar,288,monk,windwalker,6,3,3
Realfighter,arathor,288,monk,windwalker,6,3,3
Swas,outland,288,monk,windwalker,6,3,3
Monkelibonk,ravencrest,288,monk,windwalker,6,3,3
Soraora,twisting-nether,288,monk,windwalker,6,3,3
Zunixxww,terrordar,288,monk,windwalker,6,3,3
Blackdwarf,tarren-mill,288,monk,windwalker,6,3,3
Jweise,tarren-mill,288,monk,windwalker,6,3,3
Jakfuki,ragnaros,288,monk,windwalker,6,3,3
Kungf,twisting-nether,288,monk,windwalker,6,3,3
Рендикаое,soulflayer,288,monk,windwalker,6,3,3
Tjmnk,ravencrest,288,monk,windwalker,6,3,3
Doash,nemesis,288,monk,windwalker,6,3,3
Señorzayo,ravencrest,288,monk,windwalker,6,3,3
Chakkal,twisting-nether,288,monk,windwalker,6,3,3
Blyadislav,ravencrest,288,monk,windwalker,6,3,3
Pandathiss,argent-dawn,288,monk,windwalker,6,3,3
Xpobak,ravencrest,288,monk,windwalker,6,3,3
Celimbrimbor,eredar,288,monk,windwalker,6,3,3
Velduin,dun-modr,288,monk,windwalker,6,3,3
Cribling,stormscale,288,monk,windwalker,6,3,3
Междунамиад,gordunni,288,monk,windwalker,6,3,3
Billyebbasta,nemesis,288,monk,windwalker,6,3,3
Heavensåway,ysondre,288,monk,windwalker,6,3,3
Nüffelbüffel,blackrock,288,monk,windwalker,6,3,3
Дзинкс,howling-fjord,288,monk,windwalker,6,3,3
Aaronm,tarren-mill,288,monk,windwalker,6,3,3
Droozy,silvermoon,288,monk,windwalker,6,3,3
Ðoom,sylvanas,288,monk,windwalker,6,3,3
Stonkss,ragnaros,288,monk,windwalker,6,3,3
Grippen,ragnaros,288,monk,windwalker,6,3,3
Deadlytouch,pozzo-delleternità,288,monk,windwalker,6,3,3
Testibuul,archimonde,288,monk,windwalker,6,3,3
Tossen,ragnaros,288,monk,windwalker,6,3,3
Atrøciøus,ravencrest,288,monk,windwalker,6,3,3
Zelraqt,burning-steppes,288,monk,windwalker,6,3,3
Marcjess,kazzak,288,monk,windwalker,6,3,3
Koot,ragnaros,288,monk,windwalker,6,3,3
Бреэйн,howling-fjord,288,monk,windwalker,6,3,3
Veline,dun-modr,288,monk,windwalker,6,3,3
Adewelee,dalaran,288,monk,windwalker,6,3,3
Tshajek,hyjal,288,monk,windwalker,6,3,3
Monkacek,drakthul,288,monk,windwalker,6,3,3
Balkanbeastt,draenor,288,monk,windwalker,10,4,6
Hellanmonk,stormscale,288,monk,windwalker,8,3,5
Chówmin,silvermoon,288,monk,windwalker,11,4,7
Bambøuéqtz,khaz-modan,288,monk,windwalker,9,3,6
Koreanswap,nordrassil,288,monk,windwalker,9,3,6
Yunxi,stormreaver,288,monk,windwalker,12,3,9
Barylen,outland,288,monk,windwalker,12,3,9
Xingji,antonidas,288,monk,windwalker,12,3,9
Sustanoon,draenor,288,monk,windwalker,12,3,9
Mönchfatih,blackhand,288,monk,windwalker,12,3,9
Howkong,archimonde,288,monk,windwalker,12,3,9
Ikasama,culte-de-la-rive-noire,288,monk,windwalker,12,3,9
Clamps,darkspear,288,monk,windwalker,12,3,9
Xiæo,moonglade,288,monk,windwalker,12,3,9
Cøbrakaï,archimonde,288,monk,windwalker,12,3,9
Yvètte,ravencrest,288,monk,windwalker,12,3,9
Adis,nerathor,288,monk,windwalker,12,3,9
Geliôs,kazzak,288,monk,windwalker,12,3,9
Roxmonk,ravencrest,288,monk,windwalker,12,3,9
Varea,blackrock,288,monk,windwalker,12,3,9
Jihaaz,nemesis,288,monk,windwalker,13,3,10
Мистерхюй,gordunni,288,monk,windwalker,18,3,15
Amatara,blackrock,288,monk,windwalker,18,3,15
Baazoka,blackmoore,287,monk,windwalker,6,3,3
Monkwins,turalyon,287,monk,windwalker,6,3,3
Lewimoäne,khaz-modan,287,monk,windwalker,6,3,3
Соловьюх,gordunni,286,monk,windwalker,12,3,9
Syaóran,exodar,286,monk,windwalker,12,3,9
Touchgodx,blackrock,256,monk,windwalker,8,4,4
Kyz,darkspear,256,monk,windwalker,10,4,6
Пкмлкм,gordunni,255,monk,windwalker,11,3,8
Dolkenm,tarren-mill,240,monk,windwalker,9,4,5
Zerno,archimonde,239,monk,windwalker,5,3,2
Fancyfists,ravencrest,239,monk,windwalker,5,3,2
Tbagman,argent-dawn,234,monk,windwalker,9,4,5
Bignessb,draenor,192,monk,windwalker,4,3,1
Idointcare,ravencrest,192,monk,windwalker,4,3,1
Wickly,stormscale,192,monk,windwalker,10,4,6
Kano,burning-legion,192,monk,windwalker,9,3,6
Eynodiggity,blackmoore,192,monk,windwalker,6,2,4
Savecdfornxt,blackmoore,192,monk,windwalker,6,2,4
Stenhård,azjolnerub,192,monk,windwalker,6,2,4
Friidam,lightbringer,192,monk,windwalker,6,2,4
Madinsane,thrall,192,monk,windwalker,6,2,4
Joachi,outland,192,monk,windwalker,6,2,4
Bludclart,outland,192,monk,windwalker,6,2,4
Wahrye,hyjal,192,monk,windwalker,6,2,4
Panzerfall,hyjal,192,monk,windwalker,6,2,4
Bobthewild,draenor,192,monk,windwalker,6,2,4
Niborc,doomhammer,192,monk,windwalker,6,2,4
Monktadito,sanguino,192,monk,windwalker,6,2,4
Popurita,sanguino,192,monk,windwalker,6,2,4
Dodoglad,hyjal,192,monk,windwalker,6,2,4
Youruba,dun-modr,192,monk,windwalker,6,2,4
Jackonk,eredar,192,monk,windwalker,6,2,4
Akazuki,frostwolf,192,monk,windwalker,6,2,4
Freebîrd,shattered-hand,192,monk,windwalker,6,2,4
Yaevinn,burning-legion,192,monk,windwalker,6,2,4
Paykø,antonidas,192,monk,windwalker,6,2,4
Wteg,emerald-dream,192,monk,windwalker,6,2,4
Lilßaby,archimonde,192,monk,windwalker,6,2,4
Shïma,sargeras,192,monk,windwalker,6,2,4
Latify,todeswache,192,monk,windwalker,6,2,4
Karradine,khaz-modan,192,monk,windwalker,6,2,4
Minfilla,argent-dawn,192,monk,windwalker,6,2,4
Monkkr,argent-dawn,192,monk,windwalker,6,2,4
Khirazim,ysondre,192,monk,windwalker,6,2,4
Geochi,tarren-mill,192,monk,windwalker,6,2,4
Musclorww,ysondre,192,monk,windwalker,6,2,4
Mychigun,ravencrest,192,monk,windwalker,6,2,4
Mtmonk,tarren-mill,192,monk,windwalker,6,2,4
Loriodas,tarren-mill,192,monk,windwalker,6,2,4
Noctaeth,destromath,192,monk,windwalker,6,2,4
Майамибитч,howling-fjord,192,monk,windwalker,6,2,4
Brewroll,ravencrest,192,monk,windwalker,6,2,4
Melikicks,silvermoon,192,monk,windwalker,6,2,4
Jojitsu,ravencrest,192,monk,windwalker,6,2,4
Icaena,ravencrest,192,monk,windwalker,6,2,4
Walterwayne,blackrock,192,monk,windwalker,6,2,4
Entropî,tarren-mill,192,monk,windwalker,6,2,4
Gabbah,blackrock,192,monk,windwalker,6,2,4
Канибальный,gordunni,192,monk,windwalker,6,2,4
Halat,kazzak,192,monk,windwalker,6,2,4
Bamboosnack,kazzak,192,monk,windwalker,6,2,4
Нагиботар,thermaplugg,192,monk,windwalker,6,2,4
Deathpùlse,ravencrest,192,monk,windwalker,6,2,4
Spoiry,tarren-mill,192,monk,windwalker,6,2,4
Bensil,ravencrest,192,monk,windwalker,6,2,4
Îreful,tarren-mill,192,monk,windwalker,6,2,4
Nebelpanda,ravencrest,192,monk,windwalker,6,2,4
Priosia,ragnaros,192,monk,windwalker,6,2,4
Слабодян,gordunni,192,monk,windwalker,6,2,4
Zýru,ragnaros,192,monk,windwalker,6,2,4
Jakamstar,ravencrest,192,monk,windwalker,6,2,4
Stillflow,draenor,192,monk,windwalker,6,2,4
Bloodychi,ravencrest,192,monk,windwalker,6,2,4
Akkadianx,ravencrest,192,monk,windwalker,6,2,4
Plani,ragnaros,192,monk,windwalker,6,2,4
Kukulelee,ragnaros,192,monk,windwalker,6,2,4
Lildaddymonk,ravencrest,192,monk,windwalker,6,2,4
Lollonko,kazzak,192,monk,windwalker,6,2,4
Påiñ,silvermoon,192,monk,windwalker,6,2,4
Panicfist,stormscale,192,monk,windwalker,6,2,4
Дедизшишки,soulflayer,192,monk,windwalker,6,2,4
Tyrastel,dalaran,192,monk,windwalker,6,2,4
Спортикус,galakrond,192,monk,windwalker,6,2,4
Пекник,gordunni,192,monk,windwalker,6,2,4
Shialemonk,twisting-nether,192,monk,windwalker,6,2,4
Псилоцибин,gordunni,192,monk,windwalker,6,2,4
Manniche,kazzak,192,monk,windwalker,6,2,4
Faìthlessqt,azshara,192,monk,windwalker,6,2,4
Frajer,auchindoun,192,monk,windwalker,6,2,4
Subsul,sylvanas,192,monk,windwalker,6,2,4
Laxnacke,the-maelstrom,192,monk,windwalker,6,2,4
Mezeko,stormscale,192,monk,windwalker,6,2,4
Lxq,blackhand,192,monk,windwalker,6,2,4
Jintae,deathwing,192,monk,windwalker,6,2,4
Fístfillet,twisting-nether,192,monk,windwalker,6,2,4
Charlês,outland,192,monk,windwalker,6,2,4
Амекиса,deathguard,192,monk,windwalker,6,2,4
Píkachuu,ragnaros,192,monk,windwalker,9,2,7
Rolegsweep,arathor,192,monk,windwalker,12,2,10
Tongat,ravencrest,192,monk,windwalker,12,2,10
Shaow,hyjal,192,monk,windwalker,12,2,10
Гнидожор,booty-bay,192,monk,windwalker,12,2,10
Pawpipe,ravencrest,192,monk,windwalker,12,2,10
Schneewase,blackrock,192,monk,windwalker,12,2,10
Lilotus,ragnaros,192,monk,windwalker,12,2,10
Yianjih,blackmoore,191,monk,windwalker,6,2,4
Mashalar,ravencrest,191,monk,windwalker,6,2,4
Brêwjob,archimonde,180,monk,windwalker,14,6,8
Bruhgdar,silvermoon,175,monk,windwalker,11,2,9
Resinn,ravencrest,169,monk,windwalker,10,4,6
Jlamonja,dun-modr,159,monk,windwalker,5,2,3
Idkfa,sylvanas,159,monk,windwalker,5,2,3
Räpeltäjä,stormreaver,138,monk,windwalker,11,4,7
Makïi,archimonde,127,monk,windwalker,8,2,6
Uftis,thrall,127,monk,windwalker,8,2,6
Фистингкоуч,gordunni,96,monk,windwalker,3,2,1
Dadeldo,blackrock,96,monk,windwalker,6,1,5
Smâsh,blackhand,96,monk,windwalker,6,1,5
Kaizenthor,runetotem,96,monk,windwalker,6,1,5
Zugzuwg,ahnqiraj,96,monk,windwalker,6,1,5
Doneithné,stormscale,96,monk,windwalker,6,1,5
Nsq,ravencrest,96,monk,windwalker,6,1,5
Jakaron,kazzak,96,monk,windwalker,6,1,5
Ronkingkong,ravencrest,96,monk,windwalker,6,1,5
Родиер,gordunni,96,monk,windwalker,6,1,5
Nightninja,drakthul,96,monk,windwalker,6,1,5
Випик,gordunni,96,monk,windwalker,6,1,5
Konnîchîwa,kazzak,96,monk,windwalker,6,1,5
Синнэрли,soulflayer,96,monk,windwalker,6,1,5
Mjaweaver,stormscale,96,monk,windwalker,6,1,5
Мяяумяу,gordunni,96,monk,windwalker,6,1,5
Masbrew,ravencrest,96,monk,windwalker,6,1,5
Butrinto,hellfire,96,monk,windwalker,6,1,5
Бумчака,blackscar,96,monk,windwalker,6,1,5
Мэдсол,soulflayer,96,monk,windwalker,6,1,5
Monkenya,kazzak,96,monk,windwalker,6,1,5
Fistyouslow,kazzak,96,monk,windwalker,6,1,5
Musaya,chamber-of-aspects,96,monk,windwalker,6,1,5
Chucknørris,blackhand,96,monk,windwalker,6,1,5
Chucknøørys,archimonde,96,monk,windwalker,6,1,5
Greytalla,silvermoon,96,monk,windwalker,6,1,5
Тиронфлакс,soulflayer,96,monk,windwalker,6,1,5
Chimail,blackrock,96,monk,windwalker,6,1,5
Umbrâsyl,ravencrest,96,monk,windwalker,6,1,5
Drlightorc,tarren-mill,96,monk,windwalker,6,1,5
Dìó,tarren-mill,96,monk,windwalker,6,1,5
Castrø,argent-dawn,96,monk,windwalker,6,1,5
Cumspiller,ravencrest,96,monk,windwalker,6,1,5
Cabbagés,outland,96,monk,windwalker,6,1,5
Bottomoré,silvermoon,96,monk,windwalker,6,1,5
Yìng,tarren-mill,96,monk,windwalker,6,1,5
Lîlpumpx,outland,96,monk,windwalker,6,1,5
Tooweezé,outland,96,monk,windwalker,6,1,5
Sînge,archimonde,96,monk,windwalker,6,1,5
Rileyweed,hellscream,96,monk,windwalker,6,1,5
Draina,archimonde,96,monk,windwalker,6,1,5
Olympeá,silvermoon,96,monk,windwalker,6,1,5
Gøsù,antonidas,96,monk,windwalker,6,1,5
Kickboxer,burning-legion,96,monk,windwalker,6,1,5
Bâsarä,archimonde,96,monk,windwalker,6,1,5
Faulpelz,onyxia,96,monk,windwalker,6,1,5
Gilario,silvermoon,96,monk,windwalker,6,1,5
Rhaekhan,kirin-tor,96,monk,windwalker,6,1,5
Harislkwamk,aegwynn,96,monk,windwalker,6,1,5
Kinføu,hyjal,96,monk,windwalker,6,1,5
Dudulinda,silvermoon,96,monk,windwalker,6,1,5
Mìcrøb,blackmoore,96,monk,windwalker,6,1,5
Jongoatjones,outland,96,monk,windwalker,6,1,5
Kazéshini,doomhammer,96,monk,windwalker,6,1,5
Onisakebi,nemesis,96,monk,windwalker,10,1,9
Monkacphp,drakthul,96,monk,windwalker,12,1,11
Araey,argent-dawn,89,monk,windwalker,9,3,6
Aennie,zuljin,84,monk,windwalker,13,4,9
Xtcc,kazzak,79,monk,windwalker,5,1,4
Tenzen,dun-modr,79,monk,windwalker,11,1,10
Xámell,ravencrest,48,monk,windwalker,3,1,2
Skailzkrtwo,hyjal,48,monk,windwalker,3,1,2
Monkinko,tarren-mill,42,monk,windwalker,10,2,8
Pjetro,draenor,31,monk,windwalker,2,1,1
Åbx,argent-dawn,2147,paladin,holy,131,66,65
Crewxdlolz,frostmane,2123,paladin,holy,211,118,93
Likkik,ravencrest,2121,paladin,holy,86,42,44
Royki,the-maelstrom,2111,paladin,holy,70,38,32
Алексендлер,howling-fjord,2061,paladin,holy,356,194,162
Jìmjim,ysondre,2057,paladin,holy,191,98,93
Ranchiek,ravencrest,2019,paladin,holy,60,31,29
Lickssi,outland,2001,paladin,holy,94,56,38
Richiks,outland,1972,paladin,holy,84,46,38
Trusttp,ravencrest,1969,paladin,holy,71,46,25
Gloonî,blackmoore,1964,paladin,holy,77,37,40
Nemesisbot,dun-modr,1940,paladin,holy,108,61,47
Ránchìek,ravencrest,1940,paladin,holy,66,33,33
Wiriday,draenor,1938,paladin,holy,543,268,275
Seabrook,stormscale,1933,paladin,holy,123,56,67
Reckx,argent-dawn,1927,paladin,holy,113,50,63
Strûgglebûs,outland,1920,paladin,holy,89,49,40
Wontbubblejk,tarren-mill,1918,paladin,holy,72,33,39
Peacerainer,stormscale,1915,paladin,holy,72,32,40
Zabrok,outland,1914,paladin,holy,82,46,36
Rïzé,ravencrest,1911,paladin,holy,54,26,28
Vaîjin,aegwynn,1905,paladin,holy,295,152,143
Goyimslayer,ravencrest,1905,paladin,holy,228,116,112
Odrareg,kazzak,1890,paladin,holy,205,96,109
Galaxys,blackhand,1887,paladin,holy,145,74,71
Welivewewin,defias-brotherhood,1884,paladin,holy,187,99,88
Aww,anachronos,1869,paladin,holy,180,91,89
Rickstone,kazzak,1866,paladin,holy,72,35,37
Pointguard,blackrock,1862,paladin,holy,54,28,26
Wheelybin,argent-dawn,1861,paladin,holy,59,24,35
Kyoma,burning-legion,1858,paladin,holy,161,75,86
Tipmax,ravencrest,1856,paladin,holy,61,37,24
Goodpeace,kazzak,1855,paladin,holy,73,35,38
Jeø,stormscale,1854,paladin,holy,60,30,30
Niwariel,silvermoon,1852,paladin,holy,60,37,23
Типмакс,howling-fjord,1851,paladin,holy,42,25,17
Áftershøck,ravencrest,1850,paladin,holy,60,32,28
Shufflenjoyr,argent-dawn,1837,paladin,holy,131,67,64
Måvé,tarren-mill,1836,paladin,holy,135,76,59
Optîmuslîme,veklor,1835,paladin,holy,42,27,15
Ajani,la-croisade-écarlate,1828,paladin,holy,60,27,33
Wokyo,tarren-mill,1823,paladin,holy,231,134,97
Eldorín,blackmoore,1823,paladin,holy,54,20,34
Kianpal,silvermoon,1818,paladin,holy,158,89,69
Danipaladin,tarren-mill,1817,paladin,holy,88,51,37
Neverlostx,ravencrest,1816,paladin,holy,48,31,17
Wollymolly,ravencrest,1814,paladin,holy,84,45,39
Popecrusade,archimonde,1813,paladin,holy,107,66,41
Callístó,amanthul,1811,paladin,holy,408,209,199
Isøri,antonidas,1807,paladin,holy,168,92,76
Powertilt,ravencrest,1800,paladin,holy,201,95,106
Pigpiss,ravencrest,1800,paladin,holy,58,25,33
Runtheshôw,tarren-mill,1795,paladin,holy,184,89,95
Phalphlingo,stormscale,1787,paladin,holy,114,52,62
Majör,ysondre,1786,paladin,holy,78,39,39
Jûliâ,archimonde,1777,paladin,holy,100,55,45
Гола,gordunni,1771,paladin,holy,97,44,53
Lexó,ravencrest,1768,paladin,holy,66,30,36
Holylightxz,runetotem,1765,paladin,holy,93,46,47
Pêacerainer,stormscale,1765,paladin,holy,186,78,108
Nemebotddos,dun-modr,1764,paladin,holy,59,27,32
Flouzz,blackmoore,1763,paladin,holy,108,51,57
Rezvaya,tarren-mill,1760,paladin,holy,42,19,23
Svyata,twisting-nether,1759,paladin,holy,137,64,73
Tyrsa,defias-brotherhood,1759,paladin,holy,59,26,33
Макстипчик,howling-fjord,1758,paladin,holy,63,29,34
Lrnz,tarren-mill,1758,paladin,holy,102,45,57
Andûrîl,tarren-mill,1757,paladin,holy,155,82,73
Whothisguy,ravencrest,1757,paladin,holy,72,35,37
Haylø,archimonde,1751,paladin,holy,57,29,28
Tibælius,ravencrest,1750,paladin,holy,95,50,45
Narkal,archimonde,1748,paladin,holy,111,60,51
Vindîcator,defias-brotherhood,1746,paladin,holy,197,94,103
Holysacx,aegwynn,1744,paladin,holy,60,34,26
Rettyfield,blackrock,1744,paladin,holy,42,23,19
Valia,argent-dawn,1740,paladin,holy,93,50,43
Everflame,blackmoore,1739,paladin,holy,84,50,34
Dbblou,draenor,1739,paladin,holy,42,20,22
Jüther,pozzo-delleternità,1736,paladin,holy,35,19,16
Profundus,zuluhed,1734,paladin,holy,60,30,30
Skyf,outland,1717,paladin,holy,239,116,123
Dyslexineef,defias-brotherhood,1717,paladin,holy,64,28,36
Insanez,stormscale,1715,paladin,holy,56,27,29
Хегия,gordunni,1713,paladin,holy,168,92,76
Kwinn,aggra-português,1713,paladin,holy,36,18,18
Акунделар,gordunni,1706,paladin,holy,125,63,62
Аришалисичка,blackscar,1704,paladin,holy,82,41,41
Beefcrusher,outland,1704,paladin,holy,42,18,24
Heilbuch,durotan,1700,paladin,holy,184,100,84
Ðelusion,sanguino,1697,paladin,holy,35,19,16
Гигашмяк,howling-fjord,1694,paladin,holy,304,155,149
Padisonmeth,blackmoore,1694,paladin,holy,53,19,34
Фьюжндрайв,gordunni,1693,paladin,holy,36,18,18
Chowo,argent-dawn,1693,paladin,holy,113,54,59
Faíren,mugthol,1692,paladin,holy,96,51,45
Rekieuna,archimonde,1691,paladin,holy,677,339,338
Thaderÿl,auchindoun,1687,paladin,holy,104,56,48
Thaderyl,auchindoun,1687,paladin,holy,182,89,93
Diffay,tarren-mill,1686,paladin,holy,60,32,28
Dömötörp,ragnaros,1685,paladin,holy,183,97,86
Chosenlight,darkspear,1682,paladin,holy,193,95,98
Drohim,aegwynn,1680,paladin,holy,58,28,30
Emlight,kazzak,1678,paladin,holy,77,43,34
Voklane,tarren-mill,1678,paladin,holy,50,24,26
Moeixu,kazzak,1678,paladin,holy,93,38,55
Lycerax,antonidas,1677,paladin,holy,42,24,18
Holysac,aegwynn,1669,paladin,holy,48,26,22
Itsjulie,sylvanas,1666,paladin,holy,106,53,53
Holylightxz,archimonde,1666,paladin,holy,48,23,25
Shamoo,archimonde,1664,paladin,holy,36,21,15
Holysac,kazzak,1662,paladin,holy,42,22,20
Shabbyy,bronzebeard,1661,paladin,holy,108,61,47
Astarox,kazzak,1661,paladin,holy,256,122,134
Дарксайгн,gordunni,1659,paladin,holy,72,28,44
Mðnsterz,archimonde,1653,paladin,holy,78,37,41
Rejst,drakthul,1650,paladin,holy,65,25,40
Kakii,gorgonnash,1645,paladin,holy,59,24,35
Spinne,tarren-mill,1642,paladin,holy,142,71,71
Alphaøne,stormscale,1642,paladin,holy,42,20,22
Dewastor,veklor,1640,paladin,holy,52,28,24
Jinyssa,silvermoon,1639,paladin,holy,53,32,21
Tibelious,ravencrest,1639,paladin,holy,167,76,91
Celébriel,twisting-nether,1638,paladin,holy,131,74,57
Мускатер,gordunni,1633,paladin,holy,58,26,32
Emloses,outland,1632,paladin,holy,354,179,175
Святстраж,gordunni,1631,paladin,holy,50,23,27
Baazil,ragnaros,1631,paladin,holy,84,38,46
Derpe,hellscream,1628,paladin,holy,30,17,13
Insanevegan,ravencrest,1628,paladin,holy,66,33,33
Pignonn,dalaran,1628,paladin,holy,255,126,129
Marcope,kazzak,1628,paladin,holy,36,17,19
Smightypal,silvermoon,1626,paladin,holy,147,75,72
Máttés,antonidas,1626,paladin,holy,59,21,38
Jeromesavile,tarren-mill,1625,paladin,holy,143,68,75
Verlinya,archimonde,1624,paladin,holy,36,21,15
Lofé,drakthul,1623,paladin,holy,44,22,22
Jambbo,twisting-nether,1622,paladin,holy,148,81,67
Necrocursed,blackrock,1621,paladin,holy,42,19,23
Nezâ,blackhand,1619,paladin,holy,58,26,32
Athenewins,tarren-mill,1616,paladin,holy,400,210,190
Crankaess,tarren-mill,1616,paladin,holy,73,37,36
Lexolex,ravencrest,1616,paladin,holy,36,17,19
Papasito,tarren-mill,1616,paladin,holy,48,17,31
Vxqt,blackrock,1614,paladin,holy,53,25,28
Percocetx,tarren-mill,1613,paladin,holy,54,24,30
Faíren,blackrock,1613,paladin,holy,54,24,30
Pullheavy,silvermoon,1611,paladin,holy,299,154,145
Arysur,defias-brotherhood,1611,paladin,holy,488,241,247
Crucifiction,balnazzar,1610,paladin,holy,72,34,38
ßestsacjk,kazzak,1610,paladin,holy,54,22,32
Yzzy,ravencrest,1608,paladin,holy,30,17,13
Zondãn,blackrock,1608,paladin,holy,95,51,44
Stratarxis,kazzak,1607,paladin,holy,100,48,52
Kaputs,twisting-nether,1606,paladin,holy,31,18,13
Дэнриэль,howling-fjord,1606,paladin,holy,54,25,29
Umirinbruv,zenedar,1606,paladin,holy,74,30,44
Острит,gordunni,1605,paladin,holy,78,45,33
Holeck,aegwynn,1605,paladin,holy,72,28,44
Buntqt,kazzak,1604,paladin,holy,112,59,53
Джонниджага,blackscar,1604,paladin,holy,58,28,30
Kfcmanager,archimonde,1603,paladin,holy,60,30,30
Stepsislana,tarren-mill,1601,paladin,holy,30,17,13
Xelqt,draenor,1601,paladin,holy,134,67,67
Curtfizzle,kazzak,1600,paladin,holy,119,61,58
Judgejuryexe,kazzak,1600,paladin,holy,92,44,48
Tyralia,archimonde,1598,paladin,holy,60,35,25
Xray,ahnqiraj,1598,paladin,holy,53,27,26
Мылонеуроних,deathguard,1598,paladin,holy,66,29,37
Лайтпалочка,soulflayer,1596,paladin,holy,340,167,173
Powarpufgirl,blackrock,1593,paladin,holy,53,26,27
Enemylosers,stormscale,1592,paladin,holy,234,127,107
Ìschtarsdad,blackrock,1591,paladin,holy,192,96,96
Xaérulus,draenor,1590,paladin,holy,89,43,46
Edelarøs,ysondre,1590,paladin,holy,63,29,34
Erathoor,grim-batol,1589,paladin,holy,66,32,34
Astollfo,hyjal,1588,paladin,holy,42,26,16
Wíw,kazzak,1587,paladin,holy,154,77,77
Сэлфхил,gordunni,1587,paladin,holy,119,53,66
Fourshaw,ravencrest,1586,paladin,holy,195,101,94
Holychît,sanguino,1586,paladin,holy,117,54,63
Эвердрим,soulflayer,1585,paladin,holy,66,28,38
Xsÿde,archimonde,1583,paladin,holy,128,61,67
Jcbubs,xavius,1582,paladin,holy,198,98,100
Xenyaa,arygos,1581,paladin,holy,103,53,50
Пчелодин,howling-fjord,1581,paladin,holy,36,17,19
Louiepal,outland,1580,paladin,holy,41,25,16
Rookbeef,eredar,1580,paladin,holy,72,41,31
Потокденег,howling-fjord,1580,paladin,holy,214,104,110
Swâpxy,proudmoore,1578,paladin,holy,36,22,14
Blazerlolz,kazzak,1578,paladin,holy,107,56,51
Myssa,uldum,1577,paladin,holy,42,21,21
Delicztwo,der-rat-von-dalaran,1576,paladin,holy,42,22,20
Holydeals,silvermoon,1576,paladin,holy,66,31,35
Fannypoo,sylvanas,1574,paladin,holy,215,105,110
Аронасхе,blackscar,1573,paladin,holy,89,39,50
Думгохан,howling-fjord,1572,paladin,holy,111,47,64
Pooncy,ragnaros,1569,paladin,holy,66,32,34
Elsewhere,archimonde,1569,paladin,holy,83,38,45
Fløcki,blackhand,1567,paladin,holy,178,92,86
Irefutabila,stormscale,1566,paladin,holy,76,35,41
Nîkå,ravencrest,1561,paladin,holy,109,62,47
Femaleelf,eredar,1561,paladin,holy,48,20,28
Artherius,silvermoon,1558,paladin,holy,103,64,39
Easypala,blackrock,1557,paladin,holy,126,54,72
Deodas,kazzak,1556,paladin,holy,466,231,235
Obviously,echsenkessel,1556,paladin,holy,42,19,23
Bhlessings,ravencrest,1556,paladin,holy,56,24,32
Erao,the-maelstrom,1554,paladin,holy,48,24,24
Fjorhvor,draenor,1551,paladin,holy,304,162,142
Skurly,ragnaros,1551,paladin,holy,42,19,23
Injection,khaz-modan,1550,paladin,holy,163,82,81
Факофф,gordunni,1549,paladin,holy,114,62,52
Pablok,minahonda,1548,paladin,holy,48,17,31
Алукартик,deathguard,1546,paladin,holy,89,44,45
Mistsx,kazzak,1546,paladin,holy,60,27,33
Andronar,blackmoore,1545,paladin,holy,114,54,60
Срувтапкизз,blackscar,1543,paladin,holy,89,32,57
Rëtnuhka,drakthul,1542,paladin,holy,99,49,50
Chryme,thrall,1541,paladin,holy,96,48,48
Рэймондх,gordunni,1541,paladin,holy,59,25,34
Cozm,silvermoon,1540,paladin,holy,60,31,29
Тошанич,soulflayer,1539,paladin,holy,54,24,30
Nimeron,ravencrest,1536,paladin,holy,120,60,60
Kristelle,argent-dawn,1535,paladin,holy,163,83,80
Nstea,zuljin,1534,paladin,holy,30,16,14
Сашафистинг,gordunni,1534,paladin,holy,261,135,126
Ekzykes,ravencrest,1534,paladin,holy,76,38,38
Бирко,blackscar,1532,paladin,holy,57,24,33
Lóde,silvermoon,1530,paladin,holy,148,77,71
Wizqy,ravencrest,1530,paladin,holy,66,32,34
Sorfalinka,silvermoon,1529,paladin,holy,27,20,7
Sorfalik,silvermoon,1529,paladin,holy,63,35,28
Sncx,ravencrest,1528,paladin,holy,42,22,20
Рустиктоп,gordunni,1528,paladin,holy,36,16,20
Леонящер,gordunni,1527,paladin,holy,323,177,146
Бадбх,howling-fjord,1527,paladin,holy,90,39,51
Холиэвил,gordunni,1526,paladin,holy,90,49,41
Búbblicioús,ravencrest,1524,paladin,holy,84,49,35
Askmy,stormscale,1524,paladin,holy,42,22,20
Foxywild,aszune,1523,paladin,holy,78,37,41
Expander,draenor,1523,paladin,holy,42,16,26
Tuoppi,steamwheedle-cartel,1520,paladin,holy,120,59,61
Всехилящий,gordunni,1520,paladin,holy,78,36,42
Fúrion,burning-blade,1520,paladin,holy,60,26,34
Кизарыч,galakrond,1519,paladin,holy,75,31,44
Marygueguete,archimonde,1518,paladin,holy,108,53,55
Crystal,thrall,1517,paladin,holy,54,33,21
Cptlighter,draenor,1517,paladin,holy,42,16,26
Sweetjane,deathwing,1513,paladin,holy,53,28,25
Gasilol,frostwolf,1512,paladin,holy,93,46,47
Rotana,eredar,1511,paladin,holy,36,24,12
Nefarius,malganis,1511,paladin,holy,53,26,27
Wingcomandêr,aegwynn,1510,paladin,holy,60,27,33
Thaliasword,sylvanas,1510,paladin,holy,60,24,36
Cerinae,tarren-mill,1509,paladin,holy,150,78,72
Holycoomer,silvermoon,1507,paladin,holy,44,22,22
Sonil,les-sentinelles,1507,paladin,holy,57,24,33
Ironmikë,outland,1505,paladin,holy,42,24,18
Stidi,frostmane,1504,paladin,holy,106,48,58
Fatmidget,kazzak,1503,paladin,holy,66,43,23
Spårvagn,draenor,1502,paladin,holy,84,41,43
Brutalmate,burning-blade,1502,paladin,holy,69,27,42
Hawki,blackmoore,1500,paladin,holy,42,23,19
Aese,dun-modr,1499,paladin,holy,102,51,51
Hairybabe,outland,1498,paladin,holy,72,43,29
Эндемичный,soulflayer,1498,paladin,holy,48,28,20
Defnotsikaan,blackhand,1498,paladin,holy,60,25,35
Dàrckness,ravencrest,1497,paladin,holy,355,188,167
Rùfus,tarren-mill,1497,paladin,holy,162,84,78
Sübôvîñ,ravencrest,1497,paladin,holy,135,69,66
Pamee,blackrock,1497,paladin,holy,42,20,22
Delmothounet,ysondre,1496,paladin,holy,46,28,18
Dathróhán,silvermoon,1496,paladin,holy,400,201,199
Konane,drekthar,1495,paladin,holy,49,24,25
Sofishoida,blackmoore,1493,paladin,holy,114,64,50
Брилз,soulflayer,1493,paladin,holy,160,80,80
Norandel,turalyon,1490,paladin,holy,78,31,47
Ирестли,azuregos,1489,paladin,holy,96,48,48
Hirolde,zenedar,1487,paladin,holy,128,61,67
Shaevira,ravencrest,1487,paladin,holy,66,30,36
Stepsisbro,twisting-nether,1486,paladin,holy,36,20,16
Мифариан,blackscar,1486,paladin,holy,135,67,68
Pisr,draenor,1486,paladin,holy,90,37,53
Asenae,draenor,1485,paladin,holy,84,33,51
Zerafic,sylvanas,1484,paladin,holy,78,26,52
Fleshgraft,silvermoon,1482,paladin,holy,81,40,41
Divinetollen,ravencrest,1482,paladin,holy,74,32,42
Aachenbrand,blackhand,1481,paladin,holy,197,93,104
Drzärc,sanguino,1481,paladin,holy,66,31,35
Vadomar,emerald-dream,1480,paladin,holy,106,50,56
Линвэль,gordunni,1479,paladin,holy,51,26,25
Снупарь,blackscar,1479,paladin,holy,198,100,98
Chocòbon,archimonde,1476,paladin,holy,92,50,42
Nemesi,archimonde,1476,paladin,holy,75,37,38
Зинарэмпейдж,gordunni,1476,paladin,holy,54,24,30
Nåmï,culte-de-la-rive-noire,1475,paladin,holy,48,26,22
Ауди,howling-fjord,1475,paladin,holy,66,24,42
Эллиарэй,gordunni,1474,paladin,holy,146,71,75
Elvandara,blackmoore,1474,paladin,holy,77,34,43
Böllerbarbie,silvermoon,1473,paladin,holy,65,39,26
Imapala,tarren-mill,1470,paladin,holy,36,19,17
Скайлайтх,soulflayer,1470,paladin,holy,36,18,18
Alphä,auchindoun,1468,paladin,holy,36,19,17
Selphii,twisting-nether,1467,paladin,holy,46,23,23
Витёнокь,howling-fjord,1466,paladin,holy,157,90,67
Thraìn,ravencrest,1465,paladin,holy,90,40,50
Veléxis,outland,1464,paladin,holy,87,45,42
Arenalena,sylvanas,1464,paladin,holy,181,88,93
Iwillbeing,ragnaros,1464,paladin,holy,84,40,44
Hpal,aegwynn,1464,paladin,holy,135,62,73
Juicycheeks,frostwolf,1464,paladin,holy,92,39,53
Séphiran,hyjal,1461,paladin,holy,59,32,27
Kapikøoqt,suramar,1460,paladin,holy,229,126,103
Curufin,grim-batol,1460,paladin,holy,149,80,69
Devinèqt,tarren-mill,1459,paladin,holy,115,60,55
Jajmentx,kazzak,1459,paladin,holy,78,40,38
Флэшкапро,soulflayer,1456,paladin,holy,220,107,113
Insonia,frostwolf,1454,paladin,holy,94,45,49
Kwenu,tarren-mill,1453,paladin,holy,138,72,66
Realpalla,ravenholdt,1452,paladin,holy,126,62,64
Archaegis,silvermoon,1452,paladin,holy,48,19,29
Aebî,dalaran,1450,paladin,holy,60,37,23
Этосальвабро,lich-king,1450,paladin,holy,86,32,54
Холлихэйт,howling-fjord,1449,paladin,holy,87,38,49
Scrimple,stormscale,1447,paladin,holy,73,35,38
Волнысвета,howling-fjord,1446,paladin,holy,110,59,51
Djspresty,ravencrest,1445,paladin,holy,40,21,19
Jaesa,lordaeron,1445,paladin,holy,97,43,54
Holydawnx,kazzak,1443,paladin,holy,98,48,50
Alessaqas,ravencrest,1443,paladin,holy,63,28,35
Trez,blackmoore,1442,paladin,holy,31,18,13
Ðenlox,destromath,1442,paladin,holy,157,81,76
Présidential,grim-batol,1441,paladin,holy,59,28,31
Коварное,borean-tundra,1440,paladin,holy,52,25,27
Паладинас,lich-king,1440,paladin,holy,64,21,43
Thaifo,silvermoon,1439,paladin,holy,33,20,13
Maitrelampe,argent-dawn,1439,paladin,holy,96,49,47
Крусейдор,soulflayer,1438,paladin,holy,127,58,69
Móeixü,silvermoon,1438,paladin,holy,36,16,20
Mamporro,dun-modr,1437,paladin,holy,42,23,19
Mercedes,arthas,1437,paladin,holy,59,32,27
Уретроград,soulflayer,1436,paladin,holy,72,36,36
Louiepalmoo,outland,1433,paladin,holy,52,23,29
Beecq,tarren-mill,1432,paladin,holy,60,35,25
Zycqo,silvermoon,1430,paladin,holy,185,92,93
Locofatguy,drakthul,1429,paladin,holy,184,89,95
Tiffanyqt,frostwolf,1428,paladin,holy,24,16,8
Toohotty,archimonde,1428,paladin,holy,53,22,31
Sacbøt,stormscale,1427,paladin,holy,259,132,127
Skinstructor,silvermoon,1425,paladin,holy,90,44,46
Taiso,alonsus,1422,paladin,holy,132,64,68
Aíe,draenor,1420,paladin,holy,151,77,74
Lofotof,silvermoon,1419,paladin,holy,30,17,13
Джонигодх,gordunni,1418,paladin,holy,38,16,22
Phalex,outland,1416,paladin,holy,36,23,13
Глиндес,gordunni,1416,paladin,holy,174,82,92
Îiî,archimonde,1415,paladin,holy,54,27,27
Luxxorr,outland,1413,paladin,holy,81,44,37
Zilu,kazzak,1413,paladin,holy,47,24,23
Wepalapvpbop,ravencrest,1413,paladin,holy,30,15,15
Wellmet,stormreaver,1412,paladin,holy,48,25,23
Uzuriel,chogall,1412,paladin,holy,590,285,305
Blazeberg,tirion,1411,paladin,holy,36,20,16
Bécasszelium,varimathras,1410,paladin,holy,195,97,98
Aiyäna,argent-dawn,1409,paladin,holy,107,47,60
Superalt,archimonde,1408,paladin,holy,24,15,9
Gzerloth,ragnaros,1407,paladin,holy,36,15,21
Blessedpapi,draenor,1406,paladin,holy,72,32,40
Diamir,rajaxx,1404,paladin,holy,75,55,20
Slezz,tarren-mill,1404,paladin,holy,416,213,203
Dlfî,hyjal,1403,paladin,holy,90,53,37
Vuup,silvermoon,1403,paladin,holy,97,56,41
Lightbrîng,hyjal,1403,paladin,holy,71,38,33
Alciera,silvermoon,1402,paladin,holy,54,24,30
Омнилайт,soulflayer,1402,paladin,holy,61,25,36
Аяпал,blackscar,1401,paladin,holy,72,39,33
Ayuwings,ravencrest,1400,paladin,holy,36,16,20
Honeygodx,antonidas,1399,paladin,holy,57,31,26
Deathsfate,defias-brotherhood,1397,paladin,holy,39,18,21
Starfula,archimonde,1396,paladin,holy,84,52,32
Lapew,eredar,1395,paladin,holy,39,22,17
Грор,galakrond,1395,paladin,holy,79,35,44
Lastaid,azshara,1392,paladin,holy,295,146,149
Stinkepieet,blackmoore,1390,paladin,holy,48,20,28
Эверейс,howling-fjord,1389,paladin,holy,47,22,25
Kantfyrste,ravencrest,1388,paladin,holy,139,59,80
Бэнкли,soulflayer,1387,paladin,holy,78,45,33
Expot,blackmoore,1387,paladin,holy,60,34,26
Heilgaharald,blackrock,1386,paladin,holy,140,69,71
Fenye,twisting-nether,1386,paladin,holy,68,32,36
Эскейпми,howling-fjord,1385,paladin,holy,35,18,17
Enyol,stormscale,1384,paladin,holy,98,53,45
Noliferx,ravencrest,1383,paladin,holy,82,49,33
Alard,sanguino,1383,paladin,holy,126,60,66
Goodbit,dentarg,1382,paladin,holy,71,43,28
Rullstolen,the-maelstrom,1382,paladin,holy,48,28,20
Hîfi,blackmoore,1379,paladin,holy,237,130,107
Цитология,borean-tundra,1379,paladin,holy,126,64,62
Danepala,defias-brotherhood,1378,paladin,holy,59,29,30
Ретриксвета,eversong,1377,paladin,holy,64,37,27
Gabriev,twisting-nether,1376,paladin,holy,49,25,24
Gimch,magtheridon,1375,paladin,holy,24,15,9
Салфеточник,thermaplugg,1375,paladin,holy,96,41,55
Mønargøras,blackrock,1375,paladin,holy,96,40,56
Badckes,sylvanas,1373,paladin,holy,140,66,74
Paakz,stormscale,1372,paladin,holy,126,69,57
Lithera,outland,1372,paladin,holy,48,22,26
Сатангодх,gordunni,1372,paladin,holy,144,58,86
Døgstømper,outland,1370,paladin,holy,29,15,14
Лимфома,goldrinn,1370,paladin,holy,91,39,52
Paiadinho,malganis,1369,paladin,holy,119,53,66
Cykadin,dun-modr,1368,paladin,holy,84,35,49
Vivalabeef,stormscale,1367,paladin,holy,60,26,34
Jackieb,dun-modr,1367,paladin,holy,63,24,39
Wyllian,grim-batol,1366,paladin,holy,113,62,51
Listina,twisting-nether,1366,paladin,holy,42,21,21
Claudîax,kazzak,1366,paladin,holy,117,51,66
Unpal,ravencrest,1366,paladin,holy,42,18,24
Mecah,hyjal,1365,paladin,holy,42,21,21
Kîsyhrâ,aegwynn,1365,paladin,holy,42,16,26
Demytxx,silvermoon,1365,paladin,holy,43,16,27
Keltinne,ysondre,1363,paladin,holy,69,42,27
Ztiina,tarren-mill,1361,paladin,holy,114,54,60
Pârabellum,the-maelstrom,1360,paladin,holy,42,22,20
Ramos,aggra-português,1360,paladin,holy,60,22,38
Ассантийка,deathguard,1358,paladin,holy,45,21,24
Steggeh,argent-dawn,1358,paladin,holy,150,64,86
Ostardo,blackhand,1357,paladin,holy,24,15,9
Scholzpala,twisting-nether,1357,paladin,holy,60,35,25
Wàtchmedánce,blackhand,1356,paladin,holy,42,28,14
Hÿrrøkk,ysondre,1356,paladin,holy,96,62,34
Рэймета,soulflayer,1356,paladin,holy,48,21,27
Shakalol,dun-modr,1355,paladin,holy,60,23,37
Eline,zenedar,1352,paladin,holy,78,34,44
Maxôr,norgannon,1351,paladin,holy,66,37,29
Lazyknight,silvermoon,1351,paladin,holy,72,32,40
Mikemyers,blackhand,1350,paladin,holy,42,20,22
Talimañ,kazzak,1349,paladin,holy,42,23,19
Rookzter,sylvanas,1348,paladin,holy,132,69,63
Эсерпи,gordunni,1348,paladin,holy,347,172,175
Drdeus,kazzak,1348,paladin,holy,182,90,92
Pennyxx,outland,1346,paladin,holy,23,15,8
Дифицит,blackscar,1346,paladin,holy,93,50,43
Demonskiller,alakir,1346,paladin,holy,89,47,42
Кольт,borean-tundra,1346,paladin,holy,113,58,55
Dogmatic,blackmoore,1346,paladin,holy,36,18,18
Pussdocta,ravencrest,1345,paladin,holy,89,48,41
Holdmybible,the-maelstrom,1345,paladin,holy,30,16,14
Naylaeh,draenor,1345,paladin,holy,30,15,15
Mestgone,dalaran,1345,paladin,holy,93,43,50
Nudzolini,tarren-mill,1344,paladin,holy,36,22,14
Grimbold,hellfire,1343,paladin,holy,66,37,29
Ginbeam,aegwynn,1343,paladin,holy,172,86,86
Coopz,defias-brotherhood,1343,paladin,holy,30,15,15
Jerryhârvey,kazzak,1342,paladin,holy,24,14,10
Yonì,thrall,1341,paladin,holy,30,21,9
Keele,stormscale,1341,paladin,holy,69,32,37
Arlette,moonglade,1341,paladin,holy,90,41,49
Dimetrix,stormscale,1341,paladin,holy,59,22,37
Rivanii,kazzak,1338,paladin,holy,165,86,79
Itsgossiplol,twisting-nether,1338,paladin,holy,205,104,101
Нинтендо,grom,1338,paladin,holy,241,115,126
Xenaké,kazzak,1338,paladin,holy,261,118,143
Freaak,dethecus,1337,paladin,holy,60,24,36
Pokébowl,outland,1336,paladin,holy,78,43,35
Elians,outland,1336,paladin,holy,54,22,32
Hezerothys,draenor,1334,paladin,holy,138,67,71
Kocovic,tarren-mill,1333,paladin,holy,54,29,25
Anythíng,kazzak,1333,paladin,holy,121,61,60
Mitsaklas,grim-batol,1331,paladin,holy,227,104,123
Pegason,twisting-nether,1330,paladin,holy,71,41,30
Pappipala,tarren-mill,1330,paladin,holy,60,28,32
Raeven,arygos,1330,paladin,holy,216,98,118
Snigglz,blackhand,1329,paladin,holy,24,14,10
Bezvakost,thunderhorn,1328,paladin,holy,48,21,27
Бэдмэн,deathguard,1327,paladin,holy,53,16,37
Sixtynien,outland,1326,paladin,holy,88,45,43
Shiøn,zuljin,1325,paladin,holy,64,27,37
Watras,drakthul,1324,paladin,holy,72,26,46
Ugolf,kazzak,1323,paladin,holy,126,66,60
Abroxis,alleria,1323,paladin,holy,51,26,25
Preyy,eredar,1322,paladin,holy,65,33,32
Инблумхх,blackscar,1322,paladin,holy,30,15,15
Aytu,blackmoore,1321,paladin,holy,39,19,20
Nde,silvermoon,1320,paladin,holy,47,20,27
Holynstuff,auchindoun,1319,paladin,holy,37,26,11
Gucix,sylvanas,1319,paladin,holy,95,42,53
Satipal,sargeras,1317,paladin,holy,141,61,80
Öbedö,malganis,1316,paladin,holy,69,34,35
Waynex,twisting-nether,1316,paladin,holy,30,14,16
Crusherpala,laughing-skull,1316,paladin,holy,83,33,50
Holyfrick,kazzak,1315,paladin,holy,60,28,32
Sangriul,outland,1315,paladin,holy,135,57,78
Neyd,hyjal,1314,paladin,holy,60,21,39
Xila,blackrock,1312,paladin,holy,44,22,22
Hëüss,suramar,1312,paladin,holy,41,19,22
Necrozi,stormscale,1311,paladin,holy,60,35,25
Catpoopnacho,blackmoore,1311,paladin,holy,24,14,10
Powerpufgirl,blackrock,1311,paladin,holy,46,22,24
Agadin,ysondre,1310,paladin,holy,35,19,16
Noskillze,ravencrest,1309,paladin,holy,48,25,23
Bagull,zuljin,1308,paladin,holy,94,45,49
Rookx,stormscale,1308,paladin,holy,66,23,43
Реколори,gordunni,1307,paladin,holy,191,100,91
Mythsion,blackmoore,1307,paladin,holy,36,16,20
Daizen,blackrock,1306,paladin,holy,67,45,22
Malodos,archimonde,1306,paladin,holy,74,38,36
Skengdaddy,ragnaros,1306,paladin,holy,84,39,45
Tyktyk,draenor,1304,paladin,holy,60,33,27
Raleknrnr,hyjal,1304,paladin,holy,30,14,16
Держинский,gordunni,1304,paladin,holy,36,14,22
Подлыйдим,fordragon,1303,paladin,holy,84,34,50
Croaton,burning-legion,1301,paladin,holy,24,14,10
Evo,drakthul,1301,paladin,holy,55,25,30
Shaggybeard,frostmane,1301,paladin,holy,36,15,21
Arand,blackrock,1300,paladin,holy,93,53,40
Bubblig,silvermoon,1300,paladin,holy,30,14,16
Bladê,kazzak,1299,paladin,holy,66,26,40
Bovinequeef,twisting-nether,1298,paladin,holy,42,21,21
Æmiø,blackmoore,1298,paladin,holy,59,27,32
Soreser,skullcrusher,1297,paladin,holy,42,22,20
Holypapa,argent-dawn,1297,paladin,holy,90,42,48
Vonat,outland,1297,paladin,holy,54,20,34
Nerdpallyx,tarren-mill,1295,paladin,holy,151,72,79
Кузнейц,borean-tundra,1295,paladin,holy,82,35,47
Focùsheal,archimonde,1294,paladin,holy,30,17,13
Wernøw,archimonde,1294,paladin,holy,27,14,13
Matagladis,dun-modr,1294,paladin,holy,84,42,42
Wrathlol,ravencrest,1294,paladin,holy,230,113,117
Даниэль,howling-fjord,1292,paladin,holy,126,66,60
Perfero,kazzak,1292,paladin,holy,42,16,26
Paladins,archimonde,1290,paladin,holy,63,35,28
Bloodsoldier,twisting-nether,1290,paladin,holy,135,70,65
Hellphrodite,aegwynn,1289,paladin,holy,54,28,26
Зондарк,booty-bay,1289,paladin,holy,77,31,46
Judgealdo,sylvanas,1287,paladin,holy,31,16,15
Dedy,frostwhisper,1286,paladin,holy,47,24,23
Gegge,kazzak,1285,paladin,holy,50,19,31
Equablex,argent-dawn,1284,paladin,holy,66,37,29
Cowvid,grim-batol,1284,paladin,holy,60,24,36
Алекхей,gordunni,1282,paladin,holy,66,28,38
Åsaruki,emerald-dream,1281,paladin,holy,48,20,28
Borndark,stormscale,1281,paladin,holy,114,46,68
Европпа,soulflayer,1281,paladin,holy,144,54,90
Ballantine,thunderhorn,1280,paladin,holy,78,39,39
Paellysuir,blackmoore,1280,paladin,holy,38,19,19
Alldo,drakthul,1280,paladin,holy,130,59,71
Ксайлэти,gordunni,1279,paladin,holy,35,15,20
Fearleß,malganis,1278,paladin,holy,30,16,14
Rekolon,antonidas,1278,paladin,holy,366,187,179
Ramels,hyjal,1278,paladin,holy,36,16,20
Ggiwastheret,kazzak,1277,paladin,holy,23,14,9
Bigfailure,blackmoore,1277,paladin,holy,71,23,48
Talies,ravencrest,1276,paladin,holy,66,37,29
Dovadin,sylvanas,1276,paladin,holy,38,16,22
Swungling,outland,1275,paladin,holy,84,42,42
Holyppower,frostmane,1275,paladin,holy,35,14,21
Neithi,twisting-nether,1272,paladin,holy,72,36,36
Taligon,arathor,1272,paladin,holy,42,21,21
Albertina,silvermoon,1271,paladin,holy,38,19,19
Mifuttoasort,draenor,1270,paladin,holy,104,51,53
Toradin,thunderhorn,1268,paladin,holy,49,22,27
Делатор,gordunni,1267,paladin,holy,48,22,26
Slâyerous,draenor,1267,paladin,holy,41,14,27
Holiguy,twisting-nether,1266,paladin,holy,78,47,31
Thoarin,blackmoore,1266,paladin,holy,36,14,22
Polydeukis,stormscale,1265,paladin,holy,91,34,57
Tepowze,twisting-nether,1262,paladin,holy,47,27,20
Marik,argent-dawn,1262,paladin,holy,53,24,29
Tíep,blackmoore,1261,paladin,holy,91,46,45
Pajtash,doomhammer,1261,paladin,holy,59,29,30
Arkkipiispa,outland,1260,paladin,holy,78,40,38
Hotub,twisting-nether,1258,paladin,holy,123,57,66
Bulten,twilights-hammer,1257,paladin,holy,58,18,40
Кельдерик,howling-fjord,1255,paladin,holy,95,48,47
Kaitlyne,tarren-mill,1254,paladin,holy,97,49,48
Regis,dragonblight,1253,paladin,holy,80,44,36
Manole,ravencrest,1252,paladin,holy,47,28,19
Seinz,talnivarr,1252,paladin,holy,90,46,44
Анбели,gordunni,1252,paladin,holy,60,24,36
Tyrallan,ragnaros,1251,paladin,holy,36,14,22
Майдмен,gordunni,1250,paladin,holy,84,48,36
Hogma,hyjal,1250,paladin,holy,36,14,22
Luraa,drakthul,1249,paladin,holy,42,21,21
Opopoï,dalaran,1247,paladin,holy,24,15,9
Mercuria,dun-modr,1247,paladin,holy,48,25,23
Небулариум,howling-fjord,1246,paladin,holy,30,13,17
Sheroo,rexxar,1244,paladin,holy,18,13,5
Pupsihasi,kelthuzad,1244,paladin,holy,35,19,16
Valkhana,draenor,1244,paladin,holy,58,29,29
Cmelacek,wildhammer,1241,paladin,holy,42,25,17
Tommoffwarrs,archimonde,1241,paladin,holy,73,35,38
Trisunonvaki,khazgoroth,1240,paladin,holy,150,80,70
Вертуосгодх,soulflayer,1240,paladin,holy,49,24,25
Baixinho,aggra-português,1238,paladin,holy,99,55,44
Aelly,hyjal,1237,paladin,holy,112,56,56
Runtheshow,deathwing,1237,paladin,holy,28,14,14
Ondx,silvermoon,1236,paladin,holy,24,13,11
Alesiah,blackhand,1235,paladin,holy,61,26,35
Kerven,doomhammer,1234,paladin,holy,107,47,60
Jaezlin,tarren-mill,1232,paladin,holy,130,70,60
Demecir,twisting-nether,1232,paladin,holy,222,107,115
Skailzpal,hyjal,1231,paladin,holy,42,23,19
Faildin,arathor,1231,paladin,holy,131,64,67
Reudi,argent-dawn,1230,paladin,holy,54,28,26
Kherathan,argent-dawn,1230,paladin,holy,94,48,46
Farata,ravencrest,1230,paladin,holy,160,78,82
Weserwehr,laughing-skull,1228,paladin,holy,90,46,44
Nano,veknilash,1228,paladin,holy,82,33,49
Madlightsxd,dun-modr,1228,paladin,holy,36,13,23
Padraic,scarshield-legion,1227,paladin,holy,24,13,11
Ashbrìnger,aegwynn,1227,paladin,holy,24,13,11
Zeratris,defias-brotherhood,1226,paladin,holy,61,26,35
Aéther,quelthalas,1225,paladin,holy,45,25,20
Skolisse,kazzak,1225,paladin,holy,170,88,82
Reeley,drakthul,1225,paladin,holy,183,91,92
Naenel,dun-modr,1225,paladin,holy,37,16,21
Emilíá,kazzak,1223,paladin,holy,24,13,11
Кукусяшка,gordunni,1223,paladin,holy,53,20,33
Kapigentil,suramar,1222,paladin,holy,47,23,24
Schrikii,archimonde,1221,paladin,holy,66,27,39
Ðeswynd,hyjal,1220,paladin,holy,83,35,48
Lightmachine,kirin-tor,1218,paladin,holy,54,36,18
Lianndrin,blackhand,1218,paladin,holy,58,25,33
Beavatott,ragnaros,1216,paladin,holy,24,13,11
Калекомобиль,gordunni,1216,paladin,holy,25,13,12
Axpala,ragnaros,1216,paladin,holy,34,16,18
Minui,onyxia,1216,paladin,holy,50,20,30
Alastrr,hyjal,1215,paladin,holy,93,52,41
Fleny,thrall,1215,paladin,holy,24,13,11
Lightmamba,draenor,1214,paladin,holy,48,16,32
Kirilux,dun-modr,1213,paladin,holy,48,29,19
Ромерл,gordunni,1213,paladin,holy,241,112,129
Hùrikan,hyjal,1213,paladin,holy,42,17,25
Babybeater,outland,1212,paladin,holy,95,45,50
Lucá,silvermoon,1211,paladin,holy,23,13,10
Johnaggro,outland,1211,paladin,holy,52,26,26
Новирка,deathguard,1210,paladin,holy,108,56,52
Crispydixx,draenor,1210,paladin,holy,102,52,50
Nikcsy,ragnaros,1210,paladin,holy,78,29,49
Johnnydeeps,blackrock,1210,paladin,holy,35,13,22
Nobodycanxit,twisting-nether,1209,paladin,holy,60,28,32
Johnnÿsins,hyjal,1209,paladin,holy,63,28,35
Stuzzyy,ravencrest,1209,paladin,holy,36,16,20
Verianer,shadowsong,1208,paladin,holy,82,50,32
Baubble,silvermoon,1207,paladin,holy,85,45,40
Xe,kaelthas,1207,paladin,holy,100,48,52
Holysznajt,burning-legion,1207,paladin,holy,72,30,42
Ragequitter,frostmane,1206,paladin,holy,18,13,5
Ithealy,twisting-nether,1206,paladin,holy,116,61,55
Omhz,ravencrest,1206,paladin,holy,30,14,16
Rébél,argent-dawn,1206,paladin,holy,42,17,25
Skarn,pozzo-delleternità,1205,paladin,holy,37,15,22
Warkyria,sanguino,1204,paladin,holy,31,15,16
Mjabubble,stormscale,1203,paladin,holy,90,51,39
Sagaruki,emerald-dream,1203,paladin,holy,71,29,42
Holymax,gorgonnash,1201,paladin,holy,51,29,22
Xastur,rexxar,1201,paladin,holy,33,17,16
Leon,veknilash,1201,paladin,holy,215,96,119
Haros,xavius,1198,paladin,holy,55,26,29
Trastos,wildhammer,1197,paladin,holy,78,40,38
Tucibi,hyjal,1196,paladin,holy,42,24,18
Edgï,confrérie-du-thorium,1195,paladin,holy,24,14,10
Cowlories,outland,1195,paladin,holy,48,27,21
Kambood,twisting-nether,1194,paladin,holy,195,89,106
Shoby,silvermoon,1192,paladin,holy,36,17,19
Ikbenmani,tarren-mill,1190,paladin,holy,72,38,34
Hazø,silvermoon,1190,paladin,holy,69,34,35
Angioh,twisting-nether,1190,paladin,holy,36,16,20
Ubiquitous,kazzak,1189,paladin,holy,41,15,26
Lightaldo,bladefist,1188,paladin,holy,24,14,10
Eastranspal,ravencrest,1188,paladin,holy,42,14,28
Ninko,sylvanas,1185,paladin,holy,60,31,29
Boric,bloodhoof,1184,paladin,holy,29,16,13
Ärinváyá,defias-brotherhood,1184,paladin,holy,97,49,48
Keryann,argent-dawn,1183,paladin,holy,108,53,55
Pisdez,malganis,1183,paladin,holy,54,24,30
Golldy,burning-legion,1182,paladin,holy,43,22,21
Longa,kazzak,1181,paladin,holy,26,14,12
Thickets,argent-dawn,1181,paladin,holy,56,30,26
Dreamwatcher,outland,1181,paladin,holy,42,20,22
Lugnals,hyjal,1181,paladin,holy,263,125,138
Громобоика,gordunni,1180,paladin,holy,19,13,6
Skwáru,burning-legion,1179,paladin,holy,77,30,47
Sepha,eonar,1178,paladin,holy,48,28,20
Dawnforged,stormscale,1178,paladin,holy,82,37,45
Kayndornek,ravencrest,1178,paladin,holy,78,35,43
Кейлол,soulflayer,1176,paladin,holy,95,43,52
Taraniah,argent-dawn,1175,paladin,holy,77,40,37
Shiidori,aegwynn,1175,paladin,holy,57,23,34
Kiyam,kelthuzad,1174,paladin,holy,18,13,5
Ланиакеа,deathguard,1174,paladin,holy,63,36,27
Battosaix,aegwynn,1174,paladin,holy,24,13,11
Неиспоримый,soulflayer,1172,paladin,holy,30,13,17
Kraajp,stormscale,1172,paladin,holy,30,13,17
Ritiv,stormreaver,1172,paladin,holy,123,52,71
Affiicous,silvermoon,1171,paladin,holy,60,19,41
Strudell,terrordar,1169,paladin,holy,90,42,48
Degods,ravencrest,1169,paladin,holy,54,24,30
Debts,aggramar,1168,paladin,holy,46,16,30
Alextrazite,kazzak,1166,paladin,holy,30,13,17
Guidone,sylvanas,1164,paladin,holy,54,24,30
Puiçanpal,archimonde,1163,paladin,holy,30,15,15
Elohim,echsenkessel,1163,paladin,holy,154,71,83
Nitrous,zuljin,1161,paladin,holy,72,37,35
Moobykin,stormscale,1161,paladin,holy,30,13,17
Ауё,blackscar,1159,paladin,holy,66,31,35
Mefistofe,sanguino,1159,paladin,holy,30,14,16
Ymô,archimonde,1159,paladin,holy,30,14,16
Ýâðæßêæßðæðð,ragnaros,1159,paladin,holy,34,15,19
Ырбис,soulflayer,1159,paladin,holy,34,13,21
Aranael,nemesis,1157,paladin,holy,90,38,52
Daneyholy,ravencrest,1155,paladin,holy,51,16,35
Ðãwën,uldaman,1154,paladin,holy,27,14,13
Arcanïk,archimonde,1153,paladin,holy,43,16,27
Hetsuki,tarren-mill,1152,paladin,holy,18,12,6
Pátish,terenas,1152,paladin,holy,24,12,12
Kaki,gorgonnash,1151,paladin,holy,18,12,6
Dompèrignon,stormscale,1151,paladin,holy,24,12,12
Wedervärdig,twilights-hammer,1151,paladin,holy,54,23,31
Nurleen,twisting-nether,1151,paladin,holy,117,46,71
Алексендлерх,soulflayer,1149,paladin,holy,18,12,6
Øøbîatch,archimonde,1148,paladin,holy,24,12,12
Фэрплэйн,gordunni,1148,paladin,holy,60,27,33
Galaxxumi,ragnaros,1148,paladin,holy,86,37,49
Darvius,auchindoun,1147,paladin,holy,117,59,58
Strykar,aggra-português,1147,paladin,holy,60,30,30
Holydano,stormscale,1145,paladin,holy,21,13,8
Truthbearer,darksorrow,1144,paladin,holy,158,75,83
Herrius,ravencrest,1144,paladin,holy,30,12,18
Archîmondê,marécage-de-zangar,1144,paladin,holy,36,12,24
Eskorbuto,dun-modr,1143,paladin,holy,57,27,30
Ventrue,hyjal,1143,paladin,holy,36,17,19
Med,malganis,1143,paladin,holy,60,25,35
Milesteris,medivh,1141,paladin,holy,54,29,25
Trolladincho,twisting-nether,1141,paladin,holy,54,25,29
Gromezrael,elune,1141,paladin,holy,42,19,23
Demytx,burning-legion,1141,paladin,holy,34,13,21
Eoox,outland,1140,paladin,holy,24,12,12
Mccrit,ravencrest,1139,paladin,holy,43,25,18
Мэйр,howling-fjord,1137,paladin,holy,42,17,25
Minouminou,archimonde,1136,paladin,holy,24,13,11
Lezoom,draenor,1136,paladin,holy,79,40,39
Даняхгод,gordunni,1136,paladin,holy,30,13,17
Paidi,die-todeskrallen,1135,paladin,holy,105,49,56
Runeington,silvermoon,1135,paladin,holy,30,14,16
Rhulana,blackrock,1134,paladin,holy,73,42,31
Cadila,silvermoon,1134,paladin,holy,54,25,29
Jasiv,draenor,1132,paladin,holy,36,14,22
Palix,dalaran,1132,paladin,holy,36,12,24
Ниссида,blackscar,1131,paladin,holy,65,32,33
Mozzie,archimonde,1130,paladin,holy,260,119,141
Hellwave,stormscale,1129,paladin,holy,24,13,11
Paliester,stormscale,1128,paladin,holy,42,26,16
Slistrash,outland,1128,paladin,holy,97,48,49
Spankmeproof,kazzak,1128,paladin,holy,30,12,18
Paxiffs,eredar,1128,paladin,holy,36,12,24
Psycholas,ysondre,1127,paladin,holy,35,18,17
Doomheart,drakthul,1127,paladin,holy,47,21,26
Barundarr,arthas,1122,paladin,holy,39,18,21
Yaj,magtheridon,1122,paladin,holy,59,27,32
Zebramann,silvermoon,1121,paladin,holy,48,20,28
Zodshock,stormscale,1121,paladin,holy,30,12,18
Санэрдин,soulflayer,1120,paladin,holy,28,13,15
Echooes,ravencrest,1119,paladin,holy,273,120,153
Zerfleddern,aegwynn,1118,paladin,holy,149,73,76
Trístesse,tarren-mill,1117,paladin,holy,231,115,116
Striike,drakthul,1117,paladin,holy,29,12,17
Сашокс,gordunni,1116,paladin,holy,77,32,45
Gaskohle,blackmoore,1115,paladin,holy,23,12,11
Rôlfzukowzky,guldan,1114,paladin,holy,48,20,28
Luzcian,zuljin,1114,paladin,holy,76,31,45
Kanina,outland,1114,paladin,holy,58,23,35
Bàldur,dalaran,1111,paladin,holy,48,27,21
Josefu,blackmoore,1111,paladin,holy,24,12,12
Míxu,stormreaver,1111,paladin,holy,98,42,56
Syfaria,eldrethalas,1109,paladin,holy,59,26,33
Unithral,durotan,1107,paladin,holy,24,12,12
Saró,ravencrest,1106,paladin,holy,54,12,42
Kaktuszfüge,ragnaros,1105,paladin,holy,64,40,24
Collinnawin,aegwynn,1104,paladin,holy,36,12,24
Smirk,aggra-português,1101,paladin,holy,18,12,6
Cmen,silvermoon,1100,paladin,holy,142,74,68
Atkm,aggramar,1100,paladin,holy,42,14,28
Meive,sanguino,1099,paladin,holy,41,14,27
Пауэрлайт,blackscar,1098,paladin,holy,58,24,34
Sweestance,minahonda,1097,paladin,holy,248,112,136
Dryntee,blackmoore,1095,paladin,holy,21,13,8
Darkironpala,argent-dawn,1095,paladin,holy,65,31,34
Flowerbud,tarren-mill,1095,paladin,holy,62,24,38
Flòope,destromath,1090,paladin,holy,42,19,23
Certiorari,draenor,1089,paladin,holy,40,14,26
Stonebeard,ahnqiraj,1088,paladin,holy,81,48,33
Ampoula,ravencrest,1088,paladin,holy,28,12,16
Healslol,aegwynn,1088,paladin,holy,55,20,35
Nosn,ravencrest,1087,paladin,holy,66,34,32
Tentacruel,dalaran,1087,paladin,holy,24,12,12
Макспал,lich-king,1085,paladin,holy,22,14,8
Zetla,khaz-modan,1085,paladin,holy,88,46,42
Bígpumprz,archimonde,1085,paladin,holy,35,17,18
Superpopa,twisting-nether,1083,paladin,holy,62,23,39
Perpon,exodar,1082,paladin,holy,48,21,27
Ragua,tarren-mill,1082,paladin,holy,66,23,43
Paladzor,twisting-nether,1082,paladin,holy,38,13,25
Masuroc,antonidas,1081,paladin,holy,24,12,12
Neverbuble,archimonde,1081,paladin,holy,79,34,45
Poundcake,stormscale,1080,paladin,holy,92,46,46
Joakìim,stormscale,1079,paladin,holy,39,12,27
Присвет,blackscar,1078,paladin,holy,44,13,31
Ashmaden,tarren-mill,1077,paladin,holy,87,49,38
Dunka,twisting-nether,1076,paladin,holy,154,77,77
Mscrabtree,aggramar,1076,paladin,holy,30,13,17
Ðuïvel,grim-batol,1076,paladin,holy,28,12,16
Фломастер,gordunni,1073,paladin,holy,72,33,39
Herrmannelig,arthas,1072,paladin,holy,36,15,21
Naliax,ravencrest,1072,paladin,holy,29,12,17
Jessìca,ravenholdt,1070,paladin,holy,60,31,29
Elisiell,turalyon,1070,paladin,holy,36,15,21
Yokurolel,sanguino,1066,paladin,holy,54,31,23
Paliat,silvermoon,1066,paladin,holy,31,12,19
Pepegasensei,ravencrest,1065,paladin,holy,41,16,25
Satip,archimonde,1064,paladin,holy,60,38,22
Palidi,tarren-mill,1064,paladin,holy,42,16,26
Молотуля,howling-fjord,1063,paladin,holy,29,12,17
Mjølnîr,eredar,1061,paladin,holy,54,20,34
Aldas,los-errantes,1059,paladin,holy,30,13,17
Tscheba,kazzak,1058,paladin,holy,112,55,57
Holyfriend,kazzak,1058,paladin,holy,30,14,16
Vintar,quelthalas,1057,paladin,holy,73,40,33
Feldrøider,nemesis,1057,paladin,holy,60,32,28
Mowik,archimonde,1056,paladin,holy,78,36,42
Кардеро,gordunni,1056,paladin,holy,41,14,27
Djaléxx,kazzak,1056,paladin,holy,36,11,25
Flashyplays,silvermoon,1055,paladin,holy,36,26,10
Casmira,blackrock,1055,paladin,holy,18,11,7
Yimnotprot,ravencrest,1055,paladin,holy,18,11,7
Palanolmal,dun-modr,1055,paladin,holy,45,22,23
Kanketo,korgall,1055,paladin,holy,24,11,13
Безбабла,soulflayer,1055,paladin,holy,36,15,21
Palasaadka,dun-modr,1054,paladin,holy,18,11,7
Zendæ,archimonde,1054,paladin,holy,18,11,7
Palaadschin,festung-der-stürme,1054,paladin,holy,54,25,29
Misarosh,drakthul,1054,paladin,holy,24,11,13
Dabstar,antonidas,1054,paladin,holy,100,45,55
Polixeni,draenor,1054,paladin,holy,42,11,31
Tiltslayer,archimonde,1053,paladin,holy,18,11,7
Ozzuum,twisting-nether,1053,paladin,holy,21,12,9
Drident,die-nachtwache,1053,paladin,holy,24,11,13
Dylodin,silvermoon,1053,paladin,holy,24,11,13
Ларенси,gordunni,1053,paladin,holy,47,20,27
Nicewar,silvermoon,1052,paladin,holy,58,29,29
Penth,doomhammer,1052,paladin,holy,24,11,13
Braînbug,blackmoore,1052,paladin,holy,24,11,13
Burkaal,antonidas,1052,paladin,holy,89,40,49
Luckies,drakthul,1052,paladin,holy,30,13,17
Дезоиль,gordunni,1052,paladin,holy,30,11,19
Billkop,silvermoon,1051,paladin,holy,49,24,25
Impro,archimonde,1051,paladin,holy,30,11,19
Whatisapalla,ragnaros,1051,paladin,holy,30,11,19
Stelara,ravencrest,1049,paladin,holy,42,18,24
Pâmê,kazzak,1049,paladin,holy,30,12,18
Missfez,the-maelstrom,1049,paladin,holy,30,11,19
Bloednicht,dentarg,1048,paladin,holy,18,11,7
Mvppaladin,thrall,1048,paladin,holy,18,11,7
Serim,dun-modr,1048,paladin,holy,149,67,82
Karnwield,kirin-tor,1047,paladin,holy,86,43,43
Rdypaladin,ravencrest,1047,paladin,holy,24,11,13
Inuyashiki,blackmoore,1047,paladin,holy,30,11,19
Dimeric,outland,1044,paladin,holy,24,11,13
Паландис,howling-fjord,1042,paladin,holy,54,23,31
Niechepala,grim-batol,1042,paladin,holy,30,11,19
Fract,aggramar,1041,paladin,holy,63,32,31
Lènnja,baelgun,1041,paladin,holy,24,11,13
Swormp,aggra-português,1039,paladin,holy,24,11,13
Trudi,arthas,1039,paladin,holy,45,16,29
Kuhs,eredar,1038,paladin,holy,59,23,36
Fifisztos,burning-legion,1036,paladin,holy,45,27,18
Holÿbeard,ravencrest,1036,paladin,holy,31,12,19
Grimsz,ysondre,1036,paladin,holy,36,11,25
Гуэргос,gordunni,1034,paladin,holy,24,11,13
Sheldon,sylvanas,1034,paladin,holy,35,14,21
Koreanpistol,aegwynn,1033,paladin,holy,85,36,49
Çrúsader,frostmane,1032,paladin,holy,36,18,18
Mbp,blackmoore,1031,paladin,holy,24,13,11
Himmelsfuror,proudmoore,1031,paladin,holy,35,13,22
Загадзуга,howling-fjord,1030,paladin,holy,36,22,14
Syrenia,die-silberne-hand,1029,paladin,holy,58,17,41
Crusadelight,alakir,1026,paladin,holy,134,65,69
Antisin,kazzak,1026,paladin,holy,110,43,67
Purificatoru,draenor,1024,paladin,holy,54,26,28
Synoh,silvermoon,1024,paladin,holy,36,12,24
Даурия,soulflayer,1023,paladin,holy,34,13,21
Galadørn,elune,1022,paladin,holy,30,11,19
Ugurpala,sylvanas,1016,paladin,holy,24,11,13
Avengilo,silvermoon,1015,paladin,holy,30,15,15
Hörse,outland,1014,paladin,holy,18,11,7
Darhuun,antonidas,1012,paladin,holy,60,23,37
Droseros,sylvanas,1011,paladin,holy,47,17,30
Palir,ysondre,1010,paladin,holy,24,11,13
Mirabol,hyjal,1007,paladin,holy,77,29,48
Høpé,malganis,1004,paladin,holy,92,43,49
Peacekeep,stormscale,1003,paladin,holy,42,13,29
Yasmira,frostmourne,1001,paladin,holy,54,31,23
Флаила,ashenvale,999,paladin,holy,36,18,18
Пегая,soulflayer,994,paladin,holy,24,13,11
Kpunkpam,dun-modr,993,paladin,holy,74,41,33
Ударник,soulflayer,990,paladin,holy,78,43,35
Iovä,twisting-nether,989,paladin,holy,296,129,167
Buddy,conseil-des-ombres,988,paladin,holy,50,24,26
Gigantiq,draenor,988,paladin,holy,36,11,25
Ryuzu,khazgoroth,985,paladin,holy,41,20,21
Áfx,blackmoore,985,paladin,holy,44,17,27
Первыйпал,blackscar,982,paladin,holy,91,48,43
Лавъю,gordunni,981,paladin,holy,20,12,8
Skydor,silvermoon,981,paladin,holy,111,46,65
Паблойд,deathguard,981,paladin,holy,63,25,38
Cerseï,frostmane,979,paladin,holy,41,13,28
Tömmÿ,draenor,976,paladin,holy,80,41,39
Mýv,archimonde,974,paladin,holy,189,90,99
Ирэуль,gordunni,972,paladin,holy,36,13,23
Fleshoflight,arathor,972,paladin,holy,74,26,48
Silvers,steamwheedle-cartel,970,paladin,holy,178,76,102
Shakziva,draenor,968,paladin,holy,78,40,38
Kaleto,ragnaros,968,paladin,holy,127,62,65
Selenaluna,turalyon,967,paladin,holy,48,17,31
Rapidforce,kazzak,965,paladin,holy,102,51,51
Rafox,malygos,964,paladin,holy,42,17,25
Severok,darkspear,962,paladin,holy,29,16,13
Byoß,ravencrest,960,paladin,holy,18,10,8
Ayepal,grim-batol,960,paladin,holy,18,10,8
Юмэйнару,deepholm,959,paladin,holy,18,10,8
Albakauz,stormscale,959,paladin,holy,24,10,14
Elracktwo,blackhand,958,paladin,holy,18,10,8
Herayo,aegwynn,958,paladin,holy,24,10,14
Whórainzóne,eredar,958,paladin,holy,36,10,26
Kapsloch,twisting-nether,958,paladin,holy,36,10,26
Smeh,outland,957,paladin,holy,30,10,20
Ingenuous,draenor,957,paladin,holy,30,10,20
Cahirs,ravencrest,957,paladin,holy,36,10,26
Ellisdee,kazzak,956,paladin,holy,12,10,2
Crashband,bronzebeard,956,paladin,holy,18,10,8
Shockhoe,tarren-mill,955,paladin,holy,24,10,14
Holyless,draenor,955,paladin,holy,24,10,14
Paluladin,turalyon,954,paladin,holy,18,10,8
Zymotíx,stormscale,954,paladin,holy,30,10,20
Pb,twilights-hammer,953,paladin,holy,18,10,8
Brøadway,eredar,953,paladin,holy,19,10,9
Roshï,tarren-mill,953,paladin,holy,30,10,20
Cenox,antonidas,952,paladin,holy,30,14,16
Iauna,tarren-mill,952,paladin,holy,30,10,20
Алекссис,blackscar,951,paladin,holy,108,44,64
Snajajin,dethecus,951,paladin,holy,36,10,26
Leekai,stormscale,950,paladin,holy,18,10,8
Dánn,outland,950,paladin,holy,18,10,8
Legenda,grim-batol,950,paladin,holy,54,23,31
Dunutunicorn,argent-dawn,950,paladin,holy,24,10,14
Schaaboowyy,burning-legion,950,paladin,holy,106,38,68
Bcrp,ragnaros,950,paladin,holy,30,10,20
Оберинмартел,blackscar,949,paladin,holy,48,25,23
Випанк,howling-fjord,949,paladin,holy,155,60,95
Savitri,drakthul,948,paladin,holy,24,10,14
Churrucuca,minahonda,948,paladin,holy,33,13,20
Enslar,sanguino,947,paladin,holy,12,10,2
Tmàc,twisting-nether,946,paladin,holy,36,10,26
Xonika,outland,945,paladin,holy,31,13,18
Datz,nerathor,943,paladin,holy,24,10,14
Groove,colinas-pardas,941,paladin,holy,40,11,29
Odensson,sylvanas,940,paladin,holy,36,12,24
Messîah,outland,939,paladin,holy,43,19,24
Colpadeltank,kazzak,939,paladin,holy,54,15,39
Holyhooves,thrall,936,paladin,holy,18,10,8
Clerik,eredar,936,paladin,holy,88,42,46
Tärkan,chogall,935,paladin,holy,24,10,14
Синрайчик,gordunni,934,paladin,holy,36,16,20
Paladons,darksorrow,933,paladin,holy,41,22,19
Catali,sanguino,931,paladin,holy,115,54,61
Khaerhadur,argent-dawn,930,paladin,holy,89,28,61
Ázot,burning-legion,929,paladin,holy,48,19,29
Djalexx,kazzak,927,paladin,holy,23,10,13
Ridethelight,nemesis,922,paladin,holy,30,15,15
Santtox,dun-modr,919,paladin,holy,34,11,23
Zeret,twisting-nether,918,paladin,holy,40,16,24
Menagron,tarren-mill,917,paladin,holy,43,19,24
Imaturtle,darksorrow,915,paladin,holy,41,10,31
Øsirix,archimonde,914,paladin,holy,78,30,48
Scumbakitty,ysondre,911,paladin,holy,29,10,19
Crsader,antonidas,908,paladin,holy,84,40,44
Reeceboss,ravencrest,906,paladin,holy,29,12,17
Cøllinz,ragnaros,904,paladin,holy,21,10,11
Heyley,twisting-nether,903,paladin,holy,21,11,10
Ðavai,kazzak,903,paladin,holy,29,10,19
Rubadubskrub,silvermoon,902,paladin,holy,66,20,46
Wisplol,kazzak,895,paladin,holy,78,41,37
Ашкаил,fordragon,895,paladin,holy,34,10,24
Eledhwen,mannoroth,893,paladin,holy,24,11,13
Autyzmterror,silvermoon,891,paladin,holy,80,28,52
Amolan,drakthul,888,paladin,holy,115,63,52
Яполковник,gordunni,887,paladin,holy,53,30,23
Theisixtus,drakthul,883,paladin,holy,23,12,11
Àkí,blackmoore,883,paladin,holy,35,14,21
Nykothpn,ghostlands,881,paladin,holy,59,19,40
Óverdóse,nagrand,873,paladin,holy,61,30,31
Palolog,burning-legion,868,paladin,holy,61,13,48
Chantal,gilneas,865,paladin,holy,48,23,25
Likkik,tarren-mill,864,paladin,holy,12,9,3
Sorfalix,silvermoon,864,paladin,holy,12,9,3
Æffy,nemesis,864,paladin,holy,12,9,3
Криптонитх,blackscar,864,paladin,holy,18,9,9
Лайхтни,gordunni,864,paladin,holy,18,9,9
Cunix,draenor,863,paladin,holy,12,9,3
Flanderspal,ravencrest,863,paladin,holy,18,9,9
Bossedin,aszune,863,paladin,holy,18,9,9
Évo,drakthul,863,paladin,holy,24,9,15
Язвавгорле,soulflayer,863,paladin,holy,24,9,15
Istani,twisting-nether,863,paladin,holy,30,9,21
Yoanie,draenor,862,paladin,holy,12,9,3
Висперок,soulflayer,862,paladin,holy,12,9,3
Solazola,blackmoore,862,paladin,holy,18,9,9
Pölark,archimonde,862,paladin,holy,77,30,47
Niou,alleria,861,paladin,holy,24,9,15
Ванябублгам,soulflayer,861,paladin,holy,24,9,15
Mohamedx,tarren-mill,861,paladin,holy,24,9,15
Fahqmeh,thrall,861,paladin,holy,24,9,15
Firetorch,twisting-nether,861,paladin,holy,30,9,21
Nusbie,argent-dawn,861,paladin,holy,30,9,21
Calipse,outland,860,paladin,holy,24,9,15
Elfaza,uldum,860,paladin,holy,36,9,27
Böbble,twisting-nether,859,paladin,holy,18,9,9
Bjammin,burning-legion,859,paladin,holy,48,18,30
Bobilous,twisting-nether,859,paladin,holy,24,9,15
Fotmfactory,burning-blade,859,paladin,holy,24,9,15
Toxicmo,kazzak,858,paladin,holy,12,9,3
Zallehh,draenor,858,paladin,holy,30,9,21
Truko,frostwolf,857,paladin,holy,24,9,15
Dalfor,aggramar,856,paladin,holy,12,9,3
Elganor,hyjal,856,paladin,holy,18,9,9
Lurdz,sylvanas,855,paladin,holy,20,11,9
Nezrus,dun-modr,855,paladin,holy,24,9,15
Holyherb,the-maelstrom,852,paladin,holy,18,9,9
Májór,area-52,849,paladin,holy,42,9,33
Clegâne,antonidas,847,paladin,holy,12,9,3
Qyrija,malganis,845,paladin,holy,18,9,9
Vanghelie,doomhammer,843,paladin,holy,24,11,13
Omnimus,draenor,842,paladin,holy,12,9,3
Tarhal,guldan,841,paladin,holy,18,9,9
Salubrifie,archimonde,841,paladin,holy,24,10,14
Thorhum,moonglade,840,paladin,holy,24,9,15
Reven,aszune,835,paladin,holy,23,9,14
Azzael,thrall,830,paladin,holy,48,13,35
Rezilience,archimonde,829,paladin,holy,16,9,7
Veelris,kazzak,825,paladin,holy,72,33,39
Миллагрессия,soulflayer,824,paladin,holy,143,59,84
Jargot,antonidas,823,paladin,holy,36,15,21
Mustangs,archimonde,821,paladin,holy,45,15,30
Arabicbomb,archimonde,819,paladin,holy,23,9,14
Pallyypower,draenor,808,paladin,holy,24,10,14
Marcosaurio,stormscale,800,paladin,holy,28,9,19
Bbcanalyzed,blackmoore,798,paladin,holy,32,10,22
Lèonarth,pozzo-delleternità,794,paladin,holy,22,10,12
Palafrugell,sanguino,789,paladin,holy,32,13,19
Oscardrei,norgannon,786,paladin,holy,30,10,20
Халлейя,gordunni,768,paladin,holy,12,8,4
Meldi,dalaran,768,paladin,holy,12,8,4
Gayestpala,ravencrest,768,paladin,holy,18,8,10
Padrak,eredar,768,paladin,holy,18,8,10
Fashiôn,sylvanas,768,paladin,holy,18,8,10
Darkoulipal,ravencrest,767,paladin,holy,12,8,4
Ivailo,outland,767,paladin,holy,12,8,4
Otush,blackmoore,767,paladin,holy,12,8,4
Qpax,twisting-nether,767,paladin,holy,18,8,10
Tyraïa,archimonde,767,paladin,holy,18,8,10
Micrøsi,thrall,767,paladin,holy,18,8,10
Ethurospal,tarren-mill,767,paladin,holy,18,8,10
Eky,stormreaver,767,paladin,holy,36,8,28
Bjôrnstad,ravencrest,766,paladin,holy,12,8,4
Kilogosa,frostmane,766,paladin,holy,12,8,4
Heimdalen,moonglade,766,paladin,holy,18,8,10
Бебралом,howling-fjord,766,paladin,holy,18,8,10
Tytharion,silvermoon,766,paladin,holy,18,8,10
Thudor,ravencrest,766,paladin,holy,27,9,18
Môdhân,archimonde,765,paladin,holy,12,8,4
Анофарин,gordunni,765,paladin,holy,18,8,10
Edyk,silvermoon,765,paladin,holy,18,8,10
Bighammerx,ravencrest,765,paladin,holy,18,8,10
Chewwaka,bloodhoof,765,paladin,holy,23,8,15
Спэнсэр,gordunni,764,paladin,holy,12,8,4
Divinelightz,kazzak,764,paladin,holy,27,14,13
Aahabse,tarren-mill,764,paladin,holy,30,8,22
Wrede,the-maelstrom,760,paladin,holy,24,8,16
Edwín,tichondrius,757,paladin,holy,18,8,10
Kubrat,eredar,757,paladin,holy,279,109,170
Radhya,sargeras,757,paladin,holy,24,8,16
Palabel,blackrock,736,paladin,holy,72,18,54
Amnésía,twisting-nether,728,paladin,holy,23,8,15
Khalicies,archimonde,727,paladin,holy,40,9,31
Anemonaa,argent-dawn,722,paladin,holy,18,8,10
Sanguiniûs,kirin-tor,720,paladin,holy,20,8,12
Thiccmixy,stormscale,719,paladin,holy,17,8,9
Jâybee,ravencrest,707,paladin,holy,20,9,11
Lacertosus,nemesis,687,paladin,holy,17,8,9
Kárlsberg,aegwynn,683,paladin,holy,32,13,19
Аидахо,gordunni,679,paladin,holy,31,12,19
Gigajudge,blackrock,672,paladin,holy,12,7,5
Gtgpiscine,kirin-tor,672,paladin,holy,12,7,5
Sínístèr,kazzak,672,paladin,holy,12,7,5
Babaluga,blackrock,672,paladin,holy,12,7,5
Mearsheimer,ysondre,672,paladin,holy,12,7,5
Электрокинг,lich-king,672,paladin,holy,12,7,5
Minpaladin,aegwynn,672,paladin,holy,16,8,8
Вивай,howling-fjord,672,paladin,holy,18,7,11
Léinãd,kazzak,672,paladin,holy,18,7,11
Нетораре,howling-fjord,672,paladin,holy,18,7,11
Achtfufzig,eredar,672,paladin,holy,18,7,11
Djalex,kazzak,672,paladin,holy,18,7,11
Rápunzél,blackmoore,671,paladin,holy,12,7,5
Daddysiliam,ravencrest,671,paladin,holy,12,7,5
Holyazzwhup,aegwynn,671,paladin,holy,12,7,5
Tejbzx,blackmoore,671,paladin,holy,12,7,5
Цианат,eversong,671,paladin,holy,18,7,11
Skatiaringos,silvermoon,671,paladin,holy,18,7,11
Ämkaz,archimonde,671,paladin,holy,18,7,11
Hampoof,blackrock,671,paladin,holy,18,7,11
Yrony,gorgonnash,671,paladin,holy,18,7,11
Хоулик,howling-fjord,671,paladin,holy,18,7,11
Linnea,kazzak,671,paladin,holy,24,7,17
Thorosus,nathrezim,670,paladin,holy,12,7,5
Ownkas,kazzak,670,paladin,holy,12,7,5
Hølymaid,blackmoore,670,paladin,holy,12,7,5
Videogame,twilights-hammer,669,paladin,holy,12,7,5
Avengers,sylvanas,669,paladin,holy,12,7,5
Waldpaladin,malganis,669,paladin,holy,18,7,11
Бладиполи,soulflayer,669,paladin,holy,24,7,17
Wäsabi,khaz-modan,668,paladin,holy,18,7,11
Luminix,ragnaros,667,paladin,holy,12,7,5
Митреса,howling-fjord,667,paladin,holy,12,7,5
Unkillablee,stormscale,667,paladin,holy,24,7,17
Рамго,grom,665,paladin,holy,12,7,5
Leadfoot,argent-dawn,665,paladin,holy,24,7,17
Juicemachine,silvermoon,663,paladin,holy,12,7,5
Phiana,blackmoore,662,paladin,holy,12,7,5
Düster,frostwolf,662,paladin,holy,18,7,11
Kcore,blackrock,662,paladin,holy,18,7,11
Oswoldio,ravencrest,659,paladin,holy,24,7,17
Langibo,malfurion,658,paladin,holy,12,7,5
Slayah,blackmoore,657,paladin,holy,18,7,11
Finpála,kul-tiras,648,paladin,holy,13,9,4
Selì,die-aldor,639,paladin,holy,22,7,15
Veo,sylvanas,638,paladin,holy,11,7,4
Kansenbass,outland,637,paladin,holy,23,7,16
Торсгард,howling-fjord,622,paladin,holy,15,8,7
Yezel,dalaran,621,paladin,holy,17,7,10
Bonsamedi,garona,620,paladin,holy,27,8,19
Djozeeph,burning-legion,618,paladin,holy,11,7,4
Fluentx,ravencrest,618,paladin,holy,22,8,14
Gunshøtx,archimonde,616,paladin,holy,28,10,18
Ecormcpx,eredar,591,paladin,holy,25,7,18
Catsnek,darksorrow,590,paladin,holy,19,7,12
Дантепаладос,soulflayer,583,paladin,holy,49,7,42
Iîvîl,ravencrest,576,paladin,holy,12,6,6
Kiingen,ragnaros,576,paladin,holy,12,6,6
Ajany,blackmoore,576,paladin,holy,12,6,6
Holyfuchsia,ravencrest,576,paladin,holy,12,6,6
Mchustler,outland,576,paladin,holy,12,6,6
Tereyan,draenor,576,paladin,holy,12,6,6
Хохахо,howling-fjord,576,paladin,holy,12,6,6
Жухолова,howling-fjord,576,paladin,holy,12,6,6
Idontknow,nemesis,576,paladin,holy,12,6,6
Ben,ghostlands,576,paladin,holy,12,6,6
Roqu,nathrezim,576,paladin,holy,12,6,6
Nádrüstál,kazzak,576,paladin,holy,12,6,6
Rane,arthas,576,paladin,holy,12,6,6
Tacodin,blackrock,576,paladin,holy,12,6,6
Engerau,drakthul,576,paladin,holy,12,6,6
Vôltuxx,outland,576,paladin,holy,12,6,6
Bapêe,thrall,576,paladin,holy,12,6,6
Averagepala,stormscale,576,paladin,holy,18,6,12
Êzekiel,draenor,576,paladin,holy,18,6,12
Youngkiwi,blackrock,576,paladin,holy,18,6,12
Демига,ashenvale,576,paladin,holy,18,6,12
Westranspal,ravencrest,576,paladin,holy,18,6,12
Semtexx,antonidas,576,paladin,holy,24,6,18
Amôn,outland,576,paladin,holy,28,6,22
Heldarim,ysondre,576,paladin,holy,36,6,30
Dragonwingz,kazzak,575,paladin,holy,12,6,6
Rektalinfekt,malganis,575,paladin,holy,12,6,6
Hèmera,archimonde,575,paladin,holy,12,6,6
Rohanan,blackrock,575,paladin,holy,12,6,6
Taengoo,frostwhisper,575,paladin,holy,12,6,6
Juliebee,blackmoore,575,paladin,holy,12,6,6
Friendadin,chamber-of-aspects,575,paladin,holy,12,6,6
Zarispal,tarren-mill,575,paladin,holy,12,6,6
Gulyas,tarren-mill,575,paladin,holy,12,6,6
Omgsoholy,stormscale,575,paladin,holy,12,6,6
Cóól,cthun,575,paladin,holy,12,6,6
Lichbörnè,outland,575,paladin,holy,18,6,12
Lezin,thrall,575,paladin,holy,18,6,12
Pussas,burning-legion,575,paladin,holy,18,6,12
Jeyløl,antonidas,574,paladin,holy,12,6,6
Elsirosel,dun-modr,574,paladin,holy,12,6,6
Béniima,archimonde,574,paladin,holy,23,6,17
Vulgati,kazzak,574,paladin,holy,24,6,18
Palateh,ysondre,573,paladin,holy,36,6,30
Darthdin,stormscale,572,paladin,holy,12,6,6
Grafes,sanguino,572,paladin,holy,18,6,12
Rosemary,mugthol,570,paladin,holy,12,6,6
Kytmna,drakthul,568,paladin,holy,12,6,6
Thranduïl,tarren-mill,568,paladin,holy,24,6,18
Iñgkara,tarren-mill,563,paladin,holy,42,6,36
Pallnatoke,silvermoon,561,paladin,holy,33,9,24
Alearai,ravenholdt,533,paladin,holy,22,8,14
Kone,drakthul,528,paladin,holy,9,7,2
Nam,culte-de-la-rive-noire,527,paladin,holy,11,6,5
Heavel,thrall,527,paladin,holy,17,6,11
Elp,ysondre,526,paladin,holy,15,6,9
Böömie,blackmoore,523,paladin,holy,21,6,15
Dragg,kirin-tor,522,paladin,holy,17,8,9
Sinofpride,wrathbringer,520,paladin,holy,17,7,10
Hearten,outland,512,paladin,holy,10,6,4
Vänëssä,sylvanas,480,paladin,holy,6,5,1
Teksor,frostmourne,480,paladin,holy,6,5,1
Wârlørd,sylvanas,480,paladin,holy,6,5,1
Leonlasvegas,blackrock,480,paladin,holy,6,5,1
Deliveröö,silvermoon,480,paladin,holy,6,5,1
Athàs,ysondre,480,paladin,holy,6,5,1
Monkeyclass,blackmoore,480,paladin,holy,12,5,7
Justix,arathor,480,paladin,holy,12,5,7
Înphy,cthun,480,paladin,holy,12,5,7
Haterandoms,turalyon,480,paladin,holy,12,5,7
Аффикстинка,soulflayer,480,paladin,holy,12,5,7
Drdeus,silvermoon,480,paladin,holy,12,5,7
Plaeschrmaex,aegwynn,480,paladin,holy,12,5,7
Холишоок,gordunni,480,paladin,holy,12,5,7
Kroghct,tarren-mill,480,paladin,holy,12,5,7
Kinesen,defias-brotherhood,480,paladin,holy,12,5,7
Jínnx,outland,480,paladin,holy,12,5,7
Dohmie,twisting-nether,480,paladin,holy,12,5,7
Stierchen,aegwynn,480,paladin,holy,12,5,7
Shinesalot,kazzak,480,paladin,holy,12,5,7
Sumecbtw,aegwynn,480,paladin,holy,12,5,7
Alennya,dalaran,480,paladin,holy,12,5,7
Ÿani,argent-dawn,480,paladin,holy,12,5,7
Astridx,kazzak,480,paladin,holy,12,5,7
Docoùla,twisting-nether,480,paladin,holy,12,5,7
Glassbaren,draenor,480,paladin,holy,12,5,7
Morthiel,burning-blade,480,paladin,holy,12,5,7
Zaphiri,pozzo-delleternità,480,paladin,holy,12,5,7
Fluv,ravencrest,480,paladin,holy,12,5,7
Ornosh,draenor,480,paladin,holy,12,5,7
Dimdon,silvermoon,480,paladin,holy,12,5,7
Chodegobbler,draenor,480,paladin,holy,12,5,7
Snoogléface,grim-batol,480,paladin,holy,14,5,9
Zunis,jaedenar,480,paladin,holy,18,5,13
Холидугги,howling-fjord,480,paladin,holy,18,5,13
Ãgra,hyjal,480,paladin,holy,18,5,13
Дюве,blackscar,480,paladin,holy,18,5,13
Holydhanas,outland,480,paladin,holy,18,5,13
Flamabella,argent-dawn,480,paladin,holy,18,5,13
Conker,malganis,480,paladin,holy,18,5,13
Screws,dun-modr,480,paladin,holy,18,5,13
Palagrom,kazzak,480,paladin,holy,18,5,13
Katsümï,archimonde,480,paladin,holy,18,5,13
Omgimapala,kazzak,480,paladin,holy,20,5,15
Ilikejudge,blackmoore,480,paladin,holy,30,5,25
Vilcochon,kaelthas,479,paladin,holy,6,5,1
Superp,sanguino,479,paladin,holy,6,5,1
Руслаанеш,soulflayer,479,paladin,holy,12,5,7
Stinkytoes,draenor,479,paladin,holy,12,5,7
Cabritâ,antonidas,479,paladin,holy,12,5,7
Spacepal,archimonde,479,paladin,holy,12,5,7
Gavril,bloodfeather,479,paladin,holy,12,5,7
Kejnen,eredar,479,paladin,holy,12,5,7
Малимон,soulflayer,479,paladin,holy,12,5,7
Лазуриса,deathguard,479,paladin,holy,12,5,7
Shenzoo,rajaxx,479,paladin,holy,12,5,7
Erthelios,silvermoon,479,paladin,holy,17,5,12
Sultaani,ravencrest,479,paladin,holy,18,5,13
Zypala,silvermoon,479,paladin,holy,18,5,13
Bellamy,vashj,479,paladin,holy,18,5,13
Encod,magtheridon,479,paladin,holy,18,5,13
Brölin,sanguino,479,paladin,holy,18,5,13
Noukia,ysondre,478,paladin,holy,12,5,7
Bubblegum,dentarg,478,paladin,holy,18,5,13
Lianowar,nemesis,478,paladin,holy,24,5,19
Axone,ravencrest,477,paladin,holy,12,5,7
Котейкинус,blackscar,477,paladin,holy,18,5,13
Lionpic,nemesis,477,paladin,holy,18,5,13
Kaedena,kaelthas,476,paladin,holy,12,5,7
Grayscale,dun-morogh,476,paladin,holy,18,5,13
Styflor,dalaran,476,paladin,holy,18,5,13
Flameshield,turalyon,476,paladin,holy,24,5,19
Alone,sporeggar,473,paladin,holy,12,5,7
Лералучшая,gordunni,464,paladin,holy,19,7,12
Preamx,blackrock,463,paladin,holy,17,5,12
Tadjmahal,ravencrest,447,paladin,holy,11,5,6
Árcangel,minahonda,447,paladin,holy,17,5,12
Arshlicht,frostwolf,446,paladin,holy,17,5,12
Ринэи,howling-fjord,432,paladin,holy,9,6,3
Unstobubblex,burning-blade,431,paladin,holy,11,5,6
Bämbunga,madmortem,426,paladin,holy,16,6,10
Memewings,tarren-mill,426,paladin,holy,23,7,16
Тейдехан,gordunni,426,paladin,holy,21,6,15
Tressðr,dun-modr,426,paladin,holy,27,6,21
Battalgazi,azjolnerub,423,paladin,holy,23,7,16
Ralo,shattrath,415,paladin,holy,16,5,11
Exødus,defias-brotherhood,414,paladin,holy,14,5,9
Mcßluz,les-clairvoyants,399,paladin,holy,5,5,0
Свээги,gordunni,384,paladin,holy,6,4,2
Rikiji,ravencrest,384,paladin,holy,6,4,2
Wiffy,ravencrest,384,paladin,holy,6,4,2
Jeyyl,aegwynn,384,paladin,holy,6,4,2
Kesq,ravencrest,384,paladin,holy,6,4,2
Ñnñnñnñnñnñn,stormscale,384,paladin,holy,6,4,2
Альфапушка,soulflayer,384,paladin,holy,6,4,2
Pastabianco,ravencrest,384,paladin,holy,6,4,2
Ринрэи,howling-fjord,384,paladin,holy,6,4,2
Eïnï,kazzak,384,paladin,holy,6,4,2
Touchpally,ravencrest,384,paladin,holy,6,4,2
Déstructor,mannoroth,384,paladin,holy,12,4,8
Lancelotx,darksorrow,384,paladin,holy,12,4,8
Shockadin,khazgoroth,384,paladin,holy,12,4,8
Bimylover,archimonde,384,paladin,holy,12,4,8
Fedaikin,stormscale,384,paladin,holy,12,4,8
Geesus,eredar,384,paladin,holy,12,4,8
Imitrex,hyjal,384,paladin,holy,12,4,8
Sterklight,draenor,384,paladin,holy,12,4,8
Superkudden,kazzak,384,paladin,holy,12,4,8
Akazâ,ysondre,384,paladin,holy,12,4,8
Pristín,blackhand,384,paladin,holy,12,4,8
Jokkepaappa,darksorrow,384,paladin,holy,12,4,8
Shívah,auchindoun,384,paladin,holy,12,4,8
Chopocrisp,dun-modr,384,paladin,holy,12,4,8
Brüllt,dun-modr,384,paladin,holy,12,4,8
Dubstép,blackrock,384,paladin,holy,12,4,8
Visersion,tarren-mill,384,paladin,holy,12,4,8
Victwo,burning-legion,384,paladin,holy,12,4,8
Sacredx,tarren-mill,384,paladin,holy,12,4,8
Freý,ravencrest,384,paladin,holy,12,4,8
Shaleq,cthun,384,paladin,holy,12,4,8
Psikatchuu,hyjal,384,paladin,holy,12,4,8
Asmaril,rexxar,384,paladin,holy,12,4,8
Akako,outland,384,paladin,holy,12,4,8
Vânwêêd,thrall,384,paladin,holy,12,4,8
Hammarfall,ravencrest,384,paladin,holy,12,4,8
Êggsy,grim-batol,384,paladin,holy,12,4,8
Pjmoncrack,outland,384,paladin,holy,12,4,8
Csalóka,bloodscalp,384,paladin,holy,12,4,8
Sebatrøz,ravencrest,384,paladin,holy,12,4,8
Tharelion,twisting-nether,384,paladin,holy,12,4,8
Bwser,silvermoon,384,paladin,holy,12,4,8
Хикз,gordunni,384,paladin,holy,12,4,8
Hutson,drakthul,384,paladin,holy,12,4,8
Divinemove,stormscale,384,paladin,holy,12,4,8
Mooderna,ravencrest,384,paladin,holy,12,4,8
Tyrø,ravencrest,384,paladin,holy,12,4,8
Kairo,dethecus,384,paladin,holy,12,4,8
Экстазируй,howling-fjord,384,paladin,holy,12,4,8
Gummypala,kazzak,384,paladin,holy,12,4,8
Crazyclass,outland,384,paladin,holy,14,4,10
Elfaza,dun-modr,384,paladin,holy,18,4,14
Bjaï,hyjal,384,paladin,holy,18,4,14
Сакон,borean-tundra,384,paladin,holy,18,4,14
Cykond,aegwynn,384,paladin,holy,18,4,14
Лортремар,howling-fjord,384,paladin,holy,18,4,14
Gardaken,draenor,384,paladin,holy,18,4,14
Талрэн,howling-fjord,384,paladin,holy,18,4,14
Taxpayer,aegwynn,384,paladin,holy,24,4,20
Гниленький,razuvious,384,paladin,holy,24,4,20
Tôra,hyjal,383,paladin,holy,6,4,2
Anfe,silvermoon,383,paladin,holy,12,4,8
Nostromus,antonidas,383,paladin,holy,12,4,8
Caumon,los-errantes,383,paladin,holy,12,4,8
Angellinä,ragnaros,383,paladin,holy,12,4,8
Uoloop,kazzak,383,paladin,holy,12,4,8
Allesandra,antonidas,383,paladin,holy,12,4,8
Ênmâ,archimonde,383,paladin,holy,12,4,8
Abdullach,silvermoon,383,paladin,holy,12,4,8
Кэлви,blackscar,383,paladin,holy,12,4,8
Aggressìon,twisting-nether,383,paladin,holy,12,4,8
Duine,the-venture-co,383,paladin,holy,12,4,8
Nyryon,ysondre,383,paladin,holy,18,4,14
Superpaladin,draenor,383,paladin,holy,18,4,14
Scissors,dun-morogh,383,paladin,holy,18,4,14
Mortalitis,tarren-mill,383,paladin,holy,30,4,26
Овахус,soulflayer,382,paladin,holy,12,4,8
Nêkro,dun-modr,382,paladin,holy,18,4,14
Ardyl,drakthul,379,paladin,holy,12,4,8
Konpala,blackmoore,367,paladin,holy,11,4,7
Nolylight,tarren-mill,365,paladin,holy,11,4,7
Justyowx,archimonde,352,paladin,holy,16,5,11
Browario,burning-legion,351,paladin,holy,11,4,7
Soulskin,sylvanas,350,paladin,holy,11,4,7
Liadry,sylvanas,329,paladin,holy,16,5,11
Onys,onyxia,329,paladin,holy,16,5,11
Ysnee,sanguino,320,paladin,holy,16,4,12
Holydin,argent-dawn,319,paladin,holy,5,4,1
Gahar,grim-batol,288,paladin,holy,6,3,3
Zunis,ravencrest,288,paladin,holy,6,3,3
Nidaime,zuljin,288,paladin,holy,6,3,3
Dacilez,ravencrest,288,paladin,holy,6,3,3
Neoz,ravencrest,288,paladin,holy,6,3,3
Tyn,dragonmaw,288,paladin,holy,6,3,3
Zimxao,ravencrest,288,paladin,holy,6,3,3
Arikan,destromath,288,paladin,holy,6,3,3
Naiconpala,kazzak,288,paladin,holy,6,3,3
Íva,twisting-nether,288,paladin,holy,6,3,3
Killiria,kazzak,288,paladin,holy,6,3,3
Kiwia,burning-legion,288,paladin,holy,6,3,3
Solumon,gorgonnash,288,paladin,holy,6,3,3
Penthxoxo,outland,288,paladin,holy,6,3,3
Yungboii,kazzak,288,paladin,holy,6,3,3
Jogging,thrall,288,paladin,holy,6,3,3
Lunalovesyou,blackmoore,288,paladin,holy,6,3,3
Гиркин,ashenvale,288,paladin,holy,6,3,3
Bandrogina,shattered-hand,288,paladin,holy,6,3,3
Lalli,korgall,288,paladin,holy,6,3,3
Amazja,eredar,288,paladin,holy,6,3,3
Хилвиновен,gordunni,288,paladin,holy,6,3,3
Belzepal,blackrock,288,paladin,holy,6,3,3
Holynoby,kazzak,288,paladin,holy,6,3,3
Ardentlight,quelthalas,288,paladin,holy,6,3,3
Unhittable,draenor,288,paladin,holy,6,3,3
Rudirumms,die-aldor,288,paladin,holy,6,3,3
Faëndel,hyjal,288,paladin,holy,9,4,5
Høbz,outland,288,paladin,holy,8,3,5
Lògàn,pozzo-delleternità,288,paladin,holy,9,3,6
Telarii,die-nachtwache,288,paladin,holy,12,3,9
Noanoshy,eredar,288,paladin,holy,12,3,9
Winjina,twisting-nether,288,paladin,holy,12,3,9
Chusterb,draenor,288,paladin,holy,12,3,9
Redeem,nemesis,288,paladin,holy,12,3,9
Bigdamjudge,argent-dawn,288,paladin,holy,12,3,9
Kelmarr,blackmoore,288,paladin,holy,12,3,9
Lifthorn,twisting-nether,288,paladin,holy,12,3,9
Arbuzno,draenor,288,paladin,holy,12,3,9
Monaatamis,kazzak,288,paladin,holy,12,3,9
Лебоввски,blackscar,288,paladin,holy,12,3,9
Klumie,silvermoon,288,paladin,holy,12,3,9
Sâfcon,eredar,288,paladin,holy,12,3,9
Komen,dalaran,288,paladin,holy,12,3,9
Баблейми,gordunni,288,paladin,holy,12,3,9
Handsomeguyx,outland,288,paladin,holy,12,3,9
Pallileuka,ravencrest,288,paladin,holy,12,3,9
Linxo,argent-dawn,288,paladin,holy,12,3,9
Nhum,destromath,288,paladin,holy,12,3,9
Гигаиисус,gordunni,288,paladin,holy,12,3,9
Krayzier,nordrassil,288,paladin,holy,12,3,9
Breez,die-aldor,288,paladin,holy,12,3,9
Azthin,outland,288,paladin,holy,12,3,9
Nÿwa,temple-noir,288,paladin,holy,12,3,9
Jctp,ravencrest,288,paladin,holy,12,3,9
Zerohour,kilrogg,288,paladin,holy,12,3,9
Vissticks,nagrand,288,paladin,holy,12,3,9
Влажныйбоб,soulflayer,288,paladin,holy,12,3,9
Màti,burning-legion,288,paladin,holy,18,3,15
Kaelorian,silvermoon,288,paladin,holy,18,3,15
Kastiël,hyjal,288,paladin,holy,18,3,15
Glooni,blackmoore,288,paladin,holy,18,3,15
Визавад,goldrinn,287,paladin,holy,6,3,3
Скрепыш,soulflayer,287,paladin,holy,6,3,3
Averyholycow,the-maelstrom,287,paladin,holy,6,3,3
Livspartner,twisting-nether,287,paladin,holy,6,3,3
Theodun,xavius,287,paladin,holy,15,4,11
Jellish,argent-dawn,287,paladin,holy,12,3,9
Faustan,rexxar,287,paladin,holy,12,3,9
Toxií,argent-dawn,287,paladin,holy,12,3,9
Järnkroken,tarren-mill,287,paladin,holy,13,3,10
Auliæ,chogall,287,paladin,holy,18,3,15
Biót,tarren-mill,287,paladin,holy,18,3,15
Мерасфард,howling-fjord,287,paladin,holy,18,3,15
Zàrílâ,dun-morogh,286,paladin,holy,6,3,3
Belgblue,ravenholdt,286,paladin,holy,6,3,3
Bkbstormcrow,thrall,286,paladin,holy,12,3,9
Lorithias,sargeras,286,paladin,holy,12,3,9
Jeunepadawan,dalaran,286,paladin,holy,12,3,9
Ланиева,gordunni,240,paladin,holy,15,4,11
Flamxd,blackmoore,234,paladin,holy,10,5,5
Тамерланх,gordunni,234,paladin,holy,9,4,5
Shivèns,archimonde,234,paladin,holy,17,5,12
Mustardio,tarren-mill,234,paladin,holy,14,4,10
Dewastør,blackmoore,234,paladin,holy,15,4,11
Хепипал,soulflayer,234,paladin,holy,16,4,12
Zeiserig,antonidas,234,paladin,holy,17,4,13
Faranume,sylvanas,233,paladin,holy,16,4,12
Waltgyubeef,argent-dawn,222,paladin,holy,28,8,20
Yoshreddi,malganis,200,paladin,holy,16,5,11
Galad,exodar,192,paladin,holy,6,2,4
Hamish,boulderfist,192,paladin,holy,6,2,4
Lxvideoscom,blackrock,192,paladin,holy,6,2,4
Tîk,stormscale,192,paladin,holy,6,2,4
Envli,ragnaros,192,paladin,holy,6,2,4
Plasmádieter,blackrock,192,paladin,holy,6,2,4
Bopbacca,stormscale,192,paladin,holy,6,2,4
Whiskeyx,lightbringer,192,paladin,holy,6,2,4
Lafrogge,culte-de-la-rive-noire,192,paladin,holy,6,2,4
Andokaî,blackrock,192,paladin,holy,6,2,4
Keyla,los-errantes,192,paladin,holy,6,2,4
Holylight,arathi,192,paladin,holy,6,2,4
Freijam,ravencrest,192,paladin,holy,6,2,4
Wvwwvwvwvwwv,ravencrest,192,paladin,holy,6,2,4
Nirvanä,drakthul,192,paladin,holy,6,2,4
Defianze,tarren-mill,192,paladin,holy,6,2,4
Анягэмбл,soulflayer,192,paladin,holy,6,2,4
Miastenia,tarren-mill,192,paladin,holy,6,2,4
Durnell,sylvanas,192,paladin,holy,6,2,4
Laniñaa,temple-noir,192,paladin,holy,6,2,4
Ришардебюр,soulflayer,192,paladin,holy,6,2,4
Pagadi,blackhand,192,paladin,holy,6,2,4
Прожектор,gordunni,192,paladin,holy,6,2,4
Bàrlo,kazzak,192,paladin,holy,6,2,4
Lompe,karazhan,192,paladin,holy,6,2,4
Tsomoo,antonidas,192,paladin,holy,6,2,4
Elrack,blackhand,192,paladin,holy,6,2,4
Bígmachine,draenor,192,paladin,holy,6,2,4
Panomecon,magtheridon,192,paladin,holy,6,2,4
Teflonmagìc,ravencrest,192,paladin,holy,6,2,4
Palaneuía,antonidas,192,paladin,holy,6,2,4
Dafukx,ragnaros,192,paladin,holy,6,2,4
Flavourful,cthun,192,paladin,holy,6,2,4
Ugimuji,magtheridon,192,paladin,holy,6,2,4
Yuz,archimonde,192,paladin,holy,6,2,4
Xirôs,zirkel-des-cenarius,192,paladin,holy,6,2,4
Fruitschaal,moonglade,192,paladin,holy,6,2,4
Атомщица,deathguard,192,paladin,holy,6,2,4
Alisonquínn,argent-dawn,192,paladin,holy,6,2,4
Eim,moonglade,192,paladin,holy,6,2,4
Galadrion,dun-modr,192,paladin,holy,6,2,4
Botaref,kazzak,192,paladin,holy,6,2,4
Poonky,dun-modr,192,paladin,holy,6,2,4
Rävnev,twisting-nether,192,paladin,holy,6,2,4
Skølir,rashgarroth,192,paladin,holy,6,2,4
Schukka,azshara,192,paladin,holy,6,2,4
Palabron,dun-modr,192,paladin,holy,6,2,4
Hezekielh,hyjal,192,paladin,holy,6,2,4
Rulîx,blackmoore,192,paladin,holy,6,2,4
Realdeal,argent-dawn,192,paladin,holy,6,2,4
Benedikt,stormscale,192,paladin,holy,6,2,4
Rawshatter,kiljaeden,192,paladin,holy,6,2,4
Twoßiased,kazzak,192,paladin,holy,6,2,4
Shredyopala,tarren-mill,192,paladin,holy,10,3,7
Superpiniouf,archimonde,192,paladin,holy,7,2,5
Honey,quelthalas,192,paladin,holy,16,3,13
Uldurin,ravencrest,192,paladin,holy,12,2,10
Bala,ravenholdt,192,paladin,holy,12,2,10
Iamheal,blackhand,192,paladin,holy,12,2,10
Krièr,aggra-português,192,paladin,holy,12,2,10
Koksinatorx,stormscale,192,paladin,holy,12,2,10
Aienest,ragnaros,192,paladin,holy,12,2,10
Eyesore,malganis,192,paladin,holy,12,2,10
Flavitwink,hyjal,192,paladin,holy,12,2,10
Keft,twisting-nether,192,paladin,holy,12,2,10
Essina,argent-dawn,192,paladin,holy,12,2,10
Zeleron,darksorrow,192,paladin,holy,12,2,10
Ucu,terokkar,192,paladin,holy,12,2,10
Pichuflor,sanguino,192,paladin,holy,12,2,10
Kÿsse,hyjal,192,paladin,holy,12,2,10
Tsukaima,uldaman,192,paladin,holy,12,2,10
Týr,forscherliga,192,paladin,holy,12,2,10
Вишенций,howling-fjord,192,paladin,holy,12,2,10
Awer,magtheridon,192,paladin,holy,12,2,10
Croptol,dun-modr,192,paladin,holy,12,2,10
Кирюшафридом,gordunni,192,paladin,holy,13,2,11
Bjutiful,silvermoon,192,paladin,holy,15,2,13
Getblessed,rexxar,192,paladin,holy,18,2,16
Blancucky,kazzak,192,paladin,holy,18,2,16
Paintdafence,kazzak,192,paladin,holy,18,2,16
Harycon,thrall,192,paladin,holy,24,2,22
Aodren,varimathras,191,paladin,holy,6,2,4
Rondra,gorgonnash,191,paladin,holy,6,2,4
Tiboeufpéi,archimonde,191,paladin,holy,6,2,4
Akilës,dun-modr,191,paladin,holy,6,2,4
Zuplex,deathwing,191,paladin,holy,6,2,4
Chasie,antonidas,191,paladin,holy,12,2,10
Showjustice,blackmoore,191,paladin,holy,12,2,10
Pyhälehmä,alakir,190,paladin,holy,12,2,10
Vindorus,archimonde,190,paladin,holy,16,2,14
Orogerrabbit,archimonde,144,paladin,holy,3,3,0
Freyjä,turalyon,138,paladin,holy,9,4,5
Spizz,dun-modr,138,paladin,holy,8,3,5
Солфф,gordunni,138,paladin,holy,10,3,7
Drylink,kazzak,138,paladin,holy,11,3,8
Pïñkñætðøðÿ,tarren-mill,138,paladin,holy,14,3,11
Hotchíck,outland,138,paladin,holy,15,3,12
Selaphíel,kazzak,96,paladin,holy,6,1,5
Синерина,blackscar,96,paladin,holy,6,1,5
Dayr,sylvanas,96,paladin,holy,6,1,5
Lommeuld,auchindoun,96,paladin,holy,6,1,5
Bubbleheart,ahnqiraj,96,paladin,holy,6,1,5
Xzarat,kazzak,96,paladin,holy,6,1,5
Wingcomander,aegwynn,96,paladin,holy,6,1,5
Пепсекольный,soulflayer,96,paladin,holy,6,1,5
Playprist,aegwynn,96,paladin,holy,6,1,5
Goatti,lightnings-blade,96,paladin,holy,6,1,5
Водомафия,greymane,96,paladin,holy,6,1,5
Dobbygotsock,kazzak,96,paladin,holy,6,1,5
Bubblebun,kazzak,96,paladin,holy,6,1,5
Switchflip,frostmane,96,paladin,holy,6,1,5
Visaria,twisting-nether,96,paladin,holy,6,1,5
Kirane,hyjal,96,paladin,holy,6,1,5
Fatalism,draenor,96,paladin,holy,6,1,5
Хочусметанки,howling-fjord,96,paladin,holy,6,1,5
Mybadvibes,tarren-mill,96,paladin,holy,6,1,5
Minirempart,khaz-modan,96,paladin,holy,6,1,5
Enriel,temple-noir,96,paladin,holy,6,1,5
Nôxi,garona,96,paladin,holy,6,1,5
Buladin,darkspear,96,paladin,holy,6,1,5
Tacita,nazjatar,96,paladin,holy,6,1,5
Andrøiz,dun-modr,96,paladin,holy,6,1,5
Lyciha,blackrock,96,paladin,holy,6,1,5
Holysheto,sanguino,96,paladin,holy,6,1,5
Reøl,blackmoore,96,paladin,holy,6,1,5
Belgradee,silvermoon,96,paladin,holy,6,1,5
Dedicatèd,draenor,96,paladin,holy,6,1,5
Sozzerienpal,kazzak,96,paladin,holy,6,1,5
Flashhèart,draenor,96,paladin,holy,6,1,5
Whiskeypal,draenor,96,paladin,holy,6,1,5
Eàrànël,les-clairvoyants,96,paladin,holy,6,1,5
Xephiroxus,the-venture-co,96,paladin,holy,6,1,5
Iamyellow,silvermoon,96,paladin,holy,6,1,5
Tønyx,les-clairvoyants,96,paladin,holy,6,1,5
Kyarï,culte-de-la-rive-noire,96,paladin,holy,6,1,5
Holyfalls,blackmoore,96,paladin,holy,6,1,5
Palariaan,defias-brotherhood,96,paladin,holy,6,1,5
Vindex,die-nachtwache,96,paladin,holy,6,1,5
Therador,dun-morogh,96,paladin,holy,6,1,5
Druidinoob,uldaman,96,paladin,holy,6,1,5
Fugll,ravencrest,96,paladin,holy,6,1,5
Mínara,drakthul,96,paladin,holy,6,1,5
Mg,kul-tiras,96,paladin,holy,6,1,5
Zeyz,defias-brotherhood,96,paladin,holy,6,1,5
Hasart,tarren-mill,96,paladin,holy,6,1,5
Razztafari,tarren-mill,96,paladin,holy,6,1,5
Kimozabie,ravencrest,96,paladin,holy,6,1,5
Fükdîscláss,ravencrest,96,paladin,holy,6,1,5
Xaldrèk,silvermoon,96,paladin,holy,6,1,5
Bittersweex,stormscale,96,paladin,holy,6,1,5
Agorasieya,frostwolf,96,paladin,holy,6,1,5
Rehtu,malganis,96,paladin,holy,6,1,5
Regista,ravencrest,96,paladin,holy,6,1,5
Whatapity,silvermoon,96,paladin,holy,6,1,5
Shanik,zuljin,96,paladin,holy,8,1,7
Goldenstern,blackhand,96,paladin,holy,12,1,11
Veest,doomhammer,96,paladin,holy,12,1,11
Ahronius,stormscale,96,paladin,holy,12,1,11
Лейфи,howling-fjord,96,paladin,holy,12,1,11
Ganadorie,twisting-nether,96,paladin,holy,12,1,11
Mathelac,argent-dawn,96,paladin,holy,12,1,11
Byakkospal,tarren-mill,96,paladin,holy,12,1,11
Hasler,drakthul,96,paladin,holy,12,1,11
Trennbolone,outland,96,paladin,holy,12,1,11
Pigma,outland,96,paladin,holy,12,1,11
Lunaary,antonidas,96,paladin,holy,12,1,11
Fonz,ysondre,96,paladin,holy,12,1,11
Tpaxocvetka,ravencrest,96,paladin,holy,18,1,17
Hancipapa,ragnaros,95,paladin,holy,6,1,5
Callon,das-syndikat,95,paladin,holy,6,1,5
Laidevon,twisting-nether,84,paladin,holy,21,6,15
Защешот,gordunni,79,paladin,holy,5,1,4
Shaxxzii,kazzak,79,paladin,holy,5,1,4
Hitaki,tarren-mill,64,paladin,holy,4,1,3
Firfiris,twisting-nether,64,paladin,holy,4,1,3
Champal,hyjal,48,paladin,holy,3,1,2
Yeetadin,silvermoon,42,paladin,holy,8,2,6
Holymerda,grim-batol,42,paladin,holy,8,2,6
Xpurcica,twisting-nether,42,paladin,holy,10,2,8
Acongojante,zuljin,42,paladin,holy,15,2,13
Kjn,tarren-mill,2329,paladin,retribution,182,100,82
Mýstíc,ravencrest,2228,paladin,retribution,214,110,104
Stracciatell,archimonde,2227,paladin,retribution,115,85,30
Pïkachû,ravencrest,2213,paladin,retribution,84,45,39
Syruplol,blackrock,2205,paladin,retribution,165,88,77
Bakawolf,burning-legion,2186,paladin,retribution,95,52,43
Ctierpala,ravencrest,2161,paladin,retribution,90,47,43
Daybreak,kazzak,2146,paladin,retribution,170,85,85
Sacredwrath,burning-legion,2141,paladin,retribution,75,40,35
Exolix,archimonde,2135,paladin,retribution,72,39,33
Radeto,outland,2134,paladin,retribution,96,51,45
Ðâny,elune,2130,paladin,retribution,141,71,70
Swahadon,stormscale,2127,paladin,retribution,102,53,49
Suprisexd,ravencrest,2127,paladin,retribution,90,46,44
Royki,the-maelstrom,2127,paladin,retribution,186,95,91
Drkp,blackrock,2126,paladin,retribution,61,42,19
Freshreroll,tarren-mill,2125,paladin,retribution,72,43,29
Milipal,hyjal,2123,paladin,retribution,90,48,42
Отловщик,gordunni,2123,paladin,retribution,82,43,39
Loratheon,stormscale,2120,paladin,retribution,84,43,41
Mcret,ravencrest,2120,paladin,retribution,130,65,65
Âlßêdø,ravencrest,2118,paladin,retribution,201,102,99
Elypsia,tarren-mill,2116,paladin,retribution,110,57,53
Herrius,ravencrest,2116,paladin,retribution,90,45,45
Pallyprinces,dentarg,2113,paladin,retribution,102,50,52
Синодушка,blackscar,2112,paladin,retribution,88,46,42
Mcweedy,aegwynn,2108,paladin,retribution,84,42,42
Fkadin,kazzak,2106,paladin,retribution,212,117,95
Аеррис,gordunni,2106,paladin,retribution,113,57,56
Matinacc,tarren-mill,2105,paladin,retribution,126,73,53
Harridin,ravencrest,2101,paladin,retribution,356,180,176
Steelsuit,argent-dawn,2100,paladin,retribution,290,154,136
Nedith,pozzo-delleternità,2091,paladin,retribution,228,121,107
Miilicium,archimonde,2091,paladin,retribution,83,41,42
Opettaja,ravencrest,2084,paladin,retribution,90,48,42
Синодх,eversong,2083,paladin,retribution,148,73,75
Renaseh,twisting-nether,2082,paladin,retribution,94,47,47
Pâsla,hyjal,2080,paladin,retribution,246,132,114
Vatix,trollbane,2079,paladin,retribution,84,42,42
Cosmicstâr,kazzak,2078,paladin,retribution,179,89,90
Ricexoxo,blackhand,2066,paladin,retribution,98,48,50
Альмор,blackscar,2064,paladin,retribution,60,31,29
Rankoneretri,arathor,2062,paladin,retribution,72,40,32
Shinøaa,wrathbringer,2059,paladin,retribution,257,136,121
Mainôs,ravencrest,2059,paladin,retribution,95,47,48
Sonne,tarren-mill,2055,paladin,retribution,132,67,65
Legodudex,ravencrest,2053,paladin,retribution,123,60,63
Drdo,blackrock,2048,paladin,retribution,53,40,13
Pancakee,the-maelstrom,2043,paladin,retribution,83,44,39
Qshadow,frostwhisper,2042,paladin,retribution,190,93,97
Мевар,gordunni,2041,paladin,retribution,136,66,70
Perxx,stormscale,2036,paladin,retribution,66,33,33
Yungboihoj,twisting-nether,2034,paladin,retribution,275,143,132
Davewins,dragonblight,2033,paladin,retribution,42,34,8
Maxes,twisting-nether,2024,paladin,retribution,180,96,84
Хохахо,howling-fjord,2023,paladin,retribution,114,65,49
Bigspin,ravencrest,2021,paladin,retribution,267,135,132
Franclovis,hyjal,2019,paladin,retribution,63,28,35
Стимулин,howling-fjord,2013,paladin,retribution,184,95,89
Peiker,blackrock,2013,paladin,retribution,196,94,102
Gluttön,tarren-mill,2011,paladin,retribution,89,47,42
Хадакур,howling-fjord,2011,paladin,retribution,78,40,38
Ðaegos,blackmoore,2010,paladin,retribution,145,74,71
Exolis,archimonde,2004,paladin,retribution,72,36,36
Tròth,twisting-nether,2004,paladin,retribution,66,33,33
Nîhil,silvermoon,2004,paladin,retribution,88,43,45
Ultrabenzo,ravencrest,2004,paladin,retribution,97,43,54
Daveboss,dragonblight,2003,paladin,retribution,60,32,28
Bernhoftxd,ravencrest,2000,paladin,retribution,277,134,143
Vadya,ravencrest,1996,paladin,retribution,391,202,189
Zarrex,blackrock,1987,paladin,retribution,72,37,35
Retwar,ravencrest,1986,paladin,retribution,77,49,28
Purgebop,ravencrest,1983,paladin,retribution,105,62,43
Соулерт,ashenvale,1982,paladin,retribution,108,57,51
Vabz,blackrock,1982,paladin,retribution,71,33,38
Wickedwings,silvermoon,1981,paladin,retribution,106,48,58
Galaadh,archimonde,1978,paladin,retribution,84,38,46
Morri,ravencrest,1975,paladin,retribution,207,107,100
Clessington,die-aldor,1972,paladin,retribution,75,40,35
Tj,sanguino,1970,paladin,retribution,60,30,30
Тардариус,gordunni,1967,paladin,retribution,84,40,44
Kazuroo,blackmoore,1966,paladin,retribution,132,70,62
Hornyret,kazzak,1966,paladin,retribution,152,78,74
Palior,sylvanas,1964,paladin,retribution,78,40,38
Gìne,archimonde,1962,paladin,retribution,195,98,97
Msharix,kazzak,1960,paladin,retribution,198,100,98
Fullsendbro,ravencrest,1959,paladin,retribution,149,83,66
Нейтхигерс,howling-fjord,1959,paladin,retribution,92,47,45
Lättäkamerus,ravencrest,1959,paladin,retribution,98,45,53
Babyboo,aggra-português,1958,paladin,retribution,84,41,43
Denastys,nemesis,1957,paladin,retribution,102,51,51
Kriszi,burning-legion,1957,paladin,retribution,140,65,75
Ниашес,howling-fjord,1956,paladin,retribution,89,39,50
Xillindion,blackhand,1955,paladin,retribution,314,158,156
Milkyavenger,sylvanas,1954,paladin,retribution,113,75,38
Greywords,silvermoon,1952,paladin,retribution,53,30,23
Wingsteak,draenor,1952,paladin,retribution,81,44,37
Ufø,magtheridon,1952,paladin,retribution,186,90,96
Prex,dun-modr,1948,paladin,retribution,72,39,33
Мрч,howling-fjord,1947,paladin,retribution,60,31,29
Beautýbeast,ravencrest,1947,paladin,retribution,179,92,87
Jualom,colinas-pardas,1947,paladin,retribution,80,41,39
Rùuru,archimonde,1944,paladin,retribution,186,88,98
Crysania,twisting-nether,1940,paladin,retribution,66,31,35
Ёйхйё,blackscar,1939,paladin,retribution,205,120,85
Избиватель,soulflayer,1937,paladin,retribution,108,50,58
Bigdblaster,twisting-nether,1935,paladin,retribution,102,49,53
Запалтосик,blackscar,1934,paladin,retribution,36,23,13
Rqd,blackrock,1932,paladin,retribution,60,34,26
Lübu,archimonde,1932,paladin,retribution,78,36,42
Spacknas,blackmoore,1931,paladin,retribution,110,62,48
Xourens,twisting-nether,1931,paladin,retribution,79,33,46
Granfort,argent-dawn,1930,paladin,retribution,131,67,64
Sitekx,burning-legion,1930,paladin,retribution,120,54,66
Esito,draenor,1929,paladin,retribution,58,32,26
Timmes,blackhand,1927,paladin,retribution,84,39,45
Tj,dun-modr,1927,paladin,retribution,140,64,76
Jowanno,stormscale,1923,paladin,retribution,155,78,77
Inkzen,silvermoon,1922,paladin,retribution,84,42,42
Kírin,drakthul,1921,paladin,retribution,66,32,34
Retbùll,stormscale,1919,paladin,retribution,37,29,8
Flaapz,hyjal,1919,paladin,retribution,208,121,87
Dacilez,ravencrest,1919,paladin,retribution,165,87,78
Марчи,howling-fjord,1918,paladin,retribution,187,90,97
Carlá,silvermoon,1917,paladin,retribution,96,48,48
Rmpzeroskill,argent-dawn,1916,paladin,retribution,42,29,13
Günykoloke,blackrock,1916,paladin,retribution,102,51,51
Kriszaa,burning-legion,1911,paladin,retribution,90,40,50
Galadrion,dun-modr,1910,paladin,retribution,64,34,30
Skyrose,ravencrest,1909,paladin,retribution,202,111,91
Hotchíck,outland,1909,paladin,retribution,96,45,51
Galenhad,kazzak,1908,paladin,retribution,108,55,53
Mélli,eredar,1907,paladin,retribution,105,58,47
Dibzi,argent-dawn,1905,paladin,retribution,60,30,30
Nabbi,ravencrest,1904,paladin,retribution,102,44,58
Lorex,grim-batol,1903,paladin,retribution,66,33,33
Holyhäätz,aegwynn,1902,paladin,retribution,105,54,51
Анофарин,gordunni,1901,paladin,retribution,177,90,87
Tadashì,aegwynn,1901,paladin,retribution,78,35,43
Rígel,silvermoon,1899,paladin,retribution,58,35,23
Ðeathron,blackmoore,1898,paladin,retribution,128,62,66
Меварх,howling-fjord,1898,paladin,retribution,48,23,25
Îiî,archimonde,1896,paladin,retribution,86,43,43
Zerørespect,ravencrest,1896,paladin,retribution,137,64,73
Byths,blackmoore,1896,paladin,retribution,127,56,71
Melantus,eredar,1895,paladin,retribution,111,56,55
Холиврас,gordunni,1895,paladin,retribution,96,47,49
Knøp,outland,1895,paladin,retribution,116,56,60
Холирайз,gordunni,1894,paladin,retribution,42,21,21
Лиспорий,gordunni,1894,paladin,retribution,60,29,31
Nastalia,elune,1893,paladin,retribution,137,72,65
Zscrew,nemesis,1892,paladin,retribution,42,24,18
Агинон,gordunni,1892,paladin,retribution,90,42,48
Miriokekw,archimonde,1892,paladin,retribution,144,64,80
Декионзхц,howling-fjord,1892,paladin,retribution,138,61,77
Malthred,ravenholdt,1891,paladin,retribution,189,103,86
Tsunà,antonidas,1891,paladin,retribution,78,35,43
Brassaren,stormscale,1890,paladin,retribution,67,36,31
Exolie,archimonde,1890,paladin,retribution,54,29,25
Courage,stormscale,1890,paladin,retribution,101,51,50
Eysn,blackrock,1890,paladin,retribution,60,30,30
Xòtrios,argent-dawn,1888,paladin,retribution,72,38,34
Phix,outland,1888,paladin,retribution,207,103,104
Doomsoom,kazzak,1885,paladin,retribution,58,37,21
Ðeusvult,draenor,1885,paladin,retribution,60,33,27
Monkeytm,archimonde,1885,paladin,retribution,92,41,51
Hódle,silvermoon,1884,paladin,retribution,133,74,59
Hojinson,blackrock,1883,paladin,retribution,60,39,21
Holzer,azshara,1883,paladin,retribution,71,40,31
Møøgødx,bronzebeard,1883,paladin,retribution,186,85,101
Biggerspin,ravencrest,1882,paladin,retribution,24,20,4
Модрит,soulflayer,1882,paladin,retribution,70,47,23
Ilealstras,twisting-nether,1882,paladin,retribution,56,23,33
Толвард,gordunni,1881,paladin,retribution,25,21,4
Jedzy,ragnaros,1881,paladin,retribution,42,24,18
Chyve,tarren-mill,1881,paladin,retribution,144,68,76
Elganor,hyjal,1880,paladin,retribution,121,77,44
Denounce,defias-brotherhood,1880,paladin,retribution,105,49,56
Miru,defias-brotherhood,1878,paladin,retribution,48,26,22
Littlelíght,silvermoon,1878,paladin,retribution,136,68,68
Ranitwo,tarren-mill,1878,paladin,retribution,46,23,23
Сотранокинг,soulflayer,1878,paladin,retribution,48,23,25
Rikimâro,kazzak,1876,paladin,retribution,30,20,10
Saygexx,draenor,1875,paladin,retribution,57,34,23
Antimov,twisting-nether,1875,paladin,retribution,162,81,81
Ослепителен,eversong,1873,paladin,retribution,78,37,41
Apolloos,grim-batol,1873,paladin,retribution,89,40,49
Yungboii,kazzak,1871,paladin,retribution,179,101,78
Pætter,aggra-português,1871,paladin,retribution,66,37,29
Winkz,rajaxx,1871,paladin,retribution,54,29,25
Батллграунд,soulflayer,1870,paladin,retribution,108,61,47
Алепос,soulflayer,1870,paladin,retribution,66,27,39
Argentø,ravencrest,1869,paladin,retribution,233,131,102
Nam,culte-de-la-rive-noire,1869,paladin,retribution,84,41,43
Дэнискарз,gordunni,1866,paladin,retribution,48,26,22
Gimly,anachronos,1866,paladin,retribution,132,60,72
Thyrec,blackmoore,1865,paladin,retribution,54,32,22
Kêkbûrâgol,kazzak,1865,paladin,retribution,76,39,37
Gùtz,xavius,1864,paladin,retribution,86,47,39
Мува,soulflayer,1864,paladin,retribution,98,50,48
Réfractio,die-aldor,1864,paladin,retribution,126,62,64
Ibnkrook,archimonde,1864,paladin,retribution,66,31,35
Foreskinx,draenor,1863,paladin,retribution,48,28,20
Hammarfall,ravencrest,1863,paladin,retribution,156,88,68
Tìberias,blackmoore,1863,paladin,retribution,48,22,26
Nellyrld,stormscale,1863,paladin,retribution,77,32,45
Реальныйпал,gordunni,1862,paladin,retribution,132,65,67
Davoss,outland,1862,paladin,retribution,63,29,34
Киото,gordunni,1861,paladin,retribution,54,24,30
Terrozina,stormscale,1860,paladin,retribution,53,28,25
Thedarksteel,ravencrest,1860,paladin,retribution,76,37,39
Baxuz,draenor,1859,paladin,retribution,70,35,35
Nizzlee,eredar,1859,paladin,retribution,114,56,58
Darkkissret,lightbringer,1858,paladin,retribution,90,44,46
Umîrînbrah,twisting-nether,1857,paladin,retribution,93,55,38
Draìgo,nemesis,1857,paladin,retribution,58,30,28
Smilé,sylvanas,1855,paladin,retribution,132,66,66
Rùfus,tarren-mill,1855,paladin,retribution,66,32,34
Vanthael,chamber-of-aspects,1853,paladin,retribution,201,115,86
Кхабелех,howling-fjord,1853,paladin,retribution,108,46,62
Хемминг,gordunni,1852,paladin,retribution,95,60,35
Hammerzemall,tarren-mill,1852,paladin,retribution,65,34,31
Zóran,kazzak,1852,paladin,retribution,93,46,47
Calaestra,twisting-nether,1852,paladin,retribution,108,53,55
Tazken,tarren-mill,1852,paladin,retribution,126,61,65
Jicob,ravencrest,1851,paladin,retribution,48,30,18
Ollebala,ravencrest,1851,paladin,retribution,121,73,48
Zion,runetotem,1851,paladin,retribution,42,25,17
Elisabeth,kazzak,1851,paladin,retribution,118,61,57
Mezor,dun-modr,1851,paladin,retribution,232,113,119
Dasar,twisting-nether,1851,paladin,retribution,72,31,41
Súnshìne,blackhand,1850,paladin,retribution,42,29,13
Pog,azshara,1850,paladin,retribution,63,30,33
Enîgmä,ravencrest,1850,paladin,retribution,82,33,49
Bajheeroth,kazzak,1849,paladin,retribution,106,67,39
Агинон,howling-fjord,1849,paladin,retribution,60,34,26
Mhehø,hyjal,1849,paladin,retribution,331,166,165
Блэкхарм,gordunni,1849,paladin,retribution,72,30,42
Джедай,blackscar,1849,paladin,retribution,84,34,50
Yana,blackrock,1848,paladin,retribution,55,32,23
Caladys,silvermoon,1848,paladin,retribution,135,76,59
Nlyrld,magtheridon,1848,paladin,retribution,60,33,27
Muhnnin,archimonde,1848,paladin,retribution,78,41,37
Jessrabit,tarren-mill,1848,paladin,retribution,66,31,35
Торсгард,howling-fjord,1847,paladin,retribution,150,68,82
Ксандэр,soulflayer,1846,paladin,retribution,47,27,20
Valkûn,rexxar,1846,paladin,retribution,66,32,34
Neiiz,ragnaros,1846,paladin,retribution,111,52,59
Exolia,archimonde,1845,paladin,retribution,54,30,24
Taurski,sylvanas,1844,paladin,retribution,53,38,15
Nutqtgodx,archimonde,1844,paladin,retribution,54,29,25
Justyowx,archimonde,1844,paladin,retribution,66,32,34
Chuy,burning-legion,1844,paladin,retribution,72,32,40
Ykzy,hyjal,1843,paladin,retribution,42,28,14
Valnyr,the-maelstrom,1843,paladin,retribution,84,47,37
Drhammerdin,antonidas,1842,paladin,retribution,54,25,29
Allenn,tarren-mill,1841,paladin,retribution,41,21,20
Стьюпидбой,howling-fjord,1841,paladin,retribution,234,119,115
ßßæßßæßß,stormscale,1841,paladin,retribution,84,39,45
Lïnea,aegwynn,1840,paladin,retribution,48,25,23
Smirk,aggra-português,1840,paladin,retribution,131,60,71
Retforlife,sylvanas,1839,paladin,retribution,42,26,16
Lecutus,sunstrider,1839,paladin,retribution,149,72,77
Ablaa,blackhand,1838,paladin,retribution,48,27,21
Oliverrar,blackrock,1838,paladin,retribution,72,35,37
Sigmud,turalyon,1836,paladin,retribution,66,38,28
Angryturk,ravencrest,1836,paladin,retribution,42,20,22
Surian,kazzak,1835,paladin,retribution,72,45,27
Ophillan,draenor,1835,paladin,retribution,72,34,38
Sumecbtw,aegwynn,1835,paladin,retribution,79,37,42
Murkyxd,sanguino,1835,paladin,retribution,66,30,36
Thmas,tarren-mill,1834,paladin,retribution,126,74,52
Netharia,antonidas,1833,paladin,retribution,126,63,63
Yuber,ravencrest,1833,paladin,retribution,78,34,44
Riyo,twisting-nether,1832,paladin,retribution,48,21,27
Skyf,outland,1832,paladin,retribution,80,33,47
Miju,blackmoore,1831,paladin,retribution,51,28,23
Hýpærpøp,ravencrest,1831,paladin,retribution,37,20,17
Ilòvekris,draenor,1831,paladin,retribution,195,99,96
Martoretard,archimonde,1831,paladin,retribution,418,207,211
Sloug,archimonde,1831,paladin,retribution,108,48,60
Lightlogic,ravencrest,1829,paladin,retribution,92,46,46
Youmistpew,antonidas,1829,paladin,retribution,72,28,44
Аполодориан,gordunni,1828,paladin,retribution,138,68,70
Dréamypie,silvermoon,1827,paladin,retribution,65,26,39
Tremelay,silvermoon,1825,paladin,retribution,240,122,118
Eimaqt,stormscale,1825,paladin,retribution,70,33,37
Zagwan,ravencrest,1824,paladin,retribution,90,51,39
Obackbarama,outland,1824,paladin,retribution,60,31,29
Wellmetqt,aegwynn,1824,paladin,retribution,146,73,73
Whitebronco,tarren-mill,1824,paladin,retribution,54,26,28
Fwb,xavius,1823,paladin,retribution,78,49,29
Игры,gordunni,1823,paladin,retribution,76,39,37
Cqt,ravencrest,1823,paladin,retribution,66,30,36
Keinah,silvermoon,1822,paladin,retribution,54,36,18
Auriuss,defias-brotherhood,1822,paladin,retribution,237,131,106
Ríppex,kazzak,1822,paladin,retribution,66,33,33
Iagö,argent-dawn,1822,paladin,retribution,71,32,39
Xairo,twisting-nether,1821,paladin,retribution,60,29,31
Posttal,aggra-português,1821,paladin,retribution,48,23,25
Ërzã,outland,1821,paladin,retribution,72,31,41
Lazaraat,antonidas,1821,paladin,retribution,95,40,55
Elisight,ravencrest,1820,paladin,retribution,78,41,37
Номос,soulflayer,1819,paladin,retribution,72,41,31
Arígato,argent-dawn,1819,paladin,retribution,173,95,78
Дюрьвючыф,razuvious,1819,paladin,retribution,143,74,69
Âtlas,ragnaros,1819,paladin,retribution,48,24,24
Bulkpwders,burning-legion,1818,paladin,retribution,42,20,22
Wingsgodx,archimonde,1818,paladin,retribution,60,28,32
Xsÿde,archimonde,1818,paladin,retribution,116,54,62
Кошкотяночка,ashenvale,1818,paladin,retribution,54,23,31
Nikkibenzqt,blackmoore,1818,paladin,retribution,84,35,49
Quelän,draenor,1817,paladin,retribution,47,29,18
Hirako,nemesis,1817,paladin,retribution,72,39,33
Zubxp,ravencrest,1817,paladin,retribution,129,66,63
Astragore,archimonde,1817,paladin,retribution,71,30,41
Фэйсрол,gordunni,1817,paladin,retribution,93,37,56
Шакиори,gordunni,1816,paladin,retribution,64,35,29
Алекхей,gordunni,1816,paladin,retribution,92,38,54
Madmartigane,ysondre,1815,paladin,retribution,114,48,66
Wellick,ravencrest,1814,paladin,retribution,35,20,15
Фемдом,blackscar,1814,paladin,retribution,48,27,21
Niou,alleria,1814,paladin,retribution,98,55,43
Déna,draenor,1813,paladin,retribution,52,29,23
Ktk,ravencrest,1813,paladin,retribution,121,67,54
Kreozz,destromath,1813,paladin,retribution,68,29,39
Honorkill,silvermoon,1812,paladin,retribution,256,144,112
Bangßros,archimonde,1812,paladin,retribution,54,30,24
Losër,ravencrest,1812,paladin,retribution,66,27,39
Elbígotes,dun-modr,1811,paladin,retribution,72,40,32
Lbj,eredar,1810,paladin,retribution,42,24,18
Коварное,borean-tundra,1810,paladin,retribution,66,36,30
Mythsion,blackmoore,1810,paladin,retribution,96,49,47
Baelwynn,defias-brotherhood,1810,paladin,retribution,59,30,29
Kaileena,archimonde,1809,paladin,retribution,59,35,24
Alloüt,outland,1809,paladin,retribution,37,20,17
Ironquist,doomhammer,1809,paladin,retribution,42,22,20
Bätïk,blackmoore,1809,paladin,retribution,60,30,30
Amburet,kazzak,1809,paladin,retribution,42,19,23
Zayaka,ragnaros,1809,paladin,retribution,120,51,69
Mâttyy,stormscale,1808,paladin,retribution,66,29,37
Ças,quelthalas,1808,paladin,retribution,72,30,42
Wannabis,twisting-nether,1807,paladin,retribution,113,66,47
Askenor,blackrock,1807,paladin,retribution,65,31,34
Джамбит,howling-fjord,1806,paladin,retribution,72,45,27
Archibäld,silvermoon,1806,paladin,retribution,43,25,18
Bregowine,doomhammer,1806,paladin,retribution,243,137,106
Reth,tarren-mill,1806,paladin,retribution,54,29,25
Weekly,outland,1806,paladin,retribution,36,19,17
Мегопалл,blackscar,1806,paladin,retribution,190,90,100
Réaxon,archimonde,1806,paladin,retribution,69,30,39
Matriarchxd,kazzak,1805,paladin,retribution,48,24,24
Geneundreitt,dethecus,1805,paladin,retribution,54,26,28
Магрейм,gordunni,1805,paladin,retribution,77,35,42
Kiriel,dun-modr,1805,paladin,retribution,132,59,73
Taneren,argent-dawn,1804,paladin,retribution,48,29,19
Heiimdal,dun-morogh,1804,paladin,retribution,46,26,20
Tsorig,tarren-mill,1804,paladin,retribution,177,98,79
Тутн,gordunni,1804,paladin,retribution,42,23,19
Инфернох,howling-fjord,1804,paladin,retribution,197,103,94
Dízeltekurva,ragnaros,1804,paladin,retribution,60,30,30
Trølled,aegwynn,1804,paladin,retribution,203,101,102
Блэканус,blackscar,1804,paladin,retribution,60,28,32
Aqualisse,hyjal,1804,paladin,retribution,66,30,36
Akoumb,twisting-nether,1803,paladin,retribution,150,82,68
Qpala,quelthalas,1803,paladin,retribution,36,19,17
Thun,azjolnerub,1803,paladin,retribution,60,31,29
Асканиэль,howling-fjord,1803,paladin,retribution,262,133,129
Ogpullava,sylvanas,1802,paladin,retribution,60,34,26
Boëndil,ravencrest,1802,paladin,retribution,189,106,83
Selina,burning-legion,1802,paladin,retribution,111,59,52
Атмх,soulflayer,1802,paladin,retribution,54,28,26
Antou,twisting-nether,1802,paladin,retribution,211,108,103
Делимнаноль,blackscar,1802,paladin,retribution,277,139,138
Meruem,blackrock,1802,paladin,retribution,53,26,27
Elesmerias,dalaran,1801,paladin,retribution,107,65,42
Deriøt,dun-modr,1801,paladin,retribution,102,56,46
Всеволорд,howling-fjord,1801,paladin,retribution,72,36,36
Brõw,hyjal,1801,paladin,retribution,42,21,21
Bluehustler,tarren-mill,1801,paladin,retribution,189,90,99
Lesterqt,thrall,1801,paladin,retribution,114,54,60
Misú,ravencrest,1800,paladin,retribution,48,26,22
Retdead,nordrassil,1800,paladin,retribution,60,32,28
Delgato,kazzak,1800,paladin,retribution,152,80,72
Thoriz,elune,1800,paladin,retribution,54,28,26
Alphaladin,stormscale,1800,paladin,retribution,72,37,35
Zachäus,kirin-tor,1800,paladin,retribution,114,57,57
Xeaa,tarren-mill,1800,paladin,retribution,48,22,26
Tauskiz,sylvanas,1800,paladin,retribution,48,19,29
Мидэас,gordunni,1798,paladin,retribution,96,44,52
Goofymits,twisting-nether,1797,paladin,retribution,66,36,30
Zïlda,archimonde,1796,paladin,retribution,138,77,61
Gladiator,die-aldor,1796,paladin,retribution,54,30,24
Icekissz,hyjal,1795,paladin,retribution,24,19,5
Телканапалке,blackscar,1795,paladin,retribution,48,35,13
Pepehands,nazjatar,1795,paladin,retribution,54,27,27
Утипутя,goldrinn,1794,paladin,retribution,84,42,42
Papichuló,aegwynn,1794,paladin,retribution,96,45,51
Sorannian,hyjal,1794,paladin,retribution,84,31,53
Cappy,twisting-nether,1793,paladin,retribution,85,49,36
Jacadin,sunstrider,1793,paladin,retribution,66,38,28
Zialo,ravencrest,1792,paladin,retribution,99,44,55
Kamata,kazzak,1791,paladin,retribution,87,40,47
Cheradin,ragnaros,1790,paladin,retribution,61,27,34
Riares,darkspear,1789,paladin,retribution,127,66,61
Wingzy,hyjal,1789,paladin,retribution,92,44,48
Pestomp,tarren-mill,1789,paladin,retribution,65,28,37
Charcoalman,argent-dawn,1788,paladin,retribution,24,19,5
Pridehammer,stormscale,1788,paladin,retribution,48,31,17
Risingfi,kult-der-verdammten,1787,paladin,retribution,84,48,36
Nein,blackhand,1787,paladin,retribution,182,85,97
Elitest,hyjal,1787,paladin,retribution,73,34,39
ßlacklight,archimonde,1787,paladin,retribution,66,26,40
Батллграунт,soulflayer,1786,paladin,retribution,167,102,65
Justivo,tarren-mill,1784,paladin,retribution,73,43,30
Durenai,aegwynn,1784,paladin,retribution,224,105,119
Irondawg,rajaxx,1783,paladin,retribution,73,32,41
Odin,silvermoon,1782,paladin,retribution,98,54,44
Halevia,kazzak,1781,paladin,retribution,95,46,49
Stazo,drakthul,1778,paladin,retribution,62,31,31
Ghosti,festung-der-stürme,1777,paladin,retribution,48,25,23
Валендил,gordunni,1777,paladin,retribution,54,28,26
Гуэргос,gordunni,1777,paladin,retribution,66,33,33
Tolgerias,twisting-nether,1776,paladin,retribution,60,29,31
Апония,gordunni,1776,paladin,retribution,75,29,46
Вайлдбебриз,eversong,1775,paladin,retribution,94,58,36
Johnnÿsins,hyjal,1775,paladin,retribution,42,22,20
Аниф,ashenvale,1775,paladin,retribution,216,112,104
Crîîngêr,blackhand,1775,paladin,retribution,80,38,42
Tcret,sanguino,1773,paladin,retribution,53,26,27
Bigducc,draenor,1772,paladin,retribution,59,27,32
Vankwok,stormscale,1771,paladin,retribution,33,20,13
Typhadin,sylvanas,1771,paladin,retribution,60,28,32
Kayback,archimonde,1770,paladin,retribution,88,49,39
Bersercute,sylvanas,1770,paladin,retribution,178,83,95
Shârâs,kazzak,1769,paladin,retribution,78,34,44
Малиновыйбох,gordunni,1768,paladin,retribution,147,80,67
Maybach,onyxia,1768,paladin,retribution,156,84,72
Focuspally,outland,1767,paladin,retribution,71,42,29
Dalemiar,ravencrest,1767,paladin,retribution,117,55,62
ßancu,ragnaros,1767,paladin,retribution,54,22,32
Zarispal,tarren-mill,1766,paladin,retribution,51,31,20
Ertheus,argent-dawn,1766,paladin,retribution,60,30,30
Valterus,burning-legion,1765,paladin,retribution,156,76,80
Spiritbreak,archimonde,1764,paladin,retribution,36,19,17
Gwynel,argent-dawn,1764,paladin,retribution,84,42,42
Nìcky,stormscale,1764,paladin,retribution,101,44,57
Guilt,aegwynn,1763,paladin,retribution,81,34,47
Zazalamel,hyjal,1762,paladin,retribution,84,47,37
Holysiah,kazzak,1762,paladin,retribution,114,51,63
Dominikcro,sylvanas,1761,paladin,retribution,36,22,14
Ijudgeppl,stormscale,1761,paladin,retribution,54,28,26
Nordiusek,drakthul,1760,paladin,retribution,58,28,30
Sofhiya,silvermoon,1759,paladin,retribution,42,24,18
Васапрагиб,howling-fjord,1759,paladin,retribution,84,45,39
Mouku,stormreaver,1759,paladin,retribution,126,61,65
Naneno,silvermoon,1759,paladin,retribution,140,65,75
Runhexi,silvermoon,1758,paladin,retribution,181,98,83
Опгоп,gordunni,1758,paladin,retribution,89,45,44
Tanny,kazzak,1758,paladin,retribution,66,29,37
Saintseiya,pozzo-delleternità,1756,paladin,retribution,48,28,20
Ðivine,stormscale,1755,paladin,retribution,182,105,77
Krîstal,aegwynn,1753,paladin,retribution,65,27,38
Ромерл,gordunni,1752,paladin,retribution,282,145,137
Русэльф,howling-fjord,1750,paladin,retribution,141,75,66
Holymerda,grim-batol,1749,paladin,retribution,53,28,25
Mayhemx,ravencrest,1749,paladin,retribution,332,164,168
Релаин,gordunni,1749,paladin,retribution,74,33,41
Ноулайфир,eversong,1747,paladin,retribution,54,30,24
Roostersucka,stormreaver,1747,paladin,retribution,66,29,37
Analnydarek,silvermoon,1745,paladin,retribution,183,98,85
Karadøc,archimonde,1745,paladin,retribution,96,42,54
Bubbleteâ,blackhand,1743,paladin,retribution,102,49,53
Cursedd,sanguino,1742,paladin,retribution,36,23,13
Rekktadin,grim-batol,1742,paladin,retribution,185,92,93
Лакостик,howling-fjord,1742,paladin,retribution,90,43,47
Staticdeath,ravencrest,1741,paladin,retribution,264,136,128
Бэйгреон,gordunni,1740,paladin,retribution,190,108,82
Kinvqt,tarren-mill,1740,paladin,retribution,106,52,54
Эвангер,gordunni,1740,paladin,retribution,54,25,29
Наспидах,grom,1740,paladin,retribution,79,34,45
Hýox,malganis,1739,paladin,retribution,109,54,55
Jíyü,blackmoore,1737,paladin,retribution,42,23,19
Plarbo,blackmoore,1737,paladin,retribution,66,32,34
Cloudlight,argent-dawn,1735,paladin,retribution,50,31,19
Liendry,antonidas,1735,paladin,retribution,53,28,25
Солошафл,howling-fjord,1735,paladin,retribution,48,24,24
Dainan,blackmoore,1735,paladin,retribution,157,77,80
Reito,eredar,1734,paladin,retribution,96,49,47
Ezetrol,xavius,1734,paladin,retribution,48,22,26
Лайтфури,gordunni,1734,paladin,retribution,54,23,31
Lightbrîng,hyjal,1733,paladin,retribution,223,116,107
Kanyewesh,dalaran,1733,paladin,retribution,54,27,27
Heavensfang,outland,1732,paladin,retribution,83,42,41
Johannx,tarren-mill,1732,paladin,retribution,240,118,122
Verbrännter,grim-batol,1732,paladin,retribution,64,31,33
Testør,ragnaros,1732,paladin,retribution,214,101,113
Korendil,frostmane,1732,paladin,retribution,72,32,40
Júdger,twisting-nether,1731,paladin,retribution,149,81,68
Dankin,pozzo-delleternità,1731,paladin,retribution,76,40,36
Laaserjörö,outland,1731,paladin,retribution,42,20,22
Extremnäsa,outland,1731,paladin,retribution,114,48,66
Ÿani,argent-dawn,1730,paladin,retribution,42,25,17
Vanques,burning-legion,1730,paladin,retribution,59,28,31
Claymore,ravenholdt,1730,paladin,retribution,59,24,35
Kayllan,ravencrest,1729,paladin,retribution,152,87,65
Bancu,outland,1729,paladin,retribution,47,24,23
Memororo,stormscale,1729,paladin,retribution,56,25,31
Arayël,archimonde,1728,paladin,retribution,114,61,53
Чупаа,howling-fjord,1728,paladin,retribution,88,47,41
Krivonis,tarren-mill,1728,paladin,retribution,111,58,53
Ганка,blackscar,1728,paladin,retribution,101,37,64
Unholybeefs,draenor,1727,paladin,retribution,42,26,16
Refuse,blackrock,1726,paladin,retribution,142,68,74
Ilililì,silvermoon,1725,paladin,retribution,46,27,19
Ajani,la-croisade-écarlate,1724,paladin,retribution,33,20,13
Qpalax,outland,1724,paladin,retribution,44,21,23
Nukkss,silvermoon,1724,paladin,retribution,72,30,42
Mimð,kazzak,1723,paladin,retribution,42,24,18
Pingla,argent-dawn,1723,paladin,retribution,103,58,45
Tpainjr,kazzak,1723,paladin,retribution,42,22,20
Эйзенхорн,grom,1722,paladin,retribution,54,30,24
Sübôvîñ,ravencrest,1721,paladin,retribution,71,40,31
Djrayk,archimonde,1721,paladin,retribution,36,18,18
Vhardan,archimonde,1721,paladin,retribution,179,86,93
Molgran,defias-brotherhood,1721,paladin,retribution,126,56,70
Пинкпуссибой,howling-fjord,1720,paladin,retribution,76,41,35
Serjudge,kazzak,1720,paladin,retribution,76,40,36
Geilershrimp,blackrock,1720,paladin,retribution,89,43,46
Harbiter,ravencrest,1719,paladin,retribution,72,30,42
Факофф,gordunni,1718,paladin,retribution,72,46,26
Drownlord,eredar,1718,paladin,retribution,34,19,15
Вэндрик,azuregos,1718,paladin,retribution,76,34,42
Estellar,bronze-dragonflight,1716,paladin,retribution,54,33,21
Bobjohnny,bloodfeather,1716,paladin,retribution,36,18,18
Летвамар,gordunni,1716,paladin,retribution,78,37,41
Mögräine,grim-batol,1716,paladin,retribution,54,24,30
Larnbert,argent-dawn,1715,paladin,retribution,54,27,27
Beigerbala,blackrock,1715,paladin,retribution,42,18,24
Xyzl,argent-dawn,1714,paladin,retribution,186,105,81
Fullflavor,bladefist,1713,paladin,retribution,90,39,51
Витурус,howling-fjord,1713,paladin,retribution,102,42,60
Panicmaker,ravencrest,1712,paladin,retribution,48,34,14
Darkkissx,lightbringer,1712,paladin,retribution,36,18,18
Répo,twisting-nether,1712,paladin,retribution,48,23,25
Bjornulfr,ravencrest,1712,paladin,retribution,124,56,68
Varioon,antonidas,1711,paladin,retribution,107,51,56
Байстр,soulflayer,1711,paladin,retribution,47,20,27
Wingsuit,eredar,1711,paladin,retribution,80,34,46
Aylion,blackrock,1710,paladin,retribution,48,33,15
Xinze,ravencrest,1710,paladin,retribution,69,35,34
Yséria,kirin-tor,1710,paladin,retribution,114,57,57
Йёкипавер,gordunni,1709,paladin,retribution,40,23,17
Thesavage,magtheridon,1709,paladin,retribution,77,42,35
Milkadìn,twisting-nether,1709,paladin,retribution,108,58,50
Slapmedaddy,die-ewige-wacht,1709,paladin,retribution,54,29,25
Tyrael,darksorrow,1709,paladin,retribution,233,119,114
Ayylmeow,tarren-mill,1709,paladin,retribution,56,28,28
Менетиил,galakrond,1709,paladin,retribution,136,65,71
Deidâra,blackhand,1709,paladin,retribution,42,18,24
Wickedret,kazzak,1707,paladin,retribution,30,18,12
Поласс,gordunni,1707,paladin,retribution,53,29,24
Lifepower,nemesis,1706,paladin,retribution,45,27,18
Palwig,tarren-mill,1706,paladin,retribution,172,92,80
Babaluga,blackrock,1706,paladin,retribution,42,21,21
Rettalius,ravencrest,1705,paladin,retribution,123,56,67
Crascch,blackmoore,1704,paladin,retribution,48,25,23
Ngel,marécage-de-zangar,1704,paladin,retribution,42,21,21
Limitles,nemesis,1704,paladin,retribution,69,28,41
Gaalarr,burning-legion,1703,paladin,retribution,96,52,44
Яидваклоуна,soulflayer,1703,paladin,retribution,36,18,18
Unschúld,blackrock,1702,paladin,retribution,193,107,86
Bigbuffdaddy,draenor,1702,paladin,retribution,429,215,214
Baraya,archimonde,1701,paladin,retribution,41,19,22
Lûvmølly,silvermoon,1701,paladin,retribution,48,22,26
Thórvaldr,argent-dawn,1700,paladin,retribution,54,30,24
Tyri,silvermoon,1700,paladin,retribution,102,54,48
Harlequina,argent-dawn,1699,paladin,retribution,70,36,34
Phalex,outland,1699,paladin,retribution,54,26,28
Mirøku,silvermoon,1699,paladin,retribution,103,49,54
Wingsmode,kazzak,1699,paladin,retribution,106,44,62
Ðenlox,destromath,1699,paladin,retribution,72,29,43
Laptop,aegwynn,1698,paladin,retribution,48,27,21
Bubbls,laughing-skull,1698,paladin,retribution,36,20,16
Scillá,aegwynn,1698,paladin,retribution,60,25,35
Simjon,defias-brotherhood,1697,paladin,retribution,199,108,91
Hojacat,ravencrest,1697,paladin,retribution,42,22,20
Атикинс,gordunni,1697,paladin,retribution,197,99,98
Smirky,silvermoon,1697,paladin,retribution,42,20,22
Зондарк,booty-bay,1697,paladin,retribution,106,49,57
Мэднессх,howling-fjord,1697,paladin,retribution,43,19,24
Rullatôrsven,stormscale,1697,paladin,retribution,48,18,30
Mefrandie,frostwolf,1696,paladin,retribution,42,24,18
Аилерия,howling-fjord,1695,paladin,retribution,311,167,144
Qarak,argent-dawn,1695,paladin,retribution,71,32,39
Asærý,blackmoore,1694,paladin,retribution,99,53,46
Dragonwingz,kazzak,1693,paladin,retribution,40,24,16
Якунии,blackscar,1693,paladin,retribution,36,21,15
Salti,magtheridon,1693,paladin,retribution,142,77,65
Menephannt,outland,1693,paladin,retribution,51,22,29
Flamabella,argent-dawn,1692,paladin,retribution,36,18,18
Сводимиаое,soulflayer,1692,paladin,retribution,52,24,28
Stavrosy,outland,1692,paladin,retribution,60,25,35
Охоху,gordunni,1691,paladin,retribution,149,78,71
Братстепина,gordunni,1691,paladin,retribution,88,44,44
Biqmac,mugthol,1690,paladin,retribution,45,25,20
Retaxx,outland,1690,paladin,retribution,42,23,19
Highfivè,ravencrest,1690,paladin,retribution,72,39,33
Waneis,ravencrest,1689,paladin,retribution,60,31,29
Mommyret,draenor,1688,paladin,retribution,107,59,48
Shorykezu,kazzak,1688,paladin,retribution,46,21,25
Isora,twisting-nether,1688,paladin,retribution,110,49,61
Lightsaint,kazzak,1687,paladin,retribution,66,37,29
Holyshet,blackrock,1686,paladin,retribution,79,44,35
Drakingsang,blackhand,1686,paladin,retribution,96,42,54
Skippadin,ravencrest,1685,paladin,retribution,95,51,44
Хилерскийхил,soulflayer,1685,paladin,retribution,140,71,69
Zeroeffect,blackhand,1684,paladin,retribution,54,28,26
Yo,azshara,1684,paladin,retribution,66,34,32
Lyliananl,argent-dawn,1684,paladin,retribution,78,35,43
Kýríl,antonidas,1684,paladin,retribution,74,31,43
Refléx,zirkel-des-cenarius,1683,paladin,retribution,48,20,28
Mistérion,archimonde,1683,paladin,retribution,66,27,39
Budgetcara,stormscale,1682,paladin,retribution,41,22,19
Thàø,chants-éternels,1682,paladin,retribution,58,30,28
Guskey,draenor,1682,paladin,retribution,138,71,67
Ryxxii,ravencrest,1682,paladin,retribution,108,49,59
Nurti,kazzak,1681,paladin,retribution,33,19,14
Libertum,silvermoon,1681,paladin,retribution,54,28,26
Holyinvictus,twisting-nether,1680,paladin,retribution,154,80,74
Tekåpal,tarren-mill,1680,paladin,retribution,90,41,49
Ookleb,tarren-mill,1680,paladin,retribution,66,29,37
Scarabeus,ravencrest,1679,paladin,retribution,131,77,54
Varunyyo,blackrock,1679,paladin,retribution,82,40,42
Møg,blackrock,1679,paladin,retribution,59,24,35
Dudjaw,stormscale,1679,paladin,retribution,96,38,58
Ruath,xavius,1678,paladin,retribution,154,77,77
Кхарнх,soulflayer,1678,paladin,retribution,48,22,26
Døgpaladin,outland,1678,paladin,retribution,48,21,27
Starworkal,ragnaros,1677,paladin,retribution,87,44,43
Modeladin,ragnaros,1677,paladin,retribution,94,45,49
Blakethorn,silvermoon,1676,paladin,retribution,36,18,18
Sinclo,hyjal,1676,paladin,retribution,58,26,32
Neijih,blackrock,1676,paladin,retribution,56,24,32
Bsepal,silvermoon,1675,paladin,retribution,206,112,94
Joniopala,stormreaver,1675,paladin,retribution,65,28,37
Arkk,blackrock,1675,paladin,retribution,60,25,35
Кухонныйвор,howling-fjord,1673,paladin,retribution,78,36,42
Scorebit,draenor,1673,paladin,retribution,65,29,36
Threathor,outland,1672,paladin,retribution,177,95,82
Wootschi,arthas,1672,paladin,retribution,59,30,29
Eldrial,argent-dawn,1672,paladin,retribution,65,32,33
Иев,howling-fjord,1672,paladin,retribution,65,30,35
Salladín,stormscale,1671,paladin,retribution,36,23,13
Onevr,tarren-mill,1671,paladin,retribution,149,83,66
Shanice,twilights-hammer,1671,paladin,retribution,42,23,19
Дракула,howling-fjord,1671,paladin,retribution,102,53,49
Грайндсет,galakrond,1671,paladin,retribution,41,18,23
Rugila,ragnaros,1670,paladin,retribution,206,115,91
Malapal,hyjal,1670,paladin,retribution,46,25,21
Яправ,borean-tundra,1670,paladin,retribution,132,70,62
Vivike,silvermoon,1670,paladin,retribution,77,40,37
Bubblebuttx,ghostlands,1669,paladin,retribution,101,59,42
Astilia,sylvanas,1669,paladin,retribution,132,61,71
Merkury,sanguino,1669,paladin,retribution,48,21,27
Xciepo,rexxar,1669,paladin,retribution,66,28,38
Testament,antonidas,1668,paladin,retribution,128,65,63
Ajkulaa,kazzak,1667,paladin,retribution,80,40,40
Scralet,tarren-mill,1667,paladin,retribution,41,19,22
Almighty,ravencrest,1667,paladin,retribution,90,39,51
Nyxbane,kazzak,1667,paladin,retribution,48,19,29
Uliko,twisting-nether,1666,paladin,retribution,90,50,40
Kasualwrath,stormscale,1666,paladin,retribution,36,19,17
Холихит,gordunni,1666,paladin,retribution,118,58,60
Hèllkeepêr,archimonde,1666,paladin,retribution,41,20,21
Neverdeath,stormscale,1666,paladin,retribution,60,26,34
Leköngen,ravencrest,1665,paladin,retribution,44,28,16
Данхайк,gordunni,1664,paladin,retribution,138,77,61
Rli,twisting-nether,1664,paladin,retribution,90,45,45
Xinxin,azshara,1664,paladin,retribution,60,26,34
Socx,outland,1664,paladin,retribution,83,30,53
Pawelinus,blackrock,1663,paladin,retribution,36,21,15
Zeggayodax,nemesis,1663,paladin,retribution,42,22,20
Саймум,blackscar,1663,paladin,retribution,80,41,39
Ivarladin,draenor,1663,paladin,retribution,66,30,36
Vickdicator,stormscale,1663,paladin,retribution,68,30,38
Биоразлагаем,gordunni,1662,paladin,retribution,114,63,51
Deadholland,ravencrest,1662,paladin,retribution,140,73,67
Jout,tarren-mill,1662,paladin,retribution,150,75,75
Toxií,argent-dawn,1662,paladin,retribution,76,30,46
Venepal,eredar,1661,paladin,retribution,30,20,10
Sharn,ravencrest,1661,paladin,retribution,106,52,54
Meìster,blackmoore,1661,paladin,retribution,93,45,48
Pruntadin,silvermoon,1661,paladin,retribution,78,36,42
Holybubble,stormscale,1661,paladin,retribution,55,25,30
Аргонис,gordunni,1661,paladin,retribution,54,24,30
Cerfica,drakthul,1660,paladin,retribution,96,51,45
Bumaye,tarren-mill,1659,paladin,retribution,42,24,18
Âyasê,blackhand,1659,paladin,retribution,100,49,51
Сандалар,gordunni,1659,paladin,retribution,78,35,43
Wakke,outland,1658,paladin,retribution,38,26,12
Zuveron,the-maelstrom,1657,paladin,retribution,78,35,43
Eniste,silvermoon,1656,paladin,retribution,134,66,68
Telionrootan,die-aldor,1655,paladin,retribution,58,29,29
Novania,perenolde,1655,paladin,retribution,69,32,37
Xëlâ,archimonde,1654,paladin,retribution,93,51,42
Willmot,stormscale,1654,paladin,retribution,64,33,31
Shockashy,stormscale,1654,paladin,retribution,72,37,35
Сёмаигрок,soulflayer,1654,paladin,retribution,54,26,28
Rulîx,blackmoore,1654,paladin,retribution,120,57,63
Арагонис,howling-fjord,1653,paladin,retribution,36,23,13
Earendìl,blackmoore,1653,paladin,retribution,54,31,23
Zynuwu,blackmoore,1653,paladin,retribution,42,22,20
Koly,dun-modr,1653,paladin,retribution,74,38,36
Ruotollo,ravencrest,1653,paladin,retribution,51,23,28
Райтивуд,howling-fjord,1652,paladin,retribution,110,58,52
Sünlight,nemesis,1652,paladin,retribution,168,80,88
Rafflesia,sanguino,1652,paladin,retribution,53,19,34
Relius,outland,1651,paladin,retribution,85,35,50
Screws,dun-modr,1650,paladin,retribution,54,22,32
Aederec,argent-dawn,1649,paladin,retribution,78,42,36
Хаспадин,gordunni,1649,paladin,retribution,42,21,21
Crohnox,nemesis,1648,paladin,retribution,70,36,34
Alatie,dentarg,1648,paladin,retribution,114,58,56
Andrejz,sylvanas,1648,paladin,retribution,42,21,21
Fisslol,kazzak,1648,paladin,retribution,93,46,47
Холивеник,gordunni,1648,paladin,retribution,48,22,26
Anesthesiax,ravencrest,1648,paladin,retribution,65,28,37
Poohsie,ravencrest,1647,paladin,retribution,66,43,23
Tepowze,twisting-nether,1647,paladin,retribution,36,19,17
Mordar,ravencrest,1647,paladin,retribution,85,40,45
Athená,baelgun,1646,paladin,retribution,29,22,7
Boomboomciao,draenor,1646,paladin,retribution,90,58,32
Trenvendor,ravencrest,1646,paladin,retribution,37,23,14
Kedaris,antonidas,1646,paladin,retribution,90,50,40
Exoblade,twisting-nether,1646,paladin,retribution,72,40,32
Gilet,argent-dawn,1645,paladin,retribution,60,31,29
Mcfëë,ysondre,1645,paladin,retribution,150,77,73
Нижмубабл,soulflayer,1645,paladin,retribution,51,24,27
Xila,blackrock,1645,paladin,retribution,90,39,51
Cîzzar,burning-legion,1644,paladin,retribution,153,85,68
Lílou,blackmoore,1644,paladin,retribution,75,38,37
Bubbledøtcøm,blackmoore,1644,paladin,retribution,66,32,34
Spegepølse,silvermoon,1643,paladin,retribution,86,48,38
Aresdin,blackmoore,1643,paladin,retribution,42,23,19
Emíly,dun-morogh,1643,paladin,retribution,42,23,19
Ysell,sargeras,1642,paladin,retribution,68,34,34
Shenwarr,twisting-nether,1642,paladin,retribution,42,21,21
Misako,sanguino,1642,paladin,retribution,166,82,84
Grìmmjøw,silvermoon,1642,paladin,retribution,51,22,29
Bikkuz,kazzak,1641,paladin,retribution,42,28,14
Gigasack,ravencrest,1641,paladin,retribution,36,23,13
Goüstà,ysondre,1641,paladin,retribution,54,23,31
Justrhino,kazzak,1641,paladin,retribution,47,18,29
Powerpuffret,antonidas,1640,paladin,retribution,72,40,32
Йосяфлексер,howling-fjord,1640,paladin,retribution,200,108,92
Diccari,stormreaver,1640,paladin,retribution,84,37,47
Razrpal,tarren-mill,1639,paladin,retribution,44,22,22
Димасгачи,gordunni,1638,paladin,retribution,42,32,10
Xtekz,tarren-mill,1638,paladin,retribution,74,38,36
Apolytos,laughing-skull,1638,paladin,retribution,163,80,83
Dreamwatcher,outland,1638,paladin,retribution,51,23,28
Saedrick,nemesis,1638,paladin,retribution,69,26,43
Splendida,festung-der-stürme,1637,paladin,retribution,35,23,12
Brabop,zirkel-des-cenarius,1637,paladin,retribution,42,22,20
Shakkur,varimathras,1637,paladin,retribution,48,25,23
Альфазеро,howling-fjord,1637,paladin,retribution,208,106,102
Hargreeve,ravencrest,1637,paladin,retribution,54,27,27
Дохлаяженах,gordunni,1637,paladin,retribution,54,27,27
Nanisunda,thrall,1637,paladin,retribution,154,75,79
Tîrana,ysondre,1637,paladin,retribution,69,31,38
Instaquez,stormscale,1636,paladin,retribution,145,72,73
Badbuññy,sylvanas,1636,paladin,retribution,54,24,30
Mácá,outland,1635,paladin,retribution,30,20,10
Akaasix,stormscale,1635,paladin,retribution,67,36,31
Naexea,archimonde,1635,paladin,retribution,60,28,32
Addwyr,blackrock,1634,paladin,retribution,78,42,36
Arturius,ravencrest,1634,paladin,retribution,60,30,30
Djandja,blackrock,1634,paladin,retribution,59,29,30
Breakdøwñ,blackrock,1634,paladin,retribution,148,63,85
Zneeks,shattered-hand,1633,paladin,retribution,77,45,32
Palagray,blackmoore,1633,paladin,retribution,173,100,73
Búbbles,nerathor,1633,paladin,retribution,66,37,29
Твойвайб,gordunni,1633,paladin,retribution,114,63,51
Lisma,bloodfeather,1633,paladin,retribution,59,32,27
Прожектор,gordunni,1633,paladin,retribution,48,25,23
Галиор,soulflayer,1632,paladin,retribution,52,31,21
Tawaraa,archimonde,1632,paladin,retribution,36,21,15
Theladrie,blackhand,1632,paladin,retribution,48,24,24
Flipzz,blackrock,1631,paladin,retribution,26,18,8
Wlåð,archimonde,1631,paladin,retribution,45,25,20
Needel,argent-dawn,1631,paladin,retribution,47,26,21
Кавайнекс,azuregos,1631,paladin,retribution,134,67,67
Draizor,twisting-nether,1631,paladin,retribution,89,42,47
Justyferr,nemesis,1631,paladin,retribution,111,45,66
Майлайт,gordunni,1630,paladin,retribution,112,66,46
Ibuc,blackrock,1630,paladin,retribution,36,21,15
Djcurry,archimonde,1630,paladin,retribution,30,17,13
Юкамилайт,howling-fjord,1630,paladin,retribution,42,23,19
Кельритос,soulflayer,1630,paladin,retribution,64,28,36
Pârabellum,the-maelstrom,1630,paladin,retribution,105,43,62
Antsh,nemesis,1629,paladin,retribution,36,22,14
Bobiwan,ravencrest,1629,paladin,retribution,30,17,13
Ønlyfâns,dragonblight,1629,paladin,retribution,78,34,44
Mudos,burning-legion,1628,paladin,retribution,24,18,6
Seraphyonhd,blackmoore,1628,paladin,retribution,97,53,44
Wyllian,grim-batol,1628,paladin,retribution,48,23,25
Коссандра,greymane,1628,paladin,retribution,47,21,26
Emostylex,draenor,1628,paladin,retribution,131,57,74
Таптыгин,gordunni,1628,paladin,retribution,54,23,31
Gulinborsti,aegwynn,1627,paladin,retribution,78,50,28
Vuup,silvermoon,1627,paladin,retribution,78,37,41
Hülä,antonidas,1627,paladin,retribution,54,24,30
Реализатор,howling-fjord,1627,paladin,retribution,56,22,34
Donwone,aegwynn,1626,paladin,retribution,30,20,10
Торсгад,gordunni,1626,paladin,retribution,42,23,19
Оззмо,howling-fjord,1626,paladin,retribution,189,96,93
Zeusp,archimonde,1626,paladin,retribution,42,21,21
Zarron,blackrock,1626,paladin,retribution,42,20,22
Данбро,borean-tundra,1626,paladin,retribution,96,45,51
Nukss,silvermoon,1626,paladin,retribution,78,35,43
Serratus,thunderhorn,1626,paladin,retribution,50,22,28
Maloumnik,stormscale,1625,paladin,retribution,24,17,7
Redex,tarren-mill,1625,paladin,retribution,120,64,56
Crusshqt,silvermoon,1625,paladin,retribution,156,78,78
Namapala,silvermoon,1625,paladin,retribution,113,54,59
Strykar,aggra-português,1625,paladin,retribution,48,22,26
Konardos,burning-legion,1625,paladin,retribution,48,21,27
Wyzpal,archimonde,1624,paladin,retribution,42,24,18
Рипкарт,gordunni,1623,paladin,retribution,67,42,25
Valarians,nemesis,1623,paladin,retribution,48,28,20
Blazeer,pozzo-delleternità,1623,paladin,retribution,42,23,19
Анастэриан,thermaplugg,1623,paladin,retribution,114,57,57
Notpitball,kazzak,1623,paladin,retribution,48,23,25
Kraakz,sanguino,1623,paladin,retribution,65,30,35
Käyle,alakir,1623,paladin,retribution,48,22,26
Brecs,frostmourne,1623,paladin,retribution,84,36,48
Blaîzer,archimonde,1623,paladin,retribution,72,26,46
Неиспоримый,soulflayer,1622,paladin,retribution,30,20,10
Holyhi,silvermoon,1622,paladin,retribution,78,47,31
Karyouka,archimonde,1622,paladin,retribution,60,36,24
Tavil,sylvanas,1622,paladin,retribution,36,20,16
Nînaninja,silvermoon,1622,paladin,retribution,93,51,42
Ливх,blackscar,1622,paladin,retribution,79,42,37
Sántouryu,ravencrest,1622,paladin,retribution,366,182,184
Нормвал,gordunni,1622,paladin,retribution,55,26,29
Starcker,sanguino,1622,paladin,retribution,90,30,60
Gøretterøg,archimonde,1621,paladin,retribution,30,18,12
Baxxster,blackhand,1621,paladin,retribution,76,34,42
Disadin,sylvanas,1620,paladin,retribution,42,25,17
Elendor,shadowsong,1620,paladin,retribution,36,20,16
Trisunonvaki,khazgoroth,1620,paladin,retribution,205,112,93
Paakz,stormscale,1620,paladin,retribution,190,96,94
Мэибибэиби,howling-fjord,1620,paladin,retribution,96,42,54
Zzloud,darksorrow,1619,paladin,retribution,42,23,19
Jaro,alleria,1619,paladin,retribution,75,40,35
Combinecka,chamber-of-aspects,1619,paladin,retribution,118,60,58
Беспощадие,gordunni,1619,paladin,retribution,75,38,37
Holmat,twisting-nether,1619,paladin,retribution,48,24,24
Monaatamis,kazzak,1619,paladin,retribution,36,17,19
Kaleyra,argent-dawn,1619,paladin,retribution,48,20,28
Rullatorsvèn,stormscale,1619,paladin,retribution,42,17,25
Charmxx,stormscale,1618,paladin,retribution,30,18,12
Kobleda,ravencrest,1618,paladin,retribution,41,23,18
Lonesolo,sylvanas,1618,paladin,retribution,36,20,16
Sletlana,burning-blade,1618,paladin,retribution,48,21,27
Djuwuu,twisting-nether,1618,paladin,retribution,48,20,28
Novania,teldrassil,1617,paladin,retribution,60,39,21
Bloodsworn,stormrage,1617,paladin,retribution,90,58,32
Rimva,alleria,1617,paladin,retribution,60,38,22
Gucix,sylvanas,1617,paladin,retribution,75,42,33
Фатумм,howling-fjord,1617,paladin,retribution,36,18,18
Okcså,ragnaros,1617,paladin,retribution,64,25,39
Azryn,kazzak,1615,paladin,retribution,86,46,40
Shufflee,drakthul,1615,paladin,retribution,84,44,40
Holyblast,archimonde,1615,paladin,retribution,42,22,20
Tyristrum,kilrogg,1615,paladin,retribution,54,24,30
Batteldin,blackmoore,1614,paladin,retribution,158,91,67
Kayøz,aegwynn,1614,paladin,retribution,84,42,42
Хексали,soulflayer,1614,paladin,retribution,51,25,26
Dragon,zenedar,1613,paladin,retribution,48,27,21
Bloodyret,outland,1613,paladin,retribution,89,45,44
Lorthaél,karazhan,1613,paladin,retribution,81,39,42
Nøvå,ravencrest,1613,paladin,retribution,102,47,55
Varathraz,ravencrest,1613,paladin,retribution,132,57,75
Аностазия,ashenvale,1613,paladin,retribution,84,33,51
Holyzero,ravencrest,1612,paladin,retribution,24,17,7
Mangz,ysondre,1612,paladin,retribution,36,25,11
Briman,neptulon,1612,paladin,retribution,60,37,23
Topzin,argent-dawn,1612,paladin,retribution,49,30,19
Johnßlake,dun-modr,1612,paladin,retribution,95,51,44
Puers,burning-blade,1612,paladin,retribution,41,21,20
Деленка,gordunni,1612,paladin,retribution,184,94,90
Nergigante,drekthar,1612,paladin,retribution,48,23,25
Paradoxiâ,thrall,1612,paladin,retribution,60,28,32
Madman,drakthul,1612,paladin,retribution,42,19,23
Djstompyamom,stormscale,1612,paladin,retribution,128,56,72
Ragen,kazzak,1612,paladin,retribution,60,26,34
Enlightendz,ravencrest,1611,paladin,retribution,60,23,37
Imaturtle,darksorrow,1611,paladin,retribution,77,28,49
Сынбогов,gordunni,1610,paladin,retribution,30,17,13
Мяумяухх,soulflayer,1610,paladin,retribution,202,107,95
Discølove,blackmoore,1610,paladin,retribution,43,21,22
Io,frostwolf,1610,paladin,retribution,173,84,89
Biggboii,twisting-nether,1610,paladin,retribution,54,21,33
Grimstark,argent-dawn,1609,paladin,retribution,36,23,13
Zebramann,silvermoon,1609,paladin,retribution,117,69,48
Promise,dun-modr,1609,paladin,retribution,60,32,28
Bíceron,sanguino,1609,paladin,retribution,70,35,35
Lazone,ysondre,1609,paladin,retribution,46,22,24
Астта,fordragon,1609,paladin,retribution,72,31,41
Mystixd,talnivarr,1608,paladin,retribution,42,31,11
Hølypowah,tarren-mill,1608,paladin,retribution,24,17,7
Alammar,burning-legion,1608,paladin,retribution,30,18,12
Колсет,soulflayer,1608,paladin,retribution,91,48,43
Elohim,echsenkessel,1608,paladin,retribution,75,36,39
Shuukz,blackmoore,1608,paladin,retribution,66,28,38
Рикшак,howling-fjord,1608,paladin,retribution,42,17,25
Копаю,gordunni,1607,paladin,retribution,144,84,60
Кинбул,ashenvale,1607,paladin,retribution,30,17,13
Ревирант,gordunni,1607,paladin,retribution,39,21,18
Silverglaze,defias-brotherhood,1607,paladin,retribution,42,22,20
Legitpower,silvermoon,1607,paladin,retribution,82,41,41
Ттиаматт,howling-fjord,1607,paladin,retribution,36,17,19
Эллесар,blackscar,1607,paladin,retribution,132,62,70
Hippiehuman,darkspear,1606,paladin,retribution,36,23,13
Râkim,malganis,1606,paladin,retribution,36,18,18
Bigdamjudgee,outland,1606,paladin,retribution,35,17,18
Vanithar,thrall,1606,paladin,retribution,92,41,51
Saiyaan,silvermoon,1606,paladin,retribution,54,21,33
Aetecii,archimonde,1605,paladin,retribution,24,17,7
Adiútrix,silvermoon,1605,paladin,retribution,78,49,29
Astolfia,silvermoon,1605,paladin,retribution,61,37,24
Arear,kazzak,1605,paladin,retribution,126,62,64
Frankostyle,sanguino,1605,paladin,retribution,59,28,31
Retlikeme,ravencrest,1605,paladin,retribution,36,17,19
Akrobatka,sanguino,1605,paladin,retribution,114,52,62
Bázer,antonidas,1605,paladin,retribution,46,18,28
Taytay,dentarg,1604,paladin,retribution,66,37,29
Tìtan,ravencrest,1604,paladin,retribution,48,25,23
Кронкс,howling-fjord,1604,paladin,retribution,141,73,68
Emìnem,kazzak,1604,paladin,retribution,128,66,62
Keft,twisting-nether,1604,paladin,retribution,53,26,27
Tinyandy,blackrock,1604,paladin,retribution,48,21,27
Valiscar,antonidas,1604,paladin,retribution,42,17,25
Дорогаснега,gordunni,1603,paladin,retribution,48,28,20
Ague,spinebreaker,1603,paladin,retribution,78,32,46
Mistyweavey,grim-batol,1602,paladin,retribution,66,43,23
Blakkjack,xavius,1602,paladin,retribution,47,26,21
Fordragon,twisting-nether,1602,paladin,retribution,54,21,33
Nfxx,argent-dawn,1601,paladin,retribution,81,49,32
Pappnas,aegwynn,1601,paladin,retribution,30,17,13
Flashyo,archimonde,1601,paladin,retribution,36,20,16
Zey,auchindoun,1601,paladin,retribution,36,19,17
Timal,eitrigg,1601,paladin,retribution,157,82,75
ßean,dun-modr,1601,paladin,retribution,40,20,20
Zwergicus,alexstrasza,1601,paladin,retribution,71,33,38
Моррзито,soulflayer,1601,paladin,retribution,60,27,33
Pikoman,hellfire,1601,paladin,retribution,59,26,33
Ashbi,dun-modr,1601,paladin,retribution,42,17,25
Guccishock,twisting-nether,1600,paladin,retribution,85,48,37
Veckra,kazzak,1600,paladin,retribution,153,83,70
Elyox,ravencrest,1600,paladin,retribution,42,21,21
Zader,ravencrest,1600,paladin,retribution,48,23,25
Кузькинамать,greymane,1600,paladin,retribution,161,74,87
Dannyvye,outland,1600,paladin,retribution,152,68,84
Carlash,draenor,1599,paladin,retribution,96,53,43
Djcrusade,twisting-nether,1599,paladin,retribution,140,77,63
Naree,stormreaver,1599,paladin,retribution,60,31,29
Рамзеса,soulflayer,1599,paladin,retribution,48,22,26
Jorhall,antonidas,1598,paladin,retribution,127,68,59
Wuzzle,azshara,1597,paladin,retribution,36,22,14
Valin,frostmane,1597,paladin,retribution,150,69,81
Sharkayne,anubarak,1597,paladin,retribution,60,23,37
Gîn,aszune,1596,paladin,retribution,48,21,27
Cenie,dunemaul,1596,paladin,retribution,72,27,45
Wohx,archimonde,1595,paladin,retribution,42,22,20
Palachdinka,drakthul,1594,paladin,retribution,30,17,13
Íbossít,doomhammer,1594,paladin,retribution,78,40,38
Runhil,nemesis,1593,paladin,retribution,42,20,22
Siorraidh,archimonde,1592,paladin,retribution,42,23,19
Vakaza,cthun,1592,paladin,retribution,54,26,28
Хилоретка,blackscar,1591,paladin,retribution,24,17,7
Leoxander,outland,1591,paladin,retribution,96,47,49
Kouyhalaide,hyjal,1591,paladin,retribution,72,33,39
Dabeefchief,outland,1590,paladin,retribution,28,21,7
Lightwitcher,silvermoon,1590,paladin,retribution,191,91,100
Pallidino,antonidas,1590,paladin,retribution,47,20,27
Mearsheimer,ysondre,1590,paladin,retribution,48,19,29
Ratklng,ravencrest,1589,paladin,retribution,84,50,34
Фэрплэйн,gordunni,1589,paladin,retribution,36,19,17
Bloodaxjr,archimonde,1589,paladin,retribution,190,100,90
Sstalowy,silvermoon,1589,paladin,retribution,151,74,77
Ahpoual,archimonde,1588,paladin,retribution,64,39,25
Raoun,archimonde,1588,paladin,retribution,48,23,25
Keladen,burning-legion,1587,paladin,retribution,72,43,29
Erasdin,silvermoon,1587,paladin,retribution,30,17,13
Shaylaru,tarren-mill,1587,paladin,retribution,41,22,19
Katanaclówn,eredar,1587,paladin,retribution,329,165,164
Eruth,ravencrest,1586,paladin,retribution,66,35,31
Yaldly,dun-modr,1586,paladin,retribution,36,18,18
Хентайбогиня,ashenvale,1585,paladin,retribution,74,38,36
Kreselia,ravencrest,1585,paladin,retribution,52,24,28
Painshield,outland,1585,paladin,retribution,53,19,34
Ùthér,sylvanas,1584,paladin,retribution,73,38,35
Curt,sanguino,1584,paladin,retribution,42,19,23
Komen,dalaran,1583,paladin,retribution,36,19,17
Altundrdel,ravencrest,1583,paladin,retribution,78,40,38
Cilise,bronzebeard,1583,paladin,retribution,54,24,30
Vylnoa,twisting-nether,1583,paladin,retribution,151,67,84
Slump,ravencrest,1582,paladin,retribution,79,41,38
Aerieon,draenor,1582,paladin,retribution,42,21,21
Талрэн,howling-fjord,1582,paladin,retribution,66,32,34
Аскеттх,gordunni,1582,paladin,retribution,72,34,38
Дезоиль,gordunni,1582,paladin,retribution,42,19,23
Irenita,kazzak,1582,paladin,retribution,54,23,31
Sunhalo,twisting-nether,1582,paladin,retribution,47,20,27
Evelisyze,twisting-nether,1582,paladin,retribution,54,22,32
Keele,stormscale,1581,paladin,retribution,35,18,17
Yæø,archimonde,1580,paladin,retribution,42,26,16
Zaaen,burning-legion,1580,paladin,retribution,96,49,47
Retstarr,draenor,1580,paladin,retribution,114,57,57
Palarïns,dalaran,1580,paladin,retribution,36,18,18
Диманватикан,howling-fjord,1580,paladin,retribution,72,30,42
Eosan,argent-dawn,1579,paladin,retribution,39,27,12
Gangb,ravencrest,1579,paladin,retribution,36,20,16
Swàyz,archimonde,1579,paladin,retribution,144,66,78
Ассайоу,soulflayer,1579,paladin,retribution,102,39,63
Santaclaus,zuljin,1578,paladin,retribution,78,47,31
Racduck,dunemaul,1578,paladin,retribution,88,41,47
Lyraestra,hyjal,1578,paladin,retribution,78,33,45
Далходж,soulflayer,1577,paladin,retribution,89,38,51
Bagok,drakthul,1576,paladin,retribution,42,26,16
Elektek,archimonde,1576,paladin,retribution,30,18,12
Obsidyen,outland,1576,paladin,retribution,44,21,23
Pinx,kazzak,1576,paladin,retribution,54,25,29
Rimlod,saurfang,1575,paladin,retribution,218,114,104
Quasimod,ravencrest,1575,paladin,retribution,90,43,47
Codindio,silvermoon,1574,paladin,retribution,106,56,50
Blickyman,arathor,1574,paladin,retribution,60,30,30
Brianxd,tarren-mill,1574,paladin,retribution,54,26,28
Darkdeal,tarren-mill,1574,paladin,retribution,56,25,31
Vodax,argent-dawn,1573,paladin,retribution,86,43,43
Nashret,kazzak,1573,paladin,retribution,60,30,30
Seductîve,kazzak,1572,paladin,retribution,108,63,45
Mïnnîe,ysondre,1572,paladin,retribution,42,24,18
Heallgodxx,ragnaros,1572,paladin,retribution,30,17,13
Zaatar,stormscale,1572,paladin,retribution,53,30,23
Рапсодихх,gordunni,1571,paladin,retribution,104,55,49
Daoht,ysondre,1571,paladin,retribution,60,30,30
Гневнебес,howling-fjord,1571,paladin,retribution,96,44,52
Nexzz,outland,1570,paladin,retribution,35,26,9
Bullstorm,burning-legion,1570,paladin,retribution,42,23,19
Irhoy,dalaran,1568,paladin,retribution,34,23,11
Luhae,archimonde,1568,paladin,retribution,72,44,28
Раффаэло,borean-tundra,1568,paladin,retribution,142,70,72
Spéos,archimonde,1568,paladin,retribution,64,31,33
Dìe,silvermoon,1567,paladin,retribution,41,19,22
Ilikejudge,blackmoore,1566,paladin,retribution,168,74,94
Blader,darksorrow,1565,paladin,retribution,122,60,62
Эледвен,howling-fjord,1565,paladin,retribution,90,40,50
Aethelwold,ragnaros,1565,paladin,retribution,132,56,76
Blâzer,hyjal,1565,paladin,retribution,48,19,29
Okroschka,blackrock,1564,paladin,retribution,30,18,12
Rîex,alleria,1564,paladin,retribution,72,34,38
Eleuterus,bloodfeather,1564,paladin,retribution,60,27,33
Deltapower,archimonde,1564,paladin,retribution,43,19,24
Skoopey,twisting-nether,1564,paladin,retribution,60,23,37
Kathí,kazzak,1563,paladin,retribution,24,18,6
Ultret,silvermoon,1563,paladin,retribution,67,36,31
Warmâchiine,burning-legion,1563,paladin,retribution,155,78,77
Trixzie,blackhand,1563,paladin,retribution,36,18,18
Сэдвиг,gordunni,1563,paladin,retribution,35,17,18
Joekickass,madmortem,1562,paladin,retribution,29,18,11
Ralphias,tarren-mill,1562,paladin,retribution,127,62,65
Лакоста,ashenvale,1562,paladin,retribution,66,31,35
Qïkarï,antonidas,1561,paladin,retribution,61,35,26
Duno,archimonde,1560,paladin,retribution,28,17,11
Eiennoai,argent-dawn,1560,paladin,retribution,32,19,13
Farata,ravencrest,1560,paladin,retribution,148,79,69
Forja,silvermoon,1560,paladin,retribution,86,43,43
Lysander,antonidas,1560,paladin,retribution,36,17,19
Gaveren,ravencrest,1559,paladin,retribution,42,21,21
Cowwithspell,stormscale,1559,paladin,retribution,146,67,79
Tapsgg,silvermoon,1559,paladin,retribution,48,19,29
Романтик,deathweaver,1558,paladin,retribution,96,48,48
Blówout,tarren-mill,1557,paladin,retribution,42,23,19
Ranish,aegwynn,1557,paladin,retribution,51,18,33
Teahero,doomhammer,1556,paladin,retribution,36,21,15
Aguerx,alleria,1556,paladin,retribution,54,24,30
Синодушка,howling-fjord,1556,paladin,retribution,42,17,25
Ceccil,dun-modr,1555,paladin,retribution,102,58,44
Mâterîa,antonidas,1555,paladin,retribution,132,67,65
Giroud,dalaran,1555,paladin,retribution,36,17,19
Спидфрик,blackscar,1554,paladin,retribution,62,35,27
Medieh,ravencrest,1554,paladin,retribution,56,28,28
Trendragon,argent-dawn,1554,paladin,retribution,77,33,44
Shatar,culte-de-la-rive-noire,1554,paladin,retribution,61,25,36
Deadlydawn,kazzak,1554,paladin,retribution,72,23,49
Kuhfleisch,eredar,1553,paladin,retribution,126,72,54
Pný,silvermoon,1553,paladin,retribution,54,27,27
Alë,sanguino,1553,paladin,retribution,47,23,24
Каштоуны,soulflayer,1553,paladin,retribution,62,28,34
Proletardk,draenor,1552,paladin,retribution,132,74,58
Taiso,alonsus,1552,paladin,retribution,59,30,29
Torvik,eredar,1552,paladin,retribution,107,50,57
Шэйкер,blackscar,1552,paladin,retribution,109,49,60
Cianna,shattered-hand,1552,paladin,retribution,52,19,33
Ямыч,ashenvale,1551,paladin,retribution,73,41,32
Davidas,drakthul,1551,paladin,retribution,79,41,38
Drylands,ravencrest,1551,paladin,retribution,54,28,26
Rhyvar,outland,1551,paladin,retribution,42,19,23
Dantrag,eredar,1551,paladin,retribution,72,31,41
Belnadris,eredar,1550,paladin,retribution,100,53,47
Àræs,archimonde,1550,paladin,retribution,107,51,56
Zayonix,amanthul,1549,paladin,retribution,37,25,12
Хельдотер,howling-fjord,1549,paladin,retribution,55,27,28
Arosyr,alleria,1548,paladin,retribution,66,37,29
Ämÿcüs,zuljin,1548,paladin,retribution,96,51,45
Ficsuur,ragnaros,1548,paladin,retribution,289,150,139
Vitacé,burning-legion,1548,paladin,retribution,90,43,47
Muuclear,twisting-nether,1548,paladin,retribution,63,26,37
Graeme,ysondre,1547,paladin,retribution,66,31,35
Цитрон,blackscar,1546,paladin,retribution,24,17,7
Лаитнем,gordunni,1546,paladin,retribution,66,40,26
Джагадаптер,gordunni,1546,paladin,retribution,188,103,85
Jonquiillee,dalaran,1546,paladin,retribution,83,43,40
Toxxor,die-arguswacht,1546,paladin,retribution,42,20,22
Wingcomandêr,aegwynn,1546,paladin,retribution,36,17,19
Glàdiator,outland,1546,paladin,retribution,128,56,72
Piti,burning-legion,1546,paladin,retribution,66,26,40
Letharen,argent-dawn,1545,paladin,retribution,32,17,15
Shénggi,kazzak,1545,paladin,retribution,42,20,22
Faxi,outland,1545,paladin,retribution,48,21,27
Fítzgerald,antonidas,1544,paladin,retribution,95,51,44
Медверус,gordunni,1544,paladin,retribution,71,38,33
Afhvahj,tichondrius,1544,paladin,retribution,218,108,110
Dalbo,aegwynn,1543,paladin,retribution,34,24,10
Мизуриэль,howling-fjord,1543,paladin,retribution,42,24,18
Armas,stormscale,1543,paladin,retribution,52,19,33
Glückskreuza,die-aldor,1542,paladin,retribution,36,22,14
Lawtõn,argent-dawn,1542,paladin,retribution,150,78,72
Draeymora,thrall,1542,paladin,retribution,127,65,62
Pav,eredar,1542,paladin,retribution,71,35,36
Kènpachî,blackrock,1542,paladin,retribution,48,22,26
Itsgossiplol,twisting-nether,1542,paladin,retribution,98,39,59
Interop,tarren-mill,1541,paladin,retribution,54,30,24
Bullsy,kazzak,1541,paladin,retribution,117,55,62
Nîcolascage,stormscale,1541,paladin,retribution,42,19,23
Zeldalòl,outland,1541,paladin,retribution,59,25,34
Arrious,frostmane,1540,paladin,retribution,53,28,25
Тэлматос,soulflayer,1540,paladin,retribution,78,39,39
Сангвиний,howling-fjord,1540,paladin,retribution,180,84,96
Thazyru,frostmane,1539,paladin,retribution,48,32,16
Hugins,chamber-of-aspects,1539,paladin,retribution,69,35,34
Jimrogier,argent-dawn,1539,paladin,retribution,120,60,60
Azlaya,sargeras,1539,paladin,retribution,154,73,81
Lycasia,hyjal,1537,paladin,retribution,84,36,48
Nocleanse,argent-dawn,1536,paladin,retribution,42,31,11
Lavawraith,argent-dawn,1536,paladin,retribution,34,17,17
Valhella,stormscale,1536,paladin,retribution,193,96,97
Supergallows,shattered-hand,1536,paladin,retribution,99,45,54
Blagori,blackhand,1535,paladin,retribution,30,20,10
Catar,arathor,1535,paladin,retribution,169,95,74
Blekadin,ragnaros,1535,paladin,retribution,122,63,59
Insanepvplol,archimonde,1534,paladin,retribution,24,16,8
Lowsonzretri,doomhammer,1534,paladin,retribution,48,25,23
Byakkospal,tarren-mill,1534,paladin,retribution,114,58,56
Násty,twisting-nether,1533,paladin,retribution,173,87,86
Saintys,sylvanas,1533,paladin,retribution,97,46,51
Howard,dalaran,1533,paladin,retribution,42,19,23
Zerad,quelthalas,1533,paladin,retribution,80,32,48
Хоулик,howling-fjord,1532,paladin,retribution,87,50,37
Saabnaab,outland,1532,paladin,retribution,227,130,97
Sikthorlan,ravencrest,1532,paladin,retribution,42,22,20
Opsyoudie,kazzak,1532,paladin,retribution,149,69,80
Mommy,darksorrow,1532,paladin,retribution,84,38,46
Theodór,antonidas,1532,paladin,retribution,107,48,59
Блатш,greymane,1532,paladin,retribution,67,23,44
Mofawilli,blackrock,1531,paladin,retribution,60,35,25
Hanksolos,drakthul,1531,paladin,retribution,40,22,18
Ryuzu,khazgoroth,1531,paladin,retribution,42,23,19
Gigajudge,ravencrest,1531,paladin,retribution,60,29,31
Créo,draenor,1531,paladin,retribution,60,28,32
Salelol,ravencrest,1531,paladin,retribution,66,23,43
Kawabanga,the-maelstrom,1529,paladin,retribution,46,25,21
Orti,sanguino,1529,paladin,retribution,89,48,41
Râoh,arathi,1529,paladin,retribution,90,46,44
Splasher,grim-batol,1529,paladin,retribution,120,61,59
Beefdaddyy,kazzak,1529,paladin,retribution,71,36,35
Báldür,silvermoon,1529,paladin,retribution,96,46,50
Krakr,ravencrest,1529,paladin,retribution,42,20,22
Riskha,archimonde,1528,paladin,retribution,63,40,23
Tharizod,nagrand,1528,paladin,retribution,69,34,35
Ришардебюр,soulflayer,1528,paladin,retribution,89,43,46
Синерина,blackscar,1527,paladin,retribution,107,57,50
Apokalipsnik,drakthul,1527,paladin,retribution,48,22,26
Хеллкик,howling-fjord,1527,paladin,retribution,79,35,44
Divinenoob,ravencrest,1526,paladin,retribution,54,30,24
Мётод,howling-fjord,1526,paladin,retribution,42,22,20
Artal,tarren-mill,1526,paladin,retribution,36,18,18
Sieghard,aegwynn,1525,paladin,retribution,212,108,104
Gashqx,hyjal,1524,paladin,retribution,69,44,25
Lightstrike,stormrage,1524,paladin,retribution,42,26,16
Mazekiel,archimonde,1524,paladin,retribution,54,29,25
Борссалино,gordunni,1524,paladin,retribution,111,54,57
Dragonlancer,silvermoon,1524,paladin,retribution,210,101,109
Gllorya,ragnaros,1524,paladin,retribution,70,31,39
Nataii,argent-dawn,1524,paladin,retribution,50,21,29
Valkyrjai,silvermoon,1523,paladin,retribution,71,32,39
Whiskeyx,lightbringer,1522,paladin,retribution,30,21,9
Røck,aggra-português,1522,paladin,retribution,165,88,77
Deathlyblaze,draenor,1521,paladin,retribution,60,33,27
Somixd,ragnaros,1521,paladin,retribution,283,142,141
Rudî,sanguino,1520,paladin,retribution,64,45,19
Imreallybadx,blackrock,1520,paladin,retribution,55,31,24
Девствениица,gordunni,1520,paladin,retribution,72,38,34
Tuppo,argent-dawn,1519,paladin,retribution,239,118,121
Buyamazon,kazzak,1519,paladin,retribution,36,17,19
Denlow,silvermoon,1518,paladin,retribution,126,68,58
Bailleya,drakthul,1518,paladin,retribution,107,46,61
Overgeared,twisting-nether,1517,paladin,retribution,165,96,69
Cos,stormscale,1517,paladin,retribution,52,28,24
Holyhannes,blackmoore,1517,paladin,retribution,30,16,14
Decain,twisting-nether,1517,paladin,retribution,30,16,14
Shroomez,frostmane,1517,paladin,retribution,51,25,26
Loani,dalaran,1517,paladin,retribution,36,16,20
Jcpd,drakthul,1517,paladin,retribution,52,20,32
Stinkytoes,draenor,1516,paladin,retribution,36,20,16
Ретриксвета,eversong,1516,paladin,retribution,36,16,20
Celerius,trollbane,1516,paladin,retribution,60,24,36
Omaw,ragnaros,1515,paladin,retribution,30,16,14
Wadey,tarren-mill,1515,paladin,retribution,90,45,45
Rapwnzel,sylvanas,1515,paladin,retribution,60,30,30
Гоудин,razuvious,1515,paladin,retribution,42,17,25
Jøøs,sargeras,1514,paladin,retribution,123,68,55
Hys,stormscale,1514,paladin,retribution,42,23,19
Kyrokonserve,blackmoore,1514,paladin,retribution,103,56,47
Deloréane,archimonde,1514,paladin,retribution,74,35,39
Ярослэйв,howling-fjord,1513,paladin,retribution,134,61,73
Taiiki,archimonde,1512,paladin,retribution,120,70,50
Akâshi,dalaran,1511,paladin,retribution,48,28,20
Lawlight,frostmane,1511,paladin,retribution,87,45,42
Osïrïs,kazzak,1511,paladin,retribution,156,73,83
Ïdø,hyjal,1511,paladin,retribution,120,49,71
Вэис,borean-tundra,1510,paladin,retribution,59,32,27
Стальгор,ashenvale,1510,paladin,retribution,30,16,14
Slipmax,eredar,1510,paladin,retribution,54,26,28
Kjobergen,tarren-mill,1510,paladin,retribution,36,16,20
Dodgerwilly,outland,1510,paladin,retribution,36,16,20
Impaross,shattrath,1509,paladin,retribution,159,87,72
Lestaf,the-maelstrom,1509,paladin,retribution,80,40,40
Myridan,bloodhoof,1509,paladin,retribution,72,35,37
Aroyul,silvermoon,1509,paladin,retribution,36,17,19
Snødunkern,outland,1509,paladin,retribution,108,44,64
Vedaar,dun-modr,1508,paladin,retribution,30,24,6
Nollieflip,tarren-mill,1508,paladin,retribution,36,18,18
Swânn,sanguino,1508,paladin,retribution,70,33,37
Runcarsnwpen,kazzak,1507,paladin,retribution,47,29,18
Ксенджин,gordunni,1507,paladin,retribution,58,29,29
Igrael,argent-dawn,1507,paladin,retribution,72,35,37
Iljanaqt,blackrock,1507,paladin,retribution,70,31,39
Истенен,blackscar,1507,paladin,retribution,90,39,51
Angelisho,zuljin,1507,paladin,retribution,127,53,74
Темплеар,gordunni,1507,paladin,retribution,96,37,59
Günselsen,antonidas,1506,paladin,retribution,291,151,140
Morninnstaar,kazzak,1506,paladin,retribution,42,20,22
Ulrhik,nemesis,1506,paladin,retribution,81,33,48
Paradoax,quelthalas,1505,paladin,retribution,30,16,14
Paellysuir,blackmoore,1505,paladin,retribution,158,77,81
Tazkaz,archimonde,1505,paladin,retribution,56,27,29
Tirral,ravencrest,1503,paladin,retribution,114,52,62
Séanors,archimonde,1502,paladin,retribution,22,17,5
Irini,sylvanas,1502,paladin,retribution,43,26,17
Daerthe,twisting-nether,1502,paladin,retribution,42,16,26
Elrandil,kazzak,1501,paladin,retribution,78,35,43
Olivaresx,ravencrest,1501,paladin,retribution,66,28,38
Vereth,tarren-mill,1501,paladin,retribution,54,22,32
Enveador,garrosh,1500,paladin,retribution,78,44,34
Svetijuju,kazzak,1500,paladin,retribution,113,61,52
Azûl,archimonde,1500,paladin,retribution,153,75,78
Воркаллес,gordunni,1499,paladin,retribution,104,61,43
Mattiesko,kazzak,1497,paladin,retribution,151,78,73
Celiath,draenor,1497,paladin,retribution,42,20,22
Válé,silvermoon,1497,paladin,retribution,92,42,50
Shmndr,kazzak,1496,paladin,retribution,46,25,21
Inkuboss,nemesis,1496,paladin,retribution,78,42,36
Galevar,argent-dawn,1496,paladin,retribution,174,88,86
Kurøneko,hyjal,1496,paladin,retribution,46,22,24
Кадаврициан,howling-fjord,1496,paladin,retribution,42,20,22
Arfeniel,stormscale,1496,paladin,retribution,138,64,74
Eärendil,drakthul,1496,paladin,retribution,72,32,40
Dananas,draenor,1496,paladin,retribution,72,27,45
Варблэйз,gordunni,1495,paladin,retribution,30,16,14
Azhrei,archimonde,1495,paladin,retribution,36,16,20
Lamohru,argent-dawn,1495,paladin,retribution,72,31,41
Cauze,ravencrest,1494,paladin,retribution,150,76,74
Hornybìlly,stormscale,1494,paladin,retribution,42,16,26
Skittlespala,twisting-nether,1493,paladin,retribution,47,33,14
Notdeadfred,silvermoon,1493,paladin,retribution,66,36,30
Неффко,howling-fjord,1493,paladin,retribution,76,38,38
Xawier,ghostlands,1493,paladin,retribution,72,36,36
Ampxd,ravencrest,1493,paladin,retribution,60,29,31
Avalindro,wrathbringer,1493,paladin,retribution,66,29,37
Stjeans,kazzak,1492,paladin,retribution,24,17,7
Kaitlyne,tarren-mill,1491,paladin,retribution,361,178,183
Unohana,shattered-halls,1491,paladin,retribution,124,58,66
Majk,hellscream,1491,paladin,retribution,91,40,51
Антитеррор,greymane,1490,paladin,retribution,36,17,19
Holyshied,silvermoon,1490,paladin,retribution,48,22,26
Ketherian,blutkessel,1490,paladin,retribution,64,23,41
Cassandrina,kazzak,1489,paladin,retribution,59,32,27
Sixqti,blackrock,1489,paladin,retribution,78,42,36
Riukÿ,nemesis,1489,paladin,retribution,53,27,26
Waks,dalaran,1489,paladin,retribution,36,16,20
Traýan,blackmoore,1488,paladin,retribution,30,18,12
Sonarix,blackrock,1488,paladin,retribution,51,26,25
Rèmi,pozzo-delleternità,1487,paladin,retribution,53,30,23
Paulìe,draenor,1487,paladin,retribution,48,24,24
Doxynator,silvermoon,1487,paladin,retribution,83,40,43
Bartelemeus,draenor,1487,paladin,retribution,36,17,19
Aurasis,archimonde,1487,paladin,retribution,48,19,29
Morniarn,argent-dawn,1486,paladin,retribution,96,54,42
Yømø,antonidas,1486,paladin,retribution,54,28,26
Pliscken,kazzak,1486,paladin,retribution,54,25,29
Цитология,borean-tundra,1485,paladin,retribution,138,79,59
Жанож,gordunni,1485,paladin,retribution,62,34,28
Indye,hyjal,1484,paladin,retribution,30,19,11
Мистеравадон,gordunni,1484,paladin,retribution,158,71,87
Салутан,thermaplugg,1483,paladin,retribution,299,143,156
Robdob,kazzak,1483,paladin,retribution,93,43,50
Crimq,twisting-nether,1483,paladin,retribution,35,16,19
Drivenlight,twisting-nether,1482,paladin,retribution,42,22,20
Clamjam,sylvanas,1482,paladin,retribution,96,39,57
Пурджпал,soulflayer,1481,paladin,retribution,90,49,41
Koami,blackmoore,1481,paladin,retribution,98,51,47
Blazehammer,drakthul,1481,paladin,retribution,45,19,26
Holymunt,sylvanas,1480,paladin,retribution,24,16,8
Zoltes,twisting-nether,1480,paladin,retribution,154,76,78
Llighthand,ravencrest,1480,paladin,retribution,38,16,22
Uxxer,sanguino,1479,paladin,retribution,41,23,18
Wrathlight,nemesis,1479,paladin,retribution,42,23,19
Remthas,argent-dawn,1479,paladin,retribution,212,113,99
Portgas,hyjal,1479,paladin,retribution,48,24,24
Vleisboom,ravencrest,1478,paladin,retribution,48,24,24
Havefunzqt,archimonde,1478,paladin,retribution,191,93,98
Лусейд,howling-fjord,1477,paladin,retribution,59,37,22
Lerîan,dun-modr,1477,paladin,retribution,127,68,59
Волатбай,gordunni,1476,paladin,retribution,78,43,35
Bloodpaly,silvermoon,1476,paladin,retribution,64,27,37
Savitri,drakthul,1475,paladin,retribution,48,27,21
Диваин,gordunni,1475,paladin,retribution,110,61,49
Ínvi,aegwynn,1475,paladin,retribution,69,34,35
Mimsy,dalaran,1475,paladin,retribution,159,78,81
Tobzin,argent-dawn,1474,paladin,retribution,72,37,35
Mograine,die-aldor,1474,paladin,retribution,192,97,95
Prelates,argent-dawn,1474,paladin,retribution,34,16,18
Melverti,kazzak,1473,paladin,retribution,30,17,13
Níthag,ragnaros,1473,paladin,retribution,30,16,14
Selaphíel,kazzak,1473,paladin,retribution,203,104,99
Шоринг,gordunni,1473,paladin,retribution,66,33,33
Snibsxpala,silvermoon,1473,paladin,retribution,41,20,21
Синдикатх,soulflayer,1472,paladin,retribution,155,85,70
Moodý,ragnaros,1472,paladin,retribution,106,52,54
Dvouklik,burning-blade,1471,paladin,retribution,77,44,33
Sebatrøz,ravencrest,1470,paladin,retribution,48,26,22
Emet,twisting-nether,1470,paladin,retribution,43,21,22
Brightgrove,silvermoon,1470,paladin,retribution,41,16,25
Тьёрн,gordunni,1469,paladin,retribution,60,31,29
Myrieni,silvermoon,1469,paladin,retribution,48,22,26
Эеомли,blackscar,1469,paladin,retribution,69,31,38
Palstarr,malorne,1468,paladin,retribution,46,23,23
Enolaer,ragnaros,1468,paladin,retribution,51,24,27
Craaw,archimonde,1468,paladin,retribution,83,34,49
Ippî,blackmoore,1467,paladin,retribution,37,23,14
Schôck,eredar,1467,paladin,retribution,33,16,17
Hydrath,ysondre,1467,paladin,retribution,96,46,50
Wolluna,frostwolf,1467,paladin,retribution,58,25,33
Annyaiva,outland,1467,paladin,retribution,72,30,42
Essenz,eredar,1466,paladin,retribution,80,32,48
Йзериль,howling-fjord,1465,paladin,retribution,46,27,19
Neêsoldr,blackmoore,1465,paladin,retribution,128,64,64
Bubblefett,ysera,1465,paladin,retribution,36,18,18
Stelanâal,archimonde,1465,paladin,retribution,104,51,53
Малоко,thermaplugg,1465,paladin,retribution,48,22,26
Хитвэйв,soulflayer,1465,paladin,retribution,35,16,19
Tracsiee,twisting-nether,1465,paladin,retribution,38,17,21
Llaynn,argent-dawn,1465,paladin,retribution,66,24,42
Тарйья,gordunni,1464,paladin,retribution,25,16,9
Leeroyjinks,twisting-nether,1464,paladin,retribution,36,21,15
Ashernos,tarren-mill,1464,paladin,retribution,41,22,19
Eken,hyjal,1464,paladin,retribution,42,22,20
Neltix,blackrock,1463,paladin,retribution,82,39,43
Tarenath,aegwynn,1463,paladin,retribution,35,16,19
Nowitzki,sanguino,1462,paladin,retribution,42,23,19
Uøx,blackrock,1462,paladin,retribution,30,16,14
Gazïel,kaelthas,1462,paladin,retribution,78,41,37
Torpala,burning-legion,1462,paladin,retribution,52,26,26
Loscar,silvermoon,1462,paladin,retribution,36,17,19
Baé,drakthul,1462,paladin,retribution,67,29,38
Neicha,trollbane,1461,paladin,retribution,30,17,13
Мизиола,galakrond,1461,paladin,retribution,132,72,60
Quaterbâck,antonidas,1461,paladin,retribution,56,28,28
Albz,laughing-skull,1461,paladin,retribution,36,17,19
Wälläce,sanguino,1461,paladin,retribution,41,16,25
Stellartois,thunderhorn,1461,paladin,retribution,49,17,32
Khouvec,tarren-mill,1460,paladin,retribution,30,19,11
Gymly,kazzak,1460,paladin,retribution,210,114,96
Malemanlad,silvermoon,1460,paladin,retribution,132,67,65
Teryanna,ragnaros,1460,paladin,retribution,74,29,45
Karthvitall,kaelthas,1459,paladin,retribution,36,20,16
Jiraaqi,silvermoon,1459,paladin,retribution,125,61,64
Kipperb,kazzak,1459,paladin,retribution,35,16,19
Хамили,gordunni,1459,paladin,retribution,78,35,43
Slayfer,dun-modr,1459,paladin,retribution,96,42,54
Zanreti,outland,1458,paladin,retribution,110,57,53
Humphry,vashj,1458,paladin,retribution,72,35,37
Deathlaf,argent-dawn,1458,paladin,retribution,42,19,23
Molenko,rexxar,1458,paladin,retribution,78,33,45
Chelan,thrall,1458,paladin,retribution,48,17,31
Ojn,tarren-mill,1457,paladin,retribution,42,28,14
Stfortt,ragnaros,1457,paladin,retribution,124,70,54
Leroya,blackrock,1457,paladin,retribution,35,18,17
Evililz,kazzak,1457,paladin,retribution,127,65,62
Jeriiret,khaz-modan,1457,paladin,retribution,92,46,46
Кветирон,soulflayer,1457,paladin,retribution,120,57,63
Frequencer,ragnaros,1457,paladin,retribution,66,28,38
Mataleo,archimonde,1456,paladin,retribution,99,63,36
Sheleftyou,stormreaver,1456,paladin,retribution,52,29,23
Ветрум,gordunni,1456,paladin,retribution,36,18,18
Tóxicpaladín,kazzak,1456,paladin,retribution,139,66,73
Phorios,agamaggan,1456,paladin,retribution,54,17,37
Elinmogz,kazzak,1454,paladin,retribution,26,16,10
Грузор,gordunni,1454,paladin,retribution,48,28,20
Серёжблондин,gordunni,1454,paladin,retribution,72,38,34
Melior,skullcrusher,1454,paladin,retribution,230,118,112
Puré,festung-der-stürme,1454,paladin,retribution,89,41,48
Холишокович,deathweaver,1454,paladin,retribution,66,29,37
Atemes,malorne,1453,paladin,retribution,27,17,10
Vangottwald,drakthul,1453,paladin,retribution,78,40,38
Baldivar,silvermoon,1452,paladin,retribution,72,40,32
Samueel,blackmoore,1452,paladin,retribution,90,49,41
Obé,argent-dawn,1451,paladin,retribution,329,180,149
Маркант,gordunni,1451,paladin,retribution,150,79,71
Legendaryxw,drakthul,1451,paladin,retribution,79,41,38
Сенлеида,gordunni,1451,paladin,retribution,103,52,51
Ðøñe,draenor,1451,paladin,retribution,58,29,29
Росиель,soulflayer,1451,paladin,retribution,110,53,57
Dd,blackmoore,1450,paladin,retribution,121,61,60
Айэмбомб,howling-fjord,1450,paladin,retribution,40,20,20
Kerstyxd,blackrock,1450,paladin,retribution,66,31,35
Тюрр,lich-king,1450,paladin,retribution,49,23,26
Ramro,magtheridon,1449,paladin,retribution,42,26,16
Holÿbeard,ravencrest,1449,paladin,retribution,72,42,30
Yaoiri,argent-dawn,1448,paladin,retribution,71,39,32
Oldsqlmofu,blackrock,1448,paladin,retribution,36,17,19
Kaarakartall,silvermoon,1447,paladin,retribution,30,19,11
Hanknpank,quelthalas,1447,paladin,retribution,40,24,16
Logikoma,tarren-mill,1447,paladin,retribution,54,30,24
Angelcore,tarren-mill,1447,paladin,retribution,187,95,92
Fatâl,antonidas,1447,paladin,retribution,63,28,35
Aaes,argent-dawn,1446,paladin,retribution,25,18,7
Dimes,argent-dawn,1446,paladin,retribution,25,18,7
Boabux,draenor,1446,paladin,retribution,104,55,49
Хиккудоджер,eversong,1446,paladin,retribution,232,122,110
Teìltaus,eredar,1446,paladin,retribution,60,28,32
Сакермвп,howling-fjord,1445,paladin,retribution,36,23,13
Mustach,aggra-português,1445,paladin,retribution,83,45,38
Крода,deepholm,1445,paladin,retribution,45,22,23
Parlma,naxxramas,1444,paladin,retribution,61,32,29
Feelmylight,tarren-mill,1444,paladin,retribution,35,16,19
Buddabob,antonidas,1444,paladin,retribution,139,56,83
Romfis,arathor,1443,paladin,retribution,78,44,34
Frutte,malganis,1443,paladin,retribution,60,33,27
Shrøømz,antonidas,1443,paladin,retribution,60,33,27
Zélix,bronzebeard,1443,paladin,retribution,113,58,55
Neverknõw,draenor,1442,paladin,retribution,38,21,17
Кариил,blackscar,1442,paladin,retribution,29,16,13
Бинур,eversong,1442,paladin,retribution,42,23,19
Jathx,silvermoon,1442,paladin,retribution,79,42,37
Llya,blackrock,1441,paladin,retribution,36,21,15
Unogym,dragonblight,1441,paladin,retribution,36,19,17
Nothonnest,archimonde,1440,paladin,retribution,34,23,11
Overheals,blackmoore,1440,paladin,retribution,24,16,8
Serethor,blackrock,1440,paladin,retribution,30,17,13
Palyx,cthun,1440,paladin,retribution,36,20,16
Hurmôk,tarren-mill,1440,paladin,retribution,109,56,53
Alithyra,earthen-ring,1440,paladin,retribution,97,49,48
Mííss,silvermoon,1440,paladin,retribution,84,42,42
Pak,amanthul,1440,paladin,retribution,45,18,27
Soossi,silvermoon,1439,paladin,retribution,24,15,9
Lééroÿ,sylvanas,1439,paladin,retribution,120,61,59
Naethan,malganis,1439,paladin,retribution,48,24,24
Андерлайт,azuregos,1439,paladin,retribution,41,19,22
Azovstal,terokkar,1438,paladin,retribution,30,19,11
Hogan,blackmoore,1438,paladin,retribution,42,23,19
Dinønuggets,ravencrest,1438,paladin,retribution,30,15,15
Auryel,nemesis,1438,paladin,retribution,84,39,45
Нэксти,howling-fjord,1438,paladin,retribution,59,27,32
Dijkie,boulderfist,1438,paladin,retribution,36,16,20
Flawx,blackmoore,1437,paladin,retribution,59,32,27
Jojomann,stormscale,1437,paladin,retribution,66,35,31
Ben,ghostlands,1437,paladin,retribution,42,22,20
Петуретрик,gordunni,1437,paladin,retribution,160,80,80
Aumium,sunstrider,1437,paladin,retribution,124,57,67
Chíllpills,silvermoon,1437,paladin,retribution,60,25,35
Mezzí,aegwynn,1436,paladin,retribution,48,27,21
Exceed,blackmoore,1436,paladin,retribution,30,15,15
Джибути,soulflayer,1436,paladin,retribution,105,51,54
Cornfalke,silvermoon,1435,paladin,retribution,30,19,11
Eazybubble,blackhand,1435,paladin,retribution,24,15,9
Ëlësilf,sanguino,1435,paladin,retribution,60,34,26
Storpixpala,drakthul,1435,paladin,retribution,108,60,48
Destroyer,archimonde,1435,paladin,retribution,36,15,21
Манддалорец,howling-fjord,1434,paladin,retribution,171,86,85
Fluppy,the-maelstrom,1434,paladin,retribution,48,20,28
Lipsvirgin,kazzak,1433,paladin,retribution,30,15,15
Xavios,eredar,1433,paladin,retribution,48,23,25
Doomgape,alakir,1433,paladin,retribution,100,42,58
Lezira,ravencrest,1433,paladin,retribution,36,15,21
Wordup,senjin,1433,paladin,retribution,42,15,27
Vanyon,malganis,1432,paladin,retribution,26,16,10
Артреал,blackscar,1432,paladin,retribution,96,56,40
Ethurospal,tarren-mill,1432,paladin,retribution,45,16,29
Aston,sylvanas,1431,paladin,retribution,66,28,38
Logossh,dun-modr,1430,paladin,retribution,26,16,10
Квемсис,ashenvale,1430,paladin,retribution,155,91,64
Devilsangel,antonidas,1430,paladin,retribution,88,37,51
Fîzè,blackmoore,1429,paladin,retribution,28,16,12
Гигаиисус,gordunni,1429,paladin,retribution,39,21,18
Thrinea,blackrock,1429,paladin,retribution,41,22,19
Roxter,burning-legion,1429,paladin,retribution,48,22,26
Valerner,argent-dawn,1427,paladin,retribution,48,26,22
Badpal,blackhand,1427,paladin,retribution,37,17,20
Radamanthes,ysondre,1426,paladin,retribution,96,50,46
Сазар,gordunni,1426,paladin,retribution,51,21,30
Rent,sylvanas,1425,paladin,retribution,24,15,9
Palladain,draenor,1425,paladin,retribution,76,45,31
Пивняк,eversong,1425,paladin,retribution,99,55,44
Lostfire,sinstralis,1425,paladin,retribution,30,15,15
Turskah,shattered-hand,1425,paladin,retribution,30,15,15
Unzufrieden,silvermoon,1425,paladin,retribution,84,36,48
Кериас,gordunni,1424,paladin,retribution,24,15,9
Адвакаад,soulflayer,1424,paladin,retribution,30,15,15
Malianterø,ravencrest,1424,paladin,retribution,149,65,84
Toompaa,ravencrest,1423,paladin,retribution,42,26,16
Thormentâ,sanguino,1423,paladin,retribution,30,18,12
Рэгнволд,deathguard,1423,paladin,retribution,70,37,33
Ruftadin,ragnaros,1423,paladin,retribution,72,32,40
Hehtmonghour,sanguino,1422,paladin,retribution,63,33,30
Jâybee,ravencrest,1422,paladin,retribution,66,34,32
Xalthan,defias-brotherhood,1422,paladin,retribution,42,21,21
Cracish,ragnaros,1422,paladin,retribution,30,15,15
Nillenkäse,antonidas,1421,paladin,retribution,24,15,9
Антрасс,soulflayer,1421,paladin,retribution,24,15,9
Feelinara,blackmoore,1421,paladin,retribution,66,36,30
Милостьрока,gordunni,1421,paladin,retribution,74,37,37
Knigh,draenor,1421,paladin,retribution,120,57,63
Flaweldin,ravencrest,1420,paladin,retribution,18,15,3
Софилион,gordunni,1420,paladin,retribution,75,40,35
Владыкасвета,borean-tundra,1420,paladin,retribution,123,64,59
Юлец,galakrond,1420,paladin,retribution,42,20,22
Aurroraa,doomhammer,1420,paladin,retribution,69,32,37
Barakisback,silvermoon,1419,paladin,retribution,74,43,31
Fredas,hyjal,1419,paladin,retribution,78,42,36
Juliea,aegwynn,1419,paladin,retribution,102,50,52
Raerion,ragnaros,1418,paladin,retribution,70,47,23
Aisolôn,thrall,1417,paladin,retribution,70,38,32
Finñ,sylvanas,1417,paladin,retribution,71,34,37
Pratt,deathwing,1417,paladin,retribution,68,31,37
Diamir,rajaxx,1417,paladin,retribution,51,20,31
Uraraka,burning-blade,1416,paladin,retribution,54,33,21
Fryl,quelthalas,1416,paladin,retribution,66,37,29
Ahnaa,argent-dawn,1416,paladin,retribution,149,78,71
Aisnil,twilights-hammer,1416,paladin,retribution,107,54,53
Holydhanas,outland,1416,paladin,retribution,30,15,15
Offa,draenor,1416,paladin,retribution,48,23,25
Ljumá,kazzak,1416,paladin,retribution,114,54,60
Unkillablee,stormscale,1415,paladin,retribution,70,38,32
Grobididi,malygos,1415,paladin,retribution,215,109,106
Lerie,ravencrest,1415,paladin,retribution,45,21,24
Найдэкер,gordunni,1415,paladin,retribution,42,15,27
Erthelios,silvermoon,1414,paladin,retribution,24,15,9
Primle,thrall,1413,paladin,retribution,82,46,36
Sangiorgio,nemesis,1413,paladin,retribution,88,42,46
Kæycc,blackmoore,1413,paladin,retribution,45,16,29
Zehnya,grim-batol,1412,paladin,retribution,267,137,130
Maegli,thrall,1412,paladin,retribution,30,15,15
Blooregard,nathrezim,1412,paladin,retribution,30,15,15
Жёстиксхилер,howling-fjord,1412,paladin,retribution,64,27,37
Синфуледи,gordunni,1412,paladin,retribution,66,23,43
Kptayn,archimonde,1411,paladin,retribution,61,33,28
Lukeus,the-maelstrom,1411,paladin,retribution,84,45,39
Hàsbulla,khaz-modan,1411,paladin,retribution,160,81,79
Thaldrael,colinas-pardas,1411,paladin,retribution,30,15,15
Whatapity,silvermoon,1411,paladin,retribution,60,24,36
Pállis,ravencrest,1410,paladin,retribution,24,16,8
Iklohz,sanguino,1410,paladin,retribution,76,43,33
Timôro,archimonde,1410,paladin,retribution,60,31,29
Horgar,nagrand,1410,paladin,retribution,100,51,49
Izolated,aegwynn,1410,paladin,retribution,78,34,44
Demecir,twisting-nether,1409,paladin,retribution,24,16,8
Kaelthir,bladefist,1409,paladin,retribution,47,30,17
Freedomwinds,kazzak,1409,paladin,retribution,36,15,21
Atanasum,dun-modr,1408,paladin,retribution,60,32,28
Holyblast,shattered-hand,1407,paladin,retribution,30,23,7
Vlodthar,uldum,1407,paladin,retribution,42,25,17
Grapaladin,sanguino,1406,paladin,retribution,44,23,21
Jac,nemesis,1406,paladin,retribution,205,99,106
Hammertime,guldan,1406,paladin,retribution,72,33,39
Ваэлин,deathweaver,1406,paladin,retribution,40,16,24
Амнон,goldrinn,1405,paladin,retribution,45,22,23
Veliios,silvermoon,1405,paladin,retribution,68,33,35
Ryaz,blackrock,1404,paladin,retribution,24,15,9
Maltazar,arygos,1404,paladin,retribution,24,15,9
Fleshoflight,arathor,1404,paladin,retribution,45,27,18
Ashent,stormscale,1404,paladin,retribution,76,38,38
Noxxiê,blackmoore,1404,paladin,retribution,42,21,21
Lìmier,ysondre,1404,paladin,retribution,36,17,19
Quordthor,sanguino,1404,paladin,retribution,42,19,23
Móóñý,silvermoon,1403,paladin,retribution,36,18,18
Наолина,gordunni,1403,paladin,retribution,94,45,49
Блуудс,howling-fjord,1403,paladin,retribution,55,25,30
Animouse,drakthul,1402,paladin,retribution,35,24,11
Oûtplâyêd,blackmoore,1402,paladin,retribution,30,19,11
Вессори,blackscar,1402,paladin,retribution,32,17,15
Swan,chogall,1402,paladin,retribution,48,23,25
Zenfret,kazzak,1401,paladin,retribution,28,16,12
Argonak,sanguino,1401,paladin,retribution,96,49,47
Pyronort,eredar,1400,paladin,retribution,42,24,18
Nessùm,hyjal,1400,paladin,retribution,108,52,56
Aasimar,twilights-hammer,1399,paladin,retribution,236,121,115
Artplex,ravencrest,1398,paladin,retribution,75,48,27
Æthëlflæd,ravencrest,1398,paladin,retribution,115,67,48
Crazzylight,kazzak,1398,paladin,retribution,86,41,45
Benno,dun-modr,1398,paladin,retribution,106,47,59
Aderos,sylvanas,1397,paladin,retribution,24,15,9
Ekzykes,ravencrest,1397,paladin,retribution,24,15,9
Эсканор,galakrond,1397,paladin,retribution,38,18,20
Rosallyn,argent-dawn,1397,paladin,retribution,89,35,54
Холигор,deathguard,1396,paladin,retribution,72,34,38
Vendikor,nemesis,1396,paladin,retribution,156,69,87
Mashijudge,blackhand,1395,paladin,retribution,66,36,30
Jackub,draenor,1395,paladin,retribution,50,27,23
Andocay,das-syndikat,1395,paladin,retribution,102,51,51
Slipoj,blackhand,1395,paladin,retribution,42,21,21
Баблспула,soulflayer,1395,paladin,retribution,133,63,70
Тельбрук,gordunni,1395,paladin,retribution,34,15,19
Bobilous,twisting-nether,1395,paladin,retribution,42,15,27
Eulion,burning-legion,1394,paladin,retribution,18,15,3
Sickbolt,eredar,1394,paladin,retribution,113,59,54
Esdras,sanguino,1394,paladin,retribution,210,105,105
Syracx,blackhand,1394,paladin,retribution,102,49,53
Sîlversun,grim-batol,1394,paladin,retribution,36,15,21
Hydarr,twisting-nether,1393,paladin,retribution,86,48,38
Vorber,darksorrow,1393,paladin,retribution,35,15,20
Valunajhnwar,azuremyst,1393,paladin,retribution,54,21,33
Lovetospoonn,ravencrest,1392,paladin,retribution,42,25,17
Velikor,dun-modr,1392,paladin,retribution,30,16,14
Whitebreeze,sanguino,1392,paladin,retribution,88,44,44
Paajaxd,drakthul,1391,paladin,retribution,42,20,22
Humangüy,kazzak,1391,paladin,retribution,47,15,32
Trefino,blackrock,1390,paladin,retribution,24,15,9
Leoniidas,cthun,1390,paladin,retribution,59,27,32
Ventsi,kazzak,1389,paladin,retribution,224,118,106
Vaako,blackrock,1389,paladin,retribution,50,25,25
Асшура,howling-fjord,1389,paladin,retribution,46,21,25
Dramaking,the-maelstrom,1388,paladin,retribution,46,22,24
Адирон,booty-bay,1387,paladin,retribution,24,19,5
Wisupl,silvermoon,1387,paladin,retribution,42,29,13
Booyaahh,ravencrest,1387,paladin,retribution,48,26,22
Вандиир,soulflayer,1387,paladin,retribution,58,30,28
Valerionn,blackmoore,1387,paladin,retribution,49,24,25
Fumaça,dun-modr,1386,paladin,retribution,119,66,53
Raerk,dalaran,1386,paladin,retribution,157,86,71
Zandorath,argent-dawn,1386,paladin,retribution,54,24,30
Alvagur,zirkel-des-cenarius,1385,paladin,retribution,52,28,24
Protos,ambossar,1385,paladin,retribution,60,28,32
Spartain,draenor,1385,paladin,retribution,60,27,33
Malagat,die-todeskrallen,1384,paladin,retribution,72,34,38
Mareshki,outland,1384,paladin,retribution,66,29,37
Tivv,blackhand,1384,paladin,retribution,35,15,20
Støøk,shendralar,1383,paladin,retribution,95,50,45
Chimurei,silvermoon,1383,paladin,retribution,66,33,33
Держимордва,razuvious,1383,paladin,retribution,36,16,20
Таурусс,booty-bay,1380,paladin,retribution,84,40,44
Dmytropal,draenor,1380,paladin,retribution,36,17,19
Teenage,colinas-pardas,1379,paladin,retribution,23,15,8
Perrinaybull,magtheridon,1379,paladin,retribution,50,21,29
Sacredlol,blackmoore,1378,paladin,retribution,51,17,34
Aury,mannoroth,1377,paladin,retribution,30,19,11
Fizzyy,ragnaros,1377,paladin,retribution,35,17,18
Penknife,ravencrest,1377,paladin,retribution,74,35,39
Retgaffeooku,conseil-des-ombres,1376,paladin,retribution,66,35,31
Juozas,argent-dawn,1376,paladin,retribution,36,16,20
Snackzy,twisting-nether,1376,paladin,retribution,120,53,67
Sanduciorba,chamber-of-aspects,1375,paladin,retribution,53,29,24
Straxotia,twisting-nether,1375,paladin,retribution,48,26,22
Walladin,stormscale,1375,paladin,retribution,93,45,48
Diviney,twisting-nether,1374,paladin,retribution,29,15,14
Бладиполи,soulflayer,1374,paladin,retribution,30,15,15
Nozgot,chromaggus,1373,paladin,retribution,30,15,15
Блейзерфайт,eversong,1373,paladin,retribution,52,23,29
Retenki,draenor,1373,paladin,retribution,36,15,21
Bezúziusz,ragnaros,1372,paladin,retribution,56,30,26
Hogsy,malfurion,1372,paladin,retribution,54,26,28
Aleixodolphi,argent-dawn,1372,paladin,retribution,197,86,111
Telredor,rexxar,1372,paladin,retribution,42,15,27
Burstyléz,silvermoon,1371,paladin,retribution,47,27,20
Kreyvin,argent-dawn,1371,paladin,retribution,100,47,53
Hazorarh,argent-dawn,1370,paladin,retribution,31,17,14
Duckiboy,ragnaros,1370,paladin,retribution,138,74,64
Windsor,argent-dawn,1370,paladin,retribution,111,54,57
Mexou,la-croisade-écarlate,1370,paladin,retribution,42,20,22
Moraru,neptulon,1369,paladin,retribution,94,42,52
Beyma,twisting-nether,1368,paladin,retribution,29,15,14
Monkeylight,ambossar,1368,paladin,retribution,64,32,32
Goldhand,vashj,1368,paladin,retribution,72,34,38
Uwelist,arathor,1368,paladin,retribution,85,40,45
Nomurabeta,naxxramas,1368,paladin,retribution,62,29,33
Lightstormi,norgannon,1367,paladin,retribution,74,42,32
Judgement,the-maelstrom,1367,paladin,retribution,48,25,23
Бэдбой,howling-fjord,1367,paladin,retribution,72,35,37
Архэла,gordunni,1367,paladin,retribution,65,29,36
Fëanôr,tarren-mill,1366,paladin,retribution,344,184,160
Bladê,kazzak,1365,paladin,retribution,33,19,14
Rodakinos,outland,1365,paladin,retribution,58,33,25
Snobypala,onyxia,1365,paladin,retribution,55,30,25
Azaël,illidan,1365,paladin,retribution,40,20,20
Curtwizz,silvermoon,1364,paladin,retribution,45,22,23
Dhb,darksorrow,1364,paladin,retribution,37,16,21
Hisblade,emerald-dream,1363,paladin,retribution,39,22,17
Sagittaxx,kazzak,1363,paladin,retribution,116,60,56
Террорх,blackscar,1363,paladin,retribution,60,23,37
Лефша,soulflayer,1362,paladin,retribution,47,32,15
Panthalassá,argent-dawn,1361,paladin,retribution,70,36,34
Викиллер,grom,1361,paladin,retribution,72,37,35
Teho,dragonblight,1360,paladin,retribution,251,128,123
Pascual,magtheridon,1360,paladin,retribution,56,27,29
Vorsip,tarren-mill,1360,paladin,retribution,42,19,23
Exiztant,ravencrest,1359,paladin,retribution,105,61,44
Orzix,sylvanas,1359,paladin,retribution,53,30,23
Эзарх,gordunni,1359,paladin,retribution,58,29,29
Goosybumpy,draenor,1359,paladin,retribution,48,19,29
Кенториус,soulflayer,1358,paladin,retribution,78,48,30
Ayàhuazka,ysondre,1358,paladin,retribution,156,72,84
Тромбб,soulflayer,1358,paladin,retribution,36,15,21
Тирлас,gordunni,1358,paladin,retribution,48,19,29
Nicolae,colinas-pardas,1357,paladin,retribution,36,16,20
Джекадамс,gordunni,1357,paladin,retribution,231,97,134
Brigholm,argent-dawn,1357,paladin,retribution,74,30,44
Dehanath,draenor,1356,paladin,retribution,79,40,39
Tscheba,kazzak,1356,paladin,retribution,33,16,17
Светонносец,gordunni,1356,paladin,retribution,176,82,94
Гучив,howling-fjord,1354,paladin,retribution,48,27,21
Apolomaeuz,blackhand,1354,paladin,retribution,36,20,16
Цвандр,gordunni,1354,paladin,retribution,128,66,62
Âlßêdø,silvermoon,1354,paladin,retribution,84,43,41
Stocks,burning-blade,1354,paladin,retribution,30,15,15
Bloodlord,twisting-nether,1354,paladin,retribution,67,30,37
Ilovemylay,area-52,1354,paladin,retribution,39,16,23
Càrláßrùní,hyjal,1353,paladin,retribution,42,25,17
Lukinio,silvermoon,1353,paladin,retribution,139,65,74
Tríbunus,blackmoore,1352,paladin,retribution,37,19,18
Илюшагодх,gordunni,1351,paladin,retribution,60,32,28
Iamnami,earthen-ring,1351,paladin,retribution,58,23,35
Arien,zuljin,1350,paladin,retribution,72,36,36
Troublebuble,silvermoon,1350,paladin,retribution,68,30,38
Singedth,defias-brotherhood,1349,paladin,retribution,75,41,34
Thyalon,ragnaros,1349,paladin,retribution,96,52,44
Хоулишит,blackscar,1348,paladin,retribution,48,31,17
Tønyx,les-clairvoyants,1346,paladin,retribution,38,16,22
Sheaps,les-sentinelles,1346,paladin,retribution,36,15,21
Zeyz,defias-brotherhood,1345,paladin,retribution,78,39,39
Darnero,blackrock,1344,paladin,retribution,36,21,15
Ljusbågen,silvermoon,1344,paladin,retribution,34,18,16
Suge,azjolnerub,1344,paladin,retribution,58,29,29
Hèmera,archimonde,1344,paladin,retribution,30,15,15
Budweison,silvermoon,1344,paladin,retribution,54,22,32
Anatollia,silvermoon,1343,paladin,retribution,24,14,10
Prosteprazak,ragnaros,1343,paladin,retribution,45,20,25
Защешот,gordunni,1343,paladin,retribution,36,14,22
Djmontana,archimonde,1343,paladin,retribution,36,14,22
Vhalkur,dun-modr,1342,paladin,retribution,24,14,10
Limitlez,blackhand,1342,paladin,retribution,24,14,10
Израф,borean-tundra,1342,paladin,retribution,36,14,22
Evölution,frostmane,1342,paladin,retribution,36,14,22
Hislifelmao,kazzak,1342,paladin,retribution,36,14,22
Ðox,frostmane,1341,paladin,retribution,18,14,4
Notsomuch,alakir,1341,paladin,retribution,57,30,27
Тайронх,soulflayer,1341,paladin,retribution,30,14,16
Chocbear,tarren-mill,1341,paladin,retribution,30,14,16
Hella,dunemaul,1340,paladin,retribution,53,28,25
Мильфорд,eversong,1340,paladin,retribution,132,67,65
Brölin,sanguino,1340,paladin,retribution,48,22,26
Dwangl,silvermoon,1339,paladin,retribution,36,18,18
Uweósas,aegwynn,1339,paladin,retribution,54,22,32
Платинум,blackscar,1339,paladin,retribution,36,14,22
Destya,eredar,1339,paladin,retribution,36,14,22
Mootaindew,tarren-mill,1338,paladin,retribution,48,33,15
Gunpowderx,silvermoon,1338,paladin,retribution,30,14,16
Demool,the-maelstrom,1338,paladin,retribution,47,21,26
Krullfar,ravencrest,1338,paladin,retribution,45,18,27
Kaní,eredar,1338,paladin,retribution,36,14,22
Screâm,eredar,1338,paladin,retribution,42,14,28
Mendril,malorne,1337,paladin,retribution,42,27,15
Ahzut,rashgarroth,1337,paladin,retribution,30,15,15
Émilia,frostwolf,1337,paladin,retribution,46,18,28
Mezø,silvermoon,1337,paladin,retribution,36,14,22
Proximo,burning-legion,1336,paladin,retribution,24,14,10
Lightmyst,outland,1336,paladin,retribution,24,14,10
Сиаобэла,gordunni,1336,paladin,retribution,24,14,10
Töphuria,silvermoon,1336,paladin,retribution,71,35,36
Дджаб,booty-bay,1335,paladin,retribution,76,34,42
Arkura,nozdormu,1334,paladin,retribution,30,18,12
Zipoohun,arathor,1334,paladin,retribution,97,52,45
Serkunkoira,emeriss,1334,paladin,retribution,36,19,17
Кранштейн,gordunni,1334,paladin,retribution,36,17,19
Neithi,twisting-nether,1334,paladin,retribution,30,14,16
Легейнда,soulflayer,1334,paladin,retribution,30,14,16
Wingdude,ysera,1333,paladin,retribution,24,14,10
Yuopps,draenor,1333,paladin,retribution,30,17,13
Vaníos,nazjatar,1333,paladin,retribution,34,19,15
Fløcki,blackhand,1333,paladin,retribution,30,14,16
Garthoronir,antonidas,1333,paladin,retribution,39,15,24
Forneus,nemesis,1332,paladin,retribution,108,58,50
Ludø,ysondre,1332,paladin,retribution,44,23,21
Zala,culte-de-la-rive-noire,1332,paladin,retribution,30,14,16
Crawladin,eonar,1332,paladin,retribution,59,24,35
Amnell,marécage-de-zangar,1330,paladin,retribution,36,17,19
Wøømy,hyjal,1330,paladin,retribution,82,37,45
Imoss,hyjal,1329,paladin,retribution,36,22,14
Dayr,sylvanas,1329,paladin,retribution,49,24,25
Blubbajoe,blackmoore,1329,paladin,retribution,36,15,21
Ædrenn,archimonde,1329,paladin,retribution,42,14,28
Egx,draenor,1328,paladin,retribution,36,15,21
Эррор,azuregos,1327,paladin,retribution,30,17,13
Ханпаладин,howling-fjord,1327,paladin,retribution,66,37,29
Jagen,tyrande,1327,paladin,retribution,81,41,40
Yngild,antonidas,1327,paladin,retribution,30,14,16
Paliax,outland,1327,paladin,retribution,30,14,16
Shtaladin,sylvanas,1327,paladin,retribution,158,72,86
Endar,drakthul,1327,paladin,retribution,48,21,27
Revinox,silvermoon,1326,paladin,retribution,53,31,22
Tomiris,twisting-nether,1326,paladin,retribution,41,20,21
Milojcica,kazzak,1325,paladin,retribution,22,15,7
Áramor,blackmoore,1325,paladin,retribution,29,16,13
Doubtfire,tarren-mill,1325,paladin,retribution,30,14,16
Arthuriân,outland,1325,paladin,retribution,48,21,27
Кливерти,gordunni,1325,paladin,retribution,36,14,22
Hegazy,darkmoon-faire,1325,paladin,retribution,66,23,43
Xinti,silvermoon,1324,paladin,retribution,23,14,9
Enriel,temple-noir,1324,paladin,retribution,30,16,14
Érléuchtas,kazzak,1324,paladin,retribution,46,24,22
Yull,twisting-nether,1324,paladin,retribution,65,32,33
Эйтэр,howling-fjord,1324,paladin,retribution,48,14,34
Ùthër,silvermoon,1323,paladin,retribution,81,41,40
Brightening,kazzak,1323,paladin,retribution,42,17,25
Thëone,exodar,1322,paladin,retribution,58,33,25
Ironstealman,shattered-hand,1322,paladin,retribution,72,28,44
Mantinel,hellfire,1321,paladin,retribution,38,24,14
Палочка,howling-fjord,1321,paladin,retribution,114,58,56
Mooses,stormscale,1321,paladin,retribution,75,37,38
Shröömïë,silvermoon,1321,paladin,retribution,152,72,80
Sweetkick,archimonde,1320,paladin,retribution,24,14,10
Hagën,minahonda,1320,paladin,retribution,65,32,33
Gélan,stormscale,1320,paladin,retribution,101,47,54
Lìdspridaren,xavius,1319,paladin,retribution,30,14,16
Athain,sanguino,1319,paladin,retribution,30,14,16
Kirlight,blackrock,1318,paladin,retribution,24,14,10
Belldog,tarren-mill,1318,paladin,retribution,54,25,29
Klittsurf,bloodhoof,1317,paladin,retribution,66,39,27
Gigap,ragnaros,1317,paladin,retribution,52,21,31
Muradun,aegwynn,1316,paladin,retribution,42,20,22
Edwards,sanguino,1315,paladin,retribution,36,18,18
Assyr,blackmoore,1314,paladin,retribution,41,22,19
Äthénâ,archimonde,1314,paladin,retribution,41,16,25
Horran,archimonde,1313,paladin,retribution,29,14,15
Fishnchips,twisting-nether,1313,paladin,retribution,30,14,16
Valaeryanae,nemesis,1313,paladin,retribution,42,18,24
Дэвсон,greymane,1313,paladin,retribution,36,14,22
Foxare,burning-legion,1312,paladin,retribution,53,29,24
Пепсекольный,soulflayer,1312,paladin,retribution,48,25,23
Sparrda,dun-modr,1310,paladin,retribution,72,36,36
Olaghkan,dun-modr,1310,paladin,retribution,50,25,25
Арморих,gordunni,1310,paladin,retribution,28,14,14
Нероблр,gordunni,1310,paladin,retribution,31,15,16
Gojesi,silvermoon,1310,paladin,retribution,88,38,50
Thebestpala,tarren-mill,1310,paladin,retribution,44,19,25
Депреседмодх,soulflayer,1309,paladin,retribution,51,29,22
Amberkå,burning-legion,1309,paladin,retribution,30,16,14
Nardindindou,ysondre,1309,paladin,retribution,170,86,84
Белкоксю,booty-bay,1309,paladin,retribution,102,47,55
Варасса,grom,1309,paladin,retribution,36,16,20
Маразоточка,howling-fjord,1308,paladin,retribution,54,24,30
Blodin,silvermoon,1308,paladin,retribution,36,14,22
Erin,wildhammer,1307,paladin,retribution,56,28,28
Nevermoore,doomhammer,1307,paladin,retribution,57,27,30
Ryozupala,frostwolf,1306,paladin,retribution,24,15,9
Zethadin,kazzak,1306,paladin,retribution,27,15,12
Молотоборец,gordunni,1306,paladin,retribution,110,60,50
Kaizêr,silvermoon,1306,paladin,retribution,97,46,51
Palangel,eldrethalas,1306,paladin,retribution,132,61,71
Slageth,argent-dawn,1306,paladin,retribution,42,17,25
Боевикс,ashenvale,1305,paladin,retribution,54,28,26
Asunea,silvermoon,1305,paladin,retribution,64,33,31
Købìtø,archimonde,1304,paladin,retribution,88,41,47
Tomkü,burning-legion,1304,paladin,retribution,46,18,28
Беймикс,gordunni,1303,paladin,retribution,78,39,39
Эезекииль,howling-fjord,1302,paladin,retribution,101,54,47
Mosih,bloodfeather,1300,paladin,retribution,86,53,33
Nelasson,eredar,1299,paladin,retribution,32,18,14
Angarx,draenor,1299,paladin,retribution,139,70,69
Darhuun,antonidas,1299,paladin,retribution,99,47,52
Lightheartx,argent-dawn,1299,paladin,retribution,61,24,37
Jackypala,ravencrest,1298,paladin,retribution,48,25,23
Yunax,silvermoon,1297,paladin,retribution,52,29,23
Truezero,draenor,1297,paladin,retribution,42,23,19
Хен,blackscar,1296,paladin,retribution,68,35,33
Bonzai,blackrock,1296,paladin,retribution,146,72,74
Elení,thrall,1296,paladin,retribution,37,15,22
Ретриванлав,gordunni,1296,paladin,retribution,72,24,48
Raweo,kilrogg,1294,paladin,retribution,78,47,31
Teliriyon,blackrock,1294,paladin,retribution,44,19,25
Holaa,blackrock,1294,paladin,retribution,36,14,22
Plésmo,blackmoore,1293,paladin,retribution,53,27,26
Bettemý,tarren-mill,1292,paladin,retribution,24,15,9
Baxteria,dun-modr,1292,paladin,retribution,66,27,39
Shuler,silvermoon,1290,paladin,retribution,100,56,44
Goatti,lightnings-blade,1290,paladin,retribution,47,23,24
Icearth,pozzo-delleternità,1290,paladin,retribution,206,100,106
Ahramanyu,blackrock,1289,paladin,retribution,48,23,25
Gaizilla,burning-blade,1287,paladin,retribution,51,29,22
Balthassar,kirin-tor,1287,paladin,retribution,126,59,67
Чотут,howling-fjord,1287,paladin,retribution,54,22,32
Святорусс,gordunni,1286,paladin,retribution,142,61,81
Epoke,archimonde,1285,paladin,retribution,36,21,15
Wumbo,sinstralis,1284,paladin,retribution,48,27,21
Sylazz,blackrock,1284,paladin,retribution,205,102,103
Anndersen,aszune,1284,paladin,retribution,36,17,19
Yrgin,ravencrest,1283,paladin,retribution,251,126,125
Holylimx,draenor,1283,paladin,retribution,114,56,58
Miqee,burning-legion,1283,paladin,retribution,47,20,27
Derian,antonidas,1283,paladin,retribution,54,22,32
Тэмплари,galakrond,1282,paladin,retribution,105,52,53
Aipal,silvermoon,1282,paladin,retribution,36,14,22
Bärghest,sanguino,1281,paladin,retribution,54,33,21
Mughena,kazzak,1281,paladin,retribution,36,16,20
Vvaarok,blackmoore,1281,paladin,retribution,83,35,48
Bjoorrn,hyjal,1280,paladin,retribution,31,15,16
Enary,zuljin,1280,paladin,retribution,44,20,24
Dieversity,stormscale,1280,paladin,retribution,41,16,25
Масачусетсс,gordunni,1278,paladin,retribution,60,32,28
Shädyss,hyjal,1278,paladin,retribution,129,67,62
Palantex,drakthul,1278,paladin,retribution,84,35,49
Furmund,stormscale,1277,paladin,retribution,44,25,19
Hornox,ragnaros,1277,paladin,retribution,59,30,29
Algoric,suramar,1277,paladin,retribution,78,29,49
Nazdarvole,drakthul,1276,paladin,retribution,92,48,44
Judgemented,turalyon,1276,paladin,retribution,92,46,46
Zulem,grim-batol,1276,paladin,retribution,36,17,19
Ïnata,khaz-modan,1276,paladin,retribution,50,22,28
Snowydin,tarren-mill,1275,paladin,retribution,36,22,14
Крусейд,deathguard,1275,paladin,retribution,77,37,40
Aegend,antonidas,1275,paladin,retribution,169,79,90
Gavril,bloodfeather,1274,paladin,retribution,132,63,69
Sødaz,hyjal,1273,paladin,retribution,108,50,58
Kaljir,archimonde,1272,paladin,retribution,27,15,12
Миссйеллоу,gordunni,1272,paladin,retribution,29,14,15
Lightmonger,drakthul,1271,paladin,retribution,30,17,13
Palabido,nemesis,1271,paladin,retribution,364,177,187
Лейфи,howling-fjord,1271,paladin,retribution,48,23,25
Hammexõr,sylvanas,1271,paladin,retribution,87,39,48
Fauel,burning-legion,1269,paladin,retribution,86,36,50
Greyeyed,kazzak,1269,paladin,retribution,44,17,27
Эльбабло,lich-king,1268,paladin,retribution,45,21,24
Gotra,stormscale,1268,paladin,retribution,57,25,32
Перизкопец,gordunni,1267,paladin,retribution,32,17,15
Ocgynle,alonsus,1267,paladin,retribution,231,122,109
Auditõr,argent-dawn,1267,paladin,retribution,85,32,53
Флаила,ashenvale,1266,paladin,retribution,101,53,48
Cästiël,arathor,1266,paladin,retribution,131,66,65
Antón,dun-modr,1266,paladin,retribution,36,16,20
Conserva,jaedenar,1265,paladin,retribution,52,32,20
Irinor,rashgarroth,1265,paladin,retribution,48,24,24
Syng,garona,1265,paladin,retribution,42,18,24
Spizz,dun-modr,1265,paladin,retribution,36,14,22
Кэшбэкер,fordragon,1264,paladin,retribution,36,19,17
Sufrion,outland,1263,paladin,retribution,81,42,39
Pwnyú,aegwynn,1263,paladin,retribution,36,15,21
Stepamusicz,stormreaver,1261,paladin,retribution,72,39,33
Hemdâl,kirin-tor,1261,paladin,retribution,72,37,35
Owiganowi,ulduar,1260,paladin,retribution,36,22,14
Tidus,conseil-des-ombres,1260,paladin,retribution,48,21,27
Questos,burning-legion,1259,paladin,retribution,81,48,33
Zvirblis,chamber-of-aspects,1259,paladin,retribution,45,25,20
Demsi,ravencrest,1259,paladin,retribution,26,14,12
Rothmans,aggra-português,1259,paladin,retribution,60,30,30
Uragan,blackmoore,1259,paladin,retribution,98,48,50
Takaret,hyjal,1259,paladin,retribution,151,71,80
Soulglo,ragnaros,1259,paladin,retribution,72,29,43
Émøùki,dalaran,1258,paladin,retribution,41,19,22
Karnage,zenedar,1257,paladin,retribution,97,48,49
Viiri,burning-legion,1256,paladin,retribution,113,59,54
Zâre,sanguino,1256,paladin,retribution,113,56,57
Palaur,silvermoon,1256,paladin,retribution,42,15,27
Akelad,arathor,1256,paladin,retribution,51,14,37
Seigi,tarren-mill,1255,paladin,retribution,68,35,33
Carpetcummer,ravencrest,1255,paladin,retribution,36,15,21
Руказакона,deathguard,1255,paladin,retribution,121,50,71
Edyk,silvermoon,1254,paladin,retribution,113,62,51
Bitether,burning-legion,1254,paladin,retribution,36,17,19
Миоцуки,gordunni,1254,paladin,retribution,82,37,45
Faithsmemory,silvermoon,1254,paladin,retribution,74,31,43
Watie,thunderhorn,1253,paladin,retribution,44,25,19
Trollarage,confrérie-du-thorium,1253,paladin,retribution,60,30,30
Sherulz,sylvanas,1252,paladin,retribution,36,22,14
Hollylady,outland,1251,paladin,retribution,42,25,17
Shorella,malganis,1251,paladin,retribution,59,33,26
Troj,ahnqiraj,1251,paladin,retribution,95,51,44
Pytha,nozdormu,1251,paladin,retribution,136,73,63
Eagleone,shattrath,1251,paladin,retribution,62,30,32
Zemoss,kazzak,1250,paladin,retribution,35,21,14
Dàrkùsh,archimonde,1250,paladin,retribution,65,33,32
Steakenstein,nathrezim,1250,paladin,retribution,131,66,65
Kyríé,tarren-mill,1250,paladin,retribution,30,14,16
Tavyy,sylvanas,1249,paladin,retribution,51,39,12
Gxdéon,hyjal,1249,paladin,retribution,75,42,33
Snottybrat,draenor,1249,paladin,retribution,86,45,41
Barqin,ragnaros,1249,paladin,retribution,55,27,28
Zoomzoom,sylvanas,1249,paladin,retribution,46,20,26
Patriok,moonglade,1248,paladin,retribution,24,15,9
Swagged,kazzak,1248,paladin,retribution,58,28,30
Retdream,nemesis,1247,paladin,retribution,18,13,5
Kaedena,kaelthas,1247,paladin,retribution,42,24,18
Tressah,silvermoon,1247,paladin,retribution,63,35,28
Liadrineá,burning-blade,1247,paladin,retribution,24,13,11
Nissesolsken,outland,1247,paladin,retribution,24,13,11
Xanrian,kazzak,1247,paladin,retribution,24,13,11
Gonhilda,kazzak,1247,paladin,retribution,54,27,27
Leyawin,sanguino,1247,paladin,retribution,48,24,24
Freyjä,turalyon,1247,paladin,retribution,150,73,77
Leelemon,frostmane,1247,paladin,retribution,38,17,21
Retrehsacul,blackrock,1247,paladin,retribution,30,13,17
Paladiodinos,hyjal,1247,paladin,retribution,42,16,26
Umirinbruv,zenedar,1247,paladin,retribution,36,13,23
Khoping,silvermoon,1246,paladin,retribution,18,13,5
Нурти,gordunni,1246,paladin,retribution,18,13,5
Luckyman,aszune,1246,paladin,retribution,24,13,11
Taeran,dun-modr,1246,paladin,retribution,24,13,11
Murodin,twisting-nether,1246,paladin,retribution,30,13,17
Jelcz,burning-legion,1246,paladin,retribution,42,18,24
Lightstorm,voljin,1246,paladin,retribution,36,13,23
Nikibrahboi,outland,1246,paladin,retribution,36,13,23
Noxaer,archimonde,1245,paladin,retribution,18,13,5
Cinderlight,aszune,1245,paladin,retribution,42,25,17
Kerchal,dalaran,1245,paladin,retribution,30,14,16
Jebenatreba,sporeggar,1245,paladin,retribution,35,16,19
Hito,sylvanas,1245,paladin,retribution,30,13,17
Gromzed,ravencrest,1245,paladin,retribution,30,13,17
Anamary,ravencrest,1244,paladin,retribution,87,46,41
Vörtëx,tarren-mill,1244,paladin,retribution,47,24,23
Deathzinger,aszune,1244,paladin,retribution,84,40,44
Sukinsin,aegwynn,1244,paladin,retribution,30,13,17
Marthawise,eredar,1244,paladin,retribution,30,13,17
Proxidus,blackmoore,1244,paladin,retribution,41,16,25
Alatàríèl,dalaran,1243,paladin,retribution,30,13,17
Fufth,pozzo-delleternità,1243,paladin,retribution,30,13,17
Mattüsälëmm,sanguino,1242,paladin,retribution,33,22,11
Lonesoul,tarren-mill,1242,paladin,retribution,24,13,11
Hypothalamus,silvermoon,1242,paladin,retribution,60,31,29
Círuq,eredar,1242,paladin,retribution,30,13,17
Jannene,draenor,1242,paladin,retribution,36,13,23
Saró,ravencrest,1241,paladin,retribution,29,16,13
Blessedpapi,draenor,1241,paladin,retribution,24,13,11
Naenel,dun-modr,1241,paladin,retribution,30,13,17
Рашенс,gordunni,1241,paladin,retribution,84,36,48
Lightsbreath,ragnaros,1240,paladin,retribution,24,13,11
Hydrolic,blackrock,1240,paladin,retribution,30,13,17
Marnaø,ysondre,1240,paladin,retribution,38,16,22
Jdizzy,tarren-mill,1239,paladin,retribution,24,13,11
Methires,burning-legion,1239,paladin,retribution,53,27,26
Quééfwemust,outland,1238,paladin,retribution,24,13,11
Purjolöken,tarren-mill,1238,paladin,retribution,44,18,26
Serenityxo,twisting-nether,1237,paladin,retribution,18,13,5
Tehacê,blackrock,1237,paladin,retribution,30,13,17
Powericius,drakthul,1237,paladin,retribution,30,13,17
Sházen,silvermoon,1237,paladin,retribution,30,13,17
Æe,blackmoore,1236,paladin,retribution,37,22,15
Zhroomxx,blackmoore,1236,paladin,retribution,24,13,11
Милликсайс,howling-fjord,1236,paladin,retribution,24,13,11
Thyrna,alleria,1236,paladin,retribution,26,14,12
Ландри,greymane,1235,paladin,retribution,24,13,11
Khaelor,frostwolf,1235,paladin,retribution,24,13,11
Sorciex,blackmoore,1235,paladin,retribution,24,13,11
Lewp,tarren-mill,1234,paladin,retribution,18,13,5
Sâfcon,eredar,1234,paladin,retribution,25,13,12
Anatorka,drakthul,1234,paladin,retribution,78,39,39
Bulle,the-venture-co,1234,paladin,retribution,30,15,15
Кс,greymane,1234,paladin,retribution,48,23,25
Angrykorean,blackmoore,1234,paladin,retribution,82,38,44
Skénder,kazzak,1234,paladin,retribution,78,29,49
Myradur,burning-legion,1233,paladin,retribution,24,14,10
Liardin,draenor,1233,paladin,retribution,30,14,16
Dragonous,darkmoon-faire,1233,paladin,retribution,144,65,79
Jerremia,silvermoon,1233,paladin,retribution,30,13,17
Zhaz,blackmoore,1232,paladin,retribution,84,38,46
Liana,alexstrasza,1231,paladin,retribution,42,16,26
Palaradis,doomhammer,1230,paladin,retribution,24,13,11
Nykothpn,ghostlands,1229,paladin,retribution,23,20,3
Thoorval,silvermoon,1229,paladin,retribution,64,30,34
Palafurax,hyjal,1229,paladin,retribution,36,16,20
Wtyou,blackhand,1228,paladin,retribution,18,13,5
Наваляка,deathguard,1228,paladin,retribution,24,13,11
Uthelf,ragnaros,1228,paladin,retribution,36,16,20
Ulderoth,dun-modr,1228,paladin,retribution,48,19,29
Qzoveca,steamwheedle-cartel,1228,paladin,retribution,66,23,43
Айронс,ashenvale,1227,paladin,retribution,36,23,13
Walorez,ragnaros,1227,paladin,retribution,23,13,10
Tillak,draenor,1227,paladin,retribution,24,13,11
Artorya,outland,1227,paladin,retribution,30,14,16
Nishe,earthen-ring,1226,paladin,retribution,24,13,11
Paraðox,ysondre,1226,paladin,retribution,30,13,17
Atomicbubble,balnazzar,1225,paladin,retribution,54,26,28
Shiëld,khaz-modan,1225,paladin,retribution,30,13,17
Ðarkjøjø,hyjal,1224,paladin,retribution,36,17,19
Greald,argent-dawn,1224,paladin,retribution,98,46,52
Toruk,burning-legion,1224,paladin,retribution,33,15,18
Bootybanger,thrall,1223,paladin,retribution,24,13,11
Cyclope,frostmane,1223,paladin,retribution,100,45,55
Patsani,twilights-hammer,1222,paladin,retribution,56,32,24
Aikm,tarren-mill,1222,paladin,retribution,80,37,43
Cherenpetur,neptulon,1222,paladin,retribution,36,15,21
Åriel,uldum,1222,paladin,retribution,32,13,19
Mindoxlawlz,sanguino,1222,paladin,retribution,42,15,27
Schaaboowyy,burning-legion,1221,paladin,retribution,25,13,12
Velkar,frostmane,1221,paladin,retribution,56,29,27
Keith,dragonmaw,1221,paladin,retribution,54,24,30
Stahlmann,argent-dawn,1221,paladin,retribution,48,21,27
Энилейт,lich-king,1220,paladin,retribution,70,44,26
Öwai,dun-modr,1220,paladin,retribution,47,28,19
Keol,sanguino,1220,paladin,retribution,37,19,18
Asorte,chants-éternels,1220,paladin,retribution,102,42,60
Акерсарин,gordunni,1219,paladin,retribution,43,24,19
Asthellis,kazzak,1219,paladin,retribution,66,32,34
Lagaminë,dalaran,1219,paladin,retribution,111,53,58
Nëphilim,arakarahm,1219,paladin,retribution,30,13,17
Dinøx,archimonde,1218,paladin,retribution,152,73,79
Daminika,das-syndikat,1218,paladin,retribution,30,13,17
Ziggyz,kul-tiras,1217,paladin,retribution,37,19,18
Khrotos,draenor,1217,paladin,retribution,114,56,58
Boaz,norgannon,1217,paladin,retribution,36,14,22
Гацкан,gordunni,1216,paladin,retribution,40,21,19
Авроравайт,gordunni,1215,paladin,retribution,88,51,37
Helmed,tarren-mill,1215,paladin,retribution,57,31,26
Clementine,spinebreaker,1215,paladin,retribution,35,14,21
Гарраж,howling-fjord,1215,paladin,retribution,36,14,22
Бьюттасттл,howling-fjord,1215,paladin,retribution,35,13,22
Sunrazor,kazzak,1215,paladin,retribution,50,17,33
Rilledread,stormscale,1214,paladin,retribution,114,57,57
Джагашарага,soulflayer,1214,paladin,retribution,29,13,16
Ghallandre,khaz-modan,1213,paladin,retribution,48,25,23
Deldrina,nozdormu,1212,paladin,retribution,48,19,29
Princépretty,frostwolf,1211,paladin,retribution,71,27,44
Platanid,doomhammer,1210,paladin,retribution,62,35,27
Ayoitsme,twisting-nether,1210,paladin,retribution,30,15,15
Лурири,gordunni,1209,paladin,retribution,18,13,5
Sunsaiy,doomhammer,1209,paladin,retribution,140,77,63
Iqso,argent-dawn,1208,paladin,retribution,24,13,11
Lynaé,blackhand,1208,paladin,retribution,25,13,12
Didtaras,terokkar,1208,paladin,retribution,42,13,29
Faventu,ragnaros,1207,paladin,retribution,24,13,11
Orseis,anubarak,1207,paladin,retribution,83,36,47
Kýrp,stormreaver,1207,paladin,retribution,43,16,27
Diøstemplar,dun-modr,1206,paladin,retribution,70,36,34
Joelosteen,neptulon,1206,paladin,retribution,99,50,49
Valpen,veknilash,1206,paladin,retribution,42,20,22
Mírato,blackhand,1205,paladin,retribution,69,37,32
Belight,burning-legion,1204,paladin,retribution,63,19,44
Aleksandor,kazzak,1203,paladin,retribution,42,23,19
Taylerr,drakthul,1203,paladin,retribution,24,13,11
Ликанн,soulflayer,1203,paladin,retribution,104,44,60
Thorold,earthen-ring,1202,paladin,retribution,63,36,27
Mystíque,die-todeskrallen,1201,paladin,retribution,86,47,39
Proteiin,drakthul,1201,paladin,retribution,24,13,11
Lightppl,outland,1201,paladin,retribution,89,44,45
Sinnerknight,silvermoon,1201,paladin,retribution,38,17,21
Кетран,howling-fjord,1201,paladin,retribution,67,27,40
Rayshield,tarren-mill,1200,paladin,retribution,53,28,25
Windîr,draenor,1200,paladin,retribution,41,21,20
Gerin,ulduar,1200,paladin,retribution,42,17,25
Ritoru,drekthar,1199,paladin,retribution,23,13,10
Flashyplays,silvermoon,1197,paladin,retribution,24,16,8
Makiwara,emeriss,1195,paladin,retribution,132,67,65
Ustex,argent-dawn,1195,paladin,retribution,29,13,16
Davairabotai,kazzak,1195,paladin,retribution,32,14,18
Siuras,blackmoore,1194,paladin,retribution,23,13,10
Leith,neptulon,1194,paladin,retribution,82,40,42
Petitê,blackmoore,1193,paladin,retribution,89,46,43
Fintros,silvermoon,1193,paladin,retribution,42,17,25
Nála,boulderfist,1192,paladin,retribution,83,51,32
Bucaxin,cthun,1192,paladin,retribution,24,14,10
Yanisx,burning-legion,1191,paladin,retribution,43,21,22
Гермесиус,deepholm,1190,paladin,retribution,55,26,29
Ènyalius,silvermoon,1190,paladin,retribution,36,14,22
Hïto,dun-modr,1189,paladin,retribution,24,14,10
Línke,sanguino,1188,paladin,retribution,67,37,30
Spanzer,dun-modr,1188,paladin,retribution,68,36,32
Мистерху,gordunni,1188,paladin,retribution,145,73,72
Vâskt,dun-modr,1188,paladin,retribution,156,74,82
Ararion,tarren-mill,1188,paladin,retribution,30,14,16
Блэквилл,howling-fjord,1188,paladin,retribution,149,68,81
Spánkit,stormscale,1187,paladin,retribution,44,20,24
Хочучерешни,lich-king,1186,paladin,retribution,47,23,24
Зольвинталь,deathguard,1186,paladin,retribution,27,13,14
Nözderg,archimonde,1183,paladin,retribution,36,14,22
Perfectum,burning-legion,1182,paladin,retribution,28,13,15
Unboostable,archimonde,1181,paladin,retribution,36,17,19
Trainingdumy,aszune,1179,paladin,retribution,30,16,14
Sertoli,frostwhisper,1179,paladin,retribution,48,24,24
Ylvannka,blackmoore,1177,paladin,retribution,48,23,25
Teogrim,blackmoore,1175,paladin,retribution,84,44,40
Cigyal,hyjal,1172,paladin,retribution,66,35,31
Ilanyll,silvermoon,1171,paladin,retribution,30,16,14
Mirauda,nemesis,1171,paladin,retribution,72,26,46
Æternäl,arathor,1170,paladin,retribution,90,42,48
Reiwyn,archimonde,1170,paladin,retribution,34,13,21
Servillo,outland,1170,paladin,retribution,50,19,31
Pastaflwras,twisting-nether,1169,paladin,retribution,26,13,13
Ramsay,arthas,1169,paladin,retribution,37,18,19
Pitusá,dun-modr,1169,paladin,retribution,72,28,44
Janky,draenor,1169,paladin,retribution,54,20,34
Myralions,burning-legion,1168,paladin,retribution,29,18,11
Paillasson,nerzhul,1167,paladin,retribution,52,31,21
Duris,drakthul,1167,paladin,retribution,30,15,15
Lumino,twilights-hammer,1167,paladin,retribution,59,26,33
Øybiornz,stormscale,1164,paladin,retribution,42,23,19
Knoppix,antonidas,1164,paladin,retribution,48,19,29
Cpsuper,azuremyst,1163,paladin,retribution,30,17,13
Janie,dalaran,1162,paladin,retribution,39,22,17
Baldarlyset,tarren-mill,1162,paladin,retribution,51,17,34
Таурмакус,howling-fjord,1161,paladin,retribution,54,25,29
Vallorum,ravencrest,1161,paladin,retribution,35,13,22
Holybubo,tarren-mill,1160,paladin,retribution,66,34,32
Пропала,greymane,1159,paladin,retribution,78,37,41
Ragnarük,khaz-modan,1159,paladin,retribution,78,35,43
Judgement,quelthalas,1158,paladin,retribution,30,20,10
Ункаль,ashenvale,1158,paladin,retribution,229,110,119
Altrazel,archimonde,1158,paladin,retribution,32,15,17
Pery,malganis,1157,paladin,retribution,48,28,20
Gryan,stormscale,1157,paladin,retribution,35,16,19
Messîah,outland,1156,paladin,retribution,218,112,106
Светлыйкит,blackscar,1153,paladin,retribution,84,41,43
Mma,sylvanas,1153,paladin,retribution,91,43,48
Ixøne,kazzak,1152,paladin,retribution,18,12,6
Necorínex,silvermoon,1152,paladin,retribution,18,12,6
Kilô,sylvanas,1152,paladin,retribution,24,12,12
Noreturn,kazzak,1152,paladin,retribution,24,12,12
Rubína,aegwynn,1152,paladin,retribution,26,12,14
Bighugg,draenor,1152,paladin,retribution,30,12,18
Aflogistina,sylvanas,1151,paladin,retribution,18,12,6
Vorthir,khaz-modan,1151,paladin,retribution,32,16,16
Jaing,magtheridon,1151,paladin,retribution,24,12,12
Валандор,gordunni,1151,paladin,retribution,24,12,12
Rizzdaddy,outland,1151,paladin,retribution,30,12,18
Бэкворд,soulflayer,1151,paladin,retribution,30,12,18
Memeadinxx,ravencrest,1151,paladin,retribution,30,12,18
Coldcuts,sylvanas,1151,paladin,retribution,36,12,24
Строу,blackscar,1150,paladin,retribution,18,12,6
Kelaiah,argent-dawn,1150,paladin,retribution,24,12,12
Holzkern,blackmoore,1150,paladin,retribution,24,12,12
Knusern,dunemaul,1150,paladin,retribution,30,12,18
Herô,drakthul,1150,paladin,retribution,30,12,18
Missoii,khaz-modan,1149,paladin,retribution,18,12,6
Kanot,outland,1149,paladin,retribution,30,18,12
Jkøø,sanguino,1149,paladin,retribution,24,12,12
Sileria,kazzak,1149,paladin,retribution,24,12,12
Zeackzs,rajaxx,1149,paladin,retribution,24,12,12
Redmoo,tarren-mill,1149,paladin,retribution,36,12,24
Lagrops,chants-éternels,1149,paladin,retribution,36,12,24
Mìssaahh,archimonde,1148,paladin,retribution,19,13,6
Даракар,deathguard,1148,paladin,retribution,18,12,6
Badjake,stormscale,1148,paladin,retribution,18,12,6
Spooder,xavius,1148,paladin,retribution,29,12,17
Brinkz,argent-dawn,1148,paladin,retribution,30,12,18
Annurra,quelthalas,1148,paladin,retribution,36,12,24
Крутикрит,goldrinn,1148,paladin,retribution,37,12,25
Themlstake,kazzak,1147,paladin,retribution,30,18,12
Paidien,twisting-nether,1147,paladin,retribution,23,12,11
Kirkmeister,terokkar,1147,paladin,retribution,43,19,24
Måxrajoy,dun-modr,1147,paladin,retribution,30,12,18
Думклиф,gordunni,1147,paladin,retribution,36,12,24
Nebrii,doomhammer,1146,paladin,retribution,36,19,17
Judgedude,stormscale,1146,paladin,retribution,24,12,12
Retenki,silvermoon,1146,paladin,retribution,30,12,18
Иродиада,gordunni,1146,paladin,retribution,30,12,18
Holycowe,kazzak,1144,paladin,retribution,24,12,12
Jeyløl,antonidas,1144,paladin,retribution,24,12,12
Retrystyle,ragnaros,1144,paladin,retribution,71,35,36
Nwnwnwnwnwnw,blackrock,1144,paladin,retribution,48,19,29
Hutimeni,turalyon,1143,paladin,retribution,18,12,6
Glarcouf,eldrethalas,1143,paladin,retribution,29,16,13
Rînedaman,ysondre,1143,paladin,retribution,24,12,12
Eleiktra,suramar,1143,paladin,retribution,36,15,21
Aeyalana,ragnaros,1143,paladin,retribution,42,17,25
Xersys,draenor,1143,paladin,retribution,30,12,18
Bigdamjudge,argent-dawn,1142,paladin,retribution,18,12,6
Ночнаябуря,gordunni,1142,paladin,retribution,24,13,11
Вартэгпал,blackscar,1142,paladin,retribution,30,12,18
Tpaktopuct,kazzak,1141,paladin,retribution,32,14,18
Eywinn,silvermoon,1141,paladin,retribution,30,12,18
Rinocerb,ravencrest,1141,paladin,retribution,36,12,24
Arkiol,marécage-de-zangar,1139,paladin,retribution,24,12,12
Snowlyi,stormscale,1139,paladin,retribution,30,12,18
Yúlía,ravencrest,1138,paladin,retribution,30,15,15
Palitard,turalyon,1137,paladin,retribution,65,34,31
Whiffy,silvermoon,1137,paladin,retribution,66,26,40
Évert,twisting-nether,1135,paladin,retribution,18,12,6
Névér,steamwheedle-cartel,1134,paladin,retribution,24,12,12
Хампал,howling-fjord,1134,paladin,retribution,29,12,17
Holytrol,kazzak,1133,paladin,retribution,66,32,34
Корсаро,deepholm,1133,paladin,retribution,113,54,59
Iñgkara,tarren-mill,1133,paladin,retribution,35,13,22
Vrgingamer,kazzak,1133,paladin,retribution,60,21,39
Notingvar,doomhammer,1133,paladin,retribution,36,12,24
Krïstâlùlz,archimonde,1132,paladin,retribution,64,33,31
Asshhbringer,burning-legion,1131,paladin,retribution,18,12,6
Tecknó,ragnaros,1131,paladin,retribution,24,12,12
Mimkoo,wildhammer,1130,paladin,retribution,27,16,11
Goldmamax,stormscale,1130,paladin,retribution,24,13,11
Flòope,destromath,1130,paladin,retribution,72,37,35
Exirtius,haomarush,1130,paladin,retribution,24,12,12
Danneris,sanguino,1129,paladin,retribution,43,25,18
Summachos,kul-tiras,1129,paladin,retribution,33,17,16
Armani,ysera,1127,paladin,retribution,24,12,12
Palahôlika,antonidas,1127,paladin,retribution,24,12,12
Reticles,ravencrest,1126,paladin,retribution,30,12,18
Bornir,khaz-modan,1125,paladin,retribution,83,35,48
Djpalacinka,drakthul,1125,paladin,retribution,42,17,25
Цитри,borean-tundra,1123,paladin,retribution,36,22,14
Duralyon,marécage-de-zangar,1123,paladin,retribution,48,23,25
Адептустер,gordunni,1123,paladin,retribution,38,17,21
Âchîle,garona,1122,paladin,retribution,86,49,37
Aistor,burning-legion,1122,paladin,retribution,72,29,43
Сенторин,borean-tundra,1122,paladin,retribution,39,14,25
Buckfizz,ysondre,1121,paladin,retribution,36,22,14
Joti,proudmoore,1119,paladin,retribution,30,12,18
Spóntaneous,ravencrest,1116,paladin,retribution,26,13,13
Judgearnold,kul-tiras,1116,paladin,retribution,30,12,18
Fremuduin,argent-dawn,1114,paladin,retribution,24,12,12
Durwin,mazrigos,1114,paladin,retribution,75,31,44
Dafe,zuluhed,1113,paladin,retribution,50,21,29
Amoxapine,hyjal,1111,paladin,retribution,66,25,41
Immortalkrux,archimonde,1110,paladin,retribution,157,74,83
Groelin,frostmane,1109,paladin,retribution,90,42,48
Dewios,silvermoon,1106,paladin,retribution,60,28,32
Prínce,blackmoore,1105,paladin,retribution,32,12,20
Pelaghia,tarren-mill,1104,paladin,retribution,24,17,7
Helloim,tarren-mill,1104,paladin,retribution,21,13,8
Arhu,stormscale,1104,paladin,retribution,48,28,20
Eldrack,defias-brotherhood,1103,paladin,retribution,23,12,11
Ayba,defias-brotherhood,1103,paladin,retribution,89,43,46
Raptasenda,archimonde,1103,paladin,retribution,120,55,65
Фокспро,lich-king,1103,paladin,retribution,29,13,16
Raê,hyjal,1103,paladin,retribution,139,60,79
Pzdr,tarren-mill,1102,paladin,retribution,36,17,19
Moløk,ysondre,1102,paladin,retribution,98,44,54
Javalie,sanguino,1099,paladin,retribution,21,12,9
Akeemys,ragnaros,1099,paladin,retribution,23,12,11
Eldelapala,zuljin,1099,paladin,retribution,42,18,24
Paxillustral,twisting-nether,1098,paladin,retribution,36,20,16
Quoque,turalyon,1098,paladin,retribution,69,37,32
Beastyblodne,sylvanas,1097,paladin,retribution,48,22,26
Xflye,khaz-modan,1096,paladin,retribution,41,22,19
Runkpaladin,kazzak,1096,paladin,retribution,60,32,28
Crêuyf,elune,1096,paladin,retribution,33,13,20
Veshnu,blackrock,1095,paladin,retribution,56,23,33
Rêmo,blackrock,1094,paladin,retribution,64,37,27
Gnarlds,doomhammer,1094,paladin,retribution,42,24,18
Galodina,blackmoore,1094,paladin,retribution,23,12,11
Thardran,ravencrest,1094,paladin,retribution,60,30,30
Donttaskwhy,sylvanas,1094,paladin,retribution,42,13,29
Palladinz,ravencrest,1092,paladin,retribution,30,15,15
Paladie,dalaran,1091,paladin,retribution,328,168,160
Glotzkowski,kelthuzad,1090,paladin,retribution,42,20,22
Rileys,turalyon,1089,paladin,retribution,162,76,86
Bàroo,twisting-nether,1089,paladin,retribution,112,44,68
Antidrasi,turalyon,1087,paladin,retribution,43,15,28
Azzael,thrall,1085,paladin,retribution,95,35,60
Kaezerg,khaz-modan,1084,paladin,retribution,32,18,14
Fexulï,outland,1083,paladin,retribution,16,12,4
Valgar,ragnaros,1081,paladin,retribution,17,12,5
Ксамо,howling-fjord,1081,paladin,retribution,17,12,5
Sandorr,area-52,1079,paladin,retribution,30,17,13
Aerathil,nethersturm,1079,paladin,retribution,41,22,19
Aryza,hellfire,1079,paladin,retribution,27,13,14
Böb,garona,1078,paladin,retribution,42,17,25
Goungokuhrbo,doomhammer,1077,paladin,retribution,40,24,16
Crazypits,silvermoon,1077,paladin,retribution,54,26,28
Azlan,nagrand,1076,paladin,retribution,28,14,14
Atírpákja,doomhammer,1076,paladin,retribution,45,21,24
Holyreckonin,silvermoon,1076,paladin,retribution,89,41,48
Toshvarak,turalyon,1076,paladin,retribution,88,40,48
Gropleindsup,ysondre,1076,paladin,retribution,48,19,29
Самерваль,borean-tundra,1075,paladin,retribution,109,52,57
Ghostfacê,khaz-modan,1074,paladin,retribution,48,22,26
Coelslaw,azjolnerub,1074,paladin,retribution,35,12,23
Zelphyr,pozzo-delleternità,1073,paladin,retribution,50,28,22
Doban,shattered-hand,1073,paladin,retribution,33,17,16
Starstríder,aszune,1073,paladin,retribution,24,12,12
Matikosik,steamwheedle-cartel,1072,paladin,retribution,36,15,21
Dronora,silvermoon,1072,paladin,retribution,44,17,27
Apoffis,burning-legion,1071,paladin,retribution,48,25,23
Pepsimaxpvp,blackmoore,1071,paladin,retribution,31,12,19
Êxood,archimonde,1071,paladin,retribution,47,18,29
Calluk,turalyon,1070,paladin,retribution,35,14,21
Dabstar,antonidas,1066,paladin,retribution,30,14,16
Palakag,blackhand,1066,paladin,retribution,48,14,34
Crynó,blackmoore,1065,paladin,retribution,42,20,22
Wexo,frostwolf,1065,paladin,retribution,40,12,28
Atreyu,stormscale,1063,paladin,retribution,24,12,12
Fortplus,pozzo-delleternità,1060,paladin,retribution,46,23,23
Lliissaa,kazzak,1059,paladin,retribution,66,37,29
Хеллпанч,howling-fjord,1059,paladin,retribution,54,29,25
Lytza,frostwolf,1059,paladin,retribution,30,15,15
Антисеептик,gordunni,1058,paladin,retribution,87,40,47
Бунча,gordunni,1057,paladin,retribution,138,63,75
Akakaboto,draenor,1057,paladin,retribution,36,13,23
Sølitude,kazzak,1056,paladin,retribution,18,11,7
Camusax,kazzak,1056,paladin,retribution,18,11,7
Fabsy,frostwolf,1056,paladin,retribution,18,11,7
Phaewingsftw,kazzak,1056,paladin,retribution,24,11,13
Cùpìdstunt,draenor,1056,paladin,retribution,24,11,13
Lightham,nemesis,1056,paladin,retribution,24,11,13
Pia,twisting-nether,1056,paladin,retribution,24,11,13
Dornu,tarren-mill,1056,paladin,retribution,24,11,13
Сакон,borean-tundra,1056,paladin,retribution,24,11,13
Franzîskûs,blackmoore,1056,paladin,retribution,24,11,13
Lindrone,aggra-português,1056,paladin,retribution,30,11,19
Testør,outland,1055,paladin,retribution,18,11,7
Eléndrên,blackrock,1055,paladin,retribution,18,11,7
Blindhoj,ravencrest,1055,paladin,retribution,18,11,7
Aludra,twisting-nether,1055,paladin,retribution,77,42,35
Blacked,baelgun,1055,paladin,retribution,22,12,10
Vvsdiamonds,archimonde,1055,paladin,retribution,24,11,13
Шульц,borean-tundra,1055,paladin,retribution,24,11,13
Palandiade,draenor,1055,paladin,retribution,24,11,13
Gulyas,tarren-mill,1055,paladin,retribution,24,11,13
Takezop,dun-modr,1055,paladin,retribution,24,11,13
Зена,gordunni,1055,paladin,retribution,24,11,13
Mîakhalîfa,tarren-mill,1055,paladin,retribution,24,11,13
Zondãn,blackrock,1055,paladin,retribution,24,11,13
Stukker,silvermoon,1055,paladin,retribution,24,11,13
Kalimgor,theradras,1055,paladin,retribution,24,11,13
Hipo,zuljin,1055,paladin,retribution,24,11,13
Blademasteer,jaedenar,1055,paladin,retribution,24,11,13
Ranelly,blackmoore,1055,paladin,retribution,30,11,19
Hetrox,silvermoon,1054,paladin,retribution,18,11,7
Tylaerion,magtheridon,1054,paladin,retribution,18,11,7
Jay,arathor,1054,paladin,retribution,18,11,7
Ruben,kirin-tor,1054,paladin,retribution,18,11,7
Kytonic,silvermoon,1054,paladin,retribution,18,11,7
Blademàster,twisting-nether,1054,paladin,retribution,22,12,10
Lightpal,dentarg,1054,paladin,retribution,24,13,11
Palidos,blackrock,1054,paladin,retribution,24,11,13
Hazura,blackmoore,1054,paladin,retribution,30,11,19
Redeem,nemesis,1054,paladin,retribution,30,11,19
Arethos,twisting-nether,1054,paladin,retribution,30,11,19
Этокомедия,howling-fjord,1054,paladin,retribution,30,11,19
Fleckige,nethersturm,1054,paladin,retribution,30,11,19
Lancelotas,defias-brotherhood,1054,paladin,retribution,30,11,19
Cheesus,argent-dawn,1054,paladin,retribution,33,12,21
Sorkohoho,silvermoon,1053,paladin,retribution,18,11,7
Vendil,tarren-mill,1053,paladin,retribution,18,11,7
Ridethelight,nemesis,1053,paladin,retribution,21,12,9
Deceneü,kazzak,1053,paladin,retribution,24,11,13
Moarcry,outland,1053,paladin,retribution,24,11,13
Падаетслезаа,howling-fjord,1053,paladin,retribution,24,11,13
Mufuqa,ragnaros,1053,paladin,retribution,24,11,13
Trollilolz,eredar,1053,paladin,retribution,24,11,13
Némesis,frostmane,1053,paladin,retribution,24,11,13
Meneth,elune,1053,paladin,retribution,85,34,51
Óldgreg,magtheridon,1053,paladin,retribution,30,12,18
Giggs,turalyon,1052,paladin,retribution,16,12,4
Zanathos,onyxia,1052,paladin,retribution,54,33,21
Mcnnuggets,ravencrest,1052,paladin,retribution,18,11,7
Hideinlight,hellscream,1052,paladin,retribution,24,11,13
Alard,sanguino,1052,paladin,retribution,30,11,19
Elaidja,illidan,1051,paladin,retribution,18,11,7
Paladiaz,blackhand,1051,paladin,retribution,24,11,13
Widj,silvermoon,1051,paladin,retribution,24,11,13
Омникнайтх,howling-fjord,1051,paladin,retribution,36,11,25
Ratedge,hyjal,1050,paladin,retribution,18,11,7
Voyén,tarren-mill,1050,paladin,retribution,18,11,7
Люфтер,gordunni,1050,paladin,retribution,35,18,17
Dufftroll,kazzak,1050,paladin,retribution,24,11,13
Angelynor,ysondre,1050,paladin,retribution,24,11,13
Eldrielle,culte-de-la-rive-noire,1050,paladin,retribution,30,11,19
Biermaxx,blackmoore,1050,paladin,retribution,30,11,19
Lóyal,kazzak,1049,paladin,retribution,18,11,7
Plato,arthas,1049,paladin,retribution,30,16,14
Илонка,gordunni,1049,paladin,retribution,24,11,13
Malleius,ravencrest,1049,paladin,retribution,30,11,19
Freetimer,norgannon,1049,paladin,retribution,30,11,19
Justïce,twisting-nether,1049,paladin,retribution,30,11,19
Trondalohr,ambossar,1048,paladin,retribution,24,14,10
Huhuu,outland,1048,paladin,retribution,24,11,13
Torhamiir,outland,1048,paladin,retribution,24,11,13
Kompot,dun-morogh,1047,paladin,retribution,18,11,7
Rivela,bloodhoof,1047,paladin,retribution,31,14,17
Panzerberg,blackrock,1046,paladin,retribution,24,11,13
Timesover,doomhammer,1046,paladin,retribution,42,19,23
Merkurial,sylvanas,1045,paladin,retribution,18,11,7
Krustenkaese,kelthuzad,1045,paladin,retribution,18,11,7
Daicic,kazzak,1045,paladin,retribution,19,11,8
Jpally,ravencrest,1045,paladin,retribution,24,11,13
Neuverse,tarren-mill,1045,paladin,retribution,47,21,26
Kishijoten,archimonde,1044,paladin,retribution,18,11,7
Jooki,drakthul,1044,paladin,retribution,18,11,7
Kaelron,sanguino,1044,paladin,retribution,18,11,7
Traqnbilkarq,stormscale,1044,paladin,retribution,24,12,12
Atrexie,lightbringer,1043,paladin,retribution,18,11,7
Gerannan,kirin-tor,1043,paladin,retribution,66,33,33
Nenenita,cthun,1043,paladin,retribution,199,99,100
Nisepise,argent-dawn,1042,paladin,retribution,47,19,28
Shadderkpal,draenor,1042,paladin,retribution,30,11,19
Haquiles,shendralar,1041,paladin,retribution,34,19,15
Harycon,thrall,1041,paladin,retribution,30,11,19
Valoren,todeswache,1040,paladin,retribution,24,11,13
Palazs,ravencrest,1039,paladin,retribution,24,15,9
Dildotbagins,argent-dawn,1039,paladin,retribution,58,34,24
Sinalia,shattrath,1039,paladin,retribution,24,11,13
Wtfudo,sylvanas,1039,paladin,retribution,24,11,13
Killa,stormrage,1038,paladin,retribution,24,11,13
Kollak,dun-modr,1038,paladin,retribution,63,25,38
Matharr,kazzak,1038,paladin,retribution,55,19,36
Labier,tarren-mill,1038,paladin,retribution,36,11,25
Lowen,deathwing,1037,paladin,retribution,41,11,30
Mickeyvorace,archimonde,1036,paladin,retribution,27,13,14
Fatique,twisting-nether,1036,paladin,retribution,48,22,26
Эллессар,howling-fjord,1036,paladin,retribution,30,12,18
Celdrin,silvermoon,1035,paladin,retribution,23,12,11
Nasdaq,la-croisade-écarlate,1034,paladin,retribution,18,11,7
Bandaga,sanguino,1032,paladin,retribution,18,11,7
Dorian,durotan,1032,paladin,retribution,30,11,19
Gôdfâthér,kazzak,1031,paladin,retribution,23,11,12
Samail,malganis,1030,paladin,retribution,79,34,45
Dadpally,shattered-hand,1028,paladin,retribution,84,40,44
Purpleháze,drekthar,1027,paladin,retribution,56,30,26
Phaenre,pozzo-delleternità,1027,paladin,retribution,64,30,34
Hazeman,colinas-pardas,1026,paladin,retribution,12,11,1
Khveasir,argent-dawn,1026,paladin,retribution,36,11,25
Лютыйчпок,fordragon,1025,paladin,retribution,148,64,84
Hateless,tarren-mill,1024,paladin,retribution,28,11,17
Notholy,defias-brotherhood,1021,paladin,retribution,24,11,13
Ратомир,howling-fjord,1021,paladin,retribution,29,12,17
Nauriell,blackmoore,1020,paladin,retribution,18,11,7
Nomeel,twisting-nether,1017,paladin,retribution,256,132,124
Ковбаскаа,gordunni,1017,paladin,retribution,26,12,14
Rocaviva,sanguino,1016,paladin,retribution,18,11,7
Palädörette,dalaran,1016,paladin,retribution,30,18,12
Lilles,argent-dawn,1016,paladin,retribution,21,12,9
Rdmhrvojehr,tarren-mill,1014,paladin,retribution,37,18,19
Quasimotto,turalyon,1014,paladin,retribution,36,13,23
Mechoka,auchindoun,1013,paladin,retribution,25,14,11
Käylä,silvermoon,1013,paladin,retribution,24,11,13
Vibeer,ravencrest,1011,paladin,retribution,146,75,71
Morhgain,kazzak,1011,paladin,retribution,54,27,27
Summuno,eredar,1010,paladin,retribution,197,83,114
Thehuish,blades-edge,1009,paladin,retribution,21,12,9
Ruggero,stormscale,1007,paladin,retribution,21,12,9
Evilerpaly,stormscale,1007,paladin,retribution,65,36,29
ßrav,hyjal,1007,paladin,retribution,27,12,15
Bomsamdi,draenor,1007,paladin,retribution,85,37,48
Leilak,draenor,1006,paladin,retribution,65,36,29
Mettã,hyjal,1006,paladin,retribution,80,29,51
Hàppy,malfurion,1005,paladin,retribution,29,11,18
Injustice,chamber-of-aspects,1004,paladin,retribution,31,13,18
Moodypala,doomhammer,1003,paladin,retribution,24,15,9
Харт,fordragon,1001,paladin,retribution,21,15,6
Монбиин,soulflayer,1001,paladin,retribution,24,12,12
Sheïkka,hyjal,1001,paladin,retribution,68,30,38
Имраил,gordunni,1001,paladin,retribution,42,15,27
Loire,blackmoore,1000,paladin,retribution,17,11,6
Uoloop,kazzak,1000,paladin,retribution,23,11,12
Сверхпаладин,howling-fjord,999,paladin,retribution,18,11,7
Killtauren,kazzak,998,paladin,retribution,132,63,69
Crazybones,marécage-de-zangar,998,paladin,retribution,53,22,31
Briggybomb,outland,998,paladin,retribution,37,15,22
Эксвайп,howling-fjord,997,paladin,retribution,23,11,12
Kealen,nemesis,997,paladin,retribution,85,34,51
Fannii,ravencrest,996,paladin,retribution,27,13,14
Dathea,aegwynn,996,paladin,retribution,61,20,41
Rustig,talnivarr,994,paladin,retribution,20,12,8
Matuth,arthas,994,paladin,retribution,33,11,22
Almohalhil,tarren-mill,993,paladin,retribution,30,17,13
Lgbtqlover,kazzak,991,paladin,retribution,17,11,6
Eltruite,archimonde,991,paladin,retribution,66,29,37
Virusee,doomhammer,990,paladin,retribution,23,12,11
Opgezwolle,draenor,989,paladin,retribution,73,40,33
Sinthoràs,shattered-hand,988,paladin,retribution,60,30,30
Solarouz,draenor,987,paladin,retribution,23,11,12
Zerohour,kilrogg,987,paladin,retribution,34,11,23
Legâin,twisting-nether,987,paladin,retribution,48,11,37
Mckellen,antonidas,986,paladin,retribution,21,12,9
Jenyu,sanguino,986,paladin,retribution,29,13,16
Palladxx,twilights-hammer,985,paladin,retribution,28,16,12
Aégon,archimonde,985,paladin,retribution,79,33,46
Milisha,the-maelstrom,985,paladin,retribution,38,12,26
Arathorin,ravencrest,983,paladin,retribution,36,17,19
Goodfail,sanguino,982,paladin,retribution,25,12,13
Titoturixd,dun-modr,981,paladin,retribution,17,11,6
Схемас,gordunni,981,paladin,retribution,48,22,26
Vonryan,defias-brotherhood,980,paladin,retribution,57,22,35
Liléa,hyjal,979,paladin,retribution,28,11,17
Ukey,sanguino,978,paladin,retribution,48,27,21
Klikas,twisting-nether,978,paladin,retribution,48,26,22
Milicos,sylvanas,976,paladin,retribution,72,39,33
Ressurection,outland,976,paladin,retribution,101,48,53
Nazaninez,tarren-mill,973,paladin,retribution,72,35,37
Jesophar,archimonde,973,paladin,retribution,30,12,18
Танси,fordragon,972,paladin,retribution,38,22,16
Supou,twisting-nether,970,paladin,retribution,33,18,15
Snaty,khaz-modan,965,paladin,retribution,156,78,78
Сильвернайт,soulflayer,964,paladin,retribution,35,12,23
Leifleur,silvermoon,963,paladin,retribution,40,15,25
Navayo,frostmourne,960,paladin,retribution,18,10,8
Nzmamba,burning-legion,960,paladin,retribution,18,10,8
Abukasol,kazzak,960,paladin,retribution,18,10,8
Blazerlolz,kazzak,960,paladin,retribution,18,10,8
Roklim,blackhand,960,paladin,retribution,18,10,8
Smithx,kazzak,960,paladin,retribution,24,10,14
Валькирия,grom,960,paladin,retribution,24,10,14
Paterymon,ravencrest,960,paladin,retribution,24,10,14
Artaxiad,sylvanas,960,paladin,retribution,24,10,14
Dioxius,stormscale,960,paladin,retribution,24,10,14
Sulask,argent-dawn,960,paladin,retribution,24,10,14
Sucsii,outland,960,paladin,retribution,24,10,14
Styxpl,blackhand,960,paladin,retribution,30,10,20
Садистка,soulflayer,960,paladin,retribution,30,10,20
Атласс,gordunni,960,paladin,retribution,30,10,20
Saulencio,zuljin,960,paladin,retribution,36,10,26
Guidone,sylvanas,959,paladin,retribution,12,10,2
Elastuc,silvermoon,959,paladin,retribution,12,10,2
Zaelija,antonidas,959,paladin,retribution,12,10,2
Makakí,twisting-nether,959,paladin,retribution,18,10,8
Bunurata,silvermoon,959,paladin,retribution,18,10,8
Vindicatê,stormscale,959,paladin,retribution,18,10,8
Souzzi,kazzak,959,paladin,retribution,18,10,8
Peterholy,hyjal,959,paladin,retribution,18,10,8
Базапал,fordragon,959,paladin,retribution,18,10,8
Rushtank,dragonmaw,959,paladin,retribution,18,10,8
Mullinsilmä,stormreaver,959,paladin,retribution,18,10,8
Sweyz,archimonde,959,paladin,retribution,18,10,8
Ретридор,soulflayer,959,paladin,retribution,24,10,14
Milkzaddy,kazzak,959,paladin,retribution,24,10,14
Vonadams,ysondre,959,paladin,retribution,24,10,14
Croptol,dun-modr,959,paladin,retribution,24,10,14
Thaddios,burning-blade,959,paladin,retribution,24,10,14
Хэймердингер,howling-fjord,959,paladin,retribution,33,11,22
Razzim,eredar,959,paladin,retribution,30,10,20
Teshkipowa,kazzak,959,paladin,retribution,30,10,20
Valarïs,outland,959,paladin,retribution,30,10,20
Dollicia,outland,959,paladin,retribution,30,10,20
Benzimus,ragnaros,959,paladin,retribution,30,10,20
Jaegeer,draenor,959,paladin,retribution,30,10,20
Nyren,guldan,958,paladin,retribution,12,10,2
Coralinê,sanguino,958,paladin,retribution,12,10,2
Søal,blackrock,958,paladin,retribution,18,10,8
Sheldon,sylvanas,958,paladin,retribution,18,10,8
Béhèlit,sargeras,958,paladin,retribution,18,10,8
Asfen,archimonde,958,paladin,retribution,18,10,8
Balderstomp,jaedenar,958,paladin,retribution,18,10,8
Arcardi,dun-morogh,958,paladin,retribution,18,10,8
Vetron,drakthul,958,paladin,retribution,18,10,8
Bobshock,twisting-nether,958,paladin,retribution,18,10,8
Shailwo,ysondre,958,paladin,retribution,18,10,8
Valanysa,blackmoore,958,paladin,retribution,18,10,8
Skinriper,stormscale,958,paladin,retribution,24,10,14
Леаркус,blackscar,958,paladin,retribution,24,10,14
Mudan,stormscale,958,paladin,retribution,24,10,14
Axone,ravencrest,958,paladin,retribution,30,10,20
Wankerjim,ghostlands,958,paladin,retribution,30,10,20
Keógh,kazzak,957,paladin,retribution,12,10,2
Winterwall,sylvanas,957,paladin,retribution,24,10,14
Dimdon,silvermoon,957,paladin,retribution,24,10,14
Добегуубью,thermaplugg,957,paladin,retribution,27,11,16
Feenux,drakthul,956,paladin,retribution,16,11,5
Ayoub,argent-dawn,956,paladin,retribution,18,10,8
Mílkme,antonidas,956,paladin,retribution,18,10,8
Ëhra,hyjal,956,paladin,retribution,18,10,8
Malodos,archimonde,956,paladin,retribution,18,10,8
Nydilol,sylvanas,956,paladin,retribution,18,10,8
Ôrus,minahonda,956,paladin,retribution,24,10,14
Szaporító,ragnaros,956,paladin,retribution,24,10,14
Mugraine,ravencrest,956,paladin,retribution,24,10,14
Gindolon,blackhand,956,paladin,retribution,24,10,14
Альбусор,galakrond,956,paladin,retribution,24,10,14
Diaéna,kirin-tor,956,paladin,retribution,30,10,20
Shemoistdoe,tarren-mill,955,paladin,retribution,16,11,5
Enkir,sanguino,955,paladin,retribution,18,10,8
Løøktår,ysondre,955,paladin,retribution,18,10,8
Sneptica,draenor,955,paladin,retribution,19,10,9
Pappipala,tarren-mill,955,paladin,retribution,24,10,14
Holypurger,shattered-hand,955,paladin,retribution,25,10,15
Dasvidania,uldum,955,paladin,retribution,30,11,19
Xrules,blackhand,954,paladin,retribution,60,23,37
Skrýmir,marécage-de-zangar,953,paladin,retribution,18,10,8
Roostei,shattered-hand,953,paladin,retribution,18,10,8
Тайела,gordunni,953,paladin,retribution,34,11,23
Fumatelo,tyrande,952,paladin,retribution,31,18,13
Chidorengan,burning-legion,951,paladin,retribution,24,11,13
Grynd,blackmoore,949,paladin,retribution,12,10,2
Cáli,forscherliga,949,paladin,retribution,18,10,8
Gottfrid,sunstrider,949,paladin,retribution,18,10,8
Derbrècher,azshara,949,paladin,retribution,34,15,19
Blessmedaddy,tarren-mill,949,paladin,retribution,24,10,14
Pianiste,sinstralis,949,paladin,retribution,24,10,14
Mikipaki,tarren-mill,949,paladin,retribution,24,10,14
Lighttitan,ravencrest,948,paladin,retribution,24,10,14
Xemoth,kazzak,947,paladin,retribution,18,10,8
Rondel,dalaran,947,paladin,retribution,18,10,8
Olwie,argent-dawn,947,paladin,retribution,18,10,8
Harnêlia,marécage-de-zangar,947,paladin,retribution,68,20,48
Bierkapítän,blackrock,946,paladin,retribution,12,10,2
Cydor,khaz-modan,945,paladin,retribution,45,16,29
Rangorian,defias-brotherhood,943,paladin,retribution,30,10,20
Sessian,bronze-dragonflight,942,paladin,retribution,82,42,40
Nitay,blades-edge,942,paladin,retribution,34,10,24
Tomales,aggramar,941,paladin,retribution,42,19,23
Kreathor,eredar,941,paladin,retribution,51,21,30
Trefata,kazzak,941,paladin,retribution,29,10,19
Vuuduux,twisting-nether,940,paladin,retribution,18,10,8
Kawakii,outland,940,paladin,retribution,18,10,8
Beefix,blackmoore,937,paladin,retribution,18,10,8
Tirifal,voljin,933,paladin,retribution,18,10,8
Bugo,drakthul,933,paladin,retribution,23,10,13
Ruffus,magtheridon,931,paladin,retribution,18,11,7
Choppychop,defias-brotherhood,930,paladin,retribution,42,15,27
Josuaa,ragnaros,929,paladin,retribution,80,36,44
Ordain,senjin,928,paladin,retribution,68,36,32
Itiswhatitis,blackmoore,927,paladin,retribution,14,11,3
Wolya,blackrock,927,paladin,retribution,21,11,10
Jugga,durotan,927,paladin,retribution,22,11,11
Ghéttørèt,das-konsortium,927,paladin,retribution,26,11,15
Lightblaze,doomhammer,924,paladin,retribution,60,21,39
Eatfasteatas,doomhammer,923,paladin,retribution,12,10,2
Моррдочка,soulflayer,921,paladin,retribution,72,31,41
Zingler,norgannon,920,paladin,retribution,30,16,14
Atacan,twisting-nether,920,paladin,retribution,48,23,25
Ressler,tichondrius,919,paladin,retribution,27,12,15
Mhorcain,silvermoon,918,paladin,retribution,24,10,14
Azherok,archimonde,912,paladin,retribution,24,13,11
Caleel,nemesis,910,paladin,retribution,21,11,10
Snakedubaby,blackrock,910,paladin,retribution,41,10,31
Vexxus,blackrock,909,paladin,retribution,60,29,31
Шестьводных,galakrond,909,paladin,retribution,50,15,35
Аркрум,gordunni,907,paladin,retribution,29,10,19
Ragnàr,aggra-português,903,paladin,retribution,114,55,59
Patzi,die-todeskrallen,897,paladin,retribution,109,52,57
Gurutze,ragnaros,896,paladin,retribution,16,10,6
Ârthâstrâs,terrordar,896,paladin,retribution,36,17,19
Psykoosi,defias-brotherhood,895,paladin,retribution,40,20,20
Krisbull,kazzak,895,paladin,retribution,22,10,12
Tigerherz,antonidas,895,paladin,retribution,28,10,18
Lògàn,pozzo-delleternità,894,paladin,retribution,20,10,10
Enanon,zuljin,894,paladin,retribution,20,10,10
Lolladin,blackmoore,894,paladin,retribution,26,10,16
Vell,bronze-dragonflight,893,paladin,retribution,17,10,7
Bryllks,die-todeskrallen,891,paladin,retribution,154,76,78
Scrambler,grim-batol,890,paladin,retribution,26,10,16
Luxor,sporeggar,888,paladin,retribution,39,20,19
Tánk,twilights-hammer,888,paladin,retribution,48,22,26
Thiccfreak,tarren-mill,885,paladin,retribution,38,17,21
Romkaq,silvermoon,884,paladin,retribution,18,11,7
Facerøll,silvermoon,879,paladin,retribution,13,10,3
Рэдиенс,howling-fjord,878,paladin,retribution,13,10,3
Celébriel,twisting-nether,877,paladin,retribution,19,10,9
Gundahar,das-syndikat,877,paladin,retribution,40,19,21
Fardahr,ravencrest,877,paladin,retribution,24,10,14
Bellùm,archimonde,875,paladin,retribution,24,10,14
Benkenoah,ragnaros,873,paladin,retribution,60,24,36
Choyoki,blackmoore,873,paladin,retribution,32,12,20
Фэнон,gordunni,864,paladin,retribution,12,9,3
Holysnickers,tarren-mill,864,paladin,retribution,12,9,3
Îs,draenor,864,paladin,retribution,12,9,3
Kìngeh,tarren-mill,864,paladin,retribution,12,9,3
Preamx,blackrock,864,paladin,retribution,12,9,3
Unleashed,antonidas,864,paladin,retribution,12,9,3
Camusa,kazzak,864,paladin,retribution,12,9,3
Бигшор,soulflayer,864,paladin,retribution,12,9,3
Greymagic,argent-dawn,864,paladin,retribution,12,9,3
Subzie,archimonde,864,paladin,retribution,12,9,3
Püshup,archimonde,864,paladin,retribution,18,9,9
Ollepala,draenor,864,paladin,retribution,18,9,9
Retgodx,eredar,864,paladin,retribution,18,9,9
Extasey,ravencrest,864,paladin,retribution,18,9,9
Hølypwnjk,forscherliga,864,paladin,retribution,18,9,9
Andriâ,blackhand,864,paladin,retribution,18,9,9
Reckonin,nagrand,864,paladin,retribution,18,9,9
Kaarsius,defias-brotherhood,864,paladin,retribution,18,9,9
Pesterci,draenor,864,paladin,retribution,18,9,9
Ilpreside,nemesis,864,paladin,retribution,18,9,9
Yourredead,shadowsong,864,paladin,retribution,18,9,9
Хашон,gordunni,864,paladin,retribution,18,9,9
Noxy,thrall,864,paladin,retribution,18,9,9
Askmy,stormscale,864,paladin,retribution,18,9,9
Jicekaa,archimonde,864,paladin,retribution,24,9,15
Mitsoû,archimonde,864,paladin,retribution,24,9,15
Сэйберх,gordunni,864,paladin,retribution,24,9,15
Veldora,zuljin,864,paladin,retribution,24,9,15
Pallygân,thrall,864,paladin,retribution,24,9,15
Святстраж,gordunni,864,paladin,retribution,27,10,17
Tosá,antonidas,864,paladin,retribution,30,9,21
Krýptø,ravencrest,864,paladin,retribution,30,9,21
Âtom,outland,864,paladin,retribution,30,9,21
Bìzzan,ravencrest,864,paladin,retribution,30,9,21
Azanah,turalyon,863,paladin,retribution,12,9,3
Nakedholy,draenor,863,paladin,retribution,12,9,3
Esköll,hyjal,863,paladin,retribution,12,9,3
Koltop,ravencrest,863,paladin,retribution,12,9,3
Ohmega,defias-brotherhood,863,paladin,retribution,12,9,3
Watermans,azjolnerub,863,paladin,retribution,12,9,3
Aksios,kazzak,863,paladin,retribution,12,9,3
Vootele,draenor,863,paladin,retribution,12,9,3
Váliant,tarren-mill,863,paladin,retribution,12,9,3
Badckes,sylvanas,863,paladin,retribution,18,9,9
Slyper,dun-modr,863,paladin,retribution,18,9,9
Durnell,sylvanas,863,paladin,retribution,18,9,9
Sildrit,draenor,863,paladin,retribution,18,9,9
Steínsgate,ravencrest,863,paladin,retribution,18,9,9
Розовыйужас,howling-fjord,863,paladin,retribution,18,9,9
Veejxo,silvermoon,863,paladin,retribution,18,9,9
Dälaghetto,kilrogg,863,paladin,retribution,18,9,9
Quennten,grim-batol,863,paladin,retribution,18,9,9
Fujszi,arathor,863,paladin,retribution,18,9,9
Bonkkar,antonidas,863,paladin,retribution,18,9,9
Windwings,drakthul,863,paladin,retribution,18,9,9
Rinjepeyet,rexxar,863,paladin,retribution,18,9,9
Bramonier,blackmoore,863,paladin,retribution,18,9,9
Litaren,ragnaros,863,paladin,retribution,18,9,9
Бомберович,howling-fjord,863,paladin,retribution,18,9,9
Nordkreuz,aegwynn,863,paladin,retribution,18,9,9
Serim,dun-modr,863,paladin,retribution,18,9,9
Galerian,twilights-hammer,863,paladin,retribution,24,9,15
Getpawned,rexxar,863,paladin,retribution,24,9,15
Авараан,galakrond,863,paladin,retribution,24,9,15
Nobo,hellfire,863,paladin,retribution,24,9,15
Kirikoro,blackmoore,863,paladin,retribution,24,9,15
Khantaro,twisting-nether,863,paladin,retribution,24,9,15
Asgardietis,kazzak,863,paladin,retribution,27,10,17
Саламанлдрыч,soulflayer,863,paladin,retribution,42,9,33
Kabóm,kazzak,862,paladin,retribution,12,9,3
Paduj,kazzak,862,paladin,retribution,12,9,3
Ephialtis,hyjal,862,paladin,retribution,12,9,3
Blatrix,kazzak,862,paladin,retribution,12,9,3
Darkenorr,silvermoon,862,paladin,retribution,18,9,9
Masgan,eredar,862,paladin,retribution,18,9,9
Londonn,silvermoon,862,paladin,retribution,18,9,9
Sunwalker,bronzebeard,862,paladin,retribution,18,9,9
Alâkir,kazzak,862,paladin,retribution,18,9,9
Dáimion,defias-brotherhood,862,paladin,retribution,18,9,9
Elendíl,azjolnerub,862,paladin,retribution,18,9,9
Víii,outland,862,paladin,retribution,21,10,11
Роллита,gordunni,862,paladin,retribution,24,9,15
Quarrel,kul-tiras,862,paladin,retribution,24,9,15
Elyrax,nemesis,862,paladin,retribution,24,9,15
Fízzybubble,blackmoore,862,paladin,retribution,24,9,15
Boyard,silvermoon,862,paladin,retribution,30,9,21
Ллосла,howling-fjord,862,paladin,retribution,36,9,27
Scoundrell,the-maelstrom,862,paladin,retribution,36,9,27
Viffi,darkspear,861,paladin,retribution,12,9,3
Pörriäinen,ragnaros,861,paladin,retribution,18,9,9
Lothacia,blackmoore,861,paladin,retribution,18,9,9
Retributon,madmortem,861,paladin,retribution,18,9,9
Saviourself,silvermoon,861,paladin,retribution,18,9,9
Strongman,twilights-hammer,861,paladin,retribution,18,9,9
Karnator,eldrethalas,861,paladin,retribution,18,9,9
Vuzetevacabo,doomhammer,861,paladin,retribution,124,57,67
Humungus,sylvanas,860,paladin,retribution,18,9,9
Sölaria,silvermoon,860,paladin,retribution,18,9,9
Catsnek,darksorrow,860,paladin,retribution,18,9,9
Milkâ,burning-legion,860,paladin,retribution,18,9,9
Sunfather,twilights-hammer,860,paladin,retribution,179,88,91
Banister,eredar,860,paladin,retribution,24,9,15
Destroyér,blackmoore,860,paladin,retribution,24,9,15
Каридин,galakrond,860,paladin,retribution,30,9,21
Йенфира,gordunni,859,paladin,retribution,18,9,9
Jêzus,blackrock,858,paladin,retribution,12,9,3
Rètbull,blackhand,858,paladin,retribution,18,9,9
Arndt,lightbringer,858,paladin,retribution,34,10,24
Kathly,madmortem,857,paladin,retribution,24,9,15
Gljeto,tarren-mill,856,paladin,retribution,12,9,3
Paladson,burning-blade,856,paladin,retribution,30,9,21
Sorâ,archimonde,855,paladin,retribution,24,9,15
Сапфирия,galakrond,855,paladin,retribution,30,9,21
Denathar,draenor,855,paladin,retribution,30,9,21
Legiønr,ravencrest,854,paladin,retribution,12,9,3
Ashreaver,burning-legion,854,paladin,retribution,18,9,9
Gatsßy,archimonde,854,paladin,retribution,24,9,15
Askimo,twisting-nether,853,paladin,retribution,18,9,9
Bubblemama,aegwynn,853,paladin,retribution,18,9,9
Fortination,dalaran,853,paladin,retribution,18,9,9
Ahreesh,blackrock,853,paladin,retribution,24,9,15
Fløki,blackrock,848,paladin,retribution,20,10,10
Bubbelish,doomhammer,847,paladin,retribution,24,9,15
Ericafontës,kazzak,846,paladin,retribution,23,9,14
Лонса,soulflayer,846,paladin,retribution,23,9,14
Knygnesys,silvermoon,844,paladin,retribution,21,11,10
Missybugla,turalyon,844,paladin,retribution,29,9,20
Othersideof,twisting-nether,841,paladin,retribution,24,10,14
Куоширо,goldrinn,839,paladin,retribution,48,19,29
Fufenzee,stormscale,834,paladin,retribution,149,62,87
Bebcho,turalyon,833,paladin,retribution,38,15,23
Драгун,gordunni,830,paladin,retribution,61,27,34
Влажныйбоб,soulflayer,830,paladin,retribution,22,9,13
Dôrä,ysondre,830,paladin,retribution,23,9,14
Баблыч,borean-tundra,829,paladin,retribution,54,25,29
Pàlàthor,khaz-modan,826,paladin,retribution,18,9,9
Orelius,guldan,824,paladin,retribution,50,19,31
Guckzu,malganis,823,paladin,retribution,49,22,27
Pyrogon,malorne,822,paladin,retribution,201,93,108
Умберто,howling-fjord,820,paladin,retribution,24,10,14
Bonvivant,ragnaros,815,paladin,retribution,15,10,5
Sàbèr,blackmoore,815,paladin,retribution,23,9,14
Naru,ravenholdt,814,paladin,retribution,17,9,8
Æïs,blackrock,813,paladin,retribution,15,9,6
Valaudu,stormscale,810,paladin,retribution,17,9,8
Khadet,draenor,809,paladin,retribution,22,10,12
Gustavus,emeriss,808,paladin,retribution,34,10,24
Kolam,khaz-modan,807,paladin,retribution,35,15,20
Melnes,draenor,801,paladin,retribution,23,12,11
Eufenia,tarren-mill,800,paladin,retribution,18,9,9
Mcrunt,ravencrest,799,paladin,retribution,14,9,5
Ultravíolett,kargath,799,paladin,retribution,23,9,14
Юримия,blackscar,798,paladin,retribution,17,9,8
Âgreë,frostwhisper,798,paladin,retribution,26,9,17
Whuarro,cthun,797,paladin,retribution,26,9,17
Maffko,kazzak,796,paladin,retribution,14,9,5
Farriborz,silvermoon,794,paladin,retribution,20,9,11
Uriziel,the-shatar,793,paladin,retribution,36,14,22
Хэппипала,soulflayer,783,paladin,retribution,19,9,10
Swäagg,hyjal,768,paladin,retribution,12,8,4
Sariäza,argent-dawn,768,paladin,retribution,12,8,4
Øttøø,outland,768,paladin,retribution,12,8,4
Pakór,blackrock,768,paladin,retribution,12,8,4
Superhick,veknilash,768,paladin,retribution,12,8,4
Classicheroo,stormscale,768,paladin,retribution,12,8,4
Odisea,burning-blade,768,paladin,retribution,12,8,4
Touch,vashj,768,paladin,retribution,12,8,4
Xoriun,norgannon,768,paladin,retribution,12,8,4
Римидал,howling-fjord,768,paladin,retribution,12,8,4
Solntsepek,ravencrest,768,paladin,retribution,12,8,4
Kazui,lordaeron,768,paladin,retribution,12,8,4
Vérdugo,quelthalas,768,paladin,retribution,12,8,4
Shuraé,blackmoore,768,paladin,retribution,12,8,4
Jïncks,anachronos,768,paladin,retribution,12,8,4
Stratarxis,kazzak,768,paladin,retribution,12,8,4
Фантаззер,soulflayer,768,paladin,retribution,12,8,4
Небестворлд,gordunni,768,paladin,retribution,12,8,4
Minpala,kazzak,768,paladin,retribution,12,8,4
Holycow,temple-noir,768,paladin,retribution,12,8,4
Khyleancbum,sanguino,768,paladin,retribution,12,8,4
Ласковыйкуфа,howling-fjord,768,paladin,retribution,15,9,6
Mooriel,burning-legion,768,paladin,retribution,15,9,6
Hijh,tarren-mill,768,paladin,retribution,18,8,10
Abbendis,twisting-nether,768,paladin,retribution,18,8,10
Karnabahar,twisting-nether,768,paladin,retribution,18,8,10
Кисаммэ,howling-fjord,768,paladin,retribution,18,8,10
Postî,eredar,768,paladin,retribution,18,8,10
Témpézt,ravencrest,768,paladin,retribution,18,8,10
Palamag,grim-batol,768,paladin,retribution,18,8,10
Vikingensven,silvermoon,768,paladin,retribution,18,8,10
Agelmar,zuluhed,768,paladin,retribution,18,8,10
Lechita,darksorrow,768,paladin,retribution,18,8,10
Bâbass,sargeras,768,paladin,retribution,18,8,10
Søulréaper,stormscale,768,paladin,retribution,18,8,10
Sekztokio,blackmoore,768,paladin,retribution,18,8,10
Pxæn,archimonde,768,paladin,retribution,18,8,10
Rétalin,blackhand,768,paladin,retribution,18,8,10
Kalanthor,outland,768,paladin,retribution,18,8,10
Пчелодин,howling-fjord,768,paladin,retribution,18,8,10
Bormann,burning-legion,768,paladin,retribution,18,8,10
Iiwar,silvermoon,768,paladin,retribution,18,8,10
Ббпп,howling-fjord,768,paladin,retribution,18,8,10
Endavour,ravencrest,768,paladin,retribution,18,8,10
Bloodbeard,twisting-nether,768,paladin,retribution,18,8,10
Jÿnxx,hyjal,768,paladin,retribution,18,8,10
Enmà,archimonde,768,paladin,retribution,18,8,10
Камверин,soulflayer,768,paladin,retribution,18,8,10
Deresos,anetheron,768,paladin,retribution,18,8,10
Holyinstinct,bronze-dragonflight,768,paladin,retribution,18,8,10
Bigdaddypump,ravencrest,768,paladin,retribution,18,8,10
Retrigodx,ragnaros,768,paladin,retribution,18,8,10
Чемеряк,gordunni,768,paladin,retribution,18,8,10
Эйнис,goldrinn,768,paladin,retribution,18,8,10
Retpala,eitrigg,768,paladin,retribution,18,8,10
Piratalpha,thrall,768,paladin,retribution,18,8,10
Bubblor,ravencrest,768,paladin,retribution,18,8,10
Phazio,twisting-nether,768,paladin,retribution,18,8,10
Caithlyne,ravencrest,768,paladin,retribution,23,8,15
Retisfine,silvermoon,768,paladin,retribution,24,8,16
Azrpal,ravencrest,768,paladin,retribution,24,8,16
Tjabo,burning-blade,768,paladin,retribution,24,8,16
Dadyolimp,kazzak,768,paladin,retribution,24,8,16
Mythorpala,dun-modr,768,paladin,retribution,24,8,16
Shownómercy,stormscale,768,paladin,retribution,24,8,16
Frazyl,kilrogg,768,paladin,retribution,24,8,16
Nexo,bloodscalp,768,paladin,retribution,24,8,16
Mâgnùs,ravencrest,768,paladin,retribution,24,8,16
Powerphally,outland,768,paladin,retribution,24,8,16
Vilayesyo,ravencrest,768,paladin,retribution,24,8,16
Ashmaker,khaz-modan,768,paladin,retribution,24,8,16
Bóokah,blackhand,768,paladin,retribution,24,8,16
Vpl,ravencrest,768,paladin,retribution,26,8,18
Aliceredlips,dun-modr,768,paladin,retribution,30,8,22
Mêyra,blackhand,768,paladin,retribution,32,8,24
Zycqo,silvermoon,768,paladin,retribution,37,8,29
Szelena,outland,767,paladin,retribution,12,8,4
Crossfaded,azjolnerub,767,paladin,retribution,12,8,4
Angeal,ysondre,767,paladin,retribution,12,8,4
Quuri,frostwolf,767,paladin,retribution,12,8,4
Spinzr,draenor,767,paladin,retribution,12,8,4
Luzmortal,zuljin,767,paladin,retribution,12,8,4
Acp,twisting-nether,767,paladin,retribution,12,8,4
Unforsakenx,silvermoon,767,paladin,retribution,12,8,4
Dawnnslayer,kazzak,767,paladin,retribution,12,8,4
Lieris,twisting-nether,767,paladin,retribution,12,8,4
Lightblaster,argent-dawn,767,paladin,retribution,12,8,4
Pitux,dun-modr,767,paladin,retribution,16,9,7
Spikiz,kazzak,767,paladin,retribution,18,8,10
Dideta,colinas-pardas,767,paladin,retribution,18,8,10
Retgrets,kazzak,767,paladin,retribution,18,8,10
Sämaelia,ysondre,767,paladin,retribution,18,8,10
Dêadgame,aegwynn,767,paladin,retribution,18,8,10
Phlakorn,blackhand,767,paladin,retribution,18,8,10
Assÿria,ravencrest,767,paladin,retribution,18,8,10
Atabaí,antonidas,767,paladin,retribution,18,8,10
Néero,defias-brotherhood,767,paladin,retribution,18,8,10
Бальтазёрыч,soulflayer,767,paladin,retribution,18,8,10
Яшкино,soulflayer,767,paladin,retribution,18,8,10
Фуллбастэр,gordunni,767,paladin,retribution,18,8,10
One,grim-batol,767,paladin,retribution,18,8,10
Feliora,magtheridon,767,paladin,retribution,18,8,10
Hordiienko,silvermoon,767,paladin,retribution,18,8,10
Kuhreligion,blackmoore,767,paladin,retribution,18,8,10
Hôrrible,ravencrest,767,paladin,retribution,18,8,10
Baldrheim,culte-de-la-rive-noire,767,paladin,retribution,18,8,10
Banderovez,silvermoon,767,paladin,retribution,18,8,10
Плётка,howling-fjord,767,paladin,retribution,18,8,10
Samuel,ahnqiraj,767,paladin,retribution,18,8,10
Гераций,howling-fjord,767,paladin,retribution,18,8,10
Yuri,voljin,767,paladin,retribution,22,9,13
Artonus,sylvanas,767,paladin,retribution,20,8,12
Froxies,drakthul,767,paladin,retribution,24,8,16
Lusugo,alakir,767,paladin,retribution,24,8,16
Тевтонец,goldrinn,767,paladin,retribution,24,8,16
Freeloliipop,darksorrow,767,paladin,retribution,24,8,16
Yournoboddy,turalyon,767,paladin,retribution,24,8,16
Киръпич,grom,767,paladin,retribution,24,8,16
Saath,malfurion,767,paladin,retribution,24,8,16
Hermmes,alakir,767,paladin,retribution,24,8,16
Thoreas,perenolde,767,paladin,retribution,24,8,16
Øsgar,dun-modr,767,paladin,retribution,25,8,17
Alextrazite,kazzak,767,paladin,retribution,30,8,22
Elovie,dun-modr,767,paladin,retribution,34,8,26
Laugan,ysondre,766,paladin,retribution,12,8,4
Konithis,doomhammer,766,paladin,retribution,12,8,4
Shandju,norgannon,766,paladin,retribution,46,23,23
Bpontes,aggra-português,766,paladin,retribution,18,8,10
Méény,archimonde,766,paladin,retribution,18,8,10
Onyr,hyjal,766,paladin,retribution,18,8,10
Beefbombs,blackmoore,766,paladin,retribution,18,8,10
Yasfy,stormscale,766,paladin,retribution,24,8,16
Sienna,kazzak,766,paladin,retribution,24,8,16
Ôpheliâ,blackmoore,765,paladin,retribution,12,8,4
Mbp,blackmoore,765,paladin,retribution,18,8,10
Ralfx,ragnaros,765,paladin,retribution,18,8,10
Jezrien,khazgoroth,765,paladin,retribution,18,8,10
Disconnector,aegwynn,765,paladin,retribution,24,8,16
Palladia,rexxar,765,paladin,retribution,24,8,16
Retroon,doomhammer,764,paladin,retribution,18,8,10
Trøllørd,shattrath,764,paladin,retribution,18,8,10
Werepala,drakthul,764,paladin,retribution,18,8,10
Luridity,argent-dawn,764,paladin,retribution,24,8,16
Lewanor,tarren-mill,763,paladin,retribution,12,8,4
Ahritea,blackrock,763,paladin,retribution,12,8,4
Wingedguard,ragnaros,763,paladin,retribution,12,8,4
Skimer,outland,763,paladin,retribution,13,8,5
Стекловатный,gordunni,762,paladin,retribution,12,8,4
Tank,uldum,762,paladin,retribution,12,8,4
Mjukadin,ravencrest,762,paladin,retribution,18,8,10
Цабля,gordunni,762,paladin,retribution,18,8,10
Aue,blackmoore,761,paladin,retribution,12,8,4
Vondarkmoor,magtheridon,761,paladin,retribution,18,8,10
Mámmon,arthas,761,paladin,retribution,24,8,16
Torczy,frostwhisper,760,paladin,retribution,12,8,4
Maxelx,doomhammer,760,paladin,retribution,12,8,4
Tripani,twisting-nether,760,paladin,retribution,18,8,10
Benø,malganis,760,paladin,retribution,24,8,16
Curélien,argent-dawn,758,paladin,retribution,30,8,22
Jily,suramar,755,paladin,retribution,18,8,10
Oheiligster,kult-der-verdammten,755,paladin,retribution,18,8,10
Grundgron,burning-legion,753,paladin,retribution,27,8,19
Lawrence,deathwing,748,paladin,retribution,24,8,16
Ryüü,uldaman,748,paladin,retribution,42,13,29
Nicopala,khaz-modan,747,paladin,retribution,18,8,10
Meliödas,sylvanas,736,paladin,retribution,22,8,14
Grayparser,silvermoon,735,paladin,retribution,14,9,5
Nollieflipx,tarren-mill,735,paladin,retribution,17,8,9
Mercuria,dun-modr,735,paladin,retribution,23,8,15
Nomercyl,suramar,732,paladin,retribution,16,9,7
Vymer,ravencrest,730,paladin,retribution,17,8,9
Helvirya,defias-brotherhood,721,paladin,retribution,262,109,153
Ragnarauc,elune,720,paladin,retribution,15,8,7
Kelianna,drakthul,719,paladin,retribution,18,9,9
Cøygonne,archimonde,719,paladin,retribution,27,8,19
Serawyn,twisting-nether,718,paladin,retribution,15,8,7
Unbreakable,eredar,717,paladin,retribution,15,8,7
Darkironpala,argent-dawn,717,paladin,retribution,21,8,13
Ukbling,steamwheedle-cartel,717,paladin,retribution,44,9,35
Palarezz,ysondre,713,paladin,retribution,28,10,18
Gaab,aggra-português,707,paladin,retribution,26,9,17
Caps,the-venture-co,704,paladin,retribution,22,8,14
Óoc,outland,703,paladin,retribution,11,8,3
Aelthir,kazzak,703,paladin,retribution,11,8,3
Retriot,silvermoon,703,paladin,retribution,20,8,12
Myxas,tarren-mill,702,paladin,retribution,14,8,6
Jobsu,defias-brotherhood,702,paladin,retribution,15,8,7
Ericpala,turalyon,702,paladin,retribution,17,8,9
Angelepetit,hyjal,701,paladin,retribution,16,8,8
Kubrat,eredar,700,paladin,retribution,54,18,36
Rafistor,khaz-modan,696,paladin,retribution,35,11,24
Hanterus,antonidas,691,paladin,retribution,20,8,12
Sawier,ragnaros,688,paladin,retribution,19,8,11
Luveria,der-rat-von-dalaran,687,paladin,retribution,13,8,5
Gradepal,drakthul,687,paladin,retribution,19,8,11
Megadef,twisting-nether,672,paladin,retribution,12,7,5
Миллиционер,razuvious,672,paladin,retribution,12,7,5
Deckardpain,shattered-hand,672,paladin,retribution,12,7,5
Solanarion,burning-legion,672,paladin,retribution,12,7,5
Nøradin,argent-dawn,672,paladin,retribution,12,7,5
Kikipoti,ravenholdt,672,paladin,retribution,12,7,5
Skycraft,kazzak,672,paladin,retribution,12,7,5
Проверялка,thermaplugg,672,paladin,retribution,12,7,5
Pratiarch,kazzak,672,paladin,retribution,12,7,5
Ufø,thrall,672,paladin,retribution,12,7,5
Zacharis,drakthul,672,paladin,retribution,12,7,5
Mâlâk,dun-modr,672,paladin,retribution,12,7,5
Amycus,zuljin,672,paladin,retribution,12,7,5
Leónardo,kazzak,672,paladin,retribution,12,7,5
Ellünca,ravencrest,672,paladin,retribution,12,7,5
Petsadin,ravencrest,672,paladin,retribution,12,7,5
Percocetx,tarren-mill,672,paladin,retribution,12,7,5
Sunblazer,draenor,672,paladin,retribution,12,7,5
Sismast,argent-dawn,672,paladin,retribution,12,7,5
Veganbeefman,draenor,672,paladin,retribution,12,7,5
Decive,outland,672,paladin,retribution,12,7,5
Uriens,zuljin,672,paladin,retribution,12,7,5
Дикийчёрт,gordunni,672,paladin,retribution,12,7,5
Néméssisx,ravencrest,672,paladin,retribution,12,7,5
Negash,archimonde,672,paladin,retribution,12,7,5
Лантана,howling-fjord,672,paladin,retribution,12,7,5
Shjami,rexxar,672,paladin,retribution,12,7,5
Noiwings,sanguino,672,paladin,retribution,12,7,5
Corrâ,blackmoore,672,paladin,retribution,12,7,5
Röcc,draenor,672,paladin,retribution,12,7,5
Matsuna,blackrock,672,paladin,retribution,12,7,5
Xônia,sylvanas,672,paladin,retribution,12,7,5
Fatherabdul,ravencrest,672,paladin,retribution,12,7,5
Ceca,lightnings-blade,672,paladin,retribution,12,7,5
Kralenko,archimonde,672,paladin,retribution,12,7,5
Miriem,twisting-nether,672,paladin,retribution,12,7,5
Нефростинг,gordunni,672,paladin,retribution,12,7,5
Noskillxd,kragjin,672,paladin,retribution,12,7,5
Megashafted,ravencrest,672,paladin,retribution,12,7,5
Pâlâpâm,blackmoore,672,paladin,retribution,12,7,5
Ginka,blackrock,672,paladin,retribution,12,7,5
Bämschi,blackrock,672,paladin,retribution,12,7,5
Juicyhammers,ragnaros,672,paladin,retribution,12,7,5
Лиривель,howling-fjord,672,paladin,retribution,12,7,5
Arkhàn,ravencrest,672,paladin,retribution,12,7,5
Naylaeh,draenor,672,paladin,retribution,12,7,5
Davè,blackmoore,672,paladin,retribution,12,7,5
Vircy,outland,672,paladin,retribution,12,7,5
Yasuomid,sanguino,672,paladin,retribution,12,7,5
Блудиз,howling-fjord,672,paladin,retribution,12,7,5
Шефлион,soulflayer,672,paladin,retribution,12,7,5
Lighteousnes,blackmoore,672,paladin,retribution,12,7,5
Pressthere,tarren-mill,672,paladin,retribution,12,7,5
Punlac,draenor,672,paladin,retribution,12,7,5
Holymolee,blackmoore,672,paladin,retribution,15,7,8
Pappnas,blackmoore,672,paladin,retribution,18,7,11
Sunforged,bloodhoof,672,paladin,retribution,18,7,11
Ritaora,aggramar,672,paladin,retribution,18,7,11
Trixbunny,arathor,672,paladin,retribution,18,7,11
Лаунесса,gordunni,672,paladin,retribution,18,7,11
Littlenight,emerald-dream,672,paladin,retribution,18,7,11
Trýhærd,ragnaros,672,paladin,retribution,18,7,11
Apocalypsé,twisting-nether,672,paladin,retribution,18,7,11
Ingenuous,draenor,672,paladin,retribution,18,7,11
Arbuzno,draenor,672,paladin,retribution,18,7,11
Alersia,twisting-nether,672,paladin,retribution,18,7,11
Matchstick,defias-brotherhood,672,paladin,retribution,18,7,11
Hännó,malganis,672,paladin,retribution,18,7,11
Drident,die-nachtwache,672,paladin,retribution,18,7,11
Pìnkyy,draenor,672,paladin,retribution,18,7,11
Oldsurehand,blackmoore,672,paladin,retribution,18,7,11
Mawrâ,twisting-nether,672,paladin,retribution,18,7,11
Алепос,gordunni,672,paladin,retribution,18,7,11
Melyntholdra,argent-dawn,672,paladin,retribution,18,7,11
Smackhammer,tarren-mill,672,paladin,retribution,18,7,11
Calliopes,tarren-mill,672,paladin,retribution,18,7,11
Jiricech,tarren-mill,672,paladin,retribution,18,7,11
Мериатас,soulflayer,672,paladin,retribution,18,7,11
Nicklovsofia,silvermoon,672,paladin,retribution,18,7,11
Títanîa,blackmoore,672,paladin,retribution,18,7,11
Azapala,kazzak,672,paladin,retribution,18,7,11
Tezmodian,antonidas,672,paladin,retribution,18,7,11
Destaen,kazzak,672,paladin,retribution,18,7,11
Lommeuld,auchindoun,672,paladin,retribution,18,7,11
Palamauka,kazzak,672,paladin,retribution,18,7,11
Seekêr,tarren-mill,672,paladin,retribution,18,7,11
Scairtin,ravencrest,672,paladin,retribution,18,7,11
Himboqueenxo,argent-dawn,672,paladin,retribution,18,7,11
Norganpala,die-aldor,672,paladin,retribution,18,7,11
Arshiaa,ravencrest,672,paladin,retribution,21,8,13
Глаймис,gordunni,672,paladin,retribution,22,8,14
Chiriner,drakthul,672,paladin,retribution,21,7,14
Nôva,stormscale,672,paladin,retribution,23,7,16
ßlitzkrieg,blackmoore,672,paladin,retribution,24,7,17
Shabbyy,bronzebeard,672,paladin,retribution,24,7,17
Ramhal,stormscale,672,paladin,retribution,24,7,17
Атмта,razuvious,672,paladin,retribution,24,7,17
Zerlat,twisting-nether,672,paladin,retribution,24,7,17
Myrmidan,magtheridon,672,paladin,retribution,24,7,17
Ашилолпро,soulflayer,672,paladin,retribution,24,7,17
Boscho,argent-dawn,672,paladin,retribution,24,7,17
Ящеры,gordunni,672,paladin,retribution,24,7,17
Cáranthír,draenor,672,paladin,retribution,24,7,17
Manole,ravencrest,672,paladin,retribution,24,7,17
Yaloh,sylvanas,672,paladin,retribution,24,7,17
Nurix,dun-modr,672,paladin,retribution,24,7,17
Aranael,nemesis,672,paladin,retribution,30,7,23
Bahamamama,ambossar,671,paladin,retribution,12,7,5
Архемор,ashenvale,671,paladin,retribution,12,7,5
Roskof,archimonde,671,paladin,retribution,12,7,5
Bronan,draenor,671,paladin,retribution,12,7,5
Wolfpala,drakthul,671,paladin,retribution,12,7,5
Gbejr,xavius,671,paladin,retribution,12,7,5
Mýv,archimonde,671,paladin,retribution,12,7,5
Liamisi,blackhand,671,paladin,retribution,12,7,5
Zpock,archimonde,671,paladin,retribution,12,7,5
Odregon,draenor,671,paladin,retribution,12,7,5
Lanny,blackhand,671,paladin,retribution,12,7,5
Каншеом,gordunni,671,paladin,retribution,12,7,5
Isotun,kazzak,671,paladin,retribution,12,7,5
Veest,doomhammer,671,paladin,retribution,12,7,5
Timoxas,kazzak,671,paladin,retribution,12,7,5
Bryelle,dalaran,671,paladin,retribution,12,7,5
Baltyros,thrall,671,paladin,retribution,12,7,5
Retzzo,ravencrest,671,paladin,retribution,12,7,5
Starr,confrérie-du-thorium,671,paladin,retribution,12,7,5
Liliána,ragnaros,671,paladin,retribution,12,7,5
Selerin,draenor,671,paladin,retribution,12,7,5
Sakred,hellscream,671,paladin,retribution,12,7,5
Granadir,doomhammer,671,paladin,retribution,12,7,5
Amatar,ravencrest,671,paladin,retribution,12,7,5
Раикерс,gordunni,671,paladin,retribution,12,7,5
Киэрсис,howling-fjord,671,paladin,retribution,12,7,5
Vultrix,tarren-mill,671,paladin,retribution,12,7,5
Kolts,ragnaros,671,paladin,retribution,12,7,5
Gavain,blackhand,671,paladin,retribution,12,7,5
Ôrâ,archimonde,671,paladin,retribution,15,8,7
Dragg,kirin-tor,671,paladin,retribution,16,7,9
Тешеус,gordunni,671,paladin,retribution,17,7,10
Nézuko,frostwhisper,671,paladin,retribution,18,7,11
Testovasara,ravencrest,671,paladin,retribution,18,7,11
Kalaraja,dunemaul,671,paladin,retribution,18,7,11
Uhtrèd,turalyon,671,paladin,retribution,18,7,11
Grzegzolnik,twisting-nether,671,paladin,retribution,18,7,11
Adnachiel,blackhand,671,paladin,retribution,18,7,11
Alvíss,sanguino,671,paladin,retribution,18,7,11
Sytrexxer,frostwolf,671,paladin,retribution,18,7,11
Qtek,draenor,671,paladin,retribution,18,7,11
Necadin,ravencrest,671,paladin,retribution,18,7,11
Кесару,goldrinn,671,paladin,retribution,18,7,11
Malbi,kazzak,671,paladin,retribution,18,7,11
Laenira,nemesis,671,paladin,retribution,18,7,11
Konori,mannoroth,671,paladin,retribution,18,7,11
Erethes,magtheridon,671,paladin,retribution,18,7,11
Patrice,blutkessel,671,paladin,retribution,18,7,11
Ardalìon,archimonde,671,paladin,retribution,18,7,11
Рогафайти,goldrinn,671,paladin,retribution,18,7,11
Giglix,twisting-nether,671,paladin,retribution,18,7,11
Tunaonion,draenor,671,paladin,retribution,18,7,11
Galath,drakthul,671,paladin,retribution,24,7,17
Öbedö,malganis,671,paladin,retribution,24,7,17
Onestone,wrathbringer,671,paladin,retribution,30,7,23
Zyklôn,antonidas,671,paladin,retribution,30,7,23
Retxmode,ravencrest,670,paladin,retribution,12,7,5
Rady,neptulon,670,paladin,retribution,12,7,5
Edb,silvermoon,670,paladin,retribution,12,7,5
Buddy,conseil-des-ombres,670,paladin,retribution,15,8,7
Thandoro,amanthul,670,paladin,retribution,18,7,11
Prótpál,the-maelstrom,670,paladin,retribution,18,7,11
Mjoky,the-maelstrom,670,paladin,retribution,18,7,11
Perícles,the-maelstrom,670,paladin,retribution,18,7,11
Halldòr,ravencrest,670,paladin,retribution,24,7,17
Gredain,argent-dawn,669,paladin,retribution,12,7,5
Babajõ,twisting-nether,669,paladin,retribution,12,7,5
Retribuser,tarren-mill,669,paladin,retribution,12,7,5
Vhredny,burning-legion,669,paladin,retribution,18,7,11
Baymanda,tarren-mill,669,paladin,retribution,18,7,11
Refjâsk,drekthar,669,paladin,retribution,24,7,17
Гёрди,fordragon,668,paladin,retribution,13,7,6
Stêx,anubarak,667,paladin,retribution,12,7,5
Megara,bronze-dragonflight,667,paladin,retribution,12,7,5
Tobebryant,eonar,667,paladin,retribution,12,7,5
Shennzo,wildhammer,667,paladin,retribution,12,7,5
Святойбас,gordunni,667,paladin,retribution,12,7,5
Konst,argent-dawn,667,paladin,retribution,12,7,5
Willmasmashn,blackmoore,667,paladin,retribution,18,7,11
Cúraga,ravencrest,667,paladin,retribution,24,7,17
Bedrock,kirin-tor,666,paladin,retribution,12,7,5
Ксинем,howling-fjord,666,paladin,retribution,16,8,8
Paladinslaye,dun-modr,666,paladin,retribution,30,7,23
Шелволк,eversong,665,paladin,retribution,18,7,11
Täntra,cthun,665,paladin,retribution,18,7,11
Zealotic,doomhammer,664,paladin,retribution,12,7,5
Pallido,exodar,664,paladin,retribution,12,7,5
Chikaz,archimonde,664,paladin,retribution,20,10,10
Halimox,terokkar,664,paladin,retribution,18,7,11
Blinklys,ragnaros,664,paladin,retribution,18,7,11
Nhum,destromath,663,paladin,retribution,18,7,11
Purpledurple,twisting-nether,663,paladin,retribution,18,7,11
Sarinise,draenor,662,paladin,retribution,12,7,5
Роклэс,gordunni,662,paladin,retribution,12,7,5
Thebøss,blackmoore,662,paladin,retribution,18,7,11
Belzed,draenor,660,paladin,retribution,15,8,7
Келлен,gordunni,660,paladin,retribution,18,7,11
Сашок,gordunni,657,paladin,retribution,12,7,5
Ядб,gordunni,655,paladin,retribution,18,7,11
Bogrács,silvermoon,655,paladin,retribution,23,7,16
Sindur,perenolde,651,paladin,retribution,18,7,11
Breezpal,twisting-nether,639,paladin,retribution,17,7,10
Trístesse,tarren-mill,639,paladin,retribution,23,7,16
Samànta,nemesis,623,paladin,retribution,11,7,4
Gwynbleyd,twisting-nether,622,paladin,retribution,11,7,4
Маефис,gordunni,622,paladin,retribution,24,8,16
Nybrash,sanguino,620,paladin,retribution,15,7,8
Séphiran,hyjal,618,paladin,retribution,15,9,6
Goofyaf,ravencrest,618,paladin,retribution,16,9,7
Aïzo,archimonde,618,paladin,retribution,21,8,13
Скадих,soulflayer,618,paladin,retribution,22,8,14
Hurrier,outland,617,paladin,retribution,21,8,13
Pelbo,ravencrest,617,paladin,retribution,21,8,13
Mariaremarc,silvermoon,617,paladin,retribution,25,8,17
Авереон,gordunni,617,paladin,retribution,29,8,21
Ренегадер,thermaplugg,615,paladin,retribution,12,8,4
Shrelia,eredar,615,paladin,retribution,21,9,12
Avgudaren,draenor,607,paladin,retribution,14,7,7
Emlo,thrall,607,paladin,retribution,14,7,7
Leouric,argent-dawn,607,paladin,retribution,20,7,13
Geak,tarren-mill,607,paladin,retribution,20,7,13
Lightswrath,thunderhorn,606,paladin,retribution,12,7,5
Алланор,fordragon,584,paladin,retribution,13,8,5
Hesitated,kazzak,576,paladin,retribution,6,6,0
Twomog,ravencrest,576,paladin,retribution,6,6,0
Кенриэль,howling-fjord,576,paladin,retribution,6,6,0
Starkgaryen,dun-modr,576,paladin,retribution,6,6,0
Модрес,soulflayer,576,paladin,retribution,6,6,0
Zatoxi,frostmane,576,paladin,retribution,6,6,0
Milner,stormreaver,576,paladin,retribution,12,6,6
Кизарыч,galakrond,576,paladin,retribution,12,6,6
Pöm,khaz-modan,576,paladin,retribution,12,6,6
Snowife,drakthul,576,paladin,retribution,12,6,6
Miscodepala,twisting-nether,576,paladin,retribution,12,6,6
Диджейнобабл,howling-fjord,576,paladin,retribution,12,6,6
Elrondyl,magtheridon,576,paladin,retribution,12,6,6
Rokarón,blackhand,576,paladin,retribution,12,6,6
Скварлетх,howling-fjord,576,paladin,retribution,12,6,6
Greko,ysera,576,paladin,retribution,12,6,6
Локопоезд,greymane,576,paladin,retribution,12,6,6
Layonpants,twisting-nether,576,paladin,retribution,12,6,6
Mingyao,sanguino,576,paladin,retribution,12,6,6
Иомос,soulflayer,576,paladin,retribution,12,6,6
Skengdaddy,ragnaros,576,paladin,retribution,12,6,6
Ibanez,lightnings-blade,576,paladin,retribution,12,6,6
Pabló,azshara,576,paladin,retribution,12,6,6
Бордюрчег,howling-fjord,576,paladin,retribution,12,6,6
Seothor,argent-dawn,576,paladin,retribution,12,6,6
Vuutnëx,twisting-nether,576,paladin,retribution,12,6,6
Raceper,the-maelstrom,576,paladin,retribution,12,6,6
Ærîo,dalaran,576,paladin,retribution,12,6,6
Ineffable,dun-modr,576,paladin,retribution,12,6,6
Heldarim,ysondre,576,paladin,retribution,12,6,6
Mekluba,twisting-nether,576,paladin,retribution,12,6,6
Retqt,eredar,576,paladin,retribution,12,6,6
Ауди,howling-fjord,576,paladin,retribution,12,6,6
Eletha,senjin,576,paladin,retribution,12,6,6
Waaynejudgeu,blackhand,576,paladin,retribution,12,6,6
Gabrîel,sanguino,576,paladin,retribution,12,6,6
Aalbringer,blackmoore,576,paladin,retribution,12,6,6
Упругийтуз,gordunni,576,paladin,retribution,12,6,6
Noforgivenes,kazzak,576,paladin,retribution,12,6,6
Plainrage,blackrock,576,paladin,retribution,12,6,6
Divineovic,ravencrest,576,paladin,retribution,12,6,6
Quasarxx,ravencrest,576,paladin,retribution,12,6,6
Stankow,kazzak,576,paladin,retribution,12,6,6
Mansoureagle,kazzak,576,paladin,retribution,12,6,6
Керантий,gordunni,576,paladin,retribution,12,6,6
Килмонгир,gordunni,576,paladin,retribution,12,6,6
Texxi,blackrock,576,paladin,retribution,12,6,6
Kamaska,antonidas,576,paladin,retribution,12,6,6
Téralus,ravencrest,576,paladin,retribution,12,6,6
Vysavo,draenor,576,paladin,retribution,12,6,6
Drekio,blackrock,576,paladin,retribution,12,6,6
Kjellus,tarren-mill,576,paladin,retribution,12,6,6
Nouhada,archimonde,576,paladin,retribution,12,6,6
Argeltal,auchindoun,576,paladin,retribution,12,6,6
Pallachyrk,kazzak,576,paladin,retribution,12,6,6
Holyshêêt,draenor,576,paladin,retribution,12,6,6
Holyjugs,outland,576,paladin,retribution,12,6,6
Стифаний,booty-bay,576,paladin,retribution,12,6,6
Stève,ravencrest,576,paladin,retribution,12,6,6
Tereth,kazzak,576,paladin,retribution,12,6,6
Ashery,elune,576,paladin,retribution,12,6,6
Таймкил,gordunni,576,paladin,retribution,12,6,6
Rothus,bronze-dragonflight,576,paladin,retribution,12,6,6
Raleknrnr,hyjal,576,paladin,retribution,12,6,6
Vnti,outland,576,paladin,retribution,12,6,6
Éllé,der-rat-von-dalaran,576,paladin,retribution,12,6,6
Nesquikudder,kazzak,576,paladin,retribution,12,6,6
Mouncake,archimonde,576,paladin,retribution,12,6,6
Wrappers,archimonde,576,paladin,retribution,12,6,6
Drdax,wildhammer,576,paladin,retribution,12,6,6
Jâuche,blackhand,576,paladin,retribution,12,6,6
Бляля,gordunni,576,paladin,retribution,12,6,6
Akcope,thunderhorn,576,paladin,retribution,12,6,6
Xanesha,archimonde,576,paladin,retribution,12,6,6
Госпелька,blackscar,576,paladin,retribution,12,6,6
Ultimatix,stormscale,576,paladin,retribution,12,6,6
Moossolin,tarren-mill,576,paladin,retribution,12,6,6
Notnerb,outland,576,paladin,retribution,12,6,6
Cildan,talnivarr,576,paladin,retribution,12,6,6
Shockadiin,grim-batol,576,paladin,retribution,12,6,6
Aldio,pozzo-delleternità,576,paladin,retribution,12,6,6
Athoman,nagrand,576,paladin,retribution,12,6,6
Rømpelukt,auchindoun,576,paladin,retribution,12,6,6
Glorfindel,tarren-mill,576,paladin,retribution,12,6,6
Азов,thermaplugg,576,paladin,retribution,12,6,6
Crusxder,kazzak,576,paladin,retribution,12,6,6
Nanduil,stormscale,576,paladin,retribution,12,6,6
Qotro,ravencrest,576,paladin,retribution,12,6,6
Hângôrlo,blackrock,576,paladin,retribution,12,6,6
Yurinovsky,aggra-português,576,paladin,retribution,12,6,6
Luciter,silvermoon,576,paladin,retribution,12,6,6
Reyhann,ravencrest,576,paladin,retribution,12,6,6
Escanør,anetheron,576,paladin,retribution,12,6,6
Arilend,grim-batol,576,paladin,retribution,12,6,6
Palamanyaka,kazzak,576,paladin,retribution,12,6,6
Lévrone,alexstrasza,576,paladin,retribution,12,6,6
Tharduk,outland,576,paladin,retribution,12,6,6
Tuplavv,dunemaul,576,paladin,retribution,12,6,6
Båbyløn,outland,576,paladin,retribution,12,6,6
Bullight,archimonde,576,paladin,retribution,12,6,6
Daizen,blackrock,576,paladin,retribution,12,6,6
Hammertom,stormscale,576,paladin,retribution,16,7,9
Aimee,draenor,576,paladin,retribution,16,7,9
Stooti,ragnaros,576,paladin,retribution,14,6,8
Bierstierr,blackrock,576,paladin,retribution,18,6,12
Esebenjamin,dun-modr,576,paladin,retribution,18,6,12
Bôomayé,archimonde,576,paladin,retribution,18,6,12
Phannelle,ysondre,576,paladin,retribution,18,6,12
Korneta,sanguino,576,paladin,retribution,18,6,12
Kelduril,draenor,576,paladin,retribution,18,6,12
Mooderna,ravencrest,576,paladin,retribution,18,6,12
Topoholy,tarren-mill,576,paladin,retribution,18,6,12
Valzyffs,twisting-nether,576,paladin,retribution,18,6,12
Valeantz,draenor,576,paladin,retribution,18,6,12
Byczorek,turalyon,576,paladin,retribution,18,6,12
Анфлераж,gordunni,576,paladin,retribution,18,6,12
Bigfatpig,ravencrest,576,paladin,retribution,18,6,12
Meldø,drakthul,576,paladin,retribution,18,6,12
Exfire,daggerspine,576,paladin,retribution,18,6,12
Czachadymii,defias-brotherhood,576,paladin,retribution,18,6,12
Dunklerzwerg,the-maelstrom,576,paladin,retribution,18,6,12
Vazayo,ravencrest,576,paladin,retribution,18,6,12
Kelore,hyjal,576,paladin,retribution,18,6,12
Goatmode,echsenkessel,576,paladin,retribution,18,6,12
Mâêdhrøsx,ravencrest,576,paladin,retribution,18,6,12
Nazjra,twisting-nether,576,paladin,retribution,18,6,12
Генатрамбон,howling-fjord,576,paladin,retribution,18,6,12
Ironkra,stormscale,576,paladin,retribution,18,6,12
Îshybî,archimonde,576,paladin,retribution,18,6,12
Illythia,anachronos,576,paladin,retribution,18,6,12
Mathrixo,silvermoon,576,paladin,retribution,18,6,12
Keineshoe,argent-dawn,576,paladin,retribution,18,6,12
Armion,stormscale,576,paladin,retribution,18,6,12
Cycodin,garrosh,576,paladin,retribution,18,6,12
Dobbygotsock,kazzak,576,paladin,retribution,18,6,12
Bothways,stormscale,576,paladin,retribution,18,6,12
Teebxu,outland,576,paladin,retribution,18,6,12
Saht,silvermoon,576,paladin,retribution,18,6,12
Thickets,argent-dawn,576,paladin,retribution,18,6,12
Mylilholy,twisting-nether,576,paladin,retribution,24,6,18
Badtrip,bloodscalp,576,paladin,retribution,24,6,18
Actionjack,area-52,576,paladin,retribution,24,6,18
Huevo,frostmane,576,paladin,retribution,24,6,18
Lôrelei,blackrock,576,paladin,retribution,24,6,18
Yoggbaton,tarren-mill,576,paladin,retribution,24,6,18
Vokesh,silvermoon,576,paladin,retribution,24,6,18
Berethas,darksorrow,575,paladin,retribution,6,6,0
Eldivin,hyjal,575,paladin,retribution,12,6,6
Ustnivkusni,kazzak,575,paladin,retribution,12,6,6
Blazix,kazzak,575,paladin,retribution,12,6,6
Dildodin,ravencrest,575,paladin,retribution,12,6,6
Тамплиир,gordunni,575,paladin,retribution,12,6,6
Ysunna,magtheridon,575,paladin,retribution,12,6,6
Kendomendo,ravencrest,575,paladin,retribution,12,6,6
Hylion,kirin-tor,575,paladin,retribution,12,6,6
Phystos,culte-de-la-rive-noire,575,paladin,retribution,12,6,6
Pewpews,twisting-nether,575,paladin,retribution,12,6,6
Ньюзеропал,howling-fjord,575,paladin,retribution,12,6,6
Naxvrim,antonidas,575,paladin,retribution,12,6,6
Protson,burning-legion,575,paladin,retribution,12,6,6
Phillipe,illidan,575,paladin,retribution,12,6,6
Sæsh,die-aldor,575,paladin,retribution,12,6,6
Kimberveils,blackrock,575,paladin,retribution,12,6,6
Celsia,blackrock,575,paladin,retribution,12,6,6
Skieras,draenor,575,paladin,retribution,12,6,6
Monchéri,stormscale,575,paladin,retribution,12,6,6
Eyebluee,tarren-mill,575,paladin,retribution,12,6,6
Rohb,blackmoore,575,paladin,retribution,12,6,6
Poutoux,archimonde,575,paladin,retribution,12,6,6
Greatme,frostmane,575,paladin,retribution,12,6,6
Mustaach,grim-batol,575,paladin,retribution,12,6,6
Labadin,darkspear,575,paladin,retribution,12,6,6
Runeington,silvermoon,575,paladin,retribution,12,6,6
Tehdark,outland,575,paladin,retribution,12,6,6
Bcrp,ragnaros,575,paladin,retribution,12,6,6
Luxeliel,zuljin,575,paladin,retribution,12,6,6
Holycide,twisting-nether,575,paladin,retribution,12,6,6
Vandorin,dun-morogh,575,paladin,retribution,12,6,6
Retornot,silvermoon,575,paladin,retribution,12,6,6
Helson,draenor,575,paladin,retribution,12,6,6
Ráikou,sylvanas,575,paladin,retribution,12,6,6
Andrõs,argent-dawn,575,paladin,retribution,15,7,8
Asteriia,frostwolf,575,paladin,retribution,16,7,9
Ragonas,mannoroth,575,paladin,retribution,18,6,12
Thærõck,thrall,575,paladin,retribution,18,6,12
Pålegg,emerald-dream,575,paladin,retribution,18,6,12
Solcustos,tarren-mill,575,paladin,retribution,18,6,12
Câlon,twisting-nether,575,paladin,retribution,18,6,12
Szuberto,silvermoon,575,paladin,retribution,18,6,12
Alcadeias,nefarian,575,paladin,retribution,18,6,12
Ippex,silvermoon,575,paladin,retribution,18,6,12
Edathar,argent-dawn,575,paladin,retribution,24,6,18
Roxian,burning-blade,574,paladin,retribution,12,6,6
Goouse,marécage-de-zangar,574,paladin,retribution,12,6,6
Легионор,galakrond,574,paladin,retribution,12,6,6
Mormazor,outland,574,paladin,retribution,12,6,6
Dönki,hyjal,574,paladin,retribution,12,6,6
Babarush,nozdormu,574,paladin,retribution,18,6,12
Humaladi,draenor,574,paladin,retribution,18,6,12
Areiia,antonidas,574,paladin,retribution,24,6,18
Draarks,archimonde,573,paladin,retribution,12,6,6
Baddibubble,argent-dawn,573,paladin,retribution,12,6,6
Moriex,drakthul,573,paladin,retribution,24,6,18
Sèrgàs,blackhand,573,paladin,retribution,24,6,18
Renalex,ravencrest,572,paladin,retribution,12,6,6
Aggipala,blackhand,572,paladin,retribution,18,6,12
Munuin,silvermoon,572,paladin,retribution,18,6,12
Taomeba,runetotem,571,paladin,retribution,12,6,6
Boaka,outland,571,paladin,retribution,18,6,12
Neftys,aegwynn,571,paladin,retribution,18,6,12
Hrubo,drakthul,570,paladin,retribution,12,6,6
Dreadadin,silvermoon,569,paladin,retribution,12,6,6
Elannor,sylvanas,569,paladin,retribution,12,6,6
Nicgr,nemesis,566,paladin,retribution,12,6,6
Vengryn,turalyon,566,paladin,retribution,37,8,29
Shendis,uldaman,565,paladin,retribution,12,6,6
Årés,sanguino,565,paladin,retribution,12,6,6
Севенола,galakrond,565,paladin,retribution,18,6,12
Иусто,howling-fjord,559,paladin,retribution,17,6,11
Ràwx,twisting-nether,559,paladin,retribution,23,6,17
Hegolas,terrordar,557,paladin,retribution,23,6,17
Ретроградий,howling-fjord,543,paladin,retribution,16,6,10
Darkliight,kazzak,542,paladin,retribution,14,7,7
Yornoc,argent-dawn,528,paladin,retribution,15,6,9
Kurasame,eredar,527,paladin,retribution,11,6,5
Ragunav,draenor,527,paladin,retribution,11,6,5
Torím,draenor,527,paladin,retribution,11,6,5
Ichimaru,burning-legion,527,paladin,retribution,11,6,5
Optì,eredar,527,paladin,retribution,11,6,5
Mozg,silvermoon,527,paladin,retribution,17,6,11
Abellá,silvermoon,527,paladin,retribution,23,6,17
Plsdøntusemd,ravencrest,522,paladin,retribution,17,8,9
Purrifire,sylvanas,522,paladin,retribution,16,7,9
Marikido,archimonde,522,paladin,retribution,21,7,14
Окилан,gordunni,522,paladin,retribution,21,7,14
Митахо,gordunni,522,paladin,retribution,21,7,14
Тошши,soulflayer,522,paladin,retribution,28,8,20
Tharis,burning-legion,521,paladin,retribution,17,7,10
Uriel,scarshield-legion,520,paladin,retribution,16,8,8
Råckamoo,emerald-dream,512,paladin,retribution,22,6,16
Hajzlbaba,outland,511,paladin,retribution,14,6,8
Faldrinx,hyjal,511,paladin,retribution,14,6,8
Meýra,aegwynn,511,paladin,retribution,14,6,8
Babypic,ambossar,511,paladin,retribution,14,6,8
Негропаладин,soulflayer,510,paladin,retribution,14,6,8
Rockymarcian,hyjal,506,paladin,retribution,16,6,10
Markomir,frostmourne,495,paladin,retribution,13,6,7
Prínce,earthen-ring,495,paladin,retribution,13,6,7
Mclovinn,hyjal,480,paladin,retribution,6,5,1
Sabríel,ragnaros,480,paladin,retribution,6,5,1
Taurantes,garona,480,paladin,retribution,6,5,1
Rallerexi,silvermoon,480,paladin,retribution,6,5,1
Daj,draenor,480,paladin,retribution,6,5,1
Holypowerr,ragnaros,480,paladin,retribution,6,5,1
Palapix,tarren-mill,480,paladin,retribution,6,5,1
Violetex,blackmoore,480,paladin,retribution,6,5,1
Antajesús,thrall,480,paladin,retribution,6,5,1
Henklord,jaedenar,480,paladin,retribution,6,5,1
Luzdosol,blackrock,480,paladin,retribution,6,5,1
Sulfuroloyd,hyjal,480,paladin,retribution,6,5,1
Feaná,silvermoon,480,paladin,retribution,6,5,1
Chocodin,drakthul,480,paladin,retribution,6,5,1
Yezitzme,blackrock,480,paladin,retribution,6,5,1
Zïons,hyjal,480,paladin,retribution,6,5,1
Licht,sanguino,480,paladin,retribution,6,5,1
Neldöwn,dalaran,480,paladin,retribution,6,5,1
Holyfatherr,draenor,480,paladin,retribution,6,5,1
Nakkii,outland,480,paladin,retribution,6,5,1
Voycetwo,frostwolf,480,paladin,retribution,6,5,1
Röland,sanguino,480,paladin,retribution,6,5,1
Zûrry,arthas,480,paladin,retribution,6,5,1
Tryggt,the-shatar,480,paladin,retribution,6,5,1
Stîp,sanguino,480,paladin,retribution,6,5,1
Paradok,thrall,480,paladin,retribution,6,5,1
Zygerpal,outland,480,paladin,retribution,6,5,1
Vardin,sanguino,480,paladin,retribution,6,5,1
Тенькопыт,howling-fjord,480,paladin,retribution,6,5,1
Melvòó,blackrock,480,paladin,retribution,9,6,3
Ryanretnolds,stormscale,480,paladin,retribution,10,6,4
Pigma,outland,480,paladin,retribution,13,7,6
Bopstar,tarren-mill,480,paladin,retribution,12,5,7
Shanderhilo,pozzo-delleternità,480,paladin,retribution,12,5,7
Harakiri,kargath,480,paladin,retribution,12,5,7
Retzrik,kazzak,480,paladin,retribution,12,5,7
Palafrugell,sanguino,480,paladin,retribution,12,5,7
Himèji,pozzo-delleternità,480,paladin,retribution,12,5,7
Equityy,burning-legion,480,paladin,retribution,12,5,7
Нойззмс,gordunni,480,paladin,retribution,12,5,7
Zetnic,kazzak,480,paladin,retribution,12,5,7
Ksama,ysondre,480,paladin,retribution,12,5,7
Holycowqt,eredar,480,paladin,retribution,12,5,7
Zaopink,blackhand,480,paladin,retribution,12,5,7
Sìlver,conseil-des-ombres,480,paladin,retribution,12,5,7
Milenia,nemesis,480,paladin,retribution,12,5,7
Kylaz,die-ewige-wacht,480,paladin,retribution,12,5,7
Биллирэй,gordunni,480,paladin,retribution,12,5,7
Crupth,outland,480,paladin,retribution,12,5,7
Tiduqt,antonidas,480,paladin,retribution,12,5,7
Truman,draenor,480,paladin,retribution,12,5,7
Schukow,blackhand,480,paladin,retribution,12,5,7
Holysznajt,burning-legion,480,paladin,retribution,12,5,7
Bassutei,outland,480,paladin,retribution,12,5,7
Blokeedaro,sanguino,480,paladin,retribution,12,5,7
Fannypoo,sylvanas,480,paladin,retribution,12,5,7
Oldo,eredar,480,paladin,retribution,12,5,7
Wigsnatcher,argent-dawn,480,paladin,retribution,12,5,7
Clubpaladin,kazzak,480,paladin,retribution,12,5,7
Pompée,dalaran,480,paladin,retribution,12,5,7
Dêstî,silvermoon,480,paladin,retribution,12,5,7
Timias,silvermoon,480,paladin,retribution,12,5,7
Hatoms,hyjal,480,paladin,retribution,12,5,7
Scoobywooby,sanguino,480,paladin,retribution,12,5,7
Бортовский,ashenvale,480,paladin,retribution,12,5,7
Zethhx,stormscale,480,paladin,retribution,12,5,7
Alus,blackmoore,480,paladin,retribution,12,5,7
Cameron,taerar,480,paladin,retribution,12,5,7
Bascelik,outland,480,paladin,retribution,12,5,7
Mozaiczny,burning-legion,480,paladin,retribution,12,5,7
Hiloqtpala,blackmoore,480,paladin,retribution,12,5,7
Roflemente,bladefist,480,paladin,retribution,12,5,7
Гниленький,razuvious,480,paladin,retribution,12,5,7
Ньюфи,deathguard,480,paladin,retribution,12,5,7
Pawlouf,hyjal,480,paladin,retribution,12,5,7
Свётаякорова,thermaplugg,480,paladin,retribution,12,5,7
Prâtox,blackmoore,480,paladin,retribution,12,5,7
Evohammer,silvermoon,480,paladin,retribution,12,5,7
Onishu,blackhand,480,paladin,retribution,12,5,7
Valonforth,magtheridon,480,paladin,retribution,12,5,7
Хам,razuvious,480,paladin,retribution,12,5,7
Petrzajonc,outland,480,paladin,retribution,12,5,7
Arator,terenas,480,paladin,retribution,12,5,7
Darnito,blackmoore,480,paladin,retribution,12,5,7
Morggann,drakthul,480,paladin,retribution,12,5,7
Skølir,rashgarroth,480,paladin,retribution,12,5,7
Bootysmasher,silvermoon,480,paladin,retribution,12,5,7
Chillmachine,stormscale,480,paladin,retribution,12,5,7
Xealyy,ravencrest,480,paladin,retribution,12,5,7
Danrock,ravencrest,480,paladin,retribution,12,5,7
Mecah,hyjal,480,paladin,retribution,12,5,7
Обиронн,howling-fjord,480,paladin,retribution,12,5,7
Docoùla,twisting-nether,480,paladin,retribution,12,5,7
Greckoe,blackhand,480,paladin,retribution,12,5,7
Instaraid,blackmoore,480,paladin,retribution,12,5,7
Боремир,borean-tundra,480,paladin,retribution,12,5,7
Palacetámol,gorgonnash,480,paladin,retribution,12,5,7
Pallajalla,the-maelstrom,480,paladin,retribution,12,5,7
Enviniv,tarren-mill,480,paladin,retribution,12,5,7
Karatus,ravencrest,480,paladin,retribution,12,5,7
Скидульф,blackscar,480,paladin,retribution,12,5,7
Adalric,silvermoon,480,paladin,retribution,12,5,7
Пашштет,gordunni,480,paladin,retribution,12,5,7
Hifyve,kazzak,480,paladin,retribution,12,5,7
Quelly,das-syndikat,480,paladin,retribution,12,5,7
Gallifreya,archimonde,480,paladin,retribution,12,5,7
Héphäistos,silvermoon,480,paladin,retribution,12,5,7
Høj,archimonde,480,paladin,retribution,12,5,7
Prd,grim-batol,480,paladin,retribution,12,5,7
Ðesolace,twisting-nether,480,paladin,retribution,12,5,7
Рукибудды,soulflayer,480,paladin,retribution,12,5,7
Malakbel,ragnaros,480,paladin,retribution,12,5,7
Cêa,blackrock,480,paladin,retribution,12,5,7
Célésté,ravencrest,480,paladin,retribution,12,5,7
Vaalé,aegwynn,480,paladin,retribution,12,5,7
Morsadin,burning-legion,480,paladin,retribution,12,5,7
Duron,dragonblight,480,paladin,retribution,12,5,7
Ракнапали,gordunni,480,paladin,retribution,12,5,7
Blazkowicz,twisting-nether,480,paladin,retribution,12,5,7
Vladium,argent-dawn,480,paladin,retribution,12,5,7
Syjinora,teldrassil,480,paladin,retribution,12,5,7
Эрогот,gordunni,480,paladin,retribution,12,5,7
Bacilla,archimonde,480,paladin,retribution,12,5,7
Danaklies,dragonblight,480,paladin,retribution,12,5,7
Gambá,stormscale,480,paladin,retribution,12,5,7
Ichessepopel,blackrock,480,paladin,retribution,12,5,7
Ênma,archimonde,480,paladin,retribution,12,5,7
Тевеон,gordunni,480,paladin,retribution,12,5,7
Fotoniy,kazzak,480,paladin,retribution,12,5,7
Trixiee,twisting-nether,480,paladin,retribution,12,5,7
Poporfour,archimonde,480,paladin,retribution,12,5,7
Mikalia,aegwynn,480,paladin,retribution,12,5,7
Cølalight,aegwynn,480,paladin,retribution,12,5,7
Swapxyr,aegwynn,480,paladin,retribution,12,5,7
Lyan,archimonde,480,paladin,retribution,12,5,7
Kewell,dun-modr,480,paladin,retribution,12,5,7
Emloses,outland,480,paladin,retribution,12,5,7
Palá,dun-modr,480,paladin,retribution,12,5,7
Роллерблэйд,gordunni,480,paladin,retribution,12,5,7
Deathseekerv,saurfang,480,paladin,retribution,12,5,7
Retdemption,ravencrest,480,paladin,retribution,12,5,7
Kaähz,archimonde,480,paladin,retribution,12,5,7
Сладупся,gordunni,480,paladin,retribution,12,5,7
Ашурыч,gordunni,480,paladin,retribution,12,5,7
Arakir,ragnaros,480,paladin,retribution,12,5,7
Eisenbiaga,blackmoore,480,paladin,retribution,12,5,7
Yuvile,destromath,480,paladin,retribution,12,5,7
Fotmfactory,stormscale,480,paladin,retribution,12,5,7
Takálus,eredar,480,paladin,retribution,12,5,7
Immortality,outland,480,paladin,retribution,15,6,9
Aresian,burning-legion,480,paladin,retribution,13,5,8
Npkk,outland,480,paladin,retribution,16,5,11
Coome,argent-dawn,480,paladin,retribution,17,5,12
Зеппели,gordunni,480,paladin,retribution,18,5,13
Onlyfanuser,stormscale,480,paladin,retribution,18,5,13
Ywrow,burning-blade,480,paladin,retribution,18,5,13
Cøctab,kirin-tor,480,paladin,retribution,18,5,13
Shassera,ravencrest,480,paladin,retribution,18,5,13
Eîon,argent-dawn,480,paladin,retribution,18,5,13
Síndorí,frostwolf,480,paladin,retribution,18,5,13
Trainors,chamber-of-aspects,480,paladin,retribution,18,5,13
Strätholme,drakthul,480,paladin,retribution,18,5,13
Fatalism,draenor,480,paladin,retribution,18,5,13
Xiuya,dun-modr,480,paladin,retribution,18,5,13
Рудиар,lich-king,480,paladin,retribution,18,5,13
Meriween,ravencrest,480,paladin,retribution,18,5,13
Adevald,silvermoon,480,paladin,retribution,18,5,13
Himmelsfuror,proudmoore,480,paladin,retribution,18,5,13
Копранесса,soulflayer,480,paladin,retribution,18,5,13
Nalaea,arathor,480,paladin,retribution,18,5,13
Sfantull,spinebreaker,480,paladin,retribution,18,5,13
Juicycheeks,frostwolf,480,paladin,retribution,18,5,13
Мэркес,fordragon,480,paladin,retribution,18,5,13
Neverdiex,blackrock,480,paladin,retribution,18,5,13
Ijego,silvermoon,480,paladin,retribution,18,5,13
Skemfar,sanguino,480,paladin,retribution,24,5,19
Cadearas,antonidas,480,paladin,retribution,24,5,19
Exobyte,stormscale,480,paladin,retribution,24,5,19
Korgant,burning-legion,480,paladin,retribution,30,5,25
Phlek,drakthul,479,paladin,retribution,6,5,1
Nosliw,frostwolf,479,paladin,retribution,6,5,1
Grannybash,silvermoon,479,paladin,retribution,12,5,7
Dykopala,doomhammer,479,paladin,retribution,12,5,7
Subzerox,ravenholdt,479,paladin,retribution,12,5,7
Taffz,burning-legion,479,paladin,retribution,12,5,7
Vcd,kazzak,479,paladin,retribution,12,5,7
Rettarded,draenor,479,paladin,retribution,12,5,7
Solyra,blackhand,479,paladin,retribution,12,5,7
Missti,azjolnerub,479,paladin,retribution,12,5,7
Pyhälehmä,alakir,479,paladin,retribution,12,5,7
Brammers,doomhammer,479,paladin,retribution,12,5,7
Майнстер,gordunni,479,paladin,retribution,12,5,7
Zelenskiy,ravencrest,479,paladin,retribution,12,5,7
Woezel,draenor,479,paladin,retribution,12,5,7
Angelwings,nefarian,479,paladin,retribution,12,5,7
Lynndora,outland,479,paladin,retribution,12,5,7
Lightsblood,outland,479,paladin,retribution,12,5,7
Bullser,anubarak,479,paladin,retribution,12,5,7
Pallyman,arthas,479,paladin,retribution,12,5,7
Deyvan,dalaran,479,paladin,retribution,12,5,7
Даркхолмь,howling-fjord,479,paladin,retribution,12,5,7
Bakasnoop,hyjal,479,paladin,retribution,12,5,7
Tomforøl,aggramar,479,paladin,retribution,12,5,7
Сасмен,blackscar,479,paladin,retribution,12,5,7
Aion,chamber-of-aspects,479,paladin,retribution,18,5,13
Nasrudan,ravenholdt,479,paladin,retribution,18,5,13
Drestaen,drakthul,479,paladin,retribution,18,5,13
Aelaris,dunemaul,479,paladin,retribution,18,5,13
Eriesh,cthun,479,paladin,retribution,18,5,13
Pipiczek,outland,479,paladin,retribution,23,5,18
Drizuc,bloodhoof,479,paladin,retribution,24,5,19
Klumie,silvermoon,479,paladin,retribution,24,5,19
Mysticlight,sylvanas,478,paladin,retribution,18,8,10
Aluken,nemesis,478,paladin,retribution,12,5,7
Mirelaw,drakthul,478,paladin,retribution,12,5,7
Nerdcore,blackrock,478,paladin,retribution,12,5,7
Shrékhead,hellfire,478,paladin,retribution,12,5,7
Четкийчервь,soulflayer,478,paladin,retribution,18,5,13
Chofre,thunderhorn,477,paladin,retribution,18,5,13
Luciiano,malygos,476,paladin,retribution,12,5,7
Zantria,alleria,476,paladin,retribution,12,5,7
Magott,doomhammer,475,paladin,retribution,12,5,7
Lysân,eredar,475,paladin,retribution,12,5,7
ßell,antonidas,475,paladin,retribution,12,5,7
Izri,hellscream,475,paladin,retribution,12,5,7
Methynox,khaz-modan,475,paladin,retribution,18,5,13
Parkla,twisting-nether,473,paladin,retribution,12,5,7
Yeohinyiu,khaz-modan,472,paladin,retribution,12,5,7
Hateze,kazzak,472,paladin,retribution,12,5,7
Yeretria,krasus,472,paladin,retribution,12,5,7
Funchö,grim-batol,463,paladin,retribution,20,5,15
Stunheallol,blackrock,448,paladin,retribution,10,5,5
Sacro,quelthalas,447,paladin,retribution,11,5,6
Slayton,twisting-nether,447,paladin,retribution,11,5,6
Гкм,howling-fjord,447,paladin,retribution,11,5,6
Meljipson,kazzak,447,paladin,retribution,17,5,12
Msammus,kazzak,447,paladin,retribution,17,5,12
Kevlar,frostmane,446,paladin,retribution,12,6,6
Cattelsaan,hyjal,432,paladin,retribution,9,5,4
Åvra,ysondre,432,paladin,retribution,15,5,10
Sunnyboy,tarren-mill,431,paladin,retribution,11,5,6
Belapala,tarren-mill,431,paladin,retribution,11,5,6
Theodun,xavius,430,paladin,retribution,11,5,6
Siirrinna,tarren-mill,426,paladin,retribution,12,6,6
Бэнсон,ashenvale,426,paladin,retribution,15,6,9
Кольт,borean-tundra,426,paladin,retribution,17,6,11
Mipendz,draenor,426,paladin,retribution,22,6,16
Zell,silvermoon,414,paladin,retribution,16,5,11
Zouppis,ravencrest,400,paladin,retribution,7,5,2
Tosuro,sunstrider,398,paladin,retribution,19,5,14
Unhittable,draenor,384,paladin,retribution,6,4,2
Вэйсспал,howling-fjord,384,paladin,retribution,6,4,2
Deworld,tarren-mill,384,paladin,retribution,6,4,2
Raluz,kazzak,384,paladin,retribution,6,4,2
Бабичпал,soulflayer,384,paladin,retribution,6,4,2
Jamzypaladin,kazzak,384,paladin,retribution,6,4,2
Naizem,dun-modr,384,paladin,retribution,6,4,2
Vulence,the-shatar,384,paladin,retribution,6,4,2
Keem,aszune,384,paladin,retribution,6,4,2
Tyarel,aegwynn,384,paladin,retribution,6,4,2
Zeportpala,archimonde,384,paladin,retribution,6,4,2
Tigurius,zuljin,384,paladin,retribution,6,4,2
Jungergot,aegwynn,384,paladin,retribution,6,4,2
Madarä,arathi,384,paladin,retribution,6,4,2
Referee,blackrock,384,paladin,retribution,6,4,2
Sukársugár,silvermoon,384,paladin,retribution,6,4,2
Aprânax,twisting-nether,384,paladin,retribution,6,4,2
Léona,hyjal,384,paladin,retribution,6,4,2
Zhàø,ysondre,384,paladin,retribution,6,4,2
Dragongîrl,lothar,384,paladin,retribution,6,4,2
Truebeliever,ravencrest,384,paladin,retribution,6,4,2
Æmiø,blackmoore,384,paladin,retribution,6,4,2
Rektardin,quelthalas,384,paladin,retribution,6,4,2
Baldcvnt,ravencrest,384,paladin,retribution,6,4,2
Gunnhilde,stormscale,384,paladin,retribution,6,4,2
Arcillus,stormscale,384,paladin,retribution,6,4,2
Sabriaña,silvermoon,384,paladin,retribution,6,4,2
Кукусяшка,gordunni,384,paladin,retribution,6,4,2
Yourholyness,darksorrow,384,paladin,retribution,6,4,2
Paladoom,magtheridon,384,paladin,retribution,6,4,2
Miskok,twisting-nether,384,paladin,retribution,6,4,2
Лиадринель,howling-fjord,384,paladin,retribution,6,4,2
Cake,alakir,384,paladin,retribution,6,4,2
Oriath,draenor,384,paladin,retribution,6,4,2
Соргосош,gordunni,384,paladin,retribution,6,4,2
Morgoth,daggerspine,384,paladin,retribution,6,4,2
Imtheßoss,pozzo-delleternità,384,paladin,retribution,6,4,2
Elenia,baelgun,384,paladin,retribution,6,4,2
Raratina,draenor,384,paladin,retribution,6,4,2
Позабытый,deathweaver,384,paladin,retribution,6,4,2
Судья,greymane,384,paladin,retribution,6,4,2
Malaquè,dethecus,384,paladin,retribution,6,4,2
Synnas,hyjal,384,paladin,retribution,6,4,2
Udrik,proudmoore,384,paladin,retribution,6,4,2
Chobb,thunderhorn,384,paladin,retribution,6,4,2
Òlymp,blackhand,384,paladin,retribution,6,4,2
Marmotaxx,dun-modr,384,paladin,retribution,6,4,2
Phiana,blackmoore,384,paladin,retribution,6,4,2
Eorzea,auchindoun,384,paladin,retribution,6,4,2
Valentianus,ravencrest,384,paladin,retribution,6,4,2
Veléxis,outland,384,paladin,retribution,6,4,2
Dagren,arathor,384,paladin,retribution,6,4,2
Daddyolimpp,kazzak,384,paladin,retribution,6,4,2
Rölfchen,frostwolf,384,paladin,retribution,6,4,2
Peacekeep,stormscale,384,paladin,retribution,6,4,2
Spartacøn,kazzak,384,paladin,retribution,6,4,2
Atkm,aggramar,384,paladin,retribution,6,4,2
Maýlin,das-konsortium,384,paladin,retribution,6,4,2
Шандарм,howling-fjord,384,paladin,retribution,6,4,2
Джиблэйд,gordunni,384,paladin,retribution,6,4,2
Babycoomer,draenor,384,paladin,retribution,6,4,2
Shevøçk,ravencrest,384,paladin,retribution,6,4,2
Naaruda,kazzak,384,paladin,retribution,6,4,2
Sunstrider,quelthalas,384,paladin,retribution,6,4,2
Mariahuana,sanguino,384,paladin,retribution,6,4,2
Jaime,magtheridon,384,paladin,retribution,6,4,2
Nezgrôs,hyjal,384,paladin,retribution,6,4,2
Alciera,silvermoon,384,paladin,retribution,6,4,2
Jøløz,hyjal,384,paladin,retribution,6,4,2
Melastra,thrall,384,paladin,retribution,6,4,2
Драгмитухел,gordunni,384,paladin,retribution,6,4,2
Colpadeltank,kazzak,384,paladin,retribution,6,4,2
Jiniboy,garrosh,384,paladin,retribution,6,4,2
Elwenepal,archimonde,384,paladin,retribution,6,4,2
Daríon,silvermoon,384,paladin,retribution,6,4,2
Фоггихохо,gordunni,384,paladin,retribution,6,4,2
Tdchopa,ravencrest,384,paladin,retribution,6,4,2
Zùlka,krasus,384,paladin,retribution,6,4,2
Kraco,tarren-mill,384,paladin,retribution,6,4,2
Gökbörû,blackmoore,384,paladin,retribution,6,4,2
Raek,stormscale,384,paladin,retribution,6,4,2
Missmyhoj,archimonde,384,paladin,retribution,6,4,2
Âmroth,blackrock,384,paladin,retribution,6,4,2
Zeggayoda,nemesis,384,paladin,retribution,6,4,2
Idin,nemesis,384,paladin,retribution,6,4,2
Hollypala,stormscale,384,paladin,retribution,6,4,2
Tigér,ravencrest,384,paladin,retribution,6,4,2
Heinzdwise,ravencrest,384,paladin,retribution,6,4,2
Exley,blackmoore,384,paladin,retribution,6,4,2
Danielbróck,argent-dawn,384,paladin,retribution,6,4,2
Volkai,zuljin,384,paladin,retribution,6,4,2
Любитель,azuregos,384,paladin,retribution,6,4,2
Judercy,kaelthas,384,paladin,retribution,6,4,2
Gotrehk,nemesis,384,paladin,retribution,6,4,2
Wiither,argent-dawn,384,paladin,retribution,6,4,2
Teefex,stormscale,384,paladin,retribution,6,4,2
Haudrupp,blackmoore,384,paladin,retribution,6,4,2
Firfiris,twisting-nether,384,paladin,retribution,6,4,2
Crussaden,stormscale,384,paladin,retribution,7,4,3
Zenfuki,draenor,384,paladin,retribution,9,5,4
Ashengelm,silvermoon,384,paladin,retribution,9,5,4
Lotarios,tarren-mill,384,paladin,retribution,9,5,4
Shoogle,alonsus,384,paladin,retribution,9,4,5
Хилвкд,blackscar,384,paladin,retribution,11,4,7
Erebir,burning-blade,384,paladin,retribution,11,4,7
Athênâ,azjolnerub,384,paladin,retribution,15,5,10
Artoriaz,ravencrest,384,paladin,retribution,12,4,8
Touchpally,ravencrest,384,paladin,retribution,12,4,8
Ðrisk,defias-brotherhood,384,paladin,retribution,12,4,8
Myû,die-aldor,384,paladin,retribution,12,4,8
Киилаа,gordunni,384,paladin,retribution,12,4,8
Suavé,ravencrest,384,paladin,retribution,12,4,8
Tjú,mannoroth,384,paladin,retribution,12,4,8
Рокстум,gordunni,384,paladin,retribution,12,4,8
Varreran,argent-dawn,384,paladin,retribution,12,4,8
Yakuron,blackhand,384,paladin,retribution,12,4,8
Lightbreaker,alleria,384,paladin,retribution,12,4,8
Chïefen,twisting-nether,384,paladin,retribution,12,4,8
Zlatniq,kazzak,384,paladin,retribution,12,4,8
Thiccdeeps,aegwynn,384,paladin,retribution,12,4,8
Lopal,silvermoon,384,paladin,retribution,12,4,8
Cyborg,ysondre,384,paladin,retribution,12,4,8
Rèdjàck,nemesis,384,paladin,retribution,12,4,8
Stoneð,antonidas,384,paladin,retribution,12,4,8
Турбобит,gordunni,384,paladin,retribution,12,4,8
Sgiach,draenor,384,paladin,retribution,12,4,8
Дрейв,soulflayer,384,paladin,retribution,12,4,8
Elyeasia,silvermoon,384,paladin,retribution,12,4,8
Hasart,tarren-mill,384,paladin,retribution,12,4,8
Бойкийкот,eversong,384,paladin,retribution,12,4,8
Поддыхдам,gordunni,384,paladin,retribution,12,4,8
Louxoxo,ravencrest,384,paladin,retribution,12,4,8
Meatslice,boulderfist,384,paladin,retribution,12,4,8
Cørleena,eredar,384,paladin,retribution,12,4,8
Sorkara,argent-dawn,384,paladin,retribution,12,4,8
Bundagains,silvermoon,384,paladin,retribution,12,4,8
Lástchaos,madmortem,384,paladin,retribution,12,4,8
Ekber,ravencrest,384,paladin,retribution,12,4,8
Garzad,ravencrest,384,paladin,retribution,12,4,8
Failhammer,tarren-mill,384,paladin,retribution,12,4,8
Kielonpala,kazzak,384,paladin,retribution,12,4,8
Gahar,grim-batol,384,paladin,retribution,12,4,8
Lazorx,eredar,384,paladin,retribution,12,4,8
Gilgadlor,stormscale,384,paladin,retribution,12,4,8
Бладриус,howling-fjord,384,paladin,retribution,12,4,8
Popelarr,burning-blade,384,paladin,retribution,12,4,8
Raudo,stormscale,384,paladin,retribution,12,4,8
Зираэлис,gordunni,384,paladin,retribution,12,4,8
Leam,bronze-dragonflight,384,paladin,retribution,12,4,8
Stjusmussel,ragnaros,384,paladin,retribution,12,4,8
Катсес,eversong,384,paladin,retribution,12,4,8
Roshtrade,stormscale,384,paladin,retribution,12,4,8
Ревирант,howling-fjord,384,paladin,retribution,12,4,8
Ildarian,kazzak,384,paladin,retribution,12,4,8
Shealby,thrall,384,paladin,retribution,12,4,8
Ambîorix,dun-modr,384,paladin,retribution,12,4,8
Zarifence,ragnaros,384,paladin,retribution,12,4,8
Aal,eredar,384,paladin,retribution,12,4,8
Grymbol,boulderfist,384,paladin,retribution,12,4,8
Cyban,twisting-nether,384,paladin,retribution,12,4,8
Розовыйбабл,gordunni,384,paladin,retribution,12,4,8
Yeetholy,ragnaros,384,paladin,retribution,12,4,8
Madeofsteel,silvermoon,384,paladin,retribution,12,4,8
Mbappê,kazzak,384,paladin,retribution,12,4,8
Cafa,turalyon,384,paladin,retribution,12,4,8
Bugohoss,nathrezim,384,paladin,retribution,12,4,8
Somaxpala,burning-legion,384,paladin,retribution,12,4,8
Kimozabie,ravencrest,384,paladin,retribution,12,4,8
Beefcake,bladefist,384,paladin,retribution,12,4,8
Brolaf,drakthul,384,paladin,retribution,12,4,8
Sixtêên,silvermoon,384,paladin,retribution,12,4,8
Beefdaddykuu,ravencrest,384,paladin,retribution,12,4,8
Kyrín,onyxia,384,paladin,retribution,12,4,8
Lucretius,kilrogg,384,paladin,retribution,12,4,8
Astamye,ysondre,384,paladin,retribution,12,4,8
Mystràs,khaz-modan,384,paladin,retribution,12,4,8
Pecar,stormscale,384,paladin,retribution,12,4,8
Blockitp,stormscale,384,paladin,retribution,12,4,8
Alawdi,ysondre,384,paladin,retribution,12,4,8
Arkkipiispa,outland,384,paladin,retribution,12,4,8
Эсмория,gordunni,384,paladin,retribution,12,4,8
Халва,deathguard,384,paladin,retribution,12,4,8
Crowdev,zuljin,384,paladin,retribution,12,4,8
Gellmar,the-maelstrom,384,paladin,retribution,12,4,8
Cheerrios,arathor,384,paladin,retribution,12,4,8
Светиздырки,howling-fjord,384,paladin,retribution,12,4,8
Minfa,argent-dawn,384,paladin,retribution,12,4,8
Mîskine,archimonde,384,paladin,retribution,12,4,8
Aleya,arathor,384,paladin,retribution,12,4,8
Lionknight,sylvanas,384,paladin,retribution,12,4,8
Etzann,draenor,384,paladin,retribution,12,4,8
Karsini,arathor,384,paladin,retribution,12,4,8
Encoreret,kilrogg,384,paladin,retribution,12,4,8
Kÿsse,hyjal,384,paladin,retribution,12,4,8
Jericcho,dun-modr,384,paladin,retribution,12,4,8
Xerya,dun-modr,384,paladin,retribution,12,4,8
Vhestas,dun-modr,384,paladin,retribution,12,4,8
Cartell,dun-morogh,384,paladin,retribution,12,4,8
Nórman,blackhand,384,paladin,retribution,12,4,8
Avengence,dragonblight,384,paladin,retribution,12,4,8
Reedaa,shattered-hand,384,paladin,retribution,12,4,8
Hyduriak,lightnings-blade,384,paladin,retribution,12,4,8
Ivarlordbroc,hyjal,384,paladin,retribution,12,4,8
Palaska,hyjal,384,paladin,retribution,12,4,8
Heidfield,draenor,384,paladin,retribution,12,4,8
Æfhm,blackrock,384,paladin,retribution,12,4,8
Æternal,arathor,384,paladin,retribution,12,4,8
Nicolae,saurfang,384,paladin,retribution,12,4,8
Øazimutø,archimonde,384,paladin,retribution,12,4,8
Ríék,lightbringer,384,paladin,retribution,12,4,8
Dennyboy,sylvanas,384,paladin,retribution,12,4,8
Pastabianco,ravencrest,384,paladin,retribution,12,4,8
Palapaye,archimonde,384,paladin,retribution,12,4,8
Lullabye,runetotem,384,paladin,retribution,12,4,8
Highcrown,argent-dawn,384,paladin,retribution,12,4,8
Douglazz,tarren-mill,384,paladin,retribution,13,4,9
Caedîs,antonidas,384,paladin,retribution,13,4,9
Астарин,gordunni,384,paladin,retribution,18,4,14
Caribbean,outland,384,paladin,retribution,18,4,14
Synáx,blackhand,384,paladin,retribution,18,4,14
Yumhi,dun-modr,384,paladin,retribution,18,4,14
Pepegasensei,ravencrest,384,paladin,retribution,18,4,14
Quelthemar,stormscale,384,paladin,retribution,18,4,14
Notnding,draenor,384,paladin,retribution,18,4,14
Retfull,sylvanas,384,paladin,retribution,18,4,14
Kretheus,argent-dawn,384,paladin,retribution,18,4,14
Загошслакер,howling-fjord,384,paladin,retribution,18,4,14
Tressðr,dun-modr,384,paladin,retribution,18,4,14
Mirihi,ungoro,384,paladin,retribution,18,4,14
Sánexe,blackrock,384,paladin,retribution,18,4,14
Masuroc,antonidas,384,paladin,retribution,18,4,14
Kaatha,archimonde,384,paladin,retribution,18,4,14
Orbia,draenor,384,paladin,retribution,18,4,14
Forthy,drakthul,384,paladin,retribution,18,4,14
Wftw,draenor,384,paladin,retribution,18,4,14
Ezbonk,kazzak,384,paladin,retribution,18,4,14
Trismegistos,bloodhoof,384,paladin,retribution,18,4,14
Ruttodidio,outland,384,paladin,retribution,18,4,14
Neyd,hyjal,384,paladin,retribution,18,4,14
Galaerøn,elune,384,paladin,retribution,18,4,14
Jámesy,ravencrest,384,paladin,retribution,18,4,14
Veriø,dun-modr,384,paladin,retribution,23,4,19
Supersnubben,grim-batol,383,paladin,retribution,6,4,2
Lancelhot,archimonde,383,paladin,retribution,6,4,2
Krögerelf,garrosh,383,paladin,retribution,6,4,2
Микацури,howling-fjord,383,paladin,retribution,6,4,2
Рукаф,soulflayer,383,paladin,retribution,6,4,2
Hilkisen,ragnaros,383,paladin,retribution,12,4,8
Donfilippo,burning-legion,383,paladin,retribution,12,4,8
Syrenia,die-silberne-hand,383,paladin,retribution,12,4,8
Hélls,sargeras,383,paladin,retribution,12,4,8
Paladoon,ravencrest,383,paladin,retribution,12,4,8
Haggís,blackrock,383,paladin,retribution,12,4,8
Omixlis,ragnaros,383,paladin,retribution,12,4,8
Elvyri,silvermoon,383,paladin,retribution,12,4,8
Giuliagirod,kazzak,383,paladin,retribution,12,4,8
Chunpala,silvermoon,383,paladin,retribution,12,4,8
Ságé,thrall,383,paladin,retribution,16,4,12
Lavacalistar,turalyon,383,paladin,retribution,21,5,16
Cliffordd,doomhammer,383,paladin,retribution,18,4,14
Lunarrider,ravencrest,383,paladin,retribution,18,4,14
Helm,emerald-dream,383,paladin,retribution,18,4,14
Shurikèn,khaz-modan,382,paladin,retribution,6,4,2
Izrak,stormscale,382,paladin,retribution,6,4,2
Larth,the-maelstrom,382,paladin,retribution,6,4,2
Kauto,aggra-português,382,paladin,retribution,18,4,14
Anyhra,forscherliga,380,paladin,retribution,12,4,8
Kulgan,aerie-peak,380,paladin,retribution,12,4,8
Palastratos,turalyon,379,paladin,retribution,12,4,8
Quantox,frostwolf,379,paladin,retribution,12,4,8
Bellight,sinstralis,376,paladin,retribution,19,4,15
Бомбящая,howling-fjord,367,paladin,retribution,11,4,7
Errn,ragnaros,367,paladin,retribution,11,4,7
Emakk,darksorrow,351,paladin,retribution,8,5,3
Holyfristy,ragnaros,351,paladin,retribution,11,4,7
Kantfyrste,ravencrest,351,paladin,retribution,11,4,7
Олегсудья,howling-fjord,351,paladin,retribution,11,4,7
Madzy,archimonde,351,paladin,retribution,11,4,7
Taigetos,draenor,351,paladin,retribution,11,4,7
Joeintkaa,ragnaros,351,paladin,retribution,11,4,7
Freemain,doomhammer,336,paladin,retribution,9,4,5
Strcker,sylvanas,336,paladin,retribution,9,4,5
Нимбоо,soulflayer,335,paladin,retribution,11,4,7
Sunsera,blackrock,330,paladin,retribution,8,5,3
Alanore,tarren-mill,330,paladin,retribution,13,6,7
Alexii,azjolnerub,330,paladin,retribution,18,6,12
Каплясвета,gordunni,330,paladin,retribution,15,5,10
Alïstia,archimonde,330,paladin,retribution,22,5,17
Stonebeard,ahnqiraj,329,paladin,retribution,25,5,20
Bafbaf,arathi,329,paladin,retribution,30,5,25
Glâdiatør,blackrock,320,paladin,retribution,10,4,6
Pétaìn,archimonde,320,paladin,retribution,16,4,12
Donkahonk,argent-dawn,319,paladin,retribution,5,4,1
Kyazar,sylvanas,319,paladin,retribution,5,4,1
Vermilia,blackmoore,319,paladin,retribution,8,4,4
Strìke,ragnaros,319,paladin,retribution,8,4,4
Артуроэльф,eversong,318,paladin,retribution,11,4,7
Ønyxqt,archimonde,304,paladin,retribution,7,4,3
Holyshot,sylvanas,288,paladin,retribution,6,3,3
Aklime,blackmoore,288,paladin,retribution,6,3,3
Azzaelea,tarren-mill,288,paladin,retribution,6,3,3
Ozen,blackrock,288,paladin,retribution,6,3,3
Cilodin,blackrock,288,paladin,retribution,6,3,3
Hium,zuljin,288,paladin,retribution,6,3,3
Thòòr,blackmoore,288,paladin,retribution,6,3,3
Veñõm,stormscale,288,paladin,retribution,6,3,3
Guko,frostwolf,288,paladin,retribution,6,3,3
Nympa,sylvanas,288,paladin,retribution,6,3,3
Skìðåððlè,antonidas,288,paladin,retribution,6,3,3
Líghtmare,sylvanas,288,paladin,retribution,6,3,3
Tørque,archimonde,288,paladin,retribution,6,3,3
Daemøs,antonidas,288,paladin,retribution,6,3,3
Dédoniste,archimonde,288,paladin,retribution,6,3,3
Ðåøóýöøðí,ravencrest,288,paladin,retribution,6,3,3
Dominoeffect,sylvanas,288,paladin,retribution,6,3,3
Lightfôrce,blackmoore,288,paladin,retribution,6,3,3
Reptoglad,archimonde,288,paladin,retribution,6,3,3
Vîdelle,eldrethalas,288,paladin,retribution,6,3,3
Veo,sylvanas,288,paladin,retribution,6,3,3
Isgarot,pozzo-delleternità,288,paladin,retribution,6,3,3
Volsen,blackmoore,288,paladin,retribution,6,3,3
Watchmestomp,draenor,288,paladin,retribution,6,3,3
Grievous,sporeggar,288,paladin,retribution,6,3,3
Ênmâ,archimonde,288,paladin,retribution,6,3,3
Rômtone,dalaran,288,paladin,retribution,6,3,3
Hyroshima,archimonde,288,paladin,retribution,6,3,3
Faté,madmortem,288,paladin,retribution,6,3,3
Sekoran,sunstrider,288,paladin,retribution,6,3,3
Strangerx,blackrock,288,paladin,retribution,6,3,3
Hojacat,tarren-mill,288,paladin,retribution,6,3,3
Sparckqt,nemesis,288,paladin,retribution,6,3,3
Myfacehurtz,blackmoore,288,paladin,retribution,6,3,3
Crazydiamond,garona,288,paladin,retribution,6,3,3
Hidån,archimonde,288,paladin,retribution,6,3,3
Animegifx,ragnaros,288,paladin,retribution,6,3,3
Sralana,malfurion,288,paladin,retribution,6,3,3
Artasia,kul-tiras,288,paladin,retribution,6,3,3
Dominiq,argent-dawn,288,paladin,retribution,6,3,3
Shawn,archimonde,288,paladin,retribution,6,3,3
Reinvigorate,alleria,288,paladin,retribution,6,3,3
Hondur,blackmoore,288,paladin,retribution,6,3,3
Mayhem,area-52,288,paladin,retribution,6,3,3
Raketenreiko,blackrock,288,paladin,retribution,6,3,3
Allucere,blackmoore,288,paladin,retribution,6,3,3
Thunderwoman,ragnaros,288,paladin,retribution,6,3,3
Кузнейц,borean-tundra,288,paladin,retribution,6,3,3
Nakariâ,antonidas,288,paladin,retribution,6,3,3
Paladus,laughing-skull,288,paladin,retribution,6,3,3
Neoz,ravencrest,288,paladin,retribution,6,3,3
Amq,blackhand,288,paladin,retribution,6,3,3
Wingz,trollbane,288,paladin,retribution,6,3,3
Eskanor,kilrogg,288,paladin,retribution,6,3,3
Khredo,eredar,288,paladin,retribution,6,3,3
Dyonisøs,archimonde,288,paladin,retribution,6,3,3
Ïrönhämmër,argent-dawn,288,paladin,retribution,6,3,3
Kapsloch,twisting-nether,288,paladin,retribution,6,3,3
Anathena,twisting-nether,288,paladin,retribution,6,3,3
Illusio,defias-brotherhood,288,paladin,retribution,6,3,3
Køllegah,ragnaros,288,paladin,retribution,6,3,3
Perseusz,trollbane,288,paladin,retribution,6,3,3
Lightbinders,ragnaros,288,paladin,retribution,6,3,3
Greebless,draenor,288,paladin,retribution,6,3,3
Heyley,twisting-nether,288,paladin,retribution,6,3,3
Kelsumi,draenor,288,paladin,retribution,6,3,3
Myrtîllê,archimonde,288,paladin,retribution,6,3,3
Divinetoll,argent-dawn,288,paladin,retribution,6,3,3
Reøl,blackmoore,288,paladin,retribution,6,3,3
Бигтедо,gordunni,288,paladin,retribution,6,3,3
Sakulchan,antonidas,288,paladin,retribution,6,3,3
Синтел,eversong,288,paladin,retribution,6,3,3
Zhidria,twisting-nether,288,paladin,retribution,6,3,3
Dolleboy,twisting-nether,288,paladin,retribution,6,3,3
Svipdag,quelthalas,288,paladin,retribution,6,3,3
Sérath,twisting-nether,288,paladin,retribution,6,3,3
Xirôs,zirkel-des-cenarius,288,paladin,retribution,6,3,3
Hampilights,blackmoore,288,paladin,retribution,6,3,3
Jinxdadmilk,twisting-nether,288,paladin,retribution,6,3,3
Muieiulica,twisting-nether,288,paladin,retribution,6,3,3
Deadpally,twisting-nether,288,paladin,retribution,6,3,3
Баблвгкд,soulflayer,288,paladin,retribution,6,3,3
Môdhân,archimonde,288,paladin,retribution,6,3,3
Karligolas,arygos,288,paladin,retribution,6,3,3
Freakks,twisting-nether,288,paladin,retribution,6,3,3
Henrolos,sanguino,288,paladin,retribution,6,3,3
Лайсен,gordunni,288,paladin,retribution,6,3,3
Ñusret,aegwynn,288,paladin,retribution,6,3,3
Lotheirid,antonidas,288,paladin,retribution,6,3,3
Gipas,quelthalas,288,paladin,retribution,6,3,3
Мортлайт,soulflayer,288,paladin,retribution,6,3,3
Sírväs,stormscale,288,paladin,retribution,6,3,3
Макракура,gordunni,288,paladin,retribution,6,3,3
Astralz,aegwynn,288,paladin,retribution,6,3,3
Хилвиновен,gordunni,288,paladin,retribution,6,3,3
Partysyster,defias-brotherhood,288,paladin,retribution,6,3,3
Juicydips,blackrock,288,paladin,retribution,6,3,3
Carï,ravencrest,288,paladin,retribution,6,3,3
Рамстафарай,gordunni,288,paladin,retribution,6,3,3
Moolurk,stormscale,288,paladin,retribution,6,3,3
Aoldur,ragnaros,288,paladin,retribution,6,3,3
Împala,twisting-nether,288,paladin,retribution,6,3,3
Редрот,gordunni,288,paladin,retribution,6,3,3
Meezu,ravencrest,288,paladin,retribution,6,3,3
Illmindofyou,twisting-nether,288,paladin,retribution,6,3,3
Divinemove,stormscale,288,paladin,retribution,6,3,3
Baconhammer,ravencrest,288,paladin,retribution,6,3,3
Skullangel,illidan,288,paladin,retribution,6,3,3
Londrette,kazzak,288,paladin,retribution,6,3,3
Goofyret,ravencrest,288,paladin,retribution,6,3,3
Kräms,cthun,288,paladin,retribution,6,3,3
Tyranius,bronzebeard,288,paladin,retribution,6,3,3
Lixîa,hyjal,288,paladin,retribution,6,3,3
Tyn,dragonmaw,288,paladin,retribution,6,3,3
Selvich,darksorrow,288,paladin,retribution,6,3,3
Retroxy,stormreaver,288,paladin,retribution,6,3,3
Niyahnie,kazzak,288,paladin,retribution,6,3,3
Taukkï,kazzak,288,paladin,retribution,6,3,3
Evenja,ambossar,288,paladin,retribution,6,3,3
Novà,ravencrest,288,paladin,retribution,6,3,3
Trovlie,aegwynn,288,paladin,retribution,6,3,3
Blessbabe,tarren-mill,288,paladin,retribution,6,3,3
Noanoshy,eredar,288,paladin,retribution,6,3,3
Sobolanu,ravencrest,288,paladin,retribution,6,3,3
Tonynox,hyjal,288,paladin,retribution,6,3,3
Ashalanor,kazzak,288,paladin,retribution,6,3,3
Paladikt,teldrassil,288,paladin,retribution,6,3,3
Holydeath,aegwynn,288,paladin,retribution,6,3,3
Grial,eredar,288,paladin,retribution,6,3,3
Palapouffe,khaz-modan,288,paladin,retribution,6,3,3
Käiser,shendralar,288,paladin,retribution,6,3,3
Minirempart,khaz-modan,288,paladin,retribution,6,3,3
Môôses,kazzak,288,paladin,retribution,6,3,3
Nubalas,kazzak,288,paladin,retribution,6,3,3
Hione,burning-legion,288,paladin,retribution,6,3,3
Synthesis,uldum,288,paladin,retribution,6,3,3
Grinchman,outland,288,paladin,retribution,6,3,3
Laycie,kazzak,288,paladin,retribution,6,3,3
Krístjan,silvermoon,288,paladin,retribution,6,3,3
Puffington,tarren-mill,288,paladin,retribution,6,3,3
Rhadamentes,ysondre,288,paladin,retribution,6,3,3
Véngeance,twilights-hammer,288,paladin,retribution,6,3,3
Seirén,grim-batol,288,paladin,retribution,6,3,3
Dezaster,dentarg,288,paladin,retribution,6,3,3
Sixtynien,outland,288,paladin,retribution,6,3,3
Lobofka,spinebreaker,288,paladin,retribution,6,3,3
Xaldrèk,silvermoon,288,paladin,retribution,6,3,3
Holythore,shadowsong,288,paladin,retribution,6,3,3
Anniangel,sanguino,288,paladin,retribution,6,3,3
Sarunan,ravencrest,288,paladin,retribution,6,3,3
Édéssá,turalyon,288,paladin,retribution,6,3,3
Sangriul,outland,288,paladin,retribution,6,3,3
Blookedaro,sanguino,288,paladin,retribution,6,3,3
Khrogan,bronzebeard,288,paladin,retribution,6,3,3
Yoggsaron,dun-modr,288,paladin,retribution,6,3,3
Razztafari,tarren-mill,288,paladin,retribution,6,3,3
Exero,frostmane,288,paladin,retribution,6,3,3
Dathrohan,sanguino,288,paladin,retribution,6,3,3
Брюхатая,howling-fjord,288,paladin,retribution,6,3,3
Fogell,ravencrest,288,paladin,retribution,6,3,3
Rockyll,bloodfeather,288,paladin,retribution,6,3,3
Fumbz,alakir,288,paladin,retribution,6,3,3
Lóde,silvermoon,288,paladin,retribution,6,3,3
Fahrèl,hyjal,288,paladin,retribution,6,3,3
Drstomp,ravencrest,288,paladin,retribution,6,3,3
Septèmber,draenor,288,paladin,retribution,6,3,3
Zeltose,uldaman,288,paladin,retribution,6,3,3
Èrebos,lothar,288,paladin,retribution,6,3,3
Senteha,stormscale,288,paladin,retribution,6,3,3
Xirac,antonidas,288,paladin,retribution,6,3,3
Alekks,silvermoon,288,paladin,retribution,6,3,3
Shaniquua,dun-modr,288,paladin,retribution,6,3,3
Synexy,kazzak,288,paladin,retribution,6,3,3
Milesteris,medivh,288,paladin,retribution,6,3,3
Brorgustav,doomhammer,288,paladin,retribution,6,3,3
Healmacan,thrall,288,paladin,retribution,6,3,3
Høllý,ravencrest,288,paladin,retribution,6,3,3
Ráydrax,dun-modr,288,paladin,retribution,6,3,3
Наладчикк,howling-fjord,288,paladin,retribution,6,3,3
Drwings,drakthul,288,paladin,retribution,6,3,3
Paidi,die-todeskrallen,288,paladin,retribution,6,3,3
Shebapaladin,silvermoon,288,paladin,retribution,6,3,3
Epipheny,frostmane,288,paladin,retribution,6,3,3
Белоус,howling-fjord,288,paladin,retribution,6,3,3
Bashx,outland,288,paladin,retribution,6,3,3
Thomususholy,silvermoon,288,paladin,retribution,6,3,3
Lyrïcs,ysondre,288,paladin,retribution,6,3,3
Belåkor,silvermoon,288,paladin,retribution,6,3,3
Crooswijk,doomhammer,288,paladin,retribution,6,3,3
Lycíus,outland,288,paladin,retribution,6,3,3
Seráphím,ravencrest,288,paladin,retribution,6,3,3
Grafleopold,lothar,288,paladin,retribution,6,3,3
Legenda,grim-batol,288,paladin,retribution,6,3,3
Anmila,anetheron,288,paladin,retribution,6,3,3
Thalyia,neptulon,288,paladin,retribution,6,3,3
Vaciusta,silvermoon,288,paladin,retribution,6,3,3
Notorious,antonidas,288,paladin,retribution,6,3,3
Saintjustice,hyjal,288,paladin,retribution,6,3,3
Golgel,turalyon,288,paladin,retribution,6,3,3
Teronk,terokkar,288,paladin,retribution,6,3,3
Karabas,thrall,288,paladin,retribution,6,3,3
Dadsa,antonidas,288,paladin,retribution,6,3,3
Stárchy,terenas,288,paladin,retribution,6,3,3
Shaká,ravencrest,288,paladin,retribution,6,3,3
Mjjolnir,doomhammer,288,paladin,retribution,6,3,3
Grozdanus,ravencrest,288,paladin,retribution,6,3,3
Astralenigma,hyjal,288,paladin,retribution,6,3,3
Partur,stormreaver,288,paladin,retribution,6,3,3
Léks,arathi,288,paladin,retribution,9,4,5
Weyline,naxxramas,288,paladin,retribution,7,3,4
Dorlen,argent-dawn,288,paladin,retribution,10,4,6
Songg,zuljin,288,paladin,retribution,8,3,5
Aenhel,zuljin,288,paladin,retribution,11,4,7
Tastán,aegwynn,288,paladin,retribution,9,3,6
Gabe,aggra-português,288,paladin,retribution,15,4,11
Japsee,runetotem,288,paladin,retribution,12,3,9
Sacrémounf,archimonde,288,paladin,retribution,12,3,9
Palaxus,archimonde,288,paladin,retribution,12,3,9
Çolette,silvermoon,288,paladin,retribution,12,3,9
Rocheford,silvermoon,288,paladin,retribution,12,3,9
Azmocore,blackhand,288,paladin,retribution,12,3,9
Ультравишня,howling-fjord,288,paladin,retribution,12,3,9
Mandingbull,stormscale,288,paladin,retribution,12,3,9
Simsaii,stormscale,288,paladin,retribution,12,3,9
Vacalistarr,los-errantes,288,paladin,retribution,12,3,9
Whórainzóne,eredar,288,paladin,retribution,12,3,9
Liquêdor,blackrock,288,paladin,retribution,12,3,9
Lylennâ,argent-dawn,288,paladin,retribution,12,3,9
Stonetide,argent-dawn,288,paladin,retribution,12,3,9
Skuzee,archimonde,288,paladin,retribution,12,3,9
Trwwsano,stormscale,288,paladin,retribution,12,3,9
Агранна,soulflayer,288,paladin,retribution,12,3,9
Samewórld,hyjal,288,paladin,retribution,12,3,9
Gala,archimonde,288,paladin,retribution,12,3,9
Trollpaladin,blackmoore,288,paladin,retribution,12,3,9
Forder,drakthul,288,paladin,retribution,12,3,9
Whoopzie,stormscale,288,paladin,retribution,12,3,9
Schoolbus,blackrock,288,paladin,retribution,12,3,9
Taptreus,antonidas,288,paladin,retribution,12,3,9
Dalaly,kazzak,288,paladin,retribution,12,3,9
Иретис,gordunni,288,paladin,retribution,12,3,9
Sangaro,ragnaros,288,paladin,retribution,12,3,9
Cigoveth,sylvanas,288,paladin,retribution,12,3,9
Souror,blackmoore,288,paladin,retribution,12,3,9
Daveskylark,ravencrest,288,paladin,retribution,12,3,9
Iradiues,defias-brotherhood,288,paladin,retribution,12,3,9
Arthàs,blackmoore,288,paladin,retribution,12,3,9
Hyggë,sanguino,288,paladin,retribution,12,3,9
Flogiston,burning-legion,288,paladin,retribution,12,3,9
Proskillver,twisting-nether,288,paladin,retribution,12,3,9
Staturos,burning-legion,288,paladin,retribution,12,3,9
Liquesco,draenor,288,paladin,retribution,12,3,9
Shneéz,blackmoore,288,paladin,retribution,12,3,9
Holyispro,kazzak,288,paladin,retribution,12,3,9
Healsgoodman,twisting-nether,288,paladin,retribution,12,3,9
Ilaris,amanthul,288,paladin,retribution,12,3,9
Тайронх,gordunni,288,paladin,retribution,12,3,9
Pokexx,ragnaros,288,paladin,retribution,12,3,9
Lucyd,stormscale,288,paladin,retribution,12,3,9
Xzpal,silvermoon,288,paladin,retribution,12,3,9
Kypamop,argent-dawn,288,paladin,retribution,12,3,9
Ахелеззик,gordunni,288,paladin,retribution,12,3,9
Slaaneesh,zuljin,288,paladin,retribution,12,3,9
Svåger,stormscale,288,paladin,retribution,12,3,9
Turbopal,burning-blade,288,paladin,retribution,12,3,9
Dmascus,blackrock,288,paladin,retribution,12,3,9
Ардел,grom,288,paladin,retribution,12,3,9
Amadeo,genjuros,288,paladin,retribution,12,3,9
Xrilled,stormreaver,288,paladin,retribution,12,3,9
Ауё,blackscar,288,paladin,retribution,12,3,9
Светочпок,howling-fjord,288,paladin,retribution,12,3,9
Deholyloa,frostwhisper,288,paladin,retribution,12,3,9
Strikè,stormscale,288,paladin,retribution,12,3,9
Shinonorba,draenor,288,paladin,retribution,12,3,9
Аладушок,gordunni,288,paladin,retribution,12,3,9
Fuyúrí,burning-legion,288,paladin,retribution,12,3,9
Inmortality,sanguino,288,paladin,retribution,12,3,9
Artemes,malorne,288,paladin,retribution,12,3,9
Kurtjosef,draenor,288,paladin,retribution,12,3,9
Leseume,archimonde,288,paladin,retribution,12,3,9
Blecheîmer,aegwynn,288,paladin,retribution,12,3,9
Jámíe,kul-tiras,288,paladin,retribution,12,3,9
Kiytrew,ravencrest,288,paladin,retribution,12,3,9
Popolelo,dun-modr,288,paladin,retribution,12,3,9
Галлионн,gordunni,288,paladin,retribution,12,3,9
Harvel,outland,288,paladin,retribution,12,3,9
Бетте,gordunni,288,paladin,retribution,12,3,9
Acction,outland,288,paladin,retribution,12,3,9
Steelrose,auchindoun,288,paladin,retribution,12,3,9
Darkham,nemesis,288,paladin,retribution,12,3,9
Cilla,kult-der-verdammten,288,paladin,retribution,12,3,9
Каадзуто,eversong,288,paladin,retribution,12,3,9
Palatak,outland,288,paladin,retribution,12,3,9
Datrohan,burning-legion,288,paladin,retribution,12,3,9
Izelv,dalaran,288,paladin,retribution,12,3,9
Daddysiliam,ravencrest,288,paladin,retribution,12,3,9
Светлолик,eversong,288,paladin,retribution,12,3,9
Reivah,silvermoon,288,paladin,retribution,12,3,9
Kerplonk,burning-legion,288,paladin,retribution,12,3,9
Althalanor,drekthar,288,paladin,retribution,15,3,12
Agrkan,defias-brotherhood,288,paladin,retribution,17,3,14
Xvoodoo,antonidas,288,paladin,retribution,17,3,14
Selfix,silvermoon,288,paladin,retribution,18,3,15
Fenik,dun-modr,288,paladin,retribution,18,3,15
Sztat,burning-legion,288,paladin,retribution,18,3,15
Paintdafence,kazzak,288,paladin,retribution,18,3,15
Símp,grim-batol,288,paladin,retribution,18,3,15
Lacrossé,kazzak,288,paladin,retribution,18,3,15
Psihar,kazzak,287,paladin,retribution,6,3,3
Arthane,frostmane,287,paladin,retribution,6,3,3
Sìegfrìed,sargeras,287,paladin,retribution,6,3,3
Bariel,lordaeron,287,paladin,retribution,6,3,3
Crazyjackary,anachronos,287,paladin,retribution,6,3,3
Malzj,garrosh,287,paladin,retribution,6,3,3
Lichtbrecher,khazgoroth,287,paladin,retribution,6,3,3
Shiheki,anetheron,287,paladin,retribution,6,3,3
Ïwâ,hyjal,287,paladin,retribution,6,3,3
Althas,kirin-tor,287,paladin,retribution,6,3,3
Voraxpa,draenor,287,paladin,retribution,12,3,9
Brranko,aegwynn,287,paladin,retribution,12,3,9
Trevorion,argent-dawn,287,paladin,retribution,12,3,9
Bore,culte-de-la-rive-noire,287,paladin,retribution,12,3,9
Драйнур,howling-fjord,287,paladin,retribution,12,3,9
Cajikpal,drakthul,287,paladin,retribution,12,3,9
Marcelinin,khaz-modan,287,paladin,retribution,21,4,17
Purgator,sanguino,287,paladin,retribution,18,3,15
Kûlu,alakir,286,paladin,retribution,6,3,3
Bizin,drakthul,286,paladin,retribution,6,3,3
Rsanchez,frostwolf,286,paladin,retribution,6,3,3
Корвинхорн,soulflayer,281,paladin,retribution,18,6,12
Brictom,tarren-mill,271,paladin,retribution,11,3,8
Tofrus,kazzak,271,paladin,retribution,11,3,8
Рбгхил,howling-fjord,271,paladin,retribution,11,3,8
Стилбич,gordunni,256,paladin,retribution,10,3,7
Stefàn,sylvanas,255,paladin,retribution,14,4,10
Bloodl,hakkar,255,paladin,retribution,11,3,8
Lardoron,malygos,255,paladin,retribution,11,3,8
Methoss,ravencrest,240,paladin,retribution,7,4,3
Aleinedia,argent-dawn,240,paladin,retribution,9,3,6
Dodgemyhoj,kazzak,240,paladin,retribution,21,3,18
Papel,kul-tiras,239,paladin,retribution,5,3,2
Aufstapelnx,hyjal,239,paladin,retribution,5,3,2
Pooncy,ragnaros,239,paladin,retribution,5,3,2
Alohaloa,blackrock,239,paladin,retribution,5,3,2
Påladinmamma,sunstrider,239,paladin,retribution,5,3,2
Gõm,aegwynn,239,paladin,retribution,5,3,2
Manyouk,kazzak,239,paladin,retribution,5,3,2
Erannor,kirin-tor,239,paladin,retribution,5,3,2
Cheriedamour,ysondre,239,paladin,retribution,5,3,2
Tuxa,blackrock,234,paladin,retribution,8,4,4
Tÿy,sylvanas,234,paladin,retribution,8,4,4
Jeeq,ravencrest,234,paladin,retribution,9,4,5
Dørvâp,culte-de-la-rive-noire,234,paladin,retribution,11,4,7
Bálerion,bronze-dragonflight,234,paladin,retribution,17,5,12
Millianoxys,norgannon,234,paladin,retribution,14,4,10
Andrøiz,dun-modr,234,paladin,retribution,15,4,11
Плат,gordunni,234,paladin,retribution,18,4,14
Abroxis,alleria,224,paladin,retribution,10,3,7
Beiluoshimen,archimonde,223,paladin,retribution,14,3,11
Bigwings,stormscale,208,paladin,retribution,13,3,10
Тазикчая,soulflayer,192,paladin,retribution,4,3,1
Casiimuero,los-errantes,192,paladin,retribution,4,3,1
Valteryl,argent-dawn,192,paladin,retribution,4,3,1
Denko,ravencrest,192,paladin,retribution,4,3,1
Sharth,dalaran,192,paladin,retribution,4,3,1
Certho,amanthul,192,paladin,retribution,9,3,6
Drjudge,draenor,192,paladin,retribution,6,2,4
Paradice,ragnaros,192,paladin,retribution,6,2,4
Rhonda,tarren-mill,192,paladin,retribution,6,2,4
Zuldekk,sanguino,192,paladin,retribution,6,2,4
Csvepanszul,ragnaros,192,paladin,retribution,6,2,4
Retrikuc,stormscale,192,paladin,retribution,6,2,4
Aksoû,hyjal,192,paladin,retribution,6,2,4
Necrozi,stormscale,192,paladin,retribution,6,2,4
Lemarobebsi,draenor,192,paladin,retribution,6,2,4
Spellcrow,argent-dawn,192,paladin,retribution,6,2,4
Потрепал,blackscar,192,paladin,retribution,6,2,4
Halløwed,draenor,192,paladin,retribution,6,2,4
Flashhèart,draenor,192,paladin,retribution,6,2,4
Донхеген,galakrond,192,paladin,retribution,6,2,4
Гачипаладинн,galakrond,192,paladin,retribution,6,2,4
Komamrod,archimonde,192,paladin,retribution,6,2,4
Yaxz,ravencrest,192,paladin,retribution,6,2,4
Димаходж,blackscar,192,paladin,retribution,6,2,4
Radiantblood,ravencrest,192,paladin,retribution,6,2,4
Xoconuttv,ravencrest,192,paladin,retribution,6,2,4
Туларион,grom,192,paladin,retribution,6,2,4
Buddala,aerie-peak,192,paladin,retribution,6,2,4
Boturak,blackrock,192,paladin,retribution,6,2,4
Skankié,draenor,192,paladin,retribution,6,2,4
Пепескарлет,howling-fjord,192,paladin,retribution,6,2,4
Peachead,archimonde,192,paladin,retribution,6,2,4
Drasir,nemesis,192,paladin,retribution,6,2,4
Афликтшаман,howling-fjord,192,paladin,retribution,6,2,4
Лебоввски,blackscar,192,paladin,retribution,6,2,4
Blazeê,blackrock,192,paladin,retribution,6,2,4
Stupidgame,outland,192,paladin,retribution,6,2,4
Témplár,ragnaros,192,paladin,retribution,6,2,4
Ejoz,suramar,192,paladin,retribution,6,2,4
Evelelor,ravencrest,192,paladin,retribution,6,2,4
Bookmarkz,stormscale,192,paladin,retribution,6,2,4
Азерит,galakrond,192,paladin,retribution,6,2,4
Doomhornqt,outland,192,paladin,retribution,6,2,4
Скруддж,howling-fjord,192,paladin,retribution,6,2,4
Thelinara,antonidas,192,paladin,retribution,6,2,4
Aragonm,outland,192,paladin,retribution,6,2,4
Shápzx,draenor,192,paladin,retribution,6,2,4
Akako,outland,192,paladin,retribution,6,2,4
Sprited,twisting-nether,192,paladin,retribution,6,2,4
Iamdurumrush,outland,192,paladin,retribution,6,2,4
Shirohige,pozzo-delleternità,192,paladin,retribution,6,2,4
Загадзуга,howling-fjord,192,paladin,retribution,6,2,4
Finnstrong,aegwynn,192,paladin,retribution,6,2,4
Legrandnain,archimonde,192,paladin,retribution,6,2,4
Trainwréck,ravencrest,192,paladin,retribution,6,2,4
Strøb,antonidas,192,paladin,retribution,6,2,4
Eneomaos,blackrock,192,paladin,retribution,6,2,4
Blurengo,blackrock,192,paladin,retribution,6,2,4
Blinkdrink,ragnaros,192,paladin,retribution,6,2,4
Marihuána,ragnaros,192,paladin,retribution,6,2,4
Lùthér,argent-dawn,192,paladin,retribution,6,2,4
Стасятко,grom,192,paladin,retribution,6,2,4
Jelicy,antonidas,192,paladin,retribution,6,2,4
Unluckycrit,ravencrest,192,paladin,retribution,6,2,4
Logmár,sanguino,192,paladin,retribution,6,2,4
Soxsnort,twisting-nether,192,paladin,retribution,6,2,4
Hompra,outland,192,paladin,retribution,6,2,4
Zixxo,outland,192,paladin,retribution,6,2,4
Ðeswynd,hyjal,192,paladin,retribution,6,2,4
Kapaeus,aggramar,192,paladin,retribution,6,2,4
Эйлара,howling-fjord,192,paladin,retribution,6,2,4
Froning,khaz-modan,192,paladin,retribution,6,2,4
Armenethos,ravencrest,192,paladin,retribution,6,2,4
Malvax,ragnaros,192,paladin,retribution,6,2,4
Athomos,pozzo-delleternità,192,paladin,retribution,6,2,4
Héraclèss,marécage-de-zangar,192,paladin,retribution,6,2,4
Hekta,wildhammer,192,paladin,retribution,6,2,4
Sangrèin,nerathor,192,paladin,retribution,6,2,4
Вишенций,howling-fjord,192,paladin,retribution,6,2,4
Crownroyal,twisting-nether,192,paladin,retribution,6,2,4
Lightshedder,twisting-nether,192,paladin,retribution,6,2,4
Kamas,antonidas,192,paladin,retribution,6,2,4
Akahira,amanthul,192,paladin,retribution,6,2,4
Allihans,antonidas,192,paladin,retribution,6,2,4
Kårnaj,archimonde,192,paladin,retribution,6,2,4
Yami,blackrock,192,paladin,retribution,6,2,4
Thaldriel,la-croisade-écarlate,192,paladin,retribution,6,2,4
Kyngqp,aegwynn,192,paladin,retribution,6,2,4
Heilgaharald,blackrock,192,paladin,retribution,6,2,4
Palacheatlol,ysondre,192,paladin,retribution,6,2,4
Krhamos,archimonde,192,paladin,retribution,6,2,4
Rdypaladin,ravencrest,192,paladin,retribution,6,2,4
Vans,nazjatar,192,paladin,retribution,6,2,4
Saliver,frostwolf,192,paladin,retribution,6,2,4
Dàrì,archimonde,192,paladin,retribution,6,2,4
Alberix,tarren-mill,192,paladin,retribution,6,2,4
Boblightyear,stormscale,192,paladin,retribution,6,2,4
Gottesbann,blackrock,192,paladin,retribution,6,2,4
Румоур,gordunni,192,paladin,retribution,6,2,4
Elfiama,draenor,192,paladin,retribution,6,2,4
Elyssi,ravencrest,192,paladin,retribution,6,2,4
Tindal,stormscale,192,paladin,retribution,6,2,4
Tézzé,khaz-modan,192,paladin,retribution,6,2,4
Escanoir,azshara,192,paladin,retribution,6,2,4
Azraise,stormscale,192,paladin,retribution,6,2,4
Halori,ragnaros,192,paladin,retribution,6,2,4
Bierknecht,azshara,192,paladin,retribution,6,2,4
Artanys,argent-dawn,192,paladin,retribution,6,2,4
Slymm,archimonde,192,paladin,retribution,6,2,4
Apokalypson,draenor,192,paladin,retribution,6,2,4
Altoangelo,outland,192,paladin,retribution,6,2,4
Brihgiul,archimonde,192,paladin,retribution,6,2,4
Grømit,drakthul,192,paladin,retribution,6,2,4
Aranel,kaelthas,192,paladin,retribution,6,2,4
Адари,howling-fjord,192,paladin,retribution,6,2,4
Ainnamash,twisting-nether,192,paladin,retribution,6,2,4
Présidential,grim-batol,192,paladin,retribution,6,2,4
Элестаге,gordunni,192,paladin,retribution,6,2,4
Palalightdfq,dalaran,192,paladin,retribution,6,2,4
Debzpala,twisting-nether,192,paladin,retribution,6,2,4
Rözum,burning-legion,192,paladin,retribution,6,2,4
Salthar,dun-modr,192,paladin,retribution,6,2,4
Alto,nordrassil,192,paladin,retribution,6,2,4
Gnomestomper,blackmoore,192,paladin,retribution,6,2,4
Ironhïde,defias-brotherhood,192,paladin,retribution,6,2,4
Liféféar,tarren-mill,192,paladin,retribution,6,2,4
Митзефиста,soulflayer,192,paladin,retribution,6,2,4
Samypalouf,naxxramas,192,paladin,retribution,6,2,4
Сотраногод,soulflayer,192,paladin,retribution,6,2,4
Blauerwürger,blackmoore,192,paladin,retribution,6,2,4
Vrotkarpala,azjolnerub,192,paladin,retribution,6,2,4
Daviaa,silvermoon,192,paladin,retribution,6,2,4
Вэлвэлвэл,soulflayer,192,paladin,retribution,6,2,4
Doormat,stormreaver,192,paladin,retribution,6,2,4
Ibus,silvermoon,192,paladin,retribution,6,2,4
Colloss,blackmoore,192,paladin,retribution,6,2,4
Aemind,dun-modr,192,paladin,retribution,6,2,4
Sanriel,silvermoon,192,paladin,retribution,6,2,4
Царьзверей,fordragon,192,paladin,retribution,6,2,4
Dekabik,tarren-mill,192,paladin,retribution,6,2,4
Tsomoo,antonidas,192,paladin,retribution,6,2,4
Nickko,ysondre,192,paladin,retribution,6,2,4
Xesta,tarren-mill,192,paladin,retribution,6,2,4
Breakafly,doomhammer,192,paladin,retribution,6,2,4
Bokuto,cthun,192,paladin,retribution,6,2,4
Valanyr,kazzak,192,paladin,retribution,6,2,4
Zephale,sunstrider,192,paladin,retribution,6,2,4
Scörpia,sanguino,192,paladin,retribution,6,2,4
Вольфрамтанк,soulflayer,192,paladin,retribution,6,2,4
Ashariah,die-aldor,192,paladin,retribution,6,2,4
Jamdog,sylvanas,192,paladin,retribution,6,2,4
Забази,gordunni,192,paladin,retribution,6,2,4
Djstompyasis,blackmoore,192,paladin,retribution,6,2,4
Chizpal,silvermoon,192,paladin,retribution,6,2,4
Elites,arathor,192,paladin,retribution,6,2,4
Paladéán,malganis,192,paladin,retribution,6,2,4
Soralî,dethecus,192,paladin,retribution,6,2,4
Håmmer,hellfire,192,paladin,retribution,6,2,4
Waramo,eredar,192,paladin,retribution,6,2,4
Mainex,anetheron,192,paladin,retribution,6,2,4
Thaemónd,draenor,192,paladin,retribution,6,2,4
Palabrux,colinas-pardas,192,paladin,retribution,6,2,4
Дэвайнэвил,gordunni,192,paladin,retribution,6,2,4
Кизайрус,soulflayer,192,paladin,retribution,6,2,4
Ráyøn,antonidas,192,paladin,retribution,6,2,4
Onys,onyxia,192,paladin,retribution,6,2,4
Canihavesome,sylvanas,192,paladin,retribution,6,2,4
Galica,kazzak,192,paladin,retribution,6,2,4
Питохин,gordunni,192,paladin,retribution,6,2,4
Heligtanus,shattered-hand,192,paladin,retribution,6,2,4
Tópgee,ravencrest,192,paladin,retribution,6,2,4
Lightsimper,silvermoon,192,paladin,retribution,6,2,4
Ferlen,nagrand,192,paladin,retribution,6,2,4
Skolux,silvermoon,192,paladin,retribution,6,2,4
Pipifeng,silvermoon,192,paladin,retribution,6,2,4
Panomecon,magtheridon,192,paladin,retribution,6,2,4
Kael,darkspear,192,paladin,retribution,6,2,4
Seradawn,ravencrest,192,paladin,retribution,6,2,4
Arthacalan,silvermoon,192,paladin,retribution,6,2,4
Pava,blackmoore,192,paladin,retribution,6,2,4
Wzzy,ravencrest,192,paladin,retribution,6,2,4
Theorien,silvermoon,192,paladin,retribution,6,2,4
Augin,blackmoore,192,paladin,retribution,6,2,4
Xephiroxus,the-venture-co,192,paladin,retribution,6,2,4
Álita,tarren-mill,192,paladin,retribution,6,2,4
Xîndra,blackmoore,192,paladin,retribution,6,2,4
Maxximuss,drekthar,192,paladin,retribution,6,2,4
Zion,minahonda,192,paladin,retribution,6,2,4
Antitodas,argent-dawn,192,paladin,retribution,6,2,4
Leidykiler,minahonda,192,paladin,retribution,6,2,4
Faithsealer,nordrassil,192,paladin,retribution,6,2,4
Gornim,die-nachtwache,192,paladin,retribution,6,2,4
Blindevotion,the-maelstrom,192,paladin,retribution,6,2,4
Palador,thrall,192,paladin,retribution,6,2,4
Wingsftw,blackhand,192,paladin,retribution,6,2,4
Palek,burning-legion,192,paladin,retribution,6,2,4
Razarus,sylvanas,192,paladin,retribution,6,2,4
Roktok,nozdormu,192,paladin,retribution,6,2,4
Onedayplay,blackmoore,192,paladin,retribution,6,2,4
Raigun,sylvanas,192,paladin,retribution,6,2,4
Pryzmath,burning-legion,192,paladin,retribution,6,2,4
Kova,sylvanas,192,paladin,retribution,6,2,4
Сильверный,gordunni,192,paladin,retribution,6,2,4
Tríckfoot,argent-dawn,192,paladin,retribution,6,2,4
Justaman,kazzak,192,paladin,retribution,6,2,4
Almiraj,conseil-des-ombres,192,paladin,retribution,6,2,4
Crispydixx,draenor,192,paladin,retribution,6,2,4
Kóternoga,burning-legion,192,paladin,retribution,6,2,4
Everessa,sylvanas,192,paladin,retribution,6,2,4
Tâmâki,thrall,192,paladin,retribution,6,2,4
Marshmallów,silvermoon,192,paladin,retribution,6,2,4
Bozznamaan,thrall,192,paladin,retribution,6,2,4
Bigolcritty,silvermoon,192,paladin,retribution,6,2,4
Cripxoo,sanguino,192,paladin,retribution,6,2,4
Jackinh,silvermoon,192,paladin,retribution,6,2,4
Ярлд,gordunni,192,paladin,retribution,6,2,4
Tusti,tarren-mill,192,paladin,retribution,6,2,4
Cjis,kazzak,192,paladin,retribution,6,2,4
Никитаберс,gordunni,192,paladin,retribution,6,2,4
Ksiladin,emeriss,192,paladin,retribution,6,2,4
Maxunius,antonidas,192,paladin,retribution,6,2,4
Boonner,burning-legion,192,paladin,retribution,6,2,4
Kíamhalifa,twisting-nether,192,paladin,retribution,6,2,4
Clerik,eredar,192,paladin,retribution,6,2,4
Zbykmasta,burning-legion,192,paladin,retribution,6,2,4
Месатил,deathguard,192,paladin,retribution,6,2,4
Tybrain,blackhand,192,paladin,retribution,6,2,4
Holyape,argent-dawn,192,paladin,retribution,6,2,4
Loseyourmind,burning-legion,192,paladin,retribution,6,2,4
Votiones,tarren-mill,192,paladin,retribution,7,2,5
Damelu,frostwhisper,192,paladin,retribution,8,2,6
Kyrion,gilneas,192,paladin,retribution,12,2,10
Poloqq,burning-legion,192,paladin,retribution,12,2,10
Fufuw,ysondre,192,paladin,retribution,12,2,10
Lowfi,argent-dawn,192,paladin,retribution,12,2,10
Séntúrús,kazzak,192,paladin,retribution,12,2,10
Posidin,nemesis,192,paladin,retribution,12,2,10
Djasuo,burning-blade,192,paladin,retribution,12,2,10
Jacare,ravencrest,192,paladin,retribution,12,2,10
Heavenfist,stormscale,192,paladin,retribution,12,2,10
Angeliqué,alakir,192,paladin,retribution,12,2,10
Franciscø,conseil-des-ombres,192,paladin,retribution,12,2,10
Verix,thrall,192,paladin,retribution,12,2,10
Hølly,twisting-nether,192,paladin,retribution,12,2,10
Wigbilly,tarren-mill,192,paladin,retribution,12,2,10
Bkbstormcrow,thrall,192,paladin,retribution,12,2,10
Lightian,twisting-nether,192,paladin,retribution,12,2,10
Crawini,ragnaros,192,paladin,retribution,12,2,10
Hupson,dun-modr,192,paladin,retribution,12,2,10
Leriell,ravencrest,192,paladin,retribution,12,2,10
Kesra,die-todeskrallen,192,paladin,retribution,12,2,10
Häßlerwarr,aegwynn,192,paladin,retribution,12,2,10
Reinwaltz,the-maelstrom,192,paladin,retribution,12,2,10
Ciscó,ragnaros,192,paladin,retribution,12,2,10
Galaxxumi,ragnaros,192,paladin,retribution,12,2,10
Mariuhûna,blackmoore,192,paladin,retribution,12,2,10
Palatouche,sargeras,192,paladin,retribution,12,2,10
Asilas,ravencrest,192,paladin,retribution,12,2,10
Tyrallan,ragnaros,192,paladin,retribution,12,2,10
Erathör,sanguino,192,paladin,retribution,12,2,10
Samious,draenor,192,paladin,retribution,12,2,10
Chitanta,sylvanas,192,paladin,retribution,12,2,10
Hordium,doomhammer,192,paladin,retribution,12,2,10
Slayerq,outland,192,paladin,retribution,12,2,10
Larialaya,thrall,192,paladin,retribution,12,2,10
Dàk,grim-batol,192,paladin,retribution,12,2,10
Frías,zuljin,192,paladin,retribution,12,2,10
Pârâsite,hyjal,192,paladin,retribution,12,2,10
Rhyua,eredar,192,paladin,retribution,12,2,10
Holythings,kazzak,192,paladin,retribution,12,2,10
Ashenbeast,tarren-mill,192,paladin,retribution,12,2,10
Bergalerga,frostmane,192,paladin,retribution,12,2,10
Ragneal,hyjal,192,paladin,retribution,12,2,10
Lihli,wildhammer,192,paladin,retribution,12,2,10
Remedios,archimonde,192,paladin,retribution,12,2,10
Cunix,draenor,192,paladin,retribution,12,2,10
Berenguer,outland,192,paladin,retribution,12,2,10
Khalyon,hyjal,192,paladin,retribution,12,2,10
Lâlexâ,blackrock,192,paladin,retribution,12,2,10
Bubblekanta,antonidas,192,paladin,retribution,12,2,10
Zimmt,blackmoore,192,paladin,retribution,12,2,10
Мунрейм,gordunni,192,paladin,retribution,12,2,10
Stormtrooper,azuremyst,192,paladin,retribution,12,2,10
Docdoolittle,magtheridon,192,paladin,retribution,12,2,10
Marex,antonidas,192,paladin,retribution,12,2,10
Лимфома,goldrinn,192,paladin,retribution,12,2,10
Tamilekimono,archimonde,192,paladin,retribution,12,2,10
Imperiius,stormscale,192,paladin,retribution,12,2,10
Палагэнг,howling-fjord,192,paladin,retribution,12,2,10
Svddendeäthx,ragnaros,192,paladin,retribution,12,2,10
Akagami,ysondre,192,paladin,retribution,12,2,10
Snorrï,ravencrest,192,paladin,retribution,13,2,11
Kökslaktarn,sylvanas,192,paladin,retribution,21,3,18
Stillgard,ghostlands,192,paladin,retribution,15,2,13
Dawner,defias-brotherhood,192,paladin,retribution,18,2,16
Ibubbleqt,outland,192,paladin,retribution,18,2,16
Cyxanacma,silvermoon,192,paladin,retribution,18,2,16
Palakuchi,uldaman,191,paladin,retribution,6,2,4
Dunarella,chogall,191,paladin,retribution,6,2,4
Broziopath,blackrock,191,paladin,retribution,6,2,4
Zerocar,minahonda,191,paladin,retribution,6,2,4
Duckula,ravenholdt,191,paladin,retribution,6,2,4
Zuklaus,hyjal,191,paladin,retribution,6,2,4
Meliodas,alleria,191,paladin,retribution,6,2,4
Srdepri,sanguino,191,paladin,retribution,6,2,4
Lorwin,colinas-pardas,191,paladin,retribution,24,2,22
Skullreaper,mannoroth,185,paladin,retribution,12,4,8
Maitrelampe,argent-dawn,180,paladin,retribution,29,7,22
Respen,trollbane,180,paladin,retribution,27,5,22
Thelronis,kelthuzad,175,paladin,retribution,11,2,9
Blundd,tarren-mill,159,paladin,retribution,5,2,3
Alerorn,kazzak,159,paladin,retribution,5,2,3
Vâlthenea,dun-modr,159,paladin,retribution,5,2,3
Hm,argent-dawn,159,paladin,retribution,5,2,3
Heiemdall,azuremyst,159,paladin,retribution,5,2,3
Geronimooh,vashj,159,paladin,retribution,5,2,3
Shoqzix,korgall,159,paladin,retribution,5,2,3
Serita,archimonde,159,paladin,retribution,11,2,9
Tayun,blackmoore,144,paladin,retribution,21,2,19
Еребор,howling-fjord,143,paladin,retribution,15,2,13
Braiinafk,thrall,138,paladin,retribution,6,3,3
Narkománen,shattered-hand,138,paladin,retribution,10,4,6
Скелфер,soulflayer,138,paladin,retribution,8,3,5
Paladore,chogall,138,paladin,retribution,11,4,7
Jesamine,blackmoore,138,paladin,retribution,9,3,6
Gerisha,blackrock,138,paladin,retribution,9,3,6
Heiligeeule,azshara,138,paladin,retribution,14,3,11
Luzk,sanguino,138,paladin,retribution,22,4,18
Hempodius,silvermoon,128,paladin,retribution,4,2,2
Kaydou,the-maelstrom,128,paladin,retribution,4,2,2
Qpax,twisting-nether,128,paladin,retribution,4,2,2
Bulladin,silvermoon,128,paladin,retribution,4,2,2
Mouzimaru,tarren-mill,128,paladin,retribution,10,2,8
Winatrix,shattered-hand,127,paladin,retribution,8,2,6
Szt,proudmoore,96,paladin,retribution,3,2,1
Dykron,rexxar,96,paladin,retribution,3,2,1
Aalyaah,zirkel-des-cenarius,96,paladin,retribution,3,2,1
Táurax,frostwolf,96,paladin,retribution,6,1,5
Palkek,drakthul,96,paladin,retribution,6,1,5
Tubie,draenor,96,paladin,retribution,6,1,5
Aggressìon,twisting-nether,96,paladin,retribution,6,1,5
Jehovaa,ragnaros,96,paladin,retribution,6,1,5
Eylina,ragnaros,96,paladin,retribution,6,1,5
Zarthz,blackrock,96,paladin,retribution,6,1,5
Syfaria,eldrethalas,96,paladin,retribution,6,1,5
Jaromir,kaelthas,96,paladin,retribution,6,1,5
Dyna,outland,96,paladin,retribution,6,1,5
Devastation,blackhand,96,paladin,retribution,6,1,5
Skarium,hyjal,96,paladin,retribution,6,1,5
Raul,silvermoon,96,paladin,retribution,6,1,5
Jûliâ,archimonde,96,paladin,retribution,6,1,5
Starqest,blackrock,96,paladin,retribution,6,1,5
Aluzza,sylvanas,96,paladin,retribution,6,1,5
Traxxces,ravencrest,96,paladin,retribution,6,1,5
Subzery,blackrock,96,paladin,retribution,6,1,5
Røse,argent-dawn,96,paladin,retribution,6,1,5
Tamuz,chamber-of-aspects,96,paladin,retribution,6,1,5
Zlätän,outland,96,paladin,retribution,6,1,5
Joect,minahonda,96,paladin,retribution,6,1,5
Vakoslav,burning-legion,96,paladin,retribution,6,1,5
Heihåå,ravencrest,96,paladin,retribution,6,1,5
Unkxd,outland,96,paladin,retribution,6,1,5
Wingzko,draenor,96,paladin,retribution,6,1,5
Thaderyl,auchindoun,96,paladin,retribution,6,1,5
Tifer,sanguino,96,paladin,retribution,6,1,5
Монспьет,borean-tundra,96,paladin,retribution,6,1,5
Istani,twisting-nether,96,paladin,retribution,6,1,5
Dunksunk,draenor,96,paladin,retribution,6,1,5
Hølyshøckz,blackmoore,96,paladin,retribution,6,1,5
Iquny,frostwolf,96,paladin,retribution,6,1,5
Starcheto,silvermoon,96,paladin,retribution,6,1,5
Brightboy,bronze-dragonflight,96,paladin,retribution,6,1,5
Xblaj,draenor,96,paladin,retribution,6,1,5
Mèlow,dalaran,96,paladin,retribution,6,1,5
Numet,chamber-of-aspects,96,paladin,retribution,6,1,5
Kanollaras,tarren-mill,96,paladin,retribution,6,1,5
Holyherb,the-maelstrom,96,paladin,retribution,6,1,5
Sínístre,hyjal,96,paladin,retribution,6,1,5
Galad,exodar,96,paladin,retribution,6,1,5
Isseiikun,archimonde,96,paladin,retribution,6,1,5
Winjina,twisting-nether,96,paladin,retribution,6,1,5
Katará,argent-dawn,96,paladin,retribution,6,1,5
Blitskikker,kazzak,96,paladin,retribution,6,1,5
Megaklovn,silvermoon,96,paladin,retribution,6,1,5
Светлаясторо,gordunni,96,paladin,retribution,6,1,5
Радиаторр,eversong,96,paladin,retribution,6,1,5
Xarssia,thrall,96,paladin,retribution,6,1,5
Tíríón,nethersturm,96,paladin,retribution,6,1,5
Вованка,gordunni,96,paladin,retribution,6,1,5
Dumbala,ravencrest,96,paladin,retribution,6,1,5
Kambood,twisting-nether,96,paladin,retribution,6,1,5
Полпала,deathweaver,96,paladin,retribution,6,1,5
Shiakaron,terenas,96,paladin,retribution,6,1,5
Lezoom,draenor,96,paladin,retribution,6,1,5
Holyzeus,sylvanas,96,paladin,retribution,6,1,5
Bráders,thunderhorn,96,paladin,retribution,6,1,5
Румпа,eversong,96,paladin,retribution,6,1,5
Édèn,les-sentinelles,96,paladin,retribution,6,1,5
Bonisek,turalyon,96,paladin,retribution,6,1,5
Holyfriend,kazzak,96,paladin,retribution,6,1,5
Friemelaar,silvermoon,96,paladin,retribution,6,1,5
Zefiehd,dun-modr,96,paladin,retribution,6,1,5
Thalarion,twisting-nether,96,paladin,retribution,6,1,5
Bobsing,silvermoon,96,paladin,retribution,6,1,5
Miawyn,blackmoore,96,paladin,retribution,6,1,5
Humbatäterä,blackmoore,96,paladin,retribution,6,1,5
Kefalas,ravencrest,96,paladin,retribution,6,1,5
Karo,wildhammer,96,paladin,retribution,6,1,5
Skankkhunt,hyjal,96,paladin,retribution,6,1,5
Пилоттыч,gordunni,96,paladin,retribution,6,1,5
Sihastru,kazzak,96,paladin,retribution,6,1,5
Donpascualo,dun-modr,96,paladin,retribution,6,1,5
Michele,skullcrusher,96,paladin,retribution,6,1,5
Kurå,sargeras,96,paladin,retribution,6,1,5
Equalizer,kilrogg,96,paladin,retribution,6,1,5
Tacktic,defias-brotherhood,96,paladin,retribution,6,1,5
Päyback,nagrand,96,paladin,retribution,6,1,5
Bigorbøøbs,archimonde,96,paladin,retribution,6,1,5
Жмышенко,gordunni,96,paladin,retribution,6,1,5
Dänie,silvermoon,96,paladin,retribution,6,1,5
Старыйграф,gordunni,96,paladin,retribution,6,1,5
Battlelord,terokkar,96,paladin,retribution,6,1,5
Nasgar,nemesis,96,paladin,retribution,6,1,5
Apodyktyczny,outland,96,paladin,retribution,6,1,5
Déjà,taerar,96,paladin,retribution,6,1,5
Brechtje,nagrand,96,paladin,retribution,6,1,5
Lekai,ravencrest,96,paladin,retribution,6,1,5
Хулсс,deathguard,96,paladin,retribution,6,1,5
Vindorus,archimonde,96,paladin,retribution,6,1,5
Сидить,soulflayer,96,paladin,retribution,6,1,5
Lionie,grim-batol,96,paladin,retribution,6,1,5
Notanother,ravencrest,96,paladin,retribution,6,1,5
Domaa,khaz-modan,96,paladin,retribution,6,1,5
Graphpora,argent-dawn,96,paladin,retribution,6,1,5
Oepabakkez,burning-legion,96,paladin,retribution,6,1,5
Monmo,emerald-dream,96,paladin,retribution,6,1,5
Zpartaz,ragnaros,96,paladin,retribution,6,1,5
Pussas,burning-legion,96,paladin,retribution,6,1,5
Xôpâl,kazzak,96,paladin,retribution,6,1,5
Rekkt,ravenholdt,96,paladin,retribution,6,1,5
Ashtyn,kilrogg,96,paladin,retribution,6,1,5
Nôxi,garona,96,paladin,retribution,6,1,5
Mewlight,aggra-português,96,paladin,retribution,6,1,5
Zanszul,blackmoore,96,paladin,retribution,6,1,5
Palatarlouze,khaz-modan,96,paladin,retribution,6,1,5
Fraubest,antonidas,96,paladin,retribution,6,1,5
Dovel,kazzak,96,paladin,retribution,6,1,5
Celilinda,kiljaeden,96,paladin,retribution,6,1,5
Stabilisator,blackrock,96,paladin,retribution,6,1,5
Croaton,burning-legion,96,paladin,retribution,6,1,5
Ansonia,ravencrest,96,paladin,retribution,6,1,5
Týrone,blackrock,96,paladin,retribution,6,1,5
Vittosbubu,ravencrest,96,paladin,retribution,6,1,5
Bokadin,twisting-nether,96,paladin,retribution,6,1,5
Tozzey,defias-brotherhood,96,paladin,retribution,6,1,5
Hiilton,silvermoon,96,paladin,retribution,6,1,5
Zeroskills,tarren-mill,96,paladin,retribution,6,1,5
Безбабла,soulflayer,96,paladin,retribution,6,1,5
Taraniah,argent-dawn,96,paladin,retribution,6,1,5
Náira,blackrock,96,paladin,retribution,6,1,5
Молотуля,howling-fjord,96,paladin,retribution,6,1,5
Faragevult,defias-brotherhood,96,paladin,retribution,6,1,5
Thozne,cthun,96,paladin,retribution,6,1,5
Killomall,defias-brotherhood,96,paladin,retribution,6,1,5
Dawnbringer,stormscale,96,paladin,retribution,6,1,5
Liqudic,bloodscalp,96,paladin,retribution,6,1,5
Omranator,stormscale,96,paladin,retribution,6,1,5
Shanilia,argent-dawn,96,paladin,retribution,6,1,5
Cazzanova,draenor,96,paladin,retribution,6,1,5
Ragie,twisting-nether,96,paladin,retribution,6,1,5
Pilowpallo,kazzak,96,paladin,retribution,6,1,5
Nijówka,burning-legion,96,paladin,retribution,6,1,5
Kairo,dethecus,96,paladin,retribution,6,1,5
Slainer,zuljin,96,paladin,retribution,6,1,5
Holyloa,laughing-skull,96,paladin,retribution,6,1,5
Serberen,ravencrest,96,paladin,retribution,6,1,5
Buræk,ravencrest,96,paladin,retribution,6,1,5
Paladzor,twisting-nether,96,paladin,retribution,6,1,5
Ellisdee,kazzak,96,paladin,retribution,6,1,5
Palamaister,stormscale,96,paladin,retribution,6,1,5
Késha,malganis,96,paladin,retribution,6,1,5
Athaniar,burning-legion,96,paladin,retribution,6,1,5
Tibiscovus,silvermoon,96,paladin,retribution,6,1,5
Diggs,draenor,96,paladin,retribution,6,1,5
Biplas,twisting-nether,96,paladin,retribution,6,1,5
Naska,nemesis,96,paladin,retribution,6,1,5
Styleez,blackrock,96,paladin,retribution,6,1,5
Terodox,aegwynn,96,paladin,retribution,6,1,5
Tularet,les-clairvoyants,96,paladin,retribution,6,1,5
Блейзр,ashenvale,96,paladin,retribution,6,1,5
Винзерг,ashenvale,96,paladin,retribution,6,1,5
Plasmadieter,blackrock,96,paladin,retribution,6,1,5
Cathaldus,silvermoon,96,paladin,retribution,6,1,5
Omor,silvermoon,96,paladin,retribution,6,1,5
Anaùtra,twisting-nether,96,paladin,retribution,6,1,5
Хилтонепта,gordunni,96,paladin,retribution,6,1,5
Кэйно,soulflayer,96,paladin,retribution,6,1,5
Pripravka,burning-blade,96,paladin,retribution,6,1,5
Rataxes,stormreaver,96,paladin,retribution,6,1,5
Эльтарус,soulflayer,96,paladin,retribution,6,1,5
Sanctùs,argent-dawn,96,paladin,retribution,6,1,5
Defuzes,twisting-nether,96,paladin,retribution,6,1,5
Zandathor,chamber-of-aspects,96,paladin,retribution,6,1,5
Lightpath,stormrage,96,paladin,retribution,6,1,5
Hafniadin,ravencrest,96,paladin,retribution,6,1,5
Tazsol,kazzak,96,paladin,retribution,6,1,5
Titteii,tarren-mill,96,paladin,retribution,6,1,5
Palabrüx,dun-modr,96,paladin,retribution,6,1,5
Aländ,tarren-mill,96,paladin,retribution,6,1,5
Évo,drakthul,96,paladin,retribution,6,1,5
Tomtadin,dun-modr,96,paladin,retribution,6,1,5
Sacramento,tarren-mill,96,paladin,retribution,6,1,5
Highlòrd,silvermoon,96,paladin,retribution,6,1,5
Catali,sanguino,96,paladin,retribution,7,1,6
Borons,silvermoon,96,paladin,retribution,9,1,8
Wiiso,grim-batol,96,paladin,retribution,9,1,8
Jayce,durotan,96,paladin,retribution,12,1,11
Dondadajr,ysondre,96,paladin,retribution,12,1,11
Ляпкин,fordragon,96,paladin,retribution,12,1,11
Ælisabetha,kazzak,96,paladin,retribution,12,1,11
Nauy,korgall,96,paladin,retribution,12,1,11
Kavíár,kazzak,96,paladin,retribution,12,1,11
Kaelorian,silvermoon,96,paladin,retribution,12,1,11
Bwser,silvermoon,96,paladin,retribution,12,1,11
Zerosixsix,silvermoon,96,paladin,retribution,12,1,11
Vali,burning-blade,96,paladin,retribution,12,1,11
Hout,archimonde,96,paladin,retribution,12,1,11
Stealop,malfurion,96,paladin,retribution,12,1,11
Rajden,ravencrest,96,paladin,retribution,12,1,11
Bartafly,perenolde,96,paladin,retribution,12,1,11
Elisun,twisting-nether,96,paladin,retribution,12,1,11
Akinret,twisting-nether,96,paladin,retribution,12,1,11
Pyhätkonstit,twisting-nether,96,paladin,retribution,12,1,11
Jaexpaladin,draenor,96,paladin,retribution,12,1,11
Lylu,aggramar,96,paladin,retribution,12,1,11
Anemonaa,argent-dawn,96,paladin,retribution,12,1,11
Создаюволны,gordunni,96,paladin,retribution,12,1,11
Wârlørd,sylvanas,96,paladin,retribution,12,1,11
Malvado,blackhand,96,paladin,retribution,12,1,11
Brengier,dun-morogh,96,paladin,retribution,24,1,23
Arbuzno,draenor,1955,paladin,protection,78,59,19
Hoodnachoz,outland,1842,paladin,protection,36,30,6
Sterben,aegwynn,1805,paladin,protection,101,57,44
Maximumtaste,ravencrest,1764,paladin,protection,36,27,9
Âmba,blackrock,1764,paladin,protection,87,58,29
Leotheron,boulderfist,1752,paladin,protection,522,351,171
Sonnywalkman,twisting-nether,1751,paladin,protection,36,27,9
Sartshield,aerie-peak,1734,paladin,protection,54,34,20
Гниленький,razuvious,1712,paladin,protection,29,20,9
Vivalabeef,stormscale,1702,paladin,protection,47,30,17
Justífiéd,kazzak,1683,paladin,protection,42,20,22
Statscowski,thrall,1659,paladin,protection,52,28,24
Collinnawin,aegwynn,1656,paladin,protection,298,142,156
Mørfi,antonidas,1637,paladin,protection,58,29,29
Tippressure,ravencrest,1630,paladin,protection,40,26,14
Arkhàn,ravencrest,1611,paladin,protection,137,81,56
Timbadin,frostwolf,1608,paladin,protection,47,32,15
Bariy,auchindoun,1579,paladin,protection,124,68,56
Elitest,hyjal,1560,paladin,protection,195,75,120
Маиэр,gordunni,1543,paladin,protection,47,26,21
Schrikii,archimonde,1538,paladin,protection,84,49,35
Eåsy,argent-dawn,1531,paladin,protection,104,52,52
Phlakorn,blackhand,1525,paladin,protection,48,29,19
Sutbeyaz,twisting-nether,1524,paladin,protection,31,21,10
Craft,frostwolf,1524,paladin,protection,58,28,30
Uswieconyra,silvermoon,1523,paladin,protection,83,42,41
Силугор,soulflayer,1498,paladin,protection,48,26,22
Haringoth,argent-dawn,1482,paladin,protection,72,41,31
Supremerage,silvermoon,1474,paladin,protection,80,42,38
Neopronouns,minahonda,1465,paladin,protection,30,20,10
Galevar,argent-dawn,1464,paladin,protection,140,69,71
Ðizzmo,bloodfeather,1462,paladin,protection,100,56,44
Oldsqlmofu,blackrock,1461,paladin,protection,31,22,9
Sìlver,conseil-des-ombres,1461,paladin,protection,42,21,21
Gabubex,tarren-mill,1435,paladin,protection,176,101,75
Savión,silvermoon,1432,paladin,protection,24,16,8
Swiatlomiecz,silvermoon,1417,paladin,protection,54,22,32
Ponce,los-errantes,1400,paladin,protection,42,19,23
Mocnyreka,silvermoon,1399,paladin,protection,83,43,40
Youness,ysondre,1386,paladin,protection,249,129,120
Leadfoot,argent-dawn,1385,paladin,protection,92,62,30
Dolff,argent-dawn,1379,paladin,protection,59,30,29
Баибар,soulflayer,1378,paladin,protection,162,89,73
Medium,frostwolf,1362,paladin,protection,29,15,14
Krispce,bloodhoof,1360,paladin,protection,66,40,26
Ðivine,stormscale,1359,paladin,protection,130,60,70
Lóu,hyjal,1340,paladin,protection,92,45,47
Vangorn,burning-legion,1334,paladin,protection,58,29,29
Shybia,kirin-tor,1327,paladin,protection,35,19,16
Jûstice,kirin-tor,1326,paladin,protection,145,70,75
Galadrion,dun-modr,1321,paladin,protection,23,14,9
Helladin,haomarush,1317,paladin,protection,83,31,52
Ichbin,sanguino,1316,paladin,protection,296,118,178
Bobilous,twisting-nether,1310,paladin,protection,23,14,9
Velkar,frostmane,1310,paladin,protection,124,63,61
Бранв,gordunni,1305,paladin,protection,54,30,24
Zerhakz,ysondre,1302,paladin,protection,102,49,53
Elkka,azjolnerub,1298,paladin,protection,71,25,46
Whiteraven,rexxar,1291,paladin,protection,42,19,23
Gaffel,dethecus,1288,paladin,protection,41,19,22
Eriellè,kazzak,1283,paladin,protection,53,27,26
Trufetteuh,hyjal,1283,paladin,protection,178,90,88
Yunalêsca,mugthol,1283,paladin,protection,131,59,72
Ragonas,mannoroth,1276,paladin,protection,48,20,28
Sikaniska,stormscale,1276,paladin,protection,66,27,39
Valeriu,stormreaver,1271,paladin,protection,42,17,25
Manupierre,ysondre,1270,paladin,protection,48,22,26
Celyne,kirin-tor,1265,paladin,protection,54,21,33
Rudra,kiljaeden,1263,paladin,protection,35,15,20
Flakkson,stormscale,1256,paladin,protection,256,106,150
Milliemaître,elune,1253,paladin,protection,90,41,49
Augroni,antonidas,1227,paladin,protection,117,50,67
Проц,soulflayer,1218,paladin,protection,66,24,42
Xrules,blackhand,1201,paladin,protection,47,21,26
Butchertom,ravencrest,1184,paladin,protection,23,14,9
Хэбит,soulflayer,1173,paladin,protection,90,40,50
Антоним,gordunni,1143,paladin,protection,18,12,6
Arkera,blackrock,1134,paladin,protection,61,22,39
Tíríón,nethersturm,1124,paladin,protection,24,12,12
Furiosio,ysondre,1115,paladin,protection,27,13,14
Aarrb,sylvanas,1065,paladin,protection,51,15,36
Yruqrem,ravencrest,1055,paladin,protection,18,11,7
Casstiel,anetheron,1049,paladin,protection,24,11,13
Шмыгапал,eversong,1049,paladin,protection,26,11,15
Vladium,argent-dawn,1046,paladin,protection,24,11,13
Такуан,fordragon,1035,paladin,protection,24,11,13
Faranume,sylvanas,1028,paladin,protection,35,18,17
Thrinea,blackrock,1024,paladin,protection,30,11,19
Lotheriem,argent-dawn,992,paladin,protection,42,11,31
Толинель,soulflayer,990,paladin,protection,17,11,6
Maeltesar,kult-der-verdammten,955,paladin,protection,13,10,3
Divinebeans,kazzak,863,paladin,protection,12,9,3
Vader,arygos,795,paladin,protection,22,9,13
Thraliss,hyjal,767,paladin,protection,12,8,4
Fumbz,alakir,767,paladin,protection,12,8,4
Garjzla,chamber-of-aspects,727,paladin,protection,22,8,14
Lägolas,thrall,701,paladin,protection,17,8,9
Comic,frostwolf,672,paladin,protection,12,7,5
Kraljevic,silvermoon,672,paladin,protection,12,7,5
Ванябублгам,soulflayer,672,paladin,protection,18,7,11
Figustyle,archimonde,605,paladin,protection,16,7,9
Marihuána,ragnaros,576,paladin,protection,18,6,12
Ekenpala,kazzak,575,paladin,protection,12,6,6
Книгс,gordunni,575,paladin,protection,18,6,12
Exion,ravenholdt,543,paladin,protection,11,6,5
Кельдерик,howling-fjord,480,paladin,protection,6,5,1
Zireth,silvermoon,480,paladin,protection,6,5,1
Palmeretes,zuljin,480,paladin,protection,6,5,1
Emakk,darksorrow,480,paladin,protection,12,5,7
Lightian,twisting-nether,480,paladin,protection,12,5,7
Кооениксз,blackscar,480,paladin,protection,18,5,13
Lithera,outland,480,paladin,protection,24,5,19
Xairios,blackhand,479,paladin,protection,12,5,7
Onefrostyboi,defias-brotherhood,479,paladin,protection,12,5,7
Duxbellorum,the-maelstrom,479,paladin,protection,18,5,13
Quantox,frostwolf,478,paladin,protection,24,5,19
Inqontrol,burning-legion,384,paladin,protection,6,4,2
Fleshoflight,arathor,384,paladin,protection,6,4,2
Escort,frostwolf,384,paladin,protection,6,4,2
Testos,ulduar,384,paladin,protection,6,4,2
Røse,argent-dawn,384,paladin,protection,12,4,8
Palan,cthun,384,paladin,protection,12,4,8
Æåæxâëæ,dun-modr,384,paladin,protection,12,4,8
Снайпик,azuregos,384,paladin,protection,12,4,8
Astragore,archimonde,384,paladin,protection,18,4,14
Valädar,sanguino,351,paladin,protection,11,4,7
Дюве,blackscar,351,paladin,protection,11,4,7
Æero,blackhand,288,paladin,protection,6,3,3
Bloodynox,dentarg,288,paladin,protection,6,3,3
Swäagg,hyjal,288,paladin,protection,6,3,3
Babaluga,blackrock,288,paladin,protection,6,3,3
Aümagad,confrérie-du-thorium,288,paladin,protection,6,3,3
Palaplaya,zuljin,288,paladin,protection,6,3,3
Romfis,arathor,288,paladin,protection,6,3,3
Ламберинн,goldrinn,288,paladin,protection,6,3,3
Рустиктоп,gordunni,288,paladin,protection,6,3,3
Zuplex,deathwing,288,paladin,protection,6,3,3
Slainer,zuljin,288,paladin,protection,12,3,9
Crimsons,draenor,288,paladin,protection,12,3,9
Biffle,korgall,288,paladin,protection,12,3,9
Kawakai,blackrock,287,paladin,protection,12,3,9
Meneth,elune,240,paladin,protection,9,3,6
Deathicâ,outland,239,paladin,protection,5,3,2
Yourmomz,kazzak,239,paladin,protection,5,3,2
Синерина,blackscar,192,paladin,protection,6,2,4
Gornim,die-nachtwache,192,paladin,protection,6,2,4
Zinetp,tarren-mill,192,paladin,protection,6,2,4
Derina,silvermoon,192,paladin,protection,6,2,4
Saró,ravencrest,192,paladin,protection,6,2,4
Khrak,conseil-des-ombres,192,paladin,protection,12,2,10
Palacaplaca,cthun,175,paladin,protection,11,2,9
Angeal,ysondre,175,paladin,protection,11,2,9
Soxsnort,twisting-nether,159,paladin,protection,5,2,3
Bugo,drakthul,96,paladin,protection,6,1,5
Чиксапомойка,gordunni,96,paladin,protection,6,1,5
Kathly,madmortem,96,paladin,protection,6,1,5
Olydig,argent-dawn,96,paladin,protection,6,1,5
Taptreus,antonidas,96,paladin,protection,6,1,5
Лебоввски,blackscar,96,paladin,protection,6,1,5
Thôrwald,les-sentinelles,96,paladin,protection,12,1,11
Lokinder,pozzo-delleternità,96,paladin,protection,12,1,11
Солошафл,howling-fjord,42,paladin,protection,12,4,8
Candrä,archimonde,2213,priest,holy,96,52,44
Itsmeminglee,ravencrest,2213,priest,holy,216,116,100
Køzukï,ravencrest,2167,priest,holy,281,147,134
Lmnsqzy,ravencrest,2107,priest,holy,148,79,69
Jtî,ravencrest,2096,priest,holy,54,36,18
Yötönyö,ravencrest,2072,priest,holy,66,34,32
Yhoundey,blackrock,2045,priest,holy,129,64,65
Leadeur,kazzak,2044,priest,holy,393,196,197
Weezing,ysondre,2042,priest,holy,288,152,136
Ltmp,ravencrest,2027,priest,holy,96,59,37
Peisetti,stormscale,2024,priest,holy,84,42,42
Feararenaone,outland,2019,priest,holy,80,44,36
Grafius,stormscale,2009,priest,holy,66,34,32
Dotzey,outland,1996,priest,holy,60,32,28
Bigwik,tarren-mill,1985,priest,holy,206,111,95
Boonlai,ravencrest,1984,priest,holy,89,45,44
Lylska,stormreaver,1983,priest,holy,48,21,27
Кальвейт,deathweaver,1979,priest,holy,221,113,108
Rippertmepls,ravencrest,1975,priest,holy,160,96,64
Cosines,ravencrest,1970,priest,holy,203,108,95
Tangent,ravencrest,1967,priest,holy,271,148,123
Jaisuu,ravencrest,1967,priest,holy,60,31,29
Testdeath,ravencrest,1963,priest,holy,90,52,38
Tmnstrtw,alakir,1958,priest,holy,138,72,66
Holyholy,stormscale,1948,priest,holy,127,61,66
Ladá,stormscale,1947,priest,holy,220,115,105
Найтингеилл,gordunni,1943,priest,holy,162,88,74
Pandakhlys,ysondre,1940,priest,holy,88,48,40
Carlitastock,eredar,1939,priest,holy,95,47,48
Møhammed,wrathbringer,1930,priest,holy,523,270,253
Fleischesser,ravencrest,1923,priest,holy,92,50,42
Лоаресс,gordunni,1918,priest,holy,144,72,72
Výra,der-rat-von-dalaran,1916,priest,holy,107,63,44
Jiffie,twisting-nether,1900,priest,holy,90,47,43
Разрухаз,gordunni,1899,priest,holy,66,40,26
Muchos,blackrock,1891,priest,holy,343,172,171
Гопикзашквар,blackscar,1884,priest,holy,48,30,18
Шотыказау,blackscar,1870,priest,holy,269,136,133
Nakkenils,tarren-mill,1867,priest,holy,52,26,26
Tmnstr,alakir,1863,priest,holy,54,27,27
Zuniya,tarren-mill,1853,priest,holy,72,35,37
Rébörn,tarren-mill,1852,priest,holy,84,54,30
Beatrixz,twisting-nether,1852,priest,holy,384,199,185
Лайхтни,howling-fjord,1851,priest,holy,66,39,27
Dmnz,blackrock,1846,priest,holy,99,46,53
Servêy,twisting-nether,1845,priest,holy,42,22,20
Servey,twisting-nether,1845,priest,holy,54,24,30
Ladderpolice,blackmoore,1844,priest,holy,36,21,15
Разрухаовнз,gordunni,1840,priest,holy,59,35,24
Myste,nemesis,1840,priest,holy,121,68,53
Kaiikoo,ravencrest,1840,priest,holy,60,32,28
Finizkram,sylvanas,1840,priest,holy,48,25,23
Shizzlol,silvermoon,1840,priest,holy,566,284,282
Brigittë,ravencrest,1838,priest,holy,78,46,32
Thelunara,sanguino,1838,priest,holy,98,53,45
Jim,saurfang,1838,priest,holy,292,150,142
Гоплзнекст,gordunni,1835,priest,holy,502,254,248
Siign,ravencrest,1825,priest,holy,156,77,79
Yateh,blackmoore,1824,priest,holy,62,32,30
Yugata,archimonde,1824,priest,holy,53,26,27
Pradrak,eredar,1823,priest,holy,40,23,17
Катккат,soulflayer,1823,priest,holy,48,27,21
Limeslayerx,veklor,1818,priest,holy,135,83,52
Ancientalien,khadgar,1817,priest,holy,66,29,37
Dranbor,argent-dawn,1816,priest,holy,248,137,111
Dogshtpriest,ravencrest,1815,priest,holy,126,74,52
Sayne,arathor,1815,priest,holy,168,91,77
Maruh,malganis,1812,priest,holy,113,60,53
Dmnz,antonidas,1811,priest,holy,40,22,18
Charlotten,shattered-hand,1811,priest,holy,77,42,35
Eriónd,ravencrest,1811,priest,holy,66,34,32
Ryna,the-maelstrom,1810,priest,holy,52,33,19
Kaalu,frostmane,1809,priest,holy,254,131,123
Lîrana,ravencrest,1803,priest,holy,142,85,57
Vaerath,argent-dawn,1803,priest,holy,90,49,41
Soulwordpain,ragnaros,1802,priest,holy,60,29,31
Verycute,argent-dawn,1801,priest,holy,36,24,12
Teatime,aegwynn,1800,priest,holy,84,42,42
Chrysos,argent-dawn,1796,priest,holy,54,32,22
Shmoly,stormscale,1792,priest,holy,42,27,15
Ssjx,ravencrest,1791,priest,holy,96,58,38
Ivÿx,ravencrest,1791,priest,holy,89,52,37
Kunen,sanguino,1789,priest,holy,138,77,61
Fotmrerollrz,draenor,1787,priest,holy,48,34,14
Друмги,gordunni,1787,priest,holy,173,80,93
Seanoob,turalyon,1779,priest,holy,72,38,34
Psi,hakkar,1777,priest,holy,390,207,183
Stanyú,tarren-mill,1770,priest,holy,48,21,27
Basilette,hyjal,1761,priest,holy,48,27,21
Tëst,ravencrest,1761,priest,holy,48,25,23
Sisko,stormscale,1745,priest,holy,108,58,50
Zêlestia,antonidas,1743,priest,holy,46,28,18
Weezïng,ysondre,1742,priest,holy,108,60,48
Gokumødex,outland,1739,priest,holy,89,45,44
Wåtrux,alakir,1735,priest,holy,566,300,266
Ðês,ravencrest,1735,priest,holy,76,37,39
Wèèzing,ysondre,1733,priest,holy,102,59,43
Malaki,ysondre,1732,priest,holy,134,74,60
Lupinx,terokkar,1731,priest,holy,147,87,60
Pigdestroyin,frostmane,1730,priest,holy,77,45,32
Nxbo,kazzak,1727,priest,holy,104,50,54
Sàweetie,archimonde,1721,priest,holy,54,27,27
Gigamind,blackrock,1714,priest,holy,72,40,32
Lolylights,tarren-mill,1714,priest,holy,77,41,36
Xïâ,hyjal,1714,priest,holy,110,53,57
Marcopp,kazzak,1713,priest,holy,66,28,38
Gøkumodex,tarren-mill,1712,priest,holy,80,43,37
Alpháømegá,outland,1712,priest,holy,224,118,106
Fízwow,stormscale,1711,priest,holy,94,43,51
Ksn,argent-dawn,1710,priest,holy,66,37,29
Anníng,tarren-mill,1708,priest,holy,186,108,78
Rehnstek,wildhammer,1705,priest,holy,71,33,38
Ghettothug,darksorrow,1703,priest,holy,108,53,55
Jinxa,draenor,1703,priest,holy,60,23,37
Duqes,stormreaver,1702,priest,holy,18,18,0
Hwren,auchindoun,1702,priest,holy,322,177,145
Celliapriest,antonidas,1701,priest,holy,48,24,24
Ålúñãh,azjolnerub,1699,priest,holy,42,27,15
Dolens,argent-dawn,1699,priest,holy,112,55,57
Нубстрим,gordunni,1695,priest,holy,160,80,80
Notdan,stormscale,1694,priest,holy,89,52,37
Kæzm,blackrock,1691,priest,holy,36,18,18
Lenyp,sanguino,1691,priest,holy,239,113,126
Jâde,bloodhoof,1690,priest,holy,138,78,60
Calithria,kazzak,1689,priest,holy,208,112,96
Ilenna,dun-morogh,1688,priest,holy,126,70,56
Kÿokó,ravencrest,1687,priest,holy,78,44,34
Stinkydog,kazzak,1684,priest,holy,358,180,178
Meanbabe,argent-dawn,1683,priest,holy,48,22,26
Chechenkata,ravencrest,1678,priest,holy,54,29,25
Adare,sanguino,1678,priest,holy,84,42,42
Кэрия,blackscar,1677,priest,holy,137,71,66
Bzzdontplay,ravencrest,1676,priest,holy,219,112,107
Каткааткат,soulflayer,1674,priest,holy,48,23,25
Kolto,ravencrest,1673,priest,holy,58,34,24
Makkesfil,stormscale,1668,priest,holy,40,26,14
Melzas,the-shatar,1667,priest,holy,48,27,21
Jedimind,kazzak,1665,priest,holy,60,32,28
Vui,kelthuzad,1663,priest,holy,66,42,24
Stickpas,ysondre,1661,priest,holy,41,18,23
Anaqt,silvermoon,1660,priest,holy,379,199,180
Gladíator,blackhand,1655,priest,holy,108,60,48
Affro,drakthul,1655,priest,holy,116,59,57
Oide,area-52,1654,priest,holy,120,62,58
Çhéåtçødé,ravencrest,1653,priest,holy,126,64,62
Alizeé,nazjatar,1651,priest,holy,233,128,105
Swd,burning-blade,1650,priest,holy,40,18,22
Drunkshufler,stormscale,1649,priest,holy,104,59,45
Iiamx,antonidas,1647,priest,holy,36,22,14
Câlyr,ragnaros,1647,priest,holy,48,21,27
Xzklolz,twisting-nether,1646,priest,holy,101,54,47
Gnomemonk,stormscale,1645,priest,holy,191,96,95
Budgetdp,archimonde,1645,priest,holy,106,48,58
Vregoa,twisting-nether,1644,priest,holy,78,37,41
Cleoana,blackhand,1643,priest,holy,54,30,24
Troedelsuppe,destromath,1641,priest,holy,78,41,37
Sehlia,kazzak,1641,priest,holy,307,161,146
Ангеланика,gordunni,1640,priest,holy,113,75,38
Преттисмайл,gordunni,1640,priest,holy,247,117,130
Caihla,silvermoon,1639,priest,holy,42,22,20
Rankoneprazt,stormscale,1639,priest,holy,125,61,64
Løøney,kazzak,1638,priest,holy,48,30,18
Penvon,ravencrest,1638,priest,holy,207,101,106
Xianxia,twisting-nether,1636,priest,holy,154,77,77
Bilbobanging,aggramar,1635,priest,holy,108,53,55
Xzklol,twisting-nether,1633,priest,holy,80,43,37
Rankonejames,silvermoon,1633,priest,holy,71,33,38
Jukester,stormscale,1632,priest,holy,80,44,36
Vitae,gorgonnash,1632,priest,holy,44,24,20
Phobò,blackrock,1632,priest,holy,113,52,61
Pínacoladáqt,stormscale,1631,priest,holy,58,34,24
Мамкалол,soulflayer,1631,priest,holy,378,187,191
Эльдиремонт,gordunni,1631,priest,holy,124,56,68
Eliíah,outland,1629,priest,holy,54,31,23
Pøsæ,uldaman,1628,priest,holy,60,35,25
Simpadisco,ravencrest,1627,priest,holy,72,35,37
Sausageboy,tarren-mill,1627,priest,holy,138,62,76
Camina,shattered-hand,1626,priest,holy,207,111,96
Seeyae,archimonde,1623,priest,holy,48,24,24
Cølï,ravencrest,1623,priest,holy,79,39,40
Elmaestrø,aegwynn,1620,priest,holy,90,49,41
Sïxsïxsïx,ravencrest,1620,priest,holy,49,24,25
Xxmybaxxo,archimonde,1617,priest,holy,30,21,9
Alchemïst,ravencrest,1617,priest,holy,46,21,25
Smïlë,ravencrest,1616,priest,holy,210,105,105
Ysun,tarren-mill,1616,priest,holy,48,20,28
Grindgames,pozzo-delleternità,1615,priest,holy,44,22,22
Shanya,thrall,1615,priest,holy,263,130,133
Coolwnbnamex,ravencrest,1614,priest,holy,36,19,17
Eddíémorphin,kazzak,1614,priest,holy,48,24,24
Eleutheria,grim-batol,1611,priest,holy,157,77,80
Depridolens,argent-dawn,1608,priest,holy,30,20,10
Ysalute,sylvanas,1608,priest,holy,33,18,15
Gratcrug,stormrage,1607,priest,holy,66,36,30
Salvatíon,sanguino,1607,priest,holy,106,46,60
Gonker,malganis,1605,priest,holy,41,21,20
Slakkieslak,archimonde,1604,priest,holy,126,77,49
Anabananaa,ravencrest,1604,priest,holy,88,50,38
Theythem,stormscale,1602,priest,holy,30,17,13
Eox,kazzak,1602,priest,holy,42,23,19
Joeasaurs,ragnaros,1602,priest,holy,106,51,55
Zxø,ravencrest,1601,priest,holy,160,88,72
Imbitterx,stormscale,1600,priest,holy,41,26,15
Dogfacex,ravencrest,1599,priest,holy,125,63,62
Imaut,emerald-dream,1599,priest,holy,60,30,30
Solacé,frostmourne,1597,priest,holy,152,81,71
Ankî,aegwynn,1597,priest,holy,50,26,24
Harmónia,outland,1597,priest,holy,223,110,113
Mewdi,outland,1596,priest,holy,56,34,22
Exoduz,stormscale,1596,priest,holy,60,33,27
Discomelk,stormscale,1596,priest,holy,36,17,19
Ünique,alakir,1595,priest,holy,36,19,17
Неймхичгодх,gordunni,1589,priest,holy,82,45,37
Dény,ravencrest,1586,priest,holy,150,82,68
Dìsclol,draenor,1586,priest,holy,247,125,122
Dairox,blackrock,1584,priest,holy,143,77,66
Zelzeari,sylvanas,1583,priest,holy,36,22,14
Altarboy,dun-modr,1583,priest,holy,36,18,18
Xnda,ravencrest,1583,priest,holy,114,55,59
Dazé,ravencrest,1582,priest,holy,129,70,59
Zoophobîa,stormscale,1580,priest,holy,37,19,18
Goytka,tarren-mill,1576,priest,holy,66,31,35
Aykò,blackmoore,1574,priest,holy,114,54,60
Icybae,archimonde,1572,priest,holy,48,34,14
Highn,anetheron,1570,priest,holy,60,33,27
Prëdz,stormscale,1569,priest,holy,280,149,131
Isadriel,madmortem,1565,priest,holy,58,35,23
Koíré,defias-brotherhood,1564,priest,holy,416,216,200
Goofdookie,outland,1563,priest,holy,42,23,19
Overdosedtw,die-aldor,1561,priest,holy,36,24,12
Døtgdx,archimonde,1561,priest,holy,70,42,28
Kathja,outland,1561,priest,holy,40,23,17
Rozå,argent-dawn,1560,priest,holy,84,48,36
Nastylex,magtheridon,1559,priest,holy,36,21,15
Ksn,silvermoon,1559,priest,holy,146,74,72
Hotforus,silvermoon,1554,priest,holy,45,23,22
Dokkaebì,kazzak,1552,priest,holy,153,78,75
Èlysium,grim-batol,1551,priest,holy,96,54,42
Aethanira,ravencrest,1551,priest,holy,72,34,38
Enoriya,blackrock,1549,priest,holy,144,81,63
Capslk,ravencrest,1547,priest,holy,78,43,35
Mayalolz,chogall,1546,priest,holy,50,27,23
Fjonnski,blackmoore,1545,priest,holy,67,38,29
Phobò,antonidas,1545,priest,holy,170,79,91
Usw,outland,1545,priest,holy,74,28,46
Смайткен,gordunni,1538,priest,holy,117,52,65
Evabae,the-maelstrom,1537,priest,holy,54,29,25
Hyonra,kazzak,1536,priest,holy,66,34,32
Инзора,gordunni,1535,priest,holy,177,91,86
Shanny,kazzak,1535,priest,holy,66,32,34
Avelynn,ravencrest,1530,priest,holy,129,66,63
Justheal,stormscale,1530,priest,holy,60,28,32
Сказочки,gordunni,1529,priest,holy,30,16,14
Jawjie,tarren-mill,1528,priest,holy,51,19,32
Womanwonderf,ravencrest,1521,priest,holy,83,40,43
Swdommeil,aegwynn,1521,priest,holy,42,18,24
Росвэнд,gordunni,1519,priest,holy,42,25,17
Malkàv,hyjal,1519,priest,holy,90,47,43
Divinetouch,ravencrest,1516,priest,holy,90,41,49
Кодис,gordunni,1515,priest,holy,18,16,2
Fatherliam,emerald-dream,1514,priest,holy,66,32,34
Dzoo,kazzak,1513,priest,holy,36,19,17
Gigotdagneau,dalaran,1513,priest,holy,47,20,27
Snåttabaias,stormscale,1510,priest,holy,74,41,33
Karpiest,stormscale,1510,priest,holy,142,78,64
Mylini,silvermoon,1508,priest,holy,300,165,135
Badguymike,ragnaros,1508,priest,holy,46,24,22
Cartøøns,ravencrest,1506,priest,holy,66,39,27
Ptiteminette,archimonde,1504,priest,holy,68,38,30
Zeflol,malganis,1504,priest,holy,37,19,18
Wilby,archimonde,1503,priest,holy,48,21,27
Kotipope,silvermoon,1502,priest,holy,74,38,36
Fomstable,outland,1501,priest,holy,108,63,45
Angrk,kazzak,1500,priest,holy,102,62,40
Маквиэлла,howling-fjord,1500,priest,holy,66,37,29
Makkalisser,kazzak,1497,priest,holy,36,20,16
Msmsmsm,frostwhisper,1496,priest,holy,42,24,18
Hoeneygodx,antonidas,1495,priest,holy,42,21,21
Заволончик,blackscar,1494,priest,holy,102,48,54
Cyabish,twisting-nether,1493,priest,holy,149,80,69
Краббожий,greymane,1493,priest,holy,53,22,31
Эилинг,gordunni,1492,priest,holy,234,127,107
Kubbarn,stormscale,1492,priest,holy,313,168,145
Weedony,hyjal,1491,priest,holy,55,31,24
Draster,blackrock,1490,priest,holy,53,28,25
Pleistex,sylvanas,1488,priest,holy,72,38,34
Senkín,aegwynn,1479,priest,holy,221,107,114
Rines,thrall,1478,priest,holy,200,100,100
Alphacub,ragnaros,1478,priest,holy,121,57,64
Mêduse,ravencrest,1476,priest,holy,81,39,42
Sïlvëräzz,drekthar,1472,priest,holy,53,25,28
Pprxd,ysondre,1472,priest,holy,54,25,29
Maah,defias-brotherhood,1471,priest,holy,80,46,34
Yuhé,elune,1469,priest,holy,38,23,15
Fabs,laughing-skull,1468,priest,holy,113,69,44
Hmanco,burning-legion,1468,priest,holy,365,193,172
Daftî,twisting-nether,1468,priest,holy,161,84,77
Sak,uldaman,1467,priest,holy,256,126,130
Symbolofhope,ravencrest,1464,priest,holy,231,121,110
Sixtyseven,blackhand,1464,priest,holy,78,39,39
Catstretch,ravencrest,1462,priest,holy,155,79,76
Painlêss,eredar,1461,priest,holy,41,22,19
Вакидзачи,gordunni,1461,priest,holy,239,122,117
Isilros,dalaran,1460,priest,holy,52,28,24
Liquoriced,tarren-mill,1460,priest,holy,43,23,20
Пингзеро,soulflayer,1459,priest,holy,232,116,116
Voodoo,the-maelstrom,1459,priest,holy,120,51,69
Целитель,gordunni,1457,priest,holy,103,53,50
Cøvu,draenor,1457,priest,holy,165,82,83
Jappsolut,outland,1456,priest,holy,101,56,45
Scrxppe,twisting-nether,1455,priest,holy,138,76,62
Suxino,stormscale,1455,priest,holy,185,94,91
Mcdeady,tarren-mill,1454,priest,holy,42,19,23
Ceraghk,tichondrius,1453,priest,holy,52,23,29
Køzøxîä,dalaran,1452,priest,holy,60,20,40
Xytael,burning-legion,1450,priest,holy,256,135,121
Taksus,alexstrasza,1450,priest,holy,42,19,23
Mezegis,draenor,1449,priest,holy,48,26,22
Stigmátá,ravencrest,1449,priest,holy,54,26,28
Алеброн,gordunni,1448,priest,holy,59,32,27
Judâspriest,twisting-nether,1447,priest,holy,84,43,41
Ilkar,archimonde,1447,priest,holy,90,43,47
Djdesha,tarren-mill,1447,priest,holy,41,19,22
Åzjol,magtheridon,1447,priest,holy,67,30,37
Momopriesto,draenor,1445,priest,holy,77,35,42
Atiyesh,arthas,1444,priest,holy,240,126,114
Иссатея,galakrond,1443,priest,holy,66,33,33
Góldfinger,norgannon,1441,priest,holy,366,181,185
Nýkah,antonidas,1441,priest,holy,42,20,22
Bougetonboul,archimonde,1440,priest,holy,88,44,44
Kyokaze,silvermoon,1440,priest,holy,64,29,35
Adallon,blackmoore,1438,priest,holy,35,21,14
Sqwabblepee,stormscale,1438,priest,holy,53,27,26
Ròka,ysondre,1438,priest,holy,66,31,35
Thalane,das-konsortium,1437,priest,holy,66,29,37
Arianell,stormscale,1436,priest,holy,45,28,17
Sadgepriest,draenor,1435,priest,holy,132,68,64
Mctastý,outland,1434,priest,holy,30,21,9
Vickepriest,stormreaver,1434,priest,holy,66,39,27
Hélp,stormscale,1433,priest,holy,24,15,9
Maerlene,nemesis,1433,priest,holy,54,31,23
Reflector,sunstrider,1432,priest,holy,30,15,15
Phénylanine,khaz-modan,1431,priest,holy,338,174,164
Bobitä,ravencrest,1430,priest,holy,54,32,22
Lasuora,nemesis,1429,priest,holy,84,42,42
Fizzlesp,tarren-mill,1425,priest,holy,30,15,15
Seladine,ravencrest,1423,priest,holy,212,109,103
Hara,elune,1421,priest,holy,53,24,29
Eazzyy,kazzak,1420,priest,holy,103,54,49
Рилия,howling-fjord,1420,priest,holy,36,17,19
Ittei,stormscale,1420,priest,holy,34,16,18
Chibrausorus,archimonde,1419,priest,holy,140,75,65
Midycine,ysondre,1419,priest,holy,251,131,120
Kbakå,kazzak,1419,priest,holy,78,37,41
Jaz,ysondre,1417,priest,holy,85,43,42
Tavra,stormscale,1417,priest,holy,108,50,58
Geilerheiler,dalvengyr,1416,priest,holy,24,15,9
Lómesilme,dun-modr,1416,priest,holy,235,122,113
Penitence,drekthar,1416,priest,holy,56,24,32
Virginmaris,sanguino,1415,priest,holy,113,64,49
Filthyzx,argent-dawn,1415,priest,holy,30,15,15
Willxzz,silvermoon,1414,priest,holy,88,36,52
Markianos,silvermoon,1412,priest,holy,114,58,56
Ageo,sanguino,1411,priest,holy,24,17,7
Dãrkmedic,silvermoon,1411,priest,holy,66,32,34
Casconero,nemesis,1410,priest,holy,68,32,36
Мектран,gordunni,1408,priest,holy,54,27,27
Meshia,antonidas,1406,priest,holy,30,15,15
Bifs,blackmoore,1405,priest,holy,50,32,18
Scartay,outland,1405,priest,holy,29,15,14
Bierbändiger,blackhand,1405,priest,holy,294,145,149
Kusé,anubarak,1404,priest,holy,36,15,21
Blacklemons,thrall,1403,priest,holy,48,26,22
Neoark,archimonde,1403,priest,holy,170,86,84
Vespîrâ,onyxia,1402,priest,holy,159,82,77
Dødy,hyjal,1400,priest,holy,24,15,9
Demonhunt,stormscale,1399,priest,holy,64,38,26
Elëkträ,dalaran,1399,priest,holy,55,30,25
Davìna,sunstrider,1399,priest,holy,97,49,48
Húlda,auchindoun,1393,priest,holy,110,55,55
Pakmopriest,ragnaros,1391,priest,holy,36,19,17
Lenara,kult-der-verdammten,1389,priest,holy,42,24,18
Lädi,ravencrest,1388,priest,holy,108,58,50
Noxxill,eredar,1388,priest,holy,30,16,14
Nou,aegwynn,1388,priest,holy,69,34,35
Exaneo,ragnaros,1387,priest,holy,33,18,15
Холихэйт,howling-fjord,1381,priest,holy,29,15,14
Jannolapin,ysondre,1379,priest,holy,36,17,19
Zellita,ravencrest,1376,priest,holy,102,41,61
Gertie,blackhand,1375,priest,holy,88,45,43
Åluneth,kazzak,1375,priest,holy,306,155,151
Mindconrol,twisting-nether,1374,priest,holy,48,24,24
Insaner,ahnqiraj,1374,priest,holy,45,19,26
Annise,kazzak,1373,priest,holy,47,25,22
Bubbleup,defias-brotherhood,1373,priest,holy,162,85,77
Madcole,blackhand,1371,priest,holy,85,43,42
Чёбушек,gordunni,1369,priest,holy,41,24,17
Emipriest,tarren-mill,1369,priest,holy,185,92,93
Konstigadan,twisting-nether,1369,priest,holy,56,26,30
Cagedforlife,draenor,1368,priest,holy,52,21,31
Veurjin,uldaman,1367,priest,holy,77,37,40
Umayyaa,sylvanas,1366,priest,holy,71,32,39
Elessee,the-maelstrom,1364,priest,holy,172,82,90
Rägà,archimonde,1363,priest,holy,91,48,43
Nomakprst,sanguino,1362,priest,holy,60,31,29
Draconux,terenas,1361,priest,holy,84,40,44
Haineko,burning-legion,1360,priest,holy,129,63,66
Asare,outland,1359,priest,holy,192,102,90
Elunos,blackrock,1358,priest,holy,130,65,65
Owait,tarren-mill,1358,priest,holy,42,20,22
Бредяка,gordunni,1357,priest,holy,60,35,25
Tëmärï,ravencrest,1356,priest,holy,72,46,26
Возхд,soulflayer,1356,priest,holy,48,27,21
Zorea,twisting-nether,1356,priest,holy,153,76,77
Josephr,blackmoore,1355,priest,holy,52,28,24
Vibby,moonglade,1355,priest,holy,36,17,19
Ebolaidman,ravencrest,1353,priest,holy,24,15,9
Hyonzy,silvermoon,1353,priest,holy,339,170,169
Pridepriest,twisting-nether,1346,priest,holy,84,42,42
Prencø,sanguino,1345,priest,holy,34,16,18
Certe,twisting-nether,1344,priest,holy,139,67,72
Papadrak,kazzak,1343,priest,holy,101,55,46
Выдокбля,soulflayer,1342,priest,holy,84,44,40
Zlejkadlec,drakthul,1342,priest,holy,103,52,51
Tyrhaa,blackmoore,1340,priest,holy,264,134,130
Nykah,antonidas,1339,priest,holy,109,51,58
Calïxløve,der-rat-von-dalaran,1337,priest,holy,31,20,11
Xzarion,nozdormu,1336,priest,holy,41,19,22
Nálá,nethersturm,1335,priest,holy,115,59,56
Nbeewwannabe,silvermoon,1332,priest,holy,149,82,67
Moirgana,minahonda,1331,priest,holy,54,26,28
Fedorah,ragnaros,1330,priest,holy,114,63,51
Stàrlîght,chants-éternels,1329,priest,holy,48,27,21
Migam,kazzak,1329,priest,holy,126,62,64
Pasqualz,ravencrest,1329,priest,holy,113,54,59
Orcid,chogall,1327,priest,holy,146,75,71
Alú,draenor,1327,priest,holy,153,73,80
Tyene,voljin,1326,priest,holy,134,73,61
Luxtrii,blackrock,1326,priest,holy,48,20,28
Avp,the-maelstrom,1325,priest,holy,54,29,25
Dwoa,silvermoon,1323,priest,holy,100,55,45
Isalvation,stormscale,1321,priest,holy,30,14,16
Велост,gordunni,1320,priest,holy,70,36,34
Elynä,silvermoon,1318,priest,holy,78,50,28
Alros,elune,1318,priest,holy,84,40,44
Бустержиесть,soulflayer,1316,priest,holy,30,14,16
Zrada,dalaran,1315,priest,holy,30,15,15
Meatyshaft,doomhammer,1315,priest,holy,63,29,34
Aïmée,ravencrest,1313,priest,holy,55,26,29
Tolteck,ravencrest,1311,priest,holy,108,59,49
Surge,drakthul,1310,priest,holy,33,18,15
Holydolly,doomhammer,1309,priest,holy,66,39,27
Hereticroka,ysondre,1309,priest,holy,110,50,60
Ezechiel,twisting-nether,1308,priest,holy,59,33,26
Hiimgreen,blackhand,1308,priest,holy,164,76,88
Szelén,ragnaros,1307,priest,holy,24,14,10
Skíps,sylvanas,1306,priest,holy,66,32,34
Cherron,argent-dawn,1305,priest,holy,61,27,34
Tomassur,drakthul,1304,priest,holy,132,67,65
Mashimaro,blackhand,1303,priest,holy,153,79,74
Асггард,borean-tundra,1299,priest,holy,91,57,34
Idisck,kazzak,1299,priest,holy,62,30,32
Eurydike,blackrock,1297,priest,holy,64,37,27
Mianxpriest,tarren-mill,1296,priest,holy,78,36,42
Маракеда,soulflayer,1295,priest,holy,41,18,23
Spamplague,stormscale,1292,priest,holy,92,42,50
Feelmypainn,kazzak,1290,priest,holy,72,38,34
Vrêth,blackmoore,1289,priest,holy,35,21,14
Rezzurrectum,doomhammer,1283,priest,holy,51,26,25
Byzzi,draenor,1283,priest,holy,263,130,133
Nino,gorgonnash,1282,priest,holy,78,34,44
Vocolieth,argent-dawn,1281,priest,holy,214,103,111
Dètox,twisting-nether,1280,priest,holy,92,44,48
Evílz,tarren-mill,1280,priest,holy,39,14,25
Síuu,kazzak,1277,priest,holy,72,35,37
Speltmor,stormscale,1276,priest,holy,73,33,40
Nerfnerf,kazzak,1275,priest,holy,93,51,42
Skryllette,archimonde,1272,priest,holy,54,25,29
Wintercurse,twisting-nether,1272,priest,holy,52,24,28
Zakhun,stormrage,1271,priest,holy,82,42,40
Fuloo,stormscale,1269,priest,holy,167,82,85
Sohryø,drekthar,1268,priest,holy,85,46,39
Ethery,argent-dawn,1266,priest,holy,65,33,32
Nicksiz,silvermoon,1266,priest,holy,40,18,22
Selfcontrol,blackhand,1266,priest,holy,38,16,22
Yinyangyø,eredar,1266,priest,holy,42,16,26
Tépinette,chogall,1262,priest,holy,36,19,17
Libetha,ysondre,1262,priest,holy,71,36,35
Tudiiheals,frostwolf,1261,priest,holy,91,48,43
Hydraximus,garrosh,1259,priest,holy,749,366,383
Juco,draenor,1259,priest,holy,165,77,88
Elf,tarren-mill,1259,priest,holy,54,21,33
Piizzdiica,twisting-nether,1258,priest,holy,30,16,14
Blazekk,sylvanas,1258,priest,holy,62,25,37
Lazheal,khaz-modan,1257,priest,holy,165,92,73
Dôppler,archimonde,1256,priest,holy,23,14,9
Ludriel,turalyon,1254,priest,holy,78,40,38
Soapie,defias-brotherhood,1253,priest,holy,48,25,23
Иннерон,soulflayer,1251,priest,holy,281,144,137
Lhyria,baelgun,1251,priest,holy,67,33,34
Gloxina,argent-dawn,1250,priest,holy,114,56,58
Zên,argent-dawn,1248,priest,holy,21,14,7
Ayess,aegwynn,1248,priest,holy,47,24,23
Jaytî,ravencrest,1247,priest,holy,18,13,5
Prästera,draenor,1247,priest,holy,36,18,18
Like,frostwolf,1247,priest,holy,30,15,15
Misscure,draenor,1247,priest,holy,130,59,71
Dathlight,argent-dawn,1246,priest,holy,119,62,57
Letmehêal,archimonde,1246,priest,holy,36,14,22
Qzrx,draenor,1245,priest,holy,24,13,11
Maybelline,ravencrest,1245,priest,holy,48,23,25
Suili,twisting-nether,1243,priest,holy,24,13,11
Boomixed,twisting-nether,1242,priest,holy,24,13,11
Êfnân,twisting-nether,1241,priest,holy,24,15,9
Nakali,the-maelstrom,1241,priest,holy,66,30,36
Kasualoix,stormscale,1241,priest,holy,36,14,22
Бенигана,soulflayer,1239,priest,holy,48,25,23
Larisä,uldum,1238,priest,holy,149,72,77
Elián,silvermoon,1234,priest,holy,75,39,36
Kiånå,teldrassil,1233,priest,holy,227,107,120
Скартэикс,howling-fjord,1231,priest,holy,48,24,24
Gummi,blackhand,1230,priest,holy,72,31,41
Ihavewings,kazzak,1228,priest,holy,30,13,17
Sodatsu,cthun,1225,priest,holy,54,22,32
Swdjack,blackrock,1225,priest,holy,36,13,23
Fareeya,thrall,1223,priest,holy,36,16,20
Ичисанчик,howling-fjord,1222,priest,holy,26,13,13
Lykarion,argent-dawn,1221,priest,holy,78,38,40
Ábomínatíøn,ravencrest,1219,priest,holy,24,13,11
Голнар,deathguard,1217,priest,holy,40,19,21
Nosgot,earthen-ring,1217,priest,holy,72,33,39
Sapphos,ravencrest,1216,priest,holy,47,23,24
Hølýðéåthjçç,tarren-mill,1215,priest,holy,94,44,50
Neenä,ravencrest,1214,priest,holy,50,25,25
Dúréx,sanguino,1212,priest,holy,42,28,14
Morrydin,stormreaver,1212,priest,holy,84,36,48
Shannywen,nemesis,1207,priest,holy,54,15,39
Ertruski,exodar,1206,priest,holy,42,24,18
Anateoris,turalyon,1205,priest,holy,150,59,91
Proteco,antonidas,1204,priest,holy,42,22,20
Slimemarther,nordrassil,1204,priest,holy,76,30,46
Omnissiiah,silvermoon,1203,priest,holy,30,13,17
Enaches,twisting-nether,1201,priest,holy,60,35,25
Хилтихон,howling-fjord,1200,priest,holy,42,26,16
Testdeex,ravencrest,1197,priest,holy,23,13,10
Unchainedz,twisting-nether,1196,priest,holy,88,39,49
Delphina,archimonde,1194,priest,holy,263,136,127
Keskiyö,ravencrest,1193,priest,holy,27,14,13
Benificent,argent-dawn,1192,priest,holy,76,38,38
Angelsdust,ravencrest,1190,priest,holy,34,14,20
Sokolado,silvermoon,1187,priest,holy,54,28,26
Ripjuice,sylvanas,1186,priest,holy,84,44,40
Холимыша,blackscar,1182,priest,holy,63,32,31
Ashrod,stormscale,1182,priest,holy,55,26,29
Карнотит,howling-fjord,1182,priest,holy,48,16,32
Piwi,blackrock,1181,priest,holy,22,13,9
Dotterin,draenor,1181,priest,holy,29,17,12
Хасгерион,gordunni,1180,priest,holy,66,27,39
Kímbérléy,argent-dawn,1179,priest,holy,141,75,66
Åme,kirin-tor,1178,priest,holy,42,17,25
Berrylee,twisting-nether,1177,priest,holy,28,14,14
Bowie,frostwhisper,1177,priest,holy,90,38,52
Zloop,tarren-mill,1175,priest,holy,36,17,19
Ниеса,lich-king,1174,priest,holy,110,52,58
Jarnary,blackmoore,1171,priest,holy,75,33,42
Torcena,garrosh,1166,priest,holy,141,70,71
Killtrew,ravencrest,1165,priest,holy,39,13,26
Kbakå,stormscale,1162,priest,holy,71,29,42
Nemista,hyjal,1160,priest,holy,70,26,44
Voreno,alonsus,1160,priest,holy,65,24,41
Drypri,twisting-nether,1158,priest,holy,26,13,13
Matdd,arthas,1154,priest,holy,31,15,16
Nenku,minahonda,1151,priest,holy,18,12,6
Xxanthos,ysondre,1151,priest,holy,235,128,107
Квваззар,gordunni,1151,priest,holy,24,12,12
Lúthien,outland,1150,priest,holy,18,12,6
Kolsäck,twilights-hammer,1149,priest,holy,24,12,12
Melodyn,silvermoon,1149,priest,holy,44,16,28
Tansk,stormscale,1147,priest,holy,24,12,12
Ilerya,hyjal,1145,priest,holy,70,35,35
Vaenor,durotan,1145,priest,holy,30,12,18
Avtarra,ravencrest,1144,priest,holy,93,45,48
Hepakko,stormscale,1143,priest,holy,24,12,12
Zyrusen,sanguino,1139,priest,holy,24,12,12
Ахмох,gordunni,1139,priest,holy,30,13,17
Areonas,alleria,1138,priest,holy,51,21,30
Lyla,frostwolf,1137,priest,holy,76,41,35
Domerick,outland,1136,priest,holy,30,12,18
Rastafaja,doomhammer,1133,priest,holy,83,34,49
Andreel,ravencrest,1131,priest,holy,24,12,12
Morphuz,tarren-mill,1130,priest,holy,186,86,100
Cazzîe,eredar,1129,priest,holy,18,12,6
Meowcakes,stormscale,1127,priest,holy,54,30,24
Рикимарочка,gordunni,1127,priest,holy,54,20,34
Sücre,dalaran,1125,priest,holy,30,16,14
Quatorze,voljin,1124,priest,holy,34,19,15
Hampådenbååd,kazzak,1119,priest,holy,22,13,9
Vouhza,turalyon,1119,priest,holy,72,38,34
Asraje,eredar,1115,priest,holy,50,30,20
Brigied,turalyon,1109,priest,holy,147,65,82
Mundwerk,malganis,1107,priest,holy,60,22,38
Crimatoriá,rajaxx,1105,priest,holy,66,36,30
Iljas,kelthuzad,1105,priest,holy,30,16,14
Beatla,khaz-modan,1104,priest,holy,75,40,35
Copperplume,ravenholdt,1104,priest,holy,132,58,74
Rhäenÿra,hyjal,1102,priest,holy,70,41,29
Docmercy,dun-morogh,1100,priest,holy,60,26,34
Anàriel,elune,1100,priest,holy,48,19,29
Tripjob,hyjal,1099,priest,holy,23,12,11
Libido,outland,1096,priest,holy,24,12,12
Balin,veklor,1096,priest,holy,27,12,15
Shaniqua,saurfang,1093,priest,holy,104,53,51
Åshlol,ravencrest,1090,priest,holy,27,13,14
Holypowér,twisting-nether,1088,priest,holy,30,17,13
Sáro,ravencrest,1086,priest,holy,32,14,18
Киторик,blackscar,1085,priest,holy,51,24,27
Nightwemet,kirin-tor,1080,priest,holy,42,21,21
Eile,doomhammer,1079,priest,holy,30,16,14
Pretzioso,nemesis,1078,priest,holy,34,15,19
Pryna,dunemaul,1076,priest,holy,30,12,18
Ломаюключики,gordunni,1073,priest,holy,90,44,46
Deeforce,argent-dawn,1072,priest,holy,97,53,44
Kæos,blackrock,1065,priest,holy,129,58,71
Türapea,draenor,1063,priest,holy,60,32,28
Naieli,antonidas,1061,priest,holy,74,39,35
Båbak,frostmane,1060,priest,holy,39,21,18
Zen,talnivarr,1056,priest,holy,24,11,13
Nyygalease,burning-legion,1055,priest,holy,18,11,7
Миррен,gordunni,1055,priest,holy,18,11,7
Луилэнс,howling-fjord,1055,priest,holy,18,11,7
Штанга,blackscar,1055,priest,holy,29,12,17
Cãlyr,ragnaros,1055,priest,holy,30,11,19
Disturbdtwo,archimonde,1054,priest,holy,18,11,7
Тевтонка,goldrinn,1054,priest,holy,80,38,42
Рейеан,soulflayer,1054,priest,holy,24,11,13
Jellypie,blackrock,1054,priest,holy,24,11,13
Duskojar,kazzak,1054,priest,holy,24,11,13
Lobogaust,kargath,1053,priest,holy,102,56,46
Uro,tirion,1053,priest,holy,30,11,19
Еврейк,soulflayer,1051,priest,holy,24,11,13
Крайл,blackscar,1051,priest,holy,111,37,74
Leyea,kazzak,1050,priest,holy,55,28,27
Elinaa,die-aldor,1050,priest,holy,24,11,13
Syhndel,draenor,1049,priest,holy,24,11,13
Lirych,the-maelstrom,1047,priest,holy,18,11,7
Bamboleon,blackrock,1046,priest,holy,24,11,13
Sâtânica,kelthuzad,1046,priest,holy,140,64,76
Tákú,blackmoore,1045,priest,holy,116,55,61
Velence,ravencrest,1043,priest,holy,24,11,13
Harlemsfnest,blackrock,1042,priest,holy,24,13,11
Qazar,draenor,1036,priest,holy,18,11,7
Laewen,die-aldor,1032,priest,holy,82,39,43
Orcü,tarren-mill,1032,priest,holy,72,33,39
Nathamo,archimonde,1028,priest,holy,24,11,13
Juicedmaboi,tarren-mill,1028,priest,holy,24,11,13
Haregnor,gorgonnash,1028,priest,holy,42,16,26
Dwano,balnazzar,1027,priest,holy,18,11,7
Baabaak,frostmane,1026,priest,holy,69,40,29
Valdos,hyjal,1026,priest,holy,48,16,32
Touddixz,blackrock,1020,priest,holy,32,12,20
Sickheals,doomhammer,1018,priest,holy,62,35,27
Ankhepope,outland,1013,priest,holy,56,33,23
Narwarion,die-aldor,1011,priest,holy,78,36,42
Fivequeens,tarren-mill,1009,priest,holy,30,14,16
Tezzi,azjolnerub,1006,priest,holy,47,19,28
Malphesto,sunstrider,1005,priest,holy,17,11,6
Valtessian,medivh,1000,priest,holy,75,37,38
Zerula,outland,990,priest,holy,42,21,21
Covidios,twisting-nether,990,priest,holy,93,43,50
Hipnotika,nemesis,988,priest,holy,53,18,35
Applecrumßle,ragnaros,983,priest,holy,65,32,33
Siarai,pozzo-delleternità,964,priest,holy,43,21,22
Artístx,twisting-nether,960,priest,holy,24,10,14
Yamai,thrall,960,priest,holy,24,10,14
Десемин,deathguard,960,priest,holy,47,18,29
Mcmuffin,runetotem,959,priest,holy,21,13,8
Dqt,ragnaros,959,priest,holy,18,10,8
Tazn,thrall,959,priest,holy,18,10,8
Padisonpain,blackmoore,959,priest,holy,18,10,8
Рагзел,howling-fjord,959,priest,holy,18,10,8
Nancey,draenor,959,priest,holy,18,10,8
Xlhealscptn,arathor,959,priest,holy,60,19,41
Nûtqt,archimonde,958,priest,holy,18,10,8
Lâughing,ravencrest,958,priest,holy,24,10,14
Lenneyqt,blackmoore,958,priest,holy,24,10,14
Mesticore,nethersturm,958,priest,holy,24,10,14
Bebwaz,kazzak,958,priest,holy,24,10,14
Bigpinkballs,tarren-mill,956,priest,holy,12,10,2
Byebee,stormscale,956,priest,holy,12,10,2
Nøfear,tarren-mill,956,priest,holy,35,10,25
Rennic,stormscale,955,priest,holy,18,10,8
Gintøníc,blackmoore,954,priest,holy,18,10,8
Wildjaevel,grim-batol,953,priest,holy,24,10,14
Excó,burning-legion,951,priest,holy,18,10,8
Melancholly,thunderhorn,951,priest,holy,41,19,22
Avïlia,dalaran,950,priest,holy,30,10,20
Velenthan,ragnaros,949,priest,holy,24,10,14
Cemiing,drakthul,944,priest,holy,24,10,14
Aureï,khaz-modan,938,priest,holy,24,10,14
Noukeé,blackrock,927,priest,holy,29,10,19
Moriou,dun-morogh,925,priest,holy,18,10,8
Discxqt,ysondre,924,priest,holy,14,11,3
Maxý,ravencrest,924,priest,holy,60,25,35
Hodza,frostmane,919,priest,holy,84,45,39
Infinitiy,sylvanas,919,priest,holy,42,21,21
Brightharp,argent-dawn,919,priest,holy,28,10,18
Archangel,terokkar,916,priest,holy,60,30,30
Thingsy,draenor,912,priest,holy,59,27,32
Chaendral,darkmoon-faire,911,priest,holy,32,11,21
Kanki,haomarush,908,priest,holy,96,48,48
Protegee,draenor,908,priest,holy,81,28,53
Hegêan,argent-dawn,906,priest,holy,71,32,39
Angelsdust,stormscale,905,priest,holy,22,11,11
Lockmold,tarren-mill,905,priest,holy,26,11,15
Ламедрис,gordunni,904,priest,holy,41,10,31
Fatherted,nagrand,900,priest,holy,60,17,43
Rahela,sanguino,897,priest,holy,23,11,12
Widok,kazzak,889,priest,holy,65,33,32
Monetaria,das-syndikat,887,priest,holy,31,11,20
Sîanah,archimonde,886,priest,holy,28,11,17
Авэнсис,howling-fjord,869,priest,holy,54,21,33
Jmp,tarren-mill,864,priest,holy,12,9,3
Æäõ,turalyon,864,priest,holy,18,9,9
Rhæveth,ravencrest,864,priest,holy,18,9,9
Zeraphïn,eredar,864,priest,holy,18,9,9
Jagardoden,stormscale,864,priest,holy,24,9,15
Âlolexx,archimonde,863,priest,holy,12,9,3
Azeeza,stormscale,863,priest,holy,12,9,3
Tyog,khazgoroth,863,priest,holy,12,9,3
Ashp,shattered-halls,863,priest,holy,24,9,15
Kalkudis,blackmoore,862,priest,holy,18,9,9
Другподруг,soulflayer,862,priest,holy,18,9,9
Zufâllig,blackhand,862,priest,holy,18,9,9
Poulet,sylvanas,862,priest,holy,18,9,9
Oxiièmort,khaz-modan,862,priest,holy,24,9,15
Chrishyp,blackrock,861,priest,holy,19,11,8
Faelvirin,aegwynn,861,priest,holy,18,9,9
Hónòr,sylvanas,861,priest,holy,30,9,21
Kaleycuoco,blackhand,860,priest,holy,18,9,9
Marey,blackmoore,860,priest,holy,24,9,15
Athissa,draenor,857,priest,holy,18,9,9
Ayahuascarli,ravencrest,847,priest,holy,17,9,8
Cherrih,argent-dawn,829,priest,holy,23,9,14
Dampfwalze,nozdormu,821,priest,holy,61,29,32
Eglantinna,ravencrest,809,priest,holy,14,10,4
Cånniekekw,tarren-mill,808,priest,holy,21,10,11
Katleiya,ysondre,799,priest,holy,11,9,2
Wernou,archimonde,799,priest,holy,16,9,7
Safiira,argent-dawn,798,priest,holy,132,64,68
Nokizzle,antonidas,795,priest,holy,14,9,5
Zongiz,azjolnerub,786,priest,holy,22,9,13
Xal,drekthar,785,priest,holy,234,97,137
Methmakka,kazzak,778,priest,holy,19,10,9
Centauria,burning-legion,776,priest,holy,48,10,38
Vyrá,der-rat-von-dalaran,768,priest,holy,12,8,4
Flyffi,tarren-mill,768,priest,holy,12,8,4
Cheeséd,ravencrest,768,priest,holy,12,8,4
Dès,ravencrest,768,priest,holy,12,8,4
Swdömmel,aegwynn,768,priest,holy,12,8,4
Просодик,blackscar,768,priest,holy,12,8,4
Legitha,blackmoore,768,priest,holy,18,8,10
Gimeurgold,destromath,768,priest,holy,18,8,10
Heilop,kazzak,768,priest,holy,23,8,15
Ÿolo,nemesis,768,priest,holy,24,8,16
Randomxdisc,draenor,767,priest,holy,12,8,4
Experimentix,silvermoon,767,priest,holy,12,8,4
Hannïri,archimonde,767,priest,holy,18,8,10
Arits,tarren-mill,767,priest,holy,18,8,10
Malizia,ragnaros,766,priest,holy,12,8,4
Knóld,draenor,766,priest,holy,24,8,16
Нейроблум,soulflayer,765,priest,holy,18,8,10
Krilight,sargeras,765,priest,holy,24,8,16
Forsetî,archimonde,764,priest,holy,12,8,4
Hellhámmer,azshara,763,priest,holy,18,8,10
Jbte,silvermoon,762,priest,holy,30,8,22
Lasanka,sylvanas,761,priest,holy,24,8,16
Melissasky,ragnaros,760,priest,holy,60,22,38
Chyen,kult-der-verdammten,758,priest,holy,18,8,10
Fratio,krasus,758,priest,holy,18,8,10
Avinci,blackrock,757,priest,holy,18,8,10
Azaza,burning-legion,754,priest,holy,37,19,18
Amemiya,ragnaros,753,priest,holy,22,9,13
Spàgno,nemesis,750,priest,holy,24,8,16
Besmrtna,saurfang,749,priest,holy,23,8,15
Eternitiy,auchindoun,744,priest,holy,18,8,10
Valves,saurfang,740,priest,holy,66,24,42
Blaulienchen,proudmoore,736,priest,holy,36,11,25
Englishheart,auchindoun,734,priest,holy,17,8,9
Adenisia,hyjal,733,priest,holy,19,9,10
Valentinus,dragonmaw,702,priest,holy,26,8,18
Mélínâ,blackmoore,691,priest,holy,28,9,19
Onnovq,ravencrest,672,priest,holy,12,7,5
Artìst,ravencrest,672,priest,holy,12,7,5
Nelakya,blackmoore,672,priest,holy,12,7,5
Макстин,howling-fjord,672,priest,holy,12,7,5
Ainadaxz,ravencrest,672,priest,holy,12,7,5
Sepa,stormreaver,672,priest,holy,12,7,5
Lanmarie,sylvanas,672,priest,holy,12,7,5
Willzah,outland,672,priest,holy,12,7,5
Гшд,gordunni,672,priest,holy,12,7,5
Ботхесатва,deepholm,672,priest,holy,12,7,5
Darkoul,conseil-des-ombres,672,priest,holy,12,7,5
Ðoxy,frostmane,672,priest,holy,12,7,5
Arabpriest,draenor,672,priest,holy,12,7,5
Ibunnyqt,aegwynn,672,priest,holy,12,7,5
Naïcos,dun-modr,672,priest,holy,18,7,11
Russianpvp,outland,672,priest,holy,18,7,11
Yzïam,ravencrest,672,priest,holy,18,7,11
Valinoru,silvermoon,672,priest,holy,18,7,11
Sehrhübsch,malygos,672,priest,holy,18,7,11
Tabaç,stormscale,672,priest,holy,18,7,11
Aspertina,outland,672,priest,holy,18,7,11
Ticklypriest,outland,672,priest,holy,18,7,11
Systerstål,twisting-nether,671,priest,holy,18,7,11
Kineila,dun-morogh,671,priest,holy,24,7,17
Mgx,defias-brotherhood,671,priest,holy,24,7,17
Smolbøi,tarren-mill,670,priest,holy,24,7,17
Datek,silvermoon,667,priest,holy,18,7,11
Zinary,silvermoon,667,priest,holy,18,7,11
Isiriah,archimonde,666,priest,holy,12,7,5
Ларуса,gordunni,662,priest,holy,15,8,7
Yayaxoxo,archimonde,660,priest,holy,26,10,16
Ledarz,dun-morogh,658,priest,holy,18,7,11
Sarafîsthole,ysondre,655,priest,holy,18,7,11
Kaliboom,archimonde,654,priest,holy,23,7,16
Naid,exodar,654,priest,holy,24,7,17
Iliridan,pozzo-delleternità,641,priest,holy,139,43,96
Killtrewerty,stormscale,638,priest,holy,17,7,10
Branmer,silvermoon,627,priest,holy,29,7,22
Dùsty,archimonde,616,priest,holy,20,8,12
Waycrest,ravencrest,614,priest,holy,14,8,6
Kirvane,outland,610,priest,holy,15,8,7
Blâdes,gorgonnash,589,priest,holy,17,7,10
Çhåstîsëfèár,dun-modr,576,priest,holy,6,6,0
Zerotalent,stormscale,576,priest,holy,6,6,0
Babá,argent-dawn,576,priest,holy,6,6,0
Múixi,dun-modr,576,priest,holy,12,6,6
Ixxmp,blackrock,576,priest,holy,12,6,6
Resuscitator,spinebreaker,576,priest,holy,12,6,6
Redy,drakthul,576,priest,holy,12,6,6
Lisk,argent-dawn,576,priest,holy,12,6,6
Bij,outland,576,priest,holy,12,6,6
Crinji,blackmoore,576,priest,holy,12,6,6
Eoraoierai,ragnaros,576,priest,holy,12,6,6
Danina,outland,576,priest,holy,12,6,6
Aevery,onyxia,576,priest,holy,12,6,6
Azymi,ravencrest,576,priest,holy,12,6,6
Priestok,archimonde,576,priest,holy,12,6,6
Shadowkym,blackrock,576,priest,holy,12,6,6
Schattenface,blackmoore,576,priest,holy,12,6,6
Ahilarry,tarren-mill,576,priest,holy,12,6,6
Alaelis,burning-legion,576,priest,holy,12,6,6
Tribz,kargath,576,priest,holy,12,6,6
Darkoul,ravencrest,576,priest,holy,12,6,6
Jhaazx,nemesis,576,priest,holy,14,6,8
Мотд,gordunni,576,priest,holy,18,6,12
Wurstpriest,silvermoon,576,priest,holy,18,6,12
Felvytwo,stormscale,576,priest,holy,18,6,12
Baldracca,shendralar,576,priest,holy,18,6,12
Gød,magtheridon,576,priest,holy,24,6,18
Lifeisgg,draenor,576,priest,holy,24,6,18
Джагонх,soulflayer,576,priest,holy,24,6,18
Secundis,silvermoon,575,priest,holy,12,6,6
Waters,lightbringer,575,priest,holy,12,6,6
Wasfürsaft,tarren-mill,575,priest,holy,12,6,6
Elîsyø,blackmoore,575,priest,holy,18,6,12
Healiea,outland,575,priest,holy,18,6,12
Tikama,aegwynn,575,priest,holy,18,6,12
Dokurochan,tarren-mill,575,priest,holy,24,6,18
Saara,daggerspine,574,priest,holy,18,6,12
Discobrill,silvermoon,574,priest,holy,18,6,12
Кинвартиль,gordunni,574,priest,holy,18,6,12
Skatman,aggramar,574,priest,holy,27,6,21
Cayden,bloodfeather,573,priest,holy,12,6,6
Xver,dun-morogh,573,priest,holy,18,6,12
Dinma,argent-dawn,573,priest,holy,18,6,12
Meenaye,hyjal,572,priest,holy,12,6,6
Люцифиэль,ashenvale,571,priest,holy,12,6,6
Satyâ,kult-der-verdammten,571,priest,holy,12,6,6
Proxypriest,the-maelstrom,571,priest,holy,20,6,14
Drop,los-errantes,569,priest,holy,12,6,6
Carbonic,khaz-modan,568,priest,holy,20,10,10
Aliyaah,conseil-des-ombres,568,priest,holy,12,6,6
Lunne,les-clairvoyants,567,priest,holy,12,6,6
Bloodelfoula,draenor,563,priest,holy,18,6,12
Alloktonos,ravencrest,544,priest,holy,101,44,57
Jitters,lightnings-blade,543,priest,holy,12,7,5
Priestxx,twilights-hammer,543,priest,holy,11,6,5
Kyderr,blackrock,543,priest,holy,17,6,11
Fuzzymerge,ravencrest,528,priest,holy,21,7,14
Winilo,ravencrest,527,priest,holy,11,6,5
Ulrach,hyjal,526,priest,holy,15,7,8
Psychoboris,outland,521,priest,holy,19,7,12
Dotreveal,ravencrest,521,priest,holy,20,7,13
Madvortexe,kazzak,496,priest,holy,19,6,13
Ralek,hyjal,495,priest,holy,17,6,11
Grandpatea,silvermoon,480,priest,holy,6,5,1
Fléxed,burning-legion,480,priest,holy,6,5,1
Эйттёрналинь,fordragon,480,priest,holy,6,5,1
Felaenna,argent-dawn,480,priest,holy,6,5,1
Shinesomnya,aegwynn,480,priest,holy,6,5,1
Toasttrii,outland,480,priest,holy,6,5,1
Spikoui,uldaman,480,priest,holy,6,5,1
Quiwzx,blackrock,480,priest,holy,12,5,7
Glyss,draenor,480,priest,holy,12,5,7
Sayala,dalaran,480,priest,holy,12,5,7
Caz,cthun,480,priest,holy,12,5,7
Shâru,frostmourne,480,priest,holy,12,5,7
Selëne,blackrock,480,priest,holy,12,5,7
Darkoulito,dalaran,480,priest,holy,12,5,7
Enèr,hyjal,480,priest,holy,12,5,7
Mneme,aggramar,480,priest,holy,12,5,7
Ogiez,sylvanas,480,priest,holy,12,5,7
Velfchurch,draenor,480,priest,holy,12,5,7
Релакз,soulflayer,480,priest,holy,12,5,7
Razamdi,drakthul,480,priest,holy,12,5,7
Wíft,argent-dawn,480,priest,holy,12,5,7
Purist,arthas,480,priest,holy,12,5,7
Mazeari,sylvanas,480,priest,holy,12,5,7
Insânity,kazzak,480,priest,holy,12,5,7
Teengirl,ravencrest,480,priest,holy,12,5,7
Tygstycke,tarren-mill,480,priest,holy,12,5,7
Onixa,tarren-mill,480,priest,holy,12,5,7
Hodnkobold,kazzak,480,priest,holy,12,5,7
Pharli,stormscale,480,priest,holy,12,5,7
Neeyø,blackhand,480,priest,holy,12,5,7
Holymamba,silvermoon,480,priest,holy,12,5,7
Jajada,kazzak,480,priest,holy,12,5,7
Aleanna,dalaran,480,priest,holy,13,5,8
Mönster,cthun,480,priest,holy,13,5,8
Minimalist,ravencrest,480,priest,holy,18,5,13
Vannax,arygos,479,priest,holy,6,5,1
Двакамня,soulflayer,479,priest,holy,12,5,7
Árcadoom,quelthalas,479,priest,holy,12,5,7
Inzané,doomhammer,479,priest,holy,12,5,7
Cocolasticot,garona,479,priest,holy,12,5,7
Chabbe,ragnaros,479,priest,holy,12,5,7
Novella,kult-der-verdammten,479,priest,holy,12,5,7
Гидранист,soulflayer,479,priest,holy,18,5,13
Blaumeaux,eredar,479,priest,holy,18,5,13
Alaeddin,kazzak,479,priest,holy,24,5,19
Ларуся,soulflayer,478,priest,holy,12,5,7
Laxara,arthas,478,priest,holy,12,5,7
Xaeo,burning-legion,477,priest,holy,26,5,21
Majdas,ravencrest,447,priest,holy,8,6,2
Salzholy,malygos,447,priest,holy,11,5,6
Кариелла,fordragon,425,priest,holy,17,7,10
Nannymcfee,stormscale,414,priest,holy,11,5,6
Tavaera,antonidas,400,priest,holy,13,5,8
Shnookfour,agamaggan,392,priest,holy,26,7,19
Sopsy,stormscale,384,priest,holy,6,4,2
Velluspriest,burning-legion,384,priest,holy,6,4,2
Jingling,kazzak,384,priest,holy,6,4,2
Rafaled,ravencrest,384,priest,holy,6,4,2
Nevx,blackmoore,384,priest,holy,6,4,2
Yredias,dalaran,384,priest,holy,6,4,2
Shadowlander,dun-modr,384,priest,holy,6,4,2
Lostmybibles,twisting-nether,384,priest,holy,6,4,2
Verti,outland,384,priest,holy,6,4,2
Egi,lothar,384,priest,holy,6,4,2
Пристотян,gordunni,384,priest,holy,6,4,2
Trankilisimo,sanguino,384,priest,holy,6,4,2
Arithon,blackrock,384,priest,holy,6,4,2
Gepeitschter,frostwolf,384,priest,holy,6,4,2
Zymai,ravencrest,384,priest,holy,6,4,2
Holypoppa,ravencrest,384,priest,holy,6,4,2
Mvce,outland,384,priest,holy,6,4,2
Æsthëtìçgødx,exodar,384,priest,holy,6,4,2
Burnesenbois,chogall,384,priest,holy,6,4,2
Wixzyx,ravencrest,384,priest,holy,6,4,2
Indrades,blackmoore,384,priest,holy,6,4,2
Mainhunter,aegwynn,384,priest,holy,6,4,2
Trowe,tarren-mill,384,priest,holy,6,4,2
Ltrxo,twisting-nether,384,priest,holy,6,4,2
Даймэн,gordunni,384,priest,holy,6,4,2
Yanclown,tarren-mill,384,priest,holy,6,4,2
Disillusíon,tarren-mill,384,priest,holy,12,4,8
Øbz,sylvanas,384,priest,holy,12,4,8
Flurri,tarren-mill,384,priest,holy,12,4,8
Smø,kazzak,384,priest,holy,12,4,8
Gehrke,silvermoon,384,priest,holy,12,4,8
Bloodie,drakthul,384,priest,holy,12,4,8
Egozyp,kazzak,384,priest,holy,12,4,8
Ashuramaru,drakthul,384,priest,holy,12,4,8
Zarez,stormscale,384,priest,holy,12,4,8
Alterlight,twisting-nether,384,priest,holy,12,4,8
Aladriela,exodar,384,priest,holy,12,4,8
Clergy,hellfire,384,priest,holy,12,4,8
Salzgehalt,antonidas,384,priest,holy,12,4,8
Menda,eredar,384,priest,holy,12,4,8
Ripperdepip,magtheridon,384,priest,holy,12,4,8
Alshah,emerald-dream,384,priest,holy,12,4,8
Sayash,chamber-of-aspects,384,priest,holy,12,4,8
Åçrû,dun-modr,384,priest,holy,12,4,8
Narinelepen,culte-de-la-rive-noire,384,priest,holy,12,4,8
Sinf,sanguino,384,priest,holy,12,4,8
Mydicine,ysondre,384,priest,holy,12,4,8
Saceerdot,sanguino,384,priest,holy,12,4,8
Fabuliciøus,blackrock,384,priest,holy,12,4,8
Chrisdorner,archimonde,384,priest,holy,12,4,8
Missdemerè,nemesis,384,priest,holy,12,4,8
Adäm,grim-batol,384,priest,holy,12,4,8
Skytheory,eredar,384,priest,holy,13,4,9
Virgosenpai,silvermoon,384,priest,holy,18,4,14
Ømegagødx,outland,384,priest,holy,18,4,14
Кэндимен,gordunni,384,priest,holy,18,4,14
Ðlcz,blackrock,384,priest,holy,18,4,14
Eihran,stormscale,384,priest,holy,18,4,14
Kheenah,argent-dawn,383,priest,holy,6,4,2
Allwhitte,confrérie-du-thorium,383,priest,holy,6,4,2
Hemmiz,archimonde,383,priest,holy,6,4,2
Taint,khadgar,383,priest,holy,6,4,2
Ruebi,blackmoore,383,priest,holy,12,4,8
Ynnaria,blackmoore,383,priest,holy,12,4,8
Blackwidow,chromaggus,383,priest,holy,12,4,8
Harukaa,aggra-português,383,priest,holy,12,4,8
Danklindots,silvermoon,383,priest,holy,12,4,8
Dîakon,antonidas,383,priest,holy,12,4,8
Itstooney,doomhammer,382,priest,holy,12,4,8
Nevermd,blackrock,372,priest,holy,31,7,24
Silverfate,outland,367,priest,holy,11,4,7
Эгнерия,eversong,367,priest,holy,17,4,13
Nxtlvl,stormscale,352,priest,holy,10,5,5
Apuessii,dun-modr,351,priest,holy,11,4,7
Bochonok,stormrage,336,priest,holy,9,5,4
Sinetrax,tarren-mill,320,priest,holy,10,4,6
Shyvi,ravencrest,319,priest,holy,5,4,1
Shadowdae,outland,319,priest,holy,8,4,4
Vídel,cthun,319,priest,holy,8,4,4
Ostrogami,silvermoon,319,priest,holy,8,4,4
Zahadoom,stormscale,319,priest,holy,12,5,7
Níbbz,twisting-nether,288,priest,holy,6,3,3
Sneboldìs,sylvanas,288,priest,holy,6,3,3
Scaryolol,blackmoore,288,priest,holy,6,3,3
Йефа,gordunni,288,priest,holy,6,3,3
Kekkonh,sylvanas,288,priest,holy,6,3,3
Cilletbang,blackmoore,288,priest,holy,6,3,3
Подчинись,ashenvale,288,priest,holy,6,3,3
Pyropenance,twisting-nether,288,priest,holy,6,3,3
Аполонио,soulflayer,288,priest,holy,6,3,3
Хексорик,howling-fjord,288,priest,holy,6,3,3
Фионыч,blackscar,288,priest,holy,6,3,3
Verweven,twisting-nether,288,priest,holy,6,3,3
Джулибуба,borean-tundra,288,priest,holy,6,3,3
Lynéssa,silvermoon,288,priest,holy,6,3,3
Missbarbados,blackmoore,288,priest,holy,6,3,3
Аржан,soulflayer,288,priest,holy,6,3,3
Шанэкс,howling-fjord,288,priest,holy,6,3,3
Catrex,draenor,288,priest,holy,6,3,3
Viroxian,outland,288,priest,holy,6,3,3
Monataamis,kazzak,288,priest,holy,6,3,3
Abusalt,stormscale,288,priest,holy,6,3,3
Asolan,drakthul,288,priest,holy,6,3,3
Aiewn,elune,288,priest,holy,6,3,3
Ðøntßetøxic,kazzak,288,priest,holy,6,3,3
Carnacia,tarren-mill,288,priest,holy,6,3,3
Namsolo,kazzak,288,priest,holy,6,3,3
Mcx,stormscale,288,priest,holy,6,3,3
Egî,azshara,288,priest,holy,6,3,3
Bambus,shattered-hand,288,priest,holy,6,3,3
Shaquíloheal,blackrock,288,priest,holy,6,3,3
Nimsi,ravencrest,288,priest,holy,6,3,3
Hilerki,draenor,288,priest,holy,6,3,3
Dathanosp,outland,288,priest,holy,6,3,3
Adssdfhjgh,outland,288,priest,holy,6,3,3
Ikaa,wrathbringer,288,priest,holy,6,3,3
Drdiscospec,tarren-mill,288,priest,holy,6,3,3
Ariyia,argent-dawn,288,priest,holy,6,3,3
Jeboc,ravencrest,288,priest,holy,6,3,3
Kahir,ravencrest,288,priest,holy,6,3,3
Aruna,ravencrest,288,priest,holy,6,3,3
Tsuser,blackrock,288,priest,holy,6,3,3
Vanadii,blackhand,288,priest,holy,6,3,3
Smiteweaver,drakthul,288,priest,holy,6,3,3
Skyggedyret,tarren-mill,288,priest,holy,6,3,3
Prisht,ravencrest,288,priest,holy,6,3,3
Góli,argent-dawn,288,priest,holy,6,3,3
Còsmo,ravencrest,288,priest,holy,6,3,3
Sebekklawl,wrathbringer,288,priest,holy,6,3,3
Xelivia,draenor,288,priest,holy,6,3,3
Badhêalz,aegwynn,288,priest,holy,6,3,3
ßestworld,draenor,288,priest,holy,6,3,3
Atenuviel,norgannon,288,priest,holy,6,3,3
Perrý,archimonde,288,priest,holy,6,3,3
Tebzy,ravencrest,288,priest,holy,6,3,3
Atremius,dragonmaw,288,priest,holy,6,3,3
Inà,thrall,288,priest,holy,6,3,3
Holyheartx,argent-dawn,288,priest,holy,6,3,3
Tiphereth,blackmoore,288,priest,holy,9,4,5
Sebbepriest,twisting-nether,288,priest,holy,10,3,7
Vaporfly,deathwing,288,priest,holy,12,3,9
Parzivál,argent-dawn,288,priest,holy,12,3,9
Drminduskâ,ysondre,288,priest,holy,12,3,9
Quami,dun-modr,288,priest,holy,12,3,9
Javvi,sylvanas,288,priest,holy,12,3,9
Alentissar,nemesis,288,priest,holy,12,3,9
Daenaerys,dun-morogh,288,priest,holy,12,3,9
Батлджес,gordunni,288,priest,holy,12,3,9
Trashpriest,blackrock,288,priest,holy,12,3,9
Lurri,tarren-mill,288,priest,holy,12,3,9
Faol,the-venture-co,288,priest,holy,12,3,9
Люблюкофе,deathguard,288,priest,holy,12,3,9
Farae,arathor,288,priest,holy,24,3,21
Ralaya,ravencrest,287,priest,holy,6,3,3
Addison,die-aldor,287,priest,holy,12,3,9
Ansaniâ,antonidas,287,priest,holy,12,3,9
Spoggle,kazzak,256,priest,holy,4,4,0
Clerìc,argent-dawn,255,priest,holy,11,3,8
Elthrone,kazzak,240,priest,holy,9,4,5
Lr,aszune,240,priest,holy,9,3,6
Azrpr,ravencrest,239,priest,holy,5,3,2
Пейлон,howling-fjord,232,priest,holy,16,5,11
Amanthus,draenor,227,priest,holy,17,6,11
Outcast,korgall,224,priest,holy,16,3,13
Absórb,quelthalas,192,priest,holy,6,2,4
Merkabah,azjolnerub,192,priest,holy,6,2,4
Secrethealer,frostmane,192,priest,holy,6,2,4
Krematorio,twisting-nether,192,priest,holy,6,2,4
Pollution,ragnaros,192,priest,holy,6,2,4
Semagdnim,aggra-português,192,priest,holy,6,2,4
Eyllise,ragnaros,192,priest,holy,6,2,4
Karoopi,ysondre,192,priest,holy,6,2,4
Flào,draenor,192,priest,holy,6,2,4
Келебриана,deepholm,192,priest,holy,6,2,4
Marrisa,khaz-modan,192,priest,holy,6,2,4
Олегстразза,howling-fjord,192,priest,holy,6,2,4
Wyez,blackmoore,192,priest,holy,6,2,4
Луножрец,gordunni,192,priest,holy,6,2,4
Shkzz,hyjal,192,priest,holy,6,2,4
Sînálà,antonidas,192,priest,holy,6,2,4
Shidolah,antonidas,192,priest,holy,6,2,4
Dangerfred,stormscale,192,priest,holy,6,2,4
Haxxøn,die-nachtwache,192,priest,holy,6,2,4
Kanketopries,korgall,192,priest,holy,6,2,4
Korzec,dun-modr,192,priest,holy,6,2,4
Dertar,archimonde,192,priest,holy,6,2,4
Cidrea,saurfang,192,priest,holy,6,2,4
Nathyxqt,archimonde,192,priest,holy,6,2,4
Prästpojken,frostwhisper,192,priest,holy,6,2,4
Arianaglandé,hyjal,192,priest,holy,6,2,4
Bríta,veknilash,192,priest,holy,6,2,4
Dameyo,argent-dawn,192,priest,holy,6,2,4
Tinypump,silvermoon,192,priest,holy,6,2,4
Daria,teldrassil,192,priest,holy,6,2,4
Sigor,hellfire,192,priest,holy,6,2,4
Utsuro,stormscale,192,priest,holy,6,2,4
Hunfall,stormscale,192,priest,holy,6,2,4
Burnex,thrall,192,priest,holy,6,2,4
Frvrfridayy,stormscale,192,priest,holy,6,2,4
Dami,defias-brotherhood,192,priest,holy,6,2,4
Príêstjklól,stormscale,192,priest,holy,6,2,4
Grøums,blackmoore,192,priest,holy,6,2,4
Dotsin,kazzak,192,priest,holy,6,2,4
Llounal,silvermoon,192,priest,holy,6,2,4
Cheefto,blackmoore,192,priest,holy,6,2,4
Lusîa,echsenkessel,192,priest,holy,6,2,4
Lutzki,the-maelstrom,192,priest,holy,6,2,4
Akhz,silvermoon,192,priest,holy,6,2,4
Vandansk,kazzak,192,priest,holy,6,2,4
Zenholy,kazzak,192,priest,holy,6,2,4
Priesless,sylvanas,192,priest,holy,6,2,4
Buzzy,twisting-nether,192,priest,holy,6,2,4
Djingischan,twisting-nether,192,priest,holy,6,2,4
Soül,sylvanas,192,priest,holy,6,2,4
Lahammy,kazzak,192,priest,holy,6,2,4
Wedoburgers,ravencrest,192,priest,holy,6,2,4
Micix,tarren-mill,192,priest,holy,6,2,4
Yunico,kazzak,192,priest,holy,6,2,4
Plåtpriest,twisting-nether,192,priest,holy,6,2,4
Blazingad,kazzak,192,priest,holy,6,2,4
Solaclypsa,destromath,192,priest,holy,6,2,4
Ihefyehvjrm,ravencrest,192,priest,holy,6,2,4
Jinxies,twisting-nether,192,priest,holy,6,2,4
Асуартхас,gordunni,192,priest,holy,6,2,4
Notatrap,outland,192,priest,holy,6,2,4
Crackbär,blackmoore,192,priest,holy,6,2,4
Yukirito,drakthul,192,priest,holy,6,2,4
Бранлор,howling-fjord,192,priest,holy,8,2,6
Twh,outland,192,priest,holy,12,2,10
Daedarkis,twisting-nether,192,priest,holy,12,2,10
Elenie,frostwolf,192,priest,holy,12,2,10
Злыденькая,gordunni,192,priest,holy,12,2,10
Authentic,dalaran,192,priest,holy,12,2,10
Yacrablo,medivh,191,priest,holy,6,2,4
Meynola,ysondre,191,priest,holy,6,2,4
Bianchi,los-errantes,191,priest,holy,6,2,4
Riogas,khaz-modan,191,priest,holy,12,2,10
Broksigar,the-maelstrom,159,priest,holy,5,2,3
Chrì,argent-dawn,159,priest,holy,5,2,3
Consümed,draenor,144,priest,holy,9,2,7
Pristern,tarren-mill,138,priest,holy,9,4,5
Pinkfloydx,lightbringer,138,priest,holy,9,4,5
Spae,twisting-nether,138,priest,holy,11,4,7
Alicewhydel,blackhand,138,priest,holy,9,3,6
Paterlurki,blackhand,138,priest,holy,10,3,7
Dayno,draenor,128,priest,holy,4,2,2
Mîssandé,blackhand,127,priest,holy,14,2,12
Anòther,the-maelstrom,96,priest,holy,3,2,1
Cptmoigx,antonidas,96,priest,holy,3,2,1
Ûñrêpørtablë,outland,96,priest,holy,3,2,1
Zeythz,ravencrest,96,priest,holy,10,2,8
Remkoja,blackrock,96,priest,holy,6,1,5
Iirina,draenor,96,priest,holy,6,1,5
Shicu,blackmoore,96,priest,holy,6,1,5
Goupillou,hyjal,96,priest,holy,6,1,5
Spoc,blackrock,96,priest,holy,6,1,5
Herwin,twisting-nether,96,priest,holy,6,1,5
Xodze,outland,96,priest,holy,6,1,5
Jaesabøyx,twisting-nether,96,priest,holy,6,1,5
Malzzara,outland,96,priest,holy,6,1,5
Eloundir,dalaran,96,priest,holy,6,1,5
Yaoshih,draenor,96,priest,holy,6,1,5
Slêq,antonidas,96,priest,holy,6,1,5
Мишатемный,gordunni,96,priest,holy,6,1,5
Wrongwrong,draenor,96,priest,holy,6,1,5
Lujka,outland,96,priest,holy,6,1,5
Simbaone,scarshield-legion,96,priest,holy,6,1,5
Zthul,draenor,96,priest,holy,6,1,5
Miralou,ravencrest,96,priest,holy,6,1,5
Jaatjak,ravencrest,96,priest,holy,6,1,5
Patatå,sanguino,96,priest,holy,6,1,5
Aviz,tarren-mill,96,priest,holy,6,1,5
Kijul,ragnaros,96,priest,holy,6,1,5
Healoisious,alonsus,96,priest,holy,6,1,5
Mindgame,anachronos,96,priest,holy,6,1,5
Prigart,sylvanas,96,priest,holy,6,1,5
Blúefox,malfurion,96,priest,holy,6,1,5
Pattie,ragnaros,96,priest,holy,6,1,5
Chê,sanguino,96,priest,holy,6,1,5
Nuph,ravencrest,96,priest,holy,6,1,5
Healêl,sanguino,96,priest,holy,6,1,5
Blastor,ravencrest,96,priest,holy,6,1,5
Disz,zuljin,96,priest,holy,6,1,5
Kakuzuke,nemesis,96,priest,holy,6,1,5
Laadyybirkee,blackhand,96,priest,holy,6,1,5
Тоориал,howling-fjord,96,priest,holy,6,1,5
Borá,twisting-nether,96,priest,holy,6,1,5
Isendriel,outland,96,priest,holy,6,1,5
Эллвинг,howling-fjord,96,priest,holy,6,1,5
Kipnuggetz,burning-legion,96,priest,holy,6,1,5
Decimerad,kazzak,96,priest,holy,6,1,5
Vierfingerjo,eredar,96,priest,holy,6,1,5
Myrrha,les-sentinelles,96,priest,holy,6,1,5
Valyreon,outland,96,priest,holy,6,1,5
Saheila,defias-brotherhood,96,priest,holy,6,1,5
Нуннчи,howling-fjord,96,priest,holy,6,1,5
Mingyue,thrall,96,priest,holy,6,1,5
Elvedâ,blackhand,96,priest,holy,6,1,5
Mauralin,zirkel-des-cenarius,96,priest,holy,6,1,5
Angusbeêf,blackrock,96,priest,holy,6,1,5
Ylenae,twisting-nether,96,priest,holy,6,1,5
Venomrush,ravencrest,96,priest,holy,6,1,5
Johnblack,dun-morogh,96,priest,holy,6,1,5
Чтоподелать,soulflayer,96,priest,holy,6,1,5
Elya,hyjal,96,priest,holy,6,1,5
Lãnat,ravencrest,96,priest,holy,6,1,5
Shutyi,arathor,96,priest,holy,6,1,5
Rcxd,silvermoon,96,priest,holy,6,1,5
Wísp,die-aldor,96,priest,holy,6,1,5
Ximenia,eredar,96,priest,holy,6,1,5
Buan,outland,96,priest,holy,6,1,5
Сакредлайв,gordunni,96,priest,holy,6,1,5
Elfhelp,ravencrest,96,priest,holy,6,1,5
Яестькенни,soulflayer,96,priest,holy,6,1,5
Ozmik,twisting-nether,96,priest,holy,6,1,5
Tÿona,hyjal,96,priest,holy,6,1,5
Fadchod,outland,96,priest,holy,6,1,5
Peg,talnivarr,96,priest,holy,6,1,5
Superdude,stormscale,96,priest,holy,6,1,5
Draobwýn,blackrock,96,priest,holy,6,1,5
Kasáya,thrall,96,priest,holy,14,2,12
Takros,blackrock,96,priest,holy,12,1,11
Doublehealix,argent-dawn,96,priest,holy,12,1,11
Plaguestrike,darkspear,96,priest,holy,12,1,11
Lunabärchi,ravencrest,96,priest,holy,12,1,11
Demora,ysondre,96,priest,holy,12,1,11
Onlyfans,burning-steppes,96,priest,holy,12,1,11
Frékiatya,ravenholdt,95,priest,holy,6,1,5
Mswagner,outland,79,priest,holy,5,1,4
Looó,los-errantes,79,priest,holy,5,1,4
Xaey,ravencrest,48,priest,holy,3,1,2
Freshpope,ravencrest,48,priest,holy,3,1,2
Sos,nethersturm,42,priest,holy,9,3,6
Darkyos,azshara,42,priest,holy,6,2,4
Tabítha,blackrock,42,priest,holy,9,2,7
Bøij,pozzo-delleternità,42,priest,holy,10,2,8
Keijuñâ,tarren-mill,2261,priest,discipline,102,59,43
Prêtresacré,archimonde,2244,priest,discipline,89,52,37
Hemmis,ravencrest,2240,priest,discipline,107,64,43
Gaalonikus,blackmoore,2235,priest,discipline,92,54,38
Vanostsp,kazzak,2230,priest,discipline,102,56,46
Jid,ravencrest,2222,priest,discipline,78,48,30
Jidammy,ravencrest,2207,priest,discipline,128,68,60
Jayti,ravencrest,2205,priest,discipline,115,65,50
Primayodbain,archimonde,2185,priest,discipline,82,47,35
Jackiqt,nemesis,2180,priest,discipline,125,81,44
Flao,ravencrest,2180,priest,discipline,88,47,41
Secø,sylvanas,2177,priest,discipline,78,43,35
Keijunâ,ravencrest,2176,priest,discipline,137,74,63
Èfflux,ravencrest,2172,priest,discipline,86,54,32
Hukkuvahirvi,ravencrest,2168,priest,discipline,111,58,53
Kêkwshádêzz,blackmoore,2165,priest,discipline,84,44,40
Saentainen,kazzak,2164,priest,discipline,113,78,35
Holypoppa,ravencrest,2163,priest,discipline,421,214,207
Bedfirez,ravencrest,2161,priest,discipline,211,122,89
Gudóngmae,ravencrest,2144,priest,discipline,60,36,24
Mentalboom,emerald-dream,2135,priest,discipline,209,110,99
Cylizx,stormscale,2133,priest,discipline,114,62,52
Ltr,tarren-mill,2132,priest,discipline,61,39,22
Moonriver,archimonde,2132,priest,discipline,66,39,27
Thelïght,ravencrest,2132,priest,discipline,189,96,93
Aist,ragnaros,2132,priest,discipline,132,67,65
Artle,sanguino,2131,priest,discipline,83,44,39
Izzý,antonidas,2129,priest,discipline,90,57,33
Efflúx,ravencrest,2128,priest,discipline,124,71,53
Azrpr,ravencrest,2128,priest,discipline,82,45,37
Антошашвп,gordunni,2128,priest,discipline,98,51,47
Cringê,ravencrest,2124,priest,discipline,89,46,43
Rébörn,tarren-mill,2123,priest,discipline,71,44,27
Vengefulmaze,ravencrest,2123,priest,discipline,132,70,62
Asanti,die-aldor,2122,priest,discipline,252,145,107
Unréål,ravencrest,2122,priest,discipline,198,102,96
Kangaroogodx,ravencrest,2122,priest,discipline,149,75,74
Ilumiinatrix,dun-modr,2121,priest,discipline,797,400,397
Duckiethot,twisting-nether,2120,priest,discipline,196,99,97
Hampådenbååd,kazzak,2119,priest,discipline,147,81,66
Rñd,ravencrest,2117,priest,discipline,78,40,38
Jawake,twisting-nether,2116,priest,discipline,66,36,30
Sèco,sylvanas,2115,priest,discipline,132,69,63
Voxtwo,blackrock,2114,priest,discipline,66,41,25
Sologrifer,sylvanas,2114,priest,discipline,87,47,40
Jaywie,twisting-nether,2111,priest,discipline,192,97,95
Деадхостх,soulflayer,2110,priest,discipline,90,53,37
Råcòøñ,ravencrest,2110,priest,discipline,109,55,54
Blessedmix,korgall,2109,priest,discipline,249,126,123
Flào,draenor,2108,priest,discipline,102,51,51
Swdswdswdswd,blackmoore,2105,priest,discipline,100,55,45
Мамкалол,soulflayer,2105,priest,discipline,306,159,147
Spìrít,ghostlands,2105,priest,discipline,192,93,99
Neverdome,ravencrest,2100,priest,discipline,405,218,187
Øbserverx,stormscale,2100,priest,discipline,114,61,53
Гопикзашквар,blackscar,2100,priest,discipline,182,88,94
Dripcheck,draenor,2096,priest,discipline,397,204,193
Fsnx,sylvanas,2092,priest,discipline,134,78,56
Jtî,ravencrest,2089,priest,discipline,114,68,46
Leahbtw,ravencrest,2085,priest,discipline,282,151,131
Blâdéira,ravencrest,2084,priest,discipline,372,199,173
Twinkboyx,ragnaros,2079,priest,discipline,153,80,73
Prästpåven,stormscale,2078,priest,discipline,72,43,29
Luxurygirl,nemesis,2076,priest,discipline,54,35,19
Deadsloth,hyjal,2075,priest,discipline,197,104,93
Còsmo,ravencrest,2073,priest,discipline,113,52,61
Ðontargueok,blackmoore,2066,priest,discipline,138,76,62
Clapped,ravencrest,2058,priest,discipline,84,44,40
Shinjicum,kazzak,2056,priest,discipline,350,197,153
Nasdaq,ravencrest,2053,priest,discipline,102,52,50
Coldyxz,blackrock,2051,priest,discipline,108,61,47
Chasx,ravencrest,2051,priest,discipline,166,79,87
Светжрец,blackscar,2047,priest,discipline,84,52,32
Artístx,twisting-nether,2047,priest,discipline,98,52,46
Faithz,ragnaros,2047,priest,discipline,90,42,48
Dermaul,kazzak,2046,priest,discipline,66,34,32
Superbianka,stormscale,2044,priest,discipline,151,76,75
Plsdontnerf,onyxia,2039,priest,discipline,95,55,40
Imprøved,outland,2036,priest,discipline,102,70,32
Rhâpsødy,ravencrest,2033,priest,discipline,119,71,48
Ananous,hyjal,2033,priest,discipline,314,168,146
Pheen,kazzak,2033,priest,discipline,434,227,207
Reflector,sunstrider,2025,priest,discipline,99,47,52
Rlyeh,argent-dawn,2024,priest,discipline,71,39,32
Tanlytwo,ravencrest,2020,priest,discipline,82,41,41
Swd,dun-morogh,2019,priest,discipline,60,35,25
Ssjfoxyo,sylvanas,2017,priest,discipline,275,146,129
Dakystepmom,stormreaver,2017,priest,discipline,119,57,62
Jagardoden,stormscale,2016,priest,discipline,141,80,61
Priestqtx,kelthuzad,2016,priest,discipline,60,34,26
Gerryqt,draenor,2016,priest,discipline,78,41,37
Sacerdotini,outland,2016,priest,discipline,49,23,26
Mentalist,dun-modr,2014,priest,discipline,255,124,131
Loaffeh,ragnaros,2012,priest,discipline,88,47,41
Villagebike,shadowsong,2012,priest,discipline,42,22,20
Sfÿ,ysondre,2012,priest,discipline,102,48,54
Soloshuffle,draenor,2011,priest,discipline,184,99,85
Разрухаз,gordunni,2011,priest,discipline,95,48,47
Asdfgfhtjy,stormscale,2011,priest,discipline,114,57,57
Lloreen,ravencrest,2010,priest,discipline,155,83,72
Synxii,ravencrest,2010,priest,discipline,100,50,50
Trialight,ravencrest,2009,priest,discipline,89,57,32
Loví,twisting-nether,2009,priest,discipline,113,53,60
Abdcefgihljk,tarren-mill,2008,priest,discipline,66,41,25
Nêxt,ravencrest,2007,priest,discipline,108,70,38
Timbsheal,tarren-mill,2007,priest,discipline,150,77,73
Ävbmârsík,kazzak,2006,priest,discipline,143,80,63
Shmoly,stormscale,2005,priest,discipline,133,68,65
Фанпау,soulflayer,2005,priest,discipline,84,39,45
Tremrfinger,dun-modr,2003,priest,discipline,230,140,90
Underdogx,eredar,2002,priest,discipline,551,282,269
Rhauru,tyrande,2001,priest,discipline,229,111,118
Sathie,ravencrest,2000,priest,discipline,126,66,60
Vajadisc,twisting-nether,2000,priest,discipline,136,59,77
Tjackpanda,kazzak,1999,priest,discipline,66,38,28
Nothappy,ragnaros,1996,priest,discipline,66,32,34
Klonyaryk,ravencrest,1995,priest,discipline,218,108,110
Snuskong,kazzak,1995,priest,discipline,111,52,59
Wetnpuffy,ravencrest,1993,priest,discipline,286,146,140
Duckiethotx,ragnaros,1992,priest,discipline,130,63,67
Stavfel,stormscale,1990,priest,discipline,123,66,57
Porkhunt,stormscale,1989,priest,discipline,96,57,39
Kekkonh,sylvanas,1987,priest,discipline,112,62,50
Shøy,nemesis,1986,priest,discipline,246,122,124
Dabalthazar,ravencrest,1985,priest,discipline,163,83,80
Hamsicam,frostwolf,1984,priest,discipline,242,123,119
Donipriest,ravencrest,1981,priest,discipline,228,133,95
Kenzah,ysondre,1981,priest,discipline,60,34,26
Kekkons,sylvanas,1981,priest,discipline,131,69,62
Azoran,dentarg,1981,priest,discipline,96,47,49
Nolnilian,archimonde,1980,priest,discipline,84,46,38
Dpriesta,aegwynn,1979,priest,discipline,88,52,36
Asyncx,ravencrest,1979,priest,discipline,116,60,56
Pricemg,thrall,1978,priest,discipline,78,43,35
Boltygnome,blades-edge,1977,priest,discipline,96,52,44
Ekman,twisting-nether,1977,priest,discipline,128,67,61
Mysterymucus,draenor,1974,priest,discipline,152,87,65
Dayno,draenor,1974,priest,discipline,127,67,60
Sinetrax,tarren-mill,1973,priest,discipline,96,57,39
Filthyzx,argent-dawn,1972,priest,discipline,108,57,51
Убикрофт,soulflayer,1971,priest,discipline,85,52,33
Mercilégion,sargeras,1971,priest,discipline,66,34,32
Релакз,soulflayer,1971,priest,discipline,150,75,75
Tazn,thrall,1971,priest,discipline,60,30,30
Prådâshådëzz,blackmoore,1970,priest,discipline,59,36,23
Sleepypriest,frostmane,1970,priest,discipline,60,34,26
Хомячпочка,gordunni,1970,priest,discipline,82,42,40
Trashedd,outland,1970,priest,discipline,206,105,101
Jeanprêtre,ysondre,1968,priest,discipline,96,47,49
Ziknait,sargeras,1967,priest,discipline,54,34,20
Crinji,blackmoore,1966,priest,discipline,217,105,112
Comedii,blackmoore,1965,priest,discipline,477,247,230
Cener,ravencrest,1964,priest,discipline,140,88,52
Eukmassus,archimonde,1964,priest,discipline,82,43,39
Wernou,archimonde,1963,priest,discipline,60,36,24
Petitogré,silvermoon,1963,priest,discipline,84,48,36
Kripteksx,ravencrest,1963,priest,discipline,107,57,50
Limerençe,ravencrest,1961,priest,discipline,50,30,20
Ayoutbt,ravencrest,1961,priest,discipline,114,63,51
Eestpr,tarren-mill,1961,priest,discipline,81,43,38
Líluqt,sanguino,1957,priest,discipline,93,46,47
Alexsmite,twisting-nether,1957,priest,discipline,59,29,30
Fearxyz,aegwynn,1956,priest,discipline,72,38,34
Yânux,aegwynn,1956,priest,discipline,210,110,100
Painchampion,draenor,1956,priest,discipline,94,45,49
Фастэксп,razuvious,1955,priest,discipline,307,155,152
Mazikeen,stormscale,1954,priest,discipline,54,32,22
Klered,ragnaros,1953,priest,discipline,94,57,37
Krawnz,dun-modr,1953,priest,discipline,54,29,25
Eau,quelthalas,1952,priest,discipline,184,90,94
Gerher,draenor,1951,priest,discipline,39,22,17
Mainputa,pozzo-delleternità,1951,priest,discipline,119,57,62
Shadothat,turalyon,1950,priest,discipline,203,106,97
Нтти,soulflayer,1949,priest,discipline,102,57,45
Bindw,tarren-mill,1949,priest,discipline,65,29,36
Kâiøxx,outland,1948,priest,discipline,270,140,130
Factorywrkr,silvermoon,1946,priest,discipline,30,25,5
Artle,dun-modr,1945,priest,discipline,88,61,27
Хомяктьмы,gordunni,1945,priest,discipline,114,58,56
Karmev,twisting-nether,1944,priest,discipline,71,36,35
Lidlpriest,frostwolf,1942,priest,discipline,42,25,17
Semagdnim,aggra-português,1942,priest,discipline,128,64,64
Lyrvanax,ravencrest,1942,priest,discipline,259,127,132
Soziy,silvermoon,1941,priest,discipline,51,28,23
Билетлолпро,borean-tundra,1940,priest,discipline,297,143,154
Depridolens,argent-dawn,1939,priest,discipline,65,42,23
Concetto,nazjatar,1939,priest,discipline,48,27,21
Infamoussftw,drakthul,1939,priest,discipline,384,189,195
Puckhorde,outland,1938,priest,discipline,96,59,37
Lyrvatwo,ravencrest,1938,priest,discipline,55,33,22
Scortie,blackrock,1938,priest,discipline,78,41,37
Бенджаминлол,deathguard,1938,priest,discipline,84,42,42
Senga,kazzak,1937,priest,discipline,78,38,40
Soyloverjuan,auchindoun,1933,priest,discipline,64,33,31
Zularia,rexxar,1932,priest,discipline,132,70,62
Невертрикахд,gordunni,1931,priest,discipline,113,52,61
Listrix,frostmane,1930,priest,discipline,370,188,182
Nevercared,aegwynn,1929,priest,discipline,36,31,5
Arendt,blackhand,1927,priest,discipline,90,47,43
Indulgence,eredar,1927,priest,discipline,427,215,212
Místerbiceps,outland,1927,priest,discipline,152,75,77
Mswagner,outland,1926,priest,discipline,65,36,29
Джагонх,soulflayer,1926,priest,discipline,99,52,47
Лайбаси,howling-fjord,1926,priest,discipline,143,74,69
Incaflamesex,sanguino,1926,priest,discipline,101,52,49
Salvinia,kelthuzad,1926,priest,discipline,144,71,73
Лёнятреппер,blackscar,1925,priest,discipline,183,102,81
Flongoletta,xavius,1925,priest,discipline,228,116,112
Spinebuster,frostwolf,1925,priest,discipline,114,55,59
Traicklebron,antonidas,1924,priest,discipline,57,35,22
Xutira,silvermoon,1924,priest,discipline,222,128,94
Stormmyy,kazzak,1924,priest,discipline,66,30,36
Verti,outland,1922,priest,discipline,172,85,87
Ebuglatatrov,ravencrest,1922,priest,discipline,174,83,91
Akaria,kelthuzad,1922,priest,discipline,66,30,36
Arthezz,ravencrest,1920,priest,discipline,92,50,42
ßlinkytwinky,outland,1920,priest,discipline,48,25,23
Sharkouly,blackmoore,1920,priest,discipline,54,27,27
Potatojuicer,argent-dawn,1918,priest,discipline,285,141,144
Sheelah,ravencrest,1918,priest,discipline,100,47,53
Алинкалол,howling-fjord,1916,priest,discipline,192,110,82
Xraid,blackmoore,1916,priest,discipline,146,78,68
Делреона,blackscar,1914,priest,discipline,102,58,44
Nirvz,silvermoon,1913,priest,discipline,78,56,22
Yzïam,ravencrest,1913,priest,discipline,154,83,71
Georgesheenx,ravencrest,1912,priest,discipline,214,107,107
Mobcal,twisting-nether,1912,priest,discipline,78,36,42
Deneris,ravencrest,1912,priest,discipline,59,27,32
Lánî,blackmoore,1911,priest,discipline,56,30,26
Xghj,sylvanas,1910,priest,discipline,78,41,37
Justyø,archimonde,1909,priest,discipline,302,172,130
Бенджаминлол,blackscar,1909,priest,discipline,84,35,49
Priestdos,sanguino,1907,priest,discipline,61,39,22
Zychopriest,antonidas,1906,priest,discipline,83,43,40
Oioiio,kazzak,1906,priest,discipline,168,78,90
Malfredx,stormscale,1905,priest,discipline,39,25,14
Maybeexp,ravencrest,1905,priest,discipline,96,48,48
Acondisc,ravencrest,1904,priest,discipline,97,51,46
Výra,der-rat-von-dalaran,1904,priest,discipline,80,41,39
Savta,ravencrest,1901,priest,discipline,102,55,47
Yourholynes,nemesis,1900,priest,discipline,51,29,22
Tweely,drakthul,1900,priest,discipline,129,67,62
Sovereignp,aegwynn,1900,priest,discipline,66,33,33
Поднялбабки,deathguard,1900,priest,discipline,89,37,52
Kevinsorbo,destromath,1899,priest,discipline,66,35,31
Bigextendo,blackmoore,1899,priest,discipline,144,76,68
Donvyto,blackmoore,1899,priest,discipline,48,24,24
Alsalty,stormscale,1899,priest,discipline,113,52,61
Maxfly,archimonde,1898,priest,discipline,54,29,25
Notnøw,silvermoon,1898,priest,discipline,256,131,125
Djsüssi,frostwolf,1898,priest,discipline,192,88,104
Teengirl,ravencrest,1897,priest,discipline,396,221,175
Rîeka,antonidas,1897,priest,discipline,83,40,43
Betatasty,dalaran,1896,priest,discipline,60,33,27
Neffty,aegwynn,1895,priest,discipline,150,81,69
Галюхах,soulflayer,1895,priest,discipline,48,25,23
Noserenity,outland,1894,priest,discipline,71,43,28
Мефодийприст,howling-fjord,1894,priest,discipline,120,72,48
Citadelle,blackmoore,1894,priest,discipline,83,48,35
Wyroofear,ragnaros,1894,priest,discipline,77,37,40
Ashenflexj,draenor,1893,priest,discipline,262,137,125
Discishârd,ravencrest,1893,priest,discipline,117,60,57
Rngånxiety,ravencrest,1893,priest,discipline,154,77,77
Hélp,stormscale,1892,priest,discipline,114,75,39
Tacochrist,kazzak,1892,priest,discipline,275,148,127
Dendegodx,kazzak,1891,priest,discipline,150,82,68
Schattenface,blackmoore,1891,priest,discipline,326,171,155
Разорлайтх,gordunni,1890,priest,discipline,29,21,8
Faderfarbror,tarren-mill,1890,priest,discipline,115,72,43
Önnÿ,dun-modr,1889,priest,discipline,161,79,82
Unfaithful,twisting-nether,1888,priest,discipline,76,48,28
Wangewover,ravencrest,1888,priest,discipline,147,82,65
Uwuslayerx,stormscale,1887,priest,discipline,149,74,75
Uncreative,ravencrest,1886,priest,discipline,42,28,14
Megxnx,ravencrest,1886,priest,discipline,89,51,38
Wet,twisting-nether,1886,priest,discipline,194,85,109
Chéry,archimonde,1885,priest,discipline,66,38,28
Melphixia,stormscale,1882,priest,discipline,53,25,28
Discisiipeli,sylvanas,1881,priest,discipline,90,55,35
Voideffsucks,stormscale,1881,priest,discipline,60,32,28
Duelistfied,blackrock,1881,priest,discipline,104,50,54
Niniell,blackmoore,1880,priest,discipline,114,65,49
Merylle,ragnaros,1880,priest,discipline,60,29,31
Пэрдёж,howling-fjord,1878,priest,discipline,41,21,20
Ñya,sylvanas,1877,priest,discipline,123,68,55
Psychout,ravencrest,1877,priest,discipline,90,41,49
Spatzdom,malygos,1876,priest,discipline,179,96,83
Свэпи,blackscar,1875,priest,discipline,77,38,39
Flokè,stormscale,1874,priest,discipline,54,33,21
Xians,alakir,1874,priest,discipline,42,25,17
Alèxy,tarren-mill,1874,priest,discipline,66,33,33
Yeetedmycat,stormscale,1873,priest,discipline,72,37,35
Падлез,howling-fjord,1873,priest,discipline,72,32,40
Wóllo,stormscale,1872,priest,discipline,72,42,30
Elethia,blackmoore,1872,priest,discipline,38,21,17
Imsaltyxd,tarren-mill,1871,priest,discipline,66,39,27
Menecare,blackhand,1871,priest,discipline,42,24,18
Поршкаенн,gordunni,1871,priest,discipline,66,37,29
Trevorlahey,draenor,1871,priest,discipline,285,156,129
Karmasmom,kazzak,1871,priest,discipline,78,37,41
Cdïs,tyrande,1870,priest,discipline,54,36,18
Rpriest,outland,1870,priest,discipline,60,34,26
Egî,azshara,1870,priest,discipline,42,20,22
Immortalled,twisting-nether,1869,priest,discipline,156,85,71
Интеллиджент,gordunni,1868,priest,discipline,42,24,18
Zhadow,outland,1868,priest,discipline,150,78,72
Wyrofear,ragnaros,1867,priest,discipline,75,34,41
Nalakis,archimonde,1866,priest,discipline,115,67,48
Williamz,ravencrest,1866,priest,discipline,79,44,35
Elsuzette,hyjal,1866,priest,discipline,58,30,28
Saniqt,kazzak,1865,priest,discipline,57,35,22
Phosdia,festung-der-stürme,1864,priest,discipline,36,24,12
Ilovecala,ravencrest,1864,priest,discipline,54,31,23
Negativeapm,archimonde,1863,priest,discipline,41,24,17
Whýççpèrx,ravencrest,1863,priest,discipline,76,39,37
Moyoo,kazzak,1863,priest,discipline,135,63,72
Kaori,zenedar,1861,priest,discipline,71,38,33
Кв,blackscar,1861,priest,discipline,90,34,56
Menarille,kazzak,1860,priest,discipline,42,33,9
Artìst,ravencrest,1860,priest,discipline,36,23,13
Кошечка,deathguard,1860,priest,discipline,41,21,20
Gerrylol,draenor,1860,priest,discipline,54,27,27
Sakulus,malganis,1860,priest,discipline,72,34,38
Thalanas,ravencrest,1859,priest,discipline,158,90,68
Sublab,kazzak,1859,priest,discipline,60,33,27
Spodermen,ravencrest,1859,priest,discipline,91,50,41
Djswdgodx,twisting-nether,1858,priest,discipline,96,49,47
Cdplz,archimonde,1858,priest,discipline,119,59,60
Monopolygoat,arathor,1858,priest,discipline,181,84,97
Chochoo,argent-dawn,1858,priest,discipline,78,35,43
Фрайонель,gordunni,1857,priest,discipline,42,32,10
Virulence,twisting-nether,1857,priest,discipline,305,166,139
Ssjx,ravencrest,1856,priest,discipline,102,55,47
Spaanseslof,silvermoon,1856,priest,discipline,222,110,112
Sûzy,ravencrest,1855,priest,discipline,36,22,14
Cedifanboyx,archimonde,1855,priest,discipline,96,54,42
Гоплзнекст,gordunni,1855,priest,discipline,119,63,56
Ðènnis,argent-dawn,1855,priest,discipline,139,71,68
Zyzx,blackrock,1854,priest,discipline,114,53,61
Bloodhealer,draenor,1853,priest,discipline,34,22,12
Healseri,defias-brotherhood,1853,priest,discipline,246,123,123
Dieterdose,tarren-mill,1852,priest,discipline,44,29,15
Inhibitor,tarren-mill,1852,priest,discipline,53,32,21
Crushmyballs,ravencrest,1852,priest,discipline,60,36,24
Georgeshxx,ravencrest,1852,priest,discipline,167,85,82
Bonzu,ravencrest,1852,priest,discipline,72,34,38
Лэсивэснэс,soulflayer,1852,priest,discipline,72,30,42
Zêxy,stormscale,1851,priest,discipline,101,53,48
Вакариия,soulflayer,1851,priest,discipline,61,28,33
Rihx,ysondre,1850,priest,discipline,109,77,32
Ranchikswp,ravencrest,1850,priest,discipline,42,24,18
Anabølix,ravencrest,1850,priest,discipline,65,33,32
Enilion,draenor,1850,priest,discipline,71,34,37
Йеэгер,soulflayer,1850,priest,discipline,139,61,78
Rynnegan,zuljin,1849,priest,discipline,72,31,41
Padisonfire,blackmoore,1849,priest,discipline,78,33,45
Çhåosgòddess,kazzak,1848,priest,discipline,42,25,17
Asdfghqwezxc,twisting-nether,1848,priest,discipline,77,40,37
Cnqz,archimonde,1848,priest,discipline,90,44,46
Shonsized,argent-dawn,1847,priest,discipline,154,88,66
Pristern,tarren-mill,1847,priest,discipline,122,67,55
Remkoja,blackrock,1847,priest,discipline,108,57,51
Goky,kazzak,1847,priest,discipline,66,33,33
Çiione,archimonde,1847,priest,discipline,71,34,37
Chekkó,blackrock,1847,priest,discipline,86,41,45
Mindblown,arthas,1847,priest,discipline,66,30,36
Aédeira,blackhand,1847,priest,discipline,83,34,49
Youngfade,twisting-nether,1847,priest,discipline,82,33,49
Andaar,ravencrest,1846,priest,discipline,66,35,31
Jâde,bloodhoof,1846,priest,discipline,335,168,167
Nakenhäst,ravencrest,1846,priest,discipline,60,28,32
Andrë,ragnaros,1845,priest,discipline,46,29,17
Nyàh,stormscale,1845,priest,discipline,36,22,14
Chabi,stormscale,1845,priest,discipline,45,25,20
Waafa,kazzak,1845,priest,discipline,93,50,43
Pradrak,eredar,1845,priest,discipline,60,32,28
Størmblaze,stormreaver,1845,priest,discipline,102,53,49
Frenchpriest,archimonde,1845,priest,discipline,65,30,35
Gothicpriest,blackrock,1844,priest,discipline,65,41,24
Lanata,blackrock,1844,priest,discipline,114,60,54
Stazqt,conseil-des-ombres,1844,priest,discipline,442,224,218
Rezzdar,lightnings-blade,1844,priest,discipline,199,100,99
Aiwass,twisting-nether,1844,priest,discipline,66,32,34
Саммерфинн,gordunni,1844,priest,discipline,64,30,34
Аэтпио,soulflayer,1843,priest,discipline,126,64,62
Bæsts,ravencrest,1842,priest,discipline,47,35,12
Jellypie,blackrock,1842,priest,discipline,60,36,24
Vyrá,der-rat-von-dalaran,1842,priest,discipline,51,30,21
Maulerion,tarren-mill,1842,priest,discipline,92,53,39
Indîcâ,outland,1842,priest,discipline,72,33,39
Kianprie,silvermoon,1842,priest,discipline,101,46,55
Smallsmilesx,blackrock,1842,priest,discipline,78,33,45
Trolldý,outland,1841,priest,discipline,54,33,21
Awön,stormscale,1841,priest,discipline,64,33,31
Mend,tarren-mill,1841,priest,discipline,77,34,43
Danglar,defias-brotherhood,1840,priest,discipline,102,58,44
Луилэнс,howling-fjord,1840,priest,discipline,82,46,36
Райлоу,azuregos,1840,priest,discipline,60,32,28
Abomïnàtîon,ysondre,1839,priest,discipline,61,48,13
Rngamer,silvermoon,1839,priest,discipline,42,33,9
Twinkerz,ravencrest,1839,priest,discipline,114,70,44
Kàrèm,blutkessel,1839,priest,discipline,48,28,20
Imahipstaqt,eredar,1839,priest,discipline,123,66,57
Shîn,zirkel-des-cenarius,1839,priest,discipline,72,32,40
Brigittë,ravencrest,1839,priest,discipline,78,31,47
Paterfisl,ragnaros,1838,priest,discipline,108,64,44
Втильте,blackscar,1838,priest,discipline,138,77,61
Kolerps,ravencrest,1838,priest,discipline,54,25,29
Tia,mannoroth,1838,priest,discipline,70,31,39
Kappa,darksorrow,1837,priest,discipline,132,86,46
Xíøn,draenor,1837,priest,discipline,48,28,20
Bindww,tarren-mill,1837,priest,discipline,36,21,15
Fitu,drakthul,1837,priest,discipline,167,86,81
Mcpriestgodx,blackrock,1837,priest,discipline,108,48,60
Duqes,stormreaver,1836,priest,discipline,57,44,13
Свдпро,soulflayer,1836,priest,discipline,156,72,84
Aeogon,kazzak,1836,priest,discipline,179,79,100
Некронево,howling-fjord,1835,priest,discipline,51,30,21
Indrades,blackmoore,1835,priest,discipline,54,31,23
Hellhammer,stormreaver,1835,priest,discipline,190,103,87
Kathigitis,stormscale,1835,priest,discipline,89,48,41
Прощайдуде,gordunni,1835,priest,discipline,71,36,35
Видзар,blackscar,1834,priest,discipline,42,27,15
Alwaysøøm,kazzak,1834,priest,discipline,120,77,43
Анстахоуп,grom,1834,priest,discipline,210,131,79
Смотривнебоь,soulflayer,1834,priest,discipline,194,103,91
Luvdisc,ysondre,1834,priest,discipline,68,34,34
Ксенонх,gordunni,1834,priest,discipline,66,30,36
Anabananaa,ravencrest,1832,priest,discipline,106,65,41
Azaciúx,sylvanas,1832,priest,discipline,48,29,19
Cellia,antonidas,1832,priest,discipline,48,27,21
Feeqamikka,ragnaros,1832,priest,discipline,61,32,29
Gajos,frostwolf,1831,priest,discipline,150,87,63
Ilovelily,antonidas,1831,priest,discipline,72,34,38
Notnowelf,silvermoon,1831,priest,discipline,108,49,59
Sazuki,sylvanas,1830,priest,discipline,119,71,48
Discberg,kazzak,1830,priest,discipline,54,29,25
Лизагодх,howling-fjord,1830,priest,discipline,306,161,145
Psyheea,stormscale,1830,priest,discipline,165,77,88
Sadsadsad,ravencrest,1830,priest,discipline,54,24,30
Кирюшасэмпай,gordunni,1829,priest,discipline,177,96,81
Minipõppy,ravencrest,1829,priest,discipline,250,132,118
Aliciaiscute,ravencrest,1829,priest,discipline,52,27,25
Bijaqt,blackmoore,1829,priest,discipline,54,27,27
Frida,blackrock,1829,priest,discipline,96,44,52
Akeno,sylvanas,1829,priest,discipline,70,31,39
Парадайси,gordunni,1828,priest,discipline,53,35,18
Йуп,ashenvale,1828,priest,discipline,64,37,27
Illuminarexo,sylvanas,1828,priest,discipline,145,82,63
Chivalryy,argent-dawn,1828,priest,discipline,119,64,55
Ingelosi,eredar,1828,priest,discipline,220,118,102
Seherbazqt,twisting-nether,1828,priest,discipline,202,108,94
Jconnelly,antonidas,1828,priest,discipline,62,32,30
Itayyxd,doomhammer,1828,priest,discipline,66,34,32
Noelretsof,jaedenar,1827,priest,discipline,62,31,31
Ltmp,ravencrest,1827,priest,discipline,48,24,24
Oesterput,stormscale,1827,priest,discipline,48,21,27
Talbyslegacý,blackmoore,1826,priest,discipline,126,70,56
Krolox,blackhand,1826,priest,discipline,192,98,94
Nadøney,hyjal,1826,priest,discipline,172,87,85
Snutz,draenor,1826,priest,discipline,94,46,48
Nissha,stormscale,1826,priest,discipline,66,32,34
Двачх,soulflayer,1826,priest,discipline,66,32,34
Fønss,sanguino,1826,priest,discipline,89,41,48
Krematorio,twisting-nether,1826,priest,discipline,65,28,37
Sinetrax,draenor,1825,priest,discipline,48,30,18
Асверай,howling-fjord,1825,priest,discipline,90,55,35
Theythem,stormscale,1825,priest,discipline,42,25,17
Luphriest,ravencrest,1825,priest,discipline,42,25,17
Hyw,hyjal,1825,priest,discipline,45,26,19
Ninxy,sylvanas,1825,priest,discipline,54,31,23
Ayõu,ravencrest,1825,priest,discipline,84,48,36
Bebydaniwey,eredar,1825,priest,discipline,48,27,21
Moglimeister,blackrock,1825,priest,discipline,72,40,32
Buan,outland,1825,priest,discipline,48,26,22
Nothic,blackmoore,1825,priest,discipline,196,105,91
Gimeurgold,destromath,1825,priest,discipline,66,32,34
Chechenkata,ravencrest,1825,priest,discipline,57,27,30
Reticlel,kazzak,1824,priest,discipline,200,116,84
Taslight,stormscale,1824,priest,discipline,245,141,104
Йефа,gordunni,1824,priest,discipline,124,71,53
Xoxogg,burning-blade,1823,priest,discipline,156,102,54
Дефаенс,soulflayer,1823,priest,discipline,58,34,24
Hexybtw,stormscale,1823,priest,discipline,36,20,16
Tjackmackann,kazzak,1823,priest,discipline,54,29,25
Мухаглот,soulflayer,1823,priest,discipline,71,37,34
Krautfunding,blackrock,1823,priest,discipline,66,33,33
Drillin,ravencrest,1823,priest,discipline,99,45,54
Mamaa,stormscale,1822,priest,discipline,78,43,35
Élsias,blackmoore,1822,priest,discipline,69,35,34
Tecc,draenor,1822,priest,discipline,130,65,65
Xandrial,blackmoore,1822,priest,discipline,66,30,36
Mèlindra,draenor,1821,priest,discipline,35,28,7
Билет,borean-tundra,1821,priest,discipline,42,26,16
Aâraks,khaz-modan,1821,priest,discipline,134,82,52
Tribz,kargath,1821,priest,discipline,36,22,14
Mautiya,blackrock,1821,priest,discipline,120,65,55
Cyabish,twisting-nether,1821,priest,discipline,263,142,121
Felaenna,argent-dawn,1821,priest,discipline,145,78,67
Miklós,die-aldor,1821,priest,discipline,54,28,26
Neurozx,ravencrest,1821,priest,discipline,66,32,34
Yamai,thrall,1820,priest,discipline,42,24,18
Skyland,emeriss,1820,priest,discipline,36,20,16
Galpriest,tarren-mill,1820,priest,discipline,56,30,26
Eliriya,thrall,1820,priest,discipline,302,154,148
Tingoess,silvermoon,1820,priest,discipline,150,75,75
Dotzey,outland,1820,priest,discipline,101,43,58
Yunusgødx,kazzak,1819,priest,discipline,102,65,37
Силесттиль,gordunni,1819,priest,discipline,77,49,28
Legitha,blackmoore,1819,priest,discipline,51,31,20
Dribbler,ragnaros,1819,priest,discipline,70,42,28
Øk,draenor,1819,priest,discipline,125,73,52
Омилая,gordunni,1819,priest,discipline,42,24,18
Изишвд,gordunni,1819,priest,discipline,59,33,26
Дорогасмеха,howling-fjord,1819,priest,discipline,72,39,33
Kristianburn,arathi,1819,priest,discipline,60,31,29
Vibéz,outland,1819,priest,discipline,54,27,27
Прристуха,gordunni,1819,priest,discipline,108,51,57
Wiguwigu,blackrock,1819,priest,discipline,90,42,48
Lucyx,antonidas,1818,priest,discipline,36,25,11
Tylér,stormscale,1818,priest,discipline,144,88,56
Jaesabøyx,twisting-nether,1818,priest,discipline,168,100,68
Smitemachine,ysondre,1818,priest,discipline,60,35,25
Kimspriest,ragnaros,1818,priest,discipline,42,24,18
Egi,lothar,1818,priest,discipline,51,27,24
Cæsífer,senjin,1818,priest,discipline,78,41,37
Spiritina,darkmoon-faire,1817,priest,discipline,76,52,24
Tattum,ragnaros,1817,priest,discipline,96,64,32
Holycuddles,ysondre,1817,priest,discipline,78,47,31
Hanniri,archimonde,1817,priest,discipline,54,31,23
Debeo,ragnaros,1817,priest,discipline,151,81,70
Отклонен,soulflayer,1817,priest,discipline,84,43,41
Ferpy,ragnaros,1817,priest,discipline,66,31,35
Deadandugly,eredar,1817,priest,discipline,84,36,48
Idisck,kazzak,1816,priest,discipline,217,117,100
Pâww,kazzak,1816,priest,discipline,66,35,31
Saygg,ysondre,1816,priest,discipline,120,63,57
Приствалера,howling-fjord,1816,priest,discipline,488,249,239
Nedex,thrall,1816,priest,discipline,55,28,27
Flowstate,sylvanas,1816,priest,discipline,52,26,26
Thaeres,stormscale,1816,priest,discipline,65,31,34
Sebbi,ragnaros,1816,priest,discipline,72,34,38
Оченьнеочень,howling-fjord,1816,priest,discipline,72,33,39
Hængøver,blackmoore,1816,priest,discipline,78,33,45
Fandac,sylvanas,1815,priest,discipline,60,39,21
Jowaba,ravencrest,1815,priest,discipline,60,38,22
Tricavla,frostmane,1815,priest,discipline,132,74,58
Milamati,kazzak,1815,priest,discipline,90,50,40
Виллавелл,blackscar,1815,priest,discipline,48,24,24
Løs,argent-dawn,1815,priest,discipline,108,53,55
Skitspill,ravencrest,1815,priest,discipline,216,104,112
Mgx,defias-brotherhood,1815,priest,discipline,105,49,56
Trickyteè,tarren-mill,1815,priest,discipline,48,22,26
Fabzen,grim-batol,1815,priest,discipline,84,38,46
Flax,the-maelstrom,1814,priest,discipline,53,37,16
Jannejanne,ravencrest,1814,priest,discipline,30,19,11
Casic,blackhand,1814,priest,discipline,65,41,24
Alexpriest,twisting-nether,1814,priest,discipline,539,283,256
Discusting,anachronos,1814,priest,discipline,78,40,38
Grouptherpst,draenor,1814,priest,discipline,379,189,190
Charlotten,shattered-hand,1814,priest,discipline,268,123,145
Abusalt,stormscale,1814,priest,discipline,72,33,39
Daniweyy,eredar,1813,priest,discipline,30,19,11
Lovdisc,ysondre,1813,priest,discipline,107,60,47
Dzyxx,ravencrest,1813,priest,discipline,66,37,29
Brownhammer,ravencrest,1813,priest,discipline,100,56,44
Вашачесть,gordunni,1813,priest,discipline,214,112,102
Efeslol,dun-modr,1813,priest,discipline,255,133,122
Healdeal,stormscale,1813,priest,discipline,470,242,228
Jesster,sylvanas,1813,priest,discipline,81,41,40
Architectx,ravencrest,1813,priest,discipline,131,66,65
Cæsifer,area-52,1813,priest,discipline,54,27,27
Dhassy,sanguino,1812,priest,discipline,71,44,27
Viiu,eredar,1812,priest,discipline,45,25,20
Eedazap,argent-dawn,1812,priest,discipline,58,32,26
Leahx,dalvengyr,1812,priest,discipline,76,40,36
Syreet,silvermoon,1812,priest,discipline,480,243,237
Discoqt,aegwynn,1812,priest,discipline,60,30,30
Isalvation,stormscale,1812,priest,discipline,78,38,40
Тёмныйвид,soulflayer,1812,priest,discipline,253,123,130
Свдпрох,soulflayer,1812,priest,discipline,48,23,25
Jimpah,outland,1812,priest,discipline,177,82,95
Mïserygødx,nemesis,1811,priest,discipline,84,57,27
Maxmoto,blackrock,1811,priest,discipline,92,56,36
Антошашвп,azuregos,1811,priest,discipline,42,25,17
Cæsifer,blackrock,1811,priest,discipline,100,55,45
Leahuwu,ravencrest,1811,priest,discipline,72,37,35
Tmnetwo,ravencrest,1811,priest,discipline,70,34,36
Nakenhäst,stormscale,1811,priest,discipline,66,32,34
Aridarpriest,silvermoon,1811,priest,discipline,116,55,61
Miraña,kazzak,1810,priest,discipline,24,19,5
Muncett,dun-modr,1810,priest,discipline,113,67,46
Vinopure,turalyon,1810,priest,discipline,72,39,33
Gaussqt,ravencrest,1810,priest,discipline,120,62,58
Undeathy,ravencrest,1810,priest,discipline,84,36,48
Delftware,tarren-mill,1809,priest,discipline,36,27,9
Xrq,stormscale,1809,priest,discipline,36,27,9
Thedisco,kazzak,1809,priest,discipline,84,56,28
Øpra,nemesis,1809,priest,discipline,72,38,34
Qzrx,draenor,1809,priest,discipline,90,47,43
Kuxk,stormscale,1809,priest,discipline,48,24,24
Заак,howling-fjord,1809,priest,discipline,42,19,23
Ðøñtårmørýmë,der-abyssische-rat,1809,priest,discipline,56,23,33
Stola,archimonde,1809,priest,discipline,101,41,60
Sikaanyo,blackhand,1808,priest,discipline,119,68,51
Niagarafalls,ragnaros,1808,priest,discipline,231,128,103
Ohlinsqt,outland,1808,priest,discipline,66,36,30
Goldensp,sanguino,1808,priest,discipline,105,56,49
Уровеньб,soulflayer,1808,priest,discipline,114,60,54
Prips,bladefist,1808,priest,discipline,223,117,106
Lethalhealz,outland,1808,priest,discipline,458,240,218
Aprilfalls,blackmoore,1808,priest,discipline,54,25,29
Ðézø,twisting-nether,1807,priest,discipline,108,71,37
Ÿolo,nemesis,1807,priest,discipline,80,47,33
Qhub,sylvanas,1807,priest,discipline,243,131,112
Cucurulla,sanguino,1807,priest,discipline,92,48,44
Emryth,blackhand,1807,priest,discipline,300,156,144
Raw,dragonblight,1807,priest,discipline,72,36,36
Seasonf,tarren-mill,1807,priest,discipline,60,28,32
Zarahard,draenor,1806,priest,discipline,120,65,55
Zeruhphin,eredar,1806,priest,discipline,54,28,26
Jamienism,ravencrest,1806,priest,discipline,82,33,49
Артфуул,howling-fjord,1805,priest,discipline,78,43,35
Ipâ,hyjal,1805,priest,discipline,417,207,210
Neems,twisting-nether,1805,priest,discipline,42,19,23
Ïcön,ravencrest,1804,priest,discipline,60,43,17
Wodpriest,ravencrest,1804,priest,discipline,42,28,14
Ljusmor,silvermoon,1804,priest,discipline,99,62,37
Bennyjamin,kazzak,1804,priest,discipline,74,45,29
Floyyd,kazzak,1804,priest,discipline,42,24,18
Шэдоура,gordunni,1804,priest,discipline,135,76,59
Needsboorst,ravencrest,1804,priest,discipline,66,36,30
Nooxid,eredar,1804,priest,discipline,159,86,73
ßrb,sylvanas,1804,priest,discipline,246,129,117
Altruistx,ravencrest,1804,priest,discipline,78,39,39
Aêalama,argent-dawn,1804,priest,discipline,54,27,27
Noukeé,blackrock,1804,priest,discipline,71,29,42
Fogel,turalyon,1803,priest,discipline,96,82,14
Laonar,silvermoon,1803,priest,discipline,181,115,66
Lasêr,kazzak,1803,priest,discipline,133,73,60
Myggsparv,stormscale,1803,priest,discipline,78,41,37
Lunatique,shadowsong,1803,priest,discipline,56,28,28
Gehrke,silvermoon,1803,priest,discipline,111,54,57
Deoxx,kazzak,1803,priest,discipline,126,58,68
Ebiso,ravencrest,1803,priest,discipline,90,41,49
Rainbowroll,kazzak,1803,priest,discipline,82,37,45
Assiduous,stormreaver,1802,priest,discipline,40,25,15
Zsg,draenor,1802,priest,discipline,150,88,62
Nazzghul,silvermoon,1802,priest,discipline,164,93,71
Zoophobîa,stormscale,1802,priest,discipline,96,54,42
Bassepriest,tarren-mill,1802,priest,discipline,101,53,48
Jpucciù,ysondre,1802,priest,discipline,66,31,35
Ytsal,stormscale,1802,priest,discipline,72,32,40
Кошкаенот,blackscar,1802,priest,discipline,83,33,50
Cx,mazrigos,1801,priest,discipline,65,42,23
Shínx,illidan,1801,priest,discipline,90,52,38
Aelisendi,draenor,1801,priest,discipline,89,51,38
Reclue,silvermoon,1801,priest,discipline,48,27,21
Rabbai,twisting-nether,1801,priest,discipline,66,37,29
Holyshiiet,stormscale,1801,priest,discipline,275,151,124
Naivah,dun-modr,1801,priest,discipline,229,122,107
Зулфар,razuvious,1800,priest,discipline,48,36,12
Wardshield,ravencrest,1800,priest,discipline,29,20,9
Felwy,stormscale,1800,priest,discipline,48,31,17
Hasnoaim,dun-morogh,1800,priest,discipline,66,41,25
Doublefreak,draenor,1800,priest,discipline,84,51,33
Zuniqa,die-aldor,1800,priest,discipline,221,112,109
Некрогуро,gordunni,1800,priest,discipline,54,27,27
Mafakor,ravencrest,1800,priest,discipline,458,226,232
Lazyx,tarren-mill,1800,priest,discipline,59,29,30
Stahpit,twisting-nether,1800,priest,discipline,65,31,34
Ilovebenji,antonidas,1800,priest,discipline,54,25,29
Miyà,sylvanas,1799,priest,discipline,36,24,12
Destinychild,norgannon,1799,priest,discipline,76,41,35
Ellinha,tarren-mill,1799,priest,discipline,93,44,49
Øxxgodx,blackrock,1798,priest,discipline,129,69,60
Фенджидисплх,blackscar,1798,priest,discipline,114,54,60
Deluxgodx,kazzak,1797,priest,discipline,63,34,29
Kirtarah,aegwynn,1797,priest,discipline,244,126,118
Карпинчо,soulflayer,1797,priest,discipline,288,141,147
Evpisces,archimonde,1797,priest,discipline,471,230,241
Dokwhite,blackrock,1797,priest,discipline,41,20,21
Sùzy,ravencrest,1797,priest,discipline,72,30,42
Collinna,aegwynn,1796,priest,discipline,153,81,72
Poulet,sylvanas,1796,priest,discipline,166,85,81
Lakeworth,argent-dawn,1796,priest,discipline,164,76,88
Siezlababo,blackrock,1795,priest,discipline,35,21,14
Seankingkong,ravencrest,1795,priest,discipline,43,23,20
Bigballer,stormscale,1795,priest,discipline,51,26,25
Пристижнаяя,gordunni,1794,priest,discipline,116,65,51
Shuya,archimonde,1794,priest,discipline,64,34,30
Níghty,ravencrest,1794,priest,discipline,138,72,66
Entenpanda,kazzak,1793,priest,discipline,138,72,66
Lolylights,tarren-mill,1793,priest,discipline,270,131,139
Шкурюклады,gordunni,1793,priest,discipline,134,64,70
Сайдвиндер,blackscar,1792,priest,discipline,115,59,56
Racecar,executus,1792,priest,discipline,144,71,73
Drlovke,stormscale,1792,priest,discipline,165,78,87
Reckxp,twisting-nether,1792,priest,discipline,120,54,66
Bølzer,blackrock,1791,priest,discipline,420,207,213
Lexìì,archimonde,1790,priest,discipline,48,25,23
Fainttnt,stormscale,1790,priest,discipline,90,43,47
Nintendó,sylvanas,1788,priest,discipline,114,65,49
Phyxiusx,stormscale,1788,priest,discipline,96,53,43
Dîàna,archimonde,1787,priest,discipline,59,35,24
Ýbëzz,ravencrest,1786,priest,discipline,30,19,11
Elataqt,silvermoon,1786,priest,discipline,97,53,44
Stargal,blackmoore,1785,priest,discipline,48,31,17
Alicanx,silvermoon,1785,priest,discipline,129,78,51
Iwariel,blackmoore,1785,priest,discipline,138,72,66
Dès,ravencrest,1785,priest,discipline,182,90,92
Уэйнестелл,booty-bay,1785,priest,discipline,66,32,34
Holyholy,stormscale,1784,priest,discipline,60,40,20
Skjelett,stormscale,1784,priest,discipline,56,30,26
Uivi,azjolnerub,1784,priest,discipline,54,27,27
Striderz,outland,1783,priest,discipline,120,67,53
Шэвэпэ,deathguard,1782,priest,discipline,66,29,37
Padregianni,nemesis,1781,priest,discipline,78,33,45
Maikzky,stormreaver,1780,priest,discipline,36,19,17
Zèl,blackmoore,1780,priest,discipline,52,26,26
Sdn,twisting-nether,1780,priest,discipline,178,88,90
Fatalx,grim-batol,1779,priest,discipline,100,50,50
Drillinx,tarren-mill,1779,priest,discipline,113,54,59
Таравера,soulflayer,1778,priest,discipline,143,70,73
Ihefyehvjrm,ravencrest,1778,priest,discipline,137,66,71
Bizqit,tarren-mill,1777,priest,discipline,365,193,172
Mindx,sylvanas,1777,priest,discipline,191,98,93
Eliana,blackrock,1777,priest,discipline,151,77,74
Djplay,aegwynn,1777,priest,discipline,48,23,25
Ilovepmr,outland,1777,priest,discipline,44,21,23
Gødsfåvørite,blackrock,1775,priest,discipline,327,168,159
Mndvx,sylvanas,1775,priest,discipline,140,70,70
Prsx,ravencrest,1775,priest,discipline,132,65,67
Monsterzx,outland,1775,priest,discipline,149,72,77
Tanly,outland,1774,priest,discipline,102,45,57
Vespbruv,kazzak,1773,priest,discipline,36,25,11
Holyblóod,kazzak,1773,priest,discipline,62,38,24
Holó,stormscale,1773,priest,discipline,108,47,61
Chnechnechne,outland,1772,priest,discipline,76,40,36
Jøjmenejøj,ravencrest,1772,priest,discipline,174,87,87
Tyreha,ravencrest,1771,priest,discipline,87,50,37
Lobbygriefer,ravencrest,1771,priest,discipline,731,382,349
Aelíth,archimonde,1771,priest,discipline,54,27,27
Calling,nozdormu,1770,priest,discipline,95,55,40
Src,ravencrest,1770,priest,discipline,149,78,71
Mcdodgens,auchindoun,1770,priest,discipline,257,123,134
Леддигага,gordunni,1769,priest,discipline,48,27,21
Svakkanxd,kazzak,1769,priest,discipline,112,50,62
Hopesallgone,stormscale,1768,priest,discipline,140,80,60
Mythaaz,archimonde,1767,priest,discipline,51,21,30
Jaytï,ravencrest,1766,priest,discipline,42,26,16
Xianstwo,alakir,1766,priest,discipline,78,36,42
Magetrainer,tarren-mill,1765,priest,discipline,60,42,18
Sosûke,archimonde,1765,priest,discipline,66,38,28
Kuusistöö,kazzak,1765,priest,discipline,182,92,90
Ohiofromntty,ravencrest,1764,priest,discipline,24,20,4
Blerd,eredar,1764,priest,discipline,243,124,119
Kàalyx,archimonde,1764,priest,discipline,119,59,60
Shdwxy,blackrock,1763,priest,discipline,120,69,51
Flugame,ravencrest,1763,priest,discipline,42,21,21
Justdänce,hyjal,1763,priest,discipline,79,38,41
Nameit,eredar,1763,priest,discipline,194,91,103
Cätälin,twisting-nether,1762,priest,discipline,452,226,226
Céira,malganis,1761,priest,discipline,78,44,34
Pb,stormscale,1761,priest,discipline,52,29,23
Veethene,kazzak,1761,priest,discipline,56,31,25
Cpzach,tarren-mill,1761,priest,discipline,244,128,116
Ladderpolice,blackmoore,1761,priest,discipline,54,26,28
Flensu,stormscale,1760,priest,discipline,106,57,49
Фалд,gordunni,1760,priest,discipline,72,37,35
Loarderonx,stormscale,1760,priest,discipline,59,28,31
Susaj,tarren-mill,1759,priest,discipline,41,23,18
Lavendertown,tarren-mill,1759,priest,discipline,164,89,75
Sdlman,nemesis,1759,priest,discipline,195,98,97
Sekker,silvermoon,1758,priest,discipline,309,165,144
Furtnajebany,tarren-mill,1758,priest,discipline,75,34,41
Legiondisc,blackmoore,1758,priest,discipline,157,71,86
Rogeron,blackrock,1758,priest,discipline,100,45,55
Neliica,silvermoon,1758,priest,discipline,120,53,67
Kèvin,das-syndikat,1757,priest,discipline,107,64,43
Соникида,gordunni,1757,priest,discipline,94,45,49
Павук,gordunni,1756,priest,discipline,36,22,14
Mentaldeadp,draenor,1756,priest,discipline,165,98,67
Swdommeil,blackrock,1756,priest,discipline,48,27,21
Roshmanoff,stormscale,1755,priest,discipline,54,27,27
Milchzáhn,frostwolf,1753,priest,discipline,183,92,91
Alterlight,twisting-nether,1753,priest,discipline,693,347,346
Yroe,gorgonnash,1753,priest,discipline,54,26,28
Marôs,antonidas,1753,priest,discipline,72,33,39
Khristo,illidan,1753,priest,discipline,84,36,48
Flaynbones,tarren-mill,1752,priest,discipline,41,25,16
Neska,antonidas,1752,priest,discipline,47,20,27
Luxør,blackrock,1752,priest,discipline,54,22,32
ßçøûzýìñ,ravencrest,1751,priest,discipline,28,21,7
Merylle,outland,1751,priest,discipline,41,27,14
Nätrix,tarren-mill,1751,priest,discipline,42,26,16
Devotedape,draenor,1751,priest,discipline,101,57,44
Aruna,ravencrest,1751,priest,discipline,100,50,50
Brutapriestx,stormscale,1751,priest,discipline,53,23,30
Gladiav,hyjal,1750,priest,discipline,48,28,20
Ödriaell,the-venture-co,1750,priest,discipline,228,117,111
Kîlo,sylvanas,1750,priest,discipline,42,19,23
Isuckmattsd,aggramar,1749,priest,discipline,30,21,9
Кисашвд,gordunni,1749,priest,discipline,36,25,11
Unstopp,blackhand,1749,priest,discipline,35,24,11
Mïxa,eitrigg,1749,priest,discipline,36,23,13
Фотосз,soulflayer,1749,priest,discipline,47,28,19
Scaryolol,blackmoore,1749,priest,discipline,167,83,84
Healêl,sanguino,1749,priest,discipline,81,40,41
Enzineum,twisting-nether,1749,priest,discipline,84,39,45
Amtoxic,stormscale,1748,priest,discipline,503,256,247
Аскеронх,howling-fjord,1748,priest,discipline,99,48,51
Iloveilka,madmortem,1747,priest,discipline,29,19,10
Pikaboom,the-maelstrom,1747,priest,discipline,48,27,21
Hoses,twisting-nether,1747,priest,discipline,248,124,124
Elvibeast,twisting-nether,1747,priest,discipline,54,27,27
Дъикиймвп,deepholm,1747,priest,discipline,48,24,24
Heavensfire,twisting-nether,1747,priest,discipline,53,25,28
Lunærÿ,hyjal,1747,priest,discipline,54,23,31
Lucksy,antonidas,1746,priest,discipline,72,34,38
Шатолюгран,soulflayer,1745,priest,discipline,154,96,58
Urizal,defias-brotherhood,1744,priest,discipline,48,25,23
Rippertmepls,ravencrest,1744,priest,discipline,101,52,49
Lorimac,dun-modr,1744,priest,discipline,231,118,113
Preme,blackhand,1744,priest,discipline,84,41,43
Ampara,thrall,1743,priest,discipline,102,52,50
Батлджес,gordunni,1743,priest,discipline,92,45,47
Zéntius,twisting-nether,1743,priest,discipline,53,25,28
Milderyp,kazzak,1742,priest,discipline,60,43,17
Tabaç,stormscale,1742,priest,discipline,48,30,18
Kaizza,burning-legion,1742,priest,discipline,83,43,40
Cctw,archimonde,1742,priest,discipline,153,78,75
Alpháømegá,outland,1742,priest,discipline,106,49,57
Tiphereth,blackmoore,1742,priest,discipline,72,33,39
Ðårkìnlol,ravencrest,1741,priest,discipline,23,19,4
Sloee,kazzak,1741,priest,discipline,48,28,20
Onyoureyebal,vashj,1741,priest,discipline,180,79,101
Irefutåbil,stormscale,1740,priest,discipline,144,83,61
Abømination,hyjal,1740,priest,discipline,123,69,54
Yugemilkers,kazzak,1740,priest,discipline,209,109,100
Holytop,aegwynn,1740,priest,discipline,48,25,23
Xeldrania,azshara,1739,priest,discipline,41,22,19
Darktemplarx,magtheridon,1739,priest,discipline,165,83,82
Nancey,draenor,1739,priest,discipline,60,29,31
Frëija,ravencrest,1738,priest,discipline,71,40,31
Lyrina,twisting-nether,1738,priest,discipline,364,199,165
Holyblóod,ravencrest,1738,priest,discipline,73,35,38
Goldeagle,archimonde,1738,priest,discipline,72,34,38
Psjk,blackrock,1737,priest,discipline,130,69,61
Namîxoxo,ysondre,1737,priest,discipline,72,37,35
Нз,soulflayer,1737,priest,discipline,59,30,29
Waaqa,outland,1737,priest,discipline,170,83,87
Zërøx,ysondre,1737,priest,discipline,95,39,56
Rqx,stormscale,1736,priest,discipline,35,23,12
Traxtoor,tarren-mill,1736,priest,discipline,389,206,183
Андерприст,soulflayer,1736,priest,discipline,198,100,98
Sydnex,blackmoore,1734,priest,discipline,77,45,32
Kleot,ragnaros,1734,priest,discipline,617,311,306
Leffie,outland,1734,priest,discipline,90,43,47
Mqsx,stormscale,1734,priest,discipline,42,20,22
Goodra,sylvanas,1733,priest,discipline,42,28,14
Mopriest,eredar,1733,priest,discipline,74,47,27
Yö,stormscale,1733,priest,discipline,36,21,15
Måzikeen,stormscale,1732,priest,discipline,30,22,8
Aetas,hyjal,1732,priest,discipline,72,41,31
Angemir,nemesis,1732,priest,discipline,79,44,35
Rêstlêss,blackrock,1732,priest,discipline,119,63,56
Keypo,khaz-modan,1732,priest,discipline,71,30,41
Smiteweaver,drakthul,1731,priest,discipline,48,26,22
Cestrial,sylvanas,1731,priest,discipline,146,78,68
Eyllise,ragnaros,1731,priest,discipline,543,284,259
Ballepresten,outland,1731,priest,discipline,48,24,24
Vigoria,stormreaver,1731,priest,discipline,101,49,52
Киллус,ashenvale,1731,priest,discipline,114,55,59
Rivíía,drakthul,1730,priest,discipline,100,58,42
Tÿona,hyjal,1730,priest,discipline,182,104,78
Tallyby,blackmoore,1730,priest,discipline,58,33,25
Mitha,tarren-mill,1730,priest,discipline,80,45,35
Csúforck,ragnaros,1730,priest,discipline,58,32,26
Wasnezov,blackhand,1730,priest,discipline,108,55,53
Summerfinn,ravencrest,1730,priest,discipline,164,75,89
Lexojam,ravencrest,1729,priest,discipline,41,21,20
Obnoxious,sunstrider,1728,priest,discipline,202,101,101
Mamabeer,draenor,1727,priest,discipline,150,91,59
Teradros,blackhand,1727,priest,discipline,53,28,25
Røylian,ravencrest,1727,priest,discipline,48,23,25
Bunnydisc,outland,1727,priest,discipline,116,55,61
Vemix,ravencrest,1726,priest,discipline,90,62,28
Eolîn,draenor,1726,priest,discipline,84,42,42
Kaldhor,ysondre,1726,priest,discipline,119,54,65
Kirobreika,twisting-nether,1725,priest,discipline,36,25,11
Gailiugà,kazzak,1725,priest,discipline,40,26,14
Savagex,dun-modr,1725,priest,discipline,256,136,120
Aenon,argent-dawn,1725,priest,discipline,141,74,67
Roylian,ravencrest,1725,priest,discipline,45,23,22
Felvytwo,stormscale,1725,priest,discipline,48,24,24
Yro,gorgonnash,1725,priest,discipline,107,51,56
Eladri,silvermoon,1724,priest,discipline,30,19,11
Areyqt,ravencrest,1724,priest,discipline,48,27,21
Mpßx,tarren-mill,1724,priest,discipline,63,30,33
Lucìanà,blackmoore,1723,priest,discipline,30,18,12
Splintplays,zuljin,1723,priest,discipline,144,70,74
Anabølixx,ravencrest,1722,priest,discipline,60,37,23
Scarylol,blackmoore,1722,priest,discipline,36,19,17
Plsdontcry,blackrock,1722,priest,discipline,54,27,27
Skevitche,hyjal,1721,priest,discipline,208,108,100
Chaxxpriest,blackrock,1721,priest,discipline,155,70,85
Gwinzy,blackmoore,1720,priest,discipline,36,22,14
Amysantiàgo,sylvanas,1720,priest,discipline,301,163,138
Cluelesstwo,ravencrest,1720,priest,discipline,103,54,49
Folelli,ysondre,1720,priest,discipline,113,58,55
Жентельмен,deathguard,1720,priest,discipline,135,62,73
Pinipom,kazzak,1719,priest,discipline,38,26,12
Syntaria,pozzo-delleternità,1719,priest,discipline,54,29,25
Scurrp,aegwynn,1719,priest,discipline,96,50,46
Haveboorst,twisting-nether,1719,priest,discipline,42,21,21
Deadthicc,hyjal,1718,priest,discipline,80,56,24
Sausageboy,tarren-mill,1718,priest,discipline,72,38,34
Jämar,archimonde,1718,priest,discipline,89,44,45
Yungblessing,stormscale,1718,priest,discipline,77,38,39
Déàthtuna,kazzak,1718,priest,discipline,90,43,47
Baptized,baelgun,1718,priest,discipline,150,71,79
Brainbadly,aegwynn,1718,priest,discipline,42,18,24
Zurlyne,ravencrest,1717,priest,discipline,75,44,31
Разрухаовнз,gordunni,1717,priest,discipline,42,24,18
Сандейрейн,gordunni,1717,priest,discipline,41,23,18
Plåtpriest,twisting-nether,1717,priest,discipline,336,180,156
Найтингеилл,gordunni,1717,priest,discipline,48,24,24
Brutalmaze,archimonde,1717,priest,discipline,42,21,21
Тыкофка,gordunni,1717,priest,discipline,289,143,146
Iyannà,blackrock,1716,priest,discipline,65,41,24
Tsumu,archimonde,1716,priest,discipline,69,40,29
Øxx,blackrock,1716,priest,discipline,48,27,21
Windywendy,blackrock,1716,priest,discipline,147,79,68
Smiteyoudown,blackrock,1716,priest,discipline,42,21,21
Kuraimb,the-maelstrom,1716,priest,discipline,105,51,54
Looney,shadowsong,1715,priest,discipline,36,25,11
Shadowburst,archimonde,1715,priest,discipline,30,19,11
Tridus,eitrigg,1715,priest,discipline,30,19,11
Refrenn,kazzak,1715,priest,discipline,90,48,42
Jarvinia,blackmoore,1715,priest,discipline,88,44,44
Jezaja,sylvanas,1715,priest,discipline,54,25,29
Laurens,tarren-mill,1715,priest,discipline,48,22,26
Verjin,kazzak,1715,priest,discipline,138,61,77
Flipflops,kirin-tor,1714,priest,discipline,42,25,17
Holysjodin,tarren-mill,1714,priest,discipline,36,18,18
Bandulskii,twisting-nether,1714,priest,discipline,475,234,241
Неприст,ashenvale,1714,priest,discipline,48,22,26
Watchmedark,ravencrest,1713,priest,discipline,48,24,24
Jempi,argent-dawn,1712,priest,discipline,165,94,71
Leåh,ravencrest,1712,priest,discipline,78,43,35
Sinnestrike,tarren-mill,1712,priest,discipline,64,33,31
Zeröone,silvermoon,1712,priest,discipline,142,65,77
Premierex,stormscale,1711,priest,discipline,66,38,28
Dogfx,blackhand,1711,priest,discipline,60,23,37
Utrd,kazzak,1710,priest,discipline,370,178,192
Dreê,hyjal,1710,priest,discipline,66,31,35
Hodscha,aegwynn,1710,priest,discipline,117,51,66
Lowhealing,kazzak,1709,priest,discipline,78,45,33
Pehmoinen,korgall,1709,priest,discipline,195,98,97
Seemedotin,aegwynn,1708,priest,discipline,53,30,23
Assacine,aegwynn,1708,priest,discipline,146,77,69
Brilho,frostmane,1708,priest,discipline,397,202,195
Mshieldo,blackmoore,1708,priest,discipline,52,25,27
Trashpriest,blackrock,1708,priest,discipline,47,19,28
Kovexpulthul,sunstrider,1707,priest,discipline,41,30,11
Soupriest,ysondre,1707,priest,discipline,158,91,67
Nandezpriest,blackrock,1707,priest,discipline,132,73,59
Obie,exodar,1707,priest,discipline,46,19,27
Nyxoqtxd,ravencrest,1706,priest,discipline,94,54,40
Parzivál,argent-dawn,1706,priest,discipline,241,122,119
Painxd,stormscale,1705,priest,discipline,81,49,32
Finiskram,sylvanas,1705,priest,discipline,42,24,18
Tynsxd,silvermoon,1705,priest,discipline,343,189,154
Kæzm,blackrock,1705,priest,discipline,131,70,61
Yukasa,silvermoon,1705,priest,discipline,78,34,44
Sokratina,ragnaros,1704,priest,discipline,88,58,30
Smitelay,alleria,1704,priest,discipline,42,27,15
Splf,blackrock,1704,priest,discipline,90,56,34
Drée,hyjal,1704,priest,discipline,54,28,26
Blazingad,kazzak,1704,priest,discipline,247,125,122
Babibayle,arakarahm,1704,priest,discipline,60,24,36
Twizl,hyjal,1703,priest,discipline,168,84,84
Lîke,shattrath,1703,priest,discipline,36,18,18
Файкахохо,soulflayer,1703,priest,discipline,109,49,60
Dqt,ragnaros,1703,priest,discipline,77,34,43
Suxino,stormscale,1702,priest,discipline,306,174,132
Kaksel,blackrock,1702,priest,discipline,132,69,63
Бонзайка,blackscar,1702,priest,discipline,59,28,31
Bockx,ragnaros,1702,priest,discipline,66,27,39
Xulgarath,silvermoon,1701,priest,discipline,95,58,37
Anotu,tarren-mill,1701,priest,discipline,48,28,20
Sickboy,nordrassil,1701,priest,discipline,76,44,32
Шайтсунг,soulflayer,1701,priest,discipline,62,34,28
Ronnyvandamm,destromath,1701,priest,discipline,188,102,86
Darkshdwbrst,malorne,1701,priest,discipline,295,159,136
Denunciation,argent-dawn,1701,priest,discipline,233,121,112
Bekznfiend,ragnaros,1701,priest,discipline,48,22,26
Holymoly,talnivarr,1701,priest,discipline,132,60,72
Mythasz,archimonde,1701,priest,discipline,58,26,32
Noxr,ravencrest,1701,priest,discipline,68,28,40
Kapts,twisting-nether,1700,priest,discipline,30,18,12
Дардж,blackscar,1700,priest,discipline,48,28,20
Healbotmvp,ravencrest,1700,priest,discipline,42,24,18
Chîllipriest,draenor,1700,priest,discipline,109,59,50
Saniss,tarren-mill,1700,priest,discipline,90,48,42
Ðeep,archimonde,1700,priest,discipline,48,23,25
Roxeal,archimonde,1699,priest,discipline,210,115,95
Nadoreille,hyjal,1699,priest,discipline,380,193,187
Sîena,ravencrest,1698,priest,discipline,36,27,9
Limeslayerx,veklor,1698,priest,discipline,72,45,27
Ðarkan,kaelthas,1698,priest,discipline,144,82,62
Holycrapx,chromaggus,1698,priest,discipline,237,127,110
Shieldyman,silvermoon,1698,priest,discipline,48,25,23
Naphell,outland,1698,priest,discipline,162,83,79
Закс,blackscar,1698,priest,discipline,48,22,26
Kevokko,silvermoon,1698,priest,discipline,60,25,35
Jumby,outland,1697,priest,discipline,46,24,22
Devoura,sylvanas,1697,priest,discipline,60,26,34
Døppëlápfèl,tarren-mill,1696,priest,discipline,30,20,10
Jallahrud,stormscale,1696,priest,discipline,81,45,36
Kahir,ravencrest,1696,priest,discipline,98,52,46
Mitas,ravencrest,1696,priest,discipline,59,29,30
Kolinamenuss,dun-morogh,1696,priest,discipline,60,27,33
Cptisus,draenor,1696,priest,discipline,72,31,41
Mixoo,throkferoth,1696,priest,discipline,95,40,55
Emopunkgodx,draenor,1695,priest,discipline,154,92,62
Lyllirock,varimathras,1695,priest,discipline,42,22,20
Fizzy,arthas,1695,priest,discipline,82,42,40
Swdommeil,aegwynn,1695,priest,discipline,48,24,24
Mcdeady,tarren-mill,1695,priest,discipline,72,34,38
Swiftdemise,sylvanas,1695,priest,discipline,232,106,126
Эвэргарден,eversong,1695,priest,discipline,108,45,63
Mtbalt,tarren-mill,1694,priest,discipline,156,95,61
Uo,kilrogg,1694,priest,discipline,147,81,66
Angrypiex,stormscale,1694,priest,discipline,83,38,45
Arlekin,ravencrest,1693,priest,discipline,114,70,44
Rixfoulah,ysondre,1693,priest,discipline,36,18,18
Scarified,aggramar,1693,priest,discipline,78,38,40
Samaya,blackrock,1693,priest,discipline,147,68,79
Lótus,outland,1693,priest,discipline,98,42,56
Kavrack,dalaran,1692,priest,discipline,41,22,19
Såra,ravencrest,1692,priest,discipline,146,74,72
Pierrebourne,blackmoore,1692,priest,discipline,48,23,25
Rytmusqt,outland,1692,priest,discipline,96,45,51
Owrly,bladefist,1691,priest,discipline,196,94,102
Hadis,tarren-mill,1691,priest,discipline,114,53,61
Nidetha,draenor,1691,priest,discipline,42,18,24
Hannirï,archimonde,1690,priest,discipline,112,72,40
Klugzy,silvermoon,1690,priest,discipline,167,72,95
Шестьнадцать,gordunni,1689,priest,discipline,107,60,47
Аая,blackscar,1689,priest,discipline,144,76,68
Enteja,outland,1689,priest,discipline,1069,535,534
Exola,outland,1689,priest,discipline,42,21,21
Pixe,argent-dawn,1689,priest,discipline,66,27,39
Биркох,blackscar,1688,priest,discipline,107,73,34
Eagrh,ravencrest,1688,priest,discipline,328,185,143
Wérrýxs,kazzak,1688,priest,discipline,148,83,65
Афганский,gordunni,1688,priest,discipline,46,24,22
Abudhabi,blackhand,1688,priest,discipline,460,232,228
Tryhàrdx,stormscale,1688,priest,discipline,66,30,36
Wonderdispel,ragnaros,1688,priest,discipline,95,41,54
Voidbone,stormscale,1687,priest,discipline,42,22,20
Rickerstrike,stormscale,1687,priest,discipline,161,79,82
Smilézz,eredar,1687,priest,discipline,207,101,106
Berseenreikä,the-venture-co,1687,priest,discipline,60,29,31
Sheeash,kazzak,1687,priest,discipline,66,31,35
Шаастраха,gordunni,1687,priest,discipline,121,56,65
Tygstycke,tarren-mill,1686,priest,discipline,42,26,16
Dorkama,silvermoon,1686,priest,discipline,30,18,12
Lesse,ravencrest,1686,priest,discipline,42,22,20
Dispelgodxx,eredar,1686,priest,discipline,60,27,33
Kirchnsteuer,ravencrest,1685,priest,discipline,63,36,27
Pflanzenmann,nozdormu,1685,priest,discipline,72,40,32
Pstech,ravencrest,1685,priest,discipline,69,38,31
Verweven,twisting-nether,1685,priest,discipline,89,47,42
Pieceoftrash,stormscale,1685,priest,discipline,167,86,81
Akzar,blackrock,1684,priest,discipline,552,278,274
Virdeo,aegwynn,1684,priest,discipline,60,30,30
Mantra,blackmoore,1684,priest,discipline,294,146,148
Ostrogami,silvermoon,1684,priest,discipline,675,326,349
Drlight,stormscale,1683,priest,discipline,71,43,28
Zzbleh,stormscale,1683,priest,discipline,96,53,43
Carnegi,burning-legion,1683,priest,discipline,242,124,118
Barackomana,blackrock,1683,priest,discipline,120,56,64
Oscoolytb,archimonde,1683,priest,discipline,138,63,75
Aerael,auchindoun,1682,priest,discipline,36,22,14
Yassjr,archimonde,1682,priest,discipline,62,35,27
Doorix,nethersturm,1682,priest,discipline,74,34,40
Eitukaeitai,outland,1682,priest,discipline,48,22,26
Midzoado,ragnaros,1682,priest,discipline,101,45,56
Prc,stormscale,1681,priest,discipline,60,41,19
Bengtas,ravencrest,1681,priest,discipline,269,131,138
Kaleycuoco,blackrock,1681,priest,discipline,114,55,59
Jumpàxx,archimonde,1681,priest,discipline,48,22,26
Deathgodx,archimonde,1680,priest,discipline,154,85,69
Артжрец,soulflayer,1680,priest,discipline,82,45,37
Ripperdepip,magtheridon,1680,priest,discipline,380,208,172
Nexìan,ravencrest,1680,priest,discipline,60,32,28
Veryfine,draenor,1680,priest,discipline,148,75,73
Fancytrash,ravencrest,1679,priest,discipline,169,83,86
ßrûm,archimonde,1679,priest,discipline,48,23,25
Ruckusxz,ravencrest,1678,priest,discipline,41,23,18
Thiela,ravencrest,1678,priest,discipline,68,36,32
Арейша,gordunni,1678,priest,discipline,41,21,20
Capslk,ravencrest,1678,priest,discipline,42,18,24
Zthul,draenor,1677,priest,discipline,68,40,28
Майти,gordunni,1677,priest,discipline,177,100,77
Randmbare,nemesis,1677,priest,discipline,42,23,19
Rmt,darksorrow,1677,priest,discipline,72,38,34
Clownspec,twisting-nether,1676,priest,discipline,54,26,28
Holytopp,aegwynn,1675,priest,discipline,42,25,17
Glyss,draenor,1675,priest,discipline,72,40,32
Dállas,ravencrest,1675,priest,discipline,78,43,35
Winnever,dun-modr,1675,priest,discipline,397,218,179
Iirina,draenor,1675,priest,discipline,42,22,20
Raesd,argent-dawn,1675,priest,discipline,106,55,51
Zwu,antonidas,1675,priest,discipline,82,42,40
Gobblestick,draenor,1675,priest,discipline,107,52,55
Apuessii,dun-modr,1675,priest,discipline,83,36,47
Meltmvp,thrall,1674,priest,discipline,66,33,33
Zýgzäg,hyjal,1674,priest,discipline,226,111,115
Tassivemits,sylvanas,1674,priest,discipline,42,20,22
Geforcès,archimonde,1674,priest,discipline,113,45,68
Forcedtoheal,sylvanas,1673,priest,discipline,85,51,34
Insânity,kazzak,1673,priest,discipline,36,20,16
Awcute,kazzak,1673,priest,discipline,370,181,189
Dreythan,alakir,1673,priest,discipline,54,26,28
Saturno,chogall,1673,priest,discipline,84,40,44
Splís,ravencrest,1673,priest,discipline,75,30,45
Lasyran,outland,1673,priest,discipline,53,21,32
Ggbenis,ragnaros,1672,priest,discipline,42,23,19
Babywayn,onyxia,1672,priest,discipline,230,125,105
Возрождающее,soulflayer,1672,priest,discipline,329,174,155
Onaltnoqs,silvermoon,1672,priest,discipline,70,36,34
Chabih,ravencrest,1672,priest,discipline,78,34,44
Jasty,nemesis,1672,priest,discipline,59,23,36
Ticklypriest,outland,1671,priest,discipline,48,30,18
Byef,kazzak,1671,priest,discipline,56,31,25
Purplex,aggra-português,1671,priest,discipline,54,29,25
Ascendedpwnz,silvermoon,1671,priest,discipline,141,72,69
Voleck,aegwynn,1671,priest,discipline,48,23,25
Gòldfinger,norgannon,1671,priest,discipline,198,93,105
Owpex,outland,1670,priest,discipline,36,22,14
Dêrbómbêr,guldan,1670,priest,discipline,96,54,42
Swoptoplong,blackhand,1670,priest,discipline,503,263,240
Ronlimonkek,dun-modr,1670,priest,discipline,164,82,82
Сосиска,deathguard,1670,priest,discipline,41,20,21
Wikpriest,ravencrest,1670,priest,discipline,88,41,47
Littlehelper,shendralar,1669,priest,discipline,81,41,40
Discipleotl,stormscale,1668,priest,discipline,119,76,43
Corrâ,aegwynn,1668,priest,discipline,42,24,18
Anbish,burning-legion,1668,priest,discipline,212,119,93
Шмэтар,gordunni,1668,priest,discipline,96,53,43
Wencis,kazzak,1668,priest,discipline,114,61,53
Títarie,aegwynn,1668,priest,discipline,42,22,20
Bilbobanging,aggramar,1668,priest,discipline,60,30,30
Xzep,archimonde,1668,priest,discipline,458,227,231
Машура,grom,1668,priest,discipline,48,22,26
Devastris,ravencrest,1668,priest,discipline,102,43,59
Kâîri,ragnaros,1667,priest,discipline,33,24,9
Qtdorr,ravencrest,1667,priest,discipline,118,72,46
Noodlesoup,daggerspine,1667,priest,discipline,254,142,112
Ecg,silvermoon,1667,priest,discipline,72,35,37
Toxp,kazzak,1667,priest,discipline,178,85,93
Aòo,twisting-nether,1667,priest,discipline,103,49,54
Louiepr,outland,1667,priest,discipline,60,26,34
Romei,tarren-mill,1667,priest,discipline,42,18,24
Cylantharia,eredar,1666,priest,discipline,159,84,75
Ew,shattered-halls,1666,priest,discipline,64,29,35
Matmonp,hyjal,1666,priest,discipline,59,25,34
Trntypr,senjin,1665,priest,discipline,84,48,36
Isuckpriest,aegwynn,1665,priest,discipline,162,83,79
Obbdasknob,ravencrest,1665,priest,discipline,100,51,49
Kryzenn,hyjal,1665,priest,discipline,95,44,51
Frígídhealz,outland,1665,priest,discipline,48,20,28
Skyfish,archimonde,1664,priest,discipline,32,21,11
Kintsugí,ragnaros,1664,priest,discipline,60,39,21
Gehrketwo,silvermoon,1664,priest,discipline,42,24,18
Faenei,draenor,1664,priest,discipline,48,23,25
Deazypriest,blackrock,1664,priest,discipline,48,22,26
Alessana,antonidas,1663,priest,discipline,53,31,22
Kijhun,uldaman,1663,priest,discipline,78,41,37
Luckystar,grim-batol,1663,priest,discipline,153,78,75
Nimb,blackrock,1663,priest,discipline,78,37,41
Elsieexø,ravencrest,1663,priest,discipline,102,47,55
Alahkazam,alakir,1663,priest,discipline,56,24,32
Mautijr,blackrock,1662,priest,discipline,325,175,150
Quïzzler,ragnaros,1662,priest,discipline,77,40,37
Gravebrain,draenor,1662,priest,discipline,375,190,185
Enzysama,sanguino,1662,priest,discipline,91,45,46
Ислейн,howling-fjord,1662,priest,discipline,59,24,35
Twirlylocks,emerald-dream,1662,priest,discipline,47,18,29
Flurri,tarren-mill,1661,priest,discipline,190,108,82
Yûnalescá,blackmoore,1661,priest,discipline,88,48,40
Сонясоукьют,gordunni,1661,priest,discipline,60,28,32
Xaeroow,archimonde,1660,priest,discipline,61,34,27
Alesthion,silvermoon,1660,priest,discipline,170,93,77
Ranevskiy,kazzak,1660,priest,discipline,251,131,120
Dnsxx,thrall,1660,priest,discipline,1087,555,532
Фокусшвд,soulflayer,1660,priest,discipline,180,90,90
Alicewhydel,blackhand,1660,priest,discipline,52,25,27
Ahun,taerar,1660,priest,discipline,54,25,29
Алеброн,gordunni,1660,priest,discipline,54,25,29
Nihpolz,ragnaros,1659,priest,discipline,122,67,55
Solaçe,antonidas,1659,priest,discipline,90,49,41
Vardogz,tirion,1659,priest,discipline,251,124,127
Aloegarten,ravencrest,1659,priest,discipline,101,48,53
Lilypalmer,stormscale,1659,priest,discipline,102,48,54
Sills,twisting-nether,1659,priest,discipline,82,38,44
Touddixz,blackrock,1658,priest,discipline,59,35,24
Finalprayer,silvermoon,1658,priest,discipline,149,87,62
Athelsta,alleria,1658,priest,discipline,93,51,42
Ømñyx,outland,1658,priest,discipline,48,24,24
Hinorist,kazzak,1658,priest,discipline,208,99,109
Floorpovx,blackmoore,1657,priest,discipline,42,25,17
Krottus,antonidas,1657,priest,discipline,53,28,25
Twosugars,sylvanas,1657,priest,discipline,180,95,85
Krokkete,archimonde,1657,priest,discipline,36,19,17
Wraithtrippz,stormscale,1657,priest,discipline,234,118,116
Coqa,blackrock,1657,priest,discipline,60,29,31
Mystz,dun-modr,1657,priest,discipline,75,36,39
Djokui,uldum,1657,priest,discipline,54,22,32
Nyrziâ,archimonde,1656,priest,discipline,36,23,13
Judine,kazzak,1656,priest,discipline,35,21,14
Atothéèx,outland,1656,priest,discipline,95,51,44
Mald,ravencrest,1656,priest,discipline,108,57,51
Feniyxa,die-aldor,1656,priest,discipline,42,22,20
Violentha,kazzak,1656,priest,discipline,232,118,114
Dimsan,aegwynn,1656,priest,discipline,52,21,31
Strawhât,eredar,1655,priest,discipline,65,38,27
Kolinamenus,dun-morogh,1655,priest,discipline,177,92,85
Azrella,ravencrest,1655,priest,discipline,66,33,33
Gurgaue,argent-dawn,1655,priest,discipline,94,42,52
Migaz,runetotem,1654,priest,discipline,163,96,67
Gepeitschter,frostwolf,1654,priest,discipline,322,167,155
Beabanane,aegwynn,1654,priest,discipline,203,104,99
Aurorä,burning-legion,1654,priest,discipline,54,27,27
Arythc,ahnqiraj,1654,priest,discipline,42,20,22
Prästmåns,tarren-mill,1654,priest,discipline,102,48,54
Yzina,archimonde,1654,priest,discipline,102,46,56
Euthenia,twilights-hammer,1653,priest,discipline,30,19,11
Kavrack,sargeras,1653,priest,discipline,42,22,20
Lowery,argent-dawn,1653,priest,discipline,48,22,26
Sutenör,kazzak,1653,priest,discipline,162,69,93
Alusiepriest,ravencrest,1652,priest,discipline,175,106,69
Азмоддан,azuregos,1652,priest,discipline,215,103,112
Ðiiez,ysondre,1652,priest,discipline,85,40,45
Blackbertha,ravencrest,1652,priest,discipline,144,66,78
Pouffi,garona,1651,priest,discipline,30,18,12
Rylpriest,blackmoore,1651,priest,discipline,61,36,25
Danina,outland,1651,priest,discipline,76,44,32
Мэдсанван,howling-fjord,1651,priest,discipline,318,171,147
Kyderr,blackrock,1651,priest,discipline,120,63,57
Оналкин,gordunni,1651,priest,discipline,48,25,23
Covidisc,outland,1651,priest,discipline,78,33,45
Danucd,ragnaros,1650,priest,discipline,206,124,82
Неох,gordunni,1650,priest,discipline,54,29,25
Анклфрост,gordunni,1650,priest,discipline,54,24,30
Bochonok,stormrage,1650,priest,discipline,54,23,31
Neverlandx,bladefist,1649,priest,discipline,94,52,42
Dathanosp,outland,1649,priest,discipline,48,25,23
Deliriumxd,ravencrest,1649,priest,discipline,50,24,26
Rhæveth,ravencrest,1648,priest,discipline,48,31,17
Reäzx,archimonde,1648,priest,discipline,126,78,48
Chèéks,kazzak,1648,priest,discipline,72,43,29
Babybelle,arakarahm,1648,priest,discipline,67,37,30
Joeelz,blackmoore,1647,priest,discipline,36,25,11
Ðæððÿsgïrl,ravencrest,1647,priest,discipline,171,89,82
Lauriinda,culte-de-la-rive-noire,1647,priest,discipline,323,166,157
Shadowlander,dun-modr,1647,priest,discipline,111,57,54
Выдокбля,soulflayer,1646,priest,discipline,58,41,17
Følísh,hyjal,1646,priest,discipline,54,38,16
Tøxicboy,ravencrest,1646,priest,discipline,89,48,41
Eluveitieq,kazzak,1645,priest,discipline,214,112,102
Mythrixia,draenor,1645,priest,discipline,132,69,63
Qpapi,quelthalas,1645,priest,discipline,36,18,18
Мастди,ashenvale,1645,priest,discipline,47,23,24
Mysticmäc,aegwynn,1645,priest,discipline,72,35,37
Zyrean,bronzebeard,1645,priest,discipline,52,25,27
Aureliones,drakthul,1644,priest,discipline,48,35,13
Gødisc,blackrock,1644,priest,discipline,36,23,13
Dealtime,ysondre,1644,priest,discipline,43,24,19
Malapriest,dalaran,1644,priest,discipline,102,56,46
Feedergodx,dun-modr,1644,priest,discipline,42,21,21
Рнкх,lich-king,1644,priest,discipline,52,23,29
Patriamore,jaedenar,1644,priest,discipline,106,46,60
Discxqt,ysondre,1643,priest,discipline,86,54,32
Aphroditê,blackrock,1643,priest,discipline,46,26,20
Doyun,kazzak,1643,priest,discipline,78,40,38
Эридия,soulflayer,1643,priest,discipline,84,43,41
Hwren,auchindoun,1643,priest,discipline,158,72,86
Muradawg,nemesis,1643,priest,discipline,53,23,30
Discmoo,kazzak,1642,priest,discipline,32,22,10
Japral,blackhand,1642,priest,discipline,48,31,17
Holyasprin,sylvanas,1642,priest,discipline,96,52,44
Okeymokey,malganis,1642,priest,discipline,226,122,104
Нед,greymane,1642,priest,discipline,297,160,137
Wawreks,drakthul,1642,priest,discipline,47,25,22
Hâlez,antonidas,1642,priest,discipline,434,226,208
Cinnamoroll,ravencrest,1642,priest,discipline,54,26,28
Fricia,zuljin,1641,priest,discipline,88,50,38
Kuqezi,archimonde,1641,priest,discipline,96,53,43
Интенси,gordunni,1641,priest,discipline,278,141,137
Репабликуес,gordunni,1641,priest,discipline,36,18,18
Xtracheesy,ragnaros,1640,priest,discipline,72,45,27
Fluvnidi,ravencrest,1640,priest,discipline,66,38,28
Prästbaazil,ragnaros,1640,priest,discipline,72,40,32
Cvp,twisting-nether,1640,priest,discipline,54,22,32
Pentøs,archimonde,1639,priest,discipline,32,18,14
Пустотность,gordunni,1639,priest,discipline,453,222,231
Xaerroow,archimonde,1638,priest,discipline,70,42,28
Hrtbrxkn,ravencrest,1638,priest,discipline,82,47,35
Vigodis,alleria,1638,priest,discipline,150,83,67
Slimcharles,ravencrest,1638,priest,discipline,219,116,103
Крэкслингер,howling-fjord,1638,priest,discipline,112,59,53
Skynoxx,ragnaros,1638,priest,discipline,138,71,67
Dîablø,eredar,1638,priest,discipline,141,72,69
Eliverax,outland,1638,priest,discipline,122,58,64
Ltrxo,twisting-nether,1637,priest,discipline,59,40,19
Zanshin,ravencrest,1637,priest,discipline,29,18,11
Лилтёрти,soulflayer,1637,priest,discipline,42,24,18
Ðês,ravencrest,1637,priest,discipline,196,93,103
Schlämpie,blackmoore,1637,priest,discipline,73,32,41
Pewpewpew,krasus,1636,priest,discipline,127,73,54
Priestqt,kelthuzad,1636,priest,discipline,63,36,27
Aéríthx,ravencrest,1636,priest,discipline,243,129,114
Voidtouched,drakthul,1636,priest,discipline,41,21,20
Hodgins,bloodscalp,1636,priest,discipline,88,45,43
Ванальная,soulflayer,1636,priest,discipline,42,21,21
Milania,ravencrest,1636,priest,discipline,118,57,61
Légít,argent-dawn,1636,priest,discipline,132,60,72
Pipperxp,ravencrest,1635,priest,discipline,56,38,18
Paìnz,blackhand,1635,priest,discipline,110,67,43
Saturnqt,archimonde,1635,priest,discipline,30,18,12
Systerstål,twisting-nether,1635,priest,discipline,148,84,64
Shadowzrip,twilights-hammer,1635,priest,discipline,36,19,17
Izanamì,ragnaros,1635,priest,discipline,47,23,24
Pestmorran,sylvanas,1635,priest,discipline,449,217,232
Krystynal,archimonde,1635,priest,discipline,83,40,43
Кхарли,howling-fjord,1635,priest,discipline,66,31,35
Balboa,archimonde,1634,priest,discipline,30,18,12
Freddyprinze,ravencrest,1634,priest,discipline,99,54,45
Xxoo,antonidas,1634,priest,discipline,41,22,19
Jhaazx,nemesis,1633,priest,discipline,272,144,128
Eyecry,sylvanas,1633,priest,discipline,93,49,44
Nooway,kazzak,1633,priest,discipline,132,67,65
Giggí,malganis,1633,priest,discipline,95,48,47
Anzee,tarren-mill,1633,priest,discipline,72,35,37
Shadowfishey,grim-batol,1633,priest,discipline,88,40,48
Yameru,stormreaver,1633,priest,discipline,60,22,38
Misántropo,dun-modr,1632,priest,discipline,59,38,21
Sebikpri,ravencrest,1632,priest,discipline,90,51,39
Lilyrosemary,arathor,1632,priest,discipline,55,29,26
Симпоз,howling-fjord,1632,priest,discipline,92,44,48
Yungmazikeen,archimonde,1631,priest,discipline,24,17,7
Ñíò,archimonde,1631,priest,discipline,54,30,24
Alinone,uldum,1631,priest,discipline,135,74,61
Deki,outland,1631,priest,discipline,108,57,51
Aurosa,argent-dawn,1631,priest,discipline,129,68,61
Supfamskrrt,stormscale,1631,priest,discipline,84,43,41
Nercøtic,antonidas,1631,priest,discipline,69,34,35
Сатанчикгод,howling-fjord,1631,priest,discipline,53,26,27
Tori,marécage-de-zangar,1630,priest,discipline,38,23,15
Freezeage,stormscale,1630,priest,discipline,48,29,19
Türsteherxxl,mannoroth,1630,priest,discipline,84,45,39
Kaelena,steamwheedle-cartel,1630,priest,discipline,42,21,21
Choron,kult-der-verdammten,1630,priest,discipline,113,53,60
Burnesenbois,chogall,1630,priest,discipline,47,18,29
Babydark,ravencrest,1629,priest,discipline,24,17,7
Лютаяшиза,gordunni,1629,priest,discipline,83,51,32
Blaelel,dun-modr,1629,priest,discipline,54,32,22
Eördög,ragnaros,1629,priest,discipline,108,63,45
Hamati,blackhand,1629,priest,discipline,222,119,103
Cadierna,argent-dawn,1629,priest,discipline,60,28,32
Frojka,outland,1629,priest,discipline,42,19,23
Salvatíon,sanguino,1629,priest,discipline,272,122,150
Superdude,stormscale,1629,priest,discipline,59,26,33
Hialdo,bladefist,1629,priest,discipline,60,24,36
Satzuki,sylvanas,1628,priest,discipline,39,24,15
Fkitweball,argent-dawn,1628,priest,discipline,30,17,13
Schwypsvnr,garona,1628,priest,discipline,30,17,13
Dreifearfünf,arygos,1628,priest,discipline,108,59,49
Bænzoni,pozzo-delleternità,1628,priest,discipline,62,28,34
Leviakerman,blackrock,1628,priest,discipline,42,18,24
Galadríel,malganis,1627,priest,discipline,65,39,26
Bambus,shattered-hand,1627,priest,discipline,48,28,20
Grêy,dun-modr,1627,priest,discipline,98,54,44
Pokahonta,silvermoon,1627,priest,discipline,279,144,135
Krazuk,theradras,1627,priest,discipline,54,27,27
Drë,daggerspine,1627,priest,discipline,94,46,48
Kaiikoo,ravencrest,1627,priest,discipline,36,17,19
Ankus,tarren-mill,1627,priest,discipline,72,33,39
Aleluia,alonsus,1627,priest,discipline,99,43,56
Misspingle,sunstrider,1626,priest,discipline,42,28,14
Ðæthshaðow,dalaran,1626,priest,discipline,41,26,15
Epa,zuljin,1626,priest,discipline,54,32,22
Sosabgd,azjolnerub,1626,priest,discipline,78,42,36
Inoru,stormreaver,1626,priest,discipline,198,104,94
Хомие,soulflayer,1626,priest,discipline,85,44,41
Demora,ysondre,1626,priest,discipline,281,132,149
Asherá,kazzak,1626,priest,discipline,118,54,64
Seanoob,turalyon,1626,priest,discipline,43,18,25
Chrïskz,archimonde,1626,priest,discipline,66,23,43
Jesslol,archimonde,1625,priest,discipline,34,20,14
Asgà,stormscale,1625,priest,discipline,30,17,13
Valadaris,outland,1625,priest,discipline,140,73,67
Voided,nemesis,1625,priest,discipline,78,40,38
Morgíon,azshara,1624,priest,discipline,30,24,6
Fearadelia,thrall,1624,priest,discipline,48,31,17
Labadudala,aegwynn,1624,priest,discipline,84,54,30
Papkalácss,hellfire,1624,priest,discipline,44,28,16
Estelle,silvermoon,1624,priest,discipline,90,56,34
Артекриожрец,gordunni,1624,priest,discipline,36,21,15
Slovak,stormscale,1624,priest,discipline,30,17,13
Garsdal,tarren-mill,1624,priest,discipline,78,43,35
Syntara,twisting-nether,1624,priest,discipline,466,242,224
Darktheu,sanguino,1624,priest,discipline,39,20,19
Remkojatwo,blackrock,1624,priest,discipline,42,21,21
Lindvorm,tarren-mill,1624,priest,discipline,180,89,91
Farae,arathor,1624,priest,discipline,44,19,25
Elfarity,tarren-mill,1623,priest,discipline,69,44,25
Artist,outland,1623,priest,discipline,30,17,13
Franciscus,bladefist,1623,priest,discipline,54,29,25
Kedrack,draenor,1623,priest,discipline,78,41,37
Meganx,ravencrest,1623,priest,discipline,48,25,23
Yîrâ,antonidas,1623,priest,discipline,227,114,113
Cnqx,archimonde,1623,priest,discipline,48,21,27
Nelielto,stormscale,1622,priest,discipline,28,21,7
Djleffe,stormscale,1622,priest,discipline,39,23,16
Mnu,blackrock,1622,priest,discipline,52,30,22
Lerión,ravencrest,1622,priest,discipline,108,62,46
Feed,burning-legion,1622,priest,discipline,84,45,39
Кролс,gordunni,1622,priest,discipline,42,22,20
Waffur,twisting-nether,1622,priest,discipline,47,23,24
Dreythan,stormrage,1622,priest,discipline,85,40,45
Fiskpung,draenor,1621,priest,discipline,66,43,23
Eyesønyou,nemesis,1621,priest,discipline,33,19,14
Árî,dun-modr,1621,priest,discipline,168,95,73
Sicarium,aegwynn,1621,priest,discipline,102,56,46
Artì,kazzak,1621,priest,discipline,245,119,126
Mainhunter,aegwynn,1621,priest,discipline,36,17,19
Sotriggered,sylvanas,1621,priest,discipline,36,17,19
Nàlak,archimonde,1621,priest,discipline,76,35,41
Mindfiend,stormscale,1621,priest,discipline,81,37,44
Dêmôn,stormscale,1620,priest,discipline,24,17,7
Mønsterx,kazzak,1620,priest,discipline,70,40,30
Fatyoyo,frostwolf,1620,priest,discipline,30,17,13
Zlejkadlec,drakthul,1620,priest,discipline,214,118,96
Bercxu,ragnaros,1620,priest,discipline,126,66,60
Optiprime,ravencrest,1620,priest,discipline,42,20,22
Dìsclol,draenor,1620,priest,discipline,61,29,32
Soloqbob,kazzak,1620,priest,discipline,48,22,26
Rxquiem,archimonde,1620,priest,discipline,48,20,28
Wifta,ravencrest,1619,priest,discipline,54,30,24
Roxxes,kazzak,1619,priest,discipline,42,23,19
Szelén,ragnaros,1619,priest,discipline,54,29,25
Naripriest,eredar,1619,priest,discipline,48,22,26
Yoii,nemesis,1618,priest,discipline,64,38,26
Waina,defias-brotherhood,1618,priest,discipline,325,172,153
Soraal,argent-dawn,1618,priest,discipline,109,57,52
Deathblind,blackmoore,1618,priest,discipline,36,17,19
Фриерли,howling-fjord,1617,priest,discipline,54,38,16
Prost,aerie-peak,1617,priest,discipline,71,47,24
Fartsponge,ragnaros,1617,priest,discipline,67,38,29
Grzmocillaa,burning-legion,1617,priest,discipline,66,36,30
Tepevelf,dun-modr,1617,priest,discipline,384,186,198
Touchmypink,ragnaros,1617,priest,discipline,310,141,169
Mikeypi,laughing-skull,1616,priest,discipline,36,25,11
Lymhk,blackrock,1616,priest,discipline,60,28,32
Keryin,draenor,1616,priest,discipline,219,97,122
Binder,tarren-mill,1616,priest,discipline,60,26,34
Èightsix,draenor,1615,priest,discipline,161,88,73
Piperxp,ravencrest,1615,priest,discipline,72,38,34
Shallteár,doomhammer,1615,priest,discipline,246,122,124
Jmp,tarren-mill,1614,priest,discipline,40,21,19
Shyria,argent-dawn,1614,priest,discipline,97,50,47
Targolina,argent-dawn,1614,priest,discipline,742,377,365
Feardotexe,frostwolf,1614,priest,discipline,163,82,81
Cøvu,draenor,1613,priest,discipline,39,25,14
Микаса,howling-fjord,1613,priest,discipline,30,17,13
Appuesi,dun-modr,1613,priest,discipline,30,17,13
Jp,gorgonnash,1613,priest,discipline,42,21,21
Pollution,ragnaros,1613,priest,discipline,36,18,18
Nwo,twisting-nether,1612,priest,discipline,36,23,13
Jagersmite,twisting-nether,1612,priest,discipline,257,145,112
Garbins,stormscale,1612,priest,discipline,47,26,21
Yuuvi,ravencrest,1612,priest,discipline,246,134,112
Nêlumar,aegwynn,1612,priest,discipline,93,50,43
Soraløl,stormscale,1612,priest,discipline,112,60,52
Seranà,hyjal,1612,priest,discipline,108,55,53
Znàdix,silvermoon,1612,priest,discipline,276,140,136
Raawri,blackmoore,1612,priest,discipline,101,50,51
Dubai,silvermoon,1612,priest,discipline,48,17,31
Matwucss,outland,1611,priest,discipline,48,28,20
Yadif,tarren-mill,1611,priest,discipline,30,17,13
Shadowboness,twisting-nether,1611,priest,discipline,58,31,27
Aestina,silvermoon,1611,priest,discipline,143,74,69
Диспайзх,gordunni,1611,priest,discipline,204,97,107
Judgementdaý,kazzak,1610,priest,discipline,30,20,10
Менестрели,gordunni,1610,priest,discipline,321,179,142
Pshan,blackmoore,1610,priest,discipline,278,142,136
Shadowbread,tarren-mill,1610,priest,discipline,132,67,65
Jibrael,draenor,1610,priest,discipline,84,40,44
Ivÿx,ravencrest,1610,priest,discipline,113,52,61
Zaak,kazzak,1610,priest,discipline,117,52,65
Viu,eredar,1610,priest,discipline,51,22,29
Zarez,stormscale,1610,priest,discipline,65,26,39
Ptipotam,archimonde,1610,priest,discipline,84,31,53
Holyshiz,stormrage,1609,priest,discipline,42,24,18
Kdot,drakthul,1609,priest,discipline,86,48,38
Vregoa,twisting-nether,1609,priest,discipline,89,49,40
Fazzy,nagrand,1609,priest,discipline,76,41,35
Egî,lothar,1609,priest,discipline,42,21,21
Fishler,tarren-mill,1609,priest,discipline,58,28,30
Sørcedote,dun-modr,1609,priest,discipline,48,20,28
Patoon,ravencrest,1608,priest,discipline,24,18,6
Numi,blackmoore,1608,priest,discipline,175,103,72
Massbimba,tarren-mill,1608,priest,discipline,408,215,193
Dotreveal,ravencrest,1608,priest,discipline,113,58,55
Naomirussell,sylvanas,1608,priest,discipline,36,18,18
Vhim,hyjal,1608,priest,discipline,58,28,30
Botstyleswdx,ravencrest,1608,priest,discipline,282,136,146
Redempt,nemesis,1608,priest,discipline,41,18,23
Fakecats,sargeras,1608,priest,discipline,51,22,29
Monataamis,kazzak,1608,priest,discipline,47,20,27
Reign,ragnaros,1608,priest,discipline,42,17,25
Shockpriest,grim-batol,1608,priest,discipline,48,19,29
Biscuits,ravencrest,1608,priest,discipline,114,44,70
Pohja,veknilash,1607,priest,discipline,30,20,10
Unsáinted,stormscale,1607,priest,discipline,54,35,19
Mightnáre,tarren-mill,1607,priest,discipline,36,21,15
Zehakky,tarren-mill,1607,priest,discipline,151,85,66
Eîkro,blackmoore,1607,priest,discipline,54,30,24
Evõmax,sylvanas,1607,priest,discipline,533,276,257
Рувид,gordunni,1607,priest,discipline,66,33,33
Zloyvrach,ravencrest,1607,priest,discipline,126,60,66
Yeahr,kazzak,1607,priest,discipline,153,65,88
Absôlutvôdka,twisting-nether,1606,priest,discipline,90,49,41
Towelie,stormscale,1606,priest,discipline,96,48,48
Pepeflex,draenor,1606,priest,discipline,197,96,101
Stampo,draenor,1606,priest,discipline,75,35,40
Deicidex,blackrock,1606,priest,discipline,48,19,29
Dtpe,kazzak,1605,priest,discipline,93,59,34
Thejambura,ragnaros,1605,priest,discipline,140,83,57
Jupiter,silvermoon,1605,priest,discipline,340,179,161
Valnor,pozzo-delleternità,1605,priest,discipline,63,33,30
Nerfpriest,tarren-mill,1605,priest,discipline,289,147,142
Хербоб,howling-fjord,1605,priest,discipline,256,128,128
Mjamc,stormscale,1605,priest,discipline,157,78,79
Nidrana,drakthul,1605,priest,discipline,84,41,43
Drwlad,archimonde,1605,priest,discipline,126,61,65
Tárget,frostwolf,1605,priest,discipline,48,22,26
Polymonkey,stormscale,1605,priest,discipline,47,18,29
Tritíana,blackrock,1604,priest,discipline,192,110,82
Neverswap,blackmoore,1604,priest,discipline,44,25,19
Horrðr,kazzak,1604,priest,discipline,114,61,53
Leictreach,draenor,1604,priest,discipline,42,22,20
Saénna,burning-legion,1604,priest,discipline,44,22,22
Lizka,kazzak,1604,priest,discipline,96,43,53
Ostberger,twisting-nether,1603,priest,discipline,227,130,97
Cainactor,drakthul,1603,priest,discipline,107,60,47
Acidpills,hyjal,1603,priest,discipline,118,64,54
Iløvelena,ravencrest,1603,priest,discipline,81,43,38
Амберис,gordunni,1603,priest,discipline,72,37,35
Lendoril,blackhand,1603,priest,discipline,118,59,59
Няжик,azuregos,1603,priest,discipline,78,39,39
Lerdameur,arakarahm,1603,priest,discipline,296,142,154
Troedelsuppe,destromath,1603,priest,discipline,282,130,152
Хилботгодикс,borean-tundra,1602,priest,discipline,42,32,10
Syniixp,aegwynn,1602,priest,discipline,30,20,10
Göblinpriest,the-maelstrom,1602,priest,discipline,57,33,24
Хеликси,gordunni,1602,priest,discipline,235,127,108
Tansk,stormscale,1602,priest,discipline,270,144,126
Mèix,ysondre,1602,priest,discipline,102,54,48
Cultaken,kazzak,1602,priest,discipline,94,48,46
Maryjanè,twisting-nether,1602,priest,discipline,53,26,27
Luziaa,outland,1602,priest,discipline,95,46,49
Kathja,outland,1602,priest,discipline,48,22,26
Flygar,outland,1602,priest,discipline,60,27,33
Aldebrand,dun-modr,1602,priest,discipline,72,29,43
Mástermínd,kazzak,1601,priest,discipline,81,52,29
Hannïri,archimonde,1601,priest,discipline,78,48,30
Jpjp,gorgonnash,1601,priest,discipline,108,66,42
Psíquica,sanguino,1601,priest,discipline,113,57,56
Wynda,outland,1601,priest,discipline,52,26,26
Makkesfil,stormscale,1601,priest,discipline,60,29,31
Gød,magtheridon,1601,priest,discipline,227,109,118
Smitebone,tarren-mill,1601,priest,discipline,90,40,50
Ironqt,malfurion,1601,priest,discipline,139,61,78
Lgbtgodx,archimonde,1600,priest,discipline,61,45,16
Kitågåwå,ravencrest,1600,priest,discipline,24,17,7
Ellfle,kazzak,1600,priest,discipline,42,26,16
Trì,thrall,1600,priest,discipline,35,20,15
Sinîra,frostwolf,1600,priest,discipline,110,59,51
Darkprist,sanguino,1600,priest,discipline,66,34,32
Старлайтх,gordunni,1600,priest,discipline,35,18,17
Tinypump,silvermoon,1600,priest,discipline,41,21,20
Shalvy,aegwynn,1600,priest,discipline,218,111,107
Xaey,ravencrest,1600,priest,discipline,246,124,122
Xangha,burning-legion,1600,priest,discipline,264,133,131
Wiwzi,outland,1600,priest,discipline,90,45,45
Mirupriest,sanguino,1600,priest,discipline,42,20,22
Foh,antonidas,1600,priest,discipline,36,17,19
Stepsisstuck,ragnaros,1600,priest,discipline,80,36,44
Nyxém,blackmoore,1600,priest,discipline,48,21,27
Shento,blackhand,1600,priest,discipline,48,21,27
Marícanqt,tarren-mill,1599,priest,discipline,30,23,7
Blindmymind,malganis,1599,priest,discipline,87,44,43
Terno,sylvanas,1599,priest,discipline,834,417,417
Nooblygaming,nemesis,1599,priest,discipline,106,52,54
Ahpøual,archimonde,1599,priest,discipline,186,90,96
Holyarnold,silvermoon,1599,priest,discipline,206,92,114
Norganp,die-aldor,1598,priest,discipline,124,64,60
Bebwaz,kazzak,1598,priest,discipline,183,94,89
Nocdsusage,draenor,1598,priest,discipline,238,117,121
Rher,blackmoore,1597,priest,discipline,103,63,40
Blackbox,burning-legion,1597,priest,discipline,268,134,134
Fatherlou,outland,1597,priest,discipline,48,24,24
Llamamepadre,dun-modr,1597,priest,discipline,90,44,46
Mohammedx,tarren-mill,1597,priest,discipline,131,59,72
Raffá,blackhand,1597,priest,discipline,98,43,55
Phucme,deathwing,1597,priest,discipline,60,24,36
Holineß,burning-blade,1596,priest,discipline,114,66,48
Shadowmend,aegwynn,1596,priest,discipline,59,32,27
Remlos,der-rat-von-dalaran,1596,priest,discipline,150,77,73
Баблби,soulflayer,1596,priest,discipline,169,73,96
Dush,draenor,1595,priest,discipline,56,31,25
Radiancekey,sanguino,1595,priest,discipline,48,24,24
Faintly,emeriss,1595,priest,discipline,48,23,25
Шимату,howling-fjord,1595,priest,discipline,101,44,57
Эскирия,gordunni,1595,priest,discipline,48,17,31
Spbosse,aszune,1594,priest,discipline,60,35,25
Макстин,howling-fjord,1594,priest,discipline,195,95,100
Haakon,tarren-mill,1593,priest,discipline,30,17,13
Санггвиний,soulflayer,1593,priest,discipline,222,117,105
Exoduz,stormscale,1593,priest,discipline,419,211,208
Øbz,sylvanas,1593,priest,discipline,78,34,44
Usee,kazzak,1592,priest,discipline,66,44,22
Серью,booty-bay,1592,priest,discipline,47,28,19
Whopzi,blackmoore,1592,priest,discipline,48,28,20
Badorange,kazzak,1592,priest,discipline,59,29,30
Cizer,kazzak,1592,priest,discipline,152,74,78
Réquell,twisting-nether,1591,priest,discipline,48,26,22
Verminous,ravencrest,1591,priest,discipline,87,47,40
Fatishcribe,twisting-nether,1591,priest,discipline,339,180,159
Hexonite,burning-legion,1591,priest,discipline,48,25,23
Ptrspriest,twisting-nether,1591,priest,discipline,250,123,127
Ijzerehenk,outland,1591,priest,discipline,209,98,111
Acidrops,hyjal,1591,priest,discipline,60,26,34
Sonics,antonidas,1590,priest,discipline,102,52,50
Tmnewho,outland,1590,priest,discipline,64,32,32
Träskfarfar,tarren-mill,1590,priest,discipline,48,24,24
Itsdiscobaby,auchindoun,1590,priest,discipline,112,51,61
Bromine,twisting-nether,1589,priest,discipline,57,41,16
Chîlliz,draenor,1589,priest,discipline,58,39,19
Burningheatx,kazzak,1589,priest,discipline,89,56,33
Waramoly,eredar,1589,priest,discipline,96,58,38
Nomorelight,stormscale,1589,priest,discipline,205,116,89
Vulreth,culte-de-la-rive-noire,1589,priest,discipline,36,20,16
Gnzysan,blackrock,1589,priest,discipline,96,53,43
Oecgreg,ysondre,1589,priest,discipline,82,44,38
Dayisha,argent-dawn,1589,priest,discipline,88,44,44
Tifa,ravencrest,1588,priest,discipline,133,74,59
Enimao,tarren-mill,1588,priest,discipline,105,56,49
Discgodx,ravencrest,1588,priest,discipline,168,88,80
Skycity,silvermoon,1588,priest,discipline,40,20,20
Anheduanna,outland,1588,priest,discipline,1423,707,716
Могулас,soulflayer,1587,priest,discipline,648,331,317
Vänskap,kazzak,1587,priest,discipline,132,65,67
Sicknp,sylvanas,1586,priest,discipline,54,26,28
Swkunz,dun-modr,1586,priest,discipline,209,95,114
Ralph,kazzak,1586,priest,discipline,48,20,28
Toba,hellscream,1585,priest,discipline,113,65,48
Sølvfox,stormscale,1585,priest,discipline,66,35,31
Srakabot,burning-legion,1585,priest,discipline,263,133,130
Gojó,outland,1585,priest,discipline,111,55,56
Føxy,emerald-dream,1584,priest,discipline,47,25,22
Copperpriest,draenor,1584,priest,discipline,80,41,39
Heilerharry,blackmoore,1583,priest,discipline,46,27,19
Sadkitten,sylvanas,1583,priest,discipline,355,197,158
Ilostmybible,runetotem,1583,priest,discipline,192,102,90
Ashuramaru,drakthul,1583,priest,discipline,65,32,33
Mommymilkrx,argent-dawn,1583,priest,discipline,590,287,303
Scarletstory,ravencrest,1583,priest,discipline,187,86,101
Соулвардинг,soulflayer,1583,priest,discipline,60,26,34
Logath,archimonde,1582,priest,discipline,30,17,13
Lekken,kazzak,1582,priest,discipline,69,36,33
Женяшилд,howling-fjord,1582,priest,discipline,306,158,148
Swdjack,blackrock,1582,priest,discipline,227,107,120
Тоориал,howling-fjord,1581,priest,discipline,192,95,97
Zofiiee,tarren-mill,1581,priest,discipline,104,50,54
Rmp,stormscale,1581,priest,discipline,63,23,40
Чилюнахиле,gordunni,1581,priest,discipline,71,23,48
Данягантеля,gordunni,1580,priest,discipline,84,45,39
Orophar,antonidas,1580,priest,discipline,391,202,189
Dunderprälle,outland,1580,priest,discipline,91,47,44
Tashziehn,blackrock,1580,priest,discipline,217,111,106
Priestlol,outland,1580,priest,discipline,199,101,98
Cptatonement,draenor,1580,priest,discipline,118,59,59
Estrecho,sanguino,1580,priest,discipline,53,26,27
Slikjar,stormscale,1580,priest,discipline,58,24,34
Rizzlerx,blackmoore,1579,priest,discipline,102,59,43
Colèy,blackhand,1579,priest,discipline,204,111,93
Uppiediscyo,ravencrest,1579,priest,discipline,664,337,327
Ínsäníty,outland,1578,priest,discipline,36,27,9
Melord,thunderhorn,1578,priest,discipline,84,45,39
Riptile,outland,1578,priest,discipline,70,33,37
Флафика,deathguard,1577,priest,discipline,84,48,36
Pøsæ,uldaman,1577,priest,discipline,53,29,24
Géèk,alakir,1577,priest,discipline,154,78,76
Bloodanglee,outland,1577,priest,discipline,66,33,33
Tâmshi,dun-modr,1577,priest,discipline,54,26,28
Maccz,hyjal,1577,priest,discipline,68,32,36
Jackboss,draenor,1577,priest,discipline,140,63,77
Selfcontrol,blackhand,1577,priest,discipline,60,23,37
Макимасама,gordunni,1576,priest,discipline,49,26,23
Péntagón,festung-der-stürme,1576,priest,discipline,72,35,37
Toiga,lightnings-blade,1575,priest,discipline,72,41,31
Шарадин,gordunni,1575,priest,discipline,169,95,74
Skyløl,dun-modr,1575,priest,discipline,36,19,17
Вилайф,galakrond,1575,priest,discipline,76,40,36
Angelofdeàth,kazzak,1574,priest,discipline,132,76,56
Jcnun,xavius,1574,priest,discipline,174,92,82
Olurin,rajaxx,1574,priest,discipline,90,36,54
Iiamx,antonidas,1573,priest,discipline,78,47,31
Grimdream,ragnaros,1573,priest,discipline,383,194,189
Aia,tyrande,1573,priest,discipline,88,41,47
Märlborö,aggra-português,1573,priest,discipline,161,72,89
Эззи,soulflayer,1573,priest,discipline,66,29,37
Biophyzix,aegwynn,1573,priest,discipline,41,18,23
Grishnat,ragnaros,1572,priest,discipline,36,21,15
Nyarlatothep,boulderfist,1572,priest,discipline,148,77,71
Мплехибои,gordunni,1572,priest,discipline,66,34,32
Gulch,blackmoore,1572,priest,discipline,96,49,47
Arkkupiispa,stormreaver,1572,priest,discipline,540,273,267
Floodey,defias-brotherhood,1572,priest,discipline,78,39,39
Phamy,antonidas,1572,priest,discipline,70,35,35
Fuzzybae,ravencrest,1572,priest,discipline,102,50,52
Anetalol,zuluhed,1571,priest,discipline,48,27,21
Acrio,die-ewige-wacht,1571,priest,discipline,78,39,39
Tiragosaure,arakarahm,1570,priest,discipline,90,46,44
Miikkap,blackhand,1570,priest,discipline,60,29,31
Bubbelchên,blackhand,1570,priest,discipline,72,32,40
Illiest,ravencrest,1569,priest,discipline,36,26,10
Bawsy,blackrock,1569,priest,discipline,100,63,37
Holysheett,magtheridon,1569,priest,discipline,102,58,44
Baksa,das-konsortium,1569,priest,discipline,53,30,23
Nightsøul,ragnaros,1569,priest,discipline,210,112,98
Hèmera,tichondrius,1568,priest,discipline,55,41,14
Nightreaver,argent-dawn,1568,priest,discipline,105,57,48
Máia,twisting-nether,1568,priest,discipline,41,18,23
Isweariheal,twisting-nether,1567,priest,discipline,76,44,32
Yënâs,hyjal,1567,priest,discipline,109,63,46
Ssol,tarren-mill,1567,priest,discipline,120,67,53
Sacerdosan,quelthalas,1567,priest,discipline,48,21,27
Akril,silvermoon,1566,priest,discipline,118,69,49
Zíria,outland,1566,priest,discipline,165,83,82
Alshah,emerald-dream,1566,priest,discipline,66,33,33
Nilera,frostwolf,1566,priest,discipline,74,36,38
Snusprällen,sylvanas,1566,priest,discipline,65,31,34
Discih,ragnaros,1566,priest,discipline,87,40,47
Disconight,kazzak,1566,priest,discipline,54,22,32
Этотьмадетка,howling-fjord,1565,priest,discipline,42,26,16
Aternia,draenor,1565,priest,discipline,89,48,41
Holygustavo,blackmoore,1565,priest,discipline,48,25,23
Worldgamer,blackrock,1565,priest,discipline,238,114,124
Ftiersp,ravencrest,1565,priest,discipline,60,27,33
Senosaurus,tarren-mill,1564,priest,discipline,95,49,46
Whattson,colinas-pardas,1564,priest,discipline,35,17,18
Faouzia,argent-dawn,1564,priest,discipline,48,22,26
Arvonpenaali,defias-brotherhood,1563,priest,discipline,83,44,39
Ryuuzaki,stormscale,1563,priest,discipline,89,46,43
Darkprofit,aegwynn,1563,priest,discipline,191,98,93
Caramello,stormscale,1563,priest,discipline,174,88,86
Yacine,blackrock,1563,priest,discipline,126,60,66
Alicanx,twisting-nether,1563,priest,discipline,84,37,47
Unfaker,drakthul,1562,priest,discipline,36,23,13
Ypsi,defias-brotherhood,1562,priest,discipline,48,27,21
Надийя,gordunni,1562,priest,discipline,150,84,66
Марабудх,soulflayer,1562,priest,discipline,104,57,47
Treen,silvermoon,1562,priest,discipline,149,80,69
Nastynina,frostwhisper,1562,priest,discipline,98,51,47
Geesuz,outland,1562,priest,discipline,121,61,60
Grautesk,chogall,1562,priest,discipline,54,27,27
Raeratwo,archimonde,1562,priest,discipline,36,18,18
Pvpalt,argent-dawn,1562,priest,discipline,69,33,36
Wìklüñd,ravencrest,1562,priest,discipline,158,67,91
Shadowkym,blackrock,1561,priest,discipline,42,30,12
Простосори,gordunni,1561,priest,discipline,604,296,308
Zastyx,drakthul,1561,priest,discipline,53,25,28
Veltrag,sanguino,1560,priest,discipline,66,37,29
Пеппаслав,soulflayer,1560,priest,discipline,150,83,67
Saintpri,twisting-nether,1560,priest,discipline,123,67,56
Raezi,defias-brotherhood,1560,priest,discipline,196,105,91
Lyim,stormscale,1560,priest,discipline,47,25,22
Fulgus,sanguino,1560,priest,discipline,342,164,178
Maerlene,nemesis,1560,priest,discipline,122,50,72
Soloqhero,chamber-of-aspects,1560,priest,discipline,54,22,32
Shafela,sanguino,1559,priest,discipline,36,21,15
Leyasu,eredar,1559,priest,discipline,69,37,32
Pilgram,twilights-hammer,1559,priest,discipline,113,54,59
Snylia,blackrock,1559,priest,discipline,48,20,28
Toxicx,aegwynn,1559,priest,discipline,48,19,29
Aêbi,dalaran,1558,priest,discipline,48,28,20
Talbädar,draenor,1558,priest,discipline,48,28,20
Olio,outland,1558,priest,discipline,88,44,44
Pxescalol,aegwynn,1558,priest,discipline,47,23,24
Xîz,silvermoon,1558,priest,discipline,78,36,42
Лин,howling-fjord,1557,priest,discipline,34,21,13
Daddydisc,tarren-mill,1557,priest,discipline,34,18,16
Lishado,twisting-nether,1557,priest,discipline,102,52,50
Олдмэнсэйд,soulflayer,1557,priest,discipline,134,68,66
Shielddanke,blackmoore,1557,priest,discipline,84,40,44
Пальтишко,howling-fjord,1557,priest,discipline,96,45,51
Аркприст,gordunni,1556,priest,discipline,42,29,13
Meanazer,antonidas,1556,priest,discipline,98,52,46
Giggidee,tarren-mill,1556,priest,discipline,220,115,105
Walkmydome,twisting-nether,1556,priest,discipline,243,119,124
Ecrisis,twisting-nether,1556,priest,discipline,128,57,71
Heílsuse,antonidas,1556,priest,discipline,48,18,30
Partyanimal,blackrock,1555,priest,discipline,65,35,30
Clapclap,frostmourne,1555,priest,discipline,75,38,37
Skallya,ysondre,1555,priest,discipline,36,17,19
Kaltasar,guldan,1555,priest,discipline,45,19,26
Pleadz,tarren-mill,1555,priest,discipline,89,35,54
Mvce,outland,1554,priest,discipline,54,37,17
Cathocrasty,draenor,1554,priest,discipline,123,69,54
Pubis,silvermoon,1554,priest,discipline,60,32,28
Incorporeal,eredar,1554,priest,discipline,41,21,20
Dyliz,stormscale,1554,priest,discipline,477,243,234
Eßola,silvermoon,1554,priest,discipline,88,44,44
Cresellia,twisting-nether,1554,priest,discipline,182,87,95
Zzoska,burning-legion,1554,priest,discipline,112,50,62
Mustatomi,stormreaver,1554,priest,discipline,39,17,22
Shkzz,hyjal,1553,priest,discipline,54,37,17
Getötet,blackrock,1553,priest,discipline,120,71,49
Nielar,onyxia,1553,priest,discipline,42,24,18
Psnextxp,eredar,1553,priest,discipline,135,76,59
Sháady,ravencrest,1553,priest,discipline,78,41,37
Рэйкар,razuvious,1553,priest,discipline,65,33,32
Echonic,aegwynn,1553,priest,discipline,362,175,187
Ojh,defias-brotherhood,1553,priest,discipline,71,34,37
Khâléd,kazzak,1553,priest,discipline,36,17,19
Zxèlá,tarren-mill,1552,priest,discipline,89,54,35
Armward,twisting-nether,1552,priest,discipline,58,35,23
Tarellia,argent-dawn,1552,priest,discipline,281,158,123
Farnese,archimonde,1552,priest,discipline,401,213,188
Хилкорлеоне,soulflayer,1552,priest,discipline,72,38,34
Deathspren,stormscale,1552,priest,discipline,42,19,23
Wedoburgers,ravencrest,1551,priest,discipline,24,17,7
Mírá,burning-blade,1551,priest,discipline,102,64,38
Outtloor,twisting-nether,1551,priest,discipline,80,43,37
Блексебет,soulflayer,1551,priest,discipline,166,89,77
Dameyo,argent-dawn,1551,priest,discipline,53,27,26
Расспутана,howling-fjord,1551,priest,discipline,326,161,165
Мэдмод,gordunni,1551,priest,discipline,249,122,127
Wurstpriest,silvermoon,1551,priest,discipline,54,26,28
Zhenni,ravencrest,1551,priest,discipline,54,23,31
Redpriestess,kazzak,1550,priest,discipline,41,24,17
Zìzz,hyjal,1550,priest,discipline,42,23,19
Makesnosense,kilrogg,1550,priest,discipline,72,39,33
Jandice,blackrock,1550,priest,discipline,36,18,18
Xaerah,blackmoore,1549,priest,discipline,78,41,37
Mâdowk,los-errantes,1549,priest,discipline,419,218,201
Alz,rashgarroth,1549,priest,discipline,195,99,96
Prayforme,lightbringer,1549,priest,discipline,71,36,35
Олегстразза,howling-fjord,1549,priest,discipline,348,176,172
Arkkinunna,outland,1549,priest,discipline,124,59,65
Колдрексх,deathguard,1549,priest,discipline,72,31,41
Denyz,blackrock,1549,priest,discipline,66,26,40
Deadwen,stormscale,1548,priest,discipline,270,147,123
Viì,ravencrest,1548,priest,discipline,57,31,26
Babloche,archimonde,1548,priest,discipline,119,64,55
Sctheal,outland,1548,priest,discipline,75,37,38
Runekpriest,tarren-mill,1548,priest,discipline,51,25,26
Necronidas,burning-legion,1548,priest,discipline,145,71,74
Валифа,gordunni,1547,priest,discipline,92,53,39
Äliénør,khaz-modan,1547,priest,discipline,78,42,36
Avaichquirit,tarren-mill,1547,priest,discipline,142,75,67
Tgz,ravencrest,1547,priest,discipline,187,96,91
Kyseki,ravencrest,1547,priest,discipline,508,260,248
Svistis,ravencrest,1546,priest,discipline,40,29,11
Máv,tarren-mill,1546,priest,discipline,64,42,22
Otuschpriest,blackmoore,1546,priest,discipline,78,45,33
Anarame,silvermoon,1546,priest,discipline,51,27,24
Foobi,the-maelstrom,1546,priest,discipline,510,264,246
Èzì,burning-legion,1546,priest,discipline,173,89,84
Poonies,silvermoon,1546,priest,discipline,124,61,63
Zymai,ravencrest,1546,priest,discipline,48,17,31
Alphabreyf,tarren-mill,1545,priest,discipline,83,43,40
Zoose,silvermoon,1545,priest,discipline,48,24,24
Trénboloné,tarren-mill,1545,priest,discipline,90,44,46
Heindl,ravencrest,1545,priest,discipline,72,34,38
Astralscare,outland,1544,priest,discipline,157,88,69
Crowdd,turalyon,1544,priest,discipline,244,132,112
Aasgard,frostwolf,1544,priest,discipline,90,46,44
Prencø,sanguino,1543,priest,discipline,36,23,13
Jesuispasbon,hyjal,1543,priest,discipline,30,17,13
Sahorie,archimonde,1543,priest,discipline,159,89,70
Spiochpr,burning-legion,1543,priest,discipline,224,123,101
Kitanai,silvermoon,1543,priest,discipline,54,29,25
Tjat,silvermoon,1543,priest,discipline,114,58,56
Лилатэль,blackscar,1543,priest,discipline,174,81,93
Mêmphìs,twisting-nether,1543,priest,discipline,83,38,45
Алуан,blackscar,1543,priest,discipline,66,23,43
Ylivoima,stormscale,1542,priest,discipline,108,63,45
Cursedme,blackrock,1542,priest,discipline,55,32,23
Nithraw,kazzak,1542,priest,discipline,291,143,148
Admiration,eredar,1542,priest,discipline,47,23,24
Tarîs,archimonde,1542,priest,discipline,108,51,57
Intentoso,nemesis,1542,priest,discipline,54,25,29
Khrtp,silvermoon,1542,priest,discipline,66,30,36
Батямелднул,blackscar,1541,priest,discipline,60,36,24
Buan,blackmoore,1541,priest,discipline,104,59,45
Bublelicious,silvermoon,1541,priest,discipline,90,48,42
Cinri,argent-dawn,1541,priest,discipline,259,126,133
Yonkerz,frostmane,1541,priest,discipline,269,128,141
Jakeow,auchindoun,1540,priest,discipline,93,52,41
Loverxz,dun-modr,1540,priest,discipline,90,46,44
Vicwix,draenor,1540,priest,discipline,65,33,32
Whiskie,twisting-nether,1540,priest,discipline,60,30,30
Psi,hakkar,1540,priest,discipline,36,18,18
Zackshock,sanguino,1540,priest,discipline,91,34,57
Sochnaochen,outland,1539,priest,discipline,115,67,48
Saitani,stormscale,1539,priest,discipline,35,19,16
Lahammy,kazzak,1539,priest,discipline,68,36,32
Влажныйшп,soulflayer,1538,priest,discipline,66,37,29
Valfore,eldrethalas,1538,priest,discipline,79,40,39
Kanî,eredar,1538,priest,discipline,96,47,49
Mòly,archimonde,1537,priest,discipline,33,20,13
Cé,magtheridon,1537,priest,discipline,108,58,50
Ptsd,argent-dawn,1537,priest,discipline,96,46,50
Dench,azjolnerub,1537,priest,discipline,72,33,39
Skinandbones,sylvanas,1537,priest,discipline,125,51,74
Amnesztia,ragnaros,1536,priest,discipline,71,43,28
Troedel,destromath,1536,priest,discipline,79,47,32
Сашадвасм,gordunni,1536,priest,discipline,135,76,59
Natapriest,antonidas,1536,priest,discipline,266,145,121
Mazzekeen,burning-legion,1536,priest,discipline,78,42,36
Celiara,argent-dawn,1536,priest,discipline,171,92,79
Styilepriest,twisting-nether,1536,priest,discipline,36,18,18
Interrupted,kazzak,1536,priest,discipline,132,61,71
Hérune,outland,1535,priest,discipline,80,41,39
Sonyl,les-sentinelles,1535,priest,discipline,54,27,27
Chamelthoe,the-maelstrom,1535,priest,discipline,114,54,60
Mcdced,archimonde,1535,priest,discipline,108,51,57
Yuukii,kult-der-verdammten,1535,priest,discipline,36,17,19
Berstkraft,blackmoore,1535,priest,discipline,155,73,82
Goblex,hyjal,1535,priest,discipline,63,28,35
Amun,blackmoore,1535,priest,discipline,55,23,32
Jackyz,tarren-mill,1535,priest,discipline,78,30,48
Ledania,aegwynn,1534,priest,discipline,43,29,14
Cydira,eredar,1534,priest,discipline,78,46,32
Tyrial,outland,1534,priest,discipline,72,40,32
Lïnkz,kazzak,1534,priest,discipline,78,43,35
Shadowsig,silvermoon,1534,priest,discipline,244,131,113
Незерхэвэн,soulflayer,1534,priest,discipline,30,16,14
Зетш,soulflayer,1534,priest,discipline,30,16,14
Obeng,tarren-mill,1534,priest,discipline,30,16,14
Zinzor,archimonde,1534,priest,discipline,106,55,51
Pmh,kazzak,1534,priest,discipline,120,60,60
Nøitra,blackrock,1534,priest,discipline,47,23,24
Maquivel,aggra-português,1534,priest,discipline,60,29,31
Fuzzymerge,ravencrest,1534,priest,discipline,100,46,54
Walúpe,draenor,1533,priest,discipline,52,35,17
Nzothapostle,baelgun,1533,priest,discipline,349,163,186
Deadlyhealer,draenor,1533,priest,discipline,48,22,26
Bornxgood,kazzak,1533,priest,discipline,60,27,33
Lmnsqzy,ravencrest,1532,priest,discipline,24,16,8
Prezica,stormscale,1532,priest,discipline,191,102,89
Sxl,ysondre,1532,priest,discipline,54,27,27
Insekta,ragnaros,1532,priest,discipline,307,153,154
Mojmir,drakthul,1532,priest,discipline,102,49,53
Voidsnitch,antonidas,1532,priest,discipline,108,50,58
Stvilde,ragnaros,1532,priest,discipline,36,16,20
Володябигуди,howling-fjord,1531,priest,discipline,64,36,28
Фыбра,soulflayer,1531,priest,discipline,30,16,14
Effectx,ravencrest,1531,priest,discipline,120,57,63
Diszi,norgannon,1531,priest,discipline,66,31,35
Wiildsy,tarren-mill,1531,priest,discipline,53,24,29
Glaedahr,blackmoore,1531,priest,discipline,66,26,40
Asmodeux,alakir,1530,priest,discipline,24,19,5
Massasax,kazzak,1530,priest,discipline,66,40,26
Mindfreakxx,twisting-nether,1530,priest,discipline,54,31,23
Krokkete,hyjal,1530,priest,discipline,30,16,14
Gûardianwisp,ravencrest,1530,priest,discipline,271,137,134
Tutoress,stormscale,1530,priest,discipline,48,23,25
Swallowship,twisting-nether,1530,priest,discipline,36,16,20
Carzn,blackmoore,1529,priest,discipline,30,21,9
Wortmonster,malganis,1529,priest,discipline,54,28,26
Onelovexx,thrall,1529,priest,discipline,60,28,32
Undeabniss,nathrezim,1528,priest,discipline,54,29,25
Mortarz,ragnaros,1528,priest,discipline,89,41,48
Nevor,nemesis,1528,priest,discipline,124,57,67
Infamous,stormscale,1527,priest,discipline,18,16,2
Delarus,perenolde,1527,priest,discipline,96,58,38
Ohbenji,ravencrest,1527,priest,discipline,140,67,73
Bubblebuddy,draenor,1527,priest,discipline,48,16,32
Biggestpass,kazzak,1526,priest,discipline,18,16,2
Papynou,garona,1526,priest,discipline,37,23,14
Eleatros,blackrock,1526,priest,discipline,106,52,54
Budwéisér,ravencrest,1526,priest,discipline,122,58,64
Beocca,sanguino,1526,priest,discipline,42,17,25
Sethp,hyjal,1525,priest,discipline,30,21,9
Skylar,xavius,1524,priest,discipline,48,29,19
Holydreed,ragnaros,1524,priest,discipline,107,57,50
Wâneis,stormscale,1524,priest,discipline,113,60,53
Ectria,ravencrest,1524,priest,discipline,113,50,63
Boostpriest,archimonde,1523,priest,discipline,170,91,79
Nelakya,blackmoore,1523,priest,discipline,30,16,14
Zoe,aegwynn,1523,priest,discipline,213,112,101
Utsuro,stormscale,1523,priest,discipline,72,37,35
Виспх,eversong,1523,priest,discipline,269,120,149
Майндоф,howling-fjord,1522,priest,discipline,66,36,30
Prioheal,hyjal,1522,priest,discipline,108,58,50
Kenobai,kazzak,1522,priest,discipline,30,16,14
Liviúss,draenor,1522,priest,discipline,236,119,117
Dìsc,ravencrest,1522,priest,discipline,98,48,50
Hopepriest,magtheridon,1522,priest,discipline,78,36,42
Arjak,stormscale,1522,priest,discipline,51,23,28
Kaazaam,eredar,1522,priest,discipline,66,21,45
Byebee,stormscale,1521,priest,discipline,42,29,13
Diva,malfurion,1521,priest,discipline,82,44,38
Frednshield,tarren-mill,1521,priest,discipline,75,36,39
Вайфими,gordunni,1521,priest,discipline,96,45,51
Mezan,tarren-mill,1521,priest,discipline,113,50,63
Бэнжэминг,gordunni,1521,priest,discipline,179,79,100
Luuña,ravencrest,1520,priest,discipline,208,111,97
Spirítbox,argent-dawn,1520,priest,discipline,297,154,143
Mamis,anetheron,1520,priest,discipline,48,22,26
Benau,aegwynn,1519,priest,discipline,60,38,22
Dalylla,aggra-português,1519,priest,discipline,100,55,45
Dairox,blackrock,1519,priest,discipline,157,86,71
Lilpi,rexxar,1519,priest,discipline,105,56,49
Sorrybowtdat,tarren-mill,1519,priest,discipline,144,70,74
Castpenance,blackrock,1519,priest,discipline,330,159,171
Hateyeleison,burning-legion,1519,priest,discipline,72,34,38
Dùsty,archimonde,1518,priest,discipline,105,63,42
Durmadanbas,ravencrest,1518,priest,discipline,51,28,23
Døgfîsh,stormscale,1518,priest,discipline,106,51,55
Miileys,arthas,1517,priest,discipline,91,53,38
Lemontea,frostwolf,1517,priest,discipline,48,27,21
Tanjaspano,twisting-nether,1517,priest,discipline,48,23,25
Tryingtomc,archimonde,1517,priest,discipline,42,20,22
Sebbepriest,twisting-nether,1516,priest,discipline,60,38,22
Tamy,draenor,1516,priest,discipline,68,34,34
Lipoatrofia,sanguino,1516,priest,discipline,136,66,70
Makrophage,mannoroth,1515,priest,discipline,34,18,16
Hötchick,outland,1515,priest,discipline,216,107,109
Целитель,gordunni,1515,priest,discipline,116,55,61
Элишана,deathguard,1515,priest,discipline,230,108,122
Hélgå,kazzak,1515,priest,discipline,48,21,27
Ensamstående,twisting-nether,1514,priest,discipline,328,171,157
Chuckline,eredar,1514,priest,discipline,114,57,57
Lukéy,silvermoon,1514,priest,discipline,66,33,33
Rankoneprazt,stormscale,1514,priest,discipline,131,59,72
Zealtron,darksorrow,1514,priest,discipline,68,30,38
Hiddenhealz,blackrock,1514,priest,discipline,60,25,35
Rennic,stormscale,1513,priest,discipline,72,38,34
Lurri,tarren-mill,1513,priest,discipline,222,113,109
Хахеха,gordunni,1512,priest,discipline,42,23,19
Helalolsun,archimonde,1512,priest,discipline,97,48,49
Cajolîne,archimonde,1512,priest,discipline,186,89,97
Omgitshuux,blackmoore,1512,priest,discipline,114,52,62
Buerak,tarren-mill,1511,priest,discipline,34,20,14
Ciri,die-aldor,1511,priest,discipline,31,18,13
Kuivatmaat,ravencrest,1511,priest,discipline,30,16,14
Neagica,kazzak,1511,priest,discipline,239,122,117
Pumpmenow,drakthul,1511,priest,discipline,60,30,30
Erikssan,stormscale,1511,priest,discipline,43,19,24
Blazekk,sylvanas,1511,priest,discipline,127,56,71
Woukitos,drekthar,1511,priest,discipline,60,24,36
Doomey,ravencrest,1510,priest,discipline,41,26,15
Kirchhoffina,die-nachtwache,1510,priest,discipline,49,26,23
Исусиприст,deepholm,1510,priest,discipline,54,26,28
Pumpkin,aggramar,1509,priest,discipline,30,19,11
Discomarcel,burning-legion,1509,priest,discipline,48,27,21
Zïn,silvermoon,1509,priest,discipline,103,55,48
Ghoul,destromath,1509,priest,discipline,30,16,14
Voidwalkz,kazzak,1509,priest,discipline,35,18,17
Johen,terenas,1509,priest,discipline,144,72,72
Invexx,tarren-mill,1509,priest,discipline,328,160,168
Zooster,pozzo-delleternità,1508,priest,discipline,72,45,27
Двелегитоп,howling-fjord,1508,priest,discipline,50,28,22
Healinrbglol,blackmoore,1508,priest,discipline,77,43,34
Knazh,twisting-nether,1508,priest,discipline,36,20,16
Arkatina,outland,1508,priest,discipline,70,38,32
Ethaz,twisting-nether,1508,priest,discipline,30,16,14
Atax,kazzak,1508,priest,discipline,170,84,86
Axla,stormscale,1508,priest,discipline,59,29,30
Лоео,ashenvale,1508,priest,discipline,60,26,34
Rîhanna,sanguino,1507,priest,discipline,33,22,11
Crims,twisting-nether,1507,priest,discipline,132,74,58
Woid,aegwynn,1507,priest,discipline,42,23,19
Spiriman,zuljin,1507,priest,discipline,48,26,22
Healicious,teldrassil,1507,priest,discipline,30,16,14
Эски,howling-fjord,1507,priest,discipline,191,100,91
Тэтэшник,ashenvale,1507,priest,discipline,206,107,99
Goldgot,tarren-mill,1507,priest,discipline,54,28,26
Kurt,blackrock,1507,priest,discipline,136,66,70
Mindhøven,veklor,1507,priest,discipline,36,16,20
Clæude,tarren-mill,1507,priest,discipline,48,21,27
Lokíe,ragnaros,1507,priest,discipline,42,17,25
Derylium,kazzak,1506,priest,discipline,69,45,24
Cyliaa,aegwynn,1506,priest,discipline,36,20,16
Enoriya,blackrock,1506,priest,discipline,268,143,125
Woodywoodpkr,senjin,1506,priest,discipline,112,59,53
Остроухх,howling-fjord,1506,priest,discipline,150,79,71
Vdwayne,argent-dawn,1506,priest,discipline,67,35,32
Edoran,ragnaros,1506,priest,discipline,115,59,56
Шпангл,gordunni,1506,priest,discipline,280,143,137
Madkes,ravencrest,1506,priest,discipline,239,122,117
Апититька,soulflayer,1506,priest,discipline,126,64,62
Dapope,drakthul,1506,priest,discipline,89,35,54
Safemode,ravencrest,1505,priest,discipline,53,28,25
Ixdeadxl,stormscale,1504,priest,discipline,99,58,41
Jumperlawl,khaz-modan,1504,priest,discipline,54,30,24
Xaeron,eredar,1504,priest,discipline,72,38,34
Squidlicker,twisting-nether,1504,priest,discipline,76,40,36
Softie,zuljin,1504,priest,discipline,150,76,74
Аферона,soulflayer,1504,priest,discipline,48,24,24
Elämäntypy,stormscale,1504,priest,discipline,144,70,74
Makemyday,dun-modr,1504,priest,discipline,76,36,40
Supernal,twisting-nether,1504,priest,discipline,72,34,38
Banshzz,ragnaros,1504,priest,discipline,143,67,76
Ykiotonegawa,twisting-nether,1504,priest,discipline,129,53,76
Амбракадабра,blackscar,1503,priest,discipline,54,34,20
Рвотка,gordunni,1503,priest,discipline,184,96,88
Телоури,galakrond,1503,priest,discipline,263,131,132
Jacksonz,blackmoore,1503,priest,discipline,42,17,25
Бленди,howling-fjord,1503,priest,discipline,47,18,29
Jamii,kazzak,1502,priest,discipline,95,62,33
Icutebiker,nagrand,1502,priest,discipline,95,58,37
Nûttz,stormscale,1502,priest,discipline,90,51,39
Sebekklawl,wrathbringer,1502,priest,discipline,103,54,49
Spoggle,kazzak,1502,priest,discipline,131,67,64
Sundæ,antonidas,1502,priest,discipline,42,18,24
Maskinjundre,bronzebeard,1502,priest,discipline,51,21,30
Jaatjak,ravencrest,1501,priest,discipline,95,52,43
Missandeí,frostmane,1501,priest,discipline,30,16,14
Sordag,lordaeron,1501,priest,discipline,60,27,33
Nometalol,drakthul,1501,priest,discipline,36,16,20
Mêduse,ravencrest,1501,priest,discipline,87,33,54
Дюшапинанс,soulflayer,1500,priest,discipline,92,54,38
Kijul,ragnaros,1500,priest,discipline,142,81,61
Бархомелфой,gordunni,1500,priest,discipline,57,32,25
Sickwill,blackrock,1500,priest,discipline,52,29,23
Мьюсх,deathguard,1500,priest,discipline,77,42,35
Priesticchi,stormscale,1500,priest,discipline,222,119,103
Gbpjr,xavius,1500,priest,discipline,260,130,130
Sláin,outland,1500,priest,discipline,221,106,115
Aguerran,spinebreaker,1500,priest,discipline,90,41,49
Babyx,stormscale,1500,priest,discipline,74,33,41
Dreamhatcher,deathwing,1500,priest,discipline,42,18,24
Elwing,darkmoon-faire,1500,priest,discipline,48,18,30
Selëne,blackrock,1499,priest,discipline,51,29,22
Ræpriestx,ragnaros,1499,priest,discipline,117,66,51
Vendormeq,darkspear,1499,priest,discipline,73,41,32
Silvdarr,hyjal,1499,priest,discipline,165,89,76
Mzpriest,dalaran,1499,priest,discipline,106,57,49
Discomacka,twisting-nether,1499,priest,discipline,59,30,29
Anaqt,silvermoon,1499,priest,discipline,317,160,157
Tinteolo,blackrock,1499,priest,discipline,69,34,35
Disillusíon,tarren-mill,1499,priest,discipline,156,74,82
Архиэрей,soulflayer,1499,priest,discipline,51,24,27
Bloodie,drakthul,1498,priest,discipline,30,18,12
Tazting,stormscale,1498,priest,discipline,97,51,46
Tuitio,blackmoore,1498,priest,discipline,132,65,67
Darknun,aggra-português,1498,priest,discipline,195,90,105
Pøwêr,hyjal,1498,priest,discipline,48,21,27
Karanas,archimonde,1498,priest,discipline,100,42,58
Vanillahaze,sylvanas,1497,priest,discipline,75,50,25
Diarolz,sanguino,1497,priest,discipline,81,46,35
Gingerflexay,archimonde,1497,priest,discipline,54,28,26
Prästpojken,frostwhisper,1497,priest,discipline,222,107,115
Ичисанчик,howling-fjord,1497,priest,discipline,66,30,36
Êvîlêvê,blackmoore,1496,priest,discipline,82,49,33
Huffinctus,tarren-mill,1496,priest,discipline,118,61,57
Zône,hyjal,1496,priest,discipline,35,18,17
Djchinoix,archimonde,1495,priest,discipline,30,20,10
Badhêalz,aegwynn,1495,priest,discipline,181,92,89
Cleancf,blackhand,1495,priest,discipline,298,145,153
Greyanna,twisting-nether,1495,priest,discipline,107,51,56
Rezzurrectum,doomhammer,1495,priest,discipline,111,52,59
Nubso,aegwynn,1495,priest,discipline,54,25,29
Aïezn,culte-de-la-rive-noire,1495,priest,discipline,206,93,113
Onetwo,silvermoon,1494,priest,discipline,30,18,12
Shedzinty,tarren-mill,1494,priest,discipline,83,48,35
Drawun,burning-legion,1494,priest,discipline,116,67,49
Ballsbrawlz,sylvanas,1494,priest,discipline,48,27,21
Sheshan,destromath,1494,priest,discipline,53,29,24
Juggster,bloodhoof,1494,priest,discipline,186,95,91
Атэистотбога,gordunni,1494,priest,discipline,124,63,61
Мдзшка,gordunni,1494,priest,discipline,1161,580,581
Hïstërïä,silvermoon,1494,priest,discipline,57,28,29
Ciqua,frostmane,1493,priest,discipline,60,36,24
Hexenmeister,laughing-skull,1493,priest,discipline,69,36,33
Goosebot,stormscale,1493,priest,discipline,72,36,36
Vorynax,silvermoon,1493,priest,discipline,86,40,46
Chrispriest,argent-dawn,1493,priest,discipline,62,28,34
Verzeichnis,thrall,1492,priest,discipline,166,92,74
Nyù,kazzak,1492,priest,discipline,83,44,39
Tinpr,sanguino,1492,priest,discipline,111,50,61
Lyndorien,argent-dawn,1491,priest,discipline,72,44,28
Аидкабтв,gordunni,1491,priest,discipline,30,17,13
Bleedingeyes,tarren-mill,1491,priest,discipline,56,30,26
Quintanaro,thrall,1491,priest,discipline,51,19,32
Littleflash,lightbringer,1490,priest,discipline,87,43,44
Keyfear,kazzak,1490,priest,discipline,99,48,51
Dadheal,dalaran,1490,priest,discipline,54,24,30
Meiyah,draenor,1489,priest,discipline,95,49,46
Ceraghk,tichondrius,1488,priest,discipline,144,76,68
Fxd,talnivarr,1488,priest,discipline,48,25,23
Kinkykaren,kazzak,1488,priest,discipline,139,72,67
Fantästic,kazzak,1488,priest,discipline,263,136,127
Auntbessy,outland,1488,priest,discipline,91,47,44
Maâti,kazzak,1488,priest,discipline,136,66,70
Chankilolx,dun-modr,1488,priest,discipline,193,92,101
Khazidhea,frostwolf,1488,priest,discipline,87,41,46
Elternya,hyjal,1487,priest,discipline,87,53,34
Jodge,ravencrest,1487,priest,discipline,96,56,40
Syro,defias-brotherhood,1487,priest,discipline,96,53,43
Céph,sylvanas,1487,priest,discipline,42,21,21
Mcgodx,argent-dawn,1486,priest,discipline,18,16,2
Spánkproof,kazzak,1486,priest,discipline,42,22,20
Chocoly,tarren-mill,1486,priest,discipline,104,54,50
Гизамуррис,howling-fjord,1486,priest,discipline,48,24,24
Triuna,sylvanas,1486,priest,discipline,41,20,21
Nomakprst,sanguino,1486,priest,discipline,130,63,67
Yugata,archimonde,1486,priest,discipline,121,53,68
Lythi,eredar,1486,priest,discipline,126,55,71
Mewpew,azjolnerub,1486,priest,discipline,54,23,31
Ayumcd,ravencrest,1485,priest,discipline,84,50,34
Loreleì,sylvanas,1485,priest,discipline,42,23,19
Ghostroller,pozzo-delleternità,1485,priest,discipline,108,58,50
Elegosht,sanguino,1485,priest,discipline,143,75,68
Senpumara,malganis,1485,priest,discipline,300,150,150
Themistia,kazzak,1485,priest,discipline,175,82,93
Чтоподелать,soulflayer,1484,priest,discipline,60,34,26
Khomic,archimonde,1484,priest,discipline,47,26,21
Cbsad,madmortem,1484,priest,discipline,90,49,41
Cav,archimonde,1484,priest,discipline,164,79,85
ßabylexa,ravencrest,1484,priest,discipline,146,69,77
Nimbtwink,silvermoon,1483,priest,discipline,41,26,15
Leerzeichen,aegwynn,1483,priest,discipline,72,37,35
Giily,archimonde,1483,priest,discipline,72,33,39
Enzyme,drakthul,1482,priest,discipline,36,24,12
Fluba,thrall,1482,priest,discipline,77,45,32
Lirou,archimonde,1482,priest,discipline,47,25,22
Nuraschka,antonidas,1482,priest,discipline,36,18,18
Watchmedeath,sargeras,1482,priest,discipline,61,29,32
Фруктовыйса,gordunni,1482,priest,discipline,116,54,62
Рокрон,galakrond,1482,priest,discipline,84,39,45
Джулибуба,borean-tundra,1482,priest,discipline,63,29,34
Jetlìfe,ysondre,1482,priest,discipline,42,18,24
Txz,kazzak,1481,priest,discipline,60,35,25
Laxímink,sylvanas,1481,priest,discipline,119,51,68
Holymöly,archimonde,1481,priest,discipline,55,23,32
Холишитс,gordunni,1480,priest,discipline,190,107,83
Southyz,stormscale,1480,priest,discipline,129,67,62
Angelic,ragnaros,1480,priest,discipline,213,105,108
Трихоманиаз,ashenvale,1480,priest,discipline,78,37,41
Inzàné,kazzak,1480,priest,discipline,84,39,45
Subha,drakthul,1479,priest,discipline,34,25,9
Mylox,blackrock,1479,priest,discipline,87,45,42
Blackheall,nemesis,1479,priest,discipline,46,23,23
Ihaveibs,doomhammer,1479,priest,discipline,107,51,56
Bejud,tarren-mill,1479,priest,discipline,36,17,19
Phipham,frostwolf,1479,priest,discipline,36,17,19
Toratorap,burning-legion,1479,priest,discipline,90,41,49
Джелесана,gordunni,1479,priest,discipline,99,45,54
Tech,shattered-hand,1479,priest,discipline,59,24,35
Cidrea,saurfang,1478,priest,discipline,30,17,13
Myrmz,archimonde,1478,priest,discipline,36,19,17
Loliheal,blackmoore,1478,priest,discipline,69,31,38
Vilanae,hyjal,1477,priest,discipline,160,86,74
Íhðly,silvermoon,1477,priest,discipline,204,103,101
Kollis,twilights-hammer,1477,priest,discipline,251,125,126
Noobpriest,blackrock,1477,priest,discipline,166,81,85
Scréam,eredar,1477,priest,discipline,72,33,39
Pristerline,antonidas,1476,priest,discipline,37,24,13
Eshania,frostwolf,1476,priest,discipline,42,26,16
Klemi,dun-modr,1476,priest,discipline,48,29,19
Rikipope,ravencrest,1476,priest,discipline,89,48,41
Stahj,sanguino,1476,priest,discipline,47,25,22
Sinnzz,ysondre,1476,priest,discipline,102,53,49
Lhh,blackmoore,1476,priest,discipline,127,64,63
Goodwin,draenor,1476,priest,discipline,113,56,57
Xytael,burning-legion,1476,priest,discipline,66,31,35
Gorti,ravencrest,1475,priest,discipline,30,16,14
Крутосанка,blackscar,1475,priest,discipline,72,38,34
Happyprocs,dun-modr,1475,priest,discipline,77,40,37
Keewix,ysondre,1475,priest,discipline,95,46,49
Меесть,soulflayer,1475,priest,discipline,41,18,23
Ninetzz,tarren-mill,1474,priest,discipline,48,34,14
Hailor,blackmoore,1474,priest,discipline,54,32,22
Emon,nemesis,1474,priest,discipline,66,38,28
Kratzîgel,blackmoore,1474,priest,discipline,137,76,61
Battra,argent-dawn,1474,priest,discipline,84,45,39
Buzzy,twisting-nether,1474,priest,discipline,144,75,69
Bynd,blackrock,1473,priest,discipline,36,25,11
Localmadlad,draenor,1473,priest,discipline,67,43,24
Shæzè,antonidas,1473,priest,discipline,84,49,35
Трэй,deathguard,1473,priest,discipline,193,101,92
Skaliq,tarren-mill,1473,priest,discipline,252,127,125
Sannti,twisting-nether,1473,priest,discipline,48,24,24
Baloopriest,grim-batol,1473,priest,discipline,48,21,27
Nightfearqt,outland,1472,priest,discipline,86,47,39
Mercies,kazzak,1472,priest,discipline,63,34,29
Chimara,eredar,1472,priest,discipline,166,89,77
Медиив,deepholm,1472,priest,discipline,162,83,79
Lothbruke,twisting-nether,1472,priest,discipline,110,56,54
Acik,bladefist,1472,priest,discipline,59,27,32
Марина,howling-fjord,1472,priest,discipline,84,36,48
Rasha,kazzak,1471,priest,discipline,111,60,51
Ahmnesia,archimonde,1471,priest,discipline,273,141,132
Gødsmack,blackhand,1471,priest,discipline,69,31,38
Purebollox,twisting-nether,1471,priest,discipline,78,35,43
Veilon,defias-brotherhood,1471,priest,discipline,60,24,36
Волия,gordunni,1471,priest,discipline,41,16,25
Вичкрафт,howling-fjord,1471,priest,discipline,60,23,37
Porklifer,tarren-mill,1470,priest,discipline,54,32,22
Maneipriest,drakthul,1470,priest,discipline,65,35,30
Lolipopheal,blackmoore,1470,priest,discipline,42,22,20
Akemmì,sylvanas,1470,priest,discipline,174,87,87
Luuniisboost,blackmoore,1470,priest,discipline,36,16,20
Hypernym,eredar,1469,priest,discipline,38,25,13
Seinaruki,emerald-dream,1469,priest,discipline,82,49,33
Lianny,sylvanas,1469,priest,discipline,99,51,48
Virulent,nemesis,1469,priest,discipline,48,21,27
Agatioxd,dun-modr,1468,priest,discipline,48,31,17
Ashérs,ravencrest,1468,priest,discipline,117,69,48
Unpsofablé,outland,1468,priest,discipline,52,27,25
Pewkz,draenor,1468,priest,discipline,164,83,81
Marllen,twisting-nether,1468,priest,discipline,443,220,223
Lucidluke,blackmoore,1468,priest,discipline,103,49,54
Niholie,sinstralis,1468,priest,discipline,78,32,46
Cptmoigx,antonidas,1468,priest,discipline,69,27,42
Shaov,archimonde,1467,priest,discipline,42,22,20
Sadgepriest,draenor,1467,priest,discipline,36,18,18
Властьтени,gordunni,1467,priest,discipline,175,87,88
Ёджих,blackscar,1467,priest,discipline,133,65,68
Jimmymcgill,ravencrest,1467,priest,discipline,34,16,18
Senkín,aegwynn,1467,priest,discipline,78,35,43
Aurunea,blackrock,1466,priest,discipline,69,40,29
Sameec,drakthul,1466,priest,discipline,141,69,72
Isadian,kazzak,1466,priest,discipline,45,20,25
Yákizå,darksorrow,1466,priest,discipline,72,30,42
Yvaini,xavius,1465,priest,discipline,96,52,44
Myxeh,ravencrest,1465,priest,discipline,73,39,34
Neoni,blackmoore,1465,priest,discipline,316,159,157
Khaag,korgall,1465,priest,discipline,78,39,39
Pjuww,outland,1465,priest,discipline,35,17,18
Merkabrah,sylvanas,1465,priest,discipline,76,34,42
Averagenoob,ragnaros,1465,priest,discipline,111,49,62
Reeta,stormscale,1464,priest,discipline,55,31,24
Syrell,sanguino,1464,priest,discipline,35,16,19
Geierlol,blackrock,1464,priest,discipline,42,17,25
Diskogoblin,drakthul,1463,priest,discipline,36,19,17
Kobri,gilneas,1463,priest,discipline,218,112,106
Dêxter,hyjal,1463,priest,discipline,138,69,69
Scade,kazzak,1463,priest,discipline,98,47,51
Galadrielkä,drakthul,1462,priest,discipline,160,87,73
Ботхесатва,deepholm,1462,priest,discipline,77,35,42
Amoxkys,nemesis,1462,priest,discipline,86,39,47
Krayziest,tarren-mill,1461,priest,discipline,42,26,16
Zoose,defias-brotherhood,1461,priest,discipline,44,25,19
Lucîd,ravencrest,1461,priest,discipline,96,54,42
Jeez,twilights-hammer,1461,priest,discipline,143,72,71
Shînnøk,silvermoon,1461,priest,discipline,195,98,97
Suaakypriest,tyrande,1461,priest,discipline,48,24,24
Лэрикус,howling-fjord,1461,priest,discipline,36,16,20
Goodgirl,frostmane,1460,priest,discipline,40,27,13
Elizabéth,blackrock,1460,priest,discipline,43,26,17
Nurbanu,ravencrest,1460,priest,discipline,83,50,33
Вайтбласт,howling-fjord,1460,priest,discipline,36,21,15
Baybe,ravencrest,1460,priest,discipline,183,99,84
Xubeqi,kazzak,1460,priest,discipline,228,121,107
Noany,ravencrest,1460,priest,discipline,122,64,58
Черныйсписок,gordunni,1460,priest,discipline,362,184,178
Урголиафа,howling-fjord,1460,priest,discipline,111,54,57
Tinre,ravenholdt,1460,priest,discipline,78,35,43
Ðiscobiscuit,argent-dawn,1459,priest,discipline,104,55,49
Yukíø,antonidas,1459,priest,discipline,305,158,147
Zarozina,pozzo-delleternità,1459,priest,discipline,48,23,25
Nÿpô,hyjal,1459,priest,discipline,89,40,49
Babybeyle,arakarahm,1459,priest,discipline,221,99,122
Stàrlîght,chants-éternels,1458,priest,discipline,30,19,11
Ruly,ragnaros,1458,priest,discipline,51,25,26
Moarein,twisting-nether,1458,priest,discipline,72,32,40
Monstretpr,dragonblight,1458,priest,discipline,66,29,37
Doktoritca,kazzak,1458,priest,discipline,90,38,52
Ремкомплект,soulflayer,1457,priest,discipline,72,47,25
Chujzvychodu,drakthul,1457,priest,discipline,30,17,13
Schmatzy,blackmoore,1457,priest,discipline,60,32,28
Priestin,dun-modr,1457,priest,discipline,65,31,34
Deadpxlz,ravencrest,1456,priest,discipline,42,25,17
Гшд,gordunni,1456,priest,discipline,111,62,49
Жариха,gordunni,1456,priest,discipline,84,45,39
Selenee,scarshield-legion,1456,priest,discipline,180,89,91
Лизота,gordunni,1456,priest,discipline,93,42,51
Nyxalia,silvermoon,1455,priest,discipline,30,18,12
Sémi,twisting-nether,1455,priest,discipline,60,34,26
Kåstå,archimonde,1455,priest,discipline,92,51,41
Nestiah,hyjal,1455,priest,discipline,42,22,20
Taiyöshin,silvermoon,1455,priest,discipline,112,58,54
Boarheals,blackmoore,1455,priest,discipline,89,43,46
Phasmöphobia,zuljin,1455,priest,discipline,207,98,109
Teladorne,ravencrest,1455,priest,discipline,36,17,19
Ysharrj,hyjal,1454,priest,discipline,48,27,21
Helikipope,kazzak,1454,priest,discipline,42,22,20
Фейкай,blackscar,1454,priest,discipline,54,28,26
Aevery,onyxia,1454,priest,discipline,99,49,50
Holyshart,magtheridon,1454,priest,discipline,119,58,61
Snuffanious,ragnaros,1454,priest,discipline,83,40,43
Alliora,dalaran,1454,priest,discipline,206,97,109
Disturbdtwo,archimonde,1454,priest,discipline,66,31,35
Yusepmikel,cthun,1453,priest,discipline,62,40,22
Maeline,archimonde,1453,priest,discipline,60,31,29
Anyndra,twisting-nether,1453,priest,discipline,107,55,52
Джахия,soulflayer,1453,priest,discipline,331,169,162
Pedopräst,stormscale,1453,priest,discipline,83,42,41
Sînálà,antonidas,1453,priest,discipline,86,43,43
Алуриэлия,gordunni,1453,priest,discipline,89,43,46
Mvuu,kazzak,1452,priest,discipline,42,25,17
Soulreapper,blackhand,1452,priest,discipline,249,131,118
Avgenjoyer,kazzak,1452,priest,discipline,210,97,113
Пнух,soulflayer,1452,priest,discipline,114,52,62
Fearmongerer,tarren-mill,1451,priest,discipline,29,19,10
Ehther,dun-modr,1451,priest,discipline,40,24,16
Trasslarn,tarren-mill,1451,priest,discipline,30,16,14
Kätsulol,ysondre,1451,priest,discipline,48,24,24
Gotikaa,blackrock,1451,priest,discipline,138,68,70
Húlda,auchindoun,1451,priest,discipline,154,73,81
Halastrâ,tarren-mill,1450,priest,discipline,86,53,33
Alianza,hellfire,1450,priest,discipline,84,50,34
Thorhammer,turalyon,1450,priest,discipline,66,39,27
Aiewn,elune,1450,priest,discipline,158,87,71
Aesyla,drakthul,1450,priest,discipline,42,23,19
Vogelfrau,ravencrest,1450,priest,discipline,128,65,63
Relaxmom,bloodhoof,1450,priest,discipline,60,30,30
Холиблэк,blackscar,1450,priest,discipline,96,40,56
Amanojakü,ravencrest,1449,priest,discipline,60,41,19
Holywann,argent-dawn,1449,priest,discipline,35,22,13
Ledxpri,twisting-nether,1449,priest,discipline,30,17,13
Chigreru,uldum,1449,priest,discipline,29,16,13
Antainis,silvermoon,1449,priest,discipline,191,100,91
Dotdotggwp,stormscale,1449,priest,discipline,102,47,55
Mackópriest,ragnaros,1449,priest,discipline,175,79,96
Verxalas,stormscale,1448,priest,discipline,34,23,11
Морикаа,lich-king,1448,priest,discipline,36,21,15
Pandalulz,turalyon,1448,priest,discipline,166,95,71
Troublemaker,durotan,1448,priest,discipline,90,50,40
Barracuda,burning-legion,1448,priest,discipline,179,96,83
Sjhzzkl,blackrock,1448,priest,discipline,211,109,102
Kimozabi,ravencrest,1448,priest,discipline,50,25,25
Vanillå,silvermoon,1448,priest,discipline,84,41,43
Palaniax,outland,1447,priest,discipline,48,26,22
Laërhia,archimonde,1447,priest,discipline,266,126,140
Raphyx,blackhand,1447,priest,discipline,54,16,38
Warm,auchindoun,1446,priest,discipline,39,28,11
Ingvár,blackrock,1446,priest,discipline,24,16,8
Snoopqt,dalaran,1446,priest,discipline,172,88,84
Ilovedisc,kazzak,1446,priest,discipline,62,31,31
Yhraeliaegh,defias-brotherhood,1446,priest,discipline,124,52,72
Aeritha,blackmoore,1445,priest,discipline,42,25,17
Fäke,dunemaul,1445,priest,discipline,371,201,170
Klosso,anachronos,1445,priest,discipline,78,42,36
Reivno,ravencrest,1444,priest,discipline,54,33,21
Deluuxelawl,ysondre,1444,priest,discipline,58,35,23
Rwaphouu,ysondre,1444,priest,discipline,90,53,37
Priesturz,aggramar,1444,priest,discipline,48,27,21
Серыйлог,galakrond,1444,priest,discipline,90,49,41
Barcodes,kazzak,1444,priest,discipline,142,77,65
Jazzmind,stormscale,1444,priest,discipline,150,77,73
Пэйтен,deathguard,1444,priest,discipline,36,18,18
Zuigen,lightbringer,1444,priest,discipline,83,37,46
Trekztwo,archimonde,1443,priest,discipline,66,32,34
Дармирэль,gordunni,1443,priest,discipline,81,38,43
Bottemg,defias-brotherhood,1443,priest,discipline,60,27,33
Arctoczax,ravencrest,1443,priest,discipline,66,27,39
Sombralúz,sanguino,1442,priest,discipline,36,20,16
Daddyfinger,argent-dawn,1442,priest,discipline,133,73,60
Vanadii,blackhand,1442,priest,discipline,84,45,39
Nnaoy,ysondre,1442,priest,discipline,32,17,15
Aizakku,frostmane,1442,priest,discipline,36,19,17
Rosalina,ravencrest,1442,priest,discipline,359,189,170
Fericul,argent-dawn,1442,priest,discipline,280,147,133
Toorree,stormscale,1442,priest,discipline,155,79,76
Shanny,kazzak,1442,priest,discipline,89,43,46
Krasawìtch,onyxia,1442,priest,discipline,117,54,63
Chibrausorus,archimonde,1442,priest,discipline,66,30,36
Randomm,shadowsong,1442,priest,discipline,78,33,45
Oneheal,rexxar,1442,priest,discipline,55,23,32
Amelìa,doomhammer,1441,priest,discipline,100,56,44
Priewyn,ragnaros,1441,priest,discipline,345,175,170
Arima,kargath,1441,priest,discipline,186,91,95
Kalestharia,blackmoore,1441,priest,discipline,233,112,121
Käji,silvermoon,1441,priest,discipline,93,44,49
Manethø,twisting-nether,1441,priest,discipline,36,16,20
Laurent,sanguino,1441,priest,discipline,36,16,20
Pinkyladdy,argent-dawn,1441,priest,discipline,53,23,30
Søkariss,elune,1440,priest,discipline,48,28,20
Mylini,silvermoon,1440,priest,discipline,201,104,97
Смегмачет,soulflayer,1440,priest,discipline,122,63,59
Hardcode,twisting-nether,1440,priest,discipline,108,53,55
Anotherdisc,aegwynn,1440,priest,discipline,298,143,155
Шруня,howling-fjord,1440,priest,discipline,192,92,100
Strikérlayá,aegwynn,1440,priest,discipline,53,25,28
Baldracca,shendralar,1440,priest,discipline,48,18,30
Yesdaddypls,draenor,1439,priest,discipline,36,21,15
Lyés,uldaman,1439,priest,discipline,247,141,106
Karoopi,ysondre,1439,priest,discipline,209,107,102
Sinfulmaze,outland,1439,priest,discipline,30,15,15
Voxqt,blackrock,1439,priest,discipline,30,15,15
Bedkara,ravencrest,1439,priest,discipline,30,15,15
Cáss,archimonde,1439,priest,discipline,30,15,15
Zeraphïn,eredar,1439,priest,discipline,30,15,15
Zedrus,azshara,1439,priest,discipline,111,53,58
Мненосина,goldrinn,1439,priest,discipline,186,88,98
Endlin,silvermoon,1438,priest,discipline,72,43,29
Bandgap,antonidas,1438,priest,discipline,235,118,117
Аркада,blackscar,1438,priest,discipline,30,15,15
Jerzay,hyjal,1438,priest,discipline,124,59,65
Ascendare,tarren-mill,1438,priest,discipline,149,69,80
Gobie,sunstrider,1438,priest,discipline,56,25,31
Åshbé,archimonde,1437,priest,discipline,18,15,3
Hopeso,silvermoon,1437,priest,discipline,18,15,3
Tobadforglad,khaz-modan,1437,priest,discipline,24,15,9
Evilangèl,ravenholdt,1437,priest,discipline,115,62,53
Zulcas,outland,1437,priest,discipline,48,25,23
Чилюотферала,eversong,1437,priest,discipline,30,15,15
Vexxdd,outland,1437,priest,discipline,42,20,22
Yøløswagg,silvermoon,1437,priest,discipline,116,49,67
Fotmape,stormscale,1437,priest,discipline,36,15,21
Argaar,burning-legion,1436,priest,discipline,124,71,53
Rmpriest,blackhand,1436,priest,discipline,30,15,15
Kbakå,stormscale,1436,priest,discipline,84,37,47
Schockerjr,blackmoore,1436,priest,discipline,80,34,46
Jàckîe,aegwynn,1436,priest,discipline,40,17,23
Voldream,ravencrest,1436,priest,discipline,73,29,44
Pakmopriest,ragnaros,1436,priest,discipline,42,16,26
Okfartpå,ravencrest,1435,priest,discipline,24,18,6
Смайтвайфу,howling-fjord,1435,priest,discipline,84,40,44
Nahni,teldrassil,1435,priest,discipline,307,142,165
Carolyna,ravencrest,1435,priest,discipline,36,15,21
Dímension,ragnaros,1434,priest,discipline,128,71,57
Alaeddin,kazzak,1434,priest,discipline,534,266,268
Kæyc,blackmoore,1434,priest,discipline,71,35,36
Эсминза,gordunni,1434,priest,discipline,36,15,21
Rhäenÿra,hyjal,1433,priest,discipline,30,18,12
Villagegirlx,stormscale,1433,priest,discipline,30,18,12
Joyfu,archimonde,1433,priest,discipline,66,36,30
Simplesam,ravencrest,1433,priest,discipline,94,49,45
Prayxlol,outland,1433,priest,discipline,30,15,15
Cartøøns,ravencrest,1433,priest,discipline,63,31,32
Naberus,ragnaros,1433,priest,discipline,151,69,82
Panoio,aggra-português,1433,priest,discipline,113,49,64
Bigwik,tarren-mill,1433,priest,discipline,42,15,27
Dimsim,kazzak,1432,priest,discipline,24,15,9
Diddlefiddle,stormscale,1432,priest,discipline,88,48,40
Kaliboom,archimonde,1432,priest,discipline,95,51,44
Æsia,archimonde,1432,priest,discipline,51,27,24
Забейка,howling-fjord,1432,priest,discipline,48,25,23
Berrylee,twisting-nether,1432,priest,discipline,89,43,46
Radegast,jaedenar,1432,priest,discipline,276,133,143
Dragthal,malganis,1432,priest,discipline,74,32,42
Swera,twisting-nether,1431,priest,discipline,24,15,9
Ilovechildrn,silvermoon,1431,priest,discipline,36,21,15
Rahan,stormscale,1431,priest,discipline,116,58,58
Scràppy,malganis,1431,priest,discipline,30,15,15
Nazhara,hyjal,1431,priest,discipline,30,15,15
Sáshagrey,arathor,1431,priest,discipline,79,38,41
Sweetxq,tarren-mill,1430,priest,discipline,159,85,74
Mediumheals,tarren-mill,1430,priest,discipline,214,113,101
Kayeen,tarren-mill,1430,priest,discipline,197,101,96
Cúrt,sanguino,1430,priest,discipline,66,29,37
Delinsx,outland,1430,priest,discipline,36,15,21
Trixtrex,aegwynn,1430,priest,discipline,36,15,21
Artymox,sylvanas,1430,priest,discipline,65,27,38
Lanaineuwu,archimonde,1429,priest,discipline,32,22,10
Friskï,silvermoon,1429,priest,discipline,24,16,8
Эмжи,howling-fjord,1429,priest,discipline,24,15,9
Chuckbarry,kazzak,1429,priest,discipline,36,22,14
Garfriest,aggra-português,1429,priest,discipline,102,59,43
Hlyhoe,silvermoon,1429,priest,discipline,78,45,33
Юлечка,blackscar,1429,priest,discipline,78,40,38
Трезида,gordunni,1429,priest,discipline,84,43,41
Bøts,ravencrest,1429,priest,discipline,672,336,336
ßrain,garona,1429,priest,discipline,30,15,15
Viagrà,outland,1429,priest,discipline,126,56,70
Yurrij,thrall,1428,priest,discipline,39,23,16
Golletz,twisting-nether,1428,priest,discipline,114,60,54
Priestadorie,ravencrest,1428,priest,discipline,31,16,15
Xypri,nordrassil,1428,priest,discipline,173,87,86
Chenandler,aggra-português,1428,priest,discipline,35,16,19
Gæxelademad,draenor,1427,priest,discipline,36,22,14
Yomominmedm,draenor,1427,priest,discipline,60,34,26
Nèvertrust,ragnaros,1427,priest,discipline,77,43,34
Kenzaiq,aegwynn,1427,priest,discipline,82,45,37
Bløøððåñçé,ragnaros,1427,priest,discipline,30,16,14
Greedyaf,stormscale,1427,priest,discipline,137,69,68
Энвиньяттар,howling-fjord,1427,priest,discipline,132,66,66
Azarseth,exodar,1427,priest,discipline,48,24,24
Klituriis,twisting-nether,1427,priest,discipline,89,44,45
Dreamscapez,tarren-mill,1427,priest,discipline,97,45,52
Ylenae,twisting-nether,1427,priest,discipline,42,15,27
Hellmione,blackmoore,1427,priest,discipline,73,24,49
Saintsense,outland,1426,priest,discipline,84,44,40
Neddeadlius,outland,1426,priest,discipline,72,37,35
Shaneya,silvermoon,1426,priest,discipline,30,15,15
Joeasaurs,ragnaros,1426,priest,discipline,33,16,17
Emala,hyjal,1426,priest,discipline,35,15,20
Tntbigheal,silvermoon,1425,priest,discipline,91,51,40
Dankopriest,drakthul,1425,priest,discipline,78,42,36
Нэилшери,gordunni,1425,priest,discipline,48,25,23
Jael,frostmane,1425,priest,discipline,62,30,32
Miris,ysondre,1425,priest,discipline,48,21,27
Asprine,kazzak,1424,priest,discipline,148,85,63
Дыффян,gordunni,1424,priest,discipline,54,30,24
Whiskeyhaze,burning-legion,1424,priest,discipline,78,42,36
Ebashuvkashu,stormscale,1424,priest,discipline,88,46,42
Devot,outland,1424,priest,discipline,138,72,66
Хальтэнис,gordunni,1424,priest,discipline,48,23,25
Grabenkrieg,blackrock,1424,priest,discipline,54,25,29
Calonex,kazzak,1424,priest,discipline,55,25,30
Hónòr,sylvanas,1424,priest,discipline,59,20,39
Sphero,kazzak,1423,priest,discipline,100,57,43
Extralite,stormscale,1423,priest,discipline,281,148,133
Velles,nazjatar,1423,priest,discipline,728,373,355
Burnex,thrall,1423,priest,discipline,126,59,67
Cezzar,kazzak,1422,priest,discipline,41,26,15
Ciordel,draenor,1422,priest,discipline,83,45,38
Chilie,ravencrest,1422,priest,discipline,50,27,23
Phreyst,draenor,1422,priest,discipline,177,91,86
Codeincindy,blackhand,1422,priest,discipline,170,86,84
Yörüichi,kazzak,1422,priest,discipline,30,15,15
Spèrman,frostwolf,1422,priest,discipline,117,58,59
Adolin,onyxia,1422,priest,discipline,59,29,30
Stevep,tarren-mill,1422,priest,discipline,84,40,44
Pìkachù,stormscale,1422,priest,discipline,60,28,32
Héinékén,ravencrest,1422,priest,discipline,189,86,103
Slight,aggra-português,1421,priest,discipline,36,24,12
Атинка,gordunni,1421,priest,discipline,54,29,25
Морисгринх,gordunni,1421,priest,discipline,75,39,36
Noviriel,argent-dawn,1421,priest,discipline,153,70,83
Discobrill,silvermoon,1421,priest,discipline,96,43,53
Птист,azuregos,1421,priest,discipline,42,17,25
Simza,azuremyst,1420,priest,discipline,30,18,12
Тенсаи,howling-fjord,1420,priest,discipline,76,40,36
Rtfmx,outland,1420,priest,discipline,34,17,17
Bride,burning-legion,1420,priest,discipline,30,15,15
Dumbasf,sporeggar,1420,priest,discipline,30,15,15
Yorap,blackrock,1420,priest,discipline,42,20,22
Crimsõn,kazzak,1419,priest,discipline,54,28,26
Сафири,blackscar,1419,priest,discipline,30,15,15
Avázàr,stormscale,1419,priest,discipline,48,20,28
Cooriolis,sylvanas,1418,priest,discipline,41,27,14
Ezcobar,twilights-hammer,1418,priest,discipline,24,15,9
Radulfus,stormrage,1418,priest,discipline,30,18,12
Нэстикус,gordunni,1418,priest,discipline,30,16,14
Avenara,blackrock,1418,priest,discipline,30,15,15
Apostas,ragnaros,1418,priest,discipline,30,15,15
Justys,twisting-nether,1418,priest,discipline,36,15,21
Imoz,antonidas,1417,priest,discipline,24,15,9
Eagleess,silvermoon,1417,priest,discipline,42,25,17
Sprutch,kazzak,1417,priest,discipline,56,30,26
Тучанх,greymane,1417,priest,discipline,49,24,25
Arashana,hyjal,1416,priest,discipline,30,21,9
Nswqt,kazzak,1416,priest,discipline,92,57,35
Варинган,howling-fjord,1416,priest,discipline,64,37,27
Xayrin,thrall,1416,priest,discipline,84,45,39
Shilôz,hyjal,1416,priest,discipline,225,117,108
Mysticks,kirin-tor,1416,priest,discipline,119,57,62
Fetmeister,drakthul,1416,priest,discipline,42,20,22
Ryazz,blackrock,1416,priest,discipline,72,32,40
Touchmé,blackmoore,1416,priest,discipline,41,15,26
Zivy,silvermoon,1415,priest,discipline,122,67,55
Mertérésa,hyjal,1415,priest,discipline,67,36,31
Blutleid,malfurion,1415,priest,discipline,30,15,15
Deepsea,kazzak,1415,priest,discipline,536,263,273
Cryksî,blackhand,1415,priest,discipline,102,49,53
Рейсина,gordunni,1415,priest,discipline,36,15,21
Bakony,ravencrest,1414,priest,discipline,60,41,19
Praybro,blackmoore,1414,priest,discipline,41,24,17
Cottyx,outland,1414,priest,discipline,196,109,87
Гачибунта,blackscar,1414,priest,discipline,189,104,85
Arize,dun-modr,1414,priest,discipline,126,60,66
Rachelsz,ravencrest,1414,priest,discipline,72,33,39
Vynivan,korgall,1414,priest,discipline,54,24,30
Arya,dunemaul,1414,priest,discipline,42,16,26
Lucéa,antonidas,1413,priest,discipline,38,26,12
Îlkari,hyjal,1413,priest,discipline,35,22,13
Kaeldara,ysondre,1413,priest,discipline,24,15,9
Brênos,blackmoore,1413,priest,discipline,41,25,16
Faol,the-venture-co,1413,priest,discipline,30,18,12
Kotipope,silvermoon,1413,priest,discipline,123,72,51
Cöpahue,sanguino,1413,priest,discipline,60,35,25
Deathchicka,draenor,1413,priest,discipline,64,37,27
Bekareth,archimonde,1413,priest,discipline,128,70,58
Indicta,darksorrow,1413,priest,discipline,33,16,17
Joseantuan,sanguino,1412,priest,discipline,30,18,12
Vqny,archimonde,1412,priest,discipline,153,85,68
Myrmeen,silvermoon,1412,priest,discipline,217,116,101
Sarkamer,auchindoun,1412,priest,discipline,69,33,36
Castalia,ravencrest,1412,priest,discipline,101,48,53
Hashoko,draenor,1411,priest,discipline,42,29,13
Mortex,nemesis,1411,priest,discipline,72,39,33
Gøðlìke,aegwynn,1411,priest,discipline,221,114,107
Sebatröz,ravencrest,1410,priest,discipline,54,30,24
Stargóddess,kazzak,1410,priest,discipline,214,117,97
Bomzhik,silvermoon,1410,priest,discipline,301,164,137
Ецци,howling-fjord,1410,priest,discipline,44,23,21
Kiieevv,blackrock,1410,priest,discipline,383,197,186
Faelvirin,aegwynn,1410,priest,discipline,41,21,20
Shanya,thrall,1410,priest,discipline,42,20,22
Arrlina,magtheridon,1410,priest,discipline,107,50,57
Jóhnnybravó,kazzak,1410,priest,discipline,36,16,20
Xerxsiss,frostwolf,1410,priest,discipline,72,31,41
Вутитути,howling-fjord,1410,priest,discipline,36,15,21
Èlysium,grim-batol,1410,priest,discipline,60,24,36
Cring,kirin-tor,1409,priest,discipline,138,77,61
Malyzion,draenor,1409,priest,discipline,160,89,71
Мидэрка,howling-fjord,1409,priest,discipline,162,88,74
Бомжскадилом,gordunni,1409,priest,discipline,237,125,112
Ggsus,outland,1409,priest,discipline,106,52,54
Vadhänder,the-maelstrom,1409,priest,discipline,66,32,34
Пакетикдот,gordunni,1408,priest,discipline,297,163,134
Vynie,antonidas,1408,priest,discipline,48,25,23
Freaki,blackrock,1408,priest,discipline,72,36,36
Давалкасвета,gordunni,1408,priest,discipline,92,44,48
Mungam,draenor,1408,priest,discipline,98,45,53
Ylvanna,arthas,1408,priest,discipline,88,38,50
Altargirl,defias-brotherhood,1408,priest,discipline,66,25,41
Spoc,blackrock,1407,priest,discipline,119,67,52
Lasebeak,ravencrest,1407,priest,discipline,52,29,23
Doctep,sargeras,1407,priest,discipline,88,48,40
Zofa,sunstrider,1407,priest,discipline,118,64,54
Youkounkoun,garona,1407,priest,discipline,135,72,63
Korzec,dun-modr,1407,priest,discipline,114,60,54
Chrì,argent-dawn,1407,priest,discipline,48,24,24
Sensor,kazzak,1407,priest,discipline,105,52,53
Sppid,sanguino,1407,priest,discipline,350,170,180
Minsie,silvermoon,1407,priest,discipline,89,43,46
Solaqt,tarren-mill,1407,priest,discipline,60,23,37
Gothixs,draenor,1406,priest,discipline,44,26,18
Diszis,antonidas,1406,priest,discipline,42,23,19
Tyrhaa,blackmoore,1406,priest,discipline,30,16,14
Medipack,khaz-modan,1406,priest,discipline,112,57,55
Medivs,blackmoore,1405,priest,discipline,30,17,13
Nattramnone,blackmoore,1405,priest,discipline,87,46,41
Holysquirt,twisting-nether,1405,priest,discipline,42,18,24
Nextvbestapp,ravencrest,1405,priest,discipline,118,50,68
Cherrih,argent-dawn,1405,priest,discipline,54,17,37
Letmehêal,archimonde,1404,priest,discipline,66,36,30
Rightx,outland,1404,priest,discipline,269,139,130
Putinkuilo,outland,1404,priest,discipline,54,27,27
Sapholie,kirin-tor,1404,priest,discipline,30,15,15
Holymøly,earthen-ring,1404,priest,discipline,93,46,47
Faíht,blackrock,1404,priest,discipline,66,28,38
Óói,outland,1404,priest,discipline,37,15,22
Elyra,the-shatar,1403,priest,discipline,36,24,12
Злюкыч,gordunni,1403,priest,discipline,147,82,65
Аришвд,gordunni,1403,priest,discipline,80,44,36
Tony,agamaggan,1403,priest,discipline,83,43,40
Кэндимен,gordunni,1403,priest,discipline,327,167,160
Nikotyna,doomhammer,1403,priest,discipline,191,97,94
Jeryss,tarren-mill,1403,priest,discipline,160,81,79
Nemrtvaa,draenor,1403,priest,discipline,30,15,15
Mæzen,sylvanas,1403,priest,discipline,30,15,15
Eileengu,silvermoon,1402,priest,discipline,70,42,28
Gothandor,der-rat-von-dalaran,1402,priest,discipline,54,31,23
Nerul,twisting-nether,1402,priest,discipline,124,67,57
Gangreana,kazzak,1402,priest,discipline,114,60,54
Nestélle,drakthul,1402,priest,discipline,269,139,130
Vaetrilla,doomhammer,1402,priest,discipline,79,40,39
Laadyybirkee,blackhand,1402,priest,discipline,182,91,91
Kbakå,kazzak,1402,priest,discipline,32,15,17
Dejica,kult-der-verdammten,1402,priest,discipline,102,46,56
Fraydo,argent-dawn,1402,priest,discipline,36,16,20
Noreal,twisting-nether,1401,priest,discipline,42,25,17
Dirtydoc,area-52,1401,priest,discipline,126,66,60
Redøm,stormreaver,1401,priest,discipline,45,23,22
Dysko,alakir,1401,priest,discipline,30,15,15
Synoé,la-croisade-écarlate,1401,priest,discipline,101,49,52
Idontknow,sanguino,1401,priest,discipline,61,28,33
Durinko,thunderhorn,1401,priest,discipline,78,34,44
Tsipaz,outland,1401,priest,discipline,35,15,20
Flaskandeux,tarren-mill,1401,priest,discipline,230,94,136
Dènna,eldrethalas,1401,priest,discipline,54,22,32
Feriant,argent-dawn,1400,priest,discipline,65,42,23
Champp,drakthul,1400,priest,discipline,31,17,14
Suchetto,kazzak,1400,priest,discipline,72,39,33
Nuloa,ravencrest,1400,priest,discipline,48,26,22
Veecna,the-maelstrom,1400,priest,discipline,192,102,90
Lalgorithme,hyjal,1400,priest,discipline,54,28,26
Lapinvicieux,archimonde,1400,priest,discipline,66,34,32
Prisell,die-aldor,1400,priest,discipline,61,29,32
Kuki,tarren-mill,1400,priest,discipline,149,68,81
Darkest,ysondre,1400,priest,discipline,95,43,52
Вурти,howling-fjord,1400,priest,discipline,65,28,37
Broer,twisting-nether,1399,priest,discipline,30,18,12
Mindcrackr,stormscale,1399,priest,discipline,54,30,24
Matsipri,sylvanas,1399,priest,discipline,137,74,63
Mapples,antonidas,1398,priest,discipline,178,101,77
Ahree,sargeras,1398,priest,discipline,363,183,180
Licktheheal,outland,1398,priest,discipline,228,109,119
Fåtkidx,ravencrest,1398,priest,discipline,85,39,46
Carnacia,tarren-mill,1397,priest,discipline,96,55,41
Vrynna,kazzak,1397,priest,discipline,138,74,64
Jeuhy,talnivarr,1397,priest,discipline,181,96,85
Ðotgød,nemesis,1397,priest,discipline,36,19,17
Adev,drakthul,1397,priest,discipline,77,40,37
Ventorina,die-aldor,1397,priest,discipline,62,32,30
Хидека,howling-fjord,1397,priest,discipline,95,48,47
Yunggoth,eredar,1397,priest,discipline,50,24,26
Preachyjeg,ravencrest,1397,priest,discipline,132,55,77
Теньраа,soulflayer,1397,priest,discipline,60,23,37
Hellscon,kazzak,1396,priest,discipline,48,24,24
Benificent,argent-dawn,1396,priest,discipline,255,126,129
Rixis,la-croisade-écarlate,1396,priest,discipline,72,32,40
Dionegativ,draenor,1396,priest,discipline,66,24,42
Calisé,argent-dawn,1395,priest,discipline,24,15,9
Sílvana,nordrassil,1395,priest,discipline,178,95,83
Iluras,thunderhorn,1395,priest,discipline,55,29,26
Enigam,alakir,1395,priest,discipline,86,44,42
Hydroxizine,ragnaros,1395,priest,discipline,36,15,21
Celestias,sanguino,1395,priest,discipline,39,16,23
Holybunny,blackrock,1394,priest,discipline,116,65,51
Sabaxdxd,dun-modr,1394,priest,discipline,236,118,118
Ximya,kazzak,1394,priest,discipline,82,41,41
Pixr,defias-brotherhood,1394,priest,discipline,30,15,15
Jordí,darkspear,1394,priest,discipline,239,118,121
Alakkiria,ravencrest,1394,priest,discipline,77,38,39
Kroa,ragnaros,1393,priest,discipline,24,15,9
Poxqt,thrall,1393,priest,discipline,84,50,34
Drxz,twilights-hammer,1393,priest,discipline,58,30,28
Littleheal,ghostlands,1393,priest,discipline,49,24,25
Ufos,stormscale,1393,priest,discipline,86,42,44
Elnîa,conseil-des-ombres,1393,priest,discipline,95,42,53
Bolflo,khaz-modan,1392,priest,discipline,147,79,68
Voidwaffel,blackmoore,1392,priest,discipline,72,37,35
Aliciakeys,twilights-hammer,1392,priest,discipline,46,18,28
Skarnir,uldaman,1392,priest,discipline,105,40,65
Xarxis,twisting-nether,1392,priest,discipline,54,20,34
Elosen,darkspear,1391,priest,discipline,102,55,47
Cheja,ravencrest,1391,priest,discipline,150,79,71
Salyisra,draenor,1391,priest,discipline,137,71,66
Exila,rashgarroth,1391,priest,discipline,37,18,19
Evolís,blackmoore,1391,priest,discipline,102,49,53
Animepfp,stormreaver,1391,priest,discipline,140,67,73
Vierforvier,aegwynn,1391,priest,discipline,132,61,71
Иннрей,soulflayer,1391,priest,discipline,42,19,23
Voltáren,blackmoore,1390,priest,discipline,56,35,21
Killerkende,ragnaros,1390,priest,discipline,110,59,51
Aisha,rajaxx,1390,priest,discipline,123,60,63
Люблюкофе,deathguard,1390,priest,discipline,94,45,49
Unholyfield,draenor,1390,priest,discipline,168,80,88
Kojee,blackrock,1390,priest,discipline,96,44,52
Hunfall,stormscale,1390,priest,discipline,112,51,61
Zombîe,draenor,1390,priest,discipline,42,16,26
Janclod,pozzo-delleternità,1389,priest,discipline,48,31,17
Salzgehalt,antonidas,1389,priest,discipline,176,98,78
Micobra,dalaran,1389,priest,discipline,53,29,24
Healmebaby,kiljaeden,1389,priest,discipline,30,16,14
Hellsaya,ysondre,1389,priest,discipline,96,51,45
Pàndoràh,nemesis,1389,priest,discipline,78,38,40
Сайларс,howling-fjord,1389,priest,discipline,66,32,34
Вестайс,gordunni,1389,priest,discipline,135,65,70
Tarana,mannoroth,1389,priest,discipline,38,18,20
Comple,kazzak,1389,priest,discipline,36,16,20
Меинбиг,gordunni,1389,priest,discipline,52,21,31
Fapfapjohn,sylvanas,1389,priest,discipline,41,15,26
Aaron,aegwynn,1388,priest,discipline,31,20,11
Kâmy,archimonde,1388,priest,discipline,120,65,55
Shagan,archimonde,1388,priest,discipline,30,15,15
Juco,draenor,1388,priest,discipline,36,17,19
Hiereia,khadgar,1388,priest,discipline,200,94,106
Dwel,bloodfeather,1388,priest,discipline,41,16,25
Ivysaurus,ravencrest,1387,priest,discipline,96,50,46
Pètunia,ravencrest,1387,priest,discipline,397,206,191
Scodây,blackmoore,1387,priest,discipline,331,171,160
Anzil,dun-modr,1387,priest,discipline,176,82,94
Shellpop,stormscale,1387,priest,discipline,35,16,19
Sbeecha,argent-dawn,1387,priest,discipline,156,70,86
Yuki,trollbane,1386,priest,discipline,44,24,20
Nakali,the-maelstrom,1386,priest,discipline,30,16,14
Grravehheart,kazzak,1386,priest,discipline,85,45,40
Blackchrist,uldum,1386,priest,discipline,137,72,65
Альфреска,gordunni,1386,priest,discipline,94,48,46
Созвонимся,gordunni,1386,priest,discipline,121,61,60
Illüminaty,sylvanas,1386,priest,discipline,121,61,60
Imda,ravencrest,1386,priest,discipline,182,89,93
Pyropenance,twisting-nether,1386,priest,discipline,83,35,48
Tallzoné,ravencrest,1385,priest,discipline,190,103,87
Munchies,scarshield-legion,1385,priest,discipline,54,28,26
Stambuff,ragnaros,1385,priest,discipline,36,18,18
Sehek,sanguino,1385,priest,discipline,96,39,57
Ruderali,blackmoore,1384,priest,discipline,428,218,210
Dragovic,chogall,1384,priest,discipline,86,40,46
Вегельдэрс,gordunni,1384,priest,discipline,48,22,26
Borrex,sanguino,1383,priest,discipline,19,16,3
Paine,pozzo-delleternità,1383,priest,discipline,89,50,39
Cutename,burning-blade,1383,priest,discipline,54,28,26
Holynelph,kazzak,1383,priest,discipline,32,16,16
Юлих,booty-bay,1383,priest,discipline,274,133,141
Predpriest,twisting-nether,1383,priest,discipline,43,16,27
Levimm,turalyon,1382,priest,discipline,381,198,183
Tintapri,aszune,1382,priest,discipline,122,62,60
Manuba,antonidas,1382,priest,discipline,63,32,31
Radizzel,tichondrius,1382,priest,discipline,46,20,26
Oikus,minahonda,1381,priest,discipline,54,30,24
Lekadolplusc,doomhammer,1381,priest,discipline,420,222,198
Некроликон,grom,1381,priest,discipline,145,75,70
Дядяврач,howling-fjord,1381,priest,discipline,218,108,110
Chôrdi,aegwynn,1381,priest,discipline,196,91,105
Dibelo,eredar,1381,priest,discipline,47,20,27
Keppas,doomhammer,1380,priest,discipline,103,57,46
Valeriana,stormreaver,1380,priest,discipline,221,115,106
Psyfir,outland,1380,priest,discipline,260,135,125
Quetraxz,chogall,1380,priest,discipline,48,24,24
Щещенская,gordunni,1380,priest,discipline,48,21,27
Щявыхилим,howling-fjord,1379,priest,discipline,97,57,40
Lothyf,archimonde,1379,priest,discipline,52,29,23
Elderath,eredar,1379,priest,discipline,116,55,61
Anniegelic,ravencrest,1379,priest,discipline,66,29,37
Tripsdrill,blackmoore,1378,priest,discipline,57,40,17
Nudavbrne,drakthul,1378,priest,discipline,41,25,16
Phèbz,archimonde,1378,priest,discipline,48,29,19
Vaewyn,ravencrest,1378,priest,discipline,79,42,37
Apeist,outland,1378,priest,discipline,146,77,69
Лимоняшечка,soulflayer,1378,priest,discipline,110,58,52
Keltalador,zuljin,1378,priest,discipline,53,26,27
Bubidiblumpr,twisting-nether,1377,priest,discipline,84,47,37
Joojee,tarren-mill,1377,priest,discipline,83,46,37
Гандболист,soulflayer,1377,priest,discipline,66,33,33
Vædan,drakthul,1376,priest,discipline,36,20,16
Pocketsimp,stormscale,1376,priest,discipline,182,92,90
Höfi,ragnaros,1376,priest,discipline,146,66,80
Рукатёмная,soulflayer,1376,priest,discipline,89,39,50
Luziz,blackmoore,1376,priest,discipline,45,19,26
Эстрогенс,gordunni,1376,priest,discipline,60,22,38
Wortgottes,blackrock,1375,priest,discipline,52,32,20
Dolifrius,dalaran,1375,priest,discipline,50,30,20
Zzero,kazzak,1375,priest,discipline,73,40,33
Ompala,shattered-hand,1375,priest,discipline,43,23,20
Skardumi,blackmoore,1375,priest,discipline,52,26,26
Symeria,sylvanas,1374,priest,discipline,78,43,35
Ùçù,dalaran,1374,priest,discipline,94,51,43
Qïx,ravencrest,1374,priest,discipline,45,24,21
Arthyria,archimonde,1374,priest,discipline,72,36,36
Absórb,quelthalas,1374,priest,discipline,60,28,32
Otheym,the-maelstrom,1374,priest,discipline,39,18,21
Санёквиртуоз,soulflayer,1374,priest,discipline,42,16,26
Pocketissue,ravencrest,1373,priest,discipline,32,21,11
Massdispell,silvermoon,1373,priest,discipline,52,27,25
Iqr,blackmoore,1373,priest,discipline,72,30,42
Majinme,kazzak,1372,priest,discipline,60,31,29
Rabbît,stormscale,1372,priest,discipline,82,42,40
Svevo,ravencrest,1372,priest,discipline,147,71,76
Híppokrates,dethecus,1372,priest,discipline,119,55,64
Têhïcâ,dun-modr,1371,priest,discipline,122,60,62
Zeslash,suramar,1371,priest,discipline,69,27,42
Glimpseofus,ragnaros,1371,priest,discipline,54,20,34
Fireflowers,silvermoon,1370,priest,discipline,132,64,68
Весёлыйкоил,gordunni,1369,priest,discipline,21,15,6
Nûwa,draenor,1369,priest,discipline,83,48,35
Svartylol,outland,1369,priest,discipline,112,64,48
Apøcalypso,antonidas,1369,priest,discipline,186,91,95
Lunegrise,archimonde,1369,priest,discipline,60,27,33
Dømini,tarren-mill,1368,priest,discipline,30,19,11
Летиин,gordunni,1368,priest,discipline,99,47,52
Saiki,sanguino,1367,priest,discipline,52,28,24
Annisa,kazzak,1367,priest,discipline,161,86,75
Джороко,howling-fjord,1367,priest,discipline,102,54,48
Joxdox,archimonde,1367,priest,discipline,42,20,22
Aethana,ravencrest,1367,priest,discipline,40,18,22
Speltmor,stormscale,1367,priest,discipline,42,18,24
Høiy,antonidas,1366,priest,discipline,26,16,10
Burtarul,argent-dawn,1366,priest,discipline,27,16,11
Fakebob,draenor,1366,priest,discipline,48,25,23
Shidori,dalaran,1366,priest,discipline,78,40,38
Mamaoh,ravencrest,1366,priest,discipline,69,34,35
Hugerage,stormreaver,1366,priest,discipline,148,67,81
Mysticforces,silvermoon,1365,priest,discipline,84,36,48
Jána,argent-dawn,1364,priest,discipline,24,16,8
Manî,quelthalas,1364,priest,discipline,30,17,13
Elûnä,ysondre,1364,priest,discipline,340,179,161
Æisa,blackmoore,1364,priest,discipline,189,98,91
Carcaz,blackmoore,1364,priest,discipline,59,27,32
Hidary,ysondre,1364,priest,discipline,67,30,37
Lysium,sylvanas,1364,priest,discipline,48,20,28
Divinekat,tarren-mill,1363,priest,discipline,70,42,28
Bacberon,skullcrusher,1363,priest,discipline,84,48,36
Durness,argent-dawn,1363,priest,discipline,84,42,42
Raî,durotan,1363,priest,discipline,62,31,31
Aroghul,eredar,1363,priest,discipline,144,70,74
Lezz,ragnaros,1363,priest,discipline,54,24,30
Øtîs,aegwynn,1363,priest,discipline,38,16,22
Priszt,arathor,1363,priest,discipline,36,15,21
Экспл,lich-king,1362,priest,discipline,28,15,13
ßowforme,aegwynn,1362,priest,discipline,96,50,46
Xyfas,azshara,1362,priest,discipline,60,28,32
Joniop,stormreaver,1362,priest,discipline,72,33,39
Johnblack,dun-morogh,1362,priest,discipline,36,16,20
Dzoo,kazzak,1362,priest,discipline,70,30,40
Bjornqt,ragnaros,1362,priest,discipline,86,35,51
Linara,frostmane,1361,priest,discipline,36,24,12
Lehava,archimonde,1361,priest,discipline,38,20,18
Valythria,blackhand,1361,priest,discipline,129,65,64
Уноханагодх,howling-fjord,1361,priest,discipline,98,48,50
Wish,blackmoore,1361,priest,discipline,134,65,69
Dstars,archimonde,1361,priest,discipline,88,40,48
Krìnzy,illidan,1361,priest,discipline,108,49,59
Maidie,stormscale,1360,priest,discipline,89,50,39
Elderiel,turalyon,1360,priest,discipline,407,208,199
Morerespect,lothar,1360,priest,discipline,30,15,15
Smilyface,sylvanas,1360,priest,discipline,86,41,45
Naïlu,hyjal,1359,priest,discipline,72,40,32
Dooga,draenor,1359,priest,discipline,30,15,15
Ezechiel,twisting-nether,1359,priest,discipline,105,52,53
Тодохил,gordunni,1359,priest,discipline,191,90,101
Holycrit,aszune,1359,priest,discipline,83,35,48
Ÿë,stormreaver,1359,priest,discipline,37,15,22
Aykò,blackmoore,1359,priest,discipline,56,20,36
Rzpa,blackhand,1358,priest,discipline,100,51,49
Prellish,draenor,1358,priest,discipline,72,33,39
Ovrpwr,stormscale,1358,priest,discipline,35,16,19
Priesless,sylvanas,1357,priest,discipline,34,20,14
Missdreavus,draenor,1357,priest,discipline,102,57,45
Sasabsi,malorne,1357,priest,discipline,60,33,27
Juîcycheeks,frostwolf,1357,priest,discipline,167,82,85
Luznywiesiek,burning-legion,1357,priest,discipline,104,51,53
Slasherh,ravencrest,1357,priest,discipline,213,103,110
Varrês,kazzak,1357,priest,discipline,154,70,84
Esüna,ysondre,1356,priest,discipline,48,26,22
Byxoph,sanguino,1356,priest,discipline,113,56,57
Thrakoun,twilights-hammer,1356,priest,discipline,278,137,141
Весенняя,gordunni,1356,priest,discipline,117,57,60
Скумизарг,gordunni,1356,priest,discipline,36,17,19
Marryisme,twisting-nether,1356,priest,discipline,132,59,73
Äkvä,ragnaros,1356,priest,discipline,66,26,40
Deadonmyscrn,ravencrest,1355,priest,discipline,36,29,7
Dànè,defias-brotherhood,1355,priest,discipline,30,21,9
Xvpr,trollbane,1355,priest,discipline,41,24,17
Cntrl,frostmane,1355,priest,discipline,179,95,84
Sâtânica,kelthuzad,1355,priest,discipline,224,108,116
Juliane,trollbane,1355,priest,discipline,147,63,84
Эйвиг,blackscar,1355,priest,discipline,81,34,47
Paterpaisios,kazzak,1355,priest,discipline,54,20,34
Barnicha,grim-batol,1354,priest,discipline,24,15,9
Leckpriest,sanguino,1354,priest,discipline,69,35,34
Grausami,zuluhed,1354,priest,discipline,72,36,36
Eros,illidan,1354,priest,discipline,72,36,36
Miabelle,argent-dawn,1354,priest,discipline,58,27,31
Sneed,moonglade,1354,priest,discipline,78,34,44
Bublies,silvermoon,1353,priest,discipline,61,32,29
Zenholy,kazzak,1353,priest,discipline,91,44,47
Сегуната,howling-fjord,1353,priest,discipline,42,16,26
Solarïah,garona,1352,priest,discipline,32,19,13
Priestige,spinebreaker,1352,priest,discipline,36,21,15
Ginebra,archimonde,1352,priest,discipline,84,48,36
Vocolieth,argent-dawn,1352,priest,discipline,45,21,24
Imhotép,anubarak,1352,priest,discipline,47,21,26
Мариона,gordunni,1351,priest,discipline,48,26,22
Орклекарь,soulflayer,1351,priest,discipline,48,25,23
Menda,eredar,1351,priest,discipline,142,72,70
Deshaz,tarren-mill,1351,priest,discipline,105,53,52
Lenanitro,blackrock,1351,priest,discipline,65,32,33
Widöw,cthun,1351,priest,discipline,126,62,64
Shîn,aegwynn,1351,priest,discipline,90,44,46
Cyberlunatic,antonidas,1351,priest,discipline,256,115,141
Brelett,the-maelstrom,1351,priest,discipline,36,16,20
Guerilagusto,draenor,1351,priest,discipline,66,28,38
Marilya,dalvengyr,1351,priest,discipline,42,15,27
Маимморта,howling-fjord,1350,priest,discipline,72,39,33
Stepsisterr,ravencrest,1350,priest,discipline,102,53,49
Holyfussell,antonidas,1350,priest,discipline,92,44,48
Ministry,tirion,1350,priest,discipline,87,41,46
Dtqs,grim-batol,1349,priest,discipline,36,22,14
Sytawa,blackmoore,1349,priest,discipline,104,55,49
Mércíless,ravencrest,1349,priest,discipline,95,50,45
Ichpvpeuch,eredar,1349,priest,discipline,61,31,30
Anubisones,uldum,1349,priest,discipline,89,43,46
Девственен,soulflayer,1349,priest,discipline,54,26,28
Xdthe,tarren-mill,1349,priest,discipline,204,98,106
Jerichó,blackmoore,1348,priest,discipline,58,38,20
Крашдайс,soulflayer,1348,priest,discipline,115,53,62
Jazty,sanguino,1348,priest,discipline,42,19,23
Anotherlife,stormscale,1347,priest,discipline,24,15,9
Adrodda,kazzak,1347,priest,discipline,89,42,47
Atremius,dragonmaw,1347,priest,discipline,78,35,43
Vividots,draenor,1347,priest,discipline,53,23,30
Hydrôlic,blackrock,1346,priest,discipline,42,28,14
Хаварь,gordunni,1346,priest,discipline,134,71,63
Hidr,nemesis,1346,priest,discipline,90,47,43
Säeneris,hyjal,1346,priest,discipline,41,18,23
Labbépîerre,hyjal,1346,priest,discipline,42,16,26
Bilgecan,silvermoon,1345,priest,discipline,49,32,17
Söultaker,ravencrest,1345,priest,discipline,75,41,34
Pestaso,shendralar,1345,priest,discipline,54,29,25
Pwjetlifelol,grim-batol,1345,priest,discipline,97,52,45
Фрустрациия,soulflayer,1345,priest,discipline,49,26,23
Brickles,thrall,1345,priest,discipline,48,25,23
Mukake,burning-legion,1345,priest,discipline,193,100,93
Kâltak,aegwynn,1345,priest,discipline,108,51,57
Oxborn,thrall,1345,priest,discipline,125,58,67
Hugeaf,antonidas,1344,priest,discipline,43,27,16
Discoprillan,twisting-nether,1344,priest,discipline,61,37,24
Lâughing,ravencrest,1344,priest,discipline,54,29,25
Удзумукец,howling-fjord,1344,priest,discipline,124,57,67
Batsu,hyjal,1344,priest,discipline,94,43,51
Alexsmite,tarren-mill,1343,priest,discipline,24,14,10
Nëw,los-errantes,1343,priest,discipline,24,14,10
Зиибак,soulflayer,1343,priest,discipline,38,22,16
Rustyroll,stormscale,1343,priest,discipline,42,20,22
Rptr,ravencrest,1342,priest,discipline,18,14,4
Zathada,twisting-nether,1342,priest,discipline,81,48,33
Adeeva,ravencrest,1342,priest,discipline,105,60,45
Therezzer,burning-legion,1342,priest,discipline,54,30,24
Amädeuss,tarren-mill,1342,priest,discipline,84,42,42
Иварэкзарх,gordunni,1342,priest,discipline,76,38,38
Frekio,eitrigg,1342,priest,discipline,230,114,116
Holypepper,outland,1342,priest,discipline,173,85,88
Aeternuz,tarren-mill,1342,priest,discipline,91,39,52
Hauntzer,veknilash,1342,priest,discipline,66,26,40
Rukiä,chogall,1341,priest,discipline,24,14,10
Earnzy,outland,1341,priest,discipline,77,41,36
Soreboners,stormscale,1341,priest,discipline,30,14,16
Nietzsche,area-52,1341,priest,discipline,128,59,69
Sytrix,frostwolf,1340,priest,discipline,77,46,31
Сендрагон,blackscar,1340,priest,discipline,54,32,22
Dartheon,twisting-nether,1340,priest,discipline,162,77,85
Solerona,blackmoore,1340,priest,discipline,30,14,16
Anaalipeura,stormreaver,1340,priest,discipline,111,49,62
Далайна,galakrond,1340,priest,discipline,36,14,22
Darkweed,twilights-hammer,1339,priest,discipline,147,79,68
Coolestguy,ravencrest,1339,priest,discipline,30,16,14
Артэта,blackscar,1339,priest,discipline,36,18,18
Darkoze,kazzak,1339,priest,discipline,84,41,43
Azazzel,nathrezim,1339,priest,discipline,42,18,24
Elyradp,dun-modr,1338,priest,discipline,126,71,55
Батлграунтт,soulflayer,1338,priest,discipline,80,43,37
Vrom,draenor,1338,priest,discipline,42,22,20
Спсчтоживой,blackscar,1338,priest,discipline,155,76,79
Rodshun,dun-modr,1338,priest,discipline,158,76,82
Maiel,die-aldor,1338,priest,discipline,44,21,23
Torî,blackrock,1338,priest,discipline,102,43,59
Slemso,stormscale,1337,priest,discipline,18,14,4
Skelica,ragnaros,1337,priest,discipline,24,14,10
Yaoz,sanguino,1337,priest,discipline,24,14,10
Flickos,twisting-nether,1337,priest,discipline,24,14,10
Tumlaa,ravencrest,1337,priest,discipline,56,31,25
Chuntriest,shadowsong,1337,priest,discipline,42,21,21
Îwi,archimonde,1337,priest,discipline,30,14,16
Kangkong,ravencrest,1337,priest,discipline,39,17,22
Dfourc,blackhand,1337,priest,discipline,42,18,24
Tezqt,ravencrest,1336,priest,discipline,24,14,10
Sariss,ravencrest,1336,priest,discipline,24,14,10
Shomäre,ysondre,1336,priest,discipline,138,74,64
Halysis,chamber-of-aspects,1336,priest,discipline,28,14,14
Lovely,silvermoon,1336,priest,discipline,48,23,25
Fractu,tarren-mill,1336,priest,discipline,36,14,22
Nirsis,dun-modr,1335,priest,discipline,207,97,110
Jokaël,ysondre,1335,priest,discipline,144,66,78
Derathon,eredar,1334,priest,discipline,36,22,14
Viroxian,outland,1334,priest,discipline,113,63,50
Convulsiveq,silvermoon,1334,priest,discipline,317,156,161
Exorcitador,shendralar,1334,priest,discipline,88,37,51
Noneedpriest,stormscale,1333,priest,discipline,24,14,10
Memoniia,ravencrest,1333,priest,discipline,48,27,21
Psychoboris,outland,1333,priest,discipline,169,91,78
Sedu,draenor,1333,priest,discipline,33,15,18
Radiance,emeriss,1333,priest,discipline,40,15,25
Teedye,ravencrest,1332,priest,discipline,18,14,4
Fabs,laughing-skull,1332,priest,discipline,28,17,11
Buszeekk,outland,1332,priest,discipline,52,28,24
Zerotorone,stormscale,1332,priest,discipline,80,43,37
Denarne,blackrock,1332,priest,discipline,36,14,22
Nabira,pozzo-delleternità,1331,priest,discipline,43,28,15
Pmake,ravencrest,1331,priest,discipline,24,14,10
Dreampriest,frostmane,1331,priest,discipline,26,15,11
Miliane,twisting-nether,1331,priest,discipline,30,14,16
Blackheal,sanguino,1331,priest,discipline,86,36,50
Лакукарача,howling-fjord,1331,priest,discipline,82,34,48
Axxul,blackrock,1331,priest,discipline,66,24,42
Clergy,hellfire,1330,priest,discipline,108,71,37
Amambo,chamber-of-aspects,1330,priest,discipline,66,38,28
Valaç,turalyon,1330,priest,discipline,149,76,73
Nuph,ravencrest,1330,priest,discipline,62,29,33
Køsi,silvermoon,1330,priest,discipline,58,25,33
Баптисто,gordunni,1329,priest,discipline,24,14,10
Акктуальная,deepholm,1329,priest,discipline,84,47,37
Herapeutic,argent-dawn,1329,priest,discipline,102,57,45
Altar,grim-batol,1329,priest,discipline,167,89,78
Voidvania,drakthul,1329,priest,discipline,47,25,22
Tyog,khazgoroth,1329,priest,discipline,31,16,15
Svartochelak,stormscale,1329,priest,discipline,54,24,30
Freyalas,dun-morogh,1328,priest,discipline,18,14,4
Sanuki,stormscale,1328,priest,discipline,24,14,10
Скизма,gordunni,1328,priest,discipline,92,50,42
Aeternethy,ravencrest,1328,priest,discipline,95,44,51
Peersh,ahnqiraj,1327,priest,discipline,18,14,4
Chealsey,thrall,1327,priest,discipline,63,38,25
Роа,soulflayer,1327,priest,discipline,35,20,15
Пристяо,howling-fjord,1327,priest,discipline,162,90,72
Tiktokdancér,kazzak,1327,priest,discipline,144,76,68
Jimmbosmite,stormscale,1327,priest,discipline,54,26,28
Prinyatel,tarren-mill,1327,priest,discipline,30,14,16
Lanthypriest,hyjal,1327,priest,discipline,30,14,16
Jävlarottá,ravencrest,1327,priest,discipline,30,14,16
Саня,razuvious,1327,priest,discipline,36,16,20
Nou,aegwynn,1327,priest,discipline,36,14,22
Марджелла,howling-fjord,1326,priest,discipline,52,25,27
Fathermaxii,stormrage,1325,priest,discipline,35,22,13
Ximenia,eredar,1325,priest,discipline,43,25,18
Скорлупкина,gordunni,1325,priest,discipline,59,34,25
Suzziee,silvermoon,1325,priest,discipline,66,34,32
Fiilaaja,stormreaver,1325,priest,discipline,72,37,35
Простойа,deathguard,1325,priest,discipline,164,84,80
Clapa,ravencrest,1325,priest,discipline,51,25,26
Baddly,silvermoon,1325,priest,discipline,304,147,157
Knøw,ravencrest,1325,priest,discipline,115,53,62
Skrnz,turalyon,1325,priest,discipline,59,26,33
Германий,deathguard,1324,priest,discipline,35,21,14
Chodia,silvermoon,1324,priest,discipline,89,48,41
Kalisy,ravencrest,1324,priest,discipline,52,27,25
Nirvánabang,sylvanas,1324,priest,discipline,54,27,27
Carlye,stormreaver,1324,priest,discipline,78,37,41
Calsote,sanguino,1324,priest,discipline,60,25,35
Qoryn,ravencrest,1324,priest,discipline,36,14,22
Reìdood,stormscale,1323,priest,discipline,110,59,51
Вальдемарс,howling-fjord,1323,priest,discipline,65,30,35
Bakër,dalaran,1323,priest,discipline,51,23,28
Avengëd,nagrand,1323,priest,discipline,54,24,30
Chilltcaster,blackrock,1323,priest,discipline,38,15,23
Eclaír,blackhand,1323,priest,discipline,48,18,30
Seum,ravencrest,1322,priest,discipline,122,68,54
Buttafly,archimonde,1322,priest,discipline,42,23,19
Aíushtha,frostmane,1322,priest,discipline,136,72,64
Sinatra,sylvanas,1322,priest,discipline,133,68,65
Smålbenör,stormreaver,1322,priest,discipline,63,32,31
Haligato,archimonde,1322,priest,discipline,142,71,71
Sqizz,antonidas,1322,priest,discipline,54,24,30
Zârvâjh,aszune,1322,priest,discipline,36,16,20
Mercîlezz,eredar,1321,priest,discipline,18,14,4
Idora,aegwynn,1321,priest,discipline,24,14,10
Outcast,korgall,1321,priest,discipline,78,41,37
Libido,outland,1321,priest,discipline,239,125,114
Crazyname,outland,1321,priest,discipline,241,119,122
Starnote,auchindoun,1321,priest,discipline,82,40,42
Дэкспрут,soulflayer,1321,priest,discipline,60,29,31
Kreador,twisting-nether,1321,priest,discipline,90,39,51
Étesech,zuljin,1321,priest,discipline,84,34,50
Uanna,ravencrest,1321,priest,discipline,36,14,22
Ishande,los-errantes,1320,priest,discipline,249,132,117
Moustafaz,archimonde,1320,priest,discipline,33,17,16
Выхилютебя,galakrond,1320,priest,discipline,57,27,30
Докторпэйн,howling-fjord,1320,priest,discipline,128,60,68
Punkrockgirl,destromath,1320,priest,discipline,84,39,45
Whicked,outland,1320,priest,discipline,53,24,29
Nirvänah,ysondre,1320,priest,discipline,41,17,24
Disconsick,vashj,1320,priest,discipline,130,50,80
Henreita,darksorrow,1319,priest,discipline,53,31,22
Nygel,kazzak,1319,priest,discipline,75,43,32
Шкуропльот,gordunni,1319,priest,discipline,106,56,50
Zerula,outland,1319,priest,discipline,334,174,160
Fixyou,aggra-português,1319,priest,discipline,137,70,67
Damnatíon,ravencrest,1318,priest,discipline,18,14,4
Texstil,blackmoore,1318,priest,discipline,78,41,37
Шадоухоррор,gordunni,1318,priest,discipline,123,59,64
Babbúb,tarren-mill,1318,priest,discipline,35,14,21
Lynû,frostwolf,1318,priest,discipline,60,23,37
Ødelia,anubarak,1317,priest,discipline,24,15,9
Holydisease,tarren-mill,1317,priest,discipline,24,14,10
Amanojaku,archimonde,1317,priest,discipline,53,27,26
Phobica,frostmane,1317,priest,discipline,30,14,16
Adallon,blackmoore,1317,priest,discipline,42,14,28
Agorasii,frostwolf,1316,priest,discipline,48,26,22
Carrhyks,archimonde,1316,priest,discipline,138,69,69
Холигард,grom,1316,priest,discipline,36,17,19
Lizium,kazzak,1316,priest,discipline,42,16,26
Ìstarï,sylvanas,1316,priest,discipline,66,24,42
Akadras,blackmoore,1315,priest,discipline,45,26,19
Freshpope,ravencrest,1315,priest,discipline,89,51,38
Eowins,blackmoore,1315,priest,discipline,100,52,48
Gromalia,hyjal,1315,priest,discipline,54,27,27
Kamiyasa,blackmoore,1315,priest,discipline,173,85,88
Ziaz,the-maelstrom,1315,priest,discipline,58,28,30
Schlúckunweg,antonidas,1315,priest,discipline,78,37,41
Flokz,archimonde,1314,priest,discipline,30,18,12
Slitenprest,kazzak,1314,priest,discipline,69,40,29
Hewwo,sylvanas,1314,priest,discipline,162,83,79
Soupana,darksorrow,1314,priest,discipline,133,68,65
Aboû,archimonde,1314,priest,discipline,51,26,25
Sickz,blackrock,1314,priest,discipline,84,41,43
Yugo,outland,1314,priest,discipline,41,15,26
Velenthan,stormrage,1313,priest,discipline,48,27,21
Pl,sunstrider,1313,priest,discipline,60,32,28
Mukkin,tarren-mill,1313,priest,discipline,38,20,18
Senorvåc,ravencrest,1313,priest,discipline,149,75,74
Орбит,blackscar,1312,priest,discipline,112,47,65
Kelsy,zuljin,1311,priest,discipline,24,14,10
Lovly,antonidas,1311,priest,discipline,24,14,10
Gimcho,magtheridon,1311,priest,discipline,60,31,29
Hensynsløs,draenor,1311,priest,discipline,78,40,38
Ассарх,lich-king,1311,priest,discipline,78,39,39
Oncooldown,thrall,1310,priest,discipline,78,39,39
Violentha,silvermoon,1310,priest,discipline,30,15,15
Gïanna,archimonde,1310,priest,discipline,205,99,106
Empí,sanguino,1309,priest,discipline,42,23,19
Tech,draenor,1309,priest,discipline,48,24,24
Wakeybakey,tarren-mill,1309,priest,discipline,138,68,70
Blasfemo,nemesis,1309,priest,discipline,64,30,34
Rotzpippn,blackhand,1309,priest,discipline,69,26,43
Æç,malganis,1308,priest,discipline,53,37,16
Wundervoid,silvermoon,1308,priest,discipline,60,34,26
Votiqt,tarren-mill,1308,priest,discipline,30,17,13
Wärtheur,sanguino,1308,priest,discipline,329,163,166
Curanders,sanguino,1308,priest,discipline,54,26,28
Overshadowed,kazzak,1308,priest,discipline,211,99,112
Эннхэтэуэй,soulflayer,1308,priest,discipline,90,42,48
Healvendor,darkmoon-faire,1308,priest,discipline,36,15,21
Лимью,soulflayer,1308,priest,discipline,73,30,43
Mirelaw,stormscale,1307,priest,discipline,125,65,60
Filit,hyjal,1307,priest,discipline,48,22,26
Prev,twisting-nether,1307,priest,discipline,42,19,23
Garevar,antonidas,1307,priest,discipline,88,39,49
Synteria,gilneas,1307,priest,discipline,120,49,71
Arasos,drakthul,1306,priest,discipline,77,52,25
Whîs,stormscale,1306,priest,discipline,30,18,12
Chukapi,stormscale,1306,priest,discipline,54,31,23
Gîpsyjoe,ragnaros,1306,priest,discipline,42,21,21
Thanil,bloodfeather,1306,priest,discipline,59,28,31
Juiccyluccy,ravencrest,1306,priest,discipline,35,14,21
Faderken,tarren-mill,1305,priest,discipline,66,42,24
Джейнкелли,borean-tundra,1305,priest,discipline,235,135,100
Styrbjörn,shattered-hand,1305,priest,discipline,115,58,57
Xieen,outland,1305,priest,discipline,210,105,105
Levy,azuremyst,1305,priest,discipline,47,23,24
Zakuula,burning-legion,1305,priest,discipline,52,24,28
Skuhlx,blackrock,1305,priest,discipline,90,39,51
Paulinka,auchindoun,1305,priest,discipline,102,42,60
Подчинись,ashenvale,1304,priest,discipline,172,93,79
Ангеланика,gordunni,1304,priest,discipline,42,22,20
Aszneê,proudmoore,1304,priest,discipline,78,39,39
Kutjeskopper,silvermoon,1304,priest,discipline,96,46,50
Sephìrøth,malganis,1304,priest,discipline,96,46,50
Chénony,ravencrest,1304,priest,discipline,78,35,43
Selenar,neptulon,1303,priest,discipline,105,56,49
Zászàsmaster,kazzak,1303,priest,discipline,42,21,21
Nésha,dun-modr,1303,priest,discipline,65,32,33
Bananensuppe,kult-der-verdammten,1303,priest,discipline,112,54,58
Floofz,auchindoun,1302,priest,discipline,57,33,24
Fkup,twisting-nether,1302,priest,discipline,36,20,16
Babambaba,sylvanas,1302,priest,discipline,28,15,13
Тварьгосподя,gordunni,1302,priest,discipline,410,204,206
Albibak,hyjal,1302,priest,discipline,64,31,33
Appox,amanthul,1302,priest,discipline,36,16,20
Nioubèy,archimonde,1301,priest,discipline,65,37,28
Feelmypainn,kazzak,1301,priest,discipline,102,51,51
Genthus,kazzak,1301,priest,discipline,96,47,49
Doncamïllo,blackrock,1301,priest,discipline,77,37,40
Gudrinieks,shattered-halls,1301,priest,discipline,62,28,34
Carë,anubarak,1301,priest,discipline,41,14,27
Quisira,aegwynn,1300,priest,discipline,42,24,18
Curlo,ravencrest,1300,priest,discipline,42,20,22
Enduring,darksorrow,1300,priest,discipline,120,54,66
Eldrathir,burning-legion,1300,priest,discipline,102,44,58
Shieldyblaze,frostwolf,1299,priest,discipline,131,69,62
Тесира,blackscar,1299,priest,discipline,102,49,53
Preoteasa,kazzak,1299,priest,discipline,96,43,53
Fatherliam,emerald-dream,1299,priest,discipline,54,24,30
Jerolol,sanguino,1299,priest,discipline,92,40,52
Drioz,ysondre,1298,priest,discipline,171,95,76
Kidri,kilrogg,1298,priest,discipline,36,20,16
Enerpriest,ysondre,1298,priest,discipline,78,41,37
Katrynax,ravencrest,1298,priest,discipline,201,100,101
Chocopríest,blackmoore,1298,priest,discipline,52,25,27
Tiefergelegt,arthas,1298,priest,discipline,30,14,16
Nimuëh,ragnaros,1298,priest,discipline,52,24,28
Lalock,grim-batol,1298,priest,discipline,36,14,22
Veýýon,blackmoore,1297,priest,discipline,84,45,39
Alfaböna,outland,1297,priest,discipline,146,78,68
Tigrok,burning-legion,1297,priest,discipline,143,73,70
Tackerjoè,eredar,1297,priest,discipline,54,25,29
Quecum,draenor,1297,priest,discipline,42,19,23
Matiagmenh,stormscale,1297,priest,discipline,42,18,24
Vèrcs,silvermoon,1296,priest,discipline,42,22,20
Hekro,thrall,1296,priest,discipline,91,46,45
Toljénpr,twisting-nether,1296,priest,discipline,30,14,16
Eloapriest,blackhand,1295,priest,discipline,24,14,10
Nâmîz,blackrock,1295,priest,discipline,27,14,13
Streety,nethersturm,1295,priest,discipline,114,53,61
Vannax,arygos,1295,priest,discipline,78,35,43
Uzü,ysondre,1294,priest,discipline,24,16,8
Никорете,soulflayer,1294,priest,discipline,62,34,28
Shzuna,archimonde,1294,priest,discipline,141,67,74
Асуартхас,gordunni,1294,priest,discipline,259,118,141
Powerless,blackmoore,1293,priest,discipline,33,22,11
Duaijhutari,outland,1293,priest,discipline,52,30,22
Ðæßi,hyjal,1293,priest,discipline,103,57,46
Oohopeoo,blackmoore,1293,priest,discipline,42,23,19
Æternadead,nemesis,1293,priest,discipline,203,104,99
Tritonis,draenor,1293,priest,discipline,41,21,20
Várósh,blackmoore,1293,priest,discipline,63,32,31
Credor,blackrock,1293,priest,discipline,42,19,23
Xet,outland,1293,priest,discipline,93,42,51
Relöaded,kazzak,1293,priest,discipline,127,55,72
Luilos,twisting-nether,1293,priest,discipline,36,14,22
Goofdookie,outland,1293,priest,discipline,36,14,22
Maetena,archimonde,1292,priest,discipline,60,36,24
Onicolla,terokkar,1292,priest,discipline,126,60,66
Mandarinee,blackmoore,1292,priest,discipline,255,120,135
Khoria,drakthul,1292,priest,discipline,30,14,16
Lighter,dragonblight,1291,priest,discipline,88,55,33
Holyswift,dun-morogh,1291,priest,discipline,212,113,99
Фурлена,blackscar,1291,priest,discipline,109,56,53
Clescy,ravencrest,1291,priest,discipline,71,36,35
Ruîzz,sanguino,1291,priest,discipline,200,97,103
Praizejeebus,auchindoun,1291,priest,discipline,54,26,28
Dotterin,draenor,1291,priest,discipline,180,83,97
Xyliqa,aegwynn,1291,priest,discipline,59,21,38
Microwaave,kazzak,1290,priest,discipline,36,19,17
Marylin,senjin,1290,priest,discipline,440,224,216
Aká,kazzak,1290,priest,discipline,54,25,29
Iamfrosty,draenor,1290,priest,discipline,72,32,40
Navid,ravencrest,1289,priest,discipline,45,24,21
Иванпугачев,soulflayer,1289,priest,discipline,54,23,31
Brainwash,darksorrow,1289,priest,discipline,53,18,35
Nerfnerf,kazzak,1288,priest,discipline,696,353,343
Ebolaidman,ravencrest,1288,priest,discipline,48,24,24
Ульзана,soulflayer,1288,priest,discipline,54,25,29
Boulotpas,hyjal,1287,priest,discipline,160,91,69
Tristar,nethersturm,1287,priest,discipline,35,19,16
Ghøstyx,blackrock,1287,priest,discipline,117,59,58
Makimaqt,ravencrest,1287,priest,discipline,102,47,55
Nerfy,tarren-mill,1287,priest,discipline,131,60,71
Oversole,kazzak,1287,priest,discipline,54,23,31
Ysharg,sinstralis,1286,priest,discipline,53,29,24
Biblebabe,tarren-mill,1286,priest,discipline,54,28,26
Lydrian,argent-dawn,1286,priest,discipline,44,21,23
Nøheall,ysondre,1286,priest,discipline,150,66,84
Felanris,blackmoore,1285,priest,discipline,54,35,19
Ðøð,dalaran,1285,priest,discipline,87,53,34
Pulttipiispa,ravencrest,1285,priest,discipline,47,24,23
Битуну,fordragon,1285,priest,discipline,84,40,44
Mental,stormscale,1285,priest,discipline,36,16,20
Numatrash,stormscale,1285,priest,discipline,44,19,25
Доминантрикс,soulflayer,1284,priest,discipline,73,37,36
Pregrip,twisting-nether,1284,priest,discipline,236,116,120
Nashára,defias-brotherhood,1284,priest,discipline,172,84,88
Тэвиель,gordunni,1284,priest,discipline,90,36,54
Ilvia,antonidas,1283,priest,discipline,40,25,15
Sykra,magtheridon,1283,priest,discipline,190,99,91
Floory,twisting-nether,1283,priest,discipline,253,128,125
Holyrage,frostwhisper,1283,priest,discipline,48,20,28
Sciophobia,defias-brotherhood,1282,priest,discipline,36,19,17
Centaurio,nemesis,1282,priest,discipline,231,111,120
Claudefrollo,the-maelstrom,1282,priest,discipline,133,59,74
Mynameisebe,twisting-nether,1282,priest,discipline,42,18,24
Gilfir,stormscale,1282,priest,discipline,71,29,42
Jimmyhoffa,stormscale,1281,priest,discipline,54,32,22
Mcnuuggets,ravencrest,1281,priest,discipline,28,16,12
Skyggepraest,stormscale,1281,priest,discipline,44,24,20
Déspaír,silvermoon,1281,priest,discipline,197,100,97
Chryses,teldrassil,1281,priest,discipline,111,52,59
Инстенли,howling-fjord,1281,priest,discipline,60,25,35
Superfelyn,ragnaros,1280,priest,discipline,51,27,24
Xelivia,draenor,1280,priest,discipline,197,94,103
Nérôck,frostwolf,1280,priest,discipline,51,24,27
Alexnator,malganis,1280,priest,discipline,60,26,34
Purityn,blackhand,1280,priest,discipline,42,14,28
Buckless,kazzak,1279,priest,discipline,42,24,18
Liliashet,sanguino,1279,priest,discipline,105,57,48
Keimohansio,twisting-nether,1279,priest,discipline,138,74,64
Ûbér,darksorrow,1279,priest,discipline,28,15,13
Nicku,nerathor,1279,priest,discipline,79,42,37
Elasund,silvermoon,1279,priest,discipline,30,15,15
Tôto,stormreaver,1279,priest,discipline,48,19,29
Gagai,ravencrest,1279,priest,discipline,36,14,22
Dinma,argent-dawn,1278,priest,discipline,225,120,105
Пофанчику,gordunni,1278,priest,discipline,86,41,45
Spaghettoni,tarren-mill,1278,priest,discipline,35,14,21
Плут,blackscar,1277,priest,discipline,48,28,20
Manita,archimonde,1277,priest,discipline,38,21,17
Токсичка,howling-fjord,1277,priest,discipline,36,19,17
Pändöræ,archimonde,1277,priest,discipline,54,18,36
Séfaron,blackmoore,1276,priest,discipline,75,44,31
Juhduss,tarren-mill,1276,priest,discipline,35,20,15
Chuwbakka,kazzak,1276,priest,discipline,142,77,65
Fullymetalz,defias-brotherhood,1276,priest,discipline,64,34,30
Îndura,drakthul,1276,priest,discipline,123,62,61
Asuriyan,ravenholdt,1276,priest,discipline,69,34,35
Smooky,arakarahm,1276,priest,discipline,89,41,48
Zenoo,argent-dawn,1275,priest,discipline,36,22,14
Vírtue,draenor,1275,priest,discipline,30,16,14
Perdítá,thrall,1275,priest,discipline,332,169,163
Flayin,kazzak,1275,priest,discipline,56,28,28
Yinyangyø,eredar,1275,priest,discipline,36,16,20
Nolosme,blackrock,1275,priest,discipline,84,36,48
Capriestun,hellfire,1274,priest,discipline,34,20,14
Jezlung,frostmane,1274,priest,discipline,105,59,46
Pindakong,dragonblight,1274,priest,discipline,67,35,32
Топчикс,gordunni,1274,priest,discipline,100,51,49
Dhed,turalyon,1274,priest,discipline,49,22,27
Møldark,silvermoon,1274,priest,discipline,164,73,91
Zolfiqar,tarren-mill,1273,priest,discipline,36,25,11
Harume,argent-dawn,1273,priest,discipline,24,14,10
Voidjutsu,draenor,1273,priest,discipline,182,92,90
Achardia,argent-dawn,1273,priest,discipline,29,14,15
Vedina,bronze-dragonflight,1273,priest,discipline,96,46,50
Nukksch,antonidas,1273,priest,discipline,283,135,148
Koskice,moonglade,1272,priest,discipline,18,15,3
Mournus,defias-brotherhood,1272,priest,discipline,77,50,27
Styleexdd,ragnaros,1272,priest,discipline,74,40,34
Obeliskprist,kazzak,1272,priest,discipline,138,70,68
Dpxd,tarren-mill,1272,priest,discipline,48,23,25
Fùkøff,stormscale,1271,priest,discipline,44,24,20
Асади,gordunni,1271,priest,discipline,112,57,55
Squirpox,outland,1271,priest,discipline,42,21,21
Liaru,aegwynn,1271,priest,discipline,114,43,71
Skarn,blackmoore,1270,priest,discipline,48,31,17
Шпалкоклоб,soulflayer,1270,priest,discipline,30,18,12
Mishas,draenor,1270,priest,discipline,42,24,18
Lilycat,silvermoon,1270,priest,discipline,71,37,34
Holydörte,aegwynn,1270,priest,discipline,164,85,79
Darkheall,sanguino,1270,priest,discipline,99,45,54
Theunknown,stormscale,1270,priest,discipline,35,15,20
Miriàl,outland,1269,priest,discipline,48,28,20
Healy,blackrock,1269,priest,discipline,182,89,93
Mitø,ravencrest,1269,priest,discipline,39,17,22
Sçumbåg,sylvanas,1269,priest,discipline,72,30,42
Glärë,burning-legion,1268,priest,discipline,87,52,35
Mallkie,ysondre,1268,priest,discipline,36,21,15
Judâspriest,twisting-nether,1268,priest,discipline,48,27,21
Vokuheala,tarren-mill,1268,priest,discipline,47,26,21
Fimor,die-nachtwache,1268,priest,discipline,108,58,50
Miralou,ravencrest,1268,priest,discipline,526,272,254
Дюрэкс,soulflayer,1268,priest,discipline,48,22,26
Howaya,la-croisade-écarlate,1267,priest,discipline,78,42,36
Salves,blackmoore,1267,priest,discipline,99,50,49
Samtig,malganis,1267,priest,discipline,63,28,35
Blaçkout,ravencrest,1267,priest,discipline,130,54,76
Мерго,grom,1267,priest,discipline,74,26,48
Сорвиголов,howling-fjord,1266,priest,discipline,42,29,13
Nuvie,ravencrest,1266,priest,discipline,78,38,40
Déxguard,silvermoon,1266,priest,discipline,94,42,52
Carlolol,blackmoore,1265,priest,discipline,58,25,33
Averye,kazzak,1264,priest,discipline,36,20,16
Shadowpeste,aggra-português,1264,priest,discipline,156,86,70
Дэйвора,ashenvale,1264,priest,discipline,42,21,21
Maylà,aegwynn,1264,priest,discipline,106,43,63
Jeanpipe,khaz-modan,1263,priest,discipline,47,29,18
Palitox,kazzak,1263,priest,discipline,54,30,24
Yante,ragnaros,1263,priest,discipline,75,38,37
Seneth,twisting-nether,1263,priest,discipline,41,16,25
Deneye,thunderhorn,1262,priest,discipline,102,58,44
Khato,rexxar,1262,priest,discipline,75,39,36
Clua,draenor,1262,priest,discipline,78,39,39
Zellia,frostmane,1262,priest,discipline,127,63,64
Дайбчик,gordunni,1261,priest,discipline,80,45,35
Korvmoj,ravencrest,1261,priest,discipline,66,37,29
Rhåenyra,ravencrest,1260,priest,discipline,36,23,13
Virgosenpai,silvermoon,1260,priest,discipline,57,28,29
Priestpvp,dun-modr,1260,priest,discipline,101,49,52
Euphorius,blackmoore,1260,priest,discipline,66,32,34
Jazzek,burning-legion,1260,priest,discipline,86,40,46
Ментэс,gordunni,1259,priest,discipline,24,15,9
Liasanya,kelthuzad,1259,priest,discipline,30,18,12
Eksel,silvermoon,1259,priest,discipline,84,39,45
Рискаль,borean-tundra,1259,priest,discipline,82,36,46
Popelings,twisting-nether,1259,priest,discipline,54,20,34
Pure,kazzak,1258,priest,discipline,30,18,12
Qyi,the-maelstrom,1258,priest,discipline,54,31,23
Evangíline,stormreaver,1258,priest,discipline,29,16,13
Jaheim,tarren-mill,1258,priest,discipline,92,40,52
Luxumbra,quelthalas,1258,priest,discipline,39,15,24
Курумничек,gordunni,1257,priest,discipline,35,22,13
Søs,eldrethalas,1257,priest,discipline,90,53,37
Болътвоя,gordunni,1257,priest,discipline,36,21,15
Imbadancer,turalyon,1257,priest,discipline,96,53,43
Añgêl,ravencrest,1257,priest,discipline,195,99,96
Aeo,twisting-nether,1257,priest,discipline,138,69,69
Kïmbo,kazzak,1257,priest,discipline,71,28,43
Arondir,defias-brotherhood,1256,priest,discipline,94,53,41
Øwlsoo,confrérie-du-thorium,1256,priest,discipline,136,70,66
Darknëss,malganis,1256,priest,discipline,39,19,20
Zranda,magtheridon,1255,priest,discipline,156,78,78
Merkabah,azjolnerub,1255,priest,discipline,188,90,98
Míllerzz,ragnaros,1255,priest,discipline,54,22,32
Praystatîon,dragonblight,1254,priest,discipline,132,80,52
Хъи,gordunni,1254,priest,discipline,42,23,19
Verrottênd,frostwolf,1254,priest,discipline,100,44,56
Isoris,hyjal,1253,priest,discipline,34,18,16
Diçkhëad,ravencrest,1253,priest,discipline,109,56,53
Одинокаягора,gordunni,1253,priest,discipline,72,36,36
Wilem,sanguino,1253,priest,discipline,30,15,15
Filtro,eredar,1253,priest,discipline,364,178,186
Brunestùd,pozzo-delleternità,1252,priest,discipline,101,54,47
Brainðead,aegwynn,1252,priest,discipline,58,29,29
Стиллх,blackscar,1252,priest,discipline,48,24,24
Discokuken,outland,1252,priest,discipline,77,35,42
Torcena,garrosh,1252,priest,discipline,48,16,32
Подорваный,gordunni,1252,priest,discipline,42,14,28
Shaydi,todeswache,1251,priest,discipline,24,18,6
Kelras,grim-batol,1251,priest,discipline,104,63,41
Даркфолс,soulflayer,1251,priest,discipline,59,30,29
Chowhone,archimonde,1251,priest,discipline,186,92,94
Leprie,draenor,1251,priest,discipline,63,29,34
Shadowhawke,argent-dawn,1251,priest,discipline,46,20,26
ßlowska,hyjal,1251,priest,discipline,36,14,22
Triksas,sylvanas,1250,priest,discipline,66,42,24
Devîlcry,nordrassil,1250,priest,discipline,125,72,53
Índica,stormreaver,1250,priest,discipline,107,57,50
Estarôn,antonidas,1250,priest,discipline,54,23,31
Iskáral,frostmourne,1249,priest,discipline,78,26,52
Suprenext,draenor,1248,priest,discipline,24,13,11
Элизабетшорт,soulflayer,1248,priest,discipline,135,60,75
Stmichael,silvermoon,1248,priest,discipline,38,15,23
Niíall,skullcrusher,1247,priest,discipline,18,13,5
Møelester,antonidas,1247,priest,discipline,18,13,5
Nogz,rashgarroth,1247,priest,discipline,62,38,24
Swdömmel,aegwynn,1247,priest,discipline,24,13,11
Finizkram,sylvanas,1247,priest,discipline,24,13,11
Kiropap,silvermoon,1247,priest,discipline,109,52,57
Форсибучи,soulflayer,1247,priest,discipline,163,77,86
Malíficent,draenor,1247,priest,discipline,36,15,21
Xourin,blackrock,1247,priest,discipline,34,14,20
Icepoint,aggra-português,1247,priest,discipline,36,13,23
Ørrak,hyjal,1246,priest,discipline,24,14,10
Джастха,soulflayer,1246,priest,discipline,24,13,11
Bottom,blackmoore,1246,priest,discipline,24,13,11
Quepimquepam,tarren-mill,1246,priest,discipline,41,18,23
Kaémon,twisting-nether,1246,priest,discipline,196,86,110
Ishkà,stormscale,1246,priest,discipline,30,13,17
Muant,twisting-nether,1246,priest,discipline,30,13,17
Yllaenia,twisting-nether,1245,priest,discipline,24,13,11
Zubbi,stormreaver,1245,priest,discipline,77,41,36
Smellypecker,argent-dawn,1245,priest,discipline,78,40,38
Анааким,soulflayer,1245,priest,discipline,125,64,61
Gacoo,silvermoon,1245,priest,discipline,216,105,111
Sophoula,silvermoon,1245,priest,discipline,45,20,25
Prestigé,vashj,1245,priest,discipline,30,13,17
Умом,gordunni,1245,priest,discipline,30,13,17
Drïxit,illidan,1245,priest,discipline,36,13,23
Undeadpriest,aegwynn,1245,priest,discipline,36,13,23
Theycmedotin,blackhand,1245,priest,discipline,42,13,29
Moonacky,bronze-dragonflight,1244,priest,discipline,18,13,5
Hotdog,kult-der-verdammten,1244,priest,discipline,30,17,13
Kovács,tarren-mill,1244,priest,discipline,105,59,46
Nynren,doomhammer,1244,priest,discipline,145,79,66
Nomps,stormscale,1244,priest,discipline,52,27,25
Decimerad,kazzak,1244,priest,discipline,30,13,17
Doombrew,blackmoore,1244,priest,discipline,30,13,17
Takeoff,dun-morogh,1243,priest,discipline,36,23,13
Tjackballé,tarren-mill,1243,priest,discipline,24,13,11
Chalecø,dun-modr,1243,priest,discipline,24,13,11
Новокшан,soulflayer,1243,priest,discipline,45,23,22
Priestagon,azjolnerub,1243,priest,discipline,30,15,15
Vzã,krasus,1243,priest,discipline,231,113,118
Mojoo,aggramar,1243,priest,discipline,30,13,17
Hurtless,ravencrest,1243,priest,discipline,33,13,20
Zìrkâ,drekthar,1243,priest,discipline,57,21,36
Xälis,ysondre,1243,priest,discipline,66,23,43
Negcntsm,aegwynn,1242,priest,discipline,47,27,20
Diszis,blackhand,1242,priest,discipline,24,13,11
Jessijones,gorgonnash,1242,priest,discipline,24,13,11
Мсикатана,gordunni,1242,priest,discipline,24,13,11
Gumer,antonidas,1242,priest,discipline,24,13,11
Lévention,stormscale,1242,priest,discipline,40,21,19
Ästûr,sanguino,1242,priest,discipline,90,47,43
Rrdisc,kazzak,1242,priest,discipline,69,31,38
Zelyxoxo,blackrock,1242,priest,discipline,30,13,17
Arklim,burning-blade,1242,priest,discipline,99,41,58
Дцевгений,gordunni,1242,priest,discipline,36,13,23
Romero,sylvanas,1241,priest,discipline,18,13,5
Toasttwo,kazzak,1241,priest,discipline,18,13,5
Deyxq,lothar,1241,priest,discipline,24,13,11
Akeejprix,ravencrest,1241,priest,discipline,24,13,11
Rog,norgannon,1241,priest,discipline,36,19,17
Bigfnatlund,silvermoon,1241,priest,discipline,47,22,25
Piitixd,burning-legion,1241,priest,discipline,82,38,44
Valyreon,outland,1241,priest,discipline,42,13,29
Eustâche,suramar,1240,priest,discipline,18,13,5
Mindgamez,tarren-mill,1240,priest,discipline,24,13,11
Vempress,neptulon,1240,priest,discipline,144,72,72
Zamurak,outland,1240,priest,discipline,119,59,60
Æzy,burning-blade,1240,priest,discipline,54,26,28
Petshopboi,sylvanas,1240,priest,discipline,33,15,18
Aptz,twisting-nether,1240,priest,discipline,36,13,23
Holycowheals,the-maelstrom,1239,priest,discipline,125,69,56
Pleistras,magtheridon,1239,priest,discipline,216,119,97
Zelensky,stormscale,1239,priest,discipline,24,13,11
Druzhok,sylvanas,1239,priest,discipline,24,13,11
Holyschidt,amanthul,1239,priest,discipline,463,228,235
Bösenboris,aegwynn,1239,priest,discipline,89,43,46
Noyxz,frostmourne,1239,priest,discipline,44,20,24
Izaa,silvermoon,1239,priest,discipline,48,21,27
Madreöscura,cthun,1239,priest,discipline,75,32,43
Biierlip,twisting-nether,1239,priest,discipline,60,19,41
Lanfear,shadowsong,1238,priest,discipline,24,13,11
Apèx,blackrock,1238,priest,discipline,78,40,38
Asnur,argent-dawn,1238,priest,discipline,84,43,41
Türapea,draenor,1238,priest,discipline,122,61,61
Moonsalt,doomhammer,1238,priest,discipline,36,17,19
Гальционна,gordunni,1238,priest,discipline,43,20,23
Giesix,frostwolf,1238,priest,discipline,30,13,17
Crop,nemesis,1238,priest,discipline,54,21,33
Mandible,aggramar,1237,priest,discipline,42,26,16
Javvi,sylvanas,1237,priest,discipline,100,59,41
Serach,ravencrest,1237,priest,discipline,36,19,17
Tephutes,ravencrest,1237,priest,discipline,27,14,13
Csiillux,ragnaros,1237,priest,discipline,72,37,35
Renesmè,archimonde,1237,priest,discipline,36,17,19
Chaosxo,draenor,1237,priest,discipline,180,82,98
Sazo,drakthul,1237,priest,discipline,38,16,22
Dotdeath,ravencrest,1237,priest,discipline,102,39,63
Sahu,kult-der-verdammten,1236,priest,discipline,44,21,23
Crazypablito,burning-legion,1236,priest,discipline,59,25,34
Velix,outland,1235,priest,discipline,18,13,5
Pontifex,baelgun,1235,priest,discipline,246,134,112
Mädmän,draenor,1235,priest,discipline,147,79,68
Щакактрахнем,gordunni,1235,priest,discipline,132,63,69
Nemista,hyjal,1235,priest,discipline,72,34,38
Bärgarn,tarren-mill,1235,priest,discipline,30,13,17
Mivale,aszune,1234,priest,discipline,26,15,11
Housty,chamber-of-aspects,1234,priest,discipline,24,13,11
Зашохэйт,soulflayer,1234,priest,discipline,53,26,27
Аматури,soulflayer,1234,priest,discipline,30,13,17
Divaz,eredar,1234,priest,discipline,48,18,30
Somai,aegwynn,1233,priest,discipline,24,13,11
Brach,nazjatar,1233,priest,discipline,138,70,68
Soehzz,khaz-modan,1233,priest,discipline,90,45,45
Самурайко,booty-bay,1233,priest,discipline,48,21,27
Pretee,nemesis,1233,priest,discipline,30,13,17
Addickted,defias-brotherhood,1232,priest,discipline,36,20,16
Glaces,archimonde,1232,priest,discipline,47,24,23
Janinw,sylvanas,1232,priest,discipline,30,13,17
Rokocrazy,aggra-português,1232,priest,discipline,30,13,17
Deppara,twisting-nether,1231,priest,discipline,63,38,25
Táliss,arthas,1231,priest,discipline,24,13,11
Akingodxz,twisting-nether,1231,priest,discipline,24,13,11
Galilea,sanguino,1231,priest,discipline,24,13,11
Ticklebell,ravencrest,1231,priest,discipline,279,147,132
Вартэг,blackscar,1231,priest,discipline,48,21,27
Whiteshadöw,archimonde,1231,priest,discipline,66,25,41
Compact,blackrock,1231,priest,discipline,54,18,36
Lucianßk,sanguino,1230,priest,discipline,48,27,21
Lzmad,archimonde,1230,priest,discipline,66,36,30
Maxhima,defias-brotherhood,1230,priest,discipline,156,83,73
Gibbons,chogall,1230,priest,discipline,30,13,17
Omnissiiah,silvermoon,1230,priest,discipline,42,14,28
Magnificito,silvermoon,1229,priest,discipline,36,19,17
Smitey,terenas,1229,priest,discipline,186,94,92
Healyourmum,stormscale,1229,priest,discipline,144,71,73
Holydoughnut,stormscale,1229,priest,discipline,66,31,35
Grimveil,sylvanas,1229,priest,discipline,107,50,57
Пенансиня,gordunni,1229,priest,discipline,36,13,23
Shadowgov,ravencrest,1228,priest,discipline,24,14,10
Challengepro,burning-legion,1228,priest,discipline,24,13,11
Deathstrike,blackrock,1228,priest,discipline,36,15,21
Felerman,kazzak,1228,priest,discipline,36,13,23
Маскона,howling-fjord,1227,priest,discipline,22,17,5
Héntai,argent-dawn,1227,priest,discipline,42,19,23
Хенели,blackscar,1227,priest,discipline,30,13,17
Мазка,galakrond,1227,priest,discipline,54,23,31
Bòóni,ravencrest,1226,priest,discipline,18,13,5
Волкерия,howling-fjord,1226,priest,discipline,124,70,54
Lightz,veklor,1226,priest,discipline,36,19,17
Pvpriestess,silvermoon,1226,priest,discipline,208,102,106
Paars,outland,1226,priest,discipline,30,13,17
Abdibio,twisting-nether,1226,priest,discipline,30,13,17
Vishnia,defias-brotherhood,1226,priest,discipline,52,22,30
Aquillon,outland,1225,priest,discipline,24,13,11
Dopemine,ragnaros,1225,priest,discipline,61,32,29
Discovery,aggra-português,1225,priest,discipline,91,45,46
Жрицазла,soulflayer,1225,priest,discipline,72,35,37
Saat,dalaran,1224,priest,discipline,32,21,11
Baglet,ravencrest,1224,priest,discipline,24,13,11
Drennaria,draenor,1224,priest,discipline,65,31,34
Elfhelp,ravencrest,1224,priest,discipline,140,62,78
Pharli,stormscale,1224,priest,discipline,30,13,17
Nøwénna,ravencrest,1224,priest,discipline,48,13,35
Feoss,kaelthas,1223,priest,discipline,74,38,36
Huhu,defias-brotherhood,1223,priest,discipline,41,21,20
Angusbeêf,blackrock,1223,priest,discipline,308,155,153
Hêsêkiêl,eredar,1223,priest,discipline,90,43,47
Miraev,argent-dawn,1223,priest,discipline,30,13,17
Elenyel,thunderhorn,1222,priest,discipline,18,13,5
Dosentti,ragnaros,1222,priest,discipline,24,14,10
Lalola,tarren-mill,1222,priest,discipline,137,69,68
Holykebab,defias-brotherhood,1222,priest,discipline,36,13,23
Jyncs,auchindoun,1221,priest,discipline,90,49,41
Bangrinu,chamber-of-aspects,1221,priest,discipline,60,28,32
Tlc,dragonmaw,1221,priest,discipline,145,67,78
Garie,thrall,1221,priest,discipline,98,43,55
Taiz,los-errantes,1221,priest,discipline,71,27,44
Ksiadzrydzyk,draenor,1220,priest,discipline,54,30,24
Stigy,auchindoun,1220,priest,discipline,120,62,58
Aerosoll,drakthul,1220,priest,discipline,42,21,21
Desperion,ragnaros,1220,priest,discipline,183,89,94
Héternel,ysondre,1220,priest,discipline,108,52,56
Amaloo,ravencrest,1220,priest,discipline,102,45,57
Nhajÿ,hyjal,1220,priest,discipline,36,14,22
Myskou,ragnaros,1219,priest,discipline,18,16,2
Hopsalopsa,argent-dawn,1219,priest,discipline,18,13,5
Madilim,kazzak,1219,priest,discipline,41,20,21
Ellianore,les-sentinelles,1219,priest,discipline,88,41,47
Карнотит,howling-fjord,1219,priest,discipline,180,82,98
Elusivv,blackhand,1219,priest,discipline,30,13,17
Talonjean,conseil-des-ombres,1218,priest,discipline,24,13,11
Lísan,ravencrest,1218,priest,discipline,106,57,49
Монесса,howling-fjord,1218,priest,discipline,68,32,36
Залупский,gordunni,1218,priest,discipline,41,19,22
Rickermortis,defias-brotherhood,1218,priest,discipline,47,19,28
Thakjing,bladefist,1218,priest,discipline,52,20,32
Odysseuz,nazjatar,1217,priest,discipline,24,16,8
Bzets,jaedenar,1217,priest,discipline,77,45,32
Eremit,silvermoon,1217,priest,discipline,115,58,57
Allotment,silvermoon,1217,priest,discipline,48,24,24
Tristessê,tarren-mill,1217,priest,discipline,295,133,162
Attenna,ravencrest,1217,priest,discipline,81,34,47
Nìak,ysondre,1217,priest,discipline,100,39,61
Svetidjordje,tarren-mill,1216,priest,discipline,27,16,11
Tiïnstrument,khaz-modan,1216,priest,discipline,46,27,19
Healsquad,draenor,1216,priest,discipline,122,61,61
Isore,culte-de-la-rive-noire,1216,priest,discipline,216,104,112
Osyrîss,garona,1216,priest,discipline,30,13,17
Shadoomed,kazzak,1216,priest,discipline,78,32,46
Brøwney,blackmoore,1216,priest,discipline,60,24,36
Frauheilung,blackmoore,1216,priest,discipline,71,27,44
Gooldan,draenor,1215,priest,discipline,138,78,60
Rngq,burning-blade,1215,priest,discipline,23,13,10
Elfdarkholme,stormscale,1215,priest,discipline,48,26,22
Patoroch,terokkar,1215,priest,discipline,54,29,25
Лолиэль,soulflayer,1215,priest,discipline,93,49,44
Stígmata,sanguino,1215,priest,discipline,96,45,51
Feydottir,draenor,1214,priest,discipline,36,19,17
Valnaya,draenor,1214,priest,discipline,146,77,69
Joebando,ravencrest,1214,priest,discipline,224,112,112
Arenarooky,eredar,1214,priest,discipline,66,32,34
Аквариусс,gordunni,1214,priest,discipline,94,45,49
Флэнсер,soulflayer,1214,priest,discipline,276,131,145
Roosy,malganis,1214,priest,discipline,41,16,25
Paulina,auchindoun,1214,priest,discipline,77,27,50
Firstkiss,rexxar,1213,priest,discipline,54,31,23
Nymrasus,ravencrest,1213,priest,discipline,24,13,11
Saikoo,stormscale,1213,priest,discipline,24,13,11
Mahraxyr,hyjal,1213,priest,discipline,31,16,15
Littleabs,the-maelstrom,1213,priest,discipline,77,38,39
Antiexhile,kazzak,1213,priest,discipline,41,20,21
Азотод,gordunni,1213,priest,discipline,42,20,22
Áphrodite,outland,1213,priest,discipline,36,16,20
Zubrowkâ,kazzak,1213,priest,discipline,63,26,37
Gutfroy,conseil-des-ombres,1212,priest,discipline,28,17,11
Ziraclès,archimonde,1212,priest,discipline,54,25,29
Demorog,stormscale,1211,priest,discipline,24,15,9
Neosix,sanguino,1211,priest,discipline,60,33,27
Gsync,drakthul,1211,priest,discipline,24,13,11
Allisandre,hellscream,1211,priest,discipline,36,18,18
Kaleshiry,kazzak,1211,priest,discipline,30,13,17
Nixxaa,drakthul,1210,priest,discipline,36,16,20
Blondi,darksorrow,1210,priest,discipline,88,38,50
Obscurus,kaelthas,1210,priest,discipline,78,33,45
Swaggerboy,alakir,1210,priest,discipline,41,13,28
Jeuwls,argent-dawn,1209,priest,discipline,121,64,57
Whitehusky,antonidas,1209,priest,discipline,42,21,21
Yojoyo,draenor,1209,priest,discipline,183,87,96
Thimble,blackhand,1209,priest,discipline,37,17,20
Iømÿnudir,archimonde,1208,priest,discipline,115,57,58
Voodoo,the-maelstrom,1207,priest,discipline,24,13,11
Могвайи,soulflayer,1207,priest,discipline,72,38,34
Vès,stormscale,1207,priest,discipline,84,42,42
Duem,kazzak,1207,priest,discipline,62,31,31
Nëophytë,zuljin,1207,priest,discipline,78,38,40
Dúréx,sanguino,1207,priest,discipline,39,19,20
Petitcaca,outland,1207,priest,discipline,99,45,54
Zhyn,turalyon,1206,priest,discipline,24,16,8
Абсорберша,gordunni,1206,priest,discipline,24,14,10
Holybestie,eredar,1206,priest,discipline,42,23,19
Ernyos,anubarak,1206,priest,discipline,24,13,11
Upo,kazzak,1206,priest,discipline,30,13,17
Опрометчивый,soulflayer,1206,priest,discipline,56,24,32
Thyrandis,dragonblight,1206,priest,discipline,34,14,20
Nostramo,kirin-tor,1206,priest,discipline,54,19,35
Phórkys,kazzak,1205,priest,discipline,874,432,442
Nethenielle,malganis,1205,priest,discipline,42,20,22
Norlyset,silvermoon,1205,priest,discipline,102,46,56
Julianpriest,nethersturm,1205,priest,discipline,58,17,41
Siionova,antonidas,1204,priest,discipline,57,31,26
Asolan,drakthul,1204,priest,discipline,192,98,94
Xail,blackrock,1204,priest,discipline,90,41,49
Æøí,blackmoore,1204,priest,discipline,37,16,21
Nazo,sylvanas,1203,priest,discipline,95,52,43
Jessrabbit,drakthul,1203,priest,discipline,50,25,25
Novilas,thrall,1203,priest,discipline,42,21,21
Забвениеждёт,gordunni,1203,priest,discipline,89,41,48
Мерсициглер,gordunni,1203,priest,discipline,36,14,22
Umbraya,blackhand,1203,priest,discipline,78,26,52
Beaglep,blackrock,1203,priest,discipline,53,13,40
Wozix,blackhand,1202,priest,discipline,24,14,10
Педаньтяйка,gordunni,1202,priest,discipline,288,158,130
Cárith,nemesis,1202,priest,discipline,68,36,32
Calah,frostwhisper,1202,priest,discipline,36,13,23
Darkpræcher,hyjal,1201,priest,discipline,81,48,33
Teirok,ambossar,1201,priest,discipline,144,74,70
Adssdfhjgh,outland,1201,priest,discipline,30,15,15
Shelyndra,doomhammer,1201,priest,discipline,149,66,83
Hardloker,ravencrest,1201,priest,discipline,96,41,55
Deliâz,aegwynn,1201,priest,discipline,60,21,39
Mjölkpelle,twisting-nether,1200,priest,discipline,30,23,7
Xyrël,blackrock,1200,priest,discipline,24,13,11
Pasalacabra,zuljin,1200,priest,discipline,30,15,15
Dementzia,argent-dawn,1200,priest,discipline,89,43,46
Balhlin,argent-dawn,1200,priest,discipline,88,38,50
Cøøbrà,hyjal,1199,priest,discipline,106,58,48
Оуаы,soulflayer,1199,priest,discipline,206,102,104
Awien,kazzak,1199,priest,discipline,33,14,19
Kaktosz,ragnaros,1199,priest,discipline,84,32,52
Adizeww,kazzak,1199,priest,discipline,78,27,51
Bojestvena,neptulon,1198,priest,discipline,77,46,31
Alptoxlôl,blackhand,1198,priest,discipline,66,31,35
Nondi,frostmane,1197,priest,discipline,48,25,23
Celina,quelthalas,1197,priest,discipline,42,13,29
Slyntan,ragnaros,1196,priest,discipline,30,16,14
Dotctor,ysondre,1196,priest,discipline,85,44,41
Wynkx,zuljin,1196,priest,discipline,66,24,42
Xakala,cthun,1195,priest,discipline,115,63,52
Äncient,ragnaros,1195,priest,discipline,60,28,32
Elclasico,blackrock,1195,priest,discipline,86,39,47
Fingerblast,sanguino,1194,priest,discipline,48,28,20
Raptichou,hyjal,1194,priest,discipline,24,14,10
Kikoke,sanguino,1194,priest,discipline,45,24,21
Neytirinqt,doomhammer,1194,priest,discipline,194,97,97
Swdscript,drakthul,1194,priest,discipline,29,14,15
Lãwh,hyjal,1194,priest,discipline,95,45,50
Bicepvein,sylvanas,1193,priest,discipline,21,13,8
Pnokos,ravencrest,1193,priest,discipline,86,40,46
Noroelle,drakthul,1192,priest,discipline,48,28,20
Drsmort,blackrock,1192,priest,discipline,153,75,78
Якакиисус,gordunni,1192,priest,discipline,136,65,71
Achillesheal,alakir,1192,priest,discipline,30,13,17
Kínson,the-maelstrom,1191,priest,discipline,73,41,32
Príester,rexxar,1191,priest,discipline,70,38,32
Zørina,thrall,1191,priest,discipline,116,55,61
Pugnatorius,archimonde,1191,priest,discipline,87,41,46
Huljin,stormscale,1191,priest,discipline,68,32,36
Sandaal,drakthul,1190,priest,discipline,107,52,55
Grimor,talnivarr,1190,priest,discipline,30,13,17
Uro,tirion,1190,priest,discipline,41,14,27
Staatsfeind,blackmoore,1189,priest,discipline,81,44,37
Kochepri,archimonde,1189,priest,discipline,42,22,20
Arwen,azjolnerub,1189,priest,discipline,114,58,56
Zabajona,burning-legion,1189,priest,discipline,48,22,26
Astraniaa,blackmoore,1188,priest,discipline,73,34,39
Drtickomaru,drakthul,1188,priest,discipline,44,20,24
Chaosweavèr,outland,1188,priest,discipline,36,13,23
Crazyhemsire,twisting-nether,1187,priest,discipline,42,24,18
Xkv,blackmoore,1187,priest,discipline,54,30,24
Megalodön,draenor,1187,priest,discipline,45,17,28
Whitepitch,doomhammer,1186,priest,discipline,130,60,70
Lillthya,kazzak,1186,priest,discipline,58,24,34
Дракулесса,gordunni,1185,priest,discipline,69,33,36
Kenton,ysondre,1185,priest,discipline,55,25,30
Kiesp,tarren-mill,1185,priest,discipline,30,13,17
Obito,outland,1183,priest,discipline,23,13,10
Freezydot,silvermoon,1183,priest,discipline,87,49,38
Ghorfindel,kaelthas,1183,priest,discipline,107,49,58
Tokushiro,sylvanas,1183,priest,discipline,42,19,23
Sanetsuna,archimonde,1183,priest,discipline,54,23,31
Erupyks,archimonde,1183,priest,discipline,97,39,58
Rizeup,darksorrow,1182,priest,discipline,50,31,19
Shadiè,sylvanas,1182,priest,discipline,26,13,13
Sacerfull,sanguino,1182,priest,discipline,151,72,79
Nekros,agamaggan,1182,priest,discipline,32,15,17
Taili,ysondre,1182,priest,discipline,38,14,24
Leonard,nemesis,1181,priest,discipline,34,17,17
Perimortal,norgannon,1181,priest,discipline,99,47,52
Praywingsebb,nazjatar,1181,priest,discipline,30,14,16
Confess,archimonde,1180,priest,discipline,48,25,23
Swtt,sanguino,1180,priest,discipline,84,41,43
Фрит,lich-king,1179,priest,discipline,117,60,57
Имудонка,gordunni,1179,priest,discipline,84,34,50
Mcbooee,outland,1178,priest,discipline,102,52,50
Olereo,blackhand,1178,priest,discipline,108,47,61
Wandéline,arathi,1178,priest,discipline,71,30,41
Riseandshine,draenor,1178,priest,discipline,36,15,21
Vésph,draenor,1178,priest,discipline,111,42,69
Jaimeê,der-rat-von-dalaran,1177,priest,discipline,31,16,15
Eník,blackrock,1177,priest,discipline,121,57,64
Netomv,kazzak,1177,priest,discipline,47,22,25
Шуали,grom,1176,priest,discipline,54,28,26
Vrêth,blackmoore,1176,priest,discipline,39,15,24
Скорояпомощь,gordunni,1174,priest,discipline,107,58,49
Zaradana,tarren-mill,1174,priest,discipline,99,51,48
Loetharion,archimonde,1174,priest,discipline,71,36,35
Nelvor,silvermoon,1174,priest,discipline,42,21,21
Elronmcbông,ravencrest,1174,priest,discipline,84,37,47
Iloa,dun-morogh,1173,priest,discipline,95,54,41
Свежага,howling-fjord,1173,priest,discipline,111,51,60
Shymouni,norgannon,1172,priest,discipline,25,14,11
Aladorius,la-croisade-écarlate,1172,priest,discipline,108,53,55
Парикнахер,soulflayer,1171,priest,discipline,36,23,13
Captn,draenor,1171,priest,discipline,54,22,32
Гомотряс,howling-fjord,1170,priest,discipline,131,73,58
Rashyd,sylvanas,1170,priest,discipline,72,40,32
Мегаствол,howling-fjord,1170,priest,discipline,78,33,45
Àri,magtheridon,1170,priest,discipline,41,15,26
Diff,thrall,1169,priest,discipline,237,115,122
Seras,bloodfeather,1169,priest,discipline,203,98,105
Сайннз,howling-fjord,1169,priest,discipline,180,86,94
Ноубадди,howling-fjord,1169,priest,discipline,67,32,35
Robiee,twisting-nether,1169,priest,discipline,30,13,17
Bimbax,dun-modr,1169,priest,discipline,47,16,31
Romelu,archimonde,1168,priest,discipline,60,32,28
Gertie,blackhand,1168,priest,discipline,100,52,48
Unleet,sylvanas,1168,priest,discipline,94,44,50
Haileybailey,stormreaver,1167,priest,discipline,16,14,2
Hugokatt,silvermoon,1167,priest,discipline,25,13,12
Liaril,sanguino,1166,priest,discipline,24,13,11
Nupzie,stormscale,1166,priest,discipline,81,42,39
Cherrycat,doomhammer,1166,priest,discipline,132,62,70
Айболитова,grom,1166,priest,discipline,33,15,18
Cupcakes,ahnqiraj,1166,priest,discipline,60,26,34
Хавейл,gordunni,1166,priest,discipline,47,20,27
Gesucristò,pozzo-delleternità,1165,priest,discipline,30,15,15
Xghazo,sylvanas,1165,priest,discipline,81,39,42
Szeky,ragnaros,1165,priest,discipline,36,13,23
Xodze,outland,1164,priest,discipline,24,14,10
Zugly,antonidas,1164,priest,discipline,36,19,17
Blååb,draenor,1164,priest,discipline,25,13,12
Tutenhamonek,outland,1164,priest,discipline,72,37,35
Свапмиплиз,gordunni,1164,priest,discipline,175,81,94
Fordead,krasus,1164,priest,discipline,78,27,51
Redblue,onyxia,1163,priest,discipline,42,26,16
Kinn,kaelthas,1163,priest,discipline,48,25,23
Overhealzz,blackmoore,1163,priest,discipline,141,67,74
Olîra,hyjal,1163,priest,discipline,30,14,16
Andhoras,dalaran,1163,priest,discipline,35,13,22
Søînx,archimonde,1162,priest,discipline,43,24,19
Zùt,ysondre,1162,priest,discipline,90,44,46
Chega,malganis,1162,priest,discipline,90,38,52
Ribbins,outland,1162,priest,discipline,54,22,32
Побьюкадилом,gordunni,1162,priest,discipline,37,15,22
Klaura,blackmoore,1161,priest,discipline,30,15,15
Werita,frostmane,1161,priest,discipline,146,64,82
Flyingdutch,tarren-mill,1160,priest,discipline,263,123,140
Milessa,steamwheedle-cartel,1160,priest,discipline,66,29,37
Templanzaa,cthun,1159,priest,discipline,48,24,24
Vilda,argent-dawn,1159,priest,discipline,36,15,21
Акимбопушка,howling-fjord,1159,priest,discipline,74,27,47
Vebbysor,sylvanas,1158,priest,discipline,30,15,15
Bepbepp,archimonde,1158,priest,discipline,38,18,20
Leønix,malfurion,1157,priest,discipline,33,18,15
Aprima,culte-de-la-rive-noire,1157,priest,discipline,72,37,35
Jeus,malganis,1157,priest,discipline,65,30,35
Kenderke,ragnaros,1157,priest,discipline,41,16,25
Dâhliá,blackmoore,1156,priest,discipline,43,20,23
Lílíana,thrall,1156,priest,discipline,138,62,76
Nuklash,burning-legion,1156,priest,discipline,64,28,36
Vecaya,blackrock,1155,priest,discipline,42,22,20
Fleamana,stormscale,1155,priest,discipline,126,57,69
Døline,hyjal,1155,priest,discipline,29,13,16
Depleeky,blackmoore,1155,priest,discipline,33,14,19
Klaniara,silvermoon,1154,priest,discipline,130,66,64
Prstenskråka,ragnaros,1153,priest,discipline,48,22,26
Oldnbad,archimonde,1152,priest,discipline,18,12,6
Heab,aegwynn,1152,priest,discipline,24,12,12
Djros,magtheridon,1152,priest,discipline,24,12,12
Proxsjr,ravencrest,1152,priest,discipline,24,12,12
Donpedrila,kazzak,1152,priest,discipline,24,12,12
Nstp,zuljin,1152,priest,discipline,24,12,12
Lightbulp,draenor,1152,priest,discipline,42,20,22
Lastchance,ravencrest,1152,priest,discipline,30,12,18
Djrussia,tarren-mill,1152,priest,discipline,30,12,18
Shakalol,kazzak,1152,priest,discipline,33,13,20
Flanderspri,ravencrest,1151,priest,discipline,18,12,6
Bellrøck,nemesis,1151,priest,discipline,18,12,6
Yarok,anubarak,1151,priest,discipline,18,12,6
Healeurway,dalaran,1151,priest,discipline,119,62,57
Пусясвета,gordunni,1151,priest,discipline,24,12,12
Shdetrzyx,outland,1151,priest,discipline,24,12,12
Shadeblaze,draenor,1151,priest,discipline,38,16,22
Rafaled,ravencrest,1151,priest,discipline,30,12,18
Ykwah,kazzak,1151,priest,discipline,30,12,18
Narisia,alakir,1151,priest,discipline,30,12,18
Shììnx,hyjal,1151,priest,discipline,30,12,18
Aspertina,outland,1151,priest,discipline,30,12,18
Хильдинда,soulflayer,1150,priest,discipline,54,27,27
Davóss,outland,1150,priest,discipline,24,12,12
Fléxéd,burning-legion,1150,priest,discipline,24,12,12
Acarru,stormscale,1150,priest,discipline,24,12,12
Celliapriest,antonidas,1150,priest,discipline,30,12,18
Cringelørd,alakir,1150,priest,discipline,30,12,18
Nuriva,frostmane,1150,priest,discipline,36,12,24
Léandrä,magtheridon,1149,priest,discipline,18,12,6
Dshara,the-maelstrom,1149,priest,discipline,18,12,6
Noxoth,amanthul,1149,priest,discipline,18,12,6
Roskva,archimonde,1149,priest,discipline,21,13,8
Чупатаявошь,soulflayer,1149,priest,discipline,84,43,41
Dhalsim,the-shatar,1148,priest,discipline,18,12,6
Neremin,argent-dawn,1148,priest,discipline,60,33,27
Дисайплес,gordunni,1148,priest,discipline,148,75,73
Rokil,ravencrest,1148,priest,discipline,24,12,12
Purip,stormscale,1148,priest,discipline,24,12,12
Zentro,turalyon,1148,priest,discipline,103,45,58
Satisfied,blackmoore,1148,priest,discipline,30,12,18
Grimezot,ragnaros,1148,priest,discipline,30,12,18
Surpsgodx,ravencrest,1148,priest,discipline,36,12,24
Isendth,archimonde,1148,priest,discipline,42,12,30
Prodan,frostmane,1147,priest,discipline,102,53,49
Fabuliciøus,blackrock,1147,priest,discipline,24,12,12
Ribberull,burning-blade,1147,priest,discipline,24,12,12
Layster,chants-éternels,1147,priest,discipline,24,12,12
Уртримас,gordunni,1147,priest,discipline,128,59,69
Zêlða,ravencrest,1147,priest,discipline,30,12,18
Nack,marécage-de-zangar,1147,priest,discipline,30,12,18
Badguymike,ragnaros,1146,priest,discipline,18,12,6
Ünholy,burning-legion,1146,priest,discipline,39,22,17
Гуляль,howling-fjord,1146,priest,discipline,94,52,42
Healywealy,stormrage,1146,priest,discipline,24,12,12
Adrigodx,malganis,1146,priest,discipline,24,12,12
Mahakali,kirin-tor,1146,priest,discipline,24,12,12
Barbiemeth,silvermoon,1146,priest,discipline,243,117,126
Aggresivdisc,hyjal,1146,priest,discipline,30,13,17
Джоега,grom,1146,priest,discipline,41,12,29
Grainbames,sylvanas,1145,priest,discipline,18,12,6
Resgan,archimonde,1145,priest,discipline,22,13,9
Яестькенни,soulflayer,1145,priest,discipline,48,24,24
Evilmagic,illidan,1145,priest,discipline,24,12,12
Фикспрайз,gordunni,1145,priest,discipline,24,12,12
Docpower,twisting-nether,1145,priest,discipline,24,12,12
Impecabllo,outland,1145,priest,discipline,24,12,12
Medycus,blackrock,1145,priest,discipline,98,43,55
Freazi,burning-blade,1144,priest,discipline,24,14,10
Johnnypleb,blackrock,1144,priest,discipline,114,58,56
Джиннекс,gordunni,1144,priest,discipline,84,42,42
Blacklemons,thrall,1144,priest,discipline,24,12,12
Ache,defias-brotherhood,1144,priest,discipline,24,12,12
Dêrp,frostwolf,1144,priest,discipline,24,12,12
Karzin,aggra-português,1144,priest,discipline,78,38,40
Штецель,howling-fjord,1144,priest,discipline,30,12,18
Avp,the-maelstrom,1144,priest,discipline,42,12,30
Bährnchen,blackrock,1143,priest,discipline,19,13,6
Bursthilda,blackmoore,1143,priest,discipline,24,12,12
Tifrahat,the-maelstrom,1143,priest,discipline,24,12,12
Karellian,silvermoon,1143,priest,discipline,78,38,40
Unckus,defias-brotherhood,1142,priest,discipline,18,12,6
Rhésùs,archimonde,1142,priest,discipline,76,45,31
Morava,tarren-mill,1142,priest,discipline,36,20,16
Ràthaløs,sanguino,1142,priest,discipline,79,43,36
Plaguetale,archimonde,1142,priest,discipline,65,35,30
Hyggêê,sanguino,1142,priest,discipline,24,12,12
Джаджафирз,howling-fjord,1142,priest,discipline,24,12,12
Iqy,kazzak,1142,priest,discipline,27,13,14
Manau,culte-de-la-rive-noire,1142,priest,discipline,30,12,18
Talyie,argent-dawn,1141,priest,discipline,18,12,6
Noskan,silvermoon,1141,priest,discipline,21,13,8
Ordination,ragnaros,1141,priest,discipline,22,13,9
Aviz,tarren-mill,1141,priest,discipline,24,12,12
Zemo,argent-dawn,1141,priest,discipline,34,13,21
Burka,aegwynn,1140,priest,discipline,18,12,6
Chayz,thrall,1140,priest,discipline,18,12,6
Daesa,defias-brotherhood,1140,priest,discipline,24,14,10
Малмортис,soulflayer,1140,priest,discipline,66,33,33
Энлинна,soulflayer,1140,priest,discipline,24,12,12
Убивал,soulflayer,1140,priest,discipline,24,12,12
Dunkelseele,ahnqiraj,1140,priest,discipline,24,12,12
Эрьеро,gordunni,1140,priest,discipline,78,34,44
Nimako,silvermoon,1140,priest,discipline,36,15,21
Dizpel,stormscale,1140,priest,discipline,35,13,22
Canthms,twisting-nether,1139,priest,discipline,42,25,17
Morenetä,dun-modr,1139,priest,discipline,24,12,12
Wanah,ravencrest,1139,priest,discipline,137,64,73
Sixeus,outland,1139,priest,discipline,39,15,24
Kaydenkross,eredar,1139,priest,discipline,42,12,30
Quinax,shattered-hand,1138,priest,discipline,24,12,12
Bauscia,nemesis,1138,priest,discipline,24,12,12
Buzzingg,tarren-mill,1138,priest,discipline,124,61,63
Chankro,sanguino,1137,priest,discipline,24,12,12
Soed,defias-brotherhood,1137,priest,discipline,24,12,12
Árnyékfing,ragnaros,1137,priest,discipline,53,26,27
Osteograhm,eldrethalas,1137,priest,discipline,30,12,18
Drüdkh,tarren-mill,1137,priest,discipline,36,12,24
Krimsy,hyjal,1136,priest,discipline,18,12,6
Xyal,outland,1136,priest,discipline,21,13,8
Pilip,dragonmaw,1136,priest,discipline,29,16,13
Fillî,antonidas,1136,priest,discipline,32,15,17
Zenitsu,khadgar,1136,priest,discipline,76,35,41
Chapriest,alleria,1136,priest,discipline,42,14,28
Рыск,grom,1135,priest,discipline,21,18,3
Morphics,silvermoon,1135,priest,discipline,23,12,11
Saru,uldaman,1135,priest,discipline,94,47,47
Drissz,archimonde,1135,priest,discipline,24,12,12
Dafemboi,ravencrest,1134,priest,discipline,18,12,6
Froboz,the-venture-co,1134,priest,discipline,24,12,12
Bishope,dalaran,1134,priest,discipline,108,52,56
Antibiotic,auchindoun,1134,priest,discipline,130,62,68
Briareax,auchindoun,1133,priest,discipline,80,41,39
Joncartagena,sanguino,1133,priest,discipline,24,12,12
Velosp,defias-brotherhood,1133,priest,discipline,30,12,18
Deliverme,frostmane,1132,priest,discipline,18,12,6
Dontouch,nemesis,1132,priest,discipline,30,16,14
Ожившийприст,soulflayer,1132,priest,discipline,123,64,59
Luedieniel,draenor,1132,priest,discipline,53,24,29
Dyrios,drakthul,1132,priest,discipline,30,13,17
Vatizinium,veklor,1132,priest,discipline,29,12,17
Пёгодх,howling-fjord,1132,priest,discipline,37,13,24
Vrenel,burning-legion,1131,priest,discipline,29,15,14
Frittê,anetheron,1131,priest,discipline,63,32,31
Zák,sylvanas,1131,priest,discipline,24,12,12
Хельмут,soulflayer,1130,priest,discipline,24,12,12
Пофанчику,soulflayer,1130,priest,discipline,47,22,25
Шелоу,deathguard,1130,priest,discipline,33,13,20
Orbea,sinstralis,1129,priest,discipline,22,17,5
Uncleben,grim-batol,1129,priest,discipline,31,14,17
Lightmyshimy,silvermoon,1129,priest,discipline,36,12,24
Hasnaa,silvermoon,1128,priest,discipline,21,15,6
Bandäid,ravencrest,1128,priest,discipline,24,12,12
Ezrox,neptulon,1128,priest,discipline,48,21,27
Кармелитас,gordunni,1127,priest,discipline,24,12,12
Ancium,silvermoon,1127,priest,discipline,24,12,12
Domínika,ravencrest,1127,priest,discipline,29,14,15
Santocerdote,sanguino,1127,priest,discipline,36,12,24
Хилогайка,howling-fjord,1126,priest,discipline,45,20,25
Thaiboimby,veknilash,1125,priest,discipline,199,103,96
Таймыр,gordunni,1125,priest,discipline,173,79,94
Dezriah,tarren-mill,1124,priest,discipline,169,85,84
Kreem,frostmane,1123,priest,discipline,30,18,12
Enaches,twisting-nether,1123,priest,discipline,61,30,31
Fetuz,ravenholdt,1123,priest,discipline,112,52,60
Kershak,archimonde,1122,priest,discipline,18,14,4
Morcana,gorgonnash,1122,priest,discipline,70,37,33
Whysomadx,stormscale,1122,priest,discipline,145,63,82
Jbte,silvermoon,1121,priest,discipline,174,89,85
Камшотхил,gordunni,1121,priest,discipline,92,47,45
Brillich,tarren-mill,1121,priest,discipline,36,18,18
Kurtse,archimonde,1121,priest,discipline,28,14,14
Teleriah,blackmoore,1121,priest,discipline,71,28,43
Undercöverbr,ravencrest,1121,priest,discipline,60,17,43
Necromania,cthun,1120,priest,discipline,243,119,124
Xmassdispel,tarren-mill,1120,priest,discipline,42,18,24
Urticaire,arathi,1119,priest,discipline,36,17,19
Sponpriest,ravencrest,1118,priest,discipline,24,12,12
Ponpon,onyxia,1118,priest,discipline,24,12,12
Trimégiste,hyjal,1117,priest,discipline,178,94,84
Spooka,ravencrest,1117,priest,discipline,23,12,11
Pèrejoe,arathi,1117,priest,discipline,48,18,30
Vdel,draenor,1116,priest,discipline,18,12,6
Dinamix,tarren-mill,1116,priest,discipline,87,46,41
Yoloh,sanguino,1116,priest,discipline,63,26,37
Blagovesta,ravencrest,1116,priest,discipline,43,14,29
Nyell,silvermoon,1115,priest,discipline,22,12,10
Carlotta,dalaran,1115,priest,discipline,87,41,46
Andariell,burning-legion,1115,priest,discipline,35,13,22
Bigwoopsie,stormscale,1114,priest,discipline,24,14,10
Mewdewrewrx,arathor,1114,priest,discipline,84,46,38
Aléhyl,la-croisade-écarlate,1114,priest,discipline,188,92,96
Латрам,greymane,1114,priest,discipline,112,47,65
Påske,hellfire,1113,priest,discipline,42,26,16
Ehrmantràut,draenor,1113,priest,discipline,31,17,14
Bluxon,kazzak,1113,priest,discipline,22,12,10
Nyuu,aggra-português,1113,priest,discipline,24,13,11
Draenera,silvermoon,1113,priest,discipline,93,46,47
Pixelpriest,argent-dawn,1112,priest,discipline,119,71,48
Prognosis,frostwhisper,1112,priest,discipline,48,25,23
Maskia,sanguino,1112,priest,discipline,30,12,18
Facemelterx,azjolnerub,1112,priest,discipline,30,12,18
Вреднючая,gordunni,1111,priest,discipline,18,13,5
Fîoras,blackrock,1111,priest,discipline,48,28,20
Malîken,silvermoon,1111,priest,discipline,36,20,16
Гролгул,eversong,1111,priest,discipline,24,12,12
Yourmann,quelthalas,1111,priest,discipline,94,45,49
Deathspawn,hellscream,1110,priest,discipline,79,43,36
Dalyn,zuljin,1110,priest,discipline,24,12,12
Makariotatos,xavius,1110,priest,discipline,46,22,24
Sildane,kirin-tor,1110,priest,discipline,41,19,22
Nykothp,ghostlands,1110,priest,discipline,30,12,18
Walotar,chamber-of-aspects,1110,priest,discipline,60,23,37
Attiny,draenor,1110,priest,discipline,48,14,34
Eveangel,dun-modr,1109,priest,discipline,14,13,1
Dotsin,kazzak,1109,priest,discipline,299,152,147
Гундяй,soulflayer,1109,priest,discipline,63,32,31
Zeuws,kazzak,1109,priest,discipline,36,13,23
Стаминабаф,gordunni,1108,priest,discipline,21,13,8
Заплетальщик,howling-fjord,1108,priest,discipline,72,42,30
Nigellä,azjolnerub,1107,priest,discipline,36,12,24
Traitor,alakir,1106,priest,discipline,18,12,6
Акриас,gordunni,1106,priest,discipline,137,65,72
Avor,hellfire,1105,priest,discipline,36,24,12
Deckardkain,pozzo-delleternità,1105,priest,discipline,60,33,27
Thörbjorn,confrérie-du-thorium,1105,priest,discipline,30,15,15
Valente,twisting-nether,1105,priest,discipline,60,22,38
Lãnat,ravencrest,1104,priest,discipline,27,12,15
Elyssez,thrall,1104,priest,discipline,61,22,39
Lydîâ,blackhand,1102,priest,discipline,23,12,11
Aliasus,archimonde,1102,priest,discipline,23,12,11
Крайне,soulflayer,1102,priest,discipline,84,41,43
Bldnl,ragnaros,1102,priest,discipline,85,35,50
Scotpriest,draenor,1101,priest,discipline,24,12,12
Wagz,burning-legion,1100,priest,discipline,18,12,6
Velenthøs,argent-dawn,1100,priest,discipline,24,12,12
Plagegeist,blutkessel,1100,priest,discipline,24,12,12
Kårejonny,tarren-mill,1100,priest,discipline,78,35,43
Möd,ragnaros,1100,priest,discipline,30,13,17
Ãbømînåtîøn,blackrock,1099,priest,discipline,40,29,11
Worldjudge,kazzak,1099,priest,discipline,104,50,54
Aethiel,drakthul,1099,priest,discipline,46,21,25
Chane,blackmoore,1099,priest,discipline,32,13,19
Yateh,blackmoore,1098,priest,discipline,20,14,6
Enlîl,zuljin,1098,priest,discipline,65,33,32
Дэтметал,grom,1098,priest,discipline,279,135,144
Imsöbäd,archimonde,1098,priest,discipline,30,12,18
Qsandria,ravencrest,1097,priest,discipline,62,29,33
Dirim,silvermoon,1097,priest,discipline,144,63,81
Vaurork,stormscale,1096,priest,discipline,23,12,11
Pohyoloo,turalyon,1096,priest,discipline,42,20,22
Sissi,blackmoore,1096,priest,discipline,123,58,65
Chaendral,darkmoon-faire,1096,priest,discipline,30,14,16
Marces,blutkessel,1095,priest,discipline,17,12,5
Sméctà,marécage-de-zangar,1094,priest,discipline,22,13,9
Yelowsnowman,burning-legion,1094,priest,discipline,149,73,76
Susee,nozdormu,1094,priest,discipline,76,33,43
Levinson,zuljin,1092,priest,discipline,135,72,63
Zbll,ragnaros,1092,priest,discipline,51,22,29
Мояродная,howling-fjord,1091,priest,discipline,43,13,30
Xidrin,antonidas,1090,priest,discipline,22,13,9
Këller,hyjal,1090,priest,discipline,24,13,11
Hâmmel,blackrock,1090,priest,discipline,23,12,11
Bakris,twisting-nether,1090,priest,discipline,30,13,17
Командировка,gordunni,1089,priest,discipline,36,21,15
Dilbert,twilights-hammer,1089,priest,discipline,94,40,54
Fusiroxx,thrall,1089,priest,discipline,46,19,27
Lerissea,argent-dawn,1088,priest,discipline,22,12,10
Blàckângel,blackrock,1088,priest,discipline,366,180,186
Szalsza,arathor,1088,priest,discipline,84,39,45
Sanbucone,pozzo-delleternità,1086,priest,discipline,42,20,22
Simbaba,archimonde,1086,priest,discipline,157,73,84
Devilscousin,aggra-português,1085,priest,discipline,31,18,13
Fåye,ravencrest,1085,priest,discipline,22,12,10
Святаядухота,soulflayer,1085,priest,discipline,36,15,21
Clutchp,blackmoore,1084,priest,discipline,21,13,8
Priestyo,blackrock,1084,priest,discipline,42,12,30
Mäésia,hyjal,1084,priest,discipline,48,12,36
Аэрэта,deathguard,1083,priest,discipline,77,44,33
Mishra,garrosh,1083,priest,discipline,24,12,12
Piizzdiica,twisting-nether,1082,priest,discipline,36,15,21
Joblob,guldan,1082,priest,discipline,32,13,19
Absinthamos,eredar,1082,priest,discipline,34,12,22
Reagy,kazzak,1081,priest,discipline,24,16,8
Mundwerk,malganis,1081,priest,discipline,57,21,36
Nellytaa,dalaran,1080,priest,discipline,33,17,16
Norah,kirin-tor,1080,priest,discipline,41,19,22
Ahgnus,silvermoon,1080,priest,discipline,287,129,158
Waxosc,silvermoon,1080,priest,discipline,68,28,40
Voidtrix,blackrock,1080,priest,discipline,61,25,36
Salskagripme,ragnaros,1079,priest,discipline,18,12,6
Dumstrut,twisting-nether,1079,priest,discipline,63,41,22
Kellen,burning-blade,1079,priest,discipline,84,37,47
Bálíé,blackmoore,1078,priest,discipline,72,35,37
Zielonymisiu,burning-legion,1078,priest,discipline,71,31,40
Akroz,sanguino,1077,priest,discipline,24,14,10
Nienni,mannoroth,1077,priest,discipline,48,24,24
Wintersônne,kult-der-verdammten,1077,priest,discipline,37,17,20
Jediminds,tarren-mill,1076,priest,discipline,22,12,10
Satyrax,draenor,1076,priest,discipline,54,28,26
Lapeür,archimonde,1076,priest,discipline,24,12,12
Lunacarle,zuljin,1075,priest,discipline,44,24,20
Mocnymaco,burning-blade,1075,priest,discipline,253,128,125
Düina,tyrande,1075,priest,discipline,29,13,16
Pénancé,defias-brotherhood,1075,priest,discipline,36,13,23
Amphôra,archimonde,1074,priest,discipline,50,22,28
Alesdia,eredar,1074,priest,discipline,34,12,22
Makrit,outland,1073,priest,discipline,69,28,41
Dazé,ravencrest,1072,priest,discipline,62,43,19
Dafúq,draenor,1072,priest,discipline,22,12,10
Crizto,argent-dawn,1072,priest,discipline,60,24,36
Kangkong,burning-legion,1071,priest,discipline,33,14,19
Tavóx,blackmoore,1070,priest,discipline,84,40,44
Hambol,tarren-mill,1070,priest,discipline,36,13,23
Sygarius,silvermoon,1070,priest,discipline,48,13,35
Lunairess,silvermoon,1069,priest,discipline,84,28,56
Preterovka,nemesis,1069,priest,discipline,42,14,28
Schnüschnü,blackmoore,1069,priest,discipline,37,12,25
Ameezy,bloodfeather,1069,priest,discipline,38,12,26
Anariell,ravencrest,1068,priest,discipline,31,14,17
Sphard,ysondre,1067,priest,discipline,164,69,95
Deeforce,argent-dawn,1067,priest,discipline,74,29,45
Эйнрив,howling-fjord,1066,priest,discipline,113,53,60
Юкич,soulflayer,1065,priest,discipline,34,12,22
Bellanote,dalaran,1064,priest,discipline,284,134,150
Aetherah,outland,1064,priest,discipline,66,27,39
Celero,silvermoon,1063,priest,discipline,54,23,31
Mamasmilk,draenor,1061,priest,discipline,54,30,24
Shyer,argent-dawn,1061,priest,discipline,39,14,25
Лилинтель,gordunni,1061,priest,discipline,72,17,55
Prazefin,twisting-nether,1060,priest,discipline,22,13,9
Spookyfive,blackhand,1060,priest,discipline,89,31,58
Трахмэйстер,gordunni,1059,priest,discipline,47,30,17
Lamovtabrood,kazzak,1059,priest,discipline,77,28,49
Tïniebla,dun-modr,1058,priest,discipline,30,17,13
Anethron,ragnaros,1058,priest,discipline,164,84,80
Тэславик,soulflayer,1058,priest,discipline,30,13,17
Shalacho,blackrock,1057,priest,discipline,75,38,37
Yânùx,aegwynn,1056,priest,discipline,12,11,1
Swpain,argent-dawn,1056,priest,discipline,12,11,1
Abcdefghijk,sanguino,1056,priest,discipline,18,11,7
Ranocchio,the-maelstrom,1056,priest,discipline,18,11,7
Daskemaskinx,the-maelstrom,1056,priest,discipline,18,11,7
Meganxx,ravencrest,1056,priest,discipline,18,11,7
Wasserbache,antonidas,1056,priest,discipline,18,11,7
Cazã,archimonde,1056,priest,discipline,18,11,7
Ewamlf,drakthul,1056,priest,discipline,18,11,7
Surfingbird,ragnaros,1056,priest,discipline,18,11,7
Jaytî,ravencrest,1056,priest,discipline,18,11,7
Drnoob,tarren-mill,1056,priest,discipline,50,25,25
Onceup,thrall,1056,priest,discipline,24,11,13
Dexlolo,stormscale,1056,priest,discipline,24,11,13
Ðanilosp,dun-modr,1056,priest,discipline,24,11,13
Visàge,silvermoon,1056,priest,discipline,30,11,19
Carpathîan,blackhand,1056,priest,discipline,72,25,47
Zælÿ,archimonde,1055,priest,discipline,18,11,7
Nelyø,destromath,1055,priest,discipline,18,11,7
Балантайсх,soulflayer,1055,priest,discipline,18,11,7
Orkanwal,ravencrest,1055,priest,discipline,18,11,7
Дефракторы,gordunni,1055,priest,discipline,50,30,20
Narinelepen,culte-de-la-rive-noire,1055,priest,discipline,24,11,13
Løokbeheind,kazzak,1055,priest,discipline,24,11,13
Manäka,hyjal,1055,priest,discipline,24,11,13
Squishylol,tarren-mill,1055,priest,discipline,24,11,13
Pureàngel,ravencrest,1055,priest,discipline,24,11,13
Haffination,frostmane,1055,priest,discipline,24,11,13
Shttygame,nazjatar,1055,priest,discipline,24,11,13
Diminishing,ragnaros,1055,priest,discipline,24,11,13
Nitroze,stormscale,1055,priest,discipline,24,11,13
Scaday,sanguino,1055,priest,discipline,24,11,13
Deshka,tarren-mill,1055,priest,discipline,30,11,19
Ræwïllûñgøðx,ravencrest,1054,priest,discipline,18,11,7
Sherbanger,argent-dawn,1054,priest,discipline,18,11,7
Appraiser,draenor,1054,priest,discipline,18,11,7
Slowinmotion,twisting-nether,1054,priest,discipline,18,11,7
Leleg,blackhand,1054,priest,discipline,18,11,7
Bäckay,silvermoon,1054,priest,discipline,24,11,13
Shadowful,drakthul,1054,priest,discipline,24,11,13
Hòllymèdx,blackmoore,1054,priest,discipline,24,11,13
Kalisya,ravencrest,1054,priest,discipline,30,11,19
Peg,talnivarr,1054,priest,discipline,30,11,19
Auroree,stormscale,1054,priest,discipline,30,11,19
Szycho,burning-legion,1054,priest,discipline,36,11,25
Zeatt,ysera,1053,priest,discipline,18,11,7
Coldsigil,argent-dawn,1053,priest,discipline,18,11,7
ßeau,outland,1053,priest,discipline,18,11,7
Moritura,nefarian,1053,priest,discipline,60,28,32
Marypops,outland,1053,priest,discipline,24,11,13
Tsunadesaama,silvermoon,1053,priest,discipline,24,11,13
Alysial,silvermoon,1053,priest,discipline,24,11,13
Залик,soulflayer,1053,priest,discipline,29,12,17
Danri,ravencrest,1053,priest,discipline,30,11,19
Drwho,zuljin,1053,priest,discipline,33,12,21
Elinaa,die-aldor,1052,priest,discipline,24,11,13
Docter,talnivarr,1052,priest,discipline,24,11,13
Købzar,tarren-mill,1052,priest,discipline,30,11,19
Szerelmi,ragnaros,1051,priest,discipline,18,11,7
Chokmâh,sanguino,1051,priest,discipline,18,11,7
Maistuu,tarren-mill,1051,priest,discipline,19,11,8
Bunetu,blackmoore,1051,priest,discipline,36,17,19
Sensimiya,dalaran,1051,priest,discipline,24,11,13
Coldxzera,tarren-mill,1051,priest,discipline,24,11,13
Nevermyndz,blackmoore,1051,priest,discipline,24,11,13
Vo,dentarg,1051,priest,discipline,24,11,13
Misa,ravencrest,1051,priest,discipline,24,11,13
Hèlp,sanguino,1051,priest,discipline,30,13,17
Ритуалист,deepholm,1051,priest,discipline,42,11,31
Fakéy,draenor,1050,priest,discipline,12,11,1
Kaos,anetheron,1050,priest,discipline,42,25,17
Cahuña,thrall,1050,priest,discipline,33,19,14
Smokäy,blackhand,1050,priest,discipline,24,11,13
Junglepriest,ravencrest,1050,priest,discipline,24,11,13
Lighttorch,burning-legion,1050,priest,discipline,28,12,16
Celadriel,ravencrest,1050,priest,discipline,30,11,19
Zatón,dun-modr,1050,priest,discipline,30,11,19
Healenax,ravencrest,1050,priest,discipline,36,11,25
Mers,eredar,1049,priest,discipline,18,11,7
Lacrum,ragnaros,1049,priest,discipline,26,15,11
Ungeheuer,taerar,1049,priest,discipline,54,25,29
Nimiqt,tarren-mill,1049,priest,discipline,24,11,13
Holyshifts,silvermoon,1049,priest,discipline,24,11,13
Immutable,twisting-nether,1049,priest,discipline,24,11,13
Merendir,scarshield-legion,1049,priest,discipline,42,11,31
Icyc,outland,1049,priest,discipline,42,11,31
Aurea,deathwing,1048,priest,discipline,26,12,14
Bløøððañçé,ragnaros,1048,priest,discipline,24,11,13
Sanril,ragnaros,1048,priest,discipline,24,11,13
Axewound,neptulon,1048,priest,discipline,25,11,14
Redlight,ysondre,1048,priest,discipline,30,11,19
Rredss,ravencrest,1047,priest,discipline,22,14,8
Neseig,blutkessel,1047,priest,discipline,18,11,7
Duwendu,drakthul,1047,priest,discipline,23,12,11
Nakrga,twisting-nether,1047,priest,discipline,24,11,13
Drumont,kelthuzad,1047,priest,discipline,24,11,13
Мерседулька,howling-fjord,1046,priest,discipline,22,12,10
Lightless,baelgun,1046,priest,discipline,84,38,46
Helenor,dalvengyr,1046,priest,discipline,36,15,21
Aemi,draenor,1045,priest,discipline,18,11,7
Dannebrog,eonar,1045,priest,discipline,24,11,13
Azraelz,blackhand,1045,priest,discipline,31,13,18
Нимеос,soulflayer,1045,priest,discipline,48,11,37
Billypriest,argent-dawn,1044,priest,discipline,18,11,7
Mufza,draenor,1044,priest,discipline,18,11,7
Yvves,twisting-nether,1044,priest,discipline,47,25,22
Khai,tarren-mill,1044,priest,discipline,118,62,56
Pescá,cthun,1044,priest,discipline,25,13,12
Needmana,hyjal,1044,priest,discipline,36,15,21
Xharyo,ravencrest,1044,priest,discipline,28,11,17
Iheal,dunemaul,1044,priest,discipline,30,11,19
Hëýîmvégâñ,ravencrest,1043,priest,discipline,18,11,7
Ráka,earthen-ring,1043,priest,discipline,26,13,13
Holydani,blackrock,1043,priest,discipline,140,68,72
Zembowae,drakthul,1042,priest,discipline,18,11,7
Эллвинг,howling-fjord,1042,priest,discipline,23,12,11
Ccatchme,sylvanas,1042,priest,discipline,135,66,69
Blaumeaux,eredar,1042,priest,discipline,24,11,13
Jimcarre,eredar,1041,priest,discipline,42,21,21
Holyskull,magtheridon,1041,priest,discipline,124,51,73
Whitemané,argent-dawn,1040,priest,discipline,56,28,28
Tryagaindog,archimonde,1040,priest,discipline,24,11,13
Jonnyklebrig,aegwynn,1040,priest,discipline,47,18,29
Kranrekan,archimonde,1040,priest,discipline,54,18,36
Worstdisceu,draenor,1039,priest,discipline,24,11,13
Sulla,draenor,1039,priest,discipline,30,11,19
Scarlovni,archimonde,1039,priest,discipline,30,11,19
Priestar,madmortem,1038,priest,discipline,24,11,13
Montane,wrathbringer,1038,priest,discipline,24,11,13
Kalì,thrall,1037,priest,discipline,54,30,24
Destally,kirin-tor,1037,priest,discipline,24,13,11
Sastry,drakthul,1037,priest,discipline,24,11,13
Sadira,malganis,1037,priest,discipline,24,11,13
Пропитал,booty-bay,1036,priest,discipline,30,11,19
Grêndine,blackmoore,1036,priest,discipline,30,11,19
Лилсейнтс,gordunni,1036,priest,discipline,42,11,31
Metapri,blackhand,1035,priest,discipline,53,26,27
Kallsen,ravencrest,1034,priest,discipline,66,41,25
Prifoxx,ravencrest,1034,priest,discipline,42,24,18
Inaeries,argent-dawn,1034,priest,discipline,41,22,19
Ezor,dalvengyr,1034,priest,discipline,30,11,19
Деривация,grom,1034,priest,discipline,35,12,23
Mudhoney,ragnaros,1033,priest,discipline,18,11,7
Heliya,doomhammer,1033,priest,discipline,27,13,14
Dorisdiesel,ravencrest,1033,priest,discipline,30,11,19
Sussane,burning-blade,1032,priest,discipline,30,14,16
Prigart,sylvanas,1032,priest,discipline,24,11,13
Pandiha,xavius,1032,priest,discipline,24,11,13
Sòsò,archimonde,1032,priest,discipline,78,34,44
Battleprey,the-maelstrom,1031,priest,discipline,18,11,7
Easxyx,veklor,1030,priest,discipline,24,18,6
Biigy,hyjal,1030,priest,discipline,24,11,13
Дигмана,soulflayer,1029,priest,discipline,53,21,32
Rydzyk,laughing-skull,1028,priest,discipline,24,13,11
Liimbo,dun-morogh,1028,priest,discipline,36,11,25
Checke,outland,1027,priest,discipline,18,11,7
Xandrea,ysondre,1027,priest,discipline,36,11,25
Elpitiimigré,sinstralis,1026,priest,discipline,54,26,28
Marryjade,ragnaros,1026,priest,discipline,44,21,23
Razonuke,ravencrest,1026,priest,discipline,24,11,13
Lauvcraft,outland,1026,priest,discipline,24,11,13
Sarafîsthole,ysondre,1026,priest,discipline,30,11,19
Caojialedebi,zuljin,1025,priest,discipline,34,19,15
Snuifje,azjolnerub,1025,priest,discipline,257,120,137
Boyraz,argent-dawn,1025,priest,discipline,102,44,58
Buzzard,frostmourne,1024,priest,discipline,36,22,14
Disz,zuljin,1024,priest,discipline,29,11,18
Zergo,karazhan,1023,priest,discipline,178,78,100
Undeadv,twisting-nether,1023,priest,discipline,52,19,33
Пристохилю,gordunni,1022,priest,discipline,36,18,18
Mydianá,aegwynn,1021,priest,discipline,20,12,8
Avischi,blackrock,1021,priest,discipline,74,30,44
Doublesp,stormscale,1020,priest,discipline,17,11,6
Sharae,malfurion,1020,priest,discipline,77,41,36
Zdrowíé,todeswache,1019,priest,discipline,150,79,71
Äwësömë,aggra-português,1019,priest,discipline,66,34,32
Xanndro,argent-dawn,1019,priest,discipline,93,42,51
Laurelian,argent-dawn,1019,priest,discipline,96,42,54
Gandzaa,silvermoon,1018,priest,discipline,45,24,21
Tepulla,kragjin,1018,priest,discipline,36,13,23
Grgovan,kazzak,1017,priest,discipline,15,12,3
Voix,earthen-ring,1017,priest,discipline,26,11,15
Rexxár,aszune,1016,priest,discipline,121,58,63
Avriar,ragnaros,1015,priest,discipline,23,14,9
Тэслос,howling-fjord,1015,priest,discipline,29,11,18
Nunnis,kazzak,1013,priest,discipline,355,182,173
Héaláholic,blackrock,1013,priest,discipline,70,35,35
Figoluh,hyjal,1012,priest,discipline,23,11,12
Pabli,argent-dawn,1012,priest,discipline,30,11,19
Morrydin,stormreaver,1009,priest,discipline,22,11,11
Kyrédan,dalaran,1009,priest,discipline,229,113,116
Yøzø,blackhand,1009,priest,discipline,63,27,36
Shádøwx,ravencrest,1008,priest,discipline,27,12,15
Tacko,tarren-mill,1008,priest,discipline,42,12,30
Аоимонстр,soulflayer,1007,priest,discipline,21,12,9
Discoruzki,ravencrest,1007,priest,discipline,23,11,12
Docmercy,dun-morogh,1007,priest,discipline,40,12,28
Coldyx,blackrock,1006,priest,discipline,17,11,6
Priestør,onyxia,1006,priest,discipline,19,12,7
Satanspawn,neptulon,1005,priest,discipline,82,34,48
Джифорс,thermaplugg,1005,priest,discipline,84,29,55
Junkz,eredar,1003,priest,discipline,90,43,47
Атоска,fordragon,1003,priest,discipline,24,11,13
Limpopon,doomhammer,1002,priest,discipline,165,74,91
Chaniu,throkferoth,1002,priest,discipline,36,13,23
Badballs,doomhammer,1002,priest,discipline,35,11,24
Slufse,alakir,1001,priest,discipline,29,13,16
Moeshy,kazzak,1001,priest,discipline,28,12,16
Steadyog,doomhammer,1000,priest,discipline,24,16,8
Nobbisnice,drakthul,1000,priest,discipline,94,39,55
Giibboo,emerald-dream,999,priest,discipline,28,13,15
Upsbro,outland,998,priest,discipline,24,11,13
Rrpriest,silvermoon,998,priest,discipline,68,23,45
Sisdenna,doomhammer,997,priest,discipline,277,141,136
Косн,razuvious,996,priest,discipline,28,12,16
Zöin,minahonda,994,priest,discipline,24,14,10
Капляболи,gordunni,994,priest,discipline,82,39,43
Rawkilla,stormrage,993,priest,discipline,18,11,7
Paradigma,outland,992,priest,discipline,149,79,70
Gammelkörper,perenolde,992,priest,discipline,109,55,54
Itachiuchiha,bloodfeather,992,priest,discipline,82,32,50
Priezeke,aggramar,991,priest,discipline,84,46,38
Prïstië,drakthul,991,priest,discipline,74,33,41
Lînda,nordrassil,991,priest,discipline,74,30,44
Lucina,zuljin,990,priest,discipline,54,29,25
Dyatlöv,conseil-des-ombres,990,priest,discipline,75,37,38
Gronni,argent-dawn,990,priest,discipline,42,20,22
Didinini,outland,990,priest,discipline,70,33,37
Temtem,ravencrest,990,priest,discipline,29,11,18
Shadøwtikkas,archimonde,989,priest,discipline,106,51,55
Stclemens,defias-brotherhood,988,priest,discipline,87,39,48
Góldfinger,norgannon,988,priest,discipline,27,11,16
Abstauberin,blackrock,987,priest,discipline,40,20,20
Boomhilde,aegwynn,986,priest,discipline,274,135,139
Caprice,kelthuzad,984,priest,discipline,122,61,61
Eronnsalis,burning-legion,984,priest,discipline,114,52,62
Minnaq,burning-legion,984,priest,discipline,33,14,19
Popegoat,ragnaros,983,priest,discipline,76,47,29
Lumartos,ungoro,983,priest,discipline,175,85,90
Rosilana,blackrock,983,priest,discipline,60,24,36
Huzlin,kazzak,983,priest,discipline,28,11,17
Narkofashist,sanguino,982,priest,discipline,90,37,53
Killermoon,rexxar,981,priest,discipline,22,11,11
Tîwele,dalvengyr,981,priest,discipline,28,11,17
Lichtelaaie,quelthalas,980,priest,discipline,24,15,9
Voilencia,kazzak,979,priest,discipline,55,17,38
Aiushtha,bloodfeather,977,priest,discipline,49,26,23
Арабет,galakrond,975,priest,discipline,107,57,50
Moinmeister,frostmourne,975,priest,discipline,77,38,39
Kizzorde,ragnaros,975,priest,discipline,132,64,68
Healheal,outland,975,priest,discipline,129,62,67
Shandril,marécage-de-zangar,974,priest,discipline,24,12,12
Goldenapples,ravencrest,974,priest,discipline,58,28,30
Rousse,kazzak,974,priest,discipline,42,14,28
Yoóngí,ravencrest,973,priest,discipline,17,11,6
Havanna,dethecus,973,priest,discipline,30,18,12
Mijuuk,zuljin,973,priest,discipline,42,25,17
Therealopa,blackmoore,973,priest,discipline,116,54,62
Vepa,blackrock,972,priest,discipline,52,27,25
Cesiom,culte-de-la-rive-noire,970,priest,discipline,95,52,43
Sigor,hellfire,970,priest,discipline,47,22,25
Sáro,ravencrest,969,priest,discipline,88,45,43
Васпохилить,howling-fjord,969,priest,discipline,32,15,17
Holymoni,ragnaros,967,priest,discipline,23,12,11
Seiigops,ysondre,966,priest,discipline,18,13,5
Lubdub,drakthul,966,priest,discipline,78,35,43
Teyranamin,defias-brotherhood,965,priest,discipline,25,11,14
Morgoh,die-arguswacht,962,priest,discipline,162,81,81
Holyheartx,argent-dawn,962,priest,discipline,34,12,22
Presbyter,mazrigos,961,priest,discipline,21,11,10
Kenyka,silvermoon,961,priest,discipline,103,46,57
Piccolamorte,ysondre,960,priest,discipline,12,10,2
Twaryuka,outland,960,priest,discipline,12,10,2
Ghettonelf,sylvanas,960,priest,discipline,12,10,2
Lanat,ravencrest,960,priest,discipline,12,10,2
Ринкуку,howling-fjord,960,priest,discipline,18,10,8
Ordeal,tarren-mill,960,priest,discipline,18,10,8
Пухлаясвинка,fordragon,960,priest,discipline,18,10,8
Asýnc,ravencrest,960,priest,discipline,18,10,8
Twitty,argent-dawn,960,priest,discipline,18,10,8
Lerrapriest,eredar,960,priest,discipline,18,10,8
Nishto,twisting-nether,960,priest,discipline,18,10,8
Vespbruh,kazzak,960,priest,discipline,18,10,8
Ilovesumecx,aegwynn,960,priest,discipline,18,10,8
Brainerror,outland,960,priest,discipline,21,11,10
Healysith,archimonde,960,priest,discipline,24,10,14
ßestworld,draenor,960,priest,discipline,24,10,14
Dxlkekss,blackmoore,960,priest,discipline,24,10,14
Theblank,pozzo-delleternità,960,priest,discipline,24,10,14
Némx,stormscale,960,priest,discipline,24,10,14
Tmnstrtw,alakir,960,priest,discipline,30,10,20
Leykop,ravencrest,960,priest,discipline,36,10,26
Brobert,nerathor,959,priest,discipline,12,10,2
Pøcketsåge,blackrock,959,priest,discipline,12,10,2
Shassun,blackrock,959,priest,discipline,12,10,2
Lèss,ysondre,959,priest,discipline,18,10,8
Animalrescue,draenor,959,priest,discipline,18,10,8
Ðaala,blackrock,959,priest,discipline,18,10,8
Рыжаякискис,soulflayer,959,priest,discipline,18,10,8
Emancipation,outland,959,priest,discipline,18,10,8
Dunderpriest,silvermoon,959,priest,discipline,18,10,8
Pwatheism,blackmoore,959,priest,discipline,18,10,8
Anticorona,twisting-nether,959,priest,discipline,18,10,8
Kemari,aegwynn,959,priest,discipline,18,10,8
Gladíator,blackhand,959,priest,discipline,18,10,8
Døtgdx,archimonde,959,priest,discipline,18,10,8
Notpetya,kazzak,959,priest,discipline,24,10,14
Râây,blackrock,959,priest,discipline,24,10,14
Malerek,magtheridon,959,priest,discipline,24,10,14
Laceylol,anubarak,959,priest,discipline,24,10,14
Ârth,kirin-tor,959,priest,discipline,24,10,14
Vate,aszune,959,priest,discipline,24,10,14
Alìsa,ravencrest,959,priest,discipline,24,10,14
Buchânân,archimonde,959,priest,discipline,24,10,14
Jimski,stormscale,959,priest,discipline,33,11,22
Bulgy,archimonde,959,priest,discipline,30,10,20
Phucu,the-maelstrom,959,priest,discipline,30,10,20
Sàvia,pozzo-delleternità,959,priest,discipline,30,10,20
Kizmy,archimonde,959,priest,discipline,30,10,20
Gedzie,silvermoon,958,priest,discipline,12,10,2
Awakenedmyth,draenor,958,priest,discipline,12,10,2
Bammerr,stormscale,958,priest,discipline,16,11,5
Nhaisu,silvermoon,958,priest,discipline,18,10,8
Баночкадури,deathguard,958,priest,discipline,18,10,8
Florey,ragnaros,958,priest,discipline,18,10,8
Sadgelands,outland,958,priest,discipline,18,10,8
Thicolascage,draenor,958,priest,discipline,24,10,14
Baristolth,archimonde,958,priest,discipline,24,10,14
Míjagí,blackhand,958,priest,discipline,48,16,32
Бичиотаке,azuregos,958,priest,discipline,30,10,20
Exaneo,ragnaros,958,priest,discipline,30,10,20
Sws,throkferoth,957,priest,discipline,12,10,2
Discönnect,kazzak,957,priest,discipline,12,10,2
Napriest,kazzak,957,priest,discipline,18,10,8
Bougetonboul,archimonde,957,priest,discipline,18,10,8
Vaßpera,tarren-mill,957,priest,discipline,18,10,8
Powersupply,argent-dawn,957,priest,discipline,18,10,8
Lunatrix,sanguino,957,priest,discipline,18,10,8
Ромиопвп,gordunni,957,priest,discipline,21,11,10
Свитерокк,howling-fjord,957,priest,discipline,25,11,14
Dexodus,sylvanas,957,priest,discipline,24,10,14
Hazedoktor,twisting-nether,957,priest,discipline,24,10,14
Awalneczarem,magtheridon,957,priest,discipline,24,10,14
Eompriest,magtheridon,957,priest,discipline,24,10,14
Anankea,malganis,957,priest,discipline,27,10,17
Вейтарен,gordunni,957,priest,discipline,30,10,20
Белыйшеколад,blackscar,956,priest,discipline,12,10,2
Tabbed,kazzak,956,priest,discipline,12,10,2
Sarrâh,ysondre,956,priest,discipline,18,10,8
Myzaree,silvermoon,956,priest,discipline,18,10,8
Zaein,malganis,956,priest,discipline,18,10,8
Roshanac,argent-dawn,956,priest,discipline,140,70,70
Priincess,ragnaros,956,priest,discipline,44,18,26
Techipriest,ravencrest,955,priest,discipline,12,10,2
Mëstre,sanguino,955,priest,discipline,36,20,16
Exorcizamus,khaz-modan,955,priest,discipline,18,10,8
Poc,burning-legion,955,priest,discipline,18,10,8
Evangelyne,tarren-mill,955,priest,discipline,24,10,14
Kättare,stormscale,955,priest,discipline,24,10,14
Willenskraft,outland,955,priest,discipline,24,10,14
Убийцаорчат,lich-king,955,priest,discipline,24,10,14
Zyrexan,defias-brotherhood,955,priest,discipline,30,10,20
Boomboxk,darksorrow,954,priest,discipline,18,10,8
Noibe,chogall,954,priest,discipline,18,10,8
Elreâ,blackrock,954,priest,discipline,18,10,8
Аргла,soulflayer,954,priest,discipline,198,99,99
Chê,sanguino,954,priest,discipline,42,21,21
Kyuuma,ravencrest,954,priest,discipline,24,10,14
Olqp,tarren-mill,954,priest,discipline,24,10,14
Hempukka,spinebreaker,954,priest,discipline,24,10,14
Røläck,ragnaros,954,priest,discipline,65,23,42
Юбич,soulflayer,953,priest,discipline,18,10,8
Kashmirweed,ravencrest,953,priest,discipline,78,34,44
Noncuro,tarren-mill,953,priest,discipline,24,10,14
Vysajapolkni,burning-blade,953,priest,discipline,31,10,21
Braumo,argent-dawn,952,priest,discipline,23,12,11
Mambanero,nemesis,952,priest,discipline,277,122,155
Саксесфул,howling-fjord,952,priest,discipline,24,10,14
Фруктег,howling-fjord,952,priest,discipline,24,10,14
Abî,frostwolf,952,priest,discipline,27,11,16
Фионыч,blackscar,951,priest,discipline,24,10,14
Hollylicious,kazzak,951,priest,discipline,24,10,14
Boniesmack,stormscale,951,priest,discipline,24,10,14
Nasirjones,outland,950,priest,discipline,18,10,8
Chrissirr,culte-de-la-rive-noire,950,priest,discipline,18,10,8
Немашка,blackscar,950,priest,discipline,18,10,8
Orqz,anetheron,950,priest,discipline,20,10,10
Guérissolog,kaelthas,950,priest,discipline,24,10,14
Gaidy,ravencrest,949,priest,discipline,18,10,8
Benedicktus,hyjal,949,priest,discipline,24,10,14
Chris,laughing-skull,948,priest,discipline,12,10,2
Nîtarà,silvermoon,948,priest,discipline,42,19,23
Sprife,ragnaros,948,priest,discipline,28,11,17
Perxonx,twisting-nether,946,priest,discipline,12,10,2
Waskoxprotec,archimonde,946,priest,discipline,24,15,9
Pínx,nerathor,946,priest,discipline,24,10,14
Soltum,eredar,946,priest,discipline,30,10,20
Shalnorei,drakthul,945,priest,discipline,24,10,14
Ксержик,gordunni,943,priest,discipline,24,10,14
Mønti,onyxia,942,priest,discipline,35,17,18
Réborn,tarren-mill,942,priest,discipline,78,37,41
Omened,nemesis,942,priest,discipline,23,10,13
Togx,silvermoon,942,priest,discipline,24,10,14
Søb,silvermoon,942,priest,discipline,29,10,19
Lèviåthån,stormscale,942,priest,discipline,29,10,19
Ahbe,stormscale,940,priest,discipline,17,10,7
Perlo,sanguino,940,priest,discipline,89,47,42
Hinkelstein,defias-brotherhood,939,priest,discipline,78,39,39
Daria,teldrassil,938,priest,discipline,341,172,169
Thecraft,antonidas,938,priest,discipline,24,10,14
Esthea,malganis,938,priest,discipline,65,27,38
Stormééz,bronzebeard,937,priest,discipline,62,24,38
Antikrisztus,burning-legion,936,priest,discipline,28,11,17
Docoktokok,guldan,935,priest,discipline,36,18,18
Энтанант,gordunni,935,priest,discipline,30,15,15
Felbs,defias-brotherhood,935,priest,discipline,69,25,44
Bolíngbroke,argent-dawn,935,priest,discipline,47,12,35
Fatalyse,ysondre,934,priest,discipline,102,50,52
Tarik,nemesis,933,priest,discipline,25,10,15
Koderpl,burning-legion,931,priest,discipline,117,58,59
Sednâ,conseil-des-ombres,931,priest,discipline,23,10,13
Keytár,argent-dawn,930,priest,discipline,51,17,34
Glaukes,die-nachtwache,929,priest,discipline,38,12,26
Ifkströmsund,stormscale,928,priest,discipline,18,10,8
Ледивалькира,blackscar,927,priest,discipline,18,10,8
Beatzeps,tarren-mill,926,priest,discipline,14,11,3
Eleveno,ravencrest,926,priest,discipline,102,51,51
Pavyone,twisting-nether,926,priest,discipline,23,10,13
Chukwundi,ravencrest,925,priest,discipline,102,38,64
Senghe,argent-dawn,924,priest,discipline,48,19,29
Thechieftain,twilights-hammer,923,priest,discipline,18,10,8
Flaylol,stormscale,923,priest,discipline,23,10,13
Papak,defias-brotherhood,923,priest,discipline,38,12,26
Alligatores,kazzak,921,priest,discipline,32,16,16
Shnookfour,agamaggan,921,priest,discipline,73,35,38
Fordöbroo,ragnaros,921,priest,discipline,39,16,23
Casconero,nemesis,917,priest,discipline,53,20,33
Goldische,dun-morogh,917,priest,discipline,56,18,38
Daemoxia,ravencrest,916,priest,discipline,16,11,5
Elba,defias-brotherhood,916,priest,discipline,24,10,14
Meodor,antonidas,915,priest,discipline,72,38,34
Nosgot,earthen-ring,915,priest,discipline,49,25,24
Beellzo,sylvanas,915,priest,discipline,119,51,68
Sacristy,aggra-português,914,priest,discipline,68,25,43
Дуззер,howling-fjord,913,priest,discipline,24,10,14
Rasko,balnazzar,912,priest,discipline,42,18,24
Imdeadxd,twisting-nether,911,priest,discipline,15,11,4
Дезминд,howling-fjord,911,priest,discipline,17,10,7
Kolsäck,twilights-hammer,911,priest,discipline,23,10,13
Titibolls,sanguino,908,priest,discipline,23,10,13
Howlscastie,stormscale,908,priest,discipline,108,45,63
Immórtal,tarren-mill,908,priest,discipline,30,10,20
Stórmén,kazzak,906,priest,discipline,34,11,23
Hòlymoly,stormscale,905,priest,discipline,88,33,55
Dipsoman,stormscale,904,priest,discipline,36,18,18
Seidel,aggramar,904,priest,discipline,34,17,17
Любительница,galakrond,898,priest,discipline,55,22,33
Wørmiexz,stormscale,895,priest,discipline,20,10,10
Saskiaa,doomhammer,895,priest,discipline,66,32,34
Шадия,ashenvale,893,priest,discipline,31,15,16
Bríta,veknilash,893,priest,discipline,26,10,16
Amoxí,blackmoore,892,priest,discipline,18,10,8
Karekano,pozzo-delleternità,888,priest,discipline,21,11,10
Blúefox,malfurion,888,priest,discipline,26,10,16
Clergy,nagrand,887,priest,discipline,36,11,25
Wisdoms,thrall,887,priest,discipline,55,14,41
Adolosh,thrall,886,priest,discipline,24,12,12
Chandria,veknilash,886,priest,discipline,54,24,30
Paparockatos,sylvanas,885,priest,discipline,64,33,31
Darzul,conseil-des-ombres,883,priest,discipline,20,10,10
Mefeon,draenor,882,priest,discipline,27,12,15
Sétsukó,aegwynn,880,priest,discipline,16,10,6
Танасир,eversong,876,priest,discipline,25,10,15
Warmomma,pozzo-delleternità,876,priest,discipline,29,11,18
Madvortexe,kazzak,874,priest,discipline,19,10,9
Borgír,burning-legion,871,priest,discipline,27,11,16
Toks,stormscale,871,priest,discipline,45,10,35
Elfiontko,burning-legion,870,priest,discipline,24,11,13
Durell,blackrock,867,priest,discipline,60,24,36
Hðly,doomhammer,865,priest,discipline,23,12,11
Ríeka,proudmoore,864,priest,discipline,12,9,3
Byzzi,draenor,864,priest,discipline,12,9,3
Littledoc,blackmoore,864,priest,discipline,12,9,3
Skillir,der-abyssische-rat,864,priest,discipline,12,9,3
Willzah,outland,864,priest,discipline,12,9,3
Cbbigbape,thrall,864,priest,discipline,12,9,3
Goblingøs,ravencrest,864,priest,discipline,12,9,3
Ratapain,argent-dawn,864,priest,discipline,12,9,3
Priestyboyuk,tarren-mill,864,priest,discipline,12,9,3
Chimpanzoo,kazzak,864,priest,discipline,12,9,3
Zyç,der-rat-von-dalaran,864,priest,discipline,12,9,3
Hrygtqertih,ravencrest,864,priest,discipline,12,9,3
Ðågéståñ,draenor,864,priest,discipline,12,9,3
Monflouz,archimonde,864,priest,discipline,12,9,3
Ðeeptherapy,ragnaros,864,priest,discipline,12,9,3
Cyúxyúvteea,ravencrest,864,priest,discipline,12,9,3
Bukakëlover,sanguino,864,priest,discipline,12,9,3
Priéstitude,kazzak,864,priest,discipline,12,9,3
Finalvirus,draenor,864,priest,discipline,12,9,3
Ynys,dentarg,864,priest,discipline,18,9,9
Donvasco,kazzak,864,priest,discipline,18,9,9
Infandus,pozzo-delleternità,864,priest,discipline,18,9,9
Syths,drakthul,864,priest,discipline,18,9,9
Thaykza,blackmoore,864,priest,discipline,18,9,9
Ycvdfghrkynu,sylvanas,864,priest,discipline,18,9,9
Lâñàt,ravencrest,864,priest,discipline,18,9,9
Gloffoló,ragnaros,864,priest,discipline,18,9,9
Ahilarry,tarren-mill,864,priest,discipline,18,9,9
Jtep,ravencrest,864,priest,discipline,18,9,9
Steelbird,ravencrest,864,priest,discipline,18,9,9
Svetozarov,wildhammer,864,priest,discipline,18,9,9
Discmachinex,stormscale,864,priest,discipline,18,9,9
Missright,ragnaros,864,priest,discipline,18,9,9
Siign,ravencrest,864,priest,discipline,22,10,12
Azymi,ravencrest,864,priest,discipline,24,9,15
Próxs,ravencrest,864,priest,discipline,24,9,15
Teresie,argent-dawn,864,priest,discipline,24,9,15
Péntagon,festung-der-stürme,864,priest,discipline,24,9,15
Víd,dun-morogh,864,priest,discipline,24,9,15
Chocomiette,archimonde,864,priest,discipline,25,9,16
Evabae,the-maelstrom,864,priest,discipline,30,9,21
Neverswapx,kazzak,864,priest,discipline,30,9,21
Spezzato,nemesis,864,priest,discipline,30,9,21
Qjju,blackmoore,863,priest,discipline,12,9,3
Naivegnome,draenor,863,priest,discipline,12,9,3
Grandpatea,silvermoon,863,priest,discipline,12,9,3
Magicdisco,nemesis,863,priest,discipline,12,9,3
Ледикрис,blackscar,863,priest,discipline,12,9,3
Kikixo,ghostlands,863,priest,discipline,16,10,6
Sacreth,ragnaros,863,priest,discipline,18,9,9
Quencher,outland,863,priest,discipline,18,9,9
Чотки,deepholm,863,priest,discipline,18,9,9
Ratingfeeder,tarren-mill,863,priest,discipline,18,9,9
Blights,ravencrest,863,priest,discipline,18,9,9
Xýz,tarren-mill,863,priest,discipline,18,9,9
Lqd,blackrock,863,priest,discipline,18,9,9
Stillflöw,draenor,863,priest,discipline,18,9,9
Josva,sanguino,863,priest,discipline,18,9,9
Laceylee,anubarak,863,priest,discipline,18,9,9
Markianos,silvermoon,863,priest,discipline,18,9,9
Униакт,gordunni,863,priest,discipline,24,9,15
Jezuz,blackhand,863,priest,discipline,24,9,15
Senza,ysondre,863,priest,discipline,24,9,15
Góli,argent-dawn,863,priest,discipline,24,9,15
Voidevoice,eredar,863,priest,discipline,24,9,15
Deppi,frostmane,863,priest,discipline,24,9,15
Shadokzor,ragnaros,863,priest,discipline,30,9,21
Alwiel,kazzak,863,priest,discipline,30,9,21
Gidy,blackmoore,862,priest,discipline,12,9,3
Joeshmoex,blackrock,862,priest,discipline,12,9,3
Gnomeeater,silvermoon,862,priest,discipline,12,9,3
Kildöre,hyjal,862,priest,discipline,12,9,3
Chaospilotén,sylvanas,862,priest,discipline,12,9,3
Vizire,ravencrest,862,priest,discipline,12,9,3
Hymn,defias-brotherhood,862,priest,discipline,12,9,3
Mari,die-aldor,862,priest,discipline,12,9,3
Rawelf,ravencrest,862,priest,discipline,12,9,3
Vandansk,kazzak,862,priest,discipline,12,9,3
Sandcastles,ravencrest,862,priest,discipline,18,9,9
Feedtherich,stormscale,862,priest,discipline,18,9,9
Бахчи,thermaplugg,862,priest,discipline,18,9,9
Hiimpinxî,ragnaros,862,priest,discipline,18,9,9
Samerika,tarren-mill,862,priest,discipline,18,9,9
Bonzux,dethecus,862,priest,discipline,18,9,9
Lectrá,kazzak,862,priest,discipline,18,9,9
Mfz,stormreaver,862,priest,discipline,18,9,9
Skyalpha,silvermoon,862,priest,discipline,18,9,9
Солнцева,greymane,862,priest,discipline,24,9,15
Wrapadoro,sanguino,862,priest,discipline,24,9,15
Mxcey,ravencrest,862,priest,discipline,24,9,15
Msbald,shattered-hand,862,priest,discipline,24,9,15
Kämels,ravencrest,862,priest,discipline,24,9,15
Merrysmiting,ravencrest,862,priest,discipline,30,9,21
Ghostee,twisting-nether,861,priest,discipline,12,9,3
Dotingshadow,tarren-mill,861,priest,discipline,12,9,3
Büssi,blackrock,861,priest,discipline,18,9,9
Reól,blackmoore,861,priest,discipline,18,9,9
Ксайфир,gordunni,861,priest,discipline,18,9,9
Clastro,outland,861,priest,discipline,24,9,15
Hans,thrall,861,priest,discipline,24,9,15
Jyloo,dalaran,861,priest,discipline,24,9,15
Retardé,tarren-mill,860,priest,discipline,12,9,3
Sorrop,sanguino,860,priest,discipline,18,9,9
Bhlad,silvermoon,860,priest,discipline,18,9,9
Jogug,mannoroth,860,priest,discipline,24,9,15
Rafikii,eredar,860,priest,discipline,24,9,15
Roxxurios,khazgoroth,860,priest,discipline,24,9,15
Saltfeskball,tarren-mill,859,priest,discipline,18,9,9
Xanei,ravencrest,859,priest,discipline,18,9,9
Morgrith,twisting-nether,859,priest,discipline,18,9,9
Kyojin,pozzo-delleternità,859,priest,discipline,30,9,21
Vainry,argent-dawn,858,priest,discipline,18,9,9
Confusedleaf,ragnaros,858,priest,discipline,18,9,9
Schustraja,blackrock,858,priest,discipline,18,9,9
Àlucárd,blackhand,858,priest,discipline,18,9,9
Dotmaker,sanguino,858,priest,discipline,24,9,15
Ulfsarkaom,turalyon,858,priest,discipline,30,9,21
Syedi,drakthul,2329,priest,shadow,357,184,173
Hanic,kazzak,2326,priest,shadow,92,57,35
Permafeetup,aegwynn,2324,priest,shadow,102,59,43
Даняпампгодх,soulflayer,2317,priest,shadow,289,149,140
Даняпимпгадх,soulflayer,2315,priest,shadow,143,88,55
Хедмэнмвп,gordunni,2260,priest,shadow,306,155,151
Yuzuflex,hyjal,2257,priest,shadow,99,55,44
Медовыедотки,soulflayer,2252,priest,shadow,167,88,79
Ekkfwiedrice,ragnaros,2247,priest,shadow,126,73,53
Shåmssv,kazzak,2243,priest,shadow,102,56,46
Шадоупуз,soulflayer,2239,priest,shadow,119,66,53
Froffzy,tarren-mill,2239,priest,shadow,96,53,43
Swdjkbad,kazzak,2233,priest,shadow,90,54,36
Yggdra,ragnaros,2229,priest,shadow,66,44,22
Dbeezy,tarren-mill,2217,priest,shadow,100,53,47
Польскийбуль,gordunni,2215,priest,shadow,96,53,43
Tentoumushi,ravencrest,2212,priest,shadow,78,46,32
Standtall,blackrock,2188,priest,shadow,144,78,66
Rrj,ravencrest,2187,priest,shadow,124,73,51
Walterwhite,stormscale,2185,priest,shadow,114,61,53
Ilovemycat,silvermoon,2181,priest,shadow,84,51,33
Darthlie,draenor,2177,priest,shadow,269,135,134
Bidraget,ravencrest,2169,priest,shadow,166,96,70
Deathlý,blackrock,2169,priest,shadow,120,65,55
Хьёх,blackscar,2166,priest,shadow,107,65,42
Randyrhoads,kazzak,2166,priest,shadow,95,53,42
Xsß,dun-modr,2164,priest,shadow,113,63,50
Dianaxd,dun-modr,2164,priest,shadow,119,65,54
Raikup,ravencrest,2158,priest,shadow,89,45,44
Devoura,sylvanas,2156,priest,shadow,93,54,39
Dollyboo,tarren-mill,2152,priest,shadow,125,77,48
Èxtêrmìnätör,kazzak,2149,priest,shadow,96,54,42
Ondskabsfuld,kazzak,2148,priest,shadow,102,52,50
Cheesecake,defias-brotherhood,2147,priest,shadow,114,62,52
Tekdogx,blackmoore,2142,priest,shadow,114,58,56
Slimcharles,ravencrest,2137,priest,shadow,185,107,78
Crainoo,ravencrest,2137,priest,shadow,158,80,78
Sphero,earthen-ring,2131,priest,shadow,142,80,62
Синфал,blackscar,2128,priest,shadow,340,173,167
Milania,ravencrest,2124,priest,shadow,89,59,30
Mérce,kazzak,2123,priest,shadow,78,43,35
Безрассудица,howling-fjord,2123,priest,shadow,96,50,46
Tankeløs,kazzak,2120,priest,shadow,72,42,30
Bluxon,kazzak,2115,priest,shadow,273,154,119
Bréézee,ravencrest,2114,priest,shadow,107,58,49
Infernión,tarren-mill,2110,priest,shadow,78,42,36
Rzkp,eredar,2110,priest,shadow,93,50,43
Akibom,drakthul,2107,priest,shadow,137,81,56
Melábufeis,dun-modr,2107,priest,shadow,102,60,42
Pepeshadow,twisting-nether,2106,priest,shadow,169,89,80
Liptonolda,blackhand,2106,priest,shadow,344,179,165
Thanatae,kazzak,2105,priest,shadow,85,50,35
Nabøøbies,blackmoore,2105,priest,shadow,85,49,36
Knútx,stormscale,2103,priest,shadow,114,63,51
Talbatex,blackmoore,2103,priest,shadow,138,68,70
Amtoxic,stormscale,2100,priest,shadow,89,48,41
Notsoholy,blackmoore,2096,priest,shadow,144,76,68
Cornflays,outland,2096,priest,shadow,96,50,46
Bensherman,dalaran,2092,priest,shadow,72,40,32
Lâughing,ravencrest,2092,priest,shadow,182,100,82
Dippy,blackrock,2092,priest,shadow,82,44,38
Бвонсаамди,soulflayer,2089,priest,shadow,176,98,78
Voidfi,kult-der-verdammten,2085,priest,shadow,120,66,54
Blacktrain,burning-blade,2084,priest,shadow,134,66,68
Bönfire,silvermoon,2080,priest,shadow,441,223,218
Waltergoblin,sylvanas,2079,priest,shadow,66,45,21
Луисвиттон,gordunni,2076,priest,shadow,47,30,17
Purpl,tarren-mill,2076,priest,shadow,138,75,63
Cizer,kazzak,2066,priest,shadow,209,112,97
Pu,outland,2064,priest,shadow,173,86,87
Voideffsucks,stormscale,2058,priest,shadow,48,31,17
Cutepangolin,khaz-modan,2052,priest,shadow,72,43,29
Depridolens,argent-dawn,2052,priest,shadow,153,88,65
Infuséd,aegwynn,2047,priest,shadow,66,36,30
Zoodiacp,blackrock,2046,priest,shadow,148,74,74
Миладиель,gordunni,2041,priest,shadow,220,112,108
Shadowvoice,outland,2035,priest,shadow,72,40,32
Stjärtsten,tarren-mill,2034,priest,shadow,243,135,108
Nousey,twisting-nether,2028,priest,shadow,166,88,78
Rzktwo,eredar,2027,priest,shadow,125,68,57
Genjutzux,kazzak,2026,priest,shadow,72,40,32
Сделайсам,gordunni,2025,priest,shadow,177,92,85
Zodzín,ragnaros,2023,priest,shadow,60,30,30
Manofonéway,outland,2021,priest,shadow,107,59,48
Prøphetx,thrall,2016,priest,shadow,261,136,125
Destinyhero,aegwynn,2007,priest,shadow,93,47,46
Некрозмх,soulflayer,2006,priest,shadow,57,33,24
Léandrä,magtheridon,2005,priest,shadow,141,74,67
Covidisc,outland,2004,priest,shadow,107,61,46
Енотхд,soulflayer,2004,priest,shadow,90,50,40
Sethÿr,sanguino,2004,priest,shadow,186,97,89
Moonword,archimonde,2003,priest,shadow,48,28,20
Demølishes,ravencrest,2001,priest,shadow,90,53,37
Jynii,eredar,2001,priest,shadow,84,46,38
Sinthaa,mannoroth,2001,priest,shadow,84,40,44
Zhadum,stormscale,2000,priest,shadow,136,72,64
Huffle,argent-dawn,1998,priest,shadow,45,30,15
Птумерианец,gordunni,1998,priest,shadow,149,83,66
Máv,tarren-mill,1990,priest,shadow,187,112,75
Animesenpai,kazzak,1989,priest,shadow,108,60,48
Ninjajane,sylvanas,1975,priest,shadow,107,67,40
Milkysmite,twisting-nether,1973,priest,shadow,76,48,28
Donenigma,stormscale,1970,priest,shadow,246,137,109
Rýzera,tarren-mill,1970,priest,shadow,47,26,21
Nanna,agamaggan,1969,priest,shadow,220,116,104
Эсдаль,howling-fjord,1968,priest,shadow,96,62,34
Dhurza,shendralar,1968,priest,shadow,120,67,53
Önnÿ,dun-modr,1965,priest,shadow,96,48,48
Djalex,ravencrest,1964,priest,shadow,119,65,54
Dingopriest,blackrock,1962,priest,shadow,102,62,40
Satin,twilights-hammer,1961,priest,shadow,93,57,36
Zahadoom,stormscale,1958,priest,shadow,154,93,61
Newkidx,draenor,1957,priest,shadow,72,36,36
Yaboyboompie,blackrock,1956,priest,shadow,99,47,52
Moretti,ravencrest,1953,priest,shadow,54,32,22
Mímou,kazzak,1952,priest,shadow,119,68,51
Voldemort,blackrock,1951,priest,shadow,42,26,16
Rýzera,aegwynn,1950,priest,shadow,36,25,11
Evazhang,outland,1950,priest,shadow,54,31,23
Zerovision,nemesis,1949,priest,shadow,114,69,45
Invoid,stormreaver,1949,priest,shadow,114,61,53
Facemeltina,kiljaeden,1946,priest,shadow,60,34,26
Perché,silvermoon,1945,priest,shadow,66,48,18
Rnkz,sanguino,1943,priest,shadow,102,57,45
Felaenna,argent-dawn,1943,priest,shadow,90,44,46
Physxd,blackrock,1939,priest,shadow,60,41,19
Smxkÿÿ,eredar,1939,priest,shadow,53,36,17
Maedhrós,ravencrest,1938,priest,shadow,42,33,9
Jaimë,ravencrest,1938,priest,shadow,54,31,23
Duzurîx,burning-blade,1938,priest,shadow,54,29,25
Томрэдл,blackscar,1933,priest,shadow,176,98,78
Rãpidi,hyjal,1932,priest,shadow,89,56,33
Heal,hyjal,1931,priest,shadow,284,156,128
Hansmaul,thrall,1930,priest,shadow,42,22,20
Buøbuarns,sanguino,1930,priest,shadow,63,31,32
Vülemuv,silvermoon,1929,priest,shadow,48,35,13
Tacøgxd,ravencrest,1929,priest,shadow,84,54,30
Айсиоу,howling-fjord,1929,priest,shadow,48,26,22
Genjutzu,kazzak,1928,priest,shadow,48,25,23
Бхонсамди,blackscar,1926,priest,shadow,101,60,41
Velence,ravencrest,1921,priest,shadow,137,78,59
Yoe,twisting-nether,1921,priest,shadow,60,31,29
Justtpro,twisting-nether,1919,priest,shadow,211,119,92
Dogstav,kazzak,1915,priest,shadow,54,31,23
Dreamhatcher,deathwing,1915,priest,shadow,131,74,57
Voidlink,kazzak,1915,priest,shadow,59,33,26
Estragon,quelthalas,1912,priest,shadow,75,40,35
Sÿrax,ysondre,1911,priest,shadow,91,52,39
Elnyashka,ravencrest,1911,priest,shadow,162,92,70
Carmechanic,defias-brotherhood,1909,priest,shadow,154,85,69
Weekfortyone,blackhand,1909,priest,shadow,152,74,78
Vilayetko,ravencrest,1908,priest,shadow,54,27,27
Vajainap,outland,1906,priest,shadow,42,25,17
Ezlife,blackrock,1906,priest,shadow,84,48,36
Hoesfavorite,onyxia,1905,priest,shadow,157,94,63
Sadgepriest,draenor,1905,priest,shadow,42,23,19
Tbs,sylvanas,1904,priest,shadow,183,105,78
Ottii,thrall,1904,priest,shadow,149,78,71
Heffer,outland,1903,priest,shadow,146,86,60
Uselessxasel,sanguino,1902,priest,shadow,60,34,26
Räke,blackrock,1901,priest,shadow,84,41,43
Cathrix,kazzak,1900,priest,shadow,72,45,27
Shuturmouth,ravencrest,1898,priest,shadow,114,67,47
Sonâkî,archimonde,1896,priest,shadow,51,31,20
Ptxd,alakir,1894,priest,shadow,105,60,45
Physx,blackrock,1894,priest,shadow,42,23,19
Qoryn,ravencrest,1893,priest,shadow,114,60,54
Rakamain,ravencrest,1890,priest,shadow,72,45,27
Pizzagigante,kazzak,1890,priest,shadow,60,35,25
Døubtful,kazzak,1890,priest,shadow,36,20,16
Shádówý,kazzak,1889,priest,shadow,36,20,16
Холихэйт,howling-fjord,1887,priest,shadow,57,35,22
ßrb,sylvanas,1887,priest,shadow,82,42,40
Термидор,booty-bay,1886,priest,shadow,119,71,48
Asträlaws,archimonde,1883,priest,shadow,125,74,51
Ká,outland,1882,priest,shadow,60,42,18
Klosso,anachronos,1877,priest,shadow,369,185,184
Crowny,ysondre,1873,priest,shadow,36,20,16
Stümpý,ravencrest,1870,priest,shadow,79,44,35
Ølle,ravencrest,1869,priest,shadow,90,54,36
Theoniss,draenor,1869,priest,shadow,179,99,80
Gymbró,kazzak,1869,priest,shadow,66,35,31
Drarianna,nemesis,1868,priest,shadow,30,22,8
Actionjezuz,shattered-hand,1868,priest,shadow,102,56,46
Waina,defias-brotherhood,1868,priest,shadow,201,104,97
Râvyn,silvermoon,1866,priest,shadow,44,35,9
Keypo,khaz-modan,1866,priest,shadow,163,86,77
Minblock,sanguino,1866,priest,shadow,221,108,113
Kylähullu,ravencrest,1865,priest,shadow,86,51,35
Insanious,skullcrusher,1865,priest,shadow,107,58,49
Ымц,gordunni,1865,priest,shadow,126,64,62
Pandacore,frostmane,1864,priest,shadow,54,28,26
Simôc,eredar,1864,priest,shadow,84,43,41
Billybay,argent-dawn,1863,priest,shadow,32,28,4
Sepharis,runetotem,1863,priest,shadow,209,124,85
Lësstat,hyjal,1862,priest,shadow,60,37,23
Kujiua,ravencrest,1862,priest,shadow,147,83,64
Alfredosauce,ravencrest,1862,priest,shadow,82,45,37
Wérrýxs,kazzak,1859,priest,shadow,154,94,60
Xayona,argent-dawn,1858,priest,shadow,54,26,28
Angsty,blackrock,1857,priest,shadow,157,78,79
Криптика,soulflayer,1856,priest,shadow,48,30,18
Iodjsaiojoij,kazzak,1856,priest,shadow,54,30,24
Гоплзнекст,gordunni,1855,priest,shadow,131,71,60
Quezaris,kazzak,1854,priest,shadow,38,33,5
Rockness,blackmoore,1854,priest,shadow,137,91,46
Fläschheal,aegwynn,1853,priest,shadow,48,33,15
Тарренмилл,gordunni,1853,priest,shadow,98,57,41
Liloz,eredar,1852,priest,shadow,59,34,25
Zabpriest,blackhand,1850,priest,shadow,66,39,27
Theunknown,thrall,1849,priest,shadow,60,39,21
Vaccineboost,silvermoon,1849,priest,shadow,130,60,70
Ageyr,ragnaros,1848,priest,shadow,95,60,35
Either,kazzak,1848,priest,shadow,65,36,29
Mafiasnipers,ravencrest,1847,priest,shadow,36,21,15
Blindöts,tarren-mill,1847,priest,shadow,47,27,20
Unicycle,emerald-dream,1847,priest,shadow,60,32,28
Versio,dalvengyr,1847,priest,shadow,54,28,26
Mojoo,aggramar,1845,priest,shadow,56,31,25
Ecquidozx,ravencrest,1845,priest,shadow,53,27,26
Pipf,blackmoore,1844,priest,shadow,65,41,24
Shiannâ,malganis,1844,priest,shadow,49,28,21
Akolyte,blackmoore,1843,priest,shadow,36,22,14
Trisks,ravencrest,1843,priest,shadow,34,20,14
Backpedaling,kazzak,1843,priest,shadow,90,46,44
Voidgodx,blackrock,1842,priest,shadow,41,24,17
Lebronjay,ravencrest,1842,priest,shadow,94,53,41
Петушшара,gordunni,1842,priest,shadow,75,38,37
Пристатеист,howling-fjord,1842,priest,shadow,72,35,37
Absolution,stormscale,1841,priest,shadow,281,156,125
Lløthx,ravencrest,1841,priest,shadow,72,39,33
Arendt,blackhand,1837,priest,shadow,48,29,19
Sonah,der-abyssische-rat,1837,priest,shadow,50,30,20
Jeppehpräst,stormscale,1837,priest,shadow,84,50,34
Mehtz,ravencrest,1837,priest,shadow,353,180,173
Amazingame,tarren-mill,1837,priest,shadow,59,27,32
Johnnybanana,argent-dawn,1835,priest,shadow,36,26,10
Sadix,ravencrest,1835,priest,shadow,66,38,28
Mýxir,burning-legion,1834,priest,shadow,89,45,44
Najany,archimonde,1833,priest,shadow,54,31,23
Darthmantle,silvermoon,1830,priest,shadow,65,35,30
Shucks,stormscale,1830,priest,shadow,44,22,22
Shadowmate,silvermoon,1829,priest,shadow,56,31,25
Tupal,ysondre,1829,priest,shadow,78,43,35
Schmetter,tarren-mill,1829,priest,shadow,65,29,36
Buan,blackmoore,1827,priest,shadow,95,60,35
Mørphics,ravencrest,1827,priest,shadow,42,26,16
Kagarr,kazzak,1827,priest,shadow,155,94,61
Selëne,blackrock,1827,priest,shadow,72,43,29
Megamann,dun-morogh,1827,priest,shadow,54,32,22
Hiddenhealz,blackrock,1827,priest,shadow,135,77,58
Anateoris,turalyon,1825,priest,shadow,76,43,33
Mirill,tarren-mill,1825,priest,shadow,211,116,95
Тоних,deathguard,1825,priest,shadow,48,23,25
Quezaris,stormscale,1825,priest,shadow,48,23,25
Clori,argent-dawn,1823,priest,shadow,36,26,10
Cantsqell,silvermoon,1823,priest,shadow,48,34,14
Cnsnn,ysondre,1823,priest,shadow,114,76,38
Христианин,gordunni,1823,priest,shadow,156,91,65
Morseeii,baelgun,1823,priest,shadow,56,31,25
Трейдарк,blackscar,1823,priest,shadow,60,31,29
Whynolove,ragnaros,1822,priest,shadow,101,69,32
Диспайзи,gordunni,1821,priest,shadow,30,22,8
Sandcastles,ravencrest,1821,priest,shadow,140,88,52
Djzerøgodx,frostwolf,1821,priest,shadow,79,40,39
Староезло,gordunni,1821,priest,shadow,68,33,35
Yirico,argent-dawn,1820,priest,shadow,47,31,16
Edoran,ragnaros,1820,priest,shadow,59,31,28
Nukyo,blackmoore,1820,priest,shadow,50,26,24
Rexonaqq,kazzak,1819,priest,shadow,66,33,33
Blóódfart,kazzak,1819,priest,shadow,89,43,46
Xangha,burning-legion,1818,priest,shadow,168,99,69
Энмунд,borean-tundra,1818,priest,shadow,243,141,102
Voidshuffle,laughing-skull,1818,priest,shadow,42,24,18
Sqwabblepee,stormscale,1817,priest,shadow,161,94,67
Диспайзх,gordunni,1817,priest,shadow,66,38,28
Iessei,outland,1816,priest,shadow,127,68,59
Дикаях,gordunni,1816,priest,shadow,159,84,75
Omedo,stormscale,1816,priest,shadow,36,19,17
Miruh,malganis,1815,priest,shadow,185,116,69
Magicalme,kult-der-verdammten,1815,priest,shadow,42,26,16
Chokipoki,twisting-nether,1815,priest,shadow,194,113,81
Øctawtöuch,kazzak,1814,priest,shadow,88,53,35
Barthólomew,doomhammer,1814,priest,shadow,158,86,72
Babarøga,blackrock,1813,priest,shadow,111,60,51
Stèálth,sylvanas,1812,priest,shadow,24,19,5
Ayhuasca,blackmoore,1812,priest,shadow,184,101,83
Nøwmäck,archimonde,1812,priest,shadow,60,32,28
Ounxx,blackrock,1811,priest,shadow,89,54,35
Heilsarmee,blackhand,1811,priest,shadow,129,68,61
Kozou,tarren-mill,1810,priest,shadow,54,33,21
Víppe,stormreaver,1810,priest,shadow,101,60,41
Skillmåsterx,ravencrest,1810,priest,shadow,54,29,25
Hellscon,kazzak,1810,priest,shadow,197,103,94
Drvoidit,blackrock,1809,priest,shadow,48,28,20
Magicstarss,the-maelstrom,1809,priest,shadow,78,42,36
Фростингшп,goldrinn,1808,priest,shadow,42,31,11
Luvlyrah,draenor,1808,priest,shadow,105,64,41
Staljon,burning-legion,1808,priest,shadow,131,73,58
Spklooril,hyjal,1808,priest,shadow,372,195,177
Yoii,nemesis,1808,priest,shadow,66,34,32
Meatyshaft,doomhammer,1807,priest,shadow,99,64,35
Salkerer,stormscale,1807,priest,shadow,30,19,11
Megajuicy,blackmoore,1807,priest,shadow,258,143,115
Реврос,gordunni,1807,priest,shadow,60,32,28
Príêstjklòl,stormscale,1807,priest,shadow,65,31,34
Shroomza,blackmoore,1807,priest,shadow,54,25,29
Lr,aszune,1806,priest,shadow,36,25,11
Синатро,deathguard,1806,priest,shadow,190,119,71
Debbski,tarren-mill,1806,priest,shadow,48,30,18
Flexzpriest,destromath,1806,priest,shadow,120,67,53
Snarks,sylvanas,1806,priest,shadow,36,20,16
Kiesp,tarren-mill,1806,priest,shadow,210,115,95
Claritycraft,twisting-nether,1805,priest,shadow,36,22,14
Azæriø,rashgarroth,1804,priest,shadow,118,68,50
Solaclypsa,destromath,1803,priest,shadow,36,26,10
Mataî,kazzak,1803,priest,shadow,84,49,35
Jpd,outland,1803,priest,shadow,48,25,23
Stazia,ravencrest,1802,priest,shadow,36,22,14
Нед,greymane,1802,priest,shadow,82,49,33
Margots,kazzak,1802,priest,shadow,42,22,20
Lostcause,alakir,1801,priest,shadow,90,53,37
Sleypriest,draenor,1800,priest,shadow,48,32,16
Knoffp,blackhand,1800,priest,shadow,126,75,51
Erdine,ravencrest,1800,priest,shadow,96,53,43
Zindrix,silvermoon,1794,priest,shadow,90,52,38
Homxcxde,ravencrest,1793,priest,shadow,48,26,22
Ансор,lich-king,1792,priest,shadow,100,53,47
Raisedbyrap,blackrock,1791,priest,shadow,60,33,27
Strvnge,stormreaver,1791,priest,shadow,47,23,24
Офелла,howling-fjord,1789,priest,shadow,533,281,252
Alexwinkwink,kazzak,1789,priest,shadow,42,22,20
Adub,tarren-mill,1789,priest,shadow,54,27,27
Akroama,archimonde,1788,priest,shadow,152,76,76
Helín,hellfire,1786,priest,shadow,126,72,54
Ктулсотум,soulflayer,1784,priest,shadow,57,33,24
Mèöw,argent-dawn,1784,priest,shadow,137,79,58
Dümbledore,aggra-português,1784,priest,shadow,94,51,43
Свдпрох,soulflayer,1781,priest,shadow,51,26,25
Массаракъш,razuvious,1780,priest,shadow,33,23,10
Drynte,blackmoore,1779,priest,shadow,48,28,20
Ikaytsym,ravencrest,1779,priest,shadow,149,83,66
Yêl,thrall,1779,priest,shadow,283,153,130
Agotax,outland,1777,priest,shadow,54,36,18
Galatea,les-sentinelles,1777,priest,shadow,90,49,41
Driptoohard,archimonde,1776,priest,shadow,40,27,13
Spamplague,stormscale,1776,priest,shadow,90,49,41
Прыст,howling-fjord,1774,priest,shadow,60,35,25
Luphriest,ravencrest,1774,priest,shadow,54,25,29
Лайфстилх,blackscar,1774,priest,shadow,42,19,23
Умора,razuvious,1772,priest,shadow,53,31,22
Erenndriel,twisting-nether,1771,priest,shadow,163,87,76
Makethemstop,bronzebeard,1770,priest,shadow,148,94,54
Мистериум,howling-fjord,1769,priest,shadow,89,50,39
Tremrfinger,dun-modr,1769,priest,shadow,98,53,45
Shøana,archimonde,1769,priest,shadow,90,39,51
Ftiersp,ravencrest,1768,priest,shadow,77,42,35
Zeawee,frostmane,1767,priest,shadow,42,30,12
Llothx,ravencrest,1767,priest,shadow,92,55,37
Nyotux,blackrock,1767,priest,shadow,104,62,42
Sakuyasp,blackrock,1767,priest,shadow,198,102,96
Schizophrens,outland,1766,priest,shadow,48,28,20
Vibéz,outland,1765,priest,shadow,48,24,24
Necrofeel,silvermoon,1764,priest,shadow,41,24,17
Elishîa,ragnaros,1764,priest,shadow,94,46,48
Zultor,ragnaros,1762,priest,shadow,49,28,21
Шандресса,deepholm,1761,priest,shadow,48,31,17
Framesxøxø,ravencrest,1761,priest,shadow,112,64,48
Fakecastguru,ravencrest,1761,priest,shadow,66,37,29
Jonig,blackmoore,1761,priest,shadow,124,68,56
Miraçlê,kazzak,1759,priest,shadow,54,36,18
Ревентонх,howling-fjord,1758,priest,shadow,248,136,112
Xiä,archimonde,1758,priest,shadow,90,46,44
Фримекс,soulflayer,1756,priest,shadow,42,28,14
Awatør,ysondre,1756,priest,shadow,35,19,16
Holyshadów,azjolnerub,1753,priest,shadow,190,104,86
Biøhazard,tarren-mill,1752,priest,shadow,64,32,32
Namsolo,kazzak,1751,priest,shadow,84,43,41
Иннрей,soulflayer,1751,priest,shadow,75,32,43
Andreel,ravencrest,1746,priest,shadow,118,62,56
Mindtyson,dun-morogh,1745,priest,shadow,96,55,41
Флэшх,soulflayer,1744,priest,shadow,142,80,62
Игорянатакуе,eversong,1743,priest,shadow,170,91,79
Spherics,ravencrest,1743,priest,shadow,54,27,27
Скайвэйуокер,howling-fjord,1741,priest,shadow,77,46,31
Anabølix,ravencrest,1741,priest,shadow,48,27,21
Maryhugette,archimonde,1740,priest,shadow,192,92,100
Gyom,sargeras,1739,priest,shadow,32,21,11
Geløpr,eredar,1738,priest,shadow,132,73,59
Qwertyuioasd,ravencrest,1737,priest,shadow,42,22,20
Шадоуприст,blackscar,1735,priest,shadow,30,22,8
Øxytøcin,ravencrest,1735,priest,shadow,192,102,90
Dreadest,blackhand,1734,priest,shadow,66,37,29
Zuhä,twisting-nether,1734,priest,shadow,78,38,40
Чикхоп,blackscar,1733,priest,shadow,144,91,53
Ризорпанда,soulflayer,1733,priest,shadow,41,24,17
Lindp,stormreaver,1732,priest,shadow,66,42,24
Wixzyx,ravencrest,1732,priest,shadow,48,26,22
Zeythz,ravencrest,1732,priest,shadow,257,139,118
Соргоху,gordunni,1731,priest,shadow,68,40,28
Hasa,stormreaver,1730,priest,shadow,66,36,30
Strunkiin,defias-brotherhood,1729,priest,shadow,196,107,89
Tosem,antonidas,1727,priest,shadow,36,24,12
Бомжскадилом,gordunni,1727,priest,shadow,239,129,110
Djops,outland,1727,priest,shadow,132,66,66
Gumayusi,ravencrest,1725,priest,shadow,30,18,12
Becknarbritt,stormscale,1723,priest,shadow,334,181,153
Ксерф,soulflayer,1723,priest,shadow,126,64,62
Juxtapose,argent-dawn,1722,priest,shadow,66,50,16
Been,ravencrest,1720,priest,shadow,48,26,22
Morgá,draenor,1719,priest,shadow,48,29,19
Rrobaqepesi,twisting-nether,1719,priest,shadow,36,21,15
Кломми,gordunni,1718,priest,shadow,84,45,39
Voodkaa,drakthul,1717,priest,shadow,93,53,40
Vaßpera,tarren-mill,1716,priest,shadow,129,72,57
Всезнайка,soulflayer,1715,priest,shadow,120,64,56
Shåmssp,kazzak,1714,priest,shadow,24,21,3
Ðrßøtÿcûs,la-croisade-écarlate,1714,priest,shadow,30,18,12
Sweetepi,blackmoore,1714,priest,shadow,54,32,22
Seneth,twisting-nether,1714,priest,shadow,172,93,79
Ktulsotum,twisting-nether,1713,priest,shadow,48,26,22
Pennywïse,kargath,1713,priest,shadow,126,61,65
Phucu,the-maelstrom,1712,priest,shadow,60,36,24
Æßsåløønå,la-croisade-écarlate,1712,priest,shadow,30,18,12
Zhyn,turalyon,1712,priest,shadow,127,73,54
Qzrx,outland,1711,priest,shadow,50,29,21
Fueguchi,anubarak,1710,priest,shadow,102,55,47
Mizulol,ravencrest,1710,priest,shadow,137,67,70
Dakotapriest,ravencrest,1706,priest,shadow,30,18,12
Алурелис,blackscar,1704,priest,shadow,36,22,14
Spriestisbad,hyjal,1704,priest,shadow,30,18,12
Ankî,aegwynn,1703,priest,shadow,84,44,40
Файерин,soulflayer,1703,priest,shadow,66,31,35
Garycash,outland,1702,priest,shadow,204,101,103
Skeida,bloodhoof,1702,priest,shadow,89,43,46
Mackings,the-maelstrom,1701,priest,shadow,160,85,75
Ittei,stormscale,1700,priest,shadow,123,77,46
Syntara,twisting-nether,1699,priest,shadow,62,37,25
Ансарм,gordunni,1699,priest,shadow,258,136,122
Priestgrade,darkspear,1698,priest,shadow,47,27,20
Фиброз,blackscar,1697,priest,shadow,120,68,52
Daspyen,silvermoon,1697,priest,shadow,85,46,39
Казуямисима,gordunni,1697,priest,shadow,188,101,87
Undefined,chamber-of-aspects,1694,priest,shadow,52,36,16
Cometopastor,skullcrusher,1694,priest,shadow,30,18,12
Talbatexx,blackmoore,1694,priest,shadow,42,20,22
Peaksp,stormscale,1692,priest,shadow,66,40,26
Celdoria,eredar,1691,priest,shadow,42,23,19
Cielavinja,aszune,1690,priest,shadow,56,29,27
Mcdced,archimonde,1689,priest,shadow,79,48,31
Scade,kazzak,1688,priest,shadow,90,42,48
Kamish,twisting-nether,1687,priest,shadow,186,98,88
Emala,hyjal,1686,priest,shadow,42,20,22
Rubín,sylvanas,1683,priest,shadow,44,28,16
Rasha,kazzak,1683,priest,shadow,74,42,32
Bownsamdi,tarren-mill,1683,priest,shadow,49,26,23
Déép,nazjatar,1682,priest,shadow,32,18,14
Йоййо,gordunni,1682,priest,shadow,228,123,105
Ankus,tarren-mill,1681,priest,shadow,143,82,61
Sleeg,tarren-mill,1681,priest,shadow,35,19,16
Anexxia,outland,1681,priest,shadow,48,23,25
Kharòn,grim-batol,1679,priest,shadow,71,45,26
Jacep,kazzak,1679,priest,shadow,54,30,24
Zârvâjh,aszune,1675,priest,shadow,54,31,23
Priesless,sylvanas,1675,priest,shadow,67,36,31
Cthultist,dun-modr,1675,priest,shadow,108,52,56
Thrakoun,twilights-hammer,1674,priest,shadow,72,40,32
Hòllymèdx,blackmoore,1674,priest,shadow,45,25,20
Пампнавечерх,blackscar,1674,priest,shadow,65,35,30
Divinetouch,ravencrest,1674,priest,shadow,59,28,31
Yngp,blackmoore,1673,priest,shadow,66,36,30
Rházael,blackrock,1673,priest,shadow,54,26,28
Raspberrypíe,silvermoon,1672,priest,shadow,84,49,35
Reapzbolt,blackrock,1672,priest,shadow,60,28,32
Because,nemesis,1670,priest,shadow,42,27,15
Papie,kazzak,1670,priest,shadow,42,23,19
Kwolinger,norgannon,1670,priest,shadow,90,48,42
Joeqt,stormscale,1670,priest,shadow,173,80,93
Hypnocat,blackrock,1669,priest,shadow,82,42,40
Tsunadesaama,silvermoon,1668,priest,shadow,63,32,31
Niketn,aegwynn,1667,priest,shadow,60,32,28
Levitation,alakir,1665,priest,shadow,78,45,33
Peprama,stormscale,1664,priest,shadow,108,60,48
Raitwo,kazzak,1664,priest,shadow,113,61,52
Jóhnnybravó,kazzak,1662,priest,shadow,34,23,11
Høly,chogall,1662,priest,shadow,72,43,29
Yoggies,tarren-mill,1662,priest,shadow,50,29,21
Aleetheia,silvermoon,1662,priest,shadow,225,124,101
Mojibien,burning-legion,1662,priest,shadow,146,80,66
Daisyduke,veknilash,1661,priest,shadow,81,41,40
Eupz,argent-dawn,1659,priest,shadow,79,42,37
Ðòóm,archimonde,1658,priest,shadow,91,53,38
Киндзер,blackscar,1658,priest,shadow,54,29,25
Equalìzer,ravencrest,1657,priest,shadow,25,22,3
Malaíka,silvermoon,1657,priest,shadow,53,30,23
Moodzlol,eredar,1656,priest,shadow,48,28,20
Dotreveal,ravencrest,1656,priest,shadow,48,26,22
Shreedx,stormscale,1655,priest,shadow,66,39,27
Waruum,outland,1654,priest,shadow,52,30,22
Клаима,soulflayer,1654,priest,shadow,101,55,46
Chas,argent-dawn,1654,priest,shadow,93,45,48
Виталябард,gordunni,1654,priest,shadow,66,30,36
Imaut,emerald-dream,1653,priest,shadow,62,33,29
Ihu,nazjatar,1653,priest,shadow,161,79,82
Kuddles,hyjal,1652,priest,shadow,194,113,81
Mentax,kazzak,1652,priest,shadow,47,26,21
Essumies,stormreaver,1651,priest,shadow,44,30,14
Левелнесс,howling-fjord,1651,priest,shadow,54,33,21
Galadrielkä,drakthul,1651,priest,shadow,42,24,18
Nadoreille,hyjal,1651,priest,shadow,97,53,44
Onlyfansp,ravencrest,1650,priest,shadow,42,19,23
Финдовский,gordunni,1649,priest,shadow,102,54,48
Ruhe,silvermoon,1648,priest,shadow,48,27,21
Амбрелка,fordragon,1648,priest,shadow,350,177,173
Brøwnyez,zuljin,1648,priest,shadow,84,41,43
Cdplz,archimonde,1647,priest,shadow,30,20,10
Sypnos,zuljin,1647,priest,shadow,78,47,31
Rubzler,ravencrest,1647,priest,shadow,42,20,22
Nûtqt,archimonde,1645,priest,shadow,106,56,50
Хелектро,deathweaver,1645,priest,shadow,48,25,23
Трубишоп,howling-fjord,1645,priest,shadow,152,77,75
Jegred,draenor,1644,priest,shadow,54,36,18
Bigblackdot,grim-batol,1644,priest,shadow,36,19,17
Atahalni,argent-dawn,1644,priest,shadow,156,71,85
Djariisimp,tarren-mill,1643,priest,shadow,36,21,15
Tradeforheal,hyjal,1641,priest,shadow,96,53,43
Foxiekitten,tarren-mill,1640,priest,shadow,34,23,11
Chinko,blackmoore,1640,priest,shadow,92,58,34
ßelfy,twisting-nether,1640,priest,shadow,61,37,24
Milo,argent-dawn,1640,priest,shadow,102,61,41
Asterixsu,sylvanas,1638,priest,shadow,48,31,17
Priestfive,stormscale,1638,priest,shadow,48,28,20
Aaj,twisting-nether,1638,priest,shadow,57,29,28
Mikizu,die-aldor,1638,priest,shadow,42,21,21
Momomomomomo,blackrock,1637,priest,shadow,118,61,57
Belialzs,blackrock,1636,priest,shadow,45,24,21
Dezerta,nozdormu,1636,priest,shadow,74,39,35
Hemaplex,dun-modr,1635,priest,shadow,77,46,31
Syreet,silvermoon,1635,priest,shadow,35,20,15
Skypez,blackhand,1635,priest,shadow,193,105,88
Toesxcker,stormscale,1635,priest,shadow,59,32,27
Сариандра,gordunni,1634,priest,shadow,219,125,94
Statìk,outland,1634,priest,shadow,270,141,129
Goodsuck,tarren-mill,1634,priest,shadow,66,34,32
Vøidtheorem,ragnaros,1634,priest,shadow,60,28,32
Bigdogone,arathor,1632,priest,shadow,52,29,23
Milamati,kazzak,1632,priest,shadow,78,39,39
Rynsym,ravencrest,1632,priest,shadow,72,36,36
Sosûke,archimonde,1631,priest,shadow,36,22,14
Вайзмейстер,blackscar,1631,priest,shadow,36,22,14
Muyhuman,eredar,1630,priest,shadow,24,17,7
Smiles,burning-steppes,1630,priest,shadow,83,50,33
Ðanilox,dun-modr,1629,priest,shadow,24,17,7
Sadskîx,dun-modr,1629,priest,shadow,68,41,27
Baldracca,shendralar,1628,priest,shadow,108,58,50
Ахаххааха,gordunni,1628,priest,shadow,60,32,28
Zayden,ragnaros,1628,priest,shadow,127,67,60
Билетлолпро,borean-tundra,1627,priest,shadow,30,17,13
Castêr,silvermoon,1627,priest,shadow,126,70,56
Shadowirl,ravencrest,1626,priest,shadow,24,17,7
Cooldgreyjoy,archimonde,1626,priest,shadow,58,28,30
Cyrená,ravencrest,1625,priest,shadow,24,17,7
Thawx,stormscale,1625,priest,shadow,48,28,20
Xuzilul,antonidas,1624,priest,shadow,72,40,32
Lênax,arthas,1624,priest,shadow,46,25,21
Jønnybanana,blackrock,1623,priest,shadow,39,20,19
Affex,tarren-mill,1622,priest,shadow,30,18,12
Aliocha,dalaran,1622,priest,shadow,58,27,31
Fabulicious,blackrock,1620,priest,shadow,30,20,10
Lightform,twisting-nether,1620,priest,shadow,81,52,29
Shyasianpr,area-52,1620,priest,shadow,48,26,22
Selaria,magtheridon,1620,priest,shadow,60,28,32
Марриаза,blackscar,1620,priest,shadow,60,28,32
Zetapp,argent-dawn,1619,priest,shadow,42,22,20
Malip,ragnaros,1619,priest,shadow,39,19,20
Morsy,alleria,1617,priest,shadow,74,42,32
Svettvrede,sylvanas,1617,priest,shadow,83,40,43
Priestazie,madmortem,1616,priest,shadow,96,57,39
Shyvi,ravencrest,1616,priest,shadow,36,21,15
Weebi,silvermoon,1616,priest,shadow,95,53,42
Педрец,howling-fjord,1616,priest,shadow,60,32,28
Otecduchovny,burning-blade,1615,priest,shadow,30,17,13
Mukkin,tarren-mill,1614,priest,shadow,60,35,25
Шпх,howling-fjord,1614,priest,shadow,36,20,16
Violatio,aegwynn,1614,priest,shadow,228,119,109
Neitter,zuljin,1613,priest,shadow,78,43,35
Widdlprest,sylvanas,1613,priest,shadow,36,17,19
Marsheil,blackhand,1612,priest,shadow,54,31,23
Galilea,sanguino,1611,priest,shadow,48,29,19
Отчепадре,gordunni,1611,priest,shadow,48,27,21
Dingqt,chogall,1611,priest,shadow,42,21,21
Bubidiblumpr,twisting-nether,1610,priest,shadow,90,59,31
Basxcbxtchx,ravencrest,1610,priest,shadow,36,21,15
Адскийприст,gordunni,1610,priest,shadow,36,17,19
Fearocity,outland,1609,priest,shadow,42,23,19
Lenneyqt,blackmoore,1609,priest,shadow,48,26,22
Gana,twisting-nether,1609,priest,shadow,36,17,19
Iamfrosty,draenor,1608,priest,shadow,184,100,84
Snoopý,dun-modr,1608,priest,shadow,132,67,65
Xbeau,bronze-dragonflight,1607,priest,shadow,96,55,41
Tùcøcø,archimonde,1607,priest,shadow,48,21,27
Lowisa,sylvanas,1606,priest,shadow,106,61,45
Kättare,stormscale,1606,priest,shadow,90,49,41
Waycrest,ravencrest,1605,priest,shadow,71,45,26
Brighty,sylvanas,1605,priest,shadow,137,74,63
Æäõ,turalyon,1604,priest,shadow,36,19,17
Bubbleup,defias-brotherhood,1603,priest,shadow,61,40,21
Рейвор,gordunni,1603,priest,shadow,53,31,22
Trancemaster,dun-modr,1602,priest,shadow,30,18,12
Jonesy,blackmoore,1602,priest,shadow,82,46,36
Rakkha,ravencrest,1602,priest,shadow,111,55,56
Sebbepriest,twisting-nether,1601,priest,shadow,185,101,84
Youguessedit,twisting-nether,1601,priest,shadow,82,41,41
Sudeki,blackmoore,1601,priest,shadow,42,20,22
Caera,blackrock,1600,priest,shadow,36,21,15
Toba,hellscream,1600,priest,shadow,42,23,19
Cifhilis,ravencrest,1600,priest,shadow,66,32,34
Syam,dun-morogh,1600,priest,shadow,42,17,25
Lavidu,antonidas,1599,priest,shadow,66,35,31
Tarantos,uldum,1599,priest,shadow,115,59,56
Cederpriest,tarren-mill,1599,priest,shadow,109,50,59
Terrored,ravencrest,1599,priest,shadow,54,23,31
Mórok,silvermoon,1598,priest,shadow,36,22,14
Fandac,sylvanas,1598,priest,shadow,36,20,16
Everdark,twisting-nether,1598,priest,shadow,172,92,80
Willzah,outland,1598,priest,shadow,44,22,22
Пурпле,soulflayer,1598,priest,shadow,65,25,40
Энвиньяттар,howling-fjord,1597,priest,shadow,47,32,15
Àæn,blackrock,1596,priest,shadow,48,29,19
Zapreyy,kazzak,1596,priest,shadow,30,17,13
Babarøqa,blackmoore,1596,priest,shadow,310,165,145
Horrðr,kazzak,1595,priest,shadow,73,40,33
Мизостигма,gordunni,1594,priest,shadow,47,23,24
Sopsy,stormscale,1593,priest,shadow,60,32,28
Филяфан,gordunni,1592,priest,shadow,84,43,41
Перекованный,soulflayer,1592,priest,shadow,183,91,92
Саксесфул,howling-fjord,1591,priest,shadow,121,67,54
Vavulya,blackhand,1591,priest,shadow,246,132,114
Øhlø,ysondre,1590,priest,shadow,64,37,27
Buffholy,dun-modr,1589,priest,shadow,78,43,35
Inferius,shadowsong,1589,priest,shadow,76,31,45
Даркфолс,soulflayer,1588,priest,shadow,48,29,19
Aenon,argent-dawn,1588,priest,shadow,53,30,23
Kimosabee,kazzak,1588,priest,shadow,48,25,23
Pombär,ragnaros,1587,priest,shadow,54,36,18
Рэнфан,fordragon,1586,priest,shadow,64,42,22
Genthus,kazzak,1586,priest,shadow,78,41,37
Wrathful,terokkar,1585,priest,shadow,30,20,10
Axelbre,blackrock,1585,priest,shadow,30,19,11
Pedopräst,stormscale,1585,priest,shadow,98,55,43
Xelathor,twisting-nether,1584,priest,shadow,132,70,62
Faminé,outland,1584,priest,shadow,65,29,36
Charmebolzen,blackrock,1582,priest,shadow,132,67,65
Darkangél,forscherliga,1582,priest,shadow,72,34,38
Zyzzforever,ragnaros,1580,priest,shadow,30,17,13
Lothlórien,dun-modr,1579,priest,shadow,48,35,13
Imøteph,ragnaros,1579,priest,shadow,83,47,36
Cryptoflame,silvermoon,1579,priest,shadow,45,25,20
Ûñrêpørtablë,outland,1578,priest,shadow,23,17,6
Äiri,blackmoore,1578,priest,shadow,42,26,16
Pewkz,draenor,1578,priest,shadow,84,50,34
Sakanade,twisting-nether,1576,priest,shadow,42,34,8
Vatikanet,ravencrest,1576,priest,shadow,129,73,56
Healiea,outland,1576,priest,shadow,101,45,56
Supahot,sylvanas,1575,priest,shadow,101,57,44
Мишатемный,gordunni,1574,priest,shadow,78,45,33
Lynseanna,ravencrest,1573,priest,shadow,81,45,36
Baihoi,twilights-hammer,1569,priest,shadow,132,77,55
Shadowplay,theradras,1569,priest,shadow,124,63,61
Valirda,twisting-nether,1568,priest,shadow,193,99,94
Spinggwin,burning-legion,1567,priest,shadow,107,73,34
Kantar,ragnaros,1567,priest,shadow,112,61,51
Sevtwo,tarren-mill,1566,priest,shadow,30,22,8
Beonin,tarren-mill,1565,priest,shadow,67,40,27
Skypray,burning-legion,1565,priest,shadow,123,65,58
Chrønös,hyjal,1564,priest,shadow,152,80,72
Hinorist,kazzak,1563,priest,shadow,41,22,19
Azsaryn,magtheridon,1562,priest,shadow,42,22,20
Insaniro,argent-dawn,1562,priest,shadow,66,34,32
Ankhh,bloodscalp,1560,priest,shadow,142,69,73
Îndura,drakthul,1559,priest,shadow,68,42,26
Shadowsister,burning-blade,1559,priest,shadow,112,63,49
Callmegød,archimonde,1557,priest,shadow,54,30,24
Shadowsig,silvermoon,1557,priest,shadow,139,71,68
Rumbo,lightnings-blade,1557,priest,shadow,89,44,45
Lethaa,twisting-nether,1556,priest,shadow,30,19,11
Kêrrýgold,blackrock,1556,priest,shadow,133,70,63
Shivaja,aegwynn,1555,priest,shadow,30,17,13
Poposy,hyjal,1554,priest,shadow,54,30,24
Nairima,argent-dawn,1554,priest,shadow,116,61,55
Эззи,soulflayer,1552,priest,shadow,120,65,55
Thoryän,ragnaros,1551,priest,shadow,72,40,32
Astangia,nemesis,1551,priest,shadow,249,137,112
Anathemas,draenor,1548,priest,shadow,52,35,17
Gooflord,ravencrest,1548,priest,shadow,30,17,13
Зайчатинка,soulflayer,1547,priest,shadow,66,31,35
Cannapriest,frostwolf,1546,priest,shadow,54,31,23
Putríd,sylvanas,1546,priest,shadow,71,40,31
Говорун,grom,1546,priest,shadow,36,20,16
Abjure,silvermoon,1546,priest,shadow,42,23,19
Jerolol,sanguino,1546,priest,shadow,54,28,26
Sheto,burning-legion,1546,priest,shadow,338,165,173
Voidjeanzqt,blackmoore,1545,priest,shadow,185,102,83
Malisna,argent-dawn,1543,priest,shadow,47,25,22
Corruptx,ysondre,1543,priest,shadow,62,31,31
Coupdekaraté,sylvanas,1543,priest,shadow,36,18,18
Kisala,kazzak,1542,priest,shadow,59,41,18
Xooxl,ragnaros,1542,priest,shadow,102,60,42
Skerduddle,stormscale,1542,priest,shadow,78,43,35
Marbellexd,pozzo-delleternità,1542,priest,shadow,211,110,101
Xyo,alleria,1541,priest,shadow,152,75,77
Lathas,bloodfeather,1540,priest,shadow,88,57,31
Амгар,galakrond,1540,priest,shadow,125,69,56
Zildjiana,archimonde,1539,priest,shadow,114,64,50
Vittelk,stormscale,1539,priest,shadow,78,42,36
Zászàsmaster,kazzak,1537,priest,shadow,114,65,49
Moontear,ravencrest,1536,priest,shadow,51,26,25
Kìckurâss,aegwynn,1535,priest,shadow,59,34,25
Valadaris,outland,1535,priest,shadow,36,20,16
Babydark,ravencrest,1535,priest,shadow,30,16,14
Solaní,antonidas,1534,priest,shadow,190,101,89
Noremorze,ravencrest,1533,priest,shadow,114,64,50
Smålbenör,stormreaver,1532,priest,shadow,53,29,24
Zekonja,doomhammer,1532,priest,shadow,82,42,40
Massbimba,tarren-mill,1531,priest,shadow,71,36,35
Basicpr,ravencrest,1530,priest,shadow,87,48,39
Cruncher,ravencrest,1530,priest,shadow,30,16,14
Kightz,twisting-nether,1530,priest,shadow,63,32,31
Häst,the-maelstrom,1529,priest,shadow,25,18,7
Ðrwiz,ravencrest,1528,priest,shadow,30,16,14
Ormarn,twisting-nether,1527,priest,shadow,80,45,35
Ephara,outland,1527,priest,shadow,77,39,38
Draryanna,nemesis,1526,priest,shadow,30,16,14
Voidis,hyjal,1525,priest,shadow,48,20,28
Темняк,gordunni,1524,priest,shadow,42,22,20
Psycos,kazzak,1523,priest,shadow,66,33,33
Dardinio,ravencrest,1523,priest,shadow,44,21,23
Gerase,blackrock,1517,priest,shadow,54,34,20
Nálá,nethersturm,1517,priest,shadow,109,60,49
Kourroucé,archimonde,1517,priest,shadow,160,87,73
Afrophobia,archimonde,1517,priest,shadow,161,86,75
Leckpriest,sanguino,1517,priest,shadow,100,49,51
Lilakaii,chamber-of-aspects,1516,priest,shadow,110,57,53
Whocare,tarren-mill,1516,priest,shadow,82,41,41
Stölpen,ravencrest,1515,priest,shadow,60,28,32
Токиото,gordunni,1514,priest,shadow,60,29,31
Flyp,stormscale,1514,priest,shadow,60,29,31
Discknight,kazzak,1514,priest,shadow,42,16,26
Umbralx,ragnaros,1513,priest,shadow,77,45,32
Apèx,blackrock,1513,priest,shadow,63,28,35
Diapösitiv,draenor,1512,priest,shadow,96,53,43
Adaseth,tarren-mill,1511,priest,shadow,114,71,43
Deadspace,hyjal,1511,priest,shadow,78,47,31
Fumiiko,stormscale,1511,priest,shadow,50,20,30
Experimentix,silvermoon,1510,priest,shadow,36,21,15
Cykdwojeczka,burning-legion,1510,priest,shadow,133,65,68
Jingling,kazzak,1509,priest,shadow,24,16,8
Абсорб,gordunni,1508,priest,shadow,66,41,25
Hecaté,blackhand,1506,priest,shadow,109,64,45
Cylantharia,eredar,1506,priest,shadow,30,16,14
Пристаболик,gordunni,1505,priest,shadow,24,16,8
Адария,booty-bay,1504,priest,shadow,35,22,13
Ðotgød,nemesis,1504,priest,shadow,74,46,28
Akris,ragnaros,1503,priest,shadow,132,69,63
Dyshexia,bronze-dragonflight,1503,priest,shadow,78,39,39
Frv,tarren-mill,1502,priest,shadow,33,20,13
Xîneâ,outland,1502,priest,shadow,36,18,18
Valdiona,tarren-mill,1501,priest,shadow,47,30,17
Миссклик,goldrinn,1501,priest,shadow,76,47,29
Мисатэ,gordunni,1499,priest,shadow,74,45,29
Varjomies,ragnaros,1499,priest,shadow,96,50,46
Юбизумо,gordunni,1499,priest,shadow,92,47,45
Puresaint,the-maelstrom,1499,priest,shadow,42,19,23
Джианитто,borean-tundra,1498,priest,shadow,24,16,8
Ryik,ravencrest,1498,priest,shadow,74,40,34
Targolina,argent-dawn,1498,priest,shadow,30,16,14
Thmas,outland,1498,priest,shadow,83,37,46
Кхэрри,goldrinn,1496,priest,shadow,47,26,21
Scynthia,ravencrest,1496,priest,shadow,44,20,24
Greyford,blackhand,1495,priest,shadow,24,16,8
Элдерле,gordunni,1494,priest,shadow,48,27,21
Hiyahen,silvermoon,1493,priest,shadow,90,50,40
Ariyáh,antonidas,1493,priest,shadow,156,82,74
Beasteaksx,thrall,1492,priest,shadow,105,53,52
Dazé,ravencrest,1492,priest,shadow,51,25,26
ßumbleßeeqt,frostmane,1492,priest,shadow,43,20,23
Blasphemiia,outland,1491,priest,shadow,72,44,28
Ciqua,frostmane,1491,priest,shadow,40,23,17
Kajifoxi,frostmane,1490,priest,shadow,60,38,22
Ðizzi,dun-modr,1490,priest,shadow,42,23,19
Skûggpräst,silvermoon,1490,priest,shadow,53,28,25
Stiankrokås,silvermoon,1490,priest,shadow,60,30,30
Miruvai,tarren-mill,1490,priest,shadow,54,27,27
Hâicu,antonidas,1489,priest,shadow,66,39,27
Даняпампх,soulflayer,1489,priest,shadow,212,112,100
Kertith,argent-dawn,1489,priest,shadow,225,117,108
Khalix,frostwolf,1489,priest,shadow,36,18,18
Shendilka,drakthul,1488,priest,shadow,27,17,10
Wortmonster,malganis,1488,priest,shadow,34,17,17
Bercxu,ragnaros,1487,priest,shadow,60,34,26
Bierbändiger,blackhand,1487,priest,shadow,30,17,13
Êttân,ravencrest,1487,priest,shadow,112,58,54
Shaaq,stormscale,1486,priest,shadow,24,19,5
Fuggordel,argent-dawn,1486,priest,shadow,30,17,13
Nomorelight,stormscale,1486,priest,shadow,54,27,27
Pãst,pozzo-delleternità,1485,priest,shadow,48,27,21
Veryssra,archimonde,1484,priest,shadow,66,47,19
Broncos,twisting-nether,1482,priest,shadow,112,65,47
Psycoscream,blackmoore,1482,priest,shadow,77,39,38
Vo,dentarg,1482,priest,shadow,54,24,30
Зонкк,thermaplugg,1481,priest,shadow,174,92,82
Хоозяин,blackscar,1480,priest,shadow,48,33,15
Unreal,nagrand,1480,priest,shadow,42,19,23
Zeto,blackmoore,1479,priest,shadow,51,31,20
Iamreaper,outland,1479,priest,shadow,60,32,28
Celz,kazzak,1478,priest,shadow,48,29,19
Shinesomnya,aegwynn,1478,priest,shadow,40,23,17
Tschacoo,malganis,1478,priest,shadow,52,29,23
Mightyfool,aegwynn,1478,priest,shadow,106,51,55
Apfelrisotta,outland,1478,priest,shadow,69,33,36
Bøts,ravencrest,1478,priest,shadow,73,34,39
Belìal,thrall,1477,priest,shadow,35,16,19
Pregrip,twisting-nether,1475,priest,shadow,67,34,33
Nbayoungboy,the-maelstrom,1473,priest,shadow,32,18,14
Lëgolux,chogall,1473,priest,shadow,72,40,32
Hælmenøw,archimonde,1472,priest,shadow,54,28,26
Dionegativ,draenor,1472,priest,shadow,36,16,20
Søcrax,blackrock,1471,priest,shadow,72,42,30
Iløvescärlet,khaz-modan,1470,priest,shadow,29,17,12
Phplaravel,tarren-mill,1470,priest,shadow,75,34,41
Fiftyfives,hyjal,1469,priest,shadow,57,27,30
Nahyra,dalaran,1468,priest,shadow,172,86,86
Wingufreebrø,sanguino,1468,priest,shadow,76,36,40
Абервуд,soulflayer,1466,priest,shadow,44,24,20
Sháady,ravencrest,1466,priest,shadow,60,29,31
Umayyaa,sylvanas,1466,priest,shadow,42,18,24
Sunehxp,blackrock,1465,priest,shadow,83,32,51
Spideypap,ragnaros,1464,priest,shadow,58,33,25
Mozahn,ragnaros,1464,priest,shadow,39,20,19
Kayeen,tarren-mill,1464,priest,shadow,136,67,69
ßest,archimonde,1464,priest,shadow,42,20,22
Nekemtenee,magtheridon,1463,priest,shadow,47,30,17
Simularcum,tarren-mill,1463,priest,shadow,72,33,39
Карбираторх,gordunni,1462,priest,shadow,59,30,29
Деплитфофан,gordunni,1461,priest,shadow,119,66,53
Старкстрим,gordunni,1461,priest,shadow,78,41,37
Erkay,kazzak,1458,priest,shadow,72,39,33
Meshen,ysondre,1457,priest,shadow,340,178,162
Aereza,darkspear,1457,priest,shadow,84,42,42
Дикрия,eversong,1456,priest,shadow,114,59,55
Venomspawn,ragnaros,1456,priest,shadow,36,18,18
Divledann,lightnings-blade,1455,priest,shadow,42,26,16
Kendea,silvermoon,1455,priest,shadow,193,103,90
Hemovoid,nagrand,1454,priest,shadow,24,17,7
Squîzz,archimonde,1454,priest,shadow,97,50,47
Vedina,bronze-dragonflight,1453,priest,shadow,105,49,56
Lousp,tarren-mill,1452,priest,shadow,42,17,25
Stevenfly,outland,1451,priest,shadow,30,16,14
Voidpbody,nerathor,1451,priest,shadow,41,21,20
Exörcíst,outland,1448,priest,shadow,39,28,11
Самаэльз,blackscar,1448,priest,shadow,62,31,31
Шанэкс,howling-fjord,1447,priest,shadow,24,17,7
Kurzik,zuljin,1447,priest,shadow,46,30,16
Dípp,ravencrest,1447,priest,shadow,36,18,18
Вэйворс,blackscar,1446,priest,shadow,105,54,51
Galle,frostmane,1445,priest,shadow,38,23,15
Isusgaspodi,argent-dawn,1445,priest,shadow,109,62,47
Meloo,dalaran,1444,priest,shadow,139,77,62
Cinaedus,stormreaver,1444,priest,shadow,63,33,30
Lashana,die-aldor,1444,priest,shadow,77,39,38
Азотод,gordunni,1443,priest,shadow,109,62,47
Ammp,outland,1443,priest,shadow,214,113,101
Cringelørd,alakir,1441,priest,shadow,70,41,29
Odium,alakir,1440,priest,shadow,128,70,58
Rätzah,silvermoon,1440,priest,shadow,90,45,45
Warplague,argent-dawn,1440,priest,shadow,73,32,41
Peep,emerald-dream,1439,priest,shadow,24,15,9
Palitox,kazzak,1439,priest,shadow,70,38,32
Velenthan,stormrage,1438,priest,shadow,60,38,22
Люблюкофе,deathguard,1438,priest,shadow,104,56,48
Lapinvicieux,archimonde,1438,priest,shadow,70,35,35
Ladouce,archimonde,1438,priest,shadow,52,26,26
Tigrok,burning-legion,1437,priest,shadow,47,25,22
Vilhiil,darksorrow,1437,priest,shadow,65,33,32
Manyus,archimonde,1437,priest,shadow,30,15,15
Taeraz,archimonde,1435,priest,shadow,24,15,9
Dotsin,kazzak,1434,priest,shadow,154,77,77
Gesees,ravencrest,1433,priest,shadow,55,29,26
Jlox,stormscale,1433,priest,shadow,39,16,23
Baptizer,nemesis,1432,priest,shadow,172,100,72
Lëshder,sanguino,1429,priest,shadow,119,59,60
Kumpi,azjolnerub,1428,priest,shadow,30,19,11
Dotterin,draenor,1426,priest,shadow,83,54,29
Wundervoid,silvermoon,1426,priest,shadow,83,48,35
Johnnysp,eredar,1425,priest,shadow,48,31,17
Dopey,kazzak,1425,priest,shadow,36,23,13
Jaimee,zirkel-des-cenarius,1425,priest,shadow,24,15,9
Psystorm,frostmane,1425,priest,shadow,69,40,29
Forhandleren,draenor,1425,priest,shadow,157,75,82
Tyene,voljin,1424,priest,shadow,88,48,40
Gauge,frostmane,1424,priest,shadow,174,93,81
Lainie,burning-legion,1423,priest,shadow,29,18,11
Fnúggí,kazzak,1423,priest,shadow,42,21,21
Липоскай,howling-fjord,1422,priest,shadow,48,23,25
Mjamc,stormscale,1421,priest,shadow,85,50,35
Yixi,blackmoore,1420,priest,shadow,30,17,13
Henaheals,ragnaros,1419,priest,shadow,24,15,9
Evypriest,draenor,1419,priest,shadow,36,20,16
Sharmidix,kazzak,1419,priest,shadow,30,15,15
Claudefrollo,the-maelstrom,1418,priest,shadow,49,26,23
Shinígamí,frostmane,1418,priest,shadow,78,41,37
Mylini,silvermoon,1416,priest,shadow,101,54,47
Caballococo,dun-modr,1416,priest,shadow,180,93,87
Zinxe,ravencrest,1414,priest,shadow,73,41,32
Nygel,kazzak,1414,priest,shadow,124,64,60
Prøfesor,nemesis,1412,priest,shadow,53,27,26
Shopify,nagrand,1412,priest,shadow,30,15,15
Simplesam,ravencrest,1412,priest,shadow,76,35,41
Icyîce,kazzak,1411,priest,shadow,24,15,9
Smâshëd,stormscale,1411,priest,shadow,108,53,55
Corpsemaw,silvermoon,1411,priest,shadow,41,19,22
Saintethérez,archimonde,1410,priest,shadow,45,30,15
Kirrako,tarren-mill,1409,priest,shadow,42,17,25
Xceliann,stormscale,1406,priest,shadow,42,21,21
Ragwitch,draenor,1405,priest,shadow,46,27,19
Nemw,chamber-of-aspects,1405,priest,shadow,73,41,32
Niecheqt,tarren-mill,1404,priest,shadow,50,27,23
Hörror,twisting-nether,1404,priest,shadow,96,47,49
Fosil,xavius,1402,priest,shadow,48,24,24
Thudre,ravencrest,1402,priest,shadow,97,48,49
Voidbro,grim-batol,1401,priest,shadow,29,15,14
Eriezel,shattered-halls,1401,priest,shadow,30,15,15
Wewo,drakthul,1401,priest,shadow,57,28,29
Ðivinà,archimonde,1399,priest,shadow,72,36,36
Lamaovic,archimonde,1398,priest,shadow,65,33,32
Lamess,drakthul,1397,priest,shadow,49,30,19
Chaddius,stormscale,1397,priest,shadow,166,83,83
Xíøn,draenor,1397,priest,shadow,35,16,19
Radenox,stormscale,1397,priest,shadow,42,16,26
Kasyrra,sylvanas,1395,priest,shadow,97,54,43
Tazera,boulderfist,1394,priest,shadow,128,63,65
Даркхон,howling-fjord,1393,priest,shadow,76,39,37
Zevulós,ravencrest,1393,priest,shadow,71,26,45
Deriont,argent-dawn,1392,priest,shadow,30,15,15
Chibz,twisting-nether,1392,priest,shadow,42,18,24
Дэспира,howling-fjord,1391,priest,shadow,28,16,12
Fish,arathor,1390,priest,shadow,88,38,50
Vhayna,kazzak,1389,priest,shadow,95,52,43
Hoon,destromath,1387,priest,shadow,105,56,49
Oblivita,twisting-nether,1386,priest,shadow,83,39,44
Superdude,stormscale,1386,priest,shadow,37,17,20
Hek,sylvanas,1384,priest,shadow,72,36,36
Deadlymoda,zenedar,1384,priest,shadow,32,16,16
Morgoh,die-arguswacht,1383,priest,shadow,157,83,74
Îzî,sanguino,1383,priest,shadow,54,28,26
Daenie,elune,1383,priest,shadow,42,21,21
Ohboy,eredar,1383,priest,shadow,64,30,34
Голдратт,soulflayer,1382,priest,shadow,36,26,10
Lichtl,ysera,1382,priest,shadow,96,47,49
Hans,thrall,1380,priest,shadow,30,18,12
Найтингеилл,gordunni,1379,priest,shadow,35,15,20
Kellen,burning-blade,1378,priest,shadow,374,191,183
Bonifacio,la-croisade-écarlate,1377,priest,shadow,42,20,22
Õðæßìùa,kazzak,1375,priest,shadow,23,15,8
Shizo,blutkessel,1370,priest,shadow,53,32,21
Drë,daggerspine,1370,priest,shadow,26,15,11
Fleshcraft,ravencrest,1370,priest,shadow,26,15,11
Flayin,kazzak,1370,priest,shadow,108,58,50
Sanebassoff,kazzak,1370,priest,shadow,214,112,102
Shdwmeld,ravencrest,1370,priest,shadow,35,15,20
Daltheria,daggerspine,1369,priest,shadow,95,54,41
Holypowér,twisting-nether,1369,priest,shadow,30,16,14
Ialoricha,dun-modr,1368,priest,shadow,85,35,50
Singularity,ravencrest,1367,priest,shadow,60,31,29
Низара,deathguard,1367,priest,shadow,60,24,36
Unpretetroll,nemesis,1366,priest,shadow,80,44,36
Весенняя,gordunni,1365,priest,shadow,50,29,21
Syntára,blackhand,1365,priest,shadow,36,17,19
Eryxial,antonidas,1365,priest,shadow,47,22,25
Stinkycreep,executus,1364,priest,shadow,36,21,15
Synexia,sylvanas,1364,priest,shadow,99,56,43
Держимоепиво,blackscar,1364,priest,shadow,42,19,23
Bimboxo,argent-dawn,1363,priest,shadow,137,78,59
Sucukpriest,blackrock,1363,priest,shadow,42,23,19
Fordöbroo,ragnaros,1362,priest,shadow,234,120,114
Medovina,silvermoon,1360,priest,shadow,54,30,24
Bonbonici,sylvanas,1359,priest,shadow,66,43,23
Pæìn,malganis,1359,priest,shadow,42,17,25
Имморталрё,galakrond,1354,priest,shadow,42,29,13
Thebesp,ravencrest,1354,priest,shadow,54,21,33
Офинсия,deathguard,1354,priest,shadow,47,18,29
Вексион,goldrinn,1353,priest,shadow,36,19,17
Damyo,eredar,1353,priest,shadow,72,37,35
Priztar,nazjatar,1353,priest,shadow,43,22,21
Силесттиль,gordunni,1353,priest,shadow,58,29,29
Voidlord,hyjal,1350,priest,shadow,84,46,38
Сашашвд,howling-fjord,1350,priest,shadow,48,23,25
Shadowchunks,argent-dawn,1350,priest,shadow,36,17,19
Rajip,azjolnerub,1348,priest,shadow,30,20,10
Slenderdoom,stormscale,1346,priest,shadow,36,18,18
Nyróx,malganis,1345,priest,shadow,122,59,63
Prìestìalìty,draenor,1344,priest,shadow,29,17,12
Нинаврач,howling-fjord,1344,priest,shadow,24,14,10
Piixld,aegwynn,1344,priest,shadow,60,33,27
Voidgasm,kazzak,1344,priest,shadow,29,15,14
Achára,ravencrest,1343,priest,shadow,24,14,10
Zërøx,ysondre,1343,priest,shadow,24,14,10
Øxyzën,marécage-de-zangar,1342,priest,shadow,37,21,16
Возрождающее,soulflayer,1342,priest,shadow,30,14,16
Vtspam,stormscale,1341,priest,shadow,24,14,10
Mindseven,emeriss,1341,priest,shadow,24,14,10
Maysiex,twisting-nether,1341,priest,shadow,24,14,10
Slimshadey,malganis,1341,priest,shadow,24,14,10
Nicorøbin,uldum,1341,priest,shadow,74,41,33
Apuessii,dun-modr,1340,priest,shadow,59,31,28
Nagatary,blackmoore,1339,priest,shadow,74,41,33
Alaeddin,kazzak,1339,priest,shadow,216,111,105
Velenthøs,argent-dawn,1338,priest,shadow,41,23,18
Wtrix,stormscale,1337,priest,shadow,24,14,10
Sxynix,thrall,1337,priest,shadow,53,28,25
Emilyvvillis,outland,1337,priest,shadow,36,14,22
Шаасит,soulflayer,1336,priest,shadow,30,17,13
Seni,gilneas,1336,priest,shadow,55,26,29
ßeastx,nethersturm,1335,priest,shadow,58,30,28
Sleepyshadow,drakthul,1335,priest,shadow,60,29,31
Gød,magtheridon,1335,priest,shadow,30,14,16
Adägïo,dun-modr,1335,priest,shadow,132,60,72
Settemsen,tarren-mill,1334,priest,shadow,18,14,4
Hëllokitty,sanguino,1333,priest,shadow,104,54,50
Goodison,outland,1333,priest,shadow,30,14,16
Bromiaris,dun-morogh,1333,priest,shadow,72,33,39
Terenal,ysondre,1332,priest,shadow,58,36,22
Crâzycatlady,blackmoore,1332,priest,shadow,24,14,10
Deethraa,argent-dawn,1332,priest,shadow,24,14,10
Brunestùd,pozzo-delleternità,1331,priest,shadow,24,16,8
Inei,doomhammer,1331,priest,shadow,48,25,23
Donkyrobert,tarren-mill,1331,priest,shadow,30,14,16
Maxhima,defias-brotherhood,1330,priest,shadow,119,58,61
Багбери,eversong,1329,priest,shadow,480,245,235
Giruga,eredar,1327,priest,shadow,24,14,10
Khäñ,ravencrest,1327,priest,shadow,66,23,43
Dumámày,silvermoon,1326,priest,shadow,24,17,7
Oöm,hyjal,1326,priest,shadow,60,37,23
Dysko,alakir,1326,priest,shadow,30,17,13
Kilmmiis,defias-brotherhood,1324,priest,shadow,30,16,14
Grouptherpst,draenor,1323,priest,shadow,24,14,10
Míjagí,blackhand,1323,priest,shadow,70,36,34
Mellandoh,tarren-mill,1322,priest,shadow,53,31,22
Joniop,stormreaver,1322,priest,shadow,24,14,10
Ulquiørra,blackmoore,1322,priest,shadow,84,42,42
Сэлунна,goldrinn,1321,priest,shadow,36,14,22
Seras,bloodfeather,1319,priest,shadow,60,34,26
Shadowpræst,argent-dawn,1319,priest,shadow,39,16,23
Kdot,drakthul,1317,priest,shadow,24,16,8
Clergy,hellfire,1317,priest,shadow,55,33,22
Atheniss,drakthul,1317,priest,shadow,102,53,49
Littlebugger,argent-dawn,1317,priest,shadow,63,28,35
Controlled,tarren-mill,1314,priest,shadow,105,54,51
Elysium,darkspear,1314,priest,shadow,66,33,33
Gaidemar,blackmoore,1312,priest,shadow,76,42,34
Saviour,spinebreaker,1311,priest,shadow,42,23,19
Prästpojken,frostwhisper,1311,priest,shadow,36,19,17
Battlefog,turalyon,1309,priest,shadow,66,35,31
Kíssme,archimonde,1307,priest,shadow,42,28,14
Xxede,dun-modr,1307,priest,shadow,111,52,59
Chillx,blackmoore,1305,priest,shadow,191,106,85
Secundis,silvermoon,1305,priest,shadow,30,16,14
Shaydi,todeswache,1304,priest,shadow,24,14,10
Kåstå,archimonde,1304,priest,shadow,35,17,18
Phycobabe,sylvanas,1301,priest,shadow,66,29,37
Дроус,borean-tundra,1300,priest,shadow,48,24,24
Yaoshih,draenor,1299,priest,shadow,107,50,57
Sai,draenor,1299,priest,shadow,55,19,36
Unerfedsp,archimonde,1297,priest,shadow,139,66,73
Kåz,argent-dawn,1295,priest,shadow,71,39,32
Lurmus,outland,1295,priest,shadow,59,29,30
Oikus,minahonda,1295,priest,shadow,54,26,28
Aíushtha,frostmane,1295,priest,shadow,36,14,22
Røst,ravencrest,1294,priest,shadow,23,14,9
Tøucher,silvermoon,1294,priest,shadow,30,17,13
Shifune,blackhand,1293,priest,shadow,54,25,29
Hexmon,tarren-mill,1292,priest,shadow,30,21,9
Harukaa,aggra-português,1290,priest,shadow,48,36,12
Boomboxk,darksorrow,1290,priest,shadow,24,15,9
Абасали,howling-fjord,1290,priest,shadow,54,22,32
Rogmisa,cthun,1289,priest,shadow,78,39,39
Eytrhfb,stormscale,1288,priest,shadow,24,14,10
Ехереу,blackscar,1286,priest,shadow,24,15,9
Otheym,the-maelstrom,1283,priest,shadow,42,20,22
Arwen,azjolnerub,1282,priest,shadow,24,14,10
Jawoflash,antonidas,1281,priest,shadow,33,15,18
Ggdoll,twisting-nether,1280,priest,shadow,197,99,98
Eslo,outland,1280,priest,shadow,38,17,21
Несущийсерп,soulflayer,1280,priest,shadow,57,23,34
Bigorna,frostmane,1279,priest,shadow,60,31,29
Неймхичгодх,gordunni,1277,priest,shadow,28,15,13
Nerfnerf,kazzak,1277,priest,shadow,58,27,31
Chowhone,archimonde,1277,priest,shadow,42,14,28
Osvoid,draenor,1272,priest,shadow,38,19,19
Averagenoob,ragnaros,1271,priest,shadow,28,18,10
Majestíc,blackmoore,1271,priest,shadow,36,17,19
Seehz,ysondre,1271,priest,shadow,35,14,21
Cptnahab,blackmoore,1270,priest,shadow,61,43,18
Абракабра,howling-fjord,1270,priest,shadow,36,16,20
Inzàné,kazzak,1269,priest,shadow,106,57,49
Kuusistöö,kazzak,1268,priest,shadow,25,15,10
Karnatia,burning-legion,1268,priest,shadow,42,19,23
Daretox,turalyon,1268,priest,shadow,34,15,19
Нудная,galakrond,1268,priest,shadow,58,25,33
Nûwa,draenor,1265,priest,shadow,24,18,6
Rétestészta,arathor,1265,priest,shadow,30,16,14
Haxxøn,die-nachtwache,1265,priest,shadow,50,26,24
Adssdfhjgh,outland,1264,priest,shadow,44,25,19
Ylaya,garrosh,1264,priest,shadow,34,17,17
Evilspel,ravencrest,1261,priest,shadow,33,18,15
Mundwerk,malganis,1260,priest,shadow,153,70,83
Aeo,twisting-nether,1257,priest,shadow,29,16,13
Lasdrael,dun-modr,1254,priest,shadow,78,44,34
Sangububblu,silvermoon,1253,priest,shadow,17,14,3
Delaiya,antonidas,1253,priest,shadow,120,58,62
Fåith,twilights-hammer,1251,priest,shadow,132,66,66
Evna,chogall,1251,priest,shadow,36,14,22
Xanelor,tarren-mill,1250,priest,shadow,58,33,25
Kristiflicka,kazzak,1250,priest,shadow,72,40,32
Тэтсу,greymane,1249,priest,shadow,60,39,21
Powna,blackrock,1249,priest,shadow,54,28,26
Soulsuckerr,silvermoon,1249,priest,shadow,48,24,24
Balthe,defias-brotherhood,1248,priest,shadow,18,13,5
Gbc,emerald-dream,1248,priest,shadow,24,13,11
Mariosee,wrathbringer,1248,priest,shadow,66,34,32
Umbrazoid,sanguino,1248,priest,shadow,66,27,39
Xktr,aggra-português,1247,priest,shadow,18,13,5
Bizzlebabe,lightbringer,1247,priest,shadow,18,13,5
Anabølixx,ravencrest,1247,priest,shadow,18,13,5
Rippeep,emerald-dream,1247,priest,shadow,24,13,11
Testorwp,ragnaros,1245,priest,shadow,48,30,18
Majinmadara,ravencrest,1245,priest,shadow,28,14,14
Gorali,the-venture-co,1245,priest,shadow,28,14,14
Báh,tarren-mill,1244,priest,shadow,24,13,11
Montane,wrathbringer,1244,priest,shadow,54,28,26
Söörpriest,the-maelstrom,1243,priest,shadow,72,41,31
Hîlaryduff,dun-modr,1243,priest,shadow,24,13,11
Atropin,silvermoon,1242,priest,shadow,18,13,5
Drakzx,kazzak,1242,priest,shadow,18,13,5
Shîn,aegwynn,1242,priest,shadow,139,68,71
Цитамин,deathguard,1242,priest,shadow,90,39,51
Ruojatar,stormreaver,1241,priest,shadow,18,13,5
Wàks,dalaran,1241,priest,shadow,28,17,11
Looó,los-errantes,1241,priest,shadow,48,27,21
Rekson,alleria,1241,priest,shadow,24,13,11
Stepmama,kazzak,1241,priest,shadow,24,13,11
Discmaskinen,aggramar,1241,priest,shadow,30,13,17
Peikkousva,twisting-nether,1240,priest,shadow,24,13,11
Lilyrosemary,arathor,1239,priest,shadow,24,13,11
Ravenbell,chamber-of-aspects,1237,priest,shadow,24,13,11
Каспера,galakrond,1236,priest,shadow,24,13,11
Simorflay,kazzak,1235,priest,shadow,30,13,17
Pehmoinen,korgall,1233,priest,shadow,24,13,11
Omnissiiah,silvermoon,1232,priest,shadow,54,24,30
Prodan,frostmane,1231,priest,shadow,18,13,5
Лайкшеди,soulflayer,1230,priest,shadow,60,35,25
Spwin,silvermoon,1230,priest,shadow,48,26,22
Morteous,twisting-nether,1225,priest,shadow,303,151,152
Nostramu,argent-dawn,1223,priest,shadow,90,37,53
Farseerx,ravencrest,1222,priest,shadow,141,78,63
Enemypriest,argent-dawn,1222,priest,shadow,61,30,31
Blååb,draenor,1220,priest,shadow,30,13,17
Powergodz,exodar,1219,priest,shadow,30,15,15
Thergozar,stormscale,1218,priest,shadow,79,49,30
Seum,ravencrest,1218,priest,shadow,30,13,17
Tesz,perenolde,1217,priest,shadow,36,16,20
Bozia,chamber-of-aspects,1216,priest,shadow,48,22,26
Yonaka,amanthul,1216,priest,shadow,102,44,58
Skuggzter,outland,1215,priest,shadow,42,26,16
Khalphus,argent-dawn,1213,priest,shadow,51,23,28
Zák,sylvanas,1212,priest,shadow,60,37,23
Damnedangel,drakthul,1212,priest,shadow,30,13,17
Mirelaw,stormscale,1210,priest,shadow,84,53,31
Reptika,tichondrius,1210,priest,shadow,28,17,11
Ваккарий,gordunni,1210,priest,shadow,154,77,77
Redoubtablee,kazzak,1210,priest,shadow,66,24,42
Neychen,blackrock,1209,priest,shadow,30,13,17
Antigospa,kazzak,1208,priest,shadow,48,20,28
Szalsza,arathor,1207,priest,shadow,53,23,30
Zedrus,azshara,1206,priest,shadow,29,13,16
Rehpotsirhc,blackrock,1205,priest,shadow,24,14,10
Angleka,argent-dawn,1205,priest,shadow,131,64,67
Ayuntamiento,proudmoore,1202,priest,shadow,36,23,13
Ocastia,antonidas,1202,priest,shadow,36,20,16
Tiinia,hyjal,1202,priest,shadow,46,17,29
Mylox,blackrock,1200,priest,shadow,22,14,8
Nightchime,silvermoon,1197,priest,shadow,53,28,25
Sacreth,ragnaros,1195,priest,shadow,48,23,25
Veshania,blackhand,1194,priest,shadow,56,25,31
Hârlequin,draenor,1191,priest,shadow,365,185,180
Onskansmoder,shattered-hand,1189,priest,shadow,87,39,48
Акциуми,howling-fjord,1187,priest,shadow,145,81,64
Mydianá,aegwynn,1187,priest,shadow,29,16,13
Ælîta,blackhand,1186,priest,shadow,42,26,16
Sigor,hellfire,1186,priest,shadow,47,23,24
Smõke,tarren-mill,1186,priest,shadow,48,21,27
Рикимарочка,gordunni,1185,priest,shadow,70,30,40
Supermacy,eredar,1184,priest,shadow,30,14,16
Phue,ragnaros,1183,priest,shadow,44,25,19
Classy,drakthul,1182,priest,shadow,45,15,30
Ziglinde,shattrath,1180,priest,shadow,46,26,20
Cottyx,outland,1176,priest,shadow,22,13,9
Cronershadow,stormscale,1176,priest,shadow,32,15,17
Булькозавр,razuvious,1172,priest,shadow,60,32,28
Вегельдэрс,gordunni,1171,priest,shadow,36,16,20
Azade,silvermoon,1168,priest,shadow,18,13,5
Divinefilth,kazzak,1168,priest,shadow,34,14,20
Løxi,blackmoore,1165,priest,shadow,25,14,11
Mynithir,chants-éternels,1163,priest,shadow,36,18,18
Holymonstah,sanguino,1161,priest,shadow,46,24,22
Sayash,chamber-of-aspects,1158,priest,shadow,26,13,13
Scaryman,ravencrest,1157,priest,shadow,23,14,9
Дикосвет,howling-fjord,1156,priest,shadow,72,27,45
Aritrosp,kargath,1152,priest,shadow,24,12,12
Hotdog,kult-der-verdammten,1152,priest,shadow,42,20,22
Onlycans,tarren-mill,1151,priest,shadow,18,12,6
Julîane,aegwynn,1151,priest,shadow,18,12,6
Мсикатана,gordunni,1151,priest,shadow,18,12,6
Grayraven,azjolnerub,1151,priest,shadow,36,12,24
Shdwfizk,ravencrest,1150,priest,shadow,18,12,6
Tailjob,silvermoon,1150,priest,shadow,18,12,6
Sinsofmany,ragnaros,1150,priest,shadow,18,12,6
Turah,the-maelstrom,1150,priest,shadow,18,12,6
Oniakusa,outland,1150,priest,shadow,24,12,12
Psychø,kazzak,1149,priest,shadow,24,12,12
Pórt,kazzak,1148,priest,shadow,21,13,8
Zakkonnik,burning-legion,1148,priest,shadow,30,14,16
Tweenitopg,les-clairvoyants,1146,priest,shadow,18,12,6
Hellena,neptulon,1146,priest,shadow,54,29,25
Tartaroula,twisting-nether,1146,priest,shadow,24,12,12
Garock,archimonde,1146,priest,shadow,54,22,32
Turbosucc,burning-blade,1146,priest,shadow,30,12,18
Cabalist,silvermoon,1145,priest,shadow,150,77,73
Alterspflege,eredar,1145,priest,shadow,24,12,12
Vogthon,aggra-português,1145,priest,shadow,24,12,12
Дитеприста,greymane,1144,priest,shadow,36,21,15
Smilyface,sylvanas,1144,priest,shadow,30,12,18
Cahira,argent-dawn,1144,priest,shadow,36,12,24
Crishroc,stormreaver,1143,priest,shadow,60,31,29
Diha,argent-dawn,1142,priest,shadow,24,12,12
Boniesmack,stormscale,1141,priest,shadow,18,12,6
Ràthaløs,sanguino,1141,priest,shadow,24,12,12
Томба,ashenvale,1139,priest,shadow,18,12,6
Qsandria,ravencrest,1139,priest,shadow,30,12,18
Pangoffy,burning-legion,1138,priest,shadow,18,12,6
Ënmâ,archimonde,1138,priest,shadow,61,36,25
Beellzo,sylvanas,1137,priest,shadow,123,59,64
Eliana,blackrock,1136,priest,shadow,18,12,6
Санятруу,blackscar,1136,priest,shadow,96,54,42
Seenoend,neptulon,1136,priest,shadow,24,12,12
Suurona,die-aldor,1135,priest,shadow,54,26,28
Fuzzydude,ravencrest,1135,priest,shadow,36,12,24
Лапушок,borean-tundra,1130,priest,shadow,66,39,27
Cerbero,doomhammer,1128,priest,shadow,18,12,6
Byzzi,draenor,1128,priest,shadow,18,12,6
Милотанин,gordunni,1128,priest,shadow,42,20,22
Семмэр,gordunni,1125,priest,shadow,79,34,45
Maximandreic,kazzak,1124,priest,shadow,42,13,29
Zathada,twisting-nether,1123,priest,shadow,24,12,12
Ruad,blackrock,1116,priest,shadow,18,12,6
Shidoya,tarren-mill,1114,priest,shadow,23,12,11
Васпохилить,howling-fjord,1114,priest,shadow,120,48,72
Phïljr,ravencrest,1112,priest,shadow,24,14,10
Notcute,the-maelstrom,1111,priest,shadow,29,12,17
Nasurans,ravencrest,1105,priest,shadow,44,15,29
Амфетаминная,howling-fjord,1104,priest,shadow,86,46,40
Druska,ragnaros,1103,priest,shadow,47,25,22
Nellytaa,dalaran,1103,priest,shadow,35,18,17
Tweediertie,argent-dawn,1101,priest,shadow,29,12,17
Sáro,ravencrest,1099,priest,shadow,24,13,11
Avatars,kirin-tor,1099,priest,shadow,82,39,43
Ðarcø,archimonde,1098,priest,shadow,80,32,48
Смотривнебоь,soulflayer,1094,priest,shadow,23,14,9
Bonka,sanguino,1093,priest,shadow,24,13,11
Ixdeadxl,stormscale,1093,priest,shadow,30,13,17
Alsyidan,khaz-modan,1091,priest,shadow,19,17,2
Seâky,blackmoore,1091,priest,shadow,45,22,23
Harkøn,draenor,1087,priest,shadow,28,14,14
Árìáne,khaz-modan,1086,priest,shadow,106,49,57
Kraanocska,outland,1085,priest,shadow,21,13,8
Brainwash,darksorrow,1084,priest,shadow,28,12,16
Sodomix,tarren-mill,1083,priest,shadow,226,111,115
Ниомана,gordunni,1077,priest,shadow,28,17,11
Valdemar,alakir,1075,priest,shadow,33,18,15
Sacher,shendralar,1074,priest,shadow,72,34,38
Уртримас,gordunni,1073,priest,shadow,56,24,32
Yuhé,elune,1072,priest,shadow,48,27,21
Некросиний,eversong,1072,priest,shadow,25,14,11
Vanzl,ravencrest,1070,priest,shadow,36,16,20
Собакедруг,borean-tundra,1069,priest,shadow,59,23,36
Atelstan,drakthul,1062,priest,shadow,138,63,75
Rèd,antonidas,1062,priest,shadow,42,12,30
Cthulou,tarren-mill,1060,priest,shadow,248,123,125
Syfl,defias-brotherhood,1060,priest,shadow,30,13,17
Mistaké,the-maelstrom,1059,priest,shadow,60,28,32
Brainmuscle,ravencrest,1057,priest,shadow,24,14,10
Kishoengi,ravencrest,1056,priest,shadow,12,11,1
Gladinbedirl,ravencrest,1056,priest,shadow,12,11,1
Littlefräu,ravencrest,1056,priest,shadow,16,12,4
Noyam,dun-morogh,1055,priest,shadow,24,11,13
Laradiel,dun-modr,1054,priest,shadow,18,11,7
Elyziz,tarren-mill,1054,priest,shadow,18,11,7
Uzü,ysondre,1054,priest,shadow,28,12,16
Ларчшп,gordunni,1054,priest,shadow,30,11,19
Khålyst,archimonde,1054,priest,shadow,30,11,19
Dexploit,frostwolf,1053,priest,shadow,18,11,7
Umyqt,ragnaros,1053,priest,shadow,18,11,7
Påsøk,stormscale,1053,priest,shadow,24,11,13
Fluffedup,twisting-nether,1053,priest,shadow,24,11,13
Блэксикер,greymane,1053,priest,shadow,118,49,69
Portvin,terenas,1052,priest,shadow,74,34,40
Jim,saurfang,1052,priest,shadow,24,11,13
Jadæ,ragnaros,1052,priest,shadow,24,11,13
Vardrium,antonidas,1050,priest,shadow,24,11,13
Phobò,blackrock,1050,priest,shadow,24,11,13
Gstah,taerar,1049,priest,shadow,24,11,13
Deshaz,tarren-mill,1049,priest,shadow,30,11,19
Sundae,nemesis,1048,priest,shadow,30,11,19
Sateruxs,burning-legion,1047,priest,shadow,24,11,13
Xatori,arthas,1047,priest,shadow,24,11,13
Scorbute,conseil-des-ombres,1046,priest,shadow,18,11,7
Boomhilde,aegwynn,1044,priest,shadow,35,15,20
Zubrowkâ,kazzak,1043,priest,shadow,24,11,13
Missadventur,skullcrusher,1041,priest,shadow,18,11,7
Nextdawn,kazzak,1032,priest,shadow,24,12,12
Trencharse,draenor,1030,priest,shadow,29,11,18
Tarissa,ravenholdt,1029,priest,shadow,30,14,16
Блюмсик,blackscar,1025,priest,shadow,36,20,16
Festiz,tichondrius,1024,priest,shadow,30,14,16
Liliashet,sanguino,1024,priest,shadow,24,11,13
Дзинкз,howling-fjord,1021,priest,shadow,22,12,10
Mimox,kaelthas,1017,priest,shadow,24,14,10
Bodeeney,hellfire,1015,priest,shadow,68,28,40
Shíàpríést,kazzak,1015,priest,shadow,35,11,24
Phasmofobia,ragnaros,1014,priest,shadow,68,33,35
Намдандар,howling-fjord,1013,priest,shadow,30,15,15
Iceys,stormscale,1005,priest,shadow,17,11,6
Irrtum,nozdormu,1003,priest,shadow,24,16,8
Fanberra,the-venture-co,1001,priest,shadow,24,11,13
Raiponceanus,ysondre,998,priest,shadow,15,11,4
Pneumay,tarren-mill,996,priest,shadow,26,15,11
Серебрия,gordunni,991,priest,shadow,99,53,46
Pipen,stormscale,990,priest,shadow,29,11,18
Asdaprice,hellfire,986,priest,shadow,18,12,6
Minabonxx,silvermoon,984,priest,shadow,93,34,59
Zargoss,sylvanas,974,priest,shadow,19,11,8
Мргорсан,eversong,974,priest,shadow,30,16,14
Gwyneth,archimonde,971,priest,shadow,54,29,25
Andorelya,blackhand,969,priest,shadow,24,16,8
Treasons,tarren-mill,965,priest,shadow,42,13,29
Theythem,stormscale,960,priest,shadow,12,10,2
Reimagined,sylvanas,960,priest,shadow,12,10,2
Flüttër,ravencrest,960,priest,shadow,18,10,8
Кинраналь,eversong,960,priest,shadow,48,24,24
Swl,blackrock,960,priest,shadow,22,11,11
Tribz,kargath,959,priest,shadow,12,10,2
Aiewn,elune,959,priest,shadow,18,12,6
Brìtneyfears,ravencrest,959,priest,shadow,18,10,8
Seankingkong,ravencrest,959,priest,shadow,18,10,8
Shadowleech,ragnaros,958,priest,shadow,18,10,8
Qiandra,argent-dawn,958,priest,shadow,24,10,14
Dunkelseele,ahnqiraj,957,priest,shadow,18,10,8
Rngånxiety,ravencrest,957,priest,shadow,18,10,8
Deekon,argent-dawn,957,priest,shadow,18,10,8
Pharli,stormscale,957,priest,shadow,18,10,8
Grimgodx,ravencrest,956,priest,shadow,18,10,8
Инсэшбл,blackscar,956,priest,shadow,30,12,18
Karabin,culte-de-la-rive-noire,955,priest,shadow,48,26,22
Taxthepoor,blackhand,955,priest,shadow,24,10,14
Twisty,malganis,953,priest,shadow,26,15,11
Lunatica,stormscale,953,priest,shadow,18,10,8
Priëstitute,stormscale,949,priest,shadow,18,10,8
Lisua,blackmoore,949,priest,shadow,82,30,52
Иннй,howling-fjord,947,priest,shadow,24,11,13
Szpinx,stormscale,942,priest,shadow,30,10,20
Papadiax,twilights-hammer,938,priest,shadow,18,10,8
Sulgyto,kazzak,936,priest,shadow,31,10,21
Ruhoniy,ysondre,934,priest,shadow,30,17,13
Darettii,blackrock,929,priest,shadow,19,10,9
Abrakahudder,tarren-mill,927,priest,shadow,17,10,7
Умом,gordunni,927,priest,shadow,26,11,15
Xartasfen,archimonde,926,priest,shadow,20,11,9
Aezef,ysondre,926,priest,shadow,26,11,15
Breathing,ragnaros,926,priest,shadow,24,10,14
Satànâs,twisting-nether,919,priest,shadow,17,10,7
Nuger,tarren-mill,916,priest,shadow,48,26,22
Эсттелла,gordunni,912,priest,shadow,90,41,49
Csksablanca,sargeras,911,priest,shadow,17,10,7
Fârge,elune,911,priest,shadow,17,10,7
Priestoll,draenor,911,priest,shadow,21,10,11
Valaç,turalyon,910,priest,shadow,21,10,11
Triuna,sylvanas,906,priest,shadow,17,10,7
Волкановская,eversong,900,priest,shadow,24,11,13
Lildiggy,outland,894,priest,shadow,20,10,10
Anshes,draenor,893,priest,shadow,28,14,14
Reckpump,twisting-nether,891,priest,shadow,23,10,13
Maayhem,blackrock,888,priest,shadow,30,12,18
Kloown,conseil-des-ombres,884,priest,shadow,65,33,32
Triinkett,doomhammer,881,priest,shadow,75,31,44
Stoffig,aggramar,880,priest,shadow,53,25,28
Endchor,eredar,879,priest,shadow,126,59,67
Силабездны,deathguard,875,priest,shadow,120,59,61
Tylb,tarren-mill,864,priest,shadow,12,9,3
Alinfinito,ravencrest,864,priest,shadow,12,9,3
Iamsadstory,sylvanas,864,priest,shadow,12,9,3
Niogtreds,kazzak,864,priest,shadow,12,9,3
Raffá,blackhand,864,priest,shadow,12,9,3
Honeydots,ravencrest,864,priest,shadow,12,9,3
Hanyk,kazzak,864,priest,shadow,12,9,3
Døtgdx,archimonde,864,priest,shadow,12,9,3
Maxonos,blackmoore,864,priest,shadow,12,9,3
Svagis,draenor,864,priest,shadow,18,9,9
Nätrix,tarren-mill,864,priest,shadow,18,9,9
Brobox,blackmoore,864,priest,shadow,18,9,9
Spyrono,kazzak,864,priest,shadow,18,9,9
Fjonnski,blackmoore,864,priest,shadow,21,10,11
Ok,blackrock,864,priest,shadow,24,9,15
Sheerzo,twisting-nether,864,priest,shadow,24,9,15
Schmatzy,blackmoore,864,priest,shadow,24,9,15
Æåeåeåé,twisting-nether,864,priest,shadow,24,9,15
Späxxi,amanthul,863,priest,shadow,12,9,3
Cynthi,arthas,863,priest,shadow,12,9,3
Klayjamin,draenor,863,priest,shadow,12,9,3
Hoomanpri,ravencrest,863,priest,shadow,12,9,3
Hollywoôd,draenor,863,priest,shadow,12,9,3
Potati,defias-brotherhood,863,priest,shadow,12,9,3
Viánná,sylvanas,863,priest,shadow,16,10,6
Talandra,drakthul,863,priest,shadow,18,9,9
Tygstycke,tarren-mill,863,priest,shadow,18,9,9
Sàlexz,ysondre,863,priest,shadow,18,9,9
Darkyy,alleria,863,priest,shadow,18,9,9
Maiiko,dun-modr,863,priest,shadow,18,9,9
Cloudfactory,ravencrest,863,priest,shadow,18,9,9
Bragokexx,tarren-mill,863,priest,shadow,18,9,9
Наярда,howling-fjord,863,priest,shadow,18,9,9
Txypii,dun-modr,863,priest,shadow,18,9,9
Cythie,antonidas,863,priest,shadow,24,9,15
Truereligion,tarren-mill,863,priest,shadow,24,9,15
Kaleycuoco,blackrock,862,priest,shadow,12,9,3
Skaliq,tarren-mill,862,priest,shadow,12,9,3
Ronlimonkek,dun-modr,862,priest,shadow,18,9,9
Drakharys,dun-modr,862,priest,shadow,18,9,9
Aliasus,archimonde,862,priest,shadow,18,9,9
Ilostmybible,runetotem,862,priest,shadow,24,9,15
Dívíne,ravenholdt,861,priest,shadow,12,9,3
Aelwïn,ysondre,861,priest,shadow,12,9,3
Dutchstuff,karazhan,861,priest,shadow,18,9,9
Kavie,ravencrest,861,priest,shadow,18,9,9
Ztrolol,archimonde,861,priest,shadow,24,9,15
Clubhavana,blackrock,861,priest,shadow,59,18,41
Pristara,bloodhoof,860,priest,shadow,12,9,3
Нефрида,gordunni,860,priest,shadow,18,9,9
Plimpi,blackmoore,860,priest,shadow,18,9,9
Лиройгеморой,gordunni,857,priest,shadow,18,9,9
Elfriede,twisting-nether,856,priest,shadow,12,9,3
Grimer,talnivarr,856,priest,shadow,18,9,9
Orcpriest,hellfire,856,priest,shadow,24,9,15
Даркпул,gordunni,854,priest,shadow,24,9,15
Farilight,draenor,850,priest,shadow,12,9,3
Ethalia,kirin-tor,849,priest,shadow,18,9,9
Madizuluka,aggra-português,849,priest,shadow,27,10,17
Alesdia,eredar,843,priest,shadow,23,9,14
Shaddyr,thrall,828,priest,shadow,17,9,8
Kasimobbel,alexstrasza,822,priest,shadow,91,29,62
Dayowe,antonidas,820,priest,shadow,207,98,109
Happychap,stormreaver,815,priest,shadow,21,9,12
Supriest,alakir,809,priest,shadow,27,10,17
Avowed,stormscale,803,priest,shadow,31,10,21
Raylinae,die-aldor,799,priest,shadow,16,9,7
Bäckay,silvermoon,799,priest,shadow,16,9,7
Arunp,magtheridon,799,priest,shadow,26,9,17
Alicanx,silvermoon,798,priest,shadow,17,9,8
Jeannedârk,archimonde,797,priest,shadow,17,9,8
Grootts,burning-blade,797,priest,shadow,20,9,11
Calor,nemesis,792,priest,shadow,16,9,7
Haregnor,gorgonnash,783,priest,shadow,13,9,4
Alavéa,frostmourne,768,priest,shadow,12,8,4
Lílgoblin,draenor,768,priest,shadow,12,8,4
Aliy,aegwynn,768,priest,shadow,12,8,4
Grainbames,sylvanas,768,priest,shadow,12,8,4
Happyfeis,sanguino,768,priest,shadow,12,8,4
Steckî,blackmoore,768,priest,shadow,12,8,4
Secretagentx,kazzak,768,priest,shadow,12,8,4
Drákxo,kazzak,768,priest,shadow,12,8,4
Vitapriest,silvermoon,768,priest,shadow,12,8,4
Êfx,ravencrest,768,priest,shadow,12,8,4
Inavea,hyjal,768,priest,shadow,12,8,4
Evílshadows,tarren-mill,768,priest,shadow,12,8,4
Djstache,tarren-mill,768,priest,shadow,12,8,4
Raëkon,nemesis,768,priest,shadow,12,8,4
Westminster,tarren-mill,768,priest,shadow,12,8,4
Notthatbad,draenor,768,priest,shadow,12,8,4
Диградейшен,gordunni,768,priest,shadow,12,8,4
Jellypie,blackrock,768,priest,shadow,18,8,10
Svenskabarn,twisting-nether,768,priest,shadow,18,8,10
Helheïm,chants-éternels,768,priest,shadow,18,8,10
Gomor,mannoroth,768,priest,shadow,18,8,10
Ahle,darkspear,768,priest,shadow,18,8,10
Jaanny,defias-brotherhood,768,priest,shadow,18,8,10
Hilerki,draenor,768,priest,shadow,18,8,10
Slack,azjolnerub,768,priest,shadow,18,8,10
Holineß,burning-blade,767,priest,shadow,12,8,4
Холиспирт,deathguard,767,priest,shadow,12,8,4
Zappikpriest,silvermoon,767,priest,shadow,12,8,4
Kervalainen,outland,767,priest,shadow,12,8,4
Бравер,soulflayer,767,priest,shadow,12,8,4
Симпоз,howling-fjord,767,priest,shadow,12,8,4
Superböck,aggra-português,767,priest,shadow,12,8,4
Septembér,draenor,767,priest,shadow,12,8,4
Leleg,blackhand,767,priest,shadow,15,9,6
Urfkncringe,sylvanas,767,priest,shadow,18,8,10
Bigdumber,kazzak,767,priest,shadow,18,8,10
Strapo,archimonde,767,priest,shadow,18,8,10
Jyugins,alonsus,767,priest,shadow,18,8,10
Созвонимся,gordunni,767,priest,shadow,18,8,10
Dimorinny,silvermoon,767,priest,shadow,18,8,10
Maela,uldum,767,priest,shadow,18,8,10
Nagashizzar,arathor,767,priest,shadow,18,8,10
Marcellina,argent-dawn,767,priest,shadow,18,8,10
Priestlolx,aegwynn,767,priest,shadow,24,8,16
Maskinjundre,bronzebeard,767,priest,shadow,24,8,16
Zaqsn,blackrock,767,priest,shadow,30,8,22
Aducanpea,blackmoore,766,priest,shadow,12,8,4
Mavaai,burning-legion,766,priest,shadow,12,8,4
Berrylee,twisting-nether,766,priest,shadow,12,8,4
Valkyråe,ravencrest,766,priest,shadow,15,9,6
Ihaveibs,doomhammer,766,priest,shadow,19,9,10
Comptonzity,outland,766,priest,shadow,18,8,10
Nolsrcp,outland,766,priest,shadow,18,8,10
Darkmayham,silvermoon,766,priest,shadow,18,8,10
Kwhy,twisting-nether,766,priest,shadow,18,8,10
Dvärg,ravencrest,766,priest,shadow,18,8,10
Ичисанчик,howling-fjord,766,priest,shadow,24,8,16
Frèreroger,hyjal,766,priest,shadow,24,8,16
Enduring,darksorrow,766,priest,shadow,30,8,22
Derl,pozzo-delleternità,765,priest,shadow,12,8,4
Géèk,alakir,765,priest,shadow,19,8,11
Shalnorei,drakthul,764,priest,shadow,12,8,4
Holyface,twisting-nether,764,priest,shadow,12,8,4
Silverfate,outland,764,priest,shadow,18,8,10
Каратэк,howling-fjord,763,priest,shadow,12,8,4
Sammel,moonglade,763,priest,shadow,18,8,10
Никорете,soulflayer,759,priest,shadow,18,8,10
Святаятряпка,fordragon,754,priest,shadow,18,8,10
Barcodes,kazzak,749,priest,shadow,20,9,11
Teleriah,blackmoore,735,priest,shadow,17,8,9
Xavyos,eredar,734,priest,shadow,22,8,14
Zennen,ragnaros,720,priest,shadow,19,9,10
Herro,thrall,719,priest,shadow,11,8,3
Fathedead,stormreaver,713,priest,shadow,30,10,20
Raetwo,stormscale,703,priest,shadow,14,8,6
Hanfur,twisting-nether,703,priest,shadow,16,8,8
Манддалорец,gordunni,702,priest,shadow,22,8,14
Мараес,howling-fjord,686,priest,shadow,14,8,6
Shendiva,nathrezim,681,priest,shadow,13,8,5
Coffíndodger,magtheridon,672,priest,shadow,10,8,2
Xùÿø,culte-de-la-rive-noire,672,priest,shadow,12,7,5
Mindboorst,kazzak,672,priest,shadow,12,7,5
Dolens,argent-dawn,672,priest,shadow,12,7,5
Laxanes,ravencrest,672,priest,shadow,12,7,5
Awator,ysondre,672,priest,shadow,12,7,5
Snoopydawgs,blackmoore,672,priest,shadow,12,7,5
Viperbites,tarren-mill,672,priest,shadow,12,7,5
Cskgbénébéné,garona,672,priest,shadow,12,7,5
Fairylite,outland,672,priest,shadow,12,7,5
Teengirl,ravencrest,672,priest,shadow,12,7,5
Yrr,draenor,672,priest,shadow,12,7,5
Extazia,ravencrest,672,priest,shadow,12,7,5
Миррен,gordunni,672,priest,shadow,12,7,5
Medtner,stormscale,672,priest,shadow,12,7,5
Teríyaki,blackrock,672,priest,shadow,12,7,5
Deform,argent-dawn,672,priest,shadow,12,7,5
Nordrenalin,tarren-mill,672,priest,shadow,12,7,5
Desti,darkmoon-faire,672,priest,shadow,12,7,5
Mcdutchy,arygos,672,priest,shadow,12,7,5
Vladï,conseil-des-ombres,672,priest,shadow,12,7,5
Azazoth,sylvanas,672,priest,shadow,12,7,5
Systerstål,twisting-nether,672,priest,shadow,12,7,5
Зоргдаркнесс,howling-fjord,672,priest,shadow,12,7,5
Roastie,frostmane,672,priest,shadow,12,7,5
Extralite,stormscale,672,priest,shadow,12,7,5
Kíguwu,draenor,672,priest,shadow,12,7,5
Libstik,hyjal,672,priest,shadow,12,7,5
Simisimi,twisting-nether,672,priest,shadow,12,7,5
Narshina,onyxia,672,priest,shadow,12,7,5
Stac,hyjal,672,priest,shadow,12,7,5
Arondir,defias-brotherhood,672,priest,shadow,12,7,5
Uria,moonglade,672,priest,shadow,12,7,5
Viroz,blackmoore,672,priest,shadow,12,7,5
Leggat,draenor,672,priest,shadow,15,8,7
Madrobert,outland,672,priest,shadow,18,7,11
Heygoogle,ravencrest,672,priest,shadow,18,7,11
Crazyname,outland,672,priest,shadow,18,7,11
Korzec,dun-modr,672,priest,shadow,18,7,11
Despéri,ysondre,672,priest,shadow,18,7,11
Рэйам,fordragon,672,priest,shadow,18,7,11
Memelordqt,silvermoon,672,priest,shadow,18,7,11
Клаенз,fordragon,672,priest,shadow,18,7,11
Majinbuù,sargeras,672,priest,shadow,18,7,11
Irlfatguy,ravencrest,672,priest,shadow,20,7,13
Iamshadow,blackrock,672,priest,shadow,23,7,16
Serayhx,blackrock,672,priest,shadow,24,7,17
Xæe,blackrock,671,priest,shadow,12,7,5
Allanna,talnivarr,671,priest,shadow,12,7,5
Neeyø,blackhand,671,priest,shadow,12,7,5
Cryptoniite,kazzak,671,priest,shadow,12,7,5
Kogarrashi,aegwynn,671,priest,shadow,12,7,5
Shiekma,norgannon,671,priest,shadow,12,7,5
Lagbugdcx,ravencrest,671,priest,shadow,12,7,5
Shokkapriest,draenor,671,priest,shadow,12,7,5
Qiguai,outland,671,priest,shadow,12,7,5
Elarya,zenedar,671,priest,shadow,12,7,5
Слышуфонк,howling-fjord,671,priest,shadow,12,7,5
Мариаглорум,gordunni,671,priest,shadow,12,7,5
Badomens,draenor,671,priest,shadow,12,7,5
Bazazath,thrall,671,priest,shadow,15,8,7
Freshpope,ravencrest,671,priest,shadow,16,8,8
Elfer,dalaran,671,priest,shadow,18,7,11
Ascendedpwnz,silvermoon,671,priest,shadow,18,7,11
Idontmind,eredar,671,priest,shadow,18,7,11
Neggan,chamber-of-aspects,671,priest,shadow,18,7,11
Gagai,ravencrest,671,priest,shadow,18,7,11
Danri,ravencrest,671,priest,shadow,18,7,11
Chaarronn,drakthul,671,priest,shadow,18,7,11
Fùkøff,stormscale,671,priest,shadow,18,7,11
Кибержрица,soulflayer,671,priest,shadow,18,7,11
Leyra,burning-blade,671,priest,shadow,18,7,11
Wivienne,defias-brotherhood,671,priest,shadow,26,8,18
Alexpriest,twisting-nether,671,priest,shadow,24,7,17
Barbiemeth,silvermoon,671,priest,shadow,24,7,17
Zileena,argent-dawn,671,priest,shadow,24,7,17
Solanaelle,archimonde,671,priest,shadow,24,7,17
Kitasia,tarren-mill,670,priest,shadow,12,7,5
Copperplume,ravenholdt,670,priest,shadow,12,7,5
Faroz,shadowsong,670,priest,shadow,12,7,5
Hiela,outland,670,priest,shadow,12,7,5
Voina,ravencrest,670,priest,shadow,12,7,5
Nesar,stormscale,670,priest,shadow,18,7,11
Kavius,kazzak,670,priest,shadow,23,8,15
Infliction,auchindoun,670,priest,shadow,24,7,17
Ансин,azuregos,669,priest,shadow,12,7,5
Husqvarnasåg,tarren-mill,669,priest,shadow,27,8,19
Hotsanddots,auchindoun,668,priest,shadow,12,7,5
Newik,burning-legion,667,priest,shadow,12,7,5
Youkounkoun,garona,667,priest,shadow,12,7,5
Hulluh,tarren-mill,665,priest,shadow,12,7,5
Redfield,frostmane,663,priest,shadow,24,7,17
Spaghettoni,tarren-mill,662,priest,shadow,12,7,5
Swarzie,outland,653,priest,shadow,17,7,10
Bhutyolo,azjolnerub,650,priest,shadow,17,7,10
Vregoa,twisting-nether,639,priest,shadow,17,7,10
Llounal,silvermoon,637,priest,shadow,17,7,10
Seniya,argent-dawn,623,priest,shadow,11,7,4
Фьюриреидж,soulflayer,617,priest,shadow,14,8,6
Reeflix,blackmoore,607,priest,shadow,17,8,9
Lipzip,twisting-nether,591,priest,shadow,19,7,12
Deadandugly,eredar,576,priest,shadow,6,6,0
Craquylx,hyjal,576,priest,shadow,6,6,0
Shacoat,draenor,576,priest,shadow,6,6,0
Noggorran,teldrassil,576,priest,shadow,10,7,3
Yazh,argent-dawn,576,priest,shadow,12,6,6
Grapemachine,dentarg,576,priest,shadow,12,6,6
Submeplz,stormscale,576,priest,shadow,12,6,6
Englestøv,stormreaver,576,priest,shadow,12,6,6
Shadowpdots,sargeras,576,priest,shadow,12,6,6
Truckysp,sanguino,576,priest,shadow,12,6,6
Sselycrem,dun-morogh,576,priest,shadow,12,6,6
Kizzorde,ragnaros,576,priest,shadow,12,6,6
Xuhu,azshara,576,priest,shadow,12,6,6
Cocolasticot,garona,576,priest,shadow,12,6,6
Shadoxx,malganis,576,priest,shadow,12,6,6
Prästjäväln,stormscale,576,priest,shadow,12,6,6
Enimao,tarren-mill,576,priest,shadow,12,6,6
Farotep,tarren-mill,576,priest,shadow,12,6,6
Dboi,tarren-mill,576,priest,shadow,12,6,6
Сакта,howling-fjord,576,priest,shadow,12,6,6
Свдпро,soulflayer,576,priest,shadow,12,6,6
Noreal,twisting-nether,576,priest,shadow,12,6,6
Шучунекошмар,soulflayer,576,priest,shadow,12,6,6
Balan,argent-dawn,576,priest,shadow,12,6,6
Dakystepmom,stormreaver,576,priest,shadow,12,6,6
Бранлор,howling-fjord,576,priest,shadow,12,6,6
Lovelessp,stormscale,576,priest,shadow,12,6,6
Kunayu,ravencrest,576,priest,shadow,12,6,6
Loldawg,stormscale,576,priest,shadow,12,6,6
Pepitzaftw,sylvanas,576,priest,shadow,12,6,6
Karyx,blackmoore,576,priest,shadow,12,6,6
Elenie,frostwolf,576,priest,shadow,12,6,6
Старлайтх,gordunni,576,priest,shadow,12,6,6
Landliebe,outland,576,priest,shadow,12,6,6
Buttbob,ravencrest,576,priest,shadow,12,6,6
Vizzek,eredar,576,priest,shadow,12,6,6
Tøm,silvermoon,576,priest,shadow,12,6,6
Madpandax,blackmoore,576,priest,shadow,12,6,6
Keijuna,kazzak,576,priest,shadow,12,6,6
Cultist,defias-brotherhood,576,priest,shadow,12,6,6
Безмездная,gordunni,576,priest,shadow,12,6,6
Fluffieh,ravencrest,576,priest,shadow,12,6,6
Mephiras,kult-der-verdammten,576,priest,shadow,12,6,6
Toxxjq,sylvanas,576,priest,shadow,12,6,6
Skillmåster,ravencrest,576,priest,shadow,12,6,6
Saliâ,blackmoore,576,priest,shadow,12,6,6
Lilsayx,blackrock,576,priest,shadow,12,6,6
Skyfour,blackmoore,576,priest,shadow,12,6,6
Poonies,silvermoon,576,priest,shadow,12,6,6
Tonyxfor,nemesis,576,priest,shadow,12,6,6
Arratør,ysondre,576,priest,shadow,12,6,6
Sebrøk,nemesis,576,priest,shadow,12,6,6
Ellfle,kazzak,576,priest,shadow,12,6,6
Wakizashi,ravencrest,576,priest,shadow,12,6,6
Lysium,sylvanas,576,priest,shadow,12,6,6
Cluelêss,blackrock,576,priest,shadow,12,6,6
Ràvèn,dun-modr,576,priest,shadow,18,6,12
Styxpr,blackhand,576,priest,shadow,18,6,12
Averye,kazzak,576,priest,shadow,18,6,12
Purplex,aggra-português,576,priest,shadow,18,6,12
Øro,ysondre,576,priest,shadow,24,6,18
Jcewrld,blackhand,576,priest,shadow,30,6,24
Shädøwn,chogall,575,priest,shadow,6,6,0
Нитровина,howling-fjord,575,priest,shadow,12,6,6
Torquemad,sunstrider,575,priest,shadow,12,6,6
Lexivenera,silvermoon,575,priest,shadow,12,6,6
Арабески,galakrond,575,priest,shadow,12,6,6
Xaeroow,archimonde,575,priest,shadow,12,6,6
Princéssà,aegwynn,575,priest,shadow,12,6,6
Attaxx,dragonmaw,575,priest,shadow,12,6,6
Sliey,blackrock,575,priest,shadow,12,6,6
Xxon,blackrock,575,priest,shadow,12,6,6
Prepodobna,ravencrest,575,priest,shadow,18,6,12
Wintercurse,twisting-nether,575,priest,shadow,18,6,12
Sanctimo,stormscale,574,priest,shadow,12,6,6
Luxumbra,pozzo-delleternità,574,priest,shadow,12,6,6
Azshanna,argent-dawn,574,priest,shadow,12,6,6
Tronixcs,boulderfist,574,priest,shadow,18,6,12
Zerim,blackmoore,574,priest,shadow,30,6,24
Zagazag,ragnaros,573,priest,shadow,18,6,12
Сендрагон,blackscar,572,priest,shadow,18,6,12
Karmapollys,silvermoon,570,priest,shadow,12,6,6
Raeratwo,archimonde,569,priest,shadow,17,8,9
Zepesch,dalvengyr,559,priest,shadow,17,6,11
Лостспейс,gordunni,543,priest,shadow,8,7,1
Yvaru,der-mithrilorden,543,priest,shadow,11,6,5
Oggiz,archimonde,542,priest,shadow,17,6,11
Imdeadxd,twisting-nether,522,priest,shadow,12,7,5
Reallittle,kazzak,522,priest,shadow,16,7,9
Pycasso,tarren-mill,517,priest,shadow,18,6,12
Pollution,ragnaros,512,priest,shadow,10,6,4
Gódmic,tarren-mill,496,priest,shadow,19,6,13
Рукатёмная,soulflayer,480,priest,shadow,6,5,1
Алуриэлия,gordunni,480,priest,shadow,6,5,1
Azrpr,ravencrest,480,priest,shadow,6,5,1
Winnable,blackmoore,480,priest,shadow,6,5,1
Gladíator,blackhand,480,priest,shadow,6,5,1
Зукеро,thermaplugg,480,priest,shadow,6,5,1
Dìscìplìned,ravencrest,480,priest,shadow,6,5,1
Genjorss,pozzo-delleternità,480,priest,shadow,6,5,1
Disillusíon,tarren-mill,480,priest,shadow,6,5,1
Bâllí,blackmoore,480,priest,shadow,6,5,1
Zlejkadlec,drakthul,480,priest,shadow,6,5,1
Attilerg,stormscale,480,priest,shadow,6,5,1
Rinkahands,silvermoon,480,priest,shadow,6,5,1
Bombastoz,kazzak,480,priest,shadow,6,5,1
Easyc,gorgonnash,480,priest,shadow,6,5,1
Скизма,gordunni,480,priest,shadow,6,5,1
Nøskillzz,nemesis,480,priest,shadow,6,5,1
Pâww,kazzak,480,priest,shadow,6,5,1
Shadowkenia,ysondre,480,priest,shadow,6,5,1
Darkqt,ravencrest,480,priest,shadow,6,5,1
Graveyards,tarren-mill,480,priest,shadow,6,5,1
Qúetee,silvermoon,480,priest,shadow,10,6,4
Slitenprest,kazzak,480,priest,shadow,12,6,6
Carlogambino,dethecus,480,priest,shadow,12,5,7
Stickyjamxx,frostmane,480,priest,shadow,12,5,7
Prayypray,eredar,480,priest,shadow,12,5,7
Blackout,nemesis,480,priest,shadow,12,5,7
Dejica,kult-der-verdammten,480,priest,shadow,12,5,7
Boluclac,archimonde,480,priest,shadow,12,5,7
Xpy,kazzak,480,priest,shadow,12,5,7
Neverfade,dun-modr,480,priest,shadow,12,5,7
Taikki,stormreaver,480,priest,shadow,12,5,7
Cmonbro,hyjal,480,priest,shadow,12,5,7
Mahist,ravencrest,480,priest,shadow,12,5,7
Shadowful,drakthul,480,priest,shadow,12,5,7
Bonsoin,kirin-tor,480,priest,shadow,12,5,7
Elreâ,blackrock,480,priest,shadow,12,5,7
Megadima,norgannon,480,priest,shadow,12,5,7
Dirtydoc,area-52,480,priest,shadow,12,5,7
Zolupno,kazzak,480,priest,shadow,12,5,7
Appraiser,draenor,480,priest,shadow,12,5,7
Дакимакурах,gordunni,480,priest,shadow,12,5,7
Pleshiv,sanguino,480,priest,shadow,12,5,7
Jarkk,ysondre,480,priest,shadow,12,5,7
Speedfraek,kazzak,480,priest,shadow,12,5,7
Elixier,frostmane,480,priest,shadow,12,5,7
Darkmus,quelthalas,480,priest,shadow,12,5,7
Lyssandre,stormreaver,480,priest,shadow,12,5,7
Dpyo,ravencrest,480,priest,shadow,12,5,7
Voidkäfer,ravencrest,480,priest,shadow,12,5,7
Mondiie,drakthul,480,priest,shadow,12,5,7
Kidkuddo,blackmoore,480,priest,shadow,12,5,7
Extrasa,daggerspine,480,priest,shadow,12,5,7
Rovensin,ravencrest,480,priest,shadow,12,5,7
Хенели,blackscar,480,priest,shadow,12,5,7
Lillclubbina,stormscale,480,priest,shadow,12,5,7
Ompala,shattered-hand,480,priest,shadow,12,5,7
Darrianna,outland,480,priest,shadow,12,5,7
Xotz,thrall,480,priest,shadow,12,5,7
Salzgehalt,antonidas,480,priest,shadow,12,5,7
Lèviåthån,stormscale,480,priest,shadow,12,5,7
Wizarxmentar,stormscale,480,priest,shadow,12,5,7
Rokil,ravencrest,480,priest,shadow,12,5,7
Môrtïciâ,tarren-mill,480,priest,shadow,12,5,7
Tokkz,kelthuzad,480,priest,shadow,12,5,7
Нимрана,deathguard,480,priest,shadow,12,5,7
Haiduka,burning-legion,480,priest,shadow,12,5,7
Löspajen,stormscale,480,priest,shadow,12,5,7
Lubudu,burning-legion,480,priest,shadow,12,5,7
Yukasa,silvermoon,480,priest,shadow,12,5,7
Шуддзуми,gordunni,480,priest,shadow,12,5,7
Moogie,archimonde,480,priest,shadow,18,5,13
Fögel,twisting-nether,480,priest,shadow,18,5,13
Nôtt,tarren-mill,479,priest,shadow,6,5,1
Heinricht,ragnaros,479,priest,shadow,12,5,7
Xieraxe,ravencrest,479,priest,shadow,12,5,7
Eosar,blackhand,479,priest,shadow,12,5,7
Балзик,blackscar,479,priest,shadow,12,5,7
Gimcho,magtheridon,479,priest,shadow,12,5,7
Chandria,veknilash,479,priest,shadow,12,5,7
Howlscastie,stormscale,479,priest,shadow,12,5,7
Biierlip,twisting-nether,479,priest,shadow,12,5,7
Above,hyjal,479,priest,shadow,21,7,14
Лейля,goldrinn,479,priest,shadow,18,5,13
Xrystal,wrathbringer,479,priest,shadow,24,5,19
Yhullgord,nazjatar,478,priest,shadow,18,5,13
Falbäla,suramar,473,priest,shadow,12,5,7
Vídel,cthun,464,priest,shadow,11,6,5
Chïefpapi,twisting-nether,463,priest,shadow,11,5,6
Immurrtal,arathor,447,priest,shadow,8,6,2
Hasnaa,silvermoon,447,priest,shadow,11,5,6
Sàd,thrall,447,priest,shadow,11,5,6
Celina,quelthalas,432,priest,shadow,21,6,15
Bloodimand,terenas,422,priest,shadow,12,6,6
Elderath,eredar,409,priest,shadow,23,6,17
Alucardiiog,shattered-hand,399,priest,shadow,5,5,0
Metabeta,shattered-hand,384,priest,shadow,6,4,2
Syrïal,hyjal,384,priest,shadow,6,4,2
Jpxoxo,blackhand,384,priest,shadow,6,4,2
Êlectron,ravencrest,384,priest,shadow,6,4,2
Usw,outland,384,priest,shadow,6,4,2
Tuitio,blackmoore,384,priest,shadow,6,4,2
Rutah,the-maelstrom,384,priest,shadow,6,4,2
Ifearnoone,outland,384,priest,shadow,6,4,2
Nebunia,twisting-nether,384,priest,shadow,6,4,2
Elunnes,the-maelstrom,384,priest,shadow,6,4,2
Hotdoge,zenedar,384,priest,shadow,6,4,2
Cheryli,alleria,384,priest,shadow,6,4,2
Трихоманиаз,ashenvale,384,priest,shadow,6,4,2
Hellzie,darkspear,384,priest,shadow,6,4,2
Napriest,kazzak,384,priest,shadow,6,4,2
Shadowboness,twisting-nether,384,priest,shadow,6,4,2
Инфесия,deathweaver,384,priest,shadow,6,4,2
Alicanx,twisting-nether,384,priest,shadow,6,4,2
Floodey,defias-brotherhood,384,priest,shadow,6,4,2
Quintanaro,thrall,384,priest,shadow,6,4,2
Spum,ravencrest,384,priest,shadow,6,4,2
Alusiepriest,ravencrest,384,priest,shadow,6,4,2
Tekrs,tarren-mill,384,priest,shadow,6,4,2
Текл,blackscar,384,priest,shadow,6,4,2
Keylythia,blackmoore,384,priest,shadow,6,4,2
Jesuispasbon,hyjal,384,priest,shadow,6,4,2
Kazorn,argent-dawn,384,priest,shadow,6,4,2
Memphistô,thrall,384,priest,shadow,6,4,2
Spae,twisting-nether,384,priest,shadow,6,4,2
Lxz,twisting-nether,384,priest,shadow,6,4,2
Chamelthoe,the-maelstrom,384,priest,shadow,6,4,2
Ylenae,twisting-nether,384,priest,shadow,6,4,2
Stonymontana,ravencrest,384,priest,shadow,6,4,2
Goldenapples,ravencrest,384,priest,shadow,6,4,2
Éllipses,kazzak,384,priest,shadow,6,4,2
Вэстервилли,howling-fjord,384,priest,shadow,6,4,2
Torpedobæver,silvermoon,384,priest,shadow,6,4,2
Mysticforces,silvermoon,384,priest,shadow,6,4,2
Massivbeton,blackmoore,384,priest,shadow,6,4,2
Shacka,tarren-mill,384,priest,shadow,6,4,2
Clungeslag,argent-dawn,384,priest,shadow,6,4,2
Dokurochan,tarren-mill,384,priest,shadow,6,4,2
Sekeios,sanguino,384,priest,shadow,6,4,2
Calsote,sanguino,384,priest,shadow,6,4,2
Sheid,zuljin,384,priest,shadow,6,4,2
Hoca,ravencrest,384,priest,shadow,6,4,2
Dairox,blackrock,384,priest,shadow,6,4,2
Nynaehve,archimonde,384,priest,shadow,6,4,2
Víxie,frostmane,384,priest,shadow,6,4,2
Trac,twisting-nether,384,priest,shadow,6,4,2
Daftî,twisting-nether,384,priest,shadow,6,4,2
Мамкалол,soulflayer,384,priest,shadow,6,4,2
Lorthonor,silvermoon,384,priest,shadow,6,4,2
Shaquíloheal,blackrock,384,priest,shadow,6,4,2
Coqa,blackrock,384,priest,shadow,6,4,2
Kobiden,stormreaver,384,priest,shadow,6,4,2
Virtualworld,ragnaros,384,priest,shadow,6,4,2
Torino,kazzak,384,priest,shadow,6,4,2
Kenzah,ysondre,384,priest,shadow,6,4,2
Beástyqt,thrall,384,priest,shadow,6,4,2
Pinkfloydx,lightbringer,384,priest,shadow,6,4,2
Fráncess,twisting-nether,384,priest,shadow,6,4,2
Edgybro,kazzak,384,priest,shadow,6,4,2
Vantek,antonidas,384,priest,shadow,6,4,2
Lumex,aegwynn,384,priest,shadow,6,4,2
Kapaloinsut,draenor,384,priest,shadow,6,4,2
Rankoneprazt,stormscale,384,priest,shadow,6,4,2
Ulalume,ravencrest,384,priest,shadow,6,4,2
Mamaa,stormscale,384,priest,shadow,6,4,2
Олдмэнсэйд,soulflayer,384,priest,shadow,6,4,2
Korvmoj,ravencrest,384,priest,shadow,6,4,2
Zypriest,silvermoon,384,priest,shadow,6,4,2
Jdotp,silvermoon,384,priest,shadow,6,4,2
Дюшапинанс,soulflayer,384,priest,shadow,6,4,2
Luuña,ravencrest,384,priest,shadow,6,4,2
Thogrey,archimonde,384,priest,shadow,6,4,2
Suqmyx,ragnaros,384,priest,shadow,6,4,2
Darqmatter,drakthul,384,priest,shadow,6,4,2
Mønzie,stormscale,384,priest,shadow,6,4,2
Aureï,khaz-modan,384,priest,shadow,9,5,4
Necronidas,burning-legion,384,priest,shadow,10,5,5
Temtem,ravencrest,384,priest,shadow,9,4,5
Nìak,ysondre,384,priest,shadow,15,5,10
Æro,malganis,384,priest,shadow,12,4,8
Dælirium,antonidas,384,priest,shadow,12,4,8
Самоэль,gordunni,384,priest,shadow,12,4,8
Thyrena,twisting-nether,384,priest,shadow,12,4,8
Baubsy,ghostlands,384,priest,shadow,12,4,8
Арлектакль,blackscar,384,priest,shadow,12,4,8
Datscrazi,ravencrest,384,priest,shadow,12,4,8
Skilled,stormscale,384,priest,shadow,12,4,8
Luminex,marécage-de-zangar,384,priest,shadow,12,4,8
Swoptoplong,blackhand,384,priest,shadow,12,4,8
Dellarien,stormscale,384,priest,shadow,12,4,8
Bilalhassâni,archimonde,384,priest,shadow,12,4,8
Залакджин,howling-fjord,384,priest,shadow,12,4,8
Preodek,kazzak,384,priest,shadow,12,4,8
Kirtách,dun-modr,384,priest,shadow,12,4,8
Zzoska,burning-legion,384,priest,shadow,12,4,8
Gonorreolga,tarren-mill,384,priest,shadow,12,4,8
Shadøwz,grim-batol,384,priest,shadow,12,4,8
Célaz,blackmoore,384,priest,shadow,12,4,8
Morzâr,outland,384,priest,shadow,12,4,8
Obscurity,burning-steppes,384,priest,shadow,12,4,8
Voidknight,darkspear,384,priest,shadow,12,4,8
Elpsycongoro,aegwynn,384,priest,shadow,12,4,8
Dotmaster,darkspear,384,priest,shadow,12,4,8
Ferhur,defias-brotherhood,384,priest,shadow,12,4,8
Xaphen,kirin-tor,384,priest,shadow,12,4,8
Crimatoriá,rajaxx,384,priest,shadow,12,4,8
Bacovia,tarren-mill,384,priest,shadow,12,4,8
Xalgâzor,zuljin,384,priest,shadow,12,4,8
Miradil,argent-dawn,384,priest,shadow,12,4,8
Niikki,blackrock,384,priest,shadow,12,4,8
Zaoza,dentarg,384,priest,shadow,12,4,8
Adamàntium,sanguino,384,priest,shadow,12,4,8
Lfgarcatraz,aegwynn,384,priest,shadow,12,4,8
Dpriesta,aegwynn,384,priest,shadow,12,4,8
Darkoze,kazzak,384,priest,shadow,12,4,8
Khâlÿst,archimonde,384,priest,shadow,12,4,8
Râây,blackrock,384,priest,shadow,12,4,8
Chlorohhkine,chogall,384,priest,shadow,13,4,9
Getitoffme,auchindoun,384,priest,shadow,13,4,9
Tobirama,stormscale,384,priest,shadow,17,4,13
Абрасд,gordunni,384,priest,shadow,18,4,14
Шкуропльот,gordunni,384,priest,shadow,18,4,14
Словаболь,gordunni,383,priest,shadow,6,4,2
Orochimaruh,pozzo-delleternità,383,priest,shadow,6,4,2
Kunc,drakthul,383,priest,shadow,6,4,2
Alreadylost,ragnaros,383,priest,shadow,6,4,2
Muromachi,kirin-tor,383,priest,shadow,6,4,2
Leishmania,darkspear,383,priest,shadow,6,4,2
Abnórmus,tarren-mill,383,priest,shadow,6,4,2
Mattá,stormscale,383,priest,shadow,6,4,2
Хароки,howling-fjord,383,priest,shadow,6,4,2
Shikamarudmx,burning-legion,383,priest,shadow,15,5,10
Ðex,chromaggus,383,priest,shadow,12,4,8
Sýmo,kazzak,383,priest,shadow,12,4,8
Sphard,ysondre,383,priest,shadow,12,4,8
Нечавкай,deathweaver,383,priest,shadow,18,4,14
Anglaran,hellscream,383,priest,shadow,18,4,14
Blyatman,tarren-mill,382,priest,shadow,6,4,2
Perchédue,silvermoon,367,priest,shadow,11,4,7
Phaedisc,defias-brotherhood,351,priest,shadow,11,4,7
Shilôz,hyjal,351,priest,shadow,11,4,7
Asob,tarren-mill,351,priest,shadow,11,4,7
Levitating,argent-dawn,336,priest,shadow,9,5,4
Verbs,kazzak,330,priest,shadow,15,5,10
Zetara,archimonde,320,priest,shadow,10,4,6
Mindgames,the-maelstrom,319,priest,shadow,5,4,1
Shagoku,blackmoore,319,priest,shadow,8,4,4
Mysticks,kirin-tor,304,priest,shadow,7,4,3
Voilencia,kazzak,304,priest,shadow,7,4,3
Resgan,archimonde,288,priest,shadow,6,3,3
Roxfer,ysondre,288,priest,shadow,6,3,3
Shomäre,ysondre,288,priest,shadow,6,3,3
Grocx,kazzak,288,priest,shadow,6,3,3
Blynde,draenor,288,priest,shadow,6,3,3
Worwp,burning-blade,288,priest,shadow,6,3,3
Eiqu,eredar,288,priest,shadow,6,3,3
Synaxia,blackrock,288,priest,shadow,6,3,3
Miikkap,blackhand,288,priest,shadow,6,3,3
Soupriest,ysondre,288,priest,shadow,6,3,3
Prastas,archimonde,288,priest,shadow,6,3,3
Susaj,tarren-mill,288,priest,shadow,6,3,3
Holybestie,eredar,288,priest,shadow,6,3,3
Дисайплес,gordunni,288,priest,shadow,6,3,3
Abyssonmind,dun-modr,288,priest,shadow,6,3,3
Sàyaa,draenor,288,priest,shadow,6,3,3
Stepsisstuck,ragnaros,288,priest,shadow,6,3,3
Eyvvah,twisting-nether,288,priest,shadow,6,3,3
Zanjiya,kazzak,288,priest,shadow,6,3,3
Matrus,arthas,288,priest,shadow,6,3,3
Аркприст,gordunni,288,priest,shadow,6,3,3
Canthms,twisting-nether,288,priest,shadow,6,3,3
Runristad,ravencrest,288,priest,shadow,6,3,3
Linara,frostmane,288,priest,shadow,6,3,3
Nitza,silvermoon,288,priest,shadow,6,3,3
Joë,tarren-mill,288,priest,shadow,6,3,3
Светени,howling-fjord,288,priest,shadow,6,3,3
Jilizjiliz,blackmoore,288,priest,shadow,6,3,3
Papynou,garona,288,priest,shadow,6,3,3
Злыденькая,gordunni,288,priest,shadow,6,3,3
Smerenia,tarren-mill,288,priest,shadow,6,3,3
Смегмачет,soulflayer,288,priest,shadow,6,3,3
Noskillzz,nemesis,288,priest,shadow,6,3,3
Fionsacré,archimonde,288,priest,shadow,6,3,3
Nahtod,blackmoore,288,priest,shadow,6,3,3
Neopriest,stormscale,288,priest,shadow,6,3,3
Lutzki,the-maelstrom,288,priest,shadow,6,3,3
Truta,ravencrest,288,priest,shadow,6,3,3
Trinnity,drakthul,288,priest,shadow,6,3,3
Amonrah,blutkessel,288,priest,shadow,6,3,3
Thimble,blackhand,288,priest,shadow,6,3,3
Xaviá,blackrock,288,priest,shadow,6,3,3
Proteco,antonidas,288,priest,shadow,6,3,3
Tobijara,proudmoore,288,priest,shadow,6,3,3
Флэнсер,soulflayer,288,priest,shadow,6,3,3
Zøid,ysondre,288,priest,shadow,6,3,3
Деняприст,gordunni,288,priest,shadow,6,3,3
Mgx,defias-brotherhood,288,priest,shadow,6,3,3
Швдяра,gordunni,288,priest,shadow,6,3,3
Plagegeist,blutkessel,288,priest,shadow,6,3,3
Slight,aggra-português,288,priest,shadow,6,3,3
Notra,shattrath,288,priest,shadow,6,3,3
Nhajÿ,hyjal,288,priest,shadow,6,3,3
Zdpsexde,draenor,288,priest,shadow,6,3,3
Chuckbarry,kazzak,288,priest,shadow,6,3,3
Дюрэкс,soulflayer,288,priest,shadow,6,3,3
Lirrydoz,ravencrest,288,priest,shadow,6,3,3
Cé,magtheridon,288,priest,shadow,6,3,3
Hélp,stormscale,288,priest,shadow,6,3,3
Kallsen,ravencrest,288,priest,shadow,6,3,3
Ksiadzrydzyk,draenor,288,priest,shadow,6,3,3
Jinxk,anachronos,288,priest,shadow,6,3,3
Shasdöw,hyjal,288,priest,shadow,6,3,3
Némonix,outland,288,priest,shadow,6,3,3
Tacko,tarren-mill,288,priest,shadow,6,3,3
Забвениеждёт,gordunni,288,priest,shadow,6,3,3
Kaius,mannoroth,288,priest,shadow,6,3,3
Aéltess,kirin-tor,288,priest,shadow,6,3,3
Sweedensp,hyjal,288,priest,shadow,6,3,3
Pbwser,silvermoon,288,priest,shadow,6,3,3
Taklamakan,alakir,288,priest,shadow,6,3,3
Dementois,magtheridon,288,priest,shadow,6,3,3
Mørøk,dun-modr,288,priest,shadow,6,3,3
Leythan,hyjal,288,priest,shadow,6,3,3
Momet,defias-brotherhood,288,priest,shadow,6,3,3
Kbdp,outland,288,priest,shadow,6,3,3
Bhlad,silvermoon,288,priest,shadow,6,3,3
Freezydot,silvermoon,288,priest,shadow,6,3,3
Ggsus,outland,288,priest,shadow,6,3,3
Whýççpèrx,ravencrest,288,priest,shadow,6,3,3
Alaarys,hyjal,288,priest,shadow,6,3,3
Remkojatwo,blackrock,288,priest,shadow,6,3,3
Shannannanna,darkspear,288,priest,shadow,6,3,3
Vividots,draenor,288,priest,shadow,6,3,3
Морпехжнец,gordunni,288,priest,shadow,6,3,3
Vampiro,blackhand,288,priest,shadow,6,3,3
Wkid,draenor,288,priest,shadow,6,3,3
Buszeekk,outland,288,priest,shadow,6,3,3
Selfcontrol,blackhand,288,priest,shadow,6,3,3
Yaloxyz,blackmoore,288,priest,shadow,6,3,3
Cðsima,blackmoore,288,priest,shadow,6,3,3
Skymning,tarren-mill,288,priest,shadow,6,3,3
Eldrathir,burning-legion,288,priest,shadow,6,3,3
Пристотян,gordunni,288,priest,shadow,6,3,3
Tåbðøtgøðx,archimonde,288,priest,shadow,6,3,3
Presbyter,mazrigos,288,priest,shadow,6,3,3
Sofuny,neptulon,288,priest,shadow,6,3,3
Sîçkzømßiê,kazzak,288,priest,shadow,6,3,3
Неприст,ashenvale,288,priest,shadow,6,3,3
Imadîa,dalaran,288,priest,shadow,6,3,3
Kopfsache,blackmoore,288,priest,shadow,7,3,4
Tronixxcs,argent-dawn,288,priest,shadow,9,3,6
Stolenlight,dun-morogh,288,priest,shadow,12,3,9
Goldische,dun-morogh,288,priest,shadow,12,3,9
Binar,baelgun,288,priest,shadow,12,3,9
Øzya,kirin-tor,288,priest,shadow,12,3,9
Alanar,ragnaros,288,priest,shadow,12,3,9
Nukksch,antonidas,288,priest,shadow,12,3,9
Hâstur,ravencrest,288,priest,shadow,12,3,9
Nathalio,twisting-nether,288,priest,shadow,12,3,9
Gammelkörper,perenolde,288,priest,shadow,12,3,9
Preast,aegwynn,288,priest,shadow,12,3,9
Декомпиляция,blackscar,288,priest,shadow,12,3,9
Beckett,outland,288,priest,shadow,12,3,9
Adizeww,kazzak,288,priest,shadow,12,3,9
Anariell,ravencrest,288,priest,shadow,12,3,9
Ezea,blackmoore,288,priest,shadow,12,3,9
Elumi,the-maelstrom,288,priest,shadow,12,3,9
Aaluvor,blackmoore,288,priest,shadow,12,3,9
Shreedz,blackmoore,288,priest,shadow,12,3,9
Kaenlin,the-maelstrom,288,priest,shadow,18,3,15
Chevappi,turalyon,287,priest,shadow,6,3,3
Jês,thrall,287,priest,shadow,6,3,3
Rulna,die-aldor,287,priest,shadow,12,3,9
Nikomus,argent-dawn,286,priest,shadow,6,3,3
Жруля,ashenvale,286,priest,shadow,18,3,15
Czikibriki,ravenholdt,256,priest,shadow,4,4,0
Shadepencoin,silvermoon,256,priest,shadow,10,3,7
Szelén,ragnaros,256,priest,shadow,10,3,7
Smoothiejoe,stormscale,255,priest,shadow,4,4,0
Бледноват,ashenvale,255,priest,shadow,8,4,4
Ксержик,gordunni,255,priest,shadow,11,3,8
Guccimaane,twisting-nether,239,priest,shadow,5,3,2
Caski,stormreaver,239,priest,shadow,5,3,2
Deeforce,argent-dawn,234,priest,shadow,6,4,2
Ainoa,grim-batol,234,priest,shadow,9,4,5
Cöpahue,sanguino,208,priest,shadow,7,3,4
Shadowflamè,outland,192,priest,shadow,4,3,1
Szycho,burning-legion,192,priest,shadow,9,3,6
Blesschrist,tarren-mill,192,priest,shadow,6,2,4
Spookyi,blackrock,192,priest,shadow,6,2,4
Putoeinstein,sylvanas,192,priest,shadow,6,2,4
Ostrogami,silvermoon,192,priest,shadow,6,2,4
Jarnary,blackmoore,192,priest,shadow,6,2,4
Holycrapx,chromaggus,192,priest,shadow,6,2,4
Stàrlîght,chants-éternels,192,priest,shadow,6,2,4
Mugenshotto,outland,192,priest,shadow,6,2,4
Maxý,ravencrest,192,priest,shadow,6,2,4
Slepa,silvermoon,192,priest,shadow,6,2,4
Cto,gorgonnash,192,priest,shadow,6,2,4
Sotriggered,sylvanas,192,priest,shadow,6,2,4
Zaop,blackhand,192,priest,shadow,6,2,4
Harleyquiñ,burning-legion,192,priest,shadow,6,2,4
Lúthien,outland,192,priest,shadow,6,2,4
Unhealing,tarren-mill,192,priest,shadow,6,2,4
Discbabe,outland,192,priest,shadow,6,2,4
Prigart,sylvanas,192,priest,shadow,6,2,4
Wsp,tarren-mill,192,priest,shadow,6,2,4
Sephìrøth,malganis,192,priest,shadow,6,2,4
Aruna,ravencrest,192,priest,shadow,6,2,4
Периссвет,thermaplugg,192,priest,shadow,6,2,4
Makemyday,dun-modr,192,priest,shadow,6,2,4
Nomarak,drakthul,192,priest,shadow,6,2,4
Voidreaver,stormscale,192,priest,shadow,6,2,4
Goblingøs,ravencrest,192,priest,shadow,6,2,4
Дашажмитучу,howling-fjord,192,priest,shadow,6,2,4
Шарадин,gordunni,192,priest,shadow,6,2,4
Сорвиголов,howling-fjord,192,priest,shadow,6,2,4
Crzzy,dun-modr,192,priest,shadow,6,2,4
Illordz,nemesis,192,priest,shadow,6,2,4
Сеферота,howling-fjord,192,priest,shadow,6,2,4
Аликслинкс,howling-fjord,192,priest,shadow,6,2,4
Oknelim,blackmoore,192,priest,shadow,6,2,4
Chekkó,blackrock,192,priest,shadow,6,2,4
Omejan,frostmane,192,priest,shadow,6,2,4
Grimor,talnivarr,192,priest,shadow,6,2,4
Netsojsp,blackmoore,192,priest,shadow,6,2,4
Badboypanna,twisting-nether,192,priest,shadow,6,2,4
Fqú,wrathbringer,192,priest,shadow,6,2,4
Reïny,tarren-mill,192,priest,shadow,6,2,4
Sadira,malganis,192,priest,shadow,6,2,4
Notdespo,kazzak,192,priest,shadow,6,2,4
Шестьнадцать,gordunni,192,priest,shadow,6,2,4
Мемфисминни,blackscar,192,priest,shadow,6,2,4
Sethp,hyjal,192,priest,shadow,6,2,4
Shmoly,stormscale,192,priest,shadow,6,2,4
Abî,frostwolf,192,priest,shadow,6,2,4
Joezero,the-maelstrom,192,priest,shadow,6,2,4
Vengigodxx,ravencrest,192,priest,shadow,6,2,4
Misántropo,dun-modr,192,priest,shadow,6,2,4
Esthea,malganis,192,priest,shadow,6,2,4
Sïfën,tarren-mill,192,priest,shadow,6,2,4
Жрецдуши,gordunni,192,priest,shadow,6,2,4
Kaleshiry,kazzak,192,priest,shadow,6,2,4
Funstopshere,ravencrest,192,priest,shadow,6,2,4
Dispelbotx,sylvanas,192,priest,shadow,6,2,4
Storemanager,tarren-mill,192,priest,shadow,6,2,4
Badhêalz,aegwynn,192,priest,shadow,6,2,4
Ørbänvîktôrx,ragnaros,192,priest,shadow,6,2,4
Zikár,kazzak,192,priest,shadow,6,2,4
Livster,chamber-of-aspects,192,priest,shadow,6,2,4
Lollithu,argent-dawn,192,priest,shadow,6,2,4
Elthrone,kazzak,192,priest,shadow,6,2,4
Clemexyo,stormscale,192,priest,shadow,6,2,4
Imahipstaqt,eredar,192,priest,shadow,6,2,4
Lythra,burning-legion,192,priest,shadow,6,2,4
Ilovesumecx,aegwynn,192,priest,shadow,6,2,4
Wiglere,argent-dawn,192,priest,shadow,6,2,4
Âlígés,outland,192,priest,shadow,6,2,4
Gidy,blackmoore,192,priest,shadow,6,2,4
Piizzdiica,twisting-nether,192,priest,shadow,6,2,4
Jeanshield,varimathras,192,priest,shadow,6,2,4
Bòóny,ravencrest,192,priest,shadow,6,2,4
Andérsón,magtheridon,192,priest,shadow,6,2,4
Tuljan,twisting-nether,192,priest,shadow,6,2,4
Nometalol,drakthul,192,priest,shadow,6,2,4
Fèä,argent-dawn,192,priest,shadow,6,2,4
Шиписс,soulflayer,192,priest,shadow,6,2,4
Madclownz,blackrock,192,priest,shadow,6,2,4
Siemenspvp,drakthul,192,priest,shadow,6,2,4
Встанислав,gordunni,192,priest,shadow,6,2,4
Lugburzz,draenor,192,priest,shadow,6,2,4
Hadsup,stormscale,192,priest,shadow,6,2,4
Shalacho,blackrock,192,priest,shadow,6,2,4
Сайннз,howling-fjord,192,priest,shadow,6,2,4
Pliagonosic,drakthul,192,priest,shadow,6,2,4
Rallzken,stormscale,192,priest,shadow,6,2,4
Våfflán,silvermoon,192,priest,shadow,6,2,4
Siezlababo,blackrock,192,priest,shadow,6,2,4
Phobò,antonidas,192,priest,shadow,6,2,4
Chabbe,ragnaros,192,priest,shadow,6,2,4
Deternity,stormscale,192,priest,shadow,6,2,4
Purplereign,stormscale,192,priest,shadow,6,2,4
Wasgehtjungs,blackrock,192,priest,shadow,6,2,4
Smø,kazzak,192,priest,shadow,6,2,4
Rustyroll,stormscale,192,priest,shadow,6,2,4
Huyasy,argent-dawn,192,priest,shadow,6,2,4
Daven,ysondre,192,priest,shadow,6,2,4
Ehresha,kazzak,192,priest,shadow,6,2,4
Azèm,archimonde,192,priest,shadow,6,2,4
Ixxl,der-rat-von-dalaran,192,priest,shadow,6,2,4
Blàze,tarren-mill,192,priest,shadow,6,2,4
Bandgap,antonidas,192,priest,shadow,6,2,4
Calïxløve,der-rat-von-dalaran,192,priest,shadow,6,2,4
Noobpriest,blackrock,192,priest,shadow,6,2,4
Goky,kazzak,192,priest,shadow,6,2,4
Elëctra,vashj,192,priest,shadow,6,2,4
Yugata,archimonde,192,priest,shadow,6,2,4
Alpharîus,argent-dawn,192,priest,shadow,6,2,4
Aladra,archimonde,192,priest,shadow,6,2,4
Ximenia,eredar,192,priest,shadow,6,2,4
Zootx,magtheridon,192,priest,shadow,6,2,4
Debiloid,ravencrest,192,priest,shadow,6,2,4
Eavy,argent-dawn,192,priest,shadow,6,2,4
Velansera,argent-dawn,192,priest,shadow,6,2,4
Evillshadow,archimonde,192,priest,shadow,6,2,4
Nõlîfer,archimonde,192,priest,shadow,6,2,4
Mømmymilkers,archimonde,192,priest,shadow,6,2,4
Priath,magtheridon,192,priest,shadow,6,2,4
Гундяй,soulflayer,192,priest,shadow,7,2,5
Sadkitten,sylvanas,192,priest,shadow,7,2,5
Indrades,blackmoore,192,priest,shadow,9,2,7
Бихар,gordunni,192,priest,shadow,10,2,8
Simpsmasher,kazzak,192,priest,shadow,11,2,9
Chibrausorus,archimonde,192,priest,shadow,12,2,10
Awcute,kazzak,192,priest,shadow,12,2,10
Tryagain,ravencrest,192,priest,shadow,12,2,10
Hûndling,blackrock,192,priest,shadow,12,2,10
Helerys,archimonde,192,priest,shadow,12,2,10
Miniøndëëps,hyjal,192,priest,shadow,12,2,10
Nelpriest,hyjal,192,priest,shadow,12,2,10
Marcianoroc,dalaran,192,priest,shadow,12,2,10
Господствуй,gordunni,192,priest,shadow,12,2,10
Noir,nemesis,192,priest,shadow,12,2,10
Poc,burning-legion,192,priest,shadow,12,2,10
Nefertum,alakir,192,priest,shadow,12,2,10
Harmónia,outland,192,priest,shadow,12,2,10
Cypherz,kazzak,191,priest,shadow,12,2,10
Luziz,blackmoore,159,priest,shadow,5,2,3
Tabítha,blackrock,159,priest,shadow,5,2,3
Girlidlion,twisting-nether,159,priest,shadow,5,2,3
Mephîsto,anubarak,159,priest,shadow,5,2,3
Randdy,silvermoon,159,priest,shadow,11,2,9
Qku,ravencrest,144,priest,shadow,9,3,6
Føxy,emerald-dream,138,priest,shadow,7,3,4
Yukíø,antonidas,138,priest,shadow,10,3,7
Alswynn,draenor,138,priest,shadow,13,3,10
Jinkuzo,outland,128,priest,shadow,4,2,2
Heeyø,drakthul,128,priest,shadow,4,2,2
Yologrumples,tarren-mill,128,priest,shadow,4,2,2
Tremblè,outland,121,priest,shadow,20,3,17
Vampirski,kazzak,96,priest,shadow,3,2,1
Baltrom,ravencrest,96,priest,shadow,6,1,5
Aretiel,the-maelstrom,96,priest,shadow,6,1,5
Rdot,dun-modr,96,priest,shadow,6,1,5
Hampådenbååd,kazzak,96,priest,shadow,6,1,5
Aerîs,veknilash,96,priest,shadow,6,1,5
Winstõn,sanguino,96,priest,shadow,6,1,5
Milfelina,ravencrest,96,priest,shadow,6,1,5
Shonsized,argent-dawn,96,priest,shadow,6,1,5
Skitcy,ghostlands,96,priest,shadow,6,1,5
Ölümsüz,blackmoore,96,priest,shadow,6,1,5
Deicidex,blackrock,96,priest,shadow,6,1,5
Whitezetsu,outland,96,priest,shadow,6,1,5
Caliadan,kazzak,96,priest,shadow,6,1,5
Попячебрило,gordunni,96,priest,shadow,6,1,5
Асуартхас,gordunni,96,priest,shadow,6,1,5
Jamioz,draenor,96,priest,shadow,6,1,5
Чупатаявошь,soulflayer,96,priest,shadow,6,1,5
Macroman,stormscale,96,priest,shadow,6,1,5
Vtqt,outland,96,priest,shadow,6,1,5
Barbïelolz,sargeras,96,priest,shadow,6,1,5
Arliston,draenor,96,priest,shadow,6,1,5
Zodos,ravencrest,96,priest,shadow,6,1,5
Higgle,argent-dawn,96,priest,shadow,6,1,5
Nitalima,outland,96,priest,shadow,6,1,5
Corefusion,blackrock,96,priest,shadow,6,1,5
Izarath,outland,96,priest,shadow,6,1,5
Vexxdd,outland,96,priest,shadow,6,1,5
Arvia,outland,96,priest,shadow,6,1,5
Fictus,tarren-mill,96,priest,shadow,6,1,5
Moondúst,blackmoore,96,priest,shadow,6,1,5
Soulmedic,draenor,96,priest,shadow,6,1,5
Bij,outland,96,priest,shadow,6,1,5
Koíré,defias-brotherhood,96,priest,shadow,6,1,5
Maddøc,die-aldor,96,priest,shadow,6,1,5
Zukatana,tarren-mill,96,priest,shadow,6,1,5
Serach,ravencrest,96,priest,shadow,6,1,5
Exila,rashgarroth,96,priest,shadow,6,1,5
Gromalia,hyjal,96,priest,shadow,6,1,5
Gobie,sunstrider,96,priest,shadow,6,1,5
Cthuulu,tarren-mill,96,priest,shadow,6,1,5
Oktavian,ysera,96,priest,shadow,6,1,5
Абсорбиболь,howling-fjord,96,priest,shadow,6,1,5
Elfouf,rashgarroth,96,priest,shadow,6,1,5
Gríffin,anachronos,96,priest,shadow,6,1,5
Мегаствол,howling-fjord,96,priest,shadow,6,1,5
Adlareg,silvermoon,96,priest,shadow,6,1,5
Scrotoepalle,nemesis,96,priest,shadow,6,1,5
Infâme,culte-de-la-rive-noire,96,priest,shadow,6,1,5
Kales,grim-batol,96,priest,shadow,6,1,5
Uwucatgir,silvermoon,96,priest,shadow,6,1,5
Prostamolle,conseil-des-ombres,96,priest,shadow,6,1,5
Faol,the-venture-co,96,priest,shadow,6,1,5
Fillî,antonidas,96,priest,shadow,6,1,5
Abudhabi,blackhand,96,priest,shadow,6,1,5
Ноубадди,howling-fjord,96,priest,shadow,6,1,5
Ghostroller,pozzo-delleternità,96,priest,shadow,6,1,5
Daphne,thunderhorn,96,priest,shadow,6,1,5
Harrydøtter,ysondre,96,priest,shadow,6,1,5
Катранасс,eversong,96,priest,shadow,6,1,5
Rastuvius,twisting-nether,96,priest,shadow,6,1,5
Learntohealz,outland,96,priest,shadow,6,1,5
Bädx,silvermoon,96,priest,shadow,6,1,5
Jakepriest,twisting-nether,96,priest,shadow,6,1,5
Adev,drakthul,96,priest,shadow,6,1,5
Lurxya,ysondre,96,priest,shadow,6,1,5
Míllerzz,ragnaros,96,priest,shadow,6,1,5
Spárrowhawk,silvermoon,96,priest,shadow,6,1,5
Tinypump,silvermoon,96,priest,shadow,6,1,5
Gòldfinger,norgannon,96,priest,shadow,6,1,5
Vès,stormscale,96,priest,shadow,6,1,5
Nestélle,drakthul,96,priest,shadow,6,1,5
Drioz,ysondre,96,priest,shadow,6,1,5
Löô,archimonde,96,priest,shadow,6,1,5
Nérôck,frostwolf,96,priest,shadow,6,1,5
Stola,archimonde,96,priest,shadow,6,1,5
Kianprie,silvermoon,96,priest,shadow,6,1,5
Valfore,eldrethalas,96,priest,shadow,6,1,5
Chimara,eredar,96,priest,shadow,6,1,5
Splís,ravencrest,96,priest,shadow,6,1,5
Endlin,silvermoon,96,priest,shadow,6,1,5
Kasáya,thrall,96,priest,shadow,6,1,5
Rines,thrall,96,priest,shadow,6,1,5
Câtryona,sylvanas,96,priest,shadow,12,1,11
Darknun,aggra-português,96,priest,shadow,12,1,11
Jannire,dun-modr,96,priest,shadow,12,1,11
Darkspeech,arygos,96,priest,shadow,12,1,11
Tiras,argent-dawn,96,priest,shadow,12,1,11
Kde,burning-legion,96,priest,shadow,12,1,11
Néfarius,forscherliga,95,priest,shadow,3,2,1
Prästisjag,kazzak,84,priest,shadow,10,5,5
Peesussy,kazzak,79,priest,shadow,5,1,4
Bellumsana,frostmane,64,priest,shadow,4,1,3
Xharyo,ravencrest,64,priest,shadow,4,1,3
Gandals,shadowsong,64,priest,shadow,4,1,3
Achesita,sylvanas,48,priest,shadow,3,1,2
Møldark,silvermoon,48,priest,shadow,3,1,2
Amáni,die-aldor,42,priest,shadow,6,2,4
Psyp,kazzak,42,priest,shadow,8,2,6
Yshaarjy,silvermoon,42,priest,shadow,8,2,6
Dvy,azjolnerub,42,priest,shadow,9,2,7
Hayvo,blackmoore,42,priest,shadow,11,2,9
Holyhigh,baelgun,31,priest,shadow,2,1,1
Bloodanglee,outland,16,priest,shadow,1,1,0
Mjuk,tarren-mill,16,priest,shadow,1,1,0
Rãz,stormscale,2258,rogue,outlaw,108,57,51
Kreay,ysondre,1921,rogue,outlaw,66,35,31
Kreayx,ysondre,1883,rogue,outlaw,72,32,40
Krixor,ravencrest,1879,rogue,outlaw,181,90,91
Rivso,auchindoun,1821,rogue,outlaw,64,26,38
Dêlaral,der-rat-von-dalaran,1814,rogue,outlaw,52,31,21
Drdaggerstwo,outland,1802,rogue,outlaw,44,26,18
Kekuriix,vashj,1796,rogue,outlaw,136,69,67
Макевин,gordunni,1786,rogue,outlaw,138,66,72
Дизелюжн,howling-fjord,1768,rogue,outlaw,488,243,245
Zbojník,ravencrest,1768,rogue,outlaw,48,22,26
Феинт,galakrond,1739,rogue,outlaw,48,19,29
Déjávu,ravencrest,1732,rogue,outlaw,60,32,28
Yessa,argent-dawn,1721,rogue,outlaw,36,18,18
Banaulikode,twisting-nether,1687,rogue,outlaw,42,22,20
Kreay,tarren-mill,1678,rogue,outlaw,59,43,16
Koopa,argent-dawn,1668,rogue,outlaw,128,63,65
Radiogodx,stormscale,1660,rogue,outlaw,169,82,87
Ранконх,lich-king,1630,rogue,outlaw,72,31,41
Lidiaubaro,ravencrest,1614,rogue,outlaw,404,202,202
Bonelesschic,silvermoon,1609,rogue,outlaw,245,134,111
Jalsket,tarren-mill,1606,rogue,outlaw,54,27,27
Ålûñàhlulz,kilrogg,1604,rogue,outlaw,48,30,18
Izzmonab,blackmoore,1604,rogue,outlaw,36,21,15
Estriil,dalaran,1603,rogue,outlaw,42,24,18
Alizwood,aegwynn,1597,rogue,outlaw,60,34,26
Syrn,ravencrest,1579,rogue,outlaw,78,38,40
Terya,ragnaros,1575,rogue,outlaw,122,59,63
Scotlander,argent-dawn,1569,rogue,outlaw,72,38,34
Chillo,ravencrest,1526,rogue,outlaw,58,28,30
Nèwt,aggramar,1524,rogue,outlaw,144,74,70
Зувер,blackscar,1493,rogue,outlaw,148,78,70
Deevoll,tarren-mill,1481,rogue,outlaw,102,45,57
Shinõbikék,outland,1478,rogue,outlaw,51,24,27
Sigleif,argent-dawn,1471,rogue,outlaw,111,57,54
Loubina,silvermoon,1446,rogue,outlaw,36,16,20
Cipusan,kazzak,1443,rogue,outlaw,36,22,14
Åråmsëß,grim-batol,1439,rogue,outlaw,43,28,15
Delrøq,draenor,1435,rogue,outlaw,76,40,36
Veil,ravencrest,1433,rogue,outlaw,109,58,51
Röguetönerö,dun-modr,1429,rogue,outlaw,77,28,49
Arathir,ravencrest,1422,rogue,outlaw,62,29,33
Bannedfrigid,outland,1412,rogue,outlaw,93,36,57
Джулт,soulflayer,1407,rogue,outlaw,96,43,53
Kirby,kaelthas,1385,rogue,outlaw,42,19,23
Zerocell,kazzak,1354,rogue,outlaw,33,16,17
Ðaegr,ravencrest,1348,rogue,outlaw,104,55,49
Pistolpete,grim-batol,1343,rogue,outlaw,30,14,16
Callmerose,ravencrest,1334,rogue,outlaw,24,14,10
Dritzdourden,dun-modr,1333,rogue,outlaw,30,15,15
Zep,auchindoun,1332,rogue,outlaw,24,14,10
Murkyy,gilneas,1329,rogue,outlaw,32,16,16
Carvyn,defias-brotherhood,1328,rogue,outlaw,129,64,65
Shredfngrz,garona,1326,rogue,outlaw,97,44,53
Djeud,archimonde,1325,rogue,outlaw,64,34,30
Tidløs,dun-morogh,1325,rogue,outlaw,77,33,44
Faoil,defias-brotherhood,1316,rogue,outlaw,52,25,27
Villainx,blackrock,1313,rogue,outlaw,30,14,16
Mol,defias-brotherhood,1311,rogue,outlaw,24,15,9
Rasponi,ragnaros,1307,rogue,outlaw,94,51,43
Omgjkgtfo,ravencrest,1293,rogue,outlaw,36,16,20
Örog,hyjal,1288,rogue,outlaw,47,26,21
Jasolo,silvermoon,1269,rogue,outlaw,408,212,196
Xsanji,kazzak,1269,rogue,outlaw,36,14,22
Mawrat,mazrigos,1248,rogue,outlaw,30,13,17
Маллестар,ashenvale,1245,rogue,outlaw,58,29,29
Dimmu,haomarush,1238,rogue,outlaw,95,45,50
Sqz,archimonde,1222,rogue,outlaw,30,18,12
Zapunk,argent-dawn,1221,rogue,outlaw,59,22,37
Drunks,aegwynn,1218,rogue,outlaw,35,16,19
Шторкаа,gordunni,1216,rogue,outlaw,45,25,20
Jinzou,blackmoore,1214,rogue,outlaw,75,39,36
Alena,arathi,1169,rogue,outlaw,48,27,21
Pasarelo,dun-modr,1137,rogue,outlaw,59,26,33
Thyrosi,shattered-halls,1133,rogue,outlaw,24,12,12
Pidroseus,argent-dawn,1133,rogue,outlaw,30,13,17
Alatheril,argent-dawn,1132,rogue,outlaw,77,37,40
Vinziboo,hyjal,1114,rogue,outlaw,32,14,18
Mirajen,archimonde,1080,rogue,outlaw,35,13,22
Louisv,ravencrest,1079,rogue,outlaw,42,21,21
Génn,silvermoon,1071,rogue,outlaw,56,28,28
Badabôôm,wrathbringer,1059,rogue,outlaw,68,30,38
Фораст,gordunni,1054,rogue,outlaw,18,11,7
Lättja,hyjal,1041,rogue,outlaw,36,16,20
Rã,archimonde,1039,rogue,outlaw,30,13,17
Haewhi,kazzak,1036,rogue,outlaw,30,12,18
Svddendeath,ragnaros,1034,rogue,outlaw,24,11,13
Тимареканец,eversong,1027,rogue,outlaw,66,28,38
Spiochrr,burning-legion,1020,rogue,outlaw,84,35,49
Bxtchslayer,blackmoore,1013,rogue,outlaw,47,26,21
Neolamer,pozzo-delleternità,989,rogue,outlaw,110,52,58
Akirã,blackmoore,986,rogue,outlaw,28,11,17
Melahl,kazzak,967,rogue,outlaw,89,47,42
Soothinqq,emerald-dream,963,rogue,outlaw,23,15,8
Lïke,frostwolf,960,rogue,outlaw,18,10,8
Foulsteel,stormscale,951,rogue,outlaw,18,10,8
Cigarette,emeriss,950,rogue,outlaw,18,10,8
Riviele,argent-dawn,913,rogue,outlaw,20,11,9
Omuspan,magtheridon,881,rogue,outlaw,66,28,38
Cornvus,burning-legion,867,rogue,outlaw,42,20,22
Sneakysteve,bloodfeather,864,rogue,outlaw,18,9,9
Rogiko,twisting-nether,864,rogue,outlaw,24,9,15
Yoghurtx,ravencrest,863,rogue,outlaw,12,9,3
Practicex,blackhand,863,rogue,outlaw,18,9,9
Knifeyknifey,ravencrest,862,rogue,outlaw,18,9,9
Aurellix,argent-dawn,860,rogue,outlaw,18,9,9
Жижель,howling-fjord,859,rogue,outlaw,18,9,9
Kussiee,chromaggus,854,rogue,outlaw,23,9,14
Yoruichì,kazzak,853,rogue,outlaw,18,9,9
Mcgora,doomhammer,822,rogue,outlaw,36,15,21
Kedrus,turalyon,812,rogue,outlaw,24,10,14
Hânnäh,hyjal,805,rogue,outlaw,42,18,24
Фофламидзе,gordunni,802,rogue,outlaw,21,10,11
Blàckbèàrd,silvermoon,788,rogue,outlaw,42,17,25
Bikrut,hyjal,768,rogue,outlaw,12,8,4
Vokhun,outland,768,rogue,outlaw,18,8,10
Gerzy,drakthul,768,rogue,outlaw,18,8,10
Swaeard,ravencrest,767,rogue,outlaw,18,8,10
Gotfrey,darkspear,762,rogue,outlaw,18,8,10
Okani,hyjal,761,rogue,outlaw,18,8,10
Dredge,kaelthas,761,rogue,outlaw,24,8,16
Shichi,archimonde,751,rogue,outlaw,23,8,15
Tipok,tarren-mill,728,rogue,outlaw,33,10,23
Masteez,ahnqiraj,703,rogue,outlaw,93,45,48
Viligar,kazzak,687,rogue,outlaw,21,8,13
Backstabjr,blackmoore,672,rogue,outlaw,12,7,5
Dían,ravencrest,672,rogue,outlaw,12,7,5
Shåggy,vashj,672,rogue,outlaw,12,7,5
Kidneyou,ragnaros,672,rogue,outlaw,18,7,11
Trixnaz,silvermoon,671,rogue,outlaw,18,7,11
Afareo,ragnaros,671,rogue,outlaw,18,7,11
Skygann,burning-legion,670,rogue,outlaw,12,7,5
Oriaxx,ragnaros,667,rogue,outlaw,12,7,5
Mycki,voljin,667,rogue,outlaw,18,7,11
Redfinshadow,stormrage,661,rogue,outlaw,17,8,9
Shåð,zuljin,576,rogue,outlaw,12,6,6
Anom,kargath,575,rogue,outlaw,12,6,6
Noodlegoose,tarren-mill,575,rogue,outlaw,12,6,6
Ружнуар,gordunni,575,rogue,outlaw,18,6,12
Кингксу,gordunni,575,rogue,outlaw,24,6,18
Velvíe,turalyon,574,rogue,outlaw,12,6,6
Helax,turalyon,569,rogue,outlaw,24,6,18
Aaronblade,aggra-português,557,rogue,outlaw,18,6,12
Gloomykenny,tarren-mill,543,rogue,outlaw,17,6,11
Геопанк,howling-fjord,528,rogue,outlaw,15,7,8
Barisso,burning-legion,511,rogue,outlaw,14,6,8
Zômbiê,blackrock,491,rogue,outlaw,13,6,7
Акаарикс,gordunni,480,rogue,outlaw,6,5,1
Tåxic,sylvanas,480,rogue,outlaw,6,5,1
Spiike,culte-de-la-rive-noire,480,rogue,outlaw,10,6,4
Cox,nagrand,480,rogue,outlaw,12,5,7
Metabender,blackmoore,480,rogue,outlaw,12,5,7
Featfawkes,ragnaros,480,rogue,outlaw,12,5,7
Fivepoint,blackmoore,480,rogue,outlaw,12,5,7
Ладжо,gordunni,480,rogue,outlaw,18,5,13
Vyze,blackmoore,480,rogue,outlaw,18,5,13
Odingg,dun-modr,479,rogue,outlaw,12,5,7
Nocrath,blades-edge,479,rogue,outlaw,12,5,7
Rujo,magtheridon,479,rogue,outlaw,12,5,7
Toxîne,archimonde,479,rogue,outlaw,12,5,7
Djsapblindx,archimonde,479,rogue,outlaw,18,5,13
Hosenpinkler,lordaeron,478,rogue,outlaw,12,5,7
Feucht,argent-dawn,472,rogue,outlaw,36,5,31
Biefstuk,burning-blade,471,rogue,outlaw,24,5,19
Darkchomeur,archimonde,384,rogue,outlaw,6,4,2
Аквик,howling-fjord,384,rogue,outlaw,6,4,2
Machmacan,thrall,384,rogue,outlaw,12,4,8
Кортикос,gordunni,384,rogue,outlaw,12,4,8
Synexo,sylvanas,384,rogue,outlaw,12,4,8
Anokir,sylvanas,384,rogue,outlaw,18,4,14
Minimælk,saurfang,383,rogue,outlaw,6,4,2
Mïta,blackmoore,383,rogue,outlaw,6,4,2
Groendienst,quelthalas,381,rogue,outlaw,12,4,8
Trímønâ,gorgonnash,351,rogue,outlaw,11,4,7
Zyreanxy,blackrock,330,rogue,outlaw,16,5,11
Играючестно,howling-fjord,288,rogue,outlaw,6,3,3
Onlyluvhurt,dun-modr,288,rogue,outlaw,6,3,3
Kuribo,gorgonnash,288,rogue,outlaw,6,3,3
Flogue,area-52,288,rogue,outlaw,6,3,3
Shadxwstep,ravencrest,288,rogue,outlaw,6,3,3
Finisher,sanguino,288,rogue,outlaw,12,3,9
Cobaka,blackrock,288,rogue,outlaw,12,3,9
Heulleise,die-ewige-wacht,288,rogue,outlaw,12,3,9
Szpachela,burning-legion,288,rogue,outlaw,12,3,9
Ванэйти,gordunni,287,rogue,outlaw,6,3,3
Blackmetall,aegwynn,286,rogue,outlaw,12,3,9
Ceule,sanguino,255,rogue,outlaw,11,3,8
Сереф,gordunni,239,rogue,outlaw,11,3,8
Cardsharkjoe,argent-dawn,223,rogue,outlaw,14,3,11
Zyhmø,archimonde,192,rogue,outlaw,6,2,4
Razaah,ravencrest,192,rogue,outlaw,6,2,4
Berneo,burning-legion,192,rogue,outlaw,6,2,4
Dawnsaber,argent-dawn,192,rogue,outlaw,6,2,4
Salakelmi,sylvanas,192,rogue,outlaw,6,2,4
Nyxal,argent-dawn,192,rogue,outlaw,6,2,4
Оргельна,gordunni,192,rogue,outlaw,6,2,4
Cheapshotwin,nethersturm,192,rogue,outlaw,6,2,4
Lefthook,argent-dawn,192,rogue,outlaw,6,2,4
Zind,dalaran,192,rogue,outlaw,6,2,4
Израф,lich-king,192,rogue,outlaw,6,2,4
Nomota,sanguino,192,rogue,outlaw,6,2,4
Слишкомданя,galakrond,192,rogue,outlaw,6,2,4
Invisage,grim-batol,192,rogue,outlaw,6,2,4
Rashaz,blackhand,192,rogue,outlaw,6,2,4
Paralisis,zuljin,192,rogue,outlaw,6,2,4
Angelbeats,outland,192,rogue,outlaw,6,2,4
Stunlock,silvermoon,192,rogue,outlaw,6,2,4
Snøv,outland,192,rogue,outlaw,6,2,4
Alvoriace,hyjal,192,rogue,outlaw,12,2,10
Stabkanta,antonidas,192,rogue,outlaw,12,2,10
Daelilthron,blackmoore,192,rogue,outlaw,12,2,10
Nasíapamatar,colinas-pardas,192,rogue,outlaw,13,2,11
Valtesse,medivh,159,rogue,outlaw,5,2,3
Piperx,ravencrest,159,rogue,outlaw,11,2,9
Ñøway,archimonde,96,rogue,outlaw,3,2,1
Akira,outland,96,rogue,outlaw,6,1,5
Леронда,deepholm,96,rogue,outlaw,6,1,5
Mallaurya,dalaran,96,rogue,outlaw,6,1,5
Аутянин,soulflayer,96,rogue,outlaw,6,1,5
Natillaa,dun-modr,96,rogue,outlaw,6,1,5
Yüm,burning-blade,96,rogue,outlaw,6,1,5
Øníxßtw,eitrigg,96,rogue,outlaw,6,1,5
Sty,aerie-peak,96,rogue,outlaw,6,1,5
Ótsutsukí,kazzak,96,rogue,outlaw,6,1,5
Sneekster,ravencrest,96,rogue,outlaw,6,1,5
Vaze,ravencrest,96,rogue,outlaw,6,1,5
Ciaordel,sylvanas,96,rogue,outlaw,6,1,5
Хайденстрайк,gordunni,96,rogue,outlaw,6,1,5
Goodwin,sanguino,96,rogue,outlaw,7,1,6
Jester,bladefist,96,rogue,outlaw,12,1,11
Tiltman,dun-morogh,79,rogue,outlaw,5,1,4
Nabatean,magtheridon,48,rogue,outlaw,3,1,2
Getbleeded,stormscale,31,rogue,outlaw,2,1,1
Howton,archimonde,2424,rogue,subtlety,86,57,29
Ncroxd,ravencrest,2410,rogue,subtlety,120,84,36
Pridå,thrall,2380,rogue,subtlety,126,73,53
Shoxy,ravencrest,2361,rogue,subtlety,106,63,43
Pridå,ravencrest,2284,rogue,subtlety,124,67,57
Ncrø,aszune,2267,rogue,subtlety,145,84,61
Whaazlysnipz,tarren-mill,2261,rogue,subtlety,60,40,20
Naláa,ravencrest,2232,rogue,subtlety,230,123,107
Loznah,outland,2221,rogue,subtlety,90,50,40
Sunø,archimonde,2221,rogue,subtlety,270,139,131
Sapécomejaja,archimonde,2218,rogue,subtlety,62,41,21
Cazzette,ravencrest,2204,rogue,subtlety,81,48,33
Pulvèr,dalaran,2195,rogue,subtlety,96,56,40
Smøkyyx,eredar,2187,rogue,subtlety,135,73,62
Asumah,ravencrest,2173,rogue,subtlety,132,76,56
Çvß,kazzak,2159,rogue,subtlety,101,55,46
Lollelt,ravencrest,2143,rogue,subtlety,96,64,32
Nothingleft,draenor,2137,rogue,subtlety,197,111,86
Critmakër,outland,2135,rogue,subtlety,160,93,67
Лолелт,borean-tundra,2131,rogue,subtlety,104,53,51
Ewynarog,silvermoon,2129,rogue,subtlety,65,37,28
Пожилойпупь,gordunni,2122,rogue,subtlety,65,42,23
Lkzx,archimonde,2121,rogue,subtlety,323,163,160
Magepèt,tarren-mill,2118,rogue,subtlety,184,106,78
Lfgenjoyer,tarren-mill,2114,rogue,subtlety,126,77,49
Änanké,outland,2108,rogue,subtlety,90,47,43
Denjinx,culte-de-la-rive-noire,2107,rogue,subtlety,78,43,35
Iqws,ravencrest,2104,rogue,subtlety,108,61,47
Tracersxrude,ravencrest,2103,rogue,subtlety,233,119,114
Vulkos,lightbringer,2101,rogue,subtlety,117,61,56
Rímen,archimonde,2101,rogue,subtlety,95,48,47
Эмилилавс,galakrond,2100,rogue,subtlety,224,131,93
Babøønx,burning-legion,2100,rogue,subtlety,96,54,42
Elnyasha,ravencrest,2098,rogue,subtlety,75,39,36
Chatdisabled,drakthul,2079,rogue,subtlety,273,143,130
Nàsklolz,hyjal,2079,rogue,subtlety,165,85,80
Лолелт,howling-fjord,2074,rogue,subtlety,89,51,38
Rãz,stormscale,2060,rogue,subtlety,69,41,28
Aythusha,twisting-nether,2056,rogue,subtlety,84,46,38
Baboonx,burning-legion,2035,rogue,subtlety,126,73,53
Stealthi,stormscale,2035,rogue,subtlety,78,39,39
Brensø,nemesis,2034,rogue,subtlety,165,100,65
Asm,the-maelstrom,2025,rogue,subtlety,142,70,72
Xyúmopjoßblú,ravencrest,2021,rogue,subtlety,78,40,38
Løre,blackrock,2020,rogue,subtlety,120,60,60
Vensq,drakthul,2015,rogue,subtlety,95,52,43
Nahj,ravencrest,2012,rogue,subtlety,60,38,22
Troxerboxer,tarren-mill,2000,rogue,subtlety,60,32,28
Terrorman,ravencrest,1988,rogue,subtlety,72,42,30
Rindar,dun-modr,1981,rogue,subtlety,375,205,170
Смертьвсмоке,gordunni,1981,rogue,subtlety,284,141,143
Brunhityx,ravencrest,1973,rogue,subtlety,44,29,15
Radiogodx,stormscale,1969,rogue,subtlety,112,62,50
Флексити,soulflayer,1968,rogue,subtlety,144,75,69
Lówskill,outland,1967,rogue,subtlety,259,137,122
Престиж,greymane,1966,rogue,subtlety,54,29,25
Guççí,blackrock,1960,rogue,subtlety,161,87,74
Máuul,ravencrest,1956,rogue,subtlety,78,36,42
Makethemrog,archimonde,1954,rogue,subtlety,178,86,92
Clawdíte,blackrock,1951,rogue,subtlety,72,35,37
Phøñkðånçér,ravencrest,1948,rogue,subtlety,76,37,39
Rmp,khaz-modan,1947,rogue,subtlety,96,48,48
Fîññ,ravencrest,1941,rogue,subtlety,72,38,34
Kallelelel,tarren-mill,1933,rogue,subtlety,42,26,16
Çhimaev,ravencrest,1930,rogue,subtlety,34,24,10
Nasklagattv,hyjal,1926,rogue,subtlety,60,31,29
Drydamage,kazzak,1920,rogue,subtlety,167,86,81
Shadezlöl,ravencrest,1920,rogue,subtlety,298,152,146
Nøctürnë,archimonde,1919,rogue,subtlety,48,32,16
Unìque,sylvanas,1918,rogue,subtlety,96,51,45
Physic,silvermoon,1916,rogue,subtlety,88,48,40
Иждолк,gordunni,1908,rogue,subtlety,222,120,102
Çåñçér,sylvanas,1907,rogue,subtlety,114,56,58
Ålleyézonme,ravencrest,1903,rogue,subtlety,447,223,224
Zuqzwang,outland,1901,rogue,subtlety,54,30,24
Waluuz,silvermoon,1899,rogue,subtlety,81,41,40
Chatbann,blackrock,1894,rogue,subtlety,291,156,135
Illmatíc,ravencrest,1892,rogue,subtlety,62,32,30
Máül,ravencrest,1886,rogue,subtlety,48,26,22
Социалистсс,gordunni,1883,rogue,subtlety,109,58,51
Knoffchad,blackhand,1881,rogue,subtlety,259,140,119
Amén,sanguino,1875,rogue,subtlety,96,46,50
Fibpatrool,ravencrest,1873,rogue,subtlety,107,64,43
Moroz,ravencrest,1871,rogue,subtlety,158,84,74
Calestrian,tarren-mill,1866,rogue,subtlety,180,94,86
Лайнэл,deathweaver,1861,rogue,subtlety,109,63,46
Sunøbrain,archimonde,1861,rogue,subtlety,58,31,27
Denjastwo,archimonde,1860,rogue,subtlety,42,29,13
Liquidité,azuremyst,1860,rogue,subtlety,236,128,108
Abej,malygos,1856,rogue,subtlety,66,33,33
Márto,archimonde,1854,rogue,subtlety,208,115,93
Âkame,argent-dawn,1853,rogue,subtlety,59,32,27
Мейсадисс,gordunni,1853,rogue,subtlety,72,33,39
Xiro,dalaran,1852,rogue,subtlety,132,64,68
Dfagódx,outland,1851,rogue,subtlety,87,54,33
Cortzy,stormscale,1851,rogue,subtlety,96,49,47
Lhitriân,saurfang,1850,rogue,subtlety,79,45,34
Leanadle,hyjal,1848,rogue,subtlety,70,44,26
Бладстейн,blackscar,1847,rogue,subtlety,220,121,99
Zerotyluv,silvermoon,1846,rogue,subtlety,48,34,14
Mâêl,blackmoore,1845,rogue,subtlety,233,125,108
Slapshot,das-konsortium,1845,rogue,subtlety,54,28,26
Lilaven,turalyon,1841,rogue,subtlety,156,80,76
Deadraw,aegwynn,1840,rogue,subtlety,84,45,39
Rinj,antonidas,1840,rogue,subtlety,137,72,65
Wítchblades,ravencrest,1838,rogue,subtlety,24,24,0
Susquehanna,ragnaros,1838,rogue,subtlety,198,107,91
Párbajkároj,ragnaros,1837,rogue,subtlety,65,31,34
Sfyr,ysondre,1836,rogue,subtlety,184,100,84
Lilbubblegum,emerald-dream,1835,rogue,subtlety,107,57,50
Røper,blackmoore,1834,rogue,subtlety,54,25,29
Cheapshotwin,nethersturm,1831,rogue,subtlety,88,50,38
Bleakhøuse,ravencrest,1829,rogue,subtlety,58,29,29
Dêlaral,der-mithrilorden,1828,rogue,subtlety,72,36,36
Lízåriñ,ravencrest,1827,rogue,subtlety,48,38,10
Slimshadyqt,terokkar,1825,rogue,subtlety,95,55,40
Chizué,sylvanas,1824,rogue,subtlety,54,34,20
Asterisyup,silvermoon,1823,rogue,subtlety,119,67,52
Noraex,silvermoon,1822,rogue,subtlety,81,47,34
Тохуо,lich-king,1822,rogue,subtlety,42,20,22
Погибайдуде,gordunni,1821,rogue,subtlety,41,34,7
Crøweta,argent-dawn,1821,rogue,subtlety,66,34,32
Sbx,alakir,1820,rogue,subtlety,188,102,86
Râpidø,elune,1819,rogue,subtlety,185,93,92
Rmp,outland,1818,rogue,subtlety,30,19,11
Sodarogue,blackrock,1818,rogue,subtlety,62,34,28
Holaszemed,ragnaros,1816,rogue,subtlety,183,96,87
Нойсеен,gordunni,1815,rogue,subtlety,42,25,17
Kekful,defias-brotherhood,1811,rogue,subtlety,36,26,10
Keophz,tarren-mill,1811,rogue,subtlety,152,96,56
Ipøuli,quelthalas,1811,rogue,subtlety,54,29,25
Venom,stormscale,1809,rogue,subtlety,90,48,42
Ладжо,gordunni,1809,rogue,subtlety,144,72,72
Azziinoth,ragnaros,1809,rogue,subtlety,80,39,41
Keeganx,tarren-mill,1808,rogue,subtlety,71,39,32
Gløøm,ravencrest,1806,rogue,subtlety,42,23,19
Ooqu,silvermoon,1804,rogue,subtlety,30,23,7
Læffgøðx,stormscale,1804,rogue,subtlety,63,38,25
Rhayesh,silvermoon,1804,rogue,subtlety,136,70,66
Noxxy,archimonde,1803,rogue,subtlety,121,66,55
Zzemzza,kazzak,1802,rogue,subtlety,65,40,25
Knutten,wildhammer,1802,rogue,subtlety,123,72,51
Akwaaba,ravencrest,1802,rogue,subtlety,165,91,74
Meowkek,kazzak,1802,rogue,subtlety,291,146,145
Deevoll,tarren-mill,1801,rogue,subtlety,157,89,68
Bruckmann,ragnaros,1801,rogue,subtlety,118,60,58
Bahi,ysondre,1800,rogue,subtlety,158,84,74
Releaserage,draenor,1800,rogue,subtlety,49,26,23
Sábros,ravencrest,1799,rogue,subtlety,156,77,79
Plsðõntcry,ravencrest,1798,rogue,subtlety,203,111,92
Namelless,twisting-nether,1798,rogue,subtlety,189,99,90
Insomnla,silvermoon,1796,rogue,subtlety,126,67,59
Avidance,wrathbringer,1793,rogue,subtlety,36,21,15
Teskes,tyrande,1793,rogue,subtlety,126,68,58
Xoxoxoxoxoxö,archimonde,1787,rogue,subtlety,68,37,31
Stonyhavana,ravencrest,1785,rogue,subtlety,84,49,35
Màrto,archimonde,1783,rogue,subtlety,113,69,44
Läêkz,archimonde,1779,rogue,subtlety,48,21,27
Locgog,argent-dawn,1777,rogue,subtlety,66,40,26
Azirios,kazzak,1776,rogue,subtlety,185,99,86
Monero,thrall,1773,rogue,subtlety,109,68,41
Bursthilde,blackmoore,1772,rogue,subtlety,117,68,49
Critys,drakthul,1770,rogue,subtlety,36,21,15
Кишмякх,gordunni,1767,rogue,subtlety,57,36,21
Subzerõ,archimonde,1764,rogue,subtlety,292,138,154
Randomidiot,ravencrest,1757,rogue,subtlety,72,37,35
Jljr,twisting-nether,1757,rogue,subtlety,66,33,33
Memphismp,drakthul,1750,rogue,subtlety,41,23,18
Dìsørderx,ravencrest,1748,rogue,subtlety,124,70,54
Trîçk,aegwynn,1747,rogue,subtlety,78,43,35
Инфера,lich-king,1741,rogue,subtlety,72,33,39
Åluñahtøpg,azjolnerub,1738,rogue,subtlety,108,55,53
Zayøn,outland,1737,rogue,subtlety,54,32,22
Путьказаха,gordunni,1737,rogue,subtlety,54,31,23
Nippzy,twisting-nether,1736,rogue,subtlety,209,122,87
Tïnderhoe,dalaran,1735,rogue,subtlety,35,27,8
Cheapshôt,archimonde,1735,rogue,subtlety,184,100,84
Kickcake,ravencrest,1732,rogue,subtlety,138,75,63
Ccedox,stormscale,1729,rogue,subtlety,30,20,10
Anr,burning-legion,1729,rogue,subtlety,94,52,42
Krida,archimonde,1727,rogue,subtlety,72,35,37
Salakelmi,sylvanas,1724,rogue,subtlety,72,41,31
Киу,howling-fjord,1723,rogue,subtlety,90,46,44
Tanssy,ragnaros,1722,rogue,subtlety,74,44,30
Stråwberrý,archimonde,1722,rogue,subtlety,63,30,33
Хавиа,gordunni,1721,rogue,subtlety,71,44,27
Buffassa,ravencrest,1720,rogue,subtlety,72,38,34
Xzr,stormscale,1719,rogue,subtlety,42,31,11
Naïmitsu,hyjal,1717,rogue,subtlety,108,56,52
Saanka,eredar,1716,rogue,subtlety,38,19,19
Asukabed,ravencrest,1713,rogue,subtlety,30,18,12
Snøv,outland,1713,rogue,subtlety,53,31,22
Quq,kazzak,1713,rogue,subtlety,208,116,92
Морхалл,gordunni,1712,rogue,subtlety,78,42,36
Ratirl,kult-der-verdammten,1710,rogue,subtlety,87,52,35
Exiv,ragnaros,1709,rogue,subtlety,110,54,56
Ziqqi,thrall,1708,rogue,subtlety,120,64,56
Saptrinket,stormscale,1707,rogue,subtlety,445,222,223
Rîzer,ravencrest,1707,rogue,subtlety,60,29,31
Axroa,blackmoore,1707,rogue,subtlety,54,22,32
Jáckz,twisting-nether,1705,rogue,subtlety,68,37,31
Xdd,frostmane,1705,rogue,subtlety,72,35,37
Nevolav,turalyon,1704,rogue,subtlety,36,23,13
Skimpy,stormscale,1704,rogue,subtlety,59,34,25
Sly,emerald-dream,1704,rogue,subtlety,78,39,39
Lânnïster,kazzak,1703,rogue,subtlety,96,49,47
Kenjí,silvermoon,1703,rogue,subtlety,261,129,132
Featfawkes,ragnaros,1701,rogue,subtlety,98,50,48
Architeggt,eredar,1700,rogue,subtlety,102,47,55
Dagyhy,the-maelstrom,1697,rogue,subtlety,48,21,27
Dødgez,cthun,1696,rogue,subtlety,34,20,14
Nitelite,outland,1696,rogue,subtlety,60,30,30
Kénzos,silvermoon,1696,rogue,subtlety,42,18,24
Notôríous,ravencrest,1695,rogue,subtlety,60,33,27
Trulor,wildhammer,1694,rogue,subtlety,69,38,31
Dancex,kazzak,1693,rogue,subtlety,90,54,36
Sêrgi,minahonda,1690,rogue,subtlety,42,24,18
Rantie,eredar,1690,rogue,subtlety,42,23,19
Whîspyr,blackmoore,1689,rogue,subtlety,54,28,26
Ámbush,sylvanas,1689,rogue,subtlety,147,74,73
Yumiee,arygos,1688,rogue,subtlety,193,100,93
Nihilix,dalaran,1687,rogue,subtlety,197,101,96
Whøråcle,tarren-mill,1687,rogue,subtlety,107,51,56
Strangeboy,ravencrest,1685,rogue,subtlety,30,19,11
Роземсти,gordunni,1685,rogue,subtlety,210,105,105
Sÿkz,hyjal,1684,rogue,subtlety,80,40,40
Dópamine,hyjal,1683,rogue,subtlety,52,29,23
Mfx,arathi,1681,rogue,subtlety,49,33,16
Ninjaassasin,aegwynn,1681,rogue,subtlety,201,109,92
Рели,blackscar,1681,rogue,subtlety,78,39,39
Røgger,ragnaros,1677,rogue,subtlety,190,94,96
Nerfalliance,ravencrest,1676,rogue,subtlety,42,25,17
Sariena,sylvanas,1676,rogue,subtlety,280,140,140
Søllek,culte-de-la-rive-noire,1674,rogue,subtlety,74,36,38
Sapco,ravencrest,1671,rogue,subtlety,42,24,18
Exi,elune,1670,rogue,subtlety,62,26,36
Malasap,archimonde,1669,rogue,subtlety,447,226,221
Kasualasf,stormscale,1668,rogue,subtlety,37,22,15
Misttrogue,hyjal,1668,rogue,subtlety,48,26,22
Воронкхал,ashenvale,1668,rogue,subtlety,60,29,31
Oczku,burning-legion,1666,rogue,subtlety,36,20,16
Ccedolol,stormscale,1666,rogue,subtlety,71,38,33
Pheq,ravencrest,1665,rogue,subtlety,144,74,70
Thirdrogue,blackhand,1663,rogue,subtlety,36,25,11
Grifika,outland,1663,rogue,subtlety,111,66,45
Sinterklaas,earthen-ring,1661,rogue,subtlety,48,30,18
Byebyé,ravencrest,1660,rogue,subtlety,46,23,23
Lotorr,burning-legion,1657,rogue,subtlety,132,69,63
Jussylol,stormscale,1656,rogue,subtlety,45,27,18
Exanimu,ravencrest,1656,rogue,subtlety,261,127,134
Rakzena,ravencrest,1655,rogue,subtlety,60,33,27
Machmacan,thrall,1654,rogue,subtlety,71,39,32
Insidióus,sylvanas,1654,rogue,subtlety,60,32,28
Rlwlwlwrogue,twisting-nether,1653,rogue,subtlety,65,37,28
Хасилей,booty-bay,1652,rogue,subtlety,134,70,64
Ÿøßø,archimonde,1648,rogue,subtlety,102,55,47
Served,twisting-nether,1647,rogue,subtlety,34,20,14
Handuil,blackmoore,1647,rogue,subtlety,205,108,97
Nyzx,blackhand,1646,rogue,subtlety,36,23,13
Ryvz,ravencrest,1646,rogue,subtlety,83,41,42
Hoodrogue,blackrock,1645,rogue,subtlety,98,56,42
Villain,aegwynn,1645,rogue,subtlety,41,21,20
Omeger,thrall,1645,rogue,subtlety,47,21,26
Starfighter,pozzo-delleternità,1644,rogue,subtlety,151,79,72
Txm,argent-dawn,1643,rogue,subtlety,42,22,20
Сильфитт,gordunni,1642,rogue,subtlety,98,49,49
Ripuli,alakir,1640,rogue,subtlety,36,21,15
Getschwîfty,ravencrest,1639,rogue,subtlety,27,18,9
Vennomous,darkspear,1639,rogue,subtlety,58,38,20
Smílèy,ravencrest,1638,rogue,subtlety,42,21,21
Xzo,stormscale,1637,rogue,subtlety,25,21,4
Venøøm,eredar,1637,rogue,subtlety,128,74,54
Эдкенуэй,gordunni,1636,rogue,subtlety,131,77,54
Gamezcorex,aegwynn,1636,rogue,subtlety,138,75,63
Кишмякх,howling-fjord,1636,rogue,subtlety,138,58,80
Dawnsaber,argent-dawn,1635,rogue,subtlety,54,31,23
Momíne,stormscale,1635,rogue,subtlety,41,18,23
Ач,gordunni,1630,rogue,subtlety,54,27,27
Dancebar,silvermoon,1630,rogue,subtlety,42,18,24
Röguelol,outland,1629,rogue,subtlety,90,50,40
Bizzarerogue,tarren-mill,1628,rogue,subtlety,36,21,15
Doritomix,dun-modr,1628,rogue,subtlety,50,29,21
Whiteløtûs,dun-modr,1627,rogue,subtlety,36,17,19
Ennvi,defias-brotherhood,1626,rogue,subtlety,114,56,58
Shoamunj,archimonde,1625,rogue,subtlety,36,21,15
Fivepoint,blackmoore,1624,rogue,subtlety,36,22,14
Mortecieca,ravencrest,1624,rogue,subtlety,36,17,19
Pcessleia,twisting-nether,1622,rogue,subtlety,30,17,13
Adskydroch,ravencrest,1622,rogue,subtlety,48,27,21
Sapperinö,sylvanas,1621,rogue,subtlety,405,212,193
Бэрнии,howling-fjord,1621,rogue,subtlety,197,103,94
Pavlo,nathrezim,1621,rogue,subtlety,49,19,30
Subsònik,tarren-mill,1620,rogue,subtlety,58,33,25
Alexandra,kazzak,1620,rogue,subtlety,153,76,77
Кеонетво,howling-fjord,1619,rogue,subtlety,36,21,15
Ibizå,ravencrest,1618,rogue,subtlety,112,61,51
Sniiky,kazzak,1618,rogue,subtlety,210,113,97
Filiduttpvp,ravencrest,1617,rogue,subtlety,60,39,21
Энтерсэндман,blackscar,1617,rogue,subtlety,35,20,15
Текин,howling-fjord,1617,rogue,subtlety,143,81,62
Shadowprank,ravencrest,1617,rogue,subtlety,87,45,42
Stormhardt,stormscale,1616,rogue,subtlety,51,21,30
Ðelvin,dalaran,1612,rogue,subtlety,48,21,27
Huprâ,ravencrest,1611,rogue,subtlety,30,17,13
Солевыегубки,gordunni,1610,rogue,subtlety,46,29,17
Renhri,burning-legion,1610,rogue,subtlety,361,180,181
Krsty,antonidas,1609,rogue,subtlety,36,20,16
Ilrunne,silvermoon,1609,rogue,subtlety,184,97,87
Roguestuff,silvermoon,1608,rogue,subtlety,24,17,7
Ropedrink,stormscale,1608,rogue,subtlety,33,21,12
Meccura,silvermoon,1607,rogue,subtlety,93,53,40
Tinylol,dun-morogh,1607,rogue,subtlety,97,53,44
Trapstar,stormscale,1607,rogue,subtlety,173,89,84
Râáy,blackrock,1607,rogue,subtlety,187,95,92
Meldee,burning-legion,1606,rogue,subtlety,60,32,28
Ddhelpra,blackrock,1605,rogue,subtlety,84,42,42
Vizifyx,ravencrest,1604,rogue,subtlety,24,17,7
Panigalex,veknilash,1604,rogue,subtlety,93,55,38
Háttori,twisting-nether,1604,rogue,subtlety,42,24,18
Mecu,ravencrest,1604,rogue,subtlety,126,64,62
Зорго,deathguard,1603,rogue,subtlety,89,50,39
Shreddera,ravencrest,1602,rogue,subtlety,90,51,39
Haikyu,blackhand,1602,rogue,subtlety,54,25,29
Madisonivyqt,blackmoore,1601,rogue,subtlety,106,56,50
Redcutter,silvermoon,1601,rogue,subtlety,78,41,37
Weird,blackmoore,1600,rogue,subtlety,46,29,17
Nightnelly,archimonde,1600,rogue,subtlety,27,17,10
Sunå,archimonde,1600,rogue,subtlety,36,19,17
Rexore,ravencrest,1596,rogue,subtlety,53,29,24
Carvyn,defias-brotherhood,1594,rogue,subtlety,42,24,18
Cucumber,laughing-skull,1592,rogue,subtlety,30,17,13
Onlyluvhurt,dun-modr,1592,rogue,subtlety,130,73,57
Amms,ragnaros,1589,rogue,subtlety,36,19,17
Clickbaitx,blackmoore,1587,rogue,subtlety,60,22,38
Dàgé,twisting-nether,1585,rogue,subtlety,102,59,43
Gøldzahn,antonidas,1585,rogue,subtlety,53,26,27
Baldoh,kazzak,1584,rogue,subtlety,36,24,12
Морзо,howling-fjord,1584,rogue,subtlety,95,53,42
Jëllyxøxø,twisting-nether,1584,rogue,subtlety,176,94,82
Вр,blackscar,1582,rogue,subtlety,30,18,12
Inyria,outland,1582,rogue,subtlety,211,113,98
Oxyrog,ravencrest,1580,rogue,subtlety,42,22,20
Режупополам,howling-fjord,1577,rogue,subtlety,36,24,12
Гэнт,soulflayer,1577,rogue,subtlety,66,35,31
Tripleníne,silvermoon,1576,rogue,subtlety,116,66,50
Дэмайо,gordunni,1575,rogue,subtlety,48,26,22
Chimmee,draenor,1575,rogue,subtlety,96,42,54
Leepz,outland,1574,rogue,subtlety,102,62,40
Denjas,archimonde,1574,rogue,subtlety,43,21,22
Grzech,burning-legion,1573,rogue,subtlety,171,89,82
Kleptomancy,sylvanas,1572,rogue,subtlety,30,17,13
Shyy,dun-modr,1572,rogue,subtlety,54,26,28
Sâybyëbæ,dun-modr,1571,rogue,subtlety,84,42,42
Killvision,kul-tiras,1569,rogue,subtlety,30,19,11
Chipicaua,silvermoon,1568,rogue,subtlety,72,31,41
Djswaghetti,stormscale,1566,rogue,subtlety,36,18,18
Стеллакокс,howling-fjord,1565,rogue,subtlety,34,20,14
Säxnthecrity,blackmoore,1565,rogue,subtlety,360,183,177
Кумоо,gordunni,1565,rogue,subtlety,48,23,25
Xtoyo,zuljin,1564,rogue,subtlety,129,58,71
Súpremé,ravencrest,1563,rogue,subtlety,157,89,68
Arathir,ravencrest,1562,rogue,subtlety,80,46,34
Ramses,onyxia,1562,rogue,subtlety,114,55,59
Zilemjr,stormscale,1559,rogue,subtlety,128,71,57
Reezr,stormscale,1559,rogue,subtlety,78,33,45
Sombredagues,ysondre,1558,rogue,subtlety,113,60,53
Deok,tarren-mill,1557,rogue,subtlety,30,19,11
Сармонн,howling-fjord,1556,rogue,subtlety,60,41,19
Злойкиллер,howling-fjord,1556,rogue,subtlety,90,45,45
Энбонни,gordunni,1555,rogue,subtlety,43,24,19
Liarø,archimonde,1555,rogue,subtlety,151,76,75
Rylie,garona,1554,rogue,subtlety,79,34,45
Johnyqt,hyjal,1551,rogue,subtlety,42,28,14
Zep,auchindoun,1551,rogue,subtlety,36,23,13
Пусякиллерх,gordunni,1551,rogue,subtlety,63,37,26
Kerim,antonidas,1550,rogue,subtlety,30,18,12
Veronkierto,stormreaver,1549,rogue,subtlety,49,29,20
Ripcurll,grim-batol,1549,rogue,subtlety,109,57,52
Frequenzalfa,silvermoon,1549,rogue,subtlety,52,26,26
Ayatsuji,nemesis,1549,rogue,subtlety,42,18,24
Pfourtwenty,eredar,1547,rogue,subtlety,36,18,18
Amazindante,burning-legion,1546,rogue,subtlety,60,27,33
Zujàz,frostwhisper,1545,rogue,subtlety,30,19,11
Cander,kazzak,1545,rogue,subtlety,55,30,25
Helloimjohn,darksorrow,1543,rogue,subtlety,77,43,34
Shadystabby,stormscale,1543,rogue,subtlety,101,55,46
Yamajinzu,blackmoore,1543,rogue,subtlety,245,131,114
Roanz,stormreaver,1543,rogue,subtlety,67,35,32
Bamsejuicee,kazzak,1542,rogue,subtlety,30,20,10
Xkebyzlobg,outland,1540,rogue,subtlety,41,23,18
Jaikka,archimonde,1539,rogue,subtlety,36,24,12
Silesi,kazzak,1538,rogue,subtlety,24,17,7
Jaydeeñ,ravencrest,1536,rogue,subtlety,48,23,25
Cøntrøl,stormreaver,1534,rogue,subtlety,138,74,64
Roguanal,hyjal,1533,rogue,subtlety,30,16,14
Unsullièd,kazzak,1532,rogue,subtlety,60,31,29
Tonaxstab,ragnaros,1531,rogue,subtlety,66,36,30
Zourkan,archimonde,1531,rogue,subtlety,444,238,206
Старллесс,gordunni,1531,rogue,subtlety,372,195,177
Sinist,twisting-nether,1531,rogue,subtlety,50,23,27
Bloodsmell,outland,1530,rogue,subtlety,173,93,80
Aszaryn,magtheridon,1530,rogue,subtlety,60,32,28
Nitroxygen,outland,1530,rogue,subtlety,145,74,71
Yourexwifey,ravencrest,1528,rogue,subtlety,121,68,53
Нэйлио,deepholm,1527,rogue,subtlety,24,16,8
Kidneyou,ragnaros,1527,rogue,subtlety,64,34,30
Augustina,draenor,1526,rogue,subtlety,36,18,18
Kidneyqt,thrall,1525,rogue,subtlety,47,29,18
Альназир,howling-fjord,1525,rogue,subtlety,95,49,46
Fragmint,aggra-português,1525,rogue,subtlety,36,18,18
Zodracir,scarshield-legion,1525,rogue,subtlety,54,25,29
Îüçkÿmêñ,outland,1524,rogue,subtlety,72,40,32
Azovrouge,terokkar,1524,rogue,subtlety,231,127,104
Opaska,ravencrest,1524,rogue,subtlety,130,66,64
Arkblenderx,silvermoon,1524,rogue,subtlety,145,72,73
Ipresskidney,tarren-mill,1523,rogue,subtlety,158,84,74
Fivepointx,blackmoore,1523,rogue,subtlety,66,33,33
Belwarx,darksorrow,1523,rogue,subtlety,110,44,66
Royalflüx,grim-batol,1522,rogue,subtlety,81,41,40
Kidknee,outland,1522,rogue,subtlety,36,18,18
Zømbië,kazzak,1522,rogue,subtlety,248,119,129
Rogueas,stormscale,1521,rogue,subtlety,41,25,16
Kyssme,archimonde,1520,rogue,subtlety,48,21,27
Sumiftw,drakthul,1519,rogue,subtlety,30,16,14
Skýfire,ravencrest,1519,rogue,subtlety,60,28,32
Chratoo,blackmoore,1518,rogue,subtlety,97,48,49
Шадовкилер,blackscar,1517,rogue,subtlety,90,48,42
Críppléz,ravencrest,1517,rogue,subtlety,120,63,57
Ömme,archimonde,1516,rogue,subtlety,129,69,60
Stoff,archimonde,1516,rogue,subtlety,135,69,66
Naiikaii,antonidas,1515,rogue,subtlety,29,16,13
Брайнз,gordunni,1515,rogue,subtlety,155,85,70
Dôlf,hyjal,1514,rogue,subtlety,78,47,31
Voki,dalaran,1512,rogue,subtlety,111,60,51
Grindz,ravencrest,1512,rogue,subtlety,595,307,288
Deathcvlt,hyjal,1512,rogue,subtlety,244,125,119
Sshaka,tarren-mill,1512,rogue,subtlety,90,44,46
Jugalos,ravencrest,1512,rogue,subtlety,41,16,25
Morgan,argent-dawn,1511,rogue,subtlety,138,77,61
Xãwé,kazzak,1509,rogue,subtlety,45,26,19
Shinzaoh,khaz-modan,1509,rogue,subtlety,64,33,31
Nìghtwalker,ravencrest,1507,rogue,subtlety,148,79,69
Mns,drakthul,1506,rogue,subtlety,39,19,20
Ghøstkid,blackrock,1505,rogue,subtlety,188,96,92
Gane,sanguino,1504,rogue,subtlety,54,34,20
Daggerdashx,ravencrest,1504,rogue,subtlety,598,318,280
Вагнеса,howling-fjord,1504,rogue,subtlety,89,46,43
Dedka,hyjal,1504,rogue,subtlety,77,36,41
Falewyn,ragnaros,1503,rogue,subtlety,24,16,8
Subzy,burning-legion,1503,rogue,subtlety,187,105,82
Smo,kargath,1502,rogue,subtlety,44,23,21
Ishízu,exodar,1502,rogue,subtlety,150,67,83
Sumsarx,ravencrest,1501,rogue,subtlety,137,72,65
Evivalarte,burning-legion,1499,rogue,subtlety,89,45,44
Mortnoïre,naxxramas,1498,rogue,subtlety,96,50,46
Spr,malfurion,1496,rogue,subtlety,118,65,53
Kãlí,blackmoore,1496,rogue,subtlety,156,81,75
Эвисирейт,gordunni,1493,rogue,subtlety,77,42,35
Diazz,aegwynn,1493,rogue,subtlety,97,52,45
Murkyy,gilneas,1492,rogue,subtlety,53,26,27
Vögue,burning-legion,1491,rogue,subtlety,73,33,40
Rekki,terokkar,1490,rogue,subtlety,36,19,17
Dígga,nemesis,1490,rogue,subtlety,102,51,51
Зенофар,soulflayer,1490,rogue,subtlety,226,110,116
Lechatbotté,tarren-mill,1488,rogue,subtlety,77,47,30
Calpic,sanguino,1488,rogue,subtlety,181,98,83
Maláika,silvermoon,1488,rogue,subtlety,86,45,41
Ryxanâ,blackrock,1488,rogue,subtlety,54,28,26
Spyzie,hyjal,1488,rogue,subtlety,36,18,18
Dölf,archimonde,1487,rogue,subtlety,170,92,78
Абисиан,soulflayer,1487,rogue,subtlety,96,51,45
Xok,draenor,1487,rogue,subtlety,52,26,26
Шпилля,gordunni,1487,rogue,subtlety,77,38,39
Kneiv,frostwhisper,1487,rogue,subtlety,36,16,20
Lilrookie,argent-dawn,1486,rogue,subtlety,158,90,68
Txf,aegwynn,1484,rogue,subtlety,90,46,44
Miiløx,silvermoon,1484,rogue,subtlety,47,20,27
Ванэйти,gordunni,1481,rogue,subtlety,393,201,192
Kire,daggerspine,1478,rogue,subtlety,65,30,35
Loopermann,silvermoon,1477,rogue,subtlety,164,82,82
Zappsarap,onyxia,1477,rogue,subtlety,42,18,24
Droomprins,stormscale,1475,rogue,subtlety,90,45,45
Shabu,nemesis,1475,rogue,subtlety,42,16,26
Doxxei,draenor,1474,rogue,subtlety,225,119,106
Счастливое,howling-fjord,1471,rogue,subtlety,116,58,58
Jqmie,ravencrest,1470,rogue,subtlety,50,28,22
Shâdowfreeze,onyxia,1470,rogue,subtlety,78,41,37
Thelones,antonidas,1469,rogue,subtlety,76,39,37
Tason,argent-dawn,1468,rogue,subtlety,42,25,17
Neirdà,hyjal,1468,rogue,subtlety,43,19,24
Сабик,howling-fjord,1466,rogue,subtlety,65,39,26
Zerozsub,tarren-mill,1465,rogue,subtlety,139,79,60
Veryscaryguý,twisting-nether,1464,rogue,subtlety,54,33,21
Nâzaar,antonidas,1462,rogue,subtlety,108,61,47
Сенямбус,gordunni,1462,rogue,subtlety,36,19,17
Decoyed,sylvanas,1462,rogue,subtlety,47,24,23
Jenz,blackmoore,1462,rogue,subtlety,42,18,24
Doperog,antonidas,1461,rogue,subtlety,154,85,69
Ænutz,ysondre,1458,rogue,subtlety,33,18,15
Roguecow,tarren-mill,1457,rogue,subtlety,42,25,17
Sashikorosu,archimonde,1457,rogue,subtlety,116,65,51
Jaqenhghar,pozzo-delleternità,1457,rogue,subtlety,115,61,54
Mînz,twisting-nether,1457,rogue,subtlety,53,22,31
Ripblindsap,ragnaros,1455,rogue,subtlety,108,63,45
Norlix,ravencrest,1455,rogue,subtlety,66,30,36
Johnnyprep,ravencrest,1454,rogue,subtlety,54,29,25
Faytun,kult-der-verdammten,1453,rogue,subtlety,42,26,16
Zôuloulou,archimonde,1453,rogue,subtlety,75,39,36
Chipson,kazzak,1452,rogue,subtlety,78,40,38
Plebxar,arathor,1451,rogue,subtlety,29,16,13
Sacrehptit,naxxramas,1450,rogue,subtlety,42,26,16
Nightq,tarren-mill,1450,rogue,subtlety,57,34,23
Unreallx,silvermoon,1449,rogue,subtlety,295,158,137
Critmaker,outland,1448,rogue,subtlety,24,16,8
Peechiyy,blackmoore,1447,rogue,subtlety,69,39,30
Эйфуча,gordunni,1447,rogue,subtlety,158,84,74
Местьбучи,howling-fjord,1446,rogue,subtlety,78,42,36
Pidroseus,argent-dawn,1445,rogue,subtlety,99,53,46
Pérplèxîty,thrall,1443,rogue,subtlety,73,39,34
Mont,nemesis,1443,rogue,subtlety,72,36,36
Ândrey,ravencrest,1442,rogue,subtlety,44,21,23
Nopzs,outland,1441,rogue,subtlety,123,62,61
Rat,mazrigos,1440,rogue,subtlety,24,15,9
Winwin,silvermoon,1440,rogue,subtlety,166,99,67
Жабоклик,gordunni,1440,rogue,subtlety,104,54,50
Ibizà,ravencrest,1440,rogue,subtlety,84,42,42
Xalupa,dun-modr,1440,rogue,subtlety,66,30,36
Xulem,silvermoon,1439,rogue,subtlety,64,38,26
Bízkit,stormscale,1438,rogue,subtlety,36,23,13
Sicariø,argent-dawn,1438,rogue,subtlety,110,58,52
Vâleera,kazzak,1437,rogue,subtlety,24,15,9
Распяздяй,gordunni,1437,rogue,subtlety,108,59,49
Aläen,ravencrest,1437,rogue,subtlety,37,20,17
Dêlaral,blackhand,1437,rogue,subtlety,30,15,15
Mxx,stormscale,1436,rogue,subtlety,216,118,98
Тира,grom,1436,rogue,subtlety,30,15,15
Ogc,draenor,1435,rogue,subtlety,30,19,11
Trashbàg,alakir,1432,rogue,subtlety,30,15,15
Xyzonk,kazzak,1432,rogue,subtlety,30,15,15
Achterom,tarren-mill,1432,rogue,subtlety,128,59,69
Rêve,the-maelstrom,1431,rogue,subtlety,40,23,17
Выебузадницу,soulflayer,1429,rogue,subtlety,54,28,26
Coolbassoff,kazzak,1429,rogue,subtlety,64,28,36
Röguetönerö,dun-modr,1428,rogue,subtlety,24,15,9
Mâtâtâ,die-ewige-wacht,1428,rogue,subtlety,77,42,35
Sheldowws,tarren-mill,1428,rogue,subtlety,45,24,21
Sùbzerø,archimonde,1428,rogue,subtlety,48,24,24
Drpiper,twisting-nether,1427,rogue,subtlety,25,16,9
Latscholol,malorne,1427,rogue,subtlety,207,112,95
Jeanklanche,archimonde,1427,rogue,subtlety,36,16,20
Aahz,tarren-mill,1425,rogue,subtlety,54,27,27
Jimaal,stormscale,1424,rogue,subtlety,67,38,29
Shaeni,silvermoon,1423,rogue,subtlety,246,126,120
Lastkiss,aggramar,1421,rogue,subtlety,47,25,22
Эренх,gordunni,1421,rogue,subtlety,182,93,89
Jkrx,draenor,1421,rogue,subtlety,36,18,18
Артимидушка,gordunni,1420,rogue,subtlety,24,15,9
Zx,frostmane,1420,rogue,subtlety,36,17,19
Actualcarry,dentarg,1419,rogue,subtlety,100,54,46
Vanquishz,arathor,1419,rogue,subtlety,60,25,35
Hollowized,silvermoon,1418,rogue,subtlety,24,15,9
Grimdoll,tarren-mill,1418,rogue,subtlety,193,108,85
Nairobii,tarren-mill,1417,rogue,subtlety,54,30,24
Jechijr,silvermoon,1417,rogue,subtlety,42,21,21
Oboejoe,burning-legion,1416,rogue,subtlety,201,107,94
Tinyshank,drakthul,1416,rogue,subtlety,116,60,56
Морнер,howling-fjord,1416,rogue,subtlety,65,33,32
Midoa,nerathor,1415,rogue,subtlety,98,56,42
Elfreyja,archimonde,1414,rogue,subtlety,93,45,48
Rhûlf,ravencrest,1413,rogue,subtlety,79,39,40
Asdfqwerty,ravencrest,1413,rogue,subtlety,42,17,25
Shízzel,blackhand,1412,rogue,subtlety,95,47,48
Jinxy,outland,1411,rogue,subtlety,18,15,3
Самерон,howling-fjord,1411,rogue,subtlety,36,24,12
Янигугулак,soulflayer,1411,rogue,subtlety,24,15,9
Nínjutsu,ravencrest,1410,rogue,subtlety,56,25,31
Roguebot,draenor,1409,rogue,subtlety,130,69,61
Decrios,outland,1409,rogue,subtlety,50,20,30
Ванябигпуш,blackscar,1408,rogue,subtlety,114,58,56
Bountyhunter,malygos,1408,rogue,subtlety,30,15,15
Mulu,defias-brotherhood,1407,rogue,subtlety,42,21,21
Royalflux,grim-batol,1405,rogue,subtlety,30,17,13
Ассаин,gordunni,1405,rogue,subtlety,55,31,24
Jamzyrogue,emerald-dream,1405,rogue,subtlety,36,19,17
Teba,cthun,1404,rogue,subtlety,40,19,21
Бэтх,soulflayer,1402,rogue,subtlety,60,36,24
Orestes,pozzo-delleternità,1402,rogue,subtlety,27,16,11
Zobrak,twisting-nether,1402,rogue,subtlety,48,27,21
Эбиб,soulflayer,1401,rogue,subtlety,34,17,17
Südh,sanguino,1401,rogue,subtlety,36,15,21
Mishøna,kazzak,1399,rogue,subtlety,127,73,54
Maitrefurtif,argent-dawn,1398,rogue,subtlety,29,19,10
Darkxenojiva,blackmoore,1398,rogue,subtlety,75,32,43
Zélla,twisting-nether,1397,rogue,subtlety,47,24,23
Givilwtf,eredar,1396,rogue,subtlety,120,60,60
Evi,korgall,1394,rogue,subtlety,60,27,33
Kryptonite,nemesis,1393,rogue,subtlety,82,43,39
Nomota,sanguino,1392,rogue,subtlety,42,25,17
Dàwn,boulderfist,1391,rogue,subtlety,88,48,40
Лютьер,soulflayer,1391,rogue,subtlety,203,102,101
Jaffar,mannoroth,1390,rogue,subtlety,82,35,47
Guiseppe,grim-batol,1389,rogue,subtlety,105,57,48
Cataleýa,outland,1388,rogue,subtlety,74,43,31
Bartolomew,hellscream,1388,rogue,subtlety,75,39,36
Freemmr,draenor,1387,rogue,subtlety,137,70,67
Galathea,turalyon,1386,rogue,subtlety,161,81,80
Feinted,kazzak,1385,rogue,subtlety,86,44,42
Xblackhole,tarren-mill,1384,rogue,subtlety,134,67,67
Ворейн,howling-fjord,1382,rogue,subtlety,197,98,99
Shadowgraph,eredar,1381,rogue,subtlety,54,28,26
Stabbingpunk,ravencrest,1381,rogue,subtlety,72,33,39
Horvathzu,ravencrest,1380,rogue,subtlety,39,20,19
Дакоока,soulflayer,1378,rogue,subtlety,24,16,8
Ambushgirl,ravencrest,1378,rogue,subtlety,53,24,29
Tripoid,draenor,1377,rogue,subtlety,72,34,38
Käz,argent-dawn,1376,rogue,subtlety,42,16,26
Ruck,madmortem,1375,rogue,subtlety,72,38,34
Прошмандэ,gordunni,1374,rogue,subtlety,54,29,25
Ultraviølett,gorgonnash,1374,rogue,subtlety,61,30,31
Trímønâ,gorgonnash,1374,rogue,subtlety,36,16,20
Wraithh,minahonda,1373,rogue,subtlety,108,57,51
Sénsorium,draenor,1373,rogue,subtlety,133,69,64
Óoo,outland,1373,rogue,subtlety,54,27,27
Binbág,draenor,1372,rogue,subtlety,108,62,46
Juuzou,outland,1372,rogue,subtlety,35,15,20
Mercyã,outland,1371,rogue,subtlety,66,37,29
Анивиана,howling-fjord,1371,rogue,subtlety,134,64,70
Lêmon,argent-dawn,1370,rogue,subtlety,52,31,21
Appatras,tarren-mill,1369,rogue,subtlety,23,15,8
Akira,outland,1369,rogue,subtlety,170,94,76
Badsap,ravencrest,1369,rogue,subtlety,161,81,80
Ganker,antonidas,1368,rogue,subtlety,36,17,19
Zavebe,nathrezim,1366,rogue,subtlety,41,20,21
Subhub,ragnaros,1366,rogue,subtlety,48,21,27
Jáyjay,antonidas,1365,rogue,subtlety,90,39,51
Exbandit,sanguino,1364,rogue,subtlety,72,44,28
Shnuppah,sylvanas,1364,rogue,subtlety,36,18,18
Zeiden,sanguino,1364,rogue,subtlety,66,31,35
Gankbang,frostmane,1363,rogue,subtlety,78,35,43
Evasión,aegwynn,1361,rogue,subtlety,71,37,34
Reprouvette,dalaran,1360,rogue,subtlety,39,21,18
Svartesven,auchindoun,1360,rogue,subtlety,54,23,31
Кэйтлис,howling-fjord,1360,rogue,subtlety,48,20,28
Vorsix,tarren-mill,1359,rogue,subtlety,103,57,46
Sedái,twisting-nether,1359,rogue,subtlety,38,16,22
Мипракн,fordragon,1358,rogue,subtlety,54,37,17
Смекрус,soulflayer,1356,rogue,subtlety,135,67,68
Vexior,argent-dawn,1354,rogue,subtlety,57,25,32
Helcof,emerald-dream,1353,rogue,subtlety,30,15,15
Trimøná,gorgonnash,1351,rogue,subtlety,24,15,9
Isucu,burning-legion,1350,rogue,subtlety,138,74,64
Øníxßtw,eitrigg,1350,rogue,subtlety,30,15,15
Дернирог,howling-fjord,1350,rogue,subtlety,115,56,59
Huffim,tarren-mill,1349,rogue,subtlety,36,21,15
Fullblind,tarren-mill,1349,rogue,subtlety,114,56,58
Asine,boulderfist,1348,rogue,subtlety,60,28,32
Zappdead,frostwolf,1347,rogue,subtlety,52,22,30
Sajina,kazzak,1346,rogue,subtlety,30,15,15
Эквалири,gordunni,1345,rogue,subtlety,71,33,38
Crimatoria,rajaxx,1344,rogue,subtlety,57,25,32
Akroshalolz,outland,1343,rogue,subtlety,24,14,10
Yokze,ravencrest,1343,rogue,subtlety,118,58,60
Såj,tarren-mill,1343,rogue,subtlety,30,14,16
Boornys,burning-legion,1341,rogue,subtlety,52,28,24
Deathwalkxr,silvermoon,1341,rogue,subtlety,94,49,45
Rnghero,blackmoore,1341,rogue,subtlety,42,14,28
Akyô,archimonde,1340,rogue,subtlety,24,14,10
Gingahboy,doomhammer,1340,rogue,subtlety,215,118,97
Tripx,ravencrest,1340,rogue,subtlety,121,64,57
Erenyeagerx,kazzak,1339,rogue,subtlety,107,55,52
Voldaxd,blackhand,1338,rogue,subtlety,21,15,6
Aati,the-maelstrom,1338,rogue,subtlety,84,43,41
Zordochrog,kazzak,1338,rogue,subtlety,32,16,16
Aznare,silvermoon,1338,rogue,subtlety,36,17,19
Simsub,tarren-mill,1337,rogue,subtlety,30,14,16
Knifeparty,silvermoon,1335,rogue,subtlety,50,26,24
Svddendeath,ragnaros,1333,rogue,subtlety,77,36,41
Daekrun,argent-dawn,1332,rogue,subtlety,98,49,49
Káríc,draenor,1332,rogue,subtlety,40,20,20
Ñavy,archimonde,1332,rogue,subtlety,84,36,48
Yakio,silvermoon,1332,rogue,subtlety,60,25,35
Maam,ravencrest,1331,rogue,subtlety,48,26,22
Бейнс,howling-fjord,1331,rogue,subtlety,30,15,15
Niinim,draenor,1328,rogue,subtlety,350,191,159
Meshay,kazzak,1327,rogue,subtlety,43,24,19
Qiiss,stormscale,1327,rogue,subtlety,54,30,24
Азунайт,ashenvale,1325,rogue,subtlety,29,15,14
Bleeds,thrall,1324,rogue,subtlety,47,24,23
Yasu,outland,1324,rogue,subtlety,149,74,75
Catthief,ravencrest,1322,rogue,subtlety,51,25,26
Cowmbat,tarren-mill,1322,rogue,subtlety,62,30,32
Tootskie,outland,1320,rogue,subtlety,104,61,43
Кверест,howling-fjord,1320,rogue,subtlety,24,14,10
Shuo,blackrock,1317,rogue,subtlety,24,14,10
Kïdney,stormscale,1317,rogue,subtlety,72,41,31
Ðàrx,archimonde,1317,rogue,subtlety,77,35,42
Billybang,outland,1316,rogue,subtlety,112,58,54
Strangeboyxx,ravencrest,1312,rogue,subtlety,36,14,22
Ryzem,archimonde,1311,rogue,subtlety,499,257,242
Althieves,ravencrest,1310,rogue,subtlety,120,63,57
Callboy,turalyon,1310,rogue,subtlety,66,34,32
Ultriz,twisting-nether,1310,rogue,subtlety,35,15,20
Boorza,silvermoon,1309,rogue,subtlety,30,16,14
Eáz,ravencrest,1308,rogue,subtlety,18,14,4
Дамаскус,booty-bay,1308,rogue,subtlety,24,14,10
Йаяга,soulflayer,1308,rogue,subtlety,30,16,14
Souldreader,draenor,1307,rogue,subtlety,18,15,3
Геопанк,howling-fjord,1307,rogue,subtlety,24,14,10
Snack,burning-legion,1307,rogue,subtlety,33,16,17
Senzus,twisting-nether,1307,rogue,subtlety,30,14,16
Darkral,nemesis,1307,rogue,subtlety,48,19,29
Ракфорн,howling-fjord,1306,rogue,subtlety,179,87,92
Levíeus,blackrock,1305,rogue,subtlety,132,73,59
Bloodwraith,stormscale,1305,rogue,subtlety,36,14,22
Lyroth,silvermoon,1304,rogue,subtlety,77,34,43
Scrumptious,darksorrow,1303,rogue,subtlety,30,14,16
Cenvadois,blackmoore,1303,rogue,subtlety,36,16,20
Káji,frostmane,1302,rogue,subtlety,18,14,4
Лофиан,gordunni,1302,rogue,subtlety,84,41,43
Jèlly,outland,1300,rogue,subtlety,48,27,21
Luckeri,antonidas,1300,rogue,subtlety,66,32,34
Johncéná,stormscale,1297,rogue,subtlety,42,22,20
Duzhel,kazzak,1294,rogue,subtlety,35,17,18
Grimv,frostmane,1293,rogue,subtlety,30,15,15
Expositiv,blackmoore,1292,rogue,subtlety,24,14,10
Jøwy,archimonde,1291,rogue,subtlety,36,16,20
Swiftshank,grim-batol,1290,rogue,subtlety,72,29,43
Djeud,archimonde,1288,rogue,subtlety,118,68,50
Hajdit,frostmourne,1287,rogue,subtlety,33,20,13
Kouru,outland,1287,rogue,subtlety,42,20,22
Rhytmic,drakthul,1286,rogue,subtlety,30,14,16
Cnac,stormscale,1286,rogue,subtlety,52,21,31
Bzuco,tarren-mill,1285,rogue,subtlety,30,21,9
Billgatez,blackrock,1285,rogue,subtlety,27,14,13
Chïnaski,sargeras,1285,rogue,subtlety,37,19,18
Йзвинись,howling-fjord,1284,rogue,subtlety,42,21,21
Adwl,archimonde,1284,rogue,subtlety,201,98,103
Aikaza,blackmoore,1284,rogue,subtlety,30,14,16
Melfîce,blackhand,1283,rogue,subtlety,36,19,17
Тучёна,soulflayer,1282,rogue,subtlety,66,38,28
Fugly,ragnaros,1281,rogue,subtlety,37,14,23
Swâggerino,kazzak,1280,rogue,subtlety,62,32,30
Akazuki,alleria,1280,rogue,subtlety,36,14,22
Amuini,magtheridon,1279,rogue,subtlety,32,15,17
Misantropia,nemesis,1278,rogue,subtlety,132,61,71
Сайгакк,galakrond,1277,rogue,subtlety,35,19,16
Niapro,dun-morogh,1277,rogue,subtlety,42,21,21
Zhadowên,outland,1276,rogue,subtlety,72,34,38
Backcracker,thunderhorn,1274,rogue,subtlety,30,15,15
Bizkitz,argent-dawn,1274,rogue,subtlety,36,14,22
Шмарамышь,soulflayer,1273,rogue,subtlety,40,22,18
Mizoy,blackmoore,1273,rogue,subtlety,40,15,25
Ouvrebwate,archimonde,1272,rogue,subtlety,23,14,9
Neymar,ysondre,1272,rogue,subtlety,78,40,38
Vanéry,ravencrest,1272,rogue,subtlety,30,15,15
Guiltythief,stormscale,1272,rogue,subtlety,37,18,19
Petsakos,ravencrest,1272,rogue,subtlety,33,15,18
Янимагу,soulflayer,1271,rogue,subtlety,55,24,31
Funhinten,blackmoore,1269,rogue,subtlety,30,14,16
Vanisha,outland,1267,rogue,subtlety,36,14,22
Шикорро,soulflayer,1266,rogue,subtlety,36,18,18
Smeyra,magtheridon,1262,rogue,subtlety,114,63,51
Муфдшы,gordunni,1260,rogue,subtlety,48,29,19
Thehand,eonar,1260,rogue,subtlety,90,51,39
Monoxid,eredar,1260,rogue,subtlety,125,61,64
Edaniel,draenor,1260,rogue,subtlety,72,35,37
Интерфи,blackscar,1260,rogue,subtlety,134,63,71
Usainßreak,chogall,1258,rogue,subtlety,24,14,10
Соважь,soulflayer,1258,rogue,subtlety,48,19,29
Sozokujin,ysondre,1257,rogue,subtlety,30,16,14
Zanaken,stormscale,1256,rogue,subtlety,252,126,126
Absol,hellscream,1255,rogue,subtlety,100,48,52
Hashlund,stormscale,1255,rogue,subtlety,50,24,26
Stin,blackrock,1255,rogue,subtlety,137,62,75
Фирмиана,howling-fjord,1253,rogue,subtlety,66,35,31
Dägorath,dun-modr,1249,rogue,subtlety,28,15,13
Beefboss,neptulon,1248,rogue,subtlety,18,13,5
Mealy,auchindoun,1248,rogue,subtlety,96,48,48
Axelaz,ravencrest,1247,rogue,subtlety,24,13,11
Missesinvis,blackmoore,1246,rogue,subtlety,18,13,5
Xeggy,turalyon,1246,rogue,subtlety,202,109,93
Optoo,ragnaros,1246,rogue,subtlety,41,21,20
Eriksonn,drakthul,1246,rogue,subtlety,61,29,32
Sneakysáp,ravencrest,1245,rogue,subtlety,18,13,5
Heskmad,kazzak,1245,rogue,subtlety,62,31,31
Later,saurfang,1245,rogue,subtlety,28,14,14
Zvarka,drakthul,1244,rogue,subtlety,30,21,9
Wrathlolz,terokkar,1244,rogue,subtlety,24,13,11
Behêmoth,hyjal,1243,rogue,subtlety,18,13,5
Narar,stormscale,1243,rogue,subtlety,59,38,21
Зити,blackscar,1243,rogue,subtlety,24,13,11
Masanari,die-nachtwache,1243,rogue,subtlety,38,15,23
Cørek,blackhand,1241,rogue,subtlety,24,13,11
Лэйкиро,gordunni,1239,rogue,subtlety,24,13,11
Behindü,frostmane,1235,rogue,subtlety,108,49,59
Skillissuex,tarren-mill,1234,rogue,subtlety,361,186,175
Suikastman,silvermoon,1234,rogue,subtlety,40,18,22
Æsthaetic,silvermoon,1233,rogue,subtlety,211,96,115
Siktiritos,malganis,1232,rogue,subtlety,66,30,36
Nexieane,ravencrest,1231,rogue,subtlety,160,79,81
Alekkush,silvermoon,1231,rogue,subtlety,30,13,17
Alltaïr,ravencrest,1229,rogue,subtlety,153,81,72
Shrèéd,blackmoore,1229,rogue,subtlety,65,30,35
Behiq,aggramar,1228,rogue,subtlety,24,15,9
Obsçuritý,ragnaros,1228,rogue,subtlety,83,49,34
Shiréz,blackmoore,1228,rogue,subtlety,101,50,51
Sambä,sanguino,1228,rogue,subtlety,66,32,34
Buttonsfly,silvermoon,1227,rogue,subtlety,126,76,50
Silnce,outland,1227,rogue,subtlety,78,36,42
Spky,ravencrest,1225,rogue,subtlety,24,13,11
Mckk,tarren-mill,1225,rogue,subtlety,77,41,36
Exine,sanguino,1224,rogue,subtlety,24,13,11
Gansull,nemesis,1224,rogue,subtlety,54,24,30
Pøpsmoke,outland,1224,rogue,subtlety,60,26,34
Wøølfgang,archimonde,1222,rogue,subtlety,83,39,44
Лиргенвард,deathguard,1222,rogue,subtlety,124,55,69
Joyfulundead,frostwolf,1220,rogue,subtlety,36,21,15
Taniwa,archimonde,1219,rogue,subtlety,89,43,46
Пузэн,howling-fjord,1217,rogue,subtlety,114,68,46
Cesârion,antonidas,1216,rogue,subtlety,312,150,162
Фалвир,howling-fjord,1215,rogue,subtlety,23,14,9
Ézzah,blackhand,1215,rogue,subtlety,140,60,80
Arrzhan,silvermoon,1214,rogue,subtlety,92,53,39
Jäshin,hyjal,1213,rogue,subtlety,42,13,29
Ксионас,gordunni,1212,rogue,subtlety,82,36,46
Иннхотеп,howling-fjord,1211,rogue,subtlety,26,15,11
Ултра,gordunni,1210,rogue,subtlety,189,91,98
Sneakypuss,sylvanas,1209,rogue,subtlety,52,21,31
Erx,ragnaros,1208,rogue,subtlety,24,13,11
Валанбалас,soulflayer,1208,rogue,subtlety,54,29,25
Zergroidz,kazzak,1208,rogue,subtlety,169,82,87
Theriaeu,ravencrest,1207,rogue,subtlety,51,26,25
Теньглуши,gordunni,1206,rogue,subtlety,65,29,36
Коффемолка,ashenvale,1205,rogue,subtlety,96,43,53
Evadeez,tarren-mill,1204,rogue,subtlety,36,14,22
Jomoama,norgannon,1203,rogue,subtlety,48,21,27
Фордрэн,deathguard,1202,rogue,subtlety,28,15,13
Heulleise,die-ewige-wacht,1201,rogue,subtlety,27,15,12
Сладкийперец,borean-tundra,1200,rogue,subtlety,64,31,33
Sokillu,silvermoon,1199,rogue,subtlety,66,28,38
Mozzart,ragnaros,1198,rogue,subtlety,48,23,25
Xaiko,baelgun,1196,rogue,subtlety,38,23,15
Chãøs,silvermoon,1196,rogue,subtlety,60,29,31
Скримшейд,gordunni,1196,rogue,subtlety,48,21,27
Бигсмурф,gordunni,1195,rogue,subtlety,50,19,31
Cantseeme,anachronos,1194,rogue,subtlety,48,18,30
Pixelrogue,argent-dawn,1192,rogue,subtlety,52,26,26
Audiotronic,blackmoore,1191,rogue,subtlety,101,46,55
Эрихард,howling-fjord,1191,rogue,subtlety,41,18,23
Zelìx,frostmane,1190,rogue,subtlety,54,32,22
Тайнушка,soulflayer,1190,rogue,subtlety,66,35,31
Чайрлайн,blackscar,1190,rogue,subtlety,40,17,23
Coaraze,eldrethalas,1185,rogue,subtlety,108,50,58
Neoly,outland,1184,rogue,subtlety,30,21,9
Celadríe,argent-dawn,1184,rogue,subtlety,36,24,12
Lånaya,sylvanas,1183,rogue,subtlety,77,37,40
Smoothiè,twisting-nether,1183,rogue,subtlety,98,47,51
Djinnx,malganis,1182,rogue,subtlety,42,17,25
Попочке,soulflayer,1175,rogue,subtlety,36,23,13
Rúgur,twisting-nether,1175,rogue,subtlety,24,15,9
Syneth,drakthul,1174,rogue,subtlety,25,16,9
Mercìles,kazzak,1173,rogue,subtlety,73,46,27
Dåjjal,ravencrest,1172,rogue,subtlety,29,13,16
Rogueseanne,blackrock,1171,rogue,subtlety,72,32,40
Lupos,anubarak,1171,rogue,subtlety,42,14,28
Jisz,doomhammer,1170,rogue,subtlety,90,45,45
Рестинписер,soulflayer,1170,rogue,subtlety,317,155,162
Тирниса,gordunni,1168,rogue,subtlety,33,18,15
Gìngèr,kazzak,1168,rogue,subtlety,24,13,11
Трикстэд,soulflayer,1168,rogue,subtlety,72,37,35
Silence,burning-blade,1168,rogue,subtlety,36,14,22
Varne,les-sentinelles,1168,rogue,subtlety,42,16,26
Inextricabil,stormscale,1167,rogue,subtlety,42,17,25
Киржик,soulflayer,1163,rogue,subtlety,48,23,25
Злайа,blackscar,1163,rogue,subtlety,70,28,42
Maxtnulaujeu,archimonde,1162,rogue,subtlety,65,31,34
Lookbehîndu,aegwynn,1162,rogue,subtlety,43,20,23
Lêgòlàs,blackmoore,1161,rogue,subtlety,113,62,51
Kurichu,archimonde,1159,rogue,subtlety,30,13,17
Takeitèásy,blackrock,1159,rogue,subtlety,42,14,28
Instealth,draenor,1158,rogue,subtlety,120,51,69
Пораменяться,gordunni,1156,rogue,subtlety,186,84,102
Shuffeyrt,frostmane,1154,rogue,subtlety,51,26,25
Flambî,dalaran,1153,rogue,subtlety,82,41,41
Скорпеон,deathguard,1152,rogue,subtlety,48,32,16
Skitzo,ravencrest,1152,rogue,subtlety,24,12,12
Lemaroxd,tarren-mill,1151,rogue,subtlety,18,12,6
Озхоггер,gordunni,1151,rogue,subtlety,18,12,6
Nephology,ravencrest,1151,rogue,subtlety,18,12,6
Чипшотина,azuregos,1151,rogue,subtlety,18,12,6
Cesar,blackhand,1151,rogue,subtlety,172,94,78
Jayjayklobsn,antonidas,1151,rogue,subtlety,24,12,12
Shôka,dalaran,1151,rogue,subtlety,28,13,15
Зеротулав,gordunni,1151,rogue,subtlety,30,12,18
Kasualaf,stormscale,1150,rogue,subtlety,24,12,12
Stepdancer,blackmoore,1150,rogue,subtlety,24,12,12
Eltitoedu,dun-modr,1150,rogue,subtlety,24,12,12
Avøry,antonidas,1150,rogue,subtlety,101,42,59
Hængøvèr,antonidas,1150,rogue,subtlety,30,12,18
Jorppe,kazzak,1148,rogue,subtlety,72,40,32
Teralala,kazzak,1146,rogue,subtlety,24,12,12
Bonelesschic,silvermoon,1146,rogue,subtlety,24,12,12
Buffdh,eredar,1145,rogue,subtlety,24,12,12
Дракакула,blackscar,1143,rogue,subtlety,21,13,8
Intrix,draenor,1143,rogue,subtlety,24,12,12
Bandèra,ragnaros,1143,rogue,subtlety,53,20,33
Stayhumble,turalyon,1141,rogue,subtlety,24,12,12
Stabymoose,draenor,1141,rogue,subtlety,55,23,32
Mitaktika,silvermoon,1140,rogue,subtlety,18,12,6
Crípplé,ravencrest,1140,rogue,subtlety,18,12,6
Lovetospoon,ravencrest,1140,rogue,subtlety,43,22,21
Roguegutten,quelthalas,1140,rogue,subtlety,35,15,20
Turrok,ravencrest,1139,rogue,subtlety,36,17,19
Hazero,frostmane,1138,rogue,subtlety,30,12,18
Jacktripper,blackrock,1137,rogue,subtlety,48,20,28
Houston,aegwynn,1136,rogue,subtlety,26,13,13
Grris,stormscale,1136,rogue,subtlety,48,12,36
Zhopsy,nemesis,1135,rogue,subtlety,48,18,30
Schärrehänd,blackrock,1135,rogue,subtlety,42,15,27
Ланароудсс,gordunni,1134,rogue,subtlety,24,12,12
Ithilyien,blackmoore,1134,rogue,subtlety,62,21,41
Løuvees,archimonde,1131,rogue,subtlety,18,12,6
Darkan,kaelthas,1131,rogue,subtlety,96,52,44
Ambushmike,gorgonnash,1131,rogue,subtlety,145,74,71
Thenotorious,shadowsong,1130,rogue,subtlety,110,46,64
Mojojina,theradras,1128,rogue,subtlety,30,16,14
Tsvetomir,doomhammer,1128,rogue,subtlety,26,12,14
Ðarëk,dun-modr,1127,rogue,subtlety,66,27,39
Gpóínt,blackmoore,1126,rogue,subtlety,34,15,19
Vrederun,blackrock,1125,rogue,subtlety,24,12,12
Anala,stormreaver,1123,rogue,subtlety,24,14,10
Ithru,twisting-nether,1123,rogue,subtlety,313,159,154
Pummra,kul-tiras,1122,rogue,subtlety,42,23,19
Faelylanea,argent-dawn,1122,rogue,subtlety,36,16,20
Paveli,ravencrest,1122,rogue,subtlety,78,34,44
Моямайя,eversong,1122,rogue,subtlety,77,32,45
Lilsalad,ravencrest,1121,rogue,subtlety,29,12,17
Berneo,burning-legion,1121,rogue,subtlety,42,13,29
Mïta,blackmoore,1119,rogue,subtlety,48,20,28
Sebik,ravencrest,1118,rogue,subtlety,23,12,11
Mysies,ysondre,1117,rogue,subtlety,29,13,16
Вайлиция,ashenvale,1115,rogue,subtlety,57,34,23
Сабанутый,howling-fjord,1112,rogue,subtlety,122,67,55
Coronababy,argent-dawn,1111,rogue,subtlety,24,13,11
Blantek,defias-brotherhood,1110,rogue,subtlety,36,20,16
Deprress,silvermoon,1109,rogue,subtlety,18,12,6
Mokey,boulderfist,1107,rogue,subtlety,21,14,7
Graymyst,outland,1103,rogue,subtlety,30,14,16
Banginghard,dunemaul,1103,rogue,subtlety,28,13,15
Sênsus,antonidas,1102,rogue,subtlety,144,63,81
Fumai,blackmoore,1097,rogue,subtlety,24,12,12
Fastspectre,ravencrest,1096,rogue,subtlety,78,42,36
Soulpanic,draenor,1095,rogue,subtlety,28,19,9
Knifeex,ravencrest,1094,rogue,subtlety,32,13,19
Jailkaz,thrall,1093,rogue,subtlety,29,13,16
Sykin,eredar,1089,rogue,subtlety,23,12,11
Беточка,gordunni,1087,rogue,subtlety,54,31,23
Yüm,burning-blade,1087,rogue,subtlety,59,25,34
Yamoshí,sanguino,1086,rogue,subtlety,40,20,20
Tøxykø,archimonde,1086,rogue,subtlety,46,21,25
Surinamort,voljin,1085,rogue,subtlety,54,17,37
Hersuub,blackmoore,1080,rogue,subtlety,59,28,31
Dallrend,stormscale,1078,rogue,subtlety,36,16,20
Stâr,archimonde,1077,rogue,subtlety,28,13,15
ßøß,ysondre,1077,rogue,subtlety,80,37,43
Pepperbox,twisting-nether,1074,rogue,subtlety,30,15,15
Зацеп,gordunni,1073,rogue,subtlety,36,22,14
Zenajlz,outland,1073,rogue,subtlety,22,12,10
Löka,amanthul,1071,rogue,subtlety,117,59,58
Псиихооз,eversong,1070,rogue,subtlety,25,13,12
Idrîl,rashgarroth,1068,rogue,subtlety,42,22,20
Benvagin,hyjal,1067,rogue,subtlety,32,12,20
Kucheenstab,blackrock,1065,rogue,subtlety,30,13,17
Copoka,dun-morogh,1063,rogue,subtlety,30,16,14
Розбэйник,gordunni,1061,rogue,subtlety,84,44,40
Freddybst,twisting-nether,1060,rogue,subtlety,32,18,14
Grinfester,stormscale,1059,rogue,subtlety,53,17,36
Bultars,argent-dawn,1058,rogue,subtlety,72,26,46
Zkittlez,blackhand,1056,rogue,subtlety,18,11,7
Lïke,frostwolf,1056,rogue,subtlety,18,11,7
Sátyrícon,ravencrest,1056,rogue,subtlety,24,11,13
Roundrobin,ravencrest,1056,rogue,subtlety,30,11,19
Kopka,draenor,1055,rogue,subtlety,18,11,7
Keeke,outland,1055,rogue,subtlety,18,11,7
Like,aegwynn,1055,rogue,subtlety,21,12,9
Aouron,archimonde,1055,rogue,subtlety,25,13,12
Флеймсфорт,gordunni,1055,rogue,subtlety,35,16,19
Shipshot,blackrock,1054,rogue,subtlety,18,11,7
Oshä,dalaran,1054,rogue,subtlety,30,18,12
Fatnutsac,eredar,1054,rogue,subtlety,24,11,13
Nîllá,blackmoore,1054,rogue,subtlety,30,11,19
Mídnight,khaz-modan,1054,rogue,subtlety,39,13,26
Sparrowxd,aegwynn,1053,rogue,subtlety,21,12,9
Monstermads,kazzak,1053,rogue,subtlety,24,11,13
Hookäh,chants-éternels,1052,rogue,subtlety,24,11,13
Azg,chogall,1052,rogue,subtlety,31,14,17
Killthatmage,shattered-hand,1050,rogue,subtlety,18,11,7
Blades,blackmoore,1050,rogue,subtlety,24,12,12
Ziqqiqt,thrall,1050,rogue,subtlety,24,11,13
Missàh,archimonde,1049,rogue,subtlety,18,11,7
Shirá,hyjal,1049,rogue,subtlety,18,11,7
Tripletwenty,ravencrest,1049,rogue,subtlety,18,11,7
Vampor,sylvanas,1049,rogue,subtlety,91,36,55
Йованов,gordunni,1048,rogue,subtlety,18,11,7
Darkveil,xavius,1048,rogue,subtlety,24,11,13
Qylu,argent-dawn,1047,rogue,subtlety,18,11,7
Thedarkness,sylvanas,1047,rogue,subtlety,27,15,12
Shëîk,hyjal,1047,rogue,subtlety,49,24,25
Floorjansen,sylvanas,1046,rogue,subtlety,18,11,7
Celendyl,ravencrest,1045,rogue,subtlety,24,13,11
Underarmor,kul-tiras,1045,rogue,subtlety,106,44,62
Pikanother,dalaran,1044,rogue,subtlety,53,23,30
Вишнуизм,gordunni,1043,rogue,subtlety,30,11,19
Rearmer,burning-legion,1043,rogue,subtlety,30,11,19
Poughkeepsie,outland,1042,rogue,subtlety,24,11,13
Sicario,aegwynn,1041,rogue,subtlety,24,11,13
Twinkyzzö,archimonde,1040,rogue,subtlety,40,21,19
Fodepalmas,sanguino,1040,rogue,subtlety,59,25,34
Goldenblitz,blackmoore,1040,rogue,subtlety,42,13,29
Rudyghb,doomhammer,1038,rogue,subtlety,59,31,28
Roóty,ravencrest,1037,rogue,subtlety,30,13,17
Doomdagger,chamber-of-aspects,1036,rogue,subtlety,23,11,12
Drakaess,archimonde,1032,rogue,subtlety,24,11,13
Горланг,ashenvale,1031,rogue,subtlety,29,15,14
Geroge,sylvanas,1028,rogue,subtlety,27,19,8
Lylestra,neptulon,1028,rogue,subtlety,30,11,19
Finkle,blackmoore,1027,rogue,subtlety,30,11,19
Nirvána,outland,1026,rogue,subtlety,73,35,38
Byonics,durotan,1024,rogue,subtlety,18,11,7
Зебол,howling-fjord,1024,rogue,subtlety,36,17,19
Рэйбэк,howling-fjord,1024,rogue,subtlety,30,11,19
Malfeasance,argent-dawn,1019,rogue,subtlety,24,11,13
Аутянин,soulflayer,1019,rogue,subtlety,61,15,46
Sît,twisting-nether,1018,rogue,subtlety,30,11,19
Умбрен,lich-king,1016,rogue,subtlety,42,24,18
Streîk,hyjal,1013,rogue,subtlety,78,33,45
Whaiipy,ravencrest,1007,rogue,subtlety,119,64,55
Gobygoby,naxxramas,1007,rogue,subtlety,30,14,16
Райан,fordragon,1006,rogue,subtlety,29,11,18
Ratolí,dun-modr,1005,rogue,subtlety,24,16,8
Valiéna,dun-morogh,1002,rogue,subtlety,76,27,49
Skankky,ragnaros,1000,rogue,subtlety,18,12,6
Shababe,tirion,999,rogue,subtlety,36,20,16
Leylaris,argent-dawn,998,rogue,subtlety,30,12,18
Axeldarq,draenor,998,rogue,subtlety,39,11,28
Cuckboy,chogall,997,rogue,subtlety,55,31,24
Lenwe,blackmoore,996,rogue,subtlety,29,14,15
Drakhez,sanguino,995,rogue,subtlety,18,12,6
Галиновна,soulflayer,994,rogue,subtlety,145,64,81
Энвитио,gordunni,993,rogue,subtlety,18,11,7
Артимидушка,soulflayer,990,rogue,subtlety,16,11,5
Outofnowhere,ravencrest,990,rogue,subtlety,23,11,12
Protolink,zuljin,990,rogue,subtlety,76,30,46
Charbiya,silvermoon,986,rogue,subtlety,24,12,12
Jiraishin,blackmoore,986,rogue,subtlety,30,11,19
Stuxothug,silvermoon,984,rogue,subtlety,75,37,38
Sheyrrà,aegwynn,980,rogue,subtlety,54,18,36
Thicck,twisting-nether,980,rogue,subtlety,48,13,35
Onemine,sanguino,978,rogue,subtlety,29,18,11
Raglaron,draenor,977,rogue,subtlety,33,13,20
Alvoriace,hyjal,976,rogue,subtlety,21,13,8
Sycko,alakir,976,rogue,subtlety,48,28,20
Dudemar,ravencrest,975,rogue,subtlety,24,11,13
Sassasine,amanthul,973,rogue,subtlety,73,33,40
Duo,karazhan,973,rogue,subtlety,96,33,63
Reginlief,argent-dawn,972,rogue,subtlety,47,21,26
Mallaurya,dalaran,971,rogue,subtlety,24,14,10
Mannheim,kazzak,968,rogue,subtlety,42,23,19
Roguevatar,quelthalas,968,rogue,subtlety,60,29,31
Garretygdar,nazjatar,968,rogue,subtlety,54,25,29
Pitmaster,burning-legion,966,rogue,subtlety,77,37,40
Mishana,thrall,966,rogue,subtlety,24,11,13
Allurinea,silvermoon,964,rogue,subtlety,81,43,38
Sentaria,argent-dawn,963,rogue,subtlety,66,35,31
Takenòtes,nemesis,960,rogue,subtlety,18,10,8
Naazki,stormscale,960,rogue,subtlety,24,10,14
Proilas,draenor,960,rogue,subtlety,24,10,14
Mestarikélmi,ravencrest,960,rogue,subtlety,27,10,17
Slayered,burning-legion,960,rogue,subtlety,30,10,20
Noboorstsub,ravencrest,959,rogue,subtlety,12,10,2
Spykee,culte-de-la-rive-noire,959,rogue,subtlety,12,10,2
Danori,grim-batol,959,rogue,subtlety,18,10,8
Триплсап,howling-fjord,959,rogue,subtlety,24,10,14
Reichy,ravencrest,959,rogue,subtlety,24,10,14
Mamutyo,kazzak,958,rogue,subtlety,12,10,2
Dimidimi,wildhammer,958,rogue,subtlety,18,10,8
Kilabre,twisting-nether,958,rogue,subtlety,18,10,8
Jdç,tarren-mill,958,rogue,subtlety,18,10,8
Ruckusxx,ravencrest,957,rogue,subtlety,15,11,4
Kolto,argent-dawn,957,rogue,subtlety,24,10,14
Ilyrya,azuremyst,955,rogue,subtlety,18,10,8
Hidinginash,twisting-nether,955,rogue,subtlety,18,10,8
Dredge,kaelthas,955,rogue,subtlety,18,10,8
Øê,ravencrest,955,rogue,subtlety,21,10,11
Radgaa,draenor,955,rogue,subtlety,24,10,14
Psg,argent-dawn,955,rogue,subtlety,25,10,15
Zëkke,sanguino,954,rogue,subtlety,16,11,5
Neyokqt,blackrock,954,rogue,subtlety,18,10,8
Nacknschelle,thrall,953,rogue,subtlety,30,10,20
Baldim,silvermoon,949,rogue,subtlety,19,10,9
Zervi,silvermoon,949,rogue,subtlety,53,24,29
Тарний,gordunni,947,rogue,subtlety,24,10,14
Mantîs,tarren-mill,946,rogue,subtlety,71,35,36
Ccrogue,nemesis,946,rogue,subtlety,42,19,23
Zakarïa,draenor,944,rogue,subtlety,18,10,8
Gimliwitdega,doomhammer,944,rogue,subtlety,296,150,146
Синграйм,soulflayer,942,rogue,subtlety,48,26,22
Deadlybrew,twisting-nether,942,rogue,subtlety,23,10,13
Koutzai,stormscale,942,rogue,subtlety,76,26,50
Zoodiac,khazgoroth,941,rogue,subtlety,29,10,19
Prøven,archimonde,940,rogue,subtlety,30,10,20
Bückdichdoch,blackhand,940,rogue,subtlety,30,10,20
Ramone,ravencrest,935,rogue,subtlety,19,11,8
Cozu,stormrage,935,rogue,subtlety,110,57,53
Oazo,ysondre,931,rogue,subtlety,101,45,56
Shíey,antonidas,930,rogue,subtlety,35,11,24
Owoaho,eonar,926,rogue,subtlety,24,14,10
Katarïnä,khaz-modan,926,rogue,subtlety,46,23,23
Ридлли,soulflayer,926,rogue,subtlety,22,11,11
Снарки,booty-bay,925,rogue,subtlety,64,31,33
Drakusus,azshara,924,rogue,subtlety,37,16,21
Strikes,eredar,923,rogue,subtlety,42,22,20
Fizgaroth,argent-dawn,923,rogue,subtlety,73,38,35
Kalstab,silvermoon,922,rogue,subtlety,20,11,9
Shaadowz,ragnaros,916,rogue,subtlety,62,32,30
Liquidgaba,ravencrest,913,rogue,subtlety,84,41,43
Rifinou,archimonde,910,rogue,subtlety,18,11,7
Aschoni,dethecus,908,rogue,subtlety,23,10,13
Sensule,darkspear,908,rogue,subtlety,23,10,13
Dainhek,gilneas,903,rogue,subtlety,61,31,30
Shurkan,antonidas,902,rogue,subtlety,48,22,26
Hemorhoid,outland,901,rogue,subtlety,114,58,56
Rêdbello,dun-morogh,901,rogue,subtlety,81,41,40
Shibaii,archimonde,901,rogue,subtlety,156,65,91
Sødø,silvermoon,900,rogue,subtlety,48,24,24
Haregan,gorgonnash,891,rogue,subtlety,18,10,8
Saroumani,eitrigg,891,rogue,subtlety,30,16,14
Tidløs,dun-morogh,890,rogue,subtlety,28,11,17
Singularität,silvermoon,888,rogue,subtlety,133,68,65
Lolblizard,gorgonnash,881,rogue,subtlety,21,12,9
Calyon,hyjal,881,rogue,subtlety,51,13,38
Davshadows,magtheridon,876,rogue,subtlety,48,22,26
Ракельяр,blackscar,875,rogue,subtlety,15,11,4
Rizzardx,ravencrest,875,rogue,subtlety,18,10,8
Kikkshifter,zuluhed,874,rogue,subtlety,36,17,19
Laxer,burning-legion,873,rogue,subtlety,22,10,12
Sephika,chants-éternels,871,rogue,subtlety,55,13,42
Zarlen,argent-dawn,870,rogue,subtlety,108,41,67
Mortdorei,argent-dawn,866,rogue,subtlety,97,47,50
Фрозенденс,gordunni,864,rogue,subtlety,12,9,3
Анми,gordunni,864,rogue,subtlety,12,9,3
Kostik,ravencrest,864,rogue,subtlety,12,9,3
Гаротка,razuvious,864,rogue,subtlety,12,9,3
Hængøver,antonidas,864,rogue,subtlety,12,9,3
Nasklagatv,rashgarroth,864,rogue,subtlety,18,9,9
Geá,ravencrest,864,rogue,subtlety,18,9,9
Cortyup,ravencrest,864,rogue,subtlety,18,9,9
Rúckus,ravencrest,864,rogue,subtlety,18,9,9
Ðéstr,ravencrest,864,rogue,subtlety,18,9,9
Irugä,dun-modr,864,rogue,subtlety,18,9,9
Draytonlove,nemesis,864,rogue,subtlety,18,9,9
Buú,kazzak,864,rogue,subtlety,18,9,9
Ambulances,kazzak,863,rogue,subtlety,12,9,3
Astereex,sylvanas,863,rogue,subtlety,12,9,3
Gserog,chamber-of-aspects,863,rogue,subtlety,12,9,3
Visegrád,aggra-português,863,rogue,subtlety,12,9,3
Oguru,eredar,863,rogue,subtlety,18,9,9
Рэкрейвон,gordunni,863,rogue,subtlety,18,9,9
Lenani,blackrock,863,rogue,subtlety,18,9,9
Alleyezonme,stormscale,863,rogue,subtlety,18,9,9
Skullboy,blackmoore,863,rogue,subtlety,18,9,9
Jeruna,veklor,863,rogue,subtlety,18,9,9
Tonu,sanguino,863,rogue,subtlety,18,9,9
Leanderrisin,ragnaros,862,rogue,subtlety,18,9,9
Nícks,tarren-mill,862,rogue,subtlety,18,9,9
Oldschool,sanguino,862,rogue,subtlety,18,9,9
Grikra,argent-dawn,862,rogue,subtlety,32,15,17
Neverdyingx,ragnaros,862,rogue,subtlety,30,9,21
Crixor,blackrock,861,rogue,subtlety,12,9,3
Duffbeer,silvermoon,861,rogue,subtlety,18,9,9
Isodad,kazzak,861,rogue,subtlety,18,9,9
Fwizk,twisting-nether,861,rogue,subtlety,18,9,9
Lêvi,outland,861,rogue,subtlety,18,9,9
Shinkillua,archimonde,860,rogue,subtlety,18,9,9
Getbleeded,stormscale,859,rogue,subtlety,18,9,9
Eightball,frostmane,859,rogue,subtlety,18,9,9
Bagirä,sylvanas,859,rogue,subtlety,21,9,12
Куцитар,gordunni,858,rogue,subtlety,18,9,9
Emìlia,tarren-mill,858,rogue,subtlety,18,9,9
Sequoja,blackrock,858,rogue,subtlety,24,9,15
Aluneran,silvermoon,857,rogue,subtlety,24,9,15
Lesyria,blackrock,855,rogue,subtlety,24,9,15
Omêrta,blackmoore,855,rogue,subtlety,24,9,15
Антиппод,razuvious,854,rogue,subtlety,15,10,5
Ôzzi,draenor,853,rogue,subtlety,18,9,9
Тучс,gordunni,853,rogue,subtlety,19,9,10
Rouge,der-rat-von-dalaran,849,rogue,subtlety,18,9,9
Wìzléy,ravencrest,845,rogue,subtlety,75,36,39
Vanquish,laughing-skull,844,rogue,subtlety,12,9,3
Anklash,blackrock,839,rogue,subtlety,43,12,31
Фогус,greymane,834,rogue,subtlety,32,15,17
Пандафей,deathweaver,831,rogue,subtlety,24,9,15
Puge,norgannon,829,rogue,subtlety,35,9,26
Aeønaxx,hyjal,827,rogue,subtlety,76,32,44
Gizr,haomarush,821,rogue,subtlety,71,30,41
Tnk,twisting-nether,817,rogue,subtlety,18,10,8
Евриклол,soulflayer,815,rogue,subtlety,23,9,14
Trinchö,sanguino,814,rogue,subtlety,77,33,44
Rafax,cthun,814,rogue,subtlety,48,18,30
Snake,nethersturm,814,rogue,subtlety,59,16,43
Prda,aegwynn,810,rogue,subtlety,78,31,47
Wurzelzepp,blackrock,810,rogue,subtlety,23,9,14
Jabbo,silvermoon,809,rogue,subtlety,29,9,20
Clinz,ravencrest,806,rogue,subtlety,26,10,16
Dellya,twisting-nether,806,rogue,subtlety,24,9,15
Cabalion,draenor,800,rogue,subtlety,54,24,30
Тираэлюшка,thermaplugg,799,rogue,subtlety,16,9,7
Ashâa,hyjal,799,rogue,subtlety,18,9,9
Hahårry,ravencrest,797,rogue,subtlety,20,9,11
Ergaviota,colinas-pardas,790,rogue,subtlety,54,12,42
Ecray,burning-legion,784,rogue,subtlety,74,34,40
Roxley,der-mithrilorden,771,rogue,subtlety,28,10,18
Sapstunlol,tarren-mill,768,rogue,subtlety,12,8,4
Robtherobber,kazzak,768,rogue,subtlety,12,8,4
Tilikum,pozzo-delleternità,768,rogue,subtlety,12,8,4
Rogxy,blackrock,768,rogue,subtlety,12,8,4
Djdillá,kazzak,768,rogue,subtlety,12,8,4
Mega,nordrassil,768,rogue,subtlety,12,8,4
Digmore,drakthul,768,rogue,subtlety,12,8,4
Devourswine,argent-dawn,768,rogue,subtlety,12,8,4
Rannec,der-rat-von-dalaran,768,rogue,subtlety,12,8,4
Фрозенблейдс,gordunni,768,rogue,subtlety,12,8,4
Джеанит,gordunni,768,rogue,subtlety,12,8,4
Whoton,archimonde,768,rogue,subtlety,16,9,7
Jénny,sylvanas,768,rogue,subtlety,144,66,78
Ayami,blackhand,768,rogue,subtlety,18,8,10
Ënd,ravencrest,768,rogue,subtlety,18,8,10
Slonerbrah,ravencrest,768,rogue,subtlety,18,8,10
Zygzäg,hyjal,768,rogue,subtlety,18,8,10
Ohdaesu,aegwynn,768,rogue,subtlety,18,8,10
Lesbinan,kazzak,768,rogue,subtlety,18,8,10
Huro,aggramar,767,rogue,subtlety,12,8,4
Luciferx,stormscale,767,rogue,subtlety,12,8,4
Ferrãof,aggra-português,767,rogue,subtlety,12,8,4
Unbanmepls,ravencrest,767,rogue,subtlety,18,8,10
Ðrxy,outland,767,rogue,subtlety,18,8,10
Yunalescax,outland,767,rogue,subtlety,18,8,10
Letmeplay,ravencrest,767,rogue,subtlety,18,8,10
Vexia,twisting-nether,767,rogue,subtlety,18,8,10
Cirell,tarren-mill,767,rogue,subtlety,18,8,10
Mdadx,stormreaver,767,rogue,subtlety,18,8,10
Wraiith,chogall,767,rogue,subtlety,18,8,10
Kleptomaniac,aggra-português,767,rogue,subtlety,24,8,16
Whîspêr,ravencrest,767,rogue,subtlety,24,8,16
Batskcab,blackmoore,767,rogue,subtlety,30,8,22
Хаймох,gordunni,767,rogue,subtlety,30,8,22
Чернабаев,soulflayer,766,rogue,subtlety,12,8,4
Chazsakaï,chogall,766,rogue,subtlety,12,8,4
Baradiir,defias-brotherhood,766,rogue,subtlety,12,8,4
Ytaku,stormscale,766,rogue,subtlety,13,8,5
Faptastíc,blackmoore,766,rogue,subtlety,18,8,10
Tíxoz,archimonde,766,rogue,subtlety,18,8,10
Garriw,nemesis,766,rogue,subtlety,18,8,10
Nekhâ,hyjal,766,rogue,subtlety,18,8,10
Dræmz,twisting-nether,765,rogue,subtlety,12,8,4
Люняшка,booty-bay,765,rogue,subtlety,18,8,10
Лоулайф,soulflayer,765,rogue,subtlety,18,8,10
Pirry,sanguino,764,rogue,subtlety,12,8,4
Purexrogue,dragonblight,764,rogue,subtlety,18,8,10
Chuckloriss,garona,764,rogue,subtlety,18,8,10
Клоуняша,gordunni,764,rogue,subtlety,18,8,10
Kruuv,dun-morogh,764,rogue,subtlety,18,8,10
Ojisanx,outland,764,rogue,subtlety,24,8,16
Akcell,silvermoon,762,rogue,subtlety,12,8,4
Stabwøund,the-maelstrom,761,rogue,subtlety,12,8,4
Tjockolocø,tarren-mill,760,rogue,subtlety,12,8,4
Abomïñatïøñ,ravencrest,759,rogue,subtlety,102,38,64
Niceplan,frostmane,758,rogue,subtlety,19,10,9
Batsu,alleria,753,rogue,subtlety,18,8,10
Теньвора,howling-fjord,750,rogue,subtlety,18,8,10
Kaynasi,hyjal,749,rogue,subtlety,42,9,33
Всечтобыло,howling-fjord,748,rogue,subtlety,12,8,4
Yenzie,dragonblight,745,rogue,subtlety,18,8,10
Madnessbg,tarren-mill,743,rogue,subtlety,15,9,6
Briggo,silvermoon,714,rogue,subtlety,23,9,14
Natekoti,kazzak,714,rogue,subtlety,42,10,32
Nakli,antonidas,713,rogue,subtlety,21,9,12
Faable,silvermoon,709,rogue,subtlety,59,19,40
Zygzåg,hyjal,703,rogue,subtlety,11,8,3
Allchatoff,drakthul,703,rogue,subtlety,11,8,3
Loax,archimonde,703,rogue,subtlety,17,8,9
Форсгодх,gordunni,703,rogue,subtlety,17,8,9
Войенх,gordunni,703,rogue,subtlety,22,8,14
Naiikaii,aegwynn,688,rogue,subtlety,14,8,6
Olivares,ravencrest,686,rogue,subtlety,19,8,11
Owlcat,argent-dawn,681,rogue,subtlety,24,8,16
Gavranovski,ravencrest,672,rogue,subtlety,12,7,5
Gvcci,aegwynn,672,rogue,subtlety,12,7,5
Corpsbeau,ysondre,672,rogue,subtlety,12,7,5
Reyzumi,antonidas,672,rogue,subtlety,12,7,5
Qira,burning-blade,672,rogue,subtlety,12,7,5
Steal,nemesis,672,rogue,subtlety,12,7,5
Zyggz,hyjal,672,rogue,subtlety,12,7,5
Natillaa,dun-modr,672,rogue,subtlety,12,7,5
Jincksrogue,argent-dawn,672,rogue,subtlety,12,7,5
Lovethighs,argent-dawn,672,rogue,subtlety,12,7,5
Gigasoyboy,auchindoun,672,rogue,subtlety,12,7,5
Groobii,area-52,672,rogue,subtlety,12,7,5
Snýz,darksorrow,672,rogue,subtlety,12,7,5
Tagaichi,silvermoon,672,rogue,subtlety,12,7,5
Caípi,frostwolf,672,rogue,subtlety,18,7,11
Zappdaddy,frostwolf,672,rogue,subtlety,18,7,11
Rukiia,blackrock,672,rogue,subtlety,18,7,11
Kohakugawa,kazzak,672,rogue,subtlety,18,7,11
Rantie,onyxia,672,rogue,subtlety,18,7,11
Øptì,ravencrest,672,rogue,subtlety,18,7,11
Odrey,aegwynn,671,rogue,subtlety,12,7,5
Zyhmø,archimonde,671,rogue,subtlety,12,7,5
Казутора,lich-king,671,rogue,subtlety,12,7,5
Codens,kazzak,671,rogue,subtlety,12,7,5
Vathié,twisting-nether,671,rogue,subtlety,12,7,5
Hyake,zuljin,671,rogue,subtlety,12,7,5
Tyzla,blackrock,671,rogue,subtlety,12,7,5
Epi,stormrage,671,rogue,subtlety,12,7,5
Fakekick,blackrock,671,rogue,subtlety,12,7,5
Cøntfarmer,stormscale,671,rogue,subtlety,12,7,5
Totentánz,silvermoon,671,rogue,subtlety,18,7,11
Вейлинс,gordunni,671,rogue,subtlety,18,7,11
Smörkniven,argent-dawn,671,rogue,subtlety,18,7,11
Lanewuquvi,alonsus,671,rogue,subtlety,18,7,11
Roronao,sanguino,671,rogue,subtlety,18,7,11
Ellira,stormscale,671,rogue,subtlety,18,7,11
Késs,aegwynn,671,rogue,subtlety,18,7,11
Tybiereus,argent-dawn,671,rogue,subtlety,18,7,11
Сабстил,soulflayer,671,rogue,subtlety,18,7,11
Princip,drakthul,671,rogue,subtlety,24,7,17
Guzirogue,azshara,671,rogue,subtlety,24,7,17
Nøtiçe,kazzak,671,rogue,subtlety,24,7,17
Daggoth,kiljaeden,671,rogue,subtlety,24,7,17
Rekaens,sylvanas,670,rogue,subtlety,18,7,11
Shâdow,ravenholdt,670,rogue,subtlety,24,7,17
Пникекс,soulflayer,669,rogue,subtlety,12,7,5
Lepreuchan,archimonde,669,rogue,subtlety,12,7,5
Doga,ravencrest,669,rogue,subtlety,18,7,11
Drbackstab,hellfire,669,rogue,subtlety,18,7,11
Elnos,conseil-des-ombres,668,rogue,subtlety,12,7,5
Shiverbane,sargeras,668,rogue,subtlety,16,8,8
Freý,twisting-nether,668,rogue,subtlety,24,7,17
Путаюсь,gordunni,667,rogue,subtlety,12,7,5
Shanos,ravencrest,667,rogue,subtlety,12,7,5
Kunigunde,shattered-hand,667,rogue,subtlety,18,7,11
Fopi,sanguino,667,rogue,subtlety,30,7,23
Cacucoxpahu,kazzak,666,rogue,subtlety,12,7,5
Spinetapper,ravencrest,666,rogue,subtlety,18,7,11
Skene,sanguino,665,rogue,subtlety,52,17,35
Bset,zuljin,664,rogue,subtlety,18,7,11
Posaydon,malorne,664,rogue,subtlety,18,7,11
Azkiel,archimonde,663,rogue,subtlety,18,7,11
Eagleyetr,karazhan,662,rogue,subtlety,12,7,5
Misscash,ragnaros,661,rogue,subtlety,12,7,5
Iceyspicey,outland,658,rogue,subtlety,30,7,23
Скрытнаярога,ashenvale,653,rogue,subtlety,23,7,16
Snogri,burning-legion,648,rogue,subtlety,24,7,17
Brancovich,magtheridon,638,rogue,subtlety,17,7,10
Nineball,frostmane,638,rogue,subtlety,17,7,10
Drspectres,tarren-mill,626,rogue,subtlety,78,20,58
Найсгодх,gordunni,618,rogue,subtlety,17,7,10
Biianca,sylvanas,608,rogue,subtlety,16,7,9
Kosmonaut,pozzo-delleternità,607,rogue,subtlety,11,7,4
Alyannå,culte-de-la-rive-noire,607,rogue,subtlety,11,7,4
Øks,culte-de-la-rive-noire,607,rogue,subtlety,16,7,9
Кийян,howling-fjord,606,rogue,subtlety,11,7,4
Читэри,soulflayer,606,rogue,subtlety,14,7,7
Thiranor,cthun,583,rogue,subtlety,13,7,6
Dixylebanit,outland,576,rogue,subtlety,6,6,0
Logicalxy,ravencrest,576,rogue,subtlety,6,6,0
Grousie,ravencrest,576,rogue,subtlety,12,6,6
Zenone,marécage-de-zangar,576,rogue,subtlety,12,6,6
Feradelia,thrall,576,rogue,subtlety,12,6,6
Уммиикк,goldrinn,576,rogue,subtlety,12,6,6
Fawkkes,la-croisade-écarlate,576,rogue,subtlety,12,6,6
Awaaylol,stormscale,576,rogue,subtlety,12,6,6
Prky,doomhammer,576,rogue,subtlety,12,6,6
Хайдвей,ashenvale,576,rogue,subtlety,12,6,6
ßrklynprnc,blackrock,576,rogue,subtlety,12,6,6
Ypoxthonius,silvermoon,576,rogue,subtlety,12,6,6
Wtbmeld,tarren-mill,576,rogue,subtlety,12,6,6
Shinti,eredar,576,rogue,subtlety,12,6,6
Ewlynaisbad,ragnaros,576,rogue,subtlety,12,6,6
Marcel,blackrock,576,rogue,subtlety,12,6,6
Yörgs,eredar,576,rogue,subtlety,12,6,6
Элайджигроу,howling-fjord,576,rogue,subtlety,12,6,6
Killmani,ravencrest,576,rogue,subtlety,12,6,6
Àlleyezonme,ravencrest,576,rogue,subtlety,12,6,6
Jabbz,blackhand,576,rogue,subtlety,12,6,6
Ciosy,blackrock,576,rogue,subtlety,12,6,6
Джокэссиди,blackscar,576,rogue,subtlety,12,6,6
Deceptionz,ravencrest,576,rogue,subtlety,12,6,6
Daichi,onyxia,576,rogue,subtlety,12,6,6
Ghøßt,outland,576,rogue,subtlety,12,6,6
Hàze,sargeras,576,rogue,subtlety,12,6,6
Soulriver,kelthuzad,576,rogue,subtlety,15,7,8
Tashunkosapa,xavius,576,rogue,subtlety,18,6,12
Kerìon,nemesis,576,rogue,subtlety,18,6,12
Cobrâk,archimonde,576,rogue,subtlety,18,6,12
Dîspatchx,defias-brotherhood,576,rogue,subtlety,18,6,12
Celadrie,kazzak,576,rogue,subtlety,18,6,12
Andrizle,blackmoore,576,rogue,subtlety,18,6,12
Isteria,sylvanas,576,rogue,subtlety,18,6,12
Øzs,argent-dawn,576,rogue,subtlety,24,6,18
Blihhubba,silvermoon,576,rogue,subtlety,24,6,18
Åvírøñgðd,ravencrest,576,rogue,subtlety,24,6,18
Shinõbikék,outland,576,rogue,subtlety,24,6,18
Kiiby,ravencrest,576,rogue,subtlety,24,6,18
Cêline,silvermoon,576,rogue,subtlety,30,6,24
Breuss,elune,575,rogue,subtlety,12,6,6
Kodlak,silvermoon,575,rogue,subtlety,12,6,6
Kalix,agamaggan,575,rogue,subtlety,12,6,6
Kaleigh,grim-batol,575,rogue,subtlety,12,6,6
Bananashow,aegwynn,575,rogue,subtlety,12,6,6
Eup,outland,575,rogue,subtlety,12,6,6
Crispflake,frostwolf,575,rogue,subtlety,12,6,6
Igel,antonidas,575,rogue,subtlety,12,6,6
Botnet,blackmoore,575,rogue,subtlety,12,6,6
Knivestikker,twisting-nether,575,rogue,subtlety,12,6,6
Snustjuven,stormscale,575,rogue,subtlety,12,6,6
Candyshot,thrall,575,rogue,subtlety,12,6,6
Thatsdmg,blackmoore,575,rogue,subtlety,12,6,6
Nóre,kazzak,575,rogue,subtlety,12,6,6
Coolspot,archimonde,575,rogue,subtlety,18,6,12
Girlname,the-maelstrom,575,rogue,subtlety,18,6,12
Hertyso,outland,575,rogue,subtlety,18,6,12
Sharlay,drakthul,575,rogue,subtlety,24,6,18
Zëd,draenor,574,rogue,subtlety,12,6,6
Rojiel,die-todeskrallen,574,rogue,subtlety,24,6,18
Røxxilly,blackmoore,573,rogue,subtlety,12,6,6
Eviroz,culte-de-la-rive-noire,573,rogue,subtlety,12,6,6
Sylvielle,azshara,573,rogue,subtlety,12,6,6
Wolffgang,dalaran,571,rogue,subtlety,12,6,6
Xargonis,blackrock,571,rogue,subtlety,18,6,12
Leukhra,dun-modr,570,rogue,subtlety,12,6,6
Demonrok,stormscale,569,rogue,subtlety,12,6,6
Gegitka,burning-blade,569,rogue,subtlety,12,6,6
Lêvî,sanguino,569,rogue,subtlety,12,6,6
Rhaacvar,magtheridon,566,rogue,subtlety,12,6,6
Frézzer,tirion,566,rogue,subtlety,12,6,6
Auarg,argent-dawn,565,rogue,subtlety,12,6,6
Rookierook,draenor,565,rogue,subtlety,24,6,18
Grekén,bronze-dragonflight,558,rogue,subtlety,17,6,11
Sizzurp,kargath,555,rogue,subtlety,36,6,30
Raneya,antonidas,551,rogue,subtlety,30,6,24
Marryhim,blackhand,543,rogue,subtlety,17,6,11
Ежикх,soulflayer,543,rogue,subtlety,17,6,11
Пупичудо,howling-fjord,543,rogue,subtlety,23,6,17
Shdlens,argent-dawn,542,rogue,subtlety,17,6,11
Notwhaazz,ravencrest,528,rogue,subtlety,9,7,2
Akamee,temple-noir,522,rogue,subtlety,21,8,13
Malignance,drakthul,511,rogue,subtlety,14,7,7
Marcnk,stormscale,511,rogue,subtlety,16,6,10
Stealthr,silvermoon,495,rogue,subtlety,11,6,5
Ripinpiece,outland,494,rogue,subtlety,19,6,13
Pinipiniizz,archimonde,480,rogue,subtlety,6,5,1
Ðoppex,blackmoore,480,rogue,subtlety,6,5,1
Storsnasen,frostmane,480,rogue,subtlety,6,5,1
Rnkx,dun-modr,480,rogue,subtlety,6,5,1
Deadrâw,aegwynn,480,rogue,subtlety,6,5,1
Scørp,ravencrest,480,rogue,subtlety,6,5,1
Myønlyfans,hyjal,480,rogue,subtlety,6,5,1
Deinorsin,outland,480,rogue,subtlety,6,5,1
Araniana,kazzak,480,rogue,subtlety,6,5,1
Penetrantos,eredar,480,rogue,subtlety,6,5,1
Фэйкуои,gordunni,480,rogue,subtlety,6,5,1
Бонястелс,gordunni,480,rogue,subtlety,6,5,1
Rightplay,outland,480,rogue,subtlety,6,5,1
ßênz,archimonde,480,rogue,subtlety,6,5,1
Rngkillaz,archimonde,480,rogue,subtlety,6,5,1
Mastrmind,twisting-nether,480,rogue,subtlety,6,5,1
Izzyb,auchindoun,480,rogue,subtlety,12,5,7
Thriva,blackmoore,480,rogue,subtlety,12,5,7
Karomox,blackmoore,480,rogue,subtlety,12,5,7
Lurk,saurfang,480,rogue,subtlety,12,5,7
Madboo,kazzak,480,rogue,subtlety,12,5,7
Prseven,blackmoore,480,rogue,subtlety,12,5,7
Protpaladin,sylvanas,480,rogue,subtlety,12,5,7
Menajerie,outland,480,rogue,subtlety,12,5,7
Poizen,steamwheedle-cartel,480,rogue,subtlety,12,5,7
Srtumor,zuljin,480,rogue,subtlety,12,5,7
Кмска,soulflayer,480,rogue,subtlety,12,5,7
Shènz,ysondre,480,rogue,subtlety,12,5,7
Nínjantiz,antonidas,480,rogue,subtlety,12,5,7
Muzkek,argent-dawn,480,rogue,subtlety,12,5,7
Lëmönhäzë,dun-modr,480,rogue,subtlety,12,5,7
Okiboo,silvermoon,480,rogue,subtlety,12,5,7
Nhonhonho,silvermoon,480,rogue,subtlety,12,5,7
Soufraki,tarren-mill,480,rogue,subtlety,12,5,7
Janx,aegwynn,480,rogue,subtlety,12,5,7
Звиздаттый,blackscar,480,rogue,subtlety,12,5,7
Mmrmmxmm,turalyon,480,rogue,subtlety,12,5,7
Rogioz,outland,480,rogue,subtlety,12,5,7
Киднитучер,fordragon,480,rogue,subtlety,12,5,7
Slicéndicé,wildhammer,480,rogue,subtlety,12,5,7
ßuha,stormscale,480,rogue,subtlety,12,5,7
Roguefarm,hyjal,480,rogue,subtlety,12,5,7
Khazren,ravencrest,480,rogue,subtlety,12,5,7
Альтушкаа,gordunni,480,rogue,subtlety,12,5,7
Waakø,todeswache,480,rogue,subtlety,12,5,7
Xatra,hyjal,480,rogue,subtlety,12,5,7
Mâriejânee,nozdormu,480,rogue,subtlety,12,5,7
Mzaa,ravencrest,480,rogue,subtlety,12,5,7
Blazestórm,stormscale,480,rogue,subtlety,12,5,7
Khepaso,sanguino,480,rogue,subtlety,12,5,7
Notsuitable,blackhand,480,rogue,subtlety,12,5,7
Rsksrb,tarren-mill,480,rogue,subtlety,12,5,7
Фрозеншедов,gordunni,480,rogue,subtlety,12,5,7
Beyzqt,antonidas,480,rogue,subtlety,12,5,7
Кашеварить,gordunni,480,rogue,subtlety,12,5,7
Rbgdowngrade,ravencrest,480,rogue,subtlety,12,5,7
Рюджик,soulflayer,480,rogue,subtlety,12,5,7
Viltraxus,twisting-nether,480,rogue,subtlety,12,5,7
Loydleretour,hyjal,480,rogue,subtlety,15,5,10
Ajwenx,ravencrest,480,rogue,subtlety,18,5,13
Knifez,ravencrest,480,rogue,subtlety,18,5,13
Ðefsmøkêz,tyrande,480,rogue,subtlety,18,5,13
Skaúr,malganis,480,rogue,subtlety,24,5,19
Новиччокк,gordunni,480,rogue,subtlety,24,5,19
Typhoo,ravencrest,480,rogue,subtlety,30,5,25
Инвесторша,gordunni,479,rogue,subtlety,6,5,1
Andayn,shattered-hand,479,rogue,subtlety,6,5,1
Ruthraz,outland,479,rogue,subtlety,6,5,1
Tsakaloss,doomhammer,479,rogue,subtlety,12,5,7
Grocco,doomhammer,479,rogue,subtlety,12,5,7
Nøxia,hyjal,479,rogue,subtlety,12,5,7
Sutisong,dun-modr,479,rogue,subtlety,12,5,7
Smorcoolio,stormscale,479,rogue,subtlety,12,5,7
Abrhykoo,hyjal,479,rogue,subtlety,12,5,7
Raizø,argent-dawn,479,rogue,subtlety,12,5,7
Ryxon,arathor,479,rogue,subtlety,12,5,7
Nanary,blackrock,479,rogue,subtlety,12,5,7
Rydéordie,blackrock,479,rogue,subtlety,12,5,7
Giftdolken,outland,479,rogue,subtlety,12,5,7
Smøth,ysondre,479,rogue,subtlety,15,6,9
Пусирога,soulflayer,479,rogue,subtlety,18,5,13
Misamia,nemesis,479,rogue,subtlety,18,5,13
Zyklvn,zuljin,479,rogue,subtlety,18,5,13
Zeroshadow,burning-legion,479,rogue,subtlety,18,5,13
Скэлд,ashenvale,479,rogue,subtlety,18,5,13
Sayy,nemesis,479,rogue,subtlety,18,5,13
Spnzr,draenor,478,rogue,subtlety,6,5,1
Shadowstern,daggerspine,478,rogue,subtlety,12,5,7
Чекдесаута,gordunni,478,rogue,subtlety,12,5,7
Yuunr,kazzak,478,rogue,subtlety,12,5,7
Soulreapeer,twisting-nether,478,rogue,subtlety,21,6,15
Sæqq,blackmoore,478,rogue,subtlety,18,5,13
Mozenn,draenor,478,rogue,subtlety,19,5,14
Liirja,twisting-nether,478,rogue,subtlety,30,5,25
Эльтаэрон,gordunni,477,rogue,subtlety,12,5,7
Приколдэсса,gordunni,477,rogue,subtlety,18,5,13
Injux,blackmoore,476,rogue,subtlety,12,5,7
Skeeto,blackmoore,476,rogue,subtlety,18,5,13
Drpsykose,tarren-mill,472,rogue,subtlety,12,5,7
Иордани,gordunni,467,rogue,subtlety,30,8,22
Scratcheye,twisting-nether,465,rogue,subtlety,24,5,19
Кумаме,howling-fjord,447,rogue,subtlety,11,5,6
Âtrâlês,azshara,432,rogue,subtlety,9,5,4
Leselenrmax,archimonde,432,rogue,subtlety,15,5,10
Сексикаесу,soulflayer,431,rogue,subtlety,11,5,6
Iwillberone,ravencrest,431,rogue,subtlety,17,5,12
Asäp,archimonde,426,rogue,subtlety,15,7,8
Gødmõdë,outland,426,rogue,subtlety,13,6,7
Itsforme,kazzak,415,rogue,subtlety,14,5,9
Yakku,drakthul,415,rogue,subtlety,20,5,15
Bystroscy,silvermoon,398,rogue,subtlety,10,5,5
Algopyrin,ragnaros,396,rogue,subtlety,13,5,8
Møgzu,blackmoore,384,rogue,subtlety,6,4,2
Aneza,sylvanas,384,rogue,subtlety,6,4,2
Троджегард,gordunni,384,rogue,subtlety,6,4,2
Takiya,ysondre,384,rogue,subtlety,6,4,2
Körtel,tarren-mill,384,rogue,subtlety,6,4,2
Mollyperph,ravencrest,384,rogue,subtlety,6,4,2
Shadowstrìke,silvermoon,384,rogue,subtlety,6,4,2
Pirateboi,blades-edge,384,rogue,subtlety,6,4,2
Redewolf,argent-dawn,384,rogue,subtlety,6,4,2
Backstabbín,kazzak,384,rogue,subtlety,6,4,2
Stabbs,balnazzar,384,rogue,subtlety,6,4,2
Мипанка,gordunni,384,rogue,subtlety,6,4,2
Mol,defias-brotherhood,384,rogue,subtlety,6,4,2
Talayr,argent-dawn,384,rogue,subtlety,6,4,2
Ilikesap,blackmoore,384,rogue,subtlety,6,4,2
Crystallake,dun-morogh,384,rogue,subtlety,6,4,2
Siele,twisting-nether,384,rogue,subtlety,6,4,2
Lulune,frostmane,384,rogue,subtlety,6,4,2
Vganzyborg,ravencrest,384,rogue,subtlety,6,4,2
Tênsion,silvermoon,384,rogue,subtlety,6,4,2
Freijasap,ravencrest,384,rogue,subtlety,6,4,2
Darx,sunstrider,384,rogue,subtlety,6,4,2
Darkenough,outland,384,rogue,subtlety,6,4,2
Çløåk,outland,384,rogue,subtlety,6,4,2
Tsuyoi,silvermoon,384,rogue,subtlety,6,4,2
Nxnja,silvermoon,384,rogue,subtlety,6,4,2
Thefiller,ravencrest,384,rogue,subtlety,6,4,2
Nyreslag,stormreaver,384,rogue,subtlety,6,4,2
Мейнкеректер,gordunni,384,rogue,subtlety,6,4,2
Лэйап,soulflayer,384,rogue,subtlety,6,4,2
Echilly,tarren-mill,384,rogue,subtlety,6,4,2
Dubfey,silvermoon,384,rogue,subtlety,6,4,2
Djnelly,stormreaver,384,rogue,subtlety,6,4,2
Blckrogue,bloodfeather,384,rogue,subtlety,6,4,2
Rakuwata,the-maelstrom,384,rogue,subtlety,6,4,2
Ðazzrog,archimonde,384,rogue,subtlety,6,4,2
Лолнайт,blackscar,384,rogue,subtlety,6,4,2
Kppz,burning-legion,384,rogue,subtlety,6,4,2
Крредоубийца,howling-fjord,384,rogue,subtlety,6,4,2
Тенероби,soulflayer,384,rogue,subtlety,6,4,2
Elyndri,archimonde,384,rogue,subtlety,6,4,2
Grens,kazzak,384,rogue,subtlety,6,4,2
Wrestlér,sylvanas,384,rogue,subtlety,6,4,2
Choclatéosol,archimonde,384,rogue,subtlety,6,4,2
Lalice,argent-dawn,384,rogue,subtlety,6,4,2
Stabmaster,outland,384,rogue,subtlety,6,4,2
Краулен,blackscar,384,rogue,subtlety,6,4,2
Shreya,blackrock,384,rogue,subtlety,6,4,2
Rubberducky,argent-dawn,384,rogue,subtlety,6,4,2
Ocklol,archimonde,384,rogue,subtlety,6,4,2
Cawzi,silvermoon,384,rogue,subtlety,6,4,2
Seeralex,anetheron,384,rogue,subtlety,6,4,2
Supremacy,sylvanas,384,rogue,subtlety,6,4,2
Rîze,blackrock,384,rogue,subtlety,6,4,2
Stepbrogue,tarren-mill,384,rogue,subtlety,6,4,2
Hook,malganis,384,rogue,subtlety,6,4,2
Siegderliebe,nemesis,384,rogue,subtlety,6,4,2
Havitýx,ravencrest,384,rogue,subtlety,9,5,4
Nîmaj,hyjal,384,rogue,subtlety,12,6,6
Jimzopf,eredar,384,rogue,subtlety,11,4,7
Le,stormreaver,384,rogue,subtlety,12,4,8
Senorino,tarren-mill,384,rogue,subtlety,12,4,8
Selecta,bloodhoof,384,rogue,subtlety,12,4,8
Аязлаая,blackscar,384,rogue,subtlety,12,4,8
Вуцз,gordunni,384,rogue,subtlety,12,4,8
Abéj,malygos,384,rogue,subtlety,12,4,8
Жорий,borean-tundra,384,rogue,subtlety,12,4,8
Mndx,sylvanas,384,rogue,subtlety,12,4,8
Dévi,twisting-nether,384,rogue,subtlety,12,4,8
Xanders,draenor,384,rogue,subtlety,12,4,8
Hyrule,onyxia,384,rogue,subtlety,12,4,8
Pomstaa,tarren-mill,384,rogue,subtlety,12,4,8
Нунас,soulflayer,384,rogue,subtlety,12,4,8
Bekkz,todeswache,384,rogue,subtlety,12,4,8
Даняпрекринж,azuregos,384,rogue,subtlety,12,4,8
Raiyqyu,archimonde,384,rogue,subtlety,12,4,8
Ýýçyka,kazzak,384,rogue,subtlety,12,4,8
Saryotv,silvermoon,384,rogue,subtlety,12,4,8
Макимак,howling-fjord,384,rogue,subtlety,12,4,8
Taishani,thrall,384,rogue,subtlety,12,4,8
Møve,blackhand,384,rogue,subtlety,12,4,8
Noshivz,ragnaros,384,rogue,subtlety,12,4,8
Gsi,hyjal,384,rogue,subtlety,12,4,8
Haigø,archimonde,384,rogue,subtlety,12,4,8
Asmodal,antonidas,384,rogue,subtlety,12,4,8
Cringefemboy,blackrock,384,rogue,subtlety,12,4,8
Skaterboy,stormscale,384,rogue,subtlety,12,4,8
Nïhal,suramar,384,rogue,subtlety,12,4,8
Szabina,outland,384,rogue,subtlety,12,4,8
Fálke,dun-modr,384,rogue,subtlety,12,4,8
Battousai,burning-legion,384,rogue,subtlety,12,4,8
Firekry,stormscale,384,rogue,subtlety,12,4,8
Retardèad,darksorrow,384,rogue,subtlety,12,4,8
Disagre,kazzak,384,rogue,subtlety,12,4,8
Fatedancer,outland,384,rogue,subtlety,12,4,8
Backstabjr,blackmoore,384,rogue,subtlety,18,4,14
Plot,zenedar,384,rogue,subtlety,18,4,14
Очч,blackscar,384,rogue,subtlety,18,4,14
Damiian,colinas-pardas,384,rogue,subtlety,18,4,14
Vaelaestra,argent-dawn,384,rogue,subtlety,18,4,14
Бллейз,gordunni,384,rogue,subtlety,18,4,14
Subzhero,draenor,384,rogue,subtlety,18,4,14
Galore,azjolnerub,384,rogue,subtlety,18,4,14
Ripye,shattered-hand,383,rogue,subtlety,6,4,2
Alovina,stormscale,383,rogue,subtlety,6,4,2
Бекро,gordunni,383,rogue,subtlety,6,4,2
Vanishdotcom,blackrock,383,rogue,subtlety,6,4,2
Hellboo,uldaman,383,rogue,subtlety,6,4,2
Саулите,deathguard,383,rogue,subtlety,10,4,6
Kalona,ravencrest,383,rogue,subtlety,12,4,8
Helsperd,draenor,383,rogue,subtlety,12,4,8
Faded,terokkar,383,rogue,subtlety,18,4,14
Grenouillard,chogall,383,rogue,subtlety,18,4,14
Alyzon,ravencrest,383,rogue,subtlety,18,4,14
Delenor,stormscale,383,rogue,subtlety,18,4,14
Sødï,khaz-modan,382,rogue,subtlety,6,4,2
Belina,draenor,382,rogue,subtlety,6,4,2
Zambiealex,doomhammer,382,rogue,subtlety,12,4,8
Adelr,onyxia,382,rogue,subtlety,12,4,8
Stepbaack,silvermoon,382,rogue,subtlety,14,4,10
Nekros,chromaggus,379,rogue,subtlety,12,4,8
Acronia,ragnaros,367,rogue,subtlety,11,4,7
Mordis,outland,335,rogue,subtlety,11,4,7
Xeløe,hyjal,330,rogue,subtlety,14,5,9
Jaramshaela,cthun,330,rogue,subtlety,16,5,11
Kanilol,eredar,319,rogue,subtlety,8,4,4
Viiltäjäjack,stormscale,319,rogue,subtlety,8,4,4
Стэйм,gordunni,303,rogue,subtlety,7,4,3
Opiïum,ysondre,303,rogue,subtlety,7,4,3
Brzlik,stormscale,288,rogue,subtlety,6,3,3
Vïn,anachronos,288,rogue,subtlety,6,3,3
Киришима,blackscar,288,rogue,subtlety,6,3,3
Jsprxo,stormscale,288,rogue,subtlety,6,3,3
Nhèl,stormscale,288,rogue,subtlety,6,3,3
Kejú,alleria,288,rogue,subtlety,6,3,3
Fredge,stormscale,288,rogue,subtlety,6,3,3
Garou,blackhand,288,rogue,subtlety,6,3,3
Flêxô,antonidas,288,rogue,subtlety,6,3,3
Haelkil,kazzak,288,rogue,subtlety,6,3,3
Lycosidae,doomhammer,288,rogue,subtlety,6,3,3
Sweetcc,amanthul,288,rogue,subtlety,6,3,3
Badmy,stormscale,288,rogue,subtlety,6,3,3
Crû,silvermoon,288,rogue,subtlety,6,3,3
Sethr,blackmoore,288,rogue,subtlety,6,3,3
Rhotmir,silvermoon,288,rogue,subtlety,6,3,3
Swiftyfan,silvermoon,288,rogue,subtlety,6,3,3
Iöny,silvermoon,288,rogue,subtlety,6,3,3
Lorinthel,argent-dawn,288,rogue,subtlety,6,3,3
Corleoonee,archimonde,288,rogue,subtlety,6,3,3
Hallogenic,silvermoon,288,rogue,subtlety,6,3,3
Bumaqt,silvermoon,288,rogue,subtlety,6,3,3
Ragroh,burning-legion,288,rogue,subtlety,6,3,3
Pretylo,marécage-de-zangar,288,rogue,subtlety,6,3,3
Cylizr,stormscale,288,rogue,subtlety,6,3,3
Кеспул,soulflayer,288,rogue,subtlety,6,3,3
Synthaetic,draenor,288,rogue,subtlety,6,3,3
Klexor,sylvanas,288,rogue,subtlety,6,3,3
Finanzamtlg,blackrock,288,rogue,subtlety,6,3,3
Dezirae,silvermoon,288,rogue,subtlety,6,3,3
Sadgexd,draenor,288,rogue,subtlety,6,3,3
Smäshiboy,blackrock,288,rogue,subtlety,6,3,3
Arydir,quelthalas,288,rogue,subtlety,6,3,3
Sáp,blackmoore,288,rogue,subtlety,6,3,3
Mekóz,draenor,288,rogue,subtlety,6,3,3
Shythairogue,area-52,288,rogue,subtlety,6,3,3
Ezk,eredar,288,rogue,subtlety,6,3,3
Synergize,stormreaver,288,rogue,subtlety,6,3,3
Jawen,silvermoon,288,rogue,subtlety,6,3,3
Flogue,area-52,288,rogue,subtlety,6,3,3
Røguøross,archimonde,288,rogue,subtlety,6,3,3
Rikdy,kazzak,288,rogue,subtlety,6,3,3
Marwyn,laughing-skull,288,rogue,subtlety,6,3,3
Koopa,argent-dawn,288,rogue,subtlety,6,3,3
Háhàháhàháhà,kazzak,288,rogue,subtlety,6,3,3
Дангерр,gordunni,288,rogue,subtlety,6,3,3
Nerica,kazzak,288,rogue,subtlety,6,3,3
Pocketpaw,stormreaver,288,rogue,subtlety,6,3,3
Томасмразь,blackscar,288,rogue,subtlety,6,3,3
Vultzy,draenor,288,rogue,subtlety,6,3,3
Checkormate,aegwynn,288,rogue,subtlety,6,3,3
Checkormate,ravencrest,288,rogue,subtlety,6,3,3
Redork,twisting-nether,288,rogue,subtlety,6,3,3
Berreboy,tarren-mill,288,rogue,subtlety,6,3,3
Natsukage,blackmoore,288,rogue,subtlety,6,3,3
Plshalpme,dun-modr,288,rogue,subtlety,6,3,3
Unkempt,argent-dawn,288,rogue,subtlety,6,3,3
Seregolas,argent-dawn,288,rogue,subtlety,6,3,3
Vxb,hyjal,288,rogue,subtlety,6,3,3
Jrj,hyjal,288,rogue,subtlety,6,3,3
Dumámày,kazzak,288,rogue,subtlety,6,3,3
Scotlander,argent-dawn,288,rogue,subtlety,6,3,3
Wingobear,ysondre,288,rogue,subtlety,6,3,3
Disembowel,ravencrest,288,rogue,subtlety,6,3,3
Sâitama,zuljin,288,rogue,subtlety,6,3,3
Xhemil,tarren-mill,288,rogue,subtlety,6,3,3
Фуфломет,gordunni,288,rogue,subtlety,6,3,3
Mutoeksi,twisting-nether,288,rogue,subtlety,6,3,3
Babyrogy,aggra-português,288,rogue,subtlety,6,3,3
Runár,proudmoore,288,rogue,subtlety,6,3,3
Vanisshh,hyjal,288,rogue,subtlety,6,3,3
Элисандресса,gordunni,288,rogue,subtlety,6,3,3
Peeon,drakthul,288,rogue,subtlety,6,3,3
Vexxey,magtheridon,288,rogue,subtlety,6,3,3
Waakie,frostmane,288,rogue,subtlety,6,3,3
Nezukóchan,ravencrest,288,rogue,subtlety,6,3,3
Shadxwstep,ravencrest,288,rogue,subtlety,6,3,3
Кейнилин,gordunni,288,rogue,subtlety,6,3,3
Skrbke,tarren-mill,288,rogue,subtlety,6,3,3
Macmurloc,hyjal,288,rogue,subtlety,6,3,3
Vxgas,ragnaros,288,rogue,subtlety,6,3,3
Ãkz,hyjal,288,rogue,subtlety,6,3,3
Ssjblacklolz,kaelthas,288,rogue,subtlety,9,4,5
Uareincombat,drakthul,288,rogue,subtlety,11,3,8
Volyavolume,ravencrest,288,rogue,subtlety,12,3,9
Izame,archimonde,288,rogue,subtlety,12,3,9
Zoldyck,bloodhoof,288,rogue,subtlety,12,3,9
Donchichi,archimonde,288,rogue,subtlety,12,3,9
Trytocapnoob,stormscale,288,rogue,subtlety,12,3,9
Skíll,sanguino,288,rogue,subtlety,12,3,9
Rallzkens,stormscale,288,rogue,subtlety,12,3,9
Highestapm,archimonde,288,rogue,subtlety,12,3,9
Thebestrogue,tarren-mill,288,rogue,subtlety,12,3,9
Cbrook,sylvanas,288,rogue,subtlety,12,3,9
Kenchio,elune,288,rogue,subtlety,12,3,9
Nÿst,khaz-modan,288,rogue,subtlety,12,3,9
Burdel,nemesis,288,rogue,subtlety,12,3,9
Kongnognog,ragnaros,288,rogue,subtlety,12,3,9
Cabbagerolls,argent-dawn,288,rogue,subtlety,12,3,9
Ñú,ravencrest,288,rogue,subtlety,12,3,9
Kïbs,dalaran,288,rogue,subtlety,12,3,9
Bîgbîzeps,thrall,288,rogue,subtlety,12,3,9
Xéshon,tarren-mill,288,rogue,subtlety,12,3,9
Razcallz,arthas,288,rogue,subtlety,12,3,9
Bú,nemesis,288,rogue,subtlety,12,3,9
Inviseriu,nordrassil,288,rogue,subtlety,12,3,9
Hikorust,drakthul,288,rogue,subtlety,12,3,9
Vancleéf,sylvanas,288,rogue,subtlety,12,3,9
Pestctrl,argent-dawn,288,rogue,subtlety,12,3,9
Bennyweth,argent-dawn,288,rogue,subtlety,12,3,9
Luigitama,dun-modr,288,rogue,subtlety,12,3,9
Rufinol,twisting-nether,288,rogue,subtlety,12,3,9
Chililôl,dun-modr,288,rogue,subtlety,12,3,9
Nohks,blackmoore,288,rogue,subtlety,12,3,9
Воробнальщик,soulflayer,288,rogue,subtlety,12,3,9
Envenoman,ravencrest,288,rogue,subtlety,12,3,9
Ристоврация,gordunni,288,rogue,subtlety,12,3,9
Carnagè,dentarg,288,rogue,subtlety,12,3,9
Byaow,ravencrest,288,rogue,subtlety,12,3,9
Hellhydra,draenor,288,rogue,subtlety,12,3,9
Kiksi,ravencrest,288,rogue,subtlety,12,3,9
Liix,ravencrest,288,rogue,subtlety,12,3,9
Lizwi,ragnaros,288,rogue,subtlety,12,3,9
Pottomzola,ragnaros,288,rogue,subtlety,12,3,9
Alexius,kazzak,288,rogue,subtlety,13,3,10
Etro,argent-dawn,288,rogue,subtlety,18,3,15
Sinxgødx,outland,288,rogue,subtlety,18,3,15
Rálvius,blackrock,287,rogue,subtlety,6,3,3
Téhashcéé,archimonde,287,rogue,subtlety,6,3,3
Shåkø,tarren-mill,287,rogue,subtlety,6,3,3
Hëather,confrérie-du-thorium,287,rogue,subtlety,6,3,3
Styggvanas,tarren-mill,287,rogue,subtlety,15,4,11
Боузи,howling-fjord,287,rogue,subtlety,12,3,9
Котуй,borean-tundra,287,rogue,subtlety,12,3,9
Darkolive,defias-brotherhood,287,rogue,subtlety,13,3,10
Furrooscuro,sanguino,287,rogue,subtlety,18,3,15
Djsapblindx,archimonde,287,rogue,subtlety,18,3,15
Celenium,chogall,287,rogue,subtlety,24,3,21
Jontor,deathwing,286,rogue,subtlety,12,3,9
Fatzaky,turalyon,274,rogue,subtlety,31,7,24
Cälisto,drakthul,271,rogue,subtlety,9,5,4
Pis,nagrand,255,rogue,subtlety,8,4,4
Madlain,jaedenar,255,rogue,subtlety,8,4,4
Nesä,hyjal,240,rogue,subtlety,9,3,6
Jimlostson,dun-modr,239,rogue,subtlety,5,3,2
Trinketeflag,archimonde,239,rogue,subtlety,5,3,2
Envyss,stormscale,239,rogue,subtlety,5,3,2
Pinnar,blackmoore,234,rogue,subtlety,8,4,4
Shadôwcraft,outland,234,rogue,subtlety,8,4,4
Vii,defias-brotherhood,234,rogue,subtlety,13,5,8
Persës,outland,223,rogue,subtlety,8,3,5
Piperx,ravencrest,223,rogue,subtlety,8,3,5
Ggyoulowbro,blackmoore,208,rogue,subtlety,7,3,4
Nemesiis,blackmoore,192,rogue,subtlety,11,4,7
Songoro,tirion,192,rogue,subtlety,9,3,6
Imnotnice,terenas,192,rogue,subtlety,9,3,6
Совечица,gordunni,192,rogue,subtlety,9,3,6
Loom,sylvanas,192,rogue,subtlety,9,3,6
Blóodless,stormscale,192,rogue,subtlety,6,2,4
Apuñalá,cthun,192,rogue,subtlety,6,2,4
Рикимартини,gordunni,192,rogue,subtlety,6,2,4
Malvaxxs,tarren-mill,192,rogue,subtlety,6,2,4
Voices,dentarg,192,rogue,subtlety,6,2,4
Sethrevenn,ragnaros,192,rogue,subtlety,6,2,4
Bendegúzz,ravencrest,192,rogue,subtlety,6,2,4
Kyupi,hyjal,192,rogue,subtlety,6,2,4
Яматсуми,gordunni,192,rogue,subtlety,6,2,4
Brinvilliers,aegwynn,192,rogue,subtlety,6,2,4
Yugi,zuljin,192,rogue,subtlety,6,2,4
Gameøvr,sanguino,192,rogue,subtlety,6,2,4
Sqc,ravencrest,192,rogue,subtlety,6,2,4
Azzalyth,hyjal,192,rogue,subtlety,6,2,4
Navaton,sanguino,192,rogue,subtlety,6,2,4
Ksunq,hyjal,192,rogue,subtlety,6,2,4
Гамбиит,gordunni,192,rogue,subtlety,6,2,4
Revisiôn,tarren-mill,192,rogue,subtlety,6,2,4
Subaslaw,ravencrest,192,rogue,subtlety,6,2,4
Greendager,cthun,192,rogue,subtlety,6,2,4
Canelitae,minahonda,192,rogue,subtlety,6,2,4
Vyllaftw,hyjal,192,rogue,subtlety,6,2,4
Poerta,burning-blade,192,rogue,subtlety,6,2,4
Эремми,gordunni,192,rogue,subtlety,6,2,4
Jæto,ravencrest,192,rogue,subtlety,6,2,4
Snurry,tarren-mill,192,rogue,subtlety,6,2,4
Lucifas,antonidas,192,rogue,subtlety,6,2,4
Stigh,twisting-nether,192,rogue,subtlety,6,2,4
Achterom,outland,192,rogue,subtlety,6,2,4
Zte,frostmane,192,rogue,subtlety,6,2,4
Misimisi,sanguino,192,rogue,subtlety,6,2,4
Rilöded,ravencrest,192,rogue,subtlety,6,2,4
Miisterkaka,stormscale,192,rogue,subtlety,6,2,4
Скиррона,gordunni,192,rogue,subtlety,6,2,4
Psajcho,ragnaros,192,rogue,subtlety,6,2,4
Каверзати,howling-fjord,192,rogue,subtlety,6,2,4
Fonss,sanguino,192,rogue,subtlety,6,2,4
Hellborne,alakir,192,rogue,subtlety,6,2,4
Isseen,burning-legion,192,rogue,subtlety,6,2,4
Дзендэр,soulflayer,192,rogue,subtlety,6,2,4
Knezr,silvermoon,192,rogue,subtlety,6,2,4
Psychørogue,antonidas,192,rogue,subtlety,6,2,4
Nichrome,silvermoon,192,rogue,subtlety,6,2,4
Sigleif,argent-dawn,192,rogue,subtlety,6,2,4
Голадриель,gordunni,192,rogue,subtlety,6,2,4
Monster,kazzak,192,rogue,subtlety,6,2,4
Syniel,conseil-des-ombres,192,rogue,subtlety,6,2,4
Nefqq,stormscale,192,rogue,subtlety,6,2,4
Грустныйрог,gordunni,192,rogue,subtlety,6,2,4
Elthalulz,illidan,192,rogue,subtlety,6,2,4
Унижака,deathguard,192,rogue,subtlety,6,2,4
Pøggerhontas,antonidas,192,rogue,subtlety,6,2,4
Рогаупорога,howling-fjord,192,rogue,subtlety,6,2,4
Bizcochondo,sanguino,192,rogue,subtlety,6,2,4
Katara,antonidas,192,rogue,subtlety,6,2,4
Venomblood,sanguino,192,rogue,subtlety,6,2,4
Mokmok,frostwolf,192,rogue,subtlety,6,2,4
Schadostep,archimonde,192,rogue,subtlety,6,2,4
Recondite,doomhammer,192,rogue,subtlety,6,2,4
Luccea,silvermoon,192,rogue,subtlety,6,2,4
Rehab,draenor,192,rogue,subtlety,6,2,4
Aëlynn,la-croisade-écarlate,192,rogue,subtlety,6,2,4
Вэндиго,deathweaver,192,rogue,subtlety,6,2,4
Sizzla,die-nachtwache,192,rogue,subtlety,6,2,4
Greshnak,blackhand,192,rogue,subtlety,6,2,4
Mdvmachines,nemesis,192,rogue,subtlety,6,2,4
Giftknirps,silvermoon,192,rogue,subtlety,6,2,4
Feylia,terenas,192,rogue,subtlety,6,2,4
Epidemic,stormscale,192,rogue,subtlety,6,2,4
Róquet,eredar,192,rogue,subtlety,6,2,4
Dhayna,shendralar,192,rogue,subtlety,6,2,4
Louier,outland,192,rogue,subtlety,6,2,4
Kylìemirogue,blackrock,192,rogue,subtlety,6,2,4
Lillajc,tarren-mill,192,rogue,subtlety,6,2,4
Creepydude,burning-legion,192,rogue,subtlety,6,2,4
Msrogue,eredar,192,rogue,subtlety,6,2,4
Heraa,kaelthas,192,rogue,subtlety,6,2,4
Sphinxtime,twisting-nether,192,rogue,subtlety,6,2,4
Evilbiscuit,quelthalas,192,rogue,subtlety,6,2,4
Azulérà,elune,192,rogue,subtlety,6,2,4
Ackyrogue,ysondre,192,rogue,subtlety,6,2,4
Mècr,outland,192,rogue,subtlety,6,2,4
Leviathann,doomhammer,192,rogue,subtlety,6,2,4
Steálth,silvermoon,192,rogue,subtlety,6,2,4
Renyth,argent-dawn,192,rogue,subtlety,6,2,4
Inviscuz,draenor,192,rogue,subtlety,6,2,4
Медиивэл,deepholm,192,rogue,subtlety,6,2,4
Kìnsley,archimonde,192,rogue,subtlety,6,2,4
Ît,stormscale,192,rogue,subtlety,6,2,4
Факюселф,gordunni,192,rogue,subtlety,6,2,4
Censørd,steamwheedle-cartel,192,rogue,subtlety,6,2,4
Benh,ysondre,192,rogue,subtlety,6,2,4
Redwinter,sylvanas,192,rogue,subtlety,6,2,4
Chokee,blackrock,192,rogue,subtlety,6,2,4
Gihan,the-shatar,192,rogue,subtlety,6,2,4
Enoìla,blackmoore,192,rogue,subtlety,6,2,4
Sohnisch,azshara,192,rogue,subtlety,6,2,4
Gosleep,stormscale,192,rogue,subtlety,6,2,4
Kaylonetc,kazzak,192,rogue,subtlety,6,2,4
Stealthyist,darkmoon-faire,192,rogue,subtlety,6,2,4
Колстар,howling-fjord,192,rogue,subtlety,6,2,4
Qoxinyohas,stormscale,192,rogue,subtlety,6,2,4
Caská,blackhand,192,rogue,subtlety,6,2,4
Yulitz,dun-modr,192,rogue,subtlety,6,2,4
Hade,stormscale,192,rogue,subtlety,6,2,4
Ноумингод,gordunni,192,rogue,subtlety,6,2,4
Wrathed,stormreaver,192,rogue,subtlety,6,2,4
Deadchivalry,argent-dawn,192,rogue,subtlety,6,2,4
Qwqrxyz,ravencrest,192,rogue,subtlety,6,2,4
Bleix,sanguino,192,rogue,subtlety,6,2,4
Flexberg,the-maelstrom,192,rogue,subtlety,6,2,4
Ibz,kazzak,192,rogue,subtlety,6,2,4
Lenây,blackmoore,192,rogue,subtlety,6,2,4
Botsrogue,kazzak,192,rogue,subtlety,6,2,4
Greiskull,cthun,192,rogue,subtlety,15,3,12
Acheravar,antonidas,192,rogue,subtlety,12,2,10
Verstopt,azjolnerub,192,rogue,subtlety,12,2,10
Килрилон,lich-king,192,rogue,subtlety,12,2,10
Destrektor,kazzak,192,rogue,subtlety,12,2,10
Кизо,blackscar,192,rogue,subtlety,12,2,10
Shènzo,tarren-mill,192,rogue,subtlety,12,2,10
Zongshroud,archimonde,192,rogue,subtlety,12,2,10
Pandagonstab,shadowsong,192,rogue,subtlety,12,2,10
Erèlenn,draenor,192,rogue,subtlety,12,2,10
Thurgodd,silvermoon,192,rogue,subtlety,12,2,10
Nomad,sylvanas,192,rogue,subtlety,12,2,10
Refundlands,kazzak,192,rogue,subtlety,12,2,10
Cramzes,defias-brotherhood,192,rogue,subtlety,12,2,10
Gorkamorki,stormscale,192,rogue,subtlety,12,2,10
Закраска,gordunni,192,rogue,subtlety,12,2,10
Кингксу,gordunni,192,rogue,subtlety,12,2,10
Könän,dalaran,192,rogue,subtlety,12,2,10
Bauwten,ravencrest,192,rogue,subtlety,12,2,10
Малиноф,borean-tundra,192,rogue,subtlety,12,2,10
Мутина,galakrond,192,rogue,subtlety,12,2,10
Падинайди,howling-fjord,192,rogue,subtlety,12,2,10
Deróthus,arathor,192,rogue,subtlety,12,2,10
Jackpot,sargeras,192,rogue,subtlety,12,2,10
Cøsmøz,dalaran,192,rogue,subtlety,12,2,10
Verk,twilights-hammer,192,rogue,subtlety,12,2,10
Shaklyn,antonidas,192,rogue,subtlety,12,2,10
Tàazz,archimonde,192,rogue,subtlety,12,2,10
Mirekk,silvermoon,192,rogue,subtlety,12,2,10
Waistêd,ravencrest,192,rogue,subtlety,12,2,10
Shacopaco,zuljin,192,rogue,subtlety,12,2,10
Grogun,tyrande,192,rogue,subtlety,14,2,12
Afrodittan,dun-modr,192,rogue,subtlety,16,2,14
Mamus,tarren-mill,191,rogue,subtlety,6,2,4
Moustache,outland,191,rogue,subtlety,6,2,4
Røsenstërn,ravencrest,191,rogue,subtlety,12,2,10
Killboom,rexxar,191,rogue,subtlety,12,2,10
Whitestabber,thunderhorn,175,rogue,subtlety,17,2,15
Гароона,blackscar,159,rogue,subtlety,5,2,3
Julekos,ravenholdt,159,rogue,subtlety,5,2,3
Cutscene,argent-dawn,159,rogue,subtlety,5,2,3
Syrio,nemesis,144,rogue,subtlety,3,3,0
Biggut,khadgar,144,rogue,subtlety,9,3,6
Paranoiaqt,outland,144,rogue,subtlety,9,2,7
Projectindex,malganis,138,rogue,subtlety,10,4,6
Sicu,malganis,138,rogue,subtlety,10,4,6
Bacheline,antonidas,138,rogue,subtlety,9,3,6
Macon,arthas,138,rogue,subtlety,18,4,14
Núb,burning-blade,138,rogue,subtlety,15,3,12
Earnedblood,kazzak,128,rogue,subtlety,4,2,2
Vanthir,drakthul,128,rogue,subtlety,4,2,2
Cornvus,burning-legion,112,rogue,subtlety,7,2,5
Pzylol,anetheron,96,rogue,subtlety,3,2,1
Faso,thunderhorn,96,rogue,subtlety,6,1,5
Yaelynn,argent-dawn,96,rogue,subtlety,6,1,5
Ôeuf,ravencrest,96,rogue,subtlety,6,1,5
Maedyv,magtheridon,96,rogue,subtlety,6,1,5
Kødäy,hyjal,96,rogue,subtlety,6,1,5
Kkraken,dalaran,96,rogue,subtlety,6,1,5
Genesiz,sylvanas,96,rogue,subtlety,6,1,5
Lookbehindu,stormscale,96,rogue,subtlety,6,1,5
Durret,aggra-português,96,rogue,subtlety,6,1,5
Рэйзакх,howling-fjord,96,rogue,subtlety,6,1,5
Targram,hyjal,96,rogue,subtlety,6,1,5
Theone,sanguino,96,rogue,subtlety,6,1,5
Nerkmind,ragnaros,96,rogue,subtlety,6,1,5
Элонли,gordunni,96,rogue,subtlety,6,1,5
Àrléngødx,kazzak,96,rogue,subtlety,6,1,5
Malborko,ravencrest,96,rogue,subtlety,6,1,5
Bloogue,silvermoon,96,rogue,subtlety,6,1,5
Proesis,ravencrest,96,rogue,subtlety,6,1,5
Fintex,ravencrest,96,rogue,subtlety,6,1,5
Neskagrall,aegwynn,96,rogue,subtlety,6,1,5
Tzsub,blackhand,96,rogue,subtlety,6,1,5
Korteina,darkmoon-faire,96,rogue,subtlety,6,1,5
Klingo,defias-brotherhood,96,rogue,subtlety,6,1,5
Deccosneak,defias-brotherhood,96,rogue,subtlety,6,1,5
Sanykrugo,ragnaros,96,rogue,subtlety,6,1,5
Tebzr,ravencrest,96,rogue,subtlety,6,1,5
Menzo,ravencrest,96,rogue,subtlety,6,1,5
Бамболейлоо,grom,96,rogue,subtlety,6,1,5
Sneakachu,thunderhorn,96,rogue,subtlety,6,1,5
Grinchfurtif,hyjal,96,rogue,subtlety,6,1,5
Cutegirlxx,outland,96,rogue,subtlety,6,1,5
Trxë,twisting-nether,96,rogue,subtlety,6,1,5
Nixze,tarren-mill,96,rogue,subtlety,6,1,5
Kâyato,ysondre,96,rogue,subtlety,6,1,5
Schleichor,aegwynn,96,rogue,subtlety,6,1,5
Letheus,stormscale,96,rogue,subtlety,6,1,5
Тимкок,soulflayer,96,rogue,subtlety,6,1,5
Depleter,outland,96,rogue,subtlety,6,1,5
Une,quelthalas,96,rogue,subtlety,6,1,5
Selfcut,blackmoore,96,rogue,subtlety,6,1,5
Стронг,soulflayer,96,rogue,subtlety,6,1,5
Sumcrit,ravencrest,96,rogue,subtlety,6,1,5
Кикбезкд,gordunni,96,rogue,subtlety,6,1,5
Ðarkbleeds,ravencrest,96,rogue,subtlety,6,1,5
Gögel,draenor,96,rogue,subtlety,6,1,5
Loulina,outland,96,rogue,subtlety,6,1,5
Invisage,grim-batol,96,rogue,subtlety,6,1,5
Førtñîtégøðx,eredar,96,rogue,subtlety,6,1,5
Retaya,draenor,96,rogue,subtlety,6,1,5
Гламурятина,gordunni,96,rogue,subtlety,6,1,5
Slashendash,outland,96,rogue,subtlety,6,1,5
Chøsen,stormscale,96,rogue,subtlety,6,1,5
Мадарец,howling-fjord,96,rogue,subtlety,6,1,5
Gassenjunge,blackhand,96,rogue,subtlety,6,1,5
Jokis,uldum,96,rogue,subtlety,6,1,5
Daunt,antonidas,96,rogue,subtlety,6,1,5
Qikerip,drekthar,96,rogue,subtlety,6,1,5
Sussulto,nemesis,96,rogue,subtlety,6,1,5
Аквик,howling-fjord,96,rogue,subtlety,6,1,5
Maybejaydeen,ravencrest,96,rogue,subtlety,6,1,5
Tyranoxoth,stormscale,96,rogue,subtlety,6,1,5
Murzel,antonidas,96,rogue,subtlety,6,1,5
Disturbdx,archimonde,96,rogue,subtlety,6,1,5
Outride,outland,96,rogue,subtlety,6,1,5
Nyhana,blackmoore,96,rogue,subtlety,6,1,5
Grimson,kazzak,96,rogue,subtlety,6,1,5
Ótsutsukí,kazzak,96,rogue,subtlety,6,1,5
Кишкумэн,ashenvale,96,rogue,subtlety,6,1,5
Knockyz,khaz-modan,96,rogue,subtlety,6,1,5
Aasy,silvermoon,96,rogue,subtlety,6,1,5
Teldruil,illidan,96,rogue,subtlety,6,1,5
Настябэкстаб,gordunni,96,rogue,subtlety,6,1,5
Vellira,khaz-modan,96,rogue,subtlety,6,1,5
Dáydreamín,draenor,96,rogue,subtlety,6,1,5
Sørä,ragnaros,96,rogue,subtlety,6,1,5
Clownsap,blackhand,96,rogue,subtlety,6,1,5
Щасбудетвайп,howling-fjord,96,rogue,subtlety,6,1,5
Dancewithme,arthas,96,rogue,subtlety,6,1,5
Øpti,ravencrest,96,rogue,subtlety,6,1,5
Тварьебаная,howling-fjord,96,rogue,subtlety,6,1,5
Synsinte,silvermoon,96,rogue,subtlety,6,1,5
Critneyspear,runetotem,96,rogue,subtlety,12,1,11
Imbazed,azshara,96,rogue,subtlety,12,1,11
Lotthbrok,uldum,96,rogue,subtlety,12,1,11
Darkkstep,blackmoore,96,rogue,subtlety,12,1,11
Альдинг,howling-fjord,96,rogue,subtlety,12,1,11
Gífti,norgannon,96,rogue,subtlety,12,1,11
Nullname,ragnaros,96,rogue,subtlety,12,1,11
Azn,anubarak,96,rogue,subtlety,12,1,11
Azzineth,silvermoon,96,rogue,subtlety,12,1,11
Nønchalan,twisting-nether,96,rogue,subtlety,12,1,11
Stabie,twisting-nether,96,rogue,subtlety,12,1,11
Antomen,sylvanas,96,rogue,subtlety,12,1,11
Calmrusgirl,ravenholdt,96,rogue,subtlety,12,1,11
Alefon,sanguino,96,rogue,subtlety,12,1,11
Sprayze,doomhammer,96,rogue,subtlety,12,1,11
Xý,ysondre,96,rogue,subtlety,18,1,17
Swexlairone,outland,95,rogue,subtlety,12,1,11
Deadpull,shadowsong,95,rogue,subtlety,24,1,23
Swifty,frostmourne,84,rogue,subtlety,24,6,18
Digmorre,drakthul,79,rogue,subtlety,5,1,4
Chabelita,ravencrest,79,rogue,subtlety,5,1,4
Nesth,silvermoon,79,rogue,subtlety,5,1,4
Kneebiter,darkmoon-faire,64,rogue,subtlety,10,1,9
Shurký,blackmoore,63,rogue,subtlety,2,2,0
Domiqs,blackhand,63,rogue,subtlety,2,2,0
Albumx,archimonde,58,rogue,subtlety,8,3,5
Ddlcmg,drakthul,48,rogue,subtlety,3,1,2
Shlaifa,ragnaros,48,rogue,subtlety,3,1,2
Shadowhelm,silvermoon,31,rogue,subtlety,8,1,7
Tukie,blackhand,16,rogue,subtlety,13,1,12
Vlkyria,silvermoon,16,rogue,subtlety,13,1,12
Mortecieca,ravencrest,2281,rogue,assassination,203,107,96
Ewyna,silvermoon,2280,rogue,assassination,147,81,66
Aæ,stormscale,2196,rogue,assassination,143,77,66
Mentol,stormscale,2192,rogue,assassination,107,74,33
Fánsly,silvermoon,2180,rogue,assassination,96,52,44
Sub,kazzak,2165,rogue,assassination,224,112,112
Bestjkbetter,ravencrest,2155,rogue,assassination,111,57,54
Shadenax,ravencrest,2149,rogue,assassination,78,42,36
Shadeniz,ravencrest,2137,rogue,assassination,113,57,56
Heavý,argent-dawn,2135,rogue,assassination,133,71,62
Rightplay,outland,2112,rogue,assassination,90,45,45
Naláa,ravencrest,2107,rogue,assassination,88,45,43
Shadenox,ravencrest,2044,rogue,assassination,574,283,291
Chínerox,thunderhorn,2027,rogue,assassination,400,204,196
Shadeco,ravencrest,2020,rogue,assassination,96,46,50
Tyreall,drakthul,1991,rogue,assassination,190,96,94
Shadekin,ravencrest,1969,rogue,assassination,105,56,49
Visuáls,antonidas,1950,rogue,assassination,81,38,43
Pyridoxin,blackmoore,1928,rogue,assassination,144,70,74
Watchmeyoe,ravencrest,1918,rogue,assassination,83,47,36
Venomblood,sanguino,1907,rogue,assassination,119,57,62
Vulrin,argent-dawn,1899,rogue,assassination,77,44,33
Buffassa,ravencrest,1887,rogue,assassination,143,81,62
Myk,xavius,1883,rogue,assassination,34,21,13
Stråt,ysondre,1879,rogue,assassination,66,30,36
Bytoku,chants-éternels,1875,rogue,assassination,68,35,33
Botsrogue,kazzak,1868,rogue,assassination,42,24,18
Изифаза,deathguard,1858,rogue,assassination,61,33,28
Rãz,stormscale,1854,rogue,assassination,54,27,27
Civarea,blackrock,1849,rogue,assassination,63,29,34
Babøønx,burning-legion,1848,rogue,assassination,89,41,48
Vayyel,silvermoon,1846,rogue,assassination,379,187,192
Prei,hyjal,1839,rogue,assassination,96,49,47
Baboonx,burning-legion,1839,rogue,assassination,72,31,41
Grøax,ragnaros,1837,rogue,assassination,89,42,47
Ohdaesu,aegwynn,1837,rogue,assassination,156,71,85
Oggish,tarren-mill,1832,rogue,assassination,90,35,55
Deadlybrew,twisting-nether,1830,rogue,assassination,84,37,47
Cntrlld,ravencrest,1829,rogue,assassination,66,30,36
Aknana,vashj,1828,rogue,assassination,60,28,32
Snøv,outland,1826,rogue,assassination,151,65,86
Inly,ysondre,1823,rogue,assassination,116,61,55
Stepchildx,uldum,1818,rogue,assassination,194,121,73
Скварлет,howling-fjord,1818,rogue,assassination,66,30,36
Sadgexd,draenor,1814,rogue,assassination,52,26,26
Afto,argent-dawn,1813,rogue,assassination,66,29,37
Пожилойпуп,gordunni,1811,rogue,assassination,54,26,28
Shipshot,blackrock,1809,rogue,assassination,62,37,25
Çhïñêsémøñkè,argent-dawn,1808,rogue,assassination,244,131,113
Lookåtme,ravencrest,1808,rogue,assassination,48,20,28
Getownédyo,aggramar,1803,rogue,assassination,139,63,76
Eiscreme,blackmoore,1802,rogue,assassination,95,50,45
Kidneyou,ragnaros,1801,rogue,assassination,54,33,21
Tsoupoma,tarren-mill,1791,rogue,assassination,72,39,33
Ålùnæh,azjolnerub,1791,rogue,assassination,90,43,47
Asàd,draenor,1780,rogue,assassination,63,35,28
Dáydreamín,draenor,1772,rogue,assassination,60,27,33
Иллвилл,soulflayer,1769,rogue,assassination,42,23,19
Семёнтус,gordunni,1767,rogue,assassination,54,30,24
Dnee,ravencrest,1766,rogue,assassination,29,24,5
Pheq,ravencrest,1765,rogue,assassination,83,33,50
Ридлли,soulflayer,1751,rogue,assassination,71,34,37
Naiikaii,antonidas,1751,rogue,assassination,54,23,31
Røler,ravencrest,1737,rogue,assassination,48,21,27
Томасмразь,blackscar,1733,rogue,assassination,54,22,32
Sussulto,nemesis,1732,rogue,assassination,65,37,28
Blindlol,emerald-dream,1732,rogue,assassination,185,94,91
Rivia,stormscale,1732,rogue,assassination,66,29,37
Twitchful,kazzak,1728,rogue,assassination,72,36,36
Sadgebanned,draenor,1727,rogue,assassination,49,19,30
Пашавернись,gordunni,1724,rogue,assassination,83,27,56
Sumiftw,drakthul,1723,rogue,assassination,96,44,52
Awakeaf,outland,1723,rogue,assassination,60,27,33
Lastsight,burning-legion,1720,rogue,assassination,119,60,59
Rajigagi,silvermoon,1717,rogue,assassination,61,33,28
Gorgeousred,aegwynn,1717,rogue,assassination,42,18,24
Lacusdark,draenor,1713,rogue,assassination,101,50,51
Youcrymydear,outland,1711,rogue,assassination,66,31,35
Слаадкий,gordunni,1708,rogue,assassination,123,57,66
Fìíp,drakthul,1700,rogue,assassination,81,33,48
Drenched,turalyon,1695,rogue,assassination,270,133,137
Kreamy,tarren-mill,1694,rogue,assassination,95,42,53
Goshîmoshî,stormscale,1694,rogue,assassination,118,51,67
Moneylake,stormscale,1693,rogue,assassination,48,28,20
Rinj,antonidas,1693,rogue,assassination,89,37,52
Акиоми,gordunni,1691,rogue,assassination,102,57,45
Limítless,tarren-mill,1689,rogue,assassination,54,32,22
Mazeken,kazzak,1688,rogue,assassination,53,21,32
Играючестно,howling-fjord,1686,rogue,assassination,30,19,11
Yepuwuyepowo,defias-brotherhood,1686,rogue,assassination,54,26,28
Кайсити,gordunni,1676,rogue,assassination,60,34,26
Killnoobs,kazzak,1675,rogue,assassination,48,24,24
Awaaylol,stormscale,1673,rogue,assassination,208,99,109
Ноумингод,gordunni,1673,rogue,assassination,78,36,42
Gøldzahn,antonidas,1672,rogue,assassination,184,85,99
Винестрий,soulflayer,1671,rogue,assassination,54,27,27
Trollmeat,twisting-nether,1663,rogue,assassination,66,25,41
Brunhityx,ravencrest,1661,rogue,assassination,29,18,11
Monski,ravencrest,1661,rogue,assassination,66,28,38
Dådyr,silvermoon,1660,rogue,assassination,36,23,13
Peeon,drakthul,1659,rogue,assassination,73,26,47
Ândrey,ravencrest,1657,rogue,assassination,54,31,23
Ooqu,silvermoon,1656,rogue,assassination,42,26,16
Juxtapose,ravencrest,1655,rogue,assassination,60,26,34
Precious,sylvanas,1654,rogue,assassination,350,171,179
Fíìp,drakthul,1650,rogue,assassination,275,130,145
Ваася,gordunni,1650,rogue,assassination,117,54,63
Wâter,silvermoon,1645,rogue,assassination,60,23,37
Капитанпитон,howling-fjord,1643,rogue,assassination,54,24,30
Warbell,ravencrest,1643,rogue,assassination,138,58,80
Justkiddning,blackmoore,1641,rogue,assassination,102,60,42
Форсгодх,gordunni,1640,rogue,assassination,95,38,57
Ockzy,archimonde,1639,rogue,assassination,105,56,49
Skali,tarren-mill,1639,rogue,assassination,92,45,47
Ocktwo,archimonde,1639,rogue,assassination,116,49,67
Ocklol,archimonde,1637,rogue,assassination,99,55,44
Quoicoubeh,drekthar,1635,rogue,assassination,47,26,21
Synergize,stormreaver,1634,rogue,assassination,215,108,107
Совечица,gordunni,1633,rogue,assassination,54,29,25
Fatnutsac,eredar,1633,rogue,assassination,60,23,37
Загляденье,gordunni,1632,rogue,assassination,78,34,44
Йа,gordunni,1629,rogue,assassination,69,35,34
Кэпс,blackscar,1625,rogue,assassination,66,39,27
Zerocell,kazzak,1624,rogue,assassination,218,121,97
Howfastiam,ravencrest,1624,rogue,assassination,108,55,53
Icdeadpixelz,ysondre,1624,rogue,assassination,42,17,25
Мистеркрэпс,howling-fjord,1624,rogue,assassination,47,19,28
Костялом,howling-fjord,1623,rogue,assassination,36,17,19
Netreck,dun-modr,1622,rogue,assassination,47,22,25
Uzrigu,tarren-mill,1621,rogue,assassination,54,29,25
Keeke,outland,1615,rogue,assassination,90,46,44
Shookyz,zuljin,1615,rogue,assassination,54,27,27
Iwillcapyou,twisting-nether,1614,rogue,assassination,54,25,29
Войенх,gordunni,1612,rogue,assassination,319,155,164
Únk,dalaran,1611,rogue,assassination,63,32,31
Ру,galakrond,1610,rogue,assassination,42,22,20
Amý,grim-batol,1610,rogue,assassination,57,27,30
Vâleera,kazzak,1610,rogue,assassination,54,24,30
Гесху,eversong,1608,rogue,assassination,41,23,18
Meldbroken,tarren-mill,1608,rogue,assassination,42,18,24
Cander,kazzak,1607,rogue,assassination,107,49,58
Saboteur,antonidas,1603,rogue,assassination,64,26,38
Lelíth,ravencrest,1602,rogue,assassination,107,61,46
Ач,gordunni,1602,rogue,assassination,78,37,41
Sadìra,echsenkessel,1602,rogue,assassination,75,35,40
Richï,outland,1602,rogue,assassination,197,88,109
Tiazx,outland,1600,rogue,assassination,36,19,17
Nîllá,blackmoore,1600,rogue,assassination,42,18,24
Wayñe,ravencrest,1600,rogue,assassination,48,19,29
Sotro,dun-modr,1600,rogue,assassination,84,32,52
Мастдаггер,goldrinn,1598,rogue,assassination,226,116,110
Незблах,gordunni,1596,rogue,assassination,72,40,32
Artésia,archimonde,1593,rogue,assassination,69,41,28
Yopti,tarren-mill,1591,rogue,assassination,161,66,95
Shikamouflé,archimonde,1589,rogue,assassination,154,76,78
Ândrey,stormscale,1584,rogue,assassination,64,34,30
Hoodrogue,blackrock,1580,rogue,assassination,59,32,27
Kannibalex,blackrock,1580,rogue,assassination,63,27,36
Painkeeper,stormscale,1576,rogue,assassination,30,17,13
Misttrogue,hyjal,1576,rogue,assassination,72,33,39
Emergence,ravencrest,1574,rogue,assassination,36,18,18
ßênz,archimonde,1572,rogue,assassination,126,65,61
Kãlí,blackmoore,1570,rogue,assassination,271,135,136
Zlah,ravencrest,1570,rogue,assassination,58,22,36
Shøz,kazzak,1567,rogue,assassination,200,93,107
Axlrows,doomhammer,1566,rogue,assassination,83,44,39
Ghðst,stormscale,1565,rogue,assassination,29,17,12
Стеллакокс,howling-fjord,1564,rogue,assassination,92,44,48
Miiløx,silvermoon,1558,rogue,assassination,54,30,24
Ридх,soulflayer,1556,rogue,assassination,48,18,30
Lannon,sylvanas,1550,rogue,assassination,105,47,58
Silesi,kazzak,1538,rogue,assassination,154,81,73
Argapu,stormscale,1538,rogue,assassination,120,54,66
Ритор,deathguard,1536,rogue,assassination,72,36,36
Мелеша,blackscar,1535,rogue,assassination,43,17,26
Мирайх,howling-fjord,1533,rogue,assassination,39,17,22
Stunco,ravencrest,1529,rogue,assassination,30,16,14
Schníttchen,antonidas,1527,rogue,assassination,47,21,26
Dé,ragnaros,1526,rogue,assassination,83,40,43
Зоти,lich-king,1525,rogue,assassination,56,27,29
Stepbrogue,tarren-mill,1525,rogue,assassination,84,40,44
Shaokiz,sylvanas,1523,rogue,assassination,54,29,25
Somaliapirat,eredar,1520,rogue,assassination,36,17,19
Асиксх,blackscar,1519,rogue,assassination,149,79,70
Npkx,outland,1519,rogue,assassination,60,26,34
Lildretch,dun-morogh,1517,rogue,assassination,33,17,16
Ilrunne,silvermoon,1515,rogue,assassination,132,62,70
Flogue,area-52,1514,rogue,assassination,79,30,49
Саэрас,howling-fjord,1511,rogue,assassination,42,17,25
Heartripper,ravencrest,1510,rogue,assassination,87,41,46
Weakrat,kult-der-verdammten,1508,rogue,assassination,36,22,14
Ñerøblacks,dun-modr,1507,rogue,assassination,30,16,14
Unshaken,dun-modr,1507,rogue,assassination,48,20,28
Belsazar,azshara,1501,rogue,assassination,180,91,89
Cloak,blackrock,1501,rogue,assassination,36,17,19
Zaintsas,tarren-mill,1500,rogue,assassination,80,40,40
Nùgz,area-52,1498,rogue,assassination,119,65,54
Liøø,antonidas,1497,rogue,assassination,101,49,52
Knutten,wildhammer,1497,rogue,assassination,114,52,62
Пусякиллерх,gordunni,1497,rogue,assassination,127,54,73
Czêro,grim-batol,1496,rogue,assassination,41,20,21
Варэль,borean-tundra,1491,rogue,assassination,317,154,163
Ripgore,sylvanas,1491,rogue,assassination,46,17,29
Reyzumi,antonidas,1488,rogue,assassination,54,27,27
Søsaboy,nemesis,1483,rogue,assassination,60,29,31
Трисися,gordunni,1483,rogue,assassination,48,23,25
Minjeaca,silvermoon,1482,rogue,assassination,102,46,56
Reáper,frostwolf,1475,rogue,assassination,52,27,25
Alnaddafrog,outland,1470,rogue,assassination,64,40,24
Mâriejânee,nozdormu,1469,rogue,assassination,90,52,38
Erion,silvermoon,1467,rogue,assassination,180,87,93
Soxo,dun-modr,1457,rogue,assassination,116,51,65
Arkblenderx,silvermoon,1455,rogue,assassination,106,55,51
Hopejé,ravencrest,1454,rogue,assassination,122,62,60
Ethèrnal,twisting-nether,1454,rogue,assassination,72,31,41
Редфилд,blackscar,1452,rogue,assassination,54,28,26
Tez,malganis,1452,rogue,assassination,71,33,38
Волнорес,eversong,1451,rogue,assassination,118,59,59
Poerta,burning-blade,1450,rogue,assassination,90,35,55
Nitröx,tarren-mill,1446,rogue,assassination,83,31,52
Diazz,aegwynn,1444,rogue,assassination,125,58,67
Grzech,burning-legion,1443,rogue,assassination,82,44,38
Intecto,twisting-nether,1438,rogue,assassination,112,61,51
Hanzo,vashj,1438,rogue,assassination,106,40,66
Intrix,draenor,1438,rogue,assassination,48,16,32
Redcutter,silvermoon,1435,rogue,assassination,36,15,21
Yokze,ravencrest,1433,rogue,assassination,157,79,78
Axoic,ravencrest,1433,rogue,assassination,48,23,25
Negrim,dun-modr,1433,rogue,assassination,161,77,84
Tmpkboo,stormscale,1433,rogue,assassination,36,15,21
Ppollito,hyjal,1430,rogue,assassination,126,64,62
Hidinginash,twisting-nether,1428,rogue,assassination,68,35,33
Элирэй,fordragon,1427,rogue,assassination,106,50,56
Nìghtwalker,ravencrest,1426,rogue,assassination,70,34,36
Teseiga,aegwynn,1426,rogue,assassination,146,64,82
Azzmodia,aegwynn,1426,rogue,assassination,36,15,21
Luftpumpe,blackrock,1425,rogue,assassination,63,35,28
Dîspatchx,defias-brotherhood,1424,rogue,assassination,118,59,59
Шмарамышь,soulflayer,1420,rogue,assassination,107,50,57
Гарднэр,soulflayer,1417,rogue,assassination,89,51,38
Pieksig,blackmoore,1417,rogue,assassination,96,44,52
Xeeana,ravencrest,1416,rogue,assassination,156,79,77
Candycc,burning-legion,1415,rogue,assassination,97,51,46
Vennomous,darkspear,1414,rogue,assassination,231,115,116
Recondite,doomhammer,1412,rogue,assassination,71,40,31
Ropedrink,stormscale,1409,rogue,assassination,36,22,14
Ynohtna,blackhand,1409,rogue,assassination,104,51,53
Эксплис,ashenvale,1408,rogue,assassination,43,21,22
Koreanrogue,archimonde,1406,rogue,assassination,24,15,9
Sid,dentarg,1405,rogue,assassination,101,47,54
Ambushgirl,ravencrest,1405,rogue,assassination,75,32,43
Finanzamtlg,blackrock,1404,rogue,assassination,66,34,32
Аренамастерх,blackscar,1402,rogue,assassination,24,15,9
Caská,blackhand,1402,rogue,assassination,83,36,47
Synthaetic,draenor,1401,rogue,assassination,130,69,61
Ванэйти,gordunni,1396,rogue,assassination,108,54,54
Zence,blackrock,1396,rogue,assassination,48,24,24
Лёнтролль,blackscar,1395,rogue,assassination,111,52,59
Breuss,elune,1393,rogue,assassination,36,16,20
Винерджи,gordunni,1392,rogue,assassination,74,37,37
Freemmr,draenor,1391,rogue,assassination,118,61,57
Stellaä,ragnaros,1390,rogue,assassination,54,18,36
Бонасера,blackscar,1389,rogue,assassination,81,38,43
Protpaladin,sylvanas,1387,rogue,assassination,92,45,47
Lírìa,argent-dawn,1387,rogue,assassination,53,25,28
Yassu,archimonde,1385,rogue,assassination,36,18,18
Vanisha,outland,1381,rogue,assassination,153,76,77
Umciz,archimonde,1381,rogue,assassination,42,15,27
Roguening,tarren-mill,1381,rogue,assassination,65,23,42
Piñotxo,sanguino,1377,rogue,assassination,41,17,24
Лестреа,goldrinn,1374,rogue,assassination,30,15,15
Ciaordel,sylvanas,1372,rogue,assassination,75,36,39
Bambush,bronze-dragonflight,1371,rogue,assassination,136,70,66
Crípplé,ravencrest,1369,rogue,assassination,30,15,15
Кайдарра,eversong,1368,rogue,assassination,96,49,47
Eizan,outland,1368,rogue,assassination,84,41,43
Yoruichì,kazzak,1367,rogue,assassination,30,18,12
Trollohlol,malganis,1365,rogue,assassination,96,51,45
Effectz,ravencrest,1364,rogue,assassination,125,65,60
Zobrak,twisting-nether,1362,rogue,assassination,128,64,64
Síns,runetotem,1359,rogue,assassination,49,27,22
Nuguri,blackrock,1359,rogue,assassination,45,23,22
Givewallet,ravencrest,1359,rogue,assassination,36,18,18
Mascarpone,sanguino,1358,rogue,assassination,46,19,27
Zeuzo,xavius,1357,rogue,assassination,59,30,29
Orcrogue,khadgar,1356,rogue,assassination,29,15,14
Haikyu,blackhand,1354,rogue,assassination,72,31,41
Синигурай,soulflayer,1353,rogue,assassination,36,18,18
Dreathefox,drakthul,1352,rogue,assassination,48,20,28
Pathicus,stormreaver,1351,rogue,assassination,70,37,33
Dirtyz,dun-modr,1351,rogue,assassination,67,35,32
Cýphia,amanthul,1351,rogue,assassination,69,32,37
Education,aegwynn,1350,rogue,assassination,48,18,30
Djnelly,stormreaver,1345,rogue,assassination,81,48,33
Axelaz,ravencrest,1344,rogue,assassination,18,14,4
Роземсти,gordunni,1344,rogue,assassination,188,99,89
Zizmo,deathwing,1344,rogue,assassination,84,34,50
Lôre,blackrock,1342,rogue,assassination,42,14,28
Nællya,archimonde,1339,rogue,assassination,72,40,32
Pizzayamyam,aegwynn,1339,rogue,assassination,66,29,37
Yvÿ,archimonde,1338,rogue,assassination,136,72,64
Pitøu,outland,1336,rogue,assassination,114,61,53
Сасасин,soulflayer,1333,rogue,assassination,116,61,55
Stabbinu,burning-legion,1332,rogue,assassination,30,14,16
Nightnelly,archimonde,1331,rogue,assassination,30,14,16
Bensollo,tarren-mill,1330,rogue,assassination,35,16,19
Koopa,argent-dawn,1330,rogue,assassination,54,14,40
Markø,twisting-nether,1329,rogue,assassination,94,42,52
Watodoo,kazzak,1327,rogue,assassination,92,44,48
Lipschitz,outland,1326,rogue,assassination,42,14,28
Nevagonagiv,archimonde,1320,rogue,assassination,30,14,16
Gutter,sylvanas,1320,rogue,assassination,36,14,22
Jaxck,sylvanas,1314,rogue,assassination,24,14,10
Icedoutoak,antonidas,1310,rogue,assassination,36,18,18
Траста,fordragon,1310,rogue,assassination,78,25,53
Sigleif,argent-dawn,1309,rogue,assassination,61,28,33
Dalailamer,gorgonnash,1306,rogue,assassination,80,35,45
Dæadly,archimonde,1305,rogue,assassination,41,18,23
Lixht,the-maelstrom,1302,rogue,assassination,60,32,28
Narzaván,ravencrest,1300,rogue,assassination,133,62,71
Sneakysloth,ravencrest,1300,rogue,assassination,57,21,36
Maedyv,magtheridon,1299,rogue,assassination,30,16,14
Tarox,eredar,1297,rogue,assassination,65,30,35
Sisoi,kazzak,1297,rogue,assassination,59,27,32
Gadûz,kazzak,1295,rogue,assassination,44,17,27
Flawlesser,kazzak,1294,rogue,assassination,39,19,20
Патайчик,soulflayer,1294,rogue,assassination,91,44,47
Stôrpîx,drakthul,1289,rogue,assassination,66,30,36
Ordwin,silvermoon,1289,rogue,assassination,51,23,28
Davotroz,dun-modr,1288,rogue,assassination,32,18,14
Анми,gordunni,1288,rogue,assassination,35,14,21
Éllen,outland,1287,rogue,assassination,78,30,48
Petsakos,ravencrest,1287,rogue,assassination,59,22,37
Röllz,ysondre,1286,rogue,assassination,54,22,32
Sneakypeeki,sylvanas,1285,rogue,assassination,35,14,21
Maløcøxysse,dalaran,1282,rogue,assassination,134,59,75
Batsu,alleria,1276,rogue,assassination,72,30,42
Ракфорн,howling-fjord,1274,rogue,assassination,64,34,30
Skrbke,tarren-mill,1274,rogue,assassination,186,96,90
Satiiva,terokkar,1274,rogue,assassination,78,36,42
Shadôwcraft,outland,1271,rogue,assassination,69,34,35
Фикция,greymane,1270,rogue,assassination,37,15,22
Менрэйз,gordunni,1267,rogue,assassination,36,15,21
Poughkeepsie,outland,1265,rogue,assassination,65,32,33
Izze,thrall,1265,rogue,assassination,48,17,31
Akira,outland,1262,rogue,assassination,69,34,35
Veronkierto,stormreaver,1259,rogue,assassination,78,42,36
Nopz,outland,1256,rogue,assassination,48,29,19
Brñ,ravencrest,1248,rogue,assassination,18,13,5
Snulle,ravencrest,1248,rogue,assassination,24,13,11
Евгенийильич,gordunni,1247,rogue,assassination,24,13,11
Rubberducky,argent-dawn,1245,rogue,assassination,18,13,5
Mtb,ravencrest,1245,rogue,assassination,30,13,17
Stabdbyvegan,ragnaros,1245,rogue,assassination,79,31,48
Nojdobra,tarren-mill,1244,rogue,assassination,61,25,36
Mahistt,archimonde,1243,rogue,assassination,30,17,13
Dropdeath,dun-modr,1243,rogue,assassination,24,13,11
Freijasap,ravencrest,1243,rogue,assassination,30,13,17
Имилиона,blackscar,1242,rogue,assassination,55,28,27
Келгар,soulflayer,1242,rogue,assassination,63,27,36
Droomprins,stormscale,1242,rogue,assassination,36,13,23
Synsinte,silvermoon,1240,rogue,assassination,30,16,14
Mexxn,antonidas,1240,rogue,assassination,43,20,23
Stonecold,twilights-hammer,1240,rogue,assassination,46,16,30
Dime,silvermoon,1239,rogue,assassination,90,47,43
Mewen,sanguino,1233,rogue,assassination,30,13,17
Sáinz,malganis,1233,rogue,assassination,35,15,20
Raetoc,turalyon,1231,rogue,assassination,36,17,19
Jupitor,argent-dawn,1227,rogue,assassination,120,65,55
Streetx,nethersturm,1226,rogue,assassination,48,25,23
Donjules,silvermoon,1226,rogue,assassination,36,14,22
Gankbang,frostmane,1225,rogue,assassination,54,21,33
Nàrutò,thrall,1225,rogue,assassination,74,27,47
Nukubu,draenor,1224,rogue,assassination,88,35,53
Altaár,dun-modr,1224,rogue,assassination,53,13,40
Ноубрэйкс,blackscar,1221,rogue,assassination,60,29,31
Mystykal,twisting-nether,1221,rogue,assassination,48,19,29
Сайгакк,galakrond,1217,rogue,assassination,64,32,32
Цилана,gordunni,1215,rogue,assassination,104,55,49
Horvathzu,ravencrest,1215,rogue,assassination,38,16,22
Noxxra,blackhand,1214,rogue,assassination,65,25,40
Madlain,jaedenar,1213,rogue,assassination,62,27,35
Kronin,arakarahm,1213,rogue,assassination,42,15,27
Rhak,malganis,1212,rogue,assassination,102,45,57
Szabina,outland,1210,rogue,assassination,24,13,11
Свёклапро,gordunni,1210,rogue,assassination,118,60,58
Drillss,ravencrest,1209,rogue,assassination,46,14,32
Revelith,nemesis,1205,rogue,assassination,35,16,19
Bennyweth,argent-dawn,1205,rogue,assassination,42,16,26
Nargun,archimonde,1204,rogue,assassination,30,18,12
Næylá,kult-der-verdammten,1204,rogue,assassination,114,55,59
Gðrdø,blackrock,1204,rogue,assassination,38,16,22
Килларан,howling-fjord,1200,rogue,assassination,29,16,13
Maelithas,archimonde,1197,rogue,assassination,83,38,45
Lovetospoon,ravencrest,1196,rogue,assassination,90,51,39
Davosslol,outland,1196,rogue,assassination,36,13,23
Narsoule,ysondre,1194,rogue,assassination,30,16,14
Фуллблайнд,gordunni,1194,rogue,assassination,33,13,20
Bauwten,ravencrest,1193,rogue,assassination,30,16,14
Тимкок,soulflayer,1190,rogue,assassination,90,39,51
Sùbzerø,archimonde,1186,rogue,assassination,23,13,10
Krimos,archimonde,1179,rogue,assassination,78,44,34
Nevelon,chogall,1178,rogue,assassination,138,68,70
Экичу,howling-fjord,1177,rogue,assassination,48,28,20
Azovrouge,terokkar,1172,rogue,assassination,30,18,12
Sladen,ghostlands,1172,rogue,assassination,30,14,16
Jumbovanish,tarren-mill,1168,rogue,assassination,27,15,12
Rahes,stormscale,1168,rogue,assassination,55,16,39
Мечтавелена,howling-fjord,1163,rogue,assassination,108,44,64
Engetiran,defias-brotherhood,1158,rogue,assassination,42,13,29
Zeduxino,outland,1156,rogue,assassination,28,17,11
Jeruna,veklor,1152,rogue,assassination,24,12,12
Sâtýr,ravencrest,1150,rogue,assassination,18,12,6
Djpiglet,outland,1149,rogue,assassination,18,12,6
Нарежудольки,howling-fjord,1147,rogue,assassination,30,12,18
Chalkbag,blackrock,1146,rogue,assassination,59,23,36
Unterweger,die-aldor,1145,rogue,assassination,23,13,10
Kariinthuul,aegwynn,1145,rogue,assassination,78,33,45
Behörnchen,eredar,1145,rogue,assassination,59,23,36
Fálke,dun-modr,1145,rogue,assassination,36,12,24
Jazhz,archimonde,1143,rogue,assassination,30,15,15
Поздоровайся,howling-fjord,1142,rogue,assassination,79,38,41
Bläde,outland,1141,rogue,assassination,18,12,6
Rîg,draenor,1139,rogue,assassination,30,12,18
Носопыра,blackscar,1138,rogue,assassination,77,39,38
Bonejaw,tarren-mill,1137,rogue,assassination,30,14,16
Kuttunga,ravencrest,1134,rogue,assassination,85,39,46
Zokush,archimonde,1134,rogue,assassination,39,15,24
Gigarogue,defias-brotherhood,1129,rogue,assassination,53,24,29
Daggerz,outland,1128,rogue,assassination,24,12,12
Tootskie,outland,1128,rogue,assassination,126,59,67
Скулипёс,howling-fjord,1124,rogue,assassination,23,15,8
Phaîne,outland,1124,rogue,assassination,24,12,12
Dykumah,sanguino,1124,rogue,assassination,36,17,19
Missesinvis,blackmoore,1118,rogue,assassination,25,14,11
Vathié,twisting-nether,1112,rogue,assassination,30,12,18
Jæto,ravencrest,1110,rogue,assassination,33,17,16
Sênsus,antonidas,1110,rogue,assassination,54,21,33
Edaniel,draenor,1109,rogue,assassination,24,12,12
Rundarz,tyrande,1108,rogue,assassination,29,12,17
Finisher,sanguino,1107,rogue,assassination,30,14,16
Дисхар,soulflayer,1103,rogue,assassination,28,15,13
Oshä,dalaran,1102,rogue,assassination,30,13,17
Elûnè,silvermoon,1097,rogue,assassination,30,14,16
Azonaticus,hyjal,1096,rogue,assassination,34,16,18
Vengígodx,outland,1094,rogue,assassination,42,19,23
Swarge,silvermoon,1088,rogue,assassination,318,152,166
Кэйлфрут,gordunni,1086,rogue,assassination,119,55,64
Gravestam,sunstrider,1085,rogue,assassination,36,17,19
Ingesa,blackhand,1085,rogue,assassination,86,40,46
Shoshomoo,lightnings-blade,1085,rogue,assassination,27,12,15
Практикиней,grom,1083,rogue,assassination,42,16,26
Horrogue,aggramar,1082,rogue,assassination,24,13,11
Helax,turalyon,1076,rogue,assassination,36,15,21
Undîsputed,blackmoore,1074,rogue,assassination,45,15,30
Балуса,thermaplugg,1072,rogue,assassination,66,26,40
Лунари,blackscar,1071,rogue,assassination,54,22,32
Mol,defias-brotherhood,1070,rogue,assassination,38,12,26
Epidemic,stormscale,1069,rogue,assassination,169,74,95
Tubes,dun-morogh,1068,rogue,assassination,32,22,10
Чернаясоска,eversong,1064,rogue,assassination,125,67,58
Nighteshift,silvermoon,1064,rogue,assassination,36,14,22
Boskönigt,ragnaros,1062,rogue,assassination,70,36,34
Elysm,stormscale,1057,rogue,assassination,50,24,26
Firekry,stormscale,1057,rogue,assassination,30,12,18
Gorgeousréd,aegwynn,1056,rogue,assassination,30,11,19
Undxrwrld,sylvanas,1055,rogue,assassination,18,11,7
Аязлаая,blackscar,1054,rogue,assassination,36,11,25
Ladixy,archimonde,1054,rogue,assassination,38,11,27
Kampon,sanguino,1052,rogue,assassination,34,14,20
Keltaru,ravencrest,1051,rogue,assassination,24,11,13
Jimaal,stormscale,1051,rogue,assassination,30,11,19
Æsthaetic,silvermoon,1050,rogue,assassination,24,11,13
Zyrogue,silvermoon,1047,rogue,assassination,18,11,7
Йоио,howling-fjord,1047,rogue,assassination,24,11,13
Bigpeanuts,ragnaros,1046,rogue,assassination,18,11,7
Hasansabbah,twisting-nether,1045,rogue,assassination,30,11,19
Zélla,twisting-nether,1044,rogue,assassination,24,11,13
Gamôra,arygos,1043,rogue,assassination,152,72,80
Opiïum,ysondre,1042,rogue,assassination,24,13,11
Pasarelo,dun-modr,1041,rogue,assassination,95,45,50
Refundlands,kazzak,1040,rogue,assassination,37,14,23
Колдрейдж,soulflayer,1039,rogue,assassination,18,11,7
Trashcarlitâ,eredar,1039,rogue,assassination,29,11,18
Sæqq,blackmoore,1038,rogue,assassination,54,22,32
Subyo,eredar,1038,rogue,assassination,30,11,19
Leÿji,archimonde,1038,rogue,assassination,42,15,27
Chiàntì,blackrock,1037,rogue,assassination,185,88,97
Alpinestars,dun-modr,1037,rogue,assassination,29,12,17
Jamesdarmody,twisting-nether,1034,rogue,assassination,33,12,21
Tre,eredar,1030,rogue,assassination,47,22,25
Оскархартман,gordunni,1027,rogue,assassination,24,12,12
Seleyese,draenor,1027,rogue,assassination,36,15,21
Imissmop,darkspear,1026,rogue,assassination,30,11,19
Мяуровани,eversong,1025,rogue,assassination,30,16,14
Rogunelf,stormreaver,1021,rogue,assassination,62,31,31
Белунчус,howling-fjord,1021,rogue,assassination,24,12,12
Айвонарак,howling-fjord,1014,rogue,assassination,36,13,23
Wedgyrog,stormscale,1012,rogue,assassination,96,39,57
Griveous,kazzak,1007,rogue,assassination,20,12,8
Alltaïr,ravencrest,1007,rogue,assassination,151,76,75
Lesale,turalyon,1005,rogue,assassination,48,22,26
Beistrichbob,terrordar,1003,rogue,assassination,24,13,11
Havox,darksorrow,1003,rogue,assassination,24,11,13
Dezxxyox,dun-modr,999,rogue,assassination,122,62,60
Джоннималыш,eversong,999,rogue,assassination,66,30,36
Haregan,gorgonnash,991,rogue,assassination,24,14,10
Grris,stormscale,991,rogue,assassination,22,11,11
Imdma,defias-brotherhood,991,rogue,assassination,60,29,31
Майндтрикс,blackscar,991,rogue,assassination,26,11,15
Sorea,twisting-nether,987,rogue,assassination,75,32,43
Zzippi,blackmoore,987,rogue,assassination,49,20,29
Julyshadows,kazzak,974,rogue,assassination,84,38,46
Tirgo,aegwynn,970,rogue,assassination,198,98,100
Dmfd,darksorrow,966,rogue,assassination,310,150,160
Veliza,twisting-nether,962,rogue,assassination,91,37,54
Shadowprank,ravencrest,960,rogue,assassination,21,10,11
Ежикх,soulflayer,960,rogue,assassination,30,10,20
Madisonivyqt,blackmoore,960,rogue,assassination,30,10,20
Blawann,argent-dawn,959,rogue,assassination,18,10,8
Gamer,aggramar,959,rogue,assassination,18,10,8
Köna,archimonde,959,rogue,assassination,24,10,14
Ладжо,gordunni,959,rogue,assassination,30,10,20
Miistermaen,outland,959,rogue,assassination,30,10,20
Xlongman,blackhand,959,rogue,assassination,36,11,25
Løuvees,archimonde,958,rogue,assassination,88,45,43
Dilemma,zuljin,958,rogue,assassination,24,10,14
Tallac,drekthar,958,rogue,assassination,24,10,14
Chatbann,blackrock,958,rogue,assassination,24,10,14
Xalupa,dun-modr,957,rogue,assassination,24,10,14
Psychoxygen,nemesis,956,rogue,assassination,24,10,14
Geludor,alonsus,956,rogue,assassination,24,10,14
Grimv,frostmane,955,rogue,assassination,24,10,14
Eightball,frostmane,954,rogue,assassination,18,10,8
Gârrík,blackhand,954,rogue,assassination,18,10,8
Zèph,outland,953,rogue,assassination,18,10,8
Хулиганнчег,galakrond,953,rogue,assassination,24,10,14
Skids,ravencrest,952,rogue,assassination,18,10,8
Runár,proudmoore,952,rogue,assassination,22,11,11
Loubina,silvermoon,952,rogue,assassination,24,10,14
Deceptio,gilneas,951,rogue,assassination,109,55,54
Madita,frostmourne,942,rogue,assassination,42,11,31
Kaigodd,twisting-nether,939,rogue,assassination,51,29,22
Raikyo,argent-dawn,939,rogue,assassination,69,36,33
Kyropth,eredar,939,rogue,assassination,24,10,14
Modulok,ulduar,936,rogue,assassination,48,22,26
Artyzoo,tarren-mill,930,rogue,assassination,24,10,14
Eniyah,tarren-mill,927,rogue,assassination,17,10,7
Tranxéne,hyjal,927,rogue,assassination,66,34,32
Coastguard,twisting-nether,927,rogue,assassination,62,30,32
Паштетмашин,booty-bay,924,rogue,assassination,41,20,21
Cbrook,sylvanas,920,rogue,assassination,29,10,19
Snakeshiv,ravenholdt,919,rogue,assassination,24,12,12
Dredge,kaelthas,919,rogue,assassination,43,14,29
Elfikill,elune,907,rogue,assassination,72,39,33
Pinchoto,sanguino,907,rogue,assassination,66,31,35
Макггара,soulflayer,907,rogue,assassination,170,78,92
Rohalds,silvermoon,901,rogue,assassination,32,11,21
Onetwo,aggra-português,900,rogue,assassination,30,13,17
Raiyqyu,archimonde,898,rogue,assassination,150,72,78
Jústina,die-aldor,897,rogue,assassination,66,28,38
Márto,archimonde,896,rogue,assassination,22,10,12
Mythicog,twisting-nether,895,rogue,assassination,60,24,36
Ороти,greymane,891,rogue,assassination,20,12,8
Darkkstep,blackmoore,890,rogue,assassination,30,11,19
Blackone,nemesis,883,rogue,assassination,24,10,14
Dallrend,stormscale,875,rogue,assassination,60,22,38
Rossaporcona,nemesis,874,rogue,assassination,66,24,42
Skýhigh,ravencrest,864,rogue,assassination,12,9,3
Watergirlx,ravencrest,864,rogue,assassination,18,9,9
Angeldarky,silvermoon,864,rogue,assassination,24,9,15
Sotri,dun-modr,864,rogue,assassination,24,9,15
Jáckz,twisting-nether,864,rogue,assassination,24,9,15
Moratz,blackmoore,864,rogue,assassination,36,9,27
Nekhâ,hyjal,863,rogue,assassination,18,9,9
Леронда,deepholm,863,rogue,assassination,36,17,19
Fawkkes,la-croisade-écarlate,863,rogue,assassination,24,9,15
Lefthook,argent-dawn,863,rogue,assassination,27,10,17
Фанфистинга,gordunni,863,rogue,assassination,36,9,27
Lycosidae,doomhammer,862,rogue,assassination,18,9,9
Жесть,howling-fjord,862,rogue,assassination,18,9,9
Красаа,soulflayer,861,rogue,assassination,24,9,15
Doxxei,draenor,860,rogue,assassination,18,9,9
Purplereign,frostmane,860,rogue,assassination,84,40,44
Бимбабеггинз,howling-fjord,860,rogue,assassination,24,9,15
Вальпургина,borean-tundra,859,rogue,assassination,64,30,34
Silksneak,kazzak,856,rogue,assassination,18,9,9
Babysteps,the-maelstrom,856,rogue,assassination,18,9,9
Norlix,ravencrest,856,rogue,assassination,18,9,9
Malvaxxs,tarren-mill,856,rogue,assassination,26,9,17
Felvengeance,stormscale,855,rogue,assassination,30,9,21
Reginlief,argent-dawn,852,rogue,assassination,56,28,28
Valdengard,antonidas,852,rogue,assassination,18,9,9
Kuxion,zuljin,847,rogue,assassination,24,10,14
Blades,blackmoore,843,rogue,assassination,24,9,15
Ressputini,emeriss,841,rogue,assassination,17,9,8
Knockyz,khaz-modan,837,rogue,assassination,85,40,45
Прнхабочка,gordunni,832,rogue,assassination,66,31,35
Lilze,ravencrest,828,rogue,assassination,108,48,60
Yeehaaman,stormreaver,828,rogue,assassination,24,9,15
Mackíe,antonidas,828,rogue,assassination,27,10,17
Lorena,ravencrest,826,rogue,assassination,17,9,8
Tc,doomhammer,824,rogue,assassination,18,9,9
Jacktripper,blackrock,824,rogue,assassination,51,14,37
Îlihad,zuljin,822,rogue,assassination,72,29,43
Вотымразь,howling-fjord,819,rogue,assassination,83,36,47
Sessanali,silvermoon,816,rogue,assassination,36,10,26
Yuffi,ysondre,803,rogue,assassination,29,11,18
Hadúr,stormscale,802,rogue,assassination,28,11,17
Areldis,drakthul,800,rogue,assassination,20,10,10
Folzen,archimonde,799,rogue,assassination,22,9,13
Krymziàâ,hyjal,790,rogue,assassination,105,43,62
Кейтллинн,galakrond,788,rogue,assassination,54,24,30
Mores,anetheron,781,rogue,assassination,30,9,21
Sospiro,nemesis,779,rogue,assassination,22,9,13
Gpóínt,blackmoore,778,rogue,assassination,30,9,21
Kynra,culte-de-la-rive-noire,768,rogue,assassination,12,8,4
Кьюксе,gordunni,768,rogue,assassination,12,8,4
Myk,frostmane,768,rogue,assassination,12,8,4
Attylaria,rexxar,768,rogue,assassination,18,8,10
Speedhackarn,jaedenar,768,rogue,assassination,18,8,10
Silass,marécage-de-zangar,768,rogue,assassination,18,8,10
Фешнподпивом,gordunni,768,rogue,assassination,21,8,13
Yanlu,ysondre,768,rogue,assassination,24,8,16
Onlyluvhurt,dun-modr,768,rogue,assassination,24,8,16
Meimei,sanguino,768,rogue,assassination,24,8,16
Piperx,ravencrest,768,rogue,assassination,30,8,22
Spky,ravencrest,768,rogue,assassination,30,8,22
Rnghero,blackmoore,768,rogue,assassination,30,8,22
Babouill,ysondre,767,rogue,assassination,12,8,4
Shadowcralls,blackmoore,767,rogue,assassination,18,8,10
Milenia,thrall,767,rogue,assassination,18,8,10
Meldee,burning-legion,767,rogue,assassination,18,8,10
Röguelol,outland,767,rogue,assassination,18,8,10
Imsweet,burning-legion,767,rogue,assassination,18,8,10
Skiff,argent-dawn,767,rogue,assassination,18,8,10
Serpez,anachronos,766,rogue,assassination,12,8,4
Nhonhonho,silvermoon,766,rogue,assassination,18,8,10
Flaskan,tarren-mill,766,rogue,assassination,18,8,10
Bronxbomber,tarren-mill,766,rogue,assassination,18,8,10
Obsçuritý,ragnaros,765,rogue,assassination,16,9,7
Kuzmin,die-aldor,765,rogue,assassination,24,8,16
Satmera,silvermoon,765,rogue,assassination,24,8,16
Orochi,ravencrest,764,rogue,assassination,12,8,4
Jimzopf,eredar,762,rogue,assassination,18,8,10
Breattick,blackmoore,762,rogue,assassination,54,17,37
Giftknirps,silvermoon,758,rogue,assassination,18,8,10
Parker,frostmane,758,rogue,assassination,24,8,16
Куррвабобер,borean-tundra,756,rogue,assassination,18,8,10
Utis,kazzak,756,rogue,assassination,24,8,16
Astefion,dalaran,756,rogue,assassination,36,8,28
Thedarkness,sylvanas,755,rogue,assassination,18,8,10
ßè,frostmane,754,rogue,assassination,18,8,10
Энвитио,gordunni,751,rogue,assassination,18,8,10
Matarocho,ravencrest,751,rogue,assassination,24,8,16
Delaster,blackmoore,749,rogue,assassination,12,8,4
Rwaphou,ysondre,748,rogue,assassination,18,8,10
Sabrera,ravencrest,746,rogue,assassination,24,8,16
Рогнарек,blackscar,745,rogue,assassination,44,17,27
Медиивэл,deepholm,737,rogue,assassination,23,8,15
Gillette,guldan,736,rogue,assassination,114,43,71
Замлур,booty-bay,734,rogue,assassination,14,9,5
Scorpionkk,blackrock,734,rogue,assassination,277,121,156
Deragur,antonidas,733,rogue,assassination,18,8,10
Bondina,nemesis,727,rogue,assassination,18,8,10
Azotix,archimonde,722,rogue,assassination,38,14,24
Juweetwelwie,twisting-nether,718,rogue,assassination,18,8,10
Ghøßt,outland,714,rogue,assassination,23,10,13
Sïdr,marécage-de-zangar,712,rogue,assassination,61,26,35
Fumai,blackmoore,701,rogue,assassination,54,19,35
Blueberry,sargeras,693,rogue,assassination,31,10,21
Ninieu,kirin-tor,686,rogue,assassination,13,8,5
Ghøstkid,blackrock,686,rogue,assassination,22,8,14
Obstechhawi,argent-dawn,672,rogue,assassination,12,7,5
Houfyy,blackhand,672,rogue,assassination,12,7,5
Биокарлик,soulflayer,672,rogue,assassination,12,7,5
Лиринэлла,soulflayer,672,rogue,assassination,12,7,5
Rindar,dun-modr,672,rogue,assassination,12,7,5
Bluntyblades,silvermoon,672,rogue,assassination,12,7,5
Nightyx,blackmoore,672,rogue,assassination,12,7,5
Pekszcze,ravencrest,672,rogue,assassination,12,7,5
Scørp,ravencrest,672,rogue,assassination,18,7,11
Soulriver,kelthuzad,672,rogue,assassination,18,7,11
Eeros,kazzak,672,rogue,assassination,18,7,11
Darkerzx,silvermoon,672,rogue,assassination,18,7,11
Zilemjr,stormscale,672,rogue,assassination,18,7,11
Styxro,blackhand,672,rogue,assassination,18,7,11
Zwarciowa,burning-legion,672,rogue,assassination,18,7,11
Like,aegwynn,672,rogue,assassination,18,7,11
Ogc,draenor,672,rogue,assassination,18,7,11
Patryk,silvermoon,672,rogue,assassination,21,8,13
Luketherogue,twisting-nether,672,rogue,assassination,24,7,17
Jaqenhghar,pozzo-delleternità,672,rogue,assassination,24,7,17
Chokee,blackrock,672,rogue,assassination,24,7,17
Featfawkes,ragnaros,672,rogue,assassination,24,7,17
Rikdy,kazzak,672,rogue,assassination,30,7,23
Ámbush,sylvanas,672,rogue,assassination,30,7,23
Xãwé,kazzak,671,rogue,assassination,12,7,5
Jsprxo,stormscale,671,rogue,assassination,12,7,5
Pookzy,blackhand,671,rogue,assassination,12,7,5
Jupezii,stormreaver,671,rogue,assassination,12,7,5
Verresa,sylvanas,671,rogue,assassination,12,7,5
Роггбог,howling-fjord,671,rogue,assassination,12,7,5
Nïhal,suramar,671,rogue,assassination,18,7,11
Oboraddon,blackrock,671,rogue,assassination,18,7,11
Brazi,dalaran,671,rogue,assassination,18,7,11
Renaai,defias-brotherhood,671,rogue,assassination,18,7,11
Ticklzepickl,silvermoon,671,rogue,assassination,18,7,11
Stealthaldo,sylvanas,671,rogue,assassination,18,7,11
Friter,stormscale,671,rogue,assassination,18,7,11
Bødýchëck,blackmoore,670,rogue,assassination,12,7,5
Shadowspike,sanguino,670,rogue,assassination,18,7,11
Abush,ravencrest,670,rogue,assassination,18,7,11
Barkai,kazzak,670,rogue,assassination,18,7,11
Feucht,argent-dawn,669,rogue,assassination,18,7,11
Waltër,tyrande,669,rogue,assassination,30,7,23
Shinigamî,nemesis,668,rogue,assassination,12,7,5
Кремдлявек,gordunni,668,rogue,assassination,30,7,23
Fizzkhalifa,zuljin,667,rogue,assassination,25,9,16
Vuuduu,frostmane,667,rogue,assassination,30,7,23
Ashami,genjuros,666,rogue,assassination,18,7,11
Jiraishin,blackmoore,666,rogue,assassination,30,7,23
Háshírama,ravencrest,665,rogue,assassination,22,8,14
Бларефул,eversong,661,rogue,assassination,18,7,11
Azkiel,archimonde,660,rogue,assassination,12,7,5
Némésiss,archimonde,660,rogue,assassination,18,7,11
Зайт,howling-fjord,660,rogue,assassination,27,9,18
Twotimess,stormscale,658,rogue,assassination,12,7,5
Sanzoo,blackmoore,655,rogue,assassination,17,7,10
Niapro,dun-morogh,653,rogue,assassination,17,7,10
Rêdbello,dun-morogh,651,rogue,assassination,18,7,11
Джэкман,soulflayer,650,rogue,assassination,14,10,4
Rezzi,ravencrest,647,rogue,assassination,19,8,11
Деравар,deathguard,639,rogue,assassination,22,7,15
Якунька,soulflayer,637,rogue,assassination,17,7,10
Gaius,zuljin,623,rogue,assassination,15,7,8
Windhawkz,silvermoon,623,rogue,assassination,17,7,10
Chcksothrsty,ragnaros,622,rogue,assassination,11,7,4
Mozenn,draenor,622,rogue,assassination,15,7,8
Милеса,soulflayer,620,rogue,assassination,17,7,10
Suley,blackrock,616,rogue,assassination,17,7,10
Kahsorog,draenor,597,rogue,assassination,14,7,7
Rîplëy,ravencrest,591,rogue,assassination,13,7,6
Behind,agamaggan,582,rogue,assassination,22,8,14
Parawietje,twilights-hammer,576,rogue,assassination,12,6,6
Blade,stormscale,576,rogue,assassination,12,6,6
Rilodedcoach,kazzak,576,rogue,assassination,12,6,6
Tyranoxoth,stormscale,576,rogue,assassination,12,6,6
Necroli,kazzak,576,rogue,assassination,12,6,6
Remindful,ravencrest,576,rogue,assassination,12,6,6
Voetdown,blackmoore,576,rogue,assassination,12,6,6
Бейнс,howling-fjord,576,rogue,assassination,12,6,6
Sachsun,outland,576,rogue,assassination,12,6,6
Myk,ravencrest,576,rogue,assassination,12,6,6
Лиргенвард,deathguard,576,rogue,assassination,12,6,6
Diagnoze,silvermoon,576,rogue,assassination,12,6,6
Myxx,ravencrest,576,rogue,assassination,12,6,6
Mollyperph,ravencrest,576,rogue,assassination,12,6,6
Flopsy,archimonde,576,rogue,assassination,12,6,6
Wrestlér,sylvanas,576,rogue,assassination,12,6,6
Sîccarîus,ravencrest,576,rogue,assassination,12,6,6
Pøóçhgøðx,archimonde,576,rogue,assassination,12,6,6
Ralffy,auchindoun,576,rogue,assassination,12,6,6
Zte,frostmane,576,rogue,assassination,18,6,12
Liraia,eredar,576,rogue,assassination,18,6,12
Dnw,ravencrest,576,rogue,assassination,18,6,12
Blooddance,ragnaros,576,rogue,assassination,18,6,12
Shredbull,ravencrest,576,rogue,assassination,18,6,12
Rbgdowngrade,ravencrest,575,rogue,assassination,12,6,6
Blackmøré,argent-dawn,575,rogue,assassination,12,6,6
Peqpen,ravencrest,575,rogue,assassination,12,6,6
Nevazutu,twisting-nether,575,rogue,assassination,12,6,6
Defiasrogue,blackmoore,575,rogue,assassination,18,6,12
Inentellian,frostwolf,575,rogue,assassination,18,6,12
Hmwow,kazzak,575,rogue,assassination,18,6,12
Wééselby,blackrock,575,rogue,assassination,18,6,12
Invisage,grim-batol,575,rogue,assassination,18,6,12
Shènz,ysondre,575,rogue,assassination,18,6,12
Fkuwu,dalaran,575,rogue,assassination,24,6,18
Yasmineskye,silvermoon,574,rogue,assassination,12,6,6
Outofstuns,earthen-ring,574,rogue,assassination,18,7,11
Dahlinska,ravencrest,574,rogue,assassination,18,6,12
Жинпес,gordunni,574,rogue,assassination,18,6,12
Whiss,blackmoore,573,rogue,assassination,12,6,6
Letheus,stormscale,573,rogue,assassination,18,6,12
Whiz,alexstrasza,572,rogue,assassination,21,7,14
Ranjual,blackhand,571,rogue,assassination,12,6,6
Ninjaops,ravencrest,571,rogue,assassination,12,6,6
Симус,lich-king,568,rogue,assassination,12,6,6
Clapslap,blackmoore,565,rogue,assassination,12,6,6
Dimah,blackmoore,563,rogue,assassination,18,6,12
Наджийа,lich-king,560,rogue,assassination,18,6,12
Nÿst,khaz-modan,543,rogue,assassination,17,6,11
Givilwtf,eredar,543,rogue,assassination,17,6,11
Stælf,argent-dawn,543,rogue,assassination,22,6,16
Ûltraaxx,ysondre,528,rogue,assassination,15,6,9
Snigmorder,silvermoon,528,rogue,assassination,16,6,10
Stonyhavana,ravencrest,527,rogue,assassination,11,6,5
Vaeira,ravencrest,527,rogue,assassination,17,6,11
Sjûkdøm,silvermoon,527,rogue,assassination,18,6,12
Crenx,draenor,527,rogue,assassination,23,6,17
Bamboozledx,draenor,511,rogue,assassination,11,6,5
Стронг,soulflayer,511,rogue,assassination,15,6,9
Gereon,drakthul,510,rogue,assassination,16,6,10
Вудстер,blackscar,480,rogue,assassination,6,5,1
Ðescartes,antonidas,480,rogue,assassination,6,5,1
Pwoned,frostmourne,480,rogue,assassination,6,5,1
Aikaza,blackmoore,480,rogue,assassination,12,5,7
Septicshiv,argent-dawn,480,rogue,assassination,12,5,7
Calve,tarren-mill,480,rogue,assassination,12,5,7
Psg,argent-dawn,480,rogue,assassination,12,5,7
Snurry,tarren-mill,480,rogue,assassination,12,5,7
Кишмякх,howling-fjord,480,rogue,assassination,12,5,7
Qwneêr,tarren-mill,480,rogue,assassination,12,5,7
Exiv,ragnaros,480,rogue,assassination,12,5,7
Lämä,stormreaver,480,rogue,assassination,12,5,7
Backstabjr,blackmoore,480,rogue,assassination,12,5,7
Malatang,thrall,480,rogue,assassination,12,5,7
Darkknïght,silvermoon,480,rogue,assassination,12,5,7
Sholace,blackrock,480,rogue,assassination,12,5,7
Morgan,argent-dawn,480,rogue,assassination,12,5,7
Злобность,gordunni,480,rogue,assassination,12,5,7
Рэкрейвон,gordunni,480,rogue,assassination,12,5,7
Kendyx,kirin-tor,480,rogue,assassination,12,5,7
Gögel,draenor,480,rogue,assassination,12,5,7
Rylie,garona,480,rogue,assassination,12,5,7
Zajii,eredar,480,rogue,assassination,12,5,7
Shabakftw,twisting-nether,480,rogue,assassination,12,5,7
Dìkcite,archimonde,480,rogue,assassination,12,5,7
Hì,bronzebeard,480,rogue,assassination,12,5,7
Эрихард,howling-fjord,480,rogue,assassination,12,5,7
Trickfulz,stormscale,480,rogue,assassination,12,5,7
Letmeplay,ravencrest,480,rogue,assassination,12,5,7
Erdin,ravencrest,480,rogue,assassination,12,5,7
Nippzy,twisting-nether,480,rogue,assassination,12,5,7
Anhduy,blackrock,480,rogue,assassination,12,5,7
Fixsap,aegwynn,480,rogue,assassination,12,5,7
Kidalica,auchindoun,480,rogue,assassination,12,5,7
Heftychonk,doomhammer,480,rogue,assassination,12,5,7
Republicano,cthun,480,rogue,assassination,18,5,13
Kenjí,silvermoon,480,rogue,assassination,18,5,13
Wrathed,stormreaver,480,rogue,assassination,18,5,13
Stealthi,stormscale,480,rogue,assassination,18,5,13
Søtez,ravencrest,480,rogue,assassination,18,5,13
Эстанга,grom,480,rogue,assassination,18,5,13
Exanimu,ravencrest,480,rogue,assassination,18,5,13
Ykw,tarren-mill,480,rogue,assassination,18,5,13
Noxxy,archimonde,480,rogue,assassination,24,5,19
Vizifyx,ravencrest,480,rogue,assassination,24,5,19
Zhadowên,outland,479,rogue,assassination,6,5,1
Saptember,blackhand,479,rogue,assassination,6,5,1
Хэресс,soulflayer,479,rogue,assassination,6,5,1
Lescud,illidan,479,rogue,assassination,12,5,7
Dahlin,stormscale,479,rogue,assassination,12,5,7
Jaymo,saurfang,479,rogue,assassination,12,5,7
Tossmysaladx,silvermoon,479,rogue,assassination,12,5,7
Shadowfangs,ravencrest,479,rogue,assassination,12,5,7
Дамид,gordunni,479,rogue,assassination,12,5,7
Ganzord,dun-modr,479,rogue,assassination,12,5,7
Darák,thrall,479,rogue,assassination,12,5,7
Некролз,gordunni,479,rogue,assassination,13,5,8
Hallogenic,silvermoon,479,rogue,assassination,18,5,13
Howhigh,stormscale,479,rogue,assassination,18,5,13
Sît,twisting-nether,479,rogue,assassination,24,5,19
Yüm,burning-blade,478,rogue,assassination,18,5,13
Dravenfoot,defias-brotherhood,477,rogue,assassination,12,5,7
Jacksoon,dun-morogh,477,rogue,assassination,18,5,13
Magok,ysondre,476,rogue,assassination,12,5,7
Lubor,thrall,476,rogue,assassination,12,5,7
Razboy,dun-morogh,475,rogue,assassination,12,5,7
Owlcat,argent-dawn,475,rogue,assassination,12,5,7
Eljana,amanthul,472,rogue,assassination,20,7,13
Deevoll,tarren-mill,447,rogue,assassination,20,6,14
Элиссенда,deathguard,446,rogue,assassination,11,5,6
Sørä,ragnaros,444,rogue,assassination,10,5,5
Bhabì,uldaman,431,rogue,assassination,11,5,6
Jimmybrä,draenor,431,rogue,assassination,11,5,6
Rhâpsødýx,twisting-nether,426,rogue,assassination,14,6,8
Mâêl,blackmoore,426,rogue,assassination,16,6,10
Bluehell,sanguino,415,rogue,assassination,10,5,5
Horóz,antonidas,400,rogue,assassination,7,5,2
Døpegame,ravencrest,400,rogue,assassination,13,5,8
Yuunr,kazzak,384,rogue,assassination,6,4,2
Rosk,los-errantes,384,rogue,assassination,6,4,2
Cørek,blackhand,384,rogue,assassination,6,4,2
Áq,ravencrest,384,rogue,assassination,6,4,2
Bwònsàmdì,twisting-nether,384,rogue,assassination,6,4,2
Дикийминус,howling-fjord,384,rogue,assassination,6,4,2
Nineball,frostmane,384,rogue,assassination,6,4,2
Mituxararr,blackrock,384,rogue,assassination,6,4,2
Vögue,burning-legion,384,rogue,assassination,6,4,2
Neyloa,kazzak,384,rogue,assassination,6,4,2
Tommywright,stormscale,384,rogue,assassination,6,4,2
Imatrickster,draenor,384,rogue,assassination,6,4,2
Eltitoedu,dun-modr,384,rogue,assassination,6,4,2
Путьказаха,gordunni,384,rogue,assassination,6,4,2
Meccura,silvermoon,384,rogue,assassination,6,4,2
Voltarine,ysondre,384,rogue,assassination,6,4,2
Fûckínggød,outland,384,rogue,assassination,6,4,2
Obscuritys,nemesis,384,rogue,assassination,6,4,2
Leviathann,doomhammer,384,rogue,assassination,6,4,2
Tebzr,ravencrest,384,rogue,assassination,6,4,2
Deadhawk,ravencrest,384,rogue,assassination,6,4,2
Ebayscammer,ravencrest,384,rogue,assassination,6,4,2
Whosmanz,ragnaros,384,rogue,assassination,6,4,2
Jinxy,outland,384,rogue,assassination,6,4,2
Rodjin,hyjal,384,rogue,assassination,6,4,2
Sayianwho,ravencrest,384,rogue,assassination,6,4,2
Mïkasa,ysondre,384,rogue,assassination,6,4,2
Spolly,frostwolf,384,rogue,assassination,6,4,2
Mouchess,hyjal,384,rogue,assassination,6,4,2
Мёртвыйанарх,soulflayer,384,rogue,assassination,6,4,2
Ðoppex,blackmoore,384,rogue,assassination,6,4,2
Sparv,jaedenar,384,rogue,assassination,6,4,2
Gâla,elune,384,rogue,assassination,6,4,2
Doktorrog,blackrock,384,rogue,assassination,12,4,8
Darkchomeur,archimonde,384,rogue,assassination,12,4,8
Xtoyo,zuljin,384,rogue,assassination,12,4,8
Zerfex,eredar,384,rogue,assassination,12,4,8
Obernik,draenor,384,rogue,assassination,12,4,8
Doomdagger,chamber-of-aspects,384,rogue,assassination,12,4,8
Ксяосупдупао,howling-fjord,384,rogue,assassination,12,4,8
Gämèøvërkíd,archimonde,384,rogue,assassination,12,4,8
Yakii,eredar,384,rogue,assassination,12,4,8
Ùmbræ,hyjal,384,rogue,assassination,12,4,8
Kallelelel,tarren-mill,384,rogue,assassination,12,4,8
Vicxx,ravencrest,384,rogue,assassination,12,4,8
Галиновна,soulflayer,384,rogue,assassination,12,4,8
Артфулр,howling-fjord,384,rogue,assassination,12,4,8
Crimatoria,rajaxx,384,rogue,assassination,12,4,8
Honeycakes,ravencrest,384,rogue,assassination,12,4,8
Bijâ,aegwynn,384,rogue,assassination,12,4,8
Ryxon,arathor,384,rogue,assassination,12,4,8
Paidaki,kazzak,384,rogue,assassination,12,4,8
Barisso,burning-legion,384,rogue,assassination,12,4,8
Xanyy,bloodfeather,384,rogue,assassination,12,4,8
Гранетанцор,blackscar,384,rogue,assassination,12,4,8
Norpz,aggra-português,384,rogue,assassination,12,4,8
Wickness,dun-modr,384,rogue,assassination,12,4,8
Охотникведьм,soulflayer,384,rogue,assassination,12,4,8
Níterush,eredar,384,rogue,assassination,12,4,8
Stepkickgodx,blackmoore,384,rogue,assassination,12,4,8
Izzyb,auchindoun,384,rogue,assassination,12,4,8
Achterom,tarren-mill,384,rogue,assassination,12,4,8
Lilrookie,argent-dawn,384,rogue,assassination,12,4,8
Kinntama,twisting-nether,384,rogue,assassination,12,4,8
Nitroxygen,outland,384,rogue,assassination,12,4,8
Ddhelpra,blackrock,384,rogue,assassination,12,4,8
Kïdney,stormscale,384,rogue,assassination,12,4,8
Mysmullig,ragnaros,384,rogue,assassination,12,4,8
Wundgîft,blackrock,384,rogue,assassination,12,4,8
Jevo,kazzak,384,rogue,assassination,12,4,8
Sharkøo,eredar,384,rogue,assassination,12,4,8
Ра,gordunni,384,rogue,assassination,12,4,8
Ланароудсс,gordunni,384,rogue,assassination,12,4,8
Röguetönerö,dun-modr,384,rogue,assassination,12,4,8
Ibizà,ravencrest,384,rogue,assassination,18,4,14
Лайнэл,deathweaver,384,rogue,assassination,18,4,14
Mindset,eredar,384,rogue,assassination,18,4,14
Zerö,tarren-mill,384,rogue,assassination,18,4,14
Lïke,frostwolf,384,rogue,assassination,18,4,14
Sythex,archimonde,384,rogue,assassination,18,4,14
Katakuri,stormscale,384,rogue,assassination,18,4,14
Елианора,gordunni,384,rogue,assassination,18,4,14
Ристоврация,gordunni,384,rogue,assassination,18,4,14
Sicarius,the-maelstrom,384,rogue,assassination,18,4,14
Tedko,dun-modr,383,rogue,assassination,6,4,2
Фанкироуг,soulflayer,383,rogue,assassination,6,4,2
Vexedancer,stormscale,383,rogue,assassination,6,4,2
Obbexd,outland,383,rogue,assassination,12,4,8
Zhafira,magtheridon,383,rogue,assassination,12,4,8
Algopyrin,ragnaros,383,rogue,assassination,12,4,8
Töbïï,sylvanas,383,rogue,assassination,12,4,8
Ppogg,pozzo-delleternità,383,rogue,assassination,12,4,8
Kyzzo,dalaran,383,rogue,assassination,12,4,8
Ксенорф,ashenvale,383,rogue,assassination,15,4,11
Kylìemirogue,blackrock,383,rogue,assassination,18,4,14
Ðaemøn,archimonde,383,rogue,assassination,24,5,19
Twinkyzzö,archimonde,382,rogue,assassination,12,4,8
Møkkagnom,darkspear,381,rogue,assassination,12,4,8
Pumpy,blades-edge,381,rogue,assassination,12,4,8
Бамболейлоо,grom,381,rogue,assassination,12,4,8
Easy,kult-der-verdammten,376,rogue,assassination,18,4,14
Iwilsucceed,argent-dawn,376,rogue,assassination,36,5,31
Stealtheous,arathor,367,rogue,assassination,11,4,7
Стелсочка,gordunni,351,rogue,assassination,11,4,7
Lilbubblegum,emerald-dream,351,rogue,assassination,11,4,7
Клозо,galakrond,351,rogue,assassination,17,4,13
Морзо,howling-fjord,351,rogue,assassination,17,4,13
Voraq,blackhand,350,rogue,assassination,11,4,7
Arathir,ravencrest,330,rogue,assassination,15,5,10
Benh,ysondre,319,rogue,assassination,8,4,4
Fz,chants-éternels,319,rogue,assassination,16,5,11
Luciferx,stormscale,288,rogue,assassination,6,3,3
Laojin,kiljaeden,288,rogue,assassination,6,3,3
Nâtaz,eredar,288,rogue,assassination,6,3,3
Зорго,deathguard,288,rogue,assassination,6,3,3
Stealthyist,darkmoon-faire,288,rogue,assassination,6,3,3
Whaazz,ravencrest,288,rogue,assassination,6,3,3
Ximenidriel,ravencrest,288,rogue,assassination,6,3,3
Deadraw,aegwynn,288,rogue,assassination,6,3,3
Jackpackáge,sylvanas,288,rogue,assassination,6,3,3
Mordred,stormscale,288,rogue,assassination,6,3,3
Brêêzy,die-aldor,288,rogue,assassination,6,3,3
Sphinxtime,twisting-nether,288,rogue,assassination,6,3,3
Лорб,howling-fjord,288,rogue,assassination,6,3,3
Nezukóchan,ravencrest,288,rogue,assassination,6,3,3
Ultraxette,ysondre,288,rogue,assassination,6,3,3
Mazokisti,outland,288,rogue,assassination,6,3,3
Lanewuquvi,alonsus,288,rogue,assassination,6,3,3
Stroògz,ysondre,288,rogue,assassination,6,3,3
Râizo,archimonde,288,rogue,assassination,6,3,3
Solomid,ravencrest,288,rogue,assassination,6,3,3
Reaventis,ravencrest,288,rogue,assassination,6,3,3
Котянкахд,howling-fjord,288,rogue,assassination,6,3,3
Zigaretz,ravencrest,288,rogue,assassination,6,3,3
Rodént,argent-dawn,288,rogue,assassination,6,3,3
Steálth,silvermoon,288,rogue,assassination,6,3,3
Чудох,gordunni,288,rogue,assassination,6,3,3
Mðnki,outland,288,rogue,assassination,6,3,3
Tasster,frostwolf,288,rogue,assassination,6,3,3
Lättja,hyjal,288,rogue,assassination,6,3,3
Dôlf,hyjal,288,rogue,assassination,6,3,3
Batta,drakthul,288,rogue,assassination,6,3,3
Langneurr,archimonde,288,rogue,assassination,6,3,3
Олддеадроб,soulflayer,288,rogue,assassination,6,3,3
Aska,antonidas,288,rogue,assassination,6,3,3
Ацилия,galakrond,288,rogue,assassination,6,3,3
Keexy,ravencrest,288,rogue,assassination,6,3,3
Labronka,sanguino,288,rogue,assassination,6,3,3
Sorashna,agamaggan,288,rogue,assassination,6,3,3
Kaylí,kazzak,288,rogue,assassination,6,3,3
Gitguduwu,tarren-mill,288,rogue,assassination,6,3,3
Yaelynn,argent-dawn,288,rogue,assassination,6,3,3
Lùxtrà,antonidas,288,rogue,assassination,6,3,3
Smorcoolio,stormscale,288,rogue,assassination,6,3,3
Lïhtêñßërg,ravencrest,288,rogue,assassination,6,3,3
Syrn,ravencrest,288,rogue,assassination,9,4,5
Vyllaftw,hyjal,288,rogue,assassination,10,3,7
Psybelette,khaz-modan,288,rogue,assassination,15,4,11
Eriksonn,drakthul,288,rogue,assassination,12,3,9
Rôst,ravencrest,288,rogue,assassination,12,3,9
Sickko,stormscale,288,rogue,assassination,12,3,9
Bleubleute,hyjal,288,rogue,assassination,12,3,9
Gløck,die-aldor,288,rogue,assassination,12,3,9
Hardkølle,ravencrest,288,rogue,assassination,12,3,9
Nezuko,gilneas,288,rogue,assassination,12,3,9
Bakalan,dun-modr,288,rogue,assassination,12,3,9
Hamer,eredar,288,rogue,assassination,12,3,9
Bumaqt,silvermoon,288,rogue,assassination,12,3,9
Kshero,sylvanas,288,rogue,assassination,12,3,9
Fushimi,ravencrest,288,rogue,assassination,12,3,9
Zip,alleria,288,rogue,assassination,12,3,9
Smokeyx,outland,288,rogue,assassination,12,3,9
Narutø,sylvanas,288,rogue,assassination,12,3,9
Poguemahone,ravencrest,288,rogue,assassination,12,3,9
Азунайт,ashenvale,288,rogue,assassination,12,3,9
Ryurfy,archimonde,288,rogue,assassination,12,3,9
Курога,howling-fjord,288,rogue,assassination,12,3,9
Yakku,drakthul,288,rogue,assassination,12,3,9
Vessel,tarren-mill,288,rogue,assassination,12,3,9
Terya,ragnaros,288,rogue,assassination,12,3,9
Persës,outland,288,rogue,assassination,12,3,9
Teldã,archimonde,288,rogue,assassination,12,3,9
Zeiden,sanguino,288,rogue,assassination,12,3,9
Redork,twisting-nether,288,rogue,assassination,12,3,9
Hersuub,blackmoore,288,rogue,assassination,12,3,9
Turbocandle,ravencrest,288,rogue,assassination,12,3,9
Mxrbid,defias-brotherhood,288,rogue,assassination,12,3,9
Onedance,blackrock,288,rogue,assassination,14,3,11
Jáyjay,antonidas,288,rogue,assassination,18,3,15
Crittylohan,blackrock,288,rogue,assassination,18,3,15
Memphismp,drakthul,288,rogue,assassination,18,3,15
Yubleeding,kazzak,287,rogue,assassination,6,3,3
Willin,kazzak,287,rogue,assassination,6,3,3
Coanageta,draenor,287,rogue,assassination,6,3,3
Гламурятина,gordunni,287,rogue,assassination,6,3,3
Умбрен,lich-king,287,rogue,assassination,6,3,3
Killboom,rexxar,287,rogue,assassination,6,3,3
Vv,terokkar,287,rogue,assassination,6,3,3
Wizzo,onyxia,287,rogue,assassination,6,3,3
Vendox,defias-brotherhood,287,rogue,assassination,12,3,9
Nastyrogue,burning-legion,287,rogue,assassination,12,3,9
Saleanos,die-aldor,287,rogue,assassination,12,3,9
Фоксивнир,soulflayer,286,rogue,assassination,6,3,3
Lapeur,conseil-des-ombres,286,rogue,assassination,6,3,3
Adewale,kazzak,286,rogue,assassination,12,3,9
Ecilaa,conseil-des-ombres,285,rogue,assassination,12,3,9
Derrieretoî,archimonde,285,rogue,assassination,12,3,9
Verbb,turalyon,284,rogue,assassination,12,3,9
Bobydrift,khaz-modan,284,rogue,assassination,12,3,9
Layson,les-clairvoyants,271,rogue,assassination,11,3,8
Bloodh9E4B14,tarren-mill,255,rogue,assassination,11,3,8
Candise,ysondre,253,rogue,assassination,11,3,8
Blckrogue,bloodfeather,240,rogue,assassination,9,3,6
Stashin,stormscale,240,rogue,assassination,10,3,7
Kejú,alleria,239,rogue,assassination,5,3,2
Dmr,aegwynn,239,rogue,assassination,5,3,2
Starkad,archimonde,239,rogue,assassination,5,3,2
Alyzon,ravencrest,239,rogue,assassination,11,3,8
Asdfqwerty,ravencrest,223,rogue,assassination,8,3,5
Kebabgodx,sanguino,223,rogue,assassination,8,3,5
Oczku,burning-legion,192,rogue,assassination,6,2,4
Сильфитт,gordunni,192,rogue,assassination,6,2,4
Acronia,ragnaros,192,rogue,assassination,6,2,4
Sanzsa,ravencrest,192,rogue,assassination,6,2,4
Новиччокк,gordunni,192,rogue,assassination,6,2,4
Eigle,archimonde,192,rogue,assassination,6,2,4
Аренатрюки,soulflayer,192,rogue,assassination,6,2,4
Maxrizzx,ravencrest,192,rogue,assassination,6,2,4
Сабстрайк,soulflayer,192,rogue,assassination,6,2,4
Warrdenn,draenor,192,rogue,assassination,6,2,4
Revisiôn,tarren-mill,192,rogue,assassination,6,2,4
Fredge,stormscale,192,rogue,assassination,6,2,4
Renyth,argent-dawn,192,rogue,assassination,6,2,4
Gårónå,thrall,192,rogue,assassination,6,2,4
Rizzardx,ravencrest,192,rogue,assassination,6,2,4
Grinfester,stormscale,192,rogue,assassination,6,2,4
Goldenblitz,blackmoore,192,rogue,assassination,6,2,4
Habba,dragonblight,192,rogue,assassination,6,2,4
Dayrogue,doomhammer,192,rogue,assassination,6,2,4
Bórgós,blackrock,192,rogue,assassination,6,2,4
Rearmer,burning-legion,192,rogue,assassination,6,2,4
Bangerstab,draenor,192,rogue,assassination,6,2,4
Ðarkreign,sanguino,192,rogue,assassination,6,2,4
Tinta,aszune,192,rogue,assassination,6,2,4
Highz,zenedar,192,rogue,assassination,6,2,4
Nudelholz,blackrock,192,rogue,assassination,6,2,4
Niagram,dun-modr,192,rogue,assassination,6,2,4
Seeschlange,amanthul,192,rogue,assassination,6,2,4
Grocco,doomhammer,192,rogue,assassination,6,2,4
Kikitaklk,uldum,192,rogue,assassination,6,2,4
Henlh,turalyon,192,rogue,assassination,6,2,4
Isucu,burning-legion,192,rogue,assassination,6,2,4
Althieves,ravencrest,192,rogue,assassination,6,2,4
Grüeßseebach,todeswache,192,rogue,assassination,6,2,4
Sombrafina,tyrande,192,rogue,assassination,6,2,4
Brazzersx,antonidas,192,rogue,assassination,6,2,4
Киу,howling-fjord,192,rogue,assassination,6,2,4
Weird,blackmoore,192,rogue,assassination,6,2,4
Gane,sanguino,192,rogue,assassination,6,2,4
Tofix,tarren-mill,192,rogue,assassination,6,2,4
Apéxx,blackrock,192,rogue,assassination,6,2,4
Jonewrld,ravencrest,192,rogue,assassination,6,2,4
Ленчюня,soulflayer,192,rogue,assassination,6,2,4
Ichiegoichie,draenor,192,rogue,assassination,6,2,4
Selfcut,blackmoore,192,rogue,assassination,6,2,4
Gladßreakz,dun-modr,192,rogue,assassination,6,2,4
Derxx,stormscale,192,rogue,assassination,6,2,4
Hideout,ravencrest,192,rogue,assassination,6,2,4
Mallaurya,dalaran,192,rogue,assassination,6,2,4
Noilek,sylvanas,192,rogue,assassination,6,2,4
Sycko,alakir,192,rogue,assassination,6,2,4
Saix,blackrock,192,rogue,assassination,6,2,4
Люняшка,booty-bay,192,rogue,assassination,6,2,4
Synexo,sylvanas,192,rogue,assassination,6,2,4
Xanders,draenor,192,rogue,assassination,6,2,4
Shúrae,blackmoore,192,rogue,assassination,6,2,4
Саулите,deathguard,192,rogue,assassination,6,2,4
Díddz,tarren-mill,192,rogue,assassination,6,2,4
Xeggy,turalyon,192,rogue,assassination,6,2,4
Иннхотеп,howling-fjord,192,rogue,assassination,6,2,4
Evi,korgall,192,rogue,assassination,6,2,4
Zyphion,ragnaros,192,rogue,assassination,6,2,4
Reichy,ravencrest,192,rogue,assassination,6,2,4
Mattyc,bronze-dragonflight,192,rogue,assassination,6,2,4
Helcof,emerald-dream,192,rogue,assassination,6,2,4
Batskcab,blackmoore,192,rogue,assassination,6,2,4
Fenissa,ysondre,192,rogue,assassination,6,2,4
Bloodwraith,stormscale,192,rogue,assassination,6,2,4
Gleaming,madmortem,192,rogue,assassination,6,2,4
Fîst,antonidas,192,rogue,assassination,6,2,4
Нойсеен,gordunni,192,rogue,assassination,6,2,4
Sêrgi,minahonda,192,rogue,assassination,6,2,4
Katara,antonidas,192,rogue,assassination,6,2,4
Diliu,doomhammer,192,rogue,assassination,6,2,4
Garou,blackhand,192,rogue,assassination,6,2,4
Ðelvin,dalaran,192,rogue,assassination,6,2,4
Аутянин,soulflayer,192,rogue,assassination,6,2,4
Venom,stormscale,192,rogue,assassination,6,2,4
Warbell,stormscale,192,rogue,assassination,6,2,4
Pixeling,ravencrest,192,rogue,assassination,6,2,4
Кашеварить,gordunni,192,rogue,assassination,6,2,4
Fälke,dun-modr,192,rogue,assassination,6,2,4
Hertyso,outland,192,rogue,assassination,6,2,4
Alicanbey,silvermoon,192,rogue,assassination,6,2,4
Silentknives,silvermoon,192,rogue,assassination,6,2,4
Kersatos,silvermoon,192,rogue,assassination,6,2,4
Robtherobber,kazzak,192,rogue,assassination,6,2,4
Laciecute,silvermoon,192,rogue,assassination,6,2,4
Zømbië,kazzak,192,rogue,assassination,6,2,4
Sokillu,silvermoon,192,rogue,assassination,6,2,4
Sunbra,hyjal,192,rogue,assassination,6,2,4
Bickia,silvermoon,192,rogue,assassination,6,2,4
Mobrac,silvermoon,192,rogue,assassination,6,2,4
Monster,kazzak,192,rogue,assassination,6,2,4
Tiemyrópe,outland,192,rogue,assassination,6,2,4
Grimson,kazzak,192,rogue,assassination,6,2,4
Angelbeats,outland,192,rogue,assassination,6,2,4
Ikaze,kazzak,192,rogue,assassination,6,2,4
Redrumx,outland,192,rogue,assassination,6,2,4
Eazmode,outland,192,rogue,assassination,6,2,4
Totentánz,silvermoon,192,rogue,assassination,15,3,12
Stin,blackrock,192,rogue,assassination,11,2,9
Hitogoroshi,hyjal,192,rogue,assassination,12,2,10
Sheyrrà,aegwynn,192,rogue,assassination,12,2,10
Ayatsuji,nemesis,192,rogue,assassination,12,2,10
Sylvanshadow,nemesis,192,rogue,assassination,12,2,10
Neirdà,hyjal,192,rogue,assassination,12,2,10
Skuggdunkarn,draenor,192,rogue,assassination,12,2,10
Ôrígìnälnezo,drakthul,192,rogue,assassination,12,2,10
Withoutlove,drakthul,192,rogue,assassination,12,2,10
Параножей,howling-fjord,192,rogue,assassination,12,2,10
Лэйкиро,gordunni,192,rogue,assassination,12,2,10
Mingzhu,ravencrest,192,rogue,assassination,12,2,10
Romiel,ravencrest,192,rogue,assassination,12,2,10
Tokyotears,ravencrest,192,rogue,assassination,12,2,10
Hanteran,magtheridon,192,rogue,assassination,12,2,10
Vezinia,ravencrest,192,rogue,assassination,12,2,10
Dalishia,blackhand,192,rogue,assassination,12,2,10
Brícx,alleria,192,rogue,assassination,12,2,10
Cacucoxpahu,kazzak,192,rogue,assassination,12,2,10
Skilz,sylvanas,192,rogue,assassination,12,2,10
Sneakzy,sylvanas,192,rogue,assassination,12,2,10
Rasponi,ragnaros,192,rogue,assassination,12,2,10
Naí,zuljin,192,rogue,assassination,12,2,10
Bolesnirogue,draenor,192,rogue,assassination,12,2,10
Nesä,hyjal,192,rogue,assassination,18,2,16
Coopér,argent-dawn,192,rogue,assassination,18,2,16
Токссиси,gordunni,191,rogue,assassination,6,2,4
Mersible,blackrock,191,rogue,assassination,6,2,4
Drexxo,drakthul,191,rogue,assassination,6,2,4
Lovesosa,turalyon,191,rogue,assassination,6,2,4
Nhot,kazzak,191,rogue,assassination,6,2,4
Thugore,thunderhorn,191,rogue,assassination,6,2,4
Arthhurra,ragnaros,191,rogue,assassination,12,2,10
Вангельм,gordunni,191,rogue,assassination,12,2,10
Midô,dun-morogh,191,rogue,assassination,12,2,10
Murant,twisting-nether,190,rogue,assassination,12,2,10
Snikrot,karazhan,190,rogue,assassination,12,2,10
Icyicé,kazzak,175,rogue,assassination,11,2,9
Nià,argent-dawn,158,rogue,assassination,10,2,8
Rascall,anetheron,138,rogue,assassination,8,3,5
Shâdowfreeze,onyxia,138,rogue,assassination,22,4,18
Baldoh,kazzak,138,rogue,assassination,17,3,14
Дизелюжн,howling-fjord,96,rogue,assassination,6,1,5
Кустедис,howling-fjord,96,rogue,assassination,6,1,5
Gordous,ysondre,96,rogue,assassination,6,1,5
Møtivate,ragnaros,96,rogue,assassination,6,1,5
Héragor,illidan,96,rogue,assassination,6,1,5
Salitra,die-aldor,96,rogue,assassination,6,1,5
Sbx,alakir,96,rogue,assassination,6,1,5
Roguy,wildhammer,96,rogue,assassination,6,1,5
Роудхог,blackscar,96,rogue,assassination,6,1,5
Finfcyn,burning-legion,96,rogue,assassination,6,1,5
Natillaa,dun-modr,96,rogue,assassination,6,1,5
Thiranor,cthun,96,rogue,assassination,6,1,5
Ziqqiqt,thrall,96,rogue,assassination,6,1,5
Roronao,sanguino,96,rogue,assassination,6,1,5
Dieschönheit,kazzak,96,rogue,assassination,6,1,5
Yamoshí,sanguino,96,rogue,assassination,6,1,5
Macix,zuljin,96,rogue,assassination,6,1,5
Lizwi,ragnaros,96,rogue,assassination,6,1,5
Natkatje,azjolnerub,96,rogue,assassination,6,1,5
Shåkø,tarren-mill,96,rogue,assassination,6,1,5
Normbutt,outland,96,rogue,assassination,6,1,5
Dâlis,kazzak,96,rogue,assassination,6,1,5
Asasina,los-errantes,96,rogue,assassination,6,1,5
Expositiv,blackmoore,96,rogue,assassination,6,1,5
Mekóz,draenor,96,rogue,assassination,6,1,5
Ðiè,frostmane,96,rogue,assassination,6,1,5
Куллтро,blackscar,96,rogue,assassination,6,1,5
Pjotre,mannoroth,96,rogue,assassination,6,1,5
Knive,marécage-de-zangar,96,rogue,assassination,6,1,5
Faso,thunderhorn,96,rogue,assassination,6,1,5
Dayanir,aggra-português,96,rogue,assassination,6,1,5
Goblindrill,blackmoore,96,rogue,assassination,6,1,5
Miamalkova,zuluhed,96,rogue,assassination,6,1,5
Lunaryel,turalyon,96,rogue,assassination,6,1,5
Kilabre,twisting-nether,96,rogue,assassination,6,1,5
Hallowéén,turalyon,96,rogue,assassination,6,1,5
Banaulikode,twisting-nether,96,rogue,assassination,6,1,5
Pfaded,steamwheedle-cartel,96,rogue,assassination,6,1,5
Kenko,aerie-peak,96,rogue,assassination,6,1,5
Jamzyrogue,emerald-dream,96,rogue,assassination,6,1,5
Sly,emerald-dream,96,rogue,assassination,6,1,5
Nelji,archimonde,96,rogue,assassination,6,1,5
Zarlen,argent-dawn,96,rogue,assassination,6,1,5
Vexior,argent-dawn,96,rogue,assassination,6,1,5
Yörgs,eredar,96,rogue,assassination,6,1,5
Royalflüx,grim-batol,96,rogue,assassination,6,1,5
Yamajinzu,blackmoore,96,rogue,assassination,6,1,5
Lorinthel,argent-dawn,96,rogue,assassination,6,1,5
Mortdorei,argent-dawn,96,rogue,assassination,6,1,5
Chøsen,stormscale,96,rogue,assassination,6,1,5
Tyzla,blackrock,96,rogue,assassination,6,1,5
Ravenom,sylvanas,96,rogue,assassination,6,1,5
Janx,aegwynn,96,rogue,assassination,6,1,5
Bizzarerogue,tarren-mill,96,rogue,assassination,6,1,5
Ohmydotz,archimonde,96,rogue,assassination,6,1,5
Nexieane,ravencrest,96,rogue,assassination,6,1,5
Frequenzalfa,silvermoon,96,rogue,assassination,6,1,5
Appelschorlê,eredar,96,rogue,assassination,6,1,5
Метаболикх,gordunni,96,rogue,assassination,6,1,5
Vanisshh,hyjal,96,rogue,assassination,6,1,5
Кейнилин,gordunni,96,rogue,assassination,6,1,5
Guzirogue,azshara,96,rogue,assassination,6,1,5
Dachdagger,malfurion,96,rogue,assassination,6,1,5
Deceptionz,ravencrest,96,rogue,assassination,6,1,5
Ñavy,archimonde,96,rogue,assassination,6,1,5
Иордани,gordunni,96,rogue,assassination,6,1,5
Takiya,ysondre,96,rogue,assassination,6,1,5
Penetrantos,eredar,96,rogue,assassination,6,1,5
Asmodal,antonidas,96,rogue,assassination,6,1,5
Гриксон,blackscar,96,rogue,assassination,6,1,5
Wøølfgang,archimonde,96,rogue,assassination,6,1,5
Msrogue,eredar,96,rogue,assassination,6,1,5
Buffdh,eredar,96,rogue,assassination,6,1,5
Hendrikske,aggramar,96,rogue,assassination,6,1,5
Missàh,archimonde,96,rogue,assassination,6,1,5
Mokmok,frostwolf,96,rogue,assassination,6,1,5
Flêxô,antonidas,96,rogue,assassination,6,1,5
Распяздяй,gordunni,96,rogue,assassination,7,1,6
Proilas,draenor,96,rogue,assassination,11,1,10
Tybiereus,argent-dawn,96,rogue,assassination,12,1,11
Роророл,gordunni,96,rogue,assassination,12,1,11
Ønlylovcindy,drekthar,96,rogue,assassination,12,1,11
Триплсап,howling-fjord,96,rogue,assassination,12,1,11
Barbuniarz,shadowsong,96,rogue,assassination,12,1,11
Diededlmao,ragnaros,96,rogue,assassination,12,1,11
Sanguinea,minahonda,96,rogue,assassination,12,1,11
Chaotix,ragnaros,96,rogue,assassination,12,1,11
Рестинписер,soulflayer,96,rogue,assassination,12,1,11
Мипанка,gordunni,96,rogue,assassination,12,1,11
Engles,twisting-nether,96,rogue,assassination,12,1,11
Jawen,silvermoon,96,rogue,assassination,12,1,11
Kyoukaî,archimonde,96,rogue,assassination,12,1,11
Allydede,blackmoore,96,rogue,assassination,18,1,17
Crispflake,frostwolf,96,rogue,assassination,18,1,17
Calyon,hyjal,96,rogue,assassination,18,1,17
Ravéñ,silvermoon,96,rogue,assassination,24,1,23
Vicenzo,archimonde,95,rogue,assassination,3,2,1
Аморалез,deathweaver,95,rogue,assassination,6,1,5
Belina,draenor,95,rogue,assassination,6,1,5
Elvís,chamber-of-aspects,95,rogue,assassination,6,1,5
Vound,tarren-mill,64,rogue,assassination,4,1,3
Elgande,stormrage,63,rogue,assassination,2,2,0
Rûzk,frostwolf,48,rogue,assassination,3,1,2
Vanquishz,arathor,48,rogue,assassination,3,1,2
Latscholol,malorne,42,rogue,assassination,12,3,9
Kanilol,eredar,42,rogue,assassination,8,2,6
Хемофилия,grom,42,rogue,assassination,8,2,6
Sýn,eredar,42,rogue,assassination,10,2,8
Nightbláde,burning-legion,42,rogue,assassination,10,2,8
Kkraken,dalaran,41,rogue,assassination,10,2,8
Abaar,defias-brotherhood,16,rogue,assassination,1,1,0
Domo,stormscale,2176,shaman,restoration,150,76,74
Shadrak,eredar,2172,shaman,restoration,102,55,47
Trashgame,kazzak,2159,shaman,restoration,131,73,58
Shamidrak,eredar,2159,shaman,restoration,114,60,54
Navajito,tarren-mill,2154,shaman,restoration,60,42,18
Hímars,ragnaros,2151,shaman,restoration,101,52,49
Somethingnew,azuremyst,2148,shaman,restoration,159,83,76
Timide,ravencrest,2141,shaman,restoration,84,45,39
Мефодийшаман,howling-fjord,2126,shaman,restoration,142,88,54
Терату,howling-fjord,2118,shaman,restoration,84,46,38
Valko,hellfire,2113,shaman,restoration,84,51,33
Crnine,pozzo-delleternità,2112,shaman,restoration,75,49,26
Mininini,ravencrest,2112,shaman,restoration,151,78,73
Libanô,archimonde,2112,shaman,restoration,1009,498,511
Keén,burning-legion,2103,shaman,restoration,147,82,65
Jackypink,ragnaros,2102,shaman,restoration,279,144,135
Killrogge,kazzak,2078,shaman,restoration,85,63,22
Unbrokeñ,stormscale,2077,shaman,restoration,99,49,50
Josë,twisting-nether,2067,shaman,restoration,167,87,80
Swineflowing,ysondre,2065,shaman,restoration,108,60,48
Ultrahound,twisting-nether,2057,shaman,restoration,48,39,9
Benpai,eredar,2052,shaman,restoration,100,50,50
Chäväman,archimonde,2042,shaman,restoration,191,94,97
Дольчих,deathguard,2029,shaman,restoration,319,155,164
Jelincic,ravencrest,2027,shaman,restoration,96,52,44
Greggyb,twisting-nether,2026,shaman,restoration,60,34,26
Кодитян,gordunni,2026,shaman,restoration,78,41,37
Вишняблэйз,soulflayer,2018,shaman,restoration,83,47,36
Langhantel,kazzak,2017,shaman,restoration,176,107,69
Nickygodx,stormscale,2012,shaman,restoration,101,53,48
Arathoir,ravencrest,2009,shaman,restoration,84,47,37
Skreewu,outland,2003,shaman,restoration,114,59,55
Dàazle,ravencrest,2002,shaman,restoration,71,34,37
Chokelord,archimonde,2000,shaman,restoration,48,28,20
Daretodream,blackrock,1996,shaman,restoration,53,29,24
Swkx,dun-modr,1993,shaman,restoration,171,96,75
Lavalavalava,blackrock,1993,shaman,restoration,447,244,203
Frshprn,hyjal,1989,shaman,restoration,102,57,45
Драгенхз,gordunni,1983,shaman,restoration,387,195,192
Gigawashed,archimonde,1973,shaman,restoration,41,29,12
Wess,archimonde,1967,shaman,restoration,60,30,30
Gargro,kazzak,1965,shaman,restoration,175,93,82
Deepwithyou,blackhand,1964,shaman,restoration,165,90,75
Carlpeant,drakthul,1960,shaman,restoration,221,113,108
Twísting,tarren-mill,1959,shaman,restoration,101,57,44
Ltmsham,ravencrest,1959,shaman,restoration,54,28,26
Zhull,ravencrest,1957,shaman,restoration,524,262,262
Epsylone,kazzak,1953,shaman,restoration,101,51,50
Bobanrajovic,silvermoon,1951,shaman,restoration,54,33,21
Rogerscruton,blades-edge,1950,shaman,restoration,162,81,81
Ripperdoc,stormreaver,1950,shaman,restoration,78,38,40
Linkx,stormscale,1948,shaman,restoration,40,22,18
Carlitosham,eredar,1945,shaman,restoration,74,36,38
Nokster,twisting-nether,1941,shaman,restoration,165,106,59
Tallyx,ravencrest,1940,shaman,restoration,119,60,59
Fotmherøqtx,ravencrest,1935,shaman,restoration,206,111,95
Yararsiz,twisting-nether,1929,shaman,restoration,346,178,168
Lavelover,tarren-mill,1927,shaman,restoration,66,41,25
Keenxd,burning-legion,1927,shaman,restoration,131,67,64
Цукерок,soulflayer,1922,shaman,restoration,119,72,47
Sèfìx,tarren-mill,1920,shaman,restoration,44,23,21
Wíllz,ravencrest,1919,shaman,restoration,66,33,33
Señordoge,kazzak,1917,shaman,restoration,54,28,26
Сладкийстас,soulflayer,1909,shaman,restoration,120,60,60
Elwynnpolice,argent-dawn,1908,shaman,restoration,76,38,38
Lunarsloths,hyjal,1907,shaman,restoration,54,33,21
Söd,dun-morogh,1904,shaman,restoration,126,62,64
Онеоне,deathweaver,1899,shaman,restoration,83,48,35
Adroda,kazzak,1899,shaman,restoration,177,94,83
Vivaldi,varimathras,1899,shaman,restoration,56,29,27
Котенокмур,soulflayer,1899,shaman,restoration,48,20,28
Boruggshaman,kazzak,1892,shaman,restoration,72,35,37
Finaltotem,draenor,1891,shaman,restoration,108,47,61
Inspektør,kazzak,1885,shaman,restoration,71,44,27
Fufupartyxx,blackrock,1883,shaman,restoration,60,37,23
Брфф,gordunni,1882,shaman,restoration,48,26,22
Thunderrock,stormreaver,1880,shaman,restoration,211,102,109
Эоя,howling-fjord,1872,shaman,restoration,260,136,124
Sinzzu,ragnaros,1872,shaman,restoration,283,146,137
Кенкерх,gordunni,1871,shaman,restoration,84,38,46
Sprühkot,aegwynn,1868,shaman,restoration,58,33,25
Rheax,tarren-mill,1868,shaman,restoration,60,27,33
Mýthaz,archimonde,1866,shaman,restoration,72,51,21
Iloveléa,ravencrest,1866,shaman,restoration,131,72,59
Owrly,stormscale,1866,shaman,restoration,148,71,77
Kalypsø,arthas,1865,shaman,restoration,82,47,35
Вавувоух,howling-fjord,1863,shaman,restoration,54,27,27
Shànnón,kazzak,1862,shaman,restoration,41,23,18
Kisshots,the-maelstrom,1861,shaman,restoration,246,125,121
Dêblâzê,thrall,1860,shaman,restoration,60,35,25
Мефодийшама,howling-fjord,1860,shaman,restoration,192,93,99
Alanus,draenor,1859,shaman,restoration,129,62,67
Lontarita,tarren-mill,1858,shaman,restoration,36,27,9
Aioñ,kazzak,1858,shaman,restoration,99,49,50
Yachiru,sylvanas,1854,shaman,restoration,73,59,14
Ghettero,ragnaros,1851,shaman,restoration,39,25,14
Snusy,stormscale,1851,shaman,restoration,48,24,24
Hexe,kazzak,1851,shaman,restoration,93,44,49
Slimthug,sylvanas,1850,shaman,restoration,33,20,13
Ize,sylvanas,1850,shaman,restoration,219,127,92
Wyrolink,ragnaros,1850,shaman,restoration,72,36,36
Tidepog,ravencrest,1850,shaman,restoration,96,46,50
Natasz,burning-legion,1849,shaman,restoration,218,119,99
Sugarfreé,ragnaros,1848,shaman,restoration,48,26,22
Árés,sanguino,1848,shaman,restoration,75,39,36
Fersok,zuljin,1848,shaman,restoration,54,28,26
Hexalicius,sylvanas,1846,shaman,restoration,66,33,33
Zaru,sanguino,1846,shaman,restoration,63,31,32
Carpetmaster,ragnaros,1845,shaman,restoration,57,29,28
Cæsífer,blackrock,1844,shaman,restoration,72,32,40
Hexewar,kazzak,1842,shaman,restoration,133,72,61
Sentûn,blackrock,1842,shaman,restoration,138,68,70
Wernøz,archimonde,1841,shaman,restoration,92,43,49
Harmony,outland,1839,shaman,restoration,66,44,22
Akwa,stormscale,1839,shaman,restoration,44,20,24
Bezixx,ravencrest,1838,shaman,restoration,222,126,96
Cherepaha,stormscale,1838,shaman,restoration,70,32,38
Cellfury,kazzak,1837,shaman,restoration,46,36,10
Twkupe,tarren-mill,1837,shaman,restoration,42,24,18
Epsy,magtheridon,1835,shaman,restoration,86,55,31
Johncoltrane,archimonde,1835,shaman,restoration,132,84,48
Shockmelone,blackrock,1834,shaman,restoration,109,58,51
Трс,razuvious,1834,shaman,restoration,218,115,103
Kïllard,archimonde,1834,shaman,restoration,98,47,51
Bytheway,aegwynn,1834,shaman,restoration,150,69,81
Hydrolîc,blackrock,1833,shaman,restoration,84,50,34
Morkyy,thrall,1832,shaman,restoration,56,31,25
Милфшама,blackscar,1832,shaman,restoration,368,189,179
Слишкомпох,howling-fjord,1831,shaman,restoration,42,23,19
Jawje,tarren-mill,1831,shaman,restoration,102,49,53
Elmezz,aggra-português,1830,shaman,restoration,48,26,22
Westide,conseil-des-ombres,1830,shaman,restoration,48,26,22
Shamuunn,ravencrest,1830,shaman,restoration,54,28,26
Garuga,dun-morogh,1829,shaman,restoration,48,26,22
Wisplola,ravencrest,1829,shaman,restoration,101,42,59
Jenkem,hyjal,1828,shaman,restoration,114,64,50
Велоун,soulflayer,1828,shaman,restoration,86,44,42
Rostislav,ravencrest,1827,shaman,restoration,59,31,28
Fitnessdavid,ravencrest,1826,shaman,restoration,53,29,24
Askagain,sylvanas,1825,shaman,restoration,52,28,24
Zergønk,ravencrest,1824,shaman,restoration,42,28,14
Kreamcake,bladefist,1824,shaman,restoration,170,81,89
Moistpuss,kazzak,1822,shaman,restoration,108,66,42
Asynchund,ravencrest,1821,shaman,restoration,42,26,16
Izir,archimonde,1821,shaman,restoration,270,135,135
Centralc,twisting-nether,1820,shaman,restoration,47,28,19
Hugox,outland,1820,shaman,restoration,896,440,456
Светшамка,howling-fjord,1817,shaman,restoration,30,19,11
Stylia,twisting-nether,1817,shaman,restoration,72,42,30
Shamrockx,outland,1816,shaman,restoration,83,42,41
Icecrêam,stormreaver,1816,shaman,restoration,65,31,34
Faric,draenor,1815,shaman,restoration,54,30,24
Sûckmytotem,ragnaros,1815,shaman,restoration,72,35,37
Bladeyx,ragnaros,1813,shaman,restoration,231,129,102
Ixxmre,blackrock,1813,shaman,restoration,189,104,85
Meöw,nemesis,1813,shaman,restoration,232,120,112
Jawj,tarren-mill,1813,shaman,restoration,107,48,59
Bummexx,twisting-nether,1812,shaman,restoration,102,59,43
Bunyie,ragnaros,1812,shaman,restoration,90,48,42
Lilililil,sanguino,1812,shaman,restoration,471,245,226
Нойзблок,gordunni,1811,shaman,restoration,36,19,17
Ghostlights,doomhammer,1811,shaman,restoration,68,31,37
Reidzls,kazzak,1810,shaman,restoration,36,22,14
Awcchampion,stormscale,1810,shaman,restoration,287,160,127
Ønepåc,hyjal,1810,shaman,restoration,63,28,35
Yannkee,ravencrest,1809,shaman,restoration,78,39,39
Remony,pozzo-delleternità,1808,shaman,restoration,128,83,45
Fuzzynuts,ravencrest,1808,shaman,restoration,132,74,58
Teldathree,archimonde,1807,shaman,restoration,271,142,129
Xelgrin,silvermoon,1807,shaman,restoration,66,30,36
Nübs,aegwynn,1806,shaman,restoration,107,51,56
Wíwi,kazzak,1805,shaman,restoration,86,47,39
Cylantarus,blackrock,1804,shaman,restoration,187,97,90
Firestormx,drakthul,1803,shaman,restoration,106,71,35
Fee,silvermoon,1803,shaman,restoration,45,25,20
Voodoonerd,twisting-nether,1803,shaman,restoration,47,24,23
Neou,archimonde,1803,shaman,restoration,54,27,27
Viinny,dun-modr,1803,shaman,restoration,102,48,54
Apexe,outland,1803,shaman,restoration,106,41,65
Мимигор,razuvious,1801,shaman,restoration,35,27,8
Eras,ragnaros,1801,shaman,restoration,30,19,11
Kiansham,silvermoon,1801,shaman,restoration,47,26,21
Rckfeller,burning-legion,1801,shaman,restoration,60,31,29
Squixi,tarren-mill,1799,shaman,restoration,66,36,30
Слишкомплох,howling-fjord,1798,shaman,restoration,60,28,32
Shiranoye,blackrock,1795,shaman,restoration,150,78,72
Awumbahway,outland,1794,shaman,restoration,78,47,31
Иними,soulflayer,1794,shaman,restoration,336,164,172
Sethrøllins,hyjal,1793,shaman,restoration,120,55,65
Pogchampz,nemesis,1784,shaman,restoration,42,21,21
Midgetfizzle,kazzak,1784,shaman,restoration,429,213,216
Кодишам,howling-fjord,1782,shaman,restoration,46,25,21
Incredibade,stormscale,1782,shaman,restoration,66,32,34
Венжии,soulflayer,1780,shaman,restoration,60,22,38
Numbs,tarren-mill,1778,shaman,restoration,42,19,23
Thyroideus,argent-dawn,1776,shaman,restoration,330,185,145
Holytidezx,aegwynn,1775,shaman,restoration,40,26,14
Bioleta,twisting-nether,1772,shaman,restoration,66,27,39
Lexxthree,blackrock,1771,shaman,restoration,48,28,20
Orcshaman,khadgar,1771,shaman,restoration,48,24,24
Bmbx,archimonde,1769,shaman,restoration,658,326,332
Szellento,darksorrow,1769,shaman,restoration,96,47,49
Скарфэйсх,soulflayer,1768,shaman,restoration,48,24,24
Ларкуш,howling-fjord,1766,shaman,restoration,176,93,83
Gønuts,sylvanas,1765,shaman,restoration,90,51,39
Traickosham,eredar,1764,shaman,restoration,54,40,14
Variablelol,outland,1764,shaman,restoration,88,56,32
Shamolili,stormscale,1764,shaman,restoration,141,70,71
Дыркавауре,soulflayer,1764,shaman,restoration,54,23,31
Daubidaubi,kazzak,1763,shaman,restoration,140,87,53
Bstr,frostmane,1763,shaman,restoration,60,30,30
Ihealbro,blackrock,1762,shaman,restoration,66,41,25
Crymemore,stormscale,1760,shaman,restoration,47,24,23
Frenchshaman,archimonde,1759,shaman,restoration,48,25,23
Eurocad,draenor,1758,shaman,restoration,42,22,20
Waramors,eredar,1754,shaman,restoration,149,75,74
Kongx,blackhand,1754,shaman,restoration,106,52,54
Necrodog,blackrock,1753,shaman,restoration,66,41,25
Бунтх,howling-fjord,1753,shaman,restoration,38,20,18
Learningsham,destromath,1749,shaman,restoration,48,29,19
Kyogre,auchindoun,1749,shaman,restoration,96,53,43
Есперадох,blackscar,1749,shaman,restoration,47,22,25
Aboveaverage,stormscale,1749,shaman,restoration,54,20,34
Dmgaddict,kazzak,1747,shaman,restoration,78,46,32
Nailos,dun-modr,1747,shaman,restoration,157,83,74
Мвнз,soulflayer,1746,shaman,restoration,60,25,35
Ujasdaddy,stormscale,1744,shaman,restoration,36,23,13
Hexur,archimonde,1744,shaman,restoration,56,34,22
Machmacan,argent-dawn,1744,shaman,restoration,163,86,77
Zanezu,stormscale,1743,shaman,restoration,191,99,92
Karakoram,ysondre,1741,shaman,restoration,155,82,73
Phaynozx,cthun,1741,shaman,restoration,96,39,57
Igly,antonidas,1740,shaman,restoration,48,24,24
Donv,blackmoore,1739,shaman,restoration,42,26,16
Helloiamdoni,ravencrest,1739,shaman,restoration,125,71,54
Rottulos,stormrage,1739,shaman,restoration,65,35,30
Kraksham,ravencrest,1739,shaman,restoration,142,75,67
Sniege,outland,1738,shaman,restoration,36,23,13
Earthhulk,thrall,1738,shaman,restoration,128,77,51
Imbatlys,blackmoore,1738,shaman,restoration,42,24,18
Squixi,ravencrest,1738,shaman,restoration,59,33,26
Чинанрук,howling-fjord,1737,shaman,restoration,125,63,62
Reäz,archimonde,1735,shaman,restoration,102,50,52
Purgeluxe,aegwynn,1733,shaman,restoration,125,65,60
Мвнзх,gordunni,1733,shaman,restoration,60,29,31
Bezixx,argent-dawn,1731,shaman,restoration,154,78,76
Eddiemorphin,kazzak,1728,shaman,restoration,59,42,17
Rexatar,blackrock,1728,shaman,restoration,314,165,149
Teldarian,archimonde,1727,shaman,restoration,42,22,20
Tâkeda,blackmoore,1727,shaman,restoration,65,29,36
Darnast,draenor,1727,shaman,restoration,70,31,39
Агентхолинки,gordunni,1726,shaman,restoration,24,18,6
Wamarï,draenor,1726,shaman,restoration,108,63,45
Esher,frostwolf,1726,shaman,restoration,77,35,42
Bullezno,kazzak,1725,shaman,restoration,111,66,45
Bombasthicc,ravencrest,1725,shaman,restoration,60,29,31
Defibrillata,blackrock,1724,shaman,restoration,201,107,94
Arslos,twisting-nether,1723,shaman,restoration,30,24,6
Sheargodx,blackmoore,1723,shaman,restoration,42,21,21
Agnøt,khaz-modan,1722,shaman,restoration,120,70,50
Alëxx,hyjal,1722,shaman,restoration,76,38,38
Thefirebird,blackhand,1720,shaman,restoration,60,27,33
Discoranger,ravencrest,1719,shaman,restoration,334,174,160
Windfúhrèr,tarren-mill,1717,shaman,restoration,66,27,39
Светшам,howling-fjord,1715,shaman,restoration,47,23,24
Whiskiy,kazzak,1714,shaman,restoration,35,24,11
Porkzzila,aggra-português,1714,shaman,restoration,78,45,33
Mltx,twilights-hammer,1714,shaman,restoration,44,19,25
Lahey,draenor,1711,shaman,restoration,140,73,67
Cynthila,stormreaver,1710,shaman,restoration,42,26,16
Torxii,antonidas,1710,shaman,restoration,231,128,103
Qoekke,uldum,1710,shaman,restoration,36,19,17
Radjus,kazzak,1709,shaman,restoration,54,23,31
Teldatwo,archimonde,1708,shaman,restoration,35,22,13
Totembaws,blackmoore,1708,shaman,restoration,54,26,28
Вилкойвухо,howling-fjord,1708,shaman,restoration,86,32,54
Exhale,archimonde,1707,shaman,restoration,180,104,76
Holytidez,aegwynn,1707,shaman,restoration,48,24,24
Jíkkz,aegwynn,1707,shaman,restoration,72,34,38
Lsdhero,stormscale,1706,shaman,restoration,24,18,6
Nizzarrathur,argent-dawn,1706,shaman,restoration,30,18,12
Колбаскофф,gordunni,1706,shaman,restoration,53,25,28
Végàs,ysondre,1705,shaman,restoration,48,25,23
Connecting,hyjal,1704,shaman,restoration,39,21,18
Trbhlk,blackrock,1704,shaman,restoration,48,24,24
Vajaele,twisting-nether,1703,shaman,restoration,113,56,57
Incase,burning-legion,1701,shaman,restoration,53,30,23
Lexos,ravencrest,1699,shaman,restoration,72,42,30
Djtidex,conseil-des-ombres,1696,shaman,restoration,48,24,24
Ганинапална,soulflayer,1696,shaman,restoration,60,24,36
Mefl,tarren-mill,1694,shaman,restoration,95,49,46
Dóómhammer,jaedenar,1693,shaman,restoration,142,74,68
Oldandslow,sylvanas,1691,shaman,restoration,48,24,24
Wacomtablet,kazzak,1690,shaman,restoration,24,18,6
Hexmeqt,frostwolf,1690,shaman,restoration,149,84,65
Palfe,khaz-modan,1689,shaman,restoration,356,176,180
Googleme,veklor,1688,shaman,restoration,70,33,37
Goeller,stormscale,1687,shaman,restoration,54,29,25
Reinu,ragnaros,1687,shaman,restoration,54,29,25
Ohatzu,blackhand,1686,shaman,restoration,50,33,17
Nellytko,aegwynn,1686,shaman,restoration,81,44,37
Djtomp,kazzak,1685,shaman,restoration,48,22,26
Виелетта,gordunni,1684,shaman,restoration,30,18,12
Thabolter,burning-legion,1682,shaman,restoration,36,21,15
Littletrall,outland,1682,shaman,restoration,102,55,47
Urshak,alleria,1681,shaman,restoration,106,61,45
Alnaddaf,outland,1679,shaman,restoration,60,32,28
Louler,ragnaros,1679,shaman,restoration,160,78,82
Simiann,outland,1678,shaman,restoration,30,22,8
Ewrecked,frostwhisper,1678,shaman,restoration,28,19,9
Shoqt,les-sentinelles,1678,shaman,restoration,30,18,12
Luckymê,blackrock,1677,shaman,restoration,104,49,55
Тафельшпиц,soulflayer,1677,shaman,restoration,85,39,46
Shivanea,blackrock,1677,shaman,restoration,42,19,23
Fapmasterz,eredar,1675,shaman,restoration,60,29,31
Keisser,ravencrest,1674,shaman,restoration,48,26,22
Yakee,doomhammer,1674,shaman,restoration,56,28,28
Сёмабро,ashenvale,1672,shaman,restoration,567,307,260
Wyrt,burning-legion,1672,shaman,restoration,48,24,24
Skrewu,stormscale,1672,shaman,restoration,91,45,46
Karlurban,outland,1672,shaman,restoration,49,19,30
Tommin,silvermoon,1671,shaman,restoration,48,24,24
Кикподхвост,soulflayer,1670,shaman,restoration,54,26,28
Wotan,ysondre,1669,shaman,restoration,54,32,22
Jkoreanx,archimonde,1667,shaman,restoration,54,22,32
Loltotem,outland,1666,shaman,restoration,42,26,16
Sanamaxx,colinas-pardas,1666,shaman,restoration,62,36,26
Ibicc,twisting-nether,1666,shaman,restoration,124,63,61
Mishoshamana,tarren-mill,1664,shaman,restoration,30,20,10
Wawawoowee,archimonde,1664,shaman,restoration,72,35,37
Rapedtide,thrall,1664,shaman,restoration,136,63,73
Atwâ,ravencrest,1663,shaman,restoration,51,31,20
Brandiløve,nemesis,1663,shaman,restoration,36,19,17
Teckan,tarren-mill,1663,shaman,restoration,48,24,24
Boltkesh,draenor,1662,shaman,restoration,36,24,12
Triplewhoppa,thrall,1659,shaman,restoration,123,57,66
Questionable,antonidas,1658,shaman,restoration,115,54,61
Snobas,kazzak,1657,shaman,restoration,41,18,23
Elliesham,kazzak,1654,shaman,restoration,41,25,16
Bâbbub,tarren-mill,1654,shaman,restoration,51,28,23
Рамаксбосс,gordunni,1651,shaman,restoration,36,22,14
Nestre,kazzak,1649,shaman,restoration,101,43,58
Levarázsol,outland,1648,shaman,restoration,48,27,21
Tentacruel,sylvanas,1647,shaman,restoration,115,65,50
Kharvo,draenor,1646,shaman,restoration,76,38,38
Mbembe,blackhand,1646,shaman,restoration,60,30,30
Sanktyx,blackhand,1645,shaman,restoration,76,39,37
Prîce,blackmoore,1644,shaman,restoration,36,22,14
Héxdóctór,ravencrest,1644,shaman,restoration,92,50,42
Holyshamixz,dun-modr,1644,shaman,restoration,53,24,29
Meneswave,blackhand,1644,shaman,restoration,78,34,44
Cakedeux,grim-batol,1643,shaman,restoration,170,95,75
Sadfemecraft,aggramar,1643,shaman,restoration,340,169,171
Bloodvaron,zuljin,1643,shaman,restoration,113,53,60
Allysidewtf,archimonde,1642,shaman,restoration,34,23,11
Snickersx,blackrock,1642,shaman,restoration,108,60,48
Bonshaman,ahnqiraj,1642,shaman,restoration,120,55,65
Coöld,archimonde,1640,shaman,restoration,36,19,17
Melàniewalsh,archimonde,1638,shaman,restoration,142,78,64
Foxy,alakir,1638,shaman,restoration,126,66,60
Wibra,nagrand,1638,shaman,restoration,42,22,20
Maestralink,aegwynn,1638,shaman,restoration,47,24,23
Startdie,kazzak,1638,shaman,restoration,149,69,80
Murmaiderz,draenor,1636,shaman,restoration,248,134,114
Hexbeforesex,kazzak,1636,shaman,restoration,407,211,196
Indeed,frostmourne,1635,shaman,restoration,48,28,20
Rxs,thunderhorn,1635,shaman,restoration,54,28,26
Eniesz,archimonde,1634,shaman,restoration,110,55,55
Octon,dun-modr,1634,shaman,restoration,79,39,40
Arshak,stormscale,1632,shaman,restoration,51,24,27
Nexian,kazzak,1631,shaman,restoration,71,41,30
Invadé,stormscale,1630,shaman,restoration,30,17,13
Lillink,stormscale,1630,shaman,restoration,45,25,20
Batmanmain,twisting-nether,1629,shaman,restoration,34,21,13
Elmie,outland,1629,shaman,restoration,30,17,13
Draáx,ravencrest,1628,shaman,restoration,30,19,11
Averya,blackmoore,1628,shaman,restoration,52,27,25
Sondra,shendralar,1628,shaman,restoration,51,21,30
Søtêx,ravencrest,1627,shaman,restoration,35,23,12
Xclusiveqt,archimonde,1626,shaman,restoration,30,17,13
Papaver,zirkel-des-cenarius,1626,shaman,restoration,48,19,29
Shamimüll,twisting-nether,1624,shaman,restoration,42,29,13
Tarchoanvahg,ragnaros,1624,shaman,restoration,77,43,34
Xhanon,kazzak,1624,shaman,restoration,36,20,16
Évileye,silvermoon,1624,shaman,restoration,54,28,26
Upisi,burning-legion,1624,shaman,restoration,163,83,80
Superthomas,archimonde,1624,shaman,restoration,77,37,40
Labûche,chogall,1623,shaman,restoration,36,24,12
Kfcmanagerzz,archimonde,1623,shaman,restoration,35,18,17
Лехадабстеп,deathguard,1623,shaman,restoration,66,33,33
Còób,ravencrest,1623,shaman,restoration,49,21,28
Shocklet,twisting-nether,1622,shaman,restoration,36,29,7
Shamansh,draenor,1622,shaman,restoration,76,49,27
Zhulnaar,hyjal,1622,shaman,restoration,108,63,45
Shman,blackrock,1621,shaman,restoration,64,42,22
Wernøzer,archimonde,1621,shaman,restoration,36,22,14
Groundcslol,kazzak,1621,shaman,restoration,50,30,20
Atomstrom,frostwolf,1621,shaman,restoration,62,34,28
Thog,drakthul,1621,shaman,restoration,133,70,63
Var,varimathras,1620,shaman,restoration,66,39,27
Palarins,dalaran,1620,shaman,restoration,30,17,13
Tether,twisting-nether,1619,shaman,restoration,48,26,22
Тубалкайн,soulflayer,1619,shaman,restoration,36,17,19
Splashgodx,frostwolf,1618,shaman,restoration,47,26,21
Tupato,kazzak,1618,shaman,restoration,110,57,53
Tjpimp,draenor,1617,shaman,restoration,65,39,26
Ксмо,gordunni,1617,shaman,restoration,40,24,16
Itselectric,ravencrest,1617,shaman,restoration,217,116,101
Сёмапурж,howling-fjord,1617,shaman,restoration,42,22,20
Пекубулких,soulflayer,1615,shaman,restoration,42,25,17
Zorcs,silvermoon,1615,shaman,restoration,248,126,122
Heatti,doomhammer,1615,shaman,restoration,36,17,19
Shakhdan,archimonde,1615,shaman,restoration,48,22,26
Watchmetotem,stormscale,1614,shaman,restoration,36,23,13
Charquanda,argent-dawn,1614,shaman,restoration,78,38,40
Jps,gorgonnash,1614,shaman,restoration,107,50,57
Maelynda,argent-dawn,1614,shaman,restoration,42,18,24
Enzymex,sanguino,1614,shaman,restoration,48,18,30
Сорит,blackscar,1612,shaman,restoration,140,72,68
Tartorno,antonidas,1612,shaman,restoration,106,49,57
Iphosham,twisting-nether,1612,shaman,restoration,48,21,27
Urzza,stormscale,1611,shaman,restoration,24,20,4
Djosershamy,draenor,1611,shaman,restoration,117,56,61
Dimront,gorgonnash,1610,shaman,restoration,36,20,16
Koruga,frostwolf,1610,shaman,restoration,48,26,22
Prizærn,tarren-mill,1610,shaman,restoration,111,50,61
Makkalisse,kazzak,1609,shaman,restoration,24,17,7
Blowlips,argent-dawn,1609,shaman,restoration,42,17,25
Jenyo,alakir,1608,shaman,restoration,54,30,24
Dawop,ravencrest,1608,shaman,restoration,48,24,24
Sehn,arathor,1608,shaman,restoration,42,21,21
Voodoluudo,korgall,1608,shaman,restoration,42,20,22
Инкуль,howling-fjord,1608,shaman,restoration,60,28,32
Kardris,nemesis,1607,shaman,restoration,52,25,27
Ezilol,blackhand,1606,shaman,restoration,77,46,31
Eksi,ahnqiraj,1606,shaman,restoration,40,23,17
Kuxoriu,stormscale,1606,shaman,restoration,152,82,70
Kuis,sanguino,1606,shaman,restoration,100,49,51
Bullfox,aszune,1606,shaman,restoration,90,42,48
Greenswag,drakthul,1605,shaman,restoration,48,31,17
Faridstreng,blackmoore,1605,shaman,restoration,144,80,64
Hypéra,kazzak,1605,shaman,restoration,216,112,104
Redomsh,stormreaver,1605,shaman,restoration,66,30,36
Skanda,frostwolf,1604,shaman,restoration,24,17,7
Хужик,gordunni,1604,shaman,restoration,36,21,15
Xtremeshaman,blackmoore,1604,shaman,restoration,48,25,23
Schamaster,antonidas,1604,shaman,restoration,120,59,61
Ridemytotem,blackrock,1604,shaman,restoration,45,21,24
Tôrcal,hyjal,1604,shaman,restoration,42,18,24
Healeugene,ravencrest,1603,shaman,restoration,49,23,26
Lebis,outland,1602,shaman,restoration,60,35,25
Khroni,tarren-mill,1602,shaman,restoration,66,35,31
Tùiðhânâ,ravencrest,1602,shaman,restoration,243,126,117
Marrakei,aegwynn,1601,shaman,restoration,72,28,44
Mjukiz,tarren-mill,1600,shaman,restoration,350,194,156
Xortortle,stormscale,1600,shaman,restoration,35,19,16
Juyina,ravencrest,1600,shaman,restoration,79,39,40
Fatmikex,stormreaver,1600,shaman,restoration,54,20,34
Thald,ragnaros,1599,shaman,restoration,134,76,58
Hjod,outland,1598,shaman,restoration,150,79,71
Shoxý,draenor,1598,shaman,restoration,60,28,32
Martuscielöl,drakthul,1598,shaman,restoration,88,32,56
Yemo,alonsus,1596,shaman,restoration,207,117,90
Vakamme,draenor,1596,shaman,restoration,42,17,25
Waterwendy,blackrock,1595,shaman,restoration,86,53,33
Shamanash,kazzak,1595,shaman,restoration,64,25,39
Ikeadamen,alakir,1595,shaman,restoration,54,21,33
Apocadwarf,auchindoun,1594,shaman,restoration,100,57,43
Jochenzulauf,blackrock,1593,shaman,restoration,77,47,30
Mydpsrbad,stormscale,1592,shaman,restoration,160,89,71
Pøwertoto,dalaran,1592,shaman,restoration,90,40,50
Yegera,stormscale,1591,shaman,restoration,59,31,28
Thorenal,blackmoore,1588,shaman,restoration,67,41,26
Bigdamshear,outland,1588,shaman,restoration,42,19,23
Ebøbøla,terokkar,1587,shaman,restoration,199,94,105
Shamandoino,wildhammer,1587,shaman,restoration,234,106,128
Vioceptîon,blackrock,1586,shaman,restoration,54,40,14
Paidactor,kazzak,1586,shaman,restoration,239,126,113
Junpi,shattered-hand,1585,shaman,restoration,129,60,69
Turboeddy,blackmoore,1584,shaman,restoration,177,95,82
Soffsittaren,kazzak,1584,shaman,restoration,34,17,17
Purgecleave,dalvengyr,1584,shaman,restoration,48,20,28
Vioception,blackrock,1584,shaman,restoration,48,19,29
Вардоус,soulflayer,1582,shaman,restoration,30,17,13
Louiesham,outland,1582,shaman,restoration,41,21,20
Sérx,sanguino,1582,shaman,restoration,155,72,83
Nêôô,blackrock,1582,shaman,restoration,65,27,38
Ðenlos,destromath,1581,shaman,restoration,228,111,117
Nqz,ysondre,1580,shaman,restoration,91,52,39
Velkin,thrall,1577,shaman,restoration,225,120,105
Zinjk,nemesis,1576,shaman,restoration,376,191,185
Smightys,kazzak,1576,shaman,restoration,36,18,18
Dmgccbot,outland,1576,shaman,restoration,42,17,25
Elombrion,destromath,1575,shaman,restoration,90,55,35
Captaínduck,garrosh,1575,shaman,restoration,210,120,90
Niesel,ravencrest,1575,shaman,restoration,78,40,38
Lyricks,outland,1574,shaman,restoration,92,41,51
Боргирх,soulflayer,1572,shaman,restoration,42,17,25
Joinonlyfanz,blackrock,1571,shaman,restoration,48,20,28
Tonda,stormscale,1570,shaman,restoration,28,18,10
Nêmônin,perenolde,1570,shaman,restoration,52,30,22
Sixtyone,stormscale,1569,shaman,restoration,75,42,33
Rokxa,burning-legion,1569,shaman,restoration,42,23,19
Pvegame,tarren-mill,1568,shaman,restoration,44,22,22
Bahane,frostwolf,1568,shaman,restoration,114,56,58
Wåvex,archimonde,1568,shaman,restoration,162,78,84
Zoolza,kirin-tor,1568,shaman,restoration,76,34,42
Totoswich,tarren-mill,1567,shaman,restoration,30,19,11
Шсаваннх,blackscar,1566,shaman,restoration,165,83,82
Shockair,frostwolf,1566,shaman,restoration,115,54,61
Zwergmann,blackrock,1565,shaman,restoration,60,37,23
Blowxd,aegwynn,1565,shaman,restoration,158,85,73
Monstacookie,stormreaver,1565,shaman,restoration,78,37,41
Riptider,draenor,1565,shaman,restoration,48,22,26
Madytz,eredar,1564,shaman,restoration,36,21,15
Nonotsikaan,blackhand,1564,shaman,restoration,54,31,23
Firenanajkm,dun-modr,1564,shaman,restoration,100,53,47
Blakelivelyx,blackrock,1564,shaman,restoration,42,17,25
Pacho,alakir,1563,shaman,restoration,48,21,27
Mamacitá,eredar,1562,shaman,restoration,542,258,284
Koraél,dun-modr,1561,shaman,restoration,96,39,57
Powerhq,thrall,1560,shaman,restoration,74,38,36
Yomuchacha,dun-modr,1560,shaman,restoration,142,69,73
Radrizzle,tichondrius,1559,shaman,restoration,66,36,30
Shneems,twisting-nether,1557,shaman,restoration,41,27,14
Miikkas,blackhand,1557,shaman,restoration,42,25,17
Cobbel,argent-dawn,1557,shaman,restoration,168,92,76
Orcié,twisting-nether,1557,shaman,restoration,35,19,16
Lechii,stormscale,1557,shaman,restoration,107,55,52
Xogor,kazzak,1557,shaman,restoration,82,37,45
Lavjar,stormscale,1557,shaman,restoration,81,34,47
Linknvm,thrall,1556,shaman,restoration,189,115,74
Aébi,dalaran,1556,shaman,restoration,42,25,17
Froslack,zuljin,1556,shaman,restoration,88,46,42
Lzzo,ravencrest,1555,shaman,restoration,42,24,18
Banilikum,tarren-mill,1553,shaman,restoration,98,46,52
Uzze,drakthul,1553,shaman,restoration,120,55,65
Rejax,blackmoore,1553,shaman,restoration,60,26,34
Aesa,dun-modr,1552,shaman,restoration,36,20,16
Vemvardetsom,stormreaver,1551,shaman,restoration,137,74,63
Zimoneris,blackmoore,1551,shaman,restoration,36,17,19
Grende,sylvanas,1551,shaman,restoration,65,24,41
Pacio,alakir,1550,shaman,restoration,155,81,74
Sêrø,eredar,1550,shaman,restoration,48,23,25
Lustmasterx,grim-batol,1549,shaman,restoration,269,141,128
Kvolt,ysondre,1549,shaman,restoration,42,18,24
Cuzzer,drakthul,1548,shaman,restoration,109,59,50
Beastmodex,eredar,1548,shaman,restoration,263,134,129
Seasick,frostmane,1548,shaman,restoration,112,56,56
Туурукк,soulflayer,1548,shaman,restoration,66,27,39
Zalamlól,kazzak,1547,shaman,restoration,27,18,9
Noneedshaman,stormscale,1547,shaman,restoration,35,18,17
Ninetzj,tarren-mill,1547,shaman,restoration,54,26,28
Zetricek,drakthul,1547,shaman,restoration,83,33,50
Lilcake,ravencrest,1546,shaman,restoration,60,31,29
Reilah,drakthul,1546,shaman,restoration,66,33,33
Кичисанчик,howling-fjord,1546,shaman,restoration,132,60,72
Märthalouise,twisting-nether,1546,shaman,restoration,43,18,25
Bonraptor,kirin-tor,1544,shaman,restoration,53,30,23
Есю,howling-fjord,1544,shaman,restoration,40,22,18
Korvsnärten,outland,1544,shaman,restoration,237,109,128
Mypakypa,outland,1543,shaman,restoration,64,29,35
Reitar,burning-blade,1543,shaman,restoration,120,50,70
Zilheal,ysondre,1542,shaman,restoration,106,41,65
Biggiebig,ravencrest,1540,shaman,restoration,114,62,52
Denastyo,nemesis,1539,shaman,restoration,89,44,45
Jarona,twisting-nether,1539,shaman,restoration,289,140,149
Optitem,hyjal,1538,shaman,restoration,83,57,26
Amyst,aegwynn,1536,shaman,restoration,30,19,11
Shamins,outland,1536,shaman,restoration,166,95,71
Coldlean,haomarush,1535,shaman,restoration,200,98,102
Иоч,soulflayer,1534,shaman,restoration,41,23,18
Daykên,kazzak,1534,shaman,restoration,86,39,47
Drumx,aegwynn,1533,shaman,restoration,36,20,16
Pepegahex,blackmoore,1533,shaman,restoration,30,16,14
Grumhild,blackmoore,1533,shaman,restoration,80,38,42
Muril,argent-dawn,1533,shaman,restoration,42,18,24
Kurreshm,stormreaver,1530,shaman,restoration,42,16,26
Tllz,kargath,1529,shaman,restoration,90,58,32
Отчима,howling-fjord,1529,shaman,restoration,161,84,77
Anöuchkâ,ysondre,1529,shaman,restoration,204,100,104
Pädagogeig,antonidas,1528,shaman,restoration,66,36,30
Waldo,blackmoore,1528,shaman,restoration,30,16,14
Bîlunder,arygos,1528,shaman,restoration,101,44,57
Skullår,tarren-mill,1527,shaman,restoration,54,29,25
Bumblebeec,tarren-mill,1526,shaman,restoration,60,32,28
Bordellgast,thrall,1525,shaman,restoration,95,50,45
Bzglsnkh,ravencrest,1525,shaman,restoration,36,16,20
Fridafrog,malganis,1524,shaman,restoration,155,84,71
Yarali,argent-dawn,1524,shaman,restoration,30,16,14
Mìcrøs,thrall,1524,shaman,restoration,77,41,36
Gjernhard,stormreaver,1524,shaman,restoration,78,38,40
Nintotemxo,stormscale,1523,shaman,restoration,78,41,37
Чанголист,soulflayer,1523,shaman,restoration,114,54,60
Emika,archimonde,1523,shaman,restoration,50,21,29
Ugáa,malganis,1523,shaman,restoration,102,41,61
Remkoo,blackrock,1522,shaman,restoration,30,20,10
Sixinchwilly,outland,1520,shaman,restoration,66,39,27
Thunderson,daggerspine,1519,shaman,restoration,232,117,115
Schain,eredar,1518,shaman,restoration,36,24,12
Stormdrágon,kazzak,1518,shaman,restoration,137,67,70
Turbobaboon,hyjal,1517,shaman,restoration,151,85,66
Kuhnedy,blackrock,1516,shaman,restoration,160,82,78
Zombilyk,burning-legion,1516,shaman,restoration,41,21,20
Bomjspomoiki,outland,1516,shaman,restoration,35,16,19
Fuzzywaagh,silvermoon,1515,shaman,restoration,94,48,46
Aeknor,ravencrest,1514,shaman,restoration,36,17,19
Smøul,sanguino,1514,shaman,restoration,42,16,26
Reezex,silvermoon,1513,shaman,restoration,92,47,45
Mvvp,stormscale,1512,shaman,restoration,90,47,43
Costakislolz,twisting-nether,1511,shaman,restoration,24,18,6
Bloodseeker,tarren-mill,1511,shaman,restoration,53,29,24
Crazypop,outland,1511,shaman,restoration,130,69,61
Hopper,sylvanas,1511,shaman,restoration,67,34,33
Warpig,alakir,1511,shaman,restoration,118,58,60
Rhun,garona,1510,shaman,restoration,96,56,40
Fluuges,tarren-mill,1508,shaman,restoration,48,28,20
Neovim,trollbane,1508,shaman,restoration,74,35,39
Gronash,sunstrider,1507,shaman,restoration,30,23,7
Shøckbot,blackhand,1507,shaman,restoration,30,16,14
Horokeu,blackrock,1507,shaman,restoration,101,51,50
Huux,blackmoore,1507,shaman,restoration,54,24,30
Zulsham,sargeras,1505,shaman,restoration,54,28,26
Vaizii,silvermoon,1505,shaman,restoration,53,26,27
Ugard,burning-legion,1505,shaman,restoration,79,38,41
Cleansing,nemesis,1504,shaman,restoration,46,32,14
Хексорсгодх,howling-fjord,1504,shaman,restoration,48,30,18
Vorkanyx,ysondre,1504,shaman,restoration,142,75,67
Àbs,archimonde,1504,shaman,restoration,120,60,60
Духсалата,grom,1503,shaman,restoration,59,29,30
Nosql,draenor,1502,shaman,restoration,34,18,16
Threshðld,dun-modr,1502,shaman,restoration,42,21,21
Нитрочка,soulflayer,1501,shaman,restoration,51,27,24
Warianis,ravencrest,1500,shaman,restoration,87,51,36
Eisei,stormscale,1500,shaman,restoration,66,37,29
Kacamaz,twisting-nether,1500,shaman,restoration,93,42,51
Nassîî,antonidas,1500,shaman,restoration,146,61,85
Cannotdoit,burning-legion,1499,shaman,restoration,59,32,27
Bufuxx,kazzak,1497,shaman,restoration,36,24,12
Johnblånn,stormscale,1496,shaman,restoration,160,88,72
Mcktavish,silvermoon,1495,shaman,restoration,89,46,43
Kelvok,kazzak,1495,shaman,restoration,60,31,29
Виспепешам,gordunni,1494,shaman,restoration,369,184,185
Enïgma,sylvanas,1493,shaman,restoration,148,83,65
Vallhur,burning-legion,1493,shaman,restoration,144,73,71
Багсбанних,soulflayer,1493,shaman,restoration,102,42,60
Тагхорн,soulflayer,1491,shaman,restoration,56,29,27
Annoying,archimonde,1490,shaman,restoration,37,19,18
Elendig,blackmoore,1489,shaman,restoration,115,69,46
Muddy,argent-dawn,1489,shaman,restoration,36,16,20
Crasherz,sanguino,1488,shaman,restoration,91,51,40
Kalaris,stormscale,1488,shaman,restoration,36,20,16
Pòcho,kazzak,1488,shaman,restoration,61,25,36
Хэйзл,ashenvale,1487,shaman,restoration,110,51,59
Stupbpes,gorgonnash,1487,shaman,restoration,60,25,35
Bénathon,ravencrest,1486,shaman,restoration,63,39,24
Psychototem,twisting-nether,1486,shaman,restoration,96,31,65
Phoenííx,twisting-nether,1485,shaman,restoration,461,218,243
Jazzrod,stormscale,1484,shaman,restoration,366,186,180
Exolnard,twisting-nether,1484,shaman,restoration,143,68,75
Smørbar,kazzak,1483,shaman,restoration,114,72,42
Vuls,blackmoore,1483,shaman,restoration,186,105,81
Flowèn,twisting-nether,1482,shaman,restoration,111,60,51
Dremlok,burning-legion,1480,shaman,restoration,24,16,8
Criæ,blackrock,1480,shaman,restoration,36,23,13
Reparagos,sanguino,1480,shaman,restoration,37,22,15
Enharvest,stormscale,1478,shaman,restoration,52,32,20
Kaminarí,antonidas,1478,shaman,restoration,42,18,24
Kataclysm,nemesis,1477,shaman,restoration,71,35,36
Sucøre,die-nachtwache,1475,shaman,restoration,82,42,40
Damex,thunderhorn,1474,shaman,restoration,161,69,92
Gützli,blackmoore,1474,shaman,restoration,93,35,58
Shameari,sylvanas,1473,shaman,restoration,24,19,5
Noxazar,kazzak,1473,shaman,restoration,70,32,38
Awwey,stormscale,1472,shaman,restoration,24,19,5
Gadula,burning-legion,1472,shaman,restoration,40,21,19
Cleptocracy,draenor,1472,shaman,restoration,35,18,17
Schamazon,tarren-mill,1471,shaman,restoration,57,32,25
Diix,archimonde,1471,shaman,restoration,84,35,49
Tow,der-rat-von-dalaran,1470,shaman,restoration,24,17,7
Gehrké,silvermoon,1470,shaman,restoration,36,23,13
Zaránd,ragnaros,1470,shaman,restoration,48,26,22
Ilovejamie,sylvanas,1470,shaman,restoration,60,31,29
Sniipy,blackmoore,1470,shaman,restoration,50,22,28
Shaloxe,silvermoon,1469,shaman,restoration,29,16,13
Zakuun,kazzak,1469,shaman,restoration,188,83,105
Kêêqo,blackrock,1468,shaman,restoration,48,23,25
Soger,mannoroth,1468,shaman,restoration,59,25,34
Greenfatding,kazzak,1467,shaman,restoration,36,19,17
Andról,stormscale,1467,shaman,restoration,54,25,29
Shamanlynx,ravencrest,1466,shaman,restoration,123,74,49
Джонпсинаа,gordunni,1466,shaman,restoration,48,27,21
Yzeldan,hyjal,1465,shaman,restoration,352,195,157
Shockjob,kazzak,1465,shaman,restoration,38,17,21
Ünknownz,archimonde,1464,shaman,restoration,71,37,34
Redoms,stormreaver,1464,shaman,restoration,163,81,82
Sebubu,twisting-nether,1463,shaman,restoration,68,34,34
Lazerboy,twisting-nether,1463,shaman,restoration,110,49,61
Courtney,sylvanas,1462,shaman,restoration,240,114,126
Greatørc,tarren-mill,1461,shaman,restoration,58,30,28
Shuzman,emeriss,1461,shaman,restoration,127,60,67
Pakxø,malganis,1461,shaman,restoration,188,85,103
Theshammy,vashj,1459,shaman,restoration,60,32,28
Laskopivo,doomhammer,1459,shaman,restoration,195,99,96
Yasharshammy,tarren-mill,1459,shaman,restoration,60,28,32
Diosberi,tichondrius,1458,shaman,restoration,24,18,6
Nogag,kazzak,1458,shaman,restoration,78,36,42
Apaorkaxyz,ragnaros,1457,shaman,restoration,334,163,171
Okdar,stormscale,1456,shaman,restoration,84,50,34
Skrimisher,draenor,1456,shaman,restoration,65,37,28
Schamfxx,blackrock,1456,shaman,restoration,96,49,47
Setac,stormscale,1456,shaman,restoration,39,18,21
Geminate,stormscale,1455,shaman,restoration,45,25,20
Шарюпокд,soulflayer,1455,shaman,restoration,48,24,24
Yois,nemesis,1454,shaman,restoration,102,58,44
Antey,ravencrest,1454,shaman,restoration,187,98,89
Zlingx,auchindoun,1454,shaman,restoration,48,22,26
Klouds,stormscale,1454,shaman,restoration,66,27,39
Hastabasta,sylvanas,1453,shaman,restoration,54,18,36
Ларисашерсть,blackscar,1452,shaman,restoration,47,26,21
Jotashaman,sanguino,1452,shaman,restoration,36,19,17
Collînna,aegwynn,1452,shaman,restoration,116,58,58
Clickmeh,runetotem,1452,shaman,restoration,48,23,25
Артёмлобов,gordunni,1450,shaman,restoration,77,37,40
Mouraïne,eredar,1449,shaman,restoration,225,118,107
Groundingbtw,tarren-mill,1449,shaman,restoration,62,30,32
Breadtotem,tarren-mill,1449,shaman,restoration,54,24,30
Фоэксген,deathguard,1447,shaman,restoration,32,21,11
Gspót,twisting-nether,1447,shaman,restoration,98,47,51
Чаиро,howling-fjord,1447,shaman,restoration,41,16,25
Goodieesham,burning-blade,1445,shaman,restoration,36,22,14
Djxyoloswag,silvermoon,1445,shaman,restoration,99,44,55
Abercrômbx,blackmoore,1444,shaman,restoration,93,45,48
Chéatèr,bloodfeather,1443,shaman,restoration,102,52,50
Bumbersham,stormscale,1443,shaman,restoration,126,62,64
Xintenggege,silvermoon,1442,shaman,restoration,91,46,45
Тирануксис,blackscar,1441,shaman,restoration,35,22,13
Zeewzblast,silvermoon,1441,shaman,restoration,30,16,14
Nøný,gorgonnash,1441,shaman,restoration,66,33,33
Schweízer,blackrock,1441,shaman,restoration,102,45,57
Crmx,blackrock,1441,shaman,restoration,120,52,68
Бомжмувис,howling-fjord,1440,shaman,restoration,24,15,9
Khattla,outland,1440,shaman,restoration,110,65,45
Helloitsmee,thrall,1439,shaman,restoration,40,20,20
Ivøryz,arthas,1438,shaman,restoration,66,35,31
Nyzo,tarren-mill,1438,shaman,restoration,30,15,15
Dôppel,archimonde,1438,shaman,restoration,30,15,15
Davihla,grim-batol,1438,shaman,restoration,66,31,35
Амальтейх,soulflayer,1438,shaman,restoration,66,29,37
Боунсе,howling-fjord,1438,shaman,restoration,36,15,21
Kalvei,draenor,1437,shaman,restoration,41,22,19
Kunsum,twisting-nether,1437,shaman,restoration,87,37,50
Cjay,dunemaul,1436,shaman,restoration,36,23,13
Cuchullaín,blackmoore,1436,shaman,restoration,60,32,28
Roineé,draenor,1436,shaman,restoration,30,15,15
Imshocky,burning-legion,1435,shaman,restoration,142,78,64
Emochka,ravencrest,1435,shaman,restoration,130,60,70
Whitefoxy,stormscale,1434,shaman,restoration,30,16,14
Ronell,argent-dawn,1434,shaman,restoration,179,91,88
Strïvïse,ysondre,1434,shaman,restoration,47,22,25
Kataretic,kazzak,1433,shaman,restoration,24,17,7
Htagagain,archimonde,1433,shaman,restoration,24,15,9
Zaiyoxgodx,thrall,1433,shaman,restoration,49,26,23
Raznys,defias-brotherhood,1433,shaman,restoration,42,15,27
Nayromino,blackrock,1432,shaman,restoration,49,28,21
Wylly,aegwynn,1432,shaman,restoration,174,95,79
Linkedink,tarren-mill,1432,shaman,restoration,35,19,16
Threnesham,kazzak,1432,shaman,restoration,42,15,27
Thornos,ragnaros,1432,shaman,restoration,64,21,43
Mendiing,kazzak,1431,shaman,restoration,63,30,33
Kaptt,twisting-nether,1431,shaman,restoration,36,15,21
Shamhingo,stormscale,1431,shaman,restoration,60,24,36
Эртирон,howling-fjord,1430,shaman,restoration,382,200,182
Назульчике,razuvious,1430,shaman,restoration,65,33,32
Здрахарь,howling-fjord,1430,shaman,restoration,33,15,18
Orcshaman,the-maelstrom,1428,shaman,restoration,74,40,34
Arigato,eonar,1428,shaman,restoration,46,23,23
Шоплифтер,gordunni,1427,shaman,restoration,48,27,21
Pcr,archimonde,1427,shaman,restoration,111,53,58
Denyx,blackmoore,1427,shaman,restoration,206,98,108
Mightgethexd,tarren-mill,1426,shaman,restoration,39,21,18
Vickeshaman,stormreaver,1426,shaman,restoration,55,23,32
Nonnative,stormscale,1426,shaman,restoration,66,27,39
Малекулакота,soulflayer,1425,shaman,restoration,53,25,28
Amaizin,stormscale,1424,shaman,restoration,32,19,13
Ptiloup,varimathras,1423,shaman,restoration,48,22,26
Ярусскийй,howling-fjord,1422,shaman,restoration,277,134,143
Lastaltforev,kazzak,1422,shaman,restoration,98,47,51
Monstermunch,ravencrest,1422,shaman,restoration,154,71,83
Táyy,stormscale,1421,shaman,restoration,37,21,16
Дагод,booty-bay,1420,shaman,restoration,72,43,29
Кислаябуба,howling-fjord,1420,shaman,restoration,172,81,91
Ripstorm,sylvanas,1420,shaman,restoration,37,16,21
Гоэл,ashenvale,1420,shaman,restoration,36,15,21
Umbraverfaa,twisting-nether,1419,shaman,restoration,108,57,51
Stormfreg,quelthalas,1419,shaman,restoration,42,16,26
Mcbloob,kazzak,1417,shaman,restoration,86,42,44
Alàstor,kazzak,1416,shaman,restoration,67,34,33
Winøxiide,archimonde,1415,shaman,restoration,29,16,13
Plutonx,stormscale,1415,shaman,restoration,30,16,14
Dewasham,blackrock,1415,shaman,restoration,54,25,29
Sarkathi,kazzak,1415,shaman,restoration,77,33,44
Goldhand,ravencrest,1415,shaman,restoration,69,24,45
Qjie,argent-dawn,1414,shaman,restoration,277,154,123
Swedishmeat,kazzak,1414,shaman,restoration,218,115,103
Onkens,ravencrest,1414,shaman,restoration,57,29,28
Robcurly,blackmoore,1414,shaman,restoration,30,15,15
Straehne,malganis,1414,shaman,restoration,94,43,51
Дердан,soulflayer,1413,shaman,restoration,72,39,33
Thesenate,blackmoore,1413,shaman,restoration,52,17,35
Deadstill,ysondre,1412,shaman,restoration,24,15,9
Energized,twilights-hammer,1412,shaman,restoration,96,55,41
Dergat,pozzo-delleternità,1412,shaman,restoration,44,21,23
Wôdân,blackrock,1412,shaman,restoration,54,21,33
Gards,sylvanas,1411,shaman,restoration,79,37,42
Smukkere,twisting-nether,1410,shaman,restoration,24,15,9
Patuljak,outland,1409,shaman,restoration,91,48,43
Rawillman,kazzak,1408,shaman,restoration,24,16,8
Saamira,pozzo-delleternità,1408,shaman,restoration,78,39,39
Mestgonee,draenor,1408,shaman,restoration,54,27,27
Pilinham,aggra-português,1408,shaman,restoration,74,27,47
Ghorall,ragnaros,1407,shaman,restoration,72,40,32
Brokentotem,archimonde,1407,shaman,restoration,35,18,17
Miesepeter,mannoroth,1407,shaman,restoration,111,57,54
Бладих,howling-fjord,1407,shaman,restoration,245,124,121
Xerinas,eredar,1407,shaman,restoration,123,45,78
Aceofraphy,thrall,1406,shaman,restoration,143,62,81
Jazzcore,twisting-nether,1405,shaman,restoration,23,15,8
Xánin,thrall,1404,shaman,restoration,66,31,35
Voitek,sargeras,1404,shaman,restoration,79,33,46
Гарантийный,lich-king,1404,shaman,restoration,36,15,21
Drohx,ysondre,1403,shaman,restoration,66,29,37
Братишкапинг,soulflayer,1402,shaman,restoration,136,72,64
Gaelic,frostmourne,1402,shaman,restoration,84,43,41
Shamytomight,tarren-mill,1402,shaman,restoration,48,23,25
Heyzal,aegwynn,1402,shaman,restoration,44,18,26
Mclóvín,twisting-nether,1401,shaman,restoration,42,21,21
Тандерфак,ashenvale,1401,shaman,restoration,38,18,20
Devastru,ravencrest,1401,shaman,restoration,72,34,38
Тромрел,blackscar,1400,shaman,restoration,59,34,25
Shambulancex,tarren-mill,1400,shaman,restoration,30,15,15
Мокос,howling-fjord,1400,shaman,restoration,60,20,40
Trustlemac,onyxia,1399,shaman,restoration,50,30,20
Beyp,sylvanas,1399,shaman,restoration,67,38,29
Onlytides,doomhammer,1399,shaman,restoration,132,61,71
Guayotta,sanguino,1399,shaman,restoration,46,17,29
Tèysh,ysondre,1398,shaman,restoration,145,74,71
Navezi,twisting-nether,1397,shaman,restoration,102,60,42
Wolkî,aegwynn,1397,shaman,restoration,44,17,27
Начилибосе,gordunni,1396,shaman,restoration,314,163,151
Pocahøntas,archimonde,1395,shaman,restoration,56,22,34
Craisaz,nemesis,1395,shaman,restoration,113,40,73
Swahilishock,the-maelstrom,1394,shaman,restoration,36,15,21
Waterboi,blackmoore,1394,shaman,restoration,80,32,48
Гвинневра,azuregos,1392,shaman,restoration,125,74,51
Bíìerlip,twisting-nether,1390,shaman,restoration,65,36,29
Sjamanisme,silvermoon,1390,shaman,restoration,114,60,54
Odiuum,draenor,1390,shaman,restoration,198,99,99
Vaweñ,ravencrest,1390,shaman,restoration,77,33,44
Wokaa,twisting-nether,1389,shaman,restoration,24,15,9
Rugludalli,dragonblight,1388,shaman,restoration,24,15,9
Gnackbretzn,eredar,1388,shaman,restoration,149,73,76
Roverlos,blackrock,1387,shaman,restoration,141,76,65
Kekerrot,ragnaros,1386,shaman,restoration,152,89,63
Slingz,auchindoun,1386,shaman,restoration,54,24,30
Geneazytwo,silvermoon,1384,shaman,restoration,32,19,13
Nextlvlplz,draenor,1384,shaman,restoration,91,49,42
Seyfüce,archimonde,1383,shaman,restoration,77,43,34
Фридомх,gordunni,1383,shaman,restoration,35,17,18
Dubìff,hyjal,1382,shaman,restoration,21,16,5
Ххвхд,soulflayer,1380,shaman,restoration,78,45,33
Jaxsh,blackmoore,1380,shaman,restoration,29,15,14
Pasjeop,ravencrest,1380,shaman,restoration,53,21,32
Ironmack,outland,1378,shaman,restoration,48,25,23
Tingyspanky,twisting-nether,1377,shaman,restoration,57,22,35
Ironkraw,stormscale,1377,shaman,restoration,90,33,57
Brigantino,burning-legion,1376,shaman,restoration,49,26,23
Axemodels,archimonde,1376,shaman,restoration,32,16,16
Quizx,blackrock,1376,shaman,restoration,36,16,20
Zenjo,the-maelstrom,1376,shaman,restoration,60,23,37
Megumín,darksorrow,1375,shaman,restoration,36,21,15
Vaaggu,stormreaver,1374,shaman,restoration,42,15,27
Alishie,outland,1373,shaman,restoration,117,64,53
Elamentaly,draenor,1371,shaman,restoration,54,29,25
Phêbz,archimonde,1371,shaman,restoration,48,25,23
Neddeadlyo,outland,1371,shaman,restoration,41,20,21
Noulol,aegwynn,1371,shaman,restoration,35,16,19
Sparklemufin,draenor,1369,shaman,restoration,33,16,17
Xoxoheal,eredar,1368,shaman,restoration,36,15,21
Tauridus,blackrock,1367,shaman,restoration,30,16,14
Purgérkíng,silvermoon,1367,shaman,restoration,56,28,28
Èxé,stormscale,1367,shaman,restoration,42,20,22
Badkidney,alakir,1365,shaman,restoration,72,42,30
Stortvloed,twisting-nether,1365,shaman,restoration,36,17,19
Lupisregina,silvermoon,1365,shaman,restoration,41,19,22
Hulcky,grim-batol,1363,shaman,restoration,48,27,21
Acidtrip,hyjal,1363,shaman,restoration,48,24,24
Glak,draenor,1363,shaman,restoration,33,16,17
Shimmyja,draenor,1361,shaman,restoration,105,53,52
Fünkchn,zuluhed,1360,shaman,restoration,70,39,31
Akrobata,silvermoon,1360,shaman,restoration,180,83,97
Blixtlasse,magtheridon,1360,shaman,restoration,43,19,24
Abx,draenor,1359,shaman,restoration,54,28,26
Salmôn,twisting-nether,1358,shaman,restoration,42,15,27
Zallyy,tarren-mill,1357,shaman,restoration,48,27,21
Glopper,ravencrest,1356,shaman,restoration,113,52,61
Götveren,eredar,1356,shaman,restoration,53,22,31
Subaki,die-aldor,1355,shaman,restoration,34,20,14
Overlewd,chamber-of-aspects,1355,shaman,restoration,33,16,17
Ruvxy,twisting-nether,1354,shaman,restoration,65,38,27
Kwitnac,silvermoon,1354,shaman,restoration,32,17,15
Selrin,blackrock,1353,shaman,restoration,164,81,83
Vanquïsh,archimonde,1353,shaman,restoration,48,21,27
Lindemánn,blackhand,1352,shaman,restoration,66,26,40
Ketzersend,alleria,1351,shaman,restoration,30,18,12
Krovogor,silvermoon,1351,shaman,restoration,60,34,26
Zenzua,twisting-nether,1350,shaman,restoration,41,27,14
Räyznx,nozdormu,1350,shaman,restoration,24,15,9
Daboó,vashj,1350,shaman,restoration,115,63,52
Boneyka,ragnaros,1350,shaman,restoration,116,49,67
Stòrmbreakèr,nemesis,1348,shaman,restoration,161,73,88
Shemanrolf,outland,1348,shaman,restoration,104,46,58
Stylix,tarren-mill,1347,shaman,restoration,93,44,49
Zevissh,outland,1346,shaman,restoration,54,28,26
Wealey,drakthul,1346,shaman,restoration,60,29,31
Bíllý,onyxia,1345,shaman,restoration,39,22,17
Tâvôry,aegwynn,1345,shaman,restoration,77,31,46
Purgerkìng,tarren-mill,1344,shaman,restoration,18,14,4
Сновидений,soulflayer,1344,shaman,restoration,49,23,26
Invade,darkspear,1343,shaman,restoration,18,14,4
Shinds,archimonde,1343,shaman,restoration,72,32,40
Shrekcho,twisting-nether,1342,shaman,restoration,36,25,11
Henchtotem,draenor,1342,shaman,restoration,56,31,25
Healelele,frostwolf,1342,shaman,restoration,30,14,16
Beoka,dun-modr,1342,shaman,restoration,33,15,18
Læh,archimonde,1342,shaman,restoration,108,45,63
Jéhil,hyjal,1340,shaman,restoration,42,22,20
Intoxed,sylvanas,1340,shaman,restoration,120,62,58
Totembeard,frostmourne,1339,shaman,restoration,24,14,10
Schïps,kirin-tor,1339,shaman,restoration,54,31,23
Maburst,silvermoon,1339,shaman,restoration,30,17,13
Sørum,grim-batol,1339,shaman,restoration,36,14,22
Кайрн,gordunni,1339,shaman,restoration,42,15,27
Fußpilzmann,blackmoore,1338,shaman,restoration,139,76,63
Nadashami,outland,1338,shaman,restoration,41,22,19
Gunhyld,hyjal,1338,shaman,restoration,65,28,37
Stateside,outland,1338,shaman,restoration,36,14,22
Brokgar,ragnaros,1337,shaman,restoration,24,14,10
Bananis,outland,1337,shaman,restoration,24,14,10
Átòmíc,eredar,1337,shaman,restoration,30,14,16
Shapperdin,darksorrow,1336,shaman,restoration,24,14,10
Chamika,dentarg,1336,shaman,restoration,60,24,36
Шиока,borean-tundra,1335,shaman,restoration,92,48,44
Freizeitler,antonidas,1335,shaman,restoration,78,37,41
Lorko,twisting-nether,1335,shaman,restoration,30,14,16
Moowfmoo,ragnaros,1335,shaman,restoration,30,14,16
Flikus,aggra-português,1335,shaman,restoration,42,16,26
Lickmytôtem,frostmane,1334,shaman,restoration,33,15,18
Bresidendo,frostwhisper,1334,shaman,restoration,95,39,56
Ongewasgone,defias-brotherhood,1333,shaman,restoration,30,16,14
Bloodburst,stormscale,1332,shaman,restoration,48,29,19
Monamour,twisting-nether,1332,shaman,restoration,24,14,10
Lariralol,malorne,1332,shaman,restoration,67,37,30
Istenes,frostwolf,1331,shaman,restoration,24,14,10
Amatero,drakthul,1331,shaman,restoration,61,34,27
Хотдевил,gordunni,1331,shaman,restoration,59,32,27
Pinácoladáqt,stormscale,1331,shaman,restoration,36,14,22
Skreppa,kazzak,1330,shaman,restoration,36,21,15
Beardling,auchindoun,1329,shaman,restoration,24,15,9
Andrewbéelko,drakthul,1329,shaman,restoration,24,14,10
Elijaá,nordrassil,1329,shaman,restoration,178,96,82
Grimn,burning-legion,1329,shaman,restoration,98,49,49
Energised,alonsus,1327,shaman,restoration,48,21,27
Bluesteel,bladefist,1327,shaman,restoration,68,26,42
Jarvís,gilneas,1327,shaman,restoration,50,19,31
Rustfeather,sanguino,1326,shaman,restoration,30,14,16
Jimtrespies,dun-modr,1326,shaman,restoration,68,29,39
Obêlixx,blackmoore,1325,shaman,restoration,108,56,52
Rone,burning-blade,1324,shaman,restoration,30,17,13
Регбисто,soulflayer,1324,shaman,restoration,89,44,45
Magma,kazzak,1323,shaman,restoration,24,14,10
Lilshamano,ravencrest,1323,shaman,restoration,293,162,131
Cloovster,magtheridon,1323,shaman,restoration,36,17,19
Schaname,rajaxx,1323,shaman,restoration,30,14,16
Sdkpwns,draenor,1322,shaman,restoration,36,16,20
Кураж,howling-fjord,1322,shaman,restoration,52,21,31
Georgieboi,sylvanas,1321,shaman,restoration,24,14,10
Okø,marécage-de-zangar,1321,shaman,restoration,28,16,12
Bedouín,draenor,1321,shaman,restoration,91,51,40
Lerosh,twisting-nether,1321,shaman,restoration,60,33,27
Mjöllnir,blackrock,1321,shaman,restoration,108,56,52
Mjahex,stormscale,1321,shaman,restoration,60,28,32
Flameshock,tarren-mill,1321,shaman,restoration,54,23,31
Sadkick,twisting-nether,1320,shaman,restoration,24,14,10
Foximus,blackhand,1320,shaman,restoration,133,68,65
Nybz,sylvanas,1320,shaman,restoration,120,61,59
Deadwoodz,tarren-mill,1320,shaman,restoration,190,95,95
Vengatrox,antonidas,1320,shaman,restoration,116,57,59
Tonifo,nemesis,1319,shaman,restoration,53,31,22
Роджермур,howling-fjord,1319,shaman,restoration,30,14,16
Iamnyka,blackrock,1318,shaman,restoration,96,54,42
Alisàn,teldrassil,1318,shaman,restoration,228,111,117
Dregú,draenor,1317,shaman,restoration,105,58,47
Перегной,ashenvale,1317,shaman,restoration,135,64,71
Corintho,blackmoore,1316,shaman,restoration,46,25,21
Canhealu,nemesis,1316,shaman,restoration,344,174,170
Semrix,blackhand,1316,shaman,restoration,158,76,82
Fernashaman,aggra-português,1315,shaman,restoration,54,25,29
Виртуосгодх,soulflayer,1313,shaman,restoration,54,25,29
Ôrgi,drakthul,1313,shaman,restoration,42,14,28
Жижелье,howling-fjord,1312,shaman,restoration,128,68,60
Kbakasham,ravencrest,1312,shaman,restoration,56,27,29
Keräx,cthun,1311,shaman,restoration,24,14,10
Putzè,blackrock,1311,shaman,restoration,74,42,32
Naargie,outland,1311,shaman,restoration,26,14,12
Шаманутый,gordunni,1308,shaman,restoration,73,40,33
Düsterlotus,dalvengyr,1308,shaman,restoration,196,106,90
Littledorf,ravencrest,1308,shaman,restoration,111,58,53
Shamingu,arathor,1308,shaman,restoration,152,77,75
Ephase,burning-blade,1308,shaman,restoration,67,25,42
Kickmeheal,dalaran,1306,shaman,restoration,72,33,39
Thaarley,blackmoore,1305,shaman,restoration,34,22,12
Shafallen,tarren-mill,1305,shaman,restoration,40,24,16
Durek,aerie-peak,1304,shaman,restoration,24,14,10
Формацепт,ashenvale,1303,shaman,restoration,137,70,67
Laykablue,blackhand,1303,shaman,restoration,55,26,29
Санрэйн,soulflayer,1302,shaman,restoration,54,32,22
Crymere,chamber-of-aspects,1302,shaman,restoration,343,173,170
Cudntreskobe,kazzak,1301,shaman,restoration,46,24,22
Tuba,ragnaros,1300,shaman,restoration,66,43,23
Wtsfeetpics,dragonblight,1300,shaman,restoration,73,27,46
Quiec,kazzak,1300,shaman,restoration,60,21,39
Panicblast,stormscale,1299,shaman,restoration,44,27,17
Шаеман,soulflayer,1298,shaman,restoration,36,20,16
Lopetitchat,chogall,1298,shaman,restoration,63,34,29
Iziisham,outland,1298,shaman,restoration,103,53,50
Enzopotenzo,blackrock,1298,shaman,restoration,83,40,43
Zantam,ravencrest,1298,shaman,restoration,102,48,54
Ærthgød,stormscale,1297,shaman,restoration,24,17,7
Reyja,draenor,1297,shaman,restoration,24,15,9
Outerspace,silvermoon,1297,shaman,restoration,87,43,44
Shago,archimonde,1296,shaman,restoration,130,58,72
Aeldrid,argent-dawn,1295,shaman,restoration,24,14,10
Shamaam,burning-legion,1295,shaman,restoration,55,25,30
Rhakhatheckh,nemesis,1295,shaman,restoration,58,26,32
Nightrâin,kazzak,1292,shaman,restoration,37,19,18
Shamanmode,twisting-nether,1292,shaman,restoration,42,17,25
Flambusier,hyjal,1291,shaman,restoration,279,155,124
Кразтор,howling-fjord,1290,shaman,restoration,173,78,95
Mazu,spinebreaker,1290,shaman,restoration,47,19,28
Zujaz,stormscale,1289,shaman,restoration,30,14,16
Mansquidgoat,darksorrow,1288,shaman,restoration,27,17,10
Shamanaman,stormscale,1287,shaman,restoration,24,14,10
Thecallviper,blackmoore,1287,shaman,restoration,95,41,54
Horiun,sanguino,1286,shaman,restoration,49,24,25
Mêkyra,blackmoore,1286,shaman,restoration,58,27,31
Xamic,twisting-nether,1286,shaman,restoration,59,27,32
Kneggebrot,blackmoore,1286,shaman,restoration,96,39,57
Jänis,ragnaros,1286,shaman,restoration,40,16,24
Ampaniaristo,sylvanas,1286,shaman,restoration,42,16,26
Chunkss,argent-dawn,1286,shaman,restoration,42,14,28
Chilliajin,tarren-mill,1284,shaman,restoration,59,25,34
Amrgl,earthen-ring,1284,shaman,restoration,84,35,49
Nwäar,archimonde,1283,shaman,restoration,144,71,73
Slowtem,draenor,1283,shaman,restoration,119,58,61
Ferome,kazzak,1282,shaman,restoration,96,49,47
Cømedian,ragnaros,1281,shaman,restoration,51,25,26
Voodz,nathrezim,1281,shaman,restoration,49,22,27
Harptwo,eredar,1280,shaman,restoration,59,33,26
Bluefacebaby,nemesis,1280,shaman,restoration,173,82,91
Rokatotem,ysondre,1279,shaman,restoration,27,14,13
Morty,tarren-mill,1279,shaman,restoration,59,27,32
Praise,auchindoun,1278,shaman,restoration,53,24,29
Chaminoune,sargeras,1278,shaman,restoration,48,21,27
Kraugug,archimonde,1277,shaman,restoration,44,24,20
Asaakira,blackmoore,1276,shaman,restoration,51,32,19
Deaslow,hyjal,1276,shaman,restoration,40,25,15
Dzseksz,ragnaros,1276,shaman,restoration,39,18,21
Tenny,haomarush,1276,shaman,restoration,54,20,34
Samantouz,archimonde,1275,shaman,restoration,150,70,80
Cahyr,ravencrest,1273,shaman,restoration,23,14,9
Stivishamy,blackmoore,1273,shaman,restoration,52,29,23
Buböta,sanguino,1273,shaman,restoration,44,17,27
Bomboclat,azjolnerub,1272,shaman,restoration,105,54,51
Áchilleus,kazzak,1272,shaman,restoration,54,23,31
Lorthargol,chamber-of-aspects,1272,shaman,restoration,42,17,25
Shôk,ravencrest,1271,shaman,restoration,74,37,37
Kivra,burning-legion,1271,shaman,restoration,107,46,61
Шайнинлайт,soulflayer,1271,shaman,restoration,107,42,65
Yslìn,khaz-modan,1271,shaman,restoration,41,14,27
Ishkadar,twisting-nether,1270,shaman,restoration,33,15,18
Nabo,archimonde,1270,shaman,restoration,52,22,30
Honollulu,drakthul,1269,shaman,restoration,42,23,19
Síqú,blackmoore,1269,shaman,restoration,36,19,17
Aldron,tirion,1269,shaman,restoration,57,30,27
Diya,karazhan,1268,shaman,restoration,132,57,75
Shamnox,blackrock,1267,shaman,restoration,60,34,26
Stormcaster,argent-dawn,1267,shaman,restoration,70,34,36
Oscar,khaz-modan,1267,shaman,restoration,48,23,25
Orcinterface,tarren-mill,1267,shaman,restoration,164,78,86
Shyrel,burning-legion,1267,shaman,restoration,202,96,106
Wayoa,defias-brotherhood,1264,shaman,restoration,24,18,6
Asumix,illidan,1263,shaman,restoration,89,44,45
Yuliy,arathor,1263,shaman,restoration,108,50,58
Hephaisto,defias-brotherhood,1262,shaman,restoration,36,21,15
Kelshaj,thrall,1262,shaman,restoration,33,15,18
Azifox,hyjal,1260,shaman,restoration,25,14,11
Leunam,draenor,1260,shaman,restoration,58,30,28
Dpgsevenk,kazzak,1258,shaman,restoration,41,22,19
Storqix,drakthul,1258,shaman,restoration,112,51,61
Munjar,korgall,1257,shaman,restoration,30,15,15
Doriana,dalaran,1257,shaman,restoration,119,55,64
Prøxxy,ravencrest,1256,shaman,restoration,37,16,21
Binslagala,zuljin,1254,shaman,restoration,24,16,8
Jävlajävel,draenor,1254,shaman,restoration,100,58,42
Panicsc,twisting-nether,1254,shaman,restoration,344,169,175
Эрутеон,deathguard,1254,shaman,restoration,144,63,81
Jimmybuffett,kazzak,1253,shaman,restoration,122,62,60
Vodoochild,hyjal,1253,shaman,restoration,91,38,53
Chartersham,silvermoon,1252,shaman,restoration,18,14,4
Ogrilza,uldaman,1252,shaman,restoration,136,74,62
Tilixs,draenor,1252,shaman,restoration,87,32,55
Weraeth,drakthul,1250,shaman,restoration,150,80,70
Фистинктотем,soulflayer,1250,shaman,restoration,122,62,60
Lolafløres,dun-modr,1249,shaman,restoration,59,42,17
Mosterx,stormscale,1249,shaman,restoration,93,54,39
Ðøminantx,stormscale,1249,shaman,restoration,55,28,27
Viallinen,stormreaver,1249,shaman,restoration,37,15,22
Chävaman,archimonde,1248,shaman,restoration,24,13,11
Shamtrix,drakthul,1248,shaman,restoration,77,34,43
Loppish,silvermoon,1247,shaman,restoration,72,42,30
Крэгнор,gordunni,1247,shaman,restoration,153,76,77
Mandoloriana,sylvanas,1247,shaman,restoration,108,50,58
Bìnary,ravencrest,1247,shaman,restoration,30,13,17
Puffeh,emeriss,1246,shaman,restoration,30,13,17
Руикси,howling-fjord,1246,shaman,restoration,30,13,17
Shamiinn,ravencrest,1245,shaman,restoration,24,13,11
Makaria,emerald-dream,1245,shaman,restoration,273,132,141
Îolar,aegwynn,1245,shaman,restoration,96,38,58
Kekke,uldum,1244,shaman,restoration,24,13,11
Shamdude,archimonde,1243,shaman,restoration,24,13,11
Watashij,outland,1243,shaman,restoration,69,36,33
Tosaá,antonidas,1243,shaman,restoration,30,14,16
Pokspoks,stormscale,1243,shaman,restoration,30,13,17
Ctpukek,ysondre,1242,shaman,restoration,41,23,18
Absot,dun-morogh,1242,shaman,restoration,24,13,11
Shammychris,argent-dawn,1242,shaman,restoration,30,13,17
Dgshîtdwarf,ravencrest,1242,shaman,restoration,30,13,17
Anlaki,silvermoon,1241,shaman,restoration,18,13,5
Kìra,darkmoon-faire,1241,shaman,restoration,65,34,31
Kryuxs,blackrock,1241,shaman,restoration,96,45,51
Sáltý,ravencrest,1241,shaman,restoration,30,14,16
Proxysham,the-maelstrom,1240,shaman,restoration,24,18,6
Djschamihaar,blackrock,1240,shaman,restoration,18,13,5
Spitta,ysondre,1240,shaman,restoration,24,13,11
Volwerin,blackhand,1240,shaman,restoration,24,13,11
Manitus,sylvanas,1240,shaman,restoration,64,33,31
Ríko,argent-dawn,1240,shaman,restoration,88,43,45
Modder,ragnaros,1239,shaman,restoration,24,13,11
Shioni,ravencrest,1239,shaman,restoration,151,68,83
Повор,soulflayer,1239,shaman,restoration,60,22,38
Lynox,ragnaros,1238,shaman,restoration,36,24,12
Gorël,sinstralis,1238,shaman,restoration,73,41,32
Дрекрош,howling-fjord,1238,shaman,restoration,89,36,53
Sîggý,eredar,1237,shaman,restoration,24,13,11
Thundersioux,ravencrest,1237,shaman,restoration,108,57,51
Nimos,drakthul,1237,shaman,restoration,36,13,23
Patlangoi,outland,1236,shaman,restoration,135,67,68
Woade,silvermoon,1236,shaman,restoration,60,28,32
Fulminare,ravencrest,1235,shaman,restoration,83,42,41
Корольшомен,gordunni,1234,shaman,restoration,24,14,10
Asschick,outland,1233,shaman,restoration,36,13,23
Blackone,destromath,1232,shaman,restoration,24,13,11
Althayr,blackmoore,1232,shaman,restoration,28,14,14
Kyaz,ravencrest,1231,shaman,restoration,30,15,15
Carnágé,blackrock,1230,shaman,restoration,48,27,21
Anakkynu,sylvanas,1230,shaman,restoration,31,14,17
Eomsham,magtheridon,1229,shaman,restoration,30,13,17
Zapymon,draenor,1229,shaman,restoration,42,18,24
Rakân,ysondre,1229,shaman,restoration,36,13,23
Zìik,draenor,1229,shaman,restoration,36,13,23
Sugardad,khaz-modan,1228,shaman,restoration,189,90,99
Shpankproof,kazzak,1228,shaman,restoration,30,13,17
Lumirecia,shadowsong,1227,shaman,restoration,30,13,17
Bigayak,blackrock,1226,shaman,restoration,21,14,7
Alexmiamosch,thrall,1226,shaman,restoration,78,48,30
Buchânan,archimonde,1226,shaman,restoration,41,13,28
Wieszcz,kazzak,1225,shaman,restoration,93,42,51
Clearwaters,tarren-mill,1225,shaman,restoration,40,14,26
Showman,archimonde,1224,shaman,restoration,383,186,197
Electrífied,outland,1223,shaman,restoration,108,42,66
Kavyzyoyo,twisting-nether,1222,shaman,restoration,71,31,40
Murmelï,stormreaver,1220,shaman,restoration,99,46,53
Schnessert,silvermoon,1220,shaman,restoration,30,13,17
Dinosaurer,outland,1219,shaman,restoration,18,13,5
Anyxxia,aegwynn,1219,shaman,restoration,56,21,35
Индигула,soulflayer,1219,shaman,restoration,59,18,41
Avattar,twisting-nether,1217,shaman,restoration,30,18,12
Максибончик,soulflayer,1217,shaman,restoration,54,26,28
Shèshe,uldaman,1216,shaman,restoration,54,30,24
Юляукраинка,gordunni,1216,shaman,restoration,55,24,31
Sickbrain,silvermoon,1216,shaman,restoration,45,19,26
Huldi,kazzak,1215,shaman,restoration,60,34,26
Викодиншама,howling-fjord,1215,shaman,restoration,30,16,14
Mosler,thunderhorn,1215,shaman,restoration,55,29,26
Kèlls,la-croisade-écarlate,1215,shaman,restoration,60,27,33
Sizzurp,mugthol,1214,shaman,restoration,24,13,11
Kuddjah,twisting-nether,1214,shaman,restoration,72,35,37
Suze,hellfire,1214,shaman,restoration,60,25,35
Kãitse,silvermoon,1212,shaman,restoration,42,20,22
Lavafrans,kazzak,1211,shaman,restoration,18,13,5
Mystico,sanguino,1211,shaman,restoration,42,15,27
Bïgdaddy,twisting-nether,1211,shaman,restoration,48,17,31
Sorcerus,burning-legion,1210,shaman,restoration,72,27,45
Быковат,booty-bay,1209,shaman,restoration,152,78,74
Kickvando,blackmoore,1209,shaman,restoration,44,22,22
Thuns,stormscale,1208,shaman,restoration,35,20,15
Nîckîî,aegwynn,1208,shaman,restoration,35,18,17
Shammynox,draenor,1208,shaman,restoration,30,14,16
Moonbotico,blackrock,1207,shaman,restoration,145,72,73
Xetri,ragnaros,1206,shaman,restoration,41,22,19
Morttes,burning-legion,1205,shaman,restoration,27,14,13
Jimkopf,eredar,1205,shaman,restoration,46,23,23
Nakenfeigy,stormreaver,1204,shaman,restoration,29,16,13
Pyxton,kazzak,1204,shaman,restoration,24,13,11
Бичпак,howling-fjord,1203,shaman,restoration,56,25,31
Icozy,stormscale,1202,shaman,restoration,51,27,24
Eduorde,silvermoon,1202,shaman,restoration,61,30,31
Mwnci,anachronos,1201,shaman,restoration,147,76,71
Mya,frostwolf,1201,shaman,restoration,29,14,15
Roxxo,frostwolf,1200,shaman,restoration,30,16,14
Klamen,kazzak,1200,shaman,restoration,36,17,19
Skenflewds,alakir,1200,shaman,restoration,117,47,70
Blöödfist,drakthul,1200,shaman,restoration,35,14,21
Нолькастов,soulflayer,1199,shaman,restoration,17,13,4
Kaletore,ragnaros,1198,shaman,restoration,78,42,36
Lechirurgien,elune,1198,shaman,restoration,137,68,69
Teccatwo,outland,1198,shaman,restoration,100,48,52
Новогор,soulflayer,1197,shaman,restoration,48,23,25
Gushgush,draenor,1196,shaman,restoration,30,17,13
Corbo,ysondre,1196,shaman,restoration,126,68,58
Chamon,grim-batol,1195,shaman,restoration,42,19,23
Gauss,agamaggan,1192,shaman,restoration,31,14,17
Sarenity,hellfire,1190,shaman,restoration,41,24,17
Thuknala,tarren-mill,1190,shaman,restoration,52,28,24
Silko,wrathbringer,1189,shaman,restoration,63,24,39
Yasunari,sanguino,1188,shaman,restoration,42,16,26
Axéron,blackhand,1187,shaman,restoration,48,22,26
Macchiavelli,blades-edge,1186,shaman,restoration,143,63,80
Манрото,soulflayer,1185,shaman,restoration,27,18,9
Saviothewise,aggra-português,1185,shaman,restoration,30,19,11
Hunorth,stormscale,1185,shaman,restoration,46,23,23
Iltis,nazjatar,1185,shaman,restoration,58,24,34
Kuiji,stormreaver,1184,shaman,restoration,154,84,70
Croku,thrall,1183,shaman,restoration,132,71,61
Oldrym,blackrock,1183,shaman,restoration,64,25,39
Baboss,blutkessel,1182,shaman,restoration,35,15,20
Insanebölt,ravencrest,1181,shaman,restoration,29,13,16
Târrocke,nethersturm,1181,shaman,restoration,54,24,30
Shexy,the-maelstrom,1181,shaman,restoration,72,25,47
Nanolasso,anubarak,1181,shaman,restoration,38,13,25
Bigschamlipp,blackhand,1180,shaman,restoration,23,13,10
Honorqi,sylvanas,1180,shaman,restoration,111,44,67
Bigrambo,draenor,1179,shaman,restoration,89,48,41
Biztor,jaedenar,1178,shaman,restoration,48,26,22
Darnok,quelthalas,1178,shaman,restoration,66,32,34
Rêêza,blackhand,1177,shaman,restoration,66,35,31
Thundrkrakn,blackhand,1177,shaman,restoration,77,39,38
Scàráth,eredar,1177,shaman,restoration,33,13,20
Egí,azshara,1177,shaman,restoration,38,14,24
Shacharcaspi,blackmoore,1177,shaman,restoration,55,20,35
Kvekkis,argent-dawn,1175,shaman,restoration,30,17,13
Merkàba,pozzo-delleternità,1174,shaman,restoration,91,42,49
Buzzingsham,tarren-mill,1173,shaman,restoration,98,48,50
Baelee,sylvanas,1173,shaman,restoration,151,72,79
Goodmañ,eonar,1170,shaman,restoration,122,52,70
Tegellera,ravencrest,1168,shaman,restoration,53,27,26
Chadshaman,antonidas,1166,shaman,restoration,91,37,54
Kongapenes,tarren-mill,1165,shaman,restoration,42,23,19
Dwarfofwar,ravencrest,1165,shaman,restoration,80,43,37
Goreflame,argent-dawn,1160,shaman,restoration,29,15,14
Bèx,twisting-nether,1159,shaman,restoration,30,13,17
Pituu,tarren-mill,1158,shaman,restoration,36,15,21
Shinui,twisting-nether,1157,shaman,restoration,51,26,25
Spørc,ragnaros,1156,shaman,restoration,130,63,67
Knasta,malygos,1156,shaman,restoration,42,20,22
Xerijan,pozzo-delleternità,1156,shaman,restoration,108,50,58
Paniio,stormscale,1156,shaman,restoration,48,20,28
Mostachin,dun-modr,1155,shaman,restoration,64,28,36
Undin,burning-legion,1154,shaman,restoration,90,50,40
Khanokekw,twisting-nether,1154,shaman,restoration,136,74,62
Alcam,twisting-nether,1154,shaman,restoration,77,33,44
Berly,stormscale,1152,shaman,restoration,18,12,6
Olînours,archimonde,1152,shaman,restoration,36,20,16
Invades,shattered-hand,1152,shaman,restoration,24,12,12
Терату,gordunni,1152,shaman,restoration,24,12,12
Kalhoznik,ravencrest,1152,shaman,restoration,24,12,12
Snovii,drakthul,1152,shaman,restoration,30,12,18
Snackerella,blackrock,1151,shaman,restoration,18,12,6
Helloimblue,blackmoore,1151,shaman,restoration,18,12,6
Enchancement,ragnaros,1151,shaman,restoration,18,12,6
Scriptx,blackmoore,1151,shaman,restoration,24,12,12
Giuliah,ravencrest,1151,shaman,restoration,24,12,12
Zelent,thrall,1150,shaman,restoration,18,12,6
Souqixo,drakthul,1150,shaman,restoration,18,12,6
Hohedichte,amanthul,1150,shaman,restoration,18,12,6
Дисмон,ashenvale,1150,shaman,restoration,78,40,38
Chimey,frostmane,1150,shaman,restoration,24,12,12
Фатнир,soulflayer,1150,shaman,restoration,24,12,12
Sparkygrill,eredar,1150,shaman,restoration,24,12,12
Poggsham,twisting-nether,1150,shaman,restoration,68,32,36
Lolalovexo,kazzak,1150,shaman,restoration,30,14,16
Killatotem,kazzak,1150,shaman,restoration,30,12,18
Balthasa,blackhand,1149,shaman,restoration,18,12,6
Ампулаикс,gordunni,1149,shaman,restoration,24,12,12
Woopiedoopie,silvermoon,1149,shaman,restoration,24,12,12
Rëazx,archimonde,1149,shaman,restoration,24,12,12
Bolg,veklor,1149,shaman,restoration,30,12,18
Blamy,auchindoun,1148,shaman,restoration,18,12,6
Kaherad,antonidas,1148,shaman,restoration,72,33,39
Xêra,burning-legion,1147,shaman,restoration,22,13,9
Starterkit,ravencrest,1147,shaman,restoration,30,12,18
Kärríegold,blackrock,1146,shaman,restoration,18,12,6
Brâshô,frostwolf,1146,shaman,restoration,34,18,16
Nftkal,emerald-dream,1146,shaman,restoration,65,31,34
Kemh,nemesis,1146,shaman,restoration,30,12,18
Vælcya,archimonde,1145,shaman,restoration,24,12,12
Ophís,ambossar,1145,shaman,restoration,24,12,12
Phobophobia,archimonde,1145,shaman,restoration,24,12,12
Tvättpåse,tarren-mill,1144,shaman,restoration,18,12,6
Kuse,anubarak,1144,shaman,restoration,30,12,18
Unraedorc,twisting-nether,1144,shaman,restoration,30,12,18
Drman,shattered-hand,1143,shaman,restoration,60,33,27
Ibkdalen,stormscale,1143,shaman,restoration,54,28,26
Lynesse,ragnaros,1142,shaman,restoration,18,12,6
Bliksem,tarren-mill,1142,shaman,restoration,24,12,12
Lumière,alonsus,1141,shaman,restoration,24,12,12
Навылет,soulflayer,1141,shaman,restoration,24,12,12
Trünk,arathi,1141,shaman,restoration,66,21,45
Nafay,lordaeron,1140,shaman,restoration,78,39,39
Ошибся,deathguard,1140,shaman,restoration,90,42,48
Bruhin,ravencrest,1140,shaman,restoration,48,16,32
Clips,frostmane,1138,shaman,restoration,30,12,18
Nephylim,grim-batol,1136,shaman,restoration,24,12,12
Laïnàà,archimonde,1136,shaman,restoration,65,27,38
Шаманнутая,gordunni,1133,shaman,restoration,30,12,18
Spaceboy,archimonde,1133,shaman,restoration,30,12,18
Sërka,cthun,1133,shaman,restoration,56,20,36
Cromosoma,dun-modr,1132,shaman,restoration,86,49,37
Omgodofwar,burning-blade,1132,shaman,restoration,90,33,57
Arabesk,arygos,1130,shaman,restoration,108,50,58
Aviearn,ragnaros,1128,shaman,restoration,42,23,19
Zkalman,kazzak,1128,shaman,restoration,29,15,14
Orchal,defias-brotherhood,1128,shaman,restoration,24,12,12
Ricid,nerathor,1128,shaman,restoration,30,12,18
Profylax,arathor,1127,shaman,restoration,48,24,24
Riverwin,silvermoon,1124,shaman,restoration,42,23,19
Vimra,blackhand,1124,shaman,restoration,53,18,35
Stormred,blackmoore,1123,shaman,restoration,24,13,11
Ivaccineyou,blackmoore,1123,shaman,restoration,30,15,15
Bullit,zuljin,1123,shaman,restoration,74,31,43
Bendimina,chogall,1120,shaman,restoration,18,12,6
Størmbølt,draenor,1120,shaman,restoration,114,49,65
Nesjâ,blackhand,1120,shaman,restoration,30,12,18
Temeres,drakthul,1119,shaman,restoration,30,15,15
Ulfom,silvermoon,1118,shaman,restoration,58,27,31
Shámpaín,outland,1118,shaman,restoration,55,23,32
Zendrox,aegwynn,1117,shaman,restoration,30,14,16
Smyke,magtheridon,1116,shaman,restoration,96,51,45
Рёнтар,howling-fjord,1116,shaman,restoration,36,19,17
Nazantìa,hyjal,1116,shaman,restoration,65,33,32
Grimnyr,onyxia,1115,shaman,restoration,30,12,18
Raincaller,archimonde,1115,shaman,restoration,35,12,23
Shyyfu,kazzak,1114,shaman,restoration,18,12,6
Checkpoint,defias-brotherhood,1114,shaman,restoration,84,44,40
Aveet,kazzak,1113,shaman,restoration,24,12,12
Понбарон,gordunni,1113,shaman,restoration,46,19,27
Suntpraf,kazzak,1113,shaman,restoration,41,16,25
Hayvack,hyjal,1112,shaman,restoration,56,28,28
Magmera,argent-dawn,1112,shaman,restoration,200,92,108
Nazgréll,tarren-mill,1107,shaman,restoration,41,19,22
Alø,blackrock,1106,shaman,restoration,42,18,24
Säphïr,hyjal,1105,shaman,restoration,22,13,9
Maflas,dun-modr,1104,shaman,restoration,43,24,19
Jhaky,dun-modr,1099,shaman,restoration,36,13,23
Shakgor,draenor,1097,shaman,restoration,72,41,31
Demelena,silvermoon,1096,shaman,restoration,147,81,66
Ominos,stormscale,1096,shaman,restoration,24,13,11
Zerwurster,thrall,1094,shaman,restoration,60,30,30
Rusbeermen,silvermoon,1094,shaman,restoration,47,13,34
Tomtefaan,sylvanas,1093,shaman,restoration,36,19,17
Alakan,saurfang,1093,shaman,restoration,140,65,75
Xoxoxoxoa,twisting-nether,1091,shaman,restoration,118,47,71
Hazufel,kaelthas,1090,shaman,restoration,50,23,27
Gotreck,zuljin,1086,shaman,restoration,36,13,23
Mufzo,draenor,1086,shaman,restoration,47,16,31
Aénéas,twisting-nether,1084,shaman,restoration,30,12,18
Sneggels,wrathbringer,1083,shaman,restoration,74,35,39
Spartecøbra,dalaran,1083,shaman,restoration,36,16,20
Elunaxcc,eredar,1081,shaman,restoration,37,24,13
Arienus,turalyon,1081,shaman,restoration,22,12,10
Bennycooch,silvermoon,1081,shaman,restoration,107,42,65
Kasálla,aegwynn,1080,shaman,restoration,28,14,14
Akimboo,kilrogg,1076,shaman,restoration,42,13,29
Durekk,tarren-mill,1075,shaman,restoration,22,12,10
Shamandeadly,aggra-português,1075,shaman,restoration,24,12,12
Kéimohansio,draenor,1074,shaman,restoration,324,146,178
Rórekk,aegwynn,1074,shaman,restoration,42,18,24
Broner,ravencrest,1070,shaman,restoration,104,54,50
Shamone,stormreaver,1070,shaman,restoration,35,16,19
Holshammy,nemesis,1069,shaman,restoration,96,40,56
Bigwa,dun-morogh,1068,shaman,restoration,53,32,21
Эйвуа,gordunni,1068,shaman,restoration,89,45,44
Милжон,soulflayer,1067,shaman,restoration,99,55,44
Thenasil,stormscale,1067,shaman,restoration,76,33,43
Protv,ravencrest,1066,shaman,restoration,36,24,12
Lòómit,anetheron,1066,shaman,restoration,83,41,42
Quîn,defias-brotherhood,1066,shaman,restoration,102,48,54
Skeltar,gilneas,1066,shaman,restoration,125,49,76
Zuggerberg,defias-brotherhood,1063,shaman,restoration,33,12,21
Кислыйсоус,gordunni,1062,shaman,restoration,66,32,34
Милыйдорогой,soulflayer,1061,shaman,restoration,36,14,22
Hikigane,marécage-de-zangar,1061,shaman,restoration,48,17,31
Чоколав,howling-fjord,1057,shaman,restoration,60,32,28
Mantoon,doomhammer,1057,shaman,restoration,42,17,25
Socialfailur,archimonde,1056,shaman,restoration,18,11,7
Elmezz,outland,1056,shaman,restoration,18,11,7
Rôwdy,kazzak,1056,shaman,restoration,24,11,13
Recov,draenor,1056,shaman,restoration,28,11,17
Drmanathan,garona,1055,shaman,restoration,18,11,7
Yashëa,ysondre,1055,shaman,restoration,18,11,7
Zuly,grim-batol,1055,shaman,restoration,18,11,7
Vulkan,kirin-tor,1055,shaman,restoration,54,25,29
Gromaburst,stormscale,1055,shaman,restoration,24,11,13
Blipster,tarren-mill,1055,shaman,restoration,24,11,13
Icecold,grim-batol,1055,shaman,restoration,24,11,13
Krolhok,hyjal,1055,shaman,restoration,24,11,13
Infinitetide,doomhammer,1055,shaman,restoration,24,11,13
Lanzatotems,dun-modr,1055,shaman,restoration,93,42,51
Nervii,stormscale,1054,shaman,restoration,12,11,1
Ehrling,ysondre,1054,shaman,restoration,30,16,14
Elshamino,ravencrest,1054,shaman,restoration,24,11,13
Ixthus,varimathras,1054,shaman,restoration,24,11,13
Mckoy,kazzak,1054,shaman,restoration,24,11,13
Blóúb,blackmoore,1054,shaman,restoration,24,11,13
Nyfario,marécage-de-zangar,1054,shaman,restoration,24,11,13
Sweetpea,antonidas,1054,shaman,restoration,24,11,13
Mêrowinger,blackhand,1054,shaman,restoration,24,11,13
Ironbeard,daggerspine,1054,shaman,restoration,53,23,30
Tiddles,arathor,1053,shaman,restoration,18,11,7
Тотембот,soulflayer,1053,shaman,restoration,24,11,13
Salatmayoo,alakir,1053,shaman,restoration,27,12,15
Hyflex,alakir,1053,shaman,restoration,30,11,19
Kswíss,outland,1052,shaman,restoration,21,13,8
Zourià,archimonde,1052,shaman,restoration,30,11,19
Kelvok,silvermoon,1051,shaman,restoration,18,11,7
Rouwa,korgall,1051,shaman,restoration,18,11,7
Fivezax,tarren-mill,1051,shaman,restoration,53,27,26
Zackboing,thrall,1051,shaman,restoration,75,38,37
Aliates,sanguino,1051,shaman,restoration,24,11,13
Ðevi,ravencrest,1051,shaman,restoration,24,11,13
Kíkjo,aegwynn,1050,shaman,restoration,18,11,7
Booga,tarren-mill,1050,shaman,restoration,32,11,21
Оперочек,howling-fjord,1050,shaman,restoration,42,12,30
Пончо,booty-bay,1049,shaman,restoration,119,56,63
Fatotato,outland,1049,shaman,restoration,24,11,13
Cottoneyejoe,alexstrasza,1049,shaman,restoration,36,11,25
Esal,blackrock,1048,shaman,restoration,18,11,7
Zahké,stormscale,1048,shaman,restoration,24,11,13
Tuorak,eredar,1048,shaman,restoration,24,11,13
Bakuga,ragnaros,1047,shaman,restoration,18,11,7
Tyralià,draenor,1046,shaman,restoration,18,11,7
Анашишка,borean-tundra,1046,shaman,restoration,30,11,19
Towokk,kazzak,1045,shaman,restoration,54,31,23
Adubsham,tarren-mill,1043,shaman,restoration,12,11,1
Umgrall,archimonde,1042,shaman,restoration,66,27,39
Begeshaman,sylvanas,1040,shaman,restoration,396,184,212
Garifus,dun-modr,1038,shaman,restoration,180,93,87
Syreer,silvermoon,1038,shaman,restoration,32,14,18
Silktotems,kazzak,1038,shaman,restoration,66,25,41
Idkteam,stormscale,1037,shaman,restoration,24,11,13
Slutie,stormscale,1036,shaman,restoration,23,11,12
Флафен,howling-fjord,1035,shaman,restoration,30,15,15
Eliteblood,kazzak,1034,shaman,restoration,30,21,9
Symy,draenor,1031,shaman,restoration,63,30,33
Arles,dun-modr,1031,shaman,restoration,30,12,18
Moglibard,grim-batol,1028,shaman,restoration,18,11,7
Thunderjax,laughing-skull,1028,shaman,restoration,40,21,19
Totembse,silvermoon,1028,shaman,restoration,30,11,19
Jeezy,blackhand,1027,shaman,restoration,30,11,19
Abuzay,medivh,1026,shaman,restoration,18,11,7
Mearu,bronze-dragonflight,1026,shaman,restoration,54,32,22
Kundi,nazjatar,1026,shaman,restoration,24,11,13
Лялори,gordunni,1025,shaman,restoration,60,28,32
Ипа,thermaplugg,1023,shaman,restoration,59,16,43
Pstpstpsst,azjolnerub,1022,shaman,restoration,29,11,18
Snidge,moonglade,1021,shaman,restoration,36,23,13
Numdog,stormreaver,1021,shaman,restoration,23,11,12
Daseus,malygos,1021,shaman,restoration,30,14,16
Hexinreflect,silvermoon,1021,shaman,restoration,96,41,55
Lemontea,burning-blade,1020,shaman,restoration,84,32,52
Вашнюхтоптал,howling-fjord,1018,shaman,restoration,30,17,13
Grîzzou,les-clairvoyants,1018,shaman,restoration,48,27,21
Магмарончик,gordunni,1017,shaman,restoration,60,24,36
Морпат,soulflayer,1014,shaman,restoration,40,19,21
Сорнинай,soulflayer,1013,shaman,restoration,65,28,37
Cukkerberg,ragnaros,1010,shaman,restoration,48,19,29
Totemglad,drakthul,1007,shaman,restoration,15,12,3
Jøw,dun-modr,1007,shaman,restoration,96,57,39
Blainehammer,arathor,1006,shaman,restoration,30,12,18
Saamjai,turalyon,1005,shaman,restoration,30,17,13
Samant,neptulon,1004,shaman,restoration,72,36,36
Bluelasso,ysondre,1002,shaman,restoration,35,11,24
Darkkshammy,silvermoon,1001,shaman,restoration,24,12,12
Soyungordoqt,sanguino,1000,shaman,restoration,20,12,8
Polystrath,silvermoon,1000,shaman,restoration,76,37,39
Kissmepls,tarren-mill,999,shaman,restoration,26,12,14
Valdraxx,ravencrest,997,shaman,restoration,207,104,103
Grøzel,illidan,997,shaman,restoration,23,11,12
Xenda,blackrock,997,shaman,restoration,36,16,20
Totemkin,stormscale,997,shaman,restoration,84,21,63
Manush,aszune,996,shaman,restoration,42,17,25
Skunazo,sanguino,995,shaman,restoration,18,14,4
Shinigamy,kazzak,995,shaman,restoration,68,35,33
Kanuw,kilrogg,993,shaman,restoration,75,41,34
Мезонет,soulflayer,992,shaman,restoration,24,13,11
Trixsham,ragnaros,990,shaman,restoration,29,13,16
Saarroo,ravencrest,990,shaman,restoration,123,51,72
Gharn,sanguino,990,shaman,restoration,28,11,17
Haginathor,twisting-nether,989,shaman,restoration,78,41,37
Shøckz,azjolnerub,986,shaman,restoration,36,18,18
Aurelindae,silvermoon,986,shaman,restoration,42,17,25
Ariekanarie,ravencrest,984,shaman,restoration,36,15,21
Qusek,turalyon,982,shaman,restoration,284,144,140
Thaun,blackrock,981,shaman,restoration,36,14,22
Shamaray,stormscale,980,shaman,restoration,26,11,15
Teada,aegwynn,980,shaman,restoration,34,12,22
Ambrosioss,kazzak,975,shaman,restoration,30,17,13
Patites,twisting-nether,974,shaman,restoration,42,23,19
Shadî,kiljaeden,972,shaman,restoration,33,14,19
Quòr,antonidas,971,shaman,restoration,89,46,43
Devosham,blackrock,971,shaman,restoration,22,11,11
Schamannen,outland,970,shaman,restoration,43,23,20
Кезара,razuvious,970,shaman,restoration,30,11,19
Hemsihammer,ysondre,965,shaman,restoration,23,11,12
Gnomekiller,alonsus,961,shaman,restoration,42,12,30
Qobq,ravencrest,960,shaman,restoration,12,10,2
Çare,drakthul,960,shaman,restoration,18,10,8
Gotta,dethecus,960,shaman,restoration,18,10,8
Öyama,sinstralis,960,shaman,restoration,18,10,8
Teldariane,archimonde,960,shaman,restoration,18,10,8
Horïons,dalaran,960,shaman,restoration,18,10,8
Снупдоггидог,howling-fjord,960,shaman,restoration,24,10,14
Зачикинимся,howling-fjord,960,shaman,restoration,24,10,14
Thrallmom,ravencrest,960,shaman,restoration,24,10,14
Adrixxøn,burning-legion,960,shaman,restoration,36,10,26
Aylookitsgam,magtheridon,959,shaman,restoration,12,10,2
Hyperieon,antonidas,959,shaman,restoration,12,10,2
Kaátori,eredar,959,shaman,restoration,12,10,2
Blyxuhm,argent-dawn,959,shaman,restoration,12,10,2
Fourtwogodx,kazzak,959,shaman,restoration,12,10,2
Sunjay,frostwolf,959,shaman,restoration,12,10,2
Ðtxkeks,onyxia,959,shaman,restoration,13,10,3
Ånny,blackmoore,959,shaman,restoration,18,10,8
Kilazz,twisting-nether,959,shaman,restoration,18,10,8
Friski,silvermoon,959,shaman,restoration,18,10,8
Bauch,tichondrius,959,shaman,restoration,18,10,8
Dreamon,culte-de-la-rive-noire,959,shaman,restoration,18,10,8
Crysisx,sanguino,959,shaman,restoration,18,10,8
Qoleck,aegwynn,959,shaman,restoration,18,10,8
Frise,archimonde,959,shaman,restoration,24,12,12
Loay,blackrock,959,shaman,restoration,24,10,14
Amnéshaman,ysondre,959,shaman,restoration,24,10,14
Hacyria,archimonde,958,shaman,restoration,42,24,18
Páracetamol,blackmoore,958,shaman,restoration,18,10,8
Bosskwtt,kazzak,958,shaman,restoration,18,10,8
Shamanistick,grim-batol,958,shaman,restoration,18,10,8
Jilyu,blackmoore,958,shaman,restoration,18,10,8
Nozer,arathor,958,shaman,restoration,44,22,22
Fjås,stormscale,958,shaman,restoration,22,11,11
Arîya,blackrock,958,shaman,restoration,33,11,22
Tinyboiler,stormscale,958,shaman,restoration,30,10,20
Nerdshammyx,tarren-mill,957,shaman,restoration,12,10,2
Hakunax,twisting-nether,957,shaman,restoration,18,10,8
Stardawg,runetotem,957,shaman,restoration,25,10,15
Mantits,stormscale,956,shaman,restoration,18,10,8
Rotuluss,stormrage,956,shaman,restoration,24,10,14
Xentic,kazzak,956,shaman,restoration,24,10,14
Drakahaar,burning-blade,956,shaman,restoration,30,10,20
Zulwin,hyjal,954,shaman,restoration,18,10,8
Shagrax,anubarak,954,shaman,restoration,24,10,14
Kasjer,ravencrest,953,shaman,restoration,24,10,14
Myscarface,draenor,953,shaman,restoration,24,10,14
Xadishaman,blackrock,951,shaman,restoration,18,10,8
Titavio,twisting-nether,950,shaman,restoration,18,10,8
Shámpain,antonidas,950,shaman,restoration,18,10,8
Mcdz,blackrock,948,shaman,restoration,24,13,11
Дартарион,gordunni,947,shaman,restoration,38,14,24
Thopeur,ysondre,947,shaman,restoration,30,10,20
Similar,the-maelstrom,946,shaman,restoration,30,12,18
Thundertail,ragnaros,946,shaman,restoration,36,10,26
Xpone,blackrock,945,shaman,restoration,42,18,24
Lowhpqt,blackrock,943,shaman,restoration,12,10,2
Rhastasha,archimonde,941,shaman,restoration,24,10,14
Эрэвия,gordunni,939,shaman,restoration,24,13,11
Cellae,guldan,938,shaman,restoration,89,39,50
Тутулиб,howling-fjord,937,shaman,restoration,42,10,32
Katwio,hyjal,935,shaman,restoration,32,13,19
Дрфэка,soulflayer,934,shaman,restoration,57,18,39
Smö,kazzak,931,shaman,restoration,18,10,8
Earthliving,zuljin,931,shaman,restoration,30,10,20
Bullvai,dun-morogh,929,shaman,restoration,74,34,40
Goldva,outland,928,shaman,restoration,79,42,37
Shocktastic,blackmoore,926,shaman,restoration,22,10,12
Briindead,archimonde,925,shaman,restoration,18,10,8
Zeidek,nemesis,922,shaman,restoration,60,33,27
Asashi,blackhand,917,shaman,restoration,23,12,11
Dasce,sylvanas,916,shaman,restoration,42,16,26
Ntø,ravencrest,912,shaman,restoration,15,11,4
Jabena,draenor,910,shaman,restoration,106,48,58
Realiz,ysondre,909,shaman,restoration,22,10,12
Yeháw,kazzak,906,shaman,restoration,16,12,4
Kircos,blackrock,904,shaman,restoration,27,11,16
Suculenta,zuljin,902,shaman,restoration,41,19,22
Ninfómano,sanguino,901,shaman,restoration,36,10,26
Georgianaa,skullcrusher,900,shaman,restoration,84,40,44
Nexolok,alleria,899,shaman,restoration,60,32,28
Алимика,deathguard,899,shaman,restoration,24,12,12
Thunderberg,antonidas,896,shaman,restoration,30,12,18
Notlinus,argent-dawn,895,shaman,restoration,14,10,4
Yàra,throkferoth,895,shaman,restoration,72,35,37
Мке,howling-fjord,894,shaman,restoration,35,14,21
Ухмылк,azuregos,892,shaman,restoration,201,106,95
Whatsup,aggramar,892,shaman,restoration,28,11,17
Ominouslove,twisting-nether,887,shaman,restoration,113,52,61
Deesham,blackmoore,885,shaman,restoration,26,10,16
Robgon,aggra-português,884,shaman,restoration,47,20,27
Vukroth,argent-dawn,879,shaman,restoration,72,34,38
Hañìaránì,draenor,877,shaman,restoration,15,11,4
Qyo,throkferoth,877,shaman,restoration,18,10,8
Fashess,sunstrider,875,shaman,restoration,18,10,8
Gerlo,thrall,868,shaman,restoration,36,15,21
Mysterqt,nemesis,864,shaman,restoration,12,9,3
Enviø,sylvanas,864,shaman,restoration,12,9,3
Shiliwhip,the-maelstrom,864,shaman,restoration,12,9,3
Nstéa,zuljin,864,shaman,restoration,12,9,3
Coldain,zuljin,864,shaman,restoration,12,9,3
Nimbs,tarren-mill,864,shaman,restoration,18,9,9
Metamorflord,ravencrest,864,shaman,restoration,18,9,9
Zergonk,twisting-nether,864,shaman,restoration,18,9,9
Nothexy,stormscale,864,shaman,restoration,18,9,9
Raintlordx,twisting-nether,864,shaman,restoration,18,9,9
Defonceboby,archimonde,864,shaman,restoration,18,9,9
Феанорситх,gordunni,864,shaman,restoration,18,9,9
Shounx,hyjal,864,shaman,restoration,18,9,9
Drakamaa,ravencrest,864,shaman,restoration,24,9,15
Oningodx,drakthul,864,shaman,restoration,24,9,15
Shamantistik,ravencrest,863,shaman,restoration,12,9,3
Gorrissen,sylvanas,863,shaman,restoration,12,9,3
Bredex,doomhammer,863,shaman,restoration,18,9,9
Fupx,the-maelstrom,863,shaman,restoration,18,9,9
Alroq,blackrock,863,shaman,restoration,18,9,9
Bobaléh,ravencrest,863,shaman,restoration,18,9,9
Дочьшефа,gordunni,863,shaman,restoration,18,9,9
Dréa,draenor,863,shaman,restoration,18,9,9
Loktarogar,sunstrider,863,shaman,restoration,24,9,15
Floki,emerald-dream,863,shaman,restoration,24,9,15
Zyphiz,twisting-nether,863,shaman,restoration,24,9,15
Ruffin,stormscale,863,shaman,restoration,24,9,15
Thanasiss,kazzak,863,shaman,restoration,24,9,15
Naphe,ysondre,863,shaman,restoration,30,9,21
Милыйдед,gordunni,863,shaman,restoration,36,9,27
Бронепароход,soulflayer,862,shaman,restoration,12,9,3
Spammail,argent-dawn,862,shaman,restoration,12,9,3
Aredin,ysera,862,shaman,restoration,12,9,3
Lillkrutarn,tarren-mill,862,shaman,restoration,12,9,3
Frecky,blackhand,862,shaman,restoration,12,9,3
Электро,thermaplugg,862,shaman,restoration,18,9,9
Onionz,stormreaver,862,shaman,restoration,18,9,9
Алтезка,blackscar,862,shaman,restoration,18,9,9
Kaffekask,stormscale,862,shaman,restoration,18,9,9
Pprx,tarren-mill,862,shaman,restoration,24,9,15
Эндипёсель,ashenvale,861,shaman,restoration,12,9,3
Yánux,aegwynn,861,shaman,restoration,12,9,3
Shamanopaf,tarren-mill,861,shaman,restoration,18,9,9
Matsudah,ragnaros,861,shaman,restoration,18,9,9
Boljin,conseil-des-ombres,861,shaman,restoration,24,9,15
Zippidizap,ulduar,861,shaman,restoration,24,9,15
Amu,ravencrest,860,shaman,restoration,18,9,9
Cristhor,nemesis,859,shaman,restoration,18,9,9
Kosur,kazzak,859,shaman,restoration,18,9,9
Stkk,ravencrest,859,shaman,restoration,98,46,52
Schläck,outland,859,shaman,restoration,24,9,15
Коляхекс,gordunni,859,shaman,restoration,24,9,15
Sunsham,illidan,858,shaman,restoration,18,9,9
Førcemajeure,kazzak,858,shaman,restoration,18,9,9
Kamichami,sanguino,857,shaman,restoration,24,9,15
Bandyy,magtheridon,857,shaman,restoration,24,9,15
Xavií,blackmoore,857,shaman,restoration,29,9,20
Wakka,wildhammer,856,shaman,restoration,42,12,30
Kledorchick,twisting-nether,855,shaman,restoration,39,9,30
Gleggy,turalyon,854,shaman,restoration,12,9,3
Tidors,burning-legion,854,shaman,restoration,18,9,9
Aiuto,archimonde,854,shaman,restoration,18,9,9
Joniks,stormscale,852,shaman,restoration,54,15,39
Isak,ravencrest,852,shaman,restoration,36,9,27
Picklechris,tarren-mill,851,shaman,restoration,24,10,14
Notwhoheals,executus,851,shaman,restoration,24,9,15
Psyforce,argent-dawn,850,shaman,restoration,12,9,3
Deviantsham,tarren-mill,848,shaman,restoration,109,38,71
Duodin,defias-brotherhood,839,shaman,restoration,18,9,9
Ayesapik,dalaran,831,shaman,restoration,58,28,30
Quigon,burning-legion,831,shaman,restoration,54,25,29
Jeqs,twisting-nether,830,shaman,restoration,14,10,4
Mysapphie,kazzak,830,shaman,restoration,22,10,12
Soramat,aegwynn,830,shaman,restoration,23,9,14
Killhorn,malganis,827,shaman,restoration,36,13,23
Stormzug,twisting-nether,826,shaman,restoration,20,10,10
Madrävëngodx,ragnaros,826,shaman,restoration,29,9,20
Pfannakuacha,alleria,824,shaman,restoration,14,10,4
Foxfyre,tarren-mill,823,shaman,restoration,29,12,17
Marranota,cthun,821,shaman,restoration,21,10,11
Kebandar,stormscale,821,shaman,restoration,42,16,26
Killeras,deathwing,819,shaman,restoration,66,29,37
Chokeonme,blackrock,817,shaman,restoration,78,41,37
Lk,twilights-hammer,815,shaman,restoration,15,10,5
Aspên,archimonde,815,shaman,restoration,17,9,8
Randomshamx,ravencrest,815,shaman,restoration,17,9,8
Kuubskii,ravencrest,815,shaman,restoration,17,9,8
Tolatide,blackhand,815,shaman,restoration,21,9,12
Télapou,ragnaros,813,shaman,restoration,17,9,8
Bountiti,dun-modr,810,shaman,restoration,18,10,8
Шаманчонушка,thermaplugg,810,shaman,restoration,62,24,38
Crixuss,argent-dawn,809,shaman,restoration,17,9,8
Gigasham,azjolnerub,809,shaman,restoration,30,9,21
Neejtjak,ravencrest,808,shaman,restoration,25,10,15
Quïzzly,ragnaros,807,shaman,restoration,30,10,20
Nøxylol,veklor,805,shaman,restoration,28,10,18
Jecastyle,sanguino,803,shaman,restoration,20,10,10
Isìs,norgannon,801,shaman,restoration,130,51,79
Jojos,eredar,799,shaman,restoration,16,9,7
Feizhousa,outland,799,shaman,restoration,26,9,17
Thym,argent-dawn,797,shaman,restoration,153,58,95
Smugleaf,frostmane,793,shaman,restoration,30,9,21
Xilquid,darksorrow,791,shaman,restoration,27,10,17
Greenguard,argent-dawn,787,shaman,restoration,94,31,63
Waskoelement,archimonde,786,shaman,restoration,58,31,27
Abøriginal,kazzak,783,shaman,restoration,11,9,2
Shàwyn,sylvanas,782,shaman,restoration,17,9,8
Lillitthya,elune,779,shaman,restoration,80,33,47
Ongedierte,tarren-mill,774,shaman,restoration,18,10,8
Ivnashaman,drakthul,768,shaman,restoration,12,8,4
Vulthog,draenor,768,shaman,restoration,12,8,4
Pank,kazzak,768,shaman,restoration,12,8,4
Vërÿßåðxd,silvermoon,768,shaman,restoration,12,8,4
Toteemikylpy,argent-dawn,768,shaman,restoration,12,8,4
Alorrii,tarren-mill,768,shaman,restoration,12,8,4
Vibesham,outland,768,shaman,restoration,12,8,4
Leykosh,ravencrest,768,shaman,restoration,12,8,4
Yacuzwerg,blackrock,768,shaman,restoration,12,8,4
Mustabrutus,tarren-mill,768,shaman,restoration,16,9,7
Qwázú,silvermoon,768,shaman,restoration,18,8,10
Экспл,ashenvale,768,shaman,restoration,18,8,10
Linkxz,sylvanas,768,shaman,restoration,18,8,10
Djsheargødx,twisting-nether,768,shaman,restoration,18,8,10
Nøraa,ravencrest,768,shaman,restoration,18,8,10
Dosenöffner,gorgonnash,768,shaman,restoration,21,9,12
Taste,cthun,768,shaman,restoration,24,8,16
Pooga,archimonde,768,shaman,restoration,30,8,22
Karezza,azjolnerub,767,shaman,restoration,12,8,4
Mentaldead,draenor,767,shaman,restoration,12,8,4
Хъюстэн,gordunni,767,shaman,restoration,12,8,4
Dapawz,defias-brotherhood,767,shaman,restoration,12,8,4
Brimley,emerald-dream,767,shaman,restoration,12,8,4
Khraajsy,sylvanas,767,shaman,restoration,12,8,4
Айскримтрак,gordunni,767,shaman,restoration,12,8,4
Berasham,dalaran,767,shaman,restoration,12,8,4
Løktarøgàr,archimonde,767,shaman,restoration,18,8,10
Aliatës,sanguino,767,shaman,restoration,18,8,10
Iwaa,dalaran,767,shaman,restoration,18,8,10
Gungo,deathwing,767,shaman,restoration,18,8,10
Zappyhog,turalyon,767,shaman,restoration,18,8,10
Quinlàn,ravencrest,767,shaman,restoration,18,8,10
Hàrdstûkgødx,uldaman,767,shaman,restoration,18,8,10
Inyra,eredar,767,shaman,restoration,18,8,10
Lycburst,twisting-nether,767,shaman,restoration,24,8,16
Robbie,dentarg,766,shaman,restoration,12,8,4
Джоукх,howling-fjord,766,shaman,restoration,12,8,4
Mynutz,outland,766,shaman,restoration,12,8,4
Eero,darksorrow,766,shaman,restoration,12,8,4
Finetime,blackmoore,766,shaman,restoration,12,8,4
Gruggosh,argent-dawn,766,shaman,restoration,12,8,4
Mystycos,burning-legion,766,shaman,restoration,24,8,16
Prem,turalyon,766,shaman,restoration,54,13,41
Pakasschami,frostwolf,765,shaman,restoration,18,8,10
Mvrik,argent-dawn,765,shaman,restoration,18,8,10
Thordahr,hyjal,765,shaman,restoration,24,8,16
Shalisazzar,dentarg,765,shaman,restoration,30,8,22
Ironspine,sylvanas,764,shaman,restoration,18,8,10
Tarkxi,sylvanas,764,shaman,restoration,18,8,10
Hurik,sylvanas,764,shaman,restoration,24,8,16
Punjabi,nemesis,764,shaman,restoration,24,8,16
Laftershamy,cthun,764,shaman,restoration,30,8,22
Raphaeey,blackrock,764,shaman,restoration,31,8,23
Rawtex,draenor,764,shaman,restoration,32,8,24
Gundersen,stormscale,763,shaman,restoration,18,8,10
Karash,twisting-nether,763,shaman,restoration,18,8,10
Eveeöe,outland,763,shaman,restoration,18,8,10
Mcslammer,kazzak,763,shaman,restoration,24,8,16
Jogabonita,kaelthas,761,shaman,restoration,18,8,10
Eaglhex,silvermoon,760,shaman,restoration,24,8,16
Pépón,dun-modr,760,shaman,restoration,24,8,16
Scamander,draenor,760,shaman,restoration,26,8,18
Bolski,stormreaver,755,shaman,restoration,24,8,16
Thrallallero,pozzo-delleternità,753,shaman,restoration,18,8,10
Penumbrah,kazzak,752,shaman,restoration,132,39,93
Sakoon,twisting-nether,751,shaman,restoration,18,8,10
Øzy,sanguino,749,shaman,restoration,14,8,6
Amarök,nerzhul,749,shaman,restoration,18,8,10
Дарьюша,fordragon,744,shaman,restoration,12,8,4
Deesbi,khaz-modan,735,shaman,restoration,10,9,1
Thce,burning-legion,735,shaman,restoration,18,8,10
Неерззул,soulflayer,735,shaman,restoration,23,8,15
Rookwave,eredar,733,shaman,restoration,22,8,14
Jakesmistake,stormscale,727,shaman,restoration,17,11,6
Muntark,thrall,719,shaman,restoration,27,8,19
Razeroø,ysondre,717,shaman,restoration,23,8,15
Агмень,howling-fjord,717,shaman,restoration,39,8,31
Katzubushi,pozzo-delleternità,715,shaman,restoration,38,11,27
Shäman,burning-blade,714,shaman,restoration,21,9,12
Assyrià,ravencrest,713,shaman,restoration,17,8,9
Bigfatjay,stormscale,713,shaman,restoration,21,9,12
Stolen,skullcrusher,712,shaman,restoration,15,9,6
Lauree,terokkar,710,shaman,restoration,23,9,14
Thangog,ragnaros,703,shaman,restoration,16,8,8
Карбонатрикс,soulflayer,703,shaman,restoration,16,8,8
Arigolds,twilights-hammer,703,shaman,restoration,17,8,9
Тотемвуман,soulflayer,703,shaman,restoration,22,8,14
Turbohulk,blackrock,688,shaman,restoration,13,8,5
Cumulichan,ragnaros,687,shaman,restoration,11,8,3
Sawseig,tarren-mill,672,shaman,restoration,15,9,6
Qicholardon,archimonde,672,shaman,restoration,12,7,5
Vann,the-shatar,672,shaman,restoration,12,7,5
Тимтярра,gordunni,672,shaman,restoration,12,7,5
Nansmasher,draenor,672,shaman,restoration,12,7,5
Shamounf,archimonde,672,shaman,restoration,12,7,5
Lêêmo,outland,672,shaman,restoration,12,7,5
Winshear,twisting-nether,672,shaman,restoration,12,7,5
Майайс,gordunni,672,shaman,restoration,12,7,5
Эксициум,soulflayer,672,shaman,restoration,12,7,5
Popopopopor,archimonde,672,shaman,restoration,12,7,5
Sümsük,twisting-nether,672,shaman,restoration,12,7,5
Nezug,ysondre,672,shaman,restoration,12,7,5
Hagridheals,silvermoon,672,shaman,restoration,12,7,5
Namestaljka,stormscale,672,shaman,restoration,12,7,5
Natblidaa,silvermoon,672,shaman,restoration,12,7,5
Mílénâqt,aegwynn,672,shaman,restoration,12,7,5
Iamshamon,kazzak,672,shaman,restoration,12,7,5
Blackbeardxd,stormscale,672,shaman,restoration,12,7,5
Snogane,ravencrest,672,shaman,restoration,12,7,5
Sunysham,darkmoon-faire,672,shaman,restoration,12,7,5
Tjocknacke,tarren-mill,672,shaman,restoration,12,7,5
Spiirit,tarren-mill,672,shaman,restoration,12,7,5
Weandras,draenor,672,shaman,restoration,12,7,5
Doubleshamz,the-maelstrom,672,shaman,restoration,12,7,5
Idroptotems,drakthul,672,shaman,restoration,18,7,11
Sháme,azjolnerub,672,shaman,restoration,18,7,11
Raiden,aegwynn,672,shaman,restoration,18,7,11
Zulylol,outland,672,shaman,restoration,18,7,11
Horcsog,ravencrest,672,shaman,restoration,18,7,11
Horkxina,frostmourne,672,shaman,restoration,18,7,11
Nosno,ravencrest,672,shaman,restoration,18,7,11
Barbebiendur,archimonde,672,shaman,restoration,18,7,11
Agrok,jaedenar,672,shaman,restoration,18,7,11
Papskalla,ravencrest,672,shaman,restoration,18,7,11
Horiq,kazzak,672,shaman,restoration,18,7,11
Крэйвхх,howling-fjord,672,shaman,restoration,18,7,11
Kimsshaman,ragnaros,672,shaman,restoration,18,7,11
Reticlol,kazzak,672,shaman,restoration,18,7,11
Çøynx,aegwynn,672,shaman,restoration,20,7,13
Theodorix,silvermoon,672,shaman,restoration,24,7,17
Cragouz,archimonde,672,shaman,restoration,24,7,17
Totemchief,stormscale,672,shaman,restoration,24,7,17
Alikir,outland,672,shaman,restoration,24,7,17
Cølo,ravencrest,672,shaman,restoration,30,7,23
Insînîus,archimonde,672,shaman,restoration,30,7,23
Elshimano,ravencrest,671,shaman,restoration,12,7,5
Restocow,thrall,671,shaman,restoration,12,7,5
Grosgourdin,la-croisade-écarlate,671,shaman,restoration,12,7,5
Bbc,dalaran,671,shaman,restoration,12,7,5
Gimzx,magtheridon,671,shaman,restoration,12,7,5
Frozenshield,ravencrest,671,shaman,restoration,12,7,5
Karrisha,tarren-mill,671,shaman,restoration,12,7,5
Bajslys,kazzak,671,shaman,restoration,12,7,5
Sshrredderr,the-maelstrom,671,shaman,restoration,12,7,5
Rooske,draenor,671,shaman,restoration,12,7,5
Lingz,auchindoun,671,shaman,restoration,12,7,5
Cred,the-venture-co,671,shaman,restoration,12,7,5
Dominatorix,xavius,671,shaman,restoration,13,7,6
Brocksamson,dentarg,671,shaman,restoration,14,7,7
Jedsham,stormscale,671,shaman,restoration,18,7,11
Deadshammyx,ravencrest,671,shaman,restoration,18,7,11
Mälaa,ysondre,671,shaman,restoration,18,7,11
Shâdôwlîght,antonidas,671,shaman,restoration,18,7,11
Maab,arathor,671,shaman,restoration,18,7,11
Nïshä,twisting-nether,671,shaman,restoration,18,7,11
Indennacken,blackmoore,671,shaman,restoration,18,7,11
Skullføck,argent-dawn,671,shaman,restoration,21,8,13
Eaglesteaam,silvermoon,671,shaman,restoration,20,7,13
Mòónz,kazzak,671,shaman,restoration,24,7,17
Dreadness,runetotem,671,shaman,restoration,24,7,17
Lamarrus,malganis,671,shaman,restoration,24,7,17
Инкарнатор,deathguard,670,shaman,restoration,12,7,5
Стамма,borean-tundra,670,shaman,restoration,12,7,5
Bjorhuk,ravencrest,670,shaman,restoration,12,7,5
Jollyhip,stormscale,670,shaman,restoration,12,7,5
Totemeistér,silvermoon,670,shaman,restoration,12,7,5
Plùx,antonidas,670,shaman,restoration,12,7,5
Foringal,thunderhorn,670,shaman,restoration,12,7,5
Nonie,arthas,670,shaman,restoration,18,7,11
Ampz,boulderfist,670,shaman,restoration,18,7,11
Irachal,rexxar,670,shaman,restoration,18,7,11
Chéonz,nethersturm,670,shaman,restoration,18,7,11
Aluweckerl,eredar,670,shaman,restoration,24,7,17
Styllz,uldaman,670,shaman,restoration,24,7,17
Shamaxwell,blackhand,669,shaman,restoration,12,7,5
Woew,tarren-mill,669,shaman,restoration,12,7,5
Линчон,soulflayer,669,shaman,restoration,18,7,11
Brutalxl,tarren-mill,669,shaman,restoration,24,7,17
Simph,uldum,669,shaman,restoration,24,7,17
Sorontar,twisting-nether,668,shaman,restoration,18,7,11
Bloggurt,tarren-mill,668,shaman,restoration,18,7,11
Weho,kazzak,668,shaman,restoration,18,7,11
Gelaende,thrall,668,shaman,restoration,18,7,11
Raikage,elune,668,shaman,restoration,18,7,11
Iebaznis,draenor,667,shaman,restoration,12,7,5
Qoshi,archimonde,667,shaman,restoration,18,7,11
Millacki,blackrock,667,shaman,restoration,18,7,11
Hóonda,twisting-nether,667,shaman,restoration,18,7,11
Omeletteoeuf,silvermoon,666,shaman,restoration,12,7,5
Zelgore,frostwhisper,666,shaman,restoration,18,7,11
Ftsckpower,blackhand,665,shaman,restoration,24,7,17
Emansh,twisting-nether,664,shaman,restoration,24,7,17
Raketenrieke,blackrock,659,shaman,restoration,25,12,13
Bogmagnus,the-maelstrom,659,shaman,restoration,39,13,26
Mambokïngs,sanguino,658,shaman,restoration,26,10,16
Draredemolen,archimonde,655,shaman,restoration,17,7,10
Lausimhaus,blackrock,649,shaman,restoration,22,10,12
Mjollnier,stormscale,640,shaman,restoration,10,8,2
Nojiko,blackrock,638,shaman,restoration,17,7,10
Altesh,die-todeskrallen,634,shaman,restoration,16,7,9
Drakhrar,pozzo-delleternità,633,shaman,restoration,14,8,6
Habibe,the-maelstrom,623,shaman,restoration,15,8,7
Basz,aegwynn,623,shaman,restoration,17,7,10
Енотикусь,soulflayer,618,shaman,restoration,12,8,4
Disharmony,outland,618,shaman,restoration,12,8,4
Chîllkrötè,blackmoore,618,shaman,restoration,12,8,4
Cgjúng,ravencrest,618,shaman,restoration,16,8,8
Randomuwu,stormscale,616,shaman,restoration,22,8,14
Soraiyaqt,kult-der-verdammten,607,shaman,restoration,11,7,4
Martiinii,dragonmaw,606,shaman,restoration,11,7,4
Couldar,stormscale,606,shaman,restoration,19,7,12
Narvalus,throkferoth,590,shaman,restoration,13,7,6
Zhead,aggramar,584,shaman,restoration,16,9,7
Imdarat,hyjal,576,shaman,restoration,6,6,0
Lerra,zirkel-des-cenarius,576,shaman,restoration,6,6,0
Ethixx,outland,576,shaman,restoration,6,6,0
Oldveteran,eredar,576,shaman,restoration,6,6,0
Shonbelly,argent-dawn,576,shaman,restoration,6,6,0
Øxxgødx,blackrock,576,shaman,restoration,6,6,0
Contraire,blackrock,576,shaman,restoration,12,6,6
Артэкриошам,soulflayer,576,shaman,restoration,12,6,6
Enoughh,the-maelstrom,576,shaman,restoration,12,6,6
Канамаш,borean-tundra,576,shaman,restoration,12,6,6
Komodski,kazzak,576,shaman,restoration,12,6,6
Cardeâ,blackhand,576,shaman,restoration,12,6,6
Jodel,tarren-mill,576,shaman,restoration,12,6,6
Chamanox,dalaran,576,shaman,restoration,12,6,6
Sunnyisup,sylvanas,576,shaman,restoration,12,6,6
Embodiment,blackrock,576,shaman,restoration,12,6,6
Lmnn,ravencrest,576,shaman,restoration,12,6,6
Cutzeh,archimonde,576,shaman,restoration,12,6,6
Tebzs,ravencrest,576,shaman,restoration,12,6,6
Oroastbeef,archimonde,576,shaman,restoration,12,6,6
Тирона,howling-fjord,576,shaman,restoration,12,6,6
Lvj,blackrock,576,shaman,restoration,12,6,6
Glücksbarren,die-aldor,576,shaman,restoration,12,6,6
Чиллаут,howling-fjord,576,shaman,restoration,12,6,6
Roycee,ragnaros,576,shaman,restoration,12,6,6
Zûgzûg,ragnaros,576,shaman,restoration,12,6,6
Kocaina,kazzak,576,shaman,restoration,12,6,6
Wintradezki,tarren-mill,576,shaman,restoration,12,6,6
Thatstheswag,blackmoore,576,shaman,restoration,12,6,6
Брайбах,howling-fjord,576,shaman,restoration,12,6,6
Goodevening,tarren-mill,576,shaman,restoration,12,6,6
Tsugu,kazzak,576,shaman,restoration,12,6,6
Thaw,sylvanas,576,shaman,restoration,12,6,6
Groquick,dalaran,576,shaman,restoration,12,6,6
Bigdaddyxo,tarren-mill,576,shaman,restoration,12,6,6
Artîe,archimonde,576,shaman,restoration,12,6,6
Kilninshape,archimonde,576,shaman,restoration,12,6,6
Hamgroof,blackrock,576,shaman,restoration,12,6,6
Khidon,silvermoon,576,shaman,restoration,12,6,6
Tusseladden,tarren-mill,576,shaman,restoration,12,6,6
Занзазз,ashenvale,576,shaman,restoration,12,6,6
Graoulelou,hyjal,576,shaman,restoration,12,6,6
Kaluna,outland,576,shaman,restoration,12,6,6
Lågertha,sanguino,576,shaman,restoration,12,6,6
Gamixyx,magtheridon,576,shaman,restoration,12,6,6
Thornyberrý,outland,576,shaman,restoration,12,6,6
Greenone,stormscale,576,shaman,restoration,12,6,6
Juicyy,ravencrest,576,shaman,restoration,12,6,6
Rhêz,kazzak,576,shaman,restoration,12,6,6
Neverqueue,defias-brotherhood,576,shaman,restoration,12,6,6
Penatus,outland,576,shaman,restoration,12,6,6
Erepmad,ravencrest,576,shaman,restoration,12,6,6
Хоупосх,gordunni,576,shaman,restoration,12,6,6
Gamixy,magtheridon,576,shaman,restoration,12,6,6
Chudygôdx,drakthul,576,shaman,restoration,12,6,6
Lunarsloth,hyjal,576,shaman,restoration,12,6,6
Ambuu,kazzak,576,shaman,restoration,12,6,6
Kameltotem,balnazzar,576,shaman,restoration,12,6,6
Lortihalsen,outland,576,shaman,restoration,12,6,6
Runbrorun,hyjal,576,shaman,restoration,12,6,6
Shmøn,outland,576,shaman,restoration,12,6,6
Homsin,stormscale,576,shaman,restoration,12,6,6
Wckdz,chants-éternels,576,shaman,restoration,12,6,6
Povecategla,grim-batol,576,shaman,restoration,12,6,6
Hablibubli,kazzak,576,shaman,restoration,12,6,6
Schludri,kult-der-verdammten,576,shaman,restoration,12,6,6
Skottkärrà,ravencrest,576,shaman,restoration,12,6,6
Холинкаалло,deathguard,576,shaman,restoration,12,6,6
Mitica,ravencrest,576,shaman,restoration,34,14,20
Epawl,kazzak,576,shaman,restoration,18,6,12
Lifestorm,hyjal,576,shaman,restoration,18,6,12
Mëowth,ragnaros,576,shaman,restoration,18,6,12
Adzkímo,tarren-mill,576,shaman,restoration,18,6,12
Thunda,stormreaver,576,shaman,restoration,18,6,12
Pjotrasmus,mannoroth,576,shaman,restoration,18,6,12
Reallygdnewb,silvermoon,576,shaman,restoration,18,6,12
Tonnii,tarren-mill,576,shaman,restoration,18,6,12
Embèr,silvermoon,576,shaman,restoration,18,6,12
Guccisham,ravencrest,576,shaman,restoration,18,6,12
Krugx,draenor,576,shaman,restoration,18,6,12
Patsham,wildhammer,576,shaman,restoration,18,6,12
Salaithen,alakir,576,shaman,restoration,18,6,12
Soyun,frostwhisper,576,shaman,restoration,18,6,12
Happyjuice,silvermoon,576,shaman,restoration,18,6,12
Kioterasham,conseil-des-ombres,576,shaman,restoration,18,6,12
Vascodagama,twisting-nether,575,shaman,restoration,12,6,6
Bufi,sanguino,575,shaman,restoration,12,6,6
Zyrou,arthas,575,shaman,restoration,12,6,6
Lokkum,blackhand,575,shaman,restoration,12,6,6
Karlsensham,stormscale,575,shaman,restoration,12,6,6
Ghoraddu,drakthul,575,shaman,restoration,12,6,6
Fatyoe,eredar,575,shaman,restoration,12,6,6
Conor,kult-der-verdammten,575,shaman,restoration,12,6,6
Безрукан,howling-fjord,575,shaman,restoration,12,6,6
Qona,emerald-dream,575,shaman,restoration,12,6,6
Sjearthen,defias-brotherhood,575,shaman,restoration,12,6,6
Mortly,draenor,575,shaman,restoration,12,6,6
Grytha,argent-dawn,575,shaman,restoration,12,6,6
Cadierno,argent-dawn,575,shaman,restoration,12,6,6
Brandbombe,frostwolf,575,shaman,restoration,12,6,6
Hyamala,chamber-of-aspects,575,shaman,restoration,12,6,6
Actic,garrosh,575,shaman,restoration,12,6,6
Flurpz,outland,575,shaman,restoration,12,6,6
Shazefin,twisting-nether,575,shaman,restoration,12,6,6
Снобу,gordunni,575,shaman,restoration,12,6,6
Sikro,frostwolf,575,shaman,restoration,12,6,6
Aesonis,kazzak,575,shaman,restoration,14,6,8
Дохаку,booty-bay,575,shaman,restoration,17,6,11
Liferqt,nemesis,575,shaman,restoration,18,6,12
Турелька,blackscar,575,shaman,restoration,18,6,12
Джусипуси,gordunni,575,shaman,restoration,18,6,12
Kandrox,blackmoore,575,shaman,restoration,18,6,12
Bruzzla,kiljaeden,575,shaman,restoration,18,6,12
Аскирия,soulflayer,575,shaman,restoration,18,6,12
Wildos,zuljin,575,shaman,restoration,24,6,18
Bepinfame,pozzo-delleternità,575,shaman,restoration,30,6,24
Tidushears,thrall,574,shaman,restoration,12,6,6
Cmzyy,ravencrest,574,shaman,restoration,12,6,6
Turbokrapka,tarren-mill,574,shaman,restoration,12,6,6
Shamoek,argent-dawn,574,shaman,restoration,12,6,6
Musii,argent-dawn,574,shaman,restoration,18,6,12
Alvastis,moonglade,574,shaman,restoration,18,6,12
Elemsegara,arakarahm,574,shaman,restoration,24,6,18
Dobbi,dethecus,573,shaman,restoration,12,6,6
Muschi,culte-de-la-rive-noire,573,shaman,restoration,16,7,9
Omnivamp,kazzak,573,shaman,restoration,18,6,12
Shammzy,mannoroth,573,shaman,restoration,24,6,18
Alïsyo,nemesis,570,shaman,restoration,18,6,12
Southpaw,kult-der-verdammten,569,shaman,restoration,18,6,12
Enco,kilrogg,568,shaman,restoration,12,6,6
Bunnîe,kazzak,565,shaman,restoration,18,6,12
Skoddy,blackmoore,562,shaman,restoration,22,10,12
Tiborr,burning-legion,559,shaman,restoration,23,6,17
Triplezug,archimonde,558,shaman,restoration,11,6,5
Грейсаша,howling-fjord,545,shaman,restoration,26,9,17
Jocãsta,silvermoon,543,shaman,restoration,14,7,7
Divazena,drakthul,542,shaman,restoration,11,6,5
Bierfrisch,ravencrest,542,shaman,restoration,17,6,11
Cotêaz,thrall,541,shaman,restoration,16,6,10
Ghafo,norgannon,540,shaman,restoration,11,6,5
Zourhia,garona,528,shaman,restoration,9,6,3
Whibbler,ravencrest,528,shaman,restoration,21,7,14
Nockedly,ragnaros,527,shaman,restoration,21,7,14
Corlysvelary,doomhammer,521,shaman,restoration,26,8,18
Asstroy,sanguino,520,shaman,restoration,16,7,9
Luckybeast,ravencrest,515,shaman,restoration,20,7,13
Ntaris,blackmoore,512,shaman,restoration,10,6,4
Durek,sylvanas,511,shaman,restoration,10,6,4
Purgeer,blackmoore,511,shaman,restoration,11,6,5
Zordox,zirkel-des-cenarius,511,shaman,restoration,16,6,10
Ozzlac,thrall,511,shaman,restoration,17,6,11
Dastarus,archimonde,480,shaman,restoration,6,5,1
Nøfap,kazzak,480,shaman,restoration,6,5,1
Vanostbzt,kazzak,480,shaman,restoration,6,5,1
Joeexotictv,tarren-mill,480,shaman,restoration,6,5,1
Ub,garona,480,shaman,restoration,6,5,1
Keiro,burning-blade,480,shaman,restoration,6,5,1
Qwauzinator,silvermoon,480,shaman,restoration,6,5,1
Kontza,argent-dawn,480,shaman,restoration,6,5,1
Meeq,deathwing,480,shaman,restoration,6,5,1
Chimp,lightnings-blade,480,shaman,restoration,6,5,1
Ranenmuija,outland,480,shaman,restoration,6,5,1
Xenuz,nemesis,480,shaman,restoration,6,5,1
Pierredollar,outland,480,shaman,restoration,6,5,1
Shamsteaks,thrall,480,shaman,restoration,6,5,1
Exereon,ravencrest,480,shaman,restoration,6,5,1
Mbx,ravencrest,480,shaman,restoration,12,5,7
Athankatouch,draenor,480,shaman,restoration,12,5,7
Stibs,silvermoon,480,shaman,restoration,12,5,7
Shasto,draenor,480,shaman,restoration,12,5,7
Bruvling,stormscale,480,shaman,restoration,12,5,7
Darkmelio,archimonde,480,shaman,restoration,12,5,7
Maïtregïms,archimonde,480,shaman,restoration,12,5,7
Bloopp,stormscale,480,shaman,restoration,12,5,7
Windie,drakthul,480,shaman,restoration,12,5,7
Libano,archimonde,480,shaman,restoration,12,5,7
Eggshock,ravencrest,480,shaman,restoration,12,5,7
Riptidegodx,archimonde,480,shaman,restoration,12,5,7
Саулос,howling-fjord,480,shaman,restoration,12,5,7
Markboymint,earthen-ring,480,shaman,restoration,12,5,7
Ørøçhý,outland,480,shaman,restoration,12,5,7
Ravenshock,bloodfeather,480,shaman,restoration,12,5,7
Leafplsx,blackrock,480,shaman,restoration,12,5,7
Unleashme,sylvanas,480,shaman,restoration,12,5,7
Nerowinger,stormscale,480,shaman,restoration,12,5,7
Vyrá,onyxia,480,shaman,restoration,12,5,7
Thyeori,stormscale,480,shaman,restoration,12,5,7
Shamania,grim-batol,480,shaman,restoration,12,5,7
Swark,stormscale,480,shaman,restoration,12,5,7
Maybeyes,twisting-nether,480,shaman,restoration,12,5,7
Carëx,anubarak,480,shaman,restoration,12,5,7
Nakertaako,kazzak,480,shaman,restoration,12,5,7
Kuisix,sanguino,480,shaman,restoration,12,5,7
Lontarsdaddy,twisting-nether,480,shaman,restoration,12,5,7
Sliiderr,draenor,480,shaman,restoration,12,5,7
Jakeir,auchindoun,480,shaman,restoration,12,5,7
Biçi,steamwheedle-cartel,480,shaman,restoration,12,5,7
Uanl,stormscale,480,shaman,restoration,12,5,7
Boltar,die-aldor,480,shaman,restoration,12,5,7
Zougzy,uldaman,480,shaman,restoration,12,5,7
Nùggets,garona,480,shaman,restoration,12,5,7
Daboo,the-venture-co,480,shaman,restoration,12,5,7
Egor,alakir,480,shaman,restoration,12,5,7
Jeffreyson,burning-legion,480,shaman,restoration,12,5,7
Tigo,tarren-mill,480,shaman,restoration,12,5,7
Hesitant,kazzak,480,shaman,restoration,12,5,7
Denchdwarf,silvermoon,480,shaman,restoration,12,5,7
Sojee,ysondre,480,shaman,restoration,12,5,7
Hogmodig,tarren-mill,480,shaman,restoration,12,5,7
Tooltip,tarren-mill,480,shaman,restoration,12,5,7
Qishwilu,ravencrest,480,shaman,restoration,12,5,7
Zæus,ragnaros,480,shaman,restoration,12,5,7
Volvíc,tichondrius,480,shaman,restoration,12,5,7
Shamarco,nemesis,480,shaman,restoration,12,5,7
Hexftw,khaz-modan,480,shaman,restoration,12,5,7
Medistød,draenor,480,shaman,restoration,12,5,7
Herru,blackrock,480,shaman,restoration,12,5,7
Kempfer,blackrock,480,shaman,restoration,12,5,7
Nevagonalink,archimonde,480,shaman,restoration,12,5,7
Kemmi,dalaran,480,shaman,restoration,12,5,7
Reinssay,ysondre,480,shaman,restoration,12,5,7
Caliqueños,sanguino,480,shaman,restoration,12,5,7
Shadowmove,bronzebeard,480,shaman,restoration,12,5,7
Totemiclol,aegwynn,480,shaman,restoration,12,5,7
Flùffy,nemesis,480,shaman,restoration,12,5,7
Tobbey,tarren-mill,480,shaman,restoration,12,5,7
Kïtten,tarren-mill,480,shaman,restoration,12,5,7
Burrowabuser,nemesis,480,shaman,restoration,12,5,7
Lilalime,arthas,480,shaman,restoration,12,5,7
Rdsanityproc,kazzak,480,shaman,restoration,12,5,7
Ræi,drakthul,480,shaman,restoration,12,5,7
Demeri,blackrock,480,shaman,restoration,12,5,7
Бьерн,deepholm,480,shaman,restoration,12,5,7
Justweirdaf,blackmoore,480,shaman,restoration,12,5,7
Cheerz,ravencrest,480,shaman,restoration,12,5,7
Flandersx,ravencrest,480,shaman,restoration,12,5,7
Søljar,draenor,480,shaman,restoration,12,5,7
Slasket,bloodscalp,480,shaman,restoration,18,5,13
ßiggie,garona,480,shaman,restoration,18,5,13
Kjumbe,silvermoon,480,shaman,restoration,18,5,13
Elepumper,outland,480,shaman,restoration,18,5,13
Orcgasm,draenor,480,shaman,restoration,18,5,13
Faìnt,stormscale,480,shaman,restoration,18,5,13
Swart,hyjal,480,shaman,restoration,18,5,13
Elementalwiz,ravencrest,480,shaman,restoration,18,5,13
Evííl,tarren-mill,480,shaman,restoration,18,5,13
Peremptor,alleria,480,shaman,restoration,18,5,13
Bruho,mazrigos,480,shaman,restoration,18,5,13
Schamimen,malganis,480,shaman,restoration,18,5,13
Krayton,tarren-mill,480,shaman,restoration,18,5,13
Flokinette,chogall,480,shaman,restoration,18,5,13
Селфлессх,soulflayer,480,shaman,restoration,18,5,13
Кенниарт,howling-fjord,480,shaman,restoration,18,5,13
Gurtøg,ysondre,480,shaman,restoration,20,5,15
Nêgan,ravencrest,480,shaman,restoration,22,5,17
Savan,darkspear,480,shaman,restoration,24,5,19
Peaksh,stormscale,480,shaman,restoration,24,5,19
Jackpotx,tarren-mill,479,shaman,restoration,6,5,1
Bloodfist,drakthul,479,shaman,restoration,12,5,7
Manolaz,kazzak,479,shaman,restoration,12,5,7
Kyousek,drakthul,479,shaman,restoration,12,5,7
Donnerbubele,aegwynn,479,shaman,restoration,12,5,7
Sakar,auchindoun,479,shaman,restoration,12,5,7
Babyboomz,bronze-dragonflight,479,shaman,restoration,12,5,7
Róbbàn,agamaggan,479,shaman,restoration,12,5,7
Amnistia,ragnaros,479,shaman,restoration,12,5,7
Babyshamy,kazzak,479,shaman,restoration,12,5,7
Gerethor,burning-legion,479,shaman,restoration,12,5,7
Hydrototem,archimonde,479,shaman,restoration,12,5,7
Joaléine,khaz-modan,479,shaman,restoration,12,5,7
Scoobsz,thrall,479,shaman,restoration,15,5,10
Autarky,silvermoon,479,shaman,restoration,18,5,13
Thrallash,blackhand,479,shaman,restoration,18,5,13
Darthshox,outland,478,shaman,restoration,16,6,10
Rixxa,stormscale,478,shaman,restoration,18,5,13
Rebekca,twisting-nether,478,shaman,restoration,18,5,13
Jotuna,argent-dawn,478,shaman,restoration,18,5,13
Darkstrong,alakir,477,shaman,restoration,12,5,7
Зултира,gordunni,477,shaman,restoration,30,5,25
Porch,doomhammer,476,shaman,restoration,12,5,7
Wanryoku,kaelthas,472,shaman,restoration,12,5,7
Strikerz,aggra-português,471,shaman,restoration,20,7,13
Jamienisme,ravencrest,463,shaman,restoration,11,5,6
Shamanarama,sylvanas,463,shaman,restoration,23,5,18
Tøøpåc,hyjal,462,shaman,restoration,13,6,7
Shinäla,twisting-nether,447,shaman,restoration,11,5,6
Heothix,outland,447,shaman,restoration,11,5,6
Marcöø,argent-dawn,447,shaman,restoration,16,6,10
Diapasøn,kaelthas,446,shaman,restoration,17,5,12
Kortgat,kilrogg,431,shaman,restoration,17,5,12
Shamakerr,tarren-mill,426,shaman,restoration,17,7,10
Äppelpaj,earthen-ring,426,shaman,restoration,15,6,9
Ulrichh,twisting-nether,415,shaman,restoration,8,5,3
Etabeta,shattered-hand,415,shaman,restoration,8,5,3
Rosox,blackmoore,415,shaman,restoration,14,5,9
Xari,earthen-ring,398,shaman,restoration,13,5,8
Доргорн,grom,396,shaman,restoration,11,5,6
Porkzzilá,aggra-português,384,shaman,restoration,6,4,2
Grimdonut,argent-dawn,384,shaman,restoration,6,4,2
Tairuny,nazjatar,384,shaman,restoration,6,4,2
Salsissimous,azjolnerub,384,shaman,restoration,6,4,2
Imdax,hyjal,384,shaman,restoration,6,4,2
Berzærker,ravencrest,384,shaman,restoration,6,4,2
Hamuksha,nerathor,384,shaman,restoration,6,4,2
Sakulis,ravencrest,384,shaman,restoration,6,4,2
Waterboy,tarren-mill,384,shaman,restoration,6,4,2
Bluetide,ravencrest,384,shaman,restoration,6,4,2
Stormjvj,twisting-nether,384,shaman,restoration,6,4,2
Minisham,drakthul,384,shaman,restoration,6,4,2
Bandulski,twisting-nether,384,shaman,restoration,6,4,2
Kundt,dalaran,384,shaman,restoration,6,4,2
Chiio,draenor,384,shaman,restoration,6,4,2
Vscx,blackmoore,384,shaman,restoration,6,4,2
Ravd,outland,384,shaman,restoration,6,4,2
Caters,baelgun,384,shaman,restoration,6,4,2
Leyliner,blackhand,384,shaman,restoration,6,4,2
Drahka,kazzak,384,shaman,restoration,6,4,2
Purgelord,tarren-mill,384,shaman,restoration,6,4,2
Johnnysîns,blackhand,384,shaman,restoration,6,4,2
Sozzesham,kazzak,384,shaman,restoration,6,4,2
Shàyâ,ysondre,384,shaman,restoration,6,4,2
Irônmaxx,antonidas,384,shaman,restoration,6,4,2
Pagnishm,tarren-mill,384,shaman,restoration,6,4,2
Yozgatlilan,aegwynn,384,shaman,restoration,6,4,2
Konrád,thunderhorn,384,shaman,restoration,6,4,2
Xabat,nemesis,384,shaman,restoration,6,4,2
Prup,tarren-mill,384,shaman,restoration,6,4,2
Thriveqt,nemesis,384,shaman,restoration,6,4,2
Фредуизли,howling-fjord,384,shaman,restoration,6,4,2
Громкеш,howling-fjord,384,shaman,restoration,6,4,2
Toasterbread,kazzak,384,shaman,restoration,6,4,2
Sinrsizakbil,silvermoon,384,shaman,restoration,6,4,2
Пакни,gordunni,384,shaman,restoration,6,4,2
Mole,jaedenar,384,shaman,restoration,6,4,2
Alexialul,silvermoon,384,shaman,restoration,6,4,2
Ысч,ashenvale,384,shaman,restoration,6,4,2
Chadhealer,thrall,384,shaman,restoration,6,4,2
Glóbal,sylvanas,384,shaman,restoration,6,4,2
Laserra,sylvanas,384,shaman,restoration,6,4,2
Totemtri,thrall,384,shaman,restoration,6,4,2
Xinsû,kazzak,384,shaman,restoration,6,4,2
Fapwap,sylvanas,384,shaman,restoration,6,4,2
Happyfart,thrall,384,shaman,restoration,6,4,2
Амг,booty-bay,384,shaman,restoration,6,4,2
Icecrêam,auchindoun,384,shaman,restoration,11,4,7
Criticalx,eredar,384,shaman,restoration,15,5,10
Saksyl,zuljin,384,shaman,restoration,12,4,8
Ранняяпташка,soulflayer,384,shaman,restoration,12,4,8
Lavababe,blackmoore,384,shaman,restoration,12,4,8
Proccazu,draenor,384,shaman,restoration,12,4,8
Korfenal,draenor,384,shaman,restoration,12,4,8
Degoblin,draenor,384,shaman,restoration,12,4,8
Enkou,blackmoore,384,shaman,restoration,12,4,8
Kashnar,tarren-mill,384,shaman,restoration,12,4,8
Sempaihentai,draenor,384,shaman,restoration,12,4,8
Serasol,sylvanas,384,shaman,restoration,12,4,8
Maluch,burning-legion,384,shaman,restoration,12,4,8
Daklickshamy,blackmoore,384,shaman,restoration,12,4,8
Меготип,deathweaver,384,shaman,restoration,12,4,8
Zídané,antonidas,384,shaman,restoration,12,4,8
Abdegor,burning-legion,384,shaman,restoration,12,4,8
Shamdren,outland,384,shaman,restoration,12,4,8
Ishin,burning-legion,384,shaman,restoration,12,4,8
Kelonar,aegwynn,384,shaman,restoration,12,4,8
Девлиниум,fordragon,384,shaman,restoration,12,4,8
Staxoman,daggerspine,384,shaman,restoration,12,4,8
Mystraas,khaz-modan,384,shaman,restoration,12,4,8
Энхай,azuregos,384,shaman,restoration,12,4,8
Птеросшам,howling-fjord,384,shaman,restoration,12,4,8
Amrik,blackmoore,384,shaman,restoration,12,4,8
Runeshock,turalyon,384,shaman,restoration,12,4,8
Porke,moonglade,384,shaman,restoration,12,4,8
Wagaluu,ravencrest,384,shaman,restoration,12,4,8
Pyrotoad,blackmoore,384,shaman,restoration,12,4,8
Archsha,burning-legion,384,shaman,restoration,12,4,8
Agatons,twisting-nether,384,shaman,restoration,12,4,8
Kerfo,ragnaros,384,shaman,restoration,12,4,8
Joeashock,ragnaros,384,shaman,restoration,12,4,8
Totemcil,silvermoon,384,shaman,restoration,12,4,8
Kuyamii,blackrock,384,shaman,restoration,12,4,8
Mammyshammy,twisting-nether,384,shaman,restoration,12,4,8
Smahamtwo,stormscale,384,shaman,restoration,12,4,8
Deevill,grim-batol,384,shaman,restoration,12,4,8
Râpzz,aegwynn,384,shaman,restoration,12,4,8
Vey,hyjal,384,shaman,restoration,12,4,8
Tteïl,archimonde,384,shaman,restoration,12,4,8
Lanze,blackrock,384,shaman,restoration,12,4,8
Stormreach,ragnaros,384,shaman,restoration,18,4,14
Ohheck,outland,384,shaman,restoration,18,4,14
Mauî,twisting-nether,384,shaman,restoration,18,4,14
Wtbtoes,ravencrest,384,shaman,restoration,18,4,14
Blauperle,eredar,384,shaman,restoration,18,4,14
Nizty,tarren-mill,384,shaman,restoration,24,4,20
Wioda,silvermoon,383,shaman,restoration,6,4,2
Frosthamer,ragnaros,383,shaman,restoration,6,4,2
Koholona,malygos,383,shaman,restoration,6,4,2
Windvortex,nemesis,383,shaman,restoration,6,4,2
Arixxë,twisting-nether,383,shaman,restoration,12,4,8
Cisd,tarren-mill,383,shaman,restoration,12,4,8
Drizzird,argent-dawn,383,shaman,restoration,12,4,8
Sleyvarian,chamber-of-aspects,383,shaman,restoration,12,4,8
Herdaar,argent-dawn,383,shaman,restoration,12,4,8
Doomkiss,silvermoon,383,shaman,restoration,18,4,14
Bubidilasso,twisting-nether,383,shaman,restoration,18,4,14
Shamanet,kazzak,383,shaman,restoration,18,4,14
Raiñdrops,silvermoon,382,shaman,restoration,6,4,2
Koko,frostwhisper,382,shaman,restoration,12,4,8
Slippyjim,azshara,382,shaman,restoration,12,4,8
Avatarroku,blackhand,382,shaman,restoration,12,4,8
Fettbrot,garrosh,382,shaman,restoration,24,4,20
Zeiger,minahonda,381,shaman,restoration,24,4,20
Fessel,auchindoun,379,shaman,restoration,12,4,8
Icytide,kazzak,378,shaman,restoration,18,7,11
Mycameltotem,ravencrest,372,shaman,restoration,26,8,18
Shamtime,aegwynn,371,shaman,restoration,24,7,17
Mikesinatra,tarren-mill,367,shaman,restoration,11,4,7
Zboubii,archimonde,351,shaman,restoration,17,4,13
Grübxxgg,frostmane,335,shaman,restoration,17,4,13
Agatiø,dun-modr,330,shaman,restoration,7,5,2
Antikahraman,blackrock,330,shaman,restoration,8,5,3
Schamitwo,twisting-nether,319,shaman,restoration,5,4,1
Murog,dalaran,319,shaman,restoration,8,4,4
ßreoxxi,blackmoore,319,shaman,restoration,15,4,11
Bûttâ,archimonde,288,shaman,restoration,6,3,3
Blboz,grim-batol,288,shaman,restoration,6,3,3
Origins,archimonde,288,shaman,restoration,6,3,3
Lightningrod,ravencrest,288,shaman,restoration,6,3,3
Tezeret,silvermoon,288,shaman,restoration,6,3,3
Shimshám,ravencrest,288,shaman,restoration,6,3,3
Jäckö,archimonde,288,shaman,restoration,6,3,3
Елемчикх,gordunni,288,shaman,restoration,6,3,3
Goldou,archimonde,288,shaman,restoration,6,3,3
Zapyboye,grim-batol,288,shaman,restoration,6,3,3
Ñx,ravencrest,288,shaman,restoration,6,3,3
Klösbräda,stormscale,288,shaman,restoration,6,3,3
Elvalya,archimonde,288,shaman,restoration,6,3,3
Oldmanrena,stormscale,288,shaman,restoration,6,3,3
Шамкасамка,gordunni,288,shaman,restoration,6,3,3
Testoshaman,ravencrest,288,shaman,restoration,6,3,3
Richtigfies,kazzak,288,shaman,restoration,6,3,3
Shohmon,silvermoon,288,shaman,restoration,6,3,3
Shamoobob,archimonde,288,shaman,restoration,6,3,3
Vaîjîn,aegwynn,288,shaman,restoration,6,3,3
Crazywitcho,archimonde,288,shaman,restoration,6,3,3
Solotov,bronzebeard,288,shaman,restoration,6,3,3
Ragnesch,aegwynn,288,shaman,restoration,6,3,3
Nohealtilt,stormscale,288,shaman,restoration,6,3,3
Intèrfectá,aegwynn,288,shaman,restoration,6,3,3
Wurrzág,outland,288,shaman,restoration,6,3,3
Obadai,nemesis,288,shaman,restoration,6,3,3
Soulsh,die-ewige-wacht,288,shaman,restoration,6,3,3
Shamatto,nemesis,288,shaman,restoration,6,3,3
Statikznba,outland,288,shaman,restoration,6,3,3
Diffrinity,tarren-mill,288,shaman,restoration,6,3,3
Кхуздуфар,blackscar,288,shaman,restoration,6,3,3
Bronin,sylvanas,288,shaman,restoration,6,3,3
Majinbeb,hyjal,288,shaman,restoration,6,3,3
Ticutashaman,argent-dawn,288,shaman,restoration,6,3,3
Dévus,stormscale,288,shaman,restoration,6,3,3
Downiesham,kazzak,288,shaman,restoration,6,3,3
Balúr,thrall,288,shaman,restoration,6,3,3
Abalenn,kazzak,288,shaman,restoration,6,3,3
Cøkka,hyjal,288,shaman,restoration,6,3,3
Вэллкомм,gordunni,288,shaman,restoration,6,3,3
Shockndawe,kazzak,288,shaman,restoration,6,3,3
Shamamamin,argent-dawn,288,shaman,restoration,6,3,3
Snakeeyéss,kazzak,288,shaman,restoration,6,3,3
Svarozyc,azuremyst,288,shaman,restoration,6,3,3
Surge,darksorrow,288,shaman,restoration,6,3,3
Totemboyuk,tarren-mill,288,shaman,restoration,6,3,3
Ïllïïllïï,shadowsong,288,shaman,restoration,6,3,3
Rkeev,blackrock,288,shaman,restoration,6,3,3
Chainbeef,blackmoore,288,shaman,restoration,6,3,3
Видсон,soulflayer,288,shaman,restoration,6,3,3
Thaemond,draenor,288,shaman,restoration,6,3,3
Stinkyfînger,draenor,288,shaman,restoration,6,3,3
Deimyan,tarren-mill,288,shaman,restoration,6,3,3
Ранкодин,soulflayer,288,shaman,restoration,6,3,3
Enzain,outland,288,shaman,restoration,6,3,3
Tarzh,dalaran,288,shaman,restoration,6,3,3
Istedgrill,tarren-mill,288,shaman,restoration,6,3,3
Calamito,ragnaros,288,shaman,restoration,6,3,3
Healhooper,hyjal,288,shaman,restoration,6,3,3
Kimunamatata,draenor,288,shaman,restoration,6,3,3
Ýípìÿøû,dun-modr,288,shaman,restoration,6,3,3
Votie,tarren-mill,288,shaman,restoration,6,3,3
Tenror,ragnaros,288,shaman,restoration,6,3,3
Драмкул,soulflayer,288,shaman,restoration,6,3,3
Eslu,blackhand,288,shaman,restoration,6,3,3
Misstremmers,outland,288,shaman,restoration,6,3,3
Ханикс,blackscar,288,shaman,restoration,6,3,3
Haract,outland,288,shaman,restoration,6,3,3
Draugrinns,tarren-mill,288,shaman,restoration,6,3,3
Melliüg,ysondre,288,shaman,restoration,6,3,3
Prepegahex,blackmoore,288,shaman,restoration,6,3,3
Kalinn,sylvanas,288,shaman,restoration,6,3,3
Гарантииный,lich-king,288,shaman,restoration,6,3,3
Rna,ragnaros,288,shaman,restoration,6,3,3
Bharudor,antonidas,288,shaman,restoration,6,3,3
Bandiitti,darksorrow,288,shaman,restoration,6,3,3
Nshamanx,sylvanas,288,shaman,restoration,6,3,3
Bingo,tarren-mill,288,shaman,restoration,6,3,3
Gemexi,kazzak,288,shaman,restoration,6,3,3
Aùrn,sylvanas,288,shaman,restoration,6,3,3
Yarvin,draenor,288,shaman,restoration,6,3,3
Бриз,blackscar,288,shaman,restoration,6,3,3
Eleir,draenor,288,shaman,restoration,6,3,3
Моралсидней,blackscar,288,shaman,restoration,6,3,3
Аалрия,goldrinn,288,shaman,restoration,6,3,3
Jellyg,outland,288,shaman,restoration,11,3,8
Бэкдафакапп,blackscar,288,shaman,restoration,12,3,9
Flameshock,area-52,288,shaman,restoration,12,3,9
Geifmeat,kazzak,288,shaman,restoration,12,3,9
Zamn,silvermoon,288,shaman,restoration,12,3,9
Ghanex,tarren-mill,288,shaman,restoration,12,3,9
Myks,sylvanas,288,shaman,restoration,12,3,9
Mahoni,malganis,288,shaman,restoration,12,3,9
Thorsteinar,kazzak,288,shaman,restoration,12,3,9
Magicflames,draenor,288,shaman,restoration,12,3,9
Cpthex,draenor,288,shaman,restoration,12,3,9
Shammyenh,burning-legion,288,shaman,restoration,12,3,9
Keb,gorgonnash,288,shaman,restoration,12,3,9
Ríleyx,twisting-nether,288,shaman,restoration,12,3,9
Tropvieux,dalaran,288,shaman,restoration,12,3,9
Billburr,aegwynn,288,shaman,restoration,12,3,9
Schamanskaya,antonidas,288,shaman,restoration,12,3,9
Nixxy,magtheridon,288,shaman,restoration,12,3,9
Kuzsham,archimonde,288,shaman,restoration,12,3,9
Carthis,silvermoon,288,shaman,restoration,12,3,9
Thísisrestø,sanguino,288,shaman,restoration,12,3,9
Hagelbrakan,stormscale,288,shaman,restoration,12,3,9
Kiliathsham,silvermoon,288,shaman,restoration,12,3,9
Hobblefoot,stormscale,288,shaman,restoration,12,3,9
Rennji,argent-dawn,288,shaman,restoration,12,3,9
Nynuken,silvermoon,288,shaman,restoration,12,3,9
Noxl,gorgonnash,288,shaman,restoration,12,3,9
Shamgott,silvermoon,288,shaman,restoration,12,3,9
Thrallotido,sanguino,288,shaman,restoration,12,3,9
Афтршок,soulflayer,288,shaman,restoration,12,3,9
Yukmôuth,stormscale,288,shaman,restoration,13,3,10
Shamerific,magtheridon,288,shaman,restoration,14,3,11
Dantheshaman,draenor,288,shaman,restoration,18,3,15
Oggyoggyoggy,outland,288,shaman,restoration,18,3,15
Shankka,ragnaros,288,shaman,restoration,18,3,15
ßasìkz,hyjal,288,shaman,restoration,18,3,15
Shaminista,ravencrest,288,shaman,restoration,24,3,21
Халн,greymane,287,shaman,restoration,6,3,3
Deeblu,nemesis,287,shaman,restoration,12,3,9
Präsi,die-aldor,287,shaman,restoration,18,3,15
Leftand,arathor,287,shaman,restoration,18,3,15
Rbghêâl,blackrock,287,shaman,restoration,18,3,15
Prettyhooves,alleria,286,shaman,restoration,6,3,3
Янешаманка,goldrinn,285,shaman,restoration,12,3,9
Mimsy,hyjal,285,shaman,restoration,12,3,9
Hulkogank,marécage-de-zangar,285,shaman,restoration,12,3,9
Shâm,kazzak,271,shaman,restoration,11,3,8
Localicious,ragnaros,255,shaman,restoration,11,3,8
Crazypurgeqt,arathor,255,shaman,restoration,17,3,14
Yang,der-rat-von-dalaran,240,shaman,restoration,9,4,5
Silden,thrall,234,shaman,restoration,10,5,5
Æxs,archimonde,234,shaman,restoration,8,4,4
Yukîmøn,hyjal,234,shaman,restoration,11,4,7
Guccishadezz,blackmoore,234,shaman,restoration,17,5,12
Ikó,kazzak,234,shaman,restoration,22,6,16
Drøgøs,dun-modr,234,shaman,restoration,18,4,14
Rayitoss,tyrande,233,shaman,restoration,19,4,15
Lilmac,defias-brotherhood,192,shaman,restoration,4,3,1
Marjorie,archimonde,192,shaman,restoration,6,2,4
Reverse,xavius,192,shaman,restoration,6,2,4
Pip,outland,192,shaman,restoration,6,2,4
Nuarishaman,kazzak,192,shaman,restoration,6,2,4
Sëídhr,arathi,192,shaman,restoration,6,2,4
Lexus,nordrassil,192,shaman,restoration,6,2,4
Jsham,blackmoore,192,shaman,restoration,6,2,4
Schamike,tichondrius,192,shaman,restoration,6,2,4
Srøgg,archimonde,192,shaman,restoration,6,2,4
Брбртолетчик,soulflayer,192,shaman,restoration,6,2,4
Pumanii,silvermoon,192,shaman,restoration,6,2,4
Sanxon,blackrock,192,shaman,restoration,6,2,4
Barnameco,outland,192,shaman,restoration,6,2,4
Урахарочка,soulflayer,192,shaman,restoration,6,2,4
Ünnä,sanguino,192,shaman,restoration,6,2,4
Noriqt,kazzak,192,shaman,restoration,6,2,4
Sàs,zuljin,192,shaman,restoration,6,2,4
Бинграех,howling-fjord,192,shaman,restoration,6,2,4
Oladoda,archimonde,192,shaman,restoration,6,2,4
Saymynamee,ragnaros,192,shaman,restoration,6,2,4
Nutqt,archimonde,192,shaman,restoration,6,2,4
Zogthor,hyjal,192,shaman,restoration,6,2,4
Imbahlink,draenor,192,shaman,restoration,6,2,4
Voodude,blackrock,192,shaman,restoration,6,2,4
Renátosz,ragnaros,192,shaman,restoration,6,2,4
Pebble,blackrock,192,shaman,restoration,6,2,4
Schmamane,blutkessel,192,shaman,restoration,6,2,4
Totemino,silvermoon,192,shaman,restoration,6,2,4
Ludiböris,kazzak,192,shaman,restoration,6,2,4
Chêlëx,silvermoon,192,shaman,restoration,6,2,4
Joshan,frostmourne,192,shaman,restoration,6,2,4
Jacquisham,archimonde,192,shaman,restoration,6,2,4
Hìrnfrost,blackrock,192,shaman,restoration,6,2,4
Anteja,kazzak,192,shaman,restoration,6,2,4
Rihi,twisting-nether,192,shaman,restoration,6,2,4
Элементаликс,ashenvale,192,shaman,restoration,6,2,4
Okrall,twisting-nether,192,shaman,restoration,6,2,4
Nopurge,thrall,192,shaman,restoration,6,2,4
Swineflay,kirin-tor,192,shaman,restoration,6,2,4
Джейджона,soulflayer,192,shaman,restoration,6,2,4
Wåe,outland,192,shaman,restoration,6,2,4
Bavalurst,doomhammer,192,shaman,restoration,6,2,4
Mordshamanx,draenor,192,shaman,restoration,6,2,4
Shalolx,twisting-nether,192,shaman,restoration,6,2,4
Trillebelly,outland,192,shaman,restoration,6,2,4
Elektrikci,silvermoon,192,shaman,restoration,6,2,4
Bram,aggra-português,192,shaman,restoration,6,2,4
Mikhey,archimonde,192,shaman,restoration,6,2,4
Fuchserl,aegwynn,192,shaman,restoration,6,2,4
Демианна,eversong,192,shaman,restoration,6,2,4
Kärmá,lightbringer,192,shaman,restoration,6,2,4
Пучмек,gordunni,192,shaman,restoration,6,2,4
Marrondevil,blackhand,192,shaman,restoration,6,2,4
Smorclelx,khadgar,192,shaman,restoration,6,2,4
Shialebôf,sylvanas,192,shaman,restoration,6,2,4
Nassîî,blackhand,192,shaman,restoration,6,2,4
Bumbummann,blackmoore,192,shaman,restoration,6,2,4
Naneunsanai,jaedenar,192,shaman,restoration,6,2,4
Nevertilt,argent-dawn,192,shaman,restoration,6,2,4
Lêss,ysondre,192,shaman,restoration,6,2,4
Berascendz,argent-dawn,192,shaman,restoration,6,2,4
Huibäm,eredar,192,shaman,restoration,6,2,4
Shupp,stormscale,192,shaman,restoration,6,2,4
Agorasiya,frostwolf,192,shaman,restoration,6,2,4
Kevox,malganis,192,shaman,restoration,6,2,4
Hapkin,defias-brotherhood,192,shaman,restoration,6,2,4
Bluéshirtguy,blackhand,192,shaman,restoration,6,2,4
Cynmaticsx,kargath,192,shaman,restoration,6,2,4
Zinlay,tarren-mill,192,shaman,restoration,6,2,4
Cetegusx,ravencrest,192,shaman,restoration,6,2,4
Cyklopx,ravencrest,192,shaman,restoration,6,2,4
Khayac,ravencrest,192,shaman,restoration,6,2,4
Gevitomeraw,sylvanas,192,shaman,restoration,6,2,4
Kàji,ravencrest,192,shaman,restoration,6,2,4
Тотемо,gordunni,192,shaman,restoration,6,2,4
Pûrge,tarren-mill,192,shaman,restoration,6,2,4
Ikdra,medivh,192,shaman,restoration,6,2,4
Wahya,stormscale,192,shaman,restoration,6,2,4
Basegrandpa,ravencrest,192,shaman,restoration,6,2,4
Ðiezz,ysondre,192,shaman,restoration,6,2,4
Matsish,sylvanas,192,shaman,restoration,6,2,4
Wiev,blackmoore,192,shaman,restoration,6,2,4
Chaac,bloodscalp,192,shaman,restoration,6,2,4
Sablolix,ravencrest,192,shaman,restoration,6,2,4
Narevoqi,madmortem,192,shaman,restoration,6,2,4
Idropwftotem,twilights-hammer,192,shaman,restoration,6,2,4
Chatbanned,blackmoore,192,shaman,restoration,6,2,4
Doflamingo,aszune,192,shaman,restoration,6,2,4
Kossborax,blackhand,192,shaman,restoration,6,2,4
Olmaz,ravencrest,192,shaman,restoration,6,2,4
Biggucci,sylvanas,192,shaman,restoration,6,2,4
Mitochondria,drakthul,192,shaman,restoration,6,2,4
Лавовыйдед,gordunni,192,shaman,restoration,6,2,4
Ninffø,dun-modr,192,shaman,restoration,20,4,16
Dvärgenkajsa,stormreaver,192,shaman,restoration,10,2,8
Ekxr,kazzak,192,shaman,restoration,12,2,10
Otuschsham,blackmoore,192,shaman,restoration,12,2,10
Hájoon,tarren-mill,192,shaman,restoration,12,2,10
Ezpz,frostmourne,192,shaman,restoration,12,2,10
Cptnkirby,malganis,192,shaman,restoration,12,2,10
Андеритс,gordunni,192,shaman,restoration,12,2,10
Epicoverlord,tarren-mill,192,shaman,restoration,12,2,10
Nuekx,sanguino,192,shaman,restoration,12,2,10
Delvanjus,blackrock,192,shaman,restoration,12,2,10
Samisu,blackmoore,192,shaman,restoration,12,2,10
Zennex,tarren-mill,192,shaman,restoration,12,2,10
Thunderjudge,twisting-nether,192,shaman,restoration,12,2,10
Илюшамашина,gordunni,192,shaman,restoration,12,2,10
Caméltótem,kazzak,192,shaman,restoration,12,2,10
Nashashuk,runetotem,192,shaman,restoration,12,2,10
Zënga,kazzak,192,shaman,restoration,12,2,10
Gïzmö,tarren-mill,192,shaman,restoration,12,2,10
Fatflop,sylvanas,192,shaman,restoration,12,2,10
Dagdush,blackhand,192,shaman,restoration,12,2,10
Barean,ravencrest,192,shaman,restoration,12,2,10
Zeltron,grim-batol,192,shaman,restoration,12,2,10
Zarschu,burning-legion,192,shaman,restoration,12,2,10
Masham,darkspear,192,shaman,restoration,12,2,10
Yolototem,drakthul,192,shaman,restoration,15,2,13
Tûrbø,ravencrest,192,shaman,restoration,18,2,16
Erscreamiko,zuljin,192,shaman,restoration,18,2,16
Wuchtzwerg,terrordar,192,shaman,restoration,18,2,16
Valuriya,blackhand,191,shaman,restoration,6,2,4
Varion,tichondrius,191,shaman,restoration,6,2,4
Koothe,dun-modr,191,shaman,restoration,6,2,4
Avajana,silvermoon,191,shaman,restoration,12,2,10
Geishablue,defias-brotherhood,191,shaman,restoration,12,2,10
Андумиэль,soulflayer,190,shaman,restoration,12,2,10
Chaotikos,ravencrest,178,shaman,restoration,12,8,4
Krootox,sunstrider,170,shaman,restoration,18,4,14
Zhangliyi,ravencrest,169,shaman,restoration,9,5,4
Fairgewalt,blackhand,159,shaman,restoration,8,3,5
Siyina,draenor,138,shaman,restoration,9,4,5
Artsu,argent-dawn,138,shaman,restoration,11,4,7
Ruzgork,nerzhul,138,shaman,restoration,9,3,6
Mcgrêgor,aegwynn,138,shaman,restoration,15,4,11
Volstorm,ysondre,138,shaman,restoration,12,3,9
Sörén,lothar,138,shaman,restoration,13,3,10
Cardenus,los-errantes,137,shaman,restoration,15,3,12
Крто,thermaplugg,128,shaman,restoration,4,2,2
Belldandý,archimonde,128,shaman,restoration,4,2,2
Feetsniffax,outland,128,shaman,restoration,4,2,2
Ниарата,greymane,96,shaman,restoration,6,1,5
Cavemencomp,malganis,96,shaman,restoration,6,1,5
Rahuna,darksorrow,96,shaman,restoration,6,1,5
Сатангодхх,howling-fjord,96,shaman,restoration,6,1,5
Cupído,malganis,96,shaman,restoration,6,1,5
Gq,auchindoun,96,shaman,restoration,6,1,5
Kostex,rexxar,96,shaman,restoration,6,1,5
Металорд,howling-fjord,96,shaman,restoration,6,1,5
Акер,deathguard,96,shaman,restoration,6,1,5
Dashakk,frostwhisper,96,shaman,restoration,6,1,5
Cy,aszune,96,shaman,restoration,6,1,5
Diabolous,drakthul,96,shaman,restoration,6,1,5
Absinthoxid,taerar,96,shaman,restoration,6,1,5
Greenbo,burning-blade,96,shaman,restoration,6,1,5
Valgash,khadgar,96,shaman,restoration,6,1,5
Elchivo,blackrock,96,shaman,restoration,6,1,5
Таззикшок,soulflayer,96,shaman,restoration,6,1,5
Eclaîr,thrall,96,shaman,restoration,6,1,5
Trendilla,malganis,96,shaman,restoration,6,1,5
Grumpystorm,agamaggan,96,shaman,restoration,6,1,5
Shoar,twisting-nether,96,shaman,restoration,6,1,5
Miscoj,zuljin,96,shaman,restoration,6,1,5
Jaeslin,tarren-mill,96,shaman,restoration,6,1,5
Trymytotems,drakthul,96,shaman,restoration,6,1,5
Elementss,stormscale,96,shaman,restoration,6,1,5
Kimpa,minahonda,96,shaman,restoration,6,1,5
Bjerknes,draenor,96,shaman,restoration,6,1,5
Proxjj,stormscale,96,shaman,restoration,6,1,5
Weldarion,ragnaros,96,shaman,restoration,6,1,5
Dälon,thrall,96,shaman,restoration,6,1,5
Щцц,soulflayer,96,shaman,restoration,6,1,5
Daykor,chamber-of-aspects,96,shaman,restoration,6,1,5
Getahex,draenor,96,shaman,restoration,6,1,5
Efdemin,blackmoore,96,shaman,restoration,6,1,5
Ulfuz,silvermoon,96,shaman,restoration,6,1,5
Ilovédogs,tarren-mill,96,shaman,restoration,6,1,5
Legended,tarren-mill,96,shaman,restoration,6,1,5
Neterö,la-croisade-écarlate,96,shaman,restoration,6,1,5
Lekyzx,archimonde,96,shaman,restoration,6,1,5
Chênoya,blackrock,96,shaman,restoration,6,1,5
Anieszka,malganis,96,shaman,restoration,6,1,5
Lapou,archimonde,96,shaman,restoration,6,1,5
Reflux,outland,96,shaman,restoration,6,1,5
Smorcxx,kazzak,96,shaman,restoration,6,1,5
Earthvixen,ravencrest,96,shaman,restoration,6,1,5
Aguero,aegwynn,96,shaman,restoration,6,1,5
Cirøsham,ravencrest,96,shaman,restoration,6,1,5
Касьянкочка,blackscar,96,shaman,restoration,6,1,5
Zimzalabling,kazzak,96,shaman,restoration,6,1,5
Apolomaeuz,frostwolf,96,shaman,restoration,6,1,5
Moonlanced,aegwynn,96,shaman,restoration,6,1,5
Cptcutíe,antonidas,96,shaman,restoration,6,1,5
Poliez,outland,96,shaman,restoration,6,1,5
Fuchifu,eredar,96,shaman,restoration,6,1,5
Крузмвп,blackscar,96,shaman,restoration,6,1,5
Dvrg,antonidas,96,shaman,restoration,6,1,5
Stonetone,silvermoon,96,shaman,restoration,6,1,5
Foxhug,kazzak,96,shaman,restoration,6,1,5
Jawoburst,antonidas,96,shaman,restoration,6,1,5
Ader,outland,96,shaman,restoration,6,1,5
Swepx,ravencrest,96,shaman,restoration,6,1,5
Try,zuluhed,96,shaman,restoration,6,1,5
Púrgé,outland,96,shaman,restoration,6,1,5
Atuza,antonidas,96,shaman,restoration,6,1,5
Zethh,antonidas,96,shaman,restoration,6,1,5
Hotstorm,bronzebeard,96,shaman,restoration,6,1,5
Yuimhi,sanguino,96,shaman,restoration,7,1,6
Schockbunny,blackrock,96,shaman,restoration,17,2,15
Ikeaboy,eredar,96,shaman,restoration,12,1,11
Porre,zuljin,96,shaman,restoration,12,1,11
Garulf,twisting-nether,96,shaman,restoration,12,1,11
Hugzy,argent-dawn,96,shaman,restoration,12,1,11
Freeleys,silvermoon,96,shaman,restoration,12,1,11
Íss,cthun,96,shaman,restoration,12,1,11
Akuha,dun-modr,96,shaman,restoration,12,1,11
Xicez,sanguino,96,shaman,restoration,12,1,11
Anstra,colinas-pardas,96,shaman,restoration,12,1,11
Tiamât,culte-de-la-rive-noire,96,shaman,restoration,12,1,11
Топмахвелл,soulflayer,96,shaman,restoration,12,1,11
Kvelertak,guldan,96,shaman,restoration,18,1,17
Rohek,tarren-mill,96,shaman,restoration,18,1,17
Hairball,turalyon,95,shaman,restoration,6,2,4
Twotwozero,defias-brotherhood,95,shaman,restoration,6,1,5
Pandafightin,stormscale,95,shaman,restoration,11,1,10
Taiki,sylvanas,90,shaman,restoration,13,4,9
Kungachunga,pozzo-delleternità,79,shaman,restoration,5,1,4
Bursthand,sanguino,79,shaman,restoration,11,1,10
Calmlizard,ragnaros,64,shaman,restoration,4,1,3
Brownbear,stormscale,64,shaman,restoration,4,1,3
Destrosoul,kazzak,64,shaman,restoration,4,1,3
Nowái,tarren-mill,64,shaman,restoration,4,1,3
Drê,daggerspine,64,shaman,restoration,4,1,3
Smokingtotem,alakir,48,shaman,restoration,9,1,8
Buildthewall,archimonde,42,shaman,restoration,8,3,5
Ånný,blackmoore,42,shaman,restoration,11,3,8
Oyuun,rajaxx,42,shaman,restoration,11,3,8
Icanbreathe,ravencrest,42,shaman,restoration,9,2,7
Pandatrials,turalyon,42,shaman,restoration,10,2,8
Shammez,ravencrest,42,shaman,restoration,11,2,9
Søpse,stormscale,42,shaman,restoration,15,2,13
Guzzelinare,tarren-mill,2415,shaman,elemental,78,51,27
Elejizz,kazzak,2378,shaman,elemental,126,71,55
Rngo,blackrock,2366,shaman,elemental,120,73,47
Eupra,archimonde,2351,shaman,elemental,156,87,69
Nyed,hyjal,2309,shaman,elemental,120,69,51
Silden,thrall,2303,shaman,elemental,121,72,49
Shiggenbasta,kazzak,2300,shaman,elemental,102,60,42
Rungozvs,blackrock,2297,shaman,elemental,125,69,56
Reibanit,twisting-nether,2284,shaman,elemental,147,86,61
Rungõo,blackrock,2281,shaman,elemental,174,101,73
Drshock,blackmoore,2281,shaman,elemental,167,88,79
Baldcreep,blackrock,2254,shaman,elemental,60,41,19
Euprâ,archimonde,2240,shaman,elemental,131,70,61
Ghostwolfgg,archimonde,2236,shaman,elemental,138,76,62
Proccit,blackrock,2226,shaman,elemental,90,50,40
Lexila,doomhammer,2215,shaman,elemental,592,309,283
Theglue,kilrogg,2212,shaman,elemental,72,42,30
Mcmxcvi,ravencrest,2207,shaman,elemental,154,90,64
Маигваза,soulflayer,2198,shaman,elemental,66,46,20
Blyatifulday,malganis,2196,shaman,elemental,114,64,50
Connecting,hyjal,2171,shaman,elemental,108,56,52
Båkka,ysondre,2170,shaman,elemental,78,47,31
Bärtigeberta,aegwynn,2170,shaman,elemental,102,54,48
Matmodir,hyjal,2165,shaman,elemental,120,62,58
Sïmp,blackrock,2159,shaman,elemental,131,81,50
Tommybanger,kazzak,2158,shaman,elemental,75,49,26
Shrmful,dun-modr,2153,shaman,elemental,83,53,30
Shamanazor,twisting-nether,2153,shaman,elemental,66,41,25
Dakyele,ravencrest,2147,shaman,elemental,89,47,42
Space,stormscale,2144,shaman,elemental,126,66,60
Trickful,kazzak,2138,shaman,elemental,66,45,21
Uselesslaso,sanguino,2136,shaman,elemental,117,59,58
Lavaole,blackrock,2130,shaman,elemental,84,43,41
Autopanne,malganis,2117,shaman,elemental,78,48,30
Nevershearx,blackrock,2114,shaman,elemental,70,39,31
Bigschamlipp,blackhand,2111,shaman,elemental,73,51,22
Haumx,blackrock,2109,shaman,elemental,147,80,67
Jøhnnwick,archimonde,2106,shaman,elemental,83,47,36
Mèåtbåll,ravencrest,2105,shaman,elemental,77,49,28
Smorchamp,sanguino,2104,shaman,elemental,96,47,49
Jøhnwick,ysondre,2103,shaman,elemental,72,39,33
Blackyx,cthun,2100,shaman,elemental,164,95,69
Бпокбастэр,gordunni,2098,shaman,elemental,87,50,37
Woof,culte-de-la-rive-noire,2093,shaman,elemental,66,36,30
Houmpf,hyjal,2091,shaman,elemental,78,41,37
Billybatman,argent-dawn,2090,shaman,elemental,66,48,18
Eyi,ambossar,2086,shaman,elemental,134,70,64
Edshearen,stormscale,2084,shaman,elemental,170,88,82
Teslashock,outland,2083,shaman,elemental,71,46,25
Wisplol,ravencrest,2077,shaman,elemental,305,158,147
Langedinho,stormscale,2075,shaman,elemental,231,118,113
Pleasehealme,ravencrest,2067,shaman,elemental,42,33,9
Raintlordx,twisting-nether,2060,shaman,elemental,42,36,6
Starelement,draenor,2058,shaman,elemental,114,55,59
Ìløvêxÿú,ravencrest,2054,shaman,elemental,164,90,74
Dsgrc,tarren-mill,2053,shaman,elemental,72,38,34
Kenaz,outland,2049,shaman,elemental,67,36,31
Elegodx,ravencrest,2046,shaman,elemental,83,44,39
Jelvin,tarren-mill,2042,shaman,elemental,144,76,68
Thriveqt,nemesis,2042,shaman,elemental,96,45,51
Lavayoshi,kazzak,2026,shaman,elemental,72,48,24
Iavalavalava,tarren-mill,2025,shaman,elemental,96,46,50
Matmons,hyjal,2021,shaman,elemental,67,33,34
Eppîx,lightnings-blade,2014,shaman,elemental,88,45,43
Agrero,auchindoun,2008,shaman,elemental,174,89,85
Satisfya,ambossar,2006,shaman,elemental,286,150,136
Suldarissham,aegwynn,2001,shaman,elemental,41,25,16
Punished,blackrock,2000,shaman,elemental,107,62,45
Rottulos,stormrage,2000,shaman,elemental,60,33,27
Ryysham,ravencrest,1996,shaman,elemental,122,68,54
Thyeori,stormscale,1996,shaman,elemental,72,36,36
Nykhara,sanguino,1987,shaman,elemental,72,42,30
Шутках,gordunni,1986,shaman,elemental,42,24,18
Könsneutral,tarren-mill,1985,shaman,elemental,65,38,27
Nowmack,archimonde,1981,shaman,elemental,48,32,16
Tâsty,blackmoore,1980,shaman,elemental,63,36,27
Nyzo,tarren-mill,1979,shaman,elemental,72,36,36
Kärríegold,blackrock,1976,shaman,elemental,417,217,200
Айвимэдисон,howling-fjord,1974,shaman,elemental,82,46,36
Murdá,ravencrest,1969,shaman,elemental,96,45,51
Bzezz,archimonde,1968,shaman,elemental,66,36,30
Йодаримару,howling-fjord,1965,shaman,elemental,71,36,35
Suldaro,aegwynn,1964,shaman,elemental,73,39,34
Leccyavenue,twisting-nether,1958,shaman,elemental,54,35,19
Valgø,twisting-nether,1954,shaman,elemental,222,127,95
Pipousham,blackhand,1954,shaman,elemental,47,26,21
Pheazka,outland,1950,shaman,elemental,71,37,34
Élé,twisting-nether,1950,shaman,elemental,72,37,35
Naskezz,kazzak,1948,shaman,elemental,179,93,86
Qualitydoge,kazzak,1947,shaman,elemental,48,31,17
Obryss,tarren-mill,1939,shaman,elemental,54,30,24
Monsuunibaba,tarren-mill,1935,shaman,elemental,69,36,33
Onceinalife,ambossar,1935,shaman,elemental,336,171,165
Eledelede,blackhand,1934,shaman,elemental,66,35,31
Smashz,stormscale,1930,shaman,elemental,133,79,54
Kiirín,drakthul,1929,shaman,elemental,72,39,33
Preshear,twisting-nether,1916,shaman,elemental,41,31,10
Зэстус,soulflayer,1915,shaman,elemental,149,88,61
Feetenjoyerx,kazzak,1912,shaman,elemental,74,39,35
Çð,ravencrest,1909,shaman,elemental,36,20,16
Matmonai,hyjal,1908,shaman,elemental,72,34,38
Gungo,deathwing,1905,shaman,elemental,42,22,20
Sajma,silvermoon,1903,shaman,elemental,69,48,21
Novoz,ysondre,1902,shaman,elemental,77,43,34
Mjorè,twisting-nether,1902,shaman,elemental,162,79,83
Nokster,twisting-nether,1896,shaman,elemental,164,90,74
Cïgänää,archimonde,1894,shaman,elemental,50,28,22
Midgetnatty,ravencrest,1892,shaman,elemental,76,43,33
Lavalars,blackhand,1891,shaman,elemental,54,32,22
Totemlié,ravencrest,1887,shaman,elemental,42,27,15
Nëllaqt,archimonde,1884,shaman,elemental,60,34,26
Paulbaniel,alonsus,1884,shaman,elemental,96,45,51
Хеллбат,howling-fjord,1883,shaman,elemental,42,25,17
Dräpàrn,sylvanas,1876,shaman,elemental,66,35,31
Psyku,outland,1875,shaman,elemental,42,20,22
Owrly,stormscale,1871,shaman,elemental,335,168,167
Fellatia,baelgun,1863,shaman,elemental,84,58,26
Borbor,argent-dawn,1858,shaman,elemental,46,23,23
Nekhros,sargeras,1854,shaman,elemental,247,128,119
Flanax,hyjal,1852,shaman,elemental,78,44,34
Anqe,twisting-nether,1852,shaman,elemental,126,66,60
Tellý,blackmoore,1846,shaman,elemental,53,31,22
Millevolt,emerald-dream,1844,shaman,elemental,42,22,20
Hothand,thrall,1844,shaman,elemental,54,26,28
Mehboul,hyjal,1843,shaman,elemental,60,35,25
Georgewhat,defias-brotherhood,1843,shaman,elemental,75,39,36
Lilmarco,stormreaver,1843,shaman,elemental,72,35,37
Реалайзер,blackscar,1841,shaman,elemental,54,32,22
Lianitus,tarren-mill,1841,shaman,elemental,69,33,36
Tasoro,sanguino,1840,shaman,elemental,71,34,37
Doyah,eredar,1834,shaman,elemental,54,33,21
Sayokô,grim-batol,1834,shaman,elemental,48,28,20
Bambustic,kazzak,1833,shaman,elemental,41,25,16
Suirz,dun-modr,1831,shaman,elemental,65,45,20
Stickix,malganis,1829,shaman,elemental,65,37,28
Retuu,uldaman,1829,shaman,elemental,54,30,24
Crazyshaman,ravencrest,1829,shaman,elemental,53,26,27
Slogic,tarren-mill,1828,shaman,elemental,71,34,37
Kronoxd,tarren-mill,1828,shaman,elemental,74,33,41
Lavalava,blackmoore,1827,shaman,elemental,162,90,72
Crespó,alakir,1827,shaman,elemental,54,25,29
Transcendent,malorne,1826,shaman,elemental,84,63,21
Xtremeshaman,blackmoore,1826,shaman,elemental,36,26,10
Hazardhenry,argent-dawn,1826,shaman,elemental,42,30,12
Sourens,twisting-nether,1826,shaman,elemental,92,48,44
Starpior,stormscale,1826,shaman,elemental,77,38,39
Карбонатрикс,soulflayer,1825,shaman,elemental,100,57,43
Штормкрашер,howling-fjord,1825,shaman,elemental,120,62,58
Healyoa,blackmoore,1824,shaman,elemental,201,99,102
Kæzx,blackrock,1822,shaman,elemental,78,45,33
Vandouille,archimonde,1820,shaman,elemental,45,29,16
Инимал,deathweaver,1817,shaman,elemental,36,21,15
Nalaadu,stormscale,1817,shaman,elemental,66,38,28
Raknoxye,blackrock,1816,shaman,elemental,36,28,8
Achtungblitz,blackrock,1813,shaman,elemental,42,33,9
Korvsnärten,outland,1811,shaman,elemental,87,46,41
Lavatherapy,grim-batol,1809,shaman,elemental,114,65,49
Chamel,draenor,1808,shaman,elemental,30,19,11
Ungabungha,stormscale,1808,shaman,elemental,175,100,75
Kailash,defias-brotherhood,1808,shaman,elemental,54,26,28
Procc,nordrassil,1807,shaman,elemental,42,28,14
Faridstreng,blackmoore,1807,shaman,elemental,60,39,21
Ejx,arthas,1807,shaman,elemental,70,37,33
Ehlaina,outland,1806,shaman,elemental,30,19,11
Mércander,kazzak,1805,shaman,elemental,54,31,23
Bûsta,ravencrest,1804,shaman,elemental,48,25,23
Sheamanus,ravencrest,1803,shaman,elemental,147,82,65
Barbarra,stormscale,1802,shaman,elemental,54,28,26
Firella,the-maelstrom,1801,shaman,elemental,40,23,17
Burstraze,tarren-mill,1801,shaman,elemental,58,32,26
Spajry,drakthul,1800,shaman,elemental,54,35,19
Cloony,khaz-modan,1796,shaman,elemental,80,54,26
Visboer,stormscale,1796,shaman,elemental,30,19,11
Oneßuttøn,ravencrest,1794,shaman,elemental,72,32,40
Lavaproc,burning-legion,1792,shaman,elemental,132,69,63
Zimoneris,blackmoore,1791,shaman,elemental,36,22,14
Jacklupin,ravencrest,1791,shaman,elemental,66,31,35
Psÿkz,kazzak,1790,shaman,elemental,57,25,32
ßakingsoda,tarren-mill,1788,shaman,elemental,48,30,18
Sunsong,twisting-nether,1787,shaman,elemental,120,68,52
Shiranoye,blackrock,1787,shaman,elemental,54,25,29
Aspên,archimonde,1785,shaman,elemental,54,29,25
Cismine,twisting-nether,1782,shaman,elemental,54,35,19
Pitsamestari,frostmane,1780,shaman,elemental,128,71,57
Hugeballsman,silvermoon,1780,shaman,elemental,134,64,70
Suntaria,stormscale,1775,shaman,elemental,54,24,30
Çð,twisting-nether,1772,shaman,elemental,47,28,19
Knastele,silvermoon,1767,shaman,elemental,30,22,8
Spruehkot,aegwynn,1767,shaman,elemental,33,22,11
Volcanò,outland,1766,shaman,elemental,211,104,107
Øwlïshâm,archimonde,1763,shaman,elemental,53,26,27
Agreró,auchindoun,1756,shaman,elemental,39,25,14
Exxco,aegwynn,1753,shaman,elemental,47,27,20
Solosüper,ravencrest,1753,shaman,elemental,60,30,30
Шумноватт,howling-fjord,1753,shaman,elemental,48,23,25
Voydetesto,sanguino,1753,shaman,elemental,90,42,48
Lsdx,silvermoon,1752,shaman,elemental,66,37,29
Smorclelx,khadgar,1750,shaman,elemental,182,93,89
Earthhulk,thrall,1748,shaman,elemental,60,36,24
Wátermélon,stormscale,1747,shaman,elemental,54,35,19
Enamo,blackrock,1747,shaman,elemental,47,26,21
Seriux,twisting-nether,1744,shaman,elemental,60,40,20
Tølkian,dalaran,1742,shaman,elemental,42,20,22
Ronfroggo,kazzak,1740,shaman,elemental,58,32,26
Shåmssagat,kazzak,1739,shaman,elemental,42,22,20
Earthtjockis,ragnaros,1739,shaman,elemental,41,20,21
Mikecrybaby,tarren-mill,1736,shaman,elemental,78,43,35
Fahrlos,eredar,1734,shaman,elemental,66,29,37
Fakehex,blackrock,1733,shaman,elemental,98,57,41
Mishoshamana,tarren-mill,1733,shaman,elemental,95,54,41
Acces,stormscale,1732,shaman,elemental,78,51,27
Elexuz,blackrock,1731,shaman,elemental,90,53,37
Мистеркутёж,gordunni,1731,shaman,elemental,188,101,87
Yiiro,argent-dawn,1730,shaman,elemental,48,26,22
Кирагаз,gordunni,1730,shaman,elemental,100,53,47
Hanatopikeur,grim-batol,1728,shaman,elemental,35,19,16
Dwarfracial,blackrock,1725,shaman,elemental,30,18,12
Djlavaburst,malganis,1724,shaman,elemental,311,153,158
Gammeldunder,shattered-hand,1724,shaman,elemental,77,34,43
Drainergødx,ragnaros,1723,shaman,elemental,72,42,30
Daubidaubi,kazzak,1722,shaman,elemental,39,26,13
Grapefruit,blackmoore,1722,shaman,elemental,30,18,12
Xereús,kazzak,1722,shaman,elemental,76,37,39
Adamyo,stormscale,1718,shaman,elemental,137,68,69
Chênoya,blackrock,1718,shaman,elemental,78,34,44
Jamzyshaman,emerald-dream,1713,shaman,elemental,30,19,11
Totemlyhot,blackrock,1713,shaman,elemental,48,28,20
Deepdamp,blackrock,1712,shaman,elemental,34,26,8
Shocknrun,sylvanas,1712,shaman,elemental,54,27,27
Lavaz,blackmoore,1711,shaman,elemental,112,51,61
Nöyrä,argent-dawn,1710,shaman,elemental,36,25,11
Zaledria,argent-dawn,1710,shaman,elemental,72,42,30
Mariomental,draenor,1710,shaman,elemental,81,38,43
Obesisham,outland,1710,shaman,elemental,98,43,55
Prêxy,kazzak,1709,shaman,elemental,91,42,49
Cylantarus,blackrock,1705,shaman,elemental,36,25,11
Дашажмихекс,howling-fjord,1704,shaman,elemental,42,24,18
Lantbruk,twisting-nether,1703,shaman,elemental,49,28,21
Kilazz,twisting-nether,1703,shaman,elemental,48,24,24
Twists,sylvanas,1702,shaman,elemental,24,18,6
Farùk,ravencrest,1701,shaman,elemental,39,24,15
Mö,ragnaros,1696,shaman,elemental,297,165,132
Diaba,sylvanas,1695,shaman,elemental,58,34,24
Fabslx,archimonde,1694,shaman,elemental,159,71,88
Horizons,the-maelstrom,1692,shaman,elemental,30,18,12
Kraksham,ravencrest,1690,shaman,elemental,24,18,6
Daemp,draenor,1689,shaman,elemental,30,22,8
Anøüchkä,ysondre,1688,shaman,elemental,82,45,37
Braíntas,norgannon,1687,shaman,elemental,102,48,54
Muscade,silvermoon,1686,shaman,elemental,72,42,30
Ðreamz,kaelthas,1685,shaman,elemental,48,23,25
Roskan,archimonde,1681,shaman,elemental,36,20,16
Мэморисс,gordunni,1681,shaman,elemental,50,25,25
Sáàd,ravencrest,1681,shaman,elemental,42,20,22
Sheherezeday,aegwynn,1681,shaman,elemental,60,27,33
Neotrax,outland,1680,shaman,elemental,102,56,46
Mendiing,kazzak,1680,shaman,elemental,36,19,17
Sykx,hyjal,1678,shaman,elemental,35,23,12
Kohnân,hyjal,1675,shaman,elemental,84,42,42
Lokasakke,tarren-mill,1674,shaman,elemental,40,22,18
Гивми,blackscar,1674,shaman,elemental,73,38,35
Naphe,ysondre,1674,shaman,elemental,65,33,32
Koiru,argent-dawn,1673,shaman,elemental,36,23,13
Milotem,ysondre,1671,shaman,elemental,54,28,26
Klicken,tarren-mill,1670,shaman,elemental,29,19,10
Xelphia,frostmane,1670,shaman,elemental,53,22,31
Basiletta,hyjal,1669,shaman,elemental,55,39,16
Афтршок,soulflayer,1669,shaman,elemental,57,30,27
Козаностро,howling-fjord,1668,shaman,elemental,30,19,11
Regnever,draenor,1667,shaman,elemental,131,56,75
Namè,kazzak,1663,shaman,elemental,36,22,14
Makaria,emerald-dream,1662,shaman,elemental,119,58,61
Vamali,draenor,1662,shaman,elemental,65,31,34
Tteïl,archimonde,1660,shaman,elemental,72,40,32
Elrayitos,shendralar,1659,shaman,elemental,114,63,51
Vorteas,burning-blade,1658,shaman,elemental,42,23,19
Rawside,thrall,1658,shaman,elemental,52,26,26
Davinshhe,kazzak,1657,shaman,elemental,66,25,41
Kapïtão,aggra-português,1656,shaman,elemental,48,27,21
Shamatto,nemesis,1654,shaman,elemental,64,42,22
Электро,thermaplugg,1654,shaman,elemental,71,34,37
Hotsincezero,archimonde,1651,shaman,elemental,53,36,17
Deeck,ravencrest,1651,shaman,elemental,83,53,30
Bloodseeker,tarren-mill,1651,shaman,elemental,42,22,20
Malybou,ysondre,1651,shaman,elemental,36,18,18
Wylly,aegwynn,1650,shaman,elemental,150,79,71
Pxsquals,ravencrest,1649,shaman,elemental,82,42,40
Крушам,gordunni,1647,shaman,elemental,53,30,23
Tiji,eredar,1643,shaman,elemental,50,32,18
Zest,hyjal,1643,shaman,elemental,59,28,31
Ezala,blackhand,1642,shaman,elemental,102,56,46
Vanrake,ravencrest,1641,shaman,elemental,115,64,51
Axahavregryn,kazzak,1640,shaman,elemental,66,40,26
Urshak,alleria,1639,shaman,elemental,36,24,12
Zaarok,voljin,1639,shaman,elemental,91,41,50
Liluzivert,mannoroth,1638,shaman,elemental,77,40,37
Mezzoblu,sanguino,1638,shaman,elemental,216,112,104
Wàve,stormscale,1638,shaman,elemental,78,39,39
Reignisover,silvermoon,1637,shaman,elemental,51,32,19
Autopanne,draenor,1636,shaman,elemental,30,18,12
Thorleíf,silvermoon,1636,shaman,elemental,90,42,48
Aviciix,sanguino,1634,shaman,elemental,147,69,78
Bigfrigid,outland,1633,shaman,elemental,66,31,35
Proccq,twisting-nether,1632,shaman,elemental,34,18,16
Isvk,ravencrest,1631,shaman,elemental,50,27,23
Elektron,malganis,1631,shaman,elemental,142,73,69
Ттраал,eversong,1628,shaman,elemental,24,17,7
Rrtyui,twisting-nether,1628,shaman,elemental,30,17,13
Xorron,archimonde,1627,shaman,elemental,219,103,116
Leavemeàlone,ysondre,1625,shaman,elemental,18,17,1
Murmelï,stormreaver,1625,shaman,elemental,30,20,10
Huyø,stormscale,1625,shaman,elemental,90,40,50
Silverpanne,silvermoon,1623,shaman,elemental,24,17,7
Jâydizzle,draenor,1623,shaman,elemental,171,79,92
Zæus,ragnaros,1622,shaman,elemental,42,20,22
Dzielnysham,silvermoon,1621,shaman,elemental,50,28,22
Aylar,zenedar,1619,shaman,elemental,42,23,19
Ogrodi,burning-legion,1619,shaman,elemental,102,53,49
Esal,blackrock,1618,shaman,elemental,55,31,24
Testpapi,twisting-nether,1618,shaman,elemental,75,42,33
Máui,korgall,1618,shaman,elemental,132,71,61
Gojõ,dun-modr,1618,shaman,elemental,48,22,26
Microb,blackmoore,1617,shaman,elemental,54,29,25
Pórçé,shattered-hand,1616,shaman,elemental,216,119,97
Касикандрэра,soulflayer,1615,shaman,elemental,456,238,218
Kristhebrave,twisting-nether,1615,shaman,elemental,126,65,61
Targoel,blackmoore,1612,shaman,elemental,169,82,87
Ânuk,blackrock,1612,shaman,elemental,162,78,84
Blastersondy,outland,1611,shaman,elemental,37,23,14
Ангустиа,galakrond,1610,shaman,elemental,29,20,9
Hanakokô,grim-batol,1610,shaman,elemental,30,17,13
Kemurus,kazzak,1610,shaman,elemental,77,42,35
Nachtary,blackmoore,1609,shaman,elemental,71,40,31
Roxxo,frostwolf,1607,shaman,elemental,71,43,28
Thorsteinar,kazzak,1607,shaman,elemental,35,20,15
Gúîtårgøð,sanguino,1607,shaman,elemental,48,22,26
Sházz,dun-modr,1606,shaman,elemental,65,34,31
Кислаябуба,howling-fjord,1606,shaman,elemental,36,17,19
Jímmy,frostwhisper,1605,shaman,elemental,72,45,27
Зиленый,soulflayer,1604,shaman,elemental,42,22,20
Chinozukems,sanguino,1604,shaman,elemental,90,47,43
Replicusele,doomhammer,1603,shaman,elemental,30,19,11
Naathir,magtheridon,1603,shaman,elemental,30,19,11
Mcbloob,kazzak,1602,shaman,elemental,70,36,34
Byma,burning-legion,1601,shaman,elemental,30,21,9
Stromdi,azshara,1601,shaman,elemental,28,18,10
Шаманнутая,gordunni,1601,shaman,elemental,71,43,28
Manaphi,arthas,1599,shaman,elemental,60,31,29
Atiix,eredar,1599,shaman,elemental,42,21,21
Fotmglad,blackrock,1599,shaman,elemental,60,27,33
Шамвкроксах,howling-fjord,1596,shaman,elemental,30,17,13
Waâagh,kirin-tor,1595,shaman,elemental,78,45,33
Ogkûshgödx,sylvanas,1593,shaman,elemental,30,18,12
Aureo,dun-modr,1593,shaman,elemental,46,23,23
Naorgot,uldaman,1591,shaman,elemental,144,65,79
Johncoltrane,archimonde,1589,shaman,elemental,30,23,7
Minasa,saurfang,1589,shaman,elemental,157,74,83
Biccon,silvermoon,1588,shaman,elemental,36,19,17
Vivaldi,varimathras,1587,shaman,elemental,108,47,61
Wilson,twisting-nether,1586,shaman,elemental,48,27,21
Ryhèn,stormscale,1586,shaman,elemental,54,30,24
Zðhan,azshara,1586,shaman,elemental,55,27,28
Лартисс,howling-fjord,1586,shaman,elemental,54,26,28
Гудлаик,soulflayer,1584,shaman,elemental,70,38,32
Ронхот,soulflayer,1584,shaman,elemental,60,22,38
Essneces,burning-legion,1583,shaman,elemental,42,23,19
Zengã,kazzak,1583,shaman,elemental,95,41,54
Rolftheswine,defias-brotherhood,1582,shaman,elemental,30,19,11
Porthex,kazzak,1582,shaman,elemental,30,18,12
Kankxx,stormscale,1580,shaman,elemental,30,18,12
Hotis,onyxia,1578,shaman,elemental,169,83,86
Headthirst,ragnaros,1576,shaman,elemental,62,33,29
Bèx,twisting-nether,1576,shaman,elemental,49,24,25
Brugdar,tarren-mill,1574,shaman,elemental,42,28,14
Shammyammy,tarren-mill,1574,shaman,elemental,111,61,50
Thebomber,guldan,1573,shaman,elemental,72,30,42
Wlãdoo,archimonde,1572,shaman,elemental,26,18,8
Twiva,silvermoon,1572,shaman,elemental,76,45,31
Incredibade,stormscale,1572,shaman,elemental,42,24,18
Blízzilassø,malygos,1572,shaman,elemental,179,93,86
Pomegranate,arthas,1569,shaman,elemental,48,20,28
Qwilfish,blackmoore,1567,shaman,elemental,71,37,34
Valunii,lordaeron,1566,shaman,elemental,279,136,143
Akukuu,kazzak,1566,shaman,elemental,96,45,51
Thazra,zirkel-des-cenarius,1565,shaman,elemental,77,42,35
Robofat,ravencrest,1564,shaman,elemental,36,21,15
Тессельхоф,howling-fjord,1564,shaman,elemental,46,23,23
Ласара,eversong,1563,shaman,elemental,54,25,29
Òoòoòoòoòoòo,silvermoon,1559,shaman,elemental,54,24,30
Faydasizsham,twisting-nether,1558,shaman,elemental,80,45,35
Smort,frostwolf,1558,shaman,elemental,42,22,20
Harod,suramar,1558,shaman,elemental,72,37,35
Hapkin,defias-brotherhood,1558,shaman,elemental,54,27,27
Canjo,aegwynn,1557,shaman,elemental,69,36,33
Дестройбэйби,gordunni,1556,shaman,elemental,132,74,58
Хэйзл,ashenvale,1554,shaman,elemental,110,60,50
Fattmorte,hyjal,1547,shaman,elemental,27,19,8
Waaghbozz,eredar,1547,shaman,elemental,66,38,28
Eleurii,burning-blade,1547,shaman,elemental,72,34,38
Végàs,ysondre,1547,shaman,elemental,60,26,34
Orcshaman,the-maelstrom,1538,shaman,elemental,30,18,12
Batan,kazzak,1535,shaman,elemental,71,31,40
Grende,sylvanas,1534,shaman,elemental,69,37,32
Elkyrie,alakir,1534,shaman,elemental,71,37,34
Lavabelly,twisting-nether,1526,shaman,elemental,84,34,50
Crysenshocks,blackrock,1524,shaman,elemental,96,49,47
Виспепешам,gordunni,1524,shaman,elemental,66,32,34
Думсия,gordunni,1522,shaman,elemental,54,27,27
Zimtmann,teldrassil,1521,shaman,elemental,36,22,14
Чойсе,deathguard,1519,shaman,elemental,154,74,80
Fúth,ysondre,1516,shaman,elemental,64,34,30
Томёрк,gordunni,1515,shaman,elemental,144,71,73
Aldonatello,blackrock,1514,shaman,elemental,174,96,78
Plebzgodxkto,nemesis,1513,shaman,elemental,49,29,20
Zna,archimonde,1513,shaman,elemental,94,48,46
Shibol,ravencrest,1513,shaman,elemental,85,39,46
Løun,archimonde,1511,shaman,elemental,102,51,51
Belsazar,frostwolf,1511,shaman,elemental,48,20,28
Милфшама,blackscar,1509,shaman,elemental,70,35,35
Baarona,neptulon,1506,shaman,elemental,81,43,38
Ulfax,argent-dawn,1506,shaman,elemental,94,45,49
Тыщатристах,howling-fjord,1505,shaman,elemental,56,38,18
Amanishama,twisting-nether,1501,shaman,elemental,105,59,46
Леланай,blackscar,1498,shaman,elemental,56,28,28
Naturexz,silvermoon,1495,shaman,elemental,32,18,14
Экслайнер,deathweaver,1495,shaman,elemental,89,42,47
Voltyum,zuljin,1491,shaman,elemental,111,47,64
Ralokar,blackrock,1488,shaman,elemental,78,41,37
Sniffix,ysondre,1485,shaman,elemental,153,75,78
Olawizard,draenor,1481,shaman,elemental,119,64,55
Haasshaman,ravencrest,1480,shaman,elemental,121,50,71
Тмх,ashenvale,1479,shaman,elemental,112,58,54
Shaakez,kazzak,1476,shaman,elemental,35,17,18
Dawzed,hyjal,1472,shaman,elemental,54,31,23
Crazypop,outland,1472,shaman,elemental,36,19,17
Джуньбургерх,gordunni,1471,shaman,elemental,42,22,20
Lêmberger,eredar,1470,shaman,elemental,54,30,24
Bâllz,anetheron,1469,shaman,elemental,248,125,123
Sinirli,ravencrest,1469,shaman,elemental,36,17,19
Aesstras,hyjal,1468,shaman,elemental,56,29,27
Hurik,sylvanas,1467,shaman,elemental,20,16,4
Tempest,kul-tiras,1464,shaman,elemental,67,41,26
Kabà,aegwynn,1463,shaman,elemental,37,24,13
Шамвкроксах,gordunni,1463,shaman,elemental,54,28,26
Yang,der-rat-von-dalaran,1462,shaman,elemental,30,19,11
Bigrambo,draenor,1462,shaman,elemental,77,38,39
Rennji,argent-dawn,1461,shaman,elemental,161,78,83
Vulcainn,marécage-de-zangar,1460,shaman,elemental,105,68,37
Teccatwo,outland,1458,shaman,elemental,58,31,27
Гексанол,soulflayer,1457,shaman,elemental,58,30,28
Cracklord,outland,1456,shaman,elemental,48,26,22
Grimtol,magtheridon,1455,shaman,elemental,47,20,27
Fullavaids,grim-batol,1454,shaman,elemental,33,16,17
Сепич,gordunni,1453,shaman,elemental,66,40,26
Alwaysangry,silvermoon,1453,shaman,elemental,84,41,43
Ríleyx,twisting-nether,1451,shaman,elemental,89,57,32
Gorpdorp,ravencrest,1451,shaman,elemental,195,101,94
Ринфан,fordragon,1451,shaman,elemental,82,37,45
Maruno,stormscale,1448,shaman,elemental,54,29,25
Hairypotter,rajaxx,1445,shaman,elemental,41,22,19
Lavastriker,archimonde,1445,shaman,elemental,160,84,76
Мэйзии,howling-fjord,1443,shaman,elemental,60,26,34
Coñfrico,tarren-mill,1442,shaman,elemental,87,44,43
Smooz,silvermoon,1440,shaman,elemental,59,32,27
Lizoo,ravencrest,1439,shaman,elemental,18,15,3
Dregú,draenor,1439,shaman,elemental,42,25,17
Hemradi,blackmoore,1438,shaman,elemental,48,28,20
Flubberman,blackrock,1438,shaman,elemental,57,31,26
Trixxsham,twisting-nether,1437,shaman,elemental,24,15,9
Blush,blackhand,1437,shaman,elemental,39,16,23
Scot,blackhand,1436,shaman,elemental,43,23,20
Newsham,draenor,1436,shaman,elemental,36,15,21
Luchø,drakthul,1435,shaman,elemental,24,15,9
Thëtis,chogall,1434,shaman,elemental,28,16,12
Ædshearan,blackmoore,1434,shaman,elemental,60,30,30
Tukino,burning-legion,1433,shaman,elemental,24,15,9
Pieski,stormscale,1433,shaman,elemental,30,15,15
Ашьф,gordunni,1433,shaman,elemental,39,17,22
Anubisll,hyjal,1431,shaman,elemental,46,24,22
Champïx,archimonde,1430,shaman,elemental,177,86,91
Faeldar,sanguino,1430,shaman,elemental,82,38,44
Skrbkic,tarren-mill,1429,shaman,elemental,91,48,43
Клоуннашаме,gordunni,1428,shaman,elemental,67,39,28
Windspêaker,outland,1428,shaman,elemental,30,15,15
Vladraxes,draenor,1427,shaman,elemental,48,31,17
Ulfuz,silvermoon,1425,shaman,elemental,34,18,16
Альтегро,blackscar,1423,shaman,elemental,85,46,39
Alfang,turalyon,1420,shaman,elemental,141,70,71
Chøurøx,hyjal,1419,shaman,elemental,61,35,26
Konodíoda,nemesis,1419,shaman,elemental,50,21,29
Alèks,forscherliga,1418,shaman,elemental,107,62,45
Magnetoe,ravencrest,1417,shaman,elemental,157,78,79
Shôcopan,los-errantes,1412,shaman,elemental,61,24,37
Glorfidel,turalyon,1411,shaman,elemental,77,39,38
Dumpaman,frostmane,1411,shaman,elemental,60,25,35
Zanyun,burning-legion,1411,shaman,elemental,44,17,27
Chrached,kargath,1408,shaman,elemental,30,15,15
Tvådje,silvermoon,1407,shaman,elemental,29,16,13
Gensehaut,aegwynn,1407,shaman,elemental,48,22,26
Xesti,twisting-nether,1405,shaman,elemental,105,54,51
Файербурст,soulflayer,1404,shaman,elemental,48,26,22
Rekhtar,burning-legion,1401,shaman,elemental,163,89,74
Смоуктли,howling-fjord,1400,shaman,elemental,53,29,24
Gomoth,kazzak,1400,shaman,elemental,30,16,14
Støya,archimonde,1400,shaman,elemental,48,18,30
Athul,theradras,1399,shaman,elemental,49,24,25
Vulkân,silvermoon,1398,shaman,elemental,32,18,14
Nolawii,ragnaros,1396,shaman,elemental,48,25,23
Oldaang,ravencrest,1394,shaman,elemental,48,29,19
Torouk,rashgarroth,1393,shaman,elemental,30,16,14
Rharhahra,archimonde,1393,shaman,elemental,66,23,43
Unangemessen,silvermoon,1391,shaman,elemental,36,23,13
Hatyatya,ragnaros,1390,shaman,elemental,54,29,25
Kirak,anetheron,1383,shaman,elemental,201,102,99
Furrymane,blackmoore,1382,shaman,elemental,51,27,24
Лукаджун,howling-fjord,1380,shaman,elemental,24,17,7
Superkee,kazzak,1380,shaman,elemental,337,178,159
Ludo,lothar,1377,shaman,elemental,40,25,15
Whome,aegwynn,1377,shaman,elemental,42,22,20
Ananasen,eonar,1376,shaman,elemental,48,27,21
Rohknar,ragnaros,1374,shaman,elemental,30,17,13
Индигула,soulflayer,1372,shaman,elemental,36,18,18
Бумбумпаузр,borean-tundra,1370,shaman,elemental,63,22,41
Zaelot,blackrock,1368,shaman,elemental,23,15,8
Флоррэт,gordunni,1367,shaman,elemental,177,83,94
Palfe,khaz-modan,1367,shaman,elemental,34,15,19
Urinja,outland,1366,shaman,elemental,66,36,30
Kimpa,minahonda,1366,shaman,elemental,90,49,41
Thordes,forscherliga,1366,shaman,elemental,42,15,27
Краоми,soulflayer,1365,shaman,elemental,42,24,18
Девлиниум,fordragon,1365,shaman,elemental,30,17,13
Elshifotrem,throkferoth,1365,shaman,elemental,94,51,43
Cleandann,stormscale,1365,shaman,elemental,39,16,23
Xhahal,hyjal,1364,shaman,elemental,30,21,9
Bangou,archimonde,1363,shaman,elemental,136,68,68
Apolomaeuz,frostwolf,1361,shaman,elemental,107,56,51
Шиока,borean-tundra,1359,shaman,elemental,36,22,14
Doneteasy,blackrock,1359,shaman,elemental,80,40,40
Sgf,stormscale,1358,shaman,elemental,175,86,89
Healocalypse,azuremyst,1355,shaman,elemental,36,20,16
Elemefayo,outland,1353,shaman,elemental,60,29,31
Sunraiser,blackmoore,1349,shaman,elemental,67,36,31
Сосмыслом,howling-fjord,1349,shaman,elemental,84,40,44
Ruvxy,twisting-nether,1348,shaman,elemental,27,16,11
Руннольв,galakrond,1347,shaman,elemental,36,17,19
Carusø,thrall,1344,shaman,elemental,79,47,32
Volhalo,blackmoore,1343,shaman,elemental,24,14,10
Dody,silvermoon,1342,shaman,elemental,18,14,4
Totemtilda,tarren-mill,1342,shaman,elemental,24,14,10
Lechirurgien,elune,1342,shaman,elemental,217,111,106
Херург,soulflayer,1342,shaman,elemental,30,14,16
Charliiejoh,stormscale,1340,shaman,elemental,141,71,70
Iraterrørist,kazzak,1340,shaman,elemental,30,14,16
Electronova,magtheridon,1340,shaman,elemental,41,15,26
Lafia,blackrock,1339,shaman,elemental,108,42,66
Jönayy,dun-modr,1338,shaman,elemental,24,15,9
Sshaasam,tarren-mill,1337,shaman,elemental,24,14,10
Rakzhaza,blackmoore,1335,shaman,elemental,82,40,42
Fâro,dun-modr,1335,shaman,elemental,41,18,23
Rotuluss,stormrage,1332,shaman,elemental,22,15,7
Sojee,ysondre,1332,shaman,elemental,66,29,37
Poosnortgodx,ravencrest,1331,shaman,elemental,24,14,10
Bumblebetuna,stormscale,1330,shaman,elemental,24,14,10
Saqerr,kazzak,1330,shaman,elemental,53,20,33
Nerekiclej,ravencrest,1327,shaman,elemental,47,23,24
Easyplay,kazzak,1326,shaman,elemental,31,15,16
Kungfuali,antonidas,1324,shaman,elemental,172,86,86
Voymir,kazzak,1323,shaman,elemental,24,15,9
Джанндис,booty-bay,1321,shaman,elemental,42,19,23
Xiomora,argent-dawn,1319,shaman,elemental,33,16,17
Талиесин,grom,1317,shaman,elemental,32,19,13
Whizjy,sanguino,1317,shaman,elemental,24,14,10
Тагтар,howling-fjord,1315,shaman,elemental,57,21,36
Zoomar,tarren-mill,1313,shaman,elemental,84,36,48
Yezu,medivh,1311,shaman,elemental,102,48,54
Navyblue,sylvanas,1311,shaman,elemental,30,14,16
Pakwa,drakthul,1306,shaman,elemental,34,15,19
Vajinga,aerie-peak,1302,shaman,elemental,54,30,24
Zham,kul-tiras,1297,shaman,elemental,54,22,32
Destructør,norgannon,1295,shaman,elemental,60,30,30
Dropdattotem,stormscale,1292,shaman,elemental,54,23,31
Blancc,kazzak,1291,shaman,elemental,108,57,51
Griins,ravencrest,1289,shaman,elemental,36,20,16
Peaksh,stormscale,1287,shaman,elemental,36,16,20
Brassefrasse,shattered-hand,1283,shaman,elemental,38,18,20
Shamíz,draenor,1280,shaman,elemental,51,31,20
Snusyy,ravencrest,1279,shaman,elemental,26,14,12
Tiqle,blackmoore,1279,shaman,elemental,131,64,67
Xfiles,garona,1278,shaman,elemental,48,24,24
Скиц,gordunni,1278,shaman,elemental,42,17,25
Stoîc,stormscale,1277,shaman,elemental,42,14,28
Djent,outland,1276,shaman,elemental,42,19,23
Крто,thermaplugg,1273,shaman,elemental,191,100,91
Denadrios,blackhand,1273,shaman,elemental,166,78,88
Unding,azshara,1272,shaman,elemental,66,20,46
Jumbototem,tarren-mill,1271,shaman,elemental,60,37,23
Couldar,stormscale,1270,shaman,elemental,66,31,35
Novka,eredar,1265,shaman,elemental,78,38,40
Umbraverfaa,twisting-nether,1263,shaman,elemental,24,15,9
Raigetsu,kazzak,1263,shaman,elemental,68,34,34
Ankzul,exodar,1262,shaman,elemental,93,40,53
Zbysiu,ravencrest,1258,shaman,elemental,51,28,23
Élémentyum,archimonde,1258,shaman,elemental,66,28,38
Leash,blackmoore,1257,shaman,elemental,30,14,16
Zapper,blackrock,1256,shaman,elemental,36,15,21
Цет,soulflayer,1255,shaman,elemental,23,15,8
Mynutz,outland,1255,shaman,elemental,54,18,36
Камам,gordunni,1254,shaman,elemental,56,23,33
Mosterx,stormscale,1252,shaman,elemental,30,18,12
Noyá,argent-dawn,1252,shaman,elemental,63,30,33
Shamanisme,twisting-nether,1252,shaman,elemental,32,14,18
Rhastafarian,stormscale,1249,shaman,elemental,36,16,20
Ðãvê,veknilash,1249,shaman,elemental,44,19,25
Blackyx,dun-modr,1247,shaman,elemental,18,13,5
Сарцек,howling-fjord,1247,shaman,elemental,60,35,25
Plazmorc,stormscale,1247,shaman,elemental,24,13,11
Screwz,archimonde,1247,shaman,elemental,107,49,58
Kelvok,silvermoon,1246,shaman,elemental,24,13,11
Rokils,ravencrest,1246,shaman,elemental,30,13,17
Kwanah,kaelthas,1245,shaman,elemental,24,13,11
Iicks,blackrock,1245,shaman,elemental,54,27,27
Quizx,blackrock,1245,shaman,elemental,60,25,35
Волгоградка,soulflayer,1242,shaman,elemental,30,13,17
Djogg,sunstrider,1241,shaman,elemental,30,13,17
Reburdacoxis,sanguino,1240,shaman,elemental,24,13,11
Maggoshishi,blackmoore,1240,shaman,elemental,140,72,68
Coton,grim-batol,1239,shaman,elemental,24,17,7
Gagné,hyjal,1239,shaman,elemental,24,13,11
Pawsh,dun-modr,1238,shaman,elemental,51,24,27
Makgoa,ysondre,1237,shaman,elemental,18,13,5
Chispa,darkmoon-faire,1236,shaman,elemental,35,16,19
Kønat,blackmoore,1236,shaman,elemental,30,13,17
Akimboo,kilrogg,1234,shaman,elemental,48,24,24
Zëngä,outland,1231,shaman,elemental,24,13,11
Screwd,defias-brotherhood,1230,shaman,elemental,30,15,15
Zalitz,sanguino,1227,shaman,elemental,42,22,20
Bigheal,quelthalas,1222,shaman,elemental,30,13,17
Waterboi,blackmoore,1219,shaman,elemental,24,13,11
Foxxyluv,stormscale,1215,shaman,elemental,20,14,6
Tiamât,culte-de-la-rive-noire,1215,shaman,elemental,66,34,32
Ххенеси,soulflayer,1215,shaman,elemental,42,19,23
Tehpielover,bladefist,1211,shaman,elemental,28,15,13
Меменосный,gordunni,1211,shaman,elemental,42,20,22
Motorbreath,silvermoon,1211,shaman,elemental,144,65,79
Saarroo,ravencrest,1210,shaman,elemental,48,22,26
Skeiilz,hyjal,1208,shaman,elemental,36,13,23
Roxìe,blackmoore,1207,shaman,elemental,18,13,5
Practicetwo,argent-dawn,1204,shaman,elemental,36,14,22
Bigboisham,outland,1202,shaman,elemental,65,28,37
Aslakki,turalyon,1200,shaman,elemental,95,43,52
Pvpshaman,aszune,1195,shaman,elemental,29,13,16
Формацепт,ashenvale,1193,shaman,elemental,57,24,33
Pararrayøs,sanguino,1192,shaman,elemental,61,28,33
Märthalouise,twisting-nether,1191,shaman,elemental,29,15,14
Zjindi,shattered-hand,1190,shaman,elemental,30,15,15
Valdera,dun-morogh,1189,shaman,elemental,24,14,10
Derblitz,baelgun,1189,shaman,elemental,36,18,18
Magath,nethersturm,1189,shaman,elemental,54,26,28
Sniffa,ysondre,1187,shaman,elemental,42,20,22
Syris,sinstralis,1185,shaman,elemental,42,17,25
Mòra,silvermoon,1184,shaman,elemental,74,35,39
Zuman,the-maelstrom,1183,shaman,elemental,24,15,9
Boiblaster,argent-dawn,1182,shaman,elemental,17,13,4
Zerodown,outland,1182,shaman,elemental,85,39,46
Scurvy,malganis,1179,shaman,elemental,166,85,81
Amarök,nerzhul,1177,shaman,elemental,65,30,35
Monstermunch,ravencrest,1175,shaman,elemental,46,14,32
Szvapotluk,ravencrest,1173,shaman,elemental,30,14,16
Nabo,archimonde,1173,shaman,elemental,32,13,19
Totempoo,the-maelstrom,1167,shaman,elemental,24,13,11
Mélb,eredar,1167,shaman,elemental,36,15,21
Zhinjo,kazzak,1166,shaman,elemental,36,19,17
Jagblade,neptulon,1164,shaman,elemental,70,37,33
Thrallotido,sanguino,1163,shaman,elemental,60,20,40
Фистинктотем,soulflayer,1162,shaman,elemental,35,16,19
Амброски,gordunni,1161,shaman,elemental,42,28,14
Boxo,frostwolf,1161,shaman,elemental,94,51,43
Велгур,soulflayer,1161,shaman,elemental,50,23,27
Thunderstryk,sylvanas,1157,shaman,elemental,66,35,31
Azmerloth,outland,1152,shaman,elemental,18,12,6
Neverplayele,kazzak,1151,shaman,elemental,24,12,12
Дудивтф,soulflayer,1151,shaman,elemental,24,12,12
Maino,archimonde,1151,shaman,elemental,111,55,56
Theodorix,silvermoon,1151,shaman,elemental,30,12,18
Nobrac,rajaxx,1150,shaman,elemental,24,12,12
Strife,argent-dawn,1150,shaman,elemental,30,13,17
Pedrototem,silvermoon,1149,shaman,elemental,42,28,14
Fimir,archimonde,1149,shaman,elemental,24,15,9
Haarold,sylvanas,1149,shaman,elemental,24,12,12
Эфирад,blackscar,1148,shaman,elemental,192,93,99
Justweirdaf,blackmoore,1148,shaman,elemental,45,20,25
Wulkanus,drakthul,1148,shaman,elemental,30,12,18
Teslasenpai,outland,1148,shaman,elemental,78,23,55
Eðualc,hyjal,1147,shaman,elemental,18,12,6
Legended,tarren-mill,1147,shaman,elemental,24,12,12
Утебяпожар,blackscar,1147,shaman,elemental,36,12,24
Eustodia,minahonda,1146,shaman,elemental,18,14,4
Дзод,deathweaver,1146,shaman,elemental,24,12,12
Hardsmoker,antonidas,1144,shaman,elemental,78,28,50
Дваллинн,gordunni,1142,shaman,elemental,30,12,18
Mohàwk,eredar,1135,shaman,elemental,96,48,48
Pandamoniumm,moonglade,1135,shaman,elemental,24,12,12
Bahuq,antonidas,1134,shaman,elemental,18,12,6
Kapplos,gorgonnash,1134,shaman,elemental,29,12,17
Thunderrbob,darkspear,1130,shaman,elemental,36,22,14
Beefnale,bladefist,1130,shaman,elemental,48,15,33
Shamanns,lordaeron,1125,shaman,elemental,175,74,101
Avarela,argent-dawn,1121,shaman,elemental,89,38,51
Bowtenstorm,ravencrest,1120,shaman,elemental,25,16,9
Ironbuttrfly,magtheridon,1120,shaman,elemental,24,12,12
Stormseven,emeriss,1117,shaman,elemental,29,12,17
Homesickx,blackrock,1109,shaman,elemental,23,12,11
Gnark,dun-modr,1105,shaman,elemental,59,32,27
Блокбастзр,gordunni,1103,shaman,elemental,27,12,15
Shellex,kazzak,1100,shaman,elemental,155,78,77
Бвансамдив,gordunni,1097,shaman,elemental,66,30,36
Шоу,gordunni,1097,shaman,elemental,33,13,20
Onlyfansmod,uldum,1096,shaman,elemental,69,28,41
Kneggebrot,blackmoore,1090,shaman,elemental,27,13,14
Earthvixenz,ravencrest,1089,shaman,elemental,29,18,11
Grommalgue,hyjal,1089,shaman,elemental,40,19,21
Dando,silvermoon,1085,shaman,elemental,30,12,18
Obêlixx,blackmoore,1080,shaman,elemental,32,12,20
Dëlkö,ravencrest,1078,shaman,elemental,119,54,65
Hugzy,argent-dawn,1075,shaman,elemental,72,42,30
Lavalampa,magtheridon,1067,shaman,elemental,30,18,12
Loserlol,das-syndikat,1065,shaman,elemental,77,39,38
Fàkecast,outland,1064,shaman,elemental,34,12,22
Stoned,sporeggar,1063,shaman,elemental,29,12,17
Procdaddy,eredar,1063,shaman,elemental,56,15,41
Дрекрош,howling-fjord,1062,shaman,elemental,145,64,81
Raikton,pozzo-delleternità,1057,shaman,elemental,92,40,52
Tornado,ravencrest,1056,shaman,elemental,18,11,7
Dòrfy,silvermoon,1056,shaman,elemental,18,11,7
Garythos,drakthul,1056,shaman,elemental,18,11,7
Blushx,blackhand,1056,shaman,elemental,24,11,13
Chirmani,blackrock,1055,shaman,elemental,12,11,1
Slit,quelthalas,1055,shaman,elemental,30,11,19
Furthehorde,frostmane,1054,shaman,elemental,18,11,7
Zënga,kazzak,1053,shaman,elemental,18,11,7
Yraxara,draenor,1053,shaman,elemental,18,11,7
Simppe,stormreaver,1053,shaman,elemental,24,11,13
Èrò,blackhand,1053,shaman,elemental,24,11,13
Элвандер,howling-fjord,1052,shaman,elemental,24,11,13
Trastamar,dun-modr,1051,shaman,elemental,18,11,7
Totemkahmun,kazzak,1051,shaman,elemental,24,11,13
Louler,ragnaros,1049,shaman,elemental,24,11,13
Kylas,die-ewige-wacht,1047,shaman,elemental,18,11,7
Fûchsí,blackhand,1047,shaman,elemental,24,13,11
Schockbunny,blackrock,1046,shaman,elemental,30,11,19
Эртирон,howling-fjord,1044,shaman,elemental,24,11,13
Ofqds,archimonde,1044,shaman,elemental,24,11,13
Tpainx,kazzak,1043,shaman,elemental,24,11,13
Djbruggìe,bloodhoof,1043,shaman,elemental,30,11,19
Гленкуллен,blackscar,1038,shaman,elemental,60,27,33
Goromar,kirin-tor,1033,shaman,elemental,133,58,75
Laquium,blackmoore,1032,shaman,elemental,37,15,22
Ormanthep,hyjal,1029,shaman,elemental,18,11,7
Flochy,argent-dawn,1027,shaman,elemental,53,31,22
Dðt,stormscale,1025,shaman,elemental,119,54,65
Takkenuma,hyjal,1021,shaman,elemental,28,11,17
Озверею,goldrinn,1016,shaman,elemental,60,29,31
Treizelol,ysondre,1014,shaman,elemental,24,11,13
Ximid,doomhammer,1011,shaman,elemental,176,88,88
Nehehehehehe,drakthul,1007,shaman,elemental,21,11,10
Azovprime,terokkar,1007,shaman,elemental,24,11,13
Магмарончик,gordunni,1005,shaman,elemental,66,23,43
Itsnasty,blackmoore,1004,shaman,elemental,42,20,22
Demelena,silvermoon,1003,shaman,elemental,18,11,7
Flork,burning-legion,1003,shaman,elemental,66,27,39
Ragnadim,silvermoon,1003,shaman,elemental,30,11,19
Kiirø,ysondre,1002,shaman,elemental,70,34,36
Turbokrapka,tarren-mill,1000,shaman,elemental,35,13,22
Mimbar,thunderhorn,999,shaman,elemental,30,16,14
Mecct,ravencrest,984,shaman,elemental,28,11,17
Kobeye,thrall,982,shaman,elemental,58,31,27
Blackmuamba,tarren-mill,981,shaman,elemental,180,89,91
Thatamazing,korgall,979,shaman,elemental,32,15,17
Bluéshirtguy,blackhand,964,shaman,elemental,60,27,33
Lavadrak,eredar,960,shaman,elemental,12,10,2
Jåime,ravencrest,960,shaman,elemental,18,10,8
Sgroppino,stormscale,960,shaman,elemental,18,10,8
Strór,twisting-nether,960,shaman,elemental,18,10,8
Elemayó,tarren-mill,960,shaman,elemental,18,10,8
Iddoz,outland,960,shaman,elemental,18,10,8
Dshaman,aegwynn,960,shaman,elemental,24,10,14
Xatis,aegwynn,959,shaman,elemental,12,10,2
Hunteronpc,twisting-nether,959,shaman,elemental,18,10,8
Bhargonen,silvermoon,959,shaman,elemental,18,10,8
Thundergødx,nemesis,959,shaman,elemental,24,10,14
Blover,drakthul,958,shaman,elemental,12,10,2
Elothar,earthen-ring,958,shaman,elemental,18,10,8
Rokils,silvermoon,958,shaman,elemental,18,10,8
Nosno,ravencrest,958,shaman,elemental,18,10,8
Nuve,stormscale,958,shaman,elemental,18,10,8
Rockstéady,outland,958,shaman,elemental,18,10,8
Raïgo,hyjal,957,shaman,elemental,18,10,8
Jazzrod,stormscale,957,shaman,elemental,24,10,14
Atuaßëlha,grim-batol,957,shaman,elemental,24,10,14
Elevlach,drakthul,957,shaman,elemental,30,10,20
Гидрокорыто,gordunni,956,shaman,elemental,18,10,8
Drahka,kazzak,955,shaman,elemental,24,10,14
Klunkespiser,stormscale,955,shaman,elemental,30,10,20
Jólla,twisting-nether,952,shaman,elemental,24,10,14
Deviantsham,tarren-mill,952,shaman,elemental,36,13,23
Hevercraft,archimonde,951,shaman,elemental,18,10,8
Chilliajin,tarren-mill,950,shaman,elemental,24,10,14
Babathar,ysondre,949,shaman,elemental,24,10,14
Блэкмаршал,howling-fjord,948,shaman,elemental,30,10,20
Lukyjos,drakthul,946,shaman,elemental,18,10,8
Nïà,kaelthas,946,shaman,elemental,56,20,36
Naix,silvermoon,946,shaman,elemental,30,10,20
Шейпан,gordunni,940,shaman,elemental,42,20,22
Óõ,dun-modr,938,shaman,elemental,18,10,8
Asiorr,silvermoon,935,shaman,elemental,29,10,19
Smorcxx,kazzak,934,shaman,elemental,30,10,20
Orishimaru,blackrock,932,shaman,elemental,23,10,13
Федосик,galakrond,926,shaman,elemental,98,47,51
Kortgat,kilrogg,924,shaman,elemental,48,23,25
Schamaster,antonidas,912,shaman,elemental,21,10,11
Oddsocks,stormscale,908,shaman,elemental,93,34,59
Zakuun,kazzak,894,shaman,elemental,26,10,16
Capslk,blackmoore,893,shaman,elemental,26,10,16
Cloudborne,draenor,876,shaman,elemental,19,10,9
Zeúz,the-maelstrom,864,shaman,elemental,12,9,3
Jeelypink,dalaran,864,shaman,elemental,12,9,3
Captaînhuge,dunemaul,864,shaman,elemental,12,9,3
ßaraky,kazzak,864,shaman,elemental,12,9,3
Azh,twisting-nether,864,shaman,elemental,12,9,3
Cakedeux,grim-batol,864,shaman,elemental,21,11,10
Lighttfeet,hyjal,864,shaman,elemental,18,9,9
Elvalya,archimonde,864,shaman,elemental,18,9,9
Høtgødx,blackrock,864,shaman,elemental,19,9,10
Buzz,stormscale,864,shaman,elemental,24,9,15
Nitronigi,malganis,864,shaman,elemental,24,9,15
Terobux,culte-de-la-rive-noire,864,shaman,elemental,24,9,15
Krahg,garona,863,shaman,elemental,16,10,6
Luzzilol,garrosh,863,shaman,elemental,18,9,9
Muertin,tarren-mill,863,shaman,elemental,18,9,9
Штрайхен,blackscar,863,shaman,elemental,18,9,9
Preciousxo,auchindoun,863,shaman,elemental,18,9,9
Madeej,burning-legion,863,shaman,elemental,18,9,9
Hekzen,tarren-mill,863,shaman,elemental,18,9,9
Terranator,sanguino,863,shaman,elemental,18,9,9
Dûmah,sanguino,863,shaman,elemental,25,10,15
Pvegame,tarren-mill,863,shaman,elemental,24,9,15
Тайорн,howling-fjord,863,shaman,elemental,24,9,15
Рэйвантотем,soulflayer,862,shaman,elemental,18,9,9
Shkook,archimonde,862,shaman,elemental,30,9,21
Bunnz,kazzak,861,shaman,elemental,12,9,3
Fholst,draenor,861,shaman,elemental,18,9,9
Freizeitler,antonidas,861,shaman,elemental,24,9,15
Drækthør,thrall,860,shaman,elemental,19,11,8
Ærö,outland,860,shaman,elemental,30,9,21
Штормбайт,azuregos,858,shaman,elemental,12,9,3
Taboune,illidan,854,shaman,elemental,18,9,9
Милыйдорогой,soulflayer,853,shaman,elemental,24,9,15
Бронзород,grom,840,shaman,elemental,12,9,3
Slk,blackrock,839,shaman,elemental,18,9,9
Terras,terokkar,835,shaman,elemental,35,9,26
Незнаком,booty-bay,834,shaman,elemental,42,19,23
Grambozz,blackrock,825,shaman,elemental,16,9,7
Kíá,silvermoon,821,shaman,elemental,30,10,20
Thordahr,hyjal,813,shaman,elemental,17,9,8
Lavaburstx,antonidas,810,shaman,elemental,28,10,18
Hothex,tarren-mill,809,shaman,elemental,38,13,25
Holdafstand,tarren-mill,798,shaman,elemental,14,9,5
Poppelo,silvermoon,795,shaman,elemental,20,9,11
Pappashaman,tarren-mill,768,shaman,elemental,10,9,1
Palpazerr,archimonde,768,shaman,elemental,12,8,4
Lilioz,ysondre,768,shaman,elemental,12,8,4
Flam,outland,768,shaman,elemental,12,8,4
Rokils,tarren-mill,768,shaman,elemental,12,8,4
Gødsplan,tarren-mill,768,shaman,elemental,12,8,4
Rhonix,blackmoore,768,shaman,elemental,12,8,4
Vygak,tarren-mill,768,shaman,elemental,12,8,4
Macroburst,archimonde,768,shaman,elemental,12,8,4
Nerdshockz,blackhand,768,shaman,elemental,18,8,10
Boomfanboy,tarren-mill,768,shaman,elemental,18,8,10
Breezzkingg,twisting-nether,768,shaman,elemental,18,8,10
Gravépàct,blackrock,768,shaman,elemental,18,8,10
Exereon,ravencrest,768,shaman,elemental,18,8,10
Itsallrng,stormscale,768,shaman,elemental,18,8,10
Totemly,alakir,768,shaman,elemental,18,8,10
Shockleted,stormscale,768,shaman,elemental,18,8,10
Lathisi,zenedar,768,shaman,elemental,19,8,11
Thorunir,sylvanas,768,shaman,elemental,24,8,16
Clickerboy,ravencrest,768,shaman,elemental,24,8,16
Minimalist,stormscale,767,shaman,elemental,12,8,4
Bourdieu,thrall,767,shaman,elemental,12,8,4
Hobblefoot,stormscale,767,shaman,elemental,12,8,4
Myngo,thrall,767,shaman,elemental,12,8,4
Stonetone,silvermoon,767,shaman,elemental,18,8,10
Beven,stormscale,767,shaman,elemental,18,8,10
Вервольфоо,howling-fjord,767,shaman,elemental,24,8,16
Renegad,archimonde,767,shaman,elemental,24,8,16
Gaerth,aggramar,766,shaman,elemental,12,8,4
Forrak,argent-dawn,766,shaman,elemental,18,8,10
Mystico,sanguino,766,shaman,elemental,18,8,10
Sixinchwilly,outland,766,shaman,elemental,18,8,10
Kossborax,blackhand,766,shaman,elemental,24,8,16
Parthon,ravencrest,765,shaman,elemental,12,8,4
Jollyhip,stormscale,765,shaman,elemental,12,8,4
Runetera,ravencrest,765,shaman,elemental,12,8,4
Remkoo,blackrock,765,shaman,elemental,18,8,10
Quartodebue,nemesis,765,shaman,elemental,21,9,12
Ragash,shattered-halls,764,shaman,elemental,16,9,7
Glenfinnan,pozzo-delleternità,763,shaman,elemental,18,8,10
Hexlettin,twisting-nether,763,shaman,elemental,18,8,10
Nagyrakéta,ragnaros,762,shaman,elemental,30,8,22
Sevk,ravencrest,751,shaman,elemental,18,8,10
Arabesk,arygos,748,shaman,elemental,23,8,15
Соленый,booty-bay,744,shaman,elemental,110,45,65
Ztraz,blackhand,735,shaman,elemental,14,9,5
Fourtwogodx,kazzak,735,shaman,elemental,20,9,11
Garbushka,draenor,734,shaman,elemental,36,8,28
Trosy,burning-blade,724,shaman,elemental,20,9,11
Gàtsby,archimonde,713,shaman,elemental,20,9,11
Encourager,daggerspine,710,shaman,elemental,18,8,10
Wacomtablet,kazzak,703,shaman,elemental,11,8,3
Baschúrr,blackrock,702,shaman,elemental,17,9,8
Labûche,chogall,672,shaman,elemental,12,7,5
Jehae,archimonde,672,shaman,elemental,12,7,5
Koífish,ravencrest,672,shaman,elemental,12,7,5
Eneru,nemesis,672,shaman,elemental,12,7,5
Dócshock,blackmoore,672,shaman,elemental,12,7,5
Dynamodanny,blackmoore,672,shaman,elemental,12,7,5
Sûckmytotem,ragnaros,672,shaman,elemental,12,7,5
Wamah,sargeras,672,shaman,elemental,12,7,5
Kæde,dun-morogh,672,shaman,elemental,12,7,5
Shamandoino,wildhammer,672,shaman,elemental,12,7,5
Bosslikex,ravencrest,672,shaman,elemental,12,7,5
Bigblué,tarren-mill,672,shaman,elemental,12,7,5
Mogzu,blackmoore,672,shaman,elemental,12,7,5
Гарбаджи,galakrond,672,shaman,elemental,12,7,5
Guccifootjob,defias-brotherhood,672,shaman,elemental,12,7,5
Bonsaigodx,twisting-nether,672,shaman,elemental,12,7,5
Robcurly,blackmoore,672,shaman,elemental,12,7,5
Glibbins,sylvanas,672,shaman,elemental,12,7,5
Бахмара,soulflayer,672,shaman,elemental,12,7,5
Thunderman,the-maelstrom,672,shaman,elemental,12,7,5
Экспатриот,greymane,672,shaman,elemental,12,7,5
Cuddleball,moonglade,672,shaman,elemental,12,7,5
Dareos,anetheron,672,shaman,elemental,12,7,5
Shammehboi,auchindoun,672,shaman,elemental,15,8,7
Blakelivelyx,blackrock,672,shaman,elemental,18,7,11
Paidactor,kazzak,672,shaman,elemental,18,7,11
Caro,tarren-mill,672,shaman,elemental,18,7,11
Rexonaone,silvermoon,672,shaman,elemental,18,7,11
Боузета,soulflayer,672,shaman,elemental,18,7,11
Endry,elune,672,shaman,elemental,18,7,11
Reäz,archimonde,672,shaman,elemental,18,7,11
Турелька,blackscar,672,shaman,elemental,18,7,11
Velkin,thrall,672,shaman,elemental,18,7,11
Vukroth,argent-dawn,671,shaman,elemental,12,7,5
Феномх,deathguard,671,shaman,elemental,12,7,5
Lethal,darksorrow,671,shaman,elemental,18,7,11
Khaleeya,blackmoore,671,shaman,elemental,18,7,11
Саг,gordunni,671,shaman,elemental,18,7,11
Dogfrog,silvermoon,671,shaman,elemental,18,7,11
Agamo,silvermoon,671,shaman,elemental,18,7,11
Рокутаро,gordunni,670,shaman,elemental,12,7,5
Raoult,ravencrest,670,shaman,elemental,18,7,11
Layonne,ysondre,670,shaman,elemental,18,7,11
Hboni,chamber-of-aspects,670,shaman,elemental,18,7,11
Jinbao,ravencrest,669,shaman,elemental,12,7,5
Moilensis,archimonde,669,shaman,elemental,24,7,17
Malkabaserka,draenor,668,shaman,elemental,18,7,11
Fosterzz,ravencrest,668,shaman,elemental,21,8,13
Eratore,xavius,666,shaman,elemental,18,7,11
Zarakuda,magtheridon,663,shaman,elemental,34,9,25
Aljorf,dun-modr,662,shaman,elemental,12,7,5
Watson,conseil-des-ombres,660,shaman,elemental,18,7,11
Крузмвп,blackscar,655,shaman,elemental,23,7,16
Blyátmán,twisting-nether,638,shaman,elemental,14,8,6
Magmamartin,antonidas,638,shaman,elemental,23,7,16
Yalac,archimonde,637,shaman,elemental,14,8,6
Kbds,outland,623,shaman,elemental,17,7,10
Вудвин,soulflayer,621,shaman,elemental,26,7,19
Wurstblinker,ravencrest,606,shaman,elemental,11,7,4
Хексвглаз,howling-fjord,576,shaman,elemental,6,6,0
Lavelover,tarren-mill,576,shaman,elemental,6,6,0
Elfenomeno,archimonde,576,shaman,elemental,6,6,0
Brøkenclass,ravencrest,576,shaman,elemental,6,6,0
Eddiemorphin,kazzak,576,shaman,elemental,12,6,6
Дагод,booty-bay,576,shaman,elemental,12,6,6
Kärdyo,archimonde,576,shaman,elemental,12,6,6
Oroastbeef,archimonde,576,shaman,elemental,12,6,6
Vix,argent-dawn,576,shaman,elemental,12,6,6
Tonifo,nemesis,576,shaman,elemental,12,6,6
Yzeldan,hyjal,576,shaman,elemental,12,6,6
Windfúhrèr,tarren-mill,576,shaman,elemental,12,6,6
Thomz,aggra-português,576,shaman,elemental,12,6,6
Fleischer,stormscale,576,shaman,elemental,12,6,6
Näis,hyjal,576,shaman,elemental,12,6,6
Веег,deathweaver,576,shaman,elemental,12,6,6
Jíkkz,aegwynn,576,shaman,elemental,12,6,6
Лучшийшаман,soulflayer,576,shaman,elemental,12,6,6
Localicious,ragnaros,576,shaman,elemental,12,6,6
Шлолка,gordunni,576,shaman,elemental,12,6,6
Есю,howling-fjord,576,shaman,elemental,12,6,6
Shamanirl,tarren-mill,576,shaman,elemental,12,6,6
Ugáa,malganis,576,shaman,elemental,12,6,6
Shayal,defias-brotherhood,576,shaman,elemental,12,6,6
Linshock,tarren-mill,576,shaman,elemental,12,6,6
Хыйь,howling-fjord,576,shaman,elemental,18,6,12
Berusham,ravencrest,576,shaman,elemental,18,6,12
Inyra,eredar,576,shaman,elemental,18,6,12
Mûhzala,blackmoore,576,shaman,elemental,18,6,12
Elchivo,blackrock,576,shaman,elemental,18,6,12
Chenoyaa,blackrock,576,shaman,elemental,18,6,12
Äijä,chromaggus,576,shaman,elemental,24,6,18
Krakatoa,dunemaul,576,shaman,elemental,24,6,18
Beastee,blackmoore,575,shaman,elemental,12,6,6
Shlby,blackrock,575,shaman,elemental,12,6,6
Dobär,madmortem,575,shaman,elemental,12,6,6
Бурехлест,howling-fjord,575,shaman,elemental,12,6,6
Скромнюля,eversong,575,shaman,elemental,12,6,6
Helloitsmee,thrall,575,shaman,elemental,12,6,6
Zulululul,burning-blade,575,shaman,elemental,12,6,6
Syndia,das-konsortium,575,shaman,elemental,12,6,6
Tholdrin,outland,575,shaman,elemental,12,6,6
Lampard,magtheridon,575,shaman,elemental,17,6,11
Téwa,hyjal,575,shaman,elemental,18,6,12
Nurychic,twisting-nether,574,shaman,elemental,12,6,6
Louisvgaal,kazzak,572,shaman,elemental,12,6,6
Shachira,silvermoon,571,shaman,elemental,12,6,6
Allfathêr,ragnaros,571,shaman,elemental,24,6,18
Attm,twisting-nether,570,shaman,elemental,20,10,10
Kcarlina,uldum,569,shaman,elemental,12,6,6
Disharmony,outland,554,shaman,elemental,17,8,9
Isheartears,outland,543,shaman,elemental,11,6,5
Saintlyjin,kult-der-verdammten,527,shaman,elemental,11,6,5
Rezervoir,bladefist,522,shaman,elemental,15,9,6
Efdemin,blackmoore,480,shaman,elemental,6,5,1
Shambulançe,silvermoon,480,shaman,elemental,6,5,1
Elemane,kazzak,480,shaman,elemental,6,5,1
Shaggé,tarren-mill,480,shaman,elemental,6,5,1
Highfaî,tarren-mill,480,shaman,elemental,6,5,1
Тандерхх,howling-fjord,480,shaman,elemental,6,5,1
Lexxthree,blackrock,480,shaman,elemental,6,5,1
Phobiatics,thrall,480,shaman,elemental,6,5,1
Bumstead,ragnaros,480,shaman,elemental,6,5,1
Electricgødx,tarren-mill,480,shaman,elemental,6,5,1
Izosha,hyjal,480,shaman,elemental,6,5,1
Langhantel,kazzak,480,shaman,elemental,6,5,1
Jarreau,turalyon,480,shaman,elemental,6,5,1
Zujaz,stormscale,480,shaman,elemental,6,5,1
Hexina,ragnaros,480,shaman,elemental,6,5,1
Plsdontpress,stormscale,480,shaman,elemental,6,5,1
Squixi,tarren-mill,480,shaman,elemental,6,5,1
Lovelyshaman,silvermoon,480,shaman,elemental,7,5,2
Pianoforte,stormscale,480,shaman,elemental,10,6,4
Grumpystorm,agamaggan,480,shaman,elemental,12,5,7
Loshohealva,stormscale,480,shaman,elemental,12,5,7
Shamwowpow,stormscale,480,shaman,elemental,12,5,7
Youngnastyx,blackrock,480,shaman,elemental,12,5,7
Skullføck,argent-dawn,480,shaman,elemental,12,5,7
Millesabords,dun-morogh,480,shaman,elemental,12,5,7
Maddskull,argent-dawn,480,shaman,elemental,12,5,7
Oprawinfury,ravencrest,480,shaman,elemental,12,5,7
Фарраон,deathguard,480,shaman,elemental,12,5,7
Flaskmus,haomarush,480,shaman,elemental,12,5,7
Amcin,stormreaver,480,shaman,elemental,12,5,7
Wûcs,silvermoon,480,shaman,elemental,12,5,7
Bldyhatesyou,blackmoore,480,shaman,elemental,12,5,7
Cloovster,magtheridon,480,shaman,elemental,12,5,7
Arigato,eonar,480,shaman,elemental,12,5,7
Smashsmash,the-maelstrom,480,shaman,elemental,12,5,7
Tuncha,runetotem,480,shaman,elemental,12,5,7
Kankaku,sanguino,480,shaman,elemental,12,5,7
Neystee,archimonde,480,shaman,elemental,12,5,7
Greur,twisting-nether,480,shaman,elemental,12,5,7
Вишняблэйз,soulflayer,480,shaman,elemental,12,5,7
Stòrm,ravencrest,480,shaman,elemental,12,5,7
Noru,ravencrest,480,shaman,elemental,12,5,7
Thàrin,archimonde,480,shaman,elemental,12,5,7
Ýípìÿøû,dun-modr,480,shaman,elemental,12,5,7
Atixz,blackmoore,480,shaman,elemental,12,5,7
Junpi,shattered-hand,480,shaman,elemental,12,5,7
Rykarn,eredar,480,shaman,elemental,12,5,7
Lindemánn,blackhand,480,shaman,elemental,12,5,7
Харно,gordunni,480,shaman,elemental,12,5,7
Swapxy,outland,480,shaman,elemental,12,5,7
Ironmack,outland,480,shaman,elemental,12,5,7
Xalh,ysondre,480,shaman,elemental,12,5,7
Raaborio,blackmoore,480,shaman,elemental,12,5,7
Khayac,ravencrest,480,shaman,elemental,12,5,7
Azariasz,twisting-nether,480,shaman,elemental,12,5,7
Наладчик,gordunni,480,shaman,elemental,12,5,7
Cptcutíe,antonidas,480,shaman,elemental,12,5,7
Синнити,blackscar,480,shaman,elemental,12,5,7
Bahane,frostwolf,480,shaman,elemental,15,6,9
Talg,defias-brotherhood,480,shaman,elemental,15,5,10
Ukkz,silvermoon,480,shaman,elemental,18,5,13
Havoc,boulderfist,480,shaman,elemental,18,5,13
Квелси,gordunni,480,shaman,elemental,18,5,13
Gameblast,thunderhorn,479,shaman,elemental,6,5,1
Фурэн,soulflayer,479,shaman,elemental,12,5,7
Burnprof,nethersturm,479,shaman,elemental,12,5,7
Apád,ragnaros,479,shaman,elemental,12,5,7
Albedøo,ragnaros,479,shaman,elemental,18,5,13
Zaappyboii,azjolnerub,479,shaman,elemental,20,5,15
Sinwithin,ravencrest,478,shaman,elemental,12,5,7
Rayitoss,tyrande,456,shaman,elemental,18,7,11
Yukîmøn,hyjal,447,shaman,elemental,8,6,2
Fheng,defias-brotherhood,446,shaman,elemental,11,5,6
Skengshammy,ragnaros,446,shaman,elemental,11,5,6
Charth,ravencrest,428,shaman,elemental,9,5,4
Envergur,eitrigg,417,shaman,elemental,13,6,7
Blùé,tarren-mill,399,shaman,elemental,5,5,0
Zandali,tarren-mill,398,shaman,elemental,7,5,2
Tóuka,uldum,384,shaman,elemental,6,4,2
Pvpmax,blackhand,384,shaman,elemental,6,4,2
Windberg,ysondre,384,shaman,elemental,6,4,2
Carakh,archimonde,384,shaman,elemental,6,4,2
Míza,ravencrest,384,shaman,elemental,6,4,2
Finpower,kul-tiras,384,shaman,elemental,6,4,2
Selonthyx,ravencrest,384,shaman,elemental,6,4,2
Krubacabra,stormscale,384,shaman,elemental,6,4,2
Bkdgoodz,aegwynn,384,shaman,elemental,6,4,2
Yacuzwerg,blackrock,384,shaman,elemental,6,4,2
Cimbel,stormscale,384,shaman,elemental,6,4,2
Schamîx,blackrock,384,shaman,elemental,6,4,2
Kévinn,draenor,384,shaman,elemental,6,4,2
Jacc,sunstrider,384,shaman,elemental,6,4,2
Вашнюхтоптал,howling-fjord,384,shaman,elemental,6,4,2
Lyrashaman,draenor,384,shaman,elemental,6,4,2
Alëxx,hyjal,384,shaman,elemental,6,4,2
Ybbarcs,eredar,384,shaman,elemental,6,4,2
Drýtón,blackrock,384,shaman,elemental,6,4,2
Euprathree,archimonde,384,shaman,elemental,6,4,2
Айспик,ashenvale,384,shaman,elemental,6,4,2
Zippidizap,ulduar,384,shaman,elemental,6,4,2
Greenswag,drakthul,384,shaman,elemental,6,4,2
Chocshock,tarren-mill,384,shaman,elemental,6,4,2
Shafallen,tarren-mill,384,shaman,elemental,6,4,2
Trustlemac,onyxia,384,shaman,elemental,6,4,2
Sebubu,twisting-nether,384,shaman,elemental,6,4,2
Yerlas,burning-legion,384,shaman,elemental,6,4,2
Aleshade,argent-dawn,384,shaman,elemental,6,4,2
Rahuna,darksorrow,384,shaman,elemental,6,4,2
Bobobygunz,stormscale,384,shaman,elemental,6,4,2
Føxï,pozzo-delleternità,384,shaman,elemental,6,4,2
Hardleft,stormscale,384,shaman,elemental,6,4,2
Hispanoxd,sanguino,384,shaman,elemental,6,4,2
Бендера,grom,384,shaman,elemental,6,4,2
Procbly,tarren-mill,384,shaman,elemental,6,4,2
Criæ,blackrock,384,shaman,elemental,6,4,2
Teckan,tarren-mill,384,shaman,elemental,6,4,2
Goitbate,azuremyst,384,shaman,elemental,12,4,8
Pinkylol,stormscale,384,shaman,elemental,12,4,8
Mawae,thrall,384,shaman,elemental,12,4,8
Shamurky,kazzak,384,shaman,elemental,12,4,8
Апинсмок,soulflayer,384,shaman,elemental,12,4,8
Димасечка,galakrond,384,shaman,elemental,12,4,8
Kónjo,kazzak,384,shaman,elemental,12,4,8
Hí,bronzebeard,384,shaman,elemental,12,4,8
Eskìmo,malganis,384,shaman,elemental,12,4,8
Saggrox,kazzak,384,shaman,elemental,12,4,8
Cùn,blackmoore,384,shaman,elemental,12,4,8
Ogmehu,stormreaver,384,shaman,elemental,12,4,8
Вензеро,howling-fjord,384,shaman,elemental,12,4,8
Айбьорн,gordunni,384,shaman,elemental,12,4,8
Momine,stormscale,384,shaman,elemental,12,4,8
Rocktopus,outland,384,shaman,elemental,12,4,8
Réläx,kazzak,384,shaman,elemental,12,4,8
Shïnnkøk,stormscale,384,shaman,elemental,12,4,8
Karissah,silvermoon,384,shaman,elemental,12,4,8
Tism,stormscale,384,shaman,elemental,12,4,8
Styxsm,blackhand,384,shaman,elemental,12,4,8
Rompelukt,auchindoun,384,shaman,elemental,12,4,8
Пса,fordragon,384,shaman,elemental,12,4,8
Snusy,stormscale,384,shaman,elemental,12,4,8
Nùrsegemy,nemesis,384,shaman,elemental,12,4,8
Stlakañ,chants-éternels,384,shaman,elemental,12,4,8
Khankayn,kilrogg,384,shaman,elemental,12,4,8
Setac,stormscale,384,shaman,elemental,12,4,8
Бернтутрэп,soulflayer,384,shaman,elemental,12,4,8
Zoolza,kirin-tor,384,shaman,elemental,12,4,8
Shantero,draenor,384,shaman,elemental,12,4,8
Xyckas,terrordar,384,shaman,elemental,12,4,8
Tanillopzz,dun-modr,384,shaman,elemental,12,4,8
Magicmekoz,draenor,384,shaman,elemental,12,4,8
Swart,hyjal,384,shaman,elemental,12,4,8
Jäck,ravencrest,384,shaman,elemental,12,4,8
Kookaboo,blackrock,384,shaman,elemental,12,4,8
Savan,darkspear,384,shaman,elemental,18,4,14
Интендо,soulflayer,383,shaman,elemental,6,4,2
Purgedaddy,tarren-mill,383,shaman,elemental,6,4,2
Rextion,ravencrest,383,shaman,elemental,6,4,2
Кеквэклоун,soulflayer,383,shaman,elemental,6,4,2
Разодран,gordunni,383,shaman,elemental,6,4,2
Zokah,emeriss,383,shaman,elemental,6,4,2
Hóonda,twisting-nether,383,shaman,elemental,12,4,8
Dudoras,doomhammer,383,shaman,elemental,18,4,14
Kennyo,uldum,379,shaman,elemental,12,4,8
Santy,silvermoon,352,shaman,elemental,10,4,6
Precíous,sporeggar,351,shaman,elemental,11,4,7
Khalamity,ravencrest,330,shaman,elemental,14,6,8
Roastý,blackrock,330,shaman,elemental,16,5,11
Gigawats,sylvanas,319,shaman,elemental,5,4,1
ßaßystärz,hyjal,319,shaman,elemental,5,4,1
Yasaburo,silvermoon,319,shaman,elemental,5,4,1
Xye,bloodfeather,288,shaman,elemental,6,3,3
Bammë,archimonde,288,shaman,elemental,6,3,3
Тотемныйчад,gordunni,288,shaman,elemental,6,3,3
Filigran,ragnaros,288,shaman,elemental,6,3,3
Tøõøõntêëêët,dun-modr,288,shaman,elemental,6,3,3
Shaulic,ravencrest,288,shaman,elemental,6,3,3
Онеоне,deathweaver,288,shaman,elemental,6,3,3
Ghettero,ragnaros,288,shaman,elemental,6,3,3
Ezrasian,ragnaros,288,shaman,elemental,6,3,3
Дбр,howling-fjord,288,shaman,elemental,6,3,3
Babydòll,neptulon,288,shaman,elemental,6,3,3
Volvíc,tichondrius,288,shaman,elemental,6,3,3
Bharudor,antonidas,288,shaman,elemental,6,3,3
Supersham,ragnaros,288,shaman,elemental,6,3,3
Shoewalker,ragnaros,288,shaman,elemental,6,3,3
Gorgath,dunemaul,288,shaman,elemental,6,3,3
Neirdae,thunderhorn,288,shaman,elemental,6,3,3
Фанковарнесы,gordunni,288,shaman,elemental,6,3,3
Родохрозид,blackscar,288,shaman,elemental,6,3,3
Saduria,antonidas,288,shaman,elemental,6,3,3
Rokxa,burning-legion,288,shaman,elemental,6,3,3
Brandiløve,nemesis,288,shaman,elemental,6,3,3
Sëídhr,arathi,288,shaman,elemental,6,3,3
Penesecco,nemesis,288,shaman,elemental,6,3,3
Tiâna,archimonde,288,shaman,elemental,6,3,3
Uselesstwo,archimonde,288,shaman,elemental,6,3,3
Peneapunta,nemesis,288,shaman,elemental,6,3,3
Begeshaman,sylvanas,288,shaman,elemental,6,3,3
Qenninka,drakthul,288,shaman,elemental,6,3,3
Hotstorm,bronzebeard,288,shaman,elemental,6,3,3
Putrìfy,ravencrest,288,shaman,elemental,6,3,3
Voodoodoouu,stormscale,288,shaman,elemental,6,3,3
Ramuthra,sanguino,288,shaman,elemental,6,3,3
Kaptt,twisting-nether,288,shaman,elemental,6,3,3
Царьбер,soulflayer,288,shaman,elemental,6,3,3
Mjukiz,tarren-mill,288,shaman,elemental,6,3,3
Natureabuser,kazzak,288,shaman,elemental,6,3,3
Estexxsham,kazzak,288,shaman,elemental,6,3,3
Obrijames,tarren-mill,288,shaman,elemental,6,3,3
Skyróxx,blackrock,288,shaman,elemental,6,3,3
Peaktrim,tarren-mill,288,shaman,elemental,6,3,3
Crysham,tarren-mill,288,shaman,elemental,6,3,3
Yashëa,ysondre,288,shaman,elemental,6,3,3
Alphà,stormscale,288,shaman,elemental,6,3,3
Pooch,archimonde,288,shaman,elemental,6,3,3
Thundersioux,ravencrest,288,shaman,elemental,6,3,3
Irønythar,drakthul,288,shaman,elemental,6,3,3
Dagra,twisting-nether,288,shaman,elemental,6,3,3
Faroh,ravencrest,288,shaman,elemental,6,3,3
Ilovédogs,tarren-mill,288,shaman,elemental,6,3,3
Kapristylez,outland,288,shaman,elemental,6,3,3
Dünnbier,blackhand,288,shaman,elemental,6,3,3
Exolnard,twisting-nether,288,shaman,elemental,6,3,3
Lifetimepro,twisting-nether,288,shaman,elemental,6,3,3
Whatsup,aggramar,288,shaman,elemental,6,3,3
Weåfy,outland,288,shaman,elemental,6,3,3
Brandbombe,frostwolf,288,shaman,elemental,6,3,3
Hethne,kazzak,288,shaman,elemental,6,3,3
Lefita,drakthul,288,shaman,elemental,6,3,3
Tuftonshaman,ravencrest,288,shaman,elemental,6,3,3
Hugox,outland,288,shaman,elemental,6,3,3
Nastysham,blackrock,288,shaman,elemental,6,3,3
Gandalito,haomarush,288,shaman,elemental,6,3,3
Susais,outland,288,shaman,elemental,6,3,3
Suldarissha,aegwynn,288,shaman,elemental,6,3,3
Whyisitspicy,kazzak,288,shaman,elemental,6,3,3
Nightingäle,silvermoon,288,shaman,elemental,6,3,3
Joeyexe,outland,288,shaman,elemental,6,3,3
Dreadness,runetotem,288,shaman,elemental,6,3,3
Херургх,soulflayer,288,shaman,elemental,6,3,3
Naedom,aggramar,288,shaman,elemental,6,3,3
Gissary,drakthul,288,shaman,elemental,6,3,3
Shamuzan,malfurion,288,shaman,elemental,6,3,3
Энхай,azuregos,288,shaman,elemental,6,3,3
Nokosi,doomhammer,288,shaman,elemental,6,3,3
Lunarsloth,hyjal,288,shaman,elemental,6,3,3
Another,hakkar,288,shaman,elemental,6,3,3
Sponktrasado,eredar,288,shaman,elemental,6,3,3
Bas,nagrand,288,shaman,elemental,6,3,3
Fufupartyxx,blackrock,288,shaman,elemental,6,3,3
Shamanshow,eredar,288,shaman,elemental,6,3,3
Санрэйн,soulflayer,288,shaman,elemental,6,3,3
Amu,ravencrest,288,shaman,elemental,6,3,3
Shamanmans,grim-batol,288,shaman,elemental,6,3,3
Symy,draenor,288,shaman,elemental,6,3,3
Bigpinkpig,thunderhorn,288,shaman,elemental,7,3,4
Rätxs,blackhand,288,shaman,elemental,12,3,9
Iceshockz,sylvanas,288,shaman,elemental,12,3,9
Woolysocks,draenor,288,shaman,elemental,12,3,9
Shourx,ravencrest,288,shaman,elemental,12,3,9
Fatyoe,eredar,288,shaman,elemental,12,3,9
Tonto,frostmane,288,shaman,elemental,12,3,9
Gethrok,rajaxx,288,shaman,elemental,12,3,9
Berith,spinebreaker,288,shaman,elemental,12,3,9
Throkal,blackhand,288,shaman,elemental,12,3,9
Izir,archimonde,288,shaman,elemental,12,3,9
Vatrios,draenor,288,shaman,elemental,12,3,9
Joeculdacier,hyjal,288,shaman,elemental,12,3,9
Yeah,emeriss,288,shaman,elemental,12,3,9
Samlik,antonidas,288,shaman,elemental,12,3,9
Bónkas,kazzak,288,shaman,elemental,12,3,9
Fouchin,outland,288,shaman,elemental,12,3,9
Qwunjin,ragnaros,288,shaman,elemental,12,3,9
Grinan,hyjal,288,shaman,elemental,12,3,9
Чтозабред,gordunni,288,shaman,elemental,12,3,9
Tir,auchindoun,288,shaman,elemental,12,3,9
Jaeslin,tarren-mill,288,shaman,elemental,12,3,9
Opaque,doomhammer,288,shaman,elemental,12,3,9
Korbas,burning-legion,288,shaman,elemental,12,3,9
Gaera,veknilash,288,shaman,elemental,12,3,9
Corlysvelary,doomhammer,288,shaman,elemental,12,3,9
Elemania,mugthol,288,shaman,elemental,12,3,9
Megaherz,sanguino,287,shaman,elemental,6,3,3
Bogatyrk,twisting-nether,287,shaman,elemental,6,3,3
Zalacrass,sanguino,286,shaman,elemental,6,3,3
Twotwozero,defias-brotherhood,286,shaman,elemental,6,3,3
Вещун,deathguard,284,shaman,elemental,12,3,9
Mareaspibas,zuljin,239,shaman,elemental,5,3,2
Thytor,blackmoore,239,shaman,elemental,5,3,2
Deathshamãn,stormscale,239,shaman,elemental,11,3,8
Beautie,sylvanas,234,shaman,elemental,14,4,10
Ohhmm,ravencrest,223,shaman,elemental,14,3,11
Stíckíx,malganis,192,shaman,elemental,4,3,1
Frý,archimonde,192,shaman,elemental,6,2,4
Hanakô,grim-batol,192,shaman,elemental,6,2,4
Melliska,silvermoon,192,shaman,elemental,6,2,4
Azifox,hyjal,192,shaman,elemental,6,2,4
Fläskbjarne,stormscale,192,shaman,elemental,6,2,4
Beletili,chogall,192,shaman,elemental,6,2,4
Papskalla,ravencrest,192,shaman,elemental,6,2,4
Тандерхем,gordunni,192,shaman,elemental,6,2,4
Лаваяшка,gordunni,192,shaman,elemental,6,2,4
Растабоба,galakrond,192,shaman,elemental,6,2,4
Seyumi,draenor,192,shaman,elemental,6,2,4
Ishkadar,twisting-nether,192,shaman,elemental,6,2,4
Stivishamy,blackmoore,192,shaman,elemental,6,2,4
Macetoyaface,darksorrow,192,shaman,elemental,6,2,4
Импфаразел,gordunni,192,shaman,elemental,6,2,4
Albatroz,the-maelstrom,192,shaman,elemental,6,2,4
Krovogor,silvermoon,192,shaman,elemental,6,2,4
Драгенхз,gordunni,192,shaman,elemental,6,2,4
Purgérkíng,silvermoon,192,shaman,elemental,6,2,4
Wawawoowee,archimonde,192,shaman,elemental,6,2,4
Patites,twisting-nether,192,shaman,elemental,6,2,4
Yiyi,boulderfist,192,shaman,elemental,6,2,4
Yobanivrot,the-maelstrom,192,shaman,elemental,6,2,4
Rok,darkspear,192,shaman,elemental,6,2,4
Kolchidyalah,la-croisade-écarlate,192,shaman,elemental,6,2,4
Undae,ravencrest,192,shaman,elemental,6,2,4
Elshamino,ravencrest,192,shaman,elemental,6,2,4
Cptsham,blackrock,192,shaman,elemental,6,2,4
Tigro,burning-legion,192,shaman,elemental,6,2,4
Nnekalol,twisting-nether,192,shaman,elemental,6,2,4
Garakh,argent-dawn,192,shaman,elemental,6,2,4
Bomboclat,azjolnerub,192,shaman,elemental,6,2,4
Checkpoint,defias-brotherhood,192,shaman,elemental,6,2,4
Firsttime,alakir,192,shaman,elemental,6,2,4
Keisys,kazzak,192,shaman,elemental,6,2,4
Tolk,thrall,192,shaman,elemental,6,2,4
Baxz,twisting-nether,192,shaman,elemental,6,2,4
Сновидений,soulflayer,192,shaman,elemental,6,2,4
Präsi,die-aldor,192,shaman,elemental,6,2,4
Шаеман,soulflayer,192,shaman,elemental,6,2,4
Durinlaso,sanguino,192,shaman,elemental,6,2,4
Kayden,uldum,192,shaman,elemental,6,2,4
Ratatakéas,archimonde,192,shaman,elemental,6,2,4
Dormido,sanguino,192,shaman,elemental,6,2,4
Shamarre,executus,192,shaman,elemental,6,2,4
Dodododfewal,stormscale,192,shaman,elemental,6,2,4
Rindenmulch,eredar,192,shaman,elemental,6,2,4
Littletrall,outland,192,shaman,elemental,6,2,4
Bjerknes,draenor,192,shaman,elemental,6,2,4
Rakermän,dun-modr,192,shaman,elemental,6,2,4
Telezex,twisting-nether,192,shaman,elemental,6,2,4
Oldbuttgold,archimonde,192,shaman,elemental,6,2,4
Stormzug,twisting-nether,192,shaman,elemental,6,2,4
Mehex,tarren-mill,192,shaman,elemental,6,2,4
Cöökiekeeper,twisting-nether,192,shaman,elemental,6,2,4
Tuksy,darkspear,192,shaman,elemental,6,2,4
Ahrim,argent-dawn,192,shaman,elemental,6,2,4
Fuzzbolt,silvermoon,192,shaman,elemental,6,2,4
Kappatotem,silvermoon,192,shaman,elemental,6,2,4
Schockolade,blackmoore,192,shaman,elemental,6,2,4
Shambamm,stormscale,192,shaman,elemental,6,2,4
Purgegødxx,aegwynn,192,shaman,elemental,6,2,4
Berzærker,ravencrest,192,shaman,elemental,6,2,4
Casterzajx,kazzak,192,shaman,elemental,6,2,4
Exílium,tarren-mill,192,shaman,elemental,6,2,4
Zinlay,tarren-mill,192,shaman,elemental,6,2,4
Djxyoloswag,silvermoon,192,shaman,elemental,6,2,4
Nuekx,sanguino,192,shaman,elemental,6,2,4
Zackyboi,tarren-mill,192,shaman,elemental,6,2,4
Tates,jaedenar,192,shaman,elemental,6,2,4
Schamistyle,blackhand,192,shaman,elemental,6,2,4
Nuvet,argent-dawn,192,shaman,elemental,6,2,4
Вавувоух,howling-fjord,192,shaman,elemental,6,2,4
Shàmeonyou,dun-morogh,192,shaman,elemental,6,2,4
Éàsy,blackmoore,192,shaman,elemental,6,2,4
Squixi,ravencrest,192,shaman,elemental,6,2,4
Shareed,zuluhed,192,shaman,elemental,6,2,4
Amonshokz,tarren-mill,192,shaman,elemental,6,2,4
Hogmodig,tarren-mill,192,shaman,elemental,7,2,5
Shockbestie,eredar,192,shaman,elemental,7,2,5
Lycburst,twisting-nether,192,shaman,elemental,12,2,10
Cámmy,twisting-nether,192,shaman,elemental,12,2,10
Zíp,archimonde,192,shaman,elemental,12,2,10
Sweetcåndy,stormscale,192,shaman,elemental,12,2,10
Зуфар,howling-fjord,192,shaman,elemental,12,2,10
Thornyberrý,outland,192,shaman,elemental,12,2,10
Максобман,howling-fjord,192,shaman,elemental,12,2,10
Yarøu,antonidas,192,shaman,elemental,12,2,10
Thunda,stormreaver,192,shaman,elemental,12,2,10
Nakenfeigy,stormreaver,192,shaman,elemental,12,2,10
Неерззул,soulflayer,192,shaman,elemental,12,2,10
Ghostx,nemesis,192,shaman,elemental,18,2,16
Zeiger,minahonda,192,shaman,elemental,24,2,22
Khraajsy,sylvanas,191,shaman,elemental,6,2,4
Aspirio,ravencrest,175,shaman,elemental,11,2,9
Thalgryn,twisting-nether,159,shaman,elemental,8,3,5
Tarzh,dalaran,159,shaman,elemental,8,3,5
Kortën,khaz-modan,159,shaman,elemental,10,2,8
Artigeartig,draenor,144,shaman,elemental,3,3,0
Disneyplus,tarren-mill,138,shaman,elemental,8,3,5
Clappagobzz,kazzak,138,shaman,elemental,8,3,5
Amiashaman,stormscale,138,shaman,elemental,16,3,13
Корсика,gordunni,128,shaman,elemental,4,2,2
Shakgor,draenor,128,shaman,elemental,4,2,2
Thorcasso,azuremyst,96,shaman,elemental,3,2,1
Bram,aggra-português,96,shaman,elemental,3,2,1
Simpledream,tarren-mill,96,shaman,elemental,3,2,1
Zadrams,argent-dawn,96,shaman,elemental,3,2,1
Shamvareja,silvermoon,96,shaman,elemental,3,2,1
Nopivøt,hyjal,96,shaman,elemental,7,2,5
Hagelbrakan,stormscale,96,shaman,elemental,6,1,5
Dergat,pozzo-delleternità,96,shaman,elemental,6,1,5
Bärtigbaron,thrall,96,shaman,elemental,6,1,5
Rakat,twisting-nether,96,shaman,elemental,6,1,5
Çoco,blackrock,96,shaman,elemental,6,1,5
Монамур,deathguard,96,shaman,elemental,6,1,5
Сентес,soulflayer,96,shaman,elemental,6,1,5
Shaminista,ravencrest,96,shaman,elemental,6,1,5
Felcrushed,stormscale,96,shaman,elemental,6,1,5
Moosavi,kazzak,96,shaman,elemental,6,1,5
Flurpz,outland,96,shaman,elemental,6,1,5
Bonjwa,eitrigg,96,shaman,elemental,6,1,5
Ämbientador,sanguino,96,shaman,elemental,6,1,5
Dérgérät,blackrock,96,shaman,elemental,6,1,5
Vodoochild,hyjal,96,shaman,elemental,6,1,5
Cazzari,thrall,96,shaman,elemental,6,1,5
Barockox,kazzak,96,shaman,elemental,6,1,5
Goldva,outland,96,shaman,elemental,6,1,5
Shamira,nethersturm,96,shaman,elemental,6,1,5
Papaver,zirkel-des-cenarius,96,shaman,elemental,6,1,5
Skailzcham,hyjal,96,shaman,elemental,6,1,5
Dizhkameduu,terokkar,96,shaman,elemental,6,1,5
Lik,nethersturm,96,shaman,elemental,6,1,5
Пэппивкашке,howling-fjord,96,shaman,elemental,6,1,5
Dwarfofwar,ravencrest,96,shaman,elemental,6,1,5
Vorkanyx,ysondre,96,shaman,elemental,6,1,5
Muisak,culte-de-la-rive-noire,96,shaman,elemental,6,1,5
Shamsteaks,ysera,96,shaman,elemental,6,1,5
Heheheyup,ravencrest,96,shaman,elemental,6,1,5
Bispi,blackmoore,96,shaman,elemental,6,1,5
Zows,kazzak,96,shaman,elemental,6,1,5
Moglibard,grim-batol,96,shaman,elemental,6,1,5
Pasjeop,ravencrest,96,shaman,elemental,6,1,5
Ferdizap,draenor,96,shaman,elemental,6,1,5
Nìtratx,archimonde,96,shaman,elemental,6,1,5
Happyjuice,silvermoon,96,shaman,elemental,6,1,5
Bonestompamc,blackmoore,96,shaman,elemental,6,1,5
Freexx,aegwynn,96,shaman,elemental,6,1,5
Jänis,ragnaros,96,shaman,elemental,6,1,5
Growlêy,draenor,96,shaman,elemental,6,1,5
Hästdvärg,the-maelstrom,96,shaman,elemental,6,1,5
Артокор,gordunni,96,shaman,elemental,6,1,5
Stiflersmôm,antonidas,96,shaman,elemental,6,1,5
Zaffyboi,draenor,96,shaman,elemental,6,1,5
Kilruk,ravencrest,96,shaman,elemental,6,1,5
Ânne,blackrock,96,shaman,elemental,6,1,5
Killhorn,malganis,96,shaman,elemental,6,1,5
Depucova,silvermoon,96,shaman,elemental,6,1,5
Aguero,aegwynn,96,shaman,elemental,6,1,5
Samisu,blackmoore,96,shaman,elemental,6,1,5
Jabena,draenor,96,shaman,elemental,6,1,5
Newÿorc,dalaran,96,shaman,elemental,6,1,5
Elijaá,nordrassil,96,shaman,elemental,6,1,5
Châmanco,dun-modr,96,shaman,elemental,6,1,5
Mittyzap,kazzak,96,shaman,elemental,6,1,5
Zerim,taerar,96,shaman,elemental,6,1,5
Fatflop,sylvanas,96,shaman,elemental,6,1,5
Tapatak,antonidas,96,shaman,elemental,12,1,11
Zappypewpew,drakthul,96,shaman,elemental,12,1,11
Amaizin,stormscale,96,shaman,elemental,12,1,11
Kyst,elune,95,shaman,elemental,6,1,5
Torxii,antonidas,79,shaman,elemental,5,1,4
Torepåsporet,deathwing,79,shaman,elemental,5,1,4
Rãgnãr,frostwolf,64,shaman,elemental,4,1,3
Agnøt,khaz-modan,63,shaman,elemental,2,2,0
Realiz,ysondre,48,shaman,elemental,4,1,3
Hyu,hyjal,42,shaman,elemental,10,2,8
Shammolino,nemesis,41,shaman,elemental,7,3,4
Gushgush,draenor,31,shaman,elemental,2,1,1
Memourian,drakthul,16,shaman,elemental,7,1,6
Bredare,ravencrest,2406,shaman,enhancement,136,104,32
Blaukraut,stormscale,2375,shaman,enhancement,115,75,40
Mûnch,kazzak,2369,shaman,enhancement,110,73,37
Avines,twisting-nether,2347,shaman,enhancement,302,162,140
Крааули,soulflayer,2283,shaman,enhancement,439,228,211
Axdn,ravencrest,2249,shaman,enhancement,92,51,41
Дудивтф,soulflayer,2244,shaman,enhancement,194,105,89
Китрасст,soulflayer,2239,shaman,enhancement,78,43,35
Strippzz,stormscale,2238,shaman,enhancement,102,62,40
Fatpig,stormscale,2238,shaman,enhancement,83,47,36
Dennismanone,tarren-mill,2228,shaman,enhancement,120,62,58
Acidtrips,thrall,2226,shaman,enhancement,90,47,43
Hermerejildo,stormscale,2210,shaman,enhancement,143,75,68
Kweng,stormreaver,2208,shaman,enhancement,193,109,84
Китраст,soulflayer,2200,shaman,enhancement,87,45,42
Shadiqt,stormscale,2194,shaman,enhancement,96,51,45
Azifox,hyjal,2183,shaman,enhancement,132,67,65
Buffdraventy,archimonde,2176,shaman,enhancement,102,59,43
Shadijr,stormscale,2176,shaman,enhancement,94,50,44
Treyway,dun-modr,2174,shaman,enhancement,96,64,32
Sillaas,ysondre,2171,shaman,enhancement,174,88,86
Lizoo,ravencrest,2169,shaman,enhancement,102,66,36
Smorcshamyy,kazzak,2160,shaman,enhancement,117,67,50
Curioustowel,kazzak,2158,shaman,enhancement,71,40,31
Fckumen,blackmoore,2155,shaman,enhancement,124,71,53
Critonian,twisting-nether,2148,shaman,enhancement,87,48,39
Baconbazooka,tarren-mill,2147,shaman,enhancement,101,60,41
Lovèless,stormscale,2147,shaman,enhancement,48,28,20
Áä,stormscale,2146,shaman,enhancement,48,42,6
Joeyexe,outland,2141,shaman,enhancement,125,68,57
Enhahaha,tarren-mill,2141,shaman,enhancement,84,45,39
Nevergroundx,perenolde,2133,shaman,enhancement,78,47,31
Mustakrakish,terokkar,2127,shaman,enhancement,78,53,25
Chancè,tarren-mill,2124,shaman,enhancement,84,50,34
Shadi,stormscale,2119,shaman,enhancement,84,44,40
Shamanyxx,tarren-mill,2114,shaman,enhancement,269,141,128
Maelstrom,eredar,2113,shaman,enhancement,300,167,133
Feetaddict,kazzak,2109,shaman,enhancement,181,101,80
Бафамет,blackscar,2108,shaman,enhancement,66,39,27
Syllaas,ysondre,2108,shaman,enhancement,174,89,85
Voodoodoouu,stormscale,2106,shaman,enhancement,173,93,80
Krónm,dun-modr,2104,shaman,enhancement,112,73,39
Sparkygødx,twisting-nether,2104,shaman,enhancement,54,33,21
Ostosmvp,ravencrest,2102,shaman,enhancement,96,49,47
Sparkyxd,twisting-nether,2102,shaman,enhancement,84,40,44
Myguns,silvermoon,2101,shaman,enhancement,182,97,85
Etox,darksorrow,2101,shaman,enhancement,114,60,54
Møldør,tarren-mill,2100,shaman,enhancement,132,84,48
Noboorst,stormscale,2094,shaman,enhancement,78,44,34
Trulylove,tarren-mill,2090,shaman,enhancement,99,50,49
Shukhevych,kazzak,2086,shaman,enhancement,161,91,70
Kwengi,stormreaver,2086,shaman,enhancement,96,51,45
Swapxy,ravencrest,2084,shaman,enhancement,54,33,21
Wóllff,archimonde,2084,shaman,enhancement,111,63,48
Æerømachine,outland,2081,shaman,enhancement,116,58,58
Zulmalis,twisting-nether,2078,shaman,enhancement,177,103,74
Yashëa,ysondre,2069,shaman,enhancement,73,59,14
Stribbzz,stormscale,2068,shaman,enhancement,298,165,133
Babalahziz,ysondre,2065,shaman,enhancement,142,94,48
Mëditåtïøñ,blackrock,2059,shaman,enhancement,66,32,34
Ruffepuffe,twisting-nether,2055,shaman,enhancement,348,182,166
Milheroj,tarren-mill,2045,shaman,enhancement,165,89,76
Автозакзак,soulflayer,2045,shaman,enhancement,101,48,53
Gúîtårgøð,sanguino,2042,shaman,enhancement,89,44,45
Ниокумибейт,soulflayer,2035,shaman,enhancement,100,64,36
Епуклопов,soulflayer,2035,shaman,enhancement,114,69,45
Oldveteran,eredar,2035,shaman,enhancement,127,76,51
Alterem,kazzak,2030,shaman,enhancement,204,112,92
Plsdontpress,stormscale,2029,shaman,enhancement,121,70,51
Chakafuyo,dun-modr,2028,shaman,enhancement,74,45,29
Hermerejildo,tarren-mill,2026,shaman,enhancement,66,38,28
Shambolicc,ravencrest,2023,shaman,enhancement,106,53,53
Hexmex,stormreaver,2015,shaman,enhancement,160,86,74
Karpsham,stormscale,2014,shaman,enhancement,162,78,84
Arslos,twisting-nether,2010,shaman,enhancement,50,39,11
Zró,blackrock,2008,shaman,enhancement,174,90,84
Читорра,gordunni,2006,shaman,enhancement,102,53,49
Gõyokunomajo,kazzak,2003,shaman,enhancement,72,48,24
Shïnnøk,stormscale,1993,shaman,enhancement,538,272,266
Xa,blackrock,1990,shaman,enhancement,147,82,65
Twísting,tarren-mill,1989,shaman,enhancement,59,37,22
Stormkiler,defias-brotherhood,1988,shaman,enhancement,171,86,85
Инсэйнгод,soulflayer,1983,shaman,enhancement,63,32,31
Nuarishaman,kazzak,1981,shaman,enhancement,84,47,37
Chehkhan,archimonde,1981,shaman,enhancement,82,44,38
Архивоитель,soulflayer,1980,shaman,enhancement,136,80,56
Morguk,zuljin,1980,shaman,enhancement,115,67,48
Corvux,tarren-mill,1976,shaman,enhancement,84,45,39
Qnanen,blackmoore,1973,shaman,enhancement,134,77,57
Wishsteen,stormscale,1973,shaman,enhancement,95,52,43
Tâktoukâ,archimonde,1966,shaman,enhancement,160,91,69
Тандервульф,howling-fjord,1964,shaman,enhancement,201,108,93
Taktouka,archimonde,1962,shaman,enhancement,77,37,40
Horelio,sanguino,1961,shaman,enhancement,225,126,99
Нарленд,gordunni,1960,shaman,enhancement,240,122,118
Pusspatrol,kazzak,1959,shaman,enhancement,114,55,59
Woopiedoopie,silvermoon,1958,shaman,enhancement,117,68,49
Disciplé,blackmoore,1953,shaman,enhancement,95,51,44
Shïnnkøk,stormscale,1953,shaman,enhancement,138,70,68
Skullstorm,talnivarr,1952,shaman,enhancement,85,50,35
Matchstíck,draenor,1952,shaman,enhancement,66,36,30
Zouk,ysondre,1951,shaman,enhancement,60,39,21
Viablous,ravencrest,1950,shaman,enhancement,202,122,80
Ниу,thermaplugg,1949,shaman,enhancement,54,32,22
Shambolicc,kazzak,1949,shaman,enhancement,164,81,83
Hardeeshot,stormscale,1944,shaman,enhancement,55,39,16
Turbostruck,ravencrest,1944,shaman,enhancement,120,54,66
Yüri,stormscale,1942,shaman,enhancement,271,133,138
Hezdnalien,aegwynn,1940,shaman,enhancement,191,108,83
Trulylove,outland,1938,shaman,enhancement,119,53,66
Пеклоь,soulflayer,1933,shaman,enhancement,240,121,119
Shamarach,sylvanas,1931,shaman,enhancement,60,38,22
Deaslow,hyjal,1929,shaman,enhancement,200,109,91
Uhøfligeulf,draenor,1925,shaman,enhancement,101,49,52
Brokenguyman,defias-brotherhood,1924,shaman,enhancement,52,31,21
Lokes,drakthul,1923,shaman,enhancement,336,175,161
Nopre,blackrock,1918,shaman,enhancement,376,195,181
Matrixxer,aegwynn,1910,shaman,enhancement,63,44,19
Ennuii,blackrock,1910,shaman,enhancement,60,35,25
Teknorave,dun-modr,1909,shaman,enhancement,66,35,31
Kulefesk,grim-batol,1906,shaman,enhancement,150,76,74
Тиидишам,blackscar,1905,shaman,enhancement,143,72,71
Arhitopg,silvermoon,1903,shaman,enhancement,120,64,56
Пэппивкашке,howling-fjord,1902,shaman,enhancement,62,36,26
Tosemist,stormscale,1902,shaman,enhancement,70,40,30
Слакербэдбой,gordunni,1901,shaman,enhancement,108,53,55
Херургх,soulflayer,1900,shaman,enhancement,92,59,33
Бренненд,howling-fjord,1897,shaman,enhancement,182,99,83
Metamorflord,ravencrest,1895,shaman,enhancement,60,39,21
Lassolasse,sylvanas,1894,shaman,enhancement,54,35,19
Flappey,stormscale,1894,shaman,enhancement,78,48,30
Trixey,mazrigos,1892,shaman,enhancement,52,30,22
Вацустайл,goldrinn,1891,shaman,enhancement,78,48,30
Bikdig,dun-modr,1890,shaman,enhancement,96,54,42
Nachosauce,tarren-mill,1890,shaman,enhancement,53,28,25
Gottiy,blackhand,1890,shaman,enhancement,162,80,82
Phobiatics,thrall,1886,shaman,enhancement,47,32,15
Nerfrets,malganis,1882,shaman,enhancement,197,116,81
Rëalg,zuljin,1881,shaman,enhancement,108,67,41
Frankone,outland,1881,shaman,enhancement,204,113,91
Ohhmm,ravencrest,1881,shaman,enhancement,42,20,22
Zarkab,ysondre,1880,shaman,enhancement,76,54,22
Mírídíuss,silvermoon,1879,shaman,enhancement,59,34,25
Blitzmann,outland,1879,shaman,enhancement,54,30,24
Yombaï,archimonde,1878,shaman,enhancement,198,95,103
Вацунвец,goldrinn,1877,shaman,enhancement,187,98,89
Zetorgg,burning-legion,1873,shaman,enhancement,136,70,66
Jaykelul,frostmane,1871,shaman,enhancement,24,20,4
Tordenlars,ragnaros,1870,shaman,enhancement,47,27,20
Bullx,magtheridon,1870,shaman,enhancement,132,72,60
Ятебясмету,gordunni,1867,shaman,enhancement,48,32,16
Jäy,twisting-nether,1867,shaman,enhancement,58,31,27
Вудумастер,gordunni,1866,shaman,enhancement,107,62,45
Testosterone,dun-modr,1865,shaman,enhancement,142,76,66
Shrektar,outland,1864,shaman,enhancement,42,25,17
Ódicen,dun-modr,1864,shaman,enhancement,51,29,22
Javaburst,ragnaros,1864,shaman,enhancement,162,91,71
Falseshepard,kazzak,1863,shaman,enhancement,54,29,25
Medistød,draenor,1862,shaman,enhancement,188,112,76
Fözk,outland,1860,shaman,enhancement,60,33,27
Mittyzap,kazzak,1858,shaman,enhancement,102,59,43
Naochí,silvermoon,1857,shaman,enhancement,35,23,12
Hanrej,draenor,1856,shaman,enhancement,60,37,23
Shamhaár,blackmoore,1856,shaman,enhancement,100,61,39
Androck,tarren-mill,1855,shaman,enhancement,88,48,40
Radåhn,outland,1854,shaman,enhancement,72,44,28
Klintxbob,hyjal,1852,shaman,enhancement,36,20,16
Høwlstørmx,ravencrest,1850,shaman,enhancement,55,36,19
Xôàrqt,eredar,1850,shaman,enhancement,302,161,141
Veloudinos,twisting-nether,1849,shaman,enhancement,125,82,43
Chatbanned,blackmoore,1849,shaman,enhancement,42,25,17
Spaltbart,blackmoore,1848,shaman,enhancement,102,60,42
Løne,sylvanas,1848,shaman,enhancement,138,80,58
Blubbers,magtheridon,1847,shaman,enhancement,60,36,24
Tailin,nozdormu,1846,shaman,enhancement,66,40,26
Monamour,twisting-nether,1845,shaman,enhancement,102,63,39
Рэггдолл,soulflayer,1845,shaman,enhancement,102,47,55
Майндшторм,blackscar,1844,shaman,enhancement,48,32,16
Shds,blackmoore,1844,shaman,enhancement,102,60,42
Recaim,outland,1844,shaman,enhancement,59,30,29
Talrall,twisting-nether,1843,shaman,enhancement,108,57,51
Totemofgreed,rexxar,1843,shaman,enhancement,84,40,44
Мсет,soulflayer,1841,shaman,enhancement,35,23,12
Siphem,stormscale,1841,shaman,enhancement,49,31,18
Dhedge,draenor,1841,shaman,enhancement,96,56,40
Dendyre,outland,1840,shaman,enhancement,59,29,30
Paintball,kazzak,1838,shaman,enhancement,264,144,120
Ludwigson,tarren-mill,1837,shaman,enhancement,137,83,54
Daybidaybi,stormscale,1837,shaman,enhancement,131,64,67
Tzivati,draenor,1835,shaman,enhancement,59,34,25
Altarian,nemesis,1834,shaman,enhancement,87,47,40
Jtouni,outland,1834,shaman,enhancement,138,69,69
Lekthar,draenor,1833,shaman,enhancement,143,83,60
Djonebutton,kazzak,1833,shaman,enhancement,47,27,20
Ваншотстайлз,soulflayer,1832,shaman,enhancement,118,60,58
Энха,howling-fjord,1832,shaman,enhancement,63,32,31
Dwarfstil,blackmoore,1831,shaman,enhancement,57,31,26
Pocahøntas,archimonde,1831,shaman,enhancement,68,35,33
Wacomtablet,kazzak,1830,shaman,enhancement,42,24,18
Wúh,twisting-nether,1830,shaman,enhancement,153,87,66
Shámi,gilneas,1830,shaman,enhancement,54,26,28
Ganachimby,zuljin,1828,shaman,enhancement,53,36,17
Друггрумилей,soulflayer,1828,shaman,enhancement,42,24,18
Salvadr,zuljin,1827,shaman,enhancement,70,39,31
Eselwindzorn,blackrock,1825,shaman,enhancement,41,26,15
Lavadelrey,drakthul,1824,shaman,enhancement,48,25,23
Shamflurry,ravencrest,1823,shaman,enhancement,48,33,15
Ananasanax,twisting-nether,1823,shaman,enhancement,114,63,51
Pumpcok,durotan,1821,shaman,enhancement,54,33,21
Lexyiasz,kazzak,1820,shaman,enhancement,94,68,26
Djsnéak,blackrock,1819,shaman,enhancement,48,24,24
Senroxx,blackrock,1818,shaman,enhancement,48,32,16
Argotan,drakthul,1817,shaman,enhancement,71,43,28
Thunberg,ravencrest,1817,shaman,enhancement,107,61,46
Чаапалах,blackscar,1817,shaman,enhancement,252,126,126
Hapkin,defias-brotherhood,1816,shaman,enhancement,54,38,16
Mckoy,kazzak,1816,shaman,enhancement,40,27,13
Gønêxt,ravencrest,1816,shaman,enhancement,45,30,15
Stormfíst,tarren-mill,1816,shaman,enhancement,120,68,52
Ïï,archimonde,1816,shaman,enhancement,261,143,118
Kilnih,archimonde,1815,shaman,enhancement,42,30,12
Joanno,aegwynn,1815,shaman,enhancement,54,34,20
Pumanii,silvermoon,1815,shaman,enhancement,96,55,41
Marohk,uldum,1815,shaman,enhancement,42,22,20
Moini,eredar,1815,shaman,enhancement,72,36,36
Grende,sylvanas,1814,shaman,enhancement,155,82,73
Stormasaurus,anachronos,1813,shaman,enhancement,52,34,18
Gelthan,zuljin,1812,shaman,enhancement,218,119,99
Eysns,blackrock,1811,shaman,enhancement,70,42,28
Zulren,draenor,1811,shaman,enhancement,42,23,19
Dshaman,aegwynn,1810,shaman,enhancement,36,23,13
Ozilie,khaz-modan,1810,shaman,enhancement,83,52,31
Wishstêên,stormscale,1809,shaman,enhancement,64,29,35
Echoingshock,argent-dawn,1808,shaman,enhancement,54,37,17
Roxâm,hyjal,1808,shaman,enhancement,34,20,14
Ðrshock,blackmoore,1808,shaman,enhancement,54,31,23
Xestil,blackmoore,1808,shaman,enhancement,67,36,31
Enhshamanop,draenor,1808,shaman,enhancement,270,132,138
Turbostuck,ravencrest,1808,shaman,enhancement,99,47,52
Blastoiselol,ragnaros,1807,shaman,enhancement,52,34,18
Ewion,dalvengyr,1807,shaman,enhancement,123,79,44
Furystrikez,frostwolf,1807,shaman,enhancement,120,72,48
Вандерласт,howling-fjord,1807,shaman,enhancement,125,71,54
Pvpone,ravencrest,1807,shaman,enhancement,36,19,17
Dzandell,silvermoon,1804,shaman,enhancement,187,90,97
Реактиватор,soulflayer,1803,shaman,enhancement,47,27,20
Actionhank,area-52,1803,shaman,enhancement,99,50,49
Vargen,arygos,1802,shaman,enhancement,54,34,20
Spicemélange,archimonde,1802,shaman,enhancement,64,37,27
Floorislava,culte-de-la-rive-noire,1802,shaman,enhancement,112,56,56
Sozetwo,tarren-mill,1801,shaman,enhancement,40,24,16
Sybred,twisting-nether,1800,shaman,enhancement,126,76,50
Axemodels,archimonde,1800,shaman,enhancement,60,32,28
Akatuseiwah,blackrock,1800,shaman,enhancement,47,25,22
Calvey,magtheridon,1799,shaman,enhancement,82,37,45
Dakotasham,ravencrest,1797,shaman,enhancement,41,27,14
Proccq,twisting-nether,1795,shaman,enhancement,48,24,24
Azrs,ravencrest,1794,shaman,enhancement,102,57,45
Onebutton,archimonde,1793,shaman,enhancement,42,28,14
Kishock,tarren-mill,1793,shaman,enhancement,30,19,11
Acivich,frostmane,1793,shaman,enhancement,84,50,34
Экспл,ashenvale,1793,shaman,enhancement,72,35,37
Kikbokser,kazzak,1792,shaman,enhancement,34,27,7
Сидог,soulflayer,1792,shaman,enhancement,36,25,11
Pumpzuat,khadgar,1792,shaman,enhancement,40,27,13
Shaakez,kazzak,1792,shaman,enhancement,141,80,61
Shockxy,norgannon,1792,shaman,enhancement,46,23,23
Asaakira,blackmoore,1791,shaman,enhancement,289,143,146
Nnele,sanguino,1791,shaman,enhancement,112,52,60
Shamtard,frostwhisper,1790,shaman,enhancement,169,85,84
Toteemikylpy,argent-dawn,1789,shaman,enhancement,90,54,36
Toobiib,culte-de-la-rive-noire,1789,shaman,enhancement,60,30,30
Voodoodocter,kazzak,1787,shaman,enhancement,159,83,76
Барракудах,razuvious,1787,shaman,enhancement,162,81,81
Рыганский,blackscar,1787,shaman,enhancement,60,26,34
Purgerooni,haomarush,1786,shaman,enhancement,82,50,32
Yacu,blackrock,1786,shaman,enhancement,77,43,34
Gromzog,twisting-nether,1785,shaman,enhancement,72,39,33
Schoølbøyq,blackrock,1784,shaman,enhancement,30,19,11
Stormlash,shattered-halls,1784,shaman,enhancement,96,58,38
Robzn,blackrock,1783,shaman,enhancement,50,32,18
Blyxuhm,argent-dawn,1783,shaman,enhancement,36,19,17
Boombastíc,ravencrest,1782,shaman,enhancement,142,69,73
Orakl,tarren-mill,1780,shaman,enhancement,101,64,37
Calveyy,magtheridon,1780,shaman,enhancement,45,28,17
Badmojø,silvermoon,1780,shaman,enhancement,226,105,121
Lavalordd,tarren-mill,1777,shaman,enhancement,54,32,22
Satanloveme,stormscale,1777,shaman,enhancement,54,28,26
Narevoqi,madmortem,1773,shaman,enhancement,46,31,15
Vartarius,arthas,1773,shaman,enhancement,141,75,66
Mehex,tarren-mill,1772,shaman,enhancement,78,41,37
Pýthøn,silvermoon,1772,shaman,enhancement,54,27,27
Канамаш,borean-tundra,1770,shaman,enhancement,66,44,22
Vayshibro,turalyon,1770,shaman,enhancement,66,36,30
Рэйпушка,gordunni,1769,shaman,enhancement,53,25,28
Raidwhipper,twisting-nether,1768,shaman,enhancement,156,92,64
Caelx,ragnaros,1765,shaman,enhancement,41,27,14
Obrijames,tarren-mill,1765,shaman,enhancement,94,55,39
Zutemaster,stormscale,1765,shaman,enhancement,98,55,43
Shammyenh,burning-legion,1764,shaman,enhancement,72,42,30
Meatballspam,stormscale,1760,shaman,enhancement,77,36,41
Mèátßãllgøðx,kazzak,1759,shaman,enhancement,153,75,78
Sígrun,aegwynn,1758,shaman,enhancement,42,28,14
Nøxz,blackmoore,1756,shaman,enhancement,54,28,26
Видарх,soulflayer,1756,shaman,enhancement,42,20,22
Sonnestorm,tarren-mill,1755,shaman,enhancement,52,28,24
Маелштромс,soulflayer,1755,shaman,enhancement,60,30,30
Буряя,blackscar,1755,shaman,enhancement,42,20,22
Basz,aegwynn,1754,shaman,enhancement,64,35,29
Joanna,frostwolf,1746,shaman,enhancement,73,36,37
Aeisey,archimonde,1745,shaman,enhancement,77,46,31
Stormdrak,eredar,1741,shaman,enhancement,42,29,13
Максобман,howling-fjord,1741,shaman,enhancement,54,30,24
Babae,draenor,1741,shaman,enhancement,84,31,53
Johncoltrane,archimonde,1738,shaman,enhancement,72,49,23
Jabaraklol,stormscale,1738,shaman,enhancement,109,70,39
Kardyo,archimonde,1738,shaman,enhancement,39,25,14
Faxsham,draenor,1738,shaman,enhancement,72,44,28
Qwertyxd,ravencrest,1736,shaman,enhancement,54,32,22
Getahex,ravencrest,1735,shaman,enhancement,23,19,4
Akhlýzz,ysondre,1734,shaman,enhancement,63,39,24
Totemilokum,stormscale,1732,shaman,enhancement,48,28,20
Сахарокь,soulflayer,1731,shaman,enhancement,71,38,33
Ðreamz,kaelthas,1731,shaman,enhancement,253,132,121
Tobanga,malganis,1730,shaman,enhancement,48,29,19
Халльбьерн,howling-fjord,1726,shaman,enhancement,60,36,24
Sswf,kazzak,1725,shaman,enhancement,24,18,6
Obryss,tarren-mill,1725,shaman,enhancement,29,19,10
Lurkmon,twisting-nether,1725,shaman,enhancement,136,73,63
Халльбиорн,gordunni,1724,shaman,enhancement,73,36,37
Nòrgan,die-aldor,1723,shaman,enhancement,25,19,6
Zerocarè,tarren-mill,1723,shaman,enhancement,24,18,6
Fotmglad,blackrock,1723,shaman,enhancement,84,48,36
Grytkungen,daggerspine,1722,shaman,enhancement,62,39,23
Dalgia,tarren-mill,1722,shaman,enhancement,42,25,17
Onepatchman,silvermoon,1722,shaman,enhancement,72,38,34
Zenka,burning-legion,1721,shaman,enhancement,54,41,13
Lersham,the-maelstrom,1721,shaman,enhancement,77,44,33
Ryhèn,stormscale,1720,shaman,enhancement,245,133,112
Akimó,ravencrest,1720,shaman,enhancement,77,41,36
Khamo,twisting-nether,1719,shaman,enhancement,89,46,43
Snëakyboom,stormscale,1717,shaman,enhancement,96,46,50
Тралси,howling-fjord,1715,shaman,enhancement,24,18,6
Jaimæ,ravencrest,1715,shaman,enhancement,24,18,6
Lavarage,kazzak,1715,shaman,enhancement,45,30,15
Yogan,dun-modr,1714,shaman,enhancement,68,38,30
Cryrothx,outland,1714,shaman,enhancement,66,34,32
Traktorchox,draenor,1713,shaman,enhancement,105,57,48
Procctor,kazzak,1712,shaman,enhancement,30,24,6
Djosershamy,draenor,1711,shaman,enhancement,75,39,36
Panzarkamp,stormscale,1709,shaman,enhancement,131,69,62
Volvíc,tichondrius,1709,shaman,enhancement,54,26,28
Tito,stormscale,1708,shaman,enhancement,72,31,41
Enhx,ravencrest,1707,shaman,enhancement,36,23,13
Mulf,darksorrow,1707,shaman,enhancement,142,72,70
Draabada,stormscale,1705,shaman,enhancement,142,71,71
Groyaboý,blackrock,1704,shaman,enhancement,24,18,6
Fotmburstwin,blackmoore,1704,shaman,enhancement,42,27,15
Commadore,korgall,1702,shaman,enhancement,53,25,28
Ferconex,kazzak,1700,shaman,enhancement,184,97,87
Arkîmonde,silvermoon,1700,shaman,enhancement,221,113,108
Isucklasso,aegwynn,1698,shaman,enhancement,60,36,24
Pontifhkas,ragnaros,1698,shaman,enhancement,105,61,44
Bluetide,ravencrest,1697,shaman,enhancement,57,38,19
Царьколтрэйн,blackscar,1697,shaman,enhancement,119,65,54
Xxloon,blackrock,1696,shaman,enhancement,239,135,104
Чифсоса,soulflayer,1696,shaman,enhancement,66,33,33
Aswøg,kazzak,1695,shaman,enhancement,30,21,9
Rabalalaha,twisting-nether,1695,shaman,enhancement,193,98,95
Pvegame,tarren-mill,1694,shaman,enhancement,126,69,57
Skilltissue,executus,1694,shaman,enhancement,78,42,36
Argarok,argent-dawn,1694,shaman,enhancement,54,29,25
Шаманутый,soulflayer,1694,shaman,enhancement,328,161,167
Khrin,blackmoore,1693,shaman,enhancement,42,27,15
Kaimountain,defias-brotherhood,1693,shaman,enhancement,42,26,16
Typhoön,sanguino,1691,shaman,enhancement,259,134,125
Царьбер,soulflayer,1690,shaman,enhancement,80,45,35
Purada,blackrock,1688,shaman,enhancement,52,26,26
Sødeskat,twisting-nether,1687,shaman,enhancement,30,18,12
Metastasis,dalaran,1686,shaman,enhancement,36,25,11
Людоед,thermaplugg,1686,shaman,enhancement,154,85,69
Masztaar,ragnaros,1686,shaman,enhancement,227,116,111
Ripstorm,sylvanas,1685,shaman,enhancement,48,24,24
Boltar,die-aldor,1684,shaman,enhancement,44,26,18
Oldstorm,ravencrest,1684,shaman,enhancement,52,29,23
Níkíta,hyjal,1682,shaman,enhancement,65,44,21
Skyróxx,blackrock,1682,shaman,enhancement,51,30,21
Tinysalmon,hyjal,1681,shaman,enhancement,30,18,12
Lightningrod,ravencrest,1680,shaman,enhancement,72,45,27
Взалходил,soulflayer,1680,shaman,enhancement,41,21,20
Agathoulis,burning-legion,1679,shaman,enhancement,78,40,38
Yox,dun-modr,1678,shaman,enhancement,52,36,16
Hassebolt,draenor,1678,shaman,enhancement,42,25,17
Spetsnazz,archimonde,1678,shaman,enhancement,230,114,116
Wheygodx,ravencrest,1677,shaman,enhancement,111,58,53
Стихиябороды,gordunni,1676,shaman,enhancement,126,72,54
Kosface,tarren-mill,1676,shaman,enhancement,218,117,101
Kedall,archimonde,1676,shaman,enhancement,66,32,34
Tdogfx,blackhand,1675,shaman,enhancement,78,45,33
Doomëd,drakthul,1675,shaman,enhancement,48,24,24
Пойдипокури,howling-fjord,1674,shaman,enhancement,126,72,54
Athe,conseil-des-ombres,1674,shaman,enhancement,113,60,53
Palmalecki,ravencrest,1674,shaman,enhancement,69,34,35
Madbud,stormscale,1673,shaman,enhancement,47,29,18
Ázøk,stormscale,1673,shaman,enhancement,263,129,134
Thorâ,frostmane,1672,shaman,enhancement,86,57,29
Greythunda,archimonde,1672,shaman,enhancement,36,23,13
Shamerific,magtheridon,1672,shaman,enhancement,78,48,30
Raíndra,twisting-nether,1670,shaman,enhancement,107,59,48
Djimin,sanguino,1668,shaman,enhancement,204,105,99
Гоэл,ashenvale,1667,shaman,enhancement,59,34,25
Totemticks,aegwynn,1667,shaman,enhancement,54,30,24
Mmsalatik,nemesis,1666,shaman,enhancement,48,23,25
Cåmilis,archimonde,1664,shaman,enhancement,60,33,27
Powercolor,aegwynn,1664,shaman,enhancement,37,20,17
Depucova,silvermoon,1663,shaman,enhancement,88,56,32
Selticxz,blackrock,1663,shaman,enhancement,36,20,16
Botism,draenor,1663,shaman,enhancement,120,65,55
Neurax,sanguino,1663,shaman,enhancement,88,47,41
Veteroth,argent-dawn,1662,shaman,enhancement,132,69,63
Ñøs,blackrock,1662,shaman,enhancement,126,64,62
Rayoton,burning-legion,1662,shaman,enhancement,72,35,37
Darkning,kazzak,1661,shaman,enhancement,48,29,19
Амфеминка,gordunni,1661,shaman,enhancement,87,40,47
Enoughh,the-maelstrom,1660,shaman,enhancement,66,35,31
Wafflë,ragnaros,1660,shaman,enhancement,87,46,41
Nibblez,aegwynn,1659,shaman,enhancement,78,50,28
Dóómd,kazzak,1659,shaman,enhancement,146,71,75
Zayliha,ravencrest,1658,shaman,enhancement,48,30,18
Kickapoo,outland,1657,shaman,enhancement,30,18,12
Totemtrine,ravencrest,1657,shaman,enhancement,101,56,45
Statikznba,outland,1656,shaman,enhancement,30,18,12
Элементи,gordunni,1656,shaman,enhancement,297,159,138
Grrud,draenor,1655,shaman,enhancement,48,27,21
Snuskilaban,tarren-mill,1654,shaman,enhancement,78,51,27
Chêlëx,silvermoon,1654,shaman,enhancement,200,106,94
Thalir,aegwynn,1654,shaman,enhancement,109,56,53
Teyshtwö,archimonde,1654,shaman,enhancement,47,24,23
Kynaz,sanguino,1653,shaman,enhancement,183,86,97
Лолимин,borean-tundra,1651,shaman,enhancement,51,33,18
Toxicnux,nemesis,1651,shaman,enhancement,60,35,25
Tryor,darksorrow,1651,shaman,enhancement,48,26,22
Kilomanjaro,bloodfeather,1651,shaman,enhancement,60,32,28
Purgelord,tarren-mill,1650,shaman,enhancement,86,52,34
Pvtpunch,stormscale,1648,shaman,enhancement,42,25,17
Fabz,twisting-nether,1647,shaman,enhancement,48,28,20
Testogodx,defias-brotherhood,1646,shaman,enhancement,99,54,45
Turbopuddi,kazzak,1646,shaman,enhancement,89,45,44
Plockepinn,ravencrest,1646,shaman,enhancement,84,38,46
Florgegoyd,eredar,1645,shaman,enhancement,138,87,51
Arkaos,exodar,1645,shaman,enhancement,73,46,27
Griins,ravencrest,1645,shaman,enhancement,145,82,63
Alwaysangry,silvermoon,1645,shaman,enhancement,103,55,48
Cch,kazzak,1645,shaman,enhancement,78,40,38
Ecclîpce,archimonde,1643,shaman,enhancement,84,49,35
Romacherry,aegwynn,1643,shaman,enhancement,173,98,75
Björnbritta,outland,1643,shaman,enhancement,49,27,22
Makaar,blackrock,1643,shaman,enhancement,54,28,26
Etrog,kazzak,1642,shaman,enhancement,36,23,13
Stalkun,elune,1642,shaman,enhancement,54,29,25
Spacelazers,twisting-nether,1641,shaman,enhancement,29,19,10
Чухансмент,gordunni,1641,shaman,enhancement,78,42,36
Yobro,archimonde,1640,shaman,enhancement,84,48,36
Voodoohexman,kazzak,1640,shaman,enhancement,220,117,103
Sêarix,aegwynn,1639,shaman,enhancement,108,62,46
Convîcted,grim-batol,1639,shaman,enhancement,125,70,55
Painshock,outland,1639,shaman,enhancement,159,82,77
Порнёреф,howling-fjord,1638,shaman,enhancement,165,98,67
Jinckks,anachronos,1638,shaman,enhancement,36,21,15
Kijin,kirin-tor,1638,shaman,enhancement,142,76,66
Kachori,eredar,1638,shaman,enhancement,102,49,53
Shambamm,stormscale,1637,shaman,enhancement,54,31,23
Runeksham,tarren-mill,1636,shaman,enhancement,66,42,24
Fiskätarn,kazzak,1636,shaman,enhancement,45,19,26
Khelyyn,tarren-mill,1635,shaman,enhancement,82,41,41
Чесп,ashenvale,1634,shaman,enhancement,102,54,48
Шаманмиша,gordunni,1634,shaman,enhancement,239,122,117
Ашхикиган,howling-fjord,1634,shaman,enhancement,150,69,81
Elemoont,tarren-mill,1633,shaman,enhancement,48,28,20
Alexmahone,dun-morogh,1633,shaman,enhancement,60,30,30
Legitbro,ravencrest,1633,shaman,enhancement,54,25,29
Naturfury,ravencrest,1632,shaman,enhancement,54,40,14
Sswfx,kazzak,1630,shaman,enhancement,30,17,13
Naïda,conseil-des-ombres,1630,shaman,enhancement,246,121,125
Exysen,kazzak,1629,shaman,enhancement,30,17,13
Kezron,aegwynn,1629,shaman,enhancement,42,23,19
Defiaz,stormscale,1628,shaman,enhancement,56,39,17
Kutipaperi,stormscale,1628,shaman,enhancement,83,48,35
Patsham,wildhammer,1628,shaman,enhancement,137,79,58
Lilmozart,twisting-nether,1628,shaman,enhancement,35,18,17
Poppakonstit,twisting-nether,1627,shaman,enhancement,30,21,9
Ùseless,archimonde,1626,shaman,enhancement,36,20,16
Vann,the-shatar,1626,shaman,enhancement,79,39,40
Ghostkod,burning-legion,1625,shaman,enhancement,166,96,70
Funkins,hyjal,1625,shaman,enhancement,91,46,45
Chamkalix,sanguino,1624,shaman,enhancement,78,40,38
Proccazu,draenor,1623,shaman,enhancement,84,54,30
Loshohealva,stormscale,1623,shaman,enhancement,54,30,24
Secramas,ragnaros,1622,shaman,enhancement,145,80,65
Úpli,blackmoore,1621,shaman,enhancement,30,18,12
Twists,sylvanas,1621,shaman,enhancement,36,21,15
Nînadobrevx,stormscale,1621,shaman,enhancement,171,94,77
Hailele,argent-dawn,1620,shaman,enhancement,38,25,13
Одтагад,gordunni,1620,shaman,enhancement,220,115,105
Filiduttsham,ravencrest,1619,shaman,enhancement,30,22,8
Juniyaa,blackrock,1619,shaman,enhancement,59,34,25
Пучмек,gordunni,1618,shaman,enhancement,48,35,13
Gøretterøg,ysondre,1618,shaman,enhancement,39,24,15
Hayvaan,blackrock,1618,shaman,enhancement,219,123,96
Jeki,ysondre,1618,shaman,enhancement,227,113,114
Krishun,blackmoore,1618,shaman,enhancement,55,25,30
Shocktopussi,stormscale,1617,shaman,enhancement,57,35,22
Sangoma,frostmane,1617,shaman,enhancement,246,114,132
Зэбой,howling-fjord,1616,shaman,enhancement,50,33,17
Kæzx,blackrock,1616,shaman,enhancement,66,34,32
Werdup,sunstrider,1616,shaman,enhancement,44,19,25
Kenjaiir,twisting-nether,1615,shaman,enhancement,24,17,7
Ibicc,twisting-nether,1615,shaman,enhancement,49,26,23
Kagurja,blackmoore,1614,shaman,enhancement,30,21,9
Иннреи,howling-fjord,1614,shaman,enhancement,75,46,29
Drshockit,blackrock,1614,shaman,enhancement,72,39,33
Láynert,dun-modr,1614,shaman,enhancement,337,166,171
Krassus,drakthul,1612,shaman,enhancement,59,35,24
Alethea,frostmane,1612,shaman,enhancement,102,55,47
Кинговели,soulflayer,1612,shaman,enhancement,251,127,124
Ореганно,howling-fjord,1611,shaman,enhancement,72,40,32
Galthazar,silvermoon,1611,shaman,enhancement,70,38,32
Jondil,das-syndikat,1611,shaman,enhancement,71,37,34
Trenhard,wildhammer,1610,shaman,enhancement,95,60,35
Madzÿ,archimonde,1610,shaman,enhancement,36,22,14
Electricgødx,tarren-mill,1610,shaman,enhancement,36,21,15
Stromkek,eredar,1610,shaman,enhancement,116,66,50
Dumbasha,ravencrest,1610,shaman,enhancement,30,17,13
Лапища,soulflayer,1609,shaman,enhancement,103,62,41
Sitkosham,burning-blade,1609,shaman,enhancement,119,67,52
Benderbub,blackhand,1609,shaman,enhancement,130,70,60
Kuubskii,ravencrest,1608,shaman,enhancement,48,27,21
Шокмужик,gordunni,1608,shaman,enhancement,60,28,32
Voodooms,laughing-skull,1607,shaman,enhancement,77,47,30
Cealdlynn,blackmoore,1607,shaman,enhancement,41,24,17
Donkingkong,ravencrest,1607,shaman,enhancement,78,44,34
Elémenta,turalyon,1607,shaman,enhancement,54,30,24
Nuclearjohny,eredar,1607,shaman,enhancement,66,35,31
Elèon,blackrock,1607,shaman,enhancement,203,98,105
Reisti,stormscale,1606,shaman,enhancement,36,26,10
Ancestro,kazzak,1606,shaman,enhancement,60,32,28
Kættmæck,tarren-mill,1605,shaman,enhancement,114,59,55
Bakakas,outland,1605,shaman,enhancement,54,23,31
Estasham,stormscale,1604,shaman,enhancement,204,110,94
Ойрхин,greymane,1603,shaman,enhancement,64,31,33
Moaxtyr,blackmoore,1601,shaman,enhancement,42,29,13
Boradinn,hyjal,1601,shaman,enhancement,36,21,15
Neystee,archimonde,1601,shaman,enhancement,30,17,13
Vulkân,silvermoon,1601,shaman,enhancement,176,97,79
Venomos,kazzak,1601,shaman,enhancement,39,18,21
Tijae,ravencrest,1600,shaman,enhancement,24,19,5
Ubies,silvermoon,1600,shaman,enhancement,93,52,41
Buuddha,drakthul,1600,shaman,enhancement,71,39,32
Buzz,stormscale,1600,shaman,enhancement,36,19,17
Shamrún,sylvanas,1599,shaman,enhancement,78,45,33
Stormbreáker,twisting-nether,1598,shaman,enhancement,196,109,87
Porphy,kazzak,1598,shaman,enhancement,63,35,28
Amelie,burning-steppes,1597,shaman,enhancement,48,27,21
Urub,draenor,1597,shaman,enhancement,247,127,120
Sndheal,kazzak,1596,shaman,enhancement,24,19,5
Kooda,hyjal,1596,shaman,enhancement,54,29,25
Gnubbzer,antonidas,1595,shaman,enhancement,60,32,28
Shonbelly,argent-dawn,1594,shaman,enhancement,36,24,12
Blazingfiré,tarren-mill,1592,shaman,enhancement,54,31,23
Belroc,ravencrest,1591,shaman,enhancement,36,19,17
Плаглорд,howling-fjord,1590,shaman,enhancement,90,52,38
Миддей,blackscar,1589,shaman,enhancement,36,22,14
Oneshotunía,burning-legion,1587,shaman,enhancement,30,18,12
Vforvendeta,defias-brotherhood,1585,shaman,enhancement,96,51,45
Reyax,aegwynn,1585,shaman,enhancement,49,21,28
Shamspam,arathor,1583,shaman,enhancement,42,36,6
Kammek,tarren-mill,1583,shaman,enhancement,81,48,33
Satisfya,ambossar,1583,shaman,enhancement,57,33,24
Freyrr,tarren-mill,1583,shaman,enhancement,105,54,51
Äijä,chromaggus,1582,shaman,enhancement,96,51,45
Chaeemerok,dun-modr,1582,shaman,enhancement,82,37,45
Brenhilda,blackmoore,1578,shaman,enhancement,78,49,29
Faltygo,drakthul,1578,shaman,enhancement,54,27,27
Garulf,twisting-nether,1578,shaman,enhancement,87,43,44
Medoje,argent-dawn,1577,shaman,enhancement,30,24,6
Tzaish,blackmoore,1577,shaman,enhancement,46,21,25
Zaeh,antonidas,1573,shaman,enhancement,39,26,13
Madmadbro,tarren-mill,1572,shaman,enhancement,210,110,100
Irønythar,drakthul,1571,shaman,enhancement,59,32,27
Sherlokholms,ravencrest,1571,shaman,enhancement,56,29,27
Wertih,burning-legion,1570,shaman,enhancement,56,35,21
Slímshámmy,twisting-nether,1570,shaman,enhancement,38,20,18
Bourdieu,thrall,1569,shaman,enhancement,105,59,46
Эбгерсон,soulflayer,1568,shaman,enhancement,234,123,111
Razzuan,kazzak,1566,shaman,enhancement,66,34,32
Azzizael,argent-dawn,1566,shaman,enhancement,108,55,53
Шанья,gordunni,1566,shaman,enhancement,190,90,100
Mazokuu,ragnaros,1565,shaman,enhancement,193,108,85
Reparagos,sanguino,1565,shaman,enhancement,143,73,70
Thrâwl,kazzak,1563,shaman,enhancement,24,19,5
Ocnan,malganis,1561,shaman,enhancement,68,36,32
Ubramovitch,hyjal,1561,shaman,enhancement,48,25,23
Sûmmêrz,ravencrest,1560,shaman,enhancement,36,22,14
Lava,haomarush,1560,shaman,enhancement,36,19,17
Ромчи,gordunni,1559,shaman,enhancement,30,17,13
Groumgard,hyjal,1559,shaman,enhancement,62,33,29
Epicenter,bloodscalp,1559,shaman,enhancement,60,29,31
Элетеми,soulflayer,1558,shaman,enhancement,83,45,38
Earthhulk,thrall,1558,shaman,enhancement,55,28,27
Асцэндэд,lich-king,1558,shaman,enhancement,42,21,21
Bumbummann,blackmoore,1558,shaman,enhancement,112,55,57
Ekinoz,outland,1558,shaman,enhancement,133,61,72
Shooktide,blackrock,1557,shaman,enhancement,42,21,21
Yelawolf,shattered-hand,1556,shaman,enhancement,66,38,28
Reverbx,outland,1556,shaman,enhancement,60,30,30
Madboys,kazzak,1556,shaman,enhancement,102,48,54
Скерлайн,blackscar,1555,shaman,enhancement,42,18,24
Smozze,grim-batol,1553,shaman,enhancement,219,110,109
Brøxygar,archimonde,1553,shaman,enhancement,44,21,23
Tiuzzo,alakir,1552,shaman,enhancement,42,23,19
Shawck,ravencrest,1552,shaman,enhancement,46,25,21
Heeze,doomhammer,1550,shaman,enhancement,310,163,147
Drade,aegwynn,1549,shaman,enhancement,32,18,14
Schôcker,blackmoore,1548,shaman,enhancement,48,31,17
Mcbloob,kazzak,1548,shaman,enhancement,129,66,63
Mowjo,la-croisade-écarlate,1548,shaman,enhancement,36,18,18
Apexpredlol,blackmoore,1546,shaman,enhancement,96,45,51
Elemefayoh,tarren-mill,1545,shaman,enhancement,96,48,48
Mylilfurry,blackhand,1544,shaman,enhancement,30,22,8
Sházam,destromath,1543,shaman,enhancement,60,33,27
Drexx,thrall,1543,shaman,enhancement,40,22,18
Tartakos,ravencrest,1543,shaman,enhancement,85,44,41
Foulecamp,archimonde,1543,shaman,enhancement,142,73,69
Windstørm,tarren-mill,1541,shaman,enhancement,33,19,14
Shyne,vashj,1541,shaman,enhancement,66,34,32
Soomx,hyjal,1539,shaman,enhancement,86,45,41
Tharma,blackmoore,1538,shaman,enhancement,42,25,17
Zakgar,ysondre,1538,shaman,enhancement,128,64,64
Souljaman,silvermoon,1536,shaman,enhancement,70,40,30
Raveell,defias-brotherhood,1535,shaman,enhancement,121,57,64
Бицэпс,gordunni,1534,shaman,enhancement,48,26,22
Bærserker,blackmoore,1534,shaman,enhancement,34,18,16
Rehgar,frostwhisper,1534,shaman,enhancement,120,59,61
Kuzsham,archimonde,1534,shaman,enhancement,39,18,21
Pelorta,zuljin,1533,shaman,enhancement,35,23,12
Шамвкроксах,howling-fjord,1533,shaman,enhancement,36,18,18
Rutil,blackhand,1532,shaman,enhancement,42,25,17
Politemanner,stormscale,1532,shaman,enhancement,30,16,14
Kàffkalafká,blackrock,1531,shaman,enhancement,40,20,20
Онеоне,deathweaver,1530,shaman,enhancement,36,17,19
Дефибо,howling-fjord,1529,shaman,enhancement,204,105,99
Gerethor,burning-legion,1529,shaman,enhancement,111,54,57
Xilz,twisting-nether,1528,shaman,enhancement,113,60,53
Хаммерн,gordunni,1528,shaman,enhancement,102,50,52
Jawoburst,antonidas,1527,shaman,enhancement,77,40,37
Khanaky,hyjal,1526,shaman,enhancement,114,58,56
Axilary,tarren-mill,1525,shaman,enhancement,24,16,8
Îzanami,ravencrest,1525,shaman,enhancement,173,93,80
Ruintotems,twisting-nether,1524,shaman,enhancement,35,24,11
Szublime,stormscale,1524,shaman,enhancement,102,53,49
Cripxo,sanguino,1523,shaman,enhancement,18,16,2
Tism,stormscale,1523,shaman,enhancement,46,28,18
Mõrax,ysondre,1523,shaman,enhancement,228,113,115
Veronikka,dalaran,1523,shaman,enhancement,44,19,25
Cløke,stormscale,1522,shaman,enhancement,24,16,8
Rubmehtotem,silvermoon,1522,shaman,enhancement,24,16,8
Btray,ravencrest,1522,shaman,enhancement,60,35,25
Дректаш,soulflayer,1522,shaman,enhancement,41,22,19
Windshockah,tarren-mill,1522,shaman,enhancement,89,47,42
Ревашторм,howling-fjord,1521,shaman,enhancement,36,20,16
Krovn,aszune,1521,shaman,enhancement,60,27,33
Thralgr,sylvanas,1521,shaman,enhancement,42,18,24
Флэшмэн,blackscar,1520,shaman,enhancement,24,19,5
Litenrolixd,tarren-mill,1520,shaman,enhancement,34,18,16
Mudwalker,ravencrest,1520,shaman,enhancement,33,17,16
Puumbaa,defias-brotherhood,1519,shaman,enhancement,78,41,37
Megazz,drakthul,1519,shaman,enhancement,72,37,35
Тандеркок,soulflayer,1519,shaman,enhancement,197,97,100
Hexwife,archimonde,1518,shaman,enhancement,199,99,100
Lupisregina,silvermoon,1517,shaman,enhancement,24,16,8
Tornis,terokkar,1517,shaman,enhancement,137,68,69
Pepernootje,sylvanas,1517,shaman,enhancement,70,34,36
Kpåshaman,tarren-mill,1516,shaman,enhancement,65,38,27
Scherolol,aegwynn,1515,shaman,enhancement,24,16,8
Wylly,aegwynn,1515,shaman,enhancement,30,16,14
Xzan,tarren-mill,1515,shaman,enhancement,60,22,38
Frrostshockk,outland,1514,shaman,enhancement,36,17,19
Cowfeelings,ravencrest,1513,shaman,enhancement,30,16,14
Mesrines,archimonde,1513,shaman,enhancement,60,31,29
Filigran,ragnaros,1512,shaman,enhancement,132,72,60
Gorrissen,sylvanas,1512,shaman,enhancement,60,31,29
Ghorlin,draenor,1512,shaman,enhancement,84,43,41
Silden,thrall,1511,shaman,enhancement,18,16,2
Shalisazzar,dentarg,1511,shaman,enhancement,42,24,18
Духсалата,grom,1511,shaman,enhancement,36,16,20
Totemlover,draenor,1510,shaman,enhancement,118,68,50
Tarantan,eredar,1510,shaman,enhancement,61,32,29
Darhgan,argent-dawn,1509,shaman,enhancement,60,35,25
Nwäar,archimonde,1509,shaman,enhancement,102,51,51
Жуксик,greymane,1509,shaman,enhancement,66,31,35
Kohnân,hyjal,1508,shaman,enhancement,94,56,38
Miriam,stormreaver,1507,shaman,enhancement,54,31,23
Cheetooth,ragnaros,1507,shaman,enhancement,105,52,53
Shyrion,onyxia,1506,shaman,enhancement,78,37,41
Axahavregryn,kazzak,1503,shaman,enhancement,44,22,22
Chendra,scarshield-legion,1503,shaman,enhancement,149,71,78
Blitzboss,eredar,1502,shaman,enhancement,36,19,17
Lëvi,archimonde,1501,shaman,enhancement,57,33,24
Bolgrath,blackmoore,1500,shaman,enhancement,121,61,60
Гексанол,soulflayer,1499,shaman,enhancement,66,36,30
Sélenágóméz,chamber-of-aspects,1499,shaman,enhancement,30,16,14
Bozzclqwnx,aegwynn,1498,shaman,enhancement,74,41,33
Otacboziji,sylvanas,1498,shaman,enhancement,66,30,36
Tejasviin,amanthul,1497,shaman,enhancement,48,16,32
Imbaone,karazhan,1496,shaman,enhancement,54,31,23
Tanjîrø,archimonde,1496,shaman,enhancement,42,24,18
Capsoul,ravencrest,1496,shaman,enhancement,82,45,37
Preams,blackrock,1496,shaman,enhancement,44,22,22
Earthshot,magtheridon,1495,shaman,enhancement,58,28,30
Gandy,the-maelstrom,1494,shaman,enhancement,156,75,81
Kurdhran,blackmoore,1493,shaman,enhancement,93,50,43
Freadorn,uldaman,1491,shaman,enhancement,24,16,8
Kanaky,hyjal,1491,shaman,enhancement,79,36,43
Nargrul,tarren-mill,1490,shaman,enhancement,56,34,22
Tunae,azjolnerub,1490,shaman,enhancement,40,22,18
Nexdown,archimonde,1490,shaman,enhancement,57,28,29
Atée,silvermoon,1490,shaman,enhancement,87,42,45
Electrify,aegwynn,1489,shaman,enhancement,30,21,9
Tóyzz,ravencrest,1489,shaman,enhancement,48,29,19
Dunî,tarren-mill,1488,shaman,enhancement,54,34,20
Vascodagama,twisting-nether,1488,shaman,enhancement,48,28,20
Амг,booty-bay,1487,shaman,enhancement,98,58,40
Fatflop,sylvanas,1486,shaman,enhancement,96,51,45
Paschol,aegwynn,1486,shaman,enhancement,33,16,17
Kazing,outland,1485,shaman,enhancement,29,16,13
Barthølømew,kazzak,1483,shaman,enhancement,42,24,18
Explôsive,silvermoon,1482,shaman,enhancement,108,52,56
Juicewillis,defias-brotherhood,1481,shaman,enhancement,84,50,34
Yasaburo,silvermoon,1480,shaman,enhancement,62,33,29
Rakermän,dun-modr,1480,shaman,enhancement,40,21,19
Numeschnäu,eredar,1479,shaman,enhancement,30,19,11
Oronakgladx,ravencrest,1476,shaman,enhancement,126,63,63
Skut,zuljin,1476,shaman,enhancement,36,18,18
Trendsetter,frostmane,1475,shaman,enhancement,44,26,18
Chimp,lightnings-blade,1475,shaman,enhancement,36,21,15
Tonifo,nemesis,1475,shaman,enhancement,41,21,20
Casualhex,argent-dawn,1475,shaman,enhancement,325,161,164
Rocktopus,outland,1475,shaman,enhancement,57,27,30
Takazer,ysondre,1473,shaman,enhancement,36,26,10
Mjjx,blackrock,1471,shaman,enhancement,54,33,21
Kärmá,stormscale,1471,shaman,enhancement,28,16,12
Enigmar,stormscale,1471,shaman,enhancement,93,43,50
Атл,deathguard,1469,shaman,enhancement,103,63,40
Pilcosham,frostwhisper,1469,shaman,enhancement,101,48,53
Pyrabolt,ravencrest,1469,shaman,enhancement,93,43,50
Roovenhance,aegwynn,1467,shaman,enhancement,40,27,13
Stratholmee,drakthul,1467,shaman,enhancement,86,47,39
Легендашам,soulflayer,1467,shaman,enhancement,48,23,25
Arashi,rashgarroth,1466,shaman,enhancement,113,59,54
Xwitchdoctor,draenor,1466,shaman,enhancement,101,49,52
Пивототем,gordunni,1465,shaman,enhancement,50,27,23
Blackibird,garona,1464,shaman,enhancement,96,47,49
Erupted,draenor,1464,shaman,enhancement,73,34,39
Smallwiik,hyjal,1463,shaman,enhancement,36,22,14
Дромгрон,howling-fjord,1463,shaman,enhancement,42,22,20
Movex,arathor,1463,shaman,enhancement,57,27,30
Пакни,gordunni,1463,shaman,enhancement,48,22,26
Ивми,gordunni,1461,shaman,enhancement,29,16,13
Фарраон,deathguard,1461,shaman,enhancement,184,97,87
Apekeeper,silvermoon,1461,shaman,enhancement,66,29,37
Psychobarbie,outland,1460,shaman,enhancement,53,31,22
Mecct,ravencrest,1459,shaman,enhancement,46,28,18
Orshan,draenor,1459,shaman,enhancement,111,63,48
Itswoland,tarren-mill,1459,shaman,enhancement,40,21,19
Tescriamelio,ysondre,1459,shaman,enhancement,54,27,27
Maskiimon,blackrock,1458,shaman,enhancement,32,17,15
Ózyy,draenor,1456,shaman,enhancement,34,21,13
Твалор,soulflayer,1455,shaman,enhancement,116,62,54
Ghobi,blackrock,1454,shaman,enhancement,78,35,43
Гусан,booty-bay,1453,shaman,enhancement,211,104,107
Дрегтан,howling-fjord,1453,shaman,enhancement,101,47,54
Рокмару,soulflayer,1453,shaman,enhancement,41,18,23
Кесмар,soulflayer,1452,shaman,enhancement,48,28,20
Crowness,ragnaros,1452,shaman,enhancement,83,43,40
Nyxoqtx,draenor,1451,shaman,enhancement,36,27,9
Evalennart,stormscale,1450,shaman,enhancement,48,25,23
Hulcky,grim-batol,1448,shaman,enhancement,78,40,38
Alphas,draenor,1445,shaman,enhancement,44,26,18
Elesilf,sanguino,1445,shaman,enhancement,60,32,28
Mhoriaak,stormscale,1445,shaman,enhancement,90,47,43
Wolfmane,twisting-nether,1445,shaman,enhancement,84,34,50
Хастурыч,gordunni,1444,shaman,enhancement,99,51,48
Dirtymiké,tarren-mill,1444,shaman,enhancement,41,16,25
Barbebiendur,archimonde,1443,shaman,enhancement,48,20,28
Exolnard,twisting-nether,1442,shaman,enhancement,73,42,31
Колаэнжоер,soulflayer,1441,shaman,enhancement,65,32,33
Furrymane,blackmoore,1439,shaman,enhancement,36,24,12
Shamxd,kazzak,1439,shaman,enhancement,71,35,36
Mamacitá,eredar,1439,shaman,enhancement,73,29,44
Gorogoró,kazzak,1438,shaman,enhancement,24,15,9
Igniis,frostmane,1438,shaman,enhancement,108,63,45
Boulggour,chogall,1438,shaman,enhancement,54,28,26
Perunya,tarren-mill,1438,shaman,enhancement,53,27,26
Enh,archimonde,1438,shaman,enhancement,30,15,15
Jasnäh,ysondre,1437,shaman,enhancement,72,33,39
Kenseienh,kazzak,1436,shaman,enhancement,268,136,132
Kyshka,tarren-mill,1436,shaman,enhancement,30,15,15
Айбывайбы,howling-fjord,1436,shaman,enhancement,35,17,18
Stlakañ,chants-éternels,1433,shaman,enhancement,36,25,11
Ират,howling-fjord,1433,shaman,enhancement,60,40,20
Чёкнутое,soulflayer,1433,shaman,enhancement,92,56,36
Valaya,archimonde,1432,shaman,enhancement,146,81,65
Wedís,outland,1431,shaman,enhancement,96,54,42
Rockjuices,twisting-nether,1430,shaman,enhancement,108,60,48
Rätxs,blackhand,1429,shaman,enhancement,88,46,42
Twam,outland,1428,shaman,enhancement,48,29,19
Arabesk,arygos,1428,shaman,enhancement,102,61,41
Blueberrÿ,grim-batol,1428,shaman,enhancement,78,43,35
Капарис,deathweaver,1428,shaman,enhancement,123,65,58
Dcanne,outland,1428,shaman,enhancement,99,52,47
Yurkën,uldum,1428,shaman,enhancement,60,29,31
Mcslammer,kazzak,1427,shaman,enhancement,114,54,60
Wolfwesti,outland,1426,shaman,enhancement,42,28,14
Джаабб,booty-bay,1426,shaman,enhancement,97,44,53
Lehit,outland,1424,shaman,enhancement,30,15,15
Shaayys,archimonde,1423,shaman,enhancement,161,76,85
Løktarøgàr,archimonde,1422,shaman,enhancement,71,36,35
Chamirox,ysondre,1422,shaman,enhancement,138,67,71
Juliaroberts,ragnaros,1421,shaman,enhancement,111,60,51
Nubokesel,ragnaros,1421,shaman,enhancement,149,76,73
Zuvx,ravencrest,1420,shaman,enhancement,66,38,28
Thunderforce,drakthul,1420,shaman,enhancement,30,17,13
Suicidesheep,grim-batol,1420,shaman,enhancement,42,23,19
Lesnitt,kazzak,1420,shaman,enhancement,51,21,30
Жезуш,galakrond,1419,shaman,enhancement,35,21,14
Mèshuggáh,ravencrest,1419,shaman,enhancement,36,17,19
Nazgréll,tarren-mill,1419,shaman,enhancement,84,38,46
Whizjy,sanguino,1418,shaman,enhancement,46,22,24
Frostýx,draenor,1418,shaman,enhancement,45,20,25
Shunder,earthen-ring,1417,shaman,enhancement,31,17,14
Тленозавр,gordunni,1417,shaman,enhancement,119,62,57
Trent,tarren-mill,1417,shaman,enhancement,106,54,52
Jmpapa,tarren-mill,1417,shaman,enhancement,30,15,15
Kanabi,darkspear,1417,shaman,enhancement,36,16,20
Nejbegrov,ravencrest,1417,shaman,enhancement,66,29,37
Barneyflight,ravencrest,1415,shaman,enhancement,35,16,19
Shoockwave,twisting-nether,1413,shaman,enhancement,30,16,14
Jameo,drakthul,1413,shaman,enhancement,174,79,95
Hanumanas,kazzak,1412,shaman,enhancement,25,18,7
Tornadozzer,burning-legion,1411,shaman,enhancement,110,62,48
Лайтхальзен,howling-fjord,1411,shaman,enhancement,89,43,46
Шампуньхан,blackscar,1410,shaman,enhancement,88,35,53
Бурехлест,howling-fjord,1409,shaman,enhancement,48,25,23
Pinkylol,stormscale,1408,shaman,enhancement,30,15,15
Enormo,eredar,1407,shaman,enhancement,42,22,20
Моктрогтар,ashenvale,1406,shaman,enhancement,143,75,68
Propanengtmr,stormscale,1406,shaman,enhancement,29,15,14
Ðezûga,antonidas,1406,shaman,enhancement,244,122,122
Рыргаск,howling-fjord,1405,shaman,enhancement,40,24,16
Язма,grom,1404,shaman,enhancement,54,31,23
Лилнасыкс,gordunni,1404,shaman,enhancement,36,16,20
Rehgan,ragnaros,1403,shaman,enhancement,72,41,31
Yaar,alleria,1403,shaman,enhancement,106,58,48
Andrewbéelko,drakthul,1402,shaman,enhancement,30,17,13
Justblow,twisting-nether,1402,shaman,enhancement,91,48,43
Deathshamãn,stormscale,1402,shaman,enhancement,76,33,43
Zmech,chamber-of-aspects,1402,shaman,enhancement,37,16,21
Tyrox,kirin-tor,1401,shaman,enhancement,105,54,51
Басари,gordunni,1401,shaman,enhancement,57,29,28
Курси,gordunni,1401,shaman,enhancement,234,113,121
Ðelenis,dun-modr,1401,shaman,enhancement,78,34,44
Thorcc,kazzak,1401,shaman,enhancement,42,18,24
Pïdòrás,kazzak,1400,shaman,enhancement,29,15,14
Lumii,azshara,1399,shaman,enhancement,48,21,27
Лаваяшка,gordunni,1398,shaman,enhancement,84,36,48
Шторсонг,gordunni,1396,shaman,enhancement,80,49,31
Bobonbu,forscherliga,1396,shaman,enhancement,29,15,14
Procdaddy,eredar,1396,shaman,enhancement,54,25,29
Экспатриот,greymane,1395,shaman,enhancement,60,31,29
Адичал,soulflayer,1394,shaman,enhancement,78,46,32
Neptun,twisting-nether,1393,shaman,enhancement,107,53,54
Durek,sylvanas,1392,shaman,enhancement,77,44,33
Laix,khaz-modan,1392,shaman,enhancement,36,17,19
Orsted,blackhand,1390,shaman,enhancement,29,15,14
Tacøshock,ravencrest,1389,shaman,enhancement,20,16,4
Nicesky,antonidas,1389,shaman,enhancement,120,71,49
Shockbot,blackmoore,1388,shaman,enhancement,30,20,10
Kïngmuntje,sylvanas,1388,shaman,enhancement,60,32,28
Hexrated,draenor,1386,shaman,enhancement,57,31,26
Rodneymullen,tarren-mill,1385,shaman,enhancement,53,26,27
Verlas,kazzak,1384,shaman,enhancement,76,41,35
Hïgør,hyjal,1384,shaman,enhancement,30,16,14
Priora,argent-dawn,1383,shaman,enhancement,52,33,19
Malvik,tarren-mill,1383,shaman,enhancement,35,19,16
Цс,azuregos,1383,shaman,enhancement,200,99,101
Kolbászlelkü,ragnaros,1382,shaman,enhancement,30,15,15
Florex,kazzak,1381,shaman,enhancement,42,18,24
Хрофайс,soulflayer,1379,shaman,enhancement,30,20,10
Elektrikci,silvermoon,1379,shaman,enhancement,90,43,47
Argonautt,drakthul,1378,shaman,enhancement,137,61,76
Thundergun,defias-brotherhood,1377,shaman,enhancement,36,23,13
Shambambum,blackrock,1377,shaman,enhancement,146,68,78
Ogmehu,stormreaver,1375,shaman,enhancement,111,56,55
Hellskon,silvermoon,1374,shaman,enhancement,23,15,8
Плюжка,greymane,1374,shaman,enhancement,222,121,101
Soteuudistus,silvermoon,1373,shaman,enhancement,30,16,14
Haldrim,blackmoore,1372,shaman,enhancement,33,17,16
Tahsus,blackmoore,1372,shaman,enhancement,42,20,22
Cahuna,stormscale,1371,shaman,enhancement,63,24,39
Hatchum,les-sentinelles,1367,shaman,enhancement,78,34,44
Totemino,silvermoon,1367,shaman,enhancement,42,16,26
Gurtok,drakthul,1366,shaman,enhancement,54,32,22
Шрамуля,soulflayer,1366,shaman,enhancement,65,38,27
Watzocham,archimonde,1366,shaman,enhancement,48,22,26
Promethxis,silvermoon,1366,shaman,enhancement,72,32,40
Panicblast,stormscale,1366,shaman,enhancement,35,15,20
Varagun,argent-dawn,1366,shaman,enhancement,63,26,37
Nøve,nemesis,1365,shaman,enhancement,40,23,17
Splat,burning-blade,1365,shaman,enhancement,36,18,18
Notoxus,antonidas,1364,shaman,enhancement,78,39,39
Lokresh,azjolnerub,1361,shaman,enhancement,91,46,45
Puncochar,zuljin,1361,shaman,enhancement,40,20,20
Шаманнутая,gordunni,1360,shaman,enhancement,25,17,8
Shockthat,draenor,1360,shaman,enhancement,148,79,69
Барракудах,gordunni,1359,shaman,enhancement,248,113,135
Палачок,eversong,1354,shaman,enhancement,120,62,58
Chämalö,archimonde,1354,shaman,enhancement,151,78,73
Likesx,ravencrest,1354,shaman,enhancement,35,18,17
Dami,die-aldor,1348,shaman,enhancement,39,18,21
Ashmantle,twisting-nether,1347,shaman,enhancement,83,40,43
Ягном,soulflayer,1347,shaman,enhancement,87,39,48
Kabard,silvermoon,1345,shaman,enhancement,30,16,14
Тенав,blackscar,1344,shaman,enhancement,98,53,45
Yabadabadoo,burning-legion,1344,shaman,enhancement,48,22,26
Reggard,drakthul,1343,shaman,enhancement,36,20,16
Outerspace,silvermoon,1343,shaman,enhancement,36,20,16
Faydé,stormscale,1343,shaman,enhancement,30,14,16
Даблпамп,howling-fjord,1343,shaman,enhancement,35,16,19
Shockybalbóa,blackmoore,1343,shaman,enhancement,46,19,27
Goatsandoats,doomhammer,1342,shaman,enhancement,30,19,11
Vrontes,kazzak,1341,shaman,enhancement,65,38,27
Relampago,eredar,1339,shaman,enhancement,41,19,22
Nyrat,tarren-mill,1338,shaman,enhancement,24,14,10
Chamel,draenor,1337,shaman,enhancement,30,14,16
Rether,nemesis,1337,shaman,enhancement,118,53,65
Залатар,howling-fjord,1337,shaman,enhancement,63,26,37
Fingor,tarren-mill,1336,shaman,enhancement,24,17,7
Юрахафанбой,blackscar,1335,shaman,enhancement,24,14,10
Nakenfeigy,stormreaver,1335,shaman,enhancement,72,40,32
Ugáa,malganis,1334,shaman,enhancement,24,14,10
Sûckmytotem,ragnaros,1334,shaman,enhancement,24,14,10
Éàsy,blackmoore,1333,shaman,enhancement,38,20,18
Lavashnikov,burning-legion,1333,shaman,enhancement,168,87,81
Kpvn,blackrock,1333,shaman,enhancement,52,26,26
Бигмамуля,booty-bay,1332,shaman,enhancement,60,31,29
Moosavi,kazzak,1331,shaman,enhancement,24,14,10
Boidarbre,sargeras,1331,shaman,enhancement,42,15,27
Реалайзер,blackscar,1330,shaman,enhancement,24,14,10
Shreks,frostmane,1330,shaman,enhancement,48,26,22
Trîkill,hyjal,1329,shaman,enhancement,66,30,36
Rhastasho,archimonde,1328,shaman,enhancement,108,58,50
Moodoo,antonidas,1328,shaman,enhancement,53,20,33
Atis,the-maelstrom,1327,shaman,enhancement,30,14,16
Magmamonster,tarren-mill,1326,shaman,enhancement,30,14,16
Tênzo,ysondre,1325,shaman,enhancement,63,30,33
Shamãn,draenor,1322,shaman,enhancement,90,38,52
Heálmaster,sanguino,1321,shaman,enhancement,67,39,28
Ошиндра,gordunni,1320,shaman,enhancement,28,15,13
Clembute,cthun,1319,shaman,enhancement,48,28,20
Noiduttu,tarren-mill,1318,shaman,enhancement,100,58,42
Wolfshade,aggra-português,1318,shaman,enhancement,30,17,13
Kíngzo,archimonde,1318,shaman,enhancement,90,44,46
Hectoraïus,ysondre,1317,shaman,enhancement,50,28,22
Нимххе,borean-tundra,1316,shaman,enhancement,24,15,9
Hopefully,eredar,1316,shaman,enhancement,24,14,10
Pøllemodex,frostwhisper,1316,shaman,enhancement,31,15,16
Wârmachiine,burning-legion,1315,shaman,enhancement,130,58,72
Shamanite,drakthul,1314,shaman,enhancement,57,29,28
Blautorkel,amanthul,1314,shaman,enhancement,71,34,37
Айспик,ashenvale,1314,shaman,enhancement,101,37,64
Ørgus,aegwynn,1313,shaman,enhancement,335,178,157
Shamarre,executus,1313,shaman,enhancement,62,29,33
Тмх,ashenvale,1313,shaman,enhancement,33,15,18
Daelements,shadowsong,1312,shaman,enhancement,39,18,21
Шабыч,deathguard,1312,shaman,enhancement,60,25,35
Thogrin,bladefist,1311,shaman,enhancement,30,14,16
Blackmuamba,tarren-mill,1311,shaman,enhancement,42,18,24
Rhakhatheckh,nemesis,1310,shaman,enhancement,36,17,19
Таиров,soulflayer,1309,shaman,enhancement,18,14,4
Trollomatic,das-syndikat,1308,shaman,enhancement,96,50,46
Dergat,pozzo-delleternità,1308,shaman,enhancement,42,20,22
Lahur,blackmoore,1306,shaman,enhancement,30,19,11
Opráwindfury,stormscale,1305,shaman,enhancement,68,33,35
Qauter,hellfire,1305,shaman,enhancement,30,14,16
Интендо,soulflayer,1304,shaman,enhancement,51,27,24
Volltinus,tarren-mill,1304,shaman,enhancement,42,14,28
Draugrinns,tarren-mill,1302,shaman,enhancement,42,21,21
Persaunne,archimonde,1300,shaman,enhancement,69,36,33
Дёмарок,galakrond,1300,shaman,enhancement,34,15,19
Groundead,alakir,1300,shaman,enhancement,40,16,24
Åkra,kazzak,1297,shaman,enhancement,28,14,14
Akimboo,kilrogg,1297,shaman,enhancement,78,35,43
Thormarg,archimonde,1296,shaman,enhancement,60,29,31
Earthquaker,the-maelstrom,1294,shaman,enhancement,24,14,10
Sunetee,kazzak,1294,shaman,enhancement,54,23,31
Justweirdaf,blackmoore,1293,shaman,enhancement,87,44,43
Madppl,outland,1291,shaman,enhancement,37,16,21
Cillysha,ravencrest,1285,shaman,enhancement,22,15,7
Киллдрак,howling-fjord,1283,shaman,enhancement,36,19,17
Срувтапкии,deathguard,1283,shaman,enhancement,78,41,37
Zandali,tarren-mill,1280,shaman,enhancement,78,44,34
Yeemayne,outland,1279,shaman,enhancement,24,16,8
Stormrex,magtheridon,1279,shaman,enhancement,125,68,57
Manrod,tarren-mill,1279,shaman,enhancement,66,34,32
Bacheebg,darksorrow,1279,shaman,enhancement,155,79,76
Towi,krasus,1278,shaman,enhancement,44,23,21
Skólt,blackrock,1278,shaman,enhancement,116,59,57
Броаркар,razuvious,1277,shaman,enhancement,106,56,50
Hexd,defias-brotherhood,1277,shaman,enhancement,83,36,47
Lilbantu,ravencrest,1276,shaman,enhancement,66,40,26
Korzo,amanthul,1275,shaman,enhancement,52,34,18
Welgor,kult-der-verdammten,1275,shaman,enhancement,60,37,23
Быковат,booty-bay,1275,shaman,enhancement,60,29,31
Awsomo,ravencrest,1273,shaman,enhancement,43,16,27
Enkzäm,archimonde,1272,shaman,enhancement,100,55,45
Burstorama,alleria,1272,shaman,enhancement,36,17,19
Shamaray,stormscale,1271,shaman,enhancement,168,87,81
Cool,tarren-mill,1270,shaman,enhancement,45,18,27
Macoox,drakthul,1270,shaman,enhancement,39,14,25
Gnark,dun-modr,1269,shaman,enhancement,33,21,12
Katastrofuss,stormscale,1268,shaman,enhancement,88,47,41
Delgagalduos,kazzak,1267,shaman,enhancement,48,25,23
Buffmepls,sanguino,1267,shaman,enhancement,36,14,22
Женяшилдх,howling-fjord,1266,shaman,enhancement,23,14,9
Jeppoh,tarren-mill,1266,shaman,enhancement,31,18,13
Vukroth,argent-dawn,1265,shaman,enhancement,66,34,32
Noxstorm,frostwolf,1265,shaman,enhancement,72,36,36
Iicks,blackrock,1264,shaman,enhancement,60,25,35
Apolomaeuz,frostwolf,1261,shaman,enhancement,54,28,26
Shamaneo,outland,1260,shaman,enhancement,45,29,16
Baineoof,tarren-mill,1259,shaman,enhancement,41,18,23
Ishokyou,thrall,1257,shaman,enhancement,70,32,38
Kunancementa,ravencrest,1257,shaman,enhancement,95,41,54
Beletili,chogall,1254,shaman,enhancement,69,30,39
Gõðzilla,blackmoore,1253,shaman,enhancement,34,17,17
Кгб,greymane,1253,shaman,enhancement,162,75,87
Cavir,burning-blade,1253,shaman,enhancement,48,21,27
En,blackhand,1253,shaman,enhancement,36,15,21
Khorrax,malygos,1252,shaman,enhancement,66,34,32
Simularcum,kazzak,1252,shaman,enhancement,36,18,18
Тоннимонтана,howling-fjord,1250,shaman,enhancement,26,15,11
Elektekk,blackrock,1248,shaman,enhancement,28,15,13
Vollt,kazzak,1248,shaman,enhancement,31,14,17
Eclaîr,thrall,1247,shaman,enhancement,30,13,17
Worstshamy,sanguino,1246,shaman,enhancement,18,13,5
Darkstrong,alakir,1245,shaman,enhancement,42,22,20
Holten,outland,1245,shaman,enhancement,78,37,41
Domiro,ravencrest,1245,shaman,enhancement,41,13,28
Tauridus,blackrock,1244,shaman,enhancement,18,13,5
Murdá,ravencrest,1244,shaman,enhancement,24,13,11
Alainralso,archimonde,1243,shaman,enhancement,22,14,8
Shockinghell,sylvanas,1243,shaman,enhancement,24,13,11
Тандерхем,gordunni,1243,shaman,enhancement,60,31,29
Dropbax,khaz-modan,1243,shaman,enhancement,66,28,38
Фастэра,soulflayer,1243,shaman,enhancement,36,13,23
Громовойбро,blackscar,1242,shaman,enhancement,24,13,11
Виндфуриа,gordunni,1242,shaman,enhancement,78,39,39
Tashunka,twisting-nether,1242,shaman,enhancement,190,91,99
Агмень,howling-fjord,1242,shaman,enhancement,177,78,99
Hichibane,archimonde,1242,shaman,enhancement,30,13,17
Sector,silvermoon,1242,shaman,enhancement,36,13,23
Morkyy,thrall,1241,shaman,enhancement,18,13,5
Nêmônin,perenolde,1241,shaman,enhancement,18,13,5
Ql,twisting-nether,1241,shaman,enhancement,24,13,11
Sparkii,kazzak,1241,shaman,enhancement,24,13,11
Jarrek,draenor,1241,shaman,enhancement,69,27,42
Roastbeef,blackrock,1240,shaman,enhancement,46,25,21
Shamanlynx,ravencrest,1239,shaman,enhancement,36,23,13
Trollden,silvermoon,1239,shaman,enhancement,24,13,11
Izaarleus,argent-dawn,1239,shaman,enhancement,44,22,22
Nezuka,turalyon,1239,shaman,enhancement,34,17,17
Maddogxz,frostwolf,1238,shaman,enhancement,18,13,5
Podoroschnik,blackmoore,1238,shaman,enhancement,30,13,17
Exinos,sylvanas,1237,shaman,enhancement,59,28,31
Элетар,gordunni,1237,shaman,enhancement,92,43,49
Рскувосемь,soulflayer,1237,shaman,enhancement,30,13,17
Windfury,sylvanas,1236,shaman,enhancement,99,53,46
Biglynx,sanguino,1235,shaman,enhancement,138,80,58
Prømetheüs,sanguino,1235,shaman,enhancement,86,48,38
Gonzprime,burning-legion,1234,shaman,enhancement,24,13,11
Видсон,soulflayer,1234,shaman,enhancement,30,14,16
Tholdrin,outland,1234,shaman,enhancement,30,13,17
Kargos,stormscale,1234,shaman,enhancement,30,13,17
Velkin,thrall,1233,shaman,enhancement,18,13,5
Pushs,archimonde,1230,shaman,enhancement,24,13,11
Hedjin,argent-dawn,1230,shaman,enhancement,78,42,36
Чернышус,soulflayer,1230,shaman,enhancement,56,25,31
Cowkiller,minahonda,1229,shaman,enhancement,42,23,19
Sounoukfrit,dalaran,1228,shaman,enhancement,75,39,36
Апинсмок,soulflayer,1228,shaman,enhancement,99,46,53
Blitzviech,aegwynn,1226,shaman,enhancement,29,14,15
Silko,wrathbringer,1226,shaman,enhancement,55,24,31
Эйнхарий,howling-fjord,1226,shaman,enhancement,30,13,17
Другалёк,howling-fjord,1225,shaman,enhancement,91,46,45
Maulstrom,pozzo-delleternità,1224,shaman,enhancement,32,21,11
Lorios,boulderfist,1223,shaman,enhancement,24,13,11
Redderss,silvermoon,1223,shaman,enhancement,36,16,20
Cerita,bloodhoof,1222,shaman,enhancement,66,30,36
Акер,deathguard,1221,shaman,enhancement,42,27,15
Slaphappy,hellscream,1221,shaman,enhancement,27,14,13
Bachetobg,darksorrow,1220,shaman,enhancement,59,30,29
Charuzo,stormscale,1219,shaman,enhancement,30,13,17
Shockaibo,drakthul,1219,shaman,enhancement,30,13,17
Zerandolix,blackrock,1218,shaman,enhancement,44,22,22
Kuse,blackmoore,1218,shaman,enhancement,36,13,23
Шамяра,blackscar,1217,shaman,enhancement,24,15,9
Guqin,ravencrest,1217,shaman,enhancement,58,26,32
Ulvur,blackhand,1216,shaman,enhancement,30,13,17
Мигнтз,soulflayer,1214,shaman,enhancement,23,13,10
Idxbi,kazzak,1213,shaman,enhancement,138,74,64
Greatthrall,kazzak,1213,shaman,enhancement,38,19,19
Théar,ravencrest,1212,shaman,enhancement,30,15,15
Naahma,hyjal,1210,shaman,enhancement,35,13,22
Patites,twisting-nether,1208,shaman,enhancement,78,40,38
Sg,la-croisade-écarlate,1203,shaman,enhancement,55,30,25
Jorny,burning-legion,1203,shaman,enhancement,42,14,28
Йовва,soulflayer,1202,shaman,enhancement,24,18,6
Vaesk,auchindoun,1201,shaman,enhancement,60,32,28
Shamananas,antonidas,1200,shaman,enhancement,60,25,35
Литлсмурф,gordunni,1200,shaman,enhancement,51,21,30
Волкк,soulflayer,1199,shaman,enhancement,49,26,23
Hodir,bronzebeard,1199,shaman,enhancement,57,27,30
Manushamanu,stormscale,1197,shaman,enhancement,41,18,23
Fàkecast,outland,1197,shaman,enhancement,63,27,36
Treizelol,ysondre,1196,shaman,enhancement,65,30,35
Gárrok,nerathor,1193,shaman,enhancement,24,13,11
Sinkero,hellscream,1193,shaman,enhancement,62,26,36
Smoldermane,argent-dawn,1193,shaman,enhancement,35,13,22
Shamomo,hyjal,1192,shaman,enhancement,156,70,86
Allakbarz,stormscale,1190,shaman,enhancement,94,39,55
Humming,sanguino,1187,shaman,enhancement,69,36,33
Talf,tarren-mill,1186,shaman,enhancement,23,13,10
Ponzu,silvermoon,1184,shaman,enhancement,24,14,10
Nurychic,twisting-nether,1184,shaman,enhancement,75,31,44
Mahlga,argent-dawn,1180,shaman,enhancement,129,62,67
Cràfty,blackrock,1179,shaman,enhancement,64,27,37
Wioda,silvermoon,1176,shaman,enhancement,101,59,42
Fourbevent,archimonde,1175,shaman,enhancement,21,14,7
Grimtøtem,defias-brotherhood,1173,shaman,enhancement,42,18,24
Yasan,kazzak,1172,shaman,enhancement,91,42,49
Màverìck,nemesis,1171,shaman,enhancement,24,16,8
Qzaah,garona,1169,shaman,enhancement,27,13,14
Chàrlord,twisting-nether,1167,shaman,enhancement,31,13,18
Tremuchamy,tyrande,1166,shaman,enhancement,51,28,23
Saduria,antonidas,1166,shaman,enhancement,120,64,56
Shigasu,die-aldor,1166,shaman,enhancement,39,17,22
Arcura,twisting-nether,1164,shaman,enhancement,90,45,45
Thossa,draenor,1163,shaman,enhancement,94,49,45
Quartodebue,nemesis,1162,shaman,enhancement,24,13,11
Glibnica,draenor,1160,shaman,enhancement,27,13,14
Магмарончик,gordunni,1158,shaman,enhancement,85,40,45
Burghezu,magtheridon,1155,shaman,enhancement,68,40,28
Faroh,ravencrest,1152,shaman,enhancement,18,12,6
Fyrkaz,aegwynn,1152,shaman,enhancement,18,12,6
Тыпроиграл,gordunni,1152,shaman,enhancement,24,12,12
Uselesstwo,archimonde,1152,shaman,enhancement,24,12,12
Seçretweapøn,kazzak,1151,shaman,enhancement,18,12,6
Billburr,aegwynn,1151,shaman,enhancement,18,12,6
Shootinguard,kazzak,1151,shaman,enhancement,18,12,6
Raindx,draenor,1151,shaman,enhancement,18,12,6
Torcok,sanguino,1151,shaman,enhancement,18,12,6
Namrdak,quelthalas,1151,shaman,enhancement,114,60,54
Sangvinus,outland,1151,shaman,enhancement,56,22,34
Altotem,blackmoore,1150,shaman,enhancement,18,12,6
Brotein,blackmoore,1150,shaman,enhancement,18,12,6
Jaszczurka,stormrage,1149,shaman,enhancement,18,12,6
Dmgaddict,kazzak,1149,shaman,enhancement,24,12,12
Kertunsisko,emeriss,1149,shaman,enhancement,78,35,43
Babal,outland,1149,shaman,enhancement,30,12,18
Thunderdøme,stormscale,1148,shaman,enhancement,24,12,12
Shamira,nethersturm,1148,shaman,enhancement,30,12,18
Famepolîce,blackrock,1147,shaman,enhancement,18,12,6
Ramaka,aegwynn,1147,shaman,enhancement,24,12,12
Kirtach,dun-modr,1146,shaman,enhancement,18,12,6
Dianè,stormscale,1145,shaman,enhancement,19,13,6
Fika,the-venture-co,1145,shaman,enhancement,66,36,30
Zevissh,outland,1144,shaman,enhancement,24,12,12
Тессельхоф,howling-fjord,1143,shaman,enhancement,24,12,12
Maurrigan,rashgarroth,1142,shaman,enhancement,18,12,6
Ðexx,stormscale,1141,shaman,enhancement,18,12,6
Scottish,auchindoun,1140,shaman,enhancement,29,17,12
Бирхэпнс,blackscar,1140,shaman,enhancement,37,15,22
Brooce,sylvanas,1140,shaman,enhancement,30,12,18
Crespouu,doomhammer,1139,shaman,enhancement,115,59,56
Ipbar,blackrock,1137,shaman,enhancement,24,13,11
Xélania,argent-dawn,1137,shaman,enhancement,30,12,18
Cementatar,burning-blade,1136,shaman,enhancement,30,15,15
Zzadoxor,doomhammer,1134,shaman,enhancement,24,12,12
Stub,nemesis,1132,shaman,enhancement,40,22,18
Sinwithin,ravencrest,1131,shaman,enhancement,24,12,12
Philcallings,tarren-mill,1127,shaman,enhancement,27,13,14
Kassyoh,hyjal,1127,shaman,enhancement,30,14,16
Свистт,fordragon,1127,shaman,enhancement,106,45,61
Бойкийкот,gordunni,1126,shaman,enhancement,66,32,34
Даркгрон,thermaplugg,1126,shaman,enhancement,42,17,25
Reverse,xavius,1125,shaman,enhancement,24,12,12
Lumpp,kazzak,1125,shaman,enhancement,42,13,29
Gibspark,twisting-nether,1124,shaman,enhancement,30,17,13
Ðragaø,kazzak,1122,shaman,enhancement,24,12,12
Viandehachee,dalaran,1119,shaman,enhancement,35,18,17
Шалман,thermaplugg,1119,shaman,enhancement,392,190,202
Jaykezap,kazzak,1118,shaman,enhancement,23,12,11
Precíous,sporeggar,1116,shaman,enhancement,40,22,18
Gameblast,thunderhorn,1116,shaman,enhancement,36,12,24
Aquæ,suramar,1115,shaman,enhancement,207,106,101
Bumm,twisting-nether,1115,shaman,enhancement,36,15,21
Виндфайр,blackscar,1114,shaman,enhancement,24,12,12
Grommalgue,hyjal,1113,shaman,enhancement,54,30,24
Maajo,tarren-mill,1106,shaman,enhancement,90,32,58
Tookaageeroo,burning-legion,1105,shaman,enhancement,50,24,26
Тотемныйчад,gordunni,1104,shaman,enhancement,28,13,15
Azktor,kazzak,1101,shaman,enhancement,23,13,10
Murog,dalaran,1100,shaman,enhancement,25,14,11
Isladinks,draenor,1100,shaman,enhancement,93,41,52
Eneruswag,draenor,1098,shaman,enhancement,29,14,15
Hororka,drakthul,1098,shaman,enhancement,60,24,36
Nuluadroguri,twisting-nether,1098,shaman,enhancement,34,13,21
Etxarne,twisting-nether,1098,shaman,enhancement,42,12,30
Øzy,sanguino,1097,shaman,enhancement,40,26,14
Kireekoura,tarren-mill,1097,shaman,enhancement,33,14,19
Munnar,dalaran,1097,shaman,enhancement,42,17,25
Zugzie,draenor,1095,shaman,enhancement,60,28,32
Ironsidé,ragnaros,1093,shaman,enhancement,36,13,23
Janserey,burning-legion,1090,shaman,enhancement,30,12,18
Bantzer,twisting-nether,1089,shaman,enhancement,22,13,9
Грейсаша,howling-fjord,1088,shaman,enhancement,36,21,15
Kringspierce,twisting-nether,1086,shaman,enhancement,55,34,21
Sshaasam,tarren-mill,1086,shaman,enhancement,41,25,16
Ипа,thermaplugg,1086,shaman,enhancement,107,53,54
Боргрим,eversong,1086,shaman,enhancement,70,28,42
Electricmon,stormscale,1082,shaman,enhancement,30,19,11
Eleboss,frostwolf,1082,shaman,enhancement,42,24,18
Харрум,soulflayer,1082,shaman,enhancement,80,42,38
Snoc,guldan,1077,shaman,enhancement,57,26,31
Bábbajaggí,blackrock,1077,shaman,enhancement,30,13,17
Mcbayn,tarren-mill,1077,shaman,enhancement,67,25,42
Esciamano,nemesis,1074,shaman,enhancement,41,27,14
Анашишка,borean-tundra,1069,shaman,enhancement,42,16,26
Atixz,blackmoore,1065,shaman,enhancement,34,12,22
Hyamala,chamber-of-aspects,1063,shaman,enhancement,37,20,17
Rockymarciia,dalaran,1060,shaman,enhancement,30,21,9
Sìrenia,tarren-mill,1060,shaman,enhancement,62,35,27
Vàlentina,blackmoore,1057,shaman,enhancement,111,56,55
Oddsocks,stormscale,1057,shaman,enhancement,108,49,59
Axiiom,draenor,1056,shaman,enhancement,18,11,7
Fattywopwop,alakir,1056,shaman,enhancement,18,11,7
Shaddoo,stormscale,1056,shaman,enhancement,18,11,7
Биттерлинкс,soulflayer,1056,shaman,enhancement,24,11,13
Kelvok,silvermoon,1055,shaman,enhancement,18,11,7
Napoulion,khaz-modan,1055,shaman,enhancement,18,11,7
Ghostwolfe,ravencrest,1055,shaman,enhancement,18,11,7
Pay,stormscale,1055,shaman,enhancement,18,11,7
Gixor,silvermoon,1055,shaman,enhancement,18,11,7
Halorah,argent-dawn,1055,shaman,enhancement,126,59,67
Иллюминэйшн,soulflayer,1055,shaman,enhancement,24,11,13
Trobø,ravencrest,1055,shaman,enhancement,33,12,21
Sleven,twisting-nether,1054,shaman,enhancement,18,11,7
Berserked,emeriss,1054,shaman,enhancement,18,11,7
Carrywho,blackrock,1054,shaman,enhancement,18,11,7
Eliaap,antonidas,1054,shaman,enhancement,153,71,82
Ooupsjr,tarren-mill,1054,shaman,enhancement,24,11,13
Kral,defias-brotherhood,1053,shaman,enhancement,18,11,7
Razush,draenor,1053,shaman,enhancement,18,11,7
Shockrates,pozzo-delleternità,1053,shaman,enhancement,24,11,13
Othu,ragnaros,1053,shaman,enhancement,24,11,13
Hitmeagain,blackhand,1053,shaman,enhancement,24,11,13
Boulestraan,silvermoon,1053,shaman,enhancement,30,11,19
Dolkoditch,outland,1052,shaman,enhancement,18,11,7
Skrewu,stormscale,1052,shaman,enhancement,24,11,13
Onefurall,ragnaros,1052,shaman,enhancement,24,11,13
Wòóshy,ravencrest,1052,shaman,enhancement,24,11,13
Swooch,shattered-hand,1051,shaman,enhancement,12,11,1
Хмелецкий,soulflayer,1051,shaman,enhancement,60,32,28
Эсфира,ashenvale,1051,shaman,enhancement,113,54,59
Âlphan,silvermoon,1050,shaman,enhancement,24,11,13
Apócalypsee,ravencrest,1050,shaman,enhancement,24,11,13
Bloodlusts,archimonde,1050,shaman,enhancement,25,11,14
Weaslêy,frostwolf,1048,shaman,enhancement,36,19,17
Щцц,soulflayer,1047,shaman,enhancement,18,11,7
Navy,frostwolf,1046,shaman,enhancement,18,11,7
Tonitøtem,onyxia,1046,shaman,enhancement,30,11,19
Keräx,cthun,1044,shaman,enhancement,30,11,19
Moonkiss,veknilash,1043,shaman,enhancement,101,53,48
Шамвкроксах,gordunni,1043,shaman,enhancement,24,11,13
Rykon,teldrassil,1043,shaman,enhancement,24,11,13
Wargriman,kelthuzad,1042,shaman,enhancement,35,19,16
Lottery,ragnaros,1041,shaman,enhancement,24,11,13
Zoghzog,elune,1041,shaman,enhancement,72,32,40
Totkodem,twisting-nether,1039,shaman,enhancement,38,16,22
Antomadorf,ravencrest,1039,shaman,enhancement,30,11,19
Rorenth,blackhand,1035,shaman,enhancement,80,40,40
Mørwayn,ysondre,1035,shaman,enhancement,24,11,13
Shamrøck,archimonde,1028,shaman,enhancement,60,29,31
Dronius,kragjin,1027,shaman,enhancement,30,11,19
Nethershock,blackmoore,1023,shaman,enhancement,127,68,59
Mohammed,kilrogg,1022,shaman,enhancement,17,11,6
Chronochrome,chamber-of-aspects,1022,shaman,enhancement,113,60,53
Лэнгипас,gordunni,1017,shaman,enhancement,169,83,86
Aêriâl,shendralar,1015,shaman,enhancement,28,12,16
Practicetwo,argent-dawn,1015,shaman,enhancement,29,11,18
Rázzìm,eredar,1014,shaman,enhancement,28,11,17
Xakum,stormscale,1013,shaman,enhancement,20,13,7
Kushme,silvermoon,1010,shaman,enhancement,138,63,75
Biphrost,nemesis,1007,shaman,enhancement,72,38,34
Shaminista,ravencrest,1001,shaman,enhancement,24,13,11
Chamtroulku,ysondre,1001,shaman,enhancement,23,11,12
Mustang,twilights-hammer,1001,shaman,enhancement,152,63,89
Vegà,thrall,1000,shaman,enhancement,21,13,8
Watchmeplz,archimonde,990,shaman,enhancement,22,11,11
Freizeitler,antonidas,988,shaman,enhancement,17,11,6
Krakennm,dalaran,987,shaman,enhancement,73,35,38
Cimer,sargeras,982,shaman,enhancement,101,46,55
Xarozz,blackmoore,978,shaman,enhancement,127,60,67
Krux,burning-blade,978,shaman,enhancement,108,48,60
Chamanauzore,hyjal,977,shaman,enhancement,48,16,32
Нуишам,soulflayer,976,shaman,enhancement,18,12,6
Yunero,argent-dawn,975,shaman,enhancement,19,11,8
Fòóxi,ravencrest,962,shaman,enhancement,188,95,93
Miøn,kazzak,960,shaman,enhancement,12,10,2
Dumhuvud,stormscale,960,shaman,enhancement,12,10,2
Tätschentim,blackrock,960,shaman,enhancement,12,10,2
Crysis,sanguino,960,shaman,enhancement,18,10,8
Likê,aegwynn,960,shaman,enhancement,18,10,8
Махош,blackscar,960,shaman,enhancement,18,10,8
Bullet,blackmoore,960,shaman,enhancement,18,10,8
Биттерлинкс,blackscar,960,shaman,enhancement,18,10,8
Teckan,tarren-mill,960,shaman,enhancement,20,10,10
Milheroj,terenas,960,shaman,enhancement,30,10,20
Акаварри,gordunni,959,shaman,enhancement,12,10,2
Ræi,drakthul,959,shaman,enhancement,12,10,2
Flameshock,stormreaver,959,shaman,enhancement,12,10,2
Raketsven,dentarg,959,shaman,enhancement,18,10,8
Asçele,kazzak,959,shaman,enhancement,18,10,8
Sìberiano,pozzo-delleternità,959,shaman,enhancement,18,10,8
Elevotor,kult-der-verdammten,959,shaman,enhancement,18,10,8
Hariboo,arthas,959,shaman,enhancement,18,10,8
Windypops,tarren-mill,959,shaman,enhancement,18,10,8
Dectus,blackrock,959,shaman,enhancement,18,10,8
Lightning,aszune,959,shaman,enhancement,24,10,14
Fernik,sanguino,959,shaman,enhancement,24,10,14
Blutschrei,tarren-mill,959,shaman,enhancement,147,59,88
Evííl,tarren-mill,958,shaman,enhancement,12,10,2
Ugory,die-aldor,958,shaman,enhancement,12,10,2
Hurb,malorne,958,shaman,enhancement,18,10,8
Нэдсон,greymane,958,shaman,enhancement,18,10,8
Myngo,thrall,958,shaman,enhancement,18,10,8
Miikkas,blackhand,958,shaman,enhancement,18,10,8
Mistahbeard,stormscale,958,shaman,enhancement,18,10,8
Ðeron,dun-modr,958,shaman,enhancement,24,10,14
Stormkëëpër,stormscale,958,shaman,enhancement,51,19,32
Ironlionzion,ragnaros,957,shaman,enhancement,21,11,10
Keisys,kazzak,957,shaman,enhancement,24,10,14
Ericlomax,frostwhisper,956,shaman,enhancement,18,10,8
Balfalor,antonidas,956,shaman,enhancement,18,10,8
Shockndawe,kazzak,956,shaman,enhancement,18,10,8
Hairball,turalyon,955,shaman,enhancement,18,10,8
Ybbarcs,eredar,955,shaman,enhancement,18,10,8
Shamohd,ravencrest,955,shaman,enhancement,24,10,14
Tufftnamn,frostmane,955,shaman,enhancement,24,10,14
Nâs,kazzak,955,shaman,enhancement,24,10,14
Pureflame,silvermoon,955,shaman,enhancement,24,10,14
Charth,ravencrest,954,shaman,enhancement,49,18,31
Carcksn,nerathor,951,shaman,enhancement,18,10,8
Drocthar,defias-brotherhood,950,shaman,enhancement,70,30,40
Darkcleaver,drakthul,950,shaman,enhancement,24,10,14
Nazma,blackhand,949,shaman,enhancement,12,10,2
Polarboy,blackmoore,949,shaman,enhancement,18,10,8
Rèol,blackmoore,949,shaman,enhancement,30,10,20
Rushfabi,aegwynn,948,shaman,enhancement,24,10,14
Wuchtzwerg,terrordar,945,shaman,enhancement,12,10,2
Furioous,ravencrest,943,shaman,enhancement,24,10,14
Golfrick,hyjal,940,shaman,enhancement,33,11,22
Шамманидзе,gordunni,940,shaman,enhancement,30,10,20
Чухмандос,gordunni,932,shaman,enhancement,23,11,12
Shamsterr,karazhan,930,shaman,enhancement,24,10,14
Bigpapi,azjolnerub,927,shaman,enhancement,17,10,7
Elrayitos,shendralar,927,shaman,enhancement,22,10,12
Treâzin,the-maelstrom,921,shaman,enhancement,23,10,13
Gruldo,tarren-mill,915,shaman,enhancement,41,10,31
Shamaniak,tarren-mill,915,shaman,enhancement,42,10,32
Sardemar,defias-brotherhood,914,shaman,enhancement,24,13,11
Eomsham,magtheridon,912,shaman,enhancement,21,10,11
Dabbadabba,silvermoon,910,shaman,enhancement,29,10,19
Twotwozero,defias-brotherhood,908,shaman,enhancement,35,14,21
Тыщатристах,howling-fjord,903,shaman,enhancement,18,11,7
Stubby,nagrand,903,shaman,enhancement,31,14,17
Ultaz,ravencrest,901,shaman,enhancement,34,10,24
Ластыч,borean-tundra,900,shaman,enhancement,30,13,17
Ximid,doomhammer,900,shaman,enhancement,59,18,41
Wawawoowee,archimonde,893,shaman,enhancement,16,10,6
Ryujìñjakka,culte-de-la-rive-noire,892,shaman,enhancement,36,16,20
Hammerkiller,kilrogg,888,shaman,enhancement,26,10,16
Залазани,soulflayer,884,shaman,enhancement,30,15,15
Bimms,eredar,879,shaman,enhancement,19,10,9
Laghärta,dun-modr,877,shaman,enhancement,29,15,14
Mimsy,hyjal,876,shaman,enhancement,53,21,32
Mefhaman,tarren-mill,872,shaman,enhancement,25,10,15
Tuzep,bloodscalp,871,shaman,enhancement,59,23,36
Rylidare,khaz-modan,865,shaman,enhancement,65,28,37
Blackyx,dun-modr,864,shaman,enhancement,12,9,3
Shockkanta,antonidas,864,shaman,enhancement,12,9,3
Turbothea,blackmoore,864,shaman,enhancement,12,9,3
Hexftw,khaz-modan,864,shaman,enhancement,12,9,3
Pestomvp,tarren-mill,864,shaman,enhancement,12,9,3
Йодаримару,howling-fjord,864,shaman,enhancement,12,9,3
Thunderman,the-maelstrom,864,shaman,enhancement,12,9,3
Khylejenner,kazzak,864,shaman,enhancement,12,9,3
Xorez,blackmoore,864,shaman,enhancement,12,9,3
ßluegelato,silvermoon,864,shaman,enhancement,12,9,3
Martini,tichondrius,864,shaman,enhancement,15,10,5
Ric,nemesis,864,shaman,enhancement,18,9,9
Dwarfovic,ravencrest,864,shaman,enhancement,18,9,9
Eshami,tarren-mill,864,shaman,enhancement,18,9,9
Procdaddy,stormscale,864,shaman,enhancement,18,9,9
Deadwôlf,stormscale,864,shaman,enhancement,18,9,9
Gopimusprime,twisting-nether,864,shaman,enhancement,18,9,9
Tswiftx,tarren-mill,864,shaman,enhancement,18,9,9
Everblast,arathor,864,shaman,enhancement,18,9,9
Ghettocheff,blackmoore,864,shaman,enhancement,24,9,15
Stephelord,blackmoore,864,shaman,enhancement,30,9,21
Шамунчез,gordunni,863,shaman,enhancement,12,9,3
Zðhan,azshara,863,shaman,enhancement,18,9,9
Purgey,ravencrest,863,shaman,enhancement,18,9,9
Nëÿrën,drakthul,863,shaman,enhancement,18,9,9
Taraesh,blackhand,863,shaman,enhancement,18,9,9
Réläx,kazzak,863,shaman,enhancement,18,9,9
Jhagy,archimonde,863,shaman,enhancement,18,9,9
Nìno,azshara,863,shaman,enhancement,23,9,14
Sgtspyke,ragnaros,863,shaman,enhancement,24,9,15
Shamehameha,thrall,862,shaman,enhancement,12,9,3
Szelenamoonx,outland,862,shaman,enhancement,18,9,9
Jabja,antonidas,862,shaman,enhancement,18,9,9
Еонса,howling-fjord,862,shaman,enhancement,18,9,9
Gagné,hyjal,862,shaman,enhancement,18,9,9
Bualocktv,sylvanas,862,shaman,enhancement,18,9,9
Mástà,onyxia,862,shaman,enhancement,18,9,9
Azrodas,defias-brotherhood,862,shaman,enhancement,18,9,9
Brigantino,burning-legion,862,shaman,enhancement,18,9,9
Tuncha,runetotem,862,shaman,enhancement,18,9,9
Pissluffer,tarren-mill,862,shaman,enhancement,18,9,9
Jaydc,silvermoon,862,shaman,enhancement,22,9,13
Mästerruv,the-maelstrom,862,shaman,enhancement,24,9,15
Ордосус,gordunni,862,shaman,enhancement,24,9,15
Locosonik,kazzak,862,shaman,enhancement,28,10,18
Seriux,twisting-nether,860,shaman,enhancement,15,10,5
Rashtar,ravencrest,860,shaman,enhancement,18,9,9
Nabq,hyjal,860,shaman,enhancement,18,9,9
Messedmyself,outland,860,shaman,enhancement,18,9,9
Jockin,tarren-mill,860,shaman,enhancement,24,9,15
Discoshort,kazzak,860,shaman,enhancement,24,9,15
Doclava,twisting-nether,859,shaman,enhancement,18,9,9
Tatyabis,drekthar,859,shaman,enhancement,18,9,9
Loko,terokkar,857,shaman,enhancement,18,9,9
Earthvixen,ravencrest,857,shaman,enhancement,47,23,24
Mou,the-maelstrom,857,shaman,enhancement,30,9,21
Kaareh,frostmourne,856,shaman,enhancement,18,9,9
Yzeed,argent-dawn,856,shaman,enhancement,18,9,9
Baaruch,kazzak,856,shaman,enhancement,24,9,15
Fashess,sunstrider,855,shaman,enhancement,24,9,15
Bysonx,kazzak,855,shaman,enhancement,33,10,23
Limech,dalaran,854,shaman,enhancement,24,9,15
Slavazsu,draenor,851,shaman,enhancement,18,9,9
Gälädhan,ysondre,839,shaman,enhancement,30,14,16
Mendoz,nazjatar,838,shaman,enhancement,98,46,52
Buldozar,blackmoore,831,shaman,enhancement,28,9,19
Lamoulastorm,chogall,828,shaman,enhancement,17,9,8
Deeblu,nemesis,821,shaman,enhancement,24,9,15
Broxh,sanguino,811,shaman,enhancement,78,27,51
Exereon,ravencrest,808,shaman,enhancement,20,11,9
Мамонтшам,howling-fjord,808,shaman,enhancement,17,9,8
Ìkarus,eredar,804,shaman,enhancement,40,17,23
Vix,argent-dawn,799,shaman,enhancement,14,9,5
Grinan,hyjal,792,shaman,enhancement,42,10,32
Hamstéole,hyjal,784,shaman,enhancement,16,9,7
Razgriz,confrérie-du-thorium,784,shaman,enhancement,19,9,10
Саксаул,fordragon,783,shaman,enhancement,19,9,10
Koiru,argent-dawn,782,shaman,enhancement,19,9,10
Flamii,burning-legion,768,shaman,enhancement,12,8,4
Whatsatotem,hyjal,768,shaman,enhancement,12,8,4
Maksimon,blackrock,768,shaman,enhancement,12,8,4
Dêblâzê,thrall,768,shaman,enhancement,12,8,4
Shamroyce,blackhand,768,shaman,enhancement,12,8,4
Драгенхз,gordunni,768,shaman,enhancement,12,8,4
Cocolopez,tichondrius,768,shaman,enhancement,12,8,4
Blimblau,stormrage,768,shaman,enhancement,12,8,4
Trulor,stormscale,768,shaman,enhancement,12,8,4
Qätär,ravencrest,768,shaman,enhancement,12,8,4
Trankilo,silvermoon,768,shaman,enhancement,12,8,4
Olej,burning-legion,768,shaman,enhancement,12,8,4
Bredex,doomhammer,768,shaman,enhancement,12,8,4
Bufalan,uldum,768,shaman,enhancement,12,8,4
Бурапи,howling-fjord,768,shaman,enhancement,12,8,4
Healníx,ravencrest,768,shaman,enhancement,12,8,4
Tàvèrnellø,nemesis,768,shaman,enhancement,12,8,4
Khorgam,twisting-nether,768,shaman,enhancement,12,8,4
Krytonian,twisting-nether,768,shaman,enhancement,12,8,4
Achtungblitz,blackrock,768,shaman,enhancement,12,8,4
Gnomecake,vashj,768,shaman,enhancement,18,8,10
Aspên,archimonde,768,shaman,enhancement,18,8,10
Rahtafary,sanguino,768,shaman,enhancement,18,8,10
Bmtotem,twisting-nether,768,shaman,enhancement,18,8,10
Ударбуридуде,howling-fjord,768,shaman,enhancement,30,8,22
Wonderman,jaedenar,767,shaman,enhancement,12,8,4
Fakeyy,draenor,767,shaman,enhancement,12,8,4
Complete,hyjal,767,shaman,enhancement,12,8,4
Ichboxdich,madmortem,767,shaman,enhancement,12,8,4
Carlos,magtheridon,767,shaman,enhancement,18,8,10
Zaappyboii,azjolnerub,767,shaman,enhancement,18,8,10
Gåiå,argent-dawn,767,shaman,enhancement,18,8,10
Szamanito,turalyon,767,shaman,enhancement,18,8,10
Tschacô,malganis,767,shaman,enhancement,18,8,10
Nahkasika,defias-brotherhood,767,shaman,enhancement,18,8,10
Neroty,blackmoore,767,shaman,enhancement,18,8,10
Vemvardetsom,stormreaver,767,shaman,enhancement,18,8,10
Ratnandez,outland,767,shaman,enhancement,18,8,10
Zabojad,stormscale,767,shaman,enhancement,18,8,10
Nínive,zuljin,767,shaman,enhancement,18,8,10
Kärmá,lightbringer,767,shaman,enhancement,18,8,10
Masatø,hyjal,767,shaman,enhancement,18,8,10
Berethar,burning-blade,767,shaman,enhancement,18,8,10
Nápälm,dun-modr,767,shaman,enhancement,18,8,10
Vallchan,kazzak,766,shaman,enhancement,12,8,4
Devastatiia,ragnaros,766,shaman,enhancement,12,8,4
Икзок,soulflayer,766,shaman,enhancement,18,8,10
Târu,blackrock,766,shaman,enhancement,24,8,16
Rosewall,twisting-nether,765,shaman,enhancement,12,8,4
Niveamann,eredar,765,shaman,enhancement,12,8,4
Lôù,archimonde,765,shaman,enhancement,18,8,10
Elayco,twisting-nether,765,shaman,enhancement,18,8,10
Dillerfranz,stormscale,765,shaman,enhancement,18,8,10
Agrok,jaedenar,765,shaman,enhancement,30,8,22
Энхким,soulflayer,765,shaman,enhancement,32,8,24
Ronctaha,blackrock,764,shaman,enhancement,12,8,4
Carusø,thrall,764,shaman,enhancement,18,8,10
Strygwyrl,doomhammer,764,shaman,enhancement,18,8,10
Vilberoo,ravencrest,764,shaman,enhancement,24,8,16
Зулкунд,soulflayer,763,shaman,enhancement,18,8,10
Rûngard,aegwynn,763,shaman,enhancement,18,8,10
Sturmbréchér,area-52,763,shaman,enhancement,24,8,16
Jangal,die-nachtwache,762,shaman,enhancement,13,8,5
Тилливилли,howling-fjord,761,shaman,enhancement,12,8,4
Sifu,ragnaros,761,shaman,enhancement,12,8,4
Azabi,defias-brotherhood,756,shaman,enhancement,24,8,16
Шамблабла,soulflayer,756,shaman,enhancement,30,8,22
Fotmslave,laughing-skull,749,shaman,enhancement,15,10,5
Asogg,archimonde,743,shaman,enhancement,24,9,15
Fromhaven,doomhammer,735,shaman,enhancement,22,8,14
Elcoustillou,throkferoth,730,shaman,enhancement,92,35,57
Argueaner,eonar,721,shaman,enhancement,28,9,19
Negårn,tarren-mill,719,shaman,enhancement,11,8,3
Xereús,kazzak,718,shaman,enhancement,23,8,15
Ihealbro,blackrock,714,shaman,enhancement,16,11,5
Shamansito,tyrande,713,shaman,enhancement,21,9,12
Çaycî,blackhand,708,shaman,enhancement,15,9,6
Pospodrol,ragnaros,704,shaman,enhancement,16,8,8
Faridstreng,blackmoore,703,shaman,enhancement,11,8,3
Spajry,drakthul,702,shaman,enhancement,14,8,6
Lavashock,tarren-mill,700,shaman,enhancement,28,8,20
Layonne,ysondre,697,shaman,enhancement,16,8,8
Gigamuscle,ravencrest,688,shaman,enhancement,19,8,11
Tiamât,culte-de-la-rive-noire,685,shaman,enhancement,19,8,11
Bärtigeberta,aegwynn,672,shaman,enhancement,10,8,2
Relentlessqt,aegwynn,672,shaman,enhancement,12,7,5
Vutututututu,ragnaros,672,shaman,enhancement,12,7,5
Twkupe,tarren-mill,672,shaman,enhancement,12,7,5
Mikesinatra,tarren-mill,672,shaman,enhancement,12,7,5
Turbosaab,draenor,672,shaman,enhancement,12,7,5
Roineé,draenor,672,shaman,enhancement,12,7,5
Cloùt,the-maelstrom,672,shaman,enhancement,12,7,5
Virrogs,argent-dawn,672,shaman,enhancement,12,7,5
Runè,azjolnerub,672,shaman,enhancement,12,7,5
Magharro,kazzak,672,shaman,enhancement,12,7,5
Fudgekek,ravencrest,672,shaman,enhancement,12,7,5
Proper,tichondrius,672,shaman,enhancement,12,7,5
Killykritz,draenor,672,shaman,enhancement,12,7,5
Инсэйнгодх,soulflayer,672,shaman,enhancement,12,7,5
Primez,twilights-hammer,672,shaman,enhancement,12,7,5
Metalbeef,xavius,672,shaman,enhancement,12,7,5
Tryscham,blackmoore,672,shaman,enhancement,12,7,5
Faeroox,ravencrest,672,shaman,enhancement,12,7,5
Эоя,howling-fjord,672,shaman,enhancement,12,7,5
Irmax,stormscale,672,shaman,enhancement,18,7,11
Нерезшок,soulflayer,672,shaman,enhancement,18,7,11
Élisabethtwo,culte-de-la-rive-noire,672,shaman,enhancement,18,7,11
Shougaku,blackrock,672,shaman,enhancement,18,7,11
Hungover,outland,672,shaman,enhancement,18,7,11
ßlãstmåçhîñê,kazzak,672,shaman,enhancement,18,7,11
Chuckystrike,arthas,672,shaman,enhancement,18,7,11
Horiq,kazzak,672,shaman,enhancement,18,7,11
Swoltz,argent-dawn,672,shaman,enhancement,24,7,17
Outhell,sylvanas,671,shaman,enhancement,12,7,5
Stormfury,balnazzar,671,shaman,enhancement,12,7,5
Êvø,draenor,671,shaman,enhancement,12,7,5
Mícheller,ravencrest,671,shaman,enhancement,12,7,5
Dénekha,zuljin,671,shaman,enhancement,12,7,5
Dwarfofwar,ravencrest,671,shaman,enhancement,12,7,5
Meangreen,stormscale,671,shaman,enhancement,12,7,5
Phookov,ravencrest,671,shaman,enhancement,12,7,5
Джоннси,howling-fjord,671,shaman,enhancement,12,7,5
Wiev,blackmoore,671,shaman,enhancement,12,7,5
Birnenpfeffi,malfurion,671,shaman,enhancement,12,7,5
Okmogar,khaz-modan,671,shaman,enhancement,12,7,5
Thalmorius,argent-dawn,671,shaman,enhancement,12,7,5
Mhyrtïlle,kirin-tor,671,shaman,enhancement,12,7,5
Kejazal,blackrock,671,shaman,enhancement,12,7,5
Napwak,hyjal,671,shaman,enhancement,12,7,5
Gyuksz,arathor,671,shaman,enhancement,15,7,8
Cbshaman,sylvanas,671,shaman,enhancement,18,7,11
Fanatroka,ravencrest,671,shaman,enhancement,18,7,11
Bigmassage,blackmoore,671,shaman,enhancement,18,7,11
Notgood,blackhand,671,shaman,enhancement,18,7,11
Fuzzynuts,ravencrest,671,shaman,enhancement,18,7,11
Teenx,auchindoun,671,shaman,enhancement,18,7,11
Chiwas,outland,671,shaman,enhancement,18,7,11
Götveren,eredar,671,shaman,enhancement,18,7,11
Sajma,silvermoon,671,shaman,enhancement,18,7,11
Lafia,blackrock,671,shaman,enhancement,18,7,11
Shockýbalboa,ragnaros,670,shaman,enhancement,18,7,11
Phizzik,ravencrest,670,shaman,enhancement,18,7,11
Elijaá,nordrassil,670,shaman,enhancement,18,7,11
Prettymoon,pozzo-delleternità,670,shaman,enhancement,24,7,17
Sacrx,dalaran,670,shaman,enhancement,24,7,17
Bíìerlip,twisting-nether,670,shaman,enhancement,30,7,23
Wartay,doomhammer,667,shaman,enhancement,12,7,5
Spirites,drakthul,667,shaman,enhancement,12,7,5
Orli,aszune,667,shaman,enhancement,18,7,11
Зуфар,howling-fjord,667,shaman,enhancement,18,7,11
Джусипуси,gordunni,665,shaman,enhancement,18,7,11
Shelara,drakthul,658,shaman,enhancement,12,7,5
Фролыч,deathguard,645,shaman,enhancement,23,9,14
Hemradi,blackmoore,638,shaman,enhancement,11,7,4
Tianoele,drakthul,624,shaman,enhancement,9,8,1
Sënz,archimonde,618,shaman,enhancement,22,9,13
Zerodown,outland,614,shaman,enhancement,20,8,12
Skillxdxdxd,outland,608,shaman,enhancement,16,7,9
Перегной,ashenvale,607,shaman,enhancement,22,7,15
Schabapi,blackmoore,606,shaman,enhancement,14,7,7
Rîquetanace,archimonde,576,shaman,enhancement,6,6,0
Silataf,hyjal,576,shaman,enhancement,10,6,4
Proccity,stormscale,576,shaman,enhancement,12,6,6
Thunderhøøf,blackhand,576,shaman,enhancement,12,6,6
Élement,burning-legion,576,shaman,enhancement,12,6,6
Noneedshaman,stormscale,576,shaman,enhancement,12,6,6
Searfang,korgall,576,shaman,enhancement,12,6,6
Thëhêxfäçtør,tarren-mill,576,shaman,enhancement,12,6,6
Burstystorm,stormscale,576,shaman,enhancement,12,6,6
Вайгачи,soulflayer,576,shaman,enhancement,12,6,6
Thunderwill,sanguino,576,shaman,enhancement,12,6,6
Leasysham,antonidas,576,shaman,enhancement,12,6,6
Imotii,burning-legion,576,shaman,enhancement,12,6,6
Povvder,ravencrest,576,shaman,enhancement,12,6,6
Crazo,tarren-mill,576,shaman,enhancement,12,6,6
Degstaerian,ysera,576,shaman,enhancement,12,6,6
Kémar,frostwolf,576,shaman,enhancement,12,6,6
Gruggosh,argent-dawn,576,shaman,enhancement,12,6,6
Kaingar,ravencrest,576,shaman,enhancement,12,6,6
Sebikzap,ravencrest,576,shaman,enhancement,12,6,6
Rodfrugten,draenor,576,shaman,enhancement,12,6,6
Thundersioux,ravencrest,576,shaman,enhancement,12,6,6
Detestable,eredar,576,shaman,enhancement,12,6,6
Isogrind,archimonde,576,shaman,enhancement,12,6,6
Lurtax,outland,576,shaman,enhancement,12,6,6
Штурвальный,blackscar,576,shaman,enhancement,12,6,6
Buffresto,kazzak,576,shaman,enhancement,12,6,6
Sciulz,nemesis,576,shaman,enhancement,12,6,6
Réxor,pozzo-delleternità,576,shaman,enhancement,12,6,6
Obêlixx,blackmoore,576,shaman,enhancement,12,6,6
Bichîk,archimonde,576,shaman,enhancement,12,6,6
Mockingghost,blackmoore,576,shaman,enhancement,12,6,6
Remkoo,blackrock,576,shaman,enhancement,12,6,6
Crazypop,outland,576,shaman,enhancement,12,6,6
ßaßystärz,hyjal,576,shaman,enhancement,12,6,6
Zerak,twisting-nether,576,shaman,enhancement,15,7,8
Haasshaman,ravencrest,576,shaman,enhancement,18,6,12
Rejrax,ravencrest,576,shaman,enhancement,18,6,12
Deadwölf,outland,576,shaman,enhancement,18,6,12
Dagoahgra,sanguino,576,shaman,enhancement,18,6,12
Dökowski,nemesis,576,shaman,enhancement,24,6,18
Çesto,destromath,575,shaman,enhancement,12,6,6
Makotonagano,ravencrest,575,shaman,enhancement,12,6,6
Finni,hyjal,575,shaman,enhancement,12,6,6
Даркнесх,howling-fjord,575,shaman,enhancement,12,6,6
Энхолет,soulflayer,575,shaman,enhancement,12,6,6
Сакмастер,howling-fjord,575,shaman,enhancement,12,6,6
Rink,frostmane,575,shaman,enhancement,12,6,6
Jinzsham,ragnaros,575,shaman,enhancement,12,6,6
Moondei,archimonde,575,shaman,enhancement,12,6,6
Carakh,archimonde,575,shaman,enhancement,12,6,6
Rykarn,eredar,575,shaman,enhancement,15,7,8
Shawnmendes,kazzak,575,shaman,enhancement,15,7,8
Ashgar,drakthul,575,shaman,enhancement,18,6,12
Zows,kazzak,575,shaman,enhancement,18,6,12
Doblir,bloodscalp,575,shaman,enhancement,18,6,12
Saulty,archimonde,575,shaman,enhancement,18,6,12
Yousainlbolt,blackrock,575,shaman,enhancement,24,6,18
Tholatir,silvermoon,575,shaman,enhancement,24,6,18
Zackyboi,tarren-mill,574,shaman,enhancement,12,6,6
Chamaiko,kaelthas,574,shaman,enhancement,18,6,12
Shaxall,draenor,574,shaman,enhancement,18,6,12
Amonshokz,tarren-mill,574,shaman,enhancement,18,6,12
Zuziki,argent-dawn,573,shaman,enhancement,12,6,6
Bubbschock,antonidas,573,shaman,enhancement,12,6,6
Thormyr,dalaran,573,shaman,enhancement,18,6,12
Дядяшаман,gordunni,573,shaman,enhancement,24,6,18
Vainerish,malygos,571,shaman,enhancement,12,6,6
Zeuuss,zuljin,565,shaman,enhancement,12,6,6
Агирук,goldrinn,564,shaman,enhancement,13,6,7
Hurtigtotem,ravencrest,558,shaman,enhancement,15,7,8
Xhahal,hyjal,521,shaman,enhancement,19,7,12
Johnyexe,drakthul,515,shaman,enhancement,14,7,7
Fapmasterz,eredar,511,shaman,enhancement,11,6,5
Guzguzguz,blackhand,511,shaman,enhancement,14,6,8
Eku,illidan,480,shaman,enhancement,6,5,1
Equipshammy,silvermoon,480,shaman,enhancement,6,5,1
Windsòng,stormscale,480,shaman,enhancement,6,5,1
Wooyoungsham,sylvanas,480,shaman,enhancement,6,5,1
Nargaz,burning-legion,480,shaman,enhancement,6,5,1
Drímé,ravencrest,480,shaman,enhancement,6,5,1
Bârtmân,blackmoore,480,shaman,enhancement,6,5,1
Jumborumbo,quelthalas,480,shaman,enhancement,6,5,1
Ðevi,ravencrest,480,shaman,enhancement,6,5,1
Whïtewïdøw,ysondre,480,shaman,enhancement,6,5,1
Genrok,burning-blade,480,shaman,enhancement,6,5,1
Synergizer,kazzak,480,shaman,enhancement,6,5,1
Svetosham,wildhammer,480,shaman,enhancement,6,5,1
Øutfox,silvermoon,480,shaman,enhancement,6,5,1
Seaview,silvermoon,480,shaman,enhancement,6,5,1
Dianshaman,ravencrest,480,shaman,enhancement,10,6,4
Deådwolf,stormscale,480,shaman,enhancement,11,6,5
Ñax,silvermoon,480,shaman,enhancement,12,5,7
Дротчим,soulflayer,480,shaman,enhancement,12,5,7
Hobblefoot,stormscale,480,shaman,enhancement,12,5,7
Galvarod,silvermoon,480,shaman,enhancement,12,5,7
Smorclelx,khadgar,480,shaman,enhancement,12,5,7
Tempóralex,blackhand,480,shaman,enhancement,12,5,7
Lilmarco,stormreaver,480,shaman,enhancement,12,5,7
Laserra,sylvanas,480,shaman,enhancement,12,5,7
Shuyö,kazzak,480,shaman,enhancement,12,5,7
Getahex,draenor,480,shaman,enhancement,12,5,7
Смокдог,razuvious,480,shaman,enhancement,12,5,7
Pank,kazzak,480,shaman,enhancement,12,5,7
Teaboï,hyjal,480,shaman,enhancement,12,5,7
Batan,kazzak,480,shaman,enhancement,12,5,7
Jonnykaye,outland,480,shaman,enhancement,12,5,7
Xssanimo,draenor,480,shaman,enhancement,12,5,7
Эрхус,soulflayer,480,shaman,enhancement,12,5,7
Xoul,aegwynn,480,shaman,enhancement,12,5,7
Grosgourdin,la-croisade-écarlate,480,shaman,enhancement,12,5,7
Duhdelido,ravencrest,480,shaman,enhancement,12,5,7
Zarosh,los-errantes,480,shaman,enhancement,12,5,7
Volcanò,outland,480,shaman,enhancement,12,5,7
Электро,thermaplugg,480,shaman,enhancement,12,5,7
Ацитра,gordunni,480,shaman,enhancement,12,5,7
Lethal,darksorrow,480,shaman,enhancement,12,5,7
Bram,aggra-português,480,shaman,enhancement,12,5,7
Guzz,cthun,480,shaman,enhancement,12,5,7
Thunderpath,ragnaros,480,shaman,enhancement,12,5,7
Åkee,kazzak,480,shaman,enhancement,12,5,7
Hurik,sylvanas,480,shaman,enhancement,12,5,7
Gwout,burning-legion,480,shaman,enhancement,12,5,7
Рэкквием,howling-fjord,480,shaman,enhancement,12,5,7
Feetsniffax,outland,480,shaman,enhancement,12,5,7
Bowtenstorm,ravencrest,480,shaman,enhancement,12,5,7
Xelphia,frostmane,480,shaman,enhancement,12,5,7
Grolifer,archimonde,480,shaman,enhancement,12,5,7
Fiden,drakthul,480,shaman,enhancement,12,5,7
Indan,kazzak,480,shaman,enhancement,18,5,13
Tomberêve,chants-éternels,480,shaman,enhancement,18,5,13
Solverna,der-mithrilorden,480,shaman,enhancement,18,5,13
Hiron,sylvanas,480,shaman,enhancement,18,5,13
Crilath,ysondre,480,shaman,enhancement,18,5,13
Bananaspliit,stormscale,480,shaman,enhancement,18,5,13
Afterlife,alakir,480,shaman,enhancement,18,5,13
Lavalew,lightbringer,480,shaman,enhancement,18,5,13
Johnisplay,tarren-mill,480,shaman,enhancement,18,5,13
Halliane,ysondre,480,shaman,enhancement,24,5,19
Sïlvek,sanguino,480,shaman,enhancement,24,5,19
Brassefrasse,shattered-hand,479,shaman,enhancement,6,5,1
Aznan,burning-legion,479,shaman,enhancement,12,5,7
Chamrøck,hyjal,479,shaman,enhancement,12,5,7
Bullshock,stormreaver,479,shaman,enhancement,12,5,7
Durotansan,ragnaros,479,shaman,enhancement,12,5,7
Grinar,stormreaver,479,shaman,enhancement,18,5,13
Elementarxss,blackmoore,479,shaman,enhancement,18,5,13
Плюювшкафы,ashenvale,479,shaman,enhancement,18,5,13
Kaybiel,magtheridon,478,shaman,enhancement,12,5,7
Asstroy,sanguino,477,shaman,enhancement,6,5,1
Shockdx,dun-modr,463,shaman,enhancement,11,5,6
Zaffyboi,draenor,448,shaman,enhancement,16,5,11
Yarøu,antonidas,448,shaman,enhancement,16,5,11
Ayrá,ulduar,447,shaman,enhancement,8,6,2
Vicinitysham,twisting-nether,447,shaman,enhancement,11,5,6
Monstermunch,ravencrest,432,shaman,enhancement,15,5,10
Warjuice,stormscale,430,shaman,enhancement,11,5,6
Electrical,kazzak,426,shaman,enhancement,15,6,9
Thoreign,burning-legion,415,shaman,enhancement,17,5,12
Luqas,burning-legion,414,shaman,enhancement,8,5,3
Nïà,kaelthas,414,shaman,enhancement,20,5,15
Doomburger,darksorrow,400,shaman,enhancement,7,5,2
Gatraem,drakthul,400,shaman,enhancement,13,5,8
Thoshir,silvermoon,399,shaman,enhancement,5,5,0
Tornado,ravencrest,384,shaman,enhancement,6,4,2
Vullpix,zuljin,384,shaman,enhancement,6,4,2
Pacó,zuluhed,384,shaman,enhancement,6,4,2
Hollowtotem,darkmoon-faire,384,shaman,enhancement,6,4,2
Xalta,eldrethalas,384,shaman,enhancement,6,4,2
Элемуэль,soulflayer,384,shaman,enhancement,6,4,2
Vønhørk,dalaran,384,shaman,enhancement,6,4,2
Taroc,nethersturm,384,shaman,enhancement,6,4,2
Rèxxar,stormscale,384,shaman,enhancement,6,4,2
Kaej,ravencrest,384,shaman,enhancement,6,4,2
Piripolkka,defias-brotherhood,384,shaman,enhancement,6,4,2
Aitch,blackmoore,384,shaman,enhancement,6,4,2
Baldurr,sylvanas,384,shaman,enhancement,6,4,2
Россаврн,galakrond,384,shaman,enhancement,6,4,2
Shialesham,twisting-nether,384,shaman,enhancement,6,4,2
Yeruna,arthas,384,shaman,enhancement,6,4,2
Мистерэнх,soulflayer,384,shaman,enhancement,6,4,2
Procbly,tarren-mill,384,shaman,enhancement,6,4,2
Zenzua,twisting-nether,384,shaman,enhancement,6,4,2
Uhnnas,drakthul,384,shaman,enhancement,6,4,2
Dimno,burning-blade,384,shaman,enhancement,6,4,2
Нийрагонго,gordunni,384,shaman,enhancement,6,4,2
Watchmechoke,twisting-nether,384,shaman,enhancement,6,4,2
Richtigfies,kazzak,384,shaman,enhancement,6,4,2
Burzum,twisting-nether,384,shaman,enhancement,6,4,2
Abordoga,twisting-nether,384,shaman,enhancement,6,4,2
Алимика,deathguard,384,shaman,enhancement,6,4,2
Shamanman,kazzak,384,shaman,enhancement,6,4,2
Hextazy,archimonde,384,shaman,enhancement,6,4,2
Mustabrutus,tarren-mill,384,shaman,enhancement,6,4,2
Drøgøs,dun-modr,384,shaman,enhancement,6,4,2
Lunarsloth,hyjal,384,shaman,enhancement,6,4,2
Hønneyjck,hyjal,384,shaman,enhancement,6,4,2
Blamy,auchindoun,384,shaman,enhancement,6,4,2
Aloeverayo,defias-brotherhood,384,shaman,enhancement,6,4,2
Rage,quelthalas,384,shaman,enhancement,6,4,2
Trünk,arathi,384,shaman,enhancement,6,4,2
Weåfy,outland,384,shaman,enhancement,6,4,2
Олешао,howling-fjord,384,shaman,enhancement,6,4,2
Кууджа,howling-fjord,384,shaman,enhancement,6,4,2
Totems,the-venture-co,384,shaman,enhancement,6,4,2
Ilkim,hyjal,384,shaman,enhancement,6,4,2
Wallachia,ysondre,384,shaman,enhancement,6,4,2
Thornaim,hyjal,384,shaman,enhancement,6,4,2
Lethz,hyjal,384,shaman,enhancement,6,4,2
Szzk,kazzak,384,shaman,enhancement,9,5,4
Izaro,blackmoore,384,shaman,enhancement,15,5,10
Courtney,sylvanas,384,shaman,enhancement,12,4,8
Rîzza,blackmoore,384,shaman,enhancement,12,4,8
Abdegor,burning-legion,384,shaman,enhancement,12,4,8
Sheldoww,tarren-mill,384,shaman,enhancement,12,4,8
Дюнволкер,razuvious,384,shaman,enhancement,12,4,8
Türak,tarren-mill,384,shaman,enhancement,12,4,8
Waterboi,blackmoore,384,shaman,enhancement,12,4,8
Beefythunder,draenor,384,shaman,enhancement,12,4,8
Danthesham,draenor,384,shaman,enhancement,12,4,8
Claodze,stormscale,384,shaman,enhancement,12,4,8
Kiwanuká,draenor,384,shaman,enhancement,12,4,8
Enzjé,blackrock,384,shaman,enhancement,12,4,8
Votie,tarren-mill,384,shaman,enhancement,12,4,8
Jaéto,ravencrest,384,shaman,enhancement,12,4,8
Nagyrakéta,ragnaros,384,shaman,enhancement,12,4,8
Powder,tichondrius,384,shaman,enhancement,12,4,8
Мэлтем,soulflayer,384,shaman,enhancement,12,4,8
Klamen,kazzak,384,shaman,enhancement,12,4,8
Shôcopan,los-errantes,384,shaman,enhancement,12,4,8
Sfeerá,burning-legion,384,shaman,enhancement,12,4,8
Hexbeforesex,kazzak,384,shaman,enhancement,12,4,8
Cptcutíe,antonidas,384,shaman,enhancement,12,4,8
Tetóm,draenor,384,shaman,enhancement,12,4,8
Sicknu,eredar,384,shaman,enhancement,12,4,8
Blixtnedslag,shattered-hand,384,shaman,enhancement,12,4,8
Крепуксх,soulflayer,384,shaman,enhancement,12,4,8
Vasuman,khaz-modan,384,shaman,enhancement,12,4,8
Sourens,twisting-nether,384,shaman,enhancement,12,4,8
Kayalii,silvermoon,384,shaman,enhancement,12,4,8
Purgérkíng,silvermoon,384,shaman,enhancement,12,4,8
Sgbich,khaz-modan,384,shaman,enhancement,12,4,8
Yasunari,sanguino,384,shaman,enhancement,18,4,14
Wkretarka,burning-legion,384,shaman,enhancement,18,4,14
Derryo,silvermoon,384,shaman,enhancement,18,4,14
Goblaman,pozzo-delleternità,383,shaman,enhancement,6,4,2
Shafallen,tarren-mill,383,shaman,enhancement,6,4,2
Carnágé,blackrock,383,shaman,enhancement,6,4,2
Wolkano,zuljin,383,shaman,enhancement,10,5,5
Hightotem,sanguino,383,shaman,enhancement,12,4,8
Châmanco,dun-modr,383,shaman,enhancement,12,4,8
Olayan,zenedar,383,shaman,enhancement,12,4,8
Аеесо,gordunni,383,shaman,enhancement,12,4,8
Ftp,archimonde,383,shaman,enhancement,12,4,8
Rioshammy,kazzak,383,shaman,enhancement,14,4,10
Diamantiá,die-aldor,383,shaman,enhancement,18,4,14
Blutshock,zuluhed,382,shaman,enhancement,12,4,8
Nalàar,hyjal,368,shaman,enhancement,11,6,5
Magram,darksorrow,351,shaman,enhancement,17,4,13
Сюсуй,blackscar,336,shaman,enhancement,9,4,5
Kkthxbb,aegwynn,336,shaman,enhancement,9,4,5
Piaoliang,ravencrest,336,shaman,enhancement,9,4,5
Akash,culte-de-la-rive-noire,336,shaman,enhancement,15,4,11
Chapox,alleria,319,shaman,enhancement,5,4,1
Macchiavelli,blades-edge,319,shaman,enhancement,8,4,4
Mooshock,balnazzar,319,shaman,enhancement,14,4,10
Кулутхе,soulflayer,288,shaman,enhancement,6,3,3
Namos,aegwynn,288,shaman,enhancement,6,3,3
Мэлик,howling-fjord,288,shaman,enhancement,6,3,3
Bôdaway,antonidas,288,shaman,enhancement,6,3,3
Eurøz,archimonde,288,shaman,enhancement,6,3,3
Totoostoy,burning-legion,288,shaman,enhancement,6,3,3
Nëllaqt,archimonde,288,shaman,enhancement,6,3,3
Lapürge,archimonde,288,shaman,enhancement,6,3,3
Нерфшок,gordunni,288,shaman,enhancement,6,3,3
Malcolmhex,ysondre,288,shaman,enhancement,6,3,3
Lothepus,balnazzar,288,shaman,enhancement,6,3,3
Тотембот,soulflayer,288,shaman,enhancement,6,3,3
Имфеллиар,howling-fjord,288,shaman,enhancement,6,3,3
Magosh,blackmoore,288,shaman,enhancement,6,3,3
Varion,tichondrius,288,shaman,enhancement,6,3,3
Moebius,hellscream,288,shaman,enhancement,6,3,3
Hansdieter,antonidas,288,shaman,enhancement,6,3,3
Yerlas,burning-legion,288,shaman,enhancement,6,3,3
Рокутаро,gordunni,288,shaman,enhancement,6,3,3
Spørc,ragnaros,288,shaman,enhancement,6,3,3
Làvagdx,archimonde,288,shaman,enhancement,6,3,3
Venterlofeu,archimonde,288,shaman,enhancement,6,3,3
Thørÿm,archimonde,288,shaman,enhancement,6,3,3
Skanda,frostwolf,288,shaman,enhancement,6,3,3
Tarzh,dalaran,288,shaman,enhancement,6,3,3
Hystérik,chogall,288,shaman,enhancement,6,3,3
Surge,darksorrow,288,shaman,enhancement,6,3,3
Shoewalker,ragnaros,288,shaman,enhancement,6,3,3
Xesti,twisting-nether,288,shaman,enhancement,6,3,3
Sodor,laughing-skull,288,shaman,enhancement,6,3,3
Ønlýsîn,eredar,288,shaman,enhancement,6,3,3
Vøda,twisting-nether,288,shaman,enhancement,6,3,3
Неутолимыйх,blackscar,288,shaman,enhancement,6,3,3
Läzy,sanguino,288,shaman,enhancement,6,3,3
Burstboy,tarren-mill,288,shaman,enhancement,6,3,3
Lilkazamm,blackrock,288,shaman,enhancement,6,3,3
Xfiles,garona,288,shaman,enhancement,6,3,3
Odelagga,sylvanas,288,shaman,enhancement,6,3,3
Ostbumsdirne,stormscale,288,shaman,enhancement,6,3,3
Millesabords,dun-morogh,288,shaman,enhancement,6,3,3
Povecategla,grim-batol,288,shaman,enhancement,6,3,3
Tidalflow,stormscale,288,shaman,enhancement,6,3,3
Хулн,gordunni,288,shaman,enhancement,6,3,3
Wûcs,silvermoon,288,shaman,enhancement,6,3,3
Uomae,dun-modr,288,shaman,enhancement,6,3,3
Kreyly,der-mithrilorden,288,shaman,enhancement,6,3,3
Vainzxsham,ravencrest,288,shaman,enhancement,6,3,3
Ñtk,dun-modr,288,shaman,enhancement,6,3,3
Yacuzwerg,blackrock,288,shaman,enhancement,6,3,3
Borbor,argent-dawn,288,shaman,enhancement,6,3,3
Vaexi,doomhammer,288,shaman,enhancement,6,3,3
Berzærker,ravencrest,288,shaman,enhancement,6,3,3
Thorbjörne,ravencrest,288,shaman,enhancement,6,3,3
Vyzeries,silvermoon,288,shaman,enhancement,6,3,3
Cakedeux,grim-batol,288,shaman,enhancement,6,3,3
Chrisbrownx,outland,288,shaman,enhancement,6,3,3
Groundedx,ravencrest,288,shaman,enhancement,6,3,3
Bluemyst,outland,288,shaman,enhancement,6,3,3
Fairgewalt,blackhand,288,shaman,enhancement,6,3,3
Daubidaubi,kazzak,288,shaman,enhancement,6,3,3
Foxfyre,tarren-mill,288,shaman,enhancement,6,3,3
Freekster,die-ewige-wacht,288,shaman,enhancement,6,3,3
Erscreamiko,zuljin,288,shaman,enhancement,6,3,3
Azagtoth,tarren-mill,288,shaman,enhancement,6,3,3
Nightmurpf,defias-brotherhood,288,shaman,enhancement,6,3,3
Pelicius,sanguino,288,shaman,enhancement,6,3,3
Demonshamy,silvermoon,288,shaman,enhancement,6,3,3
Neterö,la-croisade-écarlate,288,shaman,enhancement,6,3,3
Zerwurster,thrall,288,shaman,enhancement,6,3,3
Wfgoesbrbr,blackrock,288,shaman,enhancement,6,3,3
Weltr,drakthul,288,shaman,enhancement,6,3,3
Ragnarspung,kazzak,288,shaman,enhancement,6,3,3
Karazrok,draenor,288,shaman,enhancement,6,3,3
Samyishamy,tarren-mill,288,shaman,enhancement,6,3,3
Zahadumia,blackrock,288,shaman,enhancement,6,3,3
Ccedtodeath,sylvanas,288,shaman,enhancement,6,3,3
Ednard,silvermoon,288,shaman,enhancement,6,3,3
Zokah,emeriss,288,shaman,enhancement,6,3,3
Ujasdaddy,stormscale,288,shaman,enhancement,6,3,3
Håõkåh,hyjal,288,shaman,enhancement,6,3,3
Stormess,zuljin,288,shaman,enhancement,6,3,3
Omnivamp,kazzak,288,shaman,enhancement,6,3,3
Saro,destromath,288,shaman,enhancement,6,3,3
Gamalimbo,tarren-mill,288,shaman,enhancement,6,3,3
Wakoteh,quelthalas,288,shaman,enhancement,6,3,3
Whyisitspicy,kazzak,288,shaman,enhancement,6,3,3
Renjín,tarren-mill,288,shaman,enhancement,6,3,3
Nojiko,blackrock,288,shaman,enhancement,6,3,3
Kulho,stormscale,288,shaman,enhancement,6,3,3
Kemurus,kazzak,288,shaman,enhancement,6,3,3
Айбьорн,gordunni,288,shaman,enhancement,6,3,3
Kafese,uldaman,288,shaman,enhancement,6,3,3
Happyfart,thrall,288,shaman,enhancement,9,3,6
Georgewhat,defias-brotherhood,288,shaman,enhancement,12,3,9
Æskalatiøn,aegwynn,288,shaman,enhancement,12,3,9
Titiprosop,stormscale,288,shaman,enhancement,12,3,9
Занги,soulflayer,288,shaman,enhancement,12,3,9
Areiyla,silvermoon,288,shaman,enhancement,12,3,9
Sturmfürsti,antonidas,288,shaman,enhancement,12,3,9
Shambamty,thrall,288,shaman,enhancement,12,3,9
Kappatotem,silvermoon,288,shaman,enhancement,12,3,9
Dastarus,archimonde,288,shaman,enhancement,12,3,9
Korbas,burning-legion,288,shaman,enhancement,12,3,9
Maybeyes,twisting-nether,288,shaman,enhancement,12,3,9
Maino,archimonde,288,shaman,enhancement,12,3,9
Hurbi,twisting-nether,288,shaman,enhancement,12,3,9
Talgru,aegwynn,288,shaman,enhancement,12,3,9
Bonestompamc,blackmoore,288,shaman,enhancement,12,3,9
Teldathree,archimonde,288,shaman,enhancement,12,3,9
Satishamz,ravencrest,288,shaman,enhancement,12,3,9
Lorthargol,chamber-of-aspects,288,shaman,enhancement,12,3,9
Garash,draenor,288,shaman,enhancement,12,3,9
Avattar,twisting-nether,288,shaman,enhancement,12,3,9
Suaaktt,tyrande,288,shaman,enhancement,12,3,9
Сторниер,howling-fjord,288,shaman,enhancement,12,3,9
Brunütansol,sylvanas,288,shaman,enhancement,12,3,9
Kobzol,draenor,288,shaman,enhancement,12,3,9
Лорикок,grom,288,shaman,enhancement,18,3,15
Trotzig,aegwynn,287,shaman,enhancement,6,3,3
Kuhjo,malganis,287,shaman,enhancement,6,3,3
Nothìnto,pozzo-delleternità,287,shaman,enhancement,6,3,3
Heliosz,stormscale,287,shaman,enhancement,6,3,3
Óõ,dun-modr,287,shaman,enhancement,6,3,3
Slappybag,ravencrest,287,shaman,enhancement,6,3,3
Стакок,soulflayer,287,shaman,enhancement,6,3,3
Heshamman,kazzak,256,shaman,enhancement,16,3,13
Jehae,archimonde,239,shaman,enhancement,5,3,2
Kaátori,eredar,239,shaman,enhancement,5,3,2
Джертик,howling-fjord,232,shaman,enhancement,12,4,8
Nefasti,stormscale,223,shaman,enhancement,8,3,5
Runfromme,kazzak,223,shaman,enhancement,8,3,5
Styxsm,blackhand,208,shaman,enhancement,7,3,4
Iloveléa,ravencrest,192,shaman,enhancement,6,2,4
Shalý,antonidas,192,shaman,enhancement,6,2,4
Türzumachen,outland,192,shaman,enhancement,6,2,4
Nìtratx,archimonde,192,shaman,enhancement,6,2,4
Museum,khaz-modan,192,shaman,enhancement,6,2,4
Lokkrag,archimonde,192,shaman,enhancement,6,2,4
Wurrzág,outland,192,shaman,enhancement,6,2,4
Törque,sanguino,192,shaman,enhancement,6,2,4
Nicocage,draenor,192,shaman,enhancement,6,2,4
Volkar,auchindoun,192,shaman,enhancement,6,2,4
Dykumlol,sanguino,192,shaman,enhancement,6,2,4
Xharnel,defias-brotherhood,192,shaman,enhancement,6,2,4
Oprawinfury,ravencrest,192,shaman,enhancement,6,2,4
Stiflersmôm,antonidas,192,shaman,enhancement,6,2,4
Starik,ravencrest,192,shaman,enhancement,6,2,4
Turbinká,burning-legion,192,shaman,enhancement,6,2,4
Rúnar,proudmoore,192,shaman,enhancement,6,2,4
Fufupartyxx,blackrock,192,shaman,enhancement,6,2,4
Destroilleur,archimonde,192,shaman,enhancement,6,2,4
Cleptocracy,draenor,192,shaman,enhancement,6,2,4
Miscoj,zuljin,192,shaman,enhancement,6,2,4
Wertu,ragnaros,192,shaman,enhancement,6,2,4
Какашисан,howling-fjord,192,shaman,enhancement,6,2,4
Bladeyx,ragnaros,192,shaman,enhancement,6,2,4
Zulzur,zuljin,192,shaman,enhancement,6,2,4
Bonethugdex,bladefist,192,shaman,enhancement,6,2,4
Cracklord,outland,192,shaman,enhancement,6,2,4
Shamtime,aegwynn,192,shaman,enhancement,6,2,4
Vaalè,aegwynn,192,shaman,enhancement,6,2,4
Cptnbbl,blackmoore,192,shaman,enhancement,6,2,4
Wayoa,defias-brotherhood,192,shaman,enhancement,6,2,4
Savan,darkspear,192,shaman,enhancement,6,2,4
Elementhor,archimonde,192,shaman,enhancement,6,2,4
Ogshaman,archimonde,192,shaman,enhancement,6,2,4
Dalgorr,magtheridon,192,shaman,enhancement,6,2,4
Restmuell,blackmoore,192,shaman,enhancement,6,2,4
Грушовыйторт,howling-fjord,192,shaman,enhancement,6,2,4
Soozkovic,blackmoore,192,shaman,enhancement,6,2,4
Pulvêrizêr,agamaggan,192,shaman,enhancement,6,2,4
Shámyé,silvermoon,192,shaman,enhancement,6,2,4
Totemeistér,silvermoon,192,shaman,enhancement,6,2,4
Зултира,gordunni,192,shaman,enhancement,6,2,4
Argomir,kazzak,192,shaman,enhancement,6,2,4
Palarins,dalaran,192,shaman,enhancement,6,2,4
Schamikraut,silvermoon,192,shaman,enhancement,6,2,4
Kwitnac,silvermoon,192,shaman,enhancement,6,2,4
Yompo,archimonde,192,shaman,enhancement,6,2,4
Urshak,alleria,192,shaman,enhancement,6,2,4
Holybrolyy,malfurion,192,shaman,enhancement,6,2,4
Orcazm,argent-dawn,192,shaman,enhancement,6,2,4
Kaptt,twisting-nether,192,shaman,enhancement,6,2,4
Spiritualx,argent-dawn,192,shaman,enhancement,6,2,4
Zenjo,the-maelstrom,192,shaman,enhancement,6,2,4
Mycameltotem,ravencrest,192,shaman,enhancement,6,2,4
Dogfrog,silvermoon,192,shaman,enhancement,6,2,4
Råkk,argent-dawn,192,shaman,enhancement,6,2,4
Gundsthunder,ravencrest,192,shaman,enhancement,6,2,4
Peeupeeu,silvermoon,192,shaman,enhancement,6,2,4
Bennycooch,silvermoon,192,shaman,enhancement,6,2,4
Bizsham,ravencrest,192,shaman,enhancement,6,2,4
Hugzy,argent-dawn,192,shaman,enhancement,6,2,4
Søló,stormscale,192,shaman,enhancement,6,2,4
Snapbábe,blackmoore,192,shaman,enhancement,6,2,4
Diya,karazhan,192,shaman,enhancement,6,2,4
Tapatak,antonidas,192,shaman,enhancement,6,2,4
Shocknrun,sylvanas,192,shaman,enhancement,6,2,4
Stormcaster,argent-dawn,192,shaman,enhancement,6,2,4
Skullføck,argent-dawn,192,shaman,enhancement,6,2,4
Wàve,stormscale,192,shaman,enhancement,6,2,4
Moropaskoil,ravencrest,192,shaman,enhancement,6,2,4
Shamalamadi,ragnaros,192,shaman,enhancement,6,2,4
Ольтез,gordunni,192,shaman,enhancement,6,2,4
Родохрозид,blackscar,192,shaman,enhancement,6,2,4
Tâw,blackhand,192,shaman,enhancement,6,2,4
Santy,silvermoon,192,shaman,enhancement,6,2,4
Yezu,medivh,192,shaman,enhancement,6,2,4
Ðøminantx,stormscale,192,shaman,enhancement,6,2,4
Khon,eredar,192,shaman,enhancement,6,2,4
Keysersozey,zuluhed,192,shaman,enhancement,6,2,4
Clappagobzz,kazzak,192,shaman,enhancement,6,2,4
Pewz,twilights-hammer,192,shaman,enhancement,6,2,4
Aubesombre,dalaran,192,shaman,enhancement,6,2,4
Acces,stormscale,192,shaman,enhancement,6,2,4
Pandafightin,stormscale,192,shaman,enhancement,6,2,4
Mmrpurge,twisting-nether,192,shaman,enhancement,6,2,4
Azzizael,chamber-of-aspects,192,shaman,enhancement,6,2,4
Bólterz,twisting-nether,192,shaman,enhancement,6,2,4
Sgf,stormscale,192,shaman,enhancement,6,2,4
Gaerth,aggramar,192,shaman,enhancement,6,2,4
Дортманшам,gordunni,192,shaman,enhancement,6,2,4
Снюсн,blackscar,192,shaman,enhancement,6,2,4
Ctrlv,blackhand,192,shaman,enhancement,6,2,4
Asijha,drakthul,192,shaman,enhancement,6,2,4
Mahoni,malganis,192,shaman,enhancement,6,2,4
Thunderstørm,chogall,192,shaman,enhancement,6,2,4
Shoar,twisting-nether,192,shaman,enhancement,6,2,4
Пончо,booty-bay,192,shaman,enhancement,6,2,4
Shiggenbasta,kazzak,192,shaman,enhancement,6,2,4
Haugren,eredar,192,shaman,enhancement,6,2,4
Asmat,pozzo-delleternità,192,shaman,enhancement,6,2,4
Трупелмен,soulflayer,192,shaman,enhancement,6,2,4
Louvreparis,frostwolf,192,shaman,enhancement,6,2,4
Эверви,gordunni,192,shaman,enhancement,6,2,4
Бьерн,deepholm,192,shaman,enhancement,6,2,4
Bloodfist,drakthul,192,shaman,enhancement,6,2,4
Zelenchovek,kazzak,192,shaman,enhancement,6,2,4
Elé,ravenholdt,192,shaman,enhancement,6,2,4
Lovros,kazzak,192,shaman,enhancement,6,2,4
Denastyo,nemesis,192,shaman,enhancement,6,2,4
Schamitwo,twisting-nether,192,shaman,enhancement,6,2,4
Cuchullaín,blackmoore,192,shaman,enhancement,6,2,4
Ironkin,tarren-mill,192,shaman,enhancement,6,2,4
Peaksh,stormscale,192,shaman,enhancement,6,2,4
Thoráck,stormscale,192,shaman,enhancement,6,2,4
Pakasschami,frostwolf,192,shaman,enhancement,6,2,4
Vorkanyx,ysondre,192,shaman,enhancement,7,2,5
Shamrøck,stormscale,192,shaman,enhancement,10,2,8
Zugzugdwarf,ravencrest,192,shaman,enhancement,11,2,9
Veeq,ravencrest,192,shaman,enhancement,12,2,10
Lolphobia,ravencrest,192,shaman,enhancement,12,2,10
Xpv,silvermoon,192,shaman,enhancement,12,2,10
Cudderisback,blackmoore,192,shaman,enhancement,12,2,10
Shÿmä,dalaran,192,shaman,enhancement,12,2,10
Khakazis,ravencrest,192,shaman,enhancement,12,2,10
Pachamane,archimonde,192,shaman,enhancement,12,2,10
Elsassi,ravencrest,192,shaman,enhancement,12,2,10
Dérgérät,blackrock,192,shaman,enhancement,12,2,10
Stormstriker,arathor,192,shaman,enhancement,12,2,10
Kohzen,outland,192,shaman,enhancement,12,2,10
Borindor,silvermoon,192,shaman,enhancement,12,2,10
Zarakuda,magtheridon,192,shaman,enhancement,12,2,10
Arkkain,burning-legion,191,shaman,enhancement,6,2,4
Tangragmg,runetotem,191,shaman,enhancement,18,2,16
Entrecoté,blackmoore,160,shaman,enhancement,10,2,8
Nuao,perenolde,138,shaman,enhancement,9,3,6
Theshame,ravencrest,128,shaman,enhancement,4,2,2
Kraksham,ravencrest,128,shaman,enhancement,4,2,2
Bux,khaz-modan,127,shaman,enhancement,10,2,8
Bambustic,kazzak,96,shaman,enhancement,6,1,5
Celeby,nemesis,96,shaman,enhancement,6,1,5
Nabo,archimonde,96,shaman,enhancement,6,1,5
Preshear,twisting-nether,96,shaman,enhancement,6,1,5
Sigmaz,twisting-nether,96,shaman,enhancement,6,1,5
Winiepuuh,antonidas,96,shaman,enhancement,6,1,5
Mikecrybaby,tarren-mill,96,shaman,enhancement,6,1,5
Ailsi,draenor,96,shaman,enhancement,6,1,5
Epicoverlord,tarren-mill,96,shaman,enhancement,6,1,5
Shaulic,ravencrest,96,shaman,enhancement,6,1,5
Leetajz,dunemaul,96,shaman,enhancement,6,1,5
Loatrox,eredar,96,shaman,enhancement,6,1,5
Patateatotem,archimonde,96,shaman,enhancement,6,1,5
Überstorm,kazzak,96,shaman,enhancement,6,1,5
Shaamz,tarren-mill,96,shaman,enhancement,6,1,5
Xhøxy,outland,96,shaman,enhancement,6,1,5
Lawdjeezes,draenor,96,shaman,enhancement,6,1,5
Чаиро,howling-fjord,96,shaman,enhancement,6,1,5
Sixinchwilly,outland,96,shaman,enhancement,6,1,5
Shåmssagat,kazzak,96,shaman,enhancement,6,1,5
Vladraxes,draenor,96,shaman,enhancement,6,1,5
Rækwon,tarren-mill,96,shaman,enhancement,6,1,5
Sgroppino,stormscale,96,shaman,enhancement,6,1,5
Shøckz,azjolnerub,96,shaman,enhancement,6,1,5
Hóonda,twisting-nether,96,shaman,enhancement,6,1,5
Pwccey,drakthul,96,shaman,enhancement,6,1,5
Arethousa,silvermoon,96,shaman,enhancement,6,1,5
Limutsis,twilights-hammer,96,shaman,enhancement,6,1,5
Invòkèr,kazzak,96,shaman,enhancement,6,1,5
Gotreck,zuljin,96,shaman,enhancement,6,1,5
Yeah,emeriss,96,shaman,enhancement,6,1,5
Vhert,twisting-nether,96,shaman,enhancement,6,1,5
Grabmytotemz,tarren-mill,96,shaman,enhancement,6,1,5
Sekane,archimonde,96,shaman,enhancement,6,1,5
Urubus,kazzak,96,shaman,enhancement,6,1,5
Malabestia,archimonde,96,shaman,enhancement,6,1,5
Hazles,ragnaros,96,shaman,enhancement,6,1,5
Gschmack,blackrock,96,shaman,enhancement,6,1,5
Élémentyum,archimonde,96,shaman,enhancement,6,1,5
Xtremeshaman,blackmoore,96,shaman,enhancement,6,1,5
Cryptotem,ragnaros,96,shaman,enhancement,6,1,5
Ghaargrim,tarren-mill,96,shaman,enhancement,6,1,5
Thundereater,blackmoore,96,shaman,enhancement,6,1,5
Tosaá,antonidas,96,shaman,enhancement,6,1,5
Gewieft,azshara,96,shaman,enhancement,6,1,5
Takenq,stormscale,96,shaman,enhancement,6,1,5
Daguvner,stormscale,96,shaman,enhancement,6,1,5
Shockqt,todeswache,96,shaman,enhancement,6,1,5
Hí,bronzebeard,96,shaman,enhancement,6,1,5
Porthex,kazzak,96,shaman,enhancement,6,1,5
Keshinio,archimonde,96,shaman,enhancement,6,1,5
Woiz,ragnaros,96,shaman,enhancement,6,1,5
Zoogang,ragnaros,96,shaman,enhancement,6,1,5
Thoranis,kazzak,96,shaman,enhancement,6,1,5
Nas,the-maelstrom,96,shaman,enhancement,6,1,5
Criæ,blackrock,96,shaman,enhancement,6,1,5
Hollster,moonglade,96,shaman,enhancement,6,1,5
Amarök,nerzhul,96,shaman,enhancement,6,1,5
Zoélement,nerzhul,96,shaman,enhancement,6,1,5
Casarú,arthas,96,shaman,enhancement,6,1,5
Разодран,gordunni,96,shaman,enhancement,6,1,5
Импфаразел,gordunni,96,shaman,enhancement,6,1,5
Ramuthra,sanguino,96,shaman,enhancement,6,1,5
Maskinett,stormscale,96,shaman,enhancement,6,1,5
Trokag,hyjal,96,shaman,enhancement,6,1,5
Eneel,blackmoore,96,shaman,enhancement,6,1,5
Ragnadim,silvermoon,96,shaman,enhancement,6,1,5
Lamarrus,malganis,96,shaman,enhancement,6,1,5
Сирибериешка,soulflayer,96,shaman,enhancement,6,1,5
Харно,gordunni,96,shaman,enhancement,6,1,5
Цукерок,soulflayer,96,shaman,enhancement,6,1,5
Stòrm,ravencrest,96,shaman,enhancement,6,1,5
Kónna,darksorrow,96,shaman,enhancement,6,1,5
Goldhand,ravencrest,96,shaman,enhancement,6,1,5
Jambie,bloodfeather,96,shaman,enhancement,6,1,5
Freexx,aegwynn,96,shaman,enhancement,8,1,7
Дваллинн,gordunni,96,shaman,enhancement,11,1,10
Nervuus,burning-legion,96,shaman,enhancement,12,1,11
Hokaji,tarren-mill,96,shaman,enhancement,12,1,11
Ymiras,argent-dawn,96,shaman,enhancement,12,1,11
Хэллшам,howling-fjord,96,shaman,enhancement,12,1,11
Sÿfrôw,hyjal,96,shaman,enhancement,12,1,11
Эншам,blackscar,96,shaman,enhancement,12,1,11
Volgue,kaelthas,96,shaman,enhancement,12,1,11
Swípzy,ravencrest,79,shaman,enhancement,5,1,4
Jacklupin,ravencrest,79,shaman,enhancement,5,1,4
Choltaj,burning-legion,79,shaman,enhancement,7,1,6
Malizious,ravencrest,63,shaman,enhancement,2,2,0
Biggie,pozzo-delleternità,48,shaman,enhancement,3,1,2
Daboo,the-venture-co,48,shaman,enhancement,3,1,2
Wenesday,ysondre,48,shaman,enhancement,3,1,2
Rký,outland,48,shaman,enhancement,3,1,2
Карбонатрикс,soulflayer,48,shaman,enhancement,12,3,9
Адскийсон,gordunni,42,shaman,enhancement,9,2,7
Klât,archimonde,42,shaman,enhancement,11,2,9
Aleshade,argent-dawn,31,shaman,enhancement,2,1,1
Dotjürgen,blackrock,2349,warlock,demonology,152,86,66
Skillførçé,kazzak,2343,warlock,demonology,72,49,23
Voldby,kazzak,2292,warlock,demonology,87,49,38
Kimkold,twisting-nether,2276,warlock,demonology,150,88,62
Aköyh,kazzak,2233,warlock,demonology,112,71,41
Dispeluapls,blackmoore,2214,warlock,demonology,114,61,53
Rikkërt,draenor,2207,warlock,demonology,89,49,40
Pogbõss,kazzak,2191,warlock,demonology,240,124,116
Амеаль,eversong,2181,warlock,demonology,369,193,176
Млечный,blackscar,2179,warlock,demonology,291,153,138
Whøknøws,twisting-nether,2176,warlock,demonology,84,45,39
Cònq,tarren-mill,2175,warlock,demonology,90,50,40
Tuskawl,stormreaver,2173,warlock,demonology,97,55,42
Rumour,sunstrider,2173,warlock,demonology,90,47,43
Jimboneutron,stormscale,2171,warlock,demonology,59,34,25
Thardik,azuremyst,2163,warlock,demonology,126,68,58
Nayolana,argent-dawn,2156,warlock,demonology,90,55,35
Ogrez,nemesis,2151,warlock,demonology,113,58,55
Neverfearjk,aegwynn,2140,warlock,demonology,74,53,21
Onlylock,outland,2139,warlock,demonology,102,59,43
Shablagoo,twisting-nether,2134,warlock,demonology,132,75,57
Sad,lightnings-blade,2134,warlock,demonology,184,100,84
Firochektro,ravencrest,2131,warlock,demonology,99,54,45
Maintarget,blackrock,2130,warlock,demonology,171,91,80
Dæhli,argent-dawn,2128,warlock,demonology,132,69,63
Favorizlmp,archimonde,2123,warlock,demonology,107,74,33
Smdtwo,drakthul,2123,warlock,demonology,125,67,58
Setyouinfear,ravencrest,2122,warlock,demonology,112,64,48
Сильвиос,howling-fjord,2122,warlock,demonology,135,72,63
Lankycheese,kazzak,2121,warlock,demonology,83,46,37
Wspolnax,ravencrest,2119,warlock,demonology,72,41,31
Syntaxzwo,blackmoore,2116,warlock,demonology,78,44,34
Locktrainer,tarren-mill,2116,warlock,demonology,313,157,156
Dotyboi,tarren-mill,2115,warlock,demonology,72,44,28
Supergeîl,blackrock,2112,warlock,demonology,71,38,33
Xerkh,thrall,2111,warlock,demonology,78,43,35
Krøl,nemesis,2110,warlock,demonology,66,40,26
Dhärc,sanguino,2107,warlock,demonology,84,48,36
Malddog,turalyon,2103,warlock,demonology,108,61,47
Syntax,blackmoore,2102,warlock,demonology,102,52,50
Britneÿ,stormscale,2096,warlock,demonology,90,46,44
Smaúg,archimonde,2093,warlock,demonology,211,107,104
Purplemonkey,burning-blade,2086,warlock,demonology,86,47,39
Ambitions,hyjal,2078,warlock,demonology,165,85,80
Anthh,doomhammer,2076,warlock,demonology,66,36,30
Alotami,frostwolf,2073,warlock,demonology,63,39,24
Kikeriki,blackhand,2068,warlock,demonology,71,38,33
Bibiflexberg,eredar,2060,warlock,demonology,53,33,20
Zezo,stormscale,2059,warlock,demonology,65,42,23
Firochek,ravencrest,2054,warlock,demonology,90,47,43
Nyotu,antonidas,2052,warlock,demonology,78,39,39
Synthiax,silvermoon,2051,warlock,demonology,102,57,45
Zehirisalari,twisting-nether,2027,warlock,demonology,78,44,34
Cørpse,burning-legion,2019,warlock,demonology,118,65,53
Jackyfalls,blackmoore,2018,warlock,demonology,84,50,34
Capsloq,la-croisade-écarlate,2017,warlock,demonology,90,48,42
Ðïÿëñbïëñfüû,suramar,2014,warlock,demonology,147,75,72
ßualock,sylvanas,2010,warlock,demonology,66,37,29
Easycheasy,ravencrest,2008,warlock,demonology,54,32,22
Wârlðck,twisting-nether,2004,warlock,demonology,78,49,29
Désolaté,kazzak,2004,warlock,demonology,59,36,23
Хаосболик,gordunni,2002,warlock,demonology,84,45,39
Raspalakuja,kazzak,2002,warlock,demonology,66,32,34
Конидэмико,blackscar,2001,warlock,demonology,95,44,51
Ffpiiras,dunemaul,1999,warlock,demonology,131,67,64
Jawoxoxo,rexxar,1983,warlock,demonology,66,32,34
Blackdog,argent-dawn,1982,warlock,demonology,99,49,50
Dharc,dun-modr,1980,warlock,demonology,42,30,12
Droguri,darkspear,1973,warlock,demonology,131,78,53
Badapow,stormscale,1971,warlock,demonology,54,29,25
Gattlingan,eredar,1970,warlock,demonology,72,47,25
Адво,howling-fjord,1968,warlock,demonology,71,37,34
Rïñ,ravencrest,1968,warlock,demonology,60,28,32
Аоепампгодх,howling-fjord,1967,warlock,demonology,36,24,12
Помечте,soulflayer,1967,warlock,demonology,142,74,68
Slockoló,ragnaros,1967,warlock,demonology,84,37,47
Ишла,gordunni,1959,warlock,demonology,77,41,36
Khavar,antonidas,1957,warlock,demonology,88,50,38
Britneý,stormscale,1957,warlock,demonology,166,80,86
Blacklock,argent-dawn,1955,warlock,demonology,84,49,35
Neinbosa,tarren-mill,1955,warlock,demonology,78,41,37
Infïnitýx,silvermoon,1949,warlock,demonology,67,42,25
Онлидемон,gordunni,1946,warlock,demonology,56,33,23
Dabezdwl,outland,1943,warlock,demonology,96,53,43
Ägony,blackrock,1942,warlock,demonology,60,36,24
Bonnieparkêr,onyxia,1938,warlock,demonology,54,28,26
Koldarr,blackmoore,1936,warlock,demonology,66,39,27
Malowix,outland,1936,warlock,demonology,66,33,33
Mty,bronze-dragonflight,1935,warlock,demonology,87,48,39
Xenastro,silvermoon,1932,warlock,demonology,72,39,33
Дьяволзаплач,howling-fjord,1930,warlock,demonology,72,39,33
Apple,scarshield-legion,1930,warlock,demonology,133,69,64
Djmäkish,outland,1929,warlock,demonology,54,28,26
Keybump,outland,1927,warlock,demonology,102,64,38
Stankaemayne,blackhand,1927,warlock,demonology,61,35,26
Cuteyess,shadowsong,1926,warlock,demonology,66,35,31
Lokmonji,perenolde,1923,warlock,demonology,60,34,26
Фламмэнх,soulflayer,1920,warlock,demonology,49,28,21
Zerulian,ragnaros,1920,warlock,demonology,90,50,40
Vultzbolt,draenor,1920,warlock,demonology,66,36,30
Арон,soulflayer,1920,warlock,demonology,59,31,28
Nunhesh,defias-brotherhood,1918,warlock,demonology,71,38,33
Makkez,outland,1917,warlock,demonology,42,26,16
Инфезиус,deathweaver,1917,warlock,demonology,106,58,48
Тьмазвёздная,gordunni,1917,warlock,demonology,123,66,57
Louên,dun-modr,1914,warlock,demonology,72,34,38
Jegfaller,wildhammer,1913,warlock,demonology,68,35,33
Igõr,draenor,1912,warlock,demonology,30,20,10
Dontargetme,draenor,1912,warlock,demonology,68,40,28
Kamorilock,blackhand,1912,warlock,demonology,36,20,16
Osbaa,bladefist,1910,warlock,demonology,71,35,36
Demoner,tarren-mill,1910,warlock,demonology,108,52,56
Crathar,kazzak,1909,warlock,demonology,120,63,57
Shadowvirus,auchindoun,1908,warlock,demonology,41,23,18
Viscius,ysondre,1908,warlock,demonology,36,20,16
Døwz,ysondre,1904,warlock,demonology,66,32,34
Anúki,kazzak,1900,warlock,demonology,25,21,4
Ravendoor,grim-batol,1900,warlock,demonology,76,39,37
Indrâxx,hyjal,1899,warlock,demonology,36,31,5
Годнодх,gordunni,1897,warlock,demonology,60,31,29
Noobgg,kazzak,1895,warlock,demonology,65,36,29
Nerfhunter,executus,1895,warlock,demonology,54,27,27
Rmpfarmer,kazzak,1894,warlock,demonology,24,20,4
Azthral,nemesis,1892,warlock,demonology,210,119,91
Shadowflamez,argent-dawn,1891,warlock,demonology,42,33,9
Kuloo,blackmoore,1891,warlock,demonology,48,31,17
Stafar,kazzak,1891,warlock,demonology,66,34,32
Оброссыш,gordunni,1880,warlock,demonology,84,47,37
Vankraken,silvermoon,1880,warlock,demonology,36,20,16
Gv,ragnaros,1875,warlock,demonology,48,24,24
Шекигами,gordunni,1874,warlock,demonology,48,33,15
Zàk,twisting-nether,1868,warlock,demonology,90,53,37
Тёмабиль,gordunni,1868,warlock,demonology,378,199,179
Weso,grim-batol,1868,warlock,demonology,72,36,36
Простохаос,howling-fjord,1865,warlock,demonology,42,28,14
Skrana,kazzak,1865,warlock,demonology,77,42,35
Zouglougou,archimonde,1864,warlock,demonology,102,49,53
Froschhaxen,blackhand,1862,warlock,demonology,65,42,23
Tyrantlol,sylvanas,1862,warlock,demonology,54,32,22
Kopfkissen,azshara,1862,warlock,demonology,63,32,31
Bluh,twisting-nether,1860,warlock,demonology,36,22,14
Juicybolt,chogall,1860,warlock,demonology,94,50,44
Stalowwy,silvermoon,1849,warlock,demonology,108,59,49
Jopasiski,draenor,1848,warlock,demonology,54,28,26
Shakuroz,frostwolf,1847,warlock,demonology,68,41,27
Динодотз,howling-fjord,1847,warlock,demonology,54,27,27
Painowgee,kazzak,1846,warlock,demonology,42,22,20
Moffguldan,sanguino,1845,warlock,demonology,65,39,26
Tenshirou,blackrock,1844,warlock,demonology,53,31,22
Кварий,howling-fjord,1840,warlock,demonology,485,243,242
Attritiona,stormscale,1838,warlock,demonology,60,32,28
Commas,outland,1838,warlock,demonology,94,46,48
Höfmänn,kazzak,1834,warlock,demonology,45,27,18
Purplereîgn,stormscale,1834,warlock,demonology,57,31,26
Myliege,kilrogg,1834,warlock,demonology,94,50,44
Outofcurses,earthen-ring,1834,warlock,demonology,83,42,41
Skailzlock,hyjal,1833,warlock,demonology,65,46,19
Kolskegg,doomhammer,1830,warlock,demonology,144,78,66
Icq,ravencrest,1829,warlock,demonology,77,46,31
Cujo,draenor,1828,warlock,demonology,68,31,37
Tamaduitoru,dragonblight,1827,warlock,demonology,78,51,27
Санявахтовик,blackscar,1827,warlock,demonology,72,39,33
Benne,stormscale,1825,warlock,demonology,49,31,18
Malificus,silvermoon,1823,warlock,demonology,114,67,47
Dâedra,argent-dawn,1823,warlock,demonology,96,53,43
Этожедру,howling-fjord,1820,warlock,demonology,59,41,18
Kennyfõx,ysondre,1819,warlock,demonology,24,19,5
Ismenia,silvermoon,1819,warlock,demonology,60,39,21
Höfmänn,grim-batol,1819,warlock,demonology,54,33,21
Cellfear,kazzak,1818,warlock,demonology,42,24,18
Musallat,argent-dawn,1818,warlock,demonology,65,34,31
Dalamon,draenor,1818,warlock,demonology,60,31,29
Fiveyearque,sylvanas,1817,warlock,demonology,54,33,21
Hellguards,silvermoon,1817,warlock,demonology,60,33,27
Capsloq,sargeras,1817,warlock,demonology,57,28,29
Warth,silvermoon,1816,warlock,demonology,42,28,14
Bualock,tarren-mill,1815,warlock,demonology,36,22,14
Devilfluffy,blackhand,1815,warlock,demonology,59,35,24
Císuh,stormreaver,1815,warlock,demonology,62,34,28
Cigänä,archimonde,1815,warlock,demonology,36,19,17
Афинц,deathguard,1814,warlock,demonology,30,19,11
Grimmwald,stormreaver,1814,warlock,demonology,88,45,43
Malzeva,ravencrest,1813,warlock,demonology,71,33,38
Тумнуктхай,gordunni,1812,warlock,demonology,42,24,18
Mustasheen,stormscale,1812,warlock,demonology,42,22,20
Zatella,ravencrest,1811,warlock,demonology,188,100,88
Zypzanti,antonidas,1810,warlock,demonology,155,97,58
Aladèèn,tarren-mill,1810,warlock,demonology,68,40,28
Rektube,sanguino,1809,warlock,demonology,37,24,13
Xalé,blackrock,1809,warlock,demonology,42,26,16
Tagzi,ravencrest,1809,warlock,demonology,47,29,18
Zoreck,uldum,1809,warlock,demonology,48,26,22
Smâûhg,blackrock,1807,warlock,demonology,42,28,14
Дёмын,howling-fjord,1807,warlock,demonology,156,75,81
Delius,eitrigg,1806,warlock,demonology,91,57,34
Lúcìfér,stormscale,1806,warlock,demonology,66,34,32
Фэлмор,howling-fjord,1805,warlock,demonology,54,33,21
Thugsupreme,ravencrest,1805,warlock,demonology,65,36,29
Fearrari,ragnaros,1805,warlock,demonology,126,66,60
Nerigo,senjin,1805,warlock,demonology,48,24,24
Филоняша,gordunni,1804,warlock,demonology,90,57,33
Nemwl,draenor,1804,warlock,demonology,66,36,30
Splicer,eredar,1803,warlock,demonology,49,29,20
Arkanyks,dalaran,1802,warlock,demonology,72,32,40
Мутгодх,soulflayer,1800,warlock,demonology,30,19,11
Кайзершлафен,fordragon,1800,warlock,demonology,58,28,30
Xartul,tarren-mill,1799,warlock,demonology,24,20,4
Htaedfo,tarren-mill,1798,warlock,demonology,110,50,60
Ravenglass,argent-dawn,1798,warlock,demonology,60,27,33
Yôi,nemesis,1797,warlock,demonology,42,28,14
Positivitywl,stormscale,1797,warlock,demonology,60,38,22
Synlockiax,silvermoon,1793,warlock,demonology,68,47,21
Lïñglïñg,twisting-nether,1791,warlock,demonology,36,25,11
Äåäåäåäåäåäå,ravencrest,1789,warlock,demonology,47,26,21
Xtyran,blackmoore,1787,warlock,demonology,54,28,26
Тевон,gordunni,1785,warlock,demonology,54,29,25
Hexdrix,thrall,1784,warlock,demonology,81,40,41
Nêverse,archimonde,1782,warlock,demonology,28,20,8
Cappaoww,ravencrest,1780,warlock,demonology,30,22,8
Áutísm,silvermoon,1780,warlock,demonology,139,85,54
Proßlock,kazzak,1780,warlock,demonology,123,73,50
Svnlpowpow,kazzak,1772,warlock,demonology,59,29,30
Егосяхаос,soulflayer,1768,warlock,demonology,173,93,80
Bibilockbert,aegwynn,1767,warlock,demonology,43,22,21
Tjockoloco,tarren-mill,1766,warlock,demonology,197,108,89
Glavy,burning-legion,1765,warlock,demonology,131,71,60
Règis,antonidas,1763,warlock,demonology,54,30,24
Darksoll,hyjal,1763,warlock,demonology,42,23,19
Nâzgrel,tarren-mill,1763,warlock,demonology,114,58,56
Lockned,outland,1761,warlock,demonology,48,30,18
Киёкка,howling-fjord,1757,warlock,demonology,96,54,42
Артисона,gordunni,1757,warlock,demonology,56,30,26
Nécron,ysondre,1757,warlock,demonology,83,42,41
Smíkz,blackhand,1755,warlock,demonology,36,22,14
Omnípotens,silvermoon,1755,warlock,demonology,60,33,27
Totephia,kazzak,1755,warlock,demonology,96,47,49
Alphalock,mannoroth,1755,warlock,demonology,72,35,37
Fedpikkefar,kazzak,1755,warlock,demonology,67,27,40
Фортэр,ashenvale,1754,warlock,demonology,84,45,39
Cresen,tarren-mill,1754,warlock,demonology,42,22,20
Izhi,ragnaros,1753,warlock,demonology,108,61,47
Catchlock,tarren-mill,1752,warlock,demonology,36,20,16
Darkenlock,burning-legion,1751,warlock,demonology,114,61,53
Анрали,soulflayer,1750,warlock,demonology,53,27,26
Lyndi,nerathor,1749,warlock,demonology,42,23,19
Immaginare,sylvanas,1747,warlock,demonology,141,66,75
Онлидемо,gordunni,1743,warlock,demonology,36,24,12
Byeedriver,kazzak,1741,warlock,demonology,36,24,12
Sanguinis,theradras,1738,warlock,demonology,112,58,54
Kennÿfõx,ysondre,1732,warlock,demonology,24,19,5
Adafbhf,tichondrius,1731,warlock,demonology,71,36,35
Ceu,tarren-mill,1728,warlock,demonology,29,19,10
Exorbïtant,blackrock,1727,warlock,demonology,105,54,51
Kemel,thrall,1725,warlock,demonology,36,26,10
Koisk,tarren-mill,1724,warlock,demonology,30,18,12
Tiendi,blackhand,1723,warlock,demonology,54,27,27
Храбзар,gordunni,1721,warlock,demonology,112,51,61
Dadcrush,antonidas,1720,warlock,demonology,84,42,42
Impaler,tarren-mill,1720,warlock,demonology,281,139,142
Vreeth,blackrock,1718,warlock,demonology,30,18,12
Glooness,burning-legion,1717,warlock,demonology,42,21,21
Chromagnus,drakthul,1713,warlock,demonology,48,24,24
Пухи,blackscar,1712,warlock,demonology,66,27,39
Zelieknight,ysondre,1711,warlock,demonology,60,28,32
Fsandtwo,ravencrest,1711,warlock,demonology,54,24,30
Despépêche,garona,1709,warlock,demonology,42,24,18
Зажиженный,soulflayer,1707,warlock,demonology,40,26,14
Ahkan,argent-dawn,1705,warlock,demonology,62,27,35
Scaevóla,ravencrest,1704,warlock,demonology,353,185,168
Vêzor,twisting-nether,1702,warlock,demonology,58,31,27
Drerlord,tarren-mill,1699,warlock,demonology,48,21,27
Nàughty,ragnaros,1696,warlock,demonology,68,35,33
Snackstickz,twisting-nether,1695,warlock,demonology,66,40,26
Rune,aegwynn,1695,warlock,demonology,52,29,23
Hltbárgrïèfx,tarren-mill,1695,warlock,demonology,90,50,40
Kazzy,grim-batol,1693,warlock,demonology,30,21,9
Voídzero,hyjal,1693,warlock,demonology,43,24,19
Бриант,gordunni,1689,warlock,demonology,47,19,28
Yamadea,stormscale,1686,warlock,demonology,48,25,23
Evalya,archimonde,1685,warlock,demonology,30,20,10
Eluinees,silvermoon,1684,warlock,demonology,36,25,11
Pipoûc,archimonde,1682,warlock,demonology,42,23,19
Jinusek,burning-legion,1682,warlock,demonology,43,23,20
Æyna,thrall,1681,warlock,demonology,30,18,12
Grêenbull,eredar,1680,warlock,demonology,49,27,22
Жериновсский,gordunni,1677,warlock,demonology,36,18,18
Iskieel,ravencrest,1671,warlock,demonology,44,26,18
Dracsu,dun-modr,1670,warlock,demonology,60,35,25
Bloodlock,onyxia,1670,warlock,demonology,42,22,20
Tamatóax,tarren-mill,1666,warlock,demonology,92,49,43
Mendozaah,kazzak,1665,warlock,demonology,266,132,134
Endherkonk,sanguino,1663,warlock,demonology,72,40,32
Yumiblood,tarren-mill,1661,warlock,demonology,53,31,22
Agathaharkne,minahonda,1660,warlock,demonology,48,28,20
Lockmex,outland,1658,warlock,demonology,42,26,16
Darkdagor,blackrock,1656,warlock,demonology,55,30,25
Нафлэпил,gordunni,1655,warlock,demonology,54,31,23
Гурджес,soulflayer,1655,warlock,demonology,98,52,46
Niyyu,blackmoore,1654,warlock,demonology,48,22,26
Shugglock,draenor,1653,warlock,demonology,42,23,19
Naarnust,defias-brotherhood,1652,warlock,demonology,60,33,27
Honetia,ravencrest,1651,warlock,demonology,107,53,54
Mjor,twisting-nether,1650,warlock,demonology,30,18,12
Xanatas,nemesis,1647,warlock,demonology,48,29,19
Zéphon,blades-edge,1645,warlock,demonology,30,22,8
Utsus,tarren-mill,1645,warlock,demonology,36,23,13
Smadrekas,ravencrest,1644,warlock,demonology,36,22,14
Варикай,gordunni,1644,warlock,demonology,60,33,27
Gazdruul,culte-de-la-rive-noire,1643,warlock,demonology,54,30,24
Fandirxd,draenor,1643,warlock,demonology,126,59,67
Greeylock,blackhand,1641,warlock,demonology,42,24,18
Bunne,twisting-nether,1641,warlock,demonology,54,23,31
Hypotax,ragnaros,1640,warlock,demonology,90,51,39
Zezca,draenor,1640,warlock,demonology,76,39,37
Shalazar,dun-modr,1638,warlock,demonology,90,59,31
Abdelkarime,khaz-modan,1638,warlock,demonology,54,27,27
Requeims,outland,1638,warlock,demonology,48,22,26
Fîgøk,conseil-des-ombres,1638,warlock,demonology,48,21,27
Tiffyilock,blackrock,1637,warlock,demonology,42,20,22
Scottware,draenor,1635,warlock,demonology,38,23,15
Sörlewiis,the-maelstrom,1632,warlock,demonology,58,36,22
Oldasianman,blackrock,1631,warlock,demonology,30,17,13
Zzooxx,silvermoon,1631,warlock,demonology,30,17,13
Felgødx,nemesis,1630,warlock,demonology,24,17,7
Sêrø,aegwynn,1630,warlock,demonology,30,17,13
Nastychãtøn,ysondre,1630,warlock,demonology,30,17,13
Tekron,blackhand,1629,warlock,demonology,57,37,20
Thralka,burning-legion,1629,warlock,demonology,120,65,55
Лвнг,gordunni,1628,warlock,demonology,48,29,19
Dimmybyrger,stormreaver,1627,warlock,demonology,30,17,13
Interceptêr,blackrock,1627,warlock,demonology,42,22,20
Neuth,draenor,1627,warlock,demonology,56,24,32
Hellbboy,azjolnerub,1626,warlock,demonology,91,52,39
Erøne,archimonde,1626,warlock,demonology,241,125,116
Demonjoker,blackhand,1625,warlock,demonology,99,56,43
Thorky,blackrock,1625,warlock,demonology,48,22,26
Erkai,kazzak,1624,warlock,demonology,45,24,21
Sokyra,tarren-mill,1624,warlock,demonology,66,32,34
Drogoon,blackmoore,1623,warlock,demonology,27,18,9
Dasda,defias-brotherhood,1623,warlock,demonology,89,49,40
Мешшугга,howling-fjord,1623,warlock,demonology,38,20,18
Dualla,aegwynn,1623,warlock,demonology,36,17,19
Felsturm,twisting-nether,1622,warlock,demonology,58,40,18
Nachtreich,thrall,1622,warlock,demonology,30,17,13
Элси,howling-fjord,1622,warlock,demonology,30,17,13
Warlockyo,blackrock,1622,warlock,demonology,41,18,23
Нэкрил,howling-fjord,1621,warlock,demonology,35,22,13
Icò,ravencrest,1620,warlock,demonology,36,17,19
Terrorrize,draenor,1619,warlock,demonology,143,74,69
Golborg,draenor,1619,warlock,demonology,75,33,42
Ryks,terrordar,1616,warlock,demonology,44,20,24
Absurdity,twisting-nether,1615,warlock,demonology,34,21,13
Kûraiko,blackrock,1614,warlock,demonology,30,17,13
Tochka,archimonde,1613,warlock,demonology,54,29,25
Idezis,ragnaros,1612,warlock,demonology,24,17,7
Eroszakolock,ragnaros,1611,warlock,demonology,24,17,7
Solidwarlock,archimonde,1611,warlock,demonology,60,37,23
Kody,blackmoore,1609,warlock,demonology,24,17,7
Môrgán,draenor,1609,warlock,demonology,234,117,117
Panic,stormrage,1608,warlock,demonology,200,111,89
Ahollic,frostwolf,1606,warlock,demonology,30,19,11
Lottopallo,arathor,1606,warlock,demonology,139,84,55
Shuggul,draenor,1606,warlock,demonology,37,22,15
Марэд,howling-fjord,1604,warlock,demonology,40,24,16
Mythoman,ravencrest,1604,warlock,demonology,42,23,19
Deaddydoo,kazzak,1604,warlock,demonology,42,20,22
Selur,ragnaros,1603,warlock,demonology,33,19,14
Malumbra,argent-dawn,1603,warlock,demonology,51,23,28
Havexis,tichondrius,1602,warlock,demonology,42,32,10
Prekt,ragnaros,1601,warlock,demonology,36,19,17
Sethtarr,draenor,1600,warlock,demonology,56,31,25
Zzooxxie,silvermoon,1600,warlock,demonology,42,19,23
Ájszmen,ravencrest,1599,warlock,demonology,155,80,75
Djshyasiañ,perenolde,1599,warlock,demonology,176,90,86
Srhal,blackmoore,1598,warlock,demonology,144,81,63
Youseenbolt,ravencrest,1598,warlock,demonology,39,19,20
Kosoki,burning-legion,1597,warlock,demonology,42,20,22
Гвоздяшка,blackscar,1597,warlock,demonology,47,22,25
Evalin,aggra-português,1596,warlock,demonology,107,65,42
Thorolock,blackhand,1595,warlock,demonology,30,17,13
Дрын,gordunni,1594,warlock,demonology,36,21,15
Hubba,earthen-ring,1593,warlock,demonology,44,27,17
Eleriya,argent-dawn,1591,warlock,demonology,92,45,47
Deamonsmith,silvermoon,1589,warlock,demonology,70,40,30
Repah,doomhammer,1587,warlock,demonology,66,34,32
Sublînê,blackmoore,1582,warlock,demonology,82,41,41
Potatowl,ravencrest,1582,warlock,demonology,36,18,18
Míkæ,ravencrest,1582,warlock,demonology,72,34,38
Insídíous,tarren-mill,1581,warlock,demonology,36,19,17
Malkoran,sylvanas,1581,warlock,demonology,36,18,18
Cthxil,frostwolf,1581,warlock,demonology,45,22,23
Мамхаус,howling-fjord,1579,warlock,demonology,36,22,14
Cringetamer,silvermoon,1579,warlock,demonology,42,22,20
Beloezoloto,deathwing,1577,warlock,demonology,54,27,27
Carlss,sanguino,1576,warlock,demonology,42,23,19
Gulzot,turalyon,1575,warlock,demonology,48,31,17
Bonemetz,blackmoore,1575,warlock,demonology,52,32,20
Summonit,blackmoore,1575,warlock,demonology,78,40,38
Gigoberto,kazzak,1575,warlock,demonology,36,18,18
Demicore,stormreaver,1575,warlock,demonology,66,26,40
Шимара,eversong,1573,warlock,demonology,27,18,9
Warlockoloco,blackmoore,1572,warlock,demonology,36,20,16
Ароматныйх,howling-fjord,1569,warlock,demonology,42,20,22
Nekrosd,tarren-mill,1569,warlock,demonology,39,18,21
Pørtalslave,ravencrest,1568,warlock,demonology,43,21,22
Æternallock,nemesis,1567,warlock,demonology,54,37,17
Шэдоубёрн,soulflayer,1567,warlock,demonology,101,58,43
Ilililii,ravencrest,1567,warlock,demonology,54,29,25
Хитбэйн,soulflayer,1565,warlock,demonology,51,20,31
Silenozz,ragnaros,1564,warlock,demonology,91,49,42
Gemors,ravenholdt,1562,warlock,demonology,83,42,41
Sïlïthuss,ravencrest,1561,warlock,demonology,123,66,57
Dotsyoudown,kelthuzad,1560,warlock,demonology,36,18,18
Itspoint,draenor,1558,warlock,demonology,65,33,32
Agâshh,blackrock,1557,warlock,demonology,44,25,19
Evanore,burning-legion,1556,warlock,demonology,55,29,26
Lockaria,zuljin,1555,warlock,demonology,77,43,34
Tonin,antonidas,1553,warlock,demonology,65,38,27
Solitariøus,arathi,1552,warlock,demonology,90,45,45
Stormblast,azshara,1549,warlock,demonology,60,41,19
Scattler,aegwynn,1548,warlock,demonology,36,24,12
Love,alexstrasza,1548,warlock,demonology,33,18,15
Костикк,howling-fjord,1546,warlock,demonology,37,21,16
Sedryn,turalyon,1545,warlock,demonology,961,487,474
Shadôrí,antonidas,1543,warlock,demonology,36,22,14
Hamnam,blackrock,1543,warlock,demonology,42,23,19
Benzakenta,sylvanas,1541,warlock,demonology,42,26,16
Nerzhull,stormscale,1539,warlock,demonology,87,44,43
Nürgle,stormscale,1538,warlock,demonology,48,27,21
Stormytrumpy,twisting-nether,1537,warlock,demonology,33,18,15
Redshíne,hyjal,1537,warlock,demonology,54,24,30
Ijixed,ravencrest,1537,warlock,demonology,80,35,45
Xjms,darksorrow,1536,warlock,demonology,30,17,13
Nuwdles,tarren-mill,1535,warlock,demonology,42,23,19
Ayóó,doomhammer,1535,warlock,demonology,591,301,290
Oggelock,tarren-mill,1534,warlock,demonology,24,16,8
Rikkért,draenor,1534,warlock,demonology,30,16,14
Kaamosliha,frostwhisper,1532,warlock,demonology,101,51,50
Altffeer,blackmoore,1531,warlock,demonology,47,27,20
Bigbagelbob,archimonde,1530,warlock,demonology,30,16,14
Wëndigo,stormscale,1530,warlock,demonology,41,19,22
Демоник,deathguard,1525,warlock,demonology,30,16,14
Stafar,outland,1524,warlock,demonology,24,16,8
Longdickie,ravencrest,1523,warlock,demonology,54,27,27
Ädarä,cthun,1521,warlock,demonology,138,75,63
Kalinowa,burning-legion,1521,warlock,demonology,143,76,67
Skitless,blackmoore,1514,warlock,demonology,39,19,20
Octoba,kirin-tor,1512,warlock,demonology,60,34,26
Зарлог,soulflayer,1511,warlock,demonology,60,29,31
Seriasa,blackmoore,1511,warlock,demonology,66,27,39
Харакула,fordragon,1508,warlock,demonology,54,30,24
Грешъник,gordunni,1508,warlock,demonology,49,25,24
Theolock,ragnaros,1508,warlock,demonology,60,28,32
Rotyou,blackmoore,1507,warlock,demonology,47,22,25
Zoulgania,antonidas,1506,warlock,demonology,73,35,38
Mundunugu,sanguino,1505,warlock,demonology,31,20,11
Кейкегенкай,gordunni,1504,warlock,demonology,66,38,28
Roedin,tarren-mill,1504,warlock,demonology,153,65,88
Rafael,stormscale,1503,warlock,demonology,60,33,27
Cròwly,area-52,1501,warlock,demonology,34,22,12
Kawapow,azjolnerub,1501,warlock,demonology,58,37,21
Líely,ravencrest,1498,warlock,demonology,42,24,18
Zèlêph,archimonde,1496,warlock,demonology,24,17,7
Iovol,korgall,1496,warlock,demonology,72,39,33
Bß,argent-dawn,1495,warlock,demonology,53,31,22
Deathlock,outland,1494,warlock,demonology,42,25,17
Morgan,jaedenar,1491,warlock,demonology,66,28,38
Fearhändig,aegwynn,1489,warlock,demonology,71,33,38
Acererak,thunderhorn,1488,warlock,demonology,65,30,35
Эволюционист,gordunni,1483,warlock,demonology,42,22,20
Ппинг,soulflayer,1481,warlock,demonology,96,44,52
Khalkazar,darkspear,1477,warlock,demonology,30,16,14
Dayan,stormreaver,1476,warlock,demonology,54,29,25
Мормир,deathguard,1473,warlock,demonology,46,23,23
Esgül,draenor,1471,warlock,demonology,126,67,59
Béastmodex,eredar,1470,warlock,demonology,33,18,15
Enviroq,burning-legion,1469,warlock,demonology,59,34,25
Сладкийпир,soulflayer,1468,warlock,demonology,66,35,31
Бельведерчи,blackscar,1468,warlock,demonology,187,96,91
Иллугис,gordunni,1468,warlock,demonology,36,17,19
Denzeal,argent-dawn,1466,warlock,demonology,72,32,40
Mephysteroth,dalaran,1462,warlock,demonology,30,16,14
Камнилока,booty-bay,1460,warlock,demonology,119,67,52
Hörst,das-konsortium,1457,warlock,demonology,38,19,19
Azerybedge,alexstrasza,1456,warlock,demonology,43,19,24
Факлок,gordunni,1454,warlock,demonology,36,22,14
Deprecated,burning-blade,1453,warlock,demonology,29,17,12
Гулдарий,howling-fjord,1453,warlock,demonology,267,140,127
Jondi,blackmoore,1452,warlock,demonology,43,23,20
Rpez,archimonde,1452,warlock,demonology,304,158,146
Darcîa,destromath,1452,warlock,demonology,136,70,66
Sevastus,argent-dawn,1451,warlock,demonology,137,72,65
Чернаяскала,howling-fjord,1446,warlock,demonology,96,45,51
Thorash,moonglade,1444,warlock,demonology,35,24,11
Расмурът,soulflayer,1444,warlock,demonology,54,32,22
Соргосор,gordunni,1440,warlock,demonology,18,15,3
Spongebobx,kazzak,1439,warlock,demonology,24,15,9
Razzguul,blackmoore,1439,warlock,demonology,34,19,15
Boltimoore,magtheridon,1439,warlock,demonology,30,15,15
Priszcilla,twisting-nether,1438,warlock,demonology,108,59,49
Benvyx,twisting-nether,1438,warlock,demonology,30,15,15
Felburrn,twisting-nether,1438,warlock,demonology,137,66,71
Jesez,aegwynn,1436,warlock,demonology,24,15,9
Indiasummerx,turalyon,1436,warlock,demonology,58,29,29
Чутьчутьзлая,gordunni,1436,warlock,demonology,54,25,29
Sadisticlól,burning-legion,1435,warlock,demonology,48,25,23
Agonyzed,argent-dawn,1434,warlock,demonology,52,27,25
Guldchan,drakthul,1433,warlock,demonology,24,15,9
Ganjubass,tarren-mill,1432,warlock,demonology,24,15,9
Kukcaryfuk,drakthul,1431,warlock,demonology,54,27,27
Youseenbølt,veklor,1431,warlock,demonology,36,15,21
Topmodelx,eredar,1428,warlock,demonology,24,15,9
Dhraven,thrall,1427,warlock,demonology,42,21,21
Saganelle,hyjal,1426,warlock,demonology,18,15,3
Sineko,twisting-nether,1426,warlock,demonology,216,106,110
Corbiejr,tarren-mill,1425,warlock,demonology,70,29,41
Algolagniac,stormscale,1424,warlock,demonology,24,15,9
Hyphonos,blackmoore,1422,warlock,demonology,30,15,15
Hâres,anetheron,1422,warlock,demonology,319,151,168
Auxi,the-maelstrom,1420,warlock,demonology,111,57,54
Absúrd,turalyon,1419,warlock,demonology,257,139,118
Джердхаус,fordragon,1419,warlock,demonology,30,15,15
Épidémie,outland,1419,warlock,demonology,47,18,29
Amited,drakthul,1417,warlock,demonology,24,15,9
Нгага,howling-fjord,1416,warlock,demonology,233,113,120
Nattû,outland,1415,warlock,demonology,30,15,15
Lunden,drakthul,1414,warlock,demonology,46,22,24
Malganas,sylvanas,1414,warlock,demonology,95,42,53
Chedipes,stormscale,1414,warlock,demonology,39,16,23
Гнильсен,borean-tundra,1412,warlock,demonology,24,16,8
Tsumde,dalaran,1411,warlock,demonology,121,60,61
Nomakqlock,dun-modr,1410,warlock,demonology,24,17,7
Героуд,howling-fjord,1407,warlock,demonology,30,15,15
Valadair,sanguino,1405,warlock,demonology,235,124,111
Паникс,gordunni,1405,warlock,demonology,54,22,32
Xanatar,blackhand,1404,warlock,demonology,66,28,38
Makemeabrew,stormscale,1403,warlock,demonology,36,18,18
Qullnius,kazzak,1402,warlock,demonology,42,24,18
Tudii,frostwolf,1401,warlock,demonology,54,32,22
Morgána,outland,1401,warlock,demonology,30,15,15
Søcraqt,blackrock,1399,warlock,demonology,31,15,16
Profylaxis,arathor,1396,warlock,demonology,46,23,23
Themus,twisting-nether,1393,warlock,demonology,24,16,8
Rinnieeqt,outland,1393,warlock,demonology,30,15,15
Dabulock,blackmoore,1393,warlock,demonology,75,34,41
Brryant,colinas-pardas,1391,warlock,demonology,36,20,16
Кайрана,blackscar,1390,warlock,demonology,49,27,22
Ruhuen,stormscale,1390,warlock,demonology,30,15,15
Güulran,les-clairvoyants,1389,warlock,demonology,47,26,21
Peremi,grim-batol,1388,warlock,demonology,30,15,15
Cozyboi,thrall,1386,warlock,demonology,112,67,45
Fujiitøra,ysondre,1383,warlock,demonology,126,69,57
Smallpee,kazzak,1380,warlock,demonology,54,25,29
Astéfion,dalaran,1378,warlock,demonology,30,15,15
Ruinovino,outland,1375,warlock,demonology,48,19,29
Nagash,zuljin,1370,warlock,demonology,23,16,7
Wítchær,blackhand,1370,warlock,demonology,48,28,20
Bobkeso,sylvanas,1368,warlock,demonology,36,15,21
Nimh,azjolnerub,1364,warlock,demonology,69,37,32
Ilarizium,ysondre,1360,warlock,demonology,89,44,45
Чингинсхан,howling-fjord,1357,warlock,demonology,35,25,10
Xoky,argent-dawn,1356,warlock,demonology,30,15,15
Mesîkatayut,outland,1351,warlock,demonology,81,46,35
Aenygma,jaedenar,1350,warlock,demonology,30,17,13
Chimera,mugthol,1350,warlock,demonology,60,27,33
Cahoa,archimonde,1349,warlock,demonology,24,15,9
Olsel,draenor,1349,warlock,demonology,36,16,20
Сумракк,gordunni,1344,warlock,demonology,24,14,10
Scallington,shattered-hand,1344,warlock,demonology,24,14,10
Kalhija,medivh,1344,warlock,demonology,36,20,16
Dedalus,zuluhed,1344,warlock,demonology,208,114,94
Xarica,garona,1343,warlock,demonology,18,14,4
Beebs,aegwynn,1343,warlock,demonology,18,14,4
Moslock,kazzak,1343,warlock,demonology,23,15,8
Quadraxer,antonidas,1342,warlock,demonology,24,14,10
Lacape,dalaran,1340,warlock,demonology,28,15,13
Happycadaver,blackrock,1340,warlock,demonology,33,16,17
Famíliar,tarren-mill,1340,warlock,demonology,81,31,50
Dabeastysx,sanguino,1339,warlock,demonology,18,14,4
Itstrippy,tarren-mill,1339,warlock,demonology,18,14,4
Døtzz,blackmoore,1335,warlock,demonology,24,14,10
Mpslo,archimonde,1335,warlock,demonology,24,14,10
Tomlingen,terenas,1335,warlock,demonology,48,25,23
Velativ,silvermoon,1333,warlock,demonology,18,14,4
Dull,ravencrest,1333,warlock,demonology,24,14,10
Инсип,blackscar,1333,warlock,demonology,78,39,39
Vanskor,argent-dawn,1331,warlock,demonology,100,42,58
Валентинчик,galakrond,1329,warlock,demonology,81,39,42
Kharless,kazzak,1327,warlock,demonology,38,19,19
Bewbys,draenor,1327,warlock,demonology,42,19,23
Letzman,ravencrest,1321,warlock,demonology,25,16,9
Kwanzaa,ravencrest,1319,warlock,demonology,24,14,10
Evilbuba,burning-legion,1319,warlock,demonology,70,36,34
Gulldan,bloodfeather,1315,warlock,demonology,54,27,27
Дуклок,howling-fjord,1313,warlock,demonology,70,37,33
Forthewin,stormreaver,1313,warlock,demonology,30,15,15
Papilena,turalyon,1312,warlock,demonology,67,31,36
Dominvs,silvermoon,1306,warlock,demonology,162,80,82
Tunrîda,illidan,1303,warlock,demonology,45,21,24
Neffy,sinstralis,1302,warlock,demonology,39,18,21
Déus,forscherliga,1300,warlock,demonology,263,126,137
Jag,neptulon,1296,warlock,demonology,62,37,25
Cmzdalock,ravencrest,1279,warlock,demonology,36,23,13
Raez,burning-blade,1271,warlock,demonology,41,15,26
Армдэд,galakrond,1268,warlock,demonology,36,14,22
Wåfa,kazzak,1261,warlock,demonology,193,104,89
Eatherial,twilights-hammer,1255,warlock,demonology,30,18,12
Mmorgana,sanguino,1253,warlock,demonology,33,14,19
Lokisi,die-aldor,1249,warlock,demonology,60,34,26
Баммес,galakrond,1249,warlock,demonology,66,23,43
Rövsmärta,ragnaros,1248,warlock,demonology,27,15,12
Lywov,stormscale,1248,warlock,demonology,24,13,11
Lhestér,outland,1248,warlock,demonology,24,13,11
Osbaa,ravencrest,1247,warlock,demonology,24,13,11
Skyrender,argent-dawn,1247,warlock,demonology,30,13,17
Void,pozzo-delleternità,1246,warlock,demonology,70,32,38
Naze,aegwynn,1244,warlock,demonology,30,13,17
Vregor,twisting-nether,1242,warlock,demonology,18,13,5
Tarilinwelli,les-sentinelles,1242,warlock,demonology,24,13,11
Стокыч,soulflayer,1241,warlock,demonology,36,13,23
Trellaras,bloodfeather,1239,warlock,demonology,68,30,38
Azaêl,azshara,1237,warlock,demonology,30,13,17
Lokko,nemesis,1237,warlock,demonology,65,26,39
Øupas,ysondre,1235,warlock,demonology,30,13,17
Andid,frostwolf,1231,warlock,demonology,38,18,20
Lockmybllz,baelgun,1230,warlock,demonology,18,13,5
Sargaerot,draenor,1230,warlock,demonology,72,33,39
Dernaxz,argent-dawn,1225,warlock,demonology,26,15,11
Mefistosx,draenor,1224,warlock,demonology,30,13,17
Narayan,ysondre,1221,warlock,demonology,18,14,4
Bíü,tarren-mill,1219,warlock,demonology,30,13,17
Lifesteal,auchindoun,1218,warlock,demonology,52,24,28
Gnometefurax,hyjal,1218,warlock,demonology,55,24,31
Rüwel,mannoroth,1214,warlock,demonology,47,20,27
Netcownt,silvermoon,1208,warlock,demonology,43,20,23
Filø,dalaran,1201,warlock,demonology,114,46,68
Degdeehei,draenor,1200,warlock,demonology,18,13,5
Truckpunch,defias-brotherhood,1199,warlock,demonology,105,48,57
Lugdan,blackmoore,1198,warlock,demonology,36,13,23
Azraëlle,drekthar,1195,warlock,demonology,21,14,7
Vreyax,aegwynn,1195,warlock,demonology,29,13,16
Waltrude,conseil-des-ombres,1187,warlock,demonology,72,25,47
Rngmåchinêx,ravencrest,1183,warlock,demonology,22,13,9
Vorgoth,argent-dawn,1179,warlock,demonology,28,13,15
Sînâ,anubarak,1170,warlock,demonology,24,13,11
Decayez,thrall,1168,warlock,demonology,19,13,6
Thyron,gorgonnash,1165,warlock,demonology,54,25,29
Sipsirica,ragnaros,1159,warlock,demonology,66,30,36
Inani,ragnaros,1157,warlock,demonology,29,13,16
Jomitoisback,nemesis,1152,warlock,demonology,12,12,0
Hannen,blackrock,1152,warlock,demonology,18,12,6
Ðåñtåy,ravencrest,1152,warlock,demonology,18,12,6
Gorescrèám,stormscale,1152,warlock,demonology,18,12,6
Havefunxqt,archimonde,1152,warlock,demonology,26,13,13
Isanê,blackrock,1152,warlock,demonology,24,12,12
Gyzmo,outland,1152,warlock,demonology,24,12,12
Xiraq,nathrezim,1152,warlock,demonology,24,12,12
Deadpapi,outland,1151,warlock,demonology,18,12,6
Dotrulez,nemesis,1151,warlock,demonology,18,12,6
Инфес,deathweaver,1151,warlock,demonology,18,12,6
Nargøf,outland,1151,warlock,demonology,24,12,12
Парачо,eversong,1151,warlock,demonology,24,12,12
Morwëk,ysondre,1150,warlock,demonology,36,12,24
Нистл,gordunni,1149,warlock,demonology,18,12,6
Desolador,tyrande,1148,warlock,demonology,30,12,18
Deadmanwlkin,aggra-português,1147,warlock,demonology,18,12,6
Sizezero,tarren-mill,1147,warlock,demonology,18,12,6
Lamboo,tarren-mill,1147,warlock,demonology,24,12,12
Demosteaks,thrall,1147,warlock,demonology,24,12,12
Édøras,archimonde,1146,warlock,demonology,30,12,18
Ashzu,quelthalas,1145,warlock,demonology,24,12,12
Jinxme,tarren-mill,1144,warlock,demonology,18,12,6
Penske,sanguino,1143,warlock,demonology,30,12,18
Szetbaszlock,ragnaros,1137,warlock,demonology,18,12,6
Gunca,sylvanas,1136,warlock,demonology,30,13,17
Aldhelm,draenor,1130,warlock,demonology,28,13,15
Erwynna,conseil-des-ombres,1118,warlock,demonology,30,12,18
Remthorn,frostmane,1105,warlock,demonology,89,49,40
Wanderingowl,blackmoore,1103,warlock,demonology,18,12,6
Screamo,sylvanas,1103,warlock,demonology,30,16,14
Scarly,nordrassil,1103,warlock,demonology,41,21,20
Tripleshache,elune,1101,warlock,demonology,66,33,33
Volomar,darkspear,1088,warlock,demonology,27,12,15
Cwyn,ravencrest,1088,warlock,demonology,30,13,17
Ambralia,blackmoore,1087,warlock,demonology,36,18,18
Flocca,archimonde,1085,warlock,demonology,26,12,14
Sabiocalvo,dun-modr,1071,warlock,demonology,111,54,57
Силаскверна,deathguard,1065,warlock,demonology,60,23,37
Bicuriousdad,tarren-mill,1056,warlock,demonology,12,11,1
Dotosgyörgy,ragnaros,1056,warlock,demonology,18,11,7
Circe,draenor,1056,warlock,demonology,18,11,7
Averiumx,ravencrest,1056,warlock,demonology,18,11,7
Adellara,draenor,1056,warlock,demonology,18,11,7
Slurvefar,kazzak,1056,warlock,demonology,24,11,13
Jkz,blackrock,1056,warlock,demonology,24,11,13
Nazw,ravencrest,1056,warlock,demonology,24,11,13
Werzel,frostmane,1055,warlock,demonology,18,11,7
Syñdrome,ragnaros,1055,warlock,demonology,18,11,7
Dirtytyrant,sanguino,1055,warlock,demonology,18,11,7
Envizer,ravencrest,1055,warlock,demonology,18,11,7
Lonelock,blackrock,1055,warlock,demonology,24,11,13
Бжк,gordunni,1055,warlock,demonology,24,11,13
Tìdùs,nethersturm,1054,warlock,demonology,12,11,1
Dàrksoul,thrall,1054,warlock,demonology,18,11,7
Острогриф,gordunni,1054,warlock,demonology,18,11,7
Katâra,tarren-mill,1054,warlock,demonology,24,11,13
Wiitchdoktor,twisting-nether,1054,warlock,demonology,24,11,13
Eviloverlord,silvermoon,1054,warlock,demonology,24,11,13
Shînîgamî,draenor,1053,warlock,demonology,18,11,7
Fenrixlol,zuljin,1052,warlock,demonology,18,11,7
Евнухоидизм,gordunni,1051,warlock,demonology,20,11,9
Törtidotcom,blackrock,1051,warlock,demonology,24,11,13
Емс,gordunni,1051,warlock,demonology,24,11,13
Ukicha,burning-blade,1049,warlock,demonology,18,11,7
Zanzarismo,nemesis,1049,warlock,demonology,21,12,9
Siaval,die-aldor,1047,warlock,demonology,18,11,7
Lökjävel,twisting-nether,1046,warlock,demonology,18,11,7
Дулаан,blackscar,1042,warlock,demonology,18,11,7
Thanàthos,pozzo-delleternità,1030,warlock,demonology,36,17,19
Krushell,sanguino,1021,warlock,demonology,18,11,7
Shadowppl,outland,1021,warlock,demonology,26,12,14
Ïvar,ysondre,1009,warlock,demonology,30,11,19
Demonfaris,turalyon,1007,warlock,demonology,21,11,10
Akumako,stormscale,1006,warlock,demonology,23,11,12
Dreamnyâsha,tarren-mill,1002,warlock,demonology,21,13,8
Майдум,soulflayer,1000,warlock,demonology,23,13,10
Stormiq,kazzak,1000,warlock,demonology,29,14,15
Maleesh,ravenholdt,997,warlock,demonology,48,16,32
Discomugg,stormscale,991,warlock,demonology,17,11,6
Ромаколдун,howling-fjord,990,warlock,demonology,22,11,11
Мембер,thermaplugg,990,warlock,demonology,26,11,15
Fuark,teldrassil,987,warlock,demonology,17,11,6
Imadovich,silvermoon,982,warlock,demonology,59,27,32
Cedrea,ravencrest,975,warlock,demonology,47,11,36
Chãn,ravencrest,960,warlock,demonology,12,10,2
Veganlifter,ravencrest,960,warlock,demonology,12,10,2
Ðrrøßøticus,la-croisade-écarlate,960,warlock,demonology,16,11,5
Souleaterx,ravencrest,960,warlock,demonology,18,10,8
Кьютсанни,howling-fjord,960,warlock,demonology,24,10,14
Kumamoto,tarren-mill,960,warlock,demonology,24,10,14
Oozi,tarren-mill,959,warlock,demonology,12,10,2
Nainbusdemil,dalaran,959,warlock,demonology,18,10,8
Нэваблэйз,howling-fjord,959,warlock,demonology,18,10,8
Cadavrus,arakarahm,959,warlock,demonology,18,10,8
Drainurlife,zenedar,959,warlock,demonology,18,10,8
Teflondione,stormreaver,958,warlock,demonology,18,10,8
Davyjonessx,twisting-nether,958,warlock,demonology,18,10,8
Ipetsincl,kazzak,958,warlock,demonology,18,10,8
Boxxybabee,blackhand,956,warlock,demonology,12,10,2
Boldielocks,tarren-mill,956,warlock,demonology,12,10,2
Жмотярище,gordunni,955,warlock,demonology,18,10,8
Dedobozhe,ravencrest,953,warlock,demonology,18,10,8
Немножковуду,soulflayer,945,warlock,demonology,18,10,8
Zaross,khaz-modan,944,warlock,demonology,44,18,26
Кингпинг,soulflayer,942,warlock,demonology,23,10,13
Whj,ravencrest,942,warlock,demonology,23,10,13
Ablas,bladefist,940,warlock,demonology,35,10,25
Ixal,hyjal,930,warlock,demonology,54,27,27
Fearmydear,alleria,926,warlock,demonology,17,10,7
Ohnoitsnepss,chamber-of-aspects,917,warlock,demonology,30,10,20
Stregone,chogall,911,warlock,demonology,18,10,8
Acuacx,drakthul,909,warlock,demonology,17,10,7
Migyardondup,exodar,905,warlock,demonology,105,55,50
Dbolic,ravencrest,904,warlock,demonology,19,11,8
Themengh,stormscale,904,warlock,demonology,69,27,42
Djadizpunish,stormscale,894,warlock,demonology,15,11,4
Snoggä,antonidas,885,warlock,demonology,36,17,19
Yazurí,ravencrest,864,warlock,demonology,12,9,3
Ooroothothz,frostwolf,864,warlock,demonology,12,9,3
Dadylock,silvermoon,864,warlock,demonology,12,9,3
Magicisback,nemesis,864,warlock,demonology,12,9,3
Dogdrakex,tarren-mill,864,warlock,demonology,12,9,3
Kënnyfõx,ysondre,864,warlock,demonology,12,9,3
Spookytouch,draenor,864,warlock,demonology,12,9,3
Öbsury,hyjal,864,warlock,demonology,12,9,3
Nekrofille,outland,864,warlock,demonology,18,9,9
Rikmeyzter,burning-blade,864,warlock,demonology,18,9,9
Boomlok,tarren-mill,864,warlock,demonology,18,9,9
Biest,drakthul,864,warlock,demonology,24,9,15
Тапкидеда,gordunni,863,warlock,demonology,12,9,3
Nastýføxÿ,ysondre,863,warlock,demonology,12,9,3
Kritrouilles,sargeras,863,warlock,demonology,18,9,9
Yoplen,drakthul,863,warlock,demonology,18,9,9
Fedra,steamwheedle-cartel,863,warlock,demonology,18,9,9
Cardinall,drakthul,863,warlock,demonology,18,9,9
Nosoulnoprob,sylvanas,863,warlock,demonology,24,9,15
Streganni,nemesis,862,warlock,demonology,18,10,8
Avanturnik,burning-legion,862,warlock,demonology,18,9,9
Allotropìa,ravencrest,861,warlock,demonology,24,9,15
Kazzulina,ravenholdt,861,warlock,demonology,24,9,15
Oblutak,draenor,859,warlock,demonology,18,9,9
Haitech,dalaran,858,warlock,demonology,12,9,3
Ахпорбес,gordunni,857,warlock,demonology,16,10,6
Nikhusadark,draenor,856,warlock,demonology,19,9,10
Docderlock,thrall,855,warlock,demonology,27,12,15
Диффиндо,galakrond,854,warlock,demonology,12,9,3
Yamajii,krasus,854,warlock,demonology,36,16,20
Gödisdëäd,sanguino,831,warlock,demonology,17,9,8
Jendzababa,burning-legion,827,warlock,demonology,17,9,8
Elnïa,conseil-des-ombres,816,warlock,demonology,15,9,6
Дакиса,gordunni,815,warlock,demonology,17,9,8
Гупперлок,howling-fjord,810,warlock,demonology,27,12,15
Бирел,soulflayer,799,warlock,demonology,16,9,7
Простоседой,gordunni,798,warlock,demonology,23,9,14
Йотунхейм,ashenvale,792,warlock,demonology,20,9,11
Staenkymayne,blackhand,768,warlock,demonology,12,8,4
Maevoni,blackmoore,768,warlock,demonology,12,8,4
Milfhaunter,aegwynn,768,warlock,demonology,12,8,4
Gilfhaunter,malganis,768,warlock,demonology,12,8,4
Meshekinoqua,tarren-mill,768,warlock,demonology,12,8,4
Freyzul,twisting-nether,768,warlock,demonology,12,8,4
Rozn,ravencrest,768,warlock,demonology,12,8,4
Killning,medivh,768,warlock,demonology,12,8,4
Аскамардва,gordunni,768,warlock,demonology,12,8,4
Devildodo,elune,768,warlock,demonology,12,8,4
Hyòkà,kazzak,768,warlock,demonology,12,8,4
Dmondmg,kazzak,768,warlock,demonology,12,8,4
Yvonita,chamber-of-aspects,768,warlock,demonology,12,8,4
Hyöká,kazzak,768,warlock,demonology,12,8,4
Cappaoow,ravencrest,768,warlock,demonology,12,8,4
Absoul,defias-brotherhood,768,warlock,demonology,12,8,4
Elìphás,blackmoore,768,warlock,demonology,12,8,4
Kronesx,tarren-mill,768,warlock,demonology,12,8,4
Idkdot,ravencrest,768,warlock,demonology,18,8,10
Manithedøg,stormscale,768,warlock,demonology,18,8,10
Dslap,grim-batol,768,warlock,demonology,18,8,10
Уанбаттон,gordunni,768,warlock,demonology,18,8,10
Melfos,blackmoore,768,warlock,demonology,18,8,10
Котрх,gordunni,768,warlock,demonology,18,8,10
Jarodshadow,stormscale,768,warlock,demonology,18,8,10
Djezzick,stormscale,768,warlock,demonology,18,8,10
Narsok,blackrock,768,warlock,demonology,18,8,10
Noytan,nemesis,768,warlock,demonology,18,8,10
Dryaxc,frostwolf,768,warlock,demonology,18,8,10
Ívânguldán,twisting-nether,768,warlock,demonology,18,8,10
Dementorian,blackrock,767,warlock,demonology,12,8,4
Tojezlo,drakthul,767,warlock,demonology,12,8,4
Véstheim,saurfang,767,warlock,demonology,12,8,4
Sovrìn,blackrock,767,warlock,demonology,12,8,4
Likeqtz,thrall,767,warlock,demonology,12,8,4
Eizon,tarren-mill,767,warlock,demonology,12,8,4
Ðelðish,draenor,767,warlock,demonology,12,8,4
Mandafni,blackmoore,767,warlock,demonology,12,8,4
Mombo,the-maelstrom,767,warlock,demonology,18,8,10
Affrighten,karazhan,767,warlock,demonology,18,8,10
Alotadot,ravencrest,767,warlock,demonology,18,8,10
Lethellin,antonidas,766,warlock,demonology,12,8,4
Cerberus,argent-dawn,766,warlock,demonology,12,8,4
Otemlock,sanguino,766,warlock,demonology,12,8,4
Guccie,ravencrest,766,warlock,demonology,17,10,7
Britneyféars,emeriss,766,warlock,demonology,18,8,10
Zeddy,draenor,766,warlock,demonology,18,8,10
Merzavka,kazzak,765,warlock,demonology,12,8,4
Njutbar,ragnaros,765,warlock,demonology,18,8,10
Bachmut,ravencrest,765,warlock,demonology,18,8,10
Dìablò,sylvanas,763,warlock,demonology,12,8,4
Gúldn,outland,763,warlock,demonology,30,8,22
Ясяшотлав,soulflayer,761,warlock,demonology,22,11,11
Nedivh,stormscale,751,warlock,demonology,23,8,15
Cazul,archimonde,735,warlock,demonology,14,9,5
Dotwhat,ravencrest,719,warlock,demonology,17,8,9
Dardec,hyjal,719,warlock,demonology,29,8,21
Lewd,dragonblight,714,warlock,demonology,17,8,9
Lifetap,tarren-mill,703,warlock,demonology,14,8,6
Myxâ,tarren-mill,699,warlock,demonology,11,8,3
Аттропа,gordunni,689,warlock,demonology,101,43,58
Ponçeur,ysondre,687,warlock,demonology,19,9,10
Thereya,dun-morogh,672,warlock,demonology,12,7,5
Immolleria,frostmane,672,warlock,demonology,12,7,5
Blekspel,outland,672,warlock,demonology,12,7,5
Líí,burning-blade,672,warlock,demonology,12,7,5
Likilaka,draenor,672,warlock,demonology,12,7,5
Khaleth,dun-modr,672,warlock,demonology,12,7,5
Marador,drakthul,672,warlock,demonology,12,7,5
Dwoorf,ravencrest,672,warlock,demonology,12,7,5
Ballerlock,ravencrest,672,warlock,demonology,12,7,5
Mayden,uldum,672,warlock,demonology,12,7,5
Framelock,draenor,672,warlock,demonology,12,7,5
Zagreos,tarren-mill,672,warlock,demonology,12,7,5
Horststenzl,blackrock,672,warlock,demonology,12,7,5
Дядяджонн,gordunni,672,warlock,demonology,12,7,5
Officialysx,dun-modr,672,warlock,demonology,12,7,5
Flamidien,archimonde,672,warlock,demonology,12,7,5
Plâytïmè,stormscale,672,warlock,demonology,12,7,5
Külebra,uldum,672,warlock,demonology,12,7,5
Evilonion,outland,672,warlock,demonology,12,7,5
Mindzsonghó,ragnaros,672,warlock,demonology,12,7,5
Fearfearfear,archimonde,672,warlock,demonology,12,7,5
Dzodeep,kazzak,672,warlock,demonology,12,7,5
Styxwl,blackhand,672,warlock,demonology,12,7,5
Plague,twisting-nether,672,warlock,demonology,12,7,5
Lickyicky,twisting-nether,672,warlock,demonology,12,7,5
Boomloc,tarren-mill,672,warlock,demonology,12,7,5
Кале,goldrinn,672,warlock,demonology,12,7,5
Kerídiin,twisting-nether,672,warlock,demonology,12,7,5
Kosfáce,tarren-mill,672,warlock,demonology,12,7,5
Hannens,blackrock,672,warlock,demonology,12,7,5
Focalorx,tarren-mill,672,warlock,demonology,18,7,11
Baldazar,dun-modr,672,warlock,demonology,18,7,11
Amerihell,pozzo-delleternità,672,warlock,demonology,18,7,11
Fearu,kazzak,672,warlock,demonology,18,7,11
Shortyi,thrall,672,warlock,demonology,18,7,11
Klaab,hyjal,672,warlock,demonology,18,7,11
Ilovebronko,blackrock,672,warlock,demonology,18,7,11
Xfz,stormscale,672,warlock,demonology,18,7,11
Lacus,voljin,672,warlock,demonology,24,7,17
Сч,ashenvale,671,warlock,demonology,12,7,5
Адилея,howling-fjord,671,warlock,demonology,12,7,5
Indifférence,archimonde,671,warlock,demonology,18,7,11
Pestilus,thrall,671,warlock,demonology,18,7,11
Cannolix,blackhand,671,warlock,demonology,24,7,17
Zytomegalie,blackrock,670,warlock,demonology,12,7,5
Muninnus,archimonde,670,warlock,demonology,21,8,13
Williamford,dun-modr,669,warlock,demonology,18,7,11
Etherbit,burning-legion,669,warlock,demonology,24,7,17
Darlanis,draenor,668,warlock,demonology,12,7,5
Wedgywarlock,stormscale,668,warlock,demonology,18,7,11
Farasuflet,burning-steppes,658,warlock,demonology,12,7,5
Унаросс,deathguard,655,warlock,demonology,23,7,16
Sourpatchkid,the-maelstrom,639,warlock,demonology,17,7,10
Kavalierr,stormscale,624,warlock,demonology,21,8,13
Kïng,elune,622,warlock,demonology,15,8,7
Warlockxx,ravencrest,607,warlock,demonology,11,7,4
Ukjjkhj,frostmane,592,warlock,demonology,19,7,12
Labreego,aggra-português,576,warlock,demonology,6,6,0
Fearbót,kazzak,576,warlock,demonology,6,6,0
Thesnakë,ravencrest,576,warlock,demonology,6,6,0
Onewarlock,kazzak,576,warlock,demonology,6,6,0
Lockimon,silvermoon,576,warlock,demonology,6,6,0
Ethiq,blackrock,576,warlock,demonology,12,6,6
Gülldän,chogall,576,warlock,demonology,12,6,6
Malathrom,garona,576,warlock,demonology,12,6,6
Ðêmøñîc,ravencrest,576,warlock,demonology,12,6,6
Rîas,hyjal,576,warlock,demonology,12,6,6
Lockydotty,silvermoon,576,warlock,demonology,12,6,6
Wacamolymojo,tarren-mill,576,warlock,demonology,12,6,6
Kasztyk,grim-batol,576,warlock,demonology,12,6,6
Gruldran,khaz-modan,576,warlock,demonology,12,6,6
Øbéydêmøn,silvermoon,576,warlock,demonology,12,6,6
Zerx,malganis,576,warlock,demonology,12,6,6
Fezk,outland,576,warlock,demonology,12,6,6
Ezy,auchindoun,576,warlock,demonology,12,6,6
Исверон,howling-fjord,576,warlock,demonology,12,6,6
Lashyra,aszune,576,warlock,demonology,12,6,6
Drainsouls,stormscale,576,warlock,demonology,12,6,6
Darcol,archimonde,576,warlock,demonology,12,6,6
Rivmuu,argent-dawn,576,warlock,demonology,12,6,6
Devour,magtheridon,576,warlock,demonology,12,6,6
Lifedriller,drakthul,576,warlock,demonology,12,6,6
Oloki,kazzak,576,warlock,demonology,12,6,6
Hyóká,kazzak,576,warlock,demonology,12,6,6
Incesticide,ragnaros,576,warlock,demonology,12,6,6
Kartanos,stormscale,576,warlock,demonology,12,6,6
Vîmø,antonidas,576,warlock,demonology,12,6,6
Nephystø,archimonde,576,warlock,demonology,12,6,6
Deflagrate,kazzak,576,warlock,demonology,12,6,6
Yeatso,blackmoore,576,warlock,demonology,18,6,12
Манапчик,soulflayer,576,warlock,demonology,18,6,12
Dotface,aegwynn,576,warlock,demonology,18,6,12
Æßçåløønå,ravencrest,576,warlock,demonology,18,6,12
Diablist,kazzak,576,warlock,demonology,18,6,12
Haillun,twisting-nether,576,warlock,demonology,18,6,12
Фэлдред,soulflayer,576,warlock,demonology,18,6,12
Эссминет,soulflayer,576,warlock,demonology,18,6,12
Скиифул,howling-fjord,576,warlock,demonology,24,6,18
Deabrus,silvermoon,576,warlock,demonology,24,6,18
Ydidntuwait,ragnaros,576,warlock,demonology,24,6,18
Deadleth,blackrock,575,warlock,demonology,10,7,3
Abnørmus,tarren-mill,575,warlock,demonology,12,6,6
Сквордин,gordunni,575,warlock,demonology,12,6,6
Feyras,turalyon,575,warlock,demonology,12,6,6
Heximexi,malganis,575,warlock,demonology,18,6,12
Xerxia,blackrock,575,warlock,demonology,18,6,12
Kropi,blackhand,575,warlock,demonology,18,6,12
Ragedrop,malygos,574,warlock,demonology,12,6,6
Methmuncher,twisting-nether,574,warlock,demonology,24,6,18
Petrosk,sanguino,569,warlock,demonology,12,6,6
Absurdd,turalyon,568,warlock,demonology,14,9,5
Кхадгард,howling-fjord,544,warlock,demonology,16,6,10
Gutras,ragnaros,527,warlock,demonology,11,6,5
Tvmpzwl,ravencrest,527,warlock,demonology,17,6,11
Shazem,tarren-mill,522,warlock,demonology,12,7,5
Sialri,burning-legion,522,warlock,demonology,14,7,7
Никошо,gordunni,511,warlock,demonology,14,6,8
Mércé,stormscale,480,warlock,demonology,6,5,1
Mudwalkin,ravencrest,480,warlock,demonology,6,5,1
Chromex,dentarg,480,warlock,demonology,6,5,1
Idonthexafck,kazzak,480,warlock,demonology,6,5,1
Vitalyk,sanguino,480,warlock,demonology,6,5,1
Bónz,outland,480,warlock,demonology,6,5,1
Swagzz,silvermoon,480,warlock,demonology,6,5,1
Олимта,blackscar,480,warlock,demonology,6,5,1
Köftemec,blackrock,480,warlock,demonology,6,5,1
Deßra,stormscale,480,warlock,demonology,6,5,1
Фирвебало,soulflayer,480,warlock,demonology,6,5,1
Disrupted,blackmoore,480,warlock,demonology,6,5,1
Racursed,outland,480,warlock,demonology,6,5,1
Miauwu,stormscale,480,warlock,demonology,6,5,1
Joinx,tarren-mill,480,warlock,demonology,6,5,1
Buccellati,emerald-dream,480,warlock,demonology,6,5,1
Hakai,los-errantes,480,warlock,demonology,6,5,1
Hiloqtlock,blackmoore,480,warlock,demonology,6,5,1
Лираума,howling-fjord,480,warlock,demonology,9,6,3
Fantomass,twisting-nether,480,warlock,demonology,9,6,3
Msßeckinsale,tarren-mill,480,warlock,demonology,12,5,7
Tepelkwastje,twisting-nether,480,warlock,demonology,12,5,7
Furchtnervt,thrall,480,warlock,demonology,12,5,7
Anturia,garona,480,warlock,demonology,12,5,7
Landii,ragnaros,480,warlock,demonology,12,5,7
Aljohno,twisting-nether,480,warlock,demonology,12,5,7
Durátor,ravencrest,480,warlock,demonology,12,5,7
Bluenote,colinas-pardas,480,warlock,demonology,12,5,7
Nécromancér,doomhammer,480,warlock,demonology,12,5,7
Gulderrf,kirin-tor,480,warlock,demonology,12,5,7
Agaton,twisting-nether,480,warlock,demonology,12,5,7
Zoodaddy,grim-batol,480,warlock,demonology,12,5,7
Purepkbob,quelthalas,480,warlock,demonology,12,5,7
Tôpsecret,aegwynn,480,warlock,demonology,12,5,7
Irnx,tarren-mill,480,warlock,demonology,12,5,7
Векстах,gordunni,480,warlock,demonology,12,5,7
Nicetime,nefarian,480,warlock,demonology,12,5,7
Qzkimp,hyjal,480,warlock,demonology,12,5,7
Nastychâtøn,ysondre,480,warlock,demonology,12,5,7
Khâmélÿa,culte-de-la-rive-noire,480,warlock,demonology,12,5,7
Димаанстейбл,gordunni,480,warlock,demonology,12,5,7
Philat,antonidas,480,warlock,demonology,12,5,7
Anquietas,uldaman,480,warlock,demonology,12,5,7
Violetmyst,outland,480,warlock,demonology,12,5,7
Telyfol,ragnaros,480,warlock,demonology,12,5,7
Morshax,ysondre,480,warlock,demonology,12,5,7
Decimus,darkspear,480,warlock,demonology,12,5,7
Hogheru,kazzak,480,warlock,demonology,12,5,7
Destroc,blackrock,480,warlock,demonology,12,5,7
Rushkush,ravencrest,480,warlock,demonology,13,5,8
Vanmorgoth,nazjatar,480,warlock,demonology,18,5,13
Délidumrul,stormscale,480,warlock,demonology,18,5,13
Heexmex,blackmoore,480,warlock,demonology,18,5,13
Zartax,kazzak,480,warlock,demonology,18,5,13
Déemón,draenor,480,warlock,demonology,18,5,13
Ascètic,kazzak,480,warlock,demonology,18,5,13
Brodoh,dun-modr,480,warlock,demonology,18,5,13
Kedrat,die-aldor,479,warlock,demonology,6,5,1
Ezekîél,blackhand,479,warlock,demonology,6,5,1
Limfus,terokkar,479,warlock,demonology,6,5,1
Aluy,blackmoore,479,warlock,demonology,12,5,7
Xydama,blackrock,479,warlock,demonology,12,5,7
Hallowee,voljin,479,warlock,demonology,18,5,13
Bionic,eredar,447,warlock,demonology,11,5,6
Letzterlude,thrall,447,warlock,demonology,11,5,6
Hhip,sanguino,431,warlock,demonology,11,5,6
Broxsz,blackrock,415,warlock,demonology,8,5,3
Ingwert,frostwolf,384,warlock,demonology,6,4,2
Sêro,aegwynn,384,warlock,demonology,6,4,2
Ahollic,antonidas,384,warlock,demonology,6,4,2
Wildo,grim-batol,384,warlock,demonology,6,4,2
Itrix,aegwynn,384,warlock,demonology,6,4,2
Zarkasar,stormscale,384,warlock,demonology,6,4,2
Bitshlog,draenor,384,warlock,demonology,6,4,2
Slerpmami,ragnaros,384,warlock,demonology,6,4,2
Skizofrenia,zuljin,384,warlock,demonology,6,4,2
Xuloth,ravencrest,384,warlock,demonology,6,4,2
Sep,aegwynn,384,warlock,demonology,6,4,2
Tropìcal,grim-batol,384,warlock,demonology,6,4,2
Xalath,grim-batol,384,warlock,demonology,6,4,2
Roglash,eredar,384,warlock,demonology,6,4,2
Llilithh,draenor,384,warlock,demonology,6,4,2
Meningitis,tyrande,384,warlock,demonology,6,4,2
Fearco,ravencrest,384,warlock,demonology,6,4,2
Lagynka,wildhammer,384,warlock,demonology,6,4,2
Aniq,eredar,384,warlock,demonology,6,4,2
Gryme,dalaran,384,warlock,demonology,6,4,2
Yosiya,draenor,384,warlock,demonology,6,4,2
Súícìdèbøy,colinas-pardas,384,warlock,demonology,6,4,2
Nekhar,twisting-nether,384,warlock,demonology,6,4,2
Cardyw,ravencrest,384,warlock,demonology,6,4,2
Sanas,blackhand,384,warlock,demonology,6,4,2
Leadix,antonidas,384,warlock,demonology,6,4,2
Imissbolt,outland,384,warlock,demonology,6,4,2
Колмидедди,gordunni,384,warlock,demonology,6,4,2
Lémonz,stormscale,384,warlock,demonology,6,4,2
Zereff,kragjin,384,warlock,demonology,6,4,2
Maleficious,silvermoon,384,warlock,demonology,6,4,2
Àmæla,thrall,384,warlock,demonology,6,4,2
Âlîce,blackmoore,384,warlock,demonology,6,4,2
Phoenixwrath,malfurion,384,warlock,demonology,6,4,2
Komet,der-rat-von-dalaran,384,warlock,demonology,6,4,2
Exitlock,blackmoore,384,warlock,demonology,6,4,2
Náwwk,blackmoore,384,warlock,demonology,6,4,2
Cosec,silvermoon,384,warlock,demonology,6,4,2
Zàkx,silvermoon,384,warlock,demonology,6,4,2
Felhaen,silvermoon,384,warlock,demonology,6,4,2
Zakuri,blackmoore,384,warlock,demonology,6,4,2
Rredington,blackmoore,384,warlock,demonology,6,4,2
Oz,uldum,384,warlock,demonology,6,4,2
Dèsaad,stormscale,384,warlock,demonology,6,4,2
Flxzshort,kazzak,384,warlock,demonology,6,4,2
Hexovíc,blackmoore,384,warlock,demonology,6,4,2
Fredé,kazzak,384,warlock,demonology,6,4,2
Незерлок,soulflayer,384,warlock,demonology,6,4,2
Bankstair,stormscale,384,warlock,demonology,6,4,2
Okmybad,outland,384,warlock,demonology,6,4,2
Menescurse,blackhand,384,warlock,demonology,6,4,2
Cleyandra,arathor,384,warlock,demonology,6,4,2
Chaoxz,outland,384,warlock,demonology,6,4,2
Ronazul,blackhand,384,warlock,demonology,6,4,2
Keibo,drakthul,384,warlock,demonology,6,4,2
Vidorious,kilrogg,384,warlock,demonology,6,4,2
Ôlo,rajaxx,384,warlock,demonology,6,4,2
Куськысь,gordunni,384,warlock,demonology,9,5,4
Kemuruss,kazzak,384,warlock,demonology,10,5,5
Kfo,ragnaros,384,warlock,demonology,12,4,8
Fallendex,eredar,384,warlock,demonology,12,4,8
Vextos,draenor,384,warlock,demonology,12,4,8
Tuz,blackrock,384,warlock,demonology,12,4,8
Tolgaa,draenor,384,warlock,demonology,12,4,8
Lagyna,wildhammer,384,warlock,demonology,12,4,8
Hsp,dun-modr,384,warlock,demonology,12,4,8
Krútéús,perenolde,384,warlock,demonology,12,4,8
Prestoc,wrathbringer,384,warlock,demonology,12,4,8
Nulo,aggra-português,384,warlock,demonology,12,4,8
Xvron,tarren-mill,384,warlock,demonology,12,4,8
Babayagâ,sanguino,384,warlock,demonology,12,4,8
Erèss,hyjal,384,warlock,demonology,12,4,8
Graveshaker,quelthalas,384,warlock,demonology,12,4,8
Gorgôk,culte-de-la-rive-noire,384,warlock,demonology,12,4,8
Heltjettad,ravencrest,384,warlock,demonology,12,4,8
Ðârk,silvermoon,384,warlock,demonology,18,4,14
Déadwish,ravencrest,384,warlock,demonology,18,4,14
Millhaus,gorgonnash,384,warlock,demonology,18,4,14
Alucena,silvermoon,384,warlock,demonology,18,4,14
Monroé,hellfire,367,warlock,demonology,11,4,7
Nili,dethecus,351,warlock,demonology,11,4,7
Hadrianor,sanguino,336,warlock,demonology,9,4,5
Amrafel,draenor,335,warlock,demonology,15,5,10
Cencible,twisting-nether,330,warlock,demonology,15,5,10
Divvaa,tarren-mill,330,warlock,demonology,21,5,16
Floriae,silvermoon,329,warlock,demonology,13,5,8
Ghachi,draenor,319,warlock,demonology,5,4,1
Shadaw,kilrogg,319,warlock,demonology,5,4,1
Mingingclass,stormscale,288,warlock,demonology,6,3,3
Лысыйлокоть,soulflayer,288,warlock,demonology,6,3,3
Zeromaker,kazzak,288,warlock,demonology,6,3,3
Bono,frostwhisper,288,warlock,demonology,6,3,3
Teemzen,tarren-mill,288,warlock,demonology,6,3,3
Bryanz,sanguino,288,warlock,demonology,6,3,3
Karädoc,chogall,288,warlock,demonology,6,3,3
Alcringe,kazzak,288,warlock,demonology,6,3,3
Mattihoh,rexxar,288,warlock,demonology,6,3,3
Sofias,tarren-mill,288,warlock,demonology,6,3,3
Hotdogvendor,kazzak,288,warlock,demonology,6,3,3
Lebaa,burning-steppes,288,warlock,demonology,6,3,3
Drarken,sylvanas,288,warlock,demonology,6,3,3
Greyz,bloodfeather,288,warlock,demonology,6,3,3
Danishpistol,draenor,288,warlock,demonology,6,3,3
Dispelpls,dun-morogh,288,warlock,demonology,6,3,3
Shjzzkl,blackmoore,288,warlock,demonology,6,3,3
Plocke,aegwynn,288,warlock,demonology,6,3,3
Дотботх,howling-fjord,288,warlock,demonology,6,3,3
Waîdo,blackhand,288,warlock,demonology,6,3,3
Цетрелисс,gordunni,288,warlock,demonology,6,3,3
Antuan,sanguino,288,warlock,demonology,6,3,3
Vladov,ravencrest,288,warlock,demonology,6,3,3
Moelock,frostmane,288,warlock,demonology,6,3,3
Локистраик,borean-tundra,288,warlock,demonology,6,3,3
Väladar,sanguino,288,warlock,demonology,6,3,3
Комочеро,soulflayer,288,warlock,demonology,6,3,3
Cropper,turalyon,288,warlock,demonology,6,3,3
Альтдаен,borean-tundra,288,warlock,demonology,6,3,3
Zloezlo,ravencrest,288,warlock,demonology,6,3,3
Sánas,blackhand,288,warlock,demonology,6,3,3
Shádóws,nagrand,288,warlock,demonology,6,3,3
Curzed,emerald-dream,288,warlock,demonology,6,3,3
Theronas,tarren-mill,288,warlock,demonology,6,3,3
Opiumers,kazzak,288,warlock,demonology,6,3,3
Syrax,darkmoon-faire,288,warlock,demonology,6,3,3
Журанайсбой,blackscar,288,warlock,demonology,6,3,3
Legiozock,draenor,288,warlock,demonology,6,3,3
Tathyanna,archimonde,288,warlock,demonology,6,3,3
Cainn,kilrogg,288,warlock,demonology,6,3,3
Elmîr,blackmoore,288,warlock,demonology,6,3,3
Dortes,blackrock,288,warlock,demonology,6,3,3
Talindra,stormscale,288,warlock,demonology,6,3,3
Ðênnis,tarren-mill,288,warlock,demonology,6,3,3
Bëllatrïx,zuljin,288,warlock,demonology,6,3,3
Sleethy,destromath,288,warlock,demonology,6,3,3
Kigro,burning-legion,288,warlock,demonology,6,3,3
Сантизи,gordunni,288,warlock,demonology,6,3,3
Pidka,drakthul,288,warlock,demonology,6,3,3
Eredun,stormscale,288,warlock,demonology,6,3,3
Ronniee,moonglade,288,warlock,demonology,6,3,3
Larina,neptulon,288,warlock,demonology,6,3,3
Darkpush,outland,288,warlock,demonology,6,3,3
Osyx,ravencrest,288,warlock,demonology,6,3,3
Wombsa,blackmoore,288,warlock,demonology,6,3,3
Feardinkum,twisting-nether,288,warlock,demonology,6,3,3
Wendetta,stormreaver,288,warlock,demonology,6,3,3
Ноанс,howling-fjord,288,warlock,demonology,6,3,3
Gyroib,stormscale,288,warlock,demonology,6,3,3
Oniarc,ravencrest,288,warlock,demonology,6,3,3
Hazzikosby,ravencrest,288,warlock,demonology,6,3,3
Áiram,the-maelstrom,288,warlock,demonology,6,3,3
Hifiz,grim-batol,288,warlock,demonology,6,3,3
Cptdotalot,tarren-mill,288,warlock,demonology,6,3,3
Afflimoomoo,tarren-mill,288,warlock,demonology,6,3,3
Angrynoob,silvermoon,288,warlock,demonology,6,3,3
Miazmii,ragnaros,288,warlock,demonology,6,3,3
Slytofhandio,silvermoon,288,warlock,demonology,6,3,3
Warlololock,magtheridon,288,warlock,demonology,6,3,3
Sidragasoss,drakthul,288,warlock,demonology,6,3,3
Askanios,twisting-nether,288,warlock,demonology,6,3,3
Silås,hyjal,288,warlock,demonology,6,3,3
Yerslock,twisting-nether,288,warlock,demonology,6,3,3
Bigsuckergg,norgannon,288,warlock,demonology,6,3,3
Hasselbalch,azshara,288,warlock,demonology,6,3,3
Matheus,zenedar,288,warlock,demonology,6,3,3
Infernion,stormscale,288,warlock,demonology,6,3,3
Рашчер,gordunni,288,warlock,demonology,6,3,3
Zìì,silvermoon,288,warlock,demonology,6,3,3
Prayz,twisting-nether,288,warlock,demonology,6,3,3
Nerdbane,blackrock,288,warlock,demonology,6,3,3
Аркейнмизери,howling-fjord,288,warlock,demonology,6,3,3
Xenq,ravencrest,288,warlock,demonology,6,3,3
Nineinchlock,silvermoon,288,warlock,demonology,6,3,3
Buserella,eredar,288,warlock,demonology,6,3,3
Lucifer,burning-legion,288,warlock,demonology,6,3,3
Гвадривер,howling-fjord,288,warlock,demonology,6,3,3
Nopower,dun-morogh,288,warlock,demonology,9,3,6
Kyyuss,burning-legion,288,warlock,demonology,12,3,9
Chaosbolts,balnazzar,288,warlock,demonology,12,3,9
Ønyzukral,hyjal,288,warlock,demonology,12,3,9
Ftpete,argent-dawn,288,warlock,demonology,12,3,9
Laveau,outland,288,warlock,demonology,12,3,9
Kamí,sanguino,288,warlock,demonology,12,3,9
Clef,blackmoore,288,warlock,demonology,12,3,9
Surgelock,draenor,288,warlock,demonology,12,3,9
Cassen,outland,288,warlock,demonology,12,3,9
Cetreros,minahonda,288,warlock,demonology,12,3,9
Панкмэйстер,gordunni,288,warlock,demonology,18,3,15
Hartee,argent-dawn,288,warlock,demonology,18,3,15
Summøn,stormreaver,288,warlock,demonology,20,3,17
Lìlitu,malfurion,287,warlock,demonology,6,3,3
Dust,argent-dawn,287,warlock,demonology,12,3,9
Wieczek,doomhammer,287,warlock,demonology,12,3,9
Polanka,drakthul,286,warlock,demonology,6,3,3
Hasla,stormreaver,256,warlock,demonology,10,3,7
Felrazer,silvermoon,255,warlock,demonology,11,3,8
Sallêy,blackhand,239,warlock,demonology,5,3,2
Ánderx,dun-modr,239,warlock,demonology,5,3,2
Calypso,korgall,239,warlock,demonology,5,3,2
Vornex,sporeggar,234,warlock,demonology,9,4,5
Hokoreuw,echsenkessel,234,warlock,demonology,9,4,5
Watii,stormscale,234,warlock,demonology,10,4,6
Suucc,draenor,202,warlock,demonology,12,4,8
Clottbott,twisting-nether,192,warlock,demonology,6,2,4
Kudde,twisting-nether,192,warlock,demonology,6,2,4
Nachoodude,blackrock,192,warlock,demonology,6,2,4
Neijihbolt,blackrock,192,warlock,demonology,6,2,4
Чёрныйкнижал,eversong,192,warlock,demonology,6,2,4
Бешентумай,goldrinn,192,warlock,demonology,6,2,4
Кощун,goldrinn,192,warlock,demonology,6,2,4
Fearlessgødx,ravencrest,192,warlock,demonology,6,2,4
Àbraxàs,nemesis,192,warlock,demonology,6,2,4
Hodille,argent-dawn,192,warlock,demonology,6,2,4
Morgainé,arygos,192,warlock,demonology,6,2,4
Paintherapy,blackrock,192,warlock,demonology,6,2,4
Stromzii,silvermoon,192,warlock,demonology,6,2,4
Junakot,silvermoon,192,warlock,demonology,6,2,4
Prestige,nemesis,192,warlock,demonology,6,2,4
Pablø,silvermoon,192,warlock,demonology,6,2,4
Democraft,the-maelstrom,192,warlock,demonology,6,2,4
Cadrega,nemesis,192,warlock,demonology,6,2,4
Zxò,twisting-nether,192,warlock,demonology,6,2,4
Minidiction,ravencrest,192,warlock,demonology,6,2,4
Fortheend,twisting-nether,192,warlock,demonology,6,2,4
Oldasiangirl,blackrock,192,warlock,demonology,6,2,4
Jiy,senjin,192,warlock,demonology,6,2,4
Flatwolenzy,blackrock,192,warlock,demonology,6,2,4
Seldonn,pozzo-delleternità,192,warlock,demonology,6,2,4
Gammalgubbe,stormscale,192,warlock,demonology,6,2,4
Omegachad,draenor,192,warlock,demonology,6,2,4
Baradür,sanguino,192,warlock,demonology,6,2,4
Анрали,deathguard,192,warlock,demonology,6,2,4
Nuckki,antonidas,192,warlock,demonology,6,2,4
Mirezl,taerar,192,warlock,demonology,6,2,4
Retrosatanas,archimonde,192,warlock,demonology,6,2,4
Fløkee,blackmoore,192,warlock,demonology,6,2,4
Gtxtreme,kazzak,192,warlock,demonology,6,2,4
Trimar,archimonde,192,warlock,demonology,6,2,4
Belzedan,blackrock,192,warlock,demonology,6,2,4
Djfearbot,kazzak,192,warlock,demonology,6,2,4
Hèrmit,kazzak,192,warlock,demonology,6,2,4
Meisterhexe,taerar,192,warlock,demonology,6,2,4
Cevérus,chogall,192,warlock,demonology,6,2,4
Vazelin,stormscale,192,warlock,demonology,6,2,4
Ohanze,antonidas,192,warlock,demonology,6,2,4
Sneptics,draenor,192,warlock,demonology,6,2,4
Shirruun,the-maelstrom,192,warlock,demonology,6,2,4
Fearmighty,kazzak,192,warlock,demonology,6,2,4
Charmerx,kazzak,192,warlock,demonology,6,2,4
Sweëk,blackhand,192,warlock,demonology,6,2,4
Kaobolt,archimonde,192,warlock,demonology,6,2,4
Nècrøphila,kazzak,192,warlock,demonology,6,2,4
Ekispekis,tarren-mill,192,warlock,demonology,6,2,4
Artys,tarren-mill,192,warlock,demonology,6,2,4
Luckylocked,kazzak,192,warlock,demonology,6,2,4
Xedras,aegwynn,192,warlock,demonology,6,2,4
Cali,ahnqiraj,192,warlock,demonology,6,2,4
Darkdax,dethecus,192,warlock,demonology,6,2,4
Tàkaz,drekthar,192,warlock,demonology,6,2,4
Bytethisx,aggra-português,192,warlock,demonology,6,2,4
Andrealphus,outland,192,warlock,demonology,6,2,4
Branduir,ragnaros,192,warlock,demonology,6,2,4
Vàng,ysondre,192,warlock,demonology,6,2,4
Salvatoríy,outland,192,warlock,demonology,6,2,4
Dondada,aggra-português,192,warlock,demonology,6,2,4
Azgaroth,kazzak,192,warlock,demonology,6,2,4
Ribbed,frostmane,192,warlock,demonology,6,2,4
Händerå,ragnaros,192,warlock,demonology,6,2,4
Neg,sylvanas,192,warlock,demonology,6,2,4
Lokelicious,ragnaros,192,warlock,demonology,6,2,4
Drith,blades-edge,192,warlock,demonology,6,2,4
Iblis,grim-batol,192,warlock,demonology,6,2,4
Lynnqt,sylvanas,192,warlock,demonology,6,2,4
Limec,dun-morogh,192,warlock,demonology,6,2,4
Bu,zirkel-des-cenarius,192,warlock,demonology,6,2,4
Zyréx,eredar,192,warlock,demonology,6,2,4
Azurma,tarren-mill,192,warlock,demonology,6,2,4
Slowfatlock,ravencrest,192,warlock,demonology,6,2,4
Nerfwarriors,stormscale,192,warlock,demonology,6,2,4
Médeâ,ravencrest,192,warlock,demonology,6,2,4
Epoku,stormscale,192,warlock,demonology,6,2,4
Liwerno,dunemaul,192,warlock,demonology,6,2,4
Dotcha,ravencrest,192,warlock,demonology,6,2,4
Necronem,thrall,192,warlock,demonology,6,2,4
Kukkojapallo,ravencrest,192,warlock,demonology,6,2,4
Pufulet,sylvanas,192,warlock,demonology,6,2,4
Скверногрик,fordragon,192,warlock,demonology,6,2,4
Bowti,ravencrest,192,warlock,demonology,6,2,4
Хэлласс,blackscar,192,warlock,demonology,6,2,4
Plsbuffme,ravencrest,192,warlock,demonology,6,2,4
Vitrolizz,twilights-hammer,192,warlock,demonology,6,2,4
Малдрацит,gordunni,192,warlock,demonology,6,2,4
Assaabloy,stormscale,192,warlock,demonology,6,2,4
Лоредо,howling-fjord,192,warlock,demonology,6,2,4
Visenyá,magtheridon,192,warlock,demonology,6,2,4
Happysrme,thrall,192,warlock,demonology,6,2,4
Surfingbirdz,ragnaros,192,warlock,demonology,6,2,4
Denominos,ravencrest,192,warlock,demonology,6,2,4
Fatkkroth,ravencrest,192,warlock,demonology,6,2,4
Вериберри,gordunni,192,warlock,demonology,6,2,4
Cräwley,ragnaros,192,warlock,demonology,6,2,4
Chram,uldum,192,warlock,demonology,7,2,5
Henriett,ravencrest,192,warlock,demonology,12,2,10
Superlocken,ragnaros,192,warlock,demonology,12,2,10
Saruna,azshara,192,warlock,demonology,12,2,10
Arciam,kazzak,192,warlock,demonology,12,2,10
Portmachine,draenor,192,warlock,demonology,12,2,10
Wòóni,ravencrest,192,warlock,demonology,12,2,10
Rayanna,twisting-nether,192,warlock,demonology,18,2,16
Myskul,burning-legion,138,warlock,demonology,10,4,6
Omaleinfluch,antonidas,138,warlock,demonology,9,3,6
Myristica,die-todeskrallen,96,warlock,demonology,3,2,1
Árkan,thrall,96,warlock,demonology,6,1,5
Маверрикк,gordunni,96,warlock,demonology,6,1,5
Ruvy,twisting-nether,96,warlock,demonology,6,1,5
Necroless,shadowsong,96,warlock,demonology,6,1,5
Jopil,stormreaver,96,warlock,demonology,6,1,5
Tid,burning-legion,96,warlock,demonology,6,1,5
Burzak,azshara,96,warlock,demonology,6,1,5
Аффликатор,soulflayer,96,warlock,demonology,6,1,5
Bolt,stormscale,96,warlock,demonology,6,1,5
Chuntlock,shadowsong,96,warlock,demonology,6,1,5
Yourdeaath,ravencrest,96,warlock,demonology,6,1,5
Ашимал,soulflayer,96,warlock,demonology,6,1,5
Diseased,darksorrow,96,warlock,demonology,6,1,5
Gnimoz,silvermoon,96,warlock,demonology,6,1,5
Fyxs,talnivarr,96,warlock,demonology,6,1,5
Méetoo,thrall,96,warlock,demonology,6,1,5
Hexus,teldrassil,96,warlock,demonology,6,1,5
Zebauron,twisting-nether,96,warlock,demonology,6,1,5
Remzin,silvermoon,96,warlock,demonology,6,1,5
Kenthal,nemesis,96,warlock,demonology,6,1,5
Skufi,uldum,96,warlock,demonology,6,1,5
Ðßøhßäøùí,blackmoore,96,warlock,demonology,6,1,5
Nethros,ragnaros,96,warlock,demonology,6,1,5
Helikipotter,kazzak,96,warlock,demonology,6,1,5
Lockitz,kazzak,96,warlock,demonology,6,1,5
Elyraah,hyjal,96,warlock,demonology,6,1,5
Sshhaaddooww,outland,96,warlock,demonology,6,1,5
Militianu,sylvanas,96,warlock,demonology,6,1,5
Zardonixz,stormscale,96,warlock,demonology,6,1,5
Emethia,darksorrow,96,warlock,demonology,6,1,5
Inien,sylvanas,96,warlock,demonology,6,1,5
Utuklululu,archimonde,96,warlock,demonology,6,1,5
Zangul,ysondre,96,warlock,demonology,6,1,5
Marann,dun-morogh,96,warlock,demonology,6,1,5
Catherine,garrosh,96,warlock,demonology,6,1,5
Darkbazul,burning-legion,96,warlock,demonology,6,1,5
Hathatchi,sylvanas,96,warlock,demonology,6,1,5
Lovromalt,kazzak,96,warlock,demonology,6,1,5
Messire,ragnaros,96,warlock,demonology,6,1,5
Lichlolocked,outland,96,warlock,demonology,6,1,5
Бестий,fordragon,96,warlock,demonology,6,1,5
Kàiser,sanguino,96,warlock,demonology,12,1,11
Wolramir,thrall,96,warlock,demonology,12,1,11
Tchytcha,archimonde,79,warlock,demonology,5,1,4
Boccu,magtheridon,64,warlock,demonology,4,1,3
Dailylock,kazzak,64,warlock,demonology,4,1,3
Waryald,dun-modr,64,warlock,demonology,4,1,3
Кусокплети,grom,63,warlock,demonology,2,2,0
Tequendama,ysera,42,warlock,demonology,10,3,7
Xydar,stormscale,42,warlock,demonology,10,2,8
Wartix,nathrezim,31,warlock,demonology,2,1,1
Berris,argent-dawn,31,warlock,demonology,2,1,1
Lollock,teldrassil,31,warlock,demonology,2,1,1
Hellâna,kirin-tor,31,warlock,demonology,2,1,1
Агрессивная,soulflayer,31,warlock,demonology,2,1,1
Loghit,ravencrest,16,warlock,demonology,1,1,0
Ravenmore,kazzak,16,warlock,demonology,1,1,0
Lzoo,ravencrest,2467,warlock,destruction,84,65,19
Creatúre,drakthul,2446,warlock,destruction,66,53,13
Inferniøn,ravencrest,2422,warlock,destruction,93,68,25
Infý,ravencrest,2393,warlock,destruction,190,121,69
Tópdogg,twisting-nether,2356,warlock,destruction,78,60,18
Jâzggz,twisting-nether,2351,warlock,destruction,96,64,32
Фаерморн,blackscar,2345,warlock,destruction,132,83,49
Steckenpferd,blackmoore,2325,warlock,destruction,66,45,21
Stopdaddyplz,ravencrest,2312,warlock,destruction,101,59,42
Brokenearman,defias-brotherhood,2308,warlock,destruction,53,44,9
Erutaerc,drakthul,2303,warlock,destruction,144,86,58
Canabolic,stormscale,2288,warlock,destruction,102,63,39
Geluwu,tarren-mill,2284,warlock,destruction,90,52,38
Indraxx,hyjal,2266,warlock,destruction,110,60,50
Cryzzbad,stormscale,2265,warlock,destruction,54,38,16
Bualock,stormscale,2257,warlock,destruction,89,51,38
Acentro,stormscale,2246,warlock,destruction,83,50,33
Боуман,howling-fjord,2243,warlock,destruction,96,56,40
Faermorn,kazzak,2241,warlock,destruction,100,55,45
Tjl,kazzak,2239,warlock,destruction,233,132,101
Xeremas,blackrock,2237,warlock,destruction,83,62,21
Zélroth,argent-dawn,2230,warlock,destruction,192,111,81
Фримех,soulflayer,2221,warlock,destruction,89,65,24
Snapperz,stormscale,2217,warlock,destruction,156,85,71
Zâyo,ravencrest,2216,warlock,destruction,84,53,31
Sterlock,sylvanas,2216,warlock,destruction,85,49,36
Lopari,aegwynn,2213,warlock,destruction,112,66,46
Azurma,tarren-mill,2211,warlock,destruction,78,47,31
Dæhli,argent-dawn,2204,warlock,destruction,102,56,46
Anihli,kazzak,2204,warlock,destruction,263,141,122
Veganlifter,ravencrest,2201,warlock,destruction,60,44,16
Yúnalesca,aegwynn,2200,warlock,destruction,125,80,45
Lolbadx,ravencrest,2199,warlock,destruction,66,48,18
Rootzlx,ravencrest,2197,warlock,destruction,122,71,51
Amdead,sylvanas,2186,warlock,destruction,120,80,40
Ánderxyo,dun-modr,2185,warlock,destruction,54,40,14
Шедон,soulflayer,2182,warlock,destruction,72,46,26
Шархихохо,gordunni,2182,warlock,destruction,117,63,54
Kimkold,twisting-nether,2181,warlock,destruction,102,53,49
Ìpen,bloodfeather,2179,warlock,destruction,89,52,37
Lhestér,outland,2178,warlock,destruction,99,60,39
Legionlockxd,twisting-nether,2178,warlock,destruction,118,65,53
Bfaexpert,ravencrest,2175,warlock,destruction,54,34,20
Senkai,kelthuzad,2173,warlock,destruction,66,45,21
Wällaar,ragnaros,2170,warlock,destruction,132,81,51
Hladankurac,twisting-nether,2170,warlock,destruction,78,44,34
Wotlkenjoyer,ravencrest,2169,warlock,destruction,114,69,45
Кириланскил,gordunni,2167,warlock,destruction,72,41,31
Zila,sylvanas,2167,warlock,destruction,113,59,54
Зеленаямразь,soulflayer,2166,warlock,destruction,97,51,46
Armellixd,dun-modr,2163,warlock,destruction,92,50,42
Тагочи,gordunni,2163,warlock,destruction,187,97,90
Deezbolts,kazzak,2162,warlock,destruction,95,50,45
Fsandtwo,ravencrest,2160,warlock,destruction,143,87,56
Handicapped,burning-legion,2158,warlock,destruction,78,47,31
Спаводах,soulflayer,2158,warlock,destruction,67,39,28
Kuckacocucka,outland,2156,warlock,destruction,113,70,43
Jadesud,archimonde,2154,warlock,destruction,72,48,24
Zèlêph,archimonde,2154,warlock,destruction,192,120,72
Рашчер,gordunni,2153,warlock,destruction,119,68,51
Glooness,burning-legion,2151,warlock,destruction,78,43,35
Johanan,ravencrest,2148,warlock,destruction,53,35,18
Avenueat,kazzak,2145,warlock,destruction,81,43,38
Tekrowdy,blackmoore,2144,warlock,destruction,48,33,15
Ilovemimi,hyjal,2144,warlock,destruction,65,38,27
Soulboltx,ragnaros,2144,warlock,destruction,84,46,38
Koisk,tarren-mill,2142,warlock,destruction,82,47,35
Alphazero,zuluhed,2142,warlock,destruction,160,88,72
Bóbtown,stormscale,2142,warlock,destruction,378,205,173
Боумонн,howling-fjord,2140,warlock,destruction,54,40,14
Umbraz,blackmoore,2139,warlock,destruction,198,104,94
Боуманн,howling-fjord,2138,warlock,destruction,117,60,57
Veganlifter,blackhand,2136,warlock,destruction,72,45,27
Dogdrakex,tarren-mill,2133,warlock,destruction,81,47,34
Tàkaz,drekthar,2132,warlock,destruction,136,83,53
Lockisbadx,draenor,2132,warlock,destruction,72,43,29
Rexløck,nozdormu,2132,warlock,destruction,227,133,94
Эвилакс,gordunni,2131,warlock,destruction,78,50,28
Haedache,tarren-mill,2131,warlock,destruction,137,78,59
Fyxs,talnivarr,2129,warlock,destruction,60,42,18
Bambkin,twisting-nether,2128,warlock,destruction,179,105,74
Balding,blackhand,2124,warlock,destruction,60,37,23
Nògg,frostwhisper,2120,warlock,destruction,66,42,24
Кобре,howling-fjord,2120,warlock,destruction,84,52,32
Gulwer,blackmoore,2120,warlock,destruction,66,40,26
Vîmø,antonidas,2120,warlock,destruction,203,123,80
Dayken,silvermoon,2117,warlock,destruction,63,44,19
Блакхен,blackscar,2117,warlock,destruction,66,38,28
Varaxxis,twisting-nether,2116,warlock,destruction,144,81,63
Lyâ,ravencrest,2116,warlock,destruction,66,35,31
Absurdity,twisting-nether,2116,warlock,destruction,131,65,66
Onekxz,blackrock,2115,warlock,destruction,56,45,11
Djmcwarlock,kazzak,2115,warlock,destruction,68,40,28
Lywov,stormscale,2115,warlock,destruction,114,57,57
Voldby,kazzak,2114,warlock,destruction,244,125,119
Boltilicious,kazzak,2113,warlock,destruction,108,61,47
Bluefungirl,stormscale,2111,warlock,destruction,120,73,47
Whakkx,blackrock,2111,warlock,destruction,114,66,48
Кериген,gordunni,2111,warlock,destruction,72,38,34
Рауваскх,howling-fjord,2110,warlock,destruction,53,31,22
Motcha,kazzak,2110,warlock,destruction,66,38,28
Drdoit,blackrock,2109,warlock,destruction,84,46,38
Xerxeus,drakthul,2108,warlock,destruction,66,46,20
Силорий,howling-fjord,2108,warlock,destruction,85,54,31
Vregor,twisting-nether,2106,warlock,destruction,54,38,16
Инферналках,gordunni,2106,warlock,destruction,71,48,23
Deadpapi,outland,2106,warlock,destruction,131,82,49
Panda,aegwynn,2106,warlock,destruction,60,36,24
Bankstair,stormscale,2105,warlock,destruction,66,44,22
Císuh,stormreaver,2105,warlock,destruction,126,71,55
Drainsouls,stormscale,2105,warlock,destruction,189,105,84
Skillførçé,kazzak,2102,warlock,destruction,54,41,13
Wldot,ravencrest,2102,warlock,destruction,84,53,31
Mekanix,kazzak,2102,warlock,destruction,72,43,29
Wester,blackmoore,2102,warlock,destruction,108,61,47
Артик,gordunni,2101,warlock,destruction,48,37,11
Kamoriwl,blackhand,2101,warlock,destruction,78,45,33
Nògg,kazzak,2101,warlock,destruction,113,57,56
Påsqúåls,ravencrest,2100,warlock,destruction,108,63,45
Deßra,stormscale,2100,warlock,destruction,84,47,37
Xesh,kiljaeden,2098,warlock,destruction,216,115,101
Телола,gordunni,2095,warlock,destruction,168,93,75
Sehk,stormreaver,2093,warlock,destruction,66,44,22
Djwarlock,kazzak,2091,warlock,destruction,124,66,58
Stefcheto,twilights-hammer,2090,warlock,destruction,155,86,69
Chaosbolt,kelthuzad,2088,warlock,destruction,72,42,30
Inflicts,frostmane,2083,warlock,destruction,66,37,29
Velv,nagrand,2082,warlock,destruction,120,59,61
Felcamino,outland,2077,warlock,destruction,78,40,38
Xfz,stormscale,2076,warlock,destruction,84,42,42
Dabzw,twisting-nether,2075,warlock,destruction,67,43,24
Kerídiin,twisting-nether,2075,warlock,destruction,114,63,51
Xxjz,ravencrest,2068,warlock,destruction,156,87,69
Bualock,sylvanas,2068,warlock,destruction,60,33,27
Whatamellown,aegwynn,2064,warlock,destruction,66,40,26
Magonyth,ravencrest,2064,warlock,destruction,275,147,128
Arfdispo,hyjal,2064,warlock,destruction,161,83,78
Metaslave,sunstrider,2063,warlock,destruction,42,33,9
Omegazero,zuluhed,2063,warlock,destruction,101,58,43
Yùna,frostwolf,2063,warlock,destruction,98,56,42
Bewegen,frostwolf,2061,warlock,destruction,90,50,40
Válýrá,blackhand,2057,warlock,destruction,65,43,22
Malddog,turalyon,2056,warlock,destruction,126,72,54
Flyingjakob,argent-dawn,2055,warlock,destruction,77,40,37
Dsï,outland,2055,warlock,destruction,125,63,62
Rohyna,archimonde,2053,warlock,destruction,60,42,18
Простишутках,gordunni,2051,warlock,destruction,48,30,18
Паилка,galakrond,2051,warlock,destruction,157,84,73
Rhüd,twisting-nether,2050,warlock,destruction,95,54,41
Zilalol,sylvanas,2048,warlock,destruction,186,97,89
Мспечень,howling-fjord,2044,warlock,destruction,60,41,19
Héffer,outland,2044,warlock,destruction,121,80,41
Drowlý,twisting-nether,2044,warlock,destruction,119,65,54
Ez,emeriss,2042,warlock,destruction,61,45,16
Vitus,malganis,2040,warlock,destruction,258,139,119
Avogeiñ,tarren-mill,2039,warlock,destruction,70,35,35
Kwoleriker,norgannon,2038,warlock,destruction,76,43,33
Tuplajekku,sylvanas,2038,warlock,destruction,119,58,61
Stankaemayne,blackhand,2037,warlock,destruction,78,43,35
Malgarøth,tarren-mill,2037,warlock,destruction,89,43,46
Necorinexx,silvermoon,2035,warlock,destruction,48,27,21
Bäle,stormreaver,2035,warlock,destruction,130,71,59
Alxor,archimonde,2033,warlock,destruction,156,91,65
Mxdojsrvqxzq,ravencrest,2032,warlock,destruction,309,163,146
Djdampening,bloodhoof,2031,warlock,destruction,190,111,79
Guciflipflop,twisting-nether,2030,warlock,destruction,168,89,79
Necromanya,ravencrest,2029,warlock,destruction,192,108,84
Vileclass,ravencrest,2029,warlock,destruction,98,53,45
Shârîngan,kazzak,2028,warlock,destruction,114,71,43
Онлидемон,gordunni,2028,warlock,destruction,159,84,75
Portlock,kazzak,2028,warlock,destruction,197,103,94
Freezme,tarren-mill,2026,warlock,destruction,90,55,35
Pørtal,aggra-português,2024,warlock,destruction,143,76,67
Chromosomex,dentarg,2021,warlock,destruction,84,51,33
Nëismz,hyjal,2019,warlock,destruction,54,32,22
Чудастрх,azuregos,2018,warlock,destruction,120,65,55
Kalwyn,stormscale,2017,warlock,destruction,48,34,14
Exitlock,blackmoore,2017,warlock,destruction,84,52,32
Laedreth,argent-dawn,2017,warlock,destruction,262,142,120
Bigbolt,arathor,2017,warlock,destruction,113,61,52
Andtheysay,outland,2016,warlock,destruction,266,149,117
Miauwu,stormscale,2015,warlock,destruction,53,38,15
Pepitogodx,khaz-modan,2013,warlock,destruction,78,53,25
Dersdog,twisting-nether,2010,warlock,destruction,57,34,23
Блейдап,razuvious,2009,warlock,destruction,72,39,33
Epzi,outland,2008,warlock,destruction,47,27,20
Boltzer,archimonde,2008,warlock,destruction,155,88,67
Bladey,ragnaros,2008,warlock,destruction,227,126,101
Простишуткаь,gordunni,2007,warlock,destruction,30,21,9
Nyiks,blackhand,2007,warlock,destruction,64,36,28
Brødo,dun-modr,2007,warlock,destruction,93,50,43
Жасминдос,blackscar,2006,warlock,destruction,63,42,21
Madridistaß,outland,2004,warlock,destruction,263,133,130
Chaosbuster,magtheridon,2002,warlock,destruction,155,90,65
Wäisted,ravencrest,2001,warlock,destruction,54,33,21
Кишмякхб,howling-fjord,2001,warlock,destruction,127,64,63
Bryanz,sanguino,2000,warlock,destruction,100,50,50
Doturanal,blackmoore,1999,warlock,destruction,102,57,45
Блудгэнг,blackscar,1998,warlock,destruction,102,64,38
Gøzù,antonidas,1998,warlock,destruction,72,37,35
Feardotbye,stormscale,1995,warlock,destruction,66,38,28
Buâlock,stormscale,1994,warlock,destruction,36,26,10
Salvabolter,outland,1994,warlock,destruction,94,56,38
Rockbèll,blackmoore,1992,warlock,destruction,48,36,12
Exephia,laughing-skull,1991,warlock,destruction,84,40,44
Gruggenbach,twisting-nether,1989,warlock,destruction,60,34,26
Obrusik,burning-legion,1989,warlock,destruction,107,52,55
Gorillabolts,tarren-mill,1988,warlock,destruction,114,53,61
Osîrîs,aegwynn,1985,warlock,destruction,113,56,57
Xiraq,nathrezim,1984,warlock,destruction,84,47,37
Logicdotexé,tarren-mill,1983,warlock,destruction,67,42,25
Bónz,outland,1983,warlock,destruction,75,35,40
Onuurbro,kult-der-verdammten,1982,warlock,destruction,60,41,19
Гивмисоул,soulflayer,1981,warlock,destruction,66,40,26
Gregwyn,hellscream,1979,warlock,destruction,60,36,24
Achluophobiå,ravencrest,1979,warlock,destruction,87,50,37
Andrewdaniel,twisting-nether,1979,warlock,destruction,72,39,33
Sqx,veklor,1978,warlock,destruction,60,39,21
Tierzxc,ravencrest,1978,warlock,destruction,63,39,24
Beebs,aegwynn,1977,warlock,destruction,58,40,18
Veridy,kazzak,1977,warlock,destruction,148,83,65
Rmpfarmer,kazzak,1976,warlock,destruction,36,23,13
Sjödin,tarren-mill,1975,warlock,destruction,36,27,9
Hotdoghomie,tarren-mill,1974,warlock,destruction,36,28,8
Xwíng,stormscale,1974,warlock,destruction,48,35,13
Ryûsuke,dun-modr,1974,warlock,destruction,107,59,48
Acanthis,outland,1974,warlock,destruction,66,34,32
Gnargamehl,nemesis,1973,warlock,destruction,66,39,27
Laciewaifu,silvermoon,1973,warlock,destruction,73,41,32
Артисона,gordunni,1973,warlock,destruction,71,35,36
Тевон,gordunni,1971,warlock,destruction,117,70,47
Fercon,kazzak,1971,warlock,destruction,104,59,45
Демоник,deathguard,1971,warlock,destruction,71,39,32
Tarilinwelli,les-sentinelles,1970,warlock,destruction,46,42,4
Asáel,blackrock,1968,warlock,destruction,84,47,37
Gogmorok,dunemaul,1968,warlock,destruction,335,171,164
Pôhzz,archimonde,1967,warlock,destruction,48,34,14
Якурюимнепох,gordunni,1967,warlock,destruction,243,132,111
Exhäle,archimonde,1966,warlock,destruction,59,37,22
Valthorion,arthas,1965,warlock,destruction,66,35,31
Влицотьмой,gordunni,1965,warlock,destruction,72,38,34
Aniq,eredar,1965,warlock,destruction,72,37,35
Brainac,blackrock,1964,warlock,destruction,54,33,21
Superlocken,ragnaros,1964,warlock,destruction,89,44,45
Lifetapped,tarren-mill,1961,warlock,destruction,83,45,38
Ragdoll,twisting-nether,1960,warlock,destruction,70,40,30
Upsahl,twisting-nether,1960,warlock,destruction,147,82,65
Ðiavel,kazzak,1959,warlock,destruction,71,41,30
Rêctûmsêêkêr,ravencrest,1959,warlock,destruction,66,36,30
Èlton,tarren-mill,1958,warlock,destruction,204,115,89
Tharaqt,kazzak,1957,warlock,destruction,53,33,20
Klnr,ravencrest,1957,warlock,destruction,128,75,53
Взорг,soulflayer,1957,warlock,destruction,120,65,55
Тьмазвёздная,gordunni,1956,warlock,destruction,96,63,33
Looneytoonz,blackrock,1956,warlock,destruction,84,50,34
Rune,aegwynn,1956,warlock,destruction,154,87,67
Corbbolt,drakthul,1955,warlock,destruction,102,54,48
Benne,stormscale,1954,warlock,destruction,69,42,27
Сумракк,gordunni,1954,warlock,destruction,66,35,31
Nayolana,argent-dawn,1954,warlock,destruction,87,45,42
Freddaxd,outland,1953,warlock,destruction,76,48,28
Hømïcîðæl,ravencrest,1953,warlock,destruction,72,45,27
Xtasyslock,archimonde,1953,warlock,destruction,60,36,24
Ashlÿn,draenor,1952,warlock,destruction,47,31,16
Хастла,ashenvale,1952,warlock,destruction,72,41,31
Nekrofille,outland,1952,warlock,destruction,60,30,30
Laolife,twisting-nether,1951,warlock,destruction,132,67,65
Kumamoto,tarren-mill,1950,warlock,destruction,48,32,16
Deathfløw,draenor,1950,warlock,destruction,138,86,52
Supergeîl,blackrock,1950,warlock,destruction,90,48,42
Èmøgøðqt,ravencrest,1949,warlock,destruction,60,32,28
Tschapatalpi,blackhand,1947,warlock,destruction,70,35,35
Someonepro,tarren-mill,1947,warlock,destruction,155,76,79
Ulora,zirkel-des-cenarius,1946,warlock,destruction,89,50,39
Brodoh,dun-modr,1946,warlock,destruction,48,26,22
Rabasta,blackmoore,1945,warlock,destruction,60,33,27
Jøkèr,stormscale,1943,warlock,destruction,30,21,9
Drerlord,tarren-mill,1943,warlock,destruction,107,64,43
Сильвиос,howling-fjord,1943,warlock,destruction,100,49,51
Sarthrax,argent-dawn,1942,warlock,destruction,120,70,50
Gloon,burning-legion,1941,warlock,destruction,72,35,37
Badloljk,stormscale,1940,warlock,destruction,52,34,18
Tikondrus,ravencrest,1940,warlock,destruction,66,38,28
Ниезвестнно,soulflayer,1938,warlock,destruction,59,31,28
Dótstuff,draenor,1937,warlock,destruction,48,32,16
Giñtama,ravencrest,1936,warlock,destruction,30,24,6
Howtofake,doomhammer,1936,warlock,destruction,60,35,25
Suprezz,sylvanas,1936,warlock,destruction,78,45,33
Кенгарь,howling-fjord,1936,warlock,destruction,153,80,73
Ashmodéus,defias-brotherhood,1935,warlock,destruction,53,32,21
Mohihi,ravencrest,1934,warlock,destruction,78,39,39
Gilfhaunter,malganis,1932,warlock,destruction,30,23,7
Fakegodx,ravencrest,1932,warlock,destruction,48,31,17
Envizer,ravencrest,1931,warlock,destruction,48,30,18
Nyotu,antonidas,1931,warlock,destruction,137,74,63
Ayperos,tyrande,1930,warlock,destruction,108,59,49
Twork,tarren-mill,1930,warlock,destruction,60,31,29
Isuckwarlock,aegwynn,1930,warlock,destruction,78,37,41
Kayloo,archimonde,1928,warlock,destruction,78,48,30
Staenkymayne,blackhand,1927,warlock,destruction,28,21,7
Fornaio,nemesis,1927,warlock,destruction,36,24,12
Kitchiarû,uldaman,1925,warlock,destruction,48,30,18
Ethiq,blackrock,1925,warlock,destruction,42,24,18
Macchíato,ragnaros,1925,warlock,destruction,84,44,40
Anniefuchsia,ravencrest,1925,warlock,destruction,125,63,62
Isodjdojk,ravencrest,1924,warlock,destruction,41,33,8
Габана,gordunni,1923,warlock,destruction,48,33,15
Mxxmmllm,kargath,1922,warlock,destruction,113,69,44
Kaeb,archimonde,1921,warlock,destruction,54,30,24
Sad,lightnings-blade,1919,warlock,destruction,120,70,50
Shlipshlap,ravencrest,1916,warlock,destruction,60,40,20
Blakstorm,archimonde,1915,warlock,destruction,60,35,25
Decimus,darkspear,1914,warlock,destruction,156,87,69
Zàkx,silvermoon,1913,warlock,destruction,313,168,145
Raxan,stormscale,1912,warlock,destruction,59,35,24
Lsr,argent-dawn,1912,warlock,destruction,77,44,33
Hlÿ,kazzak,1911,warlock,destruction,72,32,40
Trainindummy,ravencrest,1910,warlock,destruction,107,76,31
Drututt,the-maelstrom,1910,warlock,destruction,54,30,24
Mýlìfêbélike,kazzak,1909,warlock,destruction,40,29,11
Imbalockzwei,aegwynn,1909,warlock,destruction,54,39,15
Tehkorrum,archimonde,1907,warlock,destruction,65,35,30
Xunzu,drakthul,1907,warlock,destruction,126,61,65
Debbskidjur,tarren-mill,1905,warlock,destruction,91,54,37
Carelock,chamber-of-aspects,1905,warlock,destruction,66,39,27
Raepist,terokkar,1905,warlock,destruction,78,46,32
Healylockx,stormscale,1904,warlock,destruction,48,28,20
Xarfoul,grim-batol,1903,warlock,destruction,54,36,18
Limoges,archimonde,1903,warlock,destruction,47,31,16
Jïñ,ravencrest,1902,warlock,destruction,51,39,12
Габаныч,soulflayer,1901,warlock,destruction,48,33,15
Ignittes,ragnaros,1901,warlock,destruction,84,56,28
Jaimstar,ravencrest,1900,warlock,destruction,41,29,12
Nineinchlock,silvermoon,1900,warlock,destruction,72,33,39
Mafteryo,blackrock,1899,warlock,destruction,102,54,48
Cujo,draenor,1899,warlock,destruction,250,124,126
Bono,frostwhisper,1898,warlock,destruction,104,66,38
Osbaa,bladefist,1898,warlock,destruction,65,41,24
Zarisya,blackmoore,1898,warlock,destruction,84,43,41
Файрик,blackscar,1897,warlock,destruction,42,26,16
Sharhý,kazzak,1897,warlock,destruction,46,27,19
Мишастрах,gordunni,1895,warlock,destruction,54,33,21
Kaktakto,ravencrest,1895,warlock,destruction,54,30,24
Бжк,gordunni,1895,warlock,destruction,228,124,104
Smaúg,archimonde,1894,warlock,destruction,198,100,98
Djfearfullx,archimonde,1893,warlock,destruction,123,71,52
Kikeri,blackhand,1893,warlock,destruction,78,43,35
Davyjonessx,twisting-nether,1893,warlock,destruction,128,59,69
Hellíc,kazzak,1892,warlock,destruction,48,30,18
Laokoon,blackmoore,1891,warlock,destruction,66,42,24
Brainwashed,the-maelstrom,1891,warlock,destruction,199,109,90
Cetreros,minahonda,1890,warlock,destruction,48,33,15
Dualla,aegwynn,1890,warlock,destruction,182,101,81
Ðeface,nefarian,1890,warlock,destruction,138,75,63
Kelthedral,tarren-mill,1890,warlock,destruction,115,57,58
Twisted,malganis,1888,warlock,destruction,114,63,51
Lémonz,stormscale,1888,warlock,destruction,58,29,29
Juhpz,blackrock,1888,warlock,destruction,52,24,28
Djfearbot,kazzak,1887,warlock,destruction,84,53,31
Fearo,kazzak,1886,warlock,destruction,112,61,51
Ecoxx,aegwynn,1884,warlock,destruction,54,37,17
Richerdgir,ravencrest,1884,warlock,destruction,57,34,23
Hebbxw,kazzak,1884,warlock,destruction,164,93,71
Whøîäm,kazzak,1883,warlock,destruction,42,31,11
Plocke,aegwynn,1883,warlock,destruction,36,22,14
Hânex,ravencrest,1883,warlock,destruction,48,28,20
Wewondak,drakthul,1882,warlock,destruction,202,116,86
Châmp,stormscale,1881,warlock,destruction,35,25,10
Wÿvërnn,archimonde,1881,warlock,destruction,127,74,53
Shadowrey,blackrock,1881,warlock,destruction,52,29,23
Chaoscrit,eredar,1881,warlock,destruction,133,73,60
Henmur,stormscale,1879,warlock,destruction,64,37,27
Shangalar,burning-legion,1879,warlock,destruction,114,60,54
Noomaca,drakthul,1879,warlock,destruction,193,101,92
Visceris,ravencrest,1879,warlock,destruction,108,51,57
Whisperer,defias-brotherhood,1879,warlock,destruction,112,52,60
Theronas,tarren-mill,1878,warlock,destruction,54,34,20
Kalagorn,azshara,1876,warlock,destruction,42,30,12
Eboyclass,twisting-nether,1875,warlock,destruction,33,23,10
Redshíne,hyjal,1875,warlock,destruction,54,32,22
Entropyboost,stormscale,1875,warlock,destruction,114,62,52
Кишмякхб,gordunni,1875,warlock,destruction,77,37,40
Fîgøk,conseil-des-ombres,1874,warlock,destruction,156,86,70
Abuu,ravencrest,1873,warlock,destruction,42,26,16
Ðènnis,tarren-mill,1870,warlock,destruction,42,28,14
Fluugew,tarren-mill,1870,warlock,destruction,66,35,31
Garlan,dun-modr,1870,warlock,destruction,268,141,127
Worse,kazzak,1869,warlock,destruction,54,32,22
Dooms,antonidas,1868,warlock,destruction,42,31,11
Jamb,bloodfeather,1867,warlock,destruction,42,27,15
Neoe,stormscale,1867,warlock,destruction,106,57,49
Аоепампгодх,howling-fjord,1866,warlock,destruction,82,58,24
Tokodi,ragnaros,1866,warlock,destruction,84,46,38
Damnedhaze,stormscale,1866,warlock,destruction,83,44,39
Fizzydark,malganis,1866,warlock,destruction,66,33,33
Extingul,tarren-mill,1865,warlock,destruction,59,38,21
Plâytïmè,stormscale,1865,warlock,destruction,78,39,39
Sheitana,ysondre,1863,warlock,destruction,60,39,21
Rokkarn,kazzak,1863,warlock,destruction,48,29,19
Zelieknight,ysondre,1863,warlock,destruction,285,154,131
Sargus,drakthul,1861,warlock,destruction,194,99,95
Homerbamboom,hyjal,1860,warlock,destruction,65,44,21
Infernion,stormscale,1859,warlock,destruction,39,25,14
Phoyk,blackmoore,1859,warlock,destruction,48,29,19
Шрэкс,blackscar,1859,warlock,destruction,50,26,24
Fullxlock,hyjal,1857,warlock,destruction,58,35,23
Kmeta,twilights-hammer,1857,warlock,destruction,72,32,40
Holiax,archimonde,1856,warlock,destruction,48,29,19
Cmdxo,malganis,1856,warlock,destruction,71,38,33
Sushilock,stormrage,1855,warlock,destruction,78,53,25
Anomen,sanguino,1855,warlock,destruction,135,73,62
Darksoll,hyjal,1853,warlock,destruction,41,31,10
Gharloch,argent-dawn,1853,warlock,destruction,81,46,35
Nëismz,ravencrest,1852,warlock,destruction,43,27,16
Блэкфлэймх,gordunni,1852,warlock,destruction,70,33,37
Märkähuikka,stormreaver,1851,warlock,destruction,60,38,22
Immaginare,sylvanas,1851,warlock,destruction,132,74,58
Johnylock,draenor,1850,warlock,destruction,116,71,45
Djhanzó,outland,1850,warlock,destruction,51,29,22
Depressedkid,ravencrest,1850,warlock,destruction,60,30,30
Corano,ravencrest,1849,warlock,destruction,42,28,14
Çamille,ulduar,1849,warlock,destruction,115,64,51
Uddze,pozzo-delleternità,1849,warlock,destruction,101,55,46
Nunomendes,archimonde,1848,warlock,destruction,54,33,21
Slipx,aegwynn,1848,warlock,destruction,66,39,27
Médeâ,ravencrest,1848,warlock,destruction,82,46,36
Kerway,outland,1848,warlock,destruction,120,67,53
Руктал,howling-fjord,1847,warlock,destruction,54,34,20
Vvj,ravencrest,1847,warlock,destruction,168,83,85
Bailerlock,antonidas,1847,warlock,destruction,60,28,32
Simony,ravencrest,1845,warlock,destruction,48,31,17
Ghachi,draenor,1845,warlock,destruction,126,64,62
Giantape,argent-dawn,1844,warlock,destruction,60,40,20
Alphå,blackmoore,1844,warlock,destruction,54,36,18
Jazggzkxx,twisting-nether,1843,warlock,destruction,41,27,14
Gis,laughing-skull,1843,warlock,destruction,54,31,23
Rumour,sunstrider,1843,warlock,destruction,54,30,24
Hifiz,grim-batol,1842,warlock,destruction,36,25,11
Инсинирейтх,gordunni,1842,warlock,destruction,48,33,15
Imforcedtowl,aegwynn,1842,warlock,destruction,48,32,16
Collectiòn,kazzak,1842,warlock,destruction,36,22,14
Makîø,hyjal,1842,warlock,destruction,202,99,103
Daeyon,ravencrest,1841,warlock,destruction,50,25,25
Шархилол,gordunni,1840,warlock,destruction,30,23,7
Mércé,stormscale,1840,warlock,destruction,36,26,10
Auxi,the-maelstrom,1840,warlock,destruction,89,58,31
Kalaslars,draenor,1840,warlock,destruction,60,34,26
Attilergg,stormscale,1839,warlock,destruction,32,23,9
Fiddyp,kazzak,1839,warlock,destruction,42,28,14
Ñila,ravencrest,1839,warlock,destruction,36,23,13
Ripnsew,ravencrest,1839,warlock,destruction,41,26,15
Syviwl,outland,1839,warlock,destruction,53,30,23
Ty,earthen-ring,1838,warlock,destruction,60,41,19
Angst,tarren-mill,1836,warlock,destruction,42,30,12
Ispankmysuc,korgall,1836,warlock,destruction,69,42,27
Ñøêssä,outland,1836,warlock,destruction,48,28,20
Acilock,outland,1836,warlock,destruction,56,32,24
Märtas,burning-blade,1836,warlock,destruction,143,79,64
Vøid,hellscream,1836,warlock,destruction,119,56,63
Belial,minahonda,1835,warlock,destruction,63,36,27
Айхопъюдай,blackscar,1834,warlock,destruction,40,24,16
Bobop,sanguino,1834,warlock,destruction,106,60,46
Invoke,burning-blade,1834,warlock,destruction,54,30,24
Кром,howling-fjord,1834,warlock,destruction,48,26,22
Bk,alexstrasza,1833,warlock,destruction,36,30,6
Spookytouch,draenor,1833,warlock,destruction,106,52,54
Asyncbuddy,azjolnerub,1832,warlock,destruction,48,32,16
Oldasianman,blackrock,1832,warlock,destruction,30,20,10
Kiwibob,defias-brotherhood,1832,warlock,destruction,65,41,24
Skarløck,blackmoore,1832,warlock,destruction,42,26,16
Temnamagna,silvermoon,1832,warlock,destruction,147,80,67
Фирбог,soulflayer,1832,warlock,destruction,84,43,41
Aestheatic,draenor,1832,warlock,destruction,299,152,147
Marti,blackrock,1831,warlock,destruction,60,39,21
Bløødwins,burning-legion,1830,warlock,destruction,47,31,16
Worgonzolâ,madmortem,1830,warlock,destruction,221,134,87
Shadöwmäre,draenor,1830,warlock,destruction,54,31,23
Wankdiesel,der-rat-von-dalaran,1830,warlock,destruction,247,124,123
Tõyz,twilights-hammer,1829,warlock,destruction,45,34,11
Veríty,kazzak,1829,warlock,destruction,30,20,10
Lókkíi,silvermoon,1829,warlock,destruction,262,148,114
Ffpiiras,dunemaul,1829,warlock,destruction,144,72,72
Ícekíss,hyjal,1828,warlock,destruction,48,33,15
Pprwl,tarren-mill,1828,warlock,destruction,126,77,49
Latia,argent-dawn,1828,warlock,destruction,46,28,18
Urururustyle,hyjal,1828,warlock,destruction,102,58,44
Хэлмок,howling-fjord,1827,warlock,destruction,42,31,11
Plaguee,outland,1827,warlock,destruction,74,43,31
Variu,blackhand,1826,warlock,destruction,200,116,84
Spectarlock,tarren-mill,1826,warlock,destruction,78,43,35
Oggelock,tarren-mill,1825,warlock,destruction,79,45,34
Saffíe,ravencrest,1825,warlock,destruction,70,39,31
Büm,kazzak,1825,warlock,destruction,132,70,62
Juanwick,grim-batol,1824,warlock,destruction,43,33,10
Asilock,eredar,1824,warlock,destruction,48,32,16
Ìambottger,silvermoon,1824,warlock,destruction,48,30,18
Tôpsecret,aegwynn,1823,warlock,destruction,36,29,7
Limity,nozdormu,1823,warlock,destruction,90,54,36
Fearbót,kazzak,1823,warlock,destruction,72,43,29
Øßey,magtheridon,1823,warlock,destruction,54,30,24
Coeurnichon,archimonde,1823,warlock,destruction,58,32,26
Watchdots,blackrock,1822,warlock,destruction,66,37,29
Røiheenøk,archimonde,1822,warlock,destruction,156,80,76
Кале,goldrinn,1821,warlock,destruction,136,87,49
Killáksi,ravencrest,1821,warlock,destruction,42,26,16
Atmosfèar,silvermoon,1821,warlock,destruction,66,37,29
Likeqtz,thrall,1821,warlock,destruction,80,43,37
Hellfire,haomarush,1821,warlock,destruction,86,46,40
Stepwarlock,kazzak,1821,warlock,destruction,81,42,39
Framelock,draenor,1820,warlock,destruction,48,37,11
Korupcijax,kazzak,1820,warlock,destruction,36,21,15
Hauntit,chogall,1820,warlock,destruction,36,21,15
Merçedesa,tarren-mill,1820,warlock,destruction,35,20,15
Ðemonsoul,stormscale,1820,warlock,destruction,442,223,219
Tentigo,blackmoore,1820,warlock,destruction,84,41,43
Gorthunz,kazzak,1820,warlock,destruction,59,28,31
Trashløckx,blackrock,1819,warlock,destruction,42,30,12
Mocha,ravencrest,1819,warlock,destruction,48,31,17
Reznör,archimonde,1819,warlock,destruction,30,19,11
Incesticide,ragnaros,1819,warlock,destruction,60,37,23
Juppi,blackrock,1819,warlock,destruction,138,82,56
Lyaru,blackrock,1819,warlock,destruction,44,25,19
Ôlo,rajaxx,1819,warlock,destruction,54,30,24
Исверон,howling-fjord,1819,warlock,destruction,78,41,37
Htaedfo,tarren-mill,1819,warlock,destruction,208,106,102
Fearing,malganis,1819,warlock,destruction,101,51,50
Rozibolt,draenor,1818,warlock,destruction,48,33,15
Lichlolock,outland,1818,warlock,destruction,96,60,36
Selassie,blackmoore,1818,warlock,destruction,78,48,30
Nqa,outland,1818,warlock,destruction,47,26,21
Кюратор,howling-fjord,1818,warlock,destruction,57,30,27
Salvatoríy,outland,1818,warlock,destruction,59,30,29
Ziigouigouii,archimonde,1817,warlock,destruction,42,28,14
Jupp,blackrock,1817,warlock,destruction,48,29,19
Srkzlol,durotan,1817,warlock,destruction,66,35,31
Nëismz,azuremyst,1816,warlock,destruction,36,25,11
Bedep,sanguino,1816,warlock,destruction,30,19,11
Alcringe,kazzak,1816,warlock,destruction,158,90,68
Porchpirate,draenor,1816,warlock,destruction,72,41,31
Аймох,gordunni,1816,warlock,destruction,54,30,24
Wintheirl,argent-dawn,1816,warlock,destruction,164,90,74
Empra,stormscale,1816,warlock,destruction,54,28,26
Matsuei,tarren-mill,1816,warlock,destruction,48,23,25
Barneyboi,tarren-mill,1815,warlock,destruction,87,59,28
Louloudots,ragnaros,1815,warlock,destruction,36,22,14
Kivilock,dun-modr,1815,warlock,destruction,79,48,31
Malame,hyjal,1815,warlock,destruction,196,106,90
Magicsin,aerie-peak,1814,warlock,destruction,36,31,5
Jappér,silvermoon,1814,warlock,destruction,36,30,6
Olsel,draenor,1814,warlock,destruction,47,30,17
Manhart,burning-legion,1814,warlock,destruction,58,33,25
Бауглирх,howling-fjord,1814,warlock,destruction,155,81,74
Nemwl,draenor,1814,warlock,destruction,66,31,35
Coilxo,ravencrest,1813,warlock,destruction,58,37,21
Doodle,the-maelstrom,1813,warlock,destruction,66,38,28
Фейкгодх,soulflayer,1813,warlock,destruction,54,30,24
Tbs,blackhand,1813,warlock,destruction,54,25,29
Slytherim,stormscale,1812,warlock,destruction,87,57,30
Smoudini,blackrock,1812,warlock,destruction,42,25,17
Osbaa,ravencrest,1812,warlock,destruction,116,62,54
Linuviel,argent-dawn,1811,warlock,destruction,41,29,12
Ranath,ragnaros,1811,warlock,destruction,54,32,22
Соргосор,gordunni,1811,warlock,destruction,69,38,31
Araqt,thrall,1810,warlock,destruction,35,26,9
Boterham,kilrogg,1809,warlock,destruction,54,38,16
Fiearstyle,tarren-mill,1808,warlock,destruction,30,23,7
Senbolts,tarren-mill,1808,warlock,destruction,42,27,15
Pederpan,stormscale,1808,warlock,destruction,30,19,11
Чупачупакаб,soulflayer,1808,warlock,destruction,59,34,25
Darkleci,archimonde,1808,warlock,destruction,60,34,26
Diablist,kazzak,1808,warlock,destruction,130,71,59
Purexlock,dragonblight,1807,warlock,destruction,53,34,19
Catchlock,tarren-mill,1807,warlock,destruction,42,26,16
Exorbïtant,blackrock,1807,warlock,destruction,312,167,145
Baked,outland,1806,warlock,destruction,42,25,17
Bloodworth,arathor,1806,warlock,destruction,126,69,57
Kavalierr,stormscale,1806,warlock,destruction,74,40,34
Abbzey,tarren-mill,1806,warlock,destruction,132,70,62
Rûttna,kazzak,1806,warlock,destruction,53,27,26
Biest,drakthul,1806,warlock,destruction,60,28,32
Pumpelumpe,twisting-nether,1806,warlock,destruction,45,20,25
Yøshinø,wildhammer,1805,warlock,destruction,48,36,12
Rünek,tarren-mill,1805,warlock,destruction,36,26,10
Justfamous,archimonde,1805,warlock,destruction,60,41,19
Lockchonk,kazzak,1805,warlock,destruction,84,52,32
Rivmuu,argent-dawn,1805,warlock,destruction,130,78,52
Delumia,tarren-mill,1805,warlock,destruction,113,64,49
Rúbs,sylvanas,1805,warlock,destruction,144,73,71
Sïeur,archimonde,1804,warlock,destruction,113,69,44
Kasualdot,stormscale,1804,warlock,destruction,42,25,17
Mowxll,blackrock,1803,warlock,destruction,30,19,11
Nerdlockx,tarren-mill,1802,warlock,destruction,47,31,16
Loel,blackrock,1802,warlock,destruction,36,23,13
Pornhubx,stormscale,1802,warlock,destruction,48,30,18
Pilock,stormscale,1802,warlock,destruction,36,22,14
Adacheezzee,tyrande,1802,warlock,destruction,86,48,38
Morcey,sylvanas,1801,warlock,destruction,79,49,30
Smegwlock,tarren-mill,1801,warlock,destruction,84,52,32
Моргоника,howling-fjord,1801,warlock,destruction,109,59,50
Voidstim,stormscale,1801,warlock,destruction,99,48,51
Tuskawl,stormreaver,1800,warlock,destruction,36,22,14
Plsbuffme,ravencrest,1800,warlock,destruction,77,47,30
Skrana,kazzak,1800,warlock,destruction,65,39,26
Noobgg,kazzak,1800,warlock,destruction,119,67,52
Sluba,stormscale,1800,warlock,destruction,127,66,61
Lashyra,aszune,1800,warlock,destruction,48,24,24
Kawanoski,kazzak,1799,warlock,destruction,24,19,5
Anabolicbaby,draenor,1799,warlock,destruction,30,23,7
Artys,tarren-mill,1798,warlock,destruction,42,28,14
Mosslock,silvermoon,1798,warlock,destruction,30,19,11
Junakot,silvermoon,1797,warlock,destruction,60,31,29
Хйу,galakrond,1797,warlock,destruction,54,23,31
Daubi,ravencrest,1796,warlock,destruction,48,28,20
Qaripidia,ravencrest,1796,warlock,destruction,55,29,26
Gigachaos,outland,1795,warlock,destruction,173,103,70
Fearoclock,nemesis,1794,warlock,destruction,84,42,42
Maderto,burning-legion,1793,warlock,destruction,191,103,88
Hachishaku,ravencrest,1792,warlock,destruction,112,65,47
Bàbyløck,archimonde,1792,warlock,destruction,78,44,34
Robertóó,burning-legion,1792,warlock,destruction,64,34,30
Véstheim,saurfang,1791,warlock,destruction,132,75,57
Rotangel,ragnaros,1791,warlock,destruction,60,33,27
Dotshok,aegwynn,1791,warlock,destruction,84,46,38
Magonyth,tarren-mill,1790,warlock,destruction,43,32,11
Bianchii,stormscale,1790,warlock,destruction,38,27,11
Høliax,archimonde,1790,warlock,destruction,48,33,15
Raverboyy,blackrock,1789,warlock,destruction,90,46,44
Анрали,deathguard,1787,warlock,destruction,36,25,11
Taon,ravencrest,1787,warlock,destruction,42,29,13
Ditàà,archimonde,1787,warlock,destruction,65,40,25
Fiddlestickz,gilneas,1787,warlock,destruction,107,58,49
Whøknøws,twisting-nether,1786,warlock,destruction,36,25,11
Dogoon,sylvanas,1786,warlock,destruction,214,115,99
Ërîkå,ravencrest,1785,warlock,destruction,99,59,40
Marador,drakthul,1785,warlock,destruction,83,43,40
Квейдсан,howling-fjord,1785,warlock,destruction,42,21,21
Hepheisto,blackmoore,1785,warlock,destruction,55,27,28
Shadock,scarshield-legion,1784,warlock,destruction,72,42,30
Keybump,outland,1784,warlock,destruction,146,83,63
Todesgurke,alleria,1784,warlock,destruction,48,27,21
Unethicalx,ragnaros,1783,warlock,destruction,95,55,40
Sznyes,ragnaros,1783,warlock,destruction,42,23,19
Алистрен,fordragon,1783,warlock,destruction,161,88,73
Mangolicious,twisting-nether,1783,warlock,destruction,230,112,118
Бонибеннет,gordunni,1782,warlock,destruction,68,40,28
Михасяпевпев,gordunni,1782,warlock,destruction,60,29,31
Knoxwhite,stormscale,1781,warlock,destruction,42,28,14
Felerok,drakthul,1780,warlock,destruction,30,22,8
Dreggsow,blackmoore,1780,warlock,destruction,74,45,29
Mikthelock,nemesis,1780,warlock,destruction,77,44,33
Titimon,tarren-mill,1778,warlock,destruction,100,54,46
Колодун,gordunni,1777,warlock,destruction,48,27,21
Nekrosd,tarren-mill,1777,warlock,destruction,183,94,89
Sëngir,drakthul,1777,warlock,destruction,260,125,135
Чернокок,blackscar,1777,warlock,destruction,90,41,49
Thorolock,blackhand,1776,warlock,destruction,72,39,33
Wlistoohard,stormscale,1776,warlock,destruction,154,80,74
Conditions,tarren-mill,1776,warlock,destruction,427,209,218
Kurono,silvermoon,1776,warlock,destruction,90,43,47
Cwz,ysondre,1775,warlock,destruction,26,20,6
Themut,draenor,1775,warlock,destruction,82,49,33
Halaïa,outland,1773,warlock,destruction,40,27,13
Korbendallas,anubarak,1773,warlock,destruction,42,24,18
Vultzbolt,draenor,1773,warlock,destruction,165,93,72
Хихихи,blackscar,1773,warlock,destruction,54,28,26
Ràzek,kazzak,1773,warlock,destruction,239,121,118
Tajit,eredar,1773,warlock,destruction,66,32,34
Sunjal,stormscale,1772,warlock,destruction,36,24,12
Crse,antonidas,1772,warlock,destruction,79,52,27
Fiveyearque,sylvanas,1772,warlock,destruction,64,36,28
Salouppio,archimonde,1772,warlock,destruction,76,40,36
Sxtynine,outland,1771,warlock,destruction,72,46,26
Fredé,kazzak,1770,warlock,destruction,59,28,31
Cappaoww,ravencrest,1769,warlock,destruction,30,20,10
Rustos,ravencrest,1769,warlock,destruction,74,44,30
Demoner,tarren-mill,1769,warlock,destruction,156,90,66
Ondarian,grim-batol,1768,warlock,destruction,56,37,19
Youngtyrant,blackrock,1768,warlock,destruction,36,20,16
Bigpoodleman,twisting-nether,1767,warlock,destruction,30,22,8
Boccebelle,pozzo-delleternità,1767,warlock,destruction,30,20,10
Supermaus,blackrock,1767,warlock,destruction,36,22,14
Halfwai,ravencrest,1767,warlock,destruction,36,22,14
Онлифан,soulflayer,1765,warlock,destruction,64,40,24
Micheller,ravencrest,1764,warlock,destruction,66,38,28
Pöhz,archimonde,1764,warlock,destruction,48,27,21
Olympïe,archimonde,1763,warlock,destruction,70,44,26
Iolxdd,ravencrest,1763,warlock,destruction,122,68,54
Aljohno,twisting-nether,1763,warlock,destruction,77,42,35
Autocannon,stormscale,1763,warlock,destruction,60,32,28
Helldoom,drakthul,1763,warlock,destruction,247,122,125
Sololock,ravencrest,1762,warlock,destruction,82,49,33
Ftpete,argent-dawn,1762,warlock,destruction,218,116,102
Lockróck,silvermoon,1761,warlock,destruction,36,23,13
Løckwood,blackrock,1761,warlock,destruction,34,21,13
Yukokotier,archimonde,1759,warlock,destruction,269,143,126
Kronesx,tarren-mill,1759,warlock,destruction,52,23,29
Bufflockspls,outland,1758,warlock,destruction,102,59,43
Trîppîn,blackrock,1756,warlock,destruction,60,32,28
Nutyx,twisting-nether,1755,warlock,destruction,111,58,53
Razek,eredar,1754,warlock,destruction,47,27,20
Orgebixx,blackmoore,1752,warlock,destruction,84,46,38
Eltharis,burning-legion,1751,warlock,destruction,97,50,47
Шеизла,borean-tundra,1750,warlock,destruction,114,69,45
Хирацука,howling-fjord,1749,warlock,destruction,45,31,14
Watchmecutt,terenas,1749,warlock,destruction,42,26,16
Juïcylucy,kazzak,1749,warlock,destruction,134,77,57
Рипхард,soulflayer,1749,warlock,destruction,57,31,26
Destinyz,dun-modr,1748,warlock,destruction,42,31,11
Jazggzkekw,twisting-nether,1748,warlock,destruction,30,22,8
Hydrôlîc,blackrock,1748,warlock,destruction,36,20,16
Жизньтлён,gordunni,1748,warlock,destruction,120,66,54
Silmerion,twilights-hammer,1747,warlock,destruction,108,60,48
Lockostock,kazzak,1747,warlock,destruction,131,65,66
Ðæthpäct,dalaran,1747,warlock,destruction,89,42,47
Steelock,kazzak,1746,warlock,destruction,51,30,21
Brodir,aszune,1746,warlock,destruction,48,28,20
Flatwolenzy,blackrock,1745,warlock,destruction,36,21,15
Belastiz,blackmoore,1745,warlock,destruction,108,61,47
Muleerox,kazzak,1745,warlock,destruction,48,27,21
Strikeførce,ravencrest,1744,warlock,destruction,87,51,36
Pumpfake,ravencrest,1743,warlock,destruction,41,24,17
Fatburner,draenor,1743,warlock,destruction,48,28,20
Fearfearfear,archimonde,1743,warlock,destruction,84,41,43
Dslap,grim-batol,1742,warlock,destruction,42,25,17
Gjallarbrù,archimonde,1742,warlock,destruction,51,29,22
Koldarr,blackmoore,1742,warlock,destruction,188,101,87
Teezeye,ragnaros,1742,warlock,destruction,70,32,38
Guldån,twisting-nether,1741,warlock,destruction,42,24,18
Shadeisblack,tarren-mill,1740,warlock,destruction,36,22,14
Бриант,gordunni,1740,warlock,destruction,42,24,18
Mallevs,outland,1738,warlock,destruction,110,62,48
Acrion,blackrock,1738,warlock,destruction,45,22,23
Сумракз,soulflayer,1736,warlock,destruction,36,19,17
Chaosborn,ravencrest,1734,warlock,destruction,60,29,31
Lillemarkus,tarren-mill,1733,warlock,destruction,72,36,36
Warlockoloco,blackmoore,1732,warlock,destruction,196,109,87
Десло,thermaplugg,1731,warlock,destruction,42,25,17
Паинбрингер,soulflayer,1731,warlock,destruction,72,39,33
Vitrolizz,twilights-hammer,1731,warlock,destruction,50,22,28
Evlwizardman,kazzak,1730,warlock,destruction,30,20,10
Asbest,blackrock,1730,warlock,destruction,82,42,40
Jegfaller,wildhammer,1730,warlock,destruction,254,128,126
Nellyvato,eredar,1730,warlock,destruction,143,71,72
Enragelock,tarren-mill,1729,warlock,destruction,83,54,29
Vmorghuliss,sanguino,1729,warlock,destruction,114,52,62
Хауда,gordunni,1728,warlock,destruction,220,113,107
Jûgøbænned,aegwynn,1727,warlock,destruction,45,33,12
Jørdanna,blackrock,1727,warlock,destruction,72,40,32
Thesnakë,ravencrest,1726,warlock,destruction,24,18,6
Issyl,kazzak,1725,warlock,destruction,46,27,19
Whiteðevil,draenor,1725,warlock,destruction,42,24,18
Precogbtw,ravencrest,1724,warlock,destruction,33,20,13
Ceu,tarren-mill,1724,warlock,destruction,135,72,63
Мерседэсс,gordunni,1723,warlock,destruction,48,30,18
Äåäåäåäåäåäå,ravencrest,1723,warlock,destruction,30,18,12
Scherzinger,archimonde,1722,warlock,destruction,30,18,12
Fearu,kazzak,1722,warlock,destruction,54,32,22
Jawoxoxo,rexxar,1721,warlock,destruction,60,21,39
Killerbolt,blackmoore,1720,warlock,destruction,42,28,14
Trâsto,cthun,1720,warlock,destruction,36,21,15
Warlockery,argent-dawn,1720,warlock,destruction,90,50,40
Fulcanelli,sargeras,1720,warlock,destruction,45,23,22
Limecqt,dun-morogh,1720,warlock,destruction,59,28,31
Wreky,thrall,1719,warlock,destruction,30,21,9
Лордандрюха,soulflayer,1719,warlock,destruction,36,23,13
Letmecast,sylvanas,1719,warlock,destruction,30,18,12
Ламэ,gordunni,1719,warlock,destruction,120,67,53
Contemtus,frostwhisper,1717,warlock,destruction,80,46,34
Adellaragg,draenor,1716,warlock,destruction,29,24,5
Luccifer,ravencrest,1715,warlock,destruction,24,18,6
Secretx,kazzak,1715,warlock,destruction,30,18,12
Mephaisto,kelthuzad,1715,warlock,destruction,48,26,22
Precogdiet,draenor,1714,warlock,destruction,24,18,6
Læsy,archimonde,1714,warlock,destruction,27,19,8
Edrahil,lordaeron,1714,warlock,destruction,78,46,32
Nybbx,frostmane,1714,warlock,destruction,201,100,101
Блэклаш,soulflayer,1713,warlock,destruction,30,18,12
Reidonk,blackrock,1713,warlock,destruction,30,18,12
Cóffee,ravencrest,1713,warlock,destruction,76,43,33
Fearlessgødx,ravencrest,1713,warlock,destruction,124,66,58
Badapow,stormscale,1712,warlock,destruction,30,18,12
Badguldan,blackmoore,1712,warlock,destruction,97,52,45
Berkobaggins,ravencrest,1712,warlock,destruction,88,47,41
Soundmagic,silvermoon,1711,warlock,destruction,36,22,14
Igneutz,twisting-nether,1711,warlock,destruction,30,18,12
Krestox,blackmoore,1711,warlock,destruction,83,48,35
Zàk,twisting-nether,1710,warlock,destruction,52,39,13
Cørpse,burning-legion,1710,warlock,destruction,58,39,19
Fløkee,blackmoore,1710,warlock,destruction,36,19,17
Zxò,twisting-nether,1710,warlock,destruction,147,75,72
Trooverx,ravencrest,1707,warlock,destruction,35,25,10
Boumbye,ysondre,1707,warlock,destruction,38,23,15
Uzzi,dun-modr,1707,warlock,destruction,141,77,64
Shérlock,ravencrest,1707,warlock,destruction,48,26,22
Infinitefire,ravencrest,1707,warlock,destruction,42,22,20
Lokmonji,perenolde,1706,warlock,destruction,57,33,24
Kärme,archimonde,1703,warlock,destruction,36,22,14
Dràghel,grim-batol,1703,warlock,destruction,30,18,12
Âkâl,ravencrest,1703,warlock,destruction,111,65,46
Shádóws,nagrand,1703,warlock,destruction,243,128,115
Кварий,howling-fjord,1703,warlock,destruction,108,50,58
Коилсестры,blackscar,1702,warlock,destruction,39,24,15
Zuldanius,stormscale,1700,warlock,destruction,30,18,12
Alucena,silvermoon,1700,warlock,destruction,87,47,40
Killning,medivh,1699,warlock,destruction,234,121,113
Dotalike,kazzak,1699,warlock,destruction,60,29,31
Tîllz,kargath,1698,warlock,destruction,24,22,2
Dotbotx,grim-batol,1698,warlock,destruction,36,23,13
Kaijim,aegwynn,1698,warlock,destruction,236,134,102
Æhtrex,blackrock,1697,warlock,destruction,69,44,25
Twiseqtt,stormscale,1697,warlock,destruction,30,18,12
Calli,blackrock,1696,warlock,destruction,34,23,11
Alexindorf,silvermoon,1696,warlock,destruction,30,18,12
Shadowcaller,sylvanas,1696,warlock,destruction,57,26,31
Веномзхх,lich-king,1695,warlock,destruction,37,19,18
Pelea,silvermoon,1694,warlock,destruction,54,31,23
Vankraken,silvermoon,1694,warlock,destruction,78,43,35
Локдлячепухи,soulflayer,1693,warlock,destruction,36,25,11
Chibbe,twisting-nether,1693,warlock,destruction,58,31,27
Døtàndrun,archimonde,1692,warlock,destruction,48,28,20
Bellicus,tarren-mill,1691,warlock,destruction,53,32,21
Ванадий,soulflayer,1691,warlock,destruction,83,39,44
Ðôtgøðx,ravencrest,1691,warlock,destruction,60,28,32
Deadlyrust,ragnaros,1691,warlock,destruction,159,71,88
Ekispekis,tarren-mill,1690,warlock,destruction,36,22,14
Misleev,pozzo-delleternità,1690,warlock,destruction,36,18,18
Väladar,sanguino,1690,warlock,destruction,47,23,24
Darlih,ravencrest,1690,warlock,destruction,274,132,142
Zerulian,ragnaros,1689,warlock,destruction,29,18,11
Ashykal,aegwynn,1689,warlock,destruction,90,44,46
Boyyano,tarren-mill,1688,warlock,destruction,30,18,12
Satyrilian,tarren-mill,1687,warlock,destruction,41,25,16
Akumako,stormscale,1687,warlock,destruction,41,24,17
Noahh,kazzak,1687,warlock,destruction,173,100,73
Öbsury,hyjal,1687,warlock,destruction,55,28,27
Инфезиус,deathweaver,1686,warlock,destruction,30,18,12
Rénio,stormrage,1685,warlock,destruction,32,22,10
Nekros,archimonde,1685,warlock,destruction,60,39,21
Amited,drakthul,1685,warlock,destruction,95,52,43
Ilovebronko,blackrock,1685,warlock,destruction,101,53,48
Jopil,stormreaver,1685,warlock,destruction,46,24,22
Fêâr,dun-modr,1684,warlock,destruction,28,21,7
Saloninus,argent-dawn,1684,warlock,destruction,66,38,28
Tóuché,aegwynn,1684,warlock,destruction,146,79,67
Kêkèkékêk,kazzak,1683,warlock,destruction,31,25,6
Verson,silvermoon,1683,warlock,destruction,107,60,47
Kasualix,ravencrest,1683,warlock,destruction,88,49,39
Despayr,tarren-mill,1683,warlock,destruction,96,49,47
Critchlock,tarren-mill,1682,warlock,destruction,53,29,24
Lolock,archimonde,1681,warlock,destruction,32,19,13
Hupet,ragnaros,1681,warlock,destruction,48,26,22
Mizxxta,zuljin,1679,warlock,destruction,35,23,12
Tanón,sanguino,1679,warlock,destruction,73,45,28
Augge,tarren-mill,1679,warlock,destruction,64,38,26
Jamié,ragnaros,1679,warlock,destruction,57,31,26
Bruzzlbube,blackhand,1678,warlock,destruction,42,23,19
Kìmar,amanthul,1678,warlock,destruction,132,71,61
Óop,outland,1678,warlock,destruction,72,37,35
Loulou,nagrand,1678,warlock,destruction,42,20,22
Pinacholadá,norgannon,1678,warlock,destruction,78,35,43
Mogwaï,blackhand,1677,warlock,destruction,143,77,66
Kognah,defias-brotherhood,1676,warlock,destruction,54,31,23
Thebigsuck,tarren-mill,1676,warlock,destruction,102,57,45
Zvinto,the-maelstrom,1676,warlock,destruction,47,26,21
Acidmvp,ravencrest,1676,warlock,destruction,72,38,34
Царьдарк,soulflayer,1676,warlock,destruction,42,22,20
Danidelarge,aegwynn,1676,warlock,destruction,70,36,34
Histeria,tarren-mill,1675,warlock,destruction,48,25,23
Rádiz,blackhand,1674,warlock,destruction,48,25,23
Gacknur,zuljin,1674,warlock,destruction,36,18,18
Lockdest,outland,1673,warlock,destruction,71,39,32
Pixelz,twisting-nether,1673,warlock,destruction,143,68,75
Reeween,argent-dawn,1672,warlock,destruction,36,22,14
Neirah,stormscale,1672,warlock,destruction,47,26,21
Ødräcïe,twisting-nether,1672,warlock,destruction,42,18,24
Boomsparkle,blackrock,1671,warlock,destruction,36,23,13
Salastro,ragnaros,1671,warlock,destruction,42,23,19
Felgød,ravencrest,1671,warlock,destruction,64,34,30
Deadmoneyz,twisting-nether,1670,warlock,destruction,30,18,12
Wisdomness,aszune,1670,warlock,destruction,109,58,51
Opiumers,kazzak,1670,warlock,destruction,131,67,64
Dotrulez,nemesis,1670,warlock,destruction,43,20,23
Gogonash,ravencrest,1670,warlock,destruction,48,20,28
Schøkøbasher,blackrock,1669,warlock,destruction,42,24,18
Curzed,emerald-dream,1669,warlock,destruction,62,35,27
Rohlikov,drakthul,1669,warlock,destruction,48,26,22
Mønarch,argent-dawn,1669,warlock,destruction,85,46,39
Кейкегенкай,gordunni,1668,warlock,destruction,147,74,73
Lockukaracha,malganis,1667,warlock,destruction,57,38,19
Dualipa,arathor,1667,warlock,destruction,30,20,10
Denasty,nemesis,1665,warlock,destruction,50,29,21
Wilog,silvermoon,1665,warlock,destruction,67,38,29
Lokic,draenor,1665,warlock,destruction,52,24,28
Рипхард,gordunni,1665,warlock,destruction,54,23,31
Orcwarlock,khadgar,1664,warlock,destruction,66,35,31
Kenachaos,twisting-nether,1663,warlock,destruction,197,103,94
Ketzu,hyjal,1663,warlock,destruction,101,51,50
Lacape,dalaran,1662,warlock,destruction,36,23,13
Aajora,malganis,1662,warlock,destruction,84,53,31
Danidelarge,kazzak,1662,warlock,destruction,38,23,15
Spõk,ysondre,1662,warlock,destruction,244,132,112
Mayev,garrosh,1662,warlock,destruction,76,37,39
Lyconidas,magtheridon,1661,warlock,destruction,34,22,12
Unstablemind,nemesis,1661,warlock,destruction,33,19,14
Беллулар,howling-fjord,1660,warlock,destruction,36,22,14
Palihatschi,eredar,1660,warlock,destruction,59,24,35
Грань,ashenvale,1659,warlock,destruction,265,143,122
Aspass,kazzak,1659,warlock,destruction,106,57,49
Síggýy,eredar,1659,warlock,destruction,41,21,20
Chaosxd,outland,1658,warlock,destruction,30,20,10
Eviil,tarren-mill,1658,warlock,destruction,36,22,14
Elvània,eredar,1658,warlock,destruction,66,38,28
Pestílentía,silvermoon,1657,warlock,destruction,60,39,21
Fearbeachx,ravencrest,1657,warlock,destruction,42,22,20
Fatzké,kargath,1657,warlock,destruction,162,80,82
Fandirxd,draenor,1656,warlock,destruction,118,65,53
Avogein,tarren-mill,1656,warlock,destruction,36,19,17
Miller,stormscale,1655,warlock,destruction,48,29,19
Kigro,burning-legion,1655,warlock,destruction,78,42,36
Enyras,nemesis,1655,warlock,destruction,42,22,20
Delen,ravencrest,1653,warlock,destruction,34,18,16
Peacedust,grim-batol,1652,warlock,destruction,36,28,8
Finsterfluch,conseil-des-ombres,1652,warlock,destruction,54,30,24
Deathcoîl,the-maelstrom,1652,warlock,destruction,42,22,20
Sakkrethxd,hyjal,1651,warlock,destruction,29,20,9
Verixdots,antonidas,1651,warlock,destruction,50,31,19
Zoodíac,blackrock,1651,warlock,destruction,58,34,24
Forcas,archimonde,1651,warlock,destruction,208,112,96
Sleethy,destromath,1651,warlock,destruction,54,27,27
Jisera,kiljaeden,1651,warlock,destruction,42,19,23
Koffey,kazzak,1650,warlock,destruction,36,25,11
Kaspersdame,ravencrest,1650,warlock,destruction,47,24,23
Profesorr,defias-brotherhood,1650,warlock,destruction,42,21,21
Murdee,kazzak,1650,warlock,destruction,54,22,32
Søulcä,uldum,1649,warlock,destruction,30,23,7
Quarimathras,antonidas,1649,warlock,destruction,66,34,32
Lichlolocked,outland,1649,warlock,destruction,78,40,38
Pinacoládaqt,stormscale,1649,warlock,destruction,39,20,19
Stickdüse,eredar,1649,warlock,destruction,84,42,42
Psýcholoc,kazzak,1648,warlock,destruction,38,25,13
Jawdrop,blackrock,1648,warlock,destruction,51,31,20
Yoplen,drakthul,1648,warlock,destruction,116,67,49
Schrimz,blackrock,1648,warlock,destruction,57,26,31
Oldasiangirl,blackrock,1647,warlock,destruction,30,20,10
Boglock,argent-dawn,1647,warlock,destruction,48,26,22
Testoorc,frostwolf,1647,warlock,destruction,146,75,71
Парачо,eversong,1647,warlock,destruction,62,27,35
Spiciously,antonidas,1646,warlock,destruction,69,37,32
Ganjubass,tarren-mill,1646,warlock,destruction,189,101,88
Domdon,stormscale,1646,warlock,destruction,72,37,35
Zekarat,blackrock,1646,warlock,destruction,60,30,30
Fearbîtch,ravencrest,1645,warlock,destruction,24,21,3
Nyriat,tarren-mill,1645,warlock,destruction,36,23,13
Babáyàgá,blackhand,1645,warlock,destruction,164,97,67
Withered,nagrand,1645,warlock,destruction,42,23,19
Voukserys,tarren-mill,1644,warlock,destruction,30,20,10
Xenq,ravencrest,1644,warlock,destruction,60,35,25
Slf,the-maelstrom,1644,warlock,destruction,54,23,31
Brugo,zuljin,1643,warlock,destruction,72,39,33
Cigarrette,draenor,1642,warlock,destruction,42,21,21
Vactor,stormscale,1642,warlock,destruction,42,20,22
Skyamino,hyjal,1641,warlock,destruction,42,27,15
Smíkz,blackhand,1640,warlock,destruction,59,36,23
Ltheory,aegwynn,1640,warlock,destruction,78,44,34
Гвоздяшка,blackscar,1640,warlock,destruction,85,41,44
Dotxalot,blackrock,1638,warlock,destruction,52,37,15
Ìzanamí,archimonde,1638,warlock,destruction,108,64,44
Evylock,draenor,1638,warlock,destruction,36,18,18
Ahsykal,aegwynn,1638,warlock,destruction,54,24,30
Dödkärringx,auchindoun,1637,warlock,destruction,36,23,13
Иренхх,gordunni,1637,warlock,destruction,78,39,39
Idfearthat,ragnaros,1636,warlock,destruction,60,36,24
Чернаяскала,howling-fjord,1636,warlock,destruction,49,27,22
Shugglock,draenor,1636,warlock,destruction,42,23,19
Nerfmebro,tarren-mill,1635,warlock,destruction,24,19,5
Icritmore,stormscale,1635,warlock,destruction,78,42,36
Ðemise,antonidas,1635,warlock,destruction,57,30,27
Vimb,archimonde,1635,warlock,destruction,63,31,32
Warlololock,malganis,1634,warlock,destruction,42,24,18
Vreyax,aegwynn,1634,warlock,destruction,69,37,32
Nerfwarriors,stormscale,1633,warlock,destruction,70,41,29
Sepulturá,thrall,1633,warlock,destruction,54,31,23
Maikus,stormscale,1632,warlock,destruction,36,24,12
Lonelock,blackrock,1632,warlock,destruction,50,32,18
Rakshazza,eredar,1632,warlock,destruction,114,61,53
Простшутка,gordunni,1630,warlock,destruction,24,17,7
Agaton,twisting-nether,1630,warlock,destruction,24,17,7
Draka,kazzak,1630,warlock,destruction,87,55,32
Onono,eredar,1630,warlock,destruction,89,49,40
Nerzhull,stormscale,1630,warlock,destruction,320,164,156
Funcky,terokkar,1630,warlock,destruction,48,19,29
Vaimex,stormscale,1629,warlock,destruction,30,20,10
Telodotto,nemesis,1629,warlock,destruction,30,17,13
Päwzy,kazzak,1629,warlock,destruction,84,46,38
Xoraith,runetotem,1629,warlock,destruction,42,23,19
Worro,eredar,1629,warlock,destruction,54,28,26
Noskillfox,outland,1628,warlock,destruction,24,17,7
Порртвейн,howling-fjord,1628,warlock,destruction,29,18,11
Happsõr,eredar,1628,warlock,destruction,36,21,15
Aspas,outland,1628,warlock,destruction,77,43,34
Scallington,shattered-hand,1628,warlock,destruction,36,20,16
Тумнуктхай,gordunni,1628,warlock,destruction,114,59,55
Nherthul,sanguino,1628,warlock,destruction,261,133,128
Kyliân,blackmoore,1627,warlock,destruction,36,18,18
Spcnz,stormscale,1627,warlock,destruction,81,40,41
Disrupted,blackmoore,1627,warlock,destruction,48,21,27
Wåfa,kazzak,1626,warlock,destruction,54,32,22
Dotg,blackrock,1626,warlock,destruction,30,17,13
Starlok,nemesis,1626,warlock,destruction,35,19,16
Fluch,area-52,1626,warlock,destruction,60,26,34
Соикулейн,gordunni,1625,warlock,destruction,29,23,6
Mobikagodx,drakthul,1625,warlock,destruction,27,19,8
Luwuock,twisting-nether,1625,warlock,destruction,30,21,9
Ánderx,dun-modr,1625,warlock,destruction,42,20,22
Maevex,stormscale,1625,warlock,destruction,42,18,24
Wryy,nemesis,1624,warlock,destruction,44,29,15
Bmblockerina,blackrock,1624,warlock,destruction,54,35,19
Bionic,eredar,1624,warlock,destruction,36,17,19
Khoug,blackmoore,1624,warlock,destruction,60,27,33
Candleburner,khaz-modan,1623,warlock,destruction,44,27,17
Stazox,drakthul,1623,warlock,destruction,30,18,12
Quickccast,draenor,1623,warlock,destruction,97,58,39
Zéphon,blades-edge,1623,warlock,destruction,131,65,66
Britnèyfears,twisting-nether,1623,warlock,destruction,36,17,19
Flaming,ravencrest,1623,warlock,destruction,48,22,26
Isata,blackhand,1622,warlock,destruction,36,20,16
Cyanur,silvermoon,1622,warlock,destruction,36,19,17
Danishpistol,draenor,1622,warlock,destruction,81,39,42
Kasztyk,grim-batol,1621,warlock,destruction,47,27,20
Essealaes,stormscale,1621,warlock,destruction,35,18,17
Мураса,grom,1620,warlock,destruction,35,22,13
Nimbin,taerar,1620,warlock,destruction,165,92,73
Zebauron,twisting-nether,1620,warlock,destruction,36,20,16
Neburlock,dun-modr,1620,warlock,destruction,42,21,21
Beåtrìce,archimonde,1620,warlock,destruction,63,31,32
Datty,grim-batol,1619,warlock,destruction,24,17,7
Надсх,soulflayer,1619,warlock,destruction,30,17,13
Whitebøy,hyjal,1619,warlock,destruction,45,25,20
Chaosbørn,twisting-nether,1618,warlock,destruction,34,24,10
Delru,aegwynn,1618,warlock,destruction,30,20,10
Zikozor,ravencrest,1618,warlock,destruction,28,18,10
Xtkeks,blackmoore,1618,warlock,destruction,47,30,17
Stavrogina,ravencrest,1618,warlock,destruction,30,17,13
Dragkur,sanguino,1618,warlock,destruction,59,31,28
Ludé,eredar,1618,warlock,destruction,117,58,59
Hokmor,blutkessel,1617,warlock,destruction,84,47,37
Нгага,howling-fjord,1617,warlock,destruction,450,232,218
Krøl,nemesis,1616,warlock,destruction,30,20,10
Husaì,laughing-skull,1616,warlock,destruction,88,58,30
Oz,uldum,1616,warlock,destruction,86,55,31
Habdruck,blackmoore,1616,warlock,destruction,376,203,173
Манфредх,gordunni,1616,warlock,destruction,107,57,50
Ayrefik,kazzak,1616,warlock,destruction,126,63,63
Maevax,stormscale,1616,warlock,destruction,48,23,25
Nerfbolts,archimonde,1615,warlock,destruction,24,17,7
Turbonion,archimonde,1615,warlock,destruction,72,40,32
Joemontana,blackrock,1615,warlock,destruction,42,20,22
Flawzo,blackmoore,1614,warlock,destruction,72,40,32
Mcdonkus,chamber-of-aspects,1614,warlock,destruction,39,21,18
Jetsetmehmet,aegwynn,1614,warlock,destruction,72,34,38
Uralya,kazzak,1613,warlock,destruction,36,20,16
Gusvitori,sanguino,1612,warlock,destruction,36,20,16
Inoculum,xavius,1612,warlock,destruction,59,32,27
Nijva,silvermoon,1612,warlock,destruction,106,50,56
Neg,sylvanas,1611,warlock,destruction,35,19,16
ßenäfflock,ragnaros,1611,warlock,destruction,42,22,20
Jamzywarlock,kazzak,1611,warlock,destruction,47,23,24
Marenov,kazzak,1610,warlock,destruction,72,40,32
Marieejoana,nozdormu,1610,warlock,destruction,84,45,39
Pouletmicuie,archimonde,1610,warlock,destruction,74,39,35
Kaedinx,twisting-nether,1610,warlock,destruction,499,258,241
Nagassh,arathor,1609,warlock,destruction,29,20,9
Meatbot,tarren-mill,1609,warlock,destruction,46,31,15
Jumbodot,tarren-mill,1609,warlock,destruction,62,35,27
Lockyswag,draenor,1609,warlock,destruction,66,37,29
Skrabblel,tarren-mill,1609,warlock,destruction,36,18,18
Shaterz,dun-modr,1608,warlock,destruction,27,21,6
Ryssäbotti,stormscale,1608,warlock,destruction,31,23,8
Wushi,aggra-português,1608,warlock,destruction,42,27,15
Spykoosi,stormscale,1608,warlock,destruction,40,24,16
Esmuel,argent-dawn,1608,warlock,destruction,77,46,31
Banelock,dentarg,1608,warlock,destruction,42,23,19
Xuthil,korgall,1608,warlock,destruction,171,87,84
Lysanruth,la-croisade-écarlate,1608,warlock,destruction,138,70,68
Kartanos,stormscale,1607,warlock,destruction,33,21,12
Cokelight,thrall,1607,warlock,destruction,36,21,15
Селикта,gordunni,1607,warlock,destruction,30,17,13
Maxlox,tarren-mill,1607,warlock,destruction,35,17,18
Dotsfired,aegwynn,1607,warlock,destruction,84,38,46
Гурджес,soulflayer,1606,warlock,destruction,42,29,13
Zoradiale,twisting-nether,1606,warlock,destruction,36,24,12
Kiros,ravencrest,1606,warlock,destruction,30,20,10
Мицуру,howling-fjord,1606,warlock,destruction,100,59,41
Ðêmøñîc,ravencrest,1606,warlock,destruction,36,17,19
Севербрянск,soulflayer,1605,warlock,destruction,30,17,13
Dejin,tarren-mill,1605,warlock,destruction,30,17,13
Холичорт,howling-fjord,1605,warlock,destruction,69,37,32
Tdoggydog,ragnaros,1605,warlock,destruction,60,32,28
Vulluin,blackrock,1605,warlock,destruction,36,17,19
Felttofel,stormscale,1604,warlock,destruction,49,28,21
Garbageclass,outland,1604,warlock,destruction,36,20,16
Moelock,frostmane,1604,warlock,destruction,135,74,61
Mooncrushed,stormscale,1603,warlock,destruction,42,29,13
Zeinth,sanguino,1603,warlock,destruction,36,23,13
Nedivh,stormscale,1603,warlock,destruction,77,42,35
Striks,ragnaros,1603,warlock,destruction,82,44,38
Dreamnyâsha,tarren-mill,1603,warlock,destruction,42,19,23
Gishor,burning-legion,1602,warlock,destruction,24,19,5
Sickening,twilights-hammer,1601,warlock,destruction,55,38,17
Skrikipanik,kazzak,1601,warlock,destruction,36,21,15
Wumz,sylvanas,1601,warlock,destruction,53,27,26
Dastey,stormscale,1601,warlock,destruction,36,18,18
Rensayy,ysondre,1600,warlock,destruction,30,21,9
Azaïdun,khaz-modan,1600,warlock,destruction,48,30,18
Gash,malganis,1600,warlock,destruction,55,31,24
Hârzfeâr,blackmoore,1600,warlock,destruction,42,22,20
Letswreck,outland,1600,warlock,destruction,90,46,44
Мегаклещ,soulflayer,1600,warlock,destruction,48,23,25
Chaozvx,kazzak,1599,warlock,destruction,83,45,38
Hairyporta,blackmoore,1599,warlock,destruction,233,116,117
Sneptics,draenor,1597,warlock,destruction,169,95,74
Hajslaktarn,twisting-nether,1597,warlock,destruction,70,37,33
Tíktik,blackhand,1597,warlock,destruction,47,20,27
Golgir,draenor,1596,warlock,destruction,106,59,47
Drakedoge,draenor,1596,warlock,destruction,130,70,60
Brokengodx,dun-modr,1596,warlock,destruction,36,19,17
Napoloen,kazzak,1596,warlock,destruction,36,19,17
Грэтиэн,howling-fjord,1596,warlock,destruction,214,112,102
Nèrfxløl,ragnaros,1595,warlock,destruction,53,39,14
Zetsubo,drakthul,1595,warlock,destruction,55,34,21
Necrobtch,quelthalas,1595,warlock,destruction,36,21,15
Cronai,silvermoon,1595,warlock,destruction,78,44,34
Sibora,eredar,1595,warlock,destruction,48,26,22
Demojun,silvermoon,1595,warlock,destruction,174,89,85
Felcollíns,ravencrest,1593,warlock,destruction,30,19,11
Liqûid,destromath,1593,warlock,destruction,118,69,49
Prayz,twisting-nether,1593,warlock,destruction,30,17,13
Ðîâblô,silvermoon,1593,warlock,destruction,80,41,39
Lugnalennart,tarren-mill,1592,warlock,destruction,211,108,103
Enzyw,drakthul,1591,warlock,destruction,36,27,9
Gentoo,xavius,1590,warlock,destruction,62,35,27
Дэнаа,fordragon,1590,warlock,destruction,298,150,148
Cräwley,ragnaros,1590,warlock,destruction,42,20,22
Börsenborisq,aegwynn,1589,warlock,destruction,59,28,31
Doomwrath,tarren-mill,1589,warlock,destruction,48,20,28
Morathy,drekthar,1588,warlock,destruction,46,23,23
Kerthan,malorne,1587,warlock,destruction,161,90,71
Nøl,sargeras,1587,warlock,destruction,351,176,175
Réxz,ravencrest,1586,warlock,destruction,72,36,36
Hexdoctor,ravencrest,1586,warlock,destruction,48,18,30
Флойх,blackscar,1585,warlock,destruction,36,21,15
Brútality,nethersturm,1585,warlock,destruction,118,51,67
Höglund,twisting-nether,1584,warlock,destruction,34,22,12
Uneedtherapy,silvermoon,1584,warlock,destruction,54,33,21
Proctolock,garona,1584,warlock,destruction,95,57,38
Jinxme,tarren-mill,1584,warlock,destruction,143,77,66
Kkomradee,kazzak,1584,warlock,destruction,67,34,33
Kenjix,blackrock,1584,warlock,destruction,54,23,31
Banishedone,stormreaver,1583,warlock,destruction,92,51,41
Pelkopeelo,tarren-mill,1583,warlock,destruction,83,45,38
Voidzero,hyjal,1583,warlock,destruction,41,19,22
Hellguards,silvermoon,1583,warlock,destruction,83,38,45
Highimhi,kazzak,1582,warlock,destruction,30,18,12
Siyruz,eredar,1582,warlock,destruction,54,31,23
Articfox,outland,1582,warlock,destruction,128,67,61
Дуэлистка,soulflayer,1581,warlock,destruction,53,32,21
Desimp,drakthul,1581,warlock,destruction,30,17,13
Хеельхейм,gordunni,1581,warlock,destruction,72,40,32
Deruud,defias-brotherhood,1581,warlock,destruction,170,89,81
Nitmoredots,dun-modr,1581,warlock,destruction,54,26,28
Boltonez,outland,1581,warlock,destruction,72,31,41
Cursedotexe,ragnaros,1580,warlock,destruction,90,49,41
Reuhn,kazzak,1579,warlock,destruction,30,19,11
Furchtnervt,thrall,1579,warlock,destruction,36,19,17
Mihø,hyjal,1579,warlock,destruction,86,44,42
Sotapen,ragnaros,1578,warlock,destruction,110,64,46
Shóx,blackmoore,1578,warlock,destruction,36,19,17
Isata,ravencrest,1577,warlock,destruction,104,60,44
Slàsh,hyjal,1576,warlock,destruction,54,36,18
Exiled,dragonblight,1576,warlock,destruction,34,20,14
Kìnvaras,tarren-mill,1576,warlock,destruction,34,19,15
Ketamol,ravencrest,1576,warlock,destruction,69,37,32
Hamskurken,silvermoon,1576,warlock,destruction,34,18,16
Mariahscary,auchindoun,1575,warlock,destruction,36,21,15
Rúbedo,thrall,1575,warlock,destruction,35,19,16
Naslock,twisting-nether,1575,warlock,destruction,42,20,22
Babakrake,alleria,1573,warlock,destruction,36,22,14
Misscringe,silvermoon,1573,warlock,destruction,144,74,70
Ánárchy,stormscale,1572,warlock,destruction,42,22,20
Bolt,stormscale,1570,warlock,destruction,94,55,39
Atraped,zuljin,1570,warlock,destruction,209,110,99
Áutísm,silvermoon,1570,warlock,destruction,138,71,67
Sirmic,hyjal,1570,warlock,destruction,101,51,50
Lovromalt,kazzak,1569,warlock,destruction,54,29,25
Dotsyoudown,kelthuzad,1568,warlock,destruction,97,52,45
Visable,kazzak,1568,warlock,destruction,36,19,17
Gimlidota,tarren-mill,1567,warlock,destruction,107,60,47
Mortuáry,drakthul,1567,warlock,destruction,60,32,28
Willthehoe,alonsus,1567,warlock,destruction,47,23,24
Woòkz,argent-dawn,1566,warlock,destruction,154,85,69
Fatkkroth,ravencrest,1565,warlock,destruction,49,30,19
Depressor,ragnaros,1565,warlock,destruction,118,56,62
Геролин,goldrinn,1564,warlock,destruction,73,40,33
Славеномен,howling-fjord,1564,warlock,destruction,258,132,126
Empod,ragnaros,1564,warlock,destruction,47,20,27
Акэти,borean-tundra,1563,warlock,destruction,54,26,28
Rackare,darksorrow,1562,warlock,destruction,30,21,9
Helvetica,darksorrow,1562,warlock,destruction,58,28,30
Аркейнмизери,howling-fjord,1561,warlock,destruction,34,23,11
Mignetto,nemesis,1561,warlock,destruction,30,19,11
Таксидермия,gordunni,1561,warlock,destruction,201,100,101
Bh,ragnaros,1561,warlock,destruction,129,64,65
Stromzii,silvermoon,1560,warlock,destruction,146,70,76
Sneps,azshara,1558,warlock,destruction,36,21,15
Vegetita,stormscale,1558,warlock,destruction,218,120,98
Tangolock,ravencrest,1558,warlock,destruction,64,31,33
Parásitø,zuljin,1557,warlock,destruction,35,20,15
Blackiouz,stormscale,1556,warlock,destruction,193,99,94
Britneyfears,burning-legion,1556,warlock,destruction,36,18,18
Trickslock,kazzak,1555,warlock,destruction,42,22,20
Ajgreedyy,grim-batol,1555,warlock,destruction,60,30,30
Vahron,kirin-tor,1555,warlock,destruction,67,32,35
Chaøs,thrall,1554,warlock,destruction,30,22,8
Zexan,drakthul,1554,warlock,destruction,48,34,14
Shreklock,burning-blade,1553,warlock,destruction,33,24,9
Kresnyk,kazzak,1553,warlock,destruction,47,27,20
Bazoo,nathrezim,1553,warlock,destruction,189,93,96
Adipure,blackrock,1553,warlock,destruction,36,17,19
Bivör,blackmoore,1552,warlock,destruction,62,29,33
Drainurlife,stormscale,1551,warlock,destruction,51,31,20
Flocca,archimonde,1551,warlock,destruction,83,41,42
Afflimoomoo,tarren-mill,1551,warlock,destruction,108,52,56
Nàchtt,archimonde,1549,warlock,destruction,114,58,56
Hathatchi,sylvanas,1549,warlock,destruction,90,43,47
Elyö,dalaran,1549,warlock,destruction,452,215,237
Chaosboltlol,ravencrest,1547,warlock,destruction,36,22,14
Morrowgleam,outland,1546,warlock,destruction,26,17,9
Nøxxlock,blackhand,1546,warlock,destruction,125,67,58
Chubson,tarren-mill,1545,warlock,destruction,56,26,30
Salazaros,die-silberne-hand,1544,warlock,destruction,90,49,41
Robertóoo,burning-legion,1544,warlock,destruction,89,48,41
Azthral,nemesis,1544,warlock,destruction,288,143,145
Darkeds,dun-modr,1543,warlock,destruction,90,46,44
Gulleigh,draenor,1543,warlock,destruction,40,19,21
Rawsauce,outland,1542,warlock,destruction,20,17,3
Bigbadgoblin,kazzak,1542,warlock,destruction,30,20,10
Veoxohr,argent-dawn,1542,warlock,destruction,132,80,52
Trinox,teldrassil,1542,warlock,destruction,36,20,16
Бомбшелл,soulflayer,1542,warlock,destruction,44,19,25
Beerdurschd,antonidas,1541,warlock,destruction,35,24,11
Spoíl,tarren-mill,1541,warlock,destruction,60,32,28
Fearster,twisting-nether,1540,warlock,destruction,77,47,30
Kàjah,outland,1539,warlock,destruction,30,17,13
Veanice,eredar,1538,warlock,destruction,46,20,26
Frilante,terokkar,1537,warlock,destruction,86,55,31
Какойтолок,blackscar,1537,warlock,destruction,90,53,37
Депрессыш,gordunni,1537,warlock,destruction,42,21,21
Enei,drakthul,1536,warlock,destruction,48,26,22
Cazzo,burning-blade,1536,warlock,destruction,311,159,152
Guldinfy,outland,1535,warlock,destruction,18,16,2
Chãn,ravencrest,1535,warlock,destruction,24,16,8
Anderxyo,sanguino,1535,warlock,destruction,24,16,8
Nkwango,blackmoore,1535,warlock,destruction,24,16,8
Crueliadevil,stormscale,1535,warlock,destruction,181,88,93
Potatowl,ravencrest,1534,warlock,destruction,18,16,2
Bustabrinka,aggra-português,1534,warlock,destruction,18,16,2
Lilbolty,outland,1534,warlock,destruction,36,18,18
Shortyi,thrall,1533,warlock,destruction,24,16,8
Syntax,blackmoore,1533,warlock,destruction,24,16,8
Valcan,ragnaros,1533,warlock,destruction,133,75,58
Calypso,korgall,1533,warlock,destruction,30,16,14
Dreameater,twilights-hammer,1533,warlock,destruction,48,24,24
Вайнпрессх,gordunni,1533,warlock,destruction,36,16,20
Zamahell,marécage-de-zangar,1532,warlock,destruction,24,17,7
Höfmänn,kazzak,1532,warlock,destruction,55,35,20
Debz,twisting-nether,1531,warlock,destruction,25,16,9
Jpjpjp,gorgonnash,1530,warlock,destruction,52,34,18
Storloz,argent-dawn,1530,warlock,destruction,36,18,18
Kvanmor,kaelthas,1530,warlock,destruction,60,29,31
Notben,outland,1529,warlock,destruction,18,16,2
Aoea,draenor,1529,warlock,destruction,24,16,8
Kresyda,dun-modr,1529,warlock,destruction,36,16,20
Cringelord,vashj,1528,warlock,destruction,18,16,2
Slëydark,sanguino,1528,warlock,destruction,32,17,15
Kenthal,nemesis,1528,warlock,destruction,75,34,41
Ïori,hyjal,1528,warlock,destruction,53,24,29
Ahuicommem,hyjal,1527,warlock,destruction,24,16,8
Mêgasn,blackhand,1527,warlock,destruction,24,16,8
Nospamcliqu,ysondre,1527,warlock,destruction,30,16,14
Thorvos,blackmoore,1527,warlock,destruction,45,21,24
Toliver,drakthul,1526,warlock,destruction,54,32,22
Шекигами,gordunni,1526,warlock,destruction,30,16,14
Яжбатько,howling-fjord,1525,warlock,destruction,48,25,23
Diablotiin,hyjal,1525,warlock,destruction,327,170,157
Juicyj,twisting-nether,1525,warlock,destruction,36,17,19
Kumas,hyjal,1524,warlock,destruction,38,23,15
Dotzéro,ravencrest,1523,warlock,destruction,66,34,32
Parley,frostmane,1523,warlock,destruction,54,27,27
Nÿhf,kirin-tor,1523,warlock,destruction,47,21,26
Фирджеден,fordragon,1522,warlock,destruction,128,75,53
Sûdh,sanguino,1522,warlock,destruction,84,47,37
Dzey,drakthul,1522,warlock,destruction,128,67,61
Мамкадгара,howling-fjord,1522,warlock,destruction,35,17,18
Weso,grim-batol,1522,warlock,destruction,73,34,39
Sadixxqt,ravencrest,1521,warlock,destruction,24,16,8
Инкубычь,gordunni,1521,warlock,destruction,24,16,8
Darkironhuan,blackrock,1521,warlock,destruction,42,25,17
Маларгас,soulflayer,1521,warlock,destruction,162,88,74
Jackyfalls,blackmoore,1521,warlock,destruction,30,16,14
Kicx,blackrock,1521,warlock,destruction,47,25,22
Bisacodyl,outland,1521,warlock,destruction,107,56,51
Сорзи,thermaplugg,1521,warlock,destruction,41,20,21
Malinki,silvermoon,1521,warlock,destruction,42,20,22
Proßlock,kazzak,1521,warlock,destruction,116,54,62
Cencible,twisting-nether,1520,warlock,destruction,91,49,42
Vincewl,ravencrest,1519,warlock,destruction,90,49,41
Героуд,howling-fjord,1519,warlock,destruction,141,75,66
Bottmbolt,blackhand,1519,warlock,destruction,67,35,32
Fatbëlly,argent-dawn,1519,warlock,destruction,109,53,56
Wauwish,stormscale,1517,warlock,destruction,89,52,37
Noctiz,pozzo-delleternità,1517,warlock,destruction,113,62,51
Hasibe,ravencrest,1516,warlock,destruction,36,24,12
Hellsplat,tarren-mill,1516,warlock,destruction,30,20,10
Yazurí,ravencrest,1516,warlock,destruction,24,16,8
Puppylover,outland,1515,warlock,destruction,42,30,12
Dôtski,kazzak,1515,warlock,destruction,129,77,52
Nebulus,lightnings-blade,1515,warlock,destruction,121,62,59
Chapo,alleria,1515,warlock,destruction,48,21,27
Gengada,blackhand,1514,warlock,destruction,90,50,40
Lottopallo,arathor,1514,warlock,destruction,30,16,14
Xcstacy,kazzak,1514,warlock,destruction,36,18,18
Falock,tarren-mill,1513,warlock,destruction,48,28,20
Usianbølts,blackmoore,1513,warlock,destruction,30,16,14
Lêxia,shattrath,1513,warlock,destruction,42,16,26
Ghostfiend,tarren-mill,1512,warlock,destruction,39,28,11
Blackwizard,theradras,1512,warlock,destruction,147,78,69
Lúcìfér,stormscale,1512,warlock,destruction,42,16,26
Mellisandre,hellfire,1510,warlock,destruction,42,25,17
Gango,outland,1509,warlock,destruction,56,31,25
Artannas,elune,1508,warlock,destruction,31,19,12
Pipêz,blackmoore,1508,warlock,destruction,83,50,33
Miseryfull,archimonde,1507,warlock,destruction,45,27,18
Sertdene,ravencrest,1507,warlock,destruction,54,31,23
Xerthula,blackmoore,1507,warlock,destruction,30,16,14
Kasuni,sanguino,1507,warlock,destruction,72,30,42
Sylvxgodx,kazzak,1506,warlock,destruction,60,37,23
Samyoung,kazzak,1506,warlock,destruction,72,42,30
Aloof,outland,1506,warlock,destruction,207,105,102
Mirah,ragnaros,1505,warlock,destruction,29,18,11
Ностра,gordunni,1504,warlock,destruction,66,34,32
Kwoh,saurfang,1504,warlock,destruction,33,17,16
Hipiwl,silvermoon,1504,warlock,destruction,72,37,35
Emalinne,argent-dawn,1504,warlock,destruction,56,28,28
Kirillkaá,blackhand,1503,warlock,destruction,42,27,15
Morgan,jaedenar,1503,warlock,destruction,96,52,44
Leídernein,blutkessel,1503,warlock,destruction,42,22,20
Plamena,neptulon,1502,warlock,destruction,89,50,39
Loptous,dunemaul,1502,warlock,destruction,37,19,18
Nasiegboch,frostwolf,1501,warlock,destruction,90,45,45
Zeelotko,drakthul,1500,warlock,destruction,129,73,56
Unrealia,hyjal,1500,warlock,destruction,156,82,74
Rotinhell,kazzak,1500,warlock,destruction,165,80,85
Beepbepp,grim-batol,1499,warlock,destruction,58,38,20
Voidislife,alakir,1499,warlock,destruction,201,104,97
Cronice,ravencrest,1499,warlock,destruction,134,62,72
Itstrippy,tarren-mill,1498,warlock,destruction,30,20,10
Chaoxz,outland,1498,warlock,destruction,90,53,37
Jaimê,thrall,1498,warlock,destruction,106,57,49
Nicodemo,tarren-mill,1498,warlock,destruction,30,16,14
Xanatas,nemesis,1497,warlock,destruction,36,23,13
Necradin,defias-brotherhood,1497,warlock,destruction,93,48,45
Wîse,archimonde,1496,warlock,destruction,24,16,8
Nerdbane,blackrock,1496,warlock,destruction,99,54,45
Boccu,magtheridon,1496,warlock,destruction,85,46,39
Lînden,magtheridon,1496,warlock,destruction,30,16,14
Rhaelgar,kazzak,1496,warlock,destruction,54,28,26
Interceptêr,blackrock,1496,warlock,destruction,36,18,18
Naemys,archimonde,1495,warlock,destruction,57,36,21
Marklock,drakthul,1495,warlock,destruction,79,47,32
Helgorak,ragnaros,1495,warlock,destruction,60,27,33
Kïng,elune,1494,warlock,destruction,66,34,32
Dotys,sanguino,1493,warlock,destruction,30,19,11
Warlocat,the-maelstrom,1493,warlock,destruction,72,34,38
Falel,das-konsortium,1492,warlock,destruction,24,19,5
Hongkonger,kazzak,1492,warlock,destruction,368,188,180
Tôertchen,aegwynn,1491,warlock,destruction,24,16,8
Ноубрейкс,blackscar,1491,warlock,destruction,52,33,19
Merdotz,outland,1491,warlock,destruction,40,24,16
Aznel,nemesis,1491,warlock,destruction,37,22,15
Колдунишка,fordragon,1490,warlock,destruction,117,62,55
Chaosprophet,argent-dawn,1489,warlock,destruction,50,28,22
Zerøskil,blackrock,1488,warlock,destruction,24,16,8
Bowti,ravencrest,1488,warlock,destruction,100,63,37
Demonkïng,archimonde,1487,warlock,destruction,101,55,46
Acrowley,twisting-nether,1487,warlock,destruction,52,26,26
Kamí,sanguino,1487,warlock,destruction,65,30,35
Экспло,ashenvale,1486,warlock,destruction,36,23,13
Scaevóla,ravencrest,1486,warlock,destruction,252,129,123
Belnea,draenor,1485,warlock,destruction,27,18,9
Sopingsop,chants-éternels,1485,warlock,destruction,30,18,12
Graveshaker,quelthalas,1485,warlock,destruction,38,20,18
Diabló,outland,1485,warlock,destruction,36,18,18
Lockteb,tarren-mill,1483,warlock,destruction,35,20,15
Wicherson,burning-legion,1483,warlock,destruction,49,24,25
Demoslik,hyjal,1483,warlock,destruction,60,27,33
Xârtôr,blackrock,1482,warlock,destruction,182,99,83
Zarastro,sunstrider,1480,warlock,destruction,224,109,115
Kamehamehaa,stormscale,1479,warlock,destruction,36,24,12
Czx,twisting-nether,1479,warlock,destruction,36,22,14
Nokickplz,nemesis,1479,warlock,destruction,57,30,27
Чернокнжник,soulflayer,1478,warlock,destruction,48,24,24
Litox,twisting-nether,1478,warlock,destruction,117,54,63
Flumez,stormscale,1477,warlock,destruction,36,24,12
Chromagnus,drakthul,1477,warlock,destruction,36,17,19
Kiritsugi,aszune,1476,warlock,destruction,65,38,27
Lucifer,burning-legion,1475,warlock,destruction,30,18,12
Иванфаков,soulflayer,1475,warlock,destruction,29,17,12
Zeddy,draenor,1475,warlock,destruction,120,67,53
Craynos,die-arguswacht,1475,warlock,destruction,83,42,41
Biotic,dun-modr,1475,warlock,destruction,42,18,24
Bonemetz,blackmoore,1474,warlock,destruction,216,109,107
Farlier,draenor,1474,warlock,destruction,95,47,48
Désolaté,kazzak,1474,warlock,destruction,36,17,19
Waandi,ravencrest,1473,warlock,destruction,46,28,18
Alexutzu,sylvanas,1473,warlock,destruction,42,24,18
Falakros,ravencrest,1473,warlock,destruction,66,35,31
Егосяхаос,soulflayer,1472,warlock,destruction,84,42,42
Törtidotcom,blackrock,1472,warlock,destruction,42,20,22
Раздирающая,gordunni,1471,warlock,destruction,46,30,16
Érunali,archimonde,1470,warlock,destruction,23,16,7
Gyroib,stormscale,1470,warlock,destruction,47,27,20
Stürmer,thrall,1470,warlock,destruction,72,39,33
Xtleonidas,uldum,1470,warlock,destruction,132,64,68
Ammathrel,moonglade,1469,warlock,destruction,87,43,44
Murishani,durotan,1468,warlock,destruction,24,16,8
Shaxlock,draenor,1468,warlock,destruction,105,55,50
Mavelya,blackmoore,1467,warlock,destruction,94,48,46
Blackmagic,stormscale,1467,warlock,destruction,218,109,109
Horsewarlock,stormscale,1467,warlock,destruction,107,51,56
Bossmanluke,defias-brotherhood,1466,warlock,destruction,29,16,13
Dérbombér,guldan,1466,warlock,destruction,36,19,17
Адоха,howling-fjord,1466,warlock,destruction,66,34,32
Yasa,khaz-modan,1465,warlock,destruction,77,41,36
Mazaear,stormscale,1465,warlock,destruction,69,36,33
Azaêl,azshara,1465,warlock,destruction,105,47,58
Gigabolt,turalyon,1464,warlock,destruction,41,24,17
Holaw,tarren-mill,1464,warlock,destruction,84,41,43
Kgg,outland,1464,warlock,destruction,54,23,31
Mvpðøtx,ravencrest,1463,warlock,destruction,45,28,17
Magicstick,eredar,1463,warlock,destruction,89,41,48
Zombpunk,sanguino,1462,warlock,destruction,70,38,32
Balgo,blackmoore,1462,warlock,destruction,60,32,28
Datendariza,kazzak,1462,warlock,destruction,116,60,56
Snackstickz,twisting-nether,1461,warlock,destruction,48,25,23
Asreaël,uldum,1460,warlock,destruction,42,21,21
Chyther,ragnaros,1459,warlock,destruction,48,26,22
Пъё,howling-fjord,1459,warlock,destruction,131,60,71
Codeincody,blackhand,1459,warlock,destruction,47,19,28
Spaså,kazzak,1458,warlock,destruction,42,23,19
Bte,draenor,1458,warlock,destruction,46,25,21
Peardrax,draenor,1458,warlock,destruction,73,38,35
Кулутха,soulflayer,1457,warlock,destruction,37,21,16
Sherrÿ,ragnaros,1457,warlock,destruction,54,29,25
Asmonmald,stormscale,1457,warlock,destruction,376,193,183
Adoy,tarren-mill,1456,warlock,destruction,78,46,32
Nosoulnoprob,sylvanas,1456,warlock,destruction,108,54,54
Бигбрейн,soulflayer,1455,warlock,destruction,54,28,26
Zöyarüm,outland,1454,warlock,destruction,42,22,20
Aleê,twisting-nether,1454,warlock,destruction,47,23,24
Horridum,draenor,1454,warlock,destruction,88,37,51
Exitumos,eredar,1453,warlock,destruction,33,20,13
Lockybàlboa,tarren-mill,1453,warlock,destruction,48,29,19
Vicktorious,stormscale,1453,warlock,destruction,320,166,154
Flamespitter,stormscale,1453,warlock,destruction,37,17,20
Banshore,ysondre,1450,warlock,destruction,47,29,18
Lorelèi,silvermoon,1450,warlock,destruction,40,21,19
Mummraa,ravencrest,1449,warlock,destruction,53,31,22
Tzeeñtch,tarren-mill,1448,warlock,destruction,122,58,64
Lobotomic,argent-dawn,1446,warlock,destruction,39,23,16
Onetwobolt,archimonde,1446,warlock,destruction,163,82,81
Shêrlöck,stormscale,1446,warlock,destruction,78,38,40
Culetto,the-venture-co,1446,warlock,destruction,47,22,25
Kolosh,twisting-nether,1444,warlock,destruction,53,27,26
Inflamis,stormscale,1443,warlock,destruction,54,30,24
Helkásh,tarren-mill,1443,warlock,destruction,66,31,35
Diablesse,dun-modr,1441,warlock,destruction,82,41,41
Koonlock,kazzak,1440,warlock,destruction,103,53,50
Алхун,razuvious,1440,warlock,destruction,120,60,60
Ilikebolts,blackmoore,1439,warlock,destruction,24,15,9
Amyw,magtheridon,1439,warlock,destruction,50,26,24
Uelimueli,onyxia,1439,warlock,destruction,71,35,36
Dzimmi,kazzak,1438,warlock,destruction,42,22,20
Ignorantduck,sunstrider,1438,warlock,destruction,51,25,26
Dahisx,ravencrest,1437,warlock,destruction,18,15,3
Nádjá,ravencrest,1437,warlock,destruction,24,15,9
Навидд,howling-fjord,1437,warlock,destruction,24,15,9
Wedlock,stormscale,1437,warlock,destruction,66,38,28
Thugsupreme,ravencrest,1437,warlock,destruction,78,41,37
Laoganma,outland,1436,warlock,destruction,18,15,3
Greeylock,blackhand,1436,warlock,destruction,27,18,9
Ketriicken,argent-dawn,1436,warlock,destruction,108,55,53
Meepx,nordrassil,1436,warlock,destruction,30,15,15
Elldialock,draenor,1436,warlock,destruction,30,15,15
Rhss,stormscale,1436,warlock,destruction,30,15,15
Kromosonen,ravencrest,1436,warlock,destruction,42,20,22
Kàdszèle,ragnaros,1435,warlock,destruction,34,19,15
Bondejohn,ravencrest,1434,warlock,destruction,30,16,14
Impmuncher,twisting-nether,1434,warlock,destruction,30,15,15
Cørleen,eredar,1434,warlock,destruction,112,47,65
Fynxo,blackmoore,1433,warlock,destruction,24,16,8
Noxii,gorgonnash,1433,warlock,destruction,54,28,26
Азерок,howling-fjord,1433,warlock,destruction,60,31,29
Фаердирка,blackscar,1431,warlock,destruction,24,15,9
Ангебор,howling-fjord,1431,warlock,destruction,84,49,35
Flockyy,draenor,1431,warlock,destruction,28,16,12
Гуслин,soulflayer,1431,warlock,destruction,70,38,32
Oldefar,ravencrest,1430,warlock,destruction,24,15,9
Slavecry,silvermoon,1430,warlock,destruction,24,15,9
Softcøre,blackmoore,1430,warlock,destruction,48,29,19
Southylolz,stormscale,1430,warlock,destruction,30,15,15
Antoniolm,cthun,1429,warlock,destruction,60,30,30
Pufulet,sylvanas,1428,warlock,destruction,96,51,45
Chroll,nerathor,1427,warlock,destruction,84,52,32
Sublînê,blackmoore,1427,warlock,destruction,129,74,55
Сайзэр,soulflayer,1427,warlock,destruction,147,71,76
Iriepathie,nozdormu,1426,warlock,destruction,48,22,26
Муза,gordunni,1425,warlock,destruction,56,30,26
Трудзастафф,gordunni,1425,warlock,destruction,36,15,21
Onyw,onyxia,1424,warlock,destruction,24,15,9
Shufflous,ghostlands,1424,warlock,destruction,28,16,12
Krukke,tarren-mill,1424,warlock,destruction,54,28,26
Makaspam,stormscale,1424,warlock,destruction,88,42,46
Verderbnis,malganis,1422,warlock,destruction,65,40,25
Backdrip,ragnaros,1422,warlock,destruction,55,30,25
Лоредо,howling-fjord,1421,warlock,destruction,50,21,29
Shazem,tarren-mill,1420,warlock,destruction,24,15,9
Gravedîgger,aggra-português,1420,warlock,destruction,30,15,15
Ðreaðlock,stormscale,1420,warlock,destruction,78,33,45
Сатенекс,soulflayer,1419,warlock,destruction,59,36,23
Perius,zuluhed,1419,warlock,destruction,78,32,46
Drarken,sylvanas,1418,warlock,destruction,18,15,3
Shblakk,outland,1417,warlock,destruction,24,15,9
Mty,bronze-dragonflight,1417,warlock,destruction,53,28,25
Azrail,anubarak,1417,warlock,destruction,155,79,76
Elhäbedehä,blackrock,1416,warlock,destruction,30,19,11
Rakoru,blackmoore,1416,warlock,destruction,30,15,15
Midnigthh,sanguino,1415,warlock,destruction,30,16,14
Shayexen,tarren-mill,1415,warlock,destruction,30,15,15
Ablas,bladefist,1415,warlock,destruction,122,54,68
Déemón,draenor,1414,warlock,destruction,28,19,9
Scrim,laughing-skull,1413,warlock,destruction,56,36,20
Féar,doomhammer,1413,warlock,destruction,39,21,18
Nibblez,shadowsong,1413,warlock,destruction,149,80,69
Galardodric,outland,1413,warlock,destruction,36,18,18
Línkéd,blackmoore,1413,warlock,destruction,72,32,40
Buddyparty,blackrock,1412,warlock,destruction,40,26,14
Gehirnwäsche,frostwolf,1412,warlock,destruction,34,22,12
Shadowscurse,sylvanas,1412,warlock,destruction,54,25,29
Белвет,blackscar,1412,warlock,destruction,81,35,46
Mootay,drekthar,1411,warlock,destruction,36,16,20
Barro,das-syndikat,1410,warlock,destruction,32,17,15
Sippe,laughing-skull,1410,warlock,destruction,36,16,20
Niszoght,dun-modr,1409,warlock,destruction,128,80,48
Wagwann,argent-dawn,1409,warlock,destruction,24,15,9
Бирел,soulflayer,1409,warlock,destruction,24,15,9
Lubomirek,turalyon,1409,warlock,destruction,24,15,9
Azzoaa,defias-brotherhood,1408,warlock,destruction,60,29,31
Dotacy,kazzak,1408,warlock,destruction,138,66,72
Trickyy,azjolnerub,1407,warlock,destruction,69,39,30
Natsume,ragnaros,1407,warlock,destruction,43,21,22
Kashdrakor,twisting-nether,1406,warlock,destruction,34,16,18
Zlohell,drakthul,1405,warlock,destruction,48,30,18
Patirass,sanguino,1405,warlock,destruction,55,34,21
Kospar,dun-morogh,1405,warlock,destruction,99,53,46
Margincalled,kazzak,1405,warlock,destruction,36,18,18
Evaksiá,draenor,1405,warlock,destruction,48,23,25
Wurdulock,silvermoon,1405,warlock,destruction,54,25,29
Ðârk,silvermoon,1405,warlock,destruction,64,26,38
Tomiaa,burning-legion,1405,warlock,destruction,48,19,29
Soulgünter,blackmoore,1404,warlock,destruction,60,39,21
Smadrekas,ravencrest,1404,warlock,destruction,58,25,33
Enydible,frostmane,1403,warlock,destruction,24,15,9
Melow,sanguino,1403,warlock,destruction,58,31,27
Faitless,stormscale,1402,warlock,destruction,60,35,25
Kääk,sylvanas,1401,warlock,destruction,90,52,38
Lynchian,draenor,1401,warlock,destruction,61,33,28
Cráxx,onyxia,1401,warlock,destruction,193,97,96
Гупперлок,howling-fjord,1400,warlock,destruction,48,21,27
Naavii,bloodscalp,1398,warlock,destruction,60,30,30
Cerberus,argent-dawn,1398,warlock,destruction,60,29,31
Faro,trollbane,1398,warlock,destruction,98,42,56
Nomakqlock,dun-modr,1397,warlock,destruction,36,23,13
Микурочка,gordunni,1397,warlock,destruction,94,46,48
Birimbau,outland,1396,warlock,destruction,85,40,45
Воттоваара,azuregos,1396,warlock,destruction,59,27,32
Dhraven,thrall,1395,warlock,destruction,96,53,43
Dobonard,sylvanas,1395,warlock,destruction,38,19,19
Wajiggity,ravencrest,1394,warlock,destruction,36,20,16
Janemba,ysondre,1393,warlock,destruction,36,18,18
Satanizm,silvermoon,1393,warlock,destruction,95,46,49
Çhãøsførÿã,blackmoore,1392,warlock,destruction,90,43,47
Quanchí,kazzak,1391,warlock,destruction,24,16,8
Warlockholms,archimonde,1391,warlock,destruction,24,15,9
Pogrom,burning-legion,1391,warlock,destruction,36,21,15
Шелруа,howling-fjord,1390,warlock,destruction,52,31,21
Fearhändig,aegwynn,1390,warlock,destruction,51,26,25
Baz,frostmane,1390,warlock,destruction,132,65,67
Zollon,norgannon,1389,warlock,destruction,23,17,6
Hellraiserir,twisting-nether,1388,warlock,destruction,22,16,6
Ltany,drakthul,1388,warlock,destruction,24,16,8
Eotlid,shattered-hand,1388,warlock,destruction,30,17,13
Mccøy,archimonde,1388,warlock,destruction,36,19,17
Арцах,soulflayer,1388,warlock,destruction,60,29,31
Моориус,soulflayer,1388,warlock,destruction,90,42,48
Xârdâs,blackrock,1388,warlock,destruction,42,16,26
Xshay,dun-modr,1388,warlock,destruction,51,18,33
Kärringjävel,chamber-of-aspects,1387,warlock,destruction,54,30,24
Quebone,tarren-mill,1387,warlock,destruction,45,24,21
Cooldowns,ravencrest,1386,warlock,destruction,67,34,33
Rosebëaf,archimonde,1385,warlock,destruction,54,23,31
Crazybolt,archimonde,1384,warlock,destruction,48,26,22
Boltgodx,blackrock,1383,warlock,destruction,66,42,24
Dracsu,dun-modr,1383,warlock,destruction,49,26,23
Мирмех,gordunni,1383,warlock,destruction,60,29,31
Cardinall,drakthul,1382,warlock,destruction,76,41,35
Boomlock,dun-morogh,1382,warlock,destruction,42,17,25
Rizzbolt,ravencrest,1381,warlock,destruction,165,88,77
Dxfive,tarren-mill,1381,warlock,destruction,92,46,46
Калестонх,soulflayer,1380,warlock,destruction,48,28,20
Nitecro,blackmoore,1380,warlock,destruction,156,75,81
Corbiejr,tarren-mill,1379,warlock,destruction,156,92,64
Тиранчухан,howling-fjord,1378,warlock,destruction,33,16,17
Zloezlo,ravencrest,1378,warlock,destruction,159,75,84
Rafael,stormscale,1377,warlock,destruction,49,27,22
Gillgarres,twisting-nether,1377,warlock,destruction,180,90,90
Kosfáce,tarren-mill,1377,warlock,destruction,77,35,42
Lockboom,kazzak,1376,warlock,destruction,30,17,13
Khano,twisting-nether,1376,warlock,destruction,99,51,48
Сеннир,ashenvale,1375,warlock,destruction,48,22,26
Nexpoze,drakthul,1375,warlock,destruction,42,17,25
Лобарык,soulflayer,1373,warlock,destruction,48,24,24
Sweetlõck,ravencrest,1373,warlock,destruction,59,25,34
Dwoorf,ravencrest,1372,warlock,destruction,23,15,8
Valkiriaa,saurfang,1372,warlock,destruction,30,18,12
Swagzz,silvermoon,1372,warlock,destruction,54,30,24
Pliixme,ysondre,1372,warlock,destruction,29,15,14
Quentex,antonidas,1372,warlock,destruction,48,23,25
Zesekk,blackmoore,1372,warlock,destruction,84,36,48
Loveløck,blackrock,1372,warlock,destruction,35,15,20
Lucifa,arthas,1371,warlock,destruction,36,17,19
Byeedriver,kazzak,1370,warlock,destruction,22,15,7
Darcîa,destromath,1370,warlock,destruction,39,23,16
Lewdrumpslap,kazzak,1370,warlock,destruction,72,41,31
Fandusttwo,drakthul,1370,warlock,destruction,42,20,22
Pookabee,ravencrest,1369,warlock,destruction,36,19,17
Зюзерг,soulflayer,1369,warlock,destruction,49,24,25
Girldoom,silvermoon,1368,warlock,destruction,49,19,30
Soulshift,blackmoore,1366,warlock,destruction,72,34,38
Эот,soulflayer,1365,warlock,destruction,27,16,11
Zoh,archimonde,1365,warlock,destruction,150,69,81
Líok,eredar,1365,warlock,destruction,47,21,26
Бонони,blackscar,1364,warlock,destruction,23,15,8
Sateerik,draenor,1364,warlock,destruction,36,17,19
Baalthazar,jaedenar,1363,warlock,destruction,73,40,33
Covariance,nemesis,1363,warlock,destruction,72,29,43
Soldmygranny,kazzak,1362,warlock,destruction,27,17,10
Vakgu,blackmoore,1362,warlock,destruction,47,28,19
Tharaya,ravencrest,1362,warlock,destruction,29,15,14
Gomezz,dalaran,1362,warlock,destruction,46,22,24
Pommeslock,blackmoore,1361,warlock,destruction,77,37,40
Gricorby,drakthul,1360,warlock,destruction,23,16,7
Rhev,trollbane,1360,warlock,destruction,32,16,16
Deathscréam,burning-legion,1360,warlock,destruction,131,59,72
Lockedaway,ravencrest,1359,warlock,destruction,42,22,20
Trivalis,frostwolf,1359,warlock,destruction,30,15,15
Hell,twisting-nether,1359,warlock,destruction,65,28,37
Shutdown,sylvanas,1358,warlock,destruction,83,50,33
Карьерщица,booty-bay,1358,warlock,destruction,109,60,49
Cängrë,dun-modr,1357,warlock,destruction,30,19,11
Dìablò,sylvanas,1357,warlock,destruction,84,49,35
Inportal,kazzak,1357,warlock,destruction,70,39,31
Xoram,kult-der-verdammten,1357,warlock,destruction,42,23,19
Julsey,kazzak,1357,warlock,destruction,41,22,19
Realshady,kazzak,1356,warlock,destruction,30,16,14
Docik,kazzak,1356,warlock,destruction,88,40,48
Bkp,dun-modr,1356,warlock,destruction,36,16,20
Unkash,zuljin,1355,warlock,destruction,108,59,49
Kar,haomarush,1355,warlock,destruction,111,50,61
Demoz,sanguino,1354,warlock,destruction,70,40,30
Moonpoxlock,nerathor,1354,warlock,destruction,73,39,34
Mohawkyz,chamber-of-aspects,1353,warlock,destruction,59,32,27
Биохозард,deathguard,1353,warlock,destruction,117,62,55
Voltadol,dun-modr,1353,warlock,destruction,126,65,61
Èrmes,eldrethalas,1352,warlock,destruction,101,48,53
Boltexpert,twisting-nether,1351,warlock,destruction,30,15,15
Toutseul,eitrigg,1351,warlock,destruction,36,15,21
Maveri,tarren-mill,1350,warlock,destruction,39,22,17
Dusken,kazzak,1350,warlock,destruction,35,17,18
Holodream,stormreaver,1348,warlock,destruction,84,39,45
Crokorc,ysondre,1347,warlock,destruction,101,45,56
Skruios,anetheron,1346,warlock,destruction,70,36,34
Bankley,khaz-modan,1346,warlock,destruction,42,21,21
Talindra,stormscale,1345,warlock,destruction,50,28,22
Míkæ,ravencrest,1345,warlock,destruction,196,100,96
Eatmabolt,alleria,1345,warlock,destruction,57,29,28
Potatowl,ragnaros,1344,warlock,destruction,24,14,10
Maxiabe,hyjal,1344,warlock,destruction,54,27,27
Dotloca,draenor,1344,warlock,destruction,30,15,15
Freshademic,tarren-mill,1343,warlock,destruction,18,14,4
Shortíì,thrall,1343,warlock,destruction,24,14,10
Anthraxus,argent-dawn,1343,warlock,destruction,24,14,10
Fivestars,tarren-mill,1343,warlock,destruction,64,32,32
Mudwalkin,ravencrest,1343,warlock,destruction,36,17,19
Setyouinfear,ravencrest,1343,warlock,destruction,30,14,16
Sinofbum,stormscale,1342,warlock,destruction,18,14,4
Ghastlyy,aggra-português,1342,warlock,destruction,18,14,4
Cigänä,archimonde,1342,warlock,destruction,24,14,10
Nanotrik,draenor,1342,warlock,destruction,24,14,10
Odenbest,silvermoon,1342,warlock,destruction,24,14,10
Cahetel,nemesis,1342,warlock,destruction,77,38,39
Лешабетон,gordunni,1341,warlock,destruction,24,14,10
Gravemxney,tarren-mill,1341,warlock,destruction,24,14,10
Haltros,stormscale,1341,warlock,destruction,24,14,10
Zzombie,sylvanas,1341,warlock,destruction,56,25,31
Mompets,stormscale,1341,warlock,destruction,36,14,22
Anicetus,ravencrest,1340,warlock,destruction,18,14,4
Zacurse,kazzak,1340,warlock,destruction,48,28,20
Sidragasoss,drakthul,1340,warlock,destruction,36,17,19
Gledoc,outland,1339,warlock,destruction,24,15,9
Love,alexstrasza,1339,warlock,destruction,30,18,12
Salvatoriy,outland,1339,warlock,destruction,32,15,17
Dimmybyrger,stormreaver,1339,warlock,destruction,30,14,16
Tmoney,stormscale,1338,warlock,destruction,24,14,10
Lünatix,archimonde,1338,warlock,destruction,42,24,18
Ryurans,cthun,1338,warlock,destruction,98,49,49
Стоишьвфире,gordunni,1338,warlock,destruction,30,14,16
Bellua,twisting-nether,1338,warlock,destruction,48,20,28
Melyagang,hyjal,1336,warlock,destruction,18,14,4
Greenpeas,blackrock,1336,warlock,destruction,36,14,22
Sécret,blackmoore,1335,warlock,destruction,24,14,10
Darkdax,dethecus,1335,warlock,destruction,30,15,15
Póssiblyreef,silvermoon,1334,warlock,destruction,24,14,10
Abnørmus,tarren-mill,1334,warlock,destruction,82,47,35
Wazze,azuremyst,1333,warlock,destruction,31,17,14
Warlockgødx,silvermoon,1332,warlock,destruction,114,60,54
Ghostflame,tarren-mill,1332,warlock,destruction,58,29,29
Diåbló,stormscale,1331,warlock,destruction,162,84,78
Sathanas,antonidas,1331,warlock,destruction,30,15,15
Shadaw,kilrogg,1330,warlock,destruction,18,14,4
Uhlum,arthas,1330,warlock,destruction,24,14,10
Holeraa,stormscale,1330,warlock,destruction,201,100,101
Talriun,kazzak,1330,warlock,destruction,38,16,22
Chram,uldum,1329,warlock,destruction,71,43,28
Ínsidióus,tarren-mill,1329,warlock,destruction,24,14,10
Carthagî,blackmoore,1328,warlock,destruction,66,39,27
Dieger,thunderhorn,1328,warlock,destruction,24,14,10
Hyrai,sylvanas,1328,warlock,destruction,24,14,10
Äsmødée,dalaran,1328,warlock,destruction,54,31,23
Nàughty,ragnaros,1328,warlock,destruction,67,28,39
Stonysalami,turalyon,1327,warlock,destruction,41,28,13
Benzakenta,sylvanas,1327,warlock,destruction,24,14,10
Palmangel,draenor,1327,warlock,destruction,30,14,16
Lulokko,nemesis,1326,warlock,destruction,30,18,12
Narstia,archimonde,1326,warlock,destruction,67,27,40
Paranoid,sylvanas,1325,warlock,destruction,48,26,22
Áéé,kazzak,1325,warlock,destruction,43,20,23
Hôjâm,twisting-nether,1324,warlock,destruction,30,17,13
Sesoumaru,azshara,1324,warlock,destruction,66,24,42
Miltuast,blackrock,1322,warlock,destruction,18,14,4
Octoba,kirin-tor,1322,warlock,destruction,24,14,10
Эннинотбэд,howling-fjord,1322,warlock,destruction,29,14,15
Dreadnogg,tarren-mill,1322,warlock,destruction,106,51,55
Wuhdun,burning-legion,1321,warlock,destruction,35,16,19
Lowkeyfed,stormscale,1320,warlock,destruction,18,14,4
Ragïa,archimonde,1319,warlock,destruction,28,17,11
Nhéon,archimonde,1319,warlock,destruction,24,14,10
Amakusa,archimonde,1319,warlock,destruction,52,25,27
Mempricious,ravencrest,1318,warlock,destruction,30,14,16
Хелентесс,goldrinn,1317,warlock,destruction,30,18,12
Repah,doomhammer,1317,warlock,destruction,70,29,41
Tuz,blackrock,1316,warlock,destruction,90,40,50
Eriken,tarren-mill,1316,warlock,destruction,45,18,27
Terris,khaz-modan,1315,warlock,destruction,111,56,55
Олдхалапеньо,soulflayer,1314,warlock,destruction,54,24,30
Ðrussi,hyjal,1313,warlock,destruction,74,36,38
Pcbbwarlock,sylvanas,1313,warlock,destruction,36,15,21
Willibolt,blackhand,1311,warlock,destruction,48,17,31
Emalk,tarren-mill,1310,warlock,destruction,66,26,40
Zòóf,stormscale,1309,warlock,destruction,66,39,27
Problemchild,sunstrider,1309,warlock,destruction,54,31,23
Kaamosliha,frostwhisper,1309,warlock,destruction,75,43,32
Seya,azuremyst,1309,warlock,destruction,30,14,16
Sargal,sylvanas,1309,warlock,destruction,48,22,26
Эктос,soulflayer,1308,warlock,destruction,24,17,7
Inagony,twisting-nether,1308,warlock,destruction,23,14,9
Seagelock,silvermoon,1308,warlock,destruction,108,48,60
Hyòx,aegwynn,1308,warlock,destruction,59,26,33
Altffeer,blackmoore,1307,warlock,destruction,30,14,16
Блэкмайндер,howling-fjord,1306,warlock,destruction,38,23,15
Sîlverdîze,thrall,1305,warlock,destruction,62,34,28
Mefistto,drakthul,1305,warlock,destruction,30,16,14
Sinsemilla,turalyon,1305,warlock,destruction,47,24,23
Kïrah,ysondre,1305,warlock,destruction,68,27,41
Fredysimo,silvermoon,1304,warlock,destruction,24,17,7
Plööp,malganis,1304,warlock,destruction,163,82,81
Islazoldyck,draenor,1304,warlock,destruction,122,54,68
Poulebar,ysondre,1303,warlock,destruction,24,14,10
Shadeshanox,blackmoore,1302,warlock,destruction,36,23,13
Lokajci,outland,1302,warlock,destruction,37,22,15
Àsh,dun-modr,1302,warlock,destruction,47,21,26
Fêars,blackrock,1299,warlock,destruction,62,34,28
Хубаскис,soulflayer,1298,warlock,destruction,61,26,35
Lodem,darksorrow,1298,warlock,destruction,36,15,21
Dexterr,sylvanas,1297,warlock,destruction,122,61,61
Grumrah,argent-dawn,1297,warlock,destruction,65,28,37
Failtráin,blackhand,1295,warlock,destruction,23,14,9
Scandalfogel,frostmane,1295,warlock,destruction,24,14,10
Untactful,tarren-mill,1295,warlock,destruction,89,46,43
Apôpis,archimonde,1294,warlock,destruction,48,28,20
Ädarä,cthun,1294,warlock,destruction,60,30,30
Skâald,senjin,1294,warlock,destruction,48,23,25
Narkstzhki,kazzak,1292,warlock,destruction,97,61,36
Profylaxis,arathor,1292,warlock,destruction,69,38,31
Sehere,ragnaros,1292,warlock,destruction,32,17,15
Proflock,drakthul,1292,warlock,destruction,54,28,26
Cháos,forscherliga,1292,warlock,destruction,61,24,37
Nerokin,blackrock,1291,warlock,destruction,126,73,53
Zerozwolf,tarren-mill,1289,warlock,destruction,48,17,31
Sylrathas,burning-legion,1288,warlock,destruction,93,50,43
Меркус,howling-fjord,1288,warlock,destruction,42,18,24
Useidûm,ravencrest,1287,warlock,destruction,30,14,16
Sorxez,thrall,1287,warlock,destruction,54,25,29
Kokainas,dun-modr,1287,warlock,destruction,48,22,26
Lazyblue,hyjal,1286,warlock,destruction,85,32,53
Хиёрис,eversong,1284,warlock,destruction,57,33,24
Nicolino,doomhammer,1283,warlock,destruction,72,42,30
Askanios,twisting-nether,1283,warlock,destruction,73,41,32
Turbofamilly,hyjal,1282,warlock,destruction,23,14,9
Gdkw,tarren-mill,1279,warlock,destruction,36,15,21
Southylol,stormscale,1278,warlock,destruction,17,14,3
Xfear,blackrock,1277,warlock,destruction,24,16,8
Diseased,darksorrow,1277,warlock,destruction,108,65,43
Krokator,draenor,1276,warlock,destruction,51,28,23
Galath,wrathbringer,1276,warlock,destruction,94,47,47
Demohoror,stormscale,1276,warlock,destruction,42,20,22
Zivalelia,silvermoon,1276,warlock,destruction,143,66,77
Easybolt,blackrock,1276,warlock,destruction,32,14,18
Chaotìc,nemesis,1275,warlock,destruction,24,18,6
Longchamp,stormscale,1275,warlock,destruction,28,15,13
Ocaya,kazzak,1275,warlock,destruction,30,16,14
Гринлайм,howling-fjord,1274,warlock,destruction,33,19,14
Dreamage,exodar,1274,warlock,destruction,54,27,27
Sindown,the-maelstrom,1274,warlock,destruction,68,29,39
Divvaa,tarren-mill,1272,warlock,destruction,118,56,62
Делегент,deathguard,1272,warlock,destruction,84,34,50
Filianore,azjolnerub,1271,warlock,destruction,67,32,35
Dÿf,kazzak,1271,warlock,destruction,34,16,18
Shinamna,tarren-mill,1270,warlock,destruction,30,15,15
Gangleader,ravencrest,1267,warlock,destruction,23,14,9
Øpaco,khazgoroth,1267,warlock,destruction,53,21,32
Hárdí,tarren-mill,1265,warlock,destruction,24,15,9
Чиназис,gordunni,1265,warlock,destruction,102,49,53
Sovrìn,blackrock,1264,warlock,destruction,20,14,6
Tsumde,dalaran,1264,warlock,destruction,86,43,43
Tabarnak,archimonde,1264,warlock,destruction,30,14,16
Necrolock,tarren-mill,1263,warlock,destruction,47,23,24
Гангстахохо,soulflayer,1263,warlock,destruction,40,16,24
Klimsonxd,burning-legion,1262,warlock,destruction,28,15,13
Regularbag,ravencrest,1261,warlock,destruction,30,15,15
Voiyane,silvermoon,1261,warlock,destruction,30,14,16
Дольпико,howling-fjord,1260,warlock,destruction,42,22,20
Symbiosis,kazzak,1260,warlock,destruction,102,50,52
Üserper,chamber-of-aspects,1259,warlock,destruction,143,64,79
Локкрис,blackscar,1258,warlock,destruction,86,45,41
Cleoputra,sylvanas,1258,warlock,destruction,30,15,15
Kriplock,twisting-nether,1257,warlock,destruction,53,21,32
Zuyox,silvermoon,1256,warlock,destruction,53,22,31
Blackjackk,tarren-mill,1256,warlock,destruction,72,27,45
Merloc,magtheridon,1253,warlock,destruction,44,24,20
Jobbymancer,twisting-nether,1252,warlock,destruction,42,25,17
Dededimons,stormscale,1252,warlock,destruction,104,52,52
Hunbeliever,ragnaros,1250,warlock,destruction,36,22,14
Dubbzy,outland,1250,warlock,destruction,39,19,20
Вешка,azuregos,1249,warlock,destruction,33,18,15
Oxsen,hyjal,1249,warlock,destruction,60,29,31
Kaakmasta,der-abyssische-rat,1248,warlock,destruction,18,13,5
Doomdog,hyjal,1248,warlock,destruction,18,13,5
Sêro,aegwynn,1248,warlock,destruction,18,13,5
Deflagrate,kazzak,1248,warlock,destruction,24,13,11
Kyiüû,archimonde,1248,warlock,destruction,28,15,13
Антарриэль,howling-fjord,1248,warlock,destruction,42,22,20
Puiia,draenor,1247,warlock,destruction,63,36,27
Southy,stormscale,1247,warlock,destruction,24,13,11
Dobromír,kazzak,1247,warlock,destruction,24,13,11
Shiammetrý,kazzak,1247,warlock,destruction,24,13,11
Mirenli,kazzak,1247,warlock,destruction,24,13,11
Irukandji,chants-éternels,1247,warlock,destruction,24,13,11
Гулдарий,howling-fjord,1247,warlock,destruction,162,85,77
Felbunni,silvermoon,1247,warlock,destruction,75,33,42
Xarica,garona,1247,warlock,destruction,30,13,17
Sqxfkndog,ravencrest,1246,warlock,destruction,18,13,5
Stunspectoo,turalyon,1246,warlock,destruction,34,23,11
Blazed,dentarg,1246,warlock,destruction,24,13,11
Osyx,ravencrest,1246,warlock,destruction,28,15,13
Hardnes,kazzak,1246,warlock,destruction,30,13,17
Nightìngale,silvermoon,1246,warlock,destruction,30,13,17
Boltgodx,thrall,1245,warlock,destruction,24,13,11
Pherlet,sylvanas,1245,warlock,destruction,24,13,11
Yasagoth,chamber-of-aspects,1245,warlock,destruction,42,16,26
Krachol,emeriss,1244,warlock,destruction,24,13,11
Klmlover,tarren-mill,1244,warlock,destruction,24,13,11
Fidlesticks,ragnaros,1244,warlock,destruction,33,15,18
Shena,chogall,1244,warlock,destruction,30,13,17
Hannahowo,garona,1243,warlock,destruction,24,13,11
Raywl,blackmoore,1242,warlock,destruction,18,13,5
Dpsforehead,draenor,1242,warlock,destruction,19,13,6
Topmidbusta,draenor,1242,warlock,destruction,24,13,11
Cajnik,sylvanas,1242,warlock,destruction,24,13,11
Cursecannon,outland,1241,warlock,destruction,18,13,5
Lockismymain,eredar,1240,warlock,destruction,24,13,11
Анкхзул,howling-fjord,1240,warlock,destruction,24,13,11
Thigh,burning-legion,1240,warlock,destruction,30,13,17
Phît,kilrogg,1239,warlock,destruction,24,13,11
Ragequit,xavius,1238,warlock,destruction,24,13,11
Babayagâ,sanguino,1238,warlock,destruction,54,27,27
Vantimere,ragnaros,1237,warlock,destruction,24,13,11
Somanydots,twisting-nether,1237,warlock,destruction,120,57,63
Nazmordith,argent-dawn,1237,warlock,destruction,36,13,23
Møärdötd,aggra-português,1236,warlock,destruction,18,13,5
Pensiblesie,runetotem,1236,warlock,destruction,604,297,307
Firinmalazor,blackrock,1236,warlock,destruction,72,35,37
Annihilatîon,aegwynn,1235,warlock,destruction,24,13,11
Toryon,archimonde,1235,warlock,destruction,29,13,16
Ez,frostmane,1233,warlock,destruction,18,13,5
Zhoxx,outland,1233,warlock,destruction,30,13,17
Vae,doomhammer,1232,warlock,destruction,24,13,11
Crysy,confrérie-du-thorium,1232,warlock,destruction,30,13,17
Veinh,archimonde,1231,warlock,destruction,24,17,7
Keilahkang,aerie-peak,1231,warlock,destruction,84,32,52
Инсип,blackscar,1230,warlock,destruction,24,14,10
Murphloc,silvermoon,1230,warlock,destruction,38,20,18
Левсекси,eversong,1230,warlock,destruction,27,14,13
Nuckki,antonidas,1230,warlock,destruction,398,195,203
Arnoediad,twisting-nether,1230,warlock,destruction,45,18,27
Кискатёмная,blackscar,1229,warlock,destruction,96,44,52
Pekkoperkele,ravenholdt,1228,warlock,destruction,104,49,55
Aurelíá,ravencrest,1228,warlock,destruction,59,26,33
Keibo,drakthul,1228,warlock,destruction,30,13,17
Rottend,aggra-português,1228,warlock,destruction,81,35,46
Wolferand,argent-dawn,1228,warlock,destruction,42,17,25
Drfóx,draenor,1227,warlock,destruction,59,24,35
Cryd,thrall,1226,warlock,destruction,18,13,5
Trollgubbe,twilights-hammer,1225,warlock,destruction,18,13,5
Байронет,gordunni,1225,warlock,destruction,30,13,17
Demirchayan,twisting-nether,1224,warlock,destruction,102,56,46
Lokibra,antonidas,1223,warlock,destruction,125,59,66
Asmodaî,anubarak,1222,warlock,destruction,109,54,55
Ðestrucko,burning-legion,1222,warlock,destruction,71,29,42
Гулдас,thermaplugg,1221,warlock,destruction,42,21,21
Nopower,dun-morogh,1220,warlock,destruction,53,27,26
Chickoz,eredar,1219,warlock,destruction,103,54,49
Góblér,blackrock,1217,warlock,destruction,45,23,22
Westfaliu,blackhand,1217,warlock,destruction,66,24,42
Borrìs,blackhand,1216,warlock,destruction,160,83,77
Yumala,frostmourne,1216,warlock,destruction,30,15,15
Oldemoilépti,hyjal,1216,warlock,destruction,30,14,16
Карамбут,fordragon,1216,warlock,destruction,36,14,22
Pyroplasmic,tarren-mill,1215,warlock,destruction,71,42,29
Artyrus,burning-legion,1215,warlock,destruction,110,56,54
Gigoberto,kazzak,1214,warlock,destruction,23,13,10
Vâgg,blackmoore,1214,warlock,destruction,36,13,23
Guntok,tarren-mill,1211,warlock,destruction,37,22,15
Quasimodó,aegwynn,1211,warlock,destruction,49,29,20
Senaida,sylvanas,1211,warlock,destruction,70,40,30
Hydrochloric,emerald-dream,1211,warlock,destruction,24,13,11
Ganesha,sanguino,1210,warlock,destruction,35,16,19
Dotcha,ravencrest,1209,warlock,destruction,60,37,23
Vulgrim,kirin-tor,1208,warlock,destruction,57,27,30
Oxypvp,ravencrest,1207,warlock,destruction,51,19,32
Oloki,kazzak,1206,warlock,destruction,68,34,34
Sicktir,aerie-peak,1206,warlock,destruction,76,37,39
Lokko,nemesis,1205,warlock,destruction,42,23,19
Xhartus,argent-dawn,1205,warlock,destruction,30,13,17
Weexi,kazzak,1204,warlock,destruction,20,14,6
Maxxilla,twisting-nether,1203,warlock,destruction,240,118,122
Valkiá,earthen-ring,1203,warlock,destruction,42,20,22
Seymor,amanthul,1203,warlock,destruction,48,22,26
Ayóó,doomhammer,1202,warlock,destruction,107,58,49
Wildo,grim-batol,1202,warlock,destruction,48,26,22
Atruruz,antonidas,1200,warlock,destruction,89,48,41
Hyphonos,blackmoore,1199,warlock,destruction,26,14,12
Íntikam,blackrock,1198,warlock,destruction,30,15,15
Yhwäch,archimonde,1198,warlock,destruction,36,15,21
Gåylørd,ravencrest,1197,warlock,destruction,36,13,23
Присесть,razuvious,1196,warlock,destruction,45,23,22
Thorenss,medivh,1196,warlock,destruction,122,59,63
Zenondoros,arthas,1195,warlock,destruction,21,13,8
Стафилокок,deepholm,1190,warlock,destruction,23,13,10
Emoriy,blackmoore,1190,warlock,destruction,64,34,30
Bloodyknight,draenor,1188,warlock,destruction,43,28,15
Plague,twisting-nether,1188,warlock,destruction,27,14,13
Binkybabes,outland,1188,warlock,destruction,57,27,30
Neffy,sinstralis,1188,warlock,destruction,76,31,45
Kotihoitaja,stormreaver,1185,warlock,destruction,28,14,14
Neetlock,suramar,1185,warlock,destruction,30,14,16
Ezekîél,blackhand,1184,warlock,destruction,90,38,52
Kneereap,antonidas,1182,warlock,destruction,45,24,21
Idleglance,outland,1181,warlock,destruction,17,13,4
Slerpmami,ragnaros,1181,warlock,destruction,20,14,6
Mîjagî,blackhand,1181,warlock,destruction,65,37,28
Staynecro,malfurion,1179,warlock,destruction,43,19,24
Aldyst,ragnaros,1178,warlock,destruction,29,14,15
Kaeos,ravencrest,1176,warlock,destruction,24,15,9
Smuutil,drakthul,1176,warlock,destruction,30,17,13
Bèkshà,blackrock,1176,warlock,destruction,26,13,13
Heximexi,malganis,1176,warlock,destruction,36,16,20
Fathernurgle,hellfire,1173,warlock,destruction,99,53,46
Devoto,stormscale,1173,warlock,destruction,33,14,19
Ainzlok,tarren-mill,1170,warlock,destruction,51,30,21
Lovrog,twisting-nether,1169,warlock,destruction,21,13,8
Jossim,outland,1167,warlock,destruction,83,42,41
Крутизол,fordragon,1166,warlock,destruction,37,21,16
Evillinna,frostmane,1165,warlock,destruction,29,13,16
Mumbay,ragnaros,1164,warlock,destruction,76,35,41
Lomis,wrathbringer,1162,warlock,destruction,61,27,34
Saereda,kazzak,1160,warlock,destruction,42,20,22
Cozyboi,thrall,1156,warlock,destruction,204,104,100
Dominvs,silvermoon,1156,warlock,destruction,133,61,72
Modzal,kazzak,1155,warlock,destruction,24,13,11
Drillingsdad,dun-morogh,1155,warlock,destruction,73,31,42
Darthvder,sylvanas,1154,warlock,destruction,25,13,12
Anihlix,kazzak,1152,warlock,destruction,12,12,0
Feemers,thrall,1152,warlock,destruction,18,12,6
Веномхх,lich-king,1152,warlock,destruction,18,12,6
Nephystø,archimonde,1152,warlock,destruction,18,12,6
Hulagirl,ravencrest,1152,warlock,destruction,18,12,6
Dotjürgen,blackrock,1152,warlock,destruction,18,12,6
Teiser,nemesis,1152,warlock,destruction,24,12,12
Tropìcal,grim-batol,1152,warlock,destruction,24,12,12
Purplemafia,burning-blade,1152,warlock,destruction,24,12,12
Ðotbot,grim-batol,1152,warlock,destruction,24,12,12
Ekàti,ravencrest,1152,warlock,destruction,24,12,12
Консидёро,gordunni,1152,warlock,destruction,30,12,18
Элси,howling-fjord,1151,warlock,destruction,18,12,6
Leman,sylvanas,1151,warlock,destruction,18,12,6
Hasselbalch,azshara,1151,warlock,destruction,18,12,6
Cloud,kazzak,1151,warlock,destruction,18,12,6
Jkz,blackrock,1151,warlock,destruction,21,13,8
Jonsdotter,outland,1151,warlock,destruction,24,12,12
Wìtçhßlåðes,ysondre,1151,warlock,destruction,24,12,12
Wspolnax,ravencrest,1151,warlock,destruction,24,12,12
Монтадон,howling-fjord,1150,warlock,destruction,18,12,6
Estefanía,tarren-mill,1150,warlock,destruction,18,12,6
Zenii,nemesis,1150,warlock,destruction,18,12,6
Kikaikek,stormscale,1150,warlock,destruction,18,12,6
Warlockxx,ravencrest,1150,warlock,destruction,24,12,12
Tastemyzbay,hyjal,1150,warlock,destruction,24,12,12
Запрещаю,galakrond,1150,warlock,destruction,108,48,60
Scadar,kazzak,1149,warlock,destruction,18,12,6
Dallar,stormscale,1149,warlock,destruction,18,12,6
Qwyncess,archimonde,1149,warlock,destruction,24,12,12
Irwene,argent-dawn,1149,warlock,destruction,24,12,12
Boohyakka,tarren-mill,1149,warlock,destruction,24,12,12
Dispelpls,dun-morogh,1147,warlock,destruction,24,12,12
Felhaen,silvermoon,1147,warlock,destruction,24,12,12
Sædotern,stormscale,1147,warlock,destruction,24,12,12
Hexam,blackmoore,1147,warlock,destruction,30,12,18
Mjuklock,ravencrest,1146,warlock,destruction,24,12,12
Favorizlmp,archimonde,1146,warlock,destruction,24,12,12
Еротикгодх,gordunni,1146,warlock,destruction,24,12,12
Solomohn,steamwheedle-cartel,1145,warlock,destruction,18,13,5
Postymalony,kazzak,1145,warlock,destruction,18,12,6
Ezdotggwp,stormscale,1145,warlock,destruction,24,12,12
Puujäbäxd,stormscale,1145,warlock,destruction,30,12,18
Insanely,kazzak,1144,warlock,destruction,92,49,43
Sarajaylock,kazzak,1144,warlock,destruction,24,12,12
Føtmgodx,silvermoon,1144,warlock,destruction,24,12,12
Thicklock,twisting-nether,1144,warlock,destruction,42,20,22
Jinxzed,frostwhisper,1143,warlock,destruction,18,12,6
Ionutmanea,ravencrest,1143,warlock,destruction,41,16,25
Smileyfacè,silvermoon,1143,warlock,destruction,42,12,30
Cárloz,aegwynn,1142,warlock,destruction,18,12,6
Зажиженный,soulflayer,1142,warlock,destruction,21,12,9
Psychofear,kazzak,1142,warlock,destruction,30,12,18
Hurn,thunderhorn,1141,warlock,destruction,36,19,17
Xanth,eldrethalas,1141,warlock,destruction,30,13,17
Hymirr,arathor,1140,warlock,destruction,31,12,19
Whine,uldum,1139,warlock,destruction,78,39,39
Вериберри,gordunni,1139,warlock,destruction,24,12,12
Omnigul,grim-batol,1137,warlock,destruction,92,46,46
Halacska,arathor,1137,warlock,destruction,24,12,12
Скул,soulflayer,1137,warlock,destruction,30,12,18
Mystereo,bloodscalp,1135,warlock,destruction,18,12,6
Krekk,ragnaros,1135,warlock,destruction,24,12,12
Rampelnicka,burning-blade,1135,warlock,destruction,24,12,12
Joopz,ravencrest,1133,warlock,destruction,46,23,23
Arkatraz,blackhand,1133,warlock,destruction,48,21,27
Skybert,sunstrider,1132,warlock,destruction,24,14,10
Nirây,thrall,1131,warlock,destruction,61,19,42
Harrykan,blackrock,1130,warlock,destruction,18,12,6
Rasputia,thunderhorn,1130,warlock,destruction,70,37,33
Shadowflare,blackmoore,1130,warlock,destruction,38,15,23
Toffifae,argent-dawn,1129,warlock,destruction,18,12,6
Fiendy,tarren-mill,1129,warlock,destruction,24,12,12
Panicbolt,ravencrest,1129,warlock,destruction,24,12,12
Глотающий,gordunni,1128,warlock,destruction,18,12,6
Bojjisama,silvermoon,1128,warlock,destruction,18,12,6
Ladodida,darkspear,1127,warlock,destruction,30,12,18
Squát,kazzak,1125,warlock,destruction,24,12,12
Whiskeycola,blackmoore,1124,warlock,destruction,18,12,6
Тарналор,gordunni,1124,warlock,destruction,36,14,22
Hejhana,drakthul,1123,warlock,destruction,108,45,63
Стейн,soulflayer,1123,warlock,destruction,39,15,24
Marann,dun-morogh,1122,warlock,destruction,38,25,13
Darkà,rexxar,1121,warlock,destruction,24,13,11
Soultwist,twisting-nether,1120,warlock,destruction,30,12,18
Shagrab,nemesis,1119,warlock,destruction,33,17,16
Fiddlock,draenor,1117,warlock,destruction,22,13,9
Aftxrlife,arathor,1116,warlock,destruction,22,13,9
Langeklunker,outland,1116,warlock,destruction,23,12,11
Noobtamer,kazzak,1116,warlock,destruction,23,12,11
Бутабой,soulflayer,1114,warlock,destruction,33,16,17
Lánfeár,draenor,1114,warlock,destruction,29,12,17
Hulyekotsog,ragnaros,1113,warlock,destruction,24,13,11
Tommies,die-nachtwache,1113,warlock,destruction,42,19,23
Bribon,sanguino,1108,warlock,destruction,86,31,55
Charmine,tarren-mill,1106,warlock,destruction,24,13,11
Naniika,blackmoore,1104,warlock,destruction,84,50,34
Shadowbolt,outland,1104,warlock,destruction,27,12,15
Mîtskî,argent-dawn,1104,warlock,destruction,44,19,25
Darkwíngduck,aegwynn,1103,warlock,destruction,17,12,5
Règis,antonidas,1102,warlock,destruction,21,13,8
Lagoren,draenor,1102,warlock,destruction,24,12,12
Fromfuneral,anetheron,1101,warlock,destruction,124,69,55
Schöp,der-rat-von-dalaran,1101,warlock,destruction,34,16,18
Wxl,kazzak,1095,warlock,destruction,36,23,13
Orisess,bronze-dragonflight,1094,warlock,destruction,119,63,56
Gastkäft,shadowsong,1093,warlock,destruction,67,30,37
Fujiitøra,ysondre,1092,warlock,destruction,35,16,19
Даркинсоул,soulflayer,1090,warlock,destruction,21,13,8
Azgaroth,kazzak,1089,warlock,destruction,30,15,15
Batráz,tarren-mill,1088,warlock,destruction,84,35,49
Слававдвх,blackscar,1087,warlock,destruction,24,17,7
Уставок,soulflayer,1087,warlock,destruction,42,20,22
Buserella,eredar,1085,warlock,destruction,30,12,18
Methmuncher,twisting-nether,1085,warlock,destruction,44,17,27
Vendømlørd,archimonde,1083,warlock,destruction,36,12,24
Бигтедок,gordunni,1079,warlock,destruction,164,83,81
Ruul,sanguino,1079,warlock,destruction,50,20,30
Tchytcha,archimonde,1078,warlock,destruction,30,17,13
Pff,emeriss,1074,warlock,destruction,41,22,19
Jinckslock,anachronos,1072,warlock,destruction,13,12,1
Ymersai,stormscale,1069,warlock,destruction,105,49,56
Riitaall,khaz-modan,1069,warlock,destruction,72,28,44
Jimbrown,eredar,1066,warlock,destruction,22,12,10
Lefttorot,garrosh,1062,warlock,destruction,52,24,28
Korne,nemesis,1061,warlock,destruction,96,38,58
Condalini,runetotem,1060,warlock,destruction,30,17,13
Babidí,blackmoore,1058,warlock,destruction,18,12,6
Amon,suramar,1058,warlock,destruction,55,28,27
Ammitra,argent-dawn,1057,warlock,destruction,25,12,13
Sgait,ravencrest,1056,warlock,destruction,12,11,1
Kaylabae,silvermoon,1056,warlock,destruction,12,11,1
Hexiønløck,archimonde,1056,warlock,destruction,12,11,1
Tessalizz,aegwynn,1056,warlock,destruction,18,11,7
Flayør,ravencrest,1056,warlock,destruction,18,11,7
Abdulrahim,archimonde,1056,warlock,destruction,18,11,7
Незерлок,soulflayer,1056,warlock,destruction,18,11,7
Fjutta,outland,1056,warlock,destruction,18,11,7
Frèija,ravencrest,1056,warlock,destruction,18,11,7
Sizexl,silvermoon,1056,warlock,destruction,18,11,7
Southyx,stormscale,1056,warlock,destruction,18,11,7
Rénna,twisting-nether,1056,warlock,destruction,18,11,7
Oarz,blackrock,1056,warlock,destruction,18,11,7
Кремация,blackscar,1056,warlock,destruction,18,11,7
Kankbae,stormscale,1056,warlock,destruction,18,11,7
Teemzen,tarren-mill,1056,warlock,destruction,24,11,13
Hædês,antonidas,1056,warlock,destruction,24,11,13
Ratziel,sylvanas,1056,warlock,destruction,42,15,27
Rüjï,sanguino,1056,warlock,destruction,54,19,35
Resterx,blackhand,1055,warlock,destruction,12,11,1
Minicielle,ravencrest,1055,warlock,destruction,18,11,7
Nazw,ravencrest,1055,warlock,destruction,18,11,7
Straydots,grim-batol,1055,warlock,destruction,18,11,7
Raknoxyeyeye,blackrock,1055,warlock,destruction,18,11,7
Веберх,howling-fjord,1055,warlock,destruction,18,11,7
Bubalock,kazzak,1055,warlock,destruction,24,11,13
Razzalock,eredar,1055,warlock,destruction,24,11,13
Dalyvan,blackrock,1055,warlock,destruction,24,11,13
Anyfears,outland,1055,warlock,destruction,24,11,13
Flatulenzus,blackrock,1055,warlock,destruction,30,11,19
Kieman,tarren-mill,1055,warlock,destruction,30,11,19
Коломо,soulflayer,1054,warlock,destruction,18,11,7
Chafir,kazzak,1054,warlock,destruction,18,11,7
Niiaa,archimonde,1054,warlock,destruction,18,11,7
Sfwicked,tarren-mill,1054,warlock,destruction,18,11,7
Sleive,ravencrest,1054,warlock,destruction,18,11,7
Ronniee,moonglade,1054,warlock,destruction,18,11,7
Archí,twisting-nether,1054,warlock,destruction,18,11,7
Durátor,ravencrest,1054,warlock,destruction,18,11,7
Finlock,kult-der-verdammten,1054,warlock,destruction,21,12,9
Mentalx,outland,1054,warlock,destruction,24,11,13
Ullalol,magtheridon,1054,warlock,destruction,24,11,13
Xydar,stormscale,1054,warlock,destruction,30,12,18
Felrazer,silvermoon,1053,warlock,destruction,18,11,7
Shadowthrone,ragnaros,1053,warlock,destruction,24,11,13
Sôlon,azshara,1053,warlock,destruction,24,11,13
Хэлласс,blackscar,1053,warlock,destruction,24,11,13
Yenex,blackhand,1053,warlock,destruction,32,14,18
Barbyqueue,kazzak,1052,warlock,destruction,16,12,4
Костикк,howling-fjord,1052,warlock,destruction,18,11,7
Konstantína,eredar,1052,warlock,destruction,150,72,78
Warlockyo,blackrock,1052,warlock,destruction,24,11,13
Jasdemonly,stormscale,1052,warlock,destruction,24,11,13
Harrydóttár,draenor,1052,warlock,destruction,24,11,13
Deathpoid,draenor,1052,warlock,destruction,36,11,25
Locque,kazzak,1051,warlock,destruction,18,11,7
Numidia,tarren-mill,1051,warlock,destruction,24,11,13
Katâra,tarren-mill,1051,warlock,destruction,30,11,19
Smøkerzz,silvermoon,1051,warlock,destruction,30,11,19
Peterpaîn,blackmoore,1050,warlock,destruction,22,14,8
Hargart,ysondre,1050,warlock,destruction,18,11,7
Gâlvâtorix,frostmourne,1050,warlock,destruction,58,26,32
Setta,argent-dawn,1050,warlock,destruction,36,11,25
Bangbrös,stormscale,1049,warlock,destruction,18,11,7
Jynni,blackhand,1048,warlock,destruction,18,11,7
Rylewl,draenor,1048,warlock,destruction,30,11,19
Synnox,blackrock,1047,warlock,destruction,30,15,15
Yénnéfér,ravencrest,1046,warlock,destruction,33,11,22
Diavoletta,pozzo-delleternità,1046,warlock,destruction,48,11,37
Phántom,frostmane,1042,warlock,destruction,30,11,19
Surfot,kazzak,1041,warlock,destruction,30,11,19
Pallma,tarren-mill,1038,warlock,destruction,30,11,19
Whitebanshee,turalyon,1035,warlock,destruction,42,23,19
Raggnarlock,ravencrest,1035,warlock,destruction,30,11,19
Дулаан,blackscar,1034,warlock,destruction,44,15,29
Kokonix,defias-brotherhood,1033,warlock,destruction,24,11,13
Äzarel,khaz-modan,1031,warlock,destruction,48,29,19
Чпокерша,deepholm,1030,warlock,destruction,46,19,27
Àtreyù,daggerspine,1029,warlock,destruction,98,40,58
Sitosa,todeswache,1027,warlock,destruction,18,11,7
Demonoulis,bloodhoof,1026,warlock,destruction,18,11,7
Woudstok,ysondre,1026,warlock,destruction,23,12,11
Äbsalom,hyjal,1025,warlock,destruction,176,92,84
Nava,stormscale,1024,warlock,destruction,28,12,16
Fguldan,zuljin,1023,warlock,destruction,16,11,5
Avati,sargeras,1018,warlock,destruction,30,14,16
Vinilio,kazzak,1018,warlock,destruction,74,30,44
Klasikas,kazzak,1016,warlock,destruction,27,12,15
Esthrella,thrall,1015,warlock,destruction,73,38,35
Tarot,terokkar,1015,warlock,destruction,24,11,13
Kharzug,alakir,1015,warlock,destruction,27,12,15
Orcboltz,tarren-mill,1014,warlock,destruction,42,18,24
Zardøx,khaz-modan,1009,warlock,destruction,18,12,6
Gødprotøtýpe,ragnaros,1008,warlock,destruction,25,13,12
Rumpelelse,blackrock,1007,warlock,destruction,22,12,10
Jaqqy,blackmoore,1005,warlock,destruction,18,12,6
Xaok,dun-modr,1005,warlock,destruction,29,11,18
Mângo,thunderhorn,1004,warlock,destruction,24,11,13
Ванфирмен,gordunni,1004,warlock,destruction,24,11,13
Tarhatar,tarren-mill,1003,warlock,destruction,23,11,12
Llilith,bronzebeard,1003,warlock,destruction,24,11,13
Galagoat,archimonde,1002,warlock,destruction,30,15,15
Babayagaa,drakthul,1002,warlock,destruction,26,11,15
Baskakov,zuljin,1001,warlock,destruction,21,11,10
Iltharian,die-todeskrallen,1000,warlock,destruction,17,11,6
Desolador,tyrande,996,warlock,destruction,23,11,12
Petrosk,sanguino,990,warlock,destruction,26,11,15
Dakc,kazzak,990,warlock,destruction,30,11,19
Ottu,thrall,988,warlock,destruction,20,11,9
Yudy,burning-legion,987,warlock,destruction,20,11,9
Lynchéd,argent-dawn,986,warlock,destruction,17,11,6
Flisiakm,exodar,985,warlock,destruction,60,33,27
Sînâ,anubarak,984,warlock,destruction,36,11,25
Krastey,malfurion,983,warlock,destruction,16,11,5
Llilithh,draenor,983,warlock,destruction,16,11,5
Ileeo,kazzak,980,warlock,destruction,73,38,35
Шайтанарба,blackscar,977,warlock,destruction,42,17,25
Шейп,fordragon,977,warlock,destruction,36,11,25
Scrabblee,dun-morogh,976,warlock,destruction,30,11,19
Kritcheq,alakir,974,warlock,destruction,102,48,54
Dollmak,hyjal,973,warlock,destruction,93,43,50
Thorins,sinstralis,972,warlock,destruction,30,12,18
Huesecillo,sanguino,967,warlock,destruction,24,14,10
Demox,arathor,962,warlock,destruction,26,11,15
Måracujå,kazzak,960,warlock,destruction,12,10,2
Isco,ysondre,960,warlock,destruction,12,10,2
Nerfmeplz,archimonde,960,warlock,destruction,12,10,2
Slomg,sylvanas,960,warlock,destruction,12,10,2
Nefariousz,bloodfeather,960,warlock,destruction,12,10,2
Hopéléss,aggra-português,960,warlock,destruction,12,10,2
Flxzshort,kazzak,960,warlock,destruction,12,10,2
Harefrøken,ravencrest,960,warlock,destruction,12,10,2
Graystache,blackhand,960,warlock,destruction,12,10,2
Garb,stormreaver,960,warlock,destruction,12,10,2
Stecksen,blackmoore,960,warlock,destruction,12,10,2
Ñia,ravencrest,960,warlock,destruction,12,10,2
Korialstraz,sylvanas,960,warlock,destruction,12,10,2
Aritrosyo,ravencrest,960,warlock,destruction,12,10,2
Kozaras,tarren-mill,960,warlock,destruction,12,10,2
Joinx,tarren-mill,960,warlock,destruction,12,10,2
Jamuhlee,der-abyssische-rat,960,warlock,destruction,12,10,2
Destrolockz,tarren-mill,960,warlock,destruction,16,11,5
Imissbfa,stormscale,960,warlock,destruction,16,11,5
Penorr,silvermoon,960,warlock,destruction,18,10,8
Golansobolt,sanguino,960,warlock,destruction,18,10,8
Tøtøf,sargeras,960,warlock,destruction,18,10,8
Dst,ravencrest,960,warlock,destruction,18,10,8
Gödisdëäd,sanguino,960,warlock,destruction,18,10,8
Adoxilock,twisting-nether,960,warlock,destruction,18,10,8
Lìmè,silvermoon,960,warlock,destruction,18,10,8
Turdy,sylvanas,960,warlock,destruction,18,10,8
Britneÿ,stormscale,960,warlock,destruction,18,10,8
Trickytée,tarren-mill,960,warlock,destruction,18,10,8
Ilovethena,hyjal,960,warlock,destruction,18,10,8
Gutrass,ragnaros,960,warlock,destruction,18,10,8
Traicklock,eredar,960,warlock,destruction,18,10,8
Chaotick,burning-legion,960,warlock,destruction,18,10,8
Toutanpapier,ysondre,960,warlock,destruction,18,10,8
Ммоохх,gordunni,960,warlock,destruction,18,10,8
Xjms,darksorrow,960,warlock,destruction,21,10,11
Pämppää,stormscale,960,warlock,destruction,24,10,14
Asper,ragnaros,960,warlock,destruction,24,10,14
Zízýéró,sylvanas,959,warlock,destruction,12,10,2
Ammilock,aszune,959,warlock,destruction,12,10,2
Demonqueens,kazzak,959,warlock,destruction,12,10,2
Droguri,darkspear,959,warlock,destruction,12,10,2
Elmáestro,aegwynn,959,warlock,destruction,15,11,4
Boomdalf,silvermoon,959,warlock,destruction,18,10,8
Kaldun,outland,959,warlock,destruction,18,10,8
Raddikal,archimonde,959,warlock,destruction,18,10,8
Vät,kirin-tor,959,warlock,destruction,18,10,8
Kekbólt,twisting-nether,959,warlock,destruction,18,10,8
Positivitywl,stormscale,959,warlock,destruction,18,10,8
Dübêl,gorgonnash,959,warlock,destruction,18,10,8
Femalenjoyer,tarren-mill,959,warlock,destruction,18,10,8
Balatonsound,ragnaros,959,warlock,destruction,18,10,8
Nopainnodot,aegwynn,959,warlock,destruction,18,10,8
Dotáhoe,twisting-nether,959,warlock,destruction,18,10,8
Vexsir,kazzak,959,warlock,destruction,21,11,10
Pushedover,outland,959,warlock,destruction,21,11,10
Necromonger,blackrock,959,warlock,destruction,24,10,14
Колмидедди,gordunni,959,warlock,destruction,24,10,14
Agonymaster,twisting-nether,958,warlock,destruction,12,10,2
Slâyâ,blackrock,958,warlock,destruction,12,10,2
Celphboss,twisting-nether,958,warlock,destruction,18,10,8
Kenybalajze,the-maelstrom,958,warlock,destruction,18,10,8
Drainurlife,zenedar,958,warlock,destruction,18,10,8
Адво,howling-fjord,958,warlock,destruction,18,10,8
Danzil,silvermoon,958,warlock,destruction,18,10,8
Revhy,ravencrest,958,warlock,destruction,18,10,8
Kwei,nemesis,958,warlock,destruction,18,10,8
Banette,sylvanas,958,warlock,destruction,18,10,8
Filippö,eredar,958,warlock,destruction,18,10,8
Vanmorgoth,nazjatar,958,warlock,destruction,18,10,8
Релента,gordunni,958,warlock,destruction,18,10,8
Cryks,blackmoore,958,warlock,destruction,21,11,10
Narzisså,dalaran,958,warlock,destruction,24,10,14
Dèv,draenor,958,warlock,destruction,24,10,14
Maedx,outland,958,warlock,destruction,27,11,16
Zorlon,frostmane,957,warlock,destruction,12,10,2
Bruhoman,kazzak,957,warlock,destruction,12,10,2
Inhúman,kazzak,957,warlock,destruction,18,10,8
Hexdoc,alakir,957,warlock,destruction,18,10,8
Schmexer,blutkessel,957,warlock,destruction,18,10,8
Nimmyjewtron,tarren-mill,957,warlock,destruction,18,10,8
Allêgrâ,blackrock,957,warlock,destruction,20,10,10
Whippet,nemesis,956,warlock,destruction,12,10,2
Adriankolock,sylvanas,956,warlock,destruction,13,10,3
Lisànna,nemesis,956,warlock,destruction,24,10,14
Ромаколдун,howling-fjord,956,warlock,destruction,24,10,14
Àbraxàs,nemesis,956,warlock,destruction,30,10,20
Absurdd,turalyon,955,warlock,destruction,16,11,5
Darklobos,aggra-português,955,warlock,destruction,18,10,8
Банкапевка,howling-fjord,955,warlock,destruction,24,10,14
Thranerm,ravencrest,955,warlock,destruction,24,10,14
Ezze,thrall,954,warlock,destruction,18,10,8
Chlöê,hyjal,954,warlock,destruction,18,10,8
Izhi,ragnaros,954,warlock,destruction,21,10,11
Gerart,tarren-mill,953,warlock,destruction,18,10,8
Wormies,doomhammer,953,warlock,destruction,24,10,14
Chaoscu,twisting-nether,952,warlock,destruction,18,10,8
Millhaus,gorgonnash,952,warlock,destruction,18,10,8
Tzimice,hyjal,952,warlock,destruction,24,10,14
Donmajor,amanthul,952,warlock,destruction,30,10,20
Skitless,blackmoore,951,warlock,destruction,24,10,14
Ihateyouguys,auchindoun,951,warlock,destruction,24,10,14
Zow,dun-modr,950,warlock,destruction,24,10,14
Bahlrok,burning-legion,949,warlock,destruction,18,10,8
Drthc,kazzak,949,warlock,destruction,18,10,8
Bandìtten,alakir,949,warlock,destruction,18,10,8
Fbomber,ravencrest,948,warlock,destruction,12,10,2
Rikkai,anubarak,948,warlock,destruction,18,10,8
Elayjalock,twisting-nether,948,warlock,destruction,24,10,14
Прадедка,howling-fjord,946,warlock,destruction,36,10,26
Vraduk,malygos,944,warlock,destruction,20,11,9
Troyana,chants-éternels,938,warlock,destruction,80,41,39
Johntrabolta,chogall,937,warlock,destruction,26,13,13
Sorrayá,eredar,937,warlock,destruction,30,10,20
Снчч,soulflayer,933,warlock,destruction,23,10,13
Silkgates,kazzak,933,warlock,destruction,29,10,19
Demowlition,archimonde,931,warlock,destruction,42,14,28
Britneyfear,aegwynn,927,warlock,destruction,14,11,3
Racursed,outland,927,warlock,destruction,16,10,6
Hasábqtja,ragnaros,927,warlock,destruction,17,10,7
Архидрако,gordunni,925,warlock,destruction,44,17,27
Wizdoom,outland,924,warlock,destruction,22,11,11
Hêxêr,terrordar,923,warlock,destruction,18,10,8
Öyo,outland,923,warlock,destruction,171,83,88
Arlu,blackrock,920,warlock,destruction,58,28,30
Loliloz,les-clairvoyants,918,warlock,destruction,23,11,12
Kárdur,blackmoore,912,warlock,destruction,20,11,9
Smithlock,blackrock,912,warlock,destruction,21,11,10
Absúrd,turalyon,911,warlock,destruction,21,10,11
Фламмэнх,soulflayer,911,warlock,destruction,23,10,13
Cruckz,nathrezim,910,warlock,destruction,15,10,5
Telaldrah,argent-dawn,906,warlock,destruction,17,10,7
Caiiden,kazzak,905,warlock,destruction,18,11,7
Nizha,sanguino,905,warlock,destruction,44,23,21
Janneraut,terokkar,905,warlock,destruction,36,14,22
Чернокай,gordunni,895,warlock,destruction,16,10,6
Реалсамка,gordunni,895,warlock,destruction,17,10,7
Würrzag,kazzak,894,warlock,destruction,17,10,7
Felcollins,sylvanas,892,warlock,destruction,20,10,10
Blâckmagíc,thrall,887,warlock,destruction,16,10,6
Seldonn,pozzo-delleternità,864,warlock,destruction,12,9,3
Lcollector,outland,864,warlock,destruction,12,9,3
Chàsx,archimonde,864,warlock,destruction,12,9,3
Skippity,ravencrest,864,warlock,destruction,12,9,3
Ilbidello,nemesis,864,warlock,destruction,12,9,3
Bigdambolt,blackrock,864,warlock,destruction,12,9,3
Zakazal,argent-dawn,864,warlock,destruction,12,9,3
Низвестнно,soulflayer,864,warlock,destruction,12,9,3
Jelessa,lordaeron,864,warlock,destruction,12,9,3
Menocast,archimonde,864,warlock,destruction,12,9,3
Vamanos,stormscale,864,warlock,destruction,12,9,3
Sgaitxd,ravencrest,864,warlock,destruction,12,9,3
Peon,blackrock,864,warlock,destruction,12,9,3
Ahollic,frostwolf,864,warlock,destruction,12,9,3
Reizouka,twisting-nether,864,warlock,destruction,12,9,3
Trimar,archimonde,864,warlock,destruction,12,9,3
Predlocktwo,twisting-nether,864,warlock,destruction,12,9,3
Osclo,ravencrest,864,warlock,destruction,12,9,3
Mìzengard,eredar,864,warlock,destruction,12,9,3
Boltmaster,burning-legion,864,warlock,destruction,12,9,3
Projectlock,draenor,864,warlock,destruction,12,9,3
Chaosboba,silvermoon,864,warlock,destruction,12,9,3
Jackalabrute,dalaran,864,warlock,destruction,12,9,3
Beltazhor,kazzak,864,warlock,destruction,16,10,6
Demonbot,kazzak,864,warlock,destruction,15,9,6
Aggressivé,twisting-nether,864,warlock,destruction,17,9,8
Ubinaz,blackmoore,864,warlock,destruction,18,9,9
Gulzot,turalyon,864,warlock,destruction,18,9,9
Köftemec,blackrock,864,warlock,destruction,18,9,9
Petitcayou,archimonde,864,warlock,destruction,18,9,9
Joleptem,outland,864,warlock,destruction,18,9,9
Fearfearfear,blackhand,864,warlock,destruction,18,9,9
Ashh,ravencrest,864,warlock,destruction,18,9,9
Gremmus,outland,864,warlock,destruction,18,9,9
Fascino,nazjatar,864,warlock,destruction,18,9,9
Milfhaunter,aegwynn,864,warlock,destruction,24,9,15
Séxenmeister,argent-dawn,864,warlock,destruction,24,9,15
Demonslayer,khaz-modan,863,warlock,destruction,12,9,3
Mawdogger,ravencrest,863,warlock,destruction,12,9,3
Disgraced,stormscale,863,warlock,destruction,12,9,3
Fearpuss,dun-modr,863,warlock,destruction,12,9,3
Elerodril,ysondre,863,warlock,destruction,12,9,3
Psykokwette,kirin-tor,863,warlock,destruction,12,9,3
Elissa,skullcrusher,863,warlock,destruction,12,9,3
Zelyx,archimonde,863,warlock,destruction,12,9,3
Narzok,kazzak,863,warlock,destruction,12,9,3
Phicon,silvermoon,863,warlock,destruction,12,9,3
Bergerac,archimonde,863,warlock,destruction,12,9,3
Jmë,outland,863,warlock,destruction,12,9,3
Тарои,howling-fjord,863,warlock,destruction,18,9,9
Burningdemon,kazzak,863,warlock,destruction,18,9,9
Andrealphus,outland,863,warlock,destruction,18,9,9
Hydock,twisting-nether,863,warlock,destruction,18,9,9
Demonälskare,kazzak,863,warlock,destruction,18,9,9
Nobodyknows,outland,863,warlock,destruction,18,9,9
Острогриф,gordunni,863,warlock,destruction,18,9,9
Nazrõth,stormscale,863,warlock,destruction,18,9,9
Ralyz,archimonde,863,warlock,destruction,18,9,9
Sethtarr,draenor,863,warlock,destruction,18,9,9
Moardotts,ravencrest,863,warlock,destruction,19,9,10
Meningitis,tyrande,863,warlock,destruction,24,9,15
Геоматика,gordunni,863,warlock,destruction,24,9,15
Uezzalock,nemesis,863,warlock,destruction,24,9,15
Getfeared,draenor,863,warlock,destruction,24,9,15
Мглавечная,soulflayer,863,warlock,destruction,31,9,22
Lanmarieberg,stormscale,862,warlock,destruction,12,9,3
Longdickie,ravencrest,862,warlock,destruction,12,9,3
Altfdrölf,blackhand,862,warlock,destruction,12,9,3
Bíggun,outland,862,warlock,destruction,12,9,3
Biihz,ysondre,862,warlock,destruction,12,9,3
Sénsemann,madmortem,862,warlock,destruction,12,9,3
Zeralia,nemesis,862,warlock,destruction,12,9,3
Malumbra,argent-dawn,862,warlock,destruction,18,9,9
Deamions,ravencrest,862,warlock,destruction,18,9,9
Arthesia,archimonde,862,warlock,destruction,18,9,9
Nili,dethecus,862,warlock,destruction,18,9,9
Otemlock,sanguino,862,warlock,destruction,18,9,9
Voidllynx,sylvanas,862,warlock,destruction,18,9,9
Grol,terokkar,861,warlock,destruction,18,11,7
Darkremorsez,alakir,861,warlock,destruction,24,9,15
Facépalm,draenor,861,warlock,destruction,30,9,21
Xeró,quelthalas,860,warlock,destruction,12,9,3
Pederlock,defias-brotherhood,860,warlock,destruction,30,9,21
Zakuri,blackmoore,859,warlock,destruction,18,9,9
Adafbhf,tichondrius,859,warlock,destruction,18,9,9
Acohab,draenor,859,warlock,destruction,18,9,9
Swank,twisting-nether,859,warlock,destruction,18,9,9
Mÿxin,blackhand,859,warlock,destruction,24,9,15
Elmîr,blackmoore,859,warlock,destruction,24,9,15
Глянемче,deathguard,859,warlock,destruction,24,9,15
Schluépfêr,blackrock,858,warlock,destruction,18,9,9
Castingsmth,draenor,855,warlock,destruction,15,11,4
Fearmex,turalyon,854,warlock,destruction,18,9,9
Müdür,burning-legion,854,warlock,destruction,18,9,9
Zøhaz,burning-legion,851,warlock,destruction,98,41,57
Ternisia,draenor,846,warlock,destruction,20,10,10
Tid,burning-legion,830,warlock,destruction,17,9,8
Lokelicious,ragnaros,829,warlock,destruction,23,9,14
Армдэд,galakrond,826,warlock,destruction,29,9,20
Oddchap,magtheridon,822,warlock,destruction,89,38,51
Zengrow,ravencrest,815,warlock,destruction,15,10,5
Indynamo,blackrock,815,warlock,destruction,17,9,8
Shakuroz,frostwolf,815,warlock,destruction,27,10,17
Oonz,sylvanas,811,warlock,destruction,28,9,19
Kharless,kazzak,808,warlock,destruction,23,9,14
Yokûjin,twisting-nether,799,warlock,destruction,17,9,8
Aelvur,tarren-mill,799,warlock,destruction,20,9,11
Sacmaboltz,kazzak,797,warlock,destruction,22,9,13
Eisenkiefer,thrall,792,warlock,destruction,81,28,53
Trathos,minahonda,774,warlock,destruction,36,15,21
Côr,twisting-nether,768,warlock,destruction,12,8,4
Gravewatcher,twisting-nether,768,warlock,destruction,12,8,4
Ragnarók,area-52,768,warlock,destruction,12,8,4
Benafflock,veknilash,768,warlock,destruction,12,8,4
Crunel,ragnaros,768,warlock,destruction,12,8,4
Nasalies,grim-batol,768,warlock,destruction,12,8,4
Muyutrix,eredar,768,warlock,destruction,12,8,4
Андаинг,soulflayer,768,warlock,destruction,12,8,4
Firecast,kazzak,768,warlock,destruction,12,8,4
Zwockeý,ravencrest,768,warlock,destruction,12,8,4
Trembly,alakir,768,warlock,destruction,12,8,4
Buudds,frostmane,768,warlock,destruction,12,8,4
Emolord,ravencrest,768,warlock,destruction,12,8,4
Psychoduck,stormscale,768,warlock,destruction,12,8,4
Miniparanoik,silvermoon,768,warlock,destruction,12,8,4
Maenas,ravencrest,768,warlock,destruction,12,8,4
Goodbyex,aegwynn,768,warlock,destruction,12,8,4
Lasuch,burning-legion,768,warlock,destruction,12,8,4
Cheeseyballs,ravencrest,768,warlock,destruction,12,8,4
Миражлок,gordunni,768,warlock,destruction,12,8,4
Aket,kazzak,768,warlock,destruction,12,8,4
Файрусх,soulflayer,768,warlock,destruction,12,8,4
Nodavé,stormscale,768,warlock,destruction,12,8,4
Vezmollo,stormscale,768,warlock,destruction,12,8,4
Overbuffed,wildhammer,768,warlock,destruction,12,8,4
Sniffy,stormreaver,768,warlock,destruction,12,8,4
Gebkan,hyjal,768,warlock,destruction,12,8,4
Sebikqt,ravencrest,768,warlock,destruction,12,8,4
Namarin,die-aldor,768,warlock,destruction,12,8,4
Fogboi,tarren-mill,768,warlock,destruction,12,8,4
Doublebolt,the-maelstrom,768,warlock,destruction,12,8,4
Wårlørd,ragnaros,768,warlock,destruction,12,8,4
Журанайсбой,blackscar,768,warlock,destruction,12,8,4
Gambos,kazzak,768,warlock,destruction,12,8,4
Dmonlock,hyjal,768,warlock,destruction,12,8,4
Dadylock,silvermoon,768,warlock,destruction,12,8,4
Phobilock,guldan,768,warlock,destruction,12,8,4
Ogiez,draenor,768,warlock,destruction,12,8,4
Rikuu,ravencrest,768,warlock,destruction,12,8,4
Verminosiss,stormscale,768,warlock,destruction,12,8,4
Dbwl,kazzak,768,warlock,destruction,12,8,4
Detoxa,outland,768,warlock,destruction,12,8,4
Антетак,soulflayer,768,warlock,destruction,12,8,4
Mosskok,kazzak,768,warlock,destruction,16,9,7
Dakotalock,ravencrest,768,warlock,destruction,16,9,7
Lilkit,kazzak,768,warlock,destruction,18,8,10
Horststenzl,blackrock,768,warlock,destruction,18,8,10
Vexlock,rexxar,768,warlock,destruction,18,8,10
Tenkem,dun-modr,768,warlock,destruction,18,8,10
Dirtyjoe,doomhammer,768,warlock,destruction,18,8,10
Voodooskull,kazzak,768,warlock,destruction,18,8,10
Эпсизануда,soulflayer,768,warlock,destruction,18,8,10
Melforius,tarren-mill,768,warlock,destruction,18,8,10
Némésiø,archimonde,768,warlock,destruction,18,8,10
Hsheam,kazzak,768,warlock,destruction,18,8,10
Tseva,aggra-português,768,warlock,destruction,18,8,10
Drestar,ragnaros,768,warlock,destruction,18,8,10
Mentaldeadw,draenor,767,warlock,destruction,12,8,4
Shadowburst,outland,767,warlock,destruction,12,8,4
Даремно,gordunni,767,warlock,destruction,12,8,4
Xoregar,nemesis,767,warlock,destruction,12,8,4
Melkorh,twisting-nether,767,warlock,destruction,12,8,4
Iblis,grim-batol,767,warlock,destruction,12,8,4
Gimmê,dun-morogh,767,warlock,destruction,12,8,4
Redroach,doomhammer,767,warlock,destruction,12,8,4
Яичнаялапша,soulflayer,767,warlock,destruction,12,8,4
Горгзок,howling-fjord,767,warlock,destruction,12,8,4
Goodclass,tarren-mill,767,warlock,destruction,12,8,4
Palatical,terokkar,767,warlock,destruction,12,8,4
Aribethion,draenor,767,warlock,destruction,12,8,4
Chía,thunderhorn,767,warlock,destruction,12,8,4
Ромзесхх,howling-fjord,767,warlock,destruction,12,8,4
Unkid,tarren-mill,767,warlock,destruction,12,8,4
Кандидат,blackscar,767,warlock,destruction,12,8,4
Slamalock,stormscale,767,warlock,destruction,18,8,10
Surt,la-croisade-écarlate,767,warlock,destruction,18,8,10
Wichtl,die-ewige-wacht,767,warlock,destruction,18,8,10
Eviloverlord,silvermoon,767,warlock,destruction,18,8,10
Ráklock,ragnaros,767,warlock,destruction,18,8,10
Akechy,dun-modr,767,warlock,destruction,18,8,10
Ebolara,aegwynn,767,warlock,destruction,18,8,10
Sadisticlól,burning-legion,767,warlock,destruction,18,8,10
Stopfëar,ysondre,767,warlock,destruction,18,8,10
Chochliko,silvermoon,767,warlock,destruction,18,8,10
Kontanthjælp,tarren-mill,767,warlock,destruction,18,8,10
Debex,ravencrest,767,warlock,destruction,18,8,10
Crathar,kazzak,767,warlock,destruction,24,8,16
Fearmighty,kazzak,767,warlock,destruction,24,8,16
Infectius,kazzak,767,warlock,destruction,24,8,16
Légréy,blackmoore,766,warlock,destruction,12,8,4
Discordîân,twisting-nether,766,warlock,destruction,12,8,4
Келебрах,howling-fjord,766,warlock,destruction,12,8,4
Sharion,silvermoon,766,warlock,destruction,12,8,4
Xlara,argent-dawn,766,warlock,destruction,18,8,10
Jillyãen,hyjal,766,warlock,destruction,18,8,10
Yôi,nemesis,766,warlock,destruction,18,8,10
Shindubelore,aggra-português,766,warlock,destruction,18,8,10
Warlockout,ravencrest,766,warlock,destruction,22,9,13
Feer,defias-brotherhood,766,warlock,destruction,24,8,16
Lorock,rajaxx,766,warlock,destruction,24,8,16
Рисли,deathweaver,765,warlock,destruction,12,8,4
Bravehearrt,burning-legion,765,warlock,destruction,12,8,4
Dregx,twisting-nether,765,warlock,destruction,12,8,4
Darkspit,draenor,765,warlock,destruction,12,8,4
Drestan,twisting-nether,765,warlock,destruction,18,8,10
Cursier,blackmoore,765,warlock,destruction,18,8,10
Waîdo,blackhand,765,warlock,destruction,24,8,16
Hexahydraten,draenor,764,warlock,destruction,18,8,10
Grinspoon,ysondre,764,warlock,destruction,18,8,10
Zaklinator,twisting-nether,764,warlock,destruction,18,8,10
Luckynòób,ravencrest,764,warlock,destruction,24,8,16
Urgool,ravencrest,763,warlock,destruction,12,8,4
Dalfgan,wildhammer,763,warlock,destruction,83,33,50
Юникна,gordunni,763,warlock,destruction,24,8,16
Камнилока,booty-bay,763,warlock,destruction,24,8,16
Chaosboltfm,silvermoon,762,warlock,destruction,23,8,15
Timaggrox,dun-morogh,761,warlock,destruction,90,42,48
Ramurox,rexxar,759,warlock,destruction,22,9,13
Sladurana,eredar,756,warlock,destruction,42,16,26
Safirae,blackmoore,756,warlock,destruction,25,8,17
Happysrme,thrall,756,warlock,destruction,36,8,28
Mádará,tarren-mill,735,warlock,destruction,14,9,5
Shaodul,stormscale,735,warlock,destruction,17,8,9
Шадофлок,deathweaver,735,warlock,destruction,17,8,9
Scheprick,twisting-nether,735,warlock,destruction,23,8,15
Vooses,draenor,719,warlock,destruction,11,8,3
Awon,aegwynn,719,warlock,destruction,17,8,9
Kelek,anachronos,718,warlock,destruction,11,8,3
Кореопсис,azuregos,718,warlock,destruction,11,8,3
Mïllâïneeqtx,archimonde,714,warlock,destruction,13,10,3
Ironserious,blackrock,714,warlock,destruction,16,9,7
Тёмабиль,gordunni,714,warlock,destruction,23,10,13
Warlocklordx,ravencrest,713,warlock,destruction,22,9,13
Rikta,stormscale,703,warlock,destruction,11,8,3
Джастсак,gordunni,703,warlock,destruction,11,8,3
Jjejo,ragnaros,703,warlock,destruction,16,8,8
Kycknosa,archimonde,703,warlock,destruction,20,8,12
Saleus,argent-dawn,701,warlock,destruction,16,8,8
Lobbo,ravencrest,672,warlock,destruction,12,7,5
Hehexd,steamwheedle-cartel,672,warlock,destruction,12,7,5
Gruldran,khaz-modan,672,warlock,destruction,12,7,5
Arakaali,dentarg,672,warlock,destruction,12,7,5
Saladoor,draenor,672,warlock,destruction,12,7,5
Sötsugen,argent-dawn,672,warlock,destruction,12,7,5
Матрикспз,soulflayer,672,warlock,destruction,12,7,5
Sneltjej,draenor,672,warlock,destruction,12,7,5
Numwiki,draenor,672,warlock,destruction,12,7,5
Nürgle,stormscale,672,warlock,destruction,12,7,5
Archimitros,blackmoore,672,warlock,destruction,12,7,5
Pujatia,tarren-mill,672,warlock,destruction,12,7,5
Itiswhatitis,ravencrest,672,warlock,destruction,12,7,5
Nmmnmmnnmnmm,blackmoore,672,warlock,destruction,12,7,5
Skipperw,blackmoore,672,warlock,destruction,12,7,5
Destroylol,draenor,672,warlock,destruction,12,7,5
Nerreboltz,tarren-mill,672,warlock,destruction,12,7,5
Boltsofdoom,kazzak,672,warlock,destruction,12,7,5
Lickyicky,twisting-nether,672,warlock,destruction,12,7,5
Scud,frostwolf,672,warlock,destruction,12,7,5
Abraðolf,blackrock,672,warlock,destruction,12,7,5
Wimbii,outland,672,warlock,destruction,12,7,5
Uqrlock,twisting-nether,672,warlock,destruction,12,7,5
Galeriana,twilights-hammer,672,warlock,destruction,12,7,5
Aoeenjoer,tarren-mill,672,warlock,destruction,12,7,5
Pukemistress,tarren-mill,672,warlock,destruction,12,7,5
Damira,blackmoore,672,warlock,destruction,12,7,5
Wacastwo,tarren-mill,672,warlock,destruction,12,7,5
Kurioula,twisting-nether,672,warlock,destruction,12,7,5
Vilenia,doomhammer,672,warlock,destruction,12,7,5
Numlockz,jaedenar,672,warlock,destruction,12,7,5
Demodan,aegwynn,672,warlock,destruction,12,7,5
Xjay,malorne,672,warlock,destruction,12,7,5
Zilthon,dragonblight,672,warlock,destruction,12,7,5
Fraky,frostwhisper,672,warlock,destruction,12,7,5
Мэрджис,soulflayer,672,warlock,destruction,12,7,5
Aunsá,archimonde,672,warlock,destruction,12,7,5
Qumbaja,alleria,672,warlock,destruction,12,7,5
Psykøø,shendralar,672,warlock,destruction,12,7,5
Hèrmit,kazzak,672,warlock,destruction,12,7,5
Purplemonkey,burning-blade,672,warlock,destruction,12,7,5
Dexterlol,blackmoore,672,warlock,destruction,12,7,5
Anicetuslol,lightnings-blade,672,warlock,destruction,12,7,5
Ofgirl,ravencrest,672,warlock,destruction,12,7,5
Çüñ,shattered-hand,672,warlock,destruction,12,7,5
Defenestros,ravencrest,672,warlock,destruction,12,7,5
Lockizz,tarren-mill,672,warlock,destruction,12,7,5
Lestebbes,frostwolf,672,warlock,destruction,12,7,5
Jaleels,kazzak,672,warlock,destruction,12,7,5
Fellord,chants-éternels,672,warlock,destruction,12,7,5
Kradrog,nemesis,672,warlock,destruction,12,7,5
Ineri,hyjal,672,warlock,destruction,12,7,5
Louên,dun-modr,672,warlock,destruction,12,7,5
Zharae,thrall,672,warlock,destruction,12,7,5
Vixlock,tarren-mill,672,warlock,destruction,15,8,7
Haccu,ragnaros,672,warlock,destruction,18,7,11
Apokalyps,eldrethalas,672,warlock,destruction,18,7,11
Mocfernando,ravencrest,672,warlock,destruction,18,7,11
Topmodelx,eredar,672,warlock,destruction,18,7,11
Xuloth,ravencrest,672,warlock,destruction,18,7,11
Bitshlog,draenor,672,warlock,destruction,18,7,11
Haedri,kazzak,672,warlock,destruction,18,7,11
Belakh,draenor,672,warlock,destruction,18,7,11
Seyzz,eredar,672,warlock,destruction,18,7,11
Mewarlock,bronze-dragonflight,672,warlock,destruction,18,7,11
Hungtwink,argent-dawn,672,warlock,destruction,18,7,11
Skali,stormrage,672,warlock,destruction,18,7,11
Локизло,gordunni,672,warlock,destruction,18,7,11
Argenus,khazgoroth,672,warlock,destruction,18,7,11
Mixu,hakkar,672,warlock,destruction,21,8,13
Marripa,sanguino,672,warlock,destruction,24,7,17
Spikemasterd,doomhammer,672,warlock,destruction,24,7,17
Cømps,blackrock,671,warlock,destruction,12,7,5
Aîds,kazzak,671,warlock,destruction,12,7,5
Gnimoz,silvermoon,671,warlock,destruction,12,7,5
Demosteaks,thrall,671,warlock,destruction,12,7,5
Vech,blackmoore,671,warlock,destruction,12,7,5
Minniemøuse,silvermoon,671,warlock,destruction,12,7,5
Baladas,nemesis,671,warlock,destruction,12,7,5
Silås,hyjal,671,warlock,destruction,12,7,5
Afflicted,trollbane,671,warlock,destruction,12,7,5
Saadq,draenor,671,warlock,destruction,12,7,5
Náwwk,blackmoore,671,warlock,destruction,12,7,5
Raddock,ysondre,671,warlock,destruction,12,7,5
Zillinzy,frostmane,671,warlock,destruction,12,7,5
Jillyãn,hyjal,671,warlock,destruction,12,7,5
Fauxshow,ravencrest,671,warlock,destruction,12,7,5
Fireburner,der-mithrilorden,671,warlock,destruction,12,7,5
Drexo,drakthul,671,warlock,destruction,12,7,5
Zaruman,turalyon,671,warlock,destruction,12,7,5
Amadéth,twisting-nether,671,warlock,destruction,12,7,5
Sourpatchkid,the-maelstrom,671,warlock,destruction,15,8,7
Tce,ravencrest,671,warlock,destruction,18,7,11
Hampter,blackmoore,671,warlock,destruction,18,7,11
Ziloc,silvermoon,671,warlock,destruction,18,7,11
Cancerdotcom,kazzak,671,warlock,destruction,18,7,11
Гнумосятина,booty-bay,671,warlock,destruction,18,7,11
Vengidotcom,outland,671,warlock,destruction,18,7,11
Фтор,soulflayer,671,warlock,destruction,21,8,13
Kàiser,sanguino,671,warlock,destruction,23,7,16
Ekatherini,blackhand,670,warlock,destruction,12,7,5
Olilock,drakthul,670,warlock,destruction,12,7,5
Ael,chogall,670,warlock,destruction,12,7,5
Kâzs,dun-modr,670,warlock,destruction,12,7,5
Cjnaz,twisting-nether,670,warlock,destruction,12,7,5
Нафлэпил,gordunni,670,warlock,destruction,12,7,5
Qloss,burning-legion,670,warlock,destruction,12,7,5
Vyku,burning-legion,670,warlock,destruction,18,7,11
Зародыш,razuvious,670,warlock,destruction,18,7,11
Loriene,trollbane,669,warlock,destruction,12,7,5
Sheshii,argent-dawn,669,warlock,destruction,24,7,17
Samigina,argent-dawn,669,warlock,destruction,24,7,17
Peggybrown,turalyon,669,warlock,destruction,30,7,23
Подликерная,howling-fjord,668,warlock,destruction,12,7,5
Сатаната,deepholm,668,warlock,destruction,12,7,5
Drdotalot,twisting-nether,668,warlock,destruction,18,7,11
Адомать,lich-king,668,warlock,destruction,18,7,11
Hodille,argent-dawn,668,warlock,destruction,18,7,11
Мракодел,deathguard,668,warlock,destruction,18,7,11
Mortori,tarren-mill,668,warlock,destruction,18,7,11
Buzztoon,doomhammer,668,warlock,destruction,24,7,17
Vladlevad,argent-dawn,667,warlock,destruction,12,7,5
Fadila,aegwynn,667,warlock,destruction,12,7,5
Garbagebarge,krasus,666,warlock,destruction,12,7,5
Easymeat,silvermoon,666,warlock,destruction,12,7,5
Bësly,khaz-modan,665,warlock,destruction,12,7,5
Мааверш,soulflayer,665,warlock,destruction,24,7,17
Ахпорбес,gordunni,661,warlock,destruction,12,7,5
Destri,blackmoore,660,warlock,destruction,12,7,5
Dorothy,steamwheedle-cartel,658,warlock,destruction,12,7,5
Vinet,burning-legion,657,warlock,destruction,12,7,5
Bowhite,silvermoon,655,warlock,destruction,15,8,7
Mirrorz,kazzak,651,warlock,destruction,17,7,10
Saganelle,hyjal,639,warlock,destruction,11,7,4
Avoidsun,kazzak,639,warlock,destruction,16,8,8
Saucewalka,stormscale,638,warlock,destruction,11,7,4
Consfearacy,executus,636,warlock,destruction,11,7,4
Smallpee,kazzak,633,warlock,destruction,29,9,20
Alsseharr,blackhand,623,warlock,destruction,11,7,4
Dikkdickens,ravencrest,623,warlock,destruction,15,7,8
Thaidakar,thrall,623,warlock,destruction,18,7,11
Fearco,ravencrest,618,warlock,destruction,15,8,7
Garimberas,silvermoon,618,warlock,destruction,20,8,12
Tydra,die-aldor,618,warlock,destruction,20,8,12
Colevid,blackmoore,610,warlock,destruction,21,9,12
Bonnieparkêr,onyxia,607,warlock,destruction,11,7,4
Imatión,sylvanas,607,warlock,destruction,16,7,9
Shadowppl,outland,606,warlock,destruction,20,7,13
Ceryss,argent-dawn,576,warlock,destruction,6,6,0
Mamasitica,ravencrest,576,warlock,destruction,6,6,0
Kennyfõx,ysondre,576,warlock,destruction,6,6,0
Felgibson,destromath,576,warlock,destruction,6,6,0
Zevranøss,dalaran,576,warlock,destruction,6,6,0
Zìì,silvermoon,576,warlock,destruction,6,6,0
Nighttusk,burning-legion,576,warlock,destruction,6,6,0
Sulnar,burning-legion,576,warlock,destruction,6,6,0
Dragonlvrx,kazzak,576,warlock,destruction,6,6,0
Xute,ragnaros,576,warlock,destruction,6,6,0
Kyiûu,archimonde,576,warlock,destruction,6,6,0
Zepsy,twisting-nether,576,warlock,destruction,6,6,0
Whaii,ravencrest,576,warlock,destruction,6,6,0
Menescurse,blackhand,576,warlock,destruction,6,6,0
Cafardcancer,archimonde,576,warlock,destruction,6,6,0
Skuvee,archimonde,576,warlock,destruction,6,6,0
Popecandy,archimonde,576,warlock,destruction,6,6,0
Hibachi,twisting-nether,576,warlock,destruction,6,6,0
Solosuperr,ravencrest,576,warlock,destruction,6,6,0
Yamadea,stormscale,576,warlock,destruction,6,6,0
Klaier,dun-modr,576,warlock,destruction,9,7,2
Larrydotter,burning-legion,576,warlock,destruction,12,6,6
Enviroq,burning-legion,576,warlock,destruction,12,6,6
Gatewatcher,argent-dawn,576,warlock,destruction,12,6,6
Herador,draenor,576,warlock,destruction,12,6,6
Mozo,stormscale,576,warlock,destruction,12,6,6
Kraayn,blackhand,576,warlock,destruction,12,6,6
Cali,ahnqiraj,576,warlock,destruction,12,6,6
Xyrønia,aegwynn,576,warlock,destruction,12,6,6
Chaudor,archimonde,576,warlock,destruction,12,6,6
Dmnw,antonidas,576,warlock,destruction,12,6,6
Laanik,twisting-nether,576,warlock,destruction,12,6,6
Zordochlock,kazzak,576,warlock,destruction,12,6,6
Azastarax,archimonde,576,warlock,destruction,12,6,6
Súícìdèbøy,colinas-pardas,576,warlock,destruction,12,6,6
Ooze,kazzak,576,warlock,destruction,12,6,6
Ðênnis,tarren-mill,576,warlock,destruction,12,6,6
Boltyboi,chamber-of-aspects,576,warlock,destruction,12,6,6
Staudi,eredar,576,warlock,destruction,12,6,6
Øprøx,sanguino,576,warlock,destruction,12,6,6
Mothor,blackrock,576,warlock,destruction,12,6,6
Ghosthound,stormscale,576,warlock,destruction,12,6,6
Edgyrpname,argent-dawn,576,warlock,destruction,12,6,6
Lotud,drakthul,576,warlock,destruction,12,6,6
Нежныйафлик,gordunni,576,warlock,destruction,12,6,6
Krebares,draenor,576,warlock,destruction,12,6,6
Lokki,xavius,576,warlock,destruction,12,6,6
Kukkojapallo,ravencrest,576,warlock,destruction,12,6,6
Zemial,draenor,576,warlock,destruction,12,6,6
Bigtastybacn,blackmoore,576,warlock,destruction,12,6,6
Goosebumps,aggramar,576,warlock,destruction,12,6,6
Chaostrain,sylvanas,576,warlock,destruction,12,6,6
Erimdur,sanguino,576,warlock,destruction,12,6,6
Cræl,blackrock,576,warlock,destruction,12,6,6
Ðuß,nemesis,576,warlock,destruction,12,6,6
Boltez,twisting-nether,576,warlock,destruction,12,6,6
Slonertw,ragnaros,576,warlock,destruction,12,6,6
Fazol,terokkar,576,warlock,destruction,12,6,6
Koramu,blackrock,576,warlock,destruction,12,6,6
Bwc,aegwynn,576,warlock,destruction,12,6,6
Мерзея,soulflayer,576,warlock,destruction,12,6,6
Embercurse,ravencrest,576,warlock,destruction,12,6,6
Селфдестракт,howling-fjord,576,warlock,destruction,12,6,6
Silenozz,ragnaros,576,warlock,destruction,12,6,6
Enaio,mannoroth,576,warlock,destruction,12,6,6
Nutopia,stormreaver,576,warlock,destruction,12,6,6
Aranax,thrall,576,warlock,destruction,12,6,6
Forgepower,ghostlands,576,warlock,destruction,12,6,6
Drainforlife,blackrock,576,warlock,destruction,12,6,6
Tepegöz,korgall,576,warlock,destruction,12,6,6
Hasigome,blackmoore,576,warlock,destruction,12,6,6
Ðåñtåy,ravencrest,576,warlock,destruction,12,6,6
Mayden,uldum,576,warlock,destruction,12,6,6
Pantry,tarren-mill,576,warlock,destruction,12,6,6
Syñdrome,ragnaros,576,warlock,destruction,12,6,6
Прогнившая,blackscar,576,warlock,destruction,12,6,6
Thieulock,twisting-nether,576,warlock,destruction,12,6,6
Zardonixz,stormscale,576,warlock,destruction,12,6,6
Nahzz,ravencrest,576,warlock,destruction,12,6,6
Bountyqt,outland,576,warlock,destruction,12,6,6
Liwerno,dunemaul,576,warlock,destruction,12,6,6
Slyghtéria,dalaran,576,warlock,destruction,12,6,6
Diabolics,twisting-nether,576,warlock,destruction,12,6,6
Shakaxz,kazzak,576,warlock,destruction,15,7,8
Телкадрейнх,gordunni,576,warlock,destruction,15,7,8
Спанчгэри,soulflayer,576,warlock,destruction,15,7,8
Tartaros,bronzebeard,576,warlock,destruction,18,6,12
Morwëk,ysondre,576,warlock,destruction,18,6,12
Naitix,argent-dawn,576,warlock,destruction,18,6,12
Kriemias,malygos,576,warlock,destruction,18,6,12
Azmondan,ahnqiraj,576,warlock,destruction,18,6,12
Alexcurse,draenor,576,warlock,destruction,18,6,12
Zartax,kazzak,576,warlock,destruction,18,6,12
Jörd,ravencrest,576,warlock,destruction,18,6,12
Zerx,malganis,576,warlock,destruction,18,6,12
Icq,ravencrest,576,warlock,destruction,18,6,12
Shreedlock,blackmoore,576,warlock,destruction,18,6,12
Elnïa,conseil-des-ombres,576,warlock,destruction,18,6,12
Warlockzor,auchindoun,575,warlock,destruction,12,6,6
Ariyala,alleria,575,warlock,destruction,12,6,6
Sweetfire,ragnaros,575,warlock,destruction,12,6,6
Dottad,silvermoon,575,warlock,destruction,12,6,6
Дракшара,soulflayer,575,warlock,destruction,12,6,6
Brarvile,zuljin,575,warlock,destruction,12,6,6
Necromanccer,mazrigos,575,warlock,destruction,12,6,6
Mannemus,tarren-mill,575,warlock,destruction,12,6,6
Rhaznor,frostwolf,575,warlock,destruction,12,6,6
Cocottee,la-croisade-écarlate,575,warlock,destruction,12,6,6
Huaraches,stormscale,575,warlock,destruction,12,6,6
Zevil,emerald-dream,575,warlock,destruction,12,6,6
Soulnia,defias-brotherhood,575,warlock,destruction,12,6,6
Killerbeez,burning-blade,575,warlock,destruction,18,6,12
Евнухоидизм,gordunni,575,warlock,destruction,18,6,12
Drfresh,dun-modr,575,warlock,destruction,18,6,12
Nemssy,dun-modr,575,warlock,destruction,18,6,12
Klone,die-todeskrallen,575,warlock,destruction,18,6,12
Marshieeyy,silvermoon,575,warlock,destruction,18,6,12
Xolìe,azshara,574,warlock,destruction,12,6,6
Валак,greymane,574,warlock,destruction,15,7,8
Discolocken,outland,574,warlock,destruction,18,6,12
Nathgar,drakthul,574,warlock,destruction,18,6,12
Goghlock,silvermoon,574,warlock,destruction,18,6,12
Jackwizzer,dalaran,574,warlock,destruction,30,6,24
Attrappe,eredar,573,warlock,destruction,26,6,20
Esgül,draenor,572,warlock,destruction,12,6,6
Taxalias,draenor,572,warlock,destruction,12,6,6
Грашек,soulflayer,570,warlock,destruction,12,6,6
Олимта,blackscar,558,warlock,destruction,23,6,17
Warvoid,silvermoon,544,warlock,destruction,16,6,10
Vêzor,twisting-nether,543,warlock,destruction,11,8,3
Srbritoboy,burning-legion,540,warlock,destruction,11,6,5
Ruvy,twisting-nether,528,warlock,destruction,15,6,9
Rozn,ravencrest,527,warlock,destruction,11,6,5
Hexdrix,thrall,522,warlock,destruction,13,7,6
Diemilch,blackmoore,522,warlock,destruction,14,7,7
Брузир,gordunni,522,warlock,destruction,15,7,8
Тива,lich-king,522,warlock,destruction,21,7,14
Боррисовна,deathguard,512,warlock,destruction,16,6,10
Diddia,malganis,511,warlock,destruction,11,6,5
Baxiaz,kazzak,511,warlock,destruction,11,6,5
Evilhippie,kazzak,511,warlock,destruction,11,6,5
Wanhëda,tarren-mill,511,warlock,destruction,11,6,5
Noskillclass,stormscale,511,warlock,destruction,14,6,8
Watchlock,burning-legion,488,warlock,destruction,19,6,13
Mazuto,outland,480,warlock,destruction,6,5,1
Sâlty,stormscale,480,warlock,destruction,6,5,1
Kevinbolter,kult-der-verdammten,480,warlock,destruction,6,5,1
Junglediffxd,ysondre,480,warlock,destruction,6,5,1
Destrodmitri,blackmoore,480,warlock,destruction,6,5,1
Sumstone,kazzak,480,warlock,destruction,6,5,1
Keltuzard,zuljin,480,warlock,destruction,6,5,1
Djløckgødx,ravencrest,480,warlock,destruction,6,5,1
Buffdemolock,executus,480,warlock,destruction,6,5,1
Искусность,soulflayer,480,warlock,destruction,6,5,1
Djolagourde,archimonde,480,warlock,destruction,6,5,1
Sizezero,tarren-mill,480,warlock,destruction,6,5,1
Lísbeth,sylvanas,480,warlock,destruction,6,5,1
Jûnkz,ysondre,480,warlock,destruction,6,5,1
Levinbrz,ravencrest,480,warlock,destruction,6,5,1
Idezis,ragnaros,480,warlock,destruction,6,5,1
Hypercaster,shattrath,480,warlock,destruction,6,5,1
Shoøt,dalaran,480,warlock,destruction,6,5,1
Soulmistress,stormscale,480,warlock,destruction,6,5,1
Demonmilf,ysondre,480,warlock,destruction,6,5,1
Struldan,outland,480,warlock,destruction,6,5,1
Омикс,gordunni,480,warlock,destruction,6,5,1
Ionesdot,ravencrest,480,warlock,destruction,6,5,1
Darkbasilet,hyjal,480,warlock,destruction,6,5,1
Ticktockboom,twilights-hammer,480,warlock,destruction,6,5,1
Agresiw,twisting-nether,480,warlock,destruction,6,5,1
Öxygen,outland,480,warlock,destruction,6,5,1
Ingwert,frostwolf,480,warlock,destruction,6,5,1
Lazytown,silvermoon,480,warlock,destruction,6,5,1
Lyns,hyjal,480,warlock,destruction,6,5,1
Dogbolt,stormscale,480,warlock,destruction,6,5,1
Bánánbánd,draenor,480,warlock,destruction,6,5,1
Phàine,outland,480,warlock,destruction,6,5,1
Harrydoter,kiljaeden,480,warlock,destruction,6,5,1
Hinsu,the-maelstrom,480,warlock,destruction,6,5,1
Hannens,blackrock,480,warlock,destruction,6,5,1
Kirtaçh,dun-modr,480,warlock,destruction,6,5,1
Carlitall,ravencrest,480,warlock,destruction,6,5,1
ßualock,sylvanas,480,warlock,destruction,6,5,1
Era,stormscale,480,warlock,destruction,6,5,1
Höfmänn,grim-batol,480,warlock,destruction,6,5,1
Yzzie,drakthul,480,warlock,destruction,6,5,1
Sêrø,aegwynn,480,warlock,destruction,6,5,1
Mellown,blackrock,480,warlock,destruction,6,5,1
Shallý,antonidas,480,warlock,destruction,6,5,1
Hotdogvendor,kazzak,480,warlock,destruction,6,5,1
Bigdondi,ravencrest,480,warlock,destruction,6,5,1
Ампе,blackscar,480,warlock,destruction,6,5,1
Sep,aegwynn,480,warlock,destruction,6,5,1
Zurael,mannoroth,480,warlock,destruction,6,5,1
Fatos,nemesis,480,warlock,destruction,6,5,1
Shazalock,frostmane,480,warlock,destruction,6,5,1
Avadakèdavra,kazzak,480,warlock,destruction,6,5,1
Lyndi,nerathor,480,warlock,destruction,6,5,1
Barashnukor,blackmoore,480,warlock,destruction,6,5,1
Ashid,chamber-of-aspects,480,warlock,destruction,6,5,1
Garbrandt,tarren-mill,480,warlock,destruction,6,5,1
Vlotsi,twisting-nether,480,warlock,destruction,8,5,3
Shadowtrix,darksorrow,480,warlock,destruction,9,5,4
Алюций,gordunni,480,warlock,destruction,12,5,7
Sweëk,blackhand,480,warlock,destruction,12,5,7
Cursè,stormscale,480,warlock,destruction,12,5,7
Watchmecut,terenas,480,warlock,destruction,12,5,7
Nefalya,hyjal,480,warlock,destruction,12,5,7
Капризх,blackscar,480,warlock,destruction,12,5,7
Justlock,tarren-mill,480,warlock,destruction,12,5,7
Zêngâ,kazzak,480,warlock,destruction,12,5,7
Fluxlight,frostmourne,480,warlock,destruction,12,5,7
Corruptcoil,argent-dawn,480,warlock,destruction,12,5,7
Hexenjoyer,antonidas,480,warlock,destruction,12,5,7
Franjah,alleria,480,warlock,destruction,12,5,7
Infïnitýx,silvermoon,480,warlock,destruction,12,5,7
Локомания,gordunni,480,warlock,destruction,12,5,7
Xsydewarlock,archimonde,480,warlock,destruction,12,5,7
Rikudoua,malfurion,480,warlock,destruction,12,5,7
Suaakylove,tyrande,480,warlock,destruction,12,5,7
Bajsibyx,tarren-mill,480,warlock,destruction,12,5,7
Zlok,silvermoon,480,warlock,destruction,12,5,7
Claralock,silvermoon,480,warlock,destruction,12,5,7
Zeanort,zuljin,480,warlock,destruction,12,5,7
Kimwexler,ravencrest,480,warlock,destruction,12,5,7
Tiwtera,draenor,480,warlock,destruction,12,5,7
Destrovid,stormscale,480,warlock,destruction,12,5,7
Belphagòr,nemesis,480,warlock,destruction,12,5,7
Velgart,dun-modr,480,warlock,destruction,12,5,7
Dabolt,archimonde,480,warlock,destruction,12,5,7
Käristäjä,outland,480,warlock,destruction,12,5,7
Sidius,archimonde,480,warlock,destruction,12,5,7
Sulvar,draenor,480,warlock,destruction,12,5,7
Sokyra,tarren-mill,480,warlock,destruction,12,5,7
Braegnok,ravencrest,480,warlock,destruction,12,5,7
Hivxherpes,ravencrest,480,warlock,destruction,12,5,7
Cerberus,anetheron,480,warlock,destruction,12,5,7
Lyleath,ravencrest,480,warlock,destruction,12,5,7
Кайдзуки,howling-fjord,480,warlock,destruction,12,5,7
Динодотз,howling-fjord,480,warlock,destruction,12,5,7
Snoreghast,tarren-mill,480,warlock,destruction,12,5,7
Pewmlock,antonidas,480,warlock,destruction,12,5,7
Miezexy,aegwynn,480,warlock,destruction,12,5,7
Elmetro,ragnaros,480,warlock,destruction,12,5,7
Branduir,ragnaros,480,warlock,destruction,12,5,7
Feardotfive,frostwolf,480,warlock,destruction,12,5,7
Orkeylock,blackrock,480,warlock,destruction,12,5,7
Thorky,blackrock,480,warlock,destruction,12,5,7
Pliagaa,drakthul,480,warlock,destruction,12,5,7
Ivannadie,outland,480,warlock,destruction,12,5,7
Жижакабра,soulflayer,480,warlock,destruction,12,5,7
Atomik,drakthul,480,warlock,destruction,12,5,7
Bricktot,ragnaros,480,warlock,destruction,12,5,7
Morphosis,agamaggan,480,warlock,destruction,12,5,7
Axapnon,ragnaros,480,warlock,destruction,12,5,7
Ratnu,ragnaros,480,warlock,destruction,12,5,7
Coviddotter,stormscale,480,warlock,destruction,18,5,13
Lockned,outland,480,warlock,destruction,18,5,13
Händerå,ragnaros,480,warlock,destruction,18,5,13
Maledictio,blackrock,480,warlock,destruction,18,5,13
Lillithx,stormscale,480,warlock,destruction,18,5,13
Ciesare,draenor,480,warlock,destruction,18,5,13
Fruccia,hyjal,479,warlock,destruction,6,5,1
Dimkeldor,kazzak,479,warlock,destruction,12,5,7
Archélion,silvermoon,479,warlock,destruction,12,5,7
Сенсация,ashenvale,479,warlock,destruction,12,5,7
Demonzo,tarren-mill,479,warlock,destruction,17,6,11
Darkphoenix,the-maelstrom,479,warlock,destruction,18,5,13
Yenkorov,blackmoore,479,warlock,destruction,18,5,13
Intina,dragonblight,479,warlock,destruction,18,5,13
Bope,the-maelstrom,479,warlock,destruction,18,5,13
Fesse,draenor,479,warlock,destruction,18,5,13
Лавамес,eversong,478,warlock,destruction,10,6,4
Soulsdeads,sylvanas,478,warlock,destruction,12,5,7
Yourdeaath,ravencrest,478,warlock,destruction,18,5,13
Espilocka,dun-modr,477,warlock,destruction,6,5,1
Ohanze,antonidas,477,warlock,destruction,12,5,7
Nukeem,karazhan,475,warlock,destruction,12,5,7
Helikopter,shattered-hand,463,warlock,destruction,12,6,6
Дыханиетени,soulflayer,463,warlock,destruction,12,5,7
Lokicica,karazhan,463,warlock,destruction,17,5,12
Favris,antonidas,447,warlock,destruction,11,5,6
Winterx,argent-dawn,447,warlock,destruction,11,5,6
Hahahahah,draenor,447,warlock,destruction,11,5,6
Primdåhl,ravencrest,447,warlock,destruction,17,5,12
Hilfhëim,cthun,445,warlock,destruction,11,5,6
Secretninja,silvermoon,432,warlock,destruction,15,5,10
Силксонг,soulflayer,431,warlock,destruction,11,5,6
Chornota,ravencrest,431,warlock,destruction,17,5,12
Chaosftw,archimonde,431,warlock,destruction,17,5,12
Cursse,ahnqiraj,426,warlock,destruction,10,9,1
Snowflakesxs,draenor,425,warlock,destruction,12,6,6
Haysang,khaz-modan,424,warlock,destruction,22,7,15
Skadz,blackmoore,416,warlock,destruction,10,5,5
Zozano,draenor,416,warlock,destruction,10,5,5
Qliimax,blackrock,416,warlock,destruction,10,5,5
Hønneyjckk,hyjal,415,warlock,destruction,8,5,3
Bunnyflow,blackmoore,415,warlock,destruction,16,5,11
Waöld,sylvanas,398,warlock,destruction,16,5,11
Fearylia,aegwynn,393,warlock,destruction,11,8,3
Døxz,blackrock,384,warlock,destruction,6,4,2
Мастеркрс,gordunni,384,warlock,destruction,6,4,2
Lindastotch,kazzak,384,warlock,destruction,6,4,2
Siyaa,eredar,384,warlock,destruction,6,4,2
Sunlicht,kazzak,384,warlock,destruction,6,4,2
Zéik,archimonde,384,warlock,destruction,6,4,2
Zezca,draenor,384,warlock,destruction,6,4,2
Egiriefo,twisting-nether,384,warlock,destruction,6,4,2
Труупыч,gordunni,384,warlock,destruction,6,4,2
Shílda,silvermoon,384,warlock,destruction,6,4,2
Suicidekings,draenor,384,warlock,destruction,6,4,2
Rayfears,draenor,384,warlock,destruction,6,4,2
Feyreah,blackmoore,384,warlock,destruction,6,4,2
Podak,blackmoore,384,warlock,destruction,6,4,2
Auchaos,argent-dawn,384,warlock,destruction,6,4,2
Nosferatia,kult-der-verdammten,384,warlock,destruction,6,4,2
Deathmahed,kazzak,384,warlock,destruction,6,4,2
Veratus,dun-modr,384,warlock,destruction,6,4,2
Кичи,gordunni,384,warlock,destruction,6,4,2
Whodares,drakthul,384,warlock,destruction,6,4,2
Suêin,dun-modr,384,warlock,destruction,6,4,2
Jägerlock,draenor,384,warlock,destruction,6,4,2
Varend,drakthul,384,warlock,destruction,6,4,2
Lynnqt,sylvanas,384,warlock,destruction,6,4,2
Iulu,sylvanas,384,warlock,destruction,6,4,2
Zorphu,quelthalas,384,warlock,destruction,6,4,2
Xskyrov,blackmoore,384,warlock,destruction,6,4,2
Malthiria,silvermoon,384,warlock,destruction,6,4,2
Äri,blackmoore,384,warlock,destruction,6,4,2
Drshegs,darkspear,384,warlock,destruction,6,4,2
Hiloqtlock,blackmoore,384,warlock,destruction,6,4,2
Keess,darksorrow,384,warlock,destruction,6,4,2
Techlord,tarren-mill,384,warlock,destruction,6,4,2
Spacecarry,archimonde,384,warlock,destruction,6,4,2
Vertione,burning-legion,384,warlock,destruction,6,4,2
Hirasawa,archimonde,384,warlock,destruction,6,4,2
Warplock,sanguino,384,warlock,destruction,6,4,2
Dotforgold,blackmoore,384,warlock,destruction,6,4,2
Shaarak,blackrock,384,warlock,destruction,6,4,2
Bellatrìxx,madmortem,384,warlock,destruction,6,4,2
Traickolock,antonidas,384,warlock,destruction,6,4,2
Локкибальбоа,soulflayer,384,warlock,destruction,6,4,2
Пчелокнижник,howling-fjord,384,warlock,destruction,6,4,2
Xenastro,silvermoon,384,warlock,destruction,6,4,2
Jadek,ragnaros,384,warlock,destruction,6,4,2
Dashirø,drakthul,384,warlock,destruction,6,4,2
Элнуар,soulflayer,384,warlock,destruction,6,4,2
Анрали,soulflayer,384,warlock,destruction,6,4,2
Dotritos,tarren-mill,384,warlock,destruction,6,4,2
Nãshor,kazzak,384,warlock,destruction,6,4,2
Авенюат,gordunni,384,warlock,destruction,6,4,2
Gemja,onyxia,384,warlock,destruction,6,4,2
Cokkà,dalaran,384,warlock,destruction,6,4,2
Cadrega,nemesis,384,warlock,destruction,6,4,2
Teachluv,frostwolf,384,warlock,destruction,6,4,2
Критокнижник,lich-king,384,warlock,destruction,6,4,2
Bajaa,kazzak,384,warlock,destruction,6,4,2
Warchilly,twisting-nether,384,warlock,destruction,6,4,2
Zzooxxie,silvermoon,384,warlock,destruction,6,4,2
Grixius,argent-dawn,384,warlock,destruction,6,4,2
Azae,outland,384,warlock,destruction,6,4,2
Idonthexafck,kazzak,384,warlock,destruction,6,4,2
Nechli,malganis,384,warlock,destruction,6,4,2
Apeliction,eredar,384,warlock,destruction,6,4,2
Xristianos,ravencrest,384,warlock,destruction,6,4,2
Yifu,ravencrest,384,warlock,destruction,6,4,2
Dampini,ravencrest,384,warlock,destruction,6,4,2
Nilsa,eredar,384,warlock,destruction,6,4,2
Blyskawicar,silvermoon,384,warlock,destruction,6,4,2
Iryann,silvermoon,384,warlock,destruction,6,4,2
Aldiac,aegwynn,384,warlock,destruction,6,4,2
Botrotation,ravencrest,384,warlock,destruction,6,4,2
Fatbaldold,ravencrest,384,warlock,destruction,6,4,2
Zehirisalari,twisting-nether,384,warlock,destruction,6,4,2
Rngmåchinêx,ravencrest,384,warlock,destruction,6,4,2
Darkwìngduck,ravencrest,384,warlock,destruction,6,4,2
Zaratraz,guldan,384,warlock,destruction,6,4,2
Devørør,stormscale,384,warlock,destruction,6,4,2
Cappaoow,ravencrest,384,warlock,destruction,6,4,2
Kukburet,silvermoon,384,warlock,destruction,6,4,2
Ahylleslook,antonidas,384,warlock,destruction,6,4,2
Focalortwo,ravencrest,384,warlock,destruction,6,4,2
Midgetlockx,ravencrest,384,warlock,destruction,6,4,2
Smittorisk,stormscale,384,warlock,destruction,6,4,2
Unfeared,blackhand,384,warlock,destruction,6,4,2
Shelinda,earthen-ring,384,warlock,destruction,6,4,2
Viscius,ysondre,384,warlock,destruction,6,4,2
Notloveless,stormscale,384,warlock,destruction,6,4,2
Mcdotnálds,thrall,384,warlock,destruction,6,4,2
Sïlïthuss,ravencrest,384,warlock,destruction,6,4,2
Kalimsshar,ysondre,384,warlock,destruction,6,4,2
Fearlólz,stormscale,384,warlock,destruction,6,4,2
Voídzero,hyjal,384,warlock,destruction,6,4,2
Qzkimp,hyjal,384,warlock,destruction,6,4,2
Born,ravencrest,384,warlock,destruction,6,4,2
Zaerea,ravenholdt,384,warlock,destruction,6,4,2
Mèsmerize,tarren-mill,384,warlock,destruction,9,5,4
Рыжевласочка,eversong,384,warlock,destruction,9,5,4
Omnípotens,silvermoon,384,warlock,destruction,12,6,6
Ieatfel,archimonde,384,warlock,destruction,12,4,8
Muninnus,archimonde,384,warlock,destruction,12,4,8
Kubbÿ,drakthul,384,warlock,destruction,12,4,8
Nahamma,tarren-mill,384,warlock,destruction,12,4,8
Vextalock,drakthul,384,warlock,destruction,12,4,8
Darkmaw,drakthul,384,warlock,destruction,12,4,8
Azzra,kazzak,384,warlock,destruction,12,4,8
Jondi,blackmoore,384,warlock,destruction,12,4,8
Nicetime,nefarian,384,warlock,destruction,12,4,8
Yandihimir,silvermoon,384,warlock,destruction,12,4,8
Warth,silvermoon,384,warlock,destruction,12,4,8
Vsmna,ragnaros,384,warlock,destruction,12,4,8
Tiitz,blackmoore,384,warlock,destruction,12,4,8
Waryald,dun-modr,384,warlock,destruction,12,4,8
Hòbó,outland,384,warlock,destruction,12,4,8
Kaobolt,archimonde,384,warlock,destruction,12,4,8
Sellinia,culte-de-la-rive-noire,384,warlock,destruction,12,4,8
Razhûl,blackhand,384,warlock,destruction,12,4,8
Лоллиторпеда,gordunni,384,warlock,destruction,12,4,8
Toîlêt,proudmoore,384,warlock,destruction,12,4,8
Roedin,tarren-mill,384,warlock,destruction,12,4,8
Lîlu,hyjal,384,warlock,destruction,12,4,8
Impvader,argent-dawn,384,warlock,destruction,12,4,8
Legiozock,draenor,384,warlock,destruction,12,4,8
Бешентумай,goldrinn,384,warlock,destruction,12,4,8
Vanskor,argent-dawn,384,warlock,destruction,12,4,8
Уфц,grom,384,warlock,destruction,12,4,8
Tekron,blackhand,384,warlock,destruction,12,4,8
Мазаффак,gordunni,384,warlock,destruction,12,4,8
Axy,dun-modr,384,warlock,destruction,12,4,8
Demoncius,dun-modr,384,warlock,destruction,12,4,8
Novkan,eredar,384,warlock,destruction,12,4,8
Locknroll,terokkar,384,warlock,destruction,12,4,8
Selok,outland,384,warlock,destruction,12,4,8
Closetlock,the-maelstrom,384,warlock,destruction,12,4,8
Tilliâ,blackhand,384,warlock,destruction,12,4,8
Harrydotterx,alakir,384,warlock,destruction,12,4,8
Ksenìa,khaz-modan,384,warlock,destruction,12,4,8
Demofox,ragnaros,384,warlock,destruction,12,4,8
Lonestar,sanguino,384,warlock,destruction,12,4,8
Марэд,howling-fjord,384,warlock,destruction,12,4,8
Oimera,frostwolf,384,warlock,destruction,12,4,8
Atúm,auchindoun,384,warlock,destruction,12,4,8
Стокыч,soulflayer,384,warlock,destruction,12,4,8
Hheavens,ragnaros,384,warlock,destruction,12,4,8
Ogrez,nemesis,384,warlock,destruction,12,4,8
Chäös,outland,384,warlock,destruction,12,4,8
Voidlocklol,magtheridon,384,warlock,destruction,12,4,8
Чиззихаос,soulflayer,384,warlock,destruction,12,4,8
Lockpup,draenor,384,warlock,destruction,12,4,8
Mustalol,outland,384,warlock,destruction,12,4,8
Cirihexer,area-52,384,warlock,destruction,12,4,8
Féárx,silvermoon,384,warlock,destruction,12,4,8
Guldãn,silvermoon,384,warlock,destruction,12,4,8
Pekenina,outland,384,warlock,destruction,12,4,8
Thinio,argent-dawn,384,warlock,destruction,18,4,14
Jaines,forscherliga,384,warlock,destruction,18,4,14
Dreadbøt,blackrock,384,warlock,destruction,18,4,14
Tepelkwastje,twisting-nether,384,warlock,destruction,18,4,14
Andrewtaint,twisting-nether,384,warlock,destruction,18,4,14
Неиставая,deathguard,383,warlock,destruction,6,4,2
Injecter,stormscale,383,warlock,destruction,6,4,2
Силаскверна,deathguard,383,warlock,destruction,6,4,2
Okulus,quelthalas,383,warlock,destruction,6,4,2
Sanguinis,theradras,383,warlock,destruction,6,4,2
Wildlily,aggramar,383,warlock,destruction,6,4,2
Angrynoob,silvermoon,383,warlock,destruction,6,4,2
Avel,dun-morogh,383,warlock,destruction,15,5,10
Khandar,aegwynn,383,warlock,destruction,12,4,8
Olympos,draenor,383,warlock,destruction,12,4,8
Dathos,ragnaros,383,warlock,destruction,12,4,8
Negoda,defias-brotherhood,383,warlock,destruction,18,4,14
Michtv,hyjal,383,warlock,destruction,18,4,14
Pidka,drakthul,382,warlock,destruction,6,4,2
Сатари,blackscar,378,warlock,destruction,20,9,11
Lockki,blades-edge,377,warlock,destruction,12,6,6
Драуктар,eversong,365,warlock,destruction,11,4,7
Tolgaa,draenor,352,warlock,destruction,17,4,13
Zaill,argent-dawn,351,warlock,destruction,11,4,7
Easymode,archimonde,351,warlock,destruction,11,4,7
Boltsnhoes,drakthul,351,warlock,destruction,11,4,7
Smolpussgodx,ragnaros,336,warlock,destruction,9,5,4
Afrolock,antonidas,336,warlock,destruction,9,5,4
Damßalla,cthun,330,warlock,destruction,11,8,3
Destroc,blackrock,330,warlock,destruction,11,5,6
Рейнджр,eversong,330,warlock,destruction,15,6,9
Icony,blackhand,330,warlock,destruction,16,5,11
Velativ,silvermoon,330,warlock,destruction,16,5,11
Lockpz,sylvanas,330,warlock,destruction,18,5,13
Lockydavé,outland,330,warlock,destruction,19,5,14
Voib,silvermoon,329,warlock,destruction,21,7,14
Лвнг,gordunni,320,warlock,destruction,10,4,6
Malganas,sylvanas,320,warlock,destruction,16,4,12
Sapheâ,burning-legion,319,warlock,destruction,5,4,1
Chev,nemesis,319,warlock,destruction,5,4,1
Kariusbaktus,stormscale,288,warlock,destruction,6,3,3
Dragmetohêll,blackhand,288,warlock,destruction,6,3,3
Epoku,stormscale,288,warlock,destruction,6,3,3
Cthulhul,stormscale,288,warlock,destruction,6,3,3
Lokdok,draenor,288,warlock,destruction,6,3,3
Динодотх,gordunni,288,warlock,destruction,6,3,3
Ninmockasin,stormscale,288,warlock,destruction,6,3,3
Heexmex,blackmoore,288,warlock,destruction,6,3,3
Lik,forscherliga,288,warlock,destruction,6,3,3
Kuntdotz,draenor,288,warlock,destruction,6,3,3
Дядяджонн,gordunni,288,warlock,destruction,6,3,3
Impsgalore,ravencrest,288,warlock,destruction,6,3,3
Zabani,das-syndikat,288,warlock,destruction,6,3,3
Boldielocks,tarren-mill,288,warlock,destruction,6,3,3
Varyola,twisting-nether,288,warlock,destruction,6,3,3
Dontargetme,draenor,288,warlock,destruction,6,3,3
Ремайка,gordunni,288,warlock,destruction,6,3,3
Marakh,stormscale,288,warlock,destruction,6,3,3
Chedipes,stormscale,288,warlock,destruction,6,3,3
Zzooxx,silvermoon,288,warlock,destruction,6,3,3
Kudde,twisting-nether,288,warlock,destruction,6,3,3
Maquan,blackmoore,288,warlock,destruction,6,3,3
Rokudaime,stormscale,288,warlock,destruction,6,3,3
Læssêkøñgð,twisting-nether,288,warlock,destruction,6,3,3
Исусилок,deathguard,288,warlock,destruction,6,3,3
Kakren,ysondre,288,warlock,destruction,6,3,3
Darkspiros,tarren-mill,288,warlock,destruction,6,3,3
Tibzx,stormscale,288,warlock,destruction,6,3,3
Djshyasiañ,perenolde,288,warlock,destruction,6,3,3
Fearhealer,blackmoore,288,warlock,destruction,6,3,3
Ìí,blackmoore,288,warlock,destruction,6,3,3
Lamboo,tarren-mill,288,warlock,destruction,6,3,3
Hypermectus,stormscale,288,warlock,destruction,6,3,3
Mindfreak,turalyon,288,warlock,destruction,6,3,3
Cürsëd,culte-de-la-rive-noire,288,warlock,destruction,6,3,3
Yippz,kazzak,288,warlock,destruction,6,3,3
Anniemoon,silvermoon,288,warlock,destruction,6,3,3
Drozhna,kaelthas,288,warlock,destruction,6,3,3
Cpump,twisting-nether,288,warlock,destruction,6,3,3
Drith,blades-edge,288,warlock,destruction,6,3,3
Флорэтт,gordunni,288,warlock,destruction,6,3,3
Винстролман,blackscar,288,warlock,destruction,6,3,3
Lockskalle,tarren-mill,288,warlock,destruction,6,3,3
Bluh,twisting-nether,288,warlock,destruction,6,3,3
Bixle,thrall,288,warlock,destruction,6,3,3
Palmtri,stormscale,288,warlock,destruction,6,3,3
Lockmex,outland,288,warlock,destruction,6,3,3
Gïzzmo,tarren-mill,288,warlock,destruction,6,3,3
Пачимучка,gordunni,288,warlock,destruction,6,3,3
Loq,frostwolf,288,warlock,destruction,6,3,3
Cálamity,magtheridon,288,warlock,destruction,6,3,3
Mvplock,magtheridon,288,warlock,destruction,6,3,3
Kaîdö,archimonde,288,warlock,destruction,6,3,3
Hiroyukí,frostmane,288,warlock,destruction,6,3,3
Уанбаттон,gordunni,288,warlock,destruction,6,3,3
Aparadexth,silvermoon,288,warlock,destruction,6,3,3
Friendlylock,quelthalas,288,warlock,destruction,6,3,3
Mightnáré,tarren-mill,288,warlock,destruction,6,3,3
Biancalawson,argent-dawn,288,warlock,destruction,6,3,3
Dailylock,kazzak,288,warlock,destruction,6,3,3
Volontáry,stormscale,288,warlock,destruction,6,3,3
Sodadogpìn,nemesis,288,warlock,destruction,6,3,3
Fizybubbele,malganis,288,warlock,destruction,6,3,3
Mirezl,taerar,288,warlock,destruction,6,3,3
Annkî,aegwynn,288,warlock,destruction,6,3,3
Dér,sanguino,288,warlock,destruction,6,3,3
Brolter,blackhand,288,warlock,destruction,6,3,3
Dement,sanguino,288,warlock,destruction,6,3,3
Ðiablð,tarren-mill,288,warlock,destruction,6,3,3
Rindo,conseil-des-ombres,288,warlock,destruction,6,3,3
Whitemagic,nemesis,288,warlock,destruction,6,3,3
Slem,aerie-peak,288,warlock,destruction,6,3,3
Skizofrenia,zuljin,288,warlock,destruction,6,3,3
Soulslugger,twisting-nether,288,warlock,destruction,6,3,3
Rhadaghast,outland,288,warlock,destruction,6,3,3
Calistria,argent-dawn,288,warlock,destruction,6,3,3
Demónfire,sylvanas,288,warlock,destruction,6,3,3
Viclock,kazzak,288,warlock,destruction,6,3,3
Spamfearxd,archimonde,288,warlock,destruction,6,3,3
Thyron,gorgonnash,288,warlock,destruction,6,3,3
Darnax,pozzo-delleternità,288,warlock,destruction,6,3,3
Belite,archimonde,288,warlock,destruction,6,3,3
Sigge,auchindoun,288,warlock,destruction,6,3,3
Ðanilock,dun-modr,288,warlock,destruction,6,3,3
Taylorg,blackmoore,288,warlock,destruction,6,3,3
Aches,sylvanas,288,warlock,destruction,6,3,3
Jazggzgirl,blackmoore,288,warlock,destruction,6,3,3
Brudergottes,blackmoore,288,warlock,destruction,6,3,3
Hazzikosby,ravencrest,288,warlock,destruction,6,3,3
Deamonhein,alonsus,288,warlock,destruction,6,3,3
Safewagwan,auchindoun,288,warlock,destruction,6,3,3
Kírth,blackmoore,288,warlock,destruction,6,3,3
Xtrazâ,archimonde,288,warlock,destruction,6,3,3
Huaian,darksorrow,288,warlock,destruction,6,3,3
Dipsí,kazzak,288,warlock,destruction,6,3,3
Rutena,ravencrest,288,warlock,destruction,6,3,3
Domyatus,chogall,288,warlock,destruction,6,3,3
Toskanoamani,blackmoore,288,warlock,destruction,6,3,3
Thepl,dalaran,288,warlock,destruction,6,3,3
Adreal,burning-legion,288,warlock,destruction,6,3,3
Bestwarlock,ravencrest,288,warlock,destruction,6,3,3
Fearylicious,burning-legion,288,warlock,destruction,6,3,3
Lxié,ravencrest,288,warlock,destruction,6,3,3
Besthun,drakthul,288,warlock,destruction,6,3,3
Goatpuss,stormrage,288,warlock,destruction,6,3,3
Aghmar,ravencrest,288,warlock,destruction,6,3,3
Lemuriel,arthas,288,warlock,destruction,6,3,3
Amdownbad,kazzak,288,warlock,destruction,6,3,3
Fellouussion,dalaran,288,warlock,destruction,6,3,3
Данябандит,soulflayer,288,warlock,destruction,6,3,3
Húxy,silvermoon,288,warlock,destruction,6,3,3
Deamheòlas,ravencrest,288,warlock,destruction,6,3,3
Decayden,twisting-nether,288,warlock,destruction,6,3,3
Dmger,twisting-nether,288,warlock,destruction,6,3,3
Saymore,ragnaros,288,warlock,destruction,6,3,3
Messire,ragnaros,288,warlock,destruction,6,3,3
Tschiko,blackrock,288,warlock,destruction,6,3,3
Nêstêe,archimonde,288,warlock,destruction,6,3,3
Vladov,ravencrest,288,warlock,destruction,6,3,3
Omaleinfluch,antonidas,288,warlock,destruction,6,3,3
Givënchy,archimonde,288,warlock,destruction,6,3,3
Jeepsee,outland,288,warlock,destruction,6,3,3
Ароматныйх,howling-fjord,288,warlock,destruction,6,3,3
Widot,ravencrest,288,warlock,destruction,6,3,3
Hammern,haomarush,288,warlock,destruction,6,3,3
Ascètic,kazzak,288,warlock,destruction,6,3,3
Skizi,ysondre,288,warlock,destruction,6,3,3
Demonologyz,ravencrest,288,warlock,destruction,6,3,3
Dekawa,ravencrest,288,warlock,destruction,6,3,3
Tigna,outland,288,warlock,destruction,6,3,3
Нэрфир,soulflayer,288,warlock,destruction,6,3,3
Akdan,ragnaros,288,warlock,destruction,6,3,3
Zizzbrah,ragnaros,288,warlock,destruction,6,3,3
Nethros,ragnaros,288,warlock,destruction,6,3,3
Nargøf,outland,288,warlock,destruction,6,3,3
Jedlock,outland,288,warlock,destruction,6,3,3
Løvesøsa,ravencrest,288,warlock,destruction,6,3,3
Chaotyk,drakthul,288,warlock,destruction,6,3,3
Jiruga,blackrock,288,warlock,destruction,6,3,3
Hairylock,outland,288,warlock,destruction,6,3,3
Гвадривер,howling-fjord,288,warlock,destruction,6,3,3
Ruinovino,outland,288,warlock,destruction,6,3,3
Neveah,festung-der-stürme,288,warlock,destruction,6,3,3
Bronnox,frostmane,288,warlock,destruction,9,4,5
Mindzsonghó,ragnaros,288,warlock,destruction,7,3,4
Lostmind,doomhammer,288,warlock,destruction,11,3,8
Painowgee,kazzak,288,warlock,destruction,12,3,9
Mitrela,ravencrest,288,warlock,destruction,12,3,9
Jaír,turalyon,288,warlock,destruction,12,3,9
Truckpunch,defias-brotherhood,288,warlock,destruction,12,3,9
Heldis,outland,288,warlock,destruction,12,3,9
Quief,silvermoon,288,warlock,destruction,12,3,9
Киёкка,howling-fjord,288,warlock,destruction,12,3,9
Fixwarlock,blackmoore,288,warlock,destruction,12,3,9
Britneý,stormscale,288,warlock,destruction,12,3,9
Nímdaa,stormscale,288,warlock,destruction,12,3,9
Xrathis,thunderhorn,288,warlock,destruction,12,3,9
Sebi,kirin-tor,288,warlock,destruction,12,3,9
Purplerock,grim-batol,288,warlock,destruction,12,3,9
Rcodellamado,kazzak,288,warlock,destruction,12,3,9
Svartalfen,outland,288,warlock,destruction,12,3,9
Демирус,gordunni,288,warlock,destruction,12,3,9
Маверрикк,gordunni,288,warlock,destruction,12,3,9
Arizyoxot,twisting-nether,288,warlock,destruction,12,3,9
Isanê,blackrock,288,warlock,destruction,12,3,9
Крегтико,galakrond,288,warlock,destruction,12,3,9
Beybeyd,argent-dawn,288,warlock,destruction,12,3,9
Dotzillâ,blackhand,288,warlock,destruction,12,3,9
Варикай,gordunni,288,warlock,destruction,12,3,9
Matheus,zenedar,288,warlock,destruction,12,3,9
Tiffyilock,blackrock,288,warlock,destruction,12,3,9
Valgg,tarren-mill,288,warlock,destruction,12,3,9
Fear,outland,288,warlock,destruction,12,3,9
Shelbys,tyrande,288,warlock,destruction,12,3,9
Maleff,sanguino,288,warlock,destruction,12,3,9
Phéar,deathwing,288,warlock,destruction,12,3,9
Gooey,magtheridon,288,warlock,destruction,12,3,9
Merelock,eonar,288,warlock,destruction,12,3,9
Werlock,sanguino,288,warlock,destruction,12,3,9
Skyrender,argent-dawn,288,warlock,destruction,12,3,9
Daeneerys,skullcrusher,288,warlock,destruction,12,3,9
Faustes,alakir,288,warlock,destruction,12,3,9
Bytethisx,aggra-português,288,warlock,destruction,12,3,9
Rogzon,eredar,288,warlock,destruction,12,3,9
Swoksáar,blackmoore,288,warlock,destruction,12,3,9
Пучкова,azuregos,288,warlock,destruction,12,3,9
Leatherfvce,blackmoore,288,warlock,destruction,12,3,9
Brambam,stormrage,288,warlock,destruction,12,3,9
Sargasus,kazzak,288,warlock,destruction,12,3,9
Aloxer,sanguino,288,warlock,destruction,12,3,9
Нагибатель,howling-fjord,288,warlock,destruction,18,3,15
Fewton,eonar,288,warlock,destruction,18,3,15
Malfuryon,pozzo-delleternità,288,warlock,destruction,18,3,15
Naginii,sanguino,288,warlock,destruction,18,3,15
Imbasimba,sylvanas,287,warlock,destruction,8,4,4
Wegart,sylvanas,287,warlock,destruction,6,3,3
Lárgo,chamber-of-aspects,271,warlock,destruction,11,3,8
Lockaria,zuljin,256,warlock,destruction,10,3,7
Sândex,blackmoore,255,warlock,destruction,14,4,10
Tanatos,tarren-mill,255,warlock,destruction,11,3,8
Alwaysbroken,archimonde,239,warlock,destruction,5,3,2
Brushiè,kazzak,239,warlock,destruction,5,3,2
Insertchaos,draenor,239,warlock,destruction,5,3,2
Chimera,mugthol,239,warlock,destruction,11,3,8
Darthdotz,outland,234,warlock,destruction,7,4,3
Talt,dalaran,234,warlock,destruction,15,6,9
Sineko,twisting-nether,233,warlock,destruction,11,6,5
Kemuruss,kazzak,208,warlock,destruction,7,3,4
Meeatcookie,burning-legion,208,warlock,destruction,7,3,4
Ðankan,aegwynn,192,warlock,destruction,4,3,1
Vortëxx,tarren-mill,192,warlock,destruction,9,3,6
Nerflocks,aggra-português,192,warlock,destruction,6,2,4
Jaliyah,outland,192,warlock,destruction,6,2,4
Overwl,kazzak,192,warlock,destruction,6,2,4
Ravendoor,grim-batol,192,warlock,destruction,6,2,4
Lockerby,kazzak,192,warlock,destruction,6,2,4
Kemel,thrall,192,warlock,destruction,6,2,4
Æyna,thrall,192,warlock,destruction,6,2,4
Toshiku,aggra-português,192,warlock,destruction,6,2,4
Sôshy,thrall,192,warlock,destruction,6,2,4
Houndread,kazzak,192,warlock,destruction,6,2,4
Hacknator,aegwynn,192,warlock,destruction,6,2,4
Piouturass,hyjal,192,warlock,destruction,6,2,4
Aváne,outland,192,warlock,destruction,6,2,4
Prydzor,archimonde,192,warlock,destruction,6,2,4
Darkgainz,draenor,192,warlock,destruction,6,2,4
Ayôörts,archimonde,192,warlock,destruction,6,2,4
Ambjørg,kazzak,192,warlock,destruction,6,2,4
Degdeehei,draenor,192,warlock,destruction,6,2,4
Ívânguldán,twisting-nether,192,warlock,destruction,6,2,4
Dinolock,antonidas,192,warlock,destruction,6,2,4
Bulgyeøng,archimonde,192,warlock,destruction,6,2,4
Werkx,archimonde,192,warlock,destruction,6,2,4
Snoggä,antonidas,192,warlock,destruction,6,2,4
Cuufi,silvermoon,192,warlock,destruction,6,2,4
Grandulf,ravencrest,192,warlock,destruction,6,2,4
Getoffmedude,ravencrest,192,warlock,destruction,6,2,4
Astralvoid,outland,192,warlock,destruction,6,2,4
Incubith,ravencrest,192,warlock,destruction,6,2,4
Prestige,nemesis,192,warlock,destruction,6,2,4
Шизуи,borean-tundra,192,warlock,destruction,6,2,4
Whydidudotha,ravencrest,192,warlock,destruction,6,2,4
Kwanzaa,ravencrest,192,warlock,destruction,6,2,4
Kuzimu,aerie-peak,192,warlock,destruction,6,2,4
Zhulthan,ravencrest,192,warlock,destruction,6,2,4
Пухи,blackscar,192,warlock,destruction,6,2,4
Siìre,ravencrest,192,warlock,destruction,6,2,4
Lightswitchz,ravencrest,192,warlock,destruction,6,2,4
Somalidog,ravencrest,192,warlock,destruction,6,2,4
Емс,gordunni,192,warlock,destruction,6,2,4
Хашонмвп,gordunni,192,warlock,destruction,6,2,4
Haxs,ravencrest,192,warlock,destruction,6,2,4
Whórélóck,ravencrest,192,warlock,destruction,6,2,4
Creamcleaner,tarren-mill,192,warlock,destruction,6,2,4
Ght,outland,192,warlock,destruction,6,2,4
Mongodotz,sylvanas,192,warlock,destruction,6,2,4
Bigminimus,ravencrest,192,warlock,destruction,6,2,4
Ðaddyy,stormscale,192,warlock,destruction,6,2,4
Sigred,sylvanas,192,warlock,destruction,6,2,4
Sinlockz,tarren-mill,192,warlock,destruction,6,2,4
Wezen,stormscale,192,warlock,destruction,6,2,4
Dmondmg,kazzak,192,warlock,destruction,6,2,4
Necrofearz,sylvanas,192,warlock,destruction,6,2,4
Cobràk,stormscale,192,warlock,destruction,6,2,4
Ashhlock,silvermoon,192,warlock,destruction,6,2,4
Dødheim,malganis,192,warlock,destruction,6,2,4
Öhö,blackrock,192,warlock,destruction,6,2,4
Benztruck,blackhand,192,warlock,destruction,6,2,4
Rojas,trollbane,192,warlock,destruction,6,2,4
Taralle,ysondre,192,warlock,destruction,6,2,4
Хоратхе,soulflayer,192,warlock,destruction,6,2,4
Майдум,soulflayer,192,warlock,destruction,6,2,4
Шэдоубёрн,soulflayer,192,warlock,destruction,6,2,4
Kleing,dragonblight,192,warlock,destruction,6,2,4
Tragus,ghostlands,192,warlock,destruction,6,2,4
Splojf,the-maelstrom,192,warlock,destruction,6,2,4
Omnipótent,moonglade,192,warlock,destruction,6,2,4
Belzedan,blackrock,192,warlock,destruction,6,2,4
Zigfipszen,blackmoore,192,warlock,destruction,6,2,4
Локгномус,azuregos,192,warlock,destruction,6,2,4
Локеда,deathguard,192,warlock,destruction,6,2,4
Devadevam,twisting-nether,192,warlock,destruction,6,2,4
Cosec,silvermoon,192,warlock,destruction,6,2,4
Chuntlock,shadowsong,192,warlock,destruction,6,2,4
Blubbajohnny,blackmoore,192,warlock,destruction,6,2,4
Nedhriix,drakthul,192,warlock,destruction,6,2,4
Grinige,twisting-nether,192,warlock,destruction,6,2,4
Efekentli,frostwolf,192,warlock,destruction,6,2,4
Jöhanan,twisting-nether,192,warlock,destruction,6,2,4
Agonux,twisting-nether,192,warlock,destruction,6,2,4
Gorakthul,drakthul,192,warlock,destruction,6,2,4
Priszcilla,twisting-nether,192,warlock,destruction,6,2,4
Semhein,twisting-nether,192,warlock,destruction,6,2,4
Kabowie,twisting-nether,192,warlock,destruction,6,2,4
Cptdotalot,tarren-mill,192,warlock,destruction,6,2,4
Zkrwl,kazzak,192,warlock,destruction,6,2,4
Necrochiller,tarren-mill,192,warlock,destruction,6,2,4
Grilljédén,blackrock,192,warlock,destruction,6,2,4
Vextos,draenor,192,warlock,destruction,6,2,4
Zenaidaa,doomhammer,192,warlock,destruction,6,2,4
Laynih,blackrock,192,warlock,destruction,6,2,4
Kathrose,silvermoon,192,warlock,destruction,6,2,4
Meapx,ragnaros,192,warlock,destruction,6,2,4
Dïna,silvermoon,192,warlock,destruction,6,2,4
Saabnoolock,ragnaros,192,warlock,destruction,6,2,4
Nâzgrel,tarren-mill,192,warlock,destruction,6,2,4
Elfex,ragnaros,192,warlock,destruction,6,2,4
Selur,ragnaros,192,warlock,destruction,6,2,4
Sanwich,dun-modr,192,warlock,destruction,6,2,4
Meshekinoqua,tarren-mill,192,warlock,destruction,6,2,4
Mákas,draenor,192,warlock,destruction,6,2,4
Revvolt,tarren-mill,192,warlock,destruction,6,2,4
Dêmön,arathi,192,warlock,destruction,6,2,4
Kedrat,die-aldor,192,warlock,destruction,6,2,4
Bloodysûgar,blackmoore,192,warlock,destruction,6,2,4
Purplehelmet,argent-dawn,192,warlock,destruction,6,2,4
Shuggul,draenor,192,warlock,destruction,6,2,4
Levitibus,argent-dawn,192,warlock,destruction,6,2,4
Ravenglass,argent-dawn,192,warlock,destruction,6,2,4
Malfari,zuljin,192,warlock,destruction,6,2,4
Zagana,neptulon,192,warlock,destruction,6,2,4
Mekalin,minahonda,192,warlock,destruction,6,2,4
Silverghoul,draenor,192,warlock,destruction,6,2,4
Zmataryn,doomhammer,192,warlock,destruction,6,2,4
Qullnius,kazzak,192,warlock,destruction,6,2,4
Reapex,lightbringer,192,warlock,destruction,6,2,4
Merengue,uldum,192,warlock,destruction,6,2,4
Letor,sanguino,192,warlock,destruction,6,2,4
Øupas,ysondre,192,warlock,destruction,6,2,4
Hadexx,uldum,192,warlock,destruction,6,2,4
Ralys,draenor,192,warlock,destruction,6,2,4
Smoulville,sanguino,192,warlock,destruction,6,2,4
Cindela,eredar,192,warlock,destruction,6,2,4
Angrythots,draenor,192,warlock,destruction,6,2,4
Guldän,quelthalas,192,warlock,destruction,6,2,4
Thîras,tarren-mill,192,warlock,destruction,7,2,5
Srhal,blackmoore,192,warlock,destruction,12,2,10
Mambra,sylvanas,192,warlock,destruction,12,2,10
Нэйрокризиз,howling-fjord,192,warlock,destruction,12,2,10
Skratti,lightnings-blade,192,warlock,destruction,12,2,10
Shallän,dun-modr,192,warlock,destruction,12,2,10
Наруту,gordunni,192,warlock,destruction,12,2,10
Themits,executus,192,warlock,destruction,12,2,10
Amnésïa,eldrethalas,192,warlock,destruction,12,2,10
Agathaharkne,minahonda,192,warlock,destruction,12,2,10
Titoss,archimonde,192,warlock,destruction,12,2,10
Sanghá,frostwolf,192,warlock,destruction,12,2,10
Risujemma,stormreaver,192,warlock,destruction,12,2,10
Bigusdicus,aszune,192,warlock,destruction,12,2,10
Sarómán,ravencrest,192,warlock,destruction,12,2,10
Kopfkissen,azshara,192,warlock,destruction,12,2,10
Kiriforce,blackmoore,192,warlock,destruction,12,2,10
Nimwyn,argent-dawn,192,warlock,destruction,12,2,10
Necrophagus,outland,192,warlock,destruction,12,2,10
Punishteens,blackmoore,192,warlock,destruction,12,2,10
Neprux,burning-blade,192,warlock,destruction,12,2,10
Zùrghan,elune,191,warlock,destruction,4,3,1
Migyardondup,exodar,191,warlock,destruction,6,2,4
Ribtic,draenor,191,warlock,destruction,6,2,4
Karjarock,hyjal,191,warlock,destruction,12,2,10
Gaios,skullcrusher,191,warlock,destruction,18,2,16
Lockbubs,draenor,175,warlock,destruction,11,2,9
Grimlòck,antonidas,159,warlock,destruction,5,2,3
Milkywarlock,twisting-nether,159,warlock,destruction,5,2,3
Dony,dun-morogh,159,warlock,destruction,5,2,3
Lemonzx,stormscale,159,warlock,destruction,5,2,3
Hp,ysondre,159,warlock,destruction,5,2,3
Jiltoks,blackmoore,159,warlock,destruction,5,2,3
Pewnedmpx,archimonde,159,warlock,destruction,5,2,3
Shoobre,alakir,144,warlock,destruction,9,2,7
Kalilumpa,festung-der-stürme,144,warlock,destruction,9,2,7
Vahk,uldum,138,warlock,destruction,7,3,4
Frankieboi,drakthul,138,warlock,destruction,8,3,5
Rb,anachronos,138,warlock,destruction,8,3,5
Darkpush,outland,138,warlock,destruction,11,4,7
Некусайсасай,galakrond,138,warlock,destruction,11,4,7
Jabalock,mazrigos,138,warlock,destruction,15,5,10
Wdauwg,nazjatar,138,warlock,destruction,9,3,6
Hhogyoku,dentarg,138,warlock,destruction,10,3,7
Belzzebuth,silvermoon,128,warlock,destruction,10,2,8
Перегном,blackscar,127,warlock,destruction,8,2,6
Neijihbolt,blackrock,112,warlock,destruction,7,2,5
Mqsxw,stormscale,112,warlock,destruction,7,2,5
Lockitz,kazzak,96,warlock,destruction,3,2,1
Mergon,ravencrest,96,warlock,destruction,3,2,1
Dannyboi,drakthul,96,warlock,destruction,3,2,1
Mulimarus,die-todeskrallen,96,warlock,destruction,3,2,1
Cresen,tarren-mill,96,warlock,destruction,6,1,5
Сквиртонитх,howling-fjord,96,warlock,destruction,6,1,5
Thaliä,tarren-mill,96,warlock,destruction,6,1,5
Nècrøphila,kazzak,96,warlock,destruction,6,1,5
Musallat,argent-dawn,96,warlock,destruction,6,1,5
Cruello,ragnaros,96,warlock,destruction,6,1,5
Dabezdwl,outland,96,warlock,destruction,6,1,5
Boltsnhoes,tarren-mill,96,warlock,destruction,6,1,5
Nulo,aggra-português,96,warlock,destruction,6,1,5
Xvron,tarren-mill,96,warlock,destruction,6,1,5
Gutras,ragnaros,96,warlock,destruction,6,1,5
Pablø,silvermoon,96,warlock,destruction,6,1,5
Kineo,argent-dawn,96,warlock,destruction,6,1,5
Kathuum,outland,96,warlock,destruction,6,1,5
Shompaqzan,kazzak,96,warlock,destruction,6,1,5
Fell,outland,96,warlock,destruction,6,1,5
Gothgul,sanguino,96,warlock,destruction,6,1,5
Aerethes,twisting-nether,96,warlock,destruction,6,1,5
Lilskunk,draenor,96,warlock,destruction,6,1,5
Redî,kazzak,96,warlock,destruction,6,1,5
Eleriya,argent-dawn,96,warlock,destruction,6,1,5
Omnath,alakir,96,warlock,destruction,6,1,5
Znaj,tarren-mill,96,warlock,destruction,6,1,5
Enmakorogi,twisting-nether,96,warlock,destruction,6,1,5
Rigour,silvermoon,96,warlock,destruction,6,1,5
Raest,arygos,96,warlock,destruction,6,1,5
Pichwise,draenor,96,warlock,destruction,6,1,5
Löck,kirin-tor,96,warlock,destruction,6,1,5
Bigsuckergg,norgannon,96,warlock,destruction,6,1,5
Feliciousx,draenor,96,warlock,destruction,6,1,5
Zeirat,tarren-mill,96,warlock,destruction,6,1,5
Прозерппина,azuregos,96,warlock,destruction,6,1,5
Tyranuzz,norgannon,96,warlock,destruction,6,1,5
Forzaken,bladefist,96,warlock,destruction,6,1,5
Язлаякиска,soulflayer,96,warlock,destruction,6,1,5
Mattihoh,rexxar,96,warlock,destruction,6,1,5
Ackorax,kilrogg,96,warlock,destruction,6,1,5
Arwennia,malganis,96,warlock,destruction,6,1,5
Kærastan,sylvanas,96,warlock,destruction,6,1,5
Meisterhexe,taerar,96,warlock,destruction,6,1,5
Ezgamebruh,turalyon,96,warlock,destruction,6,1,5
Buyala,stormscale,96,warlock,destruction,6,1,5
Daemonic,shattered-hand,96,warlock,destruction,6,1,5
Satânius,les-sentinelles,96,warlock,destruction,6,1,5
Chaostheory,stormscale,96,warlock,destruction,6,1,5
Mursha,auchindoun,96,warlock,destruction,6,1,5
Jujalari,stormscale,96,warlock,destruction,6,1,5
Mortvivants,kirin-tor,96,warlock,destruction,6,1,5
Aenygma,jaedenar,96,warlock,destruction,6,1,5
Bigtitzes,ravencrest,96,warlock,destruction,6,1,5
Ájszmen,ravencrest,96,warlock,destruction,6,1,5
Gulzgan,kazzak,96,warlock,destruction,6,1,5
Seeles,frostmane,96,warlock,destruction,6,1,5
Harrasmus,ravencrest,96,warlock,destruction,6,1,5
Jolette,hyjal,96,warlock,destruction,6,1,5
Нотимба,gordunni,96,warlock,destruction,6,1,5
Tinaufatlard,ravencrest,96,warlock,destruction,6,1,5
Иммолэйтх,gordunni,96,warlock,destruction,6,1,5
Тапкидеда,gordunni,96,warlock,destruction,6,1,5
Hørcrux,ravencrest,96,warlock,destruction,6,1,5
Артекриолок,gordunni,96,warlock,destruction,6,1,5
Цетрелисс,gordunni,96,warlock,destruction,6,1,5
Mahishi,ravencrest,96,warlock,destruction,6,1,5
Млечный,blackscar,96,warlock,destruction,6,1,5
Yerslock,twisting-nether,96,warlock,destruction,6,1,5
Варатах,grom,96,warlock,destruction,6,1,5
Bluenote,colinas-pardas,96,warlock,destruction,6,1,5
Chaotick,bronze-dragonflight,96,warlock,destruction,6,1,5
Indifférence,archimonde,96,warlock,destruction,6,1,5
Növnöv,madmortem,96,warlock,destruction,6,1,5
Noxregina,antonidas,96,warlock,destruction,6,1,5
Snollerboy,antonidas,96,warlock,destruction,6,1,5
Blëssed,aegwynn,96,warlock,destruction,6,1,5
Finea,sanguino,96,warlock,destruction,6,1,5
Dadcrush,antonidas,96,warlock,destruction,6,1,5
Cuteyess,shadowsong,96,warlock,destruction,6,1,5
Ramuhn,antonidas,96,warlock,destruction,6,1,5
Wt,twisting-nether,96,warlock,destruction,6,1,5
Gendo,twisting-nether,96,warlock,destruction,6,1,5
Zapplock,frostwolf,96,warlock,destruction,6,1,5
Bigbabalock,frostwolf,96,warlock,destruction,6,1,5
Walchia,kazzak,96,warlock,destruction,6,1,5
Reiukh,frostwolf,96,warlock,destruction,6,1,5
Krabauf,eredar,96,warlock,destruction,6,1,5
Utuklululu,archimonde,96,warlock,destruction,6,1,5
Ipme,sanguino,96,warlock,destruction,6,1,5
Neuth,draenor,96,warlock,destruction,6,1,5
Vîerdotcom,blackrock,96,warlock,destruction,6,1,5
Seriasa,blackmoore,96,warlock,destruction,6,1,5
Wolramir,thrall,96,warlock,destruction,6,1,5
Artèm,ysondre,96,warlock,destruction,6,1,5
Kostur,defias-brotherhood,96,warlock,destruction,6,1,5
Pssycho,defias-brotherhood,96,warlock,destruction,6,1,5
Árkan,thrall,96,warlock,destruction,6,1,5
Harrydôtta,blackmoore,96,warlock,destruction,6,1,5
Lomendro,blackmoore,96,warlock,destruction,6,1,5
Tiig,blackrock,96,warlock,destruction,6,1,5
Czteryka,silvermoon,96,warlock,destruction,6,1,5
Maidson,blackrock,96,warlock,destruction,6,1,5
Ozzycrøwly,illidan,96,warlock,destruction,15,2,13
Wuahlock,doomhammer,96,warlock,destruction,12,1,11
Malagate,sylvanas,96,warlock,destruction,12,1,11
Deathdawning,draenor,96,warlock,destruction,12,1,11
Alithia,sylvanas,96,warlock,destruction,12,1,11
Реймей,blackscar,96,warlock,destruction,12,1,11
Gainel,exodar,96,warlock,destruction,12,1,11
Democraft,the-maelstrom,96,warlock,destruction,12,1,11
Grêenbull,eredar,96,warlock,destruction,15,1,14
Okmybad,outland,79,warlock,destruction,5,1,4
Magosnik,archimonde,79,warlock,destruction,5,1,4
Mesîkatayut,outland,79,warlock,destruction,11,1,10
Tranas,ragnaros,64,warlock,destruction,4,1,3
Néca,blackmoore,64,warlock,destruction,4,1,3
Qiymaster,silvermoon,64,warlock,destruction,4,1,3
Malariaa,defias-brotherhood,63,warlock,destruction,2,2,0
Coblac,outland,48,warlock,destruction,3,1,2
Obichamcici,tarren-mill,42,warlock,destruction,8,2,6
Anthor,tarren-mill,42,warlock,destruction,8,2,6
Stonedup,alonsus,42,warlock,destruction,8,2,6
Rockstarr,dalaran,42,warlock,destruction,10,2,8
Zaross,khaz-modan,41,warlock,destruction,8,2,6
Zuldiá,stormscale,32,warlock,destruction,2,2,0
Chandelierh,kazzak,31,warlock,destruction,2,1,1
Slockoló,ragnaros,31,warlock,destruction,2,1,1
Kiraxplode,nemesis,31,warlock,destruction,2,1,1
Reconnected,drakthul,31,warlock,destruction,2,1,1
Níkâ,aegwynn,16,warlock,destruction,1,1,0
Orkamorfin,silvermoon,16,warlock,destruction,1,1,0
Kemmler,steamwheedle-cartel,16,warlock,destruction,1,1,0
Langneur,ysondre,2247,warlock,affliction,114,63,51
Tágsy,ravencrest,2244,warlock,affliction,108,59,49
Härèsß,dun-modr,2174,warlock,affliction,124,73,51
Hædês,antonidas,2171,warlock,affliction,180,97,83
Bualock,sylvanas,2168,warlock,affliction,102,61,41
Steckenpferd,blackmoore,2149,warlock,affliction,66,39,27
Micol,doomhammer,2121,warlock,affliction,96,48,48
Fruits,ysondre,2110,warlock,affliction,95,47,48
Chobitas,ravencrest,2076,warlock,affliction,150,78,72
Celebí,blackmoore,2074,warlock,affliction,84,53,31
Bwc,aegwynn,2067,warlock,affliction,104,60,44
Arukekz,blackmoore,2058,warlock,affliction,84,43,41
Kaspersdame,ravencrest,2038,warlock,affliction,237,122,115
Exoldboss,outland,2038,warlock,affliction,84,41,43
Darksooul,xavius,2031,warlock,affliction,95,57,38
Arussj,blackrock,2018,warlock,affliction,104,51,53
Gulzot,turalyon,2017,warlock,affliction,137,75,62
Southylolz,stormscale,2015,warlock,affliction,71,36,35
Boogeyboyx,stormscale,1999,warlock,affliction,107,60,47
Magonyth,tarren-mill,1994,warlock,affliction,95,54,41
Qyburn,drekthar,1991,warlock,affliction,78,47,31
Nickrosh,terokkar,1989,warlock,affliction,66,39,27
Тагочи,gordunni,1979,warlock,affliction,77,37,40
Hirasawa,archimonde,1974,warlock,affliction,61,30,31
Rutena,ravencrest,1972,warlock,affliction,78,41,37
Angryfránk,outland,1961,warlock,affliction,227,115,112
Perpetual,eredar,1950,warlock,affliction,60,33,27
Nesme,sylvanas,1938,warlock,affliction,95,46,49
Southyx,stormscale,1928,warlock,affliction,77,40,37
Southy,stormscale,1918,warlock,affliction,48,25,23
Skrumpis,draenor,1917,warlock,affliction,260,133,127
Рашчер,gordunni,1909,warlock,affliction,48,25,23
Mïta,hyjal,1904,warlock,affliction,48,27,21
Shadowflamez,argent-dawn,1900,warlock,affliction,42,28,14
Мрорбит,howling-fjord,1898,warlock,affliction,101,46,55
Plsdîe,twisting-nether,1895,warlock,affliction,83,46,37
Infernion,stormscale,1891,warlock,affliction,51,33,18
Alliyâh,archimonde,1882,warlock,affliction,172,84,88
Hladankurac,twisting-nether,1879,warlock,affliction,72,41,31
Kärme,archimonde,1878,warlock,affliction,389,193,196
Limoges,archimonde,1874,warlock,affliction,90,55,35
Bäle,stormreaver,1869,warlock,affliction,54,32,22
Debz,twisting-nether,1864,warlock,affliction,118,71,47
Oldboy,auchindoun,1864,warlock,affliction,165,91,74
Oarz,blackrock,1856,warlock,affliction,137,80,57
Fsandtwo,ravencrest,1848,warlock,affliction,68,36,32
Sad,lightnings-blade,1848,warlock,affliction,94,39,55
Infïnitýx,silvermoon,1847,warlock,affliction,101,56,45
Блудгэнг,blackscar,1847,warlock,affliction,48,21,27
Buffdemo,blackmoore,1845,warlock,affliction,30,21,9
Kasoy,doomhammer,1837,warlock,affliction,160,84,76
Cassen,outland,1833,warlock,affliction,60,31,29
Getfaked,nordrassil,1832,warlock,affliction,54,28,26
Пчелокнижник,howling-fjord,1831,warlock,affliction,42,25,17
Southylol,stormscale,1828,warlock,affliction,96,47,49
Halfwai,ravencrest,1824,warlock,affliction,72,40,32
Mediumpotato,blackhand,1824,warlock,affliction,48,26,22
Gezer,tarren-mill,1823,warlock,affliction,110,58,52
Xvq,twisting-nether,1819,warlock,affliction,106,67,39
Monsterz,archimonde,1815,warlock,affliction,93,50,43
Robertóoo,burning-legion,1814,warlock,affliction,128,79,49
Malddog,turalyon,1813,warlock,affliction,131,75,56
Nêverse,archimonde,1805,warlock,affliction,30,19,11
Toutanpapier,ysondre,1804,warlock,affliction,30,19,11
Wldot,ravencrest,1802,warlock,affliction,42,24,18
Kresyda,dun-modr,1799,warlock,affliction,54,22,32
Purplemafia,burning-blade,1787,warlock,affliction,46,24,22
Nightìngale,silvermoon,1785,warlock,affliction,104,56,48
Laokoon,blackmoore,1780,warlock,affliction,76,46,30
Bankstair,stormscale,1779,warlock,affliction,105,58,47
Garebigger,blackrock,1779,warlock,affliction,254,120,134
Yokûjin,twisting-nether,1761,warlock,affliction,61,28,33
Xfz,stormscale,1752,warlock,affliction,120,63,57
Jlcreverso,eredar,1752,warlock,affliction,52,27,25
Kajanova,stormscale,1750,warlock,affliction,119,68,51
Консидёро,gordunni,1749,warlock,affliction,50,22,28
Brainsoup,burning-blade,1746,warlock,affliction,138,74,64
Neoe,stormscale,1746,warlock,affliction,172,88,84
Fredé,outland,1743,warlock,affliction,36,23,13
Влицотьмой,gordunni,1741,warlock,affliction,55,33,22
Pinacholadá,norgannon,1734,warlock,affliction,78,50,28
Fearing,malganis,1730,warlock,affliction,60,33,27
Zodiiacc,ravencrest,1723,warlock,affliction,66,32,34
Baz,anubarak,1717,warlock,affliction,56,24,32
Vregor,twisting-nether,1708,warlock,affliction,46,26,20
Ммоохх,gordunni,1702,warlock,affliction,42,18,24
Фламмэнх,soulflayer,1701,warlock,affliction,48,27,21
Balding,blackhand,1698,warlock,affliction,38,24,14
Firochek,ravencrest,1695,warlock,affliction,36,22,14
Farzokonan,archimonde,1689,warlock,affliction,192,107,85
Yosiya,draenor,1684,warlock,affliction,109,59,50
Marcoil,kazzak,1679,warlock,affliction,33,21,12
Fear,auchindoun,1676,warlock,affliction,41,22,19
Mowxll,blackrock,1670,warlock,affliction,42,19,23
Vîmø,antonidas,1669,warlock,affliction,118,64,54
Darkwìngduck,ravencrest,1661,warlock,affliction,30,19,11
Lurkkis,ravencrest,1661,warlock,affliction,47,22,25
Trâshxd,sanguino,1660,warlock,affliction,84,49,35
Архкингсдум,galakrond,1660,warlock,affliction,70,31,39
Нэрфир,soulflayer,1658,warlock,affliction,104,55,49
Асальвэйд,gordunni,1657,warlock,affliction,70,40,30
Emreys,argent-dawn,1656,warlock,affliction,139,73,66
Graveflesh,burning-blade,1655,warlock,affliction,295,144,151
Nekrosd,tarren-mill,1646,warlock,affliction,84,46,38
Jaines,forscherliga,1643,warlock,affliction,47,29,18
Млечный,blackscar,1635,warlock,affliction,66,42,24
Sehk,stormreaver,1635,warlock,affliction,37,21,16
Сзот,howling-fjord,1632,warlock,affliction,60,32,28
Laoganma,outland,1627,warlock,affliction,236,122,114
Ketzu,hyjal,1626,warlock,affliction,118,59,59
Midgetlockx,ravencrest,1625,warlock,affliction,42,24,18
Rottndot,stormscale,1624,warlock,affliction,72,40,32
Prelest,arathor,1620,warlock,affliction,24,17,7
Навидд,howling-fjord,1620,warlock,affliction,71,41,30
Robertóó,burning-legion,1619,warlock,affliction,47,24,23
Ржоммба,soulflayer,1618,warlock,affliction,66,38,28
Smøkê,tarren-mill,1618,warlock,affliction,392,208,184
Corbbolt,drakthul,1616,warlock,affliction,74,40,34
Shannzo,stormscale,1614,warlock,affliction,30,17,13
Boglock,argent-dawn,1614,warlock,affliction,54,29,25
Ashhlock,silvermoon,1613,warlock,affliction,42,24,18
Decayez,thrall,1613,warlock,affliction,36,17,19
Оксси,fordragon,1612,warlock,affliction,114,59,55
Korander,argent-dawn,1611,warlock,affliction,30,17,13
Mortvivants,kirin-tor,1610,warlock,affliction,79,43,36
Helventti,sylvanas,1610,warlock,affliction,34,18,16
Orsoyopoyo,nemesis,1607,warlock,affliction,30,20,10
Mîná,ravencrest,1607,warlock,affliction,51,30,21
Олимта,blackscar,1607,warlock,affliction,136,71,65
Gate,blackrock,1606,warlock,affliction,41,20,21
Drainsouls,stormscale,1604,warlock,affliction,78,43,35
Apathia,stormscale,1603,warlock,affliction,24,17,7
Dondot,frostmane,1601,warlock,affliction,72,41,31
Magonyth,ravencrest,1600,warlock,affliction,30,19,11
Lockwkrok,burning-legion,1599,warlock,affliction,204,108,96
Журанайсбой,blackscar,1598,warlock,affliction,30,21,9
Shayexen,tarren-mill,1596,warlock,affliction,53,31,22
Дестроварлок,blackscar,1596,warlock,affliction,30,17,13
Methroz,burning-legion,1592,warlock,affliction,60,28,32
Olympïe,archimonde,1591,warlock,affliction,77,36,41
Dispellthat,burning-legion,1588,warlock,affliction,41,22,19
Vizour,tarren-mill,1585,warlock,affliction,42,19,23
Мокито,grom,1581,warlock,affliction,42,20,22
Zeinth,sanguino,1578,warlock,affliction,84,44,40
Ремайка,gordunni,1577,warlock,affliction,146,73,73
Modernmisery,kazzak,1574,warlock,affliction,192,96,96
Infectius,kazzak,1572,warlock,affliction,109,61,48
Yôi,nemesis,1568,warlock,affliction,94,52,42
Gayskyline,blackrock,1568,warlock,affliction,42,19,23
Passwoord,kazzak,1566,warlock,affliction,30,21,9
Колдунишка,fordragon,1566,warlock,affliction,365,200,165
Müdür,burning-legion,1562,warlock,affliction,197,111,86
Htaedfo,tarren-mill,1561,warlock,affliction,72,39,33
Бжк,gordunni,1560,warlock,affliction,61,31,30
Бауглирх,howling-fjord,1559,warlock,affliction,61,31,30
Sweetlõck,ravencrest,1556,warlock,affliction,143,75,68
Trevium,nemesis,1555,warlock,affliction,76,43,33
Slf,the-maelstrom,1554,warlock,affliction,62,38,24
Soezzlock,archimonde,1551,warlock,affliction,159,86,73
Lollock,teldrassil,1549,warlock,affliction,24,17,7
Brútality,nethersturm,1549,warlock,affliction,59,33,26
Franta,chromaggus,1546,warlock,affliction,47,29,18
Rottenbooty,argent-dawn,1541,warlock,affliction,65,35,30
Винстролман,blackscar,1540,warlock,affliction,114,69,45
Apokalyps,eldrethalas,1540,warlock,affliction,434,226,208
Сайденас,gordunni,1539,warlock,affliction,96,46,50
Demonkïng,archimonde,1539,warlock,affliction,137,64,73
Acentro,stormscale,1538,warlock,affliction,63,35,28
Ascètic,kazzak,1536,warlock,affliction,83,42,41
Osyx,ravencrest,1534,warlock,affliction,36,16,20
Axapnon,ragnaros,1532,warlock,affliction,249,126,123
Itiswhatitis,ravencrest,1532,warlock,affliction,36,16,20
Lánfeár,draenor,1531,warlock,affliction,486,247,239
Сентимент,gordunni,1531,warlock,affliction,109,54,55
Termss,ravencrest,1530,warlock,affliction,347,175,172
Kayako,kul-tiras,1529,warlock,affliction,74,32,42
Nerfwarriors,stormscale,1528,warlock,affliction,42,28,14
Разъелвал,blackscar,1522,warlock,affliction,170,96,74
Tôpsecret,aegwynn,1522,warlock,affliction,30,16,14
Nightsnake,deathwing,1516,warlock,affliction,114,50,64
Крэдоу,soulflayer,1514,warlock,affliction,48,24,24
Likee,eredar,1514,warlock,affliction,42,16,26
Waatschnbaam,eredar,1512,warlock,affliction,66,30,36
Прогнившая,blackscar,1506,warlock,affliction,129,74,55
Soulslugger,twisting-nether,1506,warlock,affliction,48,23,25
Exorbïtant,blackrock,1505,warlock,affliction,168,86,82
Katâra,tarren-mill,1505,warlock,affliction,80,36,44
Bowti,ravencrest,1504,warlock,affliction,66,27,39
Candyman,bronze-dragonflight,1501,warlock,affliction,214,107,107
Soffie,blackrock,1501,warlock,affliction,48,23,25
Marklock,drakthul,1497,warlock,affliction,96,58,38
Сартеккс,gordunni,1494,warlock,affliction,107,62,45
Drekkrog,chogall,1490,warlock,affliction,30,16,14
Stromzii,silvermoon,1489,warlock,affliction,31,19,12
Боризыч,gordunni,1487,warlock,affliction,125,67,58
Tøpdmg,die-aldor,1486,warlock,affliction,47,24,23
Phenolock,blackhand,1485,warlock,affliction,130,72,58
Ghachi,draenor,1484,warlock,affliction,57,29,28
Saraconnor,burning-legion,1475,warlock,affliction,78,43,35
Лысыйлокоть,soulflayer,1475,warlock,affliction,36,18,18
Mty,bronze-dragonflight,1475,warlock,affliction,105,51,54
Belíos,stormscale,1469,warlock,affliction,51,31,20
Talt,dalaran,1469,warlock,affliction,104,60,44
Dannyel,mazrigos,1469,warlock,affliction,262,136,126
Локбезног,soulflayer,1468,warlock,affliction,84,42,42
Spiritawayx,lightbringer,1467,warlock,affliction,24,18,6
Grimus,azuremyst,1467,warlock,affliction,72,34,38
Taýle,ravencrest,1463,warlock,affliction,24,16,8
Адоха,howling-fjord,1460,warlock,affliction,42,22,20
Brustlino,nemesis,1458,warlock,affliction,36,20,16
Maidson,blackrock,1458,warlock,affliction,44,22,22
Vladov,ravencrest,1456,warlock,affliction,36,23,13
Бестий,fordragon,1455,warlock,affliction,26,17,9
Шизуи,borean-tundra,1453,warlock,affliction,85,51,34
Zakuri,blackmoore,1452,warlock,affliction,48,32,16
Itsfiftycent,outland,1452,warlock,affliction,108,61,47
Titoss,archimonde,1451,warlock,affliction,78,40,38
Domdon,stormscale,1440,warlock,affliction,26,16,10
Azurma,tarren-mill,1439,warlock,affliction,24,15,9
Hivxherpes,ravencrest,1439,warlock,affliction,127,60,67
Бенлоел,borean-tundra,1439,warlock,affliction,54,24,30
Dracsu,dun-modr,1436,warlock,affliction,160,82,78
Zevil,emerald-dream,1436,warlock,affliction,46,23,23
Wezen,stormscale,1435,warlock,affliction,95,50,45
Lockíe,twisting-nether,1435,warlock,affliction,41,20,21
Gneticz,aegwynn,1434,warlock,affliction,54,26,28
Kakiamagisa,twisting-nether,1433,warlock,affliction,58,38,20
Prestige,nemesis,1432,warlock,affliction,31,15,16
Lokic,draenor,1432,warlock,affliction,66,31,35
Белучи,howling-fjord,1429,warlock,affliction,30,19,11
Zèlêph,archimonde,1428,warlock,affliction,42,26,16
Filianore,azjolnerub,1427,warlock,affliction,60,35,25
Ebolara,aegwynn,1427,warlock,affliction,47,23,24
Nate,stormscale,1427,warlock,affliction,76,37,39
Нафлэпил,gordunni,1425,warlock,affliction,59,32,27
Äsmødée,dalaran,1425,warlock,affliction,175,87,88
Depresive,aggra-português,1423,warlock,affliction,215,113,102
Trythislock,crushridge,1422,warlock,affliction,47,27,20
Øzze,ysondre,1417,warlock,affliction,133,76,57
Бонони,blackscar,1417,warlock,affliction,42,19,23
Bigdamndots,twisting-nether,1417,warlock,affliction,42,16,26
Demonologyz,ravencrest,1416,warlock,affliction,24,19,5
Floron,silvermoon,1415,warlock,affliction,82,39,43
Gaminex,kazzak,1413,warlock,affliction,102,50,52
Shaarak,blackrock,1410,warlock,affliction,63,28,35
Damira,blackmoore,1409,warlock,affliction,30,18,12
Lockyy,karazhan,1408,warlock,affliction,44,26,18
Warlokk,tarren-mill,1408,warlock,affliction,117,62,55
Roglash,eredar,1407,warlock,affliction,126,71,55
Véstheim,saurfang,1406,warlock,affliction,50,32,18
Лейссина,eversong,1406,warlock,affliction,183,92,91
Tarilinwelli,les-sentinelles,1401,warlock,affliction,116,65,51
Vivek,grim-batol,1401,warlock,affliction,160,75,85
Cringetamer,silvermoon,1401,warlock,affliction,48,20,28
Датри,grom,1395,warlock,affliction,78,45,33
Kasuni,sanguino,1393,warlock,affliction,59,34,25
Sluba,stormscale,1391,warlock,affliction,54,36,18
Murphloc,silvermoon,1391,warlock,affliction,84,41,43
Øprøx,sanguino,1389,warlock,affliction,23,16,7
Dondada,aggra-português,1389,warlock,affliction,83,42,41
Slàsh,hyjal,1387,warlock,affliction,41,23,18
Murua,silvermoon,1387,warlock,affliction,30,15,15
Harrydôtta,blackmoore,1382,warlock,affliction,42,23,19
Zeotrixie,stormscale,1382,warlock,affliction,36,18,18
Dropxpvp,blackrock,1381,warlock,affliction,54,26,28
Hatenkou,silvermoon,1379,warlock,affliction,89,49,40
Kavalierr,stormscale,1377,warlock,affliction,70,35,35
Teddyruineur,khaz-modan,1376,warlock,affliction,42,25,17
Pokifanone,tarren-mill,1376,warlock,affliction,29,16,13
Nhw,archimonde,1374,warlock,affliction,61,34,27
Kyyuss,burning-legion,1374,warlock,affliction,48,18,30
Киёкка,howling-fjord,1372,warlock,affliction,114,62,52
Tiwtera,draenor,1366,warlock,affliction,72,35,37
Xanatas,nemesis,1365,warlock,affliction,36,19,17
Délidumrul,stormscale,1364,warlock,affliction,30,20,10
Inani,ragnaros,1361,warlock,affliction,48,23,25
Irnx,tarren-mill,1360,warlock,affliction,62,35,27
Cadrega,nemesis,1357,warlock,affliction,58,37,21
Darkwootex,draenor,1357,warlock,affliction,33,20,13
Nîghtmare,outland,1353,warlock,affliction,35,20,15
Hòbó,outland,1353,warlock,affliction,51,28,23
Enviroq,burning-legion,1353,warlock,affliction,30,15,15
Phelola,sylvanas,1352,warlock,affliction,92,47,45
Akdan,ragnaros,1351,warlock,affliction,50,21,29
Dailylock,kazzak,1349,warlock,affliction,32,15,17
Hathatchi,sylvanas,1343,warlock,affliction,52,29,23
Felsturm,twisting-nether,1340,warlock,affliction,34,21,13
Whaii,ravencrest,1339,warlock,affliction,24,14,10
Anabolicbaby,draenor,1339,warlock,affliction,27,15,12
Degdeehei,draenor,1339,warlock,affliction,58,30,28
Dededot,ysondre,1337,warlock,affliction,24,14,10
Twnia,the-maelstrom,1334,warlock,affliction,30,18,12
Dezznut,blackhand,1334,warlock,affliction,113,54,59
Pcbbwarlock,sylvanas,1333,warlock,affliction,192,104,88
Gryme,dalaran,1333,warlock,affliction,72,30,42
Potterhotter,outland,1332,warlock,affliction,102,49,53
Mayline,kult-der-verdammten,1330,warlock,affliction,36,20,16
Bh,ragnaros,1327,warlock,affliction,24,14,10
Swagzz,silvermoon,1326,warlock,affliction,90,53,37
Sublînê,blackmoore,1326,warlock,affliction,54,21,33
Ukicha,burning-blade,1325,warlock,affliction,54,27,27
Gash,malganis,1323,warlock,affliction,174,88,86
Sánas,blackhand,1322,warlock,affliction,54,26,28
Муза,gordunni,1322,warlock,affliction,30,14,16
Cgane,archimonde,1317,warlock,affliction,34,20,14
Пухи,blackscar,1317,warlock,affliction,30,14,16
Xakhmet,hellscream,1316,warlock,affliction,102,53,49
Primdåhl,ravencrest,1314,warlock,affliction,76,39,37
Themits,executus,1314,warlock,affliction,34,15,19
Hèrmit,kazzak,1313,warlock,affliction,30,20,10
Перегном,blackscar,1311,warlock,affliction,60,28,32
Requeims,outland,1309,warlock,affliction,28,14,14
Ketem,zuljin,1308,warlock,affliction,167,86,81
Azkarr,defias-brotherhood,1308,warlock,affliction,30,14,16
Getfeared,stormscale,1308,warlock,affliction,36,14,22
Vicktorious,stormscale,1307,warlock,affliction,59,30,29
Sleethy,destromath,1306,warlock,affliction,36,18,18
Nesveti,kazzak,1305,warlock,affliction,29,20,9
Dotieks,draenor,1300,warlock,affliction,120,64,56
Dxz,silvermoon,1300,warlock,affliction,36,14,22
Deathpoid,draenor,1300,warlock,affliction,47,17,30
Jegfaller,wildhammer,1299,warlock,affliction,78,39,39
Urssul,kazzak,1298,warlock,affliction,36,22,14
Mazaear,stormscale,1298,warlock,affliction,48,22,26
Scaevóla,ravencrest,1297,warlock,affliction,42,24,18
Bästkusten,kazzak,1294,warlock,affliction,28,16,12
Assuz,eredar,1294,warlock,affliction,68,34,34
Гуслин,soulflayer,1292,warlock,affliction,77,39,38
Grimréaper,outland,1288,warlock,affliction,42,19,23
Лютыйглад,blackscar,1284,warlock,affliction,69,32,37
Balgo,blackmoore,1283,warlock,affliction,48,23,25
Izyguldamn,blackmoore,1276,warlock,affliction,48,16,32
Blackmagic,stormscale,1275,warlock,affliction,197,102,95
Voost,aegwynn,1275,warlock,affliction,43,15,28
Nihale,arakarahm,1273,warlock,affliction,94,43,51
Zetsubo,drakthul,1270,warlock,affliction,105,55,50
Krismer,silvermoon,1270,warlock,affliction,31,15,16
Robodot,eredar,1266,warlock,affliction,72,35,37
Weedmaniac,kazzak,1265,warlock,affliction,108,50,58
Sesshouin,alakir,1264,warlock,affliction,42,21,21
Diseez,bronzebeard,1262,warlock,affliction,45,24,21
Dontargetme,draenor,1260,warlock,affliction,25,15,10
Самантаглу,blackscar,1260,warlock,affliction,58,33,25
Qena,outland,1259,warlock,affliction,54,26,28
Krombo,kazzak,1256,warlock,affliction,22,14,8
Klone,die-todeskrallen,1252,warlock,affliction,68,36,32
Kitingguru,stormscale,1247,warlock,affliction,24,13,11
ßualock,sylvanas,1247,warlock,affliction,24,13,11
Yamadea,stormscale,1246,warlock,affliction,24,13,11
Zêngâ,kazzak,1246,warlock,affliction,56,28,28
Ðïÿëñbïëñfüû,suramar,1246,warlock,affliction,30,13,17
Дагира,booty-bay,1241,warlock,affliction,18,13,5
Sïeur,archimonde,1238,warlock,affliction,24,13,11
Deathfløw,draenor,1237,warlock,affliction,24,13,11
Kerthan,malorne,1237,warlock,affliction,68,31,37
Actelia,the-venture-co,1237,warlock,affliction,38,15,23
Тафуби,deathweaver,1234,warlock,affliction,30,18,12
Yowifeinmedm,draenor,1234,warlock,affliction,36,13,23
Elleanor,los-errantes,1231,warlock,affliction,24,13,11
Cârmondai,alleria,1230,warlock,affliction,36,13,23
Shakuroz,frostwolf,1229,warlock,affliction,28,14,14
Моргррет,soulflayer,1227,warlock,affliction,30,17,13
Modéus,ysondre,1225,warlock,affliction,100,52,48
Hiimsûso,dun-modr,1223,warlock,affliction,101,50,51
Drozhna,kaelthas,1222,warlock,affliction,36,13,23
Malagate,sylvanas,1221,warlock,affliction,66,30,36
Luzi,arthas,1220,warlock,affliction,36,17,19
Vîerdotcom,blackrock,1215,warlock,affliction,18,13,5
Bakal,vashj,1215,warlock,affliction,42,19,23
Локистраик,borean-tundra,1214,warlock,affliction,47,19,28
Solitariøus,arathi,1207,warlock,affliction,90,44,46
Nàughty,ragnaros,1207,warlock,affliction,65,29,36
Tsumde,dalaran,1207,warlock,affliction,44,16,28
Xerxia,blackrock,1205,warlock,affliction,42,25,17
Mooncrásh,blackrock,1204,warlock,affliction,96,45,51
Etsanctum,blackmoore,1204,warlock,affliction,48,17,31
Sanghá,frostwolf,1203,warlock,affliction,30,19,11
Morgan,jaedenar,1203,warlock,affliction,72,43,29
Draklack,turalyon,1202,warlock,affliction,66,34,32
Стафилокок,deepholm,1201,warlock,affliction,46,23,23
Dhraven,thrall,1201,warlock,affliction,96,47,49
Friendlylock,quelthalas,1198,warlock,affliction,21,13,8
Soultire,ravencrest,1196,warlock,affliction,72,31,41
Âkâl,ravencrest,1194,warlock,affliction,23,13,10
Kyiüû,archimonde,1194,warlock,affliction,27,14,13
Vaukras,stormscale,1194,warlock,affliction,62,29,33
Møärdötd,aggra-português,1190,warlock,affliction,30,13,17
Satanizm,silvermoon,1185,warlock,affliction,41,21,20
Lockinasock,stormscale,1183,warlock,affliction,31,16,15
Nexyra,silvermoon,1182,warlock,affliction,218,106,112
Томрэдл,howling-fjord,1178,warlock,affliction,394,197,197
Nydek,cthun,1178,warlock,affliction,36,16,20
Nicetime,nefarian,1177,warlock,affliction,60,34,26
Wedlock,stormscale,1171,warlock,affliction,29,19,10
Huaian,darksorrow,1170,warlock,affliction,56,26,30
Azastarax,archimonde,1164,warlock,affliction,25,13,12
Ашимал,soulflayer,1158,warlock,affliction,56,24,32
Xristianos,ravencrest,1152,warlock,affliction,18,12,6
Toppluva,shattered-hand,1151,warlock,affliction,21,13,8
Xskyrov,blackmoore,1151,warlock,affliction,24,12,12
Thereya,dun-morogh,1150,warlock,affliction,24,12,12
Darkrorr,drakthul,1150,warlock,affliction,24,12,12
Mundunugu,sanguino,1148,warlock,affliction,24,12,12
Cdztuwu,outland,1147,warlock,affliction,18,12,6
Walchia,kazzak,1147,warlock,affliction,83,44,39
Feardinkum,twisting-nether,1145,warlock,affliction,18,12,6
Trinox,teldrassil,1144,warlock,affliction,24,15,9
Cutt,chogall,1144,warlock,affliction,89,46,43
Априфф,soulflayer,1143,warlock,affliction,30,12,18
Auxi,the-maelstrom,1142,warlock,affliction,57,35,22
Yasa,khaz-modan,1142,warlock,affliction,51,31,20
Suskive,kaelthas,1141,warlock,affliction,24,12,12
Öxygen,outland,1140,warlock,affliction,24,12,12
Asmonmald,stormscale,1139,warlock,affliction,120,52,68
Yahata,nethersturm,1136,warlock,affliction,54,30,24
Whocarezlock,stormscale,1135,warlock,affliction,27,13,14
Ainos,twisting-nether,1134,warlock,affliction,76,35,41
Глянемче,deathguard,1126,warlock,affliction,69,38,31
Sunetta,silvermoon,1125,warlock,affliction,74,35,39
Hacklock,silvermoon,1122,warlock,affliction,125,58,67
Mendozaah,kazzak,1122,warlock,affliction,88,35,53
Toké,blackmoore,1116,warlock,affliction,52,24,28
Juod,frostmane,1115,warlock,affliction,18,12,6
Squadala,kaelthas,1115,warlock,affliction,30,15,15
Slowfatlock,ravencrest,1115,warlock,affliction,24,12,12
Principle,dunemaul,1114,warlock,affliction,71,44,27
Gøzù,antonidas,1103,warlock,affliction,23,12,11
Gamunkul,destromath,1094,warlock,affliction,103,41,62
Dótcom,draenor,1093,warlock,affliction,60,30,30
Cahoa,archimonde,1093,warlock,affliction,39,17,22
Горенджо,eversong,1092,warlock,affliction,26,13,13
ßatt,dalaran,1088,warlock,affliction,24,15,9
Fraky,frostwhisper,1087,warlock,affliction,23,16,7
Хефрак,deathguard,1084,warlock,affliction,54,16,38
Fealer,magtheridon,1082,warlock,affliction,276,140,136
Diegomojes,silvermoon,1081,warlock,affliction,110,59,51
Iyanda,argent-dawn,1074,warlock,affliction,24,12,12
Аксиманд,howling-fjord,1073,warlock,affliction,47,23,24
Ladodida,darkspear,1072,warlock,affliction,53,28,25
Felboar,quelthalas,1068,warlock,affliction,44,24,20
Rhyana,sylvanas,1065,warlock,affliction,28,12,16
Cokoladuocka,silvermoon,1063,warlock,affliction,60,26,34
Bobleechaos,darkspear,1063,warlock,affliction,36,13,23
Selenene,norgannon,1062,warlock,affliction,57,29,28
Elmîr,blackmoore,1057,warlock,affliction,36,13,23
Skufi,uldum,1056,warlock,affliction,57,29,28
Fräddan,draenor,1054,warlock,affliction,12,11,1
Miazmii,ragnaros,1054,warlock,affliction,18,11,7
Mjabowf,outland,1054,warlock,affliction,18,11,7
Beleghost,sylvanas,1054,warlock,affliction,30,11,19
Mariahscary,auchindoun,1053,warlock,affliction,18,11,7
Dabolt,archimonde,1053,warlock,affliction,18,11,7
Císuh,stormreaver,1053,warlock,affliction,24,11,13
Belastiz,blackmoore,1052,warlock,affliction,18,11,7
Bulgyeøng,archimonde,1052,warlock,affliction,18,11,7
Mangolicious,twisting-nether,1052,warlock,affliction,24,11,13
Tathyanna,archimonde,1051,warlock,affliction,18,11,7
Mæphysto,blackrock,1051,warlock,affliction,127,61,66
Mykóla,terokkar,1051,warlock,affliction,24,11,13
Дотдозор,howling-fjord,1051,warlock,affliction,24,11,13
Lemuriel,arthas,1051,warlock,affliction,33,15,18
Валлцея,galakrond,1050,warlock,affliction,18,11,7
Zatella,ravencrest,1050,warlock,affliction,24,11,13
Bemelial,culte-de-la-rive-noire,1050,warlock,affliction,24,11,13
Lubosz,silvermoon,1049,warlock,affliction,18,11,7
Smuutil,drakthul,1048,warlock,affliction,37,18,19
Hodille,argent-dawn,1046,warlock,affliction,18,11,7
Vahgaz,burning-legion,1046,warlock,affliction,166,82,84
Richrichy,outland,1044,warlock,affliction,66,34,32
Sinsemilla,kazzak,1043,warlock,affliction,54,25,29
Ogkenii,ragnaros,1041,warlock,affliction,24,11,13
Blaizen,outland,1038,warlock,affliction,22,12,10
Backblech,wrathbringer,1038,warlock,affliction,33,15,18
Demoas,antonidas,1038,warlock,affliction,26,11,15
Демонтёлка,grom,1034,warlock,affliction,26,16,10
Nerdbane,blackrock,1033,warlock,affliction,18,11,7
Банкапевка,howling-fjord,1033,warlock,affliction,24,11,13
Сувала,soulflayer,1029,warlock,affliction,68,35,33
Шайтанарба,blackscar,1025,warlock,affliction,42,25,17
Favris,antonidas,1024,warlock,affliction,158,79,79
Мракодел,deathguard,1023,warlock,affliction,39,19,20
Oonz,sylvanas,1017,warlock,affliction,74,37,37
Bësly,khaz-modan,1013,warlock,affliction,18,12,6
Олдриг,ashenvale,1013,warlock,affliction,39,18,21
Venoc,kazzak,1007,warlock,affliction,138,69,69
Xlara,argent-dawn,1004,warlock,affliction,148,71,77
Vendømlørd,archimonde,1003,warlock,affliction,31,17,14
Sovrìn,blackrock,1002,warlock,affliction,23,11,12
Prekt,ragnaros,1001,warlock,affliction,17,11,6
Loriene,trollbane,1001,warlock,affliction,41,16,25
Zxcursed,doomhammer,1000,warlock,affliction,17,11,6
Demónfire,sylvanas,1000,warlock,affliction,28,14,14
Мануил,eversong,991,warlock,affliction,17,11,6
Korlox,antonidas,991,warlock,affliction,30,16,14
Araphel,twisting-nether,990,warlock,affliction,60,27,33
Brítneyfears,azjolnerub,986,warlock,affliction,17,11,6
Bu,zirkel-des-cenarius,982,warlock,affliction,17,11,6
Bluenote,colinas-pardas,974,warlock,affliction,60,29,31
Qullnius,kazzak,971,warlock,affliction,34,12,22
Exoticaa,blackhand,968,warlock,affliction,48,27,21
Peonpedro,malganis,960,warlock,affliction,12,10,2
Murdee,kazzak,960,warlock,affliction,18,10,8
Gulgiann,nemesis,960,warlock,affliction,18,10,8
Dreamnyâsha,tarren-mill,960,warlock,affliction,18,10,8
Веномхх,lich-king,959,warlock,affliction,12,10,2
Dualla,aegwynn,959,warlock,affliction,12,10,2
Plâytïmè,stormscale,959,warlock,affliction,18,10,8
Санявахтовик,blackscar,959,warlock,affliction,18,10,8
Hannen,blackrock,959,warlock,affliction,24,10,14
Drstyx,anetheron,959,warlock,affliction,30,10,20
Azaïdun,khaz-modan,958,warlock,affliction,18,10,8
Flyps,stormscale,958,warlock,affliction,18,10,8
Коплюнапони,blackscar,958,warlock,affliction,18,10,8
Chaostrain,sylvanas,957,warlock,affliction,22,11,11
Снэйк,deathguard,956,warlock,affliction,18,10,8
Lúcìfér,stormscale,956,warlock,affliction,24,10,14
Dotloca,draenor,955,warlock,affliction,12,10,2
Lickyicky,twisting-nether,955,warlock,affliction,24,10,14
Omnath,alakir,955,warlock,affliction,24,10,14
Sylrathas,burning-legion,953,warlock,affliction,24,10,14
Prickster,kazzak,952,warlock,affliction,18,10,8
Аркейнмизери,howling-fjord,951,warlock,affliction,12,10,2
Deamheòlas,ravencrest,950,warlock,affliction,22,11,11
Варатах,grom,946,warlock,affliction,24,10,14
Waryald,dun-modr,945,warlock,affliction,30,10,20
Тэйлок,gordunni,942,warlock,affliction,36,20,16
Cêebêry,frostwolf,941,warlock,affliction,24,10,14
Valadair,sanguino,941,warlock,affliction,30,10,20
Carlman,hyjal,940,warlock,affliction,18,10,8
Darkháte,blackhand,936,warlock,affliction,18,10,8
Uthdae,archimonde,933,warlock,affliction,36,13,23
Nukeem,karazhan,926,warlock,affliction,121,58,63
Hellseven,emeriss,926,warlock,affliction,29,10,19
Дакиса,gordunni,925,warlock,affliction,35,10,25
Icritmore,stormscale,924,warlock,affliction,20,11,9
Слававдвх,blackscar,914,warlock,affliction,53,25,28
Ashgron,burning-legion,909,warlock,affliction,18,10,8
Kenthal,nemesis,908,warlock,affliction,22,10,12
Rasputia,thunderhorn,906,warlock,affliction,45,24,21
Artyrus,burning-legion,904,warlock,affliction,30,16,14
Letoupet,la-croisade-écarlate,904,warlock,affliction,42,21,21
Cencible,twisting-nether,893,warlock,affliction,31,14,17
Exørzist,blackmoore,866,warlock,affliction,64,31,33
Парачо,eversong,864,warlock,affliction,12,9,3
Тапкидеда,gordunni,864,warlock,affliction,12,9,3
Abinsur,drakthul,864,warlock,affliction,12,9,3
Zzooxx,silvermoon,864,warlock,affliction,24,9,15
Díablø,blackmoore,863,warlock,affliction,12,9,3
Lockingcute,tarren-mill,863,warlock,affliction,18,9,9
Shyleen,argent-dawn,863,warlock,affliction,18,9,9
Werkx,archimonde,863,warlock,affliction,18,9,9
Lipstickx,kul-tiras,863,warlock,affliction,24,9,15
Gaargamelo,blackmoore,863,warlock,affliction,24,9,15
Luwuock,twisting-nether,863,warlock,affliction,24,9,15
Esmuel,argent-dawn,862,warlock,affliction,18,9,9
Aagon,antonidas,862,warlock,affliction,24,9,15
Tolgaa,draenor,862,warlock,affliction,28,10,18
Hitomitanaká,kazzak,862,warlock,affliction,28,9,19
Ívânguldán,twisting-nether,861,warlock,affliction,12,9,3
Clungesuck,argent-dawn,861,warlock,affliction,18,9,9
Zelhala,draenor,861,warlock,affliction,18,9,9
Graell,drakthul,860,warlock,affliction,12,9,3
Mumutoaster,blackrock,860,warlock,affliction,12,9,3
Нирон,grom,860,warlock,affliction,18,9,9
Kemel,thrall,859,warlock,affliction,18,9,9
Iml,grim-batol,859,warlock,affliction,28,10,18
Локомания,gordunni,859,warlock,affliction,30,9,21
Ностра,gordunni,856,warlock,affliction,12,9,3
Цзинкэ,gordunni,855,warlock,affliction,18,9,9
Pfizer,varimathras,854,warlock,affliction,18,9,9
Gulgash,blackrock,854,warlock,affliction,18,9,9
Sladurana,eredar,854,warlock,affliction,84,40,44
Yourdeaath,ravencrest,854,warlock,affliction,30,9,21
Iyna,blackmoore,853,warlock,affliction,18,9,9
Alithia,sylvanas,851,warlock,affliction,12,9,3
Warlocker,anachronos,844,warlock,affliction,24,10,14
Luckriel,draenor,839,warlock,affliction,18,9,9
Shazem,tarren-mill,830,warlock,affliction,23,9,14
Parley,frostmane,825,warlock,affliction,22,9,13
Savith,defias-brotherhood,821,warlock,affliction,58,25,33
Pøzzi,hyjal,807,warlock,affliction,22,10,12
Pipêz,blackmoore,795,warlock,affliction,28,9,19
Muc,sanguino,793,warlock,affliction,23,9,14
Braneiotqq,kazzak,777,warlock,affliction,26,10,16
Funcky,terokkar,768,warlock,affliction,12,8,4
Zlomozg,laughing-skull,768,warlock,affliction,12,8,4
Zzooxxie,silvermoon,768,warlock,affliction,12,8,4
Noxtarius,thrall,768,warlock,affliction,12,8,4
Sakkrethxd,hyjal,768,warlock,affliction,12,8,4
Buâlock,stormscale,768,warlock,affliction,12,8,4
Tøtøf,sargeras,768,warlock,affliction,12,8,4
Faermorn,kazzak,768,warlock,affliction,12,8,4
Rtsnmt,alakir,768,warlock,affliction,18,8,10
Bytethisx,aggra-português,768,warlock,affliction,18,8,10
Rudikiaz,sanguino,768,warlock,affliction,18,8,10
Кокобан,howling-fjord,768,warlock,affliction,24,8,16
Zefirer,ravencrest,767,warlock,affliction,12,8,4
Heavylock,sylvanas,767,warlock,affliction,12,8,4
Pistone,nemesis,767,warlock,affliction,12,8,4
Kopfschmerz,twisting-nether,767,warlock,affliction,12,8,4
Arelas,dragonblight,767,warlock,affliction,12,8,4
Jinchi,outland,767,warlock,affliction,18,8,10
Avoidsun,kazzak,767,warlock,affliction,18,8,10
Кейкегенкай,gordunni,767,warlock,affliction,18,8,10
Dreggsow,blackmoore,767,warlock,affliction,24,8,16
Bëllatrïx,zuljin,767,warlock,affliction,30,8,22
Azauriel,argent-dawn,766,warlock,affliction,12,8,4
Promethazine,nemesis,764,warlock,affliction,18,8,10
Diåbló,stormscale,764,warlock,affliction,24,8,16
Diablotiin,hyjal,763,warlock,affliction,18,8,10
Tzimice,hyjal,763,warlock,affliction,18,8,10
Matheus,zenedar,763,warlock,affliction,18,8,10
Warlockyone,silvermoon,762,warlock,affliction,12,8,4
Samigina,argent-dawn,762,warlock,affliction,24,8,16
Дрын,gordunni,757,warlock,affliction,12,8,4
Squát,kazzak,750,warlock,affliction,18,8,10
Hunbeliever,ragnaros,746,warlock,affliction,12,8,4
Wiberglock,ravencrest,735,warlock,affliction,14,9,5
Diwi,area-52,720,warlock,affliction,102,35,67
Smaúg,archimonde,713,warlock,affliction,20,9,11
Carelock,chamber-of-aspects,672,warlock,affliction,9,8,1
Langneur,archimonde,672,warlock,affliction,12,7,5
Turdy,sylvanas,672,warlock,affliction,12,7,5
Hazelock,draenor,672,warlock,affliction,12,7,5
Abuzyaka,kazzak,672,warlock,affliction,12,7,5
Yokujîn,twisting-nether,672,warlock,affliction,12,7,5
Мужицкаясила,howling-fjord,672,warlock,affliction,12,7,5
Kimkold,twisting-nether,672,warlock,affliction,12,7,5
Ilikebolts,blackmoore,672,warlock,affliction,12,7,5
Ethanolix,burning-blade,672,warlock,affliction,12,7,5
Soldmygranny,kazzak,672,warlock,affliction,12,7,5
Йоранс,gordunni,672,warlock,affliction,12,7,5
Ryûsuke,dun-modr,672,warlock,affliction,12,7,5
Gnargamehl,nemesis,672,warlock,affliction,12,7,5
Tanón,sanguino,672,warlock,affliction,18,7,11
Morganounete,archimonde,672,warlock,affliction,18,7,11
Venaarus,antonidas,672,warlock,affliction,18,7,11
Mønarch,argent-dawn,672,warlock,affliction,18,7,11
Amdownbad,kazzak,672,warlock,affliction,18,7,11
Desimp,drakthul,672,warlock,affliction,18,7,11
Azalock,ragnaros,671,warlock,affliction,12,7,5
Leahs,antonidas,671,warlock,affliction,12,7,5
Äri,blackmoore,671,warlock,affliction,12,7,5
Lockgamerx,ravencrest,670,warlock,affliction,12,7,5
Proctolock,garona,670,warlock,affliction,12,7,5
Eveline,onyxia,670,warlock,affliction,28,8,20
Алануэйк,deathguard,669,warlock,affliction,12,7,5
Greenlock,la-croisade-écarlate,668,warlock,affliction,12,7,5
Нэйрокризиз,howling-fjord,668,warlock,affliction,12,7,5
Дольпико,howling-fjord,665,warlock,affliction,12,7,5
Seadoorxt,sanguino,661,warlock,affliction,18,7,11
Vinilio,kazzak,660,warlock,affliction,18,7,11
Smoulville,sanguino,655,warlock,affliction,17,7,10
Arlu,blackrock,645,warlock,affliction,18,7,11
Toryon,archimonde,623,warlock,affliction,22,7,15
Bäcck,silvermoon,607,warlock,affliction,17,7,10
Hérrin,teldrassil,576,warlock,affliction,6,6,0
Feardotbye,stormscale,576,warlock,affliction,6,6,0
Teemzen,tarren-mill,576,warlock,affliction,6,6,0
Boonzor,ravencrest,576,warlock,affliction,12,6,6
Enyras,nemesis,576,warlock,affliction,12,6,6
Multibuyer,tarren-mill,576,warlock,affliction,12,6,6
Зензирил,galakrond,576,warlock,affliction,12,6,6
Anderxyo,sanguino,576,warlock,affliction,12,6,6
Çüñ,shattered-hand,576,warlock,affliction,12,6,6
Ogrez,nemesis,576,warlock,affliction,12,6,6
Rune,aegwynn,576,warlock,affliction,12,6,6
Ackorax,kilrogg,576,warlock,affliction,12,6,6
Keybump,outland,576,warlock,affliction,12,6,6
Raevax,ravencrest,576,warlock,affliction,12,6,6
Ongo,frostwolf,576,warlock,affliction,12,6,6
Hasla,stormreaver,576,warlock,affliction,12,6,6
Nicker,antonidas,576,warlock,affliction,12,6,6
Christoph,tichondrius,576,warlock,affliction,12,6,6
Alcringe,kazzak,576,warlock,affliction,12,6,6
Nineinchlock,silvermoon,576,warlock,affliction,12,6,6
Dimmybyrger,stormreaver,576,warlock,affliction,12,6,6
Векста,gordunni,576,warlock,affliction,12,6,6
Skuvee,archimonde,576,warlock,affliction,12,6,6
Snackstickz,twisting-nether,576,warlock,affliction,12,6,6
Тьмазвёздная,gordunni,576,warlock,affliction,12,6,6
Aches,sylvanas,576,warlock,affliction,15,7,8
Solomohn,steamwheedle-cartel,575,warlock,affliction,12,6,6
Demonoulis,bloodhoof,575,warlock,affliction,12,6,6
Guccie,ravencrest,575,warlock,affliction,12,6,6
Tedor,ysondre,575,warlock,affliction,12,6,6
Raggnarlock,ravencrest,575,warlock,affliction,12,6,6
Kozhul,argent-dawn,575,warlock,affliction,12,6,6
Talindra,stormscale,575,warlock,affliction,12,6,6
Брилс,grom,575,warlock,affliction,12,6,6
Scheele,twisting-nether,575,warlock,affliction,18,6,12
Труупыч,gordunni,575,warlock,affliction,18,6,12
Toskanoamani,blackmoore,575,warlock,affliction,18,6,12
Lulokko,nemesis,574,warlock,affliction,18,6,12
Consfearacy,executus,574,warlock,affliction,24,6,18
Mjojo,khaz-modan,573,warlock,affliction,12,6,6
Kiégetlek,ragnaros,573,warlock,affliction,18,6,12
Lökjävel,twisting-nether,572,warlock,affliction,12,6,6
Hexxenschuss,thrall,572,warlock,affliction,36,6,30
Цветника,deathguard,569,warlock,affliction,12,6,6
Saymore,ragnaros,522,warlock,affliction,13,7,6
Jisera,kiljaeden,512,warlock,affliction,10,6,4
Бриант,gordunni,512,warlock,affliction,22,6,16
Скверногрик,fordragon,511,warlock,affliction,10,6,4
Mjuklock,ravencrest,510,warlock,affliction,20,6,14
Jolette,hyjal,508,warlock,affliction,26,6,20
Lolock,archimonde,480,warlock,affliction,6,5,1
Upsahl,twisting-nether,480,warlock,affliction,6,5,1
Нешутисвуду,blackscar,480,warlock,affliction,6,5,1
Kazyn,archimonde,480,warlock,affliction,6,5,1
Uqrlock,twisting-nether,480,warlock,affliction,6,5,1
Sêro,aegwynn,480,warlock,affliction,6,5,1
Khoug,blackmoore,480,warlock,affliction,6,5,1
Ranchiëk,ravencrest,480,warlock,affliction,6,5,1
Drarken,sylvanas,480,warlock,affliction,6,5,1
Dst,ravencrest,480,warlock,affliction,6,5,1
Гивмисоул,soulflayer,480,warlock,affliction,6,5,1
Wäisted,ravencrest,480,warlock,affliction,6,5,1
Wällaar,ragnaros,480,warlock,affliction,12,5,7
Exerji,twisting-nether,480,warlock,affliction,12,5,7
Kwoleriker,norgannon,480,warlock,affliction,12,5,7
Felrazer,silvermoon,480,warlock,affliction,12,5,7
Pumpfake,ravencrest,480,warlock,affliction,12,5,7
Hyøsei,hyjal,480,warlock,affliction,12,5,7
Golhok,archimonde,480,warlock,affliction,12,5,7
Chaøsbølt,archimonde,480,warlock,affliction,12,5,7
Kyiûu,archimonde,480,warlock,affliction,12,5,7
Iatedora,ahnqiraj,480,warlock,affliction,12,5,7
Ethiq,blackrock,480,warlock,affliction,12,5,7
Chaozvx,kazzak,480,warlock,affliction,12,5,7
Negatiiv,outland,480,warlock,affliction,12,5,7
Cyliinia,die-aldor,480,warlock,affliction,12,5,7
Druno,archimonde,480,warlock,affliction,12,5,7
Daubi,ravencrest,480,warlock,affliction,12,5,7
Nybbx,frostmane,480,warlock,affliction,12,5,7
Enzyw,drakthul,480,warlock,affliction,12,5,7
Freshplanga,kazzak,480,warlock,affliction,16,6,10
Moredøts,blackrock,480,warlock,affliction,14,5,9
Zukau,argent-dawn,480,warlock,affliction,16,5,11
Lywov,stormscale,480,warlock,affliction,18,5,13
Muninnus,archimonde,480,warlock,affliction,18,5,13
Affllction,auchindoun,480,warlock,affliction,18,5,13
Wumz,sylvanas,480,warlock,affliction,24,5,19
Necroless,shadowsong,480,warlock,affliction,24,5,19
Lókí,nagrand,479,warlock,affliction,6,5,1
Silås,hyjal,479,warlock,affliction,9,6,3
Jacobí,defias-brotherhood,479,warlock,affliction,12,5,7
Trickyy,azjolnerub,479,warlock,affliction,12,5,7
Demonflickan,silvermoon,479,warlock,affliction,12,5,7
Dreamage,exodar,479,warlock,affliction,12,5,7
Warlockgødx,silvermoon,479,warlock,affliction,16,6,10
Nozzos,zuluhed,479,warlock,affliction,24,5,19
Cedrea,ravencrest,479,warlock,affliction,30,5,25
Ezhjyr,anubarak,478,warlock,affliction,12,5,7
Lewdrumpslap,kazzak,478,warlock,affliction,15,6,9
Üserper,chamber-of-aspects,478,warlock,affliction,30,5,25
Guttate,chamber-of-aspects,476,warlock,affliction,12,5,7
Sallêy,blackhand,463,warlock,affliction,11,5,6
Ketriicken,argent-dawn,447,warlock,affliction,14,6,8
Brryant,colinas-pardas,443,warlock,affliction,10,6,4
Garbrandt,tarren-mill,432,warlock,affliction,9,6,3
Covidbolt,outland,426,warlock,affliction,22,8,14
Rias,ragnaros,426,warlock,affliction,18,6,12
Danidelarge,blackmoore,426,warlock,affliction,21,6,15
Purplehasse,draenor,426,warlock,affliction,22,6,16
Migyardondup,exodar,416,warlock,affliction,14,6,8
Lazyblue,hyjal,415,warlock,affliction,14,5,9
Ariyasuke,drakthul,399,warlock,affliction,7,5,2
Afflicted,trollbane,384,warlock,affliction,6,4,2
Фейкгодх,soulflayer,384,warlock,affliction,6,4,2
Doompianist,ghostlands,384,warlock,affliction,6,4,2
Justlock,tarren-mill,384,warlock,affliction,6,4,2
Staenkymayne,blackhand,384,warlock,affliction,6,4,2
Benafflockk,kirin-tor,384,warlock,affliction,6,4,2
Adotroz,magtheridon,384,warlock,affliction,6,4,2
Патокдрысни,howling-fjord,384,warlock,affliction,6,4,2
Dwoorf,ravencrest,384,warlock,affliction,6,4,2
Dotritos,tarren-mill,384,warlock,affliction,6,4,2
Мглавечная,soulflayer,384,warlock,affliction,6,4,2
Dilox,draenor,384,warlock,affliction,6,4,2
Jujalari,stormscale,384,warlock,affliction,6,4,2
Skräp,twisting-nether,384,warlock,affliction,6,4,2
Discordîân,twisting-nether,384,warlock,affliction,6,4,2
Arizyoxot,twisting-nether,384,warlock,affliction,6,4,2
Watchmecut,terenas,384,warlock,affliction,6,4,2
Искусность,soulflayer,384,warlock,affliction,6,4,2
Wintheirl,argent-dawn,384,warlock,affliction,6,4,2
Вервлоекте,soulflayer,384,warlock,affliction,6,4,2
Turbonion,archimonde,384,warlock,affliction,6,4,2
Thesnakë,ravencrest,384,warlock,affliction,6,4,2
Talriun,kazzak,384,warlock,affliction,6,4,2
Whippet,nemesis,384,warlock,affliction,6,4,2
Wizdoom,outland,384,warlock,affliction,6,4,2
Tekrowdy,blackmoore,384,warlock,affliction,6,4,2
Uselèss,die-arguswacht,384,warlock,affliction,6,4,2
Aljonah,antonidas,384,warlock,affliction,6,4,2
Noemia,defias-brotherhood,384,warlock,affliction,6,4,2
Lopari,aegwynn,384,warlock,affliction,6,4,2
Pablø,silvermoon,384,warlock,affliction,6,4,2
Xoram,kult-der-verdammten,384,warlock,affliction,6,4,2
Hacknator,aegwynn,384,warlock,affliction,6,4,2
Hopéléss,aggra-português,384,warlock,affliction,6,4,2
Ralyz,archimonde,384,warlock,affliction,6,4,2
Zerøskil,blackrock,384,warlock,affliction,6,4,2
Lockimon,silvermoon,384,warlock,affliction,6,4,2
Datty,grim-batol,384,warlock,affliction,6,4,2
Psychoduck,stormscale,384,warlock,affliction,7,4,3
Djhanzó,outland,384,warlock,affliction,7,4,3
Louên,dun-modr,384,warlock,affliction,12,4,8
Coilxo,ravencrest,384,warlock,affliction,12,4,8
Zeddy,draenor,384,warlock,affliction,12,4,8
Сатенекс,soulflayer,384,warlock,affliction,12,4,8
Voidlocklol,magtheridon,384,warlock,affliction,12,4,8
Berkobaggins,ravencrest,384,warlock,affliction,12,4,8
Thepureone,blades-edge,384,warlock,affliction,12,4,8
Zoh,archimonde,384,warlock,affliction,12,4,8
Shazes,blutkessel,384,warlock,affliction,12,4,8
Славеномен,howling-fjord,384,warlock,affliction,12,4,8
Малгат,howling-fjord,384,warlock,affliction,12,4,8
Xyzzy,silvermoon,384,warlock,affliction,12,4,8
Purplemonkey,burning-blade,384,warlock,affliction,12,4,8
Doomkicksin,haomarush,384,warlock,affliction,12,4,8
Pause,ysondre,384,warlock,affliction,12,4,8
Fredé,kazzak,384,warlock,affliction,12,4,8
Eleriya,argent-dawn,384,warlock,affliction,12,4,8
Mortibal,dalvengyr,384,warlock,affliction,12,4,8
Náwwk,blackmoore,384,warlock,affliction,12,4,8
Nokzhul,blackrock,384,warlock,affliction,18,4,14
Roedin,tarren-mill,384,warlock,affliction,18,4,14
Datendariza,kazzak,384,warlock,affliction,18,4,14
Sanas,blackhand,384,warlock,affliction,18,4,14
Whisperswerd,blackrock,383,warlock,affliction,6,4,2
Phéar,deathwing,383,warlock,affliction,6,4,2
Джигуза,howling-fjord,383,warlock,affliction,6,4,2
Elmstreet,gilneas,383,warlock,affliction,6,4,2
Freyjå,confrérie-du-thorium,383,warlock,affliction,19,7,12
Дарунг,greymane,383,warlock,affliction,12,4,8
Divvaa,tarren-mill,383,warlock,affliction,12,4,8
Saltybagel,draenor,383,warlock,affliction,12,4,8
Lünatix,archimonde,383,warlock,affliction,18,4,14
Сварожевич,galakrond,383,warlock,affliction,18,4,14
Аннирина,eversong,382,warlock,affliction,6,4,2
Warrworg,darkmoon-faire,379,warlock,affliction,12,4,8
Yenex,blackhand,367,warlock,affliction,17,4,13
Gonzoqt,tarren-mill,352,warlock,affliction,10,5,5
Dotyboi,tarren-mill,351,warlock,affliction,8,5,3
Disrupted,blackmoore,351,warlock,affliction,11,4,7
Fearu,kazzak,336,warlock,affliction,15,4,11
Imbasimba,sylvanas,335,warlock,affliction,11,4,7
Dráintráin,burning-blade,330,warlock,affliction,19,5,14
Marakh,stormscale,320,warlock,affliction,10,4,6
Shalazar,dun-modr,319,warlock,affliction,8,4,4
Mordonna,blades-edge,304,warlock,affliction,13,4,9
Nainbusdemil,dalaran,304,warlock,affliction,19,4,15
Nøx,quelthalas,297,warlock,affliction,11,6,5
Dóni,chamber-of-aspects,297,warlock,affliction,17,5,12
Lubomirek,turalyon,288,warlock,affliction,8,4,4
Môzoc,frostwolf,288,warlock,affliction,6,3,3
Siyaa,eredar,288,warlock,affliction,6,3,3
Nozx,thrall,288,warlock,affliction,6,3,3
Anthh,doomhammer,288,warlock,affliction,6,3,3
Зуи,blackscar,288,warlock,affliction,6,3,3
Eldrinar,twisting-nether,288,warlock,affliction,6,3,3
Veoxohr,argent-dawn,288,warlock,affliction,6,3,3
Itsakikus,twisting-nether,288,warlock,affliction,6,3,3
Manikalinka,stormscale,288,warlock,affliction,6,3,3
Slavecry,silvermoon,288,warlock,affliction,6,3,3
Nachtreich,thrall,288,warlock,affliction,6,3,3
Catcalling,die-nachtwache,288,warlock,affliction,6,3,3
Kurioula,twisting-nether,288,warlock,affliction,6,3,3
Шрэкс,blackscar,288,warlock,affliction,6,3,3
Moonpoxlock,nerathor,288,warlock,affliction,6,3,3
Azmondan,ahnqiraj,288,warlock,affliction,6,3,3
Shirruun,the-maelstrom,288,warlock,affliction,6,3,3
Buffmeplease,nagrand,288,warlock,affliction,6,3,3
Kariusbaktus,stormscale,288,warlock,affliction,6,3,3
Absúrd,turalyon,288,warlock,affliction,6,3,3
Zagren,antonidas,288,warlock,affliction,6,3,3
Zélroth,argent-dawn,288,warlock,affliction,6,3,3
Akumako,stormscale,288,warlock,affliction,6,3,3
Sazamia,ravencrest,288,warlock,affliction,6,3,3
Ðæthpäct,dalaran,288,warlock,affliction,6,3,3
Демоник,deathguard,288,warlock,affliction,6,3,3
Фримех,soulflayer,288,warlock,affliction,6,3,3
Clonia,nemesis,288,warlock,affliction,6,3,3
Gigabolt,turalyon,288,warlock,affliction,6,3,3
Джастсак,gordunni,288,warlock,affliction,6,3,3
Nayolana,argent-dawn,288,warlock,affliction,6,3,3
Darkgrave,the-maelstrom,288,warlock,affliction,6,3,3
Fîgøk,conseil-des-ombres,288,warlock,affliction,6,3,3
Полтарашкаа,blackscar,288,warlock,affliction,6,3,3
Marenov,kazzak,288,warlock,affliction,6,3,3
Favorizlmp,archimonde,288,warlock,affliction,6,3,3
Kumamoto,tarren-mill,288,warlock,affliction,6,3,3
Velënne,kirin-tor,288,warlock,affliction,6,3,3
Kigro,burning-legion,288,warlock,affliction,6,3,3
Fercon,kazzak,288,warlock,affliction,6,3,3
Dubbzy,outland,288,warlock,affliction,6,3,3
Madridistaß,outland,288,warlock,affliction,6,3,3
Twisted,malganis,288,warlock,affliction,6,3,3
Hepheisto,blackmoore,288,warlock,affliction,6,3,3
Ooze,kazzak,288,warlock,affliction,6,3,3
Rawsauce,outland,288,warlock,affliction,6,3,3
Tigna,outland,288,warlock,affliction,6,3,3
Darksoll,hyjal,288,warlock,affliction,6,3,3
Babayagâ,sanguino,288,warlock,affliction,6,3,3
Mïllâïneeqtx,archimonde,288,warlock,affliction,6,3,3
Midnigthh,sanguino,288,warlock,affliction,6,3,3
Pprwl,tarren-mill,288,warlock,affliction,6,3,3
Conditions,tarren-mill,288,warlock,affliction,6,3,3
Trimar,archimonde,288,warlock,affliction,6,3,3
Databricks,kazzak,288,warlock,affliction,6,3,3
Noqufiel,malygos,288,warlock,affliction,6,3,3
Maintarget,blackrock,288,warlock,affliction,6,3,3
Bandìtten,alakir,288,warlock,affliction,6,3,3
Boltsnhoes,tarren-mill,288,warlock,affliction,6,3,3
Dxfive,tarren-mill,288,warlock,affliction,6,3,3
Imphugger,kazzak,288,warlock,affliction,6,3,3
Vigget,burning-legion,288,warlock,affliction,6,3,3
Retrosatanas,archimonde,288,warlock,affliction,6,3,3
Feyreah,blackmoore,288,warlock,affliction,6,3,3
Slipx,aegwynn,288,warlock,affliction,6,3,3
Bixik,ravencrest,288,warlock,affliction,8,3,5
Lifedriller,drakthul,288,warlock,affliction,10,3,7
Михасяпевпев,gordunni,288,warlock,affliction,12,3,9
Этожедру,howling-fjord,288,warlock,affliction,12,3,9
Zìì,silvermoon,288,warlock,affliction,12,3,9
Tzeeñtch,tarren-mill,288,warlock,affliction,12,3,9
Ymersai,stormscale,288,warlock,affliction,12,3,9
Vorcariel,argent-dawn,288,warlock,affliction,12,3,9
Zdrac,stormscale,288,warlock,affliction,12,3,9
Kotihoitaja,stormreaver,288,warlock,affliction,12,3,9
Hexovíc,blackmoore,288,warlock,affliction,18,3,15
Priszcilla,twisting-nether,287,warlock,affliction,6,3,3
Lifesteal,auchindoun,287,warlock,affliction,6,3,3
Divinehâmmer,hyjal,287,warlock,affliction,6,3,3
Kritcheq,alakir,287,warlock,affliction,6,3,3
Tyranuzz,norgannon,287,warlock,affliction,12,3,9
Killerbeez,burning-blade,287,warlock,affliction,18,3,15
Artèm,ysondre,287,warlock,affliction,18,3,15
Márinho,aggra-português,276,warlock,affliction,16,6,10
Áéé,kazzak,255,warlock,affliction,8,4,4
Dotex,zuljin,234,warlock,affliction,7,4,3
Евнухоидизм,gordunni,234,warlock,affliction,11,4,7
Alarmlock,silvermoon,233,warlock,affliction,6,4,2
Snaga,culte-de-la-rive-noire,233,warlock,affliction,15,5,10
Nimmyjewtron,tarren-mill,224,warlock,affliction,10,3,7
Lockas,ravencrest,222,warlock,affliction,8,3,5
Pøx,nemesis,208,warlock,affliction,13,3,10
Tokarrus,blackmoore,192,warlock,affliction,6,2,4
Shore,ragnaros,192,warlock,affliction,6,2,4
Cruello,ragnaros,192,warlock,affliction,6,2,4
Lacruum,ragnaros,192,warlock,affliction,6,2,4
Cafardcancer,archimonde,192,warlock,affliction,6,2,4
Bigbagelbob,archimonde,192,warlock,affliction,6,2,4
Валак,greymane,192,warlock,affliction,6,2,4
Гумал,howling-fjord,192,warlock,affliction,6,2,4
Скверножмых,gordunni,192,warlock,affliction,6,2,4
Sadisticlól,burning-legion,192,warlock,affliction,6,2,4
Elvània,eredar,192,warlock,affliction,6,2,4
Schlopp,zenedar,192,warlock,affliction,6,2,4
Nuckki,antonidas,192,warlock,affliction,6,2,4
Volomar,darkspear,192,warlock,affliction,6,2,4
Dêmön,arathi,192,warlock,affliction,6,2,4
Мамхаус,howling-fjord,192,warlock,affliction,6,2,4
Ðankan,aegwynn,192,warlock,affliction,6,2,4
Nùdex,ravencrest,192,warlock,affliction,6,2,4
Vellerian,twisting-nether,192,warlock,affliction,6,2,4
Хастла,ashenvale,192,warlock,affliction,6,2,4
Кериген,gordunni,192,warlock,affliction,6,2,4
Marroux,malganis,192,warlock,affliction,6,2,4
Setharon,burning-legion,192,warlock,affliction,6,2,4
Маларгас,soulflayer,192,warlock,affliction,6,2,4
Kastón,dun-modr,192,warlock,affliction,6,2,4
Бирел,soulflayer,192,warlock,affliction,6,2,4
Wycked,azshara,192,warlock,affliction,6,2,4
Vibori,twisting-nether,192,warlock,affliction,6,2,4
Kivilock,dun-modr,192,warlock,affliction,6,2,4
Alxor,archimonde,192,warlock,affliction,6,2,4
Finea,sanguino,192,warlock,affliction,6,2,4
Born,ravencrest,192,warlock,affliction,6,2,4
Армдэд,galakrond,192,warlock,affliction,6,2,4
Portyx,archimonde,192,warlock,affliction,6,2,4
Lakasytos,sanguino,192,warlock,affliction,6,2,4
Healél,sanguino,192,warlock,affliction,6,2,4
Endherkonk,sanguino,192,warlock,affliction,6,2,4
Tørcal,hyjal,192,warlock,affliction,6,2,4
Recko,zuljin,192,warlock,affliction,6,2,4
Жериновсский,gordunni,192,warlock,affliction,6,2,4
Сатаната,deepholm,192,warlock,affliction,6,2,4
Potatowl,ravencrest,192,warlock,affliction,6,2,4
Dslap,grim-batol,192,warlock,affliction,6,2,4
Therelda,sanguino,192,warlock,affliction,6,2,4
Absurdity,twisting-nether,192,warlock,affliction,6,2,4
Paintherapy,blackrock,192,warlock,affliction,6,2,4
Hellcatherin,ghostlands,192,warlock,affliction,6,2,4
Sotapen,ragnaros,192,warlock,affliction,6,2,4
Чернокнжник,soulflayer,192,warlock,affliction,6,2,4
Azerybedge,alexstrasza,192,warlock,affliction,6,2,4
Meisterhexe,taerar,192,warlock,affliction,6,2,4
Тарои,howling-fjord,192,warlock,affliction,6,2,4
Gódríg,sylvanas,192,warlock,affliction,6,2,4
Ruvy,twisting-nether,192,warlock,affliction,6,2,4
Legend,trollbane,192,warlock,affliction,6,2,4
Onlylock,outland,192,warlock,affliction,6,2,4
Mafteryo,blackrock,192,warlock,affliction,6,2,4
Grinchlock,nagrand,192,warlock,affliction,6,2,4
Narstia,archimonde,192,warlock,affliction,6,2,4
Cptdotalot,tarren-mill,192,warlock,affliction,6,2,4
Imatión,sylvanas,192,warlock,affliction,6,2,4
Dotsfired,aegwynn,192,warlock,affliction,6,2,4
Supergeîl,blackrock,192,warlock,affliction,6,2,4
Morcey,sylvanas,192,warlock,affliction,6,2,4
Shreklock,burning-blade,192,warlock,affliction,6,2,4
Soundmagic,silvermoon,192,warlock,affliction,6,2,4
Necrolon,senjin,192,warlock,affliction,6,2,4
Ozax,doomhammer,192,warlock,affliction,6,2,4
Juïcylucy,kazzak,192,warlock,affliction,6,2,4
Hexus,teldrassil,192,warlock,affliction,6,2,4
Twistedfate,norgannon,192,warlock,affliction,6,2,4
Slurvefar,kazzak,192,warlock,affliction,6,2,4
Tattered,draenor,192,warlock,affliction,6,2,4
Désolaté,kazzak,192,warlock,affliction,6,2,4
Myristica,die-todeskrallen,192,warlock,affliction,6,2,4
Lesgrossman,draenor,192,warlock,affliction,6,2,4
Flockyy,draenor,192,warlock,affliction,6,2,4
Wutili,dun-morogh,192,warlock,affliction,6,2,4
Millhaus,gorgonnash,192,warlock,affliction,6,2,4
Malgus,veknilash,192,warlock,affliction,6,2,4
Kortsoet,silvermoon,192,warlock,affliction,6,2,4
Bowhite,silvermoon,192,warlock,affliction,6,2,4
Dréadful,kazzak,192,warlock,affliction,6,2,4
Vhordrai,kazzak,192,warlock,affliction,6,2,4
Pichwise,draenor,192,warlock,affliction,6,2,4
Dedalus,zuluhed,192,warlock,affliction,6,2,4
Zartax,kazzak,192,warlock,affliction,6,2,4
Numidia,tarren-mill,192,warlock,affliction,6,2,4
Norgebrur,draenor,192,warlock,affliction,6,2,4
ßatocko,kazzak,192,warlock,affliction,6,2,4
Razkann,confrérie-du-thorium,192,warlock,affliction,6,2,4
Lockbitch,archimonde,192,warlock,affliction,8,2,6
Adafbhf,tichondrius,192,warlock,affliction,8,2,6
Djadizpunish,stormscale,192,warlock,affliction,12,2,10
Баммес,galakrond,192,warlock,affliction,12,2,10
Dupony,antonidas,192,warlock,affliction,12,2,10
Рыжевласочка,eversong,192,warlock,affliction,12,2,10
Müsli,kiljaeden,192,warlock,affliction,12,2,10
Warlockoloco,blackmoore,192,warlock,affliction,12,2,10
Ribtic,draenor,191,warlock,affliction,6,2,4
Trinxs,blackmoore,191,warlock,affliction,12,2,10
Bildimar,drekthar,190,warlock,affliction,6,4,2
Ryurans,cthun,159,warlock,affliction,5,2,3
Overbuffed,wildhammer,159,warlock,affliction,5,2,3
Kharless,kazzak,159,warlock,affliction,5,2,3
Аоепампгодх,howling-fjord,159,warlock,affliction,11,2,9
Hellsplat,tarren-mill,138,warlock,affliction,8,4,4
Nürgle,stormscale,138,warlock,affliction,8,3,5
Paveru,tarren-mill,128,warlock,affliction,4,2,2
Malariaa,defias-brotherhood,128,warlock,affliction,4,2,2
Hokoreuw,echsenkessel,112,warlock,affliction,7,2,5
Lamagieduzub,ysondre,96,warlock,affliction,3,2,1
Mergon,ravencrest,96,warlock,affliction,3,2,1
Infernó,aerie-peak,96,warlock,affliction,3,2,1
Fearrari,ragnaros,96,warlock,affliction,6,1,5
Händerå,ragnaros,96,warlock,affliction,6,1,5
Veridy,kazzak,96,warlock,affliction,6,1,5
Kalifh,kazzak,96,warlock,affliction,6,1,5
Zozano,draenor,96,warlock,affliction,6,1,5
Branduir,ragnaros,96,warlock,affliction,6,1,5
Belial,minahonda,96,warlock,affliction,6,1,5
Бигсмоук,howling-fjord,96,warlock,affliction,6,1,5
Fêâr,dun-modr,96,warlock,affliction,6,1,5
Mîjagî,blackhand,96,warlock,affliction,6,1,5
Shadeshanox,blackmoore,96,warlock,affliction,6,1,5
Pederlock,defias-brotherhood,96,warlock,affliction,6,1,5
Noahh,kazzak,96,warlock,affliction,6,1,5
Feyras,turalyon,96,warlock,affliction,6,1,5
Kiritsugi,aszune,96,warlock,affliction,6,1,5
Kretuss,silvermoon,96,warlock,affliction,6,1,5
Warlockkey,ravencrest,96,warlock,affliction,6,1,5
Ðemise,antonidas,96,warlock,affliction,6,1,5
Nevergladtra,darksorrow,96,warlock,affliction,6,1,5
Jagerlock,doomhammer,96,warlock,affliction,6,1,5
Чернаяскала,howling-fjord,96,warlock,affliction,6,1,5
Blackwizard,theradras,96,warlock,affliction,6,1,5
Opprimo,blackmoore,96,warlock,affliction,6,1,5
Doturanal,blackmoore,96,warlock,affliction,6,1,5
Lefttorot,garrosh,96,warlock,affliction,6,1,5
Вандаллизмэ,blackscar,96,warlock,affliction,6,1,5
Scud,frostwolf,96,warlock,affliction,6,1,5
Goefaz,blackrock,96,warlock,affliction,6,1,5
Werzel,frostmane,96,warlock,affliction,6,1,5
Ottu,thrall,96,warlock,affliction,6,1,5
Inagony,twisting-nether,96,warlock,affliction,6,1,5
Irwene,argent-dawn,96,warlock,affliction,6,1,5
Gemja,onyxia,96,warlock,affliction,6,1,5
Усубени,greymane,96,warlock,affliction,6,1,5
Hhip,sanguino,96,warlock,affliction,6,1,5
Merelock,eonar,96,warlock,affliction,6,1,5
Fearco,ravencrest,96,warlock,affliction,6,1,5
Zxò,twisting-nether,96,warlock,affliction,8,1,7
Adøume,ysondre,96,warlock,affliction,15,1,14
Guldauni,tarren-mill,96,warlock,affliction,18,1,17
Warlockholms,archimonde,79,warlock,affliction,5,1,4
Poulebar,ysondre,64,warlock,affliction,4,1,3
Natpoesje,azjolnerub,64,warlock,affliction,4,1,3
Dotfearcom,blackrock,48,warlock,affliction,3,1,2
Araqt,thrall,48,warlock,affliction,3,1,2
Nedivh,stormscale,48,warlock,affliction,3,1,2
Petrosk,sanguino,42,warlock,affliction,6,2,4
Yhazel,archimonde,42,warlock,affliction,7,2,5
Omegachad,draenor,31,warlock,affliction,2,1,1
Tepelkwastje,twisting-nether,31,warlock,affliction,8,1,7
Хичхкок,gordunni,16,warlock,affliction,1,1,0
Wodwod,kazzak,2250,warrior,fury,78,59,19
Vitezandro,stormscale,2227,warrior,fury,78,54,24
Dõxqt,kazzak,2215,warrior,fury,116,70,46
Dyingdogs,kazzak,2202,warrior,fury,90,48,42
Dõxlol,kazzak,2181,warrior,fury,84,52,32
Høvdingen,outland,2174,warrior,fury,78,52,26
Schultze,kazzak,2164,warrior,fury,250,125,125
Syltetballe,kazzak,2138,warrior,fury,108,66,42
Gottdustin,lothar,2124,warrior,fury,143,78,65
Eidzo,tarren-mill,2121,warrior,fury,119,73,46
Corvínus,blackrock,2106,warrior,fury,176,95,81
Богвойны,razuvious,2104,warrior,fury,132,77,55
Nodrip,stormscale,2102,warrior,fury,168,101,67
Quanny,die-aldor,2102,warrior,fury,114,67,47
Níghtfúry,ravencrest,2102,warrior,fury,84,43,41
Ðunhammer,blackmoore,2100,warrior,fury,114,67,47
Blîxtgordon,tarren-mill,2099,warrior,fury,72,44,28
Joeférnandes,ragnaros,2091,warrior,fury,138,71,67
Maxwall,twisting-nether,2086,warrior,fury,442,221,221
Gewyon,ragnaros,2080,warrior,fury,111,64,47
Sockerbagarn,zenedar,2077,warrior,fury,208,112,96
Dyingdog,kazzak,2075,warrior,fury,125,63,62
Kwesta,kazzak,2043,warrior,fury,78,48,30
Кавайтити,blackscar,2032,warrior,fury,103,50,53
Elsensør,thrall,2025,warrior,fury,177,90,87
Stephabibi,kazzak,2016,warrior,fury,154,83,71
Hangart,argent-dawn,2012,warrior,fury,131,70,61
Ironbound,silvermoon,2008,warrior,fury,54,34,20
Yaler,alakir,1994,warrior,fury,77,48,29
Vykoz,sylvanas,1994,warrior,fury,78,47,31
Yawalad,stormscale,1989,warrior,fury,90,49,41
Insanedmg,dun-modr,1986,warrior,fury,108,57,51
Dwarfsteel,stormscale,1985,warrior,fury,54,31,23
Sublex,blackrock,1984,warrior,fury,81,46,35
Sporctaco,nemesis,1983,warrior,fury,160,87,73
Apacolata,outland,1977,warrior,fury,66,38,28
Warrez,azuremyst,1976,warrior,fury,191,113,78
Uretirips,archimonde,1976,warrior,fury,198,111,87
Elsensor,sylvanas,1974,warrior,fury,107,49,58
Kenryu,argent-dawn,1969,warrior,fury,78,43,35
Релайк,gordunni,1965,warrior,fury,72,40,32
Мигнт,howling-fjord,1961,warrior,fury,84,42,42
Kragrâu,kazzak,1960,warrior,fury,65,40,25
Орвинг,soulflayer,1940,warrior,fury,81,46,35
Beasterbunny,outland,1936,warrior,fury,163,95,68
Thezug,blackmoore,1935,warrior,fury,96,48,48
Wruxar,bronzebeard,1933,warrior,fury,66,34,32
Shinychan,silvermoon,1913,warrior,fury,48,30,18
Cesr,bloodhoof,1908,warrior,fury,156,88,68
Picciocino,nemesis,1904,warrior,fury,155,83,72
Faraam,sunstrider,1902,warrior,fury,63,31,32
Трэйдар,blackscar,1895,warrior,fury,54,31,23
Schlauberg,azshara,1893,warrior,fury,126,70,56
Zidbi,argent-dawn,1893,warrior,fury,193,104,89
Pflanzling,nozdormu,1892,warrior,fury,178,89,89
Risara,outland,1888,warrior,fury,73,47,26
Dreasus,ragnaros,1888,warrior,fury,84,46,38
Kiha,argent-dawn,1887,warrior,fury,60,35,25
Tanja,bronzebeard,1885,warrior,fury,60,35,25
Palmexwar,drakthul,1885,warrior,fury,66,36,30
Gregorez,silvermoon,1883,warrior,fury,120,64,56
Sonnylolxd,dun-modr,1882,warrior,fury,66,34,32
Dronikos,ravencrest,1878,warrior,fury,60,39,21
Варплеер,gordunni,1875,warrior,fury,76,39,37
Дахирарг,fordragon,1874,warrior,fury,114,58,56
Mitu,sanguino,1871,warrior,fury,87,51,36
Plackø,draenor,1871,warrior,fury,227,120,107
Tooski,sylvanas,1869,warrior,fury,119,64,55
Çon,ravencrest,1864,warrior,fury,150,85,65
Émalkay,tarren-mill,1863,warrior,fury,48,26,22
Bloodhorn,blackhand,1857,warrior,fury,54,36,18
Nitojutsu,blackrock,1856,warrior,fury,54,30,24
Kronmw,dun-modr,1855,warrior,fury,36,22,14
Morganãrogán,ragnaros,1850,warrior,fury,42,23,19
Pòóòóòóòópz,dun-modr,1849,warrior,fury,47,28,19
Boos,burning-legion,1849,warrior,fury,54,32,22
Stansmash,kazzak,1849,warrior,fury,48,28,20
Jésusiskíng,amanthul,1848,warrior,fury,73,41,32
Jeco,tarren-mill,1846,warrior,fury,72,42,30
Ørìgíñälgøðx,archimonde,1845,warrior,fury,54,32,22
Ranyl,blackmoore,1844,warrior,fury,65,31,34
Jaý,draenor,1843,warrior,fury,62,37,25
Shhimbanned,doomhammer,1843,warrior,fury,72,42,30
Анжинерх,gordunni,1842,warrior,fury,90,51,39
Oneoneseven,archimonde,1841,warrior,fury,78,49,29
Gatts,krasus,1841,warrior,fury,150,85,65
Budgetassa,stormscale,1839,warrior,fury,48,27,21
Ibunnyone,blackrock,1839,warrior,fury,80,39,41
Sublex,aegwynn,1838,warrior,fury,60,36,24
Rocketx,blackrock,1837,warrior,fury,61,33,28
Strife,ravencrest,1836,warrior,fury,47,31,16
Lair,zuljin,1835,warrior,fury,106,67,39
Sonnyzz,sanguino,1835,warrior,fury,89,48,41
Elian,ragnaros,1835,warrior,fury,72,36,36
Wøðhërõhâhåh,kazzak,1834,warrior,fury,39,22,17
Méido,argent-dawn,1833,warrior,fury,325,172,153
Løktær,blackmoore,1833,warrior,fury,96,48,48
Frozenliøn,twisting-nether,1831,warrior,fury,77,46,31
Thundersword,sylvanas,1830,warrior,fury,116,65,51
Caméltoe,frostwolf,1829,warrior,fury,123,73,50
Grimlok,sylvanas,1828,warrior,fury,41,24,17
Anakhas,archimonde,1828,warrior,fury,60,30,30
Durif,argent-dawn,1827,warrior,fury,48,35,13
Imolderthenu,blackrock,1825,warrior,fury,166,91,75
Рэйлет,gordunni,1825,warrior,fury,60,32,28
Xark,drakthul,1824,warrior,fury,90,49,41
Deatheart,ysondre,1824,warrior,fury,76,41,35
Gladius,blutkessel,1819,warrior,fury,156,80,76
Протектор,soulflayer,1818,warrior,fury,196,102,94
Тиран,howling-fjord,1817,warrior,fury,48,27,21
Käïzën,dun-modr,1815,warrior,fury,35,23,12
Pivcuga,kazzak,1815,warrior,fury,64,38,26
Gigatscheb,eredar,1815,warrior,fury,149,82,67
Adian,ravencrest,1813,warrior,fury,42,26,16
Badon,burning-legion,1812,warrior,fury,60,39,21
Suduri,drakthul,1812,warrior,fury,42,26,16
Zednos,twilights-hammer,1812,warrior,fury,184,102,82
Yserá,auchindoun,1812,warrior,fury,70,32,38
Ymaa,argent-dawn,1811,warrior,fury,30,19,11
Emune,blackhand,1811,warrior,fury,63,38,25
Xzwarr,silvermoon,1810,warrior,fury,38,21,17
Lilshockwave,argent-dawn,1809,warrior,fury,60,42,18
Hawkman,outland,1809,warrior,fury,41,25,16
Cuzyxtwo,blackrock,1809,warrior,fury,60,35,25
Irontouch,draenor,1809,warrior,fury,117,66,51
Clellin,silvermoon,1807,warrior,fury,139,80,59
Leelazero,argent-dawn,1807,warrior,fury,78,44,34
Zyalen,stormscale,1807,warrior,fury,84,42,42
Späns,ragnaros,1807,warrior,fury,71,34,37
Rhynot,argent-dawn,1806,warrior,fury,60,41,19
Kizzyo,draenor,1804,warrior,fury,96,51,45
Oogaboogadps,silvermoon,1803,warrior,fury,249,134,115
Osha,hyjal,1803,warrior,fury,389,201,188
Ampw,ravencrest,1802,warrior,fury,78,48,30
Solaje,dun-modr,1802,warrior,fury,54,33,21
Nóvamh,draenor,1802,warrior,fury,42,24,18
Heartmemphis,stormscale,1801,warrior,fury,41,24,17
Dreams,auchindoun,1801,warrior,fury,48,28,20
Violentfunky,ravencrest,1801,warrior,fury,108,56,52
Discoklaus,blackmoore,1801,warrior,fury,415,214,201
Arthoc,sanguino,1799,warrior,fury,111,61,50
Timewarrior,ravencrest,1799,warrior,fury,84,43,41
Дестингл,gordunni,1797,warrior,fury,45,27,18
Warrzor,auchindoun,1797,warrior,fury,54,27,27
Propanex,kazzak,1795,warrior,fury,77,47,30
Vulcán,aerie-peak,1792,warrior,fury,59,32,27
Grulbash,stormscale,1792,warrior,fury,42,22,20
Picklejuicer,argent-dawn,1791,warrior,fury,48,25,23
Basiletha,hyjal,1788,warrior,fury,41,20,21
Боссберс,soulflayer,1782,warrior,fury,132,76,56
Morbaac,archimonde,1775,warrior,fury,68,40,28
Zadirich,burning-blade,1774,warrior,fury,72,38,34
Tóffèl,thrall,1773,warrior,fury,48,32,16
Rïmxøxø,haomarush,1773,warrior,fury,48,32,16
Ryonâgai,aegwynn,1773,warrior,fury,54,30,24
Luxurious,argent-dawn,1770,warrior,fury,78,43,35
Capitalista,das-konsortium,1769,warrior,fury,119,64,55
Gozgu,stormscale,1767,warrior,fury,38,24,14
Gôrilla,kazzak,1764,warrior,fury,44,25,19
Xåb,dun-morogh,1762,warrior,fury,104,52,52
Geez,burning-blade,1761,warrior,fury,54,28,26
Nobodyx,tarren-mill,1757,warrior,fury,144,86,58
Злопиканка,gordunni,1754,warrior,fury,87,45,42
Грамол,soulflayer,1752,warrior,fury,120,64,56
Letiis,blackrock,1752,warrior,fury,153,79,74
Drittsekken,sylvanas,1750,warrior,fury,30,19,11
Robycoleman,nemesis,1749,warrior,fury,397,201,196
Sumis,stormreaver,1749,warrior,fury,54,20,34
Bráïnléss,silvermoon,1747,warrior,fury,98,58,40
Rãzmø,hyjal,1746,warrior,fury,96,51,45
Кофесмолоком,ashenvale,1746,warrior,fury,48,24,24
Svënja,ysondre,1745,warrior,fury,120,68,52
Kibb,sylvanas,1737,warrior,fury,68,43,25
Alcathras,doomhammer,1736,warrior,fury,93,52,41
Tidarius,twisting-nether,1735,warrior,fury,54,27,27
Helleon,twisting-nether,1734,warrior,fury,48,26,22
Джакир,howling-fjord,1733,warrior,fury,54,29,25
Pizdatos,ravencrest,1732,warrior,fury,90,51,39
Kocmochka,tarren-mill,1731,warrior,fury,87,47,40
Goorila,kazzak,1731,warrior,fury,90,46,44
Nerfrend,stormscale,1731,warrior,fury,48,22,26
Pouckette,hyjal,1730,warrior,fury,108,58,50
Eddíemòrphin,kazzak,1728,warrior,fury,58,34,24
Köftemecx,blackrock,1728,warrior,fury,199,115,84
Хенгард,gordunni,1728,warrior,fury,78,44,34
Ёнморт,gordunni,1728,warrior,fury,48,27,21
Oldcockball,argent-dawn,1728,warrior,fury,114,64,50
Luigistar,naxxramas,1727,warrior,fury,178,90,88
Spartaz,eredar,1726,warrior,fury,41,23,18
Juna,hellscream,1726,warrior,fury,91,47,44
Inconcussae,drakthul,1725,warrior,fury,48,34,14
Даймонддогс,gordunni,1725,warrior,fury,64,36,28
Фктп,blackscar,1725,warrior,fury,48,26,22
Raïgã,hyjal,1725,warrior,fury,77,36,41
Ciuez,tarren-mill,1718,warrior,fury,42,26,16
Emcix,aszune,1718,warrior,fury,72,38,34
Варынеопэ,gordunni,1717,warrior,fury,65,35,30
Crîxús,silvermoon,1716,warrior,fury,30,19,11
Manaskhan,tarren-mill,1716,warrior,fury,53,27,26
Ironmásk,tarren-mill,1716,warrior,fury,42,21,21
Castlevania,ravencrest,1716,warrior,fury,79,38,41
Yousainsbolt,blackrock,1715,warrior,fury,86,49,37
Bufdefstance,kazzak,1714,warrior,fury,50,26,24
Silq,zuljin,1713,warrior,fury,36,18,18
Dödgrävarn,stormscale,1711,warrior,fury,136,75,61
Дралк,gordunni,1708,warrior,fury,124,66,58
Dreadoran,voljin,1708,warrior,fury,54,28,26
Alpairx,aegwynn,1707,warrior,fury,77,33,44
Wismerx,kazzak,1706,warrior,fury,30,19,11
Voffsen,tarren-mill,1706,warrior,fury,155,85,70
Atrôcithy,silvermoon,1705,warrior,fury,40,27,13
Taurenboii,ravencrest,1705,warrior,fury,31,19,12
Kûno,stormscale,1705,warrior,fury,60,33,27
Níká,bronzebeard,1705,warrior,fury,115,63,52
Soakmybeet,archimonde,1705,warrior,fury,82,42,40
Wgdx,ravencrest,1701,warrior,fury,92,46,46
Dangeruos,ragnaros,1700,warrior,fury,42,24,18
Дарккардинал,deathguard,1700,warrior,fury,82,41,41
Balltas,drakthul,1698,warrior,fury,84,42,42
Bigbugatti,draenor,1698,warrior,fury,71,32,39
Harbee,stormscale,1696,warrior,fury,200,113,87
Raynhorn,silvermoon,1695,warrior,fury,54,30,24
Гринфинч,galakrond,1695,warrior,fury,179,94,85
Toptier,drakthul,1694,warrior,fury,71,41,30
Нерморрог,howling-fjord,1693,warrior,fury,30,22,8
Honzakesl,drakthul,1693,warrior,fury,87,48,39
Crandalius,kazzak,1693,warrior,fury,64,30,34
Margon,aegwynn,1692,warrior,fury,48,29,19
Madaxe,kazzak,1691,warrior,fury,58,34,24
Вимор,soulflayer,1691,warrior,fury,48,27,21
Biturboo,blackrock,1690,warrior,fury,120,57,63
Футжисубо,razuvious,1689,warrior,fury,174,86,88
Blázedblack,twisting-nether,1688,warrior,fury,60,41,19
Hanìbal,ravencrest,1688,warrior,fury,207,107,100
Ifir,hyjal,1688,warrior,fury,88,44,44
Âshnâzgðûr,burning-blade,1688,warrior,fury,123,57,66
Ragnaraya,chamber-of-aspects,1688,warrior,fury,108,50,58
Aramý,argent-dawn,1684,warrior,fury,29,21,8
Djpuggerino,outland,1684,warrior,fury,60,35,25
Владикчардж,gordunni,1682,warrior,fury,131,72,59
Дейдулус,soulflayer,1682,warrior,fury,42,23,19
Котаче,soulflayer,1682,warrior,fury,148,76,72
Duarel,blackmoore,1681,warrior,fury,29,20,9
Uwansum,bronzebeard,1681,warrior,fury,188,104,84
Хуфхорнс,soulflayer,1681,warrior,fury,93,46,47
Vesnãpusic,draenor,1680,warrior,fury,63,39,24
Эйримор,gordunni,1679,warrior,fury,161,83,78
Мамкингерой,howling-fjord,1678,warrior,fury,60,36,24
Galenthor,ravencrest,1678,warrior,fury,42,24,18
Байсал,gordunni,1677,warrior,fury,127,68,59
Xzurgster,twisting-nether,1676,warrior,fury,100,48,52
Абабоба,gordunni,1675,warrior,fury,42,24,18
Чиллх,gordunni,1675,warrior,fury,146,83,63
Averenx,frostwolf,1675,warrior,fury,117,61,56
Даркслеерх,howling-fjord,1674,warrior,fury,36,18,18
Antismoke,silvermoon,1673,warrior,fury,111,63,48
Imorphius,silvermoon,1673,warrior,fury,124,67,57
Tåÿ,stormscale,1672,warrior,fury,36,22,14
Lyrv,ravencrest,1668,warrior,fury,42,24,18
Decapitatëd,outland,1668,warrior,fury,36,19,17
Ананаслорд,blackscar,1667,warrior,fury,42,28,14
Суицидгодх,howling-fjord,1667,warrior,fury,60,29,31
Walexmaryk,ragnaros,1666,warrior,fury,161,87,74
Telrion,silvermoon,1666,warrior,fury,48,24,24
Даювзадницу,soulflayer,1665,warrior,fury,36,22,14
Summerkarma,wildhammer,1665,warrior,fury,125,69,56
Aleextrasza,silvermoon,1664,warrior,fury,43,24,19
Xeraaya,kirin-tor,1664,warrior,fury,108,51,57
Berré,ragnaros,1663,warrior,fury,78,43,35
Bözzy,stormreaver,1662,warrior,fury,313,163,150
Agrias,burning-legion,1662,warrior,fury,160,83,77
Берззлой,gordunni,1661,warrior,fury,52,30,22
Yodabär,blackmoore,1661,warrior,fury,126,64,62
Daymio,twisting-nether,1660,warrior,fury,35,19,16
Suichôken,archimonde,1660,warrior,fury,54,28,26
Fullztrap,hyjal,1657,warrior,fury,24,19,5
Jengaa,draenor,1657,warrior,fury,30,21,9
Bleaja,tarren-mill,1657,warrior,fury,36,25,11
Alexdgreat,tarren-mill,1657,warrior,fury,44,28,16
Едигейй,gordunni,1656,warrior,fury,142,79,63
Slaycon,sanguino,1656,warrior,fury,87,37,50
Koljach,sylvanas,1655,warrior,fury,186,97,89
Рыгатрон,galakrond,1655,warrior,fury,60,28,32
Jetman,ravencrest,1654,warrior,fury,64,32,32
Deadyet,mugthol,1653,warrior,fury,30,19,11
Broley,blackhand,1652,warrior,fury,118,65,53
Роудс,soulflayer,1652,warrior,fury,42,22,20
Noproblem,ragnaros,1650,warrior,fury,65,34,31
Dontrundie,kazzak,1649,warrior,fury,36,21,15
Borndet,eredar,1646,warrior,fury,105,59,46
Andzone,alakir,1646,warrior,fury,49,23,26
Zerberos,drakthul,1645,warrior,fury,131,69,62
Poggsaron,kazzak,1645,warrior,fury,141,71,70
Phalekxox,twisting-nether,1644,warrior,fury,39,22,17
Agnetta,burning-legion,1644,warrior,fury,42,21,21
Jeepzinc,blackmoore,1643,warrior,fury,54,29,25
Raoh,archimonde,1642,warrior,fury,54,38,16
Monnee,silvermoon,1642,warrior,fury,54,35,19
Wøokz,argent-dawn,1642,warrior,fury,237,122,115
Lepetitwar,hyjal,1641,warrior,fury,124,63,61
Тьмасвятая,gordunni,1641,warrior,fury,114,48,66
Usz,thunderhorn,1639,warrior,fury,114,74,40
Oravedenes,draenor,1638,warrior,fury,264,148,116
Unstopablle,twisting-nether,1638,warrior,fury,120,64,56
Темнозорь,ashenvale,1638,warrior,fury,61,31,30
Tweegles,argent-dawn,1637,warrior,fury,155,83,72
Ranmaru,kazzak,1637,warrior,fury,121,57,64
Большеярости,blackscar,1636,warrior,fury,35,19,16
Tweran,drakthul,1636,warrior,fury,47,23,24
Элинглир,gordunni,1635,warrior,fury,99,52,47
Bastquirage,dalaran,1633,warrior,fury,42,24,18
Stronkmon,silvermoon,1632,warrior,fury,48,26,22
Ðènlos,destromath,1632,warrior,fury,138,71,67
Кладбошаа,gordunni,1632,warrior,fury,133,66,67
Megabrux,colinas-pardas,1631,warrior,fury,36,18,18
Susugar,ysondre,1631,warrior,fury,84,41,43
Лимпс,gordunni,1630,warrior,fury,24,17,7
Sanngridr,defias-brotherhood,1629,warrior,fury,66,32,34
Nímera,nemesis,1628,warrior,fury,29,18,11
Peli,burning-blade,1628,warrior,fury,228,114,114
Zerenaty,antonidas,1627,warrior,fury,36,20,16
Vágópityu,ragnaros,1627,warrior,fury,48,24,24
Megalann,silvermoon,1627,warrior,fury,84,41,43
Liper,silvermoon,1626,warrior,fury,60,27,33
Göttännadåva,stormscale,1625,warrior,fury,72,41,31
Gantór,blackrock,1625,warrior,fury,84,40,44
Bønecleaver,blackrock,1624,warrior,fury,129,68,61
Skylexs,burning-legion,1624,warrior,fury,48,22,26
Mulfwarrior,darksorrow,1623,warrior,fury,39,24,15
Очепенец,soulflayer,1623,warrior,fury,171,87,84
Mybigcow,darkspear,1623,warrior,fury,64,30,34
Swofty,arygos,1622,warrior,fury,24,17,7
Тактоядобрый,ashenvale,1622,warrior,fury,53,24,29
Металлие,howling-fjord,1621,warrior,fury,48,21,27
Kazzim,blackmoore,1620,warrior,fury,44,29,15
Æç,argent-dawn,1620,warrior,fury,54,30,24
Alkuwaity,outland,1620,warrior,fury,60,33,27
Børomir,silvermoon,1619,warrior,fury,69,40,29
Savarøx,blackmoore,1618,warrior,fury,42,26,16
Radamantys,drakthul,1618,warrior,fury,87,47,40
Flexbot,blackmoore,1617,warrior,fury,38,23,15
Galous,burning-blade,1617,warrior,fury,42,24,18
Aler,alakir,1617,warrior,fury,30,17,13
Shilix,twisting-nether,1616,warrior,fury,30,20,10
Goomby,argent-dawn,1616,warrior,fury,72,36,36
Discølove,frostwolf,1615,warrior,fury,35,19,16
Баджераа,soulflayer,1614,warrior,fury,58,33,25
Vegilhenvin,stormscale,1613,warrior,fury,147,80,67
Shará,eredar,1612,warrior,fury,101,58,43
Êssâ,stormscale,1612,warrior,fury,30,17,13
Eekz,haomarush,1611,warrior,fury,62,36,26
Brbtoilet,kazzak,1611,warrior,fury,42,23,19
Hardlokers,silvermoon,1610,warrior,fury,36,22,14
Dracømort,dalaran,1610,warrior,fury,42,24,18
Monbun,silvermoon,1610,warrior,fury,43,24,19
Flippingout,stormscale,1610,warrior,fury,155,76,79
Féélmyfury,tarren-mill,1609,warrior,fury,29,20,9
Søil,tarren-mill,1609,warrior,fury,36,22,14
Indicaflower,ahnqiraj,1609,warrior,fury,143,75,68
Zbra,draenor,1609,warrior,fury,119,60,59
Шлифую,howling-fjord,1609,warrior,fury,72,35,37
Celn,silvermoon,1608,warrior,fury,145,80,65
Неуно,howling-fjord,1607,warrior,fury,66,41,25
Хёда,eversong,1607,warrior,fury,60,32,28
Wabisabì,silvermoon,1607,warrior,fury,63,33,30
Вадло,soulflayer,1607,warrior,fury,96,47,49
Груббоб,booty-bay,1606,warrior,fury,114,61,53
Джоулирэдблу,howling-fjord,1606,warrior,fury,42,22,20
Notvisionary,ravencrest,1606,warrior,fury,36,17,19
Linzao,archimonde,1605,warrior,fury,36,20,16
Cyruk,blackmoore,1604,warrior,fury,108,56,52
Fraq,tarren-mill,1603,warrior,fury,30,17,13
Tah,hyjal,1603,warrior,fury,36,20,16
Bananapower,aszune,1603,warrior,fury,66,33,33
Бубаигавар,gordunni,1603,warrior,fury,48,22,26
Xalont,doomhammer,1602,warrior,fury,66,37,29
Sagethi,blackrock,1602,warrior,fury,42,20,22
Легендор,howling-fjord,1601,warrior,fury,24,17,7
Esrinx,the-maelstrom,1601,warrior,fury,24,17,7
Narukeratnik,draenor,1601,warrior,fury,78,45,33
Гронвер,soulflayer,1601,warrior,fury,134,75,59
Kalakalle,twisting-nether,1601,warrior,fury,48,18,30
Bourbimrgllr,hyjal,1600,warrior,fury,45,25,20
Zhenshii,blackmoore,1600,warrior,fury,83,44,39
Vjs,blackhand,1600,warrior,fury,48,24,24
Stérkkû,stormscale,1600,warrior,fury,300,149,151
Ebonheart,argent-dawn,1599,warrior,fury,59,32,27
Арристокррат,soulflayer,1595,warrior,fury,66,38,28
Roxxyy,stormreaver,1595,warrior,fury,71,39,32
Abnôrmus,tarren-mill,1594,warrior,fury,114,53,61
Cazaril,kazzak,1593,warrior,fury,42,20,22
Lífelover,tarren-mill,1593,warrior,fury,66,30,36
Iagô,argent-dawn,1592,warrior,fury,163,84,79
Methodxd,outland,1592,warrior,fury,78,38,40
Zionto,draenor,1592,warrior,fury,122,53,69
Kwedrowar,burning-legion,1591,warrior,fury,185,94,91
Mävïs,ravencrest,1590,warrior,fury,30,21,9
Xiny,blackrock,1590,warrior,fury,73,43,30
Senshin,sanguino,1590,warrior,fury,98,50,48
Izurritea,tarren-mill,1589,warrior,fury,42,22,20
Нордгаар,howling-fjord,1587,warrior,fury,48,31,17
Azazelslayer,dethecus,1587,warrior,fury,77,47,30
Gromex,stormscale,1587,warrior,fury,75,31,44
Cortix,blackmoore,1585,warrior,fury,69,41,28
Фомори,howling-fjord,1585,warrior,fury,30,17,13
Nozuki,archimonde,1580,warrior,fury,231,122,109
Bursch,ravencrest,1580,warrior,fury,42,21,21
Arthagore,archimonde,1579,warrior,fury,48,23,25
Discordîan,twisting-nether,1578,warrior,fury,42,26,16
Wornag,argent-dawn,1578,warrior,fury,83,40,43
Orwarrio,thrall,1577,warrior,fury,42,20,22
Sköldpaddor,tarren-mill,1576,warrior,fury,58,30,28
Roxxón,teldrassil,1576,warrior,fury,53,27,26
Bloodmyst,kazzak,1575,warrior,fury,92,53,39
Dizzyndumb,draenor,1575,warrior,fury,165,93,72
Griffar,malorne,1574,warrior,fury,76,39,37
Ryghar,silvermoon,1574,warrior,fury,66,31,35
Явараа,howling-fjord,1573,warrior,fury,78,43,35
Tbones,kazzak,1572,warrior,fury,88,38,50
Hleljuskoos,hyjal,1571,warrior,fury,24,17,7
Velgrim,ravencrest,1571,warrior,fury,44,25,19
Nitheriá,draenor,1571,warrior,fury,36,20,16
Asmoche,archimonde,1571,warrior,fury,72,35,37
Titza,silvermoon,1571,warrior,fury,86,37,49
Horovoko,kazzak,1570,warrior,fury,40,26,14
Halfbroken,moonglade,1570,warrior,fury,90,42,48
Valkyvia,sylvanas,1569,warrior,fury,30,17,13
Скехит,blackscar,1569,warrior,fury,113,60,53
Miko,ysondre,1569,warrior,fury,66,31,35
Mörkölä,ravencrest,1568,warrior,fury,36,19,17
Justsquat,twisting-nether,1566,warrior,fury,49,32,17
Vatolocoese,dun-morogh,1566,warrior,fury,36,20,16
Иктиннос,gordunni,1565,warrior,fury,57,21,36
Garlogar,twisting-nether,1564,warrior,fury,138,75,63
Касюлин,gordunni,1562,warrior,fury,53,31,22
Вменяемый,gordunni,1562,warrior,fury,112,57,55
Faithless,azshara,1562,warrior,fury,66,32,34
Råzor,blackhand,1560,warrior,fury,233,122,111
Читора,blackscar,1560,warrior,fury,107,51,56
Áwe,draenor,1559,warrior,fury,44,27,17
Jinrok,turalyon,1559,warrior,fury,141,78,63
Vÿnk,ysondre,1559,warrior,fury,187,95,92
Dasdabane,twisting-nether,1558,warrior,fury,100,55,45
Uwuwarrior,alleria,1558,warrior,fury,123,65,58
Bobshaggins,stormscale,1557,warrior,fury,36,17,19
Alexandrrior,rexxar,1556,warrior,fury,87,50,37
Тралмош,razuvious,1556,warrior,fury,87,49,38
Hynish,doomhammer,1555,warrior,fury,88,46,42
Cocojumbo,azuremyst,1554,warrior,fury,108,59,49
Divyx,tarren-mill,1554,warrior,fury,101,55,46
Waralert,kazzak,1553,warrior,fury,36,19,17
Takagødx,archimonde,1553,warrior,fury,36,19,17
Латахо,gordunni,1553,warrior,fury,71,35,36
Вундеркитти,soulflayer,1552,warrior,fury,110,55,55
Halalmeat,minahonda,1549,warrior,fury,65,30,35
Rofos,hellscream,1548,warrior,fury,103,52,51
Sodium,pozzo-delleternità,1548,warrior,fury,42,20,22
Broxshar,shendralar,1546,warrior,fury,30,17,13
Разплюхан,gordunni,1546,warrior,fury,66,33,33
Zwareboy,frostmane,1546,warrior,fury,48,20,28
Варрвик,howling-fjord,1545,warrior,fury,97,50,47
Mikogød,ravencrest,1541,warrior,fury,87,48,39
Dævedoff,sanguino,1541,warrior,fury,111,58,53
Littlebugger,ravencrest,1541,warrior,fury,48,20,28
Dárkhammer,tarren-mill,1539,warrior,fury,52,29,23
Enzja,nazjatar,1538,warrior,fury,55,31,24
Bäiley,drakthul,1538,warrior,fury,78,31,47
Rowr,argent-dawn,1537,warrior,fury,48,28,20
Blaktarr,dunemaul,1536,warrior,fury,69,39,30
Myrîna,zuluhed,1536,warrior,fury,66,36,30
Bravestarrz,ungoro,1536,warrior,fury,128,66,62
Gabbz,aggra-português,1535,warrior,fury,45,21,24
Каосвар,howling-fjord,1534,warrior,fury,18,16,2
Rum,talnivarr,1534,warrior,fury,66,38,28
Илийя,razuvious,1533,warrior,fury,59,25,34
Белославный,gordunni,1532,warrior,fury,55,38,17
ßbç,ysondre,1532,warrior,fury,84,41,43
Thorken,ragnaros,1532,warrior,fury,65,31,34
Gronos,silvermoon,1531,warrior,fury,110,57,53
Swayzze,frostwolf,1529,warrior,fury,78,38,40
Bobitybob,ravencrest,1528,warrior,fury,81,47,34
Веоленс,gordunni,1527,warrior,fury,22,17,5
Woghard,drakthul,1526,warrior,fury,54,27,27
Reider,twisting-nether,1524,warrior,fury,82,41,41
Bartins,magtheridon,1523,warrior,fury,72,41,31
Тегриско,goldrinn,1523,warrior,fury,102,49,53
Slamborghini,twisting-nether,1522,warrior,fury,24,16,8
Mezen,stormscale,1521,warrior,fury,81,44,37
Hemèra,hyjal,1521,warrior,fury,103,53,50
Baoni,hyjal,1521,warrior,fury,40,19,21
Prixor,grim-batol,1521,warrior,fury,36,16,20
Jeronimoe,blackmoore,1520,warrior,fury,41,24,17
Wowbert,frostwolf,1520,warrior,fury,54,30,24
Mirpz,doomhammer,1519,warrior,fury,47,24,23
Grâkul,twisting-nether,1519,warrior,fury,322,164,158
Bigbibbs,tarren-mill,1518,warrior,fury,116,56,60
Killhound,argent-dawn,1518,warrior,fury,36,17,19
Hejduk,frostmane,1517,warrior,fury,51,31,20
Qiz,silvermoon,1517,warrior,fury,60,34,26
Мундэфэндэр,lich-king,1517,warrior,fury,70,30,40
Krigarjag,kazzak,1514,warrior,fury,71,46,25
Лаинвуд,soulflayer,1514,warrior,fury,69,37,32
Криккс,greymane,1514,warrior,fury,86,40,46
Zwecko,malganis,1513,warrior,fury,30,16,14
Raicho,dentarg,1513,warrior,fury,36,18,18
Сариату,soulflayer,1513,warrior,fury,102,47,55
Youups,twisting-nether,1511,warrior,fury,51,26,25
Karentneuf,khaz-modan,1510,warrior,fury,41,25,16
Pokopo,blackrock,1510,warrior,fury,42,23,19
Fattysw,argent-dawn,1510,warrior,fury,51,26,25
Jorund,archimonde,1510,warrior,fury,60,30,30
Thagzar,burning-legion,1510,warrior,fury,211,105,106
Fúri,turalyon,1509,warrior,fury,18,16,2
Wärlør,ravencrest,1509,warrior,fury,78,49,29
Andjuu,doomhammer,1509,warrior,fury,73,32,41
Skullsmasher,stormscale,1508,warrior,fury,24,16,8
Втораянатура,howling-fjord,1508,warrior,fury,36,22,14
Ragepath,ragnaros,1507,warrior,fury,36,16,20
Нириэла,howling-fjord,1506,warrior,fury,114,60,54
Warthur,silvermoon,1505,warrior,fury,60,32,28
Tyrâdus,kiljaeden,1504,warrior,fury,66,39,27
Truckfury,ravencrest,1504,warrior,fury,88,46,42
Roidspam,outland,1504,warrior,fury,76,32,44
Gromaak,draenor,1503,warrior,fury,66,32,34
Мурмадонио,soulflayer,1503,warrior,fury,78,35,43
Gachiwarri,blackhand,1502,warrior,fury,36,18,18
Zupkaztrópka,burning-legion,1502,warrior,fury,109,54,55
Baldemort,antonidas,1501,warrior,fury,182,95,87
Jarggyül,culte-de-la-rive-noire,1500,warrior,fury,36,21,15
Schuy,silvermoon,1500,warrior,fury,102,58,44
Crriminal,ravencrest,1498,warrior,fury,24,16,8
Sebastian,ravencrest,1498,warrior,fury,60,29,31
Thorazin,deathwing,1497,warrior,fury,24,16,8
Darvi,burning-legion,1497,warrior,fury,48,26,22
Unchåined,burning-legion,1497,warrior,fury,109,58,51
Eygón,silvermoon,1497,warrior,fury,120,57,63
Gely,silvermoon,1495,warrior,fury,30,16,14
Vexxenn,outland,1493,warrior,fury,58,32,26
Лазба,gordunni,1493,warrior,fury,58,31,27
Evrybodydown,draenor,1492,warrior,fury,148,77,71
Erosdulko,silvermoon,1492,warrior,fury,66,29,37
Dírectdash,draenor,1491,warrior,fury,51,24,27
Fantol,stormscale,1490,warrior,fury,36,20,16
Thorgaz,blackmoore,1490,warrior,fury,42,23,19
Nemecic,arathor,1490,warrior,fury,95,48,47
Broksigarr,ragnaros,1489,warrior,fury,66,34,32
Certavus,antonidas,1488,warrior,fury,130,64,66
Zaximos,twisting-nether,1488,warrior,fury,62,30,32
Fizzywarrior,blackmoore,1488,warrior,fury,60,29,31
Лимор,howling-fjord,1488,warrior,fury,42,16,26
Krauus,silvermoon,1486,warrior,fury,134,75,59
Ärmodäuss,norgannon,1486,warrior,fury,69,34,35
Corrin,frostmourne,1485,warrior,fury,122,68,54
Fromagekipue,draenor,1485,warrior,fury,54,29,25
Búlldozér,kazzak,1485,warrior,fury,71,36,35
Магрейн,grom,1485,warrior,fury,235,117,118
Ууша,soulflayer,1485,warrior,fury,59,29,30
Rimvar,alleria,1484,warrior,fury,60,28,32
Cêlty,aegwynn,1484,warrior,fury,65,30,35
Жироштемп,gordunni,1483,warrior,fury,58,30,28
Slidmacka,twisting-nether,1482,warrior,fury,48,28,20
Thezug,twisting-nether,1482,warrior,fury,66,32,34
Mamox,archimonde,1481,warrior,fury,55,32,23
Плотность,howling-fjord,1481,warrior,fury,36,16,20
Zugbro,stormscale,1480,warrior,fury,66,35,31
Stahlhund,silvermoon,1480,warrior,fury,105,53,52
Workout,nemesis,1479,warrior,fury,23,16,7
Gids,silvermoon,1479,warrior,fury,52,29,23
Ðønøvan,sanguino,1478,warrior,fury,139,72,67
Tatabaf,ysondre,1477,warrior,fury,48,28,20
Thehans,grim-batol,1477,warrior,fury,93,53,40
Warrouner,khaz-modan,1475,warrior,fury,138,71,67
Чпонькмашина,soulflayer,1474,warrior,fury,92,53,39
Zenìa,argent-dawn,1471,warrior,fury,46,29,17
Perinel,draenor,1470,warrior,fury,154,67,87
Dasyana,drakthul,1468,warrior,fury,60,35,25
Auglok,twisting-nether,1468,warrior,fury,126,64,62
Dikata,stormscale,1467,warrior,fury,30,20,10
Eleborn,tarren-mill,1467,warrior,fury,48,25,23
Микермат,howling-fjord,1467,warrior,fury,72,37,35
Bukisan,sylvanas,1467,warrior,fury,119,61,58
Spokowar,hyjal,1467,warrior,fury,65,30,35
Nurti,silvermoon,1465,warrior,fury,36,21,15
Синнэр,blackscar,1465,warrior,fury,42,17,25
Craghak,twisting-nether,1464,warrior,fury,154,78,76
Mustar,alexstrasza,1463,warrior,fury,100,57,43
Straya,malorne,1463,warrior,fury,60,30,30
Overgear,twisting-nether,1462,warrior,fury,136,65,71
Chrissey,argent-dawn,1462,warrior,fury,45,21,24
Syfér,grim-batol,1461,warrior,fury,88,49,39
Анакронокс,howling-fjord,1461,warrior,fury,82,41,41
Hrodulf,moonglade,1461,warrior,fury,83,38,45
Akînos,kazzak,1460,warrior,fury,99,50,49
Grubshak,burning-legion,1460,warrior,fury,47,22,25
Drekh,kazzak,1458,warrior,fury,54,26,28
Ssnakeess,silvermoon,1457,warrior,fury,42,26,16
Kobeni,ysondre,1457,warrior,fury,50,30,20
Hidaykus,bronzebeard,1457,warrior,fury,124,65,59
Stratoz,ragnaros,1457,warrior,fury,61,27,34
Leàn,nemesis,1456,warrior,fury,48,25,23
Carljøhnson,dalaran,1455,warrior,fury,66,38,28
Irondahr,silvermoon,1455,warrior,fury,48,21,27
Cemule,doomhammer,1454,warrior,fury,54,29,25
Faylania,tarren-mill,1453,warrior,fury,88,49,39
Deeper,twisting-nether,1453,warrior,fury,54,30,24
Sway,eonar,1453,warrior,fury,180,98,82
Baluste,culte-de-la-rive-noire,1453,warrior,fury,66,31,35
Dranosha,nemesis,1453,warrior,fury,45,21,24
Hatefull,onyxia,1452,warrior,fury,41,19,22
Акози,fordragon,1450,warrior,fury,90,52,38
Offpants,drakthul,1450,warrior,fury,71,38,33
Меняло,fordragon,1449,warrior,fury,84,47,37
Aeyon,burning-blade,1449,warrior,fury,37,17,20
Buzzingorc,tarren-mill,1448,warrior,fury,107,62,45
Ffected,blackmoore,1448,warrior,fury,72,41,31
Doronas,der-rat-von-dalaran,1448,warrior,fury,42,21,21
Sunzí,alakir,1446,warrior,fury,42,21,21
Альмас,galakrond,1446,warrior,fury,77,35,42
Gìlgamesh,dun-modr,1444,warrior,fury,55,30,25
Rîiper,ysondre,1444,warrior,fury,42,22,20
Ènma,ravencrest,1444,warrior,fury,90,44,46
Mentálist,blackmoore,1444,warrior,fury,60,29,31
Vandalismee,draenor,1443,warrior,fury,28,19,9
Добиватель,howling-fjord,1443,warrior,fury,108,55,53
Orengo,blackrock,1441,warrior,fury,48,35,13
Dajnatarcze,burning-legion,1439,warrior,fury,48,25,23
Immørtálx,tarren-mill,1438,warrior,fury,36,15,21
Rakherus,silvermoon,1437,warrior,fury,42,23,19
Tato,frostmourne,1436,warrior,fury,46,26,20
Immørtalx,area-52,1436,warrior,fury,42,15,27
Zeliøn,elune,1435,warrior,fury,138,76,62
Botgrinder,blackhand,1434,warrior,fury,194,105,89
Céck,ravencrest,1434,warrior,fury,54,28,26
Terisá,blackmoore,1433,warrior,fury,52,28,24
Rarrio,kazzak,1433,warrior,fury,48,25,23
Nellyqt,draenor,1433,warrior,fury,36,17,19
Floppikatten,kazzak,1432,warrior,fury,24,17,7
Alegral,ravencrest,1432,warrior,fury,24,15,9
Wätras,drakthul,1431,warrior,fury,30,16,14
Àlexander,ravencrest,1431,warrior,fury,34,16,18
Троммтар,howling-fjord,1431,warrior,fury,36,15,21
Profär,archimonde,1430,warrior,fury,36,17,19
Pinkíe,blackmoore,1428,warrior,fury,30,15,15
Bxnx,aegwynn,1428,warrior,fury,51,23,28
Shadroq,auchindoun,1427,warrior,fury,24,15,9
Fridaax,lightbringer,1427,warrior,fury,24,15,9
Histe,thrall,1427,warrior,fury,42,24,18
Дедсдрыном,howling-fjord,1427,warrior,fury,250,133,117
Mvi,frostmane,1426,warrior,fury,52,28,24
Bördz,blackhand,1426,warrior,fury,54,27,27
Kiljhimari,twisting-nether,1426,warrior,fury,32,16,16
Dayz,draenor,1426,warrior,fury,30,15,15
Vallahan,argent-dawn,1425,warrior,fury,29,18,11
Асау,ashenvale,1425,warrior,fury,67,34,33
Paynzx,blackrock,1422,warrior,fury,25,16,9
Üzzy,dun-modr,1422,warrior,fury,144,84,60
Elénir,dalaran,1422,warrior,fury,120,64,56
Reidunøks,kazzak,1422,warrior,fury,83,44,39
Varyian,sporeggar,1422,warrior,fury,197,103,94
Touguro,aggra-português,1422,warrior,fury,57,26,31
Amagaddon,draenor,1422,warrior,fury,40,18,22
Где,blackscar,1421,warrior,fury,24,15,9
Itchiiz,alonsus,1421,warrior,fury,58,30,28
Raoh,malganis,1420,warrior,fury,36,16,20
Betonica,burning-legion,1420,warrior,fury,48,21,27
Èscøbar,dalaran,1419,warrior,fury,55,25,30
Divinvibra,dalaran,1418,warrior,fury,31,15,16
Shadokaa,stormscale,1417,warrior,fury,21,16,5
Projectchad,draenor,1417,warrior,fury,24,15,9
Thaddaus,ravencrest,1417,warrior,fury,141,70,71
Orcarinté,draenor,1417,warrior,fury,59,26,33
Rëvenge,burning-legion,1416,warrior,fury,123,60,63
Flexecutie,silvermoon,1414,warrior,fury,30,17,13
Toundrâa,archimonde,1414,warrior,fury,203,102,101
Bluemango,ragnaros,1414,warrior,fury,60,29,31
Kragar,anetheron,1413,warrior,fury,57,34,23
Ederes,silvermoon,1412,warrior,fury,36,18,18
Jhaiteiro,dun-modr,1412,warrior,fury,81,39,42
Спайкуссь,goldrinn,1410,warrior,fury,108,56,52
Painswift,blackhand,1410,warrior,fury,54,25,29
Rèckless,argent-dawn,1408,warrior,fury,35,25,10
Tsé,aegwynn,1407,warrior,fury,30,15,15
Артен,ashenvale,1407,warrior,fury,32,15,17
Chidòri,tarren-mill,1407,warrior,fury,39,16,23
Sonyd,tarren-mill,1406,warrior,fury,42,25,17
Bouafia,archimonde,1406,warrior,fury,42,21,21
Skaurmosh,draenor,1404,warrior,fury,89,48,41
Golward,grim-batol,1404,warrior,fury,68,36,32
Антурим,howling-fjord,1404,warrior,fury,40,21,19
Gamepresa,silvermoon,1404,warrior,fury,61,30,31
Мастерион,soulflayer,1403,warrior,fury,30,15,15
Rìsàs,draenor,1403,warrior,fury,180,89,91
Torok,antonidas,1402,warrior,fury,36,25,11
Борзило,howling-fjord,1402,warrior,fury,36,21,15
Каган,gordunni,1402,warrior,fury,51,29,22
Вайрон,blackscar,1402,warrior,fury,66,31,35
Thrallhall,kazzak,1402,warrior,fury,182,81,101
Ørkk,pozzo-delleternità,1401,warrior,fury,27,16,11
Kllinac,kazzak,1401,warrior,fury,78,45,33
Freddie,baelgun,1401,warrior,fury,36,17,19
Raoh,blackrock,1400,warrior,fury,24,15,9
Snakewins,stormscale,1400,warrior,fury,29,18,11
Raaoo,blackmoore,1400,warrior,fury,54,23,31
Хастонер,howling-fjord,1399,warrior,fury,36,18,18
Вардеспетчер,razuvious,1397,warrior,fury,66,36,30
Midvînter,silvermoon,1397,warrior,fury,87,41,46
Imora,silvermoon,1396,warrior,fury,70,37,33
Bellzter,outland,1392,warrior,fury,91,50,41
Старопрамен,thermaplugg,1392,warrior,fury,237,123,114
Shadowcacau,aggra-português,1391,warrior,fury,113,55,58
Ðèxs,ravencrest,1390,warrior,fury,36,23,13
Валъдемар,gordunni,1389,warrior,fury,24,19,5
Graxn,blackhand,1389,warrior,fury,114,59,55
Keriane,garona,1389,warrior,fury,65,33,32
Gàbrânth,frostwolf,1389,warrior,fury,78,37,41
Dríppy,aegwynn,1388,warrior,fury,33,20,13
Штормскейл,soulflayer,1388,warrior,fury,30,16,14
Tandrall,rexxar,1388,warrior,fury,36,15,21
Рэкла,grom,1387,warrior,fury,32,18,14
Деимосин,howling-fjord,1387,warrior,fury,48,22,26
Throck,drakthul,1386,warrior,fury,42,22,20
Hatenest,argent-dawn,1386,warrior,fury,252,123,129
Prîde,kazzak,1385,warrior,fury,54,31,23
Boostbywar,archimonde,1385,warrior,fury,47,22,25
Dragão,kazzak,1385,warrior,fury,72,32,40
Saîx,garrosh,1384,warrior,fury,463,238,225
Hervor,les-sentinelles,1382,warrior,fury,90,49,41
Golias,argent-dawn,1381,warrior,fury,72,40,32
Achérus,varimathras,1380,warrior,fury,68,30,38
Reccey,blackrock,1379,warrior,fury,30,16,14
Ligthblâd,hyjal,1378,warrior,fury,63,34,29
Bigpapapap,kazzak,1378,warrior,fury,87,34,53
Tigron,burning-legion,1377,warrior,fury,54,33,21
Æsterius,blackmoore,1377,warrior,fury,101,49,52
Nighat,sanguino,1376,warrior,fury,47,31,16
Bloodyedge,sanguino,1376,warrior,fury,54,26,28
Gromrigg,draenor,1376,warrior,fury,101,45,56
Shán,defias-brotherhood,1375,warrior,fury,60,33,27
Enderyx,blackhand,1374,warrior,fury,66,32,34
Honör,sylvanas,1372,warrior,fury,64,29,35
Rommick,guldan,1372,warrior,fury,60,27,33
Røronøa,hyjal,1371,warrior,fury,33,17,16
Ralzung,twisting-nether,1370,warrior,fury,54,26,28
Проводникдуш,gordunni,1369,warrior,fury,66,25,41
Чюнилингус,soulflayer,1369,warrior,fury,43,15,28
Fortressa,ravencrest,1368,warrior,fury,54,21,33
Darriuso,kazzak,1367,warrior,fury,87,43,44
Лордэнгри,howling-fjord,1367,warrior,fury,33,16,17
Коньвпальто,greymane,1366,warrior,fury,39,20,19
Kante,frostmane,1365,warrior,fury,36,22,14
Happyhour,sargeras,1365,warrior,fury,34,18,16
Drswing,kazzak,1365,warrior,fury,42,21,21
Bigmercy,ragnaros,1364,warrior,fury,54,32,22
Кимиюки,gordunni,1362,warrior,fury,42,16,26
Gruttak,aegwynn,1361,warrior,fury,24,16,8
Màrduk,pozzo-delleternità,1361,warrior,fury,42,23,19
Sebotagelol,twisting-nether,1361,warrior,fury,42,21,21
Alevucerdaa,draenor,1359,warrior,fury,54,27,27
Diioxyde,temple-noir,1358,warrior,fury,61,32,29
Килджаеден,deathguard,1358,warrior,fury,34,17,17
Rudor,la-croisade-écarlate,1357,warrior,fury,36,20,16
Skefe,archimonde,1356,warrior,fury,52,31,21
Эфириад,soulflayer,1356,warrior,fury,48,26,22
Gorroth,chamber-of-aspects,1355,warrior,fury,30,16,14
Ribastur,blackmoore,1355,warrior,fury,168,89,79
Achonar,draenor,1353,warrior,fury,47,24,23
Svênsk,argent-dawn,1352,warrior,fury,44,24,20
Somalisktjur,tarren-mill,1348,warrior,fury,72,37,35
Slaktârn,ragnaros,1348,warrior,fury,69,35,34
Gudvin,terokkar,1347,warrior,fury,102,57,45
Habaneroo,zuljin,1345,warrior,fury,36,15,21
Ravenpaw,burning-legion,1344,warrior,fury,24,16,8
Wärfäcë,blades-edge,1343,warrior,fury,82,44,38
Bosniakk,ravencrest,1343,warrior,fury,120,59,61
Kastraveci,outland,1343,warrior,fury,102,46,56
Brutalizator,talnivarr,1342,warrior,fury,18,14,4
Zêke,thrall,1342,warrior,fury,24,18,6
Studzianki,argent-dawn,1341,warrior,fury,18,14,4
Stretch,thrall,1341,warrior,fury,31,15,16
Xugzug,blackmoore,1341,warrior,fury,48,22,26
Krieg,garrosh,1341,warrior,fury,61,21,40
Васильна,soulflayer,1340,warrior,fury,50,27,23
Brigitá,argent-dawn,1338,warrior,fury,30,14,16
Connorzqt,ravencrest,1337,warrior,fury,24,14,10
Razza,ravencrest,1337,warrior,fury,31,16,15
Haewon,burning-legion,1337,warrior,fury,59,30,29
Jisoowar,blackhand,1337,warrior,fury,36,15,21
Ксапур,soulflayer,1336,warrior,fury,30,16,14
Zhear,kazzak,1336,warrior,fury,83,36,47
Врэкклив,gordunni,1335,warrior,fury,71,34,37
Xurainzone,eredar,1335,warrior,fury,30,14,16
Lzdmfckmeazy,blackmoore,1334,warrior,fury,27,15,12
Toecutter,defias-brotherhood,1334,warrior,fury,33,17,16
Вархаус,blackscar,1333,warrior,fury,58,32,26
Hirbz,silvermoon,1333,warrior,fury,66,34,32
Grahatia,magtheridon,1333,warrior,fury,42,21,21
Taoke,ravencrest,1333,warrior,fury,30,14,16
Houndburger,drakthul,1333,warrior,fury,84,37,47
Hobbó,draenor,1333,warrior,fury,78,31,47
Unqlolz,kazzak,1332,warrior,fury,27,15,12
Tharokk,blackmoore,1332,warrior,fury,60,32,28
Nmwar,turalyon,1332,warrior,fury,39,20,19
Напутанность,soulflayer,1331,warrior,fury,48,24,24
Luunk,ravencrest,1329,warrior,fury,72,36,36
Ganaroth,tarren-mill,1328,warrior,fury,42,21,21
Qvate,twisting-nether,1327,warrior,fury,80,36,44
Moggorr,nemesis,1326,warrior,fury,58,30,28
Джелорд,howling-fjord,1326,warrior,fury,30,14,16
Topfury,stormscale,1325,warrior,fury,48,22,26
Свободатоп,howling-fjord,1323,warrior,fury,30,16,14
Грош,deepholm,1322,warrior,fury,24,14,10
Ochocinco,quelthalas,1322,warrior,fury,51,20,31
Xiiver,burning-legion,1321,warrior,fury,24,14,10
Kydecnick,kazzak,1321,warrior,fury,86,48,38
Mash,hyjal,1321,warrior,fury,30,15,15
Откат,grom,1321,warrior,fury,83,37,46
Brúgar,antonidas,1321,warrior,fury,42,18,24
Temprament,ravencrest,1320,warrior,fury,78,43,35
Bigrooster,argent-dawn,1320,warrior,fury,108,56,52
Barragan,sanguino,1319,warrior,fury,29,18,11
Astreimehns,sanguino,1319,warrior,fury,24,14,10
Йомхар,howling-fjord,1319,warrior,fury,54,26,28
Кроуфури,gordunni,1318,warrior,fury,54,31,23
Lasanká,sylvanas,1318,warrior,fury,36,17,19
Blairne,burning-blade,1318,warrior,fury,36,17,19
Juggernot,archimonde,1317,warrior,fury,24,15,9
Sørø,sargeras,1317,warrior,fury,30,18,12
Larrydankin,draenor,1317,warrior,fury,89,52,37
Конвержн,howling-fjord,1317,warrior,fury,30,17,13
Watntietnn,burning-blade,1317,warrior,fury,61,32,29
Borntothis,zuljin,1317,warrior,fury,134,70,64
Xsasuke,ragnaros,1317,warrior,fury,36,17,19
Stuck,argent-dawn,1316,warrior,fury,30,14,16
Hellguarrd,silvermoon,1316,warrior,fury,65,29,36
Fortësque,uldaman,1315,warrior,fury,59,22,37
Realz,malganis,1314,warrior,fury,119,60,59
Mortalclaw,kazzak,1314,warrior,fury,135,65,70
Zíreael,ravencrest,1314,warrior,fury,72,34,38
Мембершримп,howling-fjord,1314,warrior,fury,48,22,26
Kerando,tirion,1314,warrior,fury,35,15,20
Vivaladirt,argent-dawn,1313,warrior,fury,36,17,19
Мастерпве,blackscar,1312,warrior,fury,30,14,16
Ælvstan,argent-dawn,1310,warrior,fury,59,30,29
Ryù,dun-modr,1310,warrior,fury,30,14,16
Fîlzlaus,area-52,1310,warrior,fury,128,59,69
Ikkr,kazzak,1309,warrior,fury,90,45,45
Рекиро,blackscar,1309,warrior,fury,30,14,16
Exeter,nagrand,1308,warrior,fury,60,32,28
Ghoster,kazzak,1308,warrior,fury,42,19,23
Onga,frostwolf,1305,warrior,fury,24,14,10
Thors,deathwing,1304,warrior,fury,184,96,88
Oughn,silvermoon,1304,warrior,fury,112,56,56
Гаррим,blackscar,1304,warrior,fury,28,14,14
Grimli,burning-legion,1303,warrior,fury,42,24,18
Kundrak,blackhand,1303,warrior,fury,73,36,37
Suknur,silvermoon,1302,warrior,fury,68,28,40
Кровостокхх,gordunni,1301,warrior,fury,42,17,25
Reckless,tarren-mill,1300,warrior,fury,42,22,20
Tragix,hyjal,1300,warrior,fury,42,18,24
Умфи,howling-fjord,1299,warrior,fury,83,46,37
Getonxnxx,quelthalas,1299,warrior,fury,61,25,36
Quigatron,frostmane,1298,warrior,fury,65,38,27
Warinator,ravencrest,1297,warrior,fury,49,28,21
Дизроуз,gordunni,1296,warrior,fury,56,28,28
Greensmash,hyjal,1296,warrior,fury,50,21,29
Аштау,howling-fjord,1295,warrior,fury,208,100,108
Lathsmash,zenedar,1295,warrior,fury,30,14,16
Роконишу,gordunni,1294,warrior,fury,36,20,16
Kestialezin,archimonde,1294,warrior,fury,36,20,16
Axislips,draenor,1294,warrior,fury,29,14,15
Теокрафт,howling-fjord,1292,warrior,fury,24,14,10
Arzes,draenor,1292,warrior,fury,51,22,29
Fivejee,ravencrest,1291,warrior,fury,24,14,10
Арестант,soulflayer,1291,warrior,fury,137,69,68
Машамеч,blackscar,1289,warrior,fury,84,42,42
Shkørwi,drakthul,1289,warrior,fury,48,22,26
Gorgulg,stormscale,1288,warrior,fury,77,43,34
Gvngx,zuljin,1288,warrior,fury,53,24,29
Mouliard,archimonde,1285,warrior,fury,36,17,19
Whimbux,stormscale,1285,warrior,fury,81,35,46
Rqyz,tarren-mill,1283,warrior,fury,36,21,15
Sammäel,eldrethalas,1281,warrior,fury,36,19,17
Azëlls,archimonde,1280,warrior,fury,42,19,23
Optimai,kazzak,1279,warrior,fury,174,84,90
Flaggerware,stormscale,1279,warrior,fury,42,20,22
Skullfondler,argent-dawn,1278,warrior,fury,30,14,16
Kurzen,voljin,1277,warrior,fury,56,31,25
Armirtile,twisting-nether,1277,warrior,fury,36,17,19
Andij,blackmoore,1276,warrior,fury,66,33,33
Trollboii,ravencrest,1274,warrior,fury,27,14,13
Exeldians,burning-legion,1273,warrior,fury,20,14,6
Ларджсворд,eversong,1273,warrior,fury,70,35,35
Fenr,sanguino,1272,warrior,fury,52,34,18
Furyre,ysondre,1271,warrior,fury,37,17,20
Honeymew,draenor,1271,warrior,fury,66,27,39
Grák,bronze-dragonflight,1270,warrior,fury,30,16,14
Pinkvae,doomhammer,1270,warrior,fury,29,14,15
Barsok,sanguino,1269,warrior,fury,57,29,28
Ipes,blackmoore,1268,warrior,fury,55,28,27
Thraxus,azjolnerub,1268,warrior,fury,36,18,18
Ninja,bronze-dragonflight,1268,warrior,fury,98,46,52
Akkamagosh,argent-dawn,1266,warrior,fury,70,31,39
Ausrastus,blackhand,1265,warrior,fury,34,15,19
Cokeaddict,argent-dawn,1265,warrior,fury,48,20,28
Azzog,archimonde,1264,warrior,fury,92,51,41
Zerm,draenor,1262,warrior,fury,24,15,9
Gritzi,dragonblight,1262,warrior,fury,60,29,31
Säl,ragnaros,1261,warrior,fury,121,65,56
Wilæm,argent-dawn,1261,warrior,fury,71,34,37
Бормормуш,gordunni,1261,warrior,fury,73,30,43
Bobzillah,kazzak,1259,warrior,fury,24,16,8
Reylanor,argent-dawn,1259,warrior,fury,58,30,28
Tdanielt,burning-legion,1257,warrior,fury,24,16,8
Hazarku,colinas-pardas,1257,warrior,fury,49,22,27
Nykyro,draenor,1256,warrior,fury,96,49,47
Dundulinka,outland,1255,warrior,fury,46,17,29
Насувака,deathguard,1254,warrior,fury,59,29,30
Toughwar,tarren-mill,1253,warrior,fury,66,35,31
Saey,malorne,1253,warrior,fury,98,49,49
Hagoxfit,los-errantes,1252,warrior,fury,76,33,43
Номер,eversong,1251,warrior,fury,220,106,114
Unn,ragnaros,1250,warrior,fury,81,39,42
Kvintor,bloodscalp,1249,warrior,fury,28,17,11
Лимэй,blackscar,1249,warrior,fury,51,20,31
Рагнарульв,gordunni,1248,warrior,fury,36,15,21
Мигнт,blackscar,1247,warrior,fury,18,13,5
Vegansmasher,stormscale,1247,warrior,fury,24,13,11
Stóna,blackmoore,1247,warrior,fury,36,13,23
Roronoâ,twisting-nether,1246,warrior,fury,18,13,5
Watrux,outland,1246,warrior,fury,18,13,5
Èrzà,sanguino,1246,warrior,fury,156,71,85
Larvalis,blackmoore,1246,warrior,fury,95,43,52
Tagavaga,tarren-mill,1246,warrior,fury,60,26,34
Skîêl,archimonde,1246,warrior,fury,30,13,17
Avgålöfvén,stormscale,1245,warrior,fury,24,13,11
Wariio,khaz-modan,1245,warrior,fury,71,38,33
Arnoldalois,neptulon,1244,warrior,fury,48,22,26
Cøbain,eredar,1243,warrior,fury,24,13,11
Барабумм,soulflayer,1243,warrior,fury,125,63,62
Mertik,twisting-nether,1242,warrior,fury,24,13,11
Васяжелезо,gordunni,1242,warrior,fury,24,13,11
Ragnurk,draenor,1242,warrior,fury,60,20,40
Motorhead,tirion,1241,warrior,fury,30,16,14
Tàuruss,blackhand,1241,warrior,fury,34,18,16
Слайдус,gordunni,1241,warrior,fury,68,34,34
Рсдрпб,eversong,1241,warrior,fury,30,15,15
Timidman,kazzak,1240,warrior,fury,24,13,11
Lâmy,khaz-modan,1240,warrior,fury,60,26,34
Chadgarrosh,tarren-mill,1240,warrior,fury,65,24,41
Ptp,argent-dawn,1238,warrior,fury,24,13,11
Balsor,frostmane,1238,warrior,fury,34,17,17
Dènethor,draenor,1238,warrior,fury,88,43,45
Biscuitoliva,hyjal,1237,warrior,fury,24,13,11
Deusi,garrosh,1237,warrior,fury,94,48,46
Tazkax,archimonde,1236,warrior,fury,36,22,14
Valhrann,dalaran,1234,warrior,fury,54,28,26
Utero,drakthul,1233,warrior,fury,24,13,11
Gardom,doomhammer,1232,warrior,fury,108,62,46
Madfu,draenor,1229,warrior,fury,36,19,17
Федорссумкин,gordunni,1229,warrior,fury,74,34,40
Димаказнь,gordunni,1229,warrior,fury,30,13,17
Szpindah,ragnaros,1228,warrior,fury,36,13,23
Ffrostwolff,azjolnerub,1227,warrior,fury,18,13,5
Schmetterina,proudmoore,1226,warrior,fury,67,37,30
Antraex,zuljin,1224,warrior,fury,74,35,39
Noseringer,frostwolf,1223,warrior,fury,21,15,6
Runkkusukka,defias-brotherhood,1222,warrior,fury,83,44,39
Kaerz,ysondre,1222,warrior,fury,42,21,21
Rayeron,sanguino,1221,warrior,fury,95,47,48
Corpsecount,stormrage,1221,warrior,fury,54,22,32
Anubisra,alakir,1220,warrior,fury,26,16,10
Kebra,blackmoore,1220,warrior,fury,87,49,38
Ouryuu,hyjal,1218,warrior,fury,56,25,31
Gèrralt,hyjal,1218,warrior,fury,59,21,38
Копенгаген,ashenvale,1217,warrior,fury,57,34,23
Fightinghell,stormrage,1215,warrior,fury,24,13,11
Moknar,alonsus,1215,warrior,fury,59,24,35
Nubá,burning-legion,1214,warrior,fury,126,69,57
Feydal,thrall,1214,warrior,fury,39,14,25
Ульданианин,gordunni,1213,warrior,fury,30,15,15
Coyle,eredar,1213,warrior,fury,211,97,114
Vagor,draenor,1211,warrior,fury,35,16,19
Dabliu,burning-legion,1210,warrior,fury,54,24,30
Illydan,turalyon,1209,warrior,fury,35,18,17
Kurko,blackmoore,1209,warrior,fury,59,24,35
Affewithwaff,blackmoore,1208,warrior,fury,27,14,13
Goldenarm,doomhammer,1206,warrior,fury,56,29,27
Warriorc,hellfire,1205,warrior,fury,48,26,22
Garmal,nemesis,1205,warrior,fury,30,16,14
Paralel,tarren-mill,1205,warrior,fury,50,26,24
Варгуш,ashenvale,1205,warrior,fury,35,13,22
Yildiz,kargath,1204,warrior,fury,103,57,46
Джэкмен,soulflayer,1201,warrior,fury,83,46,37
Marklarstar,ragnaros,1201,warrior,fury,60,28,32
Vhy,antonidas,1201,warrior,fury,48,22,26
Toporceanul,kazzak,1201,warrior,fury,41,14,27
Варёнок,soulflayer,1200,warrior,fury,69,36,33
Delinde,cthun,1200,warrior,fury,164,80,84
Bwonsàmdí,ragnaros,1200,warrior,fury,48,16,32
Sinesterá,blackhand,1199,warrior,fury,67,31,36
Jasonnes,argent-dawn,1198,warrior,fury,52,23,29
Отнулядоста,gordunni,1198,warrior,fury,61,25,36
Жужащий,howling-fjord,1197,warrior,fury,74,31,43
Стано,booty-bay,1196,warrior,fury,32,17,15
Buzzingwarr,tarren-mill,1195,warrior,fury,126,58,68
Eliyahu,ghostlands,1195,warrior,fury,36,14,22
Warnox,dun-modr,1193,warrior,fury,30,19,11
Blaying,ravencrest,1192,warrior,fury,23,13,10
Kirkwood,terokkar,1192,warrior,fury,71,34,37
Otiep,blackmoore,1191,warrior,fury,23,13,10
Ntouziera,silvermoon,1191,warrior,fury,36,14,22
Shieldlord,kazzak,1188,warrior,fury,135,61,74
Bolss,silvermoon,1188,warrior,fury,73,28,45
Exsomnis,outland,1187,warrior,fury,24,13,11
Agitoyami,defias-brotherhood,1187,warrior,fury,127,66,61
Mocagressiva,draenor,1187,warrior,fury,48,23,25
Fvkundercutt,xavius,1186,warrior,fury,18,13,5
Азктор,soulflayer,1186,warrior,fury,35,15,20
Эпитафорх,blackscar,1181,warrior,fury,22,13,9
Djiozz,khaz-modan,1181,warrior,fury,48,20,28
Morishcrak,kazzak,1181,warrior,fury,39,14,25
Суммрак,grom,1178,warrior,fury,41,17,24
Warrmax,darksorrow,1177,warrior,fury,102,51,51
Thibow,hyjal,1175,warrior,fury,66,35,31
Виттурус,howling-fjord,1175,warrior,fury,34,13,21
Coasterupte,draenor,1173,warrior,fury,110,48,62
Aldébbarann,archimonde,1172,warrior,fury,26,14,12
Hangovar,thrall,1172,warrior,fury,45,21,24
Zpárta,ragnaros,1171,warrior,fury,29,23,6
Развалочка,howling-fjord,1170,warrior,fury,29,13,16
Осгаард,gordunni,1169,warrior,fury,60,25,35
Garosh,drakthul,1168,warrior,fury,48,27,21
Jasperr,nemesis,1167,warrior,fury,84,40,44
Berseak,dalaran,1166,warrior,fury,43,22,21
Суферна,howling-fjord,1166,warrior,fury,33,16,17
Drolaret,zuljin,1160,warrior,fury,51,22,29
Ragedotcom,archimonde,1153,warrior,fury,94,46,48
Warzzor,auchindoun,1152,warrior,fury,24,12,12
Кокдиллак,soulflayer,1151,warrior,fury,12,12,0
Quadfather,kazzak,1151,warrior,fury,24,12,12
Krazosh,die-aldor,1151,warrior,fury,24,12,12
Midly,hellfire,1151,warrior,fury,54,26,28
Исскатель,gordunni,1150,warrior,fury,12,12,0
Варнубар,eversong,1150,warrior,fury,36,15,21
Karny,argent-dawn,1150,warrior,fury,30,12,18
Theolcostaud,archimonde,1149,warrior,fury,30,12,18
Dramiél,tarren-mill,1148,warrior,fury,29,15,14
Ranndall,blackrock,1148,warrior,fury,62,31,31
Spitonem,blackrock,1148,warrior,fury,24,12,12
Дерзкаяфурия,gordunni,1148,warrior,fury,29,13,16
Talanora,ravencrest,1147,warrior,fury,18,12,6
Wotulko,blackrock,1147,warrior,fury,23,13,10
Селттик,grom,1147,warrior,fury,65,36,29
Wardruine,dun-modr,1147,warrior,fury,24,12,12
Glupakrava,sylvanas,1147,warrior,fury,24,12,12
Pufy,ravencrest,1147,warrior,fury,29,14,15
Evilez,ravencrest,1146,warrior,fury,18,12,6
Izmadfurax,archimonde,1146,warrior,fury,112,62,50
Thunderage,stormscale,1146,warrior,fury,44,20,24
Ragecap,rexxar,1145,warrior,fury,50,21,29
Leapmaster,blackrock,1144,warrior,fury,21,13,8
Neoballâc,uldum,1144,warrior,fury,24,12,12
Ulvenpeter,ravencrest,1143,warrior,fury,24,12,12
Yopa,draenor,1143,warrior,fury,33,13,20
Inflacija,grim-batol,1143,warrior,fury,36,12,24
Shadowfiend,argent-dawn,1142,warrior,fury,24,12,12
Waroworgen,terokkar,1142,warrior,fury,26,12,14
Армсец,howling-fjord,1141,warrior,fury,24,12,12
Kåïdø,ravencrest,1141,warrior,fury,24,12,12
Vhargdrohpee,argent-dawn,1141,warrior,fury,30,12,18
Инфиль,howling-fjord,1140,warrior,fury,30,12,18
Axamo,ragnaros,1139,warrior,fury,24,12,12
Inelegant,tarren-mill,1139,warrior,fury,24,12,12
Андервульф,booty-bay,1137,warrior,fury,30,12,18
Draxxann,ravencrest,1136,warrior,fury,30,20,10
Tarrior,shattered-halls,1134,warrior,fury,137,63,74
Madhardy,chamber-of-aspects,1133,warrior,fury,24,12,12
Torinborison,ysera,1132,warrior,fury,18,12,6
Justviktor,ravencrest,1132,warrior,fury,81,36,45
Beogor,grim-batol,1132,warrior,fury,29,12,17
Garstus,die-silberne-hand,1131,warrior,fury,54,18,36
Sabrewølf,blackmoore,1129,warrior,fury,84,44,40
Slapperr,frostwolf,1129,warrior,fury,24,12,12
Янесними,soulflayer,1129,warrior,fury,24,12,12
Sekecmazec,turalyon,1129,warrior,fury,63,22,41
Сэч,gordunni,1128,warrior,fury,18,12,6
Pybal,stormscale,1128,warrior,fury,18,12,6
Elpap,draenor,1128,warrior,fury,31,14,17
Sparkss,sylvanas,1126,warrior,fury,24,13,11
Waltharius,das-syndikat,1126,warrior,fury,60,32,28
Mutuh,ravenholdt,1126,warrior,fury,24,12,12
Ragnòk,eredar,1125,warrior,fury,66,29,37
Sadjoke,draenor,1125,warrior,fury,30,13,17
Аесоо,gordunni,1123,warrior,fury,275,131,144
Килоагр,gordunni,1123,warrior,fury,36,12,24
Bluntsword,twisting-nether,1122,warrior,fury,18,12,6
Cuuz,outland,1122,warrior,fury,30,12,18
Well,kult-der-verdammten,1121,warrior,fury,24,12,12
Téldrus,blackrock,1116,warrior,fury,18,12,6
Daramir,turalyon,1116,warrior,fury,24,12,12
Ganian,stormscale,1113,warrior,fury,30,14,16
Pahanâ,arygos,1111,warrior,fury,24,12,12
Иллидансер,howling-fjord,1110,warrior,fury,24,12,12
Солоовей,gordunni,1109,warrior,fury,35,17,18
Moustachu,kirin-tor,1108,warrior,fury,45,21,24
Telmó,blackhand,1106,warrior,fury,42,26,16
Houftasir,eredar,1106,warrior,fury,45,19,26
Shabir,sylvanas,1106,warrior,fury,35,13,22
Zetsurin,sylvanas,1105,warrior,fury,66,23,43
Incense,silvermoon,1103,warrior,fury,21,12,9
Kratosz,bloodscalp,1103,warrior,fury,151,83,68
Reinharth,dalaran,1103,warrior,fury,42,22,20
Hágríd,ragnaros,1103,warrior,fury,36,13,23
Killpieric,krasus,1101,warrior,fury,48,18,30
Sairos,kirin-tor,1100,warrior,fury,114,62,52
Tiapollo,dun-modr,1100,warrior,fury,52,17,35
Seka,nozdormu,1099,warrior,fury,330,170,160
Красемир,deepholm,1097,warrior,fury,47,23,24
Oxascand,kazzak,1095,warrior,fury,117,50,67
Damonx,draenor,1093,warrior,fury,72,33,39
Exhumator,blackhand,1093,warrior,fury,60,20,40
Grobler,blackhand,1091,warrior,fury,42,16,26
Mistawolf,ravencrest,1090,warrior,fury,30,16,14
Nukêr,dun-modr,1090,warrior,fury,47,13,34
Malvred,eredar,1088,warrior,fury,48,19,29
Shalren,nordrassil,1087,warrior,fury,62,32,30
Manneen,outland,1086,warrior,fury,83,33,50
Lobotomywar,drakthul,1083,warrior,fury,30,20,10
Contrariety,ravencrest,1083,warrior,fury,42,23,19
Evasni,magtheridon,1082,warrior,fury,20,13,7
Xienia,dun-morogh,1079,warrior,fury,94,40,54
Помойник,gordunni,1076,warrior,fury,274,145,129
Wrathchild,blackrock,1069,warrior,fury,35,14,21
Zalumorth,magtheridon,1067,warrior,fury,52,27,25
Giimlii,hyjal,1060,warrior,fury,36,12,24
Macgull,ysondre,1059,warrior,fury,78,35,43
Moonkak,hyjal,1058,warrior,fury,66,28,38
Nerfslam,stormscale,1056,warrior,fury,23,12,11
Luphrek,ysondre,1056,warrior,fury,30,11,19
Зенобий,gordunni,1055,warrior,fury,12,11,1
Sparkzu,twisting-nether,1055,warrior,fury,18,11,7
Maroux,malganis,1055,warrior,fury,18,11,7
Yosiwa,draenor,1055,warrior,fury,18,11,7
Нарезаю,blackscar,1054,warrior,fury,18,11,7
Двапеченька,soulflayer,1054,warrior,fury,18,11,7
Slûff,draenor,1053,warrior,fury,18,11,7
Snuzzygeezer,ravencrest,1053,warrior,fury,18,11,7
Circumcist,dragonblight,1053,warrior,fury,18,11,7
Whiteebeardd,draenor,1053,warrior,fury,132,65,67
Byedriver,kazzak,1053,warrior,fury,24,11,13
Oksimbillah,blackrock,1053,warrior,fury,24,11,13
Вульрайс,deepholm,1053,warrior,fury,24,11,13
Ididntbindit,stormscale,1052,warrior,fury,24,11,13
Seraphys,ravencrest,1052,warrior,fury,24,11,13
Aìrwave,blackmoore,1051,warrior,fury,18,11,7
Kridi,stormreaver,1051,warrior,fury,18,11,7
Elainax,eredar,1051,warrior,fury,24,11,13
Bloodwatchêr,kazzak,1051,warrior,fury,24,11,13
Punks,ravencrest,1051,warrior,fury,24,11,13
Jesster,blackmoore,1050,warrior,fury,18,11,7
Thørïn,dun-modr,1050,warrior,fury,24,11,13
Седунг,gordunni,1049,warrior,fury,25,11,14
Драмур,gordunni,1049,warrior,fury,30,11,19
Obox,ravencrest,1048,warrior,fury,18,11,7
Djayson,hyjal,1047,warrior,fury,24,11,13
Algethar,archimonde,1046,warrior,fury,18,11,7
Xiszos,ravencrest,1046,warrior,fury,24,11,13
Buffury,twisting-nether,1045,warrior,fury,18,11,7
Bealin,the-venture-co,1045,warrior,fury,24,11,13
Vazzile,silvermoon,1044,warrior,fury,41,20,21
Whysospicey,lightbringer,1043,warrior,fury,21,12,9
Himä,burning-legion,1042,warrior,fury,18,11,7
Oglisten,archimonde,1040,warrior,fury,24,11,13
Romanondo,doomhammer,1039,warrior,fury,18,11,7
Horymir,ravencrest,1037,warrior,fury,23,11,12
Златоцветта,gordunni,1034,warrior,fury,24,11,13
Anastor,ragnaros,1026,warrior,fury,24,11,13
Khòrne,sanguino,1025,warrior,fury,30,15,15
Sazox,drakthul,1023,warrior,fury,17,11,6
Громорашман,grom,1017,warrior,fury,20,12,8
Pacosky,burning-legion,1016,warrior,fury,21,12,9
Жиестьдон,soulflayer,1015,warrior,fury,38,17,21
Sperta,frostmourne,1009,warrior,fury,47,25,22
Рыджеральд,howling-fjord,1008,warrior,fury,51,24,27
Chloade,burning-legion,1004,warrior,fury,60,28,32
Grimic,quelthalas,1004,warrior,fury,27,11,16
Amsti,doomhammer,1003,warrior,fury,18,13,5
Nogo,nagrand,1003,warrior,fury,56,33,23
Inexo,blackrock,1003,warrior,fury,30,14,16
Zeppek,dalaran,999,warrior,fury,155,81,74
Hazl,balnazzar,990,warrior,fury,56,32,24
Edwsan,cthun,990,warrior,fury,42,20,22
Fatspacka,argent-dawn,989,warrior,fury,20,11,9
Orcgrim,nozdormu,989,warrior,fury,48,22,26
Klasiùs,outland,989,warrior,fury,28,11,17
Dj,ragnaros,986,warrior,fury,24,13,11
Fknmoo,kazzak,986,warrior,fury,126,63,63
Melferas,silvermoon,986,warrior,fury,37,14,23
Nicperh,dun-modr,984,warrior,fury,29,12,17
Kabbuki,die-aldor,982,warrior,fury,36,21,15
Dyspó,sanguino,980,warrior,fury,28,11,17
Sonnyammo,turalyon,978,warrior,fury,68,30,38
Krlebajker,tarren-mill,977,warrior,fury,27,14,13
Rogmash,confrérie-du-thorium,973,warrior,fury,31,11,20
Merdé,blackhand,969,warrior,fury,125,64,61
Fwgzl,silvermoon,969,warrior,fury,150,67,83
Niozihex,the-maelstrom,969,warrior,fury,57,25,32
Kungeen,silvermoon,968,warrior,fury,180,81,99
Snoopdad,ravencrest,966,warrior,fury,27,15,12
Эребб,howling-fjord,966,warrior,fury,60,29,31
Trôth,kazzak,960,warrior,fury,12,10,2
Pj,sanguino,960,warrior,fury,12,10,2
Ástriax,ravencrest,960,warrior,fury,18,10,8
Nazrihk,ravencrest,960,warrior,fury,18,10,8
Изикол,blackscar,960,warrior,fury,21,11,10
Ñegan,proudmoore,960,warrior,fury,24,10,14
Kût,les-sentinelles,959,warrior,fury,12,10,2
Oowar,burning-legion,959,warrior,fury,18,10,8
Feckdech,blackrock,959,warrior,fury,18,10,8
Highoverlord,aggra-português,959,warrior,fury,18,10,8
Осадчийофдес,soulflayer,959,warrior,fury,18,10,8
Станазалол,blackscar,959,warrior,fury,18,10,8
Galatan,kazzak,959,warrior,fury,18,10,8
Panzerpung,outland,959,warrior,fury,18,10,8
Scelletonx,silvermoon,959,warrior,fury,18,10,8
Tenicx,ravencrest,959,warrior,fury,18,10,8
Ramboramon,silvermoon,959,warrior,fury,18,10,8
Googas,aegwynn,959,warrior,fury,18,10,8
Astven,blackmoore,959,warrior,fury,22,11,11
Bøgatyr,draenor,959,warrior,fury,24,10,14
Xurainlol,eredar,958,warrior,fury,12,10,2
Agoobagoo,alakir,958,warrior,fury,12,10,2
Profwar,drakthul,958,warrior,fury,18,10,8
Cromvi,draenor,958,warrior,fury,18,10,8
Гневиболь,gordunni,958,warrior,fury,18,10,8
Stormboltjk,blackrock,958,warrior,fury,18,10,8
Taaø,ravencrest,958,warrior,fury,24,10,14
Оргрриммар,soulflayer,958,warrior,fury,24,10,14
Razoo,stormscale,958,warrior,fury,30,10,20
Budwise,stormscale,957,warrior,fury,18,10,8
Hellocritty,blackmoore,957,warrior,fury,18,10,8
Etelä,stormreaver,957,warrior,fury,18,10,8
Luküs,dun-modr,957,warrior,fury,18,10,8
Kriticah,sanguino,957,warrior,fury,18,10,8
Immera,silvermoon,957,warrior,fury,18,10,8
Sørêy,aegwynn,957,warrior,fury,21,11,10
Dxc,blackhand,957,warrior,fury,24,10,14
Viviora,blackmoore,956,warrior,fury,12,10,2
Сонечко,galakrond,956,warrior,fury,18,10,8
Settin,silvermoon,956,warrior,fury,18,10,8
Chrobochrot,burning-blade,956,warrior,fury,24,10,14
Thodak,blackrock,956,warrior,fury,30,10,20
Kurenn,tarren-mill,956,warrior,fury,30,10,20
Nætøx,ravencrest,955,warrior,fury,18,10,8
Nozhar,stormscale,955,warrior,fury,24,10,14
Stormíe,outland,954,warrior,fury,18,10,8
Dgyfh,dun-morogh,954,warrior,fury,18,10,8
Zames,ravencrest,954,warrior,fury,24,10,14
Ампутиль,gordunni,953,warrior,fury,18,10,8
Xonnico,ravencrest,953,warrior,fury,30,11,19
Raksor,hyjal,952,warrior,fury,21,11,10
Thebiggreen,twisting-nether,951,warrior,fury,18,10,8
Фейловый,gordunni,951,warrior,fury,24,10,14
Zeteta,sanguino,950,warrior,fury,38,11,27
Лизерус,eversong,949,warrior,fury,12,10,2
Gahal,tyrande,948,warrior,fury,24,10,14
Prime,outland,946,warrior,fury,24,10,14
Erenowski,twisting-nether,945,warrior,fury,24,10,14
Nurychïc,twisting-nether,944,warrior,fury,18,10,8
Xaturesw,twisting-nether,943,warrior,fury,12,10,2
Mane,thunderhorn,943,warrior,fury,24,14,10
Gunnarre,khaz-modan,941,warrior,fury,24,10,14
Falaliss,elune,940,warrior,fury,74,33,41
Warallari,khaz-modan,936,warrior,fury,36,18,18
Kuljapro,ravencrest,935,warrior,fury,18,10,8
Schildwall,aegwynn,933,warrior,fury,24,10,14
Dolora,ragnaros,930,warrior,fury,50,23,27
Titanhaut,frostwolf,929,warrior,fury,18,10,8
Торакусу,gordunni,929,warrior,fury,84,41,43
Astoch,outland,926,warrior,fury,23,10,13
Oxandrolona,argent-dawn,926,warrior,fury,30,10,20
Waríos,blackrock,925,warrior,fury,30,10,20
Solatika,alexstrasza,924,warrior,fury,195,99,96
Gëaldýr,kazzak,923,warrior,fury,23,10,13
Pitii,burning-legion,920,warrior,fury,20,11,9
Colluba,frostwolf,918,warrior,fury,35,21,14
Dirtybugga,nagrand,916,warrior,fury,16,11,5
Mïîäm,archimonde,908,warrior,fury,21,10,11
Злопиканкин,gordunni,905,warrior,fury,19,11,8
Лилслайм,gordunni,905,warrior,fury,48,25,23
Dullegriet,veknilash,897,warrior,fury,43,11,32
Gardur,blackrock,895,warrior,fury,15,11,4
Murgrimm,die-silberne-hand,895,warrior,fury,99,48,51
Gnompower,archimonde,892,warrior,fury,17,10,7
Jhoakim,argent-dawn,892,warrior,fury,27,10,17
Djranji,kazzak,891,warrior,fury,22,10,12
Bëlzé,les-clairvoyants,887,warrior,fury,38,14,24
Solidier,archimonde,883,warrior,fury,60,21,39
Ogerit,blackmoore,879,warrior,fury,60,28,32
Shinnok,stormreaver,879,warrior,fury,42,17,25
Rédsonja,chamber-of-aspects,878,warrior,fury,64,30,34
Mélin,ravencrest,876,warrior,fury,19,10,9
Jâbs,hyjal,875,warrior,fury,36,11,25
Stroj,aerie-peak,874,warrior,fury,71,36,35
Føxis,aegwynn,864,warrior,fury,12,9,3
Kihili,twisting-nether,864,warrior,fury,12,9,3
Sporctaco,pozzo-delleternità,864,warrior,fury,12,9,3
Granlach,sunstrider,864,warrior,fury,12,9,3
Брокскрим,soulflayer,864,warrior,fury,12,9,3
Táÿ,stormscale,864,warrior,fury,12,9,3
Licious,outland,864,warrior,fury,12,9,3
Lildaddypump,ravencrest,864,warrior,fury,18,9,9
Рэйвисмашина,gordunni,864,warrior,fury,24,9,15
Мираккл,borean-tundra,864,warrior,fury,24,9,15
Зэйсс,gordunni,863,warrior,fury,12,9,3
Âshkä,ysondre,863,warrior,fury,12,9,3
Maruma,frostwolf,863,warrior,fury,12,9,3
Warorc,eredar,863,warrior,fury,18,9,9
Jkfede,nemesis,863,warrior,fury,18,9,9
Lunätic,sylvanas,863,warrior,fury,18,9,9
Therealskull,grim-batol,863,warrior,fury,18,9,9
Popola,ravencrest,863,warrior,fury,18,9,9
Showerfresh,silvermoon,863,warrior,fury,18,9,9
Нейв,blackscar,863,warrior,fury,18,9,9
Incendix,stormscale,863,warrior,fury,18,9,9
Аскагорт,soulflayer,863,warrior,fury,18,9,9
Littlewar,hyjal,863,warrior,fury,18,9,9
Zyzie,argent-dawn,863,warrior,fury,24,9,15
Warhero,burning-legion,862,warrior,fury,12,9,3
Realstars,tichondrius,862,warrior,fury,12,9,3
Exzecute,outland,862,warrior,fury,12,9,3
Cianna,silvermoon,862,warrior,fury,12,9,3
Оркнарос,soulflayer,862,warrior,fury,12,9,3
Gypsykìng,darksorrow,862,warrior,fury,18,9,9
Lecorrecteur,archimonde,862,warrior,fury,18,9,9
Julmawarru,twisting-nether,862,warrior,fury,18,9,9
Rândy,confrérie-du-thorium,862,warrior,fury,18,9,9
Claptheheal,silvermoon,862,warrior,fury,18,9,9
Grimleaper,twisting-nether,862,warrior,fury,18,9,9
Isnookzl,blackmoore,862,warrior,fury,18,9,9
Shurubel,outland,862,warrior,fury,18,9,9
Vìbe,archimonde,862,warrior,fury,24,9,15
Denshyel,dun-modr,861,warrior,fury,15,10,5
Dieselengine,draenor,861,warrior,fury,18,9,9
Zehirjin,sargeras,861,warrior,fury,18,9,9
Kokaspincha,aggra-português,860,warrior,fury,18,9,9
Afk,emeriss,860,warrior,fury,18,9,9
Firience,silvermoon,860,warrior,fury,18,9,9
Vanheimsgard,ragnaros,860,warrior,fury,24,9,15
Ragecrit,ragnaros,859,warrior,fury,24,9,15
Valkirya,arthas,859,warrior,fury,30,9,21
Iwts,archimonde,858,warrior,fury,18,9,9
Cogneur,archimonde,857,warrior,fury,24,9,15
Manfred,burning-legion,855,warrior,fury,12,9,3
Saykage,blackhand,854,warrior,fury,18,9,9
Warfield,draenor,853,warrior,fury,24,9,15
Блиблоб,eversong,852,warrior,fury,18,9,9
Taurras,nathrezim,852,warrior,fury,104,51,53
Kharzak,ungoro,849,warrior,fury,18,9,9
Спунжио,ashenvale,848,warrior,fury,18,9,9
Glavý,burning-legion,845,warrior,fury,23,9,14
Giemb,doomhammer,844,warrior,fury,78,28,50
Tiscanno,nemesis,842,warrior,fury,49,24,25
Telamonas,haomarush,839,warrior,fury,18,9,9
Pollverizer,ghostlands,837,warrior,fury,45,19,26
Grimdur,kirin-tor,833,warrior,fury,38,13,25
Ânaxi,silvermoon,831,warrior,fury,14,10,4
Nainpossible,marécage-de-zangar,825,warrior,fury,18,9,9
Iæ,perenolde,818,warrior,fury,18,9,9
Jøtawarrior,sanguino,815,warrior,fury,17,9,8
Tatya,drekthar,815,warrior,fury,21,10,11
Варриорнир,howling-fjord,814,warrior,fury,14,10,4
Kímó,silvermoon,814,warrior,fury,15,9,6
Miina,blutkessel,802,warrior,fury,18,9,9
Khanox,twisting-nether,799,warrior,fury,17,9,8
Griswarr,draenor,797,warrior,fury,14,9,5
Саурканг,howling-fjord,795,warrior,fury,28,9,19
Ocelote,elune,794,warrior,fury,18,9,9
Guinnasse,khaz-modan,794,warrior,fury,21,9,12
Xguildone,magtheridon,791,warrior,fury,73,30,43
Filador,wildhammer,788,warrior,fury,30,12,18
Boxersene,blackmoore,784,warrior,fury,28,10,18
Parteyunques,sanguino,783,warrior,fury,19,9,10
Ahaks,draenor,782,warrior,fury,21,9,12
Ironfangs,argent-dawn,768,warrior,fury,12,8,4
Chaseheal,frostwolf,768,warrior,fury,12,8,4
Xecutie,antonidas,768,warrior,fury,12,8,4
Chelby,argent-dawn,768,warrior,fury,12,8,4
Sargul,ragnaros,768,warrior,fury,12,8,4
Dragonfly,nathrezim,768,warrior,fury,12,8,4
Aléxsandra,ravencrest,768,warrior,fury,12,8,4
Zern,draenor,768,warrior,fury,12,8,4
Cathériné,drakthul,768,warrior,fury,12,8,4
Bím,archimonde,768,warrior,fury,12,8,4
Grroom,tarren-mill,768,warrior,fury,12,8,4
Уэсгар,blackscar,768,warrior,fury,12,8,4
Jokkul,tarren-mill,768,warrior,fury,12,8,4
Varøkka,aegwynn,768,warrior,fury,12,8,4
Blizo,tarren-mill,768,warrior,fury,12,8,4
Zimbabakunda,ravencrest,768,warrior,fury,18,8,10
Harimà,antonidas,768,warrior,fury,18,8,10
Moldamis,blackhand,768,warrior,fury,18,8,10
Joéfernandés,sylvanas,768,warrior,fury,18,8,10
Nightvision,skullcrusher,768,warrior,fury,18,8,10
Untiltèd,ravencrest,768,warrior,fury,18,8,10
Krathox,kazzak,768,warrior,fury,18,8,10
Míngxuan,tarren-mill,767,warrior,fury,12,8,4
Kìrìtosan,pozzo-delleternità,767,warrior,fury,12,8,4
Largeblade,kazzak,767,warrior,fury,12,8,4
Schmackes,terrordar,767,warrior,fury,12,8,4
Sorryforwhat,stormscale,767,warrior,fury,12,8,4
Gimlee,kul-tiras,767,warrior,fury,12,8,4
Xtu,kazzak,767,warrior,fury,12,8,4
Birikkin,draenor,767,warrior,fury,12,8,4
Rooflolly,argent-dawn,767,warrior,fury,12,8,4
Báshx,outland,767,warrior,fury,12,8,4
Skeptikal,argent-dawn,767,warrior,fury,12,8,4
Skillclapped,ravencrest,767,warrior,fury,15,9,6
Онатолька,eversong,767,warrior,fury,16,9,7
Ðíscøwârrìør,nethersturm,767,warrior,fury,18,8,10
Saarhoy,silvermoon,767,warrior,fury,18,8,10
Фелёр,gordunni,767,warrior,fury,18,8,10
Ødên,frostmane,767,warrior,fury,18,8,10
Dollybúrster,aegwynn,767,warrior,fury,18,8,10
Arandyr,archimonde,767,warrior,fury,18,8,10
Изберг,soulflayer,767,warrior,fury,18,8,10
Philatou,antonidas,767,warrior,fury,18,8,10
Dallion,azjolnerub,767,warrior,fury,18,8,10
Rndname,malganis,767,warrior,fury,18,8,10
Глинм,gordunni,767,warrior,fury,24,8,16
Warriur,silvermoon,766,warrior,fury,12,8,4
Hekto,burning-legion,766,warrior,fury,12,8,4
Deadwaifu,ragnaros,766,warrior,fury,18,8,10
Eyolf,thunderhorn,766,warrior,fury,24,8,16
Throndin,dun-modr,766,warrior,fury,24,8,16
Arlan,dragonblight,766,warrior,fury,30,8,22
Knussnacker,sanguino,765,warrior,fury,12,8,4
Roninwar,the-maelstrom,764,warrior,fury,18,8,10
Malasortë,sylvanas,764,warrior,fury,18,8,10
Ryuma,lordaeron,764,warrior,fury,18,8,10
Furginox,argent-dawn,764,warrior,fury,24,8,16
Greatsword,turalyon,763,warrior,fury,12,8,4
Tsu,karazhan,763,warrior,fury,18,8,10
Cazzpowa,frostmane,762,warrior,fury,12,8,4
Theunknown,eonar,762,warrior,fury,24,8,16
Rammaxx,tarren-mill,761,warrior,fury,18,8,10
Khaalo,blackhand,760,warrior,fury,12,8,4
Ксартус,gordunni,760,warrior,fury,24,8,16
Ремарус,fordragon,759,warrior,fury,12,8,4
Czarian,ragnaros,759,warrior,fury,36,8,28
Arta,arthas,757,warrior,fury,18,8,10
Ошинай,gordunni,756,warrior,fury,18,8,10
Uleixoshark,argent-dawn,754,warrior,fury,18,8,10
Zarkos,onyxia,754,warrior,fury,24,8,16
Destrzadora,exodar,750,warrior,fury,18,8,10
Onslaught,pozzo-delleternità,749,warrior,fury,30,8,22
Armoricus,argent-dawn,748,warrior,fury,18,8,10
Litkis,silvermoon,746,warrior,fury,12,8,4
Zerathos,emerald-dream,743,warrior,fury,42,8,34
Aedin,ravencrest,734,warrior,fury,17,8,9
Арнвальд,galakrond,728,warrior,fury,18,8,10
Гопниг,deepholm,719,warrior,fury,17,8,9
Вагранна,soulflayer,719,warrior,fury,17,8,9
Bragush,shattrath,718,warrior,fury,11,8,3
Yenïa,argent-dawn,718,warrior,fury,21,8,13
Ентил,gordunni,718,warrior,fury,23,8,15
Jakedo,outland,703,warrior,fury,17,8,9
Shostka,draenor,702,warrior,fury,10,8,2
Manelar,draenor,702,warrior,fury,14,8,6
Kilkov,emeriss,701,warrior,fury,16,8,8
Grekowar,dalaran,700,warrior,fury,17,8,9
Amédé,ysondre,697,warrior,fury,17,8,9
Giltiné,runetotem,687,warrior,fury,13,8,5
Bubbsi,turalyon,674,warrior,fury,24,8,16
Дмидрашх,howling-fjord,672,warrior,fury,10,8,2
Khrtw,silvermoon,672,warrior,fury,12,7,5
Youstupide,drekthar,672,warrior,fury,12,7,5
Ézélya,dalaran,672,warrior,fury,12,7,5
Avgorcgodx,stormscale,672,warrior,fury,12,7,5
Jollypig,stormscale,672,warrior,fury,12,7,5
Думслэер,gordunni,672,warrior,fury,12,7,5
Инкула,gordunni,672,warrior,fury,12,7,5
Miquellá,die-aldor,672,warrior,fury,12,7,5
Ðeadyet,mugthol,672,warrior,fury,12,7,5
Hortswarr,drakthul,672,warrior,fury,12,7,5
Hàssard,outland,672,warrior,fury,12,7,5
Saurens,twisting-nether,672,warrior,fury,12,7,5
Xxeqtr,kazzak,672,warrior,fury,12,7,5
Istenn,stormscale,672,warrior,fury,12,7,5
Fragsonic,stormscale,672,warrior,fury,12,7,5
Harbor,burning-blade,672,warrior,fury,12,7,5
Kuangbaozhan,dun-morogh,672,warrior,fury,12,7,5
Yuuta,ravencrest,672,warrior,fury,12,7,5
Gramrosh,eredar,672,warrior,fury,18,7,11
Rarae,kazzak,672,warrior,fury,18,7,11
Foboa,archimonde,672,warrior,fury,18,7,11
Учихагодх,howling-fjord,672,warrior,fury,18,7,11
Omcat,dun-modr,672,warrior,fury,18,7,11
Кэйкан,gordunni,672,warrior,fury,18,7,11
Shalahed,outland,672,warrior,fury,18,7,11
Shintuargar,blackrock,672,warrior,fury,18,7,11
Sweeyz,elune,671,warrior,fury,12,7,5
Bruxus,blackhand,671,warrior,fury,12,7,5
Vàriam,argent-dawn,671,warrior,fury,12,7,5
Broknagar,draenor,671,warrior,fury,12,7,5
Timmyda,dalaran,671,warrior,fury,12,7,5
Showneck,blackmoore,671,warrior,fury,12,7,5
Zedori,stormrage,671,warrior,fury,12,7,5
Shayarielle,zirkel-des-cenarius,671,warrior,fury,12,7,5
Arturdayne,sanguino,671,warrior,fury,12,7,5
Pépêloup,archimonde,671,warrior,fury,12,7,5
Rryba,blackrock,671,warrior,fury,12,7,5
Dorya,aegwynn,671,warrior,fury,12,7,5
Sargonas,burning-blade,671,warrior,fury,12,7,5
Grumpy,lightbringer,671,warrior,fury,12,7,5
Roitz,tarren-mill,671,warrior,fury,12,7,5
Haraldjuhnke,frostwolf,671,warrior,fury,12,7,5
Souler,burning-legion,671,warrior,fury,12,7,5
Pixelknight,argent-dawn,671,warrior,fury,12,7,5
Sniperwølf,tyrande,671,warrior,fury,12,7,5
Septymyya,eredar,671,warrior,fury,15,8,7
Bonnejournée,stormscale,671,warrior,fury,18,7,11
Nuclearrage,outland,671,warrior,fury,18,7,11
Mfull,tarren-mill,671,warrior,fury,18,7,11
Kolxoz,doomhammer,671,warrior,fury,18,7,11
Têtebruler,archimonde,671,warrior,fury,18,7,11
Zonash,kazzak,671,warrior,fury,18,7,11
Jaowa,blackmoore,671,warrior,fury,18,7,11
Poniroula,burning-legion,671,warrior,fury,18,7,11
Otzmokk,blackmoore,671,warrior,fury,21,8,13
Afofaifadx,cthun,671,warrior,fury,24,7,17
Drexx,ragnaros,670,warrior,fury,12,7,5
Obaru,antonidas,670,warrior,fury,12,7,5
Izrael,alakir,670,warrior,fury,12,7,5
Sadex,blackmoore,670,warrior,fury,12,7,5
Chadchadsson,ravencrest,670,warrior,fury,12,7,5
Bankaju,burning-legion,669,warrior,fury,18,7,11
Galdir,ravencrest,665,warrior,fury,12,7,5
Wardén,argent-dawn,664,warrior,fury,24,7,17
Albabhaltair,quelthalas,654,warrior,fury,18,7,11
Batourga,marécage-de-zangar,653,warrior,fury,23,7,16
Shedzo,tarren-mill,639,warrior,fury,14,8,6
Mongojones,outland,623,warrior,fury,11,7,4
Autümn,argent-dawn,618,warrior,fury,21,8,13
Nèssa,outland,607,warrior,fury,14,7,7
Scofiéld,lordaeron,601,warrior,fury,11,7,4
Lykevil,medivh,598,warrior,fury,20,7,13
Quarantino,ysondre,590,warrior,fury,23,7,16
Thighbreaker,silvermoon,576,warrior,fury,6,6,0
Thomasman,nerathor,576,warrior,fury,6,6,0
Артэкриогг,soulflayer,576,warrior,fury,6,6,0
Rhagnok,archimonde,576,warrior,fury,6,6,0
Dimethefoxx,argent-dawn,576,warrior,fury,6,6,0
Роули,blackscar,576,warrior,fury,12,6,6
Rexonawarr,kazzak,576,warrior,fury,12,6,6
Ränchiëk,ravencrest,576,warrior,fury,12,6,6
Ðênnis,ravencrest,576,warrior,fury,12,6,6
Виртилий,soulflayer,576,warrior,fury,12,6,6
Lanahan,argent-dawn,576,warrior,fury,12,6,6
Kalho,ravencrest,576,warrior,fury,12,6,6
Фктпх,blackscar,576,warrior,fury,12,6,6
Nallepúh,silvermoon,576,warrior,fury,12,6,6
Фокатопх,blackscar,576,warrior,fury,12,6,6
Pistolpenny,stormscale,576,warrior,fury,12,6,6
Белхэнд,soulflayer,576,warrior,fury,12,6,6
Kristinas,tarren-mill,576,warrior,fury,12,6,6
Zkb,zuljin,576,warrior,fury,12,6,6
Buckiesøde,twisting-nether,576,warrior,fury,12,6,6
Rylbrah,blackmoore,576,warrior,fury,12,6,6
Саркон,ashenvale,576,warrior,fury,12,6,6
Geckoo,emerald-dream,576,warrior,fury,12,6,6
Humanboi,ravencrest,576,warrior,fury,12,6,6
Sakumo,sylvanas,576,warrior,fury,12,6,6
Hasbullá,kazzak,576,warrior,fury,12,6,6
Rudvard,hyjal,576,warrior,fury,12,6,6
Ellissari,tirion,576,warrior,fury,12,6,6
Каоссвар,howling-fjord,576,warrior,fury,12,6,6
Zoink,burning-blade,576,warrior,fury,12,6,6
Obitron,argent-dawn,576,warrior,fury,12,6,6
Oesche,frostmourne,576,warrior,fury,12,6,6
Mokate,kazzak,576,warrior,fury,12,6,6
Marlßørø,twisting-nether,576,warrior,fury,12,6,6
Kapuchino,twisting-nether,576,warrior,fury,12,6,6
Rarcus,chamber-of-aspects,576,warrior,fury,12,6,6
Sêrên,dun-modr,576,warrior,fury,12,6,6
Nøcturnaqq,silvermoon,576,warrior,fury,12,6,6
Bstgame,frostmane,576,warrior,fury,12,6,6
Cleaner,blackmoore,576,warrior,fury,12,6,6
Sabijach,kazzak,576,warrior,fury,12,6,6
Tolga,draenor,576,warrior,fury,12,6,6
Sindrener,ysondre,576,warrior,fury,12,6,6
Engalxsol,tarren-mill,576,warrior,fury,12,6,6
Асгинор,gordunni,576,warrior,fury,12,6,6
Änvil,tarren-mill,576,warrior,fury,12,6,6
Deamonn,kazzak,576,warrior,fury,12,6,6
Sadgex,kazzak,576,warrior,fury,12,6,6
Aurélus,rexxar,576,warrior,fury,12,6,6
Gnomet,auchindoun,576,warrior,fury,12,6,6
Dhloos,kazzak,576,warrior,fury,12,6,6
Timagno,nemesis,576,warrior,fury,12,6,6
Yenkonov,blackmoore,576,warrior,fury,12,6,6
Singekipu,hyjal,576,warrior,fury,12,6,6
Waterquéen,outland,576,warrior,fury,12,6,6
Stanfury,sylvanas,576,warrior,fury,12,6,6
Balthew,defias-brotherhood,576,warrior,fury,12,6,6
Thogrêy,archimonde,576,warrior,fury,12,6,6
Gylfanders,the-maelstrom,576,warrior,fury,12,6,6
Kaveli,tarren-mill,576,warrior,fury,12,6,6
Bulgrash,blackmoore,576,warrior,fury,12,6,6
Filoliha,silvermoon,576,warrior,fury,12,6,6
Illmìndofboo,twisting-nether,576,warrior,fury,18,6,12
Gridra,dun-morogh,576,warrior,fury,18,6,12
Hulkzmash,tarren-mill,576,warrior,fury,18,6,12
Korama,emerald-dream,576,warrior,fury,18,6,12
Massiveape,argent-dawn,576,warrior,fury,18,6,12
Эксихард,gordunni,576,warrior,fury,18,6,12
Сталиран,gordunni,576,warrior,fury,18,6,12
Bobolalegend,dalaran,576,warrior,fury,18,6,12
Redwraith,stormscale,576,warrior,fury,18,6,12
Himarsenko,silvermoon,576,warrior,fury,18,6,12
Sorkk,kazzak,576,warrior,fury,18,6,12
Mazzkze,silvermoon,576,warrior,fury,18,6,12
Prettyangel,aegwynn,576,warrior,fury,18,6,12
Richymorty,los-errantes,575,warrior,fury,12,6,6
Jâmâli,malganis,575,warrior,fury,12,6,6
Ffrancis,eldrethalas,575,warrior,fury,12,6,6
Zulien,sanguino,575,warrior,fury,12,6,6
Leorx,draenor,575,warrior,fury,12,6,6
Durrüti,sanguino,575,warrior,fury,12,6,6
Ztranger,the-maelstrom,575,warrior,fury,12,6,6
Kogän,ragnaros,575,warrior,fury,12,6,6
Esegryel,argent-dawn,575,warrior,fury,12,6,6
Моргаур,howling-fjord,575,warrior,fury,12,6,6
Kaeo,lordaeron,575,warrior,fury,12,6,6
Akinewan,twisting-nether,575,warrior,fury,12,6,6
Xenesthis,dun-morogh,575,warrior,fury,12,6,6
Bloódángel,frostwolf,575,warrior,fury,12,6,6
Vmnbgh,aszune,575,warrior,fury,12,6,6
Nihroxis,blackrock,575,warrior,fury,12,6,6
Krasark,blackmoore,575,warrior,fury,18,6,12
Argomor,stormscale,575,warrior,fury,18,6,12
Tîrael,antonidas,575,warrior,fury,18,6,12
Akäme,ysondre,575,warrior,fury,18,6,12
Nidwar,quelthalas,575,warrior,fury,18,6,12
Juanvaco,tarren-mill,575,warrior,fury,24,6,18
Murotan,dalaran,575,warrior,fury,24,6,18
Вкусныисыр,soulflayer,574,warrior,fury,12,6,6
Exødiä,hyjal,574,warrior,fury,12,6,6
Bruko,silvermoon,574,warrior,fury,12,6,6
Denisamanea,chamber-of-aspects,574,warrior,fury,18,6,12
Admiràl,azuremyst,573,warrior,fury,12,6,6
Gomblin,blackmoore,573,warrior,fury,12,6,6
Зарган,howling-fjord,573,warrior,fury,24,6,18
Джомалкович,deathweaver,572,warrior,fury,12,6,6
Deushill,sylvanas,570,warrior,fury,12,6,6
Ragghatt,draenor,570,warrior,fury,18,6,12
Khrund,burning-legion,566,warrior,fury,14,6,8
Bhzerrkk,nerathor,564,warrior,fury,24,6,18
Nokla,kazzak,559,warrior,fury,11,6,5
Chàrgex,blackrock,544,warrior,fury,10,7,3
Mokwo,chogall,543,warrior,fury,14,7,7
Refl,kazzak,543,warrior,fury,17,6,11
Piinte,naxxramas,536,warrior,fury,14,7,7
Tgabor,ragnaros,528,warrior,fury,9,6,3
Skeptikal,tarren-mill,527,warrior,fury,11,6,5
Мегамегаогр,howling-fjord,527,warrior,fury,11,6,5
Narkololzz,marécage-de-zangar,527,warrior,fury,15,6,9
Skillissues,argent-dawn,522,warrior,fury,17,9,8
Retmain,draenor,522,warrior,fury,20,8,12
Oluwafunmila,tarren-mill,512,warrior,fury,10,6,4
Крагерр,gordunni,511,warrior,fury,14,6,8
Khartoz,kult-der-verdammten,510,warrior,fury,14,6,8
Dreyker,sanguino,510,warrior,fury,14,6,8
Xanatos,khazgoroth,510,warrior,fury,20,6,14
Iamanorc,silvermoon,509,warrior,fury,14,6,8
Blutwar,kazzak,499,warrior,fury,25,11,14
Obîwan,dalaran,480,warrior,fury,6,5,1
Escapeartíst,ravencrest,480,warrior,fury,6,5,1
Frandor,dalaran,480,warrior,fury,6,5,1
Bulldòzèr,kazzak,480,warrior,fury,6,5,1
Ганахан,soulflayer,480,warrior,fury,6,5,1
Ishbosheth,stormscale,480,warrior,fury,6,5,1
Cmonbrah,ravencrest,480,warrior,fury,6,5,1
Athoc,dun-modr,480,warrior,fury,6,5,1
Thorock,magtheridon,480,warrior,fury,6,5,1
Melted,ravencrest,480,warrior,fury,6,5,1
Juicycrits,ragnaros,480,warrior,fury,6,5,1
Röell,draenor,480,warrior,fury,6,5,1
Warsteng,ragnaros,480,warrior,fury,6,5,1
Krônm,dun-modr,480,warrior,fury,6,5,1
Kaieh,argent-dawn,480,warrior,fury,6,5,1
Вульфычч,gordunni,480,warrior,fury,6,5,1
Дайбек,howling-fjord,480,warrior,fury,6,5,1
Bârney,ravencrest,480,warrior,fury,6,5,1
Gguts,archimonde,480,warrior,fury,6,5,1
Alyx,mugthol,480,warrior,fury,6,5,1
Easypoîntsx,tarren-mill,480,warrior,fury,6,5,1
Nazhar,kult-der-verdammten,480,warrior,fury,6,5,1
Pihvikostaja,stormreaver,480,warrior,fury,8,5,3
Nainculay,kaelthas,480,warrior,fury,10,5,5
Beznacaj,outland,480,warrior,fury,12,5,7
Damáge,doomhammer,480,warrior,fury,12,5,7
Darthmalgus,stormscale,480,warrior,fury,12,5,7
Jailegear,archimonde,480,warrior,fury,12,5,7
Eiche,kazzak,480,warrior,fury,12,5,7
Wåks,dalaran,480,warrior,fury,12,5,7
Lánse,ravencrest,480,warrior,fury,12,5,7
Кингкраш,gordunni,480,warrior,fury,12,5,7
Friendlytwo,quelthalas,480,warrior,fury,12,5,7
Кэфтэмэ,soulflayer,480,warrior,fury,12,5,7
Rohc,kazzak,480,warrior,fury,12,5,7
Riac,lothar,480,warrior,fury,12,5,7
Gagatchar,die-silberne-hand,480,warrior,fury,12,5,7
Носфератузод,booty-bay,480,warrior,fury,12,5,7
Xatit,ravencrest,480,warrior,fury,12,5,7
Dupnica,kazzak,480,warrior,fury,12,5,7
Arthayl,eredar,480,warrior,fury,12,5,7
Lortèn,stormscale,480,warrior,fury,12,5,7
Stkacha,sanguino,480,warrior,fury,12,5,7
Punahabe,draenor,480,warrior,fury,12,5,7
Orkoje,argent-dawn,480,warrior,fury,12,5,7
Watergate,ysondre,480,warrior,fury,12,5,7
Jugg,emerald-dream,480,warrior,fury,12,5,7
Falnah,sargeras,480,warrior,fury,12,5,7
Bîmbämboom,blackmoore,480,warrior,fury,12,5,7
Like,blackrock,480,warrior,fury,12,5,7
Corlo,uldaman,480,warrior,fury,12,5,7
Kaîsaschnitt,malganis,480,warrior,fury,12,5,7
Rageaholic,blackmoore,480,warrior,fury,12,5,7
Marrowhead,ragnaros,480,warrior,fury,12,5,7
Terminatòr,pozzo-delleternità,480,warrior,fury,12,5,7
Nazdrago,draenor,480,warrior,fury,12,5,7
Gonutz,sylvanas,480,warrior,fury,12,5,7
Kondomi,stormreaver,480,warrior,fury,12,5,7
Лысыч,gordunni,480,warrior,fury,12,5,7
Wallach,darkspear,480,warrior,fury,12,5,7
Soullmike,drakthul,480,warrior,fury,12,5,7
Тысячидуш,gordunni,480,warrior,fury,12,5,7
Тцара,howling-fjord,480,warrior,fury,12,5,7
Йошихироо,howling-fjord,480,warrior,fury,12,5,7
Dreadnova,tarren-mill,480,warrior,fury,12,5,7
Dauderup,aerie-peak,480,warrior,fury,12,5,7
Léonie,arakarahm,480,warrior,fury,12,5,7
Bigbanz,outland,480,warrior,fury,12,5,7
Obersten,stormscale,480,warrior,fury,12,5,7
Donvasto,sylvanas,480,warrior,fury,12,5,7
Petrixens,drakthul,480,warrior,fury,12,5,7
Hofmanntv,alakir,480,warrior,fury,12,5,7
Neoni,defias-brotherhood,480,warrior,fury,12,5,7
Ruixxted,stormreaver,480,warrior,fury,12,5,7
Трис,fordragon,480,warrior,fury,12,5,7
Kâllay,blackrock,480,warrior,fury,12,5,7
Gollyboy,ravencrest,480,warrior,fury,12,5,7
Bíanco,blackrock,480,warrior,fury,12,5,7
Зэрок,howling-fjord,480,warrior,fury,12,5,7
Kagsteelfist,twisting-nether,480,warrior,fury,12,5,7
Ulthrak,archimonde,480,warrior,fury,12,5,7
Tanaja,stormscale,480,warrior,fury,12,5,7
Forerunner,silvermoon,480,warrior,fury,12,5,7
Bløckqt,archimonde,480,warrior,fury,12,5,7
Гатал,howling-fjord,480,warrior,fury,12,5,7
Baleroni,burning-legion,480,warrior,fury,12,5,7
Mouldyclunge,argent-dawn,480,warrior,fury,17,5,12
Fluffeh,argent-dawn,480,warrior,fury,18,5,13
Asuross,dalaran,480,warrior,fury,18,5,13
Bindera,silvermoon,480,warrior,fury,18,5,13
Ukloth,sanguino,480,warrior,fury,18,5,13
Delonathor,drakthul,480,warrior,fury,18,5,13
Nightmareb,magtheridon,480,warrior,fury,18,5,13
Sambucá,blackmoore,480,warrior,fury,18,5,13
Artheim,silvermoon,480,warrior,fury,24,5,19
Tejecuto,sanguino,479,warrior,fury,6,5,1
Porrter,silvermoon,479,warrior,fury,6,5,1
Haregos,gorgonnash,479,warrior,fury,6,5,1
Pipsysimp,ragnaros,479,warrior,fury,12,5,7
Miotyz,ahnqiraj,479,warrior,fury,12,5,7
Keaile,tarren-mill,479,warrior,fury,12,5,7
Luciferkhan,twisting-nether,479,warrior,fury,12,5,7
Hynekiller,silvermoon,479,warrior,fury,12,5,7
Wilmazutschn,nethersturm,479,warrior,fury,12,5,7
Brutalz,kazzak,479,warrior,fury,12,5,7
Quebradita,tyrande,479,warrior,fury,12,5,7
Чорныгвард,gordunni,479,warrior,fury,12,5,7
Maidenless,quelthalas,479,warrior,fury,12,5,7
Элейд,thermaplugg,479,warrior,fury,12,5,7
Cosmoses,mazrigos,479,warrior,fury,12,5,7
Granrubin,dun-modr,479,warrior,fury,12,5,7
Noizekick,ragnaros,479,warrior,fury,18,5,13
Мутобой,soulflayer,479,warrior,fury,18,5,13
Jeembo,blackmoore,479,warrior,fury,18,5,13
Harny,silvermoon,477,warrior,fury,10,6,4
Roostai,shattered-hand,476,warrior,fury,12,5,7
Xgs,archimonde,468,warrior,fury,17,9,8
Dvärgrobot,draenor,447,warrior,fury,11,5,6
Hudsonn,sylvanas,447,warrior,fury,11,5,6
Jiñnx,outland,447,warrior,fury,11,5,6
Branzei,darkspear,447,warrior,fury,16,5,11
Autumnfálls,kazzak,446,warrior,fury,10,6,4
Valrathion,ravencrest,426,warrior,fury,17,8,9
Пыпыса,gordunni,426,warrior,fury,13,6,7
Yugoslav,argent-dawn,426,warrior,fury,16,6,10
Remen,archimonde,416,warrior,fury,10,5,5
Zeryyo,blackrock,416,warrior,fury,10,5,5
Famous,argent-dawn,400,warrior,fury,7,5,2
Balro,blackmoore,398,warrior,fury,11,6,5
Xentos,kirin-tor,396,warrior,fury,15,8,7
Illyrish,blackmoore,393,warrior,fury,15,6,9
Braindeady,burning-legion,384,warrior,fury,6,4,2
Книфэк,howling-fjord,384,warrior,fury,6,4,2
Cleavnseagal,ravencrest,384,warrior,fury,6,4,2
Biboutons,sargeras,384,warrior,fury,6,4,2
Zhalm,stormscale,384,warrior,fury,6,4,2
Korghar,xavius,384,warrior,fury,6,4,2
Имбасенпай,howling-fjord,384,warrior,fury,6,4,2
Infernall,burning-legion,384,warrior,fury,6,4,2
Purporcfr,archimonde,384,warrior,fury,6,4,2
Tweaked,argent-dawn,384,warrior,fury,6,4,2
Endro,burning-legion,384,warrior,fury,6,4,2
Madvlad,twisting-nether,384,warrior,fury,6,4,2
Gotnuub,tarren-mill,384,warrior,fury,6,4,2
Suzzon,hyjal,384,warrior,fury,6,4,2
Khalifa,stormscale,384,warrior,fury,6,4,2
Raikes,argent-dawn,384,warrior,fury,6,4,2
Stickifrån,darkspear,384,warrior,fury,6,4,2
Howdoyouløse,stormscale,384,warrior,fury,6,4,2
Beached,outland,384,warrior,fury,6,4,2
Chillycheesy,blackmoore,384,warrior,fury,6,4,2
Дугмар,gordunni,384,warrior,fury,6,4,2
Darzuh,dun-modr,384,warrior,fury,6,4,2
Pimagnum,stormscale,384,warrior,fury,6,4,2
Впижаме,gordunni,384,warrior,fury,6,4,2
Rageweight,ragnaros,384,warrior,fury,6,4,2
Durahán,argent-dawn,384,warrior,fury,6,4,2
Virgolibra,grim-batol,384,warrior,fury,6,4,2
Humanoç,dun-modr,384,warrior,fury,6,4,2
Vullgrîm,blackmoore,384,warrior,fury,6,4,2
Nobelisarius,norgannon,384,warrior,fury,6,4,2
Highdive,outland,384,warrior,fury,6,4,2
Truepassion,outland,384,warrior,fury,6,4,2
Bigschnäbi,blackhand,384,warrior,fury,6,4,2
Parafilia,uldum,384,warrior,fury,6,4,2
Executte,zuljin,384,warrior,fury,6,4,2
Klonyarika,ravencrest,384,warrior,fury,6,4,2
Dominow,ysondre,384,warrior,fury,6,4,2
Roadsick,outland,384,warrior,fury,6,4,2
Slux,outland,384,warrior,fury,6,4,2
Khosn,ravencrest,384,warrior,fury,6,4,2
Craíne,antonidas,384,warrior,fury,6,4,2
Crushonyou,aegwynn,384,warrior,fury,6,4,2
Dregath,uldum,384,warrior,fury,6,4,2
Gurrtug,argent-dawn,384,warrior,fury,6,4,2
Mórdér,blackmoore,384,warrior,fury,6,4,2
Zillrog,kazzak,384,warrior,fury,6,4,2
Айфилшок,gordunni,384,warrior,fury,6,4,2
Chisatø,ravencrest,384,warrior,fury,6,4,2
Бейлеор,gordunni,384,warrior,fury,6,4,2
Extasceh,turalyon,384,warrior,fury,6,4,2
Swàck,mazrigos,384,warrior,fury,6,4,2
Zeldius,ravencrest,384,warrior,fury,6,4,2
Strähne,malganis,384,warrior,fury,6,4,2
Dominikhasek,stormscale,384,warrior,fury,6,4,2
Gandosh,blackmoore,384,warrior,fury,6,4,2
Daldiee,ravencrest,384,warrior,fury,6,4,2
Devìlscandy,stormscale,384,warrior,fury,6,4,2
Razzani,nathrezim,384,warrior,fury,6,4,2
Bearimwar,ravencrest,384,warrior,fury,6,4,2
Lôcutus,thrall,384,warrior,fury,6,4,2
Connorzw,blackmoore,384,warrior,fury,6,4,2
Hugobugo,anachronos,384,warrior,fury,6,4,2
Bravest,ragnaros,384,warrior,fury,6,4,2
Venomflex,sanguino,384,warrior,fury,6,4,2
Eliyel,silvermoon,384,warrior,fury,6,4,2
Daýz,draenor,384,warrior,fury,6,4,2
Thôras,anetheron,384,warrior,fury,6,4,2
Chipstjuven,tarren-mill,384,warrior,fury,6,4,2
Кайзерчиф,soulflayer,384,warrior,fury,6,4,2
Svinarghulk,twisting-nether,384,warrior,fury,6,4,2
Жарочныйшкаф,grom,384,warrior,fury,6,4,2
Pierøne,nemesis,384,warrior,fury,6,4,2
Luchanka,the-maelstrom,384,warrior,fury,6,4,2
Orkboii,ravencrest,384,warrior,fury,6,4,2
Mélyssia,dalaran,384,warrior,fury,6,4,2
Feelmyfúry,ravencrest,384,warrior,fury,6,4,2
Satabasse,marécage-de-zangar,384,warrior,fury,6,4,2
Paaki,archimonde,384,warrior,fury,6,4,2
Lôreex,ravencrest,384,warrior,fury,6,4,2
Anzzwar,silvermoon,384,warrior,fury,6,4,2
Viqi,alleria,384,warrior,fury,6,4,2
Dollystyle,kazzak,384,warrior,fury,6,4,2
Nukerz,kirin-tor,384,warrior,fury,6,4,2
Чосо,razuvious,384,warrior,fury,6,4,2
Warbigboss,draenor,384,warrior,fury,6,4,2
Mornog,blackhand,384,warrior,fury,6,4,2
Bersurker,draenor,384,warrior,fury,6,4,2
Shuriká,blackmoore,384,warrior,fury,6,4,2
Ändrow,dalaran,384,warrior,fury,6,4,2
Hofftor,eredar,384,warrior,fury,6,4,2
Sanhaevel,ravencrest,384,warrior,fury,10,4,6
Emix,arygos,384,warrior,fury,10,4,6
Råkeff,tarren-mill,384,warrior,fury,12,4,8
Bastrick,argent-dawn,384,warrior,fury,12,4,8
Yaune,ravencrest,384,warrior,fury,12,4,8
Sabak,archimonde,384,warrior,fury,12,4,8
Jaru,alleria,384,warrior,fury,12,4,8
Bulletpants,argent-dawn,384,warrior,fury,12,4,8
Neekero,burning-legion,384,warrior,fury,12,4,8
Überhase,taerar,384,warrior,fury,12,4,8
Natriumwar,magtheridon,384,warrior,fury,12,4,8
Stamz,drakthul,384,warrior,fury,12,4,8
Rawne,kirin-tor,384,warrior,fury,12,4,8
Blackhêart,shadowsong,384,warrior,fury,12,4,8
Tanalias,outland,384,warrior,fury,12,4,8
Daxhter,sanguino,384,warrior,fury,12,4,8
Utharis,stormscale,384,warrior,fury,12,4,8
Cesaro,blackhand,384,warrior,fury,12,4,8
Grumpwarrior,draenor,384,warrior,fury,12,4,8
Tsuperman,tarren-mill,384,warrior,fury,12,4,8
Grisettê,archimonde,384,warrior,fury,12,4,8
Testonator,outland,384,warrior,fury,12,4,8
Potátonerd,kazzak,384,warrior,fury,12,4,8
Evilmowaio,tarren-mill,384,warrior,fury,12,4,8
Katmos,baelgun,384,warrior,fury,12,4,8
Shaxov,draenor,384,warrior,fury,12,4,8
Деспазитыч,fordragon,384,warrior,fury,12,4,8
Warfam,twisting-nether,384,warrior,fury,12,4,8
Fistawarrior,nemesis,384,warrior,fury,12,4,8
Zargala,stormscale,384,warrior,fury,12,4,8
Läskipää,argent-dawn,384,warrior,fury,12,4,8
Zorath,sanguino,384,warrior,fury,12,4,8
Ganzaésábi,aggra-português,384,warrior,fury,12,4,8
Akril,kelthuzad,384,warrior,fury,12,4,8
Aprilis,thrall,384,warrior,fury,12,4,8
Nexyycleave,kazzak,384,warrior,fury,12,4,8
Причинный,booty-bay,384,warrior,fury,12,4,8
Yumahee,kult-der-verdammten,384,warrior,fury,12,4,8
Schaufelørc,blackrock,384,warrior,fury,12,4,8
Aynerin,silvermoon,384,warrior,fury,12,4,8
Цикламея,blackscar,384,warrior,fury,12,4,8
Xial,ravencrest,384,warrior,fury,12,4,8
Аркашевич,gordunni,384,warrior,fury,12,4,8
Колобочек,eversong,384,warrior,fury,12,4,8
Tysonfurry,defias-brotherhood,384,warrior,fury,12,4,8
Scrin,ravenholdt,384,warrior,fury,12,4,8
Ordínaryname,blackrock,384,warrior,fury,12,4,8
Барнетт,gordunni,384,warrior,fury,12,4,8
Pattrock,blackmoore,384,warrior,fury,12,4,8
Varkoz,sylvanas,384,warrior,fury,12,4,8
Ruz,defias-brotherhood,384,warrior,fury,12,4,8
Sininemunn,alakir,384,warrior,fury,13,4,9
Garradoom,stormscale,384,warrior,fury,17,5,12
Voa,stormscale,383,warrior,fury,6,4,2
Ronda,nemesis,383,warrior,fury,6,4,2
Bulbumbo,twisting-nether,383,warrior,fury,6,4,2
Siltiel,marécage-de-zangar,383,warrior,fury,6,4,2
Subot,frostmane,383,warrior,fury,8,4,4
Basingaa,pozzo-delleternità,383,warrior,fury,12,4,8
Grenad,kazzak,383,warrior,fury,12,4,8
Haryssa,blackhand,383,warrior,fury,12,4,8
Dorwarhoof,ravencrest,383,warrior,fury,12,4,8
Jún,dun-modr,383,warrior,fury,12,4,8
Turmund,turalyon,383,warrior,fury,12,4,8
Xhasan,sylvanas,383,warrior,fury,12,4,8
Tavywar,the-maelstrom,383,warrior,fury,21,5,16
Leonidæs,frostwolf,383,warrior,fury,18,4,14
Ruuddy,draenor,382,warrior,fury,12,4,8
Uknowmeh,twisting-nether,380,warrior,fury,9,5,4
Colliderbody,dun-modr,367,warrior,fury,9,5,4
Proeliator,argent-dawn,367,warrior,fury,11,4,7
Scràvity,blackhand,367,warrior,fury,11,4,7
Slaba,stormscale,351,warrior,fury,11,4,7
Toxîn,dalaran,351,warrior,fury,11,4,7
Hembränt,hellfire,351,warrior,fury,17,4,13
Bossít,doomhammer,336,warrior,fury,9,4,5
Blackseven,ravencrest,330,warrior,fury,9,6,3
Stix,nemesis,330,warrior,fury,15,5,10
Fleshwerk,silvermoon,320,warrior,fury,10,4,6
Zazate,archimonde,319,warrior,fury,5,4,1
Krøn,stormscale,319,warrior,fury,5,4,1
Хоркан,blackscar,319,warrior,fury,8,4,4
Phòbos,stormrage,319,warrior,fury,11,4,7
Anaba,voljin,318,warrior,fury,10,4,6
Groullomus,archimonde,318,warrior,fury,10,4,6
Manký,kazzak,288,warrior,fury,6,3,3
Wutraa,kazzak,288,warrior,fury,6,3,3
Ivailowar,ravencrest,288,warrior,fury,6,3,3
Imabeatyoass,kazzak,288,warrior,fury,6,3,3
Corychase,ravencrest,288,warrior,fury,6,3,3
Priceswex,ravencrest,288,warrior,fury,6,3,3
Titanstriker,silvermoon,288,warrior,fury,6,3,3
Desprado,outland,288,warrior,fury,6,3,3
Cryze,ravencrest,288,warrior,fury,6,3,3
Ironlol,ravencrest,288,warrior,fury,6,3,3
Tojaraa,kazzak,288,warrior,fury,6,3,3
Orcoddio,kazzak,288,warrior,fury,6,3,3
Greenblób,kazzak,288,warrior,fury,6,3,3
Hayahol,kazzak,288,warrior,fury,6,3,3
Vory,ravencrest,288,warrior,fury,6,3,3
Jaffacakes,kazzak,288,warrior,fury,6,3,3
Ölaff,ravencrest,288,warrior,fury,6,3,3
Assyriá,ravencrest,288,warrior,fury,6,3,3
Lamettaheini,tichondrius,288,warrior,fury,6,3,3
Belmønt,archimonde,288,warrior,fury,6,3,3
Bigdbigarms,tarren-mill,288,warrior,fury,6,3,3
Furiousspear,tarren-mill,288,warrior,fury,6,3,3
Wárríor,ragnaros,288,warrior,fury,6,3,3
Kopfnusskali,thrall,288,warrior,fury,6,3,3
Бисовыйармен,soulflayer,288,warrior,fury,6,3,3
Berzzerker,tarren-mill,288,warrior,fury,6,3,3
Bootyclapper,runetotem,288,warrior,fury,6,3,3
Grinrok,thrall,288,warrior,fury,6,3,3
Mfdoöm,draenor,288,warrior,fury,6,3,3
Sathom,hyjal,288,warrior,fury,6,3,3
Lozzakum,draenor,288,warrior,fury,6,3,3
Егермейстр,borean-tundra,288,warrior,fury,6,3,3
Tidùs,nethersturm,288,warrior,fury,6,3,3
Oombac,lordaeron,288,warrior,fury,6,3,3
Whàtsup,stormscale,288,warrior,fury,6,3,3
Nifrediel,trollbane,288,warrior,fury,6,3,3
Lilenrage,stormscale,288,warrior,fury,6,3,3
Stopdaddy,sylvanas,288,warrior,fury,6,3,3
Keffboi,draenor,288,warrior,fury,6,3,3
Auauau,arthas,288,warrior,fury,6,3,3
Tizh,twisting-nether,288,warrior,fury,6,3,3
Slg,tarren-mill,288,warrior,fury,6,3,3
Azotz,archimonde,288,warrior,fury,6,3,3
Androhan,silvermoon,288,warrior,fury,6,3,3
Frankytank,antonidas,288,warrior,fury,6,3,3
Bernieboi,tarren-mill,288,warrior,fury,6,3,3
Nightmareowl,tarren-mill,288,warrior,fury,6,3,3
Lâppön,blackmoore,288,warrior,fury,6,3,3
Finnyboi,ragnaros,288,warrior,fury,6,3,3
Sulemanslay,silvermoon,288,warrior,fury,6,3,3
Iloveit,draenor,288,warrior,fury,6,3,3
Cleavyera,tarren-mill,288,warrior,fury,6,3,3
Lundehund,dalaran,288,warrior,fury,6,3,3
Vernoz,sylvanas,288,warrior,fury,6,3,3
Jamiex,marécage-de-zangar,288,warrior,fury,6,3,3
Lovemilkers,stormscale,288,warrior,fury,6,3,3
Blackwólf,bloodhoof,288,warrior,fury,6,3,3
Rakuna,tarren-mill,288,warrior,fury,6,3,3
Pwndrizle,blackmoore,288,warrior,fury,6,3,3
Tabboonishka,draenor,288,warrior,fury,6,3,3
Geicoo,dalaran,288,warrior,fury,6,3,3
Weendslash,draenor,288,warrior,fury,6,3,3
Incharge,argent-dawn,288,warrior,fury,6,3,3
Jagannath,stormscale,288,warrior,fury,6,3,3
Ijzerekast,sylvanas,288,warrior,fury,6,3,3
Arachnoyd,drakthul,288,warrior,fury,6,3,3
Ýuritarded,silvermoon,288,warrior,fury,6,3,3
Barrocket,aegwynn,288,warrior,fury,6,3,3
Smâllpackage,silvermoon,288,warrior,fury,6,3,3
Riyan,lothar,288,warrior,fury,6,3,3
Didgedelik,archimonde,288,warrior,fury,6,3,3
Padzwarr,kazzak,288,warrior,fury,6,3,3
Щекорез,soulflayer,288,warrior,fury,6,3,3
Döömed,drakthul,288,warrior,fury,6,3,3
Wunderwaffle,xavius,288,warrior,fury,6,3,3
Drfeelgud,twisting-nether,288,warrior,fury,6,3,3
Гацс,soulflayer,288,warrior,fury,6,3,3
Фокатоп,blackscar,288,warrior,fury,6,3,3
Sjekac,stormscale,288,warrior,fury,6,3,3
Sjet,terrordar,288,warrior,fury,6,3,3
Shaanks,archimonde,288,warrior,fury,6,3,3
Zarrgash,blackhand,288,warrior,fury,6,3,3
Bunsen,magtheridon,288,warrior,fury,6,3,3
Argadea,archimonde,288,warrior,fury,6,3,3
Drvx,twisting-nether,288,warrior,fury,6,3,3
Rangnarr,doomhammer,288,warrior,fury,6,3,3
Gnarrwarr,eredar,288,warrior,fury,6,3,3
Elyozz,silvermoon,288,warrior,fury,6,3,3
Uncledazzo,quelthalas,288,warrior,fury,6,3,3
Бигбэйбитейп,greymane,288,warrior,fury,6,3,3
Exaldár,veknilash,288,warrior,fury,6,3,3
Trìnítÿ,anubarak,288,warrior,fury,6,3,3
Ðöç,argent-dawn,288,warrior,fury,6,3,3
Xerone,doomhammer,288,warrior,fury,6,3,3
Previse,argent-dawn,288,warrior,fury,6,3,3
Кефтеме,fordragon,288,warrior,fury,6,3,3
Zilg,twisting-nether,288,warrior,fury,6,3,3
Kohhør,archimonde,288,warrior,fury,6,3,3
Uthric,azuremyst,288,warrior,fury,6,3,3
Rägnât,dun-modr,288,warrior,fury,6,3,3
Peon,eredar,288,warrior,fury,6,3,3
Grkpwh,silvermoon,288,warrior,fury,6,3,3
Kleptomane,blackrock,288,warrior,fury,6,3,3
Брэмбур,goldrinn,288,warrior,fury,6,3,3
Krilza,terrordar,288,warrior,fury,6,3,3
Âxti,blackrock,288,warrior,fury,6,3,3
Tequiero,zuljin,288,warrior,fury,6,3,3
Zhyral,malygos,288,warrior,fury,6,3,3
Neíd,malganis,288,warrior,fury,6,3,3
Ðennis,argent-dawn,288,warrior,fury,6,3,3
Mumbojumbo,uldum,288,warrior,fury,6,3,3
Taeshalach,der-abyssische-rat,288,warrior,fury,6,3,3
Brel,suramar,288,warrior,fury,6,3,3
Wärlight,nemesis,288,warrior,fury,6,3,3
Снакихснаки,gordunni,288,warrior,fury,6,3,3
Lurchusrexus,ysera,288,warrior,fury,6,3,3
Elffarian,the-maelstrom,288,warrior,fury,6,3,3
Wingüi,dun-modr,288,warrior,fury,6,3,3
Зандур,eversong,288,warrior,fury,6,3,3
Bjorsert,dun-modr,288,warrior,fury,6,3,3
Urabrask,stormscale,288,warrior,fury,12,3,9
Devso,ravencrest,288,warrior,fury,12,3,9
Kiryn,draenor,288,warrior,fury,12,3,9
Barbbarus,silvermoon,288,warrior,fury,12,3,9
Drøgma,tyrande,288,warrior,fury,12,3,9
Sisuthros,draenor,288,warrior,fury,12,3,9
Phovoss,stormscale,288,warrior,fury,12,3,9
Daye,zuluhed,288,warrior,fury,12,3,9
Infinitehair,ravencrest,288,warrior,fury,12,3,9
Skykrow,ysondre,288,warrior,fury,12,3,9
Slayfox,dun-morogh,288,warrior,fury,12,3,9
Zyn,outland,288,warrior,fury,12,3,9
Ònîsînîshêrû,kazzak,288,warrior,fury,12,3,9
Bruks,antonidas,288,warrior,fury,12,3,9
Zwheind,silvermoon,288,warrior,fury,12,3,9
Ельмара,gordunni,288,warrior,fury,12,3,9
Hördê,zuljin,288,warrior,fury,12,3,9
Pekknekck,outland,288,warrior,fury,12,3,9
Naspy,stormscale,288,warrior,fury,12,3,9
Høxy,outland,288,warrior,fury,12,3,9
Lyfttokyo,tarren-mill,288,warrior,fury,12,3,9
Оболис,galakrond,288,warrior,fury,12,3,9
Гхазгхкалл,howling-fjord,288,warrior,fury,12,3,9
Pamila,outland,288,warrior,fury,12,3,9
Ireincarnate,argent-dawn,288,warrior,fury,12,3,9
Valldi,argent-dawn,288,warrior,fury,12,3,9
Confliction,outland,288,warrior,fury,12,3,9
Zercher,tarren-mill,288,warrior,fury,12,3,9
Gorkill,bladefist,288,warrior,fury,12,3,9
Ôrcboi,tarren-mill,288,warrior,fury,12,3,9
Aphae,defias-brotherhood,288,warrior,fury,12,3,9
Джондо,gordunni,288,warrior,fury,12,3,9
Conânan,blackrock,288,warrior,fury,12,3,9
Grommer,dentarg,288,warrior,fury,12,3,9
Xeonair,kazzak,288,warrior,fury,15,3,12
Aciu,doomhammer,287,warrior,fury,6,3,3
Fitï,cthun,287,warrior,fury,6,3,3
Gartenzwerge,kelthuzad,287,warrior,fury,6,3,3
Arnnau,dun-modr,287,warrior,fury,6,3,3
Shïn,kaelthas,287,warrior,fury,6,3,3
Atelier,magtheridon,287,warrior,fury,6,3,3
Katmai,nemesis,287,warrior,fury,12,3,9
Luw,twisting-nether,287,warrior,fury,12,3,9
Sjuan,silvermoon,287,warrior,fury,12,3,9
Riptide,aggra-português,287,warrior,fury,13,3,10
Agunnai,karazhan,286,warrior,fury,6,3,3
Andry,draenor,286,warrior,fury,13,4,9
Raffael,pozzo-delleternità,286,warrior,fury,12,3,9
Клифф,gordunni,255,warrior,fury,11,3,8
Kilsorrow,silvermoon,240,warrior,fury,9,4,5
Infecwarr,stormscale,239,warrior,fury,5,3,2
Execute,sanguino,239,warrior,fury,5,3,2
Chonku,draenor,239,warrior,fury,5,3,2
Zeldaixi,twisting-nether,234,warrior,fury,10,5,5
Xqt,laughing-skull,234,warrior,fury,9,4,5
Fetidoman,zuljin,224,warrior,fury,10,3,7
Iarsonn,drakthul,223,warrior,fury,8,3,5
Флокт,howling-fjord,208,warrior,fury,7,3,4
Mudryk,burning-blade,192,warrior,fury,4,3,1
Имбанутыйвар,soulflayer,192,warrior,fury,4,3,1
Цезарь,greymane,192,warrior,fury,4,3,1
Wanzzeur,hyjal,192,warrior,fury,9,3,6
Themachine,burning-blade,192,warrior,fury,9,3,6
Балласёж,gordunni,192,warrior,fury,9,3,6
Ursakhan,sylvanas,192,warrior,fury,9,3,6
Хэлвид,soulflayer,192,warrior,fury,6,2,4
Malyôrs,archimonde,192,warrior,fury,6,2,4
Gewaltbereit,malygos,192,warrior,fury,6,2,4
Ragelust,twisting-nether,192,warrior,fury,6,2,4
Versionx,stormscale,192,warrior,fury,6,2,4
Redow,stormreaver,192,warrior,fury,6,2,4
Onykat,aegwynn,192,warrior,fury,6,2,4
Dariman,aegwynn,192,warrior,fury,6,2,4
Oxxi,outland,192,warrior,fury,6,2,4
Atälànte,ysondre,192,warrior,fury,6,2,4
Alxqt,outland,192,warrior,fury,6,2,4
Азаргатан,soulflayer,192,warrior,fury,6,2,4
Wïnqlùlz,archimonde,192,warrior,fury,6,2,4
Goretterog,ysondre,192,warrior,fury,6,2,4
Wlâdimir,eredar,192,warrior,fury,6,2,4
Ezlx,stormscale,192,warrior,fury,6,2,4
Фурианка,galakrond,192,warrior,fury,6,2,4
Кунгфурик,soulflayer,192,warrior,fury,6,2,4
Pemex,stormreaver,192,warrior,fury,6,2,4
Ragejuice,silvermoon,192,warrior,fury,6,2,4
Eriqua,archimonde,192,warrior,fury,6,2,4
Aaàaàaàa,stormscale,192,warrior,fury,6,2,4
Pappasmurfy,outland,192,warrior,fury,6,2,4
Nallen,the-venture-co,192,warrior,fury,6,2,4
Gregórry,eredar,192,warrior,fury,6,2,4
Shreedshot,blackmoore,192,warrior,fury,6,2,4
Taÿ,stormscale,192,warrior,fury,6,2,4
Whitescale,silvermoon,192,warrior,fury,6,2,4
Ellchefe,aggra-português,192,warrior,fury,6,2,4
Pacheco,eredar,192,warrior,fury,6,2,4
Rampage,ghostlands,192,warrior,fury,6,2,4
Otp,ravencrest,192,warrior,fury,6,2,4
Stapta,kazzak,192,warrior,fury,6,2,4
Romhilde,ravencrest,192,warrior,fury,6,2,4
Ironak,malganis,192,warrior,fury,6,2,4
Trâshwarriør,blackhand,192,warrior,fury,6,2,4
Deathrazór,stormscale,192,warrior,fury,6,2,4
Teñseî,archimonde,192,warrior,fury,6,2,4
Квистин,soulflayer,192,warrior,fury,6,2,4
Piixxz,hyjal,192,warrior,fury,6,2,4
Tpyñåöädxzd,the-maelstrom,192,warrior,fury,6,2,4
Кентафурик,soulflayer,192,warrior,fury,6,2,4
Atlizz,twisting-nether,192,warrior,fury,6,2,4
Sudosolo,burning-blade,192,warrior,fury,6,2,4
Everest,aegwynn,192,warrior,fury,6,2,4
Zirvey,tarren-mill,192,warrior,fury,6,2,4
Fookyoup,stormscale,192,warrior,fury,6,2,4
Deadnamekill,ragnaros,192,warrior,fury,6,2,4
Draskoé,hyjal,192,warrior,fury,6,2,4
Гудмунт,borean-tundra,192,warrior,fury,6,2,4
Walkers,frostmane,192,warrior,fury,6,2,4
Skullxy,talnivarr,192,warrior,fury,6,2,4
Opwarrko,drakthul,192,warrior,fury,6,2,4
Bladestormxx,blackmoore,192,warrior,fury,6,2,4
Demonraze,hyjal,192,warrior,fury,6,2,4
Lengthymort,tarren-mill,192,warrior,fury,6,2,4
Tyranitar,pozzo-delleternità,192,warrior,fury,6,2,4
Wembley,proudmoore,192,warrior,fury,6,2,4
Potatoslam,twisting-nether,192,warrior,fury,6,2,4
Crocbait,ravencrest,192,warrior,fury,6,2,4
Sgàthach,silvermoon,192,warrior,fury,6,2,4
Raizy,frostwolf,192,warrior,fury,6,2,4
Rayyes,stormscale,192,warrior,fury,6,2,4
Mîcî,tarren-mill,192,warrior,fury,6,2,4
Akkí,twisting-nether,192,warrior,fury,6,2,4
Kennzz,ravencrest,192,warrior,fury,6,2,4
Nokturnâl,silvermoon,192,warrior,fury,6,2,4
Elendurel,outland,192,warrior,fury,6,2,4
Woddeywar,blackmoore,192,warrior,fury,6,2,4
Sefty,tarren-mill,192,warrior,fury,6,2,4
Kímbo,tarren-mill,192,warrior,fury,6,2,4
Wargoth,draenor,192,warrior,fury,6,2,4
Antilopkräm,kazzak,192,warrior,fury,6,2,4
Arozin,thrall,192,warrior,fury,6,2,4
Zaddi,blackrock,192,warrior,fury,6,2,4
Сетт,howling-fjord,192,warrior,fury,6,2,4
Raxur,kazzak,192,warrior,fury,6,2,4
Chrymiiee,blutkessel,192,warrior,fury,6,2,4
Massivezug,kazzak,192,warrior,fury,6,2,4
Jriddyzug,ravencrest,192,warrior,fury,6,2,4
Karkun,gilneas,192,warrior,fury,6,2,4
Каррагор,howling-fjord,192,warrior,fury,6,2,4
Kmag,ravencrest,192,warrior,fury,6,2,4
Hellzint,sanguino,192,warrior,fury,6,2,4
Vikiox,das-konsortium,192,warrior,fury,6,2,4
Екзобайт,gordunni,192,warrior,fury,6,2,4
Søwtime,sanguino,192,warrior,fury,6,2,4
Martins,doomhammer,192,warrior,fury,6,2,4
Oueban,doomhammer,192,warrior,fury,6,2,4
Evilweraz,turalyon,192,warrior,fury,6,2,4
Maniaco,kazzak,192,warrior,fury,6,2,4
Deswarr,tarren-mill,192,warrior,fury,6,2,4
Holdemhammer,sanguino,192,warrior,fury,6,2,4
Lianore,sanguino,192,warrior,fury,6,2,4
Nabucadnozor,illidan,192,warrior,fury,6,2,4
Армгрид,gordunni,192,warrior,fury,6,2,4
Ieatprotein,kazzak,192,warrior,fury,6,2,4
Shownomercy,blackrock,192,warrior,fury,6,2,4
Sertigan,dun-modr,192,warrior,fury,6,2,4
Velgur,ravencrest,192,warrior,fury,6,2,4
Joblôb,guldan,192,warrior,fury,6,2,4
Optitt,dethecus,192,warrior,fury,6,2,4
Buntstift,thrall,192,warrior,fury,6,2,4
Descending,xavius,192,warrior,fury,6,2,4
Dárïus,kazzak,192,warrior,fury,6,2,4
Даммодар,howling-fjord,192,warrior,fury,6,2,4
Искристый,howling-fjord,192,warrior,fury,6,2,4
Zalazain,burning-legion,192,warrior,fury,6,2,4
Siuzy,blackrock,192,warrior,fury,6,2,4
Queak,kazzak,192,warrior,fury,6,2,4
Мухалии,howling-fjord,192,warrior,fury,6,2,4
Fuwy,argent-dawn,192,warrior,fury,6,2,4
Blæsild,ravencrest,192,warrior,fury,6,2,4
Zugzugcleave,blackrock,192,warrior,fury,6,2,4
Malalulu,burning-legion,192,warrior,fury,6,2,4
Jambaz,ravencrest,192,warrior,fury,6,2,4
Shíranuí,blackhand,192,warrior,fury,10,3,7
Karmok,hyjal,192,warrior,fury,7,2,5
Schneklinge,blutkessel,192,warrior,fury,8,2,6
Ikaroshi,silvermoon,192,warrior,fury,9,2,7
Thordis,sylvanas,192,warrior,fury,11,2,9
Urruk,archimonde,192,warrior,fury,12,2,10
Rageside,draenor,192,warrior,fury,12,2,10
Rampage,azuremyst,192,warrior,fury,12,2,10
Smasherx,draenor,192,warrior,fury,12,2,10
Killingstórm,kazzak,192,warrior,fury,12,2,10
Зоранит,howling-fjord,192,warrior,fury,12,2,10
Earny,outland,192,warrior,fury,12,2,10
Boofhoof,nordrassil,192,warrior,fury,12,2,10
Andrjuscha,blackrock,192,warrior,fury,12,2,10
Minotaureeni,silvermoon,192,warrior,fury,12,2,10
Stonlocked,blackhand,192,warrior,fury,12,2,10
Altroox,malorne,192,warrior,fury,12,2,10
Angrethar,tarren-mill,192,warrior,fury,12,2,10
Selethedrae,antonidas,192,warrior,fury,12,2,10
Зигигодх,gordunni,192,warrior,fury,12,2,10
Трапсир,gordunni,192,warrior,fury,12,2,10
Korova,blackrock,192,warrior,fury,12,2,10
Davetsiz,burning-legion,192,warrior,fury,12,2,10
Pakusrage,defias-brotherhood,192,warrior,fury,12,2,10
Сажень,blackscar,192,warrior,fury,12,2,10
Sycon,chamber-of-aspects,192,warrior,fury,12,2,10
Frowenn,ravencrest,192,warrior,fury,12,2,10
Tömahawk,defias-brotherhood,191,warrior,fury,6,2,4
Omosha,burning-legion,191,warrior,fury,6,2,4
Dorinaz,die-aldor,191,warrior,fury,6,2,4
Alvis,nathrezim,191,warrior,fury,6,2,4
Sakaî,temple-noir,191,warrior,fury,6,2,4
Bøyka,sinstralis,175,warrior,fury,11,2,9
Loty,drakthul,175,warrior,fury,11,2,9
Кереешка,howling-fjord,175,warrior,fury,11,2,9
Limejuicer,argent-dawn,169,warrior,fury,12,5,7
Marranu,cthun,159,warrior,fury,5,2,3
Møtomoto,defias-brotherhood,159,warrior,fury,5,2,3
Wrcia,ragnaros,159,warrior,fury,5,2,3
Brülldozer,kargath,159,warrior,fury,5,2,3
Dampbob,draenor,159,warrior,fury,5,2,3
Servion,ravencrest,138,warrior,fury,8,3,5
Vlaax,ravencrest,138,warrior,fury,14,3,11
Æxcoast,ravencrest,128,warrior,fury,4,2,2
Serpentheron,stormscale,128,warrior,fury,4,2,2
Teljii,blackmoore,128,warrior,fury,4,2,2
Soldegaard,drakthul,127,warrior,fury,8,2,6
Krunchä,ragnaros,96,warrior,fury,3,2,1
Ög,archimonde,96,warrior,fury,3,2,1
Текайко,eversong,96,warrior,fury,3,2,1
Dersaft,blackmoore,96,warrior,fury,3,2,1
Gorchak,blackmoore,96,warrior,fury,3,2,1
Azrail,xavius,96,warrior,fury,6,1,5
Марльин,howling-fjord,96,warrior,fury,6,1,5
Каргрогар,eversong,96,warrior,fury,6,1,5
Raakalainen,vashj,96,warrior,fury,6,1,5
Модныйклык,eversong,96,warrior,fury,6,1,5
Mot,terenas,96,warrior,fury,6,1,5
Malebolia,mugthol,96,warrior,fury,6,1,5
Matchoo,archimonde,96,warrior,fury,6,1,5
Axtuz,malorne,96,warrior,fury,6,1,5
Arowbaze,archimonde,96,warrior,fury,6,1,5
Lavati,malganis,96,warrior,fury,6,1,5
Spacemachine,kazzak,96,warrior,fury,6,1,5
Онлихелл,howling-fjord,96,warrior,fury,6,1,5
Рагкар,gordunni,96,warrior,fury,6,1,5
Фиббоначи,deathguard,96,warrior,fury,6,1,5
Wiliamwalace,zuljin,96,warrior,fury,6,1,5
Savedsky,zuljin,96,warrior,fury,6,1,5
Salom,illidan,96,warrior,fury,6,1,5
Nînes,tarren-mill,96,warrior,fury,6,1,5
Xenowarr,tarren-mill,96,warrior,fury,6,1,5
Hammerfall,uldum,96,warrior,fury,6,1,5
Stratic,blackmoore,96,warrior,fury,6,1,5
Warduvel,dragonblight,96,warrior,fury,6,1,5
Marícan,blackmoore,96,warrior,fury,6,1,5
Sigewulf,outland,96,warrior,fury,6,1,5
Dp,area-52,96,warrior,fury,6,1,5
Флагмэн,gordunni,96,warrior,fury,6,1,5
Gameera,aerie-peak,96,warrior,fury,6,1,5
Elesharde,sanguino,96,warrior,fury,6,1,5
Kirzan,silvermoon,96,warrior,fury,6,1,5
Azladan,sylvanas,96,warrior,fury,6,1,5
Kerpi,silvermoon,96,warrior,fury,6,1,5
Дуухаст,gordunni,96,warrior,fury,6,1,5
Fønex,sylvanas,96,warrior,fury,6,1,5
Misiaczek,the-maelstrom,96,warrior,fury,6,1,5
Киссмиплис,gordunni,96,warrior,fury,6,1,5
Mexî,tarren-mill,96,warrior,fury,6,1,5
Ðý,silvermoon,96,warrior,fury,6,1,5
Syphica,silvermoon,96,warrior,fury,6,1,5
Wifioffline,silvermoon,96,warrior,fury,6,1,5
Ayelsyssup,silvermoon,96,warrior,fury,6,1,5
Diliul,doomhammer,96,warrior,fury,6,1,5
Grimmrock,gorgonnash,96,warrior,fury,6,1,5
Héraclès,ravencrest,96,warrior,fury,6,1,5
Денеур,gordunni,96,warrior,fury,6,1,5
Bokth,archimonde,96,warrior,fury,6,1,5
Hordox,archimonde,96,warrior,fury,6,1,5
Xaguu,magtheridon,96,warrior,fury,6,1,5
Dosenorc,frostwolf,96,warrior,fury,6,1,5
Skeeby,ravencrest,96,warrior,fury,6,1,5
Demirkol,outland,96,warrior,fury,6,1,5
Feltias,drakthul,96,warrior,fury,6,1,5
Aiarm,twisting-nether,96,warrior,fury,6,1,5
Bababuii,blackmoore,96,warrior,fury,6,1,5
Спаццифика,soulflayer,96,warrior,fury,6,1,5
Karreg,hyjal,96,warrior,fury,6,1,5
Stromzy,silvermoon,96,warrior,fury,6,1,5
Classi,tarren-mill,96,warrior,fury,6,1,5
Jessepinkman,kirin-tor,96,warrior,fury,6,1,5
Xirár,sylvanas,96,warrior,fury,6,1,5
Уравниттель,gordunni,96,warrior,fury,6,1,5
Swordluw,argent-dawn,96,warrior,fury,6,1,5
Kronstris,veklor,96,warrior,fury,6,1,5
Aagony,hyjal,96,warrior,fury,6,1,5
Raixxon,ragnaros,96,warrior,fury,6,1,5
Opatos,tarren-mill,96,warrior,fury,6,1,5
Анстасмэш,soulflayer,96,warrior,fury,6,1,5
Callipsa,argent-dawn,96,warrior,fury,6,1,5
Coldstory,draenor,96,warrior,fury,6,1,5
Zhadsnark,blackrock,96,warrior,fury,6,1,5
Fraeydís,silvermoon,96,warrior,fury,6,1,5
Furyfame,darksorrow,96,warrior,fury,6,1,5
Армапипец,soulflayer,96,warrior,fury,6,1,5
Znorro,trollbane,96,warrior,fury,6,1,5
Greekazi,kazzak,96,warrior,fury,6,1,5
Narkzsthki,kazzak,96,warrior,fury,6,1,5
Kaij,draenor,96,warrior,fury,6,1,5
Chadtherad,draenor,96,warrior,fury,6,1,5
Bladewound,draenor,96,warrior,fury,6,1,5
Zarolk,rashgarroth,96,warrior,fury,12,1,11
Jdiggidy,ravencrest,96,warrior,fury,12,1,11
Анури,eversong,96,warrior,fury,12,1,11
Quandaledngl,silvermoon,96,warrior,fury,12,1,11
Grystal,blackrock,96,warrior,fury,12,1,11
Dräparren,ragnaros,96,warrior,fury,14,1,13
Kaodes,outland,96,warrior,fury,17,1,16
Worcan,blackmoore,95,warrior,fury,3,2,1
Bladewolf,khadgar,95,warrior,fury,12,1,11
Frézzér,blackrock,64,warrior,fury,4,1,3
Krachz,draenor,63,warrior,fury,2,2,0
Kellja,aggramar,48,warrior,fury,3,1,2
Elkatar,stormscale,46,warrior,fury,23,6,17
Filéas,silvermoon,41,warrior,fury,9,2,7
Olriksen,dentarg,31,warrior,fury,2,1,1
Vivrya,silvermoon,31,warrior,fury,2,1,1
Threa,drekthar,16,warrior,fury,1,1,0
Fatbud,tarren-mill,16,warrior,fury,7,1,6
Marcus,ravencrest,2254,warrior,arms,150,79,71
Réckx,twisting-nether,2233,warrior,arms,93,52,41
Dõxqt,kazzak,2204,warrior,arms,86,49,37
Elwarroo,dun-modr,2188,warrior,arms,214,119,95
Scardrex,defias-brotherhood,2172,warrior,arms,94,49,45
Sickjackenn,executus,2166,warrior,arms,111,58,53
Midgetdamis,blackhand,2147,warrior,arms,137,87,50
Palianytsia,ravencrest,2144,warrior,arms,83,43,40
Semmino,nemesis,2137,warrior,arms,84,46,38
Palmexwar,drakthul,2123,warrior,arms,198,106,92
Sickjackenx,executus,2121,warrior,arms,222,117,105
Blîxtgordon,tarren-mill,2120,warrior,arms,120,63,57
Ðävïðßëckhäm,stormscale,2116,warrior,arms,80,41,39
Tpyñåöädxzd,the-maelstrom,2116,warrior,arms,88,45,43
Tozzhug,ragnaros,2114,warrior,arms,135,76,59
Кокдиллак,soulflayer,2113,warrior,arms,160,82,78
Скварх,howling-fjord,2112,warrior,arms,120,74,46
Kartha,stormscale,2106,warrior,arms,90,50,40
Ulrid,draenor,2106,warrior,arms,198,104,94
Grkpwh,silvermoon,2105,warrior,arms,88,48,40
Immørtálx,tarren-mill,2102,warrior,arms,72,38,34
Лёшавор,howling-fjord,2098,warrior,arms,120,61,59
Regnarok,sylvanas,2093,warrior,arms,256,140,116
Sneakydrm,kazzak,2085,warrior,arms,88,48,40
Соджиро,howling-fjord,2085,warrior,arms,90,44,46
Оркабал,howling-fjord,2081,warrior,arms,177,96,81
Anahkas,archimonde,2081,warrior,arms,84,45,39
Nikkí,naxxramas,2074,warrior,arms,96,50,46
Seifcham,ragnaros,2074,warrior,arms,305,151,154
Savesta,dalaran,2070,warrior,arms,204,105,99
Ðênnis,ravencrest,2062,warrior,arms,54,31,23
Mastodøntes,hyjal,2059,warrior,arms,107,55,52
Sekwar,twisting-nether,2052,warrior,arms,66,33,33
Whýsøsîleñt,ragnaros,2049,warrior,arms,58,38,20
Zhrey,stormscale,2048,warrior,arms,137,67,70
Rhâpsodyw,ravencrest,2046,warrior,arms,145,81,64
Merked,kazzak,2046,warrior,arms,90,45,45
Dunecrab,tarren-mill,2044,warrior,arms,125,69,56
Sharpen,chamber-of-aspects,2044,warrior,arms,122,60,62
Luphrek,ysondre,2039,warrior,arms,78,38,40
Connorzw,blackmoore,2029,warrior,arms,71,41,30
Yorgal,arakarahm,2025,warrior,arms,137,65,72
Gabrijel,draenor,2019,warrior,arms,222,107,115
Messermozart,blackmoore,2018,warrior,arms,72,38,34
Therealman,kazzak,2015,warrior,arms,73,38,35
Irherklek,stormscale,2011,warrior,arms,59,35,24
Marex,grim-batol,2008,warrior,arms,78,40,38
Lostday,blackrock,2007,warrior,arms,224,117,107
Ironmásk,tarren-mill,2006,warrior,arms,54,32,22
Oswáld,defias-brotherhood,2003,warrior,arms,62,45,17
Pentagramlol,twisting-nether,2003,warrior,arms,73,40,33
Markers,twisting-nether,2003,warrior,arms,225,109,116
Quotx,stormscale,2001,warrior,arms,129,61,68
Manaskhan,tarren-mill,2000,warrior,arms,213,111,102
Ässholedamis,blackhand,1999,warrior,arms,60,46,14
Trâshwarriør,blackhand,1998,warrior,arms,62,27,35
Miniphrek,ravencrest,1997,warrior,arms,54,31,23
Joeférnandes,ragnaros,1996,warrior,arms,77,38,39
Wràthfúl,kazzak,1995,warrior,arms,143,74,69
Galeron,kazzak,1992,warrior,arms,102,48,54
Schaufelørc,blackrock,1990,warrior,arms,102,56,46
Mitu,sanguino,1990,warrior,arms,257,130,127
Thomasman,nerathor,1989,warrior,arms,138,64,74
Mercey,stormscale,1987,warrior,arms,65,31,34
Liptonxecute,blackhand,1985,warrior,arms,106,59,47
Benzemá,sanguino,1984,warrior,arms,130,77,53
Yarilolx,outland,1982,warrior,arms,61,36,25
Комочекгнева,howling-fjord,1973,warrior,arms,157,81,76
Wingüi,dun-modr,1972,warrior,arms,144,69,75
Qtcockxx,stormscale,1969,warrior,arms,66,33,33
Emix,arygos,1967,warrior,arms,113,59,54
Варзила,blackscar,1966,warrior,arms,86,44,42
Pürporcc,archimonde,1964,warrior,arms,179,93,86
Dominikhasek,stormscale,1963,warrior,arms,94,56,38
Pürporc,archimonde,1963,warrior,arms,76,40,36
Theryk,sanguino,1962,warrior,arms,201,97,104
Javakt,stormscale,1960,warrior,arms,300,149,151
Gewyon,ragnaros,1957,warrior,arms,96,48,48
Cerry,ravencrest,1957,warrior,arms,135,67,68
Shilix,twisting-nether,1956,warrior,arms,139,65,74
Kaieh,argent-dawn,1953,warrior,arms,60,39,21
Disarmed,auchindoun,1952,warrior,arms,78,42,36
Joéfernandés,sylvanas,1950,warrior,arms,47,26,21
Wasro,norgannon,1950,warrior,arms,172,90,82
Purporcc,archimonde,1950,warrior,arms,63,32,31
Zak,stormscale,1950,warrior,arms,118,53,65
Purporcfr,archimonde,1948,warrior,arms,106,57,49
Purpórc,archimonde,1947,warrior,arms,65,35,30
Kûrûmî,blackmoore,1945,warrior,arms,95,62,33
Schwän,twisting-nether,1943,warrior,arms,60,32,28
Skyowner,twisting-nether,1940,warrior,arms,57,33,24
Blizo,tarren-mill,1938,warrior,arms,62,36,26
Zhoti,outland,1938,warrior,arms,76,38,38
Pawnerlol,mannoroth,1938,warrior,arms,84,39,45
Regnarøk,sylvanas,1937,warrior,arms,89,55,34
Myonmyonmyon,blackmoore,1937,warrior,arms,68,41,27
Karny,ravencrest,1935,warrior,arms,138,74,64
Midnightrain,archimonde,1934,warrior,arms,66,35,31
Джерамин,blackscar,1934,warrior,arms,77,35,42
Dabr,stormscale,1933,warrior,arms,54,29,25
Kwasimodo,blackmoore,1933,warrior,arms,70,30,40
Velcorn,ravencrest,1931,warrior,arms,54,26,28
Infernion,jaedenar,1930,warrior,arms,48,30,18
Bàrbandit,archimonde,1930,warrior,arms,119,60,59
Belver,argent-dawn,1929,warrior,arms,38,22,16
Ðennis,argent-dawn,1928,warrior,arms,72,47,25
Drclapit,blackrock,1927,warrior,arms,66,30,36
Вэшикх,soulflayer,1924,warrior,arms,155,79,76
Kapuchino,twisting-nether,1921,warrior,arms,48,27,21
Nazrihk,ravencrest,1920,warrior,arms,97,50,47
Ønogal,archimonde,1919,warrior,arms,84,40,44
Рвбстох,blackscar,1917,warrior,arms,90,49,41
Asquare,stormscale,1917,warrior,arms,64,34,30
Zugzugcleave,blackrock,1916,warrior,arms,87,48,39
Downpippuri,silvermoon,1914,warrior,arms,174,104,70
Shortcvnt,ravencrest,1914,warrior,arms,66,34,32
Брокскрим,soulflayer,1913,warrior,arms,120,62,58
Belattor,silvermoon,1912,warrior,arms,66,31,35
Timpey,kazzak,1911,warrior,arms,54,30,24
Sagethi,blackrock,1911,warrior,arms,83,41,42
Элетий,soulflayer,1910,warrior,arms,48,26,22
Konebankærn,ravencrest,1910,warrior,arms,90,42,48
Ragestarved,ragnaros,1908,warrior,arms,89,43,46
Xxeqtr,kazzak,1907,warrior,arms,101,50,51
Anthalar,argent-dawn,1906,warrior,arms,156,84,72
Everdipper,outland,1905,warrior,arms,91,46,45
Amokdamis,blackhand,1905,warrior,arms,74,35,39
Giannizugzug,nemesis,1904,warrior,arms,248,136,112
Mckinseybcg,outland,1903,warrior,arms,197,113,84
Apacolata,outland,1903,warrior,arms,57,29,28
Ущипнузатитю,deathguard,1900,warrior,arms,126,63,63
Gaav,burning-legion,1900,warrior,arms,202,94,108
Кимлий,deathweaver,1900,warrior,arms,78,36,42
Длоордпро,soulflayer,1900,warrior,arms,65,29,36
Куртфорренс,gordunni,1898,warrior,arms,113,51,62
Çatàclysmíc,kazzak,1896,warrior,arms,138,69,69
Фокатоп,blackscar,1895,warrior,arms,54,28,26
Julololo,archimonde,1893,warrior,arms,72,40,32
Xurainzone,eredar,1893,warrior,arms,60,32,28
Nipes,nozdormu,1891,warrior,arms,126,63,63
Рукзуф,razuvious,1890,warrior,arms,29,21,8
Toscothegoat,ravencrest,1889,warrior,arms,48,33,15
Courageous,ravencrest,1889,warrior,arms,66,39,27
Æriø,dalaran,1888,warrior,arms,54,30,24
Tsuperman,tarren-mill,1888,warrior,arms,72,37,35
Saurens,twisting-nether,1888,warrior,arms,132,62,70
Notthateasy,blackrock,1887,warrior,arms,42,24,18
Reysleys,mazrigos,1887,warrior,arms,99,48,51
Лилиофаныч,soulflayer,1886,warrior,arms,53,29,24
Wuifly,dun-modr,1885,warrior,arms,111,58,53
Summerkarma,wildhammer,1884,warrior,arms,144,75,69
Chucho,argent-dawn,1883,warrior,arms,60,34,26
Аэска,deathweaver,1881,warrior,arms,66,31,35
Lexiliuz,twisting-nether,1880,warrior,arms,66,39,27
Олдборовс,soulflayer,1880,warrior,arms,62,35,27
Куесэс,howling-fjord,1880,warrior,arms,36,20,16
Compétiteub,archimonde,1879,warrior,arms,84,38,46
Gnømércy,stormscale,1878,warrior,arms,42,22,20
Gulläx,burning-legion,1878,warrior,arms,42,20,22
Klonyarik,ravencrest,1877,warrior,arms,42,22,20
Флагмэн,gordunni,1876,warrior,arms,89,50,39
Cathériné,drakthul,1875,warrior,arms,48,27,21
Alegral,ravencrest,1875,warrior,arms,325,158,167
Бэнчпресс,soulflayer,1875,warrior,arms,60,29,31
Pummelthru,burning-legion,1874,warrior,arms,80,41,39
Фрейз,blackscar,1874,warrior,arms,70,34,36
Thenx,tarren-mill,1874,warrior,arms,171,82,89
Ðöç,argent-dawn,1874,warrior,arms,60,28,32
Doomqt,terokkar,1873,warrior,arms,47,27,20
Craanked,aegwynn,1873,warrior,arms,88,44,44
Urmack,ravencrest,1872,warrior,arms,54,41,13
Aixer,archimonde,1871,warrior,arms,73,35,38
Nedåh,blackrock,1869,warrior,arms,132,67,65
Downpipe,twisting-nether,1868,warrior,arms,137,72,65
Gguts,archimonde,1867,warrior,arms,97,53,44
Xvlanter,silvermoon,1865,warrior,arms,127,65,62
Stupidz,hyjal,1865,warrior,arms,54,26,28
Nolóve,archimonde,1864,warrior,arms,108,58,50
Kamked,burning-legion,1864,warrior,arms,167,81,86
Zäløøpå,kazzak,1863,warrior,arms,31,20,11
Екзобайт,gordunni,1862,warrior,arms,95,52,43
Daredevìl,eredar,1862,warrior,arms,151,75,76
Xåb,dun-morogh,1862,warrior,arms,66,28,38
Kurbá,stormscale,1858,warrior,arms,54,30,24
Louana,outland,1857,warrior,arms,42,30,12
Feckdech,blackrock,1857,warrior,arms,53,32,21
Grimogør,stormscale,1857,warrior,arms,48,27,21
Shooky,blackrock,1857,warrior,arms,67,34,33
Pivcuga,kazzak,1857,warrior,arms,313,158,155
Pantsupic,archimonde,1857,warrior,arms,54,22,32
Wargoth,draenor,1856,warrior,arms,99,53,46
Nstx,dun-modr,1855,warrior,arms,48,29,19
Mirageous,tarren-mill,1854,warrior,arms,83,46,37
Wake,eredar,1853,warrior,arms,60,32,28
Mômsboy,tarren-mill,1853,warrior,arms,64,33,31
Ланро,gordunni,1853,warrior,arms,65,33,32
Àlexander,ravencrest,1852,warrior,arms,35,20,15
Aeyon,burning-blade,1852,warrior,arms,51,29,22
Maikouyes,archimonde,1852,warrior,arms,191,104,87
Rec,thrall,1851,warrior,arms,42,23,19
Reacôn,twisting-nether,1851,warrior,arms,52,28,24
Balthew,defias-brotherhood,1851,warrior,arms,48,24,24
Стилерин,gordunni,1851,warrior,arms,70,30,40
Leeches,aggramar,1850,warrior,arms,66,35,31
Mtc,blackrock,1850,warrior,arms,110,55,55
Skorm,mugthol,1849,warrior,arms,36,27,9
Reckqtw,eredar,1849,warrior,arms,92,50,42
Mtctwo,blackrock,1849,warrior,arms,108,52,56
Valoo,malganis,1847,warrior,arms,98,50,48
Krônm,dun-modr,1847,warrior,arms,78,33,45
Nihe,stormreaver,1846,warrior,arms,66,30,36
Goatie,frostwhisper,1844,warrior,arms,42,30,12
Civok,kult-der-verdammten,1844,warrior,arms,66,31,35
Elbutanero,tarren-mill,1843,warrior,arms,54,29,25
Jessicaday,archimonde,1843,warrior,arms,42,21,21
Крипочёк,gordunni,1842,warrior,arms,42,25,17
Azudaddy,blackmoore,1842,warrior,arms,65,38,27
Зотлолпромвп,booty-bay,1842,warrior,arms,89,43,46
Zéox,baelgun,1840,warrior,arms,53,30,23
Jriddyzug,ravencrest,1840,warrior,arms,62,33,29
Enøt,kazzak,1839,warrior,arms,53,25,28
Avgålöfvén,stormscale,1838,warrior,arms,27,21,6
Xiro,hellscream,1838,warrior,arms,70,45,25
Мираккл,borean-tundra,1838,warrior,arms,36,21,15
Орданис,deathguard,1838,warrior,arms,66,33,33
Hitt,ysondre,1838,warrior,arms,102,49,53
Eidzo,tarren-mill,1837,warrior,arms,84,45,39
Arsinal,blackhand,1837,warrior,arms,63,33,30
Anakhas,archimonde,1837,warrior,arms,72,31,41
Артагор,blackscar,1836,warrior,arms,53,33,20
Vvulf,eredar,1836,warrior,arms,71,31,40
Kanté,burning-blade,1834,warrior,arms,41,24,17
Сетт,howling-fjord,1833,warrior,arms,54,29,25
Salpaaja,frostwhisper,1833,warrior,arms,66,28,38
Howdoulose,dun-modr,1832,warrior,arms,54,35,19
Karpzug,stormscale,1832,warrior,arms,39,22,17
Хэйре,howling-fjord,1832,warrior,arms,238,122,116
Trapoulas,kazzak,1832,warrior,arms,107,48,59
Blåvingad,kazzak,1831,warrior,arms,56,34,22
Боссберс,soulflayer,1831,warrior,arms,89,44,45
Watrux,outland,1831,warrior,arms,66,31,35
Воинлета,howling-fjord,1830,warrior,arms,101,60,41
Qapper,kazzak,1830,warrior,arms,57,28,29
Khÿze,ysondre,1829,warrior,arms,58,39,19
Mirpz,doomhammer,1829,warrior,arms,48,31,17
Klearr,silvermoon,1829,warrior,arms,91,56,35
Njn,argent-dawn,1829,warrior,arms,48,23,25
Loty,drakthul,1829,warrior,arms,237,113,124
Демиорт,howling-fjord,1828,warrior,arms,255,144,111
Kiyomaro,stormscale,1828,warrior,arms,78,42,36
Nightmareowl,tarren-mill,1827,warrior,arms,136,76,60
Blazefüry,ravencrest,1827,warrior,arms,61,33,28
Rînus,aegwynn,1827,warrior,arms,54,26,28
Scherø,aegwynn,1826,warrior,arms,42,28,14
Bladrun,frostmane,1826,warrior,arms,120,67,53
Böggzbunny,tarren-mill,1826,warrior,arms,66,35,31
Ярыйваряг,soulflayer,1825,warrior,arms,48,30,18
Варбоссец,soulflayer,1825,warrior,arms,66,35,31
Nurekin,argent-dawn,1825,warrior,arms,66,32,34
Köftemecx,blackrock,1824,warrior,arms,70,42,28
Rivah,tarren-mill,1824,warrior,arms,63,34,29
Crawly,aegwynn,1824,warrior,arms,177,95,82
Ðezia,tarren-mill,1823,warrior,arms,168,94,74
Døkidøki,silvermoon,1823,warrior,arms,188,97,91
Ozrenac,kazzak,1823,warrior,arms,213,109,104
Yosiwa,draenor,1822,warrior,arms,96,56,40
Ðior,bronze-dragonflight,1822,warrior,arms,53,29,24
Crîxús,silvermoon,1822,warrior,arms,60,25,35
Badgenius,nemesis,1821,warrior,arms,42,26,16
Seifchamqt,ragnaros,1821,warrior,arms,52,31,21
Escapematrix,kazzak,1821,warrior,arms,95,48,47
Asçrðth,kazzak,1821,warrior,arms,54,26,28
Corvy,ravencrest,1821,warrior,arms,54,25,29
Dortenz,ragnaros,1821,warrior,arms,54,24,30
Rngmonster,kazzak,1820,warrior,arms,100,68,32
Uzamaki,bronzebeard,1820,warrior,arms,48,32,16
Knutrex,tarren-mill,1820,warrior,arms,61,35,26
Drahkor,baelgun,1819,warrior,arms,66,42,24
Лимпс,gordunni,1819,warrior,arms,30,19,11
Flinta,blackmoore,1819,warrior,arms,90,51,39
Maarshl,ysondre,1819,warrior,arms,225,121,104
Pazùzu,twisting-nether,1819,warrior,arms,114,54,60
Dwarfdruine,dun-modr,1818,warrior,arms,85,49,36
Hunkz,sylvanas,1818,warrior,arms,65,32,33
Имеравета,gordunni,1818,warrior,arms,150,71,79
Мелькорт,gordunni,1817,warrior,arms,48,29,19
Chaddimus,draenor,1817,warrior,arms,63,36,27
Basemode,twisting-nether,1817,warrior,arms,116,65,51
Nímera,nemesis,1817,warrior,arms,77,37,40
Liferuiner,rexxar,1816,warrior,arms,133,73,60
Drxeqtit,blackrock,1816,warrior,arms,59,32,27
Magnî,auchindoun,1816,warrior,arms,74,40,34
Экзекьютлол,soulflayer,1816,warrior,arms,47,25,22
Шурпач,deathguard,1815,warrior,arms,84,43,41
Dnoire,ravencrest,1815,warrior,arms,60,28,32
Nelthôr,alleria,1814,warrior,arms,156,94,62
Ranoth,hellfire,1814,warrior,arms,54,30,24
Maxwall,twisting-nether,1814,warrior,arms,59,32,27
Hellguard,archimonde,1814,warrior,arms,90,48,42
Чюнилингус,soulflayer,1814,warrior,arms,146,77,69
Slowann,argent-dawn,1814,warrior,arms,203,107,96
Naskez,kazzak,1814,warrior,arms,81,41,40
Darshan,grim-batol,1814,warrior,arms,66,33,33
Rbbx,tarren-mill,1814,warrior,arms,62,31,31
Juank,minahonda,1814,warrior,arms,48,21,27
Арма,howling-fjord,1813,warrior,arms,54,39,15
Europ,silvermoon,1813,warrior,arms,198,94,104
Endagon,ravencrest,1813,warrior,arms,109,50,59
Vic,tarren-mill,1813,warrior,arms,47,20,27
Zcell,kazzak,1812,warrior,arms,36,23,13
Mystylez,silvermoon,1812,warrior,arms,60,28,32
Gucciwarrior,blackhand,1812,warrior,arms,90,41,49
Blademir,blackrock,1811,warrior,arms,47,32,15
Axinit,blackrock,1811,warrior,arms,42,23,19
Стефанидзе,soulflayer,1811,warrior,arms,42,22,20
Idiotplay,drekthar,1811,warrior,arms,42,19,23
Варплеер,gordunni,1811,warrior,arms,42,19,23
Johnmeadows,ravencrest,1810,warrior,arms,36,23,13
Artøria,archimonde,1810,warrior,arms,96,54,42
Oktharu,silvermoon,1810,warrior,arms,71,37,34
Ðiscordia,blackhand,1810,warrior,arms,84,43,41
Dragondeznut,ravencrest,1810,warrior,arms,60,30,30
Kragrâu,kazzak,1810,warrior,arms,71,33,38
Jokkul,tarren-mill,1810,warrior,arms,46,21,25
Bîmbämboom,blackmoore,1809,warrior,arms,148,94,54
Pathocend,kazzak,1809,warrior,arms,89,41,48
Демолишеер,howling-fjord,1808,warrior,arms,89,42,47
Drilley,blackmoore,1807,warrior,arms,50,34,16
Oldchap,nordrassil,1807,warrior,arms,48,31,17
Zeddone,drakthul,1807,warrior,arms,90,46,44
Bloodhorn,blackhand,1807,warrior,arms,107,54,53
Nìmera,nemesis,1806,warrior,arms,36,26,10
Yelanx,twisting-nether,1806,warrior,arms,48,34,14
Juggernãut,ravencrest,1806,warrior,arms,102,58,44
Гатсберсерк,gordunni,1806,warrior,arms,167,91,76
Vathaleron,alakir,1806,warrior,arms,116,63,53
Wayneson,tarren-mill,1806,warrior,arms,108,58,50
Книфэк,howling-fjord,1806,warrior,arms,76,40,36
Blademir,aegwynn,1806,warrior,arms,82,37,45
Troma,archimonde,1805,warrior,arms,71,34,37
Rhagnok,archimonde,1805,warrior,arms,120,56,64
Damagz,tarren-mill,1804,warrior,arms,101,51,50
Оксенфурт,soulflayer,1804,warrior,arms,169,85,84
Greenblób,kazzak,1804,warrior,arms,66,27,39
Hanìbal,ravencrest,1803,warrior,arms,60,32,28
Ghakra,kazzak,1802,warrior,arms,36,25,11
Westwyde,hyjal,1802,warrior,arms,48,30,18
Thyréc,blackmoore,1802,warrior,arms,60,34,26
Fràgile,ravencrest,1802,warrior,arms,113,61,52
Мопк,howling-fjord,1801,warrior,arms,84,48,36
Yandan,ysondre,1801,warrior,arms,157,83,74
Fulgrimu,archimonde,1801,warrior,arms,87,45,42
Wrecktal,eredar,1800,warrior,arms,81,48,33
Phalek,argent-dawn,1800,warrior,arms,48,28,20
Maisner,stormscale,1800,warrior,arms,39,21,18
Dairøx,blackrock,1800,warrior,arms,60,31,29
Ástriax,ravencrest,1799,warrior,arms,159,77,82
Cerßere,archimonde,1798,warrior,arms,126,64,62
Brogre,stormrage,1798,warrior,arms,83,42,41
Рэмпи,soulflayer,1798,warrior,arms,44,22,22
Zirêael,kazzak,1797,warrior,arms,72,31,41
Prymebeevz,blackmoore,1796,warrior,arms,59,37,22
Ändrow,dalaran,1796,warrior,arms,90,51,39
Kamatâ,kazzak,1796,warrior,arms,60,32,28
Ursakhan,sylvanas,1796,warrior,arms,81,39,42
Gigadot,arathor,1795,warrior,arms,210,109,101
Злопиканка,gordunni,1794,warrior,arms,58,29,29
Dõxlol,kazzak,1793,warrior,arms,42,21,21
Jackyred,silvermoon,1792,warrior,arms,77,33,44
Аоетакси,soulflayer,1791,warrior,arms,116,63,53
Atrôcithy,silvermoon,1791,warrior,arms,48,25,23
Nukerz,kirin-tor,1791,warrior,arms,96,48,48
Chadsmorc,twisting-nether,1790,warrior,arms,227,123,104
Kënnyföx,ysondre,1789,warrior,arms,36,19,17
Røidrage,stormscale,1789,warrior,arms,96,45,51
Thebigshow,the-maelstrom,1788,warrior,arms,178,87,91
Марльин,howling-fjord,1787,warrior,arms,65,29,36
Фрейз,deathweaver,1785,warrior,arms,48,29,19
Fruiittyy,ravencrest,1785,warrior,arms,137,71,66
Zheaks,kazzak,1785,warrior,arms,95,45,50
Istyos,hyjal,1784,warrior,arms,101,48,53
Древилгод,gordunni,1783,warrior,arms,57,31,26
Kennyföx,ysondre,1782,warrior,arms,38,24,14
Эпитафорх,blackscar,1780,warrior,arms,64,40,24
Skädy,dun-modr,1780,warrior,arms,90,46,44
Andzone,alakir,1779,warrior,arms,42,22,20
Goorila,kazzak,1779,warrior,arms,42,22,20
Dragnil,twisting-nether,1779,warrior,arms,60,29,31
Хиро,deathweaver,1779,warrior,arms,118,57,61
Selenez,outland,1779,warrior,arms,67,30,37
Avalin,outland,1778,warrior,arms,48,31,17
Venres,blackhand,1777,warrior,arms,88,47,41
Hasbullá,kazzak,1777,warrior,arms,352,178,174
Shaked,dun-modr,1776,warrior,arms,101,46,55
Shookyx,ravencrest,1775,warrior,arms,42,24,18
Màb,antonidas,1773,warrior,arms,108,62,46
Orthoss,archimonde,1773,warrior,arms,94,41,53
Вуриор,howling-fjord,1772,warrior,arms,156,83,73
Tyrasîà,hyjal,1772,warrior,arms,114,50,64
Zoefernandes,kazzak,1771,warrior,arms,96,46,50
Matti,magtheridon,1770,warrior,arms,47,25,22
Planina,ravencrest,1770,warrior,arms,143,75,68
Saidi,outland,1770,warrior,arms,325,156,169
Augustus,runetotem,1769,warrior,arms,196,106,90
Lyriae,argent-dawn,1768,warrior,arms,66,39,27
Prøject,archimonde,1768,warrior,arms,54,27,27
Otp,ravencrest,1768,warrior,arms,131,61,70
Bravopla,silvermoon,1767,warrior,arms,54,28,26
Komissarecks,aegwynn,1767,warrior,arms,63,31,32
Erikeverhard,nathrezim,1767,warrior,arms,60,29,31
Jesperharle,ravencrest,1766,warrior,arms,35,19,16
Ехрерау,gordunni,1765,warrior,arms,66,27,39
Cherserker,ragnaros,1760,warrior,arms,89,49,40
Veav,norgannon,1760,warrior,arms,72,31,41
Акнаранд,soulflayer,1759,warrior,arms,36,20,16
Bigboomer,frostmane,1759,warrior,arms,210,96,114
Adzandel,silvermoon,1758,warrior,arms,48,25,23
Okcool,twisting-nether,1757,warrior,arms,42,26,16
Xendyo,frostmourne,1757,warrior,arms,196,97,99
Flaãy,ravencrest,1756,warrior,arms,142,79,63
Jenkinzz,stormscale,1756,warrior,arms,198,101,97
Nassir,stormscale,1756,warrior,arms,96,47,49
Grimlok,sylvanas,1756,warrior,arms,99,44,55
Khalimov,tarren-mill,1754,warrior,arms,108,54,54
Chaosedge,terokkar,1753,warrior,arms,162,90,72
Warounet,hyjal,1753,warrior,arms,54,26,28
Cleaver,tarren-mill,1752,warrior,arms,54,29,25
Fruitdealer,shattrath,1752,warrior,arms,100,49,51
Randomdmg,stormscale,1751,warrior,arms,30,22,8
Cisataker,hyjal,1751,warrior,arms,42,28,14
Штурмгешутц,deathweaver,1751,warrior,arms,150,83,67
Trôth,kazzak,1750,warrior,arms,36,23,13
Pj,sanguino,1750,warrior,arms,68,30,38
Vandarms,archimonde,1747,warrior,arms,48,28,20
Skylåw,archimonde,1747,warrior,arms,121,58,63
Малаятварь,gordunni,1746,warrior,arms,52,30,22
Lockmagewar,burning-legion,1746,warrior,arms,79,41,38
Xgs,archimonde,1746,warrior,arms,327,168,159
Chargeyou,ragnaros,1745,warrior,arms,78,42,36
Karkatoes,twisting-nether,1745,warrior,arms,62,33,29
Кофесмолоком,ashenvale,1745,warrior,arms,113,51,62
Läerezh,ysondre,1744,warrior,arms,72,34,38
Sonnethrash,tarren-mill,1744,warrior,arms,67,29,38
Hulksmsh,hyjal,1743,warrior,arms,119,49,70
Smoothbrian,ravencrest,1742,warrior,arms,90,51,39
Renwíck,burning-legion,1742,warrior,arms,53,27,26
Rageco,ravencrest,1740,warrior,arms,60,37,23
Thafold,eredar,1739,warrior,arms,59,31,28
Whýsøsîlêñt,ragnaros,1739,warrior,arms,42,22,20
Niiol,burning-blade,1739,warrior,arms,65,33,32
Nitheriá,draenor,1739,warrior,arms,418,210,208
Mojotsche,taerar,1738,warrior,arms,64,36,28
Hulkensmash,kazzak,1738,warrior,arms,175,87,88
Cesr,bloodhoof,1738,warrior,arms,106,47,59
Klynd,nemesis,1738,warrior,arms,54,22,32
Даскул,gordunni,1737,warrior,arms,66,28,38
Leethal,outland,1736,warrior,arms,102,44,58
Belfodil,outland,1734,warrior,arms,48,25,23
Rilor,burning-legion,1734,warrior,arms,147,70,77
Allthèwayup,kazzak,1734,warrior,arms,57,25,32
Rumer,tarren-mill,1732,warrior,arms,99,50,49
Jasi,kazzak,1731,warrior,arms,60,34,26
Yaune,ravencrest,1731,warrior,arms,78,38,40
Woobaby,outland,1730,warrior,arms,108,59,49
Drittsekken,sylvanas,1730,warrior,arms,117,63,54
Spártacus,kazzak,1730,warrior,arms,123,59,64
Маклецкий,gordunni,1730,warrior,arms,150,68,82
Kotechnik,ysondre,1729,warrior,arms,54,32,22
Guter,kazzak,1729,warrior,arms,102,50,52
Kalacher,draenor,1729,warrior,arms,98,47,51
Kelhim,blackrock,1728,warrior,arms,114,60,54
Reccey,blackrock,1728,warrior,arms,152,75,77
Zijsû,chogall,1727,warrior,arms,67,30,37
Eren,todeswache,1726,warrior,arms,96,56,40
Oluwafunmila,tarren-mill,1726,warrior,arms,68,33,35
Лилиофанныч,soulflayer,1726,warrior,arms,96,42,54
Secondwarri,frostwolf,1725,warrior,arms,80,45,35
Старварлорд,soulflayer,1725,warrior,arms,59,28,31
Jínro,draenor,1725,warrior,arms,72,32,40
Creativenot,outland,1724,warrior,arms,62,32,30
Бейесличё,deathguard,1724,warrior,arms,113,49,64
Илди,soulflayer,1724,warrior,arms,48,20,28
Imondiet,ragnaros,1723,warrior,arms,36,21,15
Fosler,frostmane,1723,warrior,arms,48,22,26
Brewgut,argent-dawn,1722,warrior,arms,53,30,23
Dannyp,twisting-nether,1722,warrior,arms,36,18,18
Shchoor,ravencrest,1722,warrior,arms,36,18,18
Chestbru,blackrock,1722,warrior,arms,105,48,57
Bigdamtosco,ravencrest,1721,warrior,arms,30,18,12
Noxeeql,tarren-mill,1721,warrior,arms,125,74,51
Заликмортал,soulflayer,1721,warrior,arms,204,106,98
Rexonawarr,kazzak,1720,warrior,arms,30,18,12
Dataçasé,silvermoon,1720,warrior,arms,47,25,22
Naskwar,archimonde,1720,warrior,arms,48,24,24
Воованыч,gordunni,1720,warrior,arms,54,26,28
Oplarxigos,kazzak,1720,warrior,arms,72,31,41
Zhadsnark,blackrock,1719,warrior,arms,50,30,20
Bordi,nemesis,1719,warrior,arms,235,110,125
Роули,blackscar,1718,warrior,arms,105,57,48
Килафх,blackscar,1718,warrior,arms,126,65,61
Huyer,stormscale,1718,warrior,arms,42,21,21
Mortalfist,stormscale,1718,warrior,arms,67,33,34
Urasli,doomhammer,1717,warrior,arms,42,24,18
Getsmokedjr,ravencrest,1717,warrior,arms,50,25,25
Кисямур,soulflayer,1717,warrior,arms,66,28,38
Барсток,soulflayer,1716,warrior,arms,107,53,54
Lilsweép,draenor,1715,warrior,arms,48,25,23
Виттурус,howling-fjord,1714,warrior,arms,48,25,23
Apacho,outland,1714,warrior,arms,42,21,21
Lanstus,silvermoon,1712,warrior,arms,114,59,55
Cazaril,kazzak,1712,warrior,arms,166,84,82
Jengaa,draenor,1712,warrior,arms,186,93,93
Ogurok,frostwolf,1712,warrior,arms,63,29,34
Бисовыйармен,soulflayer,1711,warrior,arms,53,28,25
Сабствер,howling-fjord,1711,warrior,arms,93,45,48
Dógmòdex,stormscale,1710,warrior,arms,48,30,18
Bloodrain,twilights-hammer,1710,warrior,arms,122,69,53
Mintys,sylvanas,1710,warrior,arms,62,33,29
Bonza,blackrock,1710,warrior,arms,42,20,22
Raidek,dragonmaw,1709,warrior,arms,88,48,40
Дугмар,gordunni,1709,warrior,arms,247,124,123
Aerês,tarren-mill,1709,warrior,arms,300,146,154
Nazgrosh,burning-legion,1709,warrior,arms,147,66,81
Raikaz,ravencrest,1709,warrior,arms,72,32,40
Steroidkidx,stormscale,1709,warrior,arms,42,18,24
Сладкаяхурма,howling-fjord,1709,warrior,arms,48,18,30
Фктпх,blackscar,1708,warrior,arms,48,29,19
Palmsweaty,stormrage,1708,warrior,arms,102,46,56
Assgar,silvermoon,1707,warrior,arms,48,25,23
Avalinqt,blackrock,1706,warrior,arms,44,32,12
Bj,blackrock,1705,warrior,arms,58,35,23
Keññyfðx,ysondre,1704,warrior,arms,36,22,14
Poolboyx,tarren-mill,1704,warrior,arms,123,63,60
Meistersykes,silvermoon,1703,warrior,arms,50,25,25
Meovv,saurfang,1703,warrior,arms,66,26,40
Cyanerd,bronzebeard,1702,warrior,arms,48,24,24
Extreemee,drakthul,1701,warrior,arms,48,26,22
Туранк,howling-fjord,1701,warrior,arms,181,93,88
Хеликат,soulflayer,1701,warrior,arms,60,27,33
Brutilda,antonidas,1701,warrior,arms,89,39,50
Lrb,tarren-mill,1700,warrior,arms,180,94,86
Klonyarika,ravencrest,1699,warrior,arms,36,20,16
Гримг,lich-king,1699,warrior,arms,69,37,32
Nardoch,archimonde,1699,warrior,arms,198,100,98
Reider,twisting-nether,1699,warrior,arms,197,92,105
Fantasý,burning-legion,1699,warrior,arms,95,39,56
Braveorc,kazzak,1698,warrior,arms,24,18,6
Dríx,hyjal,1698,warrior,arms,96,50,46
Вокилог,soulflayer,1698,warrior,arms,781,388,393
Nerfmyrage,hyjal,1697,warrior,arms,96,49,47
Banîsher,drakthul,1697,warrior,arms,192,89,103
Cyruk,blackmoore,1696,warrior,arms,213,109,104
Shiqo,ravencrest,1696,warrior,arms,109,54,55
Naronnas,drakthul,1696,warrior,arms,206,101,105
Хенеар,howling-fjord,1696,warrior,arms,80,37,43
Yellowjuice,stormscale,1695,warrior,arms,156,89,67
Мираксус,soulflayer,1695,warrior,arms,71,40,31
Shadokaa,stormscale,1694,warrior,arms,94,56,38
Srambo,ragnaros,1693,warrior,arms,36,23,13
Capigo,tarren-mill,1693,warrior,arms,54,32,22
Doloresvp,zuljin,1693,warrior,arms,120,58,62
Pinkblast,sylvanas,1693,warrior,arms,72,29,43
Donquiexote,ravencrest,1692,warrior,arms,90,49,41
Howdoyouløse,stormscale,1692,warrior,arms,48,20,28
Брок,soulflayer,1692,warrior,arms,96,39,57
Gonutz,sylvanas,1690,warrior,arms,42,25,17
Fattysw,argent-dawn,1690,warrior,arms,73,37,36
Дуглимон,gordunni,1690,warrior,arms,83,42,41
Zexa,tarren-mill,1690,warrior,arms,42,21,21
Mazaharine,archimonde,1690,warrior,arms,69,33,36
Vayné,ravencrest,1690,warrior,arms,78,35,43
Гуорг,howling-fjord,1688,warrior,arms,251,126,125
Orn,tarren-mill,1688,warrior,arms,60,29,31
Mypzo,kazzak,1687,warrior,arms,120,62,58
Sasorí,blackrock,1687,warrior,arms,76,39,37
Broarexlion,ragnaros,1687,warrior,arms,41,18,23
Hangart,argent-dawn,1687,warrior,arms,48,20,28
Preliator,outland,1686,warrior,arms,24,18,6
Æç,argent-dawn,1686,warrior,arms,72,35,37
Rawenz,drakthul,1685,warrior,arms,77,37,40
Атаир,deathweaver,1684,warrior,arms,106,56,50
Экспла,ashenvale,1684,warrior,arms,36,19,17
Eradya,ravencrest,1684,warrior,arms,64,33,31
Rolo,antonidas,1684,warrior,arms,69,35,34
Makgorei,outland,1684,warrior,arms,129,64,65
Nozuki,archimonde,1684,warrior,arms,315,156,159
Тьмасвятая,gordunni,1684,warrior,arms,54,24,30
Quetrax,chogall,1684,warrior,arms,66,24,42
Азктор,soulflayer,1683,warrior,arms,34,19,15
Skywritter,archimonde,1682,warrior,arms,30,20,10
Nargez,outland,1682,warrior,arms,36,22,14
Шагах,soulflayer,1682,warrior,arms,226,113,113
Криккс,greymane,1682,warrior,arms,116,57,59
Грамикк,howling-fjord,1681,warrior,arms,30,19,11
Skillissues,argent-dawn,1681,warrior,arms,72,39,33
Ítikovan,aegwynn,1681,warrior,arms,177,85,92
Biscuitoliva,hyjal,1681,warrior,arms,49,23,26
Dantius,nemesis,1681,warrior,arms,48,20,28
Skgrimson,stormscale,1680,warrior,arms,107,60,47
Kronmw,dun-modr,1680,warrior,arms,54,20,34
Starscourge,tarren-mill,1679,warrior,arms,72,59,13
Blackbiird,blackmoore,1679,warrior,arms,53,27,26
Ридиусх,gordunni,1678,warrior,arms,43,24,19
Bronn,defias-brotherhood,1677,warrior,arms,68,40,28
Oldcockball,argent-dawn,1677,warrior,arms,153,78,75
Pangowar,elune,1677,warrior,arms,87,44,43
Maldark,scarshield-legion,1677,warrior,arms,170,81,89
Вандэрбой,howling-fjord,1675,warrior,arms,270,126,144
Сажень,blackscar,1675,warrior,arms,80,37,43
Krigipigi,antonidas,1675,warrior,arms,78,34,44
Бигдэм,howling-fjord,1674,warrior,arms,36,20,16
ßloodz,hyjal,1674,warrior,arms,114,55,59
Mazutov,outland,1673,warrior,arms,54,34,20
Pyrul,antonidas,1673,warrior,arms,48,22,26
Catrine,drakthul,1673,warrior,arms,81,33,48
Jake,rajaxx,1672,warrior,arms,54,26,28
Ezøn,aegwynn,1672,warrior,arms,83,39,44
Chíppéd,draenor,1671,warrior,arms,54,26,28
Gatts,krasus,1671,warrior,arms,282,134,148
Nîmera,nemesis,1670,warrior,arms,24,19,5
Chromoly,aegwynn,1670,warrior,arms,90,43,47
Krionos,ravencrest,1670,warrior,arms,120,57,63
Daigoro,ravencrest,1670,warrior,arms,66,29,37
Nelios,sylvanas,1669,warrior,arms,107,51,56
Riyan,lothar,1668,warrior,arms,48,28,20
Bumoletroll,draenor,1668,warrior,arms,45,24,21
Андреевич,blackscar,1668,warrior,arms,258,133,125
Shhimbanned,doomhammer,1668,warrior,arms,85,43,42
Chippéd,draenor,1667,warrior,arms,29,18,11
Termonsa,stormscale,1667,warrior,arms,60,36,24
Aranill,tarren-mill,1667,warrior,arms,50,28,22
Nikoma,silvermoon,1667,warrior,arms,36,20,16
Bélløne,dalaran,1667,warrior,arms,120,59,61
Psychlolz,burning-legion,1666,warrior,arms,54,28,26
Kawaro,rajaxx,1665,warrior,arms,66,33,33
Puremëtal,silvermoon,1665,warrior,arms,117,58,59
Геркавоин,eversong,1665,warrior,arms,96,45,51
Wismerx,kazzak,1665,warrior,arms,54,23,31
Goldrage,archimonde,1664,warrior,arms,40,23,17
Олдизаер,soulflayer,1664,warrior,arms,48,25,23
Дайбайхенд,howling-fjord,1664,warrior,arms,120,59,61
Шеломвар,gordunni,1664,warrior,arms,78,36,42
Пробуюстерву,soulflayer,1664,warrior,arms,54,23,31
Høtsky,twisting-nether,1663,warrior,arms,42,24,18
Ignyz,stormscale,1663,warrior,arms,48,27,21
Богадорога,howling-fjord,1663,warrior,arms,66,36,30
Learningwarr,eredar,1663,warrior,arms,50,26,24
Тролльвоен,gordunni,1662,warrior,arms,81,47,34
Skokuxx,silvermoon,1662,warrior,arms,185,93,92
Bigdstance,outland,1662,warrior,arms,90,44,46
Белхэнд,soulflayer,1662,warrior,arms,219,107,112
Facestomper,onyxia,1661,warrior,arms,132,71,61
Aemox,silvermoon,1661,warrior,arms,131,69,62
Donkeymeta,frostmane,1661,warrior,arms,60,31,29
Jumpilawl,khaz-modan,1661,warrior,arms,184,88,96
Arms,earthen-ring,1661,warrior,arms,86,41,45
Naait,draenor,1660,warrior,arms,63,35,28
Reapersrage,twisting-nether,1660,warrior,arms,45,22,23
Maxxiwumms,amanthul,1660,warrior,arms,66,31,35
Huscar,thrall,1659,warrior,arms,58,31,27
Avelyr,pozzo-delleternità,1658,warrior,arms,42,24,18
Estarotte,ravencrest,1658,warrior,arms,43,21,22
Vizn,emerald-dream,1658,warrior,arms,70,29,41
Седлайккеану,howling-fjord,1657,warrior,arms,189,97,92
Béastmødexz,eredar,1657,warrior,arms,53,25,28
Кибервайфу,howling-fjord,1656,warrior,arms,36,22,14
Crandalius,kazzak,1656,warrior,arms,87,51,36
Bloodbrother,blackmoore,1656,warrior,arms,121,66,55
Hirurg,thrall,1656,warrior,arms,77,34,43
Cassândrä,dalaran,1656,warrior,arms,84,36,48
Суицидгодх,howling-fjord,1655,warrior,arms,101,57,44
Eggsecutor,stormscale,1655,warrior,arms,101,52,49
Geforce,hellscream,1655,warrior,arms,360,185,175
Brizeis,malganis,1655,warrior,arms,175,87,88
Devidz,outland,1655,warrior,arms,77,34,43
Луновоин,gordunni,1654,warrior,arms,54,35,19
Jackzx,twisting-nether,1654,warrior,arms,42,23,19
Frozenliøn,twisting-nether,1654,warrior,arms,48,21,27
Mertik,twisting-nether,1653,warrior,arms,60,32,28
Sepuko,stormscale,1653,warrior,arms,114,58,56
Firience,silvermoon,1652,warrior,arms,41,20,21
Diz,terokkar,1651,warrior,arms,121,74,47
Бодибилдерыч,gordunni,1651,warrior,arms,125,62,63
Bôlufonâ,dun-modr,1651,warrior,arms,183,90,93
Zhangbeihai,ravencrest,1651,warrior,arms,222,107,115
Chádtóurps,drakthul,1651,warrior,arms,41,19,22
Rhinobob,kazzak,1651,warrior,arms,50,22,28
Hli,tarren-mill,1650,warrior,arms,42,24,18
Skrawarr,das-syndikat,1650,warrior,arms,156,82,74
Хирошка,gordunni,1650,warrior,arms,72,34,38
Jeronimoe,blackmoore,1649,warrior,arms,49,34,15
Smkms,kazzak,1649,warrior,arms,54,26,28
Quadfather,kazzak,1648,warrior,arms,42,22,20
Nyxz,blackhand,1648,warrior,arms,101,52,49
Wardruine,dun-modr,1648,warrior,arms,191,92,99
Badwarr,blackhand,1647,warrior,arms,42,24,18
Asç,kazzak,1647,warrior,arms,42,21,21
Extazsion,stormscale,1646,warrior,arms,41,22,19
Ðowman,blackrock,1646,warrior,arms,50,24,26
Нифро,fordragon,1644,warrior,arms,66,38,28
Morbaac,archimonde,1644,warrior,arms,54,22,32
Wtchmyblade,blackmoore,1643,warrior,arms,106,64,42
Gerrmund,silvermoon,1643,warrior,arms,69,39,30
Киссмиплис,gordunni,1643,warrior,arms,135,68,67
Lîlsaint,dun-morogh,1643,warrior,arms,42,21,21
Doksziqqt,ragnaros,1642,warrior,arms,36,22,14
Rankone,bladefist,1642,warrior,arms,47,24,23
Lewh,blackmoore,1642,warrior,arms,97,49,48
Zaedt,tarren-mill,1642,warrior,arms,47,23,24
Bhallts,tarren-mill,1642,warrior,arms,98,44,54
Ckz,ysondre,1641,warrior,arms,36,26,10
Jakim,tarren-mill,1641,warrior,arms,184,93,91
Bøklig,stormscale,1641,warrior,arms,66,33,33
Remen,archimonde,1641,warrior,arms,84,37,47
Креспекс,soulflayer,1641,warrior,arms,151,64,87
Diamonddogs,draenor,1640,warrior,arms,52,32,20
Reìvah,silvermoon,1640,warrior,arms,105,51,54
Voxz,stormscale,1640,warrior,arms,219,105,114
Nameless,ysondre,1639,warrior,arms,77,45,32
Fatmikez,aggra-português,1639,warrior,arms,142,77,65
Togas,silvermoon,1639,warrior,arms,278,147,131
Фенилэфрин,gordunni,1639,warrior,arms,140,71,69
Paranoiás,ragnaros,1639,warrior,arms,50,22,28
Samîr,arthas,1638,warrior,arms,36,21,15
Kfc,chamber-of-aspects,1638,warrior,arms,42,23,19
Громпузан,galakrond,1638,warrior,arms,80,41,39
Jambaz,ravencrest,1638,warrior,arms,53,27,26
Heltslut,tarren-mill,1638,warrior,arms,90,43,47
Robou,hyjal,1638,warrior,arms,234,108,126
Sefty,tarren-mill,1638,warrior,arms,46,18,28
Pachipachi,blackmoore,1637,warrior,arms,44,23,21
Karuck,tarren-mill,1637,warrior,arms,70,35,35
Phóó,thrall,1637,warrior,arms,84,39,45
Babovic,aegwynn,1636,warrior,arms,42,29,13
Lizzybigtits,kazzak,1636,warrior,arms,60,40,20
Blackfrosty,stormscale,1636,warrior,arms,78,43,35
Hatestørm,kazzak,1636,warrior,arms,42,22,20
Arcreign,kazzak,1636,warrior,arms,191,97,94
Garthock,stormscale,1636,warrior,arms,42,20,22
Erickson,tarren-mill,1636,warrior,arms,42,18,24
Земибор,soulflayer,1636,warrior,arms,60,23,37
Sydian,burning-legion,1635,warrior,arms,36,21,15
Tgabor,ragnaros,1635,warrior,arms,77,42,35
Ryofu,stormscale,1635,warrior,arms,42,22,20
Мастерион,soulflayer,1635,warrior,arms,138,71,67
Омепразол,gordunni,1635,warrior,arms,268,134,134
Neoballac,uldum,1635,warrior,arms,66,32,34
Warrez,azuremyst,1634,warrior,arms,37,24,13
Off,archimonde,1634,warrior,arms,30,18,12
Bruxus,blackhand,1634,warrior,arms,238,122,116
Wasdwarr,aegwynn,1633,warrior,arms,80,46,34
Nazhar,kult-der-verdammten,1633,warrior,arms,54,27,27
Lyroe,blackrock,1633,warrior,arms,42,21,21
Витодпс,howling-fjord,1633,warrior,arms,96,43,53
Арсон,soulflayer,1632,warrior,arms,36,19,17
Atlizz,twisting-nether,1632,warrior,arms,90,47,43
Dafrang,kazzak,1632,warrior,arms,113,59,54
Tweran,drakthul,1632,warrior,arms,60,31,29
Agoobagoo,alakir,1632,warrior,arms,47,23,24
Liked,tarren-mill,1632,warrior,arms,54,24,30
Bastrick,argent-dawn,1631,warrior,arms,122,64,58
Asenine,sylvanas,1631,warrior,arms,462,226,236
Bamme,archimonde,1631,warrior,arms,59,28,31
Raizy,frostwolf,1630,warrior,arms,200,111,89
Zaurzyfang,burning-legion,1630,warrior,arms,94,52,42
Miz,dun-modr,1630,warrior,arms,51,27,24
Çon,ravencrest,1630,warrior,arms,121,63,58
Nalx,tarren-mill,1630,warrior,arms,129,67,62
Natis,drakthul,1630,warrior,arms,96,39,57
Aestheticon,burning-blade,1629,warrior,arms,36,21,15
Furanos,blackrock,1629,warrior,arms,65,34,31
Orcassmus,blackrock,1628,warrior,arms,48,29,19
Darksídex,silvermoon,1628,warrior,arms,339,176,163
Watashilfy,ravencrest,1628,warrior,arms,78,39,39
Thrux,dalaran,1628,warrior,arms,119,59,60
Héda,tarren-mill,1628,warrior,arms,75,36,39
Mellîødas,blackmoore,1627,warrior,arms,54,30,24
Winabella,tarren-mill,1627,warrior,arms,36,20,16
Iameconomist,twisting-nether,1627,warrior,arms,36,17,19
Moosewood,draenor,1627,warrior,arms,95,44,51
Hellkau,blackmoore,1627,warrior,arms,57,26,31
Golmmash,draenor,1627,warrior,arms,104,46,58
Ахиллслэм,howling-fjord,1627,warrior,arms,164,72,92
Klinga,bladefist,1626,warrior,arms,42,24,18
Заверчу,soulflayer,1626,warrior,arms,108,61,47
Xzm,stormscale,1626,warrior,arms,33,18,15
Ebonheart,argent-dawn,1626,warrior,arms,104,50,54
Ijzerekast,sylvanas,1626,warrior,arms,91,41,50
Rootmagnet,twisting-nether,1625,warrior,arms,30,20,10
Evrybodydown,draenor,1625,warrior,arms,230,119,111
Blayr,tarren-mill,1625,warrior,arms,146,70,76
Asipositas,eredar,1625,warrior,arms,42,19,23
Beevzyn,blackmoore,1624,warrior,arms,24,17,7
Zufzuf,twisting-nether,1624,warrior,arms,36,22,14
Sanerion,antonidas,1624,warrior,arms,48,24,24
Sørêy,aegwynn,1624,warrior,arms,84,41,43
Wlãð,archimonde,1624,warrior,arms,48,23,25
Xurainlol,eredar,1623,warrior,arms,30,17,13
Розети,gordunni,1623,warrior,arms,57,30,27
Жестокус,gordunni,1623,warrior,arms,42,22,20
Lusan,sylvanas,1623,warrior,arms,42,21,21
Айфилшок,gordunni,1623,warrior,arms,66,32,34
Justyòqt,archimonde,1623,warrior,arms,84,40,44
Kwaiha,kazzak,1623,warrior,arms,85,40,45
Sorkk,kazzak,1622,warrior,arms,98,50,48
Elder,darkmoon-faire,1622,warrior,arms,197,100,97
Фурианка,galakrond,1622,warrior,arms,63,31,32
Spartaz,eredar,1622,warrior,arms,66,30,36
Solaje,dun-modr,1621,warrior,arms,39,22,17
Kût,les-sentinelles,1621,warrior,arms,41,22,19
Тритиан,soulflayer,1621,warrior,arms,118,63,55
Prestà,archimonde,1621,warrior,arms,81,43,38
Wigsplitterx,twisting-nether,1621,warrior,arms,317,154,163
Hashashyn,stormscale,1620,warrior,arms,35,20,15
Najjs,eredar,1620,warrior,arms,39,20,19
Jammy,dentarg,1620,warrior,arms,36,17,19
Zodiac,aggra-português,1619,warrior,arms,30,17,13
Karreg,hyjal,1619,warrior,arms,145,74,71
Армсег,soulflayer,1619,warrior,arms,85,43,42
Saetásh,argent-dawn,1619,warrior,arms,185,87,98
Sickslamzyø,ravencrest,1619,warrior,arms,42,17,25
Mxrdvr,kazzak,1618,warrior,arms,54,35,19
Néxtlølz,twisting-nether,1618,warrior,arms,68,34,34
Дроктул,howling-fjord,1618,warrior,arms,490,243,247
Boldinq,ravencrest,1618,warrior,arms,141,66,75
Recklesnes,kazzak,1618,warrior,arms,42,17,25
Арткес,gordunni,1617,warrior,arms,212,112,100
Кхаррнн,gordunni,1617,warrior,arms,153,73,80
Môtu,aegwynn,1617,warrior,arms,42,17,25
Thundranium,kazzak,1616,warrior,arms,37,22,15
Shavoi,die-aldor,1616,warrior,arms,47,21,26
Borthuk,tarren-mill,1616,warrior,arms,107,45,62
Khireebonk,hyjal,1615,warrior,arms,36,24,12
Рекиро,blackscar,1615,warrior,arms,40,21,19
Gladius,ysera,1615,warrior,arms,86,43,43
Balltas,drakthul,1615,warrior,arms,134,64,70
Skumslag,blackmoore,1615,warrior,arms,95,42,53
Chàrgex,blackrock,1614,warrior,arms,64,30,34
Untiltèd,ravencrest,1613,warrior,arms,89,60,29
Lepka,drakthul,1613,warrior,arms,96,54,42
Фелпир,soulflayer,1613,warrior,arms,197,104,93
Cirenax,draenor,1613,warrior,arms,60,31,29
Hamez,thunderhorn,1613,warrior,arms,70,34,36
Sanca,naxxramas,1613,warrior,arms,42,19,23
Horsewarrior,stormscale,1613,warrior,arms,47,20,27
Surthur,magtheridon,1612,warrior,arms,66,33,33
Nèssa,outland,1612,warrior,arms,51,23,28
Ïnahö,hyjal,1611,warrior,arms,36,19,17
Diô,stormscale,1611,warrior,arms,47,21,26
Фалькр,soulflayer,1610,warrior,arms,42,22,20
Kyrú,silvermoon,1610,warrior,arms,108,55,53
Bløødyshøcks,aggra-português,1610,warrior,arms,216,108,108
Куэсес,howling-fjord,1610,warrior,arms,39,19,20
Enzja,nazjatar,1610,warrior,arms,66,31,35
Strife,ravencrest,1609,warrior,arms,81,51,30
Ayasana,argent-dawn,1609,warrior,arms,42,25,17
Laavapoeg,outland,1609,warrior,arms,99,52,47
Mävïs,ravencrest,1608,warrior,arms,84,46,38
Guts,frostwhisper,1608,warrior,arms,173,83,90
Caméltoe,frostwolf,1608,warrior,arms,149,70,79
Biggerer,blackrock,1608,warrior,arms,84,39,45
Sjozug,tarren-mill,1608,warrior,arms,42,17,25
Ironbutter,ravencrest,1607,warrior,arms,98,59,39
Únkqt,dalaran,1607,warrior,arms,63,35,28
Sebeastian,ravencrest,1607,warrior,arms,96,53,43
Bursch,ravencrest,1607,warrior,arms,137,69,68
Acaleus,the-maelstrom,1607,warrior,arms,130,62,68
Gailko,sanguino,1607,warrior,arms,44,20,24
Хэллоуиныч,soulflayer,1606,warrior,arms,30,17,13
Убитаякорова,soulflayer,1606,warrior,arms,36,20,16
Pikkemaát,stormscale,1606,warrior,arms,101,53,48
Eyeslicer,quelthalas,1606,warrior,arms,42,22,20
Odenscolddry,kazzak,1606,warrior,arms,191,93,98
Oppressíon,silvermoon,1606,warrior,arms,46,22,24
Takatoa,argent-dawn,1606,warrior,arms,54,23,31
Unbrauchbar,silvermoon,1605,warrior,arms,94,53,41
Ødräcîë,silvermoon,1605,warrior,arms,120,62,58
Arnoldr,ysondre,1605,warrior,arms,48,24,24
Albwarr,kazzak,1605,warrior,arms,42,18,24
Nakro,hyjal,1604,warrior,arms,30,21,9
Faimy,tarren-mill,1604,warrior,arms,36,21,15
Ayraw,eredar,1604,warrior,arms,36,20,16
Ronoh,kazzak,1604,warrior,arms,42,23,19
Lazytowl,outland,1604,warrior,arms,130,65,65
Zugstorm,outland,1604,warrior,arms,76,37,39
Exoblade,silvermoon,1604,warrior,arms,76,35,41
Bloodx,archimonde,1603,warrior,arms,36,20,16
Buckiesøde,twisting-nether,1603,warrior,arms,36,17,19
Eskiler,burning-legion,1603,warrior,arms,54,23,31
Zkou,wrathbringer,1603,warrior,arms,60,22,38
Eselhirte,blackmoore,1602,warrior,arms,85,46,39
Imfiñe,outland,1602,warrior,arms,161,80,81
Hellespont,hellscream,1602,warrior,arms,173,78,95
Freelongx,stormscale,1602,warrior,arms,42,17,25
Wítts,ravencrest,1601,warrior,arms,30,20,10
Kèrrysmâsh,blackrock,1601,warrior,arms,90,54,36
Duncán,auchindoun,1601,warrior,arms,65,36,29
Kupr,outland,1601,warrior,arms,40,21,19
Khanox,twisting-nether,1601,warrior,arms,148,74,74
Reapo,blackhand,1601,warrior,arms,207,101,106
Linkx,lightnings-blade,1601,warrior,arms,60,28,32
Crystallake,blackrock,1601,warrior,arms,114,52,62
Sunney,tarren-mill,1600,warrior,arms,35,21,14
Bucketheadde,thrall,1600,warrior,arms,59,26,33
Sumprunkare,stormscale,1599,warrior,arms,52,29,23
Khemen,kazzak,1598,warrior,arms,77,43,34
Nakedwarrior,silvermoon,1598,warrior,arms,36,19,17
Rathis,arathor,1598,warrior,arms,60,25,35
Вагранна,soulflayer,1597,warrior,arms,54,26,28
Морнстар,gordunni,1597,warrior,arms,115,55,60
Кладбошаа,gordunni,1596,warrior,arms,138,70,68
Battlemaster,die-aldor,1596,warrior,arms,70,35,35
Arandyr,archimonde,1596,warrior,arms,60,24,36
Malebolia,mugthol,1595,warrior,arms,362,181,181
Kobeni,ysondre,1595,warrior,arms,85,40,45
Tenvee,outland,1595,warrior,arms,42,19,23
Бурчун,deathguard,1594,warrior,arms,54,34,20
Xiiver,burning-legion,1593,warrior,arms,143,76,67
Dreadbanga,blackmoore,1593,warrior,arms,49,22,27
Knubbz,ravencrest,1592,warrior,arms,60,30,30
Haanok,ravencrest,1591,warrior,arms,59,34,25
Rhaegon,laughing-skull,1591,warrior,arms,42,21,21
Hellzint,sanguino,1591,warrior,arms,409,204,205
Capitalista,das-konsortium,1591,warrior,arms,42,20,22
Dedewawa,ysondre,1591,warrior,arms,36,17,19
Grezlyk,drakthul,1589,warrior,arms,131,65,66
Cráft,silvermoon,1589,warrior,arms,60,28,32
Kamilfury,burning-legion,1589,warrior,arms,91,42,49
Thundersword,sylvanas,1589,warrior,arms,84,30,54
Falconer,ravencrest,1589,warrior,arms,72,23,49
Btr,archimonde,1588,warrior,arms,42,19,23
Spridan,ravencrest,1588,warrior,arms,54,20,34
Drâpârn,sylvanas,1587,warrior,arms,30,18,12
Tyrax,blackrock,1587,warrior,arms,35,20,15
Оргрриммар,soulflayer,1587,warrior,arms,477,238,239
Corlo,uldaman,1587,warrior,arms,98,44,54
Aeldran,argent-dawn,1586,warrior,arms,48,25,23
Abrash,ysondre,1586,warrior,arms,148,73,75
Bronix,blackrock,1586,warrior,arms,130,64,66
Gigasmash,pozzo-delleternità,1586,warrior,arms,216,105,111
Aizy,blackhand,1585,warrior,arms,36,21,15
Räzorleaf,kul-tiras,1584,warrior,arms,120,65,55
Germantank,ravencrest,1584,warrior,arms,36,19,17
Bufdefstance,kazzak,1584,warrior,arms,86,43,43
Bérsérk,blackmoore,1583,warrior,arms,34,20,14
Yeezy,les-sentinelles,1583,warrior,arms,39,22,17
Yatõ,blackmoore,1583,warrior,arms,42,22,20
Fragmeista,ragnaros,1582,warrior,arms,36,17,19
Zombossio,tarren-mill,1582,warrior,arms,133,61,72
Ragëë,tarren-mill,1581,warrior,arms,78,42,36
Otzi,sargeras,1581,warrior,arms,123,55,68
Kookwr,aggra-português,1581,warrior,arms,73,31,42
Lilgozga,stormscale,1581,warrior,arms,48,20,28
Rogersrage,ragnaros,1580,warrior,arms,72,40,32
Каосвар,howling-fjord,1579,warrior,arms,30,19,11
Nonow,silvermoon,1579,warrior,arms,178,83,95
Hitmanler,frostmane,1578,warrior,arms,119,66,53
Trajkovic,ravencrest,1578,warrior,arms,274,150,124
Tiwâz,eredar,1578,warrior,arms,111,59,52
Asuramaru,aegwynn,1577,warrior,arms,146,79,67
Люцц,gordunni,1577,warrior,arms,182,89,93
Krew,drakthul,1577,warrior,arms,90,43,47
Троммтар,howling-fjord,1577,warrior,arms,172,73,99
Snðw,outland,1577,warrior,arms,103,40,63
Sýkz,exodar,1577,warrior,arms,53,19,34
Vullgrîm,blackmoore,1576,warrior,arms,102,51,51
Taistelumage,stormreaver,1576,warrior,arms,35,17,18
Romic,guldan,1576,warrior,arms,54,24,30
Alokar,draenor,1575,warrior,arms,54,32,22
Lpa,stormscale,1575,warrior,arms,74,39,35
Ослаард,gordunni,1575,warrior,arms,42,22,20
Furukawa,ravencrest,1575,warrior,arms,51,24,27
Taoke,ravencrest,1575,warrior,arms,42,19,23
Oxay,alakir,1575,warrior,arms,70,30,40
Warclodo,la-croisade-écarlate,1574,warrior,arms,30,17,13
Deadlyanger,kazzak,1574,warrior,arms,78,41,37
Oweiko,blackrock,1574,warrior,arms,78,41,37
Grumpy,lightbringer,1574,warrior,arms,106,53,53
Hobo,ravencrest,1574,warrior,arms,124,60,64
Deathwingx,azuremyst,1574,warrior,arms,63,27,36
Erotixboi,blackrock,1573,warrior,arms,48,29,19
Оргнар,ashenvale,1573,warrior,arms,48,27,21
Batïk,blackmoore,1573,warrior,arms,83,36,47
Шлифую,howling-fjord,1572,warrior,arms,55,35,20
Анакронокс,howling-fjord,1572,warrior,arms,38,20,18
Bluto,dunemaul,1572,warrior,arms,307,158,149
Velgrim,ravencrest,1572,warrior,arms,87,37,50
Vory,ravencrest,1571,warrior,arms,30,19,11
Perinel,draenor,1571,warrior,arms,201,100,101
Трешконтент,gordunni,1571,warrior,arms,132,65,67
Trust,darksorrow,1570,warrior,arms,60,31,29
Monbun,silvermoon,1570,warrior,arms,101,51,50
Бургерс,soulflayer,1570,warrior,arms,57,25,32
Isenstrider,burning-legion,1570,warrior,arms,54,23,31
Breaken,silvermoon,1569,warrior,arms,60,32,28
Melogranod,nemesis,1569,warrior,arms,42,20,22
Jaythegodx,blackrock,1569,warrior,arms,108,43,65
Vampviv,tarren-mill,1568,warrior,arms,36,19,17
Донтрелиз,howling-fjord,1568,warrior,arms,100,46,54
Ganzaésábi,aggra-português,1567,warrior,arms,108,57,51
Ollyaa,ravencrest,1566,warrior,arms,54,31,23
Gely,silvermoon,1566,warrior,arms,119,59,60
Frcwar,kazzak,1566,warrior,arms,54,26,28
Дейдулус,soulflayer,1566,warrior,arms,78,33,45
Rakuna,tarren-mill,1565,warrior,arms,138,68,70
Shwreck,kazzak,1565,warrior,arms,106,52,54
Giganza,outland,1565,warrior,arms,66,29,37
Manoito,argent-dawn,1565,warrior,arms,60,25,35
Форгерон,howling-fjord,1565,warrior,arms,48,19,29
Едигейй,gordunni,1564,warrior,arms,58,32,26
Ajax,defias-brotherhood,1564,warrior,arms,101,49,52
Letmeteachya,kazzak,1564,warrior,arms,96,46,50
Methodxd,outland,1564,warrior,arms,78,37,41
Абырабыр,howling-fjord,1563,warrior,arms,30,18,12
Sobii,ravencrest,1563,warrior,arms,53,28,25
Cavo,drakthul,1563,warrior,arms,42,18,24
Stepa,sylvanas,1562,warrior,arms,54,28,26
Gargaflike,aggra-português,1562,warrior,arms,78,32,46
Cleopatra,frostwhisper,1561,warrior,arms,36,22,14
Lilshockwave,argent-dawn,1561,warrior,arms,54,31,23
Футжисубо,razuvious,1561,warrior,arms,47,24,23
Gozga,twisting-nether,1561,warrior,arms,202,103,99
Rongh,saurfang,1561,warrior,arms,36,17,19
Айсиёу,howling-fjord,1561,warrior,arms,50,21,29
Daýz,draenor,1561,warrior,arms,48,18,30
Jøtawarrior,sanguino,1560,warrior,arms,76,38,38
Протектор,soulflayer,1560,warrior,arms,60,29,31
Stancenation,draenor,1560,warrior,arms,99,47,52
Lahzar,krasus,1560,warrior,arms,126,59,67
Хэлслэйтэр,gordunni,1559,warrior,arms,130,65,65
Чевчелиос,deathweaver,1559,warrior,arms,47,21,26
Noitoved,outland,1559,warrior,arms,56,23,33
Hemèra,hyjal,1558,warrior,arms,47,24,23
Malgár,argent-dawn,1558,warrior,arms,59,30,29
Huullkk,nazjatar,1558,warrior,arms,149,73,76
Zíreael,ravencrest,1557,warrior,arms,95,49,46
Rabaozi,blackhand,1557,warrior,arms,149,74,75
Тише,deathweaver,1557,warrior,arms,60,29,31
Ariéz,tarren-mill,1556,warrior,arms,92,50,42
Hasmocaru,silvermoon,1556,warrior,arms,78,37,41
Teg,ravencrest,1555,warrior,arms,45,24,21
Belgabad,rexxar,1555,warrior,arms,54,24,30
Hivuka,blackhand,1554,warrior,arms,42,22,20
Bäiley,drakthul,1554,warrior,arms,36,17,19
Brunodressed,aegwynn,1554,warrior,arms,114,52,62
Bhallts,twisting-nether,1554,warrior,arms,48,19,29
Fokra,draenor,1553,warrior,arms,74,47,27
Rendz,ravencrest,1553,warrior,arms,30,19,11
Mélindà,silvermoon,1553,warrior,arms,63,38,25
Dagreenjo,tarren-mill,1553,warrior,arms,60,32,28
Riann,silvermoon,1553,warrior,arms,60,29,31
Vorri,ravencrest,1551,warrior,arms,36,18,18
Хоркан,blackscar,1551,warrior,arms,66,31,35
Shirøx,blackrock,1550,warrior,arms,78,42,36
Philatou,antonidas,1549,warrior,arms,53,29,24
Crissx,silvermoon,1549,warrior,arms,241,124,117
Architectman,twisting-nether,1549,warrior,arms,225,115,110
Bujax,onyxia,1549,warrior,arms,40,17,23
Genjutsubeat,blackmoore,1548,warrior,arms,54,31,23
Sholong,antonidas,1548,warrior,arms,48,24,24
Vilass,silvermoon,1547,warrior,arms,60,31,29
Shownomercy,blackrock,1547,warrior,arms,54,27,27
Arowbaze,archimonde,1547,warrior,arms,66,28,38
Hortswarr,drakthul,1546,warrior,arms,49,29,20
Donfidel,tarren-mill,1546,warrior,arms,30,17,13
Tamesulo,silvermoon,1546,warrior,arms,89,46,43
Zëhef,hyjal,1546,warrior,arms,138,71,67
Raley,ragnaros,1546,warrior,arms,286,146,140
Trenôdeca,stormscale,1546,warrior,arms,48,23,25
Imglad,ragnaros,1546,warrior,arms,45,21,24
Alexandrrior,rexxar,1546,warrior,arms,114,53,61
Waf,hakkar,1545,warrior,arms,159,87,72
Morthôr,grim-batol,1545,warrior,arms,69,34,35
Nàsher,frostwolf,1545,warrior,arms,133,64,69
Dasyana,drakthul,1544,warrior,arms,29,17,12
Madkill,twisting-nether,1544,warrior,arms,42,24,18
Enface,ragnaros,1544,warrior,arms,83,46,37
Maniackz,tarren-mill,1544,warrior,arms,36,19,17
Divyx,tarren-mill,1544,warrior,arms,103,54,49
Massiveape,argent-dawn,1544,warrior,arms,69,35,34
Incendix,stormscale,1543,warrior,arms,160,81,79
Gipsyjoe,ragnaros,1543,warrior,arms,88,43,45
Спуллае,soulflayer,1541,warrior,arms,30,18,12
Grimarg,drakthul,1541,warrior,arms,48,25,23
Мускулатор,soulflayer,1541,warrior,arms,159,82,77
Wrynir,archimonde,1541,warrior,arms,78,38,40
Gravityfalls,blackmoore,1540,warrior,arms,174,88,86
Màkáveli,stormscale,1540,warrior,arms,113,56,57
Латексник,booty-bay,1540,warrior,arms,95,46,49
Jeonsoyeon,argent-dawn,1540,warrior,arms,36,17,19
Денеур,gordunni,1540,warrior,arms,140,57,83
Threnewar,kazzak,1538,warrior,arms,48,25,23
Farrusco,nemesis,1538,warrior,arms,113,58,55
ßamßam,draenor,1538,warrior,arms,58,29,29
Aîdogar,ysondre,1538,warrior,arms,42,20,22
Alexamazing,lordaeron,1538,warrior,arms,79,37,42
Ashecröft,sylvanas,1538,warrior,arms,57,26,31
Marablind,drakthul,1538,warrior,arms,42,17,25
Valíon,outland,1537,warrior,arms,112,64,48
Zhulgar,azjolnerub,1537,warrior,arms,60,32,28
Notinfa,draenor,1537,warrior,arms,228,119,109
Dragoons,tyrande,1537,warrior,arms,104,48,56
Kennzz,ravencrest,1537,warrior,arms,42,18,24
Grántor,eredar,1536,warrior,arms,72,38,34
Kaîsaschnitt,malganis,1536,warrior,arms,156,82,74
Renbaka,marécage-de-zangar,1536,warrior,arms,48,25,23
Èzekiel,dalaran,1536,warrior,arms,90,46,44
Kleidaria,stormscale,1536,warrior,arms,44,22,22
Khalen,grim-batol,1536,warrior,arms,36,18,18
Armsbull,twisting-nether,1536,warrior,arms,66,32,34
Skorz,kazzak,1536,warrior,arms,48,22,26
Beanzz,blackmoore,1535,warrior,arms,30,17,13
Лагалиер,borean-tundra,1535,warrior,arms,56,31,25
Krîspie,archimonde,1535,warrior,arms,77,40,37
Serastul,rajaxx,1535,warrior,arms,92,44,48
Bstgame,frostmane,1535,warrior,arms,36,17,19
Fáro,ravencrest,1535,warrior,arms,58,26,32
Ckx,kazzak,1534,warrior,arms,44,28,16
Panggy,ragnaros,1534,warrior,arms,64,31,33
Галактозар,soulflayer,1533,warrior,arms,198,105,93
Warmâchine,burning-legion,1533,warrior,arms,277,130,147
Бигдэмс,soulflayer,1533,warrior,arms,36,16,20
Pishpy,sylvanas,1532,warrior,arms,38,19,19
Vayndral,kazzak,1531,warrior,arms,102,52,50
Bigbanz,outland,1531,warrior,arms,105,47,58
Tarkosha,terokkar,1530,warrior,arms,567,285,282
Trashman,bronzebeard,1530,warrior,arms,168,82,86
Êphêý,kazzak,1530,warrior,arms,36,16,20
Ssnakeess,silvermoon,1529,warrior,arms,84,46,38
Áäáäáäáä,aegwynn,1529,warrior,arms,30,16,14
Ммайдаен,goldrinn,1529,warrior,arms,72,36,36
Proxxyyqt,blackrock,1529,warrior,arms,68,30,38
Tranqtum,ravencrest,1529,warrior,arms,37,16,21
Ansi,argent-dawn,1528,warrior,arms,139,65,74
Vôx,sylvanas,1528,warrior,arms,186,83,103
Geroldius,silvermoon,1528,warrior,arms,54,21,33
Cãngo,die-todeskrallen,1527,warrior,arms,91,49,42
Ragetotem,doomhammer,1527,warrior,arms,38,18,20
Heubba,hyjal,1527,warrior,arms,48,18,30
Варгана,soulflayer,1526,warrior,arms,183,94,89
Whoosah,ragnaros,1525,warrior,arms,123,60,63
Лотрранк,gordunni,1525,warrior,arms,60,24,36
Jonukas,argent-dawn,1524,warrior,arms,60,27,33
Pra,antonidas,1523,warrior,arms,84,49,35
Wazraf,khaz-modan,1523,warrior,arms,192,96,96
Herigan,burning-legion,1523,warrior,arms,57,25,32
Übelzord,thrall,1523,warrior,arms,53,23,30
Skullrage,tarren-mill,1523,warrior,arms,53,22,31
Mocomomo,argent-dawn,1522,warrior,arms,24,16,8
Zheq,ragnaros,1522,warrior,arms,30,16,14
Párta,ravencrest,1522,warrior,arms,70,35,35
Fullzugzug,kazzak,1522,warrior,arms,60,30,30
Shrekwarr,kazzak,1522,warrior,arms,137,67,70
Norwegian,silvermoon,1522,warrior,arms,92,44,48
Gromkarg,draenor,1522,warrior,arms,104,44,60
Meldy,dun-morogh,1522,warrior,arms,56,22,34
Stormcoil,stormscale,1521,warrior,arms,47,24,23
Zelwar,drakthul,1520,warrior,arms,31,19,12
Xorlog,thrall,1520,warrior,arms,41,24,17
Devilpanic,outland,1520,warrior,arms,30,16,14
Execútioner,sylvanas,1520,warrior,arms,59,30,29
Gorocpt,doomhammer,1520,warrior,arms,68,33,35
Gervvand,burning-legion,1519,warrior,arms,48,26,22
Мэйрил,lich-king,1519,warrior,arms,190,99,91
Hazzael,ravencrest,1519,warrior,arms,126,63,63
Kekrah,burning-legion,1519,warrior,arms,47,18,29
Yukizz,ravencrest,1518,warrior,arms,30,16,14
Gaisorg,die-aldor,1518,warrior,arms,60,31,29
Cryhoof,ragnaros,1518,warrior,arms,159,79,80
Сика,blackscar,1518,warrior,arms,90,43,47
Bullrug,blackrock,1517,warrior,arms,58,29,29
Sahl,sylvanas,1517,warrior,arms,186,91,95
Savedsky,zuljin,1517,warrior,arms,48,16,32
Grroom,tarren-mill,1516,warrior,arms,64,32,32
Treze,sanguino,1516,warrior,arms,182,87,95
Trilon,blackrock,1516,warrior,arms,50,21,29
Skeletor,draenor,1515,warrior,arms,61,30,31
Rayner,illidan,1515,warrior,arms,60,28,32
Lücifer,dun-modr,1514,warrior,arms,60,39,21
Riptack,anetheron,1514,warrior,arms,253,131,122
Rîdler,ravencrest,1514,warrior,arms,288,143,145
Warmegedon,frostmane,1512,warrior,arms,24,16,8
Bävling,kazzak,1512,warrior,arms,61,33,28
Mezugzugyou,draenor,1512,warrior,arms,44,23,21
Bigbmh,tarren-mill,1512,warrior,arms,42,21,21
Thaldrys,blackhand,1512,warrior,arms,167,81,86
Скрежет,gordunni,1512,warrior,arms,66,32,34
Бизэмэйкер,gordunni,1512,warrior,arms,36,17,19
Угхпах,soulflayer,1512,warrior,arms,36,16,20
Ødên,frostmane,1511,warrior,arms,30,16,14
Nucleargrab,twilights-hammer,1511,warrior,arms,211,108,103
Архиватор,gordunni,1511,warrior,arms,169,85,84
Josgrout,silvermoon,1510,warrior,arms,88,42,46
Arktharion,antonidas,1510,warrior,arms,72,34,38
Каутто,howling-fjord,1510,warrior,arms,40,18,22
Scormash,burning-legion,1510,warrior,arms,36,16,20
Хамерртайм,goldrinn,1510,warrior,arms,48,20,28
Tinkaton,sylvanas,1509,warrior,arms,36,16,20
Stormfist,tarren-mill,1508,warrior,arms,72,40,32
Shoesmith,outland,1508,warrior,arms,210,99,111
Kneecleaver,darksorrow,1508,warrior,arms,54,23,31
Melliug,ysondre,1508,warrior,arms,48,20,28
Nøsyo,blackrock,1507,warrior,arms,30,18,12
Üs,ravencrest,1507,warrior,arms,65,35,30
Lægend,hyjal,1507,warrior,arms,194,102,92
Настрамо,gordunni,1507,warrior,arms,52,26,26
Miodrag,kazzak,1507,warrior,arms,36,17,19
Sonìe,kazzak,1506,warrior,arms,89,51,38
Хедтакер,gordunni,1506,warrior,arms,30,16,14
Martins,doomhammer,1506,warrior,arms,117,57,60
Nyokosuzi,grim-batol,1506,warrior,arms,84,39,45
Jamakun,magtheridon,1505,warrior,arms,54,29,25
Celphboss,tarren-mill,1505,warrior,arms,87,46,41
Zergalot,stormscale,1505,warrior,arms,35,17,18
Caltan,wildhammer,1505,warrior,arms,56,27,29
Haraldjuhnke,frostwolf,1505,warrior,arms,76,35,41
Hollydeffs,blackmoore,1505,warrior,arms,90,40,50
Wargak,stormscale,1505,warrior,arms,42,18,24
Micromachine,argent-dawn,1505,warrior,arms,66,25,41
Pied,krasus,1504,warrior,arms,36,19,17
Dokô,twisting-nether,1504,warrior,arms,84,44,40
Тэйкмисофтли,blackscar,1504,warrior,arms,54,28,26
Мэднас,howling-fjord,1504,warrior,arms,120,62,58
Волрок,howling-fjord,1504,warrior,arms,67,34,33
Pptickler,argent-dawn,1504,warrior,arms,83,41,42
Raakalainen,vashj,1504,warrior,arms,59,29,30
Séphi,archimonde,1504,warrior,arms,66,31,35
Ironsíde,alakir,1504,warrior,arms,63,28,35
Miniwitts,ravencrest,1503,warrior,arms,24,16,8
Беренса,howling-fjord,1503,warrior,arms,165,87,78
Spijkerbroek,alakir,1503,warrior,arms,533,270,263
Ladoz,ragnaros,1503,warrior,arms,128,64,64
Бижек,gordunni,1503,warrior,arms,66,31,35
Дагмар,howling-fjord,1503,warrior,arms,66,31,35
Mordeukay,hyjal,1503,warrior,arms,48,22,26
Nezruslone,dun-modr,1502,warrior,arms,52,39,13
Kantarion,stormscale,1502,warrior,arms,72,35,37
Кизуми,gordunni,1502,warrior,arms,81,38,43
Rottenfall,azjolnerub,1501,warrior,arms,87,55,32
Greatsword,turalyon,1501,warrior,arms,41,24,17
Alyx,mugthol,1501,warrior,arms,104,54,50
Craghak,twisting-nether,1501,warrior,arms,219,110,109
Ausrastus,blackhand,1501,warrior,arms,36,18,18
Derentis,echsenkessel,1500,warrior,arms,216,105,111
Рыгулька,gordunni,1500,warrior,arms,198,96,102
Агрегат,goldrinn,1500,warrior,arms,108,50,58
Greekazi,kazzak,1499,warrior,arms,81,44,37
Mentôr,sargeras,1499,warrior,arms,47,23,24
Shimslady,outland,1499,warrior,arms,48,17,31
Endeawour,ravencrest,1498,warrior,arms,237,130,107
Трафалльгар,gordunni,1498,warrior,arms,218,117,101
Ragnou,tarren-mill,1498,warrior,arms,82,38,44
Crriminal,ravencrest,1498,warrior,arms,48,20,28
Vurux,blackrock,1497,warrior,arms,38,20,18
Dxc,blackhand,1497,warrior,arms,56,29,27
Ricssonz,burning-legion,1497,warrior,arms,78,40,38
Rohc,kazzak,1497,warrior,arms,106,51,55
Markorok,kazzak,1497,warrior,arms,60,28,32
Bêllator,stormscale,1497,warrior,arms,36,16,20
Pezuñaloca,shendralar,1496,warrior,arms,96,56,40
Дозен,soulflayer,1496,warrior,arms,46,26,20
Poyraz,blackrock,1495,warrior,arms,30,16,14
Axetomouth,blackrock,1495,warrior,arms,54,28,26
Grimzot,ragnaros,1495,warrior,arms,66,32,34
Ruinatiøn,stormscale,1494,warrior,arms,30,18,12
Думхаммер,howling-fjord,1494,warrior,arms,77,44,33
Morvar,sanguino,1494,warrior,arms,30,16,14
Bôris,argent-dawn,1494,warrior,arms,60,31,29
Thiccbra,burning-legion,1494,warrior,arms,72,37,35
Shadowbôxer,onyxia,1494,warrior,arms,74,38,36
Icekissx,hyjal,1494,warrior,arms,141,71,70
Whátsup,stormscale,1494,warrior,arms,48,24,24
Talión,ravencrest,1493,warrior,arms,24,17,7
Aurélus,rexxar,1493,warrior,arms,36,22,14
Ardmoo,burning-legion,1493,warrior,arms,65,34,31
Dárkhammer,tarren-mill,1493,warrior,arms,102,50,52
Boshim,ravencrest,1492,warrior,arms,60,32,28
Solezte,tarren-mill,1492,warrior,arms,114,59,55
Draer,sanguino,1492,warrior,arms,41,20,21
Vratranzhul,kirin-tor,1492,warrior,arms,271,132,139
Астерио,blackscar,1492,warrior,arms,36,17,19
Киллдекс,gordunni,1492,warrior,arms,114,52,62
Kazzuk,dentarg,1492,warrior,arms,47,21,26
Brutøs,conseil-des-ombres,1491,warrior,arms,54,28,26
Nighat,sanguino,1491,warrior,arms,168,85,83
Nexpwns,blackhand,1491,warrior,arms,225,113,112
Pumpadzhîja,outland,1491,warrior,arms,66,32,34
Vectarrior,eredar,1491,warrior,arms,54,26,28
Gantsrip,stormscale,1491,warrior,arms,82,38,44
Каргром,howling-fjord,1491,warrior,arms,39,18,21
Picciocino,nemesis,1491,warrior,arms,88,36,52
Jastreb,blackrock,1491,warrior,arms,84,33,51
Hùmøngöúslåm,ravencrest,1490,warrior,arms,30,19,11
Ricovega,kazzak,1490,warrior,arms,42,21,21
Hefthyn,sanguino,1489,warrior,arms,42,23,19
Greenpanzer,archimonde,1489,warrior,arms,75,38,37
Dagouor,twisting-nether,1489,warrior,arms,99,48,51
Wardrior,stormscale,1489,warrior,arms,62,30,32
Северот,deepholm,1489,warrior,arms,53,25,28
Drahtalger,hyjal,1489,warrior,arms,42,19,23
Ilovealma,kiljaeden,1488,warrior,arms,107,49,58
Hindbærsaft,stormscale,1487,warrior,arms,55,32,23
Мерсилессх,gordunni,1487,warrior,arms,102,51,51
Nukebomb,dun-modr,1487,warrior,arms,60,29,31
Paow,tarren-mill,1487,warrior,arms,41,19,22
Cryonix,drakthul,1486,warrior,arms,61,33,28
Jimei,temple-noir,1486,warrior,arms,30,16,14
Reider,kazzak,1486,warrior,arms,63,33,30
Голдибитч,gordunni,1486,warrior,arms,84,41,43
Clashblood,outland,1486,warrior,arms,44,18,26
Mfdoöm,draenor,1485,warrior,arms,149,73,76
Nainculay,kaelthas,1485,warrior,arms,48,23,25
Omgihithard,draenor,1484,warrior,arms,57,28,29
Fion,kult-der-verdammten,1484,warrior,arms,67,31,36
Fizzywarrior,blackmoore,1484,warrior,arms,63,29,34
Lortèn,stormscale,1482,warrior,arms,48,24,24
Runhex,veknilash,1481,warrior,arms,53,26,27
Gritch,ysondre,1481,warrior,arms,54,26,28
Hôrn,stormscale,1480,warrior,arms,70,40,30
Daelator,ravencrest,1480,warrior,arms,56,30,26
Gramr,silvermoon,1480,warrior,arms,71,36,35
Lyes,uldaman,1480,warrior,arms,316,155,161
Doba,madmortem,1480,warrior,arms,101,49,52
Nurfbolt,kazzak,1480,warrior,arms,41,19,22
Altimáte,antonidas,1479,warrior,arms,30,18,12
Kestialezin,archimonde,1479,warrior,arms,101,60,41
Khilax,ragnaros,1479,warrior,arms,180,100,80
Равахим,soulflayer,1479,warrior,arms,36,18,18
Teronth,burning-legion,1478,warrior,arms,66,24,42
Lezgar,ragnaros,1477,warrior,arms,24,18,6
Нетконечно,howling-fjord,1477,warrior,arms,38,19,19
Pajalousta,elune,1477,warrior,arms,120,56,64
Bracki,ysondre,1477,warrior,arms,46,21,25
Trenbullone,kazzak,1476,warrior,arms,51,32,19
Freutag,azshara,1476,warrior,arms,114,61,53
Vegilhenvin,stormscale,1476,warrior,arms,63,27,36
Argaskurken,ravencrest,1475,warrior,arms,78,38,40
Eohere,der-rat-von-dalaran,1475,warrior,arms,78,37,41
Разрубателл,soulflayer,1475,warrior,arms,66,31,35
Garrodan,doomhammer,1475,warrior,arms,48,19,29
Каниме,howling-fjord,1474,warrior,arms,64,32,32
Reidunøks,kazzak,1474,warrior,arms,131,65,66
Leomance,hyjal,1473,warrior,arms,30,18,12
Whyduck,silvermoon,1473,warrior,arms,30,16,14
Zyzy,arathor,1472,warrior,arms,52,27,25
Becca,rexxar,1472,warrior,arms,36,16,20
Blondboomer,neptulon,1472,warrior,arms,60,23,37
Melfis,aegwynn,1471,warrior,arms,40,21,19
Роглум,blackscar,1471,warrior,arms,181,81,100
Varrig,silvermoon,1470,warrior,arms,96,52,44
Henco,twisting-nether,1470,warrior,arms,30,16,14
Booj,silvermoon,1470,warrior,arms,119,62,57
Calmdownbrú,frostmane,1470,warrior,arms,89,44,45
Kieranx,silvermoon,1470,warrior,arms,48,19,29
Gíu,blackhand,1469,warrior,arms,29,17,12
Clellin,silvermoon,1469,warrior,arms,75,37,38
Сеш,lich-king,1469,warrior,arms,240,116,124
Xanco,ravencrest,1468,warrior,arms,86,39,47
Брюслипве,gordunni,1468,warrior,arms,36,16,20
Monforte,silvermoon,1468,warrior,arms,44,18,26
Grimoire,drakthul,1467,warrior,arms,50,26,24
Drushíí,shattrath,1466,warrior,arms,77,39,38
Mazzkze,silvermoon,1465,warrior,arms,272,138,134
Refl,kazzak,1465,warrior,arms,94,42,52
Rutch,hyjal,1464,warrior,arms,78,41,37
Hílfiger,kazzak,1464,warrior,arms,107,49,58
Polywarri,blackrock,1464,warrior,arms,42,17,25
Thâarnar,frostwolf,1463,warrior,arms,48,21,27
Mljecho,kazzak,1462,warrior,arms,197,102,95
Gorejaws,draenor,1461,warrior,arms,30,19,11
Fiveboy,tarren-mill,1461,warrior,arms,30,16,14
Vauster,draenor,1461,warrior,arms,74,39,35
Azjolnerub,kazzak,1461,warrior,arms,70,26,44
Jigsar,argent-dawn,1460,warrior,arms,129,73,56
Абабоба,gordunni,1460,warrior,arms,106,55,51
Азаргатан,soulflayer,1460,warrior,arms,62,31,31
Teljii,blackmoore,1459,warrior,arms,34,20,14
Euforija,kazzak,1459,warrior,arms,94,50,44
Espröc,kazzak,1459,warrior,arms,321,166,155
Genç,ysondre,1459,warrior,arms,161,83,78
Authar,tarren-mill,1459,warrior,arms,67,34,33
Minitizzr,stormscale,1459,warrior,arms,36,18,18
Vallahan,argent-dawn,1459,warrior,arms,310,149,161
Тибат,howling-fjord,1459,warrior,arms,47,22,25
Erololi,sanguino,1459,warrior,arms,50,21,29
Piksitron,silvermoon,1458,warrior,arms,222,125,97
Rumbldore,ragnaros,1458,warrior,arms,60,28,32
Màrv,ravencrest,1458,warrior,arms,54,25,29
Lisztomaniak,outland,1458,warrior,arms,55,22,33
Beebsy,aegwynn,1457,warrior,arms,26,16,10
Арбузикхаха,soulflayer,1457,warrior,arms,38,19,19
Бубаигавар,gordunni,1457,warrior,arms,48,21,27
Phenowarri,blackhand,1456,warrior,arms,115,60,55
Yeahq,kazzak,1456,warrior,arms,168,77,91
Luffydono,stormscale,1456,warrior,arms,147,66,81
Testonator,outland,1456,warrior,arms,48,20,28
Лисерк,howling-fjord,1456,warrior,arms,42,16,26
Zarad,stormreaver,1455,warrior,arms,35,19,16
Velinde,outland,1455,warrior,arms,52,24,28
Dundulinka,outland,1454,warrior,arms,117,59,58
Razoo,stormscale,1454,warrior,arms,115,56,59
Friskos,dalaran,1454,warrior,arms,124,58,66
Sorosterv,twisting-nether,1453,warrior,arms,83,44,39
Deadlycalm,blackrock,1453,warrior,arms,176,85,91
Irén,hellfire,1453,warrior,arms,91,43,48
Tonifox,nemesis,1453,warrior,arms,54,22,32
Zeepp,ravencrest,1453,warrior,arms,84,33,51
Astost,silvermoon,1452,warrior,arms,30,17,13
Jailapatate,khaz-modan,1452,warrior,arms,102,49,53
Ugardosh,burning-legion,1452,warrior,arms,58,25,33
Blackaxe,sylvanas,1451,warrior,arms,29,18,11
Roadsick,outland,1451,warrior,arms,30,16,14
Lachandrius,blackhand,1451,warrior,arms,119,57,62
Alqaqa,ragnaros,1451,warrior,arms,47,16,31
Mecaguarro,dun-modr,1450,warrior,arms,30,20,10
Stahlhund,silvermoon,1450,warrior,arms,30,18,12
Гардринг,howling-fjord,1450,warrior,arms,102,59,43
Dranush,onyxia,1450,warrior,arms,303,156,147
Scarloc,archimonde,1450,warrior,arms,98,45,53
Сэлфиш,lich-king,1450,warrior,arms,41,17,24
Miko,ysondre,1449,warrior,arms,120,56,64
Audítóre,proudmoore,1449,warrior,arms,48,22,26
Thorgrím,ravencrest,1449,warrior,arms,60,26,34
Dødsdonny,draenor,1448,warrior,arms,59,36,23
Prolyx,doomhammer,1448,warrior,arms,36,20,16
Nobelisarius,norgannon,1448,warrior,arms,79,43,36
Peack,ravencrest,1448,warrior,arms,190,99,91
Vyctimz,ravencrest,1448,warrior,arms,53,26,27
Norinhell,ravencrest,1448,warrior,arms,48,20,28
Størpïx,drakthul,1447,warrior,arms,123,67,56
Maraximus,ragnaros,1447,warrior,arms,57,31,26
Mërkürÿ,draenor,1447,warrior,arms,36,18,18
Gakgora,twisting-nether,1447,warrior,arms,36,18,18
Lolpuîk,archimonde,1447,warrior,arms,66,29,37
Endan,kelthuzad,1446,warrior,arms,66,37,29
Arithael,dun-modr,1446,warrior,arms,294,150,144
Адво,gordunni,1445,warrior,arms,114,56,58
Nardak,blackmoore,1445,warrior,arms,38,18,20
Toroespaña,draenor,1445,warrior,arms,199,94,105
Yoilenno,argent-dawn,1444,warrior,arms,42,23,19
Crayz,twisting-nether,1444,warrior,arms,60,27,33
Дообрыйшмель,soulflayer,1443,warrior,arms,51,32,19
Daminia,aegwynn,1443,warrior,arms,36,22,14
Рагаксес,blackscar,1443,warrior,arms,82,36,46
Gnomeð,blackrock,1443,warrior,arms,81,35,46
Грэйм,gordunni,1442,warrior,arms,82,40,42
Arenameister,blackmoore,1442,warrior,arms,36,17,19
Raznon,magtheridon,1442,warrior,arms,54,24,30
Legendfury,ravencrest,1441,warrior,arms,66,37,29
Romanul,terokkar,1441,warrior,arms,172,83,89
Gnomop,ravencrest,1441,warrior,arms,42,20,22
Marcnky,stormscale,1440,warrior,arms,163,82,81
Karimlebrave,hyjal,1440,warrior,arms,68,33,35
Lfhvnlvn,ravencrest,1439,warrior,arms,24,15,9
Tucomessuelo,cthun,1439,warrior,arms,53,29,24
Tmp,blackrock,1439,warrior,arms,60,30,30
Трэйдар,blackscar,1439,warrior,arms,30,15,15
Makerrw,ravencrest,1438,warrior,arms,50,26,24
Azotz,archimonde,1438,warrior,arms,30,15,15
Изикол,blackscar,1438,warrior,arms,30,15,15
Иктиннос,gordunni,1438,warrior,arms,106,52,54
Чпокерз,gordunni,1438,warrior,arms,88,43,45
Ryle,anubarak,1438,warrior,arms,142,63,79
Juggawumba,kazzak,1438,warrior,arms,72,31,41
Мадс,howling-fjord,1437,warrior,arms,18,15,3
Pyrit,blackhand,1437,warrior,arms,18,15,3
Medaur,frostmane,1437,warrior,arms,138,71,67
Garouzo,hellfire,1437,warrior,arms,64,32,32
Crangle,draenor,1437,warrior,arms,73,33,40
Krodunn,argent-dawn,1437,warrior,arms,59,25,34
Anarki,kaelthas,1437,warrior,arms,50,19,31
Banshe,ragnaros,1437,warrior,arms,48,16,32
Aza,burning-blade,1436,warrior,arms,42,23,19
Adzipotlewap,burning-legion,1436,warrior,arms,66,34,32
Varyian,sporeggar,1436,warrior,arms,143,65,78
Zames,ravencrest,1435,warrior,arms,42,23,19
Hvalross,ravencrest,1435,warrior,arms,30,15,15
Ylana,eldrethalas,1435,warrior,arms,165,81,84
Hackamore,suramar,1435,warrior,arms,102,49,53
Ufu,outland,1434,warrior,arms,24,15,9
Ingensan,lightbringer,1434,warrior,arms,92,48,44
Farianna,burning-legion,1434,warrior,arms,243,122,121
Dzvenyhora,darkspear,1434,warrior,arms,96,44,52
Dafok,rashgarroth,1434,warrior,arms,42,19,23
Détaire,archimonde,1433,warrior,arms,24,15,9
Sankuto,kazzak,1433,warrior,arms,32,19,13
Буккакеньер,gordunni,1433,warrior,arms,30,15,15
Slunecniq,azjolnerub,1433,warrior,arms,63,28,35
Каоссвар,howling-fjord,1433,warrior,arms,36,15,21
Enragemfck,outland,1432,warrior,arms,24,15,9
Кефтеме,fordragon,1432,warrior,arms,189,92,97
Alopunch,kazzak,1431,warrior,arms,81,42,39
Savh,silvermoon,1431,warrior,arms,66,34,32
Frankius,ravencrest,1431,warrior,arms,73,36,37
Sidiøøus,hyjal,1431,warrior,arms,90,44,46
Succel,drakthul,1431,warrior,arms,54,24,30
Gruxx,ragnaros,1431,warrior,arms,38,16,22
Хеула,gordunni,1431,warrior,arms,36,15,21
Dragão,kazzak,1431,warrior,arms,42,17,25
Otiep,blackmoore,1430,warrior,arms,36,24,12
Shædøw,archimonde,1430,warrior,arms,52,24,28
Wolvéshôwl,aegwynn,1430,warrior,arms,79,33,46
Lollydhur,nemesis,1429,warrior,arms,78,37,41
Gorzan,dragonmaw,1429,warrior,arms,71,31,40
Ormert,sylvanas,1429,warrior,arms,42,18,24
Garroxx,blackrock,1429,warrior,arms,42,15,27
Weareinspace,stormscale,1428,warrior,arms,105,58,47
Богатыйпапа,howling-fjord,1428,warrior,arms,90,41,49
Smashtv,ragnaros,1428,warrior,arms,51,23,28
Стенденсх,howling-fjord,1428,warrior,arms,89,39,50
Keksspec,ungoro,1428,warrior,arms,60,25,35
Âwfulwarriør,blackhand,1427,warrior,arms,24,15,9
Гетрайт,galakrond,1427,warrior,arms,49,27,22
Orwêll,uldum,1427,warrior,arms,217,109,108
Evosk,drakthul,1427,warrior,arms,30,15,15
Alinash,aegwynn,1427,warrior,arms,51,24,27
Гопниг,deepholm,1427,warrior,arms,149,70,79
Ordwinz,silvermoon,1426,warrior,arms,99,51,48
Jumbodolmen,tarren-mill,1426,warrior,arms,96,49,47
Bráïnléss,silvermoon,1426,warrior,arms,36,17,19
Джамалли,howling-fjord,1426,warrior,arms,36,15,21
Kilsorrow,silvermoon,1426,warrior,arms,48,18,30
Kriegernuss,blackmoore,1425,warrior,arms,49,28,21
Rightversion,sylvanas,1425,warrior,arms,30,15,15
Zerberos,drakthul,1425,warrior,arms,76,37,39
Kalarar,blackrock,1425,warrior,arms,149,70,79
Alpairx,aegwynn,1425,warrior,arms,50,18,32
Pakusrage,defias-brotherhood,1424,warrior,arms,86,40,46
Bladesmiths,argent-dawn,1424,warrior,arms,35,16,19
Thickslam,argent-dawn,1424,warrior,arms,64,29,35
Lostbull,kazzak,1424,warrior,arms,48,21,27
Инелутабл,eversong,1423,warrior,arms,29,19,10
Murandin,outland,1423,warrior,arms,36,19,17
Ball,zirkel-des-cenarius,1423,warrior,arms,131,67,64
Slidmacka,twisting-nether,1423,warrior,arms,157,69,88
Meistarinn,draenor,1423,warrior,arms,72,27,45
Уэсгар,blackscar,1423,warrior,arms,48,15,33
Petrixens,drakthul,1422,warrior,arms,54,29,25
Beelzebuu,blackhand,1422,warrior,arms,139,73,66
Racore,aegwynn,1422,warrior,arms,33,17,16
Hatefury,twisting-nether,1422,warrior,arms,156,78,78
Ranran,emerald-dream,1422,warrior,arms,44,20,24
Vazzle,nethersturm,1422,warrior,arms,48,19,29
Judditsbx,draenor,1421,warrior,arms,41,22,19
Bämoida,eredar,1421,warrior,arms,36,17,19
Eseishard,hyjal,1420,warrior,arms,38,19,19
Horizonx,blackrock,1420,warrior,arms,83,41,42
Паракур,soulflayer,1420,warrior,arms,136,67,69
Jáson,kazzak,1420,warrior,arms,71,33,38
Nuijija,stormscale,1420,warrior,arms,78,36,42
Ähäkutti,frostmane,1419,warrior,arms,77,44,33
Nuahka,blackmoore,1419,warrior,arms,96,48,48
Liper,silvermoon,1419,warrior,arms,187,91,96
Hradball,twilights-hammer,1419,warrior,arms,66,32,34
Zellxd,stormscale,1418,warrior,arms,36,20,16
Dirtyjoe,khaz-modan,1418,warrior,arms,329,171,158
Wyes,kazzak,1418,warrior,arms,145,72,73
Nyamnyamnyam,blackmoore,1418,warrior,arms,35,15,20
Josem,sanguino,1418,warrior,arms,39,16,23
Reb,thunderhorn,1417,warrior,arms,36,20,16
Gridra,dun-morogh,1417,warrior,arms,60,28,32
Hoomeer,sylvanas,1417,warrior,arms,84,39,45
Garwarr,twisting-nether,1417,warrior,arms,67,31,36
Rukkeg,silvermoon,1417,warrior,arms,42,18,24
Swayzze,frostwolf,1417,warrior,arms,36,15,21
Umadyeh,stormscale,1416,warrior,arms,28,18,10
Llestatl,hyjal,1416,warrior,arms,83,42,41
Flawla,blackmoore,1416,warrior,arms,79,35,44
Ajgreedy,grim-batol,1416,warrior,arms,52,23,29
Frams,draenor,1415,warrior,arms,23,15,8
Ciocaboca,draenor,1415,warrior,arms,30,17,13
Lyfttokyo,tarren-mill,1415,warrior,arms,104,53,51
Ayelsyssup,silvermoon,1415,warrior,arms,241,121,120
Bigboibeeper,draenor,1415,warrior,arms,114,55,59
Баварриор,greymane,1415,warrior,arms,54,25,29
Zugzugernaut,stormscale,1415,warrior,arms,36,16,20
Flurie,sylvanas,1415,warrior,arms,46,20,26
Daddie,silvermoon,1415,warrior,arms,57,24,33
Дзертуф,fordragon,1414,warrior,arms,30,15,15
Shïn,kaelthas,1414,warrior,arms,66,26,40
Yuriko,onyxia,1413,warrior,arms,52,27,25
Szelenamoon,outland,1413,warrior,arms,44,22,22
Diablozhørs,ysondre,1412,warrior,arms,75,42,33
Hundar,archimonde,1412,warrior,arms,102,56,46
Arriess,drakthul,1412,warrior,arms,60,32,28
Gotar,ravencrest,1412,warrior,arms,113,57,56
Казньшалав,gordunni,1412,warrior,arms,131,65,66
Pelicos,grim-batol,1411,warrior,arms,42,21,21
Голдфингер,gordunni,1411,warrior,arms,211,105,106
Пиапиа,gordunni,1410,warrior,arms,24,15,9
Hamonbophis,kirin-tor,1410,warrior,arms,30,17,13
Слуфен,galakrond,1410,warrior,arms,42,20,22
Рестат,soulflayer,1410,warrior,arms,221,104,117
Gromchatte,elune,1410,warrior,arms,43,20,23
Lynton,sylvanas,1410,warrior,arms,37,16,21
Погоныч,soulflayer,1409,warrior,arms,65,38,27
Selestro,outland,1409,warrior,arms,36,20,16
Orgazam,xavius,1409,warrior,arms,59,30,29
Эксихард,gordunni,1409,warrior,arms,78,34,44
Amarthon,sylvanas,1409,warrior,arms,45,16,29
Ferpylél,ragnaros,1408,warrior,arms,31,17,14
Deadyet,mugthol,1407,warrior,arms,24,15,9
Totenkrieger,draenor,1406,warrior,arms,30,15,15
Svënja,ysondre,1406,warrior,arms,150,67,83
Dariman,aegwynn,1406,warrior,arms,78,34,44
Spargebuci,draenor,1406,warrior,arms,48,17,31
Juicyglutes,turalyon,1405,warrior,arms,30,15,15
Goldins,drakthul,1405,warrior,arms,71,34,37
Esegryel,argent-dawn,1405,warrior,arms,65,26,39
Бавовник,howling-fjord,1405,warrior,arms,56,20,36
Tarbhfathach,draenor,1404,warrior,arms,77,39,38
Зеленыйжмых,thermaplugg,1404,warrior,arms,182,90,92
Давилкагеев,howling-fjord,1404,warrior,arms,79,39,40
Elyozz,silvermoon,1404,warrior,arms,114,56,58
Неосим,gordunni,1403,warrior,arms,48,29,19
Høxy,outland,1403,warrior,arms,53,29,24
Bjösk,stormscale,1403,warrior,arms,45,23,22
Kàinen,nemesis,1403,warrior,arms,60,29,31
Авентадорх,deathguard,1403,warrior,arms,131,58,73
Hexj,tarren-mill,1403,warrior,arms,47,20,27
Mgw,blackrock,1402,warrior,arms,30,17,13
Bravest,ragnaros,1402,warrior,arms,36,19,17
Zaatar,draenor,1402,warrior,arms,220,115,105
Ysgrammorr,magtheridon,1402,warrior,arms,54,26,28
Cutting,burning-legion,1402,warrior,arms,67,32,35
Luküs,dun-modr,1402,warrior,arms,82,38,44
Fraggiz,auchindoun,1402,warrior,arms,36,16,20
Mesmash,uldum,1402,warrior,arms,42,17,25
Razyk,zuljin,1401,warrior,arms,40,26,14
Saofang,twisting-nether,1401,warrior,arms,30,15,15
Bloodmyst,kazzak,1401,warrior,arms,60,27,33
Strapnslap,argent-dawn,1401,warrior,arms,107,48,59
Intrepid,dun-modr,1401,warrior,arms,42,18,24
Rookian,blackrock,1401,warrior,arms,36,15,21
Zetorc,burning-legion,1400,warrior,arms,207,102,105
Peldreas,silvermoon,1400,warrior,arms,64,31,33
Андэрс,gordunni,1400,warrior,arms,142,68,74
Caelgarn,twisting-nether,1399,warrior,arms,45,27,18
Synrosh,hyjal,1399,warrior,arms,39,23,16
Cássándráh,argent-dawn,1399,warrior,arms,141,71,70
Pokopo,blackrock,1399,warrior,arms,301,148,153
Tddyy,silvermoon,1398,warrior,arms,30,15,15
Bobloblaww,doomhammer,1398,warrior,arms,36,17,19
Xennor,argent-dawn,1398,warrior,arms,88,40,48
Chisco,kazzak,1397,warrior,arms,60,28,32
Schwarzkoviç,hyjal,1397,warrior,arms,48,22,26
Лютобор,gordunni,1397,warrior,arms,69,31,38
Arreat,chogall,1397,warrior,arms,136,61,75
Kianit,ravencrest,1396,warrior,arms,437,216,221
Èscøbar,dalaran,1396,warrior,arms,63,27,36
Nevergladx,kazzak,1396,warrior,arms,57,23,34
ßladex,azshara,1395,warrior,arms,47,27,20
Rodenet,dun-modr,1395,warrior,arms,66,33,33
Mortalgrim,ravencrest,1395,warrior,arms,58,29,29
Xaqt,die-nachtwache,1395,warrior,arms,35,17,18
Psixi,stormscale,1395,warrior,arms,48,20,28
Вениамин,deathweaver,1395,warrior,arms,71,29,42
Megatronman,ravencrest,1394,warrior,arms,34,19,15
Bládez,ravencrest,1394,warrior,arms,66,36,30
Suchasosuck,twisting-nether,1394,warrior,arms,269,139,130
Dolphini,argent-dawn,1394,warrior,arms,52,23,29
Akenrun,eredar,1394,warrior,arms,64,28,36
Kirowarrior,silvermoon,1393,warrior,arms,96,51,45
Royoxo,blackrock,1393,warrior,arms,59,31,28
Taurosk,burning-legion,1393,warrior,arms,156,81,75
Toby,rexxar,1392,warrior,arms,63,36,27
Golonko,burning-legion,1392,warrior,arms,101,52,49
Hørror,nemesis,1391,warrior,arms,138,69,69
Алексвайтт,gordunni,1391,warrior,arms,47,23,24
Graghz,archimonde,1391,warrior,arms,64,30,34
Крискинпи,deathguard,1391,warrior,arms,42,19,23
Äzathoth,silvermoon,1391,warrior,arms,83,35,48
Astven,blackmoore,1391,warrior,arms,46,18,28
Hellrokk,drakthul,1390,warrior,arms,54,29,25
Xatit,ravencrest,1390,warrior,arms,54,25,29
Glakias,silvermoon,1390,warrior,arms,36,16,20
Wanzzeur,hyjal,1389,warrior,arms,150,70,80
Zøllka,dalaran,1389,warrior,arms,94,39,55
Ordovis,silvermoon,1388,warrior,arms,30,15,15
Бларк,goldrinn,1388,warrior,arms,60,29,31
Xiszos,ravencrest,1388,warrior,arms,44,21,23
Rúsher,ragnaros,1387,warrior,arms,30,18,12
Nabul,thunderhorn,1387,warrior,arms,48,26,22
Tankdepalo,sanguino,1387,warrior,arms,30,16,14
Leroxius,ragnaros,1387,warrior,arms,180,91,89
Binsaueramk,ravencrest,1387,warrior,arms,48,20,28
Ragark,quelthalas,1386,warrior,arms,117,65,52
Icybladez,kazzak,1386,warrior,arms,106,55,51
Bonnaventure,hyjal,1386,warrior,arms,199,102,97
Malalulu,burning-legion,1386,warrior,arms,235,116,119
Folsack,sanguino,1386,warrior,arms,71,33,38
Drekh,kazzak,1386,warrior,arms,48,21,27
Démigodx,stormscale,1386,warrior,arms,64,27,37
Dargonedt,blackrock,1386,warrior,arms,53,22,31
Oyv,tarren-mill,1385,warrior,arms,36,20,16
Megtorló,ragnaros,1385,warrior,arms,86,41,45
Дикийппц,gordunni,1384,warrior,arms,54,30,24
Diástasi,twisting-nether,1384,warrior,arms,90,48,42
Randix,antonidas,1384,warrior,arms,30,15,15
Blackwólf,bloodhoof,1384,warrior,arms,216,99,117
Lokkara,blackrock,1384,warrior,arms,50,21,29
Tedbuckland,blackrock,1383,warrior,arms,42,26,16
Напутанность,soulflayer,1383,warrior,arms,423,217,206
Рокэнрольщик,fordragon,1383,warrior,arms,30,15,15
Éls,argent-dawn,1383,warrior,arms,46,22,24
Xecutie,antonidas,1383,warrior,arms,125,58,67
Андервульф,booty-bay,1383,warrior,arms,59,26,33
Dixo,nathrezim,1382,warrior,arms,36,25,11
Nøcturnaqq,silvermoon,1382,warrior,arms,102,48,54
Alborozie,archimonde,1382,warrior,arms,66,29,37
Cêlty,aegwynn,1382,warrior,arms,100,41,59
Auroree,ragnaros,1381,warrior,arms,36,15,21
Faugh,tarren-mill,1380,warrior,arms,54,32,22
Zarakï,zuljin,1380,warrior,arms,90,41,49
Deckluhm,sinstralis,1379,warrior,arms,60,32,28
Roykór,auchindoun,1379,warrior,arms,104,45,59
Антурим,howling-fjord,1378,warrior,arms,60,29,31
Отключатель,howling-fjord,1377,warrior,arms,53,31,22
Knego,ragnaros,1377,warrior,arms,143,81,62
Warrouner,khaz-modan,1377,warrior,arms,151,74,77
Shagara,defias-brotherhood,1377,warrior,arms,36,15,21
Xaheld,blackrock,1376,warrior,arms,30,16,14
Mograinê,blackmoore,1376,warrior,arms,138,70,68
Kioskmupp,ravencrest,1376,warrior,arms,219,110,109
Bedryl,burning-legion,1376,warrior,arms,30,15,15
Анманерка,ashenvale,1376,warrior,arms,36,16,20
Испепелитель,howling-fjord,1376,warrior,arms,49,18,31
Temprament,ravencrest,1375,warrior,arms,36,21,15
Раздолбатель,razuvious,1375,warrior,arms,49,27,22
Zargor,kazzak,1374,warrior,arms,58,35,23
Erzotz,kazzak,1374,warrior,arms,51,29,22
Luckyfelix,blackmoore,1374,warrior,arms,48,25,23
Cléàvage,silvermoon,1374,warrior,arms,81,32,49
Râsk,kazzak,1373,warrior,arms,32,18,14
Atälànte,ysondre,1373,warrior,arms,143,75,68
Spärtan,dun-modr,1373,warrior,arms,123,58,65
Нунара,eversong,1373,warrior,arms,70,28,42
Borga,blackrock,1372,warrior,arms,77,39,38
Anaxiam,drakthul,1372,warrior,arms,51,24,27
Orquewarrior,stormscale,1372,warrior,arms,78,36,42
Шпингалетыч,howling-fjord,1372,warrior,arms,42,18,24
Babb,kazzak,1371,warrior,arms,29,16,13
Lexras,blackhand,1371,warrior,arms,56,27,29
Oceangg,silvermoon,1371,warrior,arms,69,33,36
Каштоуны,howling-fjord,1371,warrior,arms,36,17,19
Морталвлицо,gordunni,1370,warrior,arms,23,15,8
Einherjer,burning-legion,1370,warrior,arms,156,83,73
Mercedesamg,blackmoore,1370,warrior,arms,56,28,28
Jeax,rexxar,1370,warrior,arms,34,15,19
Аузерг,soulflayer,1369,warrior,arms,59,29,30
Informatica,doomhammer,1369,warrior,arms,65,31,34
Sombrenuit,kaelthas,1368,warrior,arms,39,18,21
Варбаул,soulflayer,1368,warrior,arms,76,35,41
Evilrage,ravencrest,1367,warrior,arms,47,30,17
Onee,terrordar,1367,warrior,arms,73,36,37
Zonash,kazzak,1367,warrior,arms,42,20,22
Artheim,silvermoon,1367,warrior,arms,54,23,31
Màndø,archimonde,1367,warrior,arms,63,25,38
Arkcules,ghostlands,1366,warrior,arms,42,21,21
Ènteqt,antonidas,1365,warrior,arms,79,45,34
Elprotes,sanguino,1365,warrior,arms,48,24,24
Mangonneau,archimonde,1365,warrior,arms,36,17,19
Marothul,dun-modr,1365,warrior,arms,36,17,19
Hogu,nemesis,1365,warrior,arms,70,29,41
Vrykhul,silvermoon,1365,warrior,arms,79,31,48
Lupacha,exodar,1363,warrior,arms,41,26,15
Qweoamsd,sylvanas,1363,warrior,arms,30,15,15
Ragestick,stormscale,1363,warrior,arms,42,20,22
Rázgriz,argent-dawn,1363,warrior,arms,76,31,45
Шизам,howling-fjord,1363,warrior,arms,60,24,36
Brutalz,kazzak,1362,warrior,arms,30,16,14
Qiz,silvermoon,1362,warrior,arms,140,71,69
Lomu,bloodscalp,1362,warrior,arms,44,22,22
Bootyclapper,runetotem,1362,warrior,arms,37,18,19
Equality,ragnaros,1362,warrior,arms,106,51,55
Rebiy,ravencrest,1362,warrior,arms,48,20,28
Vymd,archimonde,1362,warrior,arms,52,20,32
Propanex,kazzak,1361,warrior,arms,42,26,16
Carras,confrérie-du-thorium,1361,warrior,arms,293,142,151
Кэфтэмэ,soulflayer,1361,warrior,arms,91,44,47
Vølverinwar,thrall,1361,warrior,arms,82,37,45
Тандэр,borean-tundra,1361,warrior,arms,42,18,24
Pyrohand,arthas,1361,warrior,arms,38,16,22
Фогивэн,gordunni,1360,warrior,arms,110,57,53
Maidenlless,ravencrest,1360,warrior,arms,244,117,127
Xanatos,khazgoroth,1360,warrior,arms,63,23,40
Rakwarrior,blackhand,1358,warrior,arms,36,22,14
Lyarinsky,tyrande,1358,warrior,arms,115,64,51
Grahatia,magtheridon,1358,warrior,arms,99,54,45
Guruntar,kirin-tor,1358,warrior,arms,101,51,50
Staribrko,outland,1358,warrior,arms,366,179,187
Skyut,archimonde,1358,warrior,arms,38,18,20
Kymari,sanguino,1358,warrior,arms,63,28,35
Onefourthree,silvermoon,1358,warrior,arms,42,17,25
Suksori,kazzak,1358,warrior,arms,67,27,40
Zbra,draenor,1357,warrior,arms,71,34,37
Bellator,arakarahm,1357,warrior,arms,83,39,44
Nuclearrage,outland,1357,warrior,arms,77,35,42
Матумбо,gordunni,1356,warrior,arms,62,28,34
Spaceløl,archimonde,1356,warrior,arms,42,18,24
Shehalk,stormscale,1355,warrior,arms,39,23,16
Кунгфурик,soulflayer,1355,warrior,arms,48,26,22
Mågne,tarren-mill,1355,warrior,arms,102,52,50
Мастхэв,gordunni,1354,warrior,arms,66,32,34
Агтеррокк,deathweaver,1353,warrior,arms,60,30,30
Duce,kirin-tor,1353,warrior,arms,47,20,27
Alaë,archimonde,1353,warrior,arms,56,23,33
Eyesonly,blackmoore,1352,warrior,arms,52,28,24
Deviousjr,ragnaros,1352,warrior,arms,88,42,46
Брэмбур,goldrinn,1352,warrior,arms,83,36,47
Mladris,outland,1351,warrior,arms,37,18,19
Faustà,nemesis,1351,warrior,arms,138,62,76
Niouswar,kazzak,1351,warrior,arms,48,21,27
Arowpoint,doomhammer,1350,warrior,arms,35,15,20
Хьялдэргодр,deathguard,1349,warrior,arms,89,46,43
Yayoflauta,sanguino,1349,warrior,arms,84,40,44
Pavard,arakarahm,1349,warrior,arms,36,16,20
Grolbein,blackhand,1348,warrior,arms,77,38,39
Papipulki,zuljin,1348,warrior,arms,92,39,53
Moowar,defias-brotherhood,1347,warrior,arms,66,30,36
Брозя,gordunni,1347,warrior,arms,42,19,23
Warriornrv,ysondre,1346,warrior,arms,89,48,41
Kratosgr,defias-brotherhood,1346,warrior,arms,41,21,20
Sokarbey,twisting-nether,1346,warrior,arms,52,26,26
Keshâr,blackhand,1346,warrior,arms,60,28,32
Tazkax,archimonde,1346,warrior,arms,58,26,32
Blackblades,defias-brotherhood,1345,warrior,arms,54,33,21
Oruka,mannoroth,1345,warrior,arms,70,36,34
Vohnkar,emeriss,1345,warrior,arms,158,70,88
Klonyarikjr,ravencrest,1344,warrior,arms,24,14,10
Pummelpete,grim-batol,1344,warrior,arms,24,14,10
Zecelei,tarren-mill,1344,warrior,arms,55,28,27
Pazl,outland,1344,warrior,arms,36,17,19
Yarilol,aegwynn,1343,warrior,arms,24,14,10
Soulcleaver,stormreaver,1343,warrior,arms,92,50,42
Srbinator,turalyon,1343,warrior,arms,210,103,107
Tyëlin,elune,1343,warrior,arms,107,50,57
Colard,ravencrest,1343,warrior,arms,30,14,16
Pahgorim,blackhand,1343,warrior,arms,54,24,30
Worstplàyer,tarren-mill,1343,warrior,arms,70,31,39
Galganiec,burning-legion,1342,warrior,arms,30,20,10
Fedevalverde,sanguino,1342,warrior,arms,55,34,21
Дуухаст,gordunni,1342,warrior,arms,24,14,10
Gnarok,archimonde,1342,warrior,arms,121,67,54
Buyya,ravencrest,1342,warrior,arms,58,31,27
Magmos,terenas,1342,warrior,arms,30,14,16
Kímó,silvermoon,1342,warrior,arms,77,34,43
Эсфор,howling-fjord,1341,warrior,arms,24,14,10
Eekz,haomarush,1341,warrior,arms,42,23,19
Хазгора,howling-fjord,1341,warrior,arms,106,58,48
Bleckwarrior,ravencrest,1341,warrior,arms,120,59,61
Befit,quelthalas,1341,warrior,arms,66,32,34
Akáme,frostwolf,1341,warrior,arms,151,69,82
Kronstris,veklor,1341,warrior,arms,42,19,23
Pända,archimonde,1341,warrior,arms,42,14,28
Фокатопх,blackscar,1341,warrior,arms,42,14,28
Mekkagrind,ravencrest,1340,warrior,arms,64,34,30
Youokhun,kazzak,1340,warrior,arms,87,45,42
Radge,hyjal,1340,warrior,arms,112,55,57
Delvirx,draenor,1340,warrior,arms,42,17,25
Pag,hyjal,1339,warrior,arms,23,15,8
Norganw,die-aldor,1339,warrior,arms,24,14,10
Hoxxywar,drakthul,1339,warrior,arms,59,33,26
Glørïn,hyjal,1339,warrior,arms,90,45,45
Мобсто,soulflayer,1339,warrior,arms,65,30,35
Nylseana,turalyon,1339,warrior,arms,60,26,34
Iuska,malganis,1339,warrior,arms,60,25,35
Garkathar,draenor,1338,warrior,arms,24,14,10
Анархорок,howling-fjord,1338,warrior,arms,24,14,10
Kimura,archimonde,1338,warrior,arms,30,14,16
Phantastix,dun-modr,1337,warrior,arms,90,52,38
Cárbo,silvermoon,1337,warrior,arms,109,60,49
Lågærtha,blackmoore,1337,warrior,arms,53,28,25
Ahzrok,draenor,1337,warrior,arms,209,108,101
Kalregg,outland,1337,warrior,arms,66,28,38
Vajira,blackrock,1337,warrior,arms,36,14,22
Littlebugger,ravencrest,1336,warrior,arms,24,14,10
Pøps,hyjal,1336,warrior,arms,86,50,36
Dimitrow,frostmane,1336,warrior,arms,37,21,16
Neverkind,twisting-nether,1336,warrior,arms,84,47,37
Xmartha,tarren-mill,1336,warrior,arms,54,30,24
Mëc,twisting-nether,1336,warrior,arms,147,76,71
Tealbell,chamber-of-aspects,1336,warrior,arms,179,90,89
Toxicmade,drakthul,1336,warrior,arms,66,31,35
Nocton,blackhand,1336,warrior,arms,90,42,48
Фикпопадешь,lich-king,1336,warrior,arms,93,42,51
Matchoo,archimonde,1335,warrior,arms,65,29,36
Knussnacker,sanguino,1335,warrior,arms,115,50,65
Klanky,draenor,1334,warrior,arms,80,40,40
Izestyi,blackrock,1334,warrior,arms,119,57,62
Madswarrior,tarren-mill,1334,warrior,arms,35,15,20
Bjergo,drakthul,1333,warrior,arms,22,15,7
Тысячидуш,gordunni,1333,warrior,arms,60,31,29
Darkwa,azjolnerub,1333,warrior,arms,35,17,18
Critwar,silvermoon,1333,warrior,arms,54,25,29
Экзекуторх,gordunni,1332,warrior,arms,18,14,4
Brokenqt,ravencrest,1332,warrior,arms,27,16,11
Ríta,silvermoon,1332,warrior,arms,90,40,50
Kryszii,ragnaros,1332,warrior,arms,36,14,22
Флэксик,soulflayer,1331,warrior,arms,24,14,10
Багрон,goldrinn,1331,warrior,arms,30,14,16
Bovingus,tarren-mill,1330,warrior,arms,24,16,8
Sixteen,darkmoon-faire,1330,warrior,arms,114,56,58
Газрош,howling-fjord,1330,warrior,arms,82,37,45
Sugmanutz,argent-dawn,1329,warrior,arms,24,14,10
Berzzerker,tarren-mill,1329,warrior,arms,96,47,49
Ismellurfeet,ravencrest,1328,warrior,arms,60,34,26
Perkoulator,archimonde,1328,warrior,arms,179,87,92
Shádówfáxí,outland,1328,warrior,arms,30,14,16
Qforína,stormscale,1328,warrior,arms,30,14,16
Zzeed,auchindoun,1328,warrior,arms,71,30,41
Haewon,burning-legion,1328,warrior,arms,42,16,26
Сырилисуп,soulflayer,1327,warrior,arms,98,53,45
Conanh,pozzo-delleternità,1327,warrior,arms,208,107,101
Tontonsmoky,hyjal,1327,warrior,arms,112,52,60
Ðrews,kazzak,1326,warrior,arms,24,14,10
Kosttya,argent-dawn,1326,warrior,arms,95,44,51
Xsann,argent-dawn,1326,warrior,arms,36,16,20
Vagor,aegwynn,1325,warrior,arms,102,49,53
Mllmmxxm,kargath,1325,warrior,arms,71,30,41
Warrmax,darksorrow,1325,warrior,arms,45,19,26
Bxnx,aegwynn,1324,warrior,arms,42,23,19
Mortalik,silvermoon,1324,warrior,arms,166,77,89
Gëaldýr,kazzak,1324,warrior,arms,112,49,63
Highz,grim-batol,1323,warrior,arms,36,18,18
Billorc,twisting-nether,1323,warrior,arms,180,80,100
Yseras,aegwynn,1323,warrior,arms,41,14,27
Dasbiest,malorne,1322,warrior,arms,35,16,19
Dréck,aegwynn,1322,warrior,arms,62,28,34
Джанобу,soulflayer,1321,warrior,arms,30,14,16
Ashiku,zuljin,1321,warrior,arms,54,23,31
Braìnwashed,eredar,1320,warrior,arms,36,21,15
Холипротовар,fordragon,1320,warrior,arms,100,51,49
Chakrator,la-croisade-écarlate,1320,warrior,arms,197,95,102
Throck,drakthul,1320,warrior,arms,41,18,23
Calel,ravencrest,1320,warrior,arms,67,28,39
Swaxx,ravencrest,1320,warrior,arms,36,14,22
Donátos,aegwynn,1319,warrior,arms,135,67,68
Domineon,mannoroth,1319,warrior,arms,31,15,16
Grokalus,eredar,1318,warrior,arms,48,19,29
Krigarjag,kazzak,1317,warrior,arms,35,20,15
Mogolaki,twilights-hammer,1317,warrior,arms,144,68,76
Martøswarr,uldum,1317,warrior,arms,30,14,16
Grimhew,argent-dawn,1317,warrior,arms,42,17,25
Zhenshii,blackmoore,1316,warrior,arms,42,21,21
Bønecleaver,blackrock,1316,warrior,arms,30,14,16
Minoke,antonidas,1316,warrior,arms,48,22,26
Tozzabancøne,nemesis,1315,warrior,arms,30,16,14
Chrekk,khaz-modan,1315,warrior,arms,30,14,16
Wãrby,ravencrest,1315,warrior,arms,44,20,24
Atlantia,ravencrest,1315,warrior,arms,48,17,31
Ràgnarok,chogall,1314,warrior,arms,72,39,33
Qvate,twisting-nether,1314,warrior,arms,77,36,41
Kmica,khadgar,1314,warrior,arms,61,27,34
Blitz,archimonde,1313,warrior,arms,24,14,10
Elénir,dalaran,1313,warrior,arms,36,20,16
Lácrima,dun-modr,1313,warrior,arms,36,18,18
Colq,doomhammer,1313,warrior,arms,89,44,45
Gorchak,blackmoore,1313,warrior,arms,230,111,119
Yaggurtz,archimonde,1313,warrior,arms,42,19,23
Tolga,draenor,1313,warrior,arms,48,19,29
Doxinator,silvermoon,1312,warrior,arms,105,42,63
Ankzz,archimonde,1311,warrior,arms,48,27,21
Кентаныч,howling-fjord,1311,warrior,arms,56,28,28
Оморальный,soulflayer,1311,warrior,arms,88,39,49
Тассэй,eversong,1310,warrior,arms,100,46,54
Nicperh,dun-modr,1310,warrior,arms,84,38,46
Lanahan,argent-dawn,1309,warrior,arms,23,14,9
Lëime,ravencrest,1309,warrior,arms,72,38,34
Kaliroll,ysondre,1309,warrior,arms,122,59,63
Kirus,ravencrest,1309,warrior,arms,81,36,45
Ruzbie,silvermoon,1309,warrior,arms,36,15,21
Sinbuay,malygos,1309,warrior,arms,48,19,29
Anaerion,argent-dawn,1308,warrior,arms,87,40,47
Barathor,kult-der-verdammten,1308,warrior,arms,38,17,21
Zappstorm,frostwolf,1307,warrior,arms,58,32,26
Колятурбо,gordunni,1307,warrior,arms,49,26,23
Behemothwr,kazzak,1307,warrior,arms,129,63,66
Gamöra,kirin-tor,1307,warrior,arms,60,28,32
Dodgeslam,eredar,1307,warrior,arms,82,36,46
Puurplecloud,kazzak,1307,warrior,arms,78,33,45
Grdez,archimonde,1307,warrior,arms,36,14,22
Lanïmal,eitrigg,1306,warrior,arms,24,15,9
Aomen,ravencrest,1306,warrior,arms,24,15,9
Gacel,dun-modr,1306,warrior,arms,60,25,35
Rajä,anubarak,1306,warrior,arms,36,15,21
Mödhan,archimonde,1305,warrior,arms,94,47,47
Lûckystríké,blackmoore,1305,warrior,arms,52,25,27
Wolfgladius,cthun,1305,warrior,arms,42,20,22
Avïlîa,dalaran,1305,warrior,arms,42,15,27
Foxaz,burning-legion,1304,warrior,arms,66,33,33
Манхув,gordunni,1304,warrior,arms,30,14,16
Ludjack,tarren-mill,1304,warrior,arms,39,18,21
Ангрол,grom,1304,warrior,arms,65,29,36
Razzimak,eredar,1303,warrior,arms,34,24,10
Roctah,auchindoun,1303,warrior,arms,52,26,26
Luunk,ravencrest,1302,warrior,arms,84,48,36
Taylorswifty,twisting-nether,1302,warrior,arms,130,66,64
Carljøhnson,dalaran,1302,warrior,arms,326,153,173
Zosska,burning-legion,1302,warrior,arms,81,36,45
Halsandre,hyjal,1302,warrior,arms,72,29,43
Solle,blackrock,1301,warrior,arms,24,14,10
Bossít,doomhammer,1301,warrior,arms,80,44,36
Ragnacore,ravencrest,1301,warrior,arms,53,29,24
Bonesz,jaedenar,1300,warrior,arms,153,76,77
Katxirulo,tyrande,1300,warrior,arms,72,34,38
Doragon,nemesis,1300,warrior,arms,30,14,16
Shuraj,hyjal,1299,warrior,arms,46,24,22
Leopoldx,outland,1299,warrior,arms,52,26,26
Zcratch,silvermoon,1298,warrior,arms,53,23,30
Banshor,ysondre,1298,warrior,arms,44,19,25
Ferrum,sunstrider,1297,warrior,arms,36,19,17
Tazdingowar,antonidas,1297,warrior,arms,76,32,44
Pitii,burning-legion,1297,warrior,arms,38,16,22
Kravaiski,argent-dawn,1296,warrior,arms,206,101,105
Iluwar,ragnaros,1296,warrior,arms,457,221,236
Армсец,howling-fjord,1296,warrior,arms,42,16,26
Thisguyfax,the-venture-co,1295,warrior,arms,87,44,43
Seliasbro,kazzak,1295,warrior,arms,30,15,15
Imotekh,eredar,1295,warrior,arms,34,15,19
Âdept,tarren-mill,1295,warrior,arms,78,31,47
Ràkar,stormscale,1294,warrior,arms,70,32,38
Ivailowar,ravencrest,1294,warrior,arms,42,18,24
Henzelhoff,stormreaver,1293,warrior,arms,49,29,20
Zuchtrind,blackrock,1293,warrior,arms,60,34,26
Geraltf,tarren-mill,1293,warrior,arms,197,95,102
Faløn,archimonde,1293,warrior,arms,62,24,38
Fløxswarri,blackmoore,1292,warrior,arms,30,16,14
Medborgerlig,twisting-nether,1292,warrior,arms,42,17,25
Reezax,blackrock,1291,warrior,arms,60,32,28
Semanor,aegwynn,1291,warrior,arms,30,16,14
Zeroskllz,outland,1291,warrior,arms,76,36,40
Shayarielle,zirkel-des-cenarius,1290,warrior,arms,24,15,9
Inelegant,tarren-mill,1290,warrior,arms,60,32,28
Ghorglukk,lightnings-blade,1290,warrior,arms,60,28,32
Garganelli,tarren-mill,1290,warrior,arms,68,30,38
Téldrus,blackrock,1290,warrior,arms,48,20,28
Elyrax,dun-modr,1290,warrior,arms,36,15,21
Whimbux,stormscale,1289,warrior,arms,50,23,27
Степанычь,gordunni,1288,warrior,arms,41,22,19
Vexxenn,outland,1288,warrior,arms,36,16,20
Jasperr,nemesis,1287,warrior,arms,133,70,63
Arouga,blackrock,1287,warrior,arms,27,14,13
Ninebites,chamber-of-aspects,1287,warrior,arms,125,63,62
Mfull,tarren-mill,1287,warrior,arms,72,35,37
Tsu,karazhan,1287,warrior,arms,63,29,34
Deeper,twisting-nether,1287,warrior,arms,48,22,26
Геленфорд,soulflayer,1287,warrior,arms,36,15,21
Roland,earthen-ring,1287,warrior,arms,36,14,22
Olesbawro,ragnaros,1287,warrior,arms,90,34,56
Dutteh,tarren-mill,1286,warrior,arms,30,17,13
Vasabi,anetheron,1286,warrior,arms,36,18,18
Vegäpunk,nemesis,1286,warrior,arms,60,28,32
Gantór,blackrock,1286,warrior,arms,54,23,31
Nellyqt,draenor,1286,warrior,arms,40,15,25
Ovcharq,steamwheedle-cartel,1285,warrior,arms,88,44,44
Атон,gordunni,1285,warrior,arms,116,57,59
Rayguerrero,blackrock,1285,warrior,arms,42,14,28
Grimsong,antonidas,1284,warrior,arms,26,15,11
Unarde,silvermoon,1283,warrior,arms,257,128,129
Tíabeanie,silvermoon,1283,warrior,arms,30,14,16
Leonidæs,frostwolf,1283,warrior,arms,105,48,57
Spodnick,ragnaros,1282,warrior,arms,29,14,15
Knoxworth,kazzak,1282,warrior,arms,29,14,15
Почтитайсон,howling-fjord,1282,warrior,arms,32,15,17
Brabüs,kazzak,1282,warrior,arms,56,26,30
Hatethisgame,frostwolf,1282,warrior,arms,93,42,51
Phovoss,stormscale,1282,warrior,arms,106,44,62
Shäshken,archimonde,1281,warrior,arms,96,27,69
Гогрикк,ashenvale,1279,warrior,arms,72,35,37
Malevolént,silvermoon,1279,warrior,arms,78,37,41
Raixxon,ragnaros,1279,warrior,arms,127,57,70
Shakeef,turalyon,1277,warrior,arms,29,14,15
Палачубийца,deathguard,1276,warrior,arms,115,58,57
Скользкийбро,gordunni,1276,warrior,arms,169,80,89
Narkololzz,marécage-de-zangar,1276,warrior,arms,91,41,50
Ахе,deathguard,1275,warrior,arms,42,22,20
Reichas,ragnaros,1275,warrior,arms,61,31,30
Pacosky,burning-legion,1275,warrior,arms,57,28,29
Vlader,dun-modr,1275,warrior,arms,146,69,77
Xensation,kult-der-verdammten,1275,warrior,arms,53,24,29
Adurìn,silvermoon,1275,warrior,arms,60,27,33
Kultigin,ravencrest,1275,warrior,arms,122,53,69
Xunaakt,nemesis,1273,warrior,arms,69,34,35
Neekero,burning-legion,1273,warrior,arms,110,51,59
Optitt,dethecus,1273,warrior,arms,59,26,33
Fàlconry,kazzak,1273,warrior,arms,140,60,80
Kolxoz,doomhammer,1273,warrior,arms,36,15,21
Batalius,dalaran,1273,warrior,arms,42,16,26
Акумираг,soulflayer,1272,warrior,arms,108,43,65
Rahaaxhia,kaelthas,1271,warrior,arms,24,15,9
Сигберт,gordunni,1271,warrior,arms,36,16,20
Nakkelam,twisting-nether,1270,warrior,arms,24,14,10
Methaniwths,twisting-nether,1270,warrior,arms,78,40,38
Issatank,frostmane,1270,warrior,arms,126,62,64
Robsuéy,blackmoore,1270,warrior,arms,120,49,71
Rhonack,ragnaros,1269,warrior,arms,68,32,36
Джондо,gordunni,1269,warrior,arms,30,14,16
Nårgaí,kargath,1269,warrior,arms,78,36,42
Sphínxx,malfurion,1269,warrior,arms,44,20,24
Zøom,ysondre,1268,warrior,arms,106,55,51
Gigac,ragnaros,1268,warrior,arms,60,29,31
Горячийогонь,soulflayer,1268,warrior,arms,45,16,29
Рейнджровер,howling-fjord,1267,warrior,arms,58,26,32
Kriticah,sanguino,1267,warrior,arms,104,44,60
Funknîco,wrathbringer,1266,warrior,arms,55,29,26
Джагенвард,soulflayer,1265,warrior,arms,65,34,31
Swifty,bronzebeard,1265,warrior,arms,30,14,16
Дрейсен,gordunni,1264,warrior,arms,48,23,25
Mikylothar,kazzak,1264,warrior,arms,30,14,16
Aliasus,outland,1264,warrior,arms,36,16,20
Aiarm,twisting-nether,1263,warrior,arms,222,117,105
Leyshan,archimonde,1263,warrior,arms,58,21,37
Abnôrmus,tarren-mill,1262,warrior,arms,48,25,23
Trundledaddy,silvermoon,1262,warrior,arms,29,14,15
Geckoo,emerald-dream,1262,warrior,arms,161,71,90
Братишкаа,gordunni,1262,warrior,arms,65,28,37
Ðræms,eldrethalas,1261,warrior,arms,98,47,51
Gintonnic,sanguino,1261,warrior,arms,48,22,26
Mortus,baelgun,1261,warrior,arms,101,44,57
Rochful,frostwolf,1260,warrior,arms,42,23,19
Tozz,azuremyst,1260,warrior,arms,48,26,22
Metawar,blackhand,1259,warrior,arms,60,26,34
Koliastra,magtheridon,1258,warrior,arms,54,31,23
Bolski,ravencrest,1258,warrior,arms,81,42,39
Fargon,ravencrest,1258,warrior,arms,103,45,58
Pawn,twisting-nether,1258,warrior,arms,42,17,25
Дэйст,ashenvale,1257,warrior,arms,48,25,23
Drbanner,hyjal,1257,warrior,arms,68,33,35
Iljaana,blackrock,1257,warrior,arms,72,32,40
Okoru,stormscale,1257,warrior,arms,73,30,43
Balyndâ,aegwynn,1256,warrior,arms,44,25,19
Silabozija,ravencrest,1255,warrior,arms,88,43,45
Narox,arathor,1255,warrior,arms,56,26,30
Mellvorr,malganis,1255,warrior,arms,65,19,46
Агамемнан,soulflayer,1254,warrior,arms,374,184,190
Vulperizing,draenor,1254,warrior,arms,29,14,15
Pepao,zuljin,1254,warrior,arms,108,42,66
Buntstift,thrall,1254,warrior,arms,42,14,28
Morrzerk,sylvanas,1253,warrior,arms,41,23,18
Lûxn,ragnaros,1253,warrior,arms,223,112,111
Кринжеверт,howling-fjord,1253,warrior,arms,30,14,16
Skullcrasher,draenor,1253,warrior,arms,42,19,23
Sertigan,dun-modr,1253,warrior,arms,100,41,59
Bluntsword,twisting-nether,1252,warrior,arms,65,30,35
Matrafox,stormscale,1251,warrior,arms,103,49,54
Gids,silvermoon,1251,warrior,arms,36,17,19
Taikyokuken,hyjal,1251,warrior,arms,96,43,53
Cecill,silvermoon,1250,warrior,arms,44,26,18
Xyum,pozzo-delleternità,1250,warrior,arms,90,53,37
Dicaprios,silvermoon,1250,warrior,arms,72,36,36
Wørgenn,hyjal,1250,warrior,arms,50,25,25
Кимиюки,gordunni,1250,warrior,arms,110,53,57
Harska,ragnaros,1249,warrior,arms,76,41,35
Jkarus,die-ewige-wacht,1249,warrior,arms,42,17,25
Klnrk,ravencrest,1248,warrior,arms,24,13,11
Vurra,zuljin,1248,warrior,arms,44,22,22
Obscurìa,argent-dawn,1248,warrior,arms,432,215,217
Brandylover,outland,1248,warrior,arms,32,15,17
Sabøtage,aggra-português,1248,warrior,arms,42,16,26
Wetrx,stormscale,1247,warrior,arms,18,13,5
Daymio,twisting-nether,1247,warrior,arms,30,13,17
Kásúxøxøw,ravencrest,1247,warrior,arms,30,13,17
Trâshcârlitâ,eredar,1247,warrior,arms,30,13,17
Perry,proudmoore,1246,warrior,arms,24,14,10
Sfarpi,burning-legion,1246,warrior,arms,66,38,28
Aggamemnus,ravencrest,1246,warrior,arms,68,38,30
Gìlgamesh,dun-modr,1246,warrior,arms,140,67,73
Kardinell,blackhand,1246,warrior,arms,66,30,36
Sponkss,tarren-mill,1246,warrior,arms,30,13,17
Shará,eredar,1246,warrior,arms,114,49,65
Omcat,dun-modr,1246,warrior,arms,45,15,30
Epyøn,stormscale,1245,warrior,arms,21,13,8
Dreadstyle,burning-legion,1245,warrior,arms,57,31,26
Atus,dun-modr,1245,warrior,arms,77,38,39
Grinrok,thrall,1245,warrior,arms,78,36,42
Heclatos,hyjal,1245,warrior,arms,30,13,17
Ken,twisting-nether,1245,warrior,arms,46,14,32
Themeec,silvermoon,1244,warrior,arms,24,13,11
Zeldaixi,twisting-nether,1244,warrior,arms,46,23,23
Weezing,argent-dawn,1244,warrior,arms,48,18,30
Rhazeél,blackrock,1243,warrior,arms,18,13,5
Zaerna,draenor,1243,warrior,arms,24,13,11
Zeryyo,blackrock,1243,warrior,arms,24,13,11
Kiriwarr,dun-modr,1243,warrior,arms,24,13,11
Knoutt,burning-legion,1243,warrior,arms,30,13,17
Cárlsberg,pozzo-delleternità,1243,warrior,arms,64,27,37
Rocktastic,blackrock,1243,warrior,arms,41,16,25
Istenn,stormscale,1243,warrior,arms,42,13,29
Soundso,blackmoore,1242,warrior,arms,26,15,11
Smeshh,burning-legion,1242,warrior,arms,84,48,36
Narcx,kazzak,1242,warrior,arms,24,13,11
Átlás,blackmoore,1242,warrior,arms,43,19,24
Yakhshar,silvermoon,1242,warrior,arms,30,13,17
Notvisionary,ravencrest,1241,warrior,arms,24,13,11
Тарартзу,soulflayer,1241,warrior,arms,24,13,11
Leroyluca,gilneas,1241,warrior,arms,30,13,17
Getjuiced,tarren-mill,1241,warrior,arms,30,13,17
Yoñtuk,twisting-nether,1240,warrior,arms,24,13,11
Ym,twisting-nether,1240,warrior,arms,24,13,11
Yayoqt,sylvanas,1240,warrior,arms,88,45,43
Swefy,sanguino,1240,warrior,arms,215,97,118
Larrydankin,draenor,1240,warrior,arms,90,37,53
Фуджитаку,gordunni,1240,warrior,arms,48,13,35
Kaazzuraa,hyjal,1239,warrior,arms,48,30,18
Ironballs,saurfang,1239,warrior,arms,30,13,17
Сариату,soulflayer,1239,warrior,arms,30,13,17
Iarsonn,drakthul,1239,warrior,arms,48,19,29
Ghettogødx,outland,1239,warrior,arms,36,13,23
Plt,talnivarr,1238,warrior,arms,64,37,27
Tyragon,thrall,1238,warrior,arms,68,35,33
Sway,eonar,1238,warrior,arms,126,61,65
Loliclapper,grim-batol,1238,warrior,arms,36,15,21
Khalghara,dun-modr,1238,warrior,arms,48,19,29
Glendower,draenor,1238,warrior,arms,36,13,23
Jésusiskíng,amanthul,1237,warrior,arms,24,13,11
Mouliard,archimonde,1237,warrior,arms,24,13,11
Rorix,blackrock,1237,warrior,arms,24,13,11
Tinker,crushridge,1237,warrior,arms,30,13,17
Fractale,kirin-tor,1236,warrior,arms,22,14,8
Беспонятия,blackscar,1235,warrior,arms,22,14,8
Smackaroon,draenor,1235,warrior,arms,24,13,11
Epepseyer,sanguino,1235,warrior,arms,36,17,19
Crook,doomhammer,1235,warrior,arms,78,33,45
Казгримм,howling-fjord,1235,warrior,arms,80,33,47
Adamchen,blackmoore,1235,warrior,arms,37,14,23
Earshy,ragnaros,1234,warrior,arms,24,13,11
Mòrdréd,kazzak,1234,warrior,arms,51,23,28
Jhonnybiceps,kazzak,1234,warrior,arms,55,24,31
Apashe,drakthul,1234,warrior,arms,36,14,22
Buncljin,draenor,1234,warrior,arms,36,14,22
Imorphius,silvermoon,1234,warrior,arms,36,13,23
Wvanp,tarren-mill,1233,warrior,arms,24,13,11
Joewahl,ragnaros,1233,warrior,arms,48,15,33
Kloppnîx,blackmoore,1232,warrior,arms,80,44,36
Protecc,burning-legion,1232,warrior,arms,127,61,66
Kaydren,durotan,1231,warrior,arms,24,13,11
Zool,madmortem,1230,warrior,arms,197,95,102
Arinator,les-sentinelles,1230,warrior,arms,105,46,59
Huor,tarren-mill,1230,warrior,arms,30,13,17
Waegon,twisting-nether,1230,warrior,arms,30,13,17
Axemurdererr,draenor,1229,warrior,arms,24,13,11
Addicty,sylvanas,1229,warrior,arms,139,74,65
Orcanism,nozdormu,1229,warrior,arms,117,62,55
Cramatao,shadowsong,1229,warrior,arms,59,25,34
Araxoth,silvermoon,1229,warrior,arms,85,34,51
Dautis,dun-modr,1228,warrior,arms,33,17,16
Thehans,grim-batol,1228,warrior,arms,44,18,26
Рагнарг,goldrinn,1227,warrior,arms,72,39,33
Gunga,ravenholdt,1227,warrior,arms,24,13,11
Furius,zuljin,1227,warrior,arms,41,20,21
Клоузер,blackscar,1227,warrior,arms,29,14,15
Voidteen,argent-dawn,1226,warrior,arms,44,17,27
Leàn,nemesis,1226,warrior,arms,36,13,23
Бруталдэз,deathguard,1226,warrior,arms,50,16,34
Prater,draenor,1225,warrior,arms,33,17,16
Синнэр,blackscar,1225,warrior,arms,36,13,23
Madaxe,kazzak,1224,warrior,arms,47,29,18
Aylîx,dun-modr,1224,warrior,arms,36,21,15
Exot,eredar,1224,warrior,arms,72,37,35
Fidélgastro,ysondre,1224,warrior,arms,61,25,36
Shengu,kazzak,1223,warrior,arms,30,21,9
Raggnnar,blackrock,1223,warrior,arms,55,28,27
Erayu,outland,1223,warrior,arms,30,13,17
Solaría,garona,1222,warrior,arms,30,15,15
Energo,drakthul,1222,warrior,arms,36,17,19
Romzz,malganis,1222,warrior,arms,90,42,48
Neîka,archimonde,1221,warrior,arms,28,14,14
Krigsdunken,draenor,1221,warrior,arms,87,40,47
Gorok,culte-de-la-rive-noire,1221,warrior,arms,33,15,18
Gachiwarri,blackhand,1221,warrior,arms,30,13,17
Gèrralt,hyjal,1221,warrior,arms,41,16,25
Garthro,antonidas,1221,warrior,arms,36,14,22
Kimboslice,ragnaros,1221,warrior,arms,41,15,26
Соловейч,howling-fjord,1220,warrior,arms,30,16,14
Bigtulipe,archimonde,1220,warrior,arms,65,33,32
Dreamkil,archimonde,1220,warrior,arms,216,108,108
Goldenward,silvermoon,1220,warrior,arms,42,21,21
Boomxi,burning-legion,1220,warrior,arms,47,17,30
Mumon,burning-legion,1220,warrior,arms,41,13,28
Клайминг,soulflayer,1219,warrior,arms,48,29,19
Уравниттель,gordunni,1219,warrior,arms,60,32,28
Juoppó,tarren-mill,1219,warrior,arms,157,78,79
Ðamokles,silvermoon,1219,warrior,arms,73,36,37
Agamemnon,frostmane,1218,warrior,arms,62,30,32
Nixtor,defias-brotherhood,1217,warrior,arms,97,43,54
Jisoowar,blackhand,1217,warrior,arms,54,23,31
Goroth,vashj,1217,warrior,arms,36,14,22
Kerisandra,silvermoon,1216,warrior,arms,43,26,17
Dianâ,der-abyssische-rat,1216,warrior,arms,30,16,14
Nings,rashgarroth,1216,warrior,arms,30,14,16
Maggisauce,aegwynn,1215,warrior,arms,112,60,52
Ghostwarx,blackmoore,1215,warrior,arms,38,19,19
Sistabossen,magtheridon,1215,warrior,arms,30,15,15
Вардроу,howling-fjord,1215,warrior,arms,60,28,32
Zarolk,rashgarroth,1215,warrior,arms,72,30,42
Vojownik,argent-dawn,1215,warrior,arms,42,17,25
Colosius,stormscale,1214,warrior,arms,84,46,38
Takeashower,hyjal,1214,warrior,arms,26,14,12
Crocbait,ravencrest,1214,warrior,arms,36,19,17
Gallow9E4B4B,tarren-mill,1214,warrior,arms,36,13,23
Gealt,outland,1214,warrior,arms,47,16,31
Sigmundsdotr,outland,1213,warrior,arms,60,29,31
Shihoh,blackhand,1213,warrior,arms,124,50,74
Bulwrak,eredar,1212,warrior,arms,198,93,105
Ishíì,twisting-nether,1212,warrior,arms,66,29,37
Hofftor,eredar,1211,warrior,arms,31,16,15
Bjornska,defias-brotherhood,1211,warrior,arms,36,14,22
Боадрог,soulflayer,1211,warrior,arms,42,14,28
Tenramar,silvermoon,1210,warrior,arms,30,13,17
Tabboonishka,draenor,1209,warrior,arms,22,14,8
Gilettepenge,draenor,1209,warrior,arms,233,115,118
Jaru,alleria,1208,warrior,arms,69,35,34
Lukkass,ravencrest,1208,warrior,arms,33,14,19
Audelia,sunstrider,1206,warrior,arms,48,29,19
Fullkraft,tarren-mill,1206,warrior,arms,90,49,41
Delenia,twisting-nether,1205,warrior,arms,55,26,29
Hoggle,runetotem,1204,warrior,arms,88,51,37
Ральдвин,gordunni,1204,warrior,arms,131,66,65
Voltrim,blackmoore,1203,warrior,arms,42,23,19
Astrid,rajaxx,1203,warrior,arms,57,28,29
Totalterror,ragnaros,1203,warrior,arms,72,31,41
Frézzér,blackrock,1203,warrior,arms,33,14,19
Мегаяйца,gordunni,1203,warrior,arms,41,13,28
Excutíé,twisting-nether,1202,warrior,arms,30,18,12
Lezúziuszh,ragnaros,1202,warrior,arms,44,21,23
Wardam,terokkar,1202,warrior,arms,30,13,17
Крахгал,soulflayer,1201,warrior,arms,159,80,79
Tempii,ragnaros,1201,warrior,arms,42,14,28
Rikistrike,tarren-mill,1200,warrior,arms,40,18,22
Thylegorn,argent-dawn,1199,warrior,arms,25,16,9
Hellspin,argent-dawn,1199,warrior,arms,103,46,57
Mañtís,argent-dawn,1198,warrior,arms,80,41,39
Wyshh,silvermoon,1198,warrior,arms,137,67,70
Данилатитич,howling-fjord,1198,warrior,arms,57,27,30
Rayeron,sanguino,1198,warrior,arms,39,16,23
Gnuhl,eredar,1197,warrior,arms,41,21,20
Regna,eredar,1197,warrior,arms,120,58,62
Mozterwar,ravencrest,1197,warrior,arms,66,28,38
Mifuune,argent-dawn,1196,warrior,arms,56,28,28
Brondir,archimonde,1196,warrior,arms,29,14,15
Infusione,nemesis,1195,warrior,arms,24,15,9
Välkyries,archimonde,1195,warrior,arms,63,36,27
Ферхар,galakrond,1195,warrior,arms,36,20,16
Goragthor,thrall,1195,warrior,arms,24,13,11
Nøiir,malfurion,1195,warrior,arms,36,18,18
Berserkpwnz,silvermoon,1194,warrior,arms,60,32,28
Bumbx,kazzak,1194,warrior,arms,79,39,40
Sudosolo,burning-blade,1194,warrior,arms,114,56,58
Madsizen,ravencrest,1194,warrior,arms,36,14,22
Rèâpèr,kazzak,1193,warrior,arms,42,27,15
Demonraze,hyjal,1193,warrior,arms,36,23,13
Лысыч,gordunni,1193,warrior,arms,35,18,17
Azëlls,archimonde,1193,warrior,arms,124,62,62
Zalhym,archimonde,1193,warrior,arms,59,23,36
Rødprincê,ravencrest,1192,warrior,arms,21,13,8
Airowar,drakthul,1192,warrior,arms,23,13,10
Meslammin,draenor,1192,warrior,arms,96,44,52
Zuggizug,draenor,1191,warrior,arms,72,35,37
Xaah,dun-modr,1191,warrior,arms,44,21,23
Wutend,nemesis,1190,warrior,arms,23,13,10
Sàt,kazzak,1190,warrior,arms,24,13,11
Contrariety,ravencrest,1190,warrior,arms,77,39,38
Wärfäcë,blades-edge,1190,warrior,arms,36,14,22
Garosh,drakthul,1189,warrior,arms,72,34,38
Kllinac,kazzak,1189,warrior,arms,71,33,38
Asmongnome,ravencrest,1189,warrior,arms,42,18,24
Lazaza,tarren-mill,1189,warrior,arms,49,19,30
Donetenk,silvermoon,1188,warrior,arms,83,39,44
Akarakhan,sanguino,1188,warrior,arms,54,18,36
Wargasm,burning-blade,1186,warrior,arms,46,25,21
Thunderage,stormscale,1186,warrior,arms,36,16,20
Huuln,outland,1186,warrior,arms,56,21,35
Kval,kazzak,1185,warrior,arms,30,14,16
Slaughteredd,kazzak,1185,warrior,arms,84,35,49
Lirscuits,silvermoon,1185,warrior,arms,34,14,20
Pyret,outland,1185,warrior,arms,40,14,26
Scrèàm,tarren-mill,1184,warrior,arms,67,29,38
Брамон,gordunni,1183,warrior,arms,22,13,9
Gathika,arathor,1183,warrior,arms,24,14,10
Oneshót,norgannon,1183,warrior,arms,109,50,59
Vagor,draenor,1183,warrior,arms,70,31,39
Kwesta,kazzak,1182,warrior,arms,23,13,10
Kallor,burning-legion,1182,warrior,arms,83,40,43
Konstantin,grim-batol,1182,warrior,arms,60,22,38
Neaka,archimonde,1181,warrior,arms,29,13,16
Kriegerkraut,silvermoon,1180,warrior,arms,28,21,7
Suolijumppa,stormreaver,1180,warrior,arms,41,19,22
Neltharon,silvermoon,1179,warrior,arms,27,17,10
Disturbance,eredar,1179,warrior,arms,42,20,22
Ragébar,tarren-mill,1179,warrior,arms,109,50,59
Crotoss,ravencrest,1179,warrior,arms,59,27,32
Redow,stormreaver,1178,warrior,arms,88,36,52
Иалаи,howling-fjord,1177,warrior,arms,32,19,13
Radîtz,blackmoore,1177,warrior,arms,32,15,17
Ксапур,soulflayer,1177,warrior,arms,62,24,38
Виднокрай,gordunni,1177,warrior,arms,36,13,23
Strânge,gorgonnash,1175,warrior,arms,36,21,15
Bulduzer,kazzak,1175,warrior,arms,113,49,64
Beans,argent-dawn,1175,warrior,arms,102,42,60
Jagannath,stormscale,1174,warrior,arms,26,13,13
Argadea,archimonde,1174,warrior,arms,54,26,28
Elyalol,ragnaros,1174,warrior,arms,33,15,18
Frozenevil,kazzak,1173,warrior,arms,119,57,62
Nøøbisator,archimonde,1172,warrior,arms,72,37,35
Franzbardon,archimonde,1172,warrior,arms,304,144,160
Cbahorde,outland,1172,warrior,arms,95,44,51
Etelä,stormreaver,1172,warrior,arms,37,17,20
Buffettleapx,kazzak,1172,warrior,arms,62,26,36
Nurychïc,twisting-nether,1171,warrior,arms,51,26,25
Zelfire,magtheridon,1171,warrior,arms,30,13,17
Wâtchmefear,blackrock,1171,warrior,arms,33,14,19
Cremas,cthun,1171,warrior,arms,84,33,51
Jupio,stormscale,1170,warrior,arms,27,15,12
Xraider,ragnaros,1169,warrior,arms,82,39,43
Imora,silvermoon,1169,warrior,arms,54,22,32
Роккар,gordunni,1168,warrior,arms,42,22,20
Gunka,tarren-mill,1168,warrior,arms,121,62,59
Blaackbeard,blackmoore,1168,warrior,arms,30,13,17
Monifes,kazzak,1167,warrior,arms,30,15,15
Whàtsup,stormscale,1166,warrior,arms,36,17,19
Górut,zuljin,1166,warrior,arms,60,27,33
Pesroc,blackmoore,1165,warrior,arms,24,15,9
Daguangming,outland,1165,warrior,arms,59,23,36
Rojobull,stormscale,1165,warrior,arms,42,15,27
Kaidewarr,kazzak,1163,warrior,arms,48,23,25
Opseagull,defias-brotherhood,1163,warrior,arms,51,23,28
Warbringer,ravencrest,1163,warrior,arms,42,15,27
Sandalwood,wildhammer,1162,warrior,arms,33,17,16
Xamp,madmortem,1161,warrior,arms,26,14,12
Parasite,the-maelstrom,1161,warrior,arms,42,22,20
Lø,chogall,1161,warrior,arms,107,48,59
Lithanør,silvermoon,1159,warrior,arms,38,13,25
Зуботычник,gordunni,1157,warrior,arms,24,13,11
Shãne,ysondre,1156,warrior,arms,28,13,15
Rogirb,drakthul,1155,warrior,arms,30,14,16
Frankstyle,sanguino,1155,warrior,arms,30,14,16
Rühlsbester,thrall,1154,warrior,arms,71,31,40
Tommia,burning-legion,1154,warrior,arms,30,13,17
Элейд,thermaplugg,1153,warrior,arms,53,23,30
Devìlscandy,stormscale,1152,warrior,arms,18,12,6
Fknslow,ravencrest,1152,warrior,arms,18,12,6
Porsea,ravencrest,1152,warrior,arms,24,12,12
Uselessblâme,archimonde,1152,warrior,arms,24,12,12
Taÿ,stormscale,1152,warrior,arms,24,12,12
Chilp,archimonde,1152,warrior,arms,79,32,47
Salpaaja,tarren-mill,1152,warrior,arms,30,12,18
Hellthõr,silvermoon,1152,warrior,arms,48,19,29
Jethiss,ravencrest,1151,warrior,arms,18,12,6
Pryzinstyle,aegwynn,1151,warrior,arms,24,12,12
Tcrujo,uldum,1151,warrior,arms,24,12,12
Elendurel,outland,1151,warrior,arms,53,26,27
Aloia,stormscale,1151,warrior,arms,39,16,23
Ruppydeluxe,frostwolf,1151,warrior,arms,44,14,30
Wutraa,kazzak,1150,warrior,arms,18,12,6
Enzylolz,sanguino,1150,warrior,arms,24,12,12
Zidbi,argent-dawn,1150,warrior,arms,24,12,12
Crazykind,kazzak,1150,warrior,arms,24,12,12
Cyrø,blackmoore,1150,warrior,arms,31,13,18
Panzerpung,outland,1150,warrior,arms,36,12,24
Crushonyou,aegwynn,1149,warrior,arms,24,12,12
Inhaler,ravencrest,1149,warrior,arms,24,12,12
Laakes,eredar,1149,warrior,arms,36,12,24
Kampfente,blackrock,1148,warrior,arms,18,12,6
ßigarms,ravencrest,1148,warrior,arms,18,12,6
Jonalina,gilneas,1148,warrior,arms,84,42,42
Tezzter,malganis,1148,warrior,arms,24,12,12
Noisey,sanguino,1148,warrior,arms,24,12,12
Халльборн,howling-fjord,1148,warrior,arms,30,12,18
Chillycheesy,blackmoore,1148,warrior,arms,42,12,30
Zwerk,rajaxx,1147,warrior,arms,24,12,12
Tìera,ravencrest,1147,warrior,arms,27,13,14
Yolal,twisting-nether,1147,warrior,arms,137,61,76
Sergra,ysondre,1147,warrior,arms,30,12,18
Ragedotcom,archimonde,1146,warrior,arms,30,16,14
Draemmer,minahonda,1146,warrior,arms,30,15,15
Pourfendre,archimonde,1146,warrior,arms,24,12,12
Senshin,sanguino,1146,warrior,arms,24,12,12
Rieku,kazzak,1146,warrior,arms,36,12,24
Mysteryman,defias-brotherhood,1145,warrior,arms,107,50,57
Ezop,burning-blade,1145,warrior,arms,30,12,18
Gladiatoor,terenas,1145,warrior,arms,30,12,18
Orgi,drakthul,1145,warrior,arms,36,12,24
Belzebud,kazzak,1145,warrior,arms,36,12,24
Shedzo,tarren-mill,1144,warrior,arms,18,12,6
Ratko,blackmoore,1144,warrior,arms,26,15,11
Warriovar,draenor,1144,warrior,arms,24,12,12
Kirzan,silvermoon,1144,warrior,arms,24,12,12
Zugzugsmash,thrall,1144,warrior,arms,24,12,12
Hammerfall,uldum,1144,warrior,arms,90,42,48
Chépérøs,kaelthas,1144,warrior,arms,60,26,34
Palthor,drakthul,1144,warrior,arms,125,52,73
Garodis,blackmoore,1144,warrior,arms,30,12,18
Laceysmash,anubarak,1144,warrior,arms,30,12,18
Bigbosscho,draenor,1143,warrior,arms,18,12,6
Smashu,outland,1143,warrior,arms,18,12,6
Karnacîer,archimonde,1143,warrior,arms,30,19,11
Foxxzorr,aszune,1143,warrior,arms,30,12,18
Sephirotth,burning-legion,1142,warrior,arms,24,12,12
Kurzen,voljin,1142,warrior,arms,65,28,37
Brahlus,frostwolf,1142,warrior,arms,31,13,18
Monsterborn,bloodhoof,1142,warrior,arms,39,15,24
Freestýlz,archimonde,1141,warrior,arms,18,13,5
Sazurah,ravencrest,1141,warrior,arms,18,12,6
Syhtis,hyjal,1140,warrior,arms,24,13,11
Alphachadwar,azjolnerub,1140,warrior,arms,30,12,18
Björnd,hyjal,1140,warrior,arms,42,12,30
Realstars,tichondrius,1139,warrior,arms,33,13,20
Davari,ravencrest,1139,warrior,arms,33,12,21
Birikkin,draenor,1138,warrior,arms,18,12,6
Дрейтон,eversong,1138,warrior,arms,76,37,39
Nabb,outland,1138,warrior,arms,30,12,18
Xlings,auchindoun,1138,warrior,arms,84,30,54
Kromt,shendralar,1136,warrior,arms,24,15,9
Dödslängtan,terokkar,1136,warrior,arms,52,28,24
Warbringer,burning-blade,1136,warrior,arms,36,12,24
Addy,twisting-nether,1135,warrior,arms,24,12,12
Mkazy,kirin-tor,1135,warrior,arms,24,12,12
Фоссбро,gordunni,1135,warrior,arms,89,35,54
Draleckx,sanguino,1134,warrior,arms,255,121,134
Jäime,dun-modr,1134,warrior,arms,34,14,20
Slambadicoot,draenor,1134,warrior,arms,30,12,18
Inticam,durotan,1133,warrior,arms,55,31,24
Ordínaryname,blackrock,1133,warrior,arms,610,309,301
Vandnox,nozdormu,1133,warrior,arms,28,13,15
Claytøn,khaz-modan,1132,warrior,arms,79,36,43
Despacitus,burning-legion,1132,warrior,arms,65,23,42
Киефси,howling-fjord,1131,warrior,arms,102,53,49
Quarantino,ysondre,1131,warrior,arms,116,53,63
Medov,outland,1131,warrior,arms,54,23,31
Някитила,gordunni,1131,warrior,arms,55,22,33
Dübèl,blackrock,1130,warrior,arms,36,20,16
Bangbros,archimonde,1130,warrior,arms,24,13,11
Zogyall,ysondre,1130,warrior,arms,66,29,37
Aesiva,die-aldor,1130,warrior,arms,42,18,24
Razt,bronze-dragonflight,1129,warrior,arms,24,12,12
Cloudstomper,ravenholdt,1129,warrior,arms,53,23,30
Hietfield,twisting-nether,1128,warrior,arms,24,12,12
Kugghalfswor,doomhammer,1128,warrior,arms,352,169,183
Fatbeard,twilights-hammer,1127,warrior,arms,54,24,30
Joesalamanca,ragnaros,1127,warrior,arms,36,16,20
Маллал,soulflayer,1127,warrior,arms,63,23,40
Katyparry,ragnaros,1127,warrior,arms,36,12,24
Фастод,greymane,1126,warrior,arms,78,37,41
Midgardsormr,blackrock,1126,warrior,arms,53,24,29
Varzeluu,sylvanas,1126,warrior,arms,36,15,21
Сифончик,ashenvale,1126,warrior,arms,30,12,18
Turmund,turalyon,1126,warrior,arms,36,13,23
Director,aegwynn,1124,warrior,arms,24,14,10
Oralinde,silvermoon,1124,warrior,arms,178,95,83
Dísplacement,draenor,1123,warrior,arms,24,12,12
Ironsteve,blackmoore,1123,warrior,arms,291,133,158
Vrokoda,quelthalas,1123,warrior,arms,30,12,18
Пифс,soulflayer,1122,warrior,arms,36,21,15
Scartle,dun-modr,1122,warrior,arms,48,20,28
Gakosh,sanguino,1121,warrior,arms,24,13,11
Yüle,uldaman,1121,warrior,arms,30,15,15
Truxiw,silvermoon,1120,warrior,arms,42,19,23
Bennybryt,frostmane,1117,warrior,arms,23,12,11
Thiccrich,argent-dawn,1117,warrior,arms,48,25,23
Karden,doomhammer,1117,warrior,arms,98,41,57
Creezê,blackmoore,1117,warrior,arms,30,12,18
Малграш,goldrinn,1117,warrior,arms,37,12,25
Draktul,aegwynn,1116,warrior,arms,24,14,10
Nélow,khaz-modan,1116,warrior,arms,48,22,26
Мутобой,soulflayer,1116,warrior,arms,82,37,45
Loosecanon,ravencrest,1116,warrior,arms,29,12,17
Cliwar,ragnaros,1115,warrior,arms,58,35,23
Carsannies,stormscale,1115,warrior,arms,127,56,71
Brisky,tarren-mill,1115,warrior,arms,30,13,17
Ärama,sanguino,1114,warrior,arms,30,16,14
Darkchao,madmortem,1114,warrior,arms,26,12,14
Friedhard,aegwynn,1114,warrior,arms,40,18,22
Terrificone,drakthul,1112,warrior,arms,26,13,13
Pwettygal,tarren-mill,1111,warrior,arms,78,35,43
Ezsnacks,blackrock,1110,warrior,arms,68,36,32
Muetzchen,blackhand,1110,warrior,arms,60,31,29
Ayatolah,kazzak,1110,warrior,arms,53,27,26
Executioner,ravencrest,1109,warrior,arms,42,18,24
Белриэль,gordunni,1109,warrior,arms,72,25,47
Sûgma,blackhand,1108,warrior,arms,44,23,21
Pips,minahonda,1108,warrior,arms,54,20,34
Ванмак,gordunni,1105,warrior,arms,54,23,31
Quiño,sanguino,1104,warrior,arms,24,12,12
Korvjnus,burning-blade,1104,warrior,arms,78,35,43
Prs,defias-brotherhood,1103,warrior,arms,24,12,12
Миранир,soulflayer,1102,warrior,arms,62,30,32
Zuharakì,nemesis,1102,warrior,arms,220,102,118
Røiivar,hyjal,1102,warrior,arms,169,74,95
Raivorouva,stormreaver,1102,warrior,arms,30,13,17
Рф,thermaplugg,1102,warrior,arms,32,13,19
Керсантус,gordunni,1101,warrior,arms,17,12,5
Онлихелл,howling-fjord,1101,warrior,arms,70,29,41
Корофер,galakrond,1100,warrior,arms,47,27,20
Доминатори,grom,1100,warrior,arms,55,21,34
Ceb,drakthul,1100,warrior,arms,78,29,49
Rutrah,ysondre,1099,warrior,arms,30,12,18
Tiopollo,sanguino,1099,warrior,arms,30,12,18
Gladiattus,drakthul,1098,warrior,arms,60,29,31
Serakhan,argent-dawn,1097,warrior,arms,168,86,82
Satanås,silvermoon,1097,warrior,arms,114,57,57
Tajiri,alakir,1097,warrior,arms,70,34,36
Lebronjones,sylvanas,1097,warrior,arms,126,56,70
Rindermett,eredar,1097,warrior,arms,30,12,18
Crixusxx,sanguino,1096,warrior,arms,25,13,12
Karng,zenedar,1096,warrior,arms,70,30,40
Chaohz,grim-batol,1096,warrior,arms,29,12,17
Salom,illidan,1096,warrior,arms,54,20,34
Обиванкенобя,soulflayer,1096,warrior,arms,48,17,31
Wrtxnexor,blackhand,1095,warrior,arms,40,19,21
Fdmachine,kazzak,1095,warrior,arms,48,21,27
Набосуюногу,gordunni,1095,warrior,arms,29,12,17
Vannié,blackhand,1094,warrior,arms,32,14,18
Sloppychoppy,silvermoon,1094,warrior,arms,59,25,34
Чузен,galakrond,1094,warrior,arms,42,16,26
Deko,magtheridon,1093,warrior,arms,26,13,13
Глинм,gordunni,1093,warrior,arms,201,95,106
Чухануспрайм,howling-fjord,1093,warrior,arms,34,13,21
Crizby,twisting-nether,1093,warrior,arms,39,13,26
Милославский,gordunni,1092,warrior,arms,58,29,29
Crasher,dentarg,1091,warrior,arms,42,21,21
Копенгаген,ashenvale,1091,warrior,arms,33,13,20
Teraa,the-maelstrom,1090,warrior,arms,58,33,25
Дикийлёха,soulflayer,1090,warrior,arms,42,22,20
Nakroll,sanguino,1090,warrior,arms,36,14,22
Математик,razuvious,1086,warrior,arms,27,14,13
Doveloo,kazzak,1085,warrior,arms,42,20,22
Katmai,nemesis,1085,warrior,arms,30,14,16
Battall,ysondre,1084,warrior,arms,27,15,12
Бежа,gordunni,1083,warrior,arms,66,37,29
Bullburzt,ragnaros,1083,warrior,arms,29,12,17
Крешер,howling-fjord,1082,warrior,arms,136,60,76
Cromix,blackrock,1079,warrior,arms,36,16,20
Stuble,blackhand,1076,warrior,arms,41,19,22
Raxur,kazzak,1076,warrior,arms,35,13,22
Difalco,archimonde,1075,warrior,arms,128,63,65
Jebzmiecza,kazzak,1075,warrior,arms,30,13,17
Ялаз,gordunni,1075,warrior,arms,36,13,23
Безбожник,eversong,1074,warrior,arms,129,58,71
Kydecnick,kazzak,1074,warrior,arms,113,45,68
Шарж,greymane,1073,warrior,arms,60,30,30
Troncodepino,nemesis,1073,warrior,arms,36,13,23
Bàhàmût,anetheron,1072,warrior,arms,17,12,5
Algazarra,aggra-português,1072,warrior,arms,38,17,21
Тонкрик,goldrinn,1072,warrior,arms,36,16,20
Rapidinhas,aggra-português,1071,warrior,arms,22,12,10
Ethem,twisting-nether,1071,warrior,arms,157,84,73
Scud,frostwhisper,1069,warrior,arms,28,12,16
Tochka,kazzak,1069,warrior,arms,42,12,30
Shinnok,stormreaver,1068,warrior,arms,178,95,83
Tobigforu,draenor,1068,warrior,arms,39,19,20
Uclat,archimonde,1068,warrior,arms,113,50,63
Вилькария,eversong,1067,warrior,arms,28,12,16
Diolucido,shattered-hand,1066,warrior,arms,25,12,13
Kâine,blackmoore,1066,warrior,arms,104,42,62
Mistawolf,ravencrest,1066,warrior,arms,60,21,39
Отпустите,howling-fjord,1066,warrior,arms,37,12,25
Diliul,doomhammer,1065,warrior,arms,40,18,22
Endermite,magtheridon,1065,warrior,arms,59,26,33
Алибастор,galakrond,1064,warrior,arms,75,34,41
Eragdagh,thrall,1064,warrior,arms,32,12,20
Rìght,kazzak,1063,warrior,arms,19,12,7
Thorkell,genjuros,1062,warrior,arms,36,16,20
Keksparrow,antonidas,1061,warrior,arms,48,22,26
Брокксигарр,borean-tundra,1061,warrior,arms,35,12,23
Katzz,dun-morogh,1061,warrior,arms,44,15,29
Kundan,antonidas,1059,warrior,arms,42,23,19
Atelier,magtheridon,1057,warrior,arms,60,30,30
Oxascand,kazzak,1057,warrior,arms,53,18,35
Рексторм,soulflayer,1056,warrior,arms,12,11,1
Sufentaniili,frostwhisper,1056,warrior,arms,12,11,1
Mâlitek,archimonde,1056,warrior,arms,18,11,7
Proeliator,argent-dawn,1056,warrior,arms,24,11,13
Proffsét,ravencrest,1056,warrior,arms,24,11,13
Tyrasia,hyjal,1056,warrior,arms,24,11,13
Määh,frostmane,1056,warrior,arms,30,11,19
Gotural,ravencrest,1055,warrior,arms,12,11,1
Asasius,ravencrest,1055,warrior,arms,18,11,7
Goretterog,ysondre,1055,warrior,arms,18,11,7
Doritoslove,sanguino,1055,warrior,arms,18,11,7
Mîleycyrûs,stormscale,1055,warrior,arms,18,11,7
Jayus,stormrage,1055,warrior,arms,18,11,7
Astidon,ravencrest,1055,warrior,arms,21,12,9
Амаззони,howling-fjord,1055,warrior,arms,24,11,13
Quotxwar,stormscale,1055,warrior,arms,24,11,13
Bikgusdickus,drakthul,1055,warrior,arms,24,11,13
Лимор,howling-fjord,1055,warrior,arms,24,11,13
Luxurious,argent-dawn,1055,warrior,arms,33,12,21
Piedbot,archimonde,1055,warrior,arms,75,27,48
Ramlosa,stormscale,1054,warrior,arms,18,11,7
Tiimbs,tarren-mill,1054,warrior,arms,18,11,7
Zellóx,stormscale,1054,warrior,arms,18,11,7
Артэгиусх,blackscar,1054,warrior,arms,81,40,41
Solatika,alexstrasza,1054,warrior,arms,154,74,80
Gorelaw,turalyon,1054,warrior,arms,24,11,13
Trohr,blackmoore,1054,warrior,arms,24,11,13
Râmi,perenolde,1054,warrior,arms,24,11,13
Gramash,grim-batol,1054,warrior,arms,58,25,33
Apollos,der-mithrilorden,1054,warrior,arms,30,11,19
Kzagan,outland,1054,warrior,arms,30,11,19
Tentontruck,ragnaros,1054,warrior,arms,30,11,19
Vallenwar,twisting-nether,1053,warrior,arms,18,11,7
Синглдем,gordunni,1053,warrior,arms,24,11,13
Zuuk,malganis,1053,warrior,arms,24,11,13
Swàck,mazrigos,1053,warrior,arms,24,11,13
Skaylulz,ragnaros,1053,warrior,arms,24,11,13
Besån,ragnaros,1053,warrior,arms,25,11,14
Scusi,burning-blade,1053,warrior,arms,30,11,19
Khoroc,die-aldor,1053,warrior,arms,30,11,19
Salamandar,zenedar,1053,warrior,arms,36,11,25
Opticsynfel,argent-dawn,1052,warrior,arms,24,11,13
Arenatogo,blackmoore,1052,warrior,arms,24,11,13
Polak,tirion,1052,warrior,arms,24,11,13
Neoballâc,uldum,1052,warrior,arms,24,11,13
Joka,dun-modr,1052,warrior,arms,76,33,43
Gnomekek,sylvanas,1052,warrior,arms,30,11,19
Swornsword,blackmoore,1052,warrior,arms,30,11,19
Krostapunk,colinas-pardas,1052,warrior,arms,36,13,23
Ramhadat,hyjal,1051,warrior,arms,18,11,7
Hgfe,doomhammer,1051,warrior,arms,24,11,13
Minimcgregor,sanguino,1051,warrior,arms,24,11,13
Krônôs,thrall,1051,warrior,arms,24,11,13
Кассаб,soulflayer,1051,warrior,arms,24,11,13
Шорпит,howling-fjord,1051,warrior,arms,66,26,40
Dewclaw,stormscale,1051,warrior,arms,30,11,19
Tercio,exodar,1050,warrior,arms,133,61,72
Âxti,blackrock,1050,warrior,arms,24,11,13
Cucøriedka,burning-blade,1050,warrior,arms,42,11,31
Blackin,blackmoore,1049,warrior,arms,18,11,7
Ètc,ravencrest,1049,warrior,arms,18,11,7
Nêithan,dun-modr,1049,warrior,arms,30,12,18
Турбобулка,gordunni,1048,warrior,arms,30,11,19
Graumann,dun-morogh,1047,warrior,arms,18,11,7
Ogvico,stormscale,1047,warrior,arms,25,12,13
Каррагор,howling-fjord,1047,warrior,arms,24,11,13
Akión,zuljin,1047,warrior,arms,24,11,13
Ðjlækker,silvermoon,1047,warrior,arms,24,11,13
Clukao,kazzak,1047,warrior,arms,30,11,19
Darksworn,alleria,1046,warrior,arms,18,11,7
Supersonîc,aegwynn,1046,warrior,arms,24,11,13
Askawar,sylvanas,1046,warrior,arms,24,11,13
Velikan,tarren-mill,1046,warrior,arms,30,11,19
Achsin,eredar,1045,warrior,arms,57,28,29
Ginjó,blackhand,1045,warrior,arms,24,11,13
Ninja,bronze-dragonflight,1045,warrior,arms,24,11,13
Roponmatsu,draenor,1045,warrior,arms,24,11,13
Longy,mazrigos,1045,warrior,arms,27,12,15
Neoh,onyxia,1044,warrior,arms,93,47,46
Diggawhat,antonidas,1044,warrior,arms,182,81,101
Tuskyr,silvermoon,1044,warrior,arms,30,11,19
Masster,argent-dawn,1043,warrior,arms,18,11,7
Asurian,runetotem,1043,warrior,arms,40,18,22
Nocturia,archimonde,1043,warrior,arms,30,11,19
Unstorm,drakthul,1043,warrior,arms,36,11,25
Slapface,blackmoore,1042,warrior,arms,26,13,13
Gpointt,lordaeron,1042,warrior,arms,60,22,38
Зед,blackscar,1041,warrior,arms,37,20,17
Talaganos,twisting-nether,1040,warrior,arms,31,17,14
Innos,gorgonnash,1040,warrior,arms,29,13,16
Blufurys,nemesis,1040,warrior,arms,50,22,28
Heavenheart,bronzebeard,1039,warrior,arms,28,19,9
Ianez,nemesis,1039,warrior,arms,53,21,32
Williamx,archimonde,1039,warrior,arms,30,11,19
Stweye,frostmane,1038,warrior,arms,24,11,13
Smkw,kazzak,1037,warrior,arms,44,27,17
Saitäma,burning-legion,1037,warrior,arms,18,11,7
Nokturnâl,silvermoon,1037,warrior,arms,18,11,7
Ехасе,gordunni,1037,warrior,arms,52,24,28
Gutworm,stormscale,1037,warrior,arms,24,11,13
Valus,earthen-ring,1037,warrior,arms,24,11,13
Mæuzl,draenor,1036,warrior,arms,24,11,13
Koorkhan,outland,1036,warrior,arms,24,11,13
Stampsalot,deathwing,1036,warrior,arms,24,11,13
Twinblyat,defias-brotherhood,1036,warrior,arms,24,11,13
Tidrick,argent-dawn,1036,warrior,arms,24,11,13
Pegazón,outland,1036,warrior,arms,102,45,57
Schoolbus,outland,1034,warrior,arms,29,12,17
Whitebêârd,antonidas,1033,warrior,arms,71,30,41
Zugpump,tarren-mill,1031,warrior,arms,22,12,10
Raldjorn,hyjal,1031,warrior,arms,30,16,14
Zoulaani,argent-dawn,1031,warrior,arms,52,16,36
Kilsera,blackmoore,1030,warrior,arms,18,11,7
Teñseî,archimonde,1030,warrior,arms,18,11,7
Scill,silvermoon,1030,warrior,arms,42,20,22
Dardi,blackrock,1030,warrior,arms,24,11,13
Raizø,aegwynn,1030,warrior,arms,31,13,18
Discotrosan,outland,1029,warrior,arms,37,17,20
Brvbert,antonidas,1029,warrior,arms,24,11,13
Kante,frostmane,1029,warrior,arms,24,11,13
Ttz,tarren-mill,1029,warrior,arms,42,17,25
Téarz,blackrock,1029,warrior,arms,54,20,34
Утонаган,fordragon,1029,warrior,arms,30,11,19
Beserk,defias-brotherhood,1027,warrior,arms,46,28,18
Merdé,blackhand,1027,warrior,arms,135,67,68
Kelmyst,ragnaros,1025,warrior,arms,26,13,13
Rastaboo,ravencrest,1024,warrior,arms,24,11,13
Lakes,eredar,1023,warrior,arms,35,11,24
Panickill,ravencrest,1022,warrior,arms,24,11,13
Lurádin,kargath,1022,warrior,arms,30,11,19
Acestrike,defias-brotherhood,1021,warrior,arms,18,11,7
Matthaeos,nemesis,1019,warrior,arms,17,13,4
Xxoorrwarr,tarren-mill,1018,warrior,arms,25,13,12
Áosr,ravencrest,1018,warrior,arms,88,43,45
Клавиатурный,soulflayer,1018,warrior,arms,29,11,18
Ironfists,kilrogg,1017,warrior,arms,24,11,13
Ñoxpløde,tarren-mill,1016,warrior,arms,18,12,6
Тычо,soulflayer,1016,warrior,arms,48,20,28
Rîchy,blackrock,1013,warrior,arms,28,15,13
Rabiolika,sanguino,1012,warrior,arms,23,11,12
Cyniczny,draenor,1011,warrior,arms,27,12,15
Owarr,grim-batol,1010,warrior,arms,24,13,11
Chatoon,elune,1010,warrior,arms,51,27,24
Shinydjuwlz,turalyon,1008,warrior,arms,18,11,7
Etharedon,kul-tiras,1007,warrior,arms,142,62,80
Зарган,howling-fjord,1007,warrior,arms,59,24,35
Sanhaevel,ravencrest,1006,warrior,arms,50,23,27
Falcowar,minahonda,1006,warrior,arms,24,11,13
Бравурный,gordunni,1005,warrior,arms,24,11,13
Antraex,zuljin,1004,warrior,arms,30,13,17
Pumpadzhîja,stormscale,1003,warrior,arms,23,11,12
Ezjau,blackmoore,1002,warrior,arms,120,61,59
Athérøs,outland,1002,warrior,arms,29,11,18
Gatlok,kazzak,1001,warrior,arms,24,11,13
Haipaz,draenor,1001,warrior,arms,44,19,25
Dénis,onyxia,1000,warrior,arms,30,15,15
Ruga,echsenkessel,999,warrior,arms,85,43,42
Seraphys,ravencrest,998,warrior,arms,28,12,16
Vrii,eredar,997,warrior,arms,23,12,11
Mixiko,khadgar,995,warrior,arms,23,11,12
Gvngx,zuljin,993,warrior,arms,71,21,50
Nyu,kirin-tor,991,warrior,arms,47,21,26
Ugbruk,blackhand,991,warrior,arms,33,14,19
Sepsys,eredar,991,warrior,arms,48,15,33
Тэсхард,blackscar,990,warrior,arms,30,19,11
Serpeiro,ravencrest,990,warrior,arms,34,11,23
Skarnir,blackhand,990,warrior,arms,47,14,33
Dazed,kazzak,989,warrior,arms,32,17,15
Knotteddickk,teldrassil,989,warrior,arms,23,11,12
Wfx,kazzak,989,warrior,arms,23,11,12
Noomel,twisting-nether,989,warrior,arms,138,65,73
Larkor,frostwolf,989,warrior,arms,79,31,48
Geicoo,dalaran,988,warrior,arms,56,29,27
Nelfx,aggra-português,985,warrior,arms,110,56,54
Ätreides,sanguino,985,warrior,arms,29,11,18
Vorns,silvermoon,984,warrior,arms,22,11,11
Roninwar,the-maelstrom,981,warrior,arms,31,16,15
Dearmooses,stormscale,980,warrior,arms,48,26,22
Oldhatreds,twisting-nether,979,warrior,arms,22,11,11
Fairly,burning-blade,977,warrior,arms,24,12,12
Chocoroko,draenor,977,warrior,arms,54,21,33
Thewitcher,stormscale,973,warrior,arms,30,11,19
Fknmoo,kazzak,971,warrior,arms,62,31,31
Tinkley,quelthalas,969,warrior,arms,21,11,10
Mangore,tyrande,969,warrior,arms,76,34,42
Warsky,archimonde,968,warrior,arms,42,24,18
Dariusvolt,argent-dawn,965,warrior,arms,71,34,37
Chipstjuven,tarren-mill,963,warrior,arms,25,11,14
Àke,darksorrow,963,warrior,arms,36,13,23
Valtýr,skullcrusher,961,warrior,arms,29,17,12
Dj,ragnaros,961,warrior,arms,30,16,14
Dreadshanks,doomhammer,961,warrior,arms,60,31,29
Executeme,sylvanas,961,warrior,arms,36,18,18
Wintertimex,stormscale,960,warrior,arms,12,10,2
Schero,aegwynn,960,warrior,arms,12,10,2
Bigschnäbi,blackhand,960,warrior,arms,12,10,2
Keanew,tarren-mill,960,warrior,arms,12,10,2
Milant,antonidas,960,warrior,arms,18,10,8
Broarextiger,ragnaros,960,warrior,arms,18,10,8
Joelopes,archimonde,960,warrior,arms,18,10,8
Oneoneseven,archimonde,960,warrior,arms,18,10,8
Phalekxox,twisting-nether,960,warrior,arms,18,10,8
Jà,kazzak,960,warrior,arms,18,10,8
Tomsom,sanguino,960,warrior,arms,24,10,14
Andabad,silvermoon,960,warrior,arms,24,10,14
Repó,twisting-nether,960,warrior,arms,24,10,14
Brigitá,argent-dawn,960,warrior,arms,30,10,20
Anahkäs,archimonde,960,warrior,arms,30,10,20
Sereiz,tarren-mill,960,warrior,arms,30,10,20
Sindrener,ysondre,960,warrior,arms,30,10,20
Mbappé,dragonblight,959,warrior,arms,12,10,2
Axxtm,ravencrest,959,warrior,arms,18,10,8
Fearmedear,sylvanas,959,warrior,arms,18,10,8
Chadgrave,argent-dawn,959,warrior,arms,18,10,8
Bíanco,blackrock,959,warrior,arms,18,10,8
Raul,ravencrest,959,warrior,arms,18,10,8
Trushk,antonidas,959,warrior,arms,18,10,8
Duckyone,zenedar,959,warrior,arms,18,10,8
Fizé,blackmoore,959,warrior,arms,18,10,8
Zdi,blackrock,959,warrior,arms,18,10,8
Renatoma,stormscale,959,warrior,arms,21,10,11
Gór,area-52,959,warrior,arms,24,10,14
Оманко,howling-fjord,959,warrior,arms,24,10,14
Nashgrim,blackrock,959,warrior,arms,24,10,14
Deackinw,kazzak,959,warrior,arms,24,10,14
Kamïlio,stormscale,959,warrior,arms,24,10,14
Warhero,burning-legion,959,warrior,arms,24,10,14
Легендор,howling-fjord,959,warrior,arms,24,10,14
Boonur,arthas,959,warrior,arms,24,10,14
Carksn,blackmoore,959,warrior,arms,28,11,17
Vlorgboi,drakthul,959,warrior,arms,30,10,20
Péridotruite,hyjal,959,warrior,arms,30,10,20
Garou,uldum,958,warrior,arms,12,10,2
Autístickid,aegwynn,958,warrior,arms,12,10,2
Hyogan,malganis,958,warrior,arms,18,10,8
Hanna,argent-dawn,958,warrior,arms,18,10,8
Betonica,burning-legion,958,warrior,arms,18,10,8
Hamilton,bronzebeard,958,warrior,arms,18,10,8
Zeekar,ravencrest,958,warrior,arms,18,10,8
Mashooxd,archimonde,958,warrior,arms,18,10,8
Darlith,azshara,958,warrior,arms,18,10,8
Braindeady,burning-legion,958,warrior,arms,18,10,8
Rswar,archimonde,958,warrior,arms,18,10,8
Shorrag,outland,958,warrior,arms,18,10,8
Blacksliide,blackmoore,958,warrior,arms,18,10,8
Majestatix,doomhammer,958,warrior,arms,18,10,8
Gorlemar,blackmoore,958,warrior,arms,18,10,8
Xilquib,darksorrow,958,warrior,arms,18,10,8
Fiverare,stormscale,958,warrior,arms,18,10,8
Порицающий,soulflayer,958,warrior,arms,22,11,11
Bavet,sylvanas,958,warrior,arms,25,11,14
Leapling,blackmoore,958,warrior,arms,24,10,14
Slappcuzz,blackrock,958,warrior,arms,24,10,14
Onidrake,nemesis,958,warrior,arms,24,10,14
Warristyles,arygos,958,warrior,arms,24,10,14
ßbç,ysondre,958,warrior,arms,24,10,14
Sezomih,outland,958,warrior,arms,25,10,15
Kaylì,ravencrest,958,warrior,arms,30,10,20
Bânkai,aegwynn,958,warrior,arms,30,10,20
Rowr,argent-dawn,958,warrior,arms,30,10,20
Ermòr,ravencrest,958,warrior,arms,30,10,20
Ølolo,stormscale,957,warrior,arms,15,11,4
Nezriq,neptulon,957,warrior,arms,18,10,8
Дотаветеран,soulflayer,957,warrior,arms,18,10,8
Qvicfrito,ravencrest,957,warrior,arms,18,10,8
Zevlovéx,kazzak,957,warrior,arms,18,10,8
Gipsylove,twisting-nether,957,warrior,arms,18,10,8
Makote,uldum,957,warrior,arms,18,10,8
Zamorák,twisting-nether,957,warrior,arms,24,10,14
Ðam,kazzak,957,warrior,arms,24,10,14
Iuliaa,ravencrest,957,warrior,arms,24,10,14
Executorä,stormscale,957,warrior,arms,27,10,17
Topozugzug,tarren-mill,957,warrior,arms,30,10,20
Sanguìnius,nemesis,957,warrior,arms,30,10,20
Bolvarson,malganis,957,warrior,arms,30,10,20
Roshas,twisting-nether,956,warrior,arms,18,10,8
Berzker,ragnaros,956,warrior,arms,18,10,8
Anndersen,defias-brotherhood,956,warrior,arms,18,10,8
Lucasqt,magtheridon,956,warrior,arms,18,10,8
Utero,drakthul,956,warrior,arms,24,10,14
Nadelicious,kazzak,956,warrior,arms,24,10,14
Quihc,outland,956,warrior,arms,24,10,14
Текайко,eversong,956,warrior,arms,24,10,14
Mìsà,ysondre,956,warrior,arms,29,10,19
Deanx,ragnaros,955,warrior,arms,18,10,8
Nightbeard,twisting-nether,955,warrior,arms,18,10,8
Асхана,howling-fjord,955,warrior,arms,18,10,8
Odonko,blackmoore,955,warrior,arms,60,29,31
Lovkal,twisting-nether,955,warrior,arms,24,10,14
Gramrosh,eredar,955,warrior,arms,24,10,14
Xarmog,hyjal,955,warrior,arms,24,10,14
Vectus,zuljin,955,warrior,arms,24,10,14
Neíd,malganis,955,warrior,arms,30,10,20
Fluffycute,blackhand,955,warrior,arms,30,10,20
Rawne,kirin-tor,954,warrior,arms,18,10,8
Zyn,outland,954,warrior,arms,18,10,8
Smob,ragnaros,954,warrior,arms,18,10,8
Zutto,conseil-des-ombres,954,warrior,arms,18,10,8
Protecmoo,drakthul,954,warrior,arms,24,10,14
Grimlyr,twisting-nether,954,warrior,arms,24,10,14
Djarenn,defias-brotherhood,954,warrior,arms,24,10,14
Труперсила,howling-fjord,954,warrior,arms,24,10,14
Ôwndbylx,aegwynn,954,warrior,arms,27,11,16
Vlajko,kazzak,954,warrior,arms,36,13,23
Yngvar,darksorrow,954,warrior,arms,30,10,20
Øfè,ysondre,954,warrior,arms,30,10,20
Camaon,outland,953,warrior,arms,18,10,8
Æxcoast,ravencrest,953,warrior,arms,30,10,20
Blanchysnow,hyjal,952,warrior,arms,18,10,8
Ginò,stormscale,952,warrior,arms,18,10,8
Decreased,dun-modr,952,warrior,arms,18,10,8
Unkmòr,pozzo-delleternità,952,warrior,arms,42,22,20
Lydianite,stormrage,952,warrior,arms,24,10,14
Hexzo,ravencrest,952,warrior,arms,24,10,14
Эсканорд,gordunni,952,warrior,arms,62,23,39
Rayenna,dalaran,951,warrior,arms,12,10,2
Думрайт,gordunni,951,warrior,arms,18,10,8
Fluxerella,azjolnerub,951,warrior,arms,18,10,8
Tchral,burning-legion,951,warrior,arms,24,10,14
Sentenzah,arakarahm,951,warrior,arms,24,10,14
Tonberry,frostwolf,950,warrior,arms,24,10,14
Zerm,draenor,949,warrior,arms,18,10,8
Gilgarez,twisting-nether,949,warrior,arms,24,10,14
Purjon,twilights-hammer,949,warrior,arms,30,10,20
Zargala,stormscale,948,warrior,arms,18,10,8
Smaugman,nemesis,948,warrior,arms,88,37,51
Qvil,sanguino,948,warrior,arms,93,31,62
Pyxis,argent-dawn,947,warrior,arms,24,10,14
Obitron,argent-dawn,947,warrior,arms,24,10,14
Omglolnoob,magtheridon,946,warrior,arms,26,10,16
Kirix,aegwynn,944,warrior,arms,30,14,16
Warrgob,outland,944,warrior,arms,30,10,20
Jackycoke,blackhand,943,warrior,arms,30,10,20
Rajaka,archimonde,942,warrior,arms,24,11,13
Dorya,aegwynn,942,warrior,arms,23,10,13
Pedergun,defias-brotherhood,940,warrior,arms,18,10,8
Илийя,razuvious,940,warrior,arms,29,10,19
Braûsepulver,guldan,939,warrior,arms,72,34,38
Shieldwall,norgannon,935,warrior,arms,36,20,16
Kharmog,hyjal,935,warrior,arms,30,10,20
Kaerz,ysondre,934,warrior,arms,18,10,8
Vooice,sylvanas,933,warrior,arms,29,10,19
Bubciu,burning-legion,932,warrior,arms,30,10,20
Lapyy,drakthul,931,warrior,arms,36,18,18
Kreaten,chamber-of-aspects,931,warrior,arms,96,35,61
Йомхар,howling-fjord,931,warrior,arms,30,10,20
Kvanyrius,archimonde,930,warrior,arms,36,10,26
Bitethedust,darkspear,930,warrior,arms,42,10,32
Bòónki,ravencrest,929,warrior,arms,84,38,46
Боевойму,howling-fjord,928,warrior,arms,32,11,21
Randrion,blackrock,927,warrior,arms,17,10,7
Glavý,burning-legion,927,warrior,arms,22,10,12
Ganik,malganis,927,warrior,arms,23,10,13
Rèlion,pozzo-delleternità,926,warrior,arms,21,11,10
Джеймсчейз,blackscar,926,warrior,arms,23,10,13
Léonie,arakarahm,924,warrior,arms,23,10,13
Ørkk,pozzo-delleternità,923,warrior,arms,14,11,3
Perseó,minahonda,920,warrior,arms,78,29,49
Orcaz,eredar,920,warrior,arms,30,10,20
Raufí,antonidas,918,warrior,arms,60,31,29
Abelgf,exodar,918,warrior,arms,32,12,20
Gizmaxe,tarren-mill,916,warrior,arms,20,11,9
Tengriy,wildhammer,915,warrior,arms,14,11,3
Takashia,ravencrest,915,warrior,arms,22,11,11
Авврорра,gordunni,913,warrior,arms,79,42,37
Hammerfíst,kazzak,913,warrior,arms,112,53,59
Imbakarimbá,blackrock,913,warrior,arms,23,10,13
Zouo,blackhand,911,warrior,arms,23,10,13
Mölntuss,emeriss,911,warrior,arms,29,10,19
Wulfgâr,dun-modr,907,warrior,arms,42,22,20
Dolforden,burning-legion,907,warrior,arms,23,10,13
Justop,ravencrest,907,warrior,arms,23,10,13
Durmithor,silvermoon,906,warrior,arms,35,10,25
Энлами,gordunni,905,warrior,arms,21,10,11
Glut,drakthul,905,warrior,arms,24,11,13
Elsinner,ravencrest,905,warrior,arms,35,10,25
Zêrklatscher,lordaeron,905,warrior,arms,48,12,36
Aemirage,doomhammer,904,warrior,arms,84,44,40
Hulkkis,outland,904,warrior,arms,32,11,21
Искристый,howling-fjord,903,warrior,arms,18,11,7
Cryze,ravencrest,903,warrior,arms,21,10,11
Spoofie,doomhammer,903,warrior,arms,27,10,17
Adrï,draenor,901,warrior,arms,124,63,61
Ileei,kazzak,901,warrior,arms,38,12,26
Cowlunderowl,tarren-mill,900,warrior,arms,32,11,21
Shtygar,doomhammer,898,warrior,arms,36,13,23
Manymen,outland,896,warrior,arms,66,27,39
Алол,gordunni,894,warrior,arms,16,10,6
Razecraz,ysondre,894,warrior,arms,18,11,7
Биграма,howling-fjord,890,warrior,arms,26,10,16
Zhønya,aegwynn,889,warrior,arms,23,10,13
Pigleto,ravencrest,888,warrior,arms,63,27,36
Рагнарульв,gordunni,885,warrior,arms,14,10,4
Дотрен,galakrond,883,warrior,arms,42,20,22
Rejectofrage,ragnaros,882,warrior,arms,60,26,34
Nebezpeka,silvermoon,878,warrior,arms,19,10,9
Kenzai,aegwynn,878,warrior,arms,25,10,15
Spartazo,turalyon,873,warrior,arms,48,18,30
Sangarane,archimonde,868,warrior,arms,27,14,13
Bazsika,ragnaros,865,warrior,arms,66,23,43
Zeetx,les-clairvoyants,864,warrior,arms,12,9,3
Naum,draenor,864,warrior,arms,12,9,3
Marqinios,archimonde,864,warrior,arms,12,9,3
Drvx,twisting-nether,864,warrior,arms,12,9,3
Hornkesh,draenor,864,warrior,arms,12,9,3
Gladwfriends,ravencrest,864,warrior,arms,12,9,3
Antìcìdè,ravencrest,864,warrior,arms,12,9,3
Jhoakim,argent-dawn,864,warrior,arms,12,9,3
Necrio,kazzak,864,warrior,arms,18,9,9
Precel,burning-legion,864,warrior,arms,18,9,9
Khalidax,hyjal,864,warrior,arms,18,9,9
Balenciarmor,silvermoon,864,warrior,arms,18,9,9
Trensexual,twisting-nether,864,warrior,arms,18,9,9
Данзетар,howling-fjord,864,warrior,arms,18,9,9
Casty,blackrock,864,warrior,arms,18,9,9
Moldamis,blackhand,864,warrior,arms,18,9,9
Psinovich,sylvanas,864,warrior,arms,18,9,9
Kayhw,stormscale,864,warrior,arms,18,9,9
Émalkay,tarren-mill,864,warrior,arms,18,9,9
Zorn,blackmoore,864,warrior,arms,18,9,9
Ирклейн,howling-fjord,864,warrior,arms,18,9,9
Bâyer,burning-legion,864,warrior,arms,18,9,9
Dmgsponge,stormscale,864,warrior,arms,24,9,15
Rágnør,blackrock,864,warrior,arms,24,9,15
Комбобрэйкер,grom,864,warrior,arms,24,9,15
Zåk,stormscale,864,warrior,arms,24,9,15
Vikktor,doomhammer,864,warrior,arms,24,9,15
Tenthøusand,sylvanas,864,warrior,arms,24,9,15
Bandfør,archimonde,863,warrior,arms,12,9,3
Kaloche,hyjal,863,warrior,arms,18,9,9
Elpap,draenor,863,warrior,arms,18,9,9
Pexqt,blackmoore,863,warrior,arms,18,9,9
Drøgma,tyrande,863,warrior,arms,18,9,9
Theolcostaud,archimonde,863,warrior,arms,18,9,9
Punisherhulk,stormscale,863,warrior,arms,18,9,9
Wisemanx,draenor,863,warrior,arms,18,9,9
Deathgreyø,nemesis,863,warrior,arms,18,9,9
Shanai,silvermoon,863,warrior,arms,18,9,9
Mjol,silvermoon,863,warrior,arms,18,9,9
Warbigboss,draenor,863,warrior,arms,18,9,9
Cebystance,kazzak,863,warrior,arms,18,9,9
Battleox,stormscale,863,warrior,arms,18,9,9
Хастурхотеп,gordunni,863,warrior,arms,18,9,9
Дейниксис,howling-fjord,863,warrior,arms,18,9,9
Elesharde,sanguino,863,warrior,arms,21,10,11
Pacheco,eredar,863,warrior,arms,21,10,11
Valyron,ravencrest,863,warrior,arms,22,9,13
Darkblader,dalvengyr,863,warrior,arms,24,9,15
Ajhogan,ravencrest,863,warrior,arms,24,9,15
Smásher,frostmourne,863,warrior,arms,24,9,15
Johnfogerty,twisting-nether,863,warrior,arms,24,9,15
Nârmøra,thrall,863,warrior,arms,24,9,15
Shiikaa,hyjal,863,warrior,arms,24,9,15
Øzak,outland,863,warrior,arms,24,9,15
Duaig,pozzo-delleternità,863,warrior,arms,24,9,15
Belmont,doomhammer,863,warrior,arms,24,9,15
Borndet,eredar,863,warrior,arms,24,9,15
Jashin,hellfire,863,warrior,arms,30,9,21
Nyxo,argent-dawn,863,warrior,arms,30,9,21
Adalyn,azjolnerub,862,warrior,arms,12,9,3
Prag,silvermoon,862,warrior,arms,22,11,11
Tuncis,aszune,862,warrior,arms,18,9,9
Delarosa,drakthul,862,warrior,arms,18,9,9
Fidicenz,ysondre,862,warrior,arms,18,9,9
Veeg,blackmoore,862,warrior,arms,18,9,9
Onkra,malganis,862,warrior,arms,18,9,9
Bekkey,lightbringer,862,warrior,arms,24,9,15
Камрадшторм,borean-tundra,862,warrior,arms,24,9,15
Rezume,ravencrest,862,warrior,arms,24,9,15
Realdrdob,kazzak,862,warrior,arms,24,9,15
Slowfeet,stormscale,861,warrior,arms,12,9,3
Nêlê,thrall,861,warrior,arms,18,9,9
Nêgan,stormscale,861,warrior,arms,18,9,9
Mortaal,frostmane,861,warrior,arms,18,9,9
Payßack,drakthul,861,warrior,arms,18,9,9
Sax,ravencrest,861,warrior,arms,18,9,9
Santorro,drakthul,861,warrior,arms,24,9,15
Мономер,soulflayer,861,warrior,arms,24,9,15
Zalameh,sylvanas,861,warrior,arms,24,9,15
Kundrakiz,kazzak,861,warrior,arms,27,10,17
Amar,azuremyst,861,warrior,arms,29,10,19
Bigbaduglyy,twisting-nether,861,warrior,arms,30,9,21
Andoror,nemesis,860,warrior,arms,18,9,9
Bezark,kazzak,860,warrior,arms,18,9,9
Emmá,neptulon,860,warrior,arms,18,9,9
Arrhennius,kazzak,860,warrior,arms,18,9,9
Zersei,los-errantes,860,warrior,arms,24,9,15
Казырной,soulflayer,860,warrior,arms,24,9,15
Woopzi,twisting-nether,860,warrior,arms,36,9,27
Jarlerkin,ragnaros,859,warrior,arms,18,9,9
Waxxo,frostwolf,859,warrior,arms,18,9,9
Stits,chromaggus,859,warrior,arms,18,9,9
Brúgar,antonidas,859,warrior,arms,24,9,15
Isidoro,ravencrest,859,warrior,arms,24,9,15
Маханхет,soulflayer,859,warrior,arms,24,9,15
Дрекзот,howling-fjord,858,warrior,arms,15,10,5
Crud,die-silberne-hand,858,warrior,arms,18,9,9
Ozok,blackrock,858,warrior,arms,24,9,15
Kronnosh,tarren-mill,857,warrior,arms,12,9,3
Варбыкмашина,howling-fjord,857,warrior,arms,18,9,9
Hellevorn,hyjal,857,warrior,arms,18,9,9
Ruioz,draenor,857,warrior,arms,24,9,15
Marcusk,thunderhorn,857,warrior,arms,24,9,15
Tweener,azjolnerub,856,warrior,arms,20,9,11
Bladestorm,dun-morogh,856,warrior,arms,24,9,15
Chrimo,silvermoon,856,warrior,arms,30,9,21
Gucix,tarren-mill,855,warrior,arms,18,9,9
Pvpstyle,bloodscalp,855,warrior,arms,24,9,15
Bashion,ghostlands,855,warrior,arms,42,14,28
Bjornn,azjolnerub,854,warrior,arms,18,9,9
Discogoon,twilights-hammer,854,warrior,arms,87,32,55
Ruuster,norgannon,853,warrior,arms,30,9,21
Janeu,nozdormu,852,warrior,arms,18,9,9
Экзекутэр,soulflayer,852,warrior,arms,24,9,15
Syforce,ravencrest,850,warrior,arms,18,9,9
Warclone,ravencrest,850,warrior,arms,18,9,9
Warriotrix,tarren-mill,849,warrior,arms,31,12,19
Goodvibez,silvermoon,848,warrior,arms,30,9,21
Poör,silvermoon,847,warrior,arms,18,9,9
Имяужезанято,gordunni,846,warrior,arms,17,9,8
Orchëstre,eitrigg,846,warrior,arms,238,118,120
Cléveland,argent-dawn,845,warrior,arms,22,10,12
Короноварус,greymane,842,warrior,arms,42,19,23
Badazz,thunderhorn,842,warrior,arms,24,9,15
Xienia,dun-morogh,841,warrior,arms,30,10,20
Îwar,ysondre,837,warrior,arms,42,9,33
Leesh,ravenholdt,836,warrior,arms,60,26,34
Marciano,dalaran,835,warrior,arms,18,9,9
Лесковер,howling-fjord,831,warrior,arms,23,9,14
Badroch,kazzak,831,warrior,arms,29,9,20
Watsabe,kazzak,829,warrior,arms,23,9,14
Greeneroi,khaz-modan,829,warrior,arms,35,9,26
Overdose,anetheron,827,warrior,arms,17,10,7
Arschal,khaz-modan,823,warrior,arms,38,17,21
Turøc,illidan,820,warrior,arms,30,11,19
Schmelzlord,thrall,816,warrior,arms,21,9,12
Tanoras,kazzak,815,warrior,arms,17,9,8
Darkmidgét,silvermoon,815,warrior,arms,21,9,12
Mikehawk,les-clairvoyants,815,warrior,arms,23,9,14
Knegt,stormreaver,815,warrior,arms,27,10,17
Станеслав,gordunni,810,warrior,arms,23,9,14
Patriotdk,runetotem,808,warrior,arms,149,59,90
Wärlør,ravencrest,807,warrior,arms,25,10,15
Naturesfault,ravencrest,799,warrior,arms,14,9,5
Actuallyorc,twisting-nether,799,warrior,arms,14,9,5
Слэймодх,howling-fjord,799,warrior,arms,17,9,8
Kixx,twisting-nether,799,warrior,arms,42,17,25
Skullhammer,burning-legion,799,warrior,arms,24,9,15
Jiñnx,outland,798,warrior,arms,11,9,2
Ragnarr,ravencrest,798,warrior,arms,22,9,13
Fürchtenix,blackmoore,798,warrior,arms,26,9,17
Ahmedmohsen,kazzak,796,warrior,arms,20,9,11
Ispor,shattered-halls,791,warrior,arms,131,60,71
Yuushi,doomhammer,789,warrior,arms,34,14,20
Кейнорин,howling-fjord,789,warrior,arms,28,9,19
Finalsmasher,thrall,784,warrior,arms,42,16,26
Tynyas,dalaran,782,warrior,arms,103,48,55
Panduf,rashgarroth,781,warrior,arms,11,9,2
Brutariz,silvermoon,778,warrior,arms,19,9,10
Dlstroyer,eonar,776,warrior,arms,24,10,14
Отвечай,gordunni,768,warrior,arms,12,8,4
Бигбэйбитейп,greymane,768,warrior,arms,12,8,4
Ryuuzetsu,drakthul,768,warrior,arms,12,8,4
Меффект,howling-fjord,768,warrior,arms,12,8,4
Sevenheavy,draenor,768,warrior,arms,12,8,4
Kultywator,silvermoon,768,warrior,arms,12,8,4
Curelia,malganis,768,warrior,arms,12,8,4
Bigdøngfur,archimonde,768,warrior,arms,12,8,4
Shreedshot,blackmoore,768,warrior,arms,12,8,4
Ballin,dragonblight,768,warrior,arms,12,8,4
Выбьюглазик,gordunni,768,warrior,arms,12,8,4
Dagon,gorgonnash,768,warrior,arms,12,8,4
Rageside,draenor,768,warrior,arms,12,8,4
Bulfwart,zuljin,768,warrior,arms,12,8,4
Muyubu,eredar,768,warrior,arms,12,8,4
Éliøkor,outland,768,warrior,arms,12,8,4
Beiskaldí,blackrock,768,warrior,arms,12,8,4
Piré,tarren-mill,768,warrior,arms,12,8,4
Audrin,twisting-nether,768,warrior,arms,12,8,4
Smorccroms,stormscale,768,warrior,arms,12,8,4
Spiokra,hellscream,768,warrior,arms,12,8,4
Syjin,antonidas,768,warrior,arms,12,8,4
Madßud,ravencrest,768,warrior,arms,14,8,6
Epicc,alleria,768,warrior,arms,18,8,10
Dréngr,blackrock,768,warrior,arms,18,8,10
Notzage,les-sentinelles,768,warrior,arms,18,8,10
Thanâtøs,kazzak,768,warrior,arms,18,8,10
Visari,kiljaeden,768,warrior,arms,18,8,10
Hønks,antonidas,768,warrior,arms,18,8,10
Aauv,twisting-nether,768,warrior,arms,18,8,10
Pablitø,silvermoon,768,warrior,arms,18,8,10
Belmønt,archimonde,768,warrior,arms,18,8,10
Steelride,silvermoon,768,warrior,arms,18,8,10
Maresur,burning-legion,768,warrior,arms,18,8,10
Fookyoup,stormscale,768,warrior,arms,18,8,10
Груббоб,booty-bay,768,warrior,arms,18,8,10
Vermis,stormscale,768,warrior,arms,18,8,10
Matrixer,aegwynn,768,warrior,arms,18,8,10
Ликано,greymane,768,warrior,arms,18,8,10
Андрюхабш,soulflayer,768,warrior,arms,18,8,10
Боссберс,howling-fjord,768,warrior,arms,18,8,10
Styxwr,blackhand,768,warrior,arms,18,8,10
Tehmountain,ravencrest,768,warrior,arms,18,8,10
Mkone,ravencrest,768,warrior,arms,18,8,10
Xdpromtius,dun-modr,768,warrior,arms,18,8,10
Cukrownik,defias-brotherhood,768,warrior,arms,18,8,10
Ваншотч,blackscar,768,warrior,arms,18,8,10
Гатсх,blackscar,768,warrior,arms,18,8,10
Kehnan,blackrock,768,warrior,arms,18,8,10
Nerfelepls,ravencrest,768,warrior,arms,21,9,12
Caffeinë,ravencrest,768,warrior,arms,24,8,16
Omgez,grim-batol,768,warrior,arms,24,8,16
Galiusx,malganis,768,warrior,arms,24,8,16
Leavyu,silvermoon,768,warrior,arms,24,8,16
Cleix,frostwolf,768,warrior,arms,24,8,16
Глейс,gordunni,768,warrior,arms,24,8,16
Elinyar,aegwynn,768,warrior,arms,24,8,16
Currarms,aegwynn,768,warrior,arms,25,8,17
Critwar,draenor,767,warrior,arms,12,8,4
Helenius,ravencrest,767,warrior,arms,12,8,4
Atzex,blackmoore,767,warrior,arms,12,8,4
Sená,stormscale,767,warrior,arms,12,8,4
Huevon,draenor,767,warrior,arms,12,8,4
Pílot,ravencrest,767,warrior,arms,12,8,4
Smikka,jaedenar,767,warrior,arms,12,8,4
Druubak,aggra-português,767,warrior,arms,12,8,4
Barvaron,argent-dawn,767,warrior,arms,12,8,4
Dikastis,kul-tiras,767,warrior,arms,15,9,6
Yasuk,archimonde,767,warrior,arms,18,8,10
Hellripper,antonidas,767,warrior,arms,18,8,10
Tomhankz,ravencrest,767,warrior,arms,18,8,10
Achîlles,twisting-nether,767,warrior,arms,18,8,10
Kunodontas,draenor,767,warrior,arms,18,8,10
Снорре,soulflayer,767,warrior,arms,18,8,10
Horseye,eredar,767,warrior,arms,18,8,10
Jjokkerr,magtheridon,767,warrior,arms,18,8,10
Dtraque,kaelthas,767,warrior,arms,18,8,10
Fullfäyä,hyjal,767,warrior,arms,18,8,10
Mòrzàr,outland,767,warrior,arms,18,8,10
Scràvity,blackhand,767,warrior,arms,18,8,10
Akim,ysondre,767,warrior,arms,18,8,10
Hermosse,dalaran,767,warrior,arms,18,8,10
Màgh,ravencrest,767,warrior,arms,18,8,10
ßzv,veklor,767,warrior,arms,18,8,10
Nameless,malganis,767,warrior,arms,18,8,10
Oxey,ragnaros,767,warrior,arms,18,8,10
Broxiw,darkspear,767,warrior,arms,18,8,10
Litlijón,ravencrest,767,warrior,arms,18,8,10
Craíne,antonidas,767,warrior,arms,18,8,10
Alexwar,draenor,767,warrior,arms,18,8,10
Whiteowlx,argent-dawn,767,warrior,arms,18,8,10
Ericmontana,draenor,767,warrior,arms,18,8,10
Coko,kirin-tor,767,warrior,arms,18,8,10
Josimar,kazzak,767,warrior,arms,18,8,10
Instamerk,doomhammer,767,warrior,arms,18,8,10
Kalopsia,drakthul,767,warrior,arms,18,8,10
Recklessness,drakthul,767,warrior,arms,18,8,10
Барнаул,gordunni,767,warrior,arms,18,8,10
Бокалпивка,soulflayer,767,warrior,arms,21,9,12
Kaske,alexstrasza,767,warrior,arms,23,8,15
Woximus,ravencrest,767,warrior,arms,24,8,16
Rylbrah,blackmoore,767,warrior,arms,24,8,16
Spacemachine,kazzak,767,warrior,arms,24,8,16
Nuhilug,tarren-mill,767,warrior,arms,24,8,16
Celean,darksorrow,766,warrior,arms,12,8,4
Dwarphex,outland,766,warrior,arms,12,8,4
Weedshoter,burning-legion,766,warrior,arms,12,8,4
Дядядмг,blackscar,766,warrior,arms,12,8,4
Bonkonator,stormscale,766,warrior,arms,12,8,4
Chargelife,sylvanas,766,warrior,arms,12,8,4
Newgáte,silvermoon,766,warrior,arms,12,8,4
Brutalx,twisting-nether,766,warrior,arms,14,8,6
Gùts,stormreaver,766,warrior,arms,18,8,10
Хэлвид,soulflayer,766,warrior,arms,18,8,10
Vohok,jaedenar,766,warrior,arms,18,8,10
Kíngsafa,rexxar,766,warrior,arms,18,8,10
Byrnjolf,zuljin,766,warrior,arms,18,8,10
Rageaholic,blackmoore,766,warrior,arms,18,8,10
Тевивар,gordunni,766,warrior,arms,18,8,10
Zion,zenedar,766,warrior,arms,18,8,10
Mino,theradras,766,warrior,arms,18,8,10
Beamis,ragnaros,766,warrior,arms,18,8,10
Zerxees,tarren-mill,766,warrior,arms,18,8,10
Kekzero,kazzak,766,warrior,arms,24,8,16
Smarkz,nemesis,766,warrior,arms,24,8,16
Alkuwaity,outland,766,warrior,arms,24,8,16
Нэиро,howling-fjord,766,warrior,arms,24,8,16
Heracles,jaedenar,766,warrior,arms,24,8,16
Xongoku,blackrock,765,warrior,arms,12,8,4
Lîliana,ysondre,765,warrior,arms,12,8,4
Exeqty,the-maelstrom,765,warrior,arms,18,8,10
Arnnau,dun-modr,765,warrior,arms,18,8,10
Jólasveinn,saurfang,765,warrior,arms,18,8,10
Tyranitar,pozzo-delleternità,765,warrior,arms,18,8,10
Fortësque,uldaman,765,warrior,arms,18,8,10
Smaxi,kazzak,765,warrior,arms,18,8,10
Woosaah,ravencrest,765,warrior,arms,22,9,13
Wifioffline,silvermoon,765,warrior,arms,24,8,16
Кордупэль,gordunni,765,warrior,arms,24,8,16
Feydal,thrall,765,warrior,arms,24,8,16
Younes,ravencrest,765,warrior,arms,24,8,16
Hirbus,ravencrest,765,warrior,arms,25,8,17
Kotto,defias-brotherhood,765,warrior,arms,30,8,22
Havooc,ragnaros,764,warrior,arms,12,8,4
Lucciouss,sylvanas,764,warrior,arms,12,8,4
Berree,outland,764,warrior,arms,18,8,10
Tinull,silvermoon,764,warrior,arms,24,8,16
Okke,thunderhorn,764,warrior,arms,24,8,16
Evvii,terenas,764,warrior,arms,24,8,16
Gnomzilla,blackhand,764,warrior,arms,24,8,16
Lìón,blackhand,764,warrior,arms,24,8,16
Empero,draenor,763,warrior,arms,18,8,10
Giggadaddy,tarren-mill,763,warrior,arms,18,8,10
Ireincarnate,argent-dawn,763,warrior,arms,18,8,10
Ripper,scarshield-legion,763,warrior,arms,30,8,22
Leyon,blades-edge,762,warrior,arms,12,8,4
Boindal,senjin,762,warrior,arms,18,8,10
Auriwariah,silvermoon,762,warrior,arms,18,8,10
Previse,argent-dawn,762,warrior,arms,18,8,10
Даммодар,howling-fjord,762,warrior,arms,18,8,10
Bigbibbs,tarren-mill,762,warrior,arms,24,8,16
Danoriix,drakthul,762,warrior,arms,24,8,16
Deasyo,thrall,762,warrior,arms,24,8,16
Øruch,draenor,761,warrior,arms,18,8,10
Grimdorf,frostmane,761,warrior,arms,24,8,16
Encounter,nefarian,760,warrior,arms,12,8,4
Alhexander,dun-modr,760,warrior,arms,18,8,10
Glevran,turalyon,760,warrior,arms,24,8,16
Alysa,ravencrest,760,warrior,arms,24,8,16
Грруд,galakrond,760,warrior,arms,24,8,16
Машамеч,blackscar,760,warrior,arms,30,8,22
Ceteris,eredar,759,warrior,arms,12,8,4
Maelvos,ravencrest,758,warrior,arms,18,8,10
Wilæm,argent-dawn,758,warrior,arms,18,8,10
Thok,blades-edge,758,warrior,arms,24,8,16
Brando907534,kazzak,757,warrior,arms,24,8,16
Upturn,ravencrest,757,warrior,arms,24,8,16
Poluneikos,turalyon,755,warrior,arms,24,8,16
Pmk,pozzo-delleternità,755,warrior,arms,31,8,23
Pappkopf,rexxar,753,warrior,arms,24,8,16
Mathej,drakthul,751,warrior,arms,17,8,9
Alothar,khaz-modan,751,warrior,arms,100,41,59
Calipp,die-aldor,750,warrior,arms,24,8,16
Batourga,marécage-de-zangar,749,warrior,arms,29,8,21
Shadrassil,eonar,747,warrior,arms,18,8,10
Дедсдрыном,howling-fjord,747,warrior,arms,23,8,15
Vcorvin,dun-modr,741,warrior,arms,24,8,16
Furraxx,elune,736,warrior,arms,18,8,10
Demonstðrm,silvermoon,735,warrior,arms,22,8,14
Hazzaogx,draenor,735,warrior,arms,23,8,15
Gaarrossh,kazzak,735,warrior,arms,29,8,21
Eltaré,hyjal,734,warrior,arms,14,9,5
Megaloddon,ravencrest,734,warrior,arms,17,8,9
Юигама,gordunni,734,warrior,arms,17,8,9
Madict,outland,733,warrior,arms,18,8,10
Bukî,blackmoore,732,warrior,arms,23,8,15
Punishers,ysondre,725,warrior,arms,288,117,171
Mugteef,der-rat-von-dalaran,719,warrior,arms,17,8,9
Karbeg,ravencrest,718,warrior,arms,21,8,13
Joblôb,guldan,717,warrior,arms,15,9,6
Железныйбард,gordunni,717,warrior,arms,23,8,15
Ahlda,hyjal,716,warrior,arms,27,8,19
Titanhaut,frostwolf,711,warrior,arms,17,8,9
Ferv,tarren-mill,703,warrior,arms,17,8,9
Goringbame,draenor,703,warrior,arms,20,8,12
Kyösti,defias-brotherhood,702,warrior,arms,14,8,6
Daxhter,sanguino,702,warrior,arms,20,8,12
Isoton,kazzak,702,warrior,arms,20,8,12
Рударим,gordunni,702,warrior,arms,20,8,12
Parabellum,dun-modr,701,warrior,arms,14,8,6
Stratic,blackmoore,697,warrior,arms,26,8,18
Блэйзерх,gordunni,688,warrior,arms,25,8,17
Melców,eredar,687,warrior,arms,11,8,3
Pemex,stormreaver,686,warrior,arms,13,8,5
Nukefun,blackrock,684,warrior,arms,16,8,8
Xiennas,stormscale,679,warrior,arms,19,9,10
Ryse,nemesis,672,warrior,arms,12,7,5
Slâkkxz,outland,672,warrior,arms,12,7,5
Itsamewario,outland,672,warrior,arms,12,7,5
Creekwarrior,twisting-nether,672,warrior,arms,12,7,5
Utz,blackrock,672,warrior,arms,12,7,5
Cleppepx,blackmoore,672,warrior,arms,12,7,5
Choklatballz,tarren-mill,672,warrior,arms,12,7,5
Engalxsol,tarren-mill,672,warrior,arms,12,7,5
Tandrak,ravencrest,672,warrior,arms,12,7,5
Динамикс,soulflayer,672,warrior,arms,12,7,5
Crøwñd,twisting-nether,672,warrior,arms,12,7,5
Unverbal,silvermoon,672,warrior,arms,12,7,5
Ragelol,aegwynn,672,warrior,arms,12,7,5
Djchmogodx,kazzak,672,warrior,arms,12,7,5
Chynora,blackmoore,672,warrior,arms,12,7,5
Nalanis,stormreaver,672,warrior,arms,12,7,5
Antïsøcial,thrall,672,warrior,arms,12,7,5
Кросвуд,gordunni,672,warrior,arms,12,7,5
Хашонвар,gordunni,672,warrior,arms,12,7,5
Бардеон,gordunni,672,warrior,arms,12,7,5
Thebigtosco,ravencrest,672,warrior,arms,12,7,5
Orelus,darkspear,672,warrior,arms,12,7,5
Chazbo,arakarahm,672,warrior,arms,12,7,5
Ðíñøðøng,ravencrest,672,warrior,arms,12,7,5
Trembolonio,sanguino,672,warrior,arms,12,7,5
Iamouz,ravencrest,672,warrior,arms,12,7,5
Chabonara,blackmoore,672,warrior,arms,12,7,5
Джераса,borean-tundra,672,warrior,arms,12,7,5
Fearmyrage,ragnaros,672,warrior,arms,12,7,5
Chuck,ravencrest,672,warrior,arms,12,7,5
Ðalf,sargeras,672,warrior,arms,12,7,5
Cleavnseagal,ravencrest,672,warrior,arms,12,7,5
Jäky,ragnaros,672,warrior,arms,12,7,5
Shewbynette,archimonde,672,warrior,arms,12,7,5
Blinkcharge,frostmane,672,warrior,arms,12,7,5
Neíd,antonidas,672,warrior,arms,12,7,5
Yoz,uldaman,672,warrior,arms,12,7,5
Arkalolz,hyjal,672,warrior,arms,12,7,5
Zlotjko,ravencrest,672,warrior,arms,12,7,5
Wtchmyblades,blackmoore,672,warrior,arms,12,7,5
Cruor,stormscale,672,warrior,arms,12,7,5
Masakerr,ragnaros,672,warrior,arms,12,7,5
Hekkarí,kazzak,672,warrior,arms,12,7,5
Smèdbérg,ravencrest,672,warrior,arms,12,7,5
Bubawarrior,silvermoon,672,warrior,arms,12,7,5
Ceen,alakir,672,warrior,arms,12,7,5
Lisera,thrall,672,warrior,arms,12,7,5
Shînsø,dalaran,672,warrior,arms,12,7,5
Sreym,dun-modr,672,warrior,arms,12,7,5
Morkzul,sanguino,672,warrior,arms,12,7,5
Azarek,blackmoore,672,warrior,arms,12,7,5
Tbomb,stormscale,672,warrior,arms,12,7,5
Whitefirecba,dun-modr,672,warrior,arms,12,7,5
Yazgah,blackmoore,672,warrior,arms,16,8,8
Lobsters,emeriss,672,warrior,arms,23,9,14
Thomasw,argent-dawn,672,warrior,arms,18,7,11
Twoonewin,ragnaros,672,warrior,arms,18,7,11
Danaüs,twisting-nether,672,warrior,arms,18,7,11
Warriorri,haomarush,672,warrior,arms,18,7,11
Wallenschöld,kazzak,672,warrior,arms,18,7,11
Warrieron,stormscale,672,warrior,arms,18,7,11
Darkwaar,hyjal,672,warrior,arms,18,7,11
Ranmaru,kazzak,672,warrior,arms,18,7,11
Avelint,burning-blade,672,warrior,arms,18,7,11
Bllué,ravencrest,672,warrior,arms,18,7,11
Xladérz,ravencrest,672,warrior,arms,18,7,11
Маньякубица,howling-fjord,672,warrior,arms,18,7,11
Вамвоосна,gordunni,672,warrior,arms,18,7,11
Skullsmasher,stormscale,672,warrior,arms,18,7,11
Kåïdø,ravencrest,672,warrior,arms,18,7,11
Kiha,argent-dawn,672,warrior,arms,18,7,11
Kamapulya,ravencrest,672,warrior,arms,18,7,11
Qwaggie,draenor,672,warrior,arms,18,7,11
Resttanis,arathor,672,warrior,arms,18,7,11
Warbender,twisting-nether,672,warrior,arms,18,7,11
Sóuler,blackhand,672,warrior,arms,18,7,11
Lalilulelo,argent-dawn,672,warrior,arms,18,7,11
Huxies,draenor,672,warrior,arms,18,7,11
Vaaýzx,blackrock,672,warrior,arms,18,7,11
Contdem,kazzak,672,warrior,arms,18,7,11
Sgbutcher,khaz-modan,672,warrior,arms,18,7,11
Ishi,archimonde,672,warrior,arms,18,7,11
Delfrion,pozzo-delleternità,672,warrior,arms,18,7,11
Goinhamx,blackhand,672,warrior,arms,18,7,11
Silencxý,blackrock,672,warrior,arms,18,7,11
Manký,kazzak,672,warrior,arms,18,7,11
Лайонхартед,soulflayer,672,warrior,arms,18,7,11
Unßörn,archimonde,672,warrior,arms,24,7,17
Fullepixx,outland,672,warrior,arms,24,7,17
Jeriko,archimonde,672,warrior,arms,24,7,17
Syfér,grim-batol,672,warrior,arms,24,7,17
Izurritea,tarren-mill,672,warrior,arms,24,7,17
Vøidwalker,ragnaros,672,warrior,arms,24,7,17
Gôrilla,kazzak,672,warrior,arms,30,7,23
Yotanwa,aegwynn,671,warrior,arms,12,7,5
Escà,archimonde,671,warrior,arms,12,7,5
Valí,drakthul,671,warrior,arms,12,7,5
Wårlord,ragnaros,671,warrior,arms,12,7,5
Morningstarr,malganis,671,warrior,arms,12,7,5
Pihvikostaja,stormreaver,671,warrior,arms,12,7,5
Schneklinge,blutkessel,671,warrior,arms,12,7,5
Вбубенбахен,gordunni,671,warrior,arms,12,7,5
Lamme,darksorrow,671,warrior,arms,12,7,5
Svobodabigz,draenor,671,warrior,arms,12,7,5
Hades,kazzak,671,warrior,arms,12,7,5
Сайлентлайтх,soulflayer,671,warrior,arms,12,7,5
Exether,auchindoun,671,warrior,arms,12,7,5
Dosenbier,gorgonnash,671,warrior,arms,12,7,5
Dukhe,sanguino,671,warrior,arms,12,7,5
Stèalthy,stormscale,671,warrior,arms,12,7,5
Schawar,draenor,671,warrior,arms,12,7,5
Altroox,malorne,671,warrior,arms,12,7,5
Greifax,eredar,671,warrior,arms,12,7,5
Gamôrà,eitrigg,671,warrior,arms,12,7,5
Когарт,gordunni,671,warrior,arms,12,7,5
Sakidx,dun-modr,671,warrior,arms,12,7,5
Remylacroix,blackrock,671,warrior,arms,12,7,5
Reykingar,outland,671,warrior,arms,12,7,5
Aëne,kirin-tor,671,warrior,arms,12,7,5
Bendeur,ysondre,671,warrior,arms,12,7,5
Grudu,la-croisade-écarlate,671,warrior,arms,12,7,5
Bulletpants,argent-dawn,671,warrior,arms,12,7,5
Vez,arathor,671,warrior,arms,12,7,5
Дисфория,soulflayer,671,warrior,arms,15,8,7
Akorax,frostwolf,671,warrior,arms,16,8,8
Khara,frostwolf,671,warrior,arms,18,7,11
Eyolf,thunderhorn,671,warrior,arms,18,7,11
Haris,malganis,671,warrior,arms,18,7,11
Qurujaa,kirin-tor,671,warrior,arms,18,7,11
Kishkamen,ravencrest,671,warrior,arms,18,7,11
Misiaczek,the-maelstrom,671,warrior,arms,18,7,11
Peppica,draenor,671,warrior,arms,18,7,11
Darriuso,kazzak,671,warrior,arms,18,7,11
Frimpongz,arathor,671,warrior,arms,18,7,11
Salsetti,nemesis,671,warrior,arms,18,7,11
Smushbrok,stormscale,671,warrior,arms,18,7,11
Titanioa,draenor,671,warrior,arms,18,7,11
Sydre,nerathor,671,warrior,arms,18,7,11
Ayawa,silvermoon,671,warrior,arms,18,7,11
Kattyparry,tarren-mill,671,warrior,arms,18,7,11
Плечастый,blackscar,671,warrior,arms,18,7,11
Kekwd,burning-legion,671,warrior,arms,18,7,11
Donczaszka,turalyon,671,warrior,arms,18,7,11
Porkchop,tarren-mill,671,warrior,arms,18,7,11
Jeyay,defias-brotherhood,671,warrior,arms,18,7,11
Segovaxx,twisting-nether,671,warrior,arms,18,7,11
Thorzaram,argent-dawn,671,warrior,arms,24,7,17
Aeons,darksorrow,671,warrior,arms,24,7,17
Jerololz,dun-modr,671,warrior,arms,24,7,17
Fracto,draenor,671,warrior,arms,24,7,17
Bisuko,archimonde,671,warrior,arms,24,7,17
Sadex,blackmoore,671,warrior,arms,24,7,17
Waelkøh,hyjal,670,warrior,arms,13,8,5
Lightit,aegwynn,670,warrior,arms,12,7,5
Haymaker,auchindoun,670,warrior,arms,12,7,5
Eldfast,bladefist,670,warrior,arms,12,7,5
Grunwi,burning-legion,670,warrior,arms,12,7,5
Cortix,blackmoore,670,warrior,arms,16,8,8
Therapyst,sylvanas,670,warrior,arms,18,7,11
Cesaro,blackhand,670,warrior,arms,18,7,11
Grafted,argent-dawn,670,warrior,arms,18,7,11
Sibbo,destromath,670,warrior,arms,18,7,11
Tartadwarf,blackhand,670,warrior,arms,18,7,11
Dâmso,archimonde,670,warrior,arms,18,7,11
Pattrock,blackmoore,670,warrior,arms,18,7,11
Adyx,the-maelstrom,670,warrior,arms,18,7,11
Clemmins,deathwing,670,warrior,arms,21,7,14
Чсвпони,blackscar,670,warrior,arms,24,7,17
Осгаард,gordunni,670,warrior,arms,30,7,23
Гениауч,eversong,670,warrior,arms,30,7,23
Rivelan,argent-dawn,669,warrior,arms,12,7,5
Laude,ragnaros,669,warrior,arms,12,7,5
Dêrion,blackmoore,669,warrior,arms,16,8,8
Mistäke,les-sentinelles,669,warrior,arms,18,7,11
Slappie,kiljaeden,669,warrior,arms,18,7,11
Zarani,antonidas,669,warrior,arms,18,7,11
Index,tarren-mill,669,warrior,arms,18,7,11
Árkantos,ravencrest,668,warrior,arms,12,7,5
Димаджер,razuvious,668,warrior,arms,12,7,5
Kavorkxen,argent-dawn,668,warrior,arms,12,7,5
Méfiat,hyjal,668,warrior,arms,12,7,5
Demirkol,outland,668,warrior,arms,15,8,7
Woukong,blackmoore,668,warrior,arms,18,7,11
Yeijing,culte-de-la-rive-noire,668,warrior,arms,18,7,11
Shpitzu,stormscale,668,warrior,arms,18,7,11
Releave,draenor,668,warrior,arms,18,7,11
Willraxx,draenor,668,warrior,arms,24,7,17
Axecuters,frostmane,667,warrior,arms,12,7,5
Láviana,aegwynn,667,warrior,arms,12,7,5
Piixxz,hyjal,667,warrior,arms,12,7,5
Papati,twisting-nether,667,warrior,arms,18,7,11
Nejd,alakir,666,warrior,arms,18,7,11
Djiozz,khaz-modan,666,warrior,arms,30,7,23
Nodance,doomhammer,665,warrior,arms,18,7,11
Erenowski,twisting-nether,663,warrior,arms,18,9,9
Rimz,blackmoore,663,warrior,arms,18,7,11
Buullz,twisting-nether,662,warrior,arms,18,7,11
Медэвил,deepholm,662,warrior,arms,18,7,11
Robthebruce,ravencrest,660,warrior,arms,18,7,11
Brindzema,doomhammer,657,warrior,arms,12,7,5
Paaki,archimonde,655,warrior,arms,23,7,16
Koboone,tarren-mill,654,warrior,arms,23,7,16
Thoon,teldrassil,650,warrior,arms,18,7,11
Mocka,veknilash,640,warrior,arms,16,7,9
Xiny,blackrock,638,warrior,arms,17,7,10
Манарет,gordunni,638,warrior,arms,17,7,10
Rugal,dragonmaw,636,warrior,arms,17,7,10
Eltitoyayo,dun-modr,633,warrior,arms,17,7,10
Боевыещёчки,eversong,627,warrior,arms,22,11,11
Bloodeater,sylvanas,623,warrior,arms,15,7,8
Stanislav,tarren-mill,623,warrior,arms,17,7,10
Grunkor,eldrethalas,623,warrior,arms,17,7,10
Indiannaa,draenor,622,warrior,arms,17,7,10
Vaxillium,argent-dawn,621,warrior,arms,17,7,10
Deadwily,twisting-nether,619,warrior,arms,20,8,12
Warwaw,twisting-nether,617,warrior,arms,20,8,12
Ragingqawk,outland,608,warrior,arms,16,7,9
Exekz,hyjal,607,warrior,arms,14,7,7
Matatorero,uldum,607,warrior,arms,16,7,9
Arashicage,emeriss,606,warrior,arms,14,7,7
Kegslayer,darksorrow,605,warrior,arms,14,7,7
Rhxy,burning-legion,605,warrior,arms,16,7,9
Olriksen,dentarg,590,warrior,arms,19,8,11
Gidra,stormscale,576,warrior,arms,6,6,0
Grrpow,sanguino,576,warrior,arms,6,6,0
Lubcifer,emeriss,576,warrior,arms,6,6,0
Selký,outland,576,warrior,arms,6,6,0
Ragebrand,ravencrest,576,warrior,arms,6,6,0
Uretirips,archimonde,576,warrior,arms,6,6,0
Watergate,ysondre,576,warrior,arms,6,6,0
Dulex,draenor,576,warrior,arms,6,6,0
Thebiggreen,twisting-nether,576,warrior,arms,12,6,6
Rakhaldin,blackhand,576,warrior,arms,12,6,6
Nialihau,ysondre,576,warrior,arms,12,6,6
Teysh,aggramar,576,warrior,arms,12,6,6
Earthshatter,emeriss,576,warrior,arms,12,6,6
Madswarr,tarren-mill,576,warrior,arms,12,6,6
Fankululu,kragjin,576,warrior,arms,12,6,6
Belov,hyjal,576,warrior,arms,12,6,6
Coolaa,kazzak,576,warrior,arms,12,6,6
Mogguh,tarren-mill,576,warrior,arms,12,6,6
Kleckzz,blackmoore,576,warrior,arms,12,6,6
Waranach,drakthul,576,warrior,arms,12,6,6
Urmankey,kazzak,576,warrior,arms,12,6,6
Sïmstärxzy,hakkar,576,warrior,arms,12,6,6
Pioneer,blackhand,576,warrior,arms,12,6,6
Teliese,argent-dawn,576,warrior,arms,12,6,6
Finmajor,frostwhisper,576,warrior,arms,12,6,6
Tùcky,ysondre,576,warrior,arms,12,6,6
Motx,blackmoore,576,warrior,arms,12,6,6
Радомель,gordunni,576,warrior,arms,12,6,6
Leetzorz,aszune,576,warrior,arms,12,6,6
Begotten,stormscale,576,warrior,arms,12,6,6
Fonky,sylvanas,576,warrior,arms,12,6,6
Darkseid,burning-legion,576,warrior,arms,12,6,6
Сосопав,howling-fjord,576,warrior,arms,12,6,6
Brutarius,scarshield-legion,576,warrior,arms,12,6,6
Xqt,laughing-skull,576,warrior,arms,12,6,6
Нерморрог,howling-fjord,576,warrior,arms,12,6,6
Tikej,silvermoon,576,warrior,arms,12,6,6
Thuundeer,defias-brotherhood,576,warrior,arms,12,6,6
Terisá,blackmoore,576,warrior,arms,12,6,6
Dajnatarcze,burning-legion,576,warrior,arms,12,6,6
Rianhh,tarren-mill,576,warrior,arms,12,6,6
Intíkam,alleria,576,warrior,arms,12,6,6
Deymio,defias-brotherhood,576,warrior,arms,12,6,6
Quáker,stormscale,576,warrior,arms,12,6,6
Tirex,stormscale,576,warrior,arms,12,6,6
Bourbimrgllr,hyjal,576,warrior,arms,12,6,6
Reshnak,die-todeskrallen,576,warrior,arms,12,6,6
Fantorgass,drakthul,576,warrior,arms,12,6,6
Extrémex,stormscale,576,warrior,arms,12,6,6
Zaddi,blackrock,576,warrior,arms,12,6,6
Slám,burning-legion,576,warrior,arms,12,6,6
Kirmizikafa,twisting-nether,576,warrior,arms,12,6,6
Lucywar,ravencrest,576,warrior,arms,12,6,6
Víoceptíon,blackrock,576,warrior,arms,12,6,6
Hycate,blackrock,576,warrior,arms,12,6,6
Hacci,ragnaros,576,warrior,arms,12,6,6
Solairexc,ravencrest,576,warrior,arms,12,6,6
Galous,burning-blade,576,warrior,arms,12,6,6
Wøokz,argent-dawn,576,warrior,arms,12,6,6
Dvigar,drakthul,576,warrior,arms,12,6,6
Тягуч,howling-fjord,576,warrior,arms,12,6,6
Manokikiros,sylvanas,576,warrior,arms,12,6,6
Freddio,tarren-mill,576,warrior,arms,12,6,6
Skelash,blackhand,576,warrior,arms,12,6,6
Whatabeast,blackmoore,576,warrior,arms,12,6,6
Rageover,outland,576,warrior,arms,12,6,6
Jeqqu,bloodfeather,576,warrior,arms,12,6,6
Devorta,ysondre,576,warrior,arms,12,6,6
Psychðtïc,archimonde,576,warrior,arms,12,6,6
Profftols,draenor,576,warrior,arms,12,6,6
Gromvar,draenor,576,warrior,arms,12,6,6
Krisusama,ravencrest,576,warrior,arms,12,6,6
Brutalizar,draenor,576,warrior,arms,12,6,6
Наомирассел,gordunni,576,warrior,arms,12,6,6
Toscow,ravencrest,576,warrior,arms,12,6,6
Erawar,kirin-tor,576,warrior,arms,12,6,6
Nørst,draenor,576,warrior,arms,12,6,6
Огра,blackscar,576,warrior,arms,12,6,6
Zabrona,turalyon,576,warrior,arms,12,6,6
Äsgeïr,archimonde,576,warrior,arms,12,6,6
Долирия,gordunni,576,warrior,arms,12,6,6
Chargekanta,antonidas,576,warrior,arms,12,6,6
Vakios,confrérie-du-thorium,576,warrior,arms,12,6,6
Toqk,draenor,576,warrior,arms,12,6,6
Maheri,antonidas,576,warrior,arms,12,6,6
Yuuta,ravencrest,576,warrior,arms,12,6,6
Torgath,kirin-tor,576,warrior,arms,12,6,6
Mauricet,elune,576,warrior,arms,12,6,6
Kházad,proudmoore,576,warrior,arms,12,6,6
Neverfear,aegwynn,576,warrior,arms,12,6,6
Thegullet,draenor,576,warrior,arms,12,6,6
Shorane,varimathras,576,warrior,arms,12,6,6
Дестингл,gordunni,576,warrior,arms,15,7,8
Rektdrum,ravencrest,576,warrior,arms,14,6,8
Micromachìne,sanguino,576,warrior,arms,18,6,12
Ój,ravencrest,576,warrior,arms,18,6,12
Autumnfálls,kazzak,576,warrior,arms,18,6,12
Stóna,blackmoore,576,warrior,arms,18,6,12
Stepchildx,silvermoon,576,warrior,arms,18,6,12
Maxisback,ysondre,576,warrior,arms,18,6,12
Allmight,gorgonnash,576,warrior,arms,18,6,12
Реклэсс,blackscar,576,warrior,arms,18,6,12
Debiljov,ahnqiraj,576,warrior,arms,18,6,12
Ragoar,blackmoore,576,warrior,arms,18,6,12
Progresslol,tarren-mill,576,warrior,arms,18,6,12
Bladestormxx,blackmoore,576,warrior,arms,18,6,12
Chazeryu,stormreaver,576,warrior,arms,18,6,12
Durag,argent-dawn,576,warrior,arms,18,6,12
Vulkân,aerie-peak,576,warrior,arms,18,6,12
Повстер,howling-fjord,576,warrior,arms,18,6,12
Gregórry,eredar,576,warrior,arms,18,6,12
Møgwai,sanguino,576,warrior,arms,18,6,12
Йошихироо,howling-fjord,576,warrior,arms,18,6,12
Kenet,tarren-mill,576,warrior,arms,18,6,12
Béarnais,khaz-modan,576,warrior,arms,18,6,12
Durändâl,archimonde,576,warrior,arms,18,6,12
Stillpetao,dun-modr,576,warrior,arms,18,6,12
Cødi,antonidas,576,warrior,arms,24,6,18
Kamblas,la-croisade-écarlate,576,warrior,arms,24,6,18
Старыйклоп,blackscar,576,warrior,arms,24,6,18
Luckysop,chants-éternels,576,warrior,arms,24,6,18
Khagor,kazzak,576,warrior,arms,24,6,18
Ludiboro,kazzak,576,warrior,arms,30,6,24
Stalkom,elune,575,warrior,arms,6,6,0
Crocodìle,magtheridon,575,warrior,arms,6,6,0
Эсвексия,gordunni,575,warrior,arms,12,6,6
Waron,dalaran,575,warrior,arms,12,6,6
Thráll,aszune,575,warrior,arms,12,6,6
Pector,grim-batol,575,warrior,arms,12,6,6
Tumuerte,dun-modr,575,warrior,arms,12,6,6
Mokthal,medivh,575,warrior,arms,12,6,6
Uwazu,kazzak,575,warrior,arms,12,6,6
Fótm,sylvanas,575,warrior,arms,12,6,6
Бэдбрэйнс,soulflayer,575,warrior,arms,12,6,6
Rawi,antonidas,575,warrior,arms,12,6,6
Weedo,ragnaros,575,warrior,arms,12,6,6
Citrok,dun-modr,575,warrior,arms,12,6,6
Wærriør,argent-dawn,575,warrior,arms,12,6,6
Тханирох,howling-fjord,575,warrior,arms,12,6,6
Soofies,madmortem,575,warrior,arms,12,6,6
Dexter,outland,575,warrior,arms,12,6,6
Bzezita,hyjal,575,warrior,arms,12,6,6
Ràgnàmetàl,tarren-mill,575,warrior,arms,12,6,6
Lunath,stormscale,575,warrior,arms,12,6,6
Brávéheart,ravencrest,575,warrior,arms,12,6,6
Scârath,eredar,575,warrior,arms,12,6,6
Bobleeragnar,ravencrest,575,warrior,arms,12,6,6
Djpuggerino,outland,575,warrior,arms,12,6,6
Suicidia,outland,575,warrior,arms,12,6,6
Cogne,illidan,575,warrior,arms,12,6,6
Акози,fordragon,575,warrior,arms,12,6,6
Thorast,argent-dawn,575,warrior,arms,12,6,6
Ghostlord,dunemaul,575,warrior,arms,12,6,6
Мошер,fordragon,575,warrior,arms,12,6,6
Imafk,darksorrow,575,warrior,arms,12,6,6
Originel,outland,575,warrior,arms,12,6,6
Rådne,argent-dawn,575,warrior,arms,12,6,6
Chakota,runetotem,575,warrior,arms,15,6,9
Skulltakerx,draenor,575,warrior,arms,18,6,12
Redcloak,outland,575,warrior,arms,18,6,12
Отнулядоста,gordunni,575,warrior,arms,18,6,12
Awares,blackmoore,575,warrior,arms,18,6,12
Azdrubal,outland,575,warrior,arms,18,6,12
Potatoslam,twisting-nether,575,warrior,arms,18,6,12
Furymeep,outland,575,warrior,arms,18,6,12
Platerz,aggramar,575,warrior,arms,18,6,12
Haldrium,malganis,575,warrior,arms,18,6,12
Ysmay,dun-morogh,575,warrior,arms,18,6,12
Арсонист,gordunni,575,warrior,arms,18,6,12
Rngcarrier,sylvanas,575,warrior,arms,18,6,12
Onyi,onyxia,575,warrior,arms,18,6,12
Rubyodin,tarren-mill,575,warrior,arms,18,6,12
Critycall,drakthul,575,warrior,arms,18,6,12
Pnizsz,draenor,575,warrior,arms,24,6,18
Mentalysane,outland,575,warrior,arms,24,6,18
Nostrawolf,sylvanas,574,warrior,arms,12,6,6
Rézinplin,archimonde,574,warrior,arms,12,6,6
Greensmash,hyjal,574,warrior,arms,12,6,6
Fugrim,draenor,574,warrior,arms,12,6,6
Maxeyn,kazzak,574,warrior,arms,27,7,20
Sztixi,silvermoon,574,warrior,arms,24,6,18
Prôtectore,hyjal,573,warrior,arms,12,6,6
Sallcon,khaz-modan,573,warrior,arms,12,6,6
Бачус,eversong,573,warrior,arms,18,6,12
Phosphonian,outland,573,warrior,arms,24,6,18
Oombac,lordaeron,572,warrior,arms,12,6,6
Årxex,stormscale,572,warrior,arms,12,6,6
Torpus,outland,572,warrior,arms,18,6,12
Laeràzh,archimonde,571,warrior,arms,12,6,6
Raduriel,antonidas,571,warrior,arms,12,6,6
Silkismooth,twisting-nether,571,warrior,arms,12,6,6
Xavs,grim-batol,571,warrior,arms,18,6,12
Thoròk,antonidas,571,warrior,arms,18,6,12
Waescanor,ragnaros,571,warrior,arms,18,6,12
Бланкк,deathweaver,570,warrior,arms,12,6,6
Gauklerbaron,blackmoore,566,warrior,arms,29,6,23
Wïnqlùlz,archimonde,564,warrior,arms,36,6,30
Mótleycrüe,sanguino,559,warrior,arms,12,7,5
Rãgè,tarren-mill,559,warrior,arms,17,6,11
Pillu,stormscale,544,warrior,arms,16,6,10
Krasark,blackmoore,544,warrior,arms,16,6,10
Wahney,thrall,543,warrior,arms,8,7,1
Omaahton,magtheridon,543,warrior,arms,11,6,5
Deci,bronzebeard,543,warrior,arms,16,6,10
Чикенсы,gordunni,543,warrior,arms,16,6,10
Krevó,ragnaros,543,warrior,arms,17,6,11
Cowon,stormscale,539,warrior,arms,14,7,7
Koruds,outland,528,warrior,arms,9,6,3
Kåñéthy,outland,528,warrior,arms,15,7,8
Imabeatyoass,kazzak,527,warrior,arms,11,6,5
Манндалорец,gordunni,527,warrior,arms,15,6,9
Furygoat,draenor,526,warrior,arms,11,6,5
Darkbrutal,archimonde,526,warrior,arms,17,6,11
Ressolwen,silvermoon,522,warrior,arms,23,7,16
Nuckii,antonidas,521,warrior,arms,21,7,14
Креспекс,gordunni,512,warrior,arms,16,6,10
Dzamtule,ravencrest,511,warrior,arms,8,6,2
Hasira,xavius,511,warrior,arms,10,6,4
Гвиневич,blackscar,511,warrior,arms,11,6,5
Warbek,tarren-mill,511,warrior,arms,14,6,8
Crippaooga,tarren-mill,511,warrior,arms,17,7,10
Sorô,antonidas,511,warrior,arms,16,6,10
Мембершримп,howling-fjord,511,warrior,arms,20,6,14
Pizdicä,twisting-nether,510,warrior,arms,12,7,5
Myryna,exodar,510,warrior,arms,20,6,14
Lovehope,stormscale,496,warrior,arms,13,6,7
Stepmomgodx,kazzak,496,warrior,arms,13,6,7
Tørøg,eredar,480,warrior,arms,6,5,1
Hubq,burning-legion,480,warrior,arms,6,5,1
Hópbóp,magtheridon,480,warrior,arms,6,5,1
Karmaloop,stormscale,480,warrior,arms,6,5,1
Гневныйвиги,howling-fjord,480,warrior,arms,6,5,1
Synix,stormreaver,480,warrior,arms,6,5,1
Quateh,silvermoon,480,warrior,arms,6,5,1
Mumbojumbo,uldum,480,warrior,arms,6,5,1
Dynther,nemesis,480,warrior,arms,6,5,1
Drragosh,tarren-mill,480,warrior,arms,6,5,1
Lurion,malganis,480,warrior,arms,6,5,1
Rockygifll,sinstralis,480,warrior,arms,6,5,1
Ocecute,tarren-mill,480,warrior,arms,6,5,1
Хэрест,gordunni,480,warrior,arms,6,5,1
Bashuk,grim-batol,480,warrior,arms,6,5,1
Тактоядобрый,ashenvale,480,warrior,arms,6,5,1
Tekmali,archimonde,480,warrior,arms,6,5,1
Senzroy,bloodfeather,480,warrior,arms,6,5,1
Serbia,blackrock,480,warrior,arms,6,5,1
Eysnwar,blackrock,480,warrior,arms,6,5,1
Himarsenko,silvermoon,480,warrior,arms,6,5,1
Dunderzug,silvermoon,480,warrior,arms,6,5,1
Papawaffle,stormscale,480,warrior,arms,6,5,1
Angrytoddler,silvermoon,480,warrior,arms,6,5,1
Slg,tarren-mill,480,warrior,arms,6,5,1
Grímgor,aegwynn,480,warrior,arms,6,5,1
Konnith,outland,480,warrior,arms,6,5,1
Tørrminator,stormscale,480,warrior,arms,6,5,1
Revoidnvm,blackmoore,480,warrior,arms,6,5,1
Murp,lightnings-blade,480,warrior,arms,6,5,1
Tishues,kazzak,480,warrior,arms,8,5,3
Gylfanders,the-maelstrom,480,warrior,arms,12,5,7
Victôr,silvermoon,480,warrior,arms,12,5,7
Touthi,archimonde,480,warrior,arms,12,5,7
Drumsofwar,zuljin,480,warrior,arms,12,5,7
Sidekick,earthen-ring,480,warrior,arms,12,5,7
Sacros,frostwhisper,480,warrior,arms,12,5,7
Holloo,destromath,480,warrior,arms,12,5,7
Tharokk,blackmoore,480,warrior,arms,12,5,7
Petesnot,outland,480,warrior,arms,12,5,7
Легионарус,gordunni,480,warrior,arms,12,5,7
Teramuhl,eredar,480,warrior,arms,12,5,7
Ansàvage,kazzak,480,warrior,arms,12,5,7
Mokrakh,blackmoore,480,warrior,arms,12,5,7
Bosancheros,the-maelstrom,480,warrior,arms,12,5,7
Garradoom,stormscale,480,warrior,arms,12,5,7
Zeneve,auchindoun,480,warrior,arms,12,5,7
Karkool,the-maelstrom,480,warrior,arms,12,5,7
Cuzyxtwo,blackrock,480,warrior,arms,12,5,7
Lazypeon,burning-legion,480,warrior,arms,12,5,7
Mønsterz,archimonde,480,warrior,arms,12,5,7
Thirtynine,daggerspine,480,warrior,arms,12,5,7
Oogaboogadps,silvermoon,480,warrior,arms,12,5,7
Сашарбгх,soulflayer,480,warrior,arms,12,5,7
Rohäc,drakthul,480,warrior,arms,12,5,7
Kramix,thrall,480,warrior,arms,12,5,7
Kiukkuné,argent-dawn,480,warrior,arms,12,5,7
Snörlax,the-maelstrom,480,warrior,arms,12,5,7
Matiasek,burning-legion,480,warrior,arms,12,5,7
Zarrgash,blackhand,480,warrior,arms,12,5,7
Lïyah,eldrethalas,480,warrior,arms,12,5,7
Zonïa,ysondre,480,warrior,arms,12,5,7
Bradders,tarren-mill,480,warrior,arms,12,5,7
Niffen,stormscale,480,warrior,arms,12,5,7
Анжинерх,gordunni,480,warrior,arms,12,5,7
Strengjahz,ragnaros,480,warrior,arms,12,5,7
Вайконд,gordunni,480,warrior,arms,12,5,7
Síúkanto,blackrock,480,warrior,arms,12,5,7
Рэйердан,howling-fjord,480,warrior,arms,12,5,7
Steelian,kazzak,480,warrior,arms,12,5,7
Scheroh,aegwynn,480,warrior,arms,12,5,7
Oplix,antonidas,480,warrior,arms,12,5,7
Budwise,stormscale,480,warrior,arms,12,5,7
Loreven,silvermoon,480,warrior,arms,12,5,7
Arsinal,destromath,480,warrior,arms,12,5,7
Hodenhugo,thrall,480,warrior,arms,12,5,7
Vitezandro,stormscale,480,warrior,arms,12,5,7
Ffz,hyjal,480,warrior,arms,12,5,7
Êlbæjynløl,ambossar,480,warrior,arms,12,5,7
Tyrag,eredar,480,warrior,arms,12,5,7
Anthrazit,stormscale,480,warrior,arms,12,5,7
Kaarvx,ysondre,480,warrior,arms,12,5,7
Adamastos,ragnaros,480,warrior,arms,12,5,7
Akkixx,die-aldor,480,warrior,arms,12,5,7
Steelstormz,ravencrest,480,warrior,arms,12,5,7
Ernexpóc,silvermoon,480,warrior,arms,12,5,7
Abunai,thrall,480,warrior,arms,12,5,7
Бенчмаркпоу,gordunni,480,warrior,arms,12,5,7
Irastah,frostmane,480,warrior,arms,12,5,7
Warricious,outland,480,warrior,arms,12,5,7
Шифик,soulflayer,480,warrior,arms,12,5,7
Agres,zuluhed,480,warrior,arms,12,5,7
Soe,defias-brotherhood,480,warrior,arms,12,5,7
Asintended,draenor,480,warrior,arms,12,5,7
Xenör,archimonde,480,warrior,arms,12,5,7
Borsha,dalaran,480,warrior,arms,12,5,7
Bladoran,hyjal,480,warrior,arms,12,5,7
Brasta,malganis,480,warrior,arms,12,5,7
Тэратос,soulflayer,480,warrior,arms,12,5,7
Keäghan,kazzak,480,warrior,arms,12,5,7
Taskov,tarren-mill,480,warrior,arms,12,5,7
Thravaeg,draenor,480,warrior,arms,12,5,7
Silventus,blackmoore,480,warrior,arms,12,5,7
Lüund,ravencrest,480,warrior,arms,12,5,7
Wardoz,archimonde,480,warrior,arms,12,5,7
Arakhu,blackmoore,480,warrior,arms,12,5,7
Plzdontkite,blackrock,480,warrior,arms,12,5,7
Topur,defias-brotherhood,480,warrior,arms,12,5,7
Nomore,sylvanas,480,warrior,arms,12,5,7
Marleycx,azshara,480,warrior,arms,12,5,7
Baryna,sanguino,480,warrior,arms,12,5,7
Ràgê,silvermoon,480,warrior,arms,12,5,7
Кэмптон,soulflayer,480,warrior,arms,12,5,7
Рыгатрон,galakrond,480,warrior,arms,12,5,7
Gorkta,uldaman,480,warrior,arms,12,5,7
Гладиакрис,gordunni,480,warrior,arms,12,5,7
Ragingclue,draenor,480,warrior,arms,12,5,7
Gigantous,emerald-dream,480,warrior,arms,12,5,7
Humanoç,dun-modr,480,warrior,arms,12,5,7
Бейлеор,gordunni,480,warrior,arms,12,5,7
Zirriox,wildhammer,480,warrior,arms,12,5,7
Zuroq,antonidas,480,warrior,arms,12,5,7
Gothgirlgg,argent-dawn,480,warrior,arms,12,5,7
Leelazero,argent-dawn,480,warrior,arms,12,5,7
Grundbulten,tarren-mill,480,warrior,arms,12,5,7
Paralantius,kazzak,480,warrior,arms,12,5,7
Whysobold,quelthalas,480,warrior,arms,12,5,7
Орвинг,soulflayer,480,warrior,arms,12,5,7
Câttiva,blackmoore,480,warrior,arms,12,5,7
Buffury,twisting-nether,480,warrior,arms,12,5,7
Schlierkamp,aegwynn,480,warrior,arms,12,5,7
Onizukarms,hyjal,480,warrior,arms,12,5,7
Tryitmaxx,blackmoore,480,warrior,arms,12,5,7
Footsies,ragnaros,480,warrior,arms,12,5,7
Dampbob,draenor,480,warrior,arms,12,5,7
Xintha,frostwolf,480,warrior,arms,12,5,7
Deathbleeder,argent-dawn,480,warrior,arms,12,5,7
Baxyra,aegwynn,480,warrior,arms,12,5,7
Jurge,twisting-nether,480,warrior,arms,12,5,7
Icharge,dunemaul,480,warrior,arms,12,5,7
Thismetasuck,ravencrest,480,warrior,arms,12,5,7
Skya,burning-blade,480,warrior,arms,12,5,7
Nazrolä,hyjal,480,warrior,arms,12,5,7
Soukha,archimonde,480,warrior,arms,12,5,7
Kazos,twisting-nether,480,warrior,arms,15,6,9
Nekwar,ravencrest,480,warrior,arms,15,6,9
Развалочка,howling-fjord,480,warrior,arms,16,6,10
Shredded,stormscale,480,warrior,arms,18,5,13
Abibe,aggra-português,480,warrior,arms,18,5,13
Зэйсс,gordunni,480,warrior,arms,18,5,13
Exhumator,blackhand,480,warrior,arms,18,5,13
Лафтэйл,soulflayer,480,warrior,arms,18,5,13
Serratíon,tarren-mill,480,warrior,arms,18,5,13
Maowiecki,burning-legion,480,warrior,arms,18,5,13
Solgud,bloodfeather,480,warrior,arms,18,5,13
Kalhmeras,twisting-nether,480,warrior,arms,18,5,13
Jimbock,eredar,480,warrior,arms,18,5,13
Stuffed,blackrock,480,warrior,arms,18,5,13
Erosdulko,silvermoon,480,warrior,arms,18,5,13
Курящийпро,blackscar,480,warrior,arms,18,5,13
Sheñ,antonidas,480,warrior,arms,18,5,13
Takagødx,archimonde,480,warrior,arms,18,5,13
Sebotagelol,twisting-nether,480,warrior,arms,18,5,13
Hurricane,sylvanas,480,warrior,arms,18,5,13
Warriorussy,ravencrest,480,warrior,arms,19,5,14
Zhodd,zuljin,480,warrior,arms,24,5,19
Масульмэн,howling-fjord,480,warrior,arms,24,5,19
Jorund,archimonde,480,warrior,arms,24,5,19
Gnolimits,antonidas,480,warrior,arms,24,5,19
Grimblade,kazzak,480,warrior,arms,24,5,19
Vhy,antonidas,480,warrior,arms,25,5,20
Saey,malorne,479,warrior,arms,6,5,1
Xtu,kazzak,479,warrior,arms,6,5,1
Спарттанка,gordunni,479,warrior,arms,12,5,7
Meresin,madmortem,479,warrior,arms,12,5,7
Swtparanoid,sylvanas,479,warrior,arms,12,5,7
Xanthias,nathrezim,479,warrior,arms,12,5,7
Grèèn,turalyon,479,warrior,arms,12,5,7
Svinks,sylvanas,479,warrior,arms,12,5,7
Voodoowarr,rexxar,479,warrior,arms,12,5,7
Caloomsa,hellfire,479,warrior,arms,12,5,7
Fréyaá,blackrock,479,warrior,arms,12,5,7
Dúg,tarren-mill,479,warrior,arms,12,5,7
Relüx,ragnaros,479,warrior,arms,12,5,7
Tötø,archimonde,479,warrior,arms,12,5,7
Górgutz,defias-brotherhood,479,warrior,arms,12,5,7
Steinsteg,gorgonnash,479,warrior,arms,12,5,7
Maxilanthis,eonar,479,warrior,arms,12,5,7
Dragonforce,blackmoore,479,warrior,arms,12,5,7
Einhérjer,thrall,479,warrior,arms,12,5,7
Альмас,galakrond,479,warrior,arms,15,6,9
Ravedeath,tarren-mill,479,warrior,arms,18,5,13
Cøbe,arthas,479,warrior,arms,18,5,13
Модныйклык,eversong,479,warrior,arms,18,5,13
Auggies,outland,479,warrior,arms,18,5,13
Pillorrior,ambossar,479,warrior,arms,18,5,13
Ghaze,blackhand,479,warrior,arms,18,5,13
Davoda,kazzak,478,warrior,arms,6,5,1
Tafala,blackmoore,478,warrior,arms,6,5,1
Ghorinchai,khazgoroth,478,warrior,arms,12,5,7
Realz,malganis,478,warrior,arms,12,5,7
Råín,stormscale,478,warrior,arms,12,5,7
Farxy,dun-modr,478,warrior,arms,12,5,7
Nightmareb,magtheridon,478,warrior,arms,12,5,7
Sahaminho,draenor,478,warrior,arms,18,5,13
Нириэла,howling-fjord,478,warrior,arms,18,5,13
Swordluw,argent-dawn,478,warrior,arms,18,5,13
Poronga,sanguino,478,warrior,arms,18,5,13
Лидоний,gordunni,477,warrior,arms,12,5,7
Nierninwa,silvermoon,477,warrior,arms,12,5,7
Jackisop,outland,477,warrior,arms,24,5,19
Olagkhan,minahonda,476,warrior,arms,10,6,4
Sheriff,dragonblight,475,warrior,arms,12,5,7
Rutenos,drakthul,473,warrior,arms,12,5,7
Duarel,blackmoore,448,warrior,arms,10,5,5
Zugzuhg,draenor,447,warrior,arms,8,6,2
Takethisduck,stormscale,447,warrior,arms,11,5,6
Kviqr,auchindoun,447,warrior,arms,11,5,6
Kôtarô,blackmoore,447,warrior,arms,17,5,12
Чпонькмашина,soulflayer,447,warrior,arms,17,5,12
Armsstrong,blackhand,447,warrior,arms,17,5,12
Kitano,garona,447,warrior,arms,23,5,18
Духолоов,gordunni,446,warrior,arms,22,5,17
Orkyu,stormrage,444,warrior,arms,11,5,6
Kakahuete,tarren-mill,432,warrior,arms,9,5,4
Инфлэймх,gordunni,431,warrior,arms,11,5,6
Turdgurgler,executus,431,warrior,arms,11,5,6
Gorlosh,eredar,431,warrior,arms,14,6,8
Ziñs,silvermoon,431,warrior,arms,16,6,10
Warriar,sylvanas,426,warrior,arms,17,7,10
Leizey,stormscale,426,warrior,arms,15,6,9
Goreksson,aegwynn,426,warrior,arms,15,6,9
Bismárck,nathrezim,426,warrior,arms,15,6,9
Myshu,ravencrest,426,warrior,arms,20,6,14
Knî,archimonde,426,warrior,arms,21,6,15
Prime,outland,416,warrior,arms,16,5,11
Kìrìtosan,pozzo-delleternità,415,warrior,arms,8,5,3
Kylian,aegwynn,415,warrior,arms,11,5,6
Suduri,drakthul,415,warrior,arms,14,5,9
Danx,culte-de-la-rive-noire,413,warrior,arms,16,5,11
Casstageul,archimonde,400,warrior,arms,7,5,2
Varkoz,sylvanas,400,warrior,arms,7,5,2
Justah,silvermoon,400,warrior,arms,13,5,8
Marax,spinebreaker,400,warrior,arms,25,5,20
Жекабустер,borean-tundra,399,warrior,arms,7,5,2
Abrogatio,emeriss,384,warrior,arms,6,4,2
Kielon,kazzak,384,warrior,arms,6,4,2
Jessepinkman,kirin-tor,384,warrior,arms,6,4,2
Highbuffalo,kazzak,384,warrior,arms,6,4,2
Forsi,draenor,384,warrior,arms,6,4,2
Cyférüs,tarren-mill,384,warrior,arms,6,4,2
Dräparren,ragnaros,384,warrior,arms,6,4,2
Darkel,chogall,384,warrior,arms,6,4,2
Zeó,silvermoon,384,warrior,arms,6,4,2
Ddfxz,draenor,384,warrior,arms,6,4,2
Ivâar,archimonde,384,warrior,arms,6,4,2
Tejkopejko,kazzak,384,warrior,arms,6,4,2
Warzër,archimonde,384,warrior,arms,6,4,2
Dregodym,frostwolf,384,warrior,arms,6,4,2
Beznacaj,outland,384,warrior,arms,6,4,2
Valibunt,drakthul,384,warrior,arms,6,4,2
Bámf,outland,384,warrior,arms,6,4,2
Baluste,culte-de-la-rive-noire,384,warrior,arms,6,4,2
Zuit,blackmoore,384,warrior,arms,6,4,2
Bìgre,la-croisade-écarlate,384,warrior,arms,6,4,2
Eyenur,drakthul,384,warrior,arms,6,4,2
Brittelin,tarren-mill,384,warrior,arms,6,4,2
Рандомвар,howling-fjord,384,warrior,arms,6,4,2
Keriw,kazzak,384,warrior,arms,6,4,2
Chmg,kirin-tor,384,warrior,arms,6,4,2
Reckxpeep,twisting-nether,384,warrior,arms,6,4,2
Fleshwerk,silvermoon,384,warrior,arms,6,4,2
Kisoshi,tarren-mill,384,warrior,arms,6,4,2
Swaàg,archimonde,384,warrior,arms,6,4,2
Kalym,malygos,384,warrior,arms,6,4,2
Alexandriana,veknilash,384,warrior,arms,6,4,2
Bindcry,ahnqiraj,384,warrior,arms,6,4,2
Unchåined,burning-legion,384,warrior,arms,6,4,2
Aliyáhh,blackrock,384,warrior,arms,6,4,2
Måydåy,twisting-nether,384,warrior,arms,6,4,2
Rimvar,alleria,384,warrior,arms,6,4,2
Haikyuu,blackhand,384,warrior,arms,6,4,2
Wïn,silvermoon,384,warrior,arms,6,4,2
Frenzerker,outland,384,warrior,arms,6,4,2
Xtazen,draenor,384,warrior,arms,6,4,2
Swig,twisting-nether,384,warrior,arms,6,4,2
Trenbolonpap,twisting-nether,384,warrior,arms,6,4,2
Smasherx,draenor,384,warrior,arms,6,4,2
Фиббоначи,deathguard,384,warrior,arms,6,4,2
Youstupide,drekthar,384,warrior,arms,6,4,2
Cerßeres,archimonde,384,warrior,arms,6,4,2
Ottokerñ,kazzak,384,warrior,arms,6,4,2
Susugar,ysondre,384,warrior,arms,6,4,2
Mayback,pozzo-delleternità,384,warrior,arms,6,4,2
Garad,frostmane,384,warrior,arms,6,4,2
Anubisra,alakir,384,warrior,arms,6,4,2
Волдунер,gordunni,384,warrior,arms,6,4,2
Haîltøkîng,alakir,384,warrior,arms,6,4,2
Cmonbrah,ravencrest,384,warrior,arms,6,4,2
Kevlarsusan,the-maelstrom,384,warrior,arms,6,4,2
Eytra,ravencrest,384,warrior,arms,6,4,2
Гигасмэш,gordunni,384,warrior,arms,6,4,2
Lvpodvcio,nemesis,384,warrior,arms,6,4,2
Elsiâs,aegwynn,384,warrior,arms,6,4,2
Kwautkopf,blackhand,384,warrior,arms,6,4,2
Agrias,burning-legion,384,warrior,arms,6,4,2
Virgolibra,grim-batol,384,warrior,arms,6,4,2
Çbr,silvermoon,384,warrior,arms,6,4,2
Volfenstein,burning-legion,384,warrior,arms,6,4,2
Fitzgibbons,ravencrest,384,warrior,arms,6,4,2
Luchanka,the-maelstrom,384,warrior,arms,6,4,2
Тандеракс,soulflayer,384,warrior,arms,6,4,2
Ironrage,frostmane,384,warrior,arms,6,4,2
Romoth,kazzak,384,warrior,arms,6,4,2
Cáráxés,ravencrest,384,warrior,arms,6,4,2
Rëvenge,burning-legion,384,warrior,arms,6,4,2
Fîlzlaus,area-52,384,warrior,arms,6,4,2
Роудс,soulflayer,384,warrior,arms,6,4,2
Sabijach,kazzak,384,warrior,arms,6,4,2
Pappyza,hyjal,384,warrior,arms,6,4,2
Sveafy,ravencrest,384,warrior,arms,6,4,2
Tcrunch,dun-modr,384,warrior,arms,6,4,2
Hellungo,hyjal,384,warrior,arms,6,4,2
Littlee,durotan,384,warrior,arms,6,4,2
Квейкс,gordunni,384,warrior,arms,6,4,2
Тартолан,gordunni,384,warrior,arms,6,4,2
Slante,darksorrow,384,warrior,arms,6,4,2
Közel,bladefist,384,warrior,arms,6,4,2
Dzahboss,archimonde,384,warrior,arms,6,4,2
Olfik,drakthul,384,warrior,arms,6,4,2
Slix,dun-modr,384,warrior,arms,6,4,2
Sucemabanner,hyjal,384,warrior,arms,6,4,2
Rastaj,defias-brotherhood,384,warrior,arms,6,4,2
Riash,hyjal,384,warrior,arms,6,4,2
Ветросвист,gordunni,384,warrior,arms,6,4,2
Harrypotta,silvermoon,384,warrior,arms,6,4,2
Lakri,chants-éternels,384,warrior,arms,6,4,2
Vøs,hyjal,384,warrior,arms,6,4,2
Dallion,azjolnerub,384,warrior,arms,6,4,2
Alaerion,magtheridon,384,warrior,arms,6,4,2
Thuder,sylvanas,384,warrior,arms,6,4,2
Voi,jaedenar,384,warrior,arms,6,4,2
Thorbjør,silvermoon,384,warrior,arms,6,4,2
Ksusha,silvermoon,384,warrior,arms,6,4,2
Stiefbrudah,blackmoore,384,warrior,arms,9,5,4
Sinimfzugzug,eredar,384,warrior,arms,10,5,5
Trondilon,tarren-mill,384,warrior,arms,9,4,5
Bøgatyr,draenor,384,warrior,arms,11,4,7
Rdeniro,blackmoore,384,warrior,arms,15,5,10
Merkakis,argent-dawn,384,warrior,arms,15,5,10
Booya,zirkel-des-cenarius,384,warrior,arms,12,4,8
Фаллопиев,borean-tundra,384,warrior,arms,12,4,8
Sinkiss,archimonde,384,warrior,arms,12,4,8
Mórghúlís,aegwynn,384,warrior,arms,12,4,8
Sovax,ravencrest,384,warrior,arms,12,4,8
Ketschup,frostwolf,384,warrior,arms,12,4,8
Rïven,los-errantes,384,warrior,arms,12,4,8
Трапсир,gordunni,384,warrior,arms,12,4,8
Ceojohnny,ravencrest,384,warrior,arms,12,4,8
Farewe,lightbringer,384,warrior,arms,12,4,8
Chickengodx,archimonde,384,warrior,arms,12,4,8
Neozz,ravencrest,384,warrior,arms,12,4,8
Oglisten,archimonde,384,warrior,arms,12,4,8
Wildblow,ravencrest,384,warrior,arms,12,4,8
Chrid,silvermoon,384,warrior,arms,12,4,8
Mârcxb,antonidas,384,warrior,arms,12,4,8
Cjak,pozzo-delleternità,384,warrior,arms,12,4,8
Gkhan,draenor,384,warrior,arms,12,4,8
Stragga,eredar,384,warrior,arms,12,4,8
Poppeyex,silvermoon,384,warrior,arms,12,4,8
Арбелоа,gordunni,384,warrior,arms,12,4,8
Rkeköke,draenor,384,warrior,arms,12,4,8
Jesuisgaydsl,archimonde,384,warrior,arms,12,4,8
Guarn,archimonde,384,warrior,arms,12,4,8
Hiraclès,archimonde,384,warrior,arms,12,4,8
Cromash,die-nachtwache,384,warrior,arms,12,4,8
Craftorar,defias-brotherhood,384,warrior,arms,12,4,8
Димаказнь,gordunni,384,warrior,arms,12,4,8
Rimedalb,aegwynn,384,warrior,arms,12,4,8
Zeover,ragnaros,384,warrior,arms,12,4,8
Apemonkeydk,kazzak,384,warrior,arms,12,4,8
Varix,burning-blade,384,warrior,arms,12,4,8
Axero,drakthul,384,warrior,arms,12,4,8
Schultze,kazzak,384,warrior,arms,12,4,8
Blackzor,ragnaros,384,warrior,arms,12,4,8
Eýoe,ragnaros,384,warrior,arms,12,4,8
Linberg,ysondre,384,warrior,arms,12,4,8
Веоленс,gordunni,384,warrior,arms,12,4,8
Woghard,drakthul,384,warrior,arms,12,4,8
Deskslammer,tarren-mill,384,warrior,arms,12,4,8
Sublexgg,blackrock,384,warrior,arms,12,4,8
Yxolike,blackmoore,384,warrior,arms,12,4,8
Parriwarr,sanguino,384,warrior,arms,12,4,8
Syel,sinstralis,384,warrior,arms,12,4,8
Фаталлес,galakrond,384,warrior,arms,12,4,8
Rfgpwhfgjawr,ravencrest,384,warrior,arms,12,4,8
Deathrazór,stormscale,384,warrior,arms,12,4,8
Karadayii,blackmoore,384,warrior,arms,12,4,8
Fzit,kazzak,384,warrior,arms,12,4,8
Luciferkhan,twisting-nether,384,warrior,arms,12,4,8
Drazug,defias-brotherhood,384,warrior,arms,12,4,8
Testortv,twisting-nether,384,warrior,arms,12,4,8
Oesche,frostmourne,384,warrior,arms,12,4,8
Flugan,vashj,384,warrior,arms,12,4,8
Evermoon,sanguino,384,warrior,arms,12,4,8
Wilko,twisting-nether,384,warrior,arms,12,4,8
Ellissari,tirion,384,warrior,arms,12,4,8
Сэмвариор,gordunni,384,warrior,arms,12,4,8
Iiam,kilrogg,384,warrior,arms,12,4,8
Kussetrold,outland,384,warrior,arms,12,4,8
Xavari,twisting-nether,384,warrior,arms,12,4,8
Willadimore,ravencrest,384,warrior,arms,12,4,8
Sonyd,tarren-mill,384,warrior,arms,12,4,8
Молчаньеума,howling-fjord,384,warrior,arms,12,4,8
Traziel,blackmoore,384,warrior,arms,12,4,8
Jigs,twisting-nether,384,warrior,arms,12,4,8
Leaply,kazzak,384,warrior,arms,12,4,8
Waroworgen,terokkar,384,warrior,arms,12,4,8
Слоз,gordunni,384,warrior,arms,12,4,8
Hubusan,blackmoore,384,warrior,arms,12,4,8
Raynorwarr,tarren-mill,384,warrior,arms,12,4,8
Brokenrage,twisting-nether,384,warrior,arms,12,4,8
Arxnamus,silvermoon,384,warrior,arms,12,4,8
Nerfslam,stormscale,384,warrior,arms,12,4,8
Khvor,blackmoore,384,warrior,arms,12,4,8
Speiker,blackhand,384,warrior,arms,12,4,8
Borion,blackmoore,384,warrior,arms,12,4,8
Chadgarrosh,tarren-mill,384,warrior,arms,12,4,8
Rearar,burning-legion,384,warrior,arms,12,4,8
Ðræberen,kazzak,384,warrior,arms,12,4,8
Дахирарг,fordragon,384,warrior,arms,12,4,8
Huihui,die-aldor,384,warrior,arms,12,4,8
Osteskanken,ravencrest,384,warrior,arms,12,4,8
Анусбрейкер,soulflayer,384,warrior,arms,12,4,8
Ærion,die-aldor,384,warrior,arms,12,4,8
Péter,arathor,384,warrior,arms,12,4,8
Dataproffs,outland,384,warrior,arms,12,4,8
Partajorma,ravencrest,384,warrior,arms,12,4,8
Ambraxon,blackmoore,384,warrior,arms,12,4,8
Cryos,destromath,384,warrior,arms,12,4,8
Brrochacho,defias-brotherhood,384,warrior,arms,12,4,8
Rastov,argent-dawn,384,warrior,arms,12,4,8
Warriortimi,blackhand,384,warrior,arms,12,4,8
Gromock,the-maelstrom,384,warrior,arms,12,4,8
Azik,burning-legion,384,warrior,arms,12,4,8
Арристокррат,soulflayer,384,warrior,arms,12,4,8
Schjøtt,ravencrest,384,warrior,arms,12,4,8
Kronner,blackmoore,384,warrior,arms,12,4,8
Sveñor,the-maelstrom,384,warrior,arms,12,4,8
Skyrrskyr,blackrock,384,warrior,arms,12,4,8
Kgx,argent-dawn,384,warrior,arms,12,4,8
Mickyrex,hyjal,384,warrior,arms,12,4,8
Spankprooff,kazzak,384,warrior,arms,12,4,8
Invictàs,hyjal,384,warrior,arms,12,4,8
Starkz,hellscream,384,warrior,arms,12,4,8
Auguston,argent-dawn,384,warrior,arms,12,4,8
Xállek,veknilash,384,warrior,arms,12,4,8
Kasperw,kazzak,384,warrior,arms,12,4,8
Minetaur,burning-legion,384,warrior,arms,12,4,8
Pushh,dun-modr,384,warrior,arms,12,4,8
Alphamem,sylvanas,384,warrior,arms,12,4,8
Azurnok,argent-dawn,384,warrior,arms,12,4,8
Gromlogosh,stormscale,384,warrior,arms,12,4,8
Ryuma,lordaeron,384,warrior,arms,12,4,8
Щекорез,soulflayer,384,warrior,arms,12,4,8
Adorlyna,silvermoon,384,warrior,arms,12,4,8
Ouryuu,hyjal,384,warrior,arms,12,4,8
Phalek,ravencrest,384,warrior,arms,14,4,10
Heimdål,antonidas,384,warrior,arms,18,4,14
Mikogød,ravencrest,384,warrior,arms,18,4,14
Pwndrizle,blackmoore,384,warrior,arms,18,4,14
Kaij,draenor,384,warrior,arms,18,4,14
Acidumcremor,burning-legion,384,warrior,arms,18,4,14
Boek,drakthul,384,warrior,arms,18,4,14
Orcenjoyer,kazzak,384,warrior,arms,18,4,14
Pulx,dun-modr,384,warrior,arms,18,4,14
Wardropeeh,argent-dawn,384,warrior,arms,18,4,14
Ganaroth,tarren-mill,384,warrior,arms,18,4,14
Vandras,hyjal,384,warrior,arms,18,4,14
Vanaxd,blackrock,384,warrior,arms,20,4,16
Angrytmyself,silvermoon,383,warrior,arms,6,4,2
Ironstep,silvermoon,383,warrior,arms,6,4,2
Adelphi,blackrock,383,warrior,arms,6,4,2
Kãzzgot,burning-legion,383,warrior,arms,6,4,2
Реф,gordunni,383,warrior,arms,6,4,2
Красаучик,razuvious,383,warrior,arms,6,4,2
Meeyu,blackhand,383,warrior,arms,6,4,2
Халиоссф,gordunni,383,warrior,arms,9,5,4
Mashamasha,twisting-nether,383,warrior,arms,9,5,4
Варинуб,soulflayer,383,warrior,arms,12,6,6
Mìlo,ravencrest,383,warrior,arms,12,4,8
Dundee,sanguino,383,warrior,arms,12,4,8
Familyguy,sylvanas,383,warrior,arms,12,4,8
Bassenheim,deathwing,383,warrior,arms,12,4,8
Askaed,kirin-tor,383,warrior,arms,12,4,8
Варзибейра,blackscar,383,warrior,arms,12,4,8
Meetto,argent-dawn,383,warrior,arms,12,4,8
Sharrok,blackmoore,383,warrior,arms,12,4,8
Квистин,soulflayer,383,warrior,arms,12,4,8
Shimy,pozzo-delleternità,383,warrior,arms,12,4,8
Khaczer,thunderhorn,383,warrior,arms,18,4,14
Xonnico,ravencrest,383,warrior,arms,18,4,14
Moshmuffín,blackmoore,383,warrior,arms,24,4,20
Kirkwood,terokkar,382,warrior,arms,6,4,2
Aethwa,stormscale,382,warrior,arms,6,4,2
Maxai,outland,382,warrior,arms,6,4,2
Fatbud,tarren-mill,382,warrior,arms,6,4,2
Nuxx,tarren-mill,382,warrior,arms,12,4,8
Epmeowpewpew,turalyon,382,warrior,arms,18,4,14
Kokonut,twisting-nether,379,warrior,arms,9,5,4
Асстероид,galakrond,379,warrior,arms,12,4,8
Аскольд,deathguard,379,warrior,arms,12,4,8
Fromagekipue,draenor,372,warrior,arms,21,7,14
Отсекатель,howling-fjord,367,warrior,arms,17,4,13
Steels,outland,361,warrior,arms,13,5,8
Свинореззка,howling-fjord,352,warrior,arms,10,4,6
Hojalator,minahonda,351,warrior,arms,10,4,6
Pimagnum,stormscale,351,warrior,arms,11,4,7
Shînta,hyjal,351,warrior,arms,11,4,7
Mynoona,stormscale,351,warrior,arms,11,4,7
Upholder,xavius,351,warrior,arms,11,4,7
Caloucte,culte-de-la-rive-noire,351,warrior,arms,17,4,13
Номер,eversong,351,warrior,arms,22,4,18
Джокуджо,gordunni,336,warrior,arms,15,4,11
Kriegerlutz,blackmoore,335,warrior,arms,11,4,7
Zyou,stormscale,330,warrior,arms,23,7,16
Bêlier,hyjal,329,warrior,arms,16,6,10
Dracos,mannoroth,329,warrior,arms,24,5,19
Scarlettjo,outland,320,warrior,arms,10,4,6
Scoto,silvermoon,320,warrior,arms,10,4,6
Dyingdog,kazzak,320,warrior,arms,10,4,6
Тоштайн,gordunni,319,warrior,arms,5,4,1
Enîgma,sylvanas,319,warrior,arms,11,4,7
Savaski,thrall,304,warrior,arms,7,4,3
Dattebane,silvermoon,304,warrior,arms,13,4,9
Ugrlak,drakthul,304,warrior,arms,13,4,9
Ididntbindit,stormscale,288,warrior,arms,6,3,3
Kakero,bronzebeard,288,warrior,arms,6,3,3
Nanathiel,laughing-skull,288,warrior,arms,6,3,3
Alphyn,veknilash,288,warrior,arms,6,3,3
Spearmisser,argent-dawn,288,warrior,arms,6,3,3
Mukcho,sylvanas,288,warrior,arms,6,3,3
Virginity,sylvanas,288,warrior,arms,6,3,3
Dekzu,stormscale,288,warrior,arms,6,3,3
Фэймстар,soulflayer,288,warrior,arms,6,3,3
Gnarrwarr,eredar,288,warrior,arms,6,3,3
Raistwar,magtheridon,288,warrior,arms,6,3,3
Elainax,eredar,288,warrior,arms,6,3,3
Rasvamaksa,stormscale,288,warrior,arms,6,3,3
Baiganya,neptulon,288,warrior,arms,6,3,3
Свиногуб,soulflayer,288,warrior,arms,6,3,3
Bleedmuch,silvermoon,288,warrior,arms,6,3,3
Klistertejp,argent-dawn,288,warrior,arms,6,3,3
Møtomoto,defias-brotherhood,288,warrior,arms,6,3,3
Nefa,sylvanas,288,warrior,arms,6,3,3
Venturez,stormscale,288,warrior,arms,6,3,3
Raïgã,hyjal,288,warrior,arms,6,3,3
Kyraeth,defias-brotherhood,288,warrior,arms,6,3,3
Tinydik,stormscale,288,warrior,arms,6,3,3
Nofêar,anubarak,288,warrior,arms,6,3,3
Bigmalx,darkspear,288,warrior,arms,6,3,3
Pouckette,hyjal,288,warrior,arms,6,3,3
Titanstriker,silvermoon,288,warrior,arms,6,3,3
Aromë,argent-dawn,288,warrior,arms,6,3,3
Hydracleave,ravencrest,288,warrior,arms,6,3,3
Theunknown,eonar,288,warrior,arms,6,3,3
Inflacija,grim-batol,288,warrior,arms,6,3,3
Tommytorres,stormscale,288,warrior,arms,6,3,3
Валдеморд,soulflayer,288,warrior,arms,6,3,3
Люлябра,soulflayer,288,warrior,arms,6,3,3
Barbatos,saurfang,288,warrior,arms,6,3,3
Тотбывалый,soulflayer,288,warrior,arms,6,3,3
Xiphiatwo,ravencrest,288,warrior,arms,6,3,3
Elaniâ,die-nachtwache,288,warrior,arms,6,3,3
Slayermaxx,kazzak,288,warrior,arms,6,3,3
Umamapice,draenor,288,warrior,arms,6,3,3
Súbzéró,argent-dawn,288,warrior,arms,6,3,3
Deicamus,tyrande,288,warrior,arms,6,3,3
Willywolxx,silvermoon,288,warrior,arms,6,3,3
Kindface,the-maelstrom,288,warrior,arms,6,3,3
Mightyzuv,the-maelstrom,288,warrior,arms,6,3,3
Fotmheróqtxd,ravencrest,288,warrior,arms,6,3,3
Goochi,turalyon,288,warrior,arms,6,3,3
Issus,aggra-português,288,warrior,arms,6,3,3
Pházéd,kazzak,288,warrior,arms,6,3,3
Mauser,thrall,288,warrior,arms,6,3,3
Culwyn,frostmane,288,warrior,arms,6,3,3
Intramuscula,ravencrest,288,warrior,arms,6,3,3
Skeleton,los-errantes,288,warrior,arms,6,3,3
Nýbz,sylvanas,288,warrior,arms,6,3,3
Bundo,outland,288,warrior,arms,6,3,3
Топлюзаорду,borean-tundra,288,warrior,arms,6,3,3
Imherhusband,ravencrest,288,warrior,arms,6,3,3
Giantknob,tarren-mill,288,warrior,arms,6,3,3
Kelrior,dun-modr,288,warrior,arms,6,3,3
Odkush,burning-legion,288,warrior,arms,6,3,3
Klunkepumper,ravencrest,288,warrior,arms,6,3,3
Grimripper,the-maelstrom,288,warrior,arms,6,3,3
Daemøn,hellfire,288,warrior,arms,6,3,3
Elffarian,the-maelstrom,288,warrior,arms,6,3,3
Warriur,outland,288,warrior,arms,6,3,3
Risara,outland,288,warrior,arms,6,3,3
Flürix,outland,288,warrior,arms,6,3,3
Mønzie,outland,288,warrior,arms,6,3,3
Adonispumpus,blackrock,288,warrior,arms,6,3,3
Razza,ravencrest,288,warrior,arms,6,3,3
Träglik,thrall,288,warrior,arms,6,3,3
Smásher,thrall,288,warrior,arms,6,3,3
Ranndall,blackrock,288,warrior,arms,6,3,3
Hashokx,draenor,288,warrior,arms,6,3,3
Saîx,garrosh,288,warrior,arms,6,3,3
Warwarsat,ysondre,288,warrior,arms,6,3,3
Кроуфури,gordunni,288,warrior,arms,6,3,3
Überhase,taerar,288,warrior,arms,6,3,3
Fnoon,taerar,288,warrior,arms,6,3,3
Korama,emerald-dream,288,warrior,arms,6,3,3
Xqty,ravencrest,288,warrior,arms,6,3,3
Mòóds,malganis,288,warrior,arms,6,3,3
Lìcious,outland,288,warrior,arms,6,3,3
Juggernot,archimonde,288,warrior,arms,6,3,3
Ragewin,kelthuzad,288,warrior,arms,6,3,3
Soulmatee,aegwynn,288,warrior,arms,6,3,3
Wárríor,ragnaros,288,warrior,arms,6,3,3
Deniosan,blackhand,288,warrior,arms,6,3,3
Mightyrage,draenor,288,warrior,arms,6,3,3
Ланат,ashenvale,288,warrior,arms,6,3,3
Arachnoyd,drakthul,288,warrior,arms,6,3,3
Ragnärey,voljin,288,warrior,arms,6,3,3
Màrduk,pozzo-delleternità,288,warrior,arms,6,3,3
Bfiftytwo,antonidas,288,warrior,arms,6,3,3
Srbooty,kazzak,288,warrior,arms,6,3,3
Chisatø,ravencrest,288,warrior,arms,6,3,3
Ládderx,ravencrest,288,warrior,arms,6,3,3
Béhrus,blackmoore,288,warrior,arms,6,3,3
Frenzyqt,zuljin,288,warrior,arms,6,3,3
Zleyni,blackrock,288,warrior,arms,6,3,3
Доррин,deathguard,288,warrior,arms,6,3,3
Стальнойорех,gordunni,288,warrior,arms,6,3,3
Fleq,draenor,288,warrior,arms,6,3,3
Drengr,blackhand,288,warrior,arms,6,3,3
Xsasuke,ragnaros,288,warrior,arms,6,3,3
Aedin,ravencrest,288,warrior,arms,6,3,3
Ðraço,kazzak,288,warrior,arms,6,3,3
Grâkul,twisting-nether,288,warrior,arms,6,3,3
Vãnquish,archimonde,288,warrior,arms,6,3,3
Retter,ravencrest,288,warrior,arms,6,3,3
Knusegeir,grim-batol,288,warrior,arms,6,3,3
Stãrscream,ysondre,288,warrior,arms,6,3,3
Skullbash,outland,288,warrior,arms,6,3,3
Späns,ragnaros,288,warrior,arms,6,3,3
Bulgan,thrall,288,warrior,arms,6,3,3
Nurfdw,ravencrest,288,warrior,arms,6,3,3
Doghxnterx,ravencrest,288,warrior,arms,6,3,3
Wellus,silvermoon,288,warrior,arms,6,3,3
Stompare,tarren-mill,288,warrior,arms,6,3,3
Airethon,proudmoore,288,warrior,arms,6,3,3
Afes,kazzak,288,warrior,arms,6,3,3
Aestl,blackhand,288,warrior,arms,6,3,3
Robitusin,ragnaros,288,warrior,arms,6,3,3
Prinzkariim,nerathor,288,warrior,arms,6,3,3
Karsul,shendralar,288,warrior,arms,6,3,3
Сионмагила,gordunni,288,warrior,arms,6,3,3
Грассфеникс,gordunni,288,warrior,arms,6,3,3
Meywara,blackhand,288,warrior,arms,6,3,3
Toleck,aegwynn,288,warrior,arms,6,3,3
Suizix,blackrock,288,warrior,arms,6,3,3
Ramboramon,silvermoon,288,warrior,arms,6,3,3
Sethalach,culte-de-la-rive-noire,288,warrior,arms,6,3,3
Smorkadormi,silvermoon,288,warrior,arms,6,3,3
Enkö,twisting-nether,288,warrior,arms,6,3,3
Naïkø,khaz-modan,288,warrior,arms,6,3,3
Grók,outland,288,warrior,arms,6,3,3
Xaidos,antonidas,288,warrior,arms,6,3,3
Суферна,howling-fjord,288,warrior,arms,6,3,3
Féélmyfury,tarren-mill,288,warrior,arms,6,3,3
Intcx,silvermoon,288,warrior,arms,6,3,3
Nahkampfnoob,blackmoore,288,warrior,arms,6,3,3
Nexz,the-shatar,288,warrior,arms,6,3,3
Неомх,howling-fjord,288,warrior,arms,6,3,3
Fantawesome,ragnaros,288,warrior,arms,6,3,3
Noriela,archimonde,288,warrior,arms,6,3,3
Cptwheelchr,blackmoore,288,warrior,arms,6,3,3
Knownwarrior,antonidas,288,warrior,arms,6,3,3
Weras,malfurion,288,warrior,arms,6,3,3
Lacos,drakthul,288,warrior,arms,6,3,3
Dashislay,kazzak,288,warrior,arms,6,3,3
Sktnsilv,malfurion,288,warrior,arms,6,3,3
Darkwhisper,destromath,288,warrior,arms,6,3,3
Jimli,malygos,288,warrior,arms,6,3,3
Lödbrök,dalaran,288,warrior,arms,6,3,3
Чтота,gordunni,288,warrior,arms,6,3,3
Koffìe,tarren-mill,288,warrior,arms,6,3,3
Whiskes,silvermoon,288,warrior,arms,6,3,3
Exy,kazzak,288,warrior,arms,6,3,3
Mobyl,twisting-nether,288,warrior,arms,6,3,3
Luccally,ragnaros,288,warrior,arms,6,3,3
Bolss,silvermoon,288,warrior,arms,6,3,3
Morgendämeru,baelgun,288,warrior,arms,6,3,3
Phoboss,bloodhoof,288,warrior,arms,6,3,3
Flava,drakthul,288,warrior,arms,6,3,3
Madbert,drakthul,288,warrior,arms,6,3,3
Xiom,blackrock,288,warrior,arms,6,3,3
Evís,ragnaros,288,warrior,arms,6,3,3
Kampfrausch,blackmoore,288,warrior,arms,6,3,3
Sikowyts,archimonde,288,warrior,arms,6,3,3
Lotgor,tarren-mill,288,warrior,arms,6,3,3
Cháeyoung,draenor,288,warrior,arms,6,3,3
Lawkh,sanguino,288,warrior,arms,6,3,3
Thesituation,onyxia,288,warrior,arms,6,3,3
Сарамортал,howling-fjord,288,warrior,arms,6,3,3
Kheiden,silvermoon,288,warrior,arms,6,3,3
Moorgoth,ysondre,288,warrior,arms,6,3,3
Farnorn,kazzak,288,warrior,arms,6,3,3
Tiduroflmao,antonidas,288,warrior,arms,6,3,3
Юргоз,howling-fjord,288,warrior,arms,6,3,3
Somalisktjur,tarren-mill,288,warrior,arms,6,3,3
Hanibalbarca,tarren-mill,288,warrior,arms,6,3,3
ßløøððåñcé,ragnaros,288,warrior,arms,6,3,3
Ilovesara,blackrock,288,warrior,arms,6,3,3
Grisettê,archimonde,288,warrior,arms,6,3,3
Rîiper,ysondre,288,warrior,arms,6,3,3
Hatefull,onyxia,288,warrior,arms,6,3,3
Buakaw,dalaran,288,warrior,arms,6,3,3
Dðni,archimonde,288,warrior,arms,6,3,3
Соплезоид,howling-fjord,288,warrior,arms,6,3,3
Дайбек,howling-fjord,288,warrior,arms,6,3,3
Îgris,sanguino,288,warrior,arms,6,3,3
Cerßêre,archimonde,288,warrior,arms,6,3,3
Crimmwarr,aegwynn,288,warrior,arms,6,3,3
Sharn,emeriss,288,warrior,arms,6,3,3
Vorticher,ravencrest,288,warrior,arms,6,3,3
Nayàsh,dalaran,288,warrior,arms,6,3,3
Tojaraa,kazzak,288,warrior,arms,6,3,3
Urbanturban,tarren-mill,288,warrior,arms,6,3,3
Venomflex,sanguino,288,warrior,arms,6,3,3
Инкула,gordunni,288,warrior,arms,6,3,3
Twelvearmsun,tarren-mill,288,warrior,arms,6,3,3
Khorgash,ravencrest,288,warrior,arms,6,3,3
Tankma,kazzak,288,warrior,arms,6,3,3
Pwncallxx,kazzak,288,warrior,arms,6,3,3
Alvis,nathrezim,288,warrior,arms,6,3,3
Ashkandur,antonidas,288,warrior,arms,6,3,3
Yuì,blackmoore,288,warrior,arms,6,3,3
Ëlränger,dun-modr,288,warrior,arms,9,4,5
Suwarri,antonidas,288,warrior,arms,9,4,5
Kreylz,der-mithrilorden,288,warrior,arms,7,3,4
Махха,soulflayer,288,warrior,arms,7,3,4
Elkatar,stormscale,288,warrior,arms,9,3,6
Kaîewn,elune,288,warrior,arms,10,3,7
Balferenfgt,magtheridon,288,warrior,arms,15,4,11
Leonídás,blackhand,288,warrior,arms,15,4,11
Азизос,gordunni,288,warrior,arms,12,3,9
Blxxwar,blackmoore,288,warrior,arms,12,3,9
Rychu,hellfire,288,warrior,arms,12,3,9
Danrel,dalaran,288,warrior,arms,12,3,9
Awewar,crushridge,288,warrior,arms,12,3,9
Lincwar,stormscale,288,warrior,arms,12,3,9
Zhalm,stormscale,288,warrior,arms,12,3,9
Тирхо,gordunni,288,warrior,arms,12,3,9
Raithwall,stormreaver,288,warrior,arms,12,3,9
Onoclus,sylvanas,288,warrior,arms,12,3,9
Tøytank,twisting-nether,288,warrior,arms,12,3,9
Nolavvii,ragnaros,288,warrior,arms,12,3,9
Труска,ashenvale,288,warrior,arms,12,3,9
Warzaph,ravencrest,288,warrior,arms,12,3,9
Flexay,archimonde,288,warrior,arms,12,3,9
Motres,sylvanas,288,warrior,arms,12,3,9
Renix,auchindoun,288,warrior,arms,12,3,9
Gorrashar,drakthul,288,warrior,arms,12,3,9
Амбробенне,soulflayer,288,warrior,arms,12,3,9
Mercûry,stormscale,288,warrior,arms,12,3,9
Gorroth,chamber-of-aspects,288,warrior,arms,12,3,9
Sorryforwhat,stormscale,288,warrior,arms,12,3,9
Lykkee,blackmoore,288,warrior,arms,12,3,9
Deepwound,twisting-nether,288,warrior,arms,12,3,9
Thorgaz,blackmoore,288,warrior,arms,12,3,9
Mistafleex,hyjal,288,warrior,arms,12,3,9
Syruz,malganis,288,warrior,arms,12,3,9
Worcan,blackmoore,288,warrior,arms,12,3,9
Úwúwúwúwúwúw,stormscale,288,warrior,arms,12,3,9
Gloindal,pozzo-delleternità,288,warrior,arms,12,3,9
Sànkà,pozzo-delleternità,288,warrior,arms,12,3,9
Инкреасес,soulflayer,288,warrior,arms,12,3,9
Gabbz,aggra-português,288,warrior,arms,12,3,9
Solol,malganis,288,warrior,arms,12,3,9
Héraclès,ravencrest,288,warrior,arms,12,3,9
Whydeadbro,twisting-nether,288,warrior,arms,12,3,9
Thatsthepump,silvermoon,288,warrior,arms,12,3,9
Grodor,alakir,288,warrior,arms,12,3,9
Brooktar,sanguino,288,warrior,arms,12,3,9
Hemdalla,burning-legion,288,warrior,arms,12,3,9
Argean,argent-dawn,288,warrior,arms,12,3,9
Aiwar,tarren-mill,288,warrior,arms,12,3,9
Inimadeleu,tarren-mill,288,warrior,arms,12,3,9
Hepos,quelthalas,288,warrior,arms,12,3,9
Telrion,silvermoon,288,warrior,arms,12,3,9
Варкрафтор,howling-fjord,288,warrior,arms,12,3,9
Smökey,silvermoon,288,warrior,arms,12,3,9
Snissel,guldan,288,warrior,arms,12,3,9
Simplyautism,silvermoon,288,warrior,arms,12,3,9
Throndin,dun-modr,288,warrior,arms,12,3,9
Uthric,azuremyst,288,warrior,arms,12,3,9
Burbidge,silvermoon,288,warrior,arms,12,3,9
Lôcutus,thrall,288,warrior,arms,12,3,9
Qdex,kazzak,288,warrior,arms,12,3,9
Xtylu,cthun,288,warrior,arms,12,3,9
Zils,khaz-modan,288,warrior,arms,12,3,9
Оверфлок,howling-fjord,288,warrior,arms,12,3,9
Conarconarik,zuluhed,288,warrior,arms,12,3,9
Míngxuan,tarren-mill,288,warrior,arms,12,3,9
Jivua,blackrock,288,warrior,arms,12,3,9
Баам,fordragon,288,warrior,arms,12,3,9
Вениамин,fordragon,288,warrior,arms,12,3,9
Laceyiee,anubarak,288,warrior,arms,12,3,9
Zillrog,kazzak,288,warrior,arms,12,3,9
Hjondon,argent-dawn,288,warrior,arms,12,3,9
Beckinsalex,doomhammer,288,warrior,arms,12,3,9
Stoutsteel,kazzak,288,warrior,arms,12,3,9
Bozwa,silvermoon,288,warrior,arms,12,3,9
Kjoborcen,tarren-mill,288,warrior,arms,12,3,9
Nerdcorex,blackrock,288,warrior,arms,12,3,9
Btkayy,tarren-mill,288,warrior,arms,12,3,9
Gensur,skullcrusher,288,warrior,arms,12,3,9
Totahk,argent-dawn,288,warrior,arms,12,3,9
Ervanw,sylvanas,288,warrior,arms,17,3,14
Tyranoth,defias-brotherhood,288,warrior,arms,18,3,15
Rokzor,anetheron,288,warrior,arms,18,3,15
Cassetibiat,rashgarroth,288,warrior,arms,18,3,15
Kûno,stormscale,288,warrior,arms,18,3,15
Draskoé,hyjal,288,warrior,arms,18,3,15
Rayi,draenor,288,warrior,arms,18,3,15
Rimstealer,tarren-mill,288,warrior,arms,18,3,15
Алстэмп,gordunni,287,warrior,arms,6,3,3
Хелледрин,azuregos,287,warrior,arms,6,3,3
Mercaderx,stormscale,287,warrior,arms,6,3,3
Ironkee,kazzak,287,warrior,arms,6,3,3
Blainebonk,arathor,287,warrior,arms,6,3,3
Всемкуяолд,gordunni,287,warrior,arms,6,3,3
Warrsong,dun-modr,287,warrior,arms,6,3,3
Guttormur,dragonblight,287,warrior,arms,9,4,5
Freakzy,blackhand,287,warrior,arms,12,3,9
Falaliss,elune,287,warrior,arms,12,3,9
Akawan,ravencrest,287,warrior,arms,12,3,9
Ymïrjar,sanguino,287,warrior,arms,12,3,9
Достпучо,gordunni,287,warrior,arms,14,3,11
Lænet,twisting-nether,287,warrior,arms,18,3,15
Újorcharcos,ragnaros,286,warrior,arms,12,3,9
Пунишерс,howling-fjord,286,warrior,arms,12,3,9
Себаст,galakrond,286,warrior,arms,12,3,9
Skãpin,ravencrest,285,warrior,arms,18,3,15
Galidras,nemesis,271,warrior,arms,11,3,8
Warbringér,ravencrest,271,warrior,arms,11,3,8
Evèllon,blackmoore,271,warrior,arms,11,3,8
Ohzo,antonidas,271,warrior,arms,17,3,14
Gwagonbrabus,twisting-nether,271,warrior,arms,17,3,14
Kanyequest,bloodhoof,266,warrior,arms,15,5,10
Brùtus,exodar,265,warrior,arms,14,5,9
Jvpx,silvermoon,256,warrior,arms,10,3,7
Ranouch,ysondre,256,warrior,arms,16,3,13
Angrethar,tarren-mill,255,warrior,arms,8,4,4
Tenicx,ravencrest,255,warrior,arms,11,3,8
Pétin,kaelthas,255,warrior,arms,11,3,8
Nurream,ravencrest,255,warrior,arms,11,3,8
Aleksandar,ravencrest,255,warrior,arms,11,3,8
Lysz,thrall,255,warrior,arms,11,3,8
Uki,kazzak,255,warrior,arms,11,3,8
Ânaxi,silvermoon,255,warrior,arms,11,3,8
Legharta,tarren-mill,240,warrior,arms,9,3,6
Mightybeastt,the-maelstrom,240,warrior,arms,9,3,6
Sloody,ravencrest,239,warrior,arms,5,3,2
Veed,nozdormu,239,warrior,arms,5,3,2
Депресса,howling-fjord,239,warrior,arms,5,3,2
Комус,howling-fjord,239,warrior,arms,5,3,2
Keffboi,draenor,239,warrior,arms,5,3,2
Dooguystyle,archimonde,239,warrior,arms,5,3,2
Sarma,trollbane,239,warrior,arms,5,3,2
Renji,proudmoore,239,warrior,arms,5,3,2
Inselmo,grim-batol,239,warrior,arms,5,3,2
Ntouziera,silvermoon,239,warrior,arms,5,3,2
Hidèfromnoob,twisting-nether,239,warrior,arms,5,3,2
Mokwo,chogall,239,warrior,arms,5,3,2
Bubidiblumxq,twisting-nether,239,warrior,arms,9,4,5
Porthios,azshara,239,warrior,arms,9,3,6
Xeonair,kazzak,234,warrior,arms,8,4,4
Tstrike,silvermoon,234,warrior,arms,9,4,5
Bluedude,frostmane,234,warrior,arms,10,4,6
Laciater,burning-legion,234,warrior,arms,14,4,10
Bloodrâgê,silvermoon,224,warrior,arms,10,3,7
Artaas,drakthul,223,warrior,arms,8,3,5
Delonathor,drakthul,223,warrior,arms,8,3,5
Шрекинатор,soulflayer,208,warrior,arms,7,3,4
Rhw,tarren-mill,208,warrior,arms,13,3,10
Toptier,drakthul,192,warrior,arms,4,3,1
Sargonas,burning-blade,192,warrior,arms,4,3,1
Epimeno,tarren-mill,192,warrior,arms,4,3,1
Wowbert,frostwolf,192,warrior,arms,9,3,6
Scootter,ravencrest,192,warrior,arms,9,3,6
Iclickbutton,kazzak,192,warrior,arms,9,3,6
Monkaslam,tarren-mill,192,warrior,arms,6,2,4
Nertz,outland,192,warrior,arms,6,2,4
Yìnkxx,blackmoore,192,warrior,arms,6,2,4
Råzor,blackhand,192,warrior,arms,6,2,4
Ninurtawar,tarren-mill,192,warrior,arms,6,2,4
Зад,deathguard,192,warrior,arms,6,2,4
Leazin,outland,192,warrior,arms,6,2,4
Феоника,azuregos,192,warrior,arms,6,2,4
Byedriver,kazzak,192,warrior,arms,6,2,4
Wamse,outland,192,warrior,arms,6,2,4
Ciuez,tarren-mill,192,warrior,arms,6,2,4
Broley,blackhand,192,warrior,arms,6,2,4
Còle,blackrock,192,warrior,arms,6,2,4
Luderyo,outland,192,warrior,arms,6,2,4
Kirîto,dalaran,192,warrior,arms,6,2,4
Bicepss,blackhand,192,warrior,arms,6,2,4
Ryuxx,blackrock,192,warrior,arms,6,2,4
Sxng,deathwing,192,warrior,arms,6,2,4
Krkn,outland,192,warrior,arms,6,2,4
Grimaced,tarren-mill,192,warrior,arms,6,2,4
Vexari,twisting-nether,192,warrior,arms,6,2,4
Baylis,kazzak,192,warrior,arms,6,2,4
Кереешка,howling-fjord,192,warrior,arms,6,2,4
Cénz,outland,192,warrior,arms,6,2,4
Like,blackrock,192,warrior,arms,6,2,4
Eleborn,tarren-mill,192,warrior,arms,6,2,4
Shadezzqt,blackmoore,192,warrior,arms,6,2,4
Kristinas,tarren-mill,192,warrior,arms,6,2,4
Bigpressure,blackhand,192,warrior,arms,6,2,4
Troover,kazzak,192,warrior,arms,6,2,4
Gretathunb,twisting-nether,192,warrior,arms,6,2,4
Zaoclap,blackhand,192,warrior,arms,6,2,4
Discoklaus,blackmoore,192,warrior,arms,6,2,4
Sashafierce,tarren-mill,192,warrior,arms,6,2,4
Edurionw,kazzak,192,warrior,arms,6,2,4
Ptp,argent-dawn,192,warrior,arms,6,2,4
Ghorgutz,kazzak,192,warrior,arms,6,2,4
Sargul,ragnaros,192,warrior,arms,6,2,4
Chargezon,drakthul,192,warrior,arms,6,2,4
Bulbasaur,twisting-nether,192,warrior,arms,6,2,4
Vulcán,aerie-peak,192,warrior,arms,6,2,4
Beerew,blackrock,192,warrior,arms,6,2,4
Snakééyés,kazzak,192,warrior,arms,6,2,4
Merll,twisting-nether,192,warrior,arms,6,2,4
Meìlie,outland,192,warrior,arms,6,2,4
Bulwork,blackhand,192,warrior,arms,6,2,4
Jaffacakes,kazzak,192,warrior,arms,6,2,4
Stonlocked,blackhand,192,warrior,arms,6,2,4
Sibali,stormreaver,192,warrior,arms,6,2,4
Оркы,soulflayer,192,warrior,arms,6,2,4
Лурнай,soulflayer,192,warrior,arms,6,2,4
Xilthy,stormscale,192,warrior,arms,6,2,4
Shieldstand,kazzak,192,warrior,arms,6,2,4
Арестант,soulflayer,192,warrior,arms,6,2,4
Mîms,khaz-modan,192,warrior,arms,6,2,4
Mortano,tarren-mill,192,warrior,arms,6,2,4
Darkbehemoth,kazzak,192,warrior,arms,6,2,4
Toporceanul,kazzak,192,warrior,arms,6,2,4
Itchiiz,alonsus,192,warrior,arms,6,2,4
Raucaïn,khaz-modan,192,warrior,arms,6,2,4
Mightywar,hyjal,192,warrior,arms,6,2,4
Bellzter,outland,192,warrior,arms,6,2,4
Gymhan,the-shatar,192,warrior,arms,6,2,4
Tigron,burning-legion,192,warrior,arms,6,2,4
Апёхэндз,howling-fjord,192,warrior,arms,6,2,4
Jaés,kazzak,192,warrior,arms,6,2,4
Tekà,tarren-mill,192,warrior,arms,6,2,4
Boji,twisting-nether,192,warrior,arms,6,2,4
Грууш,howling-fjord,192,warrior,arms,6,2,4
Brutalizator,talnivarr,192,warrior,arms,6,2,4
Svepscumata,twisting-nether,192,warrior,arms,6,2,4
Miotyz,ahnqiraj,192,warrior,arms,6,2,4
Yoruíchi,sunstrider,192,warrior,arms,6,2,4
Киллиаф,howling-fjord,192,warrior,arms,6,2,4
Кичисан,howling-fjord,192,warrior,arms,6,2,4
Poliam,blackmoore,192,warrior,arms,6,2,4
Bloodparade,argent-dawn,192,warrior,arms,6,2,4
Bigestdamugr,stormscale,192,warrior,arms,6,2,4
Tyser,blackrock,192,warrior,arms,6,2,4
Amphie,silvermoon,192,warrior,arms,6,2,4
Ismashu,anubarak,192,warrior,arms,6,2,4
Därlara,amanthul,192,warrior,arms,6,2,4
Greybâck,alleria,192,warrior,arms,6,2,4
Zenìa,argent-dawn,192,warrior,arms,6,2,4
Steggee,argent-dawn,192,warrior,arms,6,2,4
Aeres,bladefist,192,warrior,arms,6,2,4
Filira,silvermoon,192,warrior,arms,6,2,4
Blockheed,arathor,192,warrior,arms,6,2,4
Seghrim,drakthul,192,warrior,arms,6,2,4
Spaiché,azshara,192,warrior,arms,6,2,4
Truepassion,outland,192,warrior,arms,6,2,4
Очепенец,soulflayer,192,warrior,arms,6,2,4
Ajsiboy,burning-legion,192,warrior,arms,6,2,4
Reckless,saurfang,192,warrior,arms,6,2,4
Goobelover,ghostlands,192,warrior,arms,6,2,4
Eifachöppis,blackhand,192,warrior,arms,6,2,4
Amazòn,stormscale,192,warrior,arms,6,2,4
Spankyew,sylvanas,192,warrior,arms,6,2,4
Starstreak,defias-brotherhood,192,warrior,arms,6,2,4
Lockia,chogall,192,warrior,arms,6,2,4
Irgar,darkspear,192,warrior,arms,6,2,4
Lildiabeto,darkspear,192,warrior,arms,6,2,4
Ratafya,hyjal,192,warrior,arms,6,2,4
Burkek,hyjal,192,warrior,arms,6,2,4
Mäyh,ragnaros,192,warrior,arms,6,2,4
Mordraq,blackrock,192,warrior,arms,6,2,4
Ratnìk,stormscale,192,warrior,arms,6,2,4
Vearpayne,silvermoon,192,warrior,arms,6,2,4
Jares,argent-dawn,192,warrior,arms,6,2,4
Highoverlord,aggra-português,192,warrior,arms,6,2,4
Yumahee,kult-der-verdammten,192,warrior,arms,6,2,4
Sxciestlsbin,stormscale,192,warrior,arms,6,2,4
Noflameøfc,stormscale,192,warrior,arms,6,2,4
Lâppön,blackmoore,192,warrior,arms,6,2,4
Shakz,argent-dawn,192,warrior,arms,6,2,4
Vernoz,sylvanas,192,warrior,arms,6,2,4
Karkun,gilneas,192,warrior,arms,6,2,4
Iperiom,dun-modr,192,warrior,arms,6,2,4
Redencounter,stormscale,192,warrior,arms,6,2,4
Rheevan,dun-modr,192,warrior,arms,6,2,4
Mundigor,medivh,192,warrior,arms,6,2,4
Chloade,burning-legion,192,warrior,arms,6,2,4
Kogän,ragnaros,192,warrior,arms,6,2,4
Apostolis,ravencrest,192,warrior,arms,6,2,4
Zodiâk,ragnaros,192,warrior,arms,6,2,4
Grimilax,hellscream,192,warrior,arms,6,2,4
Kíllguard,kazzak,192,warrior,arms,6,2,4
Tharoth,dun-modr,192,warrior,arms,6,2,4
Demolize,sylvanas,192,warrior,arms,6,2,4
Bjornalf,silvermoon,192,warrior,arms,6,2,4
Granrubin,dun-modr,192,warrior,arms,6,2,4
Octaniuz,silvermoon,192,warrior,arms,6,2,4
Havkon,twisting-nether,192,warrior,arms,6,2,4
Rezn,kazzak,192,warrior,arms,6,2,4
Akkamagosh,argent-dawn,192,warrior,arms,6,2,4
Владикчардж,gordunni,192,warrior,arms,6,2,4
Mikáel,silvermoon,192,warrior,arms,6,2,4
Skeyzêr,dun-modr,192,warrior,arms,6,2,4
Ивантуз,gordunni,192,warrior,arms,6,2,4
Blæsild,ravencrest,192,warrior,arms,6,2,4
Вокивар,gordunni,192,warrior,arms,6,2,4
Retwarbtw,ragnaros,192,warrior,arms,6,2,4
Gallaghër,ysondre,192,warrior,arms,6,2,4
Råkeff,tarren-mill,192,warrior,arms,6,2,4
Athrea,senjin,192,warrior,arms,6,2,4
Hittanebo,twisting-nether,192,warrior,arms,6,2,4
Maeselance,dun-modr,192,warrior,arms,6,2,4
Gothec,ravencrest,192,warrior,arms,6,2,4
Берззлой,gordunni,192,warrior,arms,6,2,4
Faláfel,zuljin,192,warrior,arms,6,2,4
Бормормуш,gordunni,192,warrior,arms,6,2,4
Warriorsk,drakthul,192,warrior,arms,6,2,4
Opwarrko,drakthul,192,warrior,arms,6,2,4
Bromaz,blackmoore,192,warrior,arms,6,2,4
Flameblade,sanguino,192,warrior,arms,6,2,4
Menelol,ysondre,192,warrior,arms,6,2,4
Tacco,ravencrest,192,warrior,arms,6,2,4
Æyra,durotan,192,warrior,arms,6,2,4
Nînes,tarren-mill,192,warrior,arms,6,2,4
Weren,blackmoore,192,warrior,arms,6,2,4
Kladers,ravencrest,192,warrior,arms,6,2,4
Dajkoo,drakthul,192,warrior,arms,6,2,4
Эгнораш,soulflayer,192,warrior,arms,6,2,4
Bonkors,bronzebeard,192,warrior,arms,6,2,4
Ryonâgai,aegwynn,192,warrior,arms,6,2,4
Sancari,blackmoore,192,warrior,arms,6,2,4
Borntothis,zuljin,192,warrior,arms,6,2,4
Gamedogo,silvermoon,192,warrior,arms,6,2,4
Дахаэрис,gordunni,192,warrior,arms,6,2,4
Cäbbs,stormscale,192,warrior,arms,6,2,4
ßandit,ravencrest,192,warrior,arms,6,2,4
Laßebluten,blackmoore,192,warrior,arms,6,2,4
Kerando,tirion,192,warrior,arms,6,2,4
Jatze,sanguino,192,warrior,arms,6,2,4
Silq,zuljin,192,warrior,arms,6,2,4
Arturo,blackmoore,192,warrior,arms,6,2,4
Mowglitoo,uldaman,192,warrior,arms,6,2,4
Gergereja,argent-dawn,192,warrior,arms,6,2,4
Aliáto,sanguino,192,warrior,arms,6,2,4
Warrlee,ravencrest,192,warrior,arms,6,2,4
Нюхниуменя,gordunni,192,warrior,arms,6,2,4
Guryn,sanguino,192,warrior,arms,6,2,4
Centuriôn,sanguino,192,warrior,arms,6,2,4
Iordmatesp,drakthul,192,warrior,arms,6,2,4
Apolyptica,blackmoore,192,warrior,arms,6,2,4
Micholl,krasus,192,warrior,arms,6,2,4
Kîsyra,aegwynn,192,warrior,arms,6,2,4
Fidus,amanthul,192,warrior,arms,6,2,4
Xáníes,draenor,192,warrior,arms,6,2,4
Escånør,archimonde,192,warrior,arms,6,2,4
Rubeast,draenor,192,warrior,arms,6,2,4
Keluke,thrall,192,warrior,arms,6,2,4
Fastnfuryous,antonidas,192,warrior,arms,6,2,4
Прикурил,gordunni,192,warrior,arms,6,2,4
Адамз,gordunni,192,warrior,arms,6,2,4
Verany,antonidas,192,warrior,arms,6,2,4
Moolong,nozdormu,192,warrior,arms,6,2,4
Loutreboite,archimonde,192,warrior,arms,6,2,4
Mmrtobihd,dun-morogh,192,warrior,arms,6,2,4
Pumse,silvermoon,192,warrior,arms,6,2,4
Umtititwo,archimonde,192,warrior,arms,6,2,4
Kenpachis,magtheridon,192,warrior,arms,6,2,4
Jamoo,magtheridon,192,warrior,arms,6,2,4
Марфитус,borean-tundra,192,warrior,arms,6,2,4
Gucchy,nemesis,192,warrior,arms,6,2,4
Антанта,blackscar,192,warrior,arms,6,2,4
Aléxsandra,ravencrest,192,warrior,arms,6,2,4
Gkavlaki,ravencrest,192,warrior,arms,6,2,4
Jodio,archimonde,192,warrior,arms,6,2,4
Zatirsh,antonidas,192,warrior,arms,6,2,4
Syrebral,archimonde,192,warrior,arms,6,2,4
Skalì,archimonde,192,warrior,arms,6,2,4
Taurôck,archimonde,192,warrior,arms,6,2,4
Artemiox,silvermoon,192,warrior,arms,6,2,4
Røcksteady,festung-der-stürme,192,warrior,arms,6,2,4
Connorzqt,ravencrest,192,warrior,arms,6,2,4
Jaeru,archimonde,192,warrior,arms,6,2,4
Fitzer,ravencrest,192,warrior,arms,6,2,4
Гудмунт,borean-tundra,192,warrior,arms,6,2,4
Parts,mazrigos,192,warrior,arms,6,2,4
Shinychan,silvermoon,192,warrior,arms,6,2,4
Kharabik,silvermoon,192,warrior,arms,6,2,4
Свитпуси,grom,192,warrior,arms,6,2,4
Zigcc,draenor,192,warrior,arms,6,2,4
Siberianstag,ravencrest,192,warrior,arms,6,2,4
Jdcw,chamber-of-aspects,192,warrior,arms,6,2,4
Bloodthurst,antonidas,192,warrior,arms,6,2,4
Tycho,exodar,192,warrior,arms,6,2,4
Arthayl,eredar,192,warrior,arms,6,2,4
Unehuitsept,eredar,192,warrior,arms,6,2,4
Filipepoutou,archimonde,192,warrior,arms,6,2,4
Acour,elune,192,warrior,arms,6,2,4
Fistawarrior,nemesis,192,warrior,arms,6,2,4
Galenthor,ravencrest,192,warrior,arms,6,2,4
Mocagressiva,draenor,192,warrior,arms,6,2,4
Gardom,doomhammer,192,warrior,arms,6,2,4
Athënã,archimonde,192,warrior,arms,6,2,4
Zanzagg,draenor,192,warrior,arms,6,2,4
Omegalul,guldan,192,warrior,arms,6,2,4
Averenx,frostwolf,192,warrior,arms,6,2,4
Téla,frostwolf,192,warrior,arms,6,2,4
Pépêloup,archimonde,192,warrior,arms,6,2,4
Angusbully,doomhammer,192,warrior,arms,6,2,4
Taelgorr,draenor,192,warrior,arms,6,2,4
Davidpwrlift,draenor,192,warrior,arms,6,2,4
Strongøne,draenor,192,warrior,arms,6,2,4
Crýptèxx,draenor,192,warrior,arms,6,2,4
Kenhart,silvermoon,192,warrior,arms,6,2,4
Spanker,madmortem,192,warrior,arms,10,3,7
Sillken,ravencrest,192,warrior,arms,7,2,5
Eriqua,archimonde,192,warrior,arms,8,2,6
Sunzí,alakir,192,warrior,arms,8,2,6
Ckn,eredar,192,warrior,arms,9,2,7
Davetsiz,burning-legion,192,warrior,arms,10,2,8
Waréx,ravencrest,192,warrior,arms,11,2,9
Bigflo,illidan,192,warrior,arms,12,2,10
Sciuu,blackhand,192,warrior,arms,12,2,10
Slayerxz,aegwynn,192,warrior,arms,12,2,10
Adoum,ysondre,192,warrior,arms,12,2,10
Aedanath,dragonblight,192,warrior,arms,12,2,10
Antrøs,quelthalas,192,warrior,arms,12,2,10
Klm,stormscale,192,warrior,arms,12,2,10
Unhingéd,stormscale,192,warrior,arms,12,2,10
Pøpeyo,hyjal,192,warrior,arms,12,2,10
Silverhand,terokkar,192,warrior,arms,12,2,10
Furybringer,silvermoon,192,warrior,arms,12,2,10
Lzdmfckmeazy,blackmoore,192,warrior,arms,12,2,10
Vandraken,draenor,192,warrior,arms,12,2,10
Lepetitwar,hyjal,192,warrior,arms,12,2,10
Blackmoor,argent-dawn,192,warrior,arms,12,2,10
Actoni,sylvanas,192,warrior,arms,12,2,10
Piana,ravencrest,192,warrior,arms,12,2,10
Хенминия,blackscar,192,warrior,arms,12,2,10
Xerkohs,thrall,192,warrior,arms,12,2,10
Xail,rexxar,192,warrior,arms,12,2,10
Awan,malygos,192,warrior,arms,12,2,10
Wangalang,ravencrest,192,warrior,arms,12,2,10
Тревзор,gordunni,192,warrior,arms,12,2,10
Sambaswiss,kazzak,192,warrior,arms,12,2,10
Wargød,eldrethalas,192,warrior,arms,12,2,10
Eumellin,blackmoore,192,warrior,arms,12,2,10
Battousai,sanguino,192,warrior,arms,12,2,10
Хохатунчик,gordunni,192,warrior,arms,12,2,10
Caíne,drakthul,192,warrior,arms,12,2,10
Teñseï,archimonde,192,warrior,arms,12,2,10
Osrick,archimonde,192,warrior,arms,12,2,10
Ysaarj,tarren-mill,192,warrior,arms,12,2,10
Rezail,silvermoon,192,warrior,arms,12,2,10
Karny,argent-dawn,192,warrior,arms,12,2,10
Ghoster,kazzak,192,warrior,arms,12,2,10
Phanatic,draenor,192,warrior,arms,12,2,10
Pwnwarri,aegwynn,192,warrior,arms,12,2,10
Solidier,archimonde,192,warrior,arms,12,2,10
Tazzaclad,ysondre,192,warrior,arms,18,2,16
Sublexgg,blackrock,1868,warrior,protection,43,24,19
Swagenknecht,blackrock,1714,warrior,protection,198,93,105
Blaying,ravencrest,1668,warrior,protection,143,77,66
Brigitá,argent-dawn,1285,warrior,protection,35,14,21
Doghxnterx,ravencrest,1261,warrior,protection,37,14,23
Àlexander,ravencrest,1202,warrior,protection,44,14,30
Narrative,kazzak,1091,warrior,protection,54,20,34
Tríbún,kult-der-verdammten,1059,warrior,protection,71,31,40
Ferran,sanguino,1011,warrior,protection,103,49,54
Фриегар,deathguard,955,warrior,protection,70,27,43
Флоуби,razuvious,939,warrior,protection,36,15,21
Grimurg,drakthul,925,warrior,protection,88,39,49
Carras,confrérie-du-thorium,867,warrior,protection,115,56,59
Mandiso,norgannon,864,warrior,protection,88,41,47
Extramudna,azjolnerub,834,warrior,protection,40,12,28
Naofumí,arthas,732,warrior,protection,18,8,10
Hubin,defias-brotherhood,662,warrior,protection,24,7,17
Asuvia,argent-dawn,599,warrior,protection,32,7,25
Flinn,die-nachtwache,408,warrior,protection,26,6,20
Tokrika,die-aldor,384,warrior,protection,6,4,2
Oralinde,silvermoon,384,warrior,protection,12,4,8
Драчун,thermaplugg,384,warrior,protection,18,4,14
Гештальтыч,eversong,379,warrior,protection,24,4,20
Bloodparade,argent-dawn,288,warrior,protection,6,3,3
Takautak,kirin-tor,288,warrior,protection,12,3,9
Thecrackfoxx,silvermoon,288,warrior,protection,12,3,9
Davetsiz,burning-legion,288,warrior,protection,12,3,9
Трейлхард,howling-fjord,287,warrior,protection,12,3,9
Маллал,soulflayer,192,warrior,protection,6,2,4
Hofftor,eredar,192,warrior,protection,6,2,4
Джубилост,goldrinn,192,warrior,protection,6,2,4
Денеур,gordunni,192,warrior,protection,6,2,4
Warrqury,ravencrest,96,warrior,protection,6,1,5
Valem,suramar,96,warrior,protection,6,1,5
Draskoé,hyjal,96,warrior,protection,6,1,5
Leryswarro,sanguino,96,warrior,protection,6,1,5
Callipsa,argent-dawn,96,warrior,protection,12,1,11
Jøtas,dun-modr,96,warrior,protection,12,1,11
Throneofwar,silvermoon,95,warrior,protection,6,1,5
Shinnok,stormreaver,95,warrior,protection,9,1,8
